i,vehi,obj,vehiBest,objBest,loFunc,note
1,3,5337.2,3,5337.2,move,improve
2,3,5337.2,3,5337.2,move,improve
3,3,5296.0,3,5296.0,swap,newBest
4,3,5296.0,3,5296.0,swap,improve
5,3,5296.0,3,5296.0,move,improve
6,3,5296.0,3,5296.0,swap,improve
7,3,5296.0,3,5296.0,move,improve
8,3,5265.4,3,5265.4,move,newBest
9,3,5084.4,3,5084.4,move,newBest
10,3,5107.4,3,5084.4,swap,acceptBad
11,3,5058.2,3,5058.2,swap,newBest
12,3,5140.000000000001,3,5058.2,swap,acceptBad
13,3,5140.000000000001,3,5058.2,move,improve
14,3,5140.000000000001,3,5058.2,swap,improve
15,3,5134.200000000001,3,5058.2,swap,improve
16,3,5134.200000000001,3,5058.2,move,improve
17,4,9730.9,3,5058.2,2opt,acceptBad
18,4,9596.2,3,5058.2,move,improve
19,4,9596.2,3,5058.2,swap,improve
20,5,14148.000000000002,3,5058.2,2opt,acceptBad
21,5,14262.800000000003,3,5058.2,swap,acceptBad
22,5,14260.800000000003,3,5058.2,swap,improve
23,6,19048.300000000003,3,5058.2,2opt,acceptBad
24,6,17348.8,3,5058.2,move,improve
25,7,21672.599999999995,3,5058.2,2opt,acceptBad
26,8,29801.999999999993,3,5058.2,2opt,acceptBad
27,8,29801.999999999993,3,5058.2,move,improve
28,8,29801.999999999993,3,5058.2,swap,improve
29,8,28073.399999999994,3,5058.2,move,improve
30,8,27935.399999999994,3,5058.2,swap,improve
31,8,27580.499999999993,3,5058.2,swap,improve
32,8,23133.399999999998,3,5058.2,move,improve
33,8,22967.799999999996,3,5058.2,2opt,improve
34,8,22967.8,3,5058.2,2opt,acceptBad
35,8,22967.8,3,5058.2,move,improve
36,8,22851.300000000003,3,5058.2,swap,improve
37,8,22851.300000000003,3,5058.2,2opt,notBad
38,8,17190.100000000006,3,5058.2,move,improve
39,8,10517.400000000001,3,5058.2,move,improve
40,8,10517.400000000001,3,5058.2,2opt,improve
41,8,10517.400000000001,3,5058.2,move,improve
42,8,10517.400000000001,3,5058.2,2opt,notBad
43,8,10517.400000000001,3,5058.2,move,improve
44,8,8249.900000000001,3,5058.2,move,improve
45,8,8249.900000000001,3,5058.2,move,improve
46,9,27195.199999999997,3,5058.2,2opt,acceptBad
47,9,27195.199999999997,3,5058.2,move,improve
48,10,36816.5,3,5058.2,2opt,acceptBad
49,10,37506.0,3,5058.2,swap,acceptBad
50,10,37506.0,3,5058.2,2opt,improve
51,11,48798.0,3,5058.2,2opt,acceptBad
52,11,54894.0,3,5058.2,swap,acceptBad
53,12,76726.0,3,5058.2,2opt,acceptBad
54,12,76726.0,3,5058.2,2opt,improve
55,12,75386.9,3,5058.2,2opt,improve
56,12,75386.9,3,5058.2,swap,improve
57,12,75044.9,3,5058.2,swap,improve
58,12,66844.29999999999,3,5058.2,move,improve
59,13,75588.99999999999,3,5058.2,2opt,acceptBad
60,13,77058.4,3,5058.2,2opt,acceptBad
61,13,77058.4,3,5058.2,swap,improve
62,13,77058.40000000001,3,5058.2,2opt,acceptBad
63,13,78971.4,3,5058.2,swap,acceptBad
64,13,78971.4,3,5058.2,swap,improve
65,14,95908.09999999999,3,5058.2,2opt,acceptBad
66,14,83490.09999999999,3,5058.2,move,improve
67,14,77715.09999999999,3,5058.2,move,improve
68,14,77715.09999999999,3,5058.2,2opt,improve
69,14,77715.09999999999,3,5058.2,move,improve
70,14,68979.09999999999,3,5058.2,move,improve
71,14,59939.0,3,5058.2,2opt,improve
72,14,59939.0,3,5058.2,2opt,improve
73,14,59540.100000000006,3,5058.2,swap,improve
74,14,59540.100000000006,3,5058.2,move,improve
75,14,59540.100000000006,3,5058.2,swap,improve
76,14,59540.100000000006,3,5058.2,move,improve
77,14,48135.100000000006,3,5058.2,swap,improve
78,14,50722.100000000006,3,5058.2,swap,acceptBad
79,14,43283.0,3,5058.2,2opt,improve
80,14,42004.0,3,5058.2,swap,improve
81,14,34633.0,3,5058.2,move,improve
82,14,34633.0,3,5058.2,swap,improve
83,14,34633.0,3,5058.2,move,improve
84,14,34633.0,3,5058.2,2opt,improve
85,14,34633.0,3,5058.2,2opt,improve
86,14,34633.0,3,5058.2,2opt,improve
87,14,34633.0,3,5058.2,swap,improve
88,14,34633.0,3,5058.2,swap,improve
89,14,34633.0,3,5058.2,swap,improve
90,14,39642.0,3,5058.2,swap,acceptBad
91,14,39642.0,3,5058.2,swap,improve
92,14,39642.0,3,5058.2,swap,improve
93,14,39642.0,3,5058.2,swap,improve
94,14,39642.0,3,5058.2,2opt,improve
95,14,39642.0,3,5058.2,move,improve
96,14,55088.0,3,5058.2,2opt,acceptBad
97,14,42047.0,3,5058.2,move,improve
98,14,42047.0,3,5058.2,move,improve
99,14,43048.0,3,5058.2,2opt,acceptBad
100,14,43048.0,3,5058.2,swap,improve
101,14,43048.0,3,5058.2,move,improve
102,14,43048.0,3,5058.2,2opt,improve
103,14,43048.0,3,5058.2,move,improve
104,14,43048.0,3,5058.2,2opt,improve
105,14,43048.0,3,5058.2,move,improve
106,14,43048.0,3,5058.2,move,improve
107,14,43048.0,3,5058.2,swap,improve
108,14,43048.0,3,5058.2,move,improve
109,14,43048.0,3,5058.2,swap,improve
110,14,40616.0,3,5058.2,move,improve
111,14,40616.0,3,5058.2,move,improve
112,14,40616.0,3,5058.2,2opt,improve
113,14,40616.0,3,5058.2,move,improve
114,14,36663.0,3,5058.2,move,improve
115,13,28130.0,3,5058.2,move,improve
116,13,31032.0,3,5058.2,swap,acceptBad
117,13,32100.0,3,5058.2,2opt,acceptBad
118,13,32100.0,3,5058.2,move,improve
119,13,32216.0,3,5058.2,2opt,acceptBad
120,12,25603.500000000004,3,5058.2,move,improve
121,12,25603.500000000004,3,5058.2,swap,improve
122,12,25603.500000000004,3,5058.2,move,improve
123,13,43356.8,3,5058.2,2opt,acceptBad
124,13,43356.8,3,5058.2,move,improve
125,13,43356.8,3,5058.2,swap,improve
126,13,39912.8,3,5058.2,2opt,improve
127,13,41588.0,3,5058.2,2opt,acceptBad
128,13,41588.0,3,5058.2,move,improve
129,13,41588.0,3,5058.2,2opt,improve
130,13,41588.0,3,5058.2,2opt,improve
131,13,41588.0,3,5058.2,2opt,improve
132,13,41588.0,3,5058.2,swap,improve
133,13,48497.19999999998,3,5058.2,swap,acceptBad
134,13,39440.0,3,5058.2,move,improve
135,13,37310.0,3,5058.2,swap,improve
136,13,37310.0,3,5058.2,swap,improve
137,13,37310.0,3,5058.2,move,improve
138,13,37310.0,3,5058.2,swap,improve
139,13,33522.0,3,5058.2,move,improve
140,13,33522.0,3,5058.2,move,improve
141,13,33522.0,3,5058.2,2opt,improve
142,13,33522.0,3,5058.2,swap,improve
143,13,33522.0,3,5058.2,2opt,improve
144,13,33522.0,3,5058.2,move,improve
145,13,33522.0,3,5058.2,swap,improve
146,13,33522.0,3,5058.2,move,improve
147,13,33522.0,3,5058.2,move,improve
148,13,33522.0,3,5058.2,2opt,improve
149,13,36844.0,3,5058.2,swap,acceptBad
150,13,36844.0,3,5058.2,move,improve
151,13,36844.0,3,5058.2,2opt,improve
152,13,36843.99999999999,3,5058.2,2opt,improve
153,13,36843.99999999999,3,5058.2,swap,improve
154,13,26677.19999999999,3,5058.2,move,improve
155,13,26677.19999999999,3,5058.2,2opt,improve
156,13,26677.19999999999,3,5058.2,swap,improve
157,13,26677.19999999999,3,5058.2,move,improve
158,13,26677.19999999999,3,5058.2,swap,improve
159,13,26677.19999999999,3,5058.2,swap,improve
160,13,26931.19999999999,3,5058.2,swap,acceptBad
161,13,26931.19999999999,3,5058.2,swap,improve
162,13,26931.19999999999,3,5058.2,2opt,improve
163,13,26931.19999999999,3,5058.2,2opt,improve
164,13,26931.19999999999,3,5058.2,2opt,improve
165,13,26931.19999999999,3,5058.2,swap,improve
166,13,26931.19999999999,3,5058.2,2opt,improve
167,13,26851.19999999999,3,5058.2,swap,improve
168,14,39029.59999999999,3,5058.2,2opt,acceptBad
169,14,39029.59999999999,3,5058.2,swap,improve
170,14,40190.59999999999,3,5058.2,swap,acceptBad
171,14,40190.59999999999,3,5058.2,2opt,improve
172,14,40190.59999999999,3,5058.2,move,improve
173,14,40190.59999999999,3,5058.2,2opt,improve
174,14,40190.59999999999,3,5058.2,2opt,improve
175,14,38665.299999999996,3,5058.2,swap,improve
176,14,38665.299999999996,3,5058.2,move,improve
177,14,28419.899999999998,3,5058.2,move,improve
178,14,28654.79999999999,3,5058.2,2opt,acceptBad
179,14,28654.79999999999,3,5058.2,2opt,improve
180,13,21918.0,3,5058.2,move,improve
181,13,21918.0,3,5058.2,swap,improve
182,13,21918.0,3,5058.2,2opt,improve
183,13,21918.0,3,5058.2,move,improve
184,13,21918.0,3,5058.2,move,improve
185,13,21918.0,3,5058.2,swap,improve
186,13,21918.0,3,5058.2,2opt,improve
187,13,21918.0,3,5058.2,2opt,improve
188,13,21918.0,3,5058.2,2opt,improve
189,13,21918.0,3,5058.2,move,improve
190,12,16593.0,3,5058.2,move,improve
191,12,16593.0,3,5058.2,swap,improve
192,12,29685.200000000004,3,5058.2,2opt,acceptBad
193,12,29685.200000000004,3,5058.2,swap,improve
194,12,27930.700000000004,3,5058.2,move,improve
195,12,27930.700000000004,3,5058.2,2opt,improve
196,12,27930.700000000004,3,5058.2,swap,improve
197,12,27930.700000000004,3,5058.2,swap,improve
198,12,27930.700000000004,3,5058.2,move,improve
199,13,35080.4,3,5058.2,2opt,acceptBad
200,13,25904.0,3,5058.2,move,improve
201,13,25904.0,3,5058.2,2opt,improve
202,13,25904.0,3,5058.2,move,improve
203,13,25904.0,3,5058.2,2opt,improve
204,13,25904.0,3,5058.2,move,improve
205,13,25904.0,3,5058.2,swap,improve
206,14,51941.0,3,5058.2,2opt,acceptBad
207,14,51941.0,3,5058.2,2opt,improve
208,14,48262.0,3,5058.2,move,improve
209,14,48262.0,3,5058.2,2opt,improve
210,14,28835.0,3,5058.2,swap,improve
211,14,51061.0,3,5058.2,2opt,acceptBad
212,14,51061.0,3,5058.2,swap,improve
213,14,51061.0,3,5058.2,2opt,notBad
214,14,51061.0,3,5058.2,move,improve
215,14,32653.0,3,5058.2,move,improve
216,14,32653.0,3,5058.2,2opt,improve
217,14,32653.0,3,5058.2,move,improve
218,14,32653.0,3,5058.2,swap,improve
219,14,32653.0,3,5058.2,2opt,improve
220,14,46147.0,3,5058.2,swap,acceptBad
221,14,46147.0,3,5058.2,2opt,improve
222,14,46147.0,3,5058.2,2opt,improve
223,14,46147.0,3,5058.2,2opt,improve
224,14,47783.0,3,5058.2,2opt,acceptBad
225,14,47783.0,3,5058.2,move,improve
226,14,46602.2,3,5058.2,swap,improve
227,14,46602.2,3,5058.2,2opt,improve
228,14,48275.6,3,5058.2,swap,acceptBad
229,14,48275.59999999999,3,5058.2,2opt,improve
230,14,30797.199999999997,3,5058.2,move,improve
231,14,30797.199999999997,3,5058.2,swap,improve
232,14,30797.199999999997,3,5058.2,2opt,improve
233,14,30797.199999999997,3,5058.2,2opt,improve
234,14,30797.199999999997,3,5058.2,move,improve
235,14,31140.699999999993,3,5058.2,swap,acceptBad
236,14,31140.699999999993,3,5058.2,move,improve
237,14,31140.699999999993,3,5058.2,2opt,improve
238,14,31140.699999999993,3,5058.2,move,improve
239,14,31140.699999999993,3,5058.2,2opt,improve
240,14,31140.699999999993,3,5058.2,move,improve
241,14,31140.699999999993,3,5058.2,2opt,improve
242,14,29116.599999999984,3,5058.2,move,improve
243,14,29113.000000000004,3,5058.2,swap,improve
244,15,49170.000000000015,3,5058.2,2opt,acceptBad
245,15,49170.00000000001,3,5058.2,2opt,improve
246,15,49173.20000000001,3,5058.2,swap,acceptBad
247,15,49173.20000000001,3,5058.2,swap,improve
248,15,49173.20000000001,3,5058.2,move,improve
249,15,40471.600000000006,3,5058.2,move,improve
250,15,40471.600000000006,3,5058.2,swap,improve
251,15,49711.600000000006,3,5058.2,2opt,acceptBad
252,15,47107.600000000006,3,5058.2,move,improve
253,15,47107.600000000006,3,5058.2,2opt,improve
254,15,47107.600000000006,3,5058.2,swap,improve
255,15,34639.79999999999,3,5058.2,move,improve
256,15,34639.79999999999,3,5058.2,move,improve
257,15,34639.79999999999,3,5058.2,2opt,improve
258,15,34639.79999999999,3,5058.2,2opt,improve
259,15,34639.79999999999,3,5058.2,swap,improve
260,15,38615.79999999999,3,5058.2,swap,acceptBad
261,15,38615.799999999996,3,5058.2,2opt,acceptBad
262,16,47474.5,3,5058.2,2opt,acceptBad
263,16,47474.5,3,5058.2,swap,improve
264,16,47474.5,3,5058.2,2opt,improve
265,16,47474.5,3,5058.2,2opt,improve
266,16,47474.5,3,5058.2,2opt,improve
267,16,47474.5,3,5058.2,swap,improve
268,16,47474.5,3,5058.2,swap,improve
269,16,47474.5,3,5058.2,swap,improve
270,15,35039.8,3,5058.2,move,improve
271,15,35039.8,3,5058.2,move,improve
272,15,35039.8,3,5058.2,swap,improve
273,15,55595.200000000004,3,5058.2,2opt,acceptBad
274,15,55595.200000000004,3,5058.2,move,improve
275,16,66922.9,3,5058.2,2opt,acceptBad
276,16,68596.9,3,5058.2,swap,acceptBad
277,16,68596.9,3,5058.2,2opt,improve
278,16,58561.899999999994,3,5058.2,move,improve
279,16,58561.899999999994,3,5058.2,2opt,improve
280,16,59094.0,3,5058.2,2opt,acceptBad
281,16,59926.0,3,5058.2,swap,acceptBad
282,16,59926.0,3,5058.2,swap,improve
283,16,59926.0,3,5058.2,move,improve
284,16,59926.0,3,5058.2,2opt,improve
285,16,59926.0,3,5058.2,2opt,improve
286,16,60841.59999999999,3,5058.2,swap,acceptBad
287,16,51335.79999999999,3,5058.2,move,improve
288,16,51335.79999999999,3,5058.2,swap,improve
289,16,51335.79999999999,3,5058.2,2opt,improve
290,16,51335.79999999999,3,5058.2,swap,improve
291,16,51335.79999999999,3,5058.2,2opt,improve
292,16,59975.79999999999,3,5058.2,swap,acceptBad
293,16,59975.8,3,5058.2,2opt,acceptBad
294,16,57963.8,3,5058.2,swap,improve
295,16,43258.00000000001,3,5058.2,move,improve
296,16,43258.00000000001,3,5058.2,2opt,improve
297,16,43258.00000000001,3,5058.2,swap,improve
298,16,47078.8,3,5058.2,swap,acceptBad
299,16,47078.8,3,5058.2,move,improve
300,16,47078.8,3,5058.2,swap,improve
301,16,47078.8,3,5058.2,2opt,improve
302,16,47078.8,3,5058.2,2opt,improve
303,16,47078.8,3,5058.2,move,improve
304,16,53454.100000000006,3,5058.2,2opt,acceptBad
305,16,53454.1,3,5058.2,2opt,improve
306,16,53454.1,3,5058.2,2opt,improve
307,16,53454.100000000006,3,5058.2,2opt,acceptBad
308,16,50624.50000000001,3,5058.2,2opt,improve
309,16,50624.50000000001,3,5058.2,2opt,improve
310,16,47228.09999999999,3,5058.2,move,improve
311,16,48938.19999999998,3,5058.2,2opt,acceptBad
312,16,53373.0,3,5058.2,swap,acceptBad
313,16,53373.0,3,5058.2,swap,improve
314,16,53373.0,3,5058.2,move,improve
315,16,53373.0,3,5058.2,move,improve
316,16,53373.0,3,5058.2,swap,improve
317,16,53373.0,3,5058.2,move,improve
318,16,53373.0,3,5058.2,2opt,improve
319,16,51800.99999999998,3,5058.2,move,improve
320,16,51800.99999999998,3,5058.2,move,improve
321,16,45287.0,3,5058.2,move,improve
322,16,45287.0,3,5058.2,move,improve
323,16,77542.50000000001,3,5058.2,swap,acceptBad
324,16,77542.50000000001,3,5058.2,2opt,improve
325,16,82474.49999999999,3,5058.2,2opt,acceptBad
326,16,82474.49999999999,3,5058.2,swap,improve
327,16,82474.50000000001,3,5058.2,2opt,acceptBad
328,16,82474.50000000001,3,5058.2,swap,improve
329,16,94432.50000000001,3,5058.2,swap,acceptBad
330,16,92430.00000000001,3,5058.2,move,improve
331,15,59578.0,3,5058.2,move,improve
332,15,69316.0,3,5058.2,2opt,acceptBad
333,15,69316.0,3,5058.2,2opt,improve
334,15,59188.39999999998,3,5058.2,move,improve
335,15,59188.39999999998,3,5058.2,2opt,improve
336,15,59188.39999999998,3,5058.2,swap,improve
337,15,59188.39999999998,3,5058.2,move,improve
338,15,59188.39999999997,3,5058.2,2opt,improve
339,15,59188.39999999997,3,5058.2,swap,improve
340,15,59188.39999999997,3,5058.2,swap,improve
341,15,58229.39999999999,3,5058.2,move,improve
342,15,59949.39999999999,3,5058.2,2opt,acceptBad
343,15,71450.39999999998,3,5058.2,2opt,acceptBad
344,15,71450.39999999998,3,5058.2,swap,improve
345,15,71450.39999999997,3,5058.2,2opt,improve
346,15,58122.39999999998,3,5058.2,move,improve
347,15,57648.39999999998,3,5058.2,swap,improve
348,15,57648.39999999999,3,5058.2,2opt,acceptBad
349,15,57648.39999999999,3,5058.2,swap,improve
350,15,57648.39999999999,3,5058.2,2opt,improve
351,15,57648.39999999998,3,5058.2,2opt,improve
352,15,53697.2,3,5058.2,move,improve
353,15,49391.000000000015,3,5058.2,move,improve
354,15,49391.000000000015,3,5058.2,move,improve
355,15,49391.000000000015,3,5058.2,2opt,improve
356,15,49391.000000000015,3,5058.2,move,improve
357,15,45095.60000000002,3,5058.2,move,improve
358,14,35516.899999999994,3,5058.2,move,improve
359,14,35516.899999999994,3,5058.2,2opt,improve
360,14,35516.899999999994,3,5058.2,move,improve
361,14,39439.0,3,5058.2,swap,acceptBad
362,14,39600.9,3,5058.2,swap,acceptBad
363,14,39600.9,3,5058.2,move,improve
364,14,39849.9,3,5058.2,swap,acceptBad
365,14,39849.90000000001,3,5058.2,2opt,acceptBad
366,14,39849.90000000001,3,5058.2,move,improve
367,14,39688.0,3,5058.2,2opt,improve
368,15,43876.0,3,5058.2,2opt,acceptBad
369,15,43876.0,3,5058.2,2opt,improve
370,15,37142.0,3,5058.2,move,improve
371,15,37142.0,3,5058.2,move,improve
372,15,33138.0,3,5058.2,move,improve
373,15,33138.0,3,5058.2,2opt,improve
374,15,30940.80000000001,3,5058.2,move,improve
375,15,34482.0,3,5058.2,2opt,acceptBad
376,15,34482.0,3,5058.2,2opt,improve
377,15,31948.0,3,5058.2,move,improve
378,15,31948.0,3,5058.2,swap,improve
379,15,31948.0,3,5058.2,swap,improve
380,15,31948.0,3,5058.2,swap,improve
381,15,29046.0,3,5058.2,move,improve
382,15,35454.0,3,5058.2,swap,acceptBad
383,15,35454.0,3,5058.2,move,improve
384,15,35454.0,3,5058.2,move,improve
385,15,35454.0,3,5058.2,swap,improve
386,15,35454.0,3,5058.2,move,improve
387,15,35454.0,3,5058.2,swap,improve
388,15,35454.0,3,5058.2,2opt,notBad
389,15,38908.0,3,5058.2,2opt,acceptBad
390,15,38908.0,3,5058.2,move,improve
391,15,38908.0,3,5058.2,2opt,improve
392,15,38908.0,3,5058.2,move,improve
393,15,38908.0,3,5058.2,2opt,improve
394,15,38966.0,3,5058.2,swap,acceptBad
395,15,38966.0,3,5058.2,move,improve
396,15,38966.0,3,5058.2,swap,improve
397,15,38966.0,3,5058.2,2opt,improve
398,15,38814.0,3,5058.2,swap,improve
399,15,38814.0,3,5058.2,move,improve
400,15,38814.0,3,5058.2,move,improve
401,15,39162.0,3,5058.2,2opt,acceptBad
402,15,39162.0,3,5058.2,2opt,improve
403,15,31722.0,3,5058.2,move,improve
404,15,31722.0,3,5058.2,2opt,improve
405,15,31722.0,3,5058.2,swap,improve
406,15,31722.0,3,5058.2,move,improve
407,15,30415.800000000007,3,5058.2,move,improve
408,15,50714.39999999999,3,5058.2,2opt,acceptBad
409,15,50714.39999999999,3,5058.2,swap,improve
410,15,46766.39999999999,3,5058.2,move,improve
411,15,46766.39999999999,3,5058.2,move,improve
412,15,46766.39999999999,3,5058.2,move,improve
413,15,46766.40000000001,3,5058.2,2opt,acceptBad
414,15,46766.399999999994,3,5058.2,2opt,improve
415,15,46766.399999999994,3,5058.2,move,improve
416,15,46766.399999999994,3,5058.2,move,improve
417,15,46766.399999999994,3,5058.2,2opt,improve
418,15,46766.399999999994,3,5058.2,2opt,improve
419,15,34642.4,3,5058.2,move,improve
420,14,28030.100000000006,3,5058.2,move,improve
421,14,28030.100000000006,3,5058.2,swap,improve
422,14,28030.100000000006,3,5058.2,2opt,improve
423,14,28030.100000000006,3,5058.2,2opt,improve
424,14,28030.100000000006,3,5058.2,2opt,improve
425,14,28030.100000000006,3,5058.2,2opt,improve
426,14,28030.100000000006,3,5058.2,move,improve
427,14,28030.100000000006,3,5058.2,move,improve
428,15,57406.40000000001,3,5058.2,2opt,acceptBad
429,15,59825.0,3,5058.2,swap,acceptBad
430,15,69836.40000000001,3,5058.2,swap,acceptBad
431,15,69836.40000000001,3,5058.2,move,improve
432,15,69760.79999999997,3,5058.2,swap,improve
433,15,71374.19999999998,3,5058.2,swap,acceptBad
434,15,69289.4,3,5058.2,swap,improve
435,15,70013.4,3,5058.2,swap,acceptBad
436,15,70013.4,3,5058.2,move,improve
437,15,71374.19999999998,3,5058.2,2opt,acceptBad
438,15,64738.19999999998,3,5058.2,move,improve
439,15,64738.19999999998,3,5058.2,2opt,improve
440,15,64738.19999999998,3,5058.2,2opt,improve
441,15,49125.19999999998,3,5058.2,swap,improve
442,15,49125.19999999998,3,5058.2,2opt,improve
443,15,49125.19999999998,3,5058.2,swap,improve
444,15,49125.19999999998,3,5058.2,2opt,improve
445,15,55764.99999999996,3,5058.2,2opt,acceptBad
446,15,49125.19999999998,3,5058.2,move,improve
447,15,49125.19999999998,3,5058.2,move,improve
448,15,49125.19999999998,3,5058.2,move,improve
449,15,49125.19999999998,3,5058.2,move,improve
450,15,48894.19999999998,3,5058.2,move,improve
451,15,46257.199999999975,3,5058.2,move,improve
452,15,46257.199999999975,3,5058.2,move,improve
453,15,53332.99999999996,3,5058.2,2opt,acceptBad
454,15,53332.99999999996,3,5058.2,swap,improve
455,15,42850.39999999998,3,5058.2,move,improve
456,15,42850.39999999998,3,5058.2,move,improve
457,15,42850.39999999998,3,5058.2,move,improve
458,15,42850.40000000002,3,5058.2,2opt,acceptBad
459,15,42850.40000000002,3,5058.2,move,improve
460,15,42850.4,3,5058.2,2opt,improve
461,15,42850.4,3,5058.2,2opt,improve
462,15,46014.8,3,5058.2,2opt,acceptBad
463,15,46014.8,3,5058.2,move,improve
464,15,46014.8,3,5058.2,swap,improve
465,15,46014.79999999998,3,5058.2,2opt,improve
466,15,46014.79999999999,3,5058.2,2opt,acceptBad
467,15,45902.79999999999,3,5058.2,move,improve
468,15,48098.0,3,5058.2,2opt,acceptBad
469,15,48098.0,3,5058.2,2opt,improve
470,15,52080.0,3,5058.2,swap,acceptBad
471,15,52080.0,3,5058.2,swap,improve
472,15,52080.0,3,5058.2,move,improve
473,15,52080.0,3,5058.2,swap,improve
474,15,52080.0,3,5058.2,move,improve
475,15,49201.00000000001,3,5058.2,swap,improve
476,15,49201.00000000001,3,5058.2,swap,improve
477,15,49201.00000000001,3,5058.2,2opt,improve
478,16,56690.70000000001,3,5058.2,2opt,acceptBad
479,16,56690.70000000001,3,5058.2,2opt,improve
480,16,56690.70000000001,3,5058.2,swap,improve
481,16,56690.700000000004,3,5058.2,2opt,improve
482,16,56690.700000000004,3,5058.2,move,improve
483,16,56690.700000000004,3,5058.2,swap,improve
484,16,55692.3,3,5058.2,swap,improve
485,16,45477.299999999996,3,5058.2,swap,improve
486,16,45477.299999999996,3,5058.2,move,improve
487,16,45477.299999999996,3,5058.2,2opt,improve
488,16,44715.79999999999,3,5058.2,2opt,improve
489,16,44715.79999999999,3,5058.2,move,improve
490,16,44715.79999999999,3,5058.2,move,improve
491,16,45118.200000000026,3,5058.2,swap,acceptBad
492,16,45118.200000000026,3,5058.2,swap,improve
493,16,45118.200000000026,3,5058.2,2opt,improve
494,16,45879.700000000026,3,5058.2,swap,acceptBad
495,16,45879.700000000026,3,5058.2,swap,improve
496,16,45879.700000000026,3,5058.2,2opt,improve
497,16,45879.700000000026,3,5058.2,move,improve
498,16,45879.700000000026,3,5058.2,swap,improve
499,16,45879.700000000026,3,5058.2,move,improve
500,16,57069.700000000026,3,5058.2,move,acceptBad
501,16,57069.700000000026,3,5058.2,swap,improve
502,16,57069.700000000026,3,5058.2,2opt,improve
503,16,57069.700000000026,3,5058.2,swap,improve
504,16,57069.700000000026,3,5058.2,swap,improve
505,16,57069.700000000026,3,5058.2,2opt,improve
506,16,57069.7,3,5058.2,2opt,improve
507,16,84196.1,3,5058.2,2opt,acceptBad
508,16,84196.1,3,5058.2,2opt,improve
509,16,84196.1,3,5058.2,swap,improve
510,17,91562.40000000001,3,5058.2,2opt,acceptBad
511,17,91562.40000000002,3,5058.2,2opt,acceptBad
512,17,91482.0,3,5058.2,swap,improve
513,17,91482.0,3,5058.2,move,improve
514,17,91482.0,3,5058.2,swap,improve
515,17,91482.0,3,5058.2,2opt,improve
516,17,94282.0,3,5058.2,2opt,acceptBad
517,17,83729.99999999999,3,5058.2,move,improve
518,17,72872.0,3,5058.2,move,improve
519,17,72872.0,3,5058.2,swap,improve
520,17,72872.0,3,5058.2,2opt,improve
521,17,72872.0,3,5058.2,swap,improve
522,17,72872.0,3,5058.2,2opt,improve
523,17,72872.0,3,5058.2,swap,improve
524,17,71779.99999999999,3,5058.2,swap,improve
525,17,71779.99999999999,3,5058.2,swap,improve
526,17,99507.59999999999,3,5058.2,2opt,acceptBad
527,17,94995.59999999999,3,5058.2,move,improve
528,17,94995.59999999999,3,5058.2,swap,improve
529,17,94995.59999999999,3,5058.2,2opt,improve
530,17,91418.59999999999,3,5058.2,2opt,improve
531,17,91418.59999999999,3,5058.2,swap,improve
532,17,91418.59999999999,3,5058.2,move,improve
533,17,91418.59999999999,3,5058.2,swap,improve
534,17,91418.6,3,5058.2,2opt,acceptBad
535,17,91418.6,3,5058.2,swap,improve
536,17,91418.6,3,5058.2,2opt,improve
537,17,69911.6,3,5058.2,move,improve
538,17,69911.6,3,5058.2,move,improve
539,17,69911.6,3,5058.2,2opt,improve
540,17,69911.6,3,5058.2,2opt,improve
541,17,56923.6,3,5058.2,move,improve
542,17,49736.0,3,5058.2,move,improve
543,17,49736.0,3,5058.2,2opt,improve
544,17,49736.0,3,5058.2,2opt,improve
545,17,49736.0,3,5058.2,move,improve
546,17,52671.600000000006,3,5058.2,swap,acceptBad
547,17,52671.600000000006,3,5058.2,move,improve
548,17,52671.600000000006,3,5058.2,2opt,improve
549,17,52671.600000000006,3,5058.2,swap,improve
550,17,55842.19999999999,3,5058.2,swap,acceptBad
551,17,55882.39999999999,3,5058.2,2opt,acceptBad
552,17,55882.39999999999,3,5058.2,swap,improve
553,16,48083.79999999999,3,5058.2,2opt,improve
554,16,48083.79999999999,3,5058.2,swap,improve
555,16,48083.79999999999,3,5058.2,2opt,improve
556,16,48083.79999999999,3,5058.2,swap,improve
557,16,48083.79999999999,3,5058.2,swap,improve
558,16,48336.29999999999,3,5058.2,2opt,acceptBad
559,16,48180.79999999999,3,5058.2,swap,improve
560,16,44251.999999999985,3,5058.2,move,improve
561,16,44251.999999999985,3,5058.2,2opt,improve
562,16,44251.999999999985,3,5058.2,2opt,improve
563,16,46330.19999999999,3,5058.2,2opt,acceptBad
564,16,46330.2,3,5058.2,2opt,acceptBad
565,17,53565.99999999999,3,5058.2,2opt,acceptBad
566,17,57638.79999999999,3,5058.2,swap,acceptBad
567,17,57638.79999999999,3,5058.2,swap,improve
568,17,57638.79999999999,3,5058.2,swap,improve
569,17,60165.599999999984,3,5058.2,swap,acceptBad
570,17,60165.599999999984,3,5058.2,move,improve
571,17,60165.599999999984,3,5058.2,move,improve
572,17,64801.599999999984,3,5058.2,swap,acceptBad
573,18,99669.79999999997,3,5058.2,2opt,acceptBad
574,18,95325.79999999997,3,5058.2,move,improve
575,18,95325.79999999997,3,5058.2,2opt,improve
576,18,95325.79999999997,3,5058.2,2opt,improve
577,18,95325.79999999997,3,5058.2,2opt,improve
578,18,95325.79999999997,3,5058.2,2opt,improve
579,18,96923.79999999997,3,5058.2,swap,acceptBad
580,18,98026.39999999998,3,5058.2,swap,acceptBad
581,18,71965.39999999998,3,5058.2,move,improve
582,18,71965.39999999998,3,5058.2,move,improve
583,18,71965.39999999998,3,5058.2,swap,improve
584,18,73977.39999999998,3,5058.2,swap,acceptBad
585,18,77839.00000000001,3,5058.2,2opt,acceptBad
586,18,86750.29999999999,3,5058.2,2opt,acceptBad
587,18,86750.3,3,5058.2,swap,acceptBad
588,18,86261.90000000001,3,5058.2,swap,improve
589,18,83599.70000000003,3,5058.2,move,improve
590,18,107113.10000000002,3,5058.2,swap,acceptBad
591,18,107113.10000000002,3,5058.2,move,improve
592,18,98069.40000000001,3,5058.2,move,improve
593,18,98069.40000000001,3,5058.2,move,improve
594,18,98069.40000000001,3,5058.2,move,improve
595,18,94799.59999999998,3,5058.2,move,improve
596,18,94799.59999999998,3,5058.2,2opt,improve
597,18,89971.59999999998,3,5058.2,move,improve
598,18,89971.59999999998,3,5058.2,swap,improve
599,18,89971.59999999998,3,5058.2,swap,improve
600,18,89971.6,3,5058.2,2opt,acceptBad
601,18,89971.6,3,5058.2,swap,improve
602,18,118199.70000000001,3,5058.2,swap,acceptBad
603,18,118199.70000000001,3,5058.2,swap,improve
604,18,102222.70000000001,3,5058.2,swap,improve
605,18,102222.70000000001,3,5058.2,swap,improve
606,18,101551.69999999998,3,5058.2,2opt,improve
607,18,106228.59999999995,3,5058.2,swap,acceptBad
608,18,106228.59999999995,3,5058.2,2opt,improve
609,18,108266.99999999996,3,5058.2,swap,acceptBad
610,18,108266.99999999996,3,5058.2,move,improve
611,18,106651.99999999996,3,5058.2,move,improve
612,18,106651.99999999996,3,5058.2,move,improve
613,18,106651.99999999996,3,5058.2,swap,improve
614,18,106570.09999999996,3,5058.2,2opt,improve
615,18,106570.09999999996,3,5058.2,move,improve
616,18,89360.29999999999,3,5058.2,move,improve
617,18,101464.09999999995,3,5058.2,2opt,acceptBad
618,18,107254.90000000001,3,5058.2,swap,acceptBad
619,18,96968.09999999999,3,5058.2,move,improve
620,18,91759.3,3,5058.2,move,improve
621,18,91759.3,3,5058.2,swap,improve
622,18,92767.40000000002,3,5058.2,swap,acceptBad
623,18,84550.60000000003,3,5058.2,move,improve
624,18,84550.60000000003,3,5058.2,2opt,improve
625,18,84550.60000000003,3,5058.2,2opt,improve
626,18,84550.60000000003,3,5058.2,move,improve
627,18,84550.60000000003,3,5058.2,move,improve
628,18,113628.8,3,5058.2,2opt,acceptBad
629,18,112602.2,3,5058.2,swap,improve
630,18,88024.60000000003,3,5058.2,move,improve
631,18,88024.60000000003,3,5058.2,2opt,notBad
632,18,88024.60000000003,3,5058.2,swap,improve
633,18,88024.60000000003,3,5058.2,2opt,improve
634,18,88024.60000000003,3,5058.2,move,improve
635,18,88024.60000000003,3,5058.2,swap,improve
636,18,86433.4,3,5058.2,move,improve
637,18,86433.4,3,5058.2,2opt,improve
638,18,86433.4,3,5058.2,2opt,improve
639,18,78119.4,3,5058.2,move,improve
640,18,78119.4,3,5058.2,2opt,improve
641,18,78119.4,3,5058.2,swap,improve
642,18,78119.4,3,5058.2,2opt,improve
643,18,78119.4,3,5058.2,2opt,improve
644,18,109337.4,3,5058.2,swap,acceptBad
645,18,107267.4,3,5058.2,swap,improve
646,18,107263.00000000003,3,5058.2,swap,improve
647,18,107869.60000000002,3,5058.2,swap,acceptBad
648,18,87962.60000000002,3,5058.2,move,improve
649,18,113810.40000000002,3,5058.2,swap,acceptBad
650,18,113810.40000000002,3,5058.2,2opt,improve
651,18,113810.40000000002,3,5058.2,2opt,improve
652,18,113810.40000000005,3,5058.2,2opt,acceptBad
653,18,100961.8,3,5058.2,move,improve
654,18,100961.8,3,5058.2,swap,improve
655,18,100961.8,3,5058.2,swap,improve
656,18,104205.40000000002,3,5058.2,swap,acceptBad
657,18,104205.40000000002,3,5058.2,move,improve
658,18,96345.0,3,5058.2,move,improve
659,18,96345.0,3,5058.2,move,improve
660,17,84291.60000000003,3,5058.2,2opt,improve
661,17,79635.60000000003,3,5058.2,move,improve
662,17,79635.60000000003,3,5058.2,swap,improve
663,17,79635.60000000002,3,5058.2,2opt,improve
664,17,79635.60000000002,3,5058.2,swap,improve
665,17,79635.60000000002,3,5058.2,swap,improve
666,17,80094.80000000002,3,5058.2,2opt,acceptBad
667,17,80094.80000000002,3,5058.2,move,improve
668,17,78862.80000000003,3,5058.2,swap,improve
669,17,79747.20000000001,3,5058.2,swap,acceptBad
670,17,79747.20000000001,3,5058.2,move,improve
671,17,79747.20000000001,3,5058.2,2opt,improve
672,17,79747.20000000001,3,5058.2,move,improve
673,17,77019.20000000001,3,5058.2,move,improve
674,17,77019.20000000001,3,5058.2,2opt,improve
675,17,77019.2,3,5058.2,2opt,improve
676,17,62611.40000000001,3,5058.2,move,improve
677,17,75054.40000000002,3,5058.2,swap,acceptBad
678,17,75054.40000000002,3,5058.2,move,improve
679,17,77782.40000000002,3,5058.2,2opt,acceptBad
680,17,77932.40000000002,3,5058.2,swap,acceptBad
681,17,96122.99999999996,3,5058.2,swap,acceptBad
682,17,93820.39999999995,3,5058.2,swap,improve
683,17,86446.0,3,5058.2,move,improve
684,17,86446.0,3,5058.2,swap,improve
685,17,85160.79999999997,3,5058.2,move,improve
686,17,85160.79999999997,3,5058.2,swap,improve
687,17,86446.0,3,5058.2,swap,acceptBad
688,17,86446.0,3,5058.2,2opt,improve
689,17,86445.99999999996,3,5058.2,2opt,improve
690,17,87313.99999999996,3,5058.2,swap,acceptBad
691,17,87314.00000000001,3,5058.2,2opt,acceptBad
692,17,83061.80000000002,3,5058.2,swap,improve
693,17,81671.4,3,5058.2,move,improve
694,17,78715.4,3,5058.2,move,improve
695,17,93742.0,3,5058.2,2opt,acceptBad
696,17,80162.0,3,5058.2,move,improve
697,17,80162.0,3,5058.2,move,improve
698,17,80162.0,3,5058.2,move,improve
699,17,80162.0,3,5058.2,swap,improve
700,17,80162.0,3,5058.2,2opt,improve
701,17,80162.0,3,5058.2,2opt,improve
702,17,73018.0,3,5058.2,swap,improve
703,17,62916.79999999999,3,5058.2,move,improve
704,17,78460.6,3,5058.2,swap,acceptBad
705,17,76870.19999999998,3,5058.2,move,improve
706,17,79398.79999999999,3,5058.2,swap,acceptBad
707,17,82184.79999999999,3,5058.2,swap,acceptBad
708,17,85804.0,3,5058.2,2opt,acceptBad
709,17,85813.4,3,5058.2,swap,acceptBad
710,17,75459.4,3,5058.2,2opt,improve
711,17,65186.799999999996,3,5058.2,move,improve
712,17,65186.799999999996,3,5058.2,move,improve
713,17,65186.799999999996,3,5058.2,2opt,improve
714,17,66645.4,3,5058.2,swap,acceptBad
715,17,71365.4,3,5058.2,swap,acceptBad
716,17,71365.4,3,5058.2,move,improve
717,16,53746.09999999999,3,5058.2,move,improve
718,16,54750.09999999999,3,5058.2,swap,acceptBad
719,16,54750.100000000006,3,5058.2,2opt,acceptBad
720,16,54750.100000000006,3,5058.2,swap,improve
721,16,54750.100000000006,3,5058.2,move,improve
722,16,63613.40000000001,3,5058.2,swap,acceptBad
723,16,63613.40000000001,3,5058.2,move,improve
724,16,63613.39999999999,3,5058.2,2opt,improve
725,16,62197.39999999998,3,5058.2,move,improve
726,16,64880.099999999984,3,5058.2,2opt,acceptBad
727,16,73732.90000000001,3,5058.2,swap,acceptBad
728,16,81284.80000000003,3,5058.2,swap,acceptBad
729,16,80013.49999999999,3,5058.2,2opt,improve
730,16,80013.49999999999,3,5058.2,move,improve
731,16,80013.49999999999,3,5058.2,swap,improve
732,16,78588.49999999999,3,5058.2,move,improve
733,16,78588.49999999999,3,5058.2,move,improve
734,16,78588.49999999999,3,5058.2,2opt,improve
735,16,78588.79999999999,3,5058.2,swap,acceptBad
736,16,78588.79999999999,3,5058.2,2opt,improve
737,16,78588.79999999999,3,5058.2,2opt,improve
738,16,78588.79999999999,3,5058.2,2opt,improve
739,16,78588.79999999999,3,5058.2,move,improve
740,16,92741.60000000003,3,5058.2,swap,acceptBad
741,16,82793.79999999999,3,5058.2,move,improve
742,16,78444.99999999997,3,5058.2,move,improve
743,16,78445.00000000003,3,5058.2,2opt,acceptBad
744,16,72741.0,3,5058.2,move,improve
745,17,97372.0,3,5058.2,2opt,acceptBad
746,17,97372.0,3,5058.2,move,improve
747,17,97372.0,3,5058.2,move,improve
748,17,97372.0,3,5058.2,move,improve
749,17,97372.0,3,5058.2,swap,improve
750,17,100523.59999999999,3,5058.2,2opt,acceptBad
751,17,100523.59999999999,3,5058.2,2opt,improve
752,16,77037.5,3,5058.2,move,improve
753,16,77088.5,3,5058.2,2opt,acceptBad
754,16,77088.5,3,5058.2,2opt,improve
755,16,93680.5,3,5058.2,swap,acceptBad
756,17,114969.59999999998,3,5058.2,2opt,acceptBad
757,17,97477.59999999999,3,5058.2,move,improve
758,17,97477.59999999998,3,5058.2,2opt,improve
759,17,106687.59999999998,3,5058.2,swap,acceptBad
760,17,106687.59999999998,3,5058.2,2opt,improve
761,17,104299.59999999998,3,5058.2,swap,improve
762,17,104299.59999999998,3,5058.2,swap,improve
763,17,97325.59999999999,3,5058.2,move,improve
764,17,100477.59999999998,3,5058.2,swap,acceptBad
765,16,77915.49999999999,3,5058.2,move,improve
766,16,77885.49999999999,3,5058.2,move,improve
767,16,77885.49999999999,3,5058.2,swap,improve
768,16,79107.49999999999,3,5058.2,swap,acceptBad
769,16,87127.5,3,5058.2,2opt,acceptBad
770,16,87127.5,3,5058.2,move,improve
771,16,87127.5,3,5058.2,move,improve
772,16,73571.0,3,5058.2,move,improve
773,16,73571.0,3,5058.2,move,improve
774,16,62447.0,3,5058.2,move,improve
775,16,57219.0,3,5058.2,move,improve
776,16,57219.0,3,5058.2,swap,improve
777,16,59038.29999999999,3,5058.2,2opt,acceptBad
778,16,59038.29999999999,3,5058.2,move,improve
779,16,59038.29999999999,3,5058.2,swap,improve
780,16,59038.29999999999,3,5058.2,move,improve
781,16,59038.29999999999,3,5058.2,move,improve
782,16,59038.29999999999,3,5058.2,move,improve
783,16,59038.29999999999,3,5058.2,swap,improve
784,16,59038.29999999999,3,5058.2,2opt,improve
785,16,59038.3,3,5058.2,2opt,acceptBad
786,16,61937.3,3,5058.2,swap,acceptBad
787,16,53907.0,3,5058.2,move,improve
788,16,55684.399999999994,3,5058.2,swap,acceptBad
789,16,55684.399999999994,3,5058.2,move,improve
790,16,55684.399999999994,3,5058.2,2opt,improve
791,16,55684.399999999994,3,5058.2,swap,improve
792,17,73158.8,3,5058.2,2opt,acceptBad
793,17,73158.8,3,5058.2,move,improve
794,17,70011.60000000002,3,5058.2,move,improve
795,17,70011.60000000002,3,5058.2,2opt,improve
796,17,61703.99999999999,3,5058.2,move,improve
797,17,61703.99999999999,3,5058.2,swap,improve
798,17,61703.99999999999,3,5058.2,move,improve
799,17,61703.99999999999,3,5058.2,move,improve
800,17,61703.99999999999,3,5058.2,2opt,improve
801,17,61703.99999999999,3,5058.2,swap,improve
802,17,61703.99999999999,3,5058.2,2opt,notBad
803,17,61703.99999999999,3,5058.2,move,improve
804,17,61703.99999999999,3,5058.2,swap,improve
805,17,61703.99999999999,3,5058.2,2opt,improve
806,17,71606.00000000003,3,5058.2,swap,acceptBad
807,17,71606.00000000003,3,5058.2,swap,improve
808,17,69149.99999999999,3,5058.2,move,improve
809,17,68647.99999999999,3,5058.2,swap,improve
810,17,70572.0,3,5058.2,swap,acceptBad
811,17,70572.0,3,5058.2,2opt,improve
812,17,70572.0,3,5058.2,2opt,improve
813,17,70572.0,3,5058.2,move,improve
814,17,70572.0,3,5058.2,move,improve
815,17,69943.6,3,5058.2,2opt,improve
816,17,68423.6,3,5058.2,move,improve
817,17,68423.6,3,5058.2,swap,improve
818,17,68423.6,3,5058.2,move,improve
819,17,72527.6,3,5058.2,2opt,acceptBad
820,17,72527.59999999999,3,5058.2,swap,improve
821,17,74219.6,3,5058.2,2opt,acceptBad
822,17,74219.59999999999,3,5058.2,2opt,improve
823,16,55203.500000000015,3,5058.2,2opt,improve
824,16,55203.500000000015,3,5058.2,swap,improve
825,16,55203.500000000015,3,5058.2,swap,improve
826,16,55203.50000000001,3,5058.2,2opt,improve
827,16,58852.200000000004,3,5058.2,swap,acceptBad
828,16,52711.6,3,5058.2,move,improve
829,16,52682.50000000001,3,5058.2,2opt,improve
830,16,52682.50000000001,3,5058.2,2opt,notBad
831,16,52682.50000000001,3,5058.2,swap,improve
832,16,52682.500000000015,3,5058.2,2opt,acceptBad
833,16,52682.500000000015,3,5058.2,swap,improve
834,16,56184.50000000003,3,5058.2,swap,acceptBad
835,16,56799.800000000025,3,5058.2,2opt,acceptBad
836,15,45598.4,3,5058.2,move,improve
837,15,45598.4,3,5058.2,2opt,improve
838,15,45598.4,3,5058.2,move,improve
839,15,45598.399999999994,3,5058.2,2opt,improve
840,15,45598.399999999994,3,5058.2,move,improve
841,15,43130.399999999994,3,5058.2,move,improve
842,15,43130.399999999994,3,5058.2,2opt,improve
843,15,43130.399999999994,3,5058.2,swap,improve
844,15,41120.0,3,5058.2,swap,improve
845,15,41120.0,3,5058.2,move,improve
846,15,41107.600000000006,3,5058.2,swap,improve
847,15,41107.600000000006,3,5058.2,swap,improve
848,15,38138.2,3,5058.2,move,improve
849,15,38138.2,3,5058.2,move,improve
850,15,37844.2,3,5058.2,move,improve
851,15,37844.2,3,5058.2,swap,improve
852,16,47128.8,3,5058.2,2opt,acceptBad
853,16,47128.8,3,5058.2,2opt,improve
854,16,47128.8,3,5058.2,2opt,notBad
855,16,47128.8,3,5058.2,move,improve
856,16,47128.8,3,5058.2,move,improve
857,16,47128.80000000001,3,5058.2,2opt,acceptBad
858,16,47128.80000000001,3,5058.2,swap,improve
859,16,47128.8,3,5058.2,swap,improve
860,16,44880.400000000016,3,5058.2,move,improve
861,16,44880.400000000016,3,5058.2,move,improve
862,16,48649.20000000001,3,5058.2,2opt,acceptBad
863,16,48649.20000000001,3,5058.2,swap,improve
864,16,48649.20000000001,3,5058.2,move,improve
865,16,43321.600000000006,3,5058.2,move,improve
866,16,65699.7,3,5058.2,swap,acceptBad
867,16,64494.299999999996,3,5058.2,2opt,improve
868,16,64494.299999999996,3,5058.2,swap,improve
869,16,64494.299999999996,3,5058.2,move,improve
870,16,91442.5,3,5058.2,2opt,acceptBad
871,16,91442.5,3,5058.2,swap,improve
872,16,91442.5,3,5058.2,2opt,improve
873,16,91442.5,3,5058.2,swap,improve
874,16,63370.0,3,5058.2,move,improve
875,16,63370.0,3,5058.2,2opt,improve
876,16,64897.999999999985,3,5058.2,2opt,acceptBad
877,16,64897.999999999985,3,5058.2,move,improve
878,16,60879.499999999985,3,5058.2,move,improve
879,16,60879.499999999985,3,5058.2,2opt,improve
880,16,60879.499999999985,3,5058.2,swap,improve
881,16,60879.499999999985,3,5058.2,move,improve
882,16,64438.9,3,5058.2,swap,acceptBad
883,16,46177.9,3,5058.2,move,improve
884,16,46177.899999999994,3,5058.2,2opt,improve
885,16,46177.899999999994,3,5058.2,swap,improve
886,16,46177.899999999994,3,5058.2,move,improve
887,16,46177.89999999999,3,5058.2,2opt,improve
888,16,46177.899999999994,3,5058.2,2opt,acceptBad
889,16,46177.899999999994,3,5058.2,2opt,notBad
890,16,66306.9,3,5058.2,swap,acceptBad
891,16,57831.899999999994,3,5058.2,move,improve
892,16,57831.899999999994,3,5058.2,2opt,improve
893,16,57831.899999999994,3,5058.2,2opt,improve
894,17,64737.399999999994,3,5058.2,2opt,acceptBad
895,17,64737.399999999994,3,5058.2,swap,improve
896,17,64737.399999999994,3,5058.2,swap,improve
897,17,64737.399999999994,3,5058.2,2opt,improve
898,17,61412.59999999997,3,5058.2,move,improve
899,17,75363.59999999998,3,5058.2,swap,acceptBad
900,17,75363.59999999998,3,5058.2,swap,improve
901,17,75363.59999999998,3,5058.2,swap,improve
902,17,75363.59999999998,3,5058.2,swap,improve
903,17,75363.59999999998,3,5058.2,move,improve
904,17,75363.59999999998,3,5058.2,move,improve
905,17,75363.59999999998,3,5058.2,swap,improve
906,17,75363.59999999998,3,5058.2,2opt,improve
907,17,61635.19999999997,3,5058.2,move,improve
908,17,75583.59999999998,3,5058.2,2opt,acceptBad
909,17,70490.8,3,5058.2,2opt,improve
910,17,70490.79999999997,3,5058.2,2opt,improve
911,17,70490.79999999997,3,5058.2,2opt,improve
912,17,67552.0,3,5058.2,swap,improve
913,17,72768.0,3,5058.2,2opt,acceptBad
914,17,72768.0,3,5058.2,swap,improve
915,17,72768.0,3,5058.2,2opt,improve
916,17,99559.0,3,5058.2,2opt,acceptBad
917,17,99559.0,3,5058.2,2opt,improve
918,17,99559.0,3,5058.2,2opt,improve
919,17,99559.0,3,5058.2,swap,improve
920,17,99559.0,3,5058.2,swap,improve
921,17,102219.0,3,5058.2,swap,acceptBad
922,17,102219.0,3,5058.2,2opt,improve
923,17,102219.0,3,5058.2,swap,improve
924,17,102219.0,3,5058.2,2opt,improve
925,17,102219.0,3,5058.2,2opt,improve
926,17,102219.0,3,5058.2,2opt,improve
927,17,100721.39999999997,3,5058.2,move,improve
928,17,98689.39999999997,3,5058.2,move,improve
929,17,98689.39999999997,3,5058.2,2opt,improve
930,17,98689.39999999997,3,5058.2,swap,improve
931,17,105965.39999999997,3,5058.2,swap,acceptBad
932,17,87163.0,3,5058.2,move,improve
933,17,70596.0,3,5058.2,move,improve
934,17,70596.0,3,5058.2,2opt,improve
935,17,70596.0,3,5058.2,2opt,improve
936,17,75791.0,3,5058.2,swap,acceptBad
937,17,75791.0,3,5058.2,2opt,improve
938,17,75791.0,3,5058.2,move,improve
939,17,75791.0,3,5058.2,2opt,improve
940,17,76581.0,3,5058.2,swap,acceptBad
941,17,61387.0,3,5058.2,move,improve
942,17,61387.0,3,5058.2,2opt,improve
943,17,61387.0,3,5058.2,2opt,improve
944,17,56715.0,3,5058.2,move,improve
945,17,56715.0,3,5058.2,move,improve
946,17,56715.0,3,5058.2,2opt,improve
947,17,69855.0,3,5058.2,2opt,acceptBad
948,17,69855.0,3,5058.2,2opt,improve
949,17,69855.0,3,5058.2,swap,improve
950,17,69855.0,3,5058.2,move,improve
951,17,69855.0,3,5058.2,swap,improve
952,17,67375.0,3,5058.2,swap,improve
953,17,65869.40000000002,3,5058.2,move,improve
954,17,62300.40000000003,3,5058.2,2opt,improve
955,17,50334.00000000001,3,5058.2,move,improve
956,17,50334.00000000001,3,5058.2,swap,improve
957,17,49516.00000000001,3,5058.2,move,improve
958,17,49516.00000000001,3,5058.2,move,improve
959,17,49516.0,3,5058.2,2opt,improve
960,17,69003.20000000001,3,5058.2,2opt,acceptBad
961,17,69003.20000000001,3,5058.2,2opt,improve
962,17,69003.20000000001,3,5058.2,swap,improve
963,17,69003.19999999998,3,5058.2,2opt,improve
964,17,67531.2,3,5058.2,move,improve
965,17,67531.20000000001,3,5058.2,2opt,acceptBad
966,17,65259.200000000004,3,5058.2,move,improve
967,17,65259.200000000004,3,5058.2,move,improve
968,17,65259.200000000004,3,5058.2,2opt,improve
969,17,65259.19999999998,3,5058.2,2opt,improve
970,17,65259.19999999999,3,5058.2,2opt,acceptBad
971,17,59819.19999999999,3,5058.2,move,improve
972,17,59819.19999999999,3,5058.2,move,improve
973,17,59819.19999999999,3,5058.2,move,improve
974,17,59819.19999999999,3,5058.2,swap,improve
975,17,59819.19999999999,3,5058.2,2opt,improve
976,17,59819.19999999999,3,5058.2,move,improve
977,17,59819.19999999999,3,5058.2,move,improve
978,17,72011.19999999998,3,5058.2,swap,acceptBad
979,17,72011.19999999998,3,5058.2,move,improve
980,17,72011.19999999998,3,5058.2,2opt,improve
981,17,72011.19999999998,3,5058.2,swap,improve
982,17,72011.19999999998,3,5058.2,swap,improve
983,17,72011.19999999998,3,5058.2,swap,improve
984,17,72011.19999999998,3,5058.2,swap,improve
985,17,72011.19999999998,3,5058.2,2opt,improve
986,17,72011.19999999998,3,5058.2,2opt,improve
987,17,72011.19999999998,3,5058.2,swap,improve
988,17,60767.19999999998,3,5058.2,move,improve
989,17,67847.19999999998,3,5058.2,move,acceptBad
990,17,67816.00000000001,3,5058.2,swap,improve
991,17,65511.600000000006,3,5058.2,2opt,improve
992,17,65511.60000000002,3,5058.2,2opt,acceptBad
993,17,74113.80000000002,3,5058.2,swap,acceptBad
994,17,74113.80000000002,3,5058.2,swap,improve
995,17,76140.59999999999,3,5058.2,2opt,acceptBad
996,17,76140.59999999999,3,5058.2,2opt,improve
997,17,76145.40000000002,3,5058.2,swap,acceptBad
998,17,76145.40000000002,3,5058.2,move,improve
999,17,59290.400000000016,3,5058.2,move,improve
1000,17,59290.400000000016,3,5058.2,swap,improve
1001,17,59290.400000000016,3,5058.2,swap,improve
1002,17,59290.400000000016,3,5058.2,swap,improve
1003,17,59290.400000000016,3,5058.2,2opt,notBad
1004,17,59290.400000000016,3,5058.2,2opt,improve
1005,17,59290.400000000016,3,5058.2,2opt,improve
1006,17,59290.400000000016,3,5058.2,2opt,improve
1007,17,50651.60000000001,3,5058.2,move,improve
1008,17,49297.60000000003,3,5058.2,2opt,improve
1009,17,49297.60000000003,3,5058.2,2opt,improve
1010,17,49297.60000000003,3,5058.2,2opt,improve
1011,17,49297.60000000003,3,5058.2,2opt,improve
1012,17,49297.60000000003,3,5058.2,swap,improve
1013,16,40899.60000000003,3,5058.2,move,improve
1014,16,40899.60000000002,3,5058.2,2opt,improve
1015,16,54783.600000000006,3,5058.2,2opt,acceptBad
1016,16,54783.600000000006,3,5058.2,swap,improve
1017,16,41793.600000000006,3,5058.2,move,improve
1018,16,55852.8,3,5058.2,2opt,acceptBad
1019,16,55852.8,3,5058.2,2opt,notBad
1020,16,69984.0,3,5058.2,2opt,acceptBad
1021,16,60551.7,3,5058.2,move,improve
1022,16,61446.7,3,5058.2,swap,acceptBad
1023,16,51693.7,3,5058.2,move,improve
1024,16,51693.7,3,5058.2,move,improve
1025,16,51693.7,3,5058.2,swap,improve
1026,16,51693.7,3,5058.2,2opt,improve
1027,16,51693.7,3,5058.2,2opt,improve
1028,16,64449.8,3,5058.2,move,acceptBad
1029,16,64449.8,3,5058.2,swap,improve
1030,16,72212.59999999999,3,5058.2,2opt,acceptBad
1031,16,74124.8,3,5058.2,2opt,acceptBad
1032,16,58764.8,3,5058.2,move,improve
1033,16,58764.8,3,5058.2,move,improve
1034,16,58354.60000000002,3,5058.2,2opt,improve
1035,16,60231.59999999999,3,5058.2,2opt,acceptBad
1036,16,60231.59999999999,3,5058.2,move,improve
1037,16,61040.59999999999,3,5058.2,swap,acceptBad
1038,16,59645.59999999999,3,5058.2,move,improve
1039,16,59645.59999999999,3,5058.2,swap,improve
1040,16,59645.59999999996,3,5058.2,2opt,improve
1041,16,54667.49999999998,3,5058.2,move,improve
1042,16,56981.50000000001,3,5058.2,2opt,acceptBad
1043,16,56981.50000000001,3,5058.2,2opt,notBad
1044,16,56981.50000000001,3,5058.2,move,improve
1045,16,55124.1,3,5058.2,swap,improve
1046,16,55124.1,3,5058.2,2opt,notBad
1047,16,51532.899999999994,3,5058.2,move,improve
1048,16,51298.899999999994,3,5058.2,move,improve
1049,16,51298.899999999994,3,5058.2,2opt,improve
1050,16,51298.899999999994,3,5058.2,swap,improve
1051,16,51068.79999999998,3,5058.2,2opt,improve
1052,16,51068.79999999998,3,5058.2,move,improve
1053,16,51068.79999999998,3,5058.2,move,improve
1054,16,51068.79999999998,3,5058.2,swap,improve
1055,16,51068.79999999999,3,5058.2,2opt,acceptBad
1056,16,51068.79999999999,3,5058.2,swap,improve
1057,16,51068.79999999999,3,5058.2,2opt,improve
1058,16,51068.79999999999,3,5058.2,2opt,improve
1059,16,48315.999999999985,3,5058.2,move,improve
1060,16,48315.99999999998,3,5058.2,2opt,improve
1061,16,48315.999999999985,3,5058.2,2opt,acceptBad
1062,16,48315.999999999985,3,5058.2,move,improve
1063,16,48315.999999999985,3,5058.2,swap,improve
1064,16,48315.999999999985,3,5058.2,move,improve
1065,16,48315.999999999985,3,5058.2,2opt,improve
1066,16,48315.999999999985,3,5058.2,move,improve
1067,16,48315.999999999985,3,5058.2,2opt,improve
1068,16,48315.999999999985,3,5058.2,2opt,improve
1069,16,45102.0,3,5058.2,move,improve
1070,15,35612.0,3,5058.2,move,improve
1071,15,35612.0,3,5058.2,move,improve
1072,16,46444.5,3,5058.2,2opt,acceptBad
1073,16,51223.5,3,5058.2,swap,acceptBad
1074,16,45843.5,3,5058.2,move,improve
1075,16,45843.5,3,5058.2,2opt,improve
1076,16,51813.5,3,5058.2,2opt,acceptBad
1077,16,51813.5,3,5058.2,2opt,improve
1078,16,51813.5,3,5058.2,move,improve
1079,16,50205.50000000002,3,5058.2,move,improve
1080,16,46113.5,3,5058.2,swap,improve
1081,16,46113.5,3,5058.2,move,improve
1082,16,48510.0,3,5058.2,swap,acceptBad
1083,16,44570.0,3,5058.2,move,improve
1084,16,44570.0,3,5058.2,swap,improve
1085,16,44570.0,3,5058.2,swap,improve
1086,16,44570.0,3,5058.2,swap,improve
1087,16,44570.0,3,5058.2,2opt,improve
1088,16,44570.0,3,5058.2,move,improve
1089,16,44570.0,3,5058.2,swap,improve
1090,16,44570.0,3,5058.2,2opt,notBad
1091,16,44570.0,3,5058.2,swap,improve
1092,16,44570.0,3,5058.2,move,improve
1093,16,51757.0,3,5058.2,2opt,acceptBad
1094,16,51757.0,3,5058.2,2opt,improve
1095,17,72910.0,3,5058.2,2opt,acceptBad
1096,17,72910.0,3,5058.2,2opt,improve
1097,17,72910.0,3,5058.2,swap,improve
1098,17,72910.0,3,5058.2,move,improve
1099,17,72910.0,3,5058.2,2opt,improve
1100,17,72910.0,3,5058.2,2opt,improve
1101,17,72910.0,3,5058.2,2opt,improve
1102,17,72910.0,3,5058.2,2opt,notBad
1103,17,72910.0,3,5058.2,swap,improve
1104,18,92638.0,3,5058.2,2opt,acceptBad
1105,18,90617.0,3,5058.2,swap,improve
1106,18,75612.0,3,5058.2,move,improve
1107,18,75612.0,3,5058.2,2opt,improve
1108,17,66984.0,3,5058.2,2opt,improve
1109,17,66984.0,3,5058.2,swap,improve
1110,17,66984.0,3,5058.2,swap,improve
1111,17,66984.0,3,5058.2,2opt,improve
1112,17,66984.0,3,5058.2,2opt,notBad
1113,17,63292.0,3,5058.2,move,improve
1114,17,63292.0,3,5058.2,swap,improve
1115,17,63292.0,3,5058.2,2opt,improve
1116,17,63292.0,3,5058.2,2opt,improve
1117,17,63292.0,3,5058.2,swap,improve
1118,17,63292.0,3,5058.2,2opt,improve
1119,17,63292.0,3,5058.2,swap,improve
1120,17,63292.0,3,5058.2,swap,improve
1121,17,63292.0,3,5058.2,swap,improve
1122,17,55468.0,3,5058.2,move,improve
1123,17,55468.0,3,5058.2,2opt,improve
1124,17,55468.0,3,5058.2,move,improve
1125,17,55468.0,3,5058.2,move,improve
1126,17,50848.80000000002,3,5058.2,move,improve
1127,17,50848.80000000001,3,5058.2,2opt,improve
1128,17,50848.80000000001,3,5058.2,move,improve
1129,17,50848.80000000001,3,5058.2,swap,improve
1130,17,50848.80000000001,3,5058.2,move,improve
1131,17,50848.80000000001,3,5058.2,2opt,improve
1132,17,50848.80000000001,3,5058.2,move,improve
1133,17,55468.0,3,5058.2,2opt,acceptBad
1134,17,55468.0,3,5058.2,2opt,improve
1135,17,55468.0,3,5058.2,swap,improve
1136,17,55468.0,3,5058.2,swap,improve
1137,17,55468.0,3,5058.2,2opt,improve
1138,17,55468.0,3,5058.2,2opt,improve
1139,17,57688.0,3,5058.2,2opt,acceptBad
1140,17,57688.0,3,5058.2,swap,improve
1141,17,57688.0,3,5058.2,swap,improve
1142,16,45292.0,3,5058.2,move,improve
1143,16,45292.0,3,5058.2,move,improve
1144,16,42970.700000000004,3,5058.2,move,improve
1145,16,42970.7,3,5058.2,swap,improve
1146,16,42970.7,3,5058.2,swap,improve
1147,16,42970.7,3,5058.2,swap,improve
1148,16,74427.29999999999,3,5058.2,swap,acceptBad
1149,16,74427.29999999999,3,5058.2,2opt,improve
1150,16,74427.3,3,5058.2,2opt,acceptBad
1151,16,61243.8,3,5058.2,move,improve
1152,16,61948.7,3,5058.2,swap,acceptBad
1153,16,51868.7,3,5058.2,move,improve
1154,16,51868.7,3,5058.2,swap,improve
1155,16,51868.7,3,5058.2,move,improve
1156,16,51868.7,3,5058.2,move,improve
1157,16,51868.7,3,5058.2,swap,improve
1158,16,52571.600000000006,3,5058.2,swap,acceptBad
1159,16,52571.600000000006,3,5058.2,2opt,improve
1160,16,54424.0,3,5058.2,swap,acceptBad
1161,16,54424.000000000015,3,5058.2,2opt,acceptBad
1162,16,45100.400000000016,3,5058.2,move,improve
1163,16,45100.400000000016,3,5058.2,2opt,improve
1164,16,42173.20000000002,3,5058.2,move,improve
1165,16,40018.49999999998,3,5058.2,move,improve
1166,16,40018.5,3,5058.2,2opt,acceptBad
1167,16,40018.499999999985,3,5058.2,2opt,improve
1168,16,40018.499999999985,3,5058.2,move,improve
1169,16,40018.499999999985,3,5058.2,move,improve
1170,16,40018.499999999985,3,5058.2,swap,improve
1171,16,40018.49999999999,3,5058.2,2opt,acceptBad
1172,16,38193.49999999999,3,5058.2,move,improve
1173,16,38193.49999999999,3,5058.2,move,improve
1174,16,38193.49999999999,3,5058.2,swap,improve
1175,16,43638.50000000001,3,5058.2,move,acceptBad
1176,16,42586.70000000003,3,5058.2,move,improve
1177,16,40043.90000000002,3,5058.2,move,improve
1178,16,40043.90000000002,3,5058.2,move,improve
1179,16,43879.00000000004,3,5058.2,2opt,acceptBad
1180,16,43879.00000000004,3,5058.2,move,improve
1181,16,43879.00000000004,3,5058.2,move,improve
1182,16,43880.00000000003,3,5058.2,swap,acceptBad
1183,16,43880.00000000003,3,5058.2,swap,improve
1184,16,43880.00000000003,3,5058.2,swap,improve
1185,16,43880.00000000003,3,5058.2,2opt,notBad
1186,15,38078.600000000006,3,5058.2,2opt,improve
1187,15,38078.600000000006,3,5058.2,move,improve
1188,15,35289.99999999999,3,5058.2,2opt,improve
1189,15,35290.0,3,5058.2,2opt,acceptBad
1190,15,35300.0,3,5058.2,swap,acceptBad
1191,15,35300.0,3,5058.2,move,improve
1192,15,35299.99999999999,3,5058.2,2opt,improve
1193,15,35299.99999999999,3,5058.2,move,improve
1194,15,35299.99999999999,3,5058.2,move,improve
1195,15,35299.99999999999,3,5058.2,2opt,notBad
1196,15,35299.99999999999,3,5058.2,2opt,notBad
1197,15,35299.99999999999,3,5058.2,swap,improve
1198,15,35299.99999999999,3,5058.2,move,improve
1199,15,35299.99999999999,3,5058.2,move,improve
1200,15,35299.99999999999,3,5058.2,move,improve
1201,15,35299.99999999999,3,5058.2,move,improve
1202,15,35289.99999999999,3,5058.2,swap,improve
1203,15,35289.99999999999,3,5058.2,swap,improve
1204,15,35290.0,3,5058.2,2opt,acceptBad
1205,15,35290.0,3,5058.2,move,improve
1206,15,35290.0,3,5058.2,move,improve
1207,15,35290.0,3,5058.2,swap,improve
1208,15,35290.0,3,5058.2,move,improve
1209,15,35290.0,3,5058.2,move,improve
1210,16,42482.40000000001,3,5058.2,2opt,acceptBad
1211,16,45656.10000000001,3,5058.2,2opt,acceptBad
1212,16,46156.500000000015,3,5058.2,swap,acceptBad
1213,16,48878.900000000016,3,5058.2,swap,acceptBad
1214,16,48878.900000000016,3,5058.2,move,improve
1215,16,48147.0,3,5058.2,swap,improve
1216,16,48147.0,3,5058.2,2opt,improve
1217,16,48146.99999999999,3,5058.2,2opt,improve
1218,16,48147.0,3,5058.2,2opt,acceptBad
1219,16,48147.0,3,5058.2,2opt,improve
1220,16,48147.0,3,5058.2,2opt,improve
1221,16,48147.0,3,5058.2,swap,improve
1222,16,48147.0,3,5058.2,2opt,improve
1223,16,48147.0,3,5058.2,move,improve
1224,16,57322.99999999999,3,5058.2,2opt,acceptBad
1225,16,57322.999999999985,3,5058.2,2opt,improve
1226,16,57322.999999999985,3,5058.2,2opt,improve
1227,16,57323.0,3,5058.2,2opt,acceptBad
1228,16,57323.0,3,5058.2,2opt,improve
1229,16,57322.99999999999,3,5058.2,2opt,improve
1230,16,57322.99999999999,3,5058.2,move,improve
1231,16,57322.99999999999,3,5058.2,move,improve
1232,16,57323.0,3,5058.2,swap,acceptBad
1233,16,57322.99999999999,3,5058.2,2opt,improve
1234,15,44967.19999999999,3,5058.2,move,improve
1235,15,44967.19999999999,3,5058.2,swap,improve
1236,15,61500.39999999998,3,5058.2,swap,acceptBad
1237,14,41073.399999999994,3,5058.2,move,improve
1238,14,39606.899999999994,3,5058.2,move,improve
1239,14,39606.899999999994,3,5058.2,move,improve
1240,14,39606.899999999994,3,5058.2,2opt,improve
1241,14,39162.29999999999,3,5058.2,swap,improve
1242,14,39162.29999999999,3,5058.2,2opt,improve
1243,14,39162.29999999999,3,5058.2,swap,improve
1244,14,39162.29999999999,3,5058.2,2opt,improve
1245,14,39162.29999999999,3,5058.2,swap,improve
1246,14,39162.299999999996,3,5058.2,2opt,acceptBad
1247,14,37862.3,3,5058.2,move,improve
1248,14,37862.3,3,5058.2,move,improve
1249,14,37862.3,3,5058.2,2opt,improve
1250,14,33774.99999999999,3,5058.2,move,improve
1251,14,33774.99999999999,3,5058.2,move,improve
1252,14,29804.399999999994,3,5058.2,move,improve
1253,14,29804.399999999994,3,5058.2,2opt,improve
1254,14,29804.399999999994,3,5058.2,2opt,improve
1255,14,29376.7,3,5058.2,move,improve
1256,14,34729.7,3,5058.2,swap,acceptBad
1257,14,34729.7,3,5058.2,2opt,improve
1258,14,35814.7,3,5058.2,swap,acceptBad
1259,14,35814.7,3,5058.2,swap,improve
1260,14,35814.7,3,5058.2,move,improve
1261,14,35814.7,3,5058.2,2opt,improve
1262,14,35814.7,3,5058.2,swap,improve
1263,14,35814.7,3,5058.2,2opt,improve
1264,14,37063.2,3,5058.2,swap,acceptBad
1265,14,37063.2,3,5058.2,move,improve
1266,14,37063.0,3,5058.2,swap,improve
1267,14,37063.0,3,5058.2,2opt,improve
1268,14,37063.0,3,5058.2,2opt,improve
1269,14,35628.0,3,5058.2,move,improve
1270,14,35628.0,3,5058.2,move,improve
1271,14,30906.0,3,5058.2,move,improve
1272,14,25979.0,3,5058.2,move,improve
1273,14,25979.0,3,5058.2,2opt,improve
1274,14,25979.0,3,5058.2,move,improve
1275,13,23030.6,3,5058.2,2opt,improve
1276,13,23030.6,3,5058.2,2opt,improve
1277,13,23030.6,3,5058.2,move,improve
1278,13,23030.6,3,5058.2,2opt,improve
1279,13,23030.6,3,5058.2,swap,improve
1280,13,23030.6,3,5058.2,2opt,improve
1281,13,30662.6,3,5058.2,2opt,acceptBad
1282,13,28120.6,3,5058.2,move,improve
1283,13,28249.6,3,5058.2,swap,acceptBad
1284,14,33419.69999999999,3,5058.2,2opt,acceptBad
1285,14,31521.8,3,5058.2,swap,improve
1286,14,31521.8,3,5058.2,2opt,improve
1287,14,31521.8,3,5058.2,move,improve
1288,14,31521.8,3,5058.2,swap,improve
1289,14,36578.8,3,5058.2,swap,acceptBad
1290,14,36578.8,3,5058.2,move,improve
1291,14,29493.8,3,5058.2,2opt,improve
1292,14,29493.8,3,5058.2,2opt,improve
1293,14,29493.8,3,5058.2,move,improve
1294,14,29493.8,3,5058.2,swap,improve
1295,14,29493.8,3,5058.2,2opt,improve
1296,14,29493.8,3,5058.2,swap,improve
1297,14,27723.099999999995,3,5058.2,move,improve
1298,14,27723.099999999995,3,5058.2,swap,improve
1299,14,27723.099999999995,3,5058.2,2opt,improve
1300,14,27723.099999999995,3,5058.2,swap,improve
1301,14,27723.099999999995,3,5058.2,2opt,improve
1302,14,27723.099999999995,3,5058.2,2opt,improve
1303,14,27723.099999999995,3,5058.2,move,improve
1304,14,28427.099999999995,3,5058.2,swap,acceptBad
1305,14,28427.099999999995,3,5058.2,move,improve
1306,14,28427.099999999995,3,5058.2,2opt,improve
1307,14,28427.099999999995,3,5058.2,2opt,improve
1308,14,24698.899999999994,3,5058.2,move,improve
1309,14,24698.899999999994,3,5058.2,move,improve
1310,14,24087.899999999994,3,5058.2,2opt,improve
1311,14,24087.899999999994,3,5058.2,2opt,improve
1312,14,38362.200000000004,3,5058.2,swap,acceptBad
1313,14,38362.200000000004,3,5058.2,swap,improve
1314,14,38362.200000000004,3,5058.2,2opt,improve
1315,14,38362.200000000004,3,5058.2,move,improve
1316,14,38362.2,3,5058.2,2opt,improve
1317,14,40285.0,3,5058.2,swap,acceptBad
1318,14,42505.400000000016,3,5058.2,swap,acceptBad
1319,14,42739.60000000002,3,5058.2,2opt,acceptBad
1320,14,42739.60000000002,3,5058.2,swap,improve
1321,14,42739.60000000002,3,5058.2,2opt,notBad
1322,14,42740.90000000001,3,5058.2,swap,acceptBad
1323,14,42873.90000000001,3,5058.2,swap,acceptBad
1324,14,42873.90000000001,3,5058.2,swap,improve
1325,14,42873.90000000001,3,5058.2,swap,improve
1326,14,42873.90000000001,3,5058.2,move,improve
1327,14,42873.90000000001,3,5058.2,2opt,improve
1328,14,42873.90000000001,3,5058.2,swap,improve
1329,14,42873.90000000001,3,5058.2,swap,improve
1330,14,42873.90000000001,3,5058.2,2opt,improve
1331,14,42873.90000000001,3,5058.2,2opt,notBad
1332,14,51254.899999999994,3,5058.2,2opt,acceptBad
1333,14,37241.70000000001,3,5058.2,move,improve
1334,14,34202.3,3,5058.2,move,improve
1335,14,34202.3,3,5058.2,2opt,improve
1336,14,32535.899999999987,3,5058.2,move,improve
1337,14,48146.69999999998,3,5058.2,swap,acceptBad
1338,14,48146.69999999997,3,5058.2,2opt,improve
1339,14,48146.69999999997,3,5058.2,swap,improve
1340,14,48146.69999999997,3,5058.2,2opt,improve
1341,14,48146.69999999997,3,5058.2,2opt,improve
1342,14,58468.299999999974,3,5058.2,swap,acceptBad
1343,14,58468.299999999974,3,5058.2,swap,improve
1344,14,58468.299999999974,3,5058.2,swap,improve
1345,14,58468.299999999974,3,5058.2,swap,improve
1346,14,58468.299999999974,3,5058.2,2opt,improve
1347,14,55089.29999999998,3,5058.2,move,improve
1348,14,55089.29999999998,3,5058.2,swap,improve
1349,14,55089.29999999998,3,5058.2,swap,improve
1350,14,55089.29999999998,3,5058.2,move,improve
1351,14,55089.299999999974,3,5058.2,2opt,improve
1352,14,55089.299999999974,3,5058.2,move,improve
1353,14,55089.299999999974,3,5058.2,move,improve
1354,14,53282.499999999956,3,5058.2,move,improve
1355,14,55193.299999999974,3,5058.2,swap,acceptBad
1356,13,39602.79999999998,3,5058.2,2opt,improve
1357,13,39602.79999999998,3,5058.2,2opt,improve
1358,13,39602.79999999998,3,5058.2,2opt,improve
1359,13,39602.79999999998,3,5058.2,swap,improve
1360,13,32882.99999999999,3,5058.2,move,improve
1361,13,32883.0,3,5058.2,2opt,acceptBad
1362,13,32882.999999999985,3,5058.2,2opt,improve
1363,13,32882.999999999985,3,5058.2,swap,improve
1364,13,32882.999999999985,3,5058.2,2opt,improve
1365,13,32678.999999999985,3,5058.2,move,improve
1366,13,30339.19999999999,3,5058.2,move,improve
1367,13,29665.19999999999,3,5058.2,move,improve
1368,13,29665.19999999999,3,5058.2,swap,improve
1369,13,29665.19999999999,3,5058.2,move,improve
1370,13,29665.19999999999,3,5058.2,swap,improve
1371,13,29630.19999999999,3,5058.2,swap,improve
1372,13,29630.19999999999,3,5058.2,move,improve
1373,13,29630.19999999999,3,5058.2,move,improve
1374,13,29630.19999999999,3,5058.2,2opt,improve
1375,13,29630.19999999999,3,5058.2,2opt,improve
1376,13,29630.19999999999,3,5058.2,swap,improve
1377,13,29462.19999999999,3,5058.2,move,improve
1378,13,29324.19999999999,3,5058.2,swap,improve
1379,13,29324.19999999999,3,5058.2,swap,improve
1380,13,29324.19999999999,3,5058.2,swap,improve
1381,13,29324.19999999999,3,5058.2,2opt,improve
1382,13,30039.999999999996,3,5058.2,swap,acceptBad
1383,12,24621.199999999997,3,5058.2,move,improve
1384,12,24621.199999999997,3,5058.2,swap,improve
1385,12,22827.500000000004,3,5058.2,2opt,improve
1386,12,22827.500000000004,3,5058.2,2opt,improve
1387,12,22827.500000000004,3,5058.2,swap,improve
1388,12,22827.500000000004,3,5058.2,swap,improve
1389,12,22827.500000000004,3,5058.2,move,improve
1390,12,20384.6,3,5058.2,move,improve
1391,12,18376.0,3,5058.2,swap,improve
1392,12,18376.0,3,5058.2,swap,improve
1393,12,18376.0,3,5058.2,swap,improve
1394,12,18376.0,3,5058.2,move,improve
1395,11,14388.0,3,5058.2,move,improve
1396,11,14388.0,3,5058.2,move,improve
1397,11,14388.0,3,5058.2,swap,improve
1398,11,14388.0,3,5058.2,move,improve
1399,11,14388.0,3,5058.2,swap,improve
1400,11,14388.0,3,5058.2,2opt,improve
1401,11,14388.0,3,5058.2,2opt,improve
1402,11,14388.0,3,5058.2,swap,improve
1403,11,14388.0,3,5058.2,2opt,improve
1404,11,14388.0,3,5058.2,move,improve
1405,11,14388.0,3,5058.2,swap,improve
1406,11,14388.0,3,5058.2,2opt,improve
1407,11,14388.0,3,5058.2,move,improve
1408,11,14388.0,3,5058.2,2opt,improve
1409,12,27671.0,3,5058.2,2opt,acceptBad
1410,12,27671.0,3,5058.2,2opt,improve
1411,12,23579.0,3,5058.2,move,improve
1412,12,26563.299999999992,3,5058.2,swap,acceptBad
1413,12,26563.299999999996,3,5058.2,2opt,acceptBad
1414,12,26563.299999999996,3,5058.2,2opt,improve
1415,12,26563.299999999996,3,5058.2,move,improve
1416,12,22314.0,3,5058.2,move,improve
1417,12,22314.0,3,5058.2,move,improve
1418,12,22314.0,3,5058.2,swap,improve
1419,12,20290.0,3,5058.2,swap,improve
1420,12,20290.0,3,5058.2,move,improve
1421,12,20290.0,3,5058.2,swap,improve
1422,12,20290.0,3,5058.2,swap,improve
1423,12,20290.0,3,5058.2,move,improve
1424,12,20290.0,3,5058.2,swap,improve
1425,12,20290.0,3,5058.2,2opt,improve
1426,12,20290.0,3,5058.2,swap,improve
1427,12,20290.0,3,5058.2,2opt,improve
1428,12,20290.0,3,5058.2,move,improve
1429,12,20290.0,3,5058.2,move,improve
1430,12,20290.0,3,5058.2,2opt,improve
1431,12,20290.0,3,5058.2,move,improve
1432,12,20656.4,3,5058.2,swap,acceptBad
1433,12,20656.4,3,5058.2,move,improve
1434,12,20656.399999999994,3,5058.2,2opt,improve
1435,12,20656.399999999994,3,5058.2,swap,improve
1436,12,20656.4,3,5058.2,2opt,acceptBad
1437,12,20656.399999999994,3,5058.2,2opt,improve
1438,12,20656.399999999994,3,5058.2,swap,improve
1439,12,20822.399999999994,3,5058.2,2opt,acceptBad
1440,12,22846.39999999999,3,5058.2,swap,acceptBad
1441,12,22846.399999999994,3,5058.2,2opt,acceptBad
1442,12,22846.399999999994,3,5058.2,2opt,improve
1443,12,22846.399999999994,3,5058.2,swap,improve
1444,12,21099.599999999995,3,5058.2,move,improve
1445,12,21099.59999999999,3,5058.2,2opt,improve
1446,12,19496.399999999998,3,5058.2,move,improve
1447,12,19496.399999999998,3,5058.2,swap,improve
1448,12,20774.399999999994,3,5058.2,swap,acceptBad
1449,12,20774.399999999994,3,5058.2,2opt,improve
1450,12,20774.399999999994,3,5058.2,2opt,notBad
1451,12,21337.099999999995,3,5058.2,swap,acceptBad
1452,12,18348.899999999994,3,5058.2,move,improve
1453,12,18348.9,3,5058.2,2opt,acceptBad
1454,12,18348.9,3,5058.2,2opt,improve
1455,12,18348.9,3,5058.2,move,improve
1456,12,19284.90000000001,3,5058.2,swap,acceptBad
1457,12,16296.7,3,5058.2,move,improve
1458,12,16296.7,3,5058.2,move,improve
1459,12,16296.7,3,5058.2,swap,improve
1460,12,16296.700000000004,3,5058.2,2opt,acceptBad
1461,12,16296.700000000004,3,5058.2,move,improve
1462,12,16115.8,3,5058.2,2opt,improve
1463,12,23467.1,3,5058.2,move,acceptBad
1464,12,23467.1,3,5058.2,move,improve
1465,12,22634.5,3,5058.2,move,improve
1466,12,22634.499999999996,3,5058.2,2opt,improve
1467,12,22634.5,3,5058.2,2opt,acceptBad
1468,12,22634.5,3,5058.2,swap,improve
1469,12,34129.7,3,5058.2,swap,acceptBad
1470,12,34129.700000000004,3,5058.2,2opt,acceptBad
1471,12,34129.700000000004,3,5058.2,move,improve
1472,12,34129.700000000004,3,5058.2,move,improve
1473,12,34129.700000000004,3,5058.2,move,improve
1474,12,23915.700000000004,3,5058.2,move,improve
1475,12,23915.700000000004,3,5058.2,move,improve
1476,12,23915.700000000004,3,5058.2,swap,improve
1477,12,23915.700000000004,3,5058.2,swap,improve
1478,12,23915.700000000004,3,5058.2,move,improve
1479,12,18679.699999999997,3,5058.2,swap,improve
1480,12,18679.699999999997,3,5058.2,move,improve
1481,12,18679.699999999997,3,5058.2,move,improve
1482,12,18679.699999999997,3,5058.2,swap,improve
1483,12,18679.699999999997,3,5058.2,swap,improve
1484,12,20256.0,3,5058.2,2opt,acceptBad
1485,12,20256.0,3,5058.2,2opt,improve
1486,12,20256.0,3,5058.2,swap,improve
1487,12,20256.0,3,5058.2,2opt,notBad
1488,12,20256.0,3,5058.2,2opt,improve
1489,12,20256.0,3,5058.2,2opt,improve
1490,12,20256.0,3,5058.2,move,improve
1491,12,20256.0,3,5058.2,2opt,improve
1492,12,23632.0,3,5058.2,swap,acceptBad
1493,12,23522.0,3,5058.2,swap,improve
1494,12,20807.5,3,5058.2,move,improve
1495,12,20807.5,3,5058.2,swap,improve
1496,12,20807.5,3,5058.2,swap,improve
1497,12,20807.500000000004,3,5058.2,2opt,acceptBad
1498,12,18799.900000000005,3,5058.2,move,improve
1499,12,18513.70000000001,3,5058.2,move,improve
1500,12,18513.700000000004,3,5058.2,2opt,improve
1501,12,18513.700000000004,3,5058.2,move,improve
1502,12,18298.600000000006,3,5058.2,swap,improve
1503,12,18298.600000000006,3,5058.2,move,improve
1504,12,18298.600000000006,3,5058.2,swap,improve
1505,12,18298.600000000006,3,5058.2,2opt,improve
1506,12,18298.600000000006,3,5058.2,swap,improve
1507,12,18298.6,3,5058.2,2opt,improve
1508,12,18298.6,3,5058.2,2opt,notBad
1509,12,18298.6,3,5058.2,swap,improve
1510,12,18298.6,3,5058.2,2opt,improve
1511,12,18298.6,3,5058.2,2opt,notBad
1512,12,18298.6,3,5058.2,2opt,improve
1513,12,18091.2,3,5058.2,swap,improve
1514,12,18091.2,3,5058.2,move,improve
1515,12,18091.2,3,5058.2,swap,improve
1516,12,16605.0,3,5058.2,move,improve
1517,12,19743.3,3,5058.2,swap,acceptBad
1518,12,19743.3,3,5058.2,swap,improve
1519,12,19826.6,3,5058.2,swap,acceptBad
1520,12,19826.600000000006,3,5058.2,2opt,acceptBad
1521,12,19826.600000000006,3,5058.2,move,improve
1522,12,19826.600000000006,3,5058.2,swap,improve
1523,12,20718.5,3,5058.2,swap,acceptBad
1524,12,17035.800000000003,3,5058.2,swap,improve
1525,12,15794.500000000007,3,5058.2,move,improve
1526,12,15794.500000000007,3,5058.2,move,improve
1527,12,15794.500000000007,3,5058.2,move,improve
1528,12,15794.500000000007,3,5058.2,move,improve
1529,12,15794.500000000007,3,5058.2,swap,improve
1530,12,16243.3,3,5058.2,swap,acceptBad
1531,12,16243.3,3,5058.2,move,improve
1532,12,16243.3,3,5058.2,swap,improve
1533,12,14909.3,3,5058.2,2opt,improve
1534,12,14909.3,3,5058.2,move,improve
1535,12,14909.3,3,5058.2,2opt,improve
1536,12,14909.3,3,5058.2,move,improve
1537,12,18130.600000000006,3,5058.2,swap,acceptBad
1538,12,18130.600000000006,3,5058.2,move,improve
1539,12,25934.399999999998,3,5058.2,swap,acceptBad
1540,12,25934.399999999998,3,5058.2,swap,improve
1541,12,25934.399999999998,3,5058.2,2opt,improve
1542,12,19193.599999999995,3,5058.2,move,improve
1543,12,23242.399999999998,3,5058.2,2opt,acceptBad
1544,12,23242.399999999998,3,5058.2,move,improve
1545,12,23242.399999999998,3,5058.2,2opt,notBad
1546,12,23319.399999999998,3,5058.2,swap,acceptBad
1547,12,23319.399999999998,3,5058.2,swap,improve
1548,12,23588.5,3,5058.2,2opt,acceptBad
1549,12,23588.5,3,5058.2,swap,improve
1550,12,23588.5,3,5058.2,move,improve
1551,12,23588.5,3,5058.2,move,improve
1552,12,22521.5,3,5058.2,move,improve
1553,12,22521.5,3,5058.2,move,improve
1554,12,22521.499999999996,3,5058.2,2opt,improve
1555,12,22521.499999999996,3,5058.2,move,improve
1556,12,22521.499999999996,3,5058.2,move,improve
1557,12,22521.5,3,5058.2,2opt,acceptBad
1558,12,24488.299999999996,3,5058.2,2opt,acceptBad
1559,12,24488.299999999996,3,5058.2,2opt,improve
1560,12,24488.299999999996,3,5058.2,swap,improve
1561,12,24488.300000000003,3,5058.2,2opt,acceptBad
1562,13,30148.800000000003,3,5058.2,2opt,acceptBad
1563,13,30230.800000000003,3,5058.2,2opt,acceptBad
1564,13,30230.800000000003,3,5058.2,swap,improve
1565,13,30230.8,3,5058.2,2opt,improve
1566,13,30230.8,3,5058.2,move,improve
1567,13,29705.2,3,5058.2,move,improve
1568,13,29705.199999999986,3,5058.2,2opt,improve
1569,13,29705.199999999986,3,5058.2,2opt,improve
1570,13,29373.99999999999,3,5058.2,swap,improve
1571,13,29373.99999999999,3,5058.2,2opt,improve
1572,13,29373.99999999999,3,5058.2,2opt,improve
1573,13,25310.79999999999,3,5058.2,move,improve
1574,13,25310.79999999999,3,5058.2,swap,improve
1575,13,25310.79999999999,3,5058.2,2opt,improve
1576,13,25310.79999999999,3,5058.2,move,improve
1577,13,25310.79999999999,3,5058.2,2opt,improve
1578,13,25310.79999999999,3,5058.2,2opt,notBad
1579,13,25310.799999999996,3,5058.2,2opt,acceptBad
1580,13,25310.79999999999,3,5058.2,2opt,improve
1581,13,25310.79999999999,3,5058.2,swap,improve
1582,13,25310.79999999999,3,5058.2,swap,improve
1583,13,25310.79999999999,3,5058.2,swap,improve
1584,13,35849.59999999999,3,5058.2,swap,acceptBad
1585,13,35849.59999999999,3,5058.2,2opt,improve
1586,13,30875.2,3,5058.2,2opt,improve
1587,13,30875.199999999997,3,5058.2,2opt,improve
1588,13,32494.0,3,5058.2,2opt,acceptBad
1589,13,34803.59999999999,3,5058.2,swap,acceptBad
1590,13,35255.59999999999,3,5058.2,swap,acceptBad
1591,13,35255.59999999999,3,5058.2,swap,improve
1592,13,35255.59999999999,3,5058.2,move,improve
1593,13,35255.6,3,5058.2,2opt,acceptBad
1594,13,36140.0,3,5058.2,swap,acceptBad
1595,13,36140.0,3,5058.2,2opt,notBad
1596,13,36140.0,3,5058.2,swap,improve
1597,13,36140.0,3,5058.2,swap,improve
1598,13,36140.0,3,5058.2,2opt,improve
1599,13,36140.0,3,5058.2,2opt,improve
1600,13,36140.0,3,5058.2,swap,improve
1601,13,36140.0,3,5058.2,2opt,improve
1602,13,34856.0,3,5058.2,swap,improve
1603,13,34856.0,3,5058.2,2opt,improve
1604,13,34856.0,3,5058.2,2opt,improve
1605,13,34676.59999999999,3,5058.2,2opt,improve
1606,13,34676.59999999999,3,5058.2,move,improve
1607,13,29910.799999999992,3,5058.2,move,improve
1608,13,29910.799999999996,3,5058.2,2opt,acceptBad
1609,13,29910.799999999996,3,5058.2,2opt,improve
1610,13,29910.799999999996,3,5058.2,2opt,notBad
1611,13,29910.799999999996,3,5058.2,move,improve
1612,13,30150.0,3,5058.2,swap,acceptBad
1613,13,30258.799999999996,3,5058.2,swap,acceptBad
1614,13,28082.799999999996,3,5058.2,move,improve
1615,13,28082.799999999996,3,5058.2,2opt,improve
1616,13,28082.799999999996,3,5058.2,move,improve
1617,13,28082.799999999996,3,5058.2,2opt,improve
1618,13,28082.799999999996,3,5058.2,move,improve
1619,13,28082.799999999996,3,5058.2,swap,improve
1620,13,28082.799999999996,3,5058.2,2opt,improve
1621,13,28082.799999999996,3,5058.2,2opt,improve
1622,13,28082.800000000003,3,5058.2,2opt,acceptBad
1623,13,28082.800000000003,3,5058.2,move,improve
1624,13,28082.8,3,5058.2,2opt,improve
1625,13,28082.799999999992,3,5058.2,2opt,improve
1626,13,30258.799999999992,3,5058.2,swap,acceptBad
1627,13,30258.799999999992,3,5058.2,swap,improve
1628,13,30258.799999999992,3,5058.2,swap,improve
1629,13,30258.799999999992,3,5058.2,move,improve
1630,13,41096.79999999999,3,5058.2,swap,acceptBad
1631,13,42952.79999999999,3,5058.2,2opt,acceptBad
1632,13,42952.79999999999,3,5058.2,2opt,improve
1633,13,42952.79999999999,3,5058.2,2opt,improve
1634,13,42952.79999999999,3,5058.2,swap,improve
1635,13,43000.799999999996,3,5058.2,2opt,acceptBad
1636,13,43000.799999999996,3,5058.2,swap,improve
1637,13,43000.799999999996,3,5058.2,swap,improve
1638,13,43000.799999999996,3,5058.2,move,improve
1639,13,43000.799999999996,3,5058.2,2opt,improve
1640,13,37324.799999999996,3,5058.2,move,improve
1641,13,37324.799999999996,3,5058.2,move,improve
1642,13,32824.799999999996,3,5058.2,move,improve
1643,13,32824.799999999996,3,5058.2,move,improve
1644,13,32824.79999999999,3,5058.2,2opt,improve
1645,13,32824.79999999999,3,5058.2,swap,improve
1646,13,29660.799999999996,3,5058.2,move,improve
1647,13,29660.799999999992,3,5058.2,2opt,improve
1648,13,29660.799999999992,3,5058.2,swap,improve
1649,13,29660.799999999996,3,5058.2,2opt,acceptBad
1650,13,28655.199999999997,3,5058.2,move,improve
1651,13,28655.199999999997,3,5058.2,swap,improve
1652,13,28655.200000000008,3,5058.2,2opt,acceptBad
1653,13,28655.200000000008,3,5058.2,swap,improve
1654,13,33820.8,3,5058.2,2opt,acceptBad
1655,13,33820.8,3,5058.2,2opt,improve
1656,13,33820.8,3,5058.2,2opt,improve
1657,13,33820.8,3,5058.2,move,improve
1658,13,33820.8,3,5058.2,move,improve
1659,13,27774.400000000005,3,5058.2,move,improve
1660,13,26418.800000000003,3,5058.2,move,improve
1661,13,26418.800000000003,3,5058.2,move,improve
1662,13,26418.800000000003,3,5058.2,2opt,improve
1663,13,31922.8,3,5058.2,2opt,acceptBad
1664,13,31922.8,3,5058.2,move,improve
1665,13,31922.800000000003,3,5058.2,2opt,acceptBad
1666,13,31922.800000000003,3,5058.2,move,improve
1667,13,31922.800000000003,3,5058.2,2opt,improve
1668,13,30782.800000000003,3,5058.2,move,improve
1669,13,30782.800000000003,3,5058.2,move,improve
1670,13,31220.800000000003,3,5058.2,swap,acceptBad
1671,13,26856.800000000003,3,5058.2,move,improve
1672,13,28236.800000000003,3,5058.2,move,acceptBad
1673,13,28236.799999999996,3,5058.2,2opt,improve
1674,13,28236.799999999996,3,5058.2,swap,improve
1675,13,23525.999999999996,3,5058.2,move,improve
1676,14,26309.799999999996,3,5058.2,2opt,acceptBad
1677,14,29688.100000000002,3,5058.2,swap,acceptBad
1678,14,29688.100000000002,3,5058.2,move,improve
1679,14,24607.7,3,5058.2,move,improve
1680,14,43889.3,3,5058.2,move,acceptBad
1681,14,43889.3,3,5058.2,swap,improve
1682,14,43889.3,3,5058.2,swap,improve
1683,14,44488.0,3,5058.2,2opt,acceptBad
1684,14,45217.50000000001,3,5058.2,swap,acceptBad
1685,14,45217.50000000001,3,5058.2,2opt,notBad
1686,14,45217.50000000001,3,5058.2,swap,improve
1687,14,52307.700000000004,3,5058.2,2opt,acceptBad
1688,14,52307.700000000004,3,5058.2,2opt,improve
1689,14,54044.0,3,5058.2,swap,acceptBad
1690,14,52136.6,3,5058.2,swap,improve
1691,14,59524.59999999999,3,5058.2,2opt,acceptBad
1692,14,42204.6,3,5058.2,move,improve
1693,14,42204.59999999999,3,5058.2,2opt,improve
1694,14,42204.59999999999,3,5058.2,move,improve
1695,14,40352.0,3,5058.2,move,improve
1696,14,40352.0,3,5058.2,move,improve
1697,14,40352.0,3,5058.2,2opt,improve
1698,14,40352.0,3,5058.2,2opt,improve
1699,14,40352.0,3,5058.2,move,improve
1700,14,40352.0,3,5058.2,2opt,notBad
1701,14,40352.0,3,5058.2,swap,improve
1702,14,40352.0,3,5058.2,move,improve
1703,14,46647.0,3,5058.2,swap,acceptBad
1704,14,46647.0,3,5058.2,move,improve
1705,14,46647.0,3,5058.2,2opt,improve
1706,14,46647.0,3,5058.2,swap,improve
1707,14,46647.0,3,5058.2,2opt,improve
1708,14,47346.79999999999,3,5058.2,swap,acceptBad
1709,14,47346.79999999999,3,5058.2,2opt,improve
1710,14,47346.79999999999,3,5058.2,2opt,improve
1711,14,47346.799999999996,3,5058.2,2opt,acceptBad
1712,14,35851.79999999999,3,5058.2,move,improve
1713,14,34893.69999999999,3,5058.2,move,improve
1714,14,32423.699999999983,3,5058.2,move,improve
1715,14,32423.699999999983,3,5058.2,swap,improve
1716,14,32423.699999999983,3,5058.2,move,improve
1717,14,32423.699999999983,3,5058.2,2opt,improve
1718,14,29124.79999999999,3,5058.2,move,improve
1719,14,44147.79999999999,3,5058.2,swap,acceptBad
1720,14,44147.79999999999,3,5058.2,swap,improve
1721,14,44147.79999999999,3,5058.2,move,improve
1722,14,44147.79999999999,3,5058.2,move,improve
1723,14,44147.79999999999,3,5058.2,swap,improve
1724,14,43427.79999999999,3,5058.2,swap,improve
1725,14,40093.29999999999,3,5058.2,move,improve
1726,14,40095.09999999999,3,5058.2,swap,acceptBad
1727,14,40095.09999999999,3,5058.2,swap,improve
1728,14,40095.09999999999,3,5058.2,move,improve
1729,14,40095.09999999999,3,5058.2,move,improve
1730,14,40095.100000000006,3,5058.2,2opt,acceptBad
1731,14,40095.100000000006,3,5058.2,move,improve
1732,14,40095.100000000006,3,5058.2,swap,improve
1733,14,28042.800000000003,3,5058.2,move,improve
1734,14,30544.0,3,5058.2,2opt,acceptBad
1735,14,30544.0,3,5058.2,2opt,notBad
1736,14,30544.0,3,5058.2,move,improve
1737,14,30544.0,3,5058.2,2opt,notBad
1738,14,30544.0,3,5058.2,swap,improve
1739,14,30544.0,3,5058.2,2opt,improve
1740,14,30544.0,3,5058.2,move,improve
1741,14,30544.0,3,5058.2,move,improve
1742,14,30544.0,3,5058.2,2opt,improve
1743,14,30544.0,3,5058.2,move,improve
1744,14,30544.0,3,5058.2,swap,improve
1745,14,30544.0,3,5058.2,move,improve
1746,14,30544.0,3,5058.2,move,improve
1747,14,30544.0,3,5058.2,move,improve
1748,14,30544.0,3,5058.2,swap,improve
1749,14,30544.0,3,5058.2,swap,improve
1750,14,29296.0,3,5058.2,swap,improve
1751,15,36450.0,3,5058.2,2opt,acceptBad
1752,15,36450.0,3,5058.2,2opt,improve
1753,15,36450.0,3,5058.2,2opt,notBad
1754,15,36450.0,3,5058.2,swap,improve
1755,15,36450.0,3,5058.2,move,improve
1756,15,36450.0,3,5058.2,swap,improve
1757,15,36774.0,3,5058.2,swap,acceptBad
1758,15,36774.0,3,5058.2,2opt,improve
1759,15,36774.0,3,5058.2,2opt,improve
1760,15,36320.0,3,5058.2,swap,improve
1761,15,36320.0,3,5058.2,2opt,improve
1762,15,37440.0,3,5058.2,swap,acceptBad
1763,15,37440.0,3,5058.2,2opt,improve
1764,15,37440.0,3,5058.2,move,improve
1765,15,35964.0,3,5058.2,swap,improve
1766,15,35292.0,3,5058.2,move,improve
1767,15,35292.0,3,5058.2,2opt,improve
1768,15,35292.0,3,5058.2,2opt,improve
1769,15,34466.0,3,5058.2,2opt,improve
1770,15,33518.0,3,5058.2,move,improve
1771,15,33518.0,3,5058.2,move,improve
1772,15,33518.0,3,5058.2,swap,improve
1773,15,33518.0,3,5058.2,swap,improve
1774,15,33518.0,3,5058.2,move,improve
1775,15,33518.0,3,5058.2,2opt,improve
1776,15,33518.0,3,5058.2,2opt,improve
1777,15,33518.0,3,5058.2,2opt,improve
1778,15,35063.0,3,5058.2,swap,acceptBad
1779,15,35063.0,3,5058.2,move,improve
1780,15,35063.0,3,5058.2,2opt,improve
1781,15,35063.0,3,5058.2,2opt,improve
1782,15,35063.0,3,5058.2,2opt,improve
1783,15,35063.0,3,5058.2,swap,notBad
1784,15,35063.0,3,5058.2,2opt,improve
1785,15,35063.0,3,5058.2,move,improve
1786,15,35063.0,3,5058.2,move,improve
1787,15,35063.0,3,5058.2,move,improve
1788,15,35063.0,3,5058.2,move,improve
1789,15,33733.0,3,5058.2,move,improve
1790,15,33733.0,3,5058.2,swap,improve
1791,15,33733.0,3,5058.2,2opt,improve
1792,15,33733.0,3,5058.2,2opt,notBad
1793,15,31495.0,3,5058.2,swap,improve
1794,15,31495.0,3,5058.2,move,improve
1795,15,31495.0,3,5058.2,swap,improve
1796,15,31495.0,3,5058.2,swap,improve
1797,15,31495.0,3,5058.2,move,improve
1798,15,31495.0,3,5058.2,swap,improve
1799,15,31495.0,3,5058.2,2opt,improve
1800,15,31495.0,3,5058.2,move,improve
1801,15,31495.0,3,5058.2,move,improve
1802,15,35962.0,3,5058.2,swap,acceptBad
1803,15,35962.0,3,5058.2,2opt,improve
1804,15,35962.0,3,5058.2,swap,improve
1805,15,35962.0,3,5058.2,move,improve
1806,15,35962.0,3,5058.2,2opt,improve
1807,15,35962.0,3,5058.2,2opt,improve
1808,15,35962.0,3,5058.2,2opt,improve
1809,15,35962.0,3,5058.2,move,improve
1810,15,35962.0,3,5058.2,swap,improve
1811,15,35661.40000000001,3,5058.2,move,improve
1812,15,35661.40000000001,3,5058.2,move,improve
1813,15,32676.400000000005,3,5058.2,move,improve
1814,15,32676.400000000005,3,5058.2,swap,improve
1815,15,32676.400000000005,3,5058.2,move,improve
1816,15,32676.400000000005,3,5058.2,move,improve
1817,15,32676.400000000005,3,5058.2,2opt,improve
1818,15,32676.400000000005,3,5058.2,2opt,notBad
1819,15,32676.400000000005,3,5058.2,swap,improve
1820,15,32676.400000000005,3,5058.2,2opt,notBad
1821,15,32634.400000000005,3,5058.2,move,improve
1822,15,32634.400000000005,3,5058.2,2opt,improve
1823,15,32634.400000000005,3,5058.2,move,improve
1824,15,32634.400000000005,3,5058.2,swap,improve
1825,15,32634.400000000005,3,5058.2,move,improve
1826,15,32634.400000000005,3,5058.2,2opt,improve
1827,15,32634.400000000005,3,5058.2,2opt,improve
1828,15,32634.400000000005,3,5058.2,2opt,notBad
1829,15,32634.400000000005,3,5058.2,move,improve
1830,15,32634.400000000005,3,5058.2,move,improve
1831,15,32634.400000000005,3,5058.2,swap,improve
1832,15,32634.400000000005,3,5058.2,move,improve
1833,15,32634.400000000005,3,5058.2,swap,improve
1834,15,28364.0,3,5058.2,move,improve
1835,15,28364.0,3,5058.2,move,improve
1836,15,28364.0,3,5058.2,2opt,improve
1837,14,25233.5,3,5058.2,2opt,improve
1838,14,25233.5,3,5058.2,2opt,improve
1839,14,25233.5,3,5058.2,swap,improve
1840,14,25233.5,3,5058.2,swap,improve
1841,14,25233.5,3,5058.2,move,improve
1842,14,25233.5,3,5058.2,2opt,improve
1843,14,25233.5,3,5058.2,move,improve
1844,14,25233.5,3,5058.2,swap,improve
1845,14,25233.5,3,5058.2,swap,improve
1846,14,25233.5,3,5058.2,2opt,improve
1847,14,25233.5,3,5058.2,move,improve
1848,14,25233.5,3,5058.2,2opt,improve
1849,14,24648.5,3,5058.2,2opt,improve
1850,14,24648.5,3,5058.2,move,improve
1851,14,24648.5,3,5058.2,move,improve
1852,14,24648.5,3,5058.2,2opt,improve
1853,14,24648.5,3,5058.2,2opt,improve
1854,14,24648.5,3,5058.2,2opt,notBad
1855,14,24648.5,3,5058.2,move,improve
1856,14,24648.5,3,5058.2,2opt,improve
1857,14,24648.5,3,5058.2,swap,improve
1858,14,24648.5,3,5058.2,move,improve
1859,14,24648.5,3,5058.2,move,improve
1860,14,24648.5,3,5058.2,swap,improve
1861,14,27949.5,3,5058.2,swap,acceptBad
1862,14,27949.5,3,5058.2,2opt,improve
1863,13,21233.0,3,5058.2,move,improve
1864,13,21233.0,3,5058.2,2opt,improve
1865,13,21233.0,3,5058.2,swap,improve
1866,13,21233.0,3,5058.2,2opt,improve
1867,13,21233.0,3,5058.2,2opt,improve
1868,13,21233.0,3,5058.2,2opt,improve
1869,13,21233.0,3,5058.2,2opt,improve
1870,13,21233.0,3,5058.2,swap,improve
1871,13,21233.0,3,5058.2,move,improve
1872,13,21233.0,3,5058.2,swap,improve
1873,13,21233.0,3,5058.2,swap,improve
1874,13,21233.0,3,5058.2,move,improve
1875,13,21233.0,3,5058.2,move,improve
1876,13,21233.0,3,5058.2,2opt,improve
1877,13,21233.0,3,5058.2,2opt,notBad
1878,14,27949.5,3,5058.2,2opt,acceptBad
1879,14,27949.5,3,5058.2,move,improve
1880,14,27949.5,3,5058.2,2opt,improve
1881,14,27949.5,3,5058.2,move,improve
1882,14,27949.5,3,5058.2,move,improve
1883,14,27949.5,3,5058.2,2opt,improve
1884,14,27949.5,3,5058.2,move,improve
1885,14,27949.5,3,5058.2,2opt,improve
1886,14,27949.5,3,5058.2,swap,notBad
1887,14,27949.5,3,5058.2,swap,improve
1888,14,27949.5,3,5058.2,2opt,improve
1889,14,27949.5,3,5058.2,move,improve
1890,14,27949.5,3,5058.2,move,improve
1891,14,27949.5,3,5058.2,move,improve
1892,14,27949.5,3,5058.2,move,improve
1893,14,27949.5,3,5058.2,move,improve
1894,14,27949.5,3,5058.2,swap,improve
1895,14,27949.5,3,5058.2,2opt,notBad
1896,14,27949.5,3,5058.2,move,improve
1897,14,27949.5,3,5058.2,swap,improve
1898,14,34137.5,3,5058.2,2opt,acceptBad
1899,14,34137.5,3,5058.2,2opt,notBad
1900,14,34137.5,3,5058.2,swap,improve
1901,14,36538.0,3,5058.2,2opt,acceptBad
1902,14,36538.0,3,5058.2,2opt,notBad
1903,14,36538.0,3,5058.2,2opt,improve
1904,14,36538.0,3,5058.2,2opt,improve
1905,14,32393.600000000006,3,5058.2,move,improve
1906,14,32393.600000000006,3,5058.2,swap,improve
1907,14,32393.600000000006,3,5058.2,2opt,improve
1908,14,32393.600000000006,3,5058.2,2opt,notBad
1909,14,32393.600000000006,3,5058.2,2opt,improve
1910,14,32393.600000000006,3,5058.2,move,improve
1911,14,32393.600000000006,3,5058.2,move,improve
1912,14,32393.600000000006,3,5058.2,2opt,improve
1913,14,32393.600000000006,3,5058.2,swap,improve
1914,14,32393.600000000006,3,5058.2,move,improve
1915,14,32393.600000000006,3,5058.2,move,improve
1916,14,32393.600000000006,3,5058.2,move,improve
1917,14,32393.600000000006,3,5058.2,swap,improve
1918,14,32393.600000000006,3,5058.2,move,improve
1919,14,32393.600000000006,3,5058.2,move,improve
1920,14,30731.500000000004,3,5058.2,move,improve
1921,14,30918.500000000004,3,5058.2,swap,acceptBad
1922,13,22248.799999999996,3,5058.2,move,improve
1923,13,22248.799999999996,3,5058.2,move,improve
1924,13,22248.799999999996,3,5058.2,2opt,improve
1925,13,22248.799999999996,3,5058.2,2opt,improve
1926,13,22248.799999999996,3,5058.2,2opt,improve
1927,13,22248.800000000003,3,5058.2,2opt,acceptBad
1928,13,22248.800000000007,3,5058.2,2opt,acceptBad
1929,13,22248.800000000007,3,5058.2,2opt,improve
1930,13,22248.800000000003,3,5058.2,2opt,improve
1931,13,22248.800000000007,3,5058.2,2opt,acceptBad
1932,13,22248.800000000007,3,5058.2,swap,improve
1933,13,26125.000000000007,3,5058.2,swap,acceptBad
1934,13,26125.000000000007,3,5058.2,swap,improve
1935,13,26125.000000000007,3,5058.2,move,improve
1936,13,26125.000000000007,3,5058.2,2opt,notBad
1937,13,26125.000000000004,3,5058.2,2opt,improve
1938,13,27619.999999999993,3,5058.2,swap,acceptBad
1939,13,27619.999999999993,3,5058.2,2opt,improve
1940,13,27619.999999999993,3,5058.2,2opt,improve
1941,13,27619.99999999999,3,5058.2,2opt,improve
1942,13,27490.79999999999,3,5058.2,swap,improve
1943,13,31556.599999999995,3,5058.2,2opt,acceptBad
1944,13,31946.599999999995,3,5058.2,swap,acceptBad
1945,13,31946.599999999995,3,5058.2,move,improve
1946,13,45459.8,3,5058.2,swap,acceptBad
1947,13,46547.8,3,5058.2,swap,acceptBad
1948,13,48597.8,3,5058.2,2opt,acceptBad
1949,13,53193.8,3,5058.2,swap,acceptBad
1950,13,30415.8,3,5058.2,move,improve
1951,13,30415.8,3,5058.2,2opt,improve
1952,13,30415.8,3,5058.2,move,improve
1953,13,30415.799999999992,3,5058.2,2opt,improve
1954,13,29747.79999999999,3,5058.2,2opt,improve
1955,13,29747.79999999999,3,5058.2,move,improve
1956,13,29747.79999999999,3,5058.2,move,improve
1957,13,29747.79999999999,3,5058.2,move,improve
1958,13,29747.79999999999,3,5058.2,swap,improve
1959,13,29747.79999999999,3,5058.2,2opt,improve
1960,13,29747.799999999992,3,5058.2,2opt,acceptBad
1961,13,29747.799999999992,3,5058.2,swap,improve
1962,13,29747.8,3,5058.2,2opt,acceptBad
1963,13,29747.8,3,5058.2,move,improve
1964,13,29747.8,3,5058.2,swap,improve
1965,13,30197.600000000002,3,5058.2,swap,acceptBad
1966,13,28617.4,3,5058.2,swap,improve
1967,13,28617.400000000005,3,5058.2,2opt,acceptBad
1968,13,28617.400000000005,3,5058.2,swap,improve
1969,13,25365.200000000004,3,5058.2,move,improve
1970,13,25365.200000000004,3,5058.2,2opt,notBad
1971,13,25365.200000000004,3,5058.2,swap,improve
1972,13,25365.200000000004,3,5058.2,swap,improve
1973,13,25365.20000000001,3,5058.2,2opt,acceptBad
1974,13,25365.200000000008,3,5058.2,2opt,improve
1975,13,25459.200000000008,3,5058.2,swap,acceptBad
1976,13,27068.4,3,5058.2,swap,acceptBad
1977,13,27792.4,3,5058.2,swap,acceptBad
1978,13,28306.399999999998,3,5058.2,swap,acceptBad
1979,13,28306.4,3,5058.2,2opt,acceptBad
1980,13,27123.200000000008,3,5058.2,move,improve
1981,13,27123.200000000008,3,5058.2,2opt,improve
1982,13,27123.200000000008,3,5058.2,2opt,notBad
1983,13,27123.200000000008,3,5058.2,swap,improve
1984,13,27123.200000000008,3,5058.2,swap,improve
1985,13,26836.80000000001,3,5058.2,swap,improve
1986,13,26836.80000000001,3,5058.2,swap,improve
1987,13,26836.80000000001,3,5058.2,2opt,improve
1988,13,26836.80000000001,3,5058.2,2opt,improve
1989,13,26888.4,3,5058.2,swap,acceptBad
1990,13,26792.800000000007,3,5058.2,2opt,improve
1991,13,26792.800000000007,3,5058.2,swap,improve
1992,13,26792.800000000007,3,5058.2,swap,improve
1993,13,26792.800000000014,3,5058.2,2opt,acceptBad
1994,13,26792.800000000014,3,5058.2,2opt,improve
1995,13,26784.000000000015,3,5058.2,move,improve
1996,13,26784.000000000015,3,5058.2,move,improve
1997,13,26784.000000000015,3,5058.2,move,improve
1998,13,26985.999999999996,3,5058.2,2opt,acceptBad
1999,13,26985.999999999996,3,5058.2,swap,improve
2000,13,27041.999999999993,3,5058.2,swap,acceptBad
2001,13,27041.999999999993,3,5058.2,2opt,improve
2002,13,27041.999999999993,3,5058.2,2opt,improve
2003,13,27041.999999999993,3,5058.2,2opt,notBad
2004,13,26241.999999999993,3,5058.2,swap,improve
2005,13,28386.0,3,5058.2,2opt,acceptBad
2006,13,28386.0,3,5058.2,swap,improve
2007,13,28386.0,3,5058.2,2opt,improve
2008,13,24620.0,3,5058.2,move,improve
2009,13,24620.0,3,5058.2,move,improve
2010,13,24620.0,3,5058.2,2opt,improve
2011,13,20460.0,3,5058.2,move,improve
2012,13,20460.0,3,5058.2,swap,improve
2013,13,20460.0,3,5058.2,2opt,improve
2014,13,20460.0,3,5058.2,move,improve
2015,13,20460.0,3,5058.2,swap,improve
2016,13,20460.0,3,5058.2,2opt,improve
2017,13,25288.0,3,5058.2,swap,acceptBad
2018,13,25288.0,3,5058.2,2opt,improve
2019,13,26764.0,3,5058.2,swap,acceptBad
2020,13,26764.0,3,5058.2,move,improve
2021,13,26708.0,3,5058.2,2opt,improve
2022,13,26708.0,3,5058.2,move,improve
2023,13,26708.0,3,5058.2,2opt,improve
2024,13,26708.0,3,5058.2,2opt,notBad
2025,13,26708.0,3,5058.2,2opt,improve
2026,13,29738.200000000004,3,5058.2,swap,acceptBad
2027,13,29738.200000000004,3,5058.2,move,improve
2028,13,29794.200000000004,3,5058.2,swap,acceptBad
2029,13,26461.2,3,5058.2,move,improve
2030,13,26461.2,3,5058.2,2opt,improve
2031,13,26461.2,3,5058.2,2opt,improve
2032,13,26461.2,3,5058.2,move,improve
2033,13,29794.200000000004,3,5058.2,swap,acceptBad
2034,13,29794.200000000004,3,5058.2,swap,improve
2035,13,29794.200000000004,3,5058.2,move,improve
2036,13,31846.199999999997,3,5058.2,2opt,acceptBad
2037,13,31846.199999999997,3,5058.2,move,improve
2038,13,31846.199999999997,3,5058.2,swap,improve
2039,13,31846.199999999997,3,5058.2,2opt,improve
2040,13,31760.599999999995,3,5058.2,swap,improve
2041,13,27938.599999999995,3,5058.2,move,improve
2042,13,28371.799999999996,3,5058.2,swap,acceptBad
2043,13,27823.39999999999,3,5058.2,move,improve
2044,13,27823.39999999999,3,5058.2,move,improve
2045,13,27823.39999999999,3,5058.2,move,improve
2046,13,27823.39999999999,3,5058.2,2opt,improve
2047,13,27892.99999999999,3,5058.2,2opt,acceptBad
2048,13,28679.199999999993,3,5058.2,2opt,acceptBad
2049,13,26373.999999999993,3,5058.2,move,improve
2050,13,26373.999999999993,3,5058.2,2opt,improve
2051,13,26373.999999999993,3,5058.2,move,improve
2052,13,26373.999999999993,3,5058.2,2opt,notBad
2053,13,31280.39999999999,3,5058.2,2opt,acceptBad
2054,13,31280.39999999999,3,5058.2,swap,improve
2055,13,29924.39999999999,3,5058.2,swap,improve
2056,13,29924.39999999999,3,5058.2,swap,improve
2057,13,29924.39999999999,3,5058.2,2opt,improve
2058,13,29924.39999999999,3,5058.2,2opt,notBad
2059,13,29924.39999999999,3,5058.2,move,improve
2060,13,34134.399999999994,3,5058.2,2opt,acceptBad
2061,13,27336.399999999998,3,5058.2,move,improve
2062,13,27336.399999999998,3,5058.2,swap,improve
2063,13,27336.399999999998,3,5058.2,move,improve
2064,13,27336.399999999994,3,5058.2,2opt,improve
2065,13,27336.399999999994,3,5058.2,move,improve
2066,13,27336.399999999994,3,5058.2,2opt,improve
2067,13,27336.399999999994,3,5058.2,swap,improve
2068,13,27336.399999999994,3,5058.2,move,improve
2069,13,27336.399999999998,3,5058.2,2opt,acceptBad
2070,13,27336.399999999998,3,5058.2,move,improve
2071,13,27336.399999999998,3,5058.2,swap,improve
2072,13,23651.999999999996,3,5058.2,swap,improve
2073,13,23776.399999999998,3,5058.2,swap,acceptBad
2074,13,23776.399999999998,3,5058.2,swap,improve
2075,13,23776.399999999994,3,5058.2,2opt,improve
2076,13,23776.399999999994,3,5058.2,swap,improve
2077,13,23776.399999999994,3,5058.2,2opt,improve
2078,13,23776.399999999994,3,5058.2,move,improve
2079,13,23776.399999999994,3,5058.2,2opt,improve
2080,13,23776.399999999994,3,5058.2,2opt,improve
2081,13,23776.399999999994,3,5058.2,move,improve
2082,13,23776.399999999994,3,5058.2,2opt,notBad
2083,13,23776.399999999994,3,5058.2,swap,improve
2084,13,23776.399999999994,3,5058.2,2opt,improve
2085,13,23776.399999999994,3,5058.2,2opt,improve
2086,13,23776.399999999994,3,5058.2,swap,improve
2087,13,23776.399999999994,3,5058.2,move,improve
2088,13,23776.399999999994,3,5058.2,swap,improve
2089,13,23776.399999999994,3,5058.2,2opt,improve
2090,13,23776.399999999994,3,5058.2,move,improve
2091,13,23776.399999999994,3,5058.2,swap,improve
2092,13,23776.399999999994,3,5058.2,move,improve
2093,13,23776.399999999994,3,5058.2,move,improve
2094,13,18163.999999999993,3,5058.2,move,improve
2095,13,18163.999999999993,3,5058.2,swap,improve
2096,13,18163.999999999993,3,5058.2,swap,improve
2097,13,17965.999999999993,3,5058.2,move,improve
2098,13,17965.999999999996,3,5058.2,2opt,acceptBad
2099,13,17965.999999999996,3,5058.2,2opt,improve
2100,13,17965.999999999996,3,5058.2,swap,improve
2101,13,18163.999999999996,3,5058.2,swap,acceptBad
2102,13,18163.999999999996,3,5058.2,2opt,notBad
2103,13,18163.999999999993,3,5058.2,2opt,improve
2104,13,17965.999999999996,3,5058.2,2opt,improve
2105,13,17965.999999999996,3,5058.2,2opt,improve
2106,13,17965.999999999996,3,5058.2,swap,improve
2107,13,17965.999999999996,3,5058.2,2opt,notBad
2108,13,17965.999999999996,3,5058.2,2opt,notBad
2109,13,17966.0,3,5058.2,2opt,acceptBad
2110,13,17966.0,3,5058.2,move,improve
2111,13,17338.0,3,5058.2,move,improve
2112,13,17282.799999999996,3,5058.2,move,improve
2113,13,17282.799999999996,3,5058.2,swap,improve
2114,13,17282.799999999996,3,5058.2,swap,improve
2115,13,17282.799999999996,3,5058.2,move,improve
2116,13,17282.799999999996,3,5058.2,swap,improve
2117,13,17282.799999999996,3,5058.2,swap,improve
2118,13,17282.8,3,5058.2,2opt,acceptBad
2119,13,17532.800000000003,3,5058.2,2opt,acceptBad
2120,13,17532.800000000003,3,5058.2,move,improve
2121,13,17532.800000000003,3,5058.2,move,improve
2122,13,17532.800000000003,3,5058.2,move,improve
2123,13,17532.8,3,5058.2,2opt,improve
2124,13,17532.8,3,5058.2,move,improve
2125,13,17532.8,3,5058.2,swap,improve
2126,13,17643.199999999997,3,5058.2,swap,acceptBad
2127,13,17643.199999999997,3,5058.2,swap,improve
2128,13,17643.199999999997,3,5058.2,move,improve
2129,13,17643.199999999997,3,5058.2,swap,improve
2130,13,17643.199999999997,3,5058.2,move,improve
2131,13,17643.199999999997,3,5058.2,swap,improve
2132,13,17643.199999999997,3,5058.2,2opt,notBad
2133,13,19136.6,3,5058.2,2opt,acceptBad
2134,13,19136.6,3,5058.2,swap,improve
2135,13,19136.6,3,5058.2,swap,improve
2136,13,19136.6,3,5058.2,move,improve
2137,13,19136.6,3,5058.2,2opt,improve
2138,13,19136.6,3,5058.2,2opt,improve
2139,13,19136.6,3,5058.2,move,improve
2140,13,20300.6,3,5058.2,swap,acceptBad
2141,13,20300.6,3,5058.2,swap,improve
2142,13,19502.199999999997,3,5058.2,move,improve
2143,13,19502.199999999997,3,5058.2,move,improve
2144,13,19502.199999999997,3,5058.2,move,improve
2145,13,19502.199999999997,3,5058.2,2opt,improve
2146,13,19502.199999999997,3,5058.2,swap,improve
2147,13,19502.199999999997,3,5058.2,2opt,improve
2148,13,18513.600000000002,3,5058.2,move,improve
2149,13,18513.6,3,5058.2,2opt,improve
2150,13,18513.6,3,5058.2,2opt,notBad
2151,13,18513.6,3,5058.2,move,improve
2152,13,18513.6,3,5058.2,swap,improve
2153,13,18513.6,3,5058.2,move,improve
2154,13,18513.6,3,5058.2,2opt,notBad
2155,13,18513.6,3,5058.2,2opt,improve
2156,13,18513.6,3,5058.2,move,improve
2157,13,18513.6,3,5058.2,move,improve
2158,13,18513.6,3,5058.2,swap,improve
2159,13,20313.4,3,5058.2,swap,acceptBad
2160,13,20313.4,3,5058.2,move,improve
2161,13,18774.200000000004,3,5058.2,move,improve
2162,13,18774.200000000004,3,5058.2,2opt,notBad
2163,13,17643.199999999997,3,5058.2,move,improve
2164,13,17643.199999999997,3,5058.2,move,improve
2165,13,17643.199999999997,3,5058.2,swap,improve
2166,13,17643.199999999997,3,5058.2,swap,improve
2167,13,17643.199999999997,3,5058.2,swap,notBad
2168,13,17643.199999999997,3,5058.2,swap,improve
2169,13,17643.199999999997,3,5058.2,2opt,improve
2170,13,17643.199999999997,3,5058.2,move,improve
2171,13,17439.199999999997,3,5058.2,move,improve
2172,13,17439.199999999997,3,5058.2,swap,improve
2173,13,17439.199999999997,3,5058.2,swap,notBad
2174,13,17439.199999999997,3,5058.2,2opt,notBad
2175,13,17439.199999999997,3,5058.2,move,improve
2176,13,20417.6,3,5058.2,swap,acceptBad
2177,13,20417.6,3,5058.2,swap,notBad
2178,13,20417.6,3,5058.2,move,improve
2179,13,20417.6,3,5058.2,swap,improve
2180,13,20417.6,3,5058.2,move,improve
2181,13,20417.6,3,5058.2,move,improve
2182,13,20417.6,3,5058.2,move,improve
2183,13,20417.6,3,5058.2,move,improve
2184,13,20417.6,3,5058.2,move,improve
2185,13,20417.59999999999,3,5058.2,2opt,improve
2186,13,20417.59999999999,3,5058.2,move,improve
2187,13,20417.59999999999,3,5058.2,swap,improve
2188,13,20417.59999999999,3,5058.2,move,improve
2189,13,20417.6,3,5058.2,2opt,acceptBad
2190,13,20417.6,3,5058.2,2opt,notBad
2191,13,20417.6,3,5058.2,move,improve
2192,13,19454.4,3,5058.2,move,improve
2193,13,19454.4,3,5058.2,move,improve
2194,13,19454.4,3,5058.2,swap,improve
2195,13,19454.4,3,5058.2,swap,improve
2196,13,19454.4,3,5058.2,swap,improve
2197,13,19454.4,3,5058.2,move,improve
2198,13,19321.6,3,5058.2,move,improve
2199,13,19321.6,3,5058.2,move,improve
2200,13,19321.6,3,5058.2,move,improve
2201,13,19321.6,3,5058.2,swap,improve
2202,13,19321.6,3,5058.2,2opt,improve
2203,13,19321.6,3,5058.2,swap,improve
2204,13,22731.8,3,5058.2,swap,acceptBad
2205,13,22768.6,3,5058.2,swap,acceptBad
2206,13,19647.199999999997,3,5058.2,move,improve
2207,13,18543.2,3,5058.2,move,improve
2208,13,18543.2,3,5058.2,swap,improve
2209,13,18507.2,3,5058.2,swap,improve
2210,13,20859.399999999994,3,5058.2,2opt,acceptBad
2211,13,20859.399999999994,3,5058.2,move,improve
2212,13,20859.399999999994,3,5058.2,move,improve
2213,13,20859.399999999994,3,5058.2,swap,improve
2214,13,22362.8,3,5058.2,swap,acceptBad
2215,13,22362.8,3,5058.2,swap,improve
2216,13,22362.8,3,5058.2,move,improve
2217,13,22362.799999999992,3,5058.2,2opt,improve
2218,13,22362.799999999992,3,5058.2,move,improve
2219,13,22362.799999999992,3,5058.2,move,improve
2220,13,20249.199999999993,3,5058.2,move,improve
2221,13,20249.199999999993,3,5058.2,swap,improve
2222,13,21048.799999999996,3,5058.2,swap,acceptBad
2223,12,15783.599999999999,3,5058.2,move,improve
2224,12,15783.599999999999,3,5058.2,2opt,improve
2225,12,15783.599999999999,3,5058.2,2opt,notBad
2226,12,15783.599999999999,3,5058.2,swap,improve
2227,12,17627.5,3,5058.2,swap,acceptBad
2228,12,17627.5,3,5058.2,2opt,notBad
2229,12,17627.5,3,5058.2,move,improve
2230,12,17627.5,3,5058.2,2opt,notBad
2231,12,19238.0,3,5058.2,swap,acceptBad
2232,12,19238.0,3,5058.2,move,improve
2233,12,19238.0,3,5058.2,swap,improve
2234,12,19238.0,3,5058.2,swap,improve
2235,12,19238.0,3,5058.2,2opt,notBad
2236,12,19237.999999999996,3,5058.2,2opt,improve
2237,12,18174.999999999996,3,5058.2,move,improve
2238,12,18174.999999999996,3,5058.2,2opt,improve
2239,12,18174.999999999996,3,5058.2,move,improve
2240,12,18174.999999999996,3,5058.2,move,improve
2241,12,18174.999999999996,3,5058.2,swap,improve
2242,12,18174.999999999996,3,5058.2,swap,improve
2243,12,18174.999999999996,3,5058.2,move,improve
2244,12,17173.4,3,5058.2,move,improve
2245,12,17173.400000000005,3,5058.2,2opt,acceptBad
2246,12,17173.400000000005,3,5058.2,2opt,improve
2247,12,16450.200000000004,3,5058.2,2opt,improve
2248,12,16450.200000000004,3,5058.2,2opt,notBad
2249,12,16450.200000000004,3,5058.2,2opt,improve
2250,12,16450.200000000004,3,5058.2,2opt,improve
2251,12,16450.200000000004,3,5058.2,2opt,improve
2252,11,12062.400000000005,3,5058.2,move,improve
2253,11,12062.400000000005,3,5058.2,swap,improve
2254,11,12062.400000000005,3,5058.2,swap,improve
2255,11,12062.400000000001,3,5058.2,2opt,improve
2256,11,12062.400000000003,3,5058.2,2opt,acceptBad
2257,11,12062.400000000003,3,5058.2,2opt,improve
2258,11,12062.400000000003,3,5058.2,move,improve
2259,11,12062.400000000003,3,5058.2,swap,improve
2260,11,12062.400000000003,3,5058.2,move,improve
2261,11,12062.400000000003,3,5058.2,move,improve
2262,11,12062.400000000005,3,5058.2,2opt,acceptBad
2263,11,11944.000000000004,3,5058.2,2opt,improve
2264,11,11126.400000000005,3,5058.2,move,improve
2265,11,11126.400000000005,3,5058.2,2opt,notBad
2266,11,11126.400000000005,3,5058.2,2opt,notBad
2267,11,11126.400000000005,3,5058.2,swap,improve
2268,11,11126.400000000005,3,5058.2,move,improve
2269,11,10433.999999999998,3,5058.2,move,improve
2270,11,10433.999999999998,3,5058.2,move,improve
2271,11,10433.999999999998,3,5058.2,2opt,improve
2272,12,14168.799999999996,3,5058.2,2opt,acceptBad
2273,12,14168.799999999996,3,5058.2,move,improve
2274,12,14008.399999999998,3,5058.2,move,improve
2275,12,14008.39999999999,3,5058.2,2opt,improve
2276,12,14008.39999999999,3,5058.2,swap,improve
2277,12,14008.39999999999,3,5058.2,2opt,notBad
2278,12,14008.39999999999,3,5058.2,2opt,improve
2279,12,15009.999999999989,3,5058.2,swap,acceptBad
2280,12,15009.999999999989,3,5058.2,move,improve
2281,12,14804.3,3,5058.2,2opt,improve
2282,12,14804.3,3,5058.2,2opt,notBad
2283,12,13363.699999999997,3,5058.2,move,improve
2284,12,13363.699999999997,3,5058.2,swap,improve
2285,12,15009.999999999993,3,5058.2,2opt,acceptBad
2286,12,15009.999999999993,3,5058.2,2opt,improve
2287,12,15009.999999999993,3,5058.2,2opt,notBad
2288,12,15009.999999999993,3,5058.2,swap,improve
2289,12,15009.999999999993,3,5058.2,2opt,improve
2290,12,22695.599999999984,3,5058.2,swap,acceptBad
2291,12,22695.599999999984,3,5058.2,2opt,improve
2292,12,22695.599999999984,3,5058.2,2opt,notBad
2293,12,22695.599999999984,3,5058.2,swap,notBad
2294,12,22695.599999999984,3,5058.2,swap,improve
2295,12,22695.599999999984,3,5058.2,2opt,improve
2296,12,22695.599999999984,3,5058.2,move,improve
2297,12,23503.999999999985,3,5058.2,2opt,acceptBad
2298,12,24314.699999999993,3,5058.2,swap,acceptBad
2299,12,23926.699999999993,3,5058.2,swap,improve
2300,12,23649.699999999993,3,5058.2,2opt,improve
2301,12,24625.099999999995,3,5058.2,2opt,acceptBad
2302,12,29017.599999999995,3,5058.2,swap,acceptBad
2303,12,29017.599999999995,3,5058.2,move,improve
2304,12,29017.599999999995,3,5058.2,move,improve
2305,12,29017.599999999995,3,5058.2,move,improve
2306,12,29017.59999999999,3,5058.2,2opt,improve
2307,12,29017.59999999999,3,5058.2,move,improve
2308,12,29017.599999999988,3,5058.2,2opt,improve
2309,12,23334.199999999993,3,5058.2,move,improve
2310,12,22285.89999999999,3,5058.2,move,improve
2311,12,22285.89999999999,3,5058.2,swap,improve
2312,12,22285.89999999999,3,5058.2,move,improve
2313,12,22285.89999999999,3,5058.2,2opt,improve
2314,12,22285.89999999999,3,5058.2,swap,improve
2315,12,22285.89999999999,3,5058.2,swap,improve
2316,12,22969.299999999992,3,5058.2,2opt,acceptBad
2317,12,22969.299999999992,3,5058.2,swap,improve
2318,12,22969.299999999992,3,5058.2,2opt,improve
2319,12,22969.299999999992,3,5058.2,move,improve
2320,12,22969.299999999992,3,5058.2,swap,improve
2321,12,22969.299999999996,3,5058.2,2opt,acceptBad
2322,12,22969.299999999996,3,5058.2,2opt,notBad
2323,12,22969.299999999996,3,5058.2,2opt,notBad
2324,12,22969.299999999996,3,5058.2,2opt,improve
2325,12,22969.299999999996,3,5058.2,move,improve
2326,12,22969.299999999996,3,5058.2,swap,improve
2327,12,22969.299999999996,3,5058.2,move,improve
2328,12,22969.299999999996,3,5058.2,2opt,improve
2329,12,25073.59999999999,3,5058.2,swap,acceptBad
2330,12,24035.199999999997,3,5058.2,move,improve
2331,12,24035.199999999997,3,5058.2,2opt,notBad
2332,12,24035.199999999997,3,5058.2,2opt,improve
2333,12,23364.699999999997,3,5058.2,swap,improve
2334,12,23364.699999999997,3,5058.2,swap,improve
2335,12,26361.699999999997,3,5058.2,swap,acceptBad
2336,12,26361.699999999997,3,5058.2,move,improve
2337,12,26361.699999999997,3,5058.2,swap,improve
2338,12,22713.100000000002,3,5058.2,move,improve
2339,12,22713.100000000002,3,5058.2,move,improve
2340,12,23833.100000000002,3,5058.2,swap,acceptBad
2341,12,22583.0,3,5058.2,swap,improve
2342,12,22583.0,3,5058.2,2opt,improve
2343,12,22583.0,3,5058.2,2opt,improve
2344,12,22583.0,3,5058.2,move,improve
2345,12,22583.0,3,5058.2,move,improve
2346,12,22583.0,3,5058.2,swap,improve
2347,12,22583.0,3,5058.2,move,improve
2348,12,22583.0,3,5058.2,swap,improve
2349,11,19324.0,3,5058.2,2opt,improve
2350,11,19324.0,3,5058.2,swap,improve
2351,11,19324.0,3,5058.2,move,improve
2352,11,19324.0,3,5058.2,2opt,improve
2353,11,19324.0,3,5058.2,2opt,improve
2354,11,16702.0,3,5058.2,move,improve
2355,11,16702.0,3,5058.2,2opt,notBad
2356,11,16702.0,3,5058.2,swap,improve
2357,11,16702.0,3,5058.2,swap,improve
2358,11,16702.0,3,5058.2,move,improve
2359,11,16702.0,3,5058.2,swap,improve
2360,11,16702.0,3,5058.2,2opt,improve
2361,11,14240.0,3,5058.2,move,improve
2362,11,14240.0,3,5058.2,2opt,notBad
2363,11,14240.0,3,5058.2,2opt,improve
2364,11,14240.0,3,5058.2,2opt,improve
2365,11,12660.0,3,5058.2,move,improve
2366,11,12660.0,3,5058.2,swap,improve
2367,11,11862.0,3,5058.2,2opt,improve
2368,11,11862.0,3,5058.2,swap,improve
2369,11,11862.0,3,5058.2,move,improve
2370,11,11862.0,3,5058.2,2opt,improve
2371,11,11862.0,3,5058.2,move,improve
2372,11,11862.0,3,5058.2,2opt,improve
2373,11,11862.0,3,5058.2,2opt,notBad
2374,11,11862.0,3,5058.2,2opt,improve
2375,11,11862.0,3,5058.2,2opt,notBad
2376,11,11862.0,3,5058.2,move,improve
2377,11,9932.0,3,5058.2,move,improve
2378,11,9932.0,3,5058.2,move,improve
2379,11,9932.0,3,5058.2,move,improve
2380,11,9932.0,3,5058.2,move,improve
2381,11,9932.0,3,5058.2,swap,improve
2382,11,9932.0,3,5058.2,2opt,improve
2383,11,9932.0,3,5058.2,swap,improve
2384,11,9932.0,3,5058.2,2opt,notBad
2385,11,9932.0,3,5058.2,move,improve
2386,11,13610.0,3,5058.2,swap,acceptBad
2387,11,13610.0,3,5058.2,move,improve
2388,11,13610.0,3,5058.2,move,improve
2389,11,13610.0,3,5058.2,swap,improve
2390,11,19340.0,3,5058.2,swap,acceptBad
2391,11,19557.4,3,5058.2,2opt,acceptBad
2392,11,19557.4,3,5058.2,move,improve
2393,11,20537.4,3,5058.2,2opt,acceptBad
2394,11,14937.4,3,5058.2,move,improve
2395,11,14937.4,3,5058.2,move,improve
2396,11,14937.4,3,5058.2,2opt,improve
2397,11,14937.4,3,5058.2,2opt,improve
2398,11,13957.999999999998,3,5058.2,move,improve
2399,11,13957.999999999998,3,5058.2,2opt,improve
2400,11,13957.999999999996,3,5058.2,2opt,improve
2401,11,13957.999999999998,3,5058.2,2opt,acceptBad
2402,11,13957.999999999998,3,5058.2,swap,improve
2403,11,13957.999999999998,3,5058.2,2opt,improve
2404,11,13957.999999999998,3,5058.2,swap,improve
2405,11,13957.999999999998,3,5058.2,swap,improve
2406,11,12694.0,3,5058.2,move,improve
2407,11,12694.0,3,5058.2,swap,improve
2408,11,12694.0,3,5058.2,2opt,improve
2409,11,12694.0,3,5058.2,move,improve
2410,11,11186.0,3,5058.2,move,improve
2411,11,11186.0,3,5058.2,swap,improve
2412,11,11186.0,3,5058.2,move,improve
2413,11,11186.0,3,5058.2,swap,improve
2414,11,11186.0,3,5058.2,move,improve
2415,11,14346.0,3,5058.2,swap,acceptBad
2416,11,14346.0,3,5058.2,move,improve
2417,11,14346.0,3,5058.2,swap,improve
2418,11,14346.0,3,5058.2,move,improve
2419,11,14346.0,3,5058.2,2opt,notBad
2420,11,18116.0,3,5058.2,move,acceptBad
2421,11,18116.0,3,5058.2,2opt,notBad
2422,11,18116.0,3,5058.2,swap,improve
2423,11,18116.0,3,5058.2,move,improve
2424,11,18116.0,3,5058.2,2opt,improve
2425,11,18116.0,3,5058.2,swap,improve
2426,11,18116.0,3,5058.2,swap,improve
2427,11,18722.0,3,5058.2,swap,acceptBad
2428,11,12092.0,3,5058.2,move,improve
2429,11,12092.0,3,5058.2,move,improve
2430,11,10244.0,3,5058.2,move,improve
2431,11,10244.0,3,5058.2,swap,improve
2432,11,10244.0,3,5058.2,move,improve
2433,11,14984.8,3,5058.2,swap,acceptBad
2434,11,14984.8,3,5058.2,swap,improve
2435,11,12921.799999999996,3,5058.2,move,improve
2436,11,12921.799999999996,3,5058.2,2opt,improve
2437,11,12622.799999999992,3,5058.2,move,improve
2438,11,12622.799999999992,3,5058.2,2opt,improve
2439,11,12921.799999999996,3,5058.2,swap,acceptBad
2440,11,12921.8,3,5058.2,2opt,acceptBad
2441,11,12921.8,3,5058.2,move,improve
2442,11,12921.800000000003,3,5058.2,2opt,acceptBad
2443,11,12921.800000000003,3,5058.2,swap,improve
2444,11,12921.800000000003,3,5058.2,move,improve
2445,11,12921.800000000003,3,5058.2,move,improve
2446,11,13914.8,3,5058.2,swap,acceptBad
2447,11,13914.8,3,5058.2,move,improve
2448,11,13914.8,3,5058.2,2opt,improve
2449,11,13914.8,3,5058.2,swap,improve
2450,11,12924.8,3,5058.2,move,improve
2451,11,12924.8,3,5058.2,move,improve
2452,11,12924.8,3,5058.2,2opt,improve
2453,11,12924.8,3,5058.2,move,improve
2454,11,12924.8,3,5058.2,2opt,improve
2455,11,13110.800000000001,3,5058.2,swap,acceptBad
2456,11,13110.800000000001,3,5058.2,swap,improve
2457,11,13110.800000000001,3,5058.2,2opt,improve
2458,11,13110.800000000001,3,5058.2,swap,improve
2459,11,13110.800000000001,3,5058.2,swap,improve
2460,11,13110.800000000001,3,5058.2,swap,improve
2461,11,13110.800000000001,3,5058.2,swap,improve
2462,11,13110.800000000001,3,5058.2,2opt,improve
2463,11,16732.799999999996,3,5058.2,swap,acceptBad
2464,11,16732.799999999996,3,5058.2,2opt,notBad
2465,11,16732.799999999996,3,5058.2,swap,notBad
2466,11,16732.799999999996,3,5058.2,2opt,improve
2467,11,16732.799999999996,3,5058.2,swap,improve
2468,11,16732.799999999996,3,5058.2,2opt,improve
2469,11,16732.799999999996,3,5058.2,move,improve
2470,11,16732.799999999996,3,5058.2,2opt,improve
2471,11,16732.799999999996,3,5058.2,2opt,improve
2472,11,16732.799999999996,3,5058.2,2opt,notBad
2473,11,16732.799999999992,3,5058.2,2opt,improve
2474,11,15829.8,3,5058.2,move,improve
2475,11,15829.800000000003,3,5058.2,2opt,acceptBad
2476,11,13032.0,3,5058.2,move,improve
2477,11,12858.000000000004,3,5058.2,move,improve
2478,11,12858.000000000004,3,5058.2,swap,improve
2479,11,12858.000000000004,3,5058.2,2opt,improve
2480,11,12858.000000000004,3,5058.2,2opt,improve
2481,11,12858.000000000004,3,5058.2,2opt,improve
2482,11,10244.0,3,5058.2,2opt,improve
2483,11,10244.0,3,5058.2,move,improve
2484,11,10412.0,3,5058.2,swap,acceptBad
2485,11,10412.0,3,5058.2,move,improve
2486,11,10412.0,3,5058.2,swap,improve
2487,11,10412.0,3,5058.2,2opt,improve
2488,11,10412.0,3,5058.2,swap,improve
2489,11,10412.0,3,5058.2,move,improve
2490,11,10412.0,3,5058.2,move,improve
2491,11,10412.0,3,5058.2,move,improve
2492,11,10412.0,3,5058.2,2opt,improve
2493,11,10412.0,3,5058.2,swap,improve
2494,11,10412.0,3,5058.2,move,improve
2495,11,10412.0,3,5058.2,move,improve
2496,11,10412.0,3,5058.2,swap,notBad
2497,11,10412.0,3,5058.2,move,improve
2498,11,13658.0,3,5058.2,swap,acceptBad
2499,11,13658.0,3,5058.2,move,improve
2500,10,11850.2,3,5058.2,2opt,improve
2501,10,11850.2,3,5058.2,move,improve
2502,10,11850.2,3,5058.2,move,improve
2503,10,13078.0,3,5058.2,swap,acceptBad
2504,10,13078.0,3,5058.2,2opt,improve
2505,10,13078.0,3,5058.2,2opt,improve
2506,10,13078.0,3,5058.2,2opt,improve
2507,10,13078.0,3,5058.2,swap,improve
2508,10,11367.899999999998,3,5058.2,move,improve
2509,10,11367.899999999998,3,5058.2,move,improve
2510,10,11367.899999999998,3,5058.2,move,improve
2511,10,11367.900000000001,3,5058.2,2opt,acceptBad
2512,10,12809.800000000001,3,5058.2,2opt,acceptBad
2513,10,10026.000000000002,3,5058.2,move,improve
2514,10,10026.000000000002,3,5058.2,2opt,notBad
2515,10,10026.000000000002,3,5058.2,move,improve
2516,10,10026.000000000002,3,5058.2,2opt,improve
2517,10,10026.000000000002,3,5058.2,move,improve
2518,10,8896.300000000003,3,5058.2,move,improve
2519,10,8896.300000000003,3,5058.2,move,improve
2520,10,8896.300000000003,3,5058.2,2opt,improve
2521,10,8896.300000000003,3,5058.2,swap,improve
2522,10,9442.300000000003,3,5058.2,swap,acceptBad
2523,10,9442.300000000003,3,5058.2,swap,improve
2524,10,9442.300000000003,3,5058.2,move,improve
2525,10,9442.300000000003,3,5058.2,swap,improve
2526,10,9442.300000000003,3,5058.2,2opt,notBad
2527,10,9442.300000000003,3,5058.2,move,improve
2528,10,9442.300000000003,3,5058.2,2opt,improve
2529,10,9442.300000000003,3,5058.2,swap,improve
2530,10,9442.300000000003,3,5058.2,2opt,improve
2531,10,9442.300000000003,3,5058.2,swap,improve
2532,10,9442.300000000001,3,5058.2,2opt,improve
2533,10,9442.300000000001,3,5058.2,swap,improve
2534,10,9442.300000000001,3,5058.2,move,improve
2535,10,9442.300000000001,3,5058.2,move,improve
2536,10,9442.300000000001,3,5058.2,move,improve
2537,10,8505.900000000005,3,5058.2,move,improve
2538,10,8505.900000000005,3,5058.2,move,improve
2539,10,8505.900000000005,3,5058.2,swap,improve
2540,10,8537.500000000007,3,5058.2,swap,acceptBad
2541,10,9167.500000000004,3,5058.2,swap,acceptBad
2542,10,7301.700000000001,3,5058.2,move,improve
2543,10,7301.700000000001,3,5058.2,move,improve
2544,10,7301.700000000001,3,5058.2,swap,improve
2545,10,7301.700000000001,3,5058.2,2opt,notBad
2546,10,7301.700000000001,3,5058.2,move,improve
2547,10,7095.500000000002,3,5058.2,move,improve
2548,10,7095.500000000002,3,5058.2,2opt,improve
2549,10,7095.500000000002,3,5058.2,swap,improve
2550,10,7095.500000000002,3,5058.2,move,improve
2551,10,7095.500000000002,3,5058.2,swap,improve
2552,10,7095.500000000002,3,5058.2,move,improve
2553,10,8613.1,3,5058.2,swap,acceptBad
2554,10,8613.1,3,5058.2,move,improve
2555,10,12548.7,3,5058.2,swap,acceptBad
2556,10,13039.0,3,5058.2,swap,acceptBad
2557,10,15760.0,3,5058.2,swap,acceptBad
2558,10,15760.0,3,5058.2,swap,improve
2559,10,15760.0,3,5058.2,move,improve
2560,10,15760.0,3,5058.2,2opt,improve
2561,10,15760.0,3,5058.2,2opt,improve
2562,10,15760.0,3,5058.2,swap,improve
2563,10,15760.0,3,5058.2,swap,improve
2564,10,15760.0,3,5058.2,swap,improve
2565,10,15760.0,3,5058.2,move,improve
2566,10,15760.0,3,5058.2,move,improve
2567,10,15760.0,3,5058.2,swap,improve
2568,10,15637.0,3,5058.2,2opt,improve
2569,10,16392.1,3,5058.2,swap,acceptBad
2570,10,16392.1,3,5058.2,move,improve
2571,10,16392.1,3,5058.2,2opt,improve
2572,10,16392.1,3,5058.2,swap,improve
2573,10,15472.300000000005,3,5058.2,move,improve
2574,10,15472.300000000005,3,5058.2,2opt,notBad
2575,10,14488.300000000005,3,5058.2,swap,improve
2576,10,14488.300000000005,3,5058.2,2opt,improve
2577,10,15490.0,3,5058.2,2opt,acceptBad
2578,10,15490.0,3,5058.2,2opt,improve
2579,10,15490.0,3,5058.2,swap,improve
2580,10,15490.0,3,5058.2,2opt,notBad
2581,10,15490.0,3,5058.2,2opt,improve
2582,10,15490.0,3,5058.2,swap,improve
2583,10,15490.0,3,5058.2,2opt,improve
2584,10,15490.0,3,5058.2,swap,improve
2585,10,15490.0,3,5058.2,swap,improve
2586,10,15490.0,3,5058.2,swap,improve
2587,10,15490.0,3,5058.2,2opt,improve
2588,10,15490.0,3,5058.2,move,improve
2589,10,15490.0,3,5058.2,2opt,notBad
2590,10,15490.0,3,5058.2,move,improve
2591,10,13816.0,3,5058.2,move,improve
2592,10,13816.0,3,5058.2,2opt,notBad
2593,10,13816.0,3,5058.2,2opt,notBad
2594,10,13816.0,3,5058.2,swap,improve
2595,10,13816.0,3,5058.2,move,improve
2596,10,13816.0,3,5058.2,2opt,improve
2597,10,13816.0,3,5058.2,move,improve
2598,10,13816.0,3,5058.2,swap,improve
2599,10,13816.0,3,5058.2,move,improve
2600,10,13816.0,3,5058.2,swap,improve
2601,10,11709.5,3,5058.2,move,improve
2602,10,11709.5,3,5058.2,2opt,improve
2603,10,11709.5,3,5058.2,2opt,notBad
2604,10,11709.499999999998,3,5058.2,2opt,improve
2605,10,11709.499999999998,3,5058.2,2opt,improve
2606,10,11709.499999999998,3,5058.2,move,improve
2607,10,11709.499999999998,3,5058.2,swap,notBad
2608,10,11709.499999999998,3,5058.2,2opt,improve
2609,10,11709.499999999998,3,5058.2,swap,improve
2610,10,11709.499999999998,3,5058.2,2opt,improve
2611,10,11709.499999999998,3,5058.2,move,improve
2612,10,11709.499999999998,3,5058.2,swap,improve
2613,10,11709.499999999998,3,5058.2,move,improve
2614,10,11709.499999999998,3,5058.2,move,improve
2615,10,11709.499999999998,3,5058.2,swap,improve
2616,10,11709.499999999998,3,5058.2,move,improve
2617,10,11709.499999999998,3,5058.2,swap,improve
2618,10,11709.499999999998,3,5058.2,2opt,improve
2619,10,11709.499999999998,3,5058.2,swap,improve
2620,10,11709.499999999998,3,5058.2,swap,improve
2621,10,11709.499999999998,3,5058.2,move,improve
2622,10,11709.499999999998,3,5058.2,2opt,notBad
2623,10,8555.3,3,5058.2,move,improve
2624,10,8555.3,3,5058.2,move,improve
2625,10,8555.3,3,5058.2,swap,improve
2626,10,8555.3,3,5058.2,move,improve
2627,10,8555.3,3,5058.2,move,improve
2628,10,8555.300000000001,3,5058.2,2opt,acceptBad
2629,10,8555.3,3,5058.2,2opt,improve
2630,10,8555.3,3,5058.2,move,improve
2631,10,12212.199999999999,3,5058.2,swap,acceptBad
2632,10,13750.299999999996,3,5058.2,swap,acceptBad
2633,10,13750.299999999996,3,5058.2,move,improve
2634,10,13750.299999999996,3,5058.2,2opt,improve
2635,10,14314.599999999995,3,5058.2,swap,acceptBad
2636,10,14318.599999999995,3,5058.2,swap,acceptBad
2637,10,10805.799999999996,3,5058.2,move,improve
2638,10,10805.799999999996,3,5058.2,2opt,notBad
2639,10,10805.799999999996,3,5058.2,2opt,notBad
2640,10,10805.799999999996,3,5058.2,swap,improve
2641,10,10805.799999999996,3,5058.2,2opt,improve
2642,10,10805.799999999996,3,5058.2,swap,improve
2643,10,10805.799999999997,3,5058.2,2opt,acceptBad
2644,10,10805.799999999997,3,5058.2,2opt,improve
2645,10,11054.5,3,5058.2,swap,acceptBad
2646,10,11054.5,3,5058.2,move,improve
2647,10,11054.5,3,5058.2,move,improve
2648,10,11054.5,3,5058.2,move,improve
2649,10,11054.5,3,5058.2,2opt,notBad
2650,10,11054.5,3,5058.2,move,improve
2651,10,11064.3,3,5058.2,swap,acceptBad
2652,10,11064.3,3,5058.2,swap,improve
2653,10,11064.3,3,5058.2,move,improve
2654,10,11064.3,3,5058.2,swap,notBad
2655,10,11064.3,3,5058.2,2opt,improve
2656,10,11064.3,3,5058.2,move,improve
2657,10,11064.3,3,5058.2,2opt,improve
2658,10,11064.300000000003,3,5058.2,2opt,acceptBad
2659,10,11064.300000000003,3,5058.2,move,improve
2660,9,8715.599999999999,3,5058.2,move,improve
2661,9,9321.600000000002,3,5058.2,swap,acceptBad
2662,9,9321.600000000002,3,5058.2,swap,improve
2663,9,8845.599999999999,3,5058.2,move,improve
2664,9,8845.599999999999,3,5058.2,move,improve
2665,9,10368.0,3,5058.2,swap,acceptBad
2666,9,10368.0,3,5058.2,move,improve
2667,9,10193.599999999999,3,5058.2,move,improve
2668,9,10193.599999999999,3,5058.2,move,improve
2669,9,10394.0,3,5058.2,swap,acceptBad
2670,9,10394.0,3,5058.2,swap,improve
2671,9,10394.0,3,5058.2,move,improve
2672,9,10394.0,3,5058.2,move,improve
2673,9,10326.199999999999,3,5058.2,move,improve
2674,9,10326.199999999999,3,5058.2,move,improve
2675,9,10326.199999999999,3,5058.2,2opt,notBad
2676,9,11203.0,3,5058.2,swap,acceptBad
2677,9,11203.0,3,5058.2,swap,improve
2678,9,11203.0,3,5058.2,swap,improve
2679,9,12129.399999999998,3,5058.2,swap,acceptBad
2680,9,12129.399999999998,3,5058.2,move,improve
2681,9,10657.399999999998,3,5058.2,move,improve
2682,9,10657.399999999998,3,5058.2,move,improve
2683,9,10657.399999999998,3,5058.2,2opt,improve
2684,9,10657.399999999998,3,5058.2,swap,improve
2685,9,10657.399999999998,3,5058.2,swap,improve
2686,9,10657.399999999998,3,5058.2,move,improve
2687,9,10657.399999999998,3,5058.2,swap,improve
2688,9,10657.399999999998,3,5058.2,move,improve
2689,9,10657.399999999998,3,5058.2,swap,improve
2690,9,10562.200000000003,3,5058.2,move,improve
2691,9,10562.200000000003,3,5058.2,2opt,improve
2692,9,10562.200000000003,3,5058.2,2opt,improve
2693,9,10562.200000000003,3,5058.2,move,improve
2694,9,10562.200000000003,3,5058.2,move,improve
2695,9,10562.200000000004,3,5058.2,2opt,acceptBad
2696,9,10562.200000000004,3,5058.2,move,improve
2697,9,10562.200000000004,3,5058.2,2opt,improve
2698,9,10562.200000000004,3,5058.2,2opt,notBad
2699,9,10562.200000000004,3,5058.2,swap,improve
2700,9,10562.200000000004,3,5058.2,move,improve
2701,9,9156.200000000006,3,5058.2,2opt,improve
2702,9,9156.200000000006,3,5058.2,move,improve
2703,9,9156.200000000006,3,5058.2,2opt,improve
2704,9,9156.200000000006,3,5058.2,2opt,improve
2705,9,9156.200000000006,3,5058.2,swap,improve
2706,9,9397.400000000001,3,5058.2,swap,acceptBad
2707,9,9397.400000000001,3,5058.2,2opt,improve
2708,9,9397.400000000001,3,5058.2,2opt,notBad
2709,9,9397.400000000001,3,5058.2,move,improve
2710,9,9397.400000000001,3,5058.2,move,improve
2711,9,9397.400000000001,3,5058.2,move,improve
2712,9,9397.400000000001,3,5058.2,move,improve
2713,9,9808.400000000005,3,5058.2,swap,acceptBad
2714,9,9808.400000000001,3,5058.2,2opt,improve
2715,9,9808.400000000001,3,5058.2,move,improve
2716,9,9808.400000000001,3,5058.2,swap,improve
2717,9,9808.400000000005,3,5058.2,2opt,acceptBad
2718,9,9808.400000000005,3,5058.2,move,improve
2719,9,9808.400000000005,3,5058.2,move,improve
2720,9,9808.400000000005,3,5058.2,swap,improve
2721,9,9808.400000000005,3,5058.2,2opt,notBad
2722,9,9808.400000000005,3,5058.2,move,improve
2723,9,9808.400000000005,3,5058.2,move,improve
2724,9,9808.400000000005,3,5058.2,2opt,notBad
2725,9,9808.400000000005,3,5058.2,move,improve
2726,9,9808.400000000005,3,5058.2,swap,improve
2727,9,8339.400000000001,3,5058.2,move,improve
2728,9,8339.400000000001,3,5058.2,move,improve
2729,9,8339.400000000001,3,5058.2,move,improve
2730,9,8017.800000000003,3,5058.2,move,improve
2731,9,9159.600000000002,3,5058.2,swap,acceptBad
2732,9,9159.600000000002,3,5058.2,2opt,improve
2733,9,9159.600000000002,3,5058.2,swap,improve
2734,9,9159.600000000002,3,5058.2,move,improve
2735,9,9159.600000000002,3,5058.2,move,improve
2736,9,9159.600000000002,3,5058.2,2opt,improve
2737,9,9159.600000000002,3,5058.2,move,improve
2738,9,9159.600000000002,3,5058.2,swap,improve
2739,9,9159.600000000002,3,5058.2,move,improve
2740,9,9265.400000000001,3,5058.2,2opt,acceptBad
2741,9,9265.400000000001,3,5058.2,move,improve
2742,9,7382.600000000002,3,5058.2,swap,improve
2743,9,7382.600000000002,3,5058.2,swap,improve
2744,9,7382.600000000002,3,5058.2,move,improve
2745,9,6072.800000000003,3,5058.2,swap,improve
2746,9,6072.800000000003,3,5058.2,move,improve
2747,9,6072.800000000003,3,5058.2,2opt,improve
2748,9,6072.800000000003,3,5058.2,swap,improve
2749,9,6072.800000000003,3,5058.2,2opt,improve
2750,9,6758.800000000003,3,5058.2,swap,acceptBad
2751,9,7818.600000000002,3,5058.2,2opt,acceptBad
2752,9,7818.600000000002,3,5058.2,2opt,improve
2753,9,6814.800000000003,3,5058.2,2opt,improve
2754,9,6814.800000000003,3,5058.2,move,improve
2755,9,6814.800000000003,3,5058.2,move,improve
2756,9,6814.800000000003,3,5058.2,move,improve
2757,9,6814.800000000003,3,5058.2,swap,improve
2758,9,6814.800000000003,3,5058.2,2opt,notBad
2759,9,6814.800000000003,3,5058.2,move,improve
2760,9,6814.800000000003,3,5058.2,move,improve
2761,9,6814.800000000003,3,5058.2,swap,improve
2762,9,6814.800000000003,3,5058.2,2opt,notBad
2763,9,6814.800000000003,3,5058.2,2opt,improve
2764,9,6814.800000000003,3,5058.2,2opt,improve
2765,9,6814.800000000003,3,5058.2,move,improve
2766,9,6475.600000000004,3,5058.2,move,improve
2767,9,6475.600000000004,3,5058.2,2opt,improve
2768,8,6021.900000000003,3,5058.2,2opt,improve
2769,8,6021.900000000003,3,5058.2,move,improve
2770,8,6021.900000000003,3,5058.2,swap,improve
2771,8,6021.900000000003,3,5058.2,swap,improve
2772,8,6021.900000000003,3,5058.2,swap,improve
2773,8,6021.900000000003,3,5058.2,2opt,improve
2774,8,6878.900000000003,3,5058.2,swap,acceptBad
2775,8,6878.900000000003,3,5058.2,move,improve
2776,8,6947.900000000003,3,5058.2,swap,acceptBad
2777,8,6947.900000000003,3,5058.2,move,improve
2778,8,6947.900000000003,3,5058.2,move,improve
2779,8,6947.900000000003,3,5058.2,swap,improve
2780,8,6947.900000000003,3,5058.2,2opt,improve
2781,8,6947.900000000003,3,5058.2,move,improve
2782,8,6947.900000000003,3,5058.2,2opt,improve
2783,8,6947.900000000003,3,5058.2,2opt,notBad
2784,8,6947.900000000003,3,5058.2,swap,improve
2785,8,6947.900000000003,3,5058.2,2opt,improve
2786,8,6947.900000000003,3,5058.2,2opt,notBad
2787,8,5779.800000000002,3,5058.2,swap,improve
2788,8,5779.800000000002,3,5058.2,swap,improve
2789,8,5779.800000000002,3,5058.2,swap,improve
2790,8,5206.4000000000015,3,5058.2,2opt,improve
2791,8,5206.4000000000015,3,5058.2,swap,improve
2792,8,5206.4000000000015,3,5058.2,2opt,improve
2793,8,5206.4000000000015,3,5058.2,2opt,improve
2794,8,5206.4000000000015,3,5058.2,swap,improve
2795,8,5206.4000000000015,3,5058.2,move,improve
2796,8,5206.4000000000015,3,5058.2,move,improve
2797,8,5206.4000000000015,3,5058.2,move,improve
2798,8,5206.4000000000015,3,5058.2,move,improve
2799,8,5206.4000000000015,3,5058.2,move,improve
2800,8,5206.4000000000015,3,5058.2,move,improve
2801,8,5206.4000000000015,3,5058.2,2opt,improve
2802,8,5206.4000000000015,3,5058.2,move,improve
2803,8,5206.4000000000015,3,5058.2,swap,improve
2804,8,5206.4000000000015,3,5058.2,move,improve
2805,8,5206.4000000000015,3,5058.2,2opt,notBad
2806,8,4002.4000000000015,8,4002.4000000000015,move,newBest
2807,8,4002.4000000000015,8,4002.4000000000015,move,improve
2808,8,3531.800000000001,8,3531.800000000001,move,newBest
2809,8,3531.800000000001,8,3531.800000000001,2opt,improve
2810,8,3002.7000000000016,8,3002.7000000000016,move,newBest
2811,8,3002.7000000000016,8,3002.7000000000016,move,improve
2812,8,3002.7000000000016,8,3002.7000000000016,2opt,notBad
2813,8,3002.7000000000016,8,3002.7000000000016,swap,improve
2814,8,3002.7000000000016,8,3002.7000000000016,swap,improve
2815,8,3002.7000000000016,8,3002.7000000000016,2opt,improve
2816,8,3002.7000000000016,8,3002.7000000000016,move,improve
2817,8,3002.7000000000016,8,3002.7000000000016,swap,improve
2818,8,3002.7000000000016,8,3002.7000000000016,move,improve
2819,8,3002.7000000000016,8,3002.7000000000016,swap,improve
2820,8,3002.7000000000016,8,3002.7000000000016,swap,improve
2821,8,3002.7000000000016,8,3002.7000000000016,swap,improve
2822,8,3002.7000000000016,8,3002.7000000000016,swap,improve
2823,8,3002.7000000000016,8,3002.7000000000016,2opt,improve
2824,8,3002.7000000000016,8,3002.7000000000016,swap,improve
2825,8,3002.7000000000016,8,3002.7000000000016,swap,improve
2826,8,3002.7000000000016,8,3002.7000000000016,move,improve
2827,8,3002.7000000000016,8,3002.7000000000016,2opt,notBad
2828,8,3002.7000000000016,8,3002.7000000000016,2opt,improve
2829,8,3073.199999999999,8,3002.7000000000016,swap,acceptBad
2830,8,3073.199999999999,8,3002.7000000000016,swap,improve
2831,8,3073.199999999999,8,3002.7000000000016,move,improve
2832,8,3073.199999999999,8,3002.7000000000016,2opt,improve
2833,8,3073.199999999999,8,3002.7000000000016,move,improve
2834,8,3073.199999999999,8,3002.7000000000016,move,improve
2835,8,3073.199999999999,8,3002.7000000000016,move,improve
2836,8,3073.199999999999,8,3002.7000000000016,2opt,improve
2837,8,3073.199999999999,8,3002.7000000000016,2opt,improve
2838,8,3073.199999999999,8,3002.7000000000016,move,improve
2839,8,3073.199999999999,8,3002.7000000000016,swap,improve
2840,8,3014.2000000000003,8,3002.7000000000016,swap,improve
2841,8,3014.2000000000003,8,3002.7000000000016,move,improve
2842,8,3014.2000000000003,8,3002.7000000000016,2opt,improve
2843,8,3014.2000000000003,8,3002.7000000000016,swap,improve
2844,8,3014.2000000000003,8,3002.7000000000016,swap,improve
2845,8,3014.2000000000003,8,3002.7000000000016,move,improve
2846,8,3014.2000000000003,8,3002.7000000000016,swap,improve
2847,8,3014.2000000000003,8,3002.7000000000016,swap,improve
2848,8,3014.2000000000003,8,3002.7000000000016,2opt,notBad
2849,8,3014.2000000000003,8,3002.7000000000016,move,improve
2850,8,3014.2000000000003,8,3002.7000000000016,2opt,notBad
2851,8,3014.2000000000003,8,3002.7000000000016,2opt,improve
2852,8,3014.2000000000003,8,3002.7000000000016,move,improve
2853,8,3014.2000000000003,8,3002.7000000000016,2opt,improve
2854,8,3014.2000000000003,8,3002.7000000000016,2opt,improve
2855,8,3014.2000000000003,8,3002.7000000000016,2opt,improve
2856,8,3014.2000000000003,8,3002.7000000000016,2opt,improve
2857,8,3014.2000000000003,8,3002.7000000000016,move,improve
2858,8,3014.2000000000003,8,3002.7000000000016,move,improve
2859,8,3014.2000000000003,8,3002.7000000000016,swap,improve
2860,8,3014.2000000000003,8,3002.7000000000016,2opt,improve
2861,8,3014.2000000000003,8,3002.7000000000016,move,improve
2862,8,4916.3,8,3002.7000000000016,swap,acceptBad
2863,8,4916.3,8,3002.7000000000016,2opt,improve
2864,8,4916.3,8,3002.7000000000016,move,improve
2865,8,4916.3,8,3002.7000000000016,move,improve
2866,8,4916.3,8,3002.7000000000016,swap,improve
2867,8,2859.699999999999,8,2859.699999999999,swap,newBest
2868,8,2859.699999999999,8,2859.699999999999,move,improve
2869,8,2859.699999999999,8,2859.699999999999,swap,improve
2870,8,2859.699999999999,8,2859.699999999999,move,improve
2871,8,2859.699999999999,8,2859.699999999999,move,improve
2872,8,2859.699999999999,8,2859.699999999999,swap,improve
2873,8,2859.699999999999,8,2859.699999999999,move,improve
2874,8,2859.699999999999,8,2859.699999999999,move,improve
2875,8,2859.699999999999,8,2859.699999999999,2opt,improve
2876,8,2859.699999999999,8,2859.699999999999,2opt,improve
2877,8,2859.699999999999,8,2859.699999999999,2opt,notBad
2878,8,2859.699999999999,8,2859.699999999999,move,improve
2879,8,2859.699999999999,8,2859.699999999999,swap,improve
2880,8,2859.699999999999,8,2859.699999999999,move,improve
2881,8,2859.699999999999,8,2859.699999999999,move,improve
2882,8,2859.699999999999,8,2859.699999999999,move,improve
2883,8,2859.699999999999,8,2859.699999999999,swap,improve
2884,8,2859.699999999999,8,2859.699999999999,move,improve
2885,8,2859.699999999999,8,2859.699999999999,2opt,improve
2886,8,2859.699999999999,8,2859.699999999999,2opt,improve
2887,8,2859.699999999999,8,2859.699999999999,2opt,improve
2888,8,2859.699999999999,8,2859.699999999999,2opt,improve
2889,8,2859.699999999999,8,2859.699999999999,swap,improve
2890,8,2859.699999999999,8,2859.699999999999,2opt,improve
2891,8,2859.699999999999,8,2859.699999999999,move,improve
2892,8,2859.699999999999,8,2859.699999999999,move,improve
2893,8,2859.699999999999,8,2859.699999999999,2opt,notBad
2894,8,2859.699999999999,8,2859.699999999999,move,improve
2895,8,2859.699999999999,8,2859.699999999999,2opt,notBad
2896,8,2859.699999999999,8,2859.699999999999,swap,improve
2897,8,2859.699999999999,8,2859.699999999999,swap,improve
2898,8,2859.699999999999,8,2859.699999999999,2opt,improve
2899,8,2859.699999999999,8,2859.699999999999,2opt,improve
2900,8,2859.699999999999,8,2859.699999999999,swap,improve
2901,8,2859.699999999999,8,2859.699999999999,move,improve
2902,8,2859.699999999999,8,2859.699999999999,2opt,improve
2903,8,2859.699999999999,8,2859.699999999999,2opt,improve
2904,8,2859.699999999999,8,2859.699999999999,2opt,notBad
2905,8,2859.699999999999,8,2859.699999999999,move,improve
2906,8,2859.699999999999,8,2859.699999999999,move,improve
2907,8,2859.699999999999,8,2859.699999999999,swap,improve
2908,8,2859.699999999999,8,2859.699999999999,move,improve
2909,8,4164.700000000002,8,2859.699999999999,swap,acceptBad
2910,8,4164.700000000002,8,2859.699999999999,swap,improve
2911,8,4164.700000000002,8,2859.699999999999,move,improve
2912,8,4164.700000000002,8,2859.699999999999,2opt,improve
2913,8,4164.700000000002,8,2859.699999999999,move,improve
2914,8,4164.700000000002,8,2859.699999999999,2opt,improve
2915,8,4164.700000000002,8,2859.699999999999,2opt,notBad
2916,8,4164.700000000002,8,2859.699999999999,2opt,notBad
2917,8,4164.700000000002,8,2859.699999999999,swap,improve
2918,8,4164.700000000002,8,2859.699999999999,swap,improve
2919,8,3459.999999999998,8,2859.699999999999,move,improve
2920,8,3459.999999999998,8,2859.699999999999,2opt,improve
2921,8,3459.999999999998,8,2859.699999999999,swap,improve
2922,8,6891.199999999999,8,2859.699999999999,swap,acceptBad
2923,8,6891.199999999999,8,2859.699999999999,move,improve
2924,8,6891.199999999999,8,2859.699999999999,2opt,improve
2925,8,6891.199999999999,8,2859.699999999999,2opt,improve
2926,8,5391.099999999998,8,2859.699999999999,move,improve
2927,8,5391.099999999998,8,2859.699999999999,2opt,notBad
2928,8,5391.099999999998,8,2859.699999999999,swap,improve
2929,8,5391.099999999998,8,2859.699999999999,2opt,notBad
2930,8,5391.099999999998,8,2859.699999999999,2opt,improve
2931,8,6322.5999999999985,8,2859.699999999999,swap,acceptBad
2932,8,6322.5999999999985,8,2859.699999999999,swap,improve
2933,8,6862.199999999999,8,2859.699999999999,swap,acceptBad
2934,8,6862.199999999999,8,2859.699999999999,swap,improve
2935,8,6862.199999999999,8,2859.699999999999,2opt,notBad
2936,8,6862.199999999999,8,2859.699999999999,2opt,improve
2937,8,6862.199999999999,8,2859.699999999999,2opt,notBad
2938,8,6703.7,8,2859.699999999999,swap,improve
2939,8,6703.7,8,2859.699999999999,2opt,improve
2940,8,5978.100000000001,8,2859.699999999999,move,improve
2941,8,5978.100000000001,8,2859.699999999999,move,improve
2942,8,6285.100000000001,8,2859.699999999999,swap,acceptBad
2943,8,6285.100000000001,8,2859.699999999999,swap,improve
2944,8,6285.100000000001,8,2859.699999999999,move,improve
2945,8,6285.100000000001,8,2859.699999999999,2opt,notBad
2946,8,5754.1,8,2859.699999999999,move,improve
2947,8,5754.1,8,2859.699999999999,2opt,notBad
2948,8,5754.1,8,2859.699999999999,swap,improve
2949,8,5754.1,8,2859.699999999999,2opt,improve
2950,8,5754.1,8,2859.699999999999,swap,improve
2951,8,5754.1,8,2859.699999999999,swap,improve
2952,8,5754.1,8,2859.699999999999,move,improve
2953,8,5754.1,8,2859.699999999999,move,improve
2954,8,5754.1,8,2859.699999999999,2opt,notBad
2955,8,5754.100000000002,8,2859.699999999999,2opt,acceptBad
2956,8,5662.1,8,2859.699999999999,2opt,improve
2957,8,5662.1,8,2859.699999999999,move,improve
2958,8,5662.1,8,2859.699999999999,2opt,notBad
2959,8,5662.1,8,2859.699999999999,move,improve
2960,8,5662.1,8,2859.699999999999,2opt,improve
2961,8,5662.1,8,2859.699999999999,2opt,improve
2962,8,5662.1,8,2859.699999999999,move,improve
2963,8,5662.1,8,2859.699999999999,2opt,notBad
2964,8,5662.1,8,2859.699999999999,swap,improve
2965,8,5662.1,8,2859.699999999999,2opt,improve
2966,8,5662.1,8,2859.699999999999,swap,improve
2967,8,5662.1,8,2859.699999999999,swap,improve
2968,8,5378.1,8,2859.699999999999,swap,improve
2969,8,5352.6,8,2859.699999999999,move,improve
2970,8,5352.6,8,2859.699999999999,2opt,improve
2971,8,5352.6,8,2859.699999999999,move,improve
2972,8,5352.6,8,2859.699999999999,move,improve
2973,8,5352.6,8,2859.699999999999,move,improve
2974,8,4703.000000000002,8,2859.699999999999,swap,improve
2975,8,4703.000000000002,8,2859.699999999999,swap,improve
2976,8,5809.0,8,2859.699999999999,swap,acceptBad
2977,8,4834.199999999999,8,2859.699999999999,move,improve
2978,8,4834.199999999999,8,2859.699999999999,2opt,improve
2979,8,4479.799999999999,8,2859.699999999999,swap,improve
2980,8,4479.799999999999,8,2859.699999999999,2opt,improve
2981,8,5101.400000000001,8,2859.699999999999,swap,acceptBad
2982,8,5101.400000000001,8,2859.699999999999,2opt,improve
2983,8,5101.400000000001,8,2859.699999999999,move,improve
2984,8,5101.400000000001,8,2859.699999999999,swap,improve
2985,8,5101.400000000001,8,2859.699999999999,move,improve
2986,8,5101.400000000001,8,2859.699999999999,move,improve
2987,8,4932.4,8,2859.699999999999,move,improve
2988,8,4932.4,8,2859.699999999999,2opt,notBad
2989,8,4932.4,8,2859.699999999999,swap,improve
2990,8,3400.7999999999993,8,2859.699999999999,move,improve
2991,8,2711.3000000000025,8,2711.3000000000025,move,newBest
2992,8,2711.3000000000025,8,2711.3000000000025,2opt,notBad
2993,8,2723.200000000001,8,2711.3000000000025,swap,acceptBad
2994,8,2723.200000000001,8,2711.3000000000025,2opt,improve
2995,8,2723.200000000001,8,2711.3000000000025,2opt,improve
2996,8,2723.200000000001,8,2711.3000000000025,2opt,notBad
2997,8,2723.200000000001,8,2711.3000000000025,move,improve
2998,8,2723.200000000001,8,2711.3000000000025,move,improve
2999,8,2723.200000000001,8,2711.3000000000025,move,improve
3000,8,2723.200000000001,8,2711.3000000000025,2opt,improve
3001,8,2657.4000000000005,8,2657.4000000000005,move,newBest
3002,8,2657.4000000000005,8,2657.4000000000005,2opt,improve
3003,8,2657.4000000000005,8,2657.4000000000005,move,improve
3004,8,5000.800000000001,8,2657.4000000000005,swap,acceptBad
3005,8,5000.800000000001,8,2657.4000000000005,swap,improve
3006,8,5000.800000000001,8,2657.4000000000005,move,improve
3007,8,5000.800000000001,8,2657.4000000000005,2opt,improve
3008,8,5000.800000000001,8,2657.4000000000005,2opt,improve
3009,8,5000.800000000001,8,2657.4000000000005,move,improve
3010,8,5000.800000000001,8,2657.4000000000005,swap,improve
3011,8,5000.800000000001,8,2657.4000000000005,2opt,notBad
3012,8,5000.800000000001,8,2657.4000000000005,swap,improve
3013,8,4342.8,8,2657.4000000000005,move,improve
3014,8,4363.500000000001,8,2657.4000000000005,swap,acceptBad
3015,8,4363.5,8,2657.4000000000005,2opt,improve
3016,8,4363.5,8,2657.4000000000005,2opt,improve
3017,8,4363.5,8,2657.4000000000005,2opt,notBad
3018,8,4363.5,8,2657.4000000000005,swap,improve
3019,8,4363.5,8,2657.4000000000005,2opt,notBad
3020,8,4363.5,8,2657.4000000000005,move,improve
3021,8,4363.5,8,2657.4000000000005,2opt,notBad
3022,8,4363.5,8,2657.4000000000005,move,improve
3023,8,4363.5,8,2657.4000000000005,2opt,improve
3024,8,5747.200000000001,8,2657.4000000000005,swap,acceptBad
3025,8,5747.200000000001,8,2657.4000000000005,move,improve
3026,8,5747.200000000001,8,2657.4000000000005,move,improve
3027,8,5747.200000000001,8,2657.4000000000005,2opt,improve
3028,8,5747.200000000001,8,2657.4000000000005,move,improve
3029,8,5747.200000000001,8,2657.4000000000005,2opt,improve
3030,8,5747.200000000001,8,2657.4000000000005,2opt,improve
3031,8,5747.200000000001,8,2657.4000000000005,move,improve
3032,8,5747.200000000001,8,2657.4000000000005,2opt,notBad
3033,8,5747.200000000001,8,2657.4000000000005,swap,notBad
3034,8,5747.200000000001,8,2657.4000000000005,2opt,improve
3035,8,5747.200000000001,8,2657.4000000000005,move,improve
3036,8,5747.200000000001,8,2657.4000000000005,swap,improve
3037,8,5747.200000000001,8,2657.4000000000005,move,improve
3038,8,5747.200000000001,8,2657.4000000000005,move,improve
3039,8,5747.200000000001,8,2657.4000000000005,move,improve
3040,8,5747.200000000002,8,2657.4000000000005,2opt,acceptBad
3041,8,5747.200000000002,8,2657.4000000000005,2opt,notBad
3042,8,5747.200000000002,8,2657.4000000000005,swap,improve
3043,8,5747.200000000001,8,2657.4000000000005,2opt,improve
3044,8,5747.200000000001,8,2657.4000000000005,swap,improve
3045,8,5747.200000000001,8,2657.4000000000005,swap,improve
3046,8,5747.200000000001,8,2657.4000000000005,move,improve
3047,8,5747.200000000001,8,2657.4000000000005,move,improve
3048,8,5747.200000000001,8,2657.4000000000005,move,improve
3049,8,5747.200000000001,8,2657.4000000000005,swap,improve
3050,8,5747.200000000001,8,2657.4000000000005,2opt,notBad
3051,8,5747.200000000001,8,2657.4000000000005,swap,improve
3052,8,5747.200000000001,8,2657.4000000000005,swap,improve
3053,8,5747.200000000001,8,2657.4000000000005,2opt,notBad
3054,8,5747.200000000001,8,2657.4000000000005,2opt,notBad
3055,8,7063.2,8,2657.4000000000005,swap,acceptBad
3056,8,7063.2,8,2657.4000000000005,2opt,notBad
3057,8,7063.200000000001,8,2657.4000000000005,2opt,acceptBad
3058,8,7063.200000000001,8,2657.4000000000005,2opt,improve
3059,8,9822.6,8,2657.4000000000005,swap,acceptBad
3060,8,9822.6,8,2657.4000000000005,swap,improve
3061,8,8211.1,8,2657.4000000000005,move,improve
3062,8,8031.999999999998,8,2657.4000000000005,swap,improve
3063,8,8031.999999999998,8,2657.4000000000005,swap,improve
3064,8,8031.999999999998,8,2657.4000000000005,move,improve
3065,8,7404.100000000002,8,2657.4000000000005,move,improve
3066,8,7404.100000000002,8,2657.4000000000005,2opt,improve
3067,8,6943.199999999999,8,2657.4000000000005,swap,improve
3068,8,6943.199999999999,8,2657.4000000000005,move,improve
3069,8,6943.199999999999,8,2657.4000000000005,2opt,notBad
3070,8,6943.199999999999,8,2657.4000000000005,2opt,notBad
3071,8,6943.199999999999,8,2657.4000000000005,2opt,improve
3072,8,6822.4,8,2657.4000000000005,swap,improve
3073,8,6822.4,8,2657.4000000000005,swap,improve
3074,8,6822.4,8,2657.4000000000005,2opt,notBad
3075,8,6822.4,8,2657.4000000000005,move,improve
3076,8,7236.700000000001,8,2657.4000000000005,move,acceptBad
3077,8,7415.799999999999,8,2657.4000000000005,swap,acceptBad
3078,8,7310.799999999999,8,2657.4000000000005,swap,improve
3079,8,7310.799999999999,8,2657.4000000000005,2opt,notBad
3080,8,7310.799999999999,8,2657.4000000000005,swap,improve
3081,8,7310.799999999999,8,2657.4000000000005,2opt,improve
3082,8,7310.799999999999,8,2657.4000000000005,swap,improve
3083,8,7310.799999999999,8,2657.4000000000005,move,improve
3084,8,7310.799999999999,8,2657.4000000000005,2opt,notBad
3085,8,7310.799999999999,8,2657.4000000000005,move,improve
3086,8,7310.799999999999,8,2657.4000000000005,swap,notBad
3087,8,6568.0999999999985,8,2657.4000000000005,2opt,improve
3088,8,6568.0999999999985,8,2657.4000000000005,swap,improve
3089,8,6568.1,8,2657.4000000000005,2opt,acceptBad
3090,8,6568.1,8,2657.4000000000005,2opt,improve
3091,8,6568.1,8,2657.4000000000005,2opt,notBad
3092,8,6814.900000000001,8,2657.4000000000005,2opt,acceptBad
3093,8,6814.900000000001,8,2657.4000000000005,swap,improve
3094,8,6814.900000000001,8,2657.4000000000005,swap,improve
3095,8,6814.900000000001,8,2657.4000000000005,2opt,improve
3096,8,6814.900000000001,8,2657.4000000000005,swap,improve
3097,8,6814.900000000001,8,2657.4000000000005,move,improve
3098,8,6814.900000000001,8,2657.4000000000005,swap,improve
3099,8,6814.900000000001,8,2657.4000000000005,swap,improve
3100,8,6814.900000000001,8,2657.4000000000005,swap,improve
3101,8,5263.900000000001,8,2657.4000000000005,move,improve
3102,8,5263.900000000001,8,2657.4000000000005,move,improve
3103,8,5263.900000000001,8,2657.4000000000005,2opt,notBad
3104,8,4701.599999999999,8,2657.4000000000005,move,improve
3105,8,4701.599999999999,8,2657.4000000000005,swap,improve
3106,8,4701.599999999999,8,2657.4000000000005,move,improve
3107,8,4701.599999999999,8,2657.4000000000005,swap,improve
3108,8,4701.599999999999,8,2657.4000000000005,swap,improve
3109,8,4701.599999999999,8,2657.4000000000005,2opt,notBad
3110,8,4701.599999999999,8,2657.4000000000005,swap,improve
3111,8,4701.599999999999,8,2657.4000000000005,2opt,notBad
3112,8,4701.599999999999,8,2657.4000000000005,2opt,notBad
3113,8,4701.599999999999,8,2657.4000000000005,move,improve
3114,8,5019.599999999999,8,2657.4000000000005,2opt,acceptBad
3115,8,5019.599999999999,8,2657.4000000000005,move,improve
3116,8,5019.599999999999,8,2657.4000000000005,2opt,improve
3117,8,5019.599999999999,8,2657.4000000000005,move,improve
3118,8,5019.599999999999,8,2657.4000000000005,move,improve
3119,8,5019.599999999999,8,2657.4000000000005,2opt,notBad
3120,8,5019.599999999999,8,2657.4000000000005,move,improve
3121,8,5019.599999999999,8,2657.4000000000005,2opt,improve
3122,8,5019.599999999999,8,2657.4000000000005,swap,notBad
3123,8,5019.599999999999,8,2657.4000000000005,swap,improve
3124,8,5019.599999999999,8,2657.4000000000005,move,improve
3125,8,5019.599999999999,8,2657.4000000000005,2opt,improve
3126,8,5019.599999999999,8,2657.4000000000005,move,improve
3127,8,4474.599999999999,8,2657.4000000000005,2opt,improve
3128,8,4474.599999999999,8,2657.4000000000005,move,improve
3129,8,4474.599999999999,8,2657.4000000000005,swap,improve
3130,8,4474.599999999999,8,2657.4000000000005,swap,improve
3131,8,4799.599999999999,8,2657.4000000000005,swap,acceptBad
3132,8,4292.599999999999,8,2657.4000000000005,move,improve
3133,8,4292.599999999999,8,2657.4000000000005,2opt,improve
3134,8,4292.599999999999,8,2657.4000000000005,2opt,notBad
3135,8,4292.599999999999,8,2657.4000000000005,swap,notBad
3136,8,4292.599999999999,8,2657.4000000000005,move,improve
3137,8,4292.599999999999,8,2657.4000000000005,2opt,improve
3138,8,4292.599999999999,8,2657.4000000000005,move,improve
3139,8,4292.599999999999,8,2657.4000000000005,swap,notBad
3140,8,4292.599999999999,8,2657.4000000000005,move,improve
3141,8,4292.599999999999,8,2657.4000000000005,move,improve
3142,8,4292.599999999999,8,2657.4000000000005,move,improve
3143,8,4292.599999999999,8,2657.4000000000005,2opt,notBad
3144,8,4964.099999999999,8,2657.4000000000005,swap,acceptBad
3145,8,4964.099999999999,8,2657.4000000000005,swap,improve
3146,8,4964.099999999999,8,2657.4000000000005,move,improve
3147,8,4964.099999999999,8,2657.4000000000005,move,improve
3148,8,4964.099999999999,8,2657.4000000000005,move,improve
3149,8,4964.099999999999,8,2657.4000000000005,2opt,improve
3150,8,4964.099999999999,8,2657.4000000000005,2opt,improve
3151,8,4964.099999999999,8,2657.4000000000005,2opt,notBad
3152,8,3670.0999999999995,8,2657.4000000000005,move,improve
3153,8,3670.0999999999995,8,2657.4000000000005,2opt,notBad
3154,8,3263.2999999999993,8,2657.4000000000005,move,improve
3155,8,3263.2999999999993,8,2657.4000000000005,2opt,improve
3156,8,3263.2999999999993,8,2657.4000000000005,move,improve
3157,8,2938.600000000001,8,2657.4000000000005,move,improve
3158,8,2938.600000000001,8,2657.4000000000005,swap,improve
3159,8,2938.600000000001,8,2657.4000000000005,swap,improve
3160,8,2938.600000000001,8,2657.4000000000005,2opt,notBad
3161,8,2938.600000000001,8,2657.4000000000005,2opt,improve
3162,8,2938.600000000001,8,2657.4000000000005,swap,improve
3163,8,2938.600000000001,8,2657.4000000000005,swap,improve
3164,8,2938.600000000001,8,2657.4000000000005,move,improve
3165,8,2938.600000000001,8,2657.4000000000005,move,improve
3166,8,2938.600000000001,8,2657.4000000000005,swap,improve
3167,8,2938.600000000001,8,2657.4000000000005,move,improve
3168,8,2938.600000000001,8,2657.4000000000005,move,improve
3169,8,2938.600000000001,8,2657.4000000000005,2opt,improve
3170,8,2938.600000000001,8,2657.4000000000005,2opt,notBad
3171,8,2938.600000000001,8,2657.4000000000005,2opt,improve
3172,8,2938.600000000001,8,2657.4000000000005,move,improve
3173,8,2938.600000000001,8,2657.4000000000005,swap,improve
3174,8,2938.600000000001,8,2657.4000000000005,swap,improve
3175,8,3943.8,8,2657.4000000000005,swap,acceptBad
3176,8,3943.8,8,2657.4000000000005,move,improve
3177,8,3943.8,8,2657.4000000000005,move,improve
3178,8,3943.8,8,2657.4000000000005,2opt,improve
3179,8,4586.199999999999,8,2657.4000000000005,swap,acceptBad
3180,8,4586.199999999999,8,2657.4000000000005,move,improve
3181,8,4931.199999999999,8,2657.4000000000005,swap,acceptBad
3182,8,4931.199999999999,8,2657.4000000000005,swap,improve
3183,8,4931.199999999999,8,2657.4000000000005,move,improve
3184,8,4931.199999999999,8,2657.4000000000005,move,improve
3185,8,4931.199999999999,8,2657.4000000000005,2opt,notBad
3186,8,4931.199999999999,8,2657.4000000000005,2opt,notBad
3187,8,5256.2,8,2657.4000000000005,swap,acceptBad
3188,8,5256.2,8,2657.4000000000005,move,improve
3189,8,5256.2,8,2657.4000000000005,swap,improve
3190,7,3551.6000000000004,7,3551.6000000000004,move,newBest
3191,7,3551.6000000000004,7,3551.6000000000004,2opt,improve
3192,7,3551.6000000000004,7,3551.6000000000004,swap,improve
3193,7,3551.6000000000004,7,3551.6000000000004,2opt,improve
3194,7,3383.6000000000004,7,3383.6000000000004,move,newBest
3195,7,3383.6000000000004,7,3383.6000000000004,swap,improve
3196,7,3383.6000000000004,7,3383.6000000000004,move,improve
3197,7,3383.6000000000004,7,3383.6000000000004,move,improve
3198,7,3383.6000000000004,7,3383.6000000000004,move,improve
3199,7,3383.6000000000004,7,3383.6000000000004,swap,improve
3200,7,3383.6000000000004,7,3383.6000000000004,move,improve
3201,7,3383.6000000000004,7,3383.6000000000004,move,improve
3202,7,3383.6000000000004,7,3383.6000000000004,move,improve
3203,7,3383.6000000000004,7,3383.6000000000004,move,improve
3204,7,3383.6000000000004,7,3383.6000000000004,move,improve
3205,7,3383.6000000000004,7,3383.6000000000004,swap,improve
3206,7,3383.6000000000004,7,3383.6000000000004,move,improve
3207,7,3383.6000000000004,7,3383.6000000000004,swap,improve
3208,7,3383.6000000000004,7,3383.6000000000004,2opt,improve
3209,7,3383.6000000000004,7,3383.6000000000004,2opt,improve
3210,7,3383.6000000000004,7,3383.6000000000004,swap,improve
3211,7,3383.6000000000004,7,3383.6000000000004,swap,improve
3212,7,3383.6000000000004,7,3383.6000000000004,move,improve
3213,7,3383.6000000000004,7,3383.6000000000004,2opt,improve
3214,7,1987.2000000000007,7,1987.2000000000007,move,newBest
3215,7,1987.2000000000007,7,1987.2000000000007,move,improve
3216,7,1987.2000000000007,7,1987.2000000000007,move,improve
3217,7,1987.2000000000007,7,1987.2000000000007,swap,improve
3218,7,1987.2000000000007,7,1987.2000000000007,swap,improve
3219,7,1987.2000000000007,7,1987.2000000000007,move,improve
3220,7,1987.2000000000007,7,1987.2000000000007,move,improve
3221,7,1987.2000000000007,7,1987.2000000000007,move,improve
3222,7,1987.2000000000007,7,1987.2000000000007,move,improve
3223,7,1987.2000000000007,7,1987.2000000000007,2opt,improve
3224,7,1987.2000000000007,7,1987.2000000000007,swap,improve
3225,7,1987.2000000000007,7,1987.2000000000007,2opt,improve
3226,7,2816.4000000000015,7,1987.2000000000007,swap,acceptBad
3227,7,2816.4000000000015,7,1987.2000000000007,2opt,improve
3228,7,2387.2000000000007,7,1987.2000000000007,move,improve
3229,7,2387.2000000000007,7,1987.2000000000007,2opt,notBad
3230,7,2387.2000000000007,7,1987.2000000000007,swap,notBad
3231,7,2387.2000000000007,7,1987.2000000000007,2opt,improve
3232,7,2387.2000000000007,7,1987.2000000000007,swap,improve
3233,7,2387.2000000000007,7,1987.2000000000007,swap,improve
3234,7,2387.2000000000007,7,1987.2000000000007,move,improve
3235,7,2387.2000000000007,7,1987.2000000000007,swap,improve
3236,7,2387.2000000000007,7,1987.2000000000007,move,improve
3237,7,2387.2000000000007,7,1987.2000000000007,move,improve
3238,7,2387.2000000000007,7,1987.2000000000007,swap,improve
3239,7,2387.2000000000007,7,1987.2000000000007,move,improve
3240,7,2387.2000000000007,7,1987.2000000000007,move,improve
3241,7,2387.2000000000007,7,1987.2000000000007,2opt,improve
3242,7,2387.2000000000007,7,1987.2000000000007,swap,improve
3243,7,2387.2000000000007,7,1987.2000000000007,move,improve
3244,7,2387.2000000000007,7,1987.2000000000007,swap,improve
3245,7,2387.2000000000007,7,1987.2000000000007,2opt,improve
3246,7,2387.2000000000007,7,1987.2000000000007,2opt,improve
3247,7,2387.2000000000007,7,1987.2000000000007,swap,improve
3248,7,2387.2000000000007,7,1987.2000000000007,move,improve
3249,7,2387.2000000000007,7,1987.2000000000007,move,improve
3250,7,2387.2000000000007,7,1987.2000000000007,2opt,notBad
3251,7,2387.2000000000007,7,1987.2000000000007,move,improve
3252,7,2387.2000000000007,7,1987.2000000000007,move,improve
3253,7,2357.6000000000004,7,1987.2000000000007,2opt,improve
3254,7,2357.6000000000004,7,1987.2000000000007,move,improve
3255,7,2357.6000000000004,7,1987.2000000000007,swap,improve
3256,7,2357.6000000000004,7,1987.2000000000007,2opt,notBad
3257,7,2357.6000000000004,7,1987.2000000000007,move,improve
3258,7,2357.6000000000004,7,1987.2000000000007,move,improve
3259,7,2357.6000000000004,7,1987.2000000000007,2opt,notBad
3260,7,2357.6000000000004,7,1987.2000000000007,2opt,improve
3261,7,2357.6000000000004,7,1987.2000000000007,2opt,improve
3262,7,2357.6000000000004,7,1987.2000000000007,swap,improve
3263,7,2357.6000000000004,7,1987.2000000000007,2opt,improve
3264,7,2357.6000000000004,7,1987.2000000000007,move,improve
3265,7,2357.6000000000004,7,1987.2000000000007,2opt,improve
3266,7,3467.6000000000004,7,1987.2000000000007,swap,acceptBad
3267,7,3844.3999999999996,7,1987.2000000000007,swap,acceptBad
3268,7,4038.3999999999996,7,1987.2000000000007,swap,acceptBad
3269,7,4060.3999999999996,7,1987.2000000000007,swap,acceptBad
3270,7,4060.3999999999996,7,1987.2000000000007,2opt,notBad
3271,7,4060.3999999999996,7,1987.2000000000007,swap,improve
3272,7,4060.3999999999996,7,1987.2000000000007,swap,improve
3273,7,4060.3999999999996,7,1987.2000000000007,2opt,improve
3274,7,4060.3999999999996,7,1987.2000000000007,2opt,notBad
3275,7,4060.3999999999996,7,1987.2000000000007,swap,improve
3276,7,4060.3999999999996,7,1987.2000000000007,move,improve
3277,7,4038.3999999999996,7,1987.2000000000007,swap,improve
3278,7,4038.3999999999996,7,1987.2000000000007,swap,improve
3279,7,4038.3999999999996,7,1987.2000000000007,2opt,improve
3280,7,4038.3999999999996,7,1987.2000000000007,2opt,improve
3281,7,4038.3999999999996,7,1987.2000000000007,move,improve
3282,7,4023.0,7,1987.2000000000007,swap,improve
3283,7,4023.0,7,1987.2000000000007,move,improve
3284,7,4023.0,7,1987.2000000000007,move,improve
3285,7,4023.0,7,1987.2000000000007,2opt,improve
3286,7,4023.0,7,1987.2000000000007,move,improve
3287,7,4023.0,7,1987.2000000000007,2opt,improve
3288,7,4023.0,7,1987.2000000000007,move,improve
3289,7,4023.0,7,1987.2000000000007,swap,improve
3290,7,4023.0,7,1987.2000000000007,move,improve
3291,7,4023.0,7,1987.2000000000007,swap,improve
3292,7,4023.0,7,1987.2000000000007,move,improve
3293,7,4023.0,7,1987.2000000000007,move,improve
3294,7,4023.0,7,1987.2000000000007,2opt,improve
3295,7,4023.0,7,1987.2000000000007,move,improve
3296,7,4023.0,7,1987.2000000000007,swap,improve
3297,7,4023.0,7,1987.2000000000007,2opt,notBad
3298,7,4023.0,7,1987.2000000000007,move,improve
3299,7,4023.0,7,1987.2000000000007,swap,improve
3300,7,3474.0,7,1987.2000000000007,swap,improve
3301,7,3474.0,7,1987.2000000000007,2opt,notBad
3302,7,3474.0,7,1987.2000000000007,2opt,notBad
3303,7,3227.2000000000007,7,1987.2000000000007,swap,improve
3304,7,3227.2000000000007,7,1987.2000000000007,2opt,improve
3305,7,3227.2000000000007,7,1987.2000000000007,swap,improve
3306,7,3227.2000000000007,7,1987.2000000000007,swap,improve
3307,7,3663.3999999999996,7,1987.2000000000007,swap,acceptBad
3308,7,3663.3999999999996,7,1987.2000000000007,2opt,improve
3309,7,3663.3999999999996,7,1987.2000000000007,2opt,notBad
3310,7,3663.3999999999996,7,1987.2000000000007,swap,improve
3311,7,3663.3999999999996,7,1987.2000000000007,2opt,improve
3312,7,3707.3999999999996,7,1987.2000000000007,swap,acceptBad
3313,7,4865.4,7,1987.2000000000007,swap,acceptBad
3314,7,4865.4,7,1987.2000000000007,2opt,improve
3315,7,4865.4,7,1987.2000000000007,swap,improve
3316,7,4865.4,7,1987.2000000000007,move,improve
3317,7,5112.199999999999,7,1987.2000000000007,swap,acceptBad
3318,7,3520.0,7,1987.2000000000007,move,improve
3319,7,3520.0,7,1987.2000000000007,swap,improve
3320,7,3520.0,7,1987.2000000000007,2opt,improve
3321,7,3520.0,7,1987.2000000000007,2opt,improve
3322,7,3520.0,7,1987.2000000000007,2opt,improve
3323,7,3520.0,7,1987.2000000000007,swap,improve
3324,7,3520.0,7,1987.2000000000007,swap,improve
3325,7,3520.0,7,1987.2000000000007,2opt,improve
3326,7,3520.0,7,1987.2000000000007,swap,improve
3327,7,3520.0,7,1987.2000000000007,2opt,improve
3328,7,3520.0,7,1987.2000000000007,move,improve
3329,7,3948.0,7,1987.2000000000007,swap,acceptBad
3330,7,3948.0,7,1987.2000000000007,swap,improve
3331,7,3948.0,7,1987.2000000000007,2opt,improve
3332,7,3948.0,7,1987.2000000000007,move,improve
3333,7,3712.0,7,1987.2000000000007,move,improve
3334,7,3712.0,7,1987.2000000000007,swap,improve
3335,7,3964.0,7,1987.2000000000007,swap,acceptBad
3336,7,3964.0,7,1987.2000000000007,swap,improve
3337,7,3964.0,7,1987.2000000000007,swap,improve
3338,7,3964.0,7,1987.2000000000007,move,improve
3339,7,3964.0,7,1987.2000000000007,2opt,improve
3340,7,3964.0,7,1987.2000000000007,swap,improve
3341,7,3964.0,7,1987.2000000000007,2opt,notBad
3342,7,3964.0,7,1987.2000000000007,2opt,improve
3343,7,5482.0,7,1987.2000000000007,swap,acceptBad
3344,7,5482.0,7,1987.2000000000007,swap,improve
3345,7,5482.0,7,1987.2000000000007,2opt,notBad
3346,7,5482.0,7,1987.2000000000007,2opt,notBad
3347,7,5482.0,7,1987.2000000000007,move,improve
3348,7,5482.0,7,1987.2000000000007,move,improve
3349,7,5482.0,7,1987.2000000000007,swap,improve
3350,7,5482.0,7,1987.2000000000007,2opt,improve
3351,7,5482.0,7,1987.2000000000007,2opt,improve
3352,7,5482.0,7,1987.2000000000007,move,improve
3353,7,5482.0,7,1987.2000000000007,2opt,notBad
3354,7,5482.0,7,1987.2000000000007,move,improve
3355,7,5346.0,7,1987.2000000000007,swap,improve
3356,7,8600.0,7,1987.2000000000007,move,acceptBad
3357,7,8600.0,7,1987.2000000000007,swap,improve
3358,7,8600.0,7,1987.2000000000007,move,improve
3359,7,8600.0,7,1987.2000000000007,2opt,notBad
3360,7,8600.0,7,1987.2000000000007,2opt,improve
3361,7,8600.0,7,1987.2000000000007,2opt,notBad
3362,7,8600.0,7,1987.2000000000007,swap,improve
3363,7,8600.0,7,1987.2000000000007,move,improve
3364,7,8534.4,7,1987.2000000000007,swap,improve
3365,7,8534.4,7,1987.2000000000007,move,improve
3366,7,8534.4,7,1987.2000000000007,swap,improve
3367,7,8534.4,7,1987.2000000000007,2opt,notBad
3368,7,8534.4,7,1987.2000000000007,2opt,improve
3369,7,8534.4,7,1987.2000000000007,swap,improve
3370,7,8228.0,7,1987.2000000000007,move,improve
3371,7,8282.400000000001,7,1987.2000000000007,2opt,acceptBad
3372,7,8282.400000000001,7,1987.2000000000007,2opt,improve
3373,7,8282.400000000001,7,1987.2000000000007,move,improve
3374,7,8282.400000000001,7,1987.2000000000007,swap,improve
3375,7,8282.400000000001,7,1987.2000000000007,move,improve
3376,7,8282.400000000001,7,1987.2000000000007,swap,improve
3377,7,7172.400000000001,7,1987.2000000000007,move,improve
3378,7,7172.400000000001,7,1987.2000000000007,2opt,improve
3379,7,7172.400000000001,7,1987.2000000000007,move,improve
3380,7,7172.400000000001,7,1987.2000000000007,2opt,notBad
3381,7,7172.400000000001,7,1987.2000000000007,move,improve
3382,7,7172.400000000001,7,1987.2000000000007,move,improve
3383,7,7279.5999999999985,7,1987.2000000000007,swap,acceptBad
3384,7,7279.5999999999985,7,1987.2000000000007,swap,improve
3385,7,7279.5999999999985,7,1987.2000000000007,2opt,improve
3386,7,7279.5999999999985,7,1987.2000000000007,2opt,notBad
3387,7,7279.5999999999985,7,1987.2000000000007,swap,improve
3388,7,7279.5999999999985,7,1987.2000000000007,move,improve
3389,7,7279.5999999999985,7,1987.2000000000007,2opt,improve
3390,7,7279.5999999999985,7,1987.2000000000007,swap,improve
3391,7,7279.5999999999985,7,1987.2000000000007,2opt,improve
3392,7,7279.5999999999985,7,1987.2000000000007,swap,improve
3393,7,7279.5999999999985,7,1987.2000000000007,2opt,notBad
3394,7,7279.5999999999985,7,1987.2000000000007,swap,improve
3395,7,7279.5999999999985,7,1987.2000000000007,swap,improve
3396,7,7177.200000000001,7,1987.2000000000007,swap,improve
3397,7,7325.999999999998,7,1987.2000000000007,swap,acceptBad
3398,7,7325.999999999998,7,1987.2000000000007,swap,improve
3399,7,7325.999999999998,7,1987.2000000000007,move,improve
3400,7,7325.999999999998,7,1987.2000000000007,swap,improve
3401,7,7325.999999999998,7,1987.2000000000007,2opt,notBad
3402,7,7325.999999999998,7,1987.2000000000007,swap,improve
3403,7,7325.999999999998,7,1987.2000000000007,2opt,notBad
3404,7,7325.999999999998,7,1987.2000000000007,swap,improve
3405,7,5616.0,7,1987.2000000000007,move,improve
3406,7,5212.0,7,1987.2000000000007,swap,improve
3407,7,5212.0,7,1987.2000000000007,swap,improve
3408,7,5212.0,7,1987.2000000000007,2opt,improve
3409,7,5212.0,7,1987.2000000000007,move,improve
3410,7,5212.0,7,1987.2000000000007,2opt,improve
3411,7,5107.600000000002,7,1987.2000000000007,move,improve
3412,7,5107.600000000002,7,1987.2000000000007,2opt,improve
3413,7,4860.800000000001,7,1987.2000000000007,2opt,improve
3414,7,4860.800000000001,7,1987.2000000000007,move,improve
3415,7,4860.800000000001,7,1987.2000000000007,2opt,notBad
3416,7,4860.800000000001,7,1987.2000000000007,move,improve
3417,7,4860.800000000001,7,1987.2000000000007,move,improve
3418,7,4860.800000000001,7,1987.2000000000007,move,improve
3419,7,4860.800000000001,7,1987.2000000000007,swap,improve
3420,7,4860.800000000001,7,1987.2000000000007,move,improve
3421,7,4860.800000000001,7,1987.2000000000007,swap,improve
3422,7,4860.800000000001,7,1987.2000000000007,2opt,notBad
3423,7,4860.800000000002,7,1987.2000000000007,2opt,acceptBad
3424,7,4860.800000000002,7,1987.2000000000007,move,improve
3425,7,4860.800000000002,7,1987.2000000000007,2opt,notBad
3426,7,4860.800000000002,7,1987.2000000000007,2opt,notBad
3427,7,4860.800000000002,7,1987.2000000000007,swap,improve
3428,7,4860.800000000003,7,1987.2000000000007,2opt,acceptBad
3429,7,4860.800000000003,7,1987.2000000000007,move,improve
3430,7,4058.600000000003,7,1987.2000000000007,move,improve
3431,7,4058.600000000003,7,1987.2000000000007,move,improve
3432,7,4058.600000000003,7,1987.2000000000007,move,improve
3433,7,4058.600000000003,7,1987.2000000000007,2opt,notBad
3434,7,4058.600000000003,7,1987.2000000000007,move,improve
3435,7,4058.600000000003,7,1987.2000000000007,2opt,improve
3436,7,4058.600000000003,7,1987.2000000000007,swap,improve
3437,7,4058.600000000003,7,1987.2000000000007,2opt,improve
3438,7,4058.600000000003,7,1987.2000000000007,swap,improve
3439,7,3807.2,7,1987.2000000000007,swap,improve
3440,7,3208.3999999999987,7,1987.2000000000007,swap,improve
3441,7,3208.3999999999987,7,1987.2000000000007,2opt,improve
3442,7,3208.3999999999987,7,1987.2000000000007,move,improve
3443,7,3208.3999999999987,7,1987.2000000000007,2opt,improve
3444,7,3208.3999999999987,7,1987.2000000000007,swap,improve
3445,7,3208.3999999999987,7,1987.2000000000007,2opt,improve
3446,7,3208.3999999999987,7,1987.2000000000007,swap,improve
3447,7,3406.3999999999996,7,1987.2000000000007,move,acceptBad
3448,7,3406.3999999999996,7,1987.2000000000007,swap,improve
3449,7,3406.3999999999996,7,1987.2000000000007,move,improve
3450,7,3406.3999999999996,7,1987.2000000000007,swap,improve
3451,7,3406.3999999999996,7,1987.2000000000007,2opt,notBad
3452,7,3278.7999999999993,7,1987.2000000000007,2opt,improve
3453,7,3278.7999999999993,7,1987.2000000000007,2opt,improve
3454,7,3278.7999999999993,7,1987.2000000000007,swap,improve
3455,7,3278.7999999999993,7,1987.2000000000007,2opt,improve
3456,7,3278.7999999999993,7,1987.2000000000007,move,improve
3457,7,3278.7999999999993,7,1987.2000000000007,2opt,improve
3458,7,3403.3999999999996,7,1987.2000000000007,swap,acceptBad
3459,7,3403.3999999999996,7,1987.2000000000007,2opt,improve
3460,7,3403.3999999999996,7,1987.2000000000007,move,improve
3461,7,3403.3999999999996,7,1987.2000000000007,2opt,improve
3462,7,3403.3999999999996,7,1987.2000000000007,move,improve
3463,7,3403.3999999999996,7,1987.2000000000007,2opt,notBad
3464,7,3403.3999999999996,7,1987.2000000000007,move,improve
3465,7,3403.3999999999996,7,1987.2000000000007,move,improve
3466,7,3403.3999999999996,7,1987.2000000000007,2opt,notBad
3467,7,3403.3999999999996,7,1987.2000000000007,2opt,improve
3468,7,3403.3999999999996,7,1987.2000000000007,move,improve
3469,7,3403.3999999999996,7,1987.2000000000007,2opt,notBad
3470,7,3403.3999999999996,7,1987.2000000000007,move,improve
3471,7,3403.3999999999996,7,1987.2000000000007,2opt,improve
3472,7,3403.3999999999996,7,1987.2000000000007,swap,improve
3473,7,4168.4,7,1987.2000000000007,swap,acceptBad
3474,7,4168.4,7,1987.2000000000007,swap,improve
3475,7,4168.4,7,1987.2000000000007,move,improve
3476,7,4168.4,7,1987.2000000000007,2opt,improve
3477,7,4168.4,7,1987.2000000000007,move,improve
3478,7,4168.4,7,1987.2000000000007,2opt,notBad
3479,7,6976.4,7,1987.2000000000007,move,acceptBad
3480,7,6976.4,7,1987.2000000000007,move,improve
3481,7,6963.799999999999,7,1987.2000000000007,move,improve
3482,7,6963.799999999999,7,1987.2000000000007,2opt,improve
3483,7,6963.799999999999,7,1987.2000000000007,2opt,improve
3484,7,6963.799999999999,7,1987.2000000000007,swap,improve
3485,7,6963.799999999999,7,1987.2000000000007,2opt,improve
3486,7,6963.799999999999,7,1987.2000000000007,2opt,improve
3487,7,6963.799999999999,7,1987.2000000000007,2opt,notBad
3488,7,6963.799999999999,7,1987.2000000000007,swap,improve
3489,7,6575.5999999999985,7,1987.2000000000007,swap,improve
3490,7,6575.5999999999985,7,1987.2000000000007,swap,improve
3491,7,5731.4,7,1987.2000000000007,move,improve
3492,7,5731.4,7,1987.2000000000007,swap,improve
3493,7,5731.4,7,1987.2000000000007,move,improve
3494,7,5731.4,7,1987.2000000000007,swap,improve
3495,7,5731.4,7,1987.2000000000007,move,improve
3496,7,5731.4,7,1987.2000000000007,move,improve
3497,7,5731.4,7,1987.2000000000007,move,improve
3498,7,5731.4,7,1987.2000000000007,2opt,notBad
3499,7,5731.4,7,1987.2000000000007,move,improve
3500,7,5731.4,7,1987.2000000000007,2opt,improve
3501,7,5595.4,7,1987.2000000000007,swap,improve
3502,7,5595.4,7,1987.2000000000007,2opt,improve
3503,7,5595.4,7,1987.2000000000007,move,improve
3504,7,5595.4,7,1987.2000000000007,2opt,notBad
3505,7,5595.4,7,1987.2000000000007,move,improve
3506,7,5595.4,7,1987.2000000000007,2opt,notBad
3507,7,5595.4,7,1987.2000000000007,2opt,improve
3508,7,5595.4,7,1987.2000000000007,2opt,improve
3509,7,5595.4,7,1987.2000000000007,move,improve
3510,7,3808.6000000000004,7,1987.2000000000007,move,improve
3511,7,4028.6000000000004,7,1987.2000000000007,swap,acceptBad
3512,7,4028.6000000000004,7,1987.2000000000007,swap,improve
3513,7,4028.6000000000004,7,1987.2000000000007,swap,improve
3514,7,4028.6000000000004,7,1987.2000000000007,swap,improve
3515,7,4028.6000000000004,7,1987.2000000000007,2opt,improve
3516,7,4028.6000000000004,7,1987.2000000000007,2opt,improve
3517,7,4028.6000000000004,7,1987.2000000000007,swap,improve
3518,7,4028.6000000000004,7,1987.2000000000007,move,improve
3519,7,4028.6000000000004,7,1987.2000000000007,swap,improve
3520,7,4028.6000000000004,7,1987.2000000000007,2opt,notBad
3521,7,4028.6000000000004,7,1987.2000000000007,swap,improve
3522,7,4028.6000000000004,7,1987.2000000000007,move,improve
3523,7,4028.6000000000004,7,1987.2000000000007,move,improve
3524,7,4028.6000000000004,7,1987.2000000000007,2opt,improve
3525,7,4028.6000000000004,7,1987.2000000000007,swap,improve
3526,7,4028.6000000000004,7,1987.2000000000007,swap,improve
3527,7,4028.6000000000004,7,1987.2000000000007,swap,improve
3528,7,4028.6000000000004,7,1987.2000000000007,2opt,notBad
3529,7,4028.6000000000004,7,1987.2000000000007,move,improve
3530,7,4028.6000000000004,7,1987.2000000000007,move,improve
3531,7,4028.6000000000004,7,1987.2000000000007,swap,improve
3532,7,3751.2000000000007,7,1987.2000000000007,swap,improve
3533,7,3751.2000000000007,7,1987.2000000000007,swap,improve
3534,7,3751.2000000000007,7,1987.2000000000007,swap,improve
3535,7,3751.2000000000007,7,1987.2000000000007,swap,improve
3536,7,3751.2000000000007,7,1987.2000000000007,2opt,improve
3537,7,3751.2000000000007,7,1987.2000000000007,2opt,notBad
3538,7,3751.2000000000007,7,1987.2000000000007,swap,improve
3539,7,3751.2000000000007,7,1987.2000000000007,swap,improve
3540,7,3751.2000000000007,7,1987.2000000000007,swap,improve
3541,7,3751.2000000000007,7,1987.2000000000007,swap,improve
3542,7,3751.2000000000007,7,1987.2000000000007,2opt,notBad
3543,7,3697.0,7,1987.2000000000007,move,improve
3544,7,3697.0,7,1987.2000000000007,move,improve
3545,7,3697.0,7,1987.2000000000007,2opt,improve
3546,7,3263.999999999999,7,1987.2000000000007,move,improve
3547,7,3263.999999999999,7,1987.2000000000007,move,improve
3548,7,4507.200000000001,7,1987.2000000000007,swap,acceptBad
3549,7,4594.0,7,1987.2000000000007,swap,acceptBad
3550,7,4594.0,7,1987.2000000000007,2opt,improve
3551,7,4594.0,7,1987.2000000000007,swap,improve
3552,7,4594.0,7,1987.2000000000007,move,improve
3553,7,4594.0,7,1987.2000000000007,move,improve
3554,7,4594.0,7,1987.2000000000007,2opt,improve
3555,7,4594.0,7,1987.2000000000007,2opt,improve
3556,7,4594.0,7,1987.2000000000007,2opt,improve
3557,7,4594.0,7,1987.2000000000007,move,improve
3558,7,4594.0,7,1987.2000000000007,2opt,notBad
3559,7,4594.0,7,1987.2000000000007,2opt,notBad
3560,7,4594.0,7,1987.2000000000007,swap,improve
3561,7,4594.0,7,1987.2000000000007,2opt,notBad
3562,7,4594.0,7,1987.2000000000007,move,improve
3563,7,4594.0,7,1987.2000000000007,2opt,improve
3564,7,4594.0,7,1987.2000000000007,2opt,notBad
3565,7,4594.0,7,1987.2000000000007,2opt,notBad
3566,7,4594.0,7,1987.2000000000007,move,improve
3567,7,4594.0,7,1987.2000000000007,2opt,improve
3568,7,4594.0,7,1987.2000000000007,move,improve
3569,7,4594.0,7,1987.2000000000007,2opt,notBad
3570,7,4594.0,7,1987.2000000000007,swap,improve
3571,7,4594.0,7,1987.2000000000007,move,improve
3572,7,4594.0,7,1987.2000000000007,move,improve
3573,7,4594.0,7,1987.2000000000007,2opt,notBad
3574,7,4594.0,7,1987.2000000000007,2opt,improve
3575,7,4594.0,7,1987.2000000000007,move,improve
3576,7,5064.4,7,1987.2000000000007,swap,acceptBad
3577,7,5064.4,7,1987.2000000000007,move,improve
3578,7,5064.4,7,1987.2000000000007,2opt,notBad
3579,7,5064.4,7,1987.2000000000007,swap,notBad
3580,7,5064.4,7,1987.2000000000007,2opt,improve
3581,7,5064.4,7,1987.2000000000007,move,improve
3582,7,4748.4,7,1987.2000000000007,swap,improve
3583,7,4748.4,7,1987.2000000000007,swap,improve
3584,7,4748.4,7,1987.2000000000007,swap,improve
3585,7,4398.0,7,1987.2000000000007,swap,improve
3586,7,4398.0,7,1987.2000000000007,2opt,notBad
3587,7,4398.0,7,1987.2000000000007,move,improve
3588,7,4398.0,7,1987.2000000000007,swap,improve
3589,7,4398.0,7,1987.2000000000007,swap,improve
3590,7,4398.0,7,1987.2000000000007,swap,improve
3591,7,4398.0,7,1987.2000000000007,move,improve
3592,7,4398.0,7,1987.2000000000007,move,improve
3593,7,4398.0,7,1987.2000000000007,move,improve
3594,7,4398.0,7,1987.2000000000007,swap,improve
3595,7,4398.0,7,1987.2000000000007,swap,improve
3596,7,4398.0,7,1987.2000000000007,2opt,notBad
3597,7,4398.0,7,1987.2000000000007,swap,improve
3598,7,4398.0,7,1987.2000000000007,2opt,improve
3599,7,4398.0,7,1987.2000000000007,swap,improve
3600,7,4398.0,7,1987.2000000000007,move,improve
3601,7,4306.0,7,1987.2000000000007,swap,improve
3602,7,4306.0,7,1987.2000000000007,move,improve
3603,7,4306.0,7,1987.2000000000007,2opt,improve
3604,7,4306.0,7,1987.2000000000007,2opt,improve
3605,7,4276.799999999999,7,1987.2000000000007,swap,improve
3606,7,4276.799999999999,7,1987.2000000000007,2opt,improve
3607,7,4276.799999999999,7,1987.2000000000007,2opt,notBad
3608,7,4276.799999999999,7,1987.2000000000007,2opt,notBad
3609,7,4276.799999999999,7,1987.2000000000007,swap,improve
3610,7,4276.799999999999,7,1987.2000000000007,2opt,notBad
3611,7,4276.799999999999,7,1987.2000000000007,2opt,improve
3612,7,4276.799999999999,7,1987.2000000000007,move,improve
3613,7,4368.799999999999,7,1987.2000000000007,swap,acceptBad
3614,7,4368.799999999999,7,1987.2000000000007,2opt,notBad
3615,7,4368.799999999999,7,1987.2000000000007,2opt,improve
3616,7,4368.799999999999,7,1987.2000000000007,move,improve
3617,7,4368.799999999999,7,1987.2000000000007,move,improve
3618,7,4368.799999999999,7,1987.2000000000007,swap,improve
3619,7,4368.799999999999,7,1987.2000000000007,2opt,improve
3620,7,4368.799999999997,7,1987.2000000000007,2opt,improve
3621,7,2819.999999999999,7,1987.2000000000007,move,improve
3622,7,2819.999999999999,7,1987.2000000000007,2opt,improve
3623,7,2819.999999999999,7,1987.2000000000007,2opt,notBad
3624,7,2819.999999999999,7,1987.2000000000007,2opt,improve
3625,7,2819.999999999999,7,1987.2000000000007,swap,improve
3626,7,2819.999999999999,7,1987.2000000000007,move,improve
3627,7,2819.999999999999,7,1987.2000000000007,2opt,improve
3628,7,2819.999999999999,7,1987.2000000000007,move,improve
3629,7,2849.2,7,1987.2000000000007,swap,acceptBad
3630,7,2849.2,7,1987.2000000000007,move,improve
3631,7,4157.399999999999,7,1987.2000000000007,swap,acceptBad
3632,7,4157.399999999999,7,1987.2000000000007,2opt,notBad
3633,7,4157.399999999999,7,1987.2000000000007,swap,notBad
3634,7,4157.399999999999,7,1987.2000000000007,move,improve
3635,7,3547.2,7,1987.2000000000007,move,improve
3636,7,3547.2,7,1987.2000000000007,move,improve
3637,7,3547.2,7,1987.2000000000007,move,improve
3638,7,3547.2,7,1987.2000000000007,2opt,improve
3639,7,3547.2,7,1987.2000000000007,swap,improve
3640,7,3547.2,7,1987.2000000000007,2opt,notBad
3641,7,3547.2,7,1987.2000000000007,move,improve
3642,7,3547.2,7,1987.2000000000007,move,improve
3643,7,3547.2,7,1987.2000000000007,move,improve
3644,7,3547.2,7,1987.2000000000007,swap,improve
3645,7,3547.2,7,1987.2000000000007,move,improve
3646,7,3547.2,7,1987.2000000000007,2opt,notBad
3647,7,2849.2,7,1987.2000000000007,move,improve
3648,7,2849.2,7,1987.2000000000007,2opt,improve
3649,7,2849.2,7,1987.2000000000007,move,improve
3650,7,2849.2,7,1987.2000000000007,swap,improve
3651,7,2849.2,7,1987.2000000000007,2opt,notBad
3652,7,2849.2,7,1987.2000000000007,swap,improve
3653,7,2849.2,7,1987.2000000000007,move,improve
3654,7,2849.2,7,1987.2000000000007,swap,improve
3655,7,2849.2,7,1987.2000000000007,move,improve
3656,7,2283.8,7,1987.2000000000007,move,improve
3657,7,2283.8,7,1987.2000000000007,2opt,improve
3658,7,2283.8,7,1987.2000000000007,2opt,notBad
3659,7,2283.8,7,1987.2000000000007,move,improve
3660,7,2283.8,7,1987.2000000000007,move,improve
3661,7,2283.8,7,1987.2000000000007,swap,improve
3662,7,2283.8,7,1987.2000000000007,move,improve
3663,7,2283.8,7,1987.2000000000007,swap,improve
3664,7,2283.8,7,1987.2000000000007,swap,improve
3665,7,1662.4000000000005,7,1662.4000000000005,move,newBest
3666,7,1662.4000000000005,7,1662.4000000000005,2opt,notBad
3667,7,1662.4000000000005,7,1662.4000000000005,move,improve
3668,7,1662.4000000000005,7,1662.4000000000005,2opt,improve
3669,7,1662.4000000000005,7,1662.4000000000005,2opt,improve
3670,7,1662.4000000000005,7,1662.4000000000005,2opt,notBad
3671,7,1662.4000000000005,7,1662.4000000000005,swap,improve
3672,7,1662.4000000000005,7,1662.4000000000005,move,improve
3673,7,1662.4000000000005,7,1662.4000000000005,swap,improve
3674,7,1662.4000000000005,7,1662.4000000000005,move,improve
3675,7,1662.4000000000005,7,1662.4000000000005,move,improve
3676,7,1662.4000000000005,7,1662.4000000000005,swap,improve
3677,7,1662.4000000000005,7,1662.4000000000005,swap,improve
3678,7,1662.4000000000005,7,1662.4000000000005,swap,notBad
3679,7,1662.4000000000005,7,1662.4000000000005,move,improve
3680,7,1662.4000000000005,7,1662.4000000000005,2opt,notBad
3681,7,1662.4000000000005,7,1662.4000000000005,swap,improve
3682,7,1662.4000000000005,7,1662.4000000000005,2opt,notBad
3683,7,2220.7999999999993,7,1662.4000000000005,swap,acceptBad
3684,7,2220.7999999999993,7,1662.4000000000005,2opt,improve
3685,7,2220.7999999999993,7,1662.4000000000005,swap,improve
3686,7,2220.7999999999993,7,1662.4000000000005,move,improve
3687,7,2220.7999999999993,7,1662.4000000000005,move,improve
3688,7,2220.7999999999993,7,1662.4000000000005,swap,improve
3689,7,2220.7999999999993,7,1662.4000000000005,swap,improve
3690,7,2230.5999999999985,7,1662.4000000000005,swap,acceptBad
3691,7,2230.5999999999985,7,1662.4000000000005,move,improve
3692,7,2230.5999999999985,7,1662.4000000000005,2opt,notBad
3693,7,2230.5999999999985,7,1662.4000000000005,move,improve
3694,7,2230.5999999999985,7,1662.4000000000005,move,improve
3695,7,2230.5999999999985,7,1662.4000000000005,2opt,notBad
3696,7,2230.5999999999985,7,1662.4000000000005,move,improve
3697,7,2230.5999999999985,7,1662.4000000000005,move,improve
3698,7,2162.7999999999975,7,1662.4000000000005,move,improve
3699,7,2162.7999999999975,7,1662.4000000000005,swap,improve
3700,7,2162.7999999999975,7,1662.4000000000005,swap,improve
3701,7,2162.7999999999975,7,1662.4000000000005,2opt,improve
3702,7,2726.999999999998,7,1662.4000000000005,swap,acceptBad
3703,7,2301.399999999998,7,1662.4000000000005,move,improve
3704,7,2301.399999999998,7,1662.4000000000005,2opt,notBad
3705,7,2301.399999999998,7,1662.4000000000005,move,improve
3706,7,1857.3999999999996,7,1662.4000000000005,move,improve
3707,7,1857.3999999999996,7,1662.4000000000005,move,improve
3708,7,1857.3999999999996,7,1662.4000000000005,2opt,improve
3709,7,1857.3999999999996,7,1662.4000000000005,swap,notBad
3710,7,1857.3999999999996,7,1662.4000000000005,2opt,improve
3711,7,1857.3999999999996,7,1662.4000000000005,2opt,notBad
3712,7,1857.3999999999996,7,1662.4000000000005,swap,improve
3713,7,1857.3999999999996,7,1662.4000000000005,2opt,notBad
3714,7,1857.3999999999996,7,1662.4000000000005,swap,improve
3715,7,1857.3999999999996,7,1662.4000000000005,swap,improve
3716,7,1857.3999999999996,7,1662.4000000000005,swap,improve
3717,7,1857.3999999999996,7,1662.4000000000005,swap,improve
3718,7,1857.3999999999996,7,1662.4000000000005,swap,improve
3719,7,1857.3999999999996,7,1662.4000000000005,swap,improve
3720,7,1857.3999999999996,7,1662.4000000000005,2opt,improve
3721,7,1857.3999999999996,7,1662.4000000000005,swap,improve
3722,7,1857.3999999999996,7,1662.4000000000005,2opt,notBad
3723,7,1857.3999999999996,7,1662.4000000000005,swap,improve
3724,7,1857.3999999999996,7,1662.4000000000005,move,improve
3725,7,1857.3999999999996,7,1662.4000000000005,2opt,improve
3726,7,3381.3999999999996,7,1662.4000000000005,swap,acceptBad
3727,7,3381.3999999999996,7,1662.4000000000005,2opt,notBad
3728,7,3439.3999999999996,7,1662.4000000000005,swap,acceptBad
3729,7,3439.3999999999996,7,1662.4000000000005,move,improve
3730,7,3439.3999999999996,7,1662.4000000000005,move,improve
3731,7,3439.3999999999996,7,1662.4000000000005,2opt,notBad
3732,7,3439.3999999999996,7,1662.4000000000005,move,improve
3733,7,3439.3999999999996,7,1662.4000000000005,move,improve
3734,7,3439.3999999999996,7,1662.4000000000005,2opt,improve
3735,7,3439.3999999999996,7,1662.4000000000005,swap,improve
3736,7,3439.3999999999996,7,1662.4000000000005,swap,improve
3737,7,3439.3999999999996,7,1662.4000000000005,swap,improve
3738,7,3439.3999999999996,7,1662.4000000000005,move,improve
3739,7,3439.3999999999996,7,1662.4000000000005,move,improve
3740,7,3439.3999999999996,7,1662.4000000000005,2opt,notBad
3741,7,3439.3999999999996,7,1662.4000000000005,move,improve
3742,7,4351.999999999999,7,1662.4000000000005,swap,acceptBad
3743,7,4351.999999999999,7,1662.4000000000005,2opt,notBad
3744,7,4351.999999999999,7,1662.4000000000005,2opt,notBad
3745,7,4351.999999999999,7,1662.4000000000005,2opt,notBad
3746,7,4093.999999999999,7,1662.4000000000005,swap,improve
3747,7,4093.999999999999,7,1662.4000000000005,swap,improve
3748,7,4093.999999999999,7,1662.4000000000005,2opt,notBad
3749,7,4093.999999999999,7,1662.4000000000005,2opt,notBad
3750,7,4093.999999999999,7,1662.4000000000005,swap,improve
3751,7,4093.999999999999,7,1662.4000000000005,swap,improve
3752,7,4093.999999999999,7,1662.4000000000005,2opt,notBad
3753,7,4093.999999999999,7,1662.4000000000005,swap,improve
3754,7,4093.999999999999,7,1662.4000000000005,swap,improve
3755,7,4093.999999999999,7,1662.4000000000005,2opt,improve
3756,7,4093.999999999999,7,1662.4000000000005,2opt,improve
3757,7,4093.999999999999,7,1662.4000000000005,2opt,notBad
3758,7,5219.0,7,1662.4000000000005,swap,acceptBad
3759,7,4675.4,7,1662.4000000000005,swap,improve
3760,7,4675.4,7,1662.4000000000005,move,improve
3761,7,4675.4,7,1662.4000000000005,swap,improve
3762,7,4675.4,7,1662.4000000000005,2opt,improve
3763,7,4675.4,7,1662.4000000000005,swap,improve
3764,7,4675.4,7,1662.4000000000005,2opt,notBad
3765,7,4675.4,7,1662.4000000000005,move,improve
3766,7,4675.4,7,1662.4000000000005,2opt,improve
3767,7,4662.799999999997,7,1662.4000000000005,move,improve
3768,7,4662.799999999997,7,1662.4000000000005,swap,improve
3769,7,4662.799999999997,7,1662.4000000000005,2opt,improve
3770,7,4662.799999999997,7,1662.4000000000005,2opt,notBad
3771,7,4108.799999999997,7,1662.4000000000005,move,improve
3772,7,4108.799999999997,7,1662.4000000000005,move,improve
3773,7,4108.799999999997,7,1662.4000000000005,swap,improve
3774,7,4108.799999999997,7,1662.4000000000005,swap,improve
3775,7,4724.4,7,1662.4000000000005,swap,acceptBad
3776,7,4724.4,7,1662.4000000000005,move,improve
3777,7,4724.4,7,1662.4000000000005,move,improve
3778,7,4724.4,7,1662.4000000000005,swap,improve
3779,7,4724.4,7,1662.4000000000005,2opt,improve
3780,7,4724.4,7,1662.4000000000005,2opt,improve
3781,7,4724.4,7,1662.4000000000005,2opt,improve
3782,7,3364.0,7,1662.4000000000005,swap,improve
3783,7,3364.0,7,1662.4000000000005,move,improve
3784,7,3364.0,7,1662.4000000000005,2opt,notBad
3785,7,3364.0,7,1662.4000000000005,swap,improve
3786,7,3364.0,7,1662.4000000000005,2opt,improve
3787,7,3364.0,7,1662.4000000000005,2opt,notBad
3788,7,3364.0,7,1662.4000000000005,2opt,notBad
3789,7,3364.0,7,1662.4000000000005,move,improve
3790,7,3364.0,7,1662.4000000000005,swap,improve
3791,7,3737.6000000000004,7,1662.4000000000005,swap,acceptBad
3792,7,3737.6000000000004,7,1662.4000000000005,2opt,improve
3793,7,3737.6000000000004,7,1662.4000000000005,move,improve
3794,7,3737.6000000000004,7,1662.4000000000005,2opt,improve
3795,7,3737.6000000000004,7,1662.4000000000005,2opt,improve
3796,7,3737.6000000000004,7,1662.4000000000005,swap,improve
3797,7,3737.6000000000004,7,1662.4000000000005,2opt,improve
3798,7,3737.6000000000004,7,1662.4000000000005,swap,improve
3799,7,3737.6000000000004,7,1662.4000000000005,swap,improve
3800,7,3737.6000000000004,7,1662.4000000000005,2opt,improve
3801,7,3737.6000000000004,7,1662.4000000000005,swap,improve
3802,7,3737.6000000000004,7,1662.4000000000005,2opt,improve
3803,7,3737.6000000000004,7,1662.4000000000005,swap,improve
3804,7,3737.6000000000004,7,1662.4000000000005,move,improve
3805,7,3737.6000000000004,7,1662.4000000000005,swap,improve
3806,7,3737.6000000000004,7,1662.4000000000005,2opt,improve
3807,7,3737.6000000000004,7,1662.4000000000005,swap,improve
3808,7,3737.6000000000004,7,1662.4000000000005,2opt,notBad
3809,7,3737.6000000000004,7,1662.4000000000005,2opt,improve
3810,7,3737.6000000000004,7,1662.4000000000005,2opt,improve
3811,7,3433.6000000000004,7,1662.4000000000005,move,improve
3812,7,3433.6000000000004,7,1662.4000000000005,move,improve
3813,7,3433.6000000000004,7,1662.4000000000005,2opt,improve
3814,7,3433.6000000000004,7,1662.4000000000005,2opt,notBad
3815,7,3433.6000000000004,7,1662.4000000000005,2opt,notBad
3816,7,3433.6000000000004,7,1662.4000000000005,2opt,notBad
3817,7,3433.6000000000004,7,1662.4000000000005,2opt,improve
3818,7,3433.6000000000004,7,1662.4000000000005,swap,improve
3819,7,3433.6000000000004,7,1662.4000000000005,2opt,notBad
3820,7,3433.6000000000004,7,1662.4000000000005,swap,improve
3821,7,3433.6000000000004,7,1662.4000000000005,2opt,notBad
3822,7,3433.6000000000004,7,1662.4000000000005,move,improve
3823,7,3433.6000000000004,7,1662.4000000000005,swap,notBad
3824,7,3433.6000000000004,7,1662.4000000000005,swap,improve
3825,7,3454.3999999999996,7,1662.4000000000005,swap,acceptBad
3826,7,3454.3999999999996,7,1662.4000000000005,2opt,improve
3827,7,3454.3999999999996,7,1662.4000000000005,move,improve
3828,7,3454.3999999999996,7,1662.4000000000005,swap,improve
3829,7,3454.3999999999996,7,1662.4000000000005,swap,improve
3830,8,3948.2,7,1662.4000000000005,2opt,acceptBad
3831,8,3948.2,7,1662.4000000000005,move,improve
3832,8,3948.2,7,1662.4000000000005,2opt,improve
3833,8,3329.6000000000004,7,1662.4000000000005,swap,improve
3834,8,3329.6000000000004,7,1662.4000000000005,move,improve
3835,8,3396.6000000000004,7,1662.4000000000005,2opt,acceptBad
3836,8,3329.6000000000004,7,1662.4000000000005,move,improve
3837,8,3329.6000000000004,7,1662.4000000000005,move,improve
3838,8,3329.6000000000004,7,1662.4000000000005,move,improve
3839,8,3329.6000000000004,7,1662.4000000000005,2opt,improve
3840,8,3329.6000000000004,7,1662.4000000000005,swap,improve
3841,8,3329.8000000000006,7,1662.4000000000005,swap,acceptBad
3842,8,3329.6000000000004,7,1662.4000000000005,move,improve
3843,8,3329.6000000000004,7,1662.4000000000005,move,improve
3844,8,3329.6000000000004,7,1662.4000000000005,2opt,improve
3845,8,3329.6000000000004,7,1662.4000000000005,swap,improve
3846,8,3329.6000000000004,7,1662.4000000000005,swap,notBad
3847,8,3329.6000000000004,7,1662.4000000000005,swap,improve
3848,8,3329.6000000000004,7,1662.4000000000005,swap,improve
3849,8,3329.6000000000004,7,1662.4000000000005,move,improve
3850,8,3326.1,7,1662.4000000000005,move,improve
3851,8,3326.1,7,1662.4000000000005,swap,improve
3852,8,3326.1,7,1662.4000000000005,2opt,improve
3853,8,3240.099999999998,7,1662.4000000000005,swap,improve
3854,8,3240.099999999998,7,1662.4000000000005,move,improve
3855,8,3623.099999999998,7,1662.4000000000005,swap,acceptBad
3856,8,3623.099999999998,7,1662.4000000000005,2opt,improve
3857,8,3623.099999999998,7,1662.4000000000005,2opt,improve
3858,8,3623.099999999998,7,1662.4000000000005,move,improve
3859,8,3623.099999999998,7,1662.4000000000005,swap,improve
3860,8,3623.099999999998,7,1662.4000000000005,2opt,improve
3861,8,3827.199999999996,7,1662.4000000000005,swap,acceptBad
3862,8,3827.199999999996,7,1662.4000000000005,move,improve
3863,8,3827.199999999996,7,1662.4000000000005,move,improve
3864,8,4405.399999999998,7,1662.4000000000005,swap,acceptBad
3865,8,4405.399999999998,7,1662.4000000000005,move,improve
3866,8,4405.399999999998,7,1662.4000000000005,2opt,notBad
3867,8,3801.699999999996,7,1662.4000000000005,move,improve
3868,8,3801.699999999996,7,1662.4000000000005,swap,improve
3869,8,3801.699999999996,7,1662.4000000000005,2opt,improve
3870,8,3801.699999999996,7,1662.4000000000005,swap,improve
3871,8,3801.699999999996,7,1662.4000000000005,swap,improve
3872,8,3801.699999999996,7,1662.4000000000005,move,improve
3873,8,3801.699999999996,7,1662.4000000000005,2opt,improve
3874,8,3801.699999999996,7,1662.4000000000005,move,improve
3875,8,3801.699999999996,7,1662.4000000000005,swap,improve
3876,8,3801.699999999996,7,1662.4000000000005,move,improve
3877,8,3801.699999999996,7,1662.4000000000005,2opt,improve
3878,8,3801.699999999996,7,1662.4000000000005,swap,improve
3879,8,3801.699999999996,7,1662.4000000000005,swap,improve
3880,8,3801.699999999996,7,1662.4000000000005,2opt,notBad
3881,8,3526.6999999999944,7,1662.4000000000005,swap,improve
3882,8,3526.6999999999944,7,1662.4000000000005,move,improve
3883,8,3526.6999999999944,7,1662.4000000000005,2opt,improve
3884,8,3526.6999999999944,7,1662.4000000000005,swap,notBad
3885,8,3944.699999999996,7,1662.4000000000005,swap,acceptBad
3886,8,4744.399999999998,7,1662.4000000000005,swap,acceptBad
3887,8,4744.399999999998,7,1662.4000000000005,swap,improve
3888,8,4744.399999999998,7,1662.4000000000005,swap,improve
3889,8,4530.2999999999965,7,1662.4000000000005,move,improve
3890,8,4530.2999999999965,7,1662.4000000000005,2opt,improve
3891,8,4530.2999999999965,7,1662.4000000000005,2opt,notBad
3892,8,4530.2999999999965,7,1662.4000000000005,swap,improve
3893,8,4530.2999999999965,7,1662.4000000000005,swap,improve
3894,8,4530.2999999999965,7,1662.4000000000005,swap,improve
3895,8,4493.299999999998,7,1662.4000000000005,swap,improve
3896,7,2285.5999999999985,7,1662.4000000000005,move,improve
3897,7,2285.5999999999985,7,1662.4000000000005,move,improve
3898,7,2285.5999999999985,7,1662.4000000000005,2opt,notBad
3899,7,2285.5999999999985,7,1662.4000000000005,2opt,notBad
3900,7,2285.5999999999985,7,1662.4000000000005,2opt,improve
3901,7,2285.5999999999985,7,1662.4000000000005,2opt,improve
3902,7,2285.5999999999985,7,1662.4000000000005,swap,improve
3903,7,2457.7999999999975,7,1662.4000000000005,swap,acceptBad
3904,7,2457.7999999999975,7,1662.4000000000005,2opt,improve
3905,7,2457.7999999999975,7,1662.4000000000005,2opt,notBad
3906,7,2457.7999999999975,7,1662.4000000000005,move,improve
3907,7,2457.7999999999975,7,1662.4000000000005,2opt,improve
3908,7,2457.7999999999975,7,1662.4000000000005,move,improve
3909,7,2457.7999999999975,7,1662.4000000000005,move,improve
3910,7,2457.7999999999975,7,1662.4000000000005,2opt,improve
3911,7,2457.7999999999975,7,1662.4000000000005,move,improve
3912,7,3925.5999999999985,7,1662.4000000000005,swap,acceptBad
3913,7,3925.5999999999985,7,1662.4000000000005,2opt,improve
3914,7,3809.5999999999985,7,1662.4000000000005,swap,improve
3915,7,3870.7999999999984,7,1662.4000000000005,swap,acceptBad
3916,7,3870.7999999999984,7,1662.4000000000005,swap,improve
3917,7,3870.7999999999984,7,1662.4000000000005,move,improve
3918,7,3870.7999999999984,7,1662.4000000000005,2opt,improve
3919,7,3870.7999999999984,7,1662.4000000000005,move,improve
3920,7,3870.7999999999984,7,1662.4000000000005,move,improve
3921,7,3870.7999999999984,7,1662.4000000000005,2opt,notBad
3922,7,3870.7999999999984,7,1662.4000000000005,2opt,improve
3923,7,3870.7999999999984,7,1662.4000000000005,2opt,improve
3924,7,3870.7999999999984,7,1662.4000000000005,2opt,notBad
3925,7,3870.7999999999984,7,1662.4000000000005,2opt,notBad
3926,7,3870.7999999999984,7,1662.4000000000005,2opt,improve
3927,7,4358.799999999999,7,1662.4000000000005,swap,acceptBad
3928,7,4723.6,7,1662.4000000000005,swap,acceptBad
3929,7,4723.6,7,1662.4000000000005,move,improve
3930,7,4835.6,7,1662.4000000000005,2opt,acceptBad
3931,7,4835.6,7,1662.4000000000005,move,improve
3932,7,4831.800000000001,7,1662.4000000000005,swap,improve
3933,7,5486.4,7,1662.4000000000005,swap,acceptBad
3934,7,5486.4,7,1662.4000000000005,2opt,improve
3935,7,5486.4,7,1662.4000000000005,2opt,improve
3936,7,5486.4,7,1662.4000000000005,move,improve
3937,7,5486.4,7,1662.4000000000005,swap,improve
3938,7,5486.4,7,1662.4000000000005,swap,improve
3939,7,5490.2,7,1662.4000000000005,swap,acceptBad
3940,7,5490.2,7,1662.4000000000005,2opt,notBad
3941,7,5490.2,7,1662.4000000000005,swap,improve
3942,7,5490.2,7,1662.4000000000005,2opt,improve
3943,7,5490.2,7,1662.4000000000005,2opt,notBad
3944,7,5490.2,7,1662.4000000000005,move,improve
3945,7,5490.2,7,1662.4000000000005,swap,improve
3946,7,5609.400000000001,7,1662.4000000000005,swap,acceptBad
3947,7,3695.2000000000007,7,1662.4000000000005,move,improve
3948,7,3695.2000000000007,7,1662.4000000000005,swap,improve
3949,7,3695.2000000000007,7,1662.4000000000005,swap,improve
3950,7,3695.2000000000007,7,1662.4000000000005,swap,improve
3951,7,3845.6000000000004,7,1662.4000000000005,2opt,acceptBad
3952,7,3597.7999999999993,7,1662.4000000000005,swap,improve
3953,7,3597.7999999999993,7,1662.4000000000005,2opt,improve
3954,7,3597.7999999999993,7,1662.4000000000005,swap,improve
3955,7,3597.7999999999993,7,1662.4000000000005,swap,improve
3956,7,3597.7999999999993,7,1662.4000000000005,2opt,improve
3957,7,3597.7999999999993,7,1662.4000000000005,2opt,notBad
3958,7,3597.7999999999993,7,1662.4000000000005,2opt,improve
3959,7,3597.7999999999993,7,1662.4000000000005,swap,improve
3960,7,3597.7999999999993,7,1662.4000000000005,swap,notBad
3961,7,3597.7999999999993,7,1662.4000000000005,swap,improve
3962,7,3597.7999999999993,7,1662.4000000000005,swap,improve
3963,7,3597.7999999999993,7,1662.4000000000005,2opt,improve
3964,7,3597.7999999999993,7,1662.4000000000005,move,improve
3965,7,3575.199999999999,7,1662.4000000000005,2opt,improve
3966,7,3232.0,7,1662.4000000000005,swap,improve
3967,7,3232.0,7,1662.4000000000005,2opt,improve
3968,7,3232.0,7,1662.4000000000005,move,improve
3969,7,3232.0,7,1662.4000000000005,move,improve
3970,7,3232.0,7,1662.4000000000005,move,improve
3971,7,3232.0,7,1662.4000000000005,2opt,improve
3972,7,3232.0,7,1662.4000000000005,swap,improve
3973,7,3232.0,7,1662.4000000000005,swap,improve
3974,7,2516.3999999999996,7,1662.4000000000005,move,improve
3975,7,2516.3999999999996,7,1662.4000000000005,swap,improve
3976,7,2516.3999999999996,7,1662.4000000000005,swap,notBad
3977,7,2516.3999999999996,7,1662.4000000000005,2opt,notBad
3978,7,2516.3999999999996,7,1662.4000000000005,2opt,notBad
3979,7,2516.3999999999996,7,1662.4000000000005,2opt,improve
3980,7,2516.3999999999996,7,1662.4000000000005,move,improve
3981,7,2516.3999999999996,7,1662.4000000000005,2opt,notBad
3982,7,2996.7999999999984,7,1662.4000000000005,swap,acceptBad
3983,7,2996.7999999999984,7,1662.4000000000005,move,improve
3984,7,2996.7999999999984,7,1662.4000000000005,2opt,improve
3985,7,2996.7999999999984,7,1662.4000000000005,move,improve
3986,7,3412.0,7,1662.4000000000005,swap,acceptBad
3987,7,3412.0,7,1662.4000000000005,swap,improve
3988,7,2675.199999999999,7,1662.4000000000005,move,improve
3989,7,2675.199999999999,7,1662.4000000000005,move,improve
3990,7,2675.199999999999,7,1662.4000000000005,move,improve
3991,7,2675.199999999999,7,1662.4000000000005,swap,improve
3992,7,2675.199999999999,7,1662.4000000000005,move,improve
3993,7,2675.199999999999,7,1662.4000000000005,move,improve
3994,7,2675.199999999999,7,1662.4000000000005,2opt,notBad
3995,7,2675.199999999999,7,1662.4000000000005,2opt,improve
3996,7,2675.199999999999,7,1662.4000000000005,2opt,improve
3997,7,2675.199999999999,7,1662.4000000000005,move,improve
3998,7,2675.199999999999,7,1662.4000000000005,2opt,improve
3999,7,2536.7999999999993,7,1662.4000000000005,move,improve
4000,7,2536.7999999999993,7,1662.4000000000005,swap,improve
4001,7,2536.7999999999993,7,1662.4000000000005,move,improve
4002,7,2536.7999999999993,7,1662.4000000000005,swap,improve
4003,7,2536.7999999999993,7,1662.4000000000005,2opt,improve
4004,7,2536.7999999999993,7,1662.4000000000005,swap,improve
4005,7,2536.7999999999993,7,1662.4000000000005,move,improve
4006,7,2536.7999999999993,7,1662.4000000000005,swap,improve
4007,7,2536.7999999999993,7,1662.4000000000005,2opt,improve
4008,7,2340.3999999999996,7,1662.4000000000005,move,improve
4009,7,2340.3999999999996,7,1662.4000000000005,2opt,notBad
4010,7,2340.3999999999996,7,1662.4000000000005,2opt,notBad
4011,7,1805.6000000000004,7,1662.4000000000005,move,improve
4012,7,1805.6000000000004,7,1662.4000000000005,2opt,notBad
4013,7,1805.6000000000004,7,1662.4000000000005,move,improve
4014,7,1805.6000000000004,7,1662.4000000000005,2opt,improve
4015,7,1805.6000000000004,7,1662.4000000000005,swap,improve
4016,7,1805.6000000000004,7,1662.4000000000005,move,improve
4017,7,1805.6000000000004,7,1662.4000000000005,2opt,improve
4018,7,1805.6000000000004,7,1662.4000000000005,swap,improve
4019,7,2548.0,7,1662.4000000000005,swap,acceptBad
4020,7,2548.0,7,1662.4000000000005,swap,notBad
4021,7,2548.0,7,1662.4000000000005,swap,improve
4022,7,2548.0,7,1662.4000000000005,move,improve
4023,7,2548.0,7,1662.4000000000005,move,improve
4024,7,1862.6000000000004,7,1662.4000000000005,move,improve
4025,7,1862.6000000000004,7,1662.4000000000005,swap,improve
4026,7,1992.0,7,1662.4000000000005,swap,acceptBad
4027,7,1992.0,7,1662.4000000000005,move,improve
4028,7,1992.0,7,1662.4000000000005,move,improve
4029,7,1992.0,7,1662.4000000000005,2opt,improve
4030,7,1992.0,7,1662.4000000000005,move,improve
4031,7,1992.0,7,1662.4000000000005,move,improve
4032,7,1992.0,7,1662.4000000000005,swap,improve
4033,7,1992.0,7,1662.4000000000005,2opt,improve
4034,7,3087.3999999999996,7,1662.4000000000005,swap,acceptBad
4035,7,3087.3999999999996,7,1662.4000000000005,move,improve
4036,7,3087.3999999999996,7,1662.4000000000005,move,improve
4037,7,3087.3999999999996,7,1662.4000000000005,swap,improve
4038,7,3087.3999999999996,7,1662.4000000000005,swap,improve
4039,7,3087.3999999999996,7,1662.4000000000005,2opt,improve
4040,7,3087.3999999999996,7,1662.4000000000005,swap,improve
4041,7,3087.3999999999996,7,1662.4000000000005,2opt,notBad
4042,7,3087.3999999999996,7,1662.4000000000005,move,improve
4043,7,3087.3999999999996,7,1662.4000000000005,swap,improve
4044,7,3087.3999999999996,7,1662.4000000000005,2opt,notBad
4045,7,3087.3999999999996,7,1662.4000000000005,swap,improve
4046,7,3087.3999999999996,7,1662.4000000000005,2opt,notBad
4047,7,3087.3999999999996,7,1662.4000000000005,swap,improve
4048,7,4386.0,7,1662.4000000000005,swap,acceptBad
4049,7,4386.0,7,1662.4000000000005,2opt,notBad
4050,7,4386.0,7,1662.4000000000005,2opt,notBad
4051,7,3800.0,7,1662.4000000000005,swap,improve
4052,7,3800.0,7,1662.4000000000005,move,improve
4053,7,3704.0,7,1662.4000000000005,swap,improve
4054,7,3704.0,7,1662.4000000000005,move,improve
4055,7,3704.0,7,1662.4000000000005,move,improve
4056,7,3704.0,7,1662.4000000000005,2opt,notBad
4057,7,3704.0,7,1662.4000000000005,2opt,notBad
4058,7,4046.0,7,1662.4000000000005,swap,acceptBad
4059,7,4046.0,7,1662.4000000000005,swap,improve
4060,7,4046.0,7,1662.4000000000005,swap,improve
4061,7,4046.0,7,1662.4000000000005,move,improve
4062,7,4046.0,7,1662.4000000000005,swap,improve
4063,7,3932.0,7,1662.4000000000005,swap,improve
4064,7,3932.0,7,1662.4000000000005,2opt,improve
4065,7,3398.0,7,1662.4000000000005,2opt,improve
4066,7,2958.3999999999996,7,1662.4000000000005,move,improve
4067,7,2958.3999999999996,7,1662.4000000000005,2opt,notBad
4068,7,2958.3999999999996,7,1662.4000000000005,move,improve
4069,7,2958.3999999999996,7,1662.4000000000005,2opt,improve
4070,7,2958.3999999999996,7,1662.4000000000005,move,improve
4071,7,2958.3999999999996,7,1662.4000000000005,2opt,improve
4072,7,2958.3999999999996,7,1662.4000000000005,2opt,improve
4073,7,2958.3999999999996,7,1662.4000000000005,move,improve
4074,7,2958.3999999999996,7,1662.4000000000005,swap,notBad
4075,7,2958.3999999999996,7,1662.4000000000005,2opt,improve
4076,7,2958.3999999999996,7,1662.4000000000005,2opt,improve
4077,7,3083.5999999999985,7,1662.4000000000005,swap,acceptBad
4078,7,3083.5999999999985,7,1662.4000000000005,2opt,notBad
4079,7,3221.199999999999,7,1662.4000000000005,swap,acceptBad
4080,7,3221.199999999999,7,1662.4000000000005,2opt,notBad
4081,7,3221.199999999999,7,1662.4000000000005,2opt,notBad
4082,7,3221.199999999999,7,1662.4000000000005,swap,improve
4083,7,3221.199999999999,7,1662.4000000000005,2opt,improve
4084,7,3221.199999999999,7,1662.4000000000005,swap,improve
4085,7,3179.800000000001,7,1662.4000000000005,move,improve
4086,7,3179.800000000001,7,1662.4000000000005,2opt,improve
4087,7,3179.800000000001,7,1662.4000000000005,swap,improve
4088,7,3179.800000000001,7,1662.4000000000005,move,improve
4089,7,3179.800000000001,7,1662.4000000000005,2opt,improve
4090,7,3179.800000000001,7,1662.4000000000005,2opt,notBad
4091,7,3179.800000000001,7,1662.4000000000005,move,improve
4092,7,2706.2,7,1662.4000000000005,move,improve
4093,7,2706.2,7,1662.4000000000005,2opt,improve
4094,7,2706.2,7,1662.4000000000005,swap,improve
4095,7,2706.2,7,1662.4000000000005,2opt,notBad
4096,7,2706.2,7,1662.4000000000005,2opt,improve
4097,7,2706.2,7,1662.4000000000005,2opt,notBad
4098,7,2706.2,7,1662.4000000000005,2opt,improve
4099,7,2706.2,7,1662.4000000000005,2opt,improve
4100,7,2706.2,7,1662.4000000000005,2opt,notBad
4101,7,2706.2,7,1662.4000000000005,2opt,notBad
4102,7,2706.2,7,1662.4000000000005,move,improve
4103,7,2706.2,7,1662.4000000000005,2opt,notBad
4104,7,2706.2,7,1662.4000000000005,move,improve
4105,7,2706.2,7,1662.4000000000005,move,improve
4106,7,2706.2,7,1662.4000000000005,2opt,improve
4107,7,2706.2,7,1662.4000000000005,move,improve
4108,7,2706.2,7,1662.4000000000005,2opt,notBad
4109,7,3377.2000000000016,7,1662.4000000000005,swap,acceptBad
4110,7,3377.2000000000016,7,1662.4000000000005,move,improve
4111,7,3377.2000000000016,7,1662.4000000000005,swap,improve
4112,7,3377.2000000000016,7,1662.4000000000005,2opt,improve
4113,7,3377.2000000000016,7,1662.4000000000005,swap,improve
4114,7,3377.2000000000016,7,1662.4000000000005,2opt,notBad
4115,7,3377.2000000000016,7,1662.4000000000005,move,improve
4116,7,3377.2000000000016,7,1662.4000000000005,move,improve
4117,7,3377.2000000000016,7,1662.4000000000005,2opt,improve
4118,7,3377.2000000000016,7,1662.4000000000005,2opt,notBad
4119,7,3377.2000000000016,7,1662.4000000000005,swap,improve
4120,7,3377.2000000000016,7,1662.4000000000005,move,improve
4121,7,3377.2000000000016,7,1662.4000000000005,swap,improve
4122,7,2707.2,7,1662.4000000000005,swap,improve
4123,7,2707.2,7,1662.4000000000005,move,improve
4124,7,2707.2,7,1662.4000000000005,2opt,improve
4125,7,2707.2,7,1662.4000000000005,swap,improve
4126,7,2707.2,7,1662.4000000000005,swap,improve
4127,7,2707.2,7,1662.4000000000005,swap,improve
4128,7,2707.2,7,1662.4000000000005,2opt,notBad
4129,7,2707.2,7,1662.4000000000005,2opt,improve
4130,7,2651.0,7,1662.4000000000005,move,improve
4131,7,2651.0,7,1662.4000000000005,2opt,notBad
4132,7,2651.0,7,1662.4000000000005,move,improve
4133,7,2651.0,7,1662.4000000000005,move,improve
4134,7,2651.0,7,1662.4000000000005,move,improve
4135,7,2651.0,7,1662.4000000000005,2opt,notBad
4136,7,2651.0,7,1662.4000000000005,move,improve
4137,7,2651.0,7,1662.4000000000005,2opt,improve
4138,7,2651.0,7,1662.4000000000005,swap,improve
4139,7,2651.0,7,1662.4000000000005,move,improve
4140,7,2651.0,7,1662.4000000000005,swap,improve
4141,7,2828.3999999999996,7,1662.4000000000005,swap,acceptBad
4142,7,2828.3999999999996,7,1662.4000000000005,swap,improve
4143,7,2828.3999999999996,7,1662.4000000000005,2opt,improve
4144,7,2828.3999999999996,7,1662.4000000000005,2opt,improve
4145,7,2828.3999999999996,7,1662.4000000000005,2opt,improve
4146,7,2828.3999999999996,7,1662.4000000000005,swap,improve
4147,7,2828.3999999999996,7,1662.4000000000005,swap,notBad
4148,7,2828.3999999999996,7,1662.4000000000005,move,improve
4149,7,2828.3999999999996,7,1662.4000000000005,swap,improve
4150,7,2828.3999999999996,7,1662.4000000000005,2opt,improve
4151,7,2828.3999999999996,7,1662.4000000000005,move,improve
4152,7,2828.3999999999996,7,1662.4000000000005,move,improve
4153,7,2828.3999999999996,7,1662.4000000000005,2opt,improve
4154,7,2828.3999999999996,7,1662.4000000000005,swap,improve
4155,7,2828.3999999999996,7,1662.4000000000005,move,improve
4156,7,2828.3999999999996,7,1662.4000000000005,move,improve
4157,7,2828.3999999999996,7,1662.4000000000005,move,improve
4158,7,2828.3999999999996,7,1662.4000000000005,swap,improve
4159,7,2828.3999999999996,7,1662.4000000000005,swap,improve
4160,7,2828.3999999999996,7,1662.4000000000005,2opt,improve
4161,7,2828.3999999999996,7,1662.4000000000005,swap,improve
4162,7,2828.3999999999996,7,1662.4000000000005,2opt,improve
4163,7,2828.3999999999996,7,1662.4000000000005,move,improve
4164,7,2828.3999999999996,7,1662.4000000000005,swap,improve
4165,7,3360.0,7,1662.4000000000005,swap,acceptBad
4166,7,3360.0,7,1662.4000000000005,2opt,improve
4167,7,3294.0,7,1662.4000000000005,swap,improve
4168,7,3360.0,7,1662.4000000000005,2opt,acceptBad
4169,7,2828.3999999999996,7,1662.4000000000005,swap,improve
4170,7,2828.3999999999996,7,1662.4000000000005,swap,improve
4171,7,2828.3999999999996,7,1662.4000000000005,2opt,notBad
4172,7,2828.3999999999996,7,1662.4000000000005,move,improve
4173,7,2828.3999999999996,7,1662.4000000000005,2opt,notBad
4174,7,2828.3999999999996,7,1662.4000000000005,move,improve
4175,7,2828.3999999999996,7,1662.4000000000005,2opt,improve
4176,7,2828.3999999999996,7,1662.4000000000005,swap,improve
4177,7,2317.5999999999995,7,1662.4000000000005,move,improve
4178,7,2317.5999999999995,7,1662.4000000000005,2opt,notBad
4179,7,2317.5999999999995,7,1662.4000000000005,swap,improve
4180,7,2317.5999999999995,7,1662.4000000000005,2opt,improve
4181,7,2317.5999999999995,7,1662.4000000000005,swap,improve
4182,7,2317.5999999999995,7,1662.4000000000005,2opt,notBad
4183,7,2317.5999999999995,7,1662.4000000000005,2opt,notBad
4184,7,2317.5999999999995,7,1662.4000000000005,move,improve
4185,7,2309.800000000001,7,1662.4000000000005,swap,improve
4186,7,2309.800000000001,7,1662.4000000000005,swap,improve
4187,7,2309.800000000001,7,1662.4000000000005,move,improve
4188,7,2309.800000000001,7,1662.4000000000005,swap,improve
4189,7,2309.800000000001,7,1662.4000000000005,2opt,notBad
4190,7,2309.800000000001,7,1662.4000000000005,2opt,improve
4191,7,2309.800000000001,7,1662.4000000000005,swap,notBad
4192,7,2309.800000000001,7,1662.4000000000005,swap,improve
4193,7,2309.800000000001,7,1662.4000000000005,2opt,improve
4194,7,2309.800000000001,7,1662.4000000000005,move,improve
4195,7,2309.800000000001,7,1662.4000000000005,2opt,improve
4196,7,2309.800000000001,7,1662.4000000000005,2opt,improve
4197,7,2309.800000000001,7,1662.4000000000005,swap,improve
4198,7,2309.800000000001,7,1662.4000000000005,swap,improve
4199,7,2309.800000000001,7,1662.4000000000005,move,improve
4200,7,2289.4000000000015,7,1662.4000000000005,move,improve
4201,7,2289.4000000000015,7,1662.4000000000005,2opt,notBad
4202,7,2289.4000000000015,7,1662.4000000000005,2opt,notBad
4203,7,2289.4000000000015,7,1662.4000000000005,move,improve
4204,7,2289.4000000000015,7,1662.4000000000005,swap,improve
4205,7,2289.4000000000015,7,1662.4000000000005,move,improve
4206,7,2289.4000000000015,7,1662.4000000000005,2opt,improve
4207,7,2289.4000000000015,7,1662.4000000000005,2opt,improve
4208,7,2289.4000000000015,7,1662.4000000000005,2opt,improve
4209,7,2289.4000000000015,7,1662.4000000000005,2opt,improve
4210,7,2289.4000000000015,7,1662.4000000000005,2opt,improve
4211,7,2289.4000000000015,7,1662.4000000000005,move,improve
4212,7,2289.4000000000015,7,1662.4000000000005,swap,improve
4213,7,2241.800000000001,7,1662.4000000000005,swap,improve
4214,7,2241.800000000001,7,1662.4000000000005,2opt,improve
4215,7,2309.800000000001,7,1662.4000000000005,2opt,acceptBad
4216,7,2309.800000000001,7,1662.4000000000005,swap,improve
4217,7,2309.800000000001,7,1662.4000000000005,2opt,improve
4218,7,2327.199999999999,7,1662.4000000000005,swap,acceptBad
4219,7,2327.199999999999,7,1662.4000000000005,swap,improve
4220,7,1796.0,7,1662.4000000000005,move,improve
4221,7,1796.0,7,1662.4000000000005,swap,notBad
4222,7,1796.0,7,1662.4000000000005,move,improve
4223,7,1796.0,7,1662.4000000000005,2opt,notBad
4224,7,1796.0,7,1662.4000000000005,move,improve
4225,7,1796.0,7,1662.4000000000005,move,improve
4226,7,1796.0,7,1662.4000000000005,swap,improve
4227,7,1796.0,7,1662.4000000000005,2opt,improve
4228,7,1796.0,7,1662.4000000000005,move,improve
4229,7,1796.0,7,1662.4000000000005,swap,notBad
4230,7,1796.0,7,1662.4000000000005,move,improve
4231,7,1796.0,7,1662.4000000000005,swap,improve
4232,7,1796.0,7,1662.4000000000005,swap,improve
4233,7,1796.0,7,1662.4000000000005,swap,improve
4234,7,1796.0,7,1662.4000000000005,2opt,improve
4235,7,1796.0,7,1662.4000000000005,move,improve
4236,7,1796.0,7,1662.4000000000005,swap,improve
4237,7,1796.0,7,1662.4000000000005,2opt,notBad
4238,7,1796.0,7,1662.4000000000005,2opt,improve
4239,7,1796.0,7,1662.4000000000005,move,improve
4240,7,1796.0,7,1662.4000000000005,move,improve
4241,7,1796.0,7,1662.4000000000005,move,improve
4242,7,1796.0,7,1662.4000000000005,swap,improve
4243,7,1796.0,7,1662.4000000000005,2opt,improve
4244,7,1796.0,7,1662.4000000000005,move,improve
4245,7,1796.0,7,1662.4000000000005,2opt,improve
4246,7,1796.0,7,1662.4000000000005,2opt,improve
4247,7,1796.0,7,1662.4000000000005,move,improve
4248,7,1796.0,7,1662.4000000000005,move,improve
4249,7,1796.0,7,1662.4000000000005,2opt,improve
4250,7,1796.0,7,1662.4000000000005,move,improve
4251,7,1796.0,7,1662.4000000000005,move,improve
4252,7,1796.0,7,1662.4000000000005,2opt,notBad
4253,7,1796.0,7,1662.4000000000005,swap,improve
4254,7,1796.0,7,1662.4000000000005,move,notBad
4255,7,1796.0,7,1662.4000000000005,move,improve
4256,7,1796.0,7,1662.4000000000005,move,improve
4257,7,1796.0,7,1662.4000000000005,2opt,improve
4258,7,1796.0,7,1662.4000000000005,2opt,improve
4259,7,1796.0,7,1662.4000000000005,move,improve
4260,7,1702.0,7,1662.4000000000005,move,improve
4261,7,1702.0,7,1662.4000000000005,swap,improve
4262,7,1702.0,7,1662.4000000000005,swap,improve
4263,7,1702.0,7,1662.4000000000005,2opt,improve
4264,7,1772.199999999999,7,1662.4000000000005,swap,acceptBad
4265,7,1772.199999999999,7,1662.4000000000005,2opt,notBad
4266,7,1772.199999999999,7,1662.4000000000005,swap,improve
4267,7,1772.199999999999,7,1662.4000000000005,move,improve
4268,7,1841.5999999999995,7,1662.4000000000005,2opt,acceptBad
4269,7,1841.5999999999995,7,1662.4000000000005,swap,notBad
4270,7,1841.5999999999995,7,1662.4000000000005,move,improve
4271,7,1841.5999999999995,7,1662.4000000000005,2opt,improve
4272,7,1841.5999999999995,7,1662.4000000000005,swap,improve
4273,7,1841.5999999999995,7,1662.4000000000005,move,improve
4274,7,1841.5999999999995,7,1662.4000000000005,swap,improve
4275,7,1841.5999999999995,7,1662.4000000000005,move,improve
4276,7,1841.5999999999995,7,1662.4000000000005,move,improve
4277,7,1841.5999999999995,7,1662.4000000000005,swap,improve
4278,7,1841.5999999999995,7,1662.4000000000005,move,improve
4279,7,1841.5999999999995,7,1662.4000000000005,swap,improve
4280,7,1841.5999999999995,7,1662.4000000000005,swap,improve
4281,7,1841.5999999999995,7,1662.4000000000005,2opt,improve
4282,7,1841.5999999999995,7,1662.4000000000005,swap,improve
4283,7,1841.5999999999995,7,1662.4000000000005,swap,improve
4284,7,1841.5999999999995,7,1662.4000000000005,swap,improve
4285,7,1841.5999999999995,7,1662.4000000000005,move,improve
4286,7,1841.5999999999995,7,1662.4000000000005,2opt,notBad
4287,7,1841.5999999999995,7,1662.4000000000005,move,improve
4288,7,1841.5999999999995,7,1662.4000000000005,move,improve
4289,7,1841.5999999999995,7,1662.4000000000005,2opt,notBad
4290,7,1841.5999999999995,7,1662.4000000000005,2opt,notBad
4291,7,1841.5999999999995,7,1662.4000000000005,2opt,notBad
4292,7,1841.5999999999995,7,1662.4000000000005,swap,improve
4293,7,1841.5999999999995,7,1662.4000000000005,swap,improve
4294,7,1841.5999999999995,7,1662.4000000000005,swap,improve
4295,7,1841.5999999999995,7,1662.4000000000005,move,improve
4296,7,1841.5999999999995,7,1662.4000000000005,swap,improve
4297,7,1841.5999999999995,7,1662.4000000000005,move,improve
4298,7,1841.5999999999995,7,1662.4000000000005,move,improve
4299,7,1841.5999999999995,7,1662.4000000000005,swap,improve
4300,7,1841.5999999999995,7,1662.4000000000005,swap,improve
4301,7,1841.5999999999995,7,1662.4000000000005,move,improve
4302,7,1841.5999999999995,7,1662.4000000000005,move,improve
4303,7,1841.5999999999995,7,1662.4000000000005,2opt,improve
4304,7,1841.5999999999995,7,1662.4000000000005,move,improve
4305,7,1841.5999999999995,7,1662.4000000000005,swap,improve
4306,7,1841.5999999999995,7,1662.4000000000005,2opt,improve
4307,7,1841.5999999999995,7,1662.4000000000005,swap,improve
4308,7,1841.5999999999995,7,1662.4000000000005,move,improve
4309,7,1841.5999999999995,7,1662.4000000000005,2opt,improve
4310,7,1841.5999999999995,7,1662.4000000000005,swap,improve
4311,7,1841.5999999999995,7,1662.4000000000005,move,improve
4312,7,1841.5999999999995,7,1662.4000000000005,swap,improve
4313,7,1841.5999999999995,7,1662.4000000000005,swap,improve
4314,7,1841.5999999999995,7,1662.4000000000005,2opt,notBad
4315,7,1841.5999999999995,7,1662.4000000000005,2opt,notBad
4316,7,1841.5999999999995,7,1662.4000000000005,swap,improve
4317,7,1841.5999999999995,7,1662.4000000000005,2opt,improve
4318,7,1841.5999999999995,7,1662.4000000000005,swap,improve
4319,7,1841.5999999999995,7,1662.4000000000005,move,improve
4320,7,1841.5999999999995,7,1662.4000000000005,move,improve
4321,7,1841.5999999999995,7,1662.4000000000005,move,improve
4322,7,1841.5999999999995,7,1662.4000000000005,swap,improve
4323,7,1841.5999999999995,7,1662.4000000000005,move,improve
4324,7,1841.5999999999995,7,1662.4000000000005,move,improve
4325,7,1841.5999999999995,7,1662.4000000000005,swap,improve
4326,7,1841.5999999999995,7,1662.4000000000005,2opt,improve
4327,7,1841.5999999999995,7,1662.4000000000005,2opt,notBad
4328,7,1841.5999999999995,7,1662.4000000000005,2opt,notBad
4329,7,2746.0,7,1662.4000000000005,move,acceptBad
4330,7,3036.0,7,1662.4000000000005,swap,acceptBad
4331,7,3036.0,7,1662.4000000000005,move,improve
4332,7,3036.0,7,1662.4000000000005,move,improve
4333,7,3036.0,7,1662.4000000000005,swap,improve
4334,7,3036.0,7,1662.4000000000005,move,improve
4335,7,3036.0,7,1662.4000000000005,swap,improve
4336,7,3036.0,7,1662.4000000000005,2opt,improve
4337,7,3310.4000000000005,7,1662.4000000000005,swap,acceptBad
4338,7,3898.4000000000005,7,1662.4000000000005,swap,acceptBad
4339,7,2788.0,7,1662.4000000000005,move,improve
4340,7,3904.0,7,1662.4000000000005,swap,acceptBad
4341,7,3904.0,7,1662.4000000000005,move,improve
4342,7,3904.0,7,1662.4000000000005,2opt,notBad
4343,7,3904.0,7,1662.4000000000005,swap,improve
4344,7,3904.0,7,1662.4000000000005,swap,notBad
4345,7,3904.0,7,1662.4000000000005,move,improve
4346,7,3904.0,7,1662.4000000000005,move,improve
4347,7,3904.0,7,1662.4000000000005,swap,improve
4348,7,3904.0,7,1662.4000000000005,swap,improve
4349,7,3904.0,7,1662.4000000000005,swap,improve
4350,7,3904.0,7,1662.4000000000005,swap,improve
4351,7,3904.0,7,1662.4000000000005,swap,improve
4352,7,3904.0,7,1662.4000000000005,2opt,improve
4353,7,3904.0,7,1662.4000000000005,move,improve
4354,7,3904.0,7,1662.4000000000005,swap,improve
4355,7,3904.0,7,1662.4000000000005,2opt,notBad
4356,7,3904.0,7,1662.4000000000005,move,improve
4357,7,3904.0,7,1662.4000000000005,move,improve
4358,7,3904.0,7,1662.4000000000005,2opt,improve
4359,7,2966.199999999999,7,1662.4000000000005,swap,improve
4360,7,2966.199999999999,7,1662.4000000000005,move,improve
4361,7,2966.199999999999,7,1662.4000000000005,move,improve
4362,7,2966.199999999999,7,1662.4000000000005,2opt,notBad
4363,7,3606.7999999999993,7,1662.4000000000005,swap,acceptBad
4364,7,3606.7999999999993,7,1662.4000000000005,swap,improve
4365,7,3606.7999999999993,7,1662.4000000000005,2opt,improve
4366,7,2356.0,7,1662.4000000000005,move,improve
4367,7,2356.0,7,1662.4000000000005,swap,improve
4368,7,2356.0,7,1662.4000000000005,2opt,improve
4369,7,2356.0,7,1662.4000000000005,swap,improve
4370,7,2356.0,7,1662.4000000000005,move,improve
4371,7,2356.0,7,1662.4000000000005,swap,improve
4372,7,2356.0,7,1662.4000000000005,move,improve
4373,7,2356.0,7,1662.4000000000005,swap,improve
4374,7,2356.0,7,1662.4000000000005,move,improve
4375,7,2356.0,7,1662.4000000000005,move,improve
4376,7,2356.0,7,1662.4000000000005,swap,improve
4377,7,2356.0,7,1662.4000000000005,swap,improve
4378,7,2356.0,7,1662.4000000000005,swap,improve
4379,7,2356.0,7,1662.4000000000005,2opt,notBad
4380,7,2356.0,7,1662.4000000000005,move,improve
4381,7,2326.0,7,1662.4000000000005,move,improve
4382,7,2326.0,7,1662.4000000000005,swap,notBad
4383,7,2326.0,7,1662.4000000000005,swap,improve
4384,7,2326.0,7,1662.4000000000005,swap,improve
4385,7,2326.0,7,1662.4000000000005,move,improve
4386,7,2356.0,7,1662.4000000000005,swap,acceptBad
4387,7,2356.0,7,1662.4000000000005,move,improve
4388,7,2356.0,7,1662.4000000000005,swap,improve
4389,7,2356.0,7,1662.4000000000005,2opt,improve
4390,7,2356.0,7,1662.4000000000005,2opt,notBad
4391,7,2161.3999999999996,7,1662.4000000000005,move,improve
4392,7,2161.3999999999996,7,1662.4000000000005,2opt,notBad
4393,7,2161.3999999999996,7,1662.4000000000005,2opt,notBad
4394,7,2161.3999999999996,7,1662.4000000000005,move,improve
4395,7,2161.3999999999996,7,1662.4000000000005,swap,improve
4396,7,2161.3999999999996,7,1662.4000000000005,move,improve
4397,7,2161.3999999999996,7,1662.4000000000005,swap,improve
4398,7,2161.3999999999996,7,1662.4000000000005,swap,improve
4399,7,1843.3999999999996,7,1662.4000000000005,move,improve
4400,7,1843.3999999999996,7,1662.4000000000005,2opt,improve
4401,7,1843.3999999999996,7,1662.4000000000005,move,improve
4402,7,1843.3999999999996,7,1662.4000000000005,2opt,notBad
4403,7,1843.3999999999996,7,1662.4000000000005,2opt,notBad
4404,7,1843.3999999999996,7,1662.4000000000005,2opt,improve
4405,7,1843.3999999999996,7,1662.4000000000005,move,improve
4406,7,1843.3999999999996,7,1662.4000000000005,2opt,notBad
4407,7,1843.3999999999996,7,1662.4000000000005,2opt,improve
4408,7,1843.3999999999996,7,1662.4000000000005,move,improve
4409,7,1837.3999999999996,7,1662.4000000000005,move,improve
4410,7,1837.3999999999996,7,1662.4000000000005,move,improve
4411,7,1857.0,7,1662.4000000000005,swap,acceptBad
4412,7,2354.0,7,1662.4000000000005,swap,acceptBad
4413,7,2354.0,7,1662.4000000000005,move,improve
4414,7,2354.0,7,1662.4000000000005,2opt,improve
4415,7,2354.0,7,1662.4000000000005,swap,improve
4416,7,2354.0,7,1662.4000000000005,swap,improve
4417,7,2354.0,7,1662.4000000000005,swap,improve
4418,7,2354.0,7,1662.4000000000005,2opt,notBad
4419,7,2354.0,7,1662.4000000000005,swap,improve
4420,7,2354.0,7,1662.4000000000005,2opt,improve
4421,7,2354.0,7,1662.4000000000005,move,improve
4422,7,2354.0,7,1662.4000000000005,2opt,improve
4423,7,2354.0,7,1662.4000000000005,move,improve
4424,7,2354.0,7,1662.4000000000005,2opt,improve
4425,7,2354.0,7,1662.4000000000005,move,improve
4426,7,2354.0,7,1662.4000000000005,move,improve
4427,7,2354.0,7,1662.4000000000005,move,improve
4428,7,2354.0,7,1662.4000000000005,move,improve
4429,7,2199.2,7,1662.4000000000005,move,improve
4430,7,2199.2,7,1662.4000000000005,2opt,improve
4431,7,2199.2,7,1662.4000000000005,swap,improve
4432,7,2215.0,7,1662.4000000000005,swap,acceptBad
4433,7,2215.0,7,1662.4000000000005,move,improve
4434,7,2215.0,7,1662.4000000000005,swap,improve
4435,7,2215.0,7,1662.4000000000005,2opt,notBad
4436,7,2215.0,7,1662.4000000000005,move,improve
4437,7,2168.800000000001,7,1662.4000000000005,move,improve
4438,7,2163.6000000000013,7,1662.4000000000005,move,improve
4439,7,2163.6000000000013,7,1662.4000000000005,swap,improve
4440,7,2163.6000000000013,7,1662.4000000000005,move,improve
4441,7,2163.6000000000013,7,1662.4000000000005,2opt,notBad
4442,7,2163.6000000000013,7,1662.4000000000005,move,improve
4443,7,2163.6000000000013,7,1662.4000000000005,2opt,notBad
4444,7,2163.6000000000013,7,1662.4000000000005,move,improve
4445,7,2163.6000000000013,7,1662.4000000000005,2opt,improve
4446,7,2168.800000000001,7,1662.4000000000005,swap,acceptBad
4447,7,2168.800000000001,7,1662.4000000000005,move,improve
4448,7,2168.800000000001,7,1662.4000000000005,2opt,notBad
4449,7,2168.800000000001,7,1662.4000000000005,move,improve
4450,7,2309.800000000001,7,1662.4000000000005,swap,acceptBad
4451,7,2309.800000000001,7,1662.4000000000005,move,improve
4452,7,2309.800000000001,7,1662.4000000000005,2opt,notBad
4453,7,2309.800000000001,7,1662.4000000000005,2opt,improve
4454,7,2309.800000000001,7,1662.4000000000005,move,improve
4455,7,2309.800000000001,7,1662.4000000000005,2opt,notBad
4456,7,2309.800000000001,7,1662.4000000000005,move,improve
4457,7,2309.800000000001,7,1662.4000000000005,move,improve
4458,7,2309.800000000001,7,1662.4000000000005,2opt,improve
4459,7,2309.800000000001,7,1662.4000000000005,move,improve
4460,7,2309.800000000001,7,1662.4000000000005,swap,improve
4461,7,2309.800000000001,7,1662.4000000000005,2opt,notBad
4462,7,2309.800000000001,7,1662.4000000000005,move,improve
4463,7,2309.800000000001,7,1662.4000000000005,move,improve
4464,7,2309.800000000001,7,1662.4000000000005,2opt,improve
4465,7,2309.800000000001,7,1662.4000000000005,2opt,improve
4466,7,2504.800000000001,7,1662.4000000000005,swap,acceptBad
4467,7,2504.800000000001,7,1662.4000000000005,swap,improve
4468,7,2504.800000000001,7,1662.4000000000005,2opt,notBad
4469,7,2504.800000000001,7,1662.4000000000005,move,improve
4470,7,2504.800000000001,7,1662.4000000000005,2opt,notBad
4471,7,2504.800000000001,7,1662.4000000000005,move,improve
4472,7,2504.800000000001,7,1662.4000000000005,move,improve
4473,7,2504.800000000001,7,1662.4000000000005,move,improve
4474,7,2504.800000000001,7,1662.4000000000005,2opt,improve
4475,7,2504.800000000001,7,1662.4000000000005,2opt,notBad
4476,7,2504.800000000001,7,1662.4000000000005,swap,improve
4477,7,2504.800000000001,7,1662.4000000000005,swap,improve
4478,7,2504.800000000001,7,1662.4000000000005,2opt,notBad
4479,7,2504.800000000001,7,1662.4000000000005,swap,notBad
4480,7,2504.800000000001,7,1662.4000000000005,2opt,notBad
4481,7,2504.800000000001,7,1662.4000000000005,2opt,notBad
4482,7,2504.800000000001,7,1662.4000000000005,swap,improve
4483,7,2504.800000000001,7,1662.4000000000005,move,improve
4484,7,2504.800000000001,7,1662.4000000000005,2opt,improve
4485,7,2504.800000000001,7,1662.4000000000005,move,improve
4486,7,2504.800000000001,7,1662.4000000000005,swap,improve
4487,7,2499.800000000001,7,1662.4000000000005,move,improve
4488,7,2499.800000000001,7,1662.4000000000005,move,improve
4489,7,2499.800000000001,7,1662.4000000000005,move,improve
4490,7,2499.800000000001,7,1662.4000000000005,2opt,notBad
4491,7,2499.800000000001,7,1662.4000000000005,move,improve
4492,7,2499.800000000001,7,1662.4000000000005,swap,improve
4493,7,2499.800000000001,7,1662.4000000000005,swap,improve
4494,7,2499.800000000001,7,1662.4000000000005,2opt,improve
4495,7,2499.800000000001,7,1662.4000000000005,move,improve
4496,7,2499.800000000001,7,1662.4000000000005,2opt,notBad
4497,7,2499.800000000001,7,1662.4000000000005,move,improve
4498,7,2499.800000000001,7,1662.4000000000005,2opt,notBad
4499,7,2499.800000000001,7,1662.4000000000005,move,improve
4500,7,2499.800000000001,7,1662.4000000000005,move,improve
4501,7,2499.800000000001,7,1662.4000000000005,move,improve
4502,7,2499.800000000001,7,1662.4000000000005,move,improve
4503,7,2499.800000000001,7,1662.4000000000005,swap,improve
4504,7,2499.800000000001,7,1662.4000000000005,swap,improve
4505,7,2499.800000000001,7,1662.4000000000005,2opt,improve
4506,7,2499.800000000001,7,1662.4000000000005,swap,improve
4507,7,2499.800000000001,7,1662.4000000000005,swap,notBad
4508,7,2499.800000000001,7,1662.4000000000005,2opt,notBad
4509,7,2499.800000000001,7,1662.4000000000005,2opt,improve
4510,7,2499.800000000001,7,1662.4000000000005,2opt,improve
4511,7,2499.800000000001,7,1662.4000000000005,swap,improve
4512,7,2499.800000000001,7,1662.4000000000005,2opt,improve
4513,7,2499.800000000001,7,1662.4000000000005,2opt,notBad
4514,7,2499.800000000001,7,1662.4000000000005,2opt,improve
4515,7,2499.800000000001,7,1662.4000000000005,move,improve
4516,7,2499.800000000001,7,1662.4000000000005,move,improve
4517,7,2555.800000000001,7,1662.4000000000005,swap,acceptBad
4518,7,2555.800000000001,7,1662.4000000000005,swap,improve
4519,7,2555.800000000001,7,1662.4000000000005,move,improve
4520,7,2555.800000000001,7,1662.4000000000005,2opt,improve
4521,7,2555.800000000001,7,1662.4000000000005,move,improve
4522,7,2555.800000000001,7,1662.4000000000005,swap,improve
4523,7,2555.800000000001,7,1662.4000000000005,move,improve
4524,7,2555.800000000001,7,1662.4000000000005,move,improve
4525,7,2555.800000000001,7,1662.4000000000005,swap,improve
4526,7,2555.800000000001,7,1662.4000000000005,move,improve
4527,7,2555.800000000001,7,1662.4000000000005,swap,improve
4528,7,2555.800000000001,7,1662.4000000000005,swap,improve
4529,7,2555.800000000001,7,1662.4000000000005,swap,improve
4530,7,2555.800000000001,7,1662.4000000000005,2opt,notBad
4531,7,2555.800000000001,7,1662.4000000000005,move,improve
4532,7,2555.800000000001,7,1662.4000000000005,2opt,notBad
4533,7,2877.2000000000007,7,1662.4000000000005,swap,acceptBad
4534,7,2877.2000000000007,7,1662.4000000000005,2opt,notBad
4535,7,2877.2000000000007,7,1662.4000000000005,swap,notBad
4536,7,2871.6000000000004,7,1662.4000000000005,move,improve
4537,7,2874.2000000000007,7,1662.4000000000005,swap,acceptBad
4538,7,2874.2000000000007,7,1662.4000000000005,2opt,improve
4539,7,2874.2000000000007,7,1662.4000000000005,swap,improve
4540,7,2879.800000000001,7,1662.4000000000005,2opt,acceptBad
4541,7,2879.800000000001,7,1662.4000000000005,move,improve
4542,7,2879.800000000001,7,1662.4000000000005,swap,improve
4543,7,2563.800000000001,7,1662.4000000000005,swap,improve
4544,7,2554.6000000000004,7,1662.4000000000005,move,improve
4545,7,2554.6000000000004,7,1662.4000000000005,swap,improve
4546,7,2554.6000000000004,7,1662.4000000000005,swap,notBad
4547,7,2408.7999999999993,7,1662.4000000000005,move,improve
4548,7,3050.7999999999993,7,1662.4000000000005,swap,acceptBad
4549,7,3050.7999999999993,7,1662.4000000000005,move,improve
4550,7,3050.7999999999993,7,1662.4000000000005,move,improve
4551,7,3050.7999999999993,7,1662.4000000000005,move,improve
4552,7,3334.0,7,1662.4000000000005,swap,acceptBad
4553,7,3374.7999999999993,7,1662.4000000000005,2opt,acceptBad
4554,7,3374.7999999999993,7,1662.4000000000005,swap,improve
4555,7,2357.199999999999,7,1662.4000000000005,swap,improve
4556,7,2357.199999999999,7,1662.4000000000005,2opt,improve
4557,7,2357.199999999999,7,1662.4000000000005,2opt,improve
4558,7,2357.199999999999,7,1662.4000000000005,2opt,notBad
4559,7,2357.199999999999,7,1662.4000000000005,2opt,improve
4560,7,2357.199999999999,7,1662.4000000000005,2opt,notBad
4561,7,2357.199999999999,7,1662.4000000000005,2opt,notBad
4562,7,2357.199999999999,7,1662.4000000000005,2opt,notBad
4563,7,2357.199999999999,7,1662.4000000000005,move,improve
4564,7,2357.199999999999,7,1662.4000000000005,move,improve
4565,7,2357.199999999999,7,1662.4000000000005,move,improve
4566,7,2357.199999999999,7,1662.4000000000005,2opt,improve
4567,7,2357.199999999999,7,1662.4000000000005,move,improve
4568,7,2356.0,7,1662.4000000000005,move,improve
4569,7,2356.0,7,1662.4000000000005,swap,improve
4570,7,2356.0,7,1662.4000000000005,2opt,improve
4571,7,2356.0,7,1662.4000000000005,2opt,improve
4572,7,2356.0,7,1662.4000000000005,move,improve
4573,7,2356.0,7,1662.4000000000005,swap,improve
4574,7,2356.0,7,1662.4000000000005,swap,improve
4575,7,2356.0,7,1662.4000000000005,swap,improve
4576,7,2356.0,7,1662.4000000000005,swap,notBad
4577,7,2356.0,7,1662.4000000000005,move,improve
4578,7,2356.0,7,1662.4000000000005,move,improve
4579,7,2356.0,7,1662.4000000000005,2opt,notBad
4580,7,2356.0,7,1662.4000000000005,move,improve
4581,7,2356.0,7,1662.4000000000005,swap,improve
4582,7,2356.0,7,1662.4000000000005,move,improve
4583,7,2356.0,7,1662.4000000000005,swap,improve
4584,7,2356.0,7,1662.4000000000005,move,improve
4585,7,2356.0,7,1662.4000000000005,2opt,improve
4586,7,2356.0,7,1662.4000000000005,2opt,improve
4587,7,2356.0,7,1662.4000000000005,swap,improve
4588,7,2356.0,7,1662.4000000000005,2opt,notBad
4589,7,2356.0,7,1662.4000000000005,move,improve
4590,7,2356.0,7,1662.4000000000005,move,improve
4591,7,2356.0,7,1662.4000000000005,swap,improve
4592,7,2356.0,7,1662.4000000000005,swap,improve
4593,7,2356.0,7,1662.4000000000005,move,improve
4594,7,2356.0,7,1662.4000000000005,move,improve
4595,7,2356.0,7,1662.4000000000005,2opt,improve
4596,7,2356.0,7,1662.4000000000005,swap,notBad
4597,7,2356.0,7,1662.4000000000005,move,improve
4598,7,2356.0,7,1662.4000000000005,move,improve
4599,7,2356.0,7,1662.4000000000005,swap,improve
4600,7,2356.0,7,1662.4000000000005,swap,improve
4601,7,2214.7999999999993,7,1662.4000000000005,move,improve
4602,7,2214.7999999999993,7,1662.4000000000005,2opt,notBad
4603,7,2584.7999999999993,7,1662.4000000000005,swap,acceptBad
4604,7,2584.7999999999993,7,1662.4000000000005,move,improve
4605,7,2584.7999999999993,7,1662.4000000000005,swap,improve
4606,7,2584.7999999999993,7,1662.4000000000005,move,improve
4607,7,2584.7999999999993,7,1662.4000000000005,2opt,notBad
4608,7,2584.7999999999993,7,1662.4000000000005,move,improve
4609,7,2584.7999999999993,7,1662.4000000000005,move,improve
4610,7,2584.7999999999993,7,1662.4000000000005,move,improve
4611,7,2584.7999999999993,7,1662.4000000000005,move,improve
4612,7,2584.7999999999993,7,1662.4000000000005,2opt,notBad
4613,7,2584.7999999999993,7,1662.4000000000005,move,improve
4614,7,2584.7999999999993,7,1662.4000000000005,2opt,notBad
4615,7,2584.7999999999993,7,1662.4000000000005,2opt,notBad
4616,7,2584.7999999999993,7,1662.4000000000005,swap,improve
4617,7,2584.7999999999993,7,1662.4000000000005,swap,improve
4618,7,3020.3999999999996,7,1662.4000000000005,swap,acceptBad
4619,7,3020.3999999999996,7,1662.4000000000005,2opt,improve
4620,7,3020.3999999999996,7,1662.4000000000005,2opt,improve
4621,7,3020.3999999999996,7,1662.4000000000005,move,improve
4622,7,3020.3999999999996,7,1662.4000000000005,2opt,improve
4623,7,3020.3999999999996,7,1662.4000000000005,move,improve
4624,7,3337.3999999999996,7,1662.4000000000005,2opt,acceptBad
4625,7,2907.7999999999975,7,1662.4000000000005,move,improve
4626,7,2907.7999999999975,7,1662.4000000000005,2opt,improve
4627,7,2907.7999999999975,7,1662.4000000000005,2opt,improve
4628,7,2907.7999999999975,7,1662.4000000000005,swap,improve
4629,7,2907.7999999999975,7,1662.4000000000005,2opt,notBad
4630,7,2907.7999999999975,7,1662.4000000000005,swap,improve
4631,7,2907.7999999999975,7,1662.4000000000005,move,improve
4632,7,2907.7999999999975,7,1662.4000000000005,move,improve
4633,7,2907.7999999999975,7,1662.4000000000005,2opt,improve
4634,7,2907.7999999999975,7,1662.4000000000005,2opt,improve
4635,7,2907.7999999999975,7,1662.4000000000005,swap,improve
4636,7,2907.7999999999975,7,1662.4000000000005,2opt,notBad
4637,7,3127.5999999999985,7,1662.4000000000005,2opt,acceptBad
4638,7,3127.5999999999985,7,1662.4000000000005,swap,improve
4639,7,3127.5999999999985,7,1662.4000000000005,move,improve
4640,7,3127.5999999999985,7,1662.4000000000005,2opt,notBad
4641,7,3127.5999999999985,7,1662.4000000000005,move,improve
4642,7,2882.3999999999996,7,1662.4000000000005,move,improve
4643,7,2830.3999999999996,7,1662.4000000000005,swap,improve
4644,7,2830.3999999999996,7,1662.4000000000005,move,improve
4645,7,2830.3999999999996,7,1662.4000000000005,move,improve
4646,7,2830.3999999999996,7,1662.4000000000005,move,improve
4647,7,2830.3999999999996,7,1662.4000000000005,2opt,notBad
4648,7,2830.3999999999996,7,1662.4000000000005,2opt,notBad
4649,7,2830.3999999999996,7,1662.4000000000005,swap,improve
4650,7,2830.3999999999996,7,1662.4000000000005,swap,improve
4651,7,2830.3999999999996,7,1662.4000000000005,swap,notBad
4652,7,2500.7999999999993,7,1662.4000000000005,move,improve
4653,7,2500.7999999999993,7,1662.4000000000005,2opt,notBad
4654,7,2500.7999999999993,7,1662.4000000000005,move,improve
4655,7,2402.7999999999993,7,1662.4000000000005,swap,improve
4656,7,2402.7999999999993,7,1662.4000000000005,2opt,improve
4657,7,2402.7999999999993,7,1662.4000000000005,move,improve
4658,7,2402.7999999999993,7,1662.4000000000005,2opt,improve
4659,7,2402.7999999999993,7,1662.4000000000005,2opt,improve
4660,7,2402.7999999999993,7,1662.4000000000005,swap,improve
4661,7,2574.3999999999996,7,1662.4000000000005,swap,acceptBad
4662,7,2676.0,7,1662.4000000000005,swap,acceptBad
4663,7,2676.0,7,1662.4000000000005,move,improve
4664,7,2676.0,7,1662.4000000000005,move,improve
4665,7,3648.0,7,1662.4000000000005,move,acceptBad
4666,7,3648.0,7,1662.4000000000005,move,improve
4667,7,3648.0,7,1662.4000000000005,swap,improve
4668,7,3648.0,7,1662.4000000000005,swap,improve
4669,7,3648.0,7,1662.4000000000005,swap,notBad
4670,7,3648.0,7,1662.4000000000005,2opt,improve
4671,7,3648.0,7,1662.4000000000005,swap,improve
4672,7,3714.0,7,1662.4000000000005,swap,acceptBad
4673,7,3714.0,7,1662.4000000000005,swap,improve
4674,6,1737.0,6,1737.0,move,newBest
4675,6,1737.0,6,1737.0,swap,improve
4676,6,1737.0,6,1737.0,2opt,notBad
4677,6,1737.0,6,1737.0,move,improve
4678,6,1737.0,6,1737.0,swap,improve
4679,6,1737.0,6,1737.0,2opt,notBad
4680,6,1737.0,6,1737.0,2opt,notBad
4681,6,1737.0,6,1737.0,2opt,notBad
4682,6,1570.4000000000005,6,1570.4000000000005,swap,newBest
4683,6,1570.4000000000005,6,1570.4000000000005,2opt,notBad
4684,6,1570.4000000000005,6,1570.4000000000005,swap,improve
4685,6,1570.4000000000005,6,1570.4000000000005,swap,improve
4686,6,1570.4000000000005,6,1570.4000000000005,move,improve
4687,6,1570.4000000000005,6,1570.4000000000005,swap,improve
4688,6,1570.4000000000005,6,1570.4000000000005,move,improve
4689,6,1570.4000000000005,6,1570.4000000000005,2opt,notBad
4690,6,1536.800000000001,6,1536.800000000001,move,newBest
4691,6,1375.0000000000018,6,1375.0000000000018,move,newBest
4692,6,1375.0000000000018,6,1375.0000000000018,move,improve
4693,6,1375.0000000000018,6,1375.0000000000018,move,improve
4694,6,1375.0000000000018,6,1375.0000000000018,2opt,improve
4695,6,1375.0000000000018,6,1375.0000000000018,swap,notBad
4696,6,1375.0000000000018,6,1375.0000000000018,swap,improve
4697,6,1431.000000000001,6,1375.0000000000018,swap,acceptBad
4698,6,1431.000000000001,6,1375.0000000000018,2opt,improve
4699,6,1418.6999999999998,6,1375.0000000000018,swap,improve
4700,6,1418.6999999999998,6,1375.0000000000018,move,improve
4701,6,1418.6999999999998,6,1375.0000000000018,move,improve
4702,6,1418.6999999999998,6,1375.0000000000018,move,improve
4703,6,1418.6999999999998,6,1375.0000000000018,swap,improve
4704,6,1418.6999999999998,6,1375.0000000000018,swap,improve
4705,6,1418.6999999999998,6,1375.0000000000018,2opt,notBad
4706,6,1418.6999999999998,6,1375.0000000000018,swap,improve
4707,6,1418.6999999999998,6,1375.0000000000018,swap,improve
4708,6,1418.6999999999998,6,1375.0000000000018,move,improve
4709,6,1418.6999999999998,6,1375.0000000000018,move,improve
4710,6,1354.1999999999994,6,1354.1999999999994,swap,newBest
4711,6,1354.1999999999994,6,1354.1999999999994,swap,notBad
4712,6,1354.1999999999994,6,1354.1999999999994,swap,improve
4713,6,1354.1999999999994,6,1354.1999999999994,2opt,notBad
4714,6,1358.2000000000003,6,1354.1999999999994,swap,acceptBad
4715,6,1358.2000000000003,6,1354.1999999999994,move,improve
4716,6,1076.6999999999998,6,1076.6999999999998,move,newBest
4717,6,1076.6999999999998,6,1076.6999999999998,move,improve
4718,6,1076.6999999999998,6,1076.6999999999998,2opt,improve
4719,6,1076.6999999999998,6,1076.6999999999998,move,improve
4720,6,1076.6999999999998,6,1076.6999999999998,2opt,notBad
4721,6,1076.6999999999998,6,1076.6999999999998,move,improve
4722,6,1076.6999999999998,6,1076.6999999999998,move,improve
4723,6,1181.1999999999998,6,1076.6999999999998,swap,acceptBad
4724,6,1181.1999999999998,6,1076.6999999999998,2opt,improve
4725,6,1192.2999999999997,6,1076.6999999999998,swap,acceptBad
4726,6,1192.2999999999997,6,1076.6999999999998,move,improve
4727,6,1192.2999999999997,6,1076.6999999999998,swap,improve
4728,6,1192.2999999999997,6,1076.6999999999998,2opt,notBad
4729,6,1192.2999999999997,6,1076.6999999999998,move,improve
4730,6,1192.2999999999997,6,1076.6999999999998,swap,improve
4731,6,1192.2999999999997,6,1076.6999999999998,2opt,improve
4732,6,1192.2999999999997,6,1076.6999999999998,move,improve
4733,6,1192.2999999999997,6,1076.6999999999998,2opt,improve
4734,6,1192.2999999999997,6,1076.6999999999998,swap,improve
4735,6,1192.2999999999997,6,1076.6999999999998,swap,improve
4736,6,1192.2999999999997,6,1076.6999999999998,2opt,notBad
4737,6,1192.2999999999997,6,1076.6999999999998,move,improve
4738,6,1192.2999999999997,6,1076.6999999999998,swap,notBad
4739,6,1192.2999999999997,6,1076.6999999999998,move,improve
4740,6,1192.2999999999997,6,1076.6999999999998,swap,improve
4741,6,1192.2999999999997,6,1076.6999999999998,2opt,notBad
4742,6,1192.2999999999997,6,1076.6999999999998,2opt,improve
4743,6,1192.2999999999997,6,1076.6999999999998,2opt,notBad
4744,6,1192.2999999999997,6,1076.6999999999998,2opt,notBad
4745,6,1192.2999999999997,6,1076.6999999999998,swap,improve
4746,6,1192.2999999999997,6,1076.6999999999998,swap,improve
4747,6,1192.2999999999997,6,1076.6999999999998,move,improve
4748,6,1192.2999999999997,6,1076.6999999999998,2opt,improve
4749,6,1192.2999999999997,6,1076.6999999999998,2opt,notBad
4750,6,1192.2999999999997,6,1076.6999999999998,2opt,improve
4751,6,1180.2999999999997,6,1076.6999999999998,move,improve
4752,6,1180.2999999999997,6,1076.6999999999998,2opt,notBad
4753,6,1180.2999999999997,6,1076.6999999999998,move,improve
4754,6,1180.2999999999997,6,1076.6999999999998,2opt,notBad
4755,6,1150.4,6,1076.6999999999998,move,improve
4756,6,1150.4,6,1076.6999999999998,swap,improve
4757,6,1150.4,6,1076.6999999999998,move,improve
4758,6,1150.4,6,1076.6999999999998,move,improve
4759,6,1150.4,6,1076.6999999999998,move,improve
4760,6,1150.4,6,1076.6999999999998,2opt,improve
4761,6,1150.4,6,1076.6999999999998,move,improve
4762,6,1150.4,6,1076.6999999999998,2opt,improve
4763,6,1150.4,6,1076.6999999999998,move,improve
4764,6,1150.4,6,1076.6999999999998,swap,improve
4765,6,1150.4,6,1076.6999999999998,move,improve
4766,6,1150.4,6,1076.6999999999998,move,improve
4767,6,933.2000000000003,6,933.2000000000003,move,newBest
4768,6,933.2000000000003,6,933.2000000000003,swap,improve
4769,6,933.2000000000003,6,933.2000000000003,2opt,notBad
4770,6,933.2000000000003,6,933.2000000000003,2opt,improve
4771,6,933.2000000000003,6,933.2000000000003,2opt,notBad
4772,6,933.2000000000003,6,933.2000000000003,move,improve
4773,6,933.2000000000003,6,933.2000000000003,move,improve
4774,6,933.2000000000003,6,933.2000000000003,swap,improve
4775,6,933.2000000000003,6,933.2000000000003,move,improve
4776,6,933.2000000000003,6,933.2000000000003,swap,improve
4777,6,933.2000000000003,6,933.2000000000003,2opt,improve
4778,6,1343.0,6,933.2000000000003,swap,acceptBad
4779,6,1343.0,6,933.2000000000003,2opt,notBad
4780,6,1343.0,6,933.2000000000003,2opt,improve
4781,6,1343.0,6,933.2000000000003,move,improve
4782,6,1343.0,6,933.2000000000003,move,improve
4783,6,1343.0,6,933.2000000000003,2opt,notBad
4784,6,997.0999999999995,6,933.2000000000003,swap,improve
4785,6,997.0999999999995,6,933.2000000000003,swap,improve
4786,6,997.0999999999995,6,933.2000000000003,move,improve
4787,6,1324.0999999999995,6,933.2000000000003,swap,acceptBad
4788,6,1324.0999999999995,6,933.2000000000003,move,improve
4789,6,1324.0999999999995,6,933.2000000000003,swap,improve
4790,6,1324.0999999999995,6,933.2000000000003,2opt,notBad
4791,6,1324.0999999999995,6,933.2000000000003,2opt,notBad
4792,6,1352.0,6,933.2000000000003,2opt,acceptBad
4793,6,1357.0,6,933.2000000000003,swap,acceptBad
4794,6,1357.0,6,933.2000000000003,swap,improve
4795,6,1357.0,6,933.2000000000003,swap,improve
4796,6,1357.0,6,933.2000000000003,2opt,improve
4797,6,1357.0,6,933.2000000000003,2opt,improve
4798,6,1357.0,6,933.2000000000003,move,improve
4799,6,1357.0,6,933.2000000000003,2opt,notBad
4800,6,1357.0,6,933.2000000000003,2opt,notBad
4801,6,1357.0,6,933.2000000000003,swap,improve
4802,6,1357.0,6,933.2000000000003,swap,improve
4803,6,1357.0,6,933.2000000000003,swap,improve
4804,6,1357.0,6,933.2000000000003,move,improve
4805,6,1357.0,6,933.2000000000003,2opt,notBad
4806,6,1357.0,6,933.2000000000003,2opt,notBad
4807,6,1357.0,6,933.2000000000003,move,improve
4808,6,1357.0,6,933.2000000000003,move,improve
4809,6,1357.0,6,933.2000000000003,2opt,notBad
4810,6,1185.6,6,933.2000000000003,move,improve
4811,6,1185.6,6,933.2000000000003,swap,improve
4812,6,1185.6,6,933.2000000000003,2opt,improve
4813,6,1185.6,6,933.2000000000003,swap,improve
4814,6,1185.6,6,933.2000000000003,2opt,improve
4815,6,1185.6,6,933.2000000000003,2opt,improve
4816,6,1185.6,6,933.2000000000003,2opt,notBad
4817,6,1185.6,6,933.2000000000003,move,improve
4818,6,1185.6,6,933.2000000000003,2opt,improve
4819,6,1185.6,6,933.2000000000003,swap,improve
4820,6,1185.6,6,933.2000000000003,move,improve
4821,6,1185.6,6,933.2000000000003,swap,improve
4822,6,1185.6,6,933.2000000000003,swap,improve
4823,6,1185.6,6,933.2000000000003,move,improve
4824,6,1185.6,6,933.2000000000003,2opt,improve
4825,6,1120.5000000000005,6,933.2000000000003,move,improve
4826,6,931.3000000000002,6,931.3000000000002,move,newBest
4827,6,1185.6,6,931.3000000000002,swap,acceptBad
4828,6,1166.599999999999,6,931.3000000000002,2opt,improve
4829,6,1166.599999999999,6,931.3000000000002,2opt,notBad
4830,6,1166.599999999999,6,931.3000000000002,move,improve
4831,6,1166.599999999999,6,931.3000000000002,swap,improve
4832,6,1108.5999999999995,6,931.3000000000002,move,improve
4833,6,1108.5999999999995,6,931.3000000000002,2opt,improve
4834,6,904.4999999999995,6,904.4999999999995,move,newBest
4835,6,904.4999999999995,6,904.4999999999995,2opt,improve
4836,6,904.4999999999995,6,904.4999999999995,swap,improve
4837,6,904.4999999999995,6,904.4999999999995,move,improve
4838,6,904.4999999999995,6,904.4999999999995,move,improve
4839,6,904.4999999999995,6,904.4999999999995,2opt,improve
4840,6,904.4999999999995,6,904.4999999999995,swap,improve
4841,6,904.4999999999995,6,904.4999999999995,2opt,notBad
4842,6,904.4999999999995,6,904.4999999999995,move,improve
4843,6,906.7999999999997,6,904.4999999999995,2opt,acceptBad
4844,6,906.7999999999997,6,904.4999999999995,swap,improve
4845,6,906.7999999999997,6,904.4999999999995,move,improve
4846,6,906.7999999999997,6,904.4999999999995,swap,improve
4847,6,906.7999999999997,6,904.4999999999995,move,improve
4848,6,906.7999999999997,6,904.4999999999995,2opt,improve
4849,6,906.7999999999997,6,904.4999999999995,move,improve
4850,6,906.7999999999997,6,904.4999999999995,move,improve
4851,6,906.7999999999997,6,904.4999999999995,move,improve
4852,6,906.7999999999997,6,904.4999999999995,2opt,improve
4853,6,906.7999999999997,6,904.4999999999995,swap,improve
4854,6,906.7999999999997,6,904.4999999999995,swap,improve
4855,6,906.7999999999997,6,904.4999999999995,move,improve
4856,6,906.7999999999997,6,904.4999999999995,swap,improve
4857,6,906.7999999999997,6,904.4999999999995,swap,improve
4858,6,906.7999999999997,6,904.4999999999995,move,improve
4859,6,906.7999999999997,6,904.4999999999995,move,improve
4860,6,906.7999999999997,6,904.4999999999995,2opt,notBad
4861,6,906.7999999999997,6,904.4999999999995,move,improve
4862,6,906.7999999999997,6,904.4999999999995,swap,improve
4863,6,906.7999999999997,6,904.4999999999995,swap,improve
4864,6,746.9999999999995,6,746.9999999999995,move,newBest
4865,6,746.9999999999995,6,746.9999999999995,swap,improve
4866,6,746.9999999999995,6,746.9999999999995,move,improve
4867,6,746.9999999999995,6,746.9999999999995,move,improve
4868,6,746.9999999999995,6,746.9999999999995,swap,improve
4869,6,772.7999999999993,6,746.9999999999995,swap,acceptBad
4870,6,772.7999999999993,6,746.9999999999995,swap,improve
4871,6,772.7999999999993,6,746.9999999999995,2opt,notBad
4872,6,772.7999999999993,6,746.9999999999995,swap,improve
4873,6,772.7999999999993,6,746.9999999999995,2opt,notBad
4874,6,772.7999999999993,6,746.9999999999995,move,improve
4875,6,772.7999999999993,6,746.9999999999995,move,improve
4876,6,772.7999999999993,6,746.9999999999995,swap,improve
4877,6,772.7999999999993,6,746.9999999999995,swap,notBad
4878,6,772.7999999999993,6,746.9999999999995,2opt,notBad
4879,6,772.7999999999993,6,746.9999999999995,move,improve
4880,6,772.7999999999993,6,746.9999999999995,2opt,improve
4881,6,772.7999999999993,6,746.9999999999995,2opt,improve
4882,6,772.7999999999993,6,746.9999999999995,2opt,notBad
4883,6,772.7999999999993,6,746.9999999999995,move,improve
4884,6,802.1999999999985,6,746.9999999999995,swap,acceptBad
4885,6,802.1999999999985,6,746.9999999999995,2opt,notBad
4886,6,802.1999999999985,6,746.9999999999995,swap,improve
4887,6,802.1999999999985,6,746.9999999999995,2opt,improve
4888,6,802.1999999999985,6,746.9999999999995,swap,improve
4889,6,802.1999999999985,6,746.9999999999995,swap,improve
4890,6,802.1999999999985,6,746.9999999999995,move,improve
4891,6,802.1999999999985,6,746.9999999999995,2opt,notBad
4892,6,802.1999999999985,6,746.9999999999995,move,improve
4893,6,802.1999999999985,6,746.9999999999995,2opt,improve
4894,6,802.1999999999985,6,746.9999999999995,2opt,improve
4895,6,802.1999999999985,6,746.9999999999995,move,improve
4896,6,802.1999999999985,6,746.9999999999995,2opt,notBad
4897,6,802.1999999999985,6,746.9999999999995,2opt,notBad
4898,6,802.1999999999985,6,746.9999999999995,move,improve
4899,6,802.1999999999985,6,746.9999999999995,swap,improve
4900,6,802.1999999999985,6,746.9999999999995,2opt,improve
4901,6,802.1999999999985,6,746.9999999999995,swap,improve
4902,6,802.1999999999985,6,746.9999999999995,move,improve
4903,6,802.1999999999985,6,746.9999999999995,move,improve
4904,6,802.1999999999985,6,746.9999999999995,2opt,notBad
4905,6,839.2999999999993,6,746.9999999999995,swap,acceptBad
4906,6,839.2999999999993,6,746.9999999999995,2opt,improve
4907,6,839.2999999999993,6,746.9999999999995,2opt,notBad
4908,6,839.2999999999993,6,746.9999999999995,2opt,notBad
4909,6,809.3000000000015,6,746.9999999999995,move,improve
4910,6,809.3000000000015,6,746.9999999999995,move,improve
4911,6,809.3000000000015,6,746.9999999999995,move,improve
4912,6,809.3000000000015,6,746.9999999999995,2opt,improve
4913,6,809.3000000000015,6,746.9999999999995,swap,improve
4914,6,809.3000000000015,6,746.9999999999995,move,improve
4915,6,809.3000000000015,6,746.9999999999995,move,improve
4916,6,809.3000000000015,6,746.9999999999995,2opt,improve
4917,6,809.3000000000015,6,746.9999999999995,move,notBad
4918,6,809.3000000000015,6,746.9999999999995,2opt,notBad
4919,6,809.3000000000015,6,746.9999999999995,move,improve
4920,6,809.3000000000015,6,746.9999999999995,move,improve
4921,6,809.3000000000015,6,746.9999999999995,2opt,notBad
4922,6,853.7999999999997,6,746.9999999999995,swap,acceptBad
4923,6,853.7999999999997,6,746.9999999999995,swap,improve
4924,6,853.7999999999997,6,746.9999999999995,2opt,notBad
4925,6,853.7999999999997,6,746.9999999999995,2opt,improve
4926,6,853.7999999999997,6,746.9999999999995,2opt,notBad
4927,6,853.7999999999997,6,746.9999999999995,move,improve
4928,6,853.7999999999997,6,746.9999999999995,2opt,improve
4929,6,853.7999999999997,6,746.9999999999995,swap,improve
4930,6,853.7999999999997,6,746.9999999999995,move,improve
4931,6,853.7999999999997,6,746.9999999999995,2opt,notBad
4932,6,853.7999999999997,6,746.9999999999995,swap,notBad
4933,6,853.7999999999997,6,746.9999999999995,move,improve
4934,6,853.7999999999997,6,746.9999999999995,move,improve
4935,6,790.0000000000005,6,746.9999999999995,move,improve
4936,6,790.0000000000005,6,746.9999999999995,2opt,notBad
4937,6,790.0000000000005,6,746.9999999999995,move,improve
4938,6,790.0000000000005,6,746.9999999999995,2opt,notBad
4939,6,790.0000000000005,6,746.9999999999995,2opt,notBad
4940,6,790.0000000000005,6,746.9999999999995,swap,improve
4941,6,790.0000000000005,6,746.9999999999995,move,improve
4942,6,790.0000000000005,6,746.9999999999995,move,improve
4943,6,790.0000000000005,6,746.9999999999995,swap,notBad
4944,6,790.0000000000005,6,746.9999999999995,2opt,notBad
4945,6,798.0,6,746.9999999999995,2opt,acceptBad
4946,6,798.0,6,746.9999999999995,2opt,improve
4947,6,798.0,6,746.9999999999995,2opt,improve
4948,6,798.0,6,746.9999999999995,swap,improve
4949,6,798.0,6,746.9999999999995,swap,improve
4950,6,798.0,6,746.9999999999995,swap,notBad
4951,6,1201.0,6,746.9999999999995,swap,acceptBad
4952,6,1201.0,6,746.9999999999995,move,improve
4953,6,1201.0,6,746.9999999999995,swap,improve
4954,6,1201.0,6,746.9999999999995,swap,notBad
4955,6,1201.0,6,746.9999999999995,2opt,improve
4956,6,1201.0,6,746.9999999999995,swap,improve
4957,6,1201.0,6,746.9999999999995,swap,improve
4958,6,1201.0,6,746.9999999999995,move,improve
4959,6,1167.3999999999992,6,746.9999999999995,move,improve
4960,6,1167.3999999999992,6,746.9999999999995,swap,improve
4961,6,1167.3999999999992,6,746.9999999999995,move,improve
4962,6,1167.3999999999992,6,746.9999999999995,2opt,notBad
4963,6,1167.3999999999992,6,746.9999999999995,2opt,notBad
4964,6,848.9999999999986,6,746.9999999999995,swap,improve
4965,6,848.9999999999986,6,746.9999999999995,2opt,notBad
4966,6,848.9999999999986,6,746.9999999999995,2opt,notBad
4967,6,848.9999999999986,6,746.9999999999995,2opt,improve
4968,6,872.0000000000005,6,746.9999999999995,swap,acceptBad
4969,6,872.0000000000005,6,746.9999999999995,swap,improve
4970,6,765.6999999999989,6,746.9999999999995,swap,improve
4971,6,765.6999999999989,6,746.9999999999995,swap,notBad
4972,6,765.6999999999989,6,746.9999999999995,2opt,improve
4973,6,765.6999999999989,6,746.9999999999995,swap,improve
4974,6,765.6999999999989,6,746.9999999999995,swap,improve
4975,6,845.5000000000005,6,746.9999999999995,swap,acceptBad
4976,6,845.5000000000005,6,746.9999999999995,2opt,improve
4977,6,845.5000000000005,6,746.9999999999995,swap,improve
4978,6,845.5000000000005,6,746.9999999999995,swap,improve
4979,6,845.5000000000005,6,746.9999999999995,swap,improve
4980,6,845.5000000000005,6,746.9999999999995,move,improve
4981,6,845.5000000000005,6,746.9999999999995,swap,improve
4982,6,845.5000000000005,6,746.9999999999995,move,improve
4983,6,845.5000000000005,6,746.9999999999995,move,improve
4984,6,845.5000000000005,6,746.9999999999995,2opt,improve
4985,6,845.5000000000005,6,746.9999999999995,2opt,improve
4986,6,845.5000000000005,6,746.9999999999995,move,improve
4987,6,845.5000000000005,6,746.9999999999995,swap,improve
4988,6,845.5000000000005,6,746.9999999999995,2opt,notBad
4989,6,845.5000000000005,6,746.9999999999995,swap,notBad
4990,6,845.5000000000005,6,746.9999999999995,move,improve
4991,6,845.5000000000005,6,746.9999999999995,2opt,improve
4992,6,845.5000000000005,6,746.9999999999995,2opt,improve
4993,6,845.5000000000005,6,746.9999999999995,move,improve
4994,6,845.5000000000005,6,746.9999999999995,2opt,notBad
4995,6,845.5000000000005,6,746.9999999999995,swap,improve
4996,6,845.5000000000005,6,746.9999999999995,move,improve
4997,6,845.5000000000005,6,746.9999999999995,move,improve
4998,6,845.5000000000005,6,746.9999999999995,2opt,improve
4999,6,845.5000000000005,6,746.9999999999995,move,improve
5000,6,845.5000000000005,6,746.9999999999995,move,improve
5001,6,845.5000000000005,6,746.9999999999995,move,improve
5002,6,845.5000000000005,6,746.9999999999995,2opt,notBad
5003,6,845.5000000000005,6,746.9999999999995,swap,improve
5004,6,845.5000000000005,6,746.9999999999995,2opt,improve
5005,6,845.5000000000005,6,746.9999999999995,move,improve
5006,6,845.5000000000005,6,746.9999999999995,2opt,notBad
5007,6,845.5000000000005,6,746.9999999999995,move,improve
5008,6,845.5000000000005,6,746.9999999999995,2opt,improve
5009,6,802.5000000000005,6,746.9999999999995,move,improve
5010,6,802.5000000000005,6,746.9999999999995,move,improve
5011,6,802.5000000000005,6,746.9999999999995,move,improve
5012,6,802.5000000000005,6,746.9999999999995,swap,improve
5013,6,802.5000000000005,6,746.9999999999995,move,improve
5014,6,802.5000000000005,6,746.9999999999995,move,improve
5015,6,802.5000000000005,6,746.9999999999995,2opt,notBad
5016,6,802.5000000000005,6,746.9999999999995,2opt,improve
5017,6,802.5000000000005,6,746.9999999999995,move,improve
5018,6,801.1000000000004,6,746.9999999999995,move,improve
5019,6,801.1000000000004,6,746.9999999999995,move,improve
5020,6,801.1000000000004,6,746.9999999999995,2opt,improve
5021,6,801.1000000000004,6,746.9999999999995,swap,improve
5022,6,801.1000000000004,6,746.9999999999995,swap,improve
5023,6,801.1000000000004,6,746.9999999999995,2opt,improve
5024,6,801.1000000000004,6,746.9999999999995,move,improve
5025,6,801.1000000000004,6,746.9999999999995,2opt,notBad
5026,6,801.1000000000004,6,746.9999999999995,move,improve
5027,6,801.1000000000004,6,746.9999999999995,move,improve
5028,6,801.1000000000004,6,746.9999999999995,swap,improve
5029,6,801.1000000000004,6,746.9999999999995,swap,improve
5030,6,801.1000000000004,6,746.9999999999995,move,improve
5031,6,801.1000000000004,6,746.9999999999995,move,improve
5032,6,801.1000000000004,6,746.9999999999995,move,improve
5033,6,801.1000000000004,6,746.9999999999995,move,improve
5034,6,801.1000000000004,6,746.9999999999995,2opt,notBad
5035,6,801.1000000000004,6,746.9999999999995,move,improve
5036,6,801.1000000000004,6,746.9999999999995,move,improve
5037,6,801.1000000000004,6,746.9999999999995,swap,improve
5038,6,801.1000000000004,6,746.9999999999995,move,improve
5039,6,801.1000000000004,6,746.9999999999995,swap,improve
5040,6,802.5000000000005,6,746.9999999999995,swap,acceptBad
5041,6,802.5000000000005,6,746.9999999999995,move,improve
5042,6,802.5000000000005,6,746.9999999999995,2opt,notBad
5043,6,802.5000000000005,6,746.9999999999995,2opt,improve
5044,6,802.5000000000005,6,746.9999999999995,swap,improve
5045,6,802.5000000000005,6,746.9999999999995,move,improve
5046,6,802.5000000000005,6,746.9999999999995,2opt,improve
5047,6,802.5000000000005,6,746.9999999999995,move,improve
5048,6,802.5000000000005,6,746.9999999999995,move,improve
5049,6,1059.2000000000003,6,746.9999999999995,swap,acceptBad
5050,6,1509.6999999999998,6,746.9999999999995,swap,acceptBad
5051,6,1509.6999999999998,6,746.9999999999995,swap,improve
5052,6,1509.6999999999998,6,746.9999999999995,2opt,notBad
5053,6,1509.6999999999998,6,746.9999999999995,swap,notBad
5054,6,1509.6999999999998,6,746.9999999999995,move,improve
5055,6,1509.6999999999998,6,746.9999999999995,move,improve
5056,6,1509.6999999999998,6,746.9999999999995,2opt,notBad
5057,6,1509.6999999999998,6,746.9999999999995,2opt,notBad
5058,6,1509.6999999999998,6,746.9999999999995,move,improve
5059,6,1509.6999999999998,6,746.9999999999995,2opt,notBad
5060,6,1509.6999999999998,6,746.9999999999995,move,improve
5061,6,1509.6999999999998,6,746.9999999999995,2opt,notBad
5062,6,1059.2000000000003,6,746.9999999999995,swap,improve
5063,6,1059.2000000000003,6,746.9999999999995,2opt,notBad
5064,6,1059.2000000000003,6,746.9999999999995,swap,improve
5065,6,1059.2000000000003,6,746.9999999999995,2opt,improve
5066,6,1059.2000000000003,6,746.9999999999995,2opt,notBad
5067,6,1059.2000000000003,6,746.9999999999995,move,improve
5068,6,1059.2000000000003,6,746.9999999999995,swap,improve
5069,6,1059.2000000000003,6,746.9999999999995,swap,improve
5070,6,1059.2000000000003,6,746.9999999999995,move,improve
5071,6,1059.2000000000003,6,746.9999999999995,2opt,improve
5072,6,1059.2000000000003,6,746.9999999999995,2opt,improve
5073,6,1059.2000000000003,6,746.9999999999995,2opt,notBad
5074,6,1059.2000000000003,6,746.9999999999995,swap,improve
5075,6,1059.2000000000003,6,746.9999999999995,2opt,improve
5076,6,1059.2000000000003,6,746.9999999999995,swap,improve
5077,6,1059.2000000000003,6,746.9999999999995,2opt,notBad
5078,6,1059.2000000000003,6,746.9999999999995,move,improve
5079,6,1059.2000000000003,6,746.9999999999995,2opt,notBad
5080,6,1059.2000000000003,6,746.9999999999995,move,improve
5081,6,1059.2000000000003,6,746.9999999999995,2opt,improve
5082,6,1059.2000000000003,6,746.9999999999995,2opt,improve
5083,6,1059.2000000000003,6,746.9999999999995,swap,improve
5084,6,1240.4,6,746.9999999999995,swap,acceptBad
5085,6,1240.4,6,746.9999999999995,swap,improve
5086,6,1240.4,6,746.9999999999995,move,improve
5087,6,1218.4999999999995,6,746.9999999999995,swap,improve
5088,6,1218.4999999999995,6,746.9999999999995,swap,improve
5089,6,1124.6999999999994,6,746.9999999999995,move,improve
5090,6,1124.6999999999994,6,746.9999999999995,move,improve
5091,6,1124.6999999999994,6,746.9999999999995,move,improve
5092,6,1124.6999999999994,6,746.9999999999995,swap,improve
5093,6,1124.6999999999994,6,746.9999999999995,move,improve
5094,6,1124.6999999999994,6,746.9999999999995,2opt,notBad
5095,6,1124.6999999999994,6,746.9999999999995,2opt,notBad
5096,6,1124.6999999999994,6,746.9999999999995,swap,improve
5097,6,1124.6999999999994,6,746.9999999999995,swap,improve
5098,6,1124.6999999999994,6,746.9999999999995,swap,improve
5099,6,1124.6999999999994,6,746.9999999999995,swap,improve
5100,6,1124.6999999999994,6,746.9999999999995,swap,improve
5101,6,1124.6999999999994,6,746.9999999999995,2opt,notBad
5102,6,1124.6999999999994,6,746.9999999999995,move,improve
5103,6,1124.6999999999994,6,746.9999999999995,2opt,notBad
5104,6,1124.6999999999994,6,746.9999999999995,swap,improve
5105,6,1124.6999999999994,6,746.9999999999995,2opt,notBad
5106,6,1124.6999999999994,6,746.9999999999995,swap,improve
5107,6,1124.6999999999994,6,746.9999999999995,2opt,notBad
5108,6,1124.6999999999994,6,746.9999999999995,move,improve
5109,6,1124.6999999999994,6,746.9999999999995,move,improve
5110,6,1124.6999999999994,6,746.9999999999995,move,improve
5111,6,1124.6999999999994,6,746.9999999999995,move,improve
5112,6,1124.6999999999994,6,746.9999999999995,swap,notBad
5113,6,1124.6999999999994,6,746.9999999999995,2opt,improve
5114,6,1124.6999999999994,6,746.9999999999995,move,improve
5115,6,1124.6999999999994,6,746.9999999999995,swap,improve
5116,6,1124.6999999999994,6,746.9999999999995,swap,notBad
5117,6,1124.6999999999994,6,746.9999999999995,move,improve
5118,6,856.4000000000001,6,746.9999999999995,move,improve
5119,6,856.4000000000001,6,746.9999999999995,2opt,improve
5120,6,845.5000000000005,6,746.9999999999995,swap,improve
5121,6,845.5000000000005,6,746.9999999999995,move,improve
5122,6,845.5000000000005,6,746.9999999999995,move,improve
5123,6,845.5000000000005,6,746.9999999999995,2opt,improve
5124,6,845.5000000000005,6,746.9999999999995,2opt,notBad
5125,6,845.5000000000005,6,746.9999999999995,2opt,notBad
5126,6,845.5000000000005,6,746.9999999999995,2opt,improve
5127,6,845.5000000000005,6,746.9999999999995,swap,improve
5128,6,845.5000000000005,6,746.9999999999995,2opt,improve
5129,6,845.5000000000005,6,746.9999999999995,move,improve
5130,6,845.5000000000005,6,746.9999999999995,2opt,improve
5131,6,845.5000000000005,6,746.9999999999995,move,improve
5132,6,845.5000000000005,6,746.9999999999995,swap,improve
5133,6,845.5000000000005,6,746.9999999999995,2opt,improve
5134,6,845.5000000000005,6,746.9999999999995,swap,improve
5135,6,845.5000000000005,6,746.9999999999995,swap,improve
5136,6,845.5000000000005,6,746.9999999999995,swap,improve
5137,6,845.5000000000005,6,746.9999999999995,2opt,improve
5138,6,845.5000000000005,6,746.9999999999995,swap,improve
5139,6,1131.7000000000003,6,746.9999999999995,swap,acceptBad
5140,6,1131.7000000000003,6,746.9999999999995,swap,improve
5141,6,1131.7000000000003,6,746.9999999999995,move,improve
5142,6,1131.7000000000003,6,746.9999999999995,swap,improve
5143,6,1131.7000000000003,6,746.9999999999995,move,improve
5144,6,1131.7000000000003,6,746.9999999999995,move,improve
5145,6,1131.7000000000003,6,746.9999999999995,2opt,notBad
5146,6,1131.7000000000003,6,746.9999999999995,2opt,improve
5147,6,1131.7000000000003,6,746.9999999999995,2opt,notBad
5148,6,1132.6,6,746.9999999999995,swap,acceptBad
5149,6,1132.6,6,746.9999999999995,2opt,improve
5150,6,1132.6,6,746.9999999999995,swap,improve
5151,6,1132.6,6,746.9999999999995,swap,notBad
5152,6,1132.6,6,746.9999999999995,swap,notBad
5153,6,1132.6,6,746.9999999999995,2opt,improve
5154,6,1132.6,6,746.9999999999995,swap,improve
5155,6,1132.6,6,746.9999999999995,2opt,notBad
5156,6,1132.6,6,746.9999999999995,swap,improve
5157,6,1132.6,6,746.9999999999995,2opt,improve
5158,6,1132.6,6,746.9999999999995,move,improve
5159,6,1132.6,6,746.9999999999995,2opt,notBad
5160,6,1132.6,6,746.9999999999995,2opt,improve
5161,6,1132.6,6,746.9999999999995,swap,improve
5162,6,1132.6,6,746.9999999999995,2opt,notBad
5163,6,1132.6,6,746.9999999999995,2opt,notBad
5164,6,1132.6,6,746.9999999999995,2opt,improve
5165,6,1132.6,6,746.9999999999995,2opt,improve
5166,6,1132.6,6,746.9999999999995,move,improve
5167,6,1132.6,6,746.9999999999995,2opt,improve
5168,6,1132.6,6,746.9999999999995,move,improve
5169,6,1132.6,6,746.9999999999995,move,improve
5170,6,1132.6,6,746.9999999999995,2opt,improve
5171,6,1132.6,6,746.9999999999995,swap,improve
5172,6,1132.6,6,746.9999999999995,swap,improve
5173,6,1132.6,6,746.9999999999995,2opt,improve
5174,6,1132.6,6,746.9999999999995,move,improve
5175,6,1132.6,6,746.9999999999995,move,improve
5176,6,1132.6,6,746.9999999999995,move,improve
5177,6,1132.6,6,746.9999999999995,2opt,improve
5178,6,1132.6,6,746.9999999999995,2opt,improve
5179,6,1132.6,6,746.9999999999995,swap,improve
5180,6,1132.6,6,746.9999999999995,2opt,notBad
5181,6,1132.6,6,746.9999999999995,2opt,notBad
5182,6,1242.4999999999995,6,746.9999999999995,swap,acceptBad
5183,6,1242.4999999999995,6,746.9999999999995,move,improve
5184,6,1242.4999999999995,6,746.9999999999995,move,improve
5185,6,1242.4999999999995,6,746.9999999999995,2opt,notBad
5186,6,1242.4999999999995,6,746.9999999999995,move,improve
5187,6,1242.4999999999995,6,746.9999999999995,swap,improve
5188,6,1242.4999999999995,6,746.9999999999995,2opt,improve
5189,6,1242.4999999999995,6,746.9999999999995,2opt,notBad
5190,6,1242.4999999999995,6,746.9999999999995,2opt,improve
5191,6,1242.4999999999995,6,746.9999999999995,move,improve
5192,6,1242.4999999999995,6,746.9999999999995,move,improve
5193,6,1242.4999999999995,6,746.9999999999995,swap,improve
5194,6,1242.4999999999995,6,746.9999999999995,move,improve
5195,6,1242.4999999999995,6,746.9999999999995,2opt,improve
5196,6,1242.4999999999995,6,746.9999999999995,move,improve
5197,6,1242.4999999999995,6,746.9999999999995,move,improve
5198,6,1242.4999999999995,6,746.9999999999995,swap,improve
5199,6,1242.4999999999995,6,746.9999999999995,move,improve
5200,6,1242.4999999999995,6,746.9999999999995,2opt,improve
5201,6,1242.4999999999995,6,746.9999999999995,2opt,notBad
5202,6,1242.4999999999995,6,746.9999999999995,swap,improve
5203,6,1242.4999999999995,6,746.9999999999995,2opt,notBad
5204,6,1242.4999999999995,6,746.9999999999995,2opt,improve
5205,6,1242.4999999999995,6,746.9999999999995,move,improve
5206,6,1242.4999999999995,6,746.9999999999995,swap,improve
5207,6,1242.4999999999995,6,746.9999999999995,move,improve
5208,6,1242.4999999999995,6,746.9999999999995,move,improve
5209,6,1242.4999999999995,6,746.9999999999995,move,improve
5210,6,1242.4999999999995,6,746.9999999999995,move,improve
5211,6,1242.4999999999995,6,746.9999999999995,swap,improve
5212,6,1242.4999999999995,6,746.9999999999995,move,improve
5213,6,1242.4999999999995,6,746.9999999999995,move,improve
5214,6,1242.4999999999995,6,746.9999999999995,2opt,notBad
5215,6,1242.4999999999995,6,746.9999999999995,2opt,improve
5216,6,1242.4999999999995,6,746.9999999999995,swap,improve
5217,6,1242.4999999999995,6,746.9999999999995,2opt,notBad
5218,6,1242.4999999999995,6,746.9999999999995,move,improve
5219,6,1242.4999999999995,6,746.9999999999995,move,improve
5220,6,1242.4999999999995,6,746.9999999999995,2opt,notBad
5221,6,1240.4,6,746.9999999999995,swap,improve
5222,6,1240.4,6,746.9999999999995,2opt,improve
5223,6,1240.4,6,746.9999999999995,2opt,notBad
5224,6,1240.4,6,746.9999999999995,swap,notBad
5225,6,1240.4,6,746.9999999999995,swap,improve
5226,6,1240.4,6,746.9999999999995,swap,improve
5227,6,1240.4,6,746.9999999999995,move,improve
5228,6,1240.4,6,746.9999999999995,move,improve
5229,6,1240.4,6,746.9999999999995,move,improve
5230,6,1240.4,6,746.9999999999995,swap,improve
5231,6,1474.0,6,746.9999999999995,swap,acceptBad
5232,6,1474.0,6,746.9999999999995,swap,improve
5233,6,1474.0,6,746.9999999999995,swap,improve
5234,6,1474.0,6,746.9999999999995,swap,improve
5235,6,1242.0,6,746.9999999999995,move,improve
5236,6,1242.0,6,746.9999999999995,move,improve
5237,6,1242.0,6,746.9999999999995,2opt,notBad
5238,6,1242.0,6,746.9999999999995,2opt,notBad
5239,6,1242.0,6,746.9999999999995,2opt,notBad
5240,6,1242.0,6,746.9999999999995,swap,notBad
5241,6,1242.0,6,746.9999999999995,swap,improve
5242,6,1242.0,6,746.9999999999995,swap,improve
5243,6,1242.0,6,746.9999999999995,2opt,notBad
5244,6,1242.0,6,746.9999999999995,swap,improve
5245,6,1242.0,6,746.9999999999995,2opt,improve
5246,6,1242.0,6,746.9999999999995,swap,improve
5247,6,1242.0,6,746.9999999999995,2opt,improve
5248,6,1242.0,6,746.9999999999995,move,improve
5249,6,1242.0,6,746.9999999999995,move,improve
5250,6,1242.0,6,746.9999999999995,swap,improve
5251,6,1242.0,6,746.9999999999995,2opt,improve
5252,6,1242.0,6,746.9999999999995,2opt,improve
5253,6,1242.0,6,746.9999999999995,2opt,notBad
5254,6,1242.0,6,746.9999999999995,move,improve
5255,6,1242.0,6,746.9999999999995,move,improve
5256,6,1242.0,6,746.9999999999995,swap,improve
5257,6,1242.0,6,746.9999999999995,2opt,improve
5258,6,1242.0,6,746.9999999999995,2opt,notBad
5259,6,1242.0,6,746.9999999999995,move,improve
5260,6,1242.0,6,746.9999999999995,move,improve
5261,6,1242.0,6,746.9999999999995,move,improve
5262,6,1242.0,6,746.9999999999995,move,improve
5263,6,1242.0,6,746.9999999999995,move,improve
5264,6,1242.0,6,746.9999999999995,move,improve
5265,6,1242.0,6,746.9999999999995,swap,improve
5266,6,1242.0,6,746.9999999999995,move,improve
5267,6,1242.0,6,746.9999999999995,move,improve
5268,6,1242.0,6,746.9999999999995,2opt,improve
5269,6,1242.0,6,746.9999999999995,swap,improve
5270,6,1242.0,6,746.9999999999995,move,improve
5271,6,1242.0,6,746.9999999999995,move,improve
5272,6,1242.0,6,746.9999999999995,move,improve
5273,6,1242.0,6,746.9999999999995,swap,improve
5274,6,1242.0,6,746.9999999999995,move,improve
5275,6,1240.4,6,746.9999999999995,swap,improve
5276,6,1319.9,6,746.9999999999995,2opt,acceptBad
5277,6,1348.6999999999998,6,746.9999999999995,swap,acceptBad
5278,6,1348.6999999999998,6,746.9999999999995,swap,improve
5279,6,1348.6999999999998,6,746.9999999999995,swap,improve
5280,6,1348.6999999999998,6,746.9999999999995,2opt,improve
5281,6,1348.6999999999998,6,746.9999999999995,move,improve
5282,6,1348.6999999999998,6,746.9999999999995,swap,improve
5283,6,1348.6999999999998,6,746.9999999999995,move,improve
5284,6,1348.6999999999998,6,746.9999999999995,2opt,notBad
5285,6,1348.6999999999998,6,746.9999999999995,2opt,notBad
5286,6,1348.6999999999998,6,746.9999999999995,swap,improve
5287,6,1348.6999999999998,6,746.9999999999995,swap,improve
5288,6,1348.6999999999998,6,746.9999999999995,move,improve
5289,6,1267.9999999999995,6,746.9999999999995,move,improve
5290,6,1267.9999999999995,6,746.9999999999995,move,improve
5291,6,1267.9999999999995,6,746.9999999999995,2opt,notBad
5292,6,1267.9999999999995,6,746.9999999999995,move,improve
5293,6,1267.9999999999995,6,746.9999999999995,move,improve
5294,6,1267.9999999999995,6,746.9999999999995,move,improve
5295,6,1267.9999999999995,6,746.9999999999995,move,improve
5296,6,1267.9999999999995,6,746.9999999999995,2opt,improve
5297,6,1267.9999999999995,6,746.9999999999995,2opt,improve
5298,6,1267.9999999999995,6,746.9999999999995,2opt,notBad
5299,6,1267.9999999999995,6,746.9999999999995,2opt,improve
5300,6,1267.9999999999995,6,746.9999999999995,swap,improve
5301,6,1267.9999999999995,6,746.9999999999995,2opt,notBad
5302,6,1267.9999999999995,6,746.9999999999995,2opt,improve
5303,6,1267.9999999999995,6,746.9999999999995,2opt,improve
5304,6,1267.9999999999995,6,746.9999999999995,swap,improve
5305,6,1267.9999999999995,6,746.9999999999995,2opt,notBad
5306,6,1267.9999999999995,6,746.9999999999995,swap,improve
5307,6,1279.1000000000004,6,746.9999999999995,2opt,acceptBad
5308,6,1279.1000000000004,6,746.9999999999995,move,improve
5309,6,1279.1000000000004,6,746.9999999999995,2opt,improve
5310,6,1279.1000000000004,6,746.9999999999995,2opt,improve
5311,6,1279.1000000000004,6,746.9999999999995,2opt,improve
5312,6,1279.1000000000004,6,746.9999999999995,2opt,improve
5313,6,1279.1000000000004,6,746.9999999999995,2opt,notBad
5314,6,1279.1000000000004,6,746.9999999999995,2opt,improve
5315,6,1279.1000000000004,6,746.9999999999995,swap,notBad
5316,6,1279.1000000000004,6,746.9999999999995,swap,improve
5317,6,1279.1000000000004,6,746.9999999999995,swap,improve
5318,6,1279.1000000000004,6,746.9999999999995,2opt,notBad
5319,6,1279.1000000000004,6,746.9999999999995,swap,improve
5320,6,1279.1000000000004,6,746.9999999999995,swap,notBad
5321,6,1279.1000000000004,6,746.9999999999995,2opt,improve
5322,6,1279.1000000000004,6,746.9999999999995,2opt,notBad
5323,6,1279.1000000000004,6,746.9999999999995,swap,improve
5324,6,1279.1000000000004,6,746.9999999999995,move,improve
5325,6,1279.1000000000004,6,746.9999999999995,swap,improve
5326,6,1279.1000000000004,6,746.9999999999995,swap,notBad
5327,6,1250.3000000000006,6,746.9999999999995,swap,improve
5328,6,1250.3000000000006,6,746.9999999999995,2opt,notBad
5329,6,1250.3000000000006,6,746.9999999999995,swap,improve
5330,6,1250.3000000000006,6,746.9999999999995,move,improve
5331,6,1250.3000000000006,6,746.9999999999995,swap,improve
5332,6,1250.3000000000006,6,746.9999999999995,move,improve
5333,6,1250.3000000000006,6,746.9999999999995,2opt,improve
5334,6,1250.3000000000006,6,746.9999999999995,2opt,improve
5335,6,1250.3000000000006,6,746.9999999999995,2opt,improve
5336,6,1250.3000000000006,6,746.9999999999995,2opt,improve
5337,6,1250.3000000000006,6,746.9999999999995,move,improve
5338,6,1250.3000000000006,6,746.9999999999995,2opt,notBad
5339,6,1250.3000000000006,6,746.9999999999995,swap,notBad
5340,6,1250.3000000000006,6,746.9999999999995,2opt,improve
5341,6,1250.3000000000006,6,746.9999999999995,swap,improve
5342,6,1250.3000000000006,6,746.9999999999995,swap,improve
5343,6,1250.3000000000006,6,746.9999999999995,2opt,improve
5344,6,1250.3000000000006,6,746.9999999999995,move,improve
5345,6,1250.3000000000006,6,746.9999999999995,swap,improve
5346,6,1250.3000000000006,6,746.9999999999995,move,improve
5347,6,1250.3000000000006,6,746.9999999999995,2opt,improve
5348,6,1250.3000000000006,6,746.9999999999995,2opt,notBad
5349,6,1250.3000000000006,6,746.9999999999995,2opt,improve
5350,6,1250.3000000000006,6,746.9999999999995,move,improve
5351,6,1250.3000000000006,6,746.9999999999995,swap,improve
5352,6,1250.3000000000006,6,746.9999999999995,2opt,improve
5353,6,1250.3000000000006,6,746.9999999999995,move,improve
5354,6,1221.4999999999995,6,746.9999999999995,2opt,improve
5355,6,1221.4999999999995,6,746.9999999999995,move,improve
5356,6,1221.4999999999995,6,746.9999999999995,move,improve
5357,6,1221.4999999999995,6,746.9999999999995,swap,improve
5358,6,1221.4999999999995,6,746.9999999999995,swap,improve
5359,6,1221.4999999999995,6,746.9999999999995,swap,improve
5360,6,1221.4999999999995,6,746.9999999999995,swap,improve
5361,6,1221.4999999999995,6,746.9999999999995,swap,notBad
5362,6,1221.4999999999995,6,746.9999999999995,2opt,notBad
5363,6,1221.4999999999995,6,746.9999999999995,2opt,notBad
5364,6,1221.4999999999995,6,746.9999999999995,2opt,notBad
5365,6,1221.4999999999995,6,746.9999999999995,2opt,improve
5366,6,1221.4999999999995,6,746.9999999999995,2opt,notBad
5367,6,1221.4999999999995,6,746.9999999999995,move,improve
5368,6,1221.4999999999995,6,746.9999999999995,move,improve
5369,6,1221.4999999999995,6,746.9999999999995,swap,improve
5370,6,1221.4999999999995,6,746.9999999999995,swap,notBad
5371,6,1221.4999999999995,6,746.9999999999995,swap,improve
5372,6,1221.4999999999995,6,746.9999999999995,move,improve
5373,6,1221.4999999999995,6,746.9999999999995,move,improve
5374,6,1221.4999999999995,6,746.9999999999995,2opt,notBad
5375,6,1221.4999999999995,6,746.9999999999995,2opt,improve
5376,6,1221.4999999999995,6,746.9999999999995,2opt,notBad
5377,6,1221.4999999999995,6,746.9999999999995,2opt,improve
5378,6,1221.4999999999995,6,746.9999999999995,swap,improve
5379,6,1221.4999999999995,6,746.9999999999995,2opt,improve
5380,6,1221.4999999999995,6,746.9999999999995,2opt,improve
5381,6,1221.4999999999995,6,746.9999999999995,2opt,notBad
5382,6,1206.4999999999995,6,746.9999999999995,move,improve
5383,6,1206.4999999999995,6,746.9999999999995,2opt,improve
5384,6,1221.4999999999995,6,746.9999999999995,2opt,acceptBad
5385,6,1221.4999999999995,6,746.9999999999995,swap,improve
5386,6,1221.4999999999995,6,746.9999999999995,swap,notBad
5387,6,1221.4999999999995,6,746.9999999999995,swap,improve
5388,6,1221.4999999999995,6,746.9999999999995,2opt,notBad
5389,6,1221.4999999999995,6,746.9999999999995,move,improve
5390,6,1221.4999999999995,6,746.9999999999995,2opt,improve
5391,6,1221.4999999999995,6,746.9999999999995,2opt,improve
5392,6,1221.4999999999995,6,746.9999999999995,2opt,improve
5393,6,1221.4999999999995,6,746.9999999999995,swap,improve
5394,6,1221.4999999999995,6,746.9999999999995,move,improve
5395,6,1221.4999999999995,6,746.9999999999995,2opt,notBad
5396,6,1221.4999999999995,6,746.9999999999995,2opt,improve
5397,6,1221.4999999999995,6,746.9999999999995,2opt,improve
5398,6,1221.4999999999995,6,746.9999999999995,swap,improve
5399,6,1221.4999999999995,6,746.9999999999995,move,improve
5400,6,1221.4999999999995,6,746.9999999999995,swap,notBad
5401,6,1250.3000000000006,6,746.9999999999995,swap,acceptBad
5402,6,1250.3000000000006,6,746.9999999999995,move,improve
5403,6,1250.3000000000006,6,746.9999999999995,move,improve
5404,6,1250.3000000000006,6,746.9999999999995,2opt,notBad
5405,6,1250.3000000000006,6,746.9999999999995,move,improve
5406,6,1250.3000000000006,6,746.9999999999995,2opt,notBad
5407,6,1250.3000000000006,6,746.9999999999995,2opt,notBad
5408,6,1250.3000000000006,6,746.9999999999995,swap,notBad
5409,6,1250.3000000000006,6,746.9999999999995,move,improve
5410,6,1250.3000000000006,6,746.9999999999995,move,improve
5411,6,1250.3000000000006,6,746.9999999999995,swap,improve
5412,6,1250.3000000000006,6,746.9999999999995,swap,improve
5413,6,1250.3000000000006,6,746.9999999999995,swap,improve
5414,6,1250.3000000000006,6,746.9999999999995,swap,improve
5415,6,1250.3000000000006,6,746.9999999999995,2opt,improve
5416,6,1250.3000000000006,6,746.9999999999995,swap,improve
5417,6,1250.3000000000006,6,746.9999999999995,2opt,improve
5418,6,1250.3000000000006,6,746.9999999999995,2opt,improve
5419,6,1250.3000000000006,6,746.9999999999995,2opt,improve
5420,6,1090.7000000000012,6,746.9999999999995,move,improve
5421,6,1090.7000000000012,6,746.9999999999995,move,notBad
5422,6,1090.7000000000012,6,746.9999999999995,move,improve
5423,6,1090.7000000000012,6,746.9999999999995,swap,notBad
5424,6,1090.7000000000012,6,746.9999999999995,move,improve
5425,6,1090.7000000000012,6,746.9999999999995,2opt,notBad
5426,6,1090.7000000000012,6,746.9999999999995,2opt,improve
5427,6,1090.7000000000012,6,746.9999999999995,swap,improve
5428,6,1090.7000000000012,6,746.9999999999995,2opt,improve
5429,6,1090.7000000000012,6,746.9999999999995,swap,improve
5430,6,1090.7000000000012,6,746.9999999999995,swap,improve
5431,6,1090.7000000000012,6,746.9999999999995,swap,improve
5432,6,1090.7000000000012,6,746.9999999999995,move,improve
5433,6,1090.7000000000012,6,746.9999999999995,move,improve
5434,6,1090.7000000000012,6,746.9999999999995,move,improve
5435,6,1090.7000000000012,6,746.9999999999995,2opt,notBad
5436,6,1090.7000000000012,6,746.9999999999995,2opt,improve
5437,6,1090.7000000000012,6,746.9999999999995,swap,notBad
5438,6,1090.7000000000012,6,746.9999999999995,swap,improve
5439,6,1090.7000000000012,6,746.9999999999995,move,improve
5440,6,1090.7000000000012,6,746.9999999999995,2opt,notBad
5441,6,1090.7000000000012,6,746.9999999999995,swap,improve
5442,6,1090.7000000000012,6,746.9999999999995,move,improve
5443,6,1090.7000000000012,6,746.9999999999995,2opt,improve
5444,6,1090.7000000000012,6,746.9999999999995,swap,improve
5445,6,1090.7000000000012,6,746.9999999999995,move,improve
5446,6,1090.7000000000012,6,746.9999999999995,move,improve
5447,6,1090.7000000000012,6,746.9999999999995,2opt,improve
5448,6,1090.7000000000012,6,746.9999999999995,move,improve
5449,6,1090.7000000000012,6,746.9999999999995,2opt,notBad
5450,6,1090.7000000000012,6,746.9999999999995,swap,improve
5451,6,1090.7000000000012,6,746.9999999999995,2opt,improve
5452,6,1090.7000000000012,6,746.9999999999995,swap,improve
5453,6,1090.7000000000012,6,746.9999999999995,2opt,improve
5454,6,1090.7000000000012,6,746.9999999999995,swap,improve
5455,6,1090.7000000000012,6,746.9999999999995,2opt,improve
5456,6,1090.7000000000012,6,746.9999999999995,swap,improve
5457,6,1090.7000000000012,6,746.9999999999995,2opt,improve
5458,6,1090.7000000000012,6,746.9999999999995,move,improve
5459,6,1090.7000000000012,6,746.9999999999995,swap,improve
5460,6,1090.7000000000012,6,746.9999999999995,swap,improve
5461,6,1090.7000000000012,6,746.9999999999995,swap,improve
5462,6,1090.7000000000012,6,746.9999999999995,move,improve
5463,6,1090.7000000000012,6,746.9999999999995,move,improve
5464,6,1090.7000000000012,6,746.9999999999995,move,improve
5465,6,1090.7000000000012,6,746.9999999999995,2opt,improve
5466,6,1090.7000000000012,6,746.9999999999995,swap,improve
5467,6,1090.7000000000012,6,746.9999999999995,move,improve
5468,6,1090.7000000000012,6,746.9999999999995,swap,improve
5469,6,1090.7000000000012,6,746.9999999999995,swap,improve
5470,6,1090.7000000000012,6,746.9999999999995,2opt,notBad
5471,6,1090.7000000000012,6,746.9999999999995,2opt,notBad
5472,6,1090.7000000000012,6,746.9999999999995,swap,improve
5473,6,1090.7000000000012,6,746.9999999999995,2opt,improve
5474,6,1090.7000000000012,6,746.9999999999995,move,improve
5475,6,1090.7000000000012,6,746.9999999999995,move,improve
5476,6,1090.7000000000012,6,746.9999999999995,swap,improve
5477,6,1090.7000000000012,6,746.9999999999995,2opt,notBad
5478,6,1090.7000000000012,6,746.9999999999995,swap,improve
5479,6,1090.7000000000012,6,746.9999999999995,swap,improve
5480,6,1090.7000000000012,6,746.9999999999995,2opt,improve
5481,6,1090.7000000000012,6,746.9999999999995,swap,improve
5482,6,1090.7000000000012,6,746.9999999999995,2opt,improve
5483,6,1090.7000000000012,6,746.9999999999995,2opt,improve
5484,6,1090.7000000000012,6,746.9999999999995,2opt,improve
5485,6,1090.7000000000012,6,746.9999999999995,swap,improve
5486,6,1090.7000000000012,6,746.9999999999995,move,improve
5487,6,1090.7000000000012,6,746.9999999999995,swap,improve
5488,6,1553.3000000000006,6,746.9999999999995,swap,acceptBad
5489,6,1553.3000000000006,6,746.9999999999995,swap,improve
5490,6,1553.3000000000006,6,746.9999999999995,move,improve
5491,6,1553.3000000000006,6,746.9999999999995,swap,improve
5492,6,1535.3000000000006,6,746.9999999999995,move,improve
5493,6,1535.3000000000006,6,746.9999999999995,2opt,improve
5494,6,1535.3000000000006,6,746.9999999999995,swap,improve
5495,6,1060.7000000000012,6,746.9999999999995,swap,improve
5496,6,1060.7000000000012,6,746.9999999999995,2opt,improve
5497,6,924.7000000000021,6,746.9999999999995,move,improve
5498,6,924.7000000000021,6,746.9999999999995,2opt,improve
5499,6,924.7000000000021,6,746.9999999999995,swap,improve
5500,6,924.7000000000021,6,746.9999999999995,move,improve
5501,6,924.7000000000021,6,746.9999999999995,swap,notBad
5502,6,924.7000000000021,6,746.9999999999995,2opt,notBad
5503,6,924.7000000000021,6,746.9999999999995,move,improve
5504,6,924.7000000000021,6,746.9999999999995,2opt,improve
5505,6,924.7000000000021,6,746.9999999999995,move,improve
5506,6,924.7000000000021,6,746.9999999999995,swap,improve
5507,6,924.7000000000021,6,746.9999999999995,2opt,improve
5508,6,924.7000000000021,6,746.9999999999995,2opt,improve
5509,6,866.0999999999999,6,746.9999999999995,move,improve
5510,6,879.5000000000005,6,746.9999999999995,swap,acceptBad
5511,6,879.5000000000005,6,746.9999999999995,swap,improve
5512,6,879.5000000000005,6,746.9999999999995,swap,improve
5513,6,879.5000000000005,6,746.9999999999995,2opt,notBad
5514,6,879.5000000000005,6,746.9999999999995,2opt,improve
5515,6,879.5000000000005,6,746.9999999999995,move,improve
5516,6,879.5000000000005,6,746.9999999999995,swap,improve
5517,6,879.5000000000005,6,746.9999999999995,2opt,notBad
5518,6,879.5000000000005,6,746.9999999999995,swap,notBad
5519,6,879.5000000000005,6,746.9999999999995,2opt,improve
5520,6,879.5000000000005,6,746.9999999999995,move,improve
5521,6,879.5000000000005,6,746.9999999999995,swap,improve
5522,6,879.5000000000005,6,746.9999999999995,swap,improve
5523,6,879.5000000000005,6,746.9999999999995,2opt,notBad
5524,6,879.5000000000005,6,746.9999999999995,swap,improve
5525,6,879.5000000000005,6,746.9999999999995,swap,improve
5526,6,879.5000000000005,6,746.9999999999995,swap,notBad
5527,6,933.2000000000003,6,746.9999999999995,swap,acceptBad
5528,6,933.2000000000003,6,746.9999999999995,move,improve
5529,6,933.2000000000003,6,746.9999999999995,move,improve
5530,6,933.2000000000003,6,746.9999999999995,move,improve
5531,6,933.2000000000003,6,746.9999999999995,2opt,improve
5532,6,933.2000000000003,6,746.9999999999995,2opt,notBad
5533,6,933.2000000000003,6,746.9999999999995,2opt,notBad
5534,6,933.2000000000003,6,746.9999999999995,2opt,improve
5535,6,933.2000000000003,6,746.9999999999995,2opt,improve
5536,6,933.2000000000003,6,746.9999999999995,2opt,improve
5537,6,933.2000000000003,6,746.9999999999995,swap,improve
5538,6,933.2000000000003,6,746.9999999999995,2opt,improve
5539,6,933.2000000000003,6,746.9999999999995,2opt,notBad
5540,6,933.2000000000003,6,746.9999999999995,move,improve
5541,6,933.2000000000003,6,746.9999999999995,swap,improve
5542,6,933.2000000000003,6,746.9999999999995,swap,notBad
5543,6,933.2000000000003,6,746.9999999999995,move,improve
5544,6,933.2000000000003,6,746.9999999999995,move,improve
5545,6,933.2000000000003,6,746.9999999999995,swap,improve
5546,6,933.2000000000003,6,746.9999999999995,move,improve
5547,6,933.2000000000003,6,746.9999999999995,2opt,improve
5548,6,933.2000000000003,6,746.9999999999995,swap,improve
5549,6,933.2000000000003,6,746.9999999999995,move,improve
5550,6,933.2000000000003,6,746.9999999999995,2opt,improve
5551,6,933.2000000000003,6,746.9999999999995,move,improve
5552,6,933.2000000000003,6,746.9999999999995,2opt,notBad
5553,6,933.2000000000003,6,746.9999999999995,move,improve
5554,6,933.2000000000003,6,746.9999999999995,2opt,notBad
5555,6,933.2000000000003,6,746.9999999999995,move,improve
5556,6,978.6000000000004,6,746.9999999999995,swap,acceptBad
5557,6,978.6000000000004,6,746.9999999999995,move,improve
5558,6,978.6000000000004,6,746.9999999999995,move,improve
5559,6,978.6000000000004,6,746.9999999999995,move,improve
5560,6,978.6000000000004,6,746.9999999999995,2opt,improve
5561,6,978.6000000000004,6,746.9999999999995,swap,notBad
5562,6,978.6000000000004,6,746.9999999999995,2opt,notBad
5563,6,978.6000000000004,6,746.9999999999995,swap,notBad
5564,6,978.6000000000004,6,746.9999999999995,swap,improve
5565,6,978.6000000000004,6,746.9999999999995,move,improve
5566,6,992.9000000000001,6,746.9999999999995,swap,acceptBad
5567,6,992.9000000000001,6,746.9999999999995,swap,improve
5568,6,992.9000000000001,6,746.9999999999995,swap,improve
5569,6,1157.9,6,746.9999999999995,swap,acceptBad
5570,6,1157.9,6,746.9999999999995,swap,improve
5571,6,1157.9,6,746.9999999999995,move,improve
5572,6,1157.9,6,746.9999999999995,swap,improve
5573,6,1157.9,6,746.9999999999995,2opt,improve
5574,6,1157.9,6,746.9999999999995,swap,improve
5575,6,1157.9,6,746.9999999999995,2opt,notBad
5576,6,1157.9,6,746.9999999999995,move,improve
5577,6,1157.9,6,746.9999999999995,2opt,improve
5578,6,1157.9,6,746.9999999999995,move,improve
5579,6,1157.9,6,746.9999999999995,2opt,notBad
5580,6,1157.9,6,746.9999999999995,move,improve
5581,6,1157.9,6,746.9999999999995,swap,improve
5582,6,1157.9,6,746.9999999999995,move,improve
5583,6,1157.9,6,746.9999999999995,move,improve
5584,6,1157.9,6,746.9999999999995,swap,improve
5585,6,1157.9,6,746.9999999999995,2opt,notBad
5586,6,1157.9,6,746.9999999999995,2opt,improve
5587,6,1157.9,6,746.9999999999995,swap,notBad
5588,6,1157.9,6,746.9999999999995,swap,improve
5589,6,1157.9,6,746.9999999999995,move,improve
5590,6,1157.9,6,746.9999999999995,move,improve
5591,6,1157.9,6,746.9999999999995,move,improve
5592,6,1157.9,6,746.9999999999995,2opt,improve
5593,6,1157.9,6,746.9999999999995,2opt,notBad
5594,6,1157.9,6,746.9999999999995,move,improve
5595,6,1157.9,6,746.9999999999995,swap,improve
5596,6,1177.7000000000012,6,746.9999999999995,2opt,acceptBad
5597,6,1177.7000000000012,6,746.9999999999995,move,improve
5598,6,1177.7000000000012,6,746.9999999999995,2opt,improve
5599,6,1177.7000000000012,6,746.9999999999995,2opt,improve
5600,6,1177.7000000000012,6,746.9999999999995,swap,improve
5601,6,1070.7000000000003,6,746.9999999999995,move,improve
5602,6,1070.7000000000003,6,746.9999999999995,move,improve
5603,6,1070.7000000000003,6,746.9999999999995,swap,improve
5604,6,1070.7000000000003,6,746.9999999999995,move,improve
5605,6,1070.7000000000003,6,746.9999999999995,2opt,notBad
5606,6,1070.7000000000003,6,746.9999999999995,2opt,notBad
5607,6,1070.7000000000003,6,746.9999999999995,2opt,notBad
5608,6,1070.7000000000003,6,746.9999999999995,swap,improve
5609,6,1095.4,6,746.9999999999995,swap,acceptBad
5610,6,1095.4,6,746.9999999999995,2opt,notBad
5611,6,1095.4,6,746.9999999999995,2opt,notBad
5612,6,1095.4,6,746.9999999999995,move,improve
5613,6,1095.4,6,746.9999999999995,move,improve
5614,6,1095.4,6,746.9999999999995,2opt,improve
5615,6,1095.4,6,746.9999999999995,move,improve
5616,6,1095.4,6,746.9999999999995,2opt,notBad
5617,6,1095.4,6,746.9999999999995,2opt,notBad
5618,6,1095.4,6,746.9999999999995,move,improve
5619,6,1095.4,6,746.9999999999995,2opt,notBad
5620,6,1095.4,6,746.9999999999995,2opt,improve
5621,6,1095.4,6,746.9999999999995,move,improve
5622,6,1095.4,6,746.9999999999995,move,improve
5623,6,1095.4,6,746.9999999999995,2opt,notBad
5624,6,1095.4,6,746.9999999999995,swap,notBad
5625,6,1095.4,6,746.9999999999995,2opt,improve
5626,6,1095.4,6,746.9999999999995,swap,improve
5627,6,1095.4,6,746.9999999999995,move,improve
5628,6,1095.4,6,746.9999999999995,swap,notBad
5629,6,1095.4,6,746.9999999999995,2opt,improve
5630,6,1095.4,6,746.9999999999995,2opt,notBad
5631,6,1095.4,6,746.9999999999995,move,improve
5632,6,1095.4,6,746.9999999999995,2opt,notBad
5633,6,1095.4,6,746.9999999999995,2opt,improve
5634,6,1095.4,6,746.9999999999995,2opt,notBad
5635,6,1095.4,6,746.9999999999995,swap,improve
5636,6,1095.4,6,746.9999999999995,2opt,improve
5637,6,1073.3999999999996,6,746.9999999999995,swap,improve
5638,6,1073.3999999999996,6,746.9999999999995,swap,improve
5639,6,1073.3999999999996,6,746.9999999999995,2opt,notBad
5640,6,1073.3999999999996,6,746.9999999999995,move,improve
5641,6,1073.3999999999996,6,746.9999999999995,2opt,notBad
5642,6,1073.3999999999996,6,746.9999999999995,swap,improve
5643,6,1073.3999999999996,6,746.9999999999995,2opt,improve
5644,6,1073.3999999999996,6,746.9999999999995,move,improve
5645,6,879.1999999999994,6,746.9999999999995,swap,improve
5646,6,879.1999999999994,6,746.9999999999995,move,improve
5647,6,879.1999999999994,6,746.9999999999995,2opt,improve
5648,6,879.1999999999994,6,746.9999999999995,swap,notBad
5649,6,879.1999999999994,6,746.9999999999995,swap,notBad
5650,6,879.1999999999994,6,746.9999999999995,move,improve
5651,6,880.9999999999995,6,746.9999999999995,2opt,acceptBad
5652,6,880.9999999999995,6,746.9999999999995,move,improve
5653,6,880.9999999999995,6,746.9999999999995,swap,notBad
5654,6,757.5000000000005,6,746.9999999999995,move,improve
5655,6,757.5000000000005,6,746.9999999999995,2opt,improve
5656,6,751.4999999999991,6,746.9999999999995,move,improve
5657,6,751.4999999999991,6,746.9999999999995,2opt,improve
5658,6,751.4999999999991,6,746.9999999999995,swap,improve
5659,6,751.4999999999991,6,746.9999999999995,move,improve
5660,6,751.4999999999991,6,746.9999999999995,move,improve
5661,6,751.4999999999991,6,746.9999999999995,2opt,notBad
5662,6,751.4999999999991,6,746.9999999999995,move,improve
5663,6,751.4999999999991,6,746.9999999999995,swap,improve
5664,6,751.4999999999991,6,746.9999999999995,swap,notBad
5665,6,751.4999999999991,6,746.9999999999995,2opt,improve
5666,6,751.4999999999991,6,746.9999999999995,2opt,notBad
5667,6,751.4999999999991,6,746.9999999999995,2opt,improve
5668,6,751.4999999999991,6,746.9999999999995,move,improve
5669,6,751.4999999999991,6,746.9999999999995,move,improve
5670,6,751.4999999999991,6,746.9999999999995,move,improve
5671,6,751.4999999999991,6,746.9999999999995,move,improve
5672,6,751.4999999999991,6,746.9999999999995,move,improve
5673,6,751.4999999999991,6,746.9999999999995,move,improve
5674,6,751.4999999999991,6,746.9999999999995,move,improve
5675,6,751.4999999999991,6,746.9999999999995,move,improve
5676,6,751.4999999999991,6,746.9999999999995,swap,improve
5677,6,751.4999999999991,6,746.9999999999995,2opt,improve
5678,6,751.4999999999991,6,746.9999999999995,swap,notBad
5679,6,719.5,6,719.5,2opt,newBest
5680,6,719.5,6,719.5,2opt,notBad
5681,6,719.5,6,719.5,2opt,notBad
5682,6,719.5,6,719.5,swap,improve
5683,6,719.5,6,719.5,2opt,improve
5684,6,719.5,6,719.5,2opt,improve
5685,6,719.5,6,719.5,move,improve
5686,6,719.5,6,719.5,swap,notBad
5687,6,719.5,6,719.5,swap,improve
5688,6,719.5,6,719.5,swap,improve
5689,6,719.5,6,719.5,swap,improve
5690,6,719.5,6,719.5,swap,improve
5691,6,719.5,6,719.5,swap,improve
5692,6,719.5,6,719.5,2opt,improve
5693,6,719.5,6,719.5,2opt,improve
5694,6,719.5,6,719.5,swap,improve
5695,6,719.5,6,719.5,2opt,improve
5696,6,719.5,6,719.5,swap,improve
5697,6,719.5,6,719.5,move,improve
5698,6,719.5,6,719.5,move,improve
5699,6,719.5,6,719.5,2opt,notBad
5700,6,719.5,6,719.5,move,improve
5701,6,719.5,6,719.5,swap,improve
5702,6,719.5,6,719.5,move,improve
5703,6,719.5,6,719.5,2opt,improve
5704,6,719.5,6,719.5,move,improve
5705,6,719.5,6,719.5,swap,notBad
5706,6,719.5,6,719.5,swap,improve
5707,6,719.5,6,719.5,swap,notBad
5708,6,719.5,6,719.5,swap,improve
5709,6,719.5,6,719.5,2opt,improve
5710,6,719.5,6,719.5,move,improve
5711,6,719.5,6,719.5,swap,improve
5712,6,719.5,6,719.5,swap,improve
5713,6,719.5,6,719.5,swap,improve
5714,6,719.5,6,719.5,2opt,improve
5715,6,719.5,6,719.5,2opt,improve
5716,6,719.5,6,719.5,move,improve
5717,6,719.5,6,719.5,2opt,improve
5718,6,719.5,6,719.5,2opt,improve
5719,6,719.5,6,719.5,2opt,improve
5720,6,719.5,6,719.5,move,improve
5721,6,719.5,6,719.5,move,improve
5722,6,719.5,6,719.5,swap,improve
5723,6,719.5,6,719.5,2opt,improve
5724,6,719.5,6,719.5,2opt,improve
5725,6,719.5,6,719.5,swap,improve
5726,6,719.5,6,719.5,move,improve
5727,6,719.5,6,719.5,2opt,notBad
5728,6,719.5,6,719.5,move,improve
5729,6,719.5,6,719.5,swap,improve
5730,6,719.5,6,719.5,swap,notBad
5731,6,719.5,6,719.5,2opt,improve
5732,6,719.5,6,719.5,2opt,notBad
5733,6,719.5,6,719.5,2opt,improve
5734,6,719.5,6,719.5,swap,notBad
5735,6,719.5,6,719.5,swap,improve
5736,6,719.5,6,719.5,2opt,notBad
5737,6,793.4999999999995,6,719.5,swap,acceptBad
5738,6,793.4999999999995,6,719.5,2opt,improve
5739,6,793.4999999999995,6,719.5,2opt,notBad
5740,6,793.4999999999995,6,719.5,move,improve
5741,6,793.4999999999995,6,719.5,2opt,notBad
5742,6,793.4999999999995,6,719.5,move,improve
5743,6,793.4999999999995,6,719.5,swap,notBad
5744,6,1075.5,6,719.5,swap,acceptBad
5745,6,1075.5,6,719.5,2opt,notBad
5746,6,1075.5,6,719.5,move,improve
5747,6,1075.5,6,719.5,2opt,notBad
5748,6,1075.5,6,719.5,move,improve
5749,6,1075.5,6,719.5,move,improve
5750,6,1075.5,6,719.5,swap,improve
5751,6,1075.5,6,719.5,move,improve
5752,6,1075.5,6,719.5,move,improve
5753,6,1075.5,6,719.5,2opt,improve
5754,6,1075.5,6,719.5,move,improve
5755,6,1075.5,6,719.5,move,improve
5756,6,1075.5,6,719.5,move,improve
5757,6,1075.5,6,719.5,swap,improve
5758,6,1075.5,6,719.5,2opt,notBad
5759,6,1075.5,6,719.5,move,improve
5760,6,1075.5,6,719.5,move,improve
5761,6,1075.5,6,719.5,swap,improve
5762,6,1075.5,6,719.5,2opt,improve
5763,6,1075.5,6,719.5,swap,improve
5764,6,1075.5,6,719.5,move,improve
5765,6,1075.5,6,719.5,2opt,notBad
5766,6,1075.5,6,719.5,move,improve
5767,6,1075.5,6,719.5,swap,notBad
5768,6,793.4999999999995,6,719.5,2opt,improve
5769,6,793.4999999999995,6,719.5,swap,improve
5770,6,793.4999999999995,6,719.5,2opt,notBad
5771,6,793.4999999999995,6,719.5,swap,improve
5772,6,719.5,6,719.5,swap,improve
5773,6,719.5,6,719.5,swap,improve
5774,6,719.5,6,719.5,2opt,notBad
5775,6,676.2999999999997,6,676.2999999999997,move,newBest
5776,6,676.2999999999997,6,676.2999999999997,swap,improve
5777,6,676.2999999999997,6,676.2999999999997,2opt,notBad
5778,6,676.2999999999997,6,676.2999999999997,move,improve
5779,6,676.2999999999997,6,676.2999999999997,2opt,improve
5780,6,719.5,6,676.2999999999997,swap,acceptBad
5781,6,719.5,6,676.2999999999997,move,improve
5782,6,719.5,6,676.2999999999997,swap,improve
5783,6,719.5,6,676.2999999999997,move,improve
5784,6,719.5,6,676.2999999999997,swap,notBad
5785,6,719.5,6,676.2999999999997,move,improve
5786,6,719.5,6,676.2999999999997,2opt,improve
5787,6,719.5,6,676.2999999999997,2opt,notBad
5788,6,719.5,6,676.2999999999997,move,improve
5789,6,719.5,6,676.2999999999997,swap,improve
5790,6,719.5,6,676.2999999999997,swap,improve
5791,6,719.5,6,676.2999999999997,2opt,improve
5792,6,719.5,6,676.2999999999997,move,improve
5793,6,719.5,6,676.2999999999997,move,improve
5794,6,719.5,6,676.2999999999997,move,improve
5795,6,719.5,6,676.2999999999997,swap,notBad
5796,6,719.5,6,676.2999999999997,move,improve
5797,6,719.5,6,676.2999999999997,move,improve
5798,6,719.5,6,676.2999999999997,move,improve
5799,6,719.5,6,676.2999999999997,swap,notBad
5800,6,719.5,6,676.2999999999997,swap,improve
5801,6,719.5,6,676.2999999999997,swap,improve
5802,6,719.5,6,676.2999999999997,swap,improve
5803,6,719.5,6,676.2999999999997,2opt,notBad
5804,6,719.5,6,676.2999999999997,move,improve
5805,6,719.5,6,676.2999999999997,move,improve
5806,6,719.5,6,676.2999999999997,move,improve
5807,6,719.5,6,676.2999999999997,move,improve
5808,6,719.5,6,676.2999999999997,2opt,notBad
5809,6,719.5,6,676.2999999999997,2opt,notBad
5810,6,719.5,6,676.2999999999997,move,improve
5811,6,719.5,6,676.2999999999997,2opt,notBad
5812,6,719.5,6,676.2999999999997,2opt,notBad
5813,6,719.5,6,676.2999999999997,2opt,improve
5814,6,719.5,6,676.2999999999997,move,improve
5815,6,719.5,6,676.2999999999997,move,improve
5816,6,719.5,6,676.2999999999997,2opt,notBad
5817,6,719.5,6,676.2999999999997,2opt,notBad
5818,6,719.5,6,676.2999999999997,2opt,notBad
5819,6,719.5,6,676.2999999999997,move,improve
5820,6,719.5,6,676.2999999999997,move,improve
5821,6,719.5,6,676.2999999999997,2opt,improve
5822,6,719.5,6,676.2999999999997,move,improve
5823,6,719.5,6,676.2999999999997,move,improve
5824,6,719.5,6,676.2999999999997,move,improve
5825,6,719.5,6,676.2999999999997,swap,notBad
5826,6,719.5,6,676.2999999999997,move,improve
5827,6,719.5,6,676.2999999999997,2opt,improve
5828,6,719.5,6,676.2999999999997,2opt,improve
5829,6,719.5,6,676.2999999999997,2opt,notBad
5830,6,719.5,6,676.2999999999997,move,improve
5831,6,719.5,6,676.2999999999997,2opt,notBad
5832,6,719.5,6,676.2999999999997,2opt,improve
5833,6,719.5,6,676.2999999999997,move,improve
5834,6,719.5,6,676.2999999999997,move,improve
5835,6,719.5,6,676.2999999999997,swap,notBad
5836,6,719.5,6,676.2999999999997,2opt,notBad
5837,6,719.5,6,676.2999999999997,swap,notBad
5838,6,719.5,6,676.2999999999997,move,improve
5839,6,719.5,6,676.2999999999997,move,improve
5840,6,719.5,6,676.2999999999997,swap,improve
5841,6,719.5,6,676.2999999999997,swap,improve
5842,6,719.5,6,676.2999999999997,move,improve
5843,6,719.5,6,676.2999999999997,move,improve
5844,6,719.5,6,676.2999999999997,2opt,improve
5845,6,719.5,6,676.2999999999997,swap,notBad
5846,6,719.5,6,676.2999999999997,swap,notBad
5847,6,719.5,6,676.2999999999997,move,improve
5848,6,719.5,6,676.2999999999997,2opt,notBad
5849,6,719.5,6,676.2999999999997,swap,improve
5850,6,719.5,6,676.2999999999997,swap,improve
5851,6,719.5,6,676.2999999999997,move,improve
5852,6,719.5,6,676.2999999999997,move,improve
5853,6,719.5,6,676.2999999999997,swap,improve
5854,6,1002.4999999999982,6,676.2999999999997,swap,acceptBad
5855,6,1002.4999999999982,6,676.2999999999997,move,improve
5856,6,1002.4999999999982,6,676.2999999999997,2opt,improve
5857,6,1002.4999999999982,6,676.2999999999997,swap,improve
5858,6,1002.4999999999982,6,676.2999999999997,2opt,improve
5859,6,1002.4999999999982,6,676.2999999999997,swap,improve
5860,6,1002.4999999999982,6,676.2999999999997,move,improve
5861,6,992.0999999999981,6,676.2999999999997,swap,improve
5862,6,992.0999999999981,6,676.2999999999997,2opt,improve
5863,6,992.0999999999981,6,676.2999999999997,swap,improve
5864,6,992.0999999999981,6,676.2999999999997,move,improve
5865,6,992.0999999999981,6,676.2999999999997,move,improve
5866,6,992.0999999999981,6,676.2999999999997,move,improve
5867,6,992.0999999999981,6,676.2999999999997,move,improve
5868,6,992.0999999999981,6,676.2999999999997,2opt,improve
5869,6,992.0999999999981,6,676.2999999999997,swap,improve
5870,6,992.0999999999981,6,676.2999999999997,swap,notBad
5871,6,992.0999999999981,6,676.2999999999997,move,improve
5872,6,992.0999999999981,6,676.2999999999997,move,improve
5873,6,992.0999999999981,6,676.2999999999997,move,improve
5874,6,992.0999999999981,6,676.2999999999997,move,improve
5875,6,992.0999999999981,6,676.2999999999997,2opt,improve
5876,6,992.0999999999981,6,676.2999999999997,move,notBad
5877,6,992.0999999999981,6,676.2999999999997,move,improve
5878,6,992.0999999999981,6,676.2999999999997,2opt,notBad
5879,6,992.0999999999981,6,676.2999999999997,2opt,improve
5880,6,992.0999999999981,6,676.2999999999997,2opt,improve
5881,6,992.0999999999981,6,676.2999999999997,move,improve
5882,6,992.0999999999981,6,676.2999999999997,swap,improve
5883,6,992.0999999999981,6,676.2999999999997,move,improve
5884,6,992.0999999999981,6,676.2999999999997,swap,notBad
5885,6,992.0999999999981,6,676.2999999999997,2opt,notBad
5886,6,992.0999999999981,6,676.2999999999997,swap,improve
5887,6,992.0999999999981,6,676.2999999999997,move,improve
5888,6,992.0999999999981,6,676.2999999999997,swap,improve
5889,6,992.0999999999981,6,676.2999999999997,move,improve
5890,6,992.0999999999981,6,676.2999999999997,swap,notBad
5891,6,992.0999999999981,6,676.2999999999997,move,improve
5892,6,992.0999999999981,6,676.2999999999997,swap,improve
5893,6,992.0999999999981,6,676.2999999999997,move,improve
5894,6,992.0999999999981,6,676.2999999999997,move,improve
5895,6,992.0999999999981,6,676.2999999999997,swap,improve
5896,6,992.0999999999981,6,676.2999999999997,move,improve
5897,6,992.0999999999981,6,676.2999999999997,2opt,notBad
5898,6,992.0999999999981,6,676.2999999999997,move,improve
5899,6,992.0999999999981,6,676.2999999999997,2opt,notBad
5900,6,992.0999999999981,6,676.2999999999997,swap,improve
5901,6,992.0999999999981,6,676.2999999999997,swap,improve
5902,6,992.0999999999981,6,676.2999999999997,2opt,notBad
5903,6,992.0999999999981,6,676.2999999999997,2opt,notBad
5904,6,992.0999999999981,6,676.2999999999997,move,improve
5905,6,992.0999999999981,6,676.2999999999997,move,improve
5906,6,992.0999999999981,6,676.2999999999997,swap,improve
5907,6,992.0999999999981,6,676.2999999999997,2opt,notBad
5908,6,992.0999999999981,6,676.2999999999997,move,improve
5909,6,992.0999999999981,6,676.2999999999997,move,improve
5910,6,992.0999999999981,6,676.2999999999997,swap,improve
5911,6,992.0999999999981,6,676.2999999999997,2opt,improve
5912,6,992.0999999999981,6,676.2999999999997,swap,improve
5913,6,992.0999999999981,6,676.2999999999997,move,improve
5914,6,992.0999999999981,6,676.2999999999997,swap,improve
5915,6,992.0999999999981,6,676.2999999999997,swap,improve
5916,6,992.0999999999981,6,676.2999999999997,swap,improve
5917,6,992.0999999999981,6,676.2999999999997,swap,improve
5918,6,992.0999999999981,6,676.2999999999997,2opt,notBad
5919,6,992.0999999999981,6,676.2999999999997,move,improve
5920,6,992.0999999999981,6,676.2999999999997,2opt,improve
5921,6,1055.1,6,676.2999999999997,swap,acceptBad
5922,6,1055.1,6,676.2999999999997,2opt,improve
5923,6,1055.1,6,676.2999999999997,2opt,notBad
5924,6,1055.1,6,676.2999999999997,2opt,improve
5925,6,1055.1,6,676.2999999999997,2opt,improve
5926,6,1055.1,6,676.2999999999997,2opt,improve
5927,6,1055.1,6,676.2999999999997,move,improve
5928,6,1055.1,6,676.2999999999997,2opt,notBad
5929,6,1055.1,6,676.2999999999997,swap,notBad
5930,6,1055.1,6,676.2999999999997,2opt,improve
5931,6,1055.1,6,676.2999999999997,move,improve
5932,6,1055.1,6,676.2999999999997,2opt,notBad
5933,6,1055.1,6,676.2999999999997,move,improve
5934,6,1055.1,6,676.2999999999997,swap,improve
5935,6,1055.1,6,676.2999999999997,move,improve
5936,6,1055.1,6,676.2999999999997,move,improve
5937,6,1055.1,6,676.2999999999997,2opt,improve
5938,6,1055.1,6,676.2999999999997,move,improve
5939,6,1055.1,6,676.2999999999997,move,improve
5940,6,1055.1,6,676.2999999999997,swap,notBad
5941,6,1055.1,6,676.2999999999997,2opt,notBad
5942,6,1055.1,6,676.2999999999997,2opt,notBad
5943,6,1055.1,6,676.2999999999997,2opt,notBad
5944,6,1055.1,6,676.2999999999997,2opt,notBad
5945,6,1055.1,6,676.2999999999997,2opt,improve
5946,6,1055.1,6,676.2999999999997,2opt,improve
5947,6,1270.5,6,676.2999999999997,swap,acceptBad
5948,6,1270.5,6,676.2999999999997,2opt,improve
5949,6,1270.5,6,676.2999999999997,2opt,notBad
5950,6,1270.5,6,676.2999999999997,2opt,notBad
5951,6,1270.5,6,676.2999999999997,swap,improve
5952,6,1270.5,6,676.2999999999997,2opt,notBad
5953,6,1270.5,6,676.2999999999997,move,improve
5954,6,1270.5,6,676.2999999999997,swap,improve
5955,6,1270.5,6,676.2999999999997,swap,improve
5956,6,1270.5,6,676.2999999999997,move,improve
5957,6,1270.5,6,676.2999999999997,move,improve
5958,6,1270.5,6,676.2999999999997,2opt,improve
5959,6,1270.5,6,676.2999999999997,swap,improve
5960,6,1270.5,6,676.2999999999997,move,improve
5961,6,1270.5,6,676.2999999999997,2opt,notBad
5962,6,1270.5,6,676.2999999999997,swap,improve
5963,6,1270.5,6,676.2999999999997,swap,improve
5964,6,1270.5,6,676.2999999999997,2opt,improve
5965,6,1270.5,6,676.2999999999997,2opt,notBad
5966,6,1270.5,6,676.2999999999997,2opt,improve
5967,6,1270.5,6,676.2999999999997,2opt,notBad
5968,6,1270.5,6,676.2999999999997,2opt,notBad
5969,6,1270.5,6,676.2999999999997,move,improve
5970,6,1270.5,6,676.2999999999997,move,improve
5971,6,1270.5,6,676.2999999999997,2opt,notBad
5972,6,1270.5,6,676.2999999999997,2opt,improve
5973,6,1270.5,6,676.2999999999997,swap,improve
5974,6,1270.5,6,676.2999999999997,2opt,improve
5975,6,1270.5,6,676.2999999999997,swap,notBad
5976,6,1270.5,6,676.2999999999997,swap,improve
5977,6,1270.5,6,676.2999999999997,move,improve
5978,6,1270.5,6,676.2999999999997,2opt,notBad
5979,6,1270.5,6,676.2999999999997,swap,improve
5980,6,1270.5,6,676.2999999999997,move,improve
5981,6,1270.5,6,676.2999999999997,2opt,notBad
5982,6,1270.5,6,676.2999999999997,2opt,notBad
5983,6,1270.5,6,676.2999999999997,swap,improve
5984,6,1270.5,6,676.2999999999997,swap,notBad
5985,6,1270.5,6,676.2999999999997,2opt,notBad
5986,6,1270.5,6,676.2999999999997,2opt,notBad
5987,6,1270.5,6,676.2999999999997,swap,notBad
5988,6,1270.5,6,676.2999999999997,2opt,notBad
5989,6,1270.5,6,676.2999999999997,2opt,notBad
5990,6,1270.5,6,676.2999999999997,swap,improve
5991,6,1270.5,6,676.2999999999997,swap,notBad
5992,6,1270.5,6,676.2999999999997,swap,improve
5993,6,1270.5,6,676.2999999999997,swap,improve
5994,6,1270.5,6,676.2999999999997,2opt,improve
5995,6,1270.5,6,676.2999999999997,swap,improve
5996,6,1270.5,6,676.2999999999997,move,improve
5997,6,1270.5,6,676.2999999999997,2opt,notBad
5998,6,1270.5,6,676.2999999999997,move,improve
5999,6,1270.5,6,676.2999999999997,swap,improve
6000,6,1270.5,6,676.2999999999997,2opt,improve
6001,6,1270.5,6,676.2999999999997,move,improve
6002,6,1270.5,6,676.2999999999997,swap,improve
6003,6,1252.8999999999987,6,676.2999999999997,swap,improve
6004,6,1252.8999999999987,6,676.2999999999997,swap,improve
6005,6,1270.5,6,676.2999999999997,2opt,acceptBad
6006,6,1270.5,6,676.2999999999997,2opt,improve
6007,6,1270.5,6,676.2999999999997,2opt,notBad
6008,6,1270.5,6,676.2999999999997,swap,notBad
6009,6,1270.5,6,676.2999999999997,2opt,improve
6010,6,1270.5,6,676.2999999999997,swap,improve
6011,6,1270.5,6,676.2999999999997,move,improve
6012,6,1270.5,6,676.2999999999997,swap,improve
6013,6,1270.5,6,676.2999999999997,move,improve
6014,6,1270.5,6,676.2999999999997,swap,improve
6015,6,1270.5,6,676.2999999999997,move,improve
6016,6,1270.5,6,676.2999999999997,move,improve
6017,6,1270.5,6,676.2999999999997,move,improve
6018,6,1270.5,6,676.2999999999997,swap,notBad
6019,6,1270.5,6,676.2999999999997,swap,notBad
6020,6,1270.5,6,676.2999999999997,swap,improve
6021,6,1270.5,6,676.2999999999997,move,improve
6022,6,1270.5,6,676.2999999999997,swap,improve
6023,6,1270.5,6,676.2999999999997,2opt,improve
6024,6,1096.2999999999997,6,676.2999999999997,move,improve
6025,6,1096.2999999999997,6,676.2999999999997,swap,improve
6026,6,1096.2999999999997,6,676.2999999999997,swap,improve
6027,6,1096.2999999999997,6,676.2999999999997,swap,improve
6028,6,1096.2999999999997,6,676.2999999999997,2opt,improve
6029,6,1096.2999999999997,6,676.2999999999997,swap,improve
6030,6,1096.2999999999997,6,676.2999999999997,move,improve
6031,6,1096.2999999999997,6,676.2999999999997,swap,improve
6032,6,1096.2999999999997,6,676.2999999999997,move,improve
6033,6,1096.2999999999997,6,676.2999999999997,swap,improve
6034,6,1096.2999999999997,6,676.2999999999997,swap,improve
6035,6,1096.2999999999997,6,676.2999999999997,swap,improve
6036,6,1096.2999999999997,6,676.2999999999997,move,improve
6037,6,1096.2999999999997,6,676.2999999999997,2opt,improve
6038,6,1096.2999999999997,6,676.2999999999997,swap,improve
6039,6,1096.2999999999997,6,676.2999999999997,move,improve
6040,6,1096.2999999999997,6,676.2999999999997,move,improve
6041,6,1096.2999999999997,6,676.2999999999997,move,improve
6042,6,1096.2999999999997,6,676.2999999999997,swap,improve
6043,6,1096.2999999999997,6,676.2999999999997,move,improve
6044,6,1096.2999999999997,6,676.2999999999997,swap,improve
6045,6,1096.2999999999997,6,676.2999999999997,move,improve
6046,6,1096.2999999999997,6,676.2999999999997,swap,improve
6047,6,1096.2999999999997,6,676.2999999999997,move,improve
6048,6,1096.2999999999997,6,676.2999999999997,move,improve
6049,6,1096.2999999999997,6,676.2999999999997,2opt,notBad
6050,6,1096.2999999999997,6,676.2999999999997,move,improve
6051,6,1096.2999999999997,6,676.2999999999997,swap,notBad
6052,6,1096.2999999999997,6,676.2999999999997,move,improve
6053,6,1096.2999999999997,6,676.2999999999997,2opt,notBad
6054,6,1096.2999999999997,6,676.2999999999997,swap,improve
6055,6,1096.2999999999997,6,676.2999999999997,2opt,improve
6056,6,1096.2999999999997,6,676.2999999999997,move,improve
6057,6,1096.2999999999997,6,676.2999999999997,swap,improve
6058,6,1096.2999999999997,6,676.2999999999997,swap,improve
6059,6,1096.2999999999997,6,676.2999999999997,move,improve
6060,6,1096.2999999999997,6,676.2999999999997,2opt,improve
6061,6,1096.2999999999997,6,676.2999999999997,2opt,notBad
6062,6,1096.2999999999997,6,676.2999999999997,2opt,improve
6063,6,1096.2999999999997,6,676.2999999999997,2opt,notBad
6064,6,693.2999999999997,6,676.2999999999997,swap,improve
6065,6,693.2999999999997,6,676.2999999999997,swap,notBad
6066,6,693.2999999999997,6,676.2999999999997,move,improve
6067,6,693.2999999999997,6,676.2999999999997,move,improve
6068,6,693.2999999999997,6,676.2999999999997,swap,improve
6069,6,693.2999999999997,6,676.2999999999997,2opt,notBad
6070,6,693.2999999999997,6,676.2999999999997,swap,improve
6071,6,693.2999999999997,6,676.2999999999997,2opt,improve
6072,6,693.2999999999997,6,676.2999999999997,2opt,notBad
6073,6,693.2999999999997,6,676.2999999999997,swap,improve
6074,6,693.2999999999997,6,676.2999999999997,2opt,improve
6075,6,693.2999999999997,6,676.2999999999997,2opt,notBad
6076,6,693.2999999999997,6,676.2999999999997,swap,improve
6077,6,693.2999999999997,6,676.2999999999997,swap,improve
6078,6,693.2999999999997,6,676.2999999999997,2opt,notBad
6079,6,693.2999999999997,6,676.2999999999997,swap,improve
6080,6,693.2999999999997,6,676.2999999999997,move,improve
6081,6,693.2999999999997,6,676.2999999999997,2opt,improve
6082,6,693.2999999999997,6,676.2999999999997,move,improve
6083,6,693.2999999999997,6,676.2999999999997,move,improve
6084,6,693.2999999999997,6,676.2999999999997,swap,improve
6085,6,693.2999999999997,6,676.2999999999997,swap,improve
6086,6,693.2999999999997,6,676.2999999999997,swap,notBad
6087,6,693.2999999999997,6,676.2999999999997,swap,improve
6088,6,693.2999999999997,6,676.2999999999997,move,improve
6089,6,693.2999999999997,6,676.2999999999997,move,improve
6090,6,693.2999999999997,6,676.2999999999997,move,improve
6091,6,693.2999999999997,6,676.2999999999997,swap,improve
6092,6,693.2999999999997,6,676.2999999999997,2opt,improve
6093,6,693.2999999999997,6,676.2999999999997,swap,improve
6094,6,693.2999999999997,6,676.2999999999997,swap,improve
6095,6,693.2999999999997,6,676.2999999999997,2opt,improve
6096,6,693.2999999999997,6,676.2999999999997,swap,improve
6097,6,693.2999999999997,6,676.2999999999997,2opt,notBad
6098,6,693.2999999999997,6,676.2999999999997,move,improve
6099,6,693.2999999999997,6,676.2999999999997,2opt,notBad
6100,6,693.2999999999997,6,676.2999999999997,2opt,notBad
6101,6,693.2999999999997,6,676.2999999999997,2opt,improve
6102,6,693.2999999999997,6,676.2999999999997,move,improve
6103,6,693.2999999999997,6,676.2999999999997,swap,notBad
6104,6,693.2999999999997,6,676.2999999999997,2opt,notBad
6105,6,693.2999999999997,6,676.2999999999997,swap,improve
6106,6,693.2999999999997,6,676.2999999999997,move,improve
6107,6,693.2999999999997,6,676.2999999999997,move,improve
6108,6,693.2999999999997,6,676.2999999999997,move,improve
6109,6,693.2999999999997,6,676.2999999999997,move,improve
6110,6,693.2999999999997,6,676.2999999999997,move,improve
6111,6,693.2999999999997,6,676.2999999999997,2opt,notBad
6112,6,693.2999999999997,6,676.2999999999997,move,improve
6113,6,693.2999999999997,6,676.2999999999997,swap,improve
6114,6,693.2999999999997,6,676.2999999999997,2opt,improve
6115,6,693.2999999999997,6,676.2999999999997,swap,improve
6116,6,693.2999999999997,6,676.2999999999997,move,improve
6117,6,693.2999999999997,6,676.2999999999997,swap,improve
6118,6,693.2999999999997,6,676.2999999999997,swap,improve
6119,6,693.2999999999997,6,676.2999999999997,2opt,notBad
6120,6,693.2999999999997,6,676.2999999999997,swap,improve
6121,6,693.2999999999997,6,676.2999999999997,2opt,improve
6122,6,710.900000000001,6,676.2999999999997,2opt,acceptBad
6123,6,710.900000000001,6,676.2999999999997,swap,improve
6124,6,710.900000000001,6,676.2999999999997,swap,improve
6125,6,710.900000000001,6,676.2999999999997,move,improve
6126,6,994.1999999999994,6,676.2999999999997,move,acceptBad
6127,6,994.1999999999994,6,676.2999999999997,move,improve
6128,6,994.1999999999994,6,676.2999999999997,2opt,notBad
6129,6,994.1999999999994,6,676.2999999999997,move,improve
6130,6,994.1999999999994,6,676.2999999999997,2opt,notBad
6131,6,994.1999999999994,6,676.2999999999997,move,improve
6132,6,994.1999999999994,6,676.2999999999997,move,improve
6133,6,994.1999999999994,6,676.2999999999997,swap,improve
6134,6,994.1999999999994,6,676.2999999999997,move,improve
6135,6,994.1999999999994,6,676.2999999999997,move,improve
6136,6,994.1999999999994,6,676.2999999999997,swap,improve
6137,6,994.1999999999994,6,676.2999999999997,swap,improve
6138,6,994.1999999999994,6,676.2999999999997,move,improve
6139,6,994.1999999999994,6,676.2999999999997,swap,improve
6140,6,994.1999999999994,6,676.2999999999997,swap,improve
6141,6,994.1999999999994,6,676.2999999999997,move,improve
6142,6,994.1999999999994,6,676.2999999999997,2opt,notBad
6143,6,994.1999999999994,6,676.2999999999997,swap,improve
6144,6,994.1999999999994,6,676.2999999999997,move,improve
6145,6,994.1999999999994,6,676.2999999999997,2opt,improve
6146,6,991.1999999999994,6,676.2999999999997,swap,improve
6147,6,991.1999999999994,6,676.2999999999997,2opt,notBad
6148,6,991.1999999999994,6,676.2999999999997,2opt,improve
6149,6,998.9999999999995,6,676.2999999999997,2opt,acceptBad
6150,6,998.9999999999995,6,676.2999999999997,move,improve
6151,6,998.9999999999995,6,676.2999999999997,swap,improve
6152,6,998.9999999999995,6,676.2999999999997,2opt,notBad
6153,6,998.9999999999995,6,676.2999999999997,move,improve
6154,6,998.9999999999995,6,676.2999999999997,swap,improve
6155,6,998.9999999999995,6,676.2999999999997,swap,improve
6156,6,998.9999999999995,6,676.2999999999997,swap,improve
6157,6,998.9999999999995,6,676.2999999999997,swap,improve
6158,6,998.9999999999995,6,676.2999999999997,swap,improve
6159,6,995.0000000000009,6,676.2999999999997,move,improve
6160,6,995.0000000000009,6,676.2999999999997,swap,improve
6161,6,995.0000000000009,6,676.2999999999997,2opt,notBad
6162,6,995.0000000000009,6,676.2999999999997,2opt,notBad
6163,6,995.0000000000009,6,676.2999999999997,swap,improve
6164,6,995.0000000000009,6,676.2999999999997,2opt,improve
6165,6,1214.4000000000005,6,676.2999999999997,swap,acceptBad
6166,6,1214.4000000000005,6,676.2999999999997,move,improve
6167,6,1214.4000000000005,6,676.2999999999997,move,improve
6168,6,1214.4000000000005,6,676.2999999999997,swap,improve
6169,6,1214.4000000000005,6,676.2999999999997,move,notBad
6170,6,1214.4000000000005,6,676.2999999999997,2opt,improve
6171,6,1214.4000000000005,6,676.2999999999997,swap,improve
6172,6,1214.4000000000005,6,676.2999999999997,swap,notBad
6173,6,1214.4000000000005,6,676.2999999999997,swap,improve
6174,6,1214.4000000000005,6,676.2999999999997,2opt,improve
6175,6,1214.4000000000005,6,676.2999999999997,2opt,improve
6176,6,1214.4000000000005,6,676.2999999999997,2opt,notBad
6177,6,1214.4000000000005,6,676.2999999999997,2opt,notBad
6178,6,1214.4000000000005,6,676.2999999999997,2opt,notBad
6179,6,1214.4000000000005,6,676.2999999999997,move,improve
6180,6,1214.4000000000005,6,676.2999999999997,2opt,improve
6181,6,1214.4000000000005,6,676.2999999999997,move,improve
6182,6,1214.4000000000005,6,676.2999999999997,move,improve
6183,6,1214.4000000000005,6,676.2999999999997,2opt,notBad
6184,6,1214.4000000000005,6,676.2999999999997,2opt,improve
6185,6,1214.4000000000005,6,676.2999999999997,swap,improve
6186,6,1214.4000000000005,6,676.2999999999997,2opt,improve
6187,6,1214.4000000000005,6,676.2999999999997,2opt,improve
6188,6,1214.4000000000005,6,676.2999999999997,swap,improve
6189,6,1214.4000000000005,6,676.2999999999997,2opt,notBad
6190,6,1214.4000000000005,6,676.2999999999997,2opt,improve
6191,6,1214.4000000000005,6,676.2999999999997,2opt,notBad
6192,6,1214.4000000000005,6,676.2999999999997,move,improve
6193,6,1214.4000000000005,6,676.2999999999997,move,improve
6194,6,1214.4000000000005,6,676.2999999999997,swap,improve
6195,6,1214.4000000000005,6,676.2999999999997,2opt,notBad
6196,6,1214.4000000000005,6,676.2999999999997,2opt,improve
6197,6,1216.7999999999997,6,676.2999999999997,swap,acceptBad
6198,6,1216.7999999999997,6,676.2999999999997,swap,improve
6199,6,1216.7999999999997,6,676.2999999999997,move,improve
6200,6,1206.8999999999992,6,676.2999999999997,swap,improve
6201,6,1206.8999999999992,6,676.2999999999997,2opt,improve
6202,6,1206.8999999999992,6,676.2999999999997,2opt,notBad
6203,6,1206.8999999999992,6,676.2999999999997,move,improve
6204,6,1206.8999999999992,6,676.2999999999997,2opt,improve
6205,6,1206.8999999999992,6,676.2999999999997,move,improve
6206,6,1206.8999999999992,6,676.2999999999997,swap,improve
6207,6,1206.8999999999992,6,676.2999999999997,2opt,improve
6208,6,1206.8999999999992,6,676.2999999999997,2opt,notBad
6209,6,1206.8999999999992,6,676.2999999999997,move,improve
6210,6,1206.8999999999992,6,676.2999999999997,2opt,improve
6211,6,1206.8999999999992,6,676.2999999999997,2opt,improve
6212,6,1206.8999999999992,6,676.2999999999997,move,improve
6213,6,1216.7999999999997,6,676.2999999999997,2opt,acceptBad
6214,6,1216.7999999999997,6,676.2999999999997,swap,improve
6215,6,1216.7999999999997,6,676.2999999999997,2opt,notBad
6216,6,1216.7999999999997,6,676.2999999999997,swap,improve
6217,6,1216.7999999999997,6,676.2999999999997,move,improve
6218,6,1216.7999999999997,6,676.2999999999997,2opt,notBad
6219,6,1216.7999999999997,6,676.2999999999997,swap,improve
6220,6,1216.7999999999997,6,676.2999999999997,move,improve
6221,6,1216.7999999999997,6,676.2999999999997,2opt,improve
6222,6,1216.7999999999997,6,676.2999999999997,2opt,notBad
6223,6,1216.7999999999997,6,676.2999999999997,2opt,notBad
6224,6,1216.7999999999997,6,676.2999999999997,2opt,improve
6225,6,1216.7999999999997,6,676.2999999999997,2opt,improve
6226,6,1216.7999999999997,6,676.2999999999997,swap,improve
6227,6,1216.7999999999997,6,676.2999999999997,move,improve
6228,6,1216.7999999999997,6,676.2999999999997,move,improve
6229,6,1216.7999999999997,6,676.2999999999997,swap,improve
6230,6,1216.7999999999997,6,676.2999999999997,swap,improve
6231,6,1109.9999999999995,6,676.2999999999997,swap,improve
6232,6,1109.9999999999995,6,676.2999999999997,swap,improve
6233,6,1137.999999999999,6,676.2999999999997,swap,acceptBad
6234,6,1137.999999999999,6,676.2999999999997,2opt,notBad
6235,6,1137.999999999999,6,676.2999999999997,swap,notBad
6236,6,1137.999999999999,6,676.2999999999997,2opt,improve
6237,6,1258.5999999999995,6,676.2999999999997,swap,acceptBad
6238,6,1258.5999999999995,6,676.2999999999997,2opt,notBad
6239,6,1423.5999999999995,6,676.2999999999997,swap,acceptBad
6240,6,1423.5999999999995,6,676.2999999999997,swap,improve
6241,6,1423.5999999999995,6,676.2999999999997,swap,notBad
6242,6,1423.5999999999995,6,676.2999999999997,swap,improve
6243,6,1423.5999999999995,6,676.2999999999997,swap,improve
6244,6,1423.5999999999995,6,676.2999999999997,move,improve
6245,6,1423.5999999999995,6,676.2999999999997,2opt,notBad
6246,6,1423.5999999999995,6,676.2999999999997,move,improve
6247,6,1258.5999999999995,6,676.2999999999997,move,improve
6248,6,1258.5999999999995,6,676.2999999999997,swap,improve
6249,6,1258.5999999999995,6,676.2999999999997,move,improve
6250,6,1258.5999999999995,6,676.2999999999997,move,improve
6251,6,1258.5999999999995,6,676.2999999999997,move,improve
6252,6,1258.5999999999995,6,676.2999999999997,2opt,notBad
6253,6,1258.5999999999995,6,676.2999999999997,2opt,notBad
6254,6,1258.5999999999995,6,676.2999999999997,swap,improve
6255,6,1258.5999999999995,6,676.2999999999997,move,improve
6256,6,1258.5999999999995,6,676.2999999999997,move,improve
6257,6,1258.5999999999995,6,676.2999999999997,move,improve
6258,6,1258.5999999999995,6,676.2999999999997,swap,improve
6259,6,1258.5999999999995,6,676.2999999999997,2opt,improve
6260,6,1258.5999999999995,6,676.2999999999997,move,improve
6261,6,1258.5999999999995,6,676.2999999999997,2opt,notBad
6262,6,1258.5999999999995,6,676.2999999999997,2opt,notBad
6263,6,1258.5999999999995,6,676.2999999999997,move,improve
6264,6,1258.5999999999995,6,676.2999999999997,swap,improve
6265,6,1258.5999999999995,6,676.2999999999997,2opt,notBad
6266,6,1258.5999999999995,6,676.2999999999997,swap,improve
6267,6,1258.5999999999995,6,676.2999999999997,2opt,notBad
6268,6,1258.5999999999995,6,676.2999999999997,2opt,improve
6269,6,1258.5999999999995,6,676.2999999999997,move,improve
6270,6,1258.5999999999995,6,676.2999999999997,move,improve
6271,6,1258.5999999999995,6,676.2999999999997,2opt,notBad
6272,6,1258.5999999999995,6,676.2999999999997,2opt,notBad
6273,6,1137.999999999999,6,676.2999999999997,move,improve
6274,6,1137.999999999999,6,676.2999999999997,move,improve
6275,6,1137.999999999999,6,676.2999999999997,move,improve
6276,6,1137.999999999999,6,676.2999999999997,move,improve
6277,6,1137.999999999999,6,676.2999999999997,swap,improve
6278,6,1137.999999999999,6,676.2999999999997,2opt,improve
6279,6,1107.999999999999,6,676.2999999999997,move,improve
6280,6,1107.999999999999,6,676.2999999999997,2opt,improve
6281,6,1107.999999999999,6,676.2999999999997,2opt,notBad
6282,6,1107.999999999999,6,676.2999999999997,2opt,notBad
6283,6,1107.999999999999,6,676.2999999999997,swap,improve
6284,6,1107.999999999999,6,676.2999999999997,move,improve
6285,6,1107.999999999999,6,676.2999999999997,2opt,notBad
6286,6,1107.999999999999,6,676.2999999999997,move,improve
6287,6,1107.999999999999,6,676.2999999999997,swap,improve
6288,6,1107.999999999999,6,676.2999999999997,swap,notBad
6289,6,1107.999999999999,6,676.2999999999997,swap,improve
6290,6,1107.999999999999,6,676.2999999999997,move,improve
6291,6,1107.999999999999,6,676.2999999999997,move,improve
6292,6,1107.999999999999,6,676.2999999999997,swap,notBad
6293,6,1107.999999999999,6,676.2999999999997,move,improve
6294,6,1107.999999999999,6,676.2999999999997,2opt,improve
6295,6,1107.999999999999,6,676.2999999999997,2opt,notBad
6296,6,1107.999999999999,6,676.2999999999997,2opt,improve
6297,6,1107.999999999999,6,676.2999999999997,swap,improve
6298,6,1107.999999999999,6,676.2999999999997,move,improve
6299,6,1107.999999999999,6,676.2999999999997,move,improve
6300,6,1107.999999999999,6,676.2999999999997,swap,notBad
6301,6,1107.999999999999,6,676.2999999999997,2opt,notBad
6302,6,1107.999999999999,6,676.2999999999997,move,improve
6303,6,1107.999999999999,6,676.2999999999997,swap,notBad
6304,6,1107.999999999999,6,676.2999999999997,2opt,notBad
6305,6,1107.999999999999,6,676.2999999999997,swap,improve
6306,6,1107.999999999999,6,676.2999999999997,2opt,notBad
6307,6,1342.5999999999995,6,676.2999999999997,swap,acceptBad
6308,6,1248.7999999999997,6,676.2999999999997,move,improve
6309,6,1248.7999999999997,6,676.2999999999997,2opt,notBad
6310,6,1248.7999999999997,6,676.2999999999997,2opt,notBad
6311,6,1248.7999999999997,6,676.2999999999997,2opt,notBad
6312,6,1248.7999999999997,6,676.2999999999997,swap,improve
6313,6,1248.7999999999997,6,676.2999999999997,move,improve
6314,6,1248.7999999999997,6,676.2999999999997,move,improve
6315,6,1248.7999999999997,6,676.2999999999997,2opt,notBad
6316,6,1248.7999999999997,6,676.2999999999997,swap,improve
6317,6,1248.7999999999997,6,676.2999999999997,move,improve
6318,6,1248.7999999999997,6,676.2999999999997,move,improve
6319,6,1248.7999999999997,6,676.2999999999997,move,improve
6320,6,1248.7999999999997,6,676.2999999999997,move,improve
6321,6,1248.7999999999997,6,676.2999999999997,2opt,notBad
6322,6,1248.7999999999997,6,676.2999999999997,swap,improve
6323,6,1248.7999999999997,6,676.2999999999997,swap,improve
6324,6,1248.7999999999997,6,676.2999999999997,move,improve
6325,6,1248.7999999999997,6,676.2999999999997,2opt,notBad
6326,6,1248.7999999999997,6,676.2999999999997,2opt,notBad
6327,6,1248.7999999999997,6,676.2999999999997,swap,improve
6328,6,1248.7999999999997,6,676.2999999999997,swap,notBad
6329,6,1248.7999999999997,6,676.2999999999997,swap,improve
6330,6,1248.7999999999997,6,676.2999999999997,2opt,notBad
6331,6,1248.7999999999997,6,676.2999999999997,swap,improve
6332,6,1248.7999999999997,6,676.2999999999997,move,improve
6333,6,1248.7999999999997,6,676.2999999999997,2opt,improve
6334,6,1248.7999999999997,6,676.2999999999997,move,improve
6335,6,1248.7999999999997,6,676.2999999999997,swap,improve
6336,6,1248.7999999999997,6,676.2999999999997,swap,improve
6337,6,1248.7999999999997,6,676.2999999999997,2opt,notBad
6338,6,1248.7999999999997,6,676.2999999999997,2opt,notBad
6339,6,1248.7999999999997,6,676.2999999999997,swap,improve
6340,6,1248.7999999999997,6,676.2999999999997,2opt,notBad
6341,6,1248.7999999999997,6,676.2999999999997,move,improve
6342,6,1248.7999999999997,6,676.2999999999997,2opt,notBad
6343,6,1248.7999999999997,6,676.2999999999997,move,improve
6344,6,1248.7999999999997,6,676.2999999999997,move,improve
6345,6,1248.7999999999997,6,676.2999999999997,swap,improve
6346,6,1342.5999999999995,6,676.2999999999997,swap,acceptBad
6347,6,1342.5999999999995,6,676.2999999999997,move,improve
6348,6,1342.5999999999995,6,676.2999999999997,move,improve
6349,6,1342.5999999999995,6,676.2999999999997,swap,improve
6350,6,1342.5999999999995,6,676.2999999999997,swap,improve
6351,6,1342.5999999999995,6,676.2999999999997,swap,improve
6352,6,1342.5999999999995,6,676.2999999999997,2opt,improve
6353,6,1342.5999999999995,6,676.2999999999997,swap,improve
6354,6,1342.5999999999995,6,676.2999999999997,swap,improve
6355,6,1342.5999999999995,6,676.2999999999997,swap,improve
6356,6,1107.999999999999,6,676.2999999999997,swap,improve
6357,6,1107.999999999999,6,676.2999999999997,swap,improve
6358,6,1107.999999999999,6,676.2999999999997,2opt,improve
6359,6,1107.999999999999,6,676.2999999999997,2opt,notBad
6360,6,1107.999999999999,6,676.2999999999997,move,improve
6361,6,1107.999999999999,6,676.2999999999997,move,improve
6362,6,1107.999999999999,6,676.2999999999997,2opt,notBad
6363,6,1107.999999999999,6,676.2999999999997,swap,improve
6364,6,1107.999999999999,6,676.2999999999997,swap,notBad
6365,6,1107.999999999999,6,676.2999999999997,2opt,improve
6366,6,1107.999999999999,6,676.2999999999997,swap,improve
6367,6,1107.999999999999,6,676.2999999999997,2opt,notBad
6368,6,1107.999999999999,6,676.2999999999997,move,improve
6369,6,1107.999999999999,6,676.2999999999997,move,improve
6370,6,1107.999999999999,6,676.2999999999997,move,improve
6371,6,1107.999999999999,6,676.2999999999997,2opt,improve
6372,6,1107.999999999999,6,676.2999999999997,2opt,notBad
6373,5,574.0,5,574.0,move,newBest
6374,5,574.0,5,574.0,move,improve
6375,5,574.0,5,574.0,2opt,notBad
6376,5,574.0,5,574.0,2opt,improve
6377,5,574.0,5,574.0,2opt,notBad
6378,5,574.0,5,574.0,move,improve
6379,5,574.0,5,574.0,move,improve
6380,5,574.0,5,574.0,2opt,notBad
6381,5,574.0,5,574.0,swap,improve
6382,5,574.0,5,574.0,2opt,notBad
6383,5,574.0,5,574.0,move,improve
6384,5,574.0,5,574.0,swap,improve
6385,5,574.0,5,574.0,2opt,notBad
6386,5,574.0,5,574.0,move,improve
6387,5,574.0,5,574.0,swap,improve
6388,5,574.0,5,574.0,move,improve
6389,5,574.0,5,574.0,swap,improve
6390,5,574.0,5,574.0,swap,improve
6391,5,574.0,5,574.0,2opt,improve
6392,5,574.0,5,574.0,swap,improve
6393,5,574.0,5,574.0,swap,improve
6394,5,574.0,5,574.0,move,improve
6395,5,574.0,5,574.0,swap,improve
6396,5,574.0,5,574.0,move,improve
6397,5,574.0,5,574.0,move,improve
6398,5,574.0,5,574.0,2opt,improve
6399,5,574.0,5,574.0,move,improve
6400,5,574.0,5,574.0,swap,notBad
6401,5,574.0,5,574.0,move,improve
6402,5,574.0,5,574.0,swap,improve
6403,5,574.0,5,574.0,move,improve
6404,5,806.7999999999993,5,574.0,move,acceptBad
6405,5,806.7999999999993,5,574.0,move,improve
6406,5,806.7999999999993,5,574.0,move,improve
6407,5,806.7999999999993,5,574.0,2opt,improve
6408,5,806.7999999999993,5,574.0,move,improve
6409,5,806.7999999999993,5,574.0,swap,improve
6410,5,806.7999999999993,5,574.0,2opt,improve
6411,5,806.7999999999993,5,574.0,swap,improve
6412,5,806.7999999999993,5,574.0,2opt,notBad
6413,5,806.7999999999993,5,574.0,move,improve
6414,5,806.7999999999993,5,574.0,swap,improve
6415,5,806.7999999999993,5,574.0,2opt,notBad
6416,5,806.7999999999993,5,574.0,swap,improve
6417,5,806.7999999999993,5,574.0,2opt,improve
6418,5,806.7999999999993,5,574.0,move,improve
6419,5,806.7999999999993,5,574.0,swap,improve
6420,5,806.7999999999993,5,574.0,swap,improve
6421,5,796.7999999999993,5,574.0,move,improve
6422,5,796.7999999999993,5,574.0,move,improve
6423,5,796.7999999999993,5,574.0,2opt,notBad
6424,5,796.7999999999993,5,574.0,2opt,improve
6425,5,796.7999999999993,5,574.0,move,improve
6426,5,796.7999999999993,5,574.0,move,improve
6427,5,796.7999999999993,5,574.0,2opt,notBad
6428,5,796.7999999999993,5,574.0,move,improve
6429,5,796.7999999999993,5,574.0,swap,improve
6430,5,804.7999999999993,5,574.0,swap,acceptBad
6431,5,804.7999999999993,5,574.0,swap,improve
6432,5,804.7999999999993,5,574.0,swap,improve
6433,5,804.7999999999993,5,574.0,2opt,improve
6434,5,804.7999999999993,5,574.0,swap,improve
6435,5,804.7999999999993,5,574.0,swap,improve
6436,5,804.7999999999993,5,574.0,swap,improve
6437,5,804.7999999999993,5,574.0,2opt,improve
6438,5,804.7999999999993,5,574.0,move,improve
6439,5,804.7999999999993,5,574.0,move,improve
6440,5,804.7999999999993,5,574.0,swap,improve
6441,5,804.7999999999993,5,574.0,move,improve
6442,5,804.7999999999993,5,574.0,2opt,notBad
6443,5,804.7999999999993,5,574.0,2opt,notBad
6444,5,804.7999999999993,5,574.0,move,improve
6445,5,804.7999999999993,5,574.0,swap,notBad
6446,5,804.7999999999993,5,574.0,swap,improve
6447,5,804.7999999999993,5,574.0,2opt,improve
6448,5,804.7999999999993,5,574.0,2opt,improve
6449,5,804.7999999999993,5,574.0,move,improve
6450,5,804.7999999999993,5,574.0,move,improve
6451,5,804.7999999999993,5,574.0,move,improve
6452,5,804.7999999999993,5,574.0,move,improve
6453,5,804.7999999999993,5,574.0,swap,improve
6454,5,804.7999999999993,5,574.0,2opt,improve
6455,5,917.9999999999991,5,574.0,swap,acceptBad
6456,5,917.9999999999991,5,574.0,move,improve
6457,5,917.9999999999991,5,574.0,2opt,notBad
6458,5,917.9999999999991,5,574.0,swap,improve
6459,5,917.9999999999991,5,574.0,2opt,notBad
6460,5,917.9999999999991,5,574.0,move,improve
6461,5,685.1999999999998,5,574.0,swap,improve
6462,5,917.9999999999991,5,574.0,swap,acceptBad
6463,5,917.9999999999991,5,574.0,2opt,improve
6464,5,917.9999999999991,5,574.0,2opt,improve
6465,5,917.9999999999991,5,574.0,2opt,notBad
6466,5,917.9999999999991,5,574.0,2opt,notBad
6467,5,917.9999999999991,5,574.0,move,improve
6468,5,685.1999999999998,5,574.0,move,improve
6469,5,685.1999999999998,5,574.0,swap,improve
6470,5,685.1999999999998,5,574.0,2opt,improve
6471,5,685.1999999999998,5,574.0,2opt,notBad
6472,5,685.1999999999998,5,574.0,move,improve
6473,5,685.1999999999998,5,574.0,move,improve
6474,5,685.1999999999998,5,574.0,2opt,improve
6475,5,685.1999999999998,5,574.0,2opt,improve
6476,5,685.1999999999998,5,574.0,swap,improve
6477,5,685.1999999999998,5,574.0,move,improve
6478,5,685.1999999999998,5,574.0,swap,improve
6479,5,685.1999999999998,5,574.0,2opt,improve
6480,5,685.1999999999998,5,574.0,2opt,improve
6481,5,685.1999999999998,5,574.0,move,improve
6482,5,685.1999999999998,5,574.0,2opt,improve
6483,5,685.1999999999998,5,574.0,move,improve
6484,5,685.1999999999998,5,574.0,2opt,notBad
6485,5,685.1999999999998,5,574.0,swap,improve
6486,5,685.1999999999998,5,574.0,swap,improve
6487,5,685.1999999999998,5,574.0,move,improve
6488,5,685.1999999999998,5,574.0,move,improve
6489,5,685.1999999999998,5,574.0,swap,improve
6490,5,685.1999999999998,5,574.0,swap,improve
6491,5,685.1999999999998,5,574.0,move,improve
6492,5,685.1999999999998,5,574.0,2opt,notBad
6493,5,685.1999999999998,5,574.0,swap,improve
6494,5,685.1999999999998,5,574.0,2opt,notBad
6495,5,685.1999999999998,5,574.0,2opt,notBad
6496,5,685.1999999999998,5,574.0,2opt,improve
6497,5,685.1999999999998,5,574.0,2opt,notBad
6498,5,685.1999999999998,5,574.0,move,improve
6499,5,685.1999999999998,5,574.0,swap,improve
6500,5,643.6000000000004,5,574.0,move,improve
6501,5,643.6000000000004,5,574.0,swap,notBad
6502,5,643.6000000000004,5,574.0,move,improve
6503,5,643.6000000000004,5,574.0,2opt,notBad
6504,5,643.6000000000004,5,574.0,2opt,improve
6505,5,643.6000000000004,5,574.0,move,improve
6506,5,643.6000000000004,5,574.0,2opt,improve
6507,5,702.8000000000002,5,574.0,swap,acceptBad
6508,5,702.8000000000002,5,574.0,move,improve
6509,5,667.6000000000004,5,574.0,move,improve
6510,5,667.6000000000004,5,574.0,swap,improve
6511,5,622.2000000000007,5,574.0,swap,improve
6512,5,622.2000000000007,5,574.0,move,improve
6513,5,622.2000000000007,5,574.0,swap,improve
6514,5,622.2000000000007,5,574.0,swap,improve
6515,5,622.2000000000007,5,574.0,move,improve
6516,5,622.2000000000007,5,574.0,swap,improve
6517,5,622.2000000000007,5,574.0,2opt,notBad
6518,5,622.2000000000007,5,574.0,move,improve
6519,5,622.2000000000007,5,574.0,2opt,notBad
6520,5,622.2000000000007,5,574.0,swap,notBad
6521,5,622.2000000000007,5,574.0,swap,improve
6522,5,622.2000000000007,5,574.0,move,improve
6523,5,622.2000000000007,5,574.0,swap,improve
6524,5,622.2000000000007,5,574.0,2opt,notBad
6525,5,622.2000000000007,5,574.0,move,improve
6526,5,622.2000000000007,5,574.0,swap,improve
6527,5,622.2000000000007,5,574.0,move,improve
6528,5,622.2000000000007,5,574.0,move,improve
6529,5,622.2000000000007,5,574.0,swap,improve
6530,5,622.2000000000007,5,574.0,move,improve
6531,5,622.2000000000007,5,574.0,2opt,notBad
6532,5,622.2000000000007,5,574.0,move,improve
6533,5,622.2000000000007,5,574.0,2opt,improve
6534,5,622.2000000000007,5,574.0,2opt,improve
6535,5,622.2000000000007,5,574.0,swap,improve
6536,5,622.2000000000007,5,574.0,swap,improve
6537,5,622.2000000000007,5,574.0,2opt,notBad
6538,5,622.2000000000007,5,574.0,swap,improve
6539,5,622.2000000000007,5,574.0,2opt,notBad
6540,5,797.5999999999995,5,574.0,move,acceptBad
6541,5,797.5999999999995,5,574.0,swap,improve
6542,5,797.5999999999995,5,574.0,2opt,improve
6543,5,797.5999999999995,5,574.0,move,improve
6544,5,797.5999999999995,5,574.0,move,improve
6545,5,797.5999999999995,5,574.0,move,improve
6546,5,797.5999999999995,5,574.0,move,improve
6547,5,797.5999999999995,5,574.0,2opt,notBad
6548,5,797.5999999999995,5,574.0,swap,improve
6549,5,797.5999999999995,5,574.0,swap,improve
6550,5,854.1999999999998,5,574.0,swap,acceptBad
6551,5,854.1999999999998,5,574.0,move,improve
6552,5,854.1999999999998,5,574.0,swap,improve
6553,5,854.1999999999998,5,574.0,move,improve
6554,5,667.6000000000004,5,574.0,move,improve
6555,5,667.6000000000004,5,574.0,2opt,notBad
6556,5,667.6000000000004,5,574.0,2opt,notBad
6557,5,667.6000000000004,5,574.0,2opt,notBad
6558,5,667.6000000000004,5,574.0,2opt,notBad
6559,5,996.8000000000002,5,574.0,swap,acceptBad
6560,5,996.8000000000002,5,574.0,swap,improve
6561,5,996.8000000000002,5,574.0,2opt,notBad
6562,5,996.8000000000002,5,574.0,swap,improve
6563,5,996.8000000000002,5,574.0,swap,improve
6564,5,996.8000000000002,5,574.0,move,improve
6565,5,996.8000000000002,5,574.0,swap,improve
6566,5,996.8000000000002,5,574.0,2opt,notBad
6567,5,996.8000000000002,5,574.0,swap,improve
6568,5,996.8000000000002,5,574.0,move,improve
6569,5,996.8000000000002,5,574.0,move,improve
6570,5,996.8000000000002,5,574.0,swap,notBad
6571,5,996.8000000000002,5,574.0,2opt,improve
6572,5,996.8000000000002,5,574.0,2opt,improve
6573,5,996.8000000000002,5,574.0,2opt,improve
6574,5,996.8000000000002,5,574.0,swap,improve
6575,5,996.8000000000002,5,574.0,swap,improve
6576,5,996.8000000000002,5,574.0,swap,notBad
6577,5,996.8000000000002,5,574.0,move,improve
6578,5,996.8000000000002,5,574.0,2opt,improve
6579,5,996.8000000000002,5,574.0,move,improve
6580,5,996.8000000000002,5,574.0,2opt,improve
6581,5,996.8000000000002,5,574.0,2opt,improve
6582,5,996.8000000000002,5,574.0,swap,improve
6583,5,996.8000000000002,5,574.0,2opt,notBad
6584,5,996.8000000000002,5,574.0,swap,improve
6585,5,996.8000000000002,5,574.0,2opt,notBad
6586,5,996.8000000000002,5,574.0,swap,improve
6587,5,996.8000000000002,5,574.0,swap,improve
6588,5,996.8000000000002,5,574.0,move,improve
6589,5,996.8000000000002,5,574.0,move,improve
6590,5,996.8000000000002,5,574.0,swap,improve
6591,5,996.8000000000002,5,574.0,2opt,improve
6592,5,996.8000000000002,5,574.0,2opt,notBad
6593,5,996.8000000000002,5,574.0,2opt,notBad
6594,5,996.8000000000002,5,574.0,move,improve
6595,5,996.8000000000002,5,574.0,2opt,improve
6596,5,996.8000000000002,5,574.0,move,improve
6597,5,996.8000000000002,5,574.0,swap,improve
6598,5,996.8000000000002,5,574.0,swap,notBad
6599,5,996.8000000000002,5,574.0,move,improve
6600,5,996.8000000000002,5,574.0,move,improve
6601,5,996.8000000000002,5,574.0,2opt,notBad
6602,5,996.8000000000002,5,574.0,move,improve
6603,5,996.8000000000002,5,574.0,move,improve
6604,5,996.8000000000002,5,574.0,swap,improve
6605,5,996.8000000000002,5,574.0,swap,notBad
6606,5,996.8000000000002,5,574.0,2opt,notBad
6607,5,996.8000000000002,5,574.0,swap,improve
6608,5,996.8000000000002,5,574.0,move,improve
6609,5,996.8000000000002,5,574.0,2opt,improve
6610,5,996.8000000000002,5,574.0,swap,improve
6611,5,996.8000000000002,5,574.0,2opt,improve
6612,5,996.8000000000002,5,574.0,2opt,improve
6613,5,996.8000000000002,5,574.0,move,improve
6614,5,996.8000000000002,5,574.0,2opt,notBad
6615,5,996.8000000000002,5,574.0,2opt,notBad
6616,5,996.8000000000002,5,574.0,2opt,notBad
6617,5,996.8000000000002,5,574.0,2opt,notBad
6618,4,425.2999999999997,4,425.2999999999997,move,newBest
6619,4,425.2999999999997,4,425.2999999999997,swap,improve
6620,4,425.2999999999997,4,425.2999999999997,2opt,notBad
6621,4,425.2999999999997,4,425.2999999999997,swap,improve
6622,4,425.2999999999997,4,425.2999999999997,swap,improve
6623,4,425.2999999999997,4,425.2999999999997,move,improve
6624,4,425.2999999999997,4,425.2999999999997,move,improve
6625,4,425.2999999999997,4,425.2999999999997,2opt,improve
6626,4,425.2999999999997,4,425.2999999999997,2opt,notBad
6627,4,425.2999999999997,4,425.2999999999997,swap,improve
6628,4,425.2999999999997,4,425.2999999999997,swap,improve
6629,4,425.2999999999997,4,425.2999999999997,2opt,improve
6630,4,440.9000000000001,4,425.2999999999997,swap,acceptBad
6631,4,440.9000000000001,4,425.2999999999997,swap,improve
6632,4,440.9000000000001,4,425.2999999999997,swap,improve
6633,4,440.9000000000001,4,425.2999999999997,move,improve
6634,4,440.9000000000001,4,425.2999999999997,swap,improve
6635,4,440.9000000000001,4,425.2999999999997,move,improve
6636,4,440.9000000000001,4,425.2999999999997,swap,improve
6637,4,440.9000000000001,4,425.2999999999997,move,improve
6638,4,440.9000000000001,4,425.2999999999997,swap,improve
6639,4,440.9000000000001,4,425.2999999999997,move,improve
6640,4,440.9000000000001,4,425.2999999999997,2opt,notBad
6641,4,535.2999999999997,4,425.2999999999997,swap,acceptBad
6642,4,535.2999999999997,4,425.2999999999997,swap,improve
6643,4,535.2999999999997,4,425.2999999999997,swap,improve
6644,4,440.9000000000001,4,425.2999999999997,swap,improve
6645,4,604.0999999999995,4,425.2999999999997,swap,acceptBad
6646,4,604.0999999999995,4,425.2999999999997,move,improve
6647,4,600.4999999999986,4,425.2999999999997,swap,improve
6648,4,600.4999999999986,4,425.2999999999997,2opt,notBad
6649,4,530.9000000000001,4,425.2999999999997,move,improve
6650,4,530.9000000000001,4,425.2999999999997,2opt,notBad
6651,4,530.9000000000001,4,425.2999999999997,2opt,improve
6652,4,530.9000000000001,4,425.2999999999997,move,improve
6653,4,600.7999999999997,4,425.2999999999997,swap,acceptBad
6654,4,600.7999999999997,4,425.2999999999997,move,improve
6655,4,600.7999999999997,4,425.2999999999997,move,improve
6656,4,600.7999999999997,4,425.2999999999997,move,improve
6657,4,600.7999999999997,4,425.2999999999997,swap,improve
6658,4,573.2000000000003,4,425.2999999999997,move,improve
6659,4,573.2000000000003,4,425.2999999999997,move,improve
6660,4,573.2000000000003,4,425.2999999999997,2opt,improve
6661,4,573.2000000000003,4,425.2999999999997,move,improve
6662,4,573.2000000000003,4,425.2999999999997,swap,improve
6663,4,652.1000000000008,4,425.2999999999997,swap,acceptBad
6664,4,652.1000000000008,4,425.2999999999997,2opt,notBad
6665,4,652.1000000000008,4,425.2999999999997,2opt,notBad
6666,4,388.7000000000003,4,388.7000000000003,move,newBest
6667,4,388.7000000000003,4,388.7000000000003,swap,improve
6668,4,388.7000000000003,4,388.7000000000003,move,improve
6669,4,388.7000000000003,4,388.7000000000003,swap,improve
6670,4,388.7000000000003,4,388.7000000000003,move,improve
6671,4,388.7000000000003,4,388.7000000000003,move,improve
6672,4,388.7000000000003,4,388.7000000000003,swap,improve
6673,4,388.7000000000003,4,388.7000000000003,2opt,improve
6674,4,388.7000000000003,4,388.7000000000003,move,improve
6675,4,388.7000000000003,4,388.7000000000003,2opt,notBad
6676,4,388.7000000000003,4,388.7000000000003,2opt,notBad
6677,4,388.7000000000003,4,388.7000000000003,move,improve
6678,4,388.7000000000003,4,388.7000000000003,move,improve
6679,4,388.7000000000003,4,388.7000000000003,2opt,notBad
6680,4,388.7000000000003,4,388.7000000000003,move,improve
6681,4,388.7000000000003,4,388.7000000000003,move,improve
6682,4,388.7000000000003,4,388.7000000000003,2opt,notBad
6683,4,388.7000000000003,4,388.7000000000003,2opt,improve
6684,4,388.7000000000003,4,388.7000000000003,swap,improve
6685,4,388.7000000000003,4,388.7000000000003,move,improve
6686,4,388.7000000000003,4,388.7000000000003,move,improve
6687,4,388.7000000000003,4,388.7000000000003,swap,improve
6688,4,388.7000000000003,4,388.7000000000003,2opt,improve
6689,4,388.7000000000003,4,388.7000000000003,move,improve
6690,4,388.7000000000003,4,388.7000000000003,move,improve
6691,4,388.7000000000003,4,388.7000000000003,2opt,notBad
6692,4,388.7000000000003,4,388.7000000000003,2opt,notBad
6693,4,388.7000000000003,4,388.7000000000003,move,improve
6694,4,388.7000000000003,4,388.7000000000003,2opt,improve
6695,4,388.7000000000003,4,388.7000000000003,2opt,improve
6696,4,380.0,4,380.0,swap,newBest
6697,4,380.0,4,380.0,2opt,improve
6698,4,380.0,4,380.0,move,improve
6699,4,380.0,4,380.0,2opt,improve
6700,4,380.0,4,380.0,2opt,improve
6701,4,380.0,4,380.0,move,improve
6702,4,380.0,4,380.0,move,improve
6703,4,380.0,4,380.0,move,improve
6704,4,380.0,4,380.0,swap,improve
6705,4,380.0,4,380.0,move,improve
6706,4,380.0,4,380.0,move,improve
6707,4,293.5,4,293.5,swap,newBest
6708,4,291.5,4,291.5,move,newBest
6709,4,291.5,4,291.5,swap,improve
6710,4,291.5,4,291.5,2opt,notBad
6711,4,291.5,4,291.5,swap,improve
6712,4,291.5,4,291.5,swap,improve
6713,4,291.5,4,291.5,2opt,improve
6714,4,291.5,4,291.5,2opt,improve
6715,4,291.5,4,291.5,2opt,notBad
6716,4,291.5,4,291.5,move,improve
6717,4,291.5,4,291.5,move,improve
6718,4,291.5,4,291.5,swap,improve
6719,4,291.5,4,291.5,move,improve
6720,4,291.5,4,291.5,2opt,notBad
6721,4,291.5,4,291.5,move,improve
6722,4,291.5,4,291.5,2opt,improve
6723,4,291.5,4,291.5,swap,improve
6724,4,291.5,4,291.5,swap,improve
6725,4,291.5,4,291.5,swap,improve
6726,4,291.5,4,291.5,swap,improve
6727,4,291.5,4,291.5,2opt,improve
6728,4,291.5,4,291.5,2opt,notBad
6729,4,291.5,4,291.5,move,improve
6730,4,291.5,4,291.5,move,improve
6731,4,291.5,4,291.5,swap,improve
6732,4,291.5,4,291.5,2opt,notBad
6733,4,291.5,4,291.5,2opt,notBad
6734,4,291.5,4,291.5,2opt,notBad
6735,4,291.5,4,291.5,2opt,improve
6736,4,346.2000000000003,4,291.5,swap,acceptBad
6737,4,346.2000000000003,4,291.5,2opt,notBad
6738,4,346.2000000000003,4,291.5,swap,improve
6739,4,346.2000000000003,4,291.5,move,improve
6740,4,290.10000000000036,4,290.10000000000036,move,newBest
6741,4,290.10000000000036,4,290.10000000000036,move,improve
6742,4,290.10000000000036,4,290.10000000000036,2opt,notBad
6743,4,290.10000000000036,4,290.10000000000036,move,improve
6744,4,290.10000000000036,4,290.10000000000036,move,improve
6745,4,290.10000000000036,4,290.10000000000036,move,improve
6746,4,290.10000000000036,4,290.10000000000036,swap,improve
6747,4,291.0,4,290.10000000000036,swap,acceptBad
6748,4,291.0,4,290.10000000000036,move,improve
6749,4,291.0,4,290.10000000000036,2opt,notBad
6750,4,293.5,4,290.10000000000036,swap,acceptBad
6751,4,293.5,4,290.10000000000036,swap,improve
6752,4,293.5,4,290.10000000000036,swap,improve
6753,4,293.5,4,290.10000000000036,swap,improve
6754,4,290.19999999999936,4,290.10000000000036,move,improve
6755,4,293.5,4,290.10000000000036,swap,acceptBad
6756,4,293.5,4,290.10000000000036,2opt,notBad
6757,4,293.5,4,290.10000000000036,swap,improve
6758,4,293.5,4,290.10000000000036,swap,improve
6759,4,293.5,4,290.10000000000036,2opt,notBad
6760,4,293.5,4,290.10000000000036,2opt,notBad
6761,4,293.5,4,290.10000000000036,swap,notBad
6762,4,293.3000000000002,4,290.10000000000036,move,improve
6763,4,293.3000000000002,4,290.10000000000036,2opt,improve
6764,4,293.3000000000002,4,290.10000000000036,2opt,improve
6765,4,293.3000000000002,4,290.10000000000036,move,improve
6766,4,293.3000000000002,4,290.10000000000036,swap,notBad
6767,4,293.3000000000002,4,290.10000000000036,move,improve
6768,4,318.60000000000036,4,290.10000000000036,swap,acceptBad
6769,4,318.60000000000036,4,290.10000000000036,move,improve
6770,4,318.60000000000036,4,290.10000000000036,2opt,improve
6771,4,385.1999999999998,4,290.10000000000036,swap,acceptBad
6772,4,385.1999999999998,4,290.10000000000036,move,improve
6773,4,385.1999999999998,4,290.10000000000036,move,improve
6774,4,385.1999999999998,4,290.10000000000036,2opt,improve
6775,4,385.1999999999998,4,290.10000000000036,swap,improve
6776,4,385.1999999999998,4,290.10000000000036,2opt,notBad
6777,4,385.1999999999998,4,290.10000000000036,swap,improve
6778,4,385.1999999999998,4,290.10000000000036,2opt,improve
6779,4,385.1999999999998,4,290.10000000000036,swap,improve
6780,4,385.1999999999998,4,290.10000000000036,swap,improve
6781,4,385.1999999999998,4,290.10000000000036,2opt,notBad
6782,4,385.1999999999998,4,290.10000000000036,swap,improve
6783,4,385.1999999999998,4,290.10000000000036,swap,improve
6784,4,385.1999999999998,4,290.10000000000036,2opt,improve
6785,4,385.1999999999998,4,290.10000000000036,move,improve
6786,4,385.1999999999998,4,290.10000000000036,swap,improve
6787,4,1534.1999999999998,4,290.10000000000036,move,acceptBad
6788,4,1534.1999999999998,4,290.10000000000036,2opt,notBad
6789,4,1534.1999999999998,4,290.10000000000036,swap,improve
6790,4,1534.1999999999998,4,290.10000000000036,swap,improve
6791,4,1534.1999999999998,4,290.10000000000036,swap,improve
6792,4,1534.1999999999998,4,290.10000000000036,2opt,improve
6793,4,1534.1999999999998,4,290.10000000000036,move,improve
6794,4,1534.1999999999998,4,290.10000000000036,move,improve
6795,4,1516.1999999999998,4,290.10000000000036,move,improve
6796,4,1516.1999999999998,4,290.10000000000036,move,improve
6797,4,1516.1999999999998,4,290.10000000000036,2opt,improve
6798,4,1516.1999999999998,4,290.10000000000036,swap,improve
6799,4,1516.1999999999998,4,290.10000000000036,2opt,notBad
6800,4,1485.000000000001,4,290.10000000000036,swap,improve
6801,4,1485.000000000001,4,290.10000000000036,move,improve
6802,4,1213.1999999999998,4,290.10000000000036,move,improve
6803,4,1213.1999999999998,4,290.10000000000036,2opt,notBad
6804,4,1213.1999999999998,4,290.10000000000036,2opt,notBad
6805,4,385.1999999999998,4,290.10000000000036,move,improve
6806,4,385.1999999999998,4,290.10000000000036,2opt,improve
6807,4,385.1999999999998,4,290.10000000000036,2opt,improve
6808,4,385.1999999999998,4,290.10000000000036,swap,improve
6809,4,385.1999999999998,4,290.10000000000036,move,improve
6810,4,385.1999999999998,4,290.10000000000036,2opt,improve
6811,4,385.1999999999998,4,290.10000000000036,swap,improve
6812,4,385.1999999999998,4,290.10000000000036,2opt,notBad
6813,4,385.1999999999998,4,290.10000000000036,swap,improve
6814,4,385.1999999999998,4,290.10000000000036,move,improve
6815,4,385.1999999999998,4,290.10000000000036,swap,improve
6816,4,385.1999999999998,4,290.10000000000036,2opt,notBad
6817,4,385.1999999999998,4,290.10000000000036,2opt,notBad
6818,4,385.1999999999998,4,290.10000000000036,move,improve
6819,4,415.5999999999999,4,290.10000000000036,swap,acceptBad
6820,4,415.4000000000001,4,290.10000000000036,move,improve
6821,4,415.4000000000001,4,290.10000000000036,move,improve
6822,4,415.4000000000001,4,290.10000000000036,swap,improve
6823,4,415.4000000000001,4,290.10000000000036,swap,improve
6824,4,415.4000000000001,4,290.10000000000036,2opt,notBad
6825,4,415.4000000000001,4,290.10000000000036,2opt,improve
6826,4,415.4000000000001,4,290.10000000000036,2opt,improve
6827,4,415.4000000000001,4,290.10000000000036,swap,improve
6828,4,415.4000000000001,4,290.10000000000036,move,improve
6829,4,415.4000000000001,4,290.10000000000036,move,improve
6830,4,415.4000000000001,4,290.10000000000036,2opt,notBad
6831,4,415.4000000000001,4,290.10000000000036,2opt,notBad
6832,4,415.4000000000001,4,290.10000000000036,swap,improve
6833,4,415.4000000000001,4,290.10000000000036,2opt,improve
6834,4,415.4000000000001,4,290.10000000000036,2opt,notBad
6835,4,415.4000000000001,4,290.10000000000036,move,improve
6836,4,415.4000000000001,4,290.10000000000036,2opt,notBad
6837,4,415.4000000000001,4,290.10000000000036,move,improve
6838,4,415.4000000000001,4,290.10000000000036,2opt,improve
6839,4,415.4000000000001,4,290.10000000000036,move,improve
6840,4,415.4000000000001,4,290.10000000000036,2opt,improve
6841,4,415.4000000000001,4,290.10000000000036,2opt,notBad
6842,4,415.4000000000001,4,290.10000000000036,move,improve
6843,4,415.4000000000001,4,290.10000000000036,2opt,improve
6844,4,415.4000000000001,4,290.10000000000036,move,improve
6845,4,415.4000000000001,4,290.10000000000036,swap,improve
6846,4,415.4000000000001,4,290.10000000000036,swap,improve
6847,4,415.4000000000001,4,290.10000000000036,swap,improve
6848,4,415.4000000000001,4,290.10000000000036,swap,improve
6849,4,415.4000000000001,4,290.10000000000036,move,notBad
6850,4,415.4000000000001,4,290.10000000000036,2opt,notBad
6851,4,415.4000000000001,4,290.10000000000036,move,improve
6852,4,415.4000000000001,4,290.10000000000036,move,improve
6853,4,415.4000000000001,4,290.10000000000036,2opt,improve
6854,4,415.4000000000001,4,290.10000000000036,2opt,improve
6855,4,415.4000000000001,4,290.10000000000036,move,improve
6856,4,415.4000000000001,4,290.10000000000036,2opt,notBad
6857,4,415.4000000000001,4,290.10000000000036,swap,improve
6858,4,415.4000000000001,4,290.10000000000036,2opt,notBad
6859,4,415.4000000000001,4,290.10000000000036,move,improve
6860,4,415.4000000000001,4,290.10000000000036,move,notBad
6861,4,415.4000000000001,4,290.10000000000036,move,improve
6862,4,415.4000000000001,4,290.10000000000036,2opt,notBad
6863,4,415.4000000000001,4,290.10000000000036,move,improve
6864,4,415.4000000000001,4,290.10000000000036,2opt,notBad
6865,4,415.4000000000001,4,290.10000000000036,swap,improve
6866,4,415.4000000000001,4,290.10000000000036,swap,improve
6867,4,415.4000000000001,4,290.10000000000036,swap,improve
6868,4,415.4000000000001,4,290.10000000000036,move,improve
6869,4,415.4000000000001,4,290.10000000000036,swap,notBad
6870,4,415.4000000000001,4,290.10000000000036,2opt,improve
6871,4,415.4000000000001,4,290.10000000000036,move,improve
6872,4,415.4000000000001,4,290.10000000000036,move,improve
6873,4,415.4000000000001,4,290.10000000000036,swap,improve
6874,4,415.4000000000001,4,290.10000000000036,move,improve
6875,4,415.4000000000001,4,290.10000000000036,move,improve
6876,4,385.0,4,290.10000000000036,move,improve
6877,4,385.0,4,290.10000000000036,swap,improve
6878,4,385.0,4,290.10000000000036,2opt,improve
6879,4,385.0,4,290.10000000000036,move,improve
6880,4,385.0,4,290.10000000000036,2opt,notBad
6881,4,385.0,4,290.10000000000036,swap,improve
6882,4,385.0,4,290.10000000000036,swap,improve
6883,4,385.0,4,290.10000000000036,swap,improve
6884,4,385.0,4,290.10000000000036,2opt,improve
6885,4,385.0,4,290.10000000000036,swap,improve
6886,4,385.0,4,290.10000000000036,swap,improve
6887,4,385.0,4,290.10000000000036,2opt,notBad
6888,4,385.0,4,290.10000000000036,move,improve
6889,4,385.0,4,290.10000000000036,2opt,improve
6890,4,385.0,4,290.10000000000036,2opt,notBad
6891,4,385.0,4,290.10000000000036,2opt,notBad
6892,4,385.0,4,290.10000000000036,swap,notBad
6893,4,385.0,4,290.10000000000036,2opt,improve
6894,4,385.0,4,290.10000000000036,swap,improve
6895,4,385.0,4,290.10000000000036,2opt,notBad
6896,4,385.0,4,290.10000000000036,move,improve
6897,4,385.0,4,290.10000000000036,2opt,notBad
6898,4,385.1999999999998,4,290.10000000000036,swap,acceptBad
6899,4,385.1999999999998,4,290.10000000000036,2opt,improve
6900,4,385.1999999999998,4,290.10000000000036,2opt,improve
6901,4,385.1999999999998,4,290.10000000000036,2opt,improve
6902,4,385.1999999999998,4,290.10000000000036,swap,improve
6903,4,385.1999999999998,4,290.10000000000036,move,improve
6904,4,385.1999999999998,4,290.10000000000036,swap,improve
6905,4,419.10000000000036,4,290.10000000000036,swap,acceptBad
6906,4,419.10000000000036,4,290.10000000000036,move,improve
6907,4,442.0999999999999,4,290.10000000000036,swap,acceptBad
6908,4,442.0999999999999,4,290.10000000000036,2opt,notBad
6909,4,442.0999999999999,4,290.10000000000036,move,improve
6910,4,442.0999999999999,4,290.10000000000036,2opt,notBad
6911,4,442.0999999999999,4,290.10000000000036,swap,improve
6912,4,442.0999999999999,4,290.10000000000036,move,improve
6913,4,442.0999999999999,4,290.10000000000036,move,improve
6914,4,442.0999999999999,4,290.10000000000036,2opt,notBad
6915,4,442.0999999999999,4,290.10000000000036,move,improve
6916,4,442.0999999999999,4,290.10000000000036,2opt,notBad
6917,4,410.89999999999964,4,290.10000000000036,move,improve
6918,4,442.0999999999999,4,290.10000000000036,swap,acceptBad
6919,4,442.0999999999999,4,290.10000000000036,2opt,improve
6920,4,442.0999999999999,4,290.10000000000036,move,improve
6921,4,442.0999999999999,4,290.10000000000036,move,improve
6922,4,442.0999999999999,4,290.10000000000036,2opt,notBad
6923,4,442.0999999999999,4,290.10000000000036,swap,improve
6924,4,442.0999999999999,4,290.10000000000036,swap,improve
6925,4,442.0999999999999,4,290.10000000000036,move,improve
6926,4,442.0999999999999,4,290.10000000000036,swap,improve
6927,4,442.0999999999999,4,290.10000000000036,move,improve
6928,4,442.0999999999999,4,290.10000000000036,move,improve
6929,4,442.0999999999999,4,290.10000000000036,2opt,notBad
6930,4,442.0999999999999,4,290.10000000000036,swap,improve
6931,4,442.0999999999999,4,290.10000000000036,swap,improve
6932,4,442.0999999999999,4,290.10000000000036,move,improve
6933,4,442.0999999999999,4,290.10000000000036,2opt,notBad
6934,4,442.0999999999999,4,290.10000000000036,move,improve
6935,4,442.0999999999999,4,290.10000000000036,swap,improve
6936,4,442.0999999999999,4,290.10000000000036,2opt,notBad
6937,4,442.0999999999999,4,290.10000000000036,swap,improve
6938,4,442.0999999999999,4,290.10000000000036,2opt,notBad
6939,4,442.0999999999999,4,290.10000000000036,2opt,notBad
6940,4,442.0999999999999,4,290.10000000000036,swap,improve
6941,4,322.9000000000001,4,290.10000000000036,move,improve
6942,4,322.9000000000001,4,290.10000000000036,swap,notBad
6943,4,369.0,4,290.10000000000036,2opt,acceptBad
6944,4,369.0,4,290.10000000000036,2opt,notBad
6945,4,369.0,4,290.10000000000036,move,improve
6946,4,305.5,4,290.10000000000036,swap,improve
6947,4,305.5,4,290.10000000000036,swap,improve
6948,4,305.5,4,290.10000000000036,move,improve
6949,4,305.5,4,290.10000000000036,2opt,notBad
6950,4,305.5,4,290.10000000000036,2opt,notBad
6951,4,305.5,4,290.10000000000036,move,improve
6952,4,305.5,4,290.10000000000036,move,improve
6953,4,305.3000000000002,4,290.10000000000036,swap,improve
6954,4,305.3000000000002,4,290.10000000000036,swap,improve
6955,4,305.3000000000002,4,290.10000000000036,swap,improve
6956,4,305.3000000000002,4,290.10000000000036,move,improve
6957,4,305.3000000000002,4,290.10000000000036,move,improve
6958,4,305.3000000000002,4,290.10000000000036,move,improve
6959,4,305.3000000000002,4,290.10000000000036,swap,improve
6960,4,305.3000000000002,4,290.10000000000036,swap,improve
6961,4,305.3000000000002,4,290.10000000000036,swap,improve
6962,4,322.5999999999999,4,290.10000000000036,2opt,acceptBad
6963,4,322.5999999999999,4,290.10000000000036,move,improve
6964,4,348.1999999999998,4,290.10000000000036,swap,acceptBad
6965,4,348.1999999999998,4,290.10000000000036,move,improve
6966,4,348.1999999999998,4,290.10000000000036,2opt,improve
6967,4,348.1999999999998,4,290.10000000000036,move,improve
6968,4,338.59999999999945,4,290.10000000000036,swap,improve
6969,4,338.59999999999945,4,290.10000000000036,move,improve
6970,4,342.0999999999999,4,290.10000000000036,swap,acceptBad
6971,4,342.0999999999999,4,290.10000000000036,2opt,notBad
6972,4,342.0999999999999,4,290.10000000000036,move,improve
6973,4,342.0999999999999,4,290.10000000000036,swap,improve
6974,4,358.0,4,290.10000000000036,swap,acceptBad
6975,4,358.0,4,290.10000000000036,2opt,notBad
6976,4,358.0,4,290.10000000000036,swap,improve
6977,4,358.0,4,290.10000000000036,move,improve
6978,4,358.0,4,290.10000000000036,2opt,improve
6979,4,358.0,4,290.10000000000036,swap,improve
6980,4,358.0,4,290.10000000000036,2opt,improve
6981,4,358.0,4,290.10000000000036,swap,improve
6982,4,358.0,4,290.10000000000036,2opt,notBad
6983,4,358.0,4,290.10000000000036,2opt,improve
6984,4,358.0,4,290.10000000000036,swap,improve
6985,4,358.0,4,290.10000000000036,move,improve
6986,4,358.0,4,290.10000000000036,swap,improve
6987,4,358.0,4,290.10000000000036,2opt,notBad
6988,4,358.0,4,290.10000000000036,2opt,notBad
6989,4,358.0,4,290.10000000000036,swap,improve
6990,4,358.0,4,290.10000000000036,move,improve
6991,4,358.0,4,290.10000000000036,swap,improve
6992,4,501.2999999999997,4,290.10000000000036,swap,acceptBad
6993,4,501.2999999999997,4,290.10000000000036,swap,improve
6994,4,501.2999999999997,4,290.10000000000036,2opt,improve
6995,4,501.2999999999997,4,290.10000000000036,swap,improve
6996,4,501.2999999999997,4,290.10000000000036,move,improve
6997,4,431.99999999999955,4,290.10000000000036,move,improve
6998,4,431.99999999999955,4,290.10000000000036,move,improve
6999,4,431.99999999999955,4,290.10000000000036,2opt,notBad
7000,4,552.6999999999994,4,290.10000000000036,swap,acceptBad
7001,4,552.6999999999994,4,290.10000000000036,2opt,notBad
7002,4,445.5,4,290.10000000000036,move,improve
7003,4,445.5,4,290.10000000000036,swap,improve
7004,4,445.5,4,290.10000000000036,swap,improve
7005,4,445.5,4,290.10000000000036,move,improve
7006,4,445.5,4,290.10000000000036,swap,improve
7007,4,445.5,4,290.10000000000036,2opt,notBad
7008,4,445.5,4,290.10000000000036,move,improve
7009,4,445.5,4,290.10000000000036,move,improve
7010,4,445.5,4,290.10000000000036,2opt,notBad
7011,4,445.5,4,290.10000000000036,2opt,notBad
7012,4,445.5,4,290.10000000000036,swap,improve
7013,4,429.60000000000036,4,290.10000000000036,move,improve
7014,4,429.60000000000036,4,290.10000000000036,move,improve
7015,4,429.60000000000036,4,290.10000000000036,2opt,notBad
7016,4,429.60000000000036,4,290.10000000000036,swap,notBad
7017,4,429.60000000000036,4,290.10000000000036,swap,improve
7018,4,418.4000000000001,4,290.10000000000036,swap,improve
7019,4,418.4000000000001,4,290.10000000000036,move,improve
7020,4,418.4000000000001,4,290.10000000000036,2opt,notBad
7021,4,418.4000000000001,4,290.10000000000036,2opt,notBad
7022,4,418.4000000000001,4,290.10000000000036,2opt,notBad
7023,4,418.4000000000001,4,290.10000000000036,move,improve
7024,4,418.4000000000001,4,290.10000000000036,2opt,improve
7025,4,418.4000000000001,4,290.10000000000036,move,improve
7026,4,418.4000000000001,4,290.10000000000036,move,improve
7027,4,418.4000000000001,4,290.10000000000036,2opt,notBad
7028,4,418.4000000000001,4,290.10000000000036,swap,improve
7029,4,418.4000000000001,4,290.10000000000036,move,improve
7030,4,315.00000000000045,4,290.10000000000036,move,improve
7031,4,315.00000000000045,4,290.10000000000036,move,improve
7032,4,315.00000000000045,4,290.10000000000036,swap,improve
7033,4,315.00000000000045,4,290.10000000000036,2opt,notBad
7034,4,354.80000000000064,4,290.10000000000036,move,acceptBad
7035,4,325.99999999999955,4,290.10000000000036,swap,improve
7036,4,325.99999999999955,4,290.10000000000036,move,improve
7037,4,325.99999999999955,4,290.10000000000036,2opt,notBad
7038,4,325.99999999999955,4,290.10000000000036,move,improve
7039,4,325.99999999999955,4,290.10000000000036,swap,notBad
7040,4,325.99999999999955,4,290.10000000000036,move,improve
7041,4,336.99999999999955,4,290.10000000000036,swap,acceptBad
7042,4,336.99999999999955,4,290.10000000000036,move,improve
7043,4,383.3999999999992,4,290.10000000000036,swap,acceptBad
7044,4,383.3999999999992,4,290.10000000000036,move,improve
7045,4,383.3999999999992,4,290.10000000000036,swap,improve
7046,4,383.3999999999992,4,290.10000000000036,move,improve
7047,4,383.3999999999992,4,290.10000000000036,swap,improve
7048,4,383.3999999999992,4,290.10000000000036,move,improve
7049,4,383.3999999999992,4,290.10000000000036,2opt,notBad
7050,4,383.3999999999992,4,290.10000000000036,2opt,notBad
7051,4,383.3999999999992,4,290.10000000000036,2opt,notBad
7052,4,383.3999999999992,4,290.10000000000036,swap,notBad
7053,4,383.3999999999992,4,290.10000000000036,move,improve
7054,4,383.3999999999992,4,290.10000000000036,move,improve
7055,4,383.3999999999992,4,290.10000000000036,move,improve
7056,4,383.3999999999992,4,290.10000000000036,swap,improve
7057,4,383.3999999999992,4,290.10000000000036,2opt,notBad
7058,4,383.3999999999992,4,290.10000000000036,2opt,notBad
7059,4,383.3999999999992,4,290.10000000000036,swap,improve
7060,4,383.3999999999992,4,290.10000000000036,2opt,notBad
7061,4,383.3999999999992,4,290.10000000000036,move,improve
7062,4,361.8000000000002,4,290.10000000000036,swap,improve
7063,4,361.8000000000002,4,290.10000000000036,2opt,notBad
7064,4,361.8000000000002,4,290.10000000000036,2opt,notBad
7065,4,446.39999999999964,4,290.10000000000036,swap,acceptBad
7066,4,412.8000000000002,4,290.10000000000036,2opt,improve
7067,4,353.8000000000002,4,290.10000000000036,move,improve
7068,4,353.8000000000002,4,290.10000000000036,swap,improve
7069,4,353.8000000000002,4,290.10000000000036,swap,improve
7070,4,353.8000000000002,4,290.10000000000036,2opt,notBad
7071,4,353.8000000000002,4,290.10000000000036,2opt,improve
7072,4,353.8000000000002,4,290.10000000000036,swap,improve
7073,4,353.8000000000002,4,290.10000000000036,move,improve
7074,4,353.8000000000002,4,290.10000000000036,2opt,notBad
7075,4,353.8000000000002,4,290.10000000000036,move,improve
7076,4,353.8000000000002,4,290.10000000000036,move,improve
7077,4,353.8000000000002,4,290.10000000000036,2opt,improve
7078,4,353.8000000000002,4,290.10000000000036,swap,improve
7079,4,353.8000000000002,4,290.10000000000036,2opt,improve
7080,4,353.8000000000002,4,290.10000000000036,move,improve
7081,4,325.1999999999998,4,290.10000000000036,move,improve
7082,4,353.8000000000002,4,290.10000000000036,swap,acceptBad
7083,4,353.8000000000002,4,290.10000000000036,2opt,notBad
7084,4,353.8000000000002,4,290.10000000000036,2opt,notBad
7085,4,409.3999999999992,4,290.10000000000036,swap,acceptBad
7086,4,409.3999999999992,4,290.10000000000036,move,improve
7087,4,409.3999999999992,4,290.10000000000036,move,improve
7088,4,409.3999999999992,4,290.10000000000036,2opt,notBad
7089,4,409.3999999999992,4,290.10000000000036,2opt,notBad
7090,4,409.3999999999992,4,290.10000000000036,swap,improve
7091,4,409.3999999999992,4,290.10000000000036,2opt,improve
7092,4,409.3999999999992,4,290.10000000000036,swap,improve
7093,4,409.3999999999992,4,290.10000000000036,2opt,improve
7094,4,409.3999999999992,4,290.10000000000036,swap,notBad
7095,4,409.3999999999992,4,290.10000000000036,move,improve
7096,4,409.3999999999992,4,290.10000000000036,swap,improve
7097,4,409.3999999999992,4,290.10000000000036,swap,improve
7098,4,409.3999999999992,4,290.10000000000036,move,improve
7099,4,189.29999999999973,4,189.29999999999973,move,newBest
7100,4,189.29999999999973,4,189.29999999999973,move,improve
7101,4,189.29999999999973,4,189.29999999999973,swap,notBad
7102,4,189.29999999999973,4,189.29999999999973,move,improve
7103,4,189.29999999999973,4,189.29999999999973,2opt,notBad
7104,4,189.29999999999973,4,189.29999999999973,move,improve
7105,4,189.29999999999973,4,189.29999999999973,move,improve
7106,4,189.29999999999973,4,189.29999999999973,move,improve
7107,4,189.29999999999973,4,189.29999999999973,2opt,improve
7108,4,189.29999999999973,4,189.29999999999973,2opt,notBad
7109,4,189.29999999999973,4,189.29999999999973,move,improve
7110,4,189.29999999999973,4,189.29999999999973,2opt,notBad
7111,4,189.29999999999973,4,189.29999999999973,2opt,notBad
7112,4,189.29999999999973,4,189.29999999999973,move,improve
7113,4,189.29999999999973,4,189.29999999999973,2opt,notBad
7114,4,189.29999999999973,4,189.29999999999973,swap,notBad
7115,4,189.29999999999973,4,189.29999999999973,2opt,notBad
7116,4,189.29999999999973,4,189.29999999999973,2opt,improve
7117,4,189.29999999999973,4,189.29999999999973,2opt,notBad
7118,4,189.29999999999973,4,189.29999999999973,swap,improve
7119,4,180.69999999999982,4,180.69999999999982,move,newBest
7120,4,180.69999999999982,4,180.69999999999982,2opt,notBad
7121,4,180.69999999999982,4,180.69999999999982,2opt,notBad
7122,4,180.69999999999982,4,180.69999999999982,2opt,notBad
7123,4,180.69999999999982,4,180.69999999999982,2opt,notBad
7124,4,180.69999999999982,4,180.69999999999982,2opt,notBad
7125,4,180.69999999999982,4,180.69999999999982,swap,notBad
7126,4,180.69999999999982,4,180.69999999999982,move,improve
7127,4,180.69999999999982,4,180.69999999999982,2opt,notBad
7128,4,180.69999999999982,4,180.69999999999982,move,improve
7129,4,180.69999999999982,4,180.69999999999982,swap,improve
7130,4,180.69999999999982,4,180.69999999999982,swap,improve
7131,4,180.69999999999982,4,180.69999999999982,2opt,notBad
7132,4,180.69999999999982,4,180.69999999999982,2opt,notBad
7133,4,175.10000000000082,4,175.10000000000082,move,newBest
7134,4,175.10000000000082,4,175.10000000000082,2opt,notBad
7135,4,175.10000000000082,4,175.10000000000082,2opt,notBad
7136,4,175.10000000000082,4,175.10000000000082,2opt,notBad
7137,4,175.10000000000082,4,175.10000000000082,move,improve
7138,4,175.10000000000082,4,175.10000000000082,swap,notBad
7139,4,175.10000000000082,4,175.10000000000082,swap,improve
7140,4,175.10000000000082,4,175.10000000000082,swap,improve
7141,4,175.10000000000082,4,175.10000000000082,swap,improve
7142,4,140.4000000000001,4,140.4000000000001,swap,newBest
7143,4,140.4000000000001,4,140.4000000000001,2opt,notBad
7144,4,118.80000000000018,4,118.80000000000018,swap,newBest
7145,4,118.80000000000018,4,118.80000000000018,2opt,notBad
7146,4,118.80000000000018,4,118.80000000000018,move,improve
7147,4,118.80000000000018,4,118.80000000000018,2opt,notBad
7148,4,118.80000000000018,4,118.80000000000018,move,improve
7149,4,34.40000000000009,4,34.40000000000009,move,newBest
7150,4,34.40000000000009,4,34.40000000000009,2opt,notBad
7151,4,34.40000000000009,4,34.40000000000009,move,improve
7152,4,34.40000000000009,4,34.40000000000009,move,improve
7153,4,34.40000000000009,4,34.40000000000009,2opt,improve
7154,4,34.40000000000009,4,34.40000000000009,move,improve
7155,4,34.40000000000009,4,34.40000000000009,move,improve
7156,4,34.40000000000009,4,34.40000000000009,2opt,notBad
7157,4,34.40000000000009,4,34.40000000000009,2opt,improve
7158,4,34.40000000000009,4,34.40000000000009,2opt,notBad
7159,4,34.40000000000009,4,34.40000000000009,2opt,improve
7160,4,34.40000000000009,4,34.40000000000009,2opt,notBad
7161,4,34.40000000000009,4,34.40000000000009,swap,notBad
7162,4,34.40000000000009,4,34.40000000000009,move,improve
7163,4,34.40000000000009,4,34.40000000000009,move,improve
7164,4,34.40000000000009,4,34.40000000000009,move,improve
7165,4,36.5,4,34.40000000000009,swap,acceptBad
7166,4,36.5,4,34.40000000000009,2opt,notBad
7167,4,36.5,4,34.40000000000009,move,improve
7168,4,36.5,4,34.40000000000009,move,improve
7169,4,36.5,4,34.40000000000009,2opt,notBad
7170,4,36.5,4,34.40000000000009,move,improve
7171,4,36.5,4,34.40000000000009,swap,improve
7172,4,36.5,4,34.40000000000009,2opt,notBad
7173,4,36.5,4,34.40000000000009,swap,improve
7174,4,36.5,4,34.40000000000009,move,improve
7175,4,36.5,4,34.40000000000009,2opt,notBad
7176,4,36.5,4,34.40000000000009,move,improve
7177,4,36.5,4,34.40000000000009,move,improve
7178,4,36.5,4,34.40000000000009,2opt,improve
7179,4,36.5,4,34.40000000000009,swap,improve
7180,4,36.5,4,34.40000000000009,swap,improve
7181,4,36.5,4,34.40000000000009,move,improve
7182,4,36.5,4,34.40000000000009,2opt,notBad
7183,4,36.5,4,34.40000000000009,swap,notBad
7184,4,36.5,4,34.40000000000009,move,improve
7185,4,36.5,4,34.40000000000009,2opt,notBad
7186,4,36.5,4,34.40000000000009,2opt,notBad
7187,4,36.5,4,34.40000000000009,swap,improve
7188,4,36.5,4,34.40000000000009,move,improve
7189,4,34.40000000000009,4,34.40000000000009,swap,improve
7190,4,34.40000000000009,4,34.40000000000009,move,improve
7191,4,34.40000000000009,4,34.40000000000009,2opt,notBad
7192,4,34.40000000000009,4,34.40000000000009,2opt,notBad
7193,4,34.40000000000009,4,34.40000000000009,move,improve
7194,4,34.40000000000009,4,34.40000000000009,move,improve
7195,4,34.40000000000009,4,34.40000000000009,2opt,notBad
7196,4,34.40000000000009,4,34.40000000000009,2opt,improve
7197,4,34.40000000000009,4,34.40000000000009,2opt,improve
7198,4,34.40000000000009,4,34.40000000000009,2opt,improve
7199,4,34.40000000000009,4,34.40000000000009,move,improve
7200,4,34.40000000000009,4,34.40000000000009,2opt,notBad
7201,4,34.40000000000009,4,34.40000000000009,2opt,notBad
7202,4,36.5,4,34.40000000000009,swap,acceptBad
7203,4,36.5,4,34.40000000000009,swap,notBad
7204,4,36.5,4,34.40000000000009,swap,improve
7205,4,36.5,4,34.40000000000009,2opt,notBad
7206,4,36.5,4,34.40000000000009,swap,notBad
7207,4,36.5,4,34.40000000000009,2opt,improve
7208,4,36.5,4,34.40000000000009,move,improve
7209,4,36.5,4,34.40000000000009,2opt,notBad
7210,4,36.5,4,34.40000000000009,move,improve
7211,4,36.5,4,34.40000000000009,move,improve
7212,4,36.5,4,34.40000000000009,move,improve
7213,4,36.5,4,34.40000000000009,move,improve
7214,4,36.5,4,34.40000000000009,move,improve
7215,4,36.5,4,34.40000000000009,2opt,notBad
7216,4,36.5,4,34.40000000000009,2opt,notBad
7217,4,36.5,4,34.40000000000009,2opt,notBad
7218,4,36.5,4,34.40000000000009,2opt,notBad
7219,4,36.5,4,34.40000000000009,move,improve
7220,4,36.5,4,34.40000000000009,move,improve
7221,4,36.5,4,34.40000000000009,swap,improve
7222,4,36.5,4,34.40000000000009,2opt,notBad
7223,4,36.5,4,34.40000000000009,2opt,notBad
7224,4,36.5,4,34.40000000000009,move,improve
7225,4,36.5,4,34.40000000000009,move,improve
7226,4,36.5,4,34.40000000000009,2opt,notBad
7227,4,36.5,4,34.40000000000009,2opt,notBad
7228,4,36.5,4,34.40000000000009,swap,improve
7229,4,36.5,4,34.40000000000009,2opt,notBad
7230,4,36.5,4,34.40000000000009,move,improve
7231,4,36.5,4,34.40000000000009,2opt,notBad
7232,4,36.5,4,34.40000000000009,move,improve
7233,4,36.5,4,34.40000000000009,2opt,notBad
7234,4,36.5,4,34.40000000000009,2opt,notBad
7235,4,36.5,4,34.40000000000009,move,improve
7236,4,36.5,4,34.40000000000009,2opt,notBad
7237,4,36.5,4,34.40000000000009,2opt,notBad
7238,4,36.5,4,34.40000000000009,2opt,notBad
7239,4,36.5,4,34.40000000000009,move,improve
7240,4,36.5,4,34.40000000000009,2opt,notBad
7241,4,36.5,4,34.40000000000009,2opt,notBad
7242,4,34.100000000000364,4,34.100000000000364,swap,newBest
7243,4,34.100000000000364,4,34.100000000000364,2opt,notBad
7244,4,34.100000000000364,4,34.100000000000364,swap,notBad
7245,4,34.100000000000364,4,34.100000000000364,move,improve
7246,4,34.100000000000364,4,34.100000000000364,swap,improve
7247,4,34.100000000000364,4,34.100000000000364,move,improve
7248,4,34.100000000000364,4,34.100000000000364,swap,improve
7249,4,34.100000000000364,4,34.100000000000364,2opt,notBad
7250,4,69.79999999999973,4,34.100000000000364,swap,acceptBad
7251,4,69.79999999999973,4,34.100000000000364,move,improve
7252,4,69.79999999999973,4,34.100000000000364,swap,improve
7253,4,69.79999999999973,4,34.100000000000364,move,improve
7254,4,69.79999999999973,4,34.100000000000364,2opt,notBad
7255,4,69.79999999999973,4,34.100000000000364,2opt,notBad
7256,4,69.79999999999973,4,34.100000000000364,2opt,notBad
7257,4,69.79999999999973,4,34.100000000000364,move,improve
7258,4,69.79999999999973,4,34.100000000000364,2opt,notBad
7259,4,69.79999999999973,4,34.100000000000364,move,improve
7260,4,69.79999999999973,4,34.100000000000364,2opt,notBad
7261,4,69.79999999999973,4,34.100000000000364,2opt,notBad
7262,4,69.79999999999973,4,34.100000000000364,move,improve
7263,4,69.79999999999973,4,34.100000000000364,move,improve
7264,4,69.79999999999973,4,34.100000000000364,swap,notBad
7265,4,69.79999999999973,4,34.100000000000364,2opt,notBad
7266,4,69.79999999999973,4,34.100000000000364,2opt,notBad
7267,4,69.79999999999973,4,34.100000000000364,move,improve
7268,4,69.79999999999973,4,34.100000000000364,2opt,notBad
7269,4,69.79999999999973,4,34.100000000000364,swap,improve
7270,4,69.79999999999973,4,34.100000000000364,swap,improve
7271,4,69.79999999999973,4,34.100000000000364,2opt,improve
7272,4,69.79999999999973,4,34.100000000000364,move,improve
7273,4,69.79999999999973,4,34.100000000000364,2opt,notBad
7274,4,69.79999999999973,4,34.100000000000364,move,improve
7275,4,69.79999999999973,4,34.100000000000364,move,improve
7276,4,69.79999999999973,4,34.100000000000364,2opt,notBad
7277,4,69.79999999999973,4,34.100000000000364,swap,improve
7278,4,69.79999999999973,4,34.100000000000364,swap,improve
7279,4,69.79999999999973,4,34.100000000000364,move,improve
7280,4,69.79999999999973,4,34.100000000000364,2opt,notBad
7281,4,69.79999999999973,4,34.100000000000364,swap,improve
7282,4,63.79999999999973,4,34.100000000000364,move,improve
7283,4,63.79999999999973,4,34.100000000000364,2opt,improve
7284,4,63.79999999999973,4,34.100000000000364,move,improve
7285,4,63.79999999999973,4,34.100000000000364,swap,improve
7286,4,63.79999999999973,4,34.100000000000364,move,notBad
7287,4,63.79999999999973,4,34.100000000000364,swap,notBad
7288,4,63.79999999999973,4,34.100000000000364,swap,improve
7289,4,63.79999999999973,4,34.100000000000364,swap,improve
7290,4,63.79999999999973,4,34.100000000000364,swap,improve
7291,4,63.79999999999973,4,34.100000000000364,2opt,notBad
7292,4,63.79999999999973,4,34.100000000000364,move,improve
7293,4,63.79999999999973,4,34.100000000000364,swap,improve
7294,4,63.79999999999973,4,34.100000000000364,move,improve
7295,4,63.79999999999973,4,34.100000000000364,2opt,notBad
7296,4,63.79999999999973,4,34.100000000000364,move,improve
7297,4,63.79999999999973,4,34.100000000000364,2opt,improve
7298,4,63.79999999999973,4,34.100000000000364,swap,improve
7299,4,63.79999999999973,4,34.100000000000364,move,improve
7300,4,63.79999999999973,4,34.100000000000364,move,improve
7301,4,63.79999999999973,4,34.100000000000364,move,improve
7302,4,63.79999999999973,4,34.100000000000364,2opt,notBad
7303,4,63.79999999999973,4,34.100000000000364,2opt,notBad
7304,4,63.79999999999973,4,34.100000000000364,2opt,notBad
7305,4,63.79999999999973,4,34.100000000000364,2opt,notBad
7306,4,63.79999999999973,4,34.100000000000364,swap,improve
7307,4,63.79999999999973,4,34.100000000000364,move,improve
7308,4,63.79999999999973,4,34.100000000000364,2opt,notBad
7309,4,63.79999999999973,4,34.100000000000364,move,improve
7310,4,63.79999999999973,4,34.100000000000364,swap,improve
7311,4,63.79999999999973,4,34.100000000000364,move,improve
7312,4,63.79999999999973,4,34.100000000000364,move,improve
7313,4,63.79999999999973,4,34.100000000000364,move,notBad
7314,4,63.79999999999973,4,34.100000000000364,2opt,notBad
7315,4,63.79999999999973,4,34.100000000000364,swap,notBad
7316,4,63.79999999999973,4,34.100000000000364,move,improve
7317,4,63.79999999999973,4,34.100000000000364,swap,improve
7318,4,63.79999999999973,4,34.100000000000364,swap,improve
7319,4,63.79999999999973,4,34.100000000000364,swap,improve
7320,4,63.79999999999973,4,34.100000000000364,move,improve
7321,4,63.79999999999973,4,34.100000000000364,2opt,improve
7322,4,63.79999999999973,4,34.100000000000364,move,improve
7323,4,63.79999999999973,4,34.100000000000364,move,improve
7324,4,63.79999999999973,4,34.100000000000364,2opt,notBad
7325,4,63.79999999999973,4,34.100000000000364,swap,notBad
7326,4,63.79999999999973,4,34.100000000000364,swap,improve
7327,4,63.79999999999973,4,34.100000000000364,2opt,notBad
7328,4,63.79999999999973,4,34.100000000000364,2opt,notBad
7329,4,63.79999999999973,4,34.100000000000364,swap,improve
7330,4,63.79999999999973,4,34.100000000000364,move,improve
7331,4,63.79999999999973,4,34.100000000000364,2opt,improve
7332,4,63.79999999999973,4,34.100000000000364,swap,improve
7333,4,63.79999999999973,4,34.100000000000364,swap,improve
7334,4,63.79999999999973,4,34.100000000000364,swap,improve
7335,4,63.79999999999973,4,34.100000000000364,swap,notBad
7336,4,63.79999999999973,4,34.100000000000364,move,improve
7337,4,63.79999999999973,4,34.100000000000364,2opt,notBad
7338,4,63.79999999999973,4,34.100000000000364,move,improve
7339,4,63.79999999999973,4,34.100000000000364,swap,improve
7340,4,63.79999999999973,4,34.100000000000364,move,improve
7341,4,63.79999999999973,4,34.100000000000364,2opt,improve
7342,4,368.59999999999945,4,34.100000000000364,move,acceptBad
7343,4,384.09999999999945,4,34.100000000000364,swap,acceptBad
7344,4,384.09999999999945,4,34.100000000000364,2opt,notBad
7345,4,384.09999999999945,4,34.100000000000364,move,improve
7346,4,384.09999999999945,4,34.100000000000364,2opt,improve
7347,4,384.09999999999945,4,34.100000000000364,2opt,notBad
7348,4,384.09999999999945,4,34.100000000000364,swap,improve
7349,4,384.09999999999945,4,34.100000000000364,move,improve
7350,4,384.09999999999945,4,34.100000000000364,move,improve
7351,4,384.09999999999945,4,34.100000000000364,move,improve
7352,4,384.09999999999945,4,34.100000000000364,swap,improve
7353,4,384.09999999999945,4,34.100000000000364,2opt,notBad
7354,4,384.09999999999945,4,34.100000000000364,move,improve
7355,4,384.09999999999945,4,34.100000000000364,2opt,notBad
7356,4,384.09999999999945,4,34.100000000000364,swap,improve
7357,4,434.09999999999945,4,34.100000000000364,swap,acceptBad
7358,4,434.09999999999945,4,34.100000000000364,swap,improve
7359,4,434.09999999999945,4,34.100000000000364,swap,notBad
7360,4,434.09999999999945,4,34.100000000000364,2opt,notBad
7361,4,434.09999999999945,4,34.100000000000364,swap,improve
7362,4,434.09999999999945,4,34.100000000000364,move,improve
7363,4,434.09999999999945,4,34.100000000000364,swap,improve
7364,4,384.09999999999945,4,34.100000000000364,2opt,improve
7365,4,97.09999999999991,4,34.100000000000364,move,improve
7366,4,97.09999999999991,4,34.100000000000364,2opt,improve
7367,4,97.09999999999991,4,34.100000000000364,2opt,improve
7368,4,97.09999999999991,4,34.100000000000364,2opt,notBad
7369,4,97.09999999999991,4,34.100000000000364,2opt,notBad
7370,4,97.09999999999991,4,34.100000000000364,2opt,notBad
7371,4,104.69999999999982,4,34.100000000000364,swap,acceptBad
7372,4,104.69999999999982,4,34.100000000000364,swap,improve
7373,4,104.69999999999982,4,34.100000000000364,swap,notBad
7374,4,104.69999999999982,4,34.100000000000364,2opt,improve
7375,4,104.69999999999982,4,34.100000000000364,2opt,improve
7376,4,104.69999999999982,4,34.100000000000364,move,improve
7377,4,104.69999999999982,4,34.100000000000364,2opt,improve
7378,4,104.69999999999982,4,34.100000000000364,2opt,notBad
7379,4,104.69999999999982,4,34.100000000000364,move,improve
7380,4,104.69999999999982,4,34.100000000000364,move,improve
7381,4,104.69999999999982,4,34.100000000000364,2opt,notBad
7382,4,104.69999999999982,4,34.100000000000364,swap,improve
7383,4,104.69999999999982,4,34.100000000000364,move,improve
7384,4,104.69999999999982,4,34.100000000000364,move,improve
7385,4,104.69999999999982,4,34.100000000000364,2opt,notBad
7386,4,104.69999999999982,4,34.100000000000364,swap,improve
7387,4,104.69999999999982,4,34.100000000000364,swap,improve
7388,4,104.69999999999982,4,34.100000000000364,2opt,improve
7389,4,104.69999999999982,4,34.100000000000364,2opt,notBad
7390,4,104.69999999999982,4,34.100000000000364,2opt,notBad
7391,4,104.69999999999982,4,34.100000000000364,swap,notBad
7392,4,104.69999999999982,4,34.100000000000364,swap,improve
7393,4,104.69999999999982,4,34.100000000000364,2opt,notBad
7394,4,109.69999999999982,4,34.100000000000364,move,acceptBad
7395,4,109.69999999999982,4,34.100000000000364,2opt,notBad
7396,4,109.69999999999982,4,34.100000000000364,swap,improve
7397,4,109.69999999999982,4,34.100000000000364,move,improve
7398,4,111.0,4,34.100000000000364,swap,acceptBad
7399,4,111.0,4,34.100000000000364,move,improve
7400,4,111.0,4,34.100000000000364,swap,improve
7401,4,111.0,4,34.100000000000364,swap,improve
7402,4,111.0,4,34.100000000000364,swap,improve
7403,4,111.0,4,34.100000000000364,move,improve
7404,4,111.0,4,34.100000000000364,move,improve
7405,4,111.0,4,34.100000000000364,2opt,notBad
7406,4,111.0,4,34.100000000000364,2opt,improve
7407,4,111.0,4,34.100000000000364,swap,notBad
7408,4,111.0,4,34.100000000000364,2opt,improve
7409,4,111.0,4,34.100000000000364,2opt,notBad
7410,4,111.0,4,34.100000000000364,move,improve
7411,4,106.0,4,34.100000000000364,swap,improve
7412,4,106.0,4,34.100000000000364,move,improve
7413,4,106.0,4,34.100000000000364,move,improve
7414,4,106.0,4,34.100000000000364,move,improve
7415,4,106.0,4,34.100000000000364,2opt,notBad
7416,4,106.0,4,34.100000000000364,move,improve
7417,4,106.0,4,34.100000000000364,2opt,notBad
7418,4,106.0,4,34.100000000000364,swap,improve
7419,4,106.0,4,34.100000000000364,2opt,notBad
7420,4,106.0,4,34.100000000000364,swap,notBad
7421,4,106.0,4,34.100000000000364,move,improve
7422,4,106.0,4,34.100000000000364,move,improve
7423,4,106.0,4,34.100000000000364,swap,improve
7424,4,106.0,4,34.100000000000364,2opt,notBad
7425,4,106.0,4,34.100000000000364,2opt,improve
7426,4,106.0,4,34.100000000000364,2opt,notBad
7427,4,106.0,4,34.100000000000364,move,improve
7428,4,147.09999999999945,4,34.100000000000364,swap,acceptBad
7429,4,147.09999999999945,4,34.100000000000364,move,improve
7430,4,147.09999999999945,4,34.100000000000364,move,improve
7431,4,147.09999999999945,4,34.100000000000364,move,improve
7432,4,147.09999999999945,4,34.100000000000364,2opt,notBad
7433,4,147.09999999999945,4,34.100000000000364,2opt,notBad
7434,4,147.09999999999945,4,34.100000000000364,swap,improve
7435,4,147.09999999999945,4,34.100000000000364,2opt,notBad
7436,4,152.09999999999945,4,34.100000000000364,move,acceptBad
7437,4,152.09999999999945,4,34.100000000000364,move,improve
7438,4,152.09999999999945,4,34.100000000000364,move,improve
7439,4,152.09999999999945,4,34.100000000000364,move,improve
7440,4,152.09999999999945,4,34.100000000000364,swap,improve
7441,4,152.09999999999945,4,34.100000000000364,2opt,notBad
7442,4,152.09999999999945,4,34.100000000000364,move,improve
7443,4,152.09999999999945,4,34.100000000000364,2opt,improve
7444,4,152.09999999999945,4,34.100000000000364,2opt,improve
7445,4,147.09999999999945,4,34.100000000000364,move,improve
7446,4,147.09999999999945,4,34.100000000000364,move,improve
7447,4,147.09999999999945,4,34.100000000000364,move,improve
7448,4,147.09999999999945,4,34.100000000000364,2opt,notBad
7449,4,147.09999999999945,4,34.100000000000364,2opt,improve
7450,4,190.49999999999864,4,34.100000000000364,swap,acceptBad
7451,4,190.49999999999864,4,34.100000000000364,move,improve
7452,4,190.49999999999864,4,34.100000000000364,2opt,notBad
7453,4,190.49999999999864,4,34.100000000000364,2opt,notBad
7454,4,190.49999999999864,4,34.100000000000364,2opt,notBad
7455,4,190.49999999999864,4,34.100000000000364,move,improve
7456,4,190.49999999999864,4,34.100000000000364,2opt,improve
7457,4,190.49999999999864,4,34.100000000000364,move,improve
7458,4,190.49999999999864,4,34.100000000000364,move,improve
7459,4,190.49999999999864,4,34.100000000000364,2opt,notBad
7460,4,190.49999999999864,4,34.100000000000364,move,improve
7461,4,102.09999999999945,4,34.100000000000364,move,improve
7462,4,102.09999999999945,4,34.100000000000364,swap,improve
7463,4,102.09999999999945,4,34.100000000000364,2opt,improve
7464,4,102.09999999999945,4,34.100000000000364,2opt,notBad
7465,4,102.09999999999945,4,34.100000000000364,swap,improve
7466,4,102.09999999999945,4,34.100000000000364,2opt,notBad
7467,4,102.09999999999945,4,34.100000000000364,move,notBad
7468,4,102.09999999999945,4,34.100000000000364,move,improve
7469,4,102.09999999999945,4,34.100000000000364,move,improve
7470,4,102.09999999999945,4,34.100000000000364,swap,improve
7471,4,102.09999999999945,4,34.100000000000364,move,improve
7472,4,102.09999999999945,4,34.100000000000364,move,improve
7473,4,102.09999999999945,4,34.100000000000364,2opt,notBad
7474,4,102.09999999999945,4,34.100000000000364,swap,notBad
7475,4,102.09999999999945,4,34.100000000000364,swap,improve
7476,4,102.09999999999945,4,34.100000000000364,move,improve
7477,4,102.09999999999945,4,34.100000000000364,move,improve
7478,4,102.09999999999945,4,34.100000000000364,swap,improve
7479,4,102.09999999999945,4,34.100000000000364,move,improve
7480,4,102.09999999999945,4,34.100000000000364,2opt,notBad
7481,4,102.09999999999945,4,34.100000000000364,2opt,improve
7482,4,102.09999999999945,4,34.100000000000364,2opt,improve
7483,4,102.09999999999945,4,34.100000000000364,move,improve
7484,4,102.09999999999945,4,34.100000000000364,2opt,notBad
7485,4,102.09999999999945,4,34.100000000000364,move,improve
7486,4,102.09999999999945,4,34.100000000000364,2opt,notBad
7487,4,98.09999999999991,4,34.100000000000364,swap,improve
7488,4,98.09999999999991,4,34.100000000000364,swap,notBad
7489,4,98.09999999999991,4,34.100000000000364,swap,notBad
7490,4,98.09999999999991,4,34.100000000000364,swap,improve
7491,4,98.09999999999991,4,34.100000000000364,swap,improve
7492,4,98.09999999999991,4,34.100000000000364,2opt,notBad
7493,4,98.09999999999991,4,34.100000000000364,move,improve
7494,4,98.09999999999991,4,34.100000000000364,swap,notBad
7495,4,98.09999999999991,4,34.100000000000364,2opt,notBad
7496,4,98.09999999999991,4,34.100000000000364,2opt,notBad
7497,4,102.09999999999945,4,34.100000000000364,swap,acceptBad
7498,4,102.09999999999945,4,34.100000000000364,move,improve
7499,4,102.09999999999945,4,34.100000000000364,swap,notBad
7500,4,102.09999999999945,4,34.100000000000364,move,improve
7501,4,102.09999999999945,4,34.100000000000364,2opt,notBad
7502,4,102.09999999999945,4,34.100000000000364,swap,improve
7503,4,102.09999999999945,4,34.100000000000364,2opt,notBad
7504,4,102.09999999999945,4,34.100000000000364,2opt,improve
7505,4,102.09999999999945,4,34.100000000000364,move,improve
7506,4,102.09999999999945,4,34.100000000000364,move,improve
7507,4,102.09999999999945,4,34.100000000000364,move,improve
7508,4,102.09999999999945,4,34.100000000000364,2opt,notBad
7509,4,102.09999999999945,4,34.100000000000364,2opt,notBad
7510,4,102.09999999999945,4,34.100000000000364,swap,improve
7511,4,102.09999999999945,4,34.100000000000364,swap,notBad
7512,4,102.09999999999945,4,34.100000000000364,swap,improve
7513,4,102.09999999999945,4,34.100000000000364,swap,improve
7514,4,102.09999999999945,4,34.100000000000364,move,improve
7515,4,102.09999999999945,4,34.100000000000364,swap,notBad
7516,4,102.09999999999945,4,34.100000000000364,swap,improve
7517,4,102.09999999999945,4,34.100000000000364,2opt,notBad
7518,4,102.09999999999945,4,34.100000000000364,2opt,notBad
7519,4,102.09999999999945,4,34.100000000000364,move,improve
7520,4,102.09999999999945,4,34.100000000000364,swap,improve
7521,4,102.09999999999945,4,34.100000000000364,swap,improve
7522,4,89.69999999999982,4,34.100000000000364,swap,improve
7523,4,89.69999999999982,4,34.100000000000364,2opt,notBad
7524,4,89.69999999999982,4,34.100000000000364,swap,notBad
7525,4,89.69999999999982,4,34.100000000000364,2opt,notBad
7526,4,89.69999999999982,4,34.100000000000364,swap,improve
7527,4,89.69999999999982,4,34.100000000000364,swap,improve
7528,4,89.69999999999982,4,34.100000000000364,swap,improve
7529,4,89.69999999999982,4,34.100000000000364,2opt,notBad
7530,4,89.69999999999982,4,34.100000000000364,2opt,notBad
7531,4,89.69999999999982,4,34.100000000000364,swap,improve
7532,4,89.69999999999982,4,34.100000000000364,move,improve
7533,4,89.69999999999982,4,34.100000000000364,swap,improve
7534,4,89.69999999999982,4,34.100000000000364,swap,improve
7535,4,89.69999999999982,4,34.100000000000364,move,improve
7536,4,89.69999999999982,4,34.100000000000364,2opt,notBad
7537,4,89.69999999999982,4,34.100000000000364,2opt,notBad
7538,4,102.09999999999945,4,34.100000000000364,swap,acceptBad
7539,4,102.09999999999945,4,34.100000000000364,2opt,notBad
7540,4,102.09999999999945,4,34.100000000000364,move,improve
7541,4,102.09999999999945,4,34.100000000000364,swap,improve
7542,4,102.09999999999945,4,34.100000000000364,swap,improve
7543,4,102.09999999999945,4,34.100000000000364,swap,improve
7544,4,102.09999999999945,4,34.100000000000364,swap,improve
7545,4,102.09999999999945,4,34.100000000000364,2opt,notBad
7546,4,102.09999999999945,4,34.100000000000364,move,improve
7547,4,102.09999999999945,4,34.100000000000364,move,improve
7548,4,194.09999999999945,4,34.100000000000364,swap,acceptBad
7549,4,194.09999999999945,4,34.100000000000364,swap,improve
7550,4,194.09999999999945,4,34.100000000000364,2opt,notBad
7551,4,194.09999999999945,4,34.100000000000364,move,improve
7552,4,194.09999999999945,4,34.100000000000364,2opt,notBad
7553,4,194.09999999999945,4,34.100000000000364,2opt,notBad
7554,4,127.60000000000036,4,34.100000000000364,move,improve
7555,4,127.60000000000036,4,34.100000000000364,move,improve
7556,4,106.00000000000045,4,34.100000000000364,swap,improve
7557,4,106.00000000000045,4,34.100000000000364,move,improve
7558,4,106.00000000000045,4,34.100000000000364,swap,notBad
7559,4,106.00000000000045,4,34.100000000000364,swap,improve
7560,4,106.00000000000045,4,34.100000000000364,swap,improve
7561,4,106.00000000000045,4,34.100000000000364,2opt,improve
7562,4,106.00000000000045,4,34.100000000000364,2opt,notBad
7563,4,106.00000000000045,4,34.100000000000364,swap,improve
7564,4,106.00000000000045,4,34.100000000000364,swap,notBad
7565,4,106.00000000000045,4,34.100000000000364,move,improve
7566,4,106.00000000000045,4,34.100000000000364,move,improve
7567,4,106.00000000000045,4,34.100000000000364,2opt,notBad
7568,4,106.00000000000045,4,34.100000000000364,move,improve
7569,4,106.00000000000045,4,34.100000000000364,swap,notBad
7570,4,106.00000000000045,4,34.100000000000364,swap,improve
7571,4,106.00000000000045,4,34.100000000000364,swap,improve
7572,4,106.00000000000045,4,34.100000000000364,2opt,improve
7573,4,106.00000000000045,4,34.100000000000364,2opt,improve
7574,4,106.00000000000045,4,34.100000000000364,move,improve
7575,4,71.49999999999955,4,34.100000000000364,2opt,improve
7576,4,71.49999999999955,4,34.100000000000364,2opt,notBad
7577,4,71.49999999999955,4,34.100000000000364,2opt,notBad
7578,4,71.49999999999955,4,34.100000000000364,swap,improve
7579,4,71.49999999999955,4,34.100000000000364,2opt,improve
7580,4,67.69999999999936,4,34.100000000000364,move,improve
7581,4,67.69999999999936,4,34.100000000000364,swap,improve
7582,4,67.69999999999936,4,34.100000000000364,2opt,notBad
7583,4,67.69999999999936,4,34.100000000000364,move,improve
7584,4,67.69999999999936,4,34.100000000000364,2opt,notBad
7585,4,67.69999999999936,4,34.100000000000364,2opt,improve
7586,4,67.69999999999936,4,34.100000000000364,swap,improve
7587,4,67.69999999999936,4,34.100000000000364,move,improve
7588,4,67.69999999999936,4,34.100000000000364,swap,improve
7589,4,67.69999999999936,4,34.100000000000364,move,improve
7590,4,68.79999999999973,4,34.100000000000364,swap,acceptBad
7591,4,68.79999999999973,4,34.100000000000364,swap,improve
7592,4,68.79999999999973,4,34.100000000000364,2opt,notBad
7593,4,68.79999999999973,4,34.100000000000364,move,improve
7594,4,68.79999999999973,4,34.100000000000364,2opt,notBad
7595,4,68.79999999999973,4,34.100000000000364,move,improve
7596,4,68.79999999999973,4,34.100000000000364,move,improve
7597,4,68.79999999999973,4,34.100000000000364,swap,improve
7598,4,68.79999999999973,4,34.100000000000364,swap,improve
7599,4,68.79999999999973,4,34.100000000000364,swap,notBad
7600,4,68.79999999999973,4,34.100000000000364,swap,improve
7601,4,68.79999999999973,4,34.100000000000364,swap,improve
7602,4,68.79999999999973,4,34.100000000000364,swap,improve
7603,4,68.79999999999973,4,34.100000000000364,move,improve
7604,4,68.79999999999973,4,34.100000000000364,move,improve
7605,4,68.79999999999973,4,34.100000000000364,move,improve
7606,4,68.79999999999973,4,34.100000000000364,2opt,notBad
7607,4,68.79999999999973,4,34.100000000000364,swap,notBad
7608,4,68.79999999999973,4,34.100000000000364,2opt,notBad
7609,4,68.79999999999973,4,34.100000000000364,move,improve
7610,4,68.79999999999973,4,34.100000000000364,swap,improve
7611,4,68.79999999999973,4,34.100000000000364,move,improve
7612,4,68.79999999999973,4,34.100000000000364,swap,improve
7613,4,68.79999999999973,4,34.100000000000364,2opt,notBad
7614,4,68.79999999999973,4,34.100000000000364,move,improve
7615,4,68.79999999999973,4,34.100000000000364,move,improve
7616,4,68.79999999999973,4,34.100000000000364,move,improve
7617,4,68.79999999999973,4,34.100000000000364,swap,improve
7618,4,68.79999999999973,4,34.100000000000364,swap,notBad
7619,4,62.999999999999545,4,34.100000000000364,move,improve
7620,4,62.999999999999545,4,34.100000000000364,move,improve
7621,4,62.999999999999545,4,34.100000000000364,swap,improve
7622,4,62.999999999999545,4,34.100000000000364,2opt,notBad
7623,4,62.999999999999545,4,34.100000000000364,swap,improve
7624,4,62.999999999999545,4,34.100000000000364,2opt,notBad
7625,4,62.999999999999545,4,34.100000000000364,move,improve
7626,4,62.999999999999545,4,34.100000000000364,swap,improve
7627,4,62.999999999999545,4,34.100000000000364,swap,improve
7628,4,62.999999999999545,4,34.100000000000364,swap,improve
7629,4,62.999999999999545,4,34.100000000000364,move,improve
7630,4,62.999999999999545,4,34.100000000000364,swap,improve
7631,4,62.999999999999545,4,34.100000000000364,move,improve
7632,4,62.999999999999545,4,34.100000000000364,2opt,notBad
7633,4,62.999999999999545,4,34.100000000000364,move,improve
7634,4,62.999999999999545,4,34.100000000000364,swap,improve
7635,4,62.999999999999545,4,34.100000000000364,2opt,notBad
7636,4,62.999999999999545,4,34.100000000000364,move,improve
7637,4,299.00000000000045,4,34.100000000000364,move,acceptBad
7638,4,299.00000000000045,4,34.100000000000364,2opt,notBad
7639,4,299.00000000000045,4,34.100000000000364,swap,improve
7640,4,299.00000000000045,4,34.100000000000364,swap,improve
7641,4,299.00000000000045,4,34.100000000000364,move,improve
7642,4,299.00000000000045,4,34.100000000000364,swap,notBad
7643,4,299.00000000000045,4,34.100000000000364,swap,improve
7644,4,299.00000000000045,4,34.100000000000364,swap,improve
7645,4,299.00000000000045,4,34.100000000000364,swap,improve
7646,4,299.00000000000045,4,34.100000000000364,swap,improve
7647,4,299.00000000000045,4,34.100000000000364,swap,improve
7648,4,299.00000000000045,4,34.100000000000364,move,improve
7649,4,299.00000000000045,4,34.100000000000364,2opt,notBad
7650,4,299.00000000000045,4,34.100000000000364,swap,improve
7651,4,299.00000000000045,4,34.100000000000364,2opt,notBad
7652,4,299.00000000000045,4,34.100000000000364,swap,improve
7653,4,299.00000000000045,4,34.100000000000364,2opt,notBad
7654,4,299.00000000000045,4,34.100000000000364,2opt,notBad
7655,4,299.00000000000045,4,34.100000000000364,swap,improve
7656,4,295.9000000000001,4,34.100000000000364,swap,improve
7657,4,295.9000000000001,4,34.100000000000364,2opt,notBad
7658,4,295.9000000000001,4,34.100000000000364,move,improve
7659,4,295.9000000000001,4,34.100000000000364,swap,improve
7660,4,295.9000000000001,4,34.100000000000364,2opt,improve
7661,4,295.9000000000001,4,34.100000000000364,2opt,notBad
7662,4,295.9000000000001,4,34.100000000000364,move,improve
7663,4,295.9000000000001,4,34.100000000000364,swap,improve
7664,4,356.7000000000003,4,34.100000000000364,swap,acceptBad
7665,4,356.7000000000003,4,34.100000000000364,2opt,improve
7666,4,356.7000000000003,4,34.100000000000364,2opt,notBad
7667,4,356.7000000000003,4,34.100000000000364,move,improve
7668,4,356.7000000000003,4,34.100000000000364,2opt,notBad
7669,4,355.5,4,34.100000000000364,move,improve
7670,4,355.5,4,34.100000000000364,2opt,improve
7671,4,355.5,4,34.100000000000364,2opt,notBad
7672,4,355.5,4,34.100000000000364,move,improve
7673,4,294.6999999999998,4,34.100000000000364,swap,improve
7674,4,295.9000000000001,4,34.100000000000364,swap,acceptBad
7675,4,295.9000000000001,4,34.100000000000364,2opt,notBad
7676,4,295.9000000000001,4,34.100000000000364,move,improve
7677,4,295.9000000000001,4,34.100000000000364,2opt,notBad
7678,4,295.9000000000001,4,34.100000000000364,2opt,notBad
7679,4,295.9000000000001,4,34.100000000000364,2opt,improve
7680,4,295.9000000000001,4,34.100000000000364,move,improve
7681,4,295.9000000000001,4,34.100000000000364,swap,improve
7682,4,295.9000000000001,4,34.100000000000364,2opt,notBad
7683,4,295.9000000000001,4,34.100000000000364,swap,improve
7684,4,295.9000000000001,4,34.100000000000364,move,improve
7685,4,295.9000000000001,4,34.100000000000364,2opt,improve
7686,4,295.9000000000001,4,34.100000000000364,move,improve
7687,4,295.9000000000001,4,34.100000000000364,2opt,notBad
7688,4,295.9000000000001,4,34.100000000000364,2opt,notBad
7689,4,295.9000000000001,4,34.100000000000364,move,improve
7690,4,301.9000000000001,4,34.100000000000364,swap,acceptBad
7691,4,301.9000000000001,4,34.100000000000364,2opt,notBad
7692,4,301.9000000000001,4,34.100000000000364,2opt,notBad
7693,4,301.9000000000001,4,34.100000000000364,swap,improve
7694,4,301.9000000000001,4,34.100000000000364,swap,improve
7695,4,301.9000000000001,4,34.100000000000364,move,improve
7696,4,317.7000000000003,4,34.100000000000364,swap,acceptBad
7697,4,317.7000000000003,4,34.100000000000364,2opt,improve
7698,4,317.7000000000003,4,34.100000000000364,2opt,notBad
7699,4,317.7000000000003,4,34.100000000000364,swap,improve
7700,4,317.7000000000003,4,34.100000000000364,swap,improve
7701,4,317.7000000000003,4,34.100000000000364,move,improve
7702,4,317.7000000000003,4,34.100000000000364,2opt,notBad
7703,4,317.7000000000003,4,34.100000000000364,2opt,notBad
7704,4,317.7000000000003,4,34.100000000000364,move,improve
7705,4,317.7000000000003,4,34.100000000000364,swap,improve
7706,4,317.7000000000003,4,34.100000000000364,move,improve
7707,4,317.7000000000003,4,34.100000000000364,move,improve
7708,4,317.7000000000003,4,34.100000000000364,2opt,improve
7709,4,317.7000000000003,4,34.100000000000364,2opt,notBad
7710,4,317.7000000000003,4,34.100000000000364,move,improve
7711,4,317.7000000000003,4,34.100000000000364,move,improve
7712,4,317.7000000000003,4,34.100000000000364,2opt,improve
7713,4,317.7000000000003,4,34.100000000000364,move,improve
7714,4,317.7000000000003,4,34.100000000000364,2opt,notBad
7715,4,317.7000000000003,4,34.100000000000364,move,improve
7716,4,317.7000000000003,4,34.100000000000364,swap,improve
7717,4,317.7000000000003,4,34.100000000000364,swap,improve
7718,4,317.7000000000003,4,34.100000000000364,2opt,notBad
7719,4,317.7000000000003,4,34.100000000000364,2opt,notBad
7720,4,453.3000000000011,4,34.100000000000364,move,acceptBad
7721,4,453.3000000000011,4,34.100000000000364,2opt,improve
7722,4,453.3000000000011,4,34.100000000000364,2opt,improve
7723,4,453.3000000000011,4,34.100000000000364,move,improve
7724,4,453.3000000000011,4,34.100000000000364,2opt,improve
7725,4,453.3000000000011,4,34.100000000000364,2opt,notBad
7726,4,526.0,4,34.100000000000364,swap,acceptBad
7727,4,484.0,4,34.100000000000364,swap,improve
7728,4,484.0,4,34.100000000000364,2opt,notBad
7729,4,484.0,4,34.100000000000364,swap,improve
7730,4,484.0,4,34.100000000000364,2opt,improve
7731,4,484.0,4,34.100000000000364,swap,notBad
7732,4,484.0,4,34.100000000000364,swap,improve
7733,4,484.0,4,34.100000000000364,swap,improve
7734,4,484.0,4,34.100000000000364,swap,improve
7735,4,484.0,4,34.100000000000364,move,improve
7736,4,484.0,4,34.100000000000364,2opt,notBad
7737,4,484.0,4,34.100000000000364,2opt,notBad
7738,4,484.0,4,34.100000000000364,2opt,notBad
7739,4,484.0,4,34.100000000000364,swap,improve
7740,4,484.0,4,34.100000000000364,2opt,notBad
7741,4,484.0,4,34.100000000000364,2opt,notBad
7742,4,484.0,4,34.100000000000364,swap,improve
7743,4,484.0,4,34.100000000000364,swap,improve
7744,4,484.0,4,34.100000000000364,2opt,notBad
7745,4,484.0,4,34.100000000000364,2opt,notBad
7746,4,484.0,4,34.100000000000364,move,improve
7747,4,484.0,4,34.100000000000364,move,improve
7748,4,484.0,4,34.100000000000364,swap,improve
7749,4,484.0,4,34.100000000000364,swap,improve
7750,4,484.0,4,34.100000000000364,swap,improve
7751,4,484.0,4,34.100000000000364,2opt,notBad
7752,4,484.0,4,34.100000000000364,swap,improve
7753,4,484.0,4,34.100000000000364,move,improve
7754,4,484.0,4,34.100000000000364,move,improve
7755,4,484.0,4,34.100000000000364,swap,improve
7756,4,484.0,4,34.100000000000364,2opt,improve
7757,4,343.0,4,34.100000000000364,swap,improve
7758,4,343.0,4,34.100000000000364,2opt,notBad
7759,4,343.0,4,34.100000000000364,2opt,notBad
7760,4,343.0,4,34.100000000000364,move,improve
7761,4,343.0,4,34.100000000000364,2opt,notBad
7762,4,343.0,4,34.100000000000364,2opt,notBad
7763,4,343.0,4,34.100000000000364,swap,notBad
7764,4,343.0,4,34.100000000000364,move,improve
7765,4,343.0,4,34.100000000000364,move,improve
7766,4,343.0,4,34.100000000000364,swap,notBad
7767,4,343.0,4,34.100000000000364,swap,improve
7768,4,343.0,4,34.100000000000364,swap,improve
7769,4,343.0,4,34.100000000000364,2opt,improve
7770,4,343.0,4,34.100000000000364,swap,improve
7771,4,343.0,4,34.100000000000364,2opt,notBad
7772,4,343.0,4,34.100000000000364,swap,improve
7773,4,343.0,4,34.100000000000364,2opt,notBad
7774,4,343.0,4,34.100000000000364,move,improve
7775,4,343.0,4,34.100000000000364,move,improve
7776,4,343.0,4,34.100000000000364,2opt,improve
7777,4,343.0,4,34.100000000000364,move,improve
7778,4,343.0,4,34.100000000000364,move,improve
7779,4,343.0,4,34.100000000000364,move,improve
7780,4,343.0,4,34.100000000000364,swap,improve
7781,4,343.0,4,34.100000000000364,swap,improve
7782,4,343.0,4,34.100000000000364,2opt,notBad
7783,4,343.0,4,34.100000000000364,move,improve
7784,4,293.0,4,34.100000000000364,move,improve
7785,4,293.0,4,34.100000000000364,swap,improve
7786,4,293.0,4,34.100000000000364,move,improve
7787,4,293.0,4,34.100000000000364,2opt,improve
7788,4,293.0,4,34.100000000000364,swap,improve
7789,4,293.0,4,34.100000000000364,swap,notBad
7790,4,293.0,4,34.100000000000364,2opt,notBad
7791,4,293.0,4,34.100000000000364,swap,improve
7792,4,293.0,4,34.100000000000364,2opt,notBad
7793,4,293.0,4,34.100000000000364,2opt,notBad
7794,4,293.0,4,34.100000000000364,swap,notBad
7795,4,293.0,4,34.100000000000364,move,improve
7796,4,293.0,4,34.100000000000364,2opt,notBad
7797,4,293.0,4,34.100000000000364,swap,improve
7798,4,293.0,4,34.100000000000364,move,improve
7799,4,293.0,4,34.100000000000364,move,improve
7800,4,293.0,4,34.100000000000364,2opt,notBad
7801,4,293.0,4,34.100000000000364,move,improve
7802,4,293.0,4,34.100000000000364,2opt,improve
7803,4,293.0,4,34.100000000000364,move,improve
7804,4,293.0,4,34.100000000000364,swap,improve
7805,4,293.0,4,34.100000000000364,move,improve
7806,4,293.0,4,34.100000000000364,2opt,notBad
7807,4,293.0,4,34.100000000000364,2opt,improve
7808,4,293.0,4,34.100000000000364,2opt,notBad
7809,4,293.0,4,34.100000000000364,move,improve
7810,4,293.0,4,34.100000000000364,move,improve
7811,4,293.0,4,34.100000000000364,swap,improve
7812,4,293.0,4,34.100000000000364,move,improve
7813,4,293.0,4,34.100000000000364,swap,improve
7814,4,293.0,4,34.100000000000364,swap,improve
7815,4,293.0,4,34.100000000000364,swap,improve
7816,4,293.0,4,34.100000000000364,2opt,notBad
7817,4,293.0,4,34.100000000000364,swap,improve
7818,4,293.0,4,34.100000000000364,move,notBad
7819,4,293.0,4,34.100000000000364,2opt,improve
7820,4,291.5999999999999,4,34.100000000000364,swap,improve
7821,4,291.5999999999999,4,34.100000000000364,2opt,notBad
7822,4,291.5999999999999,4,34.100000000000364,2opt,notBad
7823,4,291.5999999999999,4,34.100000000000364,move,improve
7824,4,291.5999999999999,4,34.100000000000364,move,improve
7825,4,291.5999999999999,4,34.100000000000364,2opt,notBad
7826,4,291.5999999999999,4,34.100000000000364,2opt,improve
7827,4,291.5999999999999,4,34.100000000000364,move,improve
7828,4,291.5999999999999,4,34.100000000000364,move,improve
7829,4,291.5999999999999,4,34.100000000000364,move,improve
7830,4,291.5999999999999,4,34.100000000000364,swap,improve
7831,4,291.5999999999999,4,34.100000000000364,swap,improve
7832,4,291.5999999999999,4,34.100000000000364,move,improve
7833,4,291.5999999999999,4,34.100000000000364,move,improve
7834,4,282.30000000000155,4,34.100000000000364,move,improve
7835,4,282.30000000000155,4,34.100000000000364,2opt,notBad
7836,4,282.30000000000155,4,34.100000000000364,move,improve
7837,4,282.30000000000155,4,34.100000000000364,move,improve
7838,4,282.30000000000155,4,34.100000000000364,2opt,notBad
7839,4,282.30000000000155,4,34.100000000000364,2opt,improve
7840,4,282.30000000000155,4,34.100000000000364,2opt,improve
7841,4,282.30000000000155,4,34.100000000000364,move,improve
7842,4,282.30000000000155,4,34.100000000000364,2opt,notBad
7843,4,282.30000000000155,4,34.100000000000364,swap,improve
7844,4,282.30000000000155,4,34.100000000000364,2opt,notBad
7845,4,282.30000000000155,4,34.100000000000364,2opt,improve
7846,4,282.30000000000155,4,34.100000000000364,swap,improve
7847,4,282.30000000000155,4,34.100000000000364,move,improve
7848,4,282.30000000000155,4,34.100000000000364,swap,improve
7849,4,282.30000000000155,4,34.100000000000364,move,improve
7850,4,282.30000000000155,4,34.100000000000364,2opt,notBad
7851,4,282.30000000000155,4,34.100000000000364,2opt,improve
7852,4,282.30000000000155,4,34.100000000000364,move,improve
7853,4,282.30000000000155,4,34.100000000000364,2opt,notBad
7854,4,282.30000000000155,4,34.100000000000364,2opt,improve
7855,4,282.30000000000155,4,34.100000000000364,2opt,notBad
7856,4,282.30000000000155,4,34.100000000000364,2opt,notBad
7857,4,282.30000000000155,4,34.100000000000364,swap,improve
7858,4,282.30000000000155,4,34.100000000000364,2opt,notBad
7859,4,282.30000000000155,4,34.100000000000364,move,improve
7860,4,174.5,4,34.100000000000364,swap,improve
7861,4,174.5,4,34.100000000000364,swap,improve
7862,4,174.5,4,34.100000000000364,move,notBad
7863,4,174.5,4,34.100000000000364,move,improve
7864,4,174.5,4,34.100000000000364,move,improve
7865,4,174.5,4,34.100000000000364,2opt,notBad
7866,4,174.5,4,34.100000000000364,swap,notBad
7867,4,174.5,4,34.100000000000364,2opt,notBad
7868,4,174.5,4,34.100000000000364,swap,notBad
7869,4,174.5,4,34.100000000000364,move,improve
7870,4,174.5,4,34.100000000000364,move,improve
7871,4,174.5,4,34.100000000000364,2opt,improve
7872,4,174.5,4,34.100000000000364,2opt,notBad
7873,4,174.5,4,34.100000000000364,move,improve
7874,4,174.5,4,34.100000000000364,2opt,notBad
7875,4,174.5,4,34.100000000000364,move,improve
7876,4,174.5,4,34.100000000000364,move,improve
7877,4,174.5,4,34.100000000000364,swap,improve
7878,4,174.5,4,34.100000000000364,move,improve
7879,4,174.5,4,34.100000000000364,move,improve
7880,4,159.89999999999964,4,34.100000000000364,move,improve
7881,4,156.8000000000011,4,34.100000000000364,move,improve
7882,4,156.8000000000011,4,34.100000000000364,2opt,notBad
7883,4,156.8000000000011,4,34.100000000000364,swap,improve
7884,4,156.8000000000011,4,34.100000000000364,swap,improve
7885,4,156.8000000000011,4,34.100000000000364,swap,improve
7886,4,156.8000000000011,4,34.100000000000364,swap,improve
7887,4,93.5,4,34.100000000000364,move,improve
7888,4,93.5,4,34.100000000000364,swap,improve
7889,4,93.5,4,34.100000000000364,2opt,notBad
7890,4,93.5,4,34.100000000000364,move,improve
7891,4,93.5,4,34.100000000000364,swap,notBad
7892,4,93.5,4,34.100000000000364,swap,improve
7893,4,93.5,4,34.100000000000364,move,improve
7894,4,93.5,4,34.100000000000364,move,improve
7895,4,93.5,4,34.100000000000364,move,improve
7896,4,93.5,4,34.100000000000364,move,notBad
7897,4,93.5,4,34.100000000000364,swap,improve
7898,4,93.5,4,34.100000000000364,swap,improve
7899,4,93.5,4,34.100000000000364,2opt,notBad
7900,4,93.5,4,34.100000000000364,move,improve
7901,4,93.5,4,34.100000000000364,move,improve
7902,4,93.5,4,34.100000000000364,move,improve
7903,4,93.5,4,34.100000000000364,2opt,improve
7904,4,93.5,4,34.100000000000364,move,improve
7905,4,93.5,4,34.100000000000364,swap,improve
7906,4,93.5,4,34.100000000000364,swap,improve
7907,4,93.5,4,34.100000000000364,move,improve
7908,4,93.5,4,34.100000000000364,move,improve
7909,4,93.5,4,34.100000000000364,swap,improve
7910,4,91.10000000000082,4,34.100000000000364,swap,improve
7911,4,91.10000000000082,4,34.100000000000364,move,improve
7912,4,91.10000000000082,4,34.100000000000364,swap,notBad
7913,4,91.10000000000082,4,34.100000000000364,move,improve
7914,4,91.10000000000082,4,34.100000000000364,move,improve
7915,4,91.10000000000082,4,34.100000000000364,swap,improve
7916,4,91.10000000000082,4,34.100000000000364,move,improve
7917,4,91.10000000000082,4,34.100000000000364,move,improve
7918,4,91.10000000000082,4,34.100000000000364,2opt,improve
7919,4,91.10000000000082,4,34.100000000000364,2opt,improve
7920,4,91.10000000000082,4,34.100000000000364,swap,improve
7921,4,91.10000000000082,4,34.100000000000364,swap,notBad
7922,4,133.10000000000082,4,34.100000000000364,swap,acceptBad
7923,4,133.10000000000082,4,34.100000000000364,swap,improve
7924,4,158.3000000000011,4,34.100000000000364,swap,acceptBad
7925,4,158.3000000000011,4,34.100000000000364,2opt,notBad
7926,4,158.3000000000011,4,34.100000000000364,move,improve
7927,4,158.3000000000011,4,34.100000000000364,move,improve
7928,4,158.3000000000011,4,34.100000000000364,move,improve
7929,4,158.3000000000011,4,34.100000000000364,2opt,notBad
7930,4,158.3000000000011,4,34.100000000000364,move,improve
7931,4,158.3000000000011,4,34.100000000000364,2opt,notBad
7932,4,158.3000000000011,4,34.100000000000364,swap,notBad
7933,4,158.3000000000011,4,34.100000000000364,2opt,notBad
7934,4,158.3000000000011,4,34.100000000000364,2opt,notBad
7935,4,158.3000000000011,4,34.100000000000364,move,improve
7936,4,158.3000000000011,4,34.100000000000364,2opt,improve
7937,4,158.3000000000011,4,34.100000000000364,move,improve
7938,4,158.3000000000011,4,34.100000000000364,2opt,notBad
7939,4,158.3000000000011,4,34.100000000000364,move,improve
7940,4,158.3000000000011,4,34.100000000000364,2opt,improve
7941,4,158.3000000000011,4,34.100000000000364,swap,improve
7942,4,158.3000000000011,4,34.100000000000364,move,improve
7943,4,158.3000000000011,4,34.100000000000364,swap,improve
7944,4,158.3000000000011,4,34.100000000000364,move,notBad
7945,4,158.3000000000011,4,34.100000000000364,move,improve
7946,4,158.3000000000011,4,34.100000000000364,swap,improve
7947,4,158.3000000000011,4,34.100000000000364,move,improve
7948,4,145.10000000000218,4,34.100000000000364,move,improve
7949,4,145.10000000000218,4,34.100000000000364,2opt,notBad
7950,4,145.10000000000218,4,34.100000000000364,swap,improve
7951,4,145.10000000000218,4,34.100000000000364,move,improve
7952,4,145.10000000000218,4,34.100000000000364,swap,improve
7953,4,145.10000000000218,4,34.100000000000364,2opt,improve
7954,4,145.10000000000218,4,34.100000000000364,2opt,notBad
7955,4,145.10000000000218,4,34.100000000000364,2opt,notBad
7956,4,145.10000000000218,4,34.100000000000364,move,improve
7957,4,145.10000000000218,4,34.100000000000364,move,improve
7958,4,145.10000000000218,4,34.100000000000364,swap,notBad
7959,4,145.10000000000218,4,34.100000000000364,move,improve
7960,4,145.10000000000218,4,34.100000000000364,move,improve
7961,4,145.10000000000218,4,34.100000000000364,2opt,notBad
7962,4,145.10000000000218,4,34.100000000000364,2opt,notBad
7963,4,145.10000000000218,4,34.100000000000364,swap,notBad
7964,4,145.10000000000218,4,34.100000000000364,move,improve
7965,4,145.10000000000218,4,34.100000000000364,swap,notBad
7966,4,145.10000000000218,4,34.100000000000364,2opt,notBad
7967,4,145.10000000000218,4,34.100000000000364,2opt,improve
7968,4,145.10000000000218,4,34.100000000000364,move,improve
7969,4,145.10000000000218,4,34.100000000000364,swap,improve
7970,4,145.10000000000218,4,34.100000000000364,move,improve
7971,4,145.10000000000218,4,34.100000000000364,2opt,notBad
7972,4,145.10000000000218,4,34.100000000000364,2opt,notBad
7973,4,145.10000000000218,4,34.100000000000364,swap,notBad
7974,4,145.10000000000218,4,34.100000000000364,swap,improve
7975,4,145.10000000000218,4,34.100000000000364,swap,notBad
7976,4,145.10000000000218,4,34.100000000000364,swap,notBad
7977,4,145.10000000000218,4,34.100000000000364,swap,improve
7978,4,145.10000000000218,4,34.100000000000364,swap,improve
7979,4,145.10000000000218,4,34.100000000000364,move,improve
7980,4,145.10000000000218,4,34.100000000000364,move,improve
7981,4,145.10000000000218,4,34.100000000000364,2opt,improve
7982,4,145.10000000000218,4,34.100000000000364,2opt,notBad
7983,4,145.10000000000218,4,34.100000000000364,2opt,improve
7984,4,150.8000000000011,4,34.100000000000364,swap,acceptBad
7985,4,150.8000000000011,4,34.100000000000364,swap,notBad
7986,4,150.8000000000011,4,34.100000000000364,move,improve
7987,4,150.8000000000011,4,34.100000000000364,move,improve
7988,4,150.20000000000027,4,34.100000000000364,swap,improve
7989,4,150.20000000000027,4,34.100000000000364,move,improve
7990,4,150.20000000000027,4,34.100000000000364,move,improve
7991,4,150.20000000000027,4,34.100000000000364,swap,improve
7992,4,149.29999999999973,4,34.100000000000364,move,improve
7993,4,149.29999999999973,4,34.100000000000364,move,improve
7994,4,149.29999999999973,4,34.100000000000364,move,improve
7995,4,149.29999999999973,4,34.100000000000364,move,improve
7996,4,149.29999999999973,4,34.100000000000364,2opt,notBad
7997,4,149.29999999999973,4,34.100000000000364,2opt,improve
7998,4,149.29999999999973,4,34.100000000000364,move,improve
7999,4,166.99999999999864,4,34.100000000000364,swap,acceptBad
8000,4,166.99999999999864,4,34.100000000000364,move,improve
8001,4,166.99999999999864,4,34.100000000000364,move,improve
8002,4,166.99999999999864,4,34.100000000000364,move,improve
8003,4,166.99999999999864,4,34.100000000000364,2opt,notBad
8004,4,166.99999999999864,4,34.100000000000364,swap,improve
8005,4,122.49999999999955,4,34.100000000000364,swap,improve
8006,4,122.49999999999955,4,34.100000000000364,move,improve
8007,4,122.49999999999955,4,34.100000000000364,swap,improve
8008,4,122.49999999999955,4,34.100000000000364,swap,improve
8009,4,122.49999999999955,4,34.100000000000364,move,improve
8010,4,122.49999999999955,4,34.100000000000364,move,improve
8011,4,122.49999999999955,4,34.100000000000364,swap,improve
8012,4,144.49999999999864,4,34.100000000000364,swap,acceptBad
8013,4,144.49999999999864,4,34.100000000000364,move,improve
8014,4,144.49999999999864,4,34.100000000000364,swap,improve
8015,4,144.49999999999864,4,34.100000000000364,swap,improve
8016,4,144.49999999999864,4,34.100000000000364,swap,notBad
8017,4,144.49999999999864,4,34.100000000000364,move,improve
8018,4,144.49999999999864,4,34.100000000000364,2opt,notBad
8019,4,144.49999999999864,4,34.100000000000364,swap,improve
8020,4,144.49999999999864,4,34.100000000000364,2opt,improve
8021,4,144.49999999999864,4,34.100000000000364,swap,improve
8022,4,144.49999999999864,4,34.100000000000364,2opt,notBad
8023,4,144.49999999999864,4,34.100000000000364,move,improve
8024,4,144.49999999999864,4,34.100000000000364,swap,improve
8025,4,144.49999999999864,4,34.100000000000364,move,improve
8026,4,144.49999999999864,4,34.100000000000364,move,improve
8027,4,233.0999999999981,4,34.100000000000364,swap,acceptBad
8028,4,233.0999999999981,4,34.100000000000364,swap,notBad
8029,4,233.0999999999981,4,34.100000000000364,swap,improve
8030,4,233.0999999999981,4,34.100000000000364,2opt,notBad
8031,4,233.0999999999981,4,34.100000000000364,move,improve
8032,4,233.0999999999981,4,34.100000000000364,move,improve
8033,4,233.0999999999981,4,34.100000000000364,2opt,notBad
8034,4,233.0999999999981,4,34.100000000000364,move,improve
8035,4,233.0999999999981,4,34.100000000000364,move,improve
8036,4,233.0999999999981,4,34.100000000000364,swap,notBad
8037,4,233.0999999999981,4,34.100000000000364,move,improve
8038,4,233.0999999999981,4,34.100000000000364,move,improve
8039,4,233.0999999999981,4,34.100000000000364,2opt,notBad
8040,4,233.0999999999981,4,34.100000000000364,swap,improve
8041,4,233.0999999999981,4,34.100000000000364,swap,improve
8042,4,233.0999999999981,4,34.100000000000364,move,improve
8043,4,233.0999999999981,4,34.100000000000364,2opt,improve
8044,4,233.0999999999981,4,34.100000000000364,swap,improve
8045,4,233.0999999999981,4,34.100000000000364,move,improve
8046,4,233.0999999999981,4,34.100000000000364,swap,improve
8047,4,182.49999999999864,4,34.100000000000364,swap,improve
8048,4,182.49999999999864,4,34.100000000000364,swap,improve
8049,4,182.49999999999864,4,34.100000000000364,move,improve
8050,4,153.29999999999836,4,34.100000000000364,swap,improve
8051,4,153.29999999999836,4,34.100000000000364,swap,improve
8052,4,153.29999999999836,4,34.100000000000364,swap,improve
8053,4,153.29999999999836,4,34.100000000000364,move,improve
8054,4,153.29999999999836,4,34.100000000000364,swap,improve
8055,4,153.29999999999836,4,34.100000000000364,swap,notBad
8056,4,153.29999999999836,4,34.100000000000364,swap,improve
8057,4,153.29999999999836,4,34.100000000000364,2opt,notBad
8058,4,153.29999999999836,4,34.100000000000364,move,improve
8059,4,153.29999999999836,4,34.100000000000364,2opt,notBad
8060,4,153.29999999999836,4,34.100000000000364,2opt,notBad
8061,4,153.29999999999836,4,34.100000000000364,move,improve
8062,4,153.29999999999836,4,34.100000000000364,move,improve
8063,4,153.29999999999836,4,34.100000000000364,swap,notBad
8064,4,153.29999999999836,4,34.100000000000364,2opt,notBad
8065,4,153.29999999999836,4,34.100000000000364,2opt,improve
8066,4,153.29999999999836,4,34.100000000000364,move,improve
8067,4,153.29999999999836,4,34.100000000000364,2opt,notBad
8068,4,153.29999999999836,4,34.100000000000364,move,improve
8069,4,153.29999999999836,4,34.100000000000364,swap,improve
8070,4,153.29999999999836,4,34.100000000000364,2opt,notBad
8071,4,153.29999999999836,4,34.100000000000364,swap,improve
8072,4,153.29999999999836,4,34.100000000000364,move,improve
8073,4,153.29999999999836,4,34.100000000000364,swap,improve
8074,4,135.59999999999945,4,34.100000000000364,swap,improve
8075,4,135.59999999999945,4,34.100000000000364,swap,improve
8076,4,135.59999999999945,4,34.100000000000364,move,improve
8077,4,135.59999999999945,4,34.100000000000364,2opt,notBad
8078,4,135.59999999999945,4,34.100000000000364,move,improve
8079,4,135.59999999999945,4,34.100000000000364,swap,improve
8080,4,135.59999999999945,4,34.100000000000364,2opt,notBad
8081,4,201.0,4,34.100000000000364,swap,acceptBad
8082,4,201.0,4,34.100000000000364,move,improve
8083,4,201.0,4,34.100000000000364,2opt,improve
8084,4,201.0,4,34.100000000000364,move,improve
8085,4,201.0,4,34.100000000000364,2opt,improve
8086,4,201.0,4,34.100000000000364,move,improve
8087,4,201.0,4,34.100000000000364,2opt,notBad
8088,4,201.0,4,34.100000000000364,swap,improve
8089,4,201.0,4,34.100000000000364,2opt,notBad
8090,4,201.0,4,34.100000000000364,swap,improve
8091,4,321.00000000000136,4,34.100000000000364,swap,acceptBad
8092,4,321.00000000000136,4,34.100000000000364,2opt,notBad
8093,4,321.00000000000136,4,34.100000000000364,2opt,notBad
8094,4,321.00000000000136,4,34.100000000000364,2opt,notBad
8095,4,321.00000000000136,4,34.100000000000364,2opt,notBad
8096,4,321.00000000000136,4,34.100000000000364,2opt,notBad
8097,4,321.00000000000136,4,34.100000000000364,2opt,improve
8098,4,321.00000000000136,4,34.100000000000364,2opt,notBad
8099,4,321.00000000000136,4,34.100000000000364,move,improve
8100,4,321.00000000000136,4,34.100000000000364,move,improve
8101,4,321.00000000000136,4,34.100000000000364,move,improve
8102,4,321.00000000000136,4,34.100000000000364,move,improve
8103,4,321.00000000000136,4,34.100000000000364,2opt,notBad
8104,4,321.00000000000136,4,34.100000000000364,2opt,notBad
8105,4,321.00000000000136,4,34.100000000000364,swap,notBad
8106,4,321.00000000000136,4,34.100000000000364,swap,improve
8107,4,130.20000000000027,4,34.100000000000364,2opt,improve
8108,4,130.20000000000027,4,34.100000000000364,2opt,notBad
8109,4,130.20000000000027,4,34.100000000000364,swap,notBad
8110,4,130.20000000000027,4,34.100000000000364,move,improve
8111,4,130.20000000000027,4,34.100000000000364,swap,improve
8112,4,130.20000000000027,4,34.100000000000364,2opt,notBad
8113,4,130.20000000000027,4,34.100000000000364,swap,improve
8114,4,130.20000000000027,4,34.100000000000364,2opt,notBad
8115,4,130.20000000000027,4,34.100000000000364,move,improve
8116,4,130.20000000000027,4,34.100000000000364,swap,improve
8117,4,130.20000000000027,4,34.100000000000364,swap,improve
8118,4,130.20000000000027,4,34.100000000000364,move,improve
8119,4,130.20000000000027,4,34.100000000000364,swap,improve
8120,4,130.20000000000027,4,34.100000000000364,2opt,notBad
8121,4,130.20000000000027,4,34.100000000000364,2opt,improve
8122,4,130.20000000000027,4,34.100000000000364,swap,improve
8123,4,130.20000000000027,4,34.100000000000364,2opt,improve
8124,4,130.20000000000027,4,34.100000000000364,move,improve
8125,4,129.60000000000082,4,34.100000000000364,move,improve
8126,4,129.60000000000082,4,34.100000000000364,swap,improve
8127,4,129.60000000000082,4,34.100000000000364,swap,improve
8128,4,129.60000000000082,4,34.100000000000364,swap,improve
8129,4,129.60000000000082,4,34.100000000000364,swap,improve
8130,4,129.60000000000082,4,34.100000000000364,move,improve
8131,4,129.60000000000082,4,34.100000000000364,move,improve
8132,4,129.60000000000082,4,34.100000000000364,2opt,notBad
8133,4,129.60000000000082,4,34.100000000000364,swap,improve
8134,4,129.60000000000082,4,34.100000000000364,2opt,notBad
8135,4,129.60000000000082,4,34.100000000000364,move,improve
8136,4,153.29999999999973,4,34.100000000000364,swap,acceptBad
8137,4,153.29999999999973,4,34.100000000000364,2opt,notBad
8138,4,153.29999999999973,4,34.100000000000364,move,improve
8139,4,153.29999999999973,4,34.100000000000364,swap,notBad
8140,4,153.29999999999973,4,34.100000000000364,swap,improve
8141,4,153.29999999999973,4,34.100000000000364,2opt,notBad
8142,4,153.29999999999973,4,34.100000000000364,2opt,improve
8143,4,153.29999999999973,4,34.100000000000364,move,improve
8144,4,153.29999999999973,4,34.100000000000364,swap,improve
8145,4,153.29999999999973,4,34.100000000000364,2opt,improve
8146,4,153.29999999999973,4,34.100000000000364,swap,notBad
8147,4,153.29999999999973,4,34.100000000000364,move,improve
8148,4,153.29999999999973,4,34.100000000000364,swap,improve
8149,4,153.29999999999973,4,34.100000000000364,move,improve
8150,4,153.29999999999973,4,34.100000000000364,swap,improve
8151,4,153.29999999999973,4,34.100000000000364,2opt,notBad
8152,4,153.29999999999973,4,34.100000000000364,2opt,improve
8153,4,153.29999999999973,4,34.100000000000364,2opt,notBad
8154,4,153.29999999999973,4,34.100000000000364,swap,improve
8155,4,153.29999999999973,4,34.100000000000364,move,improve
8156,4,153.29999999999973,4,34.100000000000364,swap,improve
8157,4,153.29999999999973,4,34.100000000000364,2opt,notBad
8158,4,153.29999999999973,4,34.100000000000364,move,improve
8159,4,153.29999999999973,4,34.100000000000364,2opt,improve
8160,4,153.29999999999973,4,34.100000000000364,swap,improve
8161,4,153.29999999999973,4,34.100000000000364,move,improve
8162,4,153.29999999999973,4,34.100000000000364,move,improve
8163,4,153.29999999999973,4,34.100000000000364,move,improve
8164,4,153.29999999999973,4,34.100000000000364,2opt,notBad
8165,4,153.29999999999973,4,34.100000000000364,2opt,improve
8166,4,153.29999999999973,4,34.100000000000364,2opt,notBad
8167,4,153.29999999999973,4,34.100000000000364,2opt,notBad
8168,4,153.29999999999973,4,34.100000000000364,move,improve
8169,4,153.29999999999973,4,34.100000000000364,move,improve
8170,4,153.29999999999973,4,34.100000000000364,swap,improve
8171,4,153.29999999999973,4,34.100000000000364,move,improve
8172,4,182.5,4,34.100000000000364,swap,acceptBad
8173,4,182.5,4,34.100000000000364,swap,improve
8174,4,156.5,4,34.100000000000364,move,improve
8175,4,156.5,4,34.100000000000364,swap,improve
8176,4,156.5,4,34.100000000000364,move,improve
8177,4,156.5,4,34.100000000000364,swap,improve
8178,4,156.5,4,34.100000000000364,move,improve
8179,4,156.5,4,34.100000000000364,swap,improve
8180,4,156.5,4,34.100000000000364,swap,improve
8181,4,156.5,4,34.100000000000364,swap,improve
8182,4,156.5,4,34.100000000000364,move,improve
8183,4,156.5,4,34.100000000000364,swap,improve
8184,4,156.5,4,34.100000000000364,swap,improve
8185,4,156.5,4,34.100000000000364,move,improve
8186,4,156.5,4,34.100000000000364,2opt,improve
8187,4,156.5,4,34.100000000000364,move,improve
8188,4,156.5,4,34.100000000000364,move,improve
8189,4,156.5,4,34.100000000000364,2opt,improve
8190,4,156.5,4,34.100000000000364,move,improve
8191,4,156.5,4,34.100000000000364,swap,improve
8192,4,156.5,4,34.100000000000364,move,improve
8193,4,156.5,4,34.100000000000364,swap,improve
8194,4,145.39999999999918,4,34.100000000000364,swap,improve
8195,4,145.39999999999918,4,34.100000000000364,swap,improve
8196,4,145.39999999999918,4,34.100000000000364,2opt,notBad
8197,4,145.39999999999918,4,34.100000000000364,move,improve
8198,4,145.39999999999918,4,34.100000000000364,move,improve
8199,4,155.90000000000055,4,34.100000000000364,swap,acceptBad
8200,4,155.90000000000055,4,34.100000000000364,2opt,notBad
8201,4,155.90000000000055,4,34.100000000000364,move,improve
8202,4,155.90000000000055,4,34.100000000000364,2opt,improve
8203,4,155.90000000000055,4,34.100000000000364,2opt,notBad
8204,4,155.90000000000055,4,34.100000000000364,move,improve
8205,4,155.90000000000055,4,34.100000000000364,move,improve
8206,4,155.90000000000055,4,34.100000000000364,2opt,notBad
8207,4,161.90000000000055,4,34.100000000000364,swap,acceptBad
8208,4,174.5,4,34.100000000000364,swap,acceptBad
8209,4,174.5,4,34.100000000000364,swap,notBad
8210,4,174.5,4,34.100000000000364,move,improve
8211,4,174.5,4,34.100000000000364,swap,notBad
8212,4,174.5,4,34.100000000000364,swap,improve
8213,4,163.09999999999945,4,34.100000000000364,swap,improve
8214,4,174.29999999999927,4,34.100000000000364,swap,acceptBad
8215,4,174.29999999999927,4,34.100000000000364,2opt,improve
8216,4,174.29999999999927,4,34.100000000000364,2opt,notBad
8217,4,174.29999999999927,4,34.100000000000364,move,improve
8218,4,174.29999999999927,4,34.100000000000364,2opt,notBad
8219,4,174.29999999999927,4,34.100000000000364,move,improve
8220,4,174.29999999999927,4,34.100000000000364,move,improve
8221,4,174.29999999999927,4,34.100000000000364,2opt,improve
8222,4,174.29999999999927,4,34.100000000000364,swap,improve
8223,4,174.29999999999927,4,34.100000000000364,move,improve
8224,4,174.29999999999927,4,34.100000000000364,2opt,notBad
8225,4,174.29999999999927,4,34.100000000000364,swap,notBad
8226,4,174.29999999999927,4,34.100000000000364,swap,notBad
8227,4,174.29999999999927,4,34.100000000000364,2opt,notBad
8228,4,174.29999999999927,4,34.100000000000364,move,improve
8229,4,174.29999999999927,4,34.100000000000364,2opt,notBad
8230,4,174.09999999999945,4,34.100000000000364,move,improve
8231,4,174.09999999999945,4,34.100000000000364,2opt,notBad
8232,4,174.09999999999945,4,34.100000000000364,move,improve
8233,4,174.09999999999945,4,34.100000000000364,2opt,notBad
8234,4,174.09999999999945,4,34.100000000000364,move,improve
8235,4,174.09999999999945,4,34.100000000000364,swap,notBad
8236,4,174.09999999999945,4,34.100000000000364,swap,improve
8237,4,174.09999999999945,4,34.100000000000364,move,improve
8238,4,174.09999999999945,4,34.100000000000364,2opt,notBad
8239,4,174.09999999999945,4,34.100000000000364,2opt,improve
8240,4,174.09999999999945,4,34.100000000000364,swap,improve
8241,4,174.09999999999945,4,34.100000000000364,move,improve
8242,4,174.09999999999945,4,34.100000000000364,swap,notBad
8243,4,174.09999999999945,4,34.100000000000364,2opt,notBad
8244,4,174.09999999999945,4,34.100000000000364,swap,improve
8245,4,174.09999999999945,4,34.100000000000364,2opt,notBad
8246,4,174.09999999999945,4,34.100000000000364,2opt,improve
8247,4,174.09999999999945,4,34.100000000000364,move,improve
8248,4,174.09999999999945,4,34.100000000000364,swap,notBad
8249,4,174.09999999999945,4,34.100000000000364,swap,improve
8250,4,174.09999999999945,4,34.100000000000364,move,improve
8251,4,174.09999999999945,4,34.100000000000364,2opt,notBad
8252,4,174.09999999999945,4,34.100000000000364,swap,improve
8253,4,174.09999999999945,4,34.100000000000364,2opt,improve
8254,4,174.09999999999945,4,34.100000000000364,swap,notBad
8255,4,174.09999999999945,4,34.100000000000364,2opt,notBad
8256,4,174.09999999999945,4,34.100000000000364,move,improve
8257,4,131.0999999999999,4,34.100000000000364,move,improve
8258,4,131.0999999999999,4,34.100000000000364,2opt,improve
8259,4,131.0999999999999,4,34.100000000000364,swap,notBad
8260,4,131.0999999999999,4,34.100000000000364,2opt,notBad
8261,4,131.0999999999999,4,34.100000000000364,2opt,improve
8262,4,131.0999999999999,4,34.100000000000364,swap,improve
8263,4,131.0999999999999,4,34.100000000000364,2opt,notBad
8264,4,131.0999999999999,4,34.100000000000364,swap,improve
8265,4,131.0999999999999,4,34.100000000000364,swap,improve
8266,4,131.0999999999999,4,34.100000000000364,swap,improve
8267,4,131.0999999999999,4,34.100000000000364,2opt,notBad
8268,4,123.29999999999882,4,34.100000000000364,swap,improve
8269,4,123.29999999999882,4,34.100000000000364,swap,notBad
8270,4,123.29999999999882,4,34.100000000000364,2opt,notBad
8271,4,123.29999999999882,4,34.100000000000364,swap,improve
8272,4,123.29999999999882,4,34.100000000000364,2opt,notBad
8273,4,123.29999999999882,4,34.100000000000364,2opt,notBad
8274,4,123.29999999999882,4,34.100000000000364,swap,improve
8275,4,123.29999999999882,4,34.100000000000364,2opt,notBad
8276,4,123.29999999999882,4,34.100000000000364,2opt,notBad
8277,4,123.29999999999882,4,34.100000000000364,2opt,improve
8278,4,123.29999999999882,4,34.100000000000364,move,improve
8279,4,123.29999999999882,4,34.100000000000364,swap,improve
8280,4,123.29999999999882,4,34.100000000000364,2opt,notBad
8281,4,123.29999999999882,4,34.100000000000364,move,improve
8282,4,123.29999999999882,4,34.100000000000364,swap,improve
8283,4,123.29999999999882,4,34.100000000000364,2opt,improve
8284,4,123.29999999999882,4,34.100000000000364,swap,improve
8285,4,123.29999999999882,4,34.100000000000364,move,improve
8286,4,123.29999999999882,4,34.100000000000364,swap,improve
8287,4,123.29999999999882,4,34.100000000000364,swap,improve
8288,4,123.29999999999882,4,34.100000000000364,2opt,notBad
8289,4,123.29999999999882,4,34.100000000000364,2opt,improve
8290,4,123.29999999999882,4,34.100000000000364,move,improve
8291,4,123.29999999999882,4,34.100000000000364,move,improve
8292,4,123.29999999999882,4,34.100000000000364,2opt,notBad
8293,4,123.29999999999882,4,34.100000000000364,2opt,improve
8294,4,123.29999999999882,4,34.100000000000364,2opt,notBad
8295,4,123.29999999999882,4,34.100000000000364,move,improve
8296,4,123.29999999999882,4,34.100000000000364,swap,improve
8297,4,123.29999999999882,4,34.100000000000364,move,improve
8298,4,123.29999999999882,4,34.100000000000364,2opt,improve
8299,4,123.29999999999882,4,34.100000000000364,2opt,notBad
8300,4,123.29999999999882,4,34.100000000000364,2opt,notBad
8301,4,123.29999999999882,4,34.100000000000364,2opt,notBad
8302,4,123.29999999999882,4,34.100000000000364,move,improve
8303,4,123.29999999999882,4,34.100000000000364,move,improve
8304,4,123.29999999999882,4,34.100000000000364,swap,notBad
8305,4,123.29999999999882,4,34.100000000000364,swap,improve
8306,4,123.29999999999882,4,34.100000000000364,move,improve
8307,4,123.29999999999882,4,34.100000000000364,swap,improve
8308,4,123.29999999999882,4,34.100000000000364,swap,improve
8309,4,123.29999999999882,4,34.100000000000364,swap,notBad
8310,4,123.29999999999882,4,34.100000000000364,2opt,notBad
8311,4,123.29999999999882,4,34.100000000000364,2opt,notBad
8312,4,123.29999999999882,4,34.100000000000364,2opt,notBad
8313,4,123.29999999999882,4,34.100000000000364,move,improve
8314,4,123.29999999999882,4,34.100000000000364,swap,notBad
8315,4,123.29999999999882,4,34.100000000000364,swap,improve
8316,4,123.29999999999882,4,34.100000000000364,move,improve
8317,4,123.29999999999882,4,34.100000000000364,2opt,improve
8318,4,123.29999999999882,4,34.100000000000364,move,improve
8319,4,123.29999999999882,4,34.100000000000364,swap,improve
8320,4,123.29999999999882,4,34.100000000000364,swap,improve
8321,4,123.29999999999882,4,34.100000000000364,move,improve
8322,4,123.29999999999882,4,34.100000000000364,swap,improve
8323,4,123.29999999999882,4,34.100000000000364,swap,improve
8324,4,123.29999999999882,4,34.100000000000364,swap,notBad
8325,4,123.29999999999882,4,34.100000000000364,move,improve
8326,4,123.29999999999882,4,34.100000000000364,2opt,improve
8327,4,123.29999999999882,4,34.100000000000364,move,improve
8328,4,99.49999999999864,4,34.100000000000364,swap,improve
8329,4,99.49999999999864,4,34.100000000000364,swap,notBad
8330,4,99.49999999999864,4,34.100000000000364,2opt,notBad
8331,4,99.49999999999864,4,34.100000000000364,move,improve
8332,4,99.49999999999864,4,34.100000000000364,swap,improve
8333,4,99.49999999999864,4,34.100000000000364,2opt,notBad
8334,4,99.49999999999864,4,34.100000000000364,swap,improve
8335,4,99.49999999999864,4,34.100000000000364,swap,improve
8336,4,99.49999999999864,4,34.100000000000364,swap,improve
8337,4,99.49999999999864,4,34.100000000000364,move,improve
8338,4,99.49999999999864,4,34.100000000000364,move,improve
8339,4,99.49999999999864,4,34.100000000000364,swap,improve
8340,4,99.49999999999864,4,34.100000000000364,2opt,notBad
8341,4,99.49999999999864,4,34.100000000000364,move,improve
8342,4,99.49999999999864,4,34.100000000000364,2opt,improve
8343,4,99.49999999999864,4,34.100000000000364,2opt,notBad
8344,4,99.49999999999864,4,34.100000000000364,move,improve
8345,4,99.49999999999864,4,34.100000000000364,move,improve
8346,4,99.49999999999864,4,34.100000000000364,move,improve
8347,4,99.49999999999864,4,34.100000000000364,2opt,notBad
8348,4,99.49999999999864,4,34.100000000000364,swap,improve
8349,4,107.29999999999973,4,34.100000000000364,swap,acceptBad
8350,4,107.29999999999973,4,34.100000000000364,2opt,notBad
8351,4,107.29999999999973,4,34.100000000000364,swap,improve
8352,4,107.29999999999973,4,34.100000000000364,swap,notBad
8353,4,107.29999999999973,4,34.100000000000364,2opt,notBad
8354,4,107.29999999999973,4,34.100000000000364,2opt,notBad
8355,4,107.29999999999973,4,34.100000000000364,move,improve
8356,4,107.29999999999973,4,34.100000000000364,2opt,notBad
8357,4,107.29999999999973,4,34.100000000000364,move,improve
8358,4,107.29999999999973,4,34.100000000000364,2opt,notBad
8359,4,107.29999999999973,4,34.100000000000364,move,improve
8360,4,112.09999999999945,4,34.100000000000364,swap,acceptBad
8361,4,112.09999999999945,4,34.100000000000364,swap,notBad
8362,4,112.09999999999945,4,34.100000000000364,swap,notBad
8363,4,112.09999999999945,4,34.100000000000364,2opt,notBad
8364,4,112.09999999999945,4,34.100000000000364,move,improve
8365,4,112.09999999999945,4,34.100000000000364,2opt,notBad
8366,4,112.09999999999945,4,34.100000000000364,move,improve
8367,4,112.09999999999945,4,34.100000000000364,2opt,notBad
8368,4,112.09999999999945,4,34.100000000000364,move,improve
8369,4,112.09999999999945,4,34.100000000000364,move,improve
8370,4,112.09999999999945,4,34.100000000000364,swap,improve
8371,4,112.09999999999945,4,34.100000000000364,swap,notBad
8372,4,112.09999999999945,4,34.100000000000364,move,improve
8373,4,112.09999999999945,4,34.100000000000364,move,improve
8374,4,111.5,4,34.100000000000364,swap,improve
8375,4,111.5,4,34.100000000000364,swap,notBad
8376,4,134.6999999999989,4,34.100000000000364,swap,acceptBad
8377,4,134.6999999999989,4,34.100000000000364,2opt,notBad
8378,4,134.6999999999989,4,34.100000000000364,move,improve
8379,4,134.6999999999989,4,34.100000000000364,2opt,notBad
8380,4,134.6999999999989,4,34.100000000000364,swap,notBad
8381,4,134.6999999999989,4,34.100000000000364,move,improve
8382,4,134.6999999999989,4,34.100000000000364,swap,improve
8383,4,134.6999999999989,4,34.100000000000364,2opt,notBad
8384,4,134.6999999999989,4,34.100000000000364,move,improve
8385,4,191.39999999999873,4,34.100000000000364,swap,acceptBad
8386,4,191.39999999999873,4,34.100000000000364,2opt,notBad
8387,4,191.39999999999873,4,34.100000000000364,2opt,improve
8388,4,191.39999999999873,4,34.100000000000364,move,improve
8389,4,130.49999999999818,4,34.100000000000364,swap,improve
8390,4,129.79999999999836,4,34.100000000000364,swap,improve
8391,4,129.79999999999836,4,34.100000000000364,swap,improve
8392,4,129.79999999999836,4,34.100000000000364,move,improve
8393,4,129.79999999999836,4,34.100000000000364,swap,notBad
8394,4,129.79999999999836,4,34.100000000000364,2opt,improve
8395,4,129.79999999999836,4,34.100000000000364,move,improve
8396,4,129.79999999999836,4,34.100000000000364,move,improve
8397,4,129.79999999999836,4,34.100000000000364,2opt,notBad
8398,4,129.79999999999836,4,34.100000000000364,swap,notBad
8399,4,129.79999999999836,4,34.100000000000364,move,improve
8400,4,129.79999999999836,4,34.100000000000364,swap,improve
8401,4,113.89999999999873,4,34.100000000000364,swap,improve
8402,4,113.89999999999873,4,34.100000000000364,move,improve
8403,4,113.89999999999873,4,34.100000000000364,swap,notBad
8404,4,113.89999999999873,4,34.100000000000364,move,improve
8405,4,193.29999999999882,4,34.100000000000364,swap,acceptBad
8406,4,193.29999999999882,4,34.100000000000364,2opt,notBad
8407,4,193.29999999999882,4,34.100000000000364,move,improve
8408,4,193.29999999999882,4,34.100000000000364,2opt,notBad
8409,4,193.29999999999882,4,34.100000000000364,2opt,improve
8410,4,211.19999999999936,4,34.100000000000364,swap,acceptBad
8411,4,211.19999999999936,4,34.100000000000364,2opt,notBad
8412,4,211.19999999999936,4,34.100000000000364,swap,improve
8413,4,211.19999999999936,4,34.100000000000364,move,improve
8414,4,211.19999999999936,4,34.100000000000364,2opt,notBad
8415,4,211.19999999999936,4,34.100000000000364,move,improve
8416,4,211.19999999999936,4,34.100000000000364,2opt,notBad
8417,4,211.19999999999936,4,34.100000000000364,swap,improve
8418,4,211.19999999999936,4,34.100000000000364,swap,notBad
8419,4,211.19999999999936,4,34.100000000000364,2opt,notBad
8420,4,211.19999999999936,4,34.100000000000364,swap,improve
8421,4,211.19999999999936,4,34.100000000000364,move,improve
8422,4,140.19999999999936,4,34.100000000000364,move,improve
8423,4,133.99999999999864,4,34.100000000000364,move,improve
8424,4,131.59999999999854,4,34.100000000000364,swap,improve
8425,4,131.59999999999854,4,34.100000000000364,move,improve
8426,4,131.59999999999854,4,34.100000000000364,swap,improve
8427,4,131.59999999999854,4,34.100000000000364,move,improve
8428,4,131.59999999999854,4,34.100000000000364,move,improve
8429,4,131.59999999999854,4,34.100000000000364,2opt,notBad
8430,4,131.59999999999854,4,34.100000000000364,move,improve
8431,4,131.59999999999854,4,34.100000000000364,swap,improve
8432,4,131.59999999999854,4,34.100000000000364,swap,improve
8433,4,131.59999999999854,4,34.100000000000364,move,improve
8434,4,131.59999999999854,4,34.100000000000364,2opt,notBad
8435,4,136.79999999999836,4,34.100000000000364,swap,acceptBad
8436,4,136.79999999999836,4,34.100000000000364,2opt,improve
8437,4,136.79999999999836,4,34.100000000000364,swap,improve
8438,4,136.79999999999836,4,34.100000000000364,2opt,improve
8439,4,136.79999999999836,4,34.100000000000364,move,improve
8440,4,136.79999999999836,4,34.100000000000364,move,improve
8441,4,136.79999999999836,4,34.100000000000364,2opt,notBad
8442,4,136.79999999999836,4,34.100000000000364,move,improve
8443,4,168.9999999999991,4,34.100000000000364,swap,acceptBad
8444,4,168.9999999999991,4,34.100000000000364,move,improve
8445,4,168.9999999999991,4,34.100000000000364,swap,improve
8446,4,168.9999999999991,4,34.100000000000364,swap,improve
8447,4,168.9999999999991,4,34.100000000000364,2opt,notBad
8448,4,168.9999999999991,4,34.100000000000364,2opt,notBad
8449,4,168.9999999999991,4,34.100000000000364,swap,improve
8450,4,168.9999999999991,4,34.100000000000364,swap,notBad
8451,4,168.9999999999991,4,34.100000000000364,2opt,notBad
8452,4,168.9999999999991,4,34.100000000000364,2opt,notBad
8453,4,168.9999999999991,4,34.100000000000364,move,improve
8454,4,168.9999999999991,4,34.100000000000364,2opt,notBad
8455,4,168.9999999999991,4,34.100000000000364,swap,notBad
8456,4,168.9999999999991,4,34.100000000000364,move,improve
8457,4,168.9999999999991,4,34.100000000000364,move,improve
8458,4,168.9999999999991,4,34.100000000000364,move,improve
8459,4,168.9999999999991,4,34.100000000000364,move,improve
8460,4,168.9999999999991,4,34.100000000000364,move,improve
8461,4,168.9999999999991,4,34.100000000000364,2opt,notBad
8462,4,168.9999999999991,4,34.100000000000364,move,improve
8463,4,168.9999999999991,4,34.100000000000364,2opt,notBad
8464,4,98.70000000000027,4,34.100000000000364,move,improve
8465,4,98.70000000000027,4,34.100000000000364,2opt,notBad
8466,4,98.70000000000027,4,34.100000000000364,2opt,notBad
8467,4,98.70000000000027,4,34.100000000000364,swap,improve
8468,4,98.70000000000027,4,34.100000000000364,move,improve
8469,4,98.70000000000027,4,34.100000000000364,2opt,improve
8470,4,98.70000000000027,4,34.100000000000364,move,improve
8471,4,98.70000000000027,4,34.100000000000364,2opt,notBad
8472,4,98.70000000000027,4,34.100000000000364,2opt,notBad
8473,4,98.70000000000027,4,34.100000000000364,2opt,notBad
8474,4,98.70000000000027,4,34.100000000000364,2opt,notBad
8475,4,98.70000000000027,4,34.100000000000364,move,improve
8476,4,98.70000000000027,4,34.100000000000364,move,improve
8477,4,98.70000000000027,4,34.100000000000364,swap,improve
8478,4,98.70000000000027,4,34.100000000000364,swap,improve
8479,4,98.70000000000027,4,34.100000000000364,swap,improve
8480,4,98.70000000000027,4,34.100000000000364,move,improve
8481,4,98.70000000000027,4,34.100000000000364,2opt,notBad
8482,4,98.70000000000027,4,34.100000000000364,move,improve
8483,4,98.70000000000027,4,34.100000000000364,swap,notBad
8484,4,99.10000000000036,4,34.100000000000364,swap,acceptBad
8485,4,99.10000000000036,4,34.100000000000364,2opt,notBad
8486,4,99.10000000000036,4,34.100000000000364,move,improve
8487,4,99.10000000000036,4,34.100000000000364,2opt,notBad
8488,4,99.10000000000036,4,34.100000000000364,2opt,improve
8489,4,99.10000000000036,4,34.100000000000364,swap,notBad
8490,4,99.10000000000036,4,34.100000000000364,2opt,improve
8491,4,99.10000000000036,4,34.100000000000364,swap,improve
8492,4,99.10000000000036,4,34.100000000000364,swap,improve
8493,4,99.10000000000036,4,34.100000000000364,move,improve
8494,4,99.10000000000036,4,34.100000000000364,2opt,notBad
8495,4,99.70000000000027,4,34.100000000000364,swap,acceptBad
8496,4,58.500000000000455,4,34.100000000000364,move,improve
8497,4,58.500000000000455,4,34.100000000000364,move,improve
8498,4,58.500000000000455,4,34.100000000000364,2opt,improve
8499,4,79.60000000000036,4,34.100000000000364,swap,acceptBad
8500,4,79.60000000000036,4,34.100000000000364,swap,notBad
8501,4,79.60000000000036,4,34.100000000000364,move,improve
8502,4,79.60000000000036,4,34.100000000000364,swap,improve
8503,4,79.60000000000036,4,34.100000000000364,2opt,notBad
8504,4,79.60000000000036,4,34.100000000000364,swap,improve
8505,4,79.60000000000036,4,34.100000000000364,move,improve
8506,4,79.60000000000036,4,34.100000000000364,move,improve
8507,4,79.60000000000036,4,34.100000000000364,move,improve
8508,4,79.60000000000036,4,34.100000000000364,2opt,improve
8509,4,79.60000000000036,4,34.100000000000364,2opt,notBad
8510,4,79.60000000000036,4,34.100000000000364,move,improve
8511,4,79.60000000000036,4,34.100000000000364,swap,improve
8512,4,79.60000000000036,4,34.100000000000364,2opt,notBad
8513,4,79.60000000000036,4,34.100000000000364,swap,improve
8514,4,79.60000000000036,4,34.100000000000364,2opt,notBad
8515,4,79.60000000000036,4,34.100000000000364,move,improve
8516,4,79.60000000000036,4,34.100000000000364,move,improve
8517,4,79.60000000000036,4,34.100000000000364,move,improve
8518,4,79.60000000000036,4,34.100000000000364,move,improve
8519,4,79.60000000000036,4,34.100000000000364,move,improve
8520,4,79.60000000000036,4,34.100000000000364,swap,notBad
8521,4,79.60000000000036,4,34.100000000000364,swap,notBad
8522,4,79.60000000000036,4,34.100000000000364,swap,notBad
8523,4,79.60000000000036,4,34.100000000000364,move,improve
8524,4,79.60000000000036,4,34.100000000000364,2opt,improve
8525,4,79.60000000000036,4,34.100000000000364,2opt,notBad
8526,4,79.60000000000036,4,34.100000000000364,2opt,notBad
8527,4,79.60000000000036,4,34.100000000000364,swap,notBad
8528,4,79.60000000000036,4,34.100000000000364,move,improve
8529,4,79.60000000000036,4,34.100000000000364,swap,improve
8530,4,79.60000000000036,4,34.100000000000364,2opt,notBad
8531,4,79.60000000000036,4,34.100000000000364,2opt,improve
8532,4,79.60000000000036,4,34.100000000000364,2opt,notBad
8533,4,79.60000000000036,4,34.100000000000364,2opt,notBad
8534,4,79.60000000000036,4,34.100000000000364,move,improve
8535,4,79.60000000000036,4,34.100000000000364,move,improve
8536,4,79.60000000000036,4,34.100000000000364,2opt,notBad
8537,4,79.60000000000036,4,34.100000000000364,move,improve
8538,4,79.60000000000036,4,34.100000000000364,move,improve
8539,4,79.60000000000036,4,34.100000000000364,swap,notBad
8540,4,79.60000000000036,4,34.100000000000364,swap,improve
8541,4,79.60000000000036,4,34.100000000000364,move,improve
8542,4,79.60000000000036,4,34.100000000000364,2opt,notBad
8543,4,79.60000000000036,4,34.100000000000364,2opt,notBad
8544,4,79.60000000000036,4,34.100000000000364,2opt,notBad
8545,4,79.60000000000036,4,34.100000000000364,swap,improve
8546,4,79.60000000000036,4,34.100000000000364,swap,notBad
8547,4,79.60000000000036,4,34.100000000000364,move,improve
8548,4,79.60000000000036,4,34.100000000000364,swap,improve
8549,4,79.60000000000036,4,34.100000000000364,2opt,notBad
8550,4,79.60000000000036,4,34.100000000000364,swap,improve
8551,4,79.60000000000036,4,34.100000000000364,swap,improve
8552,4,81.10000000000036,4,34.100000000000364,swap,acceptBad
8553,4,81.10000000000036,4,34.100000000000364,swap,notBad
8554,4,81.10000000000036,4,34.100000000000364,2opt,notBad
8555,4,81.10000000000036,4,34.100000000000364,2opt,notBad
8556,4,81.10000000000036,4,34.100000000000364,move,improve
8557,4,81.10000000000036,4,34.100000000000364,move,improve
8558,4,81.10000000000036,4,34.100000000000364,swap,improve
8559,4,81.10000000000036,4,34.100000000000364,swap,improve
8560,4,81.10000000000036,4,34.100000000000364,2opt,notBad
8561,4,81.10000000000036,4,34.100000000000364,swap,improve
8562,4,81.10000000000036,4,34.100000000000364,move,improve
8563,4,81.10000000000036,4,34.100000000000364,swap,notBad
8564,4,81.10000000000036,4,34.100000000000364,swap,notBad
8565,4,81.10000000000036,4,34.100000000000364,move,improve
8566,4,73.10000000000036,4,34.100000000000364,swap,improve
8567,4,73.10000000000036,4,34.100000000000364,swap,improve
8568,4,73.10000000000036,4,34.100000000000364,move,improve
8569,4,73.10000000000036,4,34.100000000000364,2opt,notBad
8570,4,73.10000000000036,4,34.100000000000364,swap,notBad
8571,4,73.10000000000036,4,34.100000000000364,2opt,improve
8572,4,73.10000000000036,4,34.100000000000364,swap,notBad
8573,4,73.10000000000036,4,34.100000000000364,2opt,notBad
8574,4,73.10000000000036,4,34.100000000000364,move,improve
8575,4,73.10000000000036,4,34.100000000000364,move,improve
8576,4,73.10000000000036,4,34.100000000000364,swap,improve
8577,4,73.10000000000036,4,34.100000000000364,swap,improve
8578,4,73.10000000000036,4,34.100000000000364,move,improve
8579,4,73.10000000000036,4,34.100000000000364,2opt,notBad
8580,4,73.10000000000036,4,34.100000000000364,swap,improve
8581,4,73.10000000000036,4,34.100000000000364,swap,improve
8582,4,73.10000000000036,4,34.100000000000364,2opt,notBad
8583,4,73.10000000000036,4,34.100000000000364,move,improve
8584,4,73.10000000000036,4,34.100000000000364,move,improve
8585,4,73.10000000000036,4,34.100000000000364,2opt,notBad
8586,4,73.10000000000036,4,34.100000000000364,2opt,notBad
8587,4,73.10000000000036,4,34.100000000000364,move,improve
8588,4,98.0,4,34.100000000000364,swap,acceptBad
8589,4,98.0,4,34.100000000000364,move,improve
8590,4,98.0,4,34.100000000000364,2opt,notBad
8591,4,98.0,4,34.100000000000364,2opt,notBad
8592,4,98.0,4,34.100000000000364,2opt,notBad
8593,4,98.0,4,34.100000000000364,2opt,notBad
8594,4,98.0,4,34.100000000000364,move,improve
8595,4,98.0,4,34.100000000000364,move,improve
8596,4,98.0,4,34.100000000000364,swap,improve
8597,4,98.0,4,34.100000000000364,2opt,notBad
8598,4,98.0,4,34.100000000000364,move,improve
8599,4,98.0,4,34.100000000000364,move,improve
8600,4,98.0,4,34.100000000000364,swap,improve
8601,4,98.0,4,34.100000000000364,swap,improve
8602,4,98.0,4,34.100000000000364,2opt,notBad
8603,4,98.0,4,34.100000000000364,move,improve
8604,4,98.0,4,34.100000000000364,move,improve
8605,4,98.0,4,34.100000000000364,move,improve
8606,4,98.0,4,34.100000000000364,2opt,improve
8607,4,98.0,4,34.100000000000364,swap,notBad
8608,4,98.0,4,34.100000000000364,2opt,notBad
8609,4,98.0,4,34.100000000000364,swap,improve
8610,4,98.0,4,34.100000000000364,2opt,notBad
8611,4,98.0,4,34.100000000000364,2opt,notBad
8612,4,88.60000000000036,4,34.100000000000364,move,improve
8613,4,88.60000000000036,4,34.100000000000364,swap,notBad
8614,4,88.60000000000036,4,34.100000000000364,swap,improve
8615,4,88.60000000000036,4,34.100000000000364,move,improve
8616,4,88.60000000000036,4,34.100000000000364,move,improve
8617,4,88.60000000000036,4,34.100000000000364,swap,notBad
8618,4,88.60000000000036,4,34.100000000000364,2opt,notBad
8619,4,88.60000000000036,4,34.100000000000364,move,improve
8620,4,88.60000000000036,4,34.100000000000364,swap,improve
8621,4,88.60000000000036,4,34.100000000000364,swap,improve
8622,4,88.60000000000036,4,34.100000000000364,2opt,notBad
8623,4,88.60000000000036,4,34.100000000000364,2opt,notBad
8624,4,88.60000000000036,4,34.100000000000364,move,notBad
8625,4,88.60000000000036,4,34.100000000000364,2opt,notBad
8626,4,88.60000000000036,4,34.100000000000364,2opt,improve
8627,4,88.60000000000036,4,34.100000000000364,2opt,improve
8628,4,88.60000000000036,4,34.100000000000364,move,improve
8629,4,88.60000000000036,4,34.100000000000364,move,improve
8630,4,88.60000000000036,4,34.100000000000364,2opt,notBad
8631,4,88.60000000000036,4,34.100000000000364,2opt,notBad
8632,4,88.60000000000036,4,34.100000000000364,swap,improve
8633,4,88.60000000000036,4,34.100000000000364,swap,improve
8634,4,88.60000000000036,4,34.100000000000364,swap,improve
8635,4,88.60000000000036,4,34.100000000000364,2opt,notBad
8636,4,88.60000000000036,4,34.100000000000364,swap,improve
8637,4,88.60000000000036,4,34.100000000000364,2opt,notBad
8638,4,88.60000000000036,4,34.100000000000364,swap,improve
8639,4,88.60000000000036,4,34.100000000000364,swap,improve
8640,4,88.60000000000036,4,34.100000000000364,swap,notBad
8641,4,88.60000000000036,4,34.100000000000364,swap,improve
8642,4,88.60000000000036,4,34.100000000000364,2opt,improve
8643,4,88.60000000000036,4,34.100000000000364,2opt,improve
8644,4,88.60000000000036,4,34.100000000000364,swap,improve
8645,4,88.60000000000036,4,34.100000000000364,move,improve
8646,4,88.60000000000036,4,34.100000000000364,swap,improve
8647,4,88.60000000000036,4,34.100000000000364,swap,notBad
8648,4,88.60000000000036,4,34.100000000000364,move,improve
8649,4,88.60000000000036,4,34.100000000000364,move,improve
8650,4,88.60000000000036,4,34.100000000000364,swap,notBad
8651,4,88.60000000000036,4,34.100000000000364,2opt,notBad
8652,4,88.60000000000036,4,34.100000000000364,move,improve
8653,4,88.60000000000036,4,34.100000000000364,move,improve
8654,4,88.60000000000036,4,34.100000000000364,swap,improve
8655,4,88.60000000000036,4,34.100000000000364,move,improve
8656,4,88.60000000000036,4,34.100000000000364,2opt,notBad
8657,4,88.60000000000036,4,34.100000000000364,swap,improve
8658,4,88.60000000000036,4,34.100000000000364,swap,improve
8659,4,88.60000000000036,4,34.100000000000364,swap,notBad
8660,4,88.60000000000036,4,34.100000000000364,2opt,improve
8661,4,88.60000000000036,4,34.100000000000364,move,improve
8662,4,88.60000000000036,4,34.100000000000364,move,improve
8663,4,88.60000000000036,4,34.100000000000364,2opt,improve
8664,4,88.60000000000036,4,34.100000000000364,swap,notBad
8665,4,88.60000000000036,4,34.100000000000364,swap,improve
8666,4,101.80000000000064,4,34.100000000000364,swap,acceptBad
8667,4,101.80000000000064,4,34.100000000000364,2opt,notBad
8668,4,101.80000000000064,4,34.100000000000364,swap,notBad
8669,4,101.80000000000064,4,34.100000000000364,move,notBad
8670,4,113.19999999999936,4,34.100000000000364,swap,acceptBad
8671,4,113.19999999999936,4,34.100000000000364,swap,improve
8672,4,113.19999999999936,4,34.100000000000364,2opt,notBad
8673,4,113.19999999999936,4,34.100000000000364,move,improve
8674,4,113.49999999999909,4,34.100000000000364,swap,acceptBad
8675,4,113.49999999999909,4,34.100000000000364,2opt,improve
8676,4,113.49999999999909,4,34.100000000000364,2opt,notBad
8677,4,113.49999999999909,4,34.100000000000364,move,improve
8678,4,113.49999999999909,4,34.100000000000364,swap,improve
8679,4,113.49999999999909,4,34.100000000000364,2opt,notBad
8680,4,113.49999999999909,4,34.100000000000364,2opt,improve
8681,4,113.49999999999909,4,34.100000000000364,2opt,improve
8682,4,113.49999999999909,4,34.100000000000364,swap,improve
8683,4,113.49999999999909,4,34.100000000000364,2opt,notBad
8684,4,113.49999999999909,4,34.100000000000364,2opt,notBad
8685,4,113.49999999999909,4,34.100000000000364,move,improve
8686,4,113.49999999999909,4,34.100000000000364,2opt,notBad
8687,4,113.49999999999909,4,34.100000000000364,2opt,notBad
8688,4,113.49999999999909,4,34.100000000000364,2opt,notBad
8689,4,113.49999999999909,4,34.100000000000364,swap,improve
8690,4,113.49999999999909,4,34.100000000000364,2opt,notBad
8691,4,113.49999999999909,4,34.100000000000364,move,improve
8692,4,113.49999999999909,4,34.100000000000364,swap,improve
8693,4,113.49999999999909,4,34.100000000000364,move,improve
8694,4,113.49999999999909,4,34.100000000000364,swap,improve
8695,4,148.59999999999854,4,34.100000000000364,swap,acceptBad
8696,4,148.59999999999854,4,34.100000000000364,2opt,notBad
8697,4,148.59999999999854,4,34.100000000000364,swap,improve
8698,4,148.59999999999854,4,34.100000000000364,move,improve
8699,4,149.4999999999991,4,34.100000000000364,2opt,acceptBad
8700,4,149.4999999999991,4,34.100000000000364,2opt,notBad
8701,4,149.4999999999991,4,34.100000000000364,move,improve
8702,4,149.4999999999991,4,34.100000000000364,swap,notBad
8703,4,149.4999999999991,4,34.100000000000364,move,improve
8704,4,147.9999999999991,4,34.100000000000364,swap,improve
8705,4,147.9999999999991,4,34.100000000000364,swap,improve
8706,4,147.9999999999991,4,34.100000000000364,2opt,notBad
8707,4,147.9999999999991,4,34.100000000000364,2opt,notBad
8708,4,147.9999999999991,4,34.100000000000364,swap,notBad
8709,4,147.9999999999991,4,34.100000000000364,swap,improve
8710,4,147.9999999999991,4,34.100000000000364,move,improve
8711,4,147.9999999999991,4,34.100000000000364,move,improve
8712,4,147.9999999999991,4,34.100000000000364,swap,notBad
8713,4,147.9999999999991,4,34.100000000000364,swap,improve
8714,4,147.9999999999991,4,34.100000000000364,2opt,notBad
8715,4,147.9999999999991,4,34.100000000000364,move,improve
8716,4,147.9999999999991,4,34.100000000000364,2opt,notBad
8717,4,147.9999999999991,4,34.100000000000364,swap,improve
8718,4,147.9999999999991,4,34.100000000000364,swap,notBad
8719,4,147.9999999999991,4,34.100000000000364,move,improve
8720,4,147.9999999999991,4,34.100000000000364,2opt,improve
8721,4,128.59999999999945,4,34.100000000000364,move,improve
8722,4,128.59999999999945,4,34.100000000000364,2opt,notBad
8723,4,127.39999999999918,4,34.100000000000364,move,improve
8724,4,127.39999999999918,4,34.100000000000364,move,improve
8725,4,126.19999999999891,4,34.100000000000364,swap,improve
8726,4,126.19999999999891,4,34.100000000000364,swap,improve
8727,4,127.39999999999918,4,34.100000000000364,2opt,acceptBad
8728,4,127.39999999999918,4,34.100000000000364,swap,notBad
8729,4,127.39999999999918,4,34.100000000000364,move,improve
8730,4,128.59999999999945,4,34.100000000000364,swap,acceptBad
8731,4,128.59999999999945,4,34.100000000000364,2opt,notBad
8732,4,128.59999999999945,4,34.100000000000364,2opt,improve
8733,4,128.59999999999945,4,34.100000000000364,move,improve
8734,4,128.59999999999945,4,34.100000000000364,move,improve
8735,4,128.59999999999945,4,34.100000000000364,move,improve
8736,4,128.59999999999945,4,34.100000000000364,move,improve
8737,4,128.59999999999945,4,34.100000000000364,move,improve
8738,4,128.59999999999945,4,34.100000000000364,move,improve
8739,4,128.59999999999945,4,34.100000000000364,move,improve
8740,4,128.59999999999945,4,34.100000000000364,move,improve
8741,4,128.59999999999945,4,34.100000000000364,move,improve
8742,4,128.59999999999945,4,34.100000000000364,move,improve
8743,4,128.59999999999945,4,34.100000000000364,swap,improve
8744,4,128.59999999999945,4,34.100000000000364,2opt,notBad
8745,4,128.59999999999945,4,34.100000000000364,2opt,notBad
8746,4,128.59999999999945,4,34.100000000000364,2opt,notBad
8747,4,128.59999999999945,4,34.100000000000364,swap,notBad
8748,4,128.59999999999945,4,34.100000000000364,move,improve
8749,4,128.59999999999945,4,34.100000000000364,move,improve
8750,4,128.59999999999945,4,34.100000000000364,move,improve
8751,4,128.59999999999945,4,34.100000000000364,swap,improve
8752,4,128.59999999999945,4,34.100000000000364,swap,improve
8753,4,128.59999999999945,4,34.100000000000364,swap,improve
8754,4,128.59999999999945,4,34.100000000000364,2opt,notBad
8755,4,128.59999999999945,4,34.100000000000364,move,improve
8756,4,128.59999999999945,4,34.100000000000364,move,improve
8757,4,128.59999999999945,4,34.100000000000364,2opt,notBad
8758,4,128.59999999999945,4,34.100000000000364,2opt,improve
8759,4,128.59999999999945,4,34.100000000000364,move,improve
8760,4,128.59999999999945,4,34.100000000000364,2opt,notBad
8761,4,128.59999999999945,4,34.100000000000364,2opt,notBad
8762,4,128.59999999999945,4,34.100000000000364,2opt,improve
8763,4,130.09999999999945,4,34.100000000000364,swap,acceptBad
8764,4,130.09999999999945,4,34.100000000000364,swap,improve
8765,4,130.09999999999945,4,34.100000000000364,move,improve
8766,4,130.09999999999945,4,34.100000000000364,swap,notBad
8767,4,130.09999999999945,4,34.100000000000364,2opt,notBad
8768,4,128.09999999999945,4,34.100000000000364,move,improve
8769,4,128.09999999999945,4,34.100000000000364,swap,improve
8770,4,128.09999999999945,4,34.100000000000364,move,improve
8771,4,128.09999999999945,4,34.100000000000364,move,improve
8772,4,128.09999999999945,4,34.100000000000364,move,notBad
8773,4,128.09999999999945,4,34.100000000000364,move,improve
8774,4,128.09999999999945,4,34.100000000000364,move,improve
8775,4,128.09999999999945,4,34.100000000000364,move,improve
8776,4,128.09999999999945,4,34.100000000000364,swap,notBad
8777,4,128.09999999999945,4,34.100000000000364,move,improve
8778,4,128.09999999999945,4,34.100000000000364,move,improve
8779,4,128.09999999999945,4,34.100000000000364,move,improve
8780,4,128.09999999999945,4,34.100000000000364,swap,improve
8781,4,128.09999999999945,4,34.100000000000364,swap,notBad
8782,4,128.09999999999945,4,34.100000000000364,swap,improve
8783,4,128.09999999999945,4,34.100000000000364,swap,improve
8784,4,128.09999999999945,4,34.100000000000364,move,improve
8785,4,128.09999999999945,4,34.100000000000364,move,improve
8786,4,128.09999999999945,4,34.100000000000364,move,improve
8787,4,128.09999999999945,4,34.100000000000364,move,improve
8788,4,128.09999999999945,4,34.100000000000364,move,improve
8789,4,128.09999999999945,4,34.100000000000364,move,improve
8790,4,128.09999999999945,4,34.100000000000364,swap,notBad
8791,4,128.09999999999945,4,34.100000000000364,2opt,improve
8792,4,128.09999999999945,4,34.100000000000364,swap,notBad
8793,4,128.09999999999945,4,34.100000000000364,move,improve
8794,4,110.09999999999945,4,34.100000000000364,2opt,improve
8795,4,110.09999999999945,4,34.100000000000364,swap,notBad
8796,4,110.09999999999945,4,34.100000000000364,swap,improve
8797,4,110.09999999999945,4,34.100000000000364,2opt,improve
8798,4,110.09999999999945,4,34.100000000000364,swap,improve
8799,4,110.09999999999945,4,34.100000000000364,swap,improve
8800,4,110.09999999999945,4,34.100000000000364,move,improve
8801,4,110.09999999999945,4,34.100000000000364,move,improve
8802,4,110.09999999999945,4,34.100000000000364,2opt,notBad
8803,4,110.09999999999945,4,34.100000000000364,swap,improve
8804,4,94.40000000000055,4,34.100000000000364,swap,improve
8805,4,94.40000000000055,4,34.100000000000364,2opt,notBad
8806,4,94.40000000000055,4,34.100000000000364,2opt,notBad
8807,4,94.40000000000055,4,34.100000000000364,2opt,improve
8808,4,94.40000000000055,4,34.100000000000364,2opt,notBad
8809,4,94.40000000000055,4,34.100000000000364,move,improve
8810,4,94.40000000000055,4,34.100000000000364,move,improve
8811,4,94.40000000000055,4,34.100000000000364,2opt,notBad
8812,4,94.40000000000055,4,34.100000000000364,move,improve
8813,4,94.40000000000055,4,34.100000000000364,2opt,notBad
8814,4,94.40000000000055,4,34.100000000000364,swap,improve
8815,4,94.40000000000055,4,34.100000000000364,2opt,notBad
8816,4,94.40000000000055,4,34.100000000000364,move,improve
8817,4,94.40000000000055,4,34.100000000000364,move,improve
8818,4,94.40000000000055,4,34.100000000000364,2opt,notBad
8819,4,94.40000000000055,4,34.100000000000364,move,improve
8820,4,94.40000000000055,4,34.100000000000364,2opt,notBad
8821,4,161.59999999999945,4,34.100000000000364,swap,acceptBad
8822,4,161.59999999999945,4,34.100000000000364,2opt,notBad
8823,4,161.59999999999945,4,34.100000000000364,swap,improve
8824,4,161.59999999999945,4,34.100000000000364,2opt,improve
8825,4,161.59999999999945,4,34.100000000000364,move,improve
8826,4,161.59999999999945,4,34.100000000000364,2opt,notBad
8827,4,161.59999999999945,4,34.100000000000364,swap,improve
8828,4,161.59999999999945,4,34.100000000000364,move,improve
8829,4,161.59999999999945,4,34.100000000000364,2opt,notBad
8830,4,161.59999999999945,4,34.100000000000364,swap,improve
8831,4,161.59999999999945,4,34.100000000000364,swap,improve
8832,4,186.1999999999989,4,34.100000000000364,swap,acceptBad
8833,4,191.59999999999945,4,34.100000000000364,swap,acceptBad
8834,4,191.59999999999945,4,34.100000000000364,swap,notBad
8835,4,191.59999999999945,4,34.100000000000364,2opt,notBad
8836,4,191.59999999999945,4,34.100000000000364,2opt,notBad
8837,4,191.59999999999945,4,34.100000000000364,move,improve
8838,4,191.59999999999945,4,34.100000000000364,swap,improve
8839,4,191.59999999999945,4,34.100000000000364,swap,notBad
8840,4,191.59999999999945,4,34.100000000000364,swap,notBad
8841,4,191.59999999999945,4,34.100000000000364,2opt,notBad
8842,4,191.59999999999945,4,34.100000000000364,move,improve
8843,4,191.59999999999945,4,34.100000000000364,2opt,notBad
8844,4,191.59999999999945,4,34.100000000000364,move,improve
8845,4,191.59999999999945,4,34.100000000000364,swap,improve
8846,4,131.0,4,34.100000000000364,move,improve
8847,4,131.0,4,34.100000000000364,swap,notBad
8848,4,131.0,4,34.100000000000364,2opt,notBad
8849,4,131.0,4,34.100000000000364,2opt,notBad
8850,4,131.0,4,34.100000000000364,swap,improve
8851,4,131.0,4,34.100000000000364,swap,notBad
8852,4,131.0,4,34.100000000000364,swap,improve
8853,4,131.0,4,34.100000000000364,move,improve
8854,4,131.0,4,34.100000000000364,move,improve
8855,4,131.0,4,34.100000000000364,swap,improve
8856,4,131.0,4,34.100000000000364,2opt,notBad
8857,4,136.79999999999973,4,34.100000000000364,swap,acceptBad
8858,4,136.79999999999973,4,34.100000000000364,swap,improve
8859,4,136.79999999999973,4,34.100000000000364,2opt,improve
8860,4,141.00000000000136,4,34.100000000000364,swap,acceptBad
8861,4,141.00000000000136,4,34.100000000000364,swap,improve
8862,4,145.80000000000246,4,34.100000000000364,swap,acceptBad
8863,4,145.80000000000246,4,34.100000000000364,move,improve
8864,4,145.80000000000246,4,34.100000000000364,2opt,notBad
8865,4,145.80000000000246,4,34.100000000000364,2opt,notBad
8866,4,145.80000000000246,4,34.100000000000364,move,improve
8867,4,145.80000000000246,4,34.100000000000364,swap,improve
8868,4,145.80000000000246,4,34.100000000000364,move,improve
8869,4,145.80000000000246,4,34.100000000000364,swap,improve
8870,4,145.80000000000246,4,34.100000000000364,move,improve
8871,4,145.80000000000246,4,34.100000000000364,swap,improve
8872,4,145.80000000000246,4,34.100000000000364,swap,improve
8873,4,145.80000000000246,4,34.100000000000364,2opt,notBad
8874,4,145.80000000000246,4,34.100000000000364,swap,improve
8875,4,145.80000000000246,4,34.100000000000364,move,improve
8876,4,145.80000000000246,4,34.100000000000364,swap,improve
8877,4,145.80000000000246,4,34.100000000000364,move,improve
8878,4,145.80000000000246,4,34.100000000000364,move,improve
8879,4,145.80000000000246,4,34.100000000000364,2opt,notBad
8880,4,145.80000000000246,4,34.100000000000364,move,improve
8881,4,145.80000000000246,4,34.100000000000364,move,improve
8882,4,145.80000000000246,4,34.100000000000364,swap,improve
8883,4,145.80000000000246,4,34.100000000000364,move,improve
8884,4,145.80000000000246,4,34.100000000000364,2opt,notBad
8885,4,142.80000000000246,4,34.100000000000364,move,improve
8886,4,142.80000000000246,4,34.100000000000364,swap,improve
8887,4,138.60000000000082,4,34.100000000000364,swap,improve
8888,4,138.60000000000082,4,34.100000000000364,2opt,notBad
8889,4,138.60000000000082,4,34.100000000000364,2opt,improve
8890,4,138.60000000000082,4,34.100000000000364,move,improve
8891,4,138.60000000000082,4,34.100000000000364,move,improve
8892,4,138.60000000000082,4,34.100000000000364,move,improve
8893,4,138.60000000000082,4,34.100000000000364,2opt,improve
8894,4,138.60000000000082,4,34.100000000000364,swap,improve
8895,4,138.60000000000082,4,34.100000000000364,swap,notBad
8896,4,138.60000000000082,4,34.100000000000364,2opt,notBad
8897,4,138.60000000000082,4,34.100000000000364,swap,improve
8898,4,138.60000000000082,4,34.100000000000364,move,notBad
8899,4,138.60000000000082,4,34.100000000000364,2opt,notBad
8900,4,138.60000000000082,4,34.100000000000364,swap,improve
8901,4,143.70000000000164,4,34.100000000000364,swap,acceptBad
8902,4,143.70000000000164,4,34.100000000000364,swap,improve
8903,4,143.70000000000164,4,34.100000000000364,move,improve
8904,4,143.70000000000164,4,34.100000000000364,move,improve
8905,4,143.70000000000164,4,34.100000000000364,2opt,notBad
8906,4,143.70000000000164,4,34.100000000000364,2opt,notBad
8907,4,143.70000000000164,4,34.100000000000364,swap,notBad
8908,4,138.90000000000055,4,34.100000000000364,swap,improve
8909,4,138.90000000000055,4,34.100000000000364,swap,improve
8910,4,137.70000000000027,4,34.100000000000364,move,improve
8911,4,137.70000000000027,4,34.100000000000364,move,improve
8912,4,137.70000000000027,4,34.100000000000364,2opt,improve
8913,4,137.70000000000027,4,34.100000000000364,2opt,notBad
8914,4,137.70000000000027,4,34.100000000000364,2opt,improve
8915,4,137.70000000000027,4,34.100000000000364,2opt,notBad
8916,4,137.70000000000027,4,34.100000000000364,swap,improve
8917,4,137.70000000000027,4,34.100000000000364,move,improve
8918,4,137.70000000000027,4,34.100000000000364,swap,notBad
8919,4,137.70000000000027,4,34.100000000000364,2opt,notBad
8920,4,137.70000000000027,4,34.100000000000364,2opt,notBad
8921,4,137.70000000000027,4,34.100000000000364,swap,improve
8922,4,137.70000000000027,4,34.100000000000364,move,improve
8923,4,137.70000000000027,4,34.100000000000364,swap,improve
8924,4,137.70000000000027,4,34.100000000000364,2opt,notBad
8925,4,137.70000000000027,4,34.100000000000364,2opt,improve
8926,4,137.70000000000027,4,34.100000000000364,2opt,notBad
8927,4,137.70000000000027,4,34.100000000000364,swap,improve
8928,4,137.70000000000027,4,34.100000000000364,move,improve
8929,4,137.70000000000027,4,34.100000000000364,2opt,notBad
8930,4,137.70000000000027,4,34.100000000000364,move,improve
8931,4,137.70000000000027,4,34.100000000000364,swap,improve
8932,4,137.70000000000027,4,34.100000000000364,2opt,improve
8933,4,137.70000000000027,4,34.100000000000364,move,improve
8934,4,142.50000000000136,4,34.100000000000364,swap,acceptBad
8935,4,142.50000000000136,4,34.100000000000364,2opt,notBad
8936,4,142.50000000000136,4,34.100000000000364,swap,improve
8937,4,142.50000000000136,4,34.100000000000364,swap,improve
8938,4,142.50000000000136,4,34.100000000000364,swap,improve
8939,4,142.50000000000136,4,34.100000000000364,2opt,improve
8940,4,142.50000000000136,4,34.100000000000364,swap,improve
8941,4,142.50000000000136,4,34.100000000000364,move,improve
8942,4,142.50000000000136,4,34.100000000000364,move,improve
8943,4,142.50000000000136,4,34.100000000000364,2opt,notBad
8944,4,61.500000000000455,4,34.100000000000364,swap,improve
8945,4,61.500000000000455,4,34.100000000000364,2opt,notBad
8946,4,61.500000000000455,4,34.100000000000364,swap,improve
8947,4,61.500000000000455,4,34.100000000000364,move,improve
8948,4,61.100000000000364,4,34.100000000000364,swap,improve
8949,4,61.100000000000364,4,34.100000000000364,2opt,notBad
8950,4,61.100000000000364,4,34.100000000000364,move,improve
8951,4,61.100000000000364,4,34.100000000000364,swap,improve
8952,4,61.100000000000364,4,34.100000000000364,2opt,improve
8953,4,61.100000000000364,4,34.100000000000364,move,improve
8954,4,61.100000000000364,4,34.100000000000364,move,improve
8955,4,61.100000000000364,4,34.100000000000364,swap,improve
8956,4,61.100000000000364,4,34.100000000000364,swap,improve
8957,4,61.100000000000364,4,34.100000000000364,move,improve
8958,4,61.100000000000364,4,34.100000000000364,move,improve
8959,4,61.100000000000364,4,34.100000000000364,move,improve
8960,4,61.100000000000364,4,34.100000000000364,move,improve
8961,4,61.100000000000364,4,34.100000000000364,swap,improve
8962,4,61.100000000000364,4,34.100000000000364,swap,notBad
8963,4,61.100000000000364,4,34.100000000000364,2opt,notBad
8964,4,61.100000000000364,4,34.100000000000364,move,improve
8965,4,61.100000000000364,4,34.100000000000364,swap,improve
8966,4,61.100000000000364,4,34.100000000000364,2opt,notBad
8967,4,61.100000000000364,4,34.100000000000364,swap,improve
8968,4,61.100000000000364,4,34.100000000000364,2opt,notBad
8969,4,61.100000000000364,4,34.100000000000364,2opt,notBad
8970,4,61.100000000000364,4,34.100000000000364,2opt,notBad
8971,4,75.20000000000027,4,34.100000000000364,swap,acceptBad
8972,4,75.20000000000027,4,34.100000000000364,2opt,notBad
8973,4,75.20000000000027,4,34.100000000000364,swap,improve
8974,4,71.20000000000027,4,34.100000000000364,swap,improve
8975,4,71.20000000000027,4,34.100000000000364,swap,improve
8976,4,71.20000000000027,4,34.100000000000364,swap,improve
8977,4,71.20000000000027,4,34.100000000000364,move,improve
8978,4,71.20000000000027,4,34.100000000000364,2opt,notBad
8979,4,71.20000000000027,4,34.100000000000364,move,improve
8980,4,71.20000000000027,4,34.100000000000364,2opt,notBad
8981,4,71.20000000000027,4,34.100000000000364,swap,notBad
8982,4,71.20000000000027,4,34.100000000000364,swap,improve
8983,4,71.20000000000027,4,34.100000000000364,2opt,improve
8984,4,71.20000000000027,4,34.100000000000364,move,improve
8985,4,72.40000000000055,4,34.100000000000364,2opt,acceptBad
8986,4,72.40000000000055,4,34.100000000000364,move,improve
8987,4,76.40000000000055,4,34.100000000000364,swap,acceptBad
8988,4,76.40000000000055,4,34.100000000000364,swap,notBad
8989,4,76.40000000000055,4,34.100000000000364,move,improve
8990,4,76.40000000000055,4,34.100000000000364,swap,improve
8991,4,76.40000000000055,4,34.100000000000364,swap,notBad
8992,4,76.40000000000055,4,34.100000000000364,swap,improve
8993,4,61.09999999999991,4,34.100000000000364,swap,improve
8994,4,61.09999999999991,4,34.100000000000364,move,improve
8995,4,74.0,4,34.100000000000364,swap,acceptBad
8996,4,101.60000000000082,4,34.100000000000364,swap,acceptBad
8997,4,101.60000000000082,4,34.100000000000364,swap,improve
8998,4,95.29999999999973,4,34.100000000000364,move,improve
8999,4,95.29999999999973,4,34.100000000000364,move,improve
9000,4,95.29999999999973,4,34.100000000000364,move,improve
9001,4,95.29999999999973,4,34.100000000000364,move,improve
9002,4,95.29999999999973,4,34.100000000000364,2opt,notBad
9003,4,95.29999999999973,4,34.100000000000364,swap,notBad
9004,4,95.29999999999973,4,34.100000000000364,move,improve
9005,4,95.29999999999973,4,34.100000000000364,move,improve
9006,4,95.29999999999973,4,34.100000000000364,move,improve
9007,4,95.29999999999973,4,34.100000000000364,swap,improve
9008,4,95.29999999999973,4,34.100000000000364,swap,improve
9009,4,95.29999999999973,4,34.100000000000364,move,improve
9010,4,95.29999999999973,4,34.100000000000364,swap,notBad
9011,4,95.29999999999973,4,34.100000000000364,move,improve
9012,4,95.29999999999973,4,34.100000000000364,move,improve
9013,4,95.29999999999973,4,34.100000000000364,2opt,improve
9014,4,95.29999999999973,4,34.100000000000364,2opt,notBad
9015,4,95.29999999999973,4,34.100000000000364,move,improve
9016,4,95.29999999999973,4,34.100000000000364,swap,improve
9017,4,95.29999999999973,4,34.100000000000364,2opt,notBad
9018,4,95.29999999999973,4,34.100000000000364,move,improve
9019,4,95.29999999999973,4,34.100000000000364,swap,improve
9020,4,95.29999999999973,4,34.100000000000364,2opt,notBad
9021,4,95.29999999999973,4,34.100000000000364,move,improve
9022,4,95.29999999999973,4,34.100000000000364,swap,improve
9023,4,95.29999999999973,4,34.100000000000364,move,improve
9024,4,95.29999999999973,4,34.100000000000364,swap,notBad
9025,4,95.29999999999973,4,34.100000000000364,2opt,notBad
9026,4,95.29999999999973,4,34.100000000000364,swap,improve
9027,4,95.29999999999973,4,34.100000000000364,move,improve
9028,4,95.29999999999973,4,34.100000000000364,2opt,notBad
9029,4,95.29999999999973,4,34.100000000000364,move,improve
9030,4,95.29999999999973,4,34.100000000000364,2opt,notBad
9031,4,95.29999999999973,4,34.100000000000364,swap,notBad
9032,4,95.29999999999973,4,34.100000000000364,2opt,improve
9033,4,95.29999999999973,4,34.100000000000364,swap,notBad
9034,4,95.29999999999973,4,34.100000000000364,move,improve
9035,4,80.29999999999973,4,34.100000000000364,swap,improve
9036,4,80.29999999999973,4,34.100000000000364,2opt,notBad
9037,4,80.29999999999973,4,34.100000000000364,2opt,notBad
9038,4,80.29999999999973,4,34.100000000000364,2opt,notBad
9039,4,79.09999999999945,4,34.100000000000364,move,improve
9040,4,79.09999999999945,4,34.100000000000364,move,improve
9041,4,79.09999999999945,4,34.100000000000364,2opt,notBad
9042,4,66.49999999999864,4,34.100000000000364,swap,improve
9043,4,66.49999999999864,4,34.100000000000364,swap,improve
9044,4,66.49999999999864,4,34.100000000000364,move,improve
9045,4,66.49999999999864,4,34.100000000000364,move,improve
9046,4,66.49999999999864,4,34.100000000000364,move,improve
9047,4,66.49999999999864,4,34.100000000000364,swap,improve
9048,4,66.49999999999864,4,34.100000000000364,2opt,notBad
9049,4,66.49999999999864,4,34.100000000000364,move,improve
9050,4,66.49999999999864,4,34.100000000000364,swap,improve
9051,4,79.09999999999945,4,34.100000000000364,swap,acceptBad
9052,4,79.09999999999945,4,34.100000000000364,swap,improve
9053,4,79.09999999999945,4,34.100000000000364,move,improve
9054,4,79.09999999999945,4,34.100000000000364,2opt,notBad
9055,4,79.09999999999945,4,34.100000000000364,swap,improve
9056,4,79.09999999999945,4,34.100000000000364,2opt,notBad
9057,4,79.09999999999945,4,34.100000000000364,move,improve
9058,4,79.09999999999945,4,34.100000000000364,swap,improve
9059,4,79.09999999999945,4,34.100000000000364,move,improve
9060,4,79.09999999999945,4,34.100000000000364,swap,notBad
9061,4,79.09999999999945,4,34.100000000000364,swap,improve
9062,4,79.09999999999945,4,34.100000000000364,2opt,improve
9063,4,79.09999999999945,4,34.100000000000364,2opt,notBad
9064,4,79.09999999999945,4,34.100000000000364,2opt,notBad
9065,4,79.09999999999945,4,34.100000000000364,swap,improve
9066,4,79.09999999999945,4,34.100000000000364,swap,notBad
9067,4,79.09999999999945,4,34.100000000000364,2opt,notBad
9068,4,79.09999999999945,4,34.100000000000364,move,improve
9069,4,79.09999999999945,4,34.100000000000364,swap,notBad
9070,4,79.09999999999945,4,34.100000000000364,move,improve
9071,4,79.09999999999945,4,34.100000000000364,move,improve
9072,4,79.09999999999945,4,34.100000000000364,swap,notBad
9073,4,79.09999999999945,4,34.100000000000364,2opt,improve
9074,4,79.09999999999945,4,34.100000000000364,2opt,notBad
9075,4,79.09999999999945,4,34.100000000000364,move,improve
9076,4,79.09999999999945,4,34.100000000000364,2opt,notBad
9077,4,79.09999999999945,4,34.100000000000364,swap,notBad
9078,4,79.09999999999945,4,34.100000000000364,swap,improve
9079,4,79.39999999999918,4,34.100000000000364,swap,acceptBad
9080,4,79.39999999999918,4,34.100000000000364,move,improve
9081,4,79.39999999999918,4,34.100000000000364,2opt,notBad
9082,4,79.39999999999918,4,34.100000000000364,swap,notBad
9083,4,79.39999999999918,4,34.100000000000364,swap,improve
9084,4,79.39999999999918,4,34.100000000000364,2opt,improve
9085,4,79.39999999999918,4,34.100000000000364,2opt,improve
9086,4,79.39999999999918,4,34.100000000000364,move,improve
9087,4,79.39999999999918,4,34.100000000000364,2opt,notBad
9088,4,79.39999999999918,4,34.100000000000364,swap,notBad
9089,4,79.39999999999918,4,34.100000000000364,2opt,notBad
9090,4,79.39999999999918,4,34.100000000000364,move,improve
9091,4,79.39999999999918,4,34.100000000000364,swap,notBad
9092,4,79.39999999999918,4,34.100000000000364,move,improve
9093,4,79.39999999999918,4,34.100000000000364,move,improve
9094,4,79.39999999999918,4,34.100000000000364,2opt,notBad
9095,4,79.39999999999918,4,34.100000000000364,swap,improve
9096,4,79.39999999999918,4,34.100000000000364,move,improve
9097,4,79.39999999999918,4,34.100000000000364,2opt,notBad
9098,4,79.39999999999918,4,34.100000000000364,move,improve
9099,4,79.39999999999918,4,34.100000000000364,swap,improve
9100,4,79.39999999999918,4,34.100000000000364,swap,notBad
9101,4,79.39999999999918,4,34.100000000000364,move,improve
9102,4,79.39999999999918,4,34.100000000000364,2opt,notBad
9103,4,82.70000000000027,4,34.100000000000364,swap,acceptBad
9104,4,82.70000000000027,4,34.100000000000364,move,improve
9105,4,82.70000000000027,4,34.100000000000364,swap,improve
9106,4,82.70000000000027,4,34.100000000000364,2opt,notBad
9107,4,82.70000000000027,4,34.100000000000364,2opt,notBad
9108,4,82.70000000000027,4,34.100000000000364,swap,improve
9109,4,82.70000000000027,4,34.100000000000364,swap,improve
9110,4,82.70000000000027,4,34.100000000000364,move,improve
9111,4,82.70000000000027,4,34.100000000000364,swap,notBad
9112,4,82.70000000000027,4,34.100000000000364,move,improve
9113,4,82.70000000000027,4,34.100000000000364,move,improve
9114,4,82.70000000000027,4,34.100000000000364,2opt,improve
9115,4,82.70000000000027,4,34.100000000000364,2opt,notBad
9116,4,82.70000000000027,4,34.100000000000364,2opt,notBad
9117,4,82.70000000000027,4,34.100000000000364,move,improve
9118,4,82.70000000000027,4,34.100000000000364,move,improve
9119,4,82.70000000000027,4,34.100000000000364,swap,improve
9120,4,82.70000000000027,4,34.100000000000364,2opt,notBad
9121,4,82.70000000000027,4,34.100000000000364,move,improve
9122,4,82.70000000000027,4,34.100000000000364,2opt,improve
9123,4,82.70000000000027,4,34.100000000000364,move,improve
9124,4,82.70000000000027,4,34.100000000000364,move,improve
9125,4,82.70000000000027,4,34.100000000000364,move,improve
9126,4,82.70000000000027,4,34.100000000000364,move,improve
9127,4,82.70000000000027,4,34.100000000000364,move,improve
9128,4,82.70000000000027,4,34.100000000000364,2opt,notBad
9129,4,82.70000000000027,4,34.100000000000364,swap,improve
9130,4,82.70000000000027,4,34.100000000000364,move,improve
9131,4,82.70000000000027,4,34.100000000000364,move,improve
9132,4,82.70000000000027,4,34.100000000000364,swap,notBad
9133,4,82.70000000000027,4,34.100000000000364,move,improve
9134,4,82.70000000000027,4,34.100000000000364,swap,improve
9135,4,82.70000000000027,4,34.100000000000364,move,improve
9136,4,82.70000000000027,4,34.100000000000364,2opt,notBad
9137,4,82.70000000000027,4,34.100000000000364,swap,improve
9138,4,82.70000000000027,4,34.100000000000364,swap,improve
9139,4,82.70000000000027,4,34.100000000000364,move,improve
9140,4,82.70000000000027,4,34.100000000000364,move,improve
9141,4,82.70000000000027,4,34.100000000000364,swap,improve
9142,4,82.70000000000027,4,34.100000000000364,move,improve
9143,4,82.70000000000027,4,34.100000000000364,2opt,improve
9144,4,82.70000000000027,4,34.100000000000364,2opt,notBad
9145,4,82.70000000000027,4,34.100000000000364,2opt,improve
9146,4,82.70000000000027,4,34.100000000000364,move,improve
9147,4,82.70000000000027,4,34.100000000000364,move,improve
9148,4,82.70000000000027,4,34.100000000000364,2opt,notBad
9149,4,82.70000000000027,4,34.100000000000364,move,improve
9150,4,82.70000000000027,4,34.100000000000364,move,improve
9151,4,82.70000000000027,4,34.100000000000364,move,improve
9152,4,82.70000000000027,4,34.100000000000364,swap,notBad
9153,4,82.70000000000027,4,34.100000000000364,move,improve
9154,4,82.70000000000027,4,34.100000000000364,swap,improve
9155,4,82.70000000000027,4,34.100000000000364,move,improve
9156,4,82.70000000000027,4,34.100000000000364,swap,improve
9157,4,82.70000000000027,4,34.100000000000364,swap,improve
9158,4,82.70000000000027,4,34.100000000000364,move,improve
9159,4,82.70000000000027,4,34.100000000000364,2opt,notBad
9160,4,78.70000000000027,4,34.100000000000364,2opt,improve
9161,4,78.70000000000027,4,34.100000000000364,swap,notBad
9162,4,78.70000000000027,4,34.100000000000364,move,improve
9163,4,78.70000000000027,4,34.100000000000364,2opt,notBad
9164,4,78.70000000000027,4,34.100000000000364,move,improve
9165,4,78.70000000000027,4,34.100000000000364,2opt,notBad
9166,4,78.70000000000027,4,34.100000000000364,move,improve
9167,4,78.70000000000027,4,34.100000000000364,2opt,notBad
9168,4,78.70000000000027,4,34.100000000000364,2opt,notBad
9169,4,78.70000000000027,4,34.100000000000364,swap,improve
9170,4,78.70000000000027,4,34.100000000000364,move,improve
9171,4,78.70000000000027,4,34.100000000000364,2opt,notBad
9172,4,78.70000000000027,4,34.100000000000364,move,improve
9173,4,78.70000000000027,4,34.100000000000364,move,improve
9174,4,78.70000000000027,4,34.100000000000364,swap,notBad
9175,4,78.70000000000027,4,34.100000000000364,swap,improve
9176,4,78.70000000000027,4,34.100000000000364,move,improve
9177,4,78.70000000000027,4,34.100000000000364,swap,improve
9178,4,78.70000000000027,4,34.100000000000364,move,improve
9179,4,78.70000000000027,4,34.100000000000364,move,improve
9180,4,78.70000000000027,4,34.100000000000364,move,improve
9181,4,78.70000000000027,4,34.100000000000364,2opt,notBad
9182,4,78.70000000000027,4,34.100000000000364,2opt,notBad
9183,4,105.40000000000009,4,34.100000000000364,swap,acceptBad
9184,4,105.40000000000009,4,34.100000000000364,2opt,notBad
9185,4,105.40000000000009,4,34.100000000000364,move,improve
9186,4,105.40000000000009,4,34.100000000000364,move,improve
9187,4,105.40000000000009,4,34.100000000000364,2opt,notBad
9188,4,105.40000000000009,4,34.100000000000364,2opt,notBad
9189,4,105.40000000000009,4,34.100000000000364,move,improve
9190,4,105.40000000000009,4,34.100000000000364,2opt,notBad
9191,4,105.40000000000009,4,34.100000000000364,move,improve
9192,4,105.40000000000009,4,34.100000000000364,2opt,notBad
9193,4,105.40000000000009,4,34.100000000000364,swap,notBad
9194,4,105.40000000000009,4,34.100000000000364,2opt,notBad
9195,4,105.40000000000009,4,34.100000000000364,move,improve
9196,4,105.40000000000009,4,34.100000000000364,swap,improve
9197,4,105.40000000000009,4,34.100000000000364,move,improve
9198,4,105.40000000000009,4,34.100000000000364,2opt,notBad
9199,4,105.40000000000009,4,34.100000000000364,2opt,notBad
9200,4,105.40000000000009,4,34.100000000000364,move,improve
9201,4,105.40000000000009,4,34.100000000000364,move,improve
9202,4,105.40000000000009,4,34.100000000000364,2opt,notBad
9203,4,105.40000000000009,4,34.100000000000364,2opt,notBad
9204,4,105.40000000000009,4,34.100000000000364,move,improve
9205,4,105.40000000000009,4,34.100000000000364,swap,notBad
9206,4,105.40000000000009,4,34.100000000000364,swap,improve
9207,4,105.40000000000009,4,34.100000000000364,swap,improve
9208,4,105.40000000000009,4,34.100000000000364,swap,improve
9209,4,105.40000000000009,4,34.100000000000364,move,improve
9210,4,105.40000000000009,4,34.100000000000364,2opt,notBad
9211,4,105.40000000000009,4,34.100000000000364,2opt,notBad
9212,4,105.40000000000009,4,34.100000000000364,move,improve
9213,4,105.40000000000009,4,34.100000000000364,move,improve
9214,4,105.40000000000009,4,34.100000000000364,move,improve
9215,4,105.40000000000009,4,34.100000000000364,swap,improve
9216,4,105.40000000000009,4,34.100000000000364,move,improve
9217,4,105.40000000000009,4,34.100000000000364,2opt,notBad
9218,4,105.40000000000009,4,34.100000000000364,move,improve
9219,4,105.40000000000009,4,34.100000000000364,2opt,notBad
9220,4,105.40000000000009,4,34.100000000000364,move,improve
9221,4,105.40000000000009,4,34.100000000000364,move,improve
9222,4,105.40000000000009,4,34.100000000000364,2opt,notBad
9223,4,105.40000000000009,4,34.100000000000364,move,improve
9224,4,105.40000000000009,4,34.100000000000364,move,improve
9225,4,105.40000000000009,4,34.100000000000364,swap,notBad
9226,4,105.40000000000009,4,34.100000000000364,swap,improve
9227,4,105.40000000000009,4,34.100000000000364,2opt,improve
9228,4,105.40000000000009,4,34.100000000000364,2opt,improve
9229,4,105.40000000000009,4,34.100000000000364,2opt,notBad
9230,4,105.40000000000009,4,34.100000000000364,swap,improve
9231,4,105.40000000000009,4,34.100000000000364,swap,improve
9232,4,105.40000000000009,4,34.100000000000364,2opt,notBad
9233,4,105.40000000000009,4,34.100000000000364,move,improve
9234,4,105.40000000000009,4,34.100000000000364,move,improve
9235,4,105.40000000000009,4,34.100000000000364,swap,notBad
9236,4,105.40000000000009,4,34.100000000000364,move,improve
9237,4,105.40000000000009,4,34.100000000000364,move,improve
9238,4,105.40000000000009,4,34.100000000000364,move,improve
9239,4,105.40000000000009,4,34.100000000000364,swap,notBad
9240,4,105.40000000000009,4,34.100000000000364,swap,notBad
9241,4,105.40000000000009,4,34.100000000000364,2opt,notBad
9242,4,105.40000000000009,4,34.100000000000364,2opt,notBad
9243,4,105.40000000000009,4,34.100000000000364,swap,improve
9244,4,105.40000000000009,4,34.100000000000364,swap,improve
9245,4,105.40000000000009,4,34.100000000000364,move,improve
9246,4,105.40000000000009,4,34.100000000000364,move,improve
9247,4,105.40000000000009,4,34.100000000000364,move,improve
9248,4,105.40000000000009,4,34.100000000000364,move,improve
9249,4,105.40000000000009,4,34.100000000000364,swap,improve
9250,4,105.40000000000009,4,34.100000000000364,2opt,notBad
9251,4,86.20000000000027,4,34.100000000000364,swap,improve
9252,4,86.20000000000027,4,34.100000000000364,swap,notBad
9253,4,86.20000000000027,4,34.100000000000364,move,improve
9254,4,86.20000000000027,4,34.100000000000364,swap,improve
9255,4,86.20000000000027,4,34.100000000000364,2opt,notBad
9256,4,86.20000000000027,4,34.100000000000364,2opt,notBad
9257,4,86.20000000000027,4,34.100000000000364,2opt,notBad
9258,4,86.20000000000027,4,34.100000000000364,swap,improve
9259,4,86.20000000000027,4,34.100000000000364,move,improve
9260,4,86.20000000000027,4,34.100000000000364,2opt,notBad
9261,4,86.20000000000027,4,34.100000000000364,move,improve
9262,4,86.20000000000027,4,34.100000000000364,2opt,improve
9263,4,86.20000000000027,4,34.100000000000364,move,improve
9264,4,86.20000000000027,4,34.100000000000364,move,improve
9265,4,86.20000000000027,4,34.100000000000364,2opt,notBad
9266,4,86.20000000000027,4,34.100000000000364,swap,improve
9267,4,86.20000000000027,4,34.100000000000364,move,improve
9268,4,86.20000000000027,4,34.100000000000364,2opt,notBad
9269,4,86.20000000000027,4,34.100000000000364,2opt,notBad
9270,4,86.20000000000027,4,34.100000000000364,swap,improve
9271,4,86.20000000000027,4,34.100000000000364,2opt,improve
9272,4,86.20000000000027,4,34.100000000000364,move,improve
9273,4,86.20000000000027,4,34.100000000000364,swap,improve
9274,4,86.20000000000027,4,34.100000000000364,swap,improve
9275,4,86.20000000000027,4,34.100000000000364,2opt,notBad
9276,4,86.20000000000027,4,34.100000000000364,move,improve
9277,4,86.20000000000027,4,34.100000000000364,move,improve
9278,4,86.20000000000027,4,34.100000000000364,move,improve
9279,4,86.20000000000027,4,34.100000000000364,move,improve
9280,4,86.20000000000027,4,34.100000000000364,move,improve
9281,4,86.20000000000027,4,34.100000000000364,move,improve
9282,4,86.20000000000027,4,34.100000000000364,move,improve
9283,4,86.20000000000027,4,34.100000000000364,2opt,notBad
9284,4,86.20000000000027,4,34.100000000000364,move,improve
9285,4,86.20000000000027,4,34.100000000000364,swap,notBad
9286,4,86.20000000000027,4,34.100000000000364,swap,improve
9287,4,86.20000000000027,4,34.100000000000364,2opt,notBad
9288,4,86.20000000000027,4,34.100000000000364,2opt,notBad
9289,4,86.20000000000027,4,34.100000000000364,swap,notBad
9290,4,86.20000000000027,4,34.100000000000364,swap,notBad
9291,4,86.20000000000027,4,34.100000000000364,move,improve
9292,4,86.20000000000027,4,34.100000000000364,2opt,notBad
9293,4,86.20000000000027,4,34.100000000000364,swap,notBad
9294,4,86.20000000000027,4,34.100000000000364,move,improve
9295,4,86.20000000000027,4,34.100000000000364,swap,improve
9296,4,86.20000000000027,4,34.100000000000364,move,improve
9297,4,86.20000000000027,4,34.100000000000364,move,improve
9298,4,86.20000000000027,4,34.100000000000364,2opt,notBad
9299,4,86.20000000000027,4,34.100000000000364,move,improve
9300,4,86.20000000000027,4,34.100000000000364,move,improve
9301,4,86.20000000000027,4,34.100000000000364,move,improve
9302,4,86.20000000000027,4,34.100000000000364,swap,improve
9303,4,86.20000000000027,4,34.100000000000364,2opt,notBad
9304,4,86.20000000000027,4,34.100000000000364,swap,improve
9305,4,86.20000000000027,4,34.100000000000364,swap,improve
9306,4,86.20000000000027,4,34.100000000000364,move,improve
9307,4,86.20000000000027,4,34.100000000000364,2opt,notBad
9308,4,86.20000000000027,4,34.100000000000364,2opt,notBad
9309,4,86.20000000000027,4,34.100000000000364,move,improve
9310,4,86.20000000000027,4,34.100000000000364,swap,improve
9311,4,86.20000000000027,4,34.100000000000364,2opt,notBad
9312,4,86.20000000000027,4,34.100000000000364,2opt,notBad
9313,4,86.20000000000027,4,34.100000000000364,move,improve
9314,4,86.20000000000027,4,34.100000000000364,move,improve
9315,4,105.40000000000009,4,34.100000000000364,swap,acceptBad
9316,4,105.40000000000009,4,34.100000000000364,move,improve
9317,4,105.40000000000009,4,34.100000000000364,move,improve
9318,4,105.40000000000009,4,34.100000000000364,move,improve
9319,4,105.40000000000009,4,34.100000000000364,swap,improve
9320,4,105.40000000000009,4,34.100000000000364,2opt,notBad
9321,4,105.40000000000009,4,34.100000000000364,move,improve
9322,4,105.40000000000009,4,34.100000000000364,move,improve
9323,4,105.40000000000009,4,34.100000000000364,2opt,notBad
9324,4,105.40000000000009,4,34.100000000000364,move,improve
9325,4,105.40000000000009,4,34.100000000000364,swap,improve
9326,4,105.40000000000009,4,34.100000000000364,swap,improve
9327,4,105.40000000000009,4,34.100000000000364,swap,notBad
9328,4,105.40000000000009,4,34.100000000000364,move,improve
9329,4,105.40000000000009,4,34.100000000000364,swap,notBad
9330,4,105.40000000000009,4,34.100000000000364,move,improve
9331,4,105.40000000000009,4,34.100000000000364,2opt,notBad
9332,4,105.40000000000009,4,34.100000000000364,2opt,notBad
9333,4,105.40000000000009,4,34.100000000000364,move,improve
9334,4,105.40000000000009,4,34.100000000000364,move,improve
9335,4,105.40000000000009,4,34.100000000000364,2opt,notBad
9336,4,105.40000000000009,4,34.100000000000364,move,improve
9337,4,105.40000000000009,4,34.100000000000364,move,improve
9338,4,160.39999999999918,4,34.100000000000364,swap,acceptBad
9339,4,160.39999999999918,4,34.100000000000364,2opt,notBad
9340,4,160.39999999999918,4,34.100000000000364,2opt,improve
9341,4,160.39999999999918,4,34.100000000000364,2opt,notBad
9342,4,160.39999999999918,4,34.100000000000364,swap,improve
9343,4,160.39999999999918,4,34.100000000000364,swap,improve
9344,4,160.39999999999918,4,34.100000000000364,move,improve
9345,4,160.39999999999918,4,34.100000000000364,2opt,notBad
9346,4,160.39999999999918,4,34.100000000000364,swap,improve
9347,4,160.39999999999918,4,34.100000000000364,swap,improve
9348,4,160.39999999999918,4,34.100000000000364,move,improve
9349,4,160.39999999999918,4,34.100000000000364,move,improve
9350,4,160.39999999999918,4,34.100000000000364,move,improve
9351,4,160.39999999999918,4,34.100000000000364,2opt,notBad
9352,4,160.39999999999918,4,34.100000000000364,swap,notBad
9353,4,160.39999999999918,4,34.100000000000364,move,improve
9354,4,155.39999999999918,4,34.100000000000364,move,improve
9355,4,155.39999999999918,4,34.100000000000364,move,improve
9356,4,155.39999999999918,4,34.100000000000364,2opt,improve
9357,4,155.39999999999918,4,34.100000000000364,swap,improve
9358,4,133.89999999999964,4,34.100000000000364,swap,improve
9359,4,133.89999999999964,4,34.100000000000364,2opt,improve
9360,4,133.89999999999964,4,34.100000000000364,swap,improve
9361,4,96.09999999999991,4,34.100000000000364,swap,improve
9362,4,96.09999999999991,4,34.100000000000364,2opt,notBad
9363,4,96.09999999999991,4,34.100000000000364,move,improve
9364,4,96.09999999999991,4,34.100000000000364,move,improve
9365,4,96.09999999999991,4,34.100000000000364,swap,improve
9366,4,96.09999999999991,4,34.100000000000364,2opt,notBad
9367,4,96.09999999999991,4,34.100000000000364,swap,notBad
9368,4,96.09999999999991,4,34.100000000000364,move,improve
9369,4,96.09999999999991,4,34.100000000000364,move,improve
9370,4,96.09999999999991,4,34.100000000000364,2opt,improve
9371,4,96.09999999999991,4,34.100000000000364,2opt,improve
9372,4,96.09999999999991,4,34.100000000000364,2opt,notBad
9373,4,96.09999999999991,4,34.100000000000364,swap,notBad
9374,4,96.09999999999991,4,34.100000000000364,swap,improve
9375,4,96.09999999999991,4,34.100000000000364,2opt,notBad
9376,4,96.09999999999991,4,34.100000000000364,2opt,improve
9377,4,96.09999999999991,4,34.100000000000364,move,improve
9378,4,96.09999999999991,4,34.100000000000364,2opt,notBad
9379,4,96.09999999999991,4,34.100000000000364,swap,improve
9380,4,96.09999999999991,4,34.100000000000364,move,improve
9381,4,96.09999999999991,4,34.100000000000364,swap,improve
9382,4,96.09999999999991,4,34.100000000000364,move,improve
9383,4,96.09999999999991,4,34.100000000000364,2opt,improve
9384,4,96.09999999999991,4,34.100000000000364,swap,improve
9385,4,96.09999999999991,4,34.100000000000364,2opt,notBad
9386,4,96.09999999999991,4,34.100000000000364,2opt,notBad
9387,4,96.09999999999991,4,34.100000000000364,swap,improve
9388,4,96.09999999999991,4,34.100000000000364,2opt,notBad
9389,4,96.09999999999991,4,34.100000000000364,2opt,notBad
9390,4,96.09999999999991,4,34.100000000000364,2opt,notBad
9391,4,96.09999999999991,4,34.100000000000364,2opt,improve
9392,4,96.09999999999991,4,34.100000000000364,swap,improve
9393,4,96.09999999999991,4,34.100000000000364,swap,notBad
9394,4,96.09999999999991,4,34.100000000000364,swap,improve
9395,4,96.09999999999991,4,34.100000000000364,swap,improve
9396,4,96.09999999999991,4,34.100000000000364,move,improve
9397,4,96.09999999999991,4,34.100000000000364,move,improve
9398,4,96.09999999999991,4,34.100000000000364,2opt,improve
9399,4,96.09999999999991,4,34.100000000000364,move,improve
9400,4,96.09999999999991,4,34.100000000000364,move,improve
9401,4,96.09999999999991,4,34.100000000000364,2opt,improve
9402,4,96.09999999999991,4,34.100000000000364,2opt,notBad
9403,4,96.09999999999991,4,34.100000000000364,2opt,notBad
9404,4,96.09999999999991,4,34.100000000000364,move,improve
9405,4,96.09999999999991,4,34.100000000000364,2opt,notBad
9406,4,96.09999999999991,4,34.100000000000364,swap,improve
9407,4,96.09999999999991,4,34.100000000000364,2opt,notBad
9408,4,96.09999999999991,4,34.100000000000364,move,improve
9409,4,96.09999999999991,4,34.100000000000364,move,improve
9410,4,96.09999999999991,4,34.100000000000364,swap,improve
9411,4,96.09999999999991,4,34.100000000000364,move,improve
9412,4,96.09999999999991,4,34.100000000000364,swap,improve
9413,4,96.09999999999991,4,34.100000000000364,swap,improve
9414,4,96.09999999999991,4,34.100000000000364,2opt,improve
9415,4,96.09999999999991,4,34.100000000000364,move,improve
9416,4,96.09999999999991,4,34.100000000000364,2opt,notBad
9417,4,96.09999999999991,4,34.100000000000364,swap,improve
9418,4,96.09999999999991,4,34.100000000000364,2opt,notBad
9419,4,96.09999999999991,4,34.100000000000364,swap,notBad
9420,4,96.09999999999991,4,34.100000000000364,2opt,notBad
9421,4,96.09999999999991,4,34.100000000000364,move,improve
9422,4,96.09999999999991,4,34.100000000000364,swap,improve
9423,4,96.09999999999991,4,34.100000000000364,move,improve
9424,4,96.09999999999991,4,34.100000000000364,move,improve
9425,4,96.09999999999991,4,34.100000000000364,swap,improve
9426,4,96.09999999999991,4,34.100000000000364,2opt,improve
9427,4,96.09999999999991,4,34.100000000000364,2opt,improve
9428,4,96.09999999999991,4,34.100000000000364,2opt,notBad
9429,4,96.09999999999991,4,34.100000000000364,move,improve
9430,4,96.09999999999991,4,34.100000000000364,swap,improve
9431,4,96.09999999999991,4,34.100000000000364,swap,improve
9432,4,96.09999999999991,4,34.100000000000364,swap,improve
9433,4,96.09999999999991,4,34.100000000000364,move,improve
9434,4,96.09999999999991,4,34.100000000000364,2opt,notBad
9435,4,96.09999999999991,4,34.100000000000364,2opt,notBad
9436,4,96.09999999999991,4,34.100000000000364,swap,improve
9437,4,96.09999999999991,4,34.100000000000364,2opt,improve
9438,4,96.09999999999991,4,34.100000000000364,move,improve
9439,4,96.09999999999991,4,34.100000000000364,swap,improve
9440,4,96.09999999999991,4,34.100000000000364,move,improve
9441,4,96.09999999999991,4,34.100000000000364,2opt,notBad
9442,4,96.09999999999991,4,34.100000000000364,2opt,notBad
9443,4,96.09999999999991,4,34.100000000000364,2opt,notBad
9444,4,96.09999999999991,4,34.100000000000364,swap,improve
9445,4,96.09999999999991,4,34.100000000000364,2opt,improve
9446,4,96.09999999999991,4,34.100000000000364,2opt,notBad
9447,4,96.09999999999991,4,34.100000000000364,swap,improve
9448,4,96.09999999999991,4,34.100000000000364,move,improve
9449,4,96.09999999999991,4,34.100000000000364,swap,improve
9450,4,96.09999999999991,4,34.100000000000364,2opt,improve
9451,4,96.09999999999991,4,34.100000000000364,2opt,notBad
9452,4,96.09999999999991,4,34.100000000000364,2opt,notBad
9453,4,96.09999999999991,4,34.100000000000364,move,improve
9454,4,96.09999999999991,4,34.100000000000364,2opt,improve
9455,4,96.09999999999991,4,34.100000000000364,2opt,notBad
9456,4,96.09999999999991,4,34.100000000000364,swap,improve
9457,4,96.09999999999991,4,34.100000000000364,2opt,notBad
9458,4,96.09999999999991,4,34.100000000000364,2opt,notBad
9459,4,96.09999999999991,4,34.100000000000364,2opt,notBad
9460,4,96.09999999999991,4,34.100000000000364,move,improve
9461,4,96.09999999999991,4,34.100000000000364,move,improve
9462,4,96.09999999999991,4,34.100000000000364,swap,improve
9463,4,100.70000000000027,4,34.100000000000364,swap,acceptBad
9464,4,100.70000000000027,4,34.100000000000364,2opt,improve
9465,4,100.70000000000027,4,34.100000000000364,swap,improve
9466,4,100.70000000000027,4,34.100000000000364,2opt,notBad
9467,4,100.70000000000027,4,34.100000000000364,2opt,notBad
9468,4,100.70000000000027,4,34.100000000000364,move,improve
9469,4,100.70000000000027,4,34.100000000000364,move,improve
9470,4,100.70000000000027,4,34.100000000000364,2opt,improve
9471,4,100.70000000000027,4,34.100000000000364,move,improve
9472,4,100.70000000000027,4,34.100000000000364,swap,improve
9473,4,100.70000000000027,4,34.100000000000364,move,improve
9474,4,100.70000000000027,4,34.100000000000364,2opt,improve
9475,4,100.70000000000027,4,34.100000000000364,move,improve
9476,4,100.70000000000027,4,34.100000000000364,swap,improve
9477,4,100.70000000000027,4,34.100000000000364,move,improve
9478,4,100.70000000000027,4,34.100000000000364,2opt,notBad
9479,4,100.70000000000027,4,34.100000000000364,swap,improve
9480,4,100.70000000000027,4,34.100000000000364,swap,improve
9481,4,100.70000000000027,4,34.100000000000364,swap,improve
9482,4,100.70000000000027,4,34.100000000000364,move,improve
9483,4,100.70000000000027,4,34.100000000000364,2opt,notBad
9484,4,100.70000000000027,4,34.100000000000364,swap,improve
9485,4,100.70000000000027,4,34.100000000000364,swap,improve
9486,4,100.70000000000027,4,34.100000000000364,2opt,notBad
9487,4,122.50000000000045,4,34.100000000000364,swap,acceptBad
9488,4,122.50000000000045,4,34.100000000000364,2opt,notBad
9489,4,122.50000000000045,4,34.100000000000364,2opt,notBad
9490,4,123.09999999999991,4,34.100000000000364,swap,acceptBad
9491,4,123.09999999999991,4,34.100000000000364,2opt,notBad
9492,4,123.09999999999991,4,34.100000000000364,swap,improve
9493,4,123.09999999999991,4,34.100000000000364,swap,improve
9494,4,123.09999999999991,4,34.100000000000364,swap,notBad
9495,4,123.09999999999991,4,34.100000000000364,2opt,improve
9496,4,123.09999999999991,4,34.100000000000364,swap,improve
9497,4,123.09999999999991,4,34.100000000000364,2opt,notBad
9498,4,123.09999999999991,4,34.100000000000364,swap,improve
9499,4,123.09999999999991,4,34.100000000000364,swap,improve
9500,4,123.09999999999991,4,34.100000000000364,move,improve
9501,4,101.29999999999973,4,34.100000000000364,move,improve
9502,4,101.29999999999973,4,34.100000000000364,swap,improve
9503,4,101.29999999999973,4,34.100000000000364,2opt,notBad
9504,4,101.29999999999973,4,34.100000000000364,move,improve
9505,4,101.29999999999973,4,34.100000000000364,move,improve
9506,4,101.29999999999973,4,34.100000000000364,2opt,notBad
9507,4,101.29999999999973,4,34.100000000000364,2opt,notBad
9508,4,96.09999999999991,4,34.100000000000364,swap,improve
9509,4,96.09999999999991,4,34.100000000000364,move,improve
9510,4,96.09999999999991,4,34.100000000000364,move,improve
9511,4,96.09999999999991,4,34.100000000000364,2opt,improve
9512,4,96.09999999999991,4,34.100000000000364,swap,improve
9513,4,96.09999999999991,4,34.100000000000364,2opt,notBad
9514,4,96.09999999999991,4,34.100000000000364,move,improve
9515,4,96.09999999999991,4,34.100000000000364,2opt,improve
9516,4,96.09999999999991,4,34.100000000000364,swap,notBad
9517,4,96.09999999999991,4,34.100000000000364,2opt,notBad
9518,4,96.09999999999991,4,34.100000000000364,2opt,improve
9519,4,96.09999999999991,4,34.100000000000364,move,improve
9520,4,96.09999999999991,4,34.100000000000364,swap,improve
9521,4,96.09999999999991,4,34.100000000000364,move,improve
9522,4,96.09999999999991,4,34.100000000000364,move,improve
9523,4,96.09999999999991,4,34.100000000000364,move,improve
9524,4,96.09999999999991,4,34.100000000000364,swap,improve
9525,4,96.09999999999991,4,34.100000000000364,move,improve
9526,4,96.09999999999991,4,34.100000000000364,move,improve
9527,4,96.09999999999991,4,34.100000000000364,swap,notBad
9528,4,96.09999999999991,4,34.100000000000364,2opt,improve
9529,4,96.09999999999991,4,34.100000000000364,move,improve
9530,4,96.09999999999991,4,34.100000000000364,2opt,improve
9531,4,96.09999999999991,4,34.100000000000364,move,improve
9532,4,96.09999999999991,4,34.100000000000364,swap,improve
9533,4,96.09999999999991,4,34.100000000000364,swap,notBad
9534,4,96.09999999999991,4,34.100000000000364,2opt,notBad
9535,4,96.09999999999991,4,34.100000000000364,move,improve
9536,4,96.09999999999991,4,34.100000000000364,swap,improve
9537,4,96.09999999999991,4,34.100000000000364,2opt,notBad
9538,4,96.09999999999991,4,34.100000000000364,swap,improve
9539,4,96.09999999999991,4,34.100000000000364,swap,improve
9540,4,96.09999999999991,4,34.100000000000364,swap,improve
9541,4,96.09999999999991,4,34.100000000000364,move,improve
9542,4,96.09999999999991,4,34.100000000000364,2opt,notBad
9543,4,96.09999999999991,4,34.100000000000364,move,improve
9544,4,96.09999999999991,4,34.100000000000364,swap,improve
9545,4,96.09999999999991,4,34.100000000000364,move,improve
9546,4,96.09999999999991,4,34.100000000000364,2opt,notBad
9547,4,96.09999999999991,4,34.100000000000364,move,improve
9548,4,96.09999999999991,4,34.100000000000364,swap,notBad
9549,4,96.09999999999991,4,34.100000000000364,2opt,notBad
9550,4,96.09999999999991,4,34.100000000000364,move,improve
9551,4,96.09999999999991,4,34.100000000000364,2opt,notBad
9552,4,96.09999999999991,4,34.100000000000364,move,improve
9553,4,96.09999999999991,4,34.100000000000364,swap,improve
9554,4,96.09999999999991,4,34.100000000000364,2opt,notBad
9555,4,96.09999999999991,4,34.100000000000364,2opt,notBad
9556,4,96.09999999999991,4,34.100000000000364,move,improve
9557,4,96.09999999999991,4,34.100000000000364,swap,improve
9558,4,96.09999999999991,4,34.100000000000364,swap,improve
9559,4,96.09999999999991,4,34.100000000000364,swap,improve
9560,4,96.09999999999991,4,34.100000000000364,move,improve
9561,4,96.09999999999991,4,34.100000000000364,move,improve
9562,4,96.09999999999991,4,34.100000000000364,move,improve
9563,4,96.09999999999991,4,34.100000000000364,move,improve
9564,4,96.09999999999991,4,34.100000000000364,2opt,notBad
9565,4,96.09999999999991,4,34.100000000000364,swap,improve
9566,4,96.09999999999991,4,34.100000000000364,swap,improve
9567,4,96.09999999999991,4,34.100000000000364,swap,improve
9568,4,96.09999999999991,4,34.100000000000364,swap,notBad
9569,4,96.09999999999991,4,34.100000000000364,2opt,notBad
9570,4,96.09999999999991,4,34.100000000000364,2opt,notBad
9571,4,96.09999999999991,4,34.100000000000364,swap,improve
9572,4,96.09999999999991,4,34.100000000000364,swap,improve
9573,4,96.09999999999991,4,34.100000000000364,swap,improve
9574,4,96.09999999999991,4,34.100000000000364,move,improve
9575,4,96.09999999999991,4,34.100000000000364,move,improve
9576,4,96.09999999999991,4,34.100000000000364,move,improve
9577,4,96.09999999999991,4,34.100000000000364,2opt,improve
9578,4,96.09999999999991,4,34.100000000000364,move,improve
9579,4,96.09999999999991,4,34.100000000000364,swap,improve
9580,4,96.09999999999991,4,34.100000000000364,2opt,notBad
9581,4,96.09999999999991,4,34.100000000000364,move,improve
9582,4,96.09999999999991,4,34.100000000000364,swap,improve
9583,4,96.09999999999991,4,34.100000000000364,2opt,improve
9584,4,96.09999999999991,4,34.100000000000364,2opt,notBad
9585,4,96.09999999999991,4,34.100000000000364,move,improve
9586,4,96.09999999999991,4,34.100000000000364,2opt,notBad
9587,4,96.09999999999991,4,34.100000000000364,swap,notBad
9588,4,96.09999999999991,4,34.100000000000364,move,improve
9589,4,96.09999999999991,4,34.100000000000364,2opt,notBad
9590,4,96.09999999999991,4,34.100000000000364,2opt,improve
9591,4,96.09999999999991,4,34.100000000000364,move,improve
9592,4,96.09999999999991,4,34.100000000000364,move,improve
9593,4,96.09999999999991,4,34.100000000000364,swap,improve
9594,4,96.09999999999991,4,34.100000000000364,swap,improve
9595,4,96.09999999999991,4,34.100000000000364,2opt,notBad
9596,4,96.09999999999991,4,34.100000000000364,2opt,notBad
9597,4,96.09999999999991,4,34.100000000000364,swap,notBad
9598,4,96.09999999999991,4,34.100000000000364,move,improve
9599,4,96.09999999999991,4,34.100000000000364,2opt,notBad
9600,4,96.09999999999991,4,34.100000000000364,2opt,notBad
9601,4,96.09999999999991,4,34.100000000000364,2opt,notBad
9602,4,96.09999999999991,4,34.100000000000364,2opt,notBad
9603,4,96.09999999999991,4,34.100000000000364,move,improve
9604,4,96.09999999999991,4,34.100000000000364,2opt,notBad
9605,4,96.09999999999991,4,34.100000000000364,2opt,improve
9606,4,96.09999999999991,4,34.100000000000364,move,improve
9607,4,96.09999999999991,4,34.100000000000364,move,improve
9608,4,96.09999999999991,4,34.100000000000364,2opt,notBad
9609,4,96.09999999999991,4,34.100000000000364,2opt,notBad
9610,4,96.09999999999991,4,34.100000000000364,move,improve
9611,4,96.09999999999991,4,34.100000000000364,move,improve
9612,4,96.09999999999991,4,34.100000000000364,2opt,notBad
9613,4,96.09999999999991,4,34.100000000000364,2opt,notBad
9614,4,96.09999999999991,4,34.100000000000364,2opt,notBad
9615,4,96.09999999999991,4,34.100000000000364,move,improve
9616,4,96.09999999999991,4,34.100000000000364,2opt,notBad
9617,4,96.09999999999991,4,34.100000000000364,move,improve
9618,4,96.09999999999991,4,34.100000000000364,2opt,notBad
9619,4,96.09999999999991,4,34.100000000000364,2opt,improve
9620,4,96.09999999999991,4,34.100000000000364,swap,improve
9621,4,96.09999999999991,4,34.100000000000364,2opt,notBad
9622,4,96.09999999999991,4,34.100000000000364,2opt,notBad
9623,4,96.09999999999991,4,34.100000000000364,move,improve
9624,4,96.09999999999991,4,34.100000000000364,move,improve
9625,4,96.09999999999991,4,34.100000000000364,move,improve
9626,4,96.09999999999991,4,34.100000000000364,move,improve
9627,4,96.09999999999991,4,34.100000000000364,move,improve
9628,4,96.09999999999991,4,34.100000000000364,move,improve
9629,4,96.09999999999991,4,34.100000000000364,swap,improve
9630,4,96.09999999999991,4,34.100000000000364,swap,improve
9631,4,96.09999999999991,4,34.100000000000364,move,improve
9632,4,96.09999999999991,4,34.100000000000364,2opt,notBad
9633,4,96.09999999999991,4,34.100000000000364,move,improve
9634,4,96.09999999999991,4,34.100000000000364,2opt,notBad
9635,4,96.09999999999991,4,34.100000000000364,swap,improve
9636,4,96.09999999999991,4,34.100000000000364,swap,improve
9637,4,87.29999999999973,4,34.100000000000364,swap,improve
9638,4,87.29999999999973,4,34.100000000000364,move,improve
9639,4,87.29999999999973,4,34.100000000000364,move,improve
9640,4,87.29999999999973,4,34.100000000000364,2opt,notBad
9641,4,87.29999999999973,4,34.100000000000364,move,improve
9642,4,87.29999999999973,4,34.100000000000364,2opt,notBad
9643,4,87.29999999999973,4,34.100000000000364,2opt,improve
9644,4,87.29999999999973,4,34.100000000000364,swap,notBad
9645,4,87.29999999999973,4,34.100000000000364,2opt,notBad
9646,4,87.29999999999973,4,34.100000000000364,2opt,notBad
9647,4,87.29999999999973,4,34.100000000000364,swap,improve
9648,4,87.29999999999973,4,34.100000000000364,swap,improve
9649,4,87.29999999999973,4,34.100000000000364,move,improve
9650,4,87.29999999999973,4,34.100000000000364,swap,notBad
9651,4,87.29999999999973,4,34.100000000000364,swap,notBad
9652,4,87.29999999999973,4,34.100000000000364,2opt,notBad
9653,4,87.29999999999973,4,34.100000000000364,move,improve
9654,4,87.29999999999973,4,34.100000000000364,move,improve
9655,4,87.29999999999973,4,34.100000000000364,2opt,notBad
9656,4,87.29999999999973,4,34.100000000000364,2opt,notBad
9657,4,87.29999999999973,4,34.100000000000364,2opt,notBad
9658,4,87.29999999999973,4,34.100000000000364,move,improve
9659,4,87.29999999999973,4,34.100000000000364,2opt,notBad
9660,4,87.29999999999973,4,34.100000000000364,2opt,notBad
9661,4,87.29999999999973,4,34.100000000000364,swap,improve
9662,4,87.29999999999973,4,34.100000000000364,move,improve
9663,4,87.29999999999973,4,34.100000000000364,2opt,notBad
9664,4,87.29999999999973,4,34.100000000000364,swap,improve
9665,4,87.29999999999973,4,34.100000000000364,2opt,notBad
9666,4,87.29999999999973,4,34.100000000000364,move,improve
9667,4,87.29999999999973,4,34.100000000000364,move,improve
9668,4,87.29999999999973,4,34.100000000000364,move,improve
9669,4,87.29999999999973,4,34.100000000000364,move,improve
9670,4,87.29999999999973,4,34.100000000000364,swap,improve
9671,4,87.29999999999973,4,34.100000000000364,2opt,notBad
9672,4,87.29999999999973,4,34.100000000000364,swap,improve
9673,4,87.29999999999973,4,34.100000000000364,move,improve
9674,4,87.29999999999973,4,34.100000000000364,2opt,improve
9675,4,87.29999999999973,4,34.100000000000364,swap,improve
9676,4,87.29999999999973,4,34.100000000000364,swap,notBad
9677,4,87.29999999999973,4,34.100000000000364,2opt,notBad
9678,4,87.29999999999973,4,34.100000000000364,move,improve
9679,4,87.29999999999973,4,34.100000000000364,move,improve
9680,4,87.29999999999973,4,34.100000000000364,2opt,notBad
9681,4,87.29999999999973,4,34.100000000000364,2opt,notBad
9682,4,87.29999999999973,4,34.100000000000364,move,improve
9683,4,87.29999999999973,4,34.100000000000364,2opt,notBad
9684,4,87.29999999999973,4,34.100000000000364,2opt,notBad
9685,4,87.29999999999973,4,34.100000000000364,move,improve
9686,4,87.29999999999973,4,34.100000000000364,move,improve
9687,4,87.29999999999973,4,34.100000000000364,2opt,notBad
9688,4,87.29999999999973,4,34.100000000000364,move,improve
9689,4,87.29999999999973,4,34.100000000000364,swap,improve
9690,4,87.29999999999973,4,34.100000000000364,move,improve
9691,4,87.29999999999973,4,34.100000000000364,move,improve
9692,4,87.29999999999973,4,34.100000000000364,move,improve
9693,4,87.29999999999973,4,34.100000000000364,swap,improve
9694,4,87.29999999999973,4,34.100000000000364,2opt,notBad
9695,4,87.29999999999973,4,34.100000000000364,swap,notBad
9696,4,87.29999999999973,4,34.100000000000364,2opt,notBad
9697,4,87.29999999999973,4,34.100000000000364,swap,improve
9698,4,87.29999999999973,4,34.100000000000364,2opt,notBad
9699,4,87.29999999999973,4,34.100000000000364,move,improve
9700,4,87.29999999999973,4,34.100000000000364,swap,improve
9701,4,87.29999999999973,4,34.100000000000364,2opt,improve
9702,4,87.29999999999973,4,34.100000000000364,swap,notBad
9703,4,87.29999999999973,4,34.100000000000364,2opt,improve
9704,4,87.29999999999973,4,34.100000000000364,2opt,improve
9705,4,87.29999999999973,4,34.100000000000364,move,improve
9706,4,87.29999999999973,4,34.100000000000364,swap,improve
9707,4,87.29999999999973,4,34.100000000000364,2opt,notBad
9708,4,87.29999999999973,4,34.100000000000364,swap,improve
9709,4,87.29999999999973,4,34.100000000000364,2opt,notBad
9710,4,87.29999999999973,4,34.100000000000364,move,improve
9711,4,87.29999999999973,4,34.100000000000364,swap,notBad
9712,4,87.29999999999973,4,34.100000000000364,move,improve
9713,4,87.29999999999973,4,34.100000000000364,move,improve
9714,4,87.29999999999973,4,34.100000000000364,swap,improve
9715,4,87.29999999999973,4,34.100000000000364,move,improve
9716,4,87.29999999999973,4,34.100000000000364,2opt,notBad
9717,4,87.29999999999973,4,34.100000000000364,2opt,improve
9718,4,87.29999999999973,4,34.100000000000364,move,improve
9719,4,87.29999999999973,4,34.100000000000364,2opt,improve
9720,4,87.29999999999973,4,34.100000000000364,2opt,improve
9721,4,87.29999999999973,4,34.100000000000364,2opt,improve
9722,4,87.29999999999973,4,34.100000000000364,swap,improve
9723,4,87.29999999999973,4,34.100000000000364,swap,improve
9724,4,87.29999999999973,4,34.100000000000364,2opt,improve
9725,4,87.29999999999973,4,34.100000000000364,swap,improve
9726,4,87.29999999999973,4,34.100000000000364,move,improve
9727,4,87.29999999999973,4,34.100000000000364,swap,improve
9728,4,87.29999999999973,4,34.100000000000364,2opt,notBad
9729,4,87.29999999999973,4,34.100000000000364,swap,notBad
9730,4,87.29999999999973,4,34.100000000000364,swap,improve
9731,4,87.29999999999973,4,34.100000000000364,move,improve
9732,4,87.29999999999973,4,34.100000000000364,swap,improve
9733,4,87.29999999999973,4,34.100000000000364,swap,improve
9734,4,87.29999999999973,4,34.100000000000364,move,improve
9735,4,87.29999999999973,4,34.100000000000364,swap,improve
9736,4,87.29999999999973,4,34.100000000000364,2opt,notBad
9737,4,87.29999999999973,4,34.100000000000364,swap,improve
9738,4,87.29999999999973,4,34.100000000000364,swap,improve
9739,4,87.29999999999973,4,34.100000000000364,move,improve
9740,4,87.29999999999973,4,34.100000000000364,2opt,improve
9741,4,87.29999999999973,4,34.100000000000364,move,improve
9742,4,87.29999999999973,4,34.100000000000364,move,improve
9743,4,87.29999999999973,4,34.100000000000364,move,improve
9744,4,87.29999999999973,4,34.100000000000364,move,improve
9745,4,87.29999999999973,4,34.100000000000364,swap,improve
9746,4,87.29999999999973,4,34.100000000000364,swap,notBad
9747,4,87.29999999999973,4,34.100000000000364,swap,improve
9748,4,87.29999999999973,4,34.100000000000364,swap,improve
9749,4,87.29999999999973,4,34.100000000000364,swap,improve
9750,4,87.29999999999973,4,34.100000000000364,swap,improve
9751,4,87.29999999999973,4,34.100000000000364,swap,improve
9752,4,87.29999999999973,4,34.100000000000364,move,improve
9753,4,87.29999999999973,4,34.100000000000364,2opt,notBad
9754,4,87.29999999999973,4,34.100000000000364,move,improve
9755,4,87.29999999999973,4,34.100000000000364,2opt,notBad
9756,4,87.29999999999973,4,34.100000000000364,move,improve
9757,4,87.29999999999973,4,34.100000000000364,swap,improve
9758,4,87.29999999999973,4,34.100000000000364,move,improve
9759,4,87.29999999999973,4,34.100000000000364,2opt,notBad
9760,4,87.29999999999973,4,34.100000000000364,2opt,improve
9761,4,87.29999999999973,4,34.100000000000364,move,improve
9762,4,87.29999999999973,4,34.100000000000364,2opt,notBad
9763,4,87.29999999999973,4,34.100000000000364,2opt,notBad
9764,4,87.29999999999973,4,34.100000000000364,move,improve
9765,4,87.29999999999973,4,34.100000000000364,2opt,improve
9766,4,87.29999999999973,4,34.100000000000364,2opt,notBad
9767,4,87.29999999999973,4,34.100000000000364,2opt,notBad
9768,4,87.29999999999973,4,34.100000000000364,2opt,notBad
9769,4,87.29999999999973,4,34.100000000000364,2opt,notBad
9770,4,87.29999999999973,4,34.100000000000364,move,improve
9771,4,87.29999999999973,4,34.100000000000364,2opt,improve
9772,4,87.29999999999973,4,34.100000000000364,2opt,notBad
9773,4,87.29999999999973,4,34.100000000000364,swap,notBad
9774,4,87.29999999999973,4,34.100000000000364,swap,improve
9775,4,87.29999999999973,4,34.100000000000364,swap,improve
9776,4,87.29999999999973,4,34.100000000000364,move,improve
9777,4,87.29999999999973,4,34.100000000000364,2opt,notBad
9778,4,87.29999999999973,4,34.100000000000364,swap,improve
9779,4,87.29999999999973,4,34.100000000000364,2opt,notBad
9780,4,87.29999999999973,4,34.100000000000364,swap,improve
9781,4,87.29999999999973,4,34.100000000000364,2opt,notBad
9782,4,87.29999999999973,4,34.100000000000364,swap,improve
9783,4,87.29999999999973,4,34.100000000000364,move,improve
9784,4,87.29999999999973,4,34.100000000000364,swap,improve
9785,4,87.29999999999973,4,34.100000000000364,move,improve
9786,4,87.29999999999973,4,34.100000000000364,swap,improve
9787,4,87.29999999999973,4,34.100000000000364,2opt,notBad
9788,4,87.29999999999973,4,34.100000000000364,move,improve
9789,4,87.29999999999973,4,34.100000000000364,swap,improve
9790,4,87.29999999999973,4,34.100000000000364,move,notBad
9791,4,87.29999999999973,4,34.100000000000364,swap,improve
9792,4,87.29999999999973,4,34.100000000000364,swap,improve
9793,4,87.29999999999973,4,34.100000000000364,swap,improve
9794,4,87.29999999999973,4,34.100000000000364,move,improve
9795,4,87.29999999999973,4,34.100000000000364,2opt,notBad
9796,4,87.29999999999973,4,34.100000000000364,swap,notBad
9797,4,87.29999999999973,4,34.100000000000364,swap,improve
9798,4,87.29999999999973,4,34.100000000000364,move,improve
9799,4,87.29999999999973,4,34.100000000000364,move,improve
9800,4,87.29999999999973,4,34.100000000000364,swap,improve
9801,4,87.29999999999973,4,34.100000000000364,2opt,notBad
9802,4,87.29999999999973,4,34.100000000000364,swap,improve
9803,4,87.29999999999973,4,34.100000000000364,2opt,notBad
9804,4,87.29999999999973,4,34.100000000000364,2opt,notBad
9805,4,87.29999999999973,4,34.100000000000364,move,improve
9806,4,87.29999999999973,4,34.100000000000364,move,improve
9807,4,87.29999999999973,4,34.100000000000364,swap,improve
9808,4,87.29999999999973,4,34.100000000000364,swap,notBad
9809,4,87.29999999999973,4,34.100000000000364,move,improve
9810,4,87.29999999999973,4,34.100000000000364,swap,improve
9811,4,87.29999999999973,4,34.100000000000364,2opt,notBad
9812,4,87.29999999999973,4,34.100000000000364,swap,improve
9813,4,87.29999999999973,4,34.100000000000364,move,improve
9814,4,87.29999999999973,4,34.100000000000364,2opt,notBad
9815,4,87.29999999999973,4,34.100000000000364,swap,improve
9816,4,87.29999999999973,4,34.100000000000364,move,improve
9817,4,87.29999999999973,4,34.100000000000364,move,improve
9818,4,87.29999999999973,4,34.100000000000364,move,improve
9819,4,87.29999999999973,4,34.100000000000364,swap,improve
9820,4,87.29999999999973,4,34.100000000000364,2opt,notBad
9821,4,87.29999999999973,4,34.100000000000364,swap,improve
9822,4,87.29999999999973,4,34.100000000000364,2opt,notBad
9823,4,87.29999999999973,4,34.100000000000364,swap,improve
9824,4,87.29999999999973,4,34.100000000000364,swap,improve
9825,4,87.29999999999973,4,34.100000000000364,2opt,notBad
9826,4,87.29999999999973,4,34.100000000000364,move,improve
9827,4,87.29999999999973,4,34.100000000000364,2opt,notBad
9828,4,87.29999999999973,4,34.100000000000364,2opt,notBad
9829,4,87.29999999999973,4,34.100000000000364,swap,improve
9830,4,87.29999999999973,4,34.100000000000364,2opt,improve
9831,4,87.29999999999973,4,34.100000000000364,move,improve
9832,4,87.29999999999973,4,34.100000000000364,2opt,notBad
9833,4,87.29999999999973,4,34.100000000000364,swap,notBad
9834,4,87.29999999999973,4,34.100000000000364,2opt,notBad
9835,4,87.29999999999973,4,34.100000000000364,move,improve
9836,4,87.29999999999973,4,34.100000000000364,swap,improve
9837,4,87.29999999999973,4,34.100000000000364,move,improve
9838,4,87.29999999999973,4,34.100000000000364,move,improve
9839,4,87.29999999999973,4,34.100000000000364,move,improve
9840,4,87.29999999999973,4,34.100000000000364,swap,improve
9841,4,87.29999999999973,4,34.100000000000364,move,improve
9842,4,87.29999999999973,4,34.100000000000364,swap,improve
9843,4,87.29999999999973,4,34.100000000000364,move,improve
9844,4,87.29999999999973,4,34.100000000000364,move,improve
9845,4,87.29999999999973,4,34.100000000000364,2opt,notBad
9846,4,87.89999999999918,4,34.100000000000364,swap,acceptBad
9847,4,87.89999999999918,4,34.100000000000364,swap,improve
9848,4,87.89999999999918,4,34.100000000000364,2opt,notBad
9849,4,87.89999999999918,4,34.100000000000364,2opt,notBad
9850,4,112.90000000000009,4,34.100000000000364,swap,acceptBad
9851,4,112.90000000000009,4,34.100000000000364,2opt,notBad
9852,4,112.90000000000009,4,34.100000000000364,2opt,improve
9853,4,112.90000000000009,4,34.100000000000364,2opt,improve
9854,4,107.70000000000027,4,34.100000000000364,swap,improve
9855,4,107.70000000000027,4,34.100000000000364,2opt,improve
9856,4,107.70000000000027,4,34.100000000000364,move,improve
9857,4,107.70000000000027,4,34.100000000000364,swap,improve
9858,4,107.70000000000027,4,34.100000000000364,move,improve
9859,4,107.70000000000027,4,34.100000000000364,2opt,notBad
9860,4,107.70000000000027,4,34.100000000000364,swap,improve
9861,4,107.70000000000027,4,34.100000000000364,move,improve
9862,4,107.70000000000027,4,34.100000000000364,move,improve
9863,4,107.70000000000027,4,34.100000000000364,swap,notBad
9864,4,107.70000000000027,4,34.100000000000364,swap,improve
9865,4,133.79999999999973,4,34.100000000000364,swap,acceptBad
9866,4,130.20000000000027,4,34.100000000000364,swap,improve
9867,4,130.20000000000027,4,34.100000000000364,move,improve
9868,4,130.20000000000027,4,34.100000000000364,swap,notBad
9869,4,108.90000000000009,4,34.100000000000364,swap,improve
9870,4,108.90000000000009,4,34.100000000000364,move,improve
9871,4,108.90000000000009,4,34.100000000000364,2opt,notBad
9872,4,108.90000000000009,4,34.100000000000364,move,improve
9873,4,108.90000000000009,4,34.100000000000364,2opt,notBad
9874,4,108.90000000000009,4,34.100000000000364,swap,improve
9875,4,108.90000000000009,4,34.100000000000364,swap,improve
9876,4,108.90000000000009,4,34.100000000000364,2opt,improve
9877,4,108.90000000000009,4,34.100000000000364,move,improve
9878,4,108.90000000000009,4,34.100000000000364,move,improve
9879,4,108.90000000000009,4,34.100000000000364,2opt,notBad
9880,4,108.90000000000009,4,34.100000000000364,move,improve
9881,4,107.60000000000036,4,34.100000000000364,swap,improve
9882,4,107.60000000000036,4,34.100000000000364,swap,improve
9883,4,106.90000000000009,4,34.100000000000364,swap,improve
9884,4,106.90000000000009,4,34.100000000000364,swap,notBad
9885,4,106.90000000000009,4,34.100000000000364,move,improve
9886,4,106.90000000000009,4,34.100000000000364,swap,improve
9887,4,106.90000000000009,4,34.100000000000364,move,improve
9888,4,106.90000000000009,4,34.100000000000364,2opt,notBad
9889,4,106.90000000000009,4,34.100000000000364,2opt,notBad
9890,4,106.90000000000009,4,34.100000000000364,swap,improve
9891,4,106.90000000000009,4,34.100000000000364,move,improve
9892,4,106.90000000000009,4,34.100000000000364,2opt,improve
9893,4,106.90000000000009,4,34.100000000000364,swap,improve
9894,4,106.90000000000009,4,34.100000000000364,move,improve
9895,4,106.90000000000009,4,34.100000000000364,move,improve
9896,4,106.90000000000009,4,34.100000000000364,2opt,improve
9897,4,106.90000000000009,4,34.100000000000364,2opt,improve
9898,4,106.90000000000009,4,34.100000000000364,move,improve
9899,4,106.90000000000009,4,34.100000000000364,swap,improve
9900,4,106.90000000000009,4,34.100000000000364,2opt,notBad
9901,4,106.90000000000009,4,34.100000000000364,2opt,notBad
9902,4,106.90000000000009,4,34.100000000000364,move,improve
9903,4,106.90000000000009,4,34.100000000000364,2opt,notBad
9904,4,106.90000000000009,4,34.100000000000364,2opt,improve
9905,4,106.90000000000009,4,34.100000000000364,swap,improve
9906,4,106.90000000000009,4,34.100000000000364,2opt,notBad
9907,4,106.90000000000009,4,34.100000000000364,2opt,notBad
9908,4,106.80000000000018,4,34.100000000000364,swap,improve
9909,4,106.80000000000018,4,34.100000000000364,swap,notBad
9910,4,106.80000000000018,4,34.100000000000364,move,improve
9911,4,106.80000000000018,4,34.100000000000364,move,improve
9912,4,106.80000000000018,4,34.100000000000364,2opt,notBad
9913,4,106.80000000000018,4,34.100000000000364,2opt,improve
9914,4,106.80000000000018,4,34.100000000000364,swap,improve
9915,4,106.80000000000018,4,34.100000000000364,swap,improve
9916,4,106.80000000000018,4,34.100000000000364,swap,improve
9917,4,106.80000000000018,4,34.100000000000364,2opt,notBad
9918,4,106.80000000000018,4,34.100000000000364,2opt,improve
9919,4,106.80000000000018,4,34.100000000000364,move,improve
9920,4,106.80000000000018,4,34.100000000000364,move,improve
9921,4,106.80000000000018,4,34.100000000000364,swap,improve
9922,4,106.80000000000018,4,34.100000000000364,2opt,notBad
9923,4,106.80000000000018,4,34.100000000000364,swap,improve
9924,4,106.80000000000018,4,34.100000000000364,2opt,notBad
9925,4,106.80000000000018,4,34.100000000000364,2opt,notBad
9926,4,106.80000000000018,4,34.100000000000364,move,improve
9927,4,106.80000000000018,4,34.100000000000364,move,improve
9928,4,106.80000000000018,4,34.100000000000364,2opt,notBad
9929,4,106.80000000000018,4,34.100000000000364,swap,notBad
9930,4,106.80000000000018,4,34.100000000000364,swap,improve
9931,4,106.80000000000018,4,34.100000000000364,move,improve
9932,4,106.80000000000018,4,34.100000000000364,swap,improve
9933,4,106.80000000000018,4,34.100000000000364,move,improve
9934,4,106.80000000000018,4,34.100000000000364,swap,improve
9935,4,106.80000000000018,4,34.100000000000364,2opt,notBad
9936,4,106.80000000000018,4,34.100000000000364,move,improve
9937,4,106.80000000000018,4,34.100000000000364,swap,notBad
9938,4,106.80000000000018,4,34.100000000000364,swap,notBad
9939,4,106.10000000000036,4,34.100000000000364,swap,improve
9940,4,106.10000000000036,4,34.100000000000364,2opt,improve
9941,4,106.10000000000036,4,34.100000000000364,swap,improve
9942,4,106.10000000000036,4,34.100000000000364,move,improve
9943,4,106.10000000000036,4,34.100000000000364,swap,improve
9944,4,106.10000000000036,4,34.100000000000364,move,improve
9945,4,106.10000000000036,4,34.100000000000364,move,improve
9946,4,106.10000000000036,4,34.100000000000364,move,improve
9947,4,106.10000000000036,4,34.100000000000364,swap,improve
9948,4,106.10000000000036,4,34.100000000000364,move,improve
9949,4,106.10000000000036,4,34.100000000000364,swap,improve
9950,4,106.10000000000036,4,34.100000000000364,swap,improve
9951,4,106.10000000000036,4,34.100000000000364,move,improve
9952,4,106.10000000000036,4,34.100000000000364,move,improve
9953,4,106.10000000000036,4,34.100000000000364,move,improve
9954,4,106.10000000000036,4,34.100000000000364,move,improve
9955,4,106.10000000000036,4,34.100000000000364,swap,improve
9956,4,106.10000000000036,4,34.100000000000364,2opt,notBad
9957,4,106.10000000000036,4,34.100000000000364,move,improve
9958,4,106.10000000000036,4,34.100000000000364,move,improve
9959,4,106.10000000000036,4,34.100000000000364,2opt,notBad
9960,4,106.10000000000036,4,34.100000000000364,swap,improve
9961,4,106.10000000000036,4,34.100000000000364,move,improve
9962,4,106.10000000000036,4,34.100000000000364,move,improve
9963,4,106.10000000000036,4,34.100000000000364,swap,improve
9964,4,106.10000000000036,4,34.100000000000364,swap,improve
9965,4,106.10000000000036,4,34.100000000000364,swap,improve
9966,4,106.10000000000036,4,34.100000000000364,2opt,notBad
9967,4,119.30000000000064,4,34.100000000000364,swap,acceptBad
9968,4,122.20000000000027,4,34.100000000000364,swap,acceptBad
9969,4,122.20000000000027,4,34.100000000000364,move,improve
9970,4,122.20000000000027,4,34.100000000000364,2opt,notBad
9971,4,122.20000000000027,4,34.100000000000364,move,improve
9972,4,122.20000000000027,4,34.100000000000364,move,improve
9973,4,122.20000000000027,4,34.100000000000364,move,improve
9974,4,122.20000000000027,4,34.100000000000364,move,improve
9975,4,122.20000000000027,4,34.100000000000364,move,notBad
9976,4,122.20000000000027,4,34.100000000000364,2opt,notBad
9977,4,122.20000000000027,4,34.100000000000364,2opt,notBad
9978,4,122.20000000000027,4,34.100000000000364,2opt,notBad
9979,4,122.20000000000027,4,34.100000000000364,move,improve
9980,4,122.20000000000027,4,34.100000000000364,2opt,notBad
9981,4,122.20000000000027,4,34.100000000000364,2opt,notBad
9982,4,122.20000000000027,4,34.100000000000364,swap,improve
9983,4,122.20000000000027,4,34.100000000000364,2opt,notBad
9984,4,122.20000000000027,4,34.100000000000364,move,improve
9985,4,122.20000000000027,4,34.100000000000364,swap,improve
9986,4,122.20000000000027,4,34.100000000000364,swap,improve
9987,4,122.20000000000027,4,34.100000000000364,2opt,notBad
9988,4,122.20000000000027,4,34.100000000000364,move,improve
9989,4,122.20000000000027,4,34.100000000000364,swap,improve
9990,4,122.20000000000027,4,34.100000000000364,move,improve
9991,4,122.20000000000027,4,34.100000000000364,swap,notBad
9992,4,122.20000000000027,4,34.100000000000364,move,improve
9993,4,122.20000000000027,4,34.100000000000364,move,improve
9994,4,122.20000000000027,4,34.100000000000364,2opt,notBad
9995,4,122.20000000000027,4,34.100000000000364,move,improve
9996,4,122.20000000000027,4,34.100000000000364,move,improve
9997,4,122.20000000000027,4,34.100000000000364,2opt,notBad
9998,4,122.20000000000027,4,34.100000000000364,2opt,improve
9999,4,122.20000000000027,4,34.100000000000364,swap,improve
10000,4,122.20000000000027,4,34.100000000000364,move,improve
10001,4,122.20000000000027,4,34.100000000000364,swap,notBad
10002,4,122.20000000000027,4,34.100000000000364,2opt,notBad
10003,4,122.20000000000027,4,34.100000000000364,move,improve
10004,4,122.20000000000027,4,34.100000000000364,move,improve
10005,4,122.20000000000027,4,34.100000000000364,2opt,notBad
10006,4,122.20000000000027,4,34.100000000000364,swap,notBad
10007,4,122.20000000000027,4,34.100000000000364,swap,improve
10008,4,122.20000000000027,4,34.100000000000364,2opt,notBad
10009,4,122.20000000000027,4,34.100000000000364,swap,improve
10010,4,122.20000000000027,4,34.100000000000364,move,improve
10011,4,122.20000000000027,4,34.100000000000364,move,notBad
10012,4,122.20000000000027,4,34.100000000000364,move,improve
10013,4,122.20000000000027,4,34.100000000000364,move,improve
10014,4,122.20000000000027,4,34.100000000000364,swap,improve
10015,4,122.20000000000027,4,34.100000000000364,move,improve
10016,4,122.20000000000027,4,34.100000000000364,move,improve
10017,4,122.20000000000027,4,34.100000000000364,2opt,notBad
10018,4,122.20000000000027,4,34.100000000000364,2opt,notBad
10019,4,122.20000000000027,4,34.100000000000364,2opt,notBad
10020,4,122.20000000000027,4,34.100000000000364,2opt,improve
10021,4,122.20000000000027,4,34.100000000000364,2opt,notBad
10022,4,122.20000000000027,4,34.100000000000364,2opt,notBad
10023,4,122.20000000000027,4,34.100000000000364,swap,notBad
10024,4,122.20000000000027,4,34.100000000000364,swap,notBad
10025,4,122.20000000000027,4,34.100000000000364,move,improve
10026,4,122.20000000000027,4,34.100000000000364,swap,notBad
10027,4,122.20000000000027,4,34.100000000000364,move,improve
10028,4,122.20000000000027,4,34.100000000000364,2opt,notBad
10029,4,122.20000000000027,4,34.100000000000364,swap,notBad
10030,4,122.20000000000027,4,34.100000000000364,move,improve
10031,4,122.20000000000027,4,34.100000000000364,2opt,notBad
10032,4,122.20000000000027,4,34.100000000000364,move,improve
10033,4,109.0,4,34.100000000000364,move,improve
10034,4,109.0,4,34.100000000000364,2opt,notBad
10035,4,109.0,4,34.100000000000364,2opt,improve
10036,4,106.10000000000036,4,34.100000000000364,move,improve
10037,4,106.10000000000036,4,34.100000000000364,2opt,notBad
10038,4,106.10000000000036,4,34.100000000000364,move,improve
10039,4,106.10000000000036,4,34.100000000000364,2opt,notBad
10040,4,106.10000000000036,4,34.100000000000364,move,improve
10041,4,106.10000000000036,4,34.100000000000364,2opt,notBad
10042,4,106.10000000000036,4,34.100000000000364,swap,improve
10043,4,106.10000000000036,4,34.100000000000364,2opt,notBad
10044,4,128.40000000000055,4,34.100000000000364,swap,acceptBad
10045,4,128.40000000000055,4,34.100000000000364,move,improve
10046,4,128.40000000000055,4,34.100000000000364,2opt,notBad
10047,4,105.80000000000018,4,34.100000000000364,swap,improve
10048,4,105.80000000000018,4,34.100000000000364,move,improve
10049,4,105.80000000000018,4,34.100000000000364,swap,improve
10050,4,113.80000000000018,4,34.100000000000364,swap,acceptBad
10051,4,113.80000000000018,4,34.100000000000364,swap,notBad
10052,4,113.80000000000018,4,34.100000000000364,swap,notBad
10053,4,113.80000000000018,4,34.100000000000364,swap,improve
10054,4,109.29999999999973,4,34.100000000000364,swap,improve
10055,4,109.29999999999973,4,34.100000000000364,2opt,notBad
10056,4,109.29999999999973,4,34.100000000000364,move,improve
10057,4,109.29999999999973,4,34.100000000000364,swap,notBad
10058,4,110.49999999999955,4,34.100000000000364,swap,acceptBad
10059,4,110.49999999999955,4,34.100000000000364,2opt,notBad
10060,4,110.49999999999955,4,34.100000000000364,2opt,notBad
10061,4,110.49999999999955,4,34.100000000000364,2opt,notBad
10062,4,110.49999999999955,4,34.100000000000364,swap,improve
10063,4,110.49999999999955,4,34.100000000000364,2opt,notBad
10064,4,110.49999999999955,4,34.100000000000364,move,improve
10065,4,110.49999999999955,4,34.100000000000364,2opt,notBad
10066,4,110.49999999999955,4,34.100000000000364,move,improve
10067,4,110.49999999999955,4,34.100000000000364,swap,improve
10068,4,108.09999999999991,4,34.100000000000364,swap,improve
10069,4,108.09999999999991,4,34.100000000000364,2opt,notBad
10070,4,108.09999999999991,4,34.100000000000364,2opt,notBad
10071,4,108.09999999999991,4,34.100000000000364,2opt,improve
10072,4,108.09999999999991,4,34.100000000000364,move,improve
10073,4,108.09999999999991,4,34.100000000000364,swap,improve
10074,4,108.09999999999991,4,34.100000000000364,move,improve
10075,4,108.09999999999991,4,34.100000000000364,2opt,notBad
10076,4,108.09999999999991,4,34.100000000000364,swap,improve
10077,4,108.09999999999991,4,34.100000000000364,move,improve
10078,4,108.09999999999991,4,34.100000000000364,move,improve
10079,4,108.09999999999991,4,34.100000000000364,2opt,notBad
10080,4,108.09999999999991,4,34.100000000000364,2opt,notBad
10081,4,108.09999999999991,4,34.100000000000364,move,improve
10082,4,108.09999999999991,4,34.100000000000364,2opt,improve
10083,4,108.09999999999991,4,34.100000000000364,2opt,notBad
10084,4,108.09999999999991,4,34.100000000000364,move,improve
10085,4,108.09999999999991,4,34.100000000000364,move,improve
10086,4,108.09999999999991,4,34.100000000000364,swap,improve
10087,4,108.09999999999991,4,34.100000000000364,2opt,improve
10088,4,108.09999999999991,4,34.100000000000364,2opt,notBad
10089,4,108.09999999999991,4,34.100000000000364,move,improve
10090,4,108.09999999999991,4,34.100000000000364,2opt,improve
10091,4,108.09999999999991,4,34.100000000000364,move,improve
10092,4,108.09999999999991,4,34.100000000000364,move,improve
10093,4,108.09999999999991,4,34.100000000000364,move,improve
10094,4,108.09999999999991,4,34.100000000000364,2opt,improve
10095,4,108.09999999999991,4,34.100000000000364,2opt,notBad
10096,4,108.09999999999991,4,34.100000000000364,2opt,notBad
10097,4,108.09999999999991,4,34.100000000000364,2opt,notBad
10098,4,108.09999999999991,4,34.100000000000364,2opt,notBad
10099,4,108.09999999999991,4,34.100000000000364,2opt,notBad
10100,4,108.09999999999991,4,34.100000000000364,swap,improve
10101,4,108.09999999999991,4,34.100000000000364,2opt,notBad
10102,4,108.09999999999991,4,34.100000000000364,2opt,notBad
10103,4,108.09999999999991,4,34.100000000000364,2opt,notBad
10104,4,108.09999999999991,4,34.100000000000364,move,improve
10105,4,108.09999999999991,4,34.100000000000364,move,improve
10106,4,108.09999999999991,4,34.100000000000364,move,improve
10107,4,108.09999999999991,4,34.100000000000364,move,improve
10108,4,108.09999999999991,4,34.100000000000364,2opt,improve
10109,4,108.09999999999991,4,34.100000000000364,2opt,notBad
10110,4,108.09999999999991,4,34.100000000000364,2opt,notBad
10111,4,108.09999999999991,4,34.100000000000364,2opt,notBad
10112,4,108.09999999999991,4,34.100000000000364,swap,notBad
10113,4,108.09999999999991,4,34.100000000000364,move,improve
10114,4,108.09999999999991,4,34.100000000000364,swap,notBad
10115,4,108.09999999999991,4,34.100000000000364,swap,improve
10116,4,108.09999999999991,4,34.100000000000364,2opt,notBad
10117,4,108.09999999999991,4,34.100000000000364,swap,notBad
10118,4,108.09999999999991,4,34.100000000000364,2opt,notBad
10119,4,111.09999999999991,4,34.100000000000364,swap,acceptBad
10120,4,111.09999999999991,4,34.100000000000364,2opt,notBad
10121,4,111.09999999999991,4,34.100000000000364,move,improve
10122,4,111.09999999999991,4,34.100000000000364,move,improve
10123,4,111.09999999999991,4,34.100000000000364,2opt,notBad
10124,4,111.09999999999991,4,34.100000000000364,2opt,notBad
10125,4,111.09999999999991,4,34.100000000000364,move,improve
10126,4,111.09999999999991,4,34.100000000000364,2opt,notBad
10127,4,111.09999999999991,4,34.100000000000364,2opt,notBad
10128,4,111.09999999999991,4,34.100000000000364,swap,improve
10129,4,111.09999999999991,4,34.100000000000364,move,improve
10130,4,111.09999999999991,4,34.100000000000364,move,improve
10131,4,111.09999999999991,4,34.100000000000364,move,improve
10132,4,111.09999999999991,4,34.100000000000364,move,improve
10133,4,111.09999999999991,4,34.100000000000364,swap,improve
10134,4,111.09999999999991,4,34.100000000000364,2opt,notBad
10135,4,111.09999999999991,4,34.100000000000364,2opt,improve
10136,4,111.09999999999991,4,34.100000000000364,swap,improve
10137,4,111.09999999999991,4,34.100000000000364,move,improve
10138,4,111.09999999999991,4,34.100000000000364,swap,improve
10139,4,111.09999999999991,4,34.100000000000364,move,improve
10140,4,141.5999999999981,4,34.100000000000364,swap,acceptBad
10141,4,141.5999999999981,4,34.100000000000364,2opt,notBad
10142,4,141.5999999999981,4,34.100000000000364,2opt,notBad
10143,4,141.5999999999981,4,34.100000000000364,2opt,notBad
10144,4,109.29999999999973,4,34.100000000000364,swap,improve
10145,4,86.19999999999982,4,34.100000000000364,swap,improve
10146,4,86.19999999999982,4,34.100000000000364,move,improve
10147,4,86.19999999999982,4,34.100000000000364,swap,improve
10148,4,86.19999999999982,4,34.100000000000364,move,improve
10149,4,86.19999999999982,4,34.100000000000364,move,improve
10150,4,86.19999999999982,4,34.100000000000364,swap,notBad
10151,4,86.19999999999982,4,34.100000000000364,2opt,notBad
10152,4,86.19999999999982,4,34.100000000000364,move,improve
10153,4,86.19999999999982,4,34.100000000000364,2opt,notBad
10154,4,86.19999999999982,4,34.100000000000364,swap,improve
10155,4,86.19999999999982,4,34.100000000000364,2opt,notBad
10156,4,86.19999999999982,4,34.100000000000364,move,improve
10157,4,86.19999999999982,4,34.100000000000364,move,improve
10158,4,100.09999999999945,4,34.100000000000364,swap,acceptBad
10159,4,100.09999999999945,4,34.100000000000364,2opt,improve
10160,4,100.09999999999945,4,34.100000000000364,swap,improve
10161,4,100.09999999999945,4,34.100000000000364,2opt,improve
10162,4,100.09999999999945,4,34.100000000000364,2opt,improve
10163,4,100.09999999999945,4,34.100000000000364,swap,improve
10164,4,100.09999999999945,4,34.100000000000364,swap,improve
10165,4,100.09999999999945,4,34.100000000000364,swap,improve
10166,4,100.09999999999945,4,34.100000000000364,move,improve
10167,4,100.09999999999945,4,34.100000000000364,move,improve
10168,4,97.09999999999945,4,34.100000000000364,swap,improve
10169,4,97.09999999999945,4,34.100000000000364,swap,improve
10170,4,97.09999999999945,4,34.100000000000364,swap,improve
10171,4,97.09999999999945,4,34.100000000000364,swap,improve
10172,4,97.09999999999945,4,34.100000000000364,2opt,notBad
10173,4,97.09999999999945,4,34.100000000000364,2opt,notBad
10174,4,97.09999999999945,4,34.100000000000364,swap,improve
10175,4,97.09999999999945,4,34.100000000000364,2opt,notBad
10176,4,97.09999999999945,4,34.100000000000364,swap,improve
10177,4,97.09999999999945,4,34.100000000000364,2opt,notBad
10178,4,97.09999999999945,4,34.100000000000364,move,improve
10179,4,97.09999999999945,4,34.100000000000364,2opt,notBad
10180,4,97.09999999999945,4,34.100000000000364,2opt,improve
10181,4,97.09999999999945,4,34.100000000000364,2opt,notBad
10182,4,97.09999999999945,4,34.100000000000364,move,improve
10183,4,97.09999999999945,4,34.100000000000364,move,improve
10184,4,97.09999999999945,4,34.100000000000364,swap,improve
10185,4,97.09999999999945,4,34.100000000000364,2opt,notBad
10186,4,96.59999999999945,4,34.100000000000364,swap,improve
10187,4,86.59999999999945,4,34.100000000000364,swap,improve
10188,4,86.59999999999945,4,34.100000000000364,swap,improve
10189,4,86.59999999999945,4,34.100000000000364,swap,improve
10190,4,86.59999999999945,4,34.100000000000364,2opt,notBad
10191,4,86.59999999999945,4,34.100000000000364,2opt,notBad
10192,4,86.59999999999945,4,34.100000000000364,2opt,notBad
10193,4,86.59999999999945,4,34.100000000000364,swap,improve
10194,4,86.59999999999945,4,34.100000000000364,move,improve
10195,4,86.59999999999945,4,34.100000000000364,move,improve
10196,4,86.59999999999945,4,34.100000000000364,swap,improve
10197,4,86.59999999999945,4,34.100000000000364,2opt,notBad
10198,4,86.59999999999945,4,34.100000000000364,2opt,notBad
10199,4,86.59999999999945,4,34.100000000000364,move,improve
10200,4,86.59999999999945,4,34.100000000000364,move,improve
10201,4,86.59999999999945,4,34.100000000000364,swap,improve
10202,4,86.59999999999945,4,34.100000000000364,swap,improve
10203,4,86.59999999999945,4,34.100000000000364,swap,improve
10204,4,86.59999999999945,4,34.100000000000364,2opt,improve
10205,4,86.59999999999945,4,34.100000000000364,move,improve
10206,4,86.59999999999945,4,34.100000000000364,swap,notBad
10207,4,86.59999999999945,4,34.100000000000364,swap,improve
10208,4,86.59999999999945,4,34.100000000000364,2opt,notBad
10209,4,86.59999999999945,4,34.100000000000364,swap,improve
10210,4,86.59999999999945,4,34.100000000000364,2opt,improve
10211,4,86.59999999999945,4,34.100000000000364,move,improve
10212,4,92.5,4,34.100000000000364,swap,acceptBad
10213,4,92.5,4,34.100000000000364,2opt,notBad
10214,4,92.5,4,34.100000000000364,move,improve
10215,4,92.5,4,34.100000000000364,2opt,improve
10216,4,87.90000000000055,4,34.100000000000364,swap,improve
10217,4,87.90000000000055,4,34.100000000000364,move,improve
10218,4,87.90000000000055,4,34.100000000000364,2opt,improve
10219,4,87.29999999999927,4,34.100000000000364,move,improve
10220,4,87.29999999999927,4,34.100000000000364,move,improve
10221,4,87.29999999999927,4,34.100000000000364,2opt,improve
10222,4,87.29999999999927,4,34.100000000000364,swap,notBad
10223,4,87.29999999999927,4,34.100000000000364,swap,improve
10224,4,87.29999999999927,4,34.100000000000364,swap,notBad
10225,4,87.29999999999927,4,34.100000000000364,swap,notBad
10226,4,89.49999999999955,4,34.100000000000364,swap,acceptBad
10227,4,89.49999999999955,4,34.100000000000364,2opt,notBad
10228,4,93.39999999999964,4,34.100000000000364,swap,acceptBad
10229,4,92.59999999999991,4,34.100000000000364,swap,improve
10230,4,92.59999999999991,4,34.100000000000364,move,improve
10231,4,93.39999999999964,4,34.100000000000364,swap,acceptBad
10232,4,93.39999999999964,4,34.100000000000364,swap,improve
10233,4,93.39999999999964,4,34.100000000000364,2opt,notBad
10234,4,93.39999999999964,4,34.100000000000364,move,improve
10235,4,93.39999999999964,4,34.100000000000364,swap,improve
10236,4,93.39999999999964,4,34.100000000000364,move,improve
10237,4,105.39999999999964,4,34.100000000000364,swap,acceptBad
10238,4,105.39999999999964,4,34.100000000000364,swap,improve
10239,4,104.5,4,34.100000000000364,swap,improve
10240,4,104.5,4,34.100000000000364,2opt,notBad
10241,4,104.5,4,34.100000000000364,2opt,notBad
10242,4,104.5,4,34.100000000000364,move,improve
10243,4,92.5,4,34.100000000000364,swap,improve
10244,4,92.5,4,34.100000000000364,2opt,notBad
10245,4,92.5,4,34.100000000000364,2opt,notBad
10246,4,95.30000000000018,4,34.100000000000364,swap,acceptBad
10247,4,95.30000000000018,4,34.100000000000364,2opt,notBad
10248,4,95.30000000000018,4,34.100000000000364,move,improve
10249,4,95.30000000000018,4,34.100000000000364,2opt,notBad
10250,4,90.40000000000055,4,34.100000000000364,swap,improve
10251,4,90.40000000000055,4,34.100000000000364,move,improve
10252,4,90.40000000000055,4,34.100000000000364,move,improve
10253,4,119.0,4,34.100000000000364,swap,acceptBad
10254,4,119.0,4,34.100000000000364,2opt,improve
10255,4,119.0,4,34.100000000000364,swap,improve
10256,4,119.0,4,34.100000000000364,move,improve
10257,4,119.0,4,34.100000000000364,move,improve
10258,4,119.0,4,34.100000000000364,swap,improve
10259,4,119.0,4,34.100000000000364,swap,notBad
10260,4,119.0,4,34.100000000000364,2opt,notBad
10261,4,133.6999999999989,4,34.100000000000364,swap,acceptBad
10262,4,133.6999999999989,4,34.100000000000364,2opt,notBad
10263,4,133.6999999999989,4,34.100000000000364,swap,notBad
10264,4,133.6999999999989,4,34.100000000000364,move,improve
10265,4,133.6999999999989,4,34.100000000000364,swap,notBad
10266,4,133.6999999999989,4,34.100000000000364,2opt,notBad
10267,4,133.6999999999989,4,34.100000000000364,swap,notBad
10268,4,133.6999999999989,4,34.100000000000364,move,improve
10269,4,133.6999999999989,4,34.100000000000364,2opt,notBad
10270,4,133.6999999999989,4,34.100000000000364,move,improve
10271,4,133.6999999999989,4,34.100000000000364,move,improve
10272,4,133.6999999999989,4,34.100000000000364,2opt,notBad
10273,4,133.6999999999989,4,34.100000000000364,swap,improve
10274,4,133.6999999999989,4,34.100000000000364,swap,improve
10275,4,133.6999999999989,4,34.100000000000364,2opt,notBad
10276,4,149.0,4,34.100000000000364,swap,acceptBad
10277,4,149.0,4,34.100000000000364,move,improve
10278,4,149.0,4,34.100000000000364,swap,improve
10279,4,149.0,4,34.100000000000364,2opt,notBad
10280,4,149.0,4,34.100000000000364,move,improve
10281,4,149.0,4,34.100000000000364,2opt,notBad
10282,4,149.0,4,34.100000000000364,swap,improve
10283,4,149.0,4,34.100000000000364,swap,improve
10284,4,149.0,4,34.100000000000364,move,notBad
10285,4,149.0,4,34.100000000000364,2opt,improve
10286,4,149.0,4,34.100000000000364,swap,improve
10287,4,100.59999999999945,4,34.100000000000364,move,improve
10288,4,93.99999999999955,4,34.100000000000364,swap,improve
10289,4,93.99999999999955,4,34.100000000000364,move,improve
10290,4,93.99999999999955,4,34.100000000000364,swap,improve
10291,4,93.99999999999955,4,34.100000000000364,move,improve
10292,4,94.79999999999973,4,34.100000000000364,swap,acceptBad
10293,4,94.79999999999973,4,34.100000000000364,swap,improve
10294,4,94.79999999999973,4,34.100000000000364,move,improve
10295,4,94.79999999999973,4,34.100000000000364,2opt,notBad
10296,4,94.79999999999973,4,34.100000000000364,swap,notBad
10297,4,94.79999999999973,4,34.100000000000364,2opt,notBad
10298,4,94.79999999999973,4,34.100000000000364,move,improve
10299,4,94.79999999999973,4,34.100000000000364,2opt,notBad
10300,4,94.79999999999973,4,34.100000000000364,2opt,notBad
10301,4,94.79999999999973,4,34.100000000000364,2opt,improve
10302,4,94.79999999999973,4,34.100000000000364,move,improve
10303,4,94.79999999999973,4,34.100000000000364,move,improve
10304,4,94.79999999999973,4,34.100000000000364,move,improve
10305,4,92.0,4,34.100000000000364,swap,improve
10306,4,92.0,4,34.100000000000364,swap,notBad
10307,4,92.0,4,34.100000000000364,2opt,notBad
10308,4,92.0,4,34.100000000000364,swap,improve
10309,4,92.0,4,34.100000000000364,2opt,notBad
10310,4,92.0,4,34.100000000000364,swap,improve
10311,4,92.0,4,34.100000000000364,2opt,notBad
10312,4,92.0,4,34.100000000000364,move,improve
10313,4,92.0,4,34.100000000000364,2opt,notBad
10314,4,88.90000000000055,4,34.100000000000364,swap,improve
10315,4,88.90000000000055,4,34.100000000000364,2opt,notBad
10316,4,88.90000000000055,4,34.100000000000364,2opt,notBad
10317,4,88.90000000000055,4,34.100000000000364,swap,improve
10318,4,88.90000000000055,4,34.100000000000364,2opt,improve
10319,4,88.90000000000055,4,34.100000000000364,move,improve
10320,4,97.70000000000073,4,34.100000000000364,swap,acceptBad
10321,4,97.70000000000073,4,34.100000000000364,2opt,notBad
10322,4,97.70000000000073,4,34.100000000000364,swap,notBad
10323,4,97.70000000000073,4,34.100000000000364,move,improve
10324,4,97.70000000000073,4,34.100000000000364,swap,improve
10325,4,97.70000000000073,4,34.100000000000364,2opt,notBad
10326,4,97.70000000000073,4,34.100000000000364,move,improve
10327,4,97.70000000000073,4,34.100000000000364,2opt,notBad
10328,4,97.70000000000073,4,34.100000000000364,move,improve
10329,4,97.70000000000073,4,34.100000000000364,2opt,notBad
10330,4,97.70000000000073,4,34.100000000000364,swap,improve
10331,4,97.70000000000073,4,34.100000000000364,move,improve
10332,4,97.70000000000073,4,34.100000000000364,2opt,notBad
10333,4,97.70000000000073,4,34.100000000000364,2opt,notBad
10334,4,97.70000000000073,4,34.100000000000364,swap,notBad
10335,4,97.70000000000073,4,34.100000000000364,2opt,notBad
10336,4,89.60000000000082,4,34.100000000000364,move,improve
10337,4,89.60000000000082,4,34.100000000000364,move,improve
10338,4,96.29999999999836,4,34.100000000000364,swap,acceptBad
10339,4,96.29999999999836,4,34.100000000000364,move,improve
10340,4,96.29999999999836,4,34.100000000000364,move,improve
10341,4,96.29999999999836,4,34.100000000000364,swap,notBad
10342,4,102.09999999999945,4,34.100000000000364,swap,acceptBad
10343,4,102.09999999999945,4,34.100000000000364,2opt,notBad
10344,4,102.09999999999945,4,34.100000000000364,move,improve
10345,4,102.09999999999945,4,34.100000000000364,2opt,notBad
10346,4,102.09999999999945,4,34.100000000000364,2opt,notBad
10347,4,102.09999999999945,4,34.100000000000364,move,improve
10348,4,102.09999999999945,4,34.100000000000364,move,improve
10349,4,102.09999999999945,4,34.100000000000364,swap,improve
10350,4,102.09999999999945,4,34.100000000000364,swap,improve
10351,4,102.09999999999945,4,34.100000000000364,2opt,notBad
10352,4,102.09999999999945,4,34.100000000000364,move,improve
10353,4,102.09999999999945,4,34.100000000000364,2opt,notBad
10354,4,102.09999999999945,4,34.100000000000364,swap,improve
10355,4,102.09999999999945,4,34.100000000000364,2opt,notBad
10356,4,102.09999999999945,4,34.100000000000364,swap,notBad
10357,4,102.09999999999945,4,34.100000000000364,swap,improve
10358,4,102.09999999999945,4,34.100000000000364,move,improve
10359,4,102.09999999999945,4,34.100000000000364,swap,notBad
10360,4,102.09999999999945,4,34.100000000000364,swap,improve
10361,4,102.09999999999945,4,34.100000000000364,move,improve
10362,4,102.09999999999945,4,34.100000000000364,move,improve
10363,4,102.09999999999945,4,34.100000000000364,move,improve
10364,4,102.09999999999945,4,34.100000000000364,2opt,improve
10365,4,102.09999999999945,4,34.100000000000364,swap,improve
10366,4,96.29999999999836,4,34.100000000000364,swap,improve
10367,4,96.29999999999836,4,34.100000000000364,move,improve
10368,4,94.90000000000055,4,34.100000000000364,swap,improve
10369,4,94.90000000000055,4,34.100000000000364,swap,improve
10370,4,94.90000000000055,4,34.100000000000364,move,improve
10371,4,94.90000000000055,4,34.100000000000364,swap,improve
10372,4,94.90000000000055,4,34.100000000000364,2opt,notBad
10373,4,94.90000000000055,4,34.100000000000364,swap,improve
10374,4,94.90000000000055,4,34.100000000000364,move,improve
10375,4,112.90000000000055,4,34.100000000000364,swap,acceptBad
10376,4,112.90000000000055,4,34.100000000000364,move,improve
10377,4,112.90000000000055,4,34.100000000000364,2opt,notBad
10378,4,112.90000000000055,4,34.100000000000364,2opt,notBad
10379,4,112.90000000000055,4,34.100000000000364,2opt,notBad
10380,4,112.90000000000055,4,34.100000000000364,2opt,notBad
10381,4,112.90000000000055,4,34.100000000000364,swap,improve
10382,4,112.90000000000055,4,34.100000000000364,swap,notBad
10383,4,112.90000000000055,4,34.100000000000364,swap,improve
10384,4,112.90000000000055,4,34.100000000000364,2opt,notBad
10385,4,112.90000000000055,4,34.100000000000364,2opt,notBad
10386,4,112.90000000000055,4,34.100000000000364,2opt,notBad
10387,4,112.90000000000055,4,34.100000000000364,move,improve
10388,4,112.90000000000055,4,34.100000000000364,2opt,notBad
10389,4,112.90000000000055,4,34.100000000000364,swap,improve
10390,4,112.90000000000055,4,34.100000000000364,2opt,notBad
10391,4,112.90000000000055,4,34.100000000000364,move,improve
10392,4,112.90000000000055,4,34.100000000000364,2opt,notBad
10393,4,112.90000000000055,4,34.100000000000364,2opt,notBad
10394,4,112.90000000000055,4,34.100000000000364,swap,improve
10395,4,105.10000000000082,4,34.100000000000364,move,improve
10396,4,105.10000000000082,4,34.100000000000364,swap,notBad
10397,4,105.10000000000082,4,34.100000000000364,2opt,notBad
10398,4,105.10000000000082,4,34.100000000000364,2opt,notBad
10399,4,105.10000000000082,4,34.100000000000364,move,improve
10400,4,105.10000000000082,4,34.100000000000364,2opt,notBad
10401,4,101.69999999999754,4,34.100000000000364,swap,improve
10402,4,101.69999999999754,4,34.100000000000364,swap,improve
10403,4,101.69999999999754,4,34.100000000000364,move,improve
10404,4,101.69999999999754,4,34.100000000000364,2opt,notBad
10405,4,101.69999999999754,4,34.100000000000364,move,improve
10406,4,101.69999999999754,4,34.100000000000364,2opt,notBad
10407,4,101.69999999999754,4,34.100000000000364,move,improve
10408,4,101.69999999999754,4,34.100000000000364,move,improve
10409,4,101.69999999999754,4,34.100000000000364,2opt,notBad
10410,4,101.69999999999754,4,34.100000000000364,2opt,improve
10411,4,101.69999999999754,4,34.100000000000364,move,improve
10412,4,101.69999999999754,4,34.100000000000364,swap,improve
10413,4,105.299999999997,4,34.100000000000364,swap,acceptBad
10414,4,105.299999999997,4,34.100000000000364,swap,improve
10415,4,105.299999999997,4,34.100000000000364,swap,improve
10416,4,105.299999999997,4,34.100000000000364,2opt,notBad
10417,4,105.299999999997,4,34.100000000000364,2opt,notBad
10418,4,105.299999999997,4,34.100000000000364,swap,improve
10419,4,105.299999999997,4,34.100000000000364,2opt,notBad
10420,4,105.299999999997,4,34.100000000000364,move,improve
10421,4,105.299999999997,4,34.100000000000364,move,improve
10422,4,105.299999999997,4,34.100000000000364,2opt,notBad
10423,4,105.299999999997,4,34.100000000000364,2opt,notBad
10424,4,105.299999999997,4,34.100000000000364,swap,notBad
10425,4,101.69999999999754,4,34.100000000000364,swap,improve
10426,4,101.69999999999754,4,34.100000000000364,2opt,notBad
10427,4,101.69999999999754,4,34.100000000000364,2opt,notBad
10428,4,101.69999999999754,4,34.100000000000364,swap,improve
10429,4,101.69999999999754,4,34.100000000000364,swap,improve
10430,4,101.69999999999754,4,34.100000000000364,move,improve
10431,4,101.69999999999754,4,34.100000000000364,swap,improve
10432,4,101.69999999999754,4,34.100000000000364,swap,improve
10433,4,101.69999999999754,4,34.100000000000364,swap,improve
10434,4,101.69999999999754,4,34.100000000000364,2opt,improve
10435,4,101.69999999999754,4,34.100000000000364,swap,improve
10436,4,101.69999999999754,4,34.100000000000364,move,improve
10437,4,101.69999999999754,4,34.100000000000364,2opt,notBad
10438,4,101.69999999999754,4,34.100000000000364,2opt,notBad
10439,4,101.69999999999754,4,34.100000000000364,swap,improve
10440,4,101.69999999999754,4,34.100000000000364,move,improve
10441,4,101.69999999999754,4,34.100000000000364,move,improve
10442,4,101.69999999999754,4,34.100000000000364,move,improve
10443,4,101.69999999999754,4,34.100000000000364,2opt,notBad
10444,4,101.69999999999754,4,34.100000000000364,move,improve
10445,4,101.69999999999754,4,34.100000000000364,move,improve
10446,4,101.69999999999754,4,34.100000000000364,move,improve
10447,4,101.69999999999754,4,34.100000000000364,2opt,notBad
10448,4,101.69999999999754,4,34.100000000000364,move,improve
10449,4,101.69999999999754,4,34.100000000000364,2opt,improve
10450,4,101.69999999999754,4,34.100000000000364,2opt,notBad
10451,4,101.69999999999754,4,34.100000000000364,2opt,notBad
10452,4,101.69999999999754,4,34.100000000000364,2opt,notBad
10453,4,101.69999999999754,4,34.100000000000364,2opt,improve
10454,4,101.69999999999754,4,34.100000000000364,2opt,notBad
10455,4,101.69999999999754,4,34.100000000000364,2opt,notBad
10456,4,101.69999999999754,4,34.100000000000364,move,improve
10457,4,101.69999999999754,4,34.100000000000364,2opt,notBad
10458,4,101.69999999999754,4,34.100000000000364,move,improve
10459,4,105.10000000000082,4,34.100000000000364,swap,acceptBad
10460,4,105.10000000000082,4,34.100000000000364,2opt,notBad
10461,4,105.10000000000082,4,34.100000000000364,2opt,notBad
10462,4,105.10000000000082,4,34.100000000000364,2opt,notBad
10463,4,112.90000000000055,4,34.100000000000364,swap,acceptBad
10464,4,112.90000000000055,4,34.100000000000364,swap,notBad
10465,4,112.90000000000055,4,34.100000000000364,swap,notBad
10466,4,112.90000000000055,4,34.100000000000364,2opt,notBad
10467,4,112.90000000000055,4,34.100000000000364,move,improve
10468,4,112.90000000000055,4,34.100000000000364,2opt,notBad
10469,4,112.90000000000055,4,34.100000000000364,2opt,notBad
10470,4,112.90000000000055,4,34.100000000000364,move,improve
10471,4,112.90000000000055,4,34.100000000000364,move,improve
10472,4,112.90000000000055,4,34.100000000000364,move,improve
10473,4,112.90000000000055,4,34.100000000000364,move,improve
10474,4,112.90000000000055,4,34.100000000000364,move,improve
10475,4,112.90000000000055,4,34.100000000000364,move,improve
10476,4,112.90000000000055,4,34.100000000000364,2opt,notBad
10477,4,112.90000000000055,4,34.100000000000364,swap,notBad
10478,4,112.90000000000055,4,34.100000000000364,2opt,notBad
10479,4,112.90000000000055,4,34.100000000000364,move,improve
10480,4,112.90000000000055,4,34.100000000000364,2opt,notBad
10481,4,112.90000000000055,4,34.100000000000364,2opt,notBad
10482,4,112.90000000000055,4,34.100000000000364,swap,improve
10483,4,112.90000000000055,4,34.100000000000364,swap,notBad
10484,4,112.90000000000055,4,34.100000000000364,2opt,notBad
10485,4,112.90000000000055,4,34.100000000000364,2opt,notBad
10486,4,112.90000000000055,4,34.100000000000364,2opt,notBad
10487,4,101.40000000000055,4,34.100000000000364,swap,improve
10488,4,101.40000000000055,4,34.100000000000364,2opt,improve
10489,4,101.40000000000055,4,34.100000000000364,swap,improve
10490,4,101.40000000000055,4,34.100000000000364,2opt,notBad
10491,4,101.40000000000055,4,34.100000000000364,2opt,notBad
10492,4,102.89999999999918,4,34.100000000000364,2opt,acceptBad
10493,4,102.89999999999918,4,34.100000000000364,2opt,notBad
10494,4,102.89999999999918,4,34.100000000000364,2opt,notBad
10495,4,88.40000000000055,4,34.100000000000364,move,improve
10496,4,88.40000000000055,4,34.100000000000364,swap,notBad
10497,4,88.40000000000055,4,34.100000000000364,swap,improve
10498,4,88.40000000000055,4,34.100000000000364,move,improve
10499,4,88.40000000000055,4,34.100000000000364,move,notBad
10500,4,88.40000000000055,4,34.100000000000364,swap,improve
10501,4,88.40000000000055,4,34.100000000000364,swap,improve
10502,4,88.40000000000055,4,34.100000000000364,swap,improve
10503,4,88.40000000000055,4,34.100000000000364,2opt,notBad
10504,4,88.40000000000055,4,34.100000000000364,2opt,improve
10505,4,88.40000000000055,4,34.100000000000364,2opt,notBad
10506,4,88.40000000000055,4,34.100000000000364,2opt,notBad
10507,4,88.40000000000055,4,34.100000000000364,2opt,notBad
10508,4,88.40000000000055,4,34.100000000000364,swap,improve
10509,4,88.40000000000055,4,34.100000000000364,2opt,notBad
10510,4,88.40000000000055,4,34.100000000000364,2opt,improve
10511,4,100.40000000000055,4,34.100000000000364,swap,acceptBad
10512,4,100.40000000000055,4,34.100000000000364,move,improve
10513,4,100.40000000000055,4,34.100000000000364,swap,improve
10514,4,104.29999999999973,4,34.100000000000364,swap,acceptBad
10515,4,104.29999999999973,4,34.100000000000364,swap,notBad
10516,4,104.29999999999973,4,34.100000000000364,swap,improve
10517,4,104.29999999999973,4,34.100000000000364,2opt,notBad
10518,4,104.29999999999973,4,34.100000000000364,2opt,notBad
10519,4,100.40000000000055,4,34.100000000000364,swap,improve
10520,4,100.40000000000055,4,34.100000000000364,2opt,notBad
10521,4,100.40000000000055,4,34.100000000000364,2opt,notBad
10522,4,100.40000000000055,4,34.100000000000364,2opt,notBad
10523,4,100.40000000000055,4,34.100000000000364,2opt,notBad
10524,4,100.40000000000055,4,34.100000000000364,2opt,notBad
10525,4,100.40000000000055,4,34.100000000000364,move,improve
10526,4,100.40000000000055,4,34.100000000000364,move,improve
10527,4,100.40000000000055,4,34.100000000000364,move,improve
10528,4,100.40000000000055,4,34.100000000000364,2opt,improve
10529,4,100.40000000000055,4,34.100000000000364,2opt,notBad
10530,4,100.40000000000055,4,34.100000000000364,2opt,improve
10531,4,100.40000000000055,4,34.100000000000364,2opt,notBad
10532,4,100.40000000000055,4,34.100000000000364,move,improve
10533,4,100.40000000000055,4,34.100000000000364,move,improve
10534,4,100.40000000000055,4,34.100000000000364,move,improve
10535,4,100.40000000000055,4,34.100000000000364,move,improve
10536,4,100.40000000000055,4,34.100000000000364,move,improve
10537,4,100.40000000000055,4,34.100000000000364,move,improve
10538,4,100.40000000000055,4,34.100000000000364,2opt,notBad
10539,4,100.40000000000055,4,34.100000000000364,move,improve
10540,4,100.40000000000055,4,34.100000000000364,swap,improve
10541,4,100.40000000000055,4,34.100000000000364,swap,notBad
10542,4,100.40000000000055,4,34.100000000000364,move,improve
10543,4,100.40000000000055,4,34.100000000000364,2opt,notBad
10544,4,100.40000000000055,4,34.100000000000364,swap,improve
10545,4,94.40000000000055,4,34.100000000000364,2opt,improve
10546,4,94.40000000000055,4,34.100000000000364,2opt,notBad
10547,4,94.40000000000055,4,34.100000000000364,swap,improve
10548,4,94.40000000000055,4,34.100000000000364,2opt,notBad
10549,4,94.40000000000055,4,34.100000000000364,2opt,notBad
10550,4,94.40000000000055,4,34.100000000000364,swap,improve
10551,4,94.40000000000055,4,34.100000000000364,2opt,notBad
10552,4,94.40000000000055,4,34.100000000000364,move,improve
10553,4,94.40000000000055,4,34.100000000000364,2opt,notBad
10554,4,94.40000000000055,4,34.100000000000364,swap,notBad
10555,4,94.40000000000055,4,34.100000000000364,swap,improve
10556,4,94.40000000000055,4,34.100000000000364,move,improve
10557,4,94.40000000000055,4,34.100000000000364,2opt,improve
10558,4,94.40000000000055,4,34.100000000000364,2opt,notBad
10559,4,94.40000000000055,4,34.100000000000364,swap,improve
10560,4,94.40000000000055,4,34.100000000000364,move,improve
10561,4,96.60000000000036,4,34.100000000000364,swap,acceptBad
10562,4,96.60000000000036,4,34.100000000000364,move,improve
10563,4,96.60000000000036,4,34.100000000000364,2opt,notBad
10564,4,96.60000000000036,4,34.100000000000364,move,improve
10565,4,96.60000000000036,4,34.100000000000364,swap,improve
10566,4,96.60000000000036,4,34.100000000000364,2opt,notBad
10567,4,96.60000000000036,4,34.100000000000364,2opt,notBad
10568,4,96.60000000000036,4,34.100000000000364,move,improve
10569,4,91.5,4,34.100000000000364,move,improve
10570,4,91.30000000000018,4,34.100000000000364,move,improve
10571,4,91.30000000000018,4,34.100000000000364,swap,improve
10572,4,97.69999999999982,4,34.100000000000364,swap,acceptBad
10573,4,97.69999999999982,4,34.100000000000364,2opt,notBad
10574,4,97.69999999999982,4,34.100000000000364,swap,improve
10575,4,97.69999999999982,4,34.100000000000364,move,improve
10576,4,97.69999999999982,4,34.100000000000364,2opt,notBad
10577,4,97.69999999999982,4,34.100000000000364,move,notBad
10578,4,97.69999999999982,4,34.100000000000364,swap,notBad
10579,4,97.69999999999982,4,34.100000000000364,swap,improve
10580,4,97.69999999999982,4,34.100000000000364,swap,notBad
10581,4,97.69999999999982,4,34.100000000000364,move,improve
10582,4,97.69999999999982,4,34.100000000000364,swap,improve
10583,4,93.89999999999918,4,34.100000000000364,2opt,improve
10584,4,93.89999999999918,4,34.100000000000364,2opt,notBad
10585,4,93.89999999999918,4,34.100000000000364,2opt,notBad
10586,4,93.89999999999918,4,34.100000000000364,2opt,notBad
10587,4,93.89999999999918,4,34.100000000000364,2opt,improve
10588,4,93.89999999999918,4,34.100000000000364,move,improve
10589,4,93.89999999999918,4,34.100000000000364,2opt,notBad
10590,4,93.89999999999918,4,34.100000000000364,swap,improve
10591,4,93.89999999999918,4,34.100000000000364,2opt,notBad
10592,4,93.89999999999918,4,34.100000000000364,move,improve
10593,4,93.89999999999918,4,34.100000000000364,swap,notBad
10594,4,93.89999999999918,4,34.100000000000364,move,improve
10595,4,93.89999999999918,4,34.100000000000364,swap,notBad
10596,4,93.89999999999918,4,34.100000000000364,2opt,notBad
10597,4,93.89999999999918,4,34.100000000000364,swap,improve
10598,4,93.89999999999918,4,34.100000000000364,2opt,notBad
10599,4,101.69999999999754,4,34.100000000000364,swap,acceptBad
10600,4,101.69999999999754,4,34.100000000000364,swap,improve
10601,4,101.69999999999754,4,34.100000000000364,2opt,notBad
10602,4,101.69999999999754,4,34.100000000000364,swap,notBad
10603,4,101.69999999999754,4,34.100000000000364,2opt,notBad
10604,4,96.19999999999982,4,34.100000000000364,move,improve
10605,4,96.19999999999982,4,34.100000000000364,move,improve
10606,4,90.19999999999982,4,34.100000000000364,swap,improve
10607,4,90.19999999999982,4,34.100000000000364,2opt,improve
10608,4,90.19999999999982,4,34.100000000000364,2opt,notBad
10609,4,90.19999999999982,4,34.100000000000364,swap,improve
10610,4,90.19999999999982,4,34.100000000000364,swap,improve
10611,4,90.19999999999982,4,34.100000000000364,swap,improve
10612,4,90.19999999999982,4,34.100000000000364,swap,improve
10613,4,90.19999999999982,4,34.100000000000364,swap,improve
10614,4,90.19999999999982,4,34.100000000000364,move,improve
10615,4,90.19999999999982,4,34.100000000000364,swap,improve
10616,4,90.19999999999982,4,34.100000000000364,move,improve
10617,4,90.19999999999982,4,34.100000000000364,move,improve
10618,4,90.19999999999982,4,34.100000000000364,swap,notBad
10619,4,90.19999999999982,4,34.100000000000364,move,improve
10620,4,90.19999999999982,4,34.100000000000364,swap,notBad
10621,4,90.19999999999982,4,34.100000000000364,move,improve
10622,4,90.19999999999982,4,34.100000000000364,2opt,notBad
10623,4,90.19999999999982,4,34.100000000000364,move,improve
10624,4,96.19999999999982,4,34.100000000000364,2opt,acceptBad
10625,4,96.19999999999982,4,34.100000000000364,swap,improve
10626,4,96.19999999999982,4,34.100000000000364,swap,improve
10627,4,96.19999999999982,4,34.100000000000364,2opt,notBad
10628,4,96.19999999999982,4,34.100000000000364,2opt,improve
10629,4,96.19999999999982,4,34.100000000000364,move,improve
10630,4,96.19999999999982,4,34.100000000000364,move,notBad
10631,4,96.19999999999982,4,34.100000000000364,move,improve
10632,4,96.19999999999982,4,34.100000000000364,2opt,notBad
10633,4,96.19999999999982,4,34.100000000000364,swap,notBad
10634,4,96.19999999999982,4,34.100000000000364,swap,improve
10635,4,96.19999999999982,4,34.100000000000364,move,improve
10636,4,96.19999999999982,4,34.100000000000364,2opt,improve
10637,4,96.19999999999982,4,34.100000000000364,swap,improve
10638,4,96.19999999999982,4,34.100000000000364,swap,improve
10639,4,96.19999999999982,4,34.100000000000364,2opt,notBad
10640,4,96.19999999999982,4,34.100000000000364,swap,improve
10641,4,96.19999999999982,4,34.100000000000364,2opt,notBad
10642,4,96.19999999999982,4,34.100000000000364,move,improve
10643,4,96.19999999999982,4,34.100000000000364,swap,improve
10644,4,96.19999999999982,4,34.100000000000364,swap,notBad
10645,4,96.19999999999982,4,34.100000000000364,move,improve
10646,4,96.19999999999982,4,34.100000000000364,swap,improve
10647,4,96.19999999999982,4,34.100000000000364,move,improve
10648,4,96.19999999999982,4,34.100000000000364,2opt,notBad
10649,4,96.19999999999982,4,34.100000000000364,move,improve
10650,4,96.19999999999982,4,34.100000000000364,move,improve
10651,4,96.19999999999982,4,34.100000000000364,swap,improve
10652,4,96.19999999999982,4,34.100000000000364,swap,improve
10653,4,96.19999999999982,4,34.100000000000364,2opt,improve
10654,4,96.19999999999982,4,34.100000000000364,move,improve
10655,4,90.19999999999982,4,34.100000000000364,swap,improve
10656,4,90.19999999999982,4,34.100000000000364,swap,improve
10657,4,90.19999999999982,4,34.100000000000364,swap,improve
10658,4,90.19999999999982,4,34.100000000000364,move,improve
10659,4,90.19999999999982,4,34.100000000000364,move,improve
10660,4,90.19999999999982,4,34.100000000000364,move,improve
10661,4,90.19999999999982,4,34.100000000000364,2opt,notBad
10662,4,90.19999999999982,4,34.100000000000364,move,improve
10663,4,90.19999999999982,4,34.100000000000364,swap,improve
10664,4,90.19999999999982,4,34.100000000000364,move,improve
10665,4,90.19999999999982,4,34.100000000000364,move,improve
10666,4,90.19999999999982,4,34.100000000000364,swap,improve
10667,4,90.19999999999982,4,34.100000000000364,2opt,notBad
10668,4,90.19999999999982,4,34.100000000000364,swap,improve
10669,4,90.19999999999982,4,34.100000000000364,move,improve
10670,4,90.19999999999982,4,34.100000000000364,swap,improve
10671,4,90.19999999999982,4,34.100000000000364,move,improve
10672,4,107.59999999999764,4,34.100000000000364,swap,acceptBad
10673,4,107.59999999999764,4,34.100000000000364,2opt,notBad
10674,4,107.59999999999764,4,34.100000000000364,swap,improve
10675,4,107.59999999999764,4,34.100000000000364,move,improve
10676,4,82.99999999999727,4,34.100000000000364,swap,improve
10677,4,82.99999999999727,4,34.100000000000364,move,improve
10678,4,82.99999999999727,4,34.100000000000364,2opt,notBad
10679,4,82.99999999999727,4,34.100000000000364,2opt,notBad
10680,4,82.99999999999727,4,34.100000000000364,2opt,notBad
10681,4,82.99999999999727,4,34.100000000000364,swap,improve
10682,4,82.99999999999727,4,34.100000000000364,2opt,notBad
10683,4,82.99999999999727,4,34.100000000000364,swap,notBad
10684,4,82.99999999999727,4,34.100000000000364,move,improve
10685,4,82.99999999999727,4,34.100000000000364,swap,improve
10686,4,82.99999999999727,4,34.100000000000364,2opt,notBad
10687,4,81.699999999998,4,34.100000000000364,swap,improve
10688,4,81.699999999998,4,34.100000000000364,2opt,improve
10689,4,81.699999999998,4,34.100000000000364,move,improve
10690,4,81.699999999998,4,34.100000000000364,swap,notBad
10691,4,81.699999999998,4,34.100000000000364,2opt,notBad
10692,4,81.699999999998,4,34.100000000000364,2opt,notBad
10693,4,54.79999999999973,4,34.100000000000364,move,improve
10694,4,54.79999999999973,4,34.100000000000364,2opt,notBad
10695,4,54.79999999999973,4,34.100000000000364,move,improve
10696,4,54.79999999999973,4,34.100000000000364,swap,improve
10697,4,54.79999999999973,4,34.100000000000364,move,improve
10698,4,54.79999999999973,4,34.100000000000364,swap,improve
10699,4,54.79999999999973,4,34.100000000000364,2opt,notBad
10700,4,54.79999999999973,4,34.100000000000364,2opt,notBad
10701,4,54.79999999999973,4,34.100000000000364,swap,improve
10702,4,54.79999999999973,4,34.100000000000364,swap,improve
10703,4,54.79999999999973,4,34.100000000000364,swap,improve
10704,4,54.79999999999973,4,34.100000000000364,move,improve
10705,4,54.79999999999973,4,34.100000000000364,swap,notBad
10706,4,54.79999999999973,4,34.100000000000364,move,improve
10707,4,54.79999999999973,4,34.100000000000364,move,improve
10708,4,54.79999999999973,4,34.100000000000364,2opt,notBad
10709,4,63.0,4,34.100000000000364,swap,acceptBad
10710,4,63.0,4,34.100000000000364,move,improve
10711,4,63.0,4,34.100000000000364,move,improve
10712,4,54.79999999999973,4,34.100000000000364,swap,improve
10713,4,54.79999999999973,4,34.100000000000364,move,improve
10714,4,54.79999999999973,4,34.100000000000364,2opt,improve
10715,4,54.79999999999973,4,34.100000000000364,2opt,notBad
10716,4,54.79999999999973,4,34.100000000000364,swap,notBad
10717,4,54.79999999999973,4,34.100000000000364,2opt,improve
10718,4,54.79999999999973,4,34.100000000000364,swap,notBad
10719,4,54.79999999999973,4,34.100000000000364,move,improve
10720,4,54.79999999999973,4,34.100000000000364,swap,notBad
10721,4,54.79999999999973,4,34.100000000000364,move,improve
10722,4,54.79999999999973,4,34.100000000000364,swap,improve
10723,4,54.79999999999973,4,34.100000000000364,2opt,notBad
10724,4,54.79999999999973,4,34.100000000000364,2opt,notBad
10725,4,54.79999999999973,4,34.100000000000364,swap,improve
10726,4,54.79999999999973,4,34.100000000000364,move,improve
10727,4,54.79999999999973,4,34.100000000000364,move,improve
10728,4,54.79999999999973,4,34.100000000000364,move,improve
10729,4,54.79999999999973,4,34.100000000000364,2opt,notBad
10730,4,54.79999999999973,4,34.100000000000364,move,improve
10731,4,54.79999999999973,4,34.100000000000364,swap,notBad
10732,4,54.79999999999973,4,34.100000000000364,swap,notBad
10733,4,63.0,4,34.100000000000364,swap,acceptBad
10734,4,62.69999999999982,4,34.100000000000364,move,improve
10735,4,62.69999999999982,4,34.100000000000364,2opt,notBad
10736,4,62.69999999999982,4,34.100000000000364,2opt,notBad
10737,4,62.69999999999982,4,34.100000000000364,move,improve
10738,4,62.69999999999982,4,34.100000000000364,swap,improve
10739,4,62.69999999999982,4,34.100000000000364,swap,improve
10740,4,62.69999999999982,4,34.100000000000364,move,improve
10741,4,62.69999999999982,4,34.100000000000364,2opt,notBad
10742,4,62.69999999999982,4,34.100000000000364,move,improve
10743,4,62.69999999999982,4,34.100000000000364,swap,improve
10744,4,62.69999999999982,4,34.100000000000364,move,improve
10745,4,63.0,4,34.100000000000364,swap,acceptBad
10746,4,63.0,4,34.100000000000364,move,improve
10747,4,63.0,4,34.100000000000364,2opt,notBad
10748,4,63.0,4,34.100000000000364,2opt,notBad
10749,4,63.0,4,34.100000000000364,swap,notBad
10750,4,63.0,4,34.100000000000364,move,improve
10751,4,63.0,4,34.100000000000364,2opt,notBad
10752,4,63.0,4,34.100000000000364,move,improve
10753,4,63.0,4,34.100000000000364,move,improve
10754,4,63.0,4,34.100000000000364,2opt,notBad
10755,4,63.0,4,34.100000000000364,swap,improve
10756,4,59.09999999999991,4,34.100000000000364,move,improve
10757,4,59.09999999999991,4,34.100000000000364,2opt,notBad
10758,4,59.09999999999991,4,34.100000000000364,swap,improve
10759,4,59.09999999999991,4,34.100000000000364,swap,improve
10760,4,62.899999999999636,4,34.100000000000364,swap,acceptBad
10761,4,62.899999999999636,4,34.100000000000364,2opt,notBad
10762,4,62.69999999999982,4,34.100000000000364,move,improve
10763,4,62.69999999999982,4,34.100000000000364,2opt,notBad
10764,4,62.69999999999982,4,34.100000000000364,swap,improve
10765,4,62.69999999999982,4,34.100000000000364,2opt,notBad
10766,4,62.69999999999982,4,34.100000000000364,2opt,notBad
10767,4,62.69999999999982,4,34.100000000000364,move,improve
10768,4,62.69999999999982,4,34.100000000000364,2opt,notBad
10769,4,62.69999999999982,4,34.100000000000364,swap,improve
10770,4,62.69999999999982,4,34.100000000000364,swap,notBad
10771,4,62.69999999999982,4,34.100000000000364,swap,improve
10772,4,62.69999999999982,4,34.100000000000364,swap,improve
10773,4,62.69999999999982,4,34.100000000000364,2opt,notBad
10774,4,58.90000000000009,4,34.100000000000364,move,improve
10775,4,58.90000000000009,4,34.100000000000364,swap,improve
10776,4,58.90000000000009,4,34.100000000000364,move,improve
10777,4,58.90000000000009,4,34.100000000000364,swap,improve
10778,4,58.90000000000009,4,34.100000000000364,2opt,notBad
10779,4,58.90000000000009,4,34.100000000000364,2opt,notBad
10780,4,58.90000000000009,4,34.100000000000364,swap,improve
10781,4,58.90000000000009,4,34.100000000000364,2opt,notBad
10782,4,58.90000000000009,4,34.100000000000364,2opt,improve
10783,4,57.20000000000027,4,34.100000000000364,swap,improve
10784,4,57.20000000000027,4,34.100000000000364,2opt,notBad
10785,4,57.20000000000027,4,34.100000000000364,move,improve
10786,4,57.20000000000027,4,34.100000000000364,move,improve
10787,4,57.20000000000027,4,34.100000000000364,2opt,notBad
10788,4,57.20000000000027,4,34.100000000000364,2opt,notBad
10789,4,57.20000000000027,4,34.100000000000364,swap,improve
10790,4,57.20000000000027,4,34.100000000000364,swap,improve
10791,4,57.20000000000027,4,34.100000000000364,move,improve
10792,4,57.20000000000027,4,34.100000000000364,2opt,notBad
10793,4,70.59999999999991,4,34.100000000000364,swap,acceptBad
10794,4,70.59999999999991,4,34.100000000000364,swap,improve
10795,4,70.59999999999991,4,34.100000000000364,move,improve
10796,4,70.59999999999991,4,34.100000000000364,move,improve
10797,4,70.59999999999991,4,34.100000000000364,2opt,notBad
10798,4,74.80000000000018,4,34.100000000000364,swap,acceptBad
10799,4,74.80000000000018,4,34.100000000000364,swap,improve
10800,4,74.80000000000018,4,34.100000000000364,2opt,notBad
10801,4,74.80000000000018,4,34.100000000000364,2opt,notBad
10802,4,74.80000000000018,4,34.100000000000364,swap,improve
10803,4,74.80000000000018,4,34.100000000000364,2opt,notBad
10804,4,74.80000000000018,4,34.100000000000364,move,improve
10805,4,74.80000000000018,4,34.100000000000364,move,improve
10806,4,74.80000000000018,4,34.100000000000364,move,improve
10807,4,74.80000000000018,4,34.100000000000364,swap,improve
10808,4,74.80000000000018,4,34.100000000000364,2opt,notBad
10809,4,74.80000000000018,4,34.100000000000364,2opt,notBad
10810,4,60.40000000000009,4,34.100000000000364,move,improve
10811,4,60.40000000000009,4,34.100000000000364,move,improve
10812,4,60.40000000000009,4,34.100000000000364,2opt,notBad
10813,4,60.40000000000009,4,34.100000000000364,2opt,notBad
10814,4,60.40000000000009,4,34.100000000000364,move,improve
10815,4,60.40000000000009,4,34.100000000000364,move,improve
10816,4,60.40000000000009,4,34.100000000000364,swap,improve
10817,4,60.40000000000009,4,34.100000000000364,swap,improve
10818,4,60.40000000000009,4,34.100000000000364,2opt,notBad
10819,4,60.40000000000009,4,34.100000000000364,2opt,notBad
10820,4,60.40000000000009,4,34.100000000000364,move,improve
10821,4,62.20000000000027,4,34.100000000000364,swap,acceptBad
10822,4,62.20000000000027,4,34.100000000000364,move,improve
10823,4,62.20000000000027,4,34.100000000000364,2opt,notBad
10824,4,62.20000000000027,4,34.100000000000364,move,improve
10825,4,62.20000000000027,4,34.100000000000364,move,improve
10826,4,62.20000000000027,4,34.100000000000364,swap,improve
10827,4,62.20000000000027,4,34.100000000000364,move,improve
10828,4,62.20000000000027,4,34.100000000000364,move,improve
10829,4,62.20000000000027,4,34.100000000000364,2opt,notBad
10830,4,62.20000000000027,4,34.100000000000364,swap,improve
10831,4,62.20000000000027,4,34.100000000000364,2opt,improve
10832,4,62.20000000000027,4,34.100000000000364,2opt,notBad
10833,4,62.20000000000027,4,34.100000000000364,2opt,notBad
10834,4,62.20000000000027,4,34.100000000000364,2opt,notBad
10835,4,62.20000000000027,4,34.100000000000364,swap,improve
10836,4,53.100000000000364,4,34.100000000000364,swap,improve
10837,4,53.100000000000364,4,34.100000000000364,2opt,notBad
10838,4,62.20000000000027,4,34.100000000000364,swap,acceptBad
10839,4,62.20000000000027,4,34.100000000000364,swap,improve
10840,4,62.20000000000027,4,34.100000000000364,move,improve
10841,4,62.20000000000027,4,34.100000000000364,2opt,notBad
10842,4,62.20000000000027,4,34.100000000000364,2opt,improve
10843,4,62.20000000000027,4,34.100000000000364,2opt,notBad
10844,4,62.20000000000027,4,34.100000000000364,2opt,notBad
10845,4,62.20000000000027,4,34.100000000000364,move,improve
10846,4,62.20000000000027,4,34.100000000000364,swap,improve
10847,4,62.20000000000027,4,34.100000000000364,swap,improve
10848,4,62.20000000000027,4,34.100000000000364,2opt,notBad
10849,4,62.20000000000027,4,34.100000000000364,2opt,notBad
10850,4,57.30000000000018,4,34.100000000000364,swap,improve
10851,4,58.100000000000364,4,34.100000000000364,swap,acceptBad
10852,4,58.100000000000364,4,34.100000000000364,2opt,notBad
10853,4,58.100000000000364,4,34.100000000000364,2opt,notBad
10854,4,58.100000000000364,4,34.100000000000364,move,improve
10855,4,73.30000000000018,4,34.100000000000364,swap,acceptBad
10856,4,73.30000000000018,4,34.100000000000364,2opt,notBad
10857,4,73.30000000000018,4,34.100000000000364,2opt,notBad
10858,4,76.59999999999991,4,34.100000000000364,swap,acceptBad
10859,4,76.59999999999991,4,34.100000000000364,move,improve
10860,4,76.59999999999991,4,34.100000000000364,swap,improve
10861,4,76.59999999999991,4,34.100000000000364,swap,improve
10862,4,76.59999999999991,4,34.100000000000364,move,improve
10863,4,73.30000000000018,4,34.100000000000364,swap,improve
10864,4,73.30000000000018,4,34.100000000000364,2opt,notBad
10865,4,73.30000000000018,4,34.100000000000364,2opt,notBad
10866,4,73.30000000000018,4,34.100000000000364,move,improve
10867,4,73.30000000000018,4,34.100000000000364,move,improve
10868,4,59.79999999999927,4,34.100000000000364,move,improve
10869,4,59.79999999999927,4,34.100000000000364,2opt,notBad
10870,4,59.79999999999927,4,34.100000000000364,swap,notBad
10871,4,59.79999999999927,4,34.100000000000364,2opt,notBad
10872,4,59.79999999999927,4,34.100000000000364,2opt,notBad
10873,4,59.400000000000546,4,34.100000000000364,swap,improve
10874,4,59.400000000000546,4,34.100000000000364,swap,improve
10875,4,59.400000000000546,4,34.100000000000364,2opt,notBad
10876,4,59.400000000000546,4,34.100000000000364,swap,notBad
10877,4,59.400000000000546,4,34.100000000000364,move,improve
10878,4,59.400000000000546,4,34.100000000000364,swap,improve
10879,4,59.400000000000546,4,34.100000000000364,2opt,notBad
10880,4,59.400000000000546,4,34.100000000000364,swap,improve
10881,4,59.400000000000546,4,34.100000000000364,2opt,notBad
10882,4,59.400000000000546,4,34.100000000000364,move,improve
10883,4,59.400000000000546,4,34.100000000000364,swap,improve
10884,4,59.400000000000546,4,34.100000000000364,move,improve
10885,4,59.70000000000164,4,34.100000000000364,swap,acceptBad
10886,4,59.70000000000164,4,34.100000000000364,move,improve
10887,4,59.70000000000164,4,34.100000000000364,move,improve
10888,4,59.70000000000164,4,34.100000000000364,swap,notBad
10889,4,59.70000000000164,4,34.100000000000364,move,improve
10890,4,59.70000000000164,4,34.100000000000364,swap,improve
10891,4,59.70000000000164,4,34.100000000000364,swap,improve
10892,4,59.70000000000164,4,34.100000000000364,2opt,notBad
10893,4,59.70000000000164,4,34.100000000000364,swap,notBad
10894,4,59.70000000000164,4,34.100000000000364,swap,notBad
10895,4,59.400000000000546,4,34.100000000000364,move,improve
10896,4,66.30000000000109,4,34.100000000000364,swap,acceptBad
10897,4,55.100000000000364,4,34.100000000000364,move,improve
10898,4,55.100000000000364,4,34.100000000000364,move,improve
10899,4,55.100000000000364,4,34.100000000000364,2opt,notBad
10900,4,55.100000000000364,4,34.100000000000364,swap,improve
10901,4,55.100000000000364,4,34.100000000000364,move,improve
10902,4,55.100000000000364,4,34.100000000000364,swap,improve
10903,4,55.100000000000364,4,34.100000000000364,swap,improve
10904,4,55.100000000000364,4,34.100000000000364,swap,notBad
10905,4,55.100000000000364,4,34.100000000000364,move,improve
10906,4,55.100000000000364,4,34.100000000000364,move,improve
10907,4,55.100000000000364,4,34.100000000000364,swap,improve
10908,4,55.100000000000364,4,34.100000000000364,2opt,notBad
10909,4,55.100000000000364,4,34.100000000000364,2opt,notBad
10910,4,53.499999999999545,4,34.100000000000364,move,improve
10911,4,53.499999999999545,4,34.100000000000364,2opt,notBad
10912,4,53.499999999999545,4,34.100000000000364,2opt,notBad
10913,4,53.499999999999545,4,34.100000000000364,2opt,notBad
10914,4,53.499999999999545,4,34.100000000000364,2opt,notBad
10915,4,53.499999999999545,4,34.100000000000364,2opt,notBad
10916,4,53.499999999999545,4,34.100000000000364,2opt,notBad
10917,4,53.499999999999545,4,34.100000000000364,2opt,notBad
10918,4,53.499999999999545,4,34.100000000000364,swap,improve
10919,4,53.499999999999545,4,34.100000000000364,2opt,notBad
10920,4,53.499999999999545,4,34.100000000000364,2opt,improve
10921,4,53.499999999999545,4,34.100000000000364,move,improve
10922,4,53.499999999999545,4,34.100000000000364,swap,improve
10923,4,53.499999999999545,4,34.100000000000364,move,improve
10924,4,53.499999999999545,4,34.100000000000364,2opt,notBad
10925,4,53.499999999999545,4,34.100000000000364,move,improve
10926,4,53.499999999999545,4,34.100000000000364,2opt,notBad
10927,4,53.499999999999545,4,34.100000000000364,move,improve
10928,4,53.499999999999545,4,34.100000000000364,move,improve
10929,4,53.499999999999545,4,34.100000000000364,swap,notBad
10930,4,53.499999999999545,4,34.100000000000364,2opt,improve
10931,4,53.499999999999545,4,34.100000000000364,swap,improve
10932,4,53.499999999999545,4,34.100000000000364,2opt,notBad
10933,4,53.499999999999545,4,34.100000000000364,2opt,notBad
10934,4,53.499999999999545,4,34.100000000000364,2opt,notBad
10935,4,53.499999999999545,4,34.100000000000364,2opt,notBad
10936,4,53.499999999999545,4,34.100000000000364,move,improve
10937,4,53.499999999999545,4,34.100000000000364,2opt,notBad
10938,4,53.499999999999545,4,34.100000000000364,swap,notBad
10939,4,51.69999999999936,4,34.100000000000364,move,improve
10940,4,51.69999999999936,4,34.100000000000364,swap,notBad
10941,4,51.69999999999936,4,34.100000000000364,2opt,notBad
10942,4,51.69999999999936,4,34.100000000000364,2opt,notBad
10943,4,51.69999999999936,4,34.100000000000364,swap,improve
10944,4,51.69999999999936,4,34.100000000000364,swap,notBad
10945,4,51.69999999999936,4,34.100000000000364,swap,notBad
10946,4,51.69999999999936,4,34.100000000000364,move,improve
10947,4,51.69999999999936,4,34.100000000000364,swap,improve
10948,4,51.69999999999936,4,34.100000000000364,move,improve
10949,4,51.69999999999936,4,34.100000000000364,swap,improve
10950,4,51.69999999999936,4,34.100000000000364,swap,notBad
10951,4,51.69999999999936,4,34.100000000000364,move,improve
10952,4,51.69999999999936,4,34.100000000000364,2opt,notBad
10953,4,51.69999999999936,4,34.100000000000364,move,improve
10954,4,51.69999999999936,4,34.100000000000364,move,improve
10955,4,51.69999999999936,4,34.100000000000364,2opt,notBad
10956,4,51.69999999999936,4,34.100000000000364,move,improve
10957,4,53.499999999999545,4,34.100000000000364,2opt,acceptBad
10958,4,53.499999999999545,4,34.100000000000364,move,improve
10959,4,53.499999999999545,4,34.100000000000364,2opt,notBad
10960,4,53.499999999999545,4,34.100000000000364,swap,improve
10961,4,53.499999999999545,4,34.100000000000364,move,improve
10962,4,53.499999999999545,4,34.100000000000364,move,improve
10963,4,53.499999999999545,4,34.100000000000364,move,improve
10964,4,53.499999999999545,4,34.100000000000364,2opt,notBad
10965,4,53.499999999999545,4,34.100000000000364,swap,improve
10966,4,53.499999999999545,4,34.100000000000364,swap,improve
10967,4,53.499999999999545,4,34.100000000000364,swap,improve
10968,4,53.499999999999545,4,34.100000000000364,2opt,notBad
10969,4,53.499999999999545,4,34.100000000000364,move,improve
10970,4,53.499999999999545,4,34.100000000000364,2opt,notBad
10971,4,53.499999999999545,4,34.100000000000364,swap,improve
10972,4,51.500000000000455,4,34.100000000000364,move,improve
10973,4,51.500000000000455,4,34.100000000000364,move,improve
10974,4,51.500000000000455,4,34.100000000000364,swap,improve
10975,4,51.500000000000455,4,34.100000000000364,2opt,notBad
10976,4,51.500000000000455,4,34.100000000000364,2opt,notBad
10977,4,51.500000000000455,4,34.100000000000364,swap,improve
10978,4,51.500000000000455,4,34.100000000000364,move,improve
10979,4,51.500000000000455,4,34.100000000000364,2opt,improve
10980,4,51.500000000000455,4,34.100000000000364,move,improve
10981,4,51.500000000000455,4,34.100000000000364,2opt,improve
10982,4,51.500000000000455,4,34.100000000000364,2opt,improve
10983,4,51.500000000000455,4,34.100000000000364,move,improve
10984,4,51.500000000000455,4,34.100000000000364,move,improve
10985,4,51.500000000000455,4,34.100000000000364,2opt,notBad
10986,4,51.500000000000455,4,34.100000000000364,swap,improve
10987,4,51.500000000000455,4,34.100000000000364,swap,notBad
10988,4,51.500000000000455,4,34.100000000000364,swap,notBad
10989,4,51.500000000000455,4,34.100000000000364,move,improve
10990,4,51.500000000000455,4,34.100000000000364,move,improve
10991,4,51.500000000000455,4,34.100000000000364,move,improve
10992,4,51.500000000000455,4,34.100000000000364,swap,improve
10993,4,51.500000000000455,4,34.100000000000364,swap,improve
10994,4,51.500000000000455,4,34.100000000000364,move,improve
10995,4,51.500000000000455,4,34.100000000000364,2opt,notBad
10996,4,51.500000000000455,4,34.100000000000364,2opt,improve
10997,4,51.500000000000455,4,34.100000000000364,move,improve
10998,4,51.500000000000455,4,34.100000000000364,2opt,notBad
10999,4,51.500000000000455,4,34.100000000000364,swap,improve
11000,4,51.500000000000455,4,34.100000000000364,move,improve
11001,4,51.500000000000455,4,34.100000000000364,2opt,notBad
11002,4,51.500000000000455,4,34.100000000000364,move,improve
11003,4,51.500000000000455,4,34.100000000000364,move,improve
11004,4,51.500000000000455,4,34.100000000000364,swap,improve
11005,4,51.500000000000455,4,34.100000000000364,swap,improve
11006,4,51.500000000000455,4,34.100000000000364,move,improve
11007,4,51.500000000000455,4,34.100000000000364,swap,improve
11008,4,64.29999999999927,4,34.100000000000364,swap,acceptBad
11009,4,70.99999999999864,4,34.100000000000364,swap,acceptBad
11010,4,70.99999999999864,4,34.100000000000364,2opt,improve
11011,4,70.99999999999864,4,34.100000000000364,2opt,improve
11012,4,70.99999999999864,4,34.100000000000364,move,improve
11013,4,70.99999999999864,4,34.100000000000364,2opt,notBad
11014,4,70.99999999999864,4,34.100000000000364,swap,notBad
11015,4,64.29999999999927,4,34.100000000000364,swap,improve
11016,4,64.29999999999927,4,34.100000000000364,2opt,notBad
11017,4,64.29999999999927,4,34.100000000000364,move,improve
11018,4,64.29999999999927,4,34.100000000000364,2opt,notBad
11019,4,64.29999999999927,4,34.100000000000364,2opt,improve
11020,4,64.29999999999927,4,34.100000000000364,swap,notBad
11021,4,64.29999999999927,4,34.100000000000364,swap,improve
11022,4,64.29999999999927,4,34.100000000000364,move,improve
11023,4,64.29999999999927,4,34.100000000000364,2opt,improve
11024,4,64.29999999999927,4,34.100000000000364,2opt,improve
11025,4,64.29999999999927,4,34.100000000000364,2opt,notBad
11026,4,64.29999999999927,4,34.100000000000364,move,improve
11027,4,64.29999999999927,4,34.100000000000364,swap,notBad
11028,4,64.29999999999927,4,34.100000000000364,2opt,notBad
11029,4,64.29999999999927,4,34.100000000000364,swap,improve
11030,4,58.200000000003,4,34.100000000000364,move,improve
11031,4,58.200000000003,4,34.100000000000364,2opt,notBad
11032,4,52.400000000001,4,34.100000000000364,swap,improve
11033,4,52.400000000001,4,34.100000000000364,move,improve
11034,4,52.400000000001,4,34.100000000000364,move,improve
11035,4,52.400000000001,4,34.100000000000364,2opt,notBad
11036,4,52.400000000001,4,34.100000000000364,swap,improve
11037,4,52.400000000001,4,34.100000000000364,2opt,improve
11038,4,52.400000000001,4,34.100000000000364,swap,improve
11039,4,52.400000000001,4,34.100000000000364,move,improve
11040,4,52.400000000001,4,34.100000000000364,2opt,notBad
11041,4,52.400000000001,4,34.100000000000364,move,improve
11042,4,52.400000000001,4,34.100000000000364,move,improve
11043,4,52.400000000001,4,34.100000000000364,move,improve
11044,4,52.400000000001,4,34.100000000000364,move,improve
11045,4,52.400000000001,4,34.100000000000364,swap,improve
11046,4,52.400000000001,4,34.100000000000364,swap,improve
11047,4,52.400000000001,4,34.100000000000364,2opt,notBad
11048,4,52.400000000001,4,34.100000000000364,2opt,notBad
11049,4,52.400000000001,4,34.100000000000364,2opt,notBad
11050,4,52.400000000001,4,34.100000000000364,move,improve
11051,4,52.400000000001,4,34.100000000000364,2opt,notBad
11052,4,52.400000000001,4,34.100000000000364,move,improve
11053,4,52.400000000001,4,34.100000000000364,move,improve
11054,4,52.400000000001,4,34.100000000000364,move,improve
11055,4,52.400000000001,4,34.100000000000364,swap,improve
11056,4,51.10000000000082,4,34.100000000000364,swap,improve
11057,4,51.10000000000082,4,34.100000000000364,2opt,improve
11058,4,51.10000000000082,4,34.100000000000364,2opt,notBad
11059,4,51.10000000000082,4,34.100000000000364,move,improve
11060,4,51.10000000000082,4,34.100000000000364,move,improve
11061,4,51.10000000000082,4,34.100000000000364,move,improve
11062,4,51.10000000000082,4,34.100000000000364,swap,improve
11063,4,60.29999999999836,4,34.100000000000364,swap,acceptBad
11064,4,60.29999999999836,4,34.100000000000364,move,improve
11065,4,60.29999999999836,4,34.100000000000364,move,improve
11066,4,60.29999999999836,4,34.100000000000364,swap,notBad
11067,4,60.29999999999836,4,34.100000000000364,2opt,notBad
11068,4,60.29999999999836,4,34.100000000000364,move,improve
11069,4,60.29999999999836,4,34.100000000000364,swap,notBad
11070,4,60.29999999999836,4,34.100000000000364,swap,improve
11071,4,56.39999999999782,4,34.100000000000364,swap,improve
11072,4,56.39999999999782,4,34.100000000000364,2opt,notBad
11073,4,56.39999999999782,4,34.100000000000364,move,improve
11074,4,56.39999999999782,4,34.100000000000364,2opt,notBad
11075,4,56.39999999999782,4,34.100000000000364,move,improve
11076,4,56.39999999999782,4,34.100000000000364,move,improve
11077,4,57.59999999999809,4,34.100000000000364,swap,acceptBad
11078,4,57.59999999999809,4,34.100000000000364,2opt,notBad
11079,4,57.59999999999809,4,34.100000000000364,2opt,notBad
11080,4,57.59999999999809,4,34.100000000000364,swap,notBad
11081,4,57.59999999999809,4,34.100000000000364,2opt,notBad
11082,4,57.59999999999809,4,34.100000000000364,move,improve
11083,4,57.59999999999809,4,34.100000000000364,swap,notBad
11084,4,57.59999999999809,4,34.100000000000364,swap,improve
11085,4,57.59999999999809,4,34.100000000000364,move,improve
11086,4,57.59999999999809,4,34.100000000000364,2opt,notBad
11087,4,57.59999999999809,4,34.100000000000364,2opt,notBad
11088,4,57.59999999999809,4,34.100000000000364,move,improve
11089,4,57.59999999999809,4,34.100000000000364,move,improve
11090,4,57.59999999999809,4,34.100000000000364,2opt,improve
11091,4,57.59999999999809,4,34.100000000000364,swap,notBad
11092,4,57.59999999999809,4,34.100000000000364,2opt,notBad
11093,4,57.59999999999809,4,34.100000000000364,move,improve
11094,4,57.59999999999809,4,34.100000000000364,move,improve
11095,4,57.59999999999809,4,34.100000000000364,swap,improve
11096,4,57.59999999999809,4,34.100000000000364,swap,notBad
11097,4,57.59999999999809,4,34.100000000000364,2opt,notBad
11098,4,57.59999999999809,4,34.100000000000364,move,improve
11099,4,57.59999999999809,4,34.100000000000364,2opt,notBad
11100,4,57.59999999999809,4,34.100000000000364,move,improve
11101,4,57.59999999999809,4,34.100000000000364,move,notBad
11102,4,57.59999999999809,4,34.100000000000364,2opt,notBad
11103,4,57.59999999999809,4,34.100000000000364,swap,notBad
11104,4,57.59999999999809,4,34.100000000000364,move,improve
11105,4,57.59999999999809,4,34.100000000000364,swap,notBad
11106,4,57.59999999999809,4,34.100000000000364,2opt,notBad
11107,4,57.59999999999809,4,34.100000000000364,move,improve
11108,4,57.59999999999809,4,34.100000000000364,move,improve
11109,4,57.59999999999809,4,34.100000000000364,move,improve
11110,4,57.59999999999809,4,34.100000000000364,2opt,notBad
11111,4,57.59999999999809,4,34.100000000000364,2opt,notBad
11112,4,57.59999999999809,4,34.100000000000364,2opt,notBad
11113,4,57.59999999999809,4,34.100000000000364,move,improve
11114,4,57.59999999999809,4,34.100000000000364,swap,improve
11115,4,57.59999999999809,4,34.100000000000364,2opt,notBad
11116,4,57.59999999999809,4,34.100000000000364,move,improve
11117,4,57.59999999999809,4,34.100000000000364,move,improve
11118,4,57.59999999999809,4,34.100000000000364,move,improve
11119,4,53.400000000000546,4,34.100000000000364,move,improve
11120,4,53.400000000000546,4,34.100000000000364,swap,improve
11121,4,53.400000000000546,4,34.100000000000364,swap,improve
11122,4,53.400000000000546,4,34.100000000000364,2opt,notBad
11123,4,53.400000000000546,4,34.100000000000364,2opt,notBad
11124,4,53.400000000000546,4,34.100000000000364,2opt,notBad
11125,4,53.400000000000546,4,34.100000000000364,move,improve
11126,4,53.400000000000546,4,34.100000000000364,2opt,notBad
11127,4,53.400000000000546,4,34.100000000000364,2opt,improve
11128,4,53.400000000000546,4,34.100000000000364,move,improve
11129,4,53.400000000000546,4,34.100000000000364,2opt,notBad
11130,4,53.400000000000546,4,34.100000000000364,move,improve
11131,4,53.400000000000546,4,34.100000000000364,swap,improve
11132,4,53.30000000000064,4,34.100000000000364,swap,improve
11133,4,53.30000000000064,4,34.100000000000364,swap,improve
11134,4,53.30000000000064,4,34.100000000000364,2opt,notBad
11135,4,51.29999999999973,4,34.100000000000364,move,improve
11136,4,51.29999999999973,4,34.100000000000364,move,improve
11137,4,51.29999999999973,4,34.100000000000364,move,improve
11138,4,51.29999999999973,4,34.100000000000364,move,improve
11139,4,51.29999999999973,4,34.100000000000364,swap,notBad
11140,4,51.29999999999973,4,34.100000000000364,2opt,notBad
11141,4,51.29999999999973,4,34.100000000000364,2opt,notBad
11142,4,51.29999999999973,4,34.100000000000364,2opt,notBad
11143,4,51.29999999999973,4,34.100000000000364,swap,improve
11144,4,51.29999999999973,4,34.100000000000364,move,improve
11145,4,51.29999999999973,4,34.100000000000364,move,improve
11146,4,51.29999999999973,4,34.100000000000364,swap,improve
11147,4,51.29999999999973,4,34.100000000000364,2opt,notBad
11148,4,51.29999999999973,4,34.100000000000364,move,improve
11149,4,51.29999999999973,4,34.100000000000364,2opt,improve
11150,4,51.29999999999973,4,34.100000000000364,move,improve
11151,4,51.29999999999973,4,34.100000000000364,swap,notBad
11152,4,51.29999999999973,4,34.100000000000364,2opt,notBad
11153,4,51.29999999999973,4,34.100000000000364,swap,notBad
11154,4,51.29999999999973,4,34.100000000000364,2opt,notBad
11155,4,51.29999999999973,4,34.100000000000364,2opt,notBad
11156,4,51.29999999999973,4,34.100000000000364,2opt,notBad
11157,4,51.29999999999973,4,34.100000000000364,move,notBad
11158,4,51.29999999999973,4,34.100000000000364,move,improve
11159,4,51.29999999999973,4,34.100000000000364,2opt,notBad
11160,4,51.29999999999973,4,34.100000000000364,2opt,notBad
11161,4,51.29999999999973,4,34.100000000000364,2opt,notBad
11162,4,51.29999999999973,4,34.100000000000364,swap,notBad
11163,4,51.29999999999973,4,34.100000000000364,swap,notBad
11164,4,51.29999999999973,4,34.100000000000364,move,improve
11165,4,51.29999999999973,4,34.100000000000364,swap,notBad
11166,4,52.399999999999636,4,34.100000000000364,swap,acceptBad
11167,4,52.399999999999636,4,34.100000000000364,swap,notBad
11168,4,52.399999999999636,4,34.100000000000364,swap,notBad
11169,4,52.399999999999636,4,34.100000000000364,move,improve
11170,4,52.399999999999636,4,34.100000000000364,2opt,notBad
11171,4,52.399999999999636,4,34.100000000000364,2opt,notBad
11172,4,52.399999999999636,4,34.100000000000364,swap,improve
11173,4,52.399999999999636,4,34.100000000000364,2opt,notBad
11174,4,52.399999999999636,4,34.100000000000364,swap,improve
11175,4,52.399999999999636,4,34.100000000000364,2opt,notBad
11176,4,52.399999999999636,4,34.100000000000364,2opt,notBad
11177,4,52.399999999999636,4,34.100000000000364,swap,notBad
11178,4,52.399999999999636,4,34.100000000000364,swap,improve
11179,4,52.399999999999636,4,34.100000000000364,move,improve
11180,4,52.399999999999636,4,34.100000000000364,2opt,notBad
11181,4,52.399999999999636,4,34.100000000000364,move,improve
11182,4,52.399999999999636,4,34.100000000000364,swap,improve
11183,4,52.399999999999636,4,34.100000000000364,2opt,notBad
11184,4,52.399999999999636,4,34.100000000000364,move,improve
11185,4,52.399999999999636,4,34.100000000000364,swap,improve
11186,4,52.399999999999636,4,34.100000000000364,2opt,notBad
11187,4,52.399999999999636,4,34.100000000000364,swap,improve
11188,4,43.19999999999891,4,34.100000000000364,swap,improve
11189,4,43.19999999999891,4,34.100000000000364,2opt,notBad
11190,4,43.19999999999891,4,34.100000000000364,move,improve
11191,4,43.19999999999891,4,34.100000000000364,swap,improve
11192,4,43.19999999999891,4,34.100000000000364,2opt,improve
11193,4,43.19999999999891,4,34.100000000000364,swap,improve
11194,4,43.19999999999891,4,34.100000000000364,2opt,notBad
11195,4,43.19999999999891,4,34.100000000000364,2opt,notBad
11196,4,43.19999999999891,4,34.100000000000364,swap,improve
11197,4,43.19999999999891,4,34.100000000000364,move,improve
11198,4,43.19999999999891,4,34.100000000000364,swap,improve
11199,4,43.19999999999891,4,34.100000000000364,2opt,notBad
11200,4,43.19999999999891,4,34.100000000000364,move,improve
11201,4,43.19999999999891,4,34.100000000000364,swap,improve
11202,4,43.19999999999891,4,34.100000000000364,2opt,notBad
11203,4,43.19999999999891,4,34.100000000000364,move,improve
11204,4,43.19999999999891,4,34.100000000000364,move,improve
11205,4,43.19999999999891,4,34.100000000000364,move,improve
11206,4,43.19999999999891,4,34.100000000000364,swap,improve
11207,4,43.19999999999891,4,34.100000000000364,move,improve
11208,4,42.89999999999918,4,34.100000000000364,move,improve
11209,4,42.89999999999918,4,34.100000000000364,swap,notBad
11210,4,42.89999999999918,4,34.100000000000364,2opt,notBad
11211,4,42.89999999999918,4,34.100000000000364,move,improve
11212,4,42.89999999999918,4,34.100000000000364,swap,notBad
11213,4,42.89999999999918,4,34.100000000000364,move,improve
11214,4,42.89999999999918,4,34.100000000000364,swap,improve
11215,4,42.89999999999918,4,34.100000000000364,move,improve
11216,4,42.89999999999918,4,34.100000000000364,2opt,notBad
11217,4,50.70000000000027,4,34.100000000000364,swap,acceptBad
11218,4,50.70000000000027,4,34.100000000000364,2opt,notBad
11219,4,50.70000000000027,4,34.100000000000364,move,improve
11220,4,50.70000000000027,4,34.100000000000364,move,improve
11221,4,50.70000000000027,4,34.100000000000364,swap,notBad
11222,4,50.70000000000027,4,34.100000000000364,swap,improve
11223,4,50.70000000000027,4,34.100000000000364,swap,notBad
11224,4,50.70000000000027,4,34.100000000000364,swap,notBad
11225,4,50.70000000000027,4,34.100000000000364,swap,improve
11226,4,50.70000000000027,4,34.100000000000364,2opt,notBad
11227,4,50.70000000000027,4,34.100000000000364,swap,improve
11228,4,50.70000000000027,4,34.100000000000364,move,improve
11229,4,50.70000000000027,4,34.100000000000364,swap,notBad
11230,4,50.70000000000027,4,34.100000000000364,swap,improve
11231,4,50.70000000000027,4,34.100000000000364,move,improve
11232,4,50.70000000000027,4,34.100000000000364,2opt,notBad
11233,4,50.70000000000027,4,34.100000000000364,swap,notBad
11234,4,50.70000000000027,4,34.100000000000364,2opt,notBad
11235,4,50.70000000000027,4,34.100000000000364,move,improve
11236,4,50.70000000000027,4,34.100000000000364,move,improve
11237,4,50.70000000000027,4,34.100000000000364,2opt,notBad
11238,4,50.70000000000027,4,34.100000000000364,2opt,notBad
11239,4,50.70000000000027,4,34.100000000000364,2opt,notBad
11240,4,50.70000000000027,4,34.100000000000364,swap,notBad
11241,4,50.70000000000027,4,34.100000000000364,move,improve
11242,4,50.70000000000027,4,34.100000000000364,swap,improve
11243,4,50.70000000000027,4,34.100000000000364,2opt,improve
11244,4,50.70000000000027,4,34.100000000000364,swap,improve
11245,4,50.70000000000027,4,34.100000000000364,swap,improve
11246,4,50.70000000000027,4,34.100000000000364,2opt,notBad
11247,4,50.70000000000027,4,34.100000000000364,move,improve
11248,4,50.70000000000027,4,34.100000000000364,move,improve
11249,4,50.70000000000027,4,34.100000000000364,2opt,notBad
11250,4,50.70000000000027,4,34.100000000000364,move,improve
11251,4,50.70000000000027,4,34.100000000000364,move,improve
11252,4,50.70000000000027,4,34.100000000000364,move,improve
11253,4,50.70000000000027,4,34.100000000000364,swap,improve
11254,4,50.70000000000027,4,34.100000000000364,2opt,notBad
11255,4,50.70000000000027,4,34.100000000000364,swap,notBad
11256,4,50.70000000000027,4,34.100000000000364,swap,notBad
11257,4,50.70000000000027,4,34.100000000000364,2opt,improve
11258,4,50.70000000000027,4,34.100000000000364,2opt,notBad
11259,4,50.70000000000027,4,34.100000000000364,2opt,notBad
11260,4,50.70000000000027,4,34.100000000000364,move,improve
11261,4,50.70000000000027,4,34.100000000000364,2opt,notBad
11262,4,50.70000000000027,4,34.100000000000364,2opt,notBad
11263,4,50.70000000000027,4,34.100000000000364,2opt,notBad
11264,4,50.70000000000027,4,34.100000000000364,swap,notBad
11265,4,42.0,4,34.100000000000364,swap,improve
11266,4,42.0,4,34.100000000000364,swap,improve
11267,4,42.0,4,34.100000000000364,swap,improve
11268,4,42.0,4,34.100000000000364,2opt,notBad
11269,4,42.0,4,34.100000000000364,swap,improve
11270,4,42.0,4,34.100000000000364,swap,notBad
11271,4,42.0,4,34.100000000000364,swap,improve
11272,4,42.0,4,34.100000000000364,2opt,notBad
11273,4,42.0,4,34.100000000000364,swap,notBad
11274,4,42.0,4,34.100000000000364,move,improve
11275,4,42.0,4,34.100000000000364,2opt,notBad
11276,4,42.0,4,34.100000000000364,2opt,improve
11277,4,42.0,4,34.100000000000364,swap,improve
11278,4,42.0,4,34.100000000000364,2opt,notBad
11279,4,42.0,4,34.100000000000364,move,improve
11280,4,42.0,4,34.100000000000364,swap,notBad
11281,4,42.0,4,34.100000000000364,swap,improve
11282,4,42.59999999999991,4,34.100000000000364,swap,acceptBad
11283,4,42.59999999999991,4,34.100000000000364,swap,notBad
11284,4,42.59999999999991,4,34.100000000000364,move,improve
11285,4,42.59999999999991,4,34.100000000000364,2opt,notBad
11286,4,42.59999999999991,4,34.100000000000364,move,improve
11287,4,42.59999999999991,4,34.100000000000364,move,improve
11288,4,42.59999999999991,4,34.100000000000364,move,improve
11289,4,42.59999999999991,4,34.100000000000364,move,improve
11290,4,42.59999999999991,4,34.100000000000364,move,improve
11291,4,42.59999999999991,4,34.100000000000364,move,improve
11292,4,42.59999999999991,4,34.100000000000364,move,improve
11293,4,42.59999999999991,4,34.100000000000364,swap,improve
11294,4,42.59999999999991,4,34.100000000000364,move,improve
11295,4,42.59999999999991,4,34.100000000000364,2opt,notBad
11296,4,42.59999999999991,4,34.100000000000364,move,improve
11297,4,42.59999999999991,4,34.100000000000364,move,improve
11298,4,42.59999999999991,4,34.100000000000364,move,improve
11299,4,42.59999999999991,4,34.100000000000364,move,improve
11300,4,42.59999999999991,4,34.100000000000364,move,improve
11301,4,42.59999999999991,4,34.100000000000364,2opt,improve
11302,4,59.400000000000546,4,34.100000000000364,swap,acceptBad
11303,4,59.400000000000546,4,34.100000000000364,move,improve
11304,4,59.400000000000546,4,34.100000000000364,move,notBad
11305,4,56.80000000000018,4,34.100000000000364,move,improve
11306,4,56.80000000000018,4,34.100000000000364,move,improve
11307,4,56.80000000000018,4,34.100000000000364,2opt,notBad
11308,4,56.80000000000018,4,34.100000000000364,2opt,improve
11309,4,56.80000000000018,4,34.100000000000364,swap,improve
11310,4,56.80000000000018,4,34.100000000000364,swap,improve
11311,4,56.80000000000018,4,34.100000000000364,swap,improve
11312,4,56.80000000000018,4,34.100000000000364,swap,improve
11313,4,56.80000000000018,4,34.100000000000364,2opt,improve
11314,4,56.80000000000018,4,34.100000000000364,move,improve
11315,4,56.80000000000018,4,34.100000000000364,swap,improve
11316,4,56.80000000000018,4,34.100000000000364,2opt,notBad
11317,4,56.80000000000018,4,34.100000000000364,2opt,improve
11318,4,51.30000000000109,4,34.100000000000364,swap,improve
11319,4,59.09999999999991,4,34.100000000000364,swap,acceptBad
11320,4,59.09999999999991,4,34.100000000000364,2opt,notBad
11321,4,59.09999999999991,4,34.100000000000364,move,improve
11322,4,59.09999999999991,4,34.100000000000364,2opt,notBad
11323,4,59.09999999999991,4,34.100000000000364,move,improve
11324,4,59.09999999999991,4,34.100000000000364,2opt,notBad
11325,4,59.09999999999991,4,34.100000000000364,swap,notBad
11326,4,55.0,4,34.100000000000364,swap,improve
11327,4,55.0,4,34.100000000000364,swap,improve
11328,4,61.399999999999636,4,34.100000000000364,swap,acceptBad
11329,4,61.399999999999636,4,34.100000000000364,swap,notBad
11330,4,61.399999999999636,4,34.100000000000364,2opt,notBad
11331,4,61.399999999999636,4,34.100000000000364,swap,improve
11332,4,61.399999999999636,4,34.100000000000364,2opt,notBad
11333,4,61.399999999999636,4,34.100000000000364,swap,improve
11334,4,61.399999999999636,4,34.100000000000364,swap,improve
11335,4,61.399999999999636,4,34.100000000000364,swap,improve
11336,4,61.399999999999636,4,34.100000000000364,2opt,notBad
11337,4,59.09999999999991,4,34.100000000000364,swap,improve
11338,4,59.09999999999991,4,34.100000000000364,2opt,notBad
11339,4,58.30000000000018,4,34.100000000000364,swap,improve
11340,4,58.30000000000018,4,34.100000000000364,2opt,notBad
11341,4,102.49999999999955,4,34.100000000000364,move,acceptBad
11342,4,102.49999999999955,4,34.100000000000364,move,improve
11343,4,102.49999999999955,4,34.100000000000364,move,improve
11344,4,102.49999999999955,4,34.100000000000364,2opt,notBad
11345,4,102.49999999999955,4,34.100000000000364,swap,improve
11346,4,102.49999999999955,4,34.100000000000364,2opt,notBad
11347,4,102.49999999999955,4,34.100000000000364,swap,improve
11348,4,102.49999999999955,4,34.100000000000364,swap,improve
11349,4,102.49999999999955,4,34.100000000000364,2opt,notBad
11350,4,102.49999999999955,4,34.100000000000364,2opt,notBad
11351,4,102.49999999999955,4,34.100000000000364,move,improve
11352,4,102.49999999999955,4,34.100000000000364,swap,improve
11353,4,102.49999999999955,4,34.100000000000364,move,improve
11354,4,102.49999999999955,4,34.100000000000364,2opt,notBad
11355,4,102.49999999999955,4,34.100000000000364,2opt,notBad
11356,4,102.49999999999955,4,34.100000000000364,move,improve
11357,4,102.49999999999955,4,34.100000000000364,2opt,improve
11358,4,102.49999999999955,4,34.100000000000364,swap,improve
11359,4,102.49999999999955,4,34.100000000000364,move,improve
11360,4,102.49999999999955,4,34.100000000000364,2opt,notBad
11361,4,101.89999999999873,4,34.100000000000364,move,improve
11362,4,53.20000000000027,4,34.100000000000364,move,improve
11363,4,53.20000000000027,4,34.100000000000364,swap,improve
11364,4,53.20000000000027,4,34.100000000000364,move,improve
11365,4,53.20000000000027,4,34.100000000000364,move,improve
11366,4,53.20000000000027,4,34.100000000000364,2opt,notBad
11367,4,53.79999999999973,4,34.100000000000364,swap,acceptBad
11368,4,53.79999999999973,4,34.100000000000364,2opt,notBad
11369,4,53.79999999999973,4,34.100000000000364,2opt,notBad
11370,4,53.79999999999973,4,34.100000000000364,move,improve
11371,4,53.79999999999973,4,34.100000000000364,2opt,improve
11372,4,53.79999999999973,4,34.100000000000364,2opt,notBad
11373,4,53.79999999999973,4,34.100000000000364,swap,notBad
11374,4,53.79999999999973,4,34.100000000000364,swap,improve
11375,4,53.79999999999973,4,34.100000000000364,swap,improve
11376,4,53.79999999999973,4,34.100000000000364,swap,improve
11377,4,53.20000000000027,4,34.100000000000364,swap,improve
11378,4,53.20000000000027,4,34.100000000000364,2opt,improve
11379,4,53.79999999999973,4,34.100000000000364,swap,acceptBad
11380,4,53.79999999999973,4,34.100000000000364,2opt,notBad
11381,4,53.79999999999973,4,34.100000000000364,move,improve
11382,4,53.79999999999973,4,34.100000000000364,swap,improve
11383,4,53.79999999999973,4,34.100000000000364,swap,improve
11384,4,53.79999999999973,4,34.100000000000364,move,improve
11385,4,53.79999999999973,4,34.100000000000364,swap,improve
11386,4,53.79999999999973,4,34.100000000000364,move,improve
11387,4,53.79999999999973,4,34.100000000000364,move,improve
11388,4,53.79999999999973,4,34.100000000000364,swap,improve
11389,4,53.79999999999973,4,34.100000000000364,move,improve
11390,4,53.79999999999973,4,34.100000000000364,move,improve
11391,4,53.79999999999973,4,34.100000000000364,2opt,notBad
11392,4,53.79999999999973,4,34.100000000000364,2opt,notBad
11393,4,53.79999999999973,4,34.100000000000364,swap,improve
11394,4,53.79999999999973,4,34.100000000000364,swap,notBad
11395,4,53.79999999999973,4,34.100000000000364,move,improve
11396,4,53.79999999999973,4,34.100000000000364,swap,notBad
11397,4,53.79999999999973,4,34.100000000000364,2opt,notBad
11398,4,53.79999999999973,4,34.100000000000364,move,improve
11399,4,53.79999999999973,4,34.100000000000364,2opt,notBad
11400,4,53.79999999999973,4,34.100000000000364,swap,improve
11401,4,53.79999999999973,4,34.100000000000364,move,improve
11402,4,53.79999999999973,4,34.100000000000364,swap,improve
11403,4,53.79999999999973,4,34.100000000000364,swap,improve
11404,4,53.79999999999973,4,34.100000000000364,2opt,notBad
11405,4,53.79999999999973,4,34.100000000000364,move,improve
11406,4,53.79999999999973,4,34.100000000000364,move,improve
11407,4,53.79999999999973,4,34.100000000000364,swap,improve
11408,4,53.79999999999973,4,34.100000000000364,move,improve
11409,4,53.79999999999973,4,34.100000000000364,move,improve
11410,4,53.79999999999973,4,34.100000000000364,move,improve
11411,4,53.79999999999973,4,34.100000000000364,move,improve
11412,4,53.79999999999973,4,34.100000000000364,swap,notBad
11413,4,53.79999999999973,4,34.100000000000364,swap,improve
11414,4,53.79999999999973,4,34.100000000000364,move,improve
11415,4,53.79999999999973,4,34.100000000000364,swap,notBad
11416,4,53.79999999999973,4,34.100000000000364,swap,improve
11417,4,53.79999999999973,4,34.100000000000364,move,improve
11418,4,53.79999999999973,4,34.100000000000364,swap,improve
11419,4,53.79999999999973,4,34.100000000000364,swap,notBad
11420,4,53.79999999999973,4,34.100000000000364,swap,improve
11421,4,53.79999999999973,4,34.100000000000364,swap,improve
11422,4,53.79999999999973,4,34.100000000000364,2opt,notBad
11423,4,53.79999999999973,4,34.100000000000364,2opt,improve
11424,4,53.79999999999973,4,34.100000000000364,2opt,notBad
11425,4,53.79999999999973,4,34.100000000000364,move,improve
11426,4,53.79999999999973,4,34.100000000000364,2opt,improve
11427,4,53.79999999999973,4,34.100000000000364,2opt,notBad
11428,4,53.79999999999973,4,34.100000000000364,2opt,improve
11429,4,53.79999999999973,4,34.100000000000364,swap,improve
11430,4,53.79999999999973,4,34.100000000000364,2opt,notBad
11431,4,53.79999999999973,4,34.100000000000364,2opt,improve
11432,4,53.79999999999973,4,34.100000000000364,swap,improve
11433,4,53.79999999999973,4,34.100000000000364,2opt,notBad
11434,4,53.79999999999973,4,34.100000000000364,2opt,notBad
11435,4,75.30000000000064,4,34.100000000000364,swap,acceptBad
11436,4,75.30000000000064,4,34.100000000000364,swap,notBad
11437,4,75.30000000000064,4,34.100000000000364,2opt,improve
11438,4,75.30000000000064,4,34.100000000000364,move,improve
11439,4,75.30000000000064,4,34.100000000000364,2opt,improve
11440,4,75.30000000000064,4,34.100000000000364,swap,improve
11441,4,75.30000000000064,4,34.100000000000364,move,improve
11442,4,75.30000000000064,4,34.100000000000364,swap,improve
11443,4,75.30000000000064,4,34.100000000000364,2opt,notBad
11444,4,75.30000000000064,4,34.100000000000364,move,improve
11445,4,75.30000000000064,4,34.100000000000364,swap,improve
11446,4,75.30000000000064,4,34.100000000000364,2opt,improve
11447,4,75.30000000000064,4,34.100000000000364,swap,improve
11448,4,75.30000000000064,4,34.100000000000364,2opt,notBad
11449,4,75.30000000000064,4,34.100000000000364,move,improve
11450,4,75.30000000000064,4,34.100000000000364,swap,improve
11451,4,75.30000000000064,4,34.100000000000364,swap,improve
11452,4,75.30000000000064,4,34.100000000000364,2opt,notBad
11453,4,75.30000000000064,4,34.100000000000364,2opt,notBad
11454,4,75.30000000000064,4,34.100000000000364,2opt,improve
11455,4,75.30000000000064,4,34.100000000000364,swap,improve
11456,4,75.30000000000064,4,34.100000000000364,swap,improve
11457,4,75.30000000000064,4,34.100000000000364,swap,improve
11458,4,75.30000000000064,4,34.100000000000364,move,improve
11459,4,75.30000000000064,4,34.100000000000364,move,improve
11460,4,75.30000000000064,4,34.100000000000364,move,improve
11461,4,75.30000000000064,4,34.100000000000364,2opt,notBad
11462,4,75.30000000000064,4,34.100000000000364,2opt,notBad
11463,4,75.30000000000064,4,34.100000000000364,2opt,notBad
11464,4,75.30000000000064,4,34.100000000000364,2opt,improve
11465,4,75.30000000000064,4,34.100000000000364,swap,notBad
11466,4,75.30000000000064,4,34.100000000000364,swap,notBad
11467,4,75.30000000000064,4,34.100000000000364,move,improve
11468,4,75.30000000000064,4,34.100000000000364,2opt,notBad
11469,4,75.30000000000064,4,34.100000000000364,move,improve
11470,4,75.30000000000064,4,34.100000000000364,2opt,notBad
11471,4,75.30000000000064,4,34.100000000000364,2opt,notBad
11472,4,75.30000000000064,4,34.100000000000364,move,notBad
11473,4,75.30000000000064,4,34.100000000000364,swap,improve
11474,4,75.30000000000064,4,34.100000000000364,2opt,notBad
11475,4,75.30000000000064,4,34.100000000000364,2opt,notBad
11476,4,75.30000000000064,4,34.100000000000364,2opt,improve
11477,4,75.30000000000064,4,34.100000000000364,2opt,notBad
11478,4,75.30000000000064,4,34.100000000000364,2opt,notBad
11479,4,75.30000000000064,4,34.100000000000364,swap,notBad
11480,4,75.30000000000064,4,34.100000000000364,move,improve
11481,4,75.30000000000064,4,34.100000000000364,2opt,notBad
11482,4,75.30000000000064,4,34.100000000000364,swap,improve
11483,4,75.30000000000064,4,34.100000000000364,swap,improve
11484,4,75.30000000000064,4,34.100000000000364,move,improve
11485,4,75.30000000000064,4,34.100000000000364,2opt,improve
11486,4,75.30000000000064,4,34.100000000000364,2opt,improve
11487,4,75.30000000000064,4,34.100000000000364,move,improve
11488,4,75.30000000000064,4,34.100000000000364,2opt,notBad
11489,4,75.30000000000064,4,34.100000000000364,2opt,notBad
11490,4,75.30000000000064,4,34.100000000000364,move,improve
11491,4,75.30000000000064,4,34.100000000000364,move,improve
11492,4,75.30000000000064,4,34.100000000000364,swap,improve
11493,4,75.30000000000064,4,34.100000000000364,swap,improve
11494,4,75.30000000000064,4,34.100000000000364,2opt,notBad
11495,4,75.30000000000064,4,34.100000000000364,move,improve
11496,4,75.30000000000064,4,34.100000000000364,2opt,notBad
11497,4,75.30000000000064,4,34.100000000000364,swap,improve
11498,4,75.30000000000064,4,34.100000000000364,move,improve
11499,4,75.30000000000064,4,34.100000000000364,swap,notBad
11500,4,75.30000000000064,4,34.100000000000364,move,improve
11501,4,75.30000000000064,4,34.100000000000364,move,improve
11502,4,75.30000000000064,4,34.100000000000364,swap,improve
11503,4,75.30000000000064,4,34.100000000000364,move,improve
11504,4,75.30000000000064,4,34.100000000000364,swap,improve
11505,4,75.30000000000064,4,34.100000000000364,2opt,notBad
11506,4,75.30000000000064,4,34.100000000000364,move,improve
11507,4,75.30000000000064,4,34.100000000000364,swap,improve
11508,4,75.30000000000064,4,34.100000000000364,swap,improve
11509,4,75.30000000000064,4,34.100000000000364,move,improve
11510,4,75.30000000000064,4,34.100000000000364,move,improve
11511,4,81.60000000000036,4,34.100000000000364,swap,acceptBad
11512,4,81.60000000000036,4,34.100000000000364,2opt,notBad
11513,4,81.60000000000036,4,34.100000000000364,move,improve
11514,4,74.60000000000036,4,34.100000000000364,move,improve
11515,4,74.60000000000036,4,34.100000000000364,2opt,improve
11516,4,74.60000000000036,4,34.100000000000364,move,improve
11517,4,74.60000000000036,4,34.100000000000364,swap,notBad
11518,4,74.60000000000036,4,34.100000000000364,move,improve
11519,4,74.60000000000036,4,34.100000000000364,swap,improve
11520,4,74.60000000000036,4,34.100000000000364,swap,improve
11521,4,74.60000000000036,4,34.100000000000364,move,improve
11522,4,74.60000000000036,4,34.100000000000364,swap,improve
11523,4,74.60000000000036,4,34.100000000000364,2opt,improve
11524,4,74.60000000000036,4,34.100000000000364,swap,improve
11525,4,74.60000000000036,4,34.100000000000364,2opt,notBad
11526,4,74.60000000000036,4,34.100000000000364,swap,notBad
11527,4,74.60000000000036,4,34.100000000000364,move,improve
11528,4,74.60000000000036,4,34.100000000000364,2opt,notBad
11529,4,91.40000000000009,4,34.100000000000364,swap,acceptBad
11530,4,91.40000000000009,4,34.100000000000364,2opt,improve
11531,4,91.40000000000009,4,34.100000000000364,2opt,notBad
11532,4,91.40000000000009,4,34.100000000000364,move,improve
11533,4,91.40000000000009,4,34.100000000000364,swap,improve
11534,4,91.40000000000009,4,34.100000000000364,move,improve
11535,4,91.40000000000009,4,34.100000000000364,2opt,notBad
11536,4,91.40000000000009,4,34.100000000000364,swap,improve
11537,4,91.40000000000009,4,34.100000000000364,swap,improve
11538,4,91.40000000000009,4,34.100000000000364,2opt,improve
11539,4,91.40000000000009,4,34.100000000000364,move,improve
11540,4,91.40000000000009,4,34.100000000000364,2opt,notBad
11541,4,91.40000000000009,4,34.100000000000364,swap,notBad
11542,4,91.40000000000009,4,34.100000000000364,2opt,notBad
11543,4,91.40000000000009,4,34.100000000000364,swap,improve
11544,4,91.40000000000009,4,34.100000000000364,2opt,notBad
11545,4,91.40000000000009,4,34.100000000000364,swap,improve
11546,4,91.40000000000009,4,34.100000000000364,move,improve
11547,4,91.40000000000009,4,34.100000000000364,move,improve
11548,4,91.40000000000009,4,34.100000000000364,move,improve
11549,4,91.40000000000009,4,34.100000000000364,swap,improve
11550,4,91.40000000000009,4,34.100000000000364,2opt,notBad
11551,4,91.40000000000009,4,34.100000000000364,2opt,improve
11552,4,91.40000000000009,4,34.100000000000364,swap,improve
11553,4,91.40000000000009,4,34.100000000000364,2opt,notBad
11554,4,91.40000000000009,4,34.100000000000364,swap,improve
11555,4,91.40000000000009,4,34.100000000000364,swap,improve
11556,4,91.40000000000009,4,34.100000000000364,2opt,notBad
11557,4,91.40000000000009,4,34.100000000000364,2opt,notBad
11558,4,91.40000000000009,4,34.100000000000364,2opt,notBad
11559,4,91.40000000000009,4,34.100000000000364,swap,notBad
11560,4,91.40000000000009,4,34.100000000000364,swap,improve
11561,4,91.40000000000009,4,34.100000000000364,swap,notBad
11562,4,91.40000000000009,4,34.100000000000364,move,improve
11563,4,91.40000000000009,4,34.100000000000364,2opt,notBad
11564,4,91.40000000000009,4,34.100000000000364,swap,notBad
11565,4,91.40000000000009,4,34.100000000000364,move,improve
11566,4,91.40000000000009,4,34.100000000000364,2opt,notBad
11567,4,82.69999999999982,4,34.100000000000364,move,improve
11568,4,82.69999999999982,4,34.100000000000364,swap,notBad
11569,4,18.199999999999818,4,18.199999999999818,swap,newBest
11570,4,18.199999999999818,4,18.199999999999818,swap,improve
11571,4,18.199999999999818,4,18.199999999999818,swap,improve
11572,4,18.199999999999818,4,18.199999999999818,swap,improve
11573,4,18.199999999999818,4,18.199999999999818,swap,improve
11574,4,18.199999999999818,4,18.199999999999818,move,improve
11575,4,18.199999999999818,4,18.199999999999818,2opt,notBad
11576,4,18.199999999999818,4,18.199999999999818,move,improve
11577,4,18.199999999999818,4,18.199999999999818,move,improve
11578,4,18.199999999999818,4,18.199999999999818,2opt,notBad
11579,4,18.199999999999818,4,18.199999999999818,move,improve
11580,4,18.199999999999818,4,18.199999999999818,swap,improve
11581,4,18.199999999999818,4,18.199999999999818,2opt,notBad
11582,4,18.199999999999818,4,18.199999999999818,swap,notBad
11583,4,18.199999999999818,4,18.199999999999818,move,improve
11584,4,18.199999999999818,4,18.199999999999818,swap,notBad
11585,4,29.700000000000273,4,18.199999999999818,swap,acceptBad
11586,4,29.700000000000273,4,18.199999999999818,move,improve
11587,4,29.700000000000273,4,18.199999999999818,2opt,notBad
11588,4,29.700000000000273,4,18.199999999999818,2opt,notBad
11589,4,29.700000000000273,4,18.199999999999818,move,improve
11590,4,29.700000000000273,4,18.199999999999818,swap,improve
11591,4,29.700000000000273,4,18.199999999999818,swap,notBad
11592,4,29.700000000000273,4,18.199999999999818,swap,improve
11593,4,29.700000000000273,4,18.199999999999818,move,improve
11594,4,29.700000000000273,4,18.199999999999818,2opt,notBad
11595,4,29.700000000000273,4,18.199999999999818,move,improve
11596,4,29.700000000000273,4,18.199999999999818,move,improve
11597,4,29.700000000000273,4,18.199999999999818,2opt,improve
11598,4,29.700000000000273,4,18.199999999999818,2opt,notBad
11599,4,29.700000000000273,4,18.199999999999818,swap,improve
11600,4,29.700000000000273,4,18.199999999999818,swap,improve
11601,4,29.700000000000273,4,18.199999999999818,2opt,notBad
11602,4,29.700000000000273,4,18.199999999999818,move,improve
11603,4,29.700000000000273,4,18.199999999999818,swap,improve
11604,4,29.700000000000273,4,18.199999999999818,move,improve
11605,4,29.700000000000273,4,18.199999999999818,move,improve
11606,4,29.700000000000273,4,18.199999999999818,swap,notBad
11607,4,29.700000000000273,4,18.199999999999818,2opt,notBad
11608,4,29.700000000000273,4,18.199999999999818,move,improve
11609,4,29.700000000000273,4,18.199999999999818,swap,improve
11610,4,29.700000000000273,4,18.199999999999818,move,improve
11611,4,29.700000000000273,4,18.199999999999818,move,improve
11612,4,29.700000000000273,4,18.199999999999818,swap,improve
11613,4,29.700000000000273,4,18.199999999999818,swap,improve
11614,4,29.700000000000273,4,18.199999999999818,2opt,improve
11615,4,29.700000000000273,4,18.199999999999818,swap,improve
11616,4,29.700000000000273,4,18.199999999999818,2opt,improve
11617,4,29.700000000000273,4,18.199999999999818,swap,improve
11618,4,29.700000000000273,4,18.199999999999818,2opt,notBad
11619,4,29.700000000000273,4,18.199999999999818,move,improve
11620,4,29.700000000000273,4,18.199999999999818,move,improve
11621,4,29.700000000000273,4,18.199999999999818,2opt,notBad
11622,4,29.700000000000273,4,18.199999999999818,2opt,notBad
11623,4,29.700000000000273,4,18.199999999999818,2opt,notBad
11624,4,29.700000000000273,4,18.199999999999818,move,improve
11625,4,29.700000000000273,4,18.199999999999818,2opt,notBad
11626,4,29.700000000000273,4,18.199999999999818,swap,improve
11627,4,29.700000000000273,4,18.199999999999818,swap,notBad
11628,4,29.700000000000273,4,18.199999999999818,swap,notBad
11629,4,29.700000000000273,4,18.199999999999818,swap,notBad
11630,4,29.700000000000273,4,18.199999999999818,swap,notBad
11631,4,29.700000000000273,4,18.199999999999818,swap,improve
11632,4,29.700000000000273,4,18.199999999999818,2opt,notBad
11633,4,29.700000000000273,4,18.199999999999818,move,improve
11634,4,29.700000000000273,4,18.199999999999818,move,improve
11635,4,29.700000000000273,4,18.199999999999818,2opt,improve
11636,4,29.700000000000273,4,18.199999999999818,2opt,notBad
11637,4,29.700000000000273,4,18.199999999999818,move,improve
11638,4,29.700000000000273,4,18.199999999999818,swap,improve
11639,4,29.700000000000273,4,18.199999999999818,2opt,improve
11640,4,29.700000000000273,4,18.199999999999818,2opt,notBad
11641,4,29.700000000000273,4,18.199999999999818,2opt,notBad
11642,4,29.700000000000273,4,18.199999999999818,swap,notBad
11643,4,29.700000000000273,4,18.199999999999818,2opt,notBad
11644,4,29.700000000000273,4,18.199999999999818,move,improve
11645,4,29.700000000000273,4,18.199999999999818,swap,improve
11646,4,29.700000000000273,4,18.199999999999818,move,improve
11647,4,29.700000000000273,4,18.199999999999818,swap,improve
11648,4,29.700000000000273,4,18.199999999999818,2opt,notBad
11649,4,29.700000000000273,4,18.199999999999818,move,improve
11650,4,29.700000000000273,4,18.199999999999818,move,notBad
11651,4,29.700000000000273,4,18.199999999999818,move,improve
11652,4,29.700000000000273,4,18.199999999999818,swap,improve
11653,4,29.700000000000273,4,18.199999999999818,swap,improve
11654,4,29.700000000000273,4,18.199999999999818,2opt,notBad
11655,4,29.700000000000273,4,18.199999999999818,swap,improve
11656,4,29.700000000000273,4,18.199999999999818,2opt,notBad
11657,4,29.700000000000273,4,18.199999999999818,swap,improve
11658,4,29.700000000000273,4,18.199999999999818,2opt,notBad
11659,4,29.700000000000273,4,18.199999999999818,move,improve
11660,4,29.700000000000273,4,18.199999999999818,2opt,notBad
11661,4,29.700000000000273,4,18.199999999999818,move,improve
11662,4,29.700000000000273,4,18.199999999999818,2opt,improve
11663,4,29.700000000000273,4,18.199999999999818,swap,improve
11664,4,29.700000000000273,4,18.199999999999818,swap,notBad
11665,4,29.700000000000273,4,18.199999999999818,2opt,notBad
11666,4,29.700000000000273,4,18.199999999999818,2opt,notBad
11667,4,29.700000000000273,4,18.199999999999818,2opt,notBad
11668,4,29.700000000000273,4,18.199999999999818,2opt,notBad
11669,4,29.700000000000273,4,18.199999999999818,2opt,notBad
11670,4,29.700000000000273,4,18.199999999999818,2opt,notBad
11671,4,44.499999999999545,4,18.199999999999818,swap,acceptBad
11672,4,44.499999999999545,4,18.199999999999818,swap,notBad
11673,4,44.499999999999545,4,18.199999999999818,2opt,notBad
11674,4,44.499999999999545,4,18.199999999999818,2opt,notBad
11675,4,32.499999999999545,4,18.199999999999818,2opt,improve
11676,4,32.499999999999545,4,18.199999999999818,move,improve
11677,4,32.499999999999545,4,18.199999999999818,move,improve
11678,4,32.499999999999545,4,18.199999999999818,2opt,notBad
11679,4,32.499999999999545,4,18.199999999999818,swap,improve
11680,4,32.499999999999545,4,18.199999999999818,swap,improve
11681,4,32.499999999999545,4,18.199999999999818,move,improve
11682,4,35.19999999999982,4,18.199999999999818,swap,acceptBad
11683,4,35.19999999999982,4,18.199999999999818,2opt,improve
11684,4,35.19999999999982,4,18.199999999999818,2opt,notBad
11685,4,35.19999999999982,4,18.199999999999818,move,improve
11686,4,35.19999999999982,4,18.199999999999818,swap,notBad
11687,4,35.19999999999982,4,18.199999999999818,2opt,notBad
11688,4,35.19999999999982,4,18.199999999999818,2opt,notBad
11689,4,35.19999999999982,4,18.199999999999818,2opt,notBad
11690,4,35.19999999999982,4,18.199999999999818,swap,improve
11691,4,35.19999999999982,4,18.199999999999818,swap,improve
11692,4,35.19999999999982,4,18.199999999999818,swap,improve
11693,4,35.19999999999982,4,18.199999999999818,2opt,notBad
11694,4,35.19999999999982,4,18.199999999999818,move,improve
11695,4,35.19999999999982,4,18.199999999999818,2opt,improve
11696,4,35.19999999999982,4,18.199999999999818,move,improve
11697,4,35.19999999999982,4,18.199999999999818,2opt,notBad
11698,4,35.19999999999982,4,18.199999999999818,2opt,notBad
11699,4,35.19999999999982,4,18.199999999999818,2opt,notBad
11700,4,35.19999999999982,4,18.199999999999818,swap,notBad
11701,4,35.19999999999982,4,18.199999999999818,2opt,notBad
11702,4,35.19999999999982,4,18.199999999999818,move,improve
11703,4,35.19999999999982,4,18.199999999999818,swap,improve
11704,4,35.19999999999982,4,18.199999999999818,2opt,improve
11705,4,35.19999999999982,4,18.199999999999818,move,improve
11706,4,35.19999999999982,4,18.199999999999818,swap,improve
11707,4,35.19999999999982,4,18.199999999999818,move,improve
11708,4,22.90000000000009,4,18.199999999999818,move,improve
11709,4,22.90000000000009,4,18.199999999999818,2opt,improve
11710,4,22.90000000000009,4,18.199999999999818,move,improve
11711,4,22.90000000000009,4,18.199999999999818,move,improve
11712,4,22.90000000000009,4,18.199999999999818,swap,improve
11713,4,22.90000000000009,4,18.199999999999818,swap,improve
11714,4,22.90000000000009,4,18.199999999999818,move,improve
11715,4,22.90000000000009,4,18.199999999999818,move,improve
11716,4,22.90000000000009,4,18.199999999999818,swap,notBad
11717,4,22.90000000000009,4,18.199999999999818,swap,notBad
11718,4,22.90000000000009,4,18.199999999999818,2opt,improve
11719,4,22.90000000000009,4,18.199999999999818,2opt,improve
11720,4,22.90000000000009,4,18.199999999999818,move,improve
11721,4,22.90000000000009,4,18.199999999999818,move,improve
11722,4,17.800000000000637,4,17.800000000000637,move,newBest
11723,4,17.800000000000637,4,17.800000000000637,swap,improve
11724,4,17.800000000000637,4,17.800000000000637,swap,notBad
11725,4,17.800000000000637,4,17.800000000000637,2opt,notBad
11726,4,17.800000000000637,4,17.800000000000637,swap,improve
11727,4,17.800000000000637,4,17.800000000000637,swap,improve
11728,4,17.800000000000637,4,17.800000000000637,move,improve
11729,4,17.800000000000637,4,17.800000000000637,swap,improve
11730,4,17.800000000000637,4,17.800000000000637,swap,improve
11731,4,17.800000000000637,4,17.800000000000637,swap,improve
11732,4,17.800000000000637,4,17.800000000000637,swap,improve
11733,4,17.800000000000637,4,17.800000000000637,move,improve
11734,4,17.800000000000637,4,17.800000000000637,swap,improve
11735,4,17.800000000000637,4,17.800000000000637,move,improve
11736,4,17.800000000000637,4,17.800000000000637,2opt,notBad
11737,4,17.800000000000637,4,17.800000000000637,move,improve
11738,4,17.800000000000637,4,17.800000000000637,move,improve
11739,4,17.800000000000637,4,17.800000000000637,swap,improve
11740,4,17.800000000000637,4,17.800000000000637,move,improve
11741,4,17.800000000000637,4,17.800000000000637,move,improve
11742,4,17.800000000000637,4,17.800000000000637,swap,improve
11743,4,17.800000000000637,4,17.800000000000637,2opt,improve
11744,4,17.800000000000637,4,17.800000000000637,move,improve
11745,4,17.800000000000637,4,17.800000000000637,swap,notBad
11746,4,17.800000000000637,4,17.800000000000637,2opt,notBad
11747,4,17.800000000000637,4,17.800000000000637,move,improve
11748,4,17.800000000000637,4,17.800000000000637,2opt,notBad
11749,4,17.800000000000637,4,17.800000000000637,move,improve
11750,4,17.800000000000637,4,17.800000000000637,swap,notBad
11751,4,17.800000000000637,4,17.800000000000637,move,improve
11752,4,17.800000000000637,4,17.800000000000637,swap,notBad
11753,4,17.800000000000637,4,17.800000000000637,swap,improve
11754,4,17.800000000000637,4,17.800000000000637,2opt,notBad
11755,4,17.800000000000637,4,17.800000000000637,2opt,notBad
11756,4,17.800000000000637,4,17.800000000000637,swap,improve
11757,4,17.800000000000637,4,17.800000000000637,move,improve
11758,4,17.800000000000637,4,17.800000000000637,2opt,notBad
11759,4,17.800000000000637,4,17.800000000000637,move,improve
11760,4,17.800000000000637,4,17.800000000000637,2opt,improve
11761,4,17.800000000000637,4,17.800000000000637,2opt,notBad
11762,4,17.800000000000637,4,17.800000000000637,2opt,notBad
11763,4,17.800000000000637,4,17.800000000000637,2opt,notBad
11764,4,17.800000000000637,4,17.800000000000637,2opt,notBad
11765,4,17.800000000000637,4,17.800000000000637,swap,notBad
11766,4,17.800000000000637,4,17.800000000000637,swap,improve
11767,4,17.800000000000637,4,17.800000000000637,swap,notBad
11768,4,17.800000000000637,4,17.800000000000637,move,improve
11769,4,17.800000000000637,4,17.800000000000637,swap,improve
11770,4,17.800000000000637,4,17.800000000000637,2opt,notBad
11771,4,17.800000000000637,4,17.800000000000637,swap,improve
11772,4,17.800000000000637,4,17.800000000000637,swap,improve
11773,4,17.800000000000637,4,17.800000000000637,move,improve
11774,4,17.800000000000637,4,17.800000000000637,move,improve
11775,4,17.800000000000637,4,17.800000000000637,2opt,notBad
11776,4,17.800000000000637,4,17.800000000000637,move,improve
11777,4,17.800000000000637,4,17.800000000000637,2opt,notBad
11778,4,17.800000000000637,4,17.800000000000637,2opt,notBad
11779,4,17.800000000000637,4,17.800000000000637,swap,improve
11780,4,17.800000000000637,4,17.800000000000637,swap,improve
11781,4,17.800000000000637,4,17.800000000000637,swap,improve
11782,4,17.800000000000637,4,17.800000000000637,move,improve
11783,4,17.800000000000637,4,17.800000000000637,move,improve
11784,4,27.400000000001455,4,17.800000000000637,swap,acceptBad
11785,4,27.400000000001455,4,17.800000000000637,move,improve
11786,4,27.400000000001455,4,17.800000000000637,swap,improve
11787,4,27.400000000001455,4,17.800000000000637,2opt,improve
11788,4,27.400000000001455,4,17.800000000000637,swap,notBad
11789,4,27.400000000001455,4,17.800000000000637,2opt,improve
11790,4,27.400000000001455,4,17.800000000000637,2opt,notBad
11791,4,27.400000000001455,4,17.800000000000637,move,improve
11792,4,27.400000000001455,4,17.800000000000637,2opt,notBad
11793,4,27.400000000001455,4,17.800000000000637,swap,notBad
11794,4,27.400000000001455,4,17.800000000000637,swap,notBad
11795,4,27.400000000001455,4,17.800000000000637,move,improve
11796,4,27.400000000001455,4,17.800000000000637,swap,improve
11797,4,27.400000000001455,4,17.800000000000637,2opt,notBad
11798,4,27.400000000001455,4,17.800000000000637,swap,improve
11799,4,27.400000000001455,4,17.800000000000637,move,improve
11800,4,27.400000000001455,4,17.800000000000637,swap,improve
11801,4,27.400000000001455,4,17.800000000000637,swap,notBad
11802,4,27.400000000001455,4,17.800000000000637,swap,improve
11803,4,17.800000000000637,4,17.800000000000637,swap,improve
11804,4,27.000000000000455,4,17.800000000000637,swap,acceptBad
11805,4,27.000000000000455,4,17.800000000000637,2opt,notBad
11806,4,27.000000000000455,4,17.800000000000637,2opt,notBad
11807,4,27.000000000000455,4,17.800000000000637,swap,improve
11808,4,27.000000000000455,4,17.800000000000637,2opt,notBad
11809,4,27.000000000000455,4,17.800000000000637,move,improve
11810,4,27.000000000000455,4,17.800000000000637,2opt,improve
11811,4,27.000000000000455,4,17.800000000000637,2opt,notBad
11812,4,27.000000000000455,4,17.800000000000637,move,improve
11813,4,27.000000000000455,4,17.800000000000637,2opt,notBad
11814,4,27.000000000000455,4,17.800000000000637,2opt,notBad
11815,4,27.000000000000455,4,17.800000000000637,2opt,improve
11816,4,27.000000000000455,4,17.800000000000637,2opt,notBad
11817,4,27.000000000000455,4,17.800000000000637,swap,notBad
11818,4,27.000000000000455,4,17.800000000000637,2opt,notBad
11819,4,27.000000000000455,4,17.800000000000637,2opt,notBad
11820,4,27.000000000000455,4,17.800000000000637,move,improve
11821,4,27.000000000000455,4,17.800000000000637,2opt,improve
11822,4,27.000000000000455,4,17.800000000000637,swap,improve
11823,4,27.000000000000455,4,17.800000000000637,swap,improve
11824,4,27.000000000000455,4,17.800000000000637,2opt,notBad
11825,4,27.000000000000455,4,17.800000000000637,swap,improve
11826,4,27.000000000000455,4,17.800000000000637,swap,improve
11827,4,27.000000000000455,4,17.800000000000637,2opt,notBad
11828,4,27.000000000000455,4,17.800000000000637,move,improve
11829,4,27.000000000000455,4,17.800000000000637,swap,improve
11830,4,27.000000000000455,4,17.800000000000637,swap,improve
11831,4,27.000000000000455,4,17.800000000000637,move,improve
11832,4,27.000000000000455,4,17.800000000000637,2opt,improve
11833,4,27.000000000000455,4,17.800000000000637,move,improve
11834,4,27.000000000000455,4,17.800000000000637,2opt,notBad
11835,4,27.000000000000455,4,17.800000000000637,move,improve
11836,4,27.000000000000455,4,17.800000000000637,swap,improve
11837,4,27.000000000000455,4,17.800000000000637,swap,improve
11838,4,27.000000000000455,4,17.800000000000637,2opt,notBad
11839,4,25.600000000000364,4,17.800000000000637,swap,improve
11840,4,25.600000000000364,4,17.800000000000637,swap,improve
11841,4,25.600000000000364,4,17.800000000000637,2opt,notBad
11842,4,25.600000000000364,4,17.800000000000637,move,improve
11843,4,25.600000000000364,4,17.800000000000637,swap,improve
11844,4,25.600000000000364,4,17.800000000000637,2opt,notBad
11845,4,25.600000000000364,4,17.800000000000637,2opt,notBad
11846,4,25.600000000000364,4,17.800000000000637,move,improve
11847,4,25.600000000000364,4,17.800000000000637,move,improve
11848,4,25.600000000000364,4,17.800000000000637,move,improve
11849,4,25.600000000000364,4,17.800000000000637,swap,improve
11850,4,25.600000000000364,4,17.800000000000637,2opt,improve
11851,4,25.600000000000364,4,17.800000000000637,swap,improve
11852,4,25.600000000000364,4,17.800000000000637,move,improve
11853,4,25.600000000000364,4,17.800000000000637,swap,improve
11854,4,25.600000000000364,4,17.800000000000637,move,improve
11855,4,25.600000000000364,4,17.800000000000637,2opt,improve
11856,4,25.600000000000364,4,17.800000000000637,2opt,improve
11857,4,25.600000000000364,4,17.800000000000637,move,improve
11858,4,25.600000000000364,4,17.800000000000637,move,improve
11859,4,25.600000000000364,4,17.800000000000637,2opt,improve
11860,4,25.600000000000364,4,17.800000000000637,move,improve
11861,4,25.600000000000364,4,17.800000000000637,2opt,notBad
11862,4,25.600000000000364,4,17.800000000000637,swap,improve
11863,4,25.600000000000364,4,17.800000000000637,move,improve
11864,4,25.600000000000364,4,17.800000000000637,2opt,improve
11865,4,25.600000000000364,4,17.800000000000637,move,improve
11866,4,25.600000000000364,4,17.800000000000637,move,improve
11867,4,25.600000000000364,4,17.800000000000637,move,improve
11868,4,25.600000000000364,4,17.800000000000637,move,improve
11869,4,25.600000000000364,4,17.800000000000637,swap,notBad
11870,4,25.600000000000364,4,17.800000000000637,2opt,improve
11871,4,29.600000000000364,4,17.800000000000637,swap,acceptBad
11872,4,29.600000000000364,4,17.800000000000637,swap,improve
11873,4,29.600000000000364,4,17.800000000000637,move,improve
11874,4,33.80000000000064,4,17.800000000000637,swap,acceptBad
11875,4,33.80000000000064,4,17.800000000000637,2opt,notBad
11876,4,33.80000000000064,4,17.800000000000637,swap,improve
11877,4,33.80000000000064,4,17.800000000000637,move,improve
11878,4,33.80000000000064,4,17.800000000000637,swap,improve
11879,4,33.80000000000064,4,17.800000000000637,swap,improve
11880,4,33.80000000000064,4,17.800000000000637,2opt,improve
11881,4,33.80000000000064,4,17.800000000000637,move,improve
11882,4,33.80000000000064,4,17.800000000000637,swap,improve
11883,4,33.80000000000064,4,17.800000000000637,move,improve
11884,4,33.80000000000064,4,17.800000000000637,2opt,notBad
11885,4,33.80000000000064,4,17.800000000000637,swap,notBad
11886,4,33.80000000000064,4,17.800000000000637,swap,notBad
11887,4,33.80000000000064,4,17.800000000000637,2opt,notBad
11888,4,33.80000000000064,4,17.800000000000637,swap,improve
11889,4,33.80000000000064,4,17.800000000000637,2opt,notBad
11890,4,33.80000000000064,4,17.800000000000637,2opt,notBad
11891,4,33.80000000000064,4,17.800000000000637,swap,improve
11892,4,33.80000000000064,4,17.800000000000637,move,improve
11893,4,33.80000000000064,4,17.800000000000637,2opt,improve
11894,4,33.80000000000064,4,17.800000000000637,move,improve
11895,4,33.80000000000064,4,17.800000000000637,swap,improve
11896,4,33.80000000000064,4,17.800000000000637,2opt,notBad
11897,4,33.80000000000064,4,17.800000000000637,2opt,notBad
11898,4,33.80000000000064,4,17.800000000000637,move,improve
11899,4,33.80000000000064,4,17.800000000000637,2opt,notBad
11900,4,33.80000000000064,4,17.800000000000637,2opt,improve
11901,4,33.80000000000064,4,17.800000000000637,2opt,notBad
11902,4,33.80000000000064,4,17.800000000000637,swap,notBad
11903,4,23.700000000000273,4,17.800000000000637,swap,improve
11904,4,23.700000000000273,4,17.800000000000637,move,improve
11905,4,23.700000000000273,4,17.800000000000637,swap,notBad
11906,4,23.700000000000273,4,17.800000000000637,move,improve
11907,4,23.700000000000273,4,17.800000000000637,swap,improve
11908,4,23.700000000000273,4,17.800000000000637,2opt,notBad
11909,4,23.700000000000273,4,17.800000000000637,move,improve
11910,4,23.700000000000273,4,17.800000000000637,move,improve
11911,4,23.700000000000273,4,17.800000000000637,swap,improve
11912,4,23.700000000000273,4,17.800000000000637,swap,improve
11913,4,23.700000000000273,4,17.800000000000637,move,improve
11914,4,23.700000000000273,4,17.800000000000637,move,improve
11915,4,23.700000000000273,4,17.800000000000637,move,improve
11916,4,23.700000000000273,4,17.800000000000637,move,improve
11917,4,11.700000000000273,4,11.700000000000273,move,newBest
11918,4,11.700000000000273,4,11.700000000000273,swap,improve
11919,4,11.700000000000273,4,11.700000000000273,2opt,notBad
11920,4,11.700000000000273,4,11.700000000000273,2opt,notBad
11921,4,11.700000000000273,4,11.700000000000273,move,improve
11922,4,11.700000000000273,4,11.700000000000273,swap,notBad
11923,4,11.700000000000273,4,11.700000000000273,2opt,notBad
11924,4,11.700000000000273,4,11.700000000000273,move,improve
11925,4,13.400000000000091,4,11.700000000000273,swap,acceptBad
11926,4,13.400000000000091,4,11.700000000000273,swap,notBad
11927,4,13.400000000000091,4,11.700000000000273,move,improve
11928,4,13.400000000000091,4,11.700000000000273,move,improve
11929,4,13.400000000000091,4,11.700000000000273,2opt,notBad
11930,4,13.400000000000091,4,11.700000000000273,swap,improve
11931,4,13.400000000000091,4,11.700000000000273,swap,notBad
11932,4,13.400000000000091,4,11.700000000000273,2opt,improve
11933,4,13.400000000000091,4,11.700000000000273,swap,notBad
11934,4,13.400000000000091,4,11.700000000000273,move,improve
11935,4,13.400000000000091,4,11.700000000000273,move,improve
11936,4,13.400000000000091,4,11.700000000000273,move,improve
11937,4,13.400000000000091,4,11.700000000000273,swap,notBad
11938,4,13.400000000000091,4,11.700000000000273,2opt,notBad
11939,4,13.400000000000091,4,11.700000000000273,swap,improve
11940,4,13.400000000000091,4,11.700000000000273,2opt,notBad
11941,4,13.400000000000091,4,11.700000000000273,2opt,notBad
11942,4,13.400000000000091,4,11.700000000000273,2opt,improve
11943,4,13.400000000000091,4,11.700000000000273,move,improve
11944,4,13.400000000000091,4,11.700000000000273,swap,improve
11945,4,13.400000000000091,4,11.700000000000273,swap,improve
11946,4,13.400000000000091,4,11.700000000000273,2opt,notBad
11947,4,13.400000000000091,4,11.700000000000273,swap,notBad
11948,4,14.100000000000819,4,11.700000000000273,swap,acceptBad
11949,4,14.100000000000819,4,11.700000000000273,2opt,notBad
11950,4,14.100000000000819,4,11.700000000000273,move,improve
11951,4,14.100000000000819,4,11.700000000000273,2opt,notBad
11952,4,14.100000000000819,4,11.700000000000273,2opt,notBad
11953,4,14.100000000000819,4,11.700000000000273,move,improve
11954,4,14.100000000000819,4,11.700000000000273,swap,notBad
11955,4,14.100000000000819,4,11.700000000000273,swap,improve
11956,4,14.100000000000819,4,11.700000000000273,2opt,notBad
11957,4,14.100000000000819,4,11.700000000000273,move,improve
11958,4,14.100000000000819,4,11.700000000000273,swap,notBad
11959,4,14.100000000000819,4,11.700000000000273,2opt,improve
11960,4,14.100000000000819,4,11.700000000000273,swap,improve
11961,4,14.100000000000819,4,11.700000000000273,2opt,improve
11962,4,14.100000000000819,4,11.700000000000273,swap,notBad
11963,4,14.100000000000819,4,11.700000000000273,move,improve
11964,4,14.100000000000819,4,11.700000000000273,swap,improve
11965,4,14.100000000000819,4,11.700000000000273,2opt,notBad
11966,4,14.100000000000819,4,11.700000000000273,swap,improve
11967,4,14.100000000000819,4,11.700000000000273,2opt,improve
11968,4,14.100000000000819,4,11.700000000000273,move,improve
11969,4,14.100000000000819,4,11.700000000000273,move,improve
11970,4,14.100000000000819,4,11.700000000000273,2opt,improve
11971,4,14.100000000000819,4,11.700000000000273,swap,improve
11972,4,14.100000000000819,4,11.700000000000273,2opt,notBad
11973,4,14.100000000000819,4,11.700000000000273,swap,improve
11974,4,14.100000000000819,4,11.700000000000273,swap,notBad
11975,4,14.100000000000819,4,11.700000000000273,move,improve
11976,4,14.100000000000819,4,11.700000000000273,swap,notBad
11977,4,14.100000000000819,4,11.700000000000273,swap,notBad
11978,4,14.100000000000819,4,11.700000000000273,2opt,improve
11979,4,14.100000000000819,4,11.700000000000273,move,improve
11980,4,14.100000000000819,4,11.700000000000273,swap,improve
11981,4,14.100000000000819,4,11.700000000000273,move,improve
11982,4,14.100000000000819,4,11.700000000000273,2opt,improve
11983,4,14.100000000000819,4,11.700000000000273,2opt,notBad
11984,4,14.100000000000819,4,11.700000000000273,swap,notBad
11985,4,14.100000000000819,4,11.700000000000273,swap,notBad
11986,4,14.100000000000819,4,11.700000000000273,swap,improve
11987,4,14.100000000000819,4,11.700000000000273,2opt,improve
11988,4,14.100000000000819,4,11.700000000000273,2opt,notBad
11989,4,14.100000000000819,4,11.700000000000273,swap,improve
11990,4,14.100000000000819,4,11.700000000000273,swap,improve
11991,4,14.100000000000819,4,11.700000000000273,2opt,notBad
11992,4,14.100000000000819,4,11.700000000000273,2opt,notBad
11993,4,14.100000000000819,4,11.700000000000273,2opt,notBad
11994,4,14.100000000000819,4,11.700000000000273,move,improve
11995,4,13.399999999998727,4,11.700000000000273,move,improve
11996,4,13.399999999998727,4,11.700000000000273,2opt,notBad
11997,4,13.399999999998727,4,11.700000000000273,swap,improve
11998,4,13.399999999998727,4,11.700000000000273,swap,improve
11999,4,13.399999999998727,4,11.700000000000273,2opt,notBad
12000,4,13.399999999998727,4,11.700000000000273,move,improve
12001,4,13.399999999998727,4,11.700000000000273,2opt,notBad
12002,4,13.399999999998727,4,11.700000000000273,2opt,improve
12003,4,13.399999999998727,4,11.700000000000273,move,improve
12004,4,13.399999999998727,4,11.700000000000273,move,improve
12005,4,13.399999999998727,4,11.700000000000273,swap,improve
12006,4,13.399999999998727,4,11.700000000000273,swap,improve
12007,4,13.399999999998727,4,11.700000000000273,move,improve
12008,4,13.399999999998727,4,11.700000000000273,2opt,notBad
12009,4,13.399999999998727,4,11.700000000000273,2opt,notBad
12010,4,13.399999999998727,4,11.700000000000273,move,improve
12011,4,13.399999999998727,4,11.700000000000273,move,improve
12012,4,13.399999999998727,4,11.700000000000273,swap,improve
12013,4,13.399999999998727,4,11.700000000000273,swap,improve
12014,4,13.399999999998727,4,11.700000000000273,swap,improve
12015,4,13.399999999998727,4,11.700000000000273,swap,improve
12016,4,13.399999999998727,4,11.700000000000273,swap,notBad
12017,4,13.399999999998727,4,11.700000000000273,2opt,notBad
12018,4,13.399999999998727,4,11.700000000000273,2opt,notBad
12019,4,13.399999999998727,4,11.700000000000273,2opt,notBad
12020,4,13.399999999998727,4,11.700000000000273,2opt,improve
12021,4,13.399999999998727,4,11.700000000000273,move,improve
12022,4,13.399999999998727,4,11.700000000000273,swap,improve
12023,4,13.399999999998727,4,11.700000000000273,2opt,notBad
12024,4,13.399999999998727,4,11.700000000000273,2opt,improve
12025,4,13.399999999998727,4,11.700000000000273,2opt,notBad
12026,4,13.399999999998727,4,11.700000000000273,swap,improve
12027,4,13.399999999998727,4,11.700000000000273,swap,improve
12028,4,13.399999999998727,4,11.700000000000273,swap,improve
12029,4,13.399999999998727,4,11.700000000000273,move,improve
12030,4,13.399999999998727,4,11.700000000000273,2opt,improve
12031,4,13.399999999998727,4,11.700000000000273,move,improve
12032,4,13.399999999998727,4,11.700000000000273,2opt,notBad
12033,4,13.399999999998727,4,11.700000000000273,move,improve
12034,4,13.399999999998727,4,11.700000000000273,move,improve
12035,4,13.399999999998727,4,11.700000000000273,swap,notBad
12036,4,13.399999999998727,4,11.700000000000273,swap,improve
12037,4,13.399999999998727,4,11.700000000000273,2opt,notBad
12038,4,13.399999999998727,4,11.700000000000273,swap,improve
12039,4,13.399999999998727,4,11.700000000000273,move,improve
12040,4,13.399999999998727,4,11.700000000000273,2opt,notBad
12041,4,13.399999999998727,4,11.700000000000273,move,improve
12042,4,13.399999999998727,4,11.700000000000273,2opt,notBad
12043,4,13.399999999998727,4,11.700000000000273,swap,improve
12044,4,13.399999999998727,4,11.700000000000273,move,improve
12045,4,13.399999999998727,4,11.700000000000273,move,improve
12046,4,15.900000000000546,4,11.700000000000273,swap,acceptBad
12047,4,15.900000000000546,4,11.700000000000273,move,improve
12048,4,15.900000000000546,4,11.700000000000273,move,improve
12049,4,15.900000000000546,4,11.700000000000273,swap,improve
12050,4,15.900000000000546,4,11.700000000000273,2opt,notBad
12051,4,15.900000000000546,4,11.700000000000273,swap,notBad
12052,4,15.900000000000546,4,11.700000000000273,2opt,notBad
12053,4,15.900000000000546,4,11.700000000000273,move,improve
12054,4,15.900000000000546,4,11.700000000000273,2opt,notBad
12055,4,15.900000000000546,4,11.700000000000273,2opt,notBad
12056,4,15.900000000000546,4,11.700000000000273,move,improve
12057,4,15.900000000000546,4,11.700000000000273,move,notBad
12058,4,15.900000000000546,4,11.700000000000273,2opt,notBad
12059,4,15.900000000000546,4,11.700000000000273,swap,improve
12060,4,15.900000000000546,4,11.700000000000273,move,improve
12061,4,15.900000000000546,4,11.700000000000273,2opt,notBad
12062,4,15.900000000000546,4,11.700000000000273,move,improve
12063,4,15.900000000000546,4,11.700000000000273,move,improve
12064,4,15.900000000000546,4,11.700000000000273,swap,improve
12065,4,15.900000000000546,4,11.700000000000273,swap,improve
12066,4,15.900000000000546,4,11.700000000000273,move,improve
12067,4,15.900000000000546,4,11.700000000000273,swap,improve
12068,4,15.900000000000546,4,11.700000000000273,2opt,improve
12069,4,15.900000000000546,4,11.700000000000273,swap,notBad
12070,4,15.900000000000546,4,11.700000000000273,swap,improve
12071,4,15.900000000000546,4,11.700000000000273,2opt,notBad
12072,4,15.900000000000546,4,11.700000000000273,move,improve
12073,4,15.900000000000546,4,11.700000000000273,2opt,notBad
12074,4,15.900000000000546,4,11.700000000000273,2opt,notBad
12075,4,15.900000000000546,4,11.700000000000273,2opt,improve
12076,4,15.900000000000546,4,11.700000000000273,2opt,improve
12077,4,15.900000000000546,4,11.700000000000273,2opt,notBad
12078,4,15.900000000000546,4,11.700000000000273,swap,improve
12079,4,15.900000000000546,4,11.700000000000273,2opt,notBad
12080,4,15.900000000000546,4,11.700000000000273,swap,improve
12081,4,15.900000000000546,4,11.700000000000273,move,improve
12082,4,15.900000000000546,4,11.700000000000273,move,improve
12083,4,15.900000000000546,4,11.700000000000273,2opt,notBad
12084,4,15.900000000000546,4,11.700000000000273,move,improve
12085,4,15.900000000000546,4,11.700000000000273,move,improve
12086,4,15.900000000000546,4,11.700000000000273,swap,notBad
12087,4,15.900000000000546,4,11.700000000000273,2opt,notBad
12088,4,15.900000000000546,4,11.700000000000273,swap,improve
12089,4,15.900000000000546,4,11.700000000000273,2opt,notBad
12090,4,15.900000000000546,4,11.700000000000273,2opt,notBad
12091,4,15.900000000000546,4,11.700000000000273,move,improve
12092,4,15.900000000000546,4,11.700000000000273,2opt,notBad
12093,4,15.900000000000546,4,11.700000000000273,swap,notBad
12094,4,15.900000000000546,4,11.700000000000273,2opt,improve
12095,4,13.399999999998727,4,11.700000000000273,move,improve
12096,4,13.399999999998727,4,11.700000000000273,2opt,notBad
12097,4,13.399999999998727,4,11.700000000000273,2opt,notBad
12098,4,13.399999999998727,4,11.700000000000273,move,improve
12099,4,13.399999999998727,4,11.700000000000273,2opt,notBad
12100,4,13.399999999998727,4,11.700000000000273,swap,improve
12101,4,13.399999999998727,4,11.700000000000273,2opt,notBad
12102,4,13.399999999998727,4,11.700000000000273,swap,notBad
12103,4,13.399999999998727,4,11.700000000000273,move,improve
12104,4,13.399999999998727,4,11.700000000000273,2opt,notBad
12105,4,13.399999999998727,4,11.700000000000273,swap,notBad
12106,4,13.399999999998727,4,11.700000000000273,swap,notBad
12107,4,13.399999999998727,4,11.700000000000273,move,improve
12108,4,13.399999999998727,4,11.700000000000273,swap,improve
12109,4,13.399999999998727,4,11.700000000000273,swap,improve
12110,4,13.399999999998727,4,11.700000000000273,swap,improve
12111,4,13.399999999998727,4,11.700000000000273,move,improve
12112,4,13.399999999998727,4,11.700000000000273,swap,improve
12113,4,13.399999999998727,4,11.700000000000273,move,improve
12114,4,13.399999999998727,4,11.700000000000273,move,improve
12115,4,13.399999999998727,4,11.700000000000273,move,improve
12116,4,13.399999999998727,4,11.700000000000273,2opt,notBad
12117,4,13.399999999998727,4,11.700000000000273,swap,notBad
12118,4,13.399999999998727,4,11.700000000000273,move,improve
12119,4,13.399999999998727,4,11.700000000000273,2opt,notBad
12120,4,13.399999999998727,4,11.700000000000273,move,improve
12121,4,13.399999999998727,4,11.700000000000273,move,improve
12122,4,13.399999999998727,4,11.700000000000273,2opt,notBad
12123,4,13.399999999998727,4,11.700000000000273,swap,notBad
12124,4,28.19999999999891,4,11.700000000000273,swap,acceptBad
12125,4,35.70000000000027,4,11.700000000000273,swap,acceptBad
12126,4,35.70000000000027,4,11.700000000000273,move,improve
12127,4,35.70000000000027,4,11.700000000000273,2opt,improve
12128,4,35.70000000000027,4,11.700000000000273,move,improve
12129,4,35.70000000000027,4,11.700000000000273,swap,notBad
12130,4,35.70000000000027,4,11.700000000000273,2opt,notBad
12131,4,35.70000000000027,4,11.700000000000273,2opt,notBad
12132,4,35.70000000000027,4,11.700000000000273,2opt,notBad
12133,4,35.70000000000027,4,11.700000000000273,2opt,improve
12134,4,35.70000000000027,4,11.700000000000273,2opt,improve
12135,4,35.70000000000027,4,11.700000000000273,2opt,notBad
12136,4,35.70000000000027,4,11.700000000000273,move,improve
12137,4,35.70000000000027,4,11.700000000000273,2opt,notBad
12138,4,35.70000000000027,4,11.700000000000273,2opt,notBad
12139,4,35.70000000000027,4,11.700000000000273,move,improve
12140,4,35.70000000000027,4,11.700000000000273,move,improve
12141,4,35.70000000000027,4,11.700000000000273,swap,improve
12142,4,35.70000000000027,4,11.700000000000273,move,improve
12143,4,35.70000000000027,4,11.700000000000273,move,improve
12144,4,35.70000000000027,4,11.700000000000273,swap,improve
12145,4,35.70000000000027,4,11.700000000000273,move,improve
12146,4,35.70000000000027,4,11.700000000000273,move,improve
12147,4,35.70000000000027,4,11.700000000000273,move,improve
12148,4,35.70000000000027,4,11.700000000000273,move,improve
12149,4,35.70000000000027,4,11.700000000000273,move,improve
12150,4,35.70000000000027,4,11.700000000000273,swap,notBad
12151,4,35.70000000000027,4,11.700000000000273,move,improve
12152,4,35.70000000000027,4,11.700000000000273,swap,improve
12153,4,35.70000000000027,4,11.700000000000273,swap,notBad
12154,4,35.70000000000027,4,11.700000000000273,2opt,improve
12155,4,35.70000000000027,4,11.700000000000273,swap,notBad
12156,4,35.70000000000027,4,11.700000000000273,move,improve
12157,4,35.70000000000027,4,11.700000000000273,2opt,notBad
12158,4,35.70000000000027,4,11.700000000000273,swap,notBad
12159,4,35.70000000000027,4,11.700000000000273,swap,notBad
12160,4,35.70000000000027,4,11.700000000000273,2opt,notBad
12161,4,35.70000000000027,4,11.700000000000273,swap,notBad
12162,4,35.70000000000027,4,11.700000000000273,2opt,notBad
12163,4,35.70000000000027,4,11.700000000000273,2opt,improve
12164,4,35.70000000000027,4,11.700000000000273,move,improve
12165,4,35.70000000000027,4,11.700000000000273,move,improve
12166,4,35.70000000000027,4,11.700000000000273,2opt,notBad
12167,4,35.70000000000027,4,11.700000000000273,2opt,improve
12168,4,35.70000000000027,4,11.700000000000273,move,improve
12169,4,35.70000000000027,4,11.700000000000273,2opt,notBad
12170,4,28.19999999999891,4,11.700000000000273,swap,improve
12171,4,28.19999999999891,4,11.700000000000273,2opt,notBad
12172,4,28.19999999999891,4,11.700000000000273,move,improve
12173,4,28.19999999999891,4,11.700000000000273,2opt,notBad
12174,4,7.499999999998636,4,7.499999999998636,swap,newBest
12175,4,7.499999999998636,4,7.499999999998636,2opt,notBad
12176,4,7.499999999998636,4,7.499999999998636,2opt,notBad
12177,4,7.499999999998636,4,7.499999999998636,move,improve
12178,4,7.499999999998636,4,7.499999999998636,swap,improve
12179,4,7.499999999998636,4,7.499999999998636,swap,improve
12180,4,7.499999999998636,4,7.499999999998636,2opt,notBad
12181,4,7.499999999998636,4,7.499999999998636,swap,notBad
12182,4,7.499999999998636,4,7.499999999998636,2opt,notBad
12183,4,7.499999999998636,4,7.499999999998636,swap,improve
12184,4,7.499999999998636,4,7.499999999998636,swap,improve
12185,4,7.499999999998636,4,7.499999999998636,swap,notBad
12186,4,8.399999999999181,4,7.499999999998636,2opt,acceptBad
12187,4,8.399999999999181,4,7.499999999998636,move,improve
12188,4,8.399999999999181,4,7.499999999998636,swap,notBad
12189,4,8.399999999999181,4,7.499999999998636,swap,improve
12190,4,8.399999999999181,4,7.499999999998636,2opt,notBad
12191,4,8.399999999999181,4,7.499999999998636,2opt,notBad
12192,4,8.399999999999181,4,7.499999999998636,swap,improve
12193,4,8.399999999999181,4,7.499999999998636,2opt,improve
12194,4,8.399999999999181,4,7.499999999998636,2opt,notBad
12195,4,8.399999999999181,4,7.499999999998636,swap,notBad
12196,4,8.399999999999181,4,7.499999999998636,2opt,improve
12197,4,8.399999999999181,4,7.499999999998636,2opt,notBad
12198,4,8.399999999999181,4,7.499999999998636,move,improve
12199,4,8.399999999999181,4,7.499999999998636,2opt,notBad
12200,4,8.399999999999181,4,7.499999999998636,swap,improve
12201,4,8.399999999999181,4,7.499999999998636,move,improve
12202,4,8.399999999999181,4,7.499999999998636,swap,improve
12203,4,8.399999999999181,4,7.499999999998636,move,improve
12204,4,8.399999999999181,4,7.499999999998636,swap,improve
12205,4,8.399999999999181,4,7.499999999998636,swap,notBad
12206,4,8.399999999999181,4,7.499999999998636,move,improve
12207,4,8.399999999999181,4,7.499999999998636,swap,improve
12208,4,8.399999999999181,4,7.499999999998636,move,improve
12209,4,8.399999999999181,4,7.499999999998636,2opt,improve
12210,4,8.399999999999181,4,7.499999999998636,2opt,notBad
12211,4,8.399999999999181,4,7.499999999998636,swap,improve
12212,4,8.399999999999181,4,7.499999999998636,move,improve
12213,4,8.399999999999181,4,7.499999999998636,move,improve
12214,4,8.399999999999181,4,7.499999999998636,2opt,notBad
12215,4,8.399999999999181,4,7.499999999998636,2opt,notBad
12216,4,8.399999999999181,4,7.499999999998636,move,improve
12217,4,8.399999999999181,4,7.499999999998636,2opt,notBad
12218,4,8.399999999999181,4,7.499999999998636,swap,improve
12219,4,8.399999999999181,4,7.499999999998636,2opt,notBad
12220,4,8.399999999999181,4,7.499999999998636,swap,improve
12221,4,8.399999999999181,4,7.499999999998636,2opt,improve
12222,4,8.399999999999181,4,7.499999999998636,2opt,notBad
12223,4,8.399999999999181,4,7.499999999998636,move,improve
12224,4,8.399999999999181,4,7.499999999998636,move,improve
12225,4,8.399999999999181,4,7.499999999998636,2opt,notBad
12226,4,8.399999999999181,4,7.499999999998636,swap,improve
12227,4,8.399999999999181,4,7.499999999998636,2opt,notBad
12228,4,8.399999999999181,4,7.499999999998636,move,improve
12229,4,8.399999999999181,4,7.499999999998636,swap,improve
12230,4,8.399999999999181,4,7.499999999998636,swap,improve
12231,4,8.399999999999181,4,7.499999999998636,swap,improve
12232,4,8.399999999999181,4,7.499999999998636,move,improve
12233,4,8.399999999999181,4,7.499999999998636,swap,improve
12234,4,8.399999999999181,4,7.499999999998636,move,improve
12235,4,8.399999999999181,4,7.499999999998636,2opt,improve
12236,4,8.399999999999181,4,7.499999999998636,2opt,improve
12237,4,8.399999999999181,4,7.499999999998636,move,improve
12238,4,8.399999999999181,4,7.499999999998636,2opt,improve
12239,4,8.399999999999181,4,7.499999999998636,2opt,notBad
12240,4,8.399999999999181,4,7.499999999998636,swap,improve
12241,4,8.399999999999181,4,7.499999999998636,2opt,notBad
12242,4,8.399999999999181,4,7.499999999998636,swap,notBad
12243,4,8.399999999999181,4,7.499999999998636,2opt,improve
12244,4,8.399999999999181,4,7.499999999998636,move,improve
12245,4,8.399999999999181,4,7.499999999998636,move,improve
12246,4,8.399999999999181,4,7.499999999998636,2opt,notBad
12247,4,8.399999999999181,4,7.499999999998636,move,improve
12248,4,8.399999999999181,4,7.499999999998636,2opt,notBad
12249,4,8.399999999999181,4,7.499999999998636,move,improve
12250,4,8.399999999999181,4,7.499999999998636,2opt,notBad
12251,4,8.399999999999181,4,7.499999999998636,2opt,notBad
12252,4,8.399999999999181,4,7.499999999998636,2opt,notBad
12253,4,8.399999999999181,4,7.499999999998636,swap,improve
12254,4,8.399999999999181,4,7.499999999998636,2opt,notBad
12255,4,8.399999999999181,4,7.499999999998636,2opt,improve
12256,4,8.399999999999181,4,7.499999999998636,swap,improve
12257,4,8.399999999999181,4,7.499999999998636,2opt,notBad
12258,4,8.399999999999181,4,7.499999999998636,swap,improve
12259,4,8.399999999999181,4,7.499999999998636,move,improve
12260,4,8.399999999999181,4,7.499999999998636,swap,improve
12261,4,8.399999999999181,4,7.499999999998636,2opt,notBad
12262,4,8.399999999999181,4,7.499999999998636,2opt,notBad
12263,4,8.399999999999181,4,7.499999999998636,move,notBad
12264,4,8.399999999999181,4,7.499999999998636,move,improve
12265,4,8.399999999999181,4,7.499999999998636,move,improve
12266,4,8.399999999999181,4,7.499999999998636,swap,improve
12267,4,8.399999999999181,4,7.499999999998636,2opt,notBad
12268,4,8.399999999999181,4,7.499999999998636,swap,improve
12269,4,8.399999999999181,4,7.499999999998636,2opt,notBad
12270,4,8.399999999999181,4,7.499999999998636,2opt,notBad
12271,4,8.399999999999181,4,7.499999999998636,2opt,notBad
12272,4,8.399999999999181,4,7.499999999998636,2opt,notBad
12273,4,8.399999999999181,4,7.499999999998636,swap,notBad
12274,4,8.399999999999181,4,7.499999999998636,2opt,notBad
12275,4,8.399999999999181,4,7.499999999998636,2opt,improve
12276,4,8.399999999999181,4,7.499999999998636,2opt,notBad
12277,4,8.399999999999181,4,7.499999999998636,move,improve
12278,4,8.399999999999181,4,7.499999999998636,2opt,notBad
12279,4,8.399999999999181,4,7.499999999998636,swap,improve
12280,4,8.399999999999181,4,7.499999999998636,swap,improve
12281,4,8.399999999999181,4,7.499999999998636,swap,notBad
12282,4,8.399999999999181,4,7.499999999998636,move,improve
12283,4,8.399999999999181,4,7.499999999998636,swap,improve
12284,4,29.099999999999454,4,7.499999999998636,move,acceptBad
12285,4,29.099999999999454,4,7.499999999998636,move,improve
12286,4,29.099999999999454,4,7.499999999998636,move,improve
12287,4,29.099999999999454,4,7.499999999998636,move,improve
12288,4,29.099999999999454,4,7.499999999998636,swap,improve
12289,4,29.099999999999454,4,7.499999999998636,swap,improve
12290,4,29.099999999999454,4,7.499999999998636,2opt,notBad
12291,4,29.099999999999454,4,7.499999999998636,2opt,notBad
12292,4,29.099999999999454,4,7.499999999998636,swap,improve
12293,4,29.099999999999454,4,7.499999999998636,move,improve
12294,4,29.099999999999454,4,7.499999999998636,2opt,notBad
12295,4,29.099999999999454,4,7.499999999998636,2opt,notBad
12296,4,29.099999999999454,4,7.499999999998636,swap,improve
12297,4,29.099999999999454,4,7.499999999998636,2opt,notBad
12298,4,29.099999999999454,4,7.499999999998636,2opt,notBad
12299,4,29.099999999999454,4,7.499999999998636,move,improve
12300,4,29.099999999999454,4,7.499999999998636,move,improve
12301,4,29.099999999999454,4,7.499999999998636,move,improve
12302,4,29.099999999999454,4,7.499999999998636,swap,improve
12303,4,29.099999999999454,4,7.499999999998636,swap,improve
12304,4,29.099999999999454,4,7.499999999998636,move,improve
12305,4,29.099999999999454,4,7.499999999998636,2opt,notBad
12306,4,29.099999999999454,4,7.499999999998636,2opt,notBad
12307,4,29.099999999999454,4,7.499999999998636,2opt,notBad
12308,4,29.099999999999454,4,7.499999999998636,swap,improve
12309,4,29.099999999999454,4,7.499999999998636,swap,notBad
12310,4,29.099999999999454,4,7.499999999998636,2opt,notBad
12311,4,29.099999999999454,4,7.499999999998636,move,improve
12312,4,29.099999999999454,4,7.499999999998636,swap,notBad
12313,4,8.399999999999181,4,7.499999999998636,move,improve
12314,4,8.399999999999181,4,7.499999999998636,swap,improve
12315,4,8.399999999999181,4,7.499999999998636,swap,improve
12316,4,8.399999999999181,4,7.499999999998636,2opt,notBad
12317,4,8.399999999999181,4,7.499999999998636,swap,notBad
12318,4,8.399999999999181,4,7.499999999998636,move,improve
12319,4,8.399999999999181,4,7.499999999998636,move,improve
12320,4,8.399999999999181,4,7.499999999998636,move,improve
12321,4,8.399999999999181,4,7.499999999998636,2opt,notBad
12322,4,8.399999999999181,4,7.499999999998636,swap,notBad
12323,4,8.399999999999181,4,7.499999999998636,2opt,notBad
12324,4,8.399999999999181,4,7.499999999998636,2opt,notBad
12325,4,8.399999999999181,4,7.499999999998636,move,improve
12326,4,8.399999999999181,4,7.499999999998636,swap,improve
12327,4,8.399999999999181,4,7.499999999998636,move,notBad
12328,4,8.399999999999181,4,7.499999999998636,swap,notBad
12329,4,8.399999999999181,4,7.499999999998636,2opt,notBad
12330,4,8.399999999999181,4,7.499999999998636,2opt,notBad
12331,4,8.399999999999181,4,7.499999999998636,swap,notBad
12332,4,8.399999999999181,4,7.499999999998636,swap,improve
12333,4,7.499999999998636,4,7.499999999998636,swap,improve
12334,4,7.499999999998636,4,7.499999999998636,swap,improve
12335,4,7.499999999998636,4,7.499999999998636,swap,improve
12336,4,7.499999999998636,4,7.499999999998636,move,improve
12337,4,7.499999999998636,4,7.499999999998636,swap,improve
12338,4,7.499999999998636,4,7.499999999998636,move,improve
12339,4,7.499999999998636,4,7.499999999998636,2opt,notBad
12340,4,7.499999999998636,4,7.499999999998636,2opt,notBad
12341,4,7.499999999998636,4,7.499999999998636,2opt,notBad
12342,4,7.499999999998636,4,7.499999999998636,swap,notBad
12343,4,7.499999999998636,4,7.499999999998636,move,improve
12344,4,7.499999999998636,4,7.499999999998636,move,improve
12345,4,7.499999999998636,4,7.499999999998636,swap,notBad
12346,4,7.499999999998636,4,7.499999999998636,2opt,notBad
12347,4,7.499999999998636,4,7.499999999998636,swap,improve
12348,4,7.499999999998636,4,7.499999999998636,swap,notBad
12349,4,7.499999999998636,4,7.499999999998636,move,improve
12350,4,7.499999999998636,4,7.499999999998636,2opt,improve
12351,4,7.499999999998636,4,7.499999999998636,swap,improve
12352,4,7.499999999998636,4,7.499999999998636,2opt,notBad
12353,4,7.499999999998636,4,7.499999999998636,2opt,improve
12354,4,7.499999999998636,4,7.499999999998636,swap,notBad
12355,4,7.499999999998636,4,7.499999999998636,move,improve
12356,4,7.499999999998636,4,7.499999999998636,move,improve
12357,4,7.499999999998636,4,7.499999999998636,2opt,notBad
12358,4,7.499999999998636,4,7.499999999998636,swap,improve
12359,4,7.499999999998636,4,7.499999999998636,2opt,notBad
12360,4,7.499999999998636,4,7.499999999998636,2opt,notBad
12361,4,7.499999999998636,4,7.499999999998636,swap,improve
12362,4,7.499999999998636,4,7.499999999998636,move,improve
12363,4,7.499999999998636,4,7.499999999998636,swap,notBad
12364,4,7.499999999998636,4,7.499999999998636,move,improve
12365,4,7.499999999998636,4,7.499999999998636,move,improve
12366,4,7.499999999998636,4,7.499999999998636,move,improve
12367,4,7.499999999998636,4,7.499999999998636,move,improve
12368,4,7.499999999998636,4,7.499999999998636,2opt,notBad
12369,4,7.499999999998636,4,7.499999999998636,swap,improve
12370,4,7.499999999998636,4,7.499999999998636,move,improve
12371,4,7.499999999998636,4,7.499999999998636,2opt,notBad
12372,4,7.499999999998636,4,7.499999999998636,move,improve
12373,4,7.499999999998636,4,7.499999999998636,swap,improve
12374,4,7.499999999998636,4,7.499999999998636,2opt,notBad
12375,4,7.499999999998636,4,7.499999999998636,2opt,notBad
12376,4,7.499999999998636,4,7.499999999998636,move,improve
12377,4,7.499999999998636,4,7.499999999998636,2opt,notBad
12378,4,7.499999999998636,4,7.499999999998636,swap,notBad
12379,4,7.499999999998636,4,7.499999999998636,swap,improve
12380,4,7.499999999998636,4,7.499999999998636,2opt,notBad
12381,4,7.499999999998636,4,7.499999999998636,swap,notBad
12382,4,7.499999999998636,4,7.499999999998636,move,improve
12383,4,11.899999999999181,4,7.499999999998636,swap,acceptBad
12384,4,11.899999999999181,4,7.499999999998636,2opt,notBad
12385,4,11.899999999999181,4,7.499999999998636,2opt,notBad
12386,4,11.899999999999181,4,7.499999999998636,swap,improve
12387,4,11.899999999999181,4,7.499999999998636,move,improve
12388,4,11.899999999999181,4,7.499999999998636,swap,notBad
12389,4,11.199999999999818,4,7.499999999998636,swap,improve
12390,4,11.199999999999818,4,7.499999999998636,move,improve
12391,4,11.199999999999818,4,7.499999999998636,2opt,improve
12392,4,11.199999999999818,4,7.499999999998636,swap,notBad
12393,4,11.199999999999818,4,7.499999999998636,swap,notBad
12394,4,11.199999999999818,4,7.499999999998636,swap,improve
12395,4,11.199999999999818,4,7.499999999998636,2opt,notBad
12396,4,11.199999999999818,4,7.499999999998636,swap,improve
12397,4,11.199999999999818,4,7.499999999998636,swap,improve
12398,4,11.199999999999818,4,7.499999999998636,swap,notBad
12399,4,11.199999999999818,4,7.499999999998636,2opt,notBad
12400,4,16.799999999998363,4,7.499999999998636,swap,acceptBad
12401,4,16.799999999998363,4,7.499999999998636,swap,notBad
12402,4,16.799999999998363,4,7.499999999998636,swap,notBad
12403,4,16.799999999998363,4,7.499999999998636,swap,notBad
12404,4,16.799999999998363,4,7.499999999998636,swap,notBad
12405,4,16.799999999998363,4,7.499999999998636,swap,notBad
12406,4,16.799999999998363,4,7.499999999998636,swap,notBad
12407,4,16.799999999998363,4,7.499999999998636,2opt,notBad
12408,4,16.799999999998363,4,7.499999999998636,move,improve
12409,4,16.799999999998363,4,7.499999999998636,swap,notBad
12410,4,16.799999999998363,4,7.499999999998636,move,improve
12411,4,16.799999999998363,4,7.499999999998636,2opt,notBad
12412,4,16.799999999998363,4,7.499999999998636,2opt,notBad
12413,4,16.799999999998363,4,7.499999999998636,move,improve
12414,4,16.799999999998363,4,7.499999999998636,swap,notBad
12415,4,16.799999999998363,4,7.499999999998636,2opt,notBad
12416,4,16.799999999998363,4,7.499999999998636,2opt,notBad
12417,4,16.799999999998363,4,7.499999999998636,2opt,notBad
12418,4,11.199999999999818,4,7.499999999998636,swap,improve
12419,4,11.199999999999818,4,7.499999999998636,swap,notBad
12420,4,11.199999999999818,4,7.499999999998636,2opt,notBad
12421,4,11.199999999999818,4,7.499999999998636,2opt,notBad
12422,4,11.199999999998909,4,7.499999999998636,swap,improve
12423,4,11.199999999998909,4,7.499999999998636,swap,notBad
12424,4,11.199999999998909,4,7.499999999998636,move,improve
12425,4,11.199999999998909,4,7.499999999998636,2opt,notBad
12426,4,11.199999999998909,4,7.499999999998636,move,improve
12427,4,5.399999999997817,4,5.399999999997817,swap,newBest
12428,4,5.399999999997817,4,5.399999999997817,2opt,notBad
12429,4,5.399999999997817,4,5.399999999997817,swap,notBad
12430,4,5.399999999997817,4,5.399999999997817,move,improve
12431,4,5.399999999997817,4,5.399999999997817,move,improve
12432,4,5.399999999997817,4,5.399999999997817,move,improve
12433,4,5.399999999997817,4,5.399999999997817,2opt,notBad
12434,4,5.399999999997817,4,5.399999999997817,swap,notBad
12435,4,5.399999999997817,4,5.399999999997817,2opt,notBad
12436,4,5.399999999997817,4,5.399999999997817,2opt,notBad
12437,4,5.399999999997817,4,5.399999999997817,move,improve
12438,4,5.399999999997817,4,5.399999999997817,swap,improve
12439,4,5.399999999997817,4,5.399999999997817,move,improve
12440,4,5.399999999997817,4,5.399999999997817,2opt,notBad
12441,4,7.199999999998909,4,5.399999999997817,swap,acceptBad
12442,4,7.199999999998909,4,5.399999999997817,move,improve
12443,4,7.199999999998909,4,5.399999999997817,swap,notBad
12444,4,7.199999999998909,4,5.399999999997817,2opt,improve
12445,4,7.199999999998909,4,5.399999999997817,move,improve
12446,4,7.199999999998909,4,5.399999999997817,move,improve
12447,4,7.199999999998909,4,5.399999999997817,swap,notBad
12448,4,7.199999999998909,4,5.399999999997817,move,improve
12449,4,7.199999999998909,4,5.399999999997817,2opt,improve
12450,4,7.199999999998909,4,5.399999999997817,2opt,notBad
12451,4,7.199999999998909,4,5.399999999997817,swap,notBad
12452,4,7.199999999998909,4,5.399999999997817,move,improve
12453,4,7.199999999998909,4,5.399999999997817,swap,notBad
12454,4,7.199999999998909,4,5.399999999997817,swap,notBad
12455,4,7.199999999998909,4,5.399999999997817,2opt,notBad
12456,4,7.199999999998909,4,5.399999999997817,2opt,notBad
12457,4,7.199999999998909,4,5.399999999997817,swap,notBad
12458,4,7.199999999998909,4,5.399999999997817,move,improve
12459,4,7.199999999998909,4,5.399999999997817,2opt,improve
12460,4,7.199999999998909,4,5.399999999997817,2opt,improve
12461,4,7.199999999998909,4,5.399999999997817,swap,notBad
12462,4,7.199999999998909,4,5.399999999997817,swap,improve
12463,4,7.199999999998909,4,5.399999999997817,2opt,notBad
12464,4,5.199999999999363,4,5.199999999999363,move,newBest
12465,4,5.199999999999363,4,5.199999999999363,2opt,notBad
12466,4,5.199999999999363,4,5.199999999999363,swap,improve
12467,4,5.199999999999363,4,5.199999999999363,2opt,notBad
12468,4,5.199999999999363,4,5.199999999999363,move,improve
12469,4,5.199999999999363,4,5.199999999999363,move,improve
12470,4,5.199999999999363,4,5.199999999999363,swap,improve
12471,4,5.199999999999363,4,5.199999999999363,swap,notBad
12472,4,5.199999999999363,4,5.199999999999363,move,improve
12473,4,5.199999999999363,4,5.199999999999363,2opt,notBad
12474,4,5.199999999999363,4,5.199999999999363,2opt,improve
12475,4,5.199999999999363,4,5.199999999999363,2opt,notBad
12476,4,5.199999999999363,4,5.199999999999363,swap,notBad
12477,4,5.199999999999363,4,5.199999999999363,2opt,improve
12478,4,5.199999999999363,4,5.199999999999363,swap,improve
12479,4,5.199999999999363,4,5.199999999999363,swap,improve
12480,4,5.199999999999363,4,5.199999999999363,move,improve
12481,4,5.199999999999363,4,5.199999999999363,move,improve
12482,4,5.199999999999363,4,5.199999999999363,swap,notBad
12483,4,5.199999999999363,4,5.199999999999363,swap,notBad
12484,4,5.199999999999363,4,5.199999999999363,2opt,improve
12485,4,5.199999999999363,4,5.199999999999363,move,improve
12486,4,5.199999999999363,4,5.199999999999363,move,improve
12487,4,5.199999999999363,4,5.199999999999363,2opt,notBad
12488,4,5.199999999999363,4,5.199999999999363,swap,improve
12489,4,5.199999999999363,4,5.199999999999363,swap,improve
12490,4,5.199999999999363,4,5.199999999999363,swap,improve
12491,4,5.199999999999363,4,5.199999999999363,2opt,notBad
12492,4,5.199999999999363,4,5.199999999999363,2opt,notBad
12493,4,5.199999999999363,4,5.199999999999363,swap,notBad
12494,4,5.199999999999363,4,5.199999999999363,2opt,notBad
12495,4,5.199999999999363,4,5.199999999999363,move,improve
12496,4,5.199999999999363,4,5.199999999999363,swap,improve
12497,4,5.199999999999363,4,5.199999999999363,swap,improve
12498,4,5.199999999999363,4,5.199999999999363,2opt,notBad
12499,4,5.199999999999363,4,5.199999999999363,move,improve
12500,4,5.199999999999363,4,5.199999999999363,swap,notBad
12501,4,5.199999999999363,4,5.199999999999363,move,improve
12502,4,5.199999999999363,4,5.199999999999363,move,improve
12503,4,5.199999999999363,4,5.199999999999363,2opt,notBad
12504,4,5.199999999999363,4,5.199999999999363,move,improve
12505,4,5.199999999999363,4,5.199999999999363,move,improve
12506,4,5.199999999999363,4,5.199999999999363,move,improve
12507,4,5.199999999999363,4,5.199999999999363,move,improve
12508,4,5.199999999999363,4,5.199999999999363,swap,improve
12509,4,5.199999999999363,4,5.199999999999363,swap,improve
12510,4,5.199999999999363,4,5.199999999999363,2opt,notBad
12511,4,5.199999999999363,4,5.199999999999363,swap,improve
12512,4,5.199999999999363,4,5.199999999999363,swap,notBad
12513,4,5.199999999999363,4,5.199999999999363,swap,improve
12514,4,5.199999999999363,4,5.199999999999363,move,improve
12515,4,5.199999999999363,4,5.199999999999363,move,improve
12516,4,5.199999999999363,4,5.199999999999363,swap,notBad
12517,4,5.199999999999363,4,5.199999999999363,2opt,improve
12518,4,5.199999999999363,4,5.199999999999363,2opt,notBad
12519,4,5.199999999999363,4,5.199999999999363,2opt,improve
12520,4,5.199999999999363,4,5.199999999999363,swap,improve
12521,4,5.199999999999363,4,5.199999999999363,2opt,notBad
12522,4,5.199999999999363,4,5.199999999999363,2opt,notBad
12523,4,5.199999999999363,4,5.199999999999363,swap,improve
12524,4,5.199999999999363,4,5.199999999999363,2opt,notBad
12525,4,5.199999999999363,4,5.199999999999363,move,improve
12526,4,5.199999999999363,4,5.199999999999363,move,improve
12527,4,5.199999999999363,4,5.199999999999363,swap,improve
12528,4,5.199999999999363,4,5.199999999999363,swap,improve
12529,4,5.199999999999363,4,5.199999999999363,swap,improve
12530,4,5.199999999999363,4,5.199999999999363,swap,improve
12531,4,5.199999999999363,4,5.199999999999363,move,improve
12532,4,5.199999999999363,4,5.199999999999363,2opt,notBad
12533,4,5.199999999999363,4,5.199999999999363,move,improve
12534,4,5.199999999999363,4,5.199999999999363,2opt,notBad
12535,4,5.199999999999363,4,5.199999999999363,swap,notBad
12536,4,5.199999999999363,4,5.199999999999363,swap,improve
12537,4,5.199999999999363,4,5.199999999999363,swap,notBad
12538,4,5.199999999999363,4,5.199999999999363,2opt,notBad
12539,4,5.199999999999363,4,5.199999999999363,swap,improve
12540,4,5.199999999999363,4,5.199999999999363,2opt,notBad
12541,4,5.199999999999363,4,5.199999999999363,swap,notBad
12542,4,5.199999999999363,4,5.199999999999363,swap,improve
12543,4,5.199999999999363,4,5.199999999999363,2opt,notBad
12544,4,5.199999999999363,4,5.199999999999363,2opt,notBad
12545,4,5.199999999999363,4,5.199999999999363,2opt,improve
12546,4,5.199999999999363,4,5.199999999999363,swap,improve
12547,4,5.199999999999363,4,5.199999999999363,swap,notBad
12548,4,5.199999999999363,4,5.199999999999363,move,improve
12549,4,5.199999999999363,4,5.199999999999363,move,improve
12550,4,5.199999999999363,4,5.199999999999363,2opt,improve
12551,4,5.199999999999363,4,5.199999999999363,move,improve
12552,4,5.199999999999363,4,5.199999999999363,swap,improve
12553,4,5.199999999999363,4,5.199999999999363,swap,notBad
12554,4,5.199999999999363,4,5.199999999999363,swap,notBad
12555,4,5.199999999999363,4,5.199999999999363,swap,improve
12556,4,5.199999999999363,4,5.199999999999363,swap,improve
12557,4,5.199999999999363,4,5.199999999999363,swap,notBad
12558,4,5.199999999999363,4,5.199999999999363,2opt,notBad
12559,4,5.199999999999363,4,5.199999999999363,move,improve
12560,4,5.199999999999363,4,5.199999999999363,2opt,notBad
12561,4,5.199999999999363,4,5.199999999999363,2opt,notBad
12562,4,5.199999999999363,4,5.199999999999363,2opt,notBad
12563,4,5.199999999999363,4,5.199999999999363,2opt,notBad
12564,4,5.199999999999363,4,5.199999999999363,swap,improve
12565,4,25.5,4,5.199999999999363,move,acceptBad
12566,4,19.40000000000009,4,5.199999999999363,swap,improve
12567,4,19.40000000000009,4,5.199999999999363,swap,notBad
12568,4,13.099999999999909,4,5.199999999999363,swap,improve
12569,4,13.099999999999909,4,5.199999999999363,2opt,improve
12570,4,13.099999999999909,4,5.199999999999363,swap,improve
12571,4,13.099999999999909,4,5.199999999999363,2opt,notBad
12572,4,13.099999999999909,4,5.199999999999363,swap,improve
12573,4,13.099999999999909,4,5.199999999999363,2opt,notBad
12574,4,13.099999999999909,4,5.199999999999363,move,improve
12575,4,13.099999999999909,4,5.199999999999363,move,improve
12576,4,13.099999999999909,4,5.199999999999363,move,notBad
12577,4,13.099999999999909,4,5.199999999999363,move,improve
12578,4,13.099999999999909,4,5.199999999999363,2opt,notBad
12579,4,13.099999999999909,4,5.199999999999363,2opt,notBad
12580,4,13.099999999999909,4,5.199999999999363,swap,improve
12581,4,13.099999999999909,4,5.199999999999363,swap,notBad
12582,4,13.099999999999909,4,5.199999999999363,swap,notBad
12583,4,13.099999999999909,4,5.199999999999363,swap,notBad
12584,4,13.099999999999909,4,5.199999999999363,move,improve
12585,4,13.099999999999909,4,5.199999999999363,2opt,notBad
12586,4,13.099999999999909,4,5.199999999999363,move,improve
12587,4,13.099999999999909,4,5.199999999999363,2opt,notBad
12588,4,13.099999999999909,4,5.199999999999363,swap,improve
12589,4,13.099999999999909,4,5.199999999999363,2opt,notBad
12590,4,33.80000000000018,4,5.199999999999363,move,acceptBad
12591,4,33.80000000000018,4,5.199999999999363,2opt,improve
12592,4,33.80000000000018,4,5.199999999999363,swap,improve
12593,4,33.80000000000018,4,5.199999999999363,2opt,notBad
12594,4,33.80000000000018,4,5.199999999999363,2opt,improve
12595,4,33.80000000000018,4,5.199999999999363,2opt,notBad
12596,4,5.1000000000008185,4,5.1000000000008185,move,newBest
12597,4,5.1000000000008185,4,5.1000000000008185,swap,notBad
12598,4,5.1000000000008185,4,5.1000000000008185,swap,improve
12599,4,5.1000000000008185,4,5.1000000000008185,2opt,notBad
12600,4,5.1000000000008185,4,5.1000000000008185,swap,notBad
12601,4,2.800000000000182,4,2.800000000000182,swap,newBest
12602,4,2.800000000000182,4,2.800000000000182,swap,improve
12603,4,2.800000000000182,4,2.800000000000182,2opt,notBad
12604,4,2.800000000000182,4,2.800000000000182,2opt,notBad
12605,4,2.800000000000182,4,2.800000000000182,swap,improve
12606,4,3.0000000000013642,4,2.800000000000182,swap,acceptBad
12607,4,3.0000000000013642,4,2.800000000000182,2opt,notBad
12608,4,3.0000000000013642,4,2.800000000000182,2opt,notBad
12609,4,3.0000000000013642,4,2.800000000000182,swap,notBad
12610,4,3.0000000000013642,4,2.800000000000182,2opt,notBad
12611,4,3.0000000000013642,4,2.800000000000182,move,improve
12612,4,2.800000000000182,4,2.800000000000182,move,improve
12613,4,2.800000000000182,4,2.800000000000182,move,improve
12614,4,2.800000000000182,4,2.800000000000182,swap,notBad
12615,4,2.800000000000182,4,2.800000000000182,swap,improve
12616,4,2.800000000000182,4,2.800000000000182,move,improve
12617,4,2.800000000000182,4,2.800000000000182,swap,notBad
12618,4,2.800000000000182,4,2.800000000000182,2opt,notBad
12619,4,2.800000000000182,4,2.800000000000182,swap,notBad
12620,4,2.800000000000182,4,2.800000000000182,move,improve
12621,4,2.800000000000182,4,2.800000000000182,move,improve
12622,4,2.800000000000182,4,2.800000000000182,swap,improve
12623,4,2.800000000000182,4,2.800000000000182,move,improve
12624,4,2.800000000000182,4,2.800000000000182,move,improve
12625,4,5.899999999999636,4,2.800000000000182,swap,acceptBad
12626,4,5.899999999999636,4,2.800000000000182,move,improve
12627,4,5.899999999999636,4,2.800000000000182,swap,notBad
12628,4,5.899999999999636,4,2.800000000000182,swap,notBad
12629,4,5.899999999999636,4,2.800000000000182,2opt,notBad
12630,4,5.899999999999636,4,2.800000000000182,swap,improve
12631,4,5.899999999999636,4,2.800000000000182,2opt,notBad
12632,4,5.899999999999636,4,2.800000000000182,2opt,notBad
12633,4,5.899999999999636,4,2.800000000000182,swap,improve
12634,4,4.200000000000273,4,2.800000000000182,swap,improve
12635,4,4.200000000000273,4,2.800000000000182,move,improve
12636,4,4.200000000000273,4,2.800000000000182,swap,notBad
12637,4,4.200000000000273,4,2.800000000000182,move,improve
12638,4,4.200000000000273,4,2.800000000000182,move,improve
12639,4,4.200000000000273,4,2.800000000000182,move,improve
12640,4,7.9999999999990905,4,2.800000000000182,swap,acceptBad
12641,4,7.9999999999990905,4,2.800000000000182,2opt,notBad
12642,4,7.9999999999990905,4,2.800000000000182,move,improve
12643,4,9.199999999997999,4,2.800000000000182,swap,acceptBad
12644,4,9.199999999997999,4,2.800000000000182,swap,notBad
12645,4,9.199999999997999,4,2.800000000000182,move,improve
12646,4,9.199999999997999,4,2.800000000000182,swap,notBad
12647,4,9.199999999997999,4,2.800000000000182,swap,notBad
12648,4,9.199999999997999,4,2.800000000000182,move,improve
12649,4,9.199999999997999,4,2.800000000000182,swap,notBad
12650,4,9.199999999997999,4,2.800000000000182,2opt,notBad
12651,4,9.199999999997999,4,2.800000000000182,swap,improve
12652,4,9.199999999997999,4,2.800000000000182,2opt,notBad
12653,4,9.199999999997999,4,2.800000000000182,2opt,notBad
12654,4,9.199999999997999,4,2.800000000000182,move,improve
12655,4,11.299999999997453,4,2.800000000000182,swap,acceptBad
12656,4,11.299999999997453,4,2.800000000000182,2opt,improve
12657,4,11.299999999997453,4,2.800000000000182,swap,notBad
12658,4,11.299999999997453,4,2.800000000000182,2opt,notBad
12659,4,11.299999999997453,4,2.800000000000182,move,improve
12660,4,11.299999999997453,4,2.800000000000182,2opt,notBad
12661,4,11.299999999997453,4,2.800000000000182,2opt,notBad
12662,4,11.299999999997453,4,2.800000000000182,2opt,notBad
12663,4,11.299999999997453,4,2.800000000000182,2opt,notBad
12664,4,11.299999999997453,4,2.800000000000182,move,improve
12665,4,11.299999999997453,4,2.800000000000182,move,improve
12666,4,11.299999999997453,4,2.800000000000182,2opt,notBad
12667,4,11.299999999997453,4,2.800000000000182,move,improve
12668,4,11.299999999997453,4,2.800000000000182,2opt,notBad
12669,4,11.299999999997453,4,2.800000000000182,swap,notBad
12670,4,11.299999999997453,4,2.800000000000182,move,improve
12671,4,11.299999999997453,4,2.800000000000182,2opt,notBad
12672,4,18.499999999997726,4,2.800000000000182,swap,acceptBad
12673,4,18.499999999997726,4,2.800000000000182,2opt,notBad
12674,4,18.499999999997726,4,2.800000000000182,move,improve
12675,4,18.499999999997726,4,2.800000000000182,2opt,notBad
12676,4,18.499999999997726,4,2.800000000000182,swap,notBad
12677,4,18.499999999997726,4,2.800000000000182,2opt,improve
12678,4,18.499999999997726,4,2.800000000000182,2opt,notBad
12679,4,18.499999999997726,4,2.800000000000182,swap,notBad
12680,4,18.499999999997726,4,2.800000000000182,2opt,notBad
12681,4,25.200000000001637,4,2.800000000000182,swap,acceptBad
12682,4,25.200000000001637,4,2.800000000000182,swap,improve
12683,4,25.200000000001637,4,2.800000000000182,swap,improve
12684,4,25.200000000001637,4,2.800000000000182,move,improve
12685,4,19.399999999999636,4,2.800000000000182,swap,improve
12686,4,19.399999999999636,4,2.800000000000182,swap,improve
12687,4,19.399999999999636,4,2.800000000000182,2opt,improve
12688,4,19.399999999999636,4,2.800000000000182,move,improve
12689,4,19.399999999999636,4,2.800000000000182,2opt,notBad
12690,4,19.399999999999636,4,2.800000000000182,2opt,notBad
12691,4,19.399999999999636,4,2.800000000000182,2opt,improve
12692,4,19.399999999999636,4,2.800000000000182,2opt,notBad
12693,4,19.399999999999636,4,2.800000000000182,move,improve
12694,4,19.399999999999636,4,2.800000000000182,2opt,notBad
12695,4,19.399999999999636,4,2.800000000000182,2opt,notBad
12696,4,19.399999999999636,4,2.800000000000182,2opt,notBad
12697,4,19.399999999999636,4,2.800000000000182,swap,notBad
12698,4,19.399999999999636,4,2.800000000000182,move,improve
12699,4,19.399999999999636,4,2.800000000000182,move,improve
12700,4,19.399999999999636,4,2.800000000000182,swap,improve
12701,4,19.399999999999636,4,2.800000000000182,2opt,notBad
12702,4,19.399999999999636,4,2.800000000000182,2opt,notBad
12703,4,19.399999999999636,4,2.800000000000182,swap,improve
12704,4,19.399999999999636,4,2.800000000000182,2opt,notBad
12705,4,19.399999999999636,4,2.800000000000182,2opt,notBad
12706,4,19.399999999999636,4,2.800000000000182,2opt,improve
12707,4,19.399999999999636,4,2.800000000000182,move,improve
12708,4,19.399999999999636,4,2.800000000000182,move,improve
12709,4,19.399999999999636,4,2.800000000000182,move,improve
12710,4,19.399999999999636,4,2.800000000000182,move,improve
12711,4,19.399999999999636,4,2.800000000000182,2opt,notBad
12712,4,19.399999999999636,4,2.800000000000182,swap,improve
12713,4,19.399999999999636,4,2.800000000000182,move,improve
12714,4,19.399999999999636,4,2.800000000000182,2opt,notBad
12715,4,19.399999999999636,4,2.800000000000182,move,improve
12716,4,19.399999999999636,4,2.800000000000182,move,improve
12717,4,19.399999999999636,4,2.800000000000182,2opt,notBad
12718,4,19.399999999999636,4,2.800000000000182,2opt,notBad
12719,4,19.399999999999636,4,2.800000000000182,2opt,improve
12720,4,19.399999999999636,4,2.800000000000182,swap,notBad
12721,4,19.399999999999636,4,2.800000000000182,swap,notBad
12722,4,19.399999999999636,4,2.800000000000182,move,improve
12723,4,19.399999999999636,4,2.800000000000182,swap,improve
12724,4,19.399999999999636,4,2.800000000000182,2opt,notBad
12725,4,19.399999999999636,4,2.800000000000182,move,notBad
12726,4,19.399999999999636,4,2.800000000000182,2opt,improve
12727,4,19.399999999999636,4,2.800000000000182,move,improve
12728,4,19.399999999999636,4,2.800000000000182,swap,improve
12729,4,19.399999999999636,4,2.800000000000182,2opt,notBad
12730,4,19.399999999999636,4,2.800000000000182,swap,improve
12731,4,19.399999999999636,4,2.800000000000182,move,improve
12732,4,19.399999999999636,4,2.800000000000182,swap,improve
12733,4,19.399999999999636,4,2.800000000000182,swap,notBad
12734,4,19.399999999999636,4,2.800000000000182,move,improve
12735,4,19.399999999999636,4,2.800000000000182,2opt,notBad
12736,4,19.399999999999636,4,2.800000000000182,swap,improve
12737,4,19.399999999999636,4,2.800000000000182,swap,notBad
12738,4,19.399999999999636,4,2.800000000000182,swap,improve
12739,4,19.399999999999636,4,2.800000000000182,swap,improve
12740,4,25.399999999999636,4,2.800000000000182,swap,acceptBad
12741,4,25.399999999999636,4,2.800000000000182,swap,notBad
12742,4,25.399999999999636,4,2.800000000000182,2opt,notBad
12743,4,25.399999999999636,4,2.800000000000182,swap,improve
12744,4,25.399999999999636,4,2.800000000000182,move,improve
12745,4,25.399999999999636,4,2.800000000000182,move,improve
12746,4,25.399999999999636,4,2.800000000000182,swap,improve
12747,4,25.399999999999636,4,2.800000000000182,swap,improve
12748,4,25.399999999999636,4,2.800000000000182,2opt,improve
12749,4,25.399999999999636,4,2.800000000000182,move,improve
12750,4,25.399999999999636,4,2.800000000000182,swap,improve
12751,4,25.399999999999636,4,2.800000000000182,swap,notBad
12752,4,25.399999999999636,4,2.800000000000182,2opt,notBad
12753,4,25.399999999999636,4,2.800000000000182,move,improve
12754,4,25.399999999999636,4,2.800000000000182,swap,notBad
12755,4,25.399999999999636,4,2.800000000000182,2opt,notBad
12756,4,25.399999999999636,4,2.800000000000182,move,improve
12757,4,25.399999999999636,4,2.800000000000182,swap,improve
12758,4,25.399999999999636,4,2.800000000000182,2opt,improve
12759,4,25.399999999999636,4,2.800000000000182,move,improve
12760,4,25.399999999999636,4,2.800000000000182,swap,improve
12761,4,25.399999999999636,4,2.800000000000182,swap,notBad
12762,4,25.399999999999636,4,2.800000000000182,swap,notBad
12763,4,25.399999999999636,4,2.800000000000182,2opt,notBad
12764,4,25.399999999999636,4,2.800000000000182,move,improve
12765,4,25.399999999999636,4,2.800000000000182,move,improve
12766,4,25.399999999999636,4,2.800000000000182,swap,improve
12767,4,25.399999999999636,4,2.800000000000182,swap,improve
12768,4,25.399999999999636,4,2.800000000000182,swap,improve
12769,4,25.399999999999636,4,2.800000000000182,move,improve
12770,4,25.399999999999636,4,2.800000000000182,move,improve
12771,4,25.399999999999636,4,2.800000000000182,2opt,notBad
12772,4,25.399999999999636,4,2.800000000000182,swap,improve
12773,4,25.399999999999636,4,2.800000000000182,2opt,notBad
12774,4,25.399999999999636,4,2.800000000000182,swap,improve
12775,4,25.399999999999636,4,2.800000000000182,2opt,improve
12776,4,25.399999999999636,4,2.800000000000182,move,improve
12777,4,25.399999999999636,4,2.800000000000182,move,improve
12778,4,25.399999999999636,4,2.800000000000182,2opt,notBad
12779,4,25.399999999999636,4,2.800000000000182,swap,notBad
12780,4,25.399999999999636,4,2.800000000000182,swap,improve
12781,4,25.399999999999636,4,2.800000000000182,2opt,notBad
12782,4,25.399999999999636,4,2.800000000000182,swap,notBad
12783,4,25.399999999999636,4,2.800000000000182,move,improve
12784,4,25.399999999999636,4,2.800000000000182,swap,improve
12785,4,25.399999999999636,4,2.800000000000182,swap,notBad
12786,4,25.399999999999636,4,2.800000000000182,swap,notBad
12787,4,25.399999999999636,4,2.800000000000182,move,improve
12788,4,25.399999999999636,4,2.800000000000182,swap,improve
12789,4,25.399999999999636,4,2.800000000000182,swap,improve
12790,4,25.399999999999636,4,2.800000000000182,2opt,notBad
12791,4,25.399999999999636,4,2.800000000000182,swap,improve
12792,4,25.399999999999636,4,2.800000000000182,move,improve
12793,4,25.399999999999636,4,2.800000000000182,move,improve
12794,4,25.399999999999636,4,2.800000000000182,2opt,notBad
12795,4,25.399999999999636,4,2.800000000000182,move,notBad
12796,4,25.399999999999636,4,2.800000000000182,swap,notBad
12797,4,25.399999999999636,4,2.800000000000182,move,improve
12798,4,25.399999999999636,4,2.800000000000182,2opt,notBad
12799,4,25.399999999999636,4,2.800000000000182,2opt,notBad
12800,4,25.399999999999636,4,2.800000000000182,move,improve
12801,4,25.399999999999636,4,2.800000000000182,2opt,notBad
12802,4,25.399999999999636,4,2.800000000000182,swap,notBad
12803,4,25.399999999999636,4,2.800000000000182,swap,improve
12804,4,25.399999999999636,4,2.800000000000182,2opt,notBad
12805,4,25.399999999999636,4,2.800000000000182,swap,improve
12806,4,25.399999999999636,4,2.800000000000182,move,improve
12807,4,25.399999999999636,4,2.800000000000182,swap,improve
12808,4,25.399999999999636,4,2.800000000000182,2opt,notBad
12809,4,25.399999999999636,4,2.800000000000182,move,improve
12810,4,25.399999999999636,4,2.800000000000182,swap,improve
12811,4,25.399999999999636,4,2.800000000000182,2opt,notBad
12812,4,25.399999999999636,4,2.800000000000182,swap,improve
12813,4,25.399999999999636,4,2.800000000000182,swap,notBad
12814,4,25.399999999999636,4,2.800000000000182,swap,notBad
12815,4,25.399999999999636,4,2.800000000000182,2opt,notBad
12816,4,25.399999999999636,4,2.800000000000182,2opt,improve
12817,4,25.399999999999636,4,2.800000000000182,move,improve
12818,4,25.399999999999636,4,2.800000000000182,swap,improve
12819,4,25.399999999999636,4,2.800000000000182,swap,improve
12820,4,25.399999999999636,4,2.800000000000182,move,improve
12821,4,25.399999999999636,4,2.800000000000182,2opt,notBad
12822,4,25.399999999999636,4,2.800000000000182,2opt,notBad
12823,4,25.399999999999636,4,2.800000000000182,move,improve
12824,4,25.399999999999636,4,2.800000000000182,move,improve
12825,4,25.399999999999636,4,2.800000000000182,2opt,notBad
12826,4,25.399999999999636,4,2.800000000000182,swap,improve
12827,4,25.399999999999636,4,2.800000000000182,swap,improve
12828,4,25.399999999999636,4,2.800000000000182,2opt,notBad
12829,4,25.399999999999636,4,2.800000000000182,move,improve
12830,4,25.399999999999636,4,2.800000000000182,move,improve
12831,4,25.399999999999636,4,2.800000000000182,2opt,notBad
12832,4,25.399999999999636,4,2.800000000000182,move,improve
12833,4,25.399999999999636,4,2.800000000000182,move,improve
12834,4,25.399999999999636,4,2.800000000000182,swap,improve
12835,4,25.399999999999636,4,2.800000000000182,2opt,notBad
12836,4,25.399999999999636,4,2.800000000000182,move,improve
12837,4,25.399999999999636,4,2.800000000000182,2opt,notBad
12838,4,25.399999999999636,4,2.800000000000182,2opt,notBad
12839,4,25.399999999999636,4,2.800000000000182,move,improve
12840,4,25.399999999999636,4,2.800000000000182,swap,notBad
12841,4,25.399999999999636,4,2.800000000000182,swap,improve
12842,4,25.399999999999636,4,2.800000000000182,move,improve
12843,4,25.399999999999636,4,2.800000000000182,2opt,notBad
12844,4,25.399999999999636,4,2.800000000000182,2opt,improve
12845,4,25.399999999999636,4,2.800000000000182,move,improve
12846,4,25.399999999999636,4,2.800000000000182,move,improve
12847,4,25.399999999999636,4,2.800000000000182,swap,notBad
12848,4,25.399999999999636,4,2.800000000000182,move,improve
12849,4,25.399999999999636,4,2.800000000000182,move,improve
12850,4,25.399999999999636,4,2.800000000000182,move,improve
12851,4,25.399999999999636,4,2.800000000000182,swap,notBad
12852,4,25.399999999999636,4,2.800000000000182,swap,improve
12853,4,25.399999999999636,4,2.800000000000182,swap,improve
12854,4,25.399999999999636,4,2.800000000000182,move,improve
12855,4,25.399999999999636,4,2.800000000000182,move,improve
12856,4,25.399999999999636,4,2.800000000000182,2opt,improve
12857,4,25.399999999999636,4,2.800000000000182,swap,improve
12858,4,25.399999999999636,4,2.800000000000182,move,improve
12859,4,25.399999999999636,4,2.800000000000182,2opt,notBad
12860,4,25.399999999999636,4,2.800000000000182,swap,improve
12861,4,25.399999999999636,4,2.800000000000182,2opt,improve
12862,4,25.399999999999636,4,2.800000000000182,2opt,notBad
12863,4,25.399999999999636,4,2.800000000000182,move,improve
12864,4,25.399999999999636,4,2.800000000000182,2opt,notBad
12865,4,25.399999999999636,4,2.800000000000182,2opt,notBad
12866,4,25.399999999999636,4,2.800000000000182,2opt,notBad
12867,4,25.399999999999636,4,2.800000000000182,move,improve
12868,4,25.399999999999636,4,2.800000000000182,move,improve
12869,4,25.399999999999636,4,2.800000000000182,move,improve
12870,4,25.399999999999636,4,2.800000000000182,swap,improve
12871,4,25.399999999999636,4,2.800000000000182,move,improve
12872,4,25.399999999999636,4,2.800000000000182,move,improve
12873,4,25.399999999999636,4,2.800000000000182,swap,improve
12874,4,25.399999999999636,4,2.800000000000182,move,improve
12875,4,25.399999999999636,4,2.800000000000182,swap,notBad
12876,4,25.399999999999636,4,2.800000000000182,move,improve
12877,4,25.399999999999636,4,2.800000000000182,swap,notBad
12878,4,25.399999999999636,4,2.800000000000182,move,improve
12879,4,25.399999999999636,4,2.800000000000182,swap,notBad
12880,4,25.399999999999636,4,2.800000000000182,move,improve
12881,4,25.399999999999636,4,2.800000000000182,swap,improve
12882,4,25.399999999999636,4,2.800000000000182,2opt,notBad
12883,4,25.399999999999636,4,2.800000000000182,move,improve
12884,4,25.399999999999636,4,2.800000000000182,2opt,notBad
12885,4,25.399999999999636,4,2.800000000000182,swap,improve
12886,4,25.399999999999636,4,2.800000000000182,swap,improve
12887,4,25.399999999999636,4,2.800000000000182,2opt,notBad
12888,4,25.399999999999636,4,2.800000000000182,2opt,notBad
12889,4,25.399999999999636,4,2.800000000000182,swap,improve
12890,4,25.399999999999636,4,2.800000000000182,swap,notBad
12891,4,25.399999999999636,4,2.800000000000182,move,improve
12892,4,25.399999999999636,4,2.800000000000182,swap,improve
12893,4,25.399999999999636,4,2.800000000000182,move,improve
12894,4,25.399999999999636,4,2.800000000000182,move,improve
12895,4,25.399999999999636,4,2.800000000000182,2opt,notBad
12896,4,25.399999999999636,4,2.800000000000182,swap,improve
12897,4,25.399999999999636,4,2.800000000000182,move,improve
12898,4,25.399999999999636,4,2.800000000000182,swap,improve
12899,4,25.399999999999636,4,2.800000000000182,2opt,notBad
12900,4,25.399999999999636,4,2.800000000000182,2opt,notBad
12901,4,25.399999999999636,4,2.800000000000182,swap,notBad
12902,4,25.399999999999636,4,2.800000000000182,2opt,notBad
12903,4,25.399999999999636,4,2.800000000000182,swap,improve
12904,4,25.399999999999636,4,2.800000000000182,2opt,notBad
12905,4,25.399999999999636,4,2.800000000000182,swap,improve
12906,4,25.399999999999636,4,2.800000000000182,move,improve
12907,4,25.399999999999636,4,2.800000000000182,move,improve
12908,4,25.399999999999636,4,2.800000000000182,2opt,notBad
12909,4,25.399999999999636,4,2.800000000000182,move,improve
12910,4,25.399999999999636,4,2.800000000000182,move,improve
12911,4,25.399999999999636,4,2.800000000000182,2opt,notBad
12912,4,25.399999999999636,4,2.800000000000182,move,improve
12913,4,26.600000000000364,4,2.800000000000182,swap,acceptBad
12914,4,26.600000000000364,4,2.800000000000182,move,improve
12915,4,26.600000000000364,4,2.800000000000182,move,improve
12916,4,26.600000000000364,4,2.800000000000182,2opt,improve
12917,4,26.600000000000364,4,2.800000000000182,2opt,notBad
12918,4,33.900000000001,4,2.800000000000182,swap,acceptBad
12919,4,33.900000000001,4,2.800000000000182,2opt,notBad
12920,4,25.399999999999636,4,2.800000000000182,swap,improve
12921,4,25.399999999999636,4,2.800000000000182,move,improve
12922,4,25.399999999999636,4,2.800000000000182,move,improve
12923,4,25.399999999999636,4,2.800000000000182,2opt,notBad
12924,4,25.399999999999636,4,2.800000000000182,2opt,notBad
12925,4,25.399999999999636,4,2.800000000000182,2opt,improve
12926,4,25.399999999999636,4,2.800000000000182,2opt,notBad
12927,4,25.399999999999636,4,2.800000000000182,2opt,improve
12928,4,25.399999999999636,4,2.800000000000182,2opt,notBad
12929,4,25.399999999999636,4,2.800000000000182,move,improve
12930,4,25.399999999999636,4,2.800000000000182,swap,improve
12931,4,25.399999999999636,4,2.800000000000182,move,improve
12932,4,25.399999999999636,4,2.800000000000182,swap,improve
12933,4,25.399999999999636,4,2.800000000000182,move,improve
12934,4,25.399999999999636,4,2.800000000000182,move,improve
12935,4,25.399999999999636,4,2.800000000000182,move,improve
12936,4,25.399999999999636,4,2.800000000000182,move,improve
12937,4,25.399999999999636,4,2.800000000000182,2opt,notBad
12938,4,25.399999999999636,4,2.800000000000182,2opt,notBad
12939,4,25.399999999999636,4,2.800000000000182,2opt,notBad
12940,4,25.399999999999636,4,2.800000000000182,move,improve
12941,4,25.399999999999636,4,2.800000000000182,2opt,notBad
12942,4,25.399999999999636,4,2.800000000000182,swap,notBad
12943,4,29.699999999999363,4,2.800000000000182,swap,acceptBad
12944,4,29.699999999999363,4,2.800000000000182,swap,notBad
12945,4,29.699999999999363,4,2.800000000000182,2opt,notBad
12946,4,29.699999999999363,4,2.800000000000182,swap,notBad
12947,4,29.699999999999363,4,2.800000000000182,swap,notBad
12948,4,29.699999999999363,4,2.800000000000182,2opt,improve
12949,4,29.699999999999363,4,2.800000000000182,swap,improve
12950,4,29.699999999999363,4,2.800000000000182,2opt,notBad
12951,4,29.699999999999363,4,2.800000000000182,swap,notBad
12952,4,29.699999999999363,4,2.800000000000182,swap,improve
12953,4,29.699999999999363,4,2.800000000000182,move,improve
12954,4,29.699999999999363,4,2.800000000000182,2opt,notBad
12955,4,29.699999999999363,4,2.800000000000182,2opt,notBad
12956,4,29.699999999999363,4,2.800000000000182,2opt,notBad
12957,4,29.699999999999363,4,2.800000000000182,2opt,notBad
12958,4,29.699999999999363,4,2.800000000000182,move,improve
12959,4,29.699999999999363,4,2.800000000000182,swap,improve
12960,4,29.699999999999363,4,2.800000000000182,swap,improve
12961,4,29.699999999999363,4,2.800000000000182,swap,notBad
12962,4,29.699999999999363,4,2.800000000000182,swap,improve
12963,4,29.699999999999363,4,2.800000000000182,swap,improve
12964,4,29.699999999999363,4,2.800000000000182,swap,improve
12965,4,29.699999999999363,4,2.800000000000182,move,improve
12966,4,29.699999999999363,4,2.800000000000182,2opt,notBad
12967,4,29.699999999999363,4,2.800000000000182,move,improve
12968,4,29.699999999999363,4,2.800000000000182,move,improve
12969,4,29.699999999999363,4,2.800000000000182,swap,improve
12970,4,24.60000000000082,4,2.800000000000182,swap,improve
12971,4,24.60000000000082,4,2.800000000000182,move,improve
12972,4,24.60000000000082,4,2.800000000000182,swap,notBad
12973,4,24.60000000000082,4,2.800000000000182,swap,improve
12974,4,24.60000000000082,4,2.800000000000182,2opt,notBad
12975,4,24.60000000000082,4,2.800000000000182,swap,notBad
12976,4,24.60000000000082,4,2.800000000000182,2opt,notBad
12977,4,24.60000000000082,4,2.800000000000182,swap,improve
12978,4,24.60000000000082,4,2.800000000000182,2opt,improve
12979,4,24.60000000000082,4,2.800000000000182,2opt,improve
12980,4,24.60000000000082,4,2.800000000000182,2opt,notBad
12981,4,24.60000000000082,4,2.800000000000182,2opt,notBad
12982,4,24.60000000000082,4,2.800000000000182,2opt,improve
12983,4,24.099999999999454,4,2.800000000000182,swap,improve
12984,4,24.099999999999454,4,2.800000000000182,2opt,improve
12985,4,24.099999999999454,4,2.800000000000182,swap,improve
12986,4,24.099999999999454,4,2.800000000000182,swap,improve
12987,4,24.099999999999454,4,2.800000000000182,2opt,notBad
12988,4,24.099999999999454,4,2.800000000000182,swap,improve
12989,4,24.099999999999454,4,2.800000000000182,swap,improve
12990,4,24.099999999999454,4,2.800000000000182,move,improve
12991,4,24.099999999999454,4,2.800000000000182,2opt,improve
12992,4,24.099999999999454,4,2.800000000000182,move,improve
12993,4,24.099999999999454,4,2.800000000000182,swap,improve
12994,4,24.099999999999454,4,2.800000000000182,swap,improve
12995,4,24.099999999999454,4,2.800000000000182,move,improve
12996,4,24.099999999999454,4,2.800000000000182,2opt,notBad
12997,4,24.099999999999454,4,2.800000000000182,swap,notBad
12998,4,24.099999999999454,4,2.800000000000182,2opt,notBad
12999,4,24.099999999999454,4,2.800000000000182,2opt,notBad
13000,4,24.099999999999454,4,2.800000000000182,swap,notBad
13001,4,24.099999999999454,4,2.800000000000182,move,improve
13002,4,24.099999999999454,4,2.800000000000182,move,improve
13003,4,24.099999999999454,4,2.800000000000182,move,improve
13004,4,24.099999999999454,4,2.800000000000182,swap,improve
13005,4,24.099999999999454,4,2.800000000000182,swap,improve
13006,4,24.099999999999454,4,2.800000000000182,2opt,improve
13007,4,24.099999999999454,4,2.800000000000182,move,improve
13008,4,24.099999999999454,4,2.800000000000182,swap,notBad
13009,4,24.099999999999454,4,2.800000000000182,2opt,notBad
13010,4,24.099999999999454,4,2.800000000000182,move,improve
13011,4,24.099999999999454,4,2.800000000000182,move,improve
13012,4,24.099999999999454,4,2.800000000000182,swap,notBad
13013,4,24.099999999999454,4,2.800000000000182,move,improve
13014,4,24.099999999999454,4,2.800000000000182,swap,notBad
13015,4,24.099999999999454,4,2.800000000000182,swap,improve
13016,4,24.099999999999454,4,2.800000000000182,move,improve
13017,4,24.099999999999454,4,2.800000000000182,move,improve
13018,4,24.099999999999454,4,2.800000000000182,swap,improve
13019,4,24.099999999999454,4,2.800000000000182,move,improve
13020,4,24.099999999999454,4,2.800000000000182,swap,improve
13021,4,24.099999999999454,4,2.800000000000182,swap,notBad
13022,4,24.099999999999454,4,2.800000000000182,move,improve
13023,4,24.099999999999454,4,2.800000000000182,2opt,notBad
13024,4,24.099999999999454,4,2.800000000000182,2opt,improve
13025,4,24.099999999999454,4,2.800000000000182,swap,improve
13026,4,24.099999999999454,4,2.800000000000182,2opt,notBad
13027,4,24.099999999999454,4,2.800000000000182,move,improve
13028,4,24.099999999999454,4,2.800000000000182,swap,notBad
13029,4,24.099999999999454,4,2.800000000000182,swap,improve
13030,4,24.099999999999454,4,2.800000000000182,swap,notBad
13031,4,24.099999999999454,4,2.800000000000182,2opt,notBad
13032,4,24.099999999999454,4,2.800000000000182,swap,notBad
13033,4,24.099999999999454,4,2.800000000000182,2opt,notBad
13034,4,24.099999999999454,4,2.800000000000182,swap,notBad
13035,4,24.099999999999454,4,2.800000000000182,move,improve
13036,4,24.099999999999454,4,2.800000000000182,2opt,improve
13037,4,24.099999999999454,4,2.800000000000182,move,improve
13038,4,24.099999999999454,4,2.800000000000182,swap,notBad
13039,4,24.099999999999454,4,2.800000000000182,swap,notBad
13040,4,24.099999999999454,4,2.800000000000182,swap,improve
13041,4,24.099999999999454,4,2.800000000000182,move,improve
13042,4,24.099999999999454,4,2.800000000000182,move,improve
13043,4,24.099999999999454,4,2.800000000000182,swap,improve
13044,4,24.099999999999454,4,2.800000000000182,swap,improve
13045,4,24.099999999999454,4,2.800000000000182,2opt,notBad
13046,4,24.099999999999454,4,2.800000000000182,move,improve
13047,4,24.099999999999454,4,2.800000000000182,2opt,notBad
13048,4,24.099999999999454,4,2.800000000000182,swap,improve
13049,4,24.099999999999454,4,2.800000000000182,move,improve
13050,4,24.099999999999454,4,2.800000000000182,swap,improve
13051,4,24.099999999999454,4,2.800000000000182,swap,improve
13052,4,24.099999999999454,4,2.800000000000182,move,improve
13053,4,24.099999999999454,4,2.800000000000182,swap,notBad
13054,4,24.099999999999454,4,2.800000000000182,2opt,improve
13055,4,24.099999999999454,4,2.800000000000182,swap,notBad
13056,4,24.099999999999454,4,2.800000000000182,swap,improve
13057,4,24.099999999999454,4,2.800000000000182,2opt,notBad
13058,4,24.099999999999454,4,2.800000000000182,2opt,improve
13059,4,24.099999999999454,4,2.800000000000182,move,improve
13060,4,24.099999999999454,4,2.800000000000182,swap,improve
13061,4,24.099999999999454,4,2.800000000000182,2opt,notBad
13062,4,24.099999999999454,4,2.800000000000182,swap,notBad
13063,4,24.099999999999454,4,2.800000000000182,2opt,notBad
13064,4,24.099999999999454,4,2.800000000000182,2opt,notBad
13065,4,24.099999999999454,4,2.800000000000182,swap,improve
13066,4,24.099999999999454,4,2.800000000000182,move,improve
13067,4,24.099999999999454,4,2.800000000000182,swap,improve
13068,4,24.099999999999454,4,2.800000000000182,move,improve
13069,4,24.099999999999454,4,2.800000000000182,swap,improve
13070,4,24.099999999999454,4,2.800000000000182,swap,improve
13071,4,24.099999999999454,4,2.800000000000182,swap,improve
13072,4,24.099999999999454,4,2.800000000000182,move,improve
13073,4,24.099999999999454,4,2.800000000000182,swap,notBad
13074,4,24.099999999999454,4,2.800000000000182,swap,improve
13075,4,24.099999999999454,4,2.800000000000182,swap,notBad
13076,4,24.099999999999454,4,2.800000000000182,swap,improve
13077,4,24.099999999999454,4,2.800000000000182,swap,improve
13078,4,24.099999999999454,4,2.800000000000182,move,improve
13079,4,24.099999999999454,4,2.800000000000182,swap,improve
13080,4,24.099999999999454,4,2.800000000000182,swap,improve
13081,4,24.099999999999454,4,2.800000000000182,2opt,notBad
13082,4,24.099999999999454,4,2.800000000000182,move,improve
13083,4,24.099999999999454,4,2.800000000000182,swap,improve
13084,4,24.099999999999454,4,2.800000000000182,2opt,notBad
13085,4,24.099999999999454,4,2.800000000000182,move,improve
13086,4,24.099999999999454,4,2.800000000000182,2opt,notBad
13087,4,24.099999999999454,4,2.800000000000182,2opt,notBad
13088,4,24.099999999999454,4,2.800000000000182,2opt,notBad
13089,4,24.099999999999454,4,2.800000000000182,move,improve
13090,4,24.099999999999454,4,2.800000000000182,move,improve
13091,4,24.099999999999454,4,2.800000000000182,move,improve
13092,4,24.099999999999454,4,2.800000000000182,2opt,notBad
13093,4,24.099999999999454,4,2.800000000000182,swap,improve
13094,4,24.099999999999454,4,2.800000000000182,move,improve
13095,4,24.099999999999454,4,2.800000000000182,move,improve
13096,4,24.099999999999454,4,2.800000000000182,swap,notBad
13097,4,24.099999999999454,4,2.800000000000182,2opt,notBad
13098,4,24.099999999999454,4,2.800000000000182,2opt,notBad
13099,4,24.099999999999454,4,2.800000000000182,swap,notBad
13100,4,24.099999999999454,4,2.800000000000182,2opt,notBad
13101,4,24.099999999999454,4,2.800000000000182,2opt,notBad
13102,4,24.099999999999454,4,2.800000000000182,move,improve
13103,4,24.099999999999454,4,2.800000000000182,2opt,improve
13104,4,24.099999999999454,4,2.800000000000182,swap,improve
13105,4,24.099999999999454,4,2.800000000000182,2opt,improve
13106,4,24.099999999999454,4,2.800000000000182,swap,improve
13107,4,24.099999999999454,4,2.800000000000182,move,improve
13108,4,24.099999999999454,4,2.800000000000182,move,improve
13109,4,24.099999999999454,4,2.800000000000182,move,improve
13110,4,24.099999999999454,4,2.800000000000182,swap,improve
13111,4,24.099999999999454,4,2.800000000000182,swap,improve
13112,4,24.099999999999454,4,2.800000000000182,move,improve
13113,4,24.099999999999454,4,2.800000000000182,swap,notBad
13114,4,24.099999999999454,4,2.800000000000182,move,improve
13115,4,24.099999999999454,4,2.800000000000182,swap,notBad
13116,4,24.099999999999454,4,2.800000000000182,2opt,notBad
13117,4,24.099999999999454,4,2.800000000000182,move,improve
13118,4,24.099999999999454,4,2.800000000000182,2opt,notBad
13119,4,24.099999999999454,4,2.800000000000182,move,improve
13120,4,24.099999999999454,4,2.800000000000182,swap,improve
13121,4,24.099999999999454,4,2.800000000000182,2opt,notBad
13122,4,24.099999999999454,4,2.800000000000182,2opt,notBad
13123,4,24.099999999999454,4,2.800000000000182,swap,improve
13124,4,24.099999999999454,4,2.800000000000182,move,improve
13125,4,24.099999999999454,4,2.800000000000182,swap,improve
13126,4,24.099999999999454,4,2.800000000000182,swap,improve
13127,4,24.099999999999454,4,2.800000000000182,swap,improve
13128,4,24.099999999999454,4,2.800000000000182,swap,improve
13129,4,24.099999999999454,4,2.800000000000182,swap,improve
13130,4,24.099999999999454,4,2.800000000000182,swap,notBad
13131,4,24.099999999999454,4,2.800000000000182,swap,improve
13132,4,24.099999999999454,4,2.800000000000182,2opt,notBad
13133,4,24.099999999999454,4,2.800000000000182,2opt,improve
13134,4,24.099999999999454,4,2.800000000000182,2opt,notBad
13135,4,24.099999999999454,4,2.800000000000182,move,improve
13136,4,24.099999999999454,4,2.800000000000182,move,improve
13137,4,24.099999999999454,4,2.800000000000182,swap,improve
13138,4,24.099999999999454,4,2.800000000000182,swap,improve
13139,4,24.099999999999454,4,2.800000000000182,swap,improve
13140,4,24.099999999999454,4,2.800000000000182,2opt,notBad
13141,4,24.099999999999454,4,2.800000000000182,swap,improve
13142,4,24.099999999999454,4,2.800000000000182,move,improve
13143,4,24.099999999999454,4,2.800000000000182,2opt,improve
13144,4,24.099999999999454,4,2.800000000000182,2opt,notBad
13145,4,24.099999999999454,4,2.800000000000182,move,improve
13146,4,24.099999999999454,4,2.800000000000182,2opt,notBad
13147,4,24.099999999999454,4,2.800000000000182,move,improve
13148,4,24.099999999999454,4,2.800000000000182,2opt,notBad
13149,4,24.099999999999454,4,2.800000000000182,move,improve
13150,4,24.099999999999454,4,2.800000000000182,move,improve
13151,4,24.099999999999454,4,2.800000000000182,2opt,notBad
13152,4,24.099999999999454,4,2.800000000000182,swap,improve
13153,4,24.099999999999454,4,2.800000000000182,2opt,notBad
13154,4,24.099999999999454,4,2.800000000000182,2opt,notBad
13155,4,24.099999999999454,4,2.800000000000182,move,improve
13156,4,24.099999999999454,4,2.800000000000182,swap,improve
13157,4,24.099999999999454,4,2.800000000000182,move,notBad
13158,4,24.099999999999454,4,2.800000000000182,move,improve
13159,4,24.099999999999454,4,2.800000000000182,move,improve
13160,4,24.099999999999454,4,2.800000000000182,2opt,notBad
13161,4,24.099999999999454,4,2.800000000000182,move,improve
13162,4,24.099999999999454,4,2.800000000000182,swap,improve
13163,4,24.099999999999454,4,2.800000000000182,2opt,notBad
13164,4,24.099999999999454,4,2.800000000000182,swap,improve
13165,4,24.099999999999454,4,2.800000000000182,2opt,notBad
13166,4,24.099999999999454,4,2.800000000000182,move,improve
13167,4,24.099999999999454,4,2.800000000000182,swap,improve
13168,4,24.099999999999454,4,2.800000000000182,swap,notBad
13169,4,24.099999999999454,4,2.800000000000182,swap,notBad
13170,4,24.099999999999454,4,2.800000000000182,swap,improve
13171,4,24.099999999999454,4,2.800000000000182,2opt,notBad
13172,4,24.099999999999454,4,2.800000000000182,2opt,notBad
13173,4,24.099999999999454,4,2.800000000000182,swap,improve
13174,4,24.099999999999454,4,2.800000000000182,2opt,notBad
13175,4,24.099999999999454,4,2.800000000000182,2opt,improve
13176,4,24.099999999999454,4,2.800000000000182,2opt,notBad
13177,4,24.099999999999454,4,2.800000000000182,swap,improve
13178,4,24.099999999999454,4,2.800000000000182,2opt,improve
13179,4,24.099999999999454,4,2.800000000000182,move,improve
13180,4,24.099999999999454,4,2.800000000000182,2opt,notBad
13181,4,24.099999999999454,4,2.800000000000182,2opt,improve
13182,4,24.099999999999454,4,2.800000000000182,2opt,notBad
13183,4,24.099999999999454,4,2.800000000000182,2opt,notBad
13184,4,24.099999999999454,4,2.800000000000182,move,improve
13185,4,24.099999999999454,4,2.800000000000182,2opt,notBad
13186,4,24.099999999999454,4,2.800000000000182,2opt,notBad
13187,4,24.099999999999454,4,2.800000000000182,2opt,notBad
13188,4,24.099999999999454,4,2.800000000000182,swap,improve
13189,4,24.099999999999454,4,2.800000000000182,2opt,notBad
13190,4,24.099999999999454,4,2.800000000000182,move,improve
13191,4,24.099999999999454,4,2.800000000000182,move,improve
13192,4,24.099999999999454,4,2.800000000000182,move,improve
13193,4,24.099999999999454,4,2.800000000000182,2opt,improve
13194,4,24.099999999999454,4,2.800000000000182,2opt,notBad
13195,4,24.099999999999454,4,2.800000000000182,move,improve
13196,4,24.099999999999454,4,2.800000000000182,swap,improve
13197,4,24.099999999999454,4,2.800000000000182,move,improve
13198,4,24.099999999999454,4,2.800000000000182,2opt,notBad
13199,4,24.099999999999454,4,2.800000000000182,2opt,notBad
13200,4,24.099999999999454,4,2.800000000000182,swap,improve
13201,4,24.099999999999454,4,2.800000000000182,swap,notBad
13202,4,24.099999999999454,4,2.800000000000182,swap,improve
13203,4,24.099999999999454,4,2.800000000000182,move,improve
13204,4,24.099999999999454,4,2.800000000000182,move,improve
13205,4,24.099999999999454,4,2.800000000000182,2opt,notBad
13206,4,24.099999999999454,4,2.800000000000182,swap,improve
13207,4,24.099999999999454,4,2.800000000000182,2opt,notBad
13208,4,24.099999999999454,4,2.800000000000182,move,improve
13209,4,24.099999999999454,4,2.800000000000182,2opt,notBad
13210,4,24.099999999999454,4,2.800000000000182,move,improve
13211,4,24.099999999999454,4,2.800000000000182,move,improve
13212,4,24.099999999999454,4,2.800000000000182,swap,notBad
13213,4,24.099999999999454,4,2.800000000000182,swap,improve
13214,4,24.099999999999454,4,2.800000000000182,move,improve
13215,4,24.099999999999454,4,2.800000000000182,move,improve
13216,4,24.099999999999454,4,2.800000000000182,swap,improve
13217,4,24.099999999999454,4,2.800000000000182,2opt,notBad
13218,4,24.099999999999454,4,2.800000000000182,move,improve
13219,4,24.099999999999454,4,2.800000000000182,swap,improve
13220,4,24.099999999999454,4,2.800000000000182,2opt,notBad
13221,4,24.099999999999454,4,2.800000000000182,move,improve
13222,4,24.099999999999454,4,2.800000000000182,swap,improve
13223,4,24.099999999999454,4,2.800000000000182,2opt,notBad
13224,4,24.099999999999454,4,2.800000000000182,move,improve
13225,4,24.099999999999454,4,2.800000000000182,move,improve
13226,4,24.099999999999454,4,2.800000000000182,move,improve
13227,4,24.099999999999454,4,2.800000000000182,swap,notBad
13228,4,24.099999999999454,4,2.800000000000182,move,improve
13229,4,24.099999999999454,4,2.800000000000182,swap,notBad
13230,4,24.099999999999454,4,2.800000000000182,swap,improve
13231,4,24.099999999999454,4,2.800000000000182,2opt,notBad
13232,4,24.099999999999454,4,2.800000000000182,swap,improve
13233,4,24.099999999999454,4,2.800000000000182,move,improve
13234,4,24.099999999999454,4,2.800000000000182,2opt,notBad
13235,4,24.099999999999454,4,2.800000000000182,move,improve
13236,4,24.099999999999454,4,2.800000000000182,2opt,improve
13237,4,24.099999999999454,4,2.800000000000182,swap,improve
13238,4,24.099999999999454,4,2.800000000000182,2opt,notBad
13239,4,24.099999999999454,4,2.800000000000182,move,improve
13240,4,24.099999999999454,4,2.800000000000182,swap,improve
13241,4,24.60000000000082,4,2.800000000000182,swap,acceptBad
13242,4,24.60000000000082,4,2.800000000000182,swap,improve
13243,4,24.60000000000082,4,2.800000000000182,swap,notBad
13244,4,24.60000000000082,4,2.800000000000182,swap,improve
13245,4,24.60000000000082,4,2.800000000000182,move,improve
13246,4,24.60000000000082,4,2.800000000000182,swap,improve
13247,4,24.60000000000082,4,2.800000000000182,2opt,notBad
13248,4,24.60000000000082,4,2.800000000000182,swap,improve
13249,4,24.60000000000082,4,2.800000000000182,swap,improve
13250,4,24.60000000000082,4,2.800000000000182,move,improve
13251,4,29.699999999999363,4,2.800000000000182,swap,acceptBad
13252,4,29.699999999999363,4,2.800000000000182,swap,improve
13253,4,29.699999999999363,4,2.800000000000182,swap,improve
13254,4,29.699999999999363,4,2.800000000000182,move,improve
13255,4,29.699999999999363,4,2.800000000000182,swap,notBad
13256,4,29.699999999999363,4,2.800000000000182,2opt,notBad
13257,4,29.699999999999363,4,2.800000000000182,2opt,notBad
13258,4,29.699999999999363,4,2.800000000000182,move,improve
13259,4,29.699999999999363,4,2.800000000000182,2opt,notBad
13260,4,29.699999999999363,4,2.800000000000182,2opt,notBad
13261,4,29.699999999999363,4,2.800000000000182,move,improve
13262,4,29.699999999999363,4,2.800000000000182,2opt,improve
13263,4,29.699999999999363,4,2.800000000000182,swap,improve
13264,4,29.699999999999363,4,2.800000000000182,2opt,notBad
13265,4,29.699999999999363,4,2.800000000000182,2opt,notBad
13266,4,29.699999999999363,4,2.800000000000182,2opt,notBad
13267,4,29.699999999999363,4,2.800000000000182,swap,notBad
13268,4,29.699999999999363,4,2.800000000000182,2opt,notBad
13269,4,29.699999999999363,4,2.800000000000182,2opt,notBad
13270,4,29.699999999999363,4,2.800000000000182,swap,improve
13271,4,29.699999999999363,4,2.800000000000182,swap,notBad
13272,4,29.699999999999363,4,2.800000000000182,move,improve
13273,4,29.699999999999363,4,2.800000000000182,swap,notBad
13274,4,29.699999999999363,4,2.800000000000182,2opt,notBad
13275,4,29.699999999999363,4,2.800000000000182,swap,notBad
13276,4,29.699999999999363,4,2.800000000000182,swap,notBad
13277,4,25.399999999999636,4,2.800000000000182,move,improve
13278,4,25.399999999999636,4,2.800000000000182,move,improve
13279,4,25.399999999999636,4,2.800000000000182,swap,improve
13280,4,25.399999999999636,4,2.800000000000182,2opt,notBad
13281,4,25.399999999999636,4,2.800000000000182,2opt,improve
13282,4,25.399999999999636,4,2.800000000000182,move,improve
13283,4,25.399999999999636,4,2.800000000000182,move,improve
13284,4,25.399999999999636,4,2.800000000000182,move,improve
13285,4,25.399999999999636,4,2.800000000000182,2opt,notBad
13286,4,25.399999999999636,4,2.800000000000182,2opt,notBad
13287,4,25.399999999999636,4,2.800000000000182,2opt,notBad
13288,4,25.399999999999636,4,2.800000000000182,2opt,notBad
13289,4,25.399999999999636,4,2.800000000000182,swap,improve
13290,4,25.399999999999636,4,2.800000000000182,swap,notBad
13291,4,25.399999999999636,4,2.800000000000182,move,improve
13292,4,25.399999999999636,4,2.800000000000182,swap,improve
13293,4,25.399999999999636,4,2.800000000000182,swap,improve
13294,4,25.399999999999636,4,2.800000000000182,swap,improve
13295,4,25.399999999999636,4,2.800000000000182,2opt,notBad
13296,4,25.399999999999636,4,2.800000000000182,swap,improve
13297,4,25.399999999999636,4,2.800000000000182,swap,notBad
13298,4,25.399999999999636,4,2.800000000000182,move,improve
13299,4,25.399999999999636,4,2.800000000000182,2opt,notBad
13300,4,25.399999999999636,4,2.800000000000182,swap,notBad
13301,4,25.399999999999636,4,2.800000000000182,move,improve
13302,4,25.399999999999636,4,2.800000000000182,move,improve
13303,4,25.399999999999636,4,2.800000000000182,swap,improve
13304,4,25.399999999999636,4,2.800000000000182,move,improve
13305,4,25.399999999999636,4,2.800000000000182,2opt,notBad
13306,4,25.399999999999636,4,2.800000000000182,swap,improve
13307,4,25.399999999999636,4,2.800000000000182,swap,improve
13308,4,25.399999999999636,4,2.800000000000182,move,improve
13309,4,25.399999999999636,4,2.800000000000182,swap,notBad
13310,4,25.399999999999636,4,2.800000000000182,2opt,improve
13311,4,25.399999999999636,4,2.800000000000182,swap,improve
13312,4,25.399999999999636,4,2.800000000000182,swap,improve
13313,4,25.399999999999636,4,2.800000000000182,2opt,notBad
13314,4,25.399999999999636,4,2.800000000000182,swap,notBad
13315,4,25.399999999999636,4,2.800000000000182,2opt,notBad
13316,4,25.399999999999636,4,2.800000000000182,swap,notBad
13317,4,25.399999999999636,4,2.800000000000182,swap,improve
13318,4,25.399999999999636,4,2.800000000000182,move,improve
13319,4,25.399999999999636,4,2.800000000000182,2opt,notBad
13320,4,25.399999999999636,4,2.800000000000182,2opt,notBad
13321,4,25.399999999999636,4,2.800000000000182,move,improve
13322,4,25.399999999999636,4,2.800000000000182,2opt,notBad
13323,4,25.399999999999636,4,2.800000000000182,2opt,notBad
13324,4,25.399999999999636,4,2.800000000000182,move,improve
13325,4,25.399999999999636,4,2.800000000000182,swap,notBad
13326,4,25.399999999999636,4,2.800000000000182,swap,notBad
13327,4,25.399999999999636,4,2.800000000000182,swap,improve
13328,4,25.399999999999636,4,2.800000000000182,2opt,notBad
13329,4,25.399999999999636,4,2.800000000000182,swap,improve
13330,4,25.399999999999636,4,2.800000000000182,move,improve
13331,4,25.399999999999636,4,2.800000000000182,2opt,notBad
13332,4,25.399999999999636,4,2.800000000000182,swap,improve
13333,4,25.399999999999636,4,2.800000000000182,2opt,notBad
13334,4,25.399999999999636,4,2.800000000000182,2opt,notBad
13335,4,25.399999999999636,4,2.800000000000182,2opt,notBad
13336,4,25.399999999999636,4,2.800000000000182,swap,improve
13337,4,25.399999999999636,4,2.800000000000182,swap,notBad
13338,4,25.399999999999636,4,2.800000000000182,move,improve
13339,4,25.399999999999636,4,2.800000000000182,swap,notBad
13340,4,25.399999999999636,4,2.800000000000182,2opt,notBad
13341,4,25.399999999999636,4,2.800000000000182,2opt,notBad
13342,4,25.399999999999636,4,2.800000000000182,2opt,notBad
13343,4,25.399999999999636,4,2.800000000000182,swap,improve
13344,4,25.399999999999636,4,2.800000000000182,move,improve
13345,4,25.399999999999636,4,2.800000000000182,swap,notBad
13346,4,25.399999999999636,4,2.800000000000182,move,improve
13347,4,25.399999999999636,4,2.800000000000182,move,improve
13348,4,25.399999999999636,4,2.800000000000182,move,improve
13349,4,25.399999999999636,4,2.800000000000182,move,improve
13350,4,25.399999999999636,4,2.800000000000182,swap,improve
13351,4,25.399999999999636,4,2.800000000000182,move,improve
13352,4,25.399999999999636,4,2.800000000000182,2opt,notBad
13353,4,25.399999999999636,4,2.800000000000182,swap,improve
13354,4,25.399999999999636,4,2.800000000000182,move,improve
13355,4,25.399999999999636,4,2.800000000000182,2opt,improve
13356,4,25.399999999999636,4,2.800000000000182,move,improve
13357,4,25.399999999999636,4,2.800000000000182,2opt,notBad
13358,4,25.399999999999636,4,2.800000000000182,move,improve
13359,4,25.399999999999636,4,2.800000000000182,2opt,notBad
13360,4,25.399999999999636,4,2.800000000000182,move,improve
13361,4,25.399999999999636,4,2.800000000000182,2opt,notBad
13362,4,25.399999999999636,4,2.800000000000182,swap,improve
13363,4,25.399999999999636,4,2.800000000000182,swap,notBad
13364,4,25.399999999999636,4,2.800000000000182,2opt,improve
13365,4,25.399999999999636,4,2.800000000000182,swap,notBad
13366,4,25.399999999999636,4,2.800000000000182,move,improve
13367,4,25.399999999999636,4,2.800000000000182,swap,notBad
13368,4,25.399999999999636,4,2.800000000000182,move,improve
13369,4,25.399999999999636,4,2.800000000000182,2opt,improve
13370,4,25.399999999999636,4,2.800000000000182,move,improve
13371,4,25.399999999999636,4,2.800000000000182,2opt,notBad
13372,4,25.399999999999636,4,2.800000000000182,swap,improve
13373,4,25.399999999999636,4,2.800000000000182,swap,improve
13374,4,25.399999999999636,4,2.800000000000182,move,improve
13375,4,25.399999999999636,4,2.800000000000182,swap,improve
13376,4,25.399999999999636,4,2.800000000000182,2opt,notBad
13377,4,25.399999999999636,4,2.800000000000182,swap,improve
13378,4,25.399999999999636,4,2.800000000000182,swap,improve
13379,4,25.399999999999636,4,2.800000000000182,swap,improve
13380,4,25.399999999999636,4,2.800000000000182,swap,improve
13381,4,25.399999999999636,4,2.800000000000182,2opt,notBad
13382,4,25.399999999999636,4,2.800000000000182,move,improve
13383,4,25.399999999999636,4,2.800000000000182,swap,improve
13384,4,25.399999999999636,4,2.800000000000182,2opt,notBad
13385,4,25.399999999999636,4,2.800000000000182,swap,improve
13386,4,25.399999999999636,4,2.800000000000182,2opt,notBad
13387,4,25.399999999999636,4,2.800000000000182,2opt,notBad
13388,4,25.399999999999636,4,2.800000000000182,2opt,notBad
13389,4,25.399999999999636,4,2.800000000000182,swap,improve
13390,4,25.399999999999636,4,2.800000000000182,swap,improve
13391,4,25.399999999999636,4,2.800000000000182,2opt,notBad
13392,4,25.399999999999636,4,2.800000000000182,move,improve
13393,4,25.399999999999636,4,2.800000000000182,swap,improve
13394,4,25.399999999999636,4,2.800000000000182,swap,improve
13395,4,25.399999999999636,4,2.800000000000182,2opt,notBad
13396,4,25.399999999999636,4,2.800000000000182,move,improve
13397,4,25.399999999999636,4,2.800000000000182,move,improve
13398,4,25.399999999999636,4,2.800000000000182,swap,improve
13399,4,25.399999999999636,4,2.800000000000182,move,improve
13400,4,25.399999999999636,4,2.800000000000182,move,improve
13401,4,25.399999999999636,4,2.800000000000182,2opt,improve
13402,4,25.399999999999636,4,2.800000000000182,2opt,notBad
13403,4,25.399999999999636,4,2.800000000000182,2opt,improve
13404,4,25.399999999999636,4,2.800000000000182,move,improve
13405,4,25.399999999999636,4,2.800000000000182,move,improve
13406,4,25.399999999999636,4,2.800000000000182,swap,notBad
13407,4,25.399999999999636,4,2.800000000000182,swap,notBad
13408,4,25.399999999999636,4,2.800000000000182,2opt,notBad
13409,4,25.399999999999636,4,2.800000000000182,2opt,notBad
13410,4,25.399999999999636,4,2.800000000000182,2opt,notBad
13411,4,25.399999999999636,4,2.800000000000182,move,improve
13412,4,25.399999999999636,4,2.800000000000182,2opt,notBad
13413,4,25.399999999999636,4,2.800000000000182,2opt,improve
13414,4,25.399999999999636,4,2.800000000000182,2opt,improve
13415,4,25.399999999999636,4,2.800000000000182,move,improve
13416,4,25.399999999999636,4,2.800000000000182,swap,notBad
13417,4,25.399999999999636,4,2.800000000000182,move,improve
13418,4,25.399999999999636,4,2.800000000000182,move,improve
13419,4,27.399999999999636,4,2.800000000000182,swap,acceptBad
13420,4,27.399999999999636,4,2.800000000000182,move,improve
13421,4,27.399999999999636,4,2.800000000000182,swap,improve
13422,4,27.399999999999636,4,2.800000000000182,move,improve
13423,4,27.399999999999636,4,2.800000000000182,swap,notBad
13424,4,27.399999999999636,4,2.800000000000182,move,improve
13425,4,27.399999999999636,4,2.800000000000182,2opt,improve
13426,4,27.399999999999636,4,2.800000000000182,move,improve
13427,4,27.399999999999636,4,2.800000000000182,move,improve
13428,4,27.399999999999636,4,2.800000000000182,swap,notBad
13429,4,27.399999999999636,4,2.800000000000182,swap,notBad
13430,4,27.399999999999636,4,2.800000000000182,swap,improve
13431,4,27.399999999999636,4,2.800000000000182,swap,notBad
13432,4,27.399999999999636,4,2.800000000000182,2opt,notBad
13433,4,27.399999999999636,4,2.800000000000182,2opt,notBad
13434,4,27.399999999999636,4,2.800000000000182,2opt,notBad
13435,4,27.399999999999636,4,2.800000000000182,2opt,notBad
13436,4,27.399999999999636,4,2.800000000000182,move,improve
13437,4,27.399999999999636,4,2.800000000000182,2opt,notBad
13438,4,27.399999999999636,4,2.800000000000182,2opt,notBad
13439,4,27.399999999999636,4,2.800000000000182,2opt,notBad
13440,4,27.399999999999636,4,2.800000000000182,2opt,improve
13441,4,27.399999999999636,4,2.800000000000182,move,improve
13442,4,27.399999999999636,4,2.800000000000182,2opt,notBad
13443,4,27.399999999999636,4,2.800000000000182,move,improve
13444,4,27.399999999999636,4,2.800000000000182,move,improve
13445,4,27.399999999999636,4,2.800000000000182,2opt,notBad
13446,4,27.399999999999636,4,2.800000000000182,move,improve
13447,4,27.399999999999636,4,2.800000000000182,swap,improve
13448,4,27.399999999999636,4,2.800000000000182,move,improve
13449,4,27.399999999999636,4,2.800000000000182,2opt,notBad
13450,4,27.399999999999636,4,2.800000000000182,2opt,notBad
13451,4,27.399999999999636,4,2.800000000000182,swap,improve
13452,4,27.399999999999636,4,2.800000000000182,swap,notBad
13453,4,30.799999999999727,4,2.800000000000182,swap,acceptBad
13454,4,30.799999999999727,4,2.800000000000182,2opt,improve
13455,4,30.799999999999727,4,2.800000000000182,2opt,notBad
13456,4,30.799999999999727,4,2.800000000000182,2opt,notBad
13457,4,30.799999999999727,4,2.800000000000182,2opt,notBad
13458,4,30.799999999999727,4,2.800000000000182,move,improve
13459,4,30.799999999999727,4,2.800000000000182,2opt,notBad
13460,4,26.90000000000009,4,2.800000000000182,move,improve
13461,4,26.90000000000009,4,2.800000000000182,swap,improve
13462,4,26.90000000000009,4,2.800000000000182,swap,notBad
13463,4,26.90000000000009,4,2.800000000000182,2opt,notBad
13464,4,26.90000000000009,4,2.800000000000182,swap,improve
13465,4,26.90000000000009,4,2.800000000000182,move,improve
13466,4,26.90000000000009,4,2.800000000000182,2opt,notBad
13467,4,26.90000000000009,4,2.800000000000182,swap,notBad
13468,4,26.90000000000009,4,2.800000000000182,2opt,notBad
13469,4,26.90000000000009,4,2.800000000000182,2opt,notBad
13470,4,26.90000000000009,4,2.800000000000182,move,improve
13471,4,26.90000000000009,4,2.800000000000182,2opt,notBad
13472,4,26.90000000000009,4,2.800000000000182,2opt,notBad
13473,4,26.90000000000009,4,2.800000000000182,2opt,notBad
13474,4,26.90000000000009,4,2.800000000000182,swap,improve
13475,4,26.90000000000009,4,2.800000000000182,2opt,notBad
13476,4,26.90000000000009,4,2.800000000000182,swap,improve
13477,4,26.90000000000009,4,2.800000000000182,move,improve
13478,4,26.90000000000009,4,2.800000000000182,2opt,notBad
13479,4,26.90000000000009,4,2.800000000000182,move,improve
13480,4,26.90000000000009,4,2.800000000000182,swap,notBad
13481,4,26.90000000000009,4,2.800000000000182,2opt,notBad
13482,4,26.90000000000009,4,2.800000000000182,move,improve
13483,4,26.90000000000009,4,2.800000000000182,move,improve
13484,4,26.90000000000009,4,2.800000000000182,move,improve
13485,4,26.90000000000009,4,2.800000000000182,swap,notBad
13486,4,26.90000000000009,4,2.800000000000182,move,improve
13487,4,26.90000000000009,4,2.800000000000182,2opt,improve
13488,4,26.90000000000009,4,2.800000000000182,move,improve
13489,4,26.90000000000009,4,2.800000000000182,2opt,notBad
13490,4,26.90000000000009,4,2.800000000000182,swap,notBad
13491,4,26.90000000000009,4,2.800000000000182,2opt,notBad
13492,4,26.90000000000009,4,2.800000000000182,swap,improve
13493,4,26.90000000000009,4,2.800000000000182,swap,improve
13494,4,26.90000000000009,4,2.800000000000182,2opt,improve
13495,4,26.90000000000009,4,2.800000000000182,swap,improve
13496,4,26.90000000000009,4,2.800000000000182,2opt,notBad
13497,4,26.90000000000009,4,2.800000000000182,move,improve
13498,4,26.90000000000009,4,2.800000000000182,swap,notBad
13499,4,26.90000000000009,4,2.800000000000182,move,improve
13500,4,26.90000000000009,4,2.800000000000182,2opt,notBad
13501,4,26.90000000000009,4,2.800000000000182,2opt,notBad
13502,4,26.90000000000009,4,2.800000000000182,swap,notBad
13503,4,26.90000000000009,4,2.800000000000182,move,improve
13504,4,26.90000000000009,4,2.800000000000182,swap,notBad
13505,4,26.90000000000009,4,2.800000000000182,swap,notBad
13506,4,26.90000000000009,4,2.800000000000182,2opt,improve
13507,4,26.90000000000009,4,2.800000000000182,move,improve
13508,4,26.90000000000009,4,2.800000000000182,move,improve
13509,4,26.90000000000009,4,2.800000000000182,move,improve
13510,4,26.90000000000009,4,2.800000000000182,swap,improve
13511,4,26.90000000000009,4,2.800000000000182,swap,improve
13512,4,26.90000000000009,4,2.800000000000182,move,improve
13513,4,26.90000000000009,4,2.800000000000182,move,improve
13514,4,26.90000000000009,4,2.800000000000182,swap,notBad
13515,4,26.90000000000009,4,2.800000000000182,swap,improve
13516,4,26.90000000000009,4,2.800000000000182,move,improve
13517,4,26.90000000000009,4,2.800000000000182,move,notBad
13518,4,26.90000000000009,4,2.800000000000182,move,improve
13519,4,26.90000000000009,4,2.800000000000182,2opt,notBad
13520,4,26.90000000000009,4,2.800000000000182,swap,notBad
13521,4,26.90000000000009,4,2.800000000000182,move,improve
13522,4,26.90000000000009,4,2.800000000000182,swap,improve
13523,4,26.90000000000009,4,2.800000000000182,swap,improve
13524,4,26.90000000000009,4,2.800000000000182,swap,notBad
13525,4,26.90000000000009,4,2.800000000000182,move,improve
13526,4,26.90000000000009,4,2.800000000000182,move,improve
13527,4,26.90000000000009,4,2.800000000000182,move,improve
13528,4,26.90000000000009,4,2.800000000000182,swap,notBad
13529,4,26.90000000000009,4,2.800000000000182,swap,notBad
13530,4,25.200000000000273,4,2.800000000000182,swap,improve
13531,4,25.200000000000273,4,2.800000000000182,move,improve
13532,4,25.200000000000273,4,2.800000000000182,move,improve
13533,4,25.200000000000273,4,2.800000000000182,2opt,notBad
13534,4,25.200000000000273,4,2.800000000000182,swap,improve
13535,4,25.200000000000273,4,2.800000000000182,swap,improve
13536,4,25.200000000000273,4,2.800000000000182,move,improve
13537,4,25.200000000000273,4,2.800000000000182,2opt,notBad
13538,4,25.200000000000273,4,2.800000000000182,2opt,improve
13539,4,25.200000000000273,4,2.800000000000182,2opt,notBad
13540,4,25.200000000000273,4,2.800000000000182,2opt,notBad
13541,4,25.200000000000273,4,2.800000000000182,swap,notBad
13542,4,25.200000000000273,4,2.800000000000182,2opt,notBad
13543,4,25.200000000000273,4,2.800000000000182,2opt,notBad
13544,4,25.200000000000273,4,2.800000000000182,2opt,notBad
13545,4,25.200000000000273,4,2.800000000000182,move,improve
13546,4,25.200000000000273,4,2.800000000000182,2opt,notBad
13547,4,25.200000000000273,4,2.800000000000182,move,improve
13548,4,25.200000000000273,4,2.800000000000182,2opt,notBad
13549,4,25.200000000000273,4,2.800000000000182,2opt,notBad
13550,4,26.90000000000009,4,2.800000000000182,swap,acceptBad
13551,4,26.90000000000009,4,2.800000000000182,move,improve
13552,4,26.90000000000009,4,2.800000000000182,swap,improve
13553,4,26.90000000000009,4,2.800000000000182,2opt,notBad
13554,4,26.90000000000009,4,2.800000000000182,2opt,notBad
13555,4,26.90000000000009,4,2.800000000000182,2opt,notBad
13556,4,26.90000000000009,4,2.800000000000182,swap,improve
13557,4,26.90000000000009,4,2.800000000000182,swap,improve
13558,4,26.90000000000009,4,2.800000000000182,move,improve
13559,4,26.90000000000009,4,2.800000000000182,swap,improve
13560,4,26.90000000000009,4,2.800000000000182,move,improve
13561,4,26.90000000000009,4,2.800000000000182,swap,improve
13562,4,26.90000000000009,4,2.800000000000182,swap,improve
13563,4,26.90000000000009,4,2.800000000000182,2opt,notBad
13564,4,26.90000000000009,4,2.800000000000182,2opt,notBad
13565,4,26.90000000000009,4,2.800000000000182,swap,improve
13566,4,26.90000000000009,4,2.800000000000182,move,improve
13567,4,26.90000000000009,4,2.800000000000182,2opt,notBad
13568,4,26.90000000000009,4,2.800000000000182,swap,improve
13569,4,26.90000000000009,4,2.800000000000182,2opt,improve
13570,4,26.90000000000009,4,2.800000000000182,2opt,notBad
13571,4,26.90000000000009,4,2.800000000000182,move,improve
13572,4,26.90000000000009,4,2.800000000000182,2opt,notBad
13573,4,26.90000000000009,4,2.800000000000182,move,improve
13574,4,26.90000000000009,4,2.800000000000182,swap,improve
13575,4,26.90000000000009,4,2.800000000000182,move,improve
13576,4,26.90000000000009,4,2.800000000000182,2opt,improve
13577,4,26.90000000000009,4,2.800000000000182,swap,improve
13578,4,26.90000000000009,4,2.800000000000182,2opt,notBad
13579,4,26.90000000000009,4,2.800000000000182,move,improve
13580,4,26.90000000000009,4,2.800000000000182,move,improve
13581,4,26.90000000000009,4,2.800000000000182,swap,improve
13582,4,26.90000000000009,4,2.800000000000182,move,notBad
13583,4,26.90000000000009,4,2.800000000000182,move,improve
13584,4,26.90000000000009,4,2.800000000000182,2opt,improve
13585,4,26.90000000000009,4,2.800000000000182,swap,improve
13586,4,26.90000000000009,4,2.800000000000182,swap,notBad
13587,4,26.90000000000009,4,2.800000000000182,move,improve
13588,4,26.90000000000009,4,2.800000000000182,move,improve
13589,4,26.90000000000009,4,2.800000000000182,move,improve
13590,4,26.90000000000009,4,2.800000000000182,move,improve
13591,4,26.90000000000009,4,2.800000000000182,swap,improve
13592,4,26.90000000000009,4,2.800000000000182,2opt,notBad
13593,4,26.90000000000009,4,2.800000000000182,move,improve
13594,4,26.90000000000009,4,2.800000000000182,2opt,notBad
13595,4,26.90000000000009,4,2.800000000000182,swap,improve
13596,4,26.90000000000009,4,2.800000000000182,swap,improve
13597,4,26.90000000000009,4,2.800000000000182,swap,improve
13598,4,26.90000000000009,4,2.800000000000182,move,improve
13599,4,26.90000000000009,4,2.800000000000182,move,improve
13600,4,26.90000000000009,4,2.800000000000182,2opt,notBad
13601,4,26.90000000000009,4,2.800000000000182,move,improve
13602,4,26.90000000000009,4,2.800000000000182,move,improve
13603,4,26.90000000000009,4,2.800000000000182,move,improve
13604,4,26.90000000000009,4,2.800000000000182,2opt,notBad
13605,4,26.90000000000009,4,2.800000000000182,swap,notBad
13606,4,26.90000000000009,4,2.800000000000182,move,improve
13607,4,26.90000000000009,4,2.800000000000182,2opt,notBad
13608,4,26.90000000000009,4,2.800000000000182,2opt,notBad
13609,4,26.90000000000009,4,2.800000000000182,move,improve
13610,4,26.90000000000009,4,2.800000000000182,move,improve
13611,4,26.90000000000009,4,2.800000000000182,move,improve
13612,4,26.90000000000009,4,2.800000000000182,2opt,notBad
13613,4,26.90000000000009,4,2.800000000000182,swap,notBad
13614,4,26.90000000000009,4,2.800000000000182,move,improve
13615,4,26.90000000000009,4,2.800000000000182,move,improve
13616,4,26.90000000000009,4,2.800000000000182,2opt,notBad
13617,4,26.90000000000009,4,2.800000000000182,2opt,notBad
13618,4,26.90000000000009,4,2.800000000000182,2opt,notBad
13619,4,26.90000000000009,4,2.800000000000182,move,improve
13620,4,26.90000000000009,4,2.800000000000182,2opt,notBad
13621,4,26.90000000000009,4,2.800000000000182,swap,improve
13622,4,26.90000000000009,4,2.800000000000182,move,improve
13623,4,26.90000000000009,4,2.800000000000182,move,improve
13624,4,26.90000000000009,4,2.800000000000182,swap,notBad
13625,4,26.90000000000009,4,2.800000000000182,move,improve
13626,4,26.90000000000009,4,2.800000000000182,swap,improve
13627,4,26.90000000000009,4,2.800000000000182,2opt,notBad
13628,4,26.90000000000009,4,2.800000000000182,swap,improve
13629,4,26.90000000000009,4,2.800000000000182,move,improve
13630,4,26.90000000000009,4,2.800000000000182,swap,improve
13631,4,26.90000000000009,4,2.800000000000182,2opt,notBad
13632,4,26.90000000000009,4,2.800000000000182,swap,improve
13633,4,26.90000000000009,4,2.800000000000182,2opt,improve
13634,4,26.90000000000009,4,2.800000000000182,move,improve
13635,4,26.90000000000009,4,2.800000000000182,2opt,improve
13636,4,26.90000000000009,4,2.800000000000182,move,improve
13637,4,26.90000000000009,4,2.800000000000182,2opt,notBad
13638,4,26.90000000000009,4,2.800000000000182,move,improve
13639,4,26.90000000000009,4,2.800000000000182,swap,notBad
13640,4,26.90000000000009,4,2.800000000000182,move,improve
13641,4,26.90000000000009,4,2.800000000000182,swap,improve
13642,4,27.799999999999727,4,2.800000000000182,swap,acceptBad
13643,4,27.799999999999727,4,2.800000000000182,swap,improve
13644,4,27.799999999999727,4,2.800000000000182,move,improve
13645,4,27.799999999999727,4,2.800000000000182,move,improve
13646,4,27.799999999999727,4,2.800000000000182,move,improve
13647,4,27.799999999999727,4,2.800000000000182,move,improve
13648,4,27.799999999999727,4,2.800000000000182,move,improve
13649,4,27.799999999999727,4,2.800000000000182,swap,improve
13650,4,27.799999999999727,4,2.800000000000182,swap,improve
13651,4,27.799999999999727,4,2.800000000000182,2opt,notBad
13652,4,27.799999999999727,4,2.800000000000182,2opt,notBad
13653,4,27.799999999999727,4,2.800000000000182,swap,improve
13654,4,27.799999999999727,4,2.800000000000182,move,improve
13655,4,27.799999999999727,4,2.800000000000182,2opt,improve
13656,4,27.799999999999727,4,2.800000000000182,2opt,improve
13657,4,27.799999999999727,4,2.800000000000182,swap,improve
13658,4,27.799999999999727,4,2.800000000000182,2opt,notBad
13659,4,27.799999999999727,4,2.800000000000182,2opt,notBad
13660,4,27.799999999999727,4,2.800000000000182,move,improve
13661,4,27.799999999999727,4,2.800000000000182,swap,improve
13662,4,27.799999999999727,4,2.800000000000182,swap,improve
13663,4,27.799999999999727,4,2.800000000000182,2opt,notBad
13664,4,27.799999999999727,4,2.800000000000182,swap,notBad
13665,4,27.799999999999727,4,2.800000000000182,move,improve
13666,4,27.799999999999727,4,2.800000000000182,move,improve
13667,4,27.799999999999727,4,2.800000000000182,swap,improve
13668,4,27.799999999999727,4,2.800000000000182,2opt,notBad
13669,4,27.799999999999727,4,2.800000000000182,2opt,notBad
13670,4,27.799999999999727,4,2.800000000000182,2opt,improve
13671,4,27.799999999999727,4,2.800000000000182,swap,improve
13672,4,27.799999999999727,4,2.800000000000182,move,improve
13673,4,27.799999999999727,4,2.800000000000182,swap,improve
13674,4,27.799999999999727,4,2.800000000000182,2opt,notBad
13675,4,27.799999999999727,4,2.800000000000182,2opt,improve
13676,4,27.799999999999727,4,2.800000000000182,move,improve
13677,4,27.699999999999818,4,2.800000000000182,swap,improve
13678,4,27.699999999999818,4,2.800000000000182,swap,notBad
13679,4,27.699999999999818,4,2.800000000000182,move,improve
13680,4,27.699999999999818,4,2.800000000000182,swap,improve
13681,4,27.699999999999818,4,2.800000000000182,2opt,improve
13682,4,27.699999999999818,4,2.800000000000182,2opt,improve
13683,4,27.699999999999818,4,2.800000000000182,2opt,notBad
13684,4,27.699999999999818,4,2.800000000000182,move,improve
13685,4,27.699999999999818,4,2.800000000000182,move,improve
13686,4,27.699999999999818,4,2.800000000000182,swap,improve
13687,4,27.699999999999818,4,2.800000000000182,move,improve
13688,4,27.699999999999818,4,2.800000000000182,swap,notBad
13689,4,27.699999999999818,4,2.800000000000182,2opt,notBad
13690,4,27.699999999999818,4,2.800000000000182,2opt,notBad
13691,4,27.699999999999818,4,2.800000000000182,move,improve
13692,4,27.699999999999818,4,2.800000000000182,2opt,notBad
13693,4,27.699999999999818,4,2.800000000000182,move,improve
13694,4,27.699999999999818,4,2.800000000000182,2opt,notBad
13695,4,27.699999999999818,4,2.800000000000182,swap,notBad
13696,4,27.699999999999818,4,2.800000000000182,2opt,notBad
13697,4,27.699999999999818,4,2.800000000000182,2opt,notBad
13698,4,27.699999999999818,4,2.800000000000182,move,improve
13699,4,27.699999999999818,4,2.800000000000182,2opt,notBad
13700,4,27.699999999999818,4,2.800000000000182,move,improve
13701,4,27.699999999999818,4,2.800000000000182,move,improve
13702,4,27.699999999999818,4,2.800000000000182,2opt,improve
13703,4,27.699999999999818,4,2.800000000000182,2opt,improve
13704,4,27.699999999999818,4,2.800000000000182,swap,improve
13705,4,27.699999999999818,4,2.800000000000182,2opt,notBad
13706,4,27.699999999999818,4,2.800000000000182,swap,improve
13707,4,27.699999999999818,4,2.800000000000182,swap,notBad
13708,4,27.699999999999818,4,2.800000000000182,move,improve
13709,4,27.699999999999818,4,2.800000000000182,swap,improve
13710,4,25.5,4,2.800000000000182,swap,improve
13711,4,25.5,4,2.800000000000182,2opt,improve
13712,4,25.5,4,2.800000000000182,2opt,notBad
13713,4,25.5,4,2.800000000000182,2opt,improve
13714,4,25.5,4,2.800000000000182,2opt,notBad
13715,4,25.5,4,2.800000000000182,move,improve
13716,4,25.5,4,2.800000000000182,swap,notBad
13717,4,25.5,4,2.800000000000182,swap,improve
13718,4,25.5,4,2.800000000000182,2opt,notBad
13719,4,25.5,4,2.800000000000182,2opt,notBad
13720,4,25.5,4,2.800000000000182,move,improve
13721,4,29.90000000000009,4,2.800000000000182,swap,acceptBad
13722,4,29.90000000000009,4,2.800000000000182,move,improve
13723,4,29.90000000000009,4,2.800000000000182,2opt,improve
13724,4,29.90000000000009,4,2.800000000000182,swap,improve
13725,4,29.90000000000009,4,2.800000000000182,swap,improve
13726,4,29.90000000000009,4,2.800000000000182,2opt,notBad
13727,4,29.90000000000009,4,2.800000000000182,move,improve
13728,4,29.90000000000009,4,2.800000000000182,swap,notBad
13729,4,29.90000000000009,4,2.800000000000182,move,improve
13730,4,29.90000000000009,4,2.800000000000182,2opt,improve
13731,4,29.90000000000009,4,2.800000000000182,2opt,improve
13732,4,29.90000000000009,4,2.800000000000182,2opt,notBad
13733,4,29.90000000000009,4,2.800000000000182,swap,improve
13734,4,29.90000000000009,4,2.800000000000182,move,improve
13735,4,29.90000000000009,4,2.800000000000182,swap,improve
13736,4,29.90000000000009,4,2.800000000000182,swap,notBad
13737,4,29.90000000000009,4,2.800000000000182,swap,improve
13738,4,29.90000000000009,4,2.800000000000182,2opt,notBad
13739,4,29.90000000000009,4,2.800000000000182,move,improve
13740,4,29.90000000000009,4,2.800000000000182,swap,notBad
13741,4,29.90000000000009,4,2.800000000000182,2opt,improve
13742,4,29.90000000000009,4,2.800000000000182,2opt,notBad
13743,4,28.799999999999727,4,2.800000000000182,move,improve
13744,4,28.799999999999727,4,2.800000000000182,2opt,notBad
13745,4,28.799999999999727,4,2.800000000000182,2opt,notBad
13746,4,28.799999999999727,4,2.800000000000182,move,notBad
13747,4,28.799999999999727,4,2.800000000000182,swap,improve
13748,4,28.799999999999727,4,2.800000000000182,move,improve
13749,4,28.799999999999727,4,2.800000000000182,move,improve
13750,4,28.799999999999727,4,2.800000000000182,2opt,notBad
13751,4,28.799999999999727,4,2.800000000000182,swap,improve
13752,4,28.799999999999727,4,2.800000000000182,move,improve
13753,4,28.799999999999727,4,2.800000000000182,move,improve
13754,4,28.799999999999727,4,2.800000000000182,move,improve
13755,4,28.799999999999727,4,2.800000000000182,move,improve
13756,4,28.799999999999727,4,2.800000000000182,2opt,notBad
13757,4,28.799999999999727,4,2.800000000000182,swap,improve
13758,4,28.799999999999727,4,2.800000000000182,move,notBad
13759,4,28.799999999999727,4,2.800000000000182,swap,notBad
13760,4,28.799999999999727,4,2.800000000000182,2opt,improve
13761,4,28.799999999999727,4,2.800000000000182,swap,improve
13762,4,28.799999999999727,4,2.800000000000182,2opt,notBad
13763,4,28.799999999999727,4,2.800000000000182,move,improve
13764,4,28.799999999999727,4,2.800000000000182,move,improve
13765,4,28.799999999999727,4,2.800000000000182,move,improve
13766,4,28.799999999999727,4,2.800000000000182,2opt,notBad
13767,4,28.799999999999727,4,2.800000000000182,swap,improve
13768,4,28.799999999999727,4,2.800000000000182,2opt,notBad
13769,4,28.799999999999727,4,2.800000000000182,2opt,notBad
13770,4,28.799999999999727,4,2.800000000000182,move,improve
13771,4,28.799999999999727,4,2.800000000000182,2opt,notBad
13772,4,28.799999999999727,4,2.800000000000182,2opt,notBad
13773,4,28.799999999999727,4,2.800000000000182,swap,improve
13774,4,28.799999999999727,4,2.800000000000182,2opt,improve
13775,4,28.799999999999727,4,2.800000000000182,2opt,notBad
13776,4,28.799999999999727,4,2.800000000000182,2opt,improve
13777,4,28.799999999999727,4,2.800000000000182,2opt,notBad
13778,4,28.799999999999727,4,2.800000000000182,swap,improve
13779,4,28.799999999999727,4,2.800000000000182,move,improve
13780,4,28.799999999999727,4,2.800000000000182,2opt,notBad
13781,4,28.799999999999727,4,2.800000000000182,2opt,improve
13782,4,28.799999999999727,4,2.800000000000182,move,improve
13783,4,28.799999999999727,4,2.800000000000182,2opt,improve
13784,4,28.799999999999727,4,2.800000000000182,2opt,improve
13785,4,28.799999999999727,4,2.800000000000182,2opt,notBad
13786,4,28.799999999999727,4,2.800000000000182,2opt,improve
13787,4,28.799999999999727,4,2.800000000000182,swap,notBad
13788,4,28.799999999999727,4,2.800000000000182,move,improve
13789,4,28.799999999999727,4,2.800000000000182,move,improve
13790,4,28.799999999999727,4,2.800000000000182,move,improve
13791,4,28.799999999999727,4,2.800000000000182,swap,improve
13792,4,28.799999999999727,4,2.800000000000182,swap,notBad
13793,4,28.799999999999727,4,2.800000000000182,2opt,notBad
13794,4,28.799999999999727,4,2.800000000000182,2opt,notBad
13795,4,28.799999999999727,4,2.800000000000182,2opt,improve
13796,4,28.799999999999727,4,2.800000000000182,swap,improve
13797,4,28.799999999999727,4,2.800000000000182,2opt,notBad
13798,4,28.799999999999727,4,2.800000000000182,move,improve
13799,4,28.799999999999727,4,2.800000000000182,swap,improve
13800,4,28.799999999999727,4,2.800000000000182,swap,notBad
13801,4,28.799999999999727,4,2.800000000000182,swap,improve
13802,4,28.799999999999727,4,2.800000000000182,move,improve
13803,4,28.799999999999727,4,2.800000000000182,move,improve
13804,4,28.799999999999727,4,2.800000000000182,move,improve
13805,4,28.799999999999727,4,2.800000000000182,move,improve
13806,4,28.799999999999727,4,2.800000000000182,move,improve
13807,4,28.799999999999727,4,2.800000000000182,swap,improve
13808,4,28.799999999999727,4,2.800000000000182,move,improve
13809,4,28.799999999999727,4,2.800000000000182,2opt,notBad
13810,4,28.799999999999727,4,2.800000000000182,swap,improve
13811,4,28.799999999999727,4,2.800000000000182,swap,notBad
13812,4,28.799999999999727,4,2.800000000000182,2opt,notBad
13813,4,28.799999999999727,4,2.800000000000182,move,improve
13814,4,28.799999999999727,4,2.800000000000182,2opt,notBad
13815,4,28.799999999999727,4,2.800000000000182,move,improve
13816,4,28.799999999999727,4,2.800000000000182,move,improve
13817,4,29.90000000000009,4,2.800000000000182,swap,acceptBad
13818,4,29.90000000000009,4,2.800000000000182,move,improve
13819,4,29.90000000000009,4,2.800000000000182,move,improve
13820,4,29.90000000000009,4,2.800000000000182,swap,improve
13821,4,29.90000000000009,4,2.800000000000182,swap,improve
13822,4,29.90000000000009,4,2.800000000000182,2opt,notBad
13823,4,29.90000000000009,4,2.800000000000182,swap,notBad
13824,4,29.90000000000009,4,2.800000000000182,swap,notBad
13825,4,29.90000000000009,4,2.800000000000182,move,improve
13826,4,29.90000000000009,4,2.800000000000182,2opt,improve
13827,4,29.90000000000009,4,2.800000000000182,move,improve
13828,4,29.90000000000009,4,2.800000000000182,2opt,notBad
13829,4,29.90000000000009,4,2.800000000000182,swap,improve
13830,4,29.90000000000009,4,2.800000000000182,move,improve
13831,4,29.90000000000009,4,2.800000000000182,move,improve
13832,4,29.90000000000009,4,2.800000000000182,swap,improve
13833,4,29.90000000000009,4,2.800000000000182,2opt,notBad
13834,4,29.90000000000009,4,2.800000000000182,move,improve
13835,4,29.90000000000009,4,2.800000000000182,2opt,improve
13836,4,29.90000000000009,4,2.800000000000182,2opt,improve
13837,4,29.90000000000009,4,2.800000000000182,swap,improve
13838,4,29.90000000000009,4,2.800000000000182,swap,notBad
13839,4,29.90000000000009,4,2.800000000000182,move,improve
13840,4,29.90000000000009,4,2.800000000000182,2opt,notBad
13841,4,29.90000000000009,4,2.800000000000182,2opt,improve
13842,4,29.90000000000009,4,2.800000000000182,move,improve
13843,4,29.90000000000009,4,2.800000000000182,swap,improve
13844,4,29.90000000000009,4,2.800000000000182,2opt,notBad
13845,4,29.90000000000009,4,2.800000000000182,move,improve
13846,4,29.90000000000009,4,2.800000000000182,2opt,notBad
13847,4,29.90000000000009,4,2.800000000000182,2opt,improve
13848,4,29.90000000000009,4,2.800000000000182,2opt,notBad
13849,4,29.90000000000009,4,2.800000000000182,swap,improve
13850,4,29.90000000000009,4,2.800000000000182,2opt,notBad
13851,4,29.90000000000009,4,2.800000000000182,swap,improve
13852,4,29.90000000000009,4,2.800000000000182,swap,improve
13853,4,29.90000000000009,4,2.800000000000182,swap,improve
13854,4,29.90000000000009,4,2.800000000000182,2opt,notBad
13855,4,29.90000000000009,4,2.800000000000182,swap,improve
13856,4,29.90000000000009,4,2.800000000000182,swap,improve
13857,4,29.90000000000009,4,2.800000000000182,swap,notBad
13858,4,29.90000000000009,4,2.800000000000182,move,improve
13859,4,29.90000000000009,4,2.800000000000182,swap,improve
13860,4,29.90000000000009,4,2.800000000000182,2opt,notBad
13861,4,29.90000000000009,4,2.800000000000182,2opt,notBad
13862,4,29.90000000000009,4,2.800000000000182,2opt,notBad
13863,4,29.90000000000009,4,2.800000000000182,move,improve
13864,4,29.90000000000009,4,2.800000000000182,2opt,notBad
13865,4,29.90000000000009,4,2.800000000000182,swap,improve
13866,4,29.90000000000009,4,2.800000000000182,swap,improve
13867,4,29.90000000000009,4,2.800000000000182,move,improve
13868,4,29.90000000000009,4,2.800000000000182,2opt,notBad
13869,4,29.90000000000009,4,2.800000000000182,swap,improve
13870,4,29.90000000000009,4,2.800000000000182,swap,improve
13871,4,29.90000000000009,4,2.800000000000182,swap,notBad
13872,4,29.90000000000009,4,2.800000000000182,move,improve
13873,4,29.90000000000009,4,2.800000000000182,swap,improve
13874,4,29.90000000000009,4,2.800000000000182,2opt,improve
13875,4,29.90000000000009,4,2.800000000000182,2opt,improve
13876,4,29.90000000000009,4,2.800000000000182,2opt,improve
13877,4,38.29999999999973,4,2.800000000000182,swap,acceptBad
13878,4,38.29999999999973,4,2.800000000000182,2opt,improve
13879,4,38.29999999999973,4,2.800000000000182,move,improve
13880,4,38.29999999999973,4,2.800000000000182,2opt,notBad
13881,4,38.29999999999973,4,2.800000000000182,swap,notBad
13882,4,38.29999999999973,4,2.800000000000182,move,improve
13883,4,38.29999999999973,4,2.800000000000182,swap,notBad
13884,4,38.29999999999973,4,2.800000000000182,2opt,notBad
13885,4,38.29999999999973,4,2.800000000000182,move,improve
13886,4,38.29999999999973,4,2.800000000000182,swap,improve
13887,4,38.29999999999973,4,2.800000000000182,2opt,notBad
13888,4,38.29999999999973,4,2.800000000000182,2opt,notBad
13889,4,38.29999999999973,4,2.800000000000182,2opt,notBad
13890,4,38.29999999999973,4,2.800000000000182,swap,improve
13891,4,38.29999999999973,4,2.800000000000182,2opt,notBad
13892,4,38.29999999999973,4,2.800000000000182,swap,notBad
13893,4,38.29999999999973,4,2.800000000000182,move,improve
13894,4,38.29999999999973,4,2.800000000000182,2opt,improve
13895,4,38.29999999999973,4,2.800000000000182,move,improve
13896,4,38.29999999999973,4,2.800000000000182,2opt,improve
13897,4,38.29999999999973,4,2.800000000000182,swap,notBad
13898,4,38.29999999999973,4,2.800000000000182,swap,improve
13899,4,38.29999999999973,4,2.800000000000182,2opt,improve
13900,4,38.29999999999973,4,2.800000000000182,move,improve
13901,4,38.29999999999973,4,2.800000000000182,move,improve
13902,4,38.29999999999973,4,2.800000000000182,2opt,notBad
13903,4,28.299999999999727,4,2.800000000000182,move,improve
13904,4,28.299999999999727,4,2.800000000000182,2opt,notBad
13905,4,28.299999999999727,4,2.800000000000182,move,improve
13906,4,28.299999999999727,4,2.800000000000182,move,improve
13907,4,28.299999999999727,4,2.800000000000182,swap,improve
13908,4,28.299999999999727,4,2.800000000000182,swap,improve
13909,4,28.299999999999727,4,2.800000000000182,move,improve
13910,4,28.299999999999727,4,2.800000000000182,swap,improve
13911,4,28.299999999999727,4,2.800000000000182,2opt,notBad
13912,4,28.299999999999727,4,2.800000000000182,swap,improve
13913,4,28.299999999999727,4,2.800000000000182,2opt,notBad
13914,4,28.299999999999727,4,2.800000000000182,move,improve
13915,4,28.299999999999727,4,2.800000000000182,move,improve
13916,4,28.299999999999727,4,2.800000000000182,swap,improve
13917,4,28.299999999999727,4,2.800000000000182,move,improve
13918,4,28.299999999999727,4,2.800000000000182,2opt,notBad
13919,4,28.299999999999727,4,2.800000000000182,move,improve
13920,4,28.299999999999727,4,2.800000000000182,move,improve
13921,4,28.299999999999727,4,2.800000000000182,2opt,notBad
13922,4,28.299999999999727,4,2.800000000000182,2opt,notBad
13923,4,28.299999999999727,4,2.800000000000182,swap,notBad
13924,4,28.299999999999727,4,2.800000000000182,2opt,notBad
13925,4,28.299999999999727,4,2.800000000000182,2opt,notBad
13926,4,28.299999999999727,4,2.800000000000182,2opt,notBad
13927,4,28.299999999999727,4,2.800000000000182,2opt,notBad
13928,4,28.299999999999727,4,2.800000000000182,2opt,notBad
13929,4,28.299999999999727,4,2.800000000000182,move,improve
13930,4,28.299999999999727,4,2.800000000000182,move,improve
13931,4,28.299999999999727,4,2.800000000000182,swap,notBad
13932,4,28.299999999999727,4,2.800000000000182,move,improve
13933,4,28.299999999999727,4,2.800000000000182,move,improve
13934,4,28.299999999999727,4,2.800000000000182,swap,notBad
13935,4,28.299999999999727,4,2.800000000000182,2opt,notBad
13936,4,28.299999999999727,4,2.800000000000182,swap,improve
13937,4,28.299999999999727,4,2.800000000000182,swap,notBad
13938,4,28.299999999999727,4,2.800000000000182,move,improve
13939,4,28.299999999999727,4,2.800000000000182,move,improve
13940,4,28.299999999999727,4,2.800000000000182,swap,improve
13941,4,28.299999999999727,4,2.800000000000182,2opt,improve
13942,4,28.299999999999727,4,2.800000000000182,move,improve
13943,4,28.299999999999727,4,2.800000000000182,swap,notBad
13944,4,28.299999999999727,4,2.800000000000182,swap,notBad
13945,4,28.299999999999727,4,2.800000000000182,move,improve
13946,4,28.299999999999727,4,2.800000000000182,swap,improve
13947,4,28.299999999999727,4,2.800000000000182,swap,improve
13948,4,28.299999999999727,4,2.800000000000182,move,improve
13949,4,28.299999999999727,4,2.800000000000182,swap,improve
13950,4,28.299999999999727,4,2.800000000000182,2opt,notBad
13951,4,28.299999999999727,4,2.800000000000182,move,improve
13952,4,28.299999999999727,4,2.800000000000182,2opt,notBad
13953,4,28.299999999999727,4,2.800000000000182,swap,improve
13954,4,28.299999999999727,4,2.800000000000182,move,improve
13955,4,28.299999999999727,4,2.800000000000182,move,improve
13956,4,28.299999999999727,4,2.800000000000182,move,improve
13957,4,28.299999999999727,4,2.800000000000182,move,improve
13958,4,28.299999999999727,4,2.800000000000182,move,improve
13959,4,28.299999999999727,4,2.800000000000182,2opt,notBad
13960,4,28.299999999999727,4,2.800000000000182,swap,improve
13961,4,28.299999999999727,4,2.800000000000182,2opt,improve
13962,4,28.299999999999727,4,2.800000000000182,swap,improve
13963,4,28.299999999999727,4,2.800000000000182,move,improve
13964,4,28.299999999999727,4,2.800000000000182,swap,improve
13965,4,28.299999999999727,4,2.800000000000182,2opt,improve
13966,4,28.299999999999727,4,2.800000000000182,move,improve
13967,4,27.60000000000082,4,2.800000000000182,move,improve
13968,4,29.700000000000273,4,2.800000000000182,swap,acceptBad
13969,4,29.700000000000273,4,2.800000000000182,2opt,notBad
13970,4,29.700000000000273,4,2.800000000000182,swap,improve
13971,4,29.700000000000273,4,2.800000000000182,move,improve
13972,4,29.700000000000273,4,2.800000000000182,move,improve
13973,4,29.700000000000273,4,2.800000000000182,move,improve
13974,4,29.700000000000273,4,2.800000000000182,move,notBad
13975,4,29.700000000000273,4,2.800000000000182,move,improve
13976,4,29.700000000000273,4,2.800000000000182,move,improve
13977,4,29.700000000000273,4,2.800000000000182,swap,notBad
13978,4,29.700000000000273,4,2.800000000000182,move,improve
13979,4,29.700000000000273,4,2.800000000000182,2opt,notBad
13980,4,29.700000000000273,4,2.800000000000182,2opt,notBad
13981,4,29.700000000000273,4,2.800000000000182,move,improve
13982,4,29.700000000000273,4,2.800000000000182,2opt,notBad
13983,4,29.700000000000273,4,2.800000000000182,swap,notBad
13984,4,29.700000000000273,4,2.800000000000182,move,improve
13985,4,29.700000000000273,4,2.800000000000182,swap,notBad
13986,4,29.700000000000273,4,2.800000000000182,move,improve
13987,4,29.700000000000273,4,2.800000000000182,swap,notBad
13988,4,29.700000000000273,4,2.800000000000182,move,improve
13989,4,29.700000000000273,4,2.800000000000182,move,improve
13990,4,29.700000000000273,4,2.800000000000182,2opt,notBad
13991,4,29.700000000000273,4,2.800000000000182,2opt,notBad
13992,4,29.700000000000273,4,2.800000000000182,2opt,notBad
13993,4,29.700000000000273,4,2.800000000000182,2opt,improve
13994,4,29.700000000000273,4,2.800000000000182,2opt,notBad
13995,4,29.700000000000273,4,2.800000000000182,move,improve
13996,4,28.299999999999727,4,2.800000000000182,swap,improve
13997,4,28.299999999999727,4,2.800000000000182,move,improve
13998,4,28.299999999999727,4,2.800000000000182,swap,improve
13999,4,28.299999999999727,4,2.800000000000182,2opt,improve
14000,4,28.299999999999727,4,2.800000000000182,swap,improve
14001,4,28.299999999999727,4,2.800000000000182,2opt,improve
14002,4,28.299999999999727,4,2.800000000000182,move,improve
14003,4,28.299999999999727,4,2.800000000000182,move,improve
14004,4,28.299999999999727,4,2.800000000000182,move,improve
14005,4,28.299999999999727,4,2.800000000000182,2opt,notBad
14006,4,28.299999999999727,4,2.800000000000182,2opt,notBad
14007,4,28.299999999999727,4,2.800000000000182,2opt,notBad
14008,4,28.299999999999727,4,2.800000000000182,move,improve
14009,4,28.299999999999727,4,2.800000000000182,2opt,improve
14010,4,28.299999999999727,4,2.800000000000182,2opt,improve
14011,4,28.299999999999727,4,2.800000000000182,move,improve
14012,4,28.299999999999727,4,2.800000000000182,2opt,improve
14013,4,28.299999999999727,4,2.800000000000182,2opt,notBad
14014,4,28.299999999999727,4,2.800000000000182,move,improve
14015,4,28.299999999999727,4,2.800000000000182,move,improve
14016,4,28.299999999999727,4,2.800000000000182,2opt,notBad
14017,4,28.299999999999727,4,2.800000000000182,move,improve
14018,4,28.299999999999727,4,2.800000000000182,move,improve
14019,4,28.299999999999727,4,2.800000000000182,move,improve
14020,4,28.299999999999727,4,2.800000000000182,2opt,notBad
14021,4,28.299999999999727,4,2.800000000000182,move,improve
14022,4,28.299999999999727,4,2.800000000000182,2opt,improve
14023,4,28.299999999999727,4,2.800000000000182,swap,improve
14024,4,28.299999999999727,4,2.800000000000182,swap,improve
14025,4,28.299999999999727,4,2.800000000000182,swap,improve
14026,4,28.299999999999727,4,2.800000000000182,swap,improve
14027,4,28.299999999999727,4,2.800000000000182,move,improve
14028,4,28.299999999999727,4,2.800000000000182,2opt,notBad
14029,4,28.299999999999727,4,2.800000000000182,swap,improve
14030,4,28.299999999999727,4,2.800000000000182,move,improve
14031,4,28.299999999999727,4,2.800000000000182,2opt,improve
14032,4,28.299999999999727,4,2.800000000000182,move,improve
14033,4,28.299999999999727,4,2.800000000000182,2opt,improve
14034,4,28.299999999999727,4,2.800000000000182,move,improve
14035,4,28.299999999999727,4,2.800000000000182,swap,notBad
14036,4,28.299999999999727,4,2.800000000000182,move,improve
14037,4,28.299999999999727,4,2.800000000000182,move,improve
14038,4,28.299999999999727,4,2.800000000000182,2opt,improve
14039,4,28.299999999999727,4,2.800000000000182,swap,improve
14040,4,28.299999999999727,4,2.800000000000182,2opt,notBad
14041,4,28.299999999999727,4,2.800000000000182,move,improve
14042,4,28.299999999999727,4,2.800000000000182,2opt,notBad
14043,4,28.299999999999727,4,2.800000000000182,2opt,improve
14044,4,28.299999999999727,4,2.800000000000182,2opt,notBad
14045,4,28.299999999999727,4,2.800000000000182,swap,improve
14046,4,28.299999999999727,4,2.800000000000182,swap,notBad
14047,4,28.299999999999727,4,2.800000000000182,2opt,improve
14048,4,28.299999999999727,4,2.800000000000182,move,improve
14049,4,28.299999999999727,4,2.800000000000182,swap,improve
14050,4,28.299999999999727,4,2.800000000000182,2opt,notBad
14051,4,28.299999999999727,4,2.800000000000182,swap,notBad
14052,4,28.299999999999727,4,2.800000000000182,2opt,notBad
14053,4,28.299999999999727,4,2.800000000000182,swap,improve
14054,4,28.299999999999727,4,2.800000000000182,move,improve
14055,4,28.299999999999727,4,2.800000000000182,move,improve
14056,4,28.299999999999727,4,2.800000000000182,move,improve
14057,4,28.299999999999727,4,2.800000000000182,move,improve
14058,4,28.299999999999727,4,2.800000000000182,2opt,notBad
14059,4,28.299999999999727,4,2.800000000000182,2opt,notBad
14060,4,28.299999999999727,4,2.800000000000182,swap,notBad
14061,4,28.299999999999727,4,2.800000000000182,swap,improve
14062,4,28.299999999999727,4,2.800000000000182,move,improve
14063,4,28.599999999999454,4,2.800000000000182,swap,acceptBad
14064,4,28.599999999999454,4,2.800000000000182,swap,improve
14065,4,28.599999999999454,4,2.800000000000182,move,improve
14066,4,28.599999999999454,4,2.800000000000182,swap,improve
14067,4,28.599999999999454,4,2.800000000000182,2opt,notBad
14068,4,28.599999999999454,4,2.800000000000182,swap,notBad
14069,4,28.599999999999454,4,2.800000000000182,2opt,notBad
14070,4,28.599999999999454,4,2.800000000000182,swap,improve
14071,4,28.599999999999454,4,2.800000000000182,swap,improve
14072,4,28.599999999999454,4,2.800000000000182,2opt,notBad
14073,4,28.599999999999454,4,2.800000000000182,move,improve
14074,4,28.599999999999454,4,2.800000000000182,2opt,notBad
14075,4,28.599999999999454,4,2.800000000000182,move,improve
14076,4,28.599999999999454,4,2.800000000000182,2opt,notBad
14077,4,28.599999999999454,4,2.800000000000182,move,notBad
14078,4,28.599999999999454,4,2.800000000000182,move,improve
14079,4,28.599999999999454,4,2.800000000000182,2opt,notBad
14080,4,28.599999999999454,4,2.800000000000182,2opt,notBad
14081,4,28.599999999999454,4,2.800000000000182,move,improve
14082,4,28.599999999999454,4,2.800000000000182,swap,improve
14083,4,28.599999999999454,4,2.800000000000182,swap,improve
14084,4,28.599999999999454,4,2.800000000000182,move,improve
14085,4,28.599999999999454,4,2.800000000000182,swap,notBad
14086,4,28.599999999999454,4,2.800000000000182,swap,improve
14087,4,28.599999999999454,4,2.800000000000182,2opt,notBad
14088,4,28.599999999999454,4,2.800000000000182,2opt,notBad
14089,4,28.599999999999454,4,2.800000000000182,2opt,notBad
14090,4,20.69999999999891,4,2.800000000000182,move,improve
14091,4,20.69999999999891,4,2.800000000000182,swap,improve
14092,4,20.69999999999891,4,2.800000000000182,swap,improve
14093,4,20.69999999999891,4,2.800000000000182,swap,improve
14094,4,20.69999999999891,4,2.800000000000182,move,improve
14095,4,20.69999999999891,4,2.800000000000182,2opt,notBad
14096,4,20.69999999999891,4,2.800000000000182,swap,improve
14097,4,20.69999999999891,4,2.800000000000182,2opt,notBad
14098,4,20.69999999999891,4,2.800000000000182,move,improve
14099,4,20.69999999999891,4,2.800000000000182,move,improve
14100,4,20.69999999999891,4,2.800000000000182,2opt,notBad
14101,4,14.799999999998363,4,2.800000000000182,move,improve
14102,4,14.799999999998363,4,2.800000000000182,move,improve
14103,4,14.799999999998363,4,2.800000000000182,2opt,notBad
14104,4,14.799999999998363,4,2.800000000000182,swap,improve
14105,4,14.799999999998363,4,2.800000000000182,move,improve
14106,4,14.799999999998363,4,2.800000000000182,2opt,improve
14107,4,14.799999999998363,4,2.800000000000182,2opt,notBad
14108,4,14.799999999998363,4,2.800000000000182,swap,improve
14109,4,14.799999999998363,4,2.800000000000182,2opt,improve
14110,4,14.799999999998363,4,2.800000000000182,2opt,notBad
14111,4,16.09999999999809,4,2.800000000000182,swap,acceptBad
14112,4,16.09999999999809,4,2.800000000000182,2opt,notBad
14113,4,16.09999999999809,4,2.800000000000182,swap,improve
14114,4,16.09999999999809,4,2.800000000000182,2opt,notBad
14115,4,16.09999999999809,4,2.800000000000182,swap,improve
14116,4,16.09999999999809,4,2.800000000000182,swap,improve
14117,4,16.09999999999809,4,2.800000000000182,move,improve
14118,4,16.09999999999809,4,2.800000000000182,swap,improve
14119,4,16.09999999999809,4,2.800000000000182,2opt,notBad
14120,4,16.09999999999809,4,2.800000000000182,move,improve
14121,4,16.09999999999809,4,2.800000000000182,move,improve
14122,4,16.09999999999809,4,2.800000000000182,2opt,notBad
14123,4,16.09999999999809,4,2.800000000000182,swap,notBad
14124,4,16.09999999999809,4,2.800000000000182,2opt,notBad
14125,4,16.09999999999809,4,2.800000000000182,swap,notBad
14126,4,16.09999999999809,4,2.800000000000182,2opt,notBad
14127,4,16.09999999999809,4,2.800000000000182,2opt,notBad
14128,4,16.09999999999809,4,2.800000000000182,2opt,notBad
14129,4,18.999999999998636,4,2.800000000000182,swap,acceptBad
14130,4,18.999999999998636,4,2.800000000000182,2opt,notBad
14131,4,18.999999999998636,4,2.800000000000182,2opt,notBad
14132,4,18.999999999998636,4,2.800000000000182,2opt,improve
14133,4,18.999999999998636,4,2.800000000000182,2opt,notBad
14134,4,18.999999999998636,4,2.800000000000182,2opt,notBad
14135,4,18.999999999998636,4,2.800000000000182,2opt,improve
14136,4,18.999999999998636,4,2.800000000000182,2opt,improve
14137,4,18.999999999998636,4,2.800000000000182,2opt,improve
14138,4,17.899999999998272,4,2.800000000000182,swap,improve
14139,4,17.899999999998272,4,2.800000000000182,2opt,improve
14140,4,17.899999999998272,4,2.800000000000182,2opt,improve
14141,4,17.899999999998272,4,2.800000000000182,2opt,notBad
14142,4,17.899999999998272,4,2.800000000000182,move,improve
14143,4,17.899999999998272,4,2.800000000000182,swap,improve
14144,4,17.899999999998272,4,2.800000000000182,move,improve
14145,4,17.899999999998272,4,2.800000000000182,move,improve
14146,4,17.899999999998272,4,2.800000000000182,2opt,notBad
14147,4,17.899999999998272,4,2.800000000000182,2opt,notBad
14148,4,17.899999999998272,4,2.800000000000182,2opt,notBad
14149,4,17.899999999998272,4,2.800000000000182,move,improve
14150,4,17.899999999998272,4,2.800000000000182,2opt,notBad
14151,4,17.899999999998272,4,2.800000000000182,swap,improve
14152,4,17.899999999998272,4,2.800000000000182,2opt,notBad
14153,4,17.899999999998272,4,2.800000000000182,swap,notBad
14154,4,17.899999999998272,4,2.800000000000182,2opt,notBad
14155,4,17.899999999998272,4,2.800000000000182,2opt,notBad
14156,4,17.899999999998272,4,2.800000000000182,move,improve
14157,4,17.899999999998272,4,2.800000000000182,swap,improve
14158,4,17.899999999998272,4,2.800000000000182,2opt,notBad
14159,4,17.899999999998272,4,2.800000000000182,2opt,notBad
14160,4,17.899999999998272,4,2.800000000000182,move,improve
14161,4,17.899999999998272,4,2.800000000000182,2opt,improve
14162,4,17.899999999998272,4,2.800000000000182,move,improve
14163,4,17.899999999998272,4,2.800000000000182,swap,improve
14164,4,17.899999999998272,4,2.800000000000182,2opt,notBad
14165,4,17.899999999998272,4,2.800000000000182,swap,improve
14166,4,17.899999999998272,4,2.800000000000182,swap,improve
14167,4,17.899999999998272,4,2.800000000000182,move,improve
14168,4,17.899999999998272,4,2.800000000000182,2opt,improve
14169,4,17.899999999998272,4,2.800000000000182,move,improve
14170,4,17.899999999998272,4,2.800000000000182,swap,improve
14171,4,17.899999999998272,4,2.800000000000182,move,improve
14172,4,17.899999999998272,4,2.800000000000182,move,improve
14173,4,17.899999999998272,4,2.800000000000182,move,improve
14174,4,17.899999999998272,4,2.800000000000182,move,improve
14175,4,17.899999999998272,4,2.800000000000182,2opt,notBad
14176,4,17.899999999998272,4,2.800000000000182,move,improve
14177,4,17.899999999998272,4,2.800000000000182,2opt,notBad
14178,4,17.899999999998272,4,2.800000000000182,2opt,notBad
14179,4,17.899999999998272,4,2.800000000000182,2opt,notBad
14180,4,17.899999999998272,4,2.800000000000182,swap,improve
14181,4,17.899999999998272,4,2.800000000000182,2opt,notBad
14182,4,17.899999999998272,4,2.800000000000182,move,improve
14183,4,17.899999999998272,4,2.800000000000182,2opt,notBad
14184,4,13.999999999998181,4,2.800000000000182,move,improve
14185,4,13.999999999998181,4,2.800000000000182,move,improve
14186,4,13.999999999998181,4,2.800000000000182,move,improve
14187,4,13.999999999998181,4,2.800000000000182,move,improve
14188,4,13.999999999998181,4,2.800000000000182,move,improve
14189,4,13.999999999998181,4,2.800000000000182,move,improve
14190,4,13.999999999998181,4,2.800000000000182,2opt,notBad
14191,4,13.999999999998181,4,2.800000000000182,swap,notBad
14192,4,13.999999999998181,4,2.800000000000182,2opt,notBad
14193,4,13.999999999998181,4,2.800000000000182,2opt,notBad
14194,4,13.999999999998181,4,2.800000000000182,move,notBad
14195,4,13.999999999998181,4,2.800000000000182,move,improve
14196,4,13.999999999998181,4,2.800000000000182,move,improve
14197,4,13.999999999998181,4,2.800000000000182,move,improve
14198,4,13.999999999998181,4,2.800000000000182,2opt,notBad
14199,4,13.999999999998181,4,2.800000000000182,swap,improve
14200,4,13.999999999998181,4,2.800000000000182,move,improve
14201,4,13.999999999998181,4,2.800000000000182,2opt,improve
14202,4,13.999999999998181,4,2.800000000000182,swap,improve
14203,4,13.999999999998181,4,2.800000000000182,swap,notBad
14204,4,13.999999999998181,4,2.800000000000182,2opt,notBad
14205,4,13.999999999998181,4,2.800000000000182,2opt,notBad
14206,4,13.999999999998181,4,2.800000000000182,2opt,improve
14207,4,13.999999999998181,4,2.800000000000182,move,improve
14208,4,13.999999999998181,4,2.800000000000182,swap,notBad
14209,4,13.999999999998181,4,2.800000000000182,2opt,notBad
14210,4,13.999999999998181,4,2.800000000000182,swap,improve
14211,4,13.999999999998181,4,2.800000000000182,swap,improve
14212,4,13.999999999998181,4,2.800000000000182,swap,notBad
14213,4,13.999999999998181,4,2.800000000000182,swap,improve
14214,4,13.999999999998181,4,2.800000000000182,2opt,notBad
14215,4,13.999999999998181,4,2.800000000000182,2opt,notBad
14216,4,13.999999999998181,4,2.800000000000182,2opt,notBad
14217,4,13.999999999998181,4,2.800000000000182,move,improve
14218,4,13.999999999998181,4,2.800000000000182,2opt,notBad
14219,4,13.999999999998181,4,2.800000000000182,swap,improve
14220,4,13.999999999998181,4,2.800000000000182,move,improve
14221,4,13.999999999998181,4,2.800000000000182,2opt,improve
14222,4,13.999999999998181,4,2.800000000000182,swap,improve
14223,4,13.999999999998181,4,2.800000000000182,swap,improve
14224,4,13.999999999998181,4,2.800000000000182,swap,notBad
14225,4,13.999999999998181,4,2.800000000000182,move,improve
14226,4,13.999999999998181,4,2.800000000000182,2opt,notBad
14227,4,13.999999999998181,4,2.800000000000182,2opt,notBad
14228,4,13.999999999998181,4,2.800000000000182,swap,notBad
14229,4,13.999999999998181,4,2.800000000000182,move,improve
14230,4,13.999999999998181,4,2.800000000000182,move,improve
14231,4,13.999999999998181,4,2.800000000000182,swap,notBad
14232,4,13.999999999998181,4,2.800000000000182,2opt,notBad
14233,4,13.999999999998181,4,2.800000000000182,2opt,improve
14234,4,13.999999999998181,4,2.800000000000182,2opt,notBad
14235,4,13.999999999998181,4,2.800000000000182,swap,improve
14236,4,13.999999999998181,4,2.800000000000182,move,improve
14237,4,13.999999999998181,4,2.800000000000182,move,improve
14238,4,13.999999999998181,4,2.800000000000182,swap,improve
14239,4,13.999999999998181,4,2.800000000000182,2opt,notBad
14240,4,13.999999999998181,4,2.800000000000182,move,improve
14241,4,13.999999999998181,4,2.800000000000182,move,improve
14242,4,13.999999999998181,4,2.800000000000182,swap,improve
14243,4,13.999999999998181,4,2.800000000000182,swap,improve
14244,4,13.999999999998181,4,2.800000000000182,2opt,notBad
14245,4,13.999999999998181,4,2.800000000000182,2opt,notBad
14246,4,13.999999999998181,4,2.800000000000182,2opt,notBad
14247,4,13.999999999998181,4,2.800000000000182,2opt,notBad
14248,4,13.999999999998181,4,2.800000000000182,move,improve
14249,4,13.999999999998181,4,2.800000000000182,swap,improve
14250,4,13.999999999998181,4,2.800000000000182,move,improve
14251,4,13.999999999998181,4,2.800000000000182,move,improve
14252,4,13.999999999998181,4,2.800000000000182,2opt,notBad
14253,4,13.999999999998181,4,2.800000000000182,2opt,notBad
14254,4,13.999999999998181,4,2.800000000000182,move,improve
14255,4,13.999999999998181,4,2.800000000000182,move,notBad
14256,4,13.999999999998181,4,2.800000000000182,move,improve
14257,4,13.999999999998181,4,2.800000000000182,move,improve
14258,4,13.999999999998181,4,2.800000000000182,2opt,notBad
14259,4,13.999999999998181,4,2.800000000000182,move,improve
14260,4,13.999999999998181,4,2.800000000000182,2opt,notBad
14261,4,13.999999999998181,4,2.800000000000182,move,improve
14262,4,13.999999999998181,4,2.800000000000182,swap,notBad
14263,4,13.999999999998181,4,2.800000000000182,swap,improve
14264,4,13.999999999998181,4,2.800000000000182,move,improve
14265,4,13.999999999998181,4,2.800000000000182,swap,notBad
14266,4,13.999999999998181,4,2.800000000000182,2opt,notBad
14267,4,13.999999999998181,4,2.800000000000182,2opt,notBad
14268,4,13.999999999998181,4,2.800000000000182,2opt,improve
14269,4,13.999999999998181,4,2.800000000000182,swap,notBad
14270,4,13.999999999998181,4,2.800000000000182,swap,improve
14271,4,13.999999999998181,4,2.800000000000182,swap,improve
14272,4,13.999999999998181,4,2.800000000000182,2opt,notBad
14273,4,13.999999999998181,4,2.800000000000182,swap,improve
14274,4,13.999999999998181,4,2.800000000000182,move,improve
14275,4,13.999999999998181,4,2.800000000000182,swap,improve
14276,4,13.999999999998181,4,2.800000000000182,2opt,notBad
14277,4,13.999999999998181,4,2.800000000000182,2opt,improve
14278,4,13.999999999998181,4,2.800000000000182,swap,notBad
14279,4,13.999999999998181,4,2.800000000000182,swap,improve
14280,4,13.999999999998181,4,2.800000000000182,swap,notBad
14281,4,13.999999999998181,4,2.800000000000182,swap,notBad
14282,4,13.999999999998181,4,2.800000000000182,2opt,notBad
14283,4,13.999999999998181,4,2.800000000000182,move,improve
14284,4,13.999999999998181,4,2.800000000000182,move,improve
14285,4,13.999999999998181,4,2.800000000000182,swap,notBad
14286,4,15.299999999997908,4,2.800000000000182,swap,acceptBad
14287,4,15.299999999997908,4,2.800000000000182,2opt,notBad
14288,4,15.299999999997908,4,2.800000000000182,move,improve
14289,4,15.299999999997908,4,2.800000000000182,swap,notBad
14290,4,15.299999999997908,4,2.800000000000182,2opt,notBad
14291,4,15.299999999997908,4,2.800000000000182,2opt,notBad
14292,4,15.299999999997908,4,2.800000000000182,swap,improve
14293,4,15.299999999997908,4,2.800000000000182,swap,notBad
14294,4,15.299999999997908,4,2.800000000000182,move,improve
14295,4,15.299999999997908,4,2.800000000000182,2opt,notBad
14296,4,15.299999999997908,4,2.800000000000182,swap,improve
14297,4,15.299999999997908,4,2.800000000000182,2opt,notBad
14298,4,15.299999999997908,4,2.800000000000182,2opt,notBad
14299,4,15.299999999997908,4,2.800000000000182,2opt,notBad
14300,4,15.299999999997908,4,2.800000000000182,2opt,notBad
14301,4,15.299999999997908,4,2.800000000000182,move,improve
14302,4,15.299999999997908,4,2.800000000000182,move,improve
14303,4,15.299999999997908,4,2.800000000000182,swap,improve
14304,4,15.299999999997908,4,2.800000000000182,swap,improve
14305,4,15.299999999997908,4,2.800000000000182,move,improve
14306,4,15.299999999997908,4,2.800000000000182,move,improve
14307,4,15.299999999997908,4,2.800000000000182,move,improve
14308,4,15.299999999997908,4,2.800000000000182,2opt,notBad
14309,4,15.299999999997908,4,2.800000000000182,swap,improve
14310,4,15.299999999997908,4,2.800000000000182,swap,improve
14311,4,15.299999999997908,4,2.800000000000182,swap,notBad
14312,4,15.299999999997908,4,2.800000000000182,swap,improve
14313,4,15.299999999997908,4,2.800000000000182,swap,notBad
14314,4,15.299999999997908,4,2.800000000000182,move,improve
14315,4,15.299999999997908,4,2.800000000000182,move,improve
14316,4,15.299999999997908,4,2.800000000000182,2opt,notBad
14317,4,15.299999999997908,4,2.800000000000182,2opt,notBad
14318,4,15.299999999997908,4,2.800000000000182,2opt,notBad
14319,4,15.299999999997908,4,2.800000000000182,swap,improve
14320,4,15.299999999997908,4,2.800000000000182,swap,notBad
14321,4,15.299999999997908,4,2.800000000000182,move,improve
14322,4,15.299999999997908,4,2.800000000000182,2opt,notBad
14323,4,15.299999999997908,4,2.800000000000182,2opt,notBad
14324,4,15.299999999997908,4,2.800000000000182,swap,notBad
14325,4,15.299999999997908,4,2.800000000000182,move,improve
14326,4,15.299999999997908,4,2.800000000000182,2opt,notBad
14327,4,15.299999999997908,4,2.800000000000182,2opt,improve
14328,4,15.299999999997908,4,2.800000000000182,2opt,notBad
14329,4,15.299999999997908,4,2.800000000000182,2opt,notBad
14330,4,15.299999999997908,4,2.800000000000182,swap,notBad
14331,4,15.299999999997908,4,2.800000000000182,move,improve
14332,4,15.299999999997908,4,2.800000000000182,swap,improve
14333,4,15.299999999997908,4,2.800000000000182,move,improve
14334,4,15.299999999997908,4,2.800000000000182,move,improve
14335,4,15.299999999997908,4,2.800000000000182,swap,notBad
14336,4,15.299999999997908,4,2.800000000000182,2opt,notBad
14337,4,15.299999999997908,4,2.800000000000182,2opt,improve
14338,4,15.299999999997908,4,2.800000000000182,move,improve
14339,4,15.299999999997908,4,2.800000000000182,swap,improve
14340,4,15.299999999997908,4,2.800000000000182,move,improve
14341,4,15.299999999997908,4,2.800000000000182,move,improve
14342,4,15.299999999997908,4,2.800000000000182,2opt,notBad
14343,4,15.299999999997908,4,2.800000000000182,swap,notBad
14344,4,15.299999999997908,4,2.800000000000182,2opt,notBad
14345,4,15.299999999997908,4,2.800000000000182,move,improve
14346,4,15.299999999997908,4,2.800000000000182,move,improve
14347,4,15.299999999997908,4,2.800000000000182,move,improve
14348,4,15.299999999997908,4,2.800000000000182,move,improve
14349,4,15.299999999997908,4,2.800000000000182,move,improve
14350,4,15.299999999997908,4,2.800000000000182,2opt,improve
14351,4,15.299999999997908,4,2.800000000000182,2opt,notBad
14352,4,15.299999999997908,4,2.800000000000182,move,improve
14353,4,15.299999999997908,4,2.800000000000182,2opt,notBad
14354,4,15.299999999997908,4,2.800000000000182,2opt,notBad
14355,4,15.299999999997908,4,2.800000000000182,2opt,notBad
14356,4,15.299999999997908,4,2.800000000000182,move,improve
14357,4,15.299999999997908,4,2.800000000000182,swap,improve
14358,4,15.299999999997908,4,2.800000000000182,2opt,notBad
14359,4,15.299999999997908,4,2.800000000000182,2opt,notBad
14360,4,15.299999999997908,4,2.800000000000182,2opt,notBad
14361,4,15.299999999997908,4,2.800000000000182,swap,notBad
14362,4,15.299999999997908,4,2.800000000000182,swap,improve
14363,4,15.299999999997908,4,2.800000000000182,move,improve
14364,4,15.299999999997908,4,2.800000000000182,swap,notBad
14365,4,15.299999999997908,4,2.800000000000182,move,improve
14366,4,15.299999999997908,4,2.800000000000182,2opt,notBad
14367,4,15.299999999997908,4,2.800000000000182,move,improve
14368,4,15.299999999997908,4,2.800000000000182,move,improve
14369,4,15.299999999997908,4,2.800000000000182,2opt,notBad
14370,4,15.299999999997908,4,2.800000000000182,move,improve
14371,4,15.299999999997908,4,2.800000000000182,swap,notBad
14372,4,15.299999999997908,4,2.800000000000182,2opt,notBad
14373,4,15.299999999997908,4,2.800000000000182,swap,improve
14374,4,15.299999999997908,4,2.800000000000182,move,improve
14375,4,15.299999999997908,4,2.800000000000182,swap,improve
14376,4,15.299999999997908,4,2.800000000000182,2opt,notBad
14377,4,15.299999999997908,4,2.800000000000182,swap,improve
14378,4,15.299999999997908,4,2.800000000000182,2opt,improve
14379,4,15.299999999997908,4,2.800000000000182,swap,improve
14380,4,15.299999999997908,4,2.800000000000182,move,improve
14381,4,15.299999999997908,4,2.800000000000182,move,improve
14382,4,15.299999999997908,4,2.800000000000182,swap,improve
14383,4,15.299999999997908,4,2.800000000000182,2opt,notBad
14384,4,14.499999999998636,4,2.800000000000182,swap,improve
14385,4,14.499999999998636,4,2.800000000000182,move,improve
14386,4,14.499999999998636,4,2.800000000000182,move,improve
14387,4,14.499999999998636,4,2.800000000000182,swap,notBad
14388,4,14.499999999998636,4,2.800000000000182,2opt,notBad
14389,4,14.499999999998636,4,2.800000000000182,move,improve
14390,4,14.499999999998636,4,2.800000000000182,2opt,notBad
14391,4,14.499999999998636,4,2.800000000000182,2opt,notBad
14392,4,14.499999999998636,4,2.800000000000182,move,improve
14393,4,14.499999999998636,4,2.800000000000182,move,improve
14394,4,14.499999999998636,4,2.800000000000182,2opt,improve
14395,4,14.499999999998636,4,2.800000000000182,move,improve
14396,4,14.499999999998636,4,2.800000000000182,move,improve
14397,4,14.499999999998636,4,2.800000000000182,swap,notBad
14398,4,14.499999999998636,4,2.800000000000182,2opt,notBad
14399,4,14.499999999998636,4,2.800000000000182,swap,notBad
14400,4,14.499999999998636,4,2.800000000000182,2opt,improve
14401,4,14.499999999998636,4,2.800000000000182,2opt,notBad
14402,4,14.499999999998636,4,2.800000000000182,2opt,notBad
14403,4,14.499999999998636,4,2.800000000000182,2opt,notBad
14404,4,14.499999999998636,4,2.800000000000182,2opt,notBad
14405,4,14.499999999998636,4,2.800000000000182,move,improve
14406,4,14.499999999998636,4,2.800000000000182,2opt,notBad
14407,4,14.499999999998636,4,2.800000000000182,move,improve
14408,4,14.499999999998636,4,2.800000000000182,swap,improve
14409,4,14.499999999998636,4,2.800000000000182,2opt,improve
14410,4,14.499999999998636,4,2.800000000000182,move,improve
14411,4,14.499999999998636,4,2.800000000000182,swap,improve
14412,4,14.499999999998636,4,2.800000000000182,2opt,notBad
14413,4,14.499999999998636,4,2.800000000000182,move,improve
14414,4,14.499999999998636,4,2.800000000000182,2opt,notBad
14415,4,14.499999999998636,4,2.800000000000182,move,improve
14416,4,14.499999999998636,4,2.800000000000182,swap,improve
14417,4,14.499999999998636,4,2.800000000000182,2opt,notBad
14418,4,14.499999999998636,4,2.800000000000182,move,improve
14419,4,14.499999999998636,4,2.800000000000182,2opt,notBad
14420,4,14.499999999998636,4,2.800000000000182,move,improve
14421,4,14.499999999998636,4,2.800000000000182,move,improve
14422,4,14.499999999998636,4,2.800000000000182,swap,improve
14423,4,14.499999999998636,4,2.800000000000182,swap,notBad
14424,4,14.499999999998636,4,2.800000000000182,2opt,notBad
14425,4,14.499999999998636,4,2.800000000000182,2opt,notBad
14426,4,14.499999999998636,4,2.800000000000182,swap,improve
14427,4,14.499999999998636,4,2.800000000000182,move,improve
14428,4,14.499999999998636,4,2.800000000000182,swap,notBad
14429,4,14.499999999998636,4,2.800000000000182,swap,notBad
14430,4,14.499999999998636,4,2.800000000000182,swap,notBad
14431,4,14.499999999998636,4,2.800000000000182,move,improve
14432,4,14.499999999998636,4,2.800000000000182,swap,improve
14433,4,14.499999999998636,4,2.800000000000182,move,improve
14434,4,14.499999999998636,4,2.800000000000182,2opt,notBad
14435,4,14.499999999998636,4,2.800000000000182,swap,improve
14436,4,14.499999999998636,4,2.800000000000182,move,improve
14437,4,14.499999999998636,4,2.800000000000182,swap,improve
14438,4,14.499999999998636,4,2.800000000000182,2opt,notBad
14439,4,14.499999999998636,4,2.800000000000182,2opt,notBad
14440,4,14.499999999998636,4,2.800000000000182,swap,improve
14441,4,14.499999999998636,4,2.800000000000182,move,improve
14442,4,14.499999999998636,4,2.800000000000182,move,improve
14443,4,14.499999999998636,4,2.800000000000182,move,improve
14444,4,14.499999999998636,4,2.800000000000182,move,improve
14445,4,14.499999999998636,4,2.800000000000182,2opt,notBad
14446,4,14.499999999998636,4,2.800000000000182,move,improve
14447,4,14.499999999998636,4,2.800000000000182,swap,improve
14448,4,14.499999999998636,4,2.800000000000182,swap,improve
14449,4,14.499999999998636,4,2.800000000000182,2opt,notBad
14450,4,14.499999999998636,4,2.800000000000182,2opt,improve
14451,4,14.499999999998636,4,2.800000000000182,move,improve
14452,4,14.499999999998636,4,2.800000000000182,swap,improve
14453,4,14.499999999998636,4,2.800000000000182,swap,improve
14454,4,14.499999999998636,4,2.800000000000182,swap,improve
14455,4,14.499999999998636,4,2.800000000000182,2opt,notBad
14456,4,14.499999999998636,4,2.800000000000182,move,improve
14457,4,14.499999999998636,4,2.800000000000182,2opt,notBad
14458,4,14.499999999998636,4,2.800000000000182,swap,notBad
14459,4,14.499999999998636,4,2.800000000000182,2opt,notBad
14460,4,14.499999999998636,4,2.800000000000182,move,improve
14461,4,14.499999999998636,4,2.800000000000182,2opt,notBad
14462,4,14.499999999998636,4,2.800000000000182,swap,notBad
14463,4,14.499999999998636,4,2.800000000000182,2opt,notBad
14464,4,14.499999999998636,4,2.800000000000182,move,improve
14465,4,14.499999999998636,4,2.800000000000182,move,improve
14466,4,14.499999999998636,4,2.800000000000182,swap,improve
14467,4,14.499999999998636,4,2.800000000000182,2opt,notBad
14468,4,14.499999999998636,4,2.800000000000182,2opt,improve
14469,4,14.499999999998636,4,2.800000000000182,move,improve
14470,4,14.499999999998636,4,2.800000000000182,2opt,notBad
14471,4,14.499999999998636,4,2.800000000000182,2opt,notBad
14472,4,13.299999999998818,4,2.800000000000182,move,improve
14473,4,13.299999999998818,4,2.800000000000182,2opt,improve
14474,4,13.299999999998818,4,2.800000000000182,2opt,notBad
14475,4,13.299999999998818,4,2.800000000000182,swap,improve
14476,4,13.299999999998818,4,2.800000000000182,move,improve
14477,4,13.299999999998818,4,2.800000000000182,swap,improve
14478,4,13.299999999998818,4,2.800000000000182,swap,improve
14479,4,13.299999999998818,4,2.800000000000182,2opt,improve
14480,4,13.299999999998818,4,2.800000000000182,move,improve
14481,4,13.299999999998818,4,2.800000000000182,swap,notBad
14482,4,13.299999999998818,4,2.800000000000182,swap,improve
14483,4,13.299999999998818,4,2.800000000000182,2opt,improve
14484,4,13.299999999998818,4,2.800000000000182,swap,improve
14485,4,13.299999999998818,4,2.800000000000182,2opt,notBad
14486,4,13.299999999998818,4,2.800000000000182,2opt,notBad
14487,4,13.299999999998818,4,2.800000000000182,move,improve
14488,4,13.299999999998818,4,2.800000000000182,swap,notBad
14489,4,13.299999999998818,4,2.800000000000182,move,improve
14490,4,13.299999999998818,4,2.800000000000182,move,improve
14491,4,13.299999999998818,4,2.800000000000182,2opt,notBad
14492,4,13.299999999998818,4,2.800000000000182,move,improve
14493,4,13.299999999998818,4,2.800000000000182,2opt,notBad
14494,4,13.299999999998818,4,2.800000000000182,2opt,notBad
14495,4,13.299999999998818,4,2.800000000000182,2opt,improve
14496,4,13.299999999998818,4,2.800000000000182,2opt,notBad
14497,4,13.299999999998818,4,2.800000000000182,swap,improve
14498,4,17.19999999999891,4,2.800000000000182,swap,acceptBad
14499,4,17.19999999999891,4,2.800000000000182,2opt,notBad
14500,4,17.19999999999891,4,2.800000000000182,move,improve
14501,4,17.19999999999891,4,2.800000000000182,move,improve
14502,4,17.19999999999891,4,2.800000000000182,swap,improve
14503,4,17.19999999999891,4,2.800000000000182,move,improve
14504,4,17.19999999999891,4,2.800000000000182,swap,improve
14505,4,17.19999999999891,4,2.800000000000182,move,improve
14506,4,17.19999999999891,4,2.800000000000182,swap,notBad
14507,4,17.19999999999891,4,2.800000000000182,swap,improve
14508,4,17.19999999999891,4,2.800000000000182,2opt,notBad
14509,4,17.19999999999891,4,2.800000000000182,move,improve
14510,4,17.19999999999891,4,2.800000000000182,2opt,notBad
14511,4,17.19999999999891,4,2.800000000000182,swap,improve
14512,4,18.999999999998636,4,2.800000000000182,swap,acceptBad
14513,4,18.999999999998636,4,2.800000000000182,move,improve
14514,4,18.999999999998636,4,2.800000000000182,move,improve
14515,4,18.999999999998636,4,2.800000000000182,swap,notBad
14516,4,18.999999999998636,4,2.800000000000182,2opt,notBad
14517,4,18.999999999998636,4,2.800000000000182,2opt,notBad
14518,4,18.999999999998636,4,2.800000000000182,move,improve
14519,4,18.999999999998636,4,2.800000000000182,2opt,improve
14520,4,18.999999999998636,4,2.800000000000182,move,improve
14521,4,18.999999999998636,4,2.800000000000182,swap,improve
14522,4,18.999999999998636,4,2.800000000000182,move,improve
14523,4,18.999999999998636,4,2.800000000000182,swap,improve
14524,4,18.999999999998636,4,2.800000000000182,swap,notBad
14525,4,18.999999999998636,4,2.800000000000182,swap,notBad
14526,4,18.999999999998636,4,2.800000000000182,swap,improve
14527,4,18.999999999998636,4,2.800000000000182,move,improve
14528,4,18.999999999998636,4,2.800000000000182,swap,improve
14529,4,18.999999999998636,4,2.800000000000182,swap,notBad
14530,4,18.999999999998636,4,2.800000000000182,move,improve
14531,4,18.999999999998636,4,2.800000000000182,2opt,notBad
14532,4,18.999999999998636,4,2.800000000000182,2opt,improve
14533,4,18.999999999998636,4,2.800000000000182,move,improve
14534,4,18.999999999998636,4,2.800000000000182,2opt,notBad
14535,4,18.999999999998636,4,2.800000000000182,move,improve
14536,4,18.999999999998636,4,2.800000000000182,swap,improve
14537,4,18.999999999998636,4,2.800000000000182,swap,improve
14538,4,18.999999999998636,4,2.800000000000182,swap,improve
14539,4,18.999999999998636,4,2.800000000000182,move,improve
14540,4,18.999999999998636,4,2.800000000000182,move,improve
14541,4,18.999999999998636,4,2.800000000000182,move,improve
14542,4,18.999999999998636,4,2.800000000000182,2opt,improve
14543,4,18.999999999998636,4,2.800000000000182,2opt,notBad
14544,4,18.999999999998636,4,2.800000000000182,swap,notBad
14545,4,18.999999999998636,4,2.800000000000182,2opt,notBad
14546,4,18.999999999998636,4,2.800000000000182,move,improve
14547,4,18.999999999998636,4,2.800000000000182,move,improve
14548,4,18.999999999998636,4,2.800000000000182,2opt,notBad
14549,4,13.299999999998818,4,2.800000000000182,move,improve
14550,4,13.299999999998818,4,2.800000000000182,swap,improve
14551,4,13.299999999998818,4,2.800000000000182,2opt,notBad
14552,4,13.299999999998818,4,2.800000000000182,2opt,notBad
14553,4,13.299999999998818,4,2.800000000000182,move,improve
14554,4,13.299999999998818,4,2.800000000000182,2opt,notBad
14555,4,13.299999999998818,4,2.800000000000182,move,improve
14556,4,13.299999999998818,4,2.800000000000182,swap,notBad
14557,4,13.299999999998818,4,2.800000000000182,2opt,notBad
14558,4,13.299999999998818,4,2.800000000000182,2opt,notBad
14559,4,13.299999999998818,4,2.800000000000182,swap,improve
14560,4,13.299999999998818,4,2.800000000000182,move,improve
14561,4,13.299999999998818,4,2.800000000000182,move,improve
14562,4,13.299999999998818,4,2.800000000000182,move,improve
14563,4,13.299999999998818,4,2.800000000000182,swap,improve
14564,4,13.299999999998818,4,2.800000000000182,move,improve
14565,4,13.299999999998818,4,2.800000000000182,swap,improve
14566,4,13.299999999998818,4,2.800000000000182,move,improve
14567,4,13.299999999998818,4,2.800000000000182,2opt,notBad
14568,4,13.299999999998818,4,2.800000000000182,swap,notBad
14569,4,13.299999999998818,4,2.800000000000182,move,improve
14570,4,13.299999999998818,4,2.800000000000182,2opt,notBad
14571,4,13.299999999998818,4,2.800000000000182,move,improve
14572,4,13.299999999998818,4,2.800000000000182,move,improve
14573,4,13.299999999998818,4,2.800000000000182,2opt,notBad
14574,4,13.299999999998818,4,2.800000000000182,2opt,notBad
14575,4,13.299999999998818,4,2.800000000000182,2opt,improve
14576,4,13.299999999998818,4,2.800000000000182,2opt,notBad
14577,4,13.299999999998818,4,2.800000000000182,move,improve
14578,4,13.299999999998818,4,2.800000000000182,swap,improve
14579,4,13.299999999998818,4,2.800000000000182,swap,notBad
14580,4,13.299999999998818,4,2.800000000000182,move,improve
14581,4,13.299999999998818,4,2.800000000000182,move,improve
14582,4,13.299999999998818,4,2.800000000000182,swap,improve
14583,4,13.299999999998818,4,2.800000000000182,move,improve
14584,4,13.299999999998818,4,2.800000000000182,2opt,notBad
14585,4,13.299999999998818,4,2.800000000000182,2opt,notBad
14586,4,13.299999999998818,4,2.800000000000182,move,improve
14587,4,13.299999999998818,4,2.800000000000182,move,improve
14588,4,13.299999999998818,4,2.800000000000182,move,improve
14589,4,13.299999999998818,4,2.800000000000182,swap,notBad
14590,4,13.299999999998818,4,2.800000000000182,2opt,notBad
14591,4,13.299999999998818,4,2.800000000000182,swap,improve
14592,4,13.299999999998818,4,2.800000000000182,move,improve
14593,4,13.299999999998818,4,2.800000000000182,swap,improve
14594,4,13.299999999998818,4,2.800000000000182,swap,notBad
14595,4,13.299999999998818,4,2.800000000000182,swap,improve
14596,4,13.299999999998818,4,2.800000000000182,2opt,notBad
14597,4,13.299999999998818,4,2.800000000000182,2opt,improve
14598,4,13.299999999998818,4,2.800000000000182,move,improve
14599,4,13.299999999998818,4,2.800000000000182,move,improve
14600,4,13.299999999998818,4,2.800000000000182,move,improve
14601,4,13.299999999998818,4,2.800000000000182,move,improve
14602,4,13.299999999998818,4,2.800000000000182,swap,improve
14603,4,13.299999999998818,4,2.800000000000182,swap,improve
14604,4,13.299999999998818,4,2.800000000000182,move,improve
14605,4,13.299999999998818,4,2.800000000000182,move,improve
14606,4,13.299999999998818,4,2.800000000000182,move,improve
14607,4,13.299999999998818,4,2.800000000000182,2opt,improve
14608,4,13.299999999998818,4,2.800000000000182,swap,improve
14609,4,13.299999999998818,4,2.800000000000182,swap,improve
14610,4,13.299999999998818,4,2.800000000000182,move,improve
14611,4,13.299999999998818,4,2.800000000000182,move,improve
14612,4,13.299999999998818,4,2.800000000000182,2opt,notBad
14613,4,13.299999999998818,4,2.800000000000182,move,improve
14614,4,13.299999999998818,4,2.800000000000182,2opt,improve
14615,4,13.299999999998818,4,2.800000000000182,2opt,notBad
14616,4,13.299999999998818,4,2.800000000000182,2opt,notBad
14617,4,17.19999999999891,4,2.800000000000182,swap,acceptBad
14618,4,17.19999999999891,4,2.800000000000182,2opt,notBad
14619,4,13.299999999998818,4,2.800000000000182,move,improve
14620,4,13.299999999998818,4,2.800000000000182,move,improve
14621,4,13.299999999998818,4,2.800000000000182,2opt,notBad
14622,4,13.299999999998818,4,2.800000000000182,move,improve
14623,4,13.299999999998818,4,2.800000000000182,2opt,notBad
14624,4,13.299999999998818,4,2.800000000000182,move,improve
14625,4,13.299999999998818,4,2.800000000000182,2opt,notBad
14626,4,13.299999999998818,4,2.800000000000182,move,improve
14627,4,13.299999999998818,4,2.800000000000182,2opt,notBad
14628,4,13.299999999998818,4,2.800000000000182,swap,improve
14629,4,4.799999999999727,4,2.800000000000182,move,improve
14630,4,4.799999999999727,4,2.800000000000182,swap,notBad
14631,4,4.799999999999727,4,2.800000000000182,2opt,improve
14632,4,4.799999999999727,4,2.800000000000182,swap,notBad
14633,4,4.799999999999727,4,2.800000000000182,swap,notBad
14634,4,4.799999999999727,4,2.800000000000182,move,improve
14635,4,4.799999999999727,4,2.800000000000182,swap,improve
14636,4,4.799999999999727,4,2.800000000000182,swap,improve
14637,4,4.799999999999727,4,2.800000000000182,2opt,notBad
14638,4,4.799999999999727,4,2.800000000000182,move,improve
14639,4,4.799999999999727,4,2.800000000000182,2opt,notBad
14640,4,4.799999999999727,4,2.800000000000182,move,improve
14641,4,4.799999999999727,4,2.800000000000182,swap,notBad
14642,4,4.799999999999727,4,2.800000000000182,move,improve
14643,4,4.799999999999727,4,2.800000000000182,swap,notBad
14644,4,4.799999999999727,4,2.800000000000182,swap,improve
14645,4,4.799999999999727,4,2.800000000000182,move,improve
14646,4,4.799999999999727,4,2.800000000000182,move,improve
14647,4,4.799999999999727,4,2.800000000000182,2opt,improve
14648,4,4.799999999999727,4,2.800000000000182,2opt,notBad
14649,4,4.799999999999727,4,2.800000000000182,move,improve
14650,4,4.799999999999727,4,2.800000000000182,2opt,notBad
14651,4,4.799999999999727,4,2.800000000000182,swap,improve
14652,4,4.799999999999727,4,2.800000000000182,move,improve
14653,4,4.799999999999727,4,2.800000000000182,2opt,notBad
14654,4,4.799999999999727,4,2.800000000000182,move,improve
14655,4,4.799999999999727,4,2.800000000000182,move,improve
14656,4,4.799999999999727,4,2.800000000000182,swap,improve
14657,4,4.799999999999727,4,2.800000000000182,swap,notBad
14658,4,4.799999999999727,4,2.800000000000182,move,improve
14659,4,4.799999999999727,4,2.800000000000182,swap,improve
14660,4,4.799999999999727,4,2.800000000000182,2opt,notBad
14661,4,4.799999999999727,4,2.800000000000182,swap,notBad
14662,4,4.799999999999727,4,2.800000000000182,2opt,notBad
14663,4,4.799999999999727,4,2.800000000000182,move,improve
14664,4,4.799999999999727,4,2.800000000000182,move,improve
14665,4,4.799999999999727,4,2.800000000000182,swap,improve
14666,4,4.799999999999727,4,2.800000000000182,2opt,notBad
14667,4,4.799999999999727,4,2.800000000000182,swap,notBad
14668,4,4.799999999999727,4,2.800000000000182,move,improve
14669,4,4.799999999999727,4,2.800000000000182,swap,improve
14670,4,4.799999999999727,4,2.800000000000182,move,improve
14671,4,4.799999999999727,4,2.800000000000182,move,improve
14672,4,4.799999999999727,4,2.800000000000182,2opt,notBad
14673,4,4.799999999999727,4,2.800000000000182,2opt,notBad
14674,4,4.799999999999727,4,2.800000000000182,swap,improve
14675,4,4.799999999999727,4,2.800000000000182,2opt,improve
14676,4,4.799999999999727,4,2.800000000000182,swap,notBad
14677,4,4.799999999999727,4,2.800000000000182,2opt,notBad
14678,4,4.799999999999727,4,2.800000000000182,2opt,notBad
14679,4,4.799999999999727,4,2.800000000000182,move,improve
14680,4,4.799999999999727,4,2.800000000000182,2opt,improve
14681,4,4.799999999999727,4,2.800000000000182,move,improve
14682,4,4.799999999999727,4,2.800000000000182,move,improve
14683,4,4.799999999999727,4,2.800000000000182,move,improve
14684,4,4.799999999999727,4,2.800000000000182,2opt,improve
14685,4,4.799999999999727,4,2.800000000000182,swap,improve
14686,4,4.799999999999727,4,2.800000000000182,2opt,notBad
14687,4,4.799999999999727,4,2.800000000000182,swap,notBad
14688,4,4.799999999999727,4,2.800000000000182,move,improve
14689,4,4.799999999999727,4,2.800000000000182,2opt,notBad
14690,4,4.799999999999727,4,2.800000000000182,move,improve
14691,4,4.799999999999727,4,2.800000000000182,swap,notBad
14692,4,4.799999999999727,4,2.800000000000182,swap,improve
14693,4,4.799999999999727,4,2.800000000000182,swap,improve
14694,4,4.799999999999727,4,2.800000000000182,2opt,notBad
14695,4,4.799999999999727,4,2.800000000000182,move,improve
14696,4,4.799999999999727,4,2.800000000000182,move,improve
14697,4,4.799999999999727,4,2.800000000000182,move,improve
14698,4,4.799999999999727,4,2.800000000000182,move,improve
14699,4,4.799999999999727,4,2.800000000000182,move,improve
14700,4,4.799999999999727,4,2.800000000000182,move,improve
14701,4,4.799999999999727,4,2.800000000000182,2opt,improve
14702,4,4.799999999999727,4,2.800000000000182,2opt,notBad
14703,4,4.799999999999727,4,2.800000000000182,swap,notBad
14704,4,4.799999999999727,4,2.800000000000182,move,improve
14705,4,4.799999999999727,4,2.800000000000182,2opt,notBad
14706,4,4.799999999999727,4,2.800000000000182,2opt,notBad
14707,4,4.799999999999727,4,2.800000000000182,swap,notBad
14708,4,4.799999999999727,4,2.800000000000182,2opt,notBad
14709,4,4.799999999999727,4,2.800000000000182,move,improve
14710,4,4.799999999999727,4,2.800000000000182,move,improve
14711,4,4.799999999999727,4,2.800000000000182,swap,notBad
14712,4,4.799999999999727,4,2.800000000000182,swap,notBad
14713,4,4.799999999999727,4,2.800000000000182,2opt,notBad
14714,4,4.799999999999727,4,2.800000000000182,2opt,improve
14715,4,4.799999999999727,4,2.800000000000182,2opt,improve
14716,4,4.799999999999727,4,2.800000000000182,swap,improve
14717,4,4.799999999999727,4,2.800000000000182,move,improve
14718,4,4.799999999999727,4,2.800000000000182,swap,improve
14719,4,4.799999999999727,4,2.800000000000182,move,improve
14720,4,4.799999999999727,4,2.800000000000182,2opt,notBad
14721,4,4.799999999999727,4,2.800000000000182,move,improve
14722,4,4.799999999999727,4,2.800000000000182,move,improve
14723,4,4.799999999999727,4,2.800000000000182,move,improve
14724,4,4.799999999999727,4,2.800000000000182,2opt,notBad
14725,4,4.799999999999727,4,2.800000000000182,swap,improve
14726,4,4.799999999999727,4,2.800000000000182,swap,improve
14727,4,4.799999999999727,4,2.800000000000182,swap,improve
14728,4,4.799999999999727,4,2.800000000000182,move,improve
14729,4,4.799999999999727,4,2.800000000000182,move,improve
14730,4,4.799999999999727,4,2.800000000000182,move,improve
14731,4,4.799999999999727,4,2.800000000000182,swap,notBad
14732,4,4.799999999999727,4,2.800000000000182,move,improve
14733,4,4.799999999999727,4,2.800000000000182,2opt,notBad
14734,4,4.799999999999727,4,2.800000000000182,move,improve
14735,4,4.799999999999727,4,2.800000000000182,swap,notBad
14736,4,4.799999999999727,4,2.800000000000182,move,improve
14737,4,4.799999999999727,4,2.800000000000182,move,improve
14738,4,4.799999999999727,4,2.800000000000182,move,improve
14739,4,4.799999999999727,4,2.800000000000182,2opt,notBad
14740,4,4.799999999999727,4,2.800000000000182,2opt,notBad
14741,4,4.799999999999727,4,2.800000000000182,swap,improve
14742,4,4.799999999999727,4,2.800000000000182,2opt,notBad
14743,4,4.799999999999727,4,2.800000000000182,swap,improve
14744,4,4.799999999999727,4,2.800000000000182,swap,improve
14745,4,4.799999999999727,4,2.800000000000182,swap,improve
14746,4,4.799999999999727,4,2.800000000000182,swap,improve
14747,4,4.799999999999727,4,2.800000000000182,swap,notBad
14748,4,4.799999999999727,4,2.800000000000182,move,improve
14749,4,4.799999999999727,4,2.800000000000182,2opt,notBad
14750,4,4.799999999999727,4,2.800000000000182,move,improve
14751,4,4.799999999999727,4,2.800000000000182,swap,improve
14752,4,4.799999999999727,4,2.800000000000182,move,improve
14753,4,4.799999999999727,4,2.800000000000182,swap,improve
14754,4,4.799999999999727,4,2.800000000000182,move,improve
14755,4,4.799999999999727,4,2.800000000000182,2opt,improve
14756,4,4.799999999999727,4,2.800000000000182,swap,notBad
14757,4,4.799999999999727,4,2.800000000000182,move,improve
14758,4,4.799999999999727,4,2.800000000000182,2opt,improve
14759,4,4.799999999999727,4,2.800000000000182,2opt,notBad
14760,4,4.799999999999727,4,2.800000000000182,swap,improve
14761,4,4.799999999999727,4,2.800000000000182,swap,notBad
14762,4,4.799999999999727,4,2.800000000000182,move,improve
14763,4,4.799999999999727,4,2.800000000000182,swap,notBad
14764,4,4.799999999999727,4,2.800000000000182,swap,improve
14765,4,4.799999999999727,4,2.800000000000182,swap,notBad
14766,4,4.799999999999727,4,2.800000000000182,swap,notBad
14767,4,4.799999999999727,4,2.800000000000182,2opt,notBad
14768,4,4.799999999999727,4,2.800000000000182,move,improve
14769,4,4.799999999999727,4,2.800000000000182,move,improve
14770,4,4.799999999999727,4,2.800000000000182,2opt,notBad
14771,4,4.799999999999727,4,2.800000000000182,2opt,notBad
14772,4,4.799999999999727,4,2.800000000000182,2opt,notBad
14773,4,4.799999999999727,4,2.800000000000182,swap,improve
14774,4,4.799999999999727,4,2.800000000000182,swap,improve
14775,4,4.799999999999727,4,2.800000000000182,move,improve
14776,4,4.799999999999727,4,2.800000000000182,move,improve
14777,4,4.799999999999727,4,2.800000000000182,move,improve
14778,4,4.799999999999727,4,2.800000000000182,swap,notBad
14779,4,4.799999999999727,4,2.800000000000182,swap,improve
14780,4,4.799999999999727,4,2.800000000000182,swap,notBad
14781,4,4.799999999999727,4,2.800000000000182,swap,improve
14782,4,4.799999999999727,4,2.800000000000182,swap,improve
14783,4,4.799999999999727,4,2.800000000000182,swap,notBad
14784,4,4.799999999999727,4,2.800000000000182,2opt,improve
14785,4,4.799999999999727,4,2.800000000000182,move,improve
14786,4,4.799999999999727,4,2.800000000000182,2opt,improve
14787,4,4.799999999999727,4,2.800000000000182,move,improve
14788,4,4.799999999999727,4,2.800000000000182,2opt,notBad
14789,4,4.799999999999727,4,2.800000000000182,2opt,notBad
14790,4,4.799999999999727,4,2.800000000000182,move,improve
14791,4,4.799999999999727,4,2.800000000000182,2opt,notBad
14792,4,4.799999999999727,4,2.800000000000182,2opt,notBad
14793,4,4.799999999999727,4,2.800000000000182,2opt,improve
14794,4,4.799999999999727,4,2.800000000000182,move,notBad
14795,4,4.799999999999727,4,2.800000000000182,2opt,notBad
14796,4,4.799999999999727,4,2.800000000000182,swap,improve
14797,4,4.799999999999727,4,2.800000000000182,swap,improve
14798,4,4.799999999999727,4,2.800000000000182,swap,notBad
14799,4,4.799999999999727,4,2.800000000000182,2opt,notBad
14800,4,4.799999999999727,4,2.800000000000182,move,improve
14801,4,4.799999999999727,4,2.800000000000182,move,improve
14802,4,4.799999999999727,4,2.800000000000182,move,improve
14803,4,4.799999999999727,4,2.800000000000182,move,improve
14804,4,4.799999999999727,4,2.800000000000182,move,improve
14805,4,8.399999999999181,4,2.800000000000182,swap,acceptBad
14806,4,8.399999999999181,4,2.800000000000182,2opt,notBad
14807,4,8.399999999999181,4,2.800000000000182,move,improve
14808,4,8.399999999999181,4,2.800000000000182,move,improve
14809,4,8.399999999999181,4,2.800000000000182,swap,improve
14810,4,8.399999999999181,4,2.800000000000182,swap,improve
14811,4,8.399999999999181,4,2.800000000000182,move,improve
14812,4,8.399999999999181,4,2.800000000000182,move,improve
14813,4,8.399999999999181,4,2.800000000000182,swap,notBad
14814,4,8.399999999999181,4,2.800000000000182,swap,notBad
14815,4,8.399999999999181,4,2.800000000000182,2opt,notBad
14816,4,8.399999999999181,4,2.800000000000182,swap,improve
14817,4,8.399999999999181,4,2.800000000000182,move,improve
14818,4,8.399999999999181,4,2.800000000000182,2opt,notBad
14819,4,8.399999999999181,4,2.800000000000182,move,improve
14820,4,8.399999999999181,4,2.800000000000182,move,improve
14821,4,8.399999999999181,4,2.800000000000182,move,improve
14822,4,8.399999999999181,4,2.800000000000182,2opt,notBad
14823,4,8.399999999999181,4,2.800000000000182,swap,improve
14824,4,8.399999999999181,4,2.800000000000182,2opt,notBad
14825,4,8.399999999999181,4,2.800000000000182,2opt,improve
14826,4,8.399999999999181,4,2.800000000000182,2opt,improve
14827,4,8.399999999999181,4,2.800000000000182,move,improve
14828,4,8.399999999999181,4,2.800000000000182,move,improve
14829,4,8.399999999999181,4,2.800000000000182,swap,notBad
14830,4,8.399999999999181,4,2.800000000000182,2opt,notBad
14831,4,6.699999999998909,4,2.800000000000182,swap,improve
14832,4,6.699999999998909,4,2.800000000000182,swap,improve
14833,4,6.699999999998909,4,2.800000000000182,2opt,notBad
14834,4,6.699999999998909,4,2.800000000000182,move,improve
14835,4,6.699999999998909,4,2.800000000000182,move,improve
14836,4,6.699999999998909,4,2.800000000000182,swap,improve
14837,4,6.699999999998909,4,2.800000000000182,swap,improve
14838,4,6.699999999998909,4,2.800000000000182,swap,improve
14839,4,6.699999999998909,4,2.800000000000182,swap,notBad
14840,4,6.699999999998909,4,2.800000000000182,swap,improve
14841,4,6.699999999998909,4,2.800000000000182,swap,improve
14842,4,6.699999999998909,4,2.800000000000182,2opt,notBad
14843,4,6.699999999998909,4,2.800000000000182,swap,notBad
14844,4,6.699999999998909,4,2.800000000000182,swap,notBad
14845,4,6.699999999998909,4,2.800000000000182,move,improve
14846,4,6.699999999998909,4,2.800000000000182,swap,improve
14847,4,5.4999999999990905,4,2.800000000000182,swap,improve
14848,4,5.4999999999990905,4,2.800000000000182,move,improve
14849,4,5.4999999999990905,4,2.800000000000182,2opt,improve
14850,4,5.4999999999990905,4,2.800000000000182,swap,improve
14851,4,5.4999999999990905,4,2.800000000000182,swap,improve
14852,4,4.799999999999727,4,2.800000000000182,move,improve
14853,4,4.799999999999727,4,2.800000000000182,2opt,improve
14854,4,4.799999999999727,4,2.800000000000182,move,improve
14855,4,4.799999999999727,4,2.800000000000182,swap,notBad
14856,4,4.799999999999727,4,2.800000000000182,2opt,notBad
14857,4,4.799999999999727,4,2.800000000000182,swap,improve
14858,4,4.799999999999727,4,2.800000000000182,move,improve
14859,4,4.799999999999727,4,2.800000000000182,move,improve
14860,4,4.799999999999727,4,2.800000000000182,2opt,notBad
14861,4,4.799999999999727,4,2.800000000000182,move,improve
14862,4,4.799999999999727,4,2.800000000000182,move,improve
14863,4,4.799999999999727,4,2.800000000000182,move,improve
14864,4,4.799999999999727,4,2.800000000000182,swap,notBad
14865,4,4.799999999999727,4,2.800000000000182,swap,notBad
14866,4,4.799999999999727,4,2.800000000000182,2opt,notBad
14867,4,4.799999999999727,4,2.800000000000182,swap,notBad
14868,4,4.799999999999727,4,2.800000000000182,swap,notBad
14869,4,4.799999999999727,4,2.800000000000182,swap,notBad
14870,4,4.799999999999727,4,2.800000000000182,move,improve
14871,4,4.799999999999727,4,2.800000000000182,swap,improve
14872,4,4.799999999999727,4,2.800000000000182,2opt,notBad
14873,4,4.799999999999727,4,2.800000000000182,swap,notBad
14874,4,4.799999999999727,4,2.800000000000182,2opt,notBad
14875,4,4.799999999999727,4,2.800000000000182,2opt,notBad
14876,4,4.799999999999727,4,2.800000000000182,2opt,notBad
14877,4,4.799999999999727,4,2.800000000000182,2opt,notBad
14878,4,4.799999999999727,4,2.800000000000182,move,improve
14879,4,4.799999999999727,4,2.800000000000182,2opt,notBad
14880,4,4.799999999999727,4,2.800000000000182,move,improve
14881,4,4.799999999999727,4,2.800000000000182,swap,improve
14882,4,4.799999999999727,4,2.800000000000182,swap,notBad
14883,4,4.799999999999727,4,2.800000000000182,move,improve
14884,4,4.799999999999727,4,2.800000000000182,move,improve
14885,4,4.799999999999727,4,2.800000000000182,2opt,notBad
14886,4,4.799999999999727,4,2.800000000000182,2opt,notBad
14887,4,4.799999999999727,4,2.800000000000182,swap,improve
14888,4,4.799999999999727,4,2.800000000000182,2opt,notBad
14889,4,4.799999999999727,4,2.800000000000182,move,improve
14890,4,4.799999999999727,4,2.800000000000182,move,improve
14891,4,4.799999999999727,4,2.800000000000182,move,improve
14892,4,4.799999999999727,4,2.800000000000182,move,improve
14893,4,4.799999999999727,4,2.800000000000182,move,improve
14894,4,4.799999999999727,4,2.800000000000182,2opt,notBad
14895,4,4.799999999999727,4,2.800000000000182,swap,improve
14896,4,4.799999999999727,4,2.800000000000182,swap,improve
14897,4,4.799999999999727,4,2.800000000000182,swap,improve
14898,4,4.799999999999727,4,2.800000000000182,move,improve
14899,4,4.799999999999727,4,2.800000000000182,move,improve
14900,4,4.799999999999727,4,2.800000000000182,move,improve
14901,4,4.799999999999727,4,2.800000000000182,2opt,notBad
14902,4,4.799999999999727,4,2.800000000000182,move,improve
14903,4,4.799999999999727,4,2.800000000000182,move,improve
14904,4,4.799999999999727,4,2.800000000000182,2opt,notBad
14905,4,4.799999999999727,4,2.800000000000182,swap,improve
14906,4,4.799999999999727,4,2.800000000000182,2opt,notBad
14907,4,4.799999999999727,4,2.800000000000182,2opt,notBad
14908,4,4.799999999999727,4,2.800000000000182,2opt,notBad
14909,4,4.799999999999727,4,2.800000000000182,2opt,improve
14910,4,4.799999999999727,4,2.800000000000182,move,notBad
14911,4,4.799999999999727,4,2.800000000000182,swap,notBad
14912,4,4.799999999999727,4,2.800000000000182,2opt,improve
14913,4,4.799999999999727,4,2.800000000000182,swap,notBad
14914,4,4.799999999999727,4,2.800000000000182,swap,improve
14915,4,4.799999999999727,4,2.800000000000182,move,improve
14916,4,4.799999999999727,4,2.800000000000182,2opt,notBad
14917,4,4.799999999999727,4,2.800000000000182,move,improve
14918,4,4.799999999999727,4,2.800000000000182,swap,notBad
14919,4,4.799999999999727,4,2.800000000000182,move,improve
14920,4,4.799999999999727,4,2.800000000000182,move,improve
14921,4,4.799999999999727,4,2.800000000000182,swap,improve
14922,4,4.799999999999727,4,2.800000000000182,move,improve
14923,4,4.799999999999727,4,2.800000000000182,2opt,notBad
14924,4,4.799999999999727,4,2.800000000000182,2opt,notBad
14925,4,4.799999999999727,4,2.800000000000182,swap,notBad
14926,4,4.799999999999727,4,2.800000000000182,2opt,notBad
14927,4,4.799999999999727,4,2.800000000000182,swap,notBad
14928,4,4.799999999999727,4,2.800000000000182,move,improve
14929,4,4.799999999999727,4,2.800000000000182,move,improve
14930,4,4.799999999999727,4,2.800000000000182,move,improve
14931,4,4.799999999999727,4,2.800000000000182,swap,notBad
14932,4,4.799999999999727,4,2.800000000000182,move,improve
14933,4,4.799999999999727,4,2.800000000000182,swap,notBad
14934,4,4.799999999999727,4,2.800000000000182,move,improve
14935,4,4.799999999999727,4,2.800000000000182,swap,improve
14936,4,4.799999999999727,4,2.800000000000182,2opt,notBad
14937,4,4.799999999999727,4,2.800000000000182,2opt,notBad
14938,4,4.799999999999727,4,2.800000000000182,2opt,notBad
14939,4,4.799999999999727,4,2.800000000000182,move,improve
14940,4,4.799999999999727,4,2.800000000000182,move,improve
14941,4,4.799999999999727,4,2.800000000000182,2opt,notBad
14942,4,4.799999999999727,4,2.800000000000182,2opt,notBad
14943,4,4.799999999999727,4,2.800000000000182,swap,notBad
14944,4,4.799999999999727,4,2.800000000000182,swap,improve
14945,4,4.799999999999727,4,2.800000000000182,2opt,notBad
14946,4,4.799999999999727,4,2.800000000000182,move,improve
14947,4,4.799999999999727,4,2.800000000000182,2opt,improve
14948,4,4.799999999999727,4,2.800000000000182,swap,improve
14949,4,4.799999999999727,4,2.800000000000182,swap,improve
14950,4,4.799999999999727,4,2.800000000000182,2opt,notBad
14951,4,4.799999999999727,4,2.800000000000182,move,improve
14952,4,8.399999999999181,4,2.800000000000182,swap,acceptBad
14953,4,8.399999999999181,4,2.800000000000182,move,improve
14954,4,8.399999999999181,4,2.800000000000182,swap,notBad
14955,4,8.399999999999181,4,2.800000000000182,swap,notBad
14956,4,8.399999999999181,4,2.800000000000182,swap,improve
14957,4,8.399999999999181,4,2.800000000000182,swap,notBad
14958,4,8.399999999999181,4,2.800000000000182,2opt,notBad
14959,4,8.399999999999181,4,2.800000000000182,move,improve
14960,4,8.399999999999181,4,2.800000000000182,move,improve
14961,4,8.399999999999181,4,2.800000000000182,move,improve
14962,4,8.399999999999181,4,2.800000000000182,2opt,notBad
14963,4,8.399999999999181,4,2.800000000000182,move,improve
14964,4,8.399999999999181,4,2.800000000000182,2opt,notBad
14965,4,8.399999999999181,4,2.800000000000182,move,improve
14966,4,8.399999999999181,4,2.800000000000182,move,improve
14967,4,8.399999999999181,4,2.800000000000182,swap,improve
14968,4,8.399999999999181,4,2.800000000000182,move,improve
14969,4,8.399999999999181,4,2.800000000000182,2opt,notBad
14970,4,8.399999999999181,4,2.800000000000182,2opt,notBad
14971,4,8.399999999999181,4,2.800000000000182,swap,improve
14972,4,8.399999999999181,4,2.800000000000182,move,improve
14973,4,8.399999999999181,4,2.800000000000182,2opt,notBad
14974,4,6.699999999998909,4,2.800000000000182,move,improve
14975,4,6.699999999998909,4,2.800000000000182,2opt,notBad
14976,4,6.699999999998909,4,2.800000000000182,move,improve
14977,4,6.699999999998909,4,2.800000000000182,swap,notBad
14978,4,6.699999999998909,4,2.800000000000182,move,improve
14979,4,6.699999999998909,4,2.800000000000182,move,improve
14980,4,6.699999999998909,4,2.800000000000182,move,improve
14981,4,6.699999999998909,4,2.800000000000182,2opt,improve
14982,4,6.699999999998909,4,2.800000000000182,move,improve
14983,4,6.699999999998909,4,2.800000000000182,swap,improve
14984,4,6.699999999998909,4,2.800000000000182,move,improve
14985,4,6.699999999998909,4,2.800000000000182,move,improve
14986,4,6.699999999998909,4,2.800000000000182,move,improve
14987,4,6.699999999998909,4,2.800000000000182,move,improve
14988,4,6.699999999998909,4,2.800000000000182,move,improve
14989,4,6.699999999998909,4,2.800000000000182,2opt,notBad
14990,4,5.4999999999990905,4,2.800000000000182,move,improve
14991,4,5.4999999999990905,4,2.800000000000182,move,improve
14992,4,5.4999999999990905,4,2.800000000000182,swap,notBad
14993,4,5.4999999999990905,4,2.800000000000182,swap,notBad
14994,4,5.4999999999990905,4,2.800000000000182,2opt,notBad
14995,4,5.4999999999990905,4,2.800000000000182,swap,notBad
14996,4,5.4999999999990905,4,2.800000000000182,2opt,notBad
14997,4,5.4999999999990905,4,2.800000000000182,2opt,notBad
14998,4,5.4999999999990905,4,2.800000000000182,move,improve
14999,4,5.4999999999990905,4,2.800000000000182,move,improve
15000,4,5.4999999999990905,4,2.800000000000182,swap,improve
15001,4,5.4999999999990905,4,2.800000000000182,2opt,notBad
15002,4,5.4999999999990905,4,2.800000000000182,move,improve
15003,4,5.4999999999990905,4,2.800000000000182,move,improve
15004,4,5.4999999999990905,4,2.800000000000182,2opt,notBad
15005,4,5.4999999999990905,4,2.800000000000182,move,improve
15006,4,5.4999999999990905,4,2.800000000000182,swap,improve
15007,4,5.4999999999990905,4,2.800000000000182,swap,notBad
15008,4,5.4999999999990905,4,2.800000000000182,2opt,notBad
15009,4,5.4999999999990905,4,2.800000000000182,swap,improve
15010,4,5.4999999999990905,4,2.800000000000182,move,improve
15011,4,4.799999999999727,4,2.800000000000182,move,improve
15012,4,4.799999999999727,4,2.800000000000182,swap,notBad
15013,4,4.799999999999727,4,2.800000000000182,move,improve
15014,4,4.799999999999727,4,2.800000000000182,2opt,notBad
15015,4,4.799999999999727,4,2.800000000000182,move,improve
15016,4,4.799999999999727,4,2.800000000000182,swap,notBad
15017,4,4.799999999999727,4,2.800000000000182,swap,improve
15018,4,4.799999999999727,4,2.800000000000182,swap,improve
15019,4,4.799999999999727,4,2.800000000000182,move,improve
15020,4,4.799999999999727,4,2.800000000000182,swap,improve
15021,4,4.799999999999727,4,2.800000000000182,2opt,notBad
15022,4,4.799999999999727,4,2.800000000000182,2opt,notBad
15023,4,4.799999999999727,4,2.800000000000182,2opt,notBad
15024,4,4.799999999999727,4,2.800000000000182,move,improve
15025,4,5.4999999999990905,4,2.800000000000182,swap,acceptBad
15026,4,5.4999999999990905,4,2.800000000000182,move,improve
15027,4,5.4999999999990905,4,2.800000000000182,swap,notBad
15028,4,5.4999999999990905,4,2.800000000000182,2opt,notBad
15029,4,5.4999999999990905,4,2.800000000000182,move,improve
15030,4,5.4999999999990905,4,2.800000000000182,move,improve
15031,4,5.4999999999990905,4,2.800000000000182,2opt,notBad
15032,4,5.4999999999990905,4,2.800000000000182,swap,improve
15033,4,5.4999999999990905,4,2.800000000000182,move,improve
15034,4,5.4999999999990905,4,2.800000000000182,move,improve
15035,4,5.4999999999990905,4,2.800000000000182,2opt,notBad
15036,4,5.4999999999990905,4,2.800000000000182,swap,improve
15037,4,5.4999999999990905,4,2.800000000000182,2opt,notBad
15038,4,5.4999999999990905,4,2.800000000000182,swap,notBad
15039,4,5.4999999999990905,4,2.800000000000182,2opt,notBad
15040,4,5.4999999999990905,4,2.800000000000182,swap,notBad
15041,4,5.4999999999990905,4,2.800000000000182,move,improve
15042,4,5.4999999999990905,4,2.800000000000182,move,improve
15043,4,5.4999999999990905,4,2.800000000000182,2opt,notBad
15044,4,5.4999999999990905,4,2.800000000000182,2opt,notBad
15045,4,4.799999999999727,4,2.800000000000182,swap,improve
15046,4,4.799999999999727,4,2.800000000000182,2opt,notBad
15047,4,4.799999999999727,4,2.800000000000182,swap,notBad
15048,4,4.799999999999727,4,2.800000000000182,2opt,notBad
15049,4,4.799999999999727,4,2.800000000000182,2opt,notBad
15050,4,4.799999999999727,4,2.800000000000182,2opt,improve
15051,4,4.799999999999727,4,2.800000000000182,move,improve
15052,4,4.799999999999727,4,2.800000000000182,2opt,improve
15053,4,4.799999999999727,4,2.800000000000182,move,improve
15054,4,4.799999999999727,4,2.800000000000182,2opt,notBad
15055,4,4.799999999999727,4,2.800000000000182,move,improve
15056,4,4.799999999999727,4,2.800000000000182,move,improve
15057,4,4.799999999999727,4,2.800000000000182,move,improve
15058,4,4.799999999999727,4,2.800000000000182,move,improve
15059,4,4.799999999999727,4,2.800000000000182,swap,improve
15060,4,4.799999999999727,4,2.800000000000182,2opt,improve
15061,4,4.799999999999727,4,2.800000000000182,move,improve
15062,4,4.799999999999727,4,2.800000000000182,2opt,notBad
15063,4,4.799999999999727,4,2.800000000000182,move,improve
15064,4,4.799999999999727,4,2.800000000000182,move,improve
15065,4,4.799999999999727,4,2.800000000000182,swap,improve
15066,4,3.3000000000010914,4,2.800000000000182,swap,improve
15067,4,3.3000000000010914,4,2.800000000000182,swap,improve
15068,4,3.3000000000010914,4,2.800000000000182,swap,notBad
15069,4,3.3000000000010914,4,2.800000000000182,2opt,notBad
15070,4,3.3000000000010914,4,2.800000000000182,2opt,notBad
15071,4,3.3000000000010914,4,2.800000000000182,swap,improve
15072,4,3.3000000000010914,4,2.800000000000182,swap,improve
15073,4,3.3000000000010914,4,2.800000000000182,move,improve
15074,4,3.3000000000010914,4,2.800000000000182,move,improve
15075,4,3.3000000000010914,4,2.800000000000182,2opt,notBad
15076,4,3.3000000000010914,4,2.800000000000182,2opt,notBad
15077,4,3.3000000000010914,4,2.800000000000182,2opt,notBad
15078,4,3.3000000000010914,4,2.800000000000182,swap,improve
15079,4,3.3000000000010914,4,2.800000000000182,move,notBad
15080,4,3.3000000000010914,4,2.800000000000182,move,improve
15081,4,3.3000000000010914,4,2.800000000000182,swap,improve
15082,4,3.3000000000010914,4,2.800000000000182,swap,improve
15083,4,3.3000000000010914,4,2.800000000000182,swap,notBad
15084,4,3.3000000000010914,4,2.800000000000182,move,improve
15085,4,3.3000000000010914,4,2.800000000000182,move,improve
15086,4,3.3000000000010914,4,2.800000000000182,2opt,notBad
15087,4,3.3000000000010914,4,2.800000000000182,2opt,notBad
15088,4,3.3000000000010914,4,2.800000000000182,swap,improve
15089,4,3.3000000000010914,4,2.800000000000182,swap,improve
15090,4,3.3000000000010914,4,2.800000000000182,move,improve
15091,4,3.3000000000010914,4,2.800000000000182,swap,improve
15092,4,3.3000000000010914,4,2.800000000000182,2opt,notBad
15093,4,3.3000000000010914,4,2.800000000000182,move,improve
15094,4,3.3000000000010914,4,2.800000000000182,swap,notBad
15095,4,3.3000000000010914,4,2.800000000000182,move,improve
15096,4,3.3000000000010914,4,2.800000000000182,2opt,notBad
15097,4,3.3000000000010914,4,2.800000000000182,2opt,notBad
15098,4,3.3000000000010914,4,2.800000000000182,2opt,notBad
15099,4,3.3000000000010914,4,2.800000000000182,move,improve
15100,4,3.3000000000010914,4,2.800000000000182,move,improve
15101,4,3.3000000000010914,4,2.800000000000182,swap,notBad
15102,4,3.3000000000010914,4,2.800000000000182,swap,improve
15103,4,3.3000000000010914,4,2.800000000000182,move,improve
15104,4,3.3000000000010914,4,2.800000000000182,2opt,notBad
15105,4,3.3000000000010914,4,2.800000000000182,2opt,notBad
15106,4,3.3000000000010914,4,2.800000000000182,2opt,notBad
15107,4,3.3000000000010914,4,2.800000000000182,move,improve
15108,4,3.3000000000010914,4,2.800000000000182,2opt,notBad
15109,4,3.3000000000010914,4,2.800000000000182,swap,notBad
15110,4,3.3000000000010914,4,2.800000000000182,swap,improve
15111,4,3.3000000000010914,4,2.800000000000182,2opt,notBad
15112,4,3.3000000000010914,4,2.800000000000182,move,improve
15113,4,3.3000000000010914,4,2.800000000000182,swap,notBad
15114,4,3.3000000000010914,4,2.800000000000182,move,improve
15115,4,3.3000000000010914,4,2.800000000000182,swap,improve
15116,4,3.3000000000010914,4,2.800000000000182,swap,notBad
15117,4,3.3000000000010914,4,2.800000000000182,swap,notBad
15118,4,3.3000000000010914,4,2.800000000000182,swap,improve
15119,4,3.3000000000010914,4,2.800000000000182,move,improve
15120,4,3.3000000000010914,4,2.800000000000182,2opt,notBad
15121,4,3.3000000000010914,4,2.800000000000182,move,improve
15122,4,3.3000000000010914,4,2.800000000000182,swap,improve
15123,4,3.3000000000010914,4,2.800000000000182,move,improve
15124,4,3.3000000000010914,4,2.800000000000182,swap,notBad
15125,4,3.3000000000010914,4,2.800000000000182,2opt,notBad
15126,4,3.3000000000010914,4,2.800000000000182,2opt,notBad
15127,4,3.3000000000010914,4,2.800000000000182,swap,notBad
15128,4,3.3000000000010914,4,2.800000000000182,move,improve
15129,4,3.3000000000010914,4,2.800000000000182,swap,notBad
15130,4,3.3000000000010914,4,2.800000000000182,2opt,notBad
15131,4,3.3000000000010914,4,2.800000000000182,move,improve
15132,4,3.3000000000010914,4,2.800000000000182,swap,improve
15133,4,3.3000000000010914,4,2.800000000000182,swap,improve
15134,4,3.3000000000010914,4,2.800000000000182,move,improve
15135,4,3.3000000000010914,4,2.800000000000182,swap,notBad
15136,4,3.3000000000010914,4,2.800000000000182,move,improve
15137,4,3.3000000000010914,4,2.800000000000182,2opt,notBad
15138,4,3.3000000000010914,4,2.800000000000182,2opt,notBad
15139,4,3.3000000000010914,4,2.800000000000182,move,improve
15140,4,3.3000000000010914,4,2.800000000000182,move,improve
15141,4,3.3000000000010914,4,2.800000000000182,move,improve
15142,4,3.3000000000010914,4,2.800000000000182,2opt,notBad
15143,4,3.3000000000010914,4,2.800000000000182,move,improve
15144,4,3.3000000000010914,4,2.800000000000182,move,improve
15145,4,3.3000000000010914,4,2.800000000000182,move,improve
15146,4,3.3000000000010914,4,2.800000000000182,swap,improve
15147,4,3.3000000000010914,4,2.800000000000182,move,improve
15148,4,3.3000000000010914,4,2.800000000000182,swap,improve
15149,4,3.3000000000010914,4,2.800000000000182,swap,notBad
15150,4,3.3000000000010914,4,2.800000000000182,move,improve
15151,4,3.3000000000010914,4,2.800000000000182,2opt,notBad
15152,4,3.3000000000010914,4,2.800000000000182,2opt,notBad
15153,4,3.3000000000010914,4,2.800000000000182,2opt,notBad
15154,4,3.3000000000010914,4,2.800000000000182,2opt,notBad
15155,4,3.3000000000010914,4,2.800000000000182,2opt,notBad
15156,4,3.3000000000010914,4,2.800000000000182,move,improve
15157,4,3.3000000000010914,4,2.800000000000182,swap,improve
15158,4,3.3000000000010914,4,2.800000000000182,swap,notBad
15159,4,3.3000000000010914,4,2.800000000000182,swap,improve
15160,4,3.3000000000010914,4,2.800000000000182,2opt,notBad
15161,4,3.3000000000010914,4,2.800000000000182,swap,notBad
15162,4,3.3000000000010914,4,2.800000000000182,move,improve
15163,4,3.3000000000010914,4,2.800000000000182,2opt,notBad
15164,4,3.3000000000010914,4,2.800000000000182,swap,improve
15165,4,3.3000000000010914,4,2.800000000000182,swap,notBad
15166,4,3.3000000000010914,4,2.800000000000182,2opt,improve
15167,4,3.3000000000010914,4,2.800000000000182,swap,improve
15168,4,3.3000000000010914,4,2.800000000000182,2opt,improve
15169,4,3.3000000000010914,4,2.800000000000182,2opt,notBad
15170,4,3.3000000000010914,4,2.800000000000182,2opt,notBad
15171,4,3.3000000000010914,4,2.800000000000182,2opt,improve
15172,4,3.3000000000010914,4,2.800000000000182,swap,improve
15173,4,3.3000000000010914,4,2.800000000000182,2opt,improve
15174,4,3.3000000000010914,4,2.800000000000182,swap,notBad
15175,4,3.3000000000010914,4,2.800000000000182,swap,notBad
15176,4,3.3000000000010914,4,2.800000000000182,2opt,notBad
15177,4,3.3000000000010914,4,2.800000000000182,2opt,notBad
15178,4,3.3000000000010914,4,2.800000000000182,move,improve
15179,4,3.3000000000010914,4,2.800000000000182,swap,notBad
15180,4,3.3000000000010914,4,2.800000000000182,2opt,notBad
15181,4,3.3000000000010914,4,2.800000000000182,swap,notBad
15182,4,3.3000000000010914,4,2.800000000000182,move,improve
15183,4,3.3000000000010914,4,2.800000000000182,swap,improve
15184,4,3.3000000000010914,4,2.800000000000182,swap,notBad
15185,4,3.3000000000010914,4,2.800000000000182,swap,improve
15186,4,3.3000000000010914,4,2.800000000000182,swap,notBad
15187,4,3.3000000000010914,4,2.800000000000182,move,improve
15188,4,3.3000000000010914,4,2.800000000000182,2opt,notBad
15189,4,3.3000000000010914,4,2.800000000000182,move,improve
15190,4,3.3000000000010914,4,2.800000000000182,move,improve
15191,4,3.3000000000010914,4,2.800000000000182,2opt,notBad
15192,4,3.3000000000010914,4,2.800000000000182,2opt,notBad
15193,4,3.3000000000010914,4,2.800000000000182,swap,improve
15194,4,3.3000000000010914,4,2.800000000000182,move,improve
15195,4,3.3000000000010914,4,2.800000000000182,move,improve
15196,4,3.3000000000010914,4,2.800000000000182,2opt,notBad
15197,4,3.3000000000010914,4,2.800000000000182,2opt,notBad
15198,4,3.3000000000010914,4,2.800000000000182,move,improve
15199,4,3.3000000000010914,4,2.800000000000182,2opt,notBad
15200,4,3.3000000000010914,4,2.800000000000182,2opt,notBad
15201,4,3.3000000000010914,4,2.800000000000182,2opt,notBad
15202,4,3.3000000000010914,4,2.800000000000182,move,improve
15203,4,3.3000000000010914,4,2.800000000000182,2opt,improve
15204,4,3.3000000000010914,4,2.800000000000182,move,improve
15205,4,3.3000000000010914,4,2.800000000000182,2opt,notBad
15206,4,3.3000000000010914,4,2.800000000000182,swap,notBad
15207,4,3.3000000000010914,4,2.800000000000182,move,improve
15208,4,3.3000000000010914,4,2.800000000000182,2opt,notBad
15209,4,3.3000000000010914,4,2.800000000000182,2opt,improve
15210,4,3.3000000000010914,4,2.800000000000182,move,improve
15211,4,3.3000000000010914,4,2.800000000000182,swap,notBad
15212,4,3.3000000000010914,4,2.800000000000182,move,improve
15213,4,3.3000000000010914,4,2.800000000000182,2opt,notBad
15214,4,3.3000000000010914,4,2.800000000000182,2opt,notBad
15215,4,3.3000000000010914,4,2.800000000000182,move,improve
15216,4,3.3000000000010914,4,2.800000000000182,2opt,notBad
15217,4,3.3000000000010914,4,2.800000000000182,2opt,notBad
15218,4,3.3000000000010914,4,2.800000000000182,move,improve
15219,4,3.3000000000010914,4,2.800000000000182,move,improve
15220,4,3.3000000000010914,4,2.800000000000182,swap,notBad
15221,4,3.3000000000010914,4,2.800000000000182,2opt,notBad
15222,4,3.3000000000010914,4,2.800000000000182,2opt,notBad
15223,4,3.3000000000010914,4,2.800000000000182,swap,improve
15224,4,3.3000000000010914,4,2.800000000000182,swap,notBad
15225,4,3.3000000000010914,4,2.800000000000182,move,improve
15226,4,3.3000000000010914,4,2.800000000000182,swap,notBad
15227,4,3.3000000000010914,4,2.800000000000182,swap,notBad
15228,4,3.3000000000010914,4,2.800000000000182,move,improve
15229,4,3.3000000000010914,4,2.800000000000182,2opt,improve
15230,4,3.3000000000010914,4,2.800000000000182,2opt,notBad
15231,4,3.3000000000010914,4,2.800000000000182,move,improve
15232,4,3.3000000000010914,4,2.800000000000182,move,improve
15233,4,3.3000000000010914,4,2.800000000000182,move,improve
15234,4,3.3000000000010914,4,2.800000000000182,swap,improve
15235,4,3.3000000000010914,4,2.800000000000182,move,improve
15236,4,3.3000000000010914,4,2.800000000000182,2opt,notBad
15237,4,3.3000000000010914,4,2.800000000000182,move,improve
15238,4,3.3000000000010914,4,2.800000000000182,swap,notBad
15239,4,3.3000000000010914,4,2.800000000000182,swap,improve
15240,4,3.3000000000010914,4,2.800000000000182,swap,improve
15241,4,3.3000000000010914,4,2.800000000000182,2opt,notBad
15242,4,3.3000000000010914,4,2.800000000000182,move,improve
15243,4,3.3000000000010914,4,2.800000000000182,2opt,notBad
15244,4,3.3000000000010914,4,2.800000000000182,swap,improve
15245,4,3.3000000000010914,4,2.800000000000182,2opt,improve
15246,4,3.3000000000010914,4,2.800000000000182,2opt,notBad
15247,4,3.3000000000010914,4,2.800000000000182,swap,improve
15248,4,3.3000000000010914,4,2.800000000000182,swap,improve
15249,4,3.3000000000010914,4,2.800000000000182,2opt,notBad
15250,4,3.3000000000010914,4,2.800000000000182,swap,improve
15251,4,3.3000000000010914,4,2.800000000000182,swap,notBad
15252,4,3.3000000000010914,4,2.800000000000182,swap,improve
15253,4,3.3000000000010914,4,2.800000000000182,swap,improve
15254,4,3.3000000000010914,4,2.800000000000182,move,improve
15255,4,3.3000000000010914,4,2.800000000000182,2opt,notBad
15256,4,3.3000000000010914,4,2.800000000000182,2opt,notBad
15257,4,3.3000000000010914,4,2.800000000000182,swap,notBad
15258,4,4.799999999999727,4,2.800000000000182,swap,acceptBad
15259,4,4.799999999999727,4,2.800000000000182,2opt,notBad
15260,4,4.799999999999727,4,2.800000000000182,move,improve
15261,4,4.799999999999727,4,2.800000000000182,move,improve
15262,4,4.799999999999727,4,2.800000000000182,2opt,notBad
15263,4,4.799999999999727,4,2.800000000000182,move,improve
15264,4,4.799999999999727,4,2.800000000000182,2opt,notBad
15265,4,4.799999999999727,4,2.800000000000182,2opt,notBad
15266,4,4.799999999999727,4,2.800000000000182,2opt,notBad
15267,4,4.799999999999727,4,2.800000000000182,2opt,notBad
15268,4,5.4999999999990905,4,2.800000000000182,swap,acceptBad
15269,4,5.4999999999990905,4,2.800000000000182,move,improve
15270,4,5.4999999999990905,4,2.800000000000182,2opt,notBad
15271,4,5.4999999999990905,4,2.800000000000182,move,improve
15272,4,5.4999999999990905,4,2.800000000000182,swap,notBad
15273,4,5.4999999999990905,4,2.800000000000182,2opt,notBad
15274,4,5.4999999999990905,4,2.800000000000182,swap,notBad
15275,4,5.4999999999990905,4,2.800000000000182,2opt,notBad
15276,4,5.4999999999990905,4,2.800000000000182,2opt,notBad
15277,4,5.4999999999990905,4,2.800000000000182,move,improve
15278,4,5.4999999999990905,4,2.800000000000182,swap,improve
15279,4,5.4999999999990905,4,2.800000000000182,move,improve
15280,4,5.4999999999990905,4,2.800000000000182,move,improve
15281,4,5.4999999999990905,4,2.800000000000182,move,improve
15282,4,5.4999999999990905,4,2.800000000000182,move,improve
15283,4,5.4999999999990905,4,2.800000000000182,2opt,notBad
15284,4,5.4999999999990905,4,2.800000000000182,2opt,notBad
15285,4,5.4999999999990905,4,2.800000000000182,swap,improve
15286,4,5.4999999999990905,4,2.800000000000182,2opt,notBad
15287,4,5.4999999999990905,4,2.800000000000182,swap,improve
15288,4,5.4999999999990905,4,2.800000000000182,2opt,notBad
15289,4,5.4999999999990905,4,2.800000000000182,move,improve
15290,4,5.4999999999990905,4,2.800000000000182,move,improve
15291,4,4.199999999998909,4,2.800000000000182,swap,improve
15292,4,4.199999999998909,4,2.800000000000182,move,improve
15293,4,4.199999999998909,4,2.800000000000182,2opt,notBad
15294,4,4.199999999998909,4,2.800000000000182,2opt,notBad
15295,4,4.199999999998909,4,2.800000000000182,swap,improve
15296,4,4.199999999998909,4,2.800000000000182,2opt,notBad
15297,4,4.199999999998909,4,2.800000000000182,swap,notBad
15298,4,4.199999999998909,4,2.800000000000182,move,improve
15299,4,4.199999999998909,4,2.800000000000182,move,improve
15300,4,4.199999999998909,4,2.800000000000182,move,improve
15301,4,4.199999999998909,4,2.800000000000182,2opt,notBad
15302,4,4.199999999998909,4,2.800000000000182,swap,notBad
15303,4,4.199999999998909,4,2.800000000000182,swap,notBad
15304,4,4.199999999998909,4,2.800000000000182,move,improve
15305,4,4.199999999998909,4,2.800000000000182,2opt,notBad
15306,4,4.199999999998909,4,2.800000000000182,move,improve
15307,4,4.199999999998909,4,2.800000000000182,2opt,improve
15308,4,4.199999999998909,4,2.800000000000182,2opt,notBad
15309,4,4.199999999998909,4,2.800000000000182,move,improve
15310,4,4.199999999998909,4,2.800000000000182,move,improve
15311,4,4.199999999998909,4,2.800000000000182,2opt,notBad
15312,4,4.199999999998909,4,2.800000000000182,swap,notBad
15313,4,4.199999999998909,4,2.800000000000182,swap,notBad
15314,4,4.199999999998909,4,2.800000000000182,move,improve
15315,4,4.199999999998909,4,2.800000000000182,swap,notBad
15316,4,4.199999999998909,4,2.800000000000182,2opt,notBad
15317,4,4.199999999998909,4,2.800000000000182,swap,notBad
15318,4,4.199999999998909,4,2.800000000000182,move,improve
15319,4,4.199999999998909,4,2.800000000000182,move,improve
15320,4,4.199999999998909,4,2.800000000000182,move,improve
15321,4,4.199999999998909,4,2.800000000000182,move,improve
15322,4,4.199999999998909,4,2.800000000000182,2opt,notBad
15323,4,4.199999999998909,4,2.800000000000182,swap,notBad
15324,4,4.199999999998909,4,2.800000000000182,move,improve
15325,4,4.199999999998909,4,2.800000000000182,2opt,notBad
15326,4,4.199999999998909,4,2.800000000000182,2opt,notBad
15327,4,4.199999999998909,4,2.800000000000182,2opt,notBad
15328,4,4.199999999998909,4,2.800000000000182,swap,notBad
15329,4,4.199999999998909,4,2.800000000000182,move,improve
15330,4,4.199999999998909,4,2.800000000000182,move,improve
15331,4,4.199999999998909,4,2.800000000000182,move,improve
15332,4,4.199999999998909,4,2.800000000000182,swap,notBad
15333,4,4.199999999998909,4,2.800000000000182,swap,notBad
15334,4,4.199999999998909,4,2.800000000000182,move,improve
15335,4,4.199999999998909,4,2.800000000000182,move,improve
15336,4,4.199999999998909,4,2.800000000000182,2opt,improve
15337,4,4.199999999998909,4,2.800000000000182,2opt,notBad
15338,4,4.199999999998909,4,2.800000000000182,move,improve
15339,4,4.199999999998909,4,2.800000000000182,swap,improve
15340,4,4.199999999998909,4,2.800000000000182,2opt,notBad
15341,4,4.199999999998909,4,2.800000000000182,2opt,notBad
15342,4,4.199999999998909,4,2.800000000000182,move,improve
15343,4,4.199999999998909,4,2.800000000000182,move,improve
15344,4,4.199999999998909,4,2.800000000000182,move,improve
15345,4,4.199999999998909,4,2.800000000000182,swap,notBad
15346,4,4.199999999998909,4,2.800000000000182,2opt,notBad
15347,4,4.199999999998909,4,2.800000000000182,move,improve
15348,4,4.199999999998909,4,2.800000000000182,2opt,improve
15349,4,4.199999999998909,4,2.800000000000182,move,improve
15350,4,4.199999999998909,4,2.800000000000182,swap,improve
15351,4,4.199999999998909,4,2.800000000000182,2opt,notBad
15352,4,4.199999999998909,4,2.800000000000182,swap,improve
15353,4,4.199999999998909,4,2.800000000000182,2opt,notBad
15354,4,4.199999999998909,4,2.800000000000182,swap,notBad
15355,4,4.199999999998909,4,2.800000000000182,move,improve
15356,4,4.199999999998909,4,2.800000000000182,2opt,notBad
15357,4,4.199999999998909,4,2.800000000000182,swap,notBad
15358,4,4.199999999998909,4,2.800000000000182,swap,notBad
15359,4,4.199999999998909,4,2.800000000000182,swap,improve
15360,4,4.199999999998909,4,2.800000000000182,move,improve
15361,4,4.199999999998909,4,2.800000000000182,move,improve
15362,4,4.199999999998909,4,2.800000000000182,move,improve
15363,4,4.199999999998909,4,2.800000000000182,swap,notBad
15364,4,4.199999999998909,4,2.800000000000182,move,improve
15365,4,4.199999999998909,4,2.800000000000182,swap,notBad
15366,4,4.199999999998909,4,2.800000000000182,swap,improve
15367,4,4.199999999998909,4,2.800000000000182,2opt,notBad
15368,4,4.199999999998909,4,2.800000000000182,move,improve
15369,4,4.199999999998909,4,2.800000000000182,swap,improve
15370,4,4.199999999998909,4,2.800000000000182,swap,notBad
15371,4,4.199999999998909,4,2.800000000000182,move,improve
15372,4,4.199999999998909,4,2.800000000000182,swap,notBad
15373,4,4.199999999998909,4,2.800000000000182,move,improve
15374,4,4.199999999998909,4,2.800000000000182,swap,improve
15375,4,4.199999999998909,4,2.800000000000182,2opt,notBad
15376,4,4.199999999998909,4,2.800000000000182,2opt,notBad
15377,4,4.199999999998909,4,2.800000000000182,2opt,notBad
15378,4,4.199999999998909,4,2.800000000000182,2opt,notBad
15379,4,4.199999999998909,4,2.800000000000182,move,improve
15380,4,4.199999999998909,4,2.800000000000182,move,improve
15381,4,4.199999999998909,4,2.800000000000182,2opt,notBad
15382,4,4.199999999998909,4,2.800000000000182,swap,notBad
15383,4,4.199999999998909,4,2.800000000000182,swap,improve
15384,4,4.199999999998909,4,2.800000000000182,swap,improve
15385,4,4.199999999998909,4,2.800000000000182,move,improve
15386,4,4.199999999998909,4,2.800000000000182,swap,notBad
15387,4,4.199999999998909,4,2.800000000000182,swap,notBad
15388,4,4.199999999998909,4,2.800000000000182,swap,notBad
15389,4,4.199999999998909,4,2.800000000000182,2opt,notBad
15390,4,4.199999999998909,4,2.800000000000182,swap,improve
15391,4,4.199999999998909,4,2.800000000000182,swap,improve
15392,4,4.199999999998909,4,2.800000000000182,move,improve
15393,4,4.199999999998909,4,2.800000000000182,swap,notBad
15394,4,4.199999999998909,4,2.800000000000182,swap,improve
15395,4,4.199999999998909,4,2.800000000000182,2opt,improve
15396,4,4.199999999998909,4,2.800000000000182,swap,improve
15397,4,4.199999999998909,4,2.800000000000182,move,improve
15398,4,4.199999999998909,4,2.800000000000182,move,improve
15399,4,4.199999999998909,4,2.800000000000182,move,improve
15400,4,4.199999999998909,4,2.800000000000182,swap,notBad
15401,4,4.199999999998909,4,2.800000000000182,2opt,notBad
15402,4,4.199999999998909,4,2.800000000000182,swap,notBad
15403,4,4.199999999998909,4,2.800000000000182,move,improve
15404,4,4.199999999998909,4,2.800000000000182,2opt,notBad
15405,4,4.199999999998909,4,2.800000000000182,2opt,notBad
15406,4,4.199999999998909,4,2.800000000000182,swap,notBad
15407,4,4.199999999998909,4,2.800000000000182,swap,notBad
15408,4,4.199999999998909,4,2.800000000000182,swap,notBad
15409,4,4.199999999998909,4,2.800000000000182,move,improve
15410,4,4.199999999998909,4,2.800000000000182,2opt,improve
15411,4,4.199999999998909,4,2.800000000000182,move,improve
15412,4,4.199999999998909,4,2.800000000000182,move,improve
15413,4,4.199999999998909,4,2.800000000000182,2opt,notBad
15414,4,4.199999999998909,4,2.800000000000182,move,improve
15415,4,4.199999999998909,4,2.800000000000182,2opt,notBad
15416,4,4.199999999998909,4,2.800000000000182,swap,improve
15417,4,4.199999999998909,4,2.800000000000182,swap,notBad
15418,4,4.199999999998909,4,2.800000000000182,swap,notBad
15419,4,4.199999999998909,4,2.800000000000182,2opt,notBad
15420,4,4.199999999998909,4,2.800000000000182,swap,notBad
15421,4,4.199999999998909,4,2.800000000000182,swap,notBad
15422,4,4.199999999998909,4,2.800000000000182,swap,notBad
15423,4,4.199999999998909,4,2.800000000000182,swap,notBad
15424,4,4.199999999998909,4,2.800000000000182,2opt,notBad
15425,4,4.199999999998909,4,2.800000000000182,2opt,notBad
15426,4,4.199999999998909,4,2.800000000000182,move,improve
15427,4,4.199999999998909,4,2.800000000000182,2opt,improve
15428,4,4.199999999998909,4,2.800000000000182,move,improve
15429,4,4.199999999998909,4,2.800000000000182,swap,notBad
15430,4,4.199999999998909,4,2.800000000000182,2opt,notBad
15431,4,4.199999999998909,4,2.800000000000182,move,improve
15432,4,4.199999999998909,4,2.800000000000182,2opt,notBad
15433,4,4.199999999998909,4,2.800000000000182,swap,improve
15434,4,4.199999999998909,4,2.800000000000182,move,improve
15435,4,4.199999999998909,4,2.800000000000182,move,improve
15436,4,4.199999999998909,4,2.800000000000182,move,improve
15437,4,4.199999999998909,4,2.800000000000182,move,improve
15438,4,4.199999999998909,4,2.800000000000182,2opt,notBad
15439,4,4.199999999998909,4,2.800000000000182,2opt,notBad
15440,4,4.199999999998909,4,2.800000000000182,swap,notBad
15441,4,4.199999999998909,4,2.800000000000182,2opt,notBad
15442,4,4.199999999998909,4,2.800000000000182,move,improve
15443,4,4.199999999998909,4,2.800000000000182,move,improve
15444,4,4.199999999998909,4,2.800000000000182,move,improve
15445,4,4.199999999998909,4,2.800000000000182,2opt,notBad
15446,4,4.199999999998909,4,2.800000000000182,2opt,improve
15447,4,4.199999999998909,4,2.800000000000182,swap,notBad
15448,4,4.199999999998909,4,2.800000000000182,2opt,notBad
15449,4,4.199999999998909,4,2.800000000000182,move,improve
15450,4,4.199999999998909,4,2.800000000000182,move,improve
15451,4,4.199999999998909,4,2.800000000000182,swap,improve
15452,4,4.199999999998909,4,2.800000000000182,move,improve
15453,4,4.199999999998909,4,2.800000000000182,2opt,notBad
15454,4,4.199999999998909,4,2.800000000000182,2opt,improve
15455,4,4.199999999998909,4,2.800000000000182,swap,improve
15456,4,4.199999999998909,4,2.800000000000182,move,improve
15457,4,4.199999999998909,4,2.800000000000182,swap,improve
15458,4,4.199999999998909,4,2.800000000000182,swap,improve
15459,4,4.199999999998909,4,2.800000000000182,2opt,improve
15460,4,4.199999999998909,4,2.800000000000182,2opt,notBad
15461,4,4.199999999998909,4,2.800000000000182,2opt,improve
15462,4,4.199999999998909,4,2.800000000000182,move,improve
15463,4,4.199999999998909,4,2.800000000000182,2opt,notBad
15464,4,4.199999999998909,4,2.800000000000182,2opt,notBad
15465,4,4.199999999998909,4,2.800000000000182,move,improve
15466,4,4.199999999998909,4,2.800000000000182,2opt,notBad
15467,4,4.199999999998909,4,2.800000000000182,move,improve
15468,4,4.199999999998909,4,2.800000000000182,swap,improve
15469,4,4.199999999998909,4,2.800000000000182,2opt,notBad
15470,4,4.199999999998909,4,2.800000000000182,2opt,notBad
15471,4,4.199999999998909,4,2.800000000000182,move,improve
15472,4,4.199999999998909,4,2.800000000000182,swap,notBad
15473,4,4.199999999998909,4,2.800000000000182,swap,notBad
15474,4,4.199999999998909,4,2.800000000000182,move,improve
15475,4,4.199999999998909,4,2.800000000000182,move,improve
15476,4,4.199999999998909,4,2.800000000000182,2opt,notBad
15477,4,4.199999999998909,4,2.800000000000182,2opt,notBad
15478,4,4.199999999998909,4,2.800000000000182,2opt,notBad
15479,4,4.199999999998909,4,2.800000000000182,2opt,notBad
15480,4,4.199999999998909,4,2.800000000000182,2opt,notBad
15481,4,4.199999999998909,4,2.800000000000182,swap,improve
15482,4,4.199999999998909,4,2.800000000000182,move,improve
15483,4,4.199999999998909,4,2.800000000000182,swap,improve
15484,4,4.199999999998909,4,2.800000000000182,move,improve
15485,4,4.199999999998909,4,2.800000000000182,2opt,notBad
15486,4,4.199999999998909,4,2.800000000000182,move,improve
15487,4,4.199999999998909,4,2.800000000000182,swap,improve
15488,4,4.199999999998909,4,2.800000000000182,2opt,notBad
15489,4,4.199999999998909,4,2.800000000000182,swap,improve
15490,4,4.199999999998909,4,2.800000000000182,move,improve
15491,4,4.199999999998909,4,2.800000000000182,move,improve
15492,4,4.199999999998909,4,2.800000000000182,2opt,notBad
15493,4,4.199999999998909,4,2.800000000000182,move,improve
15494,4,4.199999999998909,4,2.800000000000182,swap,notBad
15495,4,4.199999999998909,4,2.800000000000182,2opt,notBad
15496,4,4.199999999998909,4,2.800000000000182,move,improve
15497,4,4.199999999998909,4,2.800000000000182,move,improve
15498,4,4.199999999998909,4,2.800000000000182,swap,notBad
15499,4,4.199999999998909,4,2.800000000000182,move,improve
15500,4,4.199999999998909,4,2.800000000000182,2opt,notBad
15501,4,4.199999999998909,4,2.800000000000182,2opt,notBad
15502,4,4.199999999998909,4,2.800000000000182,move,improve
15503,4,4.199999999998909,4,2.800000000000182,swap,notBad
15504,4,4.199999999998909,4,2.800000000000182,swap,notBad
15505,4,4.199999999998909,4,2.800000000000182,2opt,notBad
15506,4,4.199999999998909,4,2.800000000000182,2opt,notBad
15507,4,2.700000000000273,4,2.700000000000273,swap,newBest
15508,4,2.700000000000273,4,2.700000000000273,2opt,notBad
15509,4,2.700000000000273,4,2.700000000000273,2opt,notBad
15510,4,2.700000000000273,4,2.700000000000273,2opt,notBad
15511,4,2.700000000000273,4,2.700000000000273,swap,improve
15512,4,2.700000000000273,4,2.700000000000273,move,improve
15513,4,2.700000000000273,4,2.700000000000273,move,improve
15514,4,2.700000000000273,4,2.700000000000273,swap,notBad
15515,4,2.700000000000273,4,2.700000000000273,move,improve
15516,4,2.700000000000273,4,2.700000000000273,swap,notBad
15517,4,2.700000000000273,4,2.700000000000273,move,improve
15518,4,2.700000000000273,4,2.700000000000273,swap,notBad
15519,4,6.199999999998454,4,2.700000000000273,swap,acceptBad
15520,4,3.3000000000010914,4,2.700000000000273,move,improve
15521,4,3.3000000000010914,4,2.700000000000273,2opt,improve
15522,4,3.3000000000010914,4,2.700000000000273,swap,notBad
15523,4,3.3000000000010914,4,2.700000000000273,2opt,notBad
15524,4,3.3000000000010914,4,2.700000000000273,move,improve
15525,4,3.3000000000010914,4,2.700000000000273,2opt,notBad
15526,4,3.3000000000010914,4,2.700000000000273,2opt,notBad
15527,4,3.3000000000010914,4,2.700000000000273,swap,notBad
15528,4,3.3000000000010914,4,2.700000000000273,move,improve
15529,4,3.3000000000010914,4,2.700000000000273,2opt,improve
15530,4,3.3000000000010914,4,2.700000000000273,move,improve
15531,4,3.3000000000010914,4,2.700000000000273,2opt,notBad
15532,4,3.3000000000010914,4,2.700000000000273,2opt,notBad
15533,4,3.3000000000010914,4,2.700000000000273,2opt,improve
15534,4,3.3000000000010914,4,2.700000000000273,swap,notBad
15535,4,3.3000000000010914,4,2.700000000000273,move,improve
15536,4,3.3000000000010914,4,2.700000000000273,2opt,notBad
15537,4,3.3000000000010914,4,2.700000000000273,move,improve
15538,4,3.3000000000010914,4,2.700000000000273,move,improve
15539,4,3.3000000000010914,4,2.700000000000273,swap,notBad
15540,4,3.3000000000010914,4,2.700000000000273,swap,notBad
15541,4,3.3000000000010914,4,2.700000000000273,swap,improve
15542,4,3.3000000000010914,4,2.700000000000273,swap,improve
15543,4,3.3000000000010914,4,2.700000000000273,2opt,notBad
15544,4,3.3000000000010914,4,2.700000000000273,2opt,improve
15545,4,3.3000000000010914,4,2.700000000000273,move,improve
15546,4,6.199999999998454,4,2.700000000000273,swap,acceptBad
15547,4,6.199999999998454,4,2.700000000000273,swap,improve
15548,4,6.199999999998454,4,2.700000000000273,2opt,notBad
15549,4,6.199999999998454,4,2.700000000000273,2opt,notBad
15550,4,6.199999999998454,4,2.700000000000273,move,improve
15551,4,6.199999999998454,4,2.700000000000273,move,improve
15552,4,6.199999999998454,4,2.700000000000273,move,improve
15553,4,6.199999999998454,4,2.700000000000273,swap,improve
15554,4,6.199999999998454,4,2.700000000000273,2opt,notBad
15555,4,6.199999999998454,4,2.700000000000273,2opt,notBad
15556,4,6.199999999998454,4,2.700000000000273,swap,notBad
15557,4,6.199999999998454,4,2.700000000000273,move,improve
15558,4,6.199999999998454,4,2.700000000000273,move,improve
15559,4,6.199999999998454,4,2.700000000000273,swap,improve
15560,4,6.199999999998454,4,2.700000000000273,swap,notBad
15561,4,6.199999999998454,4,2.700000000000273,move,improve
15562,4,6.199999999998454,4,2.700000000000273,swap,notBad
15563,4,6.199999999998454,4,2.700000000000273,swap,improve
15564,4,6.199999999998454,4,2.700000000000273,2opt,notBad
15565,4,6.199999999998454,4,2.700000000000273,swap,notBad
15566,4,6.199999999998454,4,2.700000000000273,2opt,notBad
15567,4,6.199999999998454,4,2.700000000000273,swap,notBad
15568,4,6.199999999998454,4,2.700000000000273,swap,improve
15569,4,6.199999999998454,4,2.700000000000273,2opt,notBad
15570,4,6.199999999998454,4,2.700000000000273,move,improve
15571,4,6.199999999998454,4,2.700000000000273,2opt,notBad
15572,4,6.199999999998454,4,2.700000000000273,move,improve
15573,4,6.199999999998454,4,2.700000000000273,swap,improve
15574,4,6.199999999998454,4,2.700000000000273,move,improve
15575,4,6.199999999998454,4,2.700000000000273,swap,improve
15576,4,6.199999999998454,4,2.700000000000273,2opt,notBad
15577,4,6.199999999998454,4,2.700000000000273,2opt,notBad
15578,4,6.199999999998454,4,2.700000000000273,2opt,notBad
15579,4,6.199999999998454,4,2.700000000000273,move,improve
15580,4,6.199999999998454,4,2.700000000000273,2opt,notBad
15581,4,3.3000000000010914,4,2.700000000000273,move,improve
15582,4,3.3000000000010914,4,2.700000000000273,swap,improve
15583,4,3.3000000000010914,4,2.700000000000273,move,improve
15584,4,3.3000000000010914,4,2.700000000000273,move,improve
15585,4,3.3000000000010914,4,2.700000000000273,2opt,notBad
15586,4,3.3000000000010914,4,2.700000000000273,2opt,notBad
15587,4,3.3000000000010914,4,2.700000000000273,move,improve
15588,4,3.3000000000010914,4,2.700000000000273,move,improve
15589,4,3.3000000000010914,4,2.700000000000273,move,improve
15590,4,3.3000000000010914,4,2.700000000000273,move,improve
15591,4,3.3000000000010914,4,2.700000000000273,swap,notBad
15592,4,3.3000000000010914,4,2.700000000000273,swap,notBad
15593,4,3.3000000000010914,4,2.700000000000273,2opt,notBad
15594,4,3.3000000000010914,4,2.700000000000273,move,improve
15595,4,3.3000000000010914,4,2.700000000000273,swap,improve
15596,4,3.3000000000010914,4,2.700000000000273,2opt,notBad
15597,4,3.3000000000010914,4,2.700000000000273,2opt,notBad
15598,4,3.3000000000010914,4,2.700000000000273,move,improve
15599,4,3.3000000000010914,4,2.700000000000273,2opt,notBad
15600,4,3.3000000000010914,4,2.700000000000273,2opt,notBad
15601,4,3.3000000000010914,4,2.700000000000273,2opt,notBad
15602,4,3.3000000000010914,4,2.700000000000273,move,improve
15603,4,3.3000000000010914,4,2.700000000000273,2opt,notBad
15604,4,3.3000000000010914,4,2.700000000000273,move,improve
15605,4,3.3000000000010914,4,2.700000000000273,swap,improve
15606,4,3.3000000000010914,4,2.700000000000273,swap,improve
15607,4,3.3000000000010914,4,2.700000000000273,move,improve
15608,4,3.3000000000010914,4,2.700000000000273,move,improve
15609,4,3.3000000000010914,4,2.700000000000273,move,improve
15610,4,3.3000000000010914,4,2.700000000000273,swap,improve
15611,4,3.3000000000010914,4,2.700000000000273,move,improve
15612,4,3.3000000000010914,4,2.700000000000273,swap,notBad
15613,4,3.3000000000010914,4,2.700000000000273,2opt,improve
15614,4,3.3000000000010914,4,2.700000000000273,2opt,improve
15615,4,3.3000000000010914,4,2.700000000000273,2opt,notBad
15616,4,3.3000000000010914,4,2.700000000000273,2opt,improve
15617,4,3.3000000000010914,4,2.700000000000273,2opt,notBad
15618,4,3.3000000000010914,4,2.700000000000273,move,improve
15619,4,3.3000000000010914,4,2.700000000000273,2opt,notBad
15620,4,3.3000000000010914,4,2.700000000000273,move,improve
15621,4,3.3000000000010914,4,2.700000000000273,2opt,notBad
15622,4,3.3000000000010914,4,2.700000000000273,2opt,notBad
15623,4,3.3000000000010914,4,2.700000000000273,swap,improve
15624,4,3.3000000000010914,4,2.700000000000273,move,improve
15625,4,3.3000000000010914,4,2.700000000000273,swap,improve
15626,4,3.3000000000010914,4,2.700000000000273,2opt,notBad
15627,4,3.3000000000010914,4,2.700000000000273,move,improve
15628,4,3.3000000000010914,4,2.700000000000273,move,improve
15629,4,3.3000000000010914,4,2.700000000000273,move,improve
15630,4,3.3000000000010914,4,2.700000000000273,2opt,notBad
15631,4,3.3000000000010914,4,2.700000000000273,move,improve
15632,4,3.3000000000010914,4,2.700000000000273,swap,improve
15633,4,3.3000000000010914,4,2.700000000000273,2opt,improve
15634,4,3.3000000000010914,4,2.700000000000273,2opt,notBad
15635,4,3.3000000000010914,4,2.700000000000273,2opt,notBad
15636,4,3.3000000000010914,4,2.700000000000273,2opt,notBad
15637,4,3.3000000000010914,4,2.700000000000273,move,improve
15638,4,3.3000000000010914,4,2.700000000000273,move,improve
15639,4,3.3000000000010914,4,2.700000000000273,2opt,notBad
15640,4,3.3000000000010914,4,2.700000000000273,2opt,notBad
15641,4,3.3000000000010914,4,2.700000000000273,swap,notBad
15642,4,3.3000000000010914,4,2.700000000000273,swap,notBad
15643,4,3.3000000000010914,4,2.700000000000273,swap,improve
15644,4,3.3000000000010914,4,2.700000000000273,swap,improve
15645,4,3.3000000000010914,4,2.700000000000273,swap,notBad
15646,4,3.3000000000010914,4,2.700000000000273,move,improve
15647,4,3.3000000000010914,4,2.700000000000273,swap,notBad
15648,4,3.3000000000010914,4,2.700000000000273,swap,improve
15649,4,3.3000000000010914,4,2.700000000000273,swap,improve
15650,4,3.3000000000010914,4,2.700000000000273,swap,improve
15651,4,3.3000000000010914,4,2.700000000000273,swap,improve
15652,4,3.3000000000010914,4,2.700000000000273,swap,notBad
15653,4,3.3000000000010914,4,2.700000000000273,swap,notBad
15654,4,3.3000000000010914,4,2.700000000000273,move,improve
15655,4,3.3000000000010914,4,2.700000000000273,2opt,notBad
15656,4,3.3000000000010914,4,2.700000000000273,2opt,improve
15657,4,3.3000000000010914,4,2.700000000000273,2opt,notBad
15658,4,3.3000000000010914,4,2.700000000000273,2opt,notBad
15659,4,3.3000000000010914,4,2.700000000000273,swap,improve
15660,4,3.3000000000010914,4,2.700000000000273,2opt,notBad
15661,4,3.3000000000010914,4,2.700000000000273,swap,notBad
15662,4,3.3000000000010914,4,2.700000000000273,move,improve
15663,4,3.3000000000010914,4,2.700000000000273,2opt,notBad
15664,4,3.3000000000010914,4,2.700000000000273,swap,notBad
15665,4,3.3000000000010914,4,2.700000000000273,swap,notBad
15666,4,3.3000000000010914,4,2.700000000000273,swap,improve
15667,4,3.3000000000010914,4,2.700000000000273,2opt,improve
15668,4,3.3000000000010914,4,2.700000000000273,swap,notBad
15669,4,3.3000000000010914,4,2.700000000000273,2opt,notBad
15670,4,3.3000000000010914,4,2.700000000000273,swap,notBad
15671,4,3.3000000000010914,4,2.700000000000273,swap,improve
15672,4,3.3000000000010914,4,2.700000000000273,move,improve
15673,4,3.3000000000010914,4,2.700000000000273,swap,improve
15674,4,3.3000000000010914,4,2.700000000000273,move,improve
15675,4,3.3000000000010914,4,2.700000000000273,swap,notBad
15676,4,3.3000000000010914,4,2.700000000000273,2opt,notBad
15677,4,3.3000000000010914,4,2.700000000000273,2opt,notBad
15678,4,3.3000000000010914,4,2.700000000000273,move,improve
15679,4,3.3000000000010914,4,2.700000000000273,move,improve
15680,4,3.3000000000010914,4,2.700000000000273,2opt,notBad
15681,4,3.3000000000010914,4,2.700000000000273,move,improve
15682,4,3.3000000000010914,4,2.700000000000273,swap,notBad
15683,4,3.3000000000010914,4,2.700000000000273,2opt,notBad
15684,4,3.3000000000010914,4,2.700000000000273,2opt,notBad
15685,4,3.3000000000010914,4,2.700000000000273,swap,notBad
15686,4,3.3000000000010914,4,2.700000000000273,swap,notBad
15687,4,3.3000000000010914,4,2.700000000000273,swap,notBad
15688,4,3.3000000000010914,4,2.700000000000273,move,improve
15689,4,3.3000000000010914,4,2.700000000000273,swap,improve
15690,4,3.3000000000010914,4,2.700000000000273,swap,improve
15691,4,3.3000000000010914,4,2.700000000000273,swap,improve
15692,4,3.3000000000010914,4,2.700000000000273,swap,improve
15693,4,3.3000000000010914,4,2.700000000000273,2opt,notBad
15694,4,3.3000000000010914,4,2.700000000000273,move,improve
15695,4,3.3000000000010914,4,2.700000000000273,move,notBad
15696,4,3.3000000000010914,4,2.700000000000273,move,improve
15697,4,3.3000000000010914,4,2.700000000000273,move,improve
15698,4,3.3000000000010914,4,2.700000000000273,move,improve
15699,4,3.3000000000010914,4,2.700000000000273,move,improve
15700,4,3.3000000000010914,4,2.700000000000273,move,improve
15701,4,3.3000000000010914,4,2.700000000000273,move,improve
15702,4,3.3000000000010914,4,2.700000000000273,move,improve
15703,4,3.3000000000010914,4,2.700000000000273,swap,improve
15704,4,3.3000000000010914,4,2.700000000000273,swap,notBad
15705,4,3.3000000000010914,4,2.700000000000273,move,improve
15706,4,3.3000000000010914,4,2.700000000000273,2opt,notBad
15707,4,3.3000000000010914,4,2.700000000000273,2opt,improve
15708,4,3.3000000000010914,4,2.700000000000273,swap,improve
15709,4,3.3000000000010914,4,2.700000000000273,swap,improve
15710,4,3.3000000000010914,4,2.700000000000273,2opt,notBad
15711,4,3.3000000000010914,4,2.700000000000273,swap,notBad
15712,4,3.3000000000010914,4,2.700000000000273,2opt,notBad
15713,4,3.3000000000010914,4,2.700000000000273,move,improve
15714,4,3.3000000000010914,4,2.700000000000273,swap,improve
15715,4,3.3000000000010914,4,2.700000000000273,move,improve
15716,4,3.3000000000010914,4,2.700000000000273,move,improve
15717,4,3.3000000000010914,4,2.700000000000273,2opt,notBad
15718,4,3.3000000000010914,4,2.700000000000273,swap,notBad
15719,4,3.3000000000010914,4,2.700000000000273,swap,notBad
15720,4,3.3000000000010914,4,2.700000000000273,swap,improve
15721,4,3.3000000000010914,4,2.700000000000273,2opt,improve
15722,4,3.3000000000010914,4,2.700000000000273,2opt,improve
15723,4,3.3000000000010914,4,2.700000000000273,move,improve
15724,4,3.3000000000010914,4,2.700000000000273,2opt,improve
15725,4,3.3000000000010914,4,2.700000000000273,move,improve
15726,4,3.3000000000010914,4,2.700000000000273,swap,notBad
15727,4,3.3000000000010914,4,2.700000000000273,2opt,notBad
15728,4,3.3000000000010914,4,2.700000000000273,move,improve
15729,4,3.3000000000010914,4,2.700000000000273,swap,improve
15730,4,3.3000000000010914,4,2.700000000000273,2opt,notBad
15731,4,3.3000000000010914,4,2.700000000000273,swap,notBad
15732,4,3.3000000000010914,4,2.700000000000273,move,improve
15733,4,3.3000000000010914,4,2.700000000000273,move,improve
15734,4,3.3000000000010914,4,2.700000000000273,2opt,improve
15735,4,3.3000000000010914,4,2.700000000000273,move,improve
15736,4,3.3000000000010914,4,2.700000000000273,move,improve
15737,4,3.3000000000010914,4,2.700000000000273,swap,improve
15738,4,3.3000000000010914,4,2.700000000000273,swap,improve
15739,4,3.3000000000010914,4,2.700000000000273,move,improve
15740,4,3.3000000000010914,4,2.700000000000273,2opt,notBad
15741,4,3.3000000000010914,4,2.700000000000273,2opt,notBad
15742,4,3.3000000000010914,4,2.700000000000273,move,improve
15743,4,3.3000000000010914,4,2.700000000000273,move,improve
15744,4,3.3000000000010914,4,2.700000000000273,swap,notBad
15745,4,3.3000000000010914,4,2.700000000000273,swap,improve
15746,4,3.3000000000010914,4,2.700000000000273,move,improve
15747,4,3.3000000000010914,4,2.700000000000273,2opt,notBad
15748,4,3.3000000000010914,4,2.700000000000273,swap,notBad
15749,4,3.3000000000010914,4,2.700000000000273,2opt,notBad
15750,4,3.3000000000010914,4,2.700000000000273,move,improve
15751,4,3.3000000000010914,4,2.700000000000273,2opt,improve
15752,4,3.3000000000010914,4,2.700000000000273,2opt,notBad
15753,4,3.3000000000010914,4,2.700000000000273,2opt,notBad
15754,4,3.3000000000010914,4,2.700000000000273,move,improve
15755,4,3.3000000000010914,4,2.700000000000273,move,improve
15756,4,3.3000000000010914,4,2.700000000000273,swap,improve
15757,4,4.799999999999727,4,2.700000000000273,swap,acceptBad
15758,4,4.799999999999727,4,2.700000000000273,move,improve
15759,4,4.799999999999727,4,2.700000000000273,2opt,notBad
15760,4,4.799999999999727,4,2.700000000000273,swap,improve
15761,4,4.799999999999727,4,2.700000000000273,2opt,notBad
15762,4,4.799999999999727,4,2.700000000000273,2opt,notBad
15763,4,4.799999999999727,4,2.700000000000273,2opt,notBad
15764,4,4.799999999999727,4,2.700000000000273,2opt,improve
15765,4,4.799999999999727,4,2.700000000000273,2opt,notBad
15766,4,4.799999999999727,4,2.700000000000273,2opt,notBad
15767,4,4.799999999999727,4,2.700000000000273,move,improve
15768,4,4.799999999999727,4,2.700000000000273,swap,improve
15769,4,4.799999999999727,4,2.700000000000273,2opt,notBad
15770,4,4.799999999999727,4,2.700000000000273,swap,improve
15771,4,4.799999999999727,4,2.700000000000273,2opt,improve
15772,4,4.799999999999727,4,2.700000000000273,swap,notBad
15773,4,4.799999999999727,4,2.700000000000273,swap,notBad
15774,4,4.799999999999727,4,2.700000000000273,2opt,notBad
15775,4,4.799999999999727,4,2.700000000000273,swap,improve
15776,4,4.799999999999727,4,2.700000000000273,2opt,improve
15777,4,4.799999999999727,4,2.700000000000273,2opt,notBad
15778,4,4.799999999999727,4,2.700000000000273,2opt,notBad
15779,4,4.799999999999727,4,2.700000000000273,2opt,notBad
15780,4,4.799999999999727,4,2.700000000000273,move,improve
15781,4,8.399999999999181,4,2.700000000000273,swap,acceptBad
15782,4,8.399999999999181,4,2.700000000000273,2opt,notBad
15783,4,8.399999999999181,4,2.700000000000273,2opt,notBad
15784,4,8.399999999999181,4,2.700000000000273,2opt,notBad
15785,4,8.399999999999181,4,2.700000000000273,swap,improve
15786,4,8.399999999999181,4,2.700000000000273,swap,improve
15787,4,8.399999999999181,4,2.700000000000273,swap,improve
15788,4,8.399999999999181,4,2.700000000000273,swap,improve
15789,4,8.399999999999181,4,2.700000000000273,move,improve
15790,4,4.799999999999727,4,2.700000000000273,move,improve
15791,4,4.799999999999727,4,2.700000000000273,swap,notBad
15792,4,4.799999999999727,4,2.700000000000273,move,improve
15793,4,4.799999999999727,4,2.700000000000273,2opt,notBad
15794,4,4.799999999999727,4,2.700000000000273,swap,notBad
15795,4,4.799999999999727,4,2.700000000000273,swap,improve
15796,4,4.799999999999727,4,2.700000000000273,swap,improve
15797,4,4.799999999999727,4,2.700000000000273,swap,improve
15798,4,4.799999999999727,4,2.700000000000273,move,improve
15799,4,4.799999999999727,4,2.700000000000273,swap,notBad
15800,4,4.799999999999727,4,2.700000000000273,2opt,notBad
15801,4,4.799999999999727,4,2.700000000000273,2opt,notBad
15802,4,4.799999999999727,4,2.700000000000273,move,improve
15803,4,4.799999999999727,4,2.700000000000273,move,improve
15804,4,4.799999999999727,4,2.700000000000273,2opt,notBad
15805,4,4.799999999999727,4,2.700000000000273,2opt,notBad
15806,4,4.799999999999727,4,2.700000000000273,swap,improve
15807,4,4.799999999999727,4,2.700000000000273,2opt,notBad
15808,4,4.799999999999727,4,2.700000000000273,move,improve
15809,4,4.799999999999727,4,2.700000000000273,2opt,notBad
15810,4,4.799999999999727,4,2.700000000000273,move,improve
15811,4,4.799999999999727,4,2.700000000000273,2opt,notBad
15812,4,4.799999999999727,4,2.700000000000273,2opt,notBad
15813,4,4.799999999999727,4,2.700000000000273,2opt,notBad
15814,4,4.799999999999727,4,2.700000000000273,move,improve
15815,4,4.799999999999727,4,2.700000000000273,move,improve
15816,4,8.399999999999181,4,2.700000000000273,swap,acceptBad
15817,4,8.399999999999181,4,2.700000000000273,swap,notBad
15818,4,8.399999999999181,4,2.700000000000273,2opt,notBad
15819,4,8.399999999999181,4,2.700000000000273,swap,improve
15820,4,8.399999999999181,4,2.700000000000273,move,improve
15821,4,8.399999999999181,4,2.700000000000273,move,improve
15822,4,8.399999999999181,4,2.700000000000273,swap,improve
15823,4,8.399999999999181,4,2.700000000000273,2opt,notBad
15824,4,8.399999999999181,4,2.700000000000273,move,improve
15825,4,8.399999999999181,4,2.700000000000273,2opt,improve
15826,4,8.399999999999181,4,2.700000000000273,2opt,notBad
15827,4,8.399999999999181,4,2.700000000000273,swap,notBad
15828,4,8.399999999999181,4,2.700000000000273,move,improve
15829,4,8.399999999999181,4,2.700000000000273,swap,improve
15830,4,8.399999999999181,4,2.700000000000273,move,improve
15831,4,8.399999999999181,4,2.700000000000273,swap,notBad
15832,4,8.399999999999181,4,2.700000000000273,move,improve
15833,4,8.399999999999181,4,2.700000000000273,2opt,notBad
15834,4,8.399999999999181,4,2.700000000000273,2opt,notBad
15835,4,8.399999999999181,4,2.700000000000273,2opt,notBad
15836,4,8.399999999999181,4,2.700000000000273,move,notBad
15837,4,8.399999999999181,4,2.700000000000273,2opt,notBad
15838,4,8.399999999999181,4,2.700000000000273,move,notBad
15839,4,8.399999999999181,4,2.700000000000273,2opt,notBad
15840,4,8.399999999999181,4,2.700000000000273,swap,improve
15841,4,8.399999999999181,4,2.700000000000273,move,improve
15842,4,8.399999999999181,4,2.700000000000273,move,improve
15843,4,8.399999999999181,4,2.700000000000273,move,improve
15844,4,8.399999999999181,4,2.700000000000273,swap,notBad
15845,4,8.399999999999181,4,2.700000000000273,move,improve
15846,4,8.399999999999181,4,2.700000000000273,swap,notBad
15847,4,8.399999999999181,4,2.700000000000273,move,improve
15848,4,8.399999999999181,4,2.700000000000273,swap,notBad
15849,4,8.399999999999181,4,2.700000000000273,move,improve
15850,4,8.399999999999181,4,2.700000000000273,2opt,notBad
15851,4,8.399999999999181,4,2.700000000000273,move,improve
15852,4,8.399999999999181,4,2.700000000000273,swap,improve
15853,4,8.399999999999181,4,2.700000000000273,move,improve
15854,4,8.399999999999181,4,2.700000000000273,swap,improve
15855,4,8.399999999999181,4,2.700000000000273,2opt,notBad
15856,4,8.399999999999181,4,2.700000000000273,swap,notBad
15857,4,8.399999999999181,4,2.700000000000273,move,improve
15858,4,8.399999999999181,4,2.700000000000273,swap,notBad
15859,4,8.399999999999181,4,2.700000000000273,swap,notBad
15860,4,8.399999999999181,4,2.700000000000273,2opt,notBad
15861,4,8.399999999999181,4,2.700000000000273,move,improve
15862,4,8.399999999999181,4,2.700000000000273,2opt,improve
15863,4,8.399999999999181,4,2.700000000000273,swap,notBad
15864,4,6.699999999998909,4,2.700000000000273,move,improve
15865,4,6.699999999998909,4,2.700000000000273,swap,improve
15866,4,6.699999999998909,4,2.700000000000273,2opt,notBad
15867,4,6.699999999998909,4,2.700000000000273,2opt,notBad
15868,4,6.699999999998909,4,2.700000000000273,move,improve
15869,4,6.699999999998909,4,2.700000000000273,move,notBad
15870,4,6.699999999998909,4,2.700000000000273,swap,improve
15871,4,6.699999999998909,4,2.700000000000273,swap,improve
15872,4,6.699999999998909,4,2.700000000000273,move,improve
15873,4,6.699999999998909,4,2.700000000000273,2opt,notBad
15874,4,6.699999999998909,4,2.700000000000273,move,improve
15875,4,6.699999999998909,4,2.700000000000273,2opt,notBad
15876,4,5.4999999999990905,4,2.700000000000273,move,improve
15877,4,4.799999999999727,4,2.700000000000273,move,improve
15878,4,4.799999999999727,4,2.700000000000273,2opt,notBad
15879,4,4.799999999999727,4,2.700000000000273,2opt,notBad
15880,4,4.799999999999727,4,2.700000000000273,swap,improve
15881,4,4.799999999999727,4,2.700000000000273,2opt,notBad
15882,4,4.799999999999727,4,2.700000000000273,swap,notBad
15883,4,4.799999999999727,4,2.700000000000273,2opt,notBad
15884,4,4.799999999999727,4,2.700000000000273,swap,notBad
15885,4,4.799999999999727,4,2.700000000000273,2opt,notBad
15886,4,4.799999999999727,4,2.700000000000273,move,improve
15887,4,4.799999999999727,4,2.700000000000273,2opt,notBad
15888,4,4.799999999999727,4,2.700000000000273,2opt,notBad
15889,4,4.799999999999727,4,2.700000000000273,2opt,notBad
15890,4,4.799999999999727,4,2.700000000000273,move,improve
15891,4,4.799999999999727,4,2.700000000000273,2opt,notBad
15892,4,4.799999999999727,4,2.700000000000273,2opt,notBad
15893,4,4.799999999999727,4,2.700000000000273,move,improve
15894,4,4.799999999999727,4,2.700000000000273,move,improve
15895,4,4.799999999999727,4,2.700000000000273,2opt,notBad
15896,4,4.799999999999727,4,2.700000000000273,2opt,notBad
15897,4,4.799999999999727,4,2.700000000000273,2opt,notBad
15898,4,4.799999999999727,4,2.700000000000273,move,improve
15899,4,4.799999999999727,4,2.700000000000273,move,improve
15900,4,4.799999999999727,4,2.700000000000273,move,improve
15901,4,4.799999999999727,4,2.700000000000273,swap,notBad
15902,4,4.799999999999727,4,2.700000000000273,2opt,notBad
15903,4,4.799999999999727,4,2.700000000000273,move,improve
15904,4,4.799999999999727,4,2.700000000000273,swap,improve
15905,4,4.799999999999727,4,2.700000000000273,swap,notBad
15906,4,4.799999999999727,4,2.700000000000273,move,improve
15907,4,4.799999999999727,4,2.700000000000273,move,improve
15908,4,4.799999999999727,4,2.700000000000273,swap,improve
15909,4,4.799999999999727,4,2.700000000000273,move,improve
15910,4,4.799999999999727,4,2.700000000000273,2opt,notBad
15911,4,4.799999999999727,4,2.700000000000273,2opt,notBad
15912,4,4.799999999999727,4,2.700000000000273,swap,notBad
15913,4,4.799999999999727,4,2.700000000000273,swap,improve
15914,4,4.799999999999727,4,2.700000000000273,swap,notBad
15915,4,4.799999999999727,4,2.700000000000273,2opt,notBad
15916,4,4.799999999999727,4,2.700000000000273,swap,improve
15917,4,4.799999999999727,4,2.700000000000273,swap,improve
15918,4,4.799999999999727,4,2.700000000000273,swap,improve
15919,4,4.799999999999727,4,2.700000000000273,swap,improve
15920,4,4.799999999999727,4,2.700000000000273,move,improve
15921,4,4.799999999999727,4,2.700000000000273,move,improve
15922,4,4.799999999999727,4,2.700000000000273,move,improve
15923,4,4.799999999999727,4,2.700000000000273,2opt,notBad
15924,4,4.799999999999727,4,2.700000000000273,2opt,notBad
15925,4,4.799999999999727,4,2.700000000000273,2opt,notBad
15926,4,4.799999999999727,4,2.700000000000273,2opt,notBad
15927,4,4.799999999999727,4,2.700000000000273,move,improve
15928,4,4.799999999999727,4,2.700000000000273,2opt,notBad
15929,4,4.799999999999727,4,2.700000000000273,swap,notBad
15930,4,4.799999999999727,4,2.700000000000273,2opt,notBad
15931,4,4.799999999999727,4,2.700000000000273,2opt,improve
15932,4,4.799999999999727,4,2.700000000000273,2opt,notBad
15933,4,4.799999999999727,4,2.700000000000273,2opt,notBad
15934,4,4.799999999999727,4,2.700000000000273,swap,notBad
15935,4,4.799999999999727,4,2.700000000000273,swap,notBad
15936,4,4.799999999999727,4,2.700000000000273,swap,improve
15937,4,4.799999999999727,4,2.700000000000273,2opt,notBad
15938,4,4.799999999999727,4,2.700000000000273,swap,improve
15939,4,4.799999999999727,4,2.700000000000273,move,improve
15940,4,4.799999999999727,4,2.700000000000273,move,improve
15941,4,4.799999999999727,4,2.700000000000273,move,improve
15942,4,4.799999999999727,4,2.700000000000273,move,improve
15943,4,4.799999999999727,4,2.700000000000273,2opt,notBad
15944,4,4.799999999999727,4,2.700000000000273,swap,notBad
15945,4,4.799999999999727,4,2.700000000000273,move,improve
15946,4,4.799999999999727,4,2.700000000000273,swap,notBad
15947,4,4.799999999999727,4,2.700000000000273,2opt,notBad
15948,4,4.799999999999727,4,2.700000000000273,swap,notBad
15949,4,4.799999999999727,4,2.700000000000273,move,improve
15950,4,4.799999999999727,4,2.700000000000273,move,improve
15951,4,4.799999999999727,4,2.700000000000273,swap,improve
15952,4,4.799999999999727,4,2.700000000000273,move,improve
15953,4,4.799999999999727,4,2.700000000000273,swap,improve
15954,4,4.799999999999727,4,2.700000000000273,swap,improve
15955,4,4.799999999999727,4,2.700000000000273,swap,notBad
15956,4,4.799999999999727,4,2.700000000000273,swap,improve
15957,4,4.799999999999727,4,2.700000000000273,2opt,notBad
15958,4,4.799999999999727,4,2.700000000000273,swap,notBad
15959,4,4.799999999999727,4,2.700000000000273,2opt,notBad
15960,4,4.799999999999727,4,2.700000000000273,swap,notBad
15961,4,4.799999999999727,4,2.700000000000273,move,improve
15962,4,4.799999999999727,4,2.700000000000273,move,improve
15963,4,4.799999999999727,4,2.700000000000273,2opt,notBad
15964,4,4.799999999999727,4,2.700000000000273,swap,notBad
15965,4,4.799999999999727,4,2.700000000000273,swap,notBad
15966,4,4.799999999999727,4,2.700000000000273,swap,improve
15967,4,4.799999999999727,4,2.700000000000273,move,improve
15968,4,4.799999999999727,4,2.700000000000273,swap,improve
15969,4,4.799999999999727,4,2.700000000000273,swap,improve
15970,4,4.799999999999727,4,2.700000000000273,2opt,notBad
15971,4,4.799999999999727,4,2.700000000000273,swap,improve
15972,4,4.799999999999727,4,2.700000000000273,2opt,notBad
15973,4,4.799999999999727,4,2.700000000000273,2opt,notBad
15974,4,4.799999999999727,4,2.700000000000273,swap,notBad
15975,4,4.799999999999727,4,2.700000000000273,move,improve
15976,4,4.799999999999727,4,2.700000000000273,2opt,notBad
15977,4,4.799999999999727,4,2.700000000000273,2opt,notBad
15978,4,4.799999999999727,4,2.700000000000273,move,improve
15979,4,4.799999999999727,4,2.700000000000273,move,improve
15980,4,5.4999999999990905,4,2.700000000000273,swap,acceptBad
15981,4,5.4999999999990905,4,2.700000000000273,2opt,notBad
15982,4,5.4999999999990905,4,2.700000000000273,2opt,notBad
15983,4,5.4999999999990905,4,2.700000000000273,move,improve
15984,4,5.4999999999990905,4,2.700000000000273,swap,improve
15985,4,5.4999999999990905,4,2.700000000000273,swap,improve
15986,4,5.4999999999990905,4,2.700000000000273,2opt,improve
15987,4,5.4999999999990905,4,2.700000000000273,2opt,notBad
15988,4,5.4999999999990905,4,2.700000000000273,swap,improve
15989,4,5.4999999999990905,4,2.700000000000273,2opt,notBad
15990,4,5.4999999999990905,4,2.700000000000273,2opt,notBad
15991,4,5.4999999999990905,4,2.700000000000273,swap,improve
15992,4,5.4999999999990905,4,2.700000000000273,swap,notBad
15993,4,5.4999999999990905,4,2.700000000000273,2opt,notBad
15994,4,5.4999999999990905,4,2.700000000000273,2opt,notBad
15995,4,5.4999999999990905,4,2.700000000000273,swap,improve
15996,4,5.4999999999990905,4,2.700000000000273,swap,improve
15997,4,5.4999999999990905,4,2.700000000000273,2opt,improve
15998,4,5.4999999999990905,4,2.700000000000273,move,improve
15999,4,5.4999999999990905,4,2.700000000000273,swap,notBad
16000,4,5.4999999999990905,4,2.700000000000273,swap,notBad
16001,4,5.4999999999990905,4,2.700000000000273,swap,improve
16002,4,5.4999999999990905,4,2.700000000000273,swap,notBad
16003,4,5.4999999999990905,4,2.700000000000273,move,improve
16004,4,5.4999999999990905,4,2.700000000000273,swap,notBad
16005,4,5.4999999999990905,4,2.700000000000273,swap,improve
16006,4,5.4999999999990905,4,2.700000000000273,move,improve
16007,4,5.4999999999990905,4,2.700000000000273,move,improve
16008,4,5.4999999999990905,4,2.700000000000273,move,improve
16009,4,5.4999999999990905,4,2.700000000000273,2opt,notBad
16010,4,5.4999999999990905,4,2.700000000000273,2opt,notBad
16011,4,5.4999999999990905,4,2.700000000000273,2opt,improve
16012,4,5.4999999999990905,4,2.700000000000273,swap,notBad
16013,4,5.4999999999990905,4,2.700000000000273,move,improve
16014,4,5.4999999999990905,4,2.700000000000273,2opt,notBad
16015,4,5.4999999999990905,4,2.700000000000273,2opt,improve
16016,4,5.4999999999990905,4,2.700000000000273,swap,improve
16017,4,5.4999999999990905,4,2.700000000000273,2opt,notBad
16018,4,5.4999999999990905,4,2.700000000000273,2opt,notBad
16019,4,5.4999999999990905,4,2.700000000000273,move,improve
16020,4,5.4999999999990905,4,2.700000000000273,2opt,notBad
16021,4,5.4999999999990905,4,2.700000000000273,move,improve
16022,4,5.4999999999990905,4,2.700000000000273,move,improve
16023,4,5.4999999999990905,4,2.700000000000273,2opt,notBad
16024,4,5.4999999999990905,4,2.700000000000273,swap,improve
16025,4,5.4999999999990905,4,2.700000000000273,move,improve
16026,4,5.4999999999990905,4,2.700000000000273,2opt,notBad
16027,4,5.4999999999990905,4,2.700000000000273,2opt,notBad
16028,4,5.4999999999990905,4,2.700000000000273,swap,improve
16029,4,5.4999999999990905,4,2.700000000000273,2opt,notBad
16030,4,5.4999999999990905,4,2.700000000000273,move,improve
16031,4,5.4999999999990905,4,2.700000000000273,2opt,notBad
16032,4,5.4999999999990905,4,2.700000000000273,move,improve
16033,4,5.4999999999990905,4,2.700000000000273,swap,improve
16034,4,5.4999999999990905,4,2.700000000000273,2opt,notBad
16035,4,5.4999999999990905,4,2.700000000000273,2opt,notBad
16036,4,5.4999999999990905,4,2.700000000000273,2opt,notBad
16037,4,5.4999999999990905,4,2.700000000000273,move,improve
16038,4,5.4999999999990905,4,2.700000000000273,move,improve
16039,4,5.4999999999990905,4,2.700000000000273,2opt,notBad
16040,4,5.4999999999990905,4,2.700000000000273,move,improve
16041,4,5.4999999999990905,4,2.700000000000273,swap,improve
16042,4,5.4999999999990905,4,2.700000000000273,move,improve
16043,4,5.4999999999990905,4,2.700000000000273,2opt,notBad
16044,4,5.4999999999990905,4,2.700000000000273,move,improve
16045,4,5.4999999999990905,4,2.700000000000273,2opt,notBad
16046,4,5.4999999999990905,4,2.700000000000273,move,improve
16047,4,5.4999999999990905,4,2.700000000000273,2opt,notBad
16048,4,5.4999999999990905,4,2.700000000000273,swap,notBad
16049,4,5.4999999999990905,4,2.700000000000273,swap,improve
16050,4,5.4999999999990905,4,2.700000000000273,2opt,notBad
16051,4,5.4999999999990905,4,2.700000000000273,swap,notBad
16052,4,5.4999999999990905,4,2.700000000000273,2opt,notBad
16053,4,5.4999999999990905,4,2.700000000000273,2opt,notBad
16054,4,5.4999999999990905,4,2.700000000000273,2opt,notBad
16055,4,5.4999999999990905,4,2.700000000000273,move,improve
16056,4,5.4999999999990905,4,2.700000000000273,move,improve
16057,4,5.4999999999990905,4,2.700000000000273,move,improve
16058,4,5.4999999999990905,4,2.700000000000273,2opt,notBad
16059,4,5.4999999999990905,4,2.700000000000273,swap,improve
16060,4,5.4999999999990905,4,2.700000000000273,swap,improve
16061,4,5.4999999999990905,4,2.700000000000273,swap,improve
16062,4,5.4999999999990905,4,2.700000000000273,move,improve
16063,4,5.4999999999990905,4,2.700000000000273,move,improve
16064,4,5.4999999999990905,4,2.700000000000273,swap,improve
16065,4,5.4999999999990905,4,2.700000000000273,swap,notBad
16066,4,5.4999999999990905,4,2.700000000000273,move,improve
16067,4,5.4999999999990905,4,2.700000000000273,move,improve
16068,4,5.4999999999990905,4,2.700000000000273,2opt,notBad
16069,4,5.4999999999990905,4,2.700000000000273,move,improve
16070,4,5.4999999999990905,4,2.700000000000273,2opt,notBad
16071,4,5.4999999999990905,4,2.700000000000273,swap,improve
16072,4,4.799999999999727,4,2.700000000000273,move,improve
16073,4,4.799999999999727,4,2.700000000000273,move,notBad
16074,4,4.799999999999727,4,2.700000000000273,move,notBad
16075,4,4.799999999999727,4,2.700000000000273,move,improve
16076,4,4.799999999999727,4,2.700000000000273,swap,notBad
16077,4,4.799999999999727,4,2.700000000000273,swap,notBad
16078,4,4.799999999999727,4,2.700000000000273,2opt,notBad
16079,4,4.799999999999727,4,2.700000000000273,2opt,notBad
16080,4,4.799999999999727,4,2.700000000000273,move,improve
16081,4,4.799999999999727,4,2.700000000000273,swap,notBad
16082,4,4.799999999999727,4,2.700000000000273,swap,improve
16083,4,4.799999999999727,4,2.700000000000273,swap,improve
16084,4,4.799999999999727,4,2.700000000000273,move,improve
16085,4,4.799999999999727,4,2.700000000000273,move,improve
16086,4,4.799999999999727,4,2.700000000000273,move,improve
16087,4,4.799999999999727,4,2.700000000000273,move,improve
16088,4,4.799999999999727,4,2.700000000000273,move,improve
16089,4,4.799999999999727,4,2.700000000000273,swap,notBad
16090,4,4.799999999999727,4,2.700000000000273,move,improve
16091,4,4.799999999999727,4,2.700000000000273,swap,improve
16092,4,4.799999999999727,4,2.700000000000273,2opt,notBad
16093,4,4.799999999999727,4,2.700000000000273,move,improve
16094,4,4.799999999999727,4,2.700000000000273,swap,improve
16095,4,4.799999999999727,4,2.700000000000273,2opt,notBad
16096,4,4.799999999999727,4,2.700000000000273,swap,notBad
16097,4,4.799999999999727,4,2.700000000000273,swap,notBad
16098,4,4.799999999999727,4,2.700000000000273,2opt,notBad
16099,4,4.799999999999727,4,2.700000000000273,2opt,notBad
16100,4,4.799999999999727,4,2.700000000000273,swap,improve
16101,4,4.799999999999727,4,2.700000000000273,2opt,notBad
16102,4,4.799999999999727,4,2.700000000000273,move,improve
16103,4,4.799999999999727,4,2.700000000000273,move,improve
16104,4,4.799999999999727,4,2.700000000000273,2opt,notBad
16105,4,4.799999999999727,4,2.700000000000273,swap,improve
16106,4,4.799999999999727,4,2.700000000000273,2opt,notBad
16107,4,4.799999999999727,4,2.700000000000273,move,improve
16108,4,4.799999999999727,4,2.700000000000273,move,improve
16109,4,4.799999999999727,4,2.700000000000273,2opt,notBad
16110,4,4.799999999999727,4,2.700000000000273,2opt,improve
16111,4,4.799999999999727,4,2.700000000000273,swap,improve
16112,4,4.799999999999727,4,2.700000000000273,2opt,notBad
16113,4,4.799999999999727,4,2.700000000000273,move,improve
16114,4,4.799999999999727,4,2.700000000000273,swap,improve
16115,4,4.799999999999727,4,2.700000000000273,swap,notBad
16116,4,4.799999999999727,4,2.700000000000273,swap,improve
16117,4,4.799999999999727,4,2.700000000000273,swap,improve
16118,4,4.799999999999727,4,2.700000000000273,move,improve
16119,4,4.799999999999727,4,2.700000000000273,swap,improve
16120,4,4.799999999999727,4,2.700000000000273,swap,improve
16121,4,4.799999999999727,4,2.700000000000273,2opt,notBad
16122,4,4.799999999999727,4,2.700000000000273,2opt,notBad
16123,4,4.799999999999727,4,2.700000000000273,2opt,notBad
16124,4,4.799999999999727,4,2.700000000000273,swap,notBad
16125,4,4.799999999999727,4,2.700000000000273,2opt,notBad
16126,4,4.799999999999727,4,2.700000000000273,swap,improve
16127,4,4.799999999999727,4,2.700000000000273,swap,notBad
16128,4,4.799999999999727,4,2.700000000000273,move,improve
16129,4,4.799999999999727,4,2.700000000000273,move,improve
16130,4,4.799999999999727,4,2.700000000000273,2opt,notBad
16131,4,4.799999999999727,4,2.700000000000273,2opt,notBad
16132,4,4.799999999999727,4,2.700000000000273,2opt,improve
16133,4,4.799999999999727,4,2.700000000000273,move,improve
16134,4,4.799999999999727,4,2.700000000000273,2opt,notBad
16135,4,4.799999999999727,4,2.700000000000273,move,improve
16136,4,4.799999999999727,4,2.700000000000273,2opt,improve
16137,4,4.799999999999727,4,2.700000000000273,move,improve
16138,4,4.799999999999727,4,2.700000000000273,move,improve
16139,4,4.799999999999727,4,2.700000000000273,move,improve
16140,4,4.799999999999727,4,2.700000000000273,swap,improve
16141,4,4.799999999999727,4,2.700000000000273,move,improve
16142,4,4.799999999999727,4,2.700000000000273,swap,improve
16143,4,4.799999999999727,4,2.700000000000273,move,improve
16144,4,3.3000000000010914,4,2.700000000000273,swap,improve
16145,4,3.3000000000010914,4,2.700000000000273,move,improve
16146,4,3.3000000000010914,4,2.700000000000273,2opt,notBad
16147,4,3.3000000000010914,4,2.700000000000273,swap,improve
16148,4,3.3000000000010914,4,2.700000000000273,swap,improve
16149,4,3.3000000000010914,4,2.700000000000273,swap,notBad
16150,4,3.3000000000010914,4,2.700000000000273,move,improve
16151,4,3.3000000000010914,4,2.700000000000273,swap,notBad
16152,4,3.3000000000010914,4,2.700000000000273,swap,notBad
16153,4,3.3000000000010914,4,2.700000000000273,move,notBad
16154,4,3.3000000000010914,4,2.700000000000273,2opt,notBad
16155,4,3.3000000000010914,4,2.700000000000273,2opt,notBad
16156,4,3.3000000000010914,4,2.700000000000273,2opt,notBad
16157,4,3.3000000000010914,4,2.700000000000273,move,improve
16158,4,3.3000000000010914,4,2.700000000000273,move,improve
16159,4,3.3000000000010914,4,2.700000000000273,swap,improve
16160,4,3.3000000000010914,4,2.700000000000273,swap,improve
16161,4,3.3000000000010914,4,2.700000000000273,2opt,notBad
16162,4,3.3000000000010914,4,2.700000000000273,swap,improve
16163,4,3.3000000000010914,4,2.700000000000273,move,improve
16164,4,3.3000000000010914,4,2.700000000000273,move,improve
16165,4,3.3000000000010914,4,2.700000000000273,2opt,notBad
16166,4,3.3000000000010914,4,2.700000000000273,2opt,notBad
16167,4,3.3000000000010914,4,2.700000000000273,2opt,notBad
16168,4,3.3000000000010914,4,2.700000000000273,move,improve
16169,4,3.3000000000010914,4,2.700000000000273,move,improve
16170,4,3.3000000000010914,4,2.700000000000273,move,improve
16171,4,3.3000000000010914,4,2.700000000000273,2opt,notBad
16172,4,3.3000000000010914,4,2.700000000000273,2opt,notBad
16173,4,3.3000000000010914,4,2.700000000000273,swap,notBad
16174,4,3.3000000000010914,4,2.700000000000273,2opt,notBad
16175,4,3.3000000000010914,4,2.700000000000273,2opt,notBad
16176,4,3.3000000000010914,4,2.700000000000273,2opt,notBad
16177,4,3.3000000000010914,4,2.700000000000273,swap,notBad
16178,4,3.3000000000010914,4,2.700000000000273,swap,improve
16179,4,3.3000000000010914,4,2.700000000000273,swap,notBad
16180,4,3.3000000000010914,4,2.700000000000273,move,improve
16181,4,3.3000000000010914,4,2.700000000000273,swap,notBad
16182,4,3.3000000000010914,4,2.700000000000273,move,improve
16183,4,3.3000000000010914,4,2.700000000000273,move,improve
16184,4,3.3000000000010914,4,2.700000000000273,swap,improve
16185,4,3.3000000000010914,4,2.700000000000273,move,improve
16186,4,3.3000000000010914,4,2.700000000000273,swap,notBad
16187,4,3.3000000000010914,4,2.700000000000273,swap,notBad
16188,4,3.3000000000010914,4,2.700000000000273,swap,notBad
16189,4,3.3000000000010914,4,2.700000000000273,swap,notBad
16190,4,3.3000000000010914,4,2.700000000000273,2opt,notBad
16191,4,3.3000000000010914,4,2.700000000000273,move,improve
16192,4,6.199999999998454,4,2.700000000000273,swap,acceptBad
16193,4,6.199999999998454,4,2.700000000000273,swap,improve
16194,4,6.199999999998454,4,2.700000000000273,2opt,notBad
16195,4,6.199999999998454,4,2.700000000000273,swap,improve
16196,4,6.199999999998454,4,2.700000000000273,2opt,improve
16197,4,6.199999999998454,4,2.700000000000273,swap,improve
16198,4,6.199999999998454,4,2.700000000000273,2opt,notBad
16199,4,6.199999999998454,4,2.700000000000273,2opt,notBad
16200,4,6.199999999998454,4,2.700000000000273,move,improve
16201,4,6.199999999998454,4,2.700000000000273,swap,notBad
16202,4,6.199999999998454,4,2.700000000000273,move,improve
16203,4,6.199999999998454,4,2.700000000000273,swap,improve
16204,4,6.199999999998454,4,2.700000000000273,move,improve
16205,4,6.199999999998454,4,2.700000000000273,swap,improve
16206,4,6.199999999998454,4,2.700000000000273,2opt,notBad
16207,4,6.199999999998454,4,2.700000000000273,swap,notBad
16208,4,6.199999999998454,4,2.700000000000273,2opt,notBad
16209,4,6.199999999998454,4,2.700000000000273,swap,notBad
16210,4,6.199999999998454,4,2.700000000000273,2opt,notBad
16211,4,6.199999999998454,4,2.700000000000273,2opt,notBad
16212,4,6.199999999998454,4,2.700000000000273,swap,notBad
16213,4,6.199999999998454,4,2.700000000000273,2opt,notBad
16214,4,6.199999999998454,4,2.700000000000273,swap,notBad
16215,4,6.199999999998454,4,2.700000000000273,2opt,improve
16216,4,3.3000000000010914,4,2.700000000000273,swap,improve
16217,4,3.3000000000010914,4,2.700000000000273,move,improve
16218,4,3.3000000000010914,4,2.700000000000273,move,improve
16219,4,3.3000000000010914,4,2.700000000000273,swap,improve
16220,4,3.3000000000010914,4,2.700000000000273,2opt,notBad
16221,4,3.3000000000010914,4,2.700000000000273,swap,notBad
16222,4,3.3000000000010914,4,2.700000000000273,2opt,notBad
16223,4,3.3000000000010914,4,2.700000000000273,move,improve
16224,4,3.3000000000010914,4,2.700000000000273,2opt,notBad
16225,4,3.3000000000010914,4,2.700000000000273,2opt,notBad
16226,4,3.3000000000010914,4,2.700000000000273,swap,notBad
16227,4,3.3000000000010914,4,2.700000000000273,2opt,notBad
16228,4,3.3000000000010914,4,2.700000000000273,2opt,notBad
16229,4,3.3000000000010914,4,2.700000000000273,move,improve
16230,4,3.3000000000010914,4,2.700000000000273,swap,notBad
16231,4,3.3000000000010914,4,2.700000000000273,move,improve
16232,4,3.3000000000010914,4,2.700000000000273,swap,notBad
16233,4,3.3000000000010914,4,2.700000000000273,swap,notBad
16234,4,3.3000000000010914,4,2.700000000000273,swap,notBad
16235,4,3.3000000000010914,4,2.700000000000273,2opt,notBad
16236,4,3.3000000000010914,4,2.700000000000273,2opt,notBad
16237,4,3.3000000000010914,4,2.700000000000273,2opt,notBad
16238,4,3.3000000000010914,4,2.700000000000273,2opt,notBad
16239,4,3.3000000000010914,4,2.700000000000273,move,improve
16240,4,3.3000000000010914,4,2.700000000000273,swap,notBad
16241,4,3.3000000000010914,4,2.700000000000273,move,improve
16242,4,3.3000000000010914,4,2.700000000000273,2opt,notBad
16243,4,3.3000000000010914,4,2.700000000000273,2opt,notBad
16244,4,3.3000000000010914,4,2.700000000000273,move,improve
16245,4,3.3000000000010914,4,2.700000000000273,2opt,notBad
16246,4,3.3000000000010914,4,2.700000000000273,2opt,notBad
16247,4,3.3000000000010914,4,2.700000000000273,swap,notBad
16248,4,3.3000000000010914,4,2.700000000000273,2opt,notBad
16249,4,3.3000000000010914,4,2.700000000000273,move,improve
16250,4,3.3000000000010914,4,2.700000000000273,2opt,notBad
16251,4,3.3000000000010914,4,2.700000000000273,swap,notBad
16252,4,3.3000000000010914,4,2.700000000000273,move,improve
16253,4,3.3000000000010914,4,2.700000000000273,2opt,notBad
16254,4,3.3000000000010914,4,2.700000000000273,move,improve
16255,4,3.3000000000010914,4,2.700000000000273,move,improve
16256,4,3.3000000000010914,4,2.700000000000273,move,improve
16257,4,3.3000000000010914,4,2.700000000000273,2opt,notBad
16258,4,3.3000000000010914,4,2.700000000000273,swap,notBad
16259,4,3.3000000000010914,4,2.700000000000273,2opt,notBad
16260,4,3.3000000000010914,4,2.700000000000273,move,improve
16261,4,3.3000000000010914,4,2.700000000000273,2opt,notBad
16262,4,3.3000000000010914,4,2.700000000000273,swap,improve
16263,4,3.3000000000010914,4,2.700000000000273,2opt,notBad
16264,4,3.3000000000010914,4,2.700000000000273,move,improve
16265,4,3.3000000000010914,4,2.700000000000273,2opt,notBad
16266,4,3.3000000000010914,4,2.700000000000273,move,improve
16267,4,3.3000000000010914,4,2.700000000000273,2opt,notBad
16268,4,3.3000000000010914,4,2.700000000000273,move,improve
16269,4,3.3000000000010914,4,2.700000000000273,swap,improve
16270,4,3.3000000000010914,4,2.700000000000273,2opt,notBad
16271,4,3.3000000000010914,4,2.700000000000273,move,improve
16272,4,3.3000000000010914,4,2.700000000000273,move,improve
16273,4,3.3000000000010914,4,2.700000000000273,2opt,notBad
16274,4,3.3000000000010914,4,2.700000000000273,2opt,notBad
16275,4,3.3000000000010914,4,2.700000000000273,2opt,notBad
16276,4,3.3000000000010914,4,2.700000000000273,2opt,notBad
16277,4,3.3000000000010914,4,2.700000000000273,move,improve
16278,4,3.3000000000010914,4,2.700000000000273,2opt,notBad
16279,4,3.3000000000010914,4,2.700000000000273,swap,improve
16280,4,3.3000000000010914,4,2.700000000000273,2opt,notBad
16281,4,3.3000000000010914,4,2.700000000000273,2opt,notBad
16282,4,3.3000000000010914,4,2.700000000000273,2opt,notBad
16283,4,3.3000000000010914,4,2.700000000000273,move,improve
16284,4,3.3000000000010914,4,2.700000000000273,swap,improve
16285,4,3.3000000000010914,4,2.700000000000273,move,improve
16286,4,3.3000000000010914,4,2.700000000000273,2opt,improve
16287,4,3.3000000000010914,4,2.700000000000273,move,improve
16288,4,3.3000000000010914,4,2.700000000000273,move,improve
16289,4,3.3000000000010914,4,2.700000000000273,swap,improve
16290,4,3.3000000000010914,4,2.700000000000273,move,improve
16291,4,3.3000000000010914,4,2.700000000000273,swap,improve
16292,4,3.3000000000010914,4,2.700000000000273,move,improve
16293,4,3.3000000000010914,4,2.700000000000273,2opt,improve
16294,4,3.3000000000010914,4,2.700000000000273,swap,notBad
16295,4,3.3000000000010914,4,2.700000000000273,move,improve
16296,4,3.3000000000010914,4,2.700000000000273,swap,notBad
16297,4,3.3000000000010914,4,2.700000000000273,2opt,improve
16298,4,3.3000000000010914,4,2.700000000000273,swap,notBad
16299,4,3.3000000000010914,4,2.700000000000273,2opt,improve
16300,4,3.3000000000010914,4,2.700000000000273,move,improve
16301,4,6.199999999998454,4,2.700000000000273,swap,acceptBad
16302,4,6.199999999998454,4,2.700000000000273,move,improve
16303,4,6.199999999998454,4,2.700000000000273,swap,notBad
16304,4,6.199999999998454,4,2.700000000000273,move,improve
16305,4,6.199999999998454,4,2.700000000000273,move,improve
16306,4,6.199999999998454,4,2.700000000000273,swap,improve
16307,4,6.199999999998454,4,2.700000000000273,move,improve
16308,4,6.199999999998454,4,2.700000000000273,2opt,notBad
16309,4,6.199999999998454,4,2.700000000000273,move,improve
16310,4,6.199999999998454,4,2.700000000000273,2opt,notBad
16311,4,6.199999999998454,4,2.700000000000273,2opt,notBad
16312,4,6.199999999998454,4,2.700000000000273,move,improve
16313,4,6.199999999998454,4,2.700000000000273,move,improve
16314,4,6.199999999998454,4,2.700000000000273,swap,improve
16315,4,6.199999999998454,4,2.700000000000273,2opt,notBad
16316,4,6.199999999998454,4,2.700000000000273,2opt,improve
16317,4,6.199999999998454,4,2.700000000000273,2opt,notBad
16318,4,6.199999999998454,4,2.700000000000273,2opt,notBad
16319,4,6.199999999998454,4,2.700000000000273,swap,improve
16320,4,6.199999999998454,4,2.700000000000273,2opt,notBad
16321,4,6.199999999998454,4,2.700000000000273,2opt,notBad
16322,4,6.199999999998454,4,2.700000000000273,move,improve
16323,4,6.199999999998454,4,2.700000000000273,move,improve
16324,4,6.199999999998454,4,2.700000000000273,2opt,notBad
16325,4,6.199999999998454,4,2.700000000000273,move,improve
16326,4,3.3000000000010914,4,2.700000000000273,move,improve
16327,4,3.3000000000010914,4,2.700000000000273,move,improve
16328,4,3.3000000000010914,4,2.700000000000273,swap,notBad
16329,4,3.3000000000010914,4,2.700000000000273,2opt,notBad
16330,4,3.3000000000010914,4,2.700000000000273,2opt,notBad
16331,4,3.3000000000010914,4,2.700000000000273,move,improve
16332,4,3.3000000000010914,4,2.700000000000273,move,improve
16333,4,3.3000000000010914,4,2.700000000000273,2opt,notBad
16334,4,3.3000000000010914,4,2.700000000000273,2opt,notBad
16335,4,3.3000000000010914,4,2.700000000000273,move,improve
16336,4,3.3000000000010914,4,2.700000000000273,swap,improve
16337,4,3.3000000000010914,4,2.700000000000273,move,improve
16338,4,3.3000000000010914,4,2.700000000000273,2opt,improve
16339,4,3.3000000000010914,4,2.700000000000273,move,improve
16340,4,3.3000000000010914,4,2.700000000000273,move,improve
16341,4,3.3000000000010914,4,2.700000000000273,2opt,notBad
16342,4,3.3000000000010914,4,2.700000000000273,swap,notBad
16343,4,3.3000000000010914,4,2.700000000000273,swap,improve
16344,4,3.3000000000010914,4,2.700000000000273,swap,notBad
16345,4,3.3000000000010914,4,2.700000000000273,move,improve
16346,4,3.3000000000010914,4,2.700000000000273,swap,improve
16347,4,3.3000000000010914,4,2.700000000000273,2opt,notBad
16348,4,3.3000000000010914,4,2.700000000000273,move,notBad
16349,4,3.3000000000010914,4,2.700000000000273,2opt,notBad
16350,4,3.3000000000010914,4,2.700000000000273,swap,improve
16351,4,3.3000000000010914,4,2.700000000000273,move,improve
16352,4,3.3000000000010914,4,2.700000000000273,2opt,notBad
16353,4,3.3000000000010914,4,2.700000000000273,2opt,notBad
16354,4,3.3000000000010914,4,2.700000000000273,move,improve
16355,4,3.3000000000010914,4,2.700000000000273,2opt,notBad
16356,4,3.3000000000010914,4,2.700000000000273,swap,improve
16357,4,3.3000000000010914,4,2.700000000000273,2opt,improve
16358,4,3.3000000000010914,4,2.700000000000273,2opt,notBad
16359,4,3.3000000000010914,4,2.700000000000273,2opt,notBad
16360,4,3.3000000000010914,4,2.700000000000273,move,improve
16361,4,3.3000000000010914,4,2.700000000000273,move,improve
16362,4,3.3000000000010914,4,2.700000000000273,swap,notBad
16363,4,3.3000000000010914,4,2.700000000000273,2opt,notBad
16364,4,3.3000000000010914,4,2.700000000000273,2opt,notBad
16365,4,3.3000000000010914,4,2.700000000000273,2opt,notBad
16366,4,3.3000000000010914,4,2.700000000000273,2opt,notBad
16367,4,3.3000000000010914,4,2.700000000000273,2opt,notBad
16368,4,3.3000000000010914,4,2.700000000000273,swap,improve
16369,4,3.3000000000010914,4,2.700000000000273,move,improve
16370,4,3.3000000000010914,4,2.700000000000273,2opt,notBad
16371,4,3.3000000000010914,4,2.700000000000273,2opt,improve
16372,4,3.3000000000010914,4,2.700000000000273,move,improve
16373,4,3.3000000000010914,4,2.700000000000273,2opt,notBad
16374,4,3.3000000000010914,4,2.700000000000273,move,improve
16375,4,3.3000000000010914,4,2.700000000000273,2opt,notBad
16376,4,3.3000000000010914,4,2.700000000000273,2opt,notBad
16377,4,3.3000000000010914,4,2.700000000000273,2opt,notBad
16378,4,3.3000000000010914,4,2.700000000000273,swap,notBad
16379,4,3.3000000000010914,4,2.700000000000273,swap,improve
16380,4,3.3000000000010914,4,2.700000000000273,swap,notBad
16381,4,3.3000000000010914,4,2.700000000000273,move,improve
16382,4,3.3000000000010914,4,2.700000000000273,2opt,notBad
16383,4,3.3000000000010914,4,2.700000000000273,swap,improve
16384,4,3.3000000000010914,4,2.700000000000273,move,improve
16385,4,3.3000000000010914,4,2.700000000000273,2opt,notBad
16386,4,3.3000000000010914,4,2.700000000000273,2opt,notBad
16387,4,3.3000000000010914,4,2.700000000000273,swap,notBad
16388,4,3.3000000000010914,4,2.700000000000273,2opt,notBad
16389,4,3.3000000000010914,4,2.700000000000273,move,improve
16390,4,3.3000000000010914,4,2.700000000000273,2opt,improve
16391,4,3.3000000000010914,4,2.700000000000273,move,improve
16392,4,3.3000000000010914,4,2.700000000000273,2opt,notBad
16393,4,3.3000000000010914,4,2.700000000000273,move,improve
16394,4,3.3000000000010914,4,2.700000000000273,swap,improve
16395,4,3.3000000000010914,4,2.700000000000273,move,improve
16396,4,3.3000000000010914,4,2.700000000000273,swap,notBad
16397,4,3.3000000000010914,4,2.700000000000273,move,improve
16398,4,3.3000000000010914,4,2.700000000000273,2opt,improve
16399,4,3.3000000000010914,4,2.700000000000273,2opt,notBad
16400,4,3.3000000000010914,4,2.700000000000273,2opt,notBad
16401,4,3.3000000000010914,4,2.700000000000273,move,improve
16402,4,3.3000000000010914,4,2.700000000000273,move,improve
16403,4,3.3000000000010914,4,2.700000000000273,move,improve
16404,4,3.3000000000010914,4,2.700000000000273,move,improve
16405,4,3.3000000000010914,4,2.700000000000273,2opt,improve
16406,4,3.3000000000010914,4,2.700000000000273,swap,improve
16407,4,3.3000000000010914,4,2.700000000000273,move,improve
16408,4,3.3000000000010914,4,2.700000000000273,2opt,improve
16409,4,3.3000000000010914,4,2.700000000000273,swap,improve
16410,4,3.3000000000010914,4,2.700000000000273,swap,notBad
16411,4,3.3000000000010914,4,2.700000000000273,swap,improve
16412,4,3.3000000000010914,4,2.700000000000273,swap,improve
16413,4,3.3000000000010914,4,2.700000000000273,swap,improve
16414,4,3.3000000000010914,4,2.700000000000273,swap,notBad
16415,4,3.3000000000010914,4,2.700000000000273,swap,improve
16416,4,3.3000000000010914,4,2.700000000000273,swap,notBad
16417,4,3.3000000000010914,4,2.700000000000273,2opt,notBad
16418,4,3.3000000000010914,4,2.700000000000273,move,improve
16419,4,3.3000000000010914,4,2.700000000000273,swap,notBad
16420,4,3.3000000000010914,4,2.700000000000273,swap,improve
16421,4,3.3000000000010914,4,2.700000000000273,2opt,notBad
16422,4,3.3000000000010914,4,2.700000000000273,move,improve
16423,4,3.3000000000010914,4,2.700000000000273,move,improve
16424,4,3.3000000000010914,4,2.700000000000273,swap,improve
16425,4,3.3000000000010914,4,2.700000000000273,2opt,improve
16426,4,3.3000000000010914,4,2.700000000000273,2opt,notBad
16427,4,3.3000000000010914,4,2.700000000000273,move,improve
16428,4,3.3000000000010914,4,2.700000000000273,swap,notBad
16429,4,3.3000000000010914,4,2.700000000000273,move,improve
16430,4,3.3000000000010914,4,2.700000000000273,2opt,notBad
16431,4,3.3000000000010914,4,2.700000000000273,2opt,improve
16432,4,3.3000000000010914,4,2.700000000000273,move,improve
16433,4,3.3000000000010914,4,2.700000000000273,2opt,notBad
16434,4,3.3000000000010914,4,2.700000000000273,move,improve
16435,4,3.3000000000010914,4,2.700000000000273,2opt,notBad
16436,4,3.3000000000010914,4,2.700000000000273,swap,notBad
16437,4,3.3000000000010914,4,2.700000000000273,move,improve
16438,4,3.3000000000010914,4,2.700000000000273,move,improve
16439,4,3.3000000000010914,4,2.700000000000273,move,improve
16440,4,3.3000000000010914,4,2.700000000000273,move,improve
16441,4,3.3000000000010914,4,2.700000000000273,swap,notBad
16442,4,3.3000000000010914,4,2.700000000000273,swap,notBad
16443,4,3.3000000000010914,4,2.700000000000273,2opt,notBad
16444,4,3.3000000000010914,4,2.700000000000273,move,improve
16445,4,3.3000000000010914,4,2.700000000000273,move,improve
16446,4,3.3000000000010914,4,2.700000000000273,swap,notBad
16447,4,3.3000000000010914,4,2.700000000000273,move,improve
16448,4,3.3000000000010914,4,2.700000000000273,swap,notBad
16449,4,3.3000000000010914,4,2.700000000000273,2opt,notBad
16450,4,3.3000000000010914,4,2.700000000000273,2opt,notBad
16451,4,4.799999999999727,4,2.700000000000273,swap,acceptBad
16452,4,4.799999999999727,4,2.700000000000273,move,improve
16453,4,4.799999999999727,4,2.700000000000273,2opt,improve
16454,4,4.799999999999727,4,2.700000000000273,move,improve
16455,4,4.799999999999727,4,2.700000000000273,swap,improve
16456,4,4.799999999999727,4,2.700000000000273,swap,notBad
16457,4,4.799999999999727,4,2.700000000000273,2opt,improve
16458,4,4.799999999999727,4,2.700000000000273,move,improve
16459,4,4.799999999999727,4,2.700000000000273,move,improve
16460,4,4.799999999999727,4,2.700000000000273,2opt,notBad
16461,4,4.799999999999727,4,2.700000000000273,move,improve
16462,4,4.799999999999727,4,2.700000000000273,2opt,notBad
16463,4,4.799999999999727,4,2.700000000000273,swap,notBad
16464,4,4.799999999999727,4,2.700000000000273,swap,improve
16465,4,4.799999999999727,4,2.700000000000273,swap,improve
16466,4,4.799999999999727,4,2.700000000000273,move,improve
16467,4,4.799999999999727,4,2.700000000000273,swap,improve
16468,4,4.799999999999727,4,2.700000000000273,move,improve
16469,4,4.799999999999727,4,2.700000000000273,swap,notBad
16470,4,4.799999999999727,4,2.700000000000273,swap,improve
16471,4,4.799999999999727,4,2.700000000000273,move,improve
16472,4,4.799999999999727,4,2.700000000000273,2opt,notBad
16473,4,4.799999999999727,4,2.700000000000273,2opt,notBad
16474,4,4.799999999999727,4,2.700000000000273,move,improve
16475,4,4.799999999999727,4,2.700000000000273,2opt,notBad
16476,4,4.799999999999727,4,2.700000000000273,2opt,notBad
16477,4,4.799999999999727,4,2.700000000000273,move,improve
16478,4,4.799999999999727,4,2.700000000000273,swap,improve
16479,4,4.799999999999727,4,2.700000000000273,2opt,notBad
16480,4,4.799999999999727,4,2.700000000000273,move,improve
16481,4,4.799999999999727,4,2.700000000000273,swap,improve
16482,4,4.799999999999727,4,2.700000000000273,swap,improve
16483,4,4.799999999999727,4,2.700000000000273,2opt,notBad
16484,4,4.799999999999727,4,2.700000000000273,move,improve
16485,4,4.799999999999727,4,2.700000000000273,2opt,notBad
16486,4,4.799999999999727,4,2.700000000000273,2opt,notBad
16487,4,4.799999999999727,4,2.700000000000273,2opt,improve
16488,4,4.799999999999727,4,2.700000000000273,move,improve
16489,4,4.799999999999727,4,2.700000000000273,swap,improve
16490,4,4.799999999999727,4,2.700000000000273,2opt,notBad
16491,4,4.799999999999727,4,2.700000000000273,2opt,notBad
16492,4,4.799999999999727,4,2.700000000000273,move,improve
16493,4,4.799999999999727,4,2.700000000000273,swap,notBad
16494,4,4.799999999999727,4,2.700000000000273,move,improve
16495,4,4.799999999999727,4,2.700000000000273,move,improve
16496,4,4.799999999999727,4,2.700000000000273,move,improve
16497,4,4.799999999999727,4,2.700000000000273,swap,improve
16498,4,4.799999999999727,4,2.700000000000273,2opt,notBad
16499,4,4.799999999999727,4,2.700000000000273,move,improve
16500,4,4.799999999999727,4,2.700000000000273,move,improve
16501,4,4.799999999999727,4,2.700000000000273,swap,notBad
16502,4,4.799999999999727,4,2.700000000000273,move,improve
16503,4,4.799999999999727,4,2.700000000000273,move,improve
16504,4,4.799999999999727,4,2.700000000000273,2opt,notBad
16505,4,4.799999999999727,4,2.700000000000273,2opt,notBad
16506,4,4.799999999999727,4,2.700000000000273,move,improve
16507,4,4.799999999999727,4,2.700000000000273,swap,notBad
16508,4,4.799999999999727,4,2.700000000000273,move,improve
16509,4,4.799999999999727,4,2.700000000000273,2opt,notBad
16510,4,4.799999999999727,4,2.700000000000273,swap,notBad
16511,4,4.799999999999727,4,2.700000000000273,2opt,notBad
16512,4,4.799999999999727,4,2.700000000000273,move,improve
16513,4,4.799999999999727,4,2.700000000000273,2opt,notBad
16514,4,4.799999999999727,4,2.700000000000273,2opt,notBad
16515,4,4.799999999999727,4,2.700000000000273,move,improve
16516,4,4.799999999999727,4,2.700000000000273,move,improve
16517,4,4.799999999999727,4,2.700000000000273,2opt,notBad
16518,4,4.799999999999727,4,2.700000000000273,swap,notBad
16519,4,4.799999999999727,4,2.700000000000273,2opt,notBad
16520,4,4.799999999999727,4,2.700000000000273,move,improve
16521,4,4.799999999999727,4,2.700000000000273,move,improve
16522,4,4.799999999999727,4,2.700000000000273,2opt,notBad
16523,4,4.799999999999727,4,2.700000000000273,2opt,notBad
16524,4,4.799999999999727,4,2.700000000000273,move,improve
16525,4,4.799999999999727,4,2.700000000000273,swap,improve
16526,4,4.799999999999727,4,2.700000000000273,2opt,notBad
16527,4,4.799999999999727,4,2.700000000000273,2opt,notBad
16528,4,4.799999999999727,4,2.700000000000273,2opt,notBad
16529,4,4.799999999999727,4,2.700000000000273,move,improve
16530,4,4.799999999999727,4,2.700000000000273,2opt,improve
16531,4,4.799999999999727,4,2.700000000000273,2opt,notBad
16532,4,4.799999999999727,4,2.700000000000273,move,improve
16533,4,4.799999999999727,4,2.700000000000273,swap,notBad
16534,4,4.799999999999727,4,2.700000000000273,move,improve
16535,4,4.799999999999727,4,2.700000000000273,swap,improve
16536,4,4.799999999999727,4,2.700000000000273,2opt,improve
16537,4,4.799999999999727,4,2.700000000000273,move,improve
16538,4,4.799999999999727,4,2.700000000000273,swap,improve
16539,4,4.799999999999727,4,2.700000000000273,2opt,notBad
16540,4,4.799999999999727,4,2.700000000000273,swap,notBad
16541,4,4.799999999999727,4,2.700000000000273,2opt,notBad
16542,4,4.799999999999727,4,2.700000000000273,2opt,improve
16543,4,4.799999999999727,4,2.700000000000273,move,improve
16544,4,4.799999999999727,4,2.700000000000273,2opt,notBad
16545,4,4.799999999999727,4,2.700000000000273,move,improve
16546,4,4.799999999999727,4,2.700000000000273,move,improve
16547,4,4.799999999999727,4,2.700000000000273,2opt,notBad
16548,4,4.799999999999727,4,2.700000000000273,move,improve
16549,4,4.799999999999727,4,2.700000000000273,swap,improve
16550,4,4.799999999999727,4,2.700000000000273,move,improve
16551,4,4.799999999999727,4,2.700000000000273,2opt,notBad
16552,4,4.799999999999727,4,2.700000000000273,swap,notBad
16553,4,4.799999999999727,4,2.700000000000273,swap,improve
16554,4,4.799999999999727,4,2.700000000000273,2opt,notBad
16555,4,4.799999999999727,4,2.700000000000273,2opt,improve
16556,4,4.799999999999727,4,2.700000000000273,2opt,notBad
16557,4,4.799999999999727,4,2.700000000000273,swap,notBad
16558,4,4.799999999999727,4,2.700000000000273,move,improve
16559,4,4.799999999999727,4,2.700000000000273,2opt,notBad
16560,4,4.799999999999727,4,2.700000000000273,2opt,notBad
16561,4,4.799999999999727,4,2.700000000000273,swap,notBad
16562,4,4.799999999999727,4,2.700000000000273,move,improve
16563,4,4.799999999999727,4,2.700000000000273,swap,improve
16564,4,4.799999999999727,4,2.700000000000273,2opt,notBad
16565,4,4.799999999999727,4,2.700000000000273,move,improve
16566,4,4.799999999999727,4,2.700000000000273,2opt,notBad
16567,4,4.799999999999727,4,2.700000000000273,move,improve
16568,4,4.799999999999727,4,2.700000000000273,2opt,notBad
16569,4,4.799999999999727,4,2.700000000000273,move,improve
16570,4,4.799999999999727,4,2.700000000000273,swap,improve
16571,4,4.799999999999727,4,2.700000000000273,2opt,notBad
16572,4,4.799999999999727,4,2.700000000000273,swap,notBad
16573,4,4.799999999999727,4,2.700000000000273,move,improve
16574,4,4.799999999999727,4,2.700000000000273,swap,notBad
16575,4,4.799999999999727,4,2.700000000000273,swap,improve
16576,4,4.799999999999727,4,2.700000000000273,move,improve
16577,4,4.799999999999727,4,2.700000000000273,move,improve
16578,4,4.799999999999727,4,2.700000000000273,move,improve
16579,4,4.799999999999727,4,2.700000000000273,2opt,notBad
16580,4,4.799999999999727,4,2.700000000000273,2opt,notBad
16581,4,4.799999999999727,4,2.700000000000273,move,improve
16582,4,4.799999999999727,4,2.700000000000273,move,improve
16583,4,4.799999999999727,4,2.700000000000273,2opt,notBad
16584,4,4.799999999999727,4,2.700000000000273,swap,improve
16585,4,4.799999999999727,4,2.700000000000273,swap,improve
16586,4,4.799999999999727,4,2.700000000000273,move,improve
16587,4,4.799999999999727,4,2.700000000000273,2opt,notBad
16588,4,4.799999999999727,4,2.700000000000273,move,improve
16589,4,4.799999999999727,4,2.700000000000273,swap,notBad
16590,4,4.799999999999727,4,2.700000000000273,swap,notBad
16591,4,4.799999999999727,4,2.700000000000273,move,improve
16592,4,4.799999999999727,4,2.700000000000273,swap,notBad
16593,4,4.799999999999727,4,2.700000000000273,move,improve
16594,4,4.799999999999727,4,2.700000000000273,move,notBad
16595,4,4.799999999999727,4,2.700000000000273,move,improve
16596,4,4.799999999999727,4,2.700000000000273,swap,notBad
16597,4,4.799999999999727,4,2.700000000000273,2opt,notBad
16598,4,4.799999999999727,4,2.700000000000273,swap,notBad
16599,4,4.799999999999727,4,2.700000000000273,move,improve
16600,4,4.799999999999727,4,2.700000000000273,2opt,notBad
16601,4,4.799999999999727,4,2.700000000000273,2opt,notBad
16602,4,4.799999999999727,4,2.700000000000273,2opt,notBad
16603,4,4.799999999999727,4,2.700000000000273,2opt,notBad
16604,4,4.799999999999727,4,2.700000000000273,swap,notBad
16605,4,4.799999999999727,4,2.700000000000273,2opt,notBad
16606,4,4.799999999999727,4,2.700000000000273,2opt,notBad
16607,4,4.799999999999727,4,2.700000000000273,move,improve
16608,4,4.799999999999727,4,2.700000000000273,2opt,notBad
16609,4,4.799999999999727,4,2.700000000000273,2opt,notBad
16610,4,4.799999999999727,4,2.700000000000273,swap,improve
16611,4,5.4999999999990905,4,2.700000000000273,swap,acceptBad
16612,4,5.4999999999990905,4,2.700000000000273,move,improve
16613,4,5.4999999999990905,4,2.700000000000273,move,improve
16614,4,4.799999999999727,4,2.700000000000273,swap,improve
16615,4,4.799999999999727,4,2.700000000000273,move,improve
16616,4,4.799999999999727,4,2.700000000000273,move,notBad
16617,4,4.799999999999727,4,2.700000000000273,swap,notBad
16618,4,4.799999999999727,4,2.700000000000273,move,improve
16619,4,4.799999999999727,4,2.700000000000273,swap,improve
16620,4,4.799999999999727,4,2.700000000000273,swap,notBad
16621,4,4.799999999999727,4,2.700000000000273,2opt,notBad
16622,4,4.799999999999727,4,2.700000000000273,swap,improve
16623,4,4.799999999999727,4,2.700000000000273,move,improve
16624,4,4.799999999999727,4,2.700000000000273,2opt,notBad
16625,4,4.799999999999727,4,2.700000000000273,2opt,notBad
16626,4,4.799999999999727,4,2.700000000000273,swap,notBad
16627,4,4.799999999999727,4,2.700000000000273,2opt,notBad
16628,4,4.799999999999727,4,2.700000000000273,2opt,notBad
16629,4,4.799999999999727,4,2.700000000000273,2opt,notBad
16630,4,4.799999999999727,4,2.700000000000273,swap,improve
16631,4,4.799999999999727,4,2.700000000000273,2opt,notBad
16632,4,4.799999999999727,4,2.700000000000273,2opt,notBad
16633,4,4.799999999999727,4,2.700000000000273,move,improve
16634,4,4.799999999999727,4,2.700000000000273,move,improve
16635,4,4.799999999999727,4,2.700000000000273,swap,notBad
16636,4,4.799999999999727,4,2.700000000000273,2opt,notBad
16637,4,4.799999999999727,4,2.700000000000273,swap,improve
16638,4,4.799999999999727,4,2.700000000000273,2opt,notBad
16639,4,4.799999999999727,4,2.700000000000273,move,improve
16640,4,4.799999999999727,4,2.700000000000273,move,improve
16641,4,4.799999999999727,4,2.700000000000273,move,improve
16642,4,4.799999999999727,4,2.700000000000273,swap,improve
16643,4,4.799999999999727,4,2.700000000000273,2opt,notBad
16644,4,4.799999999999727,4,2.700000000000273,move,improve
16645,4,4.799999999999727,4,2.700000000000273,move,improve
16646,4,4.799999999999727,4,2.700000000000273,2opt,notBad
16647,4,4.799999999999727,4,2.700000000000273,swap,improve
16648,4,4.799999999999727,4,2.700000000000273,move,improve
16649,4,4.799999999999727,4,2.700000000000273,2opt,improve
16650,4,4.799999999999727,4,2.700000000000273,move,improve
16651,4,5.4999999999990905,4,2.700000000000273,swap,acceptBad
16652,4,5.4999999999990905,4,2.700000000000273,swap,notBad
16653,4,5.4999999999990905,4,2.700000000000273,move,improve
16654,4,5.4999999999990905,4,2.700000000000273,2opt,notBad
16655,4,5.4999999999990905,4,2.700000000000273,swap,notBad
16656,4,5.4999999999990905,4,2.700000000000273,2opt,notBad
16657,4,5.4999999999990905,4,2.700000000000273,2opt,notBad
16658,4,5.4999999999990905,4,2.700000000000273,2opt,notBad
16659,4,5.4999999999990905,4,2.700000000000273,2opt,notBad
16660,4,5.4999999999990905,4,2.700000000000273,2opt,notBad
16661,4,5.4999999999990905,4,2.700000000000273,move,improve
16662,4,5.4999999999990905,4,2.700000000000273,swap,notBad
16663,4,5.4999999999990905,4,2.700000000000273,2opt,notBad
16664,4,5.4999999999990905,4,2.700000000000273,swap,improve
16665,4,5.4999999999990905,4,2.700000000000273,2opt,notBad
16666,4,5.4999999999990905,4,2.700000000000273,2opt,notBad
16667,4,5.4999999999990905,4,2.700000000000273,2opt,notBad
16668,4,5.4999999999990905,4,2.700000000000273,2opt,notBad
16669,4,5.4999999999990905,4,2.700000000000273,2opt,notBad
16670,4,5.4999999999990905,4,2.700000000000273,swap,notBad
16671,4,5.4999999999990905,4,2.700000000000273,move,improve
16672,4,5.4999999999990905,4,2.700000000000273,move,improve
16673,4,5.4999999999990905,4,2.700000000000273,swap,notBad
16674,4,5.4999999999990905,4,2.700000000000273,swap,improve
16675,4,5.4999999999990905,4,2.700000000000273,2opt,notBad
16676,4,3.6999999999993634,4,2.700000000000273,move,improve
16677,4,3.6999999999993634,4,2.700000000000273,move,improve
16678,4,3.6999999999993634,4,2.700000000000273,swap,notBad
16679,4,3.6999999999993634,4,2.700000000000273,move,improve
16680,4,3.6999999999993634,4,2.700000000000273,2opt,notBad
16681,4,3.6999999999993634,4,2.700000000000273,swap,notBad
16682,4,3.6999999999993634,4,2.700000000000273,swap,notBad
16683,4,3.6999999999993634,4,2.700000000000273,2opt,notBad
16684,4,1.2999999999988177,4,1.2999999999988177,swap,newBest
16685,4,1.2999999999988177,4,1.2999999999988177,move,improve
16686,4,1.2999999999988177,4,1.2999999999988177,swap,improve
16687,4,1.2999999999988177,4,1.2999999999988177,move,improve
16688,4,1.2999999999988177,4,1.2999999999988177,move,improve
16689,4,1.2999999999988177,4,1.2999999999988177,2opt,notBad
16690,4,1.2999999999988177,4,1.2999999999988177,2opt,notBad
16691,4,1.3999999999987267,4,1.2999999999988177,swap,acceptBad
16692,4,1.3999999999987267,4,1.2999999999988177,swap,notBad
16693,4,1.3999999999987267,4,1.2999999999988177,move,improve
16694,4,1.3999999999987267,4,1.2999999999988177,move,improve
16695,4,1.3999999999987267,4,1.2999999999988177,swap,notBad
16696,4,1.3999999999987267,4,1.2999999999988177,move,improve
16697,4,1.3999999999987267,4,1.2999999999988177,2opt,notBad
16698,4,1.3999999999987267,4,1.2999999999988177,move,improve
16699,4,1.3999999999987267,4,1.2999999999988177,2opt,notBad
16700,4,1.3999999999987267,4,1.2999999999988177,swap,improve
16701,4,1.3999999999987267,4,1.2999999999988177,2opt,notBad
16702,4,1.3999999999987267,4,1.2999999999988177,move,improve
16703,4,1.3999999999987267,4,1.2999999999988177,swap,notBad
16704,4,1.3999999999987267,4,1.2999999999988177,2opt,notBad
16705,4,1.3999999999987267,4,1.2999999999988177,swap,notBad
16706,4,1.3999999999987267,4,1.2999999999988177,move,improve
16707,4,1.3999999999987267,4,1.2999999999988177,2opt,notBad
16708,4,1.3999999999987267,4,1.2999999999988177,swap,notBad
16709,4,1.3999999999987267,4,1.2999999999988177,2opt,notBad
16710,4,1.3999999999987267,4,1.2999999999988177,move,improve
16711,4,1.3999999999987267,4,1.2999999999988177,2opt,notBad
16712,4,1.3999999999987267,4,1.2999999999988177,move,improve
16713,4,1.3999999999987267,4,1.2999999999988177,swap,notBad
16714,4,1.3999999999987267,4,1.2999999999988177,move,improve
16715,4,1.3999999999987267,4,1.2999999999988177,2opt,notBad
16716,4,1.3999999999987267,4,1.2999999999988177,swap,notBad
16717,4,1.3999999999987267,4,1.2999999999988177,swap,notBad
16718,4,1.3999999999987267,4,1.2999999999988177,swap,notBad
16719,4,1.3999999999987267,4,1.2999999999988177,2opt,notBad
16720,4,1.3999999999987267,4,1.2999999999988177,swap,notBad
16721,4,1.3999999999987267,4,1.2999999999988177,swap,improve
16722,4,1.3999999999987267,4,1.2999999999988177,swap,notBad
16723,4,1.3999999999987267,4,1.2999999999988177,2opt,notBad
16724,4,1.3999999999987267,4,1.2999999999988177,swap,notBad
16725,4,1.3999999999987267,4,1.2999999999988177,swap,notBad
16726,4,1.3999999999987267,4,1.2999999999988177,2opt,improve
16727,4,1.3999999999987267,4,1.2999999999988177,swap,notBad
16728,4,1.3999999999987267,4,1.2999999999988177,2opt,notBad
16729,4,1.3999999999987267,4,1.2999999999988177,2opt,improve
16730,4,1.3999999999987267,4,1.2999999999988177,swap,notBad
16731,4,1.3999999999987267,4,1.2999999999988177,move,improve
16732,4,1.3999999999987267,4,1.2999999999988177,move,improve
16733,4,1.3999999999987267,4,1.2999999999988177,2opt,notBad
16734,4,1.3999999999987267,4,1.2999999999988177,swap,improve
16735,4,1.3999999999987267,4,1.2999999999988177,swap,notBad
16736,4,1.3999999999987267,4,1.2999999999988177,move,improve
16737,4,1.3999999999987267,4,1.2999999999988177,move,improve
16738,4,1.3999999999987267,4,1.2999999999988177,swap,notBad
16739,4,1.3999999999987267,4,1.2999999999988177,move,improve
16740,4,1.3999999999987267,4,1.2999999999988177,2opt,notBad
16741,4,1.3999999999987267,4,1.2999999999988177,swap,notBad
16742,4,1.3999999999987267,4,1.2999999999988177,2opt,notBad
16743,4,1.3999999999987267,4,1.2999999999988177,2opt,notBad
16744,4,1.3999999999987267,4,1.2999999999988177,swap,notBad
16745,4,1.3999999999987267,4,1.2999999999988177,2opt,notBad
16746,4,1.3999999999987267,4,1.2999999999988177,2opt,notBad
16747,4,1.3999999999987267,4,1.2999999999988177,swap,notBad
16748,4,1.3999999999987267,4,1.2999999999988177,swap,improve
16749,4,1.3999999999987267,4,1.2999999999988177,move,improve
16750,4,1.3999999999987267,4,1.2999999999988177,2opt,notBad
16751,4,1.3999999999987267,4,1.2999999999988177,swap,notBad
16752,4,1.3999999999987267,4,1.2999999999988177,move,improve
16753,4,1.3999999999987267,4,1.2999999999988177,move,improve
16754,4,1.3999999999987267,4,1.2999999999988177,2opt,notBad
16755,4,1.3999999999987267,4,1.2999999999988177,swap,notBad
16756,4,1.3999999999987267,4,1.2999999999988177,swap,notBad
16757,4,1.3999999999987267,4,1.2999999999988177,2opt,improve
16758,4,1.3999999999987267,4,1.2999999999988177,2opt,improve
16759,4,1.3999999999987267,4,1.2999999999988177,move,improve
16760,4,1.3999999999987267,4,1.2999999999988177,2opt,notBad
16761,4,1.3999999999987267,4,1.2999999999988177,2opt,notBad
16762,4,1.3999999999987267,4,1.2999999999988177,2opt,notBad
16763,4,1.3999999999987267,4,1.2999999999988177,swap,notBad
16764,4,1.3999999999987267,4,1.2999999999988177,2opt,notBad
16765,4,1.3999999999987267,4,1.2999999999988177,2opt,notBad
16766,4,1.3999999999987267,4,1.2999999999988177,swap,notBad
16767,4,1.3999999999987267,4,1.2999999999988177,move,improve
16768,4,1.3999999999987267,4,1.2999999999988177,2opt,notBad
16769,4,1.3999999999987267,4,1.2999999999988177,swap,notBad
16770,4,1.3999999999987267,4,1.2999999999988177,2opt,notBad
16771,4,1.3999999999987267,4,1.2999999999988177,move,improve
16772,4,1.3999999999987267,4,1.2999999999988177,2opt,notBad
16773,4,1.3999999999987267,4,1.2999999999988177,2opt,notBad
16774,4,1.3999999999987267,4,1.2999999999988177,2opt,notBad
16775,4,1.3999999999987267,4,1.2999999999988177,2opt,notBad
16776,4,1.3999999999987267,4,1.2999999999988177,move,improve
16777,4,1.3999999999987267,4,1.2999999999988177,2opt,notBad
16778,4,1.3999999999987267,4,1.2999999999988177,2opt,notBad
16779,4,1.3999999999987267,4,1.2999999999988177,move,improve
16780,4,1.3999999999987267,4,1.2999999999988177,move,improve
16781,4,1.3999999999987267,4,1.2999999999988177,move,improve
16782,4,1.3999999999987267,4,1.2999999999988177,2opt,notBad
16783,4,1.3999999999987267,4,1.2999999999988177,swap,notBad
16784,4,1.3999999999987267,4,1.2999999999988177,swap,notBad
16785,4,1.3999999999987267,4,1.2999999999988177,2opt,notBad
16786,4,1.3999999999987267,4,1.2999999999988177,move,improve
16787,4,1.3999999999987267,4,1.2999999999988177,swap,notBad
16788,4,1.3999999999987267,4,1.2999999999988177,move,improve
16789,4,1.3999999999987267,4,1.2999999999988177,2opt,notBad
16790,4,1.3999999999987267,4,1.2999999999988177,2opt,notBad
16791,4,1.3999999999987267,4,1.2999999999988177,swap,notBad
16792,4,1.3999999999987267,4,1.2999999999988177,2opt,notBad
16793,4,1.3999999999987267,4,1.2999999999988177,move,improve
16794,4,1.3999999999987267,4,1.2999999999988177,move,improve
16795,4,1.3999999999987267,4,1.2999999999988177,2opt,notBad
16796,4,1.3999999999987267,4,1.2999999999988177,swap,notBad
16797,4,1.3999999999987267,4,1.2999999999988177,2opt,notBad
16798,4,1.3999999999987267,4,1.2999999999988177,2opt,notBad
16799,4,1.3999999999987267,4,1.2999999999988177,move,improve
16800,4,1.3999999999987267,4,1.2999999999988177,2opt,notBad
16801,4,1.3999999999987267,4,1.2999999999988177,2opt,notBad
16802,4,1.3999999999987267,4,1.2999999999988177,swap,notBad
16803,4,1.3999999999987267,4,1.2999999999988177,2opt,notBad
16804,4,1.3999999999987267,4,1.2999999999988177,swap,notBad
16805,4,1.3999999999987267,4,1.2999999999988177,swap,improve
16806,4,1.3999999999987267,4,1.2999999999988177,2opt,notBad
16807,4,1.3999999999987267,4,1.2999999999988177,swap,improve
16808,4,1.3999999999987267,4,1.2999999999988177,2opt,notBad
16809,4,1.3999999999987267,4,1.2999999999988177,move,improve
16810,4,1.3999999999987267,4,1.2999999999988177,2opt,notBad
16811,4,1.3999999999987267,4,1.2999999999988177,2opt,improve
16812,4,1.3999999999987267,4,1.2999999999988177,2opt,notBad
16813,4,1.3999999999987267,4,1.2999999999988177,move,improve
16814,4,1.3999999999987267,4,1.2999999999988177,2opt,notBad
16815,4,1.3999999999987267,4,1.2999999999988177,2opt,notBad
16816,4,1.3999999999987267,4,1.2999999999988177,swap,improve
16817,4,1.3999999999987267,4,1.2999999999988177,2opt,notBad
16818,4,1.3999999999987267,4,1.2999999999988177,move,improve
16819,4,1.3999999999987267,4,1.2999999999988177,2opt,notBad
16820,4,1.3999999999987267,4,1.2999999999988177,move,improve
16821,4,1.3999999999987267,4,1.2999999999988177,move,improve
16822,4,1.3999999999987267,4,1.2999999999988177,2opt,notBad
16823,4,1.3999999999987267,4,1.2999999999988177,move,improve
16824,4,1.3999999999987267,4,1.2999999999988177,2opt,notBad
16825,4,1.3999999999987267,4,1.2999999999988177,swap,notBad
16826,4,1.3999999999987267,4,1.2999999999988177,move,improve
16827,4,1.3999999999987267,4,1.2999999999988177,swap,notBad
16828,4,1.3999999999987267,4,1.2999999999988177,move,improve
16829,4,1.3999999999987267,4,1.2999999999988177,2opt,notBad
16830,4,1.3999999999987267,4,1.2999999999988177,swap,notBad
16831,4,1.3999999999987267,4,1.2999999999988177,swap,notBad
16832,4,1.3999999999987267,4,1.2999999999988177,swap,notBad
16833,4,1.3999999999987267,4,1.2999999999988177,swap,notBad
16834,4,1.3999999999987267,4,1.2999999999988177,move,improve
16835,4,1.3999999999987267,4,1.2999999999988177,2opt,notBad
16836,4,1.3999999999987267,4,1.2999999999988177,swap,notBad
16837,4,1.3999999999987267,4,1.2999999999988177,2opt,notBad
16838,4,1.3999999999987267,4,1.2999999999988177,move,improve
16839,4,1.3999999999987267,4,1.2999999999988177,move,improve
16840,4,1.3999999999987267,4,1.2999999999988177,swap,notBad
16841,4,1.3999999999987267,4,1.2999999999988177,swap,notBad
16842,4,1.3999999999987267,4,1.2999999999988177,move,improve
16843,4,1.3999999999987267,4,1.2999999999988177,2opt,notBad
16844,4,1.3999999999987267,4,1.2999999999988177,move,improve
16845,4,1.3999999999987267,4,1.2999999999988177,2opt,notBad
16846,4,1.3999999999987267,4,1.2999999999988177,move,improve
16847,4,1.3999999999987267,4,1.2999999999988177,move,improve
16848,4,1.3999999999987267,4,1.2999999999988177,move,improve
16849,4,1.3999999999987267,4,1.2999999999988177,swap,improve
16850,4,1.3999999999987267,4,1.2999999999988177,swap,notBad
16851,4,1.3999999999987267,4,1.2999999999988177,move,improve
16852,4,1.3999999999987267,4,1.2999999999988177,move,improve
16853,4,1.3999999999987267,4,1.2999999999988177,2opt,notBad
16854,4,1.3999999999987267,4,1.2999999999988177,move,improve
16855,4,1.3999999999987267,4,1.2999999999988177,2opt,notBad
16856,4,1.3999999999987267,4,1.2999999999988177,move,improve
16857,4,1.3999999999987267,4,1.2999999999988177,2opt,notBad
16858,4,1.3999999999987267,4,1.2999999999988177,move,improve
16859,4,1.3999999999987267,4,1.2999999999988177,swap,notBad
16860,4,1.3999999999987267,4,1.2999999999988177,2opt,notBad
16861,4,1.3999999999987267,4,1.2999999999988177,swap,notBad
16862,4,1.3999999999987267,4,1.2999999999988177,move,improve
16863,4,1.3999999999987267,4,1.2999999999988177,move,improve
16864,4,1.3999999999987267,4,1.2999999999988177,move,improve
16865,4,1.3999999999987267,4,1.2999999999988177,swap,notBad
16866,4,1.3999999999987267,4,1.2999999999988177,swap,notBad
16867,4,1.3999999999987267,4,1.2999999999988177,move,improve
16868,4,1.3999999999987267,4,1.2999999999988177,2opt,notBad
16869,4,1.3999999999987267,4,1.2999999999988177,move,improve
16870,4,1.3999999999987267,4,1.2999999999988177,move,improve
16871,4,1.3999999999987267,4,1.2999999999988177,swap,improve
16872,4,1.3999999999987267,4,1.2999999999988177,swap,notBad
16873,4,1.3999999999987267,4,1.2999999999988177,move,improve
16874,4,1.3999999999987267,4,1.2999999999988177,swap,notBad
16875,4,1.3999999999987267,4,1.2999999999988177,move,improve
16876,4,1.3999999999987267,4,1.2999999999988177,move,improve
16877,4,1.3999999999987267,4,1.2999999999988177,move,improve
16878,4,1.3999999999987267,4,1.2999999999988177,move,improve
16879,4,1.3999999999987267,4,1.2999999999988177,swap,notBad
16880,4,1.3999999999987267,4,1.2999999999988177,swap,notBad
16881,4,1.3999999999987267,4,1.2999999999988177,2opt,notBad
16882,4,1.3999999999987267,4,1.2999999999988177,2opt,notBad
16883,4,1.3999999999987267,4,1.2999999999988177,swap,notBad
16884,4,1.3999999999987267,4,1.2999999999988177,swap,notBad
16885,4,1.3999999999987267,4,1.2999999999988177,move,improve
16886,4,1.3999999999987267,4,1.2999999999988177,move,improve
16887,4,1.3999999999987267,4,1.2999999999988177,move,improve
16888,4,1.3999999999987267,4,1.2999999999988177,2opt,improve
16889,4,1.3999999999987267,4,1.2999999999988177,move,improve
16890,4,1.3999999999987267,4,1.2999999999988177,move,improve
16891,4,1.3999999999987267,4,1.2999999999988177,move,improve
16892,4,1.3999999999987267,4,1.2999999999988177,move,improve
16893,4,1.3999999999987267,4,1.2999999999988177,move,improve
16894,4,1.3999999999987267,4,1.2999999999988177,move,improve
16895,4,1.3999999999987267,4,1.2999999999988177,swap,notBad
16896,4,1.3999999999987267,4,1.2999999999988177,move,improve
16897,4,1.3999999999987267,4,1.2999999999988177,move,improve
16898,4,1.3999999999987267,4,1.2999999999988177,swap,notBad
16899,4,1.3999999999987267,4,1.2999999999988177,swap,notBad
16900,4,1.3999999999987267,4,1.2999999999988177,swap,notBad
16901,4,1.3999999999987267,4,1.2999999999988177,swap,notBad
16902,4,1.3999999999987267,4,1.2999999999988177,2opt,notBad
16903,4,1.3999999999987267,4,1.2999999999988177,2opt,notBad
16904,4,1.3999999999987267,4,1.2999999999988177,move,improve
16905,4,1.3999999999987267,4,1.2999999999988177,move,improve
16906,4,1.3999999999987267,4,1.2999999999988177,2opt,notBad
16907,4,1.3999999999987267,4,1.2999999999988177,move,improve
16908,4,1.3999999999987267,4,1.2999999999988177,move,improve
16909,4,1.3999999999987267,4,1.2999999999988177,swap,improve
16910,4,1.3999999999987267,4,1.2999999999988177,move,improve
16911,4,1.3999999999987267,4,1.2999999999988177,2opt,notBad
16912,4,1.3999999999987267,4,1.2999999999988177,swap,notBad
16913,4,1.3999999999987267,4,1.2999999999988177,2opt,notBad
16914,4,1.3999999999987267,4,1.2999999999988177,move,improve
16915,4,1.3999999999987267,4,1.2999999999988177,2opt,notBad
16916,4,1.3999999999987267,4,1.2999999999988177,move,improve
16917,4,1.3999999999987267,4,1.2999999999988177,swap,notBad
16918,4,1.3999999999987267,4,1.2999999999988177,2opt,notBad
16919,4,1.3999999999987267,4,1.2999999999988177,move,improve
16920,4,1.3999999999987267,4,1.2999999999988177,2opt,notBad
16921,4,1.3999999999987267,4,1.2999999999988177,2opt,notBad
16922,4,1.3999999999987267,4,1.2999999999988177,move,improve
16923,4,1.3999999999987267,4,1.2999999999988177,swap,notBad
16924,4,1.3999999999987267,4,1.2999999999988177,2opt,improve
16925,4,1.3999999999987267,4,1.2999999999988177,move,improve
16926,4,1.3999999999987267,4,1.2999999999988177,swap,notBad
16927,4,1.3999999999987267,4,1.2999999999988177,move,improve
16928,4,1.3999999999987267,4,1.2999999999988177,2opt,notBad
16929,4,1.3999999999987267,4,1.2999999999988177,swap,improve
16930,4,1.3999999999987267,4,1.2999999999988177,swap,improve
16931,4,1.3999999999987267,4,1.2999999999988177,swap,improve
16932,4,1.3999999999987267,4,1.2999999999988177,move,improve
16933,4,1.3999999999987267,4,1.2999999999988177,move,improve
16934,4,1.3999999999987267,4,1.2999999999988177,move,improve
16935,4,1.3999999999987267,4,1.2999999999988177,2opt,notBad
16936,4,1.3999999999987267,4,1.2999999999988177,swap,notBad
16937,4,1.3999999999987267,4,1.2999999999988177,2opt,notBad
16938,4,1.3999999999987267,4,1.2999999999988177,move,improve
16939,4,1.3999999999987267,4,1.2999999999988177,2opt,notBad
16940,4,1.3999999999987267,4,1.2999999999988177,2opt,notBad
16941,4,1.3999999999987267,4,1.2999999999988177,2opt,notBad
16942,4,1.3999999999987267,4,1.2999999999988177,swap,notBad
16943,4,1.3999999999987267,4,1.2999999999988177,2opt,notBad
16944,4,1.3999999999987267,4,1.2999999999988177,swap,notBad
16945,4,1.3999999999987267,4,1.2999999999988177,swap,notBad
16946,4,1.3999999999987267,4,1.2999999999988177,move,improve
16947,4,1.3999999999987267,4,1.2999999999988177,move,improve
16948,4,1.3999999999987267,4,1.2999999999988177,move,improve
16949,4,1.3999999999987267,4,1.2999999999988177,2opt,notBad
16950,4,1.3999999999987267,4,1.2999999999988177,2opt,notBad
16951,4,1.3999999999987267,4,1.2999999999988177,move,improve
16952,4,1.3999999999987267,4,1.2999999999988177,swap,notBad
16953,4,1.3999999999987267,4,1.2999999999988177,move,improve
16954,4,1.3999999999987267,4,1.2999999999988177,swap,notBad
16955,4,1.2999999999988177,4,1.2999999999988177,swap,improve
16956,4,1.2999999999988177,4,1.2999999999988177,2opt,notBad
16957,4,1.2999999999988177,4,1.2999999999988177,move,improve
16958,4,1.2999999999988177,4,1.2999999999988177,swap,notBad
16959,4,1.2999999999988177,4,1.2999999999988177,move,improve
16960,4,1.2999999999988177,4,1.2999999999988177,move,improve
16961,4,1.2999999999988177,4,1.2999999999988177,move,improve
16962,4,1.2999999999988177,4,1.2999999999988177,2opt,notBad
16963,4,1.2999999999988177,4,1.2999999999988177,swap,notBad
16964,4,1.2999999999988177,4,1.2999999999988177,move,notBad
16965,4,1.2999999999988177,4,1.2999999999988177,move,improve
16966,4,1.2999999999988177,4,1.2999999999988177,2opt,notBad
16967,4,1.2999999999988177,4,1.2999999999988177,2opt,notBad
16968,4,1.2999999999988177,4,1.2999999999988177,swap,notBad
16969,4,1.2999999999988177,4,1.2999999999988177,swap,notBad
16970,4,1.2999999999988177,4,1.2999999999988177,move,improve
16971,4,1.2999999999988177,4,1.2999999999988177,2opt,notBad
16972,4,1.2999999999988177,4,1.2999999999988177,move,improve
16973,4,1.2999999999988177,4,1.2999999999988177,2opt,notBad
16974,4,1.2999999999988177,4,1.2999999999988177,move,improve
16975,4,1.2999999999988177,4,1.2999999999988177,2opt,notBad
16976,4,1.2999999999988177,4,1.2999999999988177,2opt,notBad
16977,4,1.2999999999988177,4,1.2999999999988177,2opt,notBad
16978,4,1.2999999999988177,4,1.2999999999988177,move,improve
16979,4,1.2999999999988177,4,1.2999999999988177,swap,notBad
16980,4,1.2999999999988177,4,1.2999999999988177,swap,notBad
16981,4,1.2999999999988177,4,1.2999999999988177,move,improve
16982,4,1.2999999999988177,4,1.2999999999988177,move,improve
16983,4,1.2999999999988177,4,1.2999999999988177,move,improve
16984,4,1.2999999999988177,4,1.2999999999988177,2opt,notBad
16985,4,1.2999999999988177,4,1.2999999999988177,2opt,notBad
16986,4,1.2999999999988177,4,1.2999999999988177,2opt,improve
16987,4,1.2999999999988177,4,1.2999999999988177,2opt,notBad
16988,4,1.2999999999988177,4,1.2999999999988177,2opt,notBad
16989,4,1.2999999999988177,4,1.2999999999988177,move,improve
16990,4,1.2999999999988177,4,1.2999999999988177,2opt,notBad
16991,4,1.2999999999988177,4,1.2999999999988177,swap,notBad
16992,4,1.2999999999988177,4,1.2999999999988177,swap,notBad
16993,4,1.2999999999988177,4,1.2999999999988177,2opt,notBad
16994,4,1.2999999999988177,4,1.2999999999988177,swap,notBad
16995,4,1.2999999999988177,4,1.2999999999988177,2opt,notBad
16996,4,1.2999999999988177,4,1.2999999999988177,move,improve
16997,4,1.2999999999988177,4,1.2999999999988177,swap,notBad
16998,4,1.2999999999988177,4,1.2999999999988177,swap,notBad
16999,4,1.2999999999988177,4,1.2999999999988177,swap,notBad
17000,4,1.2999999999988177,4,1.2999999999988177,swap,notBad
17001,4,1.2999999999988177,4,1.2999999999988177,2opt,notBad
17002,4,1.2999999999988177,4,1.2999999999988177,2opt,improve
17003,4,1.2999999999988177,4,1.2999999999988177,swap,notBad
17004,4,1.2999999999988177,4,1.2999999999988177,swap,notBad
17005,4,1.2999999999988177,4,1.2999999999988177,swap,notBad
17006,4,1.2999999999988177,4,1.2999999999988177,2opt,notBad
17007,4,1.2999999999988177,4,1.2999999999988177,swap,notBad
17008,4,1.2999999999988177,4,1.2999999999988177,swap,notBad
17009,4,1.2999999999988177,4,1.2999999999988177,2opt,notBad
17010,4,1.2999999999988177,4,1.2999999999988177,move,improve
17011,4,1.2999999999988177,4,1.2999999999988177,swap,notBad
17012,4,1.2999999999988177,4,1.2999999999988177,swap,notBad
17013,4,1.2999999999988177,4,1.2999999999988177,move,improve
17014,4,1.2999999999988177,4,1.2999999999988177,swap,notBad
17015,4,1.2999999999988177,4,1.2999999999988177,move,improve
17016,4,1.2999999999988177,4,1.2999999999988177,2opt,notBad
17017,4,1.2999999999988177,4,1.2999999999988177,move,improve
17018,4,1.2999999999988177,4,1.2999999999988177,2opt,notBad
17019,4,1.2999999999988177,4,1.2999999999988177,move,improve
17020,4,1.2999999999988177,4,1.2999999999988177,swap,notBad
17021,4,1.2999999999988177,4,1.2999999999988177,2opt,notBad
17022,4,1.2999999999988177,4,1.2999999999988177,move,improve
17023,4,1.2999999999988177,4,1.2999999999988177,swap,notBad
17024,4,1.2999999999988177,4,1.2999999999988177,swap,notBad
17025,4,1.2999999999988177,4,1.2999999999988177,move,improve
17026,4,1.2999999999988177,4,1.2999999999988177,swap,notBad
17027,4,1.2999999999988177,4,1.2999999999988177,2opt,notBad
17028,4,1.2999999999988177,4,1.2999999999988177,2opt,notBad
17029,4,1.2999999999988177,4,1.2999999999988177,2opt,notBad
17030,4,1.2999999999988177,4,1.2999999999988177,2opt,notBad
17031,4,1.2999999999988177,4,1.2999999999988177,swap,improve
17032,4,1.2999999999988177,4,1.2999999999988177,move,improve
17033,4,1.2999999999988177,4,1.2999999999988177,move,improve
17034,4,1.2999999999988177,4,1.2999999999988177,move,improve
17035,4,1.2999999999988177,4,1.2999999999988177,move,improve
17036,4,1.2999999999988177,4,1.2999999999988177,move,improve
17037,4,1.3999999999987267,4,1.2999999999988177,swap,acceptBad
17038,4,1.3999999999987267,4,1.2999999999988177,2opt,notBad
17039,4,1.3999999999987267,4,1.2999999999988177,move,improve
17040,4,1.3999999999987267,4,1.2999999999988177,swap,notBad
17041,4,1.3999999999987267,4,1.2999999999988177,2opt,notBad
17042,4,1.3999999999987267,4,1.2999999999988177,swap,notBad
17043,4,1.3999999999987267,4,1.2999999999988177,move,improve
17044,4,1.3999999999987267,4,1.2999999999988177,move,improve
17045,4,1.3999999999987267,4,1.2999999999988177,swap,notBad
17046,4,1.3999999999987267,4,1.2999999999988177,2opt,notBad
17047,4,1.3999999999987267,4,1.2999999999988177,move,improve
17048,4,3.799999999997908,4,1.2999999999988177,swap,acceptBad
17049,4,6.199999999998454,4,1.2999999999988177,swap,acceptBad
17050,4,6.199999999998454,4,1.2999999999988177,move,improve
17051,4,6.199999999998454,4,1.2999999999988177,move,improve
17052,4,6.199999999998454,4,1.2999999999988177,move,improve
17053,4,6.199999999998454,4,1.2999999999988177,2opt,notBad
17054,4,6.199999999998454,4,1.2999999999988177,2opt,notBad
17055,4,6.199999999998454,4,1.2999999999988177,move,improve
17056,4,6.199999999998454,4,1.2999999999988177,move,improve
17057,4,6.199999999998454,4,1.2999999999988177,2opt,notBad
17058,4,6.199999999998454,4,1.2999999999988177,2opt,notBad
17059,4,7.499999999998181,4,1.2999999999988177,swap,acceptBad
17060,4,7.499999999998181,4,1.2999999999988177,swap,improve
17061,4,7.499999999998181,4,1.2999999999988177,swap,notBad
17062,4,7.200000000000273,4,1.2999999999988177,swap,improve
17063,4,3.3000000000010914,4,1.2999999999988177,move,improve
17064,4,3.3000000000010914,4,1.2999999999988177,swap,improve
17065,4,3.3000000000010914,4,1.2999999999988177,2opt,notBad
17066,4,3.3000000000010914,4,1.2999999999988177,swap,improve
17067,4,3.3000000000010914,4,1.2999999999988177,move,improve
17068,4,3.3000000000010914,4,1.2999999999988177,swap,improve
17069,4,3.3000000000010914,4,1.2999999999988177,move,improve
17070,4,3.3000000000010914,4,1.2999999999988177,swap,improve
17071,4,3.3000000000010914,4,1.2999999999988177,move,improve
17072,4,3.3000000000010914,4,1.2999999999988177,2opt,notBad
17073,4,3.3000000000010914,4,1.2999999999988177,move,improve
17074,4,3.3000000000010914,4,1.2999999999988177,2opt,notBad
17075,4,3.3000000000010914,4,1.2999999999988177,swap,notBad
17076,4,3.3000000000010914,4,1.2999999999988177,move,improve
17077,4,3.3000000000010914,4,1.2999999999988177,2opt,notBad
17078,4,3.3000000000010914,4,1.2999999999988177,move,improve
17079,4,3.3000000000010914,4,1.2999999999988177,2opt,notBad
17080,4,3.3000000000010914,4,1.2999999999988177,2opt,notBad
17081,4,3.3000000000010914,4,1.2999999999988177,2opt,notBad
17082,4,3.3000000000010914,4,1.2999999999988177,swap,improve
17083,4,3.3000000000010914,4,1.2999999999988177,2opt,notBad
17084,4,3.3000000000010914,4,1.2999999999988177,swap,improve
17085,4,3.3000000000010914,4,1.2999999999988177,move,improve
17086,4,3.3000000000010914,4,1.2999999999988177,swap,improve
17087,4,3.3000000000010914,4,1.2999999999988177,swap,improve
17088,4,3.3000000000010914,4,1.2999999999988177,move,improve
17089,4,3.3000000000010914,4,1.2999999999988177,move,improve
17090,4,3.3000000000010914,4,1.2999999999988177,2opt,notBad
17091,4,3.3000000000010914,4,1.2999999999988177,move,improve
17092,4,3.3000000000010914,4,1.2999999999988177,move,improve
17093,4,3.3000000000010914,4,1.2999999999988177,move,improve
17094,4,3.3000000000010914,4,1.2999999999988177,swap,improve
17095,4,3.3000000000010914,4,1.2999999999988177,2opt,notBad
17096,4,3.3000000000010914,4,1.2999999999988177,2opt,notBad
17097,4,3.3000000000010914,4,1.2999999999988177,move,improve
17098,4,3.3000000000010914,4,1.2999999999988177,swap,notBad
17099,4,3.3000000000010914,4,1.2999999999988177,swap,notBad
17100,4,3.3000000000010914,4,1.2999999999988177,move,improve
17101,4,3.3000000000010914,4,1.2999999999988177,swap,improve
17102,4,3.3000000000010914,4,1.2999999999988177,move,improve
17103,4,3.3000000000010914,4,1.2999999999988177,swap,improve
17104,4,3.3000000000010914,4,1.2999999999988177,move,improve
17105,4,3.3000000000010914,4,1.2999999999988177,swap,improve
17106,4,3.3000000000010914,4,1.2999999999988177,2opt,notBad
17107,4,3.3000000000010914,4,1.2999999999988177,move,improve
17108,4,3.3000000000010914,4,1.2999999999988177,move,improve
17109,4,3.3000000000010914,4,1.2999999999988177,move,improve
17110,4,3.3000000000010914,4,1.2999999999988177,swap,notBad
17111,4,3.3000000000010914,4,1.2999999999988177,swap,improve
17112,4,3.3000000000010914,4,1.2999999999988177,2opt,notBad
17113,4,3.3000000000010914,4,1.2999999999988177,move,improve
17114,4,3.3000000000010914,4,1.2999999999988177,move,improve
17115,4,3.3000000000010914,4,1.2999999999988177,swap,improve
17116,4,3.3000000000010914,4,1.2999999999988177,swap,notBad
17117,4,3.3000000000010914,4,1.2999999999988177,move,improve
17118,4,3.3000000000010914,4,1.2999999999988177,2opt,notBad
17119,4,3.3000000000010914,4,1.2999999999988177,2opt,notBad
17120,4,3.3000000000010914,4,1.2999999999988177,move,improve
17121,4,3.3000000000010914,4,1.2999999999988177,2opt,notBad
17122,4,3.3000000000010914,4,1.2999999999988177,move,improve
17123,4,3.3000000000010914,4,1.2999999999988177,move,improve
17124,4,3.3000000000010914,4,1.2999999999988177,2opt,notBad
17125,4,3.3000000000010914,4,1.2999999999988177,swap,improve
17126,4,3.3000000000010914,4,1.2999999999988177,move,improve
17127,4,3.3000000000010914,4,1.2999999999988177,2opt,notBad
17128,4,3.3000000000010914,4,1.2999999999988177,2opt,improve
17129,4,3.3000000000010914,4,1.2999999999988177,move,improve
17130,4,3.3000000000010914,4,1.2999999999988177,swap,notBad
17131,4,3.3000000000010914,4,1.2999999999988177,move,improve
17132,4,3.3000000000010914,4,1.2999999999988177,move,improve
17133,4,3.3000000000010914,4,1.2999999999988177,swap,improve
17134,4,3.3000000000010914,4,1.2999999999988177,2opt,notBad
17135,4,3.3000000000010914,4,1.2999999999988177,2opt,notBad
17136,4,3.3000000000010914,4,1.2999999999988177,2opt,notBad
17137,4,3.3000000000010914,4,1.2999999999988177,move,improve
17138,4,3.3000000000010914,4,1.2999999999988177,move,improve
17139,4,3.3000000000010914,4,1.2999999999988177,swap,improve
17140,4,3.3000000000010914,4,1.2999999999988177,swap,notBad
17141,4,3.3000000000010914,4,1.2999999999988177,swap,improve
17142,4,3.3000000000010914,4,1.2999999999988177,2opt,notBad
17143,4,3.3000000000010914,4,1.2999999999988177,swap,improve
17144,4,3.3000000000010914,4,1.2999999999988177,move,improve
17145,4,3.3000000000010914,4,1.2999999999988177,2opt,notBad
17146,4,3.3000000000010914,4,1.2999999999988177,move,improve
17147,4,3.3000000000010914,4,1.2999999999988177,2opt,notBad
17148,4,3.3000000000010914,4,1.2999999999988177,2opt,notBad
17149,4,3.3000000000010914,4,1.2999999999988177,swap,notBad
17150,4,3.3000000000010914,4,1.2999999999988177,swap,improve
17151,4,3.3000000000010914,4,1.2999999999988177,swap,improve
17152,4,3.3000000000010914,4,1.2999999999988177,swap,notBad
17153,4,3.3000000000010914,4,1.2999999999988177,2opt,notBad
17154,4,3.3000000000010914,4,1.2999999999988177,move,improve
17155,4,3.3000000000010914,4,1.2999999999988177,swap,improve
17156,4,3.3000000000010914,4,1.2999999999988177,2opt,notBad
17157,4,3.3000000000010914,4,1.2999999999988177,2opt,notBad
17158,4,3.3000000000010914,4,1.2999999999988177,move,improve
17159,4,3.3000000000010914,4,1.2999999999988177,swap,improve
17160,4,3.3000000000010914,4,1.2999999999988177,2opt,notBad
17161,4,3.3000000000010914,4,1.2999999999988177,2opt,notBad
17162,4,3.3000000000010914,4,1.2999999999988177,swap,improve
17163,4,3.3000000000010914,4,1.2999999999988177,move,improve
17164,4,3.3000000000010914,4,1.2999999999988177,swap,improve
17165,4,3.3000000000010914,4,1.2999999999988177,2opt,notBad
17166,4,3.3000000000010914,4,1.2999999999988177,swap,improve
17167,4,3.3000000000010914,4,1.2999999999988177,2opt,notBad
17168,4,3.3000000000010914,4,1.2999999999988177,move,improve
17169,4,3.3000000000010914,4,1.2999999999988177,move,improve
17170,4,3.3000000000010914,4,1.2999999999988177,swap,notBad
17171,4,3.3000000000010914,4,1.2999999999988177,2opt,notBad
17172,4,3.3000000000010914,4,1.2999999999988177,2opt,notBad
17173,4,3.3000000000010914,4,1.2999999999988177,swap,notBad
17174,4,3.3000000000010914,4,1.2999999999988177,swap,improve
17175,4,3.3000000000010914,4,1.2999999999988177,2opt,notBad
17176,4,3.3000000000010914,4,1.2999999999988177,move,improve
17177,4,3.3000000000010914,4,1.2999999999988177,swap,notBad
17178,4,3.3000000000010914,4,1.2999999999988177,2opt,notBad
17179,4,3.3000000000010914,4,1.2999999999988177,2opt,improve
17180,4,3.3000000000010914,4,1.2999999999988177,move,improve
17181,4,3.3000000000010914,4,1.2999999999988177,move,improve
17182,4,3.3000000000010914,4,1.2999999999988177,2opt,notBad
17183,4,3.3000000000010914,4,1.2999999999988177,move,improve
17184,4,3.3000000000010914,4,1.2999999999988177,swap,improve
17185,4,3.3000000000010914,4,1.2999999999988177,swap,notBad
17186,4,3.3000000000010914,4,1.2999999999988177,swap,improve
17187,4,3.3000000000010914,4,1.2999999999988177,2opt,notBad
17188,4,3.3000000000010914,4,1.2999999999988177,swap,notBad
17189,4,3.3000000000010914,4,1.2999999999988177,2opt,notBad
17190,4,3.3000000000010914,4,1.2999999999988177,swap,improve
17191,4,3.3000000000010914,4,1.2999999999988177,2opt,notBad
17192,4,3.3000000000010914,4,1.2999999999988177,swap,notBad
17193,4,3.3000000000010914,4,1.2999999999988177,swap,notBad
17194,4,3.3000000000010914,4,1.2999999999988177,2opt,improve
17195,4,3.3000000000010914,4,1.2999999999988177,swap,notBad
17196,4,3.3000000000010914,4,1.2999999999988177,move,improve
17197,4,3.3000000000010914,4,1.2999999999988177,2opt,notBad
17198,4,3.3000000000010914,4,1.2999999999988177,move,improve
17199,4,3.3000000000010914,4,1.2999999999988177,swap,notBad
17200,4,3.3000000000010914,4,1.2999999999988177,2opt,notBad
17201,4,3.3000000000010914,4,1.2999999999988177,swap,notBad
17202,4,3.3000000000010914,4,1.2999999999988177,swap,notBad
17203,4,3.3000000000010914,4,1.2999999999988177,2opt,notBad
17204,4,3.3000000000010914,4,1.2999999999988177,2opt,notBad
17205,4,3.3000000000010914,4,1.2999999999988177,2opt,notBad
17206,4,3.3000000000010914,4,1.2999999999988177,move,improve
17207,4,3.3000000000010914,4,1.2999999999988177,swap,improve
17208,4,3.3000000000010914,4,1.2999999999988177,move,improve
17209,4,3.3000000000010914,4,1.2999999999988177,2opt,notBad
17210,4,3.3000000000010914,4,1.2999999999988177,swap,notBad
17211,4,3.3000000000010914,4,1.2999999999988177,2opt,notBad
17212,4,3.3000000000010914,4,1.2999999999988177,2opt,notBad
17213,4,3.3000000000010914,4,1.2999999999988177,swap,improve
17214,4,3.3000000000010914,4,1.2999999999988177,2opt,notBad
17215,4,3.3000000000010914,4,1.2999999999988177,swap,notBad
17216,4,3.3000000000010914,4,1.2999999999988177,2opt,notBad
17217,4,3.3000000000010914,4,1.2999999999988177,2opt,notBad
17218,4,3.3000000000010914,4,1.2999999999988177,swap,improve
17219,4,3.3000000000010914,4,1.2999999999988177,2opt,notBad
17220,4,3.3000000000010914,4,1.2999999999988177,2opt,notBad
17221,4,3.3000000000010914,4,1.2999999999988177,2opt,improve
17222,4,3.3000000000010914,4,1.2999999999988177,2opt,notBad
17223,4,3.3000000000010914,4,1.2999999999988177,swap,improve
17224,4,3.3000000000010914,4,1.2999999999988177,2opt,notBad
17225,4,3.3000000000010914,4,1.2999999999988177,swap,notBad
17226,4,3.3000000000010914,4,1.2999999999988177,swap,improve
17227,4,3.3000000000010914,4,1.2999999999988177,swap,notBad
17228,4,3.3000000000010914,4,1.2999999999988177,move,improve
17229,4,3.3000000000010914,4,1.2999999999988177,move,improve
17230,4,3.3000000000010914,4,1.2999999999988177,move,improve
17231,4,3.3000000000010914,4,1.2999999999988177,swap,improve
17232,4,3.3000000000010914,4,1.2999999999988177,2opt,notBad
17233,4,3.3000000000010914,4,1.2999999999988177,move,improve
17234,4,3.3000000000010914,4,1.2999999999988177,2opt,notBad
17235,4,3.3000000000010914,4,1.2999999999988177,move,improve
17236,4,3.3000000000010914,4,1.2999999999988177,swap,notBad
17237,4,3.3000000000010914,4,1.2999999999988177,2opt,notBad
17238,4,3.3000000000010914,4,1.2999999999988177,2opt,notBad
17239,4,3.3000000000010914,4,1.2999999999988177,2opt,improve
17240,4,3.3000000000010914,4,1.2999999999988177,2opt,notBad
17241,4,3.3000000000010914,4,1.2999999999988177,move,improve
17242,4,3.3000000000010914,4,1.2999999999988177,move,improve
17243,4,3.3000000000010914,4,1.2999999999988177,2opt,notBad
17244,4,3.3000000000010914,4,1.2999999999988177,2opt,notBad
17245,4,3.3000000000010914,4,1.2999999999988177,2opt,notBad
17246,4,3.3000000000010914,4,1.2999999999988177,move,improve
17247,4,3.3000000000010914,4,1.2999999999988177,swap,improve
17248,4,3.3000000000010914,4,1.2999999999988177,move,notBad
17249,4,3.3000000000010914,4,1.2999999999988177,2opt,notBad
17250,4,3.3000000000010914,4,1.2999999999988177,swap,improve
17251,4,3.3000000000010914,4,1.2999999999988177,2opt,notBad
17252,4,3.3000000000010914,4,1.2999999999988177,move,improve
17253,4,3.3000000000010914,4,1.2999999999988177,2opt,notBad
17254,4,3.3000000000010914,4,1.2999999999988177,swap,notBad
17255,4,3.3000000000010914,4,1.2999999999988177,move,improve
17256,4,3.3000000000010914,4,1.2999999999988177,2opt,notBad
17257,4,3.3000000000010914,4,1.2999999999988177,2opt,notBad
17258,4,3.3000000000010914,4,1.2999999999988177,move,improve
17259,4,3.3000000000010914,4,1.2999999999988177,move,improve
17260,4,3.3000000000010914,4,1.2999999999988177,move,improve
17261,4,3.3000000000010914,4,1.2999999999988177,2opt,notBad
17262,4,3.3000000000010914,4,1.2999999999988177,swap,notBad
17263,4,3.3000000000010914,4,1.2999999999988177,move,improve
17264,4,3.3000000000010914,4,1.2999999999988177,2opt,notBad
17265,4,3.3000000000010914,4,1.2999999999988177,swap,improve
17266,4,3.3000000000010914,4,1.2999999999988177,move,improve
17267,4,3.3000000000010914,4,1.2999999999988177,2opt,improve
17268,4,3.3000000000010914,4,1.2999999999988177,swap,notBad
17269,4,3.3000000000010914,4,1.2999999999988177,move,improve
17270,4,3.3000000000010914,4,1.2999999999988177,swap,improve
17271,4,3.3000000000010914,4,1.2999999999988177,swap,notBad
17272,4,3.3000000000010914,4,1.2999999999988177,2opt,notBad
17273,4,3.3000000000010914,4,1.2999999999988177,2opt,notBad
17274,4,3.3000000000010914,4,1.2999999999988177,swap,improve
17275,4,3.3000000000010914,4,1.2999999999988177,2opt,notBad
17276,4,3.3000000000010914,4,1.2999999999988177,2opt,notBad
17277,4,3.3000000000010914,4,1.2999999999988177,swap,improve
17278,4,3.3000000000010914,4,1.2999999999988177,swap,notBad
17279,4,3.3000000000010914,4,1.2999999999988177,2opt,notBad
17280,4,3.3000000000010914,4,1.2999999999988177,move,improve
17281,4,3.3000000000010914,4,1.2999999999988177,swap,improve
17282,4,3.3000000000010914,4,1.2999999999988177,2opt,notBad
17283,4,3.3000000000010914,4,1.2999999999988177,move,improve
17284,4,3.3000000000010914,4,1.2999999999988177,swap,notBad
17285,4,3.3000000000010914,4,1.2999999999988177,move,improve
17286,4,3.3000000000010914,4,1.2999999999988177,2opt,notBad
17287,4,3.3000000000010914,4,1.2999999999988177,swap,notBad
17288,4,3.3000000000010914,4,1.2999999999988177,2opt,notBad
17289,4,3.3000000000010914,4,1.2999999999988177,move,improve
17290,4,3.3000000000010914,4,1.2999999999988177,move,improve
17291,4,3.3000000000010914,4,1.2999999999988177,swap,notBad
17292,4,3.3000000000010914,4,1.2999999999988177,move,improve
17293,4,3.3000000000010914,4,1.2999999999988177,2opt,notBad
17294,4,3.3000000000010914,4,1.2999999999988177,move,improve
17295,4,3.3000000000010914,4,1.2999999999988177,move,improve
17296,4,3.3000000000010914,4,1.2999999999988177,2opt,notBad
17297,4,3.3000000000010914,4,1.2999999999988177,move,improve
17298,4,3.3000000000010914,4,1.2999999999988177,2opt,notBad
17299,4,3.3000000000010914,4,1.2999999999988177,2opt,notBad
17300,4,3.3000000000010914,4,1.2999999999988177,2opt,improve
17301,4,3.3000000000010914,4,1.2999999999988177,move,improve
17302,4,3.3000000000010914,4,1.2999999999988177,move,improve
17303,4,3.3000000000010914,4,1.2999999999988177,2opt,notBad
17304,4,3.3000000000010914,4,1.2999999999988177,move,improve
17305,4,3.3000000000010914,4,1.2999999999988177,swap,notBad
17306,4,3.3000000000010914,4,1.2999999999988177,move,improve
17307,4,3.3000000000010914,4,1.2999999999988177,2opt,notBad
17308,4,3.3000000000010914,4,1.2999999999988177,2opt,improve
17309,4,3.3000000000010914,4,1.2999999999988177,2opt,improve
17310,4,3.3000000000010914,4,1.2999999999988177,move,improve
17311,4,3.3000000000010914,4,1.2999999999988177,move,improve
17312,4,3.3000000000010914,4,1.2999999999988177,move,improve
17313,4,3.3000000000010914,4,1.2999999999988177,2opt,improve
17314,4,3.3000000000010914,4,1.2999999999988177,swap,notBad
17315,4,3.3000000000010914,4,1.2999999999988177,move,improve
17316,4,3.3000000000010914,4,1.2999999999988177,move,improve
17317,4,3.3000000000010914,4,1.2999999999988177,swap,improve
17318,4,3.3000000000010914,4,1.2999999999988177,swap,notBad
17319,4,3.3000000000010914,4,1.2999999999988177,2opt,notBad
17320,4,3.3000000000010914,4,1.2999999999988177,swap,notBad
17321,4,3.3000000000010914,4,1.2999999999988177,move,improve
17322,4,3.3000000000010914,4,1.2999999999988177,move,improve
17323,4,3.3000000000010914,4,1.2999999999988177,swap,notBad
17324,4,3.3000000000010914,4,1.2999999999988177,swap,improve
17325,4,3.3000000000010914,4,1.2999999999988177,move,improve
17326,4,3.3000000000010914,4,1.2999999999988177,move,improve
17327,4,3.3000000000010914,4,1.2999999999988177,swap,notBad
17328,4,3.3000000000010914,4,1.2999999999988177,swap,notBad
17329,4,3.3000000000010914,4,1.2999999999988177,move,improve
17330,4,3.3000000000010914,4,1.2999999999988177,2opt,notBad
17331,4,3.3000000000010914,4,1.2999999999988177,move,improve
17332,4,3.3000000000010914,4,1.2999999999988177,swap,improve
17333,4,3.3000000000010914,4,1.2999999999988177,move,improve
17334,4,3.3000000000010914,4,1.2999999999988177,2opt,notBad
17335,4,3.3000000000010914,4,1.2999999999988177,swap,improve
17336,4,3.3000000000010914,4,1.2999999999988177,move,improve
17337,4,3.3000000000010914,4,1.2999999999988177,2opt,notBad
17338,4,3.3000000000010914,4,1.2999999999988177,move,improve
17339,4,3.3000000000010914,4,1.2999999999988177,move,improve
17340,4,3.3000000000010914,4,1.2999999999988177,2opt,improve
17341,4,3.3000000000010914,4,1.2999999999988177,move,improve
17342,4,3.3000000000010914,4,1.2999999999988177,swap,notBad
17343,4,3.3000000000010914,4,1.2999999999988177,swap,improve
17344,4,3.3000000000010914,4,1.2999999999988177,swap,improve
17345,4,3.3000000000010914,4,1.2999999999988177,move,improve
17346,4,3.3000000000010914,4,1.2999999999988177,move,improve
17347,4,3.3000000000010914,4,1.2999999999988177,swap,improve
17348,4,3.3000000000010914,4,1.2999999999988177,2opt,notBad
17349,4,3.3000000000010914,4,1.2999999999988177,2opt,improve
17350,4,3.3000000000010914,4,1.2999999999988177,2opt,notBad
17351,4,3.3000000000010914,4,1.2999999999988177,move,improve
17352,4,3.3000000000010914,4,1.2999999999988177,2opt,notBad
17353,4,3.3000000000010914,4,1.2999999999988177,swap,notBad
17354,4,3.3000000000010914,4,1.2999999999988177,2opt,notBad
17355,4,3.3000000000010914,4,1.2999999999988177,2opt,notBad
17356,4,3.3000000000010914,4,1.2999999999988177,2opt,notBad
17357,4,3.3000000000010914,4,1.2999999999988177,move,improve
17358,4,3.3000000000010914,4,1.2999999999988177,move,improve
17359,4,3.3000000000010914,4,1.2999999999988177,2opt,improve
17360,4,3.3000000000010914,4,1.2999999999988177,move,improve
17361,4,3.3000000000010914,4,1.2999999999988177,move,improve
17362,4,3.3000000000010914,4,1.2999999999988177,swap,improve
17363,4,3.3000000000010914,4,1.2999999999988177,2opt,notBad
17364,4,3.3000000000010914,4,1.2999999999988177,move,improve
17365,4,3.3000000000010914,4,1.2999999999988177,move,improve
17366,4,3.3000000000010914,4,1.2999999999988177,2opt,notBad
17367,4,3.3000000000010914,4,1.2999999999988177,move,improve
17368,4,3.3000000000010914,4,1.2999999999988177,2opt,notBad
17369,4,3.3000000000010914,4,1.2999999999988177,move,improve
17370,4,3.3000000000010914,4,1.2999999999988177,move,improve
17371,4,3.3000000000010914,4,1.2999999999988177,swap,notBad
17372,4,3.3000000000010914,4,1.2999999999988177,2opt,notBad
17373,4,3.3000000000010914,4,1.2999999999988177,move,improve
17374,4,3.3000000000010914,4,1.2999999999988177,2opt,notBad
17375,4,3.3000000000010914,4,1.2999999999988177,2opt,notBad
17376,4,3.3000000000010914,4,1.2999999999988177,2opt,notBad
17377,4,3.3000000000010914,4,1.2999999999988177,2opt,notBad
17378,4,3.3000000000010914,4,1.2999999999988177,2opt,notBad
17379,4,3.3000000000010914,4,1.2999999999988177,2opt,notBad
17380,4,3.3000000000010914,4,1.2999999999988177,swap,notBad
17381,4,3.3000000000010914,4,1.2999999999988177,move,improve
17382,4,3.3000000000010914,4,1.2999999999988177,swap,improve
17383,4,3.3000000000010914,4,1.2999999999988177,move,improve
17384,4,3.3000000000010914,4,1.2999999999988177,swap,notBad
17385,4,3.3000000000010914,4,1.2999999999988177,2opt,notBad
17386,4,3.3000000000010914,4,1.2999999999988177,swap,improve
17387,4,3.3000000000010914,4,1.2999999999988177,2opt,notBad
17388,4,3.3000000000010914,4,1.2999999999988177,swap,notBad
17389,4,3.3000000000010914,4,1.2999999999988177,swap,improve
17390,4,3.3000000000010914,4,1.2999999999988177,2opt,notBad
17391,4,3.3000000000010914,4,1.2999999999988177,2opt,notBad
17392,4,3.3000000000010914,4,1.2999999999988177,move,improve
17393,4,3.3000000000010914,4,1.2999999999988177,2opt,notBad
17394,4,3.3000000000010914,4,1.2999999999988177,swap,improve
17395,4,3.3000000000010914,4,1.2999999999988177,move,improve
17396,4,3.3000000000010914,4,1.2999999999988177,swap,notBad
17397,4,3.3000000000010914,4,1.2999999999988177,swap,improve
17398,4,3.3000000000010914,4,1.2999999999988177,2opt,notBad
17399,4,3.3000000000010914,4,1.2999999999988177,move,improve
17400,4,3.3000000000010914,4,1.2999999999988177,swap,notBad
17401,4,3.3000000000010914,4,1.2999999999988177,swap,improve
17402,4,3.3000000000010914,4,1.2999999999988177,swap,improve
17403,4,3.3000000000010914,4,1.2999999999988177,swap,notBad
17404,4,3.3000000000010914,4,1.2999999999988177,move,improve
17405,4,3.3000000000010914,4,1.2999999999988177,swap,notBad
17406,4,3.3000000000010914,4,1.2999999999988177,move,improve
17407,4,3.3000000000010914,4,1.2999999999988177,2opt,notBad
17408,4,3.3000000000010914,4,1.2999999999988177,move,improve
17409,4,3.3000000000010914,4,1.2999999999988177,swap,notBad
17410,4,3.3000000000010914,4,1.2999999999988177,move,improve
17411,4,3.3000000000010914,4,1.2999999999988177,swap,notBad
17412,4,3.3000000000010914,4,1.2999999999988177,move,improve
17413,4,3.3000000000010914,4,1.2999999999988177,move,improve
17414,4,3.3000000000010914,4,1.2999999999988177,2opt,notBad
17415,4,3.3000000000010914,4,1.2999999999988177,2opt,notBad
17416,4,3.3000000000010914,4,1.2999999999988177,2opt,notBad
17417,4,3.3000000000010914,4,1.2999999999988177,move,improve
17418,4,3.3000000000010914,4,1.2999999999988177,move,improve
17419,4,3.3000000000010914,4,1.2999999999988177,swap,notBad
17420,4,3.3000000000010914,4,1.2999999999988177,swap,notBad
17421,4,3.3000000000010914,4,1.2999999999988177,move,improve
17422,4,3.3000000000010914,4,1.2999999999988177,2opt,improve
17423,4,3.3000000000010914,4,1.2999999999988177,2opt,notBad
17424,4,3.3000000000010914,4,1.2999999999988177,move,improve
17425,4,3.3000000000010914,4,1.2999999999988177,swap,improve
17426,4,3.3000000000010914,4,1.2999999999988177,2opt,notBad
17427,4,3.3000000000010914,4,1.2999999999988177,swap,improve
17428,4,3.3000000000010914,4,1.2999999999988177,swap,improve
17429,4,3.3000000000010914,4,1.2999999999988177,2opt,notBad
17430,4,3.3000000000010914,4,1.2999999999988177,2opt,notBad
17431,4,3.3000000000010914,4,1.2999999999988177,2opt,notBad
17432,4,3.3000000000010914,4,1.2999999999988177,2opt,notBad
17433,4,3.3000000000010914,4,1.2999999999988177,swap,notBad
17434,4,3.3000000000010914,4,1.2999999999988177,2opt,notBad
17435,4,3.3000000000010914,4,1.2999999999988177,swap,notBad
17436,4,3.3000000000010914,4,1.2999999999988177,2opt,notBad
17437,4,3.3000000000010914,4,1.2999999999988177,move,improve
17438,4,3.3000000000010914,4,1.2999999999988177,2opt,notBad
17439,4,3.3000000000010914,4,1.2999999999988177,move,improve
17440,4,3.3000000000010914,4,1.2999999999988177,move,improve
17441,4,3.3000000000010914,4,1.2999999999988177,2opt,notBad
17442,4,3.3000000000010914,4,1.2999999999988177,move,improve
17443,4,3.3000000000010914,4,1.2999999999988177,2opt,notBad
17444,4,3.3000000000010914,4,1.2999999999988177,swap,improve
17445,4,3.3000000000010914,4,1.2999999999988177,swap,improve
17446,4,3.3000000000010914,4,1.2999999999988177,move,improve
17447,4,3.3000000000010914,4,1.2999999999988177,2opt,notBad
17448,4,3.3000000000010914,4,1.2999999999988177,move,improve
17449,4,3.3000000000010914,4,1.2999999999988177,2opt,improve
17450,4,3.3000000000010914,4,1.2999999999988177,move,improve
17451,4,3.3000000000010914,4,1.2999999999988177,move,improve
17452,4,3.3000000000010914,4,1.2999999999988177,move,improve
17453,4,3.3000000000010914,4,1.2999999999988177,swap,improve
17454,4,3.3000000000010914,4,1.2999999999988177,2opt,notBad
17455,4,3.3000000000010914,4,1.2999999999988177,swap,notBad
17456,4,3.3000000000010914,4,1.2999999999988177,2opt,notBad
17457,4,3.3000000000010914,4,1.2999999999988177,move,improve
17458,4,3.3000000000010914,4,1.2999999999988177,2opt,notBad
17459,4,3.3000000000010914,4,1.2999999999988177,2opt,notBad
17460,4,3.3000000000010914,4,1.2999999999988177,swap,notBad
17461,4,3.3000000000010914,4,1.2999999999988177,move,improve
17462,4,3.3000000000010914,4,1.2999999999988177,swap,improve
17463,4,3.3000000000010914,4,1.2999999999988177,2opt,notBad
17464,4,3.3000000000010914,4,1.2999999999988177,swap,notBad
17465,4,3.3000000000010914,4,1.2999999999988177,swap,notBad
17466,4,3.3000000000010914,4,1.2999999999988177,swap,notBad
17467,4,3.3000000000010914,4,1.2999999999988177,move,improve
17468,4,3.3000000000010914,4,1.2999999999988177,swap,notBad
17469,4,3.3000000000010914,4,1.2999999999988177,2opt,notBad
17470,4,3.3000000000010914,4,1.2999999999988177,move,improve
17471,4,3.3000000000010914,4,1.2999999999988177,swap,notBad
17472,4,3.3000000000010914,4,1.2999999999988177,2opt,notBad
17473,4,3.3000000000010914,4,1.2999999999988177,swap,notBad
17474,4,3.3000000000010914,4,1.2999999999988177,2opt,notBad
17475,4,3.3000000000010914,4,1.2999999999988177,swap,improve
17476,4,3.3000000000010914,4,1.2999999999988177,2opt,notBad
17477,4,3.3000000000010914,4,1.2999999999988177,2opt,notBad
17478,4,3.3000000000010914,4,1.2999999999988177,2opt,notBad
17479,4,3.3000000000010914,4,1.2999999999988177,swap,notBad
17480,4,3.3000000000010914,4,1.2999999999988177,swap,notBad
17481,4,3.3000000000010914,4,1.2999999999988177,move,improve
17482,4,3.3000000000010914,4,1.2999999999988177,2opt,notBad
17483,4,3.3000000000010914,4,1.2999999999988177,2opt,notBad
17484,4,3.3000000000010914,4,1.2999999999988177,2opt,notBad
17485,4,3.3000000000010914,4,1.2999999999988177,swap,improve
17486,4,3.3000000000010914,4,1.2999999999988177,move,improve
17487,4,3.3000000000010914,4,1.2999999999988177,2opt,improve
17488,4,3.3000000000010914,4,1.2999999999988177,2opt,improve
17489,4,3.3000000000010914,4,1.2999999999988177,swap,notBad
17490,4,3.3000000000010914,4,1.2999999999988177,2opt,notBad
17491,4,3.3000000000010914,4,1.2999999999988177,move,improve
17492,4,3.3000000000010914,4,1.2999999999988177,swap,notBad
17493,4,4.799999999999727,4,1.2999999999988177,swap,acceptBad
17494,4,4.799999999999727,4,1.2999999999988177,2opt,notBad
17495,4,4.799999999999727,4,1.2999999999988177,swap,improve
17496,4,4.799999999999727,4,1.2999999999988177,2opt,notBad
17497,4,4.799999999999727,4,1.2999999999988177,swap,improve
17498,4,4.799999999999727,4,1.2999999999988177,swap,improve
17499,4,4.799999999999727,4,1.2999999999988177,move,improve
17500,4,4.799999999999727,4,1.2999999999988177,2opt,notBad
17501,4,4.799999999999727,4,1.2999999999988177,swap,improve
17502,4,4.799999999999727,4,1.2999999999988177,2opt,notBad
17503,4,4.799999999999727,4,1.2999999999988177,swap,improve
17504,4,4.799999999999727,4,1.2999999999988177,swap,notBad
17505,4,4.799999999999727,4,1.2999999999988177,2opt,notBad
17506,4,4.799999999999727,4,1.2999999999988177,2opt,notBad
17507,4,4.799999999999727,4,1.2999999999988177,2opt,notBad
17508,4,4.799999999999727,4,1.2999999999988177,swap,notBad
17509,4,4.799999999999727,4,1.2999999999988177,2opt,notBad
17510,4,4.799999999999727,4,1.2999999999988177,2opt,notBad
17511,4,4.799999999999727,4,1.2999999999988177,2opt,notBad
17512,4,4.799999999999727,4,1.2999999999988177,2opt,notBad
17513,4,4.799999999999727,4,1.2999999999988177,2opt,notBad
17514,4,4.799999999999727,4,1.2999999999988177,2opt,notBad
17515,4,4.799999999999727,4,1.2999999999988177,2opt,improve
17516,4,4.799999999999727,4,1.2999999999988177,move,improve
17517,4,4.799999999999727,4,1.2999999999988177,swap,improve
17518,4,4.799999999999727,4,1.2999999999988177,swap,notBad
17519,4,4.799999999999727,4,1.2999999999988177,2opt,notBad
17520,4,4.799999999999727,4,1.2999999999988177,2opt,notBad
17521,4,4.799999999999727,4,1.2999999999988177,move,improve
17522,4,4.799999999999727,4,1.2999999999988177,2opt,notBad
17523,4,4.799999999999727,4,1.2999999999988177,swap,improve
17524,4,4.799999999999727,4,1.2999999999988177,move,improve
17525,4,4.799999999999727,4,1.2999999999988177,move,improve
17526,4,4.799999999999727,4,1.2999999999988177,swap,improve
17527,4,4.799999999999727,4,1.2999999999988177,swap,notBad
17528,4,4.799999999999727,4,1.2999999999988177,move,improve
17529,4,4.799999999999727,4,1.2999999999988177,swap,notBad
17530,4,4.799999999999727,4,1.2999999999988177,swap,notBad
17531,4,4.799999999999727,4,1.2999999999988177,move,improve
17532,4,4.799999999999727,4,1.2999999999988177,move,improve
17533,4,4.799999999999727,4,1.2999999999988177,2opt,notBad
17534,4,4.799999999999727,4,1.2999999999988177,swap,notBad
17535,4,4.799999999999727,4,1.2999999999988177,move,improve
17536,4,4.799999999999727,4,1.2999999999988177,move,improve
17537,4,4.799999999999727,4,1.2999999999988177,swap,notBad
17538,4,4.799999999999727,4,1.2999999999988177,swap,improve
17539,4,4.799999999999727,4,1.2999999999988177,swap,improve
17540,4,4.799999999999727,4,1.2999999999988177,move,improve
17541,4,4.799999999999727,4,1.2999999999988177,swap,notBad
17542,4,4.799999999999727,4,1.2999999999988177,swap,improve
17543,4,4.799999999999727,4,1.2999999999988177,2opt,notBad
17544,4,4.799999999999727,4,1.2999999999988177,2opt,notBad
17545,4,4.799999999999727,4,1.2999999999988177,2opt,notBad
17546,4,4.799999999999727,4,1.2999999999988177,swap,improve
17547,4,4.799999999999727,4,1.2999999999988177,move,improve
17548,4,4.799999999999727,4,1.2999999999988177,move,improve
17549,4,4.799999999999727,4,1.2999999999988177,swap,improve
17550,4,4.799999999999727,4,1.2999999999988177,swap,notBad
17551,4,4.799999999999727,4,1.2999999999988177,2opt,notBad
17552,4,4.799999999999727,4,1.2999999999988177,move,improve
17553,4,4.799999999999727,4,1.2999999999988177,swap,notBad
17554,4,4.799999999999727,4,1.2999999999988177,move,improve
17555,4,4.799999999999727,4,1.2999999999988177,2opt,notBad
17556,4,4.799999999999727,4,1.2999999999988177,swap,notBad
17557,4,4.799999999999727,4,1.2999999999988177,move,improve
17558,4,4.799999999999727,4,1.2999999999988177,2opt,notBad
17559,4,4.799999999999727,4,1.2999999999988177,move,improve
17560,4,4.799999999999727,4,1.2999999999988177,swap,notBad
17561,4,4.799999999999727,4,1.2999999999988177,move,improve
17562,4,4.799999999999727,4,1.2999999999988177,2opt,notBad
17563,4,4.799999999999727,4,1.2999999999988177,2opt,notBad
17564,4,4.799999999999727,4,1.2999999999988177,move,improve
17565,4,4.799999999999727,4,1.2999999999988177,swap,improve
17566,4,4.799999999999727,4,1.2999999999988177,2opt,notBad
17567,4,4.799999999999727,4,1.2999999999988177,2opt,notBad
17568,4,4.799999999999727,4,1.2999999999988177,swap,notBad
17569,4,4.799999999999727,4,1.2999999999988177,2opt,notBad
17570,4,4.799999999999727,4,1.2999999999988177,swap,notBad
17571,4,4.799999999999727,4,1.2999999999988177,swap,improve
17572,4,4.799999999999727,4,1.2999999999988177,swap,improve
17573,4,4.799999999999727,4,1.2999999999988177,swap,improve
17574,4,4.799999999999727,4,1.2999999999988177,move,improve
17575,4,4.799999999999727,4,1.2999999999988177,2opt,notBad
17576,4,4.799999999999727,4,1.2999999999988177,move,improve
17577,4,4.799999999999727,4,1.2999999999988177,move,improve
17578,4,4.799999999999727,4,1.2999999999988177,move,improve
17579,4,4.799999999999727,4,1.2999999999988177,2opt,notBad
17580,4,4.799999999999727,4,1.2999999999988177,2opt,notBad
17581,4,4.799999999999727,4,1.2999999999988177,2opt,notBad
17582,4,4.799999999999727,4,1.2999999999988177,move,improve
17583,4,4.799999999999727,4,1.2999999999988177,2opt,notBad
17584,4,4.799999999999727,4,1.2999999999988177,swap,notBad
17585,4,4.799999999999727,4,1.2999999999988177,move,improve
17586,4,4.799999999999727,4,1.2999999999988177,move,improve
17587,4,4.799999999999727,4,1.2999999999988177,swap,improve
17588,4,4.799999999999727,4,1.2999999999988177,move,improve
17589,4,4.799999999999727,4,1.2999999999988177,2opt,improve
17590,4,4.799999999999727,4,1.2999999999988177,2opt,improve
17591,4,4.799999999999727,4,1.2999999999988177,swap,improve
17592,4,4.799999999999727,4,1.2999999999988177,2opt,notBad
17593,4,4.799999999999727,4,1.2999999999988177,move,improve
17594,4,4.799999999999727,4,1.2999999999988177,2opt,improve
17595,4,4.799999999999727,4,1.2999999999988177,move,improve
17596,4,4.799999999999727,4,1.2999999999988177,swap,improve
17597,4,4.799999999999727,4,1.2999999999988177,2opt,improve
17598,4,4.799999999999727,4,1.2999999999988177,move,improve
17599,4,4.799999999999727,4,1.2999999999988177,swap,notBad
17600,4,4.799999999999727,4,1.2999999999988177,move,improve
17601,4,4.799999999999727,4,1.2999999999988177,2opt,notBad
17602,4,4.799999999999727,4,1.2999999999988177,2opt,notBad
17603,4,4.799999999999727,4,1.2999999999988177,move,improve
17604,4,4.799999999999727,4,1.2999999999988177,move,improve
17605,4,4.799999999999727,4,1.2999999999988177,swap,improve
17606,4,4.799999999999727,4,1.2999999999988177,swap,improve
17607,4,4.799999999999727,4,1.2999999999988177,2opt,notBad
17608,4,4.799999999999727,4,1.2999999999988177,swap,improve
17609,4,4.799999999999727,4,1.2999999999988177,swap,improve
17610,4,4.799999999999727,4,1.2999999999988177,move,improve
17611,4,4.799999999999727,4,1.2999999999988177,2opt,improve
17612,4,4.799999999999727,4,1.2999999999988177,2opt,notBad
17613,4,4.799999999999727,4,1.2999999999988177,2opt,notBad
17614,4,4.799999999999727,4,1.2999999999988177,move,improve
17615,4,4.799999999999727,4,1.2999999999988177,move,improve
17616,4,4.799999999999727,4,1.2999999999988177,move,improve
17617,4,4.799999999999727,4,1.2999999999988177,swap,improve
17618,4,4.799999999999727,4,1.2999999999988177,move,improve
17619,4,4.799999999999727,4,1.2999999999988177,swap,improve
17620,4,4.799999999999727,4,1.2999999999988177,swap,notBad
17621,4,4.799999999999727,4,1.2999999999988177,2opt,notBad
17622,4,4.799999999999727,4,1.2999999999988177,swap,notBad
17623,4,4.799999999999727,4,1.2999999999988177,move,improve
17624,4,4.799999999999727,4,1.2999999999988177,move,improve
17625,4,4.799999999999727,4,1.2999999999988177,2opt,notBad
17626,4,4.799999999999727,4,1.2999999999988177,2opt,improve
17627,4,4.799999999999727,4,1.2999999999988177,move,improve
17628,4,4.799999999999727,4,1.2999999999988177,2opt,notBad
17629,4,4.799999999999727,4,1.2999999999988177,2opt,notBad
17630,4,4.799999999999727,4,1.2999999999988177,swap,notBad
17631,4,4.799999999999727,4,1.2999999999988177,swap,improve
17632,4,4.799999999999727,4,1.2999999999988177,swap,notBad
17633,4,4.799999999999727,4,1.2999999999988177,move,improve
17634,4,4.799999999999727,4,1.2999999999988177,swap,improve
17635,4,3.3000000000010914,4,1.2999999999988177,swap,improve
17636,4,3.3000000000010914,4,1.2999999999988177,2opt,notBad
17637,4,3.3000000000010914,4,1.2999999999988177,swap,notBad
17638,4,3.3000000000010914,4,1.2999999999988177,2opt,notBad
17639,4,4.799999999999727,4,1.2999999999988177,swap,acceptBad
17640,4,4.799999999999727,4,1.2999999999988177,2opt,notBad
17641,4,4.799999999999727,4,1.2999999999988177,move,improve
17642,4,4.799999999999727,4,1.2999999999988177,move,improve
17643,4,4.799999999999727,4,1.2999999999988177,move,improve
17644,4,4.799999999999727,4,1.2999999999988177,2opt,notBad
17645,4,4.799999999999727,4,1.2999999999988177,2opt,notBad
17646,4,4.799999999999727,4,1.2999999999988177,2opt,notBad
17647,4,4.799999999999727,4,1.2999999999988177,swap,notBad
17648,4,4.799999999999727,4,1.2999999999988177,2opt,notBad
17649,4,4.799999999999727,4,1.2999999999988177,move,improve
17650,4,4.799999999999727,4,1.2999999999988177,swap,improve
17651,4,4.799999999999727,4,1.2999999999988177,swap,notBad
17652,4,4.799999999999727,4,1.2999999999988177,swap,notBad
17653,4,4.799999999999727,4,1.2999999999988177,swap,notBad
17654,4,4.799999999999727,4,1.2999999999988177,swap,improve
17655,4,4.799999999999727,4,1.2999999999988177,2opt,notBad
17656,4,4.799999999999727,4,1.2999999999988177,swap,notBad
17657,4,4.799999999999727,4,1.2999999999988177,2opt,notBad
17658,4,4.799999999999727,4,1.2999999999988177,move,improve
17659,4,4.799999999999727,4,1.2999999999988177,swap,notBad
17660,4,4.799999999999727,4,1.2999999999988177,2opt,notBad
17661,4,4.799999999999727,4,1.2999999999988177,swap,improve
17662,4,4.799999999999727,4,1.2999999999988177,2opt,notBad
17663,4,4.799999999999727,4,1.2999999999988177,2opt,notBad
17664,4,4.799999999999727,4,1.2999999999988177,2opt,notBad
17665,4,4.799999999999727,4,1.2999999999988177,swap,notBad
17666,4,4.799999999999727,4,1.2999999999988177,move,improve
17667,4,4.799999999999727,4,1.2999999999988177,2opt,notBad
17668,4,4.799999999999727,4,1.2999999999988177,swap,notBad
17669,4,4.799999999999727,4,1.2999999999988177,swap,notBad
17670,4,4.799999999999727,4,1.2999999999988177,2opt,improve
17671,4,4.799999999999727,4,1.2999999999988177,2opt,notBad
17672,4,4.799999999999727,4,1.2999999999988177,move,improve
17673,4,4.799999999999727,4,1.2999999999988177,move,improve
17674,4,4.799999999999727,4,1.2999999999988177,2opt,notBad
17675,4,4.799999999999727,4,1.2999999999988177,move,improve
17676,4,4.799999999999727,4,1.2999999999988177,swap,notBad
17677,4,4.799999999999727,4,1.2999999999988177,move,improve
17678,4,4.799999999999727,4,1.2999999999988177,move,improve
17679,4,4.799999999999727,4,1.2999999999988177,2opt,notBad
17680,4,4.799999999999727,4,1.2999999999988177,2opt,notBad
17681,4,4.799999999999727,4,1.2999999999988177,swap,improve
17682,4,4.799999999999727,4,1.2999999999988177,move,improve
17683,4,4.799999999999727,4,1.2999999999988177,swap,notBad
17684,4,4.799999999999727,4,1.2999999999988177,2opt,improve
17685,4,4.799999999999727,4,1.2999999999988177,move,improve
17686,4,4.799999999999727,4,1.2999999999988177,2opt,notBad
17687,4,4.799999999999727,4,1.2999999999988177,2opt,notBad
17688,4,4.799999999999727,4,1.2999999999988177,move,improve
17689,4,4.799999999999727,4,1.2999999999988177,swap,improve
17690,4,4.799999999999727,4,1.2999999999988177,move,improve
17691,4,4.799999999999727,4,1.2999999999988177,move,improve
17692,4,4.799999999999727,4,1.2999999999988177,2opt,notBad
17693,4,4.799999999999727,4,1.2999999999988177,swap,notBad
17694,4,4.799999999999727,4,1.2999999999988177,move,notBad
17695,4,4.799999999999727,4,1.2999999999988177,2opt,notBad
17696,4,4.799999999999727,4,1.2999999999988177,move,improve
17697,4,4.799999999999727,4,1.2999999999988177,move,improve
17698,4,4.799999999999727,4,1.2999999999988177,2opt,notBad
17699,4,4.799999999999727,4,1.2999999999988177,swap,notBad
17700,4,4.799999999999727,4,1.2999999999988177,2opt,notBad
17701,4,4.799999999999727,4,1.2999999999988177,move,improve
17702,4,4.799999999999727,4,1.2999999999988177,swap,notBad
17703,4,4.799999999999727,4,1.2999999999988177,move,improve
17704,4,4.799999999999727,4,1.2999999999988177,swap,notBad
17705,4,4.799999999999727,4,1.2999999999988177,swap,notBad
17706,4,4.799999999999727,4,1.2999999999988177,swap,notBad
17707,4,4.799999999999727,4,1.2999999999988177,swap,notBad
17708,4,4.799999999999727,4,1.2999999999988177,2opt,notBad
17709,4,4.799999999999727,4,1.2999999999988177,2opt,notBad
17710,4,4.799999999999727,4,1.2999999999988177,2opt,notBad
17711,4,4.799999999999727,4,1.2999999999988177,move,improve
17712,4,3.3000000000010914,4,1.2999999999988177,swap,improve
17713,4,3.3000000000010914,4,1.2999999999988177,swap,improve
17714,4,3.3000000000010914,4,1.2999999999988177,move,improve
17715,4,3.3000000000010914,4,1.2999999999988177,swap,improve
17716,4,3.3000000000010914,4,1.2999999999988177,swap,notBad
17717,4,3.3000000000010914,4,1.2999999999988177,move,notBad
17718,4,6.199999999998454,4,1.2999999999988177,swap,acceptBad
17719,4,6.199999999998454,4,1.2999999999988177,2opt,notBad
17720,4,6.199999999998454,4,1.2999999999988177,move,improve
17721,4,6.199999999998454,4,1.2999999999988177,swap,improve
17722,4,6.199999999998454,4,1.2999999999988177,2opt,notBad
17723,4,6.199999999998454,4,1.2999999999988177,2opt,notBad
17724,4,6.199999999998454,4,1.2999999999988177,move,improve
17725,4,6.199999999998454,4,1.2999999999988177,2opt,notBad
17726,4,6.199999999998454,4,1.2999999999988177,2opt,notBad
17727,4,6.199999999998454,4,1.2999999999988177,swap,improve
17728,4,6.199999999998454,4,1.2999999999988177,move,improve
17729,4,6.199999999998454,4,1.2999999999988177,2opt,notBad
17730,4,6.199999999998454,4,1.2999999999988177,swap,notBad
17731,4,6.199999999998454,4,1.2999999999988177,2opt,improve
17732,4,6.199999999998454,4,1.2999999999988177,2opt,notBad
17733,4,6.199999999998454,4,1.2999999999988177,2opt,notBad
17734,4,6.199999999998454,4,1.2999999999988177,2opt,notBad
17735,4,6.199999999998454,4,1.2999999999988177,2opt,notBad
17736,4,6.199999999998454,4,1.2999999999988177,2opt,notBad
17737,4,6.199999999998454,4,1.2999999999988177,swap,improve
17738,4,7.499999999998181,4,1.2999999999988177,swap,acceptBad
17739,4,7.499999999998181,4,1.2999999999988177,2opt,notBad
17740,4,7.499999999998181,4,1.2999999999988177,swap,improve
17741,4,7.499999999998181,4,1.2999999999988177,move,improve
17742,4,7.499999999998181,4,1.2999999999988177,2opt,notBad
17743,4,7.499999999998181,4,1.2999999999988177,move,improve
17744,4,7.499999999998181,4,1.2999999999988177,2opt,notBad
17745,4,6.199999999998454,4,1.2999999999988177,move,improve
17746,4,6.199999999998454,4,1.2999999999988177,2opt,notBad
17747,4,6.199999999998454,4,1.2999999999988177,2opt,notBad
17748,4,6.199999999998454,4,1.2999999999988177,swap,improve
17749,4,6.199999999998454,4,1.2999999999988177,swap,improve
17750,4,6.199999999998454,4,1.2999999999988177,move,improve
17751,4,6.199999999998454,4,1.2999999999988177,move,improve
17752,4,6.199999999998454,4,1.2999999999988177,2opt,notBad
17753,4,6.199999999998454,4,1.2999999999988177,swap,improve
17754,4,6.199999999998454,4,1.2999999999988177,move,improve
17755,4,6.199999999998454,4,1.2999999999988177,swap,notBad
17756,4,6.199999999998454,4,1.2999999999988177,swap,notBad
17757,4,6.199999999998454,4,1.2999999999988177,move,improve
17758,4,6.199999999998454,4,1.2999999999988177,move,improve
17759,4,6.199999999998454,4,1.2999999999988177,move,improve
17760,4,6.199999999998454,4,1.2999999999988177,move,improve
17761,4,6.199999999998454,4,1.2999999999988177,swap,notBad
17762,4,6.199999999998454,4,1.2999999999988177,swap,improve
17763,4,6.199999999998454,4,1.2999999999988177,swap,improve
17764,4,6.199999999998454,4,1.2999999999988177,swap,improve
17765,4,6.199999999998454,4,1.2999999999988177,2opt,notBad
17766,4,6.199999999998454,4,1.2999999999988177,2opt,notBad
17767,4,6.199999999998454,4,1.2999999999988177,2opt,notBad
17768,4,6.199999999998454,4,1.2999999999988177,2opt,notBad
17769,4,6.199999999998454,4,1.2999999999988177,2opt,notBad
17770,4,6.199999999998454,4,1.2999999999988177,move,improve
17771,4,6.199999999998454,4,1.2999999999988177,2opt,notBad
17772,4,6.199999999998454,4,1.2999999999988177,swap,notBad
17773,4,6.199999999998454,4,1.2999999999988177,swap,notBad
17774,4,6.199999999998454,4,1.2999999999988177,2opt,notBad
17775,4,6.199999999998454,4,1.2999999999988177,move,improve
17776,4,6.199999999998454,4,1.2999999999988177,2opt,notBad
17777,4,6.199999999998454,4,1.2999999999988177,swap,improve
17778,4,6.199999999998454,4,1.2999999999988177,swap,notBad
17779,4,6.199999999998454,4,1.2999999999988177,2opt,notBad
17780,4,2.700000000000273,4,1.2999999999988177,swap,improve
17781,4,2.700000000000273,4,1.2999999999988177,swap,improve
17782,4,2.700000000000273,4,1.2999999999988177,2opt,improve
17783,4,2.700000000000273,4,1.2999999999988177,2opt,notBad
17784,4,2.700000000000273,4,1.2999999999988177,swap,improve
17785,4,2.700000000000273,4,1.2999999999988177,move,improve
17786,4,2.700000000000273,4,1.2999999999988177,2opt,notBad
17787,4,2.700000000000273,4,1.2999999999988177,swap,notBad
17788,4,2.700000000000273,4,1.2999999999988177,swap,notBad
17789,4,2.700000000000273,4,1.2999999999988177,move,improve
17790,4,2.700000000000273,4,1.2999999999988177,swap,notBad
17791,4,2.700000000000273,4,1.2999999999988177,swap,improve
17792,4,2.700000000000273,4,1.2999999999988177,move,improve
17793,4,2.700000000000273,4,1.2999999999988177,2opt,notBad
17794,4,2.700000000000273,4,1.2999999999988177,2opt,notBad
17795,4,2.700000000000273,4,1.2999999999988177,2opt,notBad
17796,4,2.700000000000273,4,1.2999999999988177,swap,notBad
17797,4,2.700000000000273,4,1.2999999999988177,2opt,notBad
17798,4,2.700000000000273,4,1.2999999999988177,2opt,notBad
17799,4,2.700000000000273,4,1.2999999999988177,swap,improve
17800,4,2.700000000000273,4,1.2999999999988177,move,improve
17801,4,2.700000000000273,4,1.2999999999988177,2opt,notBad
17802,4,2.700000000000273,4,1.2999999999988177,move,improve
17803,4,4.199999999998909,4,1.2999999999988177,swap,acceptBad
17804,4,4.199999999998909,4,1.2999999999988177,move,improve
17805,4,4.199999999998909,4,1.2999999999988177,move,improve
17806,4,4.199999999998909,4,1.2999999999988177,swap,notBad
17807,4,4.199999999998909,4,1.2999999999988177,move,improve
17808,4,4.199999999998909,4,1.2999999999988177,move,improve
17809,4,4.199999999998909,4,1.2999999999988177,swap,improve
17810,4,4.199999999998909,4,1.2999999999988177,swap,notBad
17811,4,4.199999999998909,4,1.2999999999988177,swap,improve
17812,4,4.199999999998909,4,1.2999999999988177,2opt,notBad
17813,4,4.199999999998909,4,1.2999999999988177,swap,notBad
17814,4,4.199999999998909,4,1.2999999999988177,swap,improve
17815,4,4.199999999998909,4,1.2999999999988177,move,improve
17816,4,4.199999999998909,4,1.2999999999988177,2opt,notBad
17817,4,4.199999999998909,4,1.2999999999988177,swap,notBad
17818,4,4.199999999998909,4,1.2999999999988177,swap,improve
17819,4,4.199999999998909,4,1.2999999999988177,move,improve
17820,4,4.199999999998909,4,1.2999999999988177,2opt,improve
17821,4,4.199999999998909,4,1.2999999999988177,move,improve
17822,4,4.199999999998909,4,1.2999999999988177,swap,improve
17823,4,4.199999999998909,4,1.2999999999988177,2opt,notBad
17824,4,4.199999999998909,4,1.2999999999988177,swap,notBad
17825,4,4.199999999998909,4,1.2999999999988177,swap,improve
17826,4,4.199999999998909,4,1.2999999999988177,swap,notBad
17827,4,4.199999999998909,4,1.2999999999988177,move,improve
17828,4,4.199999999998909,4,1.2999999999988177,swap,notBad
17829,4,4.199999999998909,4,1.2999999999988177,2opt,notBad
17830,4,4.199999999998909,4,1.2999999999988177,2opt,notBad
17831,4,4.199999999998909,4,1.2999999999988177,move,improve
17832,4,4.199999999998909,4,1.2999999999988177,move,improve
17833,4,4.199999999998909,4,1.2999999999988177,swap,improve
17834,4,4.199999999998909,4,1.2999999999988177,2opt,notBad
17835,4,4.199999999998909,4,1.2999999999988177,swap,notBad
17836,4,4.199999999998909,4,1.2999999999988177,swap,improve
17837,4,4.199999999998909,4,1.2999999999988177,move,improve
17838,4,4.199999999998909,4,1.2999999999988177,move,improve
17839,4,4.199999999998909,4,1.2999999999988177,move,improve
17840,4,4.199999999998909,4,1.2999999999988177,swap,improve
17841,4,4.199999999998909,4,1.2999999999988177,swap,improve
17842,4,4.199999999998909,4,1.2999999999988177,2opt,notBad
17843,4,4.199999999998909,4,1.2999999999988177,move,improve
17844,4,4.199999999998909,4,1.2999999999988177,move,improve
17845,4,4.199999999998909,4,1.2999999999988177,move,improve
17846,4,4.199999999998909,4,1.2999999999988177,move,improve
17847,4,4.199999999998909,4,1.2999999999988177,move,improve
17848,4,4.199999999998909,4,1.2999999999988177,2opt,notBad
17849,4,4.199999999998909,4,1.2999999999988177,swap,notBad
17850,4,4.199999999998909,4,1.2999999999988177,swap,notBad
17851,4,4.199999999998909,4,1.2999999999988177,swap,improve
17852,4,4.199999999998909,4,1.2999999999988177,2opt,notBad
17853,4,4.199999999998909,4,1.2999999999988177,2opt,notBad
17854,4,4.199999999998909,4,1.2999999999988177,move,improve
17855,4,4.199999999998909,4,1.2999999999988177,move,improve
17856,4,4.199999999998909,4,1.2999999999988177,move,improve
17857,4,4.199999999998909,4,1.2999999999988177,move,improve
17858,4,4.199999999998909,4,1.2999999999988177,swap,notBad
17859,4,4.199999999998909,4,1.2999999999988177,2opt,notBad
17860,4,4.199999999998909,4,1.2999999999988177,swap,notBad
17861,4,4.199999999998909,4,1.2999999999988177,2opt,notBad
17862,4,4.199999999998909,4,1.2999999999988177,swap,notBad
17863,4,4.199999999998909,4,1.2999999999988177,move,improve
17864,4,4.199999999998909,4,1.2999999999988177,swap,improve
17865,4,4.199999999998909,4,1.2999999999988177,swap,notBad
17866,4,4.199999999998909,4,1.2999999999988177,swap,notBad
17867,4,4.199999999998909,4,1.2999999999988177,move,improve
17868,4,4.199999999998909,4,1.2999999999988177,swap,notBad
17869,4,4.199999999998909,4,1.2999999999988177,2opt,notBad
17870,4,4.199999999998909,4,1.2999999999988177,swap,improve
17871,4,4.199999999998909,4,1.2999999999988177,swap,notBad
17872,4,4.199999999998909,4,1.2999999999988177,2opt,notBad
17873,4,4.199999999998909,4,1.2999999999988177,2opt,notBad
17874,4,4.199999999998909,4,1.2999999999988177,swap,notBad
17875,4,4.199999999998909,4,1.2999999999988177,2opt,notBad
17876,4,4.199999999998909,4,1.2999999999988177,2opt,improve
17877,4,4.199999999998909,4,1.2999999999988177,move,improve
17878,4,4.199999999998909,4,1.2999999999988177,2opt,notBad
17879,4,4.199999999998909,4,1.2999999999988177,move,improve
17880,4,4.199999999998909,4,1.2999999999988177,move,improve
17881,4,4.199999999998909,4,1.2999999999988177,swap,notBad
17882,4,4.199999999998909,4,1.2999999999988177,move,improve
17883,4,4.199999999998909,4,1.2999999999988177,2opt,notBad
17884,4,4.199999999998909,4,1.2999999999988177,2opt,notBad
17885,4,4.199999999998909,4,1.2999999999988177,move,improve
17886,4,4.199999999998909,4,1.2999999999988177,swap,notBad
17887,4,4.199999999998909,4,1.2999999999988177,2opt,notBad
17888,4,4.199999999998909,4,1.2999999999988177,swap,improve
17889,4,4.199999999998909,4,1.2999999999988177,swap,notBad
17890,4,4.199999999998909,4,1.2999999999988177,move,improve
17891,4,4.199999999998909,4,1.2999999999988177,2opt,notBad
17892,4,4.199999999998909,4,1.2999999999988177,swap,improve
17893,4,4.199999999998909,4,1.2999999999988177,2opt,notBad
17894,4,4.199999999998909,4,1.2999999999988177,swap,notBad
17895,4,4.199999999998909,4,1.2999999999988177,move,improve
17896,4,4.199999999998909,4,1.2999999999988177,move,improve
17897,4,4.199999999998909,4,1.2999999999988177,2opt,notBad
17898,4,4.199999999998909,4,1.2999999999988177,swap,notBad
17899,4,4.199999999998909,4,1.2999999999988177,move,improve
17900,4,4.199999999998909,4,1.2999999999988177,2opt,notBad
17901,4,4.199999999998909,4,1.2999999999988177,2opt,notBad
17902,4,4.199999999998909,4,1.2999999999988177,swap,notBad
17903,4,4.199999999998909,4,1.2999999999988177,2opt,notBad
17904,4,4.199999999998909,4,1.2999999999988177,move,improve
17905,4,4.199999999998909,4,1.2999999999988177,2opt,notBad
17906,4,4.199999999998909,4,1.2999999999988177,2opt,notBad
17907,4,4.199999999998909,4,1.2999999999988177,swap,improve
17908,4,4.199999999998909,4,1.2999999999988177,2opt,notBad
17909,4,4.199999999998909,4,1.2999999999988177,move,improve
17910,4,4.199999999998909,4,1.2999999999988177,swap,notBad
17911,4,4.199999999998909,4,1.2999999999988177,move,notBad
17912,4,4.199999999998909,4,1.2999999999988177,move,notBad
17913,4,4.199999999998909,4,1.2999999999988177,swap,improve
17914,4,4.199999999998909,4,1.2999999999988177,swap,improve
17915,4,4.199999999998909,4,1.2999999999988177,2opt,notBad
17916,4,4.199999999998909,4,1.2999999999988177,move,improve
17917,4,4.199999999998909,4,1.2999999999988177,2opt,notBad
17918,4,4.199999999998909,4,1.2999999999988177,move,improve
17919,4,4.199999999998909,4,1.2999999999988177,move,improve
17920,4,4.199999999998909,4,1.2999999999988177,swap,improve
17921,4,4.199999999998909,4,1.2999999999988177,move,improve
17922,4,4.199999999998909,4,1.2999999999988177,2opt,notBad
17923,4,4.199999999998909,4,1.2999999999988177,2opt,improve
17924,4,4.199999999998909,4,1.2999999999988177,swap,improve
17925,4,4.199999999998909,4,1.2999999999988177,move,improve
17926,4,4.199999999998909,4,1.2999999999988177,2opt,notBad
17927,4,4.199999999998909,4,1.2999999999988177,move,improve
17928,4,4.199999999998909,4,1.2999999999988177,2opt,improve
17929,4,4.199999999998909,4,1.2999999999988177,move,improve
17930,4,4.199999999998909,4,1.2999999999988177,move,improve
17931,4,4.199999999998909,4,1.2999999999988177,2opt,notBad
17932,4,4.199999999998909,4,1.2999999999988177,2opt,notBad
17933,4,4.199999999998909,4,1.2999999999988177,move,improve
17934,4,4.199999999998909,4,1.2999999999988177,move,improve
17935,4,4.199999999998909,4,1.2999999999988177,2opt,notBad
17936,4,4.199999999998909,4,1.2999999999988177,move,improve
17937,4,4.199999999998909,4,1.2999999999988177,move,improve
17938,4,4.199999999998909,4,1.2999999999988177,swap,notBad
17939,4,4.199999999998909,4,1.2999999999988177,swap,notBad
17940,4,4.199999999998909,4,1.2999999999988177,move,improve
17941,4,4.199999999998909,4,1.2999999999988177,2opt,notBad
17942,4,4.199999999998909,4,1.2999999999988177,move,improve
17943,4,4.199999999998909,4,1.2999999999988177,swap,improve
17944,4,4.199999999998909,4,1.2999999999988177,swap,notBad
17945,4,4.199999999998909,4,1.2999999999988177,2opt,notBad
17946,4,4.199999999998909,4,1.2999999999988177,2opt,notBad
17947,4,4.199999999998909,4,1.2999999999988177,2opt,notBad
17948,4,4.199999999998909,4,1.2999999999988177,move,improve
17949,4,4.199999999998909,4,1.2999999999988177,move,improve
17950,4,4.199999999998909,4,1.2999999999988177,swap,notBad
17951,4,4.199999999998909,4,1.2999999999988177,2opt,notBad
17952,4,4.199999999998909,4,1.2999999999988177,move,improve
17953,4,4.199999999998909,4,1.2999999999988177,swap,notBad
17954,4,4.199999999998909,4,1.2999999999988177,2opt,notBad
17955,4,4.199999999998909,4,1.2999999999988177,move,improve
17956,4,4.199999999998909,4,1.2999999999988177,swap,notBad
17957,4,4.199999999998909,4,1.2999999999988177,move,improve
17958,4,4.199999999998909,4,1.2999999999988177,move,improve
17959,4,4.199999999998909,4,1.2999999999988177,2opt,notBad
17960,4,4.199999999998909,4,1.2999999999988177,swap,notBad
17961,4,4.199999999998909,4,1.2999999999988177,swap,improve
17962,4,4.199999999998909,4,1.2999999999988177,swap,notBad
17963,4,4.199999999998909,4,1.2999999999988177,swap,notBad
17964,4,4.199999999998909,4,1.2999999999988177,swap,improve
17965,4,4.199999999998909,4,1.2999999999988177,move,improve
17966,4,4.199999999998909,4,1.2999999999988177,move,improve
17967,4,4.199999999998909,4,1.2999999999988177,move,improve
17968,4,4.199999999998909,4,1.2999999999988177,move,improve
17969,4,4.199999999998909,4,1.2999999999988177,2opt,notBad
17970,4,4.199999999998909,4,1.2999999999988177,move,improve
17971,4,4.199999999998909,4,1.2999999999988177,swap,notBad
17972,4,4.199999999998909,4,1.2999999999988177,swap,notBad
17973,4,4.199999999998909,4,1.2999999999988177,swap,improve
17974,4,4.199999999998909,4,1.2999999999988177,2opt,notBad
17975,4,4.199999999998909,4,1.2999999999988177,move,improve
17976,4,4.199999999998909,4,1.2999999999988177,swap,notBad
17977,4,4.199999999998909,4,1.2999999999988177,2opt,notBad
17978,4,4.199999999998909,4,1.2999999999988177,move,improve
17979,4,4.199999999998909,4,1.2999999999988177,2opt,notBad
17980,4,4.199999999998909,4,1.2999999999988177,2opt,improve
17981,4,4.199999999998909,4,1.2999999999988177,swap,improve
17982,4,4.199999999998909,4,1.2999999999988177,swap,notBad
17983,4,4.199999999998909,4,1.2999999999988177,swap,notBad
17984,4,4.199999999998909,4,1.2999999999988177,2opt,notBad
17985,4,4.199999999998909,4,1.2999999999988177,swap,improve
17986,4,4.199999999998909,4,1.2999999999988177,swap,notBad
17987,4,4.199999999998909,4,1.2999999999988177,move,improve
17988,4,4.199999999998909,4,1.2999999999988177,2opt,notBad
17989,4,4.199999999998909,4,1.2999999999988177,swap,notBad
17990,4,4.199999999998909,4,1.2999999999988177,swap,notBad
17991,4,4.199999999998909,4,1.2999999999988177,swap,notBad
17992,4,4.199999999998909,4,1.2999999999988177,move,improve
17993,4,4.199999999998909,4,1.2999999999988177,swap,notBad
17994,4,4.199999999998909,4,1.2999999999988177,2opt,notBad
17995,4,4.199999999998909,4,1.2999999999988177,2opt,notBad
17996,4,4.199999999998909,4,1.2999999999988177,swap,notBad
17997,4,4.199999999998909,4,1.2999999999988177,2opt,notBad
17998,4,4.199999999998909,4,1.2999999999988177,2opt,notBad
17999,4,4.199999999998909,4,1.2999999999988177,move,improve
18000,4,4.199999999998909,4,1.2999999999988177,move,improve
18001,4,4.199999999998909,4,1.2999999999988177,move,improve
18002,4,4.199999999998909,4,1.2999999999988177,move,improve
18003,4,4.199999999998909,4,1.2999999999988177,move,improve
18004,4,4.199999999998909,4,1.2999999999988177,2opt,notBad
18005,4,4.199999999998909,4,1.2999999999988177,swap,notBad
18006,4,4.199999999998909,4,1.2999999999988177,move,improve
18007,4,4.199999999998909,4,1.2999999999988177,2opt,notBad
18008,4,4.199999999998909,4,1.2999999999988177,2opt,notBad
18009,4,4.199999999998909,4,1.2999999999988177,2opt,improve
18010,4,4.199999999998909,4,1.2999999999988177,2opt,notBad
18011,4,4.199999999998909,4,1.2999999999988177,2opt,improve
18012,4,4.199999999998909,4,1.2999999999988177,move,improve
18013,4,4.199999999998909,4,1.2999999999988177,move,improve
18014,4,4.199999999998909,4,1.2999999999988177,move,improve
18015,4,4.199999999998909,4,1.2999999999988177,swap,improve
18016,4,4.199999999998909,4,1.2999999999988177,move,improve
18017,4,4.199999999998909,4,1.2999999999988177,swap,notBad
18018,4,4.199999999998909,4,1.2999999999988177,swap,improve
18019,4,4.199999999998909,4,1.2999999999988177,move,improve
18020,4,4.199999999998909,4,1.2999999999988177,2opt,notBad
18021,4,4.199999999998909,4,1.2999999999988177,swap,notBad
18022,4,4.199999999998909,4,1.2999999999988177,swap,notBad
18023,4,4.199999999998909,4,1.2999999999988177,move,improve
18024,4,4.199999999998909,4,1.2999999999988177,2opt,notBad
18025,4,4.199999999998909,4,1.2999999999988177,move,improve
18026,4,4.199999999998909,4,1.2999999999988177,2opt,notBad
18027,4,4.199999999998909,4,1.2999999999988177,swap,notBad
18028,4,4.199999999998909,4,1.2999999999988177,swap,notBad
18029,4,4.199999999998909,4,1.2999999999988177,2opt,improve
18030,4,4.199999999998909,4,1.2999999999988177,move,improve
18031,4,4.199999999998909,4,1.2999999999988177,swap,notBad
18032,4,4.199999999998909,4,1.2999999999988177,2opt,notBad
18033,4,4.199999999998909,4,1.2999999999988177,move,improve
18034,4,4.199999999998909,4,1.2999999999988177,swap,notBad
18035,4,4.199999999998909,4,1.2999999999988177,2opt,notBad
18036,4,4.199999999998909,4,1.2999999999988177,swap,notBad
18037,4,4.199999999998909,4,1.2999999999988177,2opt,notBad
18038,4,4.199999999998909,4,1.2999999999988177,move,improve
18039,4,4.199999999998909,4,1.2999999999988177,swap,improve
18040,4,4.199999999998909,4,1.2999999999988177,swap,improve
18041,4,4.199999999998909,4,1.2999999999988177,move,improve
18042,4,4.199999999998909,4,1.2999999999988177,move,improve
18043,4,4.199999999998909,4,1.2999999999988177,2opt,notBad
18044,4,4.199999999998909,4,1.2999999999988177,2opt,improve
18045,4,4.199999999998909,4,1.2999999999988177,swap,improve
18046,4,4.199999999998909,4,1.2999999999988177,swap,notBad
18047,4,4.199999999998909,4,1.2999999999988177,2opt,notBad
18048,4,4.199999999998909,4,1.2999999999988177,move,improve
18049,4,4.199999999998909,4,1.2999999999988177,move,improve
18050,4,4.199999999998909,4,1.2999999999988177,move,improve
18051,4,4.199999999998909,4,1.2999999999988177,move,improve
18052,4,4.199999999998909,4,1.2999999999988177,move,improve
18053,4,4.199999999998909,4,1.2999999999988177,swap,notBad
18054,4,4.199999999998909,4,1.2999999999988177,move,improve
18055,4,4.199999999998909,4,1.2999999999988177,2opt,notBad
18056,4,4.199999999998909,4,1.2999999999988177,swap,improve
18057,4,4.199999999998909,4,1.2999999999988177,swap,improve
18058,4,4.199999999998909,4,1.2999999999988177,swap,notBad
18059,4,4.199999999998909,4,1.2999999999988177,move,improve
18060,4,4.199999999998909,4,1.2999999999988177,2opt,notBad
18061,4,4.199999999998909,4,1.2999999999988177,swap,notBad
18062,4,4.199999999998909,4,1.2999999999988177,move,improve
18063,4,4.199999999998909,4,1.2999999999988177,move,improve
18064,4,4.199999999998909,4,1.2999999999988177,swap,improve
18065,4,4.199999999998909,4,1.2999999999988177,swap,improve
18066,4,4.199999999998909,4,1.2999999999988177,move,improve
18067,4,4.199999999998909,4,1.2999999999988177,move,improve
18068,4,4.199999999998909,4,1.2999999999988177,move,improve
18069,4,4.199999999998909,4,1.2999999999988177,move,improve
18070,4,4.199999999998909,4,1.2999999999988177,2opt,notBad
18071,4,4.199999999998909,4,1.2999999999988177,swap,improve
18072,4,4.199999999998909,4,1.2999999999988177,move,improve
18073,4,4.199999999998909,4,1.2999999999988177,2opt,notBad
18074,4,4.199999999998909,4,1.2999999999988177,move,improve
18075,4,4.199999999998909,4,1.2999999999988177,2opt,notBad
18076,4,4.199999999998909,4,1.2999999999988177,2opt,notBad
18077,4,4.199999999998909,4,1.2999999999988177,swap,improve
18078,4,4.199999999998909,4,1.2999999999988177,swap,notBad
18079,4,4.199999999998909,4,1.2999999999988177,2opt,improve
18080,4,4.199999999998909,4,1.2999999999988177,move,improve
18081,4,4.199999999998909,4,1.2999999999988177,swap,improve
18082,4,4.199999999998909,4,1.2999999999988177,swap,notBad
18083,4,4.199999999998909,4,1.2999999999988177,swap,notBad
18084,4,4.199999999998909,4,1.2999999999988177,2opt,improve
18085,4,4.199999999998909,4,1.2999999999988177,2opt,notBad
18086,4,4.199999999998909,4,1.2999999999988177,swap,improve
18087,4,4.199999999998909,4,1.2999999999988177,move,improve
18088,4,4.199999999998909,4,1.2999999999988177,move,improve
18089,4,4.199999999998909,4,1.2999999999988177,move,improve
18090,4,4.199999999998909,4,1.2999999999988177,swap,improve
18091,4,4.199999999998909,4,1.2999999999988177,2opt,notBad
18092,4,4.199999999998909,4,1.2999999999988177,move,improve
18093,4,4.199999999998909,4,1.2999999999988177,2opt,notBad
18094,4,4.199999999998909,4,1.2999999999988177,swap,notBad
18095,4,4.199999999998909,4,1.2999999999988177,move,improve
18096,4,4.199999999998909,4,1.2999999999988177,swap,improve
18097,4,4.199999999998909,4,1.2999999999988177,move,improve
18098,4,4.199999999998909,4,1.2999999999988177,swap,improve
18099,4,4.199999999998909,4,1.2999999999988177,swap,improve
18100,4,4.199999999998909,4,1.2999999999988177,2opt,notBad
18101,4,4.199999999998909,4,1.2999999999988177,move,improve
18102,4,4.199999999998909,4,1.2999999999988177,2opt,notBad
18103,4,4.199999999998909,4,1.2999999999988177,move,improve
18104,4,4.199999999998909,4,1.2999999999988177,swap,improve
18105,4,2.700000000000273,4,1.2999999999988177,swap,improve
18106,4,2.700000000000273,4,1.2999999999988177,2opt,notBad
18107,4,2.700000000000273,4,1.2999999999988177,swap,improve
18108,4,2.700000000000273,4,1.2999999999988177,swap,improve
18109,4,2.700000000000273,4,1.2999999999988177,2opt,notBad
18110,4,2.700000000000273,4,1.2999999999988177,swap,improve
18111,4,2.700000000000273,4,1.2999999999988177,move,improve
18112,4,2.700000000000273,4,1.2999999999988177,swap,improve
18113,4,2.700000000000273,4,1.2999999999988177,2opt,notBad
18114,4,2.700000000000273,4,1.2999999999988177,2opt,notBad
18115,4,2.700000000000273,4,1.2999999999988177,2opt,notBad
18116,4,2.700000000000273,4,1.2999999999988177,2opt,notBad
18117,4,2.700000000000273,4,1.2999999999988177,swap,improve
18118,4,2.700000000000273,4,1.2999999999988177,2opt,notBad
18119,4,2.700000000000273,4,1.2999999999988177,2opt,notBad
18120,4,2.700000000000273,4,1.2999999999988177,move,improve
18121,4,2.700000000000273,4,1.2999999999988177,2opt,notBad
18122,4,2.700000000000273,4,1.2999999999988177,2opt,notBad
18123,4,2.700000000000273,4,1.2999999999988177,swap,notBad
18124,4,2.700000000000273,4,1.2999999999988177,swap,improve
18125,4,2.700000000000273,4,1.2999999999988177,swap,improve
18126,4,2.700000000000273,4,1.2999999999988177,swap,improve
18127,4,2.700000000000273,4,1.2999999999988177,2opt,notBad
18128,4,2.700000000000273,4,1.2999999999988177,move,improve
18129,4,2.700000000000273,4,1.2999999999988177,2opt,notBad
18130,4,2.700000000000273,4,1.2999999999988177,swap,improve
18131,4,2.700000000000273,4,1.2999999999988177,move,improve
18132,4,2.700000000000273,4,1.2999999999988177,2opt,notBad
18133,4,2.700000000000273,4,1.2999999999988177,swap,notBad
18134,4,2.700000000000273,4,1.2999999999988177,swap,notBad
18135,4,2.700000000000273,4,1.2999999999988177,move,improve
18136,4,2.700000000000273,4,1.2999999999988177,move,improve
18137,4,2.700000000000273,4,1.2999999999988177,move,improve
18138,4,2.700000000000273,4,1.2999999999988177,2opt,notBad
18139,4,2.700000000000273,4,1.2999999999988177,2opt,notBad
18140,4,2.700000000000273,4,1.2999999999988177,move,improve
18141,4,2.700000000000273,4,1.2999999999988177,2opt,notBad
18142,4,2.700000000000273,4,1.2999999999988177,2opt,improve
18143,4,2.700000000000273,4,1.2999999999988177,2opt,notBad
18144,4,2.700000000000273,4,1.2999999999988177,move,improve
18145,4,2.700000000000273,4,1.2999999999988177,swap,improve
18146,4,2.700000000000273,4,1.2999999999988177,swap,notBad
18147,4,2.700000000000273,4,1.2999999999988177,swap,improve
18148,4,2.700000000000273,4,1.2999999999988177,move,improve
18149,4,2.700000000000273,4,1.2999999999988177,2opt,notBad
18150,4,2.700000000000273,4,1.2999999999988177,swap,improve
18151,4,2.700000000000273,4,1.2999999999988177,move,improve
18152,4,2.700000000000273,4,1.2999999999988177,2opt,notBad
18153,4,2.700000000000273,4,1.2999999999988177,swap,improve
18154,4,2.700000000000273,4,1.2999999999988177,swap,improve
18155,4,2.700000000000273,4,1.2999999999988177,swap,improve
18156,4,2.700000000000273,4,1.2999999999988177,move,improve
18157,4,2.700000000000273,4,1.2999999999988177,move,improve
18158,4,2.700000000000273,4,1.2999999999988177,2opt,notBad
18159,4,2.700000000000273,4,1.2999999999988177,2opt,improve
18160,4,2.700000000000273,4,1.2999999999988177,move,improve
18161,4,2.700000000000273,4,1.2999999999988177,2opt,notBad
18162,4,2.700000000000273,4,1.2999999999988177,swap,improve
18163,4,2.700000000000273,4,1.2999999999988177,swap,improve
18164,4,2.700000000000273,4,1.2999999999988177,move,improve
18165,4,4.199999999998909,4,1.2999999999988177,swap,acceptBad
18166,4,4.199999999998909,4,1.2999999999988177,swap,improve
18167,4,4.199999999998909,4,1.2999999999988177,2opt,notBad
18168,4,4.199999999998909,4,1.2999999999988177,move,improve
18169,4,4.199999999998909,4,1.2999999999988177,move,improve
18170,4,4.199999999998909,4,1.2999999999988177,2opt,notBad
18171,4,4.199999999998909,4,1.2999999999988177,swap,notBad
18172,4,4.199999999998909,4,1.2999999999988177,2opt,notBad
18173,4,4.199999999998909,4,1.2999999999988177,move,improve
18174,4,4.199999999998909,4,1.2999999999988177,move,improve
18175,4,4.199999999998909,4,1.2999999999988177,move,improve
18176,4,4.199999999998909,4,1.2999999999988177,swap,notBad
18177,4,4.199999999998909,4,1.2999999999988177,swap,improve
18178,4,4.199999999998909,4,1.2999999999988177,move,improve
18179,4,4.199999999998909,4,1.2999999999988177,2opt,notBad
18180,4,4.199999999998909,4,1.2999999999988177,move,improve
18181,4,4.199999999998909,4,1.2999999999988177,2opt,notBad
18182,4,4.199999999998909,4,1.2999999999988177,2opt,notBad
18183,4,4.199999999998909,4,1.2999999999988177,swap,improve
18184,4,4.199999999998909,4,1.2999999999988177,move,improve
18185,4,4.199999999998909,4,1.2999999999988177,2opt,notBad
18186,4,4.199999999998909,4,1.2999999999988177,2opt,notBad
18187,4,4.199999999998909,4,1.2999999999988177,2opt,notBad
18188,4,4.199999999998909,4,1.2999999999988177,move,improve
18189,4,4.199999999998909,4,1.2999999999988177,2opt,notBad
18190,4,4.199999999998909,4,1.2999999999988177,2opt,notBad
18191,4,4.199999999998909,4,1.2999999999988177,2opt,notBad
18192,4,4.199999999998909,4,1.2999999999988177,move,improve
18193,4,4.199999999998909,4,1.2999999999988177,2opt,notBad
18194,4,4.199999999998909,4,1.2999999999988177,2opt,notBad
18195,4,4.199999999998909,4,1.2999999999988177,move,improve
18196,4,4.199999999998909,4,1.2999999999988177,swap,improve
18197,4,4.199999999998909,4,1.2999999999988177,2opt,notBad
18198,4,4.199999999998909,4,1.2999999999988177,2opt,notBad
18199,4,4.199999999998909,4,1.2999999999988177,move,improve
18200,4,4.199999999998909,4,1.2999999999988177,swap,notBad
18201,4,4.199999999998909,4,1.2999999999988177,swap,improve
18202,4,4.199999999998909,4,1.2999999999988177,swap,improve
18203,4,4.199999999998909,4,1.2999999999988177,swap,improve
18204,4,4.199999999998909,4,1.2999999999988177,swap,improve
18205,4,4.199999999998909,4,1.2999999999988177,move,improve
18206,4,2.700000000000273,4,1.2999999999988177,swap,improve
18207,4,2.700000000000273,4,1.2999999999988177,move,improve
18208,4,2.700000000000273,4,1.2999999999988177,swap,notBad
18209,4,2.700000000000273,4,1.2999999999988177,swap,improve
18210,4,2.700000000000273,4,1.2999999999988177,move,notBad
18211,4,2.700000000000273,4,1.2999999999988177,swap,notBad
18212,4,2.700000000000273,4,1.2999999999988177,2opt,notBad
18213,4,2.700000000000273,4,1.2999999999988177,move,improve
18214,4,2.700000000000273,4,1.2999999999988177,swap,notBad
18215,4,2.700000000000273,4,1.2999999999988177,2opt,notBad
18216,4,2.700000000000273,4,1.2999999999988177,2opt,notBad
18217,4,2.700000000000273,4,1.2999999999988177,2opt,notBad
18218,4,2.700000000000273,4,1.2999999999988177,2opt,improve
18219,4,2.700000000000273,4,1.2999999999988177,swap,improve
18220,4,2.700000000000273,4,1.2999999999988177,move,improve
18221,4,2.700000000000273,4,1.2999999999988177,2opt,notBad
18222,4,2.700000000000273,4,1.2999999999988177,move,improve
18223,4,2.700000000000273,4,1.2999999999988177,swap,notBad
18224,4,2.700000000000273,4,1.2999999999988177,2opt,notBad
18225,4,2.700000000000273,4,1.2999999999988177,swap,improve
18226,4,2.700000000000273,4,1.2999999999988177,swap,improve
18227,4,2.700000000000273,4,1.2999999999988177,2opt,notBad
18228,4,2.700000000000273,4,1.2999999999988177,2opt,notBad
18229,4,2.700000000000273,4,1.2999999999988177,move,improve
18230,4,2.700000000000273,4,1.2999999999988177,2opt,notBad
18231,4,2.700000000000273,4,1.2999999999988177,move,improve
18232,4,2.700000000000273,4,1.2999999999988177,move,improve
18233,4,2.700000000000273,4,1.2999999999988177,move,improve
18234,4,2.700000000000273,4,1.2999999999988177,2opt,notBad
18235,4,2.700000000000273,4,1.2999999999988177,move,improve
18236,4,2.700000000000273,4,1.2999999999988177,2opt,notBad
18237,4,2.700000000000273,4,1.2999999999988177,2opt,notBad
18238,4,2.700000000000273,4,1.2999999999988177,move,improve
18239,4,2.700000000000273,4,1.2999999999988177,move,improve
18240,4,2.700000000000273,4,1.2999999999988177,2opt,improve
18241,4,2.700000000000273,4,1.2999999999988177,2opt,notBad
18242,4,2.700000000000273,4,1.2999999999988177,move,improve
18243,4,2.700000000000273,4,1.2999999999988177,2opt,notBad
18244,4,2.700000000000273,4,1.2999999999988177,move,improve
18245,4,2.700000000000273,4,1.2999999999988177,move,improve
18246,4,2.700000000000273,4,1.2999999999988177,2opt,notBad
18247,4,2.700000000000273,4,1.2999999999988177,swap,improve
18248,4,2.700000000000273,4,1.2999999999988177,swap,notBad
18249,4,2.700000000000273,4,1.2999999999988177,move,notBad
18250,4,2.700000000000273,4,1.2999999999988177,swap,improve
18251,4,2.700000000000273,4,1.2999999999988177,swap,improve
18252,4,2.700000000000273,4,1.2999999999988177,move,improve
18253,4,2.700000000000273,4,1.2999999999988177,2opt,notBad
18254,4,2.700000000000273,4,1.2999999999988177,move,improve
18255,4,2.700000000000273,4,1.2999999999988177,move,improve
18256,4,2.700000000000273,4,1.2999999999988177,move,improve
18257,4,2.700000000000273,4,1.2999999999988177,move,improve
18258,4,2.700000000000273,4,1.2999999999988177,move,improve
18259,4,2.700000000000273,4,1.2999999999988177,move,improve
18260,4,2.700000000000273,4,1.2999999999988177,2opt,notBad
18261,4,2.700000000000273,4,1.2999999999988177,swap,notBad
18262,4,2.700000000000273,4,1.2999999999988177,2opt,notBad
18263,4,2.700000000000273,4,1.2999999999988177,swap,notBad
18264,4,2.700000000000273,4,1.2999999999988177,swap,improve
18265,4,2.700000000000273,4,1.2999999999988177,2opt,notBad
18266,4,2.700000000000273,4,1.2999999999988177,move,improve
18267,4,2.700000000000273,4,1.2999999999988177,move,improve
18268,4,2.700000000000273,4,1.2999999999988177,swap,improve
18269,4,2.700000000000273,4,1.2999999999988177,2opt,notBad
18270,4,2.700000000000273,4,1.2999999999988177,swap,improve
18271,4,2.700000000000273,4,1.2999999999988177,2opt,notBad
18272,4,2.700000000000273,4,1.2999999999988177,swap,improve
18273,4,2.700000000000273,4,1.2999999999988177,2opt,notBad
18274,4,2.700000000000273,4,1.2999999999988177,move,improve
18275,4,2.700000000000273,4,1.2999999999988177,swap,notBad
18276,4,2.700000000000273,4,1.2999999999988177,2opt,notBad
18277,4,2.700000000000273,4,1.2999999999988177,swap,improve
18278,4,2.700000000000273,4,1.2999999999988177,swap,improve
18279,4,2.700000000000273,4,1.2999999999988177,move,improve
18280,4,2.700000000000273,4,1.2999999999988177,swap,improve
18281,4,2.700000000000273,4,1.2999999999988177,2opt,notBad
18282,4,2.700000000000273,4,1.2999999999988177,swap,improve
18283,4,2.700000000000273,4,1.2999999999988177,swap,notBad
18284,4,2.700000000000273,4,1.2999999999988177,swap,notBad
18285,4,2.700000000000273,4,1.2999999999988177,move,improve
18286,4,2.700000000000273,4,1.2999999999988177,move,improve
18287,4,2.700000000000273,4,1.2999999999988177,move,improve
18288,4,2.700000000000273,4,1.2999999999988177,move,improve
18289,4,2.700000000000273,4,1.2999999999988177,swap,improve
18290,4,2.700000000000273,4,1.2999999999988177,2opt,notBad
18291,4,2.700000000000273,4,1.2999999999988177,move,improve
18292,4,2.700000000000273,4,1.2999999999988177,2opt,notBad
18293,4,2.700000000000273,4,1.2999999999988177,2opt,improve
18294,4,2.700000000000273,4,1.2999999999988177,swap,improve
18295,4,2.700000000000273,4,1.2999999999988177,2opt,improve
18296,4,2.700000000000273,4,1.2999999999988177,2opt,notBad
18297,4,2.700000000000273,4,1.2999999999988177,move,improve
18298,4,2.700000000000273,4,1.2999999999988177,swap,notBad
18299,4,2.700000000000273,4,1.2999999999988177,swap,notBad
18300,4,2.700000000000273,4,1.2999999999988177,swap,improve
18301,4,2.700000000000273,4,1.2999999999988177,move,improve
18302,4,2.700000000000273,4,1.2999999999988177,swap,improve
18303,4,2.700000000000273,4,1.2999999999988177,swap,notBad
18304,4,2.700000000000273,4,1.2999999999988177,move,improve
18305,4,2.700000000000273,4,1.2999999999988177,2opt,notBad
18306,4,2.700000000000273,4,1.2999999999988177,move,improve
18307,4,2.700000000000273,4,1.2999999999988177,2opt,notBad
18308,4,2.700000000000273,4,1.2999999999988177,move,improve
18309,4,2.700000000000273,4,1.2999999999988177,move,improve
18310,4,2.700000000000273,4,1.2999999999988177,swap,improve
18311,4,2.700000000000273,4,1.2999999999988177,move,improve
18312,4,2.700000000000273,4,1.2999999999988177,swap,improve
18313,4,2.700000000000273,4,1.2999999999988177,swap,improve
18314,4,2.700000000000273,4,1.2999999999988177,swap,improve
18315,4,2.700000000000273,4,1.2999999999988177,2opt,improve
18316,4,2.700000000000273,4,1.2999999999988177,swap,notBad
18317,4,2.700000000000273,4,1.2999999999988177,2opt,notBad
18318,4,2.700000000000273,4,1.2999999999988177,move,improve
18319,4,2.700000000000273,4,1.2999999999988177,swap,notBad
18320,4,2.700000000000273,4,1.2999999999988177,2opt,improve
18321,4,2.700000000000273,4,1.2999999999988177,2opt,notBad
18322,4,2.700000000000273,4,1.2999999999988177,move,improve
18323,4,2.700000000000273,4,1.2999999999988177,move,improve
18324,4,2.700000000000273,4,1.2999999999988177,move,improve
18325,4,2.700000000000273,4,1.2999999999988177,swap,notBad
18326,4,2.700000000000273,4,1.2999999999988177,2opt,improve
18327,4,2.700000000000273,4,1.2999999999988177,2opt,improve
18328,4,2.700000000000273,4,1.2999999999988177,swap,notBad
18329,4,2.700000000000273,4,1.2999999999988177,move,improve
18330,4,2.700000000000273,4,1.2999999999988177,2opt,notBad
18331,4,2.700000000000273,4,1.2999999999988177,move,improve
18332,4,2.700000000000273,4,1.2999999999988177,2opt,notBad
18333,4,2.700000000000273,4,1.2999999999988177,move,improve
18334,4,2.700000000000273,4,1.2999999999988177,swap,improve
18335,4,2.700000000000273,4,1.2999999999988177,swap,improve
18336,4,2.700000000000273,4,1.2999999999988177,swap,notBad
18337,4,2.700000000000273,4,1.2999999999988177,swap,notBad
18338,4,2.700000000000273,4,1.2999999999988177,2opt,notBad
18339,4,2.700000000000273,4,1.2999999999988177,swap,improve
18340,4,2.700000000000273,4,1.2999999999988177,move,improve
18341,4,2.700000000000273,4,1.2999999999988177,2opt,notBad
18342,4,2.700000000000273,4,1.2999999999988177,move,improve
18343,4,2.700000000000273,4,1.2999999999988177,2opt,notBad
18344,4,2.700000000000273,4,1.2999999999988177,2opt,notBad
18345,4,2.700000000000273,4,1.2999999999988177,swap,improve
18346,4,2.700000000000273,4,1.2999999999988177,swap,improve
18347,4,2.700000000000273,4,1.2999999999988177,2opt,notBad
18348,4,2.700000000000273,4,1.2999999999988177,swap,notBad
18349,4,2.700000000000273,4,1.2999999999988177,move,improve
18350,4,2.700000000000273,4,1.2999999999988177,move,improve
18351,4,2.700000000000273,4,1.2999999999988177,swap,notBad
18352,4,2.700000000000273,4,1.2999999999988177,move,improve
18353,4,2.700000000000273,4,1.2999999999988177,swap,improve
18354,4,2.700000000000273,4,1.2999999999988177,swap,improve
18355,4,2.700000000000273,4,1.2999999999988177,move,improve
18356,4,2.700000000000273,4,1.2999999999988177,move,improve
18357,4,2.700000000000273,4,1.2999999999988177,move,improve
18358,4,2.700000000000273,4,1.2999999999988177,swap,improve
18359,4,2.700000000000273,4,1.2999999999988177,move,improve
18360,4,2.700000000000273,4,1.2999999999988177,2opt,notBad
18361,4,2.700000000000273,4,1.2999999999988177,move,improve
18362,4,2.700000000000273,4,1.2999999999988177,swap,notBad
18363,4,2.700000000000273,4,1.2999999999988177,move,improve
18364,4,2.700000000000273,4,1.2999999999988177,2opt,notBad
18365,4,2.700000000000273,4,1.2999999999988177,2opt,notBad
18366,4,2.700000000000273,4,1.2999999999988177,move,improve
18367,4,2.700000000000273,4,1.2999999999988177,move,improve
18368,4,2.700000000000273,4,1.2999999999988177,move,improve
18369,4,2.700000000000273,4,1.2999999999988177,move,improve
18370,4,2.700000000000273,4,1.2999999999988177,swap,notBad
18371,4,2.700000000000273,4,1.2999999999988177,swap,notBad
18372,4,2.700000000000273,4,1.2999999999988177,move,improve
18373,4,2.700000000000273,4,1.2999999999988177,move,improve
18374,4,2.700000000000273,4,1.2999999999988177,2opt,notBad
18375,4,2.700000000000273,4,1.2999999999988177,move,improve
18376,4,2.700000000000273,4,1.2999999999988177,swap,improve
18377,4,2.700000000000273,4,1.2999999999988177,swap,notBad
18378,4,2.700000000000273,4,1.2999999999988177,2opt,notBad
18379,4,2.700000000000273,4,1.2999999999988177,move,improve
18380,4,2.700000000000273,4,1.2999999999988177,swap,improve
18381,4,2.700000000000273,4,1.2999999999988177,move,improve
18382,4,2.700000000000273,4,1.2999999999988177,swap,improve
18383,4,2.700000000000273,4,1.2999999999988177,swap,notBad
18384,4,2.700000000000273,4,1.2999999999988177,move,improve
18385,4,2.700000000000273,4,1.2999999999988177,move,improve
18386,4,2.700000000000273,4,1.2999999999988177,swap,improve
18387,4,2.700000000000273,4,1.2999999999988177,move,improve
18388,4,2.700000000000273,4,1.2999999999988177,2opt,notBad
18389,4,2.700000000000273,4,1.2999999999988177,move,improve
18390,4,2.700000000000273,4,1.2999999999988177,move,improve
18391,4,2.700000000000273,4,1.2999999999988177,swap,improve
18392,4,2.700000000000273,4,1.2999999999988177,swap,notBad
18393,4,2.700000000000273,4,1.2999999999988177,2opt,notBad
18394,4,2.700000000000273,4,1.2999999999988177,swap,improve
18395,4,2.700000000000273,4,1.2999999999988177,swap,notBad
18396,4,2.700000000000273,4,1.2999999999988177,2opt,notBad
18397,4,2.700000000000273,4,1.2999999999988177,move,improve
18398,4,2.700000000000273,4,1.2999999999988177,2opt,notBad
18399,4,2.700000000000273,4,1.2999999999988177,2opt,notBad
18400,4,2.700000000000273,4,1.2999999999988177,move,improve
18401,4,2.700000000000273,4,1.2999999999988177,2opt,improve
18402,4,2.700000000000273,4,1.2999999999988177,move,improve
18403,4,2.700000000000273,4,1.2999999999988177,swap,improve
18404,4,2.700000000000273,4,1.2999999999988177,move,improve
18405,4,2.700000000000273,4,1.2999999999988177,move,improve
18406,4,2.700000000000273,4,1.2999999999988177,swap,improve
18407,4,2.700000000000273,4,1.2999999999988177,2opt,notBad
18408,4,2.700000000000273,4,1.2999999999988177,swap,improve
18409,4,2.700000000000273,4,1.2999999999988177,move,improve
18410,4,2.700000000000273,4,1.2999999999988177,move,improve
18411,4,2.700000000000273,4,1.2999999999988177,move,improve
18412,4,2.700000000000273,4,1.2999999999988177,move,improve
18413,4,2.700000000000273,4,1.2999999999988177,2opt,notBad
18414,4,2.700000000000273,4,1.2999999999988177,2opt,improve
18415,4,2.700000000000273,4,1.2999999999988177,2opt,notBad
18416,4,2.700000000000273,4,1.2999999999988177,2opt,notBad
18417,4,2.700000000000273,4,1.2999999999988177,swap,notBad
18418,4,2.700000000000273,4,1.2999999999988177,move,improve
18419,4,2.700000000000273,4,1.2999999999988177,swap,improve
18420,4,2.700000000000273,4,1.2999999999988177,swap,improve
18421,4,2.700000000000273,4,1.2999999999988177,swap,improve
18422,4,2.700000000000273,4,1.2999999999988177,swap,notBad
18423,4,2.700000000000273,4,1.2999999999988177,2opt,notBad
18424,4,2.700000000000273,4,1.2999999999988177,swap,notBad
18425,4,2.700000000000273,4,1.2999999999988177,2opt,improve
18426,4,2.700000000000273,4,1.2999999999988177,move,improve
18427,4,2.700000000000273,4,1.2999999999988177,swap,notBad
18428,4,2.700000000000273,4,1.2999999999988177,2opt,notBad
18429,4,2.700000000000273,4,1.2999999999988177,move,improve
18430,4,2.700000000000273,4,1.2999999999988177,2opt,notBad
18431,4,2.700000000000273,4,1.2999999999988177,swap,notBad
18432,4,2.700000000000273,4,1.2999999999988177,2opt,improve
18433,4,2.700000000000273,4,1.2999999999988177,2opt,notBad
18434,4,2.700000000000273,4,1.2999999999988177,2opt,notBad
18435,4,2.700000000000273,4,1.2999999999988177,swap,notBad
18436,4,2.700000000000273,4,1.2999999999988177,2opt,notBad
18437,4,2.700000000000273,4,1.2999999999988177,2opt,improve
18438,4,2.700000000000273,4,1.2999999999988177,2opt,notBad
18439,4,2.700000000000273,4,1.2999999999988177,swap,notBad
18440,4,2.700000000000273,4,1.2999999999988177,move,improve
18441,4,2.700000000000273,4,1.2999999999988177,move,improve
18442,4,2.700000000000273,4,1.2999999999988177,2opt,notBad
18443,4,2.700000000000273,4,1.2999999999988177,2opt,notBad
18444,4,2.700000000000273,4,1.2999999999988177,2opt,improve
18445,4,2.700000000000273,4,1.2999999999988177,2opt,notBad
18446,4,2.700000000000273,4,1.2999999999988177,move,improve
18447,4,2.700000000000273,4,1.2999999999988177,swap,notBad
18448,4,2.700000000000273,4,1.2999999999988177,2opt,notBad
18449,4,2.700000000000273,4,1.2999999999988177,2opt,notBad
18450,4,2.700000000000273,4,1.2999999999988177,2opt,notBad
18451,4,2.700000000000273,4,1.2999999999988177,swap,notBad
18452,4,2.700000000000273,4,1.2999999999988177,2opt,notBad
18453,4,2.700000000000273,4,1.2999999999988177,move,improve
18454,4,2.700000000000273,4,1.2999999999988177,2opt,notBad
18455,4,2.700000000000273,4,1.2999999999988177,swap,notBad
18456,4,2.700000000000273,4,1.2999999999988177,swap,notBad
18457,4,2.700000000000273,4,1.2999999999988177,2opt,notBad
18458,4,2.700000000000273,4,1.2999999999988177,move,improve
18459,4,2.700000000000273,4,1.2999999999988177,2opt,notBad
18460,4,2.700000000000273,4,1.2999999999988177,swap,notBad
18461,4,2.700000000000273,4,1.2999999999988177,move,improve
18462,4,2.700000000000273,4,1.2999999999988177,2opt,notBad
18463,4,2.700000000000273,4,1.2999999999988177,swap,improve
18464,4,2.700000000000273,4,1.2999999999988177,2opt,notBad
18465,4,2.700000000000273,4,1.2999999999988177,move,improve
18466,4,2.700000000000273,4,1.2999999999988177,2opt,notBad
18467,4,2.700000000000273,4,1.2999999999988177,2opt,improve
18468,4,2.700000000000273,4,1.2999999999988177,2opt,notBad
18469,4,2.700000000000273,4,1.2999999999988177,move,improve
18470,4,2.700000000000273,4,1.2999999999988177,swap,improve
18471,4,2.700000000000273,4,1.2999999999988177,move,improve
18472,4,2.700000000000273,4,1.2999999999988177,swap,notBad
18473,4,2.700000000000273,4,1.2999999999988177,2opt,notBad
18474,4,2.700000000000273,4,1.2999999999988177,swap,notBad
18475,4,2.700000000000273,4,1.2999999999988177,2opt,notBad
18476,4,2.700000000000273,4,1.2999999999988177,swap,improve
18477,4,2.700000000000273,4,1.2999999999988177,move,improve
18478,4,2.700000000000273,4,1.2999999999988177,2opt,notBad
18479,4,2.700000000000273,4,1.2999999999988177,swap,notBad
18480,4,2.700000000000273,4,1.2999999999988177,move,improve
18481,4,2.700000000000273,4,1.2999999999988177,swap,notBad
18482,4,2.700000000000273,4,1.2999999999988177,move,improve
18483,4,2.700000000000273,4,1.2999999999988177,2opt,notBad
18484,4,2.700000000000273,4,1.2999999999988177,swap,improve
18485,4,2.700000000000273,4,1.2999999999988177,2opt,improve
18486,4,2.700000000000273,4,1.2999999999988177,swap,improve
18487,4,2.700000000000273,4,1.2999999999988177,swap,improve
18488,4,2.700000000000273,4,1.2999999999988177,move,improve
18489,4,2.700000000000273,4,1.2999999999988177,swap,notBad
18490,4,2.700000000000273,4,1.2999999999988177,2opt,notBad
18491,4,2.700000000000273,4,1.2999999999988177,2opt,notBad
18492,4,2.700000000000273,4,1.2999999999988177,2opt,notBad
18493,4,2.700000000000273,4,1.2999999999988177,2opt,notBad
18494,4,2.700000000000273,4,1.2999999999988177,2opt,notBad
18495,4,2.700000000000273,4,1.2999999999988177,swap,improve
18496,4,2.700000000000273,4,1.2999999999988177,move,improve
18497,4,2.700000000000273,4,1.2999999999988177,move,improve
18498,4,2.700000000000273,4,1.2999999999988177,move,improve
18499,4,2.700000000000273,4,1.2999999999988177,move,improve
18500,4,2.700000000000273,4,1.2999999999988177,2opt,notBad
18501,4,2.700000000000273,4,1.2999999999988177,2opt,notBad
18502,4,2.700000000000273,4,1.2999999999988177,swap,notBad
18503,4,2.700000000000273,4,1.2999999999988177,2opt,notBad
18504,4,2.700000000000273,4,1.2999999999988177,move,improve
18505,4,2.700000000000273,4,1.2999999999988177,2opt,notBad
18506,4,2.700000000000273,4,1.2999999999988177,2opt,notBad
18507,4,2.700000000000273,4,1.2999999999988177,2opt,notBad
18508,4,2.700000000000273,4,1.2999999999988177,2opt,improve
18509,4,2.700000000000273,4,1.2999999999988177,2opt,improve
18510,4,2.700000000000273,4,1.2999999999988177,move,improve
18511,4,2.700000000000273,4,1.2999999999988177,2opt,notBad
18512,4,2.700000000000273,4,1.2999999999988177,move,improve
18513,4,2.700000000000273,4,1.2999999999988177,move,improve
18514,4,2.700000000000273,4,1.2999999999988177,2opt,notBad
18515,4,2.700000000000273,4,1.2999999999988177,swap,improve
18516,4,2.700000000000273,4,1.2999999999988177,2opt,notBad
18517,4,2.700000000000273,4,1.2999999999988177,move,improve
18518,4,2.700000000000273,4,1.2999999999988177,swap,improve
18519,4,2.700000000000273,4,1.2999999999988177,swap,notBad
18520,4,2.700000000000273,4,1.2999999999988177,2opt,notBad
18521,4,2.700000000000273,4,1.2999999999988177,move,improve
18522,4,2.700000000000273,4,1.2999999999988177,swap,notBad
18523,4,2.700000000000273,4,1.2999999999988177,move,improve
18524,4,2.700000000000273,4,1.2999999999988177,2opt,notBad
18525,4,2.700000000000273,4,1.2999999999988177,move,improve
18526,4,2.700000000000273,4,1.2999999999988177,2opt,notBad
18527,4,2.700000000000273,4,1.2999999999988177,swap,improve
18528,4,2.700000000000273,4,1.2999999999988177,2opt,notBad
18529,4,2.700000000000273,4,1.2999999999988177,2opt,notBad
18530,4,2.700000000000273,4,1.2999999999988177,2opt,notBad
18531,4,2.700000000000273,4,1.2999999999988177,2opt,notBad
18532,4,2.700000000000273,4,1.2999999999988177,2opt,notBad
18533,4,2.700000000000273,4,1.2999999999988177,2opt,notBad
18534,4,2.700000000000273,4,1.2999999999988177,2opt,notBad
18535,4,2.700000000000273,4,1.2999999999988177,move,improve
18536,4,2.700000000000273,4,1.2999999999988177,swap,improve
18537,4,2.700000000000273,4,1.2999999999988177,2opt,notBad
18538,4,2.700000000000273,4,1.2999999999988177,2opt,notBad
18539,4,2.700000000000273,4,1.2999999999988177,2opt,notBad
18540,4,2.700000000000273,4,1.2999999999988177,2opt,notBad
18541,4,2.700000000000273,4,1.2999999999988177,swap,improve
18542,4,2.700000000000273,4,1.2999999999988177,swap,notBad
18543,4,2.700000000000273,4,1.2999999999988177,2opt,notBad
18544,4,2.700000000000273,4,1.2999999999988177,move,improve
18545,4,2.700000000000273,4,1.2999999999988177,2opt,notBad
18546,4,2.700000000000273,4,1.2999999999988177,move,improve
18547,4,2.700000000000273,4,1.2999999999988177,move,improve
18548,4,2.700000000000273,4,1.2999999999988177,move,improve
18549,4,2.700000000000273,4,1.2999999999988177,2opt,notBad
18550,4,2.700000000000273,4,1.2999999999988177,swap,notBad
18551,4,2.700000000000273,4,1.2999999999988177,2opt,notBad
18552,4,2.700000000000273,4,1.2999999999988177,swap,improve
18553,4,2.700000000000273,4,1.2999999999988177,2opt,notBad
18554,4,2.700000000000273,4,1.2999999999988177,swap,improve
18555,4,2.700000000000273,4,1.2999999999988177,swap,improve
18556,4,2.700000000000273,4,1.2999999999988177,move,improve
18557,4,2.700000000000273,4,1.2999999999988177,move,improve
18558,4,2.700000000000273,4,1.2999999999988177,move,improve
18559,4,2.700000000000273,4,1.2999999999988177,move,notBad
18560,4,2.700000000000273,4,1.2999999999988177,swap,improve
18561,4,2.700000000000273,4,1.2999999999988177,swap,notBad
18562,4,2.700000000000273,4,1.2999999999988177,2opt,notBad
18563,4,2.700000000000273,4,1.2999999999988177,2opt,notBad
18564,4,2.700000000000273,4,1.2999999999988177,move,improve
18565,4,2.700000000000273,4,1.2999999999988177,move,improve
18566,4,2.700000000000273,4,1.2999999999988177,2opt,notBad
18567,4,2.700000000000273,4,1.2999999999988177,move,improve
18568,4,2.700000000000273,4,1.2999999999988177,move,improve
18569,4,2.700000000000273,4,1.2999999999988177,2opt,notBad
18570,4,2.700000000000273,4,1.2999999999988177,2opt,notBad
18571,4,2.700000000000273,4,1.2999999999988177,swap,improve
18572,4,2.700000000000273,4,1.2999999999988177,swap,improve
18573,4,2.700000000000273,4,1.2999999999988177,swap,improve
18574,4,2.700000000000273,4,1.2999999999988177,swap,improve
18575,4,2.700000000000273,4,1.2999999999988177,2opt,improve
18576,4,2.700000000000273,4,1.2999999999988177,2opt,notBad
18577,4,2.700000000000273,4,1.2999999999988177,2opt,notBad
18578,4,2.700000000000273,4,1.2999999999988177,2opt,notBad
18579,4,2.700000000000273,4,1.2999999999988177,swap,improve
18580,4,2.700000000000273,4,1.2999999999988177,2opt,notBad
18581,4,2.700000000000273,4,1.2999999999988177,2opt,notBad
18582,4,2.700000000000273,4,1.2999999999988177,swap,notBad
18583,4,2.700000000000273,4,1.2999999999988177,2opt,notBad
18584,4,2.700000000000273,4,1.2999999999988177,2opt,notBad
18585,4,2.700000000000273,4,1.2999999999988177,move,improve
18586,4,2.700000000000273,4,1.2999999999988177,swap,notBad
18587,4,2.700000000000273,4,1.2999999999988177,move,improve
18588,4,2.700000000000273,4,1.2999999999988177,2opt,notBad
18589,4,2.700000000000273,4,1.2999999999988177,2opt,notBad
18590,4,2.700000000000273,4,1.2999999999988177,move,improve
18591,4,2.700000000000273,4,1.2999999999988177,swap,improve
18592,4,2.700000000000273,4,1.2999999999988177,2opt,notBad
18593,4,2.700000000000273,4,1.2999999999988177,move,improve
18594,4,2.700000000000273,4,1.2999999999988177,swap,notBad
18595,4,2.700000000000273,4,1.2999999999988177,swap,improve
18596,4,2.700000000000273,4,1.2999999999988177,2opt,notBad
18597,4,2.700000000000273,4,1.2999999999988177,move,improve
18598,4,2.700000000000273,4,1.2999999999988177,swap,notBad
18599,4,2.700000000000273,4,1.2999999999988177,2opt,notBad
18600,4,2.700000000000273,4,1.2999999999988177,2opt,notBad
18601,4,2.700000000000273,4,1.2999999999988177,swap,improve
18602,4,2.700000000000273,4,1.2999999999988177,2opt,notBad
18603,4,2.700000000000273,4,1.2999999999988177,2opt,notBad
18604,4,2.700000000000273,4,1.2999999999988177,move,improve
18605,4,2.700000000000273,4,1.2999999999988177,2opt,notBad
18606,4,2.700000000000273,4,1.2999999999988177,move,improve
18607,4,2.700000000000273,4,1.2999999999988177,swap,notBad
18608,4,2.700000000000273,4,1.2999999999988177,swap,notBad
18609,4,2.700000000000273,4,1.2999999999988177,swap,notBad
18610,4,2.700000000000273,4,1.2999999999988177,2opt,notBad
18611,4,2.700000000000273,4,1.2999999999988177,swap,improve
18612,4,2.700000000000273,4,1.2999999999988177,swap,notBad
18613,4,2.700000000000273,4,1.2999999999988177,2opt,notBad
18614,4,2.700000000000273,4,1.2999999999988177,2opt,improve
18615,4,2.700000000000273,4,1.2999999999988177,2opt,notBad
18616,4,2.700000000000273,4,1.2999999999988177,move,improve
18617,4,2.700000000000273,4,1.2999999999988177,move,improve
18618,4,2.700000000000273,4,1.2999999999988177,2opt,improve
18619,4,2.700000000000273,4,1.2999999999988177,2opt,notBad
18620,4,2.700000000000273,4,1.2999999999988177,2opt,improve
18621,4,2.700000000000273,4,1.2999999999988177,move,improve
18622,4,2.700000000000273,4,1.2999999999988177,2opt,notBad
18623,4,2.700000000000273,4,1.2999999999988177,swap,notBad
18624,4,2.700000000000273,4,1.2999999999988177,move,improve
18625,4,2.700000000000273,4,1.2999999999988177,2opt,notBad
18626,4,2.700000000000273,4,1.2999999999988177,move,improve
18627,4,2.700000000000273,4,1.2999999999988177,move,improve
18628,4,2.700000000000273,4,1.2999999999988177,swap,improve
18629,4,2.700000000000273,4,1.2999999999988177,move,improve
18630,4,2.700000000000273,4,1.2999999999988177,move,improve
18631,4,2.700000000000273,4,1.2999999999988177,2opt,notBad
18632,4,2.700000000000273,4,1.2999999999988177,move,improve
18633,4,2.700000000000273,4,1.2999999999988177,2opt,notBad
18634,4,2.700000000000273,4,1.2999999999988177,move,improve
18635,4,2.700000000000273,4,1.2999999999988177,2opt,notBad
18636,4,2.700000000000273,4,1.2999999999988177,2opt,notBad
18637,4,2.700000000000273,4,1.2999999999988177,move,notBad
18638,4,2.700000000000273,4,1.2999999999988177,move,improve
18639,4,2.700000000000273,4,1.2999999999988177,swap,notBad
18640,4,2.700000000000273,4,1.2999999999988177,move,improve
18641,4,2.700000000000273,4,1.2999999999988177,swap,improve
18642,4,2.700000000000273,4,1.2999999999988177,swap,notBad
18643,4,2.700000000000273,4,1.2999999999988177,2opt,notBad
18644,4,2.700000000000273,4,1.2999999999988177,move,improve
18645,4,2.700000000000273,4,1.2999999999988177,swap,improve
18646,4,2.700000000000273,4,1.2999999999988177,move,improve
18647,4,2.700000000000273,4,1.2999999999988177,swap,improve
18648,4,2.700000000000273,4,1.2999999999988177,2opt,notBad
18649,4,2.700000000000273,4,1.2999999999988177,swap,notBad
18650,4,2.700000000000273,4,1.2999999999988177,2opt,notBad
18651,4,2.700000000000273,4,1.2999999999988177,2opt,notBad
18652,4,2.700000000000273,4,1.2999999999988177,move,improve
18653,4,2.700000000000273,4,1.2999999999988177,2opt,notBad
18654,4,2.700000000000273,4,1.2999999999988177,move,improve
18655,4,2.700000000000273,4,1.2999999999988177,swap,improve
18656,4,2.700000000000273,4,1.2999999999988177,move,improve
18657,4,2.700000000000273,4,1.2999999999988177,move,improve
18658,4,2.700000000000273,4,1.2999999999988177,2opt,improve
18659,4,2.700000000000273,4,1.2999999999988177,move,improve
18660,4,2.700000000000273,4,1.2999999999988177,swap,notBad
18661,4,2.700000000000273,4,1.2999999999988177,swap,improve
18662,4,2.700000000000273,4,1.2999999999988177,move,improve
18663,4,2.700000000000273,4,1.2999999999988177,swap,notBad
18664,4,2.700000000000273,4,1.2999999999988177,swap,notBad
18665,4,2.700000000000273,4,1.2999999999988177,2opt,notBad
18666,4,2.700000000000273,4,1.2999999999988177,swap,notBad
18667,4,2.700000000000273,4,1.2999999999988177,move,improve
18668,4,2.700000000000273,4,1.2999999999988177,swap,notBad
18669,4,2.700000000000273,4,1.2999999999988177,swap,improve
18670,4,2.700000000000273,4,1.2999999999988177,2opt,notBad
18671,4,2.700000000000273,4,1.2999999999988177,2opt,notBad
18672,4,2.700000000000273,4,1.2999999999988177,2opt,notBad
18673,4,2.700000000000273,4,1.2999999999988177,swap,improve
18674,4,2.700000000000273,4,1.2999999999988177,swap,notBad
18675,4,2.700000000000273,4,1.2999999999988177,swap,improve
18676,4,2.700000000000273,4,1.2999999999988177,move,improve
18677,4,2.700000000000273,4,1.2999999999988177,2opt,notBad
18678,4,2.700000000000273,4,1.2999999999988177,move,improve
18679,4,2.700000000000273,4,1.2999999999988177,move,improve
18680,4,2.700000000000273,4,1.2999999999988177,move,improve
18681,4,2.700000000000273,4,1.2999999999988177,2opt,notBad
18682,4,2.700000000000273,4,1.2999999999988177,2opt,notBad
18683,4,2.700000000000273,4,1.2999999999988177,move,improve
18684,4,2.700000000000273,4,1.2999999999988177,swap,improve
18685,4,2.700000000000273,4,1.2999999999988177,2opt,notBad
18686,4,2.700000000000273,4,1.2999999999988177,2opt,notBad
18687,4,2.700000000000273,4,1.2999999999988177,2opt,notBad
18688,4,2.700000000000273,4,1.2999999999988177,swap,improve
18689,4,2.700000000000273,4,1.2999999999988177,2opt,notBad
18690,4,2.700000000000273,4,1.2999999999988177,swap,improve
18691,4,2.700000000000273,4,1.2999999999988177,swap,notBad
18692,4,2.700000000000273,4,1.2999999999988177,swap,improve
18693,4,2.700000000000273,4,1.2999999999988177,2opt,notBad
18694,4,2.700000000000273,4,1.2999999999988177,swap,notBad
18695,4,2.700000000000273,4,1.2999999999988177,swap,improve
18696,4,2.700000000000273,4,1.2999999999988177,move,improve
18697,4,2.700000000000273,4,1.2999999999988177,2opt,improve
18698,4,2.700000000000273,4,1.2999999999988177,swap,notBad
18699,4,2.700000000000273,4,1.2999999999988177,2opt,notBad
18700,4,2.700000000000273,4,1.2999999999988177,move,improve
18701,4,2.700000000000273,4,1.2999999999988177,swap,notBad
18702,4,2.700000000000273,4,1.2999999999988177,move,improve
18703,4,2.700000000000273,4,1.2999999999988177,move,improve
18704,4,2.700000000000273,4,1.2999999999988177,swap,improve
18705,4,2.700000000000273,4,1.2999999999988177,swap,improve
18706,4,2.700000000000273,4,1.2999999999988177,2opt,notBad
18707,4,2.700000000000273,4,1.2999999999988177,move,improve
18708,4,2.700000000000273,4,1.2999999999988177,swap,notBad
18709,4,2.700000000000273,4,1.2999999999988177,move,improve
18710,4,2.700000000000273,4,1.2999999999988177,2opt,notBad
18711,4,2.700000000000273,4,1.2999999999988177,swap,notBad
18712,4,2.700000000000273,4,1.2999999999988177,swap,notBad
18713,4,2.700000000000273,4,1.2999999999988177,swap,improve
18714,4,2.700000000000273,4,1.2999999999988177,2opt,notBad
18715,4,2.700000000000273,4,1.2999999999988177,move,improve
18716,4,2.700000000000273,4,1.2999999999988177,swap,improve
18717,4,2.700000000000273,4,1.2999999999988177,swap,notBad
18718,4,2.700000000000273,4,1.2999999999988177,swap,notBad
18719,4,4.199999999998909,4,1.2999999999988177,swap,acceptBad
18720,4,4.199999999998909,4,1.2999999999988177,swap,improve
18721,4,4.199999999998909,4,1.2999999999988177,2opt,improve
18722,4,4.199999999998909,4,1.2999999999988177,2opt,notBad
18723,4,4.199999999998909,4,1.2999999999988177,2opt,notBad
18724,4,4.199999999998909,4,1.2999999999988177,move,improve
18725,4,4.199999999998909,4,1.2999999999988177,swap,notBad
18726,4,4.199999999998909,4,1.2999999999988177,2opt,improve
18727,4,4.199999999998909,4,1.2999999999988177,2opt,notBad
18728,4,4.199999999998909,4,1.2999999999988177,swap,improve
18729,4,4.199999999998909,4,1.2999999999988177,2opt,improve
18730,4,4.199999999998909,4,1.2999999999988177,2opt,notBad
18731,4,4.199999999998909,4,1.2999999999988177,move,improve
18732,4,4.199999999998909,4,1.2999999999988177,swap,notBad
18733,4,4.199999999998909,4,1.2999999999988177,swap,notBad
18734,4,4.199999999998909,4,1.2999999999988177,move,improve
18735,4,4.199999999998909,4,1.2999999999988177,swap,improve
18736,4,4.199999999998909,4,1.2999999999988177,move,improve
18737,4,4.199999999998909,4,1.2999999999988177,move,improve
18738,4,4.199999999998909,4,1.2999999999988177,move,improve
18739,4,4.199999999998909,4,1.2999999999988177,move,improve
18740,4,4.199999999998909,4,1.2999999999988177,2opt,notBad
18741,4,4.199999999998909,4,1.2999999999988177,2opt,notBad
18742,4,4.199999999998909,4,1.2999999999988177,move,improve
18743,4,4.199999999998909,4,1.2999999999988177,move,improve
18744,4,4.199999999998909,4,1.2999999999988177,2opt,notBad
18745,4,4.199999999998909,4,1.2999999999988177,move,improve
18746,4,4.199999999998909,4,1.2999999999988177,2opt,notBad
18747,4,4.199999999998909,4,1.2999999999988177,2opt,improve
18748,4,4.199999999998909,4,1.2999999999988177,2opt,notBad
18749,4,4.199999999998909,4,1.2999999999988177,2opt,notBad
18750,4,4.199999999998909,4,1.2999999999988177,2opt,notBad
18751,4,4.199999999998909,4,1.2999999999988177,swap,improve
18752,4,4.199999999998909,4,1.2999999999988177,move,improve
18753,4,4.199999999998909,4,1.2999999999988177,swap,improve
18754,4,4.199999999998909,4,1.2999999999988177,2opt,notBad
18755,4,4.199999999998909,4,1.2999999999988177,2opt,notBad
18756,4,4.199999999998909,4,1.2999999999988177,2opt,notBad
18757,4,4.199999999998909,4,1.2999999999988177,swap,notBad
18758,4,4.199999999998909,4,1.2999999999988177,2opt,notBad
18759,4,4.199999999998909,4,1.2999999999988177,2opt,notBad
18760,4,4.199999999998909,4,1.2999999999988177,move,improve
18761,4,4.199999999998909,4,1.2999999999988177,2opt,notBad
18762,4,4.199999999998909,4,1.2999999999988177,move,notBad
18763,4,4.199999999998909,4,1.2999999999988177,move,improve
18764,4,4.199999999998909,4,1.2999999999988177,move,improve
18765,4,4.199999999998909,4,1.2999999999988177,2opt,notBad
18766,4,4.199999999998909,4,1.2999999999988177,swap,improve
18767,4,4.199999999998909,4,1.2999999999988177,2opt,improve
18768,4,4.199999999998909,4,1.2999999999988177,2opt,notBad
18769,4,4.199999999998909,4,1.2999999999988177,move,improve
18770,4,4.199999999998909,4,1.2999999999988177,swap,notBad
18771,4,4.199999999998909,4,1.2999999999988177,move,improve
18772,4,4.199999999998909,4,1.2999999999988177,swap,improve
18773,4,4.199999999998909,4,1.2999999999988177,2opt,notBad
18774,4,4.199999999998909,4,1.2999999999988177,swap,notBad
18775,4,4.199999999998909,4,1.2999999999988177,move,improve
18776,4,4.199999999998909,4,1.2999999999988177,move,improve
18777,4,4.199999999998909,4,1.2999999999988177,2opt,notBad
18778,4,4.199999999998909,4,1.2999999999988177,move,improve
18779,4,4.199999999998909,4,1.2999999999988177,move,improve
18780,4,4.199999999998909,4,1.2999999999988177,move,improve
18781,4,4.199999999998909,4,1.2999999999988177,swap,notBad
18782,4,4.199999999998909,4,1.2999999999988177,swap,notBad
18783,4,4.199999999998909,4,1.2999999999988177,swap,improve
18784,4,4.199999999998909,4,1.2999999999988177,move,improve
18785,4,4.199999999998909,4,1.2999999999988177,2opt,notBad
18786,4,4.199999999998909,4,1.2999999999988177,2opt,notBad
18787,4,4.199999999998909,4,1.2999999999988177,move,improve
18788,4,4.199999999998909,4,1.2999999999988177,2opt,notBad
18789,4,4.199999999998909,4,1.2999999999988177,swap,notBad
18790,4,4.199999999998909,4,1.2999999999988177,2opt,notBad
18791,4,4.199999999998909,4,1.2999999999988177,move,improve
18792,4,4.199999999998909,4,1.2999999999988177,2opt,notBad
18793,4,4.199999999998909,4,1.2999999999988177,2opt,notBad
18794,4,4.199999999998909,4,1.2999999999988177,2opt,notBad
18795,4,4.199999999998909,4,1.2999999999988177,move,improve
18796,4,4.199999999998909,4,1.2999999999988177,2opt,notBad
18797,4,4.199999999998909,4,1.2999999999988177,swap,improve
18798,4,4.199999999998909,4,1.2999999999988177,2opt,notBad
18799,4,4.199999999998909,4,1.2999999999988177,2opt,notBad
18800,4,4.199999999998909,4,1.2999999999988177,move,improve
18801,4,4.199999999998909,4,1.2999999999988177,2opt,notBad
18802,4,4.199999999998909,4,1.2999999999988177,move,improve
18803,4,4.199999999998909,4,1.2999999999988177,2opt,improve
18804,4,4.199999999998909,4,1.2999999999988177,move,improve
18805,4,4.199999999998909,4,1.2999999999988177,swap,improve
18806,4,4.199999999998909,4,1.2999999999988177,move,improve
18807,4,4.199999999998909,4,1.2999999999988177,move,improve
18808,4,4.199999999998909,4,1.2999999999988177,move,notBad
18809,4,4.199999999998909,4,1.2999999999988177,swap,notBad
18810,4,4.199999999998909,4,1.2999999999988177,2opt,notBad
18811,4,4.199999999998909,4,1.2999999999988177,swap,improve
18812,4,4.199999999998909,4,1.2999999999988177,swap,notBad
18813,4,4.199999999998909,4,1.2999999999988177,move,improve
18814,4,4.199999999998909,4,1.2999999999988177,swap,notBad
18815,4,4.199999999998909,4,1.2999999999988177,2opt,notBad
18816,4,4.199999999998909,4,1.2999999999988177,move,improve
18817,4,4.199999999998909,4,1.2999999999988177,move,improve
18818,4,4.199999999998909,4,1.2999999999988177,2opt,notBad
18819,4,4.199999999998909,4,1.2999999999988177,move,improve
18820,4,4.199999999998909,4,1.2999999999988177,2opt,notBad
18821,4,4.199999999998909,4,1.2999999999988177,2opt,notBad
18822,4,4.199999999998909,4,1.2999999999988177,swap,notBad
18823,4,4.199999999998909,4,1.2999999999988177,move,improve
18824,4,4.199999999998909,4,1.2999999999988177,swap,notBad
18825,4,4.199999999998909,4,1.2999999999988177,2opt,notBad
18826,4,4.199999999998909,4,1.2999999999988177,move,improve
18827,4,4.199999999998909,4,1.2999999999988177,move,improve
18828,4,4.199999999998909,4,1.2999999999988177,2opt,improve
18829,4,4.199999999998909,4,1.2999999999988177,swap,improve
18830,4,4.199999999998909,4,1.2999999999988177,move,improve
18831,4,4.199999999998909,4,1.2999999999988177,2opt,notBad
18832,4,4.199999999998909,4,1.2999999999988177,swap,improve
18833,4,4.199999999998909,4,1.2999999999988177,move,improve
18834,4,4.199999999998909,4,1.2999999999988177,swap,improve
18835,4,4.199999999998909,4,1.2999999999988177,move,improve
18836,4,4.199999999998909,4,1.2999999999988177,move,improve
18837,4,4.199999999998909,4,1.2999999999988177,2opt,notBad
18838,4,4.199999999998909,4,1.2999999999988177,2opt,notBad
18839,4,4.199999999998909,4,1.2999999999988177,move,improve
18840,4,4.199999999998909,4,1.2999999999988177,move,improve
18841,4,4.199999999998909,4,1.2999999999988177,2opt,notBad
18842,4,4.199999999998909,4,1.2999999999988177,move,improve
18843,4,4.199999999998909,4,1.2999999999988177,swap,notBad
18844,4,4.199999999998909,4,1.2999999999988177,move,improve
18845,4,4.199999999998909,4,1.2999999999988177,move,improve
18846,4,4.199999999998909,4,1.2999999999988177,2opt,notBad
18847,4,4.199999999998909,4,1.2999999999988177,2opt,notBad
18848,4,4.199999999998909,4,1.2999999999988177,move,improve
18849,4,4.199999999998909,4,1.2999999999988177,2opt,improve
18850,4,4.199999999998909,4,1.2999999999988177,swap,improve
18851,4,4.199999999998909,4,1.2999999999988177,move,improve
18852,4,4.199999999998909,4,1.2999999999988177,2opt,notBad
18853,4,4.199999999998909,4,1.2999999999988177,swap,improve
18854,4,4.199999999998909,4,1.2999999999988177,2opt,notBad
18855,4,4.199999999998909,4,1.2999999999988177,swap,notBad
18856,4,4.199999999998909,4,1.2999999999988177,move,improve
18857,4,4.199999999998909,4,1.2999999999988177,move,improve
18858,4,4.199999999998909,4,1.2999999999988177,move,improve
18859,4,4.199999999998909,4,1.2999999999988177,move,improve
18860,4,4.199999999998909,4,1.2999999999988177,swap,notBad
18861,4,4.199999999998909,4,1.2999999999988177,2opt,improve
18862,4,4.199999999998909,4,1.2999999999988177,move,improve
18863,4,4.199999999998909,4,1.2999999999988177,swap,notBad
18864,4,4.199999999998909,4,1.2999999999988177,2opt,notBad
18865,4,4.199999999998909,4,1.2999999999988177,swap,notBad
18866,4,4.199999999998909,4,1.2999999999988177,2opt,notBad
18867,4,4.199999999998909,4,1.2999999999988177,swap,notBad
18868,4,4.199999999998909,4,1.2999999999988177,2opt,notBad
18869,4,4.199999999998909,4,1.2999999999988177,move,improve
18870,4,4.199999999998909,4,1.2999999999988177,move,improve
18871,4,4.199999999998909,4,1.2999999999988177,move,improve
18872,4,4.199999999998909,4,1.2999999999988177,swap,improve
18873,4,4.199999999998909,4,1.2999999999988177,2opt,notBad
18874,4,4.199999999998909,4,1.2999999999988177,move,improve
18875,4,4.199999999998909,4,1.2999999999988177,swap,notBad
18876,4,4.199999999998909,4,1.2999999999988177,2opt,notBad
18877,4,4.199999999998909,4,1.2999999999988177,move,improve
18878,4,4.199999999998909,4,1.2999999999988177,2opt,notBad
18879,4,4.199999999998909,4,1.2999999999988177,2opt,improve
18880,4,4.199999999998909,4,1.2999999999988177,swap,improve
18881,4,4.199999999998909,4,1.2999999999988177,2opt,notBad
18882,4,4.199999999998909,4,1.2999999999988177,move,improve
18883,4,4.199999999998909,4,1.2999999999988177,2opt,notBad
18884,4,4.199999999998909,4,1.2999999999988177,move,improve
18885,4,4.199999999998909,4,1.2999999999988177,swap,notBad
18886,4,4.199999999998909,4,1.2999999999988177,swap,notBad
18887,4,4.199999999998909,4,1.2999999999988177,2opt,notBad
18888,4,4.199999999998909,4,1.2999999999988177,move,improve
18889,4,4.199999999998909,4,1.2999999999988177,move,improve
18890,4,4.199999999998909,4,1.2999999999988177,swap,improve
18891,4,4.199999999998909,4,1.2999999999988177,swap,notBad
18892,4,4.199999999998909,4,1.2999999999988177,2opt,notBad
18893,4,4.199999999998909,4,1.2999999999988177,2opt,notBad
18894,4,4.199999999998909,4,1.2999999999988177,move,improve
18895,4,4.199999999998909,4,1.2999999999988177,2opt,notBad
18896,4,4.199999999998909,4,1.2999999999988177,move,improve
18897,4,4.199999999998909,4,1.2999999999988177,move,improve
18898,4,4.199999999998909,4,1.2999999999988177,2opt,notBad
18899,4,4.199999999998909,4,1.2999999999988177,2opt,notBad
18900,4,4.199999999998909,4,1.2999999999988177,move,improve
18901,4,4.199999999998909,4,1.2999999999988177,2opt,notBad
18902,4,4.199999999998909,4,1.2999999999988177,move,improve
18903,4,4.199999999998909,4,1.2999999999988177,move,improve
18904,4,4.199999999998909,4,1.2999999999988177,move,improve
18905,4,4.199999999998909,4,1.2999999999988177,swap,improve
18906,4,4.199999999998909,4,1.2999999999988177,swap,notBad
18907,4,4.199999999998909,4,1.2999999999988177,2opt,notBad
18908,4,4.199999999998909,4,1.2999999999988177,2opt,notBad
18909,4,4.199999999998909,4,1.2999999999988177,swap,notBad
18910,4,4.199999999998909,4,1.2999999999988177,move,improve
18911,4,4.199999999998909,4,1.2999999999988177,move,improve
18912,4,4.199999999998909,4,1.2999999999988177,move,improve
18913,4,4.199999999998909,4,1.2999999999988177,swap,notBad
18914,4,4.199999999998909,4,1.2999999999988177,swap,improve
18915,4,4.199999999998909,4,1.2999999999988177,swap,improve
18916,4,4.199999999998909,4,1.2999999999988177,swap,notBad
18917,4,4.199999999998909,4,1.2999999999988177,swap,improve
18918,4,4.199999999998909,4,1.2999999999988177,swap,notBad
18919,4,4.199999999998909,4,1.2999999999988177,move,improve
18920,4,4.199999999998909,4,1.2999999999988177,move,improve
18921,4,4.199999999998909,4,1.2999999999988177,swap,improve
18922,4,4.199999999998909,4,1.2999999999988177,swap,notBad
18923,4,4.199999999998909,4,1.2999999999988177,swap,notBad
18924,4,4.199999999998909,4,1.2999999999988177,2opt,improve
18925,4,4.199999999998909,4,1.2999999999988177,move,improve
18926,4,4.199999999998909,4,1.2999999999988177,2opt,notBad
18927,4,4.199999999998909,4,1.2999999999988177,2opt,notBad
18928,4,4.199999999998909,4,1.2999999999988177,swap,improve
18929,4,4.199999999998909,4,1.2999999999988177,move,improve
18930,4,4.199999999998909,4,1.2999999999988177,swap,notBad
18931,4,4.199999999998909,4,1.2999999999988177,2opt,notBad
18932,4,4.199999999998909,4,1.2999999999988177,2opt,notBad
18933,4,4.199999999998909,4,1.2999999999988177,swap,improve
18934,4,4.199999999998909,4,1.2999999999988177,move,improve
18935,4,4.199999999998909,4,1.2999999999988177,move,improve
18936,4,4.199999999998909,4,1.2999999999988177,2opt,notBad
18937,4,4.199999999998909,4,1.2999999999988177,2opt,notBad
18938,4,4.199999999998909,4,1.2999999999988177,swap,improve
18939,4,4.199999999998909,4,1.2999999999988177,2opt,improve
18940,4,4.199999999998909,4,1.2999999999988177,swap,improve
18941,4,4.199999999998909,4,1.2999999999988177,move,improve
18942,4,4.199999999998909,4,1.2999999999988177,move,improve
18943,4,4.199999999998909,4,1.2999999999988177,move,improve
18944,4,4.199999999998909,4,1.2999999999988177,move,improve
18945,4,4.199999999998909,4,1.2999999999988177,swap,improve
18946,4,4.199999999998909,4,1.2999999999988177,2opt,notBad
18947,4,4.199999999998909,4,1.2999999999988177,move,improve
18948,4,4.199999999998909,4,1.2999999999988177,move,improve
18949,4,4.199999999998909,4,1.2999999999988177,2opt,improve
18950,4,4.199999999998909,4,1.2999999999988177,2opt,notBad
18951,4,4.199999999998909,4,1.2999999999988177,move,improve
18952,4,4.199999999998909,4,1.2999999999988177,2opt,notBad
18953,4,4.199999999998909,4,1.2999999999988177,2opt,notBad
18954,4,4.199999999998909,4,1.2999999999988177,swap,improve
18955,4,4.199999999998909,4,1.2999999999988177,swap,improve
18956,4,4.199999999998909,4,1.2999999999988177,2opt,notBad
18957,4,4.199999999998909,4,1.2999999999988177,2opt,notBad
18958,4,4.199999999998909,4,1.2999999999988177,2opt,improve
18959,4,4.199999999998909,4,1.2999999999988177,swap,improve
18960,4,4.199999999998909,4,1.2999999999988177,swap,improve
18961,4,4.199999999998909,4,1.2999999999988177,swap,notBad
18962,4,4.199999999998909,4,1.2999999999988177,move,improve
18963,4,4.199999999998909,4,1.2999999999988177,move,improve
18964,4,4.199999999998909,4,1.2999999999988177,swap,notBad
18965,4,4.199999999998909,4,1.2999999999988177,2opt,notBad
18966,4,4.199999999998909,4,1.2999999999988177,2opt,notBad
18967,4,4.199999999998909,4,1.2999999999988177,swap,improve
18968,4,4.199999999998909,4,1.2999999999988177,2opt,notBad
18969,4,4.199999999998909,4,1.2999999999988177,swap,improve
18970,4,4.199999999998909,4,1.2999999999988177,2opt,notBad
18971,4,4.199999999998909,4,1.2999999999988177,move,improve
18972,4,4.199999999998909,4,1.2999999999988177,move,improve
18973,4,4.199999999998909,4,1.2999999999988177,swap,notBad
18974,4,4.199999999998909,4,1.2999999999988177,move,improve
18975,4,4.199999999998909,4,1.2999999999988177,move,improve
18976,4,4.199999999998909,4,1.2999999999988177,2opt,improve
18977,4,4.199999999998909,4,1.2999999999988177,move,improve
18978,4,4.199999999998909,4,1.2999999999988177,2opt,notBad
18979,4,4.199999999998909,4,1.2999999999988177,swap,notBad
18980,4,4.199999999998909,4,1.2999999999988177,move,improve
18981,4,4.199999999998909,4,1.2999999999988177,2opt,notBad
18982,4,4.199999999998909,4,1.2999999999988177,2opt,notBad
18983,4,4.199999999998909,4,1.2999999999988177,2opt,notBad
18984,4,4.199999999998909,4,1.2999999999988177,2opt,improve
18985,4,4.199999999998909,4,1.2999999999988177,swap,notBad
18986,4,4.199999999998909,4,1.2999999999988177,swap,improve
18987,4,4.199999999998909,4,1.2999999999988177,2opt,notBad
18988,4,4.199999999998909,4,1.2999999999988177,2opt,notBad
18989,4,4.199999999998909,4,1.2999999999988177,swap,improve
18990,4,4.199999999998909,4,1.2999999999988177,move,improve
18991,4,4.199999999998909,4,1.2999999999988177,swap,notBad
18992,4,4.199999999998909,4,1.2999999999988177,move,improve
18993,4,4.199999999998909,4,1.2999999999988177,swap,improve
18994,4,4.199999999998909,4,1.2999999999988177,2opt,notBad
18995,4,4.199999999998909,4,1.2999999999988177,move,improve
18996,4,4.199999999998909,4,1.2999999999988177,swap,improve
18997,4,4.199999999998909,4,1.2999999999988177,move,improve
18998,4,4.199999999998909,4,1.2999999999988177,move,improve
18999,4,4.199999999998909,4,1.2999999999988177,move,improve
19000,4,4.199999999998909,4,1.2999999999988177,move,improve
19001,4,4.199999999998909,4,1.2999999999988177,move,improve
19002,4,4.199999999998909,4,1.2999999999988177,move,improve
19003,4,4.199999999998909,4,1.2999999999988177,move,improve
19004,4,4.199999999998909,4,1.2999999999988177,swap,notBad
19005,4,4.199999999998909,4,1.2999999999988177,swap,notBad
19006,4,4.199999999998909,4,1.2999999999988177,2opt,notBad
19007,4,4.199999999998909,4,1.2999999999988177,swap,improve
19008,4,4.199999999998909,4,1.2999999999988177,swap,improve
19009,4,4.199999999998909,4,1.2999999999988177,2opt,improve
19010,4,4.199999999998909,4,1.2999999999988177,swap,notBad
19011,4,4.199999999998909,4,1.2999999999988177,2opt,notBad
19012,4,4.199999999998909,4,1.2999999999988177,swap,improve
19013,4,4.199999999998909,4,1.2999999999988177,move,improve
19014,4,4.199999999998909,4,1.2999999999988177,swap,notBad
19015,4,4.199999999998909,4,1.2999999999988177,2opt,notBad
19016,4,4.199999999998909,4,1.2999999999988177,move,improve
19017,4,4.199999999998909,4,1.2999999999988177,move,improve
19018,4,4.199999999998909,4,1.2999999999988177,swap,notBad
19019,4,4.199999999998909,4,1.2999999999988177,move,improve
19020,4,4.199999999998909,4,1.2999999999988177,swap,notBad
19021,4,4.199999999998909,4,1.2999999999988177,2opt,notBad
19022,4,4.199999999998909,4,1.2999999999988177,move,improve
19023,4,4.199999999998909,4,1.2999999999988177,2opt,notBad
19024,4,4.199999999998909,4,1.2999999999988177,swap,notBad
19025,4,4.199999999998909,4,1.2999999999988177,2opt,notBad
19026,4,4.199999999998909,4,1.2999999999988177,move,improve
19027,4,4.199999999998909,4,1.2999999999988177,move,improve
19028,4,4.199999999998909,4,1.2999999999988177,move,improve
19029,4,4.199999999998909,4,1.2999999999988177,swap,notBad
19030,4,4.199999999998909,4,1.2999999999988177,swap,improve
19031,4,4.199999999998909,4,1.2999999999988177,2opt,improve
19032,4,4.199999999998909,4,1.2999999999988177,swap,notBad
19033,4,4.199999999998909,4,1.2999999999988177,move,improve
19034,4,4.199999999998909,4,1.2999999999988177,move,improve
19035,4,4.199999999998909,4,1.2999999999988177,2opt,notBad
19036,4,4.199999999998909,4,1.2999999999988177,swap,notBad
19037,4,4.199999999998909,4,1.2999999999988177,swap,notBad
19038,4,4.199999999998909,4,1.2999999999988177,move,improve
19039,4,4.199999999998909,4,1.2999999999988177,move,improve
19040,4,4.199999999998909,4,1.2999999999988177,move,improve
19041,4,4.199999999998909,4,1.2999999999988177,2opt,notBad
19042,4,4.199999999998909,4,1.2999999999988177,2opt,notBad
19043,4,4.199999999998909,4,1.2999999999988177,swap,improve
19044,4,4.199999999998909,4,1.2999999999988177,2opt,notBad
19045,4,4.199999999998909,4,1.2999999999988177,move,improve
19046,4,4.199999999998909,4,1.2999999999988177,2opt,notBad
19047,4,4.199999999998909,4,1.2999999999988177,swap,notBad
19048,4,4.199999999998909,4,1.2999999999988177,2opt,notBad
19049,4,4.199999999998909,4,1.2999999999988177,move,improve
19050,4,4.199999999998909,4,1.2999999999988177,move,improve
19051,4,4.199999999998909,4,1.2999999999988177,2opt,improve
19052,4,4.199999999998909,4,1.2999999999988177,swap,notBad
19053,4,4.199999999998909,4,1.2999999999988177,2opt,notBad
19054,4,4.199999999998909,4,1.2999999999988177,move,improve
19055,4,4.199999999998909,4,1.2999999999988177,2opt,notBad
19056,4,4.199999999998909,4,1.2999999999988177,swap,notBad
19057,4,4.199999999998909,4,1.2999999999988177,2opt,notBad
19058,4,4.199999999998909,4,1.2999999999988177,swap,notBad
19059,4,4.199999999998909,4,1.2999999999988177,swap,notBad
19060,4,4.199999999998909,4,1.2999999999988177,move,improve
19061,4,4.199999999998909,4,1.2999999999988177,swap,notBad
19062,4,4.199999999998909,4,1.2999999999988177,2opt,notBad
19063,4,4.199999999998909,4,1.2999999999988177,swap,notBad
19064,4,4.199999999998909,4,1.2999999999988177,move,improve
19065,4,4.199999999998909,4,1.2999999999988177,move,improve
19066,4,4.199999999998909,4,1.2999999999988177,2opt,notBad
19067,4,4.199999999998909,4,1.2999999999988177,swap,notBad
19068,4,4.199999999998909,4,1.2999999999988177,move,improve
19069,4,4.199999999998909,4,1.2999999999988177,move,improve
19070,4,4.199999999998909,4,1.2999999999988177,move,improve
19071,4,4.199999999998909,4,1.2999999999988177,2opt,notBad
19072,4,4.199999999998909,4,1.2999999999988177,move,improve
19073,4,4.199999999998909,4,1.2999999999988177,2opt,notBad
19074,4,4.199999999998909,4,1.2999999999988177,swap,notBad
19075,4,4.199999999998909,4,1.2999999999988177,move,improve
19076,4,4.199999999998909,4,1.2999999999988177,2opt,notBad
19077,4,4.199999999998909,4,1.2999999999988177,swap,improve
19078,4,4.199999999998909,4,1.2999999999988177,move,improve
19079,4,4.199999999998909,4,1.2999999999988177,2opt,improve
19080,4,4.199999999998909,4,1.2999999999988177,2opt,notBad
19081,4,4.199999999998909,4,1.2999999999988177,2opt,notBad
19082,4,4.199999999998909,4,1.2999999999988177,move,improve
19083,4,4.199999999998909,4,1.2999999999988177,2opt,notBad
19084,4,4.199999999998909,4,1.2999999999988177,move,improve
19085,4,4.199999999998909,4,1.2999999999988177,move,improve
19086,4,4.199999999998909,4,1.2999999999988177,swap,notBad
19087,4,4.199999999998909,4,1.2999999999988177,2opt,notBad
19088,4,5.4999999999990905,4,1.2999999999988177,swap,acceptBad
19089,4,5.4999999999990905,4,1.2999999999988177,move,improve
19090,4,5.4999999999990905,4,1.2999999999988177,move,improve
19091,4,5.4999999999990905,4,1.2999999999988177,move,improve
19092,4,5.4999999999990905,4,1.2999999999988177,move,improve
19093,4,5.4999999999990905,4,1.2999999999988177,2opt,notBad
19094,4,5.4999999999990905,4,1.2999999999988177,move,improve
19095,4,4.799999999999727,4,1.2999999999988177,swap,improve
19096,4,4.799999999999727,4,1.2999999999988177,move,improve
19097,4,4.799999999999727,4,1.2999999999988177,move,improve
19098,4,4.799999999999727,4,1.2999999999988177,move,improve
19099,4,4.799999999999727,4,1.2999999999988177,2opt,improve
19100,4,4.799999999999727,4,1.2999999999988177,2opt,notBad
19101,4,4.799999999999727,4,1.2999999999988177,2opt,notBad
19102,4,4.799999999999727,4,1.2999999999988177,swap,notBad
19103,4,4.799999999999727,4,1.2999999999988177,move,improve
19104,4,4.799999999999727,4,1.2999999999988177,2opt,notBad
19105,4,4.799999999999727,4,1.2999999999988177,2opt,notBad
19106,4,4.799999999999727,4,1.2999999999988177,2opt,notBad
19107,4,4.799999999999727,4,1.2999999999988177,2opt,notBad
19108,4,4.799999999999727,4,1.2999999999988177,2opt,notBad
19109,4,4.799999999999727,4,1.2999999999988177,swap,improve
19110,4,4.799999999999727,4,1.2999999999988177,swap,improve
19111,4,4.799999999999727,4,1.2999999999988177,2opt,notBad
19112,4,4.799999999999727,4,1.2999999999988177,swap,improve
19113,4,4.799999999999727,4,1.2999999999988177,swap,improve
19114,4,4.799999999999727,4,1.2999999999988177,move,improve
19115,4,4.799999999999727,4,1.2999999999988177,swap,notBad
19116,4,4.799999999999727,4,1.2999999999988177,move,improve
19117,4,4.799999999999727,4,1.2999999999988177,2opt,notBad
19118,4,4.799999999999727,4,1.2999999999988177,move,improve
19119,4,4.799999999999727,4,1.2999999999988177,move,improve
19120,4,4.799999999999727,4,1.2999999999988177,move,improve
19121,4,4.799999999999727,4,1.2999999999988177,move,improve
19122,4,3.3000000000010914,4,1.2999999999988177,swap,improve
19123,4,3.3000000000010914,4,1.2999999999988177,2opt,notBad
19124,4,3.3000000000010914,4,1.2999999999988177,2opt,notBad
19125,4,3.3000000000010914,4,1.2999999999988177,2opt,improve
19126,4,3.3000000000010914,4,1.2999999999988177,2opt,notBad
19127,4,3.3000000000010914,4,1.2999999999988177,move,improve
19128,4,3.3000000000010914,4,1.2999999999988177,move,improve
19129,4,3.3000000000010914,4,1.2999999999988177,move,improve
19130,4,3.3000000000010914,4,1.2999999999988177,swap,notBad
19131,4,3.3000000000010914,4,1.2999999999988177,2opt,notBad
19132,4,3.3000000000010914,4,1.2999999999988177,2opt,notBad
19133,4,3.3000000000010914,4,1.2999999999988177,move,improve
19134,4,3.3000000000010914,4,1.2999999999988177,swap,improve
19135,4,3.3000000000010914,4,1.2999999999988177,move,improve
19136,4,3.3000000000010914,4,1.2999999999988177,move,improve
19137,4,3.3000000000010914,4,1.2999999999988177,2opt,notBad
19138,4,3.3000000000010914,4,1.2999999999988177,2opt,improve
19139,4,3.3000000000010914,4,1.2999999999988177,2opt,notBad
19140,4,3.3000000000010914,4,1.2999999999988177,2opt,notBad
19141,4,3.3000000000010914,4,1.2999999999988177,move,improve
19142,4,3.3000000000010914,4,1.2999999999988177,move,notBad
19143,4,3.3000000000010914,4,1.2999999999988177,swap,improve
19144,4,3.3000000000010914,4,1.2999999999988177,2opt,notBad
19145,4,3.3000000000010914,4,1.2999999999988177,2opt,notBad
19146,4,3.3000000000010914,4,1.2999999999988177,swap,notBad
19147,4,3.3000000000010914,4,1.2999999999988177,move,improve
19148,4,3.3000000000010914,4,1.2999999999988177,move,improve
19149,4,3.3000000000010914,4,1.2999999999988177,move,improve
19150,4,3.3000000000010914,4,1.2999999999988177,move,improve
19151,4,3.3000000000010914,4,1.2999999999988177,2opt,notBad
19152,4,3.3000000000010914,4,1.2999999999988177,move,improve
19153,4,3.3000000000010914,4,1.2999999999988177,swap,notBad
19154,4,3.3000000000010914,4,1.2999999999988177,move,improve
19155,4,3.3000000000010914,4,1.2999999999988177,swap,notBad
19156,4,3.3000000000010914,4,1.2999999999988177,swap,notBad
19157,4,3.3000000000010914,4,1.2999999999988177,move,improve
19158,4,3.3000000000010914,4,1.2999999999988177,swap,notBad
19159,4,3.3000000000010914,4,1.2999999999988177,2opt,notBad
19160,4,3.3000000000010914,4,1.2999999999988177,move,improve
19161,4,3.3000000000010914,4,1.2999999999988177,swap,notBad
19162,4,3.3000000000010914,4,1.2999999999988177,swap,improve
19163,4,3.3000000000010914,4,1.2999999999988177,move,improve
19164,4,3.3000000000010914,4,1.2999999999988177,swap,improve
19165,4,3.3000000000010914,4,1.2999999999988177,2opt,notBad
19166,4,3.3000000000010914,4,1.2999999999988177,2opt,notBad
19167,4,3.3000000000010914,4,1.2999999999988177,move,improve
19168,4,3.3000000000010914,4,1.2999999999988177,swap,notBad
19169,4,3.3000000000010914,4,1.2999999999988177,2opt,notBad
19170,4,3.3000000000010914,4,1.2999999999988177,move,improve
19171,4,3.3000000000010914,4,1.2999999999988177,swap,notBad
19172,4,3.3000000000010914,4,1.2999999999988177,move,improve
19173,4,3.3000000000010914,4,1.2999999999988177,swap,improve
19174,4,3.3000000000010914,4,1.2999999999988177,2opt,notBad
19175,4,3.3000000000010914,4,1.2999999999988177,swap,notBad
19176,4,3.3000000000010914,4,1.2999999999988177,2opt,notBad
19177,4,3.3000000000010914,4,1.2999999999988177,move,improve
19178,4,3.3000000000010914,4,1.2999999999988177,2opt,notBad
19179,4,3.3000000000010914,4,1.2999999999988177,move,improve
19180,4,3.3000000000010914,4,1.2999999999988177,2opt,notBad
19181,4,3.3000000000010914,4,1.2999999999988177,2opt,notBad
19182,4,3.3000000000010914,4,1.2999999999988177,move,improve
19183,4,3.3000000000010914,4,1.2999999999988177,2opt,notBad
19184,4,3.3000000000010914,4,1.2999999999988177,2opt,notBad
19185,4,3.3000000000010914,4,1.2999999999988177,move,improve
19186,4,3.3000000000010914,4,1.2999999999988177,2opt,notBad
19187,4,3.3000000000010914,4,1.2999999999988177,2opt,notBad
19188,4,3.3000000000010914,4,1.2999999999988177,2opt,notBad
19189,4,3.3000000000010914,4,1.2999999999988177,swap,notBad
19190,4,3.3000000000010914,4,1.2999999999988177,move,improve
19191,4,3.3000000000010914,4,1.2999999999988177,swap,notBad
19192,4,3.3000000000010914,4,1.2999999999988177,2opt,notBad
19193,4,3.3000000000010914,4,1.2999999999988177,move,improve
19194,4,3.3000000000010914,4,1.2999999999988177,move,improve
19195,4,3.3000000000010914,4,1.2999999999988177,swap,notBad
19196,4,3.3000000000010914,4,1.2999999999988177,2opt,notBad
19197,4,3.3000000000010914,4,1.2999999999988177,2opt,notBad
19198,4,3.3000000000010914,4,1.2999999999988177,2opt,notBad
19199,4,3.3000000000010914,4,1.2999999999988177,move,improve
19200,4,3.3000000000010914,4,1.2999999999988177,swap,improve
19201,4,3.3000000000010914,4,1.2999999999988177,swap,notBad
19202,4,3.3000000000010914,4,1.2999999999988177,move,improve
19203,4,3.3000000000010914,4,1.2999999999988177,2opt,notBad
19204,4,3.3000000000010914,4,1.2999999999988177,swap,notBad
19205,4,3.3000000000010914,4,1.2999999999988177,move,improve
19206,4,3.3000000000010914,4,1.2999999999988177,2opt,improve
19207,4,3.3000000000010914,4,1.2999999999988177,2opt,notBad
19208,4,3.3000000000010914,4,1.2999999999988177,move,improve
19209,4,3.3000000000010914,4,1.2999999999988177,move,improve
19210,4,3.3000000000010914,4,1.2999999999988177,move,improve
19211,4,3.3000000000010914,4,1.2999999999988177,swap,notBad
19212,4,3.3000000000010914,4,1.2999999999988177,swap,improve
19213,4,3.3000000000010914,4,1.2999999999988177,swap,notBad
19214,4,3.3000000000010914,4,1.2999999999988177,move,improve
19215,4,3.3000000000010914,4,1.2999999999988177,2opt,notBad
19216,4,3.3000000000010914,4,1.2999999999988177,move,improve
19217,4,3.3000000000010914,4,1.2999999999988177,swap,notBad
19218,4,3.3000000000010914,4,1.2999999999988177,2opt,notBad
19219,4,3.3000000000010914,4,1.2999999999988177,2opt,notBad
19220,4,3.3000000000010914,4,1.2999999999988177,2opt,notBad
19221,4,3.3000000000010914,4,1.2999999999988177,move,improve
19222,4,3.3000000000010914,4,1.2999999999988177,2opt,notBad
19223,4,3.3000000000010914,4,1.2999999999988177,swap,improve
19224,4,3.3000000000010914,4,1.2999999999988177,move,improve
19225,4,3.3000000000010914,4,1.2999999999988177,swap,notBad
19226,4,3.3000000000010914,4,1.2999999999988177,swap,notBad
19227,4,3.3000000000010914,4,1.2999999999988177,swap,notBad
19228,4,3.3000000000010914,4,1.2999999999988177,move,improve
19229,4,3.3000000000010914,4,1.2999999999988177,2opt,notBad
19230,4,3.3000000000010914,4,1.2999999999988177,swap,notBad
19231,4,3.3000000000010914,4,1.2999999999988177,swap,improve
19232,4,3.3000000000010914,4,1.2999999999988177,move,improve
19233,4,3.3000000000010914,4,1.2999999999988177,swap,notBad
19234,4,3.3000000000010914,4,1.2999999999988177,swap,improve
19235,4,3.3000000000010914,4,1.2999999999988177,swap,notBad
19236,4,3.3000000000010914,4,1.2999999999988177,swap,notBad
19237,4,3.3000000000010914,4,1.2999999999988177,swap,notBad
19238,4,3.3000000000010914,4,1.2999999999988177,2opt,notBad
19239,4,3.3000000000010914,4,1.2999999999988177,2opt,notBad
19240,4,3.3000000000010914,4,1.2999999999988177,move,improve
19241,4,3.3000000000010914,4,1.2999999999988177,move,improve
19242,4,3.3000000000010914,4,1.2999999999988177,2opt,notBad
19243,4,3.3000000000010914,4,1.2999999999988177,move,improve
19244,4,3.3000000000010914,4,1.2999999999988177,2opt,notBad
19245,4,3.3000000000010914,4,1.2999999999988177,move,improve
19246,4,3.3000000000010914,4,1.2999999999988177,2opt,notBad
19247,4,3.3000000000010914,4,1.2999999999988177,swap,notBad
19248,4,3.3000000000010914,4,1.2999999999988177,2opt,notBad
19249,4,3.3000000000010914,4,1.2999999999988177,2opt,notBad
19250,4,3.3000000000010914,4,1.2999999999988177,swap,notBad
19251,4,3.3000000000010914,4,1.2999999999988177,move,improve
19252,4,3.3000000000010914,4,1.2999999999988177,swap,improve
19253,4,3.3000000000010914,4,1.2999999999988177,2opt,notBad
19254,4,3.3000000000010914,4,1.2999999999988177,2opt,notBad
19255,4,3.3000000000010914,4,1.2999999999988177,2opt,notBad
19256,4,3.3000000000010914,4,1.2999999999988177,2opt,improve
19257,4,3.3000000000010914,4,1.2999999999988177,move,improve
19258,4,3.3000000000010914,4,1.2999999999988177,2opt,improve
19259,4,3.3000000000010914,4,1.2999999999988177,2opt,improve
19260,4,3.3000000000010914,4,1.2999999999988177,swap,improve
19261,4,3.3000000000010914,4,1.2999999999988177,swap,improve
19262,4,3.3000000000010914,4,1.2999999999988177,swap,improve
19263,4,3.3000000000010914,4,1.2999999999988177,move,improve
19264,4,3.3000000000010914,4,1.2999999999988177,move,notBad
19265,4,3.3000000000010914,4,1.2999999999988177,move,improve
19266,4,3.3000000000010914,4,1.2999999999988177,swap,notBad
19267,4,3.3000000000010914,4,1.2999999999988177,move,improve
19268,4,3.3000000000010914,4,1.2999999999988177,move,improve
19269,4,3.3000000000010914,4,1.2999999999988177,2opt,notBad
19270,4,3.3000000000010914,4,1.2999999999988177,move,improve
19271,4,3.3000000000010914,4,1.2999999999988177,move,improve
19272,4,3.3000000000010914,4,1.2999999999988177,2opt,notBad
19273,4,3.3000000000010914,4,1.2999999999988177,swap,improve
19274,4,3.3000000000010914,4,1.2999999999988177,2opt,improve
19275,4,3.3000000000010914,4,1.2999999999988177,swap,improve
19276,4,3.3000000000010914,4,1.2999999999988177,move,improve
19277,4,3.3000000000010914,4,1.2999999999988177,swap,notBad
19278,4,3.3000000000010914,4,1.2999999999988177,swap,improve
19279,4,3.3000000000010914,4,1.2999999999988177,2opt,notBad
19280,4,3.3000000000010914,4,1.2999999999988177,2opt,notBad
19281,4,3.3000000000010914,4,1.2999999999988177,swap,notBad
19282,4,3.3000000000010914,4,1.2999999999988177,swap,notBad
19283,4,3.3000000000010914,4,1.2999999999988177,move,improve
19284,4,3.3000000000010914,4,1.2999999999988177,swap,improve
19285,4,3.3000000000010914,4,1.2999999999988177,2opt,notBad
19286,4,3.3000000000010914,4,1.2999999999988177,swap,notBad
19287,4,3.3000000000010914,4,1.2999999999988177,2opt,improve
19288,4,3.3000000000010914,4,1.2999999999988177,move,improve
19289,4,3.3000000000010914,4,1.2999999999988177,move,improve
19290,4,3.3000000000010914,4,1.2999999999988177,2opt,notBad
19291,4,3.3000000000010914,4,1.2999999999988177,swap,improve
19292,4,3.3000000000010914,4,1.2999999999988177,2opt,notBad
19293,4,3.3000000000010914,4,1.2999999999988177,2opt,notBad
19294,4,3.3000000000010914,4,1.2999999999988177,swap,improve
19295,4,3.3000000000010914,4,1.2999999999988177,2opt,notBad
19296,4,3.3000000000010914,4,1.2999999999988177,move,improve
19297,4,3.3000000000010914,4,1.2999999999988177,swap,improve
19298,4,3.3000000000010914,4,1.2999999999988177,2opt,notBad
19299,4,3.3000000000010914,4,1.2999999999988177,swap,improve
19300,4,3.3000000000010914,4,1.2999999999988177,swap,improve
19301,4,3.3000000000010914,4,1.2999999999988177,2opt,notBad
19302,4,3.3000000000010914,4,1.2999999999988177,move,improve
19303,4,3.3000000000010914,4,1.2999999999988177,swap,improve
19304,4,3.3000000000010914,4,1.2999999999988177,swap,notBad
19305,4,3.3000000000010914,4,1.2999999999988177,move,improve
19306,4,3.3000000000010914,4,1.2999999999988177,swap,notBad
19307,4,3.3000000000010914,4,1.2999999999988177,2opt,notBad
19308,4,3.3000000000010914,4,1.2999999999988177,move,improve
19309,4,3.3000000000010914,4,1.2999999999988177,2opt,notBad
19310,4,3.3000000000010914,4,1.2999999999988177,2opt,notBad
19311,4,3.3000000000010914,4,1.2999999999988177,move,improve
19312,4,3.3000000000010914,4,1.2999999999988177,2opt,notBad
19313,4,3.3000000000010914,4,1.2999999999988177,move,improve
19314,4,3.3000000000010914,4,1.2999999999988177,swap,notBad
19315,4,3.3000000000010914,4,1.2999999999988177,2opt,notBad
19316,4,3.3000000000010914,4,1.2999999999988177,move,improve
19317,4,3.3000000000010914,4,1.2999999999988177,2opt,notBad
19318,4,3.3000000000010914,4,1.2999999999988177,move,improve
19319,4,3.3000000000010914,4,1.2999999999988177,2opt,notBad
19320,4,3.3000000000010914,4,1.2999999999988177,swap,improve
19321,4,3.3000000000010914,4,1.2999999999988177,swap,notBad
19322,4,3.3000000000010914,4,1.2999999999988177,2opt,notBad
19323,4,3.3000000000010914,4,1.2999999999988177,move,improve
19324,4,3.3000000000010914,4,1.2999999999988177,move,improve
19325,4,3.3000000000010914,4,1.2999999999988177,2opt,notBad
19326,4,3.3000000000010914,4,1.2999999999988177,swap,notBad
19327,4,3.3000000000010914,4,1.2999999999988177,swap,notBad
19328,4,3.3000000000010914,4,1.2999999999988177,2opt,notBad
19329,4,3.3000000000010914,4,1.2999999999988177,2opt,improve
19330,4,3.3000000000010914,4,1.2999999999988177,move,improve
19331,4,3.3000000000010914,4,1.2999999999988177,move,improve
19332,4,3.3000000000010914,4,1.2999999999988177,2opt,notBad
19333,4,3.3000000000010914,4,1.2999999999988177,move,improve
19334,4,3.3000000000010914,4,1.2999999999988177,2opt,notBad
19335,4,3.3000000000010914,4,1.2999999999988177,move,improve
19336,4,3.3000000000010914,4,1.2999999999988177,2opt,notBad
19337,4,3.3000000000010914,4,1.2999999999988177,move,improve
19338,4,3.3000000000010914,4,1.2999999999988177,swap,improve
19339,4,3.3000000000010914,4,1.2999999999988177,2opt,notBad
19340,4,3.3000000000010914,4,1.2999999999988177,2opt,notBad
19341,4,3.3000000000010914,4,1.2999999999988177,move,improve
19342,4,3.3000000000010914,4,1.2999999999988177,move,improve
19343,4,3.3000000000010914,4,1.2999999999988177,swap,improve
19344,4,3.3000000000010914,4,1.2999999999988177,move,improve
19345,4,3.3000000000010914,4,1.2999999999988177,swap,notBad
19346,4,3.3000000000010914,4,1.2999999999988177,swap,improve
19347,4,3.3000000000010914,4,1.2999999999988177,swap,notBad
19348,4,3.3000000000010914,4,1.2999999999988177,swap,notBad
19349,4,3.3000000000010914,4,1.2999999999988177,swap,notBad
19350,4,3.3000000000010914,4,1.2999999999988177,2opt,notBad
19351,4,3.3000000000010914,4,1.2999999999988177,2opt,notBad
19352,4,3.3000000000010914,4,1.2999999999988177,2opt,notBad
19353,4,3.3000000000010914,4,1.2999999999988177,2opt,notBad
19354,4,3.3000000000010914,4,1.2999999999988177,swap,improve
19355,4,3.3000000000010914,4,1.2999999999988177,move,improve
19356,4,3.3000000000010914,4,1.2999999999988177,swap,notBad
19357,4,3.3000000000010914,4,1.2999999999988177,move,improve
19358,4,3.3000000000010914,4,1.2999999999988177,swap,notBad
19359,4,3.3000000000010914,4,1.2999999999988177,2opt,notBad
19360,4,3.3000000000010914,4,1.2999999999988177,2opt,notBad
19361,4,3.3000000000010914,4,1.2999999999988177,move,improve
19362,4,3.3000000000010914,4,1.2999999999988177,move,improve
19363,4,3.3000000000010914,4,1.2999999999988177,swap,improve
19364,4,3.3000000000010914,4,1.2999999999988177,swap,improve
19365,4,3.3000000000010914,4,1.2999999999988177,swap,notBad
19366,4,3.3000000000010914,4,1.2999999999988177,move,notBad
19367,4,3.3000000000010914,4,1.2999999999988177,2opt,notBad
19368,4,3.3000000000010914,4,1.2999999999988177,swap,improve
19369,4,3.3000000000010914,4,1.2999999999988177,2opt,improve
19370,4,3.3000000000010914,4,1.2999999999988177,move,improve
19371,4,3.3000000000010914,4,1.2999999999988177,2opt,notBad
19372,4,3.3000000000010914,4,1.2999999999988177,swap,notBad
19373,4,3.3000000000010914,4,1.2999999999988177,move,improve
19374,4,3.3000000000010914,4,1.2999999999988177,move,improve
19375,4,3.3000000000010914,4,1.2999999999988177,2opt,notBad
19376,4,3.3000000000010914,4,1.2999999999988177,2opt,notBad
19377,4,3.3000000000010914,4,1.2999999999988177,swap,improve
19378,4,3.3000000000010914,4,1.2999999999988177,move,improve
19379,4,3.3000000000010914,4,1.2999999999988177,swap,improve
19380,4,3.3000000000010914,4,1.2999999999988177,2opt,notBad
19381,4,3.3000000000010914,4,1.2999999999988177,swap,improve
19382,4,3.3000000000010914,4,1.2999999999988177,move,improve
19383,4,3.3000000000010914,4,1.2999999999988177,swap,notBad
19384,4,3.3000000000010914,4,1.2999999999988177,move,improve
19385,4,3.3000000000010914,4,1.2999999999988177,2opt,notBad
19386,4,3.3000000000010914,4,1.2999999999988177,swap,improve
19387,4,3.3000000000010914,4,1.2999999999988177,2opt,notBad
19388,4,3.3000000000010914,4,1.2999999999988177,move,improve
19389,4,3.3000000000010914,4,1.2999999999988177,2opt,notBad
19390,4,3.3000000000010914,4,1.2999999999988177,2opt,improve
19391,4,3.3000000000010914,4,1.2999999999988177,swap,notBad
19392,4,3.3000000000010914,4,1.2999999999988177,2opt,notBad
19393,4,3.3000000000010914,4,1.2999999999988177,swap,improve
19394,4,3.3000000000010914,4,1.2999999999988177,move,improve
19395,4,3.3000000000010914,4,1.2999999999988177,move,improve
19396,4,3.3000000000010914,4,1.2999999999988177,move,improve
19397,4,3.3000000000010914,4,1.2999999999988177,move,improve
19398,4,3.3000000000010914,4,1.2999999999988177,2opt,notBad
19399,4,3.3000000000010914,4,1.2999999999988177,move,improve
19400,4,3.3000000000010914,4,1.2999999999988177,swap,improve
19401,4,3.3000000000010914,4,1.2999999999988177,2opt,notBad
19402,4,3.3000000000010914,4,1.2999999999988177,2opt,notBad
19403,4,3.3000000000010914,4,1.2999999999988177,swap,notBad
19404,4,3.3000000000010914,4,1.2999999999988177,2opt,notBad
19405,4,3.3000000000010914,4,1.2999999999988177,move,improve
19406,4,3.3000000000010914,4,1.2999999999988177,swap,notBad
19407,4,3.3000000000010914,4,1.2999999999988177,move,improve
19408,4,3.3000000000010914,4,1.2999999999988177,move,improve
19409,4,3.3000000000010914,4,1.2999999999988177,swap,improve
19410,4,3.3000000000010914,4,1.2999999999988177,2opt,notBad
19411,4,3.3000000000010914,4,1.2999999999988177,swap,notBad
19412,4,3.3000000000010914,4,1.2999999999988177,swap,improve
19413,4,3.3000000000010914,4,1.2999999999988177,swap,improve
19414,4,3.3000000000010914,4,1.2999999999988177,2opt,notBad
19415,4,3.3000000000010914,4,1.2999999999988177,2opt,notBad
19416,4,3.3000000000010914,4,1.2999999999988177,move,improve
19417,4,3.3000000000010914,4,1.2999999999988177,swap,improve
19418,4,3.3000000000010914,4,1.2999999999988177,swap,improve
19419,4,3.3000000000010914,4,1.2999999999988177,swap,notBad
19420,4,3.3000000000010914,4,1.2999999999988177,move,improve
19421,4,3.3000000000010914,4,1.2999999999988177,move,improve
19422,4,3.3000000000010914,4,1.2999999999988177,move,improve
19423,4,3.3000000000010914,4,1.2999999999988177,swap,notBad
19424,4,3.3000000000010914,4,1.2999999999988177,swap,notBad
19425,4,3.3000000000010914,4,1.2999999999988177,move,improve
19426,4,3.3000000000010914,4,1.2999999999988177,2opt,notBad
19427,4,3.3000000000010914,4,1.2999999999988177,2opt,notBad
19428,4,3.3000000000010914,4,1.2999999999988177,2opt,notBad
19429,4,3.3000000000010914,4,1.2999999999988177,swap,notBad
19430,4,3.3000000000010914,4,1.2999999999988177,2opt,notBad
19431,4,3.3000000000010914,4,1.2999999999988177,swap,notBad
19432,4,3.3000000000010914,4,1.2999999999988177,2opt,notBad
19433,4,3.3000000000010914,4,1.2999999999988177,2opt,notBad
19434,4,3.3000000000010914,4,1.2999999999988177,move,improve
19435,4,3.3000000000010914,4,1.2999999999988177,move,improve
19436,4,3.3000000000010914,4,1.2999999999988177,swap,notBad
19437,4,3.3000000000010914,4,1.2999999999988177,2opt,notBad
19438,4,3.3000000000010914,4,1.2999999999988177,swap,notBad
19439,4,3.3000000000010914,4,1.2999999999988177,move,improve
19440,4,3.3000000000010914,4,1.2999999999988177,swap,notBad
19441,4,3.3000000000010914,4,1.2999999999988177,move,improve
19442,4,3.3000000000010914,4,1.2999999999988177,swap,notBad
19443,4,3.3000000000010914,4,1.2999999999988177,move,improve
19444,4,3.3000000000010914,4,1.2999999999988177,2opt,improve
19445,4,3.3000000000010914,4,1.2999999999988177,2opt,notBad
19446,4,3.3000000000010914,4,1.2999999999988177,move,improve
19447,4,3.3000000000010914,4,1.2999999999988177,move,improve
19448,4,3.3000000000010914,4,1.2999999999988177,2opt,notBad
19449,4,3.3000000000010914,4,1.2999999999988177,swap,notBad
19450,4,3.3000000000010914,4,1.2999999999988177,2opt,notBad
19451,4,3.3000000000010914,4,1.2999999999988177,2opt,notBad
19452,4,3.3000000000010914,4,1.2999999999988177,2opt,notBad
19453,4,3.3000000000010914,4,1.2999999999988177,move,improve
19454,4,3.3000000000010914,4,1.2999999999988177,swap,improve
19455,4,3.3000000000010914,4,1.2999999999988177,move,improve
19456,4,3.3000000000010914,4,1.2999999999988177,move,improve
19457,4,3.3000000000010914,4,1.2999999999988177,2opt,improve
19458,4,3.3000000000010914,4,1.2999999999988177,move,improve
19459,4,3.3000000000010914,4,1.2999999999988177,move,improve
19460,4,3.3000000000010914,4,1.2999999999988177,move,improve
19461,4,3.3000000000010914,4,1.2999999999988177,swap,improve
19462,4,3.3000000000010914,4,1.2999999999988177,2opt,notBad
19463,4,3.3000000000010914,4,1.2999999999988177,swap,improve
19464,4,3.3000000000010914,4,1.2999999999988177,2opt,improve
19465,4,3.3000000000010914,4,1.2999999999988177,swap,improve
19466,4,3.3000000000010914,4,1.2999999999988177,2opt,notBad
19467,4,3.3000000000010914,4,1.2999999999988177,swap,improve
19468,4,3.3000000000010914,4,1.2999999999988177,swap,notBad
19469,4,3.3000000000010914,4,1.2999999999988177,swap,improve
19470,4,3.3000000000010914,4,1.2999999999988177,2opt,notBad
19471,4,3.3000000000010914,4,1.2999999999988177,move,improve
19472,4,3.3000000000010914,4,1.2999999999988177,swap,notBad
19473,4,3.3000000000010914,4,1.2999999999988177,swap,improve
19474,4,3.3000000000010914,4,1.2999999999988177,2opt,notBad
19475,4,3.3000000000010914,4,1.2999999999988177,swap,improve
19476,4,3.3000000000010914,4,1.2999999999988177,swap,notBad
19477,4,3.3000000000010914,4,1.2999999999988177,swap,improve
19478,4,3.3000000000010914,4,1.2999999999988177,move,improve
19479,4,3.3000000000010914,4,1.2999999999988177,2opt,notBad
19480,4,3.3000000000010914,4,1.2999999999988177,move,improve
19481,4,3.3000000000010914,4,1.2999999999988177,move,improve
19482,4,3.3000000000010914,4,1.2999999999988177,swap,improve
19483,4,3.3000000000010914,4,1.2999999999988177,swap,notBad
19484,4,3.3000000000010914,4,1.2999999999988177,move,improve
19485,4,3.3000000000010914,4,1.2999999999988177,2opt,notBad
19486,4,3.3000000000010914,4,1.2999999999988177,swap,notBad
19487,4,3.3000000000010914,4,1.2999999999988177,swap,notBad
19488,4,3.3000000000010914,4,1.2999999999988177,move,improve
19489,4,3.3000000000010914,4,1.2999999999988177,2opt,notBad
19490,4,3.3000000000010914,4,1.2999999999988177,move,improve
19491,4,3.3000000000010914,4,1.2999999999988177,move,improve
19492,4,3.3000000000010914,4,1.2999999999988177,swap,notBad
19493,4,3.3000000000010914,4,1.2999999999988177,2opt,notBad
19494,4,3.3000000000010914,4,1.2999999999988177,move,improve
19495,4,3.3000000000010914,4,1.2999999999988177,swap,improve
19496,4,3.3000000000010914,4,1.2999999999988177,move,improve
19497,4,3.3000000000010914,4,1.2999999999988177,move,improve
19498,4,3.3000000000010914,4,1.2999999999988177,move,improve
19499,4,3.3000000000010914,4,1.2999999999988177,2opt,notBad
19500,4,3.3000000000010914,4,1.2999999999988177,swap,notBad
19501,4,3.3000000000010914,4,1.2999999999988177,2opt,notBad
19502,4,3.3000000000010914,4,1.2999999999988177,swap,notBad
19503,4,3.3000000000010914,4,1.2999999999988177,move,improve
19504,4,3.3000000000010914,4,1.2999999999988177,move,improve
19505,4,3.3000000000010914,4,1.2999999999988177,2opt,improve
19506,4,3.3000000000010914,4,1.2999999999988177,2opt,improve
19507,4,3.3000000000010914,4,1.2999999999988177,2opt,notBad
19508,4,3.3000000000010914,4,1.2999999999988177,2opt,notBad
19509,4,3.3000000000010914,4,1.2999999999988177,move,improve
19510,4,3.3000000000010914,4,1.2999999999988177,swap,notBad
19511,4,3.3000000000010914,4,1.2999999999988177,swap,notBad
19512,4,3.3000000000010914,4,1.2999999999988177,swap,notBad
19513,4,3.3000000000010914,4,1.2999999999988177,swap,improve
19514,4,3.3000000000010914,4,1.2999999999988177,2opt,notBad
19515,4,3.3000000000010914,4,1.2999999999988177,swap,improve
19516,4,3.3000000000010914,4,1.2999999999988177,move,improve
19517,4,3.3000000000010914,4,1.2999999999988177,2opt,notBad
19518,4,3.3000000000010914,4,1.2999999999988177,swap,improve
19519,4,3.3000000000010914,4,1.2999999999988177,swap,notBad
19520,4,3.3000000000010914,4,1.2999999999988177,swap,improve
19521,4,3.3000000000010914,4,1.2999999999988177,2opt,notBad
19522,4,3.3000000000010914,4,1.2999999999988177,2opt,improve
19523,4,3.3000000000010914,4,1.2999999999988177,move,improve
19524,4,3.3000000000010914,4,1.2999999999988177,swap,improve
19525,4,3.3000000000010914,4,1.2999999999988177,swap,notBad
19526,4,3.3000000000010914,4,1.2999999999988177,2opt,notBad
19527,4,3.3000000000010914,4,1.2999999999988177,swap,notBad
19528,4,3.3000000000010914,4,1.2999999999988177,move,improve
19529,4,3.3000000000010914,4,1.2999999999988177,swap,notBad
19530,4,3.3000000000010914,4,1.2999999999988177,move,improve
19531,4,3.3000000000010914,4,1.2999999999988177,2opt,notBad
19532,4,3.3000000000010914,4,1.2999999999988177,move,improve
19533,4,3.3000000000010914,4,1.2999999999988177,move,improve
19534,4,3.3000000000010914,4,1.2999999999988177,swap,improve
19535,4,3.3000000000010914,4,1.2999999999988177,2opt,notBad
19536,4,3.3000000000010914,4,1.2999999999988177,2opt,improve
19537,4,3.3000000000010914,4,1.2999999999988177,2opt,notBad
19538,4,3.3000000000010914,4,1.2999999999988177,move,notBad
19539,4,3.3000000000010914,4,1.2999999999988177,swap,notBad
19540,4,3.3000000000010914,4,1.2999999999988177,2opt,notBad
19541,4,3.3000000000010914,4,1.2999999999988177,swap,notBad
19542,4,3.3000000000010914,4,1.2999999999988177,2opt,notBad
19543,4,3.3000000000010914,4,1.2999999999988177,swap,improve
19544,4,3.3000000000010914,4,1.2999999999988177,2opt,improve
19545,4,3.3000000000010914,4,1.2999999999988177,2opt,notBad
19546,4,3.3000000000010914,4,1.2999999999988177,move,notBad
19547,4,3.3000000000010914,4,1.2999999999988177,move,improve
19548,4,3.3000000000010914,4,1.2999999999988177,move,improve
19549,4,3.3000000000010914,4,1.2999999999988177,2opt,notBad
19550,4,3.3000000000010914,4,1.2999999999988177,2opt,notBad
19551,4,3.3000000000010914,4,1.2999999999988177,swap,improve
19552,4,3.3000000000010914,4,1.2999999999988177,swap,improve
19553,4,3.3000000000010914,4,1.2999999999988177,move,improve
19554,4,3.3000000000010914,4,1.2999999999988177,2opt,notBad
19555,4,3.3000000000010914,4,1.2999999999988177,2opt,notBad
19556,4,3.3000000000010914,4,1.2999999999988177,move,improve
19557,4,3.3000000000010914,4,1.2999999999988177,move,improve
19558,4,3.3000000000010914,4,1.2999999999988177,swap,improve
19559,4,3.3000000000010914,4,1.2999999999988177,2opt,notBad
19560,4,3.3000000000010914,4,1.2999999999988177,swap,improve
19561,4,3.3000000000010914,4,1.2999999999988177,2opt,notBad
19562,4,3.3000000000010914,4,1.2999999999988177,2opt,notBad
19563,4,3.3000000000010914,4,1.2999999999988177,swap,improve
19564,4,3.3000000000010914,4,1.2999999999988177,swap,notBad
19565,4,3.3000000000010914,4,1.2999999999988177,move,improve
19566,4,3.3000000000010914,4,1.2999999999988177,2opt,notBad
19567,4,3.3000000000010914,4,1.2999999999988177,swap,improve
19568,4,3.3000000000010914,4,1.2999999999988177,swap,notBad
19569,4,3.3000000000010914,4,1.2999999999988177,move,improve
19570,4,3.3000000000010914,4,1.2999999999988177,2opt,notBad
19571,4,3.3000000000010914,4,1.2999999999988177,move,improve
19572,4,3.3000000000010914,4,1.2999999999988177,swap,improve
19573,4,3.3000000000010914,4,1.2999999999988177,2opt,improve
19574,4,3.3000000000010914,4,1.2999999999988177,2opt,improve
19575,4,3.3000000000010914,4,1.2999999999988177,swap,notBad
19576,4,3.3000000000010914,4,1.2999999999988177,2opt,notBad
19577,4,3.3000000000010914,4,1.2999999999988177,swap,improve
19578,4,3.3000000000010914,4,1.2999999999988177,move,improve
19579,4,3.3000000000010914,4,1.2999999999988177,2opt,notBad
19580,4,3.3000000000010914,4,1.2999999999988177,2opt,improve
19581,4,3.3000000000010914,4,1.2999999999988177,swap,improve
19582,4,3.3000000000010914,4,1.2999999999988177,2opt,notBad
19583,4,3.3000000000010914,4,1.2999999999988177,move,improve
19584,4,3.3000000000010914,4,1.2999999999988177,swap,improve
19585,4,3.3000000000010914,4,1.2999999999988177,swap,improve
19586,4,3.3000000000010914,4,1.2999999999988177,swap,improve
19587,4,3.3000000000010914,4,1.2999999999988177,2opt,improve
19588,4,3.3000000000010914,4,1.2999999999988177,swap,improve
19589,4,3.3000000000010914,4,1.2999999999988177,swap,notBad
19590,4,3.3000000000010914,4,1.2999999999988177,swap,notBad
19591,4,3.3000000000010914,4,1.2999999999988177,move,improve
19592,4,3.3000000000010914,4,1.2999999999988177,2opt,notBad
19593,4,3.3000000000010914,4,1.2999999999988177,swap,notBad
19594,4,3.3000000000010914,4,1.2999999999988177,swap,improve
19595,4,3.3000000000010914,4,1.2999999999988177,swap,notBad
19596,4,3.3000000000010914,4,1.2999999999988177,move,improve
19597,4,3.3000000000010914,4,1.2999999999988177,move,improve
19598,4,3.3000000000010914,4,1.2999999999988177,move,improve
19599,4,3.3000000000010914,4,1.2999999999988177,move,improve
19600,4,3.3000000000010914,4,1.2999999999988177,2opt,notBad
19601,4,3.3000000000010914,4,1.2999999999988177,move,improve
19602,4,3.3000000000010914,4,1.2999999999988177,2opt,improve
19603,4,3.3000000000010914,4,1.2999999999988177,2opt,notBad
19604,4,3.3000000000010914,4,1.2999999999988177,2opt,notBad
19605,4,3.3000000000010914,4,1.2999999999988177,2opt,notBad
19606,4,3.3000000000010914,4,1.2999999999988177,swap,improve
19607,4,3.3000000000010914,4,1.2999999999988177,swap,improve
19608,4,3.3000000000010914,4,1.2999999999988177,move,improve
19609,4,3.3000000000010914,4,1.2999999999988177,swap,notBad
19610,4,3.3000000000010914,4,1.2999999999988177,move,improve
19611,4,3.3000000000010914,4,1.2999999999988177,2opt,notBad
19612,4,3.3000000000010914,4,1.2999999999988177,move,improve
19613,4,3.3000000000010914,4,1.2999999999988177,swap,notBad
19614,4,3.3000000000010914,4,1.2999999999988177,swap,improve
19615,4,3.3000000000010914,4,1.2999999999988177,move,improve
19616,4,3.3000000000010914,4,1.2999999999988177,swap,improve
19617,4,3.3000000000010914,4,1.2999999999988177,2opt,notBad
19618,4,3.3000000000010914,4,1.2999999999988177,2opt,notBad
19619,4,3.3000000000010914,4,1.2999999999988177,move,improve
19620,4,3.3000000000010914,4,1.2999999999988177,swap,notBad
19621,4,3.3000000000010914,4,1.2999999999988177,move,improve
19622,4,3.3000000000010914,4,1.2999999999988177,swap,notBad
19623,4,3.3000000000010914,4,1.2999999999988177,move,improve
19624,4,3.3000000000010914,4,1.2999999999988177,move,improve
19625,4,3.3000000000010914,4,1.2999999999988177,move,improve
19626,4,3.3000000000010914,4,1.2999999999988177,swap,notBad
19627,4,3.3000000000010914,4,1.2999999999988177,swap,improve
19628,4,3.3000000000010914,4,1.2999999999988177,2opt,notBad
19629,4,3.3000000000010914,4,1.2999999999988177,move,improve
19630,4,3.3000000000010914,4,1.2999999999988177,swap,notBad
19631,4,3.3000000000010914,4,1.2999999999988177,swap,improve
19632,4,3.3000000000010914,4,1.2999999999988177,move,improve
19633,4,3.3000000000010914,4,1.2999999999988177,swap,improve
19634,4,3.3000000000010914,4,1.2999999999988177,swap,improve
19635,4,3.3000000000010914,4,1.2999999999988177,move,improve
19636,4,3.3000000000010914,4,1.2999999999988177,2opt,notBad
19637,4,3.3000000000010914,4,1.2999999999988177,swap,improve
19638,4,3.3000000000010914,4,1.2999999999988177,swap,improve
19639,4,3.3000000000010914,4,1.2999999999988177,2opt,notBad
19640,4,3.3000000000010914,4,1.2999999999988177,move,improve
19641,4,3.3000000000010914,4,1.2999999999988177,swap,improve
19642,4,3.3000000000010914,4,1.2999999999988177,move,improve
19643,4,3.3000000000010914,4,1.2999999999988177,move,improve
19644,4,3.3000000000010914,4,1.2999999999988177,swap,notBad
19645,4,3.3000000000010914,4,1.2999999999988177,2opt,notBad
19646,4,3.3000000000010914,4,1.2999999999988177,move,improve
19647,4,3.3000000000010914,4,1.2999999999988177,2opt,notBad
19648,4,3.3000000000010914,4,1.2999999999988177,swap,improve
19649,4,3.3000000000010914,4,1.2999999999988177,swap,notBad
19650,4,3.3000000000010914,4,1.2999999999988177,2opt,notBad
19651,4,3.3000000000010914,4,1.2999999999988177,move,improve
19652,4,3.3000000000010914,4,1.2999999999988177,2opt,improve
19653,4,3.3000000000010914,4,1.2999999999988177,2opt,improve
19654,4,3.3000000000010914,4,1.2999999999988177,2opt,notBad
19655,4,3.3000000000010914,4,1.2999999999988177,2opt,notBad
19656,4,3.3000000000010914,4,1.2999999999988177,2opt,notBad
19657,4,3.3000000000010914,4,1.2999999999988177,swap,notBad
19658,4,3.3000000000010914,4,1.2999999999988177,move,improve
19659,4,3.3000000000010914,4,1.2999999999988177,swap,notBad
19660,4,3.3000000000010914,4,1.2999999999988177,2opt,notBad
19661,4,3.3000000000010914,4,1.2999999999988177,swap,notBad
19662,4,3.3000000000010914,4,1.2999999999988177,move,improve
19663,4,3.3000000000010914,4,1.2999999999988177,swap,improve
19664,4,3.3000000000010914,4,1.2999999999988177,swap,notBad
19665,4,3.3000000000010914,4,1.2999999999988177,2opt,notBad
19666,4,3.3000000000010914,4,1.2999999999988177,move,improve
19667,4,3.3000000000010914,4,1.2999999999988177,2opt,notBad
19668,4,3.3000000000010914,4,1.2999999999988177,swap,notBad
19669,4,3.3000000000010914,4,1.2999999999988177,2opt,notBad
19670,4,3.3000000000010914,4,1.2999999999988177,swap,improve
19671,4,3.3000000000010914,4,1.2999999999988177,swap,improve
19672,4,3.3000000000010914,4,1.2999999999988177,swap,improve
19673,4,3.3000000000010914,4,1.2999999999988177,2opt,notBad
19674,4,3.3000000000010914,4,1.2999999999988177,move,improve
19675,4,3.3000000000010914,4,1.2999999999988177,swap,notBad
19676,4,3.3000000000010914,4,1.2999999999988177,2opt,notBad
19677,4,3.3000000000010914,4,1.2999999999988177,move,improve
19678,4,3.3000000000010914,4,1.2999999999988177,swap,improve
19679,4,3.3000000000010914,4,1.2999999999988177,swap,notBad
19680,4,3.3000000000010914,4,1.2999999999988177,move,improve
19681,4,3.3000000000010914,4,1.2999999999988177,move,improve
19682,4,3.3000000000010914,4,1.2999999999988177,2opt,notBad
19683,4,3.3000000000010914,4,1.2999999999988177,2opt,notBad
19684,4,3.3000000000010914,4,1.2999999999988177,2opt,notBad
19685,4,3.3000000000010914,4,1.2999999999988177,swap,notBad
19686,4,3.3000000000010914,4,1.2999999999988177,2opt,notBad
19687,4,3.3000000000010914,4,1.2999999999988177,move,improve
19688,4,3.3000000000010914,4,1.2999999999988177,swap,improve
19689,4,3.3000000000010914,4,1.2999999999988177,2opt,notBad
19690,4,3.3000000000010914,4,1.2999999999988177,2opt,notBad
19691,4,3.3000000000010914,4,1.2999999999988177,swap,improve
19692,4,3.3000000000010914,4,1.2999999999988177,swap,notBad
19693,4,3.3000000000010914,4,1.2999999999988177,2opt,notBad
19694,4,3.3000000000010914,4,1.2999999999988177,swap,notBad
19695,4,3.3000000000010914,4,1.2999999999988177,move,improve
19696,4,3.3000000000010914,4,1.2999999999988177,swap,improve
19697,4,3.3000000000010914,4,1.2999999999988177,swap,notBad
19698,4,3.3000000000010914,4,1.2999999999988177,swap,notBad
19699,4,3.3000000000010914,4,1.2999999999988177,swap,notBad
19700,4,3.3000000000010914,4,1.2999999999988177,2opt,notBad
19701,4,3.3000000000010914,4,1.2999999999988177,move,notBad
19702,4,3.3000000000010914,4,1.2999999999988177,2opt,improve
19703,4,3.3000000000010914,4,1.2999999999988177,swap,improve
19704,4,3.3000000000010914,4,1.2999999999988177,move,improve
19705,4,3.3000000000010914,4,1.2999999999988177,2opt,notBad
19706,4,3.3000000000010914,4,1.2999999999988177,swap,notBad
19707,4,3.3000000000010914,4,1.2999999999988177,2opt,improve
19708,4,3.3000000000010914,4,1.2999999999988177,swap,improve
19709,4,3.3000000000010914,4,1.2999999999988177,2opt,notBad
19710,4,3.3000000000010914,4,1.2999999999988177,2opt,notBad
19711,4,3.3000000000010914,4,1.2999999999988177,2opt,notBad
19712,4,3.3000000000010914,4,1.2999999999988177,move,improve
19713,4,3.3000000000010914,4,1.2999999999988177,swap,notBad
19714,4,3.3000000000010914,4,1.2999999999988177,move,improve
19715,4,3.3000000000010914,4,1.2999999999988177,2opt,notBad
19716,4,3.3000000000010914,4,1.2999999999988177,swap,improve
19717,4,3.3000000000010914,4,1.2999999999988177,move,improve
19718,4,3.3000000000010914,4,1.2999999999988177,2opt,notBad
19719,4,3.3000000000010914,4,1.2999999999988177,2opt,notBad
19720,4,3.3000000000010914,4,1.2999999999988177,2opt,improve
19721,4,3.3000000000010914,4,1.2999999999988177,move,improve
19722,4,3.3000000000010914,4,1.2999999999988177,move,improve
19723,4,3.3000000000010914,4,1.2999999999988177,move,improve
19724,4,3.3000000000010914,4,1.2999999999988177,2opt,notBad
19725,4,3.3000000000010914,4,1.2999999999988177,swap,notBad
19726,4,3.3000000000010914,4,1.2999999999988177,swap,improve
19727,4,3.3000000000010914,4,1.2999999999988177,swap,improve
19728,4,3.3000000000010914,4,1.2999999999988177,swap,improve
19729,4,3.3000000000010914,4,1.2999999999988177,2opt,notBad
19730,4,3.3000000000010914,4,1.2999999999988177,2opt,notBad
19731,4,3.3000000000010914,4,1.2999999999988177,2opt,notBad
19732,4,3.3000000000010914,4,1.2999999999988177,2opt,notBad
19733,4,3.3000000000010914,4,1.2999999999988177,2opt,notBad
19734,4,3.3000000000010914,4,1.2999999999988177,2opt,notBad
19735,4,3.3000000000010914,4,1.2999999999988177,2opt,notBad
19736,4,3.3000000000010914,4,1.2999999999988177,2opt,notBad
19737,4,3.3000000000010914,4,1.2999999999988177,swap,notBad
19738,4,3.3000000000010914,4,1.2999999999988177,move,improve
19739,4,3.3000000000010914,4,1.2999999999988177,swap,improve
19740,4,3.3000000000010914,4,1.2999999999988177,move,improve
19741,4,3.3000000000010914,4,1.2999999999988177,move,notBad
19742,4,3.3000000000010914,4,1.2999999999988177,2opt,notBad
19743,4,3.3000000000010914,4,1.2999999999988177,swap,notBad
19744,4,3.3000000000010914,4,1.2999999999988177,2opt,notBad
19745,4,3.3000000000010914,4,1.2999999999988177,2opt,notBad
19746,4,3.3000000000010914,4,1.2999999999988177,move,improve
19747,4,3.3000000000010914,4,1.2999999999988177,move,improve
19748,4,3.3000000000010914,4,1.2999999999988177,move,improve
19749,4,3.3000000000010914,4,1.2999999999988177,swap,notBad
19750,4,3.3000000000010914,4,1.2999999999988177,move,improve
19751,4,3.3000000000010914,4,1.2999999999988177,swap,notBad
19752,4,3.3000000000010914,4,1.2999999999988177,swap,improve
19753,4,3.3000000000010914,4,1.2999999999988177,2opt,notBad
19754,4,3.3000000000010914,4,1.2999999999988177,swap,improve
19755,4,3.3000000000010914,4,1.2999999999988177,2opt,notBad
19756,4,3.3000000000010914,4,1.2999999999988177,move,improve
19757,4,3.3000000000010914,4,1.2999999999988177,move,improve
19758,4,3.3000000000010914,4,1.2999999999988177,2opt,notBad
19759,4,3.3000000000010914,4,1.2999999999988177,move,improve
19760,4,3.3000000000010914,4,1.2999999999988177,move,improve
19761,4,3.3000000000010914,4,1.2999999999988177,move,improve
19762,4,3.3000000000010914,4,1.2999999999988177,swap,improve
19763,4,3.3000000000010914,4,1.2999999999988177,swap,improve
19764,4,3.3000000000010914,4,1.2999999999988177,2opt,improve
19765,4,3.3000000000010914,4,1.2999999999988177,2opt,notBad
19766,4,3.3000000000010914,4,1.2999999999988177,2opt,improve
19767,4,3.3000000000010914,4,1.2999999999988177,move,improve
19768,4,3.3000000000010914,4,1.2999999999988177,swap,improve
19769,4,3.3000000000010914,4,1.2999999999988177,2opt,notBad
19770,4,3.3000000000010914,4,1.2999999999988177,swap,notBad
19771,4,3.3000000000010914,4,1.2999999999988177,move,improve
19772,4,3.3000000000010914,4,1.2999999999988177,swap,notBad
19773,4,3.3000000000010914,4,1.2999999999988177,swap,improve
19774,4,3.3000000000010914,4,1.2999999999988177,swap,improve
19775,4,3.3000000000010914,4,1.2999999999988177,move,improve
19776,4,3.3000000000010914,4,1.2999999999988177,swap,improve
19777,4,3.3000000000010914,4,1.2999999999988177,2opt,notBad
19778,4,3.3000000000010914,4,1.2999999999988177,swap,improve
19779,4,3.3000000000010914,4,1.2999999999988177,swap,notBad
19780,4,3.3000000000010914,4,1.2999999999988177,2opt,improve
19781,4,3.3000000000010914,4,1.2999999999988177,swap,improve
19782,4,3.3000000000010914,4,1.2999999999988177,swap,notBad
19783,4,3.3000000000010914,4,1.2999999999988177,move,improve
19784,4,3.3000000000010914,4,1.2999999999988177,swap,improve
19785,4,3.3000000000010914,4,1.2999999999988177,swap,notBad
19786,4,3.3000000000010914,4,1.2999999999988177,swap,improve
19787,4,3.3000000000010914,4,1.2999999999988177,move,improve
19788,4,3.3000000000010914,4,1.2999999999988177,2opt,notBad
19789,4,3.3000000000010914,4,1.2999999999988177,2opt,improve
19790,4,3.3000000000010914,4,1.2999999999988177,move,improve
19791,4,3.3000000000010914,4,1.2999999999988177,move,improve
19792,4,3.3000000000010914,4,1.2999999999988177,swap,notBad
19793,4,3.3000000000010914,4,1.2999999999988177,move,improve
19794,4,3.3000000000010914,4,1.2999999999988177,move,improve
19795,4,3.3000000000010914,4,1.2999999999988177,2opt,notBad
19796,4,3.3000000000010914,4,1.2999999999988177,move,improve
19797,4,3.3000000000010914,4,1.2999999999988177,2opt,improve
19798,4,3.3000000000010914,4,1.2999999999988177,2opt,notBad
19799,4,3.3000000000010914,4,1.2999999999988177,move,improve
19800,4,3.3000000000010914,4,1.2999999999988177,move,improve
19801,4,3.3000000000010914,4,1.2999999999988177,2opt,notBad
19802,4,3.3000000000010914,4,1.2999999999988177,move,improve
19803,4,3.3000000000010914,4,1.2999999999988177,move,improve
19804,4,3.3000000000010914,4,1.2999999999988177,move,improve
19805,4,3.3000000000010914,4,1.2999999999988177,move,improve
19806,4,3.3000000000010914,4,1.2999999999988177,move,improve
19807,4,3.3000000000010914,4,1.2999999999988177,2opt,notBad
19808,4,3.3000000000010914,4,1.2999999999988177,swap,notBad
19809,4,3.3000000000010914,4,1.2999999999988177,swap,improve
19810,4,3.3000000000010914,4,1.2999999999988177,move,improve
19811,4,3.3000000000010914,4,1.2999999999988177,2opt,notBad
19812,4,3.3000000000010914,4,1.2999999999988177,swap,improve
19813,4,3.3000000000010914,4,1.2999999999988177,2opt,notBad
19814,4,3.3000000000010914,4,1.2999999999988177,swap,improve
19815,4,3.3000000000010914,4,1.2999999999988177,swap,notBad
19816,4,3.3000000000010914,4,1.2999999999988177,swap,notBad
19817,4,3.3000000000010914,4,1.2999999999988177,2opt,improve
19818,4,3.3000000000010914,4,1.2999999999988177,move,improve
19819,4,3.3000000000010914,4,1.2999999999988177,2opt,notBad
19820,4,3.3000000000010914,4,1.2999999999988177,swap,notBad
19821,4,3.3000000000010914,4,1.2999999999988177,move,improve
19822,4,3.3000000000010914,4,1.2999999999988177,move,improve
19823,4,3.3000000000010914,4,1.2999999999988177,move,improve
19824,4,3.3000000000010914,4,1.2999999999988177,2opt,notBad
19825,4,3.3000000000010914,4,1.2999999999988177,swap,improve
19826,4,3.3000000000010914,4,1.2999999999988177,move,improve
19827,4,3.3000000000010914,4,1.2999999999988177,swap,notBad
19828,4,3.3000000000010914,4,1.2999999999988177,move,improve
19829,4,3.3000000000010914,4,1.2999999999988177,2opt,improve
19830,4,3.3000000000010914,4,1.2999999999988177,move,improve
19831,4,3.3000000000010914,4,1.2999999999988177,swap,improve
19832,4,3.3000000000010914,4,1.2999999999988177,2opt,improve
19833,4,3.3000000000010914,4,1.2999999999988177,2opt,notBad
19834,4,3.3000000000010914,4,1.2999999999988177,swap,improve
19835,4,3.3000000000010914,4,1.2999999999988177,swap,improve
19836,4,3.3000000000010914,4,1.2999999999988177,move,improve
19837,4,3.3000000000010914,4,1.2999999999988177,swap,notBad
19838,4,3.3000000000010914,4,1.2999999999988177,move,improve
19839,4,3.3000000000010914,4,1.2999999999988177,move,improve
19840,4,3.3000000000010914,4,1.2999999999988177,2opt,notBad
19841,4,3.3000000000010914,4,1.2999999999988177,swap,improve
19842,4,3.3000000000010914,4,1.2999999999988177,swap,notBad
19843,4,3.3000000000010914,4,1.2999999999988177,move,improve
19844,4,3.3000000000010914,4,1.2999999999988177,2opt,notBad
19845,4,3.3000000000010914,4,1.2999999999988177,move,improve
19846,4,3.3000000000010914,4,1.2999999999988177,swap,notBad
19847,4,3.3000000000010914,4,1.2999999999988177,2opt,notBad
19848,4,3.3000000000010914,4,1.2999999999988177,2opt,notBad
19849,4,3.3000000000010914,4,1.2999999999988177,move,improve
19850,4,3.3000000000010914,4,1.2999999999988177,move,improve
19851,4,3.3000000000010914,4,1.2999999999988177,2opt,notBad
19852,4,3.3000000000010914,4,1.2999999999988177,move,improve
19853,4,3.3000000000010914,4,1.2999999999988177,swap,notBad
19854,4,3.3000000000010914,4,1.2999999999988177,2opt,notBad
19855,4,3.3000000000010914,4,1.2999999999988177,move,improve
19856,4,3.3000000000010914,4,1.2999999999988177,swap,notBad
19857,4,3.3000000000010914,4,1.2999999999988177,swap,notBad
19858,4,3.3000000000010914,4,1.2999999999988177,2opt,notBad
19859,4,3.3000000000010914,4,1.2999999999988177,move,improve
19860,4,3.3000000000010914,4,1.2999999999988177,swap,notBad
19861,4,3.3000000000010914,4,1.2999999999988177,move,improve
19862,4,3.3000000000010914,4,1.2999999999988177,swap,notBad
19863,4,3.3000000000010914,4,1.2999999999988177,2opt,notBad
19864,4,3.3000000000010914,4,1.2999999999988177,2opt,notBad
19865,4,3.3000000000010914,4,1.2999999999988177,swap,improve
19866,4,3.3000000000010914,4,1.2999999999988177,2opt,notBad
19867,4,3.3000000000010914,4,1.2999999999988177,2opt,notBad
19868,4,3.3000000000010914,4,1.2999999999988177,swap,improve
19869,4,3.3000000000010914,4,1.2999999999988177,2opt,notBad
19870,4,3.3000000000010914,4,1.2999999999988177,move,improve
19871,4,3.3000000000010914,4,1.2999999999988177,move,improve
19872,4,3.3000000000010914,4,1.2999999999988177,swap,notBad
19873,4,3.3000000000010914,4,1.2999999999988177,2opt,notBad
19874,4,3.3000000000010914,4,1.2999999999988177,swap,notBad
19875,4,3.3000000000010914,4,1.2999999999988177,move,improve
19876,4,3.3000000000010914,4,1.2999999999988177,move,improve
19877,4,3.3000000000010914,4,1.2999999999988177,move,improve
19878,4,3.3000000000010914,4,1.2999999999988177,move,improve
19879,4,3.3000000000010914,4,1.2999999999988177,2opt,notBad
19880,4,3.3000000000010914,4,1.2999999999988177,2opt,notBad
19881,4,3.3000000000010914,4,1.2999999999988177,2opt,improve
19882,4,3.3000000000010914,4,1.2999999999988177,swap,notBad
19883,4,3.3000000000010914,4,1.2999999999988177,swap,notBad
19884,4,3.3000000000010914,4,1.2999999999988177,swap,notBad
19885,4,3.3000000000010914,4,1.2999999999988177,move,improve
19886,4,3.3000000000010914,4,1.2999999999988177,swap,improve
19887,4,3.3000000000010914,4,1.2999999999988177,move,improve
19888,4,3.3000000000010914,4,1.2999999999988177,move,improve
19889,4,3.3000000000010914,4,1.2999999999988177,2opt,notBad
19890,4,3.3000000000010914,4,1.2999999999988177,move,improve
19891,4,3.3000000000010914,4,1.2999999999988177,2opt,notBad
19892,4,3.3000000000010914,4,1.2999999999988177,move,improve
19893,4,3.3000000000010914,4,1.2999999999988177,move,improve
19894,4,3.3000000000010914,4,1.2999999999988177,2opt,notBad
19895,4,3.3000000000010914,4,1.2999999999988177,2opt,notBad
19896,4,3.3000000000010914,4,1.2999999999988177,move,improve
19897,4,3.3000000000010914,4,1.2999999999988177,move,improve
19898,4,3.3000000000010914,4,1.2999999999988177,swap,notBad
19899,4,3.3000000000010914,4,1.2999999999988177,2opt,notBad
19900,4,3.3000000000010914,4,1.2999999999988177,move,improve
19901,4,3.3000000000010914,4,1.2999999999988177,move,improve
19902,4,3.3000000000010914,4,1.2999999999988177,move,improve
19903,4,3.3000000000010914,4,1.2999999999988177,move,improve
19904,4,3.3000000000010914,4,1.2999999999988177,swap,improve
19905,4,3.3000000000010914,4,1.2999999999988177,swap,notBad
19906,4,3.3000000000010914,4,1.2999999999988177,swap,improve
19907,4,3.3000000000010914,4,1.2999999999988177,swap,improve
19908,4,3.3000000000010914,4,1.2999999999988177,swap,improve
19909,4,3.3000000000010914,4,1.2999999999988177,2opt,notBad
19910,4,3.3000000000010914,4,1.2999999999988177,swap,improve
19911,4,3.3000000000010914,4,1.2999999999988177,2opt,notBad
19912,4,3.3000000000010914,4,1.2999999999988177,swap,improve
19913,4,3.3000000000010914,4,1.2999999999988177,2opt,notBad
19914,4,3.3000000000010914,4,1.2999999999988177,swap,notBad
19915,4,3.3000000000010914,4,1.2999999999988177,move,improve
19916,4,3.3000000000010914,4,1.2999999999988177,move,improve
19917,4,3.3000000000010914,4,1.2999999999988177,2opt,notBad
19918,4,3.3000000000010914,4,1.2999999999988177,swap,notBad
19919,4,3.3000000000010914,4,1.2999999999988177,2opt,notBad
19920,4,3.3000000000010914,4,1.2999999999988177,swap,notBad
19921,4,3.3000000000010914,4,1.2999999999988177,move,improve
19922,4,3.3000000000010914,4,1.2999999999988177,2opt,notBad
19923,4,3.3000000000010914,4,1.2999999999988177,swap,improve
19924,4,3.3000000000010914,4,1.2999999999988177,move,improve
19925,4,3.3000000000010914,4,1.2999999999988177,swap,improve
19926,4,3.3000000000010914,4,1.2999999999988177,move,improve
19927,4,3.3000000000010914,4,1.2999999999988177,2opt,notBad
19928,4,3.3000000000010914,4,1.2999999999988177,2opt,notBad
19929,4,3.3000000000010914,4,1.2999999999988177,move,improve
19930,4,3.3000000000010914,4,1.2999999999988177,move,improve
19931,4,3.3000000000010914,4,1.2999999999988177,swap,improve
19932,4,3.3000000000010914,4,1.2999999999988177,2opt,notBad
19933,4,3.3000000000010914,4,1.2999999999988177,2opt,notBad
19934,4,3.3000000000010914,4,1.2999999999988177,2opt,notBad
19935,4,3.3000000000010914,4,1.2999999999988177,2opt,notBad
19936,4,3.3000000000010914,4,1.2999999999988177,swap,notBad
19937,4,3.3000000000010914,4,1.2999999999988177,swap,improve
19938,4,3.3000000000010914,4,1.2999999999988177,move,improve
19939,4,3.3000000000010914,4,1.2999999999988177,swap,notBad
19940,4,3.3000000000010914,4,1.2999999999988177,2opt,notBad
19941,4,3.3000000000010914,4,1.2999999999988177,move,improve
19942,4,3.3000000000010914,4,1.2999999999988177,move,improve
19943,4,3.3000000000010914,4,1.2999999999988177,swap,improve
19944,4,3.3000000000010914,4,1.2999999999988177,swap,notBad
19945,4,3.3000000000010914,4,1.2999999999988177,2opt,notBad
19946,4,3.3000000000010914,4,1.2999999999988177,move,improve
19947,4,3.3000000000010914,4,1.2999999999988177,move,improve
19948,4,3.3000000000010914,4,1.2999999999988177,move,improve
19949,4,3.3000000000010914,4,1.2999999999988177,move,improve
19950,4,3.3000000000010914,4,1.2999999999988177,2opt,notBad
19951,4,3.3000000000010914,4,1.2999999999988177,swap,notBad
19952,4,3.3000000000010914,4,1.2999999999988177,move,improve
19953,4,3.3000000000010914,4,1.2999999999988177,move,improve
19954,4,3.3000000000010914,4,1.2999999999988177,2opt,improve
19955,4,3.3000000000010914,4,1.2999999999988177,2opt,notBad
19956,4,3.3000000000010914,4,1.2999999999988177,2opt,notBad
19957,4,3.3000000000010914,4,1.2999999999988177,2opt,notBad
19958,4,3.3000000000010914,4,1.2999999999988177,move,improve
19959,4,3.3000000000010914,4,1.2999999999988177,swap,improve
19960,4,3.3000000000010914,4,1.2999999999988177,2opt,notBad
19961,4,3.3000000000010914,4,1.2999999999988177,2opt,notBad
19962,4,3.3000000000010914,4,1.2999999999988177,move,improve
19963,4,3.3000000000010914,4,1.2999999999988177,move,improve
19964,4,3.3000000000010914,4,1.2999999999988177,swap,notBad
19965,4,3.3000000000010914,4,1.2999999999988177,2opt,notBad
19966,4,3.3000000000010914,4,1.2999999999988177,swap,improve
19967,4,3.3000000000010914,4,1.2999999999988177,move,improve
19968,4,3.3000000000010914,4,1.2999999999988177,2opt,notBad
19969,4,3.3000000000010914,4,1.2999999999988177,swap,improve
19970,4,3.3000000000010914,4,1.2999999999988177,move,improve
19971,4,3.3000000000010914,4,1.2999999999988177,swap,improve
19972,4,3.3000000000010914,4,1.2999999999988177,2opt,notBad
19973,4,3.3000000000010914,4,1.2999999999988177,move,improve
19974,4,3.3000000000010914,4,1.2999999999988177,swap,notBad
19975,4,3.3000000000010914,4,1.2999999999988177,2opt,notBad
19976,4,3.3000000000010914,4,1.2999999999988177,2opt,notBad
19977,4,3.3000000000010914,4,1.2999999999988177,move,improve
19978,4,3.3000000000010914,4,1.2999999999988177,move,improve
19979,4,3.3000000000010914,4,1.2999999999988177,2opt,notBad
19980,4,3.3000000000010914,4,1.2999999999988177,2opt,notBad
19981,4,3.3000000000010914,4,1.2999999999988177,move,improve
19982,4,3.3000000000010914,4,1.2999999999988177,move,improve
19983,4,3.3000000000010914,4,1.2999999999988177,swap,improve
19984,4,3.3000000000010914,4,1.2999999999988177,move,improve
19985,4,3.3000000000010914,4,1.2999999999988177,swap,notBad
19986,4,3.3000000000010914,4,1.2999999999988177,swap,improve
19987,4,3.3000000000010914,4,1.2999999999988177,2opt,notBad
19988,4,3.3000000000010914,4,1.2999999999988177,move,improve
19989,4,3.3000000000010914,4,1.2999999999988177,swap,improve
19990,4,3.3000000000010914,4,1.2999999999988177,swap,improve
19991,4,3.3000000000010914,4,1.2999999999988177,2opt,notBad
19992,4,3.3000000000010914,4,1.2999999999988177,move,notBad
19993,4,3.3000000000010914,4,1.2999999999988177,move,improve
19994,4,3.3000000000010914,4,1.2999999999988177,2opt,notBad
19995,4,3.3000000000010914,4,1.2999999999988177,swap,improve
19996,4,3.3000000000010914,4,1.2999999999988177,move,improve
19997,4,3.3000000000010914,4,1.2999999999988177,2opt,notBad
19998,4,3.3000000000010914,4,1.2999999999988177,swap,notBad
19999,4,3.3000000000010914,4,1.2999999999988177,move,improve
