i,vehi,obj,vehiBest,objBest,loFunc,note
1,3,1632.0,3,1632.0,swap,newBest
2,3,1632.0,3,1632.0,move,improve
3,3,1631.8000000000002,3,1631.8000000000002,move,newBest
4,3,1630.3,3,1630.3,move,newBest
5,3,1630.3,3,1630.3,move,improve
6,3,1630.3,3,1630.3,swap,improve
7,3,2128.1,3,1630.3,2opt,acceptBad
8,3,2128.1,3,1630.3,2opt,improve
9,4,2433.2,3,1630.3,2opt,acceptBad
10,4,2422.2,3,1630.3,swap,improve
11,4,2422.2,3,1630.3,swap,improve
12,4,2422.2,3,1630.3,2opt,improve
13,4,2422.2,3,1630.3,swap,improve
14,4,2422.2,3,1630.3,move,improve
15,4,2422.2,3,1630.3,2opt,improve
16,4,2379.0,3,1630.3,move,improve
17,5,2671.6,3,1630.3,2opt,acceptBad
18,5,2671.6,3,1630.3,move,improve
19,5,2671.6,3,1630.3,swap,improve
20,5,2763.0,3,1630.3,swap,acceptBad
21,5,2753.1,3,1630.3,move,improve
22,5,2753.1,3,1630.3,move,improve
23,5,2753.1,3,1630.3,move,improve
24,5,2777.6,3,1630.3,swap,acceptBad
25,5,2777.6,3,1630.3,move,improve
26,5,2721.6,3,1630.3,move,improve
27,5,2825.6000000000004,3,1630.3,swap,acceptBad
28,5,2825.6000000000004,3,1630.3,2opt,improve
29,5,2815.0,3,1630.3,move,improve
30,5,2815.0,3,1630.3,move,improve
31,5,2815.0,3,1630.3,move,improve
32,5,2803.0,3,1630.3,move,improve
33,5,2803.0,3,1630.3,move,improve
34,5,2814.2,3,1630.3,swap,acceptBad
35,6,3352.7,3,1630.3,2opt,acceptBad
36,6,3342.5,3,1630.3,move,improve
37,6,3342.5,3,1630.3,swap,improve
38,6,3342.5,3,1630.3,move,improve
39,6,3342.5,3,1630.3,move,improve
40,6,3387.8999999999996,3,1630.3,swap,acceptBad
41,6,3387.8999999999996,3,1630.3,move,improve
42,6,3403.2,3,1630.3,swap,acceptBad
43,6,3403.2,3,1630.3,swap,improve
44,6,3408.8,3,1630.3,swap,acceptBad
45,6,3414.0999999999995,3,1630.3,swap,acceptBad
46,6,3367.3999999999996,3,1630.3,move,improve
47,6,3363.8,3,1630.3,swap,improve
48,6,3363.7999999999997,3,1630.3,2opt,improve
49,6,3363.7999999999997,3,1630.3,move,improve
50,7,3485.7999999999997,3,1630.3,2opt,acceptBad
51,7,3510.3,3,1630.3,2opt,acceptBad
52,7,3497.8,3,1630.3,move,improve
53,6,3292.8,3,1630.3,move,improve
54,7,3497.8,3,1630.3,2opt,acceptBad
55,7,3497.8,3,1630.3,swap,improve
56,8,4110.400000000001,3,1630.3,2opt,acceptBad
57,8,4110.1,3,1630.3,move,improve
58,8,4170.5,3,1630.3,swap,acceptBad
59,9,4377.3,3,1630.3,2opt,acceptBad
60,9,4344.5,3,1630.3,2opt,improve
61,9,4402.799999999999,3,1630.3,2opt,acceptBad
62,9,4347.7,3,1630.3,move,improve
63,9,4390.799999999999,3,1630.3,swap,acceptBad
64,9,4390.799999999999,3,1630.3,move,improve
65,9,4366.499999999999,3,1630.3,move,improve
66,10,4938.099999999999,3,1630.3,2opt,acceptBad
67,10,4922.799999999999,3,1630.3,move,improve
68,10,4915.099999999999,3,1630.3,swap,improve
69,10,4915.099999999999,3,1630.3,2opt,improve
70,10,4915.099999999999,3,1630.3,move,improve
71,10,4928.099999999999,3,1630.3,swap,acceptBad
72,10,4980.4,3,1630.3,2opt,acceptBad
73,10,4970.199999999999,3,1630.3,move,improve
74,10,4927.599999999999,3,1630.3,move,improve
75,10,4967.5,3,1630.3,swap,acceptBad
76,10,4947.799999999999,3,1630.3,swap,improve
77,10,4947.799999999999,3,1630.3,2opt,improve
78,10,4947.799999999999,3,1630.3,move,improve
79,10,4947.799999999999,3,1630.3,2opt,improve
80,10,4922.9,3,1630.3,move,improve
81,10,4932.1,3,1630.3,swap,acceptBad
82,10,4926.2,3,1630.3,move,improve
83,10,4926.2,3,1630.3,2opt,improve
84,10,4926.2,3,1630.3,move,improve
85,10,4874.1,3,1630.3,2opt,improve
86,11,5354.1,3,1630.3,2opt,acceptBad
87,11,5354.1,3,1630.3,2opt,improve
88,11,5397.699999999999,3,1630.3,2opt,acceptBad
89,11,5354.599999999999,3,1630.3,move,improve
90,11,5341.299999999999,3,1630.3,move,improve
91,11,5341.299999999999,3,1630.3,swap,improve
92,11,5341.299999999999,3,1630.3,2opt,improve
93,11,5281.4,3,1630.3,swap,improve
94,11,5266.799999999999,3,1630.3,move,improve
95,11,5266.799999999999,3,1630.3,move,improve
96,11,5285.4,3,1630.3,swap,acceptBad
97,11,5285.4,3,1630.3,2opt,improve
98,11,5285.4,3,1630.3,swap,improve
99,11,5215.6,3,1630.3,2opt,improve
100,11,5301.599999999999,3,1630.3,2opt,acceptBad
101,11,5306.6,3,1630.3,2opt,acceptBad
102,11,5285.9,3,1630.3,move,improve
103,11,5229.9,3,1630.3,move,improve
104,11,5210.6,3,1630.3,swap,improve
105,11,5220.2,3,1630.3,swap,acceptBad
106,11,5219.4,3,1630.3,2opt,improve
107,12,5815.299999999999,3,1630.3,2opt,acceptBad
108,12,5809.4,3,1630.3,swap,improve
109,12,5809.4,3,1630.3,move,improve
110,12,5809.4,3,1630.3,2opt,improve
111,12,5809.4,3,1630.3,2opt,improve
112,12,6086.4,3,1630.3,swap,acceptBad
113,12,6086.4,3,1630.3,move,improve
114,12,6086.4,3,1630.3,swap,improve
115,12,6080.7,3,1630.3,2opt,improve
116,13,6413.5,3,1630.3,2opt,acceptBad
117,13,6413.5,3,1630.3,2opt,improve
118,13,6413.5,3,1630.3,2opt,improve
119,13,6401.7,3,1630.3,move,improve
120,13,6401.7,3,1630.3,2opt,improve
121,13,6401.7,3,1630.3,move,improve
122,13,6365.499999999999,3,1630.3,swap,improve
123,13,6220.299999999999,3,1630.3,2opt,improve
124,13,6220.299999999999,3,1630.3,move,improve
125,13,6208.299999999999,3,1630.3,move,improve
126,13,6368.0,3,1630.3,2opt,acceptBad
127,13,6368.0,3,1630.3,move,improve
128,13,6368.0,3,1630.3,move,improve
129,13,6368.0,3,1630.3,swap,improve
130,13,6368.0,3,1630.3,2opt,improve
131,13,6317.000000000001,3,1630.3,2opt,improve
132,13,6303.800000000001,3,1630.3,move,improve
133,13,6223.400000000001,3,1630.3,move,improve
134,13,6223.400000000001,3,1630.3,move,improve
135,13,6224.8,3,1630.3,swap,acceptBad
136,13,6224.8,3,1630.3,swap,improve
137,13,6159.9,3,1630.3,move,improve
138,13,6159.900000000001,3,1630.3,2opt,acceptBad
139,13,6159.900000000001,3,1630.3,move,improve
140,13,6159.900000000001,3,1630.3,move,improve
141,13,6116.200000000001,3,1630.3,move,improve
142,13,6116.200000000001,3,1630.3,move,improve
143,13,6116.200000000001,3,1630.3,move,improve
144,13,6057.5,3,1630.3,move,improve
145,13,6057.5,3,1630.3,move,improve
146,13,5982.4,3,1630.3,2opt,improve
147,13,5931.2,3,1630.3,move,improve
148,13,5931.2,3,1630.3,2opt,improve
149,13,5931.2,3,1630.3,move,improve
150,13,6267.099999999999,3,1630.3,2opt,acceptBad
151,13,6446.599999999999,3,1630.3,2opt,acceptBad
152,13,6446.599999999999,3,1630.3,swap,improve
153,13,6529.599999999999,3,1630.3,swap,acceptBad
154,13,6683.200000000001,3,1630.3,2opt,acceptBad
155,13,6683.200000000001,3,1630.3,2opt,improve
156,13,6683.200000000001,3,1630.3,move,improve
157,13,6683.200000000001,3,1630.3,move,improve
158,13,6582.300000000001,3,1630.3,swap,improve
159,13,6582.300000000001,3,1630.3,move,improve
160,13,6498.700000000001,3,1630.3,move,improve
161,13,6498.700000000001,3,1630.3,2opt,improve
162,13,6498.700000000001,3,1630.3,move,improve
163,13,6498.700000000001,3,1630.3,swap,improve
164,13,6498.700000000001,3,1630.3,2opt,improve
165,13,6498.700000000001,3,1630.3,2opt,improve
166,13,6498.700000000001,3,1630.3,2opt,improve
167,13,6391.200000000001,3,1630.3,move,improve
168,13,6404.000000000001,3,1630.3,2opt,acceptBad
169,13,6471.0,3,1630.3,2opt,acceptBad
170,13,6305.0,3,1630.3,move,improve
171,13,6452.4,3,1630.3,swap,acceptBad
172,13,6452.400000000001,3,1630.3,2opt,acceptBad
173,13,6452.400000000001,3,1630.3,swap,improve
174,13,6492.0,3,1630.3,2opt,acceptBad
175,13,6386.900000000001,3,1630.3,2opt,improve
176,13,6386.9,3,1630.3,2opt,improve
177,13,6386.9,3,1630.3,2opt,improve
178,13,6386.9,3,1630.3,move,improve
179,13,6386.9,3,1630.3,move,improve
180,13,6386.9,3,1630.3,move,improve
181,14,6527.299999999999,3,1630.3,2opt,acceptBad
182,14,6586.0,3,1630.3,swap,acceptBad
183,14,6586.0,3,1630.3,move,improve
184,14,6563.200000000001,3,1630.3,2opt,improve
185,14,6563.2,3,1630.3,2opt,improve
186,15,6768.2,3,1630.3,2opt,acceptBad
187,15,6881.4,3,1630.3,2opt,acceptBad
188,15,6881.4,3,1630.3,2opt,improve
189,15,6881.4,3,1630.3,move,improve
190,15,6881.4,3,1630.3,swap,improve
191,15,6881.400000000001,3,1630.3,2opt,acceptBad
192,15,6881.400000000001,3,1630.3,swap,improve
193,15,6528.0,3,1630.3,2opt,improve
194,15,6432.5,3,1630.3,move,improve
195,14,6288.2,3,1630.3,2opt,improve
196,14,6068.400000000001,3,1630.3,2opt,improve
197,14,6037.000000000001,3,1630.3,swap,improve
198,14,6494.4,3,1630.3,2opt,acceptBad
199,14,6494.4,3,1630.3,swap,improve
200,14,6494.4,3,1630.3,move,improve
201,14,6494.4,3,1630.3,move,improve
202,14,6580.799999999999,3,1630.3,swap,acceptBad
203,14,6580.8,3,1630.3,2opt,acceptBad
204,14,6580.8,3,1630.3,move,improve
205,14,6580.8,3,1630.3,swap,improve
206,14,6580.8,3,1630.3,swap,improve
207,14,6632.8,3,1630.3,swap,acceptBad
208,14,6631.599999999999,3,1630.3,2opt,improve
209,14,6611.499999999999,3,1630.3,swap,improve
210,15,6964.099999999999,3,1630.3,2opt,acceptBad
211,15,6825.7,3,1630.3,2opt,improve
212,15,6839.099999999999,3,1630.3,swap,acceptBad
213,15,6792.099999999999,3,1630.3,2opt,improve
214,15,6804.4,3,1630.3,swap,acceptBad
215,15,6792.099999999999,3,1630.3,swap,improve
216,15,6913.299999999999,3,1630.3,swap,acceptBad
217,15,6913.299999999999,3,1630.3,2opt,improve
218,15,6913.299999999999,3,1630.3,move,improve
219,15,6913.3,3,1630.3,2opt,acceptBad
220,15,6811.1,3,1630.3,2opt,improve
221,15,6900.0,3,1630.3,swap,acceptBad
222,15,6900.0,3,1630.3,move,improve
223,15,6853.400000000001,3,1630.3,2opt,improve
224,15,6850.400000000001,3,1630.3,move,improve
225,15,6696.400000000001,3,1630.3,swap,improve
226,15,6601.8,3,1630.3,move,improve
227,15,6663.5,3,1630.3,swap,acceptBad
228,15,6554.7,3,1630.3,move,improve
229,15,6620.7,3,1630.3,2opt,acceptBad
230,15,6479.7,3,1630.3,move,improve
231,15,6479.7,3,1630.3,swap,improve
232,16,6652.7,3,1630.3,2opt,acceptBad
233,15,6609.2,3,1630.3,move,improve
234,15,6609.2,3,1630.3,move,improve
235,15,6572.200000000001,3,1630.3,swap,improve
236,15,6639.0,3,1630.3,2opt,acceptBad
237,16,6703.3,3,1630.3,2opt,acceptBad
238,16,6703.3,3,1630.3,move,improve
239,17,7216.7,3,1630.3,2opt,acceptBad
240,17,7216.7,3,1630.3,move,improve
241,17,7212.7,3,1630.3,2opt,improve
242,17,7212.7,3,1630.3,2opt,improve
243,17,7212.7,3,1630.3,move,improve
244,17,7183.0,3,1630.3,2opt,improve
245,17,7125.0,3,1630.3,swap,improve
246,17,7125.0,3,1630.3,swap,improve
247,17,7492.0,3,1630.3,swap,acceptBad
248,17,7492.000000000001,3,1630.3,2opt,acceptBad
249,17,7536.000000000001,3,1630.3,swap,acceptBad
250,17,7535.999999999999,3,1630.3,2opt,improve
251,17,7542.700000000001,3,1630.3,2opt,acceptBad
252,17,7516.0,3,1630.3,swap,improve
253,17,7516.0,3,1630.3,move,improve
254,17,7343.1,3,1630.3,move,improve
255,17,7300.200000000001,3,1630.3,swap,improve
256,17,7293.400000000001,3,1630.3,swap,improve
257,17,7211.8,3,1630.3,move,improve
258,17,7211.8,3,1630.3,swap,improve
259,17,7211.8,3,1630.3,swap,improve
260,17,7102.0,3,1630.3,swap,improve
261,17,7313.0,3,1630.3,swap,acceptBad
262,17,7418.1,3,1630.3,2opt,acceptBad
263,17,7382.1,3,1630.3,2opt,improve
264,17,7376.3,3,1630.3,swap,improve
265,16,6773.3,3,1630.3,move,improve
266,16,6935.200000000001,3,1630.3,swap,acceptBad
267,16,6904.6,3,1630.3,swap,improve
268,16,6904.6,3,1630.3,move,improve
269,16,7128.6,3,1630.3,2opt,acceptBad
270,16,6965.6,3,1630.3,swap,improve
271,16,6975.1,3,1630.3,swap,acceptBad
272,16,6910.1,3,1630.3,move,improve
273,16,7082.2,3,1630.3,swap,acceptBad
274,16,6855.0,3,1630.3,move,improve
275,16,6855.0,3,1630.3,move,improve
276,16,6880.5,3,1630.3,swap,acceptBad
277,17,6979.5,3,1630.3,2opt,acceptBad
278,17,7084.1,3,1630.3,swap,acceptBad
279,17,7065.6,3,1630.3,swap,improve
280,17,7065.600000000001,3,1630.3,2opt,acceptBad
281,17,6674.300000000001,3,1630.3,2opt,improve
282,17,6674.300000000001,3,1630.3,2opt,improve
283,17,6674.300000000001,3,1630.3,move,improve
284,17,6674.300000000001,3,1630.3,move,improve
285,17,6623.800000000001,3,1630.3,2opt,improve
286,17,6807.6,3,1630.3,2opt,acceptBad
287,17,7169.8,3,1630.3,2opt,acceptBad
288,17,7351.8,3,1630.3,swap,acceptBad
289,17,7356.000000000001,3,1630.3,2opt,acceptBad
290,17,7356.000000000001,3,1630.3,swap,improve
291,17,7356.000000000001,3,1630.3,swap,improve
292,17,7356.0,3,1630.3,2opt,improve
293,17,7275.4,3,1630.3,swap,improve
294,17,7255.599999999999,3,1630.3,move,improve
295,17,7373.6,3,1630.3,swap,acceptBad
296,17,7373.6,3,1630.3,swap,improve
297,17,7409.0,3,1630.3,swap,acceptBad
298,17,7496.5,3,1630.3,swap,acceptBad
299,17,7387.900000000001,3,1630.3,move,improve
300,17,7285.1,3,1630.3,move,improve
301,17,7347.6,3,1630.3,2opt,acceptBad
302,17,7350.8,3,1630.3,swap,acceptBad
303,17,7350.799999999999,3,1630.3,2opt,improve
304,17,7344.599999999999,3,1630.3,move,improve
305,17,7282.099999999999,3,1630.3,move,improve
306,16,7175.9,3,1630.3,2opt,improve
307,16,7175.9,3,1630.3,swap,improve
308,16,7175.9,3,1630.3,2opt,improve
309,16,7131.9,3,1630.3,swap,improve
310,16,6932.9,3,1630.3,move,improve
311,16,6827.8,3,1630.3,swap,improve
312,17,7266.8,3,1630.3,2opt,acceptBad
313,17,7118.8,3,1630.3,2opt,improve
314,17,6961.0,3,1630.3,2opt,improve
315,17,7044.3,3,1630.3,swap,acceptBad
316,17,7044.3,3,1630.3,2opt,improve
317,17,6862.3,3,1630.3,move,improve
318,17,6862.3,3,1630.3,swap,improve
319,17,6862.3,3,1630.3,move,improve
320,17,6606.2,3,1630.3,move,improve
321,17,6544.999999999999,3,1630.3,move,improve
322,17,6531.4,3,1630.3,move,improve
323,17,6555.9,3,1630.3,swap,acceptBad
324,17,6557.999999999999,3,1630.3,2opt,acceptBad
325,17,6557.999999999999,3,1630.3,move,improve
326,16,6510.299999999999,3,1630.3,move,improve
327,15,6380.4,3,1630.3,2opt,improve
328,15,6377.099999999999,3,1630.3,2opt,improve
329,15,6211.9,3,1630.3,swap,improve
330,15,6080.0,3,1630.3,swap,improve
331,15,6075.0,3,1630.3,2opt,improve
332,15,6050.7,3,1630.3,2opt,improve
333,15,6047.8,3,1630.3,2opt,improve
334,15,5990.400000000001,3,1630.3,move,improve
335,15,6095.400000000001,3,1630.3,swap,acceptBad
336,15,6310.6,3,1630.3,2opt,acceptBad
337,15,6310.6,3,1630.3,move,improve
338,14,6255.6,3,1630.3,move,improve
339,14,6230.6,3,1630.3,move,improve
340,14,6230.6,3,1630.3,swap,improve
341,13,6137.9,3,1630.3,2opt,improve
342,13,5922.7,3,1630.3,move,improve
343,13,5922.7,3,1630.3,move,improve
344,13,5897.6,3,1630.3,swap,improve
345,13,5897.6,3,1630.3,move,improve
346,13,5897.6,3,1630.3,move,improve
347,13,5897.6,3,1630.3,move,improve
348,13,5897.6,3,1630.3,swap,improve
349,13,6019.6,3,1630.3,2opt,acceptBad
350,13,6020.2,3,1630.3,swap,acceptBad
351,13,6020.2,3,1630.3,move,improve
352,13,5955.3,3,1630.3,2opt,improve
353,13,5848.2,3,1630.3,move,improve
354,13,5728.999999999999,3,1630.3,swap,improve
355,13,5633.9,3,1630.3,move,improve
356,13,5680.799999999999,3,1630.3,swap,acceptBad
357,13,5614.9,3,1630.3,move,improve
358,13,5468.4,3,1630.3,swap,improve
359,13,5666.3,3,1630.3,swap,acceptBad
360,13,5608.1,3,1630.3,move,improve
361,13,5608.1,3,1630.3,swap,improve
362,13,5608.1,3,1630.3,move,improve
363,13,5608.1,3,1630.3,move,improve
364,13,5608.1,3,1630.3,move,improve
365,13,5608.1,3,1630.3,2opt,improve
366,13,5640.400000000001,3,1630.3,swap,acceptBad
367,13,5640.400000000001,3,1630.3,swap,improve
368,13,5659.1,3,1630.3,swap,acceptBad
369,13,5635.5,3,1630.3,2opt,improve
370,13,5700.7,3,1630.3,swap,acceptBad
371,13,5719.0,3,1630.3,2opt,acceptBad
372,13,5714.0,3,1630.3,move,improve
373,13,5714.0,3,1630.3,move,improve
374,13,5714.0,3,1630.3,2opt,improve
375,13,5714.0,3,1630.3,move,improve
376,13,5720.400000000001,3,1630.3,swap,acceptBad
377,13,5720.400000000001,3,1630.3,move,improve
378,13,5759.0,3,1630.3,2opt,acceptBad
379,13,5759.0,3,1630.3,2opt,improve
380,13,5575.5,3,1630.3,2opt,improve
381,13,5515.3,3,1630.3,move,improve
382,13,5769.3,3,1630.3,2opt,acceptBad
383,13,6267.7,3,1630.3,2opt,acceptBad
384,13,6315.900000000001,3,1630.3,swap,acceptBad
385,13,5802.7,3,1630.3,swap,improve
386,13,5762.7,3,1630.3,swap,improve
387,13,5662.2,3,1630.3,move,improve
388,12,5616.2,3,1630.3,move,improve
389,12,5629.9,3,1630.3,2opt,acceptBad
390,12,5610.4,3,1630.3,move,improve
391,12,5752.200000000001,3,1630.3,2opt,acceptBad
392,12,5751.300000000001,3,1630.3,move,improve
393,12,5751.300000000001,3,1630.3,move,improve
394,12,5792.300000000001,3,1630.3,swap,acceptBad
395,12,5674.1,3,1630.3,swap,improve
396,12,5674.1,3,1630.3,2opt,improve
397,12,5674.1,3,1630.3,2opt,improve
398,12,5554.4,3,1630.3,swap,improve
399,12,5948.1,3,1630.3,2opt,acceptBad
400,12,5948.1,3,1630.3,2opt,improve
401,12,5948.099999999999,3,1630.3,2opt,improve
402,12,5942.7,3,1630.3,2opt,improve
403,12,6085.5,3,1630.3,2opt,acceptBad
404,12,6085.5,3,1630.3,swap,improve
405,12,6070.5,3,1630.3,2opt,improve
406,12,5983.4,3,1630.3,move,improve
407,12,5983.4,3,1630.3,move,improve
408,12,5953.599999999999,3,1630.3,move,improve
409,12,5933.2,3,1630.3,2opt,improve
410,12,5933.2,3,1630.3,swap,improve
411,12,5769.7,3,1630.3,swap,improve
412,12,5769.7,3,1630.3,move,improve
413,12,5915.3,3,1630.3,swap,acceptBad
414,11,5476.3,3,1630.3,move,improve
415,11,5476.3,3,1630.3,2opt,improve
416,11,5569.099999999999,3,1630.3,swap,acceptBad
417,11,5599.4,3,1630.3,swap,acceptBad
418,11,5610.2,3,1630.3,swap,acceptBad
419,11,5610.2,3,1630.3,swap,improve
420,11,5610.2,3,1630.3,move,improve
421,11,5610.2,3,1630.3,2opt,improve
422,11,5695.599999999999,3,1630.3,2opt,acceptBad
423,11,5642.0,3,1630.3,2opt,improve
424,11,5642.0,3,1630.3,move,improve
425,11,5605.7,3,1630.3,move,improve
426,11,5605.7,3,1630.3,2opt,improve
427,11,5605.7,3,1630.3,move,improve
428,11,5559.6,3,1630.3,move,improve
429,11,5542.000000000001,3,1630.3,swap,improve
430,11,5672.200000000001,3,1630.3,swap,acceptBad
431,11,5721.6,3,1630.3,swap,acceptBad
432,11,5721.6,3,1630.3,move,improve
433,11,5721.6,3,1630.3,2opt,improve
434,11,5717.9,3,1630.3,swap,improve
435,11,5717.900000000001,3,1630.3,2opt,acceptBad
436,11,5705.900000000001,3,1630.3,swap,improve
437,11,5625.1,3,1630.3,move,improve
438,11,5625.1,3,1630.3,move,improve
439,12,5675.400000000001,3,1630.3,2opt,acceptBad
440,12,5659.6,3,1630.3,move,improve
441,12,5659.6,3,1630.3,swap,improve
442,12,5659.6,3,1630.3,move,improve
443,12,5887.6,3,1630.3,2opt,acceptBad
444,12,5889.6,3,1630.3,swap,acceptBad
445,12,5848.900000000001,3,1630.3,move,improve
446,12,5848.900000000001,3,1630.3,move,improve
447,12,5989.6,3,1630.3,swap,acceptBad
448,12,6113.1,3,1630.3,swap,acceptBad
449,12,6176.700000000001,3,1630.3,2opt,acceptBad
450,12,6176.700000000001,3,1630.3,swap,improve
451,12,6176.700000000001,3,1630.3,swap,improve
452,12,6179.400000000001,3,1630.3,swap,acceptBad
453,12,6099.200000000001,3,1630.3,move,improve
454,12,6280.900000000001,3,1630.3,swap,acceptBad
455,12,6280.900000000001,3,1630.3,move,improve
456,12,6191.1,3,1630.3,move,improve
457,12,6191.1,3,1630.3,2opt,improve
458,12,6217.1,3,1630.3,2opt,acceptBad
459,12,6217.1,3,1630.3,swap,improve
460,12,6182.8,3,1630.3,2opt,improve
461,12,6175.000000000001,3,1630.3,move,improve
462,12,6273.0,3,1630.3,2opt,acceptBad
463,12,6273.0,3,1630.3,2opt,improve
464,12,6246.5,3,1630.3,swap,improve
465,12,6246.5,3,1630.3,move,improve
466,12,6246.5,3,1630.3,move,improve
467,12,6246.5,3,1630.3,move,improve
468,12,6189.4,3,1630.3,move,improve
469,12,6189.4,3,1630.3,2opt,improve
470,12,6189.4,3,1630.3,2opt,improve
471,13,6399.4,3,1630.3,2opt,acceptBad
472,13,6399.4,3,1630.3,move,improve
473,13,6399.4,3,1630.3,move,improve
474,13,6399.4,3,1630.3,swap,improve
475,13,6394.099999999999,3,1630.3,move,improve
476,13,6372.099999999999,3,1630.3,swap,improve
477,13,6372.099999999999,3,1630.3,move,improve
478,13,6372.099999999999,3,1630.3,2opt,improve
479,13,6372.099999999999,3,1630.3,swap,improve
480,14,6953.699999999999,3,1630.3,2opt,acceptBad
481,15,7536.2,3,1630.3,2opt,acceptBad
482,15,7477.8,3,1630.3,move,improve
483,15,7477.8,3,1630.3,2opt,improve
484,15,7477.8,3,1630.3,2opt,improve
485,15,7657.799999999999,3,1630.3,2opt,acceptBad
486,15,7657.8,3,1630.3,2opt,acceptBad
487,15,7586.700000000001,3,1630.3,move,improve
488,15,7720.3,3,1630.3,2opt,acceptBad
489,15,7720.3,3,1630.3,2opt,improve
490,15,7694.200000000001,3,1630.3,swap,improve
491,15,7444.200000000001,3,1630.3,move,improve
492,15,7444.200000000001,3,1630.3,move,improve
493,15,7444.200000000001,3,1630.3,swap,improve
494,15,7549.9,3,1630.3,2opt,acceptBad
495,15,7451.9,3,1630.3,move,improve
496,15,7576.9,3,1630.3,2opt,acceptBad
497,15,7576.9,3,1630.3,move,improve
498,15,7576.9,3,1630.3,move,improve
499,15,7576.9,3,1630.3,move,improve
500,15,7576.900000000001,3,1630.3,2opt,acceptBad
501,15,7373.900000000001,3,1630.3,move,improve
502,15,7373.900000000001,3,1630.3,move,improve
503,15,7240.3,3,1630.3,2opt,improve
504,15,7221.1,3,1630.3,swap,improve
505,15,7221.099999999999,3,1630.3,2opt,improve
506,15,7253.4,3,1630.3,swap,acceptBad
507,15,7253.4,3,1630.3,move,improve
508,15,7253.4,3,1630.3,swap,improve
509,15,7253.4,3,1630.3,move,improve
510,15,7253.4,3,1630.3,swap,improve
511,15,7051.099999999999,3,1630.3,move,improve
512,15,7051.099999999999,3,1630.3,move,improve
513,15,7051.1,3,1630.3,2opt,acceptBad
514,14,6720.8,3,1630.3,2opt,improve
515,14,6748.6,3,1630.3,swap,acceptBad
516,14,6748.6,3,1630.3,move,improve
517,14,6720.8,3,1630.3,move,improve
518,14,6943.400000000001,3,1630.3,swap,acceptBad
519,14,6943.400000000001,3,1630.3,move,improve
520,14,6943.400000000001,3,1630.3,swap,improve
521,15,7412.400000000001,3,1630.3,2opt,acceptBad
522,15,7412.400000000001,3,1630.3,move,improve
523,15,7372.400000000001,3,1630.3,move,improve
524,15,7406.700000000001,3,1630.3,swap,acceptBad
525,15,7406.700000000001,3,1630.3,move,improve
526,15,7406.700000000001,3,1630.3,swap,improve
527,15,7406.700000000001,3,1630.3,swap,improve
528,15,7406.700000000001,3,1630.3,move,improve
529,15,7406.7,3,1630.3,2opt,improve
530,15,7406.7,3,1630.3,2opt,improve
531,15,7414.499999999999,3,1630.3,2opt,acceptBad
532,15,7414.499999999999,3,1630.3,swap,improve
533,15,7387.299999999999,3,1630.3,swap,improve
534,15,7387.3,3,1630.3,2opt,acceptBad
535,15,7340.599999999999,3,1630.3,move,improve
536,15,7340.599999999999,3,1630.3,swap,improve
537,15,7262.199999999999,3,1630.3,2opt,improve
538,15,7262.199999999999,3,1630.3,swap,improve
539,15,7264.5,3,1630.3,swap,acceptBad
540,15,7181.5,3,1630.3,move,improve
541,14,7128.5,3,1630.3,move,improve
542,14,7128.5,3,1630.3,swap,improve
543,14,6911.5,3,1630.3,move,improve
544,14,6870.6,3,1630.3,swap,improve
545,14,6870.6,3,1630.3,2opt,improve
546,14,6805.8,3,1630.3,2opt,improve
547,14,7075.8,3,1630.3,swap,acceptBad
548,14,7075.8,3,1630.3,move,improve
549,14,7209.8,3,1630.3,2opt,acceptBad
550,14,7001.900000000001,3,1630.3,swap,improve
551,14,7001.900000000001,3,1630.3,swap,improve
552,14,7001.900000000001,3,1630.3,swap,improve
553,14,7001.900000000001,3,1630.3,move,improve
554,14,7001.900000000001,3,1630.3,swap,improve
555,15,7658.900000000001,3,1630.3,2opt,acceptBad
556,15,7682.400000000001,3,1630.3,2opt,acceptBad
557,15,7682.400000000001,3,1630.3,move,improve
558,15,7858.200000000001,3,1630.3,2opt,acceptBad
559,15,8140.500000000001,3,1630.3,2opt,acceptBad
560,15,8140.500000000001,3,1630.3,swap,improve
561,15,8140.500000000001,3,1630.3,move,improve
562,15,8159.700000000002,3,1630.3,2opt,acceptBad
563,16,8288.400000000001,3,1630.3,2opt,acceptBad
564,16,7735.700000000001,3,1630.3,move,improve
565,16,7735.700000000001,3,1630.3,2opt,improve
566,16,7673.900000000001,3,1630.3,swap,improve
567,16,7673.900000000001,3,1630.3,move,improve
568,16,7759.500000000001,3,1630.3,swap,acceptBad
569,16,7759.500000000001,3,1630.3,swap,improve
570,16,7759.500000000001,3,1630.3,2opt,improve
571,16,7821.300000000001,3,1630.3,swap,acceptBad
572,16,7821.300000000001,3,1630.3,swap,improve
573,16,7882.800000000001,3,1630.3,2opt,acceptBad
574,16,7929.800000000002,3,1630.3,2opt,acceptBad
575,16,7929.800000000002,3,1630.3,move,improve
576,16,7929.800000000002,3,1630.3,move,improve
577,16,7993.500000000001,3,1630.3,2opt,acceptBad
578,15,7336.500000000001,3,1630.3,move,improve
579,15,7336.500000000001,3,1630.3,2opt,improve
580,15,7336.500000000001,3,1630.3,2opt,improve
581,15,7336.500000000001,3,1630.3,swap,improve
582,15,7486.100000000001,3,1630.3,swap,acceptBad
583,14,6892.1,3,1630.3,move,improve
584,14,6904.1,3,1630.3,2opt,acceptBad
585,14,6900.200000000001,3,1630.3,2opt,improve
586,14,6900.2,3,1630.3,2opt,improve
587,14,6900.2,3,1630.3,move,improve
588,14,6901.599999999999,3,1630.3,2opt,acceptBad
589,14,6602.400000000001,3,1630.3,swap,improve
590,14,6521.7,3,1630.3,move,improve
591,14,6451.000000000001,3,1630.3,move,improve
592,14,6451.000000000001,3,1630.3,move,improve
593,14,6450.3,3,1630.3,2opt,improve
594,14,6450.300000000001,3,1630.3,2opt,acceptBad
595,14,6413.100000000001,3,1630.3,move,improve
596,14,6664.0,3,1630.3,2opt,acceptBad
597,14,6661.4,3,1630.3,swap,improve
598,14,6639.900000000001,3,1630.3,2opt,improve
599,14,6770.3,3,1630.3,2opt,acceptBad
600,13,6560.8,3,1630.3,2opt,improve
601,13,6554.3,3,1630.3,swap,improve
602,13,6306.000000000001,3,1630.3,swap,improve
603,13,6265.3,3,1630.3,move,improve
604,13,6265.3,3,1630.3,move,improve
605,13,6233.500000000001,3,1630.3,2opt,improve
606,13,6233.500000000001,3,1630.3,swap,improve
607,13,6233.500000000001,3,1630.3,2opt,improve
608,13,6060.7,3,1630.3,2opt,improve
609,13,6040.1,3,1630.3,move,improve
610,13,5972.700000000001,3,1630.3,move,improve
611,13,5984.8,3,1630.3,swap,acceptBad
612,14,6374.8,3,1630.3,2opt,acceptBad
613,14,6300.7,3,1630.3,2opt,improve
614,14,6281.1,3,1630.3,move,improve
615,14,6281.1,3,1630.3,move,improve
616,14,6281.1,3,1630.3,swap,improve
617,14,6281.1,3,1630.3,move,improve
618,14,6130.1,3,1630.3,2opt,improve
619,14,6207.8,3,1630.3,2opt,acceptBad
620,14,6213.3,3,1630.3,2opt,acceptBad
621,14,6213.300000000001,3,1630.3,2opt,acceptBad
622,14,6213.300000000001,3,1630.3,2opt,improve
623,14,6071.000000000001,3,1630.3,swap,improve
624,15,6467.900000000001,3,1630.3,2opt,acceptBad
625,15,6451.900000000001,3,1630.3,swap,improve
626,15,6451.900000000001,3,1630.3,2opt,improve
627,15,6451.900000000001,3,1630.3,move,improve
628,15,6544.900000000001,3,1630.3,swap,acceptBad
629,15,6544.900000000001,3,1630.3,move,improve
630,15,6553.8,3,1630.3,swap,acceptBad
631,14,6132.8,3,1630.3,move,improve
632,14,6132.8,3,1630.3,move,improve
633,14,5908.4,3,1630.3,2opt,improve
634,14,5912.099999999999,3,1630.3,swap,acceptBad
635,14,5912.099999999999,3,1630.3,2opt,improve
636,14,5912.099999999999,3,1630.3,move,improve
637,14,5912.099999999999,3,1630.3,2opt,improve
638,14,5829.499999999999,3,1630.3,swap,improve
639,14,5823.6,3,1630.3,2opt,improve
640,14,5823.6,3,1630.3,move,improve
641,14,5823.6,3,1630.3,move,improve
642,14,5804.1,3,1630.3,move,improve
643,14,5804.1,3,1630.3,move,improve
644,14,5895.1,3,1630.3,swap,acceptBad
645,14,5974.7,3,1630.3,swap,acceptBad
646,14,6061.3,3,1630.3,2opt,acceptBad
647,14,6061.3,3,1630.3,2opt,improve
648,14,6061.3,3,1630.3,swap,improve
649,14,5885.4,3,1630.3,swap,improve
650,14,5879.5,3,1630.3,swap,improve
651,14,5882.5,3,1630.3,2opt,acceptBad
652,14,5910.1,3,1630.3,2opt,acceptBad
653,14,5910.1,3,1630.3,move,improve
654,15,6490.3,3,1630.3,2opt,acceptBad
655,15,6490.3,3,1630.3,move,improve
656,16,6915.1,3,1630.3,2opt,acceptBad
657,16,6928.400000000001,3,1630.3,swap,acceptBad
658,16,6928.4,3,1630.3,2opt,improve
659,16,6928.4,3,1630.3,move,improve
660,16,6905.4,3,1630.3,move,improve
661,15,6844.0,3,1630.3,move,improve
662,15,6844.0,3,1630.3,move,improve
663,15,6844.0,3,1630.3,move,improve
664,15,6728.7,3,1630.3,move,improve
665,15,6728.7,3,1630.3,move,improve
666,15,6728.7,3,1630.3,move,improve
667,15,6728.7,3,1630.3,move,improve
668,15,6728.700000000001,3,1630.3,2opt,acceptBad
669,15,6728.700000000001,3,1630.3,swap,improve
670,15,6728.7,3,1630.3,2opt,improve
671,15,6868.5,3,1630.3,2opt,acceptBad
672,15,7094.5,3,1630.3,swap,acceptBad
673,15,7027.5,3,1630.3,move,improve
674,15,7027.5,3,1630.3,swap,improve
675,15,7027.5,3,1630.3,swap,improve
676,15,6854.5,3,1630.3,2opt,improve
677,14,6799.5,3,1630.3,move,improve
678,14,6799.5,3,1630.3,move,improve
679,14,6747.400000000001,3,1630.3,move,improve
680,14,6747.400000000001,3,1630.3,move,improve
681,14,6747.400000000001,3,1630.3,move,improve
682,14,6747.400000000001,3,1630.3,2opt,improve
683,14,6747.400000000001,3,1630.3,swap,improve
684,14,6690.0,3,1630.3,2opt,improve
685,14,6690.0,3,1630.3,move,improve
686,14,6847.0,3,1630.3,swap,acceptBad
687,15,7504.000000000001,3,1630.3,2opt,acceptBad
688,15,7504.000000000001,3,1630.3,swap,improve
689,15,7504.000000000001,3,1630.3,swap,improve
690,15,7504.000000000001,3,1630.3,move,improve
691,15,7504.000000000001,3,1630.3,move,improve
692,15,7504.000000000001,3,1630.3,2opt,improve
693,15,7504.000000000001,3,1630.3,move,improve
694,15,7361.200000000001,3,1630.3,move,improve
695,15,7361.200000000001,3,1630.3,move,improve
696,15,7125.700000000001,3,1630.3,swap,improve
697,15,7125.700000000001,3,1630.3,2opt,improve
698,15,7033.700000000001,3,1630.3,move,improve
699,15,7033.700000000001,3,1630.3,move,improve
700,15,7033.7,3,1630.3,2opt,improve
701,15,7066.3,3,1630.3,swap,acceptBad
702,15,7066.3,3,1630.3,move,improve
703,15,7066.3,3,1630.3,swap,improve
704,16,7348.500000000001,3,1630.3,2opt,acceptBad
705,16,7175.800000000001,3,1630.3,move,improve
706,16,7228.400000000001,3,1630.3,swap,acceptBad
707,16,7243.600000000001,3,1630.3,swap,acceptBad
708,16,7243.600000000001,3,1630.3,swap,improve
709,16,7243.600000000001,3,1630.3,move,improve
710,16,7316.000000000001,3,1630.3,2opt,acceptBad
711,16,7227.600000000001,3,1630.3,move,improve
712,16,7190.900000000001,3,1630.3,swap,improve
713,16,7360.200000000002,3,1630.3,2opt,acceptBad
714,16,7401.9000000000015,3,1630.3,swap,acceptBad
715,16,7053.700000000002,3,1630.3,move,improve
716,16,7098.100000000001,3,1630.3,2opt,acceptBad
717,16,7056.4000000000015,3,1630.3,move,improve
718,16,7056.4000000000015,3,1630.3,move,improve
719,16,7042.800000000001,3,1630.3,move,improve
720,16,6907.500000000001,3,1630.3,2opt,improve
721,16,6716.200000000001,3,1630.3,move,improve
722,16,6613.700000000001,3,1630.3,swap,improve
723,16,6549.9,3,1630.3,2opt,improve
724,16,6380.6,3,1630.3,2opt,improve
725,16,6380.6,3,1630.3,swap,improve
726,16,6326.3,3,1630.3,move,improve
727,16,6326.3,3,1630.3,move,improve
728,16,6326.3,3,1630.3,move,improve
729,16,6445.7,3,1630.3,swap,acceptBad
730,16,6445.7,3,1630.3,move,improve
731,16,6342.7,3,1630.3,move,improve
732,16,6507.1,3,1630.3,2opt,acceptBad
733,16,6778.5,3,1630.3,2opt,acceptBad
734,16,6914.0,3,1630.3,2opt,acceptBad
735,16,7113.7,3,1630.3,swap,acceptBad
736,16,6978.2,3,1630.3,move,improve
737,17,7524.4,3,1630.3,2opt,acceptBad
738,17,7524.4,3,1630.3,move,improve
739,17,7458.5,3,1630.3,move,improve
740,17,7458.5,3,1630.3,2opt,improve
741,17,7458.5,3,1630.3,move,improve
742,17,7359.5,3,1630.3,2opt,improve
743,17,7310.5,3,1630.3,move,improve
744,17,7310.5,3,1630.3,swap,improve
745,17,7175.1,3,1630.3,2opt,improve
746,17,7175.1,3,1630.3,move,improve
747,17,7175.1,3,1630.3,2opt,improve
748,17,7219.700000000001,3,1630.3,swap,acceptBad
749,17,7127.900000000001,3,1630.3,swap,improve
750,17,7313.400000000001,3,1630.3,swap,acceptBad
751,17,7313.400000000001,3,1630.3,2opt,improve
752,17,7357.200000000001,3,1630.3,2opt,acceptBad
753,17,7357.200000000001,3,1630.3,swap,improve
754,17,7357.200000000001,3,1630.3,move,improve
755,17,7357.200000000001,3,1630.3,swap,improve
756,17,7357.200000000001,3,1630.3,swap,improve
757,17,7520.200000000001,3,1630.3,2opt,acceptBad
758,17,7520.200000000001,3,1630.3,move,improve
759,17,7520.200000000001,3,1630.3,move,improve
760,17,7701.500000000001,3,1630.3,2opt,acceptBad
761,17,7686.500000000001,3,1630.3,move,improve
762,17,7715.500000000001,3,1630.3,swap,acceptBad
763,17,7569.900000000001,3,1630.3,2opt,improve
764,17,7644.900000000001,3,1630.3,swap,acceptBad
765,17,7745.400000000001,3,1630.3,2opt,acceptBad
766,17,7681.400000000001,3,1630.3,move,improve
767,17,7681.400000000001,3,1630.3,swap,improve
768,17,7637.0,3,1630.3,move,improve
769,17,7571.5,3,1630.3,2opt,improve
770,17,7449.2,3,1630.3,move,improve
771,17,7178.4,3,1630.3,2opt,improve
772,17,7159.1,3,1630.3,move,improve
773,17,7159.1,3,1630.3,move,improve
774,17,7159.1,3,1630.3,move,improve
775,17,7186.1,3,1630.3,2opt,acceptBad
776,17,7076.4,3,1630.3,move,improve
777,17,7076.4,3,1630.3,move,improve
778,17,7076.4,3,1630.3,swap,improve
779,17,6985.799999999999,3,1630.3,move,improve
780,17,6839.5,3,1630.3,swap,improve
781,16,6694.5,3,1630.3,move,improve
782,16,6658.9,3,1630.3,move,improve
783,16,6697.9,3,1630.3,swap,acceptBad
784,16,6697.9,3,1630.3,swap,improve
785,16,6754.8,3,1630.3,2opt,acceptBad
786,16,6784.8,3,1630.3,swap,acceptBad
787,16,6908.3,3,1630.3,swap,acceptBad
788,16,6815.5,3,1630.3,move,improve
789,16,6728.799999999999,3,1630.3,2opt,improve
790,16,6727.900000000001,3,1630.3,2opt,improve
791,16,6727.900000000001,3,1630.3,move,improve
792,16,6690.300000000001,3,1630.3,move,improve
793,16,6690.300000000001,3,1630.3,2opt,improve
794,16,6560.500000000001,3,1630.3,move,improve
795,16,6621.800000000001,3,1630.3,swap,acceptBad
796,16,6950.400000000001,3,1630.3,swap,acceptBad
797,16,6927.900000000001,3,1630.3,2opt,improve
798,16,6857.400000000001,3,1630.3,2opt,improve
799,16,7098.9,3,1630.3,2opt,acceptBad
800,16,7098.9,3,1630.3,move,improve
801,16,7023.200000000001,3,1630.3,swap,improve
802,17,7471.1,3,1630.3,2opt,acceptBad
803,17,7471.1,3,1630.3,move,improve
804,17,7471.1,3,1630.3,move,improve
805,17,7431.9,3,1630.3,swap,improve
806,17,7431.9,3,1630.3,swap,improve
807,17,7431.9,3,1630.3,move,improve
808,17,7638.6,3,1630.3,2opt,acceptBad
809,17,7638.6,3,1630.3,move,improve
810,17,7509.6,3,1630.3,2opt,improve
811,17,7575.299999999999,3,1630.3,swap,acceptBad
812,17,7575.299999999999,3,1630.3,move,improve
813,17,7575.299999999999,3,1630.3,swap,improve
814,17,7374.1,3,1630.3,2opt,improve
815,16,7218.1,3,1630.3,2opt,improve
816,16,7231.6,3,1630.3,2opt,acceptBad
817,16,7079.6,3,1630.3,move,improve
818,16,7121.1,3,1630.3,swap,acceptBad
819,16,7121.1,3,1630.3,2opt,improve
820,16,7121.1,3,1630.3,move,improve
821,16,7116.1,3,1630.3,swap,improve
822,16,7116.1,3,1630.3,move,improve
823,16,7035.3,3,1630.3,move,improve
824,16,6979.900000000001,3,1630.3,swap,improve
825,16,7019.400000000001,3,1630.3,2opt,acceptBad
826,16,7012.400000000001,3,1630.3,move,improve
827,16,7025.9,3,1630.3,2opt,acceptBad
828,16,6951.5,3,1630.3,move,improve
829,16,7068.6,3,1630.3,swap,acceptBad
830,16,7036.1,3,1630.3,move,improve
831,16,7115.7,3,1630.3,swap,acceptBad
832,16,7115.7,3,1630.3,move,improve
833,16,7115.7,3,1630.3,move,improve
834,16,7126.6,3,1630.3,swap,acceptBad
835,16,6854.6,3,1630.3,swap,improve
836,16,6854.6,3,1630.3,move,improve
837,16,6660.6,3,1630.3,move,improve
838,16,6638.400000000001,3,1630.3,move,improve
839,16,6174.900000000001,3,1630.3,move,improve
840,16,6335.2,3,1630.3,2opt,acceptBad
841,15,6199.8,3,1630.3,2opt,improve
842,15,6199.2,3,1630.3,swap,improve
843,15,6199.2,3,1630.3,move,improve
844,15,6199.2,3,1630.3,swap,improve
845,15,6066.5,3,1630.3,move,improve
846,15,6237.5,3,1630.3,swap,acceptBad
847,15,6237.5,3,1630.3,move,improve
848,15,6260.2,3,1630.3,2opt,acceptBad
849,15,6260.200000000001,3,1630.3,2opt,acceptBad
850,15,6260.200000000001,3,1630.3,move,improve
851,15,6443.300000000001,3,1630.3,2opt,acceptBad
852,14,6399.800000000001,3,1630.3,move,improve
853,14,6505.3,3,1630.3,2opt,acceptBad
854,14,6505.3,3,1630.3,move,improve
855,14,6505.3,3,1630.3,move,improve
856,14,6722.0,3,1630.3,swap,acceptBad
857,14,6486.0,3,1630.3,swap,improve
858,14,6472.5,3,1630.3,move,improve
859,14,6472.5,3,1630.3,2opt,improve
860,14,6481.0999999999985,3,1630.3,2opt,acceptBad
861,14,6394.799999999999,3,1630.3,swap,improve
862,14,6394.799999999999,3,1630.3,2opt,improve
863,14,6386.200000000001,3,1630.3,2opt,improve
864,14,6386.2,3,1630.3,2opt,improve
865,14,6612.4,3,1630.3,2opt,acceptBad
866,14,6652.7,3,1630.3,swap,acceptBad
867,14,6518.4,3,1630.3,swap,improve
868,14,6518.4,3,1630.3,swap,improve
869,14,6454.299999999999,3,1630.3,2opt,improve
870,14,6480.499999999999,3,1630.3,swap,acceptBad
871,14,6380.499999999999,3,1630.3,move,improve
872,14,6388.2,3,1630.3,swap,acceptBad
873,14,6293.0,3,1630.3,move,improve
874,14,6293.0,3,1630.3,swap,improve
875,14,6173.7,3,1630.3,move,improve
876,14,6173.7,3,1630.3,2opt,improve
877,14,6163.3,3,1630.3,move,improve
878,14,6056.4,3,1630.3,move,improve
879,14,5969.0,3,1630.3,move,improve
880,14,5968.7,3,1630.3,2opt,improve
881,14,5968.7,3,1630.3,move,improve
882,14,5910.2,3,1630.3,move,improve
883,14,5891.0,3,1630.3,move,improve
884,14,5891.0,3,1630.3,move,improve
885,14,5992.900000000001,3,1630.3,swap,acceptBad
886,13,5764.900000000001,3,1630.3,move,improve
887,13,5793.200000000001,3,1630.3,2opt,acceptBad
888,13,5742.900000000001,3,1630.3,move,improve
889,13,5954.5,3,1630.3,2opt,acceptBad
890,13,5954.5,3,1630.3,swap,improve
891,13,5926.200000000001,3,1630.3,swap,improve
892,13,5926.2,3,1630.3,2opt,improve
893,13,6406.7,3,1630.3,2opt,acceptBad
894,13,6406.7,3,1630.3,swap,improve
895,13,6406.7,3,1630.3,move,improve
896,13,6610.7,3,1630.3,swap,acceptBad
897,13,6610.7,3,1630.3,move,improve
898,13,6614.099999999999,3,1630.3,2opt,acceptBad
899,13,6633.7,3,1630.3,swap,acceptBad
900,13,6851.599999999999,3,1630.3,2opt,acceptBad
901,13,6851.599999999999,3,1630.3,swap,improve
902,13,6861.299999999999,3,1630.3,2opt,acceptBad
903,13,6861.3,3,1630.3,2opt,acceptBad
904,13,6890.6,3,1630.3,swap,acceptBad
905,13,6594.6,3,1630.3,move,improve
906,13,6479.2,3,1630.3,swap,improve
907,13,6479.2,3,1630.3,move,improve
908,13,6347.7,3,1630.3,swap,improve
909,13,6347.7,3,1630.3,2opt,improve
910,13,6263.5,3,1630.3,swap,improve
911,13,6441.7,3,1630.3,swap,acceptBad
912,13,6441.7,3,1630.3,swap,improve
913,13,6616.7,3,1630.3,swap,acceptBad
914,13,6586.499999999999,3,1630.3,2opt,improve
915,13,6490.999999999999,3,1630.3,swap,improve
916,13,6464.3,3,1630.3,move,improve
917,13,6472.4,3,1630.3,swap,acceptBad
918,13,6388.999999999999,3,1630.3,move,improve
919,13,6359.299999999999,3,1630.3,2opt,improve
920,13,6359.299999999999,3,1630.3,swap,improve
921,13,6359.299999999999,3,1630.3,2opt,improve
922,13,6549.599999999999,3,1630.3,swap,acceptBad
923,13,6549.599999999999,3,1630.3,move,improve
924,13,6467.4,3,1630.3,move,improve
925,13,6213.0999999999985,3,1630.3,move,improve
926,13,6111.299999999999,3,1630.3,swap,improve
927,13,6111.299999999999,3,1630.3,move,improve
928,13,6111.299999999999,3,1630.3,move,improve
929,13,6087.2,3,1630.3,move,improve
930,13,6087.2,3,1630.3,swap,improve
931,13,6087.2,3,1630.3,2opt,improve
932,13,6233.0,3,1630.3,swap,acceptBad
933,13,6233.0,3,1630.3,2opt,improve
934,13,6389.3,3,1630.3,swap,acceptBad
935,13,6391.900000000001,3,1630.3,swap,acceptBad
936,13,6391.900000000001,3,1630.3,move,improve
937,13,6370.900000000001,3,1630.3,swap,improve
938,13,6370.900000000001,3,1630.3,swap,improve
939,13,6370.900000000001,3,1630.3,swap,improve
940,13,6370.900000000001,3,1630.3,swap,improve
941,13,6370.900000000001,3,1630.3,move,improve
942,13,6561.099999999999,3,1630.3,swap,acceptBad
943,13,6561.099999999999,3,1630.3,swap,improve
944,13,6561.099999999999,3,1630.3,move,improve
945,13,6575.1,3,1630.3,swap,acceptBad
946,13,6369.4000000000015,3,1630.3,move,improve
947,13,6516.300000000001,3,1630.3,2opt,acceptBad
948,13,6349.1,3,1630.3,2opt,improve
949,13,6202.200000000001,3,1630.3,move,improve
950,13,6202.200000000001,3,1630.3,move,improve
951,13,6165.200000000001,3,1630.3,move,improve
952,13,5992.200000000001,3,1630.3,2opt,improve
953,13,5941.300000000001,3,1630.3,swap,improve
954,13,5941.300000000001,3,1630.3,move,improve
955,13,5941.300000000001,3,1630.3,swap,improve
956,13,5941.299999999999,3,1630.3,2opt,improve
957,13,5941.299999999999,3,1630.3,move,improve
958,13,5876.1,3,1630.3,swap,improve
959,13,6044.200000000001,3,1630.3,2opt,acceptBad
960,13,6054.3,3,1630.3,swap,acceptBad
961,13,5974.099999999999,3,1630.3,move,improve
962,13,5901.9,3,1630.3,move,improve
963,13,5801.500000000001,3,1630.3,2opt,improve
964,13,5862.500000000001,3,1630.3,swap,acceptBad
965,13,5862.500000000001,3,1630.3,move,improve
966,13,5931.099999999999,3,1630.3,2opt,acceptBad
967,13,5947.9,3,1630.3,swap,acceptBad
968,13,5936.8,3,1630.3,move,improve
969,13,5865.200000000001,3,1630.3,move,improve
970,13,5844.4,3,1630.3,2opt,improve
971,13,5826.8,3,1630.3,swap,improve
972,13,5536.1,3,1630.3,2opt,improve
973,13,5536.1,3,1630.3,move,improve
974,13,5536.1,3,1630.3,swap,improve
975,13,5632.000000000001,3,1630.3,2opt,acceptBad
976,13,5632.000000000001,3,1630.3,2opt,improve
977,13,5877.000000000001,3,1630.3,2opt,acceptBad
978,13,5845.000000000001,3,1630.3,move,improve
979,13,5845.000000000001,3,1630.3,2opt,improve
980,13,5733.5,3,1630.3,swap,improve
981,13,5733.5,3,1630.3,2opt,improve
982,13,5902.3,3,1630.3,2opt,acceptBad
983,13,5893.0,3,1630.3,2opt,improve
984,13,5846.400000000001,3,1630.3,2opt,improve
985,13,5846.400000000001,3,1630.3,move,improve
986,13,5726.8,3,1630.3,swap,improve
987,13,5726.400000000001,3,1630.3,move,improve
988,13,5756.0,3,1630.3,2opt,acceptBad
989,13,5794.3,3,1630.3,2opt,acceptBad
990,13,5875.8,3,1630.3,swap,acceptBad
991,13,5724.0,3,1630.3,swap,improve
992,13,5724.000000000001,3,1630.3,2opt,acceptBad
993,13,5724.000000000001,3,1630.3,swap,improve
994,14,6168.600000000001,3,1630.3,2opt,acceptBad
995,14,6233.900000000001,3,1630.3,swap,acceptBad
996,14,6375.900000000001,3,1630.3,2opt,acceptBad
997,14,6413.3,3,1630.3,swap,acceptBad
998,14,6511.8,3,1630.3,swap,acceptBad
999,14,6525.5,3,1630.3,swap,acceptBad
1000,14,6525.5,3,1630.3,2opt,notBad
1001,14,6525.5,3,1630.3,swap,improve
1002,14,6525.5,3,1630.3,move,improve
1003,14,6525.5,3,1630.3,swap,improve
1004,14,6580.2,3,1630.3,swap,acceptBad
1005,14,6562.700000000001,3,1630.3,2opt,improve
1006,14,6388.1,3,1630.3,2opt,improve
1007,14,6288.0,3,1630.3,swap,improve
1008,14,6192.8,3,1630.3,swap,improve
1009,15,6376.7,3,1630.3,2opt,acceptBad
1010,16,6836.7,3,1630.3,2opt,acceptBad
1011,16,6862.5,3,1630.3,swap,acceptBad
1012,16,6862.5,3,1630.3,move,improve
1013,15,6816.5,3,1630.3,2opt,improve
1014,15,6773.8,3,1630.3,swap,improve
1015,14,6712.4,3,1630.3,move,improve
1016,14,6629.299999999999,3,1630.3,move,improve
1017,14,6629.3,3,1630.3,2opt,acceptBad
1018,14,6574.599999999999,3,1630.3,swap,improve
1019,14,6574.599999999999,3,1630.3,move,improve
1020,14,6618.099999999999,3,1630.3,swap,acceptBad
1021,14,6618.099999999999,3,1630.3,swap,improve
1022,14,6618.099999999999,3,1630.3,move,improve
1023,14,6572.099999999999,3,1630.3,move,improve
1024,14,6659.500000000001,3,1630.3,swap,acceptBad
1025,14,6659.500000000001,3,1630.3,2opt,notBad
1026,14,6684.7,3,1630.3,swap,acceptBad
1027,14,6534.2,3,1630.3,swap,improve
1028,14,6534.2,3,1630.3,swap,improve
1029,14,6534.2,3,1630.3,2opt,improve
1030,14,6534.2,3,1630.3,move,improve
1031,14,6534.2,3,1630.3,2opt,improve
1032,14,6534.2,3,1630.3,move,improve
1033,14,6390.2,3,1630.3,move,improve
1034,14,6390.2,3,1630.3,move,improve
1035,14,6514.7,3,1630.3,2opt,acceptBad
1036,14,6427.8,3,1630.3,move,improve
1037,14,6402.8,3,1630.3,swap,improve
1038,14,6435.4,3,1630.3,2opt,acceptBad
1039,14,6430.2,3,1630.3,move,improve
1040,14,6430.2,3,1630.3,2opt,improve
1041,14,6430.2,3,1630.3,2opt,improve
1042,14,6430.2,3,1630.3,swap,improve
1043,13,6282.2,3,1630.3,2opt,improve
1044,13,6327.200000000001,3,1630.3,swap,acceptBad
1045,13,6327.200000000001,3,1630.3,move,improve
1046,13,6323.700000000001,3,1630.3,swap,improve
1047,13,6283.400000000001,3,1630.3,swap,improve
1048,13,6283.400000000001,3,1630.3,move,improve
1049,13,6267.099999999999,3,1630.3,swap,improve
1050,13,6283.400000000001,3,1630.3,swap,acceptBad
1051,13,6284.700000000001,3,1630.3,swap,acceptBad
1052,13,6322.7,3,1630.3,2opt,acceptBad
1053,13,6322.7,3,1630.3,move,improve
1054,13,6352.200000000001,3,1630.3,2opt,acceptBad
1055,13,6273.5,3,1630.3,swap,improve
1056,13,6273.5,3,1630.3,move,improve
1057,13,6245.5,3,1630.3,swap,improve
1058,14,6752.5,3,1630.3,2opt,acceptBad
1059,14,6677.900000000001,3,1630.3,move,improve
1060,15,7191.3,3,1630.3,2opt,acceptBad
1061,15,7351.3,3,1630.3,swap,acceptBad
1062,15,7461.1,3,1630.3,2opt,acceptBad
1063,15,7461.1,3,1630.3,move,improve
1064,15,7461.1,3,1630.3,move,improve
1065,15,7260.700000000001,3,1630.3,swap,improve
1066,15,7257.700000000001,3,1630.3,2opt,improve
1067,15,7257.700000000001,3,1630.3,swap,improve
1068,15,7385.700000000001,3,1630.3,swap,acceptBad
1069,15,7385.700000000001,3,1630.3,swap,improve
1070,15,7385.700000000001,3,1630.3,swap,improve
1071,15,7283.1,3,1630.3,move,improve
1072,15,7266.1,3,1630.3,move,improve
1073,15,7266.1,3,1630.3,swap,improve
1074,15,7266.1,3,1630.3,2opt,improve
1075,15,7266.1,3,1630.3,2opt,improve
1076,15,7278.500000000001,3,1630.3,swap,acceptBad
1077,15,7365.700000000001,3,1630.3,2opt,acceptBad
1078,15,7365.700000000001,3,1630.3,swap,improve
1079,15,7365.7,3,1630.3,2opt,improve
1080,15,7278.5,3,1630.3,2opt,improve
1081,15,7280.1,3,1630.3,swap,acceptBad
1082,15,7353.6,3,1630.3,swap,acceptBad
1083,15,7353.6,3,1630.3,move,improve
1084,16,7403.900000000001,3,1630.3,2opt,acceptBad
1085,16,7246.3,3,1630.3,2opt,improve
1086,16,7177.7,3,1630.3,move,improve
1087,16,7279.600000000001,3,1630.3,2opt,acceptBad
1088,16,7279.6,3,1630.3,2opt,improve
1089,16,7404.3,3,1630.3,2opt,acceptBad
1090,16,7369.1,3,1630.3,2opt,improve
1091,16,7369.1,3,1630.3,move,improve
1092,16,7369.1,3,1630.3,2opt,improve
1093,16,7369.1,3,1630.3,swap,improve
1094,16,7472.500000000001,3,1630.3,2opt,acceptBad
1095,16,7472.500000000001,3,1630.3,move,improve
1096,16,7297.1,3,1630.3,2opt,improve
1097,16,7297.1,3,1630.3,move,improve
1098,16,7137.3,3,1630.3,2opt,improve
1099,16,7117.3,3,1630.3,swap,improve
1100,16,7090.000000000001,3,1630.3,2opt,improve
1101,16,7090.000000000001,3,1630.3,2opt,improve
1102,16,7138.000000000001,3,1630.3,swap,acceptBad
1103,16,7220.400000000001,3,1630.3,2opt,acceptBad
1104,16,7395.8,3,1630.3,2opt,acceptBad
1105,17,7915.5,3,1630.3,2opt,acceptBad
1106,17,7929.2,3,1630.3,swap,acceptBad
1107,17,7951.2,3,1630.3,swap,acceptBad
1108,17,7919.2,3,1630.3,move,improve
1109,17,7809.799999999999,3,1630.3,2opt,improve
1110,17,7809.799999999999,3,1630.3,move,improve
1111,17,7439.899999999999,3,1630.3,move,improve
1112,17,7439.899999999999,3,1630.3,2opt,improve
1113,17,7439.899999999999,3,1630.3,move,improve
1114,17,7439.9,3,1630.3,2opt,acceptBad
1115,17,7336.9,3,1630.3,swap,improve
1116,17,7315.8,3,1630.3,move,improve
1117,18,7890.700000000001,3,1630.3,2opt,acceptBad
1118,18,7983.700000000001,3,1630.3,swap,acceptBad
1119,18,8228.6,3,1630.3,2opt,acceptBad
1120,18,8135.6,3,1630.3,move,improve
1121,18,8167.5,3,1630.3,swap,acceptBad
1122,18,7906.0,3,1630.3,swap,improve
1123,18,7854.8,3,1630.3,move,improve
1124,18,7640.5,3,1630.3,2opt,improve
1125,18,7640.5,3,1630.3,move,improve
1126,17,7512.0,3,1630.3,2opt,improve
1127,16,7410.0,3,1630.3,move,improve
1128,16,7252.0,3,1630.3,move,improve
1129,15,6677.1,3,1630.3,move,improve
1130,15,6754.499999999999,3,1630.3,swap,acceptBad
1131,15,6759.2,3,1630.3,swap,acceptBad
1132,15,6759.2,3,1630.3,2opt,improve
1133,15,6814.699999999999,3,1630.3,2opt,acceptBad
1134,15,6734.0,3,1630.3,move,improve
1135,15,6559.4,3,1630.3,move,improve
1136,15,6559.4,3,1630.3,move,improve
1137,16,7063.0,3,1630.3,2opt,acceptBad
1138,16,7400.0,3,1630.3,2opt,acceptBad
1139,16,7400.0,3,1630.3,swap,improve
1140,16,7400.0,3,1630.3,swap,improve
1141,15,7345.0,3,1630.3,move,improve
1142,15,7334.900000000001,3,1630.3,swap,improve
1143,15,7279.400000000001,3,1630.3,move,improve
1144,15,7281.2,3,1630.3,2opt,acceptBad
1145,15,7281.2,3,1630.3,2opt,improve
1146,15,7281.2,3,1630.3,move,improve
1147,15,7212.9,3,1630.3,move,improve
1148,15,7212.9,3,1630.3,swap,improve
1149,15,7204.9,3,1630.3,2opt,improve
1150,15,7192.7,3,1630.3,swap,improve
1151,15,7192.7,3,1630.3,swap,improve
1152,15,7192.7,3,1630.3,move,improve
1153,15,6986.3,3,1630.3,move,improve
1154,15,6986.299999999999,3,1630.3,2opt,improve
1155,15,7093.699999999999,3,1630.3,swap,acceptBad
1156,16,7195.699999999999,3,1630.3,2opt,acceptBad
1157,16,7426.199999999999,3,1630.3,2opt,acceptBad
1158,16,7497.799999999999,3,1630.3,2opt,acceptBad
1159,16,7330.9,3,1630.3,move,improve
1160,16,7330.9,3,1630.3,move,improve
1161,16,7330.7,3,1630.3,swap,improve
1162,16,7330.7,3,1630.3,move,improve
1163,16,7330.7,3,1630.3,move,improve
1164,16,7330.7,3,1630.3,move,improve
1165,16,7330.7,3,1630.3,move,improve
1166,16,7330.7,3,1630.3,2opt,improve
1167,16,7377.599999999999,3,1630.3,2opt,acceptBad
1168,16,7314.0,3,1630.3,2opt,improve
1169,16,7436.799999999999,3,1630.3,swap,acceptBad
1170,16,7436.8,3,1630.3,2opt,acceptBad
1171,16,7358.0,3,1630.3,swap,improve
1172,16,7358.0,3,1630.3,move,improve
1173,16,7358.0,3,1630.3,move,improve
1174,15,7209.1,3,1630.3,2opt,improve
1175,15,7209.1,3,1630.3,swap,improve
1176,15,6929.4,3,1630.3,move,improve
1177,15,6809.4,3,1630.3,swap,improve
1178,15,6809.4,3,1630.3,move,improve
1179,14,6559.4,3,1630.3,move,improve
1180,14,6559.4,3,1630.3,swap,improve
1181,14,6506.3,3,1630.3,move,improve
1182,14,6247.3,3,1630.3,swap,improve
1183,14,6266.6,3,1630.3,swap,acceptBad
1184,14,6108.1,3,1630.3,2opt,improve
1185,14,6108.1,3,1630.3,2opt,improve
1186,14,6108.1,3,1630.3,move,improve
1187,14,6108.1,3,1630.3,swap,improve
1188,14,6126.400000000001,3,1630.3,swap,acceptBad
1189,14,6126.400000000001,3,1630.3,2opt,improve
1190,14,6126.400000000001,3,1630.3,move,improve
1191,14,6003.700000000001,3,1630.3,swap,improve
1192,14,5862.700000000001,3,1630.3,move,improve
1193,14,5784.200000000001,3,1630.3,swap,improve
1194,14,5784.200000000001,3,1630.3,swap,improve
1195,14,5784.200000000001,3,1630.3,move,improve
1196,14,5715.700000000001,3,1630.3,move,improve
1197,14,5715.700000000001,3,1630.3,move,improve
1198,14,5715.700000000001,3,1630.3,move,improve
1199,14,5593.400000000001,3,1630.3,move,improve
1200,14,5473.500000000001,3,1630.3,swap,improve
1201,14,5446.8,3,1630.3,2opt,improve
1202,14,5508.2,3,1630.3,2opt,acceptBad
1203,14,5558.9,3,1630.3,2opt,acceptBad
1204,14,5508.2,3,1630.3,move,improve
1205,15,6051.5,3,1630.3,2opt,acceptBad
1206,15,6051.5,3,1630.3,move,improve
1207,15,6039.5,3,1630.3,move,improve
1208,15,6129.8,3,1630.3,2opt,acceptBad
1209,15,6146.7,3,1630.3,swap,acceptBad
1210,15,6229.4,3,1630.3,swap,acceptBad
1211,15,6293.1,3,1630.3,swap,acceptBad
1212,15,6253.1,3,1630.3,swap,improve
1213,15,6097.0,3,1630.3,swap,improve
1214,15,6044.3,3,1630.3,move,improve
1215,15,6015.5,3,1630.3,swap,improve
1216,15,6089.6,3,1630.3,2opt,acceptBad
1217,15,6068.900000000001,3,1630.3,2opt,improve
1218,15,6220.900000000001,3,1630.3,swap,acceptBad
1219,15,6410.900000000001,3,1630.3,swap,acceptBad
1220,15,6346.3,3,1630.3,swap,improve
1221,15,6346.3,3,1630.3,2opt,improve
1222,15,6346.3,3,1630.3,swap,improve
1223,15,6384.2,3,1630.3,swap,acceptBad
1224,15,6384.2,3,1630.3,2opt,improve
1225,15,6283.000000000001,3,1630.3,move,improve
1226,15,6296.5,3,1630.3,2opt,acceptBad
1227,15,6408.9,3,1630.3,swap,acceptBad
1228,15,6468.2,3,1630.3,swap,acceptBad
1229,15,6305.7,3,1630.3,move,improve
1230,15,6513.7,3,1630.3,2opt,acceptBad
1231,14,6460.7,3,1630.3,2opt,improve
1232,14,6521.4,3,1630.3,2opt,acceptBad
1233,14,6550.6,3,1630.3,swap,acceptBad
1234,14,6526.400000000001,3,1630.3,move,improve
1235,14,6506.000000000001,3,1630.3,move,improve
1236,14,6519.800000000001,3,1630.3,2opt,acceptBad
1237,14,6647.8,3,1630.3,2opt,acceptBad
1238,14,6594.5,3,1630.3,swap,improve
1239,14,6594.5,3,1630.3,move,improve
1240,14,6489.700000000001,3,1630.3,2opt,improve
1241,14,6474.700000000001,3,1630.3,move,improve
1242,14,6546.700000000001,3,1630.3,swap,acceptBad
1243,14,6461.200000000001,3,1630.3,move,improve
1244,14,6476.000000000001,3,1630.3,swap,acceptBad
1245,14,6476.0,3,1630.3,2opt,improve
1246,13,5997.0,3,1630.3,move,improve
1247,13,5997.0,3,1630.3,2opt,improve
1248,13,5940.5,3,1630.3,move,improve
1249,13,5940.5,3,1630.3,2opt,improve
1250,13,5940.5,3,1630.3,move,improve
1251,13,5884.2,3,1630.3,2opt,improve
1252,13,6046.400000000001,3,1630.3,swap,acceptBad
1253,13,6006.1,3,1630.3,move,improve
1254,13,5862.0,3,1630.3,2opt,improve
1255,13,5862.0,3,1630.3,move,improve
1256,13,5862.0,3,1630.3,move,improve
1257,13,6054.8,3,1630.3,swap,acceptBad
1258,13,6054.8,3,1630.3,move,improve
1259,13,6054.8,3,1630.3,2opt,improve
1260,13,6050.9,3,1630.3,2opt,improve
1261,13,6227.9,3,1630.3,swap,acceptBad
1262,13,6233.5,3,1630.3,swap,acceptBad
1263,13,6233.5,3,1630.3,move,improve
1264,13,6233.5,3,1630.3,2opt,improve
1265,13,6233.5,3,1630.3,move,improve
1266,14,6558.5,3,1630.3,2opt,acceptBad
1267,14,6558.5,3,1630.3,swap,improve
1268,14,6536.5,3,1630.3,swap,improve
1269,14,6536.5,3,1630.3,move,improve
1270,14,6536.5,3,1630.3,2opt,notBad
1271,14,6590.8,3,1630.3,swap,acceptBad
1272,14,6494.8,3,1630.3,move,improve
1273,14,6494.8,3,1630.3,swap,improve
1274,14,6494.8,3,1630.3,2opt,improve
1275,14,6494.8,3,1630.3,swap,improve
1276,14,6558.3,3,1630.3,2opt,acceptBad
1277,14,6494.8,3,1630.3,move,improve
1278,14,6447.8,3,1630.3,swap,improve
1279,14,6447.8,3,1630.3,swap,improve
1280,14,6447.8,3,1630.3,2opt,improve
1281,14,6310.200000000001,3,1630.3,swap,improve
1282,14,6416.700000000001,3,1630.3,swap,acceptBad
1283,14,6416.700000000001,3,1630.3,move,improve
1284,14,6416.700000000001,3,1630.3,move,improve
1285,14,6416.700000000001,3,1630.3,swap,improve
1286,14,6405.900000000001,3,1630.3,move,improve
1287,14,6326.3,3,1630.3,move,improve
1288,14,6303.0,3,1630.3,2opt,improve
1289,14,6316.0,3,1630.3,swap,acceptBad
1290,14,6316.0,3,1630.3,move,improve
1291,14,6316.0,3,1630.3,move,improve
1292,14,6285.3,3,1630.3,swap,improve
1293,14,6285.3,3,1630.3,move,improve
1294,14,6294.6,3,1630.3,swap,acceptBad
1295,14,6333.6,3,1630.3,2opt,acceptBad
1296,14,6290.2,3,1630.3,2opt,improve
1297,14,6283.2,3,1630.3,2opt,improve
1298,14,6247.3,3,1630.3,swap,improve
1299,14,6247.300000000001,3,1630.3,2opt,acceptBad
1300,14,6329.300000000001,3,1630.3,swap,acceptBad
1301,14,6329.300000000001,3,1630.3,move,improve
1302,14,6168.800000000001,3,1630.3,move,improve
1303,13,6125.300000000001,3,1630.3,move,improve
1304,13,6125.300000000001,3,1630.3,move,improve
1305,13,6125.300000000001,3,1630.3,move,improve
1306,13,6050.6,3,1630.3,move,improve
1307,13,6128.200000000001,3,1630.3,2opt,acceptBad
1308,13,6128.200000000001,3,1630.3,move,improve
1309,13,6165.3,3,1630.3,swap,acceptBad
1310,13,6165.3,3,1630.3,move,improve
1311,13,6165.3,3,1630.3,swap,improve
1312,13,6165.3,3,1630.3,move,improve
1313,13,5915.400000000001,3,1630.3,2opt,improve
1314,13,5895.3,3,1630.3,2opt,improve
1315,13,5850.8,3,1630.3,swap,improve
1316,13,5880.6,3,1630.3,swap,acceptBad
1317,13,5841.2,3,1630.3,2opt,improve
1318,13,5834.1,3,1630.3,swap,improve
1319,13,5834.1,3,1630.3,2opt,improve
1320,13,5834.099999999999,3,1630.3,2opt,improve
1321,13,6280.9,3,1630.3,2opt,acceptBad
1322,13,6280.9,3,1630.3,swap,improve
1323,13,6280.9,3,1630.3,swap,improve
1324,13,6289.0,3,1630.3,2opt,acceptBad
1325,13,6289.0,3,1630.3,move,improve
1326,13,6289.0,3,1630.3,swap,improve
1327,13,6222.0,3,1630.3,swap,improve
1328,13,6213.900000000001,3,1630.3,swap,improve
1329,13,6213.900000000001,3,1630.3,swap,improve
1330,13,6263.700000000001,3,1630.3,swap,acceptBad
1331,13,6263.700000000001,3,1630.3,move,improve
1332,12,6208.700000000001,3,1630.3,move,improve
1333,12,6251.700000000001,3,1630.3,2opt,acceptBad
1334,12,6467.700000000001,3,1630.3,2opt,acceptBad
1335,12,6371.0,3,1630.3,swap,improve
1336,12,6371.0,3,1630.3,move,improve
1337,12,6371.0,3,1630.3,2opt,improve
1338,12,6246.9,3,1630.3,move,improve
1339,12,6246.9,3,1630.3,swap,improve
1340,12,6246.9,3,1630.3,move,improve
1341,12,6410.8,3,1630.3,swap,acceptBad
1342,12,6294.3,3,1630.3,move,improve
1343,12,6209.3,3,1630.3,move,improve
1344,12,6209.3,3,1630.3,swap,improve
1345,12,6209.3,3,1630.3,swap,improve
1346,12,6288.3,3,1630.3,swap,acceptBad
1347,12,6373.900000000001,3,1630.3,swap,acceptBad
1348,12,6373.900000000001,3,1630.3,move,improve
1349,12,6394.400000000001,3,1630.3,2opt,acceptBad
1350,12,6394.400000000001,3,1630.3,swap,improve
1351,12,6394.400000000001,3,1630.3,2opt,improve
1352,12,6394.400000000001,3,1630.3,2opt,improve
1353,12,6455.4,3,1630.3,2opt,acceptBad
1354,12,6410.0,3,1630.3,2opt,improve
1355,12,6418.900000000001,3,1630.3,swap,acceptBad
1356,12,6418.900000000001,3,1630.3,move,improve
1357,12,6410.0,3,1630.3,move,improve
1358,12,6432.1,3,1630.3,2opt,acceptBad
1359,12,6432.1,3,1630.3,swap,improve
1360,12,6461.7,3,1630.3,2opt,acceptBad
1361,12,6461.7,3,1630.3,2opt,improve
1362,12,6461.7,3,1630.3,move,improve
1363,12,6461.7,3,1630.3,2opt,improve
1364,12,6461.7,3,1630.3,move,improve
1365,12,6498.4,3,1630.3,swap,acceptBad
1366,12,6498.4,3,1630.3,2opt,improve
1367,12,6462.299999999999,3,1630.3,move,improve
1368,13,6512.599999999999,3,1630.3,2opt,acceptBad
1369,13,6512.7,3,1630.3,swap,acceptBad
1370,13,6406.9,3,1630.3,move,improve
1371,13,6406.9,3,1630.3,move,improve
1372,13,6406.900000000001,3,1630.3,2opt,acceptBad
1373,13,6389.1,3,1630.3,swap,improve
1374,13,6389.1,3,1630.3,move,improve
1375,13,6416.7,3,1630.3,swap,acceptBad
1376,13,6372.8,3,1630.3,2opt,improve
1377,13,6372.8,3,1630.3,move,improve
1378,13,6372.8,3,1630.3,2opt,improve
1379,13,6338.400000000001,3,1630.3,swap,improve
1380,13,5871.1,3,1630.3,move,improve
1381,13,5823.700000000001,3,1630.3,swap,improve
1382,13,5935.300000000001,3,1630.3,swap,acceptBad
1383,13,5935.300000000001,3,1630.3,move,improve
1384,13,5935.300000000001,3,1630.3,move,improve
1385,13,5935.300000000001,3,1630.3,swap,improve
1386,13,5935.300000000001,3,1630.3,move,improve
1387,12,5791.300000000001,3,1630.3,move,improve
1388,12,5777.700000000001,3,1630.3,move,improve
1389,13,6360.200000000001,3,1630.3,2opt,acceptBad
1390,13,6360.200000000001,3,1630.3,move,improve
1391,13,6400.299999999999,3,1630.3,2opt,acceptBad
1392,13,6400.299999999999,3,1630.3,move,improve
1393,13,6288.7,3,1630.3,move,improve
1394,13,6288.7,3,1630.3,swap,improve
1395,13,6288.7,3,1630.3,2opt,improve
1396,13,6248.6,3,1630.3,swap,improve
1397,13,6290.3,3,1630.3,2opt,acceptBad
1398,13,6290.3,3,1630.3,swap,improve
1399,13,6118.4,3,1630.3,move,improve
1400,13,6101.4,3,1630.3,move,improve
1401,13,6101.4,3,1630.3,move,improve
1402,12,6051.099999999999,3,1630.3,move,improve
1403,12,6119.4,3,1630.3,2opt,acceptBad
1404,12,6119.4,3,1630.3,move,improve
1405,12,6086.099999999999,3,1630.3,swap,improve
1406,12,6086.099999999999,3,1630.3,2opt,improve
1407,12,6137.8,3,1630.3,2opt,acceptBad
1408,12,6164.5,3,1630.3,swap,acceptBad
1409,12,6158.5,3,1630.3,swap,improve
1410,12,6270.3,3,1630.3,2opt,acceptBad
1411,12,6219.6,3,1630.3,move,improve
1412,12,6219.6,3,1630.3,move,improve
1413,12,6219.6,3,1630.3,2opt,improve
1414,12,6219.6,3,1630.3,swap,improve
1415,12,6219.6,3,1630.3,move,improve
1416,12,6219.6,3,1630.3,move,improve
1417,12,6148.0,3,1630.3,2opt,improve
1418,12,6148.0,3,1630.3,move,improve
1419,12,6148.0,3,1630.3,move,improve
1420,12,6118.400000000001,3,1630.3,move,improve
1421,12,6118.400000000001,3,1630.3,move,improve
1422,12,6118.400000000001,3,1630.3,2opt,improve
1423,12,6136.500000000001,3,1630.3,2opt,acceptBad
1424,12,6203.900000000001,3,1630.3,swap,acceptBad
1425,12,6128.900000000001,3,1630.3,move,improve
1426,12,6110.8,3,1630.3,2opt,improve
1427,12,6324.8,3,1630.3,swap,acceptBad
1428,12,6324.8,3,1630.3,move,improve
1429,12,6101.8,3,1630.3,move,improve
1430,12,6101.8,3,1630.3,swap,improve
1431,12,6101.8,3,1630.3,swap,improve
1432,12,6086.5,3,1630.3,swap,improve
1433,12,6000.7,3,1630.3,move,improve
1434,12,6000.7,3,1630.3,2opt,improve
1435,12,6000.7,3,1630.3,2opt,improve
1436,12,6000.7,3,1630.3,swap,improve
1437,12,6000.7,3,1630.3,move,improve
1438,12,5839.900000000001,3,1630.3,2opt,improve
1439,12,5839.900000000001,3,1630.3,swap,improve
1440,12,5787.400000000001,3,1630.3,move,improve
1441,12,5787.400000000001,3,1630.3,swap,improve
1442,12,5787.400000000001,3,1630.3,move,improve
1443,12,5787.400000000001,3,1630.3,swap,improve
1444,12,5787.400000000001,3,1630.3,move,improve
1445,12,5787.400000000001,3,1630.3,move,improve
1446,12,5711.6,3,1630.3,2opt,improve
1447,12,5711.6,3,1630.3,move,improve
1448,12,5761.8,3,1630.3,swap,acceptBad
1449,12,5685.8,3,1630.3,2opt,improve
1450,12,5606.6,3,1630.3,move,improve
1451,12,5604.7,3,1630.3,swap,improve
1452,12,5604.7,3,1630.3,move,improve
1453,13,6187.0,3,1630.3,2opt,acceptBad
1454,13,6187.0,3,1630.3,move,improve
1455,13,6076.9,3,1630.3,move,improve
1456,13,6057.7,3,1630.3,2opt,improve
1457,13,6171.6,3,1630.3,swap,acceptBad
1458,13,6171.6,3,1630.3,2opt,improve
1459,13,6171.6,3,1630.3,swap,improve
1460,13,6171.6,3,1630.3,move,improve
1461,13,6171.6,3,1630.3,swap,improve
1462,13,6171.599999999999,3,1630.3,2opt,improve
1463,13,6215.8,3,1630.3,2opt,acceptBad
1464,13,6215.8,3,1630.3,swap,improve
1465,13,6215.8,3,1630.3,swap,improve
1466,13,6097.8,3,1630.3,2opt,improve
1467,13,6319.900000000001,3,1630.3,swap,acceptBad
1468,13,6319.900000000001,3,1630.3,2opt,improve
1469,14,6645.900000000001,3,1630.3,2opt,acceptBad
1470,14,6602.1,3,1630.3,swap,improve
1471,14,6602.1,3,1630.3,move,improve
1472,14,6622.8,3,1630.3,2opt,acceptBad
1473,14,6622.8,3,1630.3,2opt,improve
1474,14,6481.8,3,1630.3,move,improve
1475,14,6541.8,3,1630.3,swap,acceptBad
1476,14,6541.8,3,1630.3,swap,improve
1477,14,6299.8,3,1630.3,move,improve
1478,14,6420.8,3,1630.3,2opt,acceptBad
1479,14,6420.8,3,1630.3,swap,improve
1480,14,6420.8,3,1630.3,move,improve
1481,14,6344.8,3,1630.3,swap,improve
1482,14,6344.8,3,1630.3,move,improve
1483,13,6229.8,3,1630.3,2opt,improve
1484,13,6204.400000000001,3,1630.3,move,improve
1485,13,6204.400000000001,3,1630.3,swap,improve
1486,13,6204.400000000001,3,1630.3,swap,improve
1487,13,6204.4,3,1630.3,2opt,improve
1488,13,6504.2,3,1630.3,swap,acceptBad
1489,13,6495.8,3,1630.3,swap,improve
1490,13,6495.8,3,1630.3,swap,improve
1491,13,6367.0,3,1630.3,move,improve
1492,13,6367.0,3,1630.3,move,improve
1493,13,6412.2,3,1630.3,2opt,acceptBad
1494,13,6421.8,3,1630.3,swap,acceptBad
1495,13,6387.599999999999,3,1630.3,swap,improve
1496,13,6386.499999999999,3,1630.3,move,improve
1497,13,6386.499999999999,3,1630.3,2opt,improve
1498,13,6209.499999999999,3,1630.3,swap,improve
1499,13,6250.4,3,1630.3,swap,acceptBad
1500,13,6250.4,3,1630.3,swap,improve
1501,13,6250.4,3,1630.3,swap,improve
1502,13,6196.099999999999,3,1630.3,move,improve
1503,13,6016.200000000001,3,1630.3,2opt,improve
1504,13,6080.5,3,1630.3,swap,acceptBad
1505,13,6155.0,3,1630.3,swap,acceptBad
1506,13,5678.0,3,1630.3,move,improve
1507,13,5678.0,3,1630.3,move,improve
1508,13,5678.0,3,1630.3,swap,improve
1509,13,5791.4,3,1630.3,swap,acceptBad
1510,13,5791.4,3,1630.3,move,improve
1511,13,5849.999999999999,3,1630.3,2opt,acceptBad
1512,13,5733.999999999999,3,1630.3,move,improve
1513,13,5738.799999999999,3,1630.3,swap,acceptBad
1514,13,5644.099999999999,3,1630.3,swap,improve
1515,13,5685.299999999999,3,1630.3,swap,acceptBad
1516,13,5479.299999999999,3,1630.3,move,improve
1517,13,5459.899999999999,3,1630.3,move,improve
1518,13,5459.899999999999,3,1630.3,swap,improve
1519,13,5438.499999999999,3,1630.3,move,improve
1520,13,5356.8,3,1630.3,move,improve
1521,13,5274.399999999999,3,1630.3,move,improve
1522,13,5212.399999999999,3,1630.3,move,improve
1523,13,5212.399999999999,3,1630.3,move,improve
1524,13,5212.399999999999,3,1630.3,swap,improve
1525,13,5209.1,3,1630.3,2opt,improve
1526,13,5209.1,3,1630.3,move,improve
1527,13,5209.1,3,1630.3,move,improve
1528,14,5496.3,3,1630.3,2opt,acceptBad
1529,14,5526.6,3,1630.3,swap,acceptBad
1530,14,5521.8,3,1630.3,2opt,improve
1531,14,5538.900000000001,3,1630.3,swap,acceptBad
1532,14,5538.900000000001,3,1630.3,swap,improve
1533,14,5538.9,3,1630.3,2opt,improve
1534,14,5594.2,3,1630.3,swap,acceptBad
1535,14,5597.4,3,1630.3,swap,acceptBad
1536,14,5642.599999999999,3,1630.3,swap,acceptBad
1537,14,5756.0,3,1630.3,2opt,acceptBad
1538,14,5756.0,3,1630.3,swap,improve
1539,14,5756.0,3,1630.3,2opt,improve
1540,14,5756.0,3,1630.3,move,improve
1541,14,5718.6,3,1630.3,move,improve
1542,14,5697.5,3,1630.3,swap,improve
1543,14,5681.1,3,1630.3,swap,improve
1544,14,5702.2,3,1630.3,swap,acceptBad
1545,14,5702.2,3,1630.3,2opt,improve
1546,14,5646.6,3,1630.3,swap,improve
1547,14,5646.6,3,1630.3,2opt,improve
1548,14,5646.599999999999,3,1630.3,2opt,improve
1549,14,5546.299999999999,3,1630.3,swap,improve
1550,14,5546.299999999999,3,1630.3,move,improve
1551,14,5697.6,3,1630.3,2opt,acceptBad
1552,14,5622.5,3,1630.3,2opt,improve
1553,14,5622.5,3,1630.3,2opt,improve
1554,14,5655.099999999999,3,1630.3,2opt,acceptBad
1555,14,5654.9,3,1630.3,swap,improve
1556,14,5503.6,3,1630.3,move,improve
1557,14,5503.6,3,1630.3,swap,improve
1558,14,5482.1,3,1630.3,move,improve
1559,13,5427.1,3,1630.3,move,improve
1560,13,5427.1,3,1630.3,2opt,improve
1561,13,5427.1,3,1630.3,move,improve
1562,13,5427.1,3,1630.3,swap,improve
1563,13,5427.1,3,1630.3,move,improve
1564,13,5427.1,3,1630.3,move,improve
1565,13,5427.1,3,1630.3,move,improve
1566,13,5447.7,3,1630.3,2opt,acceptBad
1567,13,5780.3,3,1630.3,swap,acceptBad
1568,13,5780.3,3,1630.3,move,improve
1569,14,6363.7,3,1630.3,2opt,acceptBad
1570,14,6363.7,3,1630.3,move,improve
1571,14,6475.2,3,1630.3,2opt,acceptBad
1572,14,6827.9,3,1630.3,2opt,acceptBad
1573,14,6829.6,3,1630.3,swap,acceptBad
1574,14,6829.6,3,1630.3,move,improve
1575,14,6829.599999999999,3,1630.3,2opt,improve
1576,14,6829.599999999999,3,1630.3,move,improve
1577,14,6944.599999999999,3,1630.3,swap,acceptBad
1578,14,6944.599999999999,3,1630.3,move,improve
1579,15,7344.7,3,1630.3,2opt,acceptBad
1580,15,7337.8,3,1630.3,move,improve
1581,15,7337.8,3,1630.3,move,improve
1582,15,7366.400000000001,3,1630.3,swap,acceptBad
1583,15,7366.400000000001,3,1630.3,move,improve
1584,15,7366.4,3,1630.3,2opt,improve
1585,15,7411.099999999999,3,1630.3,2opt,acceptBad
1586,15,7411.099999999999,3,1630.3,move,improve
1587,15,7411.099999999999,3,1630.3,2opt,improve
1588,15,7411.099999999999,3,1630.3,2opt,improve
1589,15,7390.499999999999,3,1630.3,move,improve
1590,15,7264.799999999999,3,1630.3,move,improve
1591,15,7264.799999999999,3,1630.3,swap,improve
1592,15,7264.799999999999,3,1630.3,move,improve
1593,15,7326.6,3,1630.3,2opt,acceptBad
1594,15,7326.6,3,1630.3,swap,improve
1595,15,7309.4,3,1630.3,2opt,improve
1596,15,7309.4,3,1630.3,2opt,improve
1597,15,7309.4,3,1630.3,swap,improve
1598,15,7297.0,3,1630.3,swap,improve
1599,15,7222.0,3,1630.3,move,improve
1600,15,7222.0,3,1630.3,2opt,improve
1601,15,7177.299999999999,3,1630.3,swap,improve
1602,15,7177.299999999999,3,1630.3,2opt,improve
1603,15,7177.299999999999,3,1630.3,move,improve
1604,15,7177.299999999999,3,1630.3,move,improve
1605,15,7177.299999999999,3,1630.3,swap,improve
1606,15,7177.299999999999,3,1630.3,move,improve
1607,15,7115.5,3,1630.3,swap,improve
1608,15,7060.200000000001,3,1630.3,swap,improve
1609,15,7060.200000000001,3,1630.3,swap,improve
1610,15,7060.200000000001,3,1630.3,move,improve
1611,15,7060.200000000001,3,1630.3,move,improve
1612,16,7657.800000000001,3,1630.3,2opt,acceptBad
1613,16,7657.800000000001,3,1630.3,swap,improve
1614,16,7657.800000000001,3,1630.3,move,improve
1615,16,7688.700000000001,3,1630.3,swap,acceptBad
1616,16,7750.900000000001,3,1630.3,2opt,acceptBad
1617,16,7750.900000000001,3,1630.3,swap,improve
1618,16,7750.900000000001,3,1630.3,move,improve
1619,16,7595.9,3,1630.3,2opt,improve
1620,16,7620.2,3,1630.3,swap,acceptBad
1621,16,7620.2,3,1630.3,2opt,improve
1622,16,7620.2,3,1630.3,move,improve
1623,16,7620.2,3,1630.3,swap,improve
1624,16,7620.2,3,1630.3,move,improve
1625,16,7606.400000000001,3,1630.3,move,improve
1626,16,7658.3,3,1630.3,swap,acceptBad
1627,16,7658.3,3,1630.3,move,improve
1628,16,7658.3,3,1630.3,2opt,improve
1629,16,7605.400000000001,3,1630.3,swap,improve
1630,16,7682.7,3,1630.3,2opt,acceptBad
1631,16,7682.7,3,1630.3,2opt,improve
1632,16,7682.7,3,1630.3,2opt,improve
1633,16,7592.1,3,1630.3,2opt,improve
1634,16,7592.1,3,1630.3,move,improve
1635,16,7561.0,3,1630.3,swap,improve
1636,16,7517.400000000001,3,1630.3,swap,improve
1637,16,7624.700000000001,3,1630.3,swap,acceptBad
1638,15,7069.0,3,1630.3,2opt,improve
1639,15,7069.000000000001,3,1630.3,2opt,acceptBad
1640,15,7022.800000000001,3,1630.3,2opt,improve
1641,15,7022.800000000001,3,1630.3,2opt,improve
1642,15,7022.800000000001,3,1630.3,move,improve
1643,15,7058.900000000001,3,1630.3,2opt,acceptBad
1644,15,7058.900000000001,3,1630.3,swap,improve
1645,16,7435.900000000001,3,1630.3,2opt,acceptBad
1646,16,7171.900000000001,3,1630.3,move,improve
1647,16,7171.900000000001,3,1630.3,move,improve
1648,16,7151.5,3,1630.3,swap,improve
1649,16,7155.9,3,1630.3,2opt,acceptBad
1650,16,7155.9,3,1630.3,move,improve
1651,16,6996.9,3,1630.3,move,improve
1652,16,6973.599999999999,3,1630.3,2opt,improve
1653,16,6940.099999999999,3,1630.3,swap,improve
1654,16,6940.099999999999,3,1630.3,move,improve
1655,16,6972.7,3,1630.3,swap,acceptBad
1656,16,6860.1,3,1630.3,move,improve
1657,16,7007.3,3,1630.3,swap,acceptBad
1658,16,7007.3,3,1630.3,move,improve
1659,16,7007.3,3,1630.3,2opt,notBad
1660,16,7007.3,3,1630.3,2opt,improve
1661,16,7007.3,3,1630.3,move,improve
1662,16,7066.2,3,1630.3,2opt,acceptBad
1663,16,7066.2,3,1630.3,move,improve
1664,15,6915.2,3,1630.3,move,improve
1665,15,6915.2,3,1630.3,swap,improve
1666,15,6834.1,3,1630.3,move,improve
1667,14,6584.1,3,1630.3,2opt,improve
1668,14,6584.1,3,1630.3,move,improve
1669,14,6584.1,3,1630.3,swap,improve
1670,14,6646.1,3,1630.3,2opt,acceptBad
1671,14,6530.1,3,1630.3,move,improve
1672,14,6423.900000000001,3,1630.3,2opt,improve
1673,14,6266.5,3,1630.3,move,improve
1674,14,6266.5,3,1630.3,move,improve
1675,14,6266.5,3,1630.3,move,improve
1676,14,6213.3,3,1630.3,move,improve
1677,14,6390.2,3,1630.3,2opt,acceptBad
1678,14,6390.199999999999,3,1630.3,2opt,improve
1679,14,6350.699999999999,3,1630.3,swap,improve
1680,13,6304.699999999999,3,1630.3,move,improve
1681,13,6282.0,3,1630.3,move,improve
1682,13,6282.0,3,1630.3,move,improve
1683,13,6280.5,3,1630.3,move,improve
1684,13,6434.8,3,1630.3,2opt,acceptBad
1685,13,6446.5,3,1630.3,swap,acceptBad
1686,13,6479.000000000001,3,1630.3,swap,acceptBad
1687,13,6467.300000000001,3,1630.3,swap,improve
1688,13,6467.300000000001,3,1630.3,move,improve
1689,13,6507.900000000001,3,1630.3,swap,acceptBad
1690,13,6507.900000000001,3,1630.3,move,improve
1691,13,6620.5999999999985,3,1630.3,2opt,acceptBad
1692,13,6708.2,3,1630.3,2opt,acceptBad
1693,13,6708.2,3,1630.3,2opt,improve
1694,13,6678.5,3,1630.3,2opt,improve
1695,13,6465.299999999999,3,1630.3,swap,improve
1696,13,6285.3,3,1630.3,2opt,improve
1697,13,6286.7,3,1630.3,swap,acceptBad
1698,13,6286.7,3,1630.3,swap,improve
1699,13,6222.9,3,1630.3,move,improve
1700,13,6202.799999999999,3,1630.3,swap,improve
1701,13,6231.3,3,1630.3,2opt,acceptBad
1702,13,6222.8,3,1630.3,swap,improve
1703,13,6122.3,3,1630.3,move,improve
1704,13,6122.3,3,1630.3,2opt,improve
1705,13,6122.3,3,1630.3,move,improve
1706,13,6122.3,3,1630.3,swap,improve
1707,13,6122.3,3,1630.3,move,improve
1708,13,6097.400000000001,3,1630.3,2opt,improve
1709,13,6167.0,3,1630.3,2opt,acceptBad
1710,13,6167.0,3,1630.3,swap,improve
1711,13,6186.400000000001,3,1630.3,swap,acceptBad
1712,13,6181.0,3,1630.3,2opt,improve
1713,13,6181.0,3,1630.3,move,improve
1714,13,6185.500000000001,3,1630.3,swap,acceptBad
1715,13,6185.500000000001,3,1630.3,swap,improve
1716,13,6284.500000000001,3,1630.3,swap,acceptBad
1717,13,6171.400000000001,3,1630.3,move,improve
1718,13,6166.3,3,1630.3,swap,improve
1719,12,5697.3,3,1630.3,move,improve
1720,12,5663.6,3,1630.3,swap,improve
1721,12,5570.6,3,1630.3,move,improve
1722,12,5570.6,3,1630.3,move,improve
1723,12,5612.6,3,1630.3,swap,acceptBad
1724,12,5612.6,3,1630.3,move,improve
1725,12,5612.599999999999,3,1630.3,2opt,improve
1726,12,5612.599999999999,3,1630.3,swap,improve
1727,12,5652.0,3,1630.3,swap,acceptBad
1728,12,5590.799999999999,3,1630.3,move,improve
1729,12,5590.799999999999,3,1630.3,move,improve
1730,12,5566.7,3,1630.3,swap,improve
1731,12,5524.9,3,1630.3,swap,improve
1732,12,5524.9,3,1630.3,swap,improve
1733,12,5524.9,3,1630.3,move,improve
1734,12,5481.7,3,1630.3,swap,improve
1735,12,5481.7,3,1630.3,swap,improve
1736,12,5522.5,3,1630.3,swap,acceptBad
1737,12,5522.5,3,1630.3,2opt,improve
1738,12,5483.099999999999,3,1630.3,move,improve
1739,12,5495.9,3,1630.3,swap,acceptBad
1740,12,5531.3,3,1630.3,2opt,acceptBad
1741,12,5531.3,3,1630.3,move,improve
1742,12,5553.2,3,1630.3,swap,acceptBad
1743,12,5553.3,3,1630.3,swap,acceptBad
1744,12,5542.7,3,1630.3,move,improve
1745,12,5542.7,3,1630.3,move,improve
1746,11,5314.700000000001,3,1630.3,move,improve
1747,11,5314.700000000001,3,1630.3,swap,improve
1748,11,5309.4,3,1630.3,2opt,improve
1749,11,5343.4,3,1630.3,swap,acceptBad
1750,11,5343.4,3,1630.3,move,improve
1751,11,5278.599999999999,3,1630.3,2opt,improve
1752,11,5236.4,3,1630.3,swap,improve
1753,11,5236.400000000001,3,1630.3,2opt,acceptBad
1754,11,5236.4,3,1630.3,2opt,improve
1755,11,5368.7,3,1630.3,2opt,acceptBad
1756,11,5368.7,3,1630.3,move,improve
1757,11,5368.7,3,1630.3,move,improve
1758,11,5349.5,3,1630.3,2opt,improve
1759,11,5361.3,3,1630.3,2opt,acceptBad
1760,12,5897.900000000001,3,1630.3,2opt,acceptBad
1761,12,5897.9,3,1630.3,2opt,improve
1762,12,5812.0,3,1630.3,2opt,improve
1763,11,5598.0,3,1630.3,2opt,improve
1764,11,5524.0,3,1630.3,move,improve
1765,11,5645.7,3,1630.3,2opt,acceptBad
1766,11,5634.0,3,1630.3,move,improve
1767,11,5634.0,3,1630.3,swap,improve
1768,11,5634.0,3,1630.3,2opt,improve
1769,11,5641.8,3,1630.3,swap,acceptBad
1770,11,5764.0,3,1630.3,swap,acceptBad
1771,11,5764.0,3,1630.3,move,improve
1772,11,5764.0,3,1630.3,move,improve
1773,11,5764.0,3,1630.3,2opt,improve
1774,11,5764.0,3,1630.3,2opt,improve
1775,11,5785.400000000001,3,1630.3,2opt,acceptBad
1776,11,5785.400000000001,3,1630.3,move,improve
1777,11,5785.400000000001,3,1630.3,swap,improve
1778,11,5744.3,3,1630.3,move,improve
1779,11,5744.3,3,1630.3,move,improve
1780,11,5548.5,3,1630.3,2opt,improve
1781,11,5548.5,3,1630.3,2opt,improve
1782,11,5658.0,3,1630.3,2opt,acceptBad
1783,11,5658.0,3,1630.3,swap,improve
1784,11,5658.0,3,1630.3,2opt,improve
1785,11,5671.0,3,1630.3,swap,acceptBad
1786,11,5671.0,3,1630.3,swap,improve
1787,11,5715.3,3,1630.3,swap,acceptBad
1788,11,5715.3,3,1630.3,2opt,improve
1789,10,5548.3,3,1630.3,move,improve
1790,10,5438.8,3,1630.3,move,improve
1791,10,5438.8,3,1630.3,2opt,improve
1792,10,5436.5,3,1630.3,swap,improve
1793,10,5436.5,3,1630.3,move,improve
1794,10,5436.5,3,1630.3,swap,improve
1795,10,5436.5,3,1630.3,2opt,notBad
1796,10,5329.1,3,1630.3,2opt,improve
1797,10,5329.1,3,1630.3,move,improve
1798,10,5505.0,3,1630.3,swap,acceptBad
1799,10,5505.0,3,1630.3,swap,improve
1800,10,5559.2,3,1630.3,swap,acceptBad
1801,10,5257.6,3,1630.3,2opt,improve
1802,10,5290.0,3,1630.3,2opt,acceptBad
1803,11,5699.0,3,1630.3,2opt,acceptBad
1804,12,6330.0,3,1630.3,2opt,acceptBad
1805,12,6330.0,3,1630.3,move,improve
1806,12,6330.0,3,1630.3,2opt,improve
1807,12,6330.0,3,1630.3,move,improve
1808,12,6330.0,3,1630.3,2opt,improve
1809,12,6330.0,3,1630.3,2opt,improve
1810,12,6456.0,3,1630.3,swap,acceptBad
1811,12,6456.0,3,1630.3,move,improve
1812,12,6456.0,3,1630.3,move,improve
1813,12,6456.0,3,1630.3,move,improve
1814,12,6456.0,3,1630.3,2opt,improve
1815,12,6234.0,3,1630.3,move,improve
1816,12,6234.0,3,1630.3,swap,improve
1817,12,6234.0,3,1630.3,2opt,improve
1818,12,6234.0,3,1630.3,move,improve
1819,12,6107.799999999999,3,1630.3,2opt,improve
1820,12,5912.799999999999,3,1630.3,move,improve
1821,13,6060.299999999999,3,1630.3,2opt,acceptBad
1822,13,6037.299999999999,3,1630.3,swap,improve
1823,13,5927.7,3,1630.3,swap,improve
1824,13,5990.7,3,1630.3,swap,acceptBad
1825,13,5908.6,3,1630.3,2opt,improve
1826,13,5908.6,3,1630.3,swap,improve
1827,13,6181.6,3,1630.3,swap,acceptBad
1828,13,6181.6,3,1630.3,move,improve
1829,13,6358.000000000001,3,1630.3,2opt,acceptBad
1830,13,6324.9,3,1630.3,2opt,improve
1831,13,6324.9,3,1630.3,move,improve
1832,12,5855.9,3,1630.3,move,improve
1833,12,5702.999999999999,3,1630.3,move,improve
1834,12,5613.999999999999,3,1630.3,move,improve
1835,12,5728.099999999999,3,1630.3,2opt,acceptBad
1836,12,5762.4,3,1630.3,swap,acceptBad
1837,12,5763.0,3,1630.3,swap,acceptBad
1838,12,5756.799999999999,3,1630.3,move,improve
1839,12,5756.799999999999,3,1630.3,2opt,improve
1840,12,5756.799999999999,3,1630.3,2opt,improve
1841,12,5756.199999999999,3,1630.3,swap,improve
1842,12,5792.199999999999,3,1630.3,2opt,acceptBad
1843,12,5792.199999999999,3,1630.3,2opt,improve
1844,12,5792.199999999999,3,1630.3,2opt,improve
1845,12,5564.4,3,1630.3,2opt,improve
1846,12,5564.4,3,1630.3,2opt,improve
1847,12,5670.0,3,1630.3,2opt,acceptBad
1848,12,5670.0,3,1630.3,2opt,improve
1849,12,5670.0,3,1630.3,swap,improve
1850,12,5670.0,3,1630.3,swap,improve
1851,12,5724.4,3,1630.3,swap,acceptBad
1852,12,5724.8,3,1630.3,swap,acceptBad
1853,12,5724.799999999999,3,1630.3,2opt,improve
1854,12,5532.099999999999,3,1630.3,swap,improve
1855,12,5532.099999999999,3,1630.3,swap,improve
1856,12,5563.5999999999985,3,1630.3,2opt,acceptBad
1857,12,5782.2,3,1630.3,2opt,acceptBad
1858,12,5826.0,3,1630.3,swap,acceptBad
1859,12,5759.5,3,1630.3,2opt,improve
1860,12,5759.5,3,1630.3,move,improve
1861,12,5712.5,3,1630.3,move,improve
1862,12,5692.4,3,1630.3,move,improve
1863,12,5835.5,3,1630.3,swap,acceptBad
1864,12,5787.1,3,1630.3,move,improve
1865,12,5706.400000000001,3,1630.3,move,improve
1866,12,5706.400000000001,3,1630.3,move,improve
1867,12,5586.900000000001,3,1630.3,swap,improve
1868,12,5491.099999999999,3,1630.3,move,improve
1869,12,5491.099999999999,3,1630.3,move,improve
1870,12,5507.8,3,1630.3,swap,acceptBad
1871,12,5453.2,3,1630.3,2opt,improve
1872,12,5247.9,3,1630.3,move,improve
1873,12,5031.5,3,1630.3,move,improve
1874,12,5091.7,3,1630.3,swap,acceptBad
1875,12,5362.7,3,1630.3,swap,acceptBad
1876,12,5368.5,3,1630.3,2opt,acceptBad
1877,12,5353.5,3,1630.3,move,improve
1878,12,5353.5,3,1630.3,move,improve
1879,12,5425.5,3,1630.3,swap,acceptBad
1880,12,5419.7,3,1630.3,swap,improve
1881,12,5419.7,3,1630.3,2opt,improve
1882,12,5419.7,3,1630.3,move,improve
1883,12,5278.8,3,1630.3,2opt,improve
1884,12,5321.8,3,1630.3,swap,acceptBad
1885,12,5685.0,3,1630.3,2opt,acceptBad
1886,12,5685.0,3,1630.3,move,improve
1887,12,5716.900000000001,3,1630.3,2opt,acceptBad
1888,12,5685.0,3,1630.3,move,improve
1889,12,5685.000000000001,3,1630.3,2opt,acceptBad
1890,12,5685.000000000001,3,1630.3,move,improve
1891,12,5685.000000000001,3,1630.3,move,improve
1892,12,5685.000000000001,3,1630.3,move,improve
1893,12,5685.000000000001,3,1630.3,move,improve
1894,12,5782.900000000001,3,1630.3,swap,acceptBad
1895,12,5719.3,3,1630.3,swap,improve
1896,12,5724.3,3,1630.3,swap,acceptBad
1897,12,5724.3,3,1630.3,2opt,improve
1898,12,5819.3,3,1630.3,swap,acceptBad
1899,12,5819.3,3,1630.3,move,improve
1900,12,5821.400000000001,3,1630.3,swap,acceptBad
1901,12,5821.400000000001,3,1630.3,2opt,improve
1902,12,5812.500000000001,3,1630.3,swap,improve
1903,12,5812.500000000001,3,1630.3,2opt,notBad
1904,12,5812.500000000001,3,1630.3,swap,improve
1905,12,5896.700000000001,3,1630.3,swap,acceptBad
1906,12,5775.5,3,1630.3,move,improve
1907,12,5775.5,3,1630.3,move,improve
1908,12,5766.900000000001,3,1630.3,move,improve
1909,12,5688.700000000001,3,1630.3,move,improve
1910,12,5688.700000000001,3,1630.3,move,improve
1911,12,5688.700000000001,3,1630.3,move,improve
1912,12,5688.700000000001,3,1630.3,swap,improve
1913,12,5688.700000000001,3,1630.3,swap,improve
1914,12,5813.300000000001,3,1630.3,2opt,acceptBad
1915,12,5813.300000000001,3,1630.3,move,improve
1916,12,5447.300000000001,3,1630.3,move,improve
1917,12,5451.400000000001,3,1630.3,swap,acceptBad
1918,12,5447.0,3,1630.3,2opt,improve
1919,12,5514.6,3,1630.3,swap,acceptBad
1920,12,5510.5,3,1630.3,swap,improve
1921,12,5292.2,3,1630.3,2opt,improve
1922,12,5292.2,3,1630.3,swap,improve
1923,12,5292.2,3,1630.3,move,improve
1924,12,5336.4,3,1630.3,swap,acceptBad
1925,12,5336.4,3,1630.3,move,improve
1926,12,5380.4,3,1630.3,swap,acceptBad
1927,12,5374.2,3,1630.3,move,improve
1928,12,5374.2,3,1630.3,2opt,improve
1929,12,5356.2,3,1630.3,move,improve
1930,11,5301.2,3,1630.3,2opt,improve
1931,11,5301.2,3,1630.3,move,improve
1932,11,5301.2,3,1630.3,move,improve
1933,11,5301.2,3,1630.3,2opt,improve
1934,11,5301.2,3,1630.3,2opt,improve
1935,11,5287.0,3,1630.3,swap,improve
1936,11,5343.700000000001,3,1630.3,2opt,acceptBad
1937,11,5360.900000000001,3,1630.3,swap,acceptBad
1938,11,5360.900000000001,3,1630.3,2opt,improve
1939,11,5357.2,3,1630.3,swap,improve
1940,11,5310.1,3,1630.3,2opt,improve
1941,11,5307.300000000001,3,1630.3,swap,improve
1942,11,5253.6,3,1630.3,swap,improve
1943,11,5282.900000000001,3,1630.3,swap,acceptBad
1944,11,5202.5,3,1630.3,swap,improve
1945,11,5202.5,3,1630.3,2opt,notBad
1946,11,5202.5,3,1630.3,2opt,improve
1947,11,5404.8,3,1630.3,2opt,acceptBad
1948,11,5569.099999999999,3,1630.3,2opt,acceptBad
1949,11,5694.3,3,1630.3,2opt,acceptBad
1950,11,5746.8,3,1630.3,swap,acceptBad
1951,11,5746.799999999999,3,1630.3,2opt,improve
1952,11,5742.699999999999,3,1630.3,swap,improve
1953,11,5742.699999999999,3,1630.3,swap,improve
1954,11,5742.7,3,1630.3,2opt,acceptBad
1955,11,5825.8,3,1630.3,2opt,acceptBad
1956,11,5825.8,3,1630.3,swap,improve
1957,11,5825.8,3,1630.3,swap,improve
1958,11,5676.2,3,1630.3,move,improve
1959,11,5676.2,3,1630.3,2opt,improve
1960,11,5524.1,3,1630.3,move,improve
1961,11,5524.1,3,1630.3,swap,improve
1962,11,5524.1,3,1630.3,move,improve
1963,11,5702.1,3,1630.3,2opt,acceptBad
1964,11,5707.599999999999,3,1630.3,2opt,acceptBad
1965,11,5707.599999999999,3,1630.3,swap,improve
1966,11,5707.599999999999,3,1630.3,move,improve
1967,11,5707.599999999999,3,1630.3,swap,improve
1968,11,5689.8,3,1630.3,swap,improve
1969,11,5767.299999999999,3,1630.3,2opt,acceptBad
1970,11,5778.400000000001,3,1630.3,2opt,acceptBad
1971,11,5778.400000000001,3,1630.3,2opt,improve
1972,11,5746.3,3,1630.3,swap,improve
1973,11,5746.3,3,1630.3,move,improve
1974,11,5726.3,3,1630.3,swap,improve
1975,11,5726.3,3,1630.3,move,improve
1976,11,5780.599999999999,3,1630.3,swap,acceptBad
1977,11,5920.4,3,1630.3,swap,acceptBad
1978,11,5997.4,3,1630.3,2opt,acceptBad
1979,11,5922.7,3,1630.3,swap,improve
1980,11,5922.7,3,1630.3,move,improve
1981,11,5922.7,3,1630.3,swap,improve
1982,11,5894.8,3,1630.3,2opt,improve
1983,11,5894.8,3,1630.3,move,improve
1984,11,5894.8,3,1630.3,2opt,improve
1985,11,5894.8,3,1630.3,2opt,improve
1986,11,5868.5,3,1630.3,2opt,improve
1987,11,5868.5,3,1630.3,2opt,notBad
1988,11,5868.5,3,1630.3,move,improve
1989,11,5868.5,3,1630.3,swap,improve
1990,11,5868.5,3,1630.3,move,improve
1991,11,5877.5,3,1630.3,swap,acceptBad
1992,11,5823.200000000001,3,1630.3,2opt,improve
1993,11,5823.200000000001,3,1630.3,move,improve
1994,11,5823.200000000001,3,1630.3,move,improve
1995,11,5814.900000000001,3,1630.3,swap,improve
1996,11,5764.1,3,1630.3,move,improve
1997,11,5700.3,3,1630.3,swap,improve
1998,11,5700.3,3,1630.3,move,improve
1999,11,5700.3,3,1630.3,swap,improve
2000,11,5700.3,3,1630.3,move,improve
2001,11,5677.6,3,1630.3,swap,improve
2002,11,5677.6,3,1630.3,move,improve
2003,11,5677.6,3,1630.3,swap,improve
2004,11,5772.200000000001,3,1630.3,2opt,acceptBad
2005,11,5859.400000000001,3,1630.3,swap,acceptBad
2006,11,5859.400000000001,3,1630.3,move,improve
2007,11,5859.400000000001,3,1630.3,2opt,improve
2008,11,5913.5,3,1630.3,swap,acceptBad
2009,11,5913.5,3,1630.3,swap,improve
2010,11,5883.7,3,1630.3,move,improve
2011,11,5809.7,3,1630.3,2opt,improve
2012,11,5791.4,3,1630.3,move,improve
2013,11,5791.4,3,1630.3,2opt,notBad
2014,11,5631.6,3,1630.3,2opt,improve
2015,11,5599.4,3,1630.3,move,improve
2016,11,5643.200000000001,3,1630.3,2opt,acceptBad
2017,11,5579.1,3,1630.3,swap,improve
2018,11,5579.1,3,1630.3,move,improve
2019,11,5579.1,3,1630.3,2opt,improve
2020,11,5579.1,3,1630.3,move,improve
2021,11,5444.2,3,1630.3,2opt,improve
2022,11,5338.5,3,1630.3,swap,improve
2023,11,5322.7,3,1630.3,move,improve
2024,11,5420.299999999999,3,1630.3,2opt,acceptBad
2025,11,5443.7,3,1630.3,2opt,acceptBad
2026,11,5441.1,3,1630.3,swap,improve
2027,11,5441.1,3,1630.3,swap,improve
2028,11,5441.1,3,1630.3,move,improve
2029,11,5520.5,3,1630.3,swap,acceptBad
2030,11,5752.5,3,1630.3,2opt,acceptBad
2031,11,6043.5,3,1630.3,swap,acceptBad
2032,11,6081.7,3,1630.3,swap,acceptBad
2033,11,5971.999999999999,3,1630.3,move,improve
2034,11,5971.999999999999,3,1630.3,move,improve
2035,11,5971.999999999999,3,1630.3,move,improve
2036,11,5971.999999999999,3,1630.3,2opt,notBad
2037,11,5972.0,3,1630.3,2opt,acceptBad
2038,11,5937.9,3,1630.3,move,improve
2039,11,5957.5,3,1630.3,swap,acceptBad
2040,11,5957.5,3,1630.3,move,improve
2041,11,5957.5,3,1630.3,move,improve
2042,11,5926.6,3,1630.3,move,improve
2043,11,5926.6,3,1630.3,2opt,improve
2044,11,5926.6,3,1630.3,move,improve
2045,11,5926.6,3,1630.3,move,improve
2046,11,6045.299999999999,3,1630.3,2opt,acceptBad
2047,11,6025.7,3,1630.3,swap,improve
2048,11,6025.799999999999,3,1630.3,swap,acceptBad
2049,11,6103.7,3,1630.3,swap,acceptBad
2050,11,6118.3,3,1630.3,swap,acceptBad
2051,11,6165.200000000001,3,1630.3,2opt,acceptBad
2052,11,6165.200000000001,3,1630.3,move,improve
2053,11,6148.500000000001,3,1630.3,move,improve
2054,11,6272.8,3,1630.3,2opt,acceptBad
2055,11,6081.300000000001,3,1630.3,2opt,improve
2056,11,6081.300000000001,3,1630.3,2opt,notBad
2057,11,6106.1,3,1630.3,swap,acceptBad
2058,11,6106.1,3,1630.3,move,improve
2059,12,6340.000000000001,3,1630.3,2opt,acceptBad
2060,12,6340.000000000001,3,1630.3,2opt,notBad
2061,12,6340.000000000001,3,1630.3,2opt,improve
2062,12,6340.000000000001,3,1630.3,2opt,notBad
2063,12,6352.200000000001,3,1630.3,swap,acceptBad
2064,12,6352.200000000001,3,1630.3,move,improve
2065,12,6352.200000000001,3,1630.3,2opt,improve
2066,12,6246.200000000001,3,1630.3,move,improve
2067,12,6164.200000000001,3,1630.3,swap,improve
2068,12,6191.1,3,1630.3,swap,acceptBad
2069,12,6254.2,3,1630.3,2opt,acceptBad
2070,12,6254.2,3,1630.3,move,improve
2071,12,6254.2,3,1630.3,swap,improve
2072,12,6397.999999999999,3,1630.3,2opt,acceptBad
2073,11,5847.5,3,1630.3,move,improve
2074,11,5741.8,3,1630.3,move,improve
2075,12,5863.0,3,1630.3,2opt,acceptBad
2076,12,5863.0,3,1630.3,move,improve
2077,12,5859.2,3,1630.3,move,improve
2078,12,5859.2,3,1630.3,2opt,improve
2079,12,5806.900000000001,3,1630.3,swap,improve
2080,12,5682.900000000001,3,1630.3,swap,improve
2081,12,5682.900000000001,3,1630.3,2opt,notBad
2082,12,5682.900000000001,3,1630.3,2opt,notBad
2083,11,5158.900000000001,3,1630.3,move,improve
2084,11,5158.900000000001,3,1630.3,move,improve
2085,11,5054.900000000001,3,1630.3,move,improve
2086,11,5054.900000000001,3,1630.3,2opt,improve
2087,11,5054.900000000001,3,1630.3,move,improve
2088,11,5054.900000000001,3,1630.3,move,improve
2089,11,5054.900000000001,3,1630.3,2opt,improve
2090,11,5275.8,3,1630.3,swap,acceptBad
2091,10,5151.8,3,1630.3,move,improve
2092,10,5115.5,3,1630.3,move,improve
2093,10,5127.1,3,1630.3,2opt,acceptBad
2094,10,5127.099999999999,3,1630.3,2opt,improve
2095,10,5127.099999999999,3,1630.3,2opt,improve
2096,10,5068.5,3,1630.3,swap,improve
2097,10,5234.1,3,1630.3,2opt,acceptBad
2098,10,5310.5,3,1630.3,swap,acceptBad
2099,10,5310.5,3,1630.3,2opt,improve
2100,10,5481.200000000001,3,1630.3,swap,acceptBad
2101,11,5578.400000000001,3,1630.3,2opt,acceptBad
2102,11,5561.400000000001,3,1630.3,move,improve
2103,11,5561.400000000001,3,1630.3,swap,improve
2104,11,5588.5,3,1630.3,2opt,acceptBad
2105,11,5653.6,3,1630.3,2opt,acceptBad
2106,11,5642.200000000001,3,1630.3,2opt,improve
2107,11,5693.3,3,1630.3,2opt,acceptBad
2108,11,5805.099999999999,3,1630.3,swap,acceptBad
2109,11,5827.099999999999,3,1630.3,2opt,acceptBad
2110,11,5850.299999999999,3,1630.3,2opt,acceptBad
2111,11,5745.699999999999,3,1630.3,move,improve
2112,11,5745.7,3,1630.3,2opt,acceptBad
2113,11,5662.0,3,1630.3,2opt,improve
2114,11,5646.900000000001,3,1630.3,move,improve
2115,11,5656.1,3,1630.3,swap,acceptBad
2116,11,5594.6,3,1630.3,2opt,improve
2117,11,5594.6,3,1630.3,move,improve
2118,11,5769.3,3,1630.3,swap,acceptBad
2119,11,5769.3,3,1630.3,2opt,notBad
2120,11,5769.3,3,1630.3,move,improve
2121,11,5841.4,3,1630.3,swap,acceptBad
2122,11,5867.1,3,1630.3,2opt,acceptBad
2123,11,5867.1,3,1630.3,2opt,notBad
2124,11,5825.7,3,1630.3,2opt,improve
2125,11,5825.7,3,1630.3,swap,improve
2126,11,5825.7,3,1630.3,2opt,improve
2127,11,5803.8,3,1630.3,move,improve
2128,11,5805.0,3,1630.3,swap,acceptBad
2129,11,5805.0,3,1630.3,2opt,notBad
2130,11,5805.0,3,1630.3,2opt,notBad
2131,11,5736.8,3,1630.3,move,improve
2132,11,5736.8,3,1630.3,2opt,improve
2133,11,5736.8,3,1630.3,2opt,improve
2134,11,5679.000000000001,3,1630.3,swap,improve
2135,11,5679.0,3,1630.3,2opt,improve
2136,11,5665.0,3,1630.3,move,improve
2137,11,5523.1,3,1630.3,swap,improve
2138,11,5523.1,3,1630.3,move,improve
2139,11,5523.1,3,1630.3,swap,improve
2140,11,5434.400000000001,3,1630.3,move,improve
2141,11,5341.5,3,1630.3,move,improve
2142,11,5409.5,3,1630.3,swap,acceptBad
2143,11,5409.5,3,1630.3,move,improve
2144,11,5457.2,3,1630.3,2opt,acceptBad
2145,11,5447.5,3,1630.3,2opt,improve
2146,11,5444.200000000001,3,1630.3,2opt,improve
2147,11,5444.200000000001,3,1630.3,move,improve
2148,11,5444.200000000001,3,1630.3,swap,improve
2149,11,5492.900000000001,3,1630.3,swap,acceptBad
2150,11,5492.900000000001,3,1630.3,2opt,notBad
2151,11,5492.900000000001,3,1630.3,swap,improve
2152,11,5495.200000000001,3,1630.3,2opt,acceptBad
2153,11,5495.200000000001,3,1630.3,swap,improve
2154,11,5502.1,3,1630.3,swap,acceptBad
2155,11,5539.900000000001,3,1630.3,swap,acceptBad
2156,11,5539.900000000001,3,1630.3,2opt,notBad
2157,11,5539.900000000001,3,1630.3,move,improve
2158,11,5539.900000000001,3,1630.3,move,improve
2159,11,5539.9,3,1630.3,2opt,improve
2160,11,5539.9,3,1630.3,swap,improve
2161,11,5511.599999999999,3,1630.3,move,improve
2162,11,5511.599999999999,3,1630.3,swap,improve
2163,11,5544.1,3,1630.3,2opt,acceptBad
2164,12,6011.1,3,1630.3,2opt,acceptBad
2165,12,6011.1,3,1630.3,swap,improve
2166,12,6011.1,3,1630.3,move,improve
2167,12,6011.1,3,1630.3,2opt,notBad
2168,12,5935.6,3,1630.3,move,improve
2169,12,5935.6,3,1630.3,move,improve
2170,12,5935.6,3,1630.3,move,improve
2171,12,5935.6,3,1630.3,move,improve
2172,12,5935.6,3,1630.3,2opt,notBad
2173,12,5882.5,3,1630.3,move,improve
2174,12,5882.5,3,1630.3,move,improve
2175,12,5892.900000000001,3,1630.3,2opt,acceptBad
2176,12,5892.9,3,1630.3,2opt,improve
2177,12,5892.9,3,1630.3,swap,improve
2178,12,5892.9,3,1630.3,2opt,improve
2179,12,5892.9,3,1630.3,2opt,notBad
2180,12,5936.9,3,1630.3,2opt,acceptBad
2181,12,5805.9,3,1630.3,move,improve
2182,12,5816.0,3,1630.3,swap,acceptBad
2183,12,5792.1,3,1630.3,swap,improve
2184,12,5792.1,3,1630.3,move,improve
2185,12,5792.1,3,1630.3,2opt,improve
2186,12,5792.1,3,1630.3,move,improve
2187,12,5778.4,3,1630.3,swap,improve
2188,12,5748.799999999999,3,1630.3,swap,improve
2189,12,5775.599999999999,3,1630.3,swap,acceptBad
2190,12,5775.599999999999,3,1630.3,2opt,improve
2191,12,5775.599999999999,3,1630.3,move,improve
2192,12,5775.599999999999,3,1630.3,move,improve
2193,12,5962.6,3,1630.3,2opt,acceptBad
2194,12,6044.6,3,1630.3,swap,acceptBad
2195,12,6044.6,3,1630.3,2opt,improve
2196,12,5996.900000000001,3,1630.3,swap,improve
2197,12,5996.900000000001,3,1630.3,2opt,notBad
2198,12,5834.900000000001,3,1630.3,swap,improve
2199,12,5790.2,3,1630.3,move,improve
2200,12,5790.2,3,1630.3,swap,improve
2201,12,5637.0,3,1630.3,move,improve
2202,12,5723.900000000001,3,1630.3,2opt,acceptBad
2203,12,5723.900000000001,3,1630.3,move,improve
2204,12,5723.900000000001,3,1630.3,move,improve
2205,12,5636.6,3,1630.3,swap,improve
2206,12,5733.9,3,1630.3,2opt,acceptBad
2207,12,5733.9,3,1630.3,move,improve
2208,12,5653.099999999999,3,1630.3,move,improve
2209,12,5653.099999999999,3,1630.3,move,improve
2210,12,5653.099999999999,3,1630.3,swap,improve
2211,12,5727.8,3,1630.3,swap,acceptBad
2212,12,5727.8,3,1630.3,swap,improve
2213,12,5768.0,3,1630.3,swap,acceptBad
2214,12,5768.0,3,1630.3,move,improve
2215,12,5768.0,3,1630.3,move,improve
2216,12,5745.3,3,1630.3,swap,improve
2217,12,5745.3,3,1630.3,2opt,improve
2218,12,5745.3,3,1630.3,move,improve
2219,12,5745.3,3,1630.3,move,improve
2220,12,5751.3,3,1630.3,swap,acceptBad
2221,12,5751.3,3,1630.3,2opt,notBad
2222,12,5834.1,3,1630.3,swap,acceptBad
2223,12,5869.2,3,1630.3,2opt,acceptBad
2224,12,5869.2,3,1630.3,move,improve
2225,12,5731.0,3,1630.3,move,improve
2226,12,5585.7,3,1630.3,2opt,improve
2227,12,5585.7,3,1630.3,swap,improve
2228,12,5585.7,3,1630.3,move,improve
2229,12,5596.0,3,1630.3,swap,acceptBad
2230,12,5602.599999999999,3,1630.3,swap,acceptBad
2231,12,5516.7,3,1630.3,swap,improve
2232,12,5577.8,3,1630.3,swap,acceptBad
2233,12,5572.4,3,1630.3,move,improve
2234,12,5572.4,3,1630.3,move,improve
2235,12,5747.1,3,1630.3,swap,acceptBad
2236,12,5708.700000000001,3,1630.3,move,improve
2237,12,5708.700000000001,3,1630.3,2opt,improve
2238,12,5708.700000000001,3,1630.3,swap,improve
2239,12,5708.700000000001,3,1630.3,move,improve
2240,12,5800.600000000001,3,1630.3,swap,acceptBad
2241,12,5800.6,3,1630.3,2opt,improve
2242,12,5800.6,3,1630.3,move,improve
2243,13,5965.6,3,1630.3,2opt,acceptBad
2244,13,5823.700000000001,3,1630.3,move,improve
2245,13,5823.700000000001,3,1630.3,2opt,notBad
2246,13,5713.700000000001,3,1630.3,swap,improve
2247,13,5700.200000000001,3,1630.3,move,improve
2248,13,5721.700000000001,3,1630.3,2opt,acceptBad
2249,13,5692.000000000001,3,1630.3,2opt,improve
2250,13,5692.000000000001,3,1630.3,move,improve
2251,13,5692.000000000001,3,1630.3,2opt,notBad
2252,13,5692.000000000001,3,1630.3,swap,improve
2253,13,5325.000000000001,3,1630.3,move,improve
2254,13,5099.000000000001,3,1630.3,swap,improve
2255,13,5168.000000000001,3,1630.3,swap,acceptBad
2256,13,5168.000000000001,3,1630.3,2opt,improve
2257,13,5168.000000000001,3,1630.3,move,improve
2258,13,5183.900000000001,3,1630.3,2opt,acceptBad
2259,13,5183.900000000001,3,1630.3,2opt,improve
2260,13,5260.3,3,1630.3,swap,acceptBad
2261,13,5248.400000000001,3,1630.3,swap,improve
2262,13,5377.4,3,1630.3,swap,acceptBad
2263,13,5373.0,3,1630.3,swap,improve
2264,13,5367.8,3,1630.3,move,improve
2265,13,5363.6,3,1630.3,swap,improve
2266,13,5363.6,3,1630.3,move,improve
2267,13,5363.3,3,1630.3,move,improve
2268,13,5363.3,3,1630.3,2opt,improve
2269,13,5363.3,3,1630.3,move,improve
2270,13,5363.3,3,1630.3,move,improve
2271,13,5357.3,3,1630.3,swap,improve
2272,13,5357.3,3,1630.3,2opt,notBad
2273,13,5427.900000000001,3,1630.3,swap,acceptBad
2274,13,5523.900000000001,3,1630.3,swap,acceptBad
2275,13,5494.200000000001,3,1630.3,move,improve
2276,13,5519.4,3,1630.3,swap,acceptBad
2277,13,5677.900000000001,3,1630.3,swap,acceptBad
2278,13,5677.900000000001,3,1630.3,2opt,notBad
2279,13,5704.900000000001,3,1630.3,swap,acceptBad
2280,13,5680.300000000001,3,1630.3,swap,improve
2281,13,5895.300000000001,3,1630.3,swap,acceptBad
2282,13,5917.300000000001,3,1630.3,swap,acceptBad
2283,13,5869.000000000001,3,1630.3,move,improve
2284,13,5858.000000000001,3,1630.3,2opt,improve
2285,13,5930.200000000001,3,1630.3,swap,acceptBad
2286,13,5912.599999999999,3,1630.3,2opt,improve
2287,13,5912.599999999999,3,1630.3,move,improve
2288,13,5859.9,3,1630.3,move,improve
2289,13,5571.900000000001,3,1630.3,move,improve
2290,13,5475.599999999999,3,1630.3,swap,improve
2291,13,5475.6,3,1630.3,2opt,acceptBad
2292,13,5475.6,3,1630.3,move,improve
2293,13,5475.6,3,1630.3,swap,improve
2294,13,5475.6,3,1630.3,swap,improve
2295,13,5475.6,3,1630.3,move,improve
2296,13,5475.6,3,1630.3,swap,improve
2297,13,5475.6,3,1630.3,2opt,notBad
2298,13,5475.6,3,1630.3,move,improve
2299,13,5475.6,3,1630.3,swap,improve
2300,13,5475.6,3,1630.3,2opt,improve
2301,13,5475.6,3,1630.3,move,improve
2302,13,5338.2,3,1630.3,swap,improve
2303,13,5245.7,3,1630.3,move,improve
2304,13,5214.4,3,1630.3,move,improve
2305,12,5063.4,3,1630.3,move,improve
2306,12,5063.4,3,1630.3,move,improve
2307,12,5203.400000000001,3,1630.3,2opt,acceptBad
2308,12,5203.400000000001,3,1630.3,move,improve
2309,12,5203.400000000001,3,1630.3,move,improve
2310,12,5237.400000000001,3,1630.3,swap,acceptBad
2311,12,5237.400000000001,3,1630.3,swap,improve
2312,12,5286.8,3,1630.3,2opt,acceptBad
2313,12,5217.8,3,1630.3,move,improve
2314,12,5217.8,3,1630.3,move,improve
2315,12,5217.8,3,1630.3,2opt,improve
2316,12,5132.8,3,1630.3,move,improve
2317,12,5035.3,3,1630.3,move,improve
2318,12,5035.3,3,1630.3,swap,improve
2319,12,5035.3,3,1630.3,2opt,improve
2320,12,5079.6,3,1630.3,2opt,acceptBad
2321,12,5079.6,3,1630.3,swap,improve
2322,12,5072.7,3,1630.3,swap,improve
2323,12,5072.7,3,1630.3,2opt,improve
2324,12,5072.7,3,1630.3,move,improve
2325,11,4970.7,3,1630.3,move,improve
2326,11,4970.7,3,1630.3,2opt,notBad
2327,11,5174.099999999999,3,1630.3,swap,acceptBad
2328,11,5153.3,3,1630.3,move,improve
2329,11,5098.299999999999,3,1630.3,swap,improve
2330,11,5099.9,3,1630.3,swap,acceptBad
2331,11,5143.999999999999,3,1630.3,swap,acceptBad
2332,11,5035.9,3,1630.3,2opt,improve
2333,11,5035.9,3,1630.3,move,improve
2334,11,5035.9,3,1630.3,move,improve
2335,11,5035.9,3,1630.3,2opt,notBad
2336,11,5081.8,3,1630.3,swap,acceptBad
2337,11,5081.8,3,1630.3,2opt,notBad
2338,11,5081.8,3,1630.3,2opt,notBad
2339,11,5083.6,3,1630.3,2opt,acceptBad
2340,11,5179.8,3,1630.3,2opt,acceptBad
2341,11,5197.5,3,1630.3,2opt,acceptBad
2342,11,4738.699999999999,3,1630.3,move,improve
2343,11,4738.699999999999,3,1630.3,2opt,notBad
2344,11,4757.799999999999,3,1630.3,swap,acceptBad
2345,11,4875.0,3,1630.3,swap,acceptBad
2346,11,4875.0,3,1630.3,2opt,notBad
2347,11,4875.0,3,1630.3,2opt,improve
2348,11,4875.0,3,1630.3,move,improve
2349,11,4872.1,3,1630.3,swap,improve
2350,11,4818.1,3,1630.3,swap,improve
2351,11,4794.3,3,1630.3,2opt,improve
2352,11,4794.3,3,1630.3,swap,improve
2353,11,4794.3,3,1630.3,move,improve
2354,11,4794.3,3,1630.3,2opt,notBad
2355,11,4841.200000000001,3,1630.3,swap,acceptBad
2356,11,4989.3,3,1630.3,swap,acceptBad
2357,11,4989.3,3,1630.3,move,improve
2358,11,4989.3,3,1630.3,move,improve
2359,11,5183.5,3,1630.3,2opt,acceptBad
2360,11,5183.5,3,1630.3,2opt,notBad
2361,11,5152.3,3,1630.3,swap,improve
2362,11,4952.900000000001,3,1630.3,move,improve
2363,11,4952.900000000001,3,1630.3,move,improve
2364,11,4977.8,3,1630.3,swap,acceptBad
2365,11,4977.8,3,1630.3,move,improve
2366,11,4977.8,3,1630.3,2opt,notBad
2367,11,4967.8,3,1630.3,move,improve
2368,11,4967.8,3,1630.3,swap,improve
2369,11,4946.2,3,1630.3,swap,improve
2370,11,4946.2,3,1630.3,2opt,notBad
2371,11,4940.4,3,1630.3,2opt,improve
2372,11,4940.4,3,1630.3,move,improve
2373,11,4940.4,3,1630.3,move,improve
2374,11,4940.400000000001,3,1630.3,2opt,acceptBad
2375,11,4947.0,3,1630.3,swap,acceptBad
2376,11,5263.200000000001,3,1630.3,2opt,acceptBad
2377,11,5263.200000000001,3,1630.3,2opt,notBad
2378,11,5178.1,3,1630.3,move,improve
2379,11,5178.1,3,1630.3,2opt,notBad
2380,11,5314.5,3,1630.3,swap,acceptBad
2381,11,5314.5,3,1630.3,2opt,notBad
2382,11,5314.5,3,1630.3,2opt,improve
2383,11,5263.1,3,1630.3,move,improve
2384,11,5263.1,3,1630.3,move,improve
2385,11,5126.700000000001,3,1630.3,swap,improve
2386,11,5126.700000000001,3,1630.3,2opt,improve
2387,10,4930.700000000001,3,1630.3,move,improve
2388,10,4930.700000000001,3,1630.3,move,improve
2389,10,4930.700000000001,3,1630.3,2opt,notBad
2390,10,4930.700000000001,3,1630.3,swap,improve
2391,10,4943.6,3,1630.3,swap,acceptBad
2392,10,4943.6,3,1630.3,swap,improve
2393,10,4943.6,3,1630.3,2opt,notBad
2394,10,4943.6,3,1630.3,move,improve
2395,10,4943.6,3,1630.3,2opt,improve
2396,10,5007.3,3,1630.3,swap,acceptBad
2397,10,5007.3,3,1630.3,2opt,improve
2398,10,4893.2,3,1630.3,swap,improve
2399,10,4893.2,3,1630.3,move,improve
2400,10,4907.0,3,1630.3,2opt,acceptBad
2401,10,4907.0,3,1630.3,move,improve
2402,10,4907.0,3,1630.3,move,improve
2403,10,4907.0,3,1630.3,move,improve
2404,10,4907.0,3,1630.3,move,improve
2405,10,4907.0,3,1630.3,swap,improve
2406,10,4907.0,3,1630.3,move,improve
2407,10,5012.4,3,1630.3,swap,acceptBad
2408,10,4867.799999999999,3,1630.3,swap,improve
2409,10,4800.699999999999,3,1630.3,move,improve
2410,10,4897.4,3,1630.3,swap,acceptBad
2411,10,4903.099999999999,3,1630.3,move,acceptBad
2412,10,4903.099999999999,3,1630.3,swap,improve
2413,10,4903.099999999999,3,1630.3,move,improve
2414,11,4946.599999999999,3,1630.3,2opt,acceptBad
2415,11,4946.599999999999,3,1630.3,2opt,notBad
2416,11,4947.5,3,1630.3,swap,acceptBad
2417,11,4947.5,3,1630.3,move,improve
2418,11,4966.9,3,1630.3,swap,acceptBad
2419,11,4966.9,3,1630.3,2opt,notBad
2420,11,5000.2,3,1630.3,swap,acceptBad
2421,11,5000.2,3,1630.3,move,improve
2422,11,4986.3,3,1630.3,swap,improve
2423,11,4984.2,3,1630.3,swap,improve
2424,11,4984.2,3,1630.3,2opt,notBad
2425,11,4984.2,3,1630.3,move,improve
2426,11,4939.8,3,1630.3,swap,improve
2427,11,4939.8,3,1630.3,2opt,improve
2428,11,4958.3,3,1630.3,swap,acceptBad
2429,11,4958.3,3,1630.3,swap,improve
2430,11,4952.6,3,1630.3,move,improve
2431,11,4952.6,3,1630.3,move,improve
2432,11,5082.099999999999,3,1630.3,swap,acceptBad
2433,11,5082.099999999999,3,1630.3,swap,improve
2434,11,5082.099999999999,3,1630.3,2opt,notBad
2435,11,5068.400000000001,3,1630.3,move,improve
2436,11,5068.400000000001,3,1630.3,swap,improve
2437,11,5068.400000000001,3,1630.3,swap,improve
2438,11,5068.400000000001,3,1630.3,move,improve
2439,11,4635.900000000001,3,1630.3,2opt,improve
2440,11,4635.900000000001,3,1630.3,2opt,notBad
2441,11,4635.900000000001,3,1630.3,swap,improve
2442,11,4635.900000000001,3,1630.3,move,improve
2443,11,4625.2,3,1630.3,swap,improve
2444,11,4652.3,3,1630.3,swap,acceptBad
2445,11,4655.7,3,1630.3,move,acceptBad
2446,11,4422.7,3,1630.3,swap,improve
2447,11,4422.7,3,1630.3,move,improve
2448,11,4422.7,3,1630.3,swap,improve
2449,11,4391.900000000001,3,1630.3,move,improve
2450,11,4391.900000000001,3,1630.3,move,improve
2451,11,4391.900000000001,3,1630.3,swap,improve
2452,11,4391.900000000001,3,1630.3,2opt,notBad
2453,11,4418.5,3,1630.3,2opt,acceptBad
2454,11,4418.5,3,1630.3,swap,improve
2455,11,4457.2,3,1630.3,swap,acceptBad
2456,11,4678.5,3,1630.3,2opt,acceptBad
2457,11,4678.5,3,1630.3,2opt,improve
2458,11,4678.5,3,1630.3,move,improve
2459,11,4668.099999999999,3,1630.3,swap,improve
2460,11,4567.599999999999,3,1630.3,move,improve
2461,11,4567.599999999999,3,1630.3,swap,improve
2462,11,4567.599999999999,3,1630.3,2opt,notBad
2463,11,4492.9,3,1630.3,swap,improve
2464,11,4492.9,3,1630.3,2opt,improve
2465,11,4492.9,3,1630.3,2opt,notBad
2466,11,4492.9,3,1630.3,2opt,improve
2467,11,4433.3,3,1630.3,2opt,improve
2468,12,4600.3,3,1630.3,2opt,acceptBad
2469,12,4784.400000000001,3,1630.3,2opt,acceptBad
2470,12,4916.3,3,1630.3,2opt,acceptBad
2471,12,4916.3,3,1630.3,2opt,notBad
2472,12,4964.9,3,1630.3,swap,acceptBad
2473,12,4968.0,3,1630.3,2opt,acceptBad
2474,12,4926.6,3,1630.3,swap,improve
2475,12,4926.6,3,1630.3,2opt,notBad
2476,12,4979.8,3,1630.3,swap,acceptBad
2477,12,4979.8,3,1630.3,move,improve
2478,12,4961.2,3,1630.3,move,improve
2479,12,4865.9,3,1630.3,move,improve
2480,12,4865.9,3,1630.3,move,improve
2481,12,4865.900000000001,3,1630.3,2opt,acceptBad
2482,12,4865.900000000001,3,1630.3,2opt,notBad
2483,12,4858.1,3,1630.3,swap,improve
2484,12,4858.1,3,1630.3,2opt,improve
2485,12,4858.1,3,1630.3,move,improve
2486,12,4837.0,3,1630.3,move,improve
2487,12,4813.1,3,1630.3,2opt,improve
2488,12,4847.1,3,1630.3,2opt,acceptBad
2489,12,4847.1,3,1630.3,move,improve
2490,12,4847.1,3,1630.3,2opt,notBad
2491,12,4847.1,3,1630.3,move,improve
2492,12,4847.1,3,1630.3,swap,improve
2493,12,4916.799999999999,3,1630.3,2opt,acceptBad
2494,12,5053.6,3,1630.3,swap,acceptBad
2495,12,5053.6,3,1630.3,move,improve
2496,12,5083.6,3,1630.3,swap,acceptBad
2497,12,5125.7,3,1630.3,swap,acceptBad
2498,12,5280.7,3,1630.3,swap,acceptBad
2499,12,5366.7,3,1630.3,swap,acceptBad
2500,12,5366.7,3,1630.3,swap,improve
2501,12,5366.7,3,1630.3,2opt,improve
2502,12,5366.7,3,1630.3,2opt,improve
2503,12,5587.599999999999,3,1630.3,swap,acceptBad
2504,12,5587.599999999999,3,1630.3,move,improve
2505,12,5814.7,3,1630.3,2opt,acceptBad
2506,12,5780.7,3,1630.3,swap,improve
2507,12,5780.7,3,1630.3,2opt,improve
2508,12,5782.4,3,1630.3,swap,acceptBad
2509,12,5782.4,3,1630.3,2opt,improve
2510,12,5657.4,3,1630.3,move,improve
2511,12,5657.4,3,1630.3,move,improve
2512,12,5598.099999999999,3,1630.3,move,improve
2513,12,5598.099999999999,3,1630.3,2opt,improve
2514,12,5598.099999999999,3,1630.3,2opt,notBad
2515,12,5509.3,3,1630.3,move,improve
2516,12,5550.1,3,1630.3,2opt,acceptBad
2517,12,5565.000000000001,3,1630.3,swap,acceptBad
2518,12,5794.000000000001,3,1630.3,swap,acceptBad
2519,12,5769.7,3,1630.3,swap,improve
2520,12,5793.500000000001,3,1630.3,swap,acceptBad
2521,12,5793.500000000001,3,1630.3,move,improve
2522,12,5835.4,3,1630.3,2opt,acceptBad
2523,12,5872.0,3,1630.3,2opt,acceptBad
2524,12,5821.3,3,1630.3,move,improve
2525,12,5821.3,3,1630.3,2opt,notBad
2526,12,5806.400000000001,3,1630.3,move,improve
2527,12,5806.400000000001,3,1630.3,swap,improve
2528,12,5806.400000000001,3,1630.3,move,improve
2529,12,5806.400000000001,3,1630.3,2opt,notBad
2530,12,5637.6,3,1630.3,move,improve
2531,11,5538.6,3,1630.3,move,improve
2532,11,5497.8,3,1630.3,move,improve
2533,11,5465.3,3,1630.3,move,improve
2534,11,5322.9,3,1630.3,2opt,improve
2535,11,5322.9,3,1630.3,swap,improve
2536,11,5149.9,3,1630.3,swap,improve
2537,11,5149.9,3,1630.3,2opt,improve
2538,11,5155.2,3,1630.3,swap,acceptBad
2539,11,5063.599999999999,3,1630.3,move,improve
2540,11,4975.1,3,1630.3,2opt,improve
2541,11,4975.1,3,1630.3,move,improve
2542,11,5094.700000000001,3,1630.3,swap,acceptBad
2543,11,5166.300000000001,3,1630.3,swap,acceptBad
2544,11,5254.800000000001,3,1630.3,swap,acceptBad
2545,11,5254.800000000001,3,1630.3,swap,improve
2546,11,5184.100000000001,3,1630.3,swap,improve
2547,11,5112.900000000001,3,1630.3,swap,improve
2548,11,4705.3,3,1630.3,move,improve
2549,11,4705.3,3,1630.3,move,improve
2550,11,4722.1,3,1630.3,2opt,acceptBad
2551,11,4730.5,3,1630.3,swap,acceptBad
2552,11,4730.5,3,1630.3,move,improve
2553,11,4730.5,3,1630.3,2opt,improve
2554,11,4728.799999999999,3,1630.3,move,improve
2555,11,4728.799999999999,3,1630.3,2opt,improve
2556,11,4728.799999999999,3,1630.3,move,improve
2557,11,4661.2,3,1630.3,move,improve
2558,11,4658.299999999999,3,1630.3,swap,improve
2559,11,4658.299999999999,3,1630.3,2opt,notBad
2560,11,4658.299999999999,3,1630.3,move,improve
2561,11,4658.3,3,1630.3,2opt,acceptBad
2562,11,4658.3,3,1630.3,move,improve
2563,11,4622.3,3,1630.3,swap,improve
2564,11,4581.900000000001,3,1630.3,move,improve
2565,11,4581.900000000001,3,1630.3,2opt,notBad
2566,11,4581.900000000001,3,1630.3,2opt,improve
2567,12,4640.900000000001,3,1630.3,2opt,acceptBad
2568,12,4749.3,3,1630.3,swap,acceptBad
2569,12,4783.4,3,1630.3,swap,acceptBad
2570,12,4783.4,3,1630.3,2opt,notBad
2571,12,4692.4,3,1630.3,move,improve
2572,12,4692.4,3,1630.3,2opt,notBad
2573,12,4692.4,3,1630.3,2opt,notBad
2574,12,4692.400000000001,3,1630.3,2opt,acceptBad
2575,12,4929.299999999999,3,1630.3,2opt,acceptBad
2576,12,5074.599999999999,3,1630.3,swap,acceptBad
2577,11,4789.599999999999,3,1630.3,move,improve
2578,11,4789.599999999999,3,1630.3,2opt,notBad
2579,11,4789.599999999999,3,1630.3,2opt,improve
2580,11,4789.599999999999,3,1630.3,2opt,notBad
2581,11,4789.599999999999,3,1630.3,swap,improve
2582,11,4778.599999999999,3,1630.3,2opt,improve
2583,11,4778.599999999999,3,1630.3,move,improve
2584,11,4738.5,3,1630.3,move,improve
2585,11,4554.4,3,1630.3,swap,improve
2586,11,4554.4,3,1630.3,move,improve
2587,11,4582.4,3,1630.3,swap,acceptBad
2588,11,4582.4,3,1630.3,2opt,notBad
2589,11,4447.7,3,1630.3,swap,improve
2590,11,4447.7,3,1630.3,move,improve
2591,11,4447.7,3,1630.3,move,improve
2592,11,4462.7,3,1630.3,swap,acceptBad
2593,11,4452.4,3,1630.3,move,improve
2594,11,4452.4,3,1630.3,2opt,notBad
2595,11,4452.4,3,1630.3,move,improve
2596,11,4448.0,3,1630.3,swap,improve
2597,11,4448.0,3,1630.3,2opt,notBad
2598,11,4414.0,3,1630.3,swap,improve
2599,11,4552.7,3,1630.3,2opt,acceptBad
2600,11,4552.7,3,1630.3,swap,improve
2601,11,4554.2,3,1630.3,swap,acceptBad
2602,11,4547.2,3,1630.3,swap,improve
2603,11,4547.2,3,1630.3,move,improve
2604,11,4547.2,3,1630.3,2opt,improve
2605,11,4494.4,3,1630.3,swap,improve
2606,11,4450.9,3,1630.3,move,improve
2607,11,4450.9,3,1630.3,2opt,notBad
2608,11,4507.0,3,1630.3,swap,acceptBad
2609,11,4566.9,3,1630.3,swap,acceptBad
2610,11,4593.700000000001,3,1630.3,swap,acceptBad
2611,11,4593.700000000001,3,1630.3,2opt,notBad
2612,11,4514.8,3,1630.3,move,improve
2613,11,4499.0,3,1630.3,move,improve
2614,11,4452.2,3,1630.3,move,improve
2615,11,4371.4,3,1630.3,move,improve
2616,11,4424.0,3,1630.3,swap,acceptBad
2617,11,4518.900000000001,3,1630.3,swap,acceptBad
2618,11,4500.6,3,1630.3,swap,improve
2619,11,4574.6,3,1630.3,2opt,acceptBad
2620,11,4822.5,3,1630.3,swap,acceptBad
2621,11,4822.5,3,1630.3,2opt,improve
2622,11,4922.099999999999,3,1630.3,swap,acceptBad
2623,11,4922.099999999999,3,1630.3,2opt,notBad
2624,11,4917.900000000001,3,1630.3,2opt,improve
2625,11,5061.3,3,1630.3,swap,acceptBad
2626,11,5059.4,3,1630.3,move,improve
2627,11,5030.4,3,1630.3,swap,improve
2628,11,4914.0,3,1630.3,move,improve
2629,11,4914.0,3,1630.3,2opt,notBad
2630,11,4914.0,3,1630.3,2opt,notBad
2631,11,4914.0,3,1630.3,2opt,notBad
2632,11,4864.0,3,1630.3,move,improve
2633,11,4782.6,3,1630.3,move,improve
2634,11,4764.3,3,1630.3,move,improve
2635,11,4809.4,3,1630.3,swap,acceptBad
2636,11,4876.0,3,1630.3,2opt,acceptBad
2637,11,4876.0,3,1630.3,move,improve
2638,11,4867.0,3,1630.3,move,improve
2639,11,4915.0,3,1630.3,swap,acceptBad
2640,11,4915.0,3,1630.3,2opt,improve
2641,11,4991.700000000001,3,1630.3,2opt,acceptBad
2642,11,5096.9,3,1630.3,swap,acceptBad
2643,11,5096.9,3,1630.3,move,improve
2644,11,5073.1,3,1630.3,swap,improve
2645,11,5046.6,3,1630.3,2opt,improve
2646,11,5037.400000000001,3,1630.3,2opt,improve
2647,11,5120.0,3,1630.3,2opt,acceptBad
2648,11,5041.3,3,1630.3,move,improve
2649,11,5041.3,3,1630.3,swap,improve
2650,11,5086.8,3,1630.3,swap,acceptBad
2651,11,4982.5,3,1630.3,move,improve
2652,11,4921.200000000001,3,1630.3,swap,improve
2653,11,4982.5,3,1630.3,swap,acceptBad
2654,11,4982.500000000001,3,1630.3,2opt,acceptBad
2655,11,4982.500000000001,3,1630.3,2opt,improve
2656,11,4912.400000000001,3,1630.3,swap,improve
2657,11,4912.400000000001,3,1630.3,swap,improve
2658,11,4912.400000000001,3,1630.3,move,improve
2659,11,5001.400000000001,3,1630.3,swap,acceptBad
2660,11,4926.200000000001,3,1630.3,move,improve
2661,11,4926.200000000001,3,1630.3,2opt,notBad
2662,11,4909.5,3,1630.3,2opt,improve
2663,11,4859.5,3,1630.3,move,improve
2664,11,4859.5,3,1630.3,2opt,improve
2665,11,4859.5,3,1630.3,2opt,notBad
2666,11,4862.299999999999,3,1630.3,swap,acceptBad
2667,11,4862.299999999999,3,1630.3,2opt,notBad
2668,11,4849.3,3,1630.3,2opt,improve
2669,11,4798.3,3,1630.3,move,improve
2670,11,4798.3,3,1630.3,swap,improve
2671,11,5131.3,3,1630.3,swap,acceptBad
2672,11,5158.3,3,1630.3,swap,acceptBad
2673,11,5158.3,3,1630.3,2opt,notBad
2674,11,5158.3,3,1630.3,2opt,improve
2675,11,5093.3,3,1630.3,move,improve
2676,11,5093.3,3,1630.3,2opt,notBad
2677,11,5093.3,3,1630.3,move,improve
2678,11,5308.2,3,1630.3,swap,acceptBad
2679,11,5308.2,3,1630.3,swap,improve
2680,11,5282.799999999999,3,1630.3,swap,improve
2681,11,5282.799999999999,3,1630.3,2opt,notBad
2682,11,5443.799999999999,3,1630.3,swap,acceptBad
2683,11,5443.799999999999,3,1630.3,2opt,notBad
2684,11,5443.799999999999,3,1630.3,2opt,notBad
2685,11,5443.799999999999,3,1630.3,2opt,notBad
2686,11,5443.799999999999,3,1630.3,swap,improve
2687,11,5443.799999999999,3,1630.3,2opt,improve
2688,11,5443.799999999999,3,1630.3,2opt,notBad
2689,11,5400.9,3,1630.3,swap,improve
2690,11,5444.599999999999,3,1630.3,swap,acceptBad
2691,11,5381.599999999999,3,1630.3,2opt,improve
2692,11,5381.599999999999,3,1630.3,move,improve
2693,11,5337.9,3,1630.3,swap,improve
2694,11,5337.9,3,1630.3,2opt,improve
2695,11,5337.9,3,1630.3,move,improve
2696,11,5337.9,3,1630.3,2opt,notBad
2697,11,5337.9,3,1630.3,move,improve
2698,11,5337.9,3,1630.3,swap,improve
2699,11,5337.9,3,1630.3,2opt,notBad
2700,11,5352.5,3,1630.3,2opt,acceptBad
2701,11,5352.5,3,1630.3,2opt,notBad
2702,11,5378.4,3,1630.3,2opt,acceptBad
2703,11,5378.4,3,1630.3,2opt,notBad
2704,11,5378.4,3,1630.3,move,improve
2705,11,5326.9,3,1630.3,move,improve
2706,11,5326.9,3,1630.3,2opt,notBad
2707,11,5314.2,3,1630.3,2opt,improve
2708,11,5314.2,3,1630.3,move,improve
2709,11,5314.2,3,1630.3,2opt,improve
2710,11,5314.2,3,1630.3,move,improve
2711,11,5314.2,3,1630.3,move,improve
2712,11,5314.2,3,1630.3,2opt,improve
2713,11,5263.6,3,1630.3,move,improve
2714,11,5263.6,3,1630.3,move,improve
2715,11,5263.6,3,1630.3,move,improve
2716,11,5263.6,3,1630.3,2opt,improve
2717,11,5263.6,3,1630.3,move,improve
2718,11,5263.6,3,1630.3,move,improve
2719,11,5300.4,3,1630.3,swap,acceptBad
2720,11,5330.0,3,1630.3,2opt,acceptBad
2721,11,5294.7,3,1630.3,swap,improve
2722,11,5498.799999999999,3,1630.3,swap,acceptBad
2723,11,5311.099999999999,3,1630.3,swap,improve
2724,11,5361.7,3,1630.3,swap,acceptBad
2725,11,5351.3,3,1630.3,move,improve
2726,11,5204.3,3,1630.3,move,improve
2727,11,5204.3,3,1630.3,swap,improve
2728,11,5204.3,3,1630.3,swap,improve
2729,11,5148.0,3,1630.3,swap,improve
2730,11,5148.0,3,1630.3,2opt,notBad
2731,11,5102.5,3,1630.3,move,improve
2732,11,5059.5,3,1630.3,move,improve
2733,11,4989.5,3,1630.3,move,improve
2734,11,4989.5,3,1630.3,2opt,notBad
2735,11,4989.5,3,1630.3,move,improve
2736,11,4989.5,3,1630.3,move,improve
2737,11,4990.199999999999,3,1630.3,swap,acceptBad
2738,11,4990.200000000001,3,1630.3,2opt,acceptBad
2739,11,4990.200000000001,3,1630.3,move,improve
2740,11,4990.200000000001,3,1630.3,2opt,improve
2741,11,4990.200000000001,3,1630.3,move,improve
2742,11,4974.5,3,1630.3,move,improve
2743,11,4872.700000000001,3,1630.3,move,improve
2744,11,4872.700000000001,3,1630.3,2opt,improve
2745,11,4872.7,3,1630.3,2opt,improve
2746,11,4819.5,3,1630.3,move,improve
2747,11,4819.5,3,1630.3,2opt,improve
2748,11,4819.5,3,1630.3,2opt,notBad
2749,11,4819.5,3,1630.3,2opt,notBad
2750,11,4819.5,3,1630.3,2opt,notBad
2751,11,4771.400000000001,3,1630.3,move,improve
2752,11,4771.400000000001,3,1630.3,2opt,notBad
2753,11,4771.400000000001,3,1630.3,2opt,notBad
2754,11,4771.400000000001,3,1630.3,move,improve
2755,11,4771.400000000001,3,1630.3,swap,improve
2756,11,4816.4,3,1630.3,2opt,acceptBad
2757,11,4816.4,3,1630.3,2opt,notBad
2758,11,4825.400000000001,3,1630.3,2opt,acceptBad
2759,11,4825.400000000001,3,1630.3,move,improve
2760,11,4825.400000000001,3,1630.3,swap,improve
2761,11,4825.400000000001,3,1630.3,2opt,improve
2762,11,4807.700000000001,3,1630.3,swap,improve
2763,11,4845.800000000001,3,1630.3,2opt,acceptBad
2764,11,4926.700000000001,3,1630.3,swap,acceptBad
2765,11,4926.700000000001,3,1630.3,move,improve
2766,11,4926.700000000001,3,1630.3,2opt,improve
2767,11,4880.700000000001,3,1630.3,move,improve
2768,11,4880.700000000001,3,1630.3,swap,improve
2769,11,4825.400000000001,3,1630.3,swap,improve
2770,11,4825.400000000001,3,1630.3,move,improve
2771,11,4825.400000000001,3,1630.3,move,improve
2772,11,4824.3,3,1630.3,move,improve
2773,11,4824.3,3,1630.3,2opt,notBad
2774,11,4982.3,3,1630.3,swap,acceptBad
2775,11,4982.3,3,1630.3,2opt,improve
2776,11,5010.200000000001,3,1630.3,swap,acceptBad
2777,11,5028.8,3,1630.3,2opt,acceptBad
2778,11,5025.9,3,1630.3,move,improve
2779,11,5003.6,3,1630.3,move,improve
2780,11,5003.6,3,1630.3,2opt,notBad
2781,11,5179.6,3,1630.3,swap,acceptBad
2782,11,5179.6,3,1630.3,swap,improve
2783,11,5200.299999999999,3,1630.3,swap,acceptBad
2784,11,5382.299999999999,3,1630.3,swap,acceptBad
2785,11,5382.299999999999,3,1630.3,swap,improve
2786,11,5382.299999999999,3,1630.3,move,improve
2787,11,5314.599999999999,3,1630.3,swap,improve
2788,11,5188.2,3,1630.3,2opt,improve
2789,11,5207.7,3,1630.3,2opt,acceptBad
2790,11,5207.7,3,1630.3,move,improve
2791,11,5282.599999999999,3,1630.3,swap,acceptBad
2792,11,5302.2,3,1630.3,2opt,acceptBad
2793,11,5199.4,3,1630.3,move,improve
2794,11,5110.7,3,1630.3,move,improve
2795,11,5117.3,3,1630.3,swap,acceptBad
2796,11,5117.3,3,1630.3,2opt,notBad
2797,11,5159.799999999999,3,1630.3,swap,acceptBad
2798,11,5159.799999999999,3,1630.3,move,improve
2799,11,5137.599999999999,3,1630.3,move,improve
2800,11,5121.599999999999,3,1630.3,2opt,improve
2801,11,5070.7,3,1630.3,2opt,improve
2802,11,5070.7,3,1630.3,2opt,notBad
2803,11,5070.7,3,1630.3,2opt,notBad
2804,11,5070.7,3,1630.3,move,improve
2805,11,4973.2,3,1630.3,move,improve
2806,11,4980.900000000001,3,1630.3,2opt,acceptBad
2807,11,4980.900000000001,3,1630.3,move,improve
2808,11,5027.6,3,1630.3,swap,acceptBad
2809,11,5027.6,3,1630.3,2opt,notBad
2810,11,5027.6,3,1630.3,swap,improve
2811,11,5027.6,3,1630.3,2opt,notBad
2812,11,5001.200000000001,3,1630.3,swap,improve
2813,11,5001.199999999999,3,1630.3,2opt,improve
2814,11,5001.199999999999,3,1630.3,2opt,notBad
2815,11,4922.0,3,1630.3,move,improve
2816,11,4604.099999999999,3,1630.3,2opt,improve
2817,11,4604.099999999999,3,1630.3,move,improve
2818,11,4641.1,3,1630.3,2opt,acceptBad
2819,11,4641.1,3,1630.3,2opt,notBad
2820,11,4641.1,3,1630.3,move,improve
2821,11,4587.700000000001,3,1630.3,move,improve
2822,11,4587.700000000001,3,1630.3,swap,improve
2823,11,4721.700000000001,3,1630.3,swap,acceptBad
2824,11,4721.700000000001,3,1630.3,2opt,improve
2825,11,4733.700000000001,3,1630.3,swap,acceptBad
2826,11,4726.299999999999,3,1630.3,swap,improve
2827,11,4726.299999999999,3,1630.3,2opt,notBad
2828,11,4729.3,3,1630.3,2opt,acceptBad
2829,11,4754.6,3,1630.3,swap,acceptBad
2830,11,4754.6,3,1630.3,2opt,notBad
2831,11,4754.6,3,1630.3,2opt,notBad
2832,11,4754.6,3,1630.3,2opt,notBad
2833,11,4854.200000000001,3,1630.3,swap,acceptBad
2834,11,4854.200000000001,3,1630.3,move,improve
2835,10,4533.200000000001,3,1630.3,move,improve
2836,10,4533.200000000001,3,1630.3,swap,improve
2837,10,4432.1,3,1630.3,move,improve
2838,10,4432.1,3,1630.3,move,improve
2839,9,4386.8,3,1630.3,2opt,improve
2840,9,4386.8,3,1630.3,move,improve
2841,9,4386.8,3,1630.3,move,improve
2842,9,4386.8,3,1630.3,2opt,notBad
2843,9,4303.8,3,1630.3,move,improve
2844,9,4445.3,3,1630.3,swap,acceptBad
2845,9,4276.900000000001,3,1630.3,swap,improve
2846,9,4276.900000000001,3,1630.3,swap,notBad
2847,9,4276.900000000001,3,1630.3,2opt,notBad
2848,9,4263.9,3,1630.3,move,improve
2849,9,4263.9,3,1630.3,move,improve
2850,9,4265.3,3,1630.3,swap,acceptBad
2851,9,4330.1,3,1630.3,swap,acceptBad
2852,9,4310.0,3,1630.3,swap,improve
2853,9,4310.0,3,1630.3,2opt,improve
2854,9,4375.099999999999,3,1630.3,2opt,acceptBad
2855,9,4375.099999999999,3,1630.3,move,improve
2856,9,4375.099999999999,3,1630.3,swap,improve
2857,9,4348.099999999999,3,1630.3,swap,improve
2858,9,4348.099999999999,3,1630.3,move,improve
2859,9,4348.099999999999,3,1630.3,move,improve
2860,9,4293.1,3,1630.3,move,improve
2861,9,4311.5,3,1630.3,swap,acceptBad
2862,9,4237.8,3,1630.3,swap,improve
2863,9,4237.8,3,1630.3,2opt,notBad
2864,9,4237.8,3,1630.3,2opt,notBad
2865,9,4237.8,3,1630.3,2opt,notBad
2866,9,4237.8,3,1630.3,2opt,notBad
2867,9,4237.8,3,1630.3,2opt,improve
2868,9,4172.7,3,1630.3,move,improve
2869,9,4172.7,3,1630.3,move,improve
2870,9,4268.6,3,1630.3,swap,acceptBad
2871,9,4339.2,3,1630.3,swap,acceptBad
2872,9,4394.2,3,1630.3,swap,acceptBad
2873,9,4333.5,3,1630.3,move,improve
2874,9,4333.5,3,1630.3,move,improve
2875,8,4209.5,3,1630.3,2opt,improve
2876,8,4215.5,3,1630.3,swap,acceptBad
2877,8,4215.5,3,1630.3,2opt,improve
2878,8,4199.299999999999,3,1630.3,2opt,improve
2879,8,4199.299999999999,3,1630.3,move,improve
2880,8,4199.299999999999,3,1630.3,move,improve
2881,8,4199.299999999999,3,1630.3,move,improve
2882,8,4199.299999999999,3,1630.3,2opt,notBad
2883,8,4199.299999999999,3,1630.3,2opt,improve
2884,8,4194.2,3,1630.3,2opt,improve
2885,8,4415.5,3,1630.3,swap,acceptBad
2886,8,4415.5,3,1630.3,2opt,improve
2887,8,4415.5,3,1630.3,swap,improve
2888,8,4415.5,3,1630.3,move,improve
2889,8,4507.599999999999,3,1630.3,swap,acceptBad
2890,8,4476.4,3,1630.3,2opt,improve
2891,8,4476.4,3,1630.3,swap,improve
2892,8,4476.4,3,1630.3,move,improve
2893,8,4476.4,3,1630.3,2opt,improve
2894,8,4476.4,3,1630.3,2opt,notBad
2895,8,4489.4,3,1630.3,swap,acceptBad
2896,8,4397.299999999999,3,1630.3,swap,improve
2897,8,4478.9,3,1630.3,swap,acceptBad
2898,8,4401.499999999999,3,1630.3,swap,improve
2899,8,4313.9,3,1630.3,move,improve
2900,8,4313.9,3,1630.3,move,improve
2901,8,4255.4,3,1630.3,swap,improve
2902,8,4208.599999999999,3,1630.3,2opt,improve
2903,8,4208.599999999999,3,1630.3,move,improve
2904,8,4208.599999999999,3,1630.3,swap,notBad
2905,8,4208.599999999999,3,1630.3,swap,improve
2906,8,4208.599999999999,3,1630.3,2opt,notBad
2907,8,4208.5,3,1630.3,swap,improve
2908,8,4208.5,3,1630.3,move,improve
2909,8,4208.499999999999,3,1630.3,2opt,improve
2910,8,4208.499999999999,3,1630.3,2opt,notBad
2911,8,4083.0999999999995,3,1630.3,move,improve
2912,8,4083.0999999999995,3,1630.3,move,improve
2913,8,4203.9,3,1630.3,swap,acceptBad
2914,8,4203.9,3,1630.3,2opt,notBad
2915,8,4203.9,3,1630.3,move,improve
2916,8,4203.9,3,1630.3,move,improve
2917,8,4199.8,3,1630.3,2opt,improve
2918,8,4181.7,3,1630.3,2opt,improve
2919,8,4181.7,3,1630.3,swap,improve
2920,8,4181.7,3,1630.3,swap,improve
2921,8,4100.7,3,1630.3,move,improve
2922,8,4100.7,3,1630.3,2opt,improve
2923,8,4214.700000000001,3,1630.3,swap,acceptBad
2924,8,4214.700000000001,3,1630.3,2opt,improve
2925,8,4214.700000000001,3,1630.3,swap,notBad
2926,8,4214.700000000001,3,1630.3,swap,improve
2927,8,4286.3,3,1630.3,swap,acceptBad
2928,8,4286.3,3,1630.3,move,improve
2929,8,4286.3,3,1630.3,2opt,notBad
2930,8,4286.3,3,1630.3,move,improve
2931,8,4286.3,3,1630.3,move,improve
2932,8,4286.3,3,1630.3,swap,improve
2933,8,4286.3,3,1630.3,2opt,notBad
2934,8,4286.3,3,1630.3,2opt,improve
2935,8,4286.3,3,1630.3,move,improve
2936,8,4266.1,3,1630.3,move,improve
2937,8,4266.1,3,1630.3,move,improve
2938,8,4266.1,3,1630.3,move,improve
2939,8,4198.400000000001,3,1630.3,swap,improve
2940,8,4179.0,3,1630.3,swap,improve
2941,8,4179.0,3,1630.3,move,improve
2942,8,4179.0,3,1630.3,move,improve
2943,8,4179.0,3,1630.3,2opt,notBad
2944,8,4168.599999999999,3,1630.3,swap,improve
2945,8,4168.6,3,1630.3,2opt,acceptBad
2946,8,4168.6,3,1630.3,swap,improve
2947,8,4168.6,3,1630.3,2opt,notBad
2948,8,4168.6,3,1630.3,move,improve
2949,8,4168.6,3,1630.3,2opt,notBad
2950,8,4168.6,3,1630.3,move,improve
2951,8,4168.6,3,1630.3,move,improve
2952,8,4272.4,3,1630.3,swap,acceptBad
2953,8,4246.7,3,1630.3,2opt,improve
2954,8,4272.8,3,1630.3,swap,acceptBad
2955,8,4272.8,3,1630.3,swap,improve
2956,8,4296.099999999999,3,1630.3,2opt,acceptBad
2957,8,4147.099999999999,3,1630.3,move,improve
2958,8,4093.0,3,1630.3,swap,improve
2959,8,4161.7,3,1630.3,swap,acceptBad
2960,8,4131.5,3,1630.3,swap,improve
2961,8,4084.5,3,1630.3,swap,improve
2962,8,4084.5,3,1630.3,move,improve
2963,8,4117.0,3,1630.3,2opt,acceptBad
2964,8,4117.0,3,1630.3,swap,improve
2965,8,4117.0,3,1630.3,move,improve
2966,8,4117.0,3,1630.3,2opt,improve
2967,8,4117.0,3,1630.3,move,improve
2968,8,4117.0,3,1630.3,move,improve
2969,8,4117.0,3,1630.3,2opt,notBad
2970,8,4117.0,3,1630.3,2opt,notBad
2971,8,4181.6,3,1630.3,swap,acceptBad
2972,8,4330.599999999999,3,1630.3,swap,acceptBad
2973,8,4330.599999999999,3,1630.3,swap,improve
2974,8,4330.599999999999,3,1630.3,move,improve
2975,8,4330.599999999999,3,1630.3,move,improve
2976,8,4287.999999999999,3,1630.3,2opt,improve
2977,8,4316.499999999999,3,1630.3,swap,acceptBad
2978,8,4316.499999999999,3,1630.3,2opt,improve
2979,8,4316.499999999999,3,1630.3,2opt,improve
2980,8,4316.499999999999,3,1630.3,move,improve
2981,8,4316.5,3,1630.3,2opt,acceptBad
2982,8,4286.5,3,1630.3,move,improve
2983,8,4286.5,3,1630.3,2opt,improve
2984,8,4286.5,3,1630.3,2opt,improve
2985,8,4187.7,3,1630.3,move,improve
2986,8,4021.0,3,1630.3,move,improve
2987,8,4021.0,3,1630.3,2opt,improve
2988,8,4021.0,3,1630.3,2opt,notBad
2989,8,4021.0,3,1630.3,2opt,notBad
2990,8,4004.5999999999995,3,1630.3,move,improve
2991,8,4004.5999999999995,3,1630.3,swap,notBad
2992,8,4004.5999999999995,3,1630.3,swap,improve
2993,8,4050.2,3,1630.3,swap,acceptBad
2994,8,3999.8999999999996,3,1630.3,move,improve
2995,8,3999.8999999999996,3,1630.3,swap,improve
2996,8,4007.6000000000004,3,1630.3,swap,acceptBad
2997,8,3927.3,3,1630.3,move,improve
2998,8,3924.0,3,1630.3,2opt,improve
2999,8,3924.0,3,1630.3,2opt,notBad
3000,8,3924.0,3,1630.3,move,improve
3001,8,3862.2,3,1630.3,move,improve
3002,8,3862.2,3,1630.3,2opt,notBad
3003,8,3862.2,3,1630.3,2opt,notBad
3004,8,3829.2,3,1630.3,swap,improve
3005,8,3829.2,3,1630.3,2opt,notBad
3006,8,3776.0,3,1630.3,move,improve
3007,8,3776.0,3,1630.3,2opt,notBad
3008,8,3776.0,3,1630.3,2opt,notBad
3009,8,3756.2,3,1630.3,2opt,improve
3010,8,3756.2,3,1630.3,move,improve
3011,8,3756.2,3,1630.3,swap,improve
3012,8,3756.2,3,1630.3,move,improve
3013,7,3641.2,3,1630.3,move,improve
3014,7,3641.2,3,1630.3,2opt,improve
3015,7,3641.2,3,1630.3,move,improve
3016,7,3641.2,3,1630.3,move,improve
3017,7,3641.2,3,1630.3,swap,improve
3018,7,3641.2,3,1630.3,2opt,improve
3019,7,3661.2,3,1630.3,2opt,acceptBad
3020,7,3661.2,3,1630.3,2opt,notBad
3021,7,3661.2,3,1630.3,2opt,notBad
3022,7,3661.2,3,1630.3,2opt,notBad
3023,7,3661.2,3,1630.3,2opt,notBad
3024,7,3723.2,3,1630.3,swap,acceptBad
3025,7,3723.2,3,1630.3,swap,notBad
3026,7,3723.2,3,1630.3,2opt,notBad
3027,7,3723.2,3,1630.3,swap,improve
3028,7,3723.2,3,1630.3,2opt,improve
3029,7,3723.2,3,1630.3,swap,improve
3030,7,3723.2,3,1630.3,swap,improve
3031,7,3723.2,3,1630.3,move,improve
3032,7,3718.2,3,1630.3,swap,improve
3033,7,3718.2,3,1630.3,2opt,notBad
3034,7,3768.8,3,1630.3,swap,acceptBad
3035,7,3893.3,3,1630.3,swap,acceptBad
3036,7,4028.2999999999997,3,1630.3,swap,acceptBad
3037,7,4008.2999999999997,3,1630.3,move,improve
3038,7,4008.2999999999997,3,1630.3,swap,improve
3039,7,4008.2999999999997,3,1630.3,2opt,notBad
3040,7,4008.2999999999997,3,1630.3,move,improve
3041,7,4008.2999999999997,3,1630.3,move,improve
3042,7,4008.2999999999997,3,1630.3,swap,improve
3043,7,4008.2999999999997,3,1630.3,move,improve
3044,7,4008.2999999999997,3,1630.3,move,improve
3045,6,3804.2999999999997,3,1630.3,move,improve
3046,6,3804.2999999999997,3,1630.3,swap,improve
3047,6,3804.2999999999997,3,1630.3,move,improve
3048,6,3804.2999999999997,3,1630.3,move,improve
3049,6,3804.2999999999997,3,1630.3,2opt,notBad
3050,6,3797.1000000000004,3,1630.3,2opt,improve
3051,6,3797.1000000000004,3,1630.3,move,improve
3052,6,3797.1,3,1630.3,2opt,improve
3053,6,3797.1,3,1630.3,move,improve
3054,6,3840.3,3,1630.3,swap,acceptBad
3055,6,3840.3,3,1630.3,2opt,notBad
3056,6,3840.3,3,1630.3,2opt,notBad
3057,6,3840.3,3,1630.3,swap,improve
3058,6,3840.3,3,1630.3,2opt,notBad
3059,6,3840.3,3,1630.3,swap,improve
3060,6,3840.3,3,1630.3,2opt,notBad
3061,6,3840.3,3,1630.3,swap,improve
3062,6,3840.3,3,1630.3,move,improve
3063,6,3840.3,3,1630.3,swap,improve
3064,6,3784.6,3,1630.3,2opt,improve
3065,6,3784.6,3,1630.3,2opt,improve
3066,6,3784.6,3,1630.3,swap,improve
3067,6,3784.6,3,1630.3,move,improve
3068,6,3773.7000000000003,3,1630.3,move,improve
3069,6,3805.2000000000003,3,1630.3,swap,acceptBad
3070,6,3805.2000000000003,3,1630.3,2opt,notBad
3071,6,3805.2000000000003,3,1630.3,swap,improve
3072,6,3753.7,3,1630.3,2opt,improve
3073,6,3838.3999999999996,3,1630.3,swap,acceptBad
3074,6,3818.3999999999996,3,1630.3,move,improve
3075,6,3810.3999999999996,3,1630.3,swap,improve
3076,6,3792.8,3,1630.3,2opt,improve
3077,6,3792.7999999999997,3,1630.3,2opt,improve
3078,6,3701.0,3,1630.3,move,improve
3079,6,3701.0,3,1630.3,2opt,notBad
3080,6,3701.0,3,1630.3,move,improve
3081,6,3651.0,3,1630.3,move,improve
3082,6,3651.0,3,1630.3,2opt,notBad
3083,6,3651.0,3,1630.3,swap,notBad
3084,6,3651.0,3,1630.3,2opt,notBad
3085,6,3657.0,3,1630.3,swap,acceptBad
3086,6,3675.9,3,1630.3,swap,acceptBad
3087,6,3675.9,3,1630.3,2opt,notBad
3088,6,3675.9,3,1630.3,swap,improve
3089,6,3675.9,3,1630.3,2opt,notBad
3090,6,3675.9,3,1630.3,2opt,notBad
3091,6,3675.9,3,1630.3,move,improve
3092,6,3675.9,3,1630.3,2opt,improve
3093,6,3647.7,3,1630.3,move,improve
3094,6,3647.7,3,1630.3,2opt,notBad
3095,6,3656.9,3,1630.3,2opt,acceptBad
3096,6,3651.6,3,1630.3,swap,improve
3097,6,3651.6,3,1630.3,swap,improve
3098,6,3682.2999999999997,3,1630.3,swap,acceptBad
3099,6,3682.2999999999997,3,1630.3,2opt,notBad
3100,6,3682.2999999999997,3,1630.3,swap,notBad
3101,6,3682.2999999999997,3,1630.3,swap,notBad
3102,6,3682.2999999999997,3,1630.3,swap,improve
3103,6,3685.5,3,1630.3,2opt,acceptBad
3104,6,3685.5,3,1630.3,2opt,notBad
3105,6,3654.8,3,1630.3,swap,improve
3106,6,3672.2000000000003,3,1630.3,swap,acceptBad
3107,6,3672.2000000000003,3,1630.3,2opt,improve
3108,6,3672.2000000000003,3,1630.3,swap,improve
3109,6,3647.3,3,1630.3,2opt,improve
3110,6,3647.3,3,1630.3,move,improve
3111,6,3726.4,3,1630.3,swap,acceptBad
3112,6,3726.4,3,1630.3,2opt,notBad
3113,6,3726.4,3,1630.3,2opt,notBad
3114,6,3791.6,3,1630.3,swap,acceptBad
3115,6,3791.6,3,1630.3,swap,improve
3116,6,3791.6,3,1630.3,2opt,notBad
3117,6,3793.3,3,1630.3,2opt,acceptBad
3118,6,3793.3,3,1630.3,2opt,notBad
3119,6,3793.3,3,1630.3,move,improve
3120,6,3793.3,3,1630.3,move,improve
3121,6,3837.8,3,1630.3,swap,acceptBad
3122,6,3789.2,3,1630.3,move,improve
3123,6,3798.0,3,1630.3,swap,acceptBad
3124,6,3798.0,3,1630.3,2opt,notBad
3125,6,3785.6000000000004,3,1630.3,swap,improve
3126,6,3785.6000000000004,3,1630.3,swap,improve
3127,6,3768.4000000000005,3,1630.3,swap,improve
3128,6,3780.2000000000003,3,1630.3,swap,acceptBad
3129,6,3780.2000000000003,3,1630.3,move,improve
3130,6,3780.2000000000003,3,1630.3,swap,improve
3131,6,3719.8,3,1630.3,move,improve
3132,6,3719.8,3,1630.3,swap,improve
3133,6,3693.4,3,1630.3,2opt,improve
3134,6,3727.1,3,1630.3,swap,acceptBad
3135,6,3727.1,3,1630.3,2opt,notBad
3136,6,3727.1,3,1630.3,move,improve
3137,6,3761.7999999999997,3,1630.3,swap,acceptBad
3138,6,3761.7999999999997,3,1630.3,swap,improve
3139,6,3761.7999999999997,3,1630.3,swap,improve
3140,6,3728.8999999999996,3,1630.3,move,improve
3141,6,3728.8999999999996,3,1630.3,swap,improve
3142,6,3728.8999999999996,3,1630.3,2opt,notBad
3143,6,3731.8999999999996,3,1630.3,swap,acceptBad
3144,6,3720.0,3,1630.3,move,improve
3145,6,3720.0,3,1630.3,2opt,improve
3146,6,3720.0,3,1630.3,2opt,notBad
3147,6,3756.7000000000003,3,1630.3,swap,acceptBad
3148,6,3756.7000000000003,3,1630.3,move,improve
3149,6,3756.7000000000003,3,1630.3,2opt,notBad
3150,6,3756.7000000000003,3,1630.3,move,improve
3151,6,3756.7000000000003,3,1630.3,swap,improve
3152,6,3677.3,3,1630.3,move,improve
3153,6,3677.3,3,1630.3,move,improve
3154,6,3677.3,3,1630.3,2opt,notBad
3155,6,3766.0,3,1630.3,swap,acceptBad
3156,6,3766.0,3,1630.3,2opt,notBad
3157,6,3730.2999999999997,3,1630.3,2opt,improve
3158,6,3699.3999999999996,3,1630.3,swap,improve
3159,6,3699.3999999999996,3,1630.3,move,improve
3160,6,3699.3999999999996,3,1630.3,2opt,notBad
3161,6,3757.1,3,1630.3,swap,acceptBad
3162,6,3729.2,3,1630.3,swap,improve
3163,6,3729.2,3,1630.3,move,improve
3164,6,3729.2,3,1630.3,2opt,notBad
3165,6,3701.1,3,1630.3,move,improve
3166,6,3696.0,3,1630.3,swap,improve
3167,6,3696.0,3,1630.3,2opt,notBad
3168,6,3720.1,3,1630.3,swap,acceptBad
3169,6,3720.1,3,1630.3,2opt,notBad
3170,6,3720.1,3,1630.3,2opt,notBad
3171,6,3720.1,3,1630.3,2opt,notBad
3172,6,3720.1,3,1630.3,move,improve
3173,6,3720.1,3,1630.3,2opt,notBad
3174,6,3720.1,3,1630.3,swap,improve
3175,6,3623.2000000000003,3,1630.3,swap,improve
3176,6,3623.2000000000003,3,1630.3,move,improve
3177,6,3624.5,3,1630.3,2opt,acceptBad
3178,6,3624.5,3,1630.3,2opt,notBad
3179,6,3638.9,3,1630.3,swap,acceptBad
3180,6,3641.4,3,1630.3,2opt,acceptBad
3181,6,3651.6,3,1630.3,swap,acceptBad
3182,6,3651.6,3,1630.3,move,improve
3183,6,3651.6,3,1630.3,2opt,improve
3184,6,3651.6,3,1630.3,move,improve
3185,6,3651.6,3,1630.3,2opt,improve
3186,6,3651.6,3,1630.3,2opt,notBad
3187,6,3649.2,3,1630.3,swap,improve
3188,6,3626.2999999999997,3,1630.3,move,improve
3189,6,3626.2999999999997,3,1630.3,swap,improve
3190,6,3626.2999999999997,3,1630.3,swap,improve
3191,6,3626.2999999999997,3,1630.3,2opt,improve
3192,6,3626.2999999999997,3,1630.3,2opt,notBad
3193,6,3626.2999999999997,3,1630.3,move,improve
3194,6,3601.5,3,1630.3,swap,improve
3195,6,3601.4999999999995,3,1630.3,2opt,improve
3196,6,3562.7999999999993,3,1630.3,swap,improve
3197,6,3565.0999999999995,3,1630.3,swap,acceptBad
3198,6,3565.0999999999995,3,1630.3,2opt,improve
3199,6,3594.8999999999996,3,1630.3,swap,acceptBad
3200,6,3594.8999999999996,3,1630.3,swap,improve
3201,6,3594.8999999999996,3,1630.3,move,improve
3202,6,3582.2,3,1630.3,move,improve
3203,6,3600.2,3,1630.3,swap,acceptBad
3204,6,3600.2,3,1630.3,move,improve
3205,6,3600.2,3,1630.3,move,improve
3206,6,3600.2,3,1630.3,move,improve
3207,6,3568.0999999999995,3,1630.3,swap,improve
3208,6,3568.0999999999995,3,1630.3,2opt,improve
3209,6,3568.0999999999995,3,1630.3,swap,improve
3210,6,3553.9999999999995,3,1630.3,move,improve
3211,6,3534.2,3,1630.3,move,improve
3212,6,3571.7999999999997,3,1630.3,swap,acceptBad
3213,6,3571.7999999999997,3,1630.3,2opt,notBad
3214,6,3561.1,3,1630.3,move,improve
3215,6,3561.1,3,1630.3,2opt,notBad
3216,6,3523.5,3,1630.3,swap,improve
3217,6,3523.5,3,1630.3,swap,improve
3218,6,3523.5,3,1630.3,move,improve
3219,6,3523.5,3,1630.3,move,improve
3220,6,3523.5,3,1630.3,2opt,improve
3221,6,3607.3,3,1630.3,swap,acceptBad
3222,6,3607.3,3,1630.3,2opt,improve
3223,6,3607.3,3,1630.3,2opt,improve
3224,6,3607.3,3,1630.3,swap,improve
3225,6,3607.3,3,1630.3,2opt,improve
3226,6,3607.3,3,1630.3,move,improve
3227,6,3607.3,3,1630.3,swap,improve
3228,6,3607.3,3,1630.3,2opt,improve
3229,6,3607.3,3,1630.3,2opt,notBad
3230,6,3607.3,3,1630.3,2opt,improve
3231,6,3605.2000000000003,3,1630.3,swap,improve
3232,6,3605.2000000000003,3,1630.3,2opt,notBad
3233,6,3605.2000000000003,3,1630.3,move,improve
3234,6,3605.2000000000003,3,1630.3,2opt,notBad
3235,6,3587.6000000000004,3,1630.3,move,improve
3236,6,3617.0,3,1630.3,2opt,acceptBad
3237,6,3617.0,3,1630.3,2opt,notBad
3238,6,3617.0,3,1630.3,move,improve
3239,6,3617.0,3,1630.3,move,improve
3240,6,3675.9,3,1630.3,swap,acceptBad
3241,6,3718.2999999999997,3,1630.3,swap,acceptBad
3242,6,3688.9,3,1630.3,swap,improve
3243,6,3688.9,3,1630.3,2opt,notBad
3244,6,3688.9,3,1630.3,2opt,notBad
3245,6,3688.9,3,1630.3,2opt,notBad
3246,6,3688.9,3,1630.3,move,improve
3247,6,3688.9,3,1630.3,move,improve
3248,6,3688.9,3,1630.3,2opt,improve
3249,6,3688.9,3,1630.3,swap,improve
3250,6,3688.9,3,1630.3,move,improve
3251,6,3688.9,3,1630.3,2opt,notBad
3252,6,3678.7000000000003,3,1630.3,move,improve
3253,6,3606.1000000000004,3,1630.3,move,improve
3254,6,3606.1000000000004,3,1630.3,2opt,improve
3255,6,3620.3999999999996,3,1630.3,swap,acceptBad
3256,6,3620.8999999999996,3,1630.3,swap,acceptBad
3257,6,3614.5,3,1630.3,move,improve
3258,6,3614.5,3,1630.3,2opt,improve
3259,6,3599.7000000000003,3,1630.3,move,improve
3260,6,3599.7000000000003,3,1630.3,2opt,notBad
3261,6,3599.7000000000003,3,1630.3,swap,improve
3262,6,3599.7000000000003,3,1630.3,2opt,notBad
3263,6,3599.7000000000003,3,1630.3,2opt,notBad
3264,6,3586.3,3,1630.3,2opt,improve
3265,6,3586.3,3,1630.3,2opt,notBad
3266,6,3586.3,3,1630.3,2opt,notBad
3267,6,3586.3,3,1630.3,swap,improve
3268,6,3586.3,3,1630.3,2opt,improve
3269,6,3586.3,3,1630.3,swap,improve
3270,6,3577.0,3,1630.3,move,improve
3271,6,3577.0,3,1630.3,move,improve
3272,6,3501.7,3,1630.3,move,improve
3273,6,3501.7,3,1630.3,swap,notBad
3274,6,3501.7,3,1630.3,2opt,notBad
3275,6,3501.7,3,1630.3,move,improve
3276,6,3501.7,3,1630.3,2opt,improve
3277,6,3501.7,3,1630.3,2opt,notBad
3278,6,3475.9000000000005,3,1630.3,2opt,improve
3279,6,3475.9000000000005,3,1630.3,2opt,improve
3280,6,3452.9000000000005,3,1630.3,swap,improve
3281,6,3452.9,3,1630.3,2opt,improve
3282,6,3452.9,3,1630.3,2opt,notBad
3283,6,3457.2000000000003,3,1630.3,swap,acceptBad
3284,6,3457.2000000000003,3,1630.3,swap,improve
3285,6,3457.2000000000003,3,1630.3,2opt,notBad
3286,6,3457.2000000000003,3,1630.3,move,improve
3287,6,3445.8,3,1630.3,move,improve
3288,6,3441.5,3,1630.3,move,improve
3289,6,3441.5,3,1630.3,swap,notBad
3290,6,3441.5,3,1630.3,move,improve
3291,6,3441.5,3,1630.3,swap,improve
3292,6,3441.5,3,1630.3,move,improve
3293,6,3441.5,3,1630.3,2opt,improve
3294,6,3441.5,3,1630.3,swap,improve
3295,6,3441.5,3,1630.3,2opt,notBad
3296,6,3441.5,3,1630.3,2opt,improve
3297,6,3441.5,3,1630.3,move,improve
3298,6,3441.5,3,1630.3,2opt,improve
3299,6,3441.5,3,1630.3,swap,improve
3300,6,3441.5,3,1630.3,2opt,notBad
3301,6,3489.4000000000005,3,1630.3,swap,acceptBad
3302,6,3489.4000000000005,3,1630.3,swap,improve
3303,6,3489.4000000000005,3,1630.3,2opt,notBad
3304,6,3269.5,3,1630.3,move,improve
3305,6,3308.8,3,1630.3,swap,acceptBad
3306,6,3308.8,3,1630.3,2opt,notBad
3307,6,3308.8,3,1630.3,2opt,notBad
3308,6,3308.8,3,1630.3,swap,improve
3309,6,3224.7000000000007,3,1630.3,move,improve
3310,6,3224.7000000000007,3,1630.3,2opt,notBad
3311,6,3224.7000000000007,3,1630.3,move,improve
3312,6,3224.7000000000007,3,1630.3,move,improve
3313,6,3224.7000000000007,3,1630.3,2opt,notBad
3314,6,3224.7000000000007,3,1630.3,swap,notBad
3315,6,3224.7000000000007,3,1630.3,move,improve
3316,6,3224.7000000000007,3,1630.3,move,improve
3317,6,3218.7000000000007,3,1630.3,swap,improve
3318,6,3218.7000000000007,3,1630.3,move,improve
3319,6,3218.7000000000007,3,1630.3,move,improve
3320,6,3218.7000000000007,3,1630.3,2opt,improve
3321,6,3218.7000000000007,3,1630.3,swap,improve
3322,6,3218.7000000000003,3,1630.3,2opt,improve
3323,6,3225.6000000000004,3,1630.3,swap,acceptBad
3324,6,3255.7000000000003,3,1630.3,2opt,acceptBad
3325,6,3255.7000000000003,3,1630.3,2opt,notBad
3326,6,3255.7000000000003,3,1630.3,2opt,notBad
3327,6,3257.0,3,1630.3,swap,acceptBad
3328,6,3255.2,3,1630.3,swap,improve
3329,6,3277.3999999999996,3,1630.3,swap,acceptBad
3330,6,3288.8999999999996,3,1630.3,swap,acceptBad
3331,6,3288.8999999999996,3,1630.3,move,improve
3332,6,3288.8999999999996,3,1630.3,2opt,notBad
3333,6,3288.8999999999996,3,1630.3,move,improve
3334,6,3263.7,3,1630.3,move,improve
3335,6,3263.7,3,1630.3,move,improve
3336,6,3217.7,3,1630.3,move,improve
3337,6,3217.7,3,1630.3,move,improve
3338,6,3217.7,3,1630.3,move,improve
3339,6,3217.7,3,1630.3,move,improve
3340,6,3217.7,3,1630.3,move,improve
3341,6,3252.7,3,1630.3,swap,acceptBad
3342,6,3244.0,3,1630.3,move,improve
3343,6,3244.0,3,1630.3,2opt,notBad
3344,6,3244.0,3,1630.3,move,improve
3345,6,3264.6000000000004,3,1630.3,2opt,acceptBad
3346,6,3264.6000000000004,3,1630.3,move,improve
3347,6,3261.7,3,1630.3,swap,improve
3348,6,3261.7,3,1630.3,2opt,notBad
3349,6,3174.5,3,1630.3,move,improve
3350,6,3174.5,3,1630.3,2opt,notBad
3351,6,3221.7,3,1630.3,swap,acceptBad
3352,6,3221.7,3,1630.3,swap,improve
3353,6,3221.7,3,1630.3,2opt,notBad
3354,6,3221.7,3,1630.3,move,improve
3355,6,3221.7,3,1630.3,swap,notBad
3356,6,3221.7,3,1630.3,2opt,notBad
3357,6,3221.7,3,1630.3,2opt,notBad
3358,6,3221.7,3,1630.3,move,improve
3359,6,3221.7,3,1630.3,2opt,notBad
3360,6,3230.7,3,1630.3,swap,acceptBad
3361,6,3230.7,3,1630.3,swap,improve
3362,6,3237.1,3,1630.3,swap,acceptBad
3363,6,3226.4,3,1630.3,2opt,improve
3364,6,3226.4,3,1630.3,move,improve
3365,6,3260.2,3,1630.3,swap,acceptBad
3366,6,3260.2,3,1630.3,move,improve
3367,6,3260.2,3,1630.3,swap,notBad
3368,6,3260.2,3,1630.3,2opt,notBad
3369,6,3105.5,3,1630.3,move,improve
3370,6,3073.9,3,1630.3,swap,improve
3371,6,3056.0,3,1630.3,2opt,improve
3372,6,3019.7,3,1630.3,move,improve
3373,6,3019.7,3,1630.3,swap,improve
3374,6,3019.7,3,1630.3,2opt,notBad
3375,6,3039.3,3,1630.3,swap,acceptBad
3376,6,3039.0999999999995,3,1630.3,move,improve
3377,6,3066.7,3,1630.3,swap,acceptBad
3378,6,3033.2,3,1630.3,move,improve
3379,6,3031.7,3,1630.3,swap,improve
3380,6,3009.4,3,1630.3,2opt,improve
3381,6,3000.5,3,1630.3,move,improve
3382,6,3000.5,3,1630.3,2opt,notBad
3383,6,3044.4,3,1630.3,swap,acceptBad
3384,6,3044.4,3,1630.3,2opt,improve
3385,6,3044.4,3,1630.3,2opt,notBad
3386,6,3044.4,3,1630.3,move,improve
3387,6,3038.0,3,1630.3,swap,improve
3388,6,3038.0,3,1630.3,move,improve
3389,6,3132.6000000000004,3,1630.3,swap,acceptBad
3390,6,3112.1000000000004,3,1630.3,2opt,improve
3391,6,3112.1000000000004,3,1630.3,2opt,improve
3392,6,3056.9,3,1630.3,move,improve
3393,6,3153.9,3,1630.3,swap,acceptBad
3394,6,3153.9,3,1630.3,2opt,notBad
3395,6,3153.9,3,1630.3,swap,improve
3396,6,3153.9,3,1630.3,move,improve
3397,6,3153.9,3,1630.3,2opt,notBad
3398,6,3153.9,3,1630.3,swap,improve
3399,6,3153.9,3,1630.3,move,improve
3400,6,3153.9,3,1630.3,move,improve
3401,6,3119.9,3,1630.3,move,improve
3402,6,3119.9,3,1630.3,2opt,notBad
3403,6,3119.9,3,1630.3,swap,improve
3404,6,3104.9,3,1630.3,move,improve
3405,6,3021.8,3,1630.3,move,improve
3406,6,3057.3,3,1630.3,swap,acceptBad
3407,6,3057.3,3,1630.3,2opt,notBad
3408,6,3054.4,3,1630.3,swap,improve
3409,6,3035.1000000000004,3,1630.3,move,improve
3410,6,3054.0,3,1630.3,swap,acceptBad
3411,6,3054.0,3,1630.3,2opt,notBad
3412,6,3054.0,3,1630.3,swap,notBad
3413,6,3054.0,3,1630.3,move,improve
3414,6,3053.4,3,1630.3,swap,improve
3415,6,2999.0,3,1630.3,swap,improve
3416,6,2999.0,3,1630.3,swap,notBad
3417,6,2993.0,3,1630.3,swap,improve
3418,6,2993.0,3,1630.3,move,improve
3419,6,3006.4,3,1630.3,swap,acceptBad
3420,6,3005.7,3,1630.3,move,improve
3421,6,3007.6,3,1630.3,swap,acceptBad
3422,6,3007.6,3,1630.3,2opt,improve
3423,6,3007.6,3,1630.3,swap,notBad
3424,6,3009.9,3,1630.3,swap,acceptBad
3425,6,3009.9,3,1630.3,2opt,notBad
3426,6,3009.9,3,1630.3,swap,notBad
3427,6,2999.1000000000004,3,1630.3,swap,improve
3428,6,2999.1000000000004,3,1630.3,2opt,notBad
3429,6,2974.0,3,1630.3,swap,improve
3430,6,2974.0,3,1630.3,move,improve
3431,6,2974.0,3,1630.3,move,improve
3432,6,2974.0,3,1630.3,swap,improve
3433,6,2973.7,3,1630.3,move,improve
3434,6,2973.7,3,1630.3,move,improve
3435,6,2973.7,3,1630.3,move,improve
3436,6,2944.1000000000004,3,1630.3,move,improve
3437,6,2944.0,3,1630.3,move,improve
3438,6,2939.8999999999996,3,1630.3,swap,improve
3439,6,2908.1000000000004,3,1630.3,move,improve
3440,6,2908.1000000000004,3,1630.3,2opt,notBad
3441,6,2908.1000000000004,3,1630.3,move,improve
3442,6,2908.1000000000004,3,1630.3,swap,improve
3443,6,2908.1000000000004,3,1630.3,2opt,notBad
3444,6,2908.1000000000004,3,1630.3,swap,notBad
3445,6,2908.1,3,1630.3,2opt,improve
3446,6,2908.1,3,1630.3,move,improve
3447,6,2908.1,3,1630.3,2opt,notBad
3448,6,2908.1,3,1630.3,swap,improve
3449,6,2919.2,3,1630.3,2opt,acceptBad
3450,6,2925.7,3,1630.3,swap,acceptBad
3451,6,2925.7,3,1630.3,move,improve
3452,6,2979.7,3,1630.3,swap,acceptBad
3453,6,2979.7,3,1630.3,swap,improve
3454,6,2979.7,3,1630.3,swap,notBad
3455,6,2978.5,3,1630.3,swap,improve
3456,6,2978.5,3,1630.3,2opt,notBad
3457,6,2978.5,3,1630.3,2opt,notBad
3458,6,2978.5,3,1630.3,move,improve
3459,6,2978.5,3,1630.3,2opt,notBad
3460,6,2978.5,3,1630.3,2opt,notBad
3461,6,2978.5,3,1630.3,2opt,improve
3462,6,2923.1,3,1630.3,move,improve
3463,6,2930.7,3,1630.3,2opt,acceptBad
3464,6,2923.1,3,1630.3,2opt,improve
3465,6,2933.4,3,1630.3,swap,acceptBad
3466,6,2933.4,3,1630.3,2opt,notBad
3467,6,2916.5,3,1630.3,swap,improve
3468,6,2905.5,3,1630.3,move,improve
3469,6,2905.5,3,1630.3,2opt,notBad
3470,6,2905.5,3,1630.3,move,improve
3471,6,2905.5,3,1630.3,2opt,notBad
3472,6,2905.5,3,1630.3,2opt,notBad
3473,6,2905.5,3,1630.3,move,improve
3474,6,2905.5,3,1630.3,2opt,notBad
3475,6,2905.5,3,1630.3,2opt,notBad
3476,6,2905.5,3,1630.3,2opt,notBad
3477,6,2880.7,3,1630.3,swap,improve
3478,6,2880.7,3,1630.3,move,improve
3479,6,2871.5,3,1630.3,move,improve
3480,6,2871.5,3,1630.3,move,improve
3481,6,2871.5,3,1630.3,swap,notBad
3482,6,2871.5,3,1630.3,2opt,notBad
3483,6,2871.5,3,1630.3,2opt,notBad
3484,6,2871.5,3,1630.3,swap,notBad
3485,6,2871.5,3,1630.3,swap,improve
3486,6,2871.5,3,1630.3,2opt,notBad
3487,6,2871.5,3,1630.3,move,improve
3488,6,2871.5,3,1630.3,move,improve
3489,6,2871.5,3,1630.3,move,improve
3490,6,2871.5,3,1630.3,2opt,notBad
3491,6,2871.5,3,1630.3,move,improve
3492,6,2871.5,3,1630.3,2opt,notBad
3493,6,2805.5,3,1630.3,move,improve
3494,6,2842.1,3,1630.3,swap,acceptBad
3495,6,2842.1,3,1630.3,swap,improve
3496,6,2842.1,3,1630.3,2opt,notBad
3497,6,2842.1,3,1630.3,2opt,notBad
3498,6,2842.1,3,1630.3,swap,notBad
3499,6,2842.1,3,1630.3,2opt,notBad
3500,6,2842.1,3,1630.3,2opt,notBad
3501,6,2842.1,3,1630.3,2opt,notBad
3502,6,2842.1,3,1630.3,2opt,notBad
3503,6,2842.1,3,1630.3,2opt,notBad
3504,6,2842.1,3,1630.3,2opt,notBad
3505,6,2842.1,3,1630.3,move,improve
3506,6,2846.7,3,1630.3,2opt,acceptBad
3507,6,2816.6,3,1630.3,move,improve
3508,6,2816.6,3,1630.3,2opt,notBad
3509,6,2795.8,3,1630.3,move,improve
3510,6,2795.8,3,1630.3,2opt,improve
3511,6,2795.8,3,1630.3,move,improve
3512,6,2797.6000000000004,3,1630.3,2opt,acceptBad
3513,6,2794.7,3,1630.3,move,improve
3514,6,2794.7,3,1630.3,2opt,notBad
3515,6,2794.7,3,1630.3,2opt,notBad
3516,6,2794.7,3,1630.3,move,improve
3517,6,2794.7,3,1630.3,2opt,notBad
3518,6,2794.7,3,1630.3,move,improve
3519,6,2794.7,3,1630.3,2opt,notBad
3520,6,2794.7,3,1630.3,swap,notBad
3521,6,2794.7,3,1630.3,2opt,notBad
3522,6,2792.8,3,1630.3,move,improve
3523,6,2792.8,3,1630.3,2opt,notBad
3524,6,2792.8,3,1630.3,move,improve
3525,6,2792.8,3,1630.3,2opt,notBad
3526,6,2792.8,3,1630.3,2opt,notBad
3527,6,2827.1,3,1630.3,swap,acceptBad
3528,6,2827.1,3,1630.3,move,improve
3529,6,2827.1,3,1630.3,2opt,notBad
3530,6,2827.1,3,1630.3,move,improve
3531,6,2827.1,3,1630.3,2opt,notBad
3532,6,2799.8,3,1630.3,move,improve
3533,6,2799.8,3,1630.3,move,improve
3534,6,2799.8,3,1630.3,2opt,notBad
3535,6,2799.8,3,1630.3,swap,notBad
3536,6,2799.8,3,1630.3,2opt,notBad
3537,6,2799.8,3,1630.3,2opt,notBad
3538,6,2799.8,3,1630.3,swap,notBad
3539,6,2799.8,3,1630.3,2opt,notBad
3540,6,2808.0,3,1630.3,2opt,acceptBad
3541,6,2808.0,3,1630.3,2opt,notBad
3542,6,2808.0,3,1630.3,swap,notBad
3543,6,2833.9,3,1630.3,swap,acceptBad
3544,6,2833.9,3,1630.3,2opt,notBad
3545,6,2827.5,3,1630.3,move,improve
3546,6,2827.5,3,1630.3,move,improve
3547,6,2827.5,3,1630.3,move,improve
3548,6,2827.5,3,1630.3,move,improve
3549,6,2883.0,3,1630.3,swap,acceptBad
3550,6,2883.0,3,1630.3,2opt,notBad
3551,6,2891.0,3,1630.3,swap,acceptBad
3552,6,2891.0,3,1630.3,2opt,notBad
3553,6,2891.0,3,1630.3,swap,improve
3554,6,2891.0,3,1630.3,move,improve
3555,6,2891.0,3,1630.3,2opt,improve
3556,6,2891.0,3,1630.3,2opt,notBad
3557,6,2862.4,3,1630.3,2opt,improve
3558,6,2862.4,3,1630.3,2opt,notBad
3559,6,2869.8,3,1630.3,2opt,acceptBad
3560,6,2800.8,3,1630.3,move,improve
3561,6,2795.7,3,1630.3,swap,improve
3562,6,2795.7,3,1630.3,2opt,notBad
3563,6,2799.0,3,1630.3,2opt,acceptBad
3564,6,2799.0,3,1630.3,swap,notBad
3565,6,2737.0,3,1630.3,move,improve
3566,6,2737.0,3,1630.3,2opt,notBad
3567,6,2737.0,3,1630.3,move,improve
3568,6,2737.0,3,1630.3,move,improve
3569,6,2737.0,3,1630.3,swap,improve
3570,6,2737.0,3,1630.3,swap,notBad
3571,6,2737.0,3,1630.3,swap,notBad
3572,6,2737.0,3,1630.3,2opt,notBad
3573,6,2737.0,3,1630.3,2opt,notBad
3574,6,2737.0,3,1630.3,move,improve
3575,6,2737.0,3,1630.3,swap,notBad
3576,6,2737.0,3,1630.3,2opt,notBad
3577,6,2720.0,3,1630.3,move,improve
3578,6,2789.3,3,1630.3,swap,acceptBad
3579,6,2789.3,3,1630.3,2opt,notBad
3580,6,2789.3,3,1630.3,swap,improve
3581,6,2789.3,3,1630.3,2opt,notBad
3582,6,2789.3,3,1630.3,2opt,notBad
3583,6,2731.6000000000004,3,1630.3,move,improve
3584,6,2731.6000000000004,3,1630.3,2opt,notBad
3585,6,2731.6000000000004,3,1630.3,2opt,improve
3586,6,2731.6000000000004,3,1630.3,move,improve
3587,6,2731.9,3,1630.3,swap,acceptBad
3588,6,2731.9,3,1630.3,2opt,notBad
3589,6,2731.9,3,1630.3,2opt,notBad
3590,6,2731.9,3,1630.3,move,improve
3591,6,2726.3,3,1630.3,2opt,improve
3592,6,2726.3,3,1630.3,2opt,notBad
3593,6,2726.3,3,1630.3,swap,improve
3594,6,2726.3,3,1630.3,2opt,notBad
3595,6,2726.3,3,1630.3,2opt,notBad
3596,6,2686.8,3,1630.3,move,improve
3597,6,2686.8,3,1630.3,swap,notBad
3598,6,2683.3,3,1630.3,move,improve
3599,6,2683.3,3,1630.3,2opt,notBad
3600,6,2685.0,3,1630.3,swap,acceptBad
3601,6,2685.0,3,1630.3,move,improve
3602,6,2685.0,3,1630.3,2opt,notBad
3603,6,2685.0,3,1630.3,swap,notBad
3604,6,2690.6,3,1630.3,swap,acceptBad
3605,6,2690.6,3,1630.3,move,improve
3606,6,2690.6,3,1630.3,2opt,notBad
3607,6,2703.5,3,1630.3,swap,acceptBad
3608,6,2703.5,3,1630.3,2opt,notBad
3609,6,2700.2000000000003,3,1630.3,move,improve
3610,6,2713.0,3,1630.3,swap,acceptBad
3611,6,2719.9000000000005,3,1630.3,swap,acceptBad
3612,6,2719.9000000000005,3,1630.3,move,improve
3613,6,2707.1000000000004,3,1630.3,move,improve
3614,6,2707.1000000000004,3,1630.3,swap,notBad
3615,6,2707.1000000000004,3,1630.3,swap,notBad
3616,6,2707.1000000000004,3,1630.3,2opt,notBad
3617,6,2707.1000000000004,3,1630.3,swap,improve
3618,6,2707.1000000000004,3,1630.3,move,improve
3619,6,2707.1000000000004,3,1630.3,swap,notBad
3620,6,2707.1000000000004,3,1630.3,move,improve
3621,6,2707.1000000000004,3,1630.3,move,improve
3622,6,2707.1000000000004,3,1630.3,move,improve
3623,6,2680.5000000000005,3,1630.3,move,improve
3624,6,2680.5000000000005,3,1630.3,swap,notBad
3625,6,2716.7000000000003,3,1630.3,swap,acceptBad
3626,6,2716.7000000000003,3,1630.3,2opt,notBad
3627,6,2716.7000000000003,3,1630.3,2opt,notBad
3628,6,2716.7000000000003,3,1630.3,2opt,notBad
3629,6,2716.7000000000003,3,1630.3,move,improve
3630,6,2716.7000000000003,3,1630.3,2opt,notBad
3631,6,2665.1000000000004,3,1630.3,swap,improve
3632,6,2665.1000000000004,3,1630.3,swap,improve
3633,6,2665.1000000000004,3,1630.3,move,improve
3634,6,2722.9,3,1630.3,swap,acceptBad
3635,6,2722.9,3,1630.3,2opt,notBad
3636,6,2722.9,3,1630.3,move,improve
3637,6,2722.9,3,1630.3,move,improve
3638,6,2698.2000000000003,3,1630.3,2opt,improve
3639,6,2698.2000000000003,3,1630.3,2opt,notBad
3640,6,2698.2000000000003,3,1630.3,2opt,notBad
3641,6,2697.9,3,1630.3,move,improve
3642,6,2697.9,3,1630.3,2opt,notBad
3643,6,2697.9,3,1630.3,move,improve
3644,6,2697.9,3,1630.3,swap,notBad
3645,6,2697.9,3,1630.3,2opt,notBad
3646,6,2697.9,3,1630.3,2opt,notBad
3647,6,2733.0,3,1630.3,swap,acceptBad
3648,5,2666.5,3,1630.3,2opt,improve
3649,5,2669.0,3,1630.3,swap,acceptBad
3650,5,2682.2,3,1630.3,swap,acceptBad
3651,5,2682.2,3,1630.3,swap,improve
3652,5,2682.2,3,1630.3,move,improve
3653,5,2716.1,3,1630.3,swap,acceptBad
3654,5,2716.1,3,1630.3,move,improve
3655,5,2748.7,3,1630.3,swap,acceptBad
3656,5,2748.7,3,1630.3,2opt,notBad
3657,5,2748.7,3,1630.3,2opt,notBad
3658,5,2737.2999999999997,3,1630.3,move,improve
3659,5,2737.7999999999997,3,1630.3,swap,acceptBad
3660,5,2737.7999999999997,3,1630.3,swap,notBad
3661,5,2735.1,3,1630.3,move,improve
3662,5,2735.1,3,1630.3,swap,notBad
3663,5,2735.1,3,1630.3,2opt,notBad
3664,5,2721.9,3,1630.3,swap,improve
3665,5,2743.3,3,1630.3,swap,acceptBad
3666,5,2731.6,3,1630.3,move,improve
3667,5,2714.0,3,1630.3,move,improve
3668,5,2714.0,3,1630.3,2opt,notBad
3669,5,2633.3,3,1630.3,move,improve
3670,5,2633.3,3,1630.3,2opt,notBad
3671,5,2633.3,3,1630.3,move,improve
3672,5,2633.3,3,1630.3,move,improve
3673,5,2610.5,3,1630.3,swap,improve
3674,5,2610.5,3,1630.3,move,improve
3675,5,2629.8,3,1630.3,swap,acceptBad
3676,5,2581.6,3,1630.3,move,improve
3677,5,2565.6,3,1630.3,move,improve
3678,5,2565.6,3,1630.3,2opt,notBad
3679,5,2569.7,3,1630.3,swap,acceptBad
3680,5,2569.7,3,1630.3,2opt,notBad
3681,5,2569.7,3,1630.3,move,improve
3682,5,2569.7,3,1630.3,move,improve
3683,5,2569.7,3,1630.3,2opt,notBad
3684,5,2545.6000000000004,3,1630.3,move,improve
3685,5,2545.6000000000004,3,1630.3,swap,notBad
3686,5,2545.6000000000004,3,1630.3,2opt,notBad
3687,5,2545.6000000000004,3,1630.3,move,improve
3688,5,2593.4,3,1630.3,swap,acceptBad
3689,5,2593.4,3,1630.3,2opt,notBad
3690,5,2622.3,3,1630.3,swap,acceptBad
3691,5,2622.3,3,1630.3,2opt,improve
3692,5,2622.3,3,1630.3,move,improve
3693,5,2622.3,3,1630.3,2opt,notBad
3694,5,2622.3,3,1630.3,move,improve
3695,5,2622.3,3,1630.3,swap,notBad
3696,5,2557.6000000000004,3,1630.3,move,improve
3697,5,2569.8,3,1630.3,swap,acceptBad
3698,5,2593.6000000000004,3,1630.3,swap,acceptBad
3699,5,2593.6000000000004,3,1630.3,2opt,notBad
3700,5,2593.6000000000004,3,1630.3,move,improve
3701,5,2570.9,3,1630.3,swap,improve
3702,5,2570.9,3,1630.3,move,improve
3703,5,2570.9,3,1630.3,2opt,notBad
3704,5,2501.8,3,1630.3,2opt,improve
3705,5,2501.8,3,1630.3,2opt,notBad
3706,5,2454.6,3,1630.3,swap,improve
3707,5,2454.6,3,1630.3,2opt,notBad
3708,5,2454.6,3,1630.3,swap,notBad
3709,5,2454.6,3,1630.3,2opt,notBad
3710,5,2453.6,3,1630.3,swap,improve
3711,5,2453.6,3,1630.3,move,improve
3712,5,2459.3999999999996,3,1630.3,swap,acceptBad
3713,5,2459.3999999999996,3,1630.3,2opt,notBad
3714,5,2459.3999999999996,3,1630.3,swap,notBad
3715,5,2459.3999999999996,3,1630.3,swap,notBad
3716,5,2459.3999999999996,3,1630.3,2opt,notBad
3717,5,2459.3999999999996,3,1630.3,2opt,notBad
3718,5,2459.3999999999996,3,1630.3,swap,improve
3719,5,2459.3999999999996,3,1630.3,swap,notBad
3720,5,2459.3999999999996,3,1630.3,2opt,notBad
3721,5,2459.3999999999996,3,1630.3,swap,improve
3722,5,2397.0,3,1630.3,swap,improve
3723,5,2397.0,3,1630.3,swap,notBad
3724,5,2397.0,3,1630.3,swap,improve
3725,5,2397.0,3,1630.3,move,improve
3726,5,2392.8999999999996,3,1630.3,move,improve
3727,5,2392.8999999999996,3,1630.3,2opt,notBad
3728,5,2392.8999999999996,3,1630.3,move,improve
3729,5,2392.8999999999996,3,1630.3,move,improve
3730,5,2392.8999999999996,3,1630.3,move,improve
3731,5,2392.8999999999996,3,1630.3,2opt,notBad
3732,5,2372.5,3,1630.3,move,improve
3733,5,2372.5,3,1630.3,2opt,notBad
3734,5,2372.5,3,1630.3,move,improve
3735,5,2372.5,3,1630.3,move,improve
3736,5,2372.5,3,1630.3,2opt,notBad
3737,5,2372.5,3,1630.3,2opt,notBad
3738,5,2372.5,3,1630.3,2opt,notBad
3739,5,2372.5,3,1630.3,swap,improve
3740,5,2372.5,3,1630.3,swap,improve
3741,5,2372.5,3,1630.3,2opt,notBad
3742,5,2372.5,3,1630.3,move,improve
3743,5,2372.5,3,1630.3,2opt,notBad
3744,5,2372.5,3,1630.3,move,improve
3745,5,2372.5,3,1630.3,2opt,notBad
3746,5,2310.1000000000004,3,1630.3,move,improve
3747,5,2310.1000000000004,3,1630.3,move,improve
3748,5,2310.1000000000004,3,1630.3,2opt,notBad
3749,5,2310.1000000000004,3,1630.3,2opt,notBad
3750,5,2310.1000000000004,3,1630.3,2opt,notBad
3751,5,2310.1000000000004,3,1630.3,2opt,notBad
3752,5,2310.1000000000004,3,1630.3,move,improve
3753,5,2312.4000000000005,3,1630.3,swap,acceptBad
3754,5,2312.4000000000005,3,1630.3,move,improve
3755,5,2312.4000000000005,3,1630.3,swap,notBad
3756,5,2345.5000000000005,3,1630.3,swap,acceptBad
3757,5,2345.5000000000005,3,1630.3,swap,improve
3758,5,2345.5000000000005,3,1630.3,2opt,notBad
3759,5,2345.5000000000005,3,1630.3,swap,improve
3760,5,2334.3,3,1630.3,swap,improve
3761,5,2334.3,3,1630.3,move,improve
3762,5,2334.3,3,1630.3,move,improve
3763,5,2334.9,3,1630.3,swap,acceptBad
3764,5,2334.9,3,1630.3,swap,notBad
3765,5,2334.9,3,1630.3,2opt,improve
3766,5,2334.9,3,1630.3,move,improve
3767,5,2330.3,3,1630.3,move,improve
3768,5,2330.3,3,1630.3,move,improve
3769,5,2314.5,3,1630.3,move,improve
3770,5,2314.5,3,1630.3,2opt,notBad
3771,5,2314.5,3,1630.3,2opt,notBad
3772,5,2314.5,3,1630.3,swap,improve
3773,5,2314.5,3,1630.3,swap,notBad
3774,5,2314.5,3,1630.3,move,improve
3775,5,2314.5,3,1630.3,swap,notBad
3776,5,2314.5,3,1630.3,2opt,notBad
3777,5,2354.4,3,1630.3,swap,acceptBad
3778,5,2354.4,3,1630.3,swap,improve
3779,5,2317.8,3,1630.3,move,improve
3780,5,2317.8,3,1630.3,move,improve
3781,5,2319.0000000000005,3,1630.3,swap,acceptBad
3782,5,2319.0000000000005,3,1630.3,swap,notBad
3783,5,2319.0000000000005,3,1630.3,2opt,notBad
3784,5,2319.0000000000005,3,1630.3,move,improve
3785,5,2319.0000000000005,3,1630.3,move,improve
3786,5,2319.0000000000005,3,1630.3,2opt,notBad
3787,5,2316.1,3,1630.3,swap,improve
3788,5,2316.1,3,1630.3,2opt,notBad
3789,5,2316.1,3,1630.3,swap,notBad
3790,5,2316.1,3,1630.3,move,improve
3791,5,2321.8,3,1630.3,swap,acceptBad
3792,5,2321.8,3,1630.3,move,improve
3793,5,2316.1,3,1630.3,move,improve
3794,5,2314.9,3,1630.3,swap,improve
3795,5,2314.9,3,1630.3,move,improve
3796,5,2314.9,3,1630.3,2opt,notBad
3797,5,2314.9,3,1630.3,2opt,notBad
3798,5,2314.9,3,1630.3,swap,notBad
3799,5,2282.5,3,1630.3,move,improve
3800,5,2282.5,3,1630.3,move,improve
3801,5,2282.5,3,1630.3,move,improve
3802,5,2282.5,3,1630.3,move,improve
3803,5,2282.5,3,1630.3,move,improve
3804,5,2282.5,3,1630.3,swap,improve
3805,5,2282.5,3,1630.3,2opt,notBad
3806,5,2282.5,3,1630.3,move,improve
3807,5,2282.5,3,1630.3,swap,improve
3808,5,2282.5,3,1630.3,swap,notBad
3809,5,2268.8,3,1630.3,2opt,improve
3810,5,2235.3,3,1630.3,swap,improve
3811,5,2227.9,3,1630.3,swap,improve
3812,5,2227.9,3,1630.3,2opt,notBad
3813,5,2227.9,3,1630.3,2opt,notBad
3814,5,2234.0,3,1630.3,swap,acceptBad
3815,5,2234.0,3,1630.3,swap,improve
3816,5,2234.0,3,1630.3,2opt,notBad
3817,5,2234.0,3,1630.3,2opt,notBad
3818,5,2234.0,3,1630.3,move,improve
3819,5,2234.0,3,1630.3,move,improve
3820,5,2234.0,3,1630.3,2opt,notBad
3821,5,2235.5,3,1630.3,swap,acceptBad
3822,5,2232.9,3,1630.3,move,improve
3823,5,2232.9,3,1630.3,swap,notBad
3824,5,2232.9,3,1630.3,move,improve
3825,5,2232.9,3,1630.3,2opt,notBad
3826,5,2231.4,3,1630.3,move,improve
3827,5,2241.4,3,1630.3,swap,acceptBad
3828,5,2241.4,3,1630.3,swap,notBad
3829,5,2241.4,3,1630.3,move,improve
3830,5,2241.4,3,1630.3,2opt,notBad
3831,5,2241.4,3,1630.3,2opt,notBad
3832,5,2241.4,3,1630.3,2opt,notBad
3833,5,2241.4,3,1630.3,swap,notBad
3834,5,2228.0,3,1630.3,move,improve
3835,5,2233.2,3,1630.3,swap,acceptBad
3836,5,2233.2,3,1630.3,2opt,notBad
3837,5,2228.0,3,1630.3,move,improve
3838,5,2228.0,3,1630.3,move,improve
3839,5,2221.4,3,1630.3,move,improve
3840,5,2221.4,3,1630.3,2opt,notBad
3841,5,2221.4,3,1630.3,2opt,improve
3842,5,2221.4,3,1630.3,2opt,notBad
3843,5,2197.4,3,1630.3,move,improve
3844,5,2197.4,3,1630.3,2opt,notBad
3845,5,2197.4,3,1630.3,move,improve
3846,5,2197.4,3,1630.3,move,improve
3847,5,2197.4,3,1630.3,move,improve
3848,5,2197.4,3,1630.3,2opt,notBad
3849,5,2197.4,3,1630.3,swap,notBad
3850,5,2207.8,3,1630.3,swap,acceptBad
3851,5,2207.8,3,1630.3,swap,notBad
3852,5,2207.8,3,1630.3,move,improve
3853,5,2207.8,3,1630.3,move,improve
3854,5,2207.8,3,1630.3,move,improve
3855,5,2207.8,3,1630.3,move,improve
3856,5,2137.6,3,1630.3,swap,improve
3857,5,2137.6,3,1630.3,move,improve
3858,5,2137.6,3,1630.3,swap,notBad
3859,5,2137.6,3,1630.3,swap,notBad
3860,5,2137.6,3,1630.3,move,improve
3861,5,2137.6,3,1630.3,2opt,notBad
3862,5,2137.6,3,1630.3,2opt,notBad
3863,5,2146.1,3,1630.3,swap,acceptBad
3864,5,2146.1,3,1630.3,2opt,notBad
3865,5,2146.1,3,1630.3,2opt,improve
3866,5,2146.1,3,1630.3,2opt,notBad
3867,5,2146.1,3,1630.3,2opt,notBad
3868,5,2146.1,3,1630.3,swap,improve
3869,5,2146.1,3,1630.3,swap,improve
3870,5,2146.1,3,1630.3,2opt,notBad
3871,5,2146.1,3,1630.3,move,improve
3872,5,2146.1,3,1630.3,2opt,notBad
3873,5,2146.1,3,1630.3,swap,notBad
3874,5,2195.2,3,1630.3,swap,acceptBad
3875,5,2195.2,3,1630.3,swap,improve
3876,5,2195.2,3,1630.3,swap,notBad
3877,5,2195.2,3,1630.3,2opt,notBad
3878,5,2189.5,3,1630.3,swap,improve
3879,5,2189.5,3,1630.3,swap,notBad
3880,5,2189.5,3,1630.3,move,improve
3881,5,2189.5,3,1630.3,move,improve
3882,5,2189.5,3,1630.3,move,improve
3883,5,2186.7,3,1630.3,swap,improve
3884,5,2222.4,3,1630.3,swap,acceptBad
3885,5,2222.4,3,1630.3,2opt,improve
3886,5,2174.9,3,1630.3,move,improve
3887,5,2174.9,3,1630.3,swap,improve
3888,5,2174.9,3,1630.3,swap,improve
3889,5,2174.9,3,1630.3,2opt,notBad
3890,5,2174.9,3,1630.3,swap,notBad
3891,5,2174.9,3,1630.3,move,improve
3892,5,2174.9,3,1630.3,move,improve
3893,5,2174.9,3,1630.3,move,improve
3894,5,2174.9,3,1630.3,swap,notBad
3895,5,2174.9,3,1630.3,move,improve
3896,5,2174.9,3,1630.3,2opt,notBad
3897,5,2174.9,3,1630.3,2opt,improve
3898,5,2174.4,3,1630.3,move,improve
3899,5,2174.4,3,1630.3,2opt,notBad
3900,5,2174.4,3,1630.3,2opt,notBad
3901,5,2174.4,3,1630.3,2opt,notBad
3902,5,2174.4,3,1630.3,move,improve
3903,5,2172.5,3,1630.3,swap,improve
3904,5,2160.6,3,1630.3,move,improve
3905,5,2160.6,3,1630.3,swap,notBad
3906,5,2152.5,3,1630.3,move,improve
3907,5,2152.5,3,1630.3,2opt,notBad
3908,5,2152.5,3,1630.3,2opt,notBad
3909,5,2150.7,3,1630.3,swap,improve
3910,5,2150.7,3,1630.3,swap,notBad
3911,5,2150.7,3,1630.3,move,improve
3912,5,2114.0,3,1630.3,move,improve
3913,5,2114.0,3,1630.3,move,improve
3914,5,2114.0,3,1630.3,move,improve
3915,5,2094.7,3,1630.3,move,improve
3916,5,2094.7,3,1630.3,2opt,notBad
3917,5,2094.7,3,1630.3,2opt,notBad
3918,5,2094.7,3,1630.3,move,improve
3919,5,2094.7,3,1630.3,2opt,notBad
3920,5,2094.7,3,1630.3,move,improve
3921,5,2094.7,3,1630.3,swap,notBad
3922,5,2094.7,3,1630.3,2opt,notBad
3923,5,2094.7,3,1630.3,2opt,notBad
3924,5,2081.6,3,1630.3,move,improve
3925,5,2081.6,3,1630.3,move,improve
3926,5,2071.2,3,1630.3,move,improve
3927,5,2071.2,3,1630.3,2opt,notBad
3928,5,2071.2,3,1630.3,swap,notBad
3929,5,2071.2,3,1630.3,move,improve
3930,5,2089.3,3,1630.3,swap,acceptBad
3931,5,2089.3,3,1630.3,move,improve
3932,5,2089.3,3,1630.3,move,improve
3933,5,2089.3,3,1630.3,2opt,notBad
3934,5,2089.3,3,1630.3,move,improve
3935,5,2089.3,3,1630.3,swap,improve
3936,5,2089.3,3,1630.3,move,improve
3937,5,2102.9,3,1630.3,swap,acceptBad
3938,5,2110.7,3,1630.3,swap,acceptBad
3939,5,2116.7999999999997,3,1630.3,swap,acceptBad
3940,5,2137.2999999999997,3,1630.3,swap,acceptBad
3941,5,2055.7,3,1630.3,move,improve
3942,5,2055.7,3,1630.3,swap,notBad
3943,5,2055.7,3,1630.3,2opt,notBad
3944,5,2069.4,3,1630.3,swap,acceptBad
3945,5,2069.4,3,1630.3,2opt,notBad
3946,5,2069.4,3,1630.3,swap,improve
3947,5,2069.4,3,1630.3,move,improve
3948,5,2069.4,3,1630.3,2opt,notBad
3949,5,2053.7,3,1630.3,swap,improve
3950,5,2053.7,3,1630.3,swap,notBad
3951,5,2053.7,3,1630.3,swap,improve
3952,5,2053.7,3,1630.3,2opt,notBad
3953,5,2053.7,3,1630.3,2opt,notBad
3954,5,2053.7,3,1630.3,move,improve
3955,5,2053.7,3,1630.3,swap,improve
3956,5,2053.7,3,1630.3,2opt,notBad
3957,5,2055.9,3,1630.3,swap,acceptBad
3958,5,2055.9,3,1630.3,2opt,notBad
3959,5,2011.1999999999998,3,1630.3,move,improve
3960,5,2011.1999999999998,3,1630.3,2opt,notBad
3961,5,1980.6,3,1630.3,move,improve
3962,5,1980.6,3,1630.3,2opt,notBad
3963,5,1988.5,3,1630.3,swap,acceptBad
3964,5,1988.5,3,1630.3,2opt,notBad
3965,5,1988.5,3,1630.3,swap,notBad
3966,5,1988.5,3,1630.3,swap,notBad
3967,5,1988.5,3,1630.3,move,improve
3968,5,1988.5,3,1630.3,2opt,notBad
3969,5,1988.5,3,1630.3,2opt,notBad
3970,5,1988.5,3,1630.3,2opt,notBad
3971,5,1988.5,3,1630.3,swap,notBad
3972,5,1988.5,3,1630.3,swap,notBad
3973,5,1988.4,3,1630.3,swap,improve
3974,5,1988.4,3,1630.3,swap,notBad
3975,5,1988.4,3,1630.3,2opt,notBad
3976,5,1988.4,3,1630.3,2opt,notBad
3977,5,1974.9,3,1630.3,swap,improve
3978,5,1998.8000000000002,3,1630.3,swap,acceptBad
3979,5,1998.8000000000002,3,1630.3,swap,notBad
3980,5,1998.8000000000002,3,1630.3,2opt,notBad
3981,5,1998.8000000000002,3,1630.3,2opt,notBad
3982,5,1998.8000000000002,3,1630.3,2opt,notBad
3983,5,1996.0,3,1630.3,swap,improve
3984,5,1996.0,3,1630.3,2opt,notBad
3985,5,1996.0,3,1630.3,2opt,notBad
3986,5,1996.0,3,1630.3,2opt,notBad
3987,5,1996.0,3,1630.3,2opt,notBad
3988,5,1991.9,3,1630.3,swap,improve
3989,5,1975.9,3,1630.3,move,improve
3990,5,1974.1000000000001,3,1630.3,swap,improve
3991,5,1974.1000000000001,3,1630.3,2opt,notBad
3992,5,1974.1000000000001,3,1630.3,move,improve
3993,5,1974.1000000000001,3,1630.3,move,improve
3994,5,1972.9999999999998,3,1630.3,move,improve
3995,5,1972.9999999999998,3,1630.3,swap,improve
3996,5,1972.9999999999998,3,1630.3,2opt,notBad
3997,5,1972.9999999999998,3,1630.3,move,improve
3998,5,1972.9999999999998,3,1630.3,2opt,notBad
3999,5,1977.6,3,1630.3,swap,acceptBad
4000,5,1977.6,3,1630.3,2opt,notBad
4001,5,1977.6,3,1630.3,2opt,notBad
4002,5,1977.6,3,1630.3,2opt,notBad
4003,5,1977.6,3,1630.3,2opt,notBad
4004,5,1964.5,3,1630.3,move,improve
4005,5,1964.5,3,1630.3,2opt,notBad
4006,5,1964.5,3,1630.3,swap,notBad
4007,5,1964.5,3,1630.3,move,improve
4008,5,1964.5,3,1630.3,2opt,notBad
4009,5,1968.7,3,1630.3,swap,acceptBad
4010,5,1968.7,3,1630.3,move,improve
4011,5,1973.1000000000001,3,1630.3,swap,acceptBad
4012,5,1973.1000000000001,3,1630.3,2opt,notBad
4013,5,1969.9,3,1630.3,move,improve
4014,5,1969.9,3,1630.3,move,improve
4015,5,1969.9,3,1630.3,swap,notBad
4016,5,1969.9,3,1630.3,move,improve
4017,5,1969.9,3,1630.3,swap,notBad
4018,5,1989.0,3,1630.3,swap,acceptBad
4019,5,1990.3,3,1630.3,swap,acceptBad
4020,5,1990.3,3,1630.3,2opt,notBad
4021,5,1990.3,3,1630.3,2opt,notBad
4022,5,1990.3,3,1630.3,2opt,notBad
4023,5,1971.2,3,1630.3,move,improve
4024,5,1971.2,3,1630.3,swap,notBad
4025,5,1971.2,3,1630.3,swap,notBad
4026,5,1971.2,3,1630.3,2opt,notBad
4027,5,1971.2,3,1630.3,2opt,notBad
4028,5,1971.2,3,1630.3,2opt,notBad
4029,5,1971.2,3,1630.3,swap,improve
4030,5,1977.3999999999999,3,1630.3,swap,acceptBad
4031,5,1977.3999999999999,3,1630.3,swap,improve
4032,5,1977.3999999999999,3,1630.3,move,improve
4033,5,1977.3999999999999,3,1630.3,2opt,notBad
4034,5,1977.3999999999999,3,1630.3,swap,notBad
4035,5,1977.3999999999999,3,1630.3,move,improve
4036,5,1977.3999999999999,3,1630.3,swap,improve
4037,5,1977.3999999999999,3,1630.3,swap,notBad
4038,5,1977.3999999999999,3,1630.3,2opt,improve
4039,5,1926.4,3,1630.3,move,improve
4040,5,1926.4,3,1630.3,2opt,notBad
4041,5,1926.4,3,1630.3,2opt,notBad
4042,5,1909.2,3,1630.3,2opt,improve
4043,5,1909.2,3,1630.3,move,improve
4044,5,1909.2,3,1630.3,move,improve
4045,5,1909.2,3,1630.3,swap,notBad
4046,5,1909.2,3,1630.3,move,improve
4047,5,1909.2,3,1630.3,swap,notBad
4048,5,1909.2,3,1630.3,2opt,notBad
4049,5,1909.2,3,1630.3,swap,improve
4050,5,1909.2,3,1630.3,move,improve
4051,5,1909.2,3,1630.3,move,improve
4052,5,1909.2,3,1630.3,swap,notBad
4053,5,1909.2,3,1630.3,2opt,improve
4054,4,1907.5,3,1630.3,2opt,improve
4055,4,1907.5,3,1630.3,2opt,notBad
4056,4,1907.5,3,1630.3,2opt,notBad
4057,4,1902.5,3,1630.3,swap,improve
4058,4,1902.5,3,1630.3,2opt,improve
4059,4,1902.5,3,1630.3,move,improve
4060,4,1896.2,3,1630.3,move,improve
4061,4,1906.0,3,1630.3,swap,acceptBad
4062,4,1906.0,3,1630.3,move,improve
4063,4,1889.7,3,1630.3,move,improve
4064,4,1889.7,3,1630.3,move,improve
4065,4,1889.7,3,1630.3,move,improve
4066,4,1889.7,3,1630.3,move,improve
4067,4,1889.7,3,1630.3,swap,improve
4068,4,1889.7,3,1630.3,2opt,notBad
4069,4,1889.7,3,1630.3,2opt,improve
4070,4,1889.7,3,1630.3,move,improve
4071,4,1932.3,3,1630.3,swap,acceptBad
4072,4,1932.3,3,1630.3,2opt,notBad
4073,4,1932.3,3,1630.3,move,improve
4074,4,1932.3,3,1630.3,2opt,notBad
4075,4,1930.3999999999999,3,1630.3,move,improve
4076,4,1930.3999999999999,3,1630.3,swap,improve
4077,4,1930.3999999999999,3,1630.3,2opt,notBad
4078,4,1930.3999999999999,3,1630.3,move,improve
4079,4,1927.6000000000001,3,1630.3,move,improve
4080,4,1927.6000000000001,3,1630.3,2opt,notBad
4081,4,1927.6000000000001,3,1630.3,2opt,notBad
4082,4,1927.6000000000001,3,1630.3,2opt,notBad
4083,4,1927.6000000000001,3,1630.3,2opt,notBad
4084,4,1927.6000000000001,3,1630.3,2opt,notBad
4085,4,1927.6000000000001,3,1630.3,swap,notBad
4086,4,1927.6000000000001,3,1630.3,2opt,notBad
4087,4,1923.6000000000001,3,1630.3,2opt,improve
4088,4,1933.8,3,1630.3,swap,acceptBad
4089,4,1933.8,3,1630.3,move,improve
4090,4,1933.8,3,1630.3,move,improve
4091,4,1933.8,3,1630.3,swap,notBad
4092,4,1932.3,3,1630.3,swap,improve
4093,4,1932.3,3,1630.3,move,improve
4094,4,1932.3,3,1630.3,move,improve
4095,4,1932.3,3,1630.3,move,improve
4096,4,1932.3,3,1630.3,2opt,notBad
4097,4,1932.3,3,1630.3,2opt,notBad
4098,4,1927.3,3,1630.3,swap,improve
4099,4,1927.3,3,1630.3,swap,notBad
4100,4,1927.3,3,1630.3,2opt,notBad
4101,4,1927.3,3,1630.3,move,improve
4102,4,1927.3,3,1630.3,2opt,notBad
4103,4,1939.1999999999998,3,1630.3,swap,acceptBad
4104,4,1939.1999999999998,3,1630.3,2opt,notBad
4105,4,1937.3,3,1630.3,move,improve
4106,4,1937.3,3,1630.3,2opt,notBad
4107,4,1936.9,3,1630.3,move,improve
4108,4,1936.9,3,1630.3,2opt,improve
4109,4,1936.9,3,1630.3,2opt,notBad
4110,4,1936.9,3,1630.3,2opt,notBad
4111,4,1936.9,3,1630.3,2opt,notBad
4112,4,1932.6,3,1630.3,move,improve
4113,4,1932.5,3,1630.3,swap,improve
4114,4,1932.5,3,1630.3,2opt,notBad
4115,4,1932.5,3,1630.3,2opt,notBad
4116,4,1932.5,3,1630.3,move,improve
4117,4,1932.5,3,1630.3,2opt,notBad
4118,4,1943.3,3,1630.3,swap,acceptBad
4119,4,1943.3,3,1630.3,move,improve
4120,4,1943.3,3,1630.3,move,improve
4121,4,1943.3,3,1630.3,2opt,notBad
4122,4,1859.3,3,1630.3,move,improve
4123,4,1859.3,3,1630.3,move,improve
4124,4,1859.3,3,1630.3,2opt,notBad
4125,4,1857.8999999999999,3,1630.3,move,improve
4126,4,1857.8999999999999,3,1630.3,2opt,notBad
4127,4,1857.8999999999999,3,1630.3,2opt,notBad
4128,4,1857.8999999999999,3,1630.3,2opt,notBad
4129,4,1855.0,3,1630.3,swap,improve
4130,4,1855.0,3,1630.3,move,improve
4131,4,1855.0,3,1630.3,2opt,notBad
4132,4,1855.0,3,1630.3,2opt,notBad
4133,4,1855.0,3,1630.3,move,improve
4134,4,1853.3000000000002,3,1630.3,move,improve
4135,4,1853.3000000000002,3,1630.3,2opt,notBad
4136,4,1853.3000000000002,3,1630.3,2opt,notBad
4137,4,1835.9,3,1630.3,swap,improve
4138,4,1835.9,3,1630.3,2opt,notBad
4139,4,1835.9,3,1630.3,2opt,notBad
4140,4,1832.3,3,1630.3,swap,improve
4141,4,1832.3,3,1630.3,2opt,notBad
4142,4,1832.3,3,1630.3,2opt,notBad
4143,4,1849.9,3,1630.3,swap,acceptBad
4144,4,1840.3000000000002,3,1630.3,move,improve
4145,4,1840.3000000000002,3,1630.3,swap,improve
4146,4,1840.3000000000002,3,1630.3,swap,notBad
4147,4,1840.3000000000002,3,1630.3,move,improve
4148,4,1840.3000000000002,3,1630.3,2opt,notBad
4149,4,1840.3000000000002,3,1630.3,2opt,improve
4150,4,1796.1,3,1630.3,move,improve
4151,4,1796.1,3,1630.3,2opt,notBad
4152,4,1796.1,3,1630.3,2opt,notBad
4153,4,1796.1,3,1630.3,swap,notBad
4154,4,1796.1,3,1630.3,move,improve
4155,4,1796.1,3,1630.3,move,improve
4156,4,1796.1,3,1630.3,move,improve
4157,4,1796.1,3,1630.3,move,improve
4158,4,1796.1,3,1630.3,move,improve
4159,4,1804.6,3,1630.3,swap,acceptBad
4160,4,1804.6,3,1630.3,move,improve
4161,4,1804.6,3,1630.3,2opt,notBad
4162,4,1804.6,3,1630.3,swap,notBad
4163,4,1804.6,3,1630.3,2opt,notBad
4164,4,1799.5,3,1630.3,move,improve
4165,4,1799.5,3,1630.3,move,improve
4166,4,1803.0,3,1630.3,swap,acceptBad
4167,4,1803.0,3,1630.3,2opt,notBad
4168,4,1803.0,3,1630.3,move,improve
4169,4,1803.0,3,1630.3,move,improve
4170,3,1794.1999999999998,3,1630.3,2opt,improve
4171,3,1794.1999999999998,3,1630.3,2opt,notBad
4172,3,1794.1999999999998,3,1630.3,2opt,notBad
4173,3,1794.1999999999998,3,1630.3,swap,improve
4174,3,1794.1999999999998,3,1630.3,2opt,notBad
4175,3,1794.1999999999998,3,1630.3,2opt,notBad
4176,3,1794.1999999999998,3,1630.3,2opt,notBad
4177,3,1794.1999999999998,3,1630.3,move,improve
4178,3,1794.1999999999998,3,1630.3,2opt,notBad
4179,3,1794.1999999999998,3,1630.3,swap,improve
4180,3,1794.1999999999998,3,1630.3,swap,improve
4181,3,1790.6999999999998,3,1630.3,move,improve
4182,3,1790.6999999999998,3,1630.3,2opt,notBad
4183,3,1781.3000000000002,3,1630.3,swap,improve
4184,3,1781.3000000000002,3,1630.3,2opt,notBad
4185,3,1781.3000000000002,3,1630.3,move,improve
4186,3,1781.3000000000002,3,1630.3,move,improve
4187,3,1781.3000000000002,3,1630.3,move,improve
4188,3,1781.3000000000002,3,1630.3,2opt,notBad
4189,3,1791.8000000000002,3,1630.3,swap,acceptBad
4190,3,1791.8000000000002,3,1630.3,2opt,notBad
4191,3,1791.8000000000002,3,1630.3,2opt,notBad
4192,3,1791.8000000000002,3,1630.3,2opt,notBad
4193,3,1791.8000000000002,3,1630.3,swap,notBad
4194,3,1770.3000000000002,3,1630.3,swap,improve
4195,3,1770.3000000000002,3,1630.3,swap,notBad
4196,3,1770.3000000000002,3,1630.3,swap,notBad
4197,3,1770.3000000000002,3,1630.3,move,improve
4198,3,1770.3000000000002,3,1630.3,2opt,notBad
4199,3,1770.3000000000002,3,1630.3,2opt,notBad
4200,3,1770.3000000000002,3,1630.3,move,improve
4201,3,1759.8000000000002,3,1630.3,move,improve
4202,3,1768.8000000000002,3,1630.3,swap,acceptBad
4203,3,1768.8000000000002,3,1630.3,move,improve
4204,3,1764.9,3,1630.3,move,improve
4205,3,1764.9,3,1630.3,2opt,notBad
4206,3,1764.9,3,1630.3,2opt,notBad
4207,3,1758.6,3,1630.3,move,improve
4208,3,1774.5,3,1630.3,swap,acceptBad
4209,3,1774.5,3,1630.3,swap,improve
4210,3,1774.5,3,1630.3,swap,improve
4211,3,1774.5,3,1630.3,2opt,improve
4212,3,1802.7,3,1630.3,swap,acceptBad
4213,3,1802.7,3,1630.3,swap,improve
4214,3,1802.7,3,1630.3,2opt,notBad
4215,3,1758.2,3,1630.3,move,improve
4216,3,1758.2,3,1630.3,swap,improve
4217,3,1763.7,3,1630.3,swap,acceptBad
4218,3,1763.7,3,1630.3,2opt,notBad
4219,3,1763.7,3,1630.3,2opt,notBad
4220,3,1763.7,3,1630.3,move,improve
4221,3,1763.7,3,1630.3,2opt,notBad
4222,3,1744.5,3,1630.3,move,improve
4223,3,1744.5,3,1630.3,move,improve
4224,3,1735.5,3,1630.3,swap,improve
4225,3,1735.5,3,1630.3,swap,notBad
4226,3,1730.3,3,1630.3,move,improve
4227,3,1725.2,3,1630.3,swap,improve
4228,3,1725.2,3,1630.3,2opt,notBad
4229,3,1723.8000000000002,3,1630.3,swap,improve
4230,3,1705.7,3,1630.3,move,improve
4231,3,1705.7,3,1630.3,move,improve
4232,3,1705.7,3,1630.3,2opt,notBad
4233,3,1705.7,3,1630.3,2opt,notBad
4234,3,1705.7,3,1630.3,move,improve
4235,3,1707.6,3,1630.3,swap,acceptBad
4236,3,1707.6,3,1630.3,swap,improve
4237,3,1707.6,3,1630.3,2opt,notBad
4238,3,1707.6,3,1630.3,move,improve
4239,3,1659.1999999999998,3,1630.3,swap,improve
4240,3,1659.1999999999998,3,1630.3,2opt,notBad
4241,3,1659.1999999999998,3,1630.3,swap,notBad
4242,3,1655.5,3,1630.3,swap,improve
4243,3,1655.5,3,1630.3,swap,notBad
4244,3,1655.5,3,1630.3,2opt,notBad
4245,3,1655.5,3,1630.3,2opt,notBad
4246,3,1655.5,3,1630.3,2opt,notBad
4247,3,1655.5,3,1630.3,2opt,notBad
4248,3,1655.5,3,1630.3,2opt,notBad
4249,3,1653.6,3,1630.3,move,improve
4250,3,1653.6,3,1630.3,swap,notBad
4251,3,1653.6,3,1630.3,move,improve
4252,3,1653.6,3,1630.3,2opt,notBad
4253,3,1653.6,3,1630.3,swap,improve
4254,3,1653.6,3,1630.3,move,improve
4255,3,1653.6,3,1630.3,swap,notBad
4256,3,1653.6,3,1630.3,move,improve
4257,3,1653.6,3,1630.3,move,improve
4258,3,1658.2,3,1630.3,swap,acceptBad
4259,3,1658.2,3,1630.3,move,improve
4260,3,1658.2,3,1630.3,move,improve
4261,3,1658.2,3,1630.3,2opt,notBad
4262,3,1658.2,3,1630.3,2opt,notBad
4263,3,1658.2,3,1630.3,swap,improve
4264,3,1658.2,3,1630.3,move,improve
4265,3,1658.2,3,1630.3,2opt,notBad
4266,3,1658.2,3,1630.3,move,improve
4267,3,1658.2,3,1630.3,move,improve
4268,3,1658.2,3,1630.3,swap,notBad
4269,3,1658.2,3,1630.3,move,improve
4270,3,1658.2,3,1630.3,swap,notBad
4271,3,1653.6,3,1630.3,swap,improve
4272,3,1653.6,3,1630.3,2opt,notBad
4273,3,1653.6,3,1630.3,move,improve
4274,3,1653.6,3,1630.3,move,improve
4275,3,1670.6,3,1630.3,swap,acceptBad
4276,3,1670.6,3,1630.3,2opt,notBad
4277,3,1669.5,3,1630.3,swap,improve
4278,3,1652.5,3,1630.3,move,improve
4279,3,1652.5,3,1630.3,move,improve
4280,3,1659.2,3,1630.3,swap,acceptBad
4281,3,1659.2,3,1630.3,2opt,notBad
4282,3,1652.5,3,1630.3,move,improve
4283,3,1652.8000000000002,3,1630.3,swap,acceptBad
4284,3,1652.8000000000002,3,1630.3,2opt,notBad
4285,3,1652.8000000000002,3,1630.3,2opt,notBad
4286,3,1652.8000000000002,3,1630.3,swap,notBad
4287,3,1649.4,3,1630.3,move,improve
4288,3,1649.4,3,1630.3,move,improve
4289,3,1649.4,3,1630.3,move,improve
4290,3,1663.0,3,1630.3,swap,acceptBad
4291,3,1663.0,3,1630.3,swap,notBad
4292,3,1663.0,3,1630.3,move,improve
4293,3,1663.0,3,1630.3,swap,notBad
4294,3,1663.0,3,1630.3,move,improve
4295,3,1663.0,3,1630.3,2opt,notBad
4296,3,1683.9,3,1630.3,swap,acceptBad
4297,3,1683.9,3,1630.3,move,improve
4298,3,1683.9,3,1630.3,2opt,notBad
4299,3,1683.9,3,1630.3,move,improve
4300,3,1694.4,3,1630.3,swap,acceptBad
4301,3,1675.4,3,1630.3,move,improve
4302,3,1675.4,3,1630.3,2opt,notBad
4303,3,1675.4,3,1630.3,swap,improve
4304,3,1675.4,3,1630.3,move,improve
4305,3,1675.4,3,1630.3,move,improve
4306,3,1675.1,3,1630.3,swap,improve
4307,3,1675.1,3,1630.3,swap,notBad
4308,3,1675.1,3,1630.3,2opt,notBad
4309,3,1675.1,3,1630.3,move,improve
4310,3,1661.1,3,1630.3,move,improve
4311,3,1661.1,3,1630.3,swap,improve
4312,3,1661.1,3,1630.3,2opt,notBad
4313,3,1661.1,3,1630.3,move,improve
4314,3,1661.1,3,1630.3,2opt,notBad
4315,3,1661.1,3,1630.3,2opt,notBad
4316,3,1661.1,3,1630.3,move,improve
4317,3,1661.1,3,1630.3,swap,improve
4318,3,1661.1,3,1630.3,swap,notBad
4319,3,1661.1,3,1630.3,move,improve
4320,3,1661.1,3,1630.3,move,improve
4321,3,1661.1,3,1630.3,2opt,notBad
4322,3,1661.1,3,1630.3,2opt,notBad
4323,3,1661.1,3,1630.3,move,improve
4324,3,1661.1,3,1630.3,move,improve
4325,3,1661.1,3,1630.3,swap,notBad
4326,3,1661.1,3,1630.3,move,improve
4327,3,1661.1,3,1630.3,swap,notBad
4328,3,1661.1,3,1630.3,move,improve
4329,3,1661.1,3,1630.3,move,improve
4330,3,1661.1,3,1630.3,2opt,notBad
4331,3,1661.1,3,1630.3,move,improve
4332,3,1667.8,3,1630.3,swap,acceptBad
4333,3,1667.8,3,1630.3,swap,improve
4334,3,1667.8,3,1630.3,swap,notBad
4335,3,1667.8,3,1630.3,move,improve
4336,3,1667.8,3,1630.3,move,improve
4337,3,1667.8,3,1630.3,2opt,improve
4338,3,1667.8,3,1630.3,swap,notBad
4339,3,1667.8,3,1630.3,move,improve
4340,3,1667.8,3,1630.3,2opt,notBad
4341,3,1667.8,3,1630.3,2opt,notBad
4342,3,1667.8,3,1630.3,2opt,notBad
4343,3,1666.0,3,1630.3,swap,improve
4344,3,1674.1,3,1630.3,swap,acceptBad
4345,3,1677.4,3,1630.3,swap,acceptBad
4346,3,1667.8000000000002,3,1630.3,move,improve
4347,3,1671.5,3,1630.3,swap,acceptBad
4348,3,1671.5,3,1630.3,swap,improve
4349,3,1676.1,3,1630.3,swap,acceptBad
4350,3,1676.1,3,1630.3,move,improve
4351,3,1676.1,3,1630.3,2opt,notBad
4352,3,1676.1,3,1630.3,move,improve
4353,3,1676.1,3,1630.3,move,improve
4354,3,1676.1,3,1630.3,2opt,notBad
4355,3,1676.1,3,1630.3,2opt,notBad
4356,3,1675.8,3,1630.3,swap,improve
4357,3,1675.8,3,1630.3,2opt,notBad
4358,3,1675.8,3,1630.3,move,improve
4359,3,1676.2,3,1630.3,swap,acceptBad
4360,3,1673.8,3,1630.3,swap,improve
4361,3,1673.8,3,1630.3,2opt,notBad
4362,3,1673.8,3,1630.3,move,improve
4363,3,1673.8,3,1630.3,move,improve
4364,3,1673.8,3,1630.3,2opt,notBad
4365,3,1670.1,3,1630.3,swap,improve
4366,3,1670.1,3,1630.3,2opt,notBad
4367,3,1670.1,3,1630.3,move,improve
4368,3,1670.1,3,1630.3,move,improve
4369,3,1670.1,3,1630.3,2opt,improve
4370,3,1669.3,3,1630.3,swap,improve
4371,3,1669.3,3,1630.3,move,improve
4372,3,1669.3,3,1630.3,2opt,notBad
4373,3,1669.3,3,1630.3,move,improve
4374,3,1669.3,3,1630.3,swap,improve
4375,3,1672.1,3,1630.3,swap,acceptBad
4376,3,1672.1,3,1630.3,move,improve
4377,3,1673.8999999999999,3,1630.3,swap,acceptBad
4378,3,1673.8999999999999,3,1630.3,move,improve
4379,3,1673.8999999999999,3,1630.3,move,improve
4380,3,1673.8999999999999,3,1630.3,2opt,notBad
4381,3,1673.8999999999999,3,1630.3,move,improve
4382,3,1680.1999999999998,3,1630.3,swap,acceptBad
4383,3,1680.1999999999998,3,1630.3,2opt,notBad
4384,3,1680.1999999999998,3,1630.3,2opt,notBad
4385,3,1680.1999999999998,3,1630.3,move,improve
4386,3,1680.1999999999998,3,1630.3,2opt,notBad
4387,3,1680.1999999999998,3,1630.3,swap,notBad
4388,3,1680.1999999999998,3,1630.3,move,improve
4389,3,1680.1999999999998,3,1630.3,2opt,notBad
4390,3,1680.1999999999998,3,1630.3,move,improve
4391,3,1680.1999999999998,3,1630.3,swap,notBad
4392,3,1675.6,3,1630.3,swap,improve
4393,3,1675.6,3,1630.3,2opt,notBad
4394,3,1673.8000000000002,3,1630.3,swap,improve
4395,3,1673.8000000000002,3,1630.3,2opt,notBad
4396,3,1673.8000000000002,3,1630.3,move,improve
4397,3,1673.8000000000002,3,1630.3,move,improve
4398,3,1672.3,3,1630.3,move,improve
4399,3,1672.3,3,1630.3,2opt,notBad
4400,3,1672.3,3,1630.3,2opt,notBad
4401,3,1665.6,3,1630.3,move,improve
4402,3,1665.6,3,1630.3,move,improve
4403,3,1665.6,3,1630.3,move,improve
4404,3,1665.6,3,1630.3,2opt,notBad
4405,3,1665.6,3,1630.3,2opt,notBad
4406,3,1667.4,3,1630.3,swap,acceptBad
4407,3,1667.4,3,1630.3,2opt,notBad
4408,3,1667.4,3,1630.3,2opt,notBad
4409,3,1667.4,3,1630.3,2opt,notBad
4410,3,1667.4,3,1630.3,move,improve
4411,3,1667.4,3,1630.3,swap,notBad
4412,3,1667.4,3,1630.3,2opt,improve
4413,3,1667.4,3,1630.3,swap,notBad
4414,3,1667.4,3,1630.3,2opt,notBad
4415,3,1667.4,3,1630.3,move,improve
4416,3,1667.4,3,1630.3,move,improve
4417,3,1667.4,3,1630.3,2opt,notBad
4418,3,1667.4,3,1630.3,2opt,notBad
4419,3,1667.4,3,1630.3,move,improve
4420,3,1667.4,3,1630.3,2opt,notBad
4421,3,1668.9,3,1630.3,swap,acceptBad
4422,3,1668.9,3,1630.3,2opt,notBad
4423,3,1662.6,3,1630.3,swap,improve
4424,3,1662.6,3,1630.3,move,improve
4425,3,1662.6,3,1630.3,move,improve
4426,3,1662.6,3,1630.3,move,improve
4427,3,1662.6,3,1630.3,2opt,notBad
4428,3,1653.6,3,1630.3,swap,improve
4429,3,1653.6,3,1630.3,swap,improve
4430,3,1653.6,3,1630.3,2opt,notBad
4431,3,1653.6,3,1630.3,move,improve
4432,3,1653.6,3,1630.3,swap,notBad
4433,3,1653.6,3,1630.3,swap,improve
4434,3,1653.6,3,1630.3,swap,improve
4435,3,1653.6,3,1630.3,move,improve
4436,3,1653.6,3,1630.3,move,improve
4437,3,1654.0,3,1630.3,swap,acceptBad
4438,3,1656.3000000000002,3,1630.3,swap,acceptBad
4439,3,1656.3000000000002,3,1630.3,2opt,notBad
4440,3,1674.9,3,1630.3,swap,acceptBad
4441,3,1674.9,3,1630.3,2opt,notBad
4442,3,1674.9,3,1630.3,2opt,notBad
4443,3,1674.9,3,1630.3,move,improve
4444,3,1674.9,3,1630.3,move,improve
4445,3,1672.6,3,1630.3,move,improve
4446,3,1675.6000000000001,3,1630.3,swap,acceptBad
4447,3,1675.6000000000001,3,1630.3,swap,notBad
4448,3,1672.6,3,1630.3,swap,improve
4449,3,1672.6,3,1630.3,swap,notBad
4450,3,1672.6,3,1630.3,2opt,notBad
4451,3,1672.6,3,1630.3,move,improve
4452,3,1679.3,3,1630.3,swap,acceptBad
4453,3,1679.3,3,1630.3,2opt,notBad
4454,3,1679.3,3,1630.3,2opt,notBad
4455,3,1679.3,3,1630.3,move,improve
4456,3,1677.5,3,1630.3,move,improve
4457,3,1677.5,3,1630.3,move,improve
4458,3,1677.5,3,1630.3,2opt,notBad
4459,3,1677.5,3,1630.3,2opt,notBad
4460,3,1680.1,3,1630.3,swap,acceptBad
4461,3,1680.1,3,1630.3,move,improve
4462,3,1673.4,3,1630.3,swap,improve
4463,3,1677.7000000000003,3,1630.3,swap,acceptBad
4464,3,1670.8000000000002,3,1630.3,swap,improve
4465,3,1670.8000000000002,3,1630.3,move,improve
4466,3,1670.8000000000002,3,1630.3,2opt,notBad
4467,3,1670.8000000000002,3,1630.3,2opt,notBad
4468,3,1670.8000000000002,3,1630.3,2opt,notBad
4469,3,1670.8000000000002,3,1630.3,2opt,notBad
4470,3,1670.8000000000002,3,1630.3,2opt,notBad
4471,3,1670.8000000000002,3,1630.3,swap,improve
4472,3,1670.8000000000002,3,1630.3,move,improve
4473,3,1670.8000000000002,3,1630.3,2opt,notBad
4474,3,1673.9,3,1630.3,swap,acceptBad
4475,3,1673.9,3,1630.3,2opt,notBad
4476,3,1673.9,3,1630.3,move,improve
4477,3,1673.9,3,1630.3,2opt,notBad
4478,3,1680.8000000000002,3,1630.3,swap,acceptBad
4479,3,1680.8000000000002,3,1630.3,2opt,improve
4480,3,1680.0,3,1630.3,move,improve
4481,3,1680.0,3,1630.3,2opt,notBad
4482,3,1680.0,3,1630.3,2opt,notBad
4483,3,1680.0,3,1630.3,swap,improve
4484,3,1690.5,3,1630.3,swap,acceptBad
4485,3,1690.5,3,1630.3,move,improve
4486,3,1690.5,3,1630.3,move,improve
4487,3,1690.5,3,1630.3,2opt,notBad
4488,3,1690.5,3,1630.3,move,improve
4489,3,1690.5,3,1630.3,swap,improve
4490,3,1690.5,3,1630.3,swap,improve
4491,3,1690.5,3,1630.3,2opt,improve
4492,3,1690.5,3,1630.3,2opt,improve
4493,3,1690.5,3,1630.3,2opt,notBad
4494,3,1690.5,3,1630.3,2opt,notBad
4495,3,1690.5,3,1630.3,move,improve
4496,3,1690.5,3,1630.3,2opt,notBad
4497,3,1690.5,3,1630.3,swap,improve
4498,3,1690.5,3,1630.3,2opt,notBad
4499,3,1690.5,3,1630.3,2opt,notBad
4500,3,1690.5,3,1630.3,move,improve
4501,3,1690.8000000000002,3,1630.3,swap,acceptBad
4502,3,1690.8000000000002,3,1630.3,swap,notBad
4503,3,1697.5,3,1630.3,swap,acceptBad
4504,3,1696.0,3,1630.3,move,improve
4505,3,1690.4,3,1630.3,swap,improve
4506,3,1690.4,3,1630.3,swap,notBad
4507,3,1690.4,3,1630.3,2opt,notBad
4508,3,1690.4,3,1630.3,move,improve
4509,3,1690.4,3,1630.3,move,improve
4510,3,1690.4,3,1630.3,move,improve
4511,3,1695.7,3,1630.3,swap,acceptBad
4512,3,1695.7,3,1630.3,2opt,notBad
4513,3,1695.7,3,1630.3,2opt,notBad
4514,3,1695.7,3,1630.3,2opt,improve
4515,3,1695.7,3,1630.3,move,improve
4516,3,1695.7,3,1630.3,swap,improve
4517,3,1685.2,3,1630.3,move,improve
4518,3,1685.2,3,1630.3,swap,notBad
4519,3,1685.2,3,1630.3,2opt,notBad
4520,3,1685.2,3,1630.3,move,improve
4521,3,1685.2,3,1630.3,2opt,notBad
4522,3,1661.1,3,1630.3,move,improve
4523,3,1661.6,3,1630.3,swap,acceptBad
4524,3,1663.3,3,1630.3,swap,acceptBad
4525,3,1675.6999999999998,3,1630.3,swap,acceptBad
4526,3,1663.3,3,1630.3,move,improve
4527,3,1655.5,3,1630.3,swap,improve
4528,3,1655.5,3,1630.3,move,improve
4529,3,1655.5,3,1630.3,2opt,notBad
4530,3,1655.5,3,1630.3,2opt,notBad
4531,3,1679.3,3,1630.3,swap,acceptBad
4532,3,1679.3,3,1630.3,move,improve
4533,3,1672.6,3,1630.3,move,improve
4534,3,1672.3,3,1630.3,swap,improve
4535,3,1672.3,3,1630.3,2opt,notBad
4536,3,1656.3,3,1630.3,swap,improve
4537,3,1656.3,3,1630.3,2opt,notBad
4538,3,1656.3,3,1630.3,move,improve
4539,3,1656.3,3,1630.3,2opt,notBad
4540,3,1656.3,3,1630.3,swap,notBad
4541,3,1656.3,3,1630.3,2opt,notBad
4542,3,1656.3,3,1630.3,swap,notBad
4543,3,1656.3,3,1630.3,move,improve
4544,3,1656.3,3,1630.3,2opt,notBad
4545,3,1656.3,3,1630.3,2opt,notBad
4546,3,1659.3,3,1630.3,swap,acceptBad
4547,3,1659.3,3,1630.3,swap,notBad
4548,3,1659.3,3,1630.3,swap,improve
4549,3,1659.3,3,1630.3,move,improve
4550,3,1659.3,3,1630.3,2opt,notBad
4551,3,1659.3,3,1630.3,move,improve
4552,3,1659.3,3,1630.3,2opt,notBad
4553,3,1659.3,3,1630.3,2opt,notBad
4554,3,1659.3,3,1630.3,2opt,notBad
4555,3,1659.3,3,1630.3,move,improve
4556,3,1659.3,3,1630.3,2opt,notBad
4557,3,1659.3,3,1630.3,2opt,notBad
4558,3,1659.3,3,1630.3,2opt,improve
4559,3,1659.3,3,1630.3,2opt,notBad
4560,3,1659.3,3,1630.3,2opt,notBad
4561,3,1659.3,3,1630.3,2opt,notBad
4562,3,1659.3,3,1630.3,move,improve
4563,3,1659.3,3,1630.3,move,improve
4564,3,1659.3,3,1630.3,2opt,notBad
4565,3,1659.3,3,1630.3,2opt,notBad
4566,3,1659.3,3,1630.3,2opt,notBad
4567,3,1662.4,3,1630.3,swap,acceptBad
4568,3,1662.4,3,1630.3,2opt,notBad
4569,3,1662.4,3,1630.3,move,improve
4570,3,1662.4,3,1630.3,move,improve
4571,3,1662.4,3,1630.3,swap,improve
4572,3,1662.4,3,1630.3,swap,notBad
4573,3,1662.4,3,1630.3,move,improve
4574,3,1673.1,3,1630.3,swap,acceptBad
4575,3,1673.1,3,1630.3,2opt,notBad
4576,3,1682.0,3,1630.3,swap,acceptBad
4577,3,1682.0,3,1630.3,2opt,notBad
4578,3,1695.4,3,1630.3,swap,acceptBad
4579,3,1695.4,3,1630.3,2opt,notBad
4580,3,1695.4,3,1630.3,move,improve
4581,3,1695.4,3,1630.3,2opt,notBad
4582,3,1704.3,3,1630.3,swap,acceptBad
4583,3,1704.3,3,1630.3,2opt,notBad
4584,3,1704.3,3,1630.3,swap,improve
4585,3,1703.5,3,1630.3,swap,improve
4586,3,1703.9,3,1630.3,swap,acceptBad
4587,3,1703.9,3,1630.3,2opt,improve
4588,3,1703.9,3,1630.3,swap,improve
4589,3,1703.9,3,1630.3,swap,improve
4590,3,1705.8,3,1630.3,swap,acceptBad
4591,3,1705.8,3,1630.3,move,improve
4592,3,1702.8,3,1630.3,swap,improve
4593,3,1702.8,3,1630.3,2opt,notBad
4594,3,1702.8,3,1630.3,2opt,notBad
4595,3,1692.3,3,1630.3,move,improve
4596,3,1692.3,3,1630.3,swap,improve
4597,3,1692.3,3,1630.3,2opt,notBad
4598,3,1692.3,3,1630.3,2opt,notBad
4599,3,1692.3,3,1630.3,swap,improve
4600,3,1692.3,3,1630.3,move,improve
4601,3,1692.3,3,1630.3,2opt,notBad
4602,3,1692.3,3,1630.3,swap,improve
4603,3,1692.3,3,1630.3,swap,notBad
4604,3,1692.3,3,1630.3,move,improve
4605,3,1692.3,3,1630.3,move,improve
4606,3,1692.3,3,1630.3,2opt,notBad
4607,3,1692.3,3,1630.3,2opt,notBad
4608,3,1692.3,3,1630.3,2opt,notBad
4609,3,1692.3,3,1630.3,swap,improve
4610,3,1692.3,3,1630.3,2opt,notBad
4611,3,1692.3,3,1630.3,swap,improve
4612,3,1692.3,3,1630.3,2opt,notBad
4613,3,1692.3,3,1630.3,move,improve
4614,3,1692.3,3,1630.3,swap,improve
4615,3,1692.3,3,1630.3,swap,improve
4616,3,1692.3,3,1630.3,2opt,notBad
4617,3,1692.3,3,1630.3,2opt,notBad
4618,3,1692.3,3,1630.3,move,improve
4619,3,1692.3,3,1630.3,swap,improve
4620,3,1692.3,3,1630.3,swap,improve
4621,3,1692.3,3,1630.3,swap,notBad
4622,3,1692.3,3,1630.3,move,improve
4623,3,1692.3,3,1630.3,2opt,notBad
4624,3,1692.3,3,1630.3,swap,improve
4625,3,1677.9,3,1630.3,swap,improve
4626,3,1678.2,3,1630.3,move,acceptBad
4627,3,1678.2,3,1630.3,swap,notBad
4628,3,1671.6,3,1630.3,move,improve
4629,3,1671.6,3,1630.3,move,improve
4630,3,1671.6,3,1630.3,move,improve
4631,3,1671.6,3,1630.3,move,improve
4632,3,1671.6,3,1630.3,swap,improve
4633,3,1671.6,3,1630.3,move,improve
4634,3,1671.6,3,1630.3,move,improve
4635,3,1671.6,3,1630.3,swap,improve
4636,3,1671.6,3,1630.3,swap,improve
4637,3,1671.6,3,1630.3,move,improve
4638,3,1671.6,3,1630.3,move,improve
4639,3,1671.6,3,1630.3,swap,notBad
4640,3,1665.3000000000002,3,1630.3,move,improve
4641,3,1665.3000000000002,3,1630.3,move,improve
4642,3,1665.3000000000002,3,1630.3,2opt,notBad
4643,3,1665.3000000000002,3,1630.3,move,improve
4644,3,1665.3000000000002,3,1630.3,swap,notBad
4645,3,1654.8000000000002,3,1630.3,swap,improve
4646,3,1654.8000000000002,3,1630.3,swap,notBad
4647,3,1654.8000000000002,3,1630.3,2opt,notBad
4648,3,1654.8000000000002,3,1630.3,2opt,notBad
4649,3,1654.8000000000002,3,1630.3,move,improve
4650,3,1654.8000000000002,3,1630.3,move,improve
4651,3,1654.8000000000002,3,1630.3,2opt,notBad
4652,3,1654.8000000000002,3,1630.3,move,improve
4653,3,1654.8000000000002,3,1630.3,move,improve
4654,3,1654.8000000000002,3,1630.3,move,improve
4655,3,1656.7,3,1630.3,swap,acceptBad
4656,3,1664.2,3,1630.3,swap,acceptBad
4657,3,1664.2,3,1630.3,2opt,notBad
4658,3,1664.2,3,1630.3,move,improve
4659,3,1664.2,3,1630.3,move,improve
4660,3,1664.2,3,1630.3,2opt,notBad
4661,3,1664.2,3,1630.3,move,improve
4662,3,1664.2,3,1630.3,2opt,improve
4663,3,1664.2,3,1630.3,2opt,notBad
4664,3,1664.2,3,1630.3,2opt,notBad
4665,3,1671.7,3,1630.3,swap,acceptBad
4666,3,1671.7,3,1630.3,move,improve
4667,3,1671.7,3,1630.3,move,improve
4668,3,1671.7,3,1630.3,2opt,notBad
4669,3,1664.2,3,1630.3,move,improve
4670,3,1664.2,3,1630.3,swap,notBad
4671,3,1666.1,3,1630.3,swap,acceptBad
4672,3,1664.2,3,1630.3,move,improve
4673,3,1664.2,3,1630.3,swap,improve
4674,3,1664.2,3,1630.3,move,improve
4675,3,1664.2,3,1630.3,move,improve
4676,3,1664.2,3,1630.3,swap,notBad
4677,3,1664.2,3,1630.3,2opt,notBad
4678,3,1664.2,3,1630.3,move,improve
4679,3,1664.2,3,1630.3,move,improve
4680,3,1664.2,3,1630.3,swap,notBad
4681,3,1664.2,3,1630.3,2opt,notBad
4682,3,1664.2,3,1630.3,move,improve
4683,3,1664.2,3,1630.3,swap,improve
4684,3,1664.2,3,1630.3,2opt,notBad
4685,3,1662.3000000000002,3,1630.3,swap,improve
4686,3,1662.3000000000002,3,1630.3,2opt,improve
4687,3,1662.3000000000002,3,1630.3,swap,improve
4688,3,1662.3000000000002,3,1630.3,2opt,notBad
4689,3,1662.3000000000002,3,1630.3,move,improve
4690,3,1662.3000000000002,3,1630.3,move,improve
4691,3,1662.3000000000002,3,1630.3,2opt,improve
4692,3,1662.3000000000002,3,1630.3,move,improve
4693,3,1662.3000000000002,3,1630.3,swap,improve
4694,3,1662.3000000000002,3,1630.3,move,improve
4695,3,1662.3000000000002,3,1630.3,swap,notBad
4696,3,1662.3000000000002,3,1630.3,move,improve
4697,3,1662.3000000000002,3,1630.3,move,improve
4698,3,1662.3000000000002,3,1630.3,swap,improve
4699,3,1662.3000000000002,3,1630.3,swap,improve
4700,3,1662.3000000000002,3,1630.3,swap,improve
4701,3,1669.8000000000002,3,1630.3,swap,acceptBad
4702,3,1669.8000000000002,3,1630.3,move,improve
4703,3,1669.8000000000002,3,1630.3,2opt,notBad
4704,3,1669.8000000000002,3,1630.3,2opt,notBad
4705,3,1669.8000000000002,3,1630.3,move,improve
4706,3,1669.8000000000002,3,1630.3,swap,notBad
4707,3,1669.8000000000002,3,1630.3,2opt,notBad
4708,3,1669.8000000000002,3,1630.3,2opt,improve
4709,3,1669.8000000000002,3,1630.3,move,improve
4710,3,1669.8000000000002,3,1630.3,2opt,notBad
4711,3,1669.8000000000002,3,1630.3,2opt,notBad
4712,3,1669.8000000000002,3,1630.3,2opt,notBad
4713,3,1669.8000000000002,3,1630.3,move,improve
4714,3,1669.8000000000002,3,1630.3,move,improve
4715,3,1669.8000000000002,3,1630.3,swap,improve
4716,3,1669.8000000000002,3,1630.3,move,improve
4717,3,1669.8000000000002,3,1630.3,move,improve
4718,3,1669.8000000000002,3,1630.3,swap,improve
4719,3,1669.8000000000002,3,1630.3,2opt,notBad
4720,3,1669.5,3,1630.3,swap,improve
4721,3,1669.5,3,1630.3,2opt,notBad
4722,3,1672.5,3,1630.3,swap,acceptBad
4723,3,1672.5,3,1630.3,2opt,notBad
4724,3,1665.0,3,1630.3,swap,improve
4725,3,1665.0,3,1630.3,2opt,notBad
4726,3,1665.0,3,1630.3,move,improve
4727,3,1665.0,3,1630.3,2opt,notBad
4728,3,1665.0,3,1630.3,move,improve
4729,3,1665.0,3,1630.3,move,improve
4730,3,1672.0,3,1630.3,swap,acceptBad
4731,3,1672.0,3,1630.3,move,improve
4732,3,1672.0,3,1630.3,2opt,notBad
4733,3,1672.0,3,1630.3,2opt,notBad
4734,3,1672.0,3,1630.3,2opt,improve
4735,3,1672.0,3,1630.3,2opt,notBad
4736,3,1672.0,3,1630.3,move,improve
4737,3,1672.0,3,1630.3,2opt,notBad
4738,3,1672.0,3,1630.3,2opt,notBad
4739,3,1673.9,3,1630.3,swap,acceptBad
4740,3,1673.9,3,1630.3,2opt,notBad
4741,3,1673.9,3,1630.3,2opt,notBad
4742,3,1670.9,3,1630.3,swap,improve
4743,3,1683.0,3,1630.3,swap,acceptBad
4744,3,1683.0,3,1630.3,2opt,notBad
4745,3,1683.0,3,1630.3,move,improve
4746,3,1683.0,3,1630.3,2opt,notBad
4747,3,1683.0,3,1630.3,2opt,notBad
4748,3,1683.0,3,1630.3,swap,improve
4749,3,1682.4,3,1630.3,swap,improve
4750,3,1682.4,3,1630.3,2opt,notBad
4751,3,1682.4,3,1630.3,swap,notBad
4752,3,1682.4,3,1630.3,move,improve
4753,3,1682.4,3,1630.3,move,improve
4754,3,1682.4,3,1630.3,move,improve
4755,3,1682.4,3,1630.3,2opt,notBad
4756,3,1682.4,3,1630.3,2opt,notBad
4757,3,1682.4,3,1630.3,2opt,notBad
4758,3,1682.4,3,1630.3,2opt,notBad
4759,3,1682.4,3,1630.3,2opt,notBad
4760,3,1682.4,3,1630.3,move,improve
4761,3,1682.4,3,1630.3,2opt,improve
4762,3,1682.4,3,1630.3,swap,improve
4763,3,1682.7,3,1630.3,move,acceptBad
4764,3,1682.7,3,1630.3,2opt,notBad
4765,3,1682.7,3,1630.3,move,improve
4766,3,1682.7,3,1630.3,2opt,notBad
4767,3,1675.7,3,1630.3,move,improve
4768,3,1675.7,3,1630.3,swap,notBad
4769,3,1675.7,3,1630.3,2opt,notBad
4770,3,1675.7,3,1630.3,move,improve
4771,3,1675.7,3,1630.3,move,improve
4772,3,1687.0,3,1630.3,swap,acceptBad
4773,3,1687.0,3,1630.3,swap,improve
4774,3,1687.0,3,1630.3,swap,improve
4775,3,1687.0,3,1630.3,2opt,notBad
4776,3,1687.0,3,1630.3,move,improve
4777,3,1687.0,3,1630.3,swap,notBad
4778,3,1687.0,3,1630.3,move,improve
4779,3,1687.0,3,1630.3,move,improve
4780,3,1687.0,3,1630.3,swap,notBad
4781,3,1687.0,3,1630.3,swap,notBad
4782,3,1687.0,3,1630.3,move,improve
4783,3,1687.0,3,1630.3,2opt,notBad
4784,3,1687.0,3,1630.3,move,improve
4785,3,1687.0,3,1630.3,2opt,notBad
4786,3,1687.0,3,1630.3,move,improve
4787,3,1687.0,3,1630.3,swap,improve
4788,3,1674.9,3,1630.3,move,improve
4789,3,1674.9,3,1630.3,move,improve
4790,3,1674.9,3,1630.3,2opt,notBad
4791,3,1674.9,3,1630.3,2opt,notBad
4792,3,1674.9,3,1630.3,swap,improve
4793,3,1675.0,3,1630.3,swap,acceptBad
4794,3,1675.0,3,1630.3,move,improve
4795,3,1686.5,3,1630.3,swap,acceptBad
4796,3,1678.0,3,1630.3,move,improve
4797,3,1667.2,3,1630.3,move,improve
4798,3,1667.2,3,1630.3,move,improve
4799,3,1667.2,3,1630.3,swap,improve
4800,3,1667.2,3,1630.3,2opt,notBad
4801,3,1667.2,3,1630.3,move,improve
4802,3,1667.2,3,1630.3,move,improve
4803,3,1667.2,3,1630.3,swap,notBad
4804,3,1667.2,3,1630.3,swap,improve
4805,3,1669.1,3,1630.3,swap,acceptBad
4806,3,1669.1,3,1630.3,move,improve
4807,3,1669.1,3,1630.3,move,improve
4808,3,1669.1,3,1630.3,2opt,notBad
4809,3,1669.1,3,1630.3,2opt,notBad
4810,3,1669.1,3,1630.3,2opt,improve
4811,3,1669.1,3,1630.3,swap,improve
4812,3,1669.1,3,1630.3,swap,improve
4813,3,1669.1,3,1630.3,move,improve
4814,3,1669.6,3,1630.3,swap,acceptBad
4815,3,1669.6,3,1630.3,2opt,improve
4816,3,1678.1,3,1630.3,swap,acceptBad
4817,3,1678.1,3,1630.3,2opt,notBad
4818,3,1678.1,3,1630.3,move,improve
4819,3,1678.1,3,1630.3,move,improve
4820,3,1678.1,3,1630.3,move,improve
4821,3,1678.1,3,1630.3,2opt,notBad
4822,3,1678.1,3,1630.3,move,improve
4823,3,1678.1,3,1630.3,2opt,notBad
4824,3,1678.1,3,1630.3,move,improve
4825,3,1678.1,3,1630.3,move,improve
4826,3,1678.1,3,1630.3,move,improve
4827,3,1678.1,3,1630.3,2opt,notBad
4828,3,1678.1,3,1630.3,2opt,notBad
4829,3,1678.1,3,1630.3,2opt,notBad
4830,3,1645.3999999999999,3,1630.3,2opt,improve
4831,3,1645.3999999999999,3,1630.3,2opt,notBad
4832,3,1645.3999999999999,3,1630.3,2opt,notBad
4833,3,1645.3999999999999,3,1630.3,2opt,notBad
4834,3,1645.3999999999999,3,1630.3,2opt,notBad
4835,3,1642.8,3,1630.3,swap,improve
4836,3,1642.8,3,1630.3,2opt,notBad
4837,3,1642.8,3,1630.3,swap,improve
4838,3,1642.8,3,1630.3,2opt,notBad
4839,3,1642.8,3,1630.3,2opt,notBad
4840,3,1642.8,3,1630.3,2opt,notBad
4841,3,1642.8,3,1630.3,swap,improve
4842,3,1642.8,3,1630.3,move,improve
4843,3,1642.8,3,1630.3,2opt,notBad
4844,3,1642.8,3,1630.3,swap,improve
4845,3,1642.8,3,1630.3,2opt,notBad
4846,3,1642.8,3,1630.3,2opt,notBad
4847,3,1642.8,3,1630.3,swap,improve
4848,3,1645.1000000000001,3,1630.3,swap,acceptBad
4849,3,1637.3000000000002,3,1630.3,swap,improve
4850,3,1637.3000000000002,3,1630.3,swap,notBad
4851,3,1637.3000000000002,3,1630.3,swap,notBad
4852,3,1637.3000000000002,3,1630.3,2opt,notBad
4853,3,1637.3000000000002,3,1630.3,2opt,improve
4854,3,1637.3000000000002,3,1630.3,swap,improve
4855,3,1637.3000000000002,3,1630.3,2opt,notBad
4856,3,1637.3000000000002,3,1630.3,move,improve
4857,3,1649.4000000000003,3,1630.3,swap,acceptBad
4858,3,1649.4000000000003,3,1630.3,2opt,notBad
4859,3,1649.4000000000003,3,1630.3,swap,improve
4860,3,1649.4000000000003,3,1630.3,swap,improve
4861,3,1649.4000000000003,3,1630.3,2opt,notBad
4862,3,1649.4000000000003,3,1630.3,2opt,notBad
4863,3,1649.4000000000003,3,1630.3,swap,improve
4864,3,1649.4000000000003,3,1630.3,move,improve
4865,3,1649.4000000000003,3,1630.3,2opt,notBad
4866,3,1649.4000000000003,3,1630.3,2opt,notBad
4867,3,1652.0000000000002,3,1630.3,swap,acceptBad
4868,3,1652.0000000000002,3,1630.3,move,improve
4869,3,1652.0000000000002,3,1630.3,move,improve
4870,3,1652.0000000000002,3,1630.3,2opt,notBad
4871,3,1652.0000000000002,3,1630.3,2opt,notBad
4872,3,1652.0000000000002,3,1630.3,2opt,notBad
4873,3,1648.4,3,1630.3,swap,improve
4874,3,1648.6000000000001,3,1630.3,swap,acceptBad
4875,3,1648.6000000000001,3,1630.3,swap,improve
4876,3,1647.0,3,1630.3,move,improve
4877,3,1647.0,3,1630.3,2opt,notBad
4878,3,1647.0,3,1630.3,swap,improve
4879,3,1647.0,3,1630.3,2opt,notBad
4880,3,1647.0,3,1630.3,move,improve
4881,3,1644.3,3,1630.3,swap,improve
4882,3,1644.3,3,1630.3,move,improve
4883,3,1644.3,3,1630.3,2opt,notBad
4884,3,1644.3,3,1630.3,swap,improve
4885,3,1643.8,3,1630.3,swap,improve
4886,3,1643.8,3,1630.3,move,improve
4887,3,1643.8,3,1630.3,move,improve
4888,3,1643.8,3,1630.3,2opt,notBad
4889,3,1643.8,3,1630.3,2opt,notBad
4890,3,1643.8,3,1630.3,move,improve
4891,3,1643.8,3,1630.3,move,improve
4892,3,1643.8,3,1630.3,2opt,notBad
4893,3,1631.3999999999999,3,1630.3,move,improve
4894,3,1631.3999999999999,3,1630.3,2opt,notBad
4895,3,1631.3999999999999,3,1630.3,move,improve
4896,3,1628.8,3,1628.8,swap,newBest
4897,3,1617.3,3,1617.3,move,newBest
4898,3,1617.3,3,1617.3,2opt,notBad
4899,3,1617.3,3,1617.3,move,improve
4900,3,1617.3,3,1617.3,swap,notBad
4901,3,1617.3,3,1617.3,swap,improve
4902,3,1617.3,3,1617.3,move,improve
4903,3,1617.3,3,1617.3,2opt,notBad
4904,3,1617.3,3,1617.3,2opt,notBad
4905,3,1617.3,3,1617.3,2opt,notBad
4906,3,1617.3,3,1617.3,swap,notBad
4907,3,1617.3,3,1617.3,swap,improve
4908,3,1617.3,3,1617.3,2opt,notBad
4909,3,1617.3,3,1617.3,2opt,notBad
4910,3,1617.3,3,1617.3,swap,improve
4911,3,1617.3,3,1617.3,2opt,notBad
4912,3,1617.3,3,1617.3,2opt,notBad
4913,3,1617.3,3,1617.3,move,improve
4914,3,1615.1000000000001,3,1615.1000000000001,move,newBest
4915,3,1615.1000000000001,3,1615.1000000000001,move,improve
4916,3,1618.9,3,1615.1000000000001,swap,acceptBad
4917,3,1618.9,3,1615.1000000000001,swap,improve
4918,3,1618.9,3,1615.1000000000001,swap,improve
4919,3,1618.9,3,1615.1000000000001,move,improve
4920,3,1618.9,3,1615.1000000000001,move,improve
4921,3,1618.9,3,1615.1000000000001,2opt,notBad
4922,3,1618.9,3,1615.1000000000001,swap,notBad
4923,3,1629.4,3,1615.1000000000001,swap,acceptBad
4924,3,1629.4,3,1615.1000000000001,move,improve
4925,3,1629.4,3,1615.1000000000001,2opt,notBad
4926,3,1629.4,3,1615.1000000000001,swap,improve
4927,3,1629.4,3,1615.1000000000001,move,improve
4928,3,1629.4,3,1615.1000000000001,2opt,notBad
4929,3,1629.0000000000002,3,1615.1000000000001,swap,improve
4930,3,1629.0000000000002,3,1615.1000000000001,swap,notBad
4931,3,1629.0000000000002,3,1615.1000000000001,swap,improve
4932,3,1591.8000000000002,3,1591.8000000000002,2opt,newBest
4933,3,1591.5,3,1591.5,move,newBest
4934,3,1591.5,3,1591.5,swap,improve
4935,3,1591.5,3,1591.5,move,improve
4936,3,1591.5,3,1591.5,move,improve
4937,3,1591.5,3,1591.5,move,improve
4938,3,1591.5,3,1591.5,swap,notBad
4939,3,1591.5,3,1591.5,swap,notBad
4940,3,1591.5,3,1591.5,move,improve
4941,3,1591.5,3,1591.5,move,improve
4942,3,1597.4,3,1591.5,swap,acceptBad
4943,3,1597.4,3,1591.5,move,improve
4944,3,1597.4,3,1591.5,2opt,notBad
4945,3,1597.4,3,1591.5,2opt,notBad
4946,3,1597.4,3,1591.5,2opt,notBad
4947,3,1597.4,3,1591.5,move,improve
4948,3,1597.4,3,1591.5,move,improve
4949,3,1597.4,3,1591.5,2opt,notBad
4950,3,1597.4,3,1591.5,2opt,notBad
4951,3,1597.4,3,1591.5,move,improve
4952,3,1597.4,3,1591.5,swap,improve
4953,3,1597.4,3,1591.5,swap,improve
4954,3,1597.4,3,1591.5,swap,notBad
4955,3,1596.5,3,1591.5,move,improve
4956,3,1590.2000000000003,3,1590.2000000000003,swap,newBest
4957,3,1590.9,3,1590.2000000000003,swap,acceptBad
4958,3,1590.9,3,1590.2000000000003,move,improve
4959,3,1590.9,3,1590.2000000000003,move,improve
4960,3,1593.8000000000002,3,1590.2000000000003,swap,acceptBad
4961,3,1593.8000000000002,3,1590.2000000000003,2opt,notBad
4962,3,1596.4,3,1590.2000000000003,swap,acceptBad
4963,3,1596.3,3,1590.2000000000003,swap,improve
4964,3,1596.3,3,1590.2000000000003,move,improve
4965,3,1596.3,3,1590.2000000000003,2opt,notBad
4966,3,1596.3,3,1590.2000000000003,swap,notBad
4967,3,1596.3,3,1590.2000000000003,2opt,notBad
4968,3,1596.3,3,1590.2000000000003,2opt,notBad
4969,3,1593.7,3,1590.2000000000003,swap,improve
4970,3,1593.7,3,1590.2000000000003,move,improve
4971,3,1593.7,3,1590.2000000000003,swap,improve
4972,3,1593.7,3,1590.2000000000003,move,improve
4973,3,1593.7,3,1590.2000000000003,2opt,notBad
4974,3,1594.0,3,1590.2000000000003,swap,acceptBad
4975,3,1594.0,3,1590.2000000000003,move,improve
4976,3,1585.9,3,1585.9,swap,newBest
4977,3,1585.9,3,1585.9,2opt,notBad
4978,3,1585.9,3,1585.9,swap,improve
4979,3,1585.9,3,1585.9,move,improve
4980,3,1590.3000000000002,3,1585.9,swap,acceptBad
4981,3,1590.3000000000002,3,1585.9,swap,notBad
4982,3,1590.3000000000002,3,1585.9,move,improve
4983,3,1590.3000000000002,3,1585.9,move,improve
4984,3,1590.3000000000002,3,1585.9,swap,improve
4985,3,1590.3000000000002,3,1585.9,2opt,notBad
4986,3,1590.3000000000002,3,1585.9,move,improve
4987,3,1588.2000000000003,3,1585.9,swap,improve
4988,3,1588.2000000000003,3,1585.9,2opt,notBad
4989,3,1584.4,3,1584.4,swap,newBest
4990,3,1584.4,3,1584.4,move,improve
4991,3,1584.4,3,1584.4,move,improve
4992,3,1584.4,3,1584.4,move,improve
4993,3,1584.4,3,1584.4,2opt,notBad
4994,3,1584.4,3,1584.4,move,improve
4995,3,1584.4,3,1584.4,move,improve
4996,3,1574.0,3,1574.0,move,newBest
4997,3,1574.0,3,1574.0,move,improve
4998,3,1574.0,3,1574.0,2opt,notBad
4999,3,1582.8000000000002,3,1574.0,swap,acceptBad
5000,3,1582.8000000000002,3,1574.0,swap,notBad
5001,3,1583.5,3,1574.0,swap,acceptBad
5002,3,1583.5,3,1574.0,2opt,notBad
5003,3,1583.5,3,1574.0,2opt,improve
5004,3,1591.5,3,1574.0,swap,acceptBad
5005,3,1592.3,3,1574.0,swap,acceptBad
5006,3,1588.3,3,1574.0,swap,improve
5007,3,1588.1,3,1574.0,swap,improve
5008,3,1588.1,3,1574.0,swap,notBad
5009,3,1588.1,3,1574.0,2opt,notBad
5010,3,1588.1,3,1574.0,2opt,notBad
5011,3,1588.1,3,1574.0,2opt,notBad
5012,3,1588.1,3,1574.0,2opt,notBad
5013,3,1588.1,3,1574.0,swap,notBad
5014,3,1588.1,3,1574.0,2opt,notBad
5015,3,1592.5,3,1574.0,swap,acceptBad
5016,3,1592.5,3,1574.0,move,improve
5017,3,1592.5,3,1574.0,swap,improve
5018,3,1592.5,3,1574.0,move,improve
5019,3,1592.5,3,1574.0,2opt,notBad
5020,3,1592.5,3,1574.0,2opt,improve
5021,3,1592.5,3,1574.0,move,improve
5022,3,1592.5,3,1574.0,move,improve
5023,3,1592.5,3,1574.0,move,improve
5024,3,1592.5,3,1574.0,2opt,notBad
5025,3,1596.5,3,1574.0,swap,acceptBad
5026,3,1592.1,3,1574.0,move,improve
5027,3,1592.1,3,1574.0,move,improve
5028,3,1592.1,3,1574.0,2opt,notBad
5029,3,1591.7,3,1574.0,swap,improve
5030,3,1591.7,3,1574.0,move,improve
5031,3,1592.1,3,1574.0,swap,acceptBad
5032,3,1588.1,3,1574.0,swap,improve
5033,3,1588.1,3,1574.0,swap,improve
5034,3,1588.1,3,1574.0,2opt,notBad
5035,3,1588.1,3,1574.0,2opt,notBad
5036,3,1586.2,3,1574.0,swap,improve
5037,3,1588.1,3,1574.0,swap,acceptBad
5038,3,1588.1,3,1574.0,move,improve
5039,3,1588.1,3,1574.0,2opt,notBad
5040,3,1588.1,3,1574.0,2opt,notBad
5041,3,1578.9,3,1574.0,move,improve
5042,3,1580.5,3,1574.0,swap,acceptBad
5043,3,1578.6,3,1574.0,swap,improve
5044,3,1578.6,3,1574.0,2opt,notBad
5045,3,1578.6,3,1574.0,move,improve
5046,3,1578.6,3,1574.0,2opt,notBad
5047,3,1579.6999999999998,3,1574.0,swap,acceptBad
5048,3,1579.6999999999998,3,1574.0,move,improve
5049,3,1579.6999999999998,3,1574.0,2opt,notBad
5050,3,1579.9,3,1574.0,swap,acceptBad
5051,3,1579.9,3,1574.0,move,improve
5052,3,1578.8,3,1574.0,swap,improve
5053,3,1578.8,3,1574.0,2opt,notBad
5054,3,1578.5,3,1574.0,move,improve
5055,3,1578.5,3,1574.0,2opt,notBad
5056,3,1578.5,3,1574.0,move,improve
5057,3,1578.5,3,1574.0,2opt,notBad
5058,3,1578.5,3,1574.0,move,improve
5059,3,1578.5,3,1574.0,2opt,notBad
5060,3,1578.5,3,1574.0,move,improve
5061,3,1578.5,3,1574.0,2opt,notBad
5062,3,1576.8999999999999,3,1574.0,move,improve
5063,3,1576.8999999999999,3,1574.0,2opt,notBad
5064,3,1576.8999999999999,3,1574.0,move,improve
5065,3,1576.8999999999999,3,1574.0,move,improve
5066,3,1576.8999999999999,3,1574.0,move,improve
5067,3,1576.1999999999998,3,1574.0,swap,improve
5068,3,1576.1999999999998,3,1574.0,2opt,notBad
5069,3,1576.1999999999998,3,1574.0,2opt,notBad
5070,3,1576.1999999999998,3,1574.0,move,improve
5071,3,1576.1999999999998,3,1574.0,move,improve
5072,3,1576.1999999999998,3,1574.0,move,improve
5073,3,1576.1999999999998,3,1574.0,2opt,notBad
5074,3,1571.0,3,1571.0,swap,newBest
5075,3,1573.6,3,1571.0,swap,acceptBad
5076,3,1573.6,3,1571.0,swap,notBad
5077,3,1573.6,3,1571.0,move,improve
5078,3,1582.7,3,1571.0,swap,acceptBad
5079,3,1573.9,3,1571.0,move,improve
5080,3,1573.9,3,1571.0,2opt,notBad
5081,3,1573.9,3,1571.0,move,improve
5082,3,1573.9,3,1571.0,2opt,notBad
5083,3,1573.9,3,1571.0,swap,improve
5084,3,1577.7000000000003,3,1571.0,swap,acceptBad
5085,3,1577.7000000000003,3,1571.0,move,improve
5086,3,1577.7000000000003,3,1571.0,2opt,notBad
5087,3,1575.1000000000001,3,1571.0,move,improve
5088,3,1575.1000000000001,3,1571.0,2opt,notBad
5089,3,1577.0,3,1571.0,swap,acceptBad
5090,3,1577.0,3,1571.0,move,improve
5091,3,1577.0,3,1571.0,2opt,notBad
5092,3,1575.4,3,1571.0,swap,improve
5093,3,1578.8000000000002,3,1571.0,swap,acceptBad
5094,3,1578.8000000000002,3,1571.0,2opt,notBad
5095,3,1578.8000000000002,3,1571.0,move,improve
5096,3,1580.4,3,1571.0,swap,acceptBad
5097,3,1585.6,3,1571.0,swap,acceptBad
5098,3,1585.6,3,1571.0,move,improve
5099,3,1585.6,3,1571.0,move,improve
5100,3,1585.6,3,1571.0,2opt,notBad
5101,3,1585.6,3,1571.0,2opt,notBad
5102,3,1585.6,3,1571.0,2opt,improve
5103,3,1585.6,3,1571.0,2opt,improve
5104,3,1585.6,3,1571.0,swap,notBad
5105,3,1585.6,3,1571.0,2opt,notBad
5106,3,1585.6,3,1571.0,move,improve
5107,3,1585.3,3,1571.0,swap,improve
5108,3,1585.8000000000002,3,1571.0,swap,acceptBad
5109,3,1585.8000000000002,3,1571.0,swap,notBad
5110,3,1585.8000000000002,3,1571.0,move,improve
5111,3,1585.8000000000002,3,1571.0,swap,notBad
5112,3,1585.8000000000002,3,1571.0,move,improve
5113,3,1590.2,3,1571.0,swap,acceptBad
5114,3,1590.2,3,1571.0,2opt,notBad
5115,3,1585.5,3,1571.0,swap,improve
5116,3,1589.1,3,1571.0,swap,acceptBad
5117,3,1589.1,3,1571.0,2opt,notBad
5118,3,1590.9,3,1571.0,swap,acceptBad
5119,3,1590.9,3,1571.0,2opt,notBad
5120,3,1590.9,3,1571.0,2opt,notBad
5121,3,1590.9,3,1571.0,move,improve
5122,3,1590.9,3,1571.0,move,improve
5123,3,1589.1,3,1571.0,move,improve
5124,3,1589.1,3,1571.0,swap,notBad
5125,3,1589.1,3,1571.0,swap,notBad
5126,3,1589.1,3,1571.0,swap,improve
5127,3,1589.1,3,1571.0,2opt,notBad
5128,3,1589.1,3,1571.0,2opt,notBad
5129,3,1589.1,3,1571.0,move,improve
5130,3,1589.1,3,1571.0,2opt,notBad
5131,3,1589.1,3,1571.0,2opt,notBad
5132,3,1584.7,3,1571.0,move,improve
5133,3,1586.6999999999998,3,1571.0,swap,acceptBad
5134,3,1586.6999999999998,3,1571.0,2opt,notBad
5135,3,1586.6999999999998,3,1571.0,2opt,notBad
5136,3,1586.6999999999998,3,1571.0,2opt,notBad
5137,3,1584.7,3,1571.0,move,improve
5138,3,1584.7,3,1571.0,swap,improve
5139,3,1584.7,3,1571.0,move,improve
5140,3,1584.7,3,1571.0,2opt,notBad
5141,3,1583.7,3,1571.0,move,improve
5142,3,1591.3000000000002,3,1571.0,swap,acceptBad
5143,3,1591.3000000000002,3,1571.0,2opt,notBad
5144,3,1591.3000000000002,3,1571.0,2opt,improve
5145,3,1591.3000000000002,3,1571.0,move,improve
5146,3,1591.3000000000002,3,1571.0,2opt,notBad
5147,3,1587.9,3,1571.0,swap,improve
5148,3,1587.9,3,1571.0,move,improve
5149,3,1587.9,3,1571.0,swap,notBad
5150,3,1587.9,3,1571.0,move,improve
5151,3,1593.4,3,1571.0,swap,acceptBad
5152,3,1593.4,3,1571.0,move,improve
5153,3,1593.4,3,1571.0,2opt,notBad
5154,3,1593.4,3,1571.0,move,improve
5155,3,1593.4,3,1571.0,move,improve
5156,3,1593.4,3,1571.0,move,improve
5157,3,1593.4,3,1571.0,2opt,notBad
5158,3,1589.5,3,1571.0,swap,improve
5159,3,1589.1000000000001,3,1571.0,move,improve
5160,3,1588.8000000000002,3,1571.0,swap,improve
5161,3,1588.8000000000002,3,1571.0,move,improve
5162,3,1590.2,3,1571.0,swap,acceptBad
5163,3,1590.2,3,1571.0,2opt,notBad
5164,3,1590.2,3,1571.0,2opt,notBad
5165,3,1588.6000000000001,3,1571.0,2opt,improve
5166,3,1584.6000000000001,3,1571.0,move,improve
5167,3,1584.6000000000001,3,1571.0,swap,notBad
5168,3,1584.6000000000001,3,1571.0,move,improve
5169,3,1584.6000000000001,3,1571.0,move,improve
5170,3,1584.0,3,1571.0,move,improve
5171,3,1584.0,3,1571.0,move,improve
5172,3,1584.0,3,1571.0,2opt,notBad
5173,3,1584.0,3,1571.0,move,improve
5174,3,1585.1000000000001,3,1571.0,swap,acceptBad
5175,3,1585.1000000000001,3,1571.0,swap,improve
5176,3,1585.1000000000001,3,1571.0,move,improve
5177,3,1585.1000000000001,3,1571.0,move,improve
5178,3,1585.1000000000001,3,1571.0,2opt,notBad
5179,3,1585.1000000000001,3,1571.0,move,improve
5180,3,1585.1000000000001,3,1571.0,2opt,notBad
5181,3,1585.1000000000001,3,1571.0,swap,notBad
5182,3,1585.1000000000001,3,1571.0,2opt,improve
5183,3,1585.1000000000001,3,1571.0,2opt,notBad
5184,3,1585.1000000000001,3,1571.0,2opt,notBad
5185,3,1585.1000000000001,3,1571.0,swap,improve
5186,3,1585.1000000000001,3,1571.0,swap,improve
5187,3,1585.1000000000001,3,1571.0,move,improve
5188,3,1585.1000000000001,3,1571.0,move,improve
5189,3,1585.1000000000001,3,1571.0,move,improve
5190,3,1585.1000000000001,3,1571.0,move,improve
5191,3,1585.1000000000001,3,1571.0,move,improve
5192,3,1585.1000000000001,3,1571.0,2opt,notBad
5193,3,1585.1000000000001,3,1571.0,swap,notBad
5194,3,1584.8,3,1571.0,move,improve
5195,3,1584.8,3,1571.0,swap,improve
5196,3,1584.8,3,1571.0,move,improve
5197,3,1578.0,3,1571.0,move,improve
5198,3,1578.0,3,1571.0,move,improve
5199,3,1578.0,3,1571.0,move,improve
5200,3,1578.0,3,1571.0,move,improve
5201,3,1578.0,3,1571.0,2opt,notBad
5202,3,1578.0,3,1571.0,swap,improve
5203,3,1582.6000000000001,3,1571.0,swap,acceptBad
5204,3,1582.6000000000001,3,1571.0,swap,improve
5205,3,1582.6000000000001,3,1571.0,2opt,notBad
5206,3,1582.6000000000001,3,1571.0,move,improve
5207,3,1582.6000000000001,3,1571.0,swap,improve
5208,3,1582.6000000000001,3,1571.0,2opt,notBad
5209,3,1582.6000000000001,3,1571.0,2opt,notBad
5210,3,1550.8,3,1550.8,move,newBest
5211,3,1550.8,3,1550.8,2opt,notBad
5212,3,1550.8,3,1550.8,move,improve
5213,3,1550.8,3,1550.8,move,improve
5214,3,1556.8,3,1550.8,swap,acceptBad
5215,3,1556.8,3,1550.8,swap,notBad
5216,3,1556.8,3,1550.8,move,improve
5217,3,1556.8,3,1550.8,2opt,notBad
5218,3,1556.8,3,1550.8,swap,improve
5219,3,1556.8,3,1550.8,2opt,notBad
5220,3,1556.8,3,1550.8,move,improve
5221,3,1556.8,3,1550.8,2opt,notBad
5222,3,1556.8,3,1550.8,2opt,notBad
5223,3,1556.8,3,1550.8,2opt,notBad
5224,3,1556.8,3,1550.8,2opt,notBad
5225,3,1556.8,3,1550.8,2opt,notBad
5226,3,1556.8,3,1550.8,swap,improve
5227,3,1556.8,3,1550.8,move,improve
5228,3,1556.8,3,1550.8,swap,notBad
5229,3,1556.8,3,1550.8,2opt,notBad
5230,3,1556.8,3,1550.8,move,improve
5231,3,1556.8,3,1550.8,2opt,notBad
5232,3,1556.8,3,1550.8,swap,improve
5233,3,1556.8,3,1550.8,move,improve
5234,3,1552.5,3,1550.8,swap,improve
5235,3,1552.5,3,1550.8,swap,notBad
5236,3,1552.5,3,1550.8,move,improve
5237,3,1552.5,3,1550.8,swap,notBad
5238,3,1552.5,3,1550.8,move,improve
5239,3,1552.5,3,1550.8,swap,improve
5240,3,1552.5,3,1550.8,swap,notBad
5241,3,1552.5,3,1550.8,move,improve
5242,3,1552.5,3,1550.8,2opt,notBad
5243,3,1552.5,3,1550.8,move,improve
5244,3,1552.5,3,1550.8,2opt,notBad
5245,3,1552.5,3,1550.8,2opt,improve
5246,3,1552.5,3,1550.8,swap,improve
5247,3,1552.5,3,1550.8,move,improve
5248,3,1552.5,3,1550.8,move,improve
5249,3,1561.6,3,1550.8,swap,acceptBad
5250,3,1561.6,3,1550.8,move,improve
5251,3,1561.6,3,1550.8,move,improve
5252,3,1561.6,3,1550.8,move,improve
5253,3,1561.6,3,1550.8,move,improve
5254,3,1561.6,3,1550.8,2opt,notBad
5255,3,1561.6,3,1550.8,2opt,notBad
5256,3,1561.6,3,1550.8,move,improve
5257,3,1561.6,3,1550.8,2opt,improve
5258,3,1561.6,3,1550.8,2opt,notBad
5259,3,1561.6,3,1550.8,swap,improve
5260,3,1566.5,3,1550.8,swap,acceptBad
5261,3,1570.9,3,1550.8,swap,acceptBad
5262,3,1570.9,3,1550.8,2opt,improve
5263,3,1570.9,3,1550.8,move,improve
5264,3,1570.9,3,1550.8,move,improve
5265,3,1570.9,3,1550.8,move,improve
5266,3,1570.9,3,1550.8,2opt,notBad
5267,3,1570.9,3,1550.8,move,improve
5268,3,1570.9,3,1550.8,move,improve
5269,3,1570.9,3,1550.8,move,improve
5270,3,1574.6,3,1550.8,swap,acceptBad
5271,3,1569.7,3,1550.8,swap,improve
5272,3,1569.7,3,1550.8,2opt,improve
5273,3,1569.7,3,1550.8,swap,improve
5274,3,1569.7,3,1550.8,2opt,notBad
5275,3,1569.7,3,1550.8,swap,improve
5276,3,1569.7,3,1550.8,2opt,notBad
5277,3,1569.7,3,1550.8,swap,improve
5278,3,1576.0,3,1550.8,swap,acceptBad
5279,3,1576.0,3,1550.8,swap,improve
5280,3,1576.0,3,1550.8,swap,improve
5281,3,1576.0,3,1550.8,2opt,notBad
5282,3,1569.7,3,1550.8,move,improve
5283,3,1569.7,3,1550.8,move,improve
5284,3,1569.7,3,1550.8,swap,notBad
5285,3,1569.7,3,1550.8,2opt,notBad
5286,3,1569.7,3,1550.8,2opt,notBad
5287,3,1569.7,3,1550.8,swap,notBad
5288,3,1569.7,3,1550.8,move,improve
5289,3,1569.7,3,1550.8,2opt,notBad
5290,3,1569.7,3,1550.8,swap,notBad
5291,3,1569.7,3,1550.8,2opt,notBad
5292,3,1569.7,3,1550.8,move,improve
5293,3,1569.7,3,1550.8,2opt,notBad
5294,3,1576.5,3,1550.8,swap,acceptBad
5295,3,1576.5,3,1550.8,2opt,improve
5296,3,1583.5,3,1550.8,swap,acceptBad
5297,3,1583.5,3,1550.8,move,improve
5298,3,1583.5,3,1550.8,swap,improve
5299,3,1583.5,3,1550.8,swap,notBad
5300,3,1583.5,3,1550.8,swap,improve
5301,3,1583.5,3,1550.8,2opt,notBad
5302,3,1583.5,3,1550.8,2opt,notBad
5303,3,1583.5,3,1550.8,move,improve
5304,3,1583.5,3,1550.8,swap,notBad
5305,3,1583.5,3,1550.8,move,improve
5306,3,1583.5,3,1550.8,move,improve
5307,3,1583.5,3,1550.8,move,improve
5308,3,1583.5,3,1550.8,move,improve
5309,3,1583.5,3,1550.8,2opt,notBad
5310,3,1583.5,3,1550.8,2opt,notBad
5311,3,1583.5,3,1550.8,move,improve
5312,3,1583.5,3,1550.8,2opt,notBad
5313,3,1583.5,3,1550.8,2opt,notBad
5314,3,1583.5,3,1550.8,move,improve
5315,3,1580.4,3,1550.8,swap,improve
5316,3,1580.4,3,1550.8,swap,improve
5317,3,1580.4,3,1550.8,swap,improve
5318,3,1580.4,3,1550.8,2opt,notBad
5319,3,1580.4,3,1550.8,swap,improve
5320,3,1580.4,3,1550.8,swap,notBad
5321,3,1580.4,3,1550.8,2opt,notBad
5322,3,1580.4,3,1550.8,2opt,notBad
5323,3,1580.4,3,1550.8,2opt,notBad
5324,3,1580.4,3,1550.8,2opt,notBad
5325,3,1580.4,3,1550.8,2opt,notBad
5326,3,1580.4,3,1550.8,move,improve
5327,3,1580.4,3,1550.8,move,improve
5328,3,1580.4,3,1550.8,2opt,notBad
5329,3,1580.4,3,1550.8,move,improve
5330,3,1580.4,3,1550.8,2opt,improve
5331,3,1580.4,3,1550.8,swap,improve
5332,3,1580.4,3,1550.8,2opt,notBad
5333,3,1580.4,3,1550.8,swap,improve
5334,3,1580.4,3,1550.8,move,improve
5335,3,1580.4,3,1550.8,move,improve
5336,3,1580.4,3,1550.8,2opt,notBad
5337,3,1580.4,3,1550.8,2opt,notBad
5338,3,1580.4,3,1550.8,swap,notBad
5339,3,1580.4,3,1550.8,swap,improve
5340,3,1580.4,3,1550.8,2opt,notBad
5341,3,1580.4,3,1550.8,move,improve
5342,3,1580.4,3,1550.8,move,improve
5343,3,1580.4,3,1550.8,swap,improve
5344,3,1580.4,3,1550.8,move,improve
5345,3,1580.4,3,1550.8,swap,notBad
5346,3,1580.4,3,1550.8,move,improve
5347,3,1580.4,3,1550.8,swap,notBad
5348,3,1580.4,3,1550.8,2opt,notBad
5349,3,1580.4,3,1550.8,move,improve
5350,3,1580.4,3,1550.8,swap,notBad
5351,3,1580.4,3,1550.8,move,improve
5352,3,1580.4,3,1550.8,swap,notBad
5353,3,1580.4,3,1550.8,swap,improve
5354,3,1580.4,3,1550.8,swap,improve
5355,3,1580.4,3,1550.8,2opt,notBad
5356,3,1580.4,3,1550.8,swap,improve
5357,3,1580.4,3,1550.8,2opt,notBad
5358,3,1580.4,3,1550.8,swap,improve
5359,3,1580.4,3,1550.8,move,improve
5360,3,1580.4,3,1550.8,2opt,notBad
5361,3,1580.4,3,1550.8,2opt,notBad
5362,3,1580.4,3,1550.8,swap,improve
5363,3,1573.4,3,1550.8,swap,improve
5364,3,1573.4,3,1550.8,move,improve
5365,3,1573.4,3,1550.8,2opt,notBad
5366,3,1573.4,3,1550.8,move,improve
5367,3,1573.4,3,1550.8,move,improve
5368,3,1573.4,3,1550.8,swap,improve
5369,3,1573.4,3,1550.8,2opt,notBad
5370,3,1573.4,3,1550.8,swap,improve
5371,3,1573.4,3,1550.8,2opt,notBad
5372,3,1573.4,3,1550.8,move,improve
5373,3,1573.4,3,1550.8,2opt,notBad
5374,3,1580.4,3,1550.8,swap,acceptBad
5375,3,1580.4,3,1550.8,swap,notBad
5376,3,1580.4,3,1550.8,2opt,notBad
5377,3,1580.4,3,1550.8,swap,improve
5378,3,1576.0,3,1550.8,move,improve
5379,3,1570.8,3,1550.8,swap,improve
5380,3,1570.8,3,1550.8,2opt,notBad
5381,3,1573.8999999999999,3,1550.8,swap,acceptBad
5382,3,1573.8999999999999,3,1550.8,swap,notBad
5383,3,1573.8999999999999,3,1550.8,2opt,notBad
5384,3,1573.8999999999999,3,1550.8,swap,improve
5385,3,1573.8999999999999,3,1550.8,move,improve
5386,3,1573.8999999999999,3,1550.8,move,improve
5387,3,1573.8999999999999,3,1550.8,swap,notBad
5388,3,1573.8999999999999,3,1550.8,move,improve
5389,3,1577.0,3,1550.8,swap,acceptBad
5390,3,1573.9,3,1550.8,2opt,improve
5391,3,1573.9,3,1550.8,swap,notBad
5392,3,1573.9,3,1550.8,swap,notBad
5393,3,1573.9,3,1550.8,2opt,notBad
5394,3,1573.9,3,1550.8,2opt,notBad
5395,3,1573.9,3,1550.8,2opt,notBad
5396,3,1573.9,3,1550.8,move,improve
5397,3,1573.9,3,1550.8,swap,improve
5398,3,1573.9,3,1550.8,2opt,improve
5399,3,1573.9,3,1550.8,swap,improve
5400,3,1573.9,3,1550.8,2opt,notBad
5401,3,1566.3,3,1550.8,move,improve
5402,3,1566.3,3,1550.8,move,improve
5403,3,1566.3,3,1550.8,swap,notBad
5404,3,1560.3,3,1550.8,move,improve
5405,3,1558.8,3,1550.8,swap,improve
5406,3,1560.3,3,1550.8,swap,acceptBad
5407,3,1560.3,3,1550.8,2opt,notBad
5408,3,1553.3,3,1550.8,swap,improve
5409,3,1553.3,3,1550.8,2opt,notBad
5410,3,1553.3,3,1550.8,move,improve
5411,3,1553.3,3,1550.8,swap,notBad
5412,3,1553.3,3,1550.8,2opt,notBad
5413,3,1553.3,3,1550.8,move,improve
5414,3,1553.3,3,1550.8,2opt,notBad
5415,3,1553.3,3,1550.8,swap,notBad
5416,3,1553.3,3,1550.8,move,improve
5417,3,1557.6999999999998,3,1550.8,swap,acceptBad
5418,3,1557.6999999999998,3,1550.8,2opt,improve
5419,3,1556.6,3,1550.8,move,improve
5420,3,1556.6,3,1550.8,move,improve
5421,3,1556.6,3,1550.8,swap,notBad
5422,3,1556.6,3,1550.8,move,improve
5423,3,1556.6,3,1550.8,move,improve
5424,3,1556.6,3,1550.8,swap,notBad
5425,3,1556.6,3,1550.8,swap,notBad
5426,3,1558.1999999999998,3,1550.8,swap,acceptBad
5427,3,1558.1999999999998,3,1550.8,move,improve
5428,3,1558.1999999999998,3,1550.8,move,improve
5429,3,1558.1999999999998,3,1550.8,swap,improve
5430,3,1558.1999999999998,3,1550.8,swap,notBad
5431,3,1558.1999999999998,3,1550.8,2opt,notBad
5432,3,1558.1999999999998,3,1550.8,2opt,notBad
5433,3,1558.1999999999998,3,1550.8,swap,notBad
5434,3,1558.1999999999998,3,1550.8,2opt,notBad
5435,3,1558.1999999999998,3,1550.8,2opt,notBad
5436,3,1553.8,3,1550.8,move,improve
5437,3,1553.8,3,1550.8,move,improve
5438,3,1553.8,3,1550.8,swap,notBad
5439,3,1553.8,3,1550.8,2opt,notBad
5440,3,1553.8,3,1550.8,move,improve
5441,3,1553.8,3,1550.8,move,improve
5442,3,1553.8,3,1550.8,2opt,notBad
5443,3,1553.8,3,1550.8,move,improve
5444,3,1553.8,3,1550.8,2opt,notBad
5445,3,1553.8,3,1550.8,move,improve
5446,3,1553.8,3,1550.8,2opt,improve
5447,3,1553.8,3,1550.8,move,improve
5448,3,1553.8,3,1550.8,move,improve
5449,3,1553.8,3,1550.8,move,improve
5450,3,1553.8,3,1550.8,move,improve
5451,3,1553.8,3,1550.8,2opt,notBad
5452,3,1553.8,3,1550.8,2opt,notBad
5453,3,1553.8,3,1550.8,move,improve
5454,3,1553.8,3,1550.8,2opt,notBad
5455,3,1553.8,3,1550.8,move,improve
5456,3,1553.8,3,1550.8,2opt,notBad
5457,3,1553.8,3,1550.8,2opt,notBad
5458,3,1553.8,3,1550.8,swap,improve
5459,3,1553.8,3,1550.8,swap,notBad
5460,3,1553.8,3,1550.8,2opt,notBad
5461,3,1553.8,3,1550.8,move,improve
5462,3,1553.8,3,1550.8,swap,improve
5463,3,1553.8,3,1550.8,move,improve
5464,3,1553.8,3,1550.8,2opt,notBad
5465,3,1553.8,3,1550.8,move,improve
5466,3,1553.8,3,1550.8,2opt,notBad
5467,3,1553.8,3,1550.8,move,improve
5468,3,1552.1999999999998,3,1550.8,move,improve
5469,3,1552.1999999999998,3,1550.8,swap,improve
5470,3,1552.1999999999998,3,1550.8,move,improve
5471,3,1552.1999999999998,3,1550.8,2opt,improve
5472,3,1552.1999999999998,3,1550.8,2opt,notBad
5473,3,1556.1999999999998,3,1550.8,swap,acceptBad
5474,3,1556.1999999999998,3,1550.8,swap,improve
5475,3,1556.1999999999998,3,1550.8,2opt,notBad
5476,3,1556.1999999999998,3,1550.8,2opt,notBad
5477,3,1556.1999999999998,3,1550.8,move,improve
5478,3,1556.1999999999998,3,1550.8,move,improve
5479,3,1556.1999999999998,3,1550.8,2opt,notBad
5480,3,1556.1999999999998,3,1550.8,2opt,notBad
5481,3,1556.1999999999998,3,1550.8,move,improve
5482,3,1556.1999999999998,3,1550.8,swap,improve
5483,3,1556.1999999999998,3,1550.8,move,improve
5484,3,1556.1999999999998,3,1550.8,swap,improve
5485,3,1556.1999999999998,3,1550.8,swap,notBad
5486,3,1556.1999999999998,3,1550.8,2opt,notBad
5487,3,1556.1999999999998,3,1550.8,2opt,notBad
5488,3,1556.1999999999998,3,1550.8,swap,notBad
5489,3,1556.1999999999998,3,1550.8,2opt,improve
5490,3,1556.1999999999998,3,1550.8,2opt,notBad
5491,3,1552.1999999999998,3,1550.8,swap,improve
5492,3,1552.1999999999998,3,1550.8,2opt,improve
5493,3,1552.1999999999998,3,1550.8,swap,improve
5494,3,1552.1999999999998,3,1550.8,move,improve
5495,3,1552.1999999999998,3,1550.8,move,improve
5496,3,1552.1999999999998,3,1550.8,swap,improve
5497,3,1552.1999999999998,3,1550.8,swap,notBad
5498,3,1547.0,3,1547.0,swap,newBest
5499,3,1547.0,3,1547.0,2opt,notBad
5500,3,1547.0,3,1547.0,2opt,notBad
5501,3,1547.0,3,1547.0,2opt,notBad
5502,3,1547.0,3,1547.0,2opt,notBad
5503,3,1547.0,3,1547.0,2opt,notBad
5504,3,1547.0,3,1547.0,2opt,improve
5505,3,1547.0,3,1547.0,2opt,notBad
5506,3,1547.0,3,1547.0,move,improve
5507,3,1547.0,3,1547.0,2opt,improve
5508,3,1547.0,3,1547.0,2opt,notBad
5509,3,1547.0,3,1547.0,move,improve
5510,3,1547.0,3,1547.0,2opt,notBad
5511,3,1547.0,3,1547.0,2opt,notBad
5512,3,1547.0,3,1547.0,2opt,notBad
5513,3,1547.0,3,1547.0,2opt,notBad
5514,3,1547.0,3,1547.0,swap,improve
5515,3,1547.0,3,1547.0,2opt,notBad
5516,3,1547.0,3,1547.0,swap,notBad
5517,3,1547.0,3,1547.0,swap,notBad
5518,3,1547.0,3,1547.0,swap,notBad
5519,3,1547.0,3,1547.0,2opt,notBad
5520,3,1547.0,3,1547.0,2opt,notBad
5521,3,1547.0,3,1547.0,move,improve
5522,3,1547.0,3,1547.0,2opt,notBad
5523,3,1547.0,3,1547.0,swap,improve
5524,3,1547.0,3,1547.0,move,improve
5525,3,1547.0,3,1547.0,move,improve
5526,3,1547.0,3,1547.0,swap,notBad
5527,3,1547.0,3,1547.0,swap,notBad
5528,3,1547.0,3,1547.0,2opt,notBad
5529,3,1547.0,3,1547.0,2opt,notBad
5530,3,1547.0,3,1547.0,move,improve
5531,3,1547.0,3,1547.0,swap,improve
5532,3,1547.0,3,1547.0,swap,notBad
5533,3,1547.0,3,1547.0,2opt,notBad
5534,3,1547.0,3,1547.0,2opt,notBad
5535,3,1547.0,3,1547.0,2opt,notBad
5536,3,1547.0,3,1547.0,move,improve
5537,3,1547.0,3,1547.0,2opt,improve
5538,3,1551.4,3,1547.0,swap,acceptBad
5539,3,1551.4,3,1547.0,2opt,notBad
5540,3,1551.4,3,1547.0,move,improve
5541,3,1551.4,3,1547.0,2opt,notBad
5542,3,1551.4,3,1547.0,2opt,notBad
5543,3,1551.4,3,1547.0,move,improve
5544,3,1551.4,3,1547.0,2opt,notBad
5545,3,1551.4,3,1547.0,swap,improve
5546,3,1551.4,3,1547.0,2opt,notBad
5547,3,1551.4,3,1547.0,swap,notBad
5548,3,1558.0,3,1547.0,swap,acceptBad
5549,3,1558.0,3,1547.0,move,improve
5550,3,1558.0,3,1547.0,move,improve
5551,3,1558.0,3,1547.0,swap,improve
5552,3,1558.0,3,1547.0,2opt,notBad
5553,3,1558.0,3,1547.0,2opt,notBad
5554,3,1558.0,3,1547.0,move,improve
5555,3,1558.0,3,1547.0,move,improve
5556,3,1558.0,3,1547.0,swap,improve
5557,3,1558.0,3,1547.0,2opt,notBad
5558,3,1558.0,3,1547.0,move,improve
5559,3,1558.0,3,1547.0,2opt,notBad
5560,3,1558.0,3,1547.0,move,improve
5561,3,1558.0,3,1547.0,2opt,notBad
5562,3,1558.0,3,1547.0,swap,notBad
5563,3,1558.0,3,1547.0,2opt,notBad
5564,3,1558.0,3,1547.0,2opt,notBad
5565,3,1558.0,3,1547.0,move,improve
5566,3,1558.0,3,1547.0,2opt,notBad
5567,3,1558.0,3,1547.0,2opt,notBad
5568,3,1558.0,3,1547.0,swap,notBad
5569,3,1558.0,3,1547.0,2opt,notBad
5570,3,1558.0,3,1547.0,2opt,notBad
5571,3,1558.0,3,1547.0,swap,improve
5572,3,1558.0,3,1547.0,2opt,notBad
5573,3,1558.0,3,1547.0,swap,notBad
5574,3,1558.0,3,1547.0,move,improve
5575,3,1558.0,3,1547.0,swap,notBad
5576,3,1558.0,3,1547.0,2opt,notBad
5577,3,1558.0,3,1547.0,move,improve
5578,3,1558.0,3,1547.0,move,improve
5579,3,1558.0,3,1547.0,move,improve
5580,3,1558.0,3,1547.0,move,improve
5581,3,1558.0,3,1547.0,2opt,notBad
5582,3,1558.0,3,1547.0,move,improve
5583,3,1558.0,3,1547.0,move,improve
5584,3,1558.0,3,1547.0,move,improve
5585,3,1558.0,3,1547.0,move,improve
5586,3,1558.0,3,1547.0,move,improve
5587,3,1558.0,3,1547.0,2opt,notBad
5588,3,1558.0,3,1547.0,2opt,notBad
5589,3,1558.0,3,1547.0,2opt,notBad
5590,3,1558.0,3,1547.0,2opt,notBad
5591,3,1558.0,3,1547.0,move,improve
5592,3,1558.0,3,1547.0,move,improve
5593,3,1553.6,3,1547.0,move,improve
5594,3,1553.6,3,1547.0,2opt,notBad
5595,3,1553.6,3,1547.0,move,improve
5596,3,1553.6,3,1547.0,2opt,notBad
5597,3,1553.6,3,1547.0,2opt,notBad
5598,3,1553.6,3,1547.0,move,improve
5599,3,1557.8,3,1547.0,move,acceptBad
5600,3,1557.8,3,1547.0,swap,improve
5601,3,1557.8,3,1547.0,swap,improve
5602,3,1557.8,3,1547.0,2opt,notBad
5603,3,1557.8,3,1547.0,move,improve
5604,3,1557.8,3,1547.0,move,improve
5605,3,1557.8,3,1547.0,move,improve
5606,3,1557.8,3,1547.0,swap,improve
5607,3,1557.8,3,1547.0,2opt,notBad
5608,3,1557.8,3,1547.0,swap,improve
5609,3,1556.1999999999998,3,1547.0,move,improve
5610,3,1556.1999999999998,3,1547.0,move,improve
5611,3,1556.1999999999998,3,1547.0,2opt,notBad
5612,3,1556.1999999999998,3,1547.0,move,improve
5613,3,1556.1999999999998,3,1547.0,2opt,notBad
5614,3,1556.1999999999998,3,1547.0,2opt,notBad
5615,3,1556.1999999999998,3,1547.0,2opt,notBad
5616,3,1556.1999999999998,3,1547.0,move,improve
5617,3,1556.1999999999998,3,1547.0,2opt,notBad
5618,3,1556.1999999999998,3,1547.0,move,improve
5619,3,1556.1999999999998,3,1547.0,move,improve
5620,3,1556.1999999999998,3,1547.0,2opt,notBad
5621,3,1556.1999999999998,3,1547.0,swap,improve
5622,3,1556.1999999999998,3,1547.0,swap,improve
5623,3,1556.1999999999998,3,1547.0,swap,notBad
5624,3,1556.1999999999998,3,1547.0,2opt,notBad
5625,3,1556.1999999999998,3,1547.0,swap,notBad
5626,3,1556.1999999999998,3,1547.0,swap,notBad
5627,3,1556.1999999999998,3,1547.0,move,improve
5628,3,1556.1999999999998,3,1547.0,move,improve
5629,3,1556.1999999999998,3,1547.0,2opt,notBad
5630,3,1556.1999999999998,3,1547.0,2opt,notBad
5631,3,1556.1999999999998,3,1547.0,move,improve
5632,3,1556.1999999999998,3,1547.0,2opt,notBad
5633,3,1556.1999999999998,3,1547.0,2opt,notBad
5634,3,1556.7999999999997,3,1547.0,swap,acceptBad
5635,3,1556.7999999999997,3,1547.0,move,improve
5636,3,1556.7999999999997,3,1547.0,swap,notBad
5637,3,1556.1999999999998,3,1547.0,swap,improve
5638,3,1556.1999999999998,3,1547.0,move,improve
5639,3,1552.1999999999998,3,1547.0,move,improve
5640,3,1552.1999999999998,3,1547.0,move,improve
5641,3,1552.1999999999998,3,1547.0,move,improve
5642,3,1556.1,3,1547.0,swap,acceptBad
5643,3,1552.1999999999998,3,1547.0,swap,improve
5644,3,1552.1999999999998,3,1547.0,move,improve
5645,3,1552.1999999999998,3,1547.0,2opt,notBad
5646,3,1552.1999999999998,3,1547.0,2opt,notBad
5647,3,1552.1999999999998,3,1547.0,swap,notBad
5648,3,1552.1999999999998,3,1547.0,2opt,notBad
5649,3,1552.1999999999998,3,1547.0,move,improve
5650,3,1552.1999999999998,3,1547.0,2opt,notBad
5651,3,1552.1999999999998,3,1547.0,move,improve
5652,3,1552.1999999999998,3,1547.0,swap,improve
5653,3,1552.1999999999998,3,1547.0,2opt,notBad
5654,3,1552.1999999999998,3,1547.0,swap,improve
5655,3,1552.1999999999998,3,1547.0,swap,notBad
5656,3,1552.1999999999998,3,1547.0,move,improve
5657,3,1552.1999999999998,3,1547.0,move,improve
5658,3,1552.1999999999998,3,1547.0,move,improve
5659,3,1552.1999999999998,3,1547.0,move,improve
5660,3,1552.1999999999998,3,1547.0,swap,improve
5661,3,1552.1999999999998,3,1547.0,move,improve
5662,3,1552.1999999999998,3,1547.0,2opt,notBad
5663,3,1552.1999999999998,3,1547.0,move,improve
5664,3,1552.1999999999998,3,1547.0,move,improve
5665,3,1552.1999999999998,3,1547.0,2opt,notBad
5666,3,1552.1999999999998,3,1547.0,swap,notBad
5667,3,1552.1999999999998,3,1547.0,move,improve
5668,3,1552.1999999999998,3,1547.0,2opt,notBad
5669,3,1552.1999999999998,3,1547.0,swap,notBad
5670,3,1552.1999999999998,3,1547.0,2opt,notBad
5671,3,1551.4,3,1547.0,swap,improve
5672,3,1551.4,3,1547.0,move,improve
5673,3,1551.4,3,1547.0,move,improve
5674,3,1551.4,3,1547.0,2opt,notBad
5675,3,1551.4,3,1547.0,swap,improve
5676,3,1551.4,3,1547.0,move,improve
5677,3,1551.4,3,1547.0,2opt,notBad
5678,3,1551.4,3,1547.0,2opt,notBad
5679,3,1551.4,3,1547.0,move,improve
5680,3,1551.4,3,1547.0,move,improve
5681,3,1551.4,3,1547.0,swap,notBad
5682,3,1551.4,3,1547.0,swap,improve
5683,3,1551.4,3,1547.0,2opt,notBad
5684,3,1551.4,3,1547.0,move,improve
5685,3,1551.4,3,1547.0,move,improve
5686,3,1553.0,3,1547.0,swap,acceptBad
5687,3,1553.0,3,1547.0,swap,notBad
5688,3,1553.0,3,1547.0,swap,notBad
5689,3,1553.0,3,1547.0,swap,notBad
5690,3,1557.6,3,1547.0,swap,acceptBad
5691,3,1551.4,3,1547.0,swap,improve
5692,3,1551.4,3,1547.0,move,improve
5693,3,1551.4,3,1547.0,move,improve
5694,3,1551.4,3,1547.0,move,improve
5695,3,1551.4,3,1547.0,swap,improve
5696,3,1551.4,3,1547.0,move,improve
5697,3,1551.4,3,1547.0,move,improve
5698,3,1553.0,3,1547.0,move,acceptBad
5699,3,1553.0,3,1547.0,move,improve
5700,3,1553.0,3,1547.0,swap,improve
5701,3,1553.0,3,1547.0,swap,improve
5702,3,1553.0,3,1547.0,2opt,notBad
5703,3,1553.0,3,1547.0,2opt,notBad
5704,3,1553.0,3,1547.0,move,improve
5705,3,1553.0,3,1547.0,move,improve
5706,3,1553.0,3,1547.0,swap,improve
5707,3,1553.0,3,1547.0,2opt,notBad
5708,3,1553.0,3,1547.0,move,improve
5709,3,1553.0,3,1547.0,swap,improve
5710,3,1553.0,3,1547.0,2opt,notBad
5711,3,1553.0,3,1547.0,move,improve
5712,3,1553.0,3,1547.0,swap,improve
5713,3,1553.0,3,1547.0,swap,improve
5714,3,1553.0,3,1547.0,swap,improve
5715,3,1553.0,3,1547.0,swap,improve
5716,3,1553.0,3,1547.0,move,improve
5717,3,1553.0,3,1547.0,move,improve
5718,3,1553.0,3,1547.0,swap,improve
5719,3,1553.0,3,1547.0,move,improve
5720,3,1553.0,3,1547.0,move,improve
5721,3,1553.0,3,1547.0,move,improve
5722,3,1553.0,3,1547.0,move,improve
5723,3,1553.0,3,1547.0,swap,notBad
5724,3,1553.0,3,1547.0,move,improve
5725,3,1553.0,3,1547.0,move,improve
5726,3,1553.0,3,1547.0,swap,improve
5727,3,1553.0,3,1547.0,move,improve
5728,3,1553.0,3,1547.0,2opt,notBad
5729,3,1553.0,3,1547.0,2opt,notBad
5730,3,1553.0,3,1547.0,swap,improve
5731,3,1553.0,3,1547.0,swap,improve
5732,3,1553.0,3,1547.0,move,improve
5733,2,1507.0,2,1507.0,move,newBest
5734,2,1507.0,2,1507.0,2opt,notBad
5735,2,1507.0,2,1507.0,move,improve
5736,2,1507.0,2,1507.0,swap,improve
5737,2,1507.0,2,1507.0,move,improve
5738,2,1507.0,2,1507.0,swap,improve
5739,2,1507.0,2,1507.0,swap,notBad
5740,2,1507.0,2,1507.0,2opt,notBad
5741,2,1507.0,2,1507.0,2opt,improve
5742,2,1507.0,2,1507.0,2opt,improve
5743,2,1507.0,2,1507.0,move,improve
5744,2,1507.0,2,1507.0,move,improve
5745,2,1507.0,2,1507.0,move,improve
5746,2,1507.0,2,1507.0,move,improve
5747,2,1507.0,2,1507.0,swap,improve
5748,2,1505.4,2,1505.4,move,newBest
5749,2,1505.4,2,1505.4,2opt,notBad
5750,2,1505.4,2,1505.4,move,improve
5751,2,1505.4,2,1505.4,2opt,notBad
5752,2,1505.4,2,1505.4,move,improve
5753,2,1505.4,2,1505.4,swap,improve
5754,2,1505.4,2,1505.4,swap,notBad
5755,2,1505.7,2,1505.4,swap,acceptBad
5756,2,1505.7,2,1505.4,swap,improve
5757,2,1505.7,2,1505.4,move,improve
5758,2,1505.7,2,1505.4,move,improve
5759,2,1505.7,2,1505.4,2opt,notBad
5760,2,1505.7,2,1505.4,swap,improve
5761,2,1505.7,2,1505.4,2opt,notBad
5762,2,1505.7,2,1505.4,2opt,notBad
5763,2,1505.7,2,1505.4,swap,notBad
5764,2,1505.7,2,1505.4,2opt,notBad
5765,2,1505.7,2,1505.4,move,improve
5766,2,1505.7,2,1505.4,move,improve
5767,2,1505.7,2,1505.4,2opt,notBad
5768,2,1505.7,2,1505.4,swap,improve
5769,2,1505.7,2,1505.4,move,improve
5770,2,1505.7,2,1505.4,move,improve
5771,2,1505.7,2,1505.4,move,improve
5772,2,1505.7,2,1505.4,swap,improve
5773,2,1507.3000000000002,2,1505.4,swap,acceptBad
5774,2,1507.3000000000002,2,1505.4,swap,improve
5775,2,1507.3000000000002,2,1505.4,swap,notBad
5776,2,1507.3000000000002,2,1505.4,move,improve
5777,2,1507.3000000000002,2,1505.4,move,improve
5778,2,1507.3000000000002,2,1505.4,2opt,notBad
5779,2,1507.3000000000002,2,1505.4,2opt,notBad
5780,2,1507.3000000000002,2,1505.4,move,improve
5781,2,1507.3000000000002,2,1505.4,move,improve
5782,2,1507.3000000000002,2,1505.4,2opt,notBad
5783,2,1507.3000000000002,2,1505.4,swap,improve
5784,2,1507.0,2,1505.4,swap,improve
5785,2,1507.0,2,1505.4,2opt,notBad
5786,2,1507.0,2,1505.4,move,improve
5787,2,1505.4,2,1505.4,swap,improve
5788,2,1505.4,2,1505.4,2opt,notBad
5789,2,1505.4,2,1505.4,move,improve
5790,2,1505.4,2,1505.4,swap,improve
5791,2,1505.4,2,1505.4,2opt,notBad
5792,2,1505.4,2,1505.4,move,improve
5793,2,1505.4,2,1505.4,2opt,notBad
5794,2,1505.8,2,1505.4,swap,acceptBad
5795,2,1505.8,2,1505.4,2opt,notBad
5796,2,1505.8,2,1505.4,swap,notBad
5797,2,1505.8,2,1505.4,2opt,notBad
5798,2,1505.8,2,1505.4,2opt,improve
5799,2,1505.8,2,1505.4,move,improve
5800,2,1505.8,2,1505.4,2opt,notBad
5801,2,1505.8,2,1505.4,move,improve
5802,2,1505.8,2,1505.4,move,improve
5803,2,1505.8,2,1505.4,move,improve
5804,2,1505.8,2,1505.4,move,improve
5805,2,1505.8,2,1505.4,move,improve
5806,2,1505.8,2,1505.4,move,improve
5807,2,1508.8000000000002,2,1505.4,swap,acceptBad
5808,2,1508.8000000000002,2,1505.4,move,improve
5809,2,1508.8000000000002,2,1505.4,move,improve
5810,2,1508.8000000000002,2,1505.4,move,improve
5811,2,1508.4,2,1505.4,move,improve
5812,2,1508.7000000000003,2,1505.4,swap,acceptBad
5813,2,1508.7000000000003,2,1505.4,2opt,notBad
5814,2,1508.7000000000003,2,1505.4,2opt,notBad
5815,2,1508.7000000000003,2,1505.4,swap,notBad
5816,2,1508.7000000000003,2,1505.4,swap,improve
5817,2,1508.7000000000003,2,1505.4,move,improve
5818,2,1508.7000000000003,2,1505.4,move,improve
5819,2,1505.7,2,1505.4,swap,improve
5820,2,1505.7,2,1505.4,2opt,notBad
5821,2,1505.7,2,1505.4,2opt,notBad
5822,2,1505.7,2,1505.4,2opt,notBad
5823,2,1505.7,2,1505.4,2opt,improve
5824,2,1505.7,2,1505.4,2opt,improve
5825,2,1505.7,2,1505.4,move,improve
5826,2,1505.7,2,1505.4,move,improve
5827,2,1505.7,2,1505.4,swap,improve
5828,2,1505.7,2,1505.4,2opt,notBad
5829,2,1505.7,2,1505.4,move,improve
5830,2,1506.5,2,1505.4,swap,acceptBad
5831,2,1506.5,2,1505.4,2opt,notBad
5832,2,1506.5,2,1505.4,swap,improve
5833,2,1506.5,2,1505.4,swap,notBad
5834,2,1506.5,2,1505.4,swap,notBad
5835,2,1506.5,2,1505.4,move,improve
5836,2,1506.5,2,1505.4,move,improve
5837,2,1506.5,2,1505.4,swap,notBad
5838,2,1506.5,2,1505.4,swap,notBad
5839,2,1506.5,2,1505.4,2opt,notBad
5840,2,1506.5,2,1505.4,swap,improve
5841,2,1506.5,2,1505.4,swap,improve
5842,2,1506.5,2,1505.4,2opt,notBad
5843,2,1506.5,2,1505.4,swap,improve
5844,2,1507.6,2,1505.4,swap,acceptBad
5845,2,1507.6,2,1505.4,move,improve
5846,2,1507.6,2,1505.4,2opt,notBad
5847,2,1507.6,2,1505.4,swap,improve
5848,2,1507.6,2,1505.4,swap,improve
5849,2,1507.6,2,1505.4,move,improve
5850,2,1507.6,2,1505.4,swap,improve
5851,2,1507.6,2,1505.4,2opt,notBad
5852,2,1507.6,2,1505.4,2opt,improve
5853,2,1507.6,2,1505.4,2opt,notBad
5854,2,1507.6,2,1505.4,swap,notBad
5855,2,1507.6,2,1505.4,move,improve
5856,2,1507.6,2,1505.4,swap,notBad
5857,2,1507.6,2,1505.4,2opt,notBad
5858,2,1507.6,2,1505.4,2opt,notBad
5859,2,1507.6,2,1505.4,2opt,notBad
5860,2,1507.6,2,1505.4,swap,notBad
5861,2,1507.6,2,1505.4,swap,notBad
5862,2,1507.6,2,1505.4,swap,improve
5863,2,1507.6,2,1505.4,2opt,improve
5864,2,1507.6,2,1505.4,2opt,notBad
5865,2,1507.6,2,1505.4,2opt,notBad
5866,2,1507.6,2,1505.4,swap,improve
5867,2,1507.6,2,1505.4,move,improve
5868,2,1507.6,2,1505.4,2opt,notBad
5869,2,1507.6,2,1505.4,swap,improve
5870,2,1507.6,2,1505.4,2opt,notBad
5871,2,1507.6,2,1505.4,move,improve
5872,2,1507.6,2,1505.4,2opt,notBad
5873,2,1507.6,2,1505.4,2opt,notBad
5874,2,1507.6,2,1505.4,swap,improve
5875,2,1507.6,2,1505.4,2opt,notBad
5876,2,1507.6,2,1505.4,2opt,improve
5877,2,1507.6,2,1505.4,move,improve
5878,2,1507.6,2,1505.4,swap,improve
5879,2,1507.6,2,1505.4,move,improve
5880,2,1507.6,2,1505.4,move,improve
5881,2,1507.6,2,1505.4,move,improve
5882,2,1509.7,2,1505.4,swap,acceptBad
5883,2,1509.7,2,1505.4,2opt,notBad
5884,2,1509.7,2,1505.4,2opt,notBad
5885,2,1509.7,2,1505.4,swap,improve
5886,2,1509.7,2,1505.4,swap,notBad
5887,2,1509.7,2,1505.4,move,improve
5888,2,1509.7,2,1505.4,move,improve
5889,2,1509.7,2,1505.4,move,improve
5890,2,1509.7,2,1505.4,2opt,notBad
5891,2,1509.7,2,1505.4,move,improve
5892,2,1509.7,2,1505.4,swap,notBad
5893,2,1509.7,2,1505.4,swap,notBad
5894,2,1509.7,2,1505.4,2opt,notBad
5895,2,1509.7,2,1505.4,swap,improve
5896,2,1509.7,2,1505.4,move,improve
5897,2,1509.7,2,1505.4,swap,improve
5898,2,1509.7,2,1505.4,move,improve
5899,2,1509.7,2,1505.4,move,improve
5900,2,1509.7,2,1505.4,move,improve
5901,2,1509.7,2,1505.4,swap,improve
5902,2,1509.7,2,1505.4,swap,improve
5903,2,1509.7,2,1505.4,2opt,notBad
5904,2,1509.7,2,1505.4,swap,improve
5905,2,1509.7,2,1505.4,swap,improve
5906,2,1509.7,2,1505.4,move,improve
5907,2,1509.7,2,1505.4,2opt,notBad
5908,2,1509.7,2,1505.4,2opt,improve
5909,2,1509.7,2,1505.4,swap,notBad
5910,2,1509.7,2,1505.4,move,improve
5911,2,1509.7,2,1505.4,2opt,notBad
5912,2,1509.7,2,1505.4,2opt,notBad
5913,2,1509.7,2,1505.4,swap,improve
5914,2,1509.7,2,1505.4,move,improve
5915,2,1509.7,2,1505.4,2opt,notBad
5916,2,1509.7,2,1505.4,swap,improve
5917,2,1509.7,2,1505.4,move,improve
5918,2,1509.7,2,1505.4,move,improve
5919,2,1509.7,2,1505.4,move,improve
5920,2,1509.7,2,1505.4,2opt,improve
5921,2,1509.7,2,1505.4,swap,notBad
5922,2,1509.7,2,1505.4,2opt,notBad
5923,2,1509.7,2,1505.4,move,improve
5924,2,1509.7,2,1505.4,2opt,notBad
5925,2,1509.7,2,1505.4,swap,improve
5926,2,1508.1,2,1505.4,swap,improve
5927,2,1508.1,2,1505.4,move,improve
5928,2,1508.1,2,1505.4,move,improve
5929,2,1508.1,2,1505.4,move,improve
5930,2,1508.1,2,1505.4,move,improve
5931,2,1508.1,2,1505.4,2opt,notBad
5932,2,1508.1,2,1505.4,swap,improve
5933,2,1508.1,2,1505.4,swap,improve
5934,2,1508.1,2,1505.4,2opt,notBad
5935,2,1508.1,2,1505.4,2opt,notBad
5936,2,1508.1,2,1505.4,2opt,notBad
5937,2,1506.5,2,1505.4,move,improve
5938,2,1506.5,2,1505.4,swap,notBad
5939,2,1506.5,2,1505.4,2opt,notBad
5940,2,1506.5,2,1505.4,swap,notBad
5941,2,1506.5,2,1505.4,swap,improve
5942,2,1506.5,2,1505.4,move,improve
5943,2,1506.5,2,1505.4,swap,notBad
5944,2,1506.5,2,1505.4,swap,improve
5945,2,1506.5,2,1505.4,move,improve
5946,2,1506.5,2,1505.4,move,improve
5947,2,1506.5,2,1505.4,move,improve
5948,2,1506.5,2,1505.4,move,improve
5949,2,1506.5,2,1505.4,2opt,improve
5950,2,1506.5,2,1505.4,2opt,notBad
5951,2,1506.5,2,1505.4,move,improve
5952,2,1506.5,2,1505.4,2opt,notBad
5953,2,1505.7,2,1505.4,swap,improve
5954,2,1507.1000000000001,2,1505.4,swap,acceptBad
5955,2,1507.1000000000001,2,1505.4,move,improve
5956,2,1507.1000000000001,2,1505.4,2opt,notBad
5957,2,1507.1000000000001,2,1505.4,2opt,notBad
5958,2,1507.1000000000001,2,1505.4,2opt,notBad
5959,2,1507.1000000000001,2,1505.4,2opt,notBad
5960,2,1507.1000000000001,2,1505.4,swap,improve
5961,2,1507.1000000000001,2,1505.4,move,improve
5962,2,1507.1000000000001,2,1505.4,swap,improve
5963,2,1507.1000000000001,2,1505.4,2opt,notBad
5964,2,1507.1000000000001,2,1505.4,2opt,notBad
5965,2,1508.7000000000003,2,1505.4,swap,acceptBad
5966,2,1508.7000000000003,2,1505.4,move,improve
5967,2,1508.7000000000003,2,1505.4,move,improve
5968,2,1508.7000000000003,2,1505.4,move,improve
5969,2,1508.7000000000003,2,1505.4,swap,improve
5970,2,1508.7000000000003,2,1505.4,move,improve
5971,2,1508.7000000000003,2,1505.4,2opt,notBad
5972,2,1508.7000000000003,2,1505.4,swap,improve
5973,2,1508.7000000000003,2,1505.4,swap,notBad
5974,2,1508.7000000000003,2,1505.4,swap,notBad
5975,2,1508.7000000000003,2,1505.4,move,improve
5976,2,1508.7000000000003,2,1505.4,2opt,notBad
5977,2,1508.7000000000003,2,1505.4,move,improve
5978,2,1508.7000000000003,2,1505.4,2opt,improve
5979,2,1508.7000000000003,2,1505.4,swap,notBad
5980,2,1508.7000000000003,2,1505.4,2opt,notBad
5981,2,1508.7000000000003,2,1505.4,move,improve
5982,2,1508.7000000000003,2,1505.4,swap,improve
5983,2,1508.7000000000003,2,1505.4,2opt,notBad
5984,2,1508.4,2,1505.4,swap,improve
5985,2,1508.4,2,1505.4,move,improve
5986,2,1508.4,2,1505.4,move,improve
5987,2,1508.4,2,1505.4,2opt,notBad
5988,2,1508.4,2,1505.4,swap,notBad
5989,2,1508.4,2,1505.4,2opt,notBad
5990,2,1508.4,2,1505.4,move,improve
5991,2,1508.4,2,1505.4,2opt,notBad
5992,2,1508.4,2,1505.4,2opt,notBad
5993,2,1508.4,2,1505.4,swap,notBad
5994,2,1508.4,2,1505.4,move,improve
5995,2,1508.4,2,1505.4,2opt,notBad
5996,2,1508.4,2,1505.4,2opt,notBad
5997,2,1508.4,2,1505.4,2opt,notBad
5998,2,1508.4,2,1505.4,move,improve
5999,2,1508.4,2,1505.4,swap,notBad
6000,2,1508.4,2,1505.4,move,improve
6001,2,1508.4,2,1505.4,move,improve
6002,2,1508.4,2,1505.4,swap,notBad
6003,2,1508.4,2,1505.4,move,improve
6004,2,1508.4,2,1505.4,2opt,notBad
6005,2,1508.4,2,1505.4,swap,improve
6006,2,1508.4,2,1505.4,move,improve
6007,2,1508.4,2,1505.4,move,improve
6008,2,1508.4,2,1505.4,move,improve
6009,2,1508.4,2,1505.4,move,improve
6010,2,1508.4,2,1505.4,swap,notBad
6011,2,1498.8000000000002,2,1498.8000000000002,move,newBest
6012,2,1498.8000000000002,2,1498.8000000000002,2opt,notBad
6013,2,1498.8000000000002,2,1498.8000000000002,2opt,notBad
6014,2,1498.8000000000002,2,1498.8000000000002,2opt,notBad
6015,2,1495.9,2,1495.9,swap,newBest
6016,2,1495.9,2,1495.9,2opt,notBad
6017,2,1495.9,2,1495.9,move,improve
6018,2,1492.4,2,1492.4,move,newBest
6019,2,1491.4,2,1491.4,swap,newBest
6020,2,1490.0,2,1490.0,swap,newBest
6021,2,1492.6,2,1490.0,swap,acceptBad
6022,2,1492.6,2,1490.0,2opt,notBad
6023,2,1492.6,2,1490.0,swap,notBad
6024,2,1490.4,2,1490.0,swap,improve
6025,2,1490.4,2,1490.0,2opt,notBad
6026,2,1490.4,2,1490.0,2opt,notBad
6027,2,1490.4,2,1490.0,2opt,improve
6028,2,1490.4,2,1490.0,move,improve
6029,2,1490.0,2,1490.0,swap,improve
6030,2,1490.0,2,1490.0,move,improve
6031,2,1490.0,2,1490.0,2opt,notBad
6032,2,1490.0,2,1490.0,2opt,notBad
6033,2,1490.0,2,1490.0,2opt,notBad
6034,2,1490.0,2,1490.0,2opt,notBad
6035,2,1490.0,2,1490.0,2opt,notBad
6036,2,1490.0,2,1490.0,2opt,notBad
6037,2,1490.0,2,1490.0,move,improve
6038,2,1490.0,2,1490.0,2opt,notBad
6039,2,1490.0,2,1490.0,2opt,notBad
6040,2,1490.0,2,1490.0,move,improve
6041,2,1490.0,2,1490.0,move,improve
6042,2,1490.0,2,1490.0,swap,notBad
6043,2,1490.0,2,1490.0,move,improve
6044,2,1490.0,2,1490.0,move,improve
6045,2,1490.0,2,1490.0,swap,notBad
6046,2,1490.0,2,1490.0,swap,improve
6047,2,1490.0,2,1490.0,2opt,notBad
6048,2,1490.4,2,1490.0,swap,acceptBad
6049,2,1490.4,2,1490.0,move,improve
6050,2,1490.4,2,1490.0,2opt,notBad
6051,2,1490.4,2,1490.0,swap,improve
6052,2,1490.4,2,1490.0,move,improve
6053,2,1490.4,2,1490.0,2opt,notBad
6054,2,1490.4,2,1490.0,move,improve
6055,2,1490.4,2,1490.0,2opt,notBad
6056,2,1490.7,2,1490.0,move,acceptBad
6057,2,1490.7,2,1490.0,swap,improve
6058,2,1490.7,2,1490.0,swap,improve
6059,2,1490.7,2,1490.0,swap,improve
6060,2,1490.7,2,1490.0,move,improve
6061,2,1489.1,2,1489.1,move,newBest
6062,2,1489.1,2,1489.1,2opt,notBad
6063,2,1489.1,2,1489.1,move,improve
6064,2,1489.1,2,1489.1,2opt,notBad
6065,2,1489.1,2,1489.1,move,improve
6066,2,1489.1,2,1489.1,move,improve
6067,2,1489.1,2,1489.1,move,improve
6068,2,1489.1,2,1489.1,2opt,notBad
6069,2,1489.1,2,1489.1,swap,notBad
6070,2,1489.1,2,1489.1,swap,notBad
6071,2,1489.1,2,1489.1,2opt,notBad
6072,2,1490.8000000000002,2,1489.1,swap,acceptBad
6073,2,1490.8000000000002,2,1489.1,2opt,notBad
6074,2,1490.8000000000002,2,1489.1,2opt,notBad
6075,2,1490.8000000000002,2,1489.1,2opt,notBad
6076,2,1490.8000000000002,2,1489.1,move,improve
6077,2,1490.8000000000002,2,1489.1,2opt,notBad
6078,2,1490.8000000000002,2,1489.1,move,improve
6079,2,1490.8000000000002,2,1489.1,2opt,notBad
6080,2,1490.8000000000002,2,1489.1,2opt,notBad
6081,2,1490.8000000000002,2,1489.1,swap,improve
6082,2,1490.8000000000002,2,1489.1,2opt,notBad
6083,2,1490.8000000000002,2,1489.1,move,improve
6084,2,1490.8000000000002,2,1489.1,move,improve
6085,2,1490.8000000000002,2,1489.1,swap,notBad
6086,2,1490.8000000000002,2,1489.1,2opt,notBad
6087,2,1490.8000000000002,2,1489.1,move,improve
6088,2,1490.8000000000002,2,1489.1,swap,notBad
6089,2,1490.8000000000002,2,1489.1,swap,notBad
6090,2,1490.8000000000002,2,1489.1,move,improve
6091,2,1490.8000000000002,2,1489.1,move,improve
6092,2,1490.8000000000002,2,1489.1,move,improve
6093,2,1490.8000000000002,2,1489.1,swap,improve
6094,2,1490.8000000000002,2,1489.1,move,improve
6095,2,1490.8000000000002,2,1489.1,move,improve
6096,2,1490.8000000000002,2,1489.1,2opt,notBad
6097,2,1490.8000000000002,2,1489.1,2opt,notBad
6098,2,1490.8000000000002,2,1489.1,move,improve
6099,2,1490.8000000000002,2,1489.1,move,improve
6100,2,1490.8000000000002,2,1489.1,swap,notBad
6101,2,1490.8000000000002,2,1489.1,swap,improve
6102,2,1490.8000000000002,2,1489.1,move,improve
6103,2,1490.8000000000002,2,1489.1,move,improve
6104,2,1490.8000000000002,2,1489.1,swap,notBad
6105,2,1490.8000000000002,2,1489.1,swap,notBad
6106,2,1490.8000000000002,2,1489.1,move,improve
6107,2,1490.8000000000002,2,1489.1,swap,notBad
6108,2,1488.7,2,1488.7,move,newBest
6109,2,1488.7,2,1488.7,move,improve
6110,2,1488.7,2,1488.7,2opt,notBad
6111,2,1488.7,2,1488.7,swap,notBad
6112,2,1488.7,2,1488.7,2opt,notBad
6113,2,1488.7,2,1488.7,2opt,notBad
6114,2,1488.7,2,1488.7,swap,improve
6115,2,1488.7,2,1488.7,swap,improve
6116,2,1488.7,2,1488.7,swap,notBad
6117,2,1488.7,2,1488.7,move,improve
6118,2,1488.7,2,1488.7,2opt,notBad
6119,2,1488.7,2,1488.7,swap,improve
6120,2,1488.7,2,1488.7,swap,notBad
6121,2,1488.7,2,1488.7,2opt,notBad
6122,2,1488.7,2,1488.7,swap,improve
6123,2,1488.7,2,1488.7,swap,notBad
6124,2,1488.7,2,1488.7,move,improve
6125,2,1488.7,2,1488.7,2opt,improve
6126,2,1488.7,2,1488.7,swap,notBad
6127,2,1488.7,2,1488.7,swap,notBad
6128,2,1488.7,2,1488.7,swap,notBad
6129,2,1488.7,2,1488.7,swap,notBad
6130,2,1488.7,2,1488.7,2opt,notBad
6131,2,1488.7,2,1488.7,2opt,notBad
6132,2,1488.7,2,1488.7,2opt,notBad
6133,2,1488.7,2,1488.7,swap,notBad
6134,2,1488.7,2,1488.7,2opt,notBad
6135,2,1488.7,2,1488.7,2opt,notBad
6136,2,1488.7,2,1488.7,move,improve
6137,2,1488.7,2,1488.7,move,improve
6138,2,1488.7,2,1488.7,2opt,notBad
6139,2,1488.7,2,1488.7,2opt,notBad
6140,2,1488.7,2,1488.7,2opt,notBad
6141,2,1489.5,2,1488.7,swap,acceptBad
6142,2,1489.5,2,1488.7,swap,notBad
6143,2,1489.5,2,1488.7,swap,notBad
6144,2,1489.5,2,1488.7,move,improve
6145,2,1489.5,2,1488.7,2opt,improve
6146,2,1489.5,2,1488.7,swap,notBad
6147,2,1489.5,2,1488.7,2opt,notBad
6148,2,1489.5,2,1488.7,move,improve
6149,2,1491.4,2,1488.7,swap,acceptBad
6150,2,1491.4,2,1488.7,2opt,notBad
6151,2,1491.4,2,1488.7,2opt,notBad
6152,2,1491.4,2,1488.7,swap,notBad
6153,2,1491.4,2,1488.7,2opt,notBad
6154,2,1491.4,2,1488.7,2opt,notBad
6155,2,1491.4,2,1488.7,2opt,improve
6156,2,1491.4,2,1488.7,2opt,notBad
6157,2,1491.4,2,1488.7,2opt,notBad
6158,2,1494.1,2,1488.7,swap,acceptBad
6159,2,1494.1,2,1488.7,2opt,notBad
6160,2,1494.1,2,1488.7,swap,improve
6161,2,1494.1,2,1488.7,move,improve
6162,2,1494.1,2,1488.7,swap,improve
6163,2,1489.5,2,1488.7,move,improve
6164,2,1489.5,2,1488.7,move,improve
6165,2,1489.5,2,1488.7,move,improve
6166,2,1489.5,2,1488.7,2opt,notBad
6167,2,1489.5,2,1488.7,2opt,notBad
6168,2,1489.5,2,1488.7,move,improve
6169,2,1489.5,2,1488.7,move,improve
6170,2,1489.5,2,1488.7,swap,improve
6171,2,1484.3000000000002,2,1484.3000000000002,swap,newBest
6172,2,1484.3000000000002,2,1484.3000000000002,swap,notBad
6173,2,1484.3000000000002,2,1484.3000000000002,move,improve
6174,2,1484.3000000000002,2,1484.3000000000002,swap,improve
6175,2,1484.3000000000002,2,1484.3000000000002,2opt,notBad
6176,2,1484.3000000000002,2,1484.3000000000002,2opt,notBad
6177,2,1484.3000000000002,2,1484.3000000000002,2opt,notBad
6178,2,1484.3000000000002,2,1484.3000000000002,2opt,notBad
6179,2,1484.3000000000002,2,1484.3000000000002,2opt,notBad
6180,2,1484.3000000000002,2,1484.3000000000002,2opt,improve
6181,2,1484.3000000000002,2,1484.3000000000002,swap,notBad
6182,2,1484.3000000000002,2,1484.3000000000002,2opt,notBad
6183,2,1484.3000000000002,2,1484.3000000000002,2opt,notBad
6184,2,1484.3000000000002,2,1484.3000000000002,move,improve
6185,2,1484.3000000000002,2,1484.3000000000002,swap,improve
6186,2,1484.3000000000002,2,1484.3000000000002,swap,notBad
6187,2,1484.3000000000002,2,1484.3000000000002,2opt,notBad
6188,2,1484.3000000000002,2,1484.3000000000002,swap,improve
6189,2,1484.3000000000002,2,1484.3000000000002,2opt,notBad
6190,2,1484.3000000000002,2,1484.3000000000002,swap,notBad
6191,2,1484.3000000000002,2,1484.3000000000002,swap,improve
6192,2,1484.3000000000002,2,1484.3000000000002,2opt,notBad
6193,2,1484.3000000000002,2,1484.3000000000002,swap,improve
6194,2,1484.3000000000002,2,1484.3000000000002,2opt,notBad
6195,2,1484.3000000000002,2,1484.3000000000002,swap,notBad
6196,2,1484.3000000000002,2,1484.3000000000002,move,improve
6197,2,1484.3000000000002,2,1484.3000000000002,2opt,improve
6198,2,1484.3000000000002,2,1484.3000000000002,2opt,notBad
6199,2,1484.3000000000002,2,1484.3000000000002,swap,notBad
6200,2,1484.3000000000002,2,1484.3000000000002,move,improve
6201,2,1484.3000000000002,2,1484.3000000000002,move,improve
6202,2,1484.3000000000002,2,1484.3000000000002,move,improve
6203,2,1484.6,2,1484.3000000000002,swap,acceptBad
6204,2,1484.6,2,1484.3000000000002,swap,improve
6205,2,1484.6,2,1484.3000000000002,swap,notBad
6206,2,1484.6,2,1484.3000000000002,2opt,notBad
6207,2,1484.6,2,1484.3000000000002,move,improve
6208,2,1484.6,2,1484.3000000000002,swap,notBad
6209,2,1484.6,2,1484.3000000000002,2opt,notBad
6210,2,1484.6,2,1484.3000000000002,2opt,notBad
6211,2,1484.6,2,1484.3000000000002,2opt,notBad
6212,2,1491.4,2,1484.3000000000002,move,acceptBad
6213,2,1491.1,2,1484.3000000000002,move,improve
6214,2,1491.1,2,1484.3000000000002,2opt,notBad
6215,2,1491.1,2,1484.3000000000002,move,improve
6216,2,1491.1,2,1484.3000000000002,swap,notBad
6217,2,1491.1,2,1484.3000000000002,2opt,notBad
6218,2,1490.8,2,1484.3000000000002,swap,improve
6219,2,1490.8,2,1484.3000000000002,2opt,notBad
6220,2,1490.8,2,1484.3000000000002,swap,improve
6221,2,1490.8,2,1484.3000000000002,move,improve
6222,2,1490.8,2,1484.3000000000002,swap,notBad
6223,2,1490.8,2,1484.3000000000002,swap,notBad
6224,2,1490.8,2,1484.3000000000002,move,improve
6225,2,1490.8,2,1484.3000000000002,2opt,notBad
6226,2,1490.8,2,1484.3000000000002,swap,improve
6227,2,1490.8,2,1484.3000000000002,2opt,notBad
6228,2,1490.8,2,1484.3000000000002,swap,improve
6229,2,1490.8,2,1484.3000000000002,swap,improve
6230,2,1490.8,2,1484.3000000000002,swap,improve
6231,2,1490.8,2,1484.3000000000002,move,improve
6232,2,1490.8,2,1484.3000000000002,swap,notBad
6233,2,1489.1999999999998,2,1484.3000000000002,swap,improve
6234,2,1489.1999999999998,2,1484.3000000000002,swap,notBad
6235,2,1489.1999999999998,2,1484.3000000000002,move,improve
6236,2,1489.1999999999998,2,1484.3000000000002,swap,improve
6237,2,1489.1999999999998,2,1484.3000000000002,move,improve
6238,2,1489.1999999999998,2,1484.3000000000002,move,improve
6239,2,1489.1999999999998,2,1484.3000000000002,2opt,notBad
6240,2,1489.1999999999998,2,1484.3000000000002,move,improve
6241,2,1490.8,2,1484.3000000000002,move,acceptBad
6242,2,1490.8,2,1484.3000000000002,swap,improve
6243,2,1490.8,2,1484.3000000000002,swap,notBad
6244,2,1490.8,2,1484.3000000000002,swap,improve
6245,2,1490.8,2,1484.3000000000002,2opt,improve
6246,2,1490.8,2,1484.3000000000002,move,improve
6247,2,1490.8,2,1484.3000000000002,2opt,notBad
6248,2,1490.8,2,1484.3000000000002,2opt,notBad
6249,2,1490.8,2,1484.3000000000002,swap,improve
6250,2,1490.8,2,1484.3000000000002,move,improve
6251,2,1490.8,2,1484.3000000000002,2opt,notBad
6252,2,1490.8,2,1484.3000000000002,move,improve
6253,2,1490.8,2,1484.3000000000002,move,improve
6254,2,1490.8,2,1484.3000000000002,move,improve
6255,2,1490.8,2,1484.3000000000002,2opt,notBad
6256,2,1490.8,2,1484.3000000000002,swap,improve
6257,2,1490.8,2,1484.3000000000002,2opt,notBad
6258,2,1489.1999999999998,2,1484.3000000000002,move,improve
6259,2,1489.1999999999998,2,1484.3000000000002,move,improve
6260,2,1489.1999999999998,2,1484.3000000000002,move,improve
6261,2,1489.1999999999998,2,1484.3000000000002,move,improve
6262,2,1489.1999999999998,2,1484.3000000000002,swap,improve
6263,2,1489.1999999999998,2,1484.3000000000002,move,improve
6264,2,1489.1999999999998,2,1484.3000000000002,2opt,notBad
6265,2,1489.1999999999998,2,1484.3000000000002,swap,improve
6266,2,1489.1999999999998,2,1484.3000000000002,2opt,notBad
6267,2,1489.1999999999998,2,1484.3000000000002,2opt,notBad
6268,2,1489.1999999999998,2,1484.3000000000002,move,improve
6269,2,1489.1999999999998,2,1484.3000000000002,2opt,notBad
6270,2,1489.1999999999998,2,1484.3000000000002,move,improve
6271,2,1489.1999999999998,2,1484.3000000000002,swap,notBad
6272,2,1489.1999999999998,2,1484.3000000000002,2opt,notBad
6273,2,1489.1999999999998,2,1484.3000000000002,swap,notBad
6274,2,1489.1999999999998,2,1484.3000000000002,swap,improve
6275,2,1489.1999999999998,2,1484.3000000000002,2opt,notBad
6276,2,1489.1999999999998,2,1484.3000000000002,swap,notBad
6277,2,1489.1999999999998,2,1484.3000000000002,2opt,notBad
6278,2,1489.1999999999998,2,1484.3000000000002,swap,improve
6279,2,1489.1999999999998,2,1484.3000000000002,2opt,notBad
6280,2,1489.1999999999998,2,1484.3000000000002,swap,notBad
6281,2,1489.1999999999998,2,1484.3000000000002,move,improve
6282,2,1489.1999999999998,2,1484.3000000000002,swap,notBad
6283,2,1489.1999999999998,2,1484.3000000000002,move,improve
6284,2,1489.1999999999998,2,1484.3000000000002,move,improve
6285,2,1489.1999999999998,2,1484.3000000000002,swap,improve
6286,2,1489.1999999999998,2,1484.3000000000002,move,improve
6287,2,1489.1999999999998,2,1484.3000000000002,move,improve
6288,2,1489.1999999999998,2,1484.3000000000002,2opt,notBad
6289,2,1489.1999999999998,2,1484.3000000000002,swap,improve
6290,2,1489.1999999999998,2,1484.3000000000002,move,improve
6291,2,1489.1999999999998,2,1484.3000000000002,move,improve
6292,2,1489.1999999999998,2,1484.3000000000002,move,improve
6293,2,1489.1999999999998,2,1484.3000000000002,2opt,notBad
6294,2,1489.1999999999998,2,1484.3000000000002,2opt,notBad
6295,2,1489.1999999999998,2,1484.3000000000002,2opt,improve
6296,2,1489.1999999999998,2,1484.3000000000002,2opt,notBad
6297,2,1489.1999999999998,2,1484.3000000000002,2opt,notBad
6298,2,1483.5,2,1483.5,move,newBest
6299,2,1483.5,2,1483.5,swap,improve
6300,2,1483.5,2,1483.5,2opt,notBad
6301,2,1483.5,2,1483.5,move,improve
6302,2,1483.5,2,1483.5,2opt,notBad
6303,2,1483.5,2,1483.5,move,improve
6304,2,1483.5,2,1483.5,2opt,notBad
6305,2,1483.5,2,1483.5,2opt,notBad
6306,2,1483.5,2,1483.5,swap,improve
6307,2,1483.5,2,1483.5,swap,notBad
6308,2,1483.5,2,1483.5,move,improve
6309,2,1483.5,2,1483.5,2opt,notBad
6310,2,1483.5,2,1483.5,move,improve
6311,2,1483.5,2,1483.5,2opt,notBad
6312,2,1483.5,2,1483.5,swap,notBad
6313,2,1483.5,2,1483.5,2opt,notBad
6314,2,1483.5,2,1483.5,2opt,improve
6315,2,1483.5,2,1483.5,2opt,notBad
6316,2,1483.5,2,1483.5,move,improve
6317,2,1483.5,2,1483.5,swap,notBad
6318,2,1483.5,2,1483.5,2opt,notBad
6319,2,1483.5,2,1483.5,swap,notBad
6320,2,1483.5,2,1483.5,move,improve
6321,2,1483.5,2,1483.5,2opt,notBad
6322,2,1483.5,2,1483.5,2opt,notBad
6323,2,1483.8000000000002,2,1483.5,move,acceptBad
6324,2,1483.8000000000002,2,1483.5,2opt,notBad
6325,2,1482.3000000000002,2,1482.3000000000002,swap,newBest
6326,2,1482.3000000000002,2,1482.3000000000002,2opt,notBad
6327,2,1482.3000000000002,2,1482.3000000000002,2opt,notBad
6328,2,1482.3000000000002,2,1482.3000000000002,2opt,notBad
6329,2,1482.3000000000002,2,1482.3000000000002,move,improve
6330,2,1482.3000000000002,2,1482.3000000000002,move,improve
6331,2,1482.3000000000002,2,1482.3000000000002,2opt,improve
6332,2,1482.3000000000002,2,1482.3000000000002,swap,improve
6333,2,1482.3000000000002,2,1482.3000000000002,swap,notBad
6334,2,1482.3000000000002,2,1482.3000000000002,2opt,notBad
6335,2,1482.0,2,1482.0,move,newBest
6336,2,1482.0,2,1482.0,swap,notBad
6337,2,1482.0,2,1482.0,move,improve
6338,2,1482.0,2,1482.0,2opt,notBad
6339,2,1482.0,2,1482.0,2opt,notBad
6340,2,1482.0,2,1482.0,move,improve
6341,2,1482.0,2,1482.0,swap,improve
6342,2,1482.0,2,1482.0,move,improve
6343,2,1482.0,2,1482.0,2opt,notBad
6344,2,1482.0,2,1482.0,swap,improve
6345,2,1482.0,2,1482.0,swap,notBad
6346,2,1482.0,2,1482.0,move,improve
6347,2,1482.0,2,1482.0,2opt,notBad
6348,2,1482.0,2,1482.0,move,improve
6349,2,1482.0,2,1482.0,swap,improve
6350,2,1482.0,2,1482.0,2opt,notBad
6351,2,1482.0,2,1482.0,2opt,notBad
6352,2,1482.0,2,1482.0,2opt,improve
6353,2,1482.3000000000002,2,1482.0,swap,acceptBad
6354,2,1482.3000000000002,2,1482.0,swap,notBad
6355,2,1482.3000000000002,2,1482.0,move,improve
6356,2,1482.3000000000002,2,1482.0,swap,improve
6357,2,1482.3000000000002,2,1482.0,swap,notBad
6358,2,1482.3000000000002,2,1482.0,2opt,notBad
6359,2,1482.3000000000002,2,1482.0,swap,notBad
6360,2,1482.3000000000002,2,1482.0,swap,improve
6361,2,1482.3000000000002,2,1482.0,swap,notBad
6362,2,1482.3000000000002,2,1482.0,swap,improve
6363,2,1482.3000000000002,2,1482.0,swap,notBad
6364,2,1482.3000000000002,2,1482.0,swap,improve
6365,2,1482.3000000000002,2,1482.0,move,improve
6366,2,1482.3000000000002,2,1482.0,2opt,notBad
6367,2,1482.3000000000002,2,1482.0,move,improve
6368,2,1482.3000000000002,2,1482.0,move,improve
6369,2,1482.3000000000002,2,1482.0,swap,notBad
6370,2,1482.3000000000002,2,1482.0,2opt,notBad
6371,2,1482.3000000000002,2,1482.0,2opt,notBad
6372,2,1482.3000000000002,2,1482.0,move,improve
6373,2,1482.3000000000002,2,1482.0,2opt,notBad
6374,2,1482.3000000000002,2,1482.0,move,improve
6375,2,1482.3000000000002,2,1482.0,swap,improve
6376,2,1482.3000000000002,2,1482.0,2opt,notBad
6377,2,1482.3000000000002,2,1482.0,2opt,notBad
6378,2,1482.3000000000002,2,1482.0,move,improve
6379,2,1482.3000000000002,2,1482.0,swap,improve
6380,2,1482.3000000000002,2,1482.0,2opt,notBad
6381,2,1482.3000000000002,2,1482.0,move,improve
6382,2,1482.3000000000002,2,1482.0,move,improve
6383,2,1482.3000000000002,2,1482.0,move,improve
6384,2,1482.3000000000002,2,1482.0,2opt,notBad
6385,2,1482.3000000000002,2,1482.0,swap,improve
6386,2,1482.3000000000002,2,1482.0,2opt,notBad
6387,2,1482.3000000000002,2,1482.0,2opt,notBad
6388,2,1482.3000000000002,2,1482.0,swap,improve
6389,2,1482.3000000000002,2,1482.0,2opt,notBad
6390,2,1482.3000000000002,2,1482.0,swap,notBad
6391,2,1482.3000000000002,2,1482.0,move,improve
6392,2,1482.3000000000002,2,1482.0,move,improve
6393,2,1482.3000000000002,2,1482.0,swap,notBad
6394,2,1482.3000000000002,2,1482.0,2opt,notBad
6395,2,1482.3000000000002,2,1482.0,swap,improve
6396,2,1482.3000000000002,2,1482.0,move,improve
6397,2,1482.3000000000002,2,1482.0,2opt,notBad
6398,2,1482.3000000000002,2,1482.0,swap,notBad
6399,2,1482.3000000000002,2,1482.0,move,improve
6400,2,1482.3000000000002,2,1482.0,2opt,notBad
6401,2,1482.3000000000002,2,1482.0,swap,improve
6402,2,1482.3000000000002,2,1482.0,swap,notBad
6403,2,1482.3000000000002,2,1482.0,move,improve
6404,2,1482.3000000000002,2,1482.0,swap,improve
6405,2,1482.3000000000002,2,1482.0,2opt,notBad
6406,2,1482.0,2,1482.0,move,improve
6407,2,1482.0,2,1482.0,2opt,notBad
6408,2,1482.0,2,1482.0,move,improve
6409,2,1482.0,2,1482.0,swap,notBad
6410,2,1482.0,2,1482.0,swap,notBad
6411,2,1482.0,2,1482.0,move,improve
6412,2,1482.0,2,1482.0,move,improve
6413,2,1482.0,2,1482.0,swap,improve
6414,2,1482.0,2,1482.0,move,improve
6415,2,1482.0,2,1482.0,move,improve
6416,2,1482.1,2,1482.0,swap,acceptBad
6417,2,1482.1,2,1482.0,swap,notBad
6418,2,1482.1,2,1482.0,move,improve
6419,2,1482.1,2,1482.0,move,improve
6420,2,1482.1,2,1482.0,2opt,notBad
6421,2,1482.1,2,1482.0,swap,improve
6422,2,1482.1,2,1482.0,2opt,notBad
6423,2,1482.1,2,1482.0,move,improve
6424,2,1482.1,2,1482.0,swap,notBad
6425,2,1482.1,2,1482.0,2opt,notBad
6426,2,1482.1,2,1482.0,swap,improve
6427,2,1482.1,2,1482.0,move,improve
6428,2,1482.1,2,1482.0,swap,improve
6429,2,1482.1,2,1482.0,swap,notBad
6430,2,1482.1,2,1482.0,swap,improve
6431,2,1482.1,2,1482.0,2opt,notBad
6432,2,1482.1,2,1482.0,move,improve
6433,2,1482.1,2,1482.0,move,improve
6434,2,1482.1,2,1482.0,2opt,notBad
6435,2,1482.1,2,1482.0,swap,notBad
6436,2,1482.1,2,1482.0,2opt,notBad
6437,2,1482.1,2,1482.0,move,improve
6438,2,1482.1,2,1482.0,move,improve
6439,2,1482.1,2,1482.0,swap,notBad
6440,2,1482.1,2,1482.0,2opt,improve
6441,2,1482.1,2,1482.0,move,improve
6442,2,1482.1,2,1482.0,swap,notBad
6443,2,1482.1,2,1482.0,swap,improve
6444,2,1482.1,2,1482.0,move,improve
6445,2,1482.1,2,1482.0,2opt,notBad
6446,2,1482.1,2,1482.0,move,improve
6447,2,1482.1,2,1482.0,swap,notBad
6448,2,1482.1,2,1482.0,2opt,notBad
6449,2,1482.1,2,1482.0,move,improve
6450,2,1482.1,2,1482.0,move,improve
6451,2,1482.1,2,1482.0,swap,notBad
6452,2,1482.1,2,1482.0,2opt,improve
6453,2,1482.1,2,1482.0,2opt,notBad
6454,2,1482.1,2,1482.0,2opt,notBad
6455,2,1482.1,2,1482.0,2opt,notBad
6456,2,1482.1,2,1482.0,move,improve
6457,2,1482.1,2,1482.0,move,improve
6458,2,1482.1,2,1482.0,2opt,notBad
6459,2,1482.1,2,1482.0,move,improve
6460,2,1482.1,2,1482.0,swap,improve
6461,2,1482.1,2,1482.0,2opt,notBad
6462,2,1482.1,2,1482.0,move,improve
6463,2,1482.1,2,1482.0,2opt,improve
6464,2,1482.1,2,1482.0,2opt,notBad
6465,2,1482.1,2,1482.0,move,improve
6466,2,1482.1,2,1482.0,2opt,notBad
6467,2,1482.1,2,1482.0,2opt,notBad
6468,2,1482.1,2,1482.0,swap,improve
6469,2,1482.1,2,1482.0,2opt,notBad
6470,2,1482.1,2,1482.0,swap,improve
6471,2,1482.1,2,1482.0,move,improve
6472,2,1482.1,2,1482.0,2opt,notBad
6473,2,1482.1,2,1482.0,move,improve
6474,2,1482.1,2,1482.0,swap,improve
6475,2,1482.1,2,1482.0,swap,notBad
6476,2,1482.1,2,1482.0,2opt,notBad
6477,2,1482.1,2,1482.0,move,improve
6478,2,1482.1,2,1482.0,2opt,notBad
6479,2,1482.1,2,1482.0,2opt,improve
6480,2,1482.1,2,1482.0,2opt,notBad
6481,2,1482.1,2,1482.0,move,improve
6482,2,1482.1,2,1482.0,2opt,notBad
6483,2,1482.1,2,1482.0,move,improve
6484,2,1482.1,2,1482.0,move,improve
6485,2,1482.1,2,1482.0,2opt,notBad
6486,2,1482.1,2,1482.0,move,improve
6487,2,1482.1,2,1482.0,move,improve
6488,2,1482.1,2,1482.0,swap,improve
6489,2,1482.1,2,1482.0,2opt,notBad
6490,2,1482.1,2,1482.0,swap,improve
6491,2,1482.1,2,1482.0,swap,improve
6492,2,1482.1,2,1482.0,move,improve
6493,2,1482.1,2,1482.0,move,improve
6494,2,1482.1,2,1482.0,2opt,notBad
6495,2,1482.1,2,1482.0,2opt,notBad
6496,2,1482.1,2,1482.0,move,improve
6497,2,1482.1,2,1482.0,move,improve
6498,2,1482.1,2,1482.0,swap,notBad
6499,2,1482.1,2,1482.0,2opt,notBad
6500,2,1482.4,2,1482.0,move,acceptBad
6501,2,1482.4,2,1482.0,swap,improve
6502,2,1482.4,2,1482.0,swap,notBad
6503,2,1482.4,2,1482.0,swap,improve
6504,2,1482.4,2,1482.0,swap,notBad
6505,2,1482.4,2,1482.0,2opt,notBad
6506,2,1482.4,2,1482.0,2opt,notBad
6507,2,1482.4,2,1482.0,swap,improve
6508,2,1482.4,2,1482.0,2opt,notBad
6509,2,1482.1,2,1482.0,move,improve
6510,2,1482.1,2,1482.0,swap,notBad
6511,2,1482.1,2,1482.0,2opt,notBad
6512,2,1482.1,2,1482.0,move,improve
6513,2,1482.1,2,1482.0,move,improve
6514,2,1482.1,2,1482.0,move,improve
6515,2,1482.1,2,1482.0,move,improve
6516,2,1482.1,2,1482.0,2opt,notBad
6517,2,1482.1,2,1482.0,swap,improve
6518,2,1482.1,2,1482.0,move,improve
6519,2,1482.1,2,1482.0,move,improve
6520,2,1482.1,2,1482.0,2opt,improve
6521,2,1482.1,2,1482.0,2opt,notBad
6522,2,1482.1,2,1482.0,2opt,notBad
6523,2,1482.1,2,1482.0,swap,notBad
6524,2,1482.1,2,1482.0,2opt,notBad
6525,2,1482.1,2,1482.0,2opt,notBad
6526,2,1482.1,2,1482.0,2opt,notBad
6527,2,1482.1,2,1482.0,2opt,notBad
6528,2,1482.1,2,1482.0,2opt,notBad
6529,2,1482.1,2,1482.0,move,improve
6530,2,1482.1,2,1482.0,move,improve
6531,2,1482.1,2,1482.0,swap,notBad
6532,2,1482.1,2,1482.0,2opt,notBad
6533,2,1482.1,2,1482.0,move,improve
6534,2,1482.4,2,1482.0,swap,acceptBad
6535,2,1482.4,2,1482.0,move,improve
6536,2,1482.4,2,1482.0,swap,notBad
6537,2,1482.4,2,1482.0,move,improve
6538,2,1482.4,2,1482.0,swap,improve
6539,2,1482.4,2,1482.0,2opt,notBad
6540,2,1482.4,2,1482.0,2opt,notBad
6541,2,1482.4,2,1482.0,swap,notBad
6542,2,1482.4,2,1482.0,move,improve
6543,2,1482.4,2,1482.0,2opt,notBad
6544,2,1482.4,2,1482.0,swap,improve
6545,2,1482.4,2,1482.0,move,improve
6546,2,1482.4,2,1482.0,swap,improve
6547,2,1482.4,2,1482.0,swap,improve
6548,2,1482.4,2,1482.0,swap,improve
6549,2,1482.4,2,1482.0,2opt,notBad
6550,2,1482.4,2,1482.0,move,improve
6551,2,1482.4,2,1482.0,swap,notBad
6552,2,1482.4,2,1482.0,swap,improve
6553,2,1482.4,2,1482.0,move,improve
6554,2,1482.4,2,1482.0,2opt,notBad
6555,2,1482.4,2,1482.0,2opt,notBad
6556,2,1482.4,2,1482.0,move,improve
6557,2,1482.4,2,1482.0,2opt,notBad
6558,2,1485.0,2,1482.0,swap,acceptBad
6559,2,1485.0,2,1482.0,swap,improve
6560,2,1485.0,2,1482.0,2opt,notBad
6561,2,1485.0,2,1482.0,swap,improve
6562,2,1485.0,2,1482.0,2opt,notBad
6563,2,1485.0,2,1482.0,move,improve
6564,2,1485.0,2,1482.0,move,improve
6565,2,1485.0,2,1482.0,swap,improve
6566,2,1485.0,2,1482.0,swap,improve
6567,2,1485.0,2,1482.0,move,improve
6568,2,1485.0,2,1482.0,move,improve
6569,2,1485.0,2,1482.0,move,improve
6570,2,1490.1000000000001,2,1482.0,swap,acceptBad
6571,2,1490.1000000000001,2,1482.0,move,improve
6572,2,1490.1000000000001,2,1482.0,swap,notBad
6573,2,1490.1000000000001,2,1482.0,move,improve
6574,2,1490.1000000000001,2,1482.0,2opt,notBad
6575,2,1490.1000000000001,2,1482.0,move,improve
6576,2,1490.1000000000001,2,1482.0,move,improve
6577,2,1490.1000000000001,2,1482.0,2opt,notBad
6578,2,1490.1000000000001,2,1482.0,2opt,notBad
6579,2,1490.1000000000001,2,1482.0,swap,notBad
6580,2,1490.1000000000001,2,1482.0,swap,notBad
6581,2,1490.1000000000001,2,1482.0,move,improve
6582,2,1490.1000000000001,2,1482.0,swap,improve
6583,2,1490.1000000000001,2,1482.0,move,improve
6584,2,1490.1000000000001,2,1482.0,2opt,notBad
6585,2,1490.1000000000001,2,1482.0,swap,notBad
6586,2,1490.1000000000001,2,1482.0,2opt,notBad
6587,2,1490.1000000000001,2,1482.0,move,improve
6588,2,1490.1000000000001,2,1482.0,move,improve
6589,2,1490.1000000000001,2,1482.0,2opt,notBad
6590,2,1490.1000000000001,2,1482.0,move,improve
6591,2,1490.1000000000001,2,1482.0,swap,notBad
6592,2,1490.1000000000001,2,1482.0,swap,notBad
6593,2,1490.1000000000001,2,1482.0,2opt,notBad
6594,2,1490.1000000000001,2,1482.0,move,improve
6595,2,1490.1000000000001,2,1482.0,2opt,notBad
6596,2,1490.1000000000001,2,1482.0,2opt,notBad
6597,2,1490.1000000000001,2,1482.0,move,improve
6598,2,1490.1000000000001,2,1482.0,swap,improve
6599,2,1490.1000000000001,2,1482.0,2opt,notBad
6600,2,1490.1000000000001,2,1482.0,move,improve
6601,2,1490.1000000000001,2,1482.0,2opt,notBad
6602,2,1490.1000000000001,2,1482.0,move,improve
6603,2,1490.1000000000001,2,1482.0,2opt,notBad
6604,2,1490.1000000000001,2,1482.0,2opt,notBad
6605,2,1490.1000000000001,2,1482.0,move,improve
6606,2,1490.1000000000001,2,1482.0,swap,improve
6607,2,1490.1000000000001,2,1482.0,swap,improve
6608,2,1490.1000000000001,2,1482.0,swap,improve
6609,2,1490.1000000000001,2,1482.0,move,improve
6610,2,1490.1000000000001,2,1482.0,swap,notBad
6611,2,1490.1000000000001,2,1482.0,2opt,notBad
6612,2,1490.1000000000001,2,1482.0,swap,notBad
6613,2,1490.1000000000001,2,1482.0,swap,improve
6614,2,1490.1000000000001,2,1482.0,move,improve
6615,2,1490.1000000000001,2,1482.0,2opt,notBad
6616,2,1490.1000000000001,2,1482.0,swap,improve
6617,2,1490.1000000000001,2,1482.0,move,improve
6618,2,1490.1000000000001,2,1482.0,swap,notBad
6619,2,1490.1000000000001,2,1482.0,swap,notBad
6620,2,1490.1000000000001,2,1482.0,2opt,notBad
6621,2,1490.1000000000001,2,1482.0,swap,improve
6622,2,1490.1000000000001,2,1482.0,swap,improve
6623,2,1490.1000000000001,2,1482.0,swap,notBad
6624,2,1490.1000000000001,2,1482.0,swap,notBad
6625,2,1490.1000000000001,2,1482.0,swap,improve
6626,2,1490.1000000000001,2,1482.0,move,improve
6627,2,1490.1000000000001,2,1482.0,swap,improve
6628,2,1490.1000000000001,2,1482.0,move,improve
6629,2,1490.1000000000001,2,1482.0,move,improve
6630,2,1490.1000000000001,2,1482.0,swap,notBad
6631,2,1490.1000000000001,2,1482.0,2opt,notBad
6632,2,1490.1000000000001,2,1482.0,move,improve
6633,2,1489.8000000000002,2,1482.0,swap,improve
6634,2,1489.8000000000002,2,1482.0,2opt,notBad
6635,2,1489.8000000000002,2,1482.0,swap,notBad
6636,2,1489.8000000000002,2,1482.0,swap,improve
6637,2,1489.8000000000002,2,1482.0,swap,notBad
6638,2,1489.8000000000002,2,1482.0,move,improve
6639,2,1489.8000000000002,2,1482.0,2opt,notBad
6640,2,1489.8000000000002,2,1482.0,swap,notBad
6641,2,1489.8000000000002,2,1482.0,move,improve
6642,2,1489.8000000000002,2,1482.0,move,improve
6643,2,1489.8000000000002,2,1482.0,swap,improve
6644,2,1489.8000000000002,2,1482.0,2opt,notBad
6645,2,1489.8000000000002,2,1482.0,swap,notBad
6646,2,1489.8000000000002,2,1482.0,2opt,notBad
6647,2,1489.8000000000002,2,1482.0,swap,notBad
6648,2,1489.8000000000002,2,1482.0,2opt,notBad
6649,2,1489.8000000000002,2,1482.0,2opt,improve
6650,2,1488.4,2,1482.0,move,improve
6651,2,1488.4,2,1482.0,swap,improve
6652,2,1488.4,2,1482.0,move,improve
6653,2,1488.4,2,1482.0,swap,notBad
6654,2,1488.4,2,1482.0,swap,improve
6655,2,1489.1999999999998,2,1482.0,swap,acceptBad
6656,2,1489.1999999999998,2,1482.0,2opt,notBad
6657,2,1489.1999999999998,2,1482.0,2opt,notBad
6658,2,1489.1999999999998,2,1482.0,2opt,notBad
6659,2,1489.1999999999998,2,1482.0,swap,improve
6660,2,1489.1999999999998,2,1482.0,2opt,notBad
6661,2,1489.1999999999998,2,1482.0,2opt,notBad
6662,2,1489.1999999999998,2,1482.0,swap,improve
6663,2,1489.1999999999998,2,1482.0,move,improve
6664,2,1489.1999999999998,2,1482.0,swap,improve
6665,2,1489.1999999999998,2,1482.0,swap,improve
6666,2,1489.1999999999998,2,1482.0,move,improve
6667,2,1489.1999999999998,2,1482.0,move,improve
6668,2,1489.1999999999998,2,1482.0,swap,improve
6669,2,1489.1999999999998,2,1482.0,move,improve
6670,2,1489.1999999999998,2,1482.0,2opt,notBad
6671,2,1489.1999999999998,2,1482.0,2opt,notBad
6672,2,1489.1999999999998,2,1482.0,swap,notBad
6673,2,1489.1999999999998,2,1482.0,2opt,notBad
6674,2,1489.1999999999998,2,1482.0,move,improve
6675,2,1489.1999999999998,2,1482.0,move,improve
6676,2,1489.1999999999998,2,1482.0,2opt,notBad
6677,2,1489.1999999999998,2,1482.0,2opt,notBad
6678,2,1484.0,2,1482.0,swap,improve
6679,2,1484.0,2,1482.0,swap,improve
6680,2,1484.0,2,1482.0,2opt,notBad
6681,2,1484.0,2,1482.0,move,improve
6682,2,1484.0,2,1482.0,move,improve
6683,2,1484.0,2,1482.0,2opt,notBad
6684,2,1484.0,2,1482.0,move,improve
6685,2,1484.0,2,1482.0,2opt,notBad
6686,2,1484.0,2,1482.0,2opt,notBad
6687,2,1484.0,2,1482.0,2opt,notBad
6688,2,1484.0,2,1482.0,swap,notBad
6689,2,1484.0,2,1482.0,2opt,notBad
6690,2,1484.0,2,1482.0,2opt,notBad
6691,2,1484.0,2,1482.0,swap,improve
6692,2,1484.0,2,1482.0,2opt,notBad
6693,2,1484.0,2,1482.0,2opt,improve
6694,2,1484.0,2,1482.0,2opt,notBad
6695,2,1484.0,2,1482.0,move,improve
6696,2,1484.0,2,1482.0,2opt,notBad
6697,2,1484.0,2,1482.0,move,improve
6698,2,1484.0,2,1482.0,swap,notBad
6699,2,1484.0,2,1482.0,2opt,notBad
6700,2,1484.0,2,1482.0,2opt,notBad
6701,2,1484.0,2,1482.0,move,improve
6702,2,1484.0,2,1482.0,swap,improve
6703,2,1484.0,2,1482.0,move,improve
6704,2,1484.0,2,1482.0,2opt,notBad
6705,2,1484.0,2,1482.0,move,improve
6706,2,1484.0,2,1482.0,move,improve
6707,2,1484.0,2,1482.0,move,improve
6708,2,1484.0,2,1482.0,2opt,improve
6709,2,1484.0,2,1482.0,2opt,notBad
6710,2,1484.0,2,1482.0,swap,notBad
6711,2,1484.0,2,1482.0,move,improve
6712,2,1484.0,2,1482.0,move,improve
6713,2,1484.0,2,1482.0,swap,improve
6714,2,1484.0,2,1482.0,2opt,notBad
6715,2,1484.0,2,1482.0,2opt,notBad
6716,2,1484.0,2,1482.0,swap,improve
6717,2,1484.0,2,1482.0,2opt,notBad
6718,2,1484.0,2,1482.0,move,improve
6719,2,1484.0,2,1482.0,swap,improve
6720,2,1484.0,2,1482.0,swap,improve
6721,2,1484.0,2,1482.0,2opt,notBad
6722,2,1484.0,2,1482.0,move,improve
6723,2,1484.0,2,1482.0,move,improve
6724,2,1484.0,2,1482.0,swap,improve
6725,2,1484.0,2,1482.0,2opt,notBad
6726,2,1483.5,2,1482.0,move,improve
6727,2,1483.5,2,1482.0,2opt,improve
6728,2,1483.5,2,1482.0,swap,notBad
6729,2,1483.5,2,1482.0,swap,improve
6730,2,1483.5,2,1482.0,2opt,notBad
6731,2,1483.5,2,1482.0,2opt,notBad
6732,2,1483.5,2,1482.0,move,improve
6733,2,1483.5,2,1482.0,swap,notBad
6734,2,1483.5,2,1482.0,swap,notBad
6735,2,1483.5,2,1482.0,move,improve
6736,2,1483.5,2,1482.0,move,improve
6737,2,1483.5,2,1482.0,2opt,notBad
6738,2,1483.5,2,1482.0,2opt,notBad
6739,2,1483.5,2,1482.0,2opt,improve
6740,2,1483.5,2,1482.0,swap,improve
6741,2,1483.5,2,1482.0,move,improve
6742,2,1483.5,2,1482.0,swap,notBad
6743,2,1483.5,2,1482.0,2opt,notBad
6744,2,1483.5,2,1482.0,2opt,notBad
6745,2,1483.5,2,1482.0,swap,improve
6746,2,1483.5,2,1482.0,2opt,notBad
6747,2,1483.5,2,1482.0,2opt,notBad
6748,2,1483.5,2,1482.0,move,improve
6749,2,1483.5,2,1482.0,2opt,notBad
6750,2,1483.5,2,1482.0,swap,notBad
6751,2,1483.5,2,1482.0,move,improve
6752,2,1483.5,2,1482.0,swap,improve
6753,2,1483.5,2,1482.0,2opt,notBad
6754,2,1483.5,2,1482.0,2opt,notBad
6755,2,1483.5,2,1482.0,swap,improve
6756,2,1483.5,2,1482.0,move,improve
6757,2,1483.5,2,1482.0,swap,notBad
6758,2,1483.5,2,1482.0,move,improve
6759,2,1483.5,2,1482.0,2opt,notBad
6760,2,1483.5,2,1482.0,2opt,notBad
6761,2,1483.5,2,1482.0,2opt,notBad
6762,2,1483.5,2,1482.0,2opt,improve
6763,2,1483.5,2,1482.0,2opt,notBad
6764,2,1483.5,2,1482.0,2opt,notBad
6765,2,1483.5,2,1482.0,move,improve
6766,2,1483.5,2,1482.0,2opt,notBad
6767,2,1483.5,2,1482.0,swap,improve
6768,2,1483.5,2,1482.0,move,improve
6769,2,1483.5,2,1482.0,move,improve
6770,2,1483.5,2,1482.0,move,improve
6771,2,1483.5,2,1482.0,2opt,improve
6772,2,1483.5,2,1482.0,swap,improve
6773,2,1483.5,2,1482.0,move,improve
6774,2,1483.5,2,1482.0,2opt,notBad
6775,2,1483.5,2,1482.0,move,improve
6776,2,1483.5,2,1482.0,move,improve
6777,2,1483.5,2,1482.0,move,improve
6778,2,1483.5,2,1482.0,2opt,notBad
6779,2,1483.5,2,1482.0,2opt,notBad
6780,2,1483.5,2,1482.0,swap,notBad
6781,2,1483.5,2,1482.0,move,improve
6782,2,1483.5,2,1482.0,move,improve
6783,2,1483.5,2,1482.0,2opt,notBad
6784,2,1483.5,2,1482.0,2opt,notBad
6785,2,1483.5,2,1482.0,2opt,notBad
6786,2,1483.5,2,1482.0,swap,improve
6787,2,1483.5,2,1482.0,move,improve
6788,2,1483.5,2,1482.0,swap,improve
6789,2,1483.5,2,1482.0,move,improve
6790,2,1483.5,2,1482.0,2opt,notBad
6791,2,1483.5,2,1482.0,2opt,notBad
6792,2,1483.5,2,1482.0,swap,notBad
6793,2,1483.5,2,1482.0,swap,notBad
6794,2,1483.5,2,1482.0,move,improve
6795,2,1483.5,2,1482.0,swap,notBad
6796,2,1483.5,2,1482.0,move,improve
6797,2,1483.5,2,1482.0,swap,improve
6798,2,1483.5,2,1482.0,move,improve
6799,2,1483.5,2,1482.0,swap,improve
6800,2,1483.5,2,1482.0,2opt,notBad
6801,2,1483.5,2,1482.0,2opt,notBad
6802,2,1483.5,2,1482.0,2opt,notBad
6803,2,1483.5,2,1482.0,2opt,notBad
6804,2,1483.5,2,1482.0,2opt,notBad
6805,2,1483.5,2,1482.0,move,improve
6806,2,1483.5,2,1482.0,swap,improve
6807,2,1483.5,2,1482.0,2opt,notBad
6808,2,1483.5,2,1482.0,move,improve
6809,2,1483.5,2,1482.0,swap,notBad
6810,2,1483.5,2,1482.0,move,improve
6811,2,1483.5,2,1482.0,2opt,notBad
6812,2,1483.5,2,1482.0,2opt,improve
6813,2,1483.5,2,1482.0,2opt,notBad
6814,2,1483.5,2,1482.0,move,improve
6815,2,1483.5,2,1482.0,2opt,notBad
6816,2,1483.5,2,1482.0,2opt,notBad
6817,2,1483.5,2,1482.0,swap,notBad
6818,2,1483.5,2,1482.0,swap,notBad
6819,2,1483.5,2,1482.0,move,improve
6820,2,1483.5,2,1482.0,2opt,notBad
6821,2,1483.5,2,1482.0,move,improve
6822,2,1483.5,2,1482.0,2opt,notBad
6823,2,1483.5,2,1482.0,2opt,notBad
6824,2,1483.5,2,1482.0,move,improve
6825,2,1483.5,2,1482.0,move,improve
6826,2,1483.5,2,1482.0,2opt,improve
6827,2,1483.5,2,1482.0,2opt,notBad
6828,2,1483.5,2,1482.0,move,improve
6829,2,1483.5,2,1482.0,2opt,notBad
6830,2,1483.5,2,1482.0,swap,improve
6831,2,1483.5,2,1482.0,swap,notBad
6832,2,1483.5,2,1482.0,2opt,notBad
6833,2,1483.5,2,1482.0,2opt,notBad
6834,2,1483.5,2,1482.0,swap,improve
6835,2,1483.5,2,1482.0,2opt,notBad
6836,2,1483.5,2,1482.0,move,improve
6837,2,1483.5,2,1482.0,move,improve
6838,2,1483.5,2,1482.0,2opt,notBad
6839,2,1483.5,2,1482.0,move,improve
6840,2,1483.5,2,1482.0,move,improve
6841,2,1483.5,2,1482.0,2opt,notBad
6842,2,1483.5,2,1482.0,2opt,notBad
6843,2,1483.5,2,1482.0,swap,notBad
6844,2,1483.5,2,1482.0,swap,improve
6845,2,1483.5,2,1482.0,2opt,notBad
6846,2,1483.5,2,1482.0,2opt,notBad
6847,2,1483.5,2,1482.0,swap,notBad
6848,2,1483.5,2,1482.0,move,improve
6849,2,1483.5,2,1482.0,2opt,notBad
6850,2,1483.5,2,1482.0,swap,notBad
6851,2,1483.5,2,1482.0,swap,improve
6852,2,1483.5,2,1482.0,move,improve
6853,2,1483.5,2,1482.0,swap,improve
6854,2,1483.5,2,1482.0,swap,improve
6855,2,1483.5,2,1482.0,swap,improve
6856,2,1483.5,2,1482.0,move,improve
6857,2,1483.5,2,1482.0,move,improve
6858,2,1483.5,2,1482.0,2opt,notBad
6859,2,1483.5,2,1482.0,swap,improve
6860,2,1483.5,2,1482.0,swap,improve
6861,2,1483.5,2,1482.0,swap,improve
6862,2,1483.5,2,1482.0,move,improve
6863,2,1483.5,2,1482.0,2opt,notBad
6864,2,1483.5,2,1482.0,swap,improve
6865,2,1483.5,2,1482.0,move,improve
6866,2,1483.5,2,1482.0,swap,improve
6867,2,1483.5,2,1482.0,swap,improve
6868,2,1483.5,2,1482.0,2opt,notBad
6869,2,1483.5,2,1482.0,swap,improve
6870,2,1483.5,2,1482.0,move,improve
6871,2,1483.5,2,1482.0,2opt,notBad
6872,2,1483.5,2,1482.0,move,improve
6873,2,1483.5,2,1482.0,move,improve
6874,2,1483.5,2,1482.0,swap,improve
6875,2,1483.5,2,1482.0,swap,improve
6876,2,1483.5,2,1482.0,move,improve
6877,2,1483.5,2,1482.0,swap,improve
6878,2,1483.5,2,1482.0,move,improve
6879,2,1483.5,2,1482.0,2opt,notBad
6880,2,1483.5,2,1482.0,move,improve
6881,2,1483.5,2,1482.0,2opt,improve
6882,2,1483.8000000000002,2,1482.0,move,acceptBad
6883,2,1483.8000000000002,2,1482.0,move,improve
6884,2,1483.8000000000002,2,1482.0,2opt,notBad
6885,2,1483.8000000000002,2,1482.0,2opt,notBad
6886,2,1483.8000000000002,2,1482.0,move,improve
6887,2,1483.8000000000002,2,1482.0,swap,improve
6888,2,1483.8000000000002,2,1482.0,move,improve
6889,2,1483.8000000000002,2,1482.0,swap,notBad
6890,2,1483.8000000000002,2,1482.0,2opt,notBad
6891,2,1483.8000000000002,2,1482.0,move,improve
6892,2,1483.8000000000002,2,1482.0,swap,notBad
6893,2,1483.8000000000002,2,1482.0,2opt,notBad
6894,2,1483.8000000000002,2,1482.0,move,improve
6895,2,1483.8000000000002,2,1482.0,2opt,notBad
6896,2,1483.8000000000002,2,1482.0,swap,improve
6897,2,1483.8000000000002,2,1482.0,swap,improve
6898,2,1483.8000000000002,2,1482.0,2opt,notBad
6899,2,1483.8000000000002,2,1482.0,2opt,notBad
6900,2,1483.8000000000002,2,1482.0,2opt,notBad
6901,2,1483.8000000000002,2,1482.0,2opt,notBad
6902,2,1483.8000000000002,2,1482.0,swap,notBad
6903,2,1483.8000000000002,2,1482.0,swap,notBad
6904,2,1483.8000000000002,2,1482.0,move,improve
6905,2,1483.8000000000002,2,1482.0,swap,improve
6906,2,1483.8000000000002,2,1482.0,swap,improve
6907,2,1483.8000000000002,2,1482.0,2opt,notBad
6908,2,1483.8000000000002,2,1482.0,move,improve
6909,2,1483.8000000000002,2,1482.0,swap,improve
6910,2,1483.8000000000002,2,1482.0,swap,notBad
6911,2,1483.8000000000002,2,1482.0,move,improve
6912,2,1483.8000000000002,2,1482.0,move,improve
6913,2,1483.8000000000002,2,1482.0,move,improve
6914,2,1483.8000000000002,2,1482.0,2opt,notBad
6915,2,1483.8000000000002,2,1482.0,swap,improve
6916,2,1483.8000000000002,2,1482.0,2opt,improve
6917,2,1483.8000000000002,2,1482.0,move,improve
6918,2,1483.8000000000002,2,1482.0,2opt,notBad
6919,2,1483.8000000000002,2,1482.0,move,improve
6920,2,1483.8000000000002,2,1482.0,2opt,improve
6921,2,1483.8000000000002,2,1482.0,swap,notBad
6922,2,1483.8000000000002,2,1482.0,swap,improve
6923,2,1483.8000000000002,2,1482.0,swap,notBad
6924,2,1483.8000000000002,2,1482.0,swap,improve
6925,2,1483.8000000000002,2,1482.0,2opt,notBad
6926,2,1483.8000000000002,2,1482.0,swap,notBad
6927,2,1483.8000000000002,2,1482.0,move,improve
6928,2,1483.8000000000002,2,1482.0,move,improve
6929,2,1483.8000000000002,2,1482.0,move,improve
6930,2,1483.8000000000002,2,1482.0,swap,improve
6931,2,1483.8000000000002,2,1482.0,swap,improve
6932,2,1483.8000000000002,2,1482.0,swap,improve
6933,2,1483.8000000000002,2,1482.0,2opt,notBad
6934,2,1483.8000000000002,2,1482.0,move,improve
6935,2,1483.8000000000002,2,1482.0,move,improve
6936,2,1483.8000000000002,2,1482.0,move,improve
6937,2,1483.8000000000002,2,1482.0,swap,notBad
6938,2,1482.3000000000002,2,1482.0,swap,improve
6939,2,1482.3000000000002,2,1482.0,2opt,notBad
6940,2,1482.3000000000002,2,1482.0,swap,notBad
6941,2,1482.3000000000002,2,1482.0,move,improve
6942,2,1482.3000000000002,2,1482.0,2opt,notBad
6943,2,1482.3000000000002,2,1482.0,2opt,notBad
6944,2,1482.3000000000002,2,1482.0,2opt,notBad
6945,2,1482.3000000000002,2,1482.0,swap,improve
6946,2,1482.3000000000002,2,1482.0,swap,notBad
6947,2,1482.3000000000002,2,1482.0,move,improve
6948,2,1482.3000000000002,2,1482.0,move,improve
6949,2,1482.3000000000002,2,1482.0,swap,notBad
6950,2,1482.3000000000002,2,1482.0,move,improve
6951,2,1482.3000000000002,2,1482.0,move,improve
6952,2,1482.3000000000002,2,1482.0,2opt,notBad
6953,2,1482.3000000000002,2,1482.0,2opt,notBad
6954,2,1482.3000000000002,2,1482.0,2opt,improve
6955,2,1482.3000000000002,2,1482.0,move,improve
6956,2,1482.3000000000002,2,1482.0,move,improve
6957,2,1482.3000000000002,2,1482.0,2opt,notBad
6958,2,1482.3000000000002,2,1482.0,2opt,improve
6959,2,1482.3000000000002,2,1482.0,move,improve
6960,2,1482.3000000000002,2,1482.0,move,improve
6961,2,1482.3000000000002,2,1482.0,move,improve
6962,2,1482.3000000000002,2,1482.0,swap,improve
6963,2,1482.3000000000002,2,1482.0,2opt,notBad
6964,2,1482.3000000000002,2,1482.0,move,improve
6965,2,1482.3000000000002,2,1482.0,2opt,notBad
6966,2,1482.3000000000002,2,1482.0,move,improve
6967,2,1482.3000000000002,2,1482.0,move,improve
6968,2,1482.3000000000002,2,1482.0,2opt,notBad
6969,2,1482.3000000000002,2,1482.0,2opt,notBad
6970,2,1482.3000000000002,2,1482.0,2opt,notBad
6971,2,1482.3000000000002,2,1482.0,swap,improve
6972,2,1482.3000000000002,2,1482.0,move,improve
6973,2,1482.3000000000002,2,1482.0,move,improve
6974,2,1482.3000000000002,2,1482.0,2opt,notBad
6975,2,1482.3000000000002,2,1482.0,swap,notBad
6976,2,1482.3000000000002,2,1482.0,swap,improve
6977,2,1482.3000000000002,2,1482.0,2opt,notBad
6978,2,1482.3000000000002,2,1482.0,swap,notBad
6979,2,1482.3000000000002,2,1482.0,2opt,notBad
6980,2,1482.3000000000002,2,1482.0,move,improve
6981,2,1482.3000000000002,2,1482.0,move,improve
6982,2,1482.3000000000002,2,1482.0,move,improve
6983,2,1482.3000000000002,2,1482.0,swap,improve
6984,2,1482.3000000000002,2,1482.0,swap,improve
6985,2,1482.3000000000002,2,1482.0,swap,notBad
6986,2,1482.3000000000002,2,1482.0,swap,improve
6987,2,1482.3000000000002,2,1482.0,swap,improve
6988,2,1482.3000000000002,2,1482.0,move,improve
6989,2,1482.3000000000002,2,1482.0,2opt,notBad
6990,2,1482.3000000000002,2,1482.0,move,improve
6991,2,1482.3000000000002,2,1482.0,move,improve
6992,2,1482.3000000000002,2,1482.0,swap,notBad
6993,2,1482.3000000000002,2,1482.0,2opt,notBad
6994,2,1482.3000000000002,2,1482.0,2opt,notBad
6995,2,1482.3000000000002,2,1482.0,2opt,notBad
6996,2,1482.3000000000002,2,1482.0,swap,notBad
6997,2,1482.3000000000002,2,1482.0,swap,notBad
6998,2,1482.3000000000002,2,1482.0,move,improve
6999,2,1482.3000000000002,2,1482.0,move,improve
7000,2,1482.3000000000002,2,1482.0,2opt,notBad
7001,2,1482.3000000000002,2,1482.0,move,improve
7002,2,1482.3000000000002,2,1482.0,swap,notBad
7003,2,1482.3000000000002,2,1482.0,2opt,notBad
7004,2,1482.3000000000002,2,1482.0,move,improve
7005,2,1482.3000000000002,2,1482.0,swap,notBad
7006,2,1482.3000000000002,2,1482.0,swap,improve
7007,2,1482.3000000000002,2,1482.0,move,improve
7008,2,1482.3000000000002,2,1482.0,2opt,notBad
7009,2,1482.3000000000002,2,1482.0,2opt,notBad
7010,2,1482.3000000000002,2,1482.0,swap,improve
7011,2,1482.3000000000002,2,1482.0,swap,improve
7012,2,1482.3000000000002,2,1482.0,2opt,notBad
7013,2,1482.3000000000002,2,1482.0,swap,improve
7014,2,1482.3000000000002,2,1482.0,swap,improve
7015,2,1482.3000000000002,2,1482.0,move,improve
7016,2,1482.3000000000002,2,1482.0,2opt,notBad
7017,2,1482.3000000000002,2,1482.0,move,improve
7018,2,1482.3000000000002,2,1482.0,2opt,notBad
7019,2,1482.3000000000002,2,1482.0,move,improve
7020,2,1482.3000000000002,2,1482.0,2opt,notBad
7021,2,1482.3000000000002,2,1482.0,move,improve
7022,2,1482.3000000000002,2,1482.0,swap,improve
7023,2,1482.3000000000002,2,1482.0,2opt,notBad
7024,2,1482.3000000000002,2,1482.0,swap,notBad
7025,2,1482.3000000000002,2,1482.0,swap,notBad
7026,2,1482.3000000000002,2,1482.0,move,improve
7027,2,1482.3000000000002,2,1482.0,swap,improve
7028,2,1482.3000000000002,2,1482.0,swap,improve
7029,2,1482.3000000000002,2,1482.0,swap,notBad
7030,2,1482.3000000000002,2,1482.0,move,improve
7031,2,1482.3000000000002,2,1482.0,swap,improve
7032,2,1482.3000000000002,2,1482.0,swap,improve
7033,2,1482.3000000000002,2,1482.0,swap,improve
7034,2,1482.3000000000002,2,1482.0,move,improve
7035,2,1482.3000000000002,2,1482.0,swap,notBad
7036,2,1482.3000000000002,2,1482.0,swap,notBad
7037,2,1482.3000000000002,2,1482.0,swap,improve
7038,2,1482.3000000000002,2,1482.0,2opt,notBad
7039,2,1482.3000000000002,2,1482.0,2opt,notBad
7040,2,1482.3000000000002,2,1482.0,move,improve
7041,2,1482.3000000000002,2,1482.0,move,improve
7042,2,1482.3000000000002,2,1482.0,2opt,notBad
7043,2,1482.3000000000002,2,1482.0,2opt,notBad
7044,2,1482.3000000000002,2,1482.0,swap,improve
7045,2,1482.3000000000002,2,1482.0,move,improve
7046,2,1483.9,2,1482.0,swap,acceptBad
7047,2,1483.9,2,1482.0,swap,notBad
7048,2,1483.9,2,1482.0,2opt,notBad
7049,2,1483.9,2,1482.0,2opt,notBad
7050,2,1483.9,2,1482.0,2opt,notBad
7051,2,1483.9,2,1482.0,2opt,notBad
7052,2,1485.4,2,1482.0,swap,acceptBad
7053,2,1485.4,2,1482.0,move,improve
7054,2,1485.4,2,1482.0,move,improve
7055,2,1485.4,2,1482.0,2opt,notBad
7056,2,1485.4,2,1482.0,2opt,improve
7057,2,1485.4,2,1482.0,swap,notBad
7058,2,1485.4,2,1482.0,2opt,notBad
7059,2,1485.4,2,1482.0,move,improve
7060,2,1485.4,2,1482.0,swap,improve
7061,2,1485.4,2,1482.0,swap,improve
7062,2,1485.4,2,1482.0,2opt,notBad
7063,2,1485.4,2,1482.0,swap,improve
7064,2,1485.4,2,1482.0,swap,notBad
7065,2,1485.4,2,1482.0,move,improve
7066,2,1485.4,2,1482.0,2opt,notBad
7067,2,1485.4,2,1482.0,swap,notBad
7068,2,1485.4,2,1482.0,swap,improve
7069,2,1485.4,2,1482.0,2opt,notBad
7070,2,1485.4,2,1482.0,2opt,notBad
7071,2,1485.4,2,1482.0,move,improve
7072,2,1483.8000000000002,2,1482.0,move,improve
7073,2,1483.8000000000002,2,1482.0,2opt,notBad
7074,2,1483.8000000000002,2,1482.0,2opt,improve
7075,2,1483.8000000000002,2,1482.0,2opt,notBad
7076,2,1483.8000000000002,2,1482.0,swap,improve
7077,2,1483.8000000000002,2,1482.0,move,improve
7078,2,1483.8000000000002,2,1482.0,swap,improve
7079,2,1483.8000000000002,2,1482.0,swap,improve
7080,2,1483.8000000000002,2,1482.0,move,improve
7081,2,1483.8000000000002,2,1482.0,swap,notBad
7082,2,1483.8000000000002,2,1482.0,2opt,notBad
7083,2,1483.8000000000002,2,1482.0,2opt,notBad
7084,2,1483.8000000000002,2,1482.0,2opt,notBad
7085,2,1483.8000000000002,2,1482.0,swap,improve
7086,2,1483.8000000000002,2,1482.0,move,improve
7087,2,1483.8000000000002,2,1482.0,move,improve
7088,2,1485.4,2,1482.0,swap,acceptBad
7089,2,1483.8000000000002,2,1482.0,move,improve
7090,2,1483.8000000000002,2,1482.0,move,improve
7091,2,1483.8000000000002,2,1482.0,2opt,notBad
7092,2,1483.8000000000002,2,1482.0,move,improve
7093,2,1483.8000000000002,2,1482.0,swap,improve
7094,2,1483.5,2,1482.0,move,improve
7095,2,1483.5,2,1482.0,2opt,notBad
7096,2,1483.5,2,1482.0,move,improve
7097,2,1483.5,2,1482.0,move,improve
7098,2,1483.5,2,1482.0,swap,notBad
7099,2,1483.5,2,1482.0,2opt,notBad
7100,2,1483.5,2,1482.0,move,improve
7101,2,1483.5,2,1482.0,2opt,notBad
7102,2,1483.5,2,1482.0,move,improve
7103,2,1483.5,2,1482.0,2opt,notBad
7104,2,1483.8000000000002,2,1482.0,move,acceptBad
7105,2,1483.8000000000002,2,1482.0,move,improve
7106,2,1484.3000000000002,2,1482.0,swap,acceptBad
7107,2,1484.3000000000002,2,1482.0,move,improve
7108,2,1484.3000000000002,2,1482.0,move,improve
7109,2,1484.3000000000002,2,1482.0,swap,improve
7110,2,1484.3000000000002,2,1482.0,move,improve
7111,2,1484.3000000000002,2,1482.0,swap,improve
7112,2,1484.3000000000002,2,1482.0,swap,improve
7113,2,1484.3000000000002,2,1482.0,swap,improve
7114,2,1484.3000000000002,2,1482.0,move,improve
7115,2,1484.3000000000002,2,1482.0,move,improve
7116,2,1484.3000000000002,2,1482.0,swap,improve
7117,2,1483.8000000000002,2,1482.0,move,improve
7118,2,1483.8000000000002,2,1482.0,2opt,notBad
7119,2,1483.8000000000002,2,1482.0,move,improve
7120,2,1483.8000000000002,2,1482.0,move,improve
7121,2,1483.8000000000002,2,1482.0,move,improve
7122,2,1483.8000000000002,2,1482.0,swap,improve
7123,2,1483.8000000000002,2,1482.0,swap,improve
7124,2,1483.8000000000002,2,1482.0,2opt,notBad
7125,2,1483.8000000000002,2,1482.0,move,improve
7126,2,1483.8000000000002,2,1482.0,2opt,notBad
7127,2,1483.8000000000002,2,1482.0,swap,notBad
7128,2,1483.8000000000002,2,1482.0,2opt,notBad
7129,2,1483.8000000000002,2,1482.0,move,improve
7130,2,1483.8000000000002,2,1482.0,swap,notBad
7131,2,1483.8000000000002,2,1482.0,move,improve
7132,2,1483.8000000000002,2,1482.0,swap,notBad
7133,2,1483.8000000000002,2,1482.0,2opt,notBad
7134,2,1483.8000000000002,2,1482.0,2opt,notBad
7135,2,1483.8000000000002,2,1482.0,2opt,notBad
7136,2,1483.8000000000002,2,1482.0,swap,improve
7137,2,1483.8000000000002,2,1482.0,swap,notBad
7138,2,1483.8000000000002,2,1482.0,swap,notBad
7139,2,1483.8000000000002,2,1482.0,swap,improve
7140,2,1483.8000000000002,2,1482.0,move,improve
7141,2,1483.8000000000002,2,1482.0,2opt,notBad
7142,2,1483.8000000000002,2,1482.0,swap,notBad
7143,2,1483.8000000000002,2,1482.0,move,improve
7144,2,1483.8000000000002,2,1482.0,swap,improve
7145,2,1483.8000000000002,2,1482.0,move,improve
7146,2,1483.8000000000002,2,1482.0,move,improve
7147,2,1483.8000000000002,2,1482.0,swap,improve
7148,2,1483.8000000000002,2,1482.0,swap,notBad
7149,2,1483.8000000000002,2,1482.0,2opt,notBad
7150,2,1483.8000000000002,2,1482.0,move,improve
7151,2,1483.8000000000002,2,1482.0,swap,improve
7152,2,1483.8000000000002,2,1482.0,swap,improve
7153,2,1483.8000000000002,2,1482.0,move,improve
7154,2,1483.8000000000002,2,1482.0,move,improve
7155,2,1483.8000000000002,2,1482.0,2opt,notBad
7156,2,1483.8000000000002,2,1482.0,2opt,notBad
7157,2,1483.8000000000002,2,1482.0,swap,notBad
7158,2,1483.8000000000002,2,1482.0,move,improve
7159,2,1483.8000000000002,2,1482.0,move,improve
7160,2,1483.8000000000002,2,1482.0,swap,improve
7161,2,1483.8000000000002,2,1482.0,move,improve
7162,2,1483.8000000000002,2,1482.0,move,improve
7163,2,1483.8000000000002,2,1482.0,2opt,notBad
7164,2,1483.8000000000002,2,1482.0,swap,improve
7165,2,1483.8000000000002,2,1482.0,2opt,notBad
7166,2,1483.8000000000002,2,1482.0,swap,notBad
7167,2,1483.8000000000002,2,1482.0,2opt,notBad
7168,2,1483.8000000000002,2,1482.0,swap,improve
7169,2,1483.8000000000002,2,1482.0,2opt,notBad
7170,2,1483.8000000000002,2,1482.0,move,improve
7171,2,1483.8000000000002,2,1482.0,move,improve
7172,2,1483.8000000000002,2,1482.0,swap,improve
7173,2,1483.8000000000002,2,1482.0,2opt,notBad
7174,2,1483.8000000000002,2,1482.0,swap,improve
7175,2,1483.8000000000002,2,1482.0,2opt,notBad
7176,2,1484.3000000000002,2,1482.0,swap,acceptBad
7177,2,1484.3000000000002,2,1482.0,move,improve
7178,2,1484.3000000000002,2,1482.0,swap,improve
7179,2,1484.3000000000002,2,1482.0,swap,notBad
7180,2,1484.3000000000002,2,1482.0,2opt,notBad
7181,2,1484.3000000000002,2,1482.0,move,improve
7182,2,1484.3000000000002,2,1482.0,move,improve
7183,2,1484.3000000000002,2,1482.0,move,improve
7184,2,1483.8000000000002,2,1482.0,swap,improve
7185,2,1483.8000000000002,2,1482.0,2opt,notBad
7186,2,1483.8000000000002,2,1482.0,move,improve
7187,2,1483.8000000000002,2,1482.0,move,improve
7188,2,1483.8000000000002,2,1482.0,swap,improve
7189,2,1483.8000000000002,2,1482.0,2opt,notBad
7190,2,1483.8000000000002,2,1482.0,2opt,notBad
7191,2,1483.8000000000002,2,1482.0,swap,improve
7192,2,1483.8000000000002,2,1482.0,2opt,notBad
7193,2,1483.8000000000002,2,1482.0,2opt,improve
7194,2,1483.8000000000002,2,1482.0,move,improve
7195,2,1483.8000000000002,2,1482.0,2opt,notBad
7196,2,1483.8000000000002,2,1482.0,swap,improve
7197,2,1483.8000000000002,2,1482.0,move,improve
7198,2,1483.8000000000002,2,1482.0,swap,improve
7199,2,1483.8000000000002,2,1482.0,swap,improve
7200,2,1483.8000000000002,2,1482.0,swap,notBad
7201,2,1483.8000000000002,2,1482.0,move,improve
7202,2,1483.8000000000002,2,1482.0,move,improve
7203,2,1483.8000000000002,2,1482.0,move,improve
7204,2,1483.8000000000002,2,1482.0,swap,notBad
7205,2,1483.8000000000002,2,1482.0,2opt,notBad
7206,2,1483.8000000000002,2,1482.0,swap,improve
7207,2,1483.8000000000002,2,1482.0,2opt,notBad
7208,2,1483.8000000000002,2,1482.0,swap,improve
7209,2,1483.8000000000002,2,1482.0,2opt,notBad
7210,2,1483.8000000000002,2,1482.0,2opt,improve
7211,2,1483.8000000000002,2,1482.0,swap,improve
7212,2,1483.8000000000002,2,1482.0,2opt,notBad
7213,2,1483.8000000000002,2,1482.0,move,improve
7214,2,1484.3000000000002,2,1482.0,swap,acceptBad
7215,2,1484.3000000000002,2,1482.0,move,improve
7216,2,1484.3000000000002,2,1482.0,swap,improve
7217,2,1484.3000000000002,2,1482.0,2opt,notBad
7218,2,1484.0,2,1482.0,move,improve
7219,2,1484.0,2,1482.0,swap,notBad
7220,2,1484.0,2,1482.0,2opt,notBad
7221,2,1484.0,2,1482.0,2opt,notBad
7222,2,1484.0,2,1482.0,move,improve
7223,2,1484.0,2,1482.0,move,improve
7224,2,1484.0,2,1482.0,swap,notBad
7225,2,1484.0,2,1482.0,swap,improve
7226,2,1484.0,2,1482.0,swap,notBad
7227,2,1484.0,2,1482.0,2opt,notBad
7228,2,1484.0,2,1482.0,2opt,notBad
7229,2,1484.0,2,1482.0,move,improve
7230,2,1484.0,2,1482.0,swap,notBad
7231,2,1484.0,2,1482.0,swap,notBad
7232,2,1484.0,2,1482.0,2opt,notBad
7233,2,1484.0,2,1482.0,swap,improve
7234,2,1484.0,2,1482.0,move,improve
7235,2,1484.0,2,1482.0,swap,improve
7236,2,1484.0,2,1482.0,move,improve
7237,2,1484.0,2,1482.0,move,improve
7238,2,1484.0,2,1482.0,swap,improve
7239,2,1484.0,2,1482.0,move,improve
7240,2,1484.0,2,1482.0,2opt,notBad
7241,2,1484.0,2,1482.0,2opt,notBad
7242,2,1484.0,2,1482.0,2opt,notBad
7243,2,1484.0,2,1482.0,2opt,notBad
7244,2,1484.0,2,1482.0,swap,notBad
7245,2,1484.0,2,1482.0,2opt,notBad
7246,2,1484.0,2,1482.0,move,improve
7247,2,1484.0,2,1482.0,2opt,notBad
7248,2,1484.0,2,1482.0,swap,improve
7249,2,1484.0,2,1482.0,move,improve
7250,2,1484.0,2,1482.0,swap,improve
7251,2,1484.0,2,1482.0,2opt,notBad
7252,2,1484.0,2,1482.0,2opt,notBad
7253,2,1484.0,2,1482.0,2opt,notBad
7254,2,1484.0,2,1482.0,swap,notBad
7255,2,1484.0,2,1482.0,2opt,notBad
7256,2,1484.0,2,1482.0,swap,improve
7257,2,1484.0,2,1482.0,2opt,notBad
7258,2,1484.0,2,1482.0,move,improve
7259,2,1484.0,2,1482.0,2opt,notBad
7260,2,1484.0,2,1482.0,swap,improve
7261,2,1484.0,2,1482.0,move,improve
7262,2,1484.0,2,1482.0,move,improve
7263,2,1484.0,2,1482.0,swap,improve
7264,2,1484.0,2,1482.0,2opt,notBad
7265,2,1484.0,2,1482.0,swap,notBad
7266,2,1484.0,2,1482.0,swap,improve
7267,2,1484.0,2,1482.0,2opt,notBad
7268,2,1484.0,2,1482.0,2opt,notBad
7269,2,1484.0,2,1482.0,2opt,notBad
7270,2,1484.0,2,1482.0,swap,notBad
7271,2,1484.0,2,1482.0,2opt,notBad
7272,2,1484.0,2,1482.0,move,improve
7273,2,1484.0,2,1482.0,move,improve
7274,2,1484.0,2,1482.0,swap,improve
7275,2,1484.0,2,1482.0,swap,notBad
7276,2,1484.0,2,1482.0,2opt,notBad
7277,2,1484.0,2,1482.0,swap,improve
7278,2,1484.0,2,1482.0,move,improve
7279,2,1484.0,2,1482.0,2opt,notBad
7280,2,1484.0,2,1482.0,swap,notBad
7281,2,1484.0,2,1482.0,move,improve
7282,2,1484.0,2,1482.0,move,improve
7283,2,1484.0,2,1482.0,2opt,notBad
7284,2,1484.0,2,1482.0,move,improve
7285,2,1484.0,2,1482.0,move,improve
7286,2,1484.0,2,1482.0,2opt,notBad
7287,2,1484.0,2,1482.0,2opt,notBad
7288,2,1484.0,2,1482.0,2opt,notBad
7289,2,1484.0,2,1482.0,move,improve
7290,2,1484.0,2,1482.0,move,improve
7291,2,1484.0,2,1482.0,move,improve
7292,2,1484.0,2,1482.0,move,improve
7293,2,1484.0,2,1482.0,2opt,notBad
7294,2,1484.0,2,1482.0,swap,notBad
7295,2,1484.0,2,1482.0,move,improve
7296,2,1484.0,2,1482.0,move,improve
7297,2,1484.0,2,1482.0,2opt,notBad
7298,2,1484.0,2,1482.0,move,improve
7299,2,1484.0,2,1482.0,swap,improve
7300,2,1484.0,2,1482.0,2opt,notBad
7301,2,1484.0,2,1482.0,swap,notBad
7302,2,1484.0,2,1482.0,swap,notBad
7303,2,1484.0,2,1482.0,2opt,notBad
7304,2,1484.0,2,1482.0,swap,notBad
7305,2,1484.0,2,1482.0,2opt,notBad
7306,2,1484.0,2,1482.0,swap,improve
7307,2,1484.0,2,1482.0,move,improve
7308,2,1483.5,2,1482.0,swap,improve
7309,2,1483.5,2,1482.0,swap,improve
7310,2,1483.5,2,1482.0,2opt,notBad
7311,2,1483.5,2,1482.0,move,improve
7312,2,1483.5,2,1482.0,2opt,notBad
7313,2,1483.5,2,1482.0,2opt,notBad
7314,2,1483.5,2,1482.0,2opt,notBad
7315,2,1483.5,2,1482.0,2opt,notBad
7316,2,1483.5,2,1482.0,swap,notBad
7317,2,1483.5,2,1482.0,2opt,notBad
7318,2,1483.5,2,1482.0,move,improve
7319,2,1483.5,2,1482.0,move,improve
7320,2,1483.5,2,1482.0,move,improve
7321,2,1483.5,2,1482.0,move,improve
7322,2,1483.5,2,1482.0,2opt,notBad
7323,2,1483.5,2,1482.0,swap,improve
7324,2,1483.5,2,1482.0,2opt,notBad
7325,2,1483.5,2,1482.0,swap,improve
7326,2,1483.5,2,1482.0,move,improve
7327,2,1483.5,2,1482.0,2opt,notBad
7328,2,1483.5,2,1482.0,2opt,notBad
7329,2,1483.5,2,1482.0,2opt,notBad
7330,2,1483.5,2,1482.0,2opt,notBad
7331,2,1483.5,2,1482.0,move,improve
7332,2,1483.5,2,1482.0,swap,notBad
7333,2,1483.5,2,1482.0,move,improve
7334,2,1483.5,2,1482.0,move,improve
7335,2,1483.5,2,1482.0,swap,notBad
7336,2,1483.5,2,1482.0,swap,improve
7337,2,1483.5,2,1482.0,swap,improve
7338,2,1483.5,2,1482.0,2opt,notBad
7339,2,1484.0,2,1482.0,swap,acceptBad
7340,2,1484.0,2,1482.0,2opt,notBad
7341,2,1484.0,2,1482.0,swap,improve
7342,2,1484.0,2,1482.0,2opt,notBad
7343,2,1484.0,2,1482.0,move,improve
7344,2,1484.0,2,1482.0,2opt,improve
7345,2,1484.0,2,1482.0,2opt,notBad
7346,2,1484.0,2,1482.0,swap,improve
7347,2,1484.0,2,1482.0,move,improve
7348,2,1484.0,2,1482.0,2opt,notBad
7349,2,1484.0,2,1482.0,move,improve
7350,2,1483.5,2,1482.0,move,improve
7351,2,1483.5,2,1482.0,swap,notBad
7352,2,1483.5,2,1482.0,swap,notBad
7353,2,1483.5,2,1482.0,2opt,notBad
7354,2,1483.5,2,1482.0,swap,notBad
7355,2,1483.5,2,1482.0,move,improve
7356,2,1483.5,2,1482.0,move,improve
7357,2,1483.5,2,1482.0,move,improve
7358,2,1483.5,2,1482.0,swap,notBad
7359,2,1483.5,2,1482.0,2opt,notBad
7360,2,1483.5,2,1482.0,swap,notBad
7361,2,1483.5,2,1482.0,2opt,notBad
7362,2,1483.5,2,1482.0,move,improve
7363,2,1483.5,2,1482.0,2opt,notBad
7364,2,1483.5,2,1482.0,swap,improve
7365,2,1483.5,2,1482.0,2opt,notBad
7366,2,1483.5,2,1482.0,swap,improve
7367,2,1483.5,2,1482.0,move,improve
7368,2,1483.5,2,1482.0,2opt,notBad
7369,2,1483.5,2,1482.0,swap,notBad
7370,2,1483.5,2,1482.0,swap,improve
7371,2,1483.5,2,1482.0,swap,improve
7372,2,1483.5,2,1482.0,2opt,notBad
7373,2,1483.5,2,1482.0,swap,notBad
7374,2,1483.5,2,1482.0,2opt,notBad
7375,2,1483.5,2,1482.0,2opt,notBad
7376,2,1483.5,2,1482.0,2opt,notBad
7377,2,1483.5,2,1482.0,2opt,notBad
7378,2,1483.5,2,1482.0,move,improve
7379,2,1483.5,2,1482.0,move,improve
7380,2,1483.5,2,1482.0,swap,notBad
7381,2,1483.5,2,1482.0,move,improve
7382,2,1483.5,2,1482.0,2opt,notBad
7383,2,1483.5,2,1482.0,move,improve
7384,2,1483.5,2,1482.0,move,improve
7385,2,1483.5,2,1482.0,move,improve
7386,2,1483.5,2,1482.0,swap,notBad
7387,2,1483.5,2,1482.0,2opt,notBad
7388,2,1483.5,2,1482.0,swap,notBad
7389,2,1483.5,2,1482.0,2opt,improve
7390,2,1483.5,2,1482.0,move,improve
7391,2,1483.5,2,1482.0,swap,improve
7392,2,1483.5,2,1482.0,2opt,notBad
7393,2,1483.5,2,1482.0,2opt,notBad
7394,2,1483.5,2,1482.0,swap,improve
7395,2,1483.5,2,1482.0,move,improve
7396,2,1483.5,2,1482.0,move,improve
7397,2,1483.5,2,1482.0,2opt,notBad
7398,2,1483.5,2,1482.0,move,improve
7399,2,1483.5,2,1482.0,2opt,notBad
7400,2,1483.5,2,1482.0,move,improve
7401,2,1483.5,2,1482.0,move,improve
7402,2,1483.5,2,1482.0,2opt,improve
7403,2,1483.5,2,1482.0,2opt,notBad
7404,2,1483.5,2,1482.0,swap,notBad
7405,2,1483.5,2,1482.0,move,improve
7406,2,1483.5,2,1482.0,swap,notBad
7407,2,1483.5,2,1482.0,2opt,notBad
7408,2,1483.5,2,1482.0,2opt,notBad
7409,2,1483.5,2,1482.0,swap,improve
7410,2,1483.5,2,1482.0,swap,improve
7411,2,1483.5,2,1482.0,swap,notBad
7412,2,1483.5,2,1482.0,move,improve
7413,2,1483.5,2,1482.0,swap,improve
7414,2,1483.5,2,1482.0,move,improve
7415,2,1483.5,2,1482.0,2opt,notBad
7416,2,1483.5,2,1482.0,swap,improve
7417,2,1483.5,2,1482.0,move,improve
7418,2,1483.5,2,1482.0,move,improve
7419,2,1483.5,2,1482.0,move,improve
7420,2,1483.5,2,1482.0,swap,notBad
7421,2,1483.5,2,1482.0,move,improve
7422,2,1483.5,2,1482.0,swap,notBad
7423,2,1483.5,2,1482.0,move,improve
7424,2,1483.5,2,1482.0,move,improve
7425,2,1483.5,2,1482.0,move,improve
7426,2,1483.5,2,1482.0,move,improve
7427,2,1483.5,2,1482.0,swap,improve
7428,2,1483.5,2,1482.0,2opt,notBad
7429,2,1483.5,2,1482.0,swap,notBad
7430,2,1483.5,2,1482.0,2opt,notBad
7431,2,1483.5,2,1482.0,swap,notBad
7432,2,1483.5,2,1482.0,move,improve
7433,2,1483.5,2,1482.0,2opt,notBad
7434,2,1483.5,2,1482.0,2opt,notBad
7435,2,1483.5,2,1482.0,2opt,notBad
7436,2,1483.5,2,1482.0,swap,improve
7437,2,1483.5,2,1482.0,swap,notBad
7438,2,1483.5,2,1482.0,2opt,notBad
7439,2,1483.5,2,1482.0,2opt,notBad
7440,2,1483.5,2,1482.0,move,improve
7441,2,1483.5,2,1482.0,2opt,notBad
7442,2,1483.5,2,1482.0,move,improve
7443,2,1483.5,2,1482.0,2opt,notBad
7444,2,1483.5,2,1482.0,2opt,notBad
7445,2,1483.5,2,1482.0,swap,improve
7446,2,1483.5,2,1482.0,2opt,notBad
7447,2,1483.5,2,1482.0,move,improve
7448,2,1483.5,2,1482.0,2opt,notBad
7449,2,1483.5,2,1482.0,swap,notBad
7450,2,1483.5,2,1482.0,move,improve
7451,2,1483.5,2,1482.0,move,improve
7452,2,1483.5,2,1482.0,2opt,notBad
7453,2,1483.5,2,1482.0,2opt,notBad
7454,2,1483.5,2,1482.0,2opt,improve
7455,2,1483.5,2,1482.0,move,improve
7456,2,1483.5,2,1482.0,2opt,notBad
7457,2,1483.5,2,1482.0,swap,notBad
7458,2,1483.5,2,1482.0,move,improve
7459,2,1483.5,2,1482.0,2opt,notBad
7460,2,1483.5,2,1482.0,move,improve
7461,2,1483.5,2,1482.0,move,improve
7462,2,1483.5,2,1482.0,swap,notBad
7463,2,1483.5,2,1482.0,swap,notBad
7464,2,1483.5,2,1482.0,2opt,notBad
7465,2,1483.5,2,1482.0,swap,improve
7466,2,1483.5,2,1482.0,swap,improve
7467,2,1483.5,2,1482.0,2opt,notBad
7468,2,1483.5,2,1482.0,2opt,notBad
7469,2,1483.5,2,1482.0,swap,notBad
7470,2,1483.5,2,1482.0,swap,improve
7471,2,1483.5,2,1482.0,move,improve
7472,2,1483.5,2,1482.0,2opt,notBad
7473,2,1483.5,2,1482.0,move,improve
7474,2,1483.5,2,1482.0,move,improve
7475,2,1483.5,2,1482.0,swap,improve
7476,2,1483.5,2,1482.0,2opt,notBad
7477,2,1483.5,2,1482.0,move,improve
7478,2,1483.5,2,1482.0,move,improve
7479,2,1483.5,2,1482.0,move,improve
7480,2,1483.5,2,1482.0,move,improve
7481,2,1483.5,2,1482.0,swap,notBad
7482,2,1483.5,2,1482.0,2opt,notBad
7483,2,1483.5,2,1482.0,2opt,notBad
7484,2,1483.5,2,1482.0,2opt,notBad
7485,2,1483.5,2,1482.0,move,improve
7486,2,1483.5,2,1482.0,2opt,notBad
7487,2,1483.5,2,1482.0,2opt,improve
7488,2,1483.5,2,1482.0,2opt,notBad
7489,2,1483.5,2,1482.0,swap,notBad
7490,2,1483.5,2,1482.0,2opt,notBad
7491,2,1483.5,2,1482.0,2opt,notBad
7492,2,1483.5,2,1482.0,swap,notBad
7493,2,1483.5,2,1482.0,2opt,notBad
7494,2,1483.5,2,1482.0,2opt,improve
7495,2,1483.5,2,1482.0,swap,improve
7496,2,1483.5,2,1482.0,swap,notBad
7497,2,1483.5,2,1482.0,swap,improve
7498,2,1483.5,2,1482.0,2opt,notBad
7499,2,1483.5,2,1482.0,move,improve
7500,2,1483.5,2,1482.0,move,improve
7501,2,1483.5,2,1482.0,2opt,improve
7502,2,1483.5,2,1482.0,2opt,notBad
7503,2,1483.5,2,1482.0,2opt,notBad
7504,2,1483.5,2,1482.0,2opt,notBad
7505,2,1483.5,2,1482.0,move,improve
7506,2,1483.5,2,1482.0,swap,notBad
7507,2,1483.5,2,1482.0,2opt,notBad
7508,2,1483.5,2,1482.0,swap,improve
7509,2,1483.5,2,1482.0,swap,notBad
7510,2,1483.5,2,1482.0,2opt,notBad
7511,2,1483.5,2,1482.0,2opt,notBad
7512,2,1483.5,2,1482.0,swap,notBad
7513,2,1483.5,2,1482.0,swap,improve
7514,2,1483.5,2,1482.0,2opt,improve
7515,2,1483.5,2,1482.0,2opt,notBad
7516,2,1483.5,2,1482.0,2opt,notBad
7517,2,1483.5,2,1482.0,2opt,notBad
7518,2,1483.5,2,1482.0,2opt,improve
7519,2,1483.5,2,1482.0,swap,improve
7520,2,1483.5,2,1482.0,swap,notBad
7521,2,1483.5,2,1482.0,move,improve
7522,2,1483.5,2,1482.0,move,improve
7523,2,1483.5,2,1482.0,move,improve
7524,2,1483.5,2,1482.0,swap,improve
7525,2,1483.5,2,1482.0,swap,improve
7526,2,1483.5,2,1482.0,move,improve
7527,2,1483.5,2,1482.0,2opt,notBad
7528,2,1483.5,2,1482.0,2opt,notBad
7529,2,1483.5,2,1482.0,move,improve
7530,2,1483.5,2,1482.0,move,improve
7531,2,1483.5,2,1482.0,swap,improve
7532,2,1483.5,2,1482.0,swap,notBad
7533,2,1483.5,2,1482.0,2opt,notBad
7534,2,1483.5,2,1482.0,2opt,notBad
7535,2,1483.8000000000002,2,1482.0,move,acceptBad
7536,2,1483.8000000000002,2,1482.0,move,improve
7537,2,1483.8000000000002,2,1482.0,2opt,notBad
7538,2,1483.8000000000002,2,1482.0,2opt,notBad
7539,2,1483.8000000000002,2,1482.0,2opt,notBad
7540,2,1483.8000000000002,2,1482.0,2opt,improve
7541,2,1483.8000000000002,2,1482.0,2opt,improve
7542,2,1483.8000000000002,2,1482.0,2opt,notBad
7543,2,1483.8000000000002,2,1482.0,2opt,notBad
7544,2,1483.8000000000002,2,1482.0,move,improve
7545,2,1483.8000000000002,2,1482.0,swap,improve
7546,2,1483.8000000000002,2,1482.0,2opt,notBad
7547,2,1483.8000000000002,2,1482.0,2opt,notBad
7548,2,1483.8000000000002,2,1482.0,move,improve
7549,2,1483.8000000000002,2,1482.0,move,improve
7550,2,1483.8000000000002,2,1482.0,swap,improve
7551,2,1484.3000000000002,2,1482.0,swap,acceptBad
7552,2,1484.3000000000002,2,1482.0,2opt,notBad
7553,2,1488.2,2,1482.0,swap,acceptBad
7554,2,1488.2,2,1482.0,move,improve
7555,2,1488.2,2,1482.0,move,improve
7556,2,1488.2,2,1482.0,2opt,notBad
7557,2,1488.2,2,1482.0,2opt,notBad
7558,2,1488.2,2,1482.0,move,improve
7559,2,1488.2,2,1482.0,2opt,notBad
7560,2,1488.2,2,1482.0,2opt,notBad
7561,2,1488.2,2,1482.0,move,improve
7562,2,1488.2,2,1482.0,move,improve
7563,2,1488.2,2,1482.0,2opt,notBad
7564,2,1488.2,2,1482.0,2opt,notBad
7565,2,1488.2,2,1482.0,2opt,notBad
7566,2,1488.2,2,1482.0,swap,notBad
7567,2,1488.2,2,1482.0,2opt,notBad
7568,2,1488.2,2,1482.0,2opt,notBad
7569,2,1488.2,2,1482.0,swap,notBad
7570,2,1488.2,2,1482.0,swap,improve
7571,2,1488.2,2,1482.0,swap,notBad
7572,2,1488.2,2,1482.0,move,improve
7573,2,1488.2,2,1482.0,2opt,notBad
7574,2,1488.2,2,1482.0,move,improve
7575,2,1488.9,2,1482.0,swap,acceptBad
7576,2,1488.9,2,1482.0,swap,improve
7577,2,1488.9,2,1482.0,swap,improve
7578,2,1488.2,2,1482.0,move,improve
7579,2,1488.2,2,1482.0,move,improve
7580,2,1488.2,2,1482.0,move,improve
7581,2,1488.2,2,1482.0,swap,improve
7582,2,1488.2,2,1482.0,2opt,notBad
7583,2,1488.2,2,1482.0,move,improve
7584,2,1488.2,2,1482.0,move,improve
7585,2,1488.2,2,1482.0,2opt,notBad
7586,2,1488.2,2,1482.0,swap,improve
7587,2,1488.2,2,1482.0,2opt,notBad
7588,2,1488.2,2,1482.0,2opt,notBad
7589,2,1488.2,2,1482.0,2opt,notBad
7590,2,1488.2,2,1482.0,2opt,notBad
7591,2,1488.2,2,1482.0,move,improve
7592,2,1488.2,2,1482.0,move,improve
7593,2,1488.2,2,1482.0,swap,improve
7594,2,1488.2,2,1482.0,move,improve
7595,2,1488.2,2,1482.0,2opt,notBad
7596,2,1488.2,2,1482.0,swap,notBad
7597,2,1488.2,2,1482.0,move,improve
7598,2,1488.2,2,1482.0,move,improve
7599,2,1488.2,2,1482.0,swap,improve
7600,2,1488.2,2,1482.0,swap,improve
7601,2,1488.2,2,1482.0,swap,notBad
7602,2,1488.2,2,1482.0,swap,notBad
7603,2,1488.2,2,1482.0,swap,improve
7604,2,1488.2,2,1482.0,swap,improve
7605,2,1488.2,2,1482.0,move,improve
7606,2,1488.2,2,1482.0,move,improve
7607,2,1488.2,2,1482.0,move,improve
7608,2,1488.2,2,1482.0,swap,improve
7609,2,1488.2,2,1482.0,swap,improve
7610,2,1488.2,2,1482.0,2opt,notBad
7611,2,1488.2,2,1482.0,2opt,notBad
7612,2,1488.2,2,1482.0,swap,notBad
7613,2,1488.2,2,1482.0,swap,improve
7614,2,1488.2,2,1482.0,move,improve
7615,2,1488.2,2,1482.0,2opt,notBad
7616,2,1488.2,2,1482.0,2opt,notBad
7617,2,1488.2,2,1482.0,2opt,notBad
7618,2,1488.2,2,1482.0,swap,improve
7619,2,1488.2,2,1482.0,2opt,notBad
7620,2,1488.2,2,1482.0,move,improve
7621,2,1488.2,2,1482.0,2opt,notBad
7622,2,1488.2,2,1482.0,swap,improve
7623,2,1488.2,2,1482.0,swap,improve
7624,2,1488.2,2,1482.0,swap,improve
7625,2,1488.2,2,1482.0,swap,improve
7626,2,1488.2,2,1482.0,move,improve
7627,2,1488.2,2,1482.0,2opt,notBad
7628,2,1488.2,2,1482.0,move,improve
7629,2,1488.2,2,1482.0,2opt,notBad
7630,2,1488.2,2,1482.0,2opt,notBad
7631,2,1488.2,2,1482.0,swap,improve
7632,2,1488.2,2,1482.0,move,improve
7633,2,1488.2,2,1482.0,swap,improve
7634,2,1488.2,2,1482.0,move,improve
7635,2,1488.2,2,1482.0,move,improve
7636,2,1488.2,2,1482.0,move,improve
7637,2,1488.2,2,1482.0,2opt,notBad
7638,2,1488.2,2,1482.0,swap,improve
7639,2,1488.2,2,1482.0,move,improve
7640,2,1488.2,2,1482.0,move,improve
7641,2,1488.2,2,1482.0,swap,notBad
7642,2,1488.2,2,1482.0,2opt,notBad
7643,2,1488.2,2,1482.0,move,improve
7644,2,1488.2,2,1482.0,2opt,notBad
7645,2,1488.2,2,1482.0,move,improve
7646,2,1488.2,2,1482.0,move,improve
7647,2,1488.2,2,1482.0,swap,improve
7648,2,1488.2,2,1482.0,swap,notBad
7649,2,1488.2,2,1482.0,2opt,notBad
7650,2,1488.2,2,1482.0,swap,notBad
7651,2,1488.2,2,1482.0,swap,improve
7652,2,1488.2,2,1482.0,swap,improve
7653,2,1488.2,2,1482.0,swap,improve
7654,2,1488.2,2,1482.0,2opt,improve
7655,2,1488.2,2,1482.0,swap,improve
7656,2,1488.2,2,1482.0,2opt,notBad
7657,2,1488.2,2,1482.0,swap,improve
7658,2,1488.2,2,1482.0,move,improve
7659,2,1488.2,2,1482.0,move,improve
7660,2,1488.2,2,1482.0,move,improve
7661,2,1488.2,2,1482.0,move,improve
7662,2,1484.3000000000002,2,1482.0,swap,improve
7663,2,1484.3000000000002,2,1482.0,move,improve
7664,2,1484.3000000000002,2,1482.0,2opt,notBad
7665,2,1484.3000000000002,2,1482.0,move,improve
7666,2,1484.3000000000002,2,1482.0,swap,notBad
7667,2,1484.3000000000002,2,1482.0,move,improve
7668,2,1484.3000000000002,2,1482.0,swap,improve
7669,2,1484.3000000000002,2,1482.0,2opt,notBad
7670,2,1484.3000000000002,2,1482.0,2opt,notBad
7671,2,1484.3000000000002,2,1482.0,swap,notBad
7672,2,1484.3000000000002,2,1482.0,move,improve
7673,2,1484.3000000000002,2,1482.0,2opt,notBad
7674,2,1484.3000000000002,2,1482.0,swap,improve
7675,2,1484.3000000000002,2,1482.0,swap,notBad
7676,2,1484.3000000000002,2,1482.0,2opt,notBad
7677,2,1484.3000000000002,2,1482.0,2opt,notBad
7678,2,1484.3000000000002,2,1482.0,swap,improve
7679,2,1484.0,2,1482.0,move,improve
7680,2,1484.0,2,1482.0,swap,notBad
7681,2,1484.0,2,1482.0,move,improve
7682,2,1484.0,2,1482.0,swap,improve
7683,2,1484.0,2,1482.0,swap,improve
7684,2,1484.0,2,1482.0,swap,notBad
7685,2,1484.0,2,1482.0,swap,improve
7686,2,1484.0,2,1482.0,2opt,notBad
7687,2,1484.0,2,1482.0,swap,notBad
7688,2,1484.0,2,1482.0,swap,improve
7689,2,1484.0,2,1482.0,swap,improve
7690,2,1484.0,2,1482.0,2opt,notBad
7691,2,1484.0,2,1482.0,swap,improve
7692,2,1484.0,2,1482.0,move,improve
7693,2,1484.0,2,1482.0,move,improve
7694,2,1484.0,2,1482.0,2opt,notBad
7695,2,1484.0,2,1482.0,2opt,notBad
7696,2,1484.0,2,1482.0,move,improve
7697,2,1484.0,2,1482.0,swap,notBad
7698,2,1484.0,2,1482.0,2opt,improve
7699,2,1484.0,2,1482.0,swap,notBad
7700,2,1484.0,2,1482.0,2opt,notBad
7701,2,1484.0,2,1482.0,swap,improve
7702,2,1484.0,2,1482.0,2opt,notBad
7703,2,1484.0,2,1482.0,2opt,notBad
7704,2,1484.0,2,1482.0,swap,improve
7705,2,1484.0,2,1482.0,move,improve
7706,2,1484.0,2,1482.0,move,improve
7707,2,1484.0,2,1482.0,swap,notBad
7708,2,1484.0,2,1482.0,swap,improve
7709,2,1484.0,2,1482.0,move,improve
7710,2,1484.0,2,1482.0,swap,improve
7711,2,1484.0,2,1482.0,swap,improve
7712,2,1484.0,2,1482.0,2opt,notBad
7713,2,1484.0,2,1482.0,move,improve
7714,2,1484.0,2,1482.0,move,improve
7715,2,1484.0,2,1482.0,swap,improve
7716,2,1484.0,2,1482.0,move,improve
7717,2,1484.0,2,1482.0,swap,improve
7718,2,1484.0,2,1482.0,2opt,notBad
7719,2,1484.0,2,1482.0,move,improve
7720,2,1484.0,2,1482.0,2opt,notBad
7721,2,1484.0,2,1482.0,2opt,notBad
7722,2,1484.0,2,1482.0,move,improve
7723,2,1484.0,2,1482.0,2opt,notBad
7724,2,1484.0,2,1482.0,swap,improve
7725,2,1484.0,2,1482.0,move,improve
7726,2,1484.0,2,1482.0,swap,notBad
7727,2,1484.0,2,1482.0,swap,improve
7728,2,1484.0,2,1482.0,2opt,notBad
7729,2,1484.0,2,1482.0,2opt,notBad
7730,2,1484.0,2,1482.0,swap,improve
7731,2,1483.5,2,1482.0,move,improve
7732,2,1483.5,2,1482.0,swap,notBad
7733,2,1483.8000000000002,2,1482.0,move,acceptBad
7734,2,1483.8000000000002,2,1482.0,move,improve
7735,2,1483.8000000000002,2,1482.0,2opt,notBad
7736,2,1483.8000000000002,2,1482.0,move,improve
7737,2,1483.8000000000002,2,1482.0,move,improve
7738,2,1483.8000000000002,2,1482.0,move,improve
7739,2,1483.8000000000002,2,1482.0,move,improve
7740,2,1483.8000000000002,2,1482.0,swap,notBad
7741,2,1483.8000000000002,2,1482.0,2opt,notBad
7742,2,1483.8000000000002,2,1482.0,move,improve
7743,2,1483.8000000000002,2,1482.0,2opt,notBad
7744,2,1483.8000000000002,2,1482.0,2opt,notBad
7745,2,1483.8000000000002,2,1482.0,move,improve
7746,2,1483.8000000000002,2,1482.0,2opt,notBad
7747,2,1483.8000000000002,2,1482.0,2opt,notBad
7748,2,1483.8000000000002,2,1482.0,2opt,improve
7749,2,1483.8000000000002,2,1482.0,2opt,notBad
7750,2,1483.8000000000002,2,1482.0,2opt,notBad
7751,2,1483.8000000000002,2,1482.0,move,improve
7752,2,1483.8000000000002,2,1482.0,swap,improve
7753,2,1483.8000000000002,2,1482.0,2opt,notBad
7754,2,1483.8000000000002,2,1482.0,swap,improve
7755,2,1483.8000000000002,2,1482.0,swap,improve
7756,2,1483.8000000000002,2,1482.0,swap,improve
7757,2,1483.8000000000002,2,1482.0,2opt,notBad
7758,2,1483.8000000000002,2,1482.0,2opt,notBad
7759,2,1483.8000000000002,2,1482.0,swap,improve
7760,2,1483.8000000000002,2,1482.0,swap,notBad
7761,2,1483.8000000000002,2,1482.0,move,improve
7762,2,1483.8000000000002,2,1482.0,swap,improve
7763,2,1483.8000000000002,2,1482.0,2opt,notBad
7764,2,1483.8000000000002,2,1482.0,move,improve
7765,2,1483.8000000000002,2,1482.0,swap,improve
7766,2,1483.8000000000002,2,1482.0,2opt,notBad
7767,2,1483.8000000000002,2,1482.0,2opt,notBad
7768,2,1483.8000000000002,2,1482.0,2opt,notBad
7769,2,1483.8000000000002,2,1482.0,swap,improve
7770,2,1483.8000000000002,2,1482.0,2opt,notBad
7771,2,1483.8000000000002,2,1482.0,move,improve
7772,2,1483.8000000000002,2,1482.0,swap,notBad
7773,2,1483.8000000000002,2,1482.0,move,improve
7774,2,1483.8000000000002,2,1482.0,2opt,notBad
7775,2,1483.8000000000002,2,1482.0,move,improve
7776,2,1483.8000000000002,2,1482.0,move,improve
7777,2,1483.8000000000002,2,1482.0,2opt,notBad
7778,2,1483.8000000000002,2,1482.0,move,improve
7779,2,1483.8000000000002,2,1482.0,2opt,notBad
7780,2,1483.8000000000002,2,1482.0,swap,notBad
7781,2,1483.8000000000002,2,1482.0,2opt,notBad
7782,2,1483.8000000000002,2,1482.0,swap,improve
7783,2,1483.8000000000002,2,1482.0,move,improve
7784,2,1483.8000000000002,2,1482.0,move,improve
7785,2,1483.8000000000002,2,1482.0,move,improve
7786,2,1483.8000000000002,2,1482.0,2opt,notBad
7787,2,1483.8000000000002,2,1482.0,move,improve
7788,2,1483.8000000000002,2,1482.0,move,improve
7789,2,1483.8000000000002,2,1482.0,swap,improve
7790,2,1483.8000000000002,2,1482.0,2opt,notBad
7791,2,1483.8000000000002,2,1482.0,2opt,notBad
7792,2,1483.8000000000002,2,1482.0,move,improve
7793,2,1483.8000000000002,2,1482.0,2opt,notBad
7794,2,1483.8000000000002,2,1482.0,move,improve
7795,2,1483.8000000000002,2,1482.0,move,improve
7796,2,1483.8000000000002,2,1482.0,2opt,notBad
7797,2,1483.8000000000002,2,1482.0,swap,notBad
7798,2,1483.8000000000002,2,1482.0,move,improve
7799,2,1483.8000000000002,2,1482.0,swap,improve
7800,2,1483.8000000000002,2,1482.0,2opt,notBad
7801,2,1483.8000000000002,2,1482.0,2opt,notBad
7802,2,1483.8000000000002,2,1482.0,swap,improve
7803,2,1483.8000000000002,2,1482.0,2opt,notBad
7804,2,1483.8000000000002,2,1482.0,2opt,notBad
7805,2,1483.8000000000002,2,1482.0,move,improve
7806,2,1483.8000000000002,2,1482.0,2opt,notBad
7807,2,1483.8000000000002,2,1482.0,move,improve
7808,2,1483.8000000000002,2,1482.0,swap,improve
7809,2,1483.8000000000002,2,1482.0,move,improve
7810,2,1483.8000000000002,2,1482.0,2opt,notBad
7811,2,1483.8000000000002,2,1482.0,swap,notBad
7812,2,1483.8000000000002,2,1482.0,2opt,notBad
7813,2,1483.8000000000002,2,1482.0,swap,improve
7814,2,1483.8000000000002,2,1482.0,swap,improve
7815,2,1483.8000000000002,2,1482.0,2opt,notBad
7816,2,1483.8000000000002,2,1482.0,move,improve
7817,2,1483.8000000000002,2,1482.0,move,improve
7818,2,1483.8000000000002,2,1482.0,2opt,notBad
7819,2,1483.8000000000002,2,1482.0,move,improve
7820,2,1483.8000000000002,2,1482.0,move,improve
7821,2,1483.8000000000002,2,1482.0,move,improve
7822,2,1483.8000000000002,2,1482.0,move,improve
7823,2,1483.8000000000002,2,1482.0,swap,notBad
7824,2,1483.8000000000002,2,1482.0,move,improve
7825,2,1483.8000000000002,2,1482.0,swap,notBad
7826,2,1483.8000000000002,2,1482.0,2opt,notBad
7827,2,1483.8000000000002,2,1482.0,move,improve
7828,2,1483.8000000000002,2,1482.0,2opt,notBad
7829,2,1483.8000000000002,2,1482.0,move,improve
7830,2,1483.8000000000002,2,1482.0,2opt,notBad
7831,2,1483.8000000000002,2,1482.0,2opt,notBad
7832,2,1483.8000000000002,2,1482.0,2opt,notBad
7833,2,1483.8000000000002,2,1482.0,swap,notBad
7834,2,1483.8000000000002,2,1482.0,swap,improve
7835,2,1483.8000000000002,2,1482.0,swap,notBad
7836,2,1483.8000000000002,2,1482.0,move,improve
7837,2,1483.8000000000002,2,1482.0,2opt,notBad
7838,2,1483.8000000000002,2,1482.0,move,improve
7839,2,1483.8000000000002,2,1482.0,2opt,notBad
7840,2,1483.8000000000002,2,1482.0,move,improve
7841,2,1483.8000000000002,2,1482.0,move,improve
7842,2,1483.8000000000002,2,1482.0,2opt,notBad
7843,2,1483.8000000000002,2,1482.0,move,improve
7844,2,1483.8000000000002,2,1482.0,move,improve
7845,2,1483.8000000000002,2,1482.0,2opt,notBad
7846,2,1483.8000000000002,2,1482.0,move,improve
7847,2,1483.8000000000002,2,1482.0,2opt,notBad
7848,2,1483.8000000000002,2,1482.0,swap,improve
7849,2,1483.8000000000002,2,1482.0,2opt,notBad
7850,2,1483.8000000000002,2,1482.0,2opt,notBad
7851,2,1483.8000000000002,2,1482.0,swap,notBad
7852,2,1483.8000000000002,2,1482.0,swap,improve
7853,2,1483.8000000000002,2,1482.0,swap,improve
7854,2,1483.8000000000002,2,1482.0,2opt,notBad
7855,2,1483.8000000000002,2,1482.0,2opt,notBad
7856,2,1483.8000000000002,2,1482.0,move,improve
7857,2,1483.8000000000002,2,1482.0,swap,notBad
7858,2,1483.8000000000002,2,1482.0,swap,notBad
7859,2,1483.8000000000002,2,1482.0,2opt,notBad
7860,2,1483.8000000000002,2,1482.0,swap,improve
7861,2,1483.8000000000002,2,1482.0,move,improve
7862,2,1483.8000000000002,2,1482.0,move,improve
7863,2,1483.8000000000002,2,1482.0,swap,notBad
7864,2,1483.8000000000002,2,1482.0,swap,notBad
7865,2,1483.8000000000002,2,1482.0,swap,notBad
7866,2,1483.8000000000002,2,1482.0,2opt,improve
7867,2,1483.8000000000002,2,1482.0,2opt,notBad
7868,2,1483.8000000000002,2,1482.0,swap,notBad
7869,2,1483.8000000000002,2,1482.0,move,improve
7870,2,1483.8000000000002,2,1482.0,2opt,notBad
7871,2,1483.8000000000002,2,1482.0,move,improve
7872,2,1483.8000000000002,2,1482.0,2opt,notBad
7873,2,1483.8000000000002,2,1482.0,move,improve
7874,2,1483.8000000000002,2,1482.0,swap,notBad
7875,2,1483.8000000000002,2,1482.0,move,improve
7876,2,1483.8000000000002,2,1482.0,2opt,improve
7877,2,1483.8000000000002,2,1482.0,2opt,notBad
7878,2,1483.8000000000002,2,1482.0,2opt,notBad
7879,2,1483.8000000000002,2,1482.0,2opt,notBad
7880,2,1483.8000000000002,2,1482.0,swap,notBad
7881,2,1483.8000000000002,2,1482.0,2opt,notBad
7882,2,1483.8000000000002,2,1482.0,swap,notBad
7883,2,1483.8000000000002,2,1482.0,swap,notBad
7884,2,1483.8000000000002,2,1482.0,move,improve
7885,2,1483.8000000000002,2,1482.0,move,improve
7886,2,1483.8000000000002,2,1482.0,2opt,notBad
7887,2,1483.5,2,1482.0,move,improve
7888,2,1483.5,2,1482.0,2opt,notBad
7889,2,1483.5,2,1482.0,swap,notBad
7890,2,1483.5,2,1482.0,move,improve
7891,2,1483.5,2,1482.0,move,improve
7892,2,1483.5,2,1482.0,move,improve
7893,2,1483.5,2,1482.0,move,improve
7894,2,1483.5,2,1482.0,move,improve
7895,2,1483.5,2,1482.0,move,improve
7896,2,1483.5,2,1482.0,2opt,notBad
7897,2,1483.5,2,1482.0,swap,improve
7898,2,1483.5,2,1482.0,move,improve
7899,2,1483.5,2,1482.0,move,improve
7900,2,1483.5,2,1482.0,swap,improve
7901,2,1483.5,2,1482.0,swap,improve
7902,2,1483.5,2,1482.0,swap,improve
7903,2,1483.5,2,1482.0,2opt,notBad
7904,2,1483.5,2,1482.0,2opt,notBad
7905,2,1483.5,2,1482.0,swap,improve
7906,2,1483.5,2,1482.0,move,improve
7907,2,1483.5,2,1482.0,move,improve
7908,2,1483.5,2,1482.0,2opt,notBad
7909,2,1483.5,2,1482.0,2opt,notBad
7910,2,1483.5,2,1482.0,swap,improve
7911,2,1483.5,2,1482.0,swap,improve
7912,2,1483.5,2,1482.0,swap,notBad
7913,2,1483.5,2,1482.0,swap,improve
7914,2,1483.5,2,1482.0,move,improve
7915,2,1483.5,2,1482.0,2opt,notBad
7916,2,1483.5,2,1482.0,2opt,notBad
7917,2,1483.5,2,1482.0,swap,notBad
7918,2,1483.5,2,1482.0,move,improve
7919,2,1483.5,2,1482.0,2opt,notBad
7920,2,1483.5,2,1482.0,move,improve
7921,2,1483.5,2,1482.0,move,improve
7922,2,1483.5,2,1482.0,move,improve
7923,2,1483.5,2,1482.0,swap,notBad
7924,2,1483.5,2,1482.0,2opt,notBad
7925,2,1483.5,2,1482.0,2opt,notBad
7926,2,1483.5,2,1482.0,swap,improve
7927,2,1483.5,2,1482.0,2opt,notBad
7928,2,1483.5,2,1482.0,move,improve
7929,2,1483.5,2,1482.0,2opt,improve
7930,2,1483.5,2,1482.0,swap,improve
7931,2,1483.5,2,1482.0,swap,notBad
7932,2,1483.5,2,1482.0,swap,notBad
7933,2,1483.5,2,1482.0,swap,improve
7934,2,1483.5,2,1482.0,2opt,notBad
7935,2,1483.5,2,1482.0,2opt,notBad
7936,2,1483.5,2,1482.0,move,improve
7937,2,1483.5,2,1482.0,2opt,notBad
7938,2,1483.5,2,1482.0,move,improve
7939,2,1483.5,2,1482.0,move,improve
7940,2,1483.5,2,1482.0,2opt,improve
7941,2,1483.5,2,1482.0,2opt,notBad
7942,2,1483.5,2,1482.0,move,improve
7943,2,1483.5,2,1482.0,2opt,notBad
7944,2,1483.5,2,1482.0,move,improve
7945,2,1483.5,2,1482.0,move,improve
7946,2,1483.5,2,1482.0,2opt,improve
7947,2,1483.5,2,1482.0,move,improve
7948,2,1483.5,2,1482.0,swap,notBad
7949,2,1483.5,2,1482.0,move,improve
7950,2,1483.5,2,1482.0,2opt,improve
7951,2,1483.5,2,1482.0,move,improve
7952,2,1483.5,2,1482.0,move,improve
7953,2,1483.5,2,1482.0,2opt,notBad
7954,2,1483.5,2,1482.0,swap,notBad
7955,2,1483.5,2,1482.0,move,improve
7956,2,1483.5,2,1482.0,move,improve
7957,2,1483.5,2,1482.0,2opt,notBad
7958,2,1483.5,2,1482.0,move,improve
7959,2,1483.5,2,1482.0,move,improve
7960,2,1483.5,2,1482.0,2opt,notBad
7961,2,1483.5,2,1482.0,move,improve
7962,2,1483.5,2,1482.0,2opt,improve
7963,2,1483.5,2,1482.0,swap,improve
7964,2,1483.5,2,1482.0,swap,notBad
7965,2,1483.5,2,1482.0,2opt,notBad
7966,2,1483.5,2,1482.0,swap,notBad
7967,2,1483.5,2,1482.0,move,improve
7968,2,1483.5,2,1482.0,swap,improve
7969,2,1483.5,2,1482.0,swap,notBad
7970,2,1483.5,2,1482.0,move,improve
7971,2,1483.5,2,1482.0,2opt,improve
7972,2,1483.5,2,1482.0,swap,notBad
7973,2,1483.5,2,1482.0,2opt,notBad
7974,2,1483.5,2,1482.0,2opt,notBad
7975,2,1483.5,2,1482.0,2opt,notBad
7976,2,1483.5,2,1482.0,2opt,notBad
7977,2,1483.5,2,1482.0,2opt,notBad
7978,2,1483.5,2,1482.0,swap,notBad
7979,2,1483.5,2,1482.0,move,improve
7980,2,1483.5,2,1482.0,swap,notBad
7981,2,1483.5,2,1482.0,move,improve
7982,2,1483.5,2,1482.0,swap,improve
7983,2,1483.5,2,1482.0,2opt,notBad
7984,2,1483.5,2,1482.0,swap,improve
7985,2,1483.5,2,1482.0,2opt,notBad
7986,2,1483.5,2,1482.0,move,improve
7987,2,1483.5,2,1482.0,2opt,notBad
7988,2,1483.5,2,1482.0,move,improve
7989,2,1483.5,2,1482.0,2opt,notBad
7990,2,1483.5,2,1482.0,move,improve
7991,2,1483.5,2,1482.0,move,improve
7992,2,1483.5,2,1482.0,swap,improve
7993,2,1483.5,2,1482.0,2opt,notBad
7994,2,1483.5,2,1482.0,swap,improve
7995,2,1483.5,2,1482.0,move,improve
7996,2,1483.5,2,1482.0,swap,notBad
7997,2,1483.5,2,1482.0,swap,improve
7998,2,1483.5,2,1482.0,move,improve
7999,2,1483.5,2,1482.0,2opt,notBad
8000,2,1483.5,2,1482.0,swap,notBad
8001,2,1483.5,2,1482.0,swap,improve
8002,2,1483.5,2,1482.0,swap,notBad
8003,2,1483.5,2,1482.0,move,improve
8004,2,1483.5,2,1482.0,swap,improve
8005,2,1483.5,2,1482.0,swap,improve
8006,2,1483.5,2,1482.0,2opt,notBad
8007,2,1483.5,2,1482.0,swap,improve
8008,2,1483.5,2,1482.0,move,improve
8009,2,1483.5,2,1482.0,move,improve
8010,2,1483.5,2,1482.0,move,improve
8011,2,1483.5,2,1482.0,swap,notBad
8012,2,1483.5,2,1482.0,move,improve
8013,2,1483.5,2,1482.0,move,improve
8014,2,1483.5,2,1482.0,move,improve
8015,2,1483.5,2,1482.0,2opt,notBad
8016,2,1483.5,2,1482.0,2opt,notBad
8017,2,1483.5,2,1482.0,move,improve
8018,2,1483.5,2,1482.0,move,improve
8019,2,1483.5,2,1482.0,move,improve
8020,2,1483.5,2,1482.0,move,improve
8021,2,1483.5,2,1482.0,2opt,notBad
8022,2,1483.5,2,1482.0,swap,improve
8023,2,1483.5,2,1482.0,2opt,notBad
8024,2,1483.5,2,1482.0,move,improve
8025,2,1483.5,2,1482.0,2opt,notBad
8026,2,1483.5,2,1482.0,2opt,notBad
8027,2,1483.5,2,1482.0,move,improve
8028,2,1483.5,2,1482.0,swap,improve
8029,2,1483.5,2,1482.0,2opt,notBad
8030,2,1483.5,2,1482.0,swap,improve
8031,2,1483.5,2,1482.0,2opt,notBad
8032,2,1483.5,2,1482.0,move,improve
8033,2,1483.5,2,1482.0,move,improve
8034,2,1483.5,2,1482.0,2opt,notBad
8035,2,1483.5,2,1482.0,move,improve
8036,2,1483.5,2,1482.0,move,improve
8037,2,1483.5,2,1482.0,2opt,improve
8038,2,1483.5,2,1482.0,2opt,notBad
8039,2,1483.5,2,1482.0,move,improve
8040,2,1483.5,2,1482.0,move,improve
8041,2,1483.5,2,1482.0,swap,improve
8042,2,1483.5,2,1482.0,swap,improve
8043,2,1483.5,2,1482.0,move,improve
8044,2,1483.5,2,1482.0,swap,notBad
8045,2,1483.5,2,1482.0,move,improve
8046,2,1483.5,2,1482.0,move,improve
8047,2,1483.5,2,1482.0,2opt,notBad
8048,2,1483.5,2,1482.0,swap,notBad
8049,2,1483.5,2,1482.0,2opt,improve
8050,2,1483.5,2,1482.0,swap,notBad
8051,2,1483.5,2,1482.0,2opt,notBad
8052,2,1483.5,2,1482.0,swap,notBad
8053,2,1483.5,2,1482.0,swap,improve
8054,2,1483.5,2,1482.0,move,improve
8055,2,1483.5,2,1482.0,swap,improve
8056,2,1483.5,2,1482.0,move,improve
8057,2,1483.5,2,1482.0,swap,improve
8058,2,1483.5,2,1482.0,move,improve
8059,2,1483.5,2,1482.0,2opt,notBad
8060,2,1483.5,2,1482.0,2opt,improve
8061,2,1483.5,2,1482.0,move,improve
8062,2,1483.5,2,1482.0,2opt,notBad
8063,2,1483.5,2,1482.0,2opt,notBad
8064,2,1483.5,2,1482.0,move,improve
8065,2,1483.5,2,1482.0,2opt,notBad
8066,2,1483.5,2,1482.0,swap,notBad
8067,2,1483.5,2,1482.0,swap,improve
8068,2,1483.5,2,1482.0,move,improve
8069,2,1483.5,2,1482.0,move,improve
8070,2,1483.5,2,1482.0,2opt,notBad
8071,2,1483.5,2,1482.0,move,improve
8072,2,1483.5,2,1482.0,2opt,notBad
8073,2,1483.5,2,1482.0,2opt,notBad
8074,2,1483.5,2,1482.0,swap,improve
8075,2,1483.5,2,1482.0,swap,notBad
8076,2,1484.0,2,1482.0,swap,acceptBad
8077,2,1484.0,2,1482.0,move,improve
8078,2,1484.0,2,1482.0,swap,notBad
8079,2,1484.0,2,1482.0,move,improve
8080,2,1484.0,2,1482.0,swap,improve
8081,2,1484.0,2,1482.0,2opt,notBad
8082,2,1484.0,2,1482.0,move,improve
8083,2,1484.0,2,1482.0,move,improve
8084,2,1484.0,2,1482.0,2opt,notBad
8085,2,1484.0,2,1482.0,2opt,notBad
8086,2,1484.0,2,1482.0,2opt,notBad
8087,2,1484.0,2,1482.0,move,improve
8088,2,1484.0,2,1482.0,swap,improve
8089,2,1484.0,2,1482.0,2opt,notBad
8090,2,1484.0,2,1482.0,move,improve
8091,2,1484.0,2,1482.0,move,improve
8092,2,1484.0,2,1482.0,2opt,notBad
8093,2,1484.0,2,1482.0,2opt,notBad
8094,2,1483.5,2,1482.0,move,improve
8095,2,1483.5,2,1482.0,swap,notBad
8096,2,1483.5,2,1482.0,swap,notBad
8097,2,1483.5,2,1482.0,2opt,notBad
8098,2,1483.5,2,1482.0,2opt,notBad
8099,2,1483.5,2,1482.0,2opt,notBad
8100,2,1483.5,2,1482.0,swap,improve
8101,2,1483.5,2,1482.0,move,improve
8102,2,1483.5,2,1482.0,2opt,notBad
8103,2,1483.5,2,1482.0,move,improve
8104,2,1483.5,2,1482.0,2opt,notBad
8105,2,1483.5,2,1482.0,swap,notBad
8106,2,1483.5,2,1482.0,move,improve
8107,2,1483.5,2,1482.0,move,improve
8108,2,1483.5,2,1482.0,move,improve
8109,2,1483.5,2,1482.0,2opt,notBad
8110,2,1483.5,2,1482.0,move,improve
8111,2,1483.5,2,1482.0,move,improve
8112,2,1483.5,2,1482.0,2opt,notBad
8113,2,1483.5,2,1482.0,swap,improve
8114,2,1483.5,2,1482.0,2opt,notBad
8115,2,1483.5,2,1482.0,2opt,notBad
8116,2,1483.5,2,1482.0,2opt,notBad
8117,2,1483.5,2,1482.0,swap,notBad
8118,2,1483.5,2,1482.0,2opt,notBad
8119,2,1483.5,2,1482.0,2opt,notBad
8120,2,1483.5,2,1482.0,2opt,notBad
8121,2,1483.5,2,1482.0,move,improve
8122,2,1483.5,2,1482.0,swap,improve
8123,2,1483.5,2,1482.0,move,improve
8124,2,1483.5,2,1482.0,move,improve
8125,2,1482.0,2,1482.0,swap,improve
8126,2,1482.0,2,1482.0,move,improve
8127,2,1485.6,2,1482.0,swap,acceptBad
8128,2,1482.0,2,1482.0,move,improve
8129,2,1482.0,2,1482.0,2opt,notBad
8130,2,1482.0,2,1482.0,swap,improve
8131,2,1482.0,2,1482.0,swap,notBad
8132,2,1482.0,2,1482.0,swap,notBad
8133,2,1482.0,2,1482.0,2opt,notBad
8134,2,1482.0,2,1482.0,2opt,notBad
8135,2,1482.0,2,1482.0,2opt,notBad
8136,2,1482.0,2,1482.0,2opt,notBad
8137,2,1482.0,2,1482.0,swap,improve
8138,2,1482.0,2,1482.0,swap,notBad
8139,2,1482.0,2,1482.0,2opt,notBad
8140,2,1482.0,2,1482.0,move,improve
8141,2,1482.0,2,1482.0,2opt,notBad
8142,2,1482.0,2,1482.0,move,improve
8143,2,1482.0,2,1482.0,swap,notBad
8144,2,1482.0,2,1482.0,2opt,notBad
8145,2,1482.0,2,1482.0,swap,notBad
8146,2,1482.0,2,1482.0,2opt,notBad
8147,2,1482.0,2,1482.0,2opt,notBad
8148,2,1482.0,2,1482.0,move,improve
8149,2,1482.0,2,1482.0,2opt,notBad
8150,2,1482.0,2,1482.0,2opt,notBad
8151,2,1482.0,2,1482.0,move,improve
8152,2,1482.0,2,1482.0,2opt,notBad
8153,2,1482.0,2,1482.0,2opt,notBad
8154,2,1482.0,2,1482.0,2opt,notBad
8155,2,1482.0,2,1482.0,move,improve
8156,2,1482.0,2,1482.0,move,improve
8157,2,1482.0,2,1482.0,2opt,notBad
8158,2,1482.0,2,1482.0,swap,improve
8159,2,1482.0,2,1482.0,2opt,improve
8160,2,1482.0,2,1482.0,move,improve
8161,2,1482.0,2,1482.0,move,improve
8162,2,1482.0,2,1482.0,swap,improve
8163,2,1482.0,2,1482.0,2opt,notBad
8164,2,1482.0,2,1482.0,2opt,notBad
8165,2,1482.0,2,1482.0,2opt,notBad
8166,2,1482.0,2,1482.0,move,improve
8167,2,1482.0,2,1482.0,move,improve
8168,2,1482.0,2,1482.0,swap,notBad
8169,2,1482.0,2,1482.0,move,improve
8170,2,1482.0,2,1482.0,swap,notBad
8171,2,1482.0,2,1482.0,swap,improve
8172,2,1482.0,2,1482.0,2opt,notBad
8173,2,1482.0,2,1482.0,swap,improve
8174,2,1482.0,2,1482.0,move,improve
8175,2,1482.0,2,1482.0,swap,notBad
8176,2,1482.0,2,1482.0,move,improve
8177,2,1482.0,2,1482.0,move,improve
8178,2,1482.0,2,1482.0,2opt,notBad
8179,2,1482.0,2,1482.0,2opt,notBad
8180,2,1482.0,2,1482.0,2opt,notBad
8181,2,1482.0,2,1482.0,2opt,notBad
8182,2,1482.0,2,1482.0,swap,notBad
8183,2,1482.0,2,1482.0,2opt,improve
8184,2,1482.0,2,1482.0,2opt,notBad
8185,2,1482.0,2,1482.0,swap,improve
8186,2,1482.0,2,1482.0,2opt,notBad
8187,2,1482.0,2,1482.0,2opt,notBad
8188,2,1482.0,2,1482.0,swap,improve
8189,2,1482.0,2,1482.0,move,improve
8190,2,1482.0,2,1482.0,move,improve
8191,2,1482.0,2,1482.0,swap,improve
8192,2,1482.0,2,1482.0,move,improve
8193,2,1482.0,2,1482.0,2opt,notBad
8194,2,1482.0,2,1482.0,swap,notBad
8195,2,1482.0,2,1482.0,move,improve
8196,2,1482.0,2,1482.0,swap,notBad
8197,2,1482.0,2,1482.0,swap,improve
8198,2,1482.0,2,1482.0,move,improve
8199,2,1482.0,2,1482.0,move,improve
8200,2,1482.0,2,1482.0,2opt,notBad
8201,2,1482.0,2,1482.0,2opt,notBad
8202,2,1482.0,2,1482.0,2opt,notBad
8203,2,1482.0,2,1482.0,swap,notBad
8204,2,1482.0,2,1482.0,swap,notBad
8205,2,1482.0,2,1482.0,2opt,improve
8206,2,1482.0,2,1482.0,2opt,notBad
8207,2,1482.0,2,1482.0,move,improve
8208,2,1482.0,2,1482.0,2opt,notBad
8209,2,1482.0,2,1482.0,move,improve
8210,2,1482.0,2,1482.0,move,improve
8211,2,1482.0,2,1482.0,move,improve
8212,2,1482.0,2,1482.0,move,improve
8213,2,1482.0,2,1482.0,2opt,notBad
8214,2,1482.0,2,1482.0,2opt,notBad
8215,2,1482.0,2,1482.0,swap,improve
8216,2,1482.0,2,1482.0,move,improve
8217,2,1482.0,2,1482.0,2opt,notBad
8218,2,1482.0,2,1482.0,2opt,notBad
8219,2,1482.0,2,1482.0,2opt,improve
8220,2,1482.0,2,1482.0,move,improve
8221,2,1482.0,2,1482.0,move,improve
8222,2,1482.0,2,1482.0,move,improve
8223,2,1482.0,2,1482.0,move,improve
8224,2,1482.0,2,1482.0,move,improve
8225,2,1482.0,2,1482.0,move,improve
8226,2,1482.0,2,1482.0,swap,improve
8227,2,1482.0,2,1482.0,move,improve
8228,2,1482.0,2,1482.0,swap,improve
8229,2,1482.0,2,1482.0,2opt,notBad
8230,2,1482.0,2,1482.0,swap,notBad
8231,2,1482.0,2,1482.0,move,improve
8232,2,1482.0,2,1482.0,2opt,notBad
8233,2,1482.0,2,1482.0,move,improve
8234,2,1482.0,2,1482.0,2opt,notBad
8235,2,1482.0,2,1482.0,2opt,notBad
8236,2,1482.0,2,1482.0,move,improve
8237,2,1482.0,2,1482.0,swap,notBad
8238,2,1482.0,2,1482.0,swap,notBad
8239,2,1482.0,2,1482.0,2opt,notBad
8240,2,1482.0,2,1482.0,move,improve
8241,2,1484.2,2,1482.0,swap,acceptBad
8242,2,1484.2,2,1482.0,move,improve
8243,2,1484.2,2,1482.0,move,improve
8244,2,1484.2,2,1482.0,move,improve
8245,2,1484.2,2,1482.0,swap,improve
8246,2,1484.2,2,1482.0,move,improve
8247,2,1484.2,2,1482.0,move,improve
8248,2,1484.7,2,1482.0,swap,acceptBad
8249,2,1484.7,2,1482.0,move,improve
8250,2,1484.7,2,1482.0,move,improve
8251,2,1484.7,2,1482.0,2opt,notBad
8252,2,1484.7,2,1482.0,move,improve
8253,2,1484.7,2,1482.0,swap,improve
8254,2,1484.7,2,1482.0,2opt,notBad
8255,2,1484.7,2,1482.0,swap,improve
8256,2,1484.7,2,1482.0,2opt,notBad
8257,2,1484.7,2,1482.0,swap,improve
8258,2,1484.7,2,1482.0,2opt,notBad
8259,2,1484.7,2,1482.0,2opt,improve
8260,2,1484.7,2,1482.0,move,improve
8261,2,1484.7,2,1482.0,move,improve
8262,2,1484.7,2,1482.0,2opt,notBad
8263,2,1484.7,2,1482.0,swap,notBad
8264,2,1484.7,2,1482.0,2opt,notBad
8265,2,1484.7,2,1482.0,2opt,improve
8266,2,1484.7,2,1482.0,swap,notBad
8267,2,1484.7,2,1482.0,2opt,notBad
8268,2,1484.7,2,1482.0,2opt,notBad
8269,2,1484.7,2,1482.0,2opt,notBad
8270,2,1485.0,2,1482.0,move,acceptBad
8271,2,1485.0,2,1482.0,2opt,notBad
8272,2,1485.0,2,1482.0,2opt,notBad
8273,2,1485.0,2,1482.0,2opt,notBad
8274,2,1485.0,2,1482.0,move,improve
8275,2,1485.0,2,1482.0,swap,improve
8276,2,1485.0,2,1482.0,2opt,notBad
8277,2,1484.5,2,1482.0,move,improve
8278,2,1484.5,2,1482.0,2opt,notBad
8279,2,1484.5,2,1482.0,move,improve
8280,2,1484.5,2,1482.0,swap,notBad
8281,2,1484.5,2,1482.0,swap,notBad
8282,2,1484.5,2,1482.0,2opt,notBad
8283,2,1484.5,2,1482.0,2opt,notBad
8284,2,1484.5,2,1482.0,2opt,notBad
8285,2,1484.5,2,1482.0,move,improve
8286,2,1484.5,2,1482.0,move,improve
8287,2,1484.5,2,1482.0,swap,notBad
8288,2,1483.8000000000002,2,1482.0,move,improve
8289,2,1483.8000000000002,2,1482.0,2opt,notBad
8290,2,1483.8000000000002,2,1482.0,move,improve
8291,2,1483.8000000000002,2,1482.0,2opt,notBad
8292,2,1483.8000000000002,2,1482.0,swap,notBad
8293,2,1483.8000000000002,2,1482.0,2opt,notBad
8294,2,1483.8000000000002,2,1482.0,move,improve
8295,2,1483.8000000000002,2,1482.0,2opt,notBad
8296,2,1483.8000000000002,2,1482.0,swap,notBad
8297,2,1483.8000000000002,2,1482.0,move,improve
8298,2,1483.8000000000002,2,1482.0,move,improve
8299,2,1483.8000000000002,2,1482.0,move,improve
8300,2,1483.8000000000002,2,1482.0,2opt,notBad
8301,2,1483.8000000000002,2,1482.0,move,improve
8302,2,1483.8000000000002,2,1482.0,2opt,notBad
8303,2,1483.5,2,1482.0,move,improve
8304,2,1483.5,2,1482.0,2opt,notBad
8305,2,1483.5,2,1482.0,swap,notBad
8306,2,1483.5,2,1482.0,move,improve
8307,2,1483.5,2,1482.0,swap,notBad
8308,2,1483.5,2,1482.0,move,improve
8309,2,1483.5,2,1482.0,swap,improve
8310,2,1483.5,2,1482.0,move,improve
8311,2,1483.5,2,1482.0,swap,notBad
8312,2,1483.5,2,1482.0,move,improve
8313,2,1483.5,2,1482.0,swap,notBad
8314,2,1483.5,2,1482.0,2opt,improve
8315,2,1483.5,2,1482.0,swap,notBad
8316,2,1483.5,2,1482.0,2opt,notBad
8317,2,1483.5,2,1482.0,2opt,notBad
8318,2,1483.5,2,1482.0,swap,improve
8319,2,1483.5,2,1482.0,move,improve
8320,2,1483.8000000000002,2,1482.0,move,acceptBad
8321,2,1483.8000000000002,2,1482.0,2opt,notBad
8322,2,1483.8000000000002,2,1482.0,2opt,notBad
8323,2,1483.8000000000002,2,1482.0,swap,notBad
8324,2,1483.8000000000002,2,1482.0,move,improve
8325,2,1483.5,2,1482.0,move,improve
8326,2,1483.5,2,1482.0,move,improve
8327,2,1483.5,2,1482.0,2opt,notBad
8328,2,1483.5,2,1482.0,move,improve
8329,2,1483.5,2,1482.0,move,improve
8330,2,1483.8000000000002,2,1482.0,move,acceptBad
8331,2,1483.8000000000002,2,1482.0,2opt,notBad
8332,2,1483.8000000000002,2,1482.0,swap,improve
8333,2,1483.8000000000002,2,1482.0,2opt,notBad
8334,2,1483.8000000000002,2,1482.0,swap,notBad
8335,2,1483.8000000000002,2,1482.0,swap,improve
8336,2,1483.8000000000002,2,1482.0,2opt,notBad
8337,2,1483.8000000000002,2,1482.0,swap,notBad
8338,2,1483.8000000000002,2,1482.0,2opt,notBad
8339,2,1483.8000000000002,2,1482.0,swap,notBad
8340,2,1483.8000000000002,2,1482.0,move,improve
8341,2,1483.8000000000002,2,1482.0,2opt,notBad
8342,2,1483.8000000000002,2,1482.0,2opt,notBad
8343,2,1483.8000000000002,2,1482.0,swap,improve
8344,2,1483.8000000000002,2,1482.0,swap,notBad
8345,2,1483.8000000000002,2,1482.0,move,improve
8346,2,1483.8000000000002,2,1482.0,2opt,notBad
8347,2,1483.8000000000002,2,1482.0,2opt,notBad
8348,2,1483.8000000000002,2,1482.0,move,improve
8349,2,1483.8000000000002,2,1482.0,swap,notBad
8350,2,1483.8000000000002,2,1482.0,move,improve
8351,2,1483.8000000000002,2,1482.0,2opt,notBad
8352,2,1483.8000000000002,2,1482.0,2opt,improve
8353,2,1483.8000000000002,2,1482.0,move,improve
8354,2,1483.8000000000002,2,1482.0,2opt,notBad
8355,2,1483.8000000000002,2,1482.0,swap,improve
8356,2,1483.8000000000002,2,1482.0,swap,improve
8357,2,1483.8000000000002,2,1482.0,2opt,notBad
8358,2,1483.8000000000002,2,1482.0,swap,improve
8359,2,1483.8000000000002,2,1482.0,2opt,notBad
8360,2,1483.8000000000002,2,1482.0,2opt,notBad
8361,2,1483.8000000000002,2,1482.0,swap,improve
8362,2,1483.8000000000002,2,1482.0,2opt,notBad
8363,2,1483.8000000000002,2,1482.0,2opt,notBad
8364,2,1483.8000000000002,2,1482.0,swap,improve
8365,2,1483.8000000000002,2,1482.0,swap,improve
8366,2,1483.8000000000002,2,1482.0,swap,improve
8367,2,1483.5,2,1482.0,swap,improve
8368,2,1483.5,2,1482.0,move,improve
8369,2,1483.5,2,1482.0,swap,notBad
8370,2,1483.5,2,1482.0,swap,improve
8371,2,1483.5,2,1482.0,2opt,notBad
8372,2,1483.5,2,1482.0,swap,notBad
8373,2,1483.5,2,1482.0,swap,notBad
8374,2,1483.5,2,1482.0,swap,notBad
8375,2,1483.5,2,1482.0,2opt,notBad
8376,2,1483.5,2,1482.0,swap,improve
8377,2,1483.5,2,1482.0,2opt,notBad
8378,2,1483.5,2,1482.0,swap,improve
8379,2,1483.5,2,1482.0,swap,improve
8380,2,1483.5,2,1482.0,swap,notBad
8381,2,1483.5,2,1482.0,2opt,notBad
8382,2,1483.5,2,1482.0,2opt,notBad
8383,2,1483.5,2,1482.0,swap,notBad
8384,2,1483.5,2,1482.0,move,improve
8385,2,1483.5,2,1482.0,swap,improve
8386,2,1483.5,2,1482.0,2opt,notBad
8387,2,1483.5,2,1482.0,move,improve
8388,2,1483.5,2,1482.0,swap,notBad
8389,2,1483.5,2,1482.0,move,improve
8390,2,1483.5,2,1482.0,2opt,notBad
8391,2,1483.5,2,1482.0,2opt,notBad
8392,2,1483.5,2,1482.0,move,improve
8393,2,1483.5,2,1482.0,swap,improve
8394,2,1483.5,2,1482.0,swap,improve
8395,2,1483.5,2,1482.0,move,improve
8396,2,1483.5,2,1482.0,move,improve
8397,2,1483.5,2,1482.0,move,improve
8398,2,1483.5,2,1482.0,swap,improve
8399,2,1483.5,2,1482.0,2opt,notBad
8400,2,1483.5,2,1482.0,move,improve
8401,2,1483.5,2,1482.0,move,improve
8402,2,1483.5,2,1482.0,2opt,notBad
8403,2,1483.5,2,1482.0,swap,improve
8404,2,1483.5,2,1482.0,move,improve
8405,2,1483.5,2,1482.0,move,improve
8406,2,1483.5,2,1482.0,2opt,notBad
8407,2,1483.5,2,1482.0,2opt,notBad
8408,2,1483.5,2,1482.0,swap,improve
8409,2,1483.5,2,1482.0,move,improve
8410,2,1483.5,2,1482.0,move,improve
8411,2,1483.5,2,1482.0,swap,notBad
8412,2,1483.5,2,1482.0,2opt,notBad
8413,2,1483.5,2,1482.0,swap,improve
8414,2,1483.5,2,1482.0,swap,notBad
8415,2,1483.5,2,1482.0,2opt,notBad
8416,2,1483.5,2,1482.0,swap,improve
8417,2,1483.5,2,1482.0,swap,improve
8418,2,1483.5,2,1482.0,2opt,notBad
8419,2,1483.5,2,1482.0,swap,notBad
8420,2,1483.5,2,1482.0,2opt,notBad
8421,2,1483.5,2,1482.0,move,improve
8422,2,1483.5,2,1482.0,2opt,notBad
8423,2,1483.5,2,1482.0,2opt,notBad
8424,2,1483.5,2,1482.0,swap,improve
8425,2,1483.5,2,1482.0,move,improve
8426,2,1483.5,2,1482.0,move,improve
8427,2,1483.5,2,1482.0,swap,notBad
8428,2,1483.5,2,1482.0,move,improve
8429,2,1483.5,2,1482.0,move,improve
8430,2,1483.5,2,1482.0,move,improve
8431,2,1483.5,2,1482.0,2opt,notBad
8432,2,1483.5,2,1482.0,2opt,notBad
8433,2,1483.5,2,1482.0,swap,improve
8434,2,1483.5,2,1482.0,move,improve
8435,2,1483.5,2,1482.0,swap,improve
8436,2,1483.5,2,1482.0,2opt,notBad
8437,2,1483.5,2,1482.0,2opt,notBad
8438,2,1483.5,2,1482.0,2opt,notBad
8439,2,1483.5,2,1482.0,2opt,notBad
8440,2,1483.5,2,1482.0,swap,improve
8441,2,1483.5,2,1482.0,2opt,notBad
8442,2,1483.5,2,1482.0,move,improve
8443,2,1483.5,2,1482.0,swap,notBad
8444,2,1483.5,2,1482.0,swap,improve
8445,2,1483.5,2,1482.0,move,improve
8446,2,1483.5,2,1482.0,swap,notBad
8447,2,1483.5,2,1482.0,2opt,notBad
8448,2,1483.5,2,1482.0,swap,notBad
8449,2,1483.5,2,1482.0,move,improve
8450,2,1483.5,2,1482.0,swap,improve
8451,2,1483.5,2,1482.0,move,improve
8452,2,1483.5,2,1482.0,move,improve
8453,2,1483.5,2,1482.0,2opt,notBad
8454,2,1483.5,2,1482.0,swap,improve
8455,2,1483.5,2,1482.0,move,improve
8456,2,1483.5,2,1482.0,swap,improve
8457,2,1483.5,2,1482.0,move,improve
8458,2,1483.5,2,1482.0,2opt,notBad
8459,2,1483.5,2,1482.0,2opt,notBad
8460,2,1483.5,2,1482.0,swap,notBad
8461,2,1483.5,2,1482.0,2opt,notBad
8462,2,1483.5,2,1482.0,move,improve
8463,2,1483.5,2,1482.0,2opt,notBad
8464,2,1483.5,2,1482.0,move,improve
8465,2,1483.5,2,1482.0,swap,improve
8466,2,1483.5,2,1482.0,2opt,notBad
8467,2,1483.5,2,1482.0,move,improve
8468,2,1483.5,2,1482.0,2opt,notBad
8469,2,1483.5,2,1482.0,swap,improve
8470,2,1483.5,2,1482.0,2opt,notBad
8471,2,1483.5,2,1482.0,move,improve
8472,2,1483.5,2,1482.0,move,improve
8473,2,1483.5,2,1482.0,move,improve
8474,2,1483.5,2,1482.0,swap,improve
8475,2,1483.8000000000002,2,1482.0,move,acceptBad
8476,2,1483.8000000000002,2,1482.0,swap,improve
8477,2,1483.8000000000002,2,1482.0,swap,notBad
8478,2,1483.8000000000002,2,1482.0,2opt,notBad
8479,2,1483.8000000000002,2,1482.0,2opt,notBad
8480,2,1483.8000000000002,2,1482.0,swap,improve
8481,2,1483.8000000000002,2,1482.0,move,improve
8482,2,1483.8000000000002,2,1482.0,move,improve
8483,2,1483.8000000000002,2,1482.0,move,improve
8484,2,1483.8000000000002,2,1482.0,swap,notBad
8485,2,1483.8000000000002,2,1482.0,2opt,improve
8486,2,1483.8000000000002,2,1482.0,2opt,notBad
8487,2,1483.8000000000002,2,1482.0,move,improve
8488,2,1483.8000000000002,2,1482.0,2opt,notBad
8489,2,1483.8000000000002,2,1482.0,swap,improve
8490,2,1483.8000000000002,2,1482.0,move,improve
8491,2,1483.8000000000002,2,1482.0,2opt,notBad
8492,2,1483.8000000000002,2,1482.0,2opt,improve
8493,2,1483.8000000000002,2,1482.0,move,improve
8494,2,1483.8000000000002,2,1482.0,swap,improve
8495,2,1483.8000000000002,2,1482.0,2opt,notBad
8496,2,1483.8000000000002,2,1482.0,2opt,notBad
8497,2,1483.8000000000002,2,1482.0,move,improve
8498,2,1483.8000000000002,2,1482.0,2opt,notBad
8499,2,1483.8000000000002,2,1482.0,2opt,notBad
8500,2,1483.8000000000002,2,1482.0,2opt,notBad
8501,2,1483.8000000000002,2,1482.0,2opt,notBad
8502,2,1483.8000000000002,2,1482.0,swap,improve
8503,2,1483.8000000000002,2,1482.0,move,improve
8504,2,1483.8000000000002,2,1482.0,2opt,notBad
8505,2,1483.8000000000002,2,1482.0,2opt,notBad
8506,2,1483.8000000000002,2,1482.0,move,improve
8507,2,1483.8000000000002,2,1482.0,2opt,notBad
8508,2,1483.8000000000002,2,1482.0,swap,improve
8509,2,1483.8000000000002,2,1482.0,move,improve
8510,2,1483.8000000000002,2,1482.0,swap,improve
8511,2,1483.8000000000002,2,1482.0,swap,improve
8512,2,1483.8000000000002,2,1482.0,2opt,notBad
8513,2,1483.8000000000002,2,1482.0,swap,improve
8514,2,1483.8000000000002,2,1482.0,2opt,notBad
8515,2,1483.8000000000002,2,1482.0,2opt,notBad
8516,2,1483.8000000000002,2,1482.0,2opt,notBad
8517,2,1483.8000000000002,2,1482.0,swap,notBad
8518,2,1483.8000000000002,2,1482.0,swap,notBad
8519,2,1483.8000000000002,2,1482.0,move,improve
8520,2,1483.8000000000002,2,1482.0,2opt,notBad
8521,2,1483.8000000000002,2,1482.0,move,improve
8522,2,1483.8000000000002,2,1482.0,2opt,notBad
8523,2,1483.8000000000002,2,1482.0,swap,notBad
8524,2,1483.8000000000002,2,1482.0,2opt,notBad
8525,2,1483.8000000000002,2,1482.0,move,improve
8526,2,1483.8000000000002,2,1482.0,move,improve
8527,2,1483.8000000000002,2,1482.0,move,improve
8528,2,1483.8000000000002,2,1482.0,2opt,notBad
8529,2,1483.8000000000002,2,1482.0,swap,improve
8530,2,1483.8000000000002,2,1482.0,move,improve
8531,2,1483.8000000000002,2,1482.0,2opt,notBad
8532,2,1483.8000000000002,2,1482.0,move,improve
8533,2,1483.8000000000002,2,1482.0,move,improve
8534,2,1483.8000000000002,2,1482.0,2opt,notBad
8535,2,1483.8000000000002,2,1482.0,swap,improve
8536,2,1483.8000000000002,2,1482.0,2opt,notBad
8537,2,1483.8000000000002,2,1482.0,move,improve
8538,2,1483.8000000000002,2,1482.0,swap,improve
8539,2,1483.8000000000002,2,1482.0,swap,notBad
8540,2,1483.8000000000002,2,1482.0,move,improve
8541,2,1483.8000000000002,2,1482.0,swap,notBad
8542,2,1483.8000000000002,2,1482.0,swap,notBad
8543,2,1483.8000000000002,2,1482.0,swap,notBad
8544,2,1483.8000000000002,2,1482.0,swap,notBad
8545,2,1483.8000000000002,2,1482.0,swap,notBad
8546,2,1483.8000000000002,2,1482.0,swap,notBad
8547,2,1483.8000000000002,2,1482.0,swap,improve
8548,2,1483.8000000000002,2,1482.0,swap,improve
8549,2,1483.8000000000002,2,1482.0,move,improve
8550,2,1483.8000000000002,2,1482.0,swap,notBad
8551,2,1483.8000000000002,2,1482.0,move,improve
8552,2,1483.8000000000002,2,1482.0,swap,improve
8553,2,1483.8000000000002,2,1482.0,move,improve
8554,2,1483.8000000000002,2,1482.0,move,improve
8555,2,1483.8000000000002,2,1482.0,move,improve
8556,2,1483.8000000000002,2,1482.0,swap,notBad
8557,2,1483.8000000000002,2,1482.0,move,improve
8558,2,1483.8000000000002,2,1482.0,2opt,notBad
8559,2,1483.8000000000002,2,1482.0,2opt,notBad
8560,2,1483.8000000000002,2,1482.0,move,improve
8561,2,1483.8000000000002,2,1482.0,move,improve
8562,2,1483.8000000000002,2,1482.0,2opt,notBad
8563,2,1483.8000000000002,2,1482.0,swap,improve
8564,2,1483.8000000000002,2,1482.0,2opt,notBad
8565,2,1483.8000000000002,2,1482.0,2opt,notBad
8566,2,1483.8000000000002,2,1482.0,2opt,notBad
8567,2,1483.8000000000002,2,1482.0,swap,improve
8568,2,1483.8000000000002,2,1482.0,move,improve
8569,2,1483.8000000000002,2,1482.0,swap,improve
8570,2,1483.8000000000002,2,1482.0,move,improve
8571,2,1483.8000000000002,2,1482.0,move,improve
8572,2,1483.8000000000002,2,1482.0,move,improve
8573,2,1483.8000000000002,2,1482.0,move,improve
8574,2,1483.8000000000002,2,1482.0,2opt,notBad
8575,2,1483.8000000000002,2,1482.0,swap,notBad
8576,2,1483.8000000000002,2,1482.0,2opt,notBad
8577,2,1483.8000000000002,2,1482.0,2opt,notBad
8578,2,1483.8000000000002,2,1482.0,swap,notBad
8579,2,1483.8000000000002,2,1482.0,2opt,improve
8580,2,1483.8000000000002,2,1482.0,2opt,notBad
8581,2,1483.8000000000002,2,1482.0,2opt,notBad
8582,2,1483.8000000000002,2,1482.0,swap,improve
8583,2,1483.8000000000002,2,1482.0,2opt,notBad
8584,2,1483.8000000000002,2,1482.0,swap,improve
8585,2,1483.8000000000002,2,1482.0,2opt,improve
8586,2,1483.8000000000002,2,1482.0,swap,improve
8587,2,1483.8000000000002,2,1482.0,2opt,notBad
8588,2,1483.5,2,1482.0,swap,improve
8589,2,1483.5,2,1482.0,move,improve
8590,2,1483.5,2,1482.0,2opt,notBad
8591,2,1483.5,2,1482.0,swap,notBad
8592,2,1483.5,2,1482.0,2opt,notBad
8593,2,1483.5,2,1482.0,2opt,notBad
8594,2,1483.5,2,1482.0,swap,notBad
8595,2,1483.5,2,1482.0,2opt,notBad
8596,2,1483.5,2,1482.0,swap,improve
8597,2,1483.5,2,1482.0,swap,notBad
8598,2,1483.5,2,1482.0,swap,notBad
8599,2,1483.5,2,1482.0,swap,notBad
8600,2,1483.5,2,1482.0,move,improve
8601,2,1483.5,2,1482.0,swap,improve
8602,2,1483.5,2,1482.0,2opt,notBad
8603,2,1483.5,2,1482.0,swap,notBad
8604,2,1483.5,2,1482.0,move,improve
8605,2,1483.5,2,1482.0,move,improve
8606,2,1483.5,2,1482.0,2opt,notBad
8607,2,1483.5,2,1482.0,2opt,notBad
8608,2,1483.5,2,1482.0,2opt,notBad
8609,2,1483.5,2,1482.0,2opt,notBad
8610,2,1483.5,2,1482.0,swap,notBad
8611,2,1483.5,2,1482.0,2opt,notBad
8612,2,1483.5,2,1482.0,swap,improve
8613,2,1483.5,2,1482.0,swap,improve
8614,2,1483.5,2,1482.0,swap,notBad
8615,2,1483.5,2,1482.0,swap,notBad
8616,2,1483.5,2,1482.0,swap,improve
8617,2,1483.5,2,1482.0,2opt,notBad
8618,2,1483.5,2,1482.0,move,improve
8619,2,1483.5,2,1482.0,2opt,notBad
8620,2,1483.5,2,1482.0,swap,improve
8621,2,1483.5,2,1482.0,swap,notBad
8622,2,1483.5,2,1482.0,2opt,notBad
8623,2,1483.5,2,1482.0,move,improve
8624,2,1483.5,2,1482.0,move,improve
8625,2,1483.5,2,1482.0,move,improve
8626,2,1483.5,2,1482.0,swap,improve
8627,2,1483.5,2,1482.0,2opt,notBad
8628,2,1483.5,2,1482.0,move,improve
8629,2,1483.5,2,1482.0,swap,notBad
8630,2,1483.5,2,1482.0,swap,notBad
8631,2,1483.5,2,1482.0,2opt,notBad
8632,2,1483.5,2,1482.0,2opt,notBad
8633,2,1483.5,2,1482.0,2opt,notBad
8634,2,1483.5,2,1482.0,swap,notBad
8635,2,1483.5,2,1482.0,swap,notBad
8636,2,1483.5,2,1482.0,2opt,notBad
8637,2,1483.5,2,1482.0,move,improve
8638,2,1483.5,2,1482.0,move,improve
8639,2,1483.5,2,1482.0,swap,improve
8640,2,1483.5,2,1482.0,2opt,notBad
8641,2,1483.5,2,1482.0,2opt,notBad
8642,2,1483.5,2,1482.0,swap,notBad
8643,2,1483.5,2,1482.0,move,improve
8644,2,1483.5,2,1482.0,swap,improve
8645,2,1483.5,2,1482.0,swap,improve
8646,2,1483.5,2,1482.0,swap,notBad
8647,2,1483.5,2,1482.0,2opt,notBad
8648,2,1483.5,2,1482.0,move,improve
8649,2,1483.5,2,1482.0,move,improve
8650,2,1483.5,2,1482.0,2opt,notBad
8651,2,1483.5,2,1482.0,swap,improve
8652,2,1483.5,2,1482.0,swap,improve
8653,2,1483.5,2,1482.0,move,improve
8654,2,1483.5,2,1482.0,2opt,notBad
8655,2,1483.5,2,1482.0,2opt,notBad
8656,2,1483.5,2,1482.0,swap,notBad
8657,2,1483.5,2,1482.0,2opt,notBad
8658,2,1483.5,2,1482.0,swap,improve
8659,2,1483.5,2,1482.0,2opt,improve
8660,2,1483.5,2,1482.0,swap,notBad
8661,2,1483.5,2,1482.0,2opt,notBad
8662,2,1483.5,2,1482.0,swap,improve
8663,2,1483.5,2,1482.0,move,improve
8664,2,1483.5,2,1482.0,2opt,notBad
8665,2,1483.5,2,1482.0,move,improve
8666,2,1483.5,2,1482.0,2opt,notBad
8667,2,1483.5,2,1482.0,move,improve
8668,2,1483.5,2,1482.0,2opt,notBad
8669,2,1483.5,2,1482.0,move,improve
8670,2,1483.5,2,1482.0,2opt,notBad
8671,2,1483.5,2,1482.0,swap,improve
8672,2,1483.5,2,1482.0,move,improve
8673,2,1483.5,2,1482.0,swap,notBad
8674,2,1483.5,2,1482.0,2opt,notBad
8675,2,1483.5,2,1482.0,move,improve
8676,2,1483.5,2,1482.0,2opt,notBad
8677,2,1483.5,2,1482.0,swap,improve
8678,2,1483.5,2,1482.0,swap,notBad
8679,2,1483.5,2,1482.0,2opt,notBad
8680,2,1483.5,2,1482.0,swap,notBad
8681,2,1483.8000000000002,2,1482.0,swap,acceptBad
8682,2,1483.8000000000002,2,1482.0,move,improve
8683,2,1483.8000000000002,2,1482.0,2opt,notBad
8684,2,1483.8000000000002,2,1482.0,swap,notBad
8685,2,1483.8000000000002,2,1482.0,2opt,notBad
8686,2,1483.8000000000002,2,1482.0,swap,improve
8687,2,1483.8000000000002,2,1482.0,swap,improve
8688,2,1483.8000000000002,2,1482.0,2opt,notBad
8689,2,1483.8000000000002,2,1482.0,move,improve
8690,2,1483.8000000000002,2,1482.0,move,improve
8691,2,1483.8000000000002,2,1482.0,swap,notBad
8692,2,1483.8000000000002,2,1482.0,move,improve
8693,2,1483.8000000000002,2,1482.0,2opt,notBad
8694,2,1483.8000000000002,2,1482.0,move,improve
8695,2,1483.8000000000002,2,1482.0,swap,improve
8696,2,1483.8000000000002,2,1482.0,swap,notBad
8697,2,1483.8000000000002,2,1482.0,swap,improve
8698,2,1483.8000000000002,2,1482.0,2opt,notBad
8699,2,1483.5,2,1482.0,move,improve
8700,2,1483.5,2,1482.0,2opt,notBad
8701,2,1483.5,2,1482.0,2opt,notBad
8702,2,1483.5,2,1482.0,2opt,notBad
8703,2,1483.5,2,1482.0,swap,notBad
8704,2,1483.5,2,1482.0,swap,improve
8705,2,1483.5,2,1482.0,2opt,notBad
8706,2,1483.5,2,1482.0,move,improve
8707,2,1483.5,2,1482.0,swap,notBad
8708,2,1483.5,2,1482.0,move,improve
8709,2,1483.5,2,1482.0,move,improve
8710,2,1483.5,2,1482.0,2opt,notBad
8711,2,1483.5,2,1482.0,move,improve
8712,2,1483.5,2,1482.0,swap,improve
8713,2,1483.5,2,1482.0,2opt,notBad
8714,2,1483.5,2,1482.0,move,improve
8715,2,1483.5,2,1482.0,2opt,notBad
8716,2,1483.5,2,1482.0,move,improve
8717,2,1483.5,2,1482.0,swap,notBad
8718,2,1483.5,2,1482.0,move,improve
8719,2,1483.5,2,1482.0,swap,improve
8720,2,1483.5,2,1482.0,swap,improve
8721,2,1483.5,2,1482.0,2opt,notBad
8722,2,1483.5,2,1482.0,2opt,notBad
8723,2,1483.5,2,1482.0,move,improve
8724,2,1483.5,2,1482.0,move,improve
8725,2,1483.5,2,1482.0,2opt,notBad
8726,2,1483.5,2,1482.0,swap,improve
8727,2,1483.5,2,1482.0,swap,improve
8728,2,1483.5,2,1482.0,swap,improve
8729,2,1483.5,2,1482.0,2opt,notBad
8730,2,1483.5,2,1482.0,2opt,notBad
8731,2,1483.5,2,1482.0,move,improve
8732,2,1483.5,2,1482.0,2opt,notBad
8733,2,1483.5,2,1482.0,2opt,notBad
8734,2,1483.5,2,1482.0,2opt,notBad
8735,2,1483.5,2,1482.0,move,improve
8736,2,1483.5,2,1482.0,move,improve
8737,2,1483.5,2,1482.0,2opt,notBad
8738,2,1483.5,2,1482.0,swap,improve
8739,2,1483.5,2,1482.0,move,improve
8740,2,1483.5,2,1482.0,move,improve
8741,2,1483.5,2,1482.0,swap,improve
8742,2,1483.5,2,1482.0,move,improve
8743,2,1483.5,2,1482.0,2opt,notBad
8744,2,1483.5,2,1482.0,2opt,notBad
8745,2,1483.5,2,1482.0,swap,improve
8746,2,1483.5,2,1482.0,swap,notBad
8747,2,1483.5,2,1482.0,2opt,notBad
8748,2,1483.5,2,1482.0,2opt,notBad
8749,2,1483.5,2,1482.0,move,improve
8750,2,1483.5,2,1482.0,move,improve
8751,2,1483.5,2,1482.0,2opt,notBad
8752,2,1483.5,2,1482.0,swap,improve
8753,2,1483.5,2,1482.0,move,improve
8754,2,1483.5,2,1482.0,move,improve
8755,2,1483.5,2,1482.0,move,improve
8756,2,1483.5,2,1482.0,2opt,notBad
8757,2,1483.5,2,1482.0,move,improve
8758,2,1483.5,2,1482.0,swap,notBad
8759,2,1483.5,2,1482.0,swap,improve
8760,2,1483.5,2,1482.0,2opt,notBad
8761,2,1483.5,2,1482.0,move,improve
8762,2,1483.5,2,1482.0,2opt,notBad
8763,2,1483.5,2,1482.0,move,improve
8764,2,1483.5,2,1482.0,move,improve
8765,2,1483.5,2,1482.0,2opt,notBad
8766,2,1483.5,2,1482.0,move,improve
8767,2,1483.5,2,1482.0,swap,notBad
8768,2,1483.5,2,1482.0,swap,notBad
8769,2,1483.5,2,1482.0,2opt,notBad
8770,2,1483.5,2,1482.0,2opt,notBad
8771,2,1483.5,2,1482.0,move,improve
8772,2,1483.5,2,1482.0,2opt,notBad
8773,2,1483.5,2,1482.0,2opt,notBad
8774,2,1483.5,2,1482.0,swap,notBad
8775,2,1483.5,2,1482.0,swap,notBad
8776,2,1483.5,2,1482.0,swap,improve
8777,2,1483.5,2,1482.0,2opt,notBad
8778,2,1483.5,2,1482.0,swap,notBad
8779,2,1483.5,2,1482.0,2opt,notBad
8780,2,1483.5,2,1482.0,2opt,notBad
8781,2,1483.5,2,1482.0,move,improve
8782,2,1483.5,2,1482.0,2opt,notBad
8783,2,1483.5,2,1482.0,move,improve
8784,2,1483.5,2,1482.0,move,improve
8785,2,1483.5,2,1482.0,move,improve
8786,2,1483.5,2,1482.0,swap,improve
8787,2,1483.5,2,1482.0,2opt,improve
8788,2,1483.5,2,1482.0,2opt,notBad
8789,2,1483.5,2,1482.0,move,improve
8790,2,1483.5,2,1482.0,move,improve
8791,2,1483.5,2,1482.0,2opt,notBad
8792,2,1483.5,2,1482.0,swap,notBad
8793,2,1483.5,2,1482.0,2opt,notBad
8794,2,1483.5,2,1482.0,2opt,notBad
8795,2,1483.5,2,1482.0,move,improve
8796,2,1483.5,2,1482.0,2opt,notBad
8797,2,1483.5,2,1482.0,swap,improve
8798,2,1483.5,2,1482.0,2opt,notBad
8799,2,1483.5,2,1482.0,swap,notBad
8800,2,1483.5,2,1482.0,move,improve
8801,2,1483.5,2,1482.0,move,improve
8802,2,1483.5,2,1482.0,swap,improve
8803,2,1483.5,2,1482.0,swap,improve
8804,2,1483.5,2,1482.0,move,improve
8805,2,1483.5,2,1482.0,move,improve
8806,2,1483.5,2,1482.0,swap,improve
8807,2,1483.5,2,1482.0,2opt,notBad
8808,2,1483.5,2,1482.0,swap,improve
8809,2,1483.5,2,1482.0,move,improve
8810,2,1483.5,2,1482.0,move,improve
8811,2,1483.5,2,1482.0,move,improve
8812,2,1483.5,2,1482.0,swap,notBad
8813,2,1483.5,2,1482.0,move,improve
8814,2,1483.5,2,1482.0,move,improve
8815,2,1483.5,2,1482.0,2opt,improve
8816,2,1483.5,2,1482.0,2opt,notBad
8817,2,1483.5,2,1482.0,swap,improve
8818,2,1483.5,2,1482.0,swap,improve
8819,2,1483.5,2,1482.0,swap,notBad
8820,2,1483.5,2,1482.0,move,improve
8821,2,1483.5,2,1482.0,2opt,notBad
8822,2,1483.5,2,1482.0,swap,notBad
8823,2,1483.5,2,1482.0,swap,improve
8824,2,1483.5,2,1482.0,swap,notBad
8825,2,1483.5,2,1482.0,move,improve
8826,2,1483.5,2,1482.0,swap,improve
8827,2,1483.5,2,1482.0,2opt,notBad
8828,2,1483.5,2,1482.0,swap,notBad
8829,2,1483.5,2,1482.0,swap,improve
8830,2,1483.5,2,1482.0,2opt,notBad
8831,2,1483.5,2,1482.0,swap,improve
8832,2,1483.5,2,1482.0,2opt,notBad
8833,2,1483.5,2,1482.0,2opt,notBad
8834,2,1483.5,2,1482.0,swap,notBad
8835,2,1483.5,2,1482.0,2opt,notBad
8836,2,1483.5,2,1482.0,swap,improve
8837,2,1483.5,2,1482.0,swap,improve
8838,2,1483.5,2,1482.0,swap,notBad
8839,2,1483.5,2,1482.0,swap,improve
8840,2,1483.5,2,1482.0,move,improve
8841,2,1483.5,2,1482.0,swap,notBad
8842,2,1483.5,2,1482.0,2opt,notBad
8843,2,1483.5,2,1482.0,swap,notBad
8844,2,1483.5,2,1482.0,2opt,notBad
8845,2,1483.5,2,1482.0,move,improve
8846,2,1483.5,2,1482.0,swap,notBad
8847,2,1483.5,2,1482.0,swap,notBad
8848,2,1483.5,2,1482.0,move,improve
8849,2,1483.5,2,1482.0,swap,notBad
8850,2,1483.5,2,1482.0,swap,notBad
8851,2,1483.5,2,1482.0,2opt,notBad
8852,2,1483.5,2,1482.0,move,improve
8853,2,1483.5,2,1482.0,2opt,notBad
8854,2,1483.5,2,1482.0,swap,improve
8855,2,1483.5,2,1482.0,move,improve
8856,2,1483.5,2,1482.0,2opt,notBad
8857,2,1483.5,2,1482.0,move,improve
8858,2,1483.5,2,1482.0,2opt,notBad
8859,2,1483.5,2,1482.0,move,improve
8860,2,1483.5,2,1482.0,move,improve
8861,2,1483.5,2,1482.0,move,improve
8862,2,1483.5,2,1482.0,move,improve
8863,2,1483.5,2,1482.0,2opt,notBad
8864,2,1483.5,2,1482.0,move,improve
8865,2,1483.5,2,1482.0,swap,notBad
8866,2,1483.5,2,1482.0,move,improve
8867,2,1483.5,2,1482.0,swap,notBad
8868,2,1483.5,2,1482.0,swap,notBad
8869,2,1483.5,2,1482.0,move,improve
8870,2,1483.5,2,1482.0,swap,notBad
8871,2,1483.5,2,1482.0,move,improve
8872,2,1483.8000000000002,2,1482.0,move,acceptBad
8873,2,1483.8000000000002,2,1482.0,swap,improve
8874,2,1483.8000000000002,2,1482.0,swap,notBad
8875,2,1483.8000000000002,2,1482.0,move,improve
8876,2,1483.8000000000002,2,1482.0,move,improve
8877,2,1483.8000000000002,2,1482.0,move,improve
8878,2,1483.8000000000002,2,1482.0,move,improve
8879,2,1483.8000000000002,2,1482.0,move,improve
8880,2,1483.8000000000002,2,1482.0,swap,notBad
8881,2,1483.8000000000002,2,1482.0,2opt,notBad
8882,2,1482.3000000000002,2,1482.0,swap,improve
8883,2,1482.3000000000002,2,1482.0,move,improve
8884,2,1482.3000000000002,2,1482.0,2opt,notBad
8885,2,1482.3000000000002,2,1482.0,swap,notBad
8886,2,1482.3000000000002,2,1482.0,2opt,notBad
8887,2,1482.3000000000002,2,1482.0,2opt,notBad
8888,2,1482.3000000000002,2,1482.0,2opt,notBad
8889,2,1482.3000000000002,2,1482.0,2opt,notBad
8890,2,1482.3000000000002,2,1482.0,move,improve
8891,2,1482.3000000000002,2,1482.0,swap,improve
8892,2,1482.3000000000002,2,1482.0,swap,improve
8893,2,1482.3000000000002,2,1482.0,move,improve
8894,2,1482.3000000000002,2,1482.0,2opt,notBad
8895,2,1482.3000000000002,2,1482.0,swap,notBad
8896,2,1482.3000000000002,2,1482.0,move,improve
8897,2,1482.3000000000002,2,1482.0,2opt,notBad
8898,2,1482.3000000000002,2,1482.0,2opt,notBad
8899,2,1482.3000000000002,2,1482.0,swap,improve
8900,2,1482.3000000000002,2,1482.0,2opt,notBad
8901,2,1482.3000000000002,2,1482.0,move,improve
8902,2,1482.3000000000002,2,1482.0,move,improve
8903,2,1482.3000000000002,2,1482.0,2opt,notBad
8904,2,1482.3000000000002,2,1482.0,swap,improve
8905,2,1482.3000000000002,2,1482.0,move,improve
8906,2,1482.3000000000002,2,1482.0,swap,notBad
8907,2,1482.3000000000002,2,1482.0,move,improve
8908,2,1482.3000000000002,2,1482.0,2opt,notBad
8909,2,1482.3000000000002,2,1482.0,move,improve
8910,2,1482.3000000000002,2,1482.0,swap,improve
8911,2,1482.3000000000002,2,1482.0,swap,notBad
8912,2,1482.3000000000002,2,1482.0,move,improve
8913,2,1482.3000000000002,2,1482.0,move,improve
8914,2,1482.3000000000002,2,1482.0,swap,notBad
8915,2,1482.3000000000002,2,1482.0,move,improve
8916,2,1482.3000000000002,2,1482.0,move,improve
8917,2,1482.3000000000002,2,1482.0,2opt,notBad
8918,2,1482.3000000000002,2,1482.0,2opt,improve
8919,2,1482.3000000000002,2,1482.0,swap,improve
8920,2,1482.3000000000002,2,1482.0,swap,improve
8921,2,1482.3000000000002,2,1482.0,move,improve
8922,2,1482.3000000000002,2,1482.0,swap,notBad
8923,2,1482.3000000000002,2,1482.0,2opt,notBad
8924,2,1482.3000000000002,2,1482.0,move,improve
8925,2,1482.3000000000002,2,1482.0,move,improve
8926,2,1482.3000000000002,2,1482.0,2opt,notBad
8927,2,1482.3000000000002,2,1482.0,move,improve
8928,2,1482.3000000000002,2,1482.0,2opt,notBad
8929,2,1482.3000000000002,2,1482.0,2opt,notBad
8930,2,1482.3000000000002,2,1482.0,2opt,notBad
8931,2,1482.3000000000002,2,1482.0,2opt,notBad
8932,2,1482.3000000000002,2,1482.0,swap,notBad
8933,2,1482.3000000000002,2,1482.0,move,improve
8934,2,1482.3000000000002,2,1482.0,move,improve
8935,2,1482.3000000000002,2,1482.0,2opt,notBad
8936,2,1482.3000000000002,2,1482.0,swap,notBad
8937,2,1482.3000000000002,2,1482.0,move,improve
8938,2,1482.3000000000002,2,1482.0,swap,improve
8939,2,1482.3000000000002,2,1482.0,2opt,notBad
8940,2,1482.3000000000002,2,1482.0,move,improve
8941,2,1482.3000000000002,2,1482.0,swap,improve
8942,2,1482.3000000000002,2,1482.0,swap,improve
8943,2,1482.3000000000002,2,1482.0,move,improve
8944,2,1482.3000000000002,2,1482.0,move,improve
8945,2,1482.3000000000002,2,1482.0,2opt,notBad
8946,2,1482.3000000000002,2,1482.0,2opt,notBad
8947,2,1482.3000000000002,2,1482.0,swap,notBad
8948,2,1482.3000000000002,2,1482.0,move,improve
8949,2,1482.3000000000002,2,1482.0,swap,improve
8950,2,1482.3000000000002,2,1482.0,move,improve
8951,2,1482.0,2,1482.0,move,improve
8952,2,1482.0,2,1482.0,move,improve
8953,2,1482.0,2,1482.0,2opt,notBad
8954,2,1482.0,2,1482.0,2opt,notBad
8955,2,1482.0,2,1482.0,swap,improve
8956,2,1482.0,2,1482.0,swap,improve
8957,2,1482.0,2,1482.0,move,improve
8958,2,1482.0,2,1482.0,swap,notBad
8959,2,1482.0,2,1482.0,move,improve
8960,2,1482.0,2,1482.0,swap,improve
8961,2,1482.0,2,1482.0,move,improve
8962,2,1482.0,2,1482.0,2opt,notBad
8963,2,1482.0,2,1482.0,swap,improve
8964,2,1482.0,2,1482.0,swap,improve
8965,2,1482.0,2,1482.0,swap,notBad
8966,2,1482.0,2,1482.0,swap,improve
8967,2,1482.0,2,1482.0,move,improve
8968,2,1482.0,2,1482.0,move,improve
8969,2,1482.0,2,1482.0,2opt,notBad
8970,2,1482.0,2,1482.0,swap,improve
8971,2,1483.5,2,1482.0,swap,acceptBad
8972,2,1483.5,2,1482.0,swap,notBad
8973,2,1483.5,2,1482.0,swap,improve
8974,2,1483.5,2,1482.0,move,improve
8975,2,1483.5,2,1482.0,2opt,notBad
8976,2,1483.5,2,1482.0,move,improve
8977,2,1483.5,2,1482.0,2opt,notBad
8978,2,1483.5,2,1482.0,move,improve
8979,2,1483.5,2,1482.0,swap,improve
8980,2,1483.5,2,1482.0,move,improve
8981,2,1483.5,2,1482.0,swap,notBad
8982,2,1483.5,2,1482.0,2opt,notBad
8983,2,1483.5,2,1482.0,2opt,notBad
8984,2,1483.5,2,1482.0,2opt,notBad
8985,2,1483.5,2,1482.0,swap,improve
8986,2,1483.5,2,1482.0,move,improve
8987,2,1483.5,2,1482.0,2opt,notBad
8988,2,1483.5,2,1482.0,2opt,notBad
8989,2,1483.5,2,1482.0,swap,notBad
8990,2,1483.5,2,1482.0,move,improve
8991,2,1483.5,2,1482.0,2opt,notBad
8992,2,1483.5,2,1482.0,2opt,notBad
8993,2,1483.5,2,1482.0,2opt,notBad
8994,2,1483.5,2,1482.0,move,improve
8995,2,1483.5,2,1482.0,2opt,notBad
8996,2,1483.5,2,1482.0,swap,notBad
8997,2,1483.5,2,1482.0,move,improve
8998,2,1483.5,2,1482.0,move,improve
8999,2,1483.5,2,1482.0,2opt,notBad
9000,2,1483.5,2,1482.0,2opt,notBad
9001,2,1483.5,2,1482.0,swap,improve
9002,2,1483.5,2,1482.0,swap,notBad
9003,2,1483.5,2,1482.0,swap,notBad
9004,2,1483.5,2,1482.0,move,improve
9005,2,1483.5,2,1482.0,swap,notBad
9006,2,1483.5,2,1482.0,2opt,notBad
9007,2,1483.5,2,1482.0,2opt,notBad
9008,2,1483.5,2,1482.0,2opt,notBad
9009,2,1483.5,2,1482.0,swap,notBad
9010,2,1483.5,2,1482.0,2opt,notBad
9011,2,1483.5,2,1482.0,move,improve
9012,2,1483.5,2,1482.0,2opt,notBad
9013,2,1483.5,2,1482.0,2opt,notBad
9014,2,1483.5,2,1482.0,move,improve
9015,2,1483.5,2,1482.0,move,improve
9016,2,1483.5,2,1482.0,2opt,notBad
9017,2,1483.5,2,1482.0,swap,notBad
9018,2,1483.5,2,1482.0,move,improve
9019,2,1483.5,2,1482.0,2opt,notBad
9020,2,1483.5,2,1482.0,swap,notBad
9021,2,1483.5,2,1482.0,move,improve
9022,2,1483.5,2,1482.0,2opt,notBad
9023,2,1483.5,2,1482.0,2opt,notBad
9024,2,1483.5,2,1482.0,2opt,notBad
9025,2,1483.8000000000002,2,1482.0,swap,acceptBad
9026,2,1483.8000000000002,2,1482.0,2opt,notBad
9027,2,1483.8000000000002,2,1482.0,move,improve
9028,2,1483.8000000000002,2,1482.0,swap,improve
9029,2,1483.8000000000002,2,1482.0,move,improve
9030,2,1483.8000000000002,2,1482.0,swap,improve
9031,2,1483.8000000000002,2,1482.0,swap,improve
9032,2,1483.8000000000002,2,1482.0,2opt,notBad
9033,2,1483.8000000000002,2,1482.0,swap,notBad
9034,2,1483.5,2,1482.0,move,improve
9035,2,1483.5,2,1482.0,move,improve
9036,2,1483.5,2,1482.0,move,improve
9037,2,1483.5,2,1482.0,2opt,notBad
9038,2,1483.5,2,1482.0,swap,improve
9039,2,1483.5,2,1482.0,swap,notBad
9040,2,1483.5,2,1482.0,move,improve
9041,2,1483.5,2,1482.0,2opt,notBad
9042,2,1483.5,2,1482.0,2opt,notBad
9043,2,1483.5,2,1482.0,2opt,improve
9044,2,1483.5,2,1482.0,swap,notBad
9045,2,1483.5,2,1482.0,move,improve
9046,2,1483.5,2,1482.0,2opt,notBad
9047,2,1483.5,2,1482.0,swap,improve
9048,2,1483.5,2,1482.0,swap,notBad
9049,2,1483.5,2,1482.0,move,improve
9050,2,1483.5,2,1482.0,move,improve
9051,2,1483.5,2,1482.0,move,improve
9052,2,1483.5,2,1482.0,move,improve
9053,2,1483.5,2,1482.0,2opt,notBad
9054,2,1483.5,2,1482.0,2opt,notBad
9055,2,1483.5,2,1482.0,move,improve
9056,2,1483.5,2,1482.0,move,improve
9057,2,1483.5,2,1482.0,swap,improve
9058,2,1483.5,2,1482.0,move,improve
9059,2,1483.5,2,1482.0,2opt,notBad
9060,2,1483.5,2,1482.0,swap,notBad
9061,2,1483.5,2,1482.0,swap,improve
9062,2,1483.5,2,1482.0,move,improve
9063,2,1483.5,2,1482.0,move,improve
9064,2,1483.5,2,1482.0,swap,notBad
9065,2,1483.5,2,1482.0,2opt,notBad
9066,2,1483.5,2,1482.0,2opt,notBad
9067,2,1483.5,2,1482.0,swap,notBad
9068,2,1483.5,2,1482.0,2opt,notBad
9069,2,1483.5,2,1482.0,2opt,notBad
9070,2,1483.5,2,1482.0,swap,improve
9071,2,1483.5,2,1482.0,2opt,notBad
9072,2,1483.5,2,1482.0,swap,improve
9073,2,1482.0,2,1482.0,swap,improve
9074,2,1482.0,2,1482.0,2opt,notBad
9075,2,1482.0,2,1482.0,2opt,notBad
9076,2,1482.0,2,1482.0,2opt,improve
9077,2,1482.0,2,1482.0,2opt,notBad
9078,2,1482.0,2,1482.0,swap,improve
9079,2,1482.0,2,1482.0,swap,improve
9080,2,1482.0,2,1482.0,move,improve
9081,2,1482.0,2,1482.0,move,improve
9082,2,1482.0,2,1482.0,move,improve
9083,2,1482.0,2,1482.0,2opt,improve
9084,2,1482.0,2,1482.0,2opt,notBad
9085,2,1482.0,2,1482.0,move,improve
9086,2,1482.0,2,1482.0,2opt,notBad
9087,2,1482.0,2,1482.0,2opt,notBad
9088,2,1482.0,2,1482.0,2opt,notBad
9089,2,1482.0,2,1482.0,swap,notBad
9090,2,1482.0,2,1482.0,swap,improve
9091,2,1482.0,2,1482.0,move,improve
9092,2,1482.0,2,1482.0,2opt,improve
9093,2,1482.0,2,1482.0,swap,improve
9094,2,1482.0,2,1482.0,move,improve
9095,2,1482.0,2,1482.0,2opt,notBad
9096,2,1482.0,2,1482.0,2opt,notBad
9097,2,1482.0,2,1482.0,2opt,notBad
9098,2,1482.0,2,1482.0,2opt,notBad
9099,2,1482.0,2,1482.0,move,improve
9100,2,1482.0,2,1482.0,2opt,notBad
9101,2,1482.0,2,1482.0,swap,notBad
9102,2,1482.0,2,1482.0,move,improve
9103,2,1482.0,2,1482.0,move,improve
9104,2,1482.0,2,1482.0,swap,notBad
9105,2,1482.0,2,1482.0,move,improve
9106,2,1482.0,2,1482.0,swap,improve
9107,2,1482.0,2,1482.0,2opt,notBad
9108,2,1482.0,2,1482.0,swap,notBad
9109,2,1482.0,2,1482.0,move,improve
9110,2,1482.0,2,1482.0,swap,improve
9111,2,1482.0,2,1482.0,move,improve
9112,2,1482.0,2,1482.0,2opt,notBad
9113,2,1482.0,2,1482.0,move,improve
9114,2,1482.0,2,1482.0,swap,notBad
9115,2,1482.0,2,1482.0,move,improve
9116,2,1482.0,2,1482.0,swap,notBad
9117,2,1482.0,2,1482.0,swap,improve
9118,2,1482.0,2,1482.0,swap,notBad
9119,2,1482.0,2,1482.0,2opt,notBad
9120,2,1482.0,2,1482.0,move,improve
9121,2,1482.3000000000002,2,1482.0,move,acceptBad
9122,2,1482.3000000000002,2,1482.0,swap,improve
9123,2,1482.3000000000002,2,1482.0,2opt,notBad
9124,2,1482.3000000000002,2,1482.0,2opt,notBad
9125,2,1482.3000000000002,2,1482.0,move,improve
9126,2,1482.3000000000002,2,1482.0,2opt,improve
9127,2,1482.3000000000002,2,1482.0,2opt,improve
9128,2,1482.3000000000002,2,1482.0,move,improve
9129,2,1482.3000000000002,2,1482.0,2opt,notBad
9130,2,1482.3000000000002,2,1482.0,2opt,improve
9131,2,1482.3000000000002,2,1482.0,move,improve
9132,2,1482.3000000000002,2,1482.0,swap,improve
9133,2,1482.3000000000002,2,1482.0,swap,notBad
9134,2,1482.3000000000002,2,1482.0,move,improve
9135,2,1482.3000000000002,2,1482.0,swap,improve
9136,2,1482.3000000000002,2,1482.0,move,improve
9137,2,1482.3000000000002,2,1482.0,2opt,improve
9138,2,1482.3000000000002,2,1482.0,2opt,notBad
9139,2,1482.3000000000002,2,1482.0,move,improve
9140,2,1482.3000000000002,2,1482.0,move,improve
9141,2,1482.3000000000002,2,1482.0,2opt,notBad
9142,2,1482.3000000000002,2,1482.0,2opt,notBad
9143,2,1482.3000000000002,2,1482.0,move,improve
9144,2,1482.3000000000002,2,1482.0,2opt,notBad
9145,2,1482.3000000000002,2,1482.0,2opt,notBad
9146,2,1482.3000000000002,2,1482.0,swap,notBad
9147,2,1482.3000000000002,2,1482.0,2opt,notBad
9148,2,1482.3000000000002,2,1482.0,swap,notBad
9149,2,1482.3000000000002,2,1482.0,2opt,notBad
9150,2,1482.3000000000002,2,1482.0,2opt,notBad
9151,2,1482.3000000000002,2,1482.0,swap,improve
9152,2,1482.3000000000002,2,1482.0,swap,notBad
9153,2,1482.3000000000002,2,1482.0,2opt,notBad
9154,2,1482.3000000000002,2,1482.0,swap,improve
9155,2,1482.3000000000002,2,1482.0,2opt,notBad
9156,2,1482.3000000000002,2,1482.0,2opt,notBad
9157,2,1482.3000000000002,2,1482.0,swap,improve
9158,2,1482.3000000000002,2,1482.0,swap,notBad
9159,2,1482.3000000000002,2,1482.0,move,improve
9160,2,1482.3000000000002,2,1482.0,2opt,notBad
9161,2,1482.3000000000002,2,1482.0,move,improve
9162,2,1482.3000000000002,2,1482.0,swap,improve
9163,2,1482.3000000000002,2,1482.0,2opt,notBad
9164,2,1482.3000000000002,2,1482.0,2opt,notBad
9165,2,1482.3000000000002,2,1482.0,move,improve
9166,2,1482.3000000000002,2,1482.0,2opt,notBad
9167,2,1482.3000000000002,2,1482.0,2opt,notBad
9168,2,1482.3000000000002,2,1482.0,swap,improve
9169,2,1482.3000000000002,2,1482.0,move,improve
9170,2,1482.3000000000002,2,1482.0,move,improve
9171,2,1482.3000000000002,2,1482.0,move,improve
9172,2,1482.3000000000002,2,1482.0,move,improve
9173,2,1482.3000000000002,2,1482.0,move,improve
9174,2,1482.3000000000002,2,1482.0,move,improve
9175,2,1482.3000000000002,2,1482.0,2opt,improve
9176,2,1482.3000000000002,2,1482.0,move,improve
9177,2,1482.3000000000002,2,1482.0,swap,improve
9178,2,1482.3000000000002,2,1482.0,swap,improve
9179,2,1482.3000000000002,2,1482.0,swap,improve
9180,2,1482.3000000000002,2,1482.0,2opt,notBad
9181,2,1482.3000000000002,2,1482.0,swap,improve
9182,2,1482.3000000000002,2,1482.0,swap,improve
9183,2,1482.3000000000002,2,1482.0,swap,improve
9184,2,1482.3000000000002,2,1482.0,swap,notBad
9185,2,1482.3000000000002,2,1482.0,move,improve
9186,2,1482.3000000000002,2,1482.0,2opt,notBad
9187,2,1482.3000000000002,2,1482.0,move,improve
9188,2,1482.3000000000002,2,1482.0,2opt,notBad
9189,2,1482.3000000000002,2,1482.0,swap,notBad
9190,2,1482.3000000000002,2,1482.0,move,improve
9191,2,1482.3000000000002,2,1482.0,2opt,notBad
9192,2,1482.3000000000002,2,1482.0,move,improve
9193,2,1482.3000000000002,2,1482.0,move,improve
9194,2,1482.3000000000002,2,1482.0,2opt,notBad
9195,2,1482.3000000000002,2,1482.0,move,improve
9196,2,1482.3000000000002,2,1482.0,2opt,notBad
9197,2,1482.3000000000002,2,1482.0,swap,improve
9198,2,1482.3000000000002,2,1482.0,move,improve
9199,2,1482.3000000000002,2,1482.0,swap,improve
9200,2,1482.3000000000002,2,1482.0,move,improve
9201,2,1482.3000000000002,2,1482.0,swap,improve
9202,2,1482.3000000000002,2,1482.0,swap,notBad
9203,2,1482.3000000000002,2,1482.0,move,improve
9204,2,1482.3000000000002,2,1482.0,move,improve
9205,2,1482.3000000000002,2,1482.0,move,improve
9206,2,1482.3000000000002,2,1482.0,swap,notBad
9207,2,1482.3000000000002,2,1482.0,2opt,notBad
9208,2,1482.3000000000002,2,1482.0,2opt,notBad
9209,2,1482.3000000000002,2,1482.0,swap,notBad
9210,2,1482.3000000000002,2,1482.0,swap,notBad
9211,2,1482.3000000000002,2,1482.0,swap,improve
9212,2,1482.3000000000002,2,1482.0,2opt,notBad
9213,2,1482.3000000000002,2,1482.0,2opt,notBad
9214,2,1482.3000000000002,2,1482.0,move,improve
9215,2,1482.3000000000002,2,1482.0,2opt,notBad
9216,2,1482.3000000000002,2,1482.0,swap,improve
9217,2,1482.3000000000002,2,1482.0,move,improve
9218,2,1482.3000000000002,2,1482.0,2opt,notBad
9219,2,1482.3000000000002,2,1482.0,swap,improve
9220,2,1482.3000000000002,2,1482.0,2opt,notBad
9221,2,1482.0,2,1482.0,swap,improve
9222,2,1482.0,2,1482.0,swap,improve
9223,2,1482.0,2,1482.0,move,improve
9224,2,1482.0,2,1482.0,move,improve
9225,2,1482.0,2,1482.0,move,improve
9226,2,1482.0,2,1482.0,move,improve
9227,2,1482.0,2,1482.0,2opt,notBad
9228,2,1482.0,2,1482.0,2opt,notBad
9229,2,1482.0,2,1482.0,2opt,notBad
9230,2,1482.0,2,1482.0,2opt,notBad
9231,2,1482.0,2,1482.0,swap,notBad
9232,2,1482.0,2,1482.0,move,improve
9233,2,1482.0,2,1482.0,2opt,notBad
9234,2,1482.0,2,1482.0,swap,notBad
9235,2,1482.0,2,1482.0,swap,notBad
9236,2,1482.0,2,1482.0,swap,improve
9237,2,1482.0,2,1482.0,swap,improve
9238,2,1482.0,2,1482.0,move,improve
9239,2,1482.0,2,1482.0,move,improve
9240,2,1482.0,2,1482.0,2opt,notBad
9241,2,1482.0,2,1482.0,2opt,notBad
9242,2,1482.0,2,1482.0,swap,notBad
9243,2,1482.0,2,1482.0,swap,improve
9244,2,1482.0,2,1482.0,move,improve
9245,2,1482.0,2,1482.0,2opt,notBad
9246,2,1482.0,2,1482.0,move,improve
9247,2,1482.0,2,1482.0,2opt,notBad
9248,2,1482.0,2,1482.0,2opt,notBad
9249,2,1482.0,2,1482.0,move,improve
9250,2,1482.0,2,1482.0,2opt,notBad
9251,2,1482.0,2,1482.0,2opt,improve
9252,2,1482.0,2,1482.0,move,improve
9253,2,1482.0,2,1482.0,2opt,notBad
9254,2,1482.0,2,1482.0,move,improve
9255,2,1482.0,2,1482.0,2opt,notBad
9256,2,1482.0,2,1482.0,swap,improve
9257,2,1482.0,2,1482.0,move,improve
9258,2,1482.1,2,1482.0,swap,acceptBad
9259,2,1482.1,2,1482.0,2opt,notBad
9260,2,1482.1,2,1482.0,move,improve
9261,2,1482.1,2,1482.0,swap,notBad
9262,2,1482.1,2,1482.0,move,improve
9263,2,1482.1,2,1482.0,swap,improve
9264,2,1482.1,2,1482.0,move,improve
9265,2,1482.1,2,1482.0,2opt,improve
9266,2,1482.1,2,1482.0,2opt,improve
9267,2,1482.1,2,1482.0,move,improve
9268,2,1482.1,2,1482.0,swap,improve
9269,2,1482.1,2,1482.0,2opt,notBad
9270,2,1482.1,2,1482.0,2opt,notBad
9271,2,1482.1,2,1482.0,swap,notBad
9272,2,1482.1,2,1482.0,2opt,notBad
9273,2,1482.1,2,1482.0,move,improve
9274,2,1482.4,2,1482.0,move,acceptBad
9275,2,1482.4,2,1482.0,move,improve
9276,2,1482.4,2,1482.0,move,improve
9277,2,1482.4,2,1482.0,move,improve
9278,2,1482.4,2,1482.0,move,improve
9279,2,1482.4,2,1482.0,move,improve
9280,2,1482.4,2,1482.0,2opt,notBad
9281,2,1482.4,2,1482.0,move,improve
9282,2,1482.4,2,1482.0,move,improve
9283,2,1482.4,2,1482.0,move,improve
9284,2,1482.4,2,1482.0,2opt,notBad
9285,2,1482.4,2,1482.0,swap,improve
9286,2,1482.4,2,1482.0,2opt,notBad
9287,2,1482.4,2,1482.0,2opt,notBad
9288,2,1482.4,2,1482.0,2opt,notBad
9289,2,1482.4,2,1482.0,swap,notBad
9290,2,1482.4,2,1482.0,move,improve
9291,2,1482.4,2,1482.0,swap,improve
9292,2,1482.4,2,1482.0,swap,notBad
9293,2,1482.4,2,1482.0,move,improve
9294,2,1482.4,2,1482.0,move,improve
9295,2,1482.4,2,1482.0,swap,improve
9296,2,1482.4,2,1482.0,move,improve
9297,2,1482.4,2,1482.0,2opt,notBad
9298,2,1482.4,2,1482.0,2opt,notBad
9299,2,1482.4,2,1482.0,2opt,notBad
9300,2,1482.4,2,1482.0,move,improve
9301,2,1482.4,2,1482.0,move,improve
9302,2,1482.4,2,1482.0,2opt,notBad
9303,2,1482.4,2,1482.0,move,improve
9304,2,1482.4,2,1482.0,2opt,notBad
9305,2,1482.4,2,1482.0,move,improve
9306,2,1482.4,2,1482.0,swap,notBad
9307,2,1482.4,2,1482.0,swap,improve
9308,2,1482.4,2,1482.0,swap,notBad
9309,2,1482.4,2,1482.0,move,improve
9310,2,1482.4,2,1482.0,2opt,notBad
9311,2,1482.4,2,1482.0,2opt,notBad
9312,2,1482.4,2,1482.0,2opt,notBad
9313,2,1482.4,2,1482.0,swap,improve
9314,2,1482.4,2,1482.0,2opt,notBad
9315,2,1482.4,2,1482.0,2opt,notBad
9316,2,1482.4,2,1482.0,2opt,notBad
9317,2,1482.4,2,1482.0,2opt,notBad
9318,2,1482.4,2,1482.0,swap,improve
9319,2,1482.4,2,1482.0,move,improve
9320,2,1482.4,2,1482.0,2opt,notBad
9321,2,1482.4,2,1482.0,move,improve
9322,2,1482.4,2,1482.0,swap,notBad
9323,2,1482.4,2,1482.0,move,improve
9324,2,1482.4,2,1482.0,swap,notBad
9325,2,1482.4,2,1482.0,move,improve
9326,2,1482.4,2,1482.0,2opt,improve
9327,2,1482.4,2,1482.0,2opt,notBad
9328,2,1482.4,2,1482.0,2opt,notBad
9329,2,1482.4,2,1482.0,move,improve
9330,2,1482.4,2,1482.0,2opt,notBad
9331,2,1482.4,2,1482.0,2opt,notBad
9332,2,1482.4,2,1482.0,2opt,notBad
9333,2,1482.4,2,1482.0,2opt,notBad
9334,2,1482.4,2,1482.0,move,improve
9335,2,1482.4,2,1482.0,2opt,notBad
9336,2,1482.4,2,1482.0,swap,improve
9337,2,1482.4,2,1482.0,2opt,notBad
9338,2,1482.4,2,1482.0,2opt,notBad
9339,2,1482.4,2,1482.0,2opt,notBad
9340,2,1482.4,2,1482.0,move,improve
9341,2,1482.4,2,1482.0,swap,improve
9342,2,1482.4,2,1482.0,swap,notBad
9343,2,1482.4,2,1482.0,swap,improve
9344,2,1482.4,2,1482.0,2opt,notBad
9345,2,1482.4,2,1482.0,move,improve
9346,2,1482.4,2,1482.0,swap,notBad
9347,2,1482.4,2,1482.0,move,improve
9348,2,1482.4,2,1482.0,move,improve
9349,2,1482.4,2,1482.0,move,improve
9350,2,1482.4,2,1482.0,2opt,notBad
9351,2,1482.4,2,1482.0,move,improve
9352,2,1482.4,2,1482.0,move,improve
9353,2,1482.4,2,1482.0,swap,notBad
9354,2,1482.4,2,1482.0,swap,improve
9355,2,1482.4,2,1482.0,2opt,notBad
9356,2,1482.4,2,1482.0,2opt,notBad
9357,2,1482.4,2,1482.0,2opt,notBad
9358,2,1482.4,2,1482.0,2opt,notBad
9359,2,1482.4,2,1482.0,2opt,notBad
9360,2,1482.4,2,1482.0,swap,improve
9361,2,1482.4,2,1482.0,move,improve
9362,2,1482.4,2,1482.0,swap,notBad
9363,2,1482.4,2,1482.0,move,improve
9364,2,1482.4,2,1482.0,move,improve
9365,2,1482.4,2,1482.0,move,improve
9366,2,1482.4,2,1482.0,swap,improve
9367,2,1482.4,2,1482.0,swap,notBad
9368,2,1482.4,2,1482.0,move,improve
9369,2,1482.4,2,1482.0,2opt,notBad
9370,2,1482.4,2,1482.0,swap,improve
9371,2,1482.4,2,1482.0,2opt,notBad
9372,2,1482.4,2,1482.0,swap,improve
9373,2,1482.4,2,1482.0,move,improve
9374,2,1482.4,2,1482.0,2opt,improve
9375,2,1482.4,2,1482.0,move,improve
9376,2,1482.4,2,1482.0,move,improve
9377,2,1482.3000000000002,2,1482.0,move,improve
9378,2,1482.3000000000002,2,1482.0,2opt,notBad
9379,2,1482.3000000000002,2,1482.0,swap,improve
9380,2,1482.3000000000002,2,1482.0,2opt,notBad
9381,2,1482.3000000000002,2,1482.0,2opt,notBad
9382,2,1482.3000000000002,2,1482.0,swap,improve
9383,2,1482.3000000000002,2,1482.0,move,improve
9384,2,1482.3000000000002,2,1482.0,swap,improve
9385,2,1482.3000000000002,2,1482.0,2opt,notBad
9386,2,1482.3000000000002,2,1482.0,swap,improve
9387,2,1482.3000000000002,2,1482.0,swap,improve
9388,2,1482.3000000000002,2,1482.0,move,improve
9389,2,1482.3000000000002,2,1482.0,move,improve
9390,2,1482.3000000000002,2,1482.0,move,improve
9391,2,1483.9,2,1482.0,swap,acceptBad
9392,2,1483.9,2,1482.0,2opt,notBad
9393,2,1483.9,2,1482.0,move,improve
9394,2,1483.9,2,1482.0,move,improve
9395,2,1483.9,2,1482.0,swap,notBad
9396,2,1483.9,2,1482.0,2opt,notBad
9397,2,1483.9,2,1482.0,2opt,improve
9398,2,1483.9,2,1482.0,move,improve
9399,2,1483.9,2,1482.0,2opt,notBad
9400,2,1482.3000000000002,2,1482.0,swap,improve
9401,2,1482.3000000000002,2,1482.0,move,improve
9402,2,1482.3000000000002,2,1482.0,swap,notBad
9403,2,1482.3000000000002,2,1482.0,swap,improve
9404,2,1482.3000000000002,2,1482.0,move,improve
9405,2,1482.3000000000002,2,1482.0,swap,improve
9406,2,1482.3000000000002,2,1482.0,2opt,improve
9407,2,1482.3000000000002,2,1482.0,move,improve
9408,2,1482.3000000000002,2,1482.0,move,improve
9409,2,1482.3000000000002,2,1482.0,2opt,improve
9410,2,1482.3000000000002,2,1482.0,swap,improve
9411,2,1482.3000000000002,2,1482.0,swap,improve
9412,2,1482.3000000000002,2,1482.0,2opt,notBad
9413,2,1482.3000000000002,2,1482.0,move,improve
9414,2,1482.3000000000002,2,1482.0,swap,notBad
9415,2,1482.3000000000002,2,1482.0,swap,improve
9416,2,1482.3000000000002,2,1482.0,move,improve
9417,2,1482.3000000000002,2,1482.0,swap,notBad
9418,2,1482.3000000000002,2,1482.0,2opt,notBad
9419,2,1482.3000000000002,2,1482.0,move,improve
9420,2,1482.3000000000002,2,1482.0,2opt,notBad
9421,2,1482.3000000000002,2,1482.0,2opt,notBad
9422,2,1482.3000000000002,2,1482.0,move,improve
9423,2,1482.3000000000002,2,1482.0,2opt,notBad
9424,2,1482.3000000000002,2,1482.0,swap,notBad
9425,2,1482.3000000000002,2,1482.0,move,improve
9426,2,1482.3000000000002,2,1482.0,move,improve
9427,2,1482.3000000000002,2,1482.0,2opt,notBad
9428,2,1482.3000000000002,2,1482.0,move,improve
9429,2,1482.3000000000002,2,1482.0,swap,notBad
9430,2,1482.3000000000002,2,1482.0,move,improve
9431,2,1482.3000000000002,2,1482.0,2opt,notBad
9432,2,1482.3000000000002,2,1482.0,2opt,notBad
9433,2,1482.3000000000002,2,1482.0,move,improve
9434,2,1482.3000000000002,2,1482.0,2opt,notBad
9435,2,1482.3000000000002,2,1482.0,move,improve
9436,2,1482.3000000000002,2,1482.0,swap,improve
9437,2,1482.3000000000002,2,1482.0,2opt,notBad
9438,2,1482.3000000000002,2,1482.0,swap,notBad
9439,2,1482.3000000000002,2,1482.0,swap,notBad
9440,2,1482.3000000000002,2,1482.0,swap,notBad
9441,2,1482.3000000000002,2,1482.0,swap,improve
9442,2,1482.3000000000002,2,1482.0,2opt,notBad
9443,2,1482.3000000000002,2,1482.0,move,improve
9444,2,1482.3000000000002,2,1482.0,2opt,notBad
9445,2,1482.3000000000002,2,1482.0,2opt,notBad
9446,2,1482.3000000000002,2,1482.0,move,improve
9447,2,1482.3000000000002,2,1482.0,move,improve
9448,2,1482.3000000000002,2,1482.0,move,improve
9449,2,1482.3000000000002,2,1482.0,2opt,notBad
9450,2,1482.3000000000002,2,1482.0,2opt,notBad
9451,2,1482.3000000000002,2,1482.0,2opt,notBad
9452,2,1482.3000000000002,2,1482.0,2opt,notBad
9453,2,1482.3000000000002,2,1482.0,move,improve
9454,2,1482.3000000000002,2,1482.0,move,improve
9455,2,1482.3000000000002,2,1482.0,2opt,notBad
9456,2,1482.3000000000002,2,1482.0,2opt,notBad
9457,2,1482.3000000000002,2,1482.0,move,improve
9458,2,1482.3000000000002,2,1482.0,2opt,notBad
9459,2,1482.3000000000002,2,1482.0,2opt,notBad
9460,2,1482.3000000000002,2,1482.0,swap,notBad
9461,2,1482.3000000000002,2,1482.0,2opt,notBad
9462,2,1482.3000000000002,2,1482.0,swap,notBad
9463,2,1482.3000000000002,2,1482.0,swap,improve
9464,2,1482.3000000000002,2,1482.0,swap,notBad
9465,2,1482.3000000000002,2,1482.0,swap,notBad
9466,2,1482.3000000000002,2,1482.0,swap,improve
9467,2,1482.3000000000002,2,1482.0,swap,notBad
9468,2,1482.3000000000002,2,1482.0,2opt,notBad
9469,2,1482.3000000000002,2,1482.0,move,improve
9470,2,1482.3000000000002,2,1482.0,swap,notBad
9471,2,1482.3000000000002,2,1482.0,2opt,notBad
9472,2,1482.3000000000002,2,1482.0,move,improve
9473,2,1482.3000000000002,2,1482.0,2opt,improve
9474,2,1482.3000000000002,2,1482.0,move,improve
9475,2,1482.3000000000002,2,1482.0,2opt,notBad
9476,2,1482.3000000000002,2,1482.0,swap,notBad
9477,2,1482.3000000000002,2,1482.0,2opt,notBad
9478,2,1482.3000000000002,2,1482.0,move,improve
9479,2,1482.3000000000002,2,1482.0,2opt,notBad
9480,2,1482.3000000000002,2,1482.0,move,improve
9481,2,1482.3000000000002,2,1482.0,move,improve
9482,2,1482.3000000000002,2,1482.0,2opt,notBad
9483,2,1482.3000000000002,2,1482.0,move,improve
9484,2,1482.3000000000002,2,1482.0,swap,improve
9485,2,1482.3000000000002,2,1482.0,swap,improve
9486,2,1482.3000000000002,2,1482.0,move,improve
9487,2,1482.3000000000002,2,1482.0,swap,improve
9488,2,1482.3000000000002,2,1482.0,swap,notBad
9489,2,1482.3000000000002,2,1482.0,2opt,notBad
9490,2,1482.3000000000002,2,1482.0,swap,improve
9491,2,1482.3000000000002,2,1482.0,swap,notBad
9492,2,1482.3000000000002,2,1482.0,move,improve
9493,2,1482.3000000000002,2,1482.0,2opt,notBad
9494,2,1482.3000000000002,2,1482.0,move,improve
9495,2,1482.3000000000002,2,1482.0,move,improve
9496,2,1482.3000000000002,2,1482.0,move,improve
9497,2,1482.3000000000002,2,1482.0,move,improve
9498,2,1482.3000000000002,2,1482.0,move,improve
9499,2,1482.3000000000002,2,1482.0,move,improve
9500,2,1482.3000000000002,2,1482.0,move,improve
9501,2,1482.3000000000002,2,1482.0,swap,improve
9502,2,1482.3000000000002,2,1482.0,swap,improve
9503,2,1482.3000000000002,2,1482.0,move,improve
9504,2,1482.3000000000002,2,1482.0,move,improve
9505,2,1482.3000000000002,2,1482.0,swap,improve
9506,2,1482.3000000000002,2,1482.0,2opt,notBad
9507,2,1482.3000000000002,2,1482.0,swap,improve
9508,2,1482.3000000000002,2,1482.0,move,improve
9509,2,1482.3000000000002,2,1482.0,2opt,notBad
9510,2,1482.3000000000002,2,1482.0,move,improve
9511,2,1482.3000000000002,2,1482.0,2opt,notBad
9512,2,1482.3000000000002,2,1482.0,swap,notBad
9513,2,1482.3000000000002,2,1482.0,swap,notBad
9514,2,1482.3000000000002,2,1482.0,swap,notBad
9515,2,1482.3000000000002,2,1482.0,swap,improve
9516,2,1482.3000000000002,2,1482.0,swap,improve
9517,2,1482.3000000000002,2,1482.0,2opt,notBad
9518,2,1482.3000000000002,2,1482.0,2opt,notBad
9519,2,1482.3000000000002,2,1482.0,move,improve
9520,2,1482.3000000000002,2,1482.0,move,improve
9521,2,1482.3000000000002,2,1482.0,swap,improve
9522,2,1482.3000000000002,2,1482.0,swap,improve
9523,2,1482.3000000000002,2,1482.0,2opt,notBad
9524,2,1482.3000000000002,2,1482.0,2opt,notBad
9525,2,1482.3000000000002,2,1482.0,swap,notBad
9526,2,1482.3000000000002,2,1482.0,move,improve
9527,2,1482.3000000000002,2,1482.0,move,improve
9528,2,1482.3000000000002,2,1482.0,move,improve
9529,2,1482.3000000000002,2,1482.0,2opt,notBad
9530,2,1482.3000000000002,2,1482.0,move,improve
9531,2,1482.3000000000002,2,1482.0,2opt,notBad
9532,2,1482.3000000000002,2,1482.0,2opt,notBad
9533,2,1482.3000000000002,2,1482.0,2opt,notBad
9534,2,1482.3000000000002,2,1482.0,move,improve
9535,2,1482.3000000000002,2,1482.0,move,improve
9536,2,1482.3000000000002,2,1482.0,swap,improve
9537,2,1482.3000000000002,2,1482.0,swap,notBad
9538,2,1482.3000000000002,2,1482.0,swap,improve
9539,2,1482.3000000000002,2,1482.0,move,improve
9540,2,1482.3000000000002,2,1482.0,2opt,notBad
9541,2,1482.3000000000002,2,1482.0,2opt,notBad
9542,2,1482.3000000000002,2,1482.0,swap,improve
9543,2,1482.3000000000002,2,1482.0,2opt,notBad
9544,2,1482.3000000000002,2,1482.0,swap,notBad
9545,2,1482.3000000000002,2,1482.0,2opt,notBad
9546,2,1482.3000000000002,2,1482.0,move,improve
9547,2,1482.3000000000002,2,1482.0,swap,improve
9548,2,1482.3000000000002,2,1482.0,swap,notBad
9549,2,1482.3000000000002,2,1482.0,2opt,notBad
9550,2,1482.3000000000002,2,1482.0,2opt,notBad
9551,2,1482.3000000000002,2,1482.0,swap,improve
9552,2,1482.3000000000002,2,1482.0,2opt,notBad
9553,2,1482.4,2,1482.0,swap,acceptBad
9554,2,1482.4,2,1482.0,2opt,notBad
9555,2,1482.4,2,1482.0,2opt,notBad
9556,2,1482.4,2,1482.0,move,improve
9557,2,1482.4,2,1482.0,swap,improve
9558,2,1482.4,2,1482.0,move,improve
9559,2,1482.4,2,1482.0,move,improve
9560,2,1482.4,2,1482.0,move,improve
9561,2,1482.4,2,1482.0,move,improve
9562,2,1482.4,2,1482.0,swap,notBad
9563,2,1482.4,2,1482.0,move,improve
9564,2,1482.4,2,1482.0,2opt,notBad
9565,2,1482.4,2,1482.0,2opt,notBad
9566,2,1482.4,2,1482.0,2opt,notBad
9567,2,1482.4,2,1482.0,swap,notBad
9568,2,1482.4,2,1482.0,2opt,notBad
9569,2,1482.4,2,1482.0,move,improve
9570,2,1482.4,2,1482.0,2opt,notBad
9571,2,1482.4,2,1482.0,2opt,notBad
9572,2,1482.4,2,1482.0,2opt,notBad
9573,2,1482.4,2,1482.0,move,improve
9574,2,1482.4,2,1482.0,swap,notBad
9575,2,1482.4,2,1482.0,swap,notBad
9576,2,1482.4,2,1482.0,2opt,improve
9577,2,1482.4,2,1482.0,swap,improve
9578,2,1482.4,2,1482.0,move,improve
9579,2,1482.4,2,1482.0,2opt,notBad
9580,2,1482.4,2,1482.0,swap,improve
9581,2,1482.4,2,1482.0,swap,improve
9582,2,1482.4,2,1482.0,move,improve
9583,2,1482.4,2,1482.0,2opt,notBad
9584,2,1482.4,2,1482.0,2opt,notBad
9585,2,1482.4,2,1482.0,move,improve
9586,2,1482.4,2,1482.0,swap,improve
9587,2,1482.1,2,1482.0,swap,improve
9588,2,1482.1,2,1482.0,swap,improve
9589,2,1482.1,2,1482.0,swap,improve
9590,2,1482.1,2,1482.0,2opt,notBad
9591,2,1482.1,2,1482.0,move,improve
9592,2,1482.1,2,1482.0,move,improve
9593,2,1482.1,2,1482.0,move,improve
9594,2,1482.1,2,1482.0,swap,improve
9595,2,1482.1,2,1482.0,2opt,notBad
9596,2,1482.1,2,1482.0,2opt,notBad
9597,2,1482.1,2,1482.0,move,improve
9598,2,1482.1,2,1482.0,move,improve
9599,2,1482.1,2,1482.0,2opt,notBad
9600,2,1482.1,2,1482.0,swap,improve
9601,2,1482.1,2,1482.0,swap,improve
9602,2,1482.1,2,1482.0,move,improve
9603,2,1482.1,2,1482.0,swap,improve
9604,2,1482.1,2,1482.0,move,improve
9605,2,1482.1,2,1482.0,move,improve
9606,2,1482.1,2,1482.0,swap,improve
9607,2,1482.1,2,1482.0,2opt,notBad
9608,2,1482.1,2,1482.0,move,improve
9609,2,1482.1,2,1482.0,2opt,notBad
9610,2,1482.1,2,1482.0,move,improve
9611,2,1482.1,2,1482.0,swap,notBad
9612,2,1482.1,2,1482.0,2opt,notBad
9613,2,1482.1,2,1482.0,move,improve
9614,2,1482.1,2,1482.0,2opt,notBad
9615,2,1482.1,2,1482.0,move,improve
9616,2,1482.1,2,1482.0,swap,notBad
9617,2,1482.1,2,1482.0,swap,notBad
9618,2,1482.1,2,1482.0,2opt,notBad
9619,2,1482.1,2,1482.0,move,improve
9620,2,1482.1,2,1482.0,swap,improve
9621,2,1482.1,2,1482.0,swap,improve
9622,2,1482.1,2,1482.0,swap,improve
9623,2,1482.1,2,1482.0,swap,notBad
9624,2,1482.1,2,1482.0,move,improve
9625,2,1482.1,2,1482.0,2opt,notBad
9626,2,1482.1,2,1482.0,2opt,notBad
9627,2,1482.1,2,1482.0,swap,improve
9628,2,1482.1,2,1482.0,swap,improve
9629,2,1482.1,2,1482.0,swap,improve
9630,2,1482.1,2,1482.0,move,improve
9631,2,1482.1,2,1482.0,move,improve
9632,2,1482.1,2,1482.0,move,improve
9633,2,1482.1,2,1482.0,swap,notBad
9634,2,1482.1,2,1482.0,2opt,notBad
9635,2,1482.1,2,1482.0,swap,improve
9636,2,1482.1,2,1482.0,move,improve
9637,2,1482.1,2,1482.0,swap,improve
9638,2,1482.1,2,1482.0,swap,improve
9639,2,1482.1,2,1482.0,2opt,notBad
9640,2,1482.1,2,1482.0,move,improve
9641,2,1482.1,2,1482.0,2opt,notBad
9642,2,1482.0,2,1482.0,move,improve
9643,2,1482.0,2,1482.0,move,improve
9644,2,1482.0,2,1482.0,swap,improve
9645,2,1482.0,2,1482.0,move,improve
9646,2,1482.0,2,1482.0,swap,notBad
9647,2,1482.0,2,1482.0,2opt,notBad
9648,2,1482.0,2,1482.0,move,improve
9649,2,1482.0,2,1482.0,2opt,notBad
9650,2,1482.0,2,1482.0,swap,notBad
9651,2,1482.0,2,1482.0,2opt,notBad
9652,2,1482.0,2,1482.0,2opt,notBad
9653,2,1482.0,2,1482.0,2opt,notBad
9654,2,1482.0,2,1482.0,move,improve
9655,2,1482.0,2,1482.0,move,improve
9656,2,1482.0,2,1482.0,2opt,notBad
9657,2,1482.0,2,1482.0,move,improve
9658,2,1482.0,2,1482.0,swap,improve
9659,2,1482.0,2,1482.0,move,improve
9660,2,1482.0,2,1482.0,2opt,notBad
9661,2,1482.0,2,1482.0,2opt,notBad
9662,2,1482.0,2,1482.0,move,improve
9663,2,1482.0,2,1482.0,2opt,notBad
9664,2,1482.0,2,1482.0,2opt,improve
9665,2,1482.0,2,1482.0,move,improve
9666,2,1482.0,2,1482.0,swap,improve
9667,2,1482.0,2,1482.0,move,improve
9668,2,1482.0,2,1482.0,swap,improve
9669,2,1482.0,2,1482.0,move,improve
9670,2,1482.0,2,1482.0,swap,notBad
9671,2,1482.0,2,1482.0,swap,improve
9672,2,1482.0,2,1482.0,swap,notBad
9673,2,1482.0,2,1482.0,swap,improve
9674,2,1482.0,2,1482.0,2opt,notBad
9675,2,1482.0,2,1482.0,move,improve
9676,2,1482.0,2,1482.0,2opt,notBad
9677,2,1482.0,2,1482.0,swap,improve
9678,2,1482.0,2,1482.0,move,improve
9679,2,1482.0,2,1482.0,swap,improve
9680,2,1482.0,2,1482.0,move,improve
9681,2,1482.0,2,1482.0,move,improve
9682,2,1482.0,2,1482.0,move,improve
9683,2,1482.0,2,1482.0,swap,notBad
9684,2,1482.0,2,1482.0,swap,notBad
9685,2,1482.0,2,1482.0,swap,improve
9686,2,1482.0,2,1482.0,swap,notBad
9687,2,1482.0,2,1482.0,swap,improve
9688,2,1482.0,2,1482.0,move,improve
9689,2,1482.0,2,1482.0,swap,notBad
9690,2,1482.0,2,1482.0,swap,improve
9691,2,1482.0,2,1482.0,2opt,notBad
9692,2,1482.0,2,1482.0,2opt,notBad
9693,2,1482.0,2,1482.0,move,improve
9694,2,1482.0,2,1482.0,swap,improve
9695,2,1482.3000000000002,2,1482.0,swap,acceptBad
9696,2,1482.3000000000002,2,1482.0,swap,improve
9697,2,1482.3000000000002,2,1482.0,swap,improve
9698,2,1482.3000000000002,2,1482.0,move,improve
9699,2,1482.3000000000002,2,1482.0,move,improve
9700,2,1482.3000000000002,2,1482.0,move,improve
9701,2,1482.3000000000002,2,1482.0,swap,notBad
9702,2,1482.3000000000002,2,1482.0,2opt,notBad
9703,2,1482.3000000000002,2,1482.0,swap,notBad
9704,2,1482.3000000000002,2,1482.0,move,improve
9705,2,1482.3000000000002,2,1482.0,move,improve
9706,2,1482.3000000000002,2,1482.0,2opt,notBad
9707,2,1482.3000000000002,2,1482.0,2opt,notBad
9708,2,1482.3000000000002,2,1482.0,swap,notBad
9709,2,1482.3000000000002,2,1482.0,swap,improve
9710,2,1482.3000000000002,2,1482.0,move,improve
9711,2,1482.3000000000002,2,1482.0,2opt,notBad
9712,2,1482.4,2,1482.0,swap,acceptBad
9713,2,1482.4,2,1482.0,swap,improve
9714,2,1482.4,2,1482.0,2opt,notBad
9715,2,1482.4,2,1482.0,swap,notBad
9716,2,1482.4,2,1482.0,2opt,notBad
9717,2,1482.4,2,1482.0,2opt,notBad
9718,2,1482.4,2,1482.0,move,improve
9719,2,1482.4,2,1482.0,swap,improve
9720,2,1482.4,2,1482.0,swap,improve
9721,2,1482.4,2,1482.0,move,improve
9722,2,1482.4,2,1482.0,move,improve
9723,2,1482.4,2,1482.0,swap,notBad
9724,2,1482.4,2,1482.0,2opt,notBad
9725,2,1482.4,2,1482.0,move,improve
9726,2,1482.4,2,1482.0,2opt,notBad
9727,2,1482.4,2,1482.0,2opt,notBad
9728,2,1482.4,2,1482.0,swap,notBad
9729,2,1482.4,2,1482.0,2opt,notBad
9730,2,1482.4,2,1482.0,2opt,notBad
9731,2,1482.4,2,1482.0,move,improve
9732,2,1482.4,2,1482.0,move,improve
9733,2,1482.4,2,1482.0,swap,notBad
9734,2,1482.4,2,1482.0,swap,improve
9735,2,1482.4,2,1482.0,move,improve
9736,2,1482.4,2,1482.0,move,improve
9737,2,1482.4,2,1482.0,swap,improve
9738,2,1482.4,2,1482.0,move,improve
9739,2,1482.4,2,1482.0,swap,improve
9740,2,1482.4,2,1482.0,move,improve
9741,2,1482.4,2,1482.0,swap,improve
9742,2,1482.4,2,1482.0,swap,improve
9743,2,1482.4,2,1482.0,move,improve
9744,2,1482.4,2,1482.0,move,improve
9745,2,1482.4,2,1482.0,move,improve
9746,2,1482.4,2,1482.0,move,improve
9747,2,1482.4,2,1482.0,move,improve
9748,2,1482.4,2,1482.0,swap,improve
9749,2,1482.4,2,1482.0,swap,notBad
9750,2,1482.4,2,1482.0,move,improve
9751,2,1482.4,2,1482.0,swap,improve
9752,2,1482.4,2,1482.0,swap,improve
9753,2,1482.4,2,1482.0,move,improve
9754,2,1482.4,2,1482.0,2opt,improve
9755,2,1482.4,2,1482.0,swap,improve
9756,2,1482.4,2,1482.0,2opt,notBad
9757,2,1482.4,2,1482.0,2opt,notBad
9758,2,1482.4,2,1482.0,2opt,notBad
9759,2,1482.4,2,1482.0,swap,improve
9760,2,1482.4,2,1482.0,2opt,notBad
9761,2,1482.4,2,1482.0,move,improve
9762,2,1482.4,2,1482.0,move,improve
9763,2,1482.4,2,1482.0,move,improve
9764,2,1482.4,2,1482.0,2opt,notBad
9765,2,1482.4,2,1482.0,swap,notBad
9766,2,1482.4,2,1482.0,2opt,notBad
9767,2,1482.4,2,1482.0,swap,notBad
9768,2,1482.4,2,1482.0,swap,improve
9769,2,1482.4,2,1482.0,move,improve
9770,2,1482.4,2,1482.0,move,improve
9771,2,1482.4,2,1482.0,swap,notBad
9772,2,1482.4,2,1482.0,move,improve
9773,2,1482.4,2,1482.0,move,improve
9774,2,1482.4,2,1482.0,move,improve
9775,2,1482.4,2,1482.0,move,improve
9776,2,1482.4,2,1482.0,2opt,notBad
9777,2,1482.4,2,1482.0,move,improve
9778,2,1482.4,2,1482.0,2opt,notBad
9779,2,1482.4,2,1482.0,swap,improve
9780,2,1482.4,2,1482.0,swap,improve
9781,2,1482.4,2,1482.0,swap,improve
9782,2,1482.4,2,1482.0,2opt,notBad
9783,2,1482.4,2,1482.0,2opt,notBad
9784,2,1482.4,2,1482.0,swap,notBad
9785,2,1482.4,2,1482.0,2opt,notBad
9786,2,1482.4,2,1482.0,2opt,notBad
9787,2,1482.4,2,1482.0,swap,notBad
9788,2,1482.4,2,1482.0,move,improve
9789,2,1482.4,2,1482.0,swap,notBad
9790,2,1482.4,2,1482.0,move,improve
9791,2,1482.4,2,1482.0,move,improve
9792,2,1482.4,2,1482.0,2opt,notBad
9793,2,1482.4,2,1482.0,2opt,notBad
9794,2,1482.4,2,1482.0,swap,notBad
9795,2,1482.4,2,1482.0,move,improve
9796,2,1482.4,2,1482.0,2opt,notBad
9797,2,1482.4,2,1482.0,swap,improve
9798,2,1482.4,2,1482.0,move,improve
9799,2,1482.4,2,1482.0,2opt,notBad
9800,2,1482.4,2,1482.0,swap,improve
9801,2,1482.4,2,1482.0,2opt,notBad
9802,2,1482.4,2,1482.0,swap,notBad
9803,2,1482.4,2,1482.0,move,improve
9804,2,1482.4,2,1482.0,2opt,notBad
9805,2,1482.4,2,1482.0,2opt,notBad
9806,2,1482.4,2,1482.0,2opt,notBad
9807,2,1482.4,2,1482.0,swap,notBad
9808,2,1482.4,2,1482.0,2opt,notBad
9809,2,1482.4,2,1482.0,move,improve
9810,2,1482.4,2,1482.0,swap,notBad
9811,2,1482.4,2,1482.0,swap,notBad
9812,2,1482.4,2,1482.0,move,improve
9813,2,1482.4,2,1482.0,2opt,notBad
9814,2,1482.4,2,1482.0,swap,improve
9815,2,1482.4,2,1482.0,move,improve
9816,2,1482.4,2,1482.0,swap,notBad
9817,2,1482.4,2,1482.0,2opt,notBad
9818,2,1482.4,2,1482.0,2opt,notBad
9819,2,1482.4,2,1482.0,move,improve
9820,2,1482.4,2,1482.0,2opt,notBad
9821,2,1482.4,2,1482.0,move,improve
9822,2,1482.4,2,1482.0,move,improve
9823,2,1482.4,2,1482.0,swap,improve
9824,2,1482.4,2,1482.0,move,improve
9825,2,1482.4,2,1482.0,2opt,notBad
9826,2,1482.4,2,1482.0,2opt,notBad
9827,2,1482.4,2,1482.0,move,improve
9828,2,1482.4,2,1482.0,move,improve
9829,2,1482.4,2,1482.0,move,improve
9830,2,1482.4,2,1482.0,2opt,notBad
9831,2,1482.4,2,1482.0,swap,notBad
9832,2,1482.4,2,1482.0,2opt,notBad
9833,2,1482.4,2,1482.0,2opt,improve
9834,2,1482.4,2,1482.0,swap,notBad
9835,2,1482.4,2,1482.0,move,improve
9836,2,1482.4,2,1482.0,move,improve
9837,2,1482.4,2,1482.0,2opt,notBad
9838,2,1482.4,2,1482.0,2opt,notBad
9839,2,1482.4,2,1482.0,2opt,notBad
9840,2,1482.4,2,1482.0,2opt,improve
9841,2,1482.4,2,1482.0,2opt,notBad
9842,2,1482.4,2,1482.0,2opt,notBad
9843,2,1482.4,2,1482.0,swap,improve
9844,2,1482.4,2,1482.0,move,improve
9845,2,1482.4,2,1482.0,2opt,notBad
9846,2,1482.4,2,1482.0,move,improve
9847,2,1482.4,2,1482.0,2opt,notBad
9848,2,1482.4,2,1482.0,2opt,notBad
9849,2,1482.4,2,1482.0,swap,improve
9850,2,1482.4,2,1482.0,swap,notBad
9851,2,1482.4,2,1482.0,move,improve
9852,2,1482.4,2,1482.0,2opt,improve
9853,2,1482.4,2,1482.0,swap,notBad
9854,2,1482.4,2,1482.0,swap,improve
9855,2,1482.4,2,1482.0,move,improve
9856,2,1482.4,2,1482.0,move,improve
9857,2,1482.4,2,1482.0,2opt,notBad
9858,2,1482.4,2,1482.0,swap,notBad
9859,2,1482.4,2,1482.0,swap,notBad
9860,2,1482.4,2,1482.0,swap,notBad
9861,2,1482.4,2,1482.0,2opt,improve
9862,2,1482.4,2,1482.0,move,improve
9863,2,1482.4,2,1482.0,2opt,notBad
9864,2,1482.4,2,1482.0,swap,improve
9865,2,1482.4,2,1482.0,move,improve
9866,2,1482.4,2,1482.0,2opt,notBad
9867,2,1482.4,2,1482.0,move,improve
9868,2,1482.4,2,1482.0,move,improve
9869,2,1482.4,2,1482.0,move,improve
9870,2,1482.4,2,1482.0,move,improve
9871,2,1482.4,2,1482.0,swap,notBad
9872,2,1482.4,2,1482.0,move,improve
9873,2,1482.4,2,1482.0,swap,notBad
9874,2,1482.4,2,1482.0,2opt,notBad
9875,2,1482.4,2,1482.0,swap,notBad
9876,2,1482.4,2,1482.0,2opt,notBad
9877,2,1482.4,2,1482.0,swap,notBad
9878,2,1482.4,2,1482.0,2opt,notBad
9879,2,1482.4,2,1482.0,move,improve
9880,2,1482.4,2,1482.0,2opt,notBad
9881,2,1482.4,2,1482.0,2opt,notBad
9882,2,1482.4,2,1482.0,swap,notBad
9883,2,1482.4,2,1482.0,move,improve
9884,2,1482.4,2,1482.0,2opt,improve
9885,2,1482.4,2,1482.0,move,improve
9886,2,1482.4,2,1482.0,2opt,notBad
9887,2,1482.4,2,1482.0,2opt,notBad
9888,2,1482.4,2,1482.0,move,improve
9889,2,1482.4,2,1482.0,move,improve
9890,2,1482.4,2,1482.0,move,improve
9891,2,1482.4,2,1482.0,2opt,notBad
9892,2,1482.4,2,1482.0,move,improve
9893,2,1482.4,2,1482.0,2opt,notBad
9894,2,1482.4,2,1482.0,move,improve
9895,2,1482.4,2,1482.0,2opt,notBad
9896,2,1482.4,2,1482.0,move,improve
9897,2,1482.4,2,1482.0,2opt,improve
9898,2,1482.4,2,1482.0,2opt,notBad
9899,2,1482.4,2,1482.0,2opt,notBad
9900,2,1482.4,2,1482.0,swap,improve
9901,2,1482.4,2,1482.0,swap,improve
9902,2,1482.4,2,1482.0,swap,notBad
9903,2,1482.4,2,1482.0,2opt,notBad
9904,2,1482.4,2,1482.0,move,improve
9905,2,1482.4,2,1482.0,swap,improve
9906,2,1482.4,2,1482.0,swap,notBad
9907,2,1482.4,2,1482.0,2opt,notBad
9908,2,1482.4,2,1482.0,move,improve
9909,2,1482.4,2,1482.0,2opt,notBad
9910,2,1482.4,2,1482.0,move,improve
9911,2,1482.4,2,1482.0,move,improve
9912,2,1482.4,2,1482.0,move,improve
9913,2,1482.4,2,1482.0,2opt,notBad
9914,2,1482.4,2,1482.0,move,improve
9915,2,1482.4,2,1482.0,swap,notBad
9916,2,1482.4,2,1482.0,2opt,notBad
9917,2,1482.4,2,1482.0,2opt,notBad
9918,2,1482.4,2,1482.0,2opt,notBad
9919,2,1482.4,2,1482.0,swap,notBad
9920,2,1482.4,2,1482.0,swap,notBad
9921,2,1482.4,2,1482.0,swap,notBad
9922,2,1482.4,2,1482.0,2opt,notBad
9923,2,1482.4,2,1482.0,move,improve
9924,2,1482.4,2,1482.0,move,improve
9925,2,1482.4,2,1482.0,move,improve
9926,2,1482.4,2,1482.0,2opt,notBad
9927,2,1482.4,2,1482.0,move,improve
9928,2,1482.4,2,1482.0,swap,improve
9929,2,1482.4,2,1482.0,swap,improve
9930,2,1482.4,2,1482.0,2opt,notBad
9931,2,1482.4,2,1482.0,2opt,notBad
9932,2,1482.4,2,1482.0,move,improve
9933,2,1482.4,2,1482.0,move,improve
9934,2,1482.4,2,1482.0,2opt,notBad
9935,2,1482.4,2,1482.0,2opt,notBad
9936,2,1482.4,2,1482.0,swap,notBad
9937,2,1482.4,2,1482.0,move,improve
9938,2,1482.4,2,1482.0,2opt,notBad
9939,2,1482.4,2,1482.0,swap,notBad
9940,2,1482.4,2,1482.0,swap,notBad
9941,2,1482.4,2,1482.0,2opt,notBad
9942,2,1482.4,2,1482.0,2opt,notBad
9943,2,1482.4,2,1482.0,2opt,notBad
9944,2,1482.4,2,1482.0,2opt,notBad
9945,2,1482.4,2,1482.0,swap,improve
9946,2,1482.4,2,1482.0,move,improve
9947,2,1482.4,2,1482.0,move,improve
9948,2,1482.4,2,1482.0,2opt,notBad
9949,2,1482.4,2,1482.0,2opt,notBad
9950,2,1482.4,2,1482.0,2opt,notBad
9951,2,1482.4,2,1482.0,move,improve
9952,2,1482.4,2,1482.0,swap,notBad
9953,2,1482.4,2,1482.0,swap,notBad
9954,2,1482.4,2,1482.0,move,improve
9955,2,1482.4,2,1482.0,swap,improve
9956,2,1482.4,2,1482.0,2opt,notBad
9957,2,1482.4,2,1482.0,2opt,notBad
9958,2,1482.4,2,1482.0,move,improve
9959,2,1482.4,2,1482.0,2opt,notBad
9960,2,1482.4,2,1482.0,swap,notBad
9961,2,1482.4,2,1482.0,swap,improve
9962,2,1482.4,2,1482.0,move,improve
9963,2,1482.4,2,1482.0,2opt,notBad
9964,2,1482.4,2,1482.0,2opt,notBad
9965,2,1482.4,2,1482.0,swap,improve
9966,2,1482.4,2,1482.0,move,improve
9967,2,1482.4,2,1482.0,move,improve
9968,2,1482.4,2,1482.0,move,improve
9969,2,1482.4,2,1482.0,swap,improve
9970,2,1482.4,2,1482.0,move,improve
9971,2,1482.4,2,1482.0,move,improve
9972,2,1482.4,2,1482.0,2opt,notBad
9973,2,1482.4,2,1482.0,swap,notBad
9974,2,1482.4,2,1482.0,swap,improve
9975,2,1482.4,2,1482.0,move,improve
9976,2,1482.4,2,1482.0,swap,improve
9977,2,1482.4,2,1482.0,swap,notBad
9978,2,1482.4,2,1482.0,2opt,notBad
9979,2,1482.4,2,1482.0,move,improve
9980,2,1482.4,2,1482.0,2opt,notBad
9981,2,1482.4,2,1482.0,2opt,notBad
9982,2,1482.4,2,1482.0,swap,improve
9983,2,1482.4,2,1482.0,2opt,notBad
9984,2,1482.4,2,1482.0,swap,improve
9985,2,1482.4,2,1482.0,swap,improve
9986,2,1482.4,2,1482.0,2opt,notBad
9987,2,1482.4,2,1482.0,move,improve
9988,2,1482.4,2,1482.0,swap,notBad
9989,2,1482.4,2,1482.0,move,improve
9990,2,1482.4,2,1482.0,2opt,notBad
9991,2,1482.4,2,1482.0,2opt,notBad
9992,2,1482.4,2,1482.0,move,improve
9993,2,1482.4,2,1482.0,move,improve
9994,2,1482.4,2,1482.0,move,improve
9995,2,1482.4,2,1482.0,swap,improve
9996,2,1482.4,2,1482.0,swap,improve
9997,2,1482.4,2,1482.0,move,improve
9998,2,1482.4,2,1482.0,move,improve
9999,2,1482.4,2,1482.0,swap,improve
10000,2,1482.4,2,1482.0,2opt,notBad
10001,2,1482.4,2,1482.0,2opt,notBad
10002,2,1482.4,2,1482.0,move,improve
10003,2,1482.4,2,1482.0,move,improve
10004,2,1482.4,2,1482.0,2opt,notBad
10005,2,1482.4,2,1482.0,move,improve
10006,2,1482.4,2,1482.0,swap,improve
10007,2,1482.4,2,1482.0,2opt,notBad
10008,2,1482.4,2,1482.0,move,improve
10009,2,1482.4,2,1482.0,2opt,notBad
10010,2,1482.4,2,1482.0,swap,improve
10011,2,1482.4,2,1482.0,swap,notBad
10012,2,1482.4,2,1482.0,move,improve
10013,2,1482.1,2,1482.0,swap,improve
10014,2,1482.1,2,1482.0,move,improve
10015,2,1482.1,2,1482.0,swap,improve
10016,2,1482.1,2,1482.0,2opt,notBad
10017,2,1482.1,2,1482.0,move,improve
10018,2,1482.1,2,1482.0,swap,improve
10019,2,1482.1,2,1482.0,swap,improve
10020,2,1482.1,2,1482.0,swap,notBad
10021,2,1482.1,2,1482.0,swap,improve
10022,2,1482.1,2,1482.0,move,improve
10023,2,1482.1,2,1482.0,2opt,notBad
10024,2,1482.1,2,1482.0,swap,improve
10025,2,1482.1,2,1482.0,2opt,notBad
10026,2,1482.1,2,1482.0,swap,notBad
10027,2,1482.1,2,1482.0,swap,improve
10028,2,1482.1,2,1482.0,move,improve
10029,2,1482.1,2,1482.0,swap,improve
10030,2,1482.1,2,1482.0,move,improve
10031,2,1482.1,2,1482.0,2opt,notBad
10032,2,1482.1,2,1482.0,swap,improve
10033,2,1482.1,2,1482.0,2opt,notBad
10034,2,1482.1,2,1482.0,move,improve
10035,2,1482.1,2,1482.0,swap,notBad
10036,2,1482.1,2,1482.0,swap,notBad
10037,2,1482.1,2,1482.0,2opt,notBad
10038,2,1482.1,2,1482.0,swap,improve
10039,2,1482.1,2,1482.0,2opt,notBad
10040,2,1482.1,2,1482.0,2opt,notBad
10041,2,1482.1,2,1482.0,swap,notBad
10042,2,1482.1,2,1482.0,move,improve
10043,2,1482.1,2,1482.0,swap,improve
10044,2,1482.1,2,1482.0,2opt,notBad
10045,2,1482.1,2,1482.0,move,improve
10046,2,1482.1,2,1482.0,swap,improve
10047,2,1482.1,2,1482.0,swap,improve
10048,2,1482.1,2,1482.0,2opt,notBad
10049,2,1482.1,2,1482.0,move,improve
10050,2,1482.1,2,1482.0,2opt,notBad
10051,2,1482.1,2,1482.0,2opt,notBad
10052,2,1482.1,2,1482.0,2opt,notBad
10053,2,1482.1,2,1482.0,2opt,notBad
10054,2,1482.1,2,1482.0,swap,improve
10055,2,1482.1,2,1482.0,swap,notBad
10056,2,1482.1,2,1482.0,2opt,notBad
10057,2,1482.1,2,1482.0,2opt,notBad
10058,2,1482.1,2,1482.0,move,improve
10059,2,1482.1,2,1482.0,swap,improve
10060,2,1482.1,2,1482.0,swap,improve
10061,2,1482.1,2,1482.0,move,improve
10062,2,1482.1,2,1482.0,2opt,notBad
10063,2,1482.1,2,1482.0,swap,notBad
10064,2,1482.1,2,1482.0,2opt,notBad
10065,2,1482.1,2,1482.0,2opt,notBad
10066,2,1482.1,2,1482.0,move,improve
10067,2,1482.1,2,1482.0,swap,improve
10068,2,1482.1,2,1482.0,2opt,notBad
10069,2,1482.1,2,1482.0,move,improve
10070,2,1482.1,2,1482.0,2opt,notBad
10071,2,1482.1,2,1482.0,swap,improve
10072,2,1482.1,2,1482.0,2opt,improve
10073,2,1482.1,2,1482.0,move,improve
10074,2,1482.1,2,1482.0,move,improve
10075,2,1482.1,2,1482.0,move,improve
10076,2,1482.1,2,1482.0,2opt,notBad
10077,2,1482.1,2,1482.0,move,improve
10078,2,1482.1,2,1482.0,move,improve
10079,2,1482.1,2,1482.0,move,improve
10080,2,1482.1,2,1482.0,swap,improve
10081,2,1482.1,2,1482.0,2opt,notBad
10082,2,1482.1,2,1482.0,2opt,notBad
10083,2,1482.1,2,1482.0,swap,improve
10084,2,1482.1,2,1482.0,2opt,notBad
10085,2,1482.1,2,1482.0,move,improve
10086,2,1482.1,2,1482.0,2opt,notBad
10087,2,1482.1,2,1482.0,2opt,notBad
10088,2,1482.1,2,1482.0,swap,notBad
10089,2,1482.1,2,1482.0,swap,improve
10090,2,1482.1,2,1482.0,move,improve
10091,2,1482.1,2,1482.0,2opt,notBad
10092,2,1482.1,2,1482.0,2opt,notBad
10093,2,1482.1,2,1482.0,2opt,notBad
10094,2,1482.1,2,1482.0,move,improve
10095,2,1482.1,2,1482.0,2opt,notBad
10096,2,1482.1,2,1482.0,move,improve
10097,2,1482.1,2,1482.0,2opt,notBad
10098,2,1482.1,2,1482.0,swap,notBad
10099,2,1482.1,2,1482.0,move,improve
10100,2,1482.1,2,1482.0,swap,improve
10101,2,1482.1,2,1482.0,move,improve
10102,2,1482.1,2,1482.0,move,improve
10103,2,1482.1,2,1482.0,move,improve
10104,2,1482.1,2,1482.0,swap,improve
10105,2,1482.1,2,1482.0,move,improve
10106,2,1482.1,2,1482.0,move,improve
10107,2,1482.1,2,1482.0,move,improve
10108,2,1482.1,2,1482.0,2opt,notBad
10109,2,1482.1,2,1482.0,move,improve
10110,2,1482.1,2,1482.0,move,improve
10111,2,1482.1,2,1482.0,swap,improve
10112,2,1482.1,2,1482.0,move,improve
10113,2,1482.1,2,1482.0,swap,improve
10114,2,1482.1,2,1482.0,2opt,notBad
10115,2,1482.1,2,1482.0,move,improve
10116,2,1482.1,2,1482.0,2opt,notBad
10117,2,1482.1,2,1482.0,swap,improve
10118,2,1482.1,2,1482.0,move,improve
10119,2,1482.1,2,1482.0,swap,improve
10120,2,1482.1,2,1482.0,move,improve
10121,2,1482.1,2,1482.0,swap,notBad
10122,2,1482.1,2,1482.0,swap,improve
10123,2,1482.1,2,1482.0,2opt,notBad
10124,2,1482.1,2,1482.0,swap,improve
10125,2,1482.1,2,1482.0,move,improve
10126,2,1482.1,2,1482.0,2opt,notBad
10127,2,1482.1,2,1482.0,swap,notBad
10128,2,1482.1,2,1482.0,2opt,notBad
10129,2,1482.1,2,1482.0,swap,notBad
10130,2,1482.1,2,1482.0,swap,improve
10131,2,1482.1,2,1482.0,2opt,notBad
10132,2,1482.1,2,1482.0,move,improve
10133,2,1482.1,2,1482.0,2opt,notBad
10134,2,1482.1,2,1482.0,2opt,notBad
10135,2,1482.1,2,1482.0,move,improve
10136,2,1482.1,2,1482.0,move,improve
10137,2,1482.1,2,1482.0,2opt,notBad
10138,2,1482.1,2,1482.0,2opt,notBad
10139,2,1482.1,2,1482.0,2opt,notBad
10140,2,1482.1,2,1482.0,move,improve
10141,2,1482.1,2,1482.0,2opt,notBad
10142,2,1482.1,2,1482.0,swap,notBad
10143,2,1482.1,2,1482.0,swap,notBad
10144,2,1482.1,2,1482.0,swap,improve
10145,2,1482.1,2,1482.0,swap,improve
10146,2,1482.1,2,1482.0,swap,improve
10147,2,1482.1,2,1482.0,move,improve
10148,2,1482.1,2,1482.0,move,improve
10149,2,1482.1,2,1482.0,swap,improve
10150,2,1482.1,2,1482.0,2opt,notBad
10151,2,1482.1,2,1482.0,move,improve
10152,2,1482.1,2,1482.0,swap,improve
10153,2,1482.1,2,1482.0,2opt,notBad
10154,2,1482.1,2,1482.0,swap,improve
10155,2,1482.1,2,1482.0,move,improve
10156,2,1482.1,2,1482.0,2opt,notBad
10157,2,1482.1,2,1482.0,swap,notBad
10158,2,1482.1,2,1482.0,2opt,notBad
10159,2,1482.1,2,1482.0,swap,notBad
10160,2,1482.1,2,1482.0,2opt,notBad
10161,2,1482.1,2,1482.0,move,improve
10162,2,1482.1,2,1482.0,2opt,notBad
10163,2,1482.1,2,1482.0,swap,improve
10164,2,1482.1,2,1482.0,swap,improve
10165,2,1482.1,2,1482.0,move,improve
10166,2,1482.1,2,1482.0,swap,improve
10167,2,1482.1,2,1482.0,2opt,notBad
10168,2,1482.1,2,1482.0,move,improve
10169,2,1482.1,2,1482.0,swap,notBad
10170,2,1482.1,2,1482.0,2opt,notBad
10171,2,1482.1,2,1482.0,swap,notBad
10172,2,1482.1,2,1482.0,2opt,notBad
10173,2,1482.1,2,1482.0,move,improve
10174,2,1482.1,2,1482.0,2opt,notBad
10175,2,1482.1,2,1482.0,2opt,notBad
10176,2,1482.1,2,1482.0,2opt,notBad
10177,2,1482.1,2,1482.0,move,improve
10178,2,1482.1,2,1482.0,2opt,notBad
10179,2,1482.1,2,1482.0,swap,improve
10180,2,1482.1,2,1482.0,2opt,notBad
10181,2,1482.1,2,1482.0,2opt,notBad
10182,2,1482.1,2,1482.0,move,improve
10183,2,1482.1,2,1482.0,move,improve
10184,2,1482.1,2,1482.0,2opt,notBad
10185,2,1482.1,2,1482.0,2opt,notBad
10186,2,1482.1,2,1482.0,2opt,notBad
10187,2,1482.1,2,1482.0,move,improve
10188,2,1482.1,2,1482.0,swap,improve
10189,2,1482.1,2,1482.0,swap,improve
10190,2,1482.1,2,1482.0,2opt,notBad
10191,2,1482.1,2,1482.0,2opt,notBad
10192,2,1482.1,2,1482.0,2opt,notBad
10193,2,1482.1,2,1482.0,swap,notBad
10194,2,1482.1,2,1482.0,swap,notBad
10195,2,1482.1,2,1482.0,2opt,notBad
10196,2,1482.1,2,1482.0,2opt,improve
10197,2,1482.1,2,1482.0,swap,improve
10198,2,1482.1,2,1482.0,swap,improve
10199,2,1482.1,2,1482.0,2opt,notBad
10200,2,1482.1,2,1482.0,move,improve
10201,2,1482.1,2,1482.0,move,improve
10202,2,1482.1,2,1482.0,swap,notBad
10203,2,1482.1,2,1482.0,2opt,notBad
10204,2,1482.1,2,1482.0,2opt,notBad
10205,2,1482.1,2,1482.0,swap,improve
10206,2,1482.1,2,1482.0,2opt,notBad
10207,2,1482.1,2,1482.0,2opt,notBad
10208,2,1482.1,2,1482.0,move,improve
10209,2,1482.1,2,1482.0,2opt,notBad
10210,2,1482.1,2,1482.0,swap,notBad
10211,2,1482.1,2,1482.0,swap,improve
10212,2,1482.1,2,1482.0,swap,notBad
10213,2,1482.4,2,1482.0,swap,acceptBad
10214,2,1482.4,2,1482.0,2opt,notBad
10215,2,1482.4,2,1482.0,swap,improve
10216,2,1482.4,2,1482.0,move,improve
10217,2,1482.4,2,1482.0,swap,improve
10218,2,1482.4,2,1482.0,2opt,notBad
10219,2,1482.4,2,1482.0,swap,improve
10220,2,1482.4,2,1482.0,swap,notBad
10221,2,1482.4,2,1482.0,swap,improve
10222,2,1482.4,2,1482.0,swap,improve
10223,2,1482.4,2,1482.0,move,improve
10224,2,1482.4,2,1482.0,swap,notBad
10225,2,1482.4,2,1482.0,2opt,notBad
10226,2,1482.4,2,1482.0,2opt,notBad
10227,2,1482.3000000000002,2,1482.0,move,improve
10228,2,1482.3000000000002,2,1482.0,2opt,notBad
10229,2,1482.3000000000002,2,1482.0,2opt,notBad
10230,2,1482.3000000000002,2,1482.0,2opt,notBad
10231,2,1482.3000000000002,2,1482.0,swap,notBad
10232,2,1482.3000000000002,2,1482.0,move,improve
10233,2,1482.3000000000002,2,1482.0,move,improve
10234,2,1482.3000000000002,2,1482.0,move,improve
10235,2,1482.3000000000002,2,1482.0,swap,notBad
10236,2,1482.3000000000002,2,1482.0,move,improve
10237,2,1482.3000000000002,2,1482.0,2opt,notBad
10238,2,1482.3000000000002,2,1482.0,swap,improve
10239,2,1482.3000000000002,2,1482.0,swap,improve
10240,2,1482.3000000000002,2,1482.0,2opt,notBad
10241,2,1482.3000000000002,2,1482.0,2opt,notBad
10242,2,1482.3000000000002,2,1482.0,swap,notBad
10243,2,1482.3000000000002,2,1482.0,2opt,improve
10244,2,1482.3000000000002,2,1482.0,swap,notBad
10245,2,1482.3000000000002,2,1482.0,2opt,notBad
10246,2,1482.3000000000002,2,1482.0,2opt,notBad
10247,2,1482.3000000000002,2,1482.0,swap,improve
10248,2,1482.3000000000002,2,1482.0,2opt,notBad
10249,2,1482.3000000000002,2,1482.0,2opt,notBad
10250,2,1482.3000000000002,2,1482.0,move,improve
10251,2,1482.3000000000002,2,1482.0,2opt,notBad
10252,2,1482.3000000000002,2,1482.0,2opt,notBad
10253,2,1482.3000000000002,2,1482.0,move,improve
10254,2,1482.3000000000002,2,1482.0,2opt,notBad
10255,2,1482.3000000000002,2,1482.0,swap,notBad
10256,2,1482.3000000000002,2,1482.0,2opt,notBad
10257,2,1482.3000000000002,2,1482.0,move,improve
10258,2,1482.3000000000002,2,1482.0,move,improve
10259,2,1482.3000000000002,2,1482.0,2opt,notBad
10260,2,1482.3000000000002,2,1482.0,swap,notBad
10261,2,1482.3000000000002,2,1482.0,move,improve
10262,2,1482.3000000000002,2,1482.0,move,improve
10263,2,1482.3000000000002,2,1482.0,swap,notBad
10264,2,1482.3000000000002,2,1482.0,2opt,notBad
10265,2,1482.3000000000002,2,1482.0,2opt,notBad
10266,2,1482.3000000000002,2,1482.0,2opt,notBad
10267,2,1482.3000000000002,2,1482.0,swap,notBad
10268,2,1482.3000000000002,2,1482.0,swap,improve
10269,2,1482.3000000000002,2,1482.0,swap,improve
10270,2,1482.3000000000002,2,1482.0,move,improve
10271,2,1482.3000000000002,2,1482.0,swap,improve
10272,2,1482.3000000000002,2,1482.0,move,improve
10273,2,1482.3000000000002,2,1482.0,2opt,notBad
10274,2,1482.3000000000002,2,1482.0,move,improve
10275,2,1482.3000000000002,2,1482.0,swap,improve
10276,2,1482.3000000000002,2,1482.0,move,improve
10277,2,1482.3000000000002,2,1482.0,2opt,notBad
10278,2,1482.3000000000002,2,1482.0,move,improve
10279,2,1482.3000000000002,2,1482.0,move,improve
10280,2,1482.3000000000002,2,1482.0,move,improve
10281,2,1482.3000000000002,2,1482.0,swap,notBad
10282,2,1482.3000000000002,2,1482.0,2opt,notBad
10283,2,1482.3000000000002,2,1482.0,move,improve
10284,2,1482.3000000000002,2,1482.0,swap,improve
10285,2,1482.3000000000002,2,1482.0,2opt,notBad
10286,2,1482.3000000000002,2,1482.0,2opt,notBad
10287,2,1482.3000000000002,2,1482.0,move,improve
10288,2,1482.3000000000002,2,1482.0,swap,notBad
10289,2,1482.3000000000002,2,1482.0,swap,improve
10290,2,1482.3000000000002,2,1482.0,move,improve
10291,2,1482.3000000000002,2,1482.0,swap,notBad
10292,2,1482.3000000000002,2,1482.0,move,improve
10293,2,1482.3000000000002,2,1482.0,swap,improve
10294,2,1482.3000000000002,2,1482.0,2opt,notBad
10295,2,1482.3000000000002,2,1482.0,swap,notBad
10296,2,1482.3000000000002,2,1482.0,move,improve
10297,2,1482.3000000000002,2,1482.0,swap,improve
10298,2,1482.3000000000002,2,1482.0,swap,notBad
10299,2,1482.3000000000002,2,1482.0,move,improve
10300,2,1482.3000000000002,2,1482.0,2opt,notBad
10301,2,1482.3000000000002,2,1482.0,swap,improve
10302,2,1482.3000000000002,2,1482.0,2opt,notBad
10303,2,1482.3000000000002,2,1482.0,move,improve
10304,2,1482.3000000000002,2,1482.0,move,improve
10305,2,1482.3000000000002,2,1482.0,2opt,notBad
10306,2,1482.3000000000002,2,1482.0,swap,notBad
10307,2,1482.3000000000002,2,1482.0,2opt,notBad
10308,2,1482.3000000000002,2,1482.0,2opt,notBad
10309,2,1482.3000000000002,2,1482.0,2opt,notBad
10310,2,1482.0,2,1482.0,swap,improve
10311,2,1482.0,2,1482.0,swap,improve
10312,2,1482.0,2,1482.0,swap,notBad
10313,2,1482.0,2,1482.0,swap,improve
10314,2,1482.0,2,1482.0,move,improve
10315,2,1482.0,2,1482.0,2opt,notBad
10316,2,1482.0,2,1482.0,move,improve
10317,2,1482.3000000000002,2,1482.0,move,acceptBad
10318,2,1482.3000000000002,2,1482.0,move,improve
10319,2,1482.3000000000002,2,1482.0,move,improve
10320,2,1482.3000000000002,2,1482.0,2opt,notBad
10321,2,1482.3000000000002,2,1482.0,2opt,notBad
10322,2,1482.3000000000002,2,1482.0,2opt,notBad
10323,2,1482.3000000000002,2,1482.0,2opt,notBad
10324,2,1482.3000000000002,2,1482.0,move,improve
10325,2,1482.3000000000002,2,1482.0,2opt,notBad
10326,2,1482.3000000000002,2,1482.0,swap,improve
10327,2,1482.3000000000002,2,1482.0,move,improve
10328,2,1482.3000000000002,2,1482.0,swap,improve
10329,2,1482.3000000000002,2,1482.0,2opt,notBad
10330,2,1482.3000000000002,2,1482.0,move,improve
10331,2,1482.3000000000002,2,1482.0,swap,improve
10332,2,1482.3000000000002,2,1482.0,move,improve
10333,2,1482.3000000000002,2,1482.0,2opt,notBad
10334,2,1482.3000000000002,2,1482.0,2opt,notBad
10335,2,1482.3000000000002,2,1482.0,2opt,notBad
10336,2,1482.3000000000002,2,1482.0,move,improve
10337,2,1482.3000000000002,2,1482.0,2opt,notBad
10338,2,1482.3000000000002,2,1482.0,move,improve
10339,2,1482.3000000000002,2,1482.0,swap,improve
10340,2,1482.3000000000002,2,1482.0,2opt,notBad
10341,2,1482.3000000000002,2,1482.0,move,improve
10342,2,1482.3000000000002,2,1482.0,swap,improve
10343,2,1482.3000000000002,2,1482.0,swap,notBad
10344,2,1482.3000000000002,2,1482.0,move,improve
10345,2,1482.3000000000002,2,1482.0,move,improve
10346,2,1482.3000000000002,2,1482.0,move,improve
10347,2,1482.3000000000002,2,1482.0,move,improve
10348,2,1482.3000000000002,2,1482.0,swap,improve
10349,2,1482.3000000000002,2,1482.0,2opt,improve
10350,2,1482.3000000000002,2,1482.0,swap,improve
10351,2,1482.3000000000002,2,1482.0,move,improve
10352,2,1482.3000000000002,2,1482.0,2opt,notBad
10353,2,1482.3000000000002,2,1482.0,2opt,notBad
10354,2,1482.3000000000002,2,1482.0,swap,improve
10355,2,1482.3000000000002,2,1482.0,2opt,notBad
10356,2,1482.3000000000002,2,1482.0,2opt,notBad
10357,2,1482.3000000000002,2,1482.0,move,improve
10358,2,1482.3000000000002,2,1482.0,move,improve
10359,2,1482.3000000000002,2,1482.0,move,improve
10360,2,1482.3000000000002,2,1482.0,swap,improve
10361,2,1482.3000000000002,2,1482.0,2opt,notBad
10362,2,1482.3000000000002,2,1482.0,swap,notBad
10363,2,1482.3000000000002,2,1482.0,2opt,notBad
10364,2,1482.3000000000002,2,1482.0,2opt,notBad
10365,2,1482.3000000000002,2,1482.0,swap,notBad
10366,2,1482.3000000000002,2,1482.0,move,improve
10367,2,1482.3000000000002,2,1482.0,swap,improve
10368,2,1482.3000000000002,2,1482.0,2opt,notBad
10369,2,1482.3000000000002,2,1482.0,swap,improve
10370,2,1482.3000000000002,2,1482.0,move,improve
10371,2,1482.3000000000002,2,1482.0,move,improve
10372,2,1482.3000000000002,2,1482.0,swap,improve
10373,2,1482.3000000000002,2,1482.0,2opt,improve
10374,2,1482.3000000000002,2,1482.0,move,improve
10375,2,1482.3000000000002,2,1482.0,swap,improve
10376,2,1482.3000000000002,2,1482.0,swap,improve
10377,2,1482.3000000000002,2,1482.0,2opt,notBad
10378,2,1482.3000000000002,2,1482.0,swap,notBad
10379,2,1482.3000000000002,2,1482.0,move,improve
10380,2,1482.3000000000002,2,1482.0,2opt,notBad
10381,2,1482.3000000000002,2,1482.0,swap,notBad
10382,2,1482.3000000000002,2,1482.0,move,improve
10383,2,1482.3000000000002,2,1482.0,swap,improve
10384,2,1482.3000000000002,2,1482.0,swap,notBad
10385,2,1482.3000000000002,2,1482.0,swap,notBad
10386,2,1482.3000000000002,2,1482.0,2opt,notBad
10387,2,1482.3000000000002,2,1482.0,2opt,notBad
10388,2,1482.3000000000002,2,1482.0,swap,improve
10389,2,1482.3000000000002,2,1482.0,swap,improve
10390,2,1482.3000000000002,2,1482.0,2opt,improve
10391,2,1482.3000000000002,2,1482.0,move,improve
10392,2,1482.3000000000002,2,1482.0,move,improve
10393,2,1482.3000000000002,2,1482.0,swap,notBad
10394,2,1482.3000000000002,2,1482.0,swap,notBad
10395,2,1482.3000000000002,2,1482.0,swap,improve
10396,2,1482.3000000000002,2,1482.0,2opt,notBad
10397,2,1482.3000000000002,2,1482.0,swap,notBad
10398,2,1482.3000000000002,2,1482.0,move,improve
10399,2,1482.3000000000002,2,1482.0,swap,notBad
10400,2,1482.3000000000002,2,1482.0,2opt,notBad
10401,2,1482.3000000000002,2,1482.0,2opt,notBad
10402,2,1482.3000000000002,2,1482.0,2opt,notBad
10403,2,1482.3000000000002,2,1482.0,2opt,notBad
10404,2,1482.3000000000002,2,1482.0,2opt,notBad
10405,2,1482.3000000000002,2,1482.0,swap,notBad
10406,2,1482.3000000000002,2,1482.0,move,improve
10407,2,1482.3000000000002,2,1482.0,move,improve
10408,2,1482.3000000000002,2,1482.0,swap,improve
10409,2,1482.3000000000002,2,1482.0,2opt,notBad
10410,2,1482.3000000000002,2,1482.0,move,improve
10411,2,1482.3000000000002,2,1482.0,2opt,notBad
10412,2,1482.3000000000002,2,1482.0,move,improve
10413,2,1482.3000000000002,2,1482.0,swap,improve
10414,2,1482.3000000000002,2,1482.0,move,improve
10415,2,1482.3000000000002,2,1482.0,swap,notBad
10416,2,1482.3000000000002,2,1482.0,swap,notBad
10417,2,1482.3000000000002,2,1482.0,move,improve
10418,2,1482.3000000000002,2,1482.0,2opt,notBad
10419,2,1482.3000000000002,2,1482.0,swap,notBad
10420,2,1482.3000000000002,2,1482.0,swap,improve
10421,2,1482.3000000000002,2,1482.0,swap,notBad
10422,2,1482.3000000000002,2,1482.0,move,improve
10423,2,1482.3000000000002,2,1482.0,2opt,notBad
10424,2,1482.3000000000002,2,1482.0,swap,improve
10425,2,1482.3000000000002,2,1482.0,swap,notBad
10426,2,1482.3000000000002,2,1482.0,2opt,notBad
10427,2,1482.3000000000002,2,1482.0,2opt,notBad
10428,2,1482.3000000000002,2,1482.0,2opt,notBad
10429,2,1482.3000000000002,2,1482.0,swap,improve
10430,2,1482.3000000000002,2,1482.0,swap,improve
10431,2,1482.3000000000002,2,1482.0,2opt,notBad
10432,2,1482.3000000000002,2,1482.0,swap,notBad
10433,2,1482.3000000000002,2,1482.0,move,improve
10434,2,1482.3000000000002,2,1482.0,swap,improve
10435,2,1482.3000000000002,2,1482.0,2opt,improve
10436,2,1482.3000000000002,2,1482.0,swap,notBad
10437,2,1482.3000000000002,2,1482.0,move,improve
10438,2,1482.3000000000002,2,1482.0,move,improve
10439,2,1482.3000000000002,2,1482.0,2opt,notBad
10440,2,1482.3000000000002,2,1482.0,swap,notBad
10441,2,1482.3000000000002,2,1482.0,move,improve
10442,2,1482.3000000000002,2,1482.0,2opt,notBad
10443,2,1483.8000000000002,2,1482.0,swap,acceptBad
10444,2,1483.8000000000002,2,1482.0,2opt,notBad
10445,2,1483.8000000000002,2,1482.0,move,improve
10446,2,1483.8000000000002,2,1482.0,swap,improve
10447,2,1483.8000000000002,2,1482.0,2opt,notBad
10448,2,1483.8000000000002,2,1482.0,move,improve
10449,2,1483.8000000000002,2,1482.0,swap,notBad
10450,2,1483.8000000000002,2,1482.0,2opt,notBad
10451,2,1483.8000000000002,2,1482.0,2opt,notBad
10452,2,1483.8000000000002,2,1482.0,move,improve
10453,2,1483.8000000000002,2,1482.0,2opt,notBad
10454,2,1483.8000000000002,2,1482.0,swap,improve
10455,2,1483.8000000000002,2,1482.0,swap,improve
10456,2,1483.8000000000002,2,1482.0,move,improve
10457,2,1483.8000000000002,2,1482.0,swap,notBad
10458,2,1483.8000000000002,2,1482.0,2opt,notBad
10459,2,1483.8000000000002,2,1482.0,2opt,improve
10460,2,1483.8000000000002,2,1482.0,2opt,notBad
10461,2,1483.8000000000002,2,1482.0,move,improve
10462,2,1483.8000000000002,2,1482.0,move,improve
10463,2,1483.8000000000002,2,1482.0,swap,improve
10464,2,1483.8000000000002,2,1482.0,swap,notBad
10465,2,1483.8000000000002,2,1482.0,2opt,notBad
10466,2,1483.8000000000002,2,1482.0,move,improve
10467,2,1483.8000000000002,2,1482.0,2opt,notBad
10468,2,1483.8000000000002,2,1482.0,2opt,notBad
10469,2,1483.8000000000002,2,1482.0,move,improve
10470,2,1483.8000000000002,2,1482.0,move,improve
10471,2,1483.8000000000002,2,1482.0,swap,improve
10472,2,1483.8000000000002,2,1482.0,move,improve
10473,2,1483.8000000000002,2,1482.0,2opt,notBad
10474,2,1483.8000000000002,2,1482.0,move,improve
10475,2,1483.8000000000002,2,1482.0,2opt,notBad
10476,2,1483.8000000000002,2,1482.0,swap,notBad
10477,2,1483.8000000000002,2,1482.0,swap,improve
10478,2,1483.8000000000002,2,1482.0,move,improve
10479,2,1483.8000000000002,2,1482.0,swap,improve
10480,2,1483.8000000000002,2,1482.0,move,improve
10481,2,1483.8000000000002,2,1482.0,move,improve
10482,2,1483.8000000000002,2,1482.0,swap,notBad
10483,2,1483.8000000000002,2,1482.0,2opt,notBad
10484,2,1483.8000000000002,2,1482.0,2opt,notBad
10485,2,1483.8000000000002,2,1482.0,swap,improve
10486,2,1483.8000000000002,2,1482.0,move,improve
10487,2,1483.8000000000002,2,1482.0,2opt,notBad
10488,2,1483.8000000000002,2,1482.0,swap,notBad
10489,2,1483.8000000000002,2,1482.0,swap,improve
10490,2,1483.8000000000002,2,1482.0,2opt,notBad
10491,2,1483.8000000000002,2,1482.0,2opt,notBad
10492,2,1483.8000000000002,2,1482.0,2opt,notBad
10493,2,1483.8000000000002,2,1482.0,swap,improve
10494,2,1483.8000000000002,2,1482.0,swap,notBad
10495,2,1483.8000000000002,2,1482.0,move,improve
10496,2,1483.8000000000002,2,1482.0,2opt,notBad
10497,2,1483.8000000000002,2,1482.0,2opt,notBad
10498,2,1483.8000000000002,2,1482.0,2opt,notBad
10499,2,1483.8000000000002,2,1482.0,swap,notBad
10500,2,1483.8000000000002,2,1482.0,swap,improve
10501,2,1483.8000000000002,2,1482.0,swap,notBad
10502,2,1483.8000000000002,2,1482.0,2opt,notBad
10503,2,1483.8000000000002,2,1482.0,swap,improve
10504,2,1483.8000000000002,2,1482.0,2opt,notBad
10505,2,1483.8000000000002,2,1482.0,move,improve
10506,2,1483.8000000000002,2,1482.0,swap,improve
10507,2,1483.8000000000002,2,1482.0,move,improve
10508,2,1483.8000000000002,2,1482.0,move,improve
10509,2,1483.8000000000002,2,1482.0,move,improve
10510,2,1483.8000000000002,2,1482.0,swap,improve
10511,2,1483.8000000000002,2,1482.0,move,improve
10512,2,1483.8000000000002,2,1482.0,move,improve
10513,2,1483.8000000000002,2,1482.0,move,improve
10514,2,1483.8000000000002,2,1482.0,move,improve
10515,2,1483.8000000000002,2,1482.0,move,improve
10516,2,1483.8000000000002,2,1482.0,2opt,notBad
10517,2,1483.8000000000002,2,1482.0,swap,improve
10518,2,1483.8000000000002,2,1482.0,move,improve
10519,2,1483.8000000000002,2,1482.0,move,improve
10520,2,1483.8000000000002,2,1482.0,2opt,notBad
10521,2,1483.8000000000002,2,1482.0,swap,notBad
10522,2,1483.8000000000002,2,1482.0,move,improve
10523,2,1483.8000000000002,2,1482.0,swap,notBad
10524,2,1483.8000000000002,2,1482.0,2opt,notBad
10525,2,1483.8000000000002,2,1482.0,2opt,notBad
10526,2,1483.8000000000002,2,1482.0,2opt,notBad
10527,2,1483.8000000000002,2,1482.0,swap,improve
10528,2,1483.8000000000002,2,1482.0,swap,improve
10529,2,1483.8000000000002,2,1482.0,2opt,notBad
10530,2,1483.8000000000002,2,1482.0,2opt,notBad
10531,2,1483.8000000000002,2,1482.0,move,improve
10532,2,1484.3000000000002,2,1482.0,swap,acceptBad
10533,2,1484.3000000000002,2,1482.0,move,improve
10534,2,1484.3000000000002,2,1482.0,swap,notBad
10535,2,1484.3000000000002,2,1482.0,move,improve
10536,2,1484.3000000000002,2,1482.0,move,improve
10537,2,1482.4,2,1482.0,swap,improve
10538,2,1482.4,2,1482.0,swap,improve
10539,2,1482.4,2,1482.0,move,improve
10540,2,1482.4,2,1482.0,2opt,notBad
10541,2,1482.4,2,1482.0,move,improve
10542,2,1482.4,2,1482.0,move,improve
10543,2,1482.4,2,1482.0,swap,improve
10544,2,1482.4,2,1482.0,swap,notBad
10545,2,1482.4,2,1482.0,2opt,improve
10546,2,1482.4,2,1482.0,2opt,improve
10547,2,1482.4,2,1482.0,2opt,notBad
10548,2,1482.4,2,1482.0,2opt,notBad
10549,2,1482.4,2,1482.0,2opt,notBad
10550,2,1482.4,2,1482.0,move,improve
10551,2,1482.4,2,1482.0,move,improve
10552,2,1482.4,2,1482.0,swap,improve
10553,2,1482.4,2,1482.0,2opt,improve
10554,2,1482.4,2,1482.0,2opt,improve
10555,2,1482.4,2,1482.0,move,improve
10556,2,1482.4,2,1482.0,swap,improve
10557,2,1482.4,2,1482.0,2opt,notBad
10558,2,1482.4,2,1482.0,move,improve
10559,2,1482.4,2,1482.0,2opt,notBad
10560,2,1482.4,2,1482.0,move,improve
10561,2,1482.4,2,1482.0,swap,improve
10562,2,1482.4,2,1482.0,swap,notBad
10563,2,1482.4,2,1482.0,swap,improve
10564,2,1482.4,2,1482.0,2opt,notBad
10565,2,1482.4,2,1482.0,2opt,notBad
10566,2,1482.4,2,1482.0,move,improve
10567,2,1482.4,2,1482.0,swap,improve
10568,2,1482.4,2,1482.0,move,improve
10569,2,1482.4,2,1482.0,move,improve
10570,2,1482.4,2,1482.0,move,improve
10571,2,1482.4,2,1482.0,move,improve
10572,2,1482.4,2,1482.0,2opt,notBad
10573,2,1482.4,2,1482.0,swap,notBad
10574,2,1482.4,2,1482.0,swap,notBad
10575,2,1482.4,2,1482.0,2opt,notBad
10576,2,1482.4,2,1482.0,2opt,notBad
10577,2,1482.4,2,1482.0,swap,improve
10578,2,1482.4,2,1482.0,2opt,notBad
10579,2,1482.4,2,1482.0,2opt,notBad
10580,2,1482.4,2,1482.0,swap,improve
10581,2,1482.4,2,1482.0,swap,improve
10582,2,1482.4,2,1482.0,move,improve
10583,2,1482.4,2,1482.0,swap,improve
10584,2,1482.4,2,1482.0,2opt,notBad
10585,2,1482.4,2,1482.0,move,improve
10586,2,1482.4,2,1482.0,move,improve
10587,2,1482.4,2,1482.0,2opt,notBad
10588,2,1482.4,2,1482.0,swap,improve
10589,2,1482.4,2,1482.0,move,improve
10590,2,1482.4,2,1482.0,move,improve
10591,2,1482.4,2,1482.0,swap,improve
10592,2,1482.4,2,1482.0,2opt,notBad
10593,2,1482.4,2,1482.0,move,improve
10594,2,1482.4,2,1482.0,2opt,notBad
10595,2,1482.4,2,1482.0,swap,improve
10596,2,1482.4,2,1482.0,2opt,notBad
10597,2,1482.4,2,1482.0,2opt,notBad
10598,2,1482.4,2,1482.0,swap,improve
10599,2,1482.4,2,1482.0,move,improve
10600,2,1482.4,2,1482.0,move,improve
10601,2,1482.4,2,1482.0,move,improve
10602,2,1482.4,2,1482.0,swap,improve
10603,2,1482.4,2,1482.0,move,improve
10604,2,1482.4,2,1482.0,swap,improve
10605,2,1482.4,2,1482.0,swap,notBad
10606,2,1482.4,2,1482.0,swap,improve
10607,2,1482.4,2,1482.0,2opt,notBad
10608,2,1482.4,2,1482.0,swap,improve
10609,2,1482.4,2,1482.0,2opt,notBad
10610,2,1482.4,2,1482.0,swap,notBad
10611,2,1482.4,2,1482.0,move,improve
10612,2,1482.4,2,1482.0,swap,improve
10613,2,1482.4,2,1482.0,move,improve
10614,2,1482.4,2,1482.0,swap,improve
10615,2,1482.4,2,1482.0,2opt,notBad
10616,2,1482.4,2,1482.0,move,improve
10617,2,1482.4,2,1482.0,move,improve
10618,2,1482.4,2,1482.0,move,improve
10619,2,1482.4,2,1482.0,swap,improve
10620,2,1482.4,2,1482.0,swap,improve
10621,2,1482.4,2,1482.0,move,improve
10622,2,1482.4,2,1482.0,swap,improve
10623,2,1482.4,2,1482.0,swap,improve
10624,2,1482.4,2,1482.0,swap,improve
10625,2,1482.4,2,1482.0,swap,improve
10626,2,1482.4,2,1482.0,2opt,notBad
10627,2,1482.4,2,1482.0,2opt,notBad
10628,2,1482.4,2,1482.0,2opt,notBad
10629,2,1482.4,2,1482.0,swap,notBad
10630,2,1482.4,2,1482.0,2opt,notBad
10631,2,1482.4,2,1482.0,2opt,notBad
10632,2,1482.4,2,1482.0,2opt,notBad
10633,2,1482.4,2,1482.0,move,improve
10634,2,1482.4,2,1482.0,move,improve
10635,2,1482.4,2,1482.0,2opt,notBad
10636,2,1482.4,2,1482.0,move,improve
10637,2,1482.4,2,1482.0,move,improve
10638,2,1482.4,2,1482.0,move,improve
10639,2,1482.4,2,1482.0,swap,improve
10640,2,1483.0,2,1482.0,swap,acceptBad
10641,2,1483.0,2,1482.0,move,improve
10642,2,1482.4,2,1482.0,move,improve
10643,2,1482.4,2,1482.0,move,improve
10644,2,1482.4,2,1482.0,move,improve
10645,2,1482.4,2,1482.0,2opt,notBad
10646,2,1482.4,2,1482.0,swap,notBad
10647,2,1482.4,2,1482.0,2opt,improve
10648,2,1482.4,2,1482.0,swap,notBad
10649,2,1482.4,2,1482.0,swap,improve
10650,2,1482.4,2,1482.0,swap,improve
10651,2,1482.4,2,1482.0,move,improve
10652,2,1482.4,2,1482.0,2opt,notBad
10653,2,1482.4,2,1482.0,2opt,notBad
10654,2,1482.4,2,1482.0,move,improve
10655,2,1482.4,2,1482.0,2opt,notBad
10656,2,1482.4,2,1482.0,2opt,notBad
10657,2,1482.4,2,1482.0,2opt,notBad
10658,2,1482.4,2,1482.0,2opt,notBad
10659,2,1482.4,2,1482.0,swap,improve
10660,2,1482.4,2,1482.0,2opt,notBad
10661,2,1482.4,2,1482.0,2opt,notBad
10662,2,1482.4,2,1482.0,swap,notBad
10663,2,1482.4,2,1482.0,swap,improve
10664,2,1482.4,2,1482.0,swap,notBad
10665,2,1482.4,2,1482.0,2opt,notBad
10666,2,1482.4,2,1482.0,swap,improve
10667,2,1482.4,2,1482.0,swap,notBad
10668,2,1482.4,2,1482.0,2opt,notBad
10669,2,1482.4,2,1482.0,swap,improve
10670,2,1482.4,2,1482.0,2opt,notBad
10671,2,1482.4,2,1482.0,move,improve
10672,2,1482.4,2,1482.0,2opt,notBad
10673,2,1482.4,2,1482.0,move,improve
10674,2,1482.4,2,1482.0,move,improve
10675,2,1482.4,2,1482.0,swap,improve
10676,2,1482.4,2,1482.0,2opt,notBad
10677,2,1482.4,2,1482.0,swap,notBad
10678,2,1482.4,2,1482.0,2opt,notBad
10679,2,1482.4,2,1482.0,swap,notBad
10680,2,1482.4,2,1482.0,move,improve
10681,2,1482.4,2,1482.0,swap,improve
10682,2,1482.4,2,1482.0,move,improve
10683,2,1482.4,2,1482.0,swap,notBad
10684,2,1482.4,2,1482.0,2opt,notBad
10685,2,1482.4,2,1482.0,swap,notBad
10686,2,1482.4,2,1482.0,2opt,notBad
10687,2,1482.4,2,1482.0,move,improve
10688,2,1482.4,2,1482.0,swap,improve
10689,2,1482.4,2,1482.0,swap,notBad
10690,2,1483.5,2,1482.0,swap,acceptBad
10691,2,1483.5,2,1482.0,2opt,notBad
10692,2,1483.5,2,1482.0,move,improve
10693,2,1482.4,2,1482.0,swap,improve
10694,2,1482.4,2,1482.0,2opt,notBad
10695,2,1482.4,2,1482.0,move,improve
10696,2,1482.4,2,1482.0,2opt,notBad
10697,2,1482.4,2,1482.0,2opt,notBad
10698,2,1482.4,2,1482.0,move,improve
10699,2,1482.4,2,1482.0,move,improve
10700,2,1482.4,2,1482.0,2opt,notBad
10701,2,1482.4,2,1482.0,move,improve
10702,2,1482.4,2,1482.0,move,improve
10703,2,1482.4,2,1482.0,move,improve
10704,2,1482.4,2,1482.0,move,improve
10705,2,1482.4,2,1482.0,move,improve
10706,2,1482.4,2,1482.0,move,improve
10707,2,1482.4,2,1482.0,2opt,notBad
10708,2,1482.4,2,1482.0,move,improve
10709,2,1482.4,2,1482.0,move,improve
10710,2,1482.4,2,1482.0,swap,improve
10711,2,1482.4,2,1482.0,2opt,notBad
10712,2,1482.4,2,1482.0,swap,improve
10713,2,1482.4,2,1482.0,move,improve
10714,2,1482.4,2,1482.0,2opt,notBad
10715,2,1482.4,2,1482.0,move,improve
10716,2,1482.4,2,1482.0,move,improve
10717,2,1482.4,2,1482.0,2opt,improve
10718,2,1482.4,2,1482.0,swap,improve
10719,2,1482.4,2,1482.0,swap,improve
10720,2,1482.4,2,1482.0,move,improve
10721,2,1482.4,2,1482.0,move,improve
10722,2,1482.4,2,1482.0,swap,notBad
10723,2,1482.4,2,1482.0,2opt,improve
10724,2,1482.4,2,1482.0,2opt,notBad
10725,2,1482.4,2,1482.0,move,improve
10726,2,1482.4,2,1482.0,2opt,notBad
10727,2,1482.4,2,1482.0,move,improve
10728,2,1482.4,2,1482.0,2opt,notBad
10729,2,1482.4,2,1482.0,2opt,notBad
10730,2,1482.4,2,1482.0,move,improve
10731,2,1482.4,2,1482.0,swap,notBad
10732,2,1482.4,2,1482.0,2opt,notBad
10733,2,1482.4,2,1482.0,2opt,notBad
10734,2,1482.4,2,1482.0,move,improve
10735,2,1482.4,2,1482.0,move,improve
10736,2,1482.4,2,1482.0,2opt,notBad
10737,2,1482.3000000000002,2,1482.0,move,improve
10738,2,1482.3000000000002,2,1482.0,move,improve
10739,2,1482.3000000000002,2,1482.0,swap,improve
10740,2,1482.3000000000002,2,1482.0,swap,improve
10741,2,1482.3000000000002,2,1482.0,swap,improve
10742,2,1482.3000000000002,2,1482.0,2opt,notBad
10743,2,1482.3000000000002,2,1482.0,2opt,notBad
10744,2,1482.3000000000002,2,1482.0,swap,improve
10745,2,1482.3000000000002,2,1482.0,swap,improve
10746,2,1482.0,2,1482.0,swap,improve
10747,2,1482.0,2,1482.0,2opt,notBad
10748,2,1482.0,2,1482.0,2opt,notBad
10749,2,1482.0,2,1482.0,swap,improve
10750,2,1482.0,2,1482.0,2opt,improve
10751,2,1482.0,2,1482.0,move,improve
10752,2,1482.0,2,1482.0,swap,improve
10753,2,1482.0,2,1482.0,swap,notBad
10754,2,1482.0,2,1482.0,move,improve
10755,2,1482.0,2,1482.0,swap,improve
10756,2,1482.0,2,1482.0,2opt,notBad
10757,2,1482.0,2,1482.0,2opt,notBad
10758,2,1482.0,2,1482.0,swap,notBad
10759,2,1482.0,2,1482.0,move,improve
10760,2,1482.0,2,1482.0,move,improve
10761,2,1482.0,2,1482.0,move,improve
10762,2,1482.0,2,1482.0,swap,improve
10763,2,1482.0,2,1482.0,2opt,improve
10764,2,1482.0,2,1482.0,move,improve
10765,2,1482.0,2,1482.0,move,improve
10766,2,1482.0,2,1482.0,2opt,notBad
10767,2,1482.0,2,1482.0,move,improve
10768,2,1482.0,2,1482.0,move,improve
10769,2,1482.0,2,1482.0,move,improve
10770,2,1482.0,2,1482.0,move,improve
10771,2,1482.0,2,1482.0,move,improve
10772,2,1482.0,2,1482.0,move,improve
10773,2,1482.0,2,1482.0,move,improve
10774,2,1482.0,2,1482.0,swap,improve
10775,2,1482.0,2,1482.0,2opt,notBad
10776,2,1482.0,2,1482.0,move,improve
10777,2,1482.0,2,1482.0,move,improve
10778,2,1482.0,2,1482.0,swap,improve
10779,2,1482.0,2,1482.0,move,improve
10780,2,1482.0,2,1482.0,2opt,notBad
10781,2,1482.0,2,1482.0,2opt,notBad
10782,2,1482.0,2,1482.0,2opt,notBad
10783,2,1482.0,2,1482.0,move,improve
10784,2,1482.0,2,1482.0,move,improve
10785,2,1482.0,2,1482.0,swap,improve
10786,2,1482.0,2,1482.0,2opt,notBad
10787,2,1482.0,2,1482.0,2opt,notBad
10788,2,1482.0,2,1482.0,swap,improve
10789,2,1482.0,2,1482.0,swap,notBad
10790,2,1482.0,2,1482.0,2opt,improve
10791,2,1482.0,2,1482.0,move,improve
10792,2,1482.0,2,1482.0,swap,improve
10793,2,1482.0,2,1482.0,2opt,notBad
10794,2,1482.0,2,1482.0,2opt,notBad
10795,2,1482.0,2,1482.0,swap,notBad
10796,2,1482.0,2,1482.0,move,improve
10797,2,1482.0,2,1482.0,2opt,notBad
10798,2,1482.0,2,1482.0,move,improve
10799,2,1482.0,2,1482.0,2opt,notBad
10800,2,1482.0,2,1482.0,swap,notBad
10801,2,1482.0,2,1482.0,swap,notBad
10802,2,1482.0,2,1482.0,move,improve
10803,2,1482.0,2,1482.0,swap,notBad
10804,2,1482.0,2,1482.0,2opt,notBad
10805,2,1482.0,2,1482.0,move,improve
10806,2,1482.0,2,1482.0,move,improve
10807,2,1482.0,2,1482.0,move,improve
10808,2,1482.0,2,1482.0,move,improve
10809,2,1482.0,2,1482.0,swap,notBad
10810,2,1482.0,2,1482.0,swap,improve
10811,2,1482.0,2,1482.0,swap,improve
10812,2,1482.0,2,1482.0,swap,improve
10813,2,1482.0,2,1482.0,move,improve
10814,2,1482.0,2,1482.0,2opt,notBad
10815,2,1482.0,2,1482.0,2opt,notBad
10816,2,1482.0,2,1482.0,2opt,notBad
10817,2,1482.0,2,1482.0,move,improve
10818,2,1482.0,2,1482.0,swap,improve
10819,2,1482.0,2,1482.0,move,improve
10820,2,1482.0,2,1482.0,swap,improve
10821,2,1482.0,2,1482.0,move,improve
10822,2,1482.0,2,1482.0,2opt,improve
10823,2,1482.0,2,1482.0,swap,notBad
10824,2,1482.0,2,1482.0,move,improve
10825,2,1482.0,2,1482.0,move,improve
10826,2,1482.0,2,1482.0,2opt,notBad
10827,2,1482.0,2,1482.0,swap,improve
10828,2,1482.0,2,1482.0,swap,notBad
10829,2,1482.0,2,1482.0,swap,improve
10830,2,1482.0,2,1482.0,2opt,notBad
10831,2,1482.0,2,1482.0,swap,improve
10832,2,1482.0,2,1482.0,2opt,notBad
10833,2,1482.0,2,1482.0,2opt,notBad
10834,2,1482.0,2,1482.0,2opt,notBad
10835,2,1482.0,2,1482.0,move,improve
10836,2,1482.0,2,1482.0,2opt,notBad
10837,2,1482.0,2,1482.0,2opt,notBad
10838,2,1482.0,2,1482.0,move,improve
10839,2,1482.0,2,1482.0,swap,improve
10840,2,1482.0,2,1482.0,2opt,notBad
10841,2,1482.0,2,1482.0,swap,notBad
10842,2,1482.0,2,1482.0,swap,notBad
10843,2,1482.0,2,1482.0,swap,improve
10844,2,1482.0,2,1482.0,move,improve
10845,2,1482.0,2,1482.0,move,improve
10846,2,1482.0,2,1482.0,2opt,notBad
10847,2,1482.0,2,1482.0,2opt,notBad
10848,2,1482.0,2,1482.0,move,improve
10849,2,1482.0,2,1482.0,swap,improve
10850,2,1482.0,2,1482.0,2opt,notBad
10851,2,1482.0,2,1482.0,2opt,notBad
10852,2,1482.0,2,1482.0,2opt,notBad
10853,2,1482.0,2,1482.0,swap,improve
10854,2,1482.0,2,1482.0,swap,notBad
10855,2,1482.0,2,1482.0,2opt,notBad
10856,2,1482.1,2,1482.0,swap,acceptBad
10857,2,1482.1,2,1482.0,swap,notBad
10858,2,1482.1,2,1482.0,move,improve
10859,2,1482.1,2,1482.0,2opt,notBad
10860,2,1482.1,2,1482.0,move,improve
10861,2,1482.1,2,1482.0,2opt,notBad
10862,2,1482.1,2,1482.0,move,improve
10863,2,1482.1,2,1482.0,2opt,notBad
10864,2,1482.1,2,1482.0,swap,improve
10865,2,1482.1,2,1482.0,swap,improve
10866,2,1482.1,2,1482.0,move,improve
10867,2,1482.1,2,1482.0,2opt,notBad
10868,2,1482.1,2,1482.0,2opt,notBad
10869,2,1482.1,2,1482.0,swap,notBad
10870,2,1482.1,2,1482.0,swap,notBad
10871,2,1482.1,2,1482.0,move,improve
10872,2,1482.1,2,1482.0,move,improve
10873,2,1482.1,2,1482.0,2opt,notBad
10874,2,1482.1,2,1482.0,2opt,notBad
10875,2,1482.1,2,1482.0,swap,improve
10876,2,1482.1,2,1482.0,swap,improve
10877,2,1482.1,2,1482.0,move,improve
10878,2,1482.1,2,1482.0,2opt,notBad
10879,2,1482.1,2,1482.0,2opt,notBad
10880,2,1482.1,2,1482.0,move,improve
10881,2,1482.1,2,1482.0,move,improve
10882,2,1482.1,2,1482.0,swap,improve
10883,2,1482.1,2,1482.0,2opt,notBad
10884,2,1482.1,2,1482.0,2opt,notBad
10885,2,1482.1,2,1482.0,swap,notBad
10886,2,1482.1,2,1482.0,2opt,notBad
10887,2,1482.1,2,1482.0,swap,improve
10888,2,1482.1,2,1482.0,2opt,improve
10889,2,1482.1,2,1482.0,2opt,notBad
10890,2,1482.1,2,1482.0,swap,improve
10891,2,1482.1,2,1482.0,2opt,notBad
10892,2,1482.1,2,1482.0,move,improve
10893,2,1482.1,2,1482.0,swap,notBad
10894,2,1482.1,2,1482.0,2opt,notBad
10895,2,1482.1,2,1482.0,2opt,notBad
10896,2,1482.1,2,1482.0,2opt,notBad
10897,2,1482.1,2,1482.0,move,improve
10898,2,1482.1,2,1482.0,swap,notBad
10899,2,1482.1,2,1482.0,2opt,notBad
10900,2,1482.1,2,1482.0,move,improve
10901,2,1482.1,2,1482.0,swap,notBad
10902,2,1482.1,2,1482.0,2opt,notBad
10903,2,1482.1,2,1482.0,swap,notBad
10904,2,1482.1,2,1482.0,2opt,notBad
10905,2,1482.1,2,1482.0,move,improve
10906,2,1482.1,2,1482.0,swap,improve
10907,2,1482.1,2,1482.0,2opt,notBad
10908,2,1482.1,2,1482.0,2opt,notBad
10909,2,1482.1,2,1482.0,2opt,notBad
10910,2,1482.1,2,1482.0,move,improve
10911,2,1482.0,2,1482.0,move,improve
10912,2,1482.0,2,1482.0,swap,notBad
10913,2,1482.0,2,1482.0,2opt,notBad
10914,2,1482.0,2,1482.0,2opt,notBad
10915,2,1482.0,2,1482.0,move,improve
10916,2,1482.0,2,1482.0,2opt,notBad
10917,2,1482.0,2,1482.0,swap,improve
10918,2,1482.0,2,1482.0,2opt,notBad
10919,2,1482.0,2,1482.0,move,improve
10920,2,1482.0,2,1482.0,2opt,notBad
10921,2,1482.0,2,1482.0,2opt,notBad
10922,2,1482.0,2,1482.0,2opt,notBad
10923,2,1482.0,2,1482.0,move,improve
10924,2,1482.0,2,1482.0,swap,improve
10925,2,1482.0,2,1482.0,swap,improve
10926,2,1482.0,2,1482.0,2opt,notBad
10927,2,1482.0,2,1482.0,move,improve
10928,2,1482.0,2,1482.0,2opt,notBad
10929,2,1482.0,2,1482.0,swap,improve
10930,2,1482.0,2,1482.0,2opt,notBad
10931,2,1482.0,2,1482.0,move,improve
10932,2,1482.0,2,1482.0,move,improve
10933,2,1482.0,2,1482.0,move,improve
10934,2,1482.0,2,1482.0,move,improve
10935,2,1482.0,2,1482.0,2opt,notBad
10936,2,1482.0,2,1482.0,2opt,notBad
10937,2,1482.0,2,1482.0,swap,notBad
10938,2,1482.0,2,1482.0,swap,improve
10939,2,1482.0,2,1482.0,move,improve
10940,2,1482.0,2,1482.0,2opt,notBad
10941,2,1482.0,2,1482.0,swap,improve
10942,2,1482.0,2,1482.0,2opt,notBad
10943,2,1482.0,2,1482.0,move,improve
10944,2,1482.0,2,1482.0,move,improve
10945,2,1482.0,2,1482.0,swap,improve
10946,2,1482.0,2,1482.0,move,improve
10947,2,1482.0,2,1482.0,2opt,notBad
10948,2,1482.0,2,1482.0,move,improve
10949,2,1482.0,2,1482.0,2opt,notBad
10950,2,1482.0,2,1482.0,swap,notBad
10951,2,1482.0,2,1482.0,swap,notBad
10952,2,1482.0,2,1482.0,swap,improve
10953,2,1482.0,2,1482.0,move,improve
10954,2,1482.0,2,1482.0,swap,improve
10955,2,1482.0,2,1482.0,swap,improve
10956,2,1482.0,2,1482.0,swap,notBad
10957,2,1482.0,2,1482.0,swap,improve
10958,2,1482.0,2,1482.0,2opt,notBad
10959,2,1482.0,2,1482.0,2opt,notBad
10960,2,1482.0,2,1482.0,2opt,notBad
10961,2,1482.0,2,1482.0,swap,notBad
10962,2,1482.0,2,1482.0,swap,improve
10963,2,1482.0,2,1482.0,swap,notBad
10964,2,1482.0,2,1482.0,move,improve
10965,2,1482.0,2,1482.0,move,improve
10966,2,1482.0,2,1482.0,move,improve
10967,2,1482.0,2,1482.0,move,improve
10968,2,1482.0,2,1482.0,swap,improve
10969,2,1482.0,2,1482.0,swap,improve
10970,2,1482.0,2,1482.0,2opt,notBad
10971,2,1482.0,2,1482.0,swap,improve
10972,2,1482.0,2,1482.0,2opt,notBad
10973,2,1482.0,2,1482.0,move,improve
10974,2,1482.0,2,1482.0,swap,notBad
10975,2,1482.0,2,1482.0,2opt,notBad
10976,2,1482.0,2,1482.0,swap,improve
10977,2,1482.0,2,1482.0,move,improve
10978,2,1482.0,2,1482.0,swap,improve
10979,2,1482.0,2,1482.0,swap,improve
10980,2,1482.0,2,1482.0,swap,improve
10981,2,1482.0,2,1482.0,move,improve
10982,2,1482.0,2,1482.0,move,improve
10983,2,1482.0,2,1482.0,2opt,notBad
10984,2,1482.1,2,1482.0,swap,acceptBad
10985,2,1482.1,2,1482.0,move,improve
10986,2,1482.1,2,1482.0,move,improve
10987,2,1482.1,2,1482.0,move,improve
10988,2,1482.1,2,1482.0,move,improve
10989,2,1482.1,2,1482.0,move,improve
10990,2,1482.1,2,1482.0,swap,improve
10991,2,1482.1,2,1482.0,swap,notBad
10992,2,1482.1,2,1482.0,move,improve
10993,2,1482.1,2,1482.0,move,improve
10994,2,1482.1,2,1482.0,move,improve
10995,2,1482.1,2,1482.0,2opt,notBad
10996,2,1482.1,2,1482.0,move,improve
10997,2,1482.1,2,1482.0,swap,notBad
10998,2,1482.1,2,1482.0,move,improve
10999,2,1482.1,2,1482.0,swap,notBad
11000,2,1482.1,2,1482.0,swap,notBad
11001,2,1482.1,2,1482.0,swap,notBad
11002,2,1482.1,2,1482.0,move,improve
11003,2,1482.1,2,1482.0,move,improve
11004,2,1482.1,2,1482.0,swap,improve
11005,2,1482.1,2,1482.0,2opt,notBad
11006,2,1482.1,2,1482.0,2opt,notBad
11007,2,1482.0,2,1482.0,move,improve
11008,2,1482.0,2,1482.0,move,improve
11009,2,1482.0,2,1482.0,2opt,notBad
11010,2,1482.0,2,1482.0,2opt,notBad
11011,2,1482.0,2,1482.0,move,improve
11012,2,1482.0,2,1482.0,move,improve
11013,2,1482.0,2,1482.0,move,improve
11014,2,1482.0,2,1482.0,swap,improve
11015,2,1482.0,2,1482.0,move,improve
11016,2,1482.0,2,1482.0,swap,improve
11017,2,1482.0,2,1482.0,2opt,notBad
11018,2,1482.0,2,1482.0,swap,notBad
11019,2,1482.0,2,1482.0,2opt,notBad
11020,2,1482.0,2,1482.0,move,improve
11021,2,1482.0,2,1482.0,move,improve
11022,2,1482.0,2,1482.0,swap,notBad
11023,2,1482.0,2,1482.0,move,improve
11024,2,1482.0,2,1482.0,2opt,notBad
11025,2,1482.0,2,1482.0,move,improve
11026,2,1482.0,2,1482.0,swap,notBad
11027,2,1482.0,2,1482.0,move,improve
11028,2,1482.0,2,1482.0,2opt,notBad
11029,2,1482.0,2,1482.0,swap,improve
11030,2,1482.0,2,1482.0,2opt,notBad
11031,2,1482.0,2,1482.0,move,improve
11032,2,1482.0,2,1482.0,move,improve
11033,2,1482.0,2,1482.0,2opt,notBad
11034,2,1482.0,2,1482.0,2opt,notBad
11035,2,1482.0,2,1482.0,2opt,notBad
11036,2,1482.0,2,1482.0,2opt,notBad
11037,2,1482.0,2,1482.0,move,improve
11038,2,1482.0,2,1482.0,move,improve
11039,2,1482.0,2,1482.0,2opt,notBad
11040,2,1482.0,2,1482.0,swap,improve
11041,2,1482.0,2,1482.0,move,improve
11042,2,1482.0,2,1482.0,2opt,notBad
11043,2,1482.0,2,1482.0,2opt,notBad
11044,2,1482.0,2,1482.0,move,improve
11045,2,1482.0,2,1482.0,swap,improve
11046,2,1482.0,2,1482.0,2opt,notBad
11047,2,1482.1,2,1482.0,swap,acceptBad
11048,2,1482.1,2,1482.0,swap,improve
11049,2,1482.1,2,1482.0,move,improve
11050,2,1482.1,2,1482.0,swap,improve
11051,2,1482.1,2,1482.0,2opt,notBad
11052,2,1482.1,2,1482.0,2opt,notBad
11053,2,1482.1,2,1482.0,2opt,notBad
11054,2,1482.1,2,1482.0,swap,improve
11055,2,1482.1,2,1482.0,move,improve
11056,2,1482.1,2,1482.0,move,improve
11057,2,1482.1,2,1482.0,move,improve
11058,2,1482.1,2,1482.0,move,improve
11059,2,1482.1,2,1482.0,swap,improve
11060,2,1482.1,2,1482.0,swap,notBad
11061,2,1482.1,2,1482.0,2opt,notBad
11062,2,1482.1,2,1482.0,swap,improve
11063,2,1482.1,2,1482.0,swap,notBad
11064,2,1482.1,2,1482.0,move,improve
11065,2,1482.1,2,1482.0,2opt,notBad
11066,2,1482.1,2,1482.0,move,improve
11067,2,1482.1,2,1482.0,move,improve
11068,2,1482.1,2,1482.0,2opt,notBad
11069,2,1482.1,2,1482.0,2opt,notBad
11070,2,1482.1,2,1482.0,swap,notBad
11071,2,1482.1,2,1482.0,swap,notBad
11072,2,1482.1,2,1482.0,2opt,notBad
11073,2,1482.1,2,1482.0,2opt,notBad
11074,2,1482.1,2,1482.0,move,improve
11075,2,1482.1,2,1482.0,move,improve
11076,2,1482.1,2,1482.0,move,improve
11077,2,1482.1,2,1482.0,move,improve
11078,2,1482.1,2,1482.0,2opt,improve
11079,2,1482.1,2,1482.0,move,improve
11080,2,1482.1,2,1482.0,move,improve
11081,2,1482.1,2,1482.0,move,improve
11082,2,1482.1,2,1482.0,2opt,notBad
11083,2,1482.1,2,1482.0,2opt,notBad
11084,2,1482.1,2,1482.0,swap,notBad
11085,2,1482.1,2,1482.0,move,improve
11086,2,1482.1,2,1482.0,move,improve
11087,2,1482.1,2,1482.0,move,improve
11088,2,1482.1,2,1482.0,move,improve
11089,2,1482.1,2,1482.0,swap,improve
11090,2,1482.1,2,1482.0,swap,improve
11091,2,1482.1,2,1482.0,swap,improve
11092,2,1482.1,2,1482.0,2opt,notBad
11093,2,1482.1,2,1482.0,2opt,notBad
11094,2,1482.1,2,1482.0,swap,notBad
11095,2,1482.1,2,1482.0,2opt,notBad
11096,2,1482.1,2,1482.0,2opt,notBad
11097,2,1482.1,2,1482.0,move,improve
11098,2,1482.1,2,1482.0,move,improve
11099,2,1482.1,2,1482.0,move,improve
11100,2,1482.1,2,1482.0,swap,improve
11101,2,1482.0,2,1482.0,move,improve
11102,2,1482.0,2,1482.0,swap,improve
11103,2,1482.0,2,1482.0,move,improve
11104,2,1482.0,2,1482.0,swap,notBad
11105,2,1482.0,2,1482.0,move,improve
11106,2,1482.0,2,1482.0,2opt,notBad
11107,2,1482.0,2,1482.0,2opt,notBad
11108,2,1482.0,2,1482.0,move,improve
11109,2,1482.0,2,1482.0,2opt,notBad
11110,2,1482.0,2,1482.0,2opt,improve
11111,2,1482.0,2,1482.0,2opt,notBad
11112,2,1482.0,2,1482.0,move,improve
11113,2,1482.0,2,1482.0,2opt,notBad
11114,2,1482.0,2,1482.0,2opt,notBad
11115,2,1482.0,2,1482.0,2opt,improve
11116,2,1482.0,2,1482.0,swap,improve
11117,2,1482.0,2,1482.0,swap,improve
11118,2,1482.0,2,1482.0,move,improve
11119,2,1482.0,2,1482.0,2opt,notBad
11120,2,1482.0,2,1482.0,2opt,notBad
11121,2,1482.0,2,1482.0,swap,improve
11122,2,1482.0,2,1482.0,move,improve
11123,2,1482.0,2,1482.0,2opt,notBad
11124,2,1482.0,2,1482.0,move,improve
11125,2,1482.0,2,1482.0,swap,notBad
11126,2,1482.0,2,1482.0,move,improve
11127,2,1482.0,2,1482.0,2opt,notBad
11128,2,1482.0,2,1482.0,2opt,notBad
11129,2,1482.0,2,1482.0,2opt,notBad
11130,2,1482.0,2,1482.0,swap,notBad
11131,2,1482.0,2,1482.0,move,improve
11132,2,1482.3000000000002,2,1482.0,swap,acceptBad
11133,2,1482.3000000000002,2,1482.0,swap,improve
11134,2,1482.3000000000002,2,1482.0,move,improve
11135,2,1482.3000000000002,2,1482.0,swap,improve
11136,2,1482.3000000000002,2,1482.0,swap,improve
11137,2,1482.3000000000002,2,1482.0,move,improve
11138,2,1482.3000000000002,2,1482.0,move,improve
11139,2,1482.3000000000002,2,1482.0,swap,notBad
11140,2,1482.3000000000002,2,1482.0,swap,improve
11141,2,1482.3000000000002,2,1482.0,2opt,notBad
11142,2,1482.3000000000002,2,1482.0,2opt,notBad
11143,2,1482.3000000000002,2,1482.0,2opt,notBad
11144,2,1482.3000000000002,2,1482.0,swap,improve
11145,2,1482.3000000000002,2,1482.0,move,improve
11146,2,1482.3000000000002,2,1482.0,move,improve
11147,2,1482.3000000000002,2,1482.0,2opt,notBad
11148,2,1482.3000000000002,2,1482.0,move,improve
11149,2,1482.3000000000002,2,1482.0,swap,notBad
11150,2,1482.3000000000002,2,1482.0,swap,improve
11151,2,1482.3000000000002,2,1482.0,swap,improve
11152,2,1482.3000000000002,2,1482.0,swap,notBad
11153,2,1482.3000000000002,2,1482.0,swap,improve
11154,2,1482.3000000000002,2,1482.0,swap,notBad
11155,2,1482.3000000000002,2,1482.0,swap,improve
11156,2,1482.3000000000002,2,1482.0,move,improve
11157,2,1482.3000000000002,2,1482.0,swap,improve
11158,2,1482.3000000000002,2,1482.0,2opt,notBad
11159,2,1482.3000000000002,2,1482.0,2opt,notBad
11160,2,1482.3000000000002,2,1482.0,swap,notBad
11161,2,1482.3000000000002,2,1482.0,2opt,notBad
11162,2,1482.3000000000002,2,1482.0,2opt,notBad
11163,2,1482.3000000000002,2,1482.0,2opt,notBad
11164,2,1482.3000000000002,2,1482.0,move,improve
11165,2,1482.3000000000002,2,1482.0,2opt,notBad
11166,2,1482.3000000000002,2,1482.0,move,improve
11167,2,1482.3000000000002,2,1482.0,move,improve
11168,2,1482.3000000000002,2,1482.0,swap,notBad
11169,2,1482.3000000000002,2,1482.0,swap,notBad
11170,2,1482.3000000000002,2,1482.0,swap,improve
11171,2,1482.3000000000002,2,1482.0,move,improve
11172,2,1482.3000000000002,2,1482.0,2opt,notBad
11173,2,1482.3000000000002,2,1482.0,move,improve
11174,2,1482.3000000000002,2,1482.0,swap,improve
11175,2,1482.3000000000002,2,1482.0,move,improve
11176,2,1482.3000000000002,2,1482.0,2opt,notBad
11177,2,1482.3000000000002,2,1482.0,swap,improve
11178,2,1482.3000000000002,2,1482.0,move,improve
11179,2,1482.3000000000002,2,1482.0,2opt,notBad
11180,2,1482.3000000000002,2,1482.0,2opt,notBad
11181,2,1482.3000000000002,2,1482.0,swap,notBad
11182,2,1482.3000000000002,2,1482.0,swap,improve
11183,2,1482.3000000000002,2,1482.0,2opt,improve
11184,2,1482.3000000000002,2,1482.0,swap,notBad
11185,2,1482.3000000000002,2,1482.0,2opt,notBad
11186,2,1482.3000000000002,2,1482.0,swap,improve
11187,2,1482.3000000000002,2,1482.0,move,improve
11188,2,1482.3000000000002,2,1482.0,move,improve
11189,2,1482.3000000000002,2,1482.0,move,improve
11190,2,1482.3000000000002,2,1482.0,swap,improve
11191,2,1482.3000000000002,2,1482.0,2opt,notBad
11192,2,1482.3000000000002,2,1482.0,swap,improve
11193,2,1482.3000000000002,2,1482.0,2opt,notBad
11194,2,1482.3000000000002,2,1482.0,move,improve
11195,2,1482.3000000000002,2,1482.0,2opt,notBad
11196,2,1482.3000000000002,2,1482.0,swap,improve
11197,2,1482.3000000000002,2,1482.0,swap,improve
11198,2,1482.3000000000002,2,1482.0,move,improve
11199,2,1482.3000000000002,2,1482.0,move,improve
11200,2,1482.3000000000002,2,1482.0,swap,notBad
11201,2,1482.3000000000002,2,1482.0,swap,improve
11202,2,1482.3000000000002,2,1482.0,2opt,notBad
11203,2,1482.3000000000002,2,1482.0,swap,improve
11204,2,1482.3000000000002,2,1482.0,swap,notBad
11205,2,1482.3000000000002,2,1482.0,move,improve
11206,2,1482.3000000000002,2,1482.0,swap,improve
11207,2,1482.3000000000002,2,1482.0,swap,notBad
11208,2,1482.3000000000002,2,1482.0,move,improve
11209,2,1482.3000000000002,2,1482.0,2opt,notBad
11210,2,1482.3000000000002,2,1482.0,swap,improve
11211,2,1482.3000000000002,2,1482.0,2opt,notBad
11212,2,1482.3000000000002,2,1482.0,swap,notBad
11213,2,1482.3000000000002,2,1482.0,2opt,notBad
11214,2,1482.3000000000002,2,1482.0,2opt,notBad
11215,2,1482.3000000000002,2,1482.0,swap,notBad
11216,2,1482.3000000000002,2,1482.0,2opt,notBad
11217,2,1482.3000000000002,2,1482.0,2opt,notBad
11218,2,1482.3000000000002,2,1482.0,2opt,notBad
11219,2,1482.3000000000002,2,1482.0,swap,improve
11220,2,1482.3000000000002,2,1482.0,swap,notBad
11221,2,1482.3000000000002,2,1482.0,swap,notBad
11222,2,1482.3000000000002,2,1482.0,2opt,notBad
11223,2,1482.3000000000002,2,1482.0,swap,improve
11224,2,1482.3000000000002,2,1482.0,swap,notBad
11225,2,1482.3000000000002,2,1482.0,swap,notBad
11226,2,1482.3000000000002,2,1482.0,move,improve
11227,2,1482.3000000000002,2,1482.0,2opt,notBad
11228,2,1482.3000000000002,2,1482.0,move,improve
11229,2,1482.3000000000002,2,1482.0,swap,improve
11230,2,1482.0,2,1482.0,move,improve
11231,2,1482.0,2,1482.0,2opt,notBad
11232,2,1482.0,2,1482.0,move,improve
11233,2,1482.0,2,1482.0,move,improve
11234,2,1482.0,2,1482.0,move,improve
11235,2,1482.0,2,1482.0,swap,improve
11236,2,1482.0,2,1482.0,2opt,notBad
11237,2,1482.0,2,1482.0,2opt,notBad
11238,2,1482.0,2,1482.0,swap,improve
11239,2,1482.0,2,1482.0,2opt,notBad
11240,2,1482.0,2,1482.0,move,improve
11241,2,1482.0,2,1482.0,2opt,notBad
11242,2,1482.0,2,1482.0,swap,improve
11243,2,1482.0,2,1482.0,2opt,notBad
11244,2,1482.0,2,1482.0,swap,improve
11245,2,1482.0,2,1482.0,swap,improve
11246,2,1482.0,2,1482.0,2opt,notBad
11247,2,1482.0,2,1482.0,move,improve
11248,2,1482.0,2,1482.0,move,improve
11249,2,1482.0,2,1482.0,swap,notBad
11250,2,1482.0,2,1482.0,swap,improve
11251,2,1482.0,2,1482.0,move,improve
11252,2,1482.0,2,1482.0,swap,notBad
11253,2,1482.0,2,1482.0,move,improve
11254,2,1482.0,2,1482.0,2opt,notBad
11255,2,1482.0,2,1482.0,2opt,notBad
11256,2,1482.0,2,1482.0,swap,notBad
11257,2,1482.0,2,1482.0,2opt,notBad
11258,2,1482.0,2,1482.0,move,improve
11259,2,1482.0,2,1482.0,move,improve
11260,2,1482.0,2,1482.0,move,improve
11261,2,1482.0,2,1482.0,2opt,notBad
11262,2,1482.0,2,1482.0,move,improve
11263,2,1482.0,2,1482.0,swap,improve
11264,2,1482.0,2,1482.0,move,improve
11265,2,1482.0,2,1482.0,move,improve
11266,2,1482.0,2,1482.0,2opt,notBad
11267,2,1482.0,2,1482.0,swap,improve
11268,2,1482.0,2,1482.0,2opt,notBad
11269,2,1482.0,2,1482.0,2opt,notBad
11270,2,1482.0,2,1482.0,swap,improve
11271,2,1482.0,2,1482.0,2opt,notBad
11272,2,1482.0,2,1482.0,2opt,improve
11273,2,1482.0,2,1482.0,swap,notBad
11274,2,1482.0,2,1482.0,2opt,notBad
11275,2,1482.0,2,1482.0,2opt,notBad
11276,2,1482.0,2,1482.0,2opt,notBad
11277,2,1482.0,2,1482.0,2opt,improve
11278,2,1482.0,2,1482.0,move,improve
11279,2,1482.0,2,1482.0,2opt,notBad
11280,2,1482.0,2,1482.0,2opt,notBad
11281,2,1482.0,2,1482.0,swap,improve
11282,2,1482.0,2,1482.0,2opt,notBad
11283,2,1482.0,2,1482.0,move,improve
11284,2,1482.0,2,1482.0,move,improve
11285,2,1482.0,2,1482.0,swap,improve
11286,2,1482.0,2,1482.0,swap,notBad
11287,2,1482.0,2,1482.0,swap,notBad
11288,2,1482.0,2,1482.0,move,improve
11289,2,1482.0,2,1482.0,swap,improve
11290,2,1482.0,2,1482.0,2opt,notBad
11291,2,1482.0,2,1482.0,swap,notBad
11292,2,1482.0,2,1482.0,2opt,notBad
11293,2,1482.0,2,1482.0,2opt,notBad
11294,2,1482.0,2,1482.0,move,improve
11295,2,1482.0,2,1482.0,swap,notBad
11296,2,1482.0,2,1482.0,swap,notBad
11297,2,1482.0,2,1482.0,2opt,notBad
11298,2,1482.0,2,1482.0,2opt,notBad
11299,2,1482.0,2,1482.0,move,improve
11300,2,1482.0,2,1482.0,move,improve
11301,2,1482.0,2,1482.0,swap,improve
11302,2,1482.0,2,1482.0,2opt,notBad
11303,2,1482.0,2,1482.0,swap,notBad
11304,2,1482.0,2,1482.0,swap,notBad
11305,2,1482.0,2,1482.0,move,improve
11306,2,1482.0,2,1482.0,swap,improve
11307,2,1482.0,2,1482.0,swap,notBad
11308,2,1482.0,2,1482.0,move,improve
11309,2,1482.0,2,1482.0,swap,improve
11310,2,1482.0,2,1482.0,move,improve
11311,2,1482.0,2,1482.0,2opt,notBad
11312,2,1482.0,2,1482.0,2opt,notBad
11313,2,1482.0,2,1482.0,swap,notBad
11314,2,1482.0,2,1482.0,swap,notBad
11315,2,1482.0,2,1482.0,move,improve
11316,2,1482.0,2,1482.0,move,improve
11317,2,1482.0,2,1482.0,2opt,improve
11318,2,1482.0,2,1482.0,swap,improve
11319,2,1482.0,2,1482.0,2opt,notBad
11320,2,1482.0,2,1482.0,2opt,notBad
11321,2,1482.0,2,1482.0,move,improve
11322,2,1482.0,2,1482.0,swap,notBad
11323,2,1482.0,2,1482.0,move,improve
11324,2,1482.0,2,1482.0,swap,improve
11325,2,1482.0,2,1482.0,swap,notBad
11326,2,1482.0,2,1482.0,move,improve
11327,2,1482.0,2,1482.0,2opt,notBad
11328,2,1482.0,2,1482.0,2opt,notBad
11329,2,1482.0,2,1482.0,swap,improve
11330,2,1482.0,2,1482.0,swap,improve
11331,2,1482.0,2,1482.0,move,improve
11332,2,1482.0,2,1482.0,2opt,notBad
11333,2,1482.0,2,1482.0,2opt,notBad
11334,2,1482.0,2,1482.0,move,improve
11335,2,1482.0,2,1482.0,2opt,improve
11336,2,1482.0,2,1482.0,2opt,notBad
11337,2,1482.0,2,1482.0,2opt,notBad
11338,2,1482.0,2,1482.0,swap,improve
11339,2,1482.0,2,1482.0,swap,improve
11340,2,1482.0,2,1482.0,move,improve
11341,2,1482.0,2,1482.0,swap,improve
11342,2,1482.0,2,1482.0,2opt,notBad
11343,2,1482.0,2,1482.0,2opt,notBad
11344,2,1482.0,2,1482.0,swap,improve
11345,2,1482.0,2,1482.0,move,improve
11346,2,1482.0,2,1482.0,move,improve
11347,2,1482.0,2,1482.0,swap,notBad
11348,2,1482.0,2,1482.0,swap,improve
11349,2,1482.0,2,1482.0,2opt,improve
11350,2,1482.0,2,1482.0,move,improve
11351,2,1482.0,2,1482.0,move,improve
11352,2,1482.0,2,1482.0,2opt,notBad
11353,2,1482.0,2,1482.0,2opt,notBad
11354,2,1482.0,2,1482.0,swap,notBad
11355,2,1482.0,2,1482.0,2opt,notBad
11356,2,1482.0,2,1482.0,move,improve
11357,2,1482.0,2,1482.0,swap,notBad
11358,2,1482.0,2,1482.0,swap,notBad
11359,2,1482.0,2,1482.0,swap,notBad
11360,2,1482.0,2,1482.0,swap,improve
11361,2,1482.0,2,1482.0,2opt,notBad
11362,2,1482.0,2,1482.0,move,improve
11363,2,1482.0,2,1482.0,2opt,notBad
11364,2,1482.0,2,1482.0,swap,improve
11365,2,1482.0,2,1482.0,move,improve
11366,2,1482.0,2,1482.0,2opt,notBad
11367,2,1482.0,2,1482.0,move,improve
11368,2,1482.0,2,1482.0,2opt,notBad
11369,2,1482.0,2,1482.0,move,improve
11370,2,1482.0,2,1482.0,move,improve
11371,2,1482.0,2,1482.0,move,improve
11372,2,1482.0,2,1482.0,move,improve
11373,2,1482.0,2,1482.0,move,improve
11374,2,1482.0,2,1482.0,move,improve
11375,2,1482.0,2,1482.0,swap,improve
11376,2,1482.0,2,1482.0,move,improve
11377,2,1482.0,2,1482.0,move,improve
11378,2,1482.0,2,1482.0,move,improve
11379,2,1482.0,2,1482.0,move,improve
11380,2,1482.0,2,1482.0,swap,improve
11381,2,1482.0,2,1482.0,swap,improve
11382,2,1482.0,2,1482.0,swap,improve
11383,2,1482.0,2,1482.0,2opt,notBad
11384,2,1482.0,2,1482.0,swap,improve
11385,2,1482.0,2,1482.0,move,improve
11386,2,1482.0,2,1482.0,2opt,notBad
11387,2,1482.0,2,1482.0,swap,notBad
11388,2,1482.0,2,1482.0,swap,notBad
11389,2,1482.0,2,1482.0,move,improve
11390,2,1482.0,2,1482.0,move,improve
11391,2,1482.0,2,1482.0,move,improve
11392,2,1482.0,2,1482.0,swap,improve
11393,2,1482.0,2,1482.0,swap,improve
11394,2,1482.0,2,1482.0,swap,notBad
11395,2,1482.0,2,1482.0,swap,improve
11396,2,1482.0,2,1482.0,swap,improve
11397,2,1482.0,2,1482.0,move,improve
11398,2,1482.0,2,1482.0,move,improve
11399,2,1482.0,2,1482.0,swap,improve
11400,2,1482.0,2,1482.0,swap,improve
11401,2,1482.0,2,1482.0,2opt,notBad
11402,2,1482.0,2,1482.0,swap,improve
11403,2,1482.0,2,1482.0,move,improve
11404,2,1482.0,2,1482.0,swap,improve
11405,2,1482.0,2,1482.0,2opt,notBad
11406,2,1482.0,2,1482.0,2opt,notBad
11407,2,1482.0,2,1482.0,2opt,notBad
11408,2,1482.0,2,1482.0,swap,notBad
11409,2,1482.0,2,1482.0,swap,improve
11410,2,1482.0,2,1482.0,swap,improve
11411,2,1482.0,2,1482.0,swap,improve
11412,2,1482.0,2,1482.0,swap,improve
11413,2,1482.0,2,1482.0,swap,notBad
11414,2,1482.0,2,1482.0,move,improve
11415,2,1482.0,2,1482.0,2opt,notBad
11416,2,1482.0,2,1482.0,swap,improve
11417,2,1482.0,2,1482.0,move,improve
11418,2,1482.0,2,1482.0,swap,improve
11419,2,1482.0,2,1482.0,swap,notBad
11420,2,1482.0,2,1482.0,2opt,notBad
11421,2,1482.0,2,1482.0,2opt,notBad
11422,2,1482.0,2,1482.0,move,improve
11423,2,1482.0,2,1482.0,move,improve
11424,2,1482.0,2,1482.0,2opt,notBad
11425,2,1482.0,2,1482.0,2opt,notBad
11426,2,1482.0,2,1482.0,2opt,notBad
11427,2,1482.0,2,1482.0,move,improve
11428,2,1482.0,2,1482.0,2opt,notBad
11429,2,1482.0,2,1482.0,move,improve
11430,2,1482.0,2,1482.0,move,improve
11431,2,1482.0,2,1482.0,move,improve
11432,2,1482.0,2,1482.0,2opt,notBad
11433,2,1482.0,2,1482.0,2opt,notBad
11434,2,1482.0,2,1482.0,swap,improve
11435,2,1482.0,2,1482.0,2opt,notBad
11436,2,1482.0,2,1482.0,move,improve
11437,2,1482.0,2,1482.0,move,improve
11438,2,1482.0,2,1482.0,2opt,notBad
11439,2,1482.0,2,1482.0,swap,improve
11440,2,1482.0,2,1482.0,2opt,notBad
11441,2,1482.0,2,1482.0,2opt,notBad
11442,2,1482.0,2,1482.0,move,improve
11443,2,1482.0,2,1482.0,move,improve
11444,2,1482.0,2,1482.0,swap,improve
11445,2,1482.3000000000002,2,1482.0,swap,acceptBad
11446,2,1482.3000000000002,2,1482.0,2opt,notBad
11447,2,1482.3000000000002,2,1482.0,2opt,notBad
11448,2,1482.3000000000002,2,1482.0,2opt,notBad
11449,2,1482.3000000000002,2,1482.0,2opt,notBad
11450,2,1482.3000000000002,2,1482.0,move,improve
11451,2,1482.3000000000002,2,1482.0,move,improve
11452,2,1482.3000000000002,2,1482.0,move,improve
11453,2,1482.3000000000002,2,1482.0,move,improve
11454,2,1482.3000000000002,2,1482.0,2opt,notBad
11455,2,1482.3000000000002,2,1482.0,swap,notBad
11456,2,1482.3000000000002,2,1482.0,2opt,notBad
11457,2,1482.3000000000002,2,1482.0,move,improve
11458,2,1482.3000000000002,2,1482.0,2opt,notBad
11459,2,1482.3000000000002,2,1482.0,move,improve
11460,2,1482.3000000000002,2,1482.0,2opt,notBad
11461,2,1482.3000000000002,2,1482.0,move,improve
11462,2,1482.3000000000002,2,1482.0,swap,improve
11463,2,1482.3000000000002,2,1482.0,2opt,notBad
11464,2,1482.3000000000002,2,1482.0,swap,improve
11465,2,1482.3000000000002,2,1482.0,2opt,notBad
11466,2,1482.3000000000002,2,1482.0,2opt,improve
11467,2,1482.3000000000002,2,1482.0,move,improve
11468,2,1482.3000000000002,2,1482.0,2opt,notBad
11469,2,1482.3000000000002,2,1482.0,swap,improve
11470,2,1482.3000000000002,2,1482.0,move,improve
11471,2,1482.3000000000002,2,1482.0,swap,notBad
11472,2,1482.3000000000002,2,1482.0,swap,improve
11473,2,1482.3000000000002,2,1482.0,2opt,notBad
11474,2,1482.3000000000002,2,1482.0,move,improve
11475,2,1482.3000000000002,2,1482.0,move,improve
11476,2,1482.3000000000002,2,1482.0,2opt,notBad
11477,2,1482.3000000000002,2,1482.0,swap,improve
11478,2,1482.3000000000002,2,1482.0,move,improve
11479,2,1482.3000000000002,2,1482.0,swap,notBad
11480,2,1482.3000000000002,2,1482.0,2opt,notBad
11481,2,1482.3000000000002,2,1482.0,move,improve
11482,2,1482.0,2,1482.0,move,improve
11483,2,1482.0,2,1482.0,swap,notBad
11484,2,1482.0,2,1482.0,swap,improve
11485,2,1482.0,2,1482.0,move,improve
11486,2,1482.0,2,1482.0,2opt,notBad
11487,2,1482.0,2,1482.0,move,improve
11488,2,1482.0,2,1482.0,swap,improve
11489,2,1482.0,2,1482.0,2opt,notBad
11490,2,1482.0,2,1482.0,swap,improve
11491,2,1482.0,2,1482.0,move,improve
11492,2,1482.0,2,1482.0,2opt,notBad
11493,2,1482.0,2,1482.0,move,improve
11494,2,1482.0,2,1482.0,swap,notBad
11495,2,1482.0,2,1482.0,2opt,notBad
11496,2,1482.0,2,1482.0,2opt,improve
11497,2,1482.0,2,1482.0,move,improve
11498,2,1482.0,2,1482.0,2opt,notBad
11499,2,1482.0,2,1482.0,2opt,notBad
11500,2,1482.0,2,1482.0,move,improve
11501,2,1482.0,2,1482.0,move,improve
11502,2,1482.0,2,1482.0,2opt,notBad
11503,2,1482.0,2,1482.0,2opt,notBad
11504,2,1482.0,2,1482.0,move,improve
11505,2,1482.0,2,1482.0,2opt,notBad
11506,2,1482.0,2,1482.0,move,improve
11507,2,1482.0,2,1482.0,swap,notBad
11508,2,1482.0,2,1482.0,swap,improve
11509,2,1482.0,2,1482.0,swap,notBad
11510,2,1482.0,2,1482.0,swap,improve
11511,2,1482.0,2,1482.0,move,improve
11512,2,1482.0,2,1482.0,swap,notBad
11513,2,1482.0,2,1482.0,2opt,notBad
11514,2,1482.0,2,1482.0,2opt,notBad
11515,2,1482.0,2,1482.0,move,improve
11516,2,1482.0,2,1482.0,move,improve
11517,2,1482.0,2,1482.0,move,improve
11518,2,1482.0,2,1482.0,2opt,notBad
11519,2,1482.0,2,1482.0,2opt,notBad
11520,2,1482.0,2,1482.0,swap,notBad
11521,2,1482.0,2,1482.0,2opt,notBad
11522,2,1482.0,2,1482.0,swap,improve
11523,2,1482.0,2,1482.0,move,improve
11524,2,1482.0,2,1482.0,2opt,notBad
11525,2,1482.0,2,1482.0,swap,improve
11526,2,1482.0,2,1482.0,2opt,notBad
11527,2,1482.0,2,1482.0,move,improve
11528,2,1482.0,2,1482.0,swap,improve
11529,2,1482.0,2,1482.0,move,improve
11530,2,1482.0,2,1482.0,swap,notBad
11531,2,1482.0,2,1482.0,move,improve
11532,2,1482.0,2,1482.0,swap,notBad
11533,2,1482.0,2,1482.0,2opt,notBad
11534,2,1482.0,2,1482.0,move,improve
11535,2,1482.0,2,1482.0,move,improve
11536,2,1482.0,2,1482.0,move,improve
11537,2,1482.0,2,1482.0,move,improve
11538,2,1482.0,2,1482.0,swap,improve
11539,2,1482.0,2,1482.0,swap,notBad
11540,2,1482.0,2,1482.0,move,improve
11541,2,1482.0,2,1482.0,swap,improve
11542,2,1482.0,2,1482.0,move,improve
11543,2,1482.0,2,1482.0,move,improve
11544,2,1482.0,2,1482.0,2opt,improve
11545,2,1482.0,2,1482.0,move,improve
11546,2,1482.0,2,1482.0,2opt,notBad
11547,2,1482.0,2,1482.0,move,improve
11548,2,1482.0,2,1482.0,2opt,notBad
11549,2,1482.0,2,1482.0,swap,notBad
11550,2,1482.0,2,1482.0,2opt,improve
11551,2,1482.0,2,1482.0,2opt,notBad
11552,2,1482.0,2,1482.0,2opt,notBad
11553,2,1482.0,2,1482.0,swap,notBad
11554,2,1482.0,2,1482.0,swap,notBad
11555,2,1482.0,2,1482.0,swap,improve
11556,2,1482.0,2,1482.0,move,improve
11557,2,1482.0,2,1482.0,swap,improve
11558,2,1482.0,2,1482.0,swap,improve
11559,2,1482.0,2,1482.0,move,improve
11560,2,1482.0,2,1482.0,2opt,notBad
11561,2,1482.0,2,1482.0,move,improve
11562,2,1482.0,2,1482.0,swap,notBad
11563,2,1482.0,2,1482.0,2opt,notBad
11564,2,1482.0,2,1482.0,move,improve
11565,2,1482.0,2,1482.0,swap,notBad
11566,2,1482.0,2,1482.0,move,improve
11567,2,1482.0,2,1482.0,2opt,notBad
11568,2,1482.0,2,1482.0,move,improve
11569,2,1482.0,2,1482.0,swap,notBad
11570,2,1482.0,2,1482.0,move,improve
11571,2,1482.0,2,1482.0,move,improve
11572,2,1482.0,2,1482.0,swap,improve
11573,2,1482.0,2,1482.0,move,improve
11574,2,1482.0,2,1482.0,move,improve
11575,2,1482.0,2,1482.0,move,improve
11576,2,1482.0,2,1482.0,swap,improve
11577,2,1482.0,2,1482.0,swap,notBad
11578,2,1482.0,2,1482.0,swap,notBad
11579,2,1482.0,2,1482.0,move,improve
11580,2,1482.0,2,1482.0,2opt,notBad
11581,2,1482.0,2,1482.0,swap,improve
11582,2,1482.0,2,1482.0,2opt,notBad
11583,2,1482.0,2,1482.0,move,improve
11584,2,1482.0,2,1482.0,move,improve
11585,2,1482.0,2,1482.0,2opt,notBad
11586,2,1482.0,2,1482.0,2opt,improve
11587,2,1482.0,2,1482.0,swap,notBad
11588,2,1482.0,2,1482.0,move,improve
11589,2,1482.0,2,1482.0,move,improve
11590,2,1482.0,2,1482.0,2opt,notBad
11591,2,1482.0,2,1482.0,2opt,notBad
11592,2,1482.0,2,1482.0,swap,improve
11593,2,1482.0,2,1482.0,swap,improve
11594,2,1482.0,2,1482.0,2opt,notBad
11595,2,1482.0,2,1482.0,swap,improve
11596,2,1482.0,2,1482.0,move,improve
11597,2,1482.0,2,1482.0,2opt,notBad
11598,2,1482.0,2,1482.0,swap,notBad
11599,2,1482.0,2,1482.0,swap,improve
11600,2,1482.0,2,1482.0,2opt,notBad
11601,2,1482.3000000000002,2,1482.0,move,acceptBad
11602,2,1482.3000000000002,2,1482.0,move,improve
11603,2,1482.3000000000002,2,1482.0,swap,notBad
11604,2,1482.3000000000002,2,1482.0,2opt,notBad
11605,2,1482.3000000000002,2,1482.0,2opt,notBad
11606,2,1482.3000000000002,2,1482.0,2opt,notBad
11607,2,1482.3000000000002,2,1482.0,swap,improve
11608,2,1482.3000000000002,2,1482.0,2opt,notBad
11609,2,1482.3000000000002,2,1482.0,swap,improve
11610,2,1482.3000000000002,2,1482.0,move,improve
11611,2,1482.3000000000002,2,1482.0,2opt,notBad
11612,2,1482.3000000000002,2,1482.0,2opt,notBad
11613,2,1482.3000000000002,2,1482.0,2opt,notBad
11614,2,1482.3000000000002,2,1482.0,2opt,notBad
11615,2,1482.3000000000002,2,1482.0,2opt,notBad
11616,2,1482.3000000000002,2,1482.0,move,improve
11617,2,1482.3000000000002,2,1482.0,move,improve
11618,2,1482.3000000000002,2,1482.0,move,improve
11619,2,1482.3000000000002,2,1482.0,move,improve
11620,2,1482.3000000000002,2,1482.0,move,improve
11621,2,1482.3000000000002,2,1482.0,move,improve
11622,2,1482.3000000000002,2,1482.0,2opt,notBad
11623,2,1482.3000000000002,2,1482.0,swap,notBad
11624,2,1482.3000000000002,2,1482.0,2opt,notBad
11625,2,1482.3000000000002,2,1482.0,2opt,notBad
11626,2,1482.3000000000002,2,1482.0,swap,improve
11627,2,1482.3000000000002,2,1482.0,swap,notBad
11628,2,1482.3000000000002,2,1482.0,2opt,notBad
11629,2,1482.3000000000002,2,1482.0,move,improve
11630,2,1482.3000000000002,2,1482.0,move,improve
11631,2,1482.3000000000002,2,1482.0,move,improve
11632,2,1482.3000000000002,2,1482.0,move,improve
11633,2,1482.3000000000002,2,1482.0,2opt,notBad
11634,2,1482.3000000000002,2,1482.0,2opt,notBad
11635,2,1482.3000000000002,2,1482.0,move,improve
11636,2,1482.3000000000002,2,1482.0,2opt,notBad
11637,2,1482.3000000000002,2,1482.0,2opt,notBad
11638,2,1482.3000000000002,2,1482.0,move,improve
11639,2,1482.3000000000002,2,1482.0,2opt,notBad
11640,2,1482.3000000000002,2,1482.0,2opt,notBad
11641,2,1482.3000000000002,2,1482.0,swap,improve
11642,2,1482.3000000000002,2,1482.0,move,improve
11643,2,1482.3000000000002,2,1482.0,2opt,notBad
11644,2,1482.0,2,1482.0,swap,improve
11645,2,1482.0,2,1482.0,2opt,notBad
11646,2,1482.0,2,1482.0,2opt,notBad
11647,2,1482.0,2,1482.0,move,improve
11648,2,1482.0,2,1482.0,move,improve
11649,2,1482.0,2,1482.0,swap,notBad
11650,2,1482.0,2,1482.0,swap,improve
11651,2,1482.0,2,1482.0,2opt,notBad
11652,2,1482.0,2,1482.0,move,improve
11653,2,1482.0,2,1482.0,move,improve
11654,2,1482.0,2,1482.0,2opt,notBad
11655,2,1482.0,2,1482.0,move,improve
11656,2,1482.0,2,1482.0,move,improve
11657,2,1482.0,2,1482.0,move,improve
11658,2,1482.0,2,1482.0,move,improve
11659,2,1482.0,2,1482.0,move,improve
11660,2,1482.0,2,1482.0,swap,improve
11661,2,1482.0,2,1482.0,swap,improve
11662,2,1482.0,2,1482.0,2opt,notBad
11663,2,1482.0,2,1482.0,2opt,notBad
11664,2,1482.0,2,1482.0,swap,improve
11665,2,1482.0,2,1482.0,move,improve
11666,2,1482.0,2,1482.0,2opt,improve
11667,2,1482.0,2,1482.0,swap,notBad
11668,2,1482.0,2,1482.0,2opt,notBad
11669,2,1482.0,2,1482.0,swap,improve
11670,2,1482.0,2,1482.0,2opt,notBad
11671,2,1482.0,2,1482.0,move,improve
11672,2,1482.0,2,1482.0,swap,improve
11673,2,1482.0,2,1482.0,swap,notBad
11674,2,1482.0,2,1482.0,2opt,notBad
11675,2,1482.0,2,1482.0,2opt,notBad
11676,2,1482.0,2,1482.0,2opt,notBad
11677,2,1482.0,2,1482.0,2opt,notBad
11678,2,1482.0,2,1482.0,2opt,notBad
11679,2,1482.0,2,1482.0,swap,notBad
11680,2,1482.0,2,1482.0,swap,improve
11681,2,1482.0,2,1482.0,2opt,notBad
11682,2,1482.0,2,1482.0,swap,notBad
11683,2,1482.0,2,1482.0,2opt,notBad
11684,2,1482.0,2,1482.0,swap,notBad
11685,2,1482.0,2,1482.0,swap,improve
11686,2,1482.0,2,1482.0,2opt,improve
11687,2,1482.0,2,1482.0,move,improve
11688,2,1482.0,2,1482.0,2opt,notBad
11689,2,1482.0,2,1482.0,move,improve
11690,2,1482.0,2,1482.0,2opt,notBad
11691,2,1482.0,2,1482.0,swap,notBad
11692,2,1482.0,2,1482.0,move,improve
11693,2,1482.0,2,1482.0,move,improve
11694,2,1482.0,2,1482.0,move,improve
11695,2,1482.0,2,1482.0,2opt,notBad
11696,2,1482.0,2,1482.0,swap,notBad
11697,2,1482.0,2,1482.0,2opt,notBad
11698,2,1482.0,2,1482.0,move,improve
11699,2,1482.0,2,1482.0,2opt,notBad
11700,2,1482.0,2,1482.0,2opt,notBad
11701,2,1482.0,2,1482.0,swap,improve
11702,2,1482.0,2,1482.0,swap,improve
11703,2,1482.0,2,1482.0,move,improve
11704,2,1482.0,2,1482.0,move,improve
11705,2,1482.0,2,1482.0,move,improve
11706,2,1482.0,2,1482.0,move,improve
11707,2,1482.0,2,1482.0,move,improve
11708,2,1482.0,2,1482.0,swap,improve
11709,2,1482.0,2,1482.0,move,improve
11710,2,1482.0,2,1482.0,swap,improve
11711,2,1482.0,2,1482.0,2opt,notBad
11712,2,1482.0,2,1482.0,move,improve
11713,2,1482.0,2,1482.0,swap,notBad
11714,2,1482.0,2,1482.0,2opt,notBad
11715,2,1482.0,2,1482.0,move,improve
11716,2,1482.0,2,1482.0,move,improve
11717,2,1482.0,2,1482.0,move,improve
11718,2,1482.0,2,1482.0,move,improve
11719,2,1482.0,2,1482.0,move,improve
11720,2,1482.0,2,1482.0,swap,notBad
11721,2,1482.0,2,1482.0,move,improve
11722,2,1482.0,2,1482.0,2opt,notBad
11723,2,1482.0,2,1482.0,2opt,notBad
11724,2,1482.0,2,1482.0,swap,notBad
11725,2,1482.0,2,1482.0,swap,notBad
11726,2,1482.0,2,1482.0,2opt,notBad
11727,2,1482.0,2,1482.0,2opt,notBad
11728,2,1482.0,2,1482.0,swap,improve
11729,2,1482.0,2,1482.0,swap,improve
11730,2,1482.0,2,1482.0,move,improve
11731,2,1482.0,2,1482.0,swap,improve
11732,2,1482.0,2,1482.0,swap,notBad
11733,2,1482.0,2,1482.0,swap,notBad
11734,2,1482.0,2,1482.0,2opt,notBad
11735,2,1482.0,2,1482.0,swap,notBad
11736,2,1482.0,2,1482.0,2opt,notBad
11737,2,1482.0,2,1482.0,move,improve
11738,2,1482.3000000000002,2,1482.0,move,acceptBad
11739,2,1482.3000000000002,2,1482.0,move,improve
11740,2,1482.3000000000002,2,1482.0,2opt,notBad
11741,2,1482.3000000000002,2,1482.0,2opt,notBad
11742,2,1482.3000000000002,2,1482.0,move,improve
11743,2,1482.3000000000002,2,1482.0,move,improve
11744,2,1482.3000000000002,2,1482.0,move,improve
11745,2,1482.3000000000002,2,1482.0,swap,notBad
11746,2,1482.3000000000002,2,1482.0,2opt,notBad
11747,2,1482.3000000000002,2,1482.0,swap,improve
11748,2,1482.3000000000002,2,1482.0,2opt,improve
11749,2,1482.3000000000002,2,1482.0,2opt,notBad
11750,2,1482.3000000000002,2,1482.0,swap,improve
11751,2,1482.3000000000002,2,1482.0,move,improve
11752,2,1482.3000000000002,2,1482.0,swap,improve
11753,2,1482.3000000000002,2,1482.0,swap,notBad
11754,2,1482.3000000000002,2,1482.0,2opt,notBad
11755,2,1482.3000000000002,2,1482.0,swap,improve
11756,2,1482.3000000000002,2,1482.0,2opt,notBad
11757,2,1482.3000000000002,2,1482.0,move,improve
11758,2,1482.3000000000002,2,1482.0,2opt,notBad
11759,2,1482.3000000000002,2,1482.0,swap,improve
11760,2,1482.3000000000002,2,1482.0,move,improve
11761,2,1482.3000000000002,2,1482.0,swap,improve
11762,2,1482.3000000000002,2,1482.0,swap,improve
11763,2,1482.3000000000002,2,1482.0,move,improve
11764,2,1482.3000000000002,2,1482.0,swap,improve
11765,2,1482.3000000000002,2,1482.0,move,improve
11766,2,1482.3000000000002,2,1482.0,2opt,improve
11767,2,1482.3000000000002,2,1482.0,move,improve
11768,2,1482.3000000000002,2,1482.0,2opt,notBad
11769,2,1482.3000000000002,2,1482.0,move,improve
11770,2,1482.3000000000002,2,1482.0,2opt,improve
11771,2,1482.3000000000002,2,1482.0,swap,notBad
11772,2,1482.3000000000002,2,1482.0,swap,improve
11773,2,1482.3000000000002,2,1482.0,2opt,notBad
11774,2,1482.3000000000002,2,1482.0,swap,improve
11775,2,1482.3000000000002,2,1482.0,swap,improve
11776,2,1482.3000000000002,2,1482.0,move,improve
11777,2,1482.3000000000002,2,1482.0,swap,notBad
11778,2,1482.3000000000002,2,1482.0,swap,improve
11779,2,1482.3000000000002,2,1482.0,move,improve
11780,2,1482.3000000000002,2,1482.0,swap,improve
11781,2,1482.3000000000002,2,1482.0,move,improve
11782,2,1482.3000000000002,2,1482.0,swap,improve
11783,2,1482.3000000000002,2,1482.0,swap,notBad
11784,2,1482.3000000000002,2,1482.0,2opt,notBad
11785,2,1482.3000000000002,2,1482.0,move,improve
11786,2,1482.3000000000002,2,1482.0,swap,notBad
11787,2,1482.3000000000002,2,1482.0,swap,notBad
11788,2,1482.3000000000002,2,1482.0,swap,improve
11789,2,1482.3000000000002,2,1482.0,swap,improve
11790,2,1482.3000000000002,2,1482.0,swap,improve
11791,2,1482.3000000000002,2,1482.0,swap,notBad
11792,2,1482.3000000000002,2,1482.0,swap,improve
11793,2,1482.3000000000002,2,1482.0,swap,notBad
11794,2,1482.3000000000002,2,1482.0,move,improve
11795,2,1482.3000000000002,2,1482.0,2opt,notBad
11796,2,1482.3000000000002,2,1482.0,swap,improve
11797,2,1482.3000000000002,2,1482.0,swap,notBad
11798,2,1482.3000000000002,2,1482.0,2opt,notBad
11799,2,1482.3000000000002,2,1482.0,move,improve
11800,2,1482.3000000000002,2,1482.0,move,improve
11801,2,1482.3000000000002,2,1482.0,move,improve
11802,2,1482.3000000000002,2,1482.0,2opt,notBad
11803,2,1482.3000000000002,2,1482.0,move,improve
11804,2,1482.3000000000002,2,1482.0,move,improve
11805,2,1482.3000000000002,2,1482.0,2opt,notBad
11806,2,1482.3000000000002,2,1482.0,move,improve
11807,2,1482.3000000000002,2,1482.0,2opt,notBad
11808,2,1482.3000000000002,2,1482.0,2opt,notBad
11809,2,1482.3000000000002,2,1482.0,swap,improve
11810,2,1482.3000000000002,2,1482.0,move,improve
11811,2,1482.3000000000002,2,1482.0,2opt,notBad
11812,2,1482.3000000000002,2,1482.0,2opt,notBad
11813,2,1482.3000000000002,2,1482.0,move,improve
11814,2,1482.3000000000002,2,1482.0,2opt,notBad
11815,2,1482.3000000000002,2,1482.0,2opt,notBad
11816,2,1482.3000000000002,2,1482.0,2opt,notBad
11817,2,1482.3000000000002,2,1482.0,2opt,notBad
11818,2,1482.3000000000002,2,1482.0,2opt,notBad
11819,2,1482.3000000000002,2,1482.0,move,improve
11820,2,1482.3000000000002,2,1482.0,2opt,notBad
11821,2,1482.3000000000002,2,1482.0,move,improve
11822,2,1482.3000000000002,2,1482.0,swap,improve
11823,2,1482.3000000000002,2,1482.0,move,improve
11824,2,1482.3000000000002,2,1482.0,2opt,notBad
11825,2,1482.3000000000002,2,1482.0,move,improve
11826,2,1482.3000000000002,2,1482.0,swap,improve
11827,2,1482.3000000000002,2,1482.0,swap,notBad
11828,2,1482.3000000000002,2,1482.0,swap,improve
11829,2,1482.3000000000002,2,1482.0,2opt,notBad
11830,2,1482.3000000000002,2,1482.0,2opt,notBad
11831,2,1482.3000000000002,2,1482.0,move,improve
11832,2,1482.3000000000002,2,1482.0,2opt,notBad
11833,2,1482.3000000000002,2,1482.0,move,improve
11834,2,1482.3000000000002,2,1482.0,swap,improve
11835,2,1482.3000000000002,2,1482.0,move,improve
11836,2,1482.3000000000002,2,1482.0,2opt,notBad
11837,2,1482.3000000000002,2,1482.0,move,improve
11838,2,1482.3000000000002,2,1482.0,move,improve
11839,2,1482.3000000000002,2,1482.0,swap,improve
11840,2,1482.3000000000002,2,1482.0,swap,notBad
11841,2,1482.3000000000002,2,1482.0,swap,notBad
11842,2,1482.3000000000002,2,1482.0,move,improve
11843,2,1482.3000000000002,2,1482.0,2opt,notBad
11844,2,1482.3000000000002,2,1482.0,move,improve
11845,2,1482.3000000000002,2,1482.0,move,improve
11846,2,1482.3000000000002,2,1482.0,move,improve
11847,2,1482.3000000000002,2,1482.0,2opt,improve
11848,2,1482.3000000000002,2,1482.0,swap,notBad
11849,2,1482.3000000000002,2,1482.0,swap,improve
11850,2,1482.3000000000002,2,1482.0,swap,improve
11851,2,1482.3000000000002,2,1482.0,2opt,notBad
11852,2,1482.3000000000002,2,1482.0,move,improve
11853,2,1482.3000000000002,2,1482.0,move,improve
11854,2,1482.3000000000002,2,1482.0,2opt,notBad
11855,2,1482.3000000000002,2,1482.0,swap,notBad
11856,2,1482.3000000000002,2,1482.0,move,improve
11857,2,1482.3000000000002,2,1482.0,swap,notBad
11858,2,1482.3000000000002,2,1482.0,2opt,notBad
11859,2,1482.3000000000002,2,1482.0,swap,improve
11860,2,1482.3000000000002,2,1482.0,move,improve
11861,2,1482.3000000000002,2,1482.0,2opt,notBad
11862,2,1482.3000000000002,2,1482.0,move,improve
11863,2,1482.3000000000002,2,1482.0,swap,notBad
11864,2,1482.3000000000002,2,1482.0,move,improve
11865,2,1482.3000000000002,2,1482.0,move,improve
11866,2,1482.3000000000002,2,1482.0,2opt,notBad
11867,2,1482.3000000000002,2,1482.0,swap,notBad
11868,2,1482.3000000000002,2,1482.0,move,improve
11869,2,1482.3000000000002,2,1482.0,2opt,notBad
11870,2,1482.3000000000002,2,1482.0,move,improve
11871,2,1482.3000000000002,2,1482.0,2opt,notBad
11872,2,1482.3000000000002,2,1482.0,swap,notBad
11873,2,1482.3000000000002,2,1482.0,move,improve
11874,2,1482.3000000000002,2,1482.0,2opt,notBad
11875,2,1482.3000000000002,2,1482.0,2opt,improve
11876,2,1482.3000000000002,2,1482.0,move,improve
11877,2,1482.3000000000002,2,1482.0,2opt,notBad
11878,2,1482.3000000000002,2,1482.0,2opt,notBad
11879,2,1482.3000000000002,2,1482.0,move,improve
11880,2,1482.3000000000002,2,1482.0,move,improve
11881,2,1482.3000000000002,2,1482.0,move,improve
11882,2,1482.3000000000002,2,1482.0,swap,notBad
11883,2,1482.3000000000002,2,1482.0,2opt,notBad
11884,2,1482.3000000000002,2,1482.0,move,improve
11885,2,1482.3000000000002,2,1482.0,swap,improve
11886,2,1482.3000000000002,2,1482.0,2opt,notBad
11887,2,1482.3000000000002,2,1482.0,move,improve
11888,2,1482.3000000000002,2,1482.0,move,improve
11889,2,1482.3000000000002,2,1482.0,move,improve
11890,2,1482.3000000000002,2,1482.0,swap,improve
11891,2,1482.3000000000002,2,1482.0,swap,notBad
11892,2,1482.3000000000002,2,1482.0,move,improve
11893,2,1482.3000000000002,2,1482.0,swap,notBad
11894,2,1482.3000000000002,2,1482.0,swap,notBad
11895,2,1482.3000000000002,2,1482.0,2opt,notBad
11896,2,1482.3000000000002,2,1482.0,2opt,notBad
11897,2,1482.3000000000002,2,1482.0,2opt,notBad
11898,2,1482.3000000000002,2,1482.0,move,improve
11899,2,1482.3000000000002,2,1482.0,move,improve
11900,2,1482.3000000000002,2,1482.0,move,improve
11901,2,1482.3000000000002,2,1482.0,2opt,notBad
11902,2,1482.3000000000002,2,1482.0,2opt,notBad
11903,2,1482.3000000000002,2,1482.0,2opt,notBad
11904,2,1482.0,2,1482.0,move,improve
11905,2,1482.0,2,1482.0,swap,notBad
11906,2,1482.0,2,1482.0,2opt,notBad
11907,2,1482.0,2,1482.0,2opt,improve
11908,2,1482.0,2,1482.0,2opt,notBad
11909,2,1482.0,2,1482.0,move,improve
11910,2,1482.0,2,1482.0,2opt,notBad
11911,2,1482.0,2,1482.0,swap,improve
11912,2,1482.0,2,1482.0,swap,improve
11913,2,1482.0,2,1482.0,move,improve
11914,2,1482.0,2,1482.0,move,improve
11915,2,1482.0,2,1482.0,move,improve
11916,2,1482.0,2,1482.0,swap,improve
11917,2,1482.0,2,1482.0,move,improve
11918,2,1482.0,2,1482.0,move,improve
11919,2,1482.0,2,1482.0,2opt,notBad
11920,2,1482.0,2,1482.0,2opt,improve
11921,2,1482.0,2,1482.0,swap,notBad
11922,2,1482.0,2,1482.0,swap,improve
11923,2,1482.0,2,1482.0,swap,notBad
11924,2,1482.0,2,1482.0,2opt,notBad
11925,2,1482.0,2,1482.0,swap,improve
11926,2,1482.0,2,1482.0,move,improve
11927,2,1482.0,2,1482.0,move,improve
11928,2,1482.0,2,1482.0,move,improve
11929,2,1482.0,2,1482.0,move,improve
11930,2,1482.0,2,1482.0,move,improve
11931,2,1482.0,2,1482.0,move,improve
11932,2,1482.0,2,1482.0,2opt,notBad
11933,2,1482.0,2,1482.0,2opt,notBad
11934,2,1482.0,2,1482.0,swap,improve
11935,2,1482.0,2,1482.0,swap,improve
11936,2,1482.0,2,1482.0,swap,notBad
11937,2,1482.0,2,1482.0,2opt,notBad
11938,2,1482.0,2,1482.0,move,improve
11939,2,1482.0,2,1482.0,swap,improve
11940,2,1482.0,2,1482.0,move,improve
11941,2,1482.0,2,1482.0,2opt,notBad
11942,2,1482.0,2,1482.0,move,improve
11943,2,1482.0,2,1482.0,move,improve
11944,2,1482.0,2,1482.0,2opt,notBad
11945,2,1482.0,2,1482.0,swap,improve
11946,2,1482.0,2,1482.0,2opt,notBad
11947,2,1482.0,2,1482.0,2opt,notBad
11948,2,1482.0,2,1482.0,2opt,improve
11949,2,1482.0,2,1482.0,2opt,notBad
11950,2,1482.0,2,1482.0,2opt,notBad
11951,2,1482.0,2,1482.0,2opt,notBad
11952,2,1482.0,2,1482.0,move,improve
11953,2,1482.0,2,1482.0,swap,notBad
11954,2,1482.0,2,1482.0,swap,notBad
11955,2,1482.0,2,1482.0,move,improve
11956,2,1482.0,2,1482.0,2opt,notBad
11957,2,1482.0,2,1482.0,move,improve
11958,2,1482.0,2,1482.0,move,improve
11959,2,1482.0,2,1482.0,move,improve
11960,2,1482.0,2,1482.0,move,improve
11961,2,1482.3000000000002,2,1482.0,swap,acceptBad
11962,2,1482.3000000000002,2,1482.0,2opt,notBad
11963,2,1482.3000000000002,2,1482.0,swap,improve
11964,2,1482.3000000000002,2,1482.0,swap,notBad
11965,2,1482.3000000000002,2,1482.0,swap,notBad
11966,2,1482.3000000000002,2,1482.0,move,improve
11967,2,1482.3000000000002,2,1482.0,2opt,notBad
11968,2,1482.3000000000002,2,1482.0,swap,improve
11969,2,1482.3000000000002,2,1482.0,move,improve
11970,2,1482.3000000000002,2,1482.0,swap,improve
11971,2,1482.3000000000002,2,1482.0,move,improve
11972,2,1482.3000000000002,2,1482.0,2opt,notBad
11973,2,1482.3000000000002,2,1482.0,move,improve
11974,2,1482.3000000000002,2,1482.0,move,improve
11975,2,1482.3000000000002,2,1482.0,swap,improve
11976,2,1482.3000000000002,2,1482.0,2opt,notBad
11977,2,1482.3000000000002,2,1482.0,swap,notBad
11978,2,1482.3000000000002,2,1482.0,move,improve
11979,2,1482.3000000000002,2,1482.0,move,improve
11980,2,1482.3000000000002,2,1482.0,swap,notBad
11981,2,1482.3000000000002,2,1482.0,swap,improve
11982,2,1482.3000000000002,2,1482.0,swap,improve
11983,2,1482.3000000000002,2,1482.0,swap,improve
11984,2,1482.3000000000002,2,1482.0,swap,notBad
11985,2,1482.3000000000002,2,1482.0,2opt,notBad
11986,2,1482.3000000000002,2,1482.0,2opt,notBad
11987,2,1482.3000000000002,2,1482.0,move,improve
11988,2,1482.3000000000002,2,1482.0,2opt,improve
11989,2,1482.3000000000002,2,1482.0,2opt,notBad
11990,2,1482.3000000000002,2,1482.0,move,improve
11991,2,1482.3000000000002,2,1482.0,2opt,notBad
11992,2,1482.3000000000002,2,1482.0,2opt,notBad
11993,2,1482.3000000000002,2,1482.0,move,improve
11994,2,1482.3000000000002,2,1482.0,swap,improve
11995,2,1482.3000000000002,2,1482.0,move,improve
11996,2,1482.3000000000002,2,1482.0,2opt,notBad
11997,2,1482.3000000000002,2,1482.0,swap,improve
11998,2,1482.3000000000002,2,1482.0,2opt,notBad
11999,2,1482.3000000000002,2,1482.0,move,improve
12000,2,1482.3000000000002,2,1482.0,2opt,notBad
12001,2,1482.3000000000002,2,1482.0,move,improve
12002,2,1482.3000000000002,2,1482.0,move,improve
12003,2,1482.3000000000002,2,1482.0,2opt,notBad
12004,2,1482.3000000000002,2,1482.0,swap,improve
12005,2,1482.3000000000002,2,1482.0,2opt,notBad
12006,2,1482.3000000000002,2,1482.0,2opt,notBad
12007,2,1482.3000000000002,2,1482.0,swap,improve
12008,2,1482.3000000000002,2,1482.0,swap,notBad
12009,2,1482.3000000000002,2,1482.0,move,improve
12010,2,1482.3000000000002,2,1482.0,swap,notBad
12011,2,1482.3000000000002,2,1482.0,swap,improve
12012,2,1482.3000000000002,2,1482.0,2opt,improve
12013,2,1482.3000000000002,2,1482.0,swap,notBad
12014,2,1482.3000000000002,2,1482.0,swap,improve
12015,2,1482.3000000000002,2,1482.0,2opt,notBad
12016,2,1482.3000000000002,2,1482.0,move,improve
12017,2,1482.3000000000002,2,1482.0,2opt,notBad
12018,2,1482.3000000000002,2,1482.0,2opt,notBad
12019,2,1482.3000000000002,2,1482.0,2opt,notBad
12020,2,1482.3000000000002,2,1482.0,move,improve
12021,2,1482.3000000000002,2,1482.0,2opt,notBad
12022,2,1482.3000000000002,2,1482.0,swap,improve
12023,2,1482.3000000000002,2,1482.0,2opt,notBad
12024,2,1482.3000000000002,2,1482.0,2opt,notBad
12025,2,1482.3000000000002,2,1482.0,move,improve
12026,2,1482.3000000000002,2,1482.0,move,improve
12027,2,1482.3000000000002,2,1482.0,move,improve
12028,2,1482.3000000000002,2,1482.0,swap,improve
12029,2,1482.3000000000002,2,1482.0,swap,improve
12030,2,1482.3000000000002,2,1482.0,swap,notBad
12031,2,1482.3000000000002,2,1482.0,swap,notBad
12032,2,1482.3000000000002,2,1482.0,swap,notBad
12033,2,1482.3000000000002,2,1482.0,move,improve
12034,2,1482.3000000000002,2,1482.0,2opt,notBad
12035,2,1482.3000000000002,2,1482.0,move,improve
12036,2,1482.3000000000002,2,1482.0,2opt,notBad
12037,2,1482.3000000000002,2,1482.0,swap,notBad
12038,2,1482.3000000000002,2,1482.0,move,improve
12039,2,1482.3000000000002,2,1482.0,2opt,notBad
12040,2,1482.3000000000002,2,1482.0,move,improve
12041,2,1482.3000000000002,2,1482.0,2opt,notBad
12042,2,1482.3000000000002,2,1482.0,2opt,improve
12043,2,1482.3000000000002,2,1482.0,2opt,notBad
12044,2,1482.3000000000002,2,1482.0,2opt,notBad
12045,2,1482.3000000000002,2,1482.0,2opt,notBad
12046,2,1482.3000000000002,2,1482.0,swap,improve
12047,2,1482.3000000000002,2,1482.0,swap,improve
12048,2,1482.3000000000002,2,1482.0,swap,improve
12049,2,1482.3000000000002,2,1482.0,swap,improve
12050,2,1482.3000000000002,2,1482.0,2opt,notBad
12051,2,1482.3000000000002,2,1482.0,move,improve
12052,2,1482.3000000000002,2,1482.0,2opt,notBad
12053,2,1482.3000000000002,2,1482.0,swap,improve
12054,2,1482.3000000000002,2,1482.0,swap,notBad
12055,2,1482.3000000000002,2,1482.0,2opt,notBad
12056,2,1482.3000000000002,2,1482.0,move,improve
12057,2,1482.3000000000002,2,1482.0,move,improve
12058,2,1482.3000000000002,2,1482.0,move,improve
12059,2,1482.3000000000002,2,1482.0,2opt,notBad
12060,2,1482.3000000000002,2,1482.0,2opt,notBad
12061,2,1482.3000000000002,2,1482.0,2opt,notBad
12062,2,1482.3000000000002,2,1482.0,move,improve
12063,2,1482.3000000000002,2,1482.0,swap,improve
12064,2,1482.3000000000002,2,1482.0,swap,notBad
12065,2,1482.3000000000002,2,1482.0,move,improve
12066,2,1482.3000000000002,2,1482.0,move,improve
12067,2,1482.3000000000002,2,1482.0,2opt,notBad
12068,2,1482.3000000000002,2,1482.0,2opt,notBad
12069,2,1482.0,2,1482.0,swap,improve
12070,2,1482.0,2,1482.0,2opt,notBad
12071,2,1482.0,2,1482.0,swap,improve
12072,2,1482.0,2,1482.0,move,improve
12073,2,1482.0,2,1482.0,swap,notBad
12074,2,1482.0,2,1482.0,2opt,notBad
12075,2,1482.0,2,1482.0,swap,improve
12076,2,1482.0,2,1482.0,move,improve
12077,2,1482.0,2,1482.0,2opt,notBad
12078,2,1482.0,2,1482.0,move,improve
12079,2,1482.0,2,1482.0,swap,notBad
12080,2,1482.0,2,1482.0,2opt,notBad
12081,2,1482.0,2,1482.0,move,improve
12082,2,1482.0,2,1482.0,swap,improve
12083,2,1482.0,2,1482.0,2opt,notBad
12084,2,1482.0,2,1482.0,swap,notBad
12085,2,1482.0,2,1482.0,swap,improve
12086,2,1482.0,2,1482.0,move,improve
12087,2,1482.0,2,1482.0,2opt,notBad
12088,2,1482.0,2,1482.0,swap,improve
12089,2,1482.3000000000002,2,1482.0,swap,acceptBad
12090,2,1482.3000000000002,2,1482.0,move,improve
12091,2,1482.3000000000002,2,1482.0,2opt,notBad
12092,2,1482.3000000000002,2,1482.0,move,improve
12093,2,1482.3000000000002,2,1482.0,swap,notBad
12094,2,1482.3000000000002,2,1482.0,move,improve
12095,2,1482.3000000000002,2,1482.0,swap,improve
12096,2,1482.3000000000002,2,1482.0,2opt,notBad
12097,2,1482.3000000000002,2,1482.0,2opt,improve
12098,2,1482.3000000000002,2,1482.0,2opt,notBad
12099,2,1482.3000000000002,2,1482.0,move,improve
12100,2,1482.3000000000002,2,1482.0,swap,improve
12101,2,1482.3000000000002,2,1482.0,swap,notBad
12102,2,1482.3000000000002,2,1482.0,move,improve
12103,2,1482.3000000000002,2,1482.0,swap,improve
12104,2,1482.3000000000002,2,1482.0,move,improve
12105,2,1482.3000000000002,2,1482.0,move,improve
12106,2,1482.3000000000002,2,1482.0,2opt,notBad
12107,2,1482.3000000000002,2,1482.0,2opt,notBad
12108,2,1482.3000000000002,2,1482.0,move,improve
12109,2,1482.3000000000002,2,1482.0,swap,notBad
12110,2,1482.3000000000002,2,1482.0,swap,improve
12111,2,1482.3000000000002,2,1482.0,swap,improve
12112,2,1482.3000000000002,2,1482.0,2opt,notBad
12113,2,1482.3000000000002,2,1482.0,swap,improve
12114,2,1482.3000000000002,2,1482.0,swap,improve
12115,2,1482.3000000000002,2,1482.0,move,improve
12116,2,1482.3000000000002,2,1482.0,swap,improve
12117,2,1482.3000000000002,2,1482.0,swap,notBad
12118,2,1482.3000000000002,2,1482.0,2opt,notBad
12119,2,1482.3000000000002,2,1482.0,swap,improve
12120,2,1482.3000000000002,2,1482.0,swap,improve
12121,2,1482.3000000000002,2,1482.0,move,improve
12122,2,1482.3000000000002,2,1482.0,2opt,notBad
12123,2,1482.3000000000002,2,1482.0,2opt,notBad
12124,2,1482.3000000000002,2,1482.0,2opt,notBad
12125,2,1482.3000000000002,2,1482.0,swap,improve
12126,2,1482.3000000000002,2,1482.0,swap,improve
12127,2,1482.3000000000002,2,1482.0,move,improve
12128,2,1482.3000000000002,2,1482.0,swap,improve
12129,2,1482.3000000000002,2,1482.0,move,improve
12130,2,1482.3000000000002,2,1482.0,move,improve
12131,2,1482.3000000000002,2,1482.0,2opt,notBad
12132,2,1482.3000000000002,2,1482.0,swap,notBad
12133,2,1482.3000000000002,2,1482.0,2opt,notBad
12134,2,1482.3000000000002,2,1482.0,move,improve
12135,2,1482.3000000000002,2,1482.0,2opt,notBad
12136,2,1482.3000000000002,2,1482.0,2opt,notBad
12137,2,1482.3000000000002,2,1482.0,swap,improve
12138,2,1482.3000000000002,2,1482.0,move,improve
12139,2,1482.3000000000002,2,1482.0,2opt,notBad
12140,2,1482.3000000000002,2,1482.0,move,improve
12141,2,1482.3000000000002,2,1482.0,move,improve
12142,2,1482.3000000000002,2,1482.0,swap,improve
12143,2,1482.3000000000002,2,1482.0,swap,improve
12144,2,1482.3000000000002,2,1482.0,swap,improve
12145,2,1482.3000000000002,2,1482.0,swap,improve
12146,2,1482.3000000000002,2,1482.0,swap,improve
12147,2,1482.3000000000002,2,1482.0,2opt,notBad
12148,2,1482.3000000000002,2,1482.0,move,improve
12149,2,1482.3000000000002,2,1482.0,move,improve
12150,2,1482.3000000000002,2,1482.0,swap,improve
12151,2,1482.3000000000002,2,1482.0,move,improve
12152,2,1482.3000000000002,2,1482.0,swap,improve
12153,2,1482.3000000000002,2,1482.0,swap,notBad
12154,2,1482.3000000000002,2,1482.0,2opt,notBad
12155,2,1482.3000000000002,2,1482.0,2opt,notBad
12156,2,1482.3000000000002,2,1482.0,move,improve
12157,2,1482.3000000000002,2,1482.0,move,improve
12158,2,1482.3000000000002,2,1482.0,2opt,notBad
12159,2,1482.3000000000002,2,1482.0,move,improve
12160,2,1482.3000000000002,2,1482.0,swap,improve
12161,2,1482.0,2,1482.0,swap,improve
12162,2,1482.0,2,1482.0,2opt,notBad
12163,2,1482.0,2,1482.0,move,improve
12164,2,1482.0,2,1482.0,move,improve
12165,2,1482.0,2,1482.0,move,improve
12166,2,1482.0,2,1482.0,move,improve
12167,2,1482.0,2,1482.0,swap,notBad
12168,2,1482.0,2,1482.0,swap,notBad
12169,2,1482.0,2,1482.0,2opt,notBad
12170,2,1482.0,2,1482.0,move,improve
12171,2,1482.0,2,1482.0,2opt,notBad
12172,2,1482.0,2,1482.0,2opt,notBad
12173,2,1482.0,2,1482.0,move,improve
12174,2,1482.0,2,1482.0,move,improve
12175,2,1482.0,2,1482.0,move,improve
12176,2,1482.0,2,1482.0,swap,improve
12177,2,1482.0,2,1482.0,2opt,notBad
12178,2,1482.0,2,1482.0,swap,notBad
12179,2,1482.0,2,1482.0,2opt,notBad
12180,2,1482.0,2,1482.0,move,improve
12181,2,1482.0,2,1482.0,move,improve
12182,2,1482.0,2,1482.0,swap,notBad
12183,2,1482.3000000000002,2,1482.0,swap,acceptBad
12184,2,1482.3000000000002,2,1482.0,move,improve
12185,2,1482.3000000000002,2,1482.0,swap,notBad
12186,2,1482.3000000000002,2,1482.0,swap,notBad
12187,2,1482.3000000000002,2,1482.0,2opt,notBad
12188,2,1482.3000000000002,2,1482.0,2opt,notBad
12189,2,1482.3000000000002,2,1482.0,move,improve
12190,2,1482.3000000000002,2,1482.0,swap,improve
12191,2,1482.3000000000002,2,1482.0,2opt,notBad
12192,2,1482.3000000000002,2,1482.0,move,improve
12193,2,1482.3000000000002,2,1482.0,move,improve
12194,2,1482.3000000000002,2,1482.0,2opt,improve
12195,2,1482.3000000000002,2,1482.0,2opt,notBad
12196,2,1482.3000000000002,2,1482.0,move,improve
12197,2,1482.3000000000002,2,1482.0,move,improve
12198,2,1482.3000000000002,2,1482.0,move,improve
12199,2,1482.3000000000002,2,1482.0,2opt,notBad
12200,2,1482.3000000000002,2,1482.0,move,improve
12201,2,1482.3000000000002,2,1482.0,2opt,notBad
12202,2,1482.3000000000002,2,1482.0,move,improve
12203,2,1482.3000000000002,2,1482.0,move,improve
12204,2,1482.3000000000002,2,1482.0,move,improve
12205,2,1482.3000000000002,2,1482.0,swap,improve
12206,2,1482.3000000000002,2,1482.0,2opt,notBad
12207,2,1482.3000000000002,2,1482.0,2opt,improve
12208,2,1482.3000000000002,2,1482.0,move,improve
12209,2,1482.3000000000002,2,1482.0,2opt,notBad
12210,2,1482.3000000000002,2,1482.0,swap,notBad
12211,2,1482.3000000000002,2,1482.0,swap,improve
12212,2,1482.3000000000002,2,1482.0,swap,improve
12213,2,1482.3000000000002,2,1482.0,2opt,notBad
12214,2,1482.3000000000002,2,1482.0,move,improve
12215,2,1482.3000000000002,2,1482.0,2opt,notBad
12216,2,1482.3000000000002,2,1482.0,2opt,notBad
12217,2,1482.3000000000002,2,1482.0,move,improve
12218,2,1482.3000000000002,2,1482.0,2opt,notBad
12219,2,1482.3000000000002,2,1482.0,swap,notBad
12220,2,1482.0,2,1482.0,move,improve
12221,2,1482.0,2,1482.0,move,improve
12222,2,1482.0,2,1482.0,move,improve
12223,2,1482.0,2,1482.0,2opt,notBad
12224,2,1482.0,2,1482.0,swap,notBad
12225,2,1482.0,2,1482.0,swap,improve
12226,2,1482.0,2,1482.0,move,improve
12227,2,1482.0,2,1482.0,move,improve
12228,2,1482.0,2,1482.0,swap,notBad
12229,2,1482.0,2,1482.0,2opt,notBad
12230,2,1482.0,2,1482.0,swap,improve
12231,2,1482.0,2,1482.0,2opt,notBad
12232,2,1482.0,2,1482.0,swap,improve
12233,2,1482.0,2,1482.0,2opt,notBad
12234,2,1482.0,2,1482.0,swap,improve
12235,2,1482.0,2,1482.0,move,improve
12236,2,1482.0,2,1482.0,swap,notBad
12237,2,1482.0,2,1482.0,swap,improve
12238,2,1482.0,2,1482.0,swap,improve
12239,2,1482.0,2,1482.0,swap,notBad
12240,2,1482.0,2,1482.0,swap,improve
12241,2,1482.0,2,1482.0,2opt,notBad
12242,2,1482.0,2,1482.0,move,improve
12243,2,1482.0,2,1482.0,swap,improve
12244,2,1482.0,2,1482.0,swap,improve
12245,2,1482.0,2,1482.0,swap,notBad
12246,2,1482.0,2,1482.0,2opt,notBad
12247,2,1482.0,2,1482.0,move,improve
12248,2,1482.0,2,1482.0,swap,improve
12249,2,1482.0,2,1482.0,swap,notBad
12250,2,1482.0,2,1482.0,2opt,notBad
12251,2,1482.0,2,1482.0,2opt,improve
12252,2,1482.0,2,1482.0,swap,notBad
12253,2,1482.0,2,1482.0,swap,improve
12254,2,1482.0,2,1482.0,swap,notBad
12255,2,1482.0,2,1482.0,swap,improve
12256,2,1482.0,2,1482.0,2opt,notBad
12257,2,1482.0,2,1482.0,swap,notBad
12258,2,1482.0,2,1482.0,2opt,notBad
12259,2,1482.0,2,1482.0,move,improve
12260,2,1482.0,2,1482.0,move,improve
12261,2,1482.0,2,1482.0,move,improve
12262,2,1482.0,2,1482.0,swap,improve
12263,2,1482.0,2,1482.0,move,improve
12264,2,1482.0,2,1482.0,2opt,notBad
12265,2,1482.0,2,1482.0,2opt,notBad
12266,2,1482.0,2,1482.0,2opt,notBad
12267,2,1482.0,2,1482.0,swap,improve
12268,2,1482.0,2,1482.0,move,improve
12269,2,1482.0,2,1482.0,2opt,improve
12270,2,1482.0,2,1482.0,swap,improve
12271,2,1482.0,2,1482.0,2opt,notBad
12272,2,1482.0,2,1482.0,2opt,notBad
12273,2,1482.0,2,1482.0,2opt,improve
12274,2,1482.0,2,1482.0,2opt,notBad
12275,2,1482.0,2,1482.0,2opt,improve
12276,2,1482.0,2,1482.0,2opt,notBad
12277,2,1482.0,2,1482.0,swap,improve
12278,2,1482.0,2,1482.0,move,improve
12279,2,1482.0,2,1482.0,2opt,notBad
12280,2,1482.0,2,1482.0,2opt,notBad
12281,2,1482.0,2,1482.0,swap,improve
12282,2,1482.0,2,1482.0,move,improve
12283,2,1482.0,2,1482.0,swap,improve
12284,2,1482.0,2,1482.0,swap,improve
12285,2,1482.0,2,1482.0,2opt,notBad
12286,2,1482.0,2,1482.0,2opt,notBad
12287,2,1482.0,2,1482.0,move,improve
12288,2,1482.0,2,1482.0,swap,improve
12289,2,1482.0,2,1482.0,swap,improve
12290,2,1482.0,2,1482.0,swap,notBad
12291,2,1482.0,2,1482.0,move,improve
12292,2,1482.0,2,1482.0,2opt,notBad
12293,2,1482.0,2,1482.0,swap,notBad
12294,2,1482.0,2,1482.0,move,improve
12295,2,1482.0,2,1482.0,move,improve
12296,2,1482.0,2,1482.0,2opt,notBad
12297,2,1482.0,2,1482.0,swap,improve
12298,2,1482.0,2,1482.0,move,improve
12299,2,1482.0,2,1482.0,2opt,notBad
12300,2,1482.0,2,1482.0,2opt,notBad
12301,2,1482.0,2,1482.0,move,improve
12302,2,1482.0,2,1482.0,swap,improve
12303,2,1482.0,2,1482.0,2opt,notBad
12304,2,1482.0,2,1482.0,2opt,notBad
12305,2,1482.0,2,1482.0,move,improve
12306,2,1482.0,2,1482.0,swap,improve
12307,2,1482.0,2,1482.0,move,improve
12308,2,1482.0,2,1482.0,swap,notBad
12309,2,1482.0,2,1482.0,2opt,notBad
12310,2,1482.0,2,1482.0,2opt,notBad
12311,2,1482.0,2,1482.0,swap,notBad
12312,2,1482.0,2,1482.0,swap,notBad
12313,2,1482.0,2,1482.0,2opt,notBad
12314,2,1482.0,2,1482.0,swap,improve
12315,2,1482.0,2,1482.0,swap,notBad
12316,2,1482.0,2,1482.0,move,improve
12317,2,1482.0,2,1482.0,2opt,notBad
12318,2,1482.0,2,1482.0,swap,improve
12319,2,1482.0,2,1482.0,swap,notBad
12320,2,1482.3000000000002,2,1482.0,move,acceptBad
12321,2,1482.3000000000002,2,1482.0,move,improve
12322,2,1482.3000000000002,2,1482.0,swap,notBad
12323,2,1482.3000000000002,2,1482.0,2opt,notBad
12324,2,1482.4,2,1482.0,swap,acceptBad
12325,2,1482.4,2,1482.0,2opt,notBad
12326,2,1482.4,2,1482.0,2opt,notBad
12327,2,1482.4,2,1482.0,move,improve
12328,2,1482.4,2,1482.0,2opt,improve
12329,2,1482.4,2,1482.0,swap,notBad
12330,2,1482.4,2,1482.0,2opt,improve
12331,2,1482.4,2,1482.0,swap,improve
12332,2,1482.4,2,1482.0,2opt,notBad
12333,2,1482.4,2,1482.0,move,improve
12334,2,1482.4,2,1482.0,2opt,notBad
12335,2,1482.4,2,1482.0,2opt,notBad
12336,2,1482.4,2,1482.0,move,improve
12337,2,1482.4,2,1482.0,2opt,notBad
12338,2,1482.4,2,1482.0,swap,notBad
12339,2,1482.4,2,1482.0,2opt,notBad
12340,2,1482.3000000000002,2,1482.0,move,improve
12341,2,1482.3000000000002,2,1482.0,move,improve
12342,2,1482.3000000000002,2,1482.0,move,improve
12343,2,1482.3000000000002,2,1482.0,swap,improve
12344,2,1482.3000000000002,2,1482.0,2opt,notBad
12345,2,1482.3000000000002,2,1482.0,move,improve
12346,2,1482.3000000000002,2,1482.0,2opt,improve
12347,2,1482.3000000000002,2,1482.0,move,improve
12348,2,1482.3000000000002,2,1482.0,move,improve
12349,2,1482.3000000000002,2,1482.0,move,improve
12350,2,1482.3000000000002,2,1482.0,swap,notBad
12351,2,1482.3000000000002,2,1482.0,move,improve
12352,2,1482.3000000000002,2,1482.0,swap,improve
12353,2,1482.3000000000002,2,1482.0,swap,notBad
12354,2,1482.3000000000002,2,1482.0,swap,improve
12355,2,1482.3000000000002,2,1482.0,swap,improve
12356,2,1482.3000000000002,2,1482.0,swap,improve
12357,2,1482.3000000000002,2,1482.0,2opt,notBad
12358,2,1482.3000000000002,2,1482.0,swap,improve
12359,2,1482.3000000000002,2,1482.0,move,improve
12360,2,1482.3000000000002,2,1482.0,move,improve
12361,2,1482.3000000000002,2,1482.0,move,improve
12362,2,1482.3000000000002,2,1482.0,2opt,notBad
12363,2,1482.3000000000002,2,1482.0,move,improve
12364,2,1482.3000000000002,2,1482.0,swap,improve
12365,2,1482.3000000000002,2,1482.0,move,improve
12366,2,1482.3000000000002,2,1482.0,swap,improve
12367,2,1482.3000000000002,2,1482.0,move,improve
12368,2,1482.3000000000002,2,1482.0,move,improve
12369,2,1482.3000000000002,2,1482.0,2opt,notBad
12370,2,1482.3000000000002,2,1482.0,move,improve
12371,2,1482.3000000000002,2,1482.0,2opt,notBad
12372,2,1482.3000000000002,2,1482.0,2opt,notBad
12373,2,1482.3000000000002,2,1482.0,2opt,notBad
12374,2,1482.3000000000002,2,1482.0,2opt,notBad
12375,2,1482.3000000000002,2,1482.0,swap,improve
12376,2,1482.3000000000002,2,1482.0,2opt,notBad
12377,2,1482.3000000000002,2,1482.0,swap,improve
12378,2,1482.3000000000002,2,1482.0,swap,improve
12379,2,1482.3000000000002,2,1482.0,move,improve
12380,2,1482.3000000000002,2,1482.0,move,improve
12381,2,1482.3000000000002,2,1482.0,2opt,notBad
12382,2,1482.3000000000002,2,1482.0,swap,notBad
12383,2,1482.3000000000002,2,1482.0,swap,improve
12384,2,1482.3000000000002,2,1482.0,move,improve
12385,2,1482.3000000000002,2,1482.0,2opt,notBad
12386,2,1482.3000000000002,2,1482.0,2opt,notBad
12387,2,1482.3000000000002,2,1482.0,2opt,notBad
12388,2,1482.3000000000002,2,1482.0,move,improve
12389,2,1482.3000000000002,2,1482.0,2opt,notBad
12390,2,1482.3000000000002,2,1482.0,2opt,notBad
12391,2,1482.3000000000002,2,1482.0,move,improve
12392,2,1482.3000000000002,2,1482.0,swap,improve
12393,2,1482.3000000000002,2,1482.0,2opt,notBad
12394,2,1482.3000000000002,2,1482.0,move,improve
12395,2,1482.3000000000002,2,1482.0,2opt,notBad
12396,2,1482.3000000000002,2,1482.0,swap,improve
12397,2,1482.3000000000002,2,1482.0,2opt,notBad
12398,2,1482.3000000000002,2,1482.0,move,improve
12399,2,1482.3000000000002,2,1482.0,move,improve
12400,2,1482.3000000000002,2,1482.0,swap,improve
12401,2,1482.3000000000002,2,1482.0,move,improve
12402,2,1482.3000000000002,2,1482.0,swap,notBad
12403,2,1482.4,2,1482.0,swap,acceptBad
12404,2,1482.4,2,1482.0,swap,improve
12405,2,1482.4,2,1482.0,move,improve
12406,2,1482.4,2,1482.0,swap,improve
12407,2,1482.4,2,1482.0,swap,notBad
12408,2,1482.4,2,1482.0,move,improve
12409,2,1482.4,2,1482.0,move,improve
12410,2,1482.4,2,1482.0,move,improve
12411,2,1482.4,2,1482.0,move,improve
12412,2,1482.4,2,1482.0,2opt,notBad
12413,2,1482.4,2,1482.0,swap,improve
12414,2,1482.4,2,1482.0,swap,improve
12415,2,1482.4,2,1482.0,2opt,notBad
12416,2,1482.4,2,1482.0,swap,notBad
12417,2,1482.4,2,1482.0,move,improve
12418,2,1482.4,2,1482.0,swap,improve
12419,2,1482.4,2,1482.0,2opt,notBad
12420,2,1482.4,2,1482.0,move,improve
12421,2,1482.4,2,1482.0,swap,notBad
12422,2,1482.4,2,1482.0,2opt,notBad
12423,2,1482.4,2,1482.0,move,improve
12424,2,1482.4,2,1482.0,2opt,improve
12425,2,1482.4,2,1482.0,2opt,notBad
12426,2,1482.4,2,1482.0,move,improve
12427,2,1482.4,2,1482.0,swap,notBad
12428,2,1482.4,2,1482.0,move,improve
12429,2,1482.4,2,1482.0,2opt,notBad
12430,2,1482.4,2,1482.0,swap,notBad
12431,2,1482.4,2,1482.0,swap,notBad
12432,2,1482.4,2,1482.0,swap,improve
12433,2,1482.4,2,1482.0,swap,notBad
12434,2,1482.4,2,1482.0,move,improve
12435,2,1482.4,2,1482.0,move,improve
12436,2,1482.4,2,1482.0,swap,improve
12437,2,1482.4,2,1482.0,2opt,notBad
12438,2,1482.4,2,1482.0,swap,notBad
12439,2,1482.4,2,1482.0,2opt,notBad
12440,2,1482.4,2,1482.0,swap,notBad
12441,2,1482.4,2,1482.0,swap,notBad
12442,2,1482.4,2,1482.0,move,improve
12443,2,1482.4,2,1482.0,2opt,improve
12444,2,1482.4,2,1482.0,move,improve
12445,2,1482.4,2,1482.0,2opt,notBad
12446,2,1482.4,2,1482.0,move,improve
12447,2,1482.4,2,1482.0,2opt,notBad
12448,2,1482.4,2,1482.0,move,improve
12449,2,1482.4,2,1482.0,swap,notBad
12450,2,1482.4,2,1482.0,swap,notBad
12451,2,1482.4,2,1482.0,move,improve
12452,2,1482.4,2,1482.0,move,improve
12453,2,1482.4,2,1482.0,swap,improve
12454,2,1482.4,2,1482.0,move,improve
12455,2,1482.4,2,1482.0,move,improve
12456,2,1482.4,2,1482.0,move,improve
12457,2,1482.4,2,1482.0,swap,notBad
12458,2,1482.4,2,1482.0,move,improve
12459,2,1482.4,2,1482.0,swap,improve
12460,2,1482.4,2,1482.0,move,improve
12461,2,1482.4,2,1482.0,move,improve
12462,2,1482.4,2,1482.0,move,improve
12463,2,1482.4,2,1482.0,move,improve
12464,2,1482.4,2,1482.0,2opt,notBad
12465,2,1482.4,2,1482.0,2opt,notBad
12466,2,1482.4,2,1482.0,swap,improve
12467,2,1482.4,2,1482.0,2opt,notBad
12468,2,1482.4,2,1482.0,move,improve
12469,2,1482.4,2,1482.0,move,improve
12470,2,1482.4,2,1482.0,2opt,notBad
12471,2,1482.4,2,1482.0,2opt,notBad
12472,2,1482.4,2,1482.0,2opt,notBad
12473,2,1482.4,2,1482.0,2opt,notBad
12474,2,1482.4,2,1482.0,swap,improve
12475,2,1482.4,2,1482.0,2opt,notBad
12476,2,1482.4,2,1482.0,2opt,notBad
12477,2,1482.4,2,1482.0,2opt,notBad
12478,2,1482.4,2,1482.0,move,improve
12479,2,1482.4,2,1482.0,move,improve
12480,2,1482.4,2,1482.0,move,improve
12481,2,1482.4,2,1482.0,swap,improve
12482,2,1482.4,2,1482.0,2opt,notBad
12483,2,1482.4,2,1482.0,move,improve
12484,2,1482.4,2,1482.0,2opt,notBad
12485,2,1482.4,2,1482.0,2opt,improve
12486,2,1482.4,2,1482.0,2opt,notBad
12487,2,1482.4,2,1482.0,2opt,notBad
12488,2,1482.4,2,1482.0,swap,notBad
12489,2,1482.4,2,1482.0,2opt,notBad
12490,2,1482.4,2,1482.0,swap,improve
12491,2,1482.4,2,1482.0,move,improve
12492,2,1482.4,2,1482.0,2opt,notBad
12493,2,1482.4,2,1482.0,2opt,notBad
12494,2,1482.4,2,1482.0,swap,improve
12495,2,1482.4,2,1482.0,move,improve
12496,2,1482.4,2,1482.0,2opt,notBad
12497,2,1482.4,2,1482.0,2opt,improve
12498,2,1482.4,2,1482.0,2opt,notBad
12499,2,1482.4,2,1482.0,move,improve
12500,2,1482.4,2,1482.0,2opt,notBad
12501,2,1482.4,2,1482.0,swap,improve
12502,2,1482.4,2,1482.0,move,improve
12503,2,1482.4,2,1482.0,move,improve
12504,2,1482.4,2,1482.0,2opt,notBad
12505,2,1482.4,2,1482.0,swap,notBad
12506,2,1482.4,2,1482.0,2opt,notBad
12507,2,1482.4,2,1482.0,swap,notBad
12508,2,1482.4,2,1482.0,2opt,notBad
12509,2,1482.4,2,1482.0,2opt,notBad
12510,2,1482.4,2,1482.0,2opt,notBad
12511,2,1482.4,2,1482.0,move,improve
12512,2,1482.1,2,1482.0,move,improve
12513,2,1482.1,2,1482.0,move,improve
12514,2,1482.1,2,1482.0,swap,improve
12515,2,1482.1,2,1482.0,swap,notBad
12516,2,1482.1,2,1482.0,move,improve
12517,2,1482.1,2,1482.0,swap,improve
12518,2,1482.1,2,1482.0,swap,notBad
12519,2,1482.1,2,1482.0,swap,notBad
12520,2,1482.1,2,1482.0,swap,notBad
12521,2,1482.1,2,1482.0,2opt,notBad
12522,2,1482.1,2,1482.0,2opt,notBad
12523,2,1482.4,2,1482.0,move,acceptBad
12524,2,1482.4,2,1482.0,move,improve
12525,2,1482.4,2,1482.0,swap,improve
12526,2,1482.4,2,1482.0,swap,notBad
12527,2,1482.4,2,1482.0,2opt,notBad
12528,2,1482.4,2,1482.0,swap,improve
12529,2,1482.4,2,1482.0,swap,improve
12530,2,1482.4,2,1482.0,move,improve
12531,2,1482.4,2,1482.0,2opt,notBad
12532,2,1482.4,2,1482.0,move,improve
12533,2,1482.4,2,1482.0,2opt,notBad
12534,2,1482.4,2,1482.0,swap,improve
12535,2,1482.4,2,1482.0,2opt,notBad
12536,2,1482.4,2,1482.0,swap,notBad
12537,2,1482.4,2,1482.0,2opt,improve
12538,2,1482.4,2,1482.0,swap,improve
12539,2,1482.4,2,1482.0,move,improve
12540,2,1482.4,2,1482.0,2opt,notBad
12541,2,1482.4,2,1482.0,move,improve
12542,2,1482.4,2,1482.0,2opt,notBad
12543,2,1482.4,2,1482.0,swap,notBad
12544,2,1482.4,2,1482.0,swap,improve
12545,2,1482.4,2,1482.0,swap,notBad
12546,2,1482.4,2,1482.0,move,improve
12547,2,1482.4,2,1482.0,swap,notBad
12548,2,1482.4,2,1482.0,2opt,notBad
12549,2,1482.4,2,1482.0,swap,improve
12550,2,1482.4,2,1482.0,2opt,notBad
12551,2,1482.4,2,1482.0,2opt,notBad
12552,2,1482.4,2,1482.0,swap,notBad
12553,2,1482.4,2,1482.0,swap,notBad
12554,2,1482.4,2,1482.0,2opt,notBad
12555,2,1482.4,2,1482.0,2opt,notBad
12556,2,1482.4,2,1482.0,swap,improve
12557,2,1482.4,2,1482.0,move,improve
12558,2,1482.4,2,1482.0,2opt,notBad
12559,2,1482.4,2,1482.0,2opt,notBad
12560,2,1482.4,2,1482.0,move,improve
12561,2,1482.4,2,1482.0,move,improve
12562,2,1482.4,2,1482.0,move,improve
12563,2,1482.4,2,1482.0,move,improve
12564,2,1482.4,2,1482.0,move,improve
12565,2,1482.4,2,1482.0,2opt,notBad
12566,2,1482.4,2,1482.0,move,improve
12567,2,1482.4,2,1482.0,swap,notBad
12568,2,1482.4,2,1482.0,swap,improve
12569,2,1482.4,2,1482.0,swap,improve
12570,2,1482.4,2,1482.0,move,improve
12571,2,1482.4,2,1482.0,swap,notBad
12572,2,1482.4,2,1482.0,move,improve
12573,2,1482.4,2,1482.0,swap,improve
12574,2,1482.4,2,1482.0,swap,improve
12575,2,1482.4,2,1482.0,move,improve
12576,2,1482.4,2,1482.0,swap,notBad
12577,2,1482.4,2,1482.0,2opt,notBad
12578,2,1482.4,2,1482.0,swap,improve
12579,2,1482.4,2,1482.0,swap,improve
12580,2,1482.4,2,1482.0,swap,improve
12581,2,1482.4,2,1482.0,swap,improve
12582,2,1482.4,2,1482.0,2opt,notBad
12583,2,1482.3000000000002,2,1482.0,move,improve
12584,2,1482.3000000000002,2,1482.0,swap,improve
12585,2,1482.3000000000002,2,1482.0,2opt,notBad
12586,2,1482.3000000000002,2,1482.0,2opt,notBad
12587,2,1482.3000000000002,2,1482.0,swap,notBad
12588,2,1482.3000000000002,2,1482.0,2opt,notBad
12589,2,1482.3000000000002,2,1482.0,2opt,notBad
12590,2,1482.0,2,1482.0,swap,improve
12591,2,1482.0,2,1482.0,swap,notBad
12592,2,1482.0,2,1482.0,swap,notBad
12593,2,1482.0,2,1482.0,swap,notBad
12594,2,1482.0,2,1482.0,swap,notBad
12595,2,1482.0,2,1482.0,move,improve
12596,2,1482.0,2,1482.0,2opt,improve
12597,2,1482.0,2,1482.0,move,improve
12598,2,1482.0,2,1482.0,move,improve
12599,2,1482.0,2,1482.0,move,improve
12600,2,1482.0,2,1482.0,2opt,notBad
12601,2,1482.0,2,1482.0,2opt,improve
12602,2,1482.0,2,1482.0,move,improve
12603,2,1482.0,2,1482.0,2opt,notBad
12604,2,1482.0,2,1482.0,move,improve
12605,2,1482.0,2,1482.0,2opt,notBad
12606,2,1482.0,2,1482.0,2opt,notBad
12607,2,1482.0,2,1482.0,2opt,notBad
12608,2,1482.0,2,1482.0,swap,improve
12609,2,1482.0,2,1482.0,move,improve
12610,2,1482.0,2,1482.0,move,improve
12611,2,1482.0,2,1482.0,2opt,notBad
12612,2,1482.0,2,1482.0,move,improve
12613,2,1482.0,2,1482.0,2opt,notBad
12614,2,1482.0,2,1482.0,move,improve
12615,2,1482.0,2,1482.0,move,improve
12616,2,1482.0,2,1482.0,2opt,notBad
12617,2,1482.0,2,1482.0,move,improve
12618,2,1482.0,2,1482.0,swap,notBad
12619,2,1482.0,2,1482.0,2opt,notBad
12620,2,1482.0,2,1482.0,move,improve
12621,2,1482.0,2,1482.0,swap,improve
12622,2,1482.0,2,1482.0,swap,improve
12623,2,1482.0,2,1482.0,2opt,notBad
12624,2,1482.0,2,1482.0,swap,notBad
12625,2,1482.0,2,1482.0,move,improve
12626,2,1482.0,2,1482.0,2opt,notBad
12627,2,1482.0,2,1482.0,swap,improve
12628,2,1482.0,2,1482.0,2opt,notBad
12629,2,1482.0,2,1482.0,move,improve
12630,2,1482.0,2,1482.0,swap,notBad
12631,2,1482.0,2,1482.0,move,improve
12632,2,1482.0,2,1482.0,swap,notBad
12633,2,1482.0,2,1482.0,2opt,notBad
12634,2,1482.0,2,1482.0,move,improve
12635,2,1482.0,2,1482.0,2opt,notBad
12636,2,1482.0,2,1482.0,2opt,notBad
12637,2,1482.0,2,1482.0,2opt,notBad
12638,2,1482.0,2,1482.0,swap,improve
12639,2,1482.0,2,1482.0,2opt,notBad
12640,2,1482.0,2,1482.0,swap,improve
12641,2,1482.0,2,1482.0,move,improve
12642,2,1482.0,2,1482.0,move,improve
12643,2,1482.0,2,1482.0,swap,improve
12644,2,1482.0,2,1482.0,swap,improve
12645,2,1482.0,2,1482.0,swap,improve
12646,2,1482.0,2,1482.0,swap,improve
12647,2,1482.0,2,1482.0,swap,improve
12648,2,1482.0,2,1482.0,swap,notBad
12649,2,1482.0,2,1482.0,2opt,notBad
12650,2,1482.0,2,1482.0,move,improve
12651,2,1482.0,2,1482.0,move,improve
12652,2,1482.0,2,1482.0,swap,notBad
12653,2,1482.0,2,1482.0,move,improve
12654,2,1482.0,2,1482.0,swap,improve
12655,2,1482.0,2,1482.0,2opt,notBad
12656,2,1482.0,2,1482.0,swap,notBad
12657,2,1482.0,2,1482.0,swap,improve
12658,2,1482.0,2,1482.0,2opt,notBad
12659,2,1482.0,2,1482.0,2opt,notBad
12660,2,1482.0,2,1482.0,swap,improve
12661,2,1482.0,2,1482.0,move,improve
12662,2,1482.0,2,1482.0,move,improve
12663,2,1482.0,2,1482.0,2opt,notBad
12664,2,1482.0,2,1482.0,swap,notBad
12665,2,1482.0,2,1482.0,swap,notBad
12666,2,1482.0,2,1482.0,2opt,notBad
12667,2,1482.0,2,1482.0,swap,improve
12668,2,1482.0,2,1482.0,swap,improve
12669,2,1482.0,2,1482.0,swap,improve
12670,2,1482.0,2,1482.0,move,improve
12671,2,1482.0,2,1482.0,swap,improve
12672,2,1482.0,2,1482.0,move,improve
12673,2,1482.0,2,1482.0,2opt,notBad
12674,2,1482.0,2,1482.0,swap,notBad
12675,2,1482.0,2,1482.0,swap,notBad
12676,2,1482.3000000000002,2,1482.0,move,acceptBad
12677,2,1482.3000000000002,2,1482.0,move,improve
12678,2,1482.3000000000002,2,1482.0,swap,notBad
12679,2,1482.3000000000002,2,1482.0,2opt,notBad
12680,2,1482.3000000000002,2,1482.0,swap,notBad
12681,2,1482.3000000000002,2,1482.0,move,improve
12682,2,1482.3000000000002,2,1482.0,move,improve
12683,2,1482.3000000000002,2,1482.0,2opt,notBad
12684,2,1482.3000000000002,2,1482.0,move,improve
12685,2,1482.3000000000002,2,1482.0,2opt,notBad
12686,2,1482.3000000000002,2,1482.0,move,improve
12687,2,1482.3000000000002,2,1482.0,swap,improve
12688,2,1482.3000000000002,2,1482.0,swap,notBad
12689,2,1482.3000000000002,2,1482.0,move,improve
12690,2,1482.3000000000002,2,1482.0,swap,improve
12691,2,1482.3000000000002,2,1482.0,swap,notBad
12692,2,1482.3000000000002,2,1482.0,2opt,notBad
12693,2,1482.3000000000002,2,1482.0,2opt,notBad
12694,2,1482.3000000000002,2,1482.0,2opt,notBad
12695,2,1482.3000000000002,2,1482.0,swap,notBad
12696,2,1482.3000000000002,2,1482.0,move,improve
12697,2,1482.3000000000002,2,1482.0,2opt,notBad
12698,2,1482.3000000000002,2,1482.0,swap,notBad
12699,2,1482.3000000000002,2,1482.0,2opt,notBad
12700,2,1482.3000000000002,2,1482.0,2opt,notBad
12701,2,1482.3000000000002,2,1482.0,move,improve
12702,2,1482.3000000000002,2,1482.0,swap,notBad
12703,2,1482.3000000000002,2,1482.0,move,improve
12704,2,1482.3000000000002,2,1482.0,move,improve
12705,2,1482.3000000000002,2,1482.0,2opt,notBad
12706,2,1482.3000000000002,2,1482.0,move,improve
12707,2,1482.3000000000002,2,1482.0,move,improve
12708,2,1482.3000000000002,2,1482.0,move,improve
12709,2,1482.3000000000002,2,1482.0,2opt,notBad
12710,2,1482.3000000000002,2,1482.0,2opt,notBad
12711,2,1482.3000000000002,2,1482.0,move,improve
12712,2,1482.3000000000002,2,1482.0,2opt,notBad
12713,2,1482.3000000000002,2,1482.0,2opt,notBad
12714,2,1482.3000000000002,2,1482.0,swap,improve
12715,2,1482.3000000000002,2,1482.0,2opt,notBad
12716,2,1482.3000000000002,2,1482.0,swap,improve
12717,2,1482.3000000000002,2,1482.0,2opt,improve
12718,2,1482.3000000000002,2,1482.0,move,improve
12719,2,1482.3000000000002,2,1482.0,swap,notBad
12720,2,1482.3000000000002,2,1482.0,swap,improve
12721,2,1482.3000000000002,2,1482.0,move,improve
12722,2,1482.3000000000002,2,1482.0,swap,notBad
12723,2,1482.3000000000002,2,1482.0,move,improve
12724,2,1482.3000000000002,2,1482.0,move,improve
12725,2,1482.3000000000002,2,1482.0,move,improve
12726,2,1482.3000000000002,2,1482.0,swap,improve
12727,2,1482.3000000000002,2,1482.0,move,improve
12728,2,1482.3000000000002,2,1482.0,swap,improve
12729,2,1482.3000000000002,2,1482.0,2opt,notBad
12730,2,1482.3000000000002,2,1482.0,move,improve
12731,2,1482.3000000000002,2,1482.0,move,improve
12732,2,1482.3000000000002,2,1482.0,2opt,notBad
12733,2,1482.3000000000002,2,1482.0,swap,improve
12734,2,1482.3000000000002,2,1482.0,swap,improve
12735,2,1482.3000000000002,2,1482.0,move,improve
12736,2,1482.3000000000002,2,1482.0,move,improve
12737,2,1482.3000000000002,2,1482.0,2opt,notBad
12738,2,1482.3000000000002,2,1482.0,move,improve
12739,2,1482.3000000000002,2,1482.0,swap,improve
12740,2,1482.3000000000002,2,1482.0,2opt,notBad
12741,2,1482.3000000000002,2,1482.0,2opt,notBad
12742,2,1482.3000000000002,2,1482.0,swap,notBad
12743,2,1482.3000000000002,2,1482.0,2opt,notBad
12744,2,1482.3000000000002,2,1482.0,2opt,notBad
12745,2,1482.3000000000002,2,1482.0,2opt,notBad
12746,2,1482.3000000000002,2,1482.0,move,improve
12747,2,1482.3000000000002,2,1482.0,2opt,notBad
12748,2,1482.3000000000002,2,1482.0,move,improve
12749,2,1482.3000000000002,2,1482.0,2opt,notBad
12750,2,1482.3000000000002,2,1482.0,swap,improve
12751,2,1482.3000000000002,2,1482.0,swap,notBad
12752,2,1482.3000000000002,2,1482.0,move,improve
12753,2,1482.3000000000002,2,1482.0,2opt,notBad
12754,2,1482.3000000000002,2,1482.0,move,improve
12755,2,1482.3000000000002,2,1482.0,2opt,notBad
12756,2,1482.3000000000002,2,1482.0,2opt,notBad
12757,2,1482.3000000000002,2,1482.0,move,improve
12758,2,1482.3000000000002,2,1482.0,move,improve
12759,2,1482.3000000000002,2,1482.0,2opt,notBad
12760,2,1482.3000000000002,2,1482.0,2opt,notBad
12761,2,1482.3000000000002,2,1482.0,move,improve
12762,2,1482.3000000000002,2,1482.0,2opt,notBad
12763,2,1482.3000000000002,2,1482.0,2opt,notBad
12764,2,1482.3000000000002,2,1482.0,2opt,notBad
12765,2,1482.3000000000002,2,1482.0,move,improve
12766,2,1482.3000000000002,2,1482.0,2opt,notBad
12767,2,1482.3000000000002,2,1482.0,swap,notBad
12768,2,1482.3000000000002,2,1482.0,swap,notBad
12769,2,1482.3000000000002,2,1482.0,move,improve
12770,2,1482.3000000000002,2,1482.0,swap,notBad
12771,2,1482.3000000000002,2,1482.0,swap,improve
12772,2,1482.3000000000002,2,1482.0,move,improve
12773,2,1482.3000000000002,2,1482.0,move,improve
12774,2,1482.3000000000002,2,1482.0,move,improve
12775,2,1482.3000000000002,2,1482.0,move,improve
12776,2,1482.3000000000002,2,1482.0,move,improve
12777,2,1482.3000000000002,2,1482.0,2opt,notBad
12778,2,1482.3000000000002,2,1482.0,move,improve
12779,2,1482.3000000000002,2,1482.0,move,improve
12780,2,1482.3000000000002,2,1482.0,2opt,notBad
12781,2,1482.3000000000002,2,1482.0,swap,notBad
12782,2,1482.3000000000002,2,1482.0,move,improve
12783,2,1482.3000000000002,2,1482.0,move,improve
12784,2,1482.3000000000002,2,1482.0,move,improve
12785,2,1482.3000000000002,2,1482.0,move,improve
12786,2,1482.3000000000002,2,1482.0,swap,notBad
12787,2,1482.3000000000002,2,1482.0,2opt,notBad
12788,2,1482.3000000000002,2,1482.0,swap,improve
12789,2,1482.3000000000002,2,1482.0,2opt,notBad
12790,2,1482.3000000000002,2,1482.0,2opt,improve
12791,2,1482.3000000000002,2,1482.0,move,improve
12792,2,1482.3000000000002,2,1482.0,2opt,notBad
12793,2,1482.3000000000002,2,1482.0,move,improve
12794,2,1482.3000000000002,2,1482.0,2opt,notBad
12795,2,1482.3000000000002,2,1482.0,2opt,notBad
12796,2,1482.3000000000002,2,1482.0,2opt,notBad
12797,2,1482.3000000000002,2,1482.0,swap,improve
12798,2,1482.3000000000002,2,1482.0,swap,improve
12799,2,1482.3000000000002,2,1482.0,move,improve
12800,2,1482.3000000000002,2,1482.0,swap,notBad
12801,2,1482.3000000000002,2,1482.0,swap,notBad
12802,2,1482.3000000000002,2,1482.0,2opt,notBad
12803,2,1482.3000000000002,2,1482.0,move,improve
12804,2,1482.3000000000002,2,1482.0,move,improve
12805,2,1482.3000000000002,2,1482.0,move,improve
12806,2,1482.3000000000002,2,1482.0,move,improve
12807,2,1482.3000000000002,2,1482.0,swap,notBad
12808,2,1482.3000000000002,2,1482.0,swap,improve
12809,2,1482.3000000000002,2,1482.0,2opt,notBad
12810,2,1482.3000000000002,2,1482.0,move,improve
12811,2,1482.3000000000002,2,1482.0,move,improve
12812,2,1482.3000000000002,2,1482.0,move,improve
12813,2,1482.3000000000002,2,1482.0,move,improve
12814,2,1482.3000000000002,2,1482.0,2opt,notBad
12815,2,1482.3000000000002,2,1482.0,move,improve
12816,2,1482.3000000000002,2,1482.0,move,improve
12817,2,1482.3000000000002,2,1482.0,move,improve
12818,2,1482.3000000000002,2,1482.0,swap,notBad
12819,2,1482.3000000000002,2,1482.0,swap,improve
12820,2,1482.3000000000002,2,1482.0,2opt,notBad
12821,2,1482.3000000000002,2,1482.0,move,improve
12822,2,1482.3000000000002,2,1482.0,2opt,notBad
12823,2,1482.3000000000002,2,1482.0,swap,notBad
12824,2,1482.3000000000002,2,1482.0,swap,notBad
12825,2,1482.3000000000002,2,1482.0,move,improve
12826,2,1482.3000000000002,2,1482.0,move,improve
12827,2,1482.3000000000002,2,1482.0,2opt,notBad
12828,2,1482.3000000000002,2,1482.0,2opt,notBad
12829,2,1482.3000000000002,2,1482.0,move,improve
12830,2,1482.3000000000002,2,1482.0,2opt,notBad
12831,2,1482.3000000000002,2,1482.0,2opt,notBad
12832,2,1482.3000000000002,2,1482.0,swap,notBad
12833,2,1482.3000000000002,2,1482.0,2opt,notBad
12834,2,1482.3000000000002,2,1482.0,move,improve
12835,2,1482.3000000000002,2,1482.0,2opt,notBad
12836,2,1482.3000000000002,2,1482.0,swap,improve
12837,2,1482.3000000000002,2,1482.0,move,improve
12838,2,1482.3000000000002,2,1482.0,2opt,notBad
12839,2,1482.3000000000002,2,1482.0,2opt,notBad
12840,2,1482.3000000000002,2,1482.0,move,improve
12841,2,1482.3000000000002,2,1482.0,move,improve
12842,2,1482.3000000000002,2,1482.0,2opt,notBad
12843,2,1482.3000000000002,2,1482.0,2opt,notBad
12844,2,1482.3000000000002,2,1482.0,move,improve
12845,2,1482.3000000000002,2,1482.0,2opt,notBad
12846,2,1482.3000000000002,2,1482.0,move,improve
12847,2,1482.3000000000002,2,1482.0,swap,improve
12848,2,1482.3000000000002,2,1482.0,2opt,improve
12849,2,1482.3000000000002,2,1482.0,move,improve
12850,2,1482.3000000000002,2,1482.0,move,improve
12851,2,1482.3000000000002,2,1482.0,move,improve
12852,2,1482.3000000000002,2,1482.0,swap,notBad
12853,2,1482.3000000000002,2,1482.0,2opt,notBad
12854,2,1482.3000000000002,2,1482.0,move,improve
12855,2,1482.3000000000002,2,1482.0,2opt,notBad
12856,2,1482.3000000000002,2,1482.0,2opt,notBad
12857,2,1482.3000000000002,2,1482.0,move,improve
12858,2,1482.3000000000002,2,1482.0,2opt,notBad
12859,2,1482.3000000000002,2,1482.0,move,improve
12860,2,1482.3000000000002,2,1482.0,swap,notBad
12861,2,1482.3000000000002,2,1482.0,move,improve
12862,2,1482.3000000000002,2,1482.0,move,improve
12863,2,1482.3000000000002,2,1482.0,swap,notBad
12864,2,1482.3000000000002,2,1482.0,2opt,notBad
12865,2,1482.3000000000002,2,1482.0,2opt,notBad
12866,2,1482.3000000000002,2,1482.0,swap,improve
12867,2,1482.3000000000002,2,1482.0,2opt,notBad
12868,2,1482.3000000000002,2,1482.0,2opt,notBad
12869,2,1482.3000000000002,2,1482.0,2opt,notBad
12870,2,1482.3000000000002,2,1482.0,2opt,notBad
12871,2,1482.3000000000002,2,1482.0,2opt,notBad
12872,2,1482.3000000000002,2,1482.0,2opt,notBad
12873,2,1482.3000000000002,2,1482.0,2opt,notBad
12874,2,1482.0,2,1482.0,swap,improve
12875,2,1482.0,2,1482.0,swap,improve
12876,2,1482.0,2,1482.0,swap,improve
12877,2,1482.0,2,1482.0,move,improve
12878,2,1482.0,2,1482.0,move,improve
12879,2,1482.0,2,1482.0,move,improve
12880,2,1482.0,2,1482.0,swap,improve
12881,2,1482.0,2,1482.0,2opt,notBad
12882,2,1482.0,2,1482.0,move,improve
12883,2,1482.0,2,1482.0,2opt,notBad
12884,2,1482.0,2,1482.0,swap,improve
12885,2,1482.0,2,1482.0,2opt,improve
12886,2,1482.0,2,1482.0,swap,notBad
12887,2,1482.0,2,1482.0,move,improve
12888,2,1482.0,2,1482.0,swap,improve
12889,2,1482.0,2,1482.0,2opt,notBad
12890,2,1482.0,2,1482.0,swap,notBad
12891,2,1482.0,2,1482.0,2opt,notBad
12892,2,1482.0,2,1482.0,2opt,notBad
12893,2,1482.0,2,1482.0,2opt,improve
12894,2,1482.0,2,1482.0,move,improve
12895,2,1482.0,2,1482.0,swap,improve
12896,2,1482.0,2,1482.0,swap,notBad
12897,2,1482.0,2,1482.0,2opt,notBad
12898,2,1482.0,2,1482.0,swap,improve
12899,2,1482.0,2,1482.0,move,improve
12900,2,1482.0,2,1482.0,swap,notBad
12901,2,1482.0,2,1482.0,move,improve
12902,2,1482.0,2,1482.0,move,improve
12903,2,1482.0,2,1482.0,swap,notBad
12904,2,1482.0,2,1482.0,2opt,notBad
12905,2,1482.0,2,1482.0,2opt,notBad
12906,2,1482.0,2,1482.0,swap,notBad
12907,2,1482.0,2,1482.0,2opt,notBad
12908,2,1482.0,2,1482.0,move,improve
12909,2,1482.0,2,1482.0,swap,notBad
12910,2,1482.0,2,1482.0,swap,improve
12911,2,1482.0,2,1482.0,move,improve
12912,2,1482.0,2,1482.0,swap,improve
12913,2,1482.0,2,1482.0,swap,notBad
12914,2,1482.0,2,1482.0,move,improve
12915,2,1482.3000000000002,2,1482.0,move,acceptBad
12916,2,1482.3000000000002,2,1482.0,2opt,notBad
12917,2,1482.3000000000002,2,1482.0,swap,improve
12918,2,1482.3000000000002,2,1482.0,move,improve
12919,2,1482.3000000000002,2,1482.0,move,improve
12920,2,1482.3000000000002,2,1482.0,move,improve
12921,2,1482.0,2,1482.0,move,improve
12922,2,1482.0,2,1482.0,move,improve
12923,2,1482.0,2,1482.0,2opt,improve
12924,2,1482.0,2,1482.0,swap,notBad
12925,2,1482.0,2,1482.0,move,improve
12926,2,1482.0,2,1482.0,swap,notBad
12927,2,1482.0,2,1482.0,move,improve
12928,2,1482.0,2,1482.0,2opt,notBad
12929,2,1482.0,2,1482.0,swap,notBad
12930,2,1482.0,2,1482.0,move,improve
12931,2,1482.0,2,1482.0,swap,improve
12932,2,1482.0,2,1482.0,move,improve
12933,2,1482.0,2,1482.0,2opt,notBad
12934,2,1482.0,2,1482.0,move,improve
12935,2,1482.0,2,1482.0,2opt,improve
12936,2,1482.0,2,1482.0,swap,notBad
12937,2,1482.0,2,1482.0,swap,improve
12938,2,1482.0,2,1482.0,move,improve
12939,2,1482.0,2,1482.0,2opt,notBad
12940,2,1482.0,2,1482.0,move,improve
12941,2,1482.0,2,1482.0,swap,notBad
12942,2,1482.0,2,1482.0,swap,notBad
12943,2,1482.0,2,1482.0,2opt,notBad
12944,2,1482.0,2,1482.0,swap,improve
12945,2,1482.0,2,1482.0,2opt,notBad
12946,2,1482.0,2,1482.0,swap,improve
12947,2,1482.0,2,1482.0,swap,improve
12948,2,1482.0,2,1482.0,move,improve
12949,2,1482.0,2,1482.0,swap,improve
12950,2,1482.0,2,1482.0,2opt,notBad
12951,2,1482.0,2,1482.0,move,improve
12952,2,1482.0,2,1482.0,2opt,improve
12953,2,1482.0,2,1482.0,swap,improve
12954,2,1482.0,2,1482.0,2opt,notBad
12955,2,1482.0,2,1482.0,swap,notBad
12956,2,1482.3000000000002,2,1482.0,move,acceptBad
12957,2,1482.3000000000002,2,1482.0,2opt,notBad
12958,2,1482.3000000000002,2,1482.0,swap,improve
12959,2,1482.3000000000002,2,1482.0,2opt,notBad
12960,2,1482.3000000000002,2,1482.0,move,improve
12961,2,1482.3000000000002,2,1482.0,swap,improve
12962,2,1482.3000000000002,2,1482.0,swap,improve
12963,2,1482.3000000000002,2,1482.0,2opt,notBad
12964,2,1482.3000000000002,2,1482.0,swap,notBad
12965,2,1482.3000000000002,2,1482.0,move,improve
12966,2,1482.3000000000002,2,1482.0,swap,notBad
12967,2,1482.3000000000002,2,1482.0,2opt,notBad
12968,2,1482.3000000000002,2,1482.0,swap,improve
12969,2,1482.3000000000002,2,1482.0,swap,improve
12970,2,1482.3000000000002,2,1482.0,move,improve
12971,2,1482.3000000000002,2,1482.0,swap,notBad
12972,2,1482.3000000000002,2,1482.0,swap,notBad
12973,2,1482.3000000000002,2,1482.0,2opt,notBad
12974,2,1482.3000000000002,2,1482.0,2opt,notBad
12975,2,1482.3000000000002,2,1482.0,move,improve
12976,2,1482.3000000000002,2,1482.0,swap,improve
12977,2,1482.3000000000002,2,1482.0,2opt,notBad
12978,2,1482.3000000000002,2,1482.0,2opt,notBad
12979,2,1482.3000000000002,2,1482.0,move,improve
12980,2,1482.0,2,1482.0,move,improve
12981,2,1482.0,2,1482.0,2opt,notBad
12982,2,1482.0,2,1482.0,swap,improve
12983,2,1482.0,2,1482.0,swap,improve
12984,2,1482.0,2,1482.0,move,improve
12985,2,1482.0,2,1482.0,2opt,notBad
12986,2,1482.0,2,1482.0,move,improve
12987,2,1482.0,2,1482.0,swap,improve
12988,2,1482.0,2,1482.0,move,improve
12989,2,1482.0,2,1482.0,2opt,notBad
12990,2,1482.0,2,1482.0,move,improve
12991,2,1482.0,2,1482.0,move,improve
12992,2,1482.0,2,1482.0,2opt,notBad
12993,2,1482.0,2,1482.0,2opt,notBad
12994,2,1482.0,2,1482.0,2opt,notBad
12995,2,1482.0,2,1482.0,2opt,notBad
12996,2,1482.0,2,1482.0,move,improve
12997,2,1482.0,2,1482.0,move,improve
12998,2,1482.0,2,1482.0,2opt,notBad
12999,2,1482.0,2,1482.0,move,improve
13000,2,1482.0,2,1482.0,move,improve
13001,2,1482.0,2,1482.0,2opt,notBad
13002,2,1482.0,2,1482.0,2opt,notBad
13003,2,1482.0,2,1482.0,swap,notBad
13004,2,1482.0,2,1482.0,swap,improve
13005,2,1482.0,2,1482.0,swap,improve
13006,2,1482.0,2,1482.0,move,improve
13007,2,1482.0,2,1482.0,2opt,notBad
13008,2,1482.0,2,1482.0,move,improve
13009,2,1482.0,2,1482.0,move,improve
13010,2,1482.0,2,1482.0,swap,improve
13011,2,1482.0,2,1482.0,2opt,notBad
13012,2,1482.0,2,1482.0,2opt,notBad
13013,2,1482.0,2,1482.0,2opt,notBad
13014,2,1482.0,2,1482.0,swap,improve
13015,2,1482.0,2,1482.0,2opt,notBad
13016,2,1482.0,2,1482.0,move,improve
13017,2,1482.0,2,1482.0,move,improve
13018,2,1482.0,2,1482.0,2opt,notBad
13019,2,1482.0,2,1482.0,move,improve
13020,2,1482.0,2,1482.0,move,improve
13021,2,1482.0,2,1482.0,2opt,notBad
13022,2,1482.0,2,1482.0,move,improve
13023,2,1482.0,2,1482.0,2opt,notBad
13024,2,1482.0,2,1482.0,move,improve
13025,2,1482.0,2,1482.0,2opt,notBad
13026,2,1482.0,2,1482.0,swap,notBad
13027,2,1482.0,2,1482.0,move,improve
13028,2,1482.0,2,1482.0,2opt,notBad
13029,2,1482.0,2,1482.0,move,improve
13030,2,1482.0,2,1482.0,swap,improve
13031,2,1482.0,2,1482.0,swap,improve
13032,2,1482.0,2,1482.0,2opt,notBad
13033,2,1482.0,2,1482.0,move,improve
13034,2,1482.0,2,1482.0,2opt,notBad
13035,2,1482.0,2,1482.0,2opt,notBad
13036,2,1482.0,2,1482.0,2opt,notBad
13037,2,1482.0,2,1482.0,move,improve
13038,2,1482.0,2,1482.0,swap,notBad
13039,2,1482.0,2,1482.0,swap,improve
13040,2,1482.0,2,1482.0,swap,improve
13041,2,1482.0,2,1482.0,swap,notBad
13042,2,1482.0,2,1482.0,swap,notBad
13043,2,1482.0,2,1482.0,move,improve
13044,2,1482.0,2,1482.0,2opt,notBad
13045,2,1482.0,2,1482.0,swap,notBad
13046,2,1482.0,2,1482.0,2opt,notBad
13047,2,1482.0,2,1482.0,move,improve
13048,2,1482.0,2,1482.0,swap,improve
13049,2,1482.0,2,1482.0,move,improve
13050,2,1482.0,2,1482.0,move,improve
13051,2,1482.0,2,1482.0,2opt,notBad
13052,2,1482.0,2,1482.0,move,improve
13053,2,1482.0,2,1482.0,2opt,notBad
13054,2,1482.0,2,1482.0,swap,notBad
13055,2,1482.0,2,1482.0,move,improve
13056,2,1482.0,2,1482.0,move,improve
13057,2,1482.0,2,1482.0,2opt,notBad
13058,2,1482.0,2,1482.0,move,improve
13059,2,1482.0,2,1482.0,move,improve
13060,2,1482.0,2,1482.0,swap,notBad
13061,2,1482.0,2,1482.0,move,improve
13062,2,1482.0,2,1482.0,move,improve
13063,2,1482.0,2,1482.0,2opt,notBad
13064,2,1482.0,2,1482.0,swap,improve
13065,2,1482.0,2,1482.0,swap,notBad
13066,2,1482.0,2,1482.0,2opt,notBad
13067,2,1482.0,2,1482.0,move,improve
13068,2,1482.0,2,1482.0,swap,notBad
13069,2,1482.0,2,1482.0,2opt,notBad
13070,2,1482.0,2,1482.0,swap,improve
13071,2,1482.0,2,1482.0,2opt,notBad
13072,2,1482.0,2,1482.0,move,improve
13073,2,1482.0,2,1482.0,move,improve
13074,2,1482.0,2,1482.0,2opt,notBad
13075,2,1482.0,2,1482.0,swap,notBad
13076,2,1482.0,2,1482.0,2opt,notBad
13077,2,1482.0,2,1482.0,swap,improve
13078,2,1482.0,2,1482.0,2opt,notBad
13079,2,1482.0,2,1482.0,move,improve
13080,2,1482.0,2,1482.0,swap,improve
13081,2,1482.0,2,1482.0,2opt,notBad
13082,2,1482.0,2,1482.0,swap,improve
13083,2,1482.0,2,1482.0,2opt,notBad
13084,2,1482.0,2,1482.0,2opt,notBad
13085,2,1482.0,2,1482.0,swap,improve
13086,2,1482.0,2,1482.0,move,improve
13087,2,1482.0,2,1482.0,2opt,improve
13088,2,1482.0,2,1482.0,2opt,notBad
13089,2,1482.0,2,1482.0,swap,improve
13090,2,1482.1,2,1482.0,swap,acceptBad
13091,2,1482.1,2,1482.0,2opt,notBad
13092,2,1482.1,2,1482.0,move,improve
13093,2,1482.1,2,1482.0,move,improve
13094,2,1482.1,2,1482.0,swap,improve
13095,2,1482.1,2,1482.0,2opt,notBad
13096,2,1482.1,2,1482.0,2opt,notBad
13097,2,1482.1,2,1482.0,2opt,notBad
13098,2,1482.1,2,1482.0,2opt,notBad
13099,2,1482.1,2,1482.0,2opt,notBad
13100,2,1482.1,2,1482.0,swap,improve
13101,2,1482.1,2,1482.0,move,improve
13102,2,1482.1,2,1482.0,move,improve
13103,2,1482.1,2,1482.0,2opt,notBad
13104,2,1482.1,2,1482.0,move,improve
13105,2,1482.1,2,1482.0,move,improve
13106,2,1482.1,2,1482.0,swap,improve
13107,2,1482.1,2,1482.0,2opt,notBad
13108,2,1482.1,2,1482.0,move,improve
13109,2,1482.1,2,1482.0,swap,improve
13110,2,1482.1,2,1482.0,swap,improve
13111,2,1482.1,2,1482.0,swap,notBad
13112,2,1482.1,2,1482.0,2opt,improve
13113,2,1482.1,2,1482.0,2opt,notBad
13114,2,1482.1,2,1482.0,swap,notBad
13115,2,1482.1,2,1482.0,swap,notBad
13116,2,1482.1,2,1482.0,move,improve
13117,2,1482.1,2,1482.0,2opt,notBad
13118,2,1482.1,2,1482.0,move,improve
13119,2,1482.1,2,1482.0,swap,notBad
13120,2,1482.1,2,1482.0,2opt,notBad
13121,2,1482.1,2,1482.0,swap,notBad
13122,2,1482.1,2,1482.0,swap,improve
13123,2,1482.1,2,1482.0,2opt,notBad
13124,2,1482.1,2,1482.0,2opt,improve
13125,2,1482.1,2,1482.0,swap,improve
13126,2,1482.1,2,1482.0,move,improve
13127,2,1482.1,2,1482.0,move,improve
13128,2,1482.1,2,1482.0,2opt,notBad
13129,2,1482.1,2,1482.0,2opt,notBad
13130,2,1482.1,2,1482.0,move,improve
13131,2,1482.1,2,1482.0,swap,notBad
13132,2,1482.1,2,1482.0,2opt,improve
13133,2,1482.1,2,1482.0,2opt,improve
13134,2,1482.1,2,1482.0,swap,improve
13135,2,1482.1,2,1482.0,swap,notBad
13136,2,1482.1,2,1482.0,swap,improve
13137,2,1482.1,2,1482.0,2opt,notBad
13138,2,1482.1,2,1482.0,move,improve
13139,2,1482.1,2,1482.0,swap,notBad
13140,2,1482.1,2,1482.0,swap,improve
13141,2,1482.1,2,1482.0,2opt,notBad
13142,2,1482.1,2,1482.0,swap,improve
13143,2,1482.1,2,1482.0,move,improve
13144,2,1482.1,2,1482.0,swap,notBad
13145,2,1482.1,2,1482.0,move,improve
13146,2,1482.1,2,1482.0,swap,notBad
13147,2,1482.1,2,1482.0,2opt,notBad
13148,2,1482.1,2,1482.0,move,improve
13149,2,1482.1,2,1482.0,2opt,notBad
13150,2,1482.1,2,1482.0,swap,notBad
13151,2,1482.1,2,1482.0,2opt,notBad
13152,2,1482.1,2,1482.0,swap,improve
13153,2,1482.1,2,1482.0,swap,notBad
13154,2,1482.1,2,1482.0,swap,improve
13155,2,1482.1,2,1482.0,swap,notBad
13156,2,1482.1,2,1482.0,2opt,notBad
13157,2,1482.1,2,1482.0,move,improve
13158,2,1482.1,2,1482.0,2opt,notBad
13159,2,1482.1,2,1482.0,2opt,notBad
13160,2,1482.1,2,1482.0,swap,improve
13161,2,1482.1,2,1482.0,move,improve
13162,2,1482.1,2,1482.0,2opt,notBad
13163,2,1482.1,2,1482.0,swap,improve
13164,2,1482.1,2,1482.0,move,improve
13165,2,1482.1,2,1482.0,2opt,notBad
13166,2,1482.1,2,1482.0,swap,improve
13167,2,1482.1,2,1482.0,swap,notBad
13168,2,1482.1,2,1482.0,2opt,improve
13169,2,1482.1,2,1482.0,swap,improve
13170,2,1482.1,2,1482.0,swap,improve
13171,2,1482.1,2,1482.0,swap,notBad
13172,2,1482.1,2,1482.0,2opt,notBad
13173,2,1482.1,2,1482.0,2opt,notBad
13174,2,1482.1,2,1482.0,2opt,notBad
13175,2,1482.1,2,1482.0,2opt,notBad
13176,2,1482.1,2,1482.0,2opt,notBad
13177,2,1482.1,2,1482.0,swap,improve
13178,2,1482.1,2,1482.0,2opt,notBad
13179,2,1482.1,2,1482.0,move,improve
13180,2,1482.1,2,1482.0,2opt,notBad
13181,2,1482.1,2,1482.0,move,improve
13182,2,1482.1,2,1482.0,2opt,notBad
13183,2,1482.1,2,1482.0,move,improve
13184,2,1482.1,2,1482.0,move,improve
13185,2,1482.1,2,1482.0,swap,improve
13186,2,1482.1,2,1482.0,2opt,notBad
13187,2,1482.1,2,1482.0,swap,improve
13188,2,1482.1,2,1482.0,swap,improve
13189,2,1482.1,2,1482.0,move,improve
13190,2,1482.1,2,1482.0,swap,notBad
13191,2,1482.1,2,1482.0,swap,notBad
13192,2,1482.1,2,1482.0,2opt,notBad
13193,2,1482.1,2,1482.0,2opt,notBad
13194,2,1482.1,2,1482.0,2opt,notBad
13195,2,1482.1,2,1482.0,2opt,notBad
13196,2,1482.1,2,1482.0,2opt,notBad
13197,2,1482.1,2,1482.0,swap,notBad
13198,2,1482.1,2,1482.0,swap,notBad
13199,2,1482.1,2,1482.0,swap,notBad
13200,2,1482.1,2,1482.0,2opt,notBad
13201,2,1482.1,2,1482.0,2opt,notBad
13202,2,1482.1,2,1482.0,2opt,notBad
13203,2,1482.1,2,1482.0,move,improve
13204,2,1482.1,2,1482.0,move,improve
13205,2,1482.1,2,1482.0,2opt,notBad
13206,2,1482.1,2,1482.0,swap,improve
13207,2,1482.1,2,1482.0,swap,improve
13208,2,1482.1,2,1482.0,move,improve
13209,2,1482.1,2,1482.0,swap,notBad
13210,2,1482.1,2,1482.0,move,improve
13211,2,1482.1,2,1482.0,move,improve
13212,2,1482.1,2,1482.0,swap,notBad
13213,2,1482.1,2,1482.0,swap,improve
13214,2,1482.1,2,1482.0,2opt,notBad
13215,2,1482.4,2,1482.0,swap,acceptBad
13216,2,1482.4,2,1482.0,2opt,notBad
13217,2,1482.4,2,1482.0,move,improve
13218,2,1482.4,2,1482.0,2opt,notBad
13219,2,1482.4,2,1482.0,swap,improve
13220,2,1482.4,2,1482.0,swap,notBad
13221,2,1482.4,2,1482.0,2opt,notBad
13222,2,1482.4,2,1482.0,move,improve
13223,2,1482.4,2,1482.0,move,improve
13224,2,1482.4,2,1482.0,move,improve
13225,2,1482.4,2,1482.0,2opt,notBad
13226,2,1482.4,2,1482.0,2opt,improve
13227,2,1482.4,2,1482.0,swap,improve
13228,2,1482.4,2,1482.0,swap,improve
13229,2,1482.4,2,1482.0,move,improve
13230,2,1482.4,2,1482.0,2opt,notBad
13231,2,1482.4,2,1482.0,2opt,notBad
13232,2,1482.4,2,1482.0,2opt,improve
13233,2,1482.4,2,1482.0,2opt,notBad
13234,2,1482.4,2,1482.0,swap,improve
13235,2,1482.4,2,1482.0,move,improve
13236,2,1482.4,2,1482.0,move,improve
13237,2,1482.4,2,1482.0,swap,notBad
13238,2,1482.4,2,1482.0,move,improve
13239,2,1482.4,2,1482.0,swap,improve
13240,2,1482.4,2,1482.0,2opt,notBad
13241,2,1482.3000000000002,2,1482.0,move,improve
13242,2,1482.3000000000002,2,1482.0,2opt,notBad
13243,2,1482.3000000000002,2,1482.0,swap,improve
13244,2,1482.3000000000002,2,1482.0,2opt,notBad
13245,2,1482.3000000000002,2,1482.0,2opt,notBad
13246,2,1482.3000000000002,2,1482.0,swap,notBad
13247,2,1482.3000000000002,2,1482.0,swap,notBad
13248,2,1482.3000000000002,2,1482.0,2opt,notBad
13249,2,1482.3000000000002,2,1482.0,swap,notBad
13250,2,1482.3000000000002,2,1482.0,2opt,notBad
13251,2,1482.3000000000002,2,1482.0,2opt,notBad
13252,2,1482.3000000000002,2,1482.0,swap,improve
13253,2,1482.3000000000002,2,1482.0,move,improve
13254,2,1482.3000000000002,2,1482.0,swap,improve
13255,2,1482.3000000000002,2,1482.0,swap,improve
13256,2,1482.3000000000002,2,1482.0,swap,improve
13257,2,1482.3000000000002,2,1482.0,2opt,notBad
13258,2,1482.3000000000002,2,1482.0,2opt,notBad
13259,2,1482.3000000000002,2,1482.0,move,improve
13260,2,1482.3000000000002,2,1482.0,move,improve
13261,2,1482.3000000000002,2,1482.0,swap,notBad
13262,2,1482.3000000000002,2,1482.0,move,improve
13263,2,1482.3000000000002,2,1482.0,move,improve
13264,2,1482.3000000000002,2,1482.0,swap,improve
13265,2,1482.3000000000002,2,1482.0,move,improve
13266,2,1482.3000000000002,2,1482.0,2opt,notBad
13267,2,1482.3000000000002,2,1482.0,2opt,notBad
13268,2,1482.3000000000002,2,1482.0,move,improve
13269,2,1482.3000000000002,2,1482.0,move,improve
13270,2,1482.3000000000002,2,1482.0,move,improve
13271,2,1482.3000000000002,2,1482.0,2opt,notBad
13272,2,1482.3000000000002,2,1482.0,2opt,notBad
13273,2,1482.3000000000002,2,1482.0,swap,notBad
13274,2,1482.3000000000002,2,1482.0,2opt,notBad
13275,2,1482.3000000000002,2,1482.0,swap,notBad
13276,2,1482.3000000000002,2,1482.0,2opt,notBad
13277,2,1482.3000000000002,2,1482.0,swap,notBad
13278,2,1482.3000000000002,2,1482.0,2opt,notBad
13279,2,1482.3000000000002,2,1482.0,swap,notBad
13280,2,1482.3000000000002,2,1482.0,swap,notBad
13281,2,1482.3000000000002,2,1482.0,2opt,notBad
13282,2,1482.3000000000002,2,1482.0,move,improve
13283,2,1482.3000000000002,2,1482.0,move,improve
13284,2,1482.3000000000002,2,1482.0,swap,notBad
13285,2,1482.3000000000002,2,1482.0,swap,improve
13286,2,1482.3000000000002,2,1482.0,swap,notBad
13287,2,1482.3000000000002,2,1482.0,2opt,notBad
13288,2,1482.3000000000002,2,1482.0,swap,notBad
13289,2,1482.3000000000002,2,1482.0,2opt,notBad
13290,2,1482.3000000000002,2,1482.0,2opt,notBad
13291,2,1482.3000000000002,2,1482.0,swap,notBad
13292,2,1482.3000000000002,2,1482.0,swap,improve
13293,2,1482.3000000000002,2,1482.0,swap,notBad
13294,2,1482.3000000000002,2,1482.0,swap,improve
13295,2,1482.3000000000002,2,1482.0,move,improve
13296,2,1482.3000000000002,2,1482.0,move,improve
13297,2,1482.3000000000002,2,1482.0,move,improve
13298,2,1482.3000000000002,2,1482.0,2opt,notBad
13299,2,1482.3000000000002,2,1482.0,swap,notBad
13300,2,1482.3000000000002,2,1482.0,2opt,notBad
13301,2,1482.3000000000002,2,1482.0,move,improve
13302,2,1482.3000000000002,2,1482.0,swap,notBad
13303,2,1482.3000000000002,2,1482.0,2opt,notBad
13304,2,1482.3000000000002,2,1482.0,2opt,improve
13305,2,1482.3000000000002,2,1482.0,move,improve
13306,2,1482.3000000000002,2,1482.0,move,improve
13307,2,1482.3000000000002,2,1482.0,swap,notBad
13308,2,1482.3000000000002,2,1482.0,2opt,notBad
13309,2,1482.3000000000002,2,1482.0,2opt,notBad
13310,2,1482.3000000000002,2,1482.0,2opt,notBad
13311,2,1482.3000000000002,2,1482.0,2opt,notBad
13312,2,1482.3000000000002,2,1482.0,swap,notBad
13313,2,1482.3000000000002,2,1482.0,swap,improve
13314,2,1482.3000000000002,2,1482.0,swap,notBad
13315,2,1482.3000000000002,2,1482.0,move,improve
13316,2,1482.3000000000002,2,1482.0,swap,improve
13317,2,1482.3000000000002,2,1482.0,move,improve
13318,2,1482.3000000000002,2,1482.0,move,improve
13319,2,1482.3000000000002,2,1482.0,2opt,notBad
13320,2,1482.3000000000002,2,1482.0,move,improve
13321,2,1482.3000000000002,2,1482.0,2opt,notBad
13322,2,1482.3000000000002,2,1482.0,2opt,improve
13323,2,1482.3000000000002,2,1482.0,move,improve
13324,2,1482.3000000000002,2,1482.0,swap,notBad
13325,2,1482.3000000000002,2,1482.0,swap,notBad
13326,2,1482.3000000000002,2,1482.0,2opt,notBad
13327,2,1482.3000000000002,2,1482.0,swap,notBad
13328,2,1482.3000000000002,2,1482.0,swap,improve
13329,2,1482.3000000000002,2,1482.0,swap,notBad
13330,2,1482.3000000000002,2,1482.0,move,improve
13331,2,1482.3000000000002,2,1482.0,move,improve
13332,2,1482.3000000000002,2,1482.0,swap,notBad
13333,2,1482.3000000000002,2,1482.0,2opt,notBad
13334,2,1482.4,2,1482.0,swap,acceptBad
13335,2,1482.4,2,1482.0,2opt,notBad
13336,2,1482.4,2,1482.0,move,improve
13337,2,1482.4,2,1482.0,2opt,notBad
13338,2,1482.4,2,1482.0,move,improve
13339,2,1482.4,2,1482.0,move,improve
13340,2,1482.4,2,1482.0,swap,improve
13341,2,1482.4,2,1482.0,move,improve
13342,2,1482.4,2,1482.0,2opt,notBad
13343,2,1482.4,2,1482.0,2opt,notBad
13344,2,1482.4,2,1482.0,move,improve
13345,2,1482.4,2,1482.0,2opt,notBad
13346,2,1482.4,2,1482.0,move,improve
13347,2,1482.4,2,1482.0,swap,notBad
13348,2,1482.4,2,1482.0,2opt,notBad
13349,2,1482.4,2,1482.0,swap,improve
13350,2,1482.4,2,1482.0,move,improve
13351,2,1482.4,2,1482.0,2opt,notBad
13352,2,1482.4,2,1482.0,2opt,notBad
13353,2,1482.4,2,1482.0,2opt,notBad
13354,2,1482.1,2,1482.0,move,improve
13355,2,1482.1,2,1482.0,swap,improve
13356,2,1482.1,2,1482.0,swap,improve
13357,2,1482.1,2,1482.0,move,improve
13358,2,1482.1,2,1482.0,2opt,notBad
13359,2,1482.1,2,1482.0,move,improve
13360,2,1482.1,2,1482.0,2opt,notBad
13361,2,1482.1,2,1482.0,2opt,improve
13362,2,1482.1,2,1482.0,swap,improve
13363,2,1482.1,2,1482.0,2opt,notBad
13364,2,1482.1,2,1482.0,swap,improve
13365,2,1482.1,2,1482.0,move,improve
13366,2,1482.1,2,1482.0,move,improve
13367,2,1482.1,2,1482.0,swap,notBad
13368,2,1482.1,2,1482.0,2opt,improve
13369,2,1482.1,2,1482.0,move,improve
13370,2,1482.1,2,1482.0,move,improve
13371,2,1482.1,2,1482.0,move,improve
13372,2,1482.1,2,1482.0,swap,improve
13373,2,1482.1,2,1482.0,move,improve
13374,2,1482.1,2,1482.0,move,improve
13375,2,1482.1,2,1482.0,swap,improve
13376,2,1482.1,2,1482.0,2opt,notBad
13377,2,1482.1,2,1482.0,move,improve
13378,2,1482.1,2,1482.0,move,improve
13379,2,1482.1,2,1482.0,swap,improve
13380,2,1482.1,2,1482.0,move,improve
13381,2,1482.1,2,1482.0,swap,improve
13382,2,1482.1,2,1482.0,swap,notBad
13383,2,1482.0,2,1482.0,move,improve
13384,2,1482.0,2,1482.0,swap,improve
13385,2,1482.0,2,1482.0,swap,notBad
13386,2,1482.0,2,1482.0,swap,notBad
13387,2,1482.0,2,1482.0,swap,improve
13388,2,1482.0,2,1482.0,swap,notBad
13389,2,1482.0,2,1482.0,move,improve
13390,2,1482.0,2,1482.0,move,improve
13391,2,1482.0,2,1482.0,move,improve
13392,2,1482.0,2,1482.0,move,improve
13393,2,1482.0,2,1482.0,2opt,notBad
13394,2,1482.0,2,1482.0,move,improve
13395,2,1482.0,2,1482.0,move,improve
13396,2,1482.0,2,1482.0,move,improve
13397,2,1482.0,2,1482.0,2opt,notBad
13398,2,1482.0,2,1482.0,move,improve
13399,2,1482.0,2,1482.0,2opt,notBad
13400,2,1482.0,2,1482.0,move,improve
13401,2,1482.0,2,1482.0,2opt,notBad
13402,2,1482.0,2,1482.0,2opt,notBad
13403,2,1482.0,2,1482.0,swap,improve
13404,2,1482.0,2,1482.0,2opt,notBad
13405,2,1482.0,2,1482.0,2opt,notBad
13406,2,1482.0,2,1482.0,swap,improve
13407,2,1482.0,2,1482.0,swap,notBad
13408,2,1482.3000000000002,2,1482.0,swap,acceptBad
13409,2,1482.3000000000002,2,1482.0,swap,improve
13410,2,1482.3000000000002,2,1482.0,swap,notBad
13411,2,1482.3000000000002,2,1482.0,swap,improve
13412,2,1482.0,2,1482.0,swap,improve
13413,2,1482.0,2,1482.0,swap,improve
13414,2,1482.0,2,1482.0,2opt,notBad
13415,2,1482.0,2,1482.0,swap,improve
13416,2,1482.0,2,1482.0,move,improve
13417,2,1482.0,2,1482.0,swap,notBad
13418,2,1482.0,2,1482.0,move,improve
13419,2,1482.0,2,1482.0,move,improve
13420,2,1482.0,2,1482.0,swap,improve
13421,2,1482.0,2,1482.0,swap,notBad
13422,2,1482.0,2,1482.0,2opt,notBad
13423,2,1482.0,2,1482.0,swap,notBad
13424,2,1482.0,2,1482.0,2opt,notBad
13425,2,1482.0,2,1482.0,move,improve
13426,2,1482.0,2,1482.0,swap,notBad
13427,2,1482.0,2,1482.0,2opt,notBad
13428,2,1482.0,2,1482.0,2opt,notBad
13429,2,1482.0,2,1482.0,2opt,notBad
13430,2,1482.0,2,1482.0,swap,improve
13431,2,1482.0,2,1482.0,swap,notBad
13432,2,1482.0,2,1482.0,2opt,notBad
13433,2,1482.0,2,1482.0,swap,notBad
13434,2,1482.0,2,1482.0,2opt,notBad
13435,2,1482.0,2,1482.0,move,improve
13436,2,1482.0,2,1482.0,move,improve
13437,2,1482.0,2,1482.0,swap,notBad
13438,2,1482.0,2,1482.0,2opt,notBad
13439,2,1482.0,2,1482.0,move,improve
13440,2,1482.0,2,1482.0,swap,notBad
13441,2,1482.0,2,1482.0,2opt,notBad
13442,2,1482.0,2,1482.0,swap,improve
13443,2,1482.0,2,1482.0,move,improve
13444,2,1482.0,2,1482.0,swap,notBad
13445,2,1482.0,2,1482.0,2opt,notBad
13446,2,1482.0,2,1482.0,move,improve
13447,2,1482.0,2,1482.0,swap,improve
13448,2,1482.0,2,1482.0,2opt,notBad
13449,2,1482.0,2,1482.0,swap,notBad
13450,2,1482.0,2,1482.0,move,improve
13451,2,1482.0,2,1482.0,move,improve
13452,2,1482.0,2,1482.0,swap,notBad
13453,2,1482.0,2,1482.0,2opt,notBad
13454,2,1482.0,2,1482.0,2opt,notBad
13455,2,1482.0,2,1482.0,2opt,notBad
13456,2,1482.0,2,1482.0,swap,notBad
13457,2,1482.0,2,1482.0,2opt,notBad
13458,2,1482.0,2,1482.0,move,improve
13459,2,1482.0,2,1482.0,swap,improve
13460,2,1482.0,2,1482.0,move,improve
13461,2,1482.0,2,1482.0,move,improve
13462,2,1482.0,2,1482.0,move,improve
13463,2,1482.0,2,1482.0,swap,notBad
13464,2,1482.0,2,1482.0,swap,improve
13465,2,1482.0,2,1482.0,2opt,notBad
13466,2,1482.1,2,1482.0,swap,acceptBad
13467,2,1482.1,2,1482.0,move,improve
13468,2,1482.1,2,1482.0,2opt,notBad
13469,2,1482.1,2,1482.0,move,improve
13470,2,1482.1,2,1482.0,move,improve
13471,2,1482.1,2,1482.0,move,improve
13472,2,1482.1,2,1482.0,move,improve
13473,2,1482.1,2,1482.0,2opt,notBad
13474,2,1482.1,2,1482.0,swap,notBad
13475,2,1482.1,2,1482.0,2opt,notBad
13476,2,1482.1,2,1482.0,swap,notBad
13477,2,1482.1,2,1482.0,move,improve
13478,2,1482.1,2,1482.0,move,improve
13479,2,1482.1,2,1482.0,move,improve
13480,2,1482.1,2,1482.0,swap,improve
13481,2,1482.1,2,1482.0,2opt,notBad
13482,2,1482.1,2,1482.0,swap,notBad
13483,2,1482.1,2,1482.0,swap,improve
13484,2,1482.1,2,1482.0,swap,improve
13485,2,1482.1,2,1482.0,2opt,notBad
13486,2,1482.1,2,1482.0,move,improve
13487,2,1482.1,2,1482.0,move,improve
13488,2,1482.1,2,1482.0,swap,improve
13489,2,1482.1,2,1482.0,2opt,notBad
13490,2,1482.1,2,1482.0,swap,notBad
13491,2,1482.1,2,1482.0,swap,notBad
13492,2,1482.1,2,1482.0,move,improve
13493,2,1482.1,2,1482.0,swap,notBad
13494,2,1482.1,2,1482.0,swap,notBad
13495,2,1482.1,2,1482.0,move,improve
13496,2,1482.1,2,1482.0,swap,improve
13497,2,1482.1,2,1482.0,swap,notBad
13498,2,1482.1,2,1482.0,swap,improve
13499,2,1482.1,2,1482.0,2opt,notBad
13500,2,1482.1,2,1482.0,move,improve
13501,2,1482.1,2,1482.0,move,improve
13502,2,1482.1,2,1482.0,move,improve
13503,2,1482.1,2,1482.0,move,improve
13504,2,1482.1,2,1482.0,swap,improve
13505,2,1482.1,2,1482.0,2opt,notBad
13506,2,1482.1,2,1482.0,move,improve
13507,2,1482.1,2,1482.0,2opt,notBad
13508,2,1482.1,2,1482.0,swap,improve
13509,2,1482.1,2,1482.0,swap,notBad
13510,2,1482.1,2,1482.0,move,improve
13511,2,1482.1,2,1482.0,2opt,notBad
13512,2,1482.1,2,1482.0,2opt,notBad
13513,2,1482.1,2,1482.0,swap,improve
13514,2,1482.1,2,1482.0,2opt,notBad
13515,2,1482.1,2,1482.0,2opt,notBad
13516,2,1482.1,2,1482.0,swap,notBad
13517,2,1482.1,2,1482.0,swap,improve
13518,2,1482.1,2,1482.0,move,improve
13519,2,1482.0,2,1482.0,move,improve
13520,2,1482.0,2,1482.0,move,improve
13521,2,1482.0,2,1482.0,move,improve
13522,2,1482.0,2,1482.0,move,improve
13523,2,1482.0,2,1482.0,swap,improve
13524,2,1482.0,2,1482.0,swap,improve
13525,2,1482.0,2,1482.0,swap,improve
13526,2,1482.0,2,1482.0,swap,notBad
13527,2,1482.0,2,1482.0,swap,improve
13528,2,1482.0,2,1482.0,swap,notBad
13529,2,1482.0,2,1482.0,move,improve
13530,2,1482.0,2,1482.0,swap,notBad
13531,2,1482.0,2,1482.0,2opt,notBad
13532,2,1482.0,2,1482.0,2opt,notBad
13533,2,1482.0,2,1482.0,2opt,notBad
13534,2,1482.0,2,1482.0,swap,improve
13535,2,1482.0,2,1482.0,2opt,notBad
13536,2,1482.0,2,1482.0,swap,improve
13537,2,1482.0,2,1482.0,move,improve
13538,2,1482.0,2,1482.0,2opt,notBad
13539,2,1482.0,2,1482.0,2opt,notBad
13540,2,1482.0,2,1482.0,swap,notBad
13541,2,1482.0,2,1482.0,swap,notBad
13542,2,1482.0,2,1482.0,move,improve
13543,2,1482.0,2,1482.0,swap,notBad
13544,2,1482.0,2,1482.0,move,improve
13545,2,1482.0,2,1482.0,2opt,notBad
13546,2,1482.0,2,1482.0,move,improve
13547,2,1482.0,2,1482.0,swap,notBad
13548,2,1482.0,2,1482.0,2opt,notBad
13549,2,1482.0,2,1482.0,swap,improve
13550,2,1482.0,2,1482.0,move,improve
13551,2,1482.0,2,1482.0,move,improve
13552,2,1482.0,2,1482.0,move,improve
13553,2,1482.0,2,1482.0,swap,notBad
13554,2,1482.0,2,1482.0,2opt,notBad
13555,2,1482.0,2,1482.0,2opt,notBad
13556,2,1482.0,2,1482.0,swap,improve
13557,2,1482.0,2,1482.0,2opt,notBad
13558,2,1482.0,2,1482.0,move,improve
13559,2,1482.0,2,1482.0,move,improve
13560,2,1482.0,2,1482.0,2opt,notBad
13561,2,1482.0,2,1482.0,2opt,notBad
13562,2,1482.0,2,1482.0,move,improve
13563,2,1482.0,2,1482.0,2opt,notBad
13564,2,1482.0,2,1482.0,2opt,notBad
13565,2,1482.0,2,1482.0,swap,improve
13566,2,1482.0,2,1482.0,move,improve
13567,2,1482.0,2,1482.0,2opt,notBad
13568,2,1482.0,2,1482.0,2opt,notBad
13569,2,1482.0,2,1482.0,move,improve
13570,2,1482.0,2,1482.0,2opt,notBad
13571,2,1482.0,2,1482.0,move,improve
13572,2,1482.0,2,1482.0,swap,notBad
13573,2,1482.0,2,1482.0,move,improve
13574,2,1482.0,2,1482.0,swap,notBad
13575,2,1482.0,2,1482.0,move,improve
13576,2,1482.0,2,1482.0,swap,notBad
13577,2,1482.0,2,1482.0,2opt,notBad
13578,2,1482.0,2,1482.0,2opt,notBad
13579,2,1482.0,2,1482.0,2opt,notBad
13580,2,1482.0,2,1482.0,move,improve
13581,2,1482.0,2,1482.0,swap,improve
13582,2,1482.0,2,1482.0,2opt,notBad
13583,2,1482.0,2,1482.0,swap,improve
13584,2,1482.0,2,1482.0,swap,notBad
13585,2,1482.0,2,1482.0,swap,improve
13586,2,1482.0,2,1482.0,swap,improve
13587,2,1482.0,2,1482.0,2opt,notBad
13588,2,1482.0,2,1482.0,swap,notBad
13589,2,1482.0,2,1482.0,2opt,notBad
13590,2,1482.0,2,1482.0,move,improve
13591,2,1482.0,2,1482.0,swap,notBad
13592,2,1482.0,2,1482.0,2opt,notBad
13593,2,1482.0,2,1482.0,swap,improve
13594,2,1482.0,2,1482.0,2opt,notBad
13595,2,1482.0,2,1482.0,move,improve
13596,2,1482.0,2,1482.0,2opt,notBad
13597,2,1482.0,2,1482.0,move,improve
13598,2,1482.0,2,1482.0,2opt,notBad
13599,2,1482.0,2,1482.0,swap,notBad
13600,2,1482.0,2,1482.0,move,improve
13601,2,1482.0,2,1482.0,swap,notBad
13602,2,1482.0,2,1482.0,2opt,notBad
13603,2,1482.0,2,1482.0,move,improve
13604,2,1482.1,2,1482.0,swap,acceptBad
13605,2,1482.1,2,1482.0,2opt,notBad
13606,2,1482.1,2,1482.0,2opt,notBad
13607,2,1482.1,2,1482.0,move,improve
13608,2,1482.1,2,1482.0,move,improve
13609,2,1482.1,2,1482.0,move,improve
13610,2,1482.1,2,1482.0,2opt,notBad
13611,2,1482.1,2,1482.0,swap,improve
13612,2,1482.1,2,1482.0,2opt,notBad
13613,2,1482.1,2,1482.0,2opt,notBad
13614,2,1482.1,2,1482.0,move,improve
13615,2,1482.1,2,1482.0,swap,notBad
13616,2,1482.1,2,1482.0,2opt,improve
13617,2,1482.1,2,1482.0,swap,improve
13618,2,1482.1,2,1482.0,swap,improve
13619,2,1482.1,2,1482.0,swap,improve
13620,2,1482.1,2,1482.0,2opt,notBad
13621,2,1482.1,2,1482.0,swap,improve
13622,2,1482.0,2,1482.0,move,improve
13623,2,1482.0,2,1482.0,swap,improve
13624,2,1482.0,2,1482.0,move,improve
13625,2,1482.0,2,1482.0,2opt,notBad
13626,2,1482.0,2,1482.0,move,improve
13627,2,1482.0,2,1482.0,move,improve
13628,2,1482.0,2,1482.0,move,improve
13629,2,1482.0,2,1482.0,2opt,notBad
13630,2,1482.0,2,1482.0,2opt,notBad
13631,2,1482.0,2,1482.0,2opt,notBad
13632,2,1482.0,2,1482.0,swap,improve
13633,2,1482.0,2,1482.0,2opt,notBad
13634,2,1482.0,2,1482.0,2opt,notBad
13635,2,1482.0,2,1482.0,move,improve
13636,2,1482.0,2,1482.0,2opt,notBad
13637,2,1482.0,2,1482.0,swap,notBad
13638,2,1482.0,2,1482.0,swap,notBad
13639,2,1482.0,2,1482.0,2opt,notBad
13640,2,1482.0,2,1482.0,2opt,notBad
13641,2,1482.0,2,1482.0,move,improve
13642,2,1482.0,2,1482.0,swap,improve
13643,2,1482.0,2,1482.0,swap,notBad
13644,2,1482.0,2,1482.0,swap,improve
13645,2,1482.0,2,1482.0,2opt,notBad
13646,2,1482.0,2,1482.0,2opt,notBad
13647,2,1482.0,2,1482.0,2opt,notBad
13648,2,1482.0,2,1482.0,swap,notBad
13649,2,1482.0,2,1482.0,2opt,notBad
13650,2,1482.0,2,1482.0,move,improve
13651,2,1482.0,2,1482.0,2opt,notBad
13652,2,1482.0,2,1482.0,swap,notBad
13653,2,1482.0,2,1482.0,move,improve
13654,2,1482.0,2,1482.0,2opt,notBad
13655,2,1482.0,2,1482.0,2opt,notBad
13656,2,1482.0,2,1482.0,move,improve
13657,2,1482.0,2,1482.0,2opt,notBad
13658,2,1482.0,2,1482.0,2opt,notBad
13659,2,1482.0,2,1482.0,move,improve
13660,2,1482.0,2,1482.0,move,improve
13661,2,1482.0,2,1482.0,move,improve
13662,2,1482.0,2,1482.0,swap,improve
13663,2,1482.0,2,1482.0,2opt,notBad
13664,2,1482.0,2,1482.0,move,improve
13665,2,1482.0,2,1482.0,swap,notBad
13666,2,1482.0,2,1482.0,move,improve
13667,2,1482.0,2,1482.0,swap,improve
13668,2,1482.0,2,1482.0,swap,improve
13669,2,1482.0,2,1482.0,2opt,improve
13670,2,1482.0,2,1482.0,swap,notBad
13671,2,1482.0,2,1482.0,swap,improve
13672,2,1482.0,2,1482.0,move,improve
13673,2,1482.0,2,1482.0,swap,notBad
13674,2,1482.0,2,1482.0,move,improve
13675,2,1482.0,2,1482.0,2opt,notBad
13676,2,1482.0,2,1482.0,2opt,improve
13677,2,1482.0,2,1482.0,move,improve
13678,2,1482.0,2,1482.0,move,improve
13679,2,1482.0,2,1482.0,2opt,notBad
13680,2,1482.0,2,1482.0,2opt,notBad
13681,2,1482.0,2,1482.0,swap,improve
13682,2,1482.0,2,1482.0,2opt,notBad
13683,2,1482.0,2,1482.0,move,improve
13684,2,1482.0,2,1482.0,move,improve
13685,2,1482.0,2,1482.0,2opt,notBad
13686,2,1482.0,2,1482.0,move,improve
13687,2,1482.0,2,1482.0,swap,notBad
13688,2,1482.0,2,1482.0,move,improve
13689,2,1482.0,2,1482.0,move,improve
13690,2,1482.0,2,1482.0,move,improve
13691,2,1482.0,2,1482.0,move,improve
13692,2,1482.0,2,1482.0,swap,notBad
13693,2,1482.0,2,1482.0,move,improve
13694,2,1482.0,2,1482.0,2opt,notBad
13695,2,1482.0,2,1482.0,move,improve
13696,2,1482.0,2,1482.0,move,improve
13697,2,1482.0,2,1482.0,move,improve
13698,2,1482.0,2,1482.0,move,improve
13699,2,1482.0,2,1482.0,swap,notBad
13700,2,1482.0,2,1482.0,swap,improve
13701,2,1482.0,2,1482.0,swap,notBad
13702,2,1482.0,2,1482.0,2opt,improve
13703,2,1482.0,2,1482.0,swap,improve
13704,2,1482.0,2,1482.0,2opt,improve
13705,2,1482.0,2,1482.0,2opt,notBad
13706,2,1482.0,2,1482.0,move,improve
13707,2,1482.0,2,1482.0,swap,improve
13708,2,1482.0,2,1482.0,2opt,notBad
13709,2,1482.0,2,1482.0,2opt,notBad
13710,2,1482.0,2,1482.0,swap,improve
13711,2,1482.0,2,1482.0,move,improve
13712,2,1482.0,2,1482.0,2opt,notBad
13713,2,1482.0,2,1482.0,swap,notBad
13714,2,1482.0,2,1482.0,2opt,notBad
13715,2,1482.0,2,1482.0,swap,notBad
13716,2,1482.0,2,1482.0,2opt,notBad
13717,2,1482.0,2,1482.0,swap,notBad
13718,2,1482.0,2,1482.0,move,improve
13719,2,1482.0,2,1482.0,move,improve
13720,2,1482.0,2,1482.0,swap,improve
13721,2,1482.0,2,1482.0,move,improve
13722,2,1482.0,2,1482.0,swap,notBad
13723,2,1482.0,2,1482.0,2opt,notBad
13724,2,1482.0,2,1482.0,swap,improve
13725,2,1482.0,2,1482.0,move,improve
13726,2,1482.0,2,1482.0,move,improve
13727,2,1482.0,2,1482.0,2opt,notBad
13728,2,1482.0,2,1482.0,swap,improve
13729,2,1482.0,2,1482.0,swap,improve
13730,2,1482.0,2,1482.0,swap,notBad
13731,2,1482.0,2,1482.0,move,improve
13732,2,1482.0,2,1482.0,2opt,notBad
13733,2,1482.0,2,1482.0,swap,improve
13734,2,1482.0,2,1482.0,2opt,notBad
13735,2,1482.0,2,1482.0,2opt,notBad
13736,2,1482.0,2,1482.0,swap,improve
13737,2,1482.0,2,1482.0,2opt,notBad
13738,2,1482.0,2,1482.0,swap,improve
13739,2,1482.0,2,1482.0,2opt,notBad
13740,2,1482.0,2,1482.0,2opt,notBad
13741,2,1482.0,2,1482.0,move,improve
13742,2,1482.0,2,1482.0,swap,notBad
13743,2,1482.0,2,1482.0,swap,notBad
13744,2,1482.0,2,1482.0,2opt,notBad
13745,2,1482.0,2,1482.0,move,improve
13746,2,1482.0,2,1482.0,2opt,notBad
13747,2,1482.0,2,1482.0,swap,improve
13748,2,1482.0,2,1482.0,2opt,notBad
13749,2,1482.0,2,1482.0,2opt,notBad
13750,2,1482.0,2,1482.0,swap,notBad
13751,2,1482.0,2,1482.0,swap,notBad
13752,2,1482.0,2,1482.0,swap,notBad
13753,2,1482.0,2,1482.0,2opt,notBad
13754,2,1482.0,2,1482.0,swap,notBad
13755,2,1482.0,2,1482.0,swap,improve
13756,2,1482.0,2,1482.0,move,improve
13757,2,1482.0,2,1482.0,move,improve
13758,2,1482.0,2,1482.0,2opt,notBad
13759,2,1482.0,2,1482.0,2opt,notBad
13760,2,1482.0,2,1482.0,2opt,notBad
13761,2,1482.0,2,1482.0,move,improve
13762,2,1482.0,2,1482.0,move,improve
13763,2,1482.0,2,1482.0,swap,notBad
13764,2,1482.0,2,1482.0,2opt,notBad
13765,2,1482.0,2,1482.0,2opt,improve
13766,2,1482.0,2,1482.0,swap,improve
13767,2,1482.0,2,1482.0,move,improve
13768,2,1482.0,2,1482.0,2opt,notBad
13769,2,1482.0,2,1482.0,2opt,notBad
13770,2,1482.0,2,1482.0,swap,notBad
13771,2,1482.0,2,1482.0,swap,notBad
13772,2,1482.0,2,1482.0,swap,notBad
13773,2,1482.0,2,1482.0,2opt,notBad
13774,2,1482.0,2,1482.0,2opt,notBad
13775,2,1482.0,2,1482.0,swap,notBad
13776,2,1482.0,2,1482.0,move,improve
13777,2,1482.0,2,1482.0,swap,notBad
13778,2,1482.0,2,1482.0,2opt,notBad
13779,2,1482.0,2,1482.0,move,improve
13780,2,1482.0,2,1482.0,swap,notBad
13781,2,1482.0,2,1482.0,move,improve
13782,2,1482.0,2,1482.0,2opt,notBad
13783,2,1482.0,2,1482.0,move,improve
13784,2,1482.0,2,1482.0,move,improve
13785,2,1482.0,2,1482.0,2opt,notBad
13786,2,1482.0,2,1482.0,swap,notBad
13787,2,1482.0,2,1482.0,2opt,notBad
13788,2,1482.0,2,1482.0,2opt,notBad
13789,2,1482.0,2,1482.0,swap,improve
13790,2,1482.0,2,1482.0,swap,improve
13791,2,1482.0,2,1482.0,move,improve
13792,2,1482.0,2,1482.0,2opt,notBad
13793,2,1482.0,2,1482.0,move,improve
13794,2,1482.0,2,1482.0,2opt,notBad
13795,2,1482.0,2,1482.0,swap,improve
13796,2,1482.0,2,1482.0,swap,notBad
13797,2,1482.0,2,1482.0,move,improve
13798,2,1482.0,2,1482.0,move,improve
13799,2,1482.0,2,1482.0,2opt,notBad
13800,2,1482.0,2,1482.0,2opt,notBad
13801,2,1482.0,2,1482.0,swap,improve
13802,2,1482.0,2,1482.0,swap,notBad
13803,2,1482.0,2,1482.0,move,improve
13804,2,1482.0,2,1482.0,move,improve
13805,2,1482.0,2,1482.0,swap,notBad
13806,2,1482.0,2,1482.0,2opt,notBad
13807,2,1482.0,2,1482.0,swap,notBad
13808,2,1482.0,2,1482.0,2opt,notBad
13809,2,1482.3000000000002,2,1482.0,swap,acceptBad
13810,2,1482.3000000000002,2,1482.0,2opt,notBad
13811,2,1482.3000000000002,2,1482.0,2opt,notBad
13812,2,1482.3000000000002,2,1482.0,2opt,notBad
13813,2,1482.3000000000002,2,1482.0,2opt,notBad
13814,2,1482.3000000000002,2,1482.0,swap,improve
13815,2,1482.3000000000002,2,1482.0,move,improve
13816,2,1482.3000000000002,2,1482.0,2opt,notBad
13817,2,1482.3000000000002,2,1482.0,2opt,notBad
13818,2,1482.3000000000002,2,1482.0,move,improve
13819,2,1482.3000000000002,2,1482.0,swap,improve
13820,2,1482.3000000000002,2,1482.0,move,improve
13821,2,1482.3000000000002,2,1482.0,swap,notBad
13822,2,1482.3000000000002,2,1482.0,swap,improve
13823,2,1482.3000000000002,2,1482.0,2opt,notBad
13824,2,1482.3000000000002,2,1482.0,move,improve
13825,2,1482.3000000000002,2,1482.0,move,improve
13826,2,1482.3000000000002,2,1482.0,swap,improve
13827,2,1482.3000000000002,2,1482.0,swap,notBad
13828,2,1482.3000000000002,2,1482.0,2opt,notBad
13829,2,1482.3000000000002,2,1482.0,2opt,notBad
13830,2,1482.3000000000002,2,1482.0,move,improve
13831,2,1482.3000000000002,2,1482.0,2opt,notBad
13832,2,1482.3000000000002,2,1482.0,2opt,notBad
13833,2,1482.3000000000002,2,1482.0,move,improve
13834,2,1482.3000000000002,2,1482.0,move,improve
13835,2,1482.3000000000002,2,1482.0,swap,notBad
13836,2,1482.3000000000002,2,1482.0,move,improve
13837,2,1482.3000000000002,2,1482.0,swap,improve
13838,2,1482.3000000000002,2,1482.0,swap,notBad
13839,2,1482.3000000000002,2,1482.0,swap,improve
13840,2,1482.3000000000002,2,1482.0,2opt,notBad
13841,2,1482.3000000000002,2,1482.0,swap,notBad
13842,2,1482.3000000000002,2,1482.0,swap,notBad
13843,2,1482.3000000000002,2,1482.0,2opt,notBad
13844,2,1482.0,2,1482.0,move,improve
13845,2,1482.0,2,1482.0,2opt,notBad
13846,2,1482.0,2,1482.0,2opt,notBad
13847,2,1482.0,2,1482.0,move,improve
13848,2,1482.0,2,1482.0,2opt,improve
13849,2,1482.0,2,1482.0,swap,notBad
13850,2,1482.0,2,1482.0,swap,notBad
13851,2,1482.0,2,1482.0,swap,improve
13852,2,1482.0,2,1482.0,swap,notBad
13853,2,1482.0,2,1482.0,move,improve
13854,2,1482.0,2,1482.0,2opt,notBad
13855,2,1482.0,2,1482.0,move,improve
13856,2,1482.0,2,1482.0,swap,improve
13857,2,1482.0,2,1482.0,move,improve
13858,2,1482.0,2,1482.0,move,improve
13859,2,1482.0,2,1482.0,move,improve
13860,2,1482.0,2,1482.0,swap,notBad
13861,2,1482.0,2,1482.0,move,improve
13862,2,1482.0,2,1482.0,swap,notBad
13863,2,1482.0,2,1482.0,move,improve
13864,2,1482.0,2,1482.0,swap,notBad
13865,2,1482.0,2,1482.0,2opt,notBad
13866,2,1482.0,2,1482.0,move,improve
13867,2,1482.0,2,1482.0,swap,improve
13868,2,1482.0,2,1482.0,swap,improve
13869,2,1482.0,2,1482.0,swap,notBad
13870,2,1482.0,2,1482.0,swap,improve
13871,2,1482.0,2,1482.0,move,improve
13872,2,1482.0,2,1482.0,move,improve
13873,2,1482.3000000000002,2,1482.0,swap,acceptBad
13874,2,1482.3000000000002,2,1482.0,move,improve
13875,2,1482.3000000000002,2,1482.0,move,improve
13876,2,1482.3000000000002,2,1482.0,move,improve
13877,2,1482.3000000000002,2,1482.0,2opt,notBad
13878,2,1482.3000000000002,2,1482.0,swap,notBad
13879,2,1482.3000000000002,2,1482.0,move,improve
13880,2,1482.3000000000002,2,1482.0,2opt,notBad
13881,2,1482.3000000000002,2,1482.0,swap,notBad
13882,2,1482.3000000000002,2,1482.0,move,improve
13883,2,1482.3000000000002,2,1482.0,move,improve
13884,2,1482.3000000000002,2,1482.0,move,improve
13885,2,1482.3000000000002,2,1482.0,move,improve
13886,2,1482.3000000000002,2,1482.0,move,improve
13887,2,1482.3000000000002,2,1482.0,2opt,notBad
13888,2,1482.3000000000002,2,1482.0,2opt,notBad
13889,2,1482.3000000000002,2,1482.0,2opt,notBad
13890,2,1482.3000000000002,2,1482.0,swap,improve
13891,2,1482.0,2,1482.0,swap,improve
13892,2,1482.0,2,1482.0,move,improve
13893,2,1482.0,2,1482.0,move,improve
13894,2,1482.0,2,1482.0,move,improve
13895,2,1482.0,2,1482.0,move,improve
13896,2,1482.0,2,1482.0,2opt,notBad
13897,2,1482.0,2,1482.0,move,improve
13898,2,1482.0,2,1482.0,move,improve
13899,2,1482.0,2,1482.0,swap,improve
13900,2,1482.0,2,1482.0,2opt,notBad
13901,2,1482.0,2,1482.0,move,improve
13902,2,1482.0,2,1482.0,move,improve
13903,2,1482.0,2,1482.0,move,improve
13904,2,1482.0,2,1482.0,move,improve
13905,2,1482.0,2,1482.0,swap,improve
13906,2,1482.0,2,1482.0,2opt,notBad
13907,2,1482.0,2,1482.0,swap,improve
13908,2,1482.0,2,1482.0,swap,improve
13909,2,1482.0,2,1482.0,2opt,improve
13910,2,1482.0,2,1482.0,swap,improve
13911,2,1482.0,2,1482.0,swap,improve
13912,2,1482.0,2,1482.0,move,improve
13913,2,1482.0,2,1482.0,2opt,notBad
13914,2,1482.0,2,1482.0,swap,notBad
13915,2,1482.0,2,1482.0,swap,improve
13916,2,1482.0,2,1482.0,move,improve
13917,2,1482.0,2,1482.0,swap,improve
13918,2,1482.0,2,1482.0,swap,improve
13919,2,1482.0,2,1482.0,move,improve
13920,2,1482.0,2,1482.0,move,improve
13921,2,1482.0,2,1482.0,2opt,notBad
13922,2,1482.0,2,1482.0,move,improve
13923,2,1482.0,2,1482.0,swap,notBad
13924,2,1482.0,2,1482.0,move,improve
13925,2,1482.0,2,1482.0,move,improve
13926,2,1482.0,2,1482.0,swap,notBad
13927,2,1482.0,2,1482.0,2opt,notBad
13928,2,1482.0,2,1482.0,2opt,notBad
13929,2,1482.0,2,1482.0,swap,notBad
13930,2,1482.0,2,1482.0,swap,notBad
13931,2,1482.0,2,1482.0,swap,notBad
13932,2,1482.0,2,1482.0,swap,notBad
13933,2,1482.0,2,1482.0,swap,improve
13934,2,1482.0,2,1482.0,swap,improve
13935,2,1482.0,2,1482.0,move,improve
13936,2,1482.0,2,1482.0,2opt,notBad
13937,2,1482.0,2,1482.0,swap,improve
13938,2,1482.0,2,1482.0,swap,improve
13939,2,1482.0,2,1482.0,swap,improve
13940,2,1482.0,2,1482.0,move,improve
13941,2,1482.0,2,1482.0,swap,improve
13942,2,1482.0,2,1482.0,2opt,notBad
13943,2,1482.0,2,1482.0,move,improve
13944,2,1482.0,2,1482.0,2opt,notBad
13945,2,1482.0,2,1482.0,swap,improve
13946,2,1482.0,2,1482.0,2opt,notBad
13947,2,1482.0,2,1482.0,move,improve
13948,2,1482.0,2,1482.0,move,improve
13949,2,1482.0,2,1482.0,swap,improve
13950,2,1482.0,2,1482.0,2opt,notBad
13951,2,1482.0,2,1482.0,move,improve
13952,2,1482.0,2,1482.0,swap,improve
13953,2,1482.0,2,1482.0,2opt,notBad
13954,2,1482.0,2,1482.0,2opt,notBad
13955,2,1482.0,2,1482.0,2opt,notBad
13956,2,1482.0,2,1482.0,move,notBad
13957,2,1482.0,2,1482.0,move,improve
13958,2,1482.0,2,1482.0,2opt,notBad
13959,2,1482.0,2,1482.0,move,improve
13960,2,1482.0,2,1482.0,move,improve
13961,2,1482.0,2,1482.0,2opt,notBad
13962,2,1482.0,2,1482.0,move,improve
13963,2,1482.0,2,1482.0,2opt,notBad
13964,2,1482.0,2,1482.0,swap,notBad
13965,2,1482.0,2,1482.0,2opt,notBad
13966,2,1482.0,2,1482.0,2opt,notBad
13967,2,1482.0,2,1482.0,swap,notBad
13968,2,1482.0,2,1482.0,2opt,notBad
13969,2,1482.0,2,1482.0,move,improve
13970,2,1482.0,2,1482.0,2opt,notBad
13971,2,1482.0,2,1482.0,swap,notBad
13972,2,1482.0,2,1482.0,swap,notBad
13973,2,1482.0,2,1482.0,2opt,notBad
13974,2,1482.0,2,1482.0,2opt,notBad
13975,2,1482.0,2,1482.0,swap,notBad
13976,2,1482.0,2,1482.0,2opt,notBad
13977,2,1482.0,2,1482.0,swap,improve
13978,2,1482.0,2,1482.0,move,improve
13979,2,1482.0,2,1482.0,move,improve
13980,2,1482.0,2,1482.0,2opt,notBad
13981,2,1482.0,2,1482.0,2opt,notBad
13982,2,1482.0,2,1482.0,2opt,notBad
13983,2,1482.0,2,1482.0,swap,notBad
13984,2,1482.0,2,1482.0,move,improve
13985,2,1482.0,2,1482.0,swap,improve
13986,2,1482.0,2,1482.0,2opt,notBad
13987,2,1482.0,2,1482.0,move,improve
13988,2,1482.0,2,1482.0,2opt,notBad
13989,2,1482.0,2,1482.0,move,improve
13990,2,1482.0,2,1482.0,2opt,notBad
13991,2,1482.0,2,1482.0,move,improve
13992,2,1482.0,2,1482.0,swap,notBad
13993,2,1482.1,2,1482.0,swap,acceptBad
13994,2,1482.1,2,1482.0,move,improve
13995,2,1482.1,2,1482.0,move,improve
13996,2,1482.1,2,1482.0,swap,improve
13997,2,1482.1,2,1482.0,2opt,notBad
13998,2,1482.1,2,1482.0,move,improve
13999,2,1482.1,2,1482.0,move,improve
14000,2,1482.1,2,1482.0,swap,notBad
14001,2,1482.1,2,1482.0,swap,notBad
14002,2,1482.1,2,1482.0,swap,notBad
14003,2,1482.1,2,1482.0,2opt,notBad
14004,2,1482.1,2,1482.0,2opt,improve
14005,2,1482.1,2,1482.0,swap,notBad
14006,2,1482.1,2,1482.0,swap,improve
14007,2,1482.1,2,1482.0,move,improve
14008,2,1482.1,2,1482.0,move,improve
14009,2,1482.1,2,1482.0,swap,improve
14010,2,1482.1,2,1482.0,swap,notBad
14011,2,1482.1,2,1482.0,2opt,notBad
14012,2,1482.1,2,1482.0,move,improve
14013,2,1482.1,2,1482.0,move,improve
14014,2,1482.1,2,1482.0,swap,improve
14015,2,1482.1,2,1482.0,swap,notBad
14016,2,1482.1,2,1482.0,swap,improve
14017,2,1482.1,2,1482.0,2opt,notBad
14018,2,1482.1,2,1482.0,swap,notBad
14019,2,1482.1,2,1482.0,2opt,notBad
14020,2,1482.1,2,1482.0,move,improve
14021,2,1482.1,2,1482.0,swap,notBad
14022,2,1482.1,2,1482.0,swap,improve
14023,2,1482.1,2,1482.0,swap,improve
14024,2,1482.1,2,1482.0,swap,notBad
14025,2,1482.1,2,1482.0,swap,notBad
14026,2,1482.1,2,1482.0,move,improve
14027,2,1482.1,2,1482.0,move,notBad
14028,2,1482.1,2,1482.0,2opt,notBad
14029,2,1482.1,2,1482.0,swap,improve
14030,2,1482.1,2,1482.0,move,improve
14031,2,1482.1,2,1482.0,swap,improve
14032,2,1482.1,2,1482.0,move,improve
14033,2,1482.1,2,1482.0,swap,improve
14034,2,1482.1,2,1482.0,2opt,notBad
14035,2,1482.1,2,1482.0,swap,notBad
14036,2,1482.1,2,1482.0,move,improve
14037,2,1482.1,2,1482.0,move,improve
14038,2,1482.1,2,1482.0,2opt,notBad
14039,2,1482.1,2,1482.0,move,improve
14040,2,1482.1,2,1482.0,swap,improve
14041,2,1482.1,2,1482.0,move,improve
14042,2,1482.1,2,1482.0,swap,improve
14043,2,1482.1,2,1482.0,2opt,notBad
14044,2,1482.1,2,1482.0,swap,notBad
14045,2,1482.0,2,1482.0,swap,improve
14046,2,1482.0,2,1482.0,move,improve
14047,2,1482.0,2,1482.0,swap,improve
14048,2,1482.0,2,1482.0,move,improve
14049,2,1482.0,2,1482.0,2opt,notBad
14050,2,1482.0,2,1482.0,move,improve
14051,2,1482.0,2,1482.0,2opt,notBad
14052,2,1482.0,2,1482.0,2opt,notBad
14053,2,1482.0,2,1482.0,2opt,notBad
14054,2,1482.0,2,1482.0,swap,notBad
14055,2,1482.0,2,1482.0,swap,improve
14056,2,1482.0,2,1482.0,2opt,notBad
14057,2,1482.0,2,1482.0,swap,notBad
14058,2,1482.0,2,1482.0,2opt,notBad
14059,2,1482.0,2,1482.0,move,improve
14060,2,1482.0,2,1482.0,swap,improve
14061,2,1482.0,2,1482.0,2opt,notBad
14062,2,1482.0,2,1482.0,move,improve
14063,2,1482.0,2,1482.0,swap,improve
14064,2,1482.0,2,1482.0,swap,notBad
14065,2,1482.0,2,1482.0,swap,improve
14066,2,1482.0,2,1482.0,swap,notBad
14067,2,1482.0,2,1482.0,swap,improve
14068,2,1482.0,2,1482.0,move,improve
14069,2,1482.0,2,1482.0,swap,improve
14070,2,1482.0,2,1482.0,2opt,improve
14071,2,1482.0,2,1482.0,2opt,notBad
14072,2,1482.0,2,1482.0,move,improve
14073,2,1482.0,2,1482.0,swap,notBad
14074,2,1482.0,2,1482.0,2opt,notBad
14075,2,1482.0,2,1482.0,move,improve
14076,2,1482.0,2,1482.0,move,improve
14077,2,1482.0,2,1482.0,swap,improve
14078,2,1482.0,2,1482.0,2opt,notBad
14079,2,1482.0,2,1482.0,move,improve
14080,2,1482.0,2,1482.0,2opt,notBad
14081,2,1482.0,2,1482.0,2opt,notBad
14082,2,1482.0,2,1482.0,swap,improve
14083,2,1482.0,2,1482.0,swap,improve
14084,2,1482.0,2,1482.0,swap,improve
14085,2,1482.0,2,1482.0,move,improve
14086,2,1482.0,2,1482.0,move,improve
14087,2,1482.0,2,1482.0,swap,notBad
14088,2,1482.0,2,1482.0,move,improve
14089,2,1482.0,2,1482.0,move,improve
14090,2,1482.0,2,1482.0,move,improve
14091,2,1482.0,2,1482.0,swap,improve
14092,2,1482.0,2,1482.0,move,improve
14093,2,1482.0,2,1482.0,swap,notBad
14094,2,1482.0,2,1482.0,move,improve
14095,2,1482.0,2,1482.0,swap,improve
14096,2,1482.0,2,1482.0,swap,notBad
14097,2,1482.0,2,1482.0,swap,improve
14098,2,1482.0,2,1482.0,swap,improve
14099,2,1482.0,2,1482.0,2opt,notBad
14100,2,1482.0,2,1482.0,2opt,notBad
14101,2,1482.0,2,1482.0,move,improve
14102,2,1482.0,2,1482.0,2opt,notBad
14103,2,1482.0,2,1482.0,2opt,notBad
14104,2,1482.0,2,1482.0,2opt,notBad
14105,2,1482.0,2,1482.0,move,improve
14106,2,1482.0,2,1482.0,move,improve
14107,2,1482.0,2,1482.0,move,improve
14108,2,1482.0,2,1482.0,2opt,notBad
14109,2,1482.0,2,1482.0,2opt,notBad
14110,2,1482.0,2,1482.0,2opt,notBad
14111,2,1482.0,2,1482.0,2opt,notBad
14112,2,1482.0,2,1482.0,swap,improve
14113,2,1482.0,2,1482.0,move,improve
14114,2,1482.0,2,1482.0,swap,improve
14115,2,1482.0,2,1482.0,swap,notBad
14116,2,1482.0,2,1482.0,move,improve
14117,2,1482.0,2,1482.0,swap,improve
14118,2,1482.0,2,1482.0,2opt,notBad
14119,2,1482.0,2,1482.0,2opt,notBad
14120,2,1482.0,2,1482.0,move,improve
14121,2,1482.0,2,1482.0,swap,improve
14122,2,1482.0,2,1482.0,swap,improve
14123,2,1482.0,2,1482.0,move,improve
14124,2,1482.0,2,1482.0,2opt,notBad
14125,2,1482.0,2,1482.0,2opt,notBad
14126,2,1482.0,2,1482.0,move,improve
14127,2,1482.0,2,1482.0,2opt,improve
14128,2,1482.0,2,1482.0,swap,notBad
14129,2,1482.0,2,1482.0,move,improve
14130,2,1482.0,2,1482.0,swap,improve
14131,2,1482.0,2,1482.0,move,notBad
14132,2,1482.0,2,1482.0,2opt,improve
14133,2,1482.0,2,1482.0,2opt,notBad
14134,2,1482.0,2,1482.0,move,improve
14135,2,1482.0,2,1482.0,move,improve
14136,2,1482.0,2,1482.0,swap,improve
14137,2,1482.0,2,1482.0,swap,improve
14138,2,1482.0,2,1482.0,move,improve
14139,2,1482.0,2,1482.0,swap,notBad
14140,2,1482.0,2,1482.0,move,improve
14141,2,1482.0,2,1482.0,2opt,notBad
14142,2,1482.0,2,1482.0,swap,improve
14143,2,1482.0,2,1482.0,swap,notBad
14144,2,1482.0,2,1482.0,2opt,notBad
14145,2,1482.0,2,1482.0,move,improve
14146,2,1482.0,2,1482.0,2opt,notBad
14147,2,1482.0,2,1482.0,swap,notBad
14148,2,1482.0,2,1482.0,move,improve
14149,2,1482.0,2,1482.0,swap,improve
14150,2,1482.0,2,1482.0,move,improve
14151,2,1482.0,2,1482.0,swap,improve
14152,2,1482.0,2,1482.0,move,improve
14153,2,1482.0,2,1482.0,move,improve
14154,2,1482.0,2,1482.0,move,improve
14155,2,1482.0,2,1482.0,move,improve
14156,2,1482.0,2,1482.0,2opt,notBad
14157,2,1482.0,2,1482.0,2opt,notBad
14158,2,1482.0,2,1482.0,2opt,notBad
14159,2,1482.0,2,1482.0,2opt,improve
14160,2,1482.0,2,1482.0,move,improve
14161,2,1482.0,2,1482.0,swap,improve
14162,2,1482.0,2,1482.0,move,improve
14163,2,1482.0,2,1482.0,2opt,notBad
14164,2,1482.0,2,1482.0,2opt,notBad
14165,2,1482.0,2,1482.0,move,improve
14166,2,1482.0,2,1482.0,move,improve
14167,2,1482.0,2,1482.0,2opt,notBad
14168,2,1482.0,2,1482.0,2opt,notBad
14169,2,1482.0,2,1482.0,swap,improve
14170,2,1482.0,2,1482.0,move,notBad
14171,2,1482.0,2,1482.0,2opt,notBad
14172,2,1482.0,2,1482.0,2opt,notBad
14173,2,1482.0,2,1482.0,swap,improve
14174,2,1482.0,2,1482.0,2opt,notBad
14175,2,1482.0,2,1482.0,swap,improve
14176,2,1482.0,2,1482.0,2opt,notBad
14177,2,1482.0,2,1482.0,swap,improve
14178,2,1482.0,2,1482.0,2opt,notBad
14179,2,1482.0,2,1482.0,move,improve
14180,2,1482.0,2,1482.0,swap,improve
14181,2,1482.0,2,1482.0,swap,improve
14182,2,1482.0,2,1482.0,2opt,notBad
14183,2,1482.0,2,1482.0,move,improve
14184,2,1482.0,2,1482.0,swap,improve
14185,2,1482.0,2,1482.0,move,improve
14186,2,1482.0,2,1482.0,move,improve
14187,2,1482.0,2,1482.0,2opt,notBad
14188,2,1482.0,2,1482.0,swap,notBad
14189,2,1482.0,2,1482.0,swap,improve
14190,2,1482.0,2,1482.0,2opt,notBad
14191,2,1482.0,2,1482.0,swap,notBad
14192,2,1482.0,2,1482.0,swap,improve
14193,2,1482.0,2,1482.0,swap,notBad
14194,2,1482.0,2,1482.0,2opt,notBad
14195,2,1482.0,2,1482.0,swap,notBad
14196,2,1482.0,2,1482.0,2opt,notBad
14197,2,1482.0,2,1482.0,2opt,notBad
14198,2,1482.0,2,1482.0,2opt,notBad
14199,2,1482.0,2,1482.0,move,improve
14200,2,1482.0,2,1482.0,move,improve
14201,2,1482.0,2,1482.0,2opt,notBad
14202,2,1482.0,2,1482.0,2opt,notBad
14203,2,1482.0,2,1482.0,2opt,notBad
14204,2,1482.0,2,1482.0,swap,improve
14205,2,1482.0,2,1482.0,swap,improve
14206,2,1482.0,2,1482.0,move,improve
14207,2,1482.0,2,1482.0,move,improve
14208,2,1482.0,2,1482.0,2opt,notBad
14209,2,1482.0,2,1482.0,swap,improve
14210,2,1482.0,2,1482.0,swap,notBad
14211,2,1482.0,2,1482.0,move,improve
14212,2,1482.0,2,1482.0,swap,notBad
14213,2,1482.0,2,1482.0,move,improve
14214,2,1482.0,2,1482.0,move,improve
14215,2,1482.0,2,1482.0,move,improve
14216,2,1482.0,2,1482.0,swap,improve
14217,2,1482.0,2,1482.0,move,improve
14218,2,1482.0,2,1482.0,swap,improve
14219,2,1482.0,2,1482.0,swap,improve
14220,2,1482.0,2,1482.0,2opt,notBad
14221,2,1482.0,2,1482.0,move,notBad
14222,2,1482.0,2,1482.0,move,improve
14223,2,1482.0,2,1482.0,2opt,notBad
14224,2,1482.0,2,1482.0,swap,improve
14225,2,1482.0,2,1482.0,move,improve
14226,2,1482.0,2,1482.0,move,improve
14227,2,1482.0,2,1482.0,2opt,notBad
14228,2,1482.0,2,1482.0,2opt,notBad
14229,2,1482.0,2,1482.0,2opt,notBad
14230,2,1482.0,2,1482.0,2opt,notBad
14231,2,1482.0,2,1482.0,swap,notBad
14232,2,1482.0,2,1482.0,swap,notBad
14233,2,1482.0,2,1482.0,2opt,notBad
14234,2,1482.0,2,1482.0,2opt,notBad
14235,2,1482.0,2,1482.0,swap,improve
14236,2,1482.0,2,1482.0,2opt,improve
14237,2,1482.0,2,1482.0,swap,improve
14238,2,1482.0,2,1482.0,2opt,notBad
14239,2,1482.0,2,1482.0,2opt,notBad
14240,2,1482.0,2,1482.0,swap,improve
14241,2,1482.0,2,1482.0,swap,improve
14242,2,1482.0,2,1482.0,move,improve
14243,2,1482.0,2,1482.0,swap,notBad
14244,2,1482.0,2,1482.0,move,improve
14245,2,1482.0,2,1482.0,swap,improve
14246,2,1482.0,2,1482.0,move,improve
14247,2,1482.0,2,1482.0,swap,improve
14248,2,1482.0,2,1482.0,2opt,notBad
14249,2,1482.0,2,1482.0,swap,notBad
14250,2,1482.0,2,1482.0,move,improve
14251,2,1482.0,2,1482.0,swap,improve
14252,2,1482.0,2,1482.0,swap,notBad
14253,2,1482.0,2,1482.0,move,improve
14254,2,1482.0,2,1482.0,2opt,notBad
14255,2,1482.0,2,1482.0,swap,improve
14256,2,1482.0,2,1482.0,swap,improve
14257,2,1482.0,2,1482.0,2opt,notBad
14258,2,1482.0,2,1482.0,2opt,notBad
14259,2,1482.0,2,1482.0,move,improve
14260,2,1482.0,2,1482.0,swap,notBad
14261,2,1482.0,2,1482.0,2opt,notBad
14262,2,1482.0,2,1482.0,2opt,improve
14263,2,1482.0,2,1482.0,2opt,notBad
14264,2,1482.0,2,1482.0,move,improve
14265,2,1482.0,2,1482.0,2opt,notBad
14266,2,1482.0,2,1482.0,swap,improve
14267,2,1482.0,2,1482.0,move,improve
14268,2,1482.0,2,1482.0,2opt,notBad
14269,2,1482.0,2,1482.0,swap,notBad
14270,2,1482.0,2,1482.0,move,improve
14271,2,1482.0,2,1482.0,2opt,notBad
14272,2,1482.0,2,1482.0,swap,notBad
14273,2,1482.0,2,1482.0,2opt,improve
14274,2,1482.0,2,1482.0,2opt,notBad
14275,2,1482.0,2,1482.0,swap,notBad
14276,2,1482.0,2,1482.0,swap,improve
14277,2,1482.0,2,1482.0,swap,notBad
14278,2,1482.0,2,1482.0,move,improve
14279,2,1482.0,2,1482.0,move,improve
14280,2,1482.0,2,1482.0,swap,notBad
14281,2,1482.0,2,1482.0,move,improve
14282,2,1482.0,2,1482.0,2opt,notBad
14283,2,1482.0,2,1482.0,2opt,notBad
14284,2,1482.0,2,1482.0,move,improve
14285,2,1482.0,2,1482.0,2opt,notBad
14286,2,1482.0,2,1482.0,swap,improve
14287,2,1482.0,2,1482.0,2opt,notBad
14288,2,1482.0,2,1482.0,move,improve
14289,2,1482.0,2,1482.0,swap,notBad
14290,2,1482.0,2,1482.0,move,improve
14291,2,1482.0,2,1482.0,2opt,notBad
14292,2,1482.0,2,1482.0,2opt,notBad
14293,2,1482.0,2,1482.0,swap,improve
14294,2,1482.0,2,1482.0,2opt,notBad
14295,2,1482.0,2,1482.0,move,improve
14296,2,1482.0,2,1482.0,swap,improve
14297,2,1482.0,2,1482.0,2opt,notBad
14298,2,1482.0,2,1482.0,move,improve
14299,2,1482.0,2,1482.0,move,improve
14300,2,1482.0,2,1482.0,move,improve
14301,2,1482.0,2,1482.0,2opt,notBad
14302,2,1482.0,2,1482.0,2opt,notBad
14303,2,1482.0,2,1482.0,2opt,notBad
14304,2,1482.0,2,1482.0,swap,notBad
14305,2,1482.0,2,1482.0,2opt,notBad
14306,2,1482.0,2,1482.0,2opt,notBad
14307,2,1482.0,2,1482.0,2opt,improve
14308,2,1482.0,2,1482.0,swap,notBad
14309,2,1482.0,2,1482.0,swap,notBad
14310,2,1482.0,2,1482.0,2opt,notBad
14311,2,1482.0,2,1482.0,2opt,notBad
14312,2,1482.0,2,1482.0,move,improve
14313,2,1482.0,2,1482.0,swap,improve
14314,2,1482.0,2,1482.0,move,improve
14315,2,1482.0,2,1482.0,move,improve
14316,2,1482.0,2,1482.0,2opt,notBad
14317,2,1482.0,2,1482.0,2opt,notBad
14318,2,1482.0,2,1482.0,swap,improve
14319,2,1482.0,2,1482.0,2opt,notBad
14320,2,1482.0,2,1482.0,swap,improve
14321,2,1482.0,2,1482.0,2opt,improve
14322,2,1482.0,2,1482.0,2opt,notBad
14323,2,1482.0,2,1482.0,move,improve
14324,2,1482.0,2,1482.0,swap,notBad
14325,2,1482.0,2,1482.0,2opt,notBad
14326,2,1482.0,2,1482.0,2opt,improve
14327,2,1482.0,2,1482.0,2opt,improve
14328,2,1482.0,2,1482.0,2opt,notBad
14329,2,1482.0,2,1482.0,swap,notBad
14330,2,1482.0,2,1482.0,2opt,notBad
14331,2,1482.0,2,1482.0,swap,improve
14332,2,1482.0,2,1482.0,2opt,notBad
14333,2,1482.0,2,1482.0,2opt,notBad
14334,2,1482.0,2,1482.0,swap,improve
14335,2,1482.0,2,1482.0,swap,notBad
14336,2,1482.0,2,1482.0,2opt,notBad
14337,2,1482.0,2,1482.0,2opt,notBad
14338,2,1482.0,2,1482.0,move,improve
14339,2,1482.1,2,1482.0,swap,acceptBad
14340,2,1482.1,2,1482.0,move,improve
14341,2,1482.1,2,1482.0,swap,improve
14342,2,1482.1,2,1482.0,move,improve
14343,2,1482.1,2,1482.0,move,improve
14344,2,1482.1,2,1482.0,swap,improve
14345,2,1482.1,2,1482.0,move,improve
14346,2,1482.1,2,1482.0,swap,improve
14347,2,1482.1,2,1482.0,swap,notBad
14348,2,1482.1,2,1482.0,move,improve
14349,2,1482.1,2,1482.0,2opt,notBad
14350,2,1482.1,2,1482.0,2opt,notBad
14351,2,1482.1,2,1482.0,2opt,notBad
14352,2,1482.1,2,1482.0,move,improve
14353,2,1482.1,2,1482.0,move,notBad
14354,2,1482.1,2,1482.0,swap,improve
14355,2,1482.1,2,1482.0,2opt,notBad
14356,2,1482.1,2,1482.0,move,improve
14357,2,1482.1,2,1482.0,2opt,notBad
14358,2,1482.1,2,1482.0,move,improve
14359,2,1482.1,2,1482.0,swap,notBad
14360,2,1482.1,2,1482.0,swap,improve
14361,2,1482.4,2,1482.0,swap,acceptBad
14362,2,1482.4,2,1482.0,2opt,notBad
14363,2,1482.4,2,1482.0,move,improve
14364,2,1482.4,2,1482.0,2opt,notBad
14365,2,1482.4,2,1482.0,2opt,notBad
14366,2,1482.4,2,1482.0,move,improve
14367,2,1482.4,2,1482.0,2opt,notBad
14368,2,1482.4,2,1482.0,swap,improve
14369,2,1482.4,2,1482.0,swap,improve
14370,2,1482.4,2,1482.0,move,improve
14371,2,1482.4,2,1482.0,2opt,improve
14372,2,1482.4,2,1482.0,move,improve
14373,2,1482.4,2,1482.0,2opt,notBad
14374,2,1482.4,2,1482.0,swap,improve
14375,2,1482.4,2,1482.0,2opt,notBad
14376,2,1482.4,2,1482.0,2opt,notBad
14377,2,1482.4,2,1482.0,2opt,notBad
14378,2,1482.4,2,1482.0,move,improve
14379,2,1482.4,2,1482.0,2opt,notBad
14380,2,1482.4,2,1482.0,2opt,notBad
14381,2,1482.4,2,1482.0,2opt,notBad
14382,2,1482.4,2,1482.0,move,improve
14383,2,1482.4,2,1482.0,swap,improve
14384,2,1482.4,2,1482.0,2opt,notBad
14385,2,1482.4,2,1482.0,swap,improve
14386,2,1482.4,2,1482.0,move,improve
14387,2,1482.4,2,1482.0,move,improve
14388,2,1482.4,2,1482.0,2opt,notBad
14389,2,1482.4,2,1482.0,2opt,notBad
14390,2,1482.4,2,1482.0,2opt,notBad
14391,2,1482.4,2,1482.0,2opt,notBad
14392,2,1482.4,2,1482.0,move,improve
14393,2,1482.4,2,1482.0,move,improve
14394,2,1482.4,2,1482.0,swap,improve
14395,2,1482.4,2,1482.0,swap,notBad
14396,2,1482.4,2,1482.0,move,improve
14397,2,1482.4,2,1482.0,2opt,notBad
14398,2,1482.4,2,1482.0,2opt,notBad
14399,2,1482.4,2,1482.0,move,improve
14400,2,1482.4,2,1482.0,swap,improve
14401,2,1482.4,2,1482.0,swap,improve
14402,2,1482.4,2,1482.0,move,improve
14403,2,1482.4,2,1482.0,move,improve
14404,2,1482.4,2,1482.0,swap,improve
14405,2,1482.4,2,1482.0,swap,improve
14406,2,1482.4,2,1482.0,2opt,notBad
14407,2,1482.4,2,1482.0,swap,improve
14408,2,1482.4,2,1482.0,move,improve
14409,2,1482.4,2,1482.0,swap,notBad
14410,2,1482.4,2,1482.0,move,improve
14411,2,1482.4,2,1482.0,move,notBad
14412,2,1482.4,2,1482.0,move,improve
14413,2,1482.4,2,1482.0,move,improve
14414,2,1482.4,2,1482.0,swap,improve
14415,2,1482.4,2,1482.0,move,improve
14416,2,1482.4,2,1482.0,swap,improve
14417,2,1482.4,2,1482.0,move,improve
14418,2,1482.4,2,1482.0,move,improve
14419,2,1482.4,2,1482.0,swap,notBad
14420,2,1482.4,2,1482.0,2opt,notBad
14421,2,1482.4,2,1482.0,2opt,notBad
14422,2,1482.4,2,1482.0,move,improve
14423,2,1482.4,2,1482.0,swap,notBad
14424,2,1482.4,2,1482.0,swap,notBad
14425,2,1482.4,2,1482.0,2opt,notBad
14426,2,1482.4,2,1482.0,move,improve
14427,2,1482.4,2,1482.0,swap,improve
14428,2,1482.4,2,1482.0,2opt,notBad
14429,2,1482.4,2,1482.0,move,improve
14430,2,1482.4,2,1482.0,move,improve
14431,2,1482.4,2,1482.0,swap,notBad
14432,2,1482.4,2,1482.0,move,improve
14433,2,1482.4,2,1482.0,swap,improve
14434,2,1482.4,2,1482.0,2opt,notBad
14435,2,1482.4,2,1482.0,move,improve
14436,2,1482.4,2,1482.0,2opt,notBad
14437,2,1482.4,2,1482.0,2opt,notBad
14438,2,1482.4,2,1482.0,swap,notBad
14439,2,1482.4,2,1482.0,swap,notBad
14440,2,1482.4,2,1482.0,swap,notBad
14441,2,1482.4,2,1482.0,move,improve
14442,2,1482.4,2,1482.0,move,improve
14443,2,1482.4,2,1482.0,2opt,notBad
14444,2,1482.4,2,1482.0,2opt,notBad
14445,2,1482.4,2,1482.0,2opt,notBad
14446,2,1482.4,2,1482.0,swap,improve
14447,2,1482.4,2,1482.0,swap,improve
14448,2,1482.4,2,1482.0,swap,improve
14449,2,1482.4,2,1482.0,move,improve
14450,2,1482.4,2,1482.0,2opt,notBad
14451,2,1482.4,2,1482.0,2opt,notBad
14452,2,1482.4,2,1482.0,move,improve
14453,2,1482.4,2,1482.0,2opt,notBad
14454,2,1482.4,2,1482.0,2opt,notBad
14455,2,1482.4,2,1482.0,2opt,notBad
14456,2,1482.4,2,1482.0,2opt,notBad
14457,2,1482.4,2,1482.0,move,improve
14458,2,1482.4,2,1482.0,move,improve
14459,2,1482.4,2,1482.0,2opt,notBad
14460,2,1482.4,2,1482.0,move,improve
14461,2,1482.4,2,1482.0,2opt,improve
14462,2,1482.4,2,1482.0,move,improve
14463,2,1482.4,2,1482.0,swap,improve
14464,2,1482.4,2,1482.0,move,improve
14465,2,1482.4,2,1482.0,2opt,notBad
14466,2,1482.4,2,1482.0,2opt,notBad
14467,2,1482.4,2,1482.0,2opt,notBad
14468,2,1482.4,2,1482.0,move,improve
14469,2,1482.4,2,1482.0,move,improve
14470,2,1482.4,2,1482.0,2opt,improve
14471,2,1482.4,2,1482.0,2opt,notBad
14472,2,1482.4,2,1482.0,move,improve
14473,2,1482.4,2,1482.0,2opt,improve
14474,2,1482.4,2,1482.0,swap,improve
14475,2,1482.4,2,1482.0,2opt,notBad
14476,2,1482.4,2,1482.0,swap,improve
14477,2,1482.4,2,1482.0,swap,notBad
14478,2,1482.4,2,1482.0,swap,improve
14479,2,1482.4,2,1482.0,2opt,notBad
14480,2,1482.4,2,1482.0,2opt,notBad
14481,2,1482.4,2,1482.0,2opt,notBad
14482,2,1482.4,2,1482.0,swap,notBad
14483,2,1482.4,2,1482.0,move,improve
14484,2,1482.4,2,1482.0,move,improve
14485,2,1482.4,2,1482.0,swap,notBad
14486,2,1482.4,2,1482.0,move,improve
14487,2,1482.4,2,1482.0,swap,notBad
14488,2,1482.4,2,1482.0,swap,notBad
14489,2,1482.4,2,1482.0,move,improve
14490,2,1482.4,2,1482.0,2opt,notBad
14491,2,1482.4,2,1482.0,2opt,improve
14492,2,1482.4,2,1482.0,swap,notBad
14493,2,1482.4,2,1482.0,swap,notBad
14494,2,1482.4,2,1482.0,swap,improve
14495,2,1482.4,2,1482.0,2opt,notBad
14496,2,1482.4,2,1482.0,move,improve
14497,2,1482.4,2,1482.0,swap,improve
14498,2,1482.1,2,1482.0,move,improve
14499,2,1482.1,2,1482.0,2opt,notBad
14500,2,1482.1,2,1482.0,swap,improve
14501,2,1482.1,2,1482.0,move,improve
14502,2,1482.1,2,1482.0,move,improve
14503,2,1482.1,2,1482.0,move,improve
14504,2,1482.1,2,1482.0,swap,notBad
14505,2,1482.1,2,1482.0,swap,improve
14506,2,1482.1,2,1482.0,move,improve
14507,2,1482.1,2,1482.0,2opt,notBad
14508,2,1482.1,2,1482.0,swap,improve
14509,2,1482.1,2,1482.0,move,improve
14510,2,1482.1,2,1482.0,move,improve
14511,2,1482.1,2,1482.0,swap,improve
14512,2,1482.1,2,1482.0,swap,notBad
14513,2,1482.1,2,1482.0,swap,improve
14514,2,1482.1,2,1482.0,2opt,notBad
14515,2,1482.1,2,1482.0,move,improve
14516,2,1482.1,2,1482.0,move,improve
14517,2,1482.1,2,1482.0,swap,improve
14518,2,1482.1,2,1482.0,move,improve
14519,2,1482.1,2,1482.0,swap,improve
14520,2,1482.1,2,1482.0,2opt,notBad
14521,2,1482.1,2,1482.0,move,improve
14522,2,1482.1,2,1482.0,2opt,notBad
14523,2,1482.1,2,1482.0,swap,improve
14524,2,1482.1,2,1482.0,swap,notBad
14525,2,1482.1,2,1482.0,2opt,notBad
14526,2,1482.1,2,1482.0,swap,notBad
14527,2,1482.1,2,1482.0,swap,improve
14528,2,1482.1,2,1482.0,swap,notBad
14529,2,1482.1,2,1482.0,move,improve
14530,2,1482.1,2,1482.0,move,improve
14531,2,1482.1,2,1482.0,2opt,notBad
14532,2,1482.1,2,1482.0,move,improve
14533,2,1482.1,2,1482.0,2opt,notBad
14534,2,1482.1,2,1482.0,swap,notBad
14535,2,1482.1,2,1482.0,move,improve
14536,2,1482.1,2,1482.0,move,improve
14537,2,1482.1,2,1482.0,swap,notBad
14538,2,1482.1,2,1482.0,move,improve
14539,2,1482.1,2,1482.0,swap,notBad
14540,2,1482.1,2,1482.0,2opt,notBad
14541,2,1482.1,2,1482.0,2opt,notBad
14542,2,1482.1,2,1482.0,2opt,notBad
14543,2,1482.1,2,1482.0,move,improve
14544,2,1482.1,2,1482.0,move,improve
14545,2,1482.1,2,1482.0,move,improve
14546,2,1482.1,2,1482.0,swap,improve
14547,2,1482.1,2,1482.0,swap,improve
14548,2,1482.1,2,1482.0,2opt,notBad
14549,2,1482.1,2,1482.0,swap,notBad
14550,2,1482.1,2,1482.0,swap,improve
14551,2,1482.1,2,1482.0,swap,improve
14552,2,1482.1,2,1482.0,2opt,notBad
14553,2,1482.1,2,1482.0,2opt,improve
14554,2,1482.1,2,1482.0,swap,notBad
14555,2,1482.1,2,1482.0,swap,notBad
14556,2,1482.1,2,1482.0,swap,improve
14557,2,1482.1,2,1482.0,2opt,notBad
14558,2,1482.1,2,1482.0,swap,notBad
14559,2,1482.1,2,1482.0,swap,improve
14560,2,1482.1,2,1482.0,move,improve
14561,2,1482.1,2,1482.0,swap,notBad
14562,2,1482.1,2,1482.0,move,improve
14563,2,1482.1,2,1482.0,2opt,notBad
14564,2,1482.1,2,1482.0,swap,improve
14565,2,1482.1,2,1482.0,move,improve
14566,2,1482.1,2,1482.0,move,improve
14567,2,1482.1,2,1482.0,move,improve
14568,2,1482.1,2,1482.0,swap,improve
14569,2,1482.1,2,1482.0,swap,notBad
14570,2,1482.1,2,1482.0,move,improve
14571,2,1482.1,2,1482.0,move,improve
14572,2,1482.1,2,1482.0,move,improve
14573,2,1482.1,2,1482.0,2opt,notBad
14574,2,1482.1,2,1482.0,move,improve
14575,2,1482.1,2,1482.0,move,improve
14576,2,1482.1,2,1482.0,swap,notBad
14577,2,1482.1,2,1482.0,move,improve
14578,2,1482.1,2,1482.0,2opt,notBad
14579,2,1482.1,2,1482.0,swap,improve
14580,2,1482.1,2,1482.0,move,improve
14581,2,1482.1,2,1482.0,move,improve
14582,2,1482.1,2,1482.0,2opt,notBad
14583,2,1482.1,2,1482.0,move,improve
14584,2,1482.1,2,1482.0,move,improve
14585,2,1482.1,2,1482.0,move,improve
14586,2,1482.1,2,1482.0,2opt,notBad
14587,2,1482.1,2,1482.0,swap,improve
14588,2,1482.1,2,1482.0,swap,notBad
14589,2,1482.1,2,1482.0,swap,improve
14590,2,1482.1,2,1482.0,2opt,notBad
14591,2,1482.1,2,1482.0,swap,notBad
14592,2,1482.1,2,1482.0,2opt,improve
14593,2,1482.1,2,1482.0,move,improve
14594,2,1482.4,2,1482.0,swap,acceptBad
14595,2,1482.4,2,1482.0,move,improve
14596,2,1482.4,2,1482.0,swap,notBad
14597,2,1482.4,2,1482.0,swap,improve
14598,2,1482.4,2,1482.0,move,improve
14599,2,1482.4,2,1482.0,2opt,notBad
14600,2,1482.4,2,1482.0,swap,notBad
14601,2,1482.4,2,1482.0,2opt,notBad
14602,2,1482.4,2,1482.0,swap,improve
14603,2,1482.4,2,1482.0,move,improve
14604,2,1482.4,2,1482.0,move,notBad
14605,2,1482.4,2,1482.0,move,improve
14606,2,1482.4,2,1482.0,move,improve
14607,2,1482.4,2,1482.0,2opt,notBad
14608,2,1482.1,2,1482.0,move,improve
14609,2,1482.1,2,1482.0,2opt,notBad
14610,2,1482.1,2,1482.0,2opt,notBad
14611,2,1482.1,2,1482.0,move,improve
14612,2,1482.1,2,1482.0,swap,notBad
14613,2,1482.1,2,1482.0,swap,notBad
14614,2,1482.1,2,1482.0,swap,improve
14615,2,1482.1,2,1482.0,2opt,improve
14616,2,1482.1,2,1482.0,swap,notBad
14617,2,1482.1,2,1482.0,move,improve
14618,2,1482.1,2,1482.0,swap,notBad
14619,2,1482.1,2,1482.0,swap,improve
14620,2,1482.1,2,1482.0,move,improve
14621,2,1482.1,2,1482.0,move,improve
14622,2,1482.1,2,1482.0,swap,notBad
14623,2,1482.1,2,1482.0,2opt,notBad
14624,2,1482.1,2,1482.0,swap,notBad
14625,2,1482.1,2,1482.0,swap,notBad
14626,2,1482.1,2,1482.0,move,improve
14627,2,1482.1,2,1482.0,swap,improve
14628,2,1482.1,2,1482.0,2opt,notBad
14629,2,1482.1,2,1482.0,move,improve
14630,2,1482.1,2,1482.0,move,improve
14631,2,1482.1,2,1482.0,swap,improve
14632,2,1482.1,2,1482.0,swap,notBad
14633,2,1482.1,2,1482.0,2opt,notBad
14634,2,1482.1,2,1482.0,move,improve
14635,2,1482.1,2,1482.0,move,improve
14636,2,1482.1,2,1482.0,swap,improve
14637,2,1482.1,2,1482.0,move,improve
14638,2,1482.1,2,1482.0,2opt,notBad
14639,2,1482.1,2,1482.0,swap,notBad
14640,2,1482.1,2,1482.0,2opt,notBad
14641,2,1482.1,2,1482.0,swap,notBad
14642,2,1482.1,2,1482.0,swap,notBad
14643,2,1482.1,2,1482.0,2opt,notBad
14644,2,1482.0,2,1482.0,move,improve
14645,2,1482.0,2,1482.0,swap,notBad
14646,2,1482.0,2,1482.0,2opt,notBad
14647,2,1482.0,2,1482.0,2opt,notBad
14648,2,1482.0,2,1482.0,swap,notBad
14649,2,1482.0,2,1482.0,move,improve
14650,2,1482.0,2,1482.0,swap,improve
14651,2,1482.0,2,1482.0,swap,improve
14652,2,1482.0,2,1482.0,2opt,notBad
14653,2,1482.0,2,1482.0,2opt,notBad
14654,2,1482.0,2,1482.0,swap,improve
14655,2,1482.0,2,1482.0,swap,notBad
14656,2,1482.0,2,1482.0,move,improve
14657,2,1482.0,2,1482.0,move,improve
14658,2,1482.0,2,1482.0,swap,improve
14659,2,1482.0,2,1482.0,2opt,notBad
14660,2,1482.0,2,1482.0,move,improve
14661,2,1482.0,2,1482.0,move,improve
14662,2,1482.0,2,1482.0,swap,notBad
14663,2,1482.0,2,1482.0,2opt,notBad
14664,2,1482.0,2,1482.0,2opt,notBad
14665,2,1482.0,2,1482.0,2opt,notBad
14666,2,1482.0,2,1482.0,swap,improve
14667,2,1482.0,2,1482.0,2opt,notBad
14668,2,1482.0,2,1482.0,swap,notBad
14669,2,1482.0,2,1482.0,swap,improve
14670,2,1482.0,2,1482.0,2opt,notBad
14671,2,1482.0,2,1482.0,swap,improve
14672,2,1482.0,2,1482.0,2opt,notBad
14673,2,1482.0,2,1482.0,2opt,notBad
14674,2,1482.0,2,1482.0,2opt,notBad
14675,2,1482.0,2,1482.0,move,improve
14676,2,1482.0,2,1482.0,move,improve
14677,2,1482.0,2,1482.0,move,improve
14678,2,1482.0,2,1482.0,move,improve
14679,2,1482.0,2,1482.0,swap,improve
14680,2,1482.0,2,1482.0,2opt,notBad
14681,2,1482.0,2,1482.0,swap,notBad
14682,2,1482.0,2,1482.0,move,improve
14683,2,1482.0,2,1482.0,move,improve
14684,2,1482.0,2,1482.0,move,improve
14685,2,1482.0,2,1482.0,swap,notBad
14686,2,1482.0,2,1482.0,move,improve
14687,2,1482.0,2,1482.0,swap,improve
14688,2,1482.0,2,1482.0,2opt,notBad
14689,2,1482.0,2,1482.0,move,improve
14690,2,1482.0,2,1482.0,swap,notBad
14691,2,1482.0,2,1482.0,move,improve
14692,2,1482.0,2,1482.0,move,improve
14693,2,1482.0,2,1482.0,swap,improve
14694,2,1482.0,2,1482.0,move,improve
14695,2,1482.0,2,1482.0,move,improve
14696,2,1482.0,2,1482.0,swap,notBad
14697,2,1482.0,2,1482.0,2opt,notBad
14698,2,1482.0,2,1482.0,move,improve
14699,2,1482.0,2,1482.0,move,improve
14700,2,1482.0,2,1482.0,move,improve
14701,2,1482.0,2,1482.0,swap,improve
14702,2,1482.0,2,1482.0,2opt,improve
14703,2,1482.0,2,1482.0,move,improve
14704,2,1482.0,2,1482.0,swap,notBad
14705,2,1482.0,2,1482.0,swap,notBad
14706,2,1482.0,2,1482.0,2opt,notBad
14707,2,1482.0,2,1482.0,2opt,notBad
14708,2,1482.0,2,1482.0,2opt,notBad
14709,2,1482.0,2,1482.0,swap,notBad
14710,2,1482.0,2,1482.0,swap,notBad
14711,2,1482.0,2,1482.0,swap,improve
14712,2,1482.0,2,1482.0,2opt,notBad
14713,2,1482.0,2,1482.0,2opt,notBad
14714,2,1482.0,2,1482.0,2opt,notBad
14715,2,1482.0,2,1482.0,swap,notBad
14716,2,1482.0,2,1482.0,move,improve
14717,2,1482.0,2,1482.0,2opt,notBad
14718,2,1482.0,2,1482.0,2opt,notBad
14719,2,1482.0,2,1482.0,move,improve
14720,2,1482.0,2,1482.0,move,improve
14721,2,1482.0,2,1482.0,move,improve
14722,2,1482.0,2,1482.0,2opt,notBad
14723,2,1482.0,2,1482.0,move,improve
14724,2,1482.0,2,1482.0,move,improve
14725,2,1482.0,2,1482.0,move,improve
14726,2,1482.0,2,1482.0,move,improve
14727,2,1482.0,2,1482.0,move,improve
14728,2,1482.0,2,1482.0,2opt,notBad
14729,2,1482.0,2,1482.0,move,improve
14730,2,1482.0,2,1482.0,move,improve
14731,2,1482.0,2,1482.0,2opt,notBad
14732,2,1482.0,2,1482.0,2opt,notBad
14733,2,1482.0,2,1482.0,2opt,notBad
14734,2,1482.0,2,1482.0,move,improve
14735,2,1482.0,2,1482.0,2opt,notBad
14736,2,1482.0,2,1482.0,swap,improve
14737,2,1482.0,2,1482.0,move,improve
14738,2,1482.0,2,1482.0,2opt,notBad
14739,2,1482.0,2,1482.0,move,improve
14740,2,1482.0,2,1482.0,2opt,notBad
14741,2,1482.0,2,1482.0,swap,improve
14742,2,1482.0,2,1482.0,swap,improve
14743,2,1482.0,2,1482.0,move,improve
14744,2,1482.0,2,1482.0,swap,improve
14745,2,1482.0,2,1482.0,swap,improve
14746,2,1482.0,2,1482.0,swap,improve
14747,2,1482.0,2,1482.0,swap,notBad
14748,2,1482.0,2,1482.0,move,improve
14749,2,1482.0,2,1482.0,2opt,notBad
14750,2,1482.0,2,1482.0,2opt,notBad
14751,2,1482.0,2,1482.0,move,improve
14752,2,1482.0,2,1482.0,move,improve
14753,2,1482.0,2,1482.0,move,improve
14754,2,1482.0,2,1482.0,2opt,notBad
14755,2,1482.0,2,1482.0,2opt,notBad
14756,2,1482.0,2,1482.0,2opt,notBad
14757,2,1482.0,2,1482.0,2opt,notBad
14758,2,1482.0,2,1482.0,2opt,notBad
14759,2,1482.0,2,1482.0,swap,notBad
14760,2,1482.0,2,1482.0,2opt,notBad
14761,2,1482.0,2,1482.0,swap,improve
14762,2,1482.0,2,1482.0,2opt,notBad
14763,2,1482.0,2,1482.0,swap,improve
14764,2,1482.0,2,1482.0,swap,improve
14765,2,1482.0,2,1482.0,swap,notBad
14766,2,1482.0,2,1482.0,move,improve
14767,2,1482.0,2,1482.0,swap,improve
14768,2,1482.0,2,1482.0,move,improve
14769,2,1482.0,2,1482.0,move,improve
14770,2,1482.0,2,1482.0,2opt,notBad
14771,2,1482.0,2,1482.0,move,improve
14772,2,1482.0,2,1482.0,move,improve
14773,2,1482.0,2,1482.0,2opt,notBad
14774,2,1482.0,2,1482.0,2opt,notBad
14775,2,1482.0,2,1482.0,swap,notBad
14776,2,1482.0,2,1482.0,swap,improve
14777,2,1482.0,2,1482.0,2opt,improve
14778,2,1482.0,2,1482.0,2opt,notBad
14779,2,1482.0,2,1482.0,swap,improve
14780,2,1482.0,2,1482.0,2opt,notBad
14781,2,1482.0,2,1482.0,move,improve
14782,2,1482.0,2,1482.0,move,improve
14783,2,1482.0,2,1482.0,move,improve
14784,2,1482.0,2,1482.0,swap,notBad
14785,2,1482.0,2,1482.0,2opt,notBad
14786,2,1482.0,2,1482.0,2opt,notBad
14787,2,1482.0,2,1482.0,move,improve
14788,2,1482.0,2,1482.0,2opt,notBad
14789,2,1482.0,2,1482.0,2opt,notBad
14790,2,1482.0,2,1482.0,2opt,notBad
14791,2,1482.0,2,1482.0,swap,notBad
14792,2,1482.0,2,1482.0,2opt,notBad
14793,2,1482.0,2,1482.0,swap,notBad
14794,2,1482.0,2,1482.0,swap,improve
14795,2,1482.0,2,1482.0,2opt,notBad
14796,2,1482.0,2,1482.0,move,improve
14797,2,1482.0,2,1482.0,move,improve
14798,2,1482.0,2,1482.0,swap,improve
14799,2,1482.0,2,1482.0,2opt,notBad
14800,2,1482.0,2,1482.0,move,improve
14801,2,1482.0,2,1482.0,swap,improve
14802,2,1482.0,2,1482.0,swap,improve
14803,2,1482.0,2,1482.0,swap,improve
14804,2,1482.0,2,1482.0,swap,notBad
14805,2,1482.0,2,1482.0,move,improve
14806,2,1482.0,2,1482.0,swap,improve
14807,2,1482.0,2,1482.0,move,improve
14808,2,1482.0,2,1482.0,2opt,notBad
14809,2,1482.0,2,1482.0,2opt,notBad
14810,2,1482.0,2,1482.0,2opt,notBad
14811,2,1482.0,2,1482.0,2opt,notBad
14812,2,1482.0,2,1482.0,2opt,notBad
14813,2,1482.0,2,1482.0,swap,improve
14814,2,1482.0,2,1482.0,move,improve
14815,2,1482.0,2,1482.0,2opt,notBad
14816,2,1482.0,2,1482.0,move,improve
14817,2,1482.0,2,1482.0,move,improve
14818,2,1482.0,2,1482.0,2opt,notBad
14819,2,1482.0,2,1482.0,swap,notBad
14820,2,1482.0,2,1482.0,move,improve
14821,2,1482.0,2,1482.0,swap,improve
14822,2,1482.0,2,1482.0,move,improve
14823,2,1482.0,2,1482.0,2opt,notBad
14824,2,1482.0,2,1482.0,swap,improve
14825,2,1482.0,2,1482.0,2opt,improve
14826,2,1482.0,2,1482.0,move,improve
14827,2,1482.0,2,1482.0,swap,notBad
14828,2,1482.0,2,1482.0,move,improve
14829,2,1482.0,2,1482.0,move,improve
14830,2,1482.0,2,1482.0,move,improve
14831,2,1482.0,2,1482.0,move,improve
14832,2,1482.0,2,1482.0,2opt,notBad
14833,2,1482.0,2,1482.0,2opt,notBad
14834,2,1482.0,2,1482.0,swap,notBad
14835,2,1482.1,2,1482.0,swap,acceptBad
14836,2,1482.1,2,1482.0,swap,improve
14837,2,1482.1,2,1482.0,move,improve
14838,2,1482.1,2,1482.0,swap,improve
14839,2,1482.1,2,1482.0,move,improve
14840,2,1482.1,2,1482.0,2opt,notBad
14841,2,1482.1,2,1482.0,swap,notBad
14842,2,1482.1,2,1482.0,swap,improve
14843,2,1482.1,2,1482.0,2opt,notBad
14844,2,1482.1,2,1482.0,2opt,notBad
14845,2,1482.1,2,1482.0,move,improve
14846,2,1482.1,2,1482.0,move,improve
14847,2,1482.1,2,1482.0,swap,improve
14848,2,1482.1,2,1482.0,swap,notBad
14849,2,1482.1,2,1482.0,swap,improve
14850,2,1482.1,2,1482.0,2opt,notBad
14851,2,1482.1,2,1482.0,2opt,notBad
14852,2,1482.1,2,1482.0,swap,improve
14853,2,1482.1,2,1482.0,swap,notBad
14854,2,1482.1,2,1482.0,move,improve
14855,2,1482.1,2,1482.0,swap,notBad
14856,2,1482.1,2,1482.0,swap,improve
14857,2,1482.1,2,1482.0,swap,notBad
14858,2,1482.1,2,1482.0,move,improve
14859,2,1482.1,2,1482.0,move,improve
14860,2,1482.1,2,1482.0,move,improve
14861,2,1482.1,2,1482.0,2opt,notBad
14862,2,1482.1,2,1482.0,2opt,notBad
14863,2,1482.1,2,1482.0,move,improve
14864,2,1482.1,2,1482.0,2opt,notBad
14865,2,1482.1,2,1482.0,2opt,notBad
14866,2,1482.1,2,1482.0,swap,notBad
14867,2,1482.1,2,1482.0,swap,improve
14868,2,1482.1,2,1482.0,swap,notBad
14869,2,1482.1,2,1482.0,swap,notBad
14870,2,1482.1,2,1482.0,2opt,notBad
14871,2,1482.1,2,1482.0,swap,improve
14872,2,1482.1,2,1482.0,swap,improve
14873,2,1482.1,2,1482.0,2opt,notBad
14874,2,1482.1,2,1482.0,move,improve
14875,2,1482.1,2,1482.0,move,improve
14876,2,1482.1,2,1482.0,move,improve
14877,2,1482.1,2,1482.0,swap,notBad
14878,2,1482.1,2,1482.0,swap,improve
14879,2,1482.1,2,1482.0,2opt,notBad
14880,2,1482.1,2,1482.0,move,improve
14881,2,1482.1,2,1482.0,2opt,notBad
14882,2,1482.1,2,1482.0,swap,notBad
14883,2,1482.1,2,1482.0,2opt,notBad
14884,2,1482.1,2,1482.0,move,improve
14885,2,1482.1,2,1482.0,move,improve
14886,2,1482.1,2,1482.0,move,improve
14887,2,1482.1,2,1482.0,2opt,notBad
14888,2,1482.1,2,1482.0,2opt,notBad
14889,2,1482.1,2,1482.0,2opt,notBad
14890,2,1482.1,2,1482.0,move,improve
14891,2,1482.1,2,1482.0,swap,notBad
14892,2,1482.1,2,1482.0,2opt,notBad
14893,2,1482.1,2,1482.0,2opt,notBad
14894,2,1482.1,2,1482.0,swap,improve
14895,2,1482.1,2,1482.0,swap,notBad
14896,2,1482.1,2,1482.0,move,improve
14897,2,1482.1,2,1482.0,move,improve
14898,2,1482.1,2,1482.0,move,notBad
14899,2,1482.1,2,1482.0,2opt,notBad
14900,2,1482.1,2,1482.0,swap,notBad
14901,2,1482.1,2,1482.0,move,improve
14902,2,1482.1,2,1482.0,move,improve
14903,2,1482.1,2,1482.0,swap,notBad
14904,2,1482.1,2,1482.0,move,improve
14905,2,1482.1,2,1482.0,2opt,notBad
14906,2,1482.1,2,1482.0,move,improve
14907,2,1482.1,2,1482.0,move,improve
14908,2,1482.1,2,1482.0,2opt,improve
14909,2,1482.1,2,1482.0,swap,improve
14910,2,1482.1,2,1482.0,move,improve
14911,2,1482.1,2,1482.0,move,improve
14912,2,1482.1,2,1482.0,2opt,notBad
14913,2,1482.1,2,1482.0,2opt,notBad
14914,2,1482.1,2,1482.0,move,improve
14915,2,1482.1,2,1482.0,move,improve
14916,2,1482.1,2,1482.0,2opt,notBad
14917,2,1482.1,2,1482.0,move,improve
14918,2,1482.1,2,1482.0,swap,improve
14919,2,1482.1,2,1482.0,2opt,improve
14920,2,1482.1,2,1482.0,move,improve
14921,2,1482.1,2,1482.0,move,improve
14922,2,1482.1,2,1482.0,move,improve
14923,2,1482.1,2,1482.0,2opt,notBad
14924,2,1482.1,2,1482.0,move,improve
14925,2,1482.1,2,1482.0,move,improve
14926,2,1482.1,2,1482.0,2opt,notBad
14927,2,1482.1,2,1482.0,swap,notBad
14928,2,1482.1,2,1482.0,swap,improve
14929,2,1482.1,2,1482.0,2opt,notBad
14930,2,1482.1,2,1482.0,move,improve
14931,2,1482.1,2,1482.0,2opt,notBad
14932,2,1482.1,2,1482.0,2opt,notBad
14933,2,1482.1,2,1482.0,2opt,notBad
14934,2,1482.1,2,1482.0,move,improve
14935,2,1482.1,2,1482.0,2opt,notBad
14936,2,1482.1,2,1482.0,2opt,notBad
14937,2,1482.1,2,1482.0,swap,notBad
14938,2,1482.1,2,1482.0,move,improve
14939,2,1482.1,2,1482.0,move,improve
14940,2,1482.1,2,1482.0,move,improve
14941,2,1482.1,2,1482.0,move,improve
14942,2,1482.1,2,1482.0,swap,improve
14943,2,1482.1,2,1482.0,move,improve
14944,2,1482.1,2,1482.0,2opt,improve
14945,2,1482.1,2,1482.0,move,improve
14946,2,1482.1,2,1482.0,move,improve
14947,2,1482.1,2,1482.0,move,improve
14948,2,1482.1,2,1482.0,move,improve
14949,2,1482.1,2,1482.0,2opt,notBad
14950,2,1482.1,2,1482.0,move,improve
14951,2,1482.1,2,1482.0,swap,improve
14952,2,1482.1,2,1482.0,swap,notBad
14953,2,1482.1,2,1482.0,2opt,notBad
14954,2,1482.1,2,1482.0,2opt,improve
14955,2,1482.1,2,1482.0,2opt,notBad
14956,2,1482.1,2,1482.0,swap,improve
14957,2,1482.1,2,1482.0,swap,notBad
14958,2,1482.1,2,1482.0,move,improve
14959,2,1482.1,2,1482.0,move,improve
14960,2,1482.1,2,1482.0,swap,improve
14961,2,1482.1,2,1482.0,2opt,notBad
14962,2,1482.1,2,1482.0,swap,notBad
14963,2,1482.1,2,1482.0,move,improve
14964,2,1482.1,2,1482.0,move,improve
14965,2,1482.1,2,1482.0,swap,notBad
14966,2,1482.1,2,1482.0,swap,notBad
14967,2,1482.1,2,1482.0,swap,notBad
14968,2,1482.1,2,1482.0,2opt,notBad
14969,2,1482.1,2,1482.0,swap,improve
14970,2,1482.1,2,1482.0,2opt,notBad
14971,2,1482.1,2,1482.0,2opt,notBad
14972,2,1482.1,2,1482.0,2opt,notBad
14973,2,1482.1,2,1482.0,2opt,notBad
14974,2,1482.1,2,1482.0,swap,improve
14975,2,1482.1,2,1482.0,swap,improve
14976,2,1482.1,2,1482.0,move,improve
14977,2,1482.1,2,1482.0,2opt,notBad
14978,2,1482.1,2,1482.0,2opt,notBad
14979,2,1482.1,2,1482.0,2opt,notBad
14980,2,1482.1,2,1482.0,2opt,notBad
14981,2,1482.1,2,1482.0,2opt,notBad
14982,2,1482.1,2,1482.0,move,improve
14983,2,1482.1,2,1482.0,move,improve
14984,2,1482.1,2,1482.0,swap,improve
14985,2,1482.1,2,1482.0,move,improve
14986,2,1482.1,2,1482.0,swap,notBad
14987,2,1482.1,2,1482.0,move,improve
14988,2,1482.1,2,1482.0,move,improve
14989,2,1482.1,2,1482.0,move,improve
14990,2,1482.1,2,1482.0,2opt,notBad
14991,2,1482.1,2,1482.0,move,improve
14992,2,1482.1,2,1482.0,swap,improve
14993,2,1482.1,2,1482.0,swap,improve
14994,2,1482.1,2,1482.0,2opt,notBad
14995,2,1482.1,2,1482.0,swap,improve
14996,2,1482.1,2,1482.0,move,improve
14997,2,1482.1,2,1482.0,2opt,notBad
14998,2,1482.1,2,1482.0,swap,improve
14999,2,1482.1,2,1482.0,move,improve
15000,2,1482.1,2,1482.0,2opt,notBad
15001,2,1482.1,2,1482.0,move,improve
15002,2,1482.1,2,1482.0,2opt,notBad
15003,2,1482.1,2,1482.0,2opt,notBad
15004,2,1482.1,2,1482.0,move,improve
15005,2,1482.1,2,1482.0,2opt,notBad
15006,2,1482.1,2,1482.0,2opt,notBad
15007,2,1482.1,2,1482.0,move,improve
15008,2,1482.1,2,1482.0,move,improve
15009,2,1482.1,2,1482.0,swap,improve
15010,2,1482.1,2,1482.0,move,improve
15011,2,1482.1,2,1482.0,move,improve
15012,2,1482.1,2,1482.0,swap,improve
15013,2,1482.1,2,1482.0,move,improve
15014,2,1482.1,2,1482.0,swap,improve
15015,2,1482.1,2,1482.0,2opt,notBad
15016,2,1482.1,2,1482.0,swap,improve
15017,2,1482.1,2,1482.0,2opt,notBad
15018,2,1482.1,2,1482.0,swap,notBad
15019,2,1482.1,2,1482.0,swap,improve
15020,2,1482.1,2,1482.0,swap,notBad
15021,2,1482.1,2,1482.0,move,improve
15022,2,1482.1,2,1482.0,swap,notBad
15023,2,1482.1,2,1482.0,swap,notBad
15024,2,1482.1,2,1482.0,move,improve
15025,2,1482.1,2,1482.0,2opt,notBad
15026,2,1482.1,2,1482.0,2opt,notBad
15027,2,1482.1,2,1482.0,2opt,notBad
15028,2,1482.1,2,1482.0,swap,notBad
15029,2,1482.1,2,1482.0,move,improve
15030,2,1482.1,2,1482.0,swap,notBad
15031,2,1482.1,2,1482.0,move,improve
15032,2,1482.1,2,1482.0,2opt,notBad
15033,2,1482.1,2,1482.0,move,improve
15034,2,1482.1,2,1482.0,move,improve
15035,2,1482.1,2,1482.0,swap,improve
15036,2,1482.1,2,1482.0,swap,notBad
15037,2,1482.1,2,1482.0,move,improve
15038,2,1482.1,2,1482.0,2opt,notBad
15039,2,1482.1,2,1482.0,move,improve
15040,2,1482.1,2,1482.0,swap,improve
15041,2,1482.1,2,1482.0,swap,notBad
15042,2,1482.1,2,1482.0,swap,improve
15043,2,1482.1,2,1482.0,2opt,notBad
15044,2,1482.1,2,1482.0,move,improve
15045,2,1482.1,2,1482.0,swap,notBad
15046,2,1482.1,2,1482.0,2opt,notBad
15047,2,1482.1,2,1482.0,swap,improve
15048,2,1482.1,2,1482.0,2opt,notBad
15049,2,1482.1,2,1482.0,move,improve
15050,2,1482.1,2,1482.0,move,improve
15051,2,1482.1,2,1482.0,move,improve
15052,2,1482.1,2,1482.0,move,improve
15053,2,1482.1,2,1482.0,2opt,notBad
15054,2,1482.1,2,1482.0,swap,notBad
15055,2,1482.1,2,1482.0,swap,notBad
15056,2,1482.1,2,1482.0,swap,notBad
15057,2,1482.1,2,1482.0,move,improve
15058,2,1482.1,2,1482.0,swap,notBad
15059,2,1482.1,2,1482.0,2opt,notBad
15060,2,1482.1,2,1482.0,swap,notBad
15061,2,1482.1,2,1482.0,move,improve
15062,2,1482.1,2,1482.0,swap,notBad
15063,2,1482.1,2,1482.0,swap,improve
15064,2,1482.1,2,1482.0,move,improve
15065,2,1482.1,2,1482.0,swap,improve
15066,2,1482.1,2,1482.0,swap,notBad
15067,2,1482.1,2,1482.0,swap,improve
15068,2,1482.1,2,1482.0,swap,notBad
15069,2,1482.1,2,1482.0,move,improve
15070,2,1482.1,2,1482.0,move,improve
15071,2,1482.1,2,1482.0,2opt,notBad
15072,2,1482.1,2,1482.0,2opt,notBad
15073,2,1482.1,2,1482.0,swap,notBad
15074,2,1482.1,2,1482.0,swap,improve
15075,2,1482.1,2,1482.0,2opt,notBad
15076,2,1482.1,2,1482.0,2opt,notBad
15077,2,1482.1,2,1482.0,swap,notBad
15078,2,1482.1,2,1482.0,move,improve
15079,2,1482.1,2,1482.0,swap,notBad
15080,2,1482.1,2,1482.0,2opt,notBad
15081,2,1482.1,2,1482.0,move,improve
15082,2,1482.1,2,1482.0,swap,notBad
15083,2,1482.1,2,1482.0,move,improve
15084,2,1482.1,2,1482.0,2opt,notBad
15085,2,1482.1,2,1482.0,move,improve
15086,2,1482.1,2,1482.0,swap,improve
15087,2,1482.0,2,1482.0,move,improve
15088,2,1482.0,2,1482.0,move,improve
15089,2,1482.0,2,1482.0,swap,improve
15090,2,1482.0,2,1482.0,2opt,notBad
15091,2,1482.0,2,1482.0,move,improve
15092,2,1482.0,2,1482.0,swap,notBad
15093,2,1482.0,2,1482.0,swap,improve
15094,2,1482.0,2,1482.0,move,improve
15095,2,1482.0,2,1482.0,swap,improve
15096,2,1482.0,2,1482.0,swap,improve
15097,2,1482.0,2,1482.0,swap,notBad
15098,2,1482.0,2,1482.0,2opt,notBad
15099,2,1482.0,2,1482.0,swap,improve
15100,2,1482.0,2,1482.0,2opt,notBad
15101,2,1482.0,2,1482.0,swap,notBad
15102,2,1482.0,2,1482.0,2opt,notBad
15103,2,1482.0,2,1482.0,swap,notBad
15104,2,1482.0,2,1482.0,swap,improve
15105,2,1482.0,2,1482.0,swap,notBad
15106,2,1482.0,2,1482.0,swap,improve
15107,2,1482.0,2,1482.0,move,improve
15108,2,1482.0,2,1482.0,swap,notBad
15109,2,1482.0,2,1482.0,move,improve
15110,2,1482.0,2,1482.0,move,improve
15111,2,1482.0,2,1482.0,swap,notBad
15112,2,1482.0,2,1482.0,move,improve
15113,2,1482.0,2,1482.0,swap,improve
15114,2,1482.0,2,1482.0,2opt,notBad
15115,2,1482.0,2,1482.0,move,improve
15116,2,1482.0,2,1482.0,move,improve
15117,2,1482.0,2,1482.0,swap,notBad
15118,2,1482.0,2,1482.0,move,improve
15119,2,1482.0,2,1482.0,move,improve
15120,2,1482.0,2,1482.0,move,improve
15121,2,1482.0,2,1482.0,2opt,improve
15122,2,1482.0,2,1482.0,2opt,notBad
15123,2,1482.0,2,1482.0,swap,notBad
15124,2,1482.0,2,1482.0,2opt,notBad
15125,2,1482.0,2,1482.0,2opt,notBad
15126,2,1482.0,2,1482.0,swap,improve
15127,2,1482.0,2,1482.0,move,improve
15128,2,1482.0,2,1482.0,2opt,improve
15129,2,1482.0,2,1482.0,swap,improve
15130,2,1482.0,2,1482.0,2opt,notBad
15131,2,1482.0,2,1482.0,2opt,notBad
15132,2,1482.0,2,1482.0,swap,improve
15133,2,1482.0,2,1482.0,2opt,notBad
15134,2,1482.0,2,1482.0,2opt,notBad
15135,2,1482.0,2,1482.0,move,improve
15136,2,1482.1,2,1482.0,swap,acceptBad
15137,2,1482.1,2,1482.0,swap,improve
15138,2,1482.0,2,1482.0,move,improve
15139,2,1482.0,2,1482.0,move,improve
15140,2,1482.0,2,1482.0,move,improve
15141,2,1482.0,2,1482.0,2opt,notBad
15142,2,1482.0,2,1482.0,move,improve
15143,2,1482.0,2,1482.0,move,improve
15144,2,1482.0,2,1482.0,2opt,notBad
15145,2,1482.0,2,1482.0,swap,improve
15146,2,1482.0,2,1482.0,swap,notBad
15147,2,1482.0,2,1482.0,swap,notBad
15148,2,1482.0,2,1482.0,2opt,improve
15149,2,1482.1,2,1482.0,swap,acceptBad
15150,2,1482.1,2,1482.0,move,improve
15151,2,1482.1,2,1482.0,2opt,notBad
15152,2,1482.1,2,1482.0,swap,improve
15153,2,1482.1,2,1482.0,move,improve
15154,2,1482.1,2,1482.0,swap,notBad
15155,2,1482.1,2,1482.0,move,improve
15156,2,1482.1,2,1482.0,swap,improve
15157,2,1482.1,2,1482.0,swap,improve
15158,2,1482.1,2,1482.0,swap,improve
15159,2,1482.1,2,1482.0,2opt,notBad
15160,2,1482.1,2,1482.0,2opt,notBad
15161,2,1482.1,2,1482.0,move,improve
15162,2,1482.0,2,1482.0,move,improve
15163,2,1482.0,2,1482.0,2opt,notBad
15164,2,1482.0,2,1482.0,swap,notBad
15165,2,1482.0,2,1482.0,swap,improve
15166,2,1482.0,2,1482.0,move,improve
15167,2,1482.0,2,1482.0,2opt,notBad
15168,2,1482.0,2,1482.0,swap,notBad
15169,2,1482.0,2,1482.0,2opt,notBad
15170,2,1482.0,2,1482.0,2opt,notBad
15171,2,1482.0,2,1482.0,swap,improve
15172,2,1482.0,2,1482.0,swap,notBad
15173,2,1482.0,2,1482.0,move,improve
15174,2,1482.0,2,1482.0,swap,improve
15175,2,1482.0,2,1482.0,swap,improve
15176,2,1482.0,2,1482.0,2opt,improve
15177,2,1482.1,2,1482.0,swap,acceptBad
15178,2,1482.1,2,1482.0,move,improve
15179,2,1482.1,2,1482.0,2opt,notBad
15180,2,1482.1,2,1482.0,2opt,notBad
15181,2,1482.1,2,1482.0,swap,improve
15182,2,1482.1,2,1482.0,2opt,notBad
15183,2,1482.1,2,1482.0,swap,notBad
15184,2,1482.1,2,1482.0,swap,notBad
15185,2,1482.1,2,1482.0,move,improve
15186,2,1482.1,2,1482.0,move,improve
15187,2,1482.1,2,1482.0,swap,improve
15188,2,1482.1,2,1482.0,swap,notBad
15189,2,1482.1,2,1482.0,2opt,notBad
15190,2,1482.1,2,1482.0,2opt,notBad
15191,2,1482.1,2,1482.0,swap,notBad
15192,2,1482.1,2,1482.0,move,improve
15193,2,1482.1,2,1482.0,2opt,notBad
15194,2,1482.1,2,1482.0,move,improve
15195,2,1482.1,2,1482.0,swap,notBad
15196,2,1482.1,2,1482.0,2opt,notBad
15197,2,1482.1,2,1482.0,swap,improve
15198,2,1482.1,2,1482.0,2opt,notBad
15199,2,1482.1,2,1482.0,2opt,notBad
15200,2,1482.1,2,1482.0,move,improve
15201,2,1482.1,2,1482.0,swap,improve
15202,2,1482.1,2,1482.0,move,improve
15203,2,1482.1,2,1482.0,swap,improve
15204,2,1482.1,2,1482.0,2opt,notBad
15205,2,1482.1,2,1482.0,swap,notBad
15206,2,1482.1,2,1482.0,2opt,notBad
15207,2,1482.1,2,1482.0,2opt,notBad
15208,2,1482.1,2,1482.0,2opt,notBad
15209,2,1482.1,2,1482.0,swap,notBad
15210,2,1482.1,2,1482.0,2opt,improve
15211,2,1482.1,2,1482.0,2opt,notBad
15212,2,1482.1,2,1482.0,2opt,notBad
15213,2,1482.1,2,1482.0,move,improve
15214,2,1482.1,2,1482.0,move,improve
15215,2,1482.1,2,1482.0,move,improve
15216,2,1482.1,2,1482.0,2opt,notBad
15217,2,1482.1,2,1482.0,2opt,notBad
15218,2,1482.1,2,1482.0,2opt,notBad
15219,2,1482.1,2,1482.0,swap,improve
15220,2,1482.1,2,1482.0,swap,improve
15221,2,1482.1,2,1482.0,swap,improve
15222,2,1482.1,2,1482.0,move,improve
15223,2,1482.1,2,1482.0,move,improve
15224,2,1482.1,2,1482.0,swap,notBad
15225,2,1482.1,2,1482.0,move,improve
15226,2,1482.1,2,1482.0,2opt,notBad
15227,2,1482.1,2,1482.0,swap,improve
15228,2,1482.1,2,1482.0,move,improve
15229,2,1482.1,2,1482.0,move,improve
15230,2,1482.1,2,1482.0,swap,notBad
15231,2,1482.1,2,1482.0,move,improve
15232,2,1482.1,2,1482.0,swap,notBad
15233,2,1482.1,2,1482.0,move,improve
15234,2,1482.1,2,1482.0,swap,improve
15235,2,1482.1,2,1482.0,swap,improve
15236,2,1482.1,2,1482.0,move,improve
15237,2,1482.1,2,1482.0,swap,notBad
15238,2,1482.1,2,1482.0,2opt,notBad
15239,2,1482.1,2,1482.0,2opt,notBad
15240,2,1482.1,2,1482.0,swap,notBad
15241,2,1482.1,2,1482.0,2opt,notBad
15242,2,1482.1,2,1482.0,move,improve
15243,2,1482.1,2,1482.0,swap,improve
15244,2,1482.1,2,1482.0,move,improve
15245,2,1482.1,2,1482.0,2opt,notBad
15246,2,1482.1,2,1482.0,swap,improve
15247,2,1482.1,2,1482.0,swap,notBad
15248,2,1482.1,2,1482.0,swap,improve
15249,2,1482.1,2,1482.0,swap,improve
15250,2,1482.1,2,1482.0,swap,improve
15251,2,1482.1,2,1482.0,2opt,notBad
15252,2,1482.1,2,1482.0,2opt,notBad
15253,2,1482.1,2,1482.0,move,improve
15254,2,1482.1,2,1482.0,2opt,notBad
15255,2,1482.1,2,1482.0,swap,notBad
15256,2,1482.1,2,1482.0,2opt,notBad
15257,2,1482.1,2,1482.0,2opt,notBad
15258,2,1482.1,2,1482.0,swap,improve
15259,2,1482.1,2,1482.0,move,improve
15260,2,1482.1,2,1482.0,swap,improve
15261,2,1482.1,2,1482.0,2opt,improve
15262,2,1482.1,2,1482.0,2opt,notBad
15263,2,1482.1,2,1482.0,move,improve
15264,2,1482.1,2,1482.0,move,improve
15265,2,1482.1,2,1482.0,swap,notBad
15266,2,1482.1,2,1482.0,move,improve
15267,2,1482.1,2,1482.0,swap,notBad
15268,2,1482.1,2,1482.0,move,improve
15269,2,1482.1,2,1482.0,swap,notBad
15270,2,1482.1,2,1482.0,swap,improve
15271,2,1482.1,2,1482.0,2opt,improve
15272,2,1482.1,2,1482.0,move,improve
15273,2,1482.1,2,1482.0,swap,notBad
15274,2,1482.1,2,1482.0,move,improve
15275,2,1482.1,2,1482.0,move,improve
15276,2,1482.1,2,1482.0,swap,improve
15277,2,1482.1,2,1482.0,move,improve
15278,2,1482.1,2,1482.0,2opt,notBad
15279,2,1482.1,2,1482.0,2opt,notBad
15280,2,1482.1,2,1482.0,2opt,notBad
15281,2,1482.1,2,1482.0,2opt,notBad
15282,2,1482.1,2,1482.0,swap,notBad
15283,2,1482.1,2,1482.0,move,improve
15284,2,1482.1,2,1482.0,move,improve
15285,2,1482.1,2,1482.0,move,improve
15286,2,1482.1,2,1482.0,2opt,notBad
15287,2,1482.1,2,1482.0,move,improve
15288,2,1482.1,2,1482.0,move,improve
15289,2,1482.1,2,1482.0,swap,improve
15290,2,1482.0,2,1482.0,swap,improve
15291,2,1482.0,2,1482.0,2opt,notBad
15292,2,1482.0,2,1482.0,move,improve
15293,2,1482.0,2,1482.0,move,improve
15294,2,1482.0,2,1482.0,move,improve
15295,2,1482.0,2,1482.0,swap,notBad
15296,2,1482.0,2,1482.0,swap,improve
15297,2,1482.0,2,1482.0,move,improve
15298,2,1482.1,2,1482.0,swap,acceptBad
15299,2,1482.1,2,1482.0,swap,improve
15300,2,1482.1,2,1482.0,move,improve
15301,2,1482.1,2,1482.0,move,improve
15302,2,1482.0,2,1482.0,move,improve
15303,2,1482.0,2,1482.0,move,improve
15304,2,1482.0,2,1482.0,move,improve
15305,2,1482.0,2,1482.0,swap,notBad
15306,2,1482.0,2,1482.0,2opt,notBad
15307,2,1482.0,2,1482.0,swap,improve
15308,2,1482.0,2,1482.0,move,improve
15309,2,1482.0,2,1482.0,2opt,notBad
15310,2,1482.0,2,1482.0,2opt,notBad
15311,2,1482.0,2,1482.0,2opt,notBad
15312,2,1482.0,2,1482.0,swap,improve
15313,2,1482.0,2,1482.0,swap,improve
15314,2,1482.0,2,1482.0,2opt,notBad
15315,2,1482.0,2,1482.0,swap,improve
15316,2,1482.0,2,1482.0,move,improve
15317,2,1482.0,2,1482.0,move,improve
15318,2,1482.0,2,1482.0,2opt,improve
15319,2,1482.0,2,1482.0,move,improve
15320,2,1482.0,2,1482.0,2opt,notBad
15321,2,1482.0,2,1482.0,move,improve
15322,2,1482.0,2,1482.0,2opt,notBad
15323,2,1482.0,2,1482.0,swap,notBad
15324,2,1482.0,2,1482.0,move,improve
15325,2,1482.0,2,1482.0,2opt,notBad
15326,2,1482.0,2,1482.0,swap,notBad
15327,2,1482.0,2,1482.0,move,improve
15328,2,1482.0,2,1482.0,move,improve
15329,2,1482.0,2,1482.0,2opt,notBad
15330,2,1482.0,2,1482.0,2opt,notBad
15331,2,1482.0,2,1482.0,move,improve
15332,2,1482.0,2,1482.0,move,improve
15333,2,1482.0,2,1482.0,swap,improve
15334,2,1482.0,2,1482.0,2opt,notBad
15335,2,1482.0,2,1482.0,move,improve
15336,2,1482.0,2,1482.0,2opt,notBad
15337,2,1482.0,2,1482.0,swap,improve
15338,2,1482.0,2,1482.0,swap,notBad
15339,2,1482.0,2,1482.0,move,improve
15340,2,1482.0,2,1482.0,move,improve
15341,2,1482.0,2,1482.0,swap,improve
15342,2,1482.0,2,1482.0,2opt,notBad
15343,2,1482.0,2,1482.0,2opt,notBad
15344,2,1482.0,2,1482.0,2opt,notBad
15345,2,1482.0,2,1482.0,move,improve
15346,2,1482.0,2,1482.0,swap,notBad
15347,2,1482.0,2,1482.0,swap,improve
15348,2,1482.0,2,1482.0,swap,improve
15349,2,1482.0,2,1482.0,2opt,notBad
15350,2,1482.0,2,1482.0,2opt,notBad
15351,2,1482.0,2,1482.0,swap,improve
15352,2,1482.0,2,1482.0,move,improve
15353,2,1482.0,2,1482.0,swap,improve
15354,2,1482.0,2,1482.0,move,improve
15355,2,1482.0,2,1482.0,2opt,notBad
15356,2,1482.0,2,1482.0,swap,notBad
15357,2,1482.0,2,1482.0,swap,improve
15358,2,1482.0,2,1482.0,2opt,notBad
15359,2,1482.0,2,1482.0,swap,improve
15360,2,1482.0,2,1482.0,move,improve
15361,2,1482.0,2,1482.0,swap,improve
15362,2,1482.0,2,1482.0,swap,improve
15363,2,1482.0,2,1482.0,2opt,notBad
15364,2,1482.0,2,1482.0,move,improve
15365,2,1482.0,2,1482.0,2opt,notBad
15366,2,1482.0,2,1482.0,2opt,notBad
15367,2,1482.0,2,1482.0,swap,improve
15368,2,1482.0,2,1482.0,move,improve
15369,2,1482.0,2,1482.0,2opt,notBad
15370,2,1482.0,2,1482.0,move,improve
15371,2,1482.0,2,1482.0,2opt,notBad
15372,2,1482.0,2,1482.0,swap,improve
15373,2,1482.0,2,1482.0,2opt,notBad
15374,2,1482.0,2,1482.0,move,improve
15375,2,1482.0,2,1482.0,2opt,notBad
15376,2,1482.0,2,1482.0,move,improve
15377,2,1482.0,2,1482.0,2opt,notBad
15378,2,1482.0,2,1482.0,move,improve
15379,2,1482.0,2,1482.0,2opt,notBad
15380,2,1482.0,2,1482.0,2opt,improve
15381,2,1482.0,2,1482.0,2opt,notBad
15382,2,1482.0,2,1482.0,swap,improve
15383,2,1482.0,2,1482.0,move,improve
15384,2,1482.0,2,1482.0,2opt,notBad
15385,2,1482.0,2,1482.0,2opt,notBad
15386,2,1482.0,2,1482.0,swap,improve
15387,2,1482.0,2,1482.0,move,improve
15388,2,1482.0,2,1482.0,2opt,notBad
15389,2,1482.0,2,1482.0,2opt,notBad
15390,2,1482.0,2,1482.0,2opt,notBad
15391,2,1482.0,2,1482.0,2opt,notBad
15392,2,1482.0,2,1482.0,2opt,notBad
15393,2,1482.0,2,1482.0,2opt,notBad
15394,2,1482.0,2,1482.0,move,improve
15395,2,1482.0,2,1482.0,2opt,notBad
15396,2,1482.0,2,1482.0,move,improve
15397,2,1482.0,2,1482.0,2opt,notBad
15398,2,1482.0,2,1482.0,2opt,notBad
15399,2,1482.0,2,1482.0,move,improve
15400,2,1482.0,2,1482.0,2opt,notBad
15401,2,1482.0,2,1482.0,move,improve
15402,2,1482.0,2,1482.0,swap,notBad
15403,2,1482.0,2,1482.0,swap,improve
15404,2,1482.0,2,1482.0,move,improve
15405,2,1482.0,2,1482.0,move,improve
15406,2,1482.0,2,1482.0,move,improve
15407,2,1482.0,2,1482.0,2opt,notBad
15408,2,1482.0,2,1482.0,swap,improve
15409,2,1482.0,2,1482.0,swap,notBad
15410,2,1482.0,2,1482.0,2opt,notBad
15411,2,1482.0,2,1482.0,2opt,notBad
15412,2,1482.0,2,1482.0,2opt,notBad
15413,2,1482.0,2,1482.0,move,improve
15414,2,1482.0,2,1482.0,2opt,notBad
15415,2,1482.0,2,1482.0,move,improve
15416,2,1482.0,2,1482.0,move,improve
15417,2,1482.0,2,1482.0,2opt,notBad
15418,2,1482.0,2,1482.0,2opt,notBad
15419,2,1482.0,2,1482.0,move,improve
15420,2,1482.0,2,1482.0,2opt,notBad
15421,2,1482.0,2,1482.0,move,improve
15422,2,1482.0,2,1482.0,2opt,notBad
15423,2,1482.0,2,1482.0,move,improve
15424,2,1482.0,2,1482.0,swap,notBad
15425,2,1482.0,2,1482.0,2opt,notBad
15426,2,1482.0,2,1482.0,2opt,notBad
15427,2,1482.0,2,1482.0,swap,improve
15428,2,1482.0,2,1482.0,2opt,notBad
15429,2,1482.0,2,1482.0,move,improve
15430,2,1482.0,2,1482.0,2opt,notBad
15431,2,1482.0,2,1482.0,move,improve
15432,2,1482.0,2,1482.0,2opt,notBad
15433,2,1482.0,2,1482.0,move,improve
15434,2,1482.0,2,1482.0,2opt,notBad
15435,2,1482.0,2,1482.0,move,improve
15436,2,1482.0,2,1482.0,move,improve
15437,2,1482.0,2,1482.0,2opt,improve
15438,2,1482.0,2,1482.0,swap,improve
15439,2,1482.0,2,1482.0,swap,notBad
15440,2,1482.0,2,1482.0,2opt,notBad
15441,2,1482.0,2,1482.0,move,improve
15442,2,1482.0,2,1482.0,move,improve
15443,2,1482.0,2,1482.0,2opt,notBad
15444,2,1482.0,2,1482.0,swap,notBad
15445,2,1482.0,2,1482.0,2opt,notBad
15446,2,1482.0,2,1482.0,move,improve
15447,2,1482.0,2,1482.0,2opt,notBad
15448,2,1482.0,2,1482.0,move,improve
15449,2,1482.0,2,1482.0,swap,improve
15450,2,1482.0,2,1482.0,swap,improve
15451,2,1482.1,2,1482.0,swap,acceptBad
15452,2,1482.1,2,1482.0,move,improve
15453,2,1482.1,2,1482.0,2opt,notBad
15454,2,1482.1,2,1482.0,2opt,notBad
15455,2,1482.1,2,1482.0,2opt,notBad
15456,2,1482.1,2,1482.0,move,improve
15457,2,1482.1,2,1482.0,swap,notBad
15458,2,1482.1,2,1482.0,move,improve
15459,2,1482.1,2,1482.0,move,improve
15460,2,1482.1,2,1482.0,2opt,notBad
15461,2,1482.1,2,1482.0,2opt,notBad
15462,2,1482.1,2,1482.0,move,improve
15463,2,1482.1,2,1482.0,move,improve
15464,2,1482.1,2,1482.0,2opt,notBad
15465,2,1482.1,2,1482.0,swap,notBad
15466,2,1482.1,2,1482.0,swap,notBad
15467,2,1482.1,2,1482.0,2opt,notBad
15468,2,1482.1,2,1482.0,2opt,notBad
15469,2,1482.1,2,1482.0,2opt,notBad
15470,2,1482.1,2,1482.0,move,improve
15471,2,1482.1,2,1482.0,move,improve
15472,2,1482.1,2,1482.0,2opt,notBad
15473,2,1482.1,2,1482.0,swap,notBad
15474,2,1482.1,2,1482.0,swap,improve
15475,2,1482.1,2,1482.0,swap,notBad
15476,2,1482.1,2,1482.0,2opt,notBad
15477,2,1482.1,2,1482.0,swap,notBad
15478,2,1482.1,2,1482.0,2opt,notBad
15479,2,1482.1,2,1482.0,move,improve
15480,2,1482.1,2,1482.0,2opt,notBad
15481,2,1482.1,2,1482.0,swap,notBad
15482,2,1482.1,2,1482.0,2opt,notBad
15483,2,1482.1,2,1482.0,move,improve
15484,2,1482.1,2,1482.0,swap,notBad
15485,2,1482.1,2,1482.0,swap,improve
15486,2,1482.1,2,1482.0,2opt,notBad
15487,2,1482.1,2,1482.0,move,improve
15488,2,1482.1,2,1482.0,swap,notBad
15489,2,1482.1,2,1482.0,swap,improve
15490,2,1482.1,2,1482.0,swap,notBad
15491,2,1482.1,2,1482.0,move,improve
15492,2,1482.1,2,1482.0,2opt,notBad
15493,2,1482.1,2,1482.0,move,improve
15494,2,1482.1,2,1482.0,swap,improve
15495,2,1482.1,2,1482.0,2opt,notBad
15496,2,1482.1,2,1482.0,2opt,notBad
15497,2,1482.1,2,1482.0,swap,improve
15498,2,1482.1,2,1482.0,move,improve
15499,2,1482.1,2,1482.0,2opt,notBad
15500,2,1482.1,2,1482.0,move,improve
15501,2,1482.1,2,1482.0,swap,notBad
15502,2,1482.1,2,1482.0,move,improve
15503,2,1482.1,2,1482.0,2opt,notBad
15504,2,1482.1,2,1482.0,swap,improve
15505,2,1482.1,2,1482.0,swap,improve
15506,2,1482.1,2,1482.0,2opt,notBad
15507,2,1482.1,2,1482.0,move,improve
15508,2,1482.1,2,1482.0,2opt,notBad
15509,2,1482.1,2,1482.0,move,improve
15510,2,1482.1,2,1482.0,swap,notBad
15511,2,1482.1,2,1482.0,swap,improve
15512,2,1482.1,2,1482.0,move,improve
15513,2,1482.1,2,1482.0,swap,improve
15514,2,1482.1,2,1482.0,move,improve
15515,2,1482.1,2,1482.0,move,improve
15516,2,1482.1,2,1482.0,swap,improve
15517,2,1482.1,2,1482.0,move,improve
15518,2,1482.1,2,1482.0,2opt,notBad
15519,2,1482.1,2,1482.0,2opt,notBad
15520,2,1482.1,2,1482.0,swap,improve
15521,2,1482.1,2,1482.0,move,improve
15522,2,1482.1,2,1482.0,move,improve
15523,2,1482.1,2,1482.0,move,improve
15524,2,1482.1,2,1482.0,swap,notBad
15525,2,1482.1,2,1482.0,swap,improve
15526,2,1482.1,2,1482.0,move,improve
15527,2,1482.1,2,1482.0,move,improve
15528,2,1482.1,2,1482.0,move,improve
15529,2,1482.1,2,1482.0,2opt,notBad
15530,2,1482.1,2,1482.0,2opt,notBad
15531,2,1482.1,2,1482.0,move,improve
15532,2,1482.1,2,1482.0,2opt,notBad
15533,2,1482.1,2,1482.0,move,improve
15534,2,1482.1,2,1482.0,2opt,notBad
15535,2,1482.1,2,1482.0,2opt,notBad
15536,2,1482.1,2,1482.0,2opt,notBad
15537,2,1482.1,2,1482.0,swap,notBad
15538,2,1482.1,2,1482.0,2opt,notBad
15539,2,1482.1,2,1482.0,swap,notBad
15540,2,1482.1,2,1482.0,swap,notBad
15541,2,1482.1,2,1482.0,swap,improve
15542,2,1482.1,2,1482.0,swap,notBad
15543,2,1482.1,2,1482.0,move,improve
15544,2,1482.1,2,1482.0,swap,improve
15545,2,1482.1,2,1482.0,2opt,notBad
15546,2,1482.1,2,1482.0,move,improve
15547,2,1482.1,2,1482.0,swap,notBad
15548,2,1482.0,2,1482.0,swap,improve
15549,2,1482.0,2,1482.0,move,improve
15550,2,1482.0,2,1482.0,2opt,notBad
15551,2,1482.0,2,1482.0,move,improve
15552,2,1482.0,2,1482.0,move,improve
15553,2,1482.0,2,1482.0,2opt,notBad
15554,2,1482.0,2,1482.0,swap,improve
15555,2,1482.0,2,1482.0,2opt,notBad
15556,2,1482.0,2,1482.0,2opt,notBad
15557,2,1482.0,2,1482.0,2opt,notBad
15558,2,1482.0,2,1482.0,2opt,notBad
15559,2,1482.0,2,1482.0,2opt,notBad
15560,2,1482.0,2,1482.0,swap,improve
15561,2,1482.0,2,1482.0,move,improve
15562,2,1482.0,2,1482.0,2opt,notBad
15563,2,1482.0,2,1482.0,2opt,notBad
15564,2,1482.0,2,1482.0,swap,improve
15565,2,1482.0,2,1482.0,2opt,notBad
15566,2,1482.0,2,1482.0,swap,improve
15567,2,1482.0,2,1482.0,2opt,notBad
15568,2,1482.0,2,1482.0,2opt,notBad
15569,2,1482.0,2,1482.0,2opt,notBad
15570,2,1482.0,2,1482.0,swap,improve
15571,2,1482.0,2,1482.0,move,improve
15572,2,1482.0,2,1482.0,move,improve
15573,2,1482.0,2,1482.0,2opt,improve
15574,2,1482.0,2,1482.0,move,improve
15575,2,1482.0,2,1482.0,move,improve
15576,2,1482.0,2,1482.0,move,improve
15577,2,1482.0,2,1482.0,move,improve
15578,2,1482.0,2,1482.0,move,improve
15579,2,1482.0,2,1482.0,2opt,notBad
15580,2,1482.0,2,1482.0,move,improve
15581,2,1482.0,2,1482.0,2opt,notBad
15582,2,1482.0,2,1482.0,swap,improve
15583,2,1482.0,2,1482.0,move,improve
15584,2,1482.0,2,1482.0,swap,improve
15585,2,1482.0,2,1482.0,move,improve
15586,2,1482.0,2,1482.0,2opt,improve
15587,2,1482.0,2,1482.0,move,improve
15588,2,1482.0,2,1482.0,2opt,notBad
15589,2,1482.0,2,1482.0,2opt,notBad
15590,2,1482.0,2,1482.0,move,improve
15591,2,1482.0,2,1482.0,move,improve
15592,2,1482.0,2,1482.0,move,improve
15593,2,1482.0,2,1482.0,move,improve
15594,2,1482.0,2,1482.0,swap,improve
15595,2,1482.0,2,1482.0,swap,notBad
15596,2,1482.0,2,1482.0,swap,notBad
15597,2,1482.0,2,1482.0,move,improve
15598,2,1482.0,2,1482.0,move,improve
15599,2,1482.0,2,1482.0,2opt,notBad
15600,2,1482.0,2,1482.0,swap,notBad
15601,2,1482.0,2,1482.0,swap,improve
15602,2,1482.0,2,1482.0,2opt,notBad
15603,2,1482.0,2,1482.0,2opt,notBad
15604,2,1482.0,2,1482.0,move,improve
15605,2,1482.0,2,1482.0,2opt,notBad
15606,2,1482.0,2,1482.0,move,improve
15607,2,1482.0,2,1482.0,move,improve
15608,2,1482.0,2,1482.0,swap,notBad
15609,2,1482.0,2,1482.0,2opt,notBad
15610,2,1482.0,2,1482.0,move,improve
15611,2,1482.0,2,1482.0,move,improve
15612,2,1482.0,2,1482.0,swap,improve
15613,2,1482.0,2,1482.0,swap,notBad
15614,2,1482.0,2,1482.0,move,improve
15615,2,1482.0,2,1482.0,2opt,notBad
15616,2,1482.0,2,1482.0,move,notBad
15617,2,1482.0,2,1482.0,swap,improve
15618,2,1482.0,2,1482.0,move,improve
15619,2,1482.0,2,1482.0,move,improve
15620,2,1482.0,2,1482.0,2opt,notBad
15621,2,1482.0,2,1482.0,2opt,notBad
15622,2,1482.0,2,1482.0,swap,notBad
15623,2,1482.0,2,1482.0,swap,improve
15624,2,1482.0,2,1482.0,move,improve
15625,2,1482.0,2,1482.0,swap,improve
15626,2,1482.0,2,1482.0,swap,notBad
15627,2,1482.0,2,1482.0,move,improve
15628,2,1482.0,2,1482.0,2opt,improve
15629,2,1482.0,2,1482.0,swap,notBad
15630,2,1482.0,2,1482.0,swap,improve
15631,2,1482.0,2,1482.0,swap,improve
15632,2,1482.0,2,1482.0,swap,notBad
15633,2,1482.0,2,1482.0,move,improve
15634,2,1482.0,2,1482.0,move,improve
15635,2,1482.0,2,1482.0,swap,improve
15636,2,1482.0,2,1482.0,2opt,notBad
15637,2,1482.0,2,1482.0,2opt,notBad
15638,2,1482.0,2,1482.0,swap,improve
15639,2,1482.0,2,1482.0,move,improve
15640,2,1482.0,2,1482.0,swap,improve
15641,2,1482.0,2,1482.0,2opt,notBad
15642,2,1482.0,2,1482.0,move,improve
15643,2,1482.0,2,1482.0,2opt,notBad
15644,2,1482.0,2,1482.0,swap,improve
15645,2,1482.0,2,1482.0,swap,improve
15646,2,1482.0,2,1482.0,swap,notBad
15647,2,1482.0,2,1482.0,swap,notBad
15648,2,1482.0,2,1482.0,move,improve
15649,2,1482.0,2,1482.0,swap,notBad
15650,2,1482.0,2,1482.0,2opt,notBad
15651,2,1482.0,2,1482.0,2opt,notBad
15652,2,1482.0,2,1482.0,move,improve
15653,2,1482.0,2,1482.0,swap,improve
15654,2,1482.0,2,1482.0,move,improve
15655,2,1482.0,2,1482.0,move,improve
15656,2,1482.0,2,1482.0,move,improve
15657,2,1482.0,2,1482.0,2opt,notBad
15658,2,1482.0,2,1482.0,2opt,improve
15659,2,1482.0,2,1482.0,2opt,notBad
15660,2,1482.0,2,1482.0,2opt,notBad
15661,2,1482.0,2,1482.0,move,improve
15662,2,1482.0,2,1482.0,move,improve
15663,2,1482.0,2,1482.0,move,improve
15664,2,1482.0,2,1482.0,2opt,notBad
15665,2,1482.0,2,1482.0,2opt,notBad
15666,2,1482.0,2,1482.0,swap,notBad
15667,2,1482.0,2,1482.0,swap,notBad
15668,2,1482.0,2,1482.0,move,improve
15669,2,1482.3000000000002,2,1482.0,swap,acceptBad
15670,2,1482.3000000000002,2,1482.0,swap,improve
15671,2,1482.3000000000002,2,1482.0,move,improve
15672,2,1482.3000000000002,2,1482.0,move,improve
15673,2,1482.3000000000002,2,1482.0,swap,improve
15674,2,1482.3000000000002,2,1482.0,move,improve
15675,2,1482.3000000000002,2,1482.0,2opt,notBad
15676,2,1482.3000000000002,2,1482.0,2opt,improve
15677,2,1482.3000000000002,2,1482.0,swap,improve
15678,2,1482.3000000000002,2,1482.0,swap,improve
15679,2,1482.3000000000002,2,1482.0,move,improve
15680,2,1482.3000000000002,2,1482.0,2opt,notBad
15681,2,1482.3000000000002,2,1482.0,swap,improve
15682,2,1482.3000000000002,2,1482.0,move,improve
15683,2,1482.3000000000002,2,1482.0,move,improve
15684,2,1482.3000000000002,2,1482.0,2opt,notBad
15685,2,1482.3000000000002,2,1482.0,2opt,notBad
15686,2,1482.4,2,1482.0,swap,acceptBad
15687,2,1482.4,2,1482.0,swap,notBad
15688,2,1482.4,2,1482.0,2opt,notBad
15689,2,1482.4,2,1482.0,swap,improve
15690,2,1482.4,2,1482.0,move,improve
15691,2,1482.4,2,1482.0,move,improve
15692,2,1482.4,2,1482.0,swap,improve
15693,2,1482.4,2,1482.0,2opt,notBad
15694,2,1482.4,2,1482.0,2opt,notBad
15695,2,1482.4,2,1482.0,2opt,notBad
15696,2,1482.4,2,1482.0,2opt,notBad
15697,2,1482.4,2,1482.0,swap,notBad
15698,2,1482.4,2,1482.0,2opt,notBad
15699,2,1482.4,2,1482.0,swap,improve
15700,2,1482.4,2,1482.0,swap,notBad
15701,2,1482.4,2,1482.0,swap,improve
15702,2,1482.4,2,1482.0,swap,improve
15703,2,1482.4,2,1482.0,2opt,notBad
15704,2,1482.4,2,1482.0,swap,notBad
15705,2,1482.4,2,1482.0,swap,notBad
15706,2,1482.4,2,1482.0,swap,improve
15707,2,1482.4,2,1482.0,2opt,notBad
15708,2,1482.4,2,1482.0,2opt,notBad
15709,2,1482.4,2,1482.0,swap,improve
15710,2,1482.4,2,1482.0,move,improve
15711,2,1482.4,2,1482.0,swap,improve
15712,2,1482.4,2,1482.0,swap,improve
15713,2,1482.4,2,1482.0,swap,notBad
15714,2,1482.4,2,1482.0,2opt,notBad
15715,2,1482.4,2,1482.0,2opt,notBad
15716,2,1482.4,2,1482.0,2opt,notBad
15717,2,1482.4,2,1482.0,move,improve
15718,2,1482.4,2,1482.0,2opt,improve
15719,2,1482.4,2,1482.0,2opt,notBad
15720,2,1482.4,2,1482.0,2opt,improve
15721,2,1482.4,2,1482.0,2opt,improve
15722,2,1482.4,2,1482.0,2opt,notBad
15723,2,1482.4,2,1482.0,move,improve
15724,2,1482.4,2,1482.0,2opt,improve
15725,2,1482.4,2,1482.0,swap,improve
15726,2,1482.4,2,1482.0,2opt,notBad
15727,2,1482.4,2,1482.0,2opt,notBad
15728,2,1482.4,2,1482.0,swap,improve
15729,2,1482.4,2,1482.0,move,improve
15730,2,1482.4,2,1482.0,move,improve
15731,2,1482.4,2,1482.0,2opt,notBad
15732,2,1482.4,2,1482.0,swap,notBad
15733,2,1482.4,2,1482.0,2opt,notBad
15734,2,1482.4,2,1482.0,2opt,notBad
15735,2,1482.4,2,1482.0,2opt,notBad
15736,2,1482.4,2,1482.0,move,improve
15737,2,1482.4,2,1482.0,swap,notBad
15738,2,1482.4,2,1482.0,swap,notBad
15739,2,1482.4,2,1482.0,move,improve
15740,2,1482.4,2,1482.0,swap,notBad
15741,2,1482.4,2,1482.0,2opt,notBad
15742,2,1482.4,2,1482.0,move,improve
15743,2,1482.4,2,1482.0,2opt,notBad
15744,2,1482.4,2,1482.0,move,improve
15745,2,1482.4,2,1482.0,move,improve
15746,2,1482.4,2,1482.0,swap,notBad
15747,2,1482.4,2,1482.0,move,improve
15748,2,1482.4,2,1482.0,swap,improve
15749,2,1482.4,2,1482.0,2opt,notBad
15750,2,1482.4,2,1482.0,move,improve
15751,2,1482.4,2,1482.0,move,improve
15752,2,1482.4,2,1482.0,move,improve
15753,2,1482.4,2,1482.0,2opt,notBad
15754,2,1482.4,2,1482.0,move,improve
15755,2,1482.4,2,1482.0,swap,notBad
15756,2,1482.4,2,1482.0,swap,improve
15757,2,1482.4,2,1482.0,move,improve
15758,2,1482.4,2,1482.0,move,improve
15759,2,1482.4,2,1482.0,swap,notBad
15760,2,1482.4,2,1482.0,move,improve
15761,2,1482.4,2,1482.0,2opt,notBad
15762,2,1482.4,2,1482.0,swap,improve
15763,2,1482.4,2,1482.0,2opt,notBad
15764,2,1482.4,2,1482.0,swap,notBad
15765,2,1482.4,2,1482.0,move,improve
15766,2,1482.4,2,1482.0,2opt,notBad
15767,2,1482.4,2,1482.0,move,improve
15768,2,1482.4,2,1482.0,2opt,notBad
15769,2,1482.4,2,1482.0,2opt,notBad
15770,2,1482.4,2,1482.0,move,improve
15771,2,1482.4,2,1482.0,swap,notBad
15772,2,1482.4,2,1482.0,move,improve
15773,2,1482.4,2,1482.0,move,improve
15774,2,1482.4,2,1482.0,swap,improve
15775,2,1482.4,2,1482.0,move,improve
15776,2,1482.4,2,1482.0,swap,improve
15777,2,1482.4,2,1482.0,move,improve
15778,2,1482.4,2,1482.0,swap,notBad
15779,2,1482.1,2,1482.0,move,improve
15780,2,1482.1,2,1482.0,move,improve
15781,2,1482.1,2,1482.0,swap,notBad
15782,2,1482.1,2,1482.0,move,improve
15783,2,1482.1,2,1482.0,2opt,notBad
15784,2,1482.1,2,1482.0,2opt,notBad
15785,2,1482.1,2,1482.0,2opt,notBad
15786,2,1482.1,2,1482.0,swap,improve
15787,2,1482.1,2,1482.0,swap,notBad
15788,2,1482.1,2,1482.0,swap,improve
15789,2,1482.1,2,1482.0,2opt,notBad
15790,2,1482.1,2,1482.0,move,improve
15791,2,1482.1,2,1482.0,move,improve
15792,2,1482.0,2,1482.0,move,improve
15793,2,1482.0,2,1482.0,swap,notBad
15794,2,1482.0,2,1482.0,move,improve
15795,2,1482.0,2,1482.0,2opt,notBad
15796,2,1482.0,2,1482.0,2opt,notBad
15797,2,1482.0,2,1482.0,2opt,notBad
15798,2,1482.0,2,1482.0,move,improve
15799,2,1482.0,2,1482.0,move,improve
15800,2,1482.0,2,1482.0,2opt,notBad
15801,2,1482.0,2,1482.0,swap,notBad
15802,2,1482.0,2,1482.0,2opt,notBad
15803,2,1482.0,2,1482.0,2opt,notBad
15804,2,1482.0,2,1482.0,2opt,notBad
15805,2,1482.0,2,1482.0,2opt,notBad
15806,2,1482.0,2,1482.0,2opt,notBad
15807,2,1482.0,2,1482.0,2opt,notBad
15808,2,1482.0,2,1482.0,swap,improve
15809,2,1482.0,2,1482.0,move,improve
15810,2,1482.0,2,1482.0,swap,notBad
15811,2,1482.0,2,1482.0,2opt,notBad
15812,2,1482.0,2,1482.0,2opt,improve
15813,2,1482.0,2,1482.0,move,improve
15814,2,1482.0,2,1482.0,move,improve
15815,2,1482.0,2,1482.0,2opt,notBad
15816,2,1482.0,2,1482.0,2opt,notBad
15817,2,1482.0,2,1482.0,move,improve
15818,2,1482.0,2,1482.0,move,improve
15819,2,1482.0,2,1482.0,2opt,notBad
15820,2,1482.0,2,1482.0,move,improve
15821,2,1482.0,2,1482.0,2opt,notBad
15822,2,1482.0,2,1482.0,swap,improve
15823,2,1482.0,2,1482.0,move,improve
15824,2,1482.0,2,1482.0,move,improve
15825,2,1482.0,2,1482.0,move,improve
15826,2,1482.0,2,1482.0,move,improve
15827,2,1482.0,2,1482.0,2opt,notBad
15828,2,1482.0,2,1482.0,move,improve
15829,2,1482.0,2,1482.0,swap,improve
15830,2,1482.0,2,1482.0,move,improve
15831,2,1482.0,2,1482.0,swap,notBad
15832,2,1482.0,2,1482.0,move,improve
15833,2,1482.0,2,1482.0,2opt,notBad
15834,2,1482.0,2,1482.0,move,improve
15835,2,1482.0,2,1482.0,swap,improve
15836,2,1482.0,2,1482.0,move,improve
15837,2,1482.0,2,1482.0,swap,improve
15838,2,1482.0,2,1482.0,2opt,notBad
15839,2,1482.0,2,1482.0,move,improve
15840,2,1482.0,2,1482.0,swap,notBad
15841,2,1482.0,2,1482.0,swap,improve
15842,2,1482.0,2,1482.0,move,improve
15843,2,1482.0,2,1482.0,swap,notBad
15844,2,1482.0,2,1482.0,2opt,improve
15845,2,1482.0,2,1482.0,2opt,notBad
15846,2,1482.0,2,1482.0,move,improve
15847,2,1482.0,2,1482.0,move,improve
15848,2,1482.0,2,1482.0,move,improve
15849,2,1482.0,2,1482.0,move,improve
15850,2,1482.0,2,1482.0,move,improve
15851,2,1482.0,2,1482.0,swap,notBad
15852,2,1482.0,2,1482.0,2opt,improve
15853,2,1482.0,2,1482.0,move,improve
15854,2,1482.0,2,1482.0,swap,notBad
15855,2,1482.0,2,1482.0,swap,notBad
15856,2,1482.0,2,1482.0,move,improve
15857,2,1482.0,2,1482.0,2opt,notBad
15858,2,1482.0,2,1482.0,move,improve
15859,2,1482.0,2,1482.0,2opt,notBad
15860,2,1482.0,2,1482.0,move,improve
15861,2,1482.0,2,1482.0,2opt,notBad
15862,2,1482.0,2,1482.0,move,improve
15863,2,1482.0,2,1482.0,2opt,notBad
15864,2,1482.0,2,1482.0,2opt,notBad
15865,2,1482.0,2,1482.0,2opt,notBad
15866,2,1482.0,2,1482.0,move,improve
15867,2,1482.0,2,1482.0,2opt,notBad
15868,2,1482.0,2,1482.0,swap,improve
15869,2,1482.0,2,1482.0,move,improve
15870,2,1482.0,2,1482.0,move,improve
15871,2,1482.0,2,1482.0,swap,notBad
15872,2,1482.0,2,1482.0,swap,improve
15873,2,1482.0,2,1482.0,2opt,notBad
15874,2,1482.0,2,1482.0,swap,improve
15875,2,1482.0,2,1482.0,move,improve
15876,2,1482.0,2,1482.0,2opt,notBad
15877,2,1482.0,2,1482.0,swap,notBad
15878,2,1482.0,2,1482.0,2opt,notBad
15879,2,1482.0,2,1482.0,swap,improve
15880,2,1482.0,2,1482.0,move,improve
15881,2,1482.0,2,1482.0,2opt,notBad
15882,2,1482.0,2,1482.0,swap,improve
15883,2,1482.0,2,1482.0,swap,notBad
15884,2,1482.0,2,1482.0,2opt,improve
15885,2,1482.0,2,1482.0,move,improve
15886,2,1482.0,2,1482.0,swap,improve
15887,2,1482.0,2,1482.0,move,improve
15888,2,1482.0,2,1482.0,2opt,notBad
15889,2,1482.0,2,1482.0,2opt,notBad
15890,2,1482.0,2,1482.0,2opt,notBad
15891,2,1482.0,2,1482.0,move,improve
15892,2,1482.0,2,1482.0,2opt,improve
15893,2,1482.0,2,1482.0,move,improve
15894,2,1482.0,2,1482.0,move,improve
15895,2,1482.0,2,1482.0,swap,notBad
15896,2,1482.0,2,1482.0,move,improve
15897,2,1482.0,2,1482.0,2opt,notBad
15898,2,1482.0,2,1482.0,move,improve
15899,2,1482.0,2,1482.0,move,improve
15900,2,1482.0,2,1482.0,move,improve
15901,2,1482.0,2,1482.0,2opt,notBad
15902,2,1482.0,2,1482.0,2opt,notBad
15903,2,1482.0,2,1482.0,move,improve
15904,2,1482.0,2,1482.0,move,improve
15905,2,1482.0,2,1482.0,move,improve
15906,2,1482.0,2,1482.0,swap,improve
15907,2,1482.0,2,1482.0,move,improve
15908,2,1482.0,2,1482.0,move,improve
15909,2,1482.0,2,1482.0,swap,improve
15910,2,1482.0,2,1482.0,swap,notBad
15911,2,1482.0,2,1482.0,move,improve
15912,2,1482.0,2,1482.0,swap,improve
15913,2,1482.0,2,1482.0,swap,notBad
15914,2,1482.0,2,1482.0,move,improve
15915,2,1482.0,2,1482.0,move,improve
15916,2,1482.0,2,1482.0,move,improve
15917,2,1482.0,2,1482.0,2opt,notBad
15918,2,1482.0,2,1482.0,move,improve
15919,2,1482.0,2,1482.0,2opt,notBad
15920,2,1482.0,2,1482.0,2opt,notBad
15921,2,1482.0,2,1482.0,2opt,notBad
15922,2,1482.0,2,1482.0,move,improve
15923,2,1482.0,2,1482.0,swap,improve
15924,2,1482.0,2,1482.0,move,improve
15925,2,1482.0,2,1482.0,2opt,notBad
15926,2,1482.0,2,1482.0,swap,improve
15927,2,1482.0,2,1482.0,2opt,notBad
15928,2,1482.0,2,1482.0,swap,notBad
15929,2,1482.0,2,1482.0,move,improve
15930,2,1482.0,2,1482.0,swap,improve
15931,2,1482.0,2,1482.0,2opt,notBad
15932,2,1482.0,2,1482.0,move,improve
15933,2,1482.0,2,1482.0,move,improve
15934,2,1482.3000000000002,2,1482.0,swap,acceptBad
15935,2,1482.3000000000002,2,1482.0,2opt,improve
15936,2,1482.3000000000002,2,1482.0,move,improve
15937,2,1482.3000000000002,2,1482.0,move,improve
15938,2,1482.3000000000002,2,1482.0,2opt,improve
15939,2,1482.3000000000002,2,1482.0,2opt,notBad
15940,2,1482.3000000000002,2,1482.0,2opt,notBad
15941,2,1482.3000000000002,2,1482.0,move,improve
15942,2,1482.3000000000002,2,1482.0,move,improve
15943,2,1482.3000000000002,2,1482.0,move,improve
15944,2,1482.3000000000002,2,1482.0,move,improve
15945,2,1482.3000000000002,2,1482.0,swap,notBad
15946,2,1482.3000000000002,2,1482.0,swap,improve
15947,2,1482.3000000000002,2,1482.0,move,improve
15948,2,1482.3000000000002,2,1482.0,2opt,notBad
15949,2,1482.3000000000002,2,1482.0,move,improve
15950,2,1482.3000000000002,2,1482.0,2opt,notBad
15951,2,1482.3000000000002,2,1482.0,2opt,notBad
15952,2,1482.3000000000002,2,1482.0,swap,improve
15953,2,1482.3000000000002,2,1482.0,2opt,notBad
15954,2,1482.3000000000002,2,1482.0,swap,improve
15955,2,1482.3000000000002,2,1482.0,swap,notBad
15956,2,1482.3000000000002,2,1482.0,2opt,notBad
15957,2,1482.3000000000002,2,1482.0,swap,improve
15958,2,1482.3000000000002,2,1482.0,move,improve
15959,2,1482.3000000000002,2,1482.0,swap,notBad
15960,2,1482.3000000000002,2,1482.0,swap,improve
15961,2,1482.3000000000002,2,1482.0,move,improve
15962,2,1482.3000000000002,2,1482.0,move,improve
15963,2,1482.3000000000002,2,1482.0,2opt,notBad
15964,2,1482.3000000000002,2,1482.0,move,notBad
15965,2,1482.3000000000002,2,1482.0,2opt,notBad
15966,2,1482.3000000000002,2,1482.0,2opt,notBad
15967,2,1482.3000000000002,2,1482.0,2opt,notBad
15968,2,1482.3000000000002,2,1482.0,move,improve
15969,2,1482.3000000000002,2,1482.0,swap,notBad
15970,2,1482.3000000000002,2,1482.0,2opt,notBad
15971,2,1482.3000000000002,2,1482.0,swap,notBad
15972,2,1482.3000000000002,2,1482.0,2opt,notBad
15973,2,1482.3000000000002,2,1482.0,swap,notBad
15974,2,1482.3000000000002,2,1482.0,2opt,improve
15975,2,1482.3000000000002,2,1482.0,swap,notBad
15976,2,1482.3000000000002,2,1482.0,move,improve
15977,2,1482.3000000000002,2,1482.0,2opt,notBad
15978,2,1482.3000000000002,2,1482.0,move,improve
15979,2,1482.3000000000002,2,1482.0,2opt,notBad
15980,2,1482.3000000000002,2,1482.0,swap,notBad
15981,2,1482.3000000000002,2,1482.0,2opt,notBad
15982,2,1482.3000000000002,2,1482.0,2opt,notBad
15983,2,1482.3000000000002,2,1482.0,swap,notBad
15984,2,1482.3000000000002,2,1482.0,swap,improve
15985,2,1482.3000000000002,2,1482.0,2opt,notBad
15986,2,1482.3000000000002,2,1482.0,move,improve
15987,2,1482.3000000000002,2,1482.0,2opt,notBad
15988,2,1482.3000000000002,2,1482.0,move,improve
15989,2,1482.3000000000002,2,1482.0,2opt,notBad
15990,2,1482.3000000000002,2,1482.0,move,improve
15991,2,1482.3000000000002,2,1482.0,2opt,notBad
15992,2,1482.3000000000002,2,1482.0,swap,notBad
15993,2,1482.3000000000002,2,1482.0,2opt,improve
15994,2,1482.3000000000002,2,1482.0,2opt,improve
15995,2,1482.3000000000002,2,1482.0,swap,notBad
15996,2,1482.3000000000002,2,1482.0,swap,notBad
15997,2,1482.3000000000002,2,1482.0,swap,notBad
15998,2,1482.3000000000002,2,1482.0,swap,improve
15999,2,1482.3000000000002,2,1482.0,swap,notBad
16000,2,1482.3000000000002,2,1482.0,swap,notBad
16001,2,1482.3000000000002,2,1482.0,move,improve
16002,2,1482.3000000000002,2,1482.0,move,improve
16003,2,1482.3000000000002,2,1482.0,2opt,notBad
16004,2,1482.3000000000002,2,1482.0,2opt,notBad
16005,2,1482.3000000000002,2,1482.0,2opt,notBad
16006,2,1482.3000000000002,2,1482.0,move,improve
16007,2,1482.3000000000002,2,1482.0,swap,improve
16008,2,1482.3000000000002,2,1482.0,swap,notBad
16009,2,1482.3000000000002,2,1482.0,move,improve
16010,2,1482.3000000000002,2,1482.0,move,improve
16011,2,1482.3000000000002,2,1482.0,2opt,notBad
16012,2,1482.3000000000002,2,1482.0,2opt,notBad
16013,2,1482.3000000000002,2,1482.0,move,improve
16014,2,1482.3000000000002,2,1482.0,2opt,notBad
16015,2,1482.3000000000002,2,1482.0,swap,improve
16016,2,1482.3000000000002,2,1482.0,2opt,notBad
16017,2,1482.3000000000002,2,1482.0,swap,notBad
16018,2,1482.3000000000002,2,1482.0,move,improve
16019,2,1482.3000000000002,2,1482.0,swap,improve
16020,2,1482.3000000000002,2,1482.0,move,improve
16021,2,1482.3000000000002,2,1482.0,move,improve
16022,2,1482.3000000000002,2,1482.0,2opt,notBad
16023,2,1482.3000000000002,2,1482.0,move,improve
16024,2,1482.3000000000002,2,1482.0,move,improve
16025,2,1482.3000000000002,2,1482.0,swap,improve
16026,2,1482.3000000000002,2,1482.0,move,improve
16027,2,1482.3000000000002,2,1482.0,2opt,notBad
16028,2,1482.3000000000002,2,1482.0,2opt,notBad
16029,2,1482.3000000000002,2,1482.0,2opt,improve
16030,2,1482.3000000000002,2,1482.0,2opt,notBad
16031,2,1482.3000000000002,2,1482.0,2opt,notBad
16032,2,1482.3000000000002,2,1482.0,move,improve
16033,2,1482.3000000000002,2,1482.0,2opt,improve
16034,2,1482.3000000000002,2,1482.0,move,improve
16035,2,1482.0,2,1482.0,move,improve
16036,2,1482.0,2,1482.0,move,improve
16037,2,1482.0,2,1482.0,swap,notBad
16038,2,1482.0,2,1482.0,move,improve
16039,2,1482.0,2,1482.0,2opt,notBad
16040,2,1482.0,2,1482.0,swap,improve
16041,2,1482.0,2,1482.0,2opt,improve
16042,2,1482.0,2,1482.0,swap,notBad
16043,2,1482.0,2,1482.0,move,improve
16044,2,1482.0,2,1482.0,2opt,notBad
16045,2,1482.0,2,1482.0,move,improve
16046,2,1482.0,2,1482.0,2opt,notBad
16047,2,1482.0,2,1482.0,move,improve
16048,2,1482.0,2,1482.0,2opt,notBad
16049,2,1482.0,2,1482.0,2opt,notBad
16050,2,1482.0,2,1482.0,2opt,notBad
16051,2,1482.0,2,1482.0,swap,notBad
16052,2,1482.0,2,1482.0,move,improve
16053,2,1482.0,2,1482.0,move,improve
16054,2,1482.0,2,1482.0,swap,improve
16055,2,1482.0,2,1482.0,2opt,notBad
16056,2,1482.0,2,1482.0,swap,improve
16057,2,1482.0,2,1482.0,move,improve
16058,2,1482.0,2,1482.0,swap,improve
16059,2,1482.0,2,1482.0,swap,improve
16060,2,1482.0,2,1482.0,2opt,notBad
16061,2,1482.0,2,1482.0,swap,improve
16062,2,1482.0,2,1482.0,2opt,notBad
16063,2,1482.0,2,1482.0,swap,improve
16064,2,1482.0,2,1482.0,move,improve
16065,2,1482.0,2,1482.0,move,improve
16066,2,1482.0,2,1482.0,2opt,notBad
16067,2,1482.0,2,1482.0,swap,notBad
16068,2,1482.0,2,1482.0,2opt,notBad
16069,2,1482.0,2,1482.0,move,improve
16070,2,1482.0,2,1482.0,move,improve
16071,2,1482.0,2,1482.0,swap,improve
16072,2,1482.0,2,1482.0,2opt,notBad
16073,2,1482.0,2,1482.0,2opt,improve
16074,2,1482.0,2,1482.0,move,improve
16075,2,1482.0,2,1482.0,move,improve
16076,2,1482.0,2,1482.0,2opt,improve
16077,2,1482.0,2,1482.0,swap,improve
16078,2,1482.0,2,1482.0,move,improve
16079,2,1482.0,2,1482.0,move,improve
16080,2,1482.0,2,1482.0,swap,notBad
16081,2,1482.0,2,1482.0,2opt,improve
16082,2,1482.0,2,1482.0,move,improve
16083,2,1482.0,2,1482.0,swap,improve
16084,2,1482.0,2,1482.0,move,improve
16085,2,1482.0,2,1482.0,2opt,notBad
16086,2,1482.0,2,1482.0,swap,notBad
16087,2,1482.0,2,1482.0,2opt,improve
16088,2,1482.0,2,1482.0,swap,improve
16089,2,1482.0,2,1482.0,move,improve
16090,2,1482.0,2,1482.0,2opt,notBad
16091,2,1482.0,2,1482.0,move,improve
16092,2,1482.0,2,1482.0,move,improve
16093,2,1482.0,2,1482.0,2opt,notBad
16094,2,1482.0,2,1482.0,swap,improve
16095,2,1482.0,2,1482.0,move,improve
16096,2,1482.0,2,1482.0,move,improve
16097,2,1482.0,2,1482.0,move,improve
16098,2,1482.0,2,1482.0,move,improve
16099,2,1482.0,2,1482.0,swap,improve
16100,2,1482.0,2,1482.0,swap,improve
16101,2,1482.0,2,1482.0,swap,improve
16102,2,1482.0,2,1482.0,move,improve
16103,2,1482.0,2,1482.0,swap,notBad
16104,2,1482.0,2,1482.0,2opt,notBad
16105,2,1482.0,2,1482.0,2opt,notBad
16106,2,1482.0,2,1482.0,2opt,notBad
16107,2,1482.0,2,1482.0,2opt,notBad
16108,2,1482.0,2,1482.0,2opt,notBad
16109,2,1482.0,2,1482.0,move,improve
16110,2,1482.0,2,1482.0,2opt,notBad
16111,2,1482.0,2,1482.0,2opt,notBad
16112,2,1482.0,2,1482.0,move,improve
16113,2,1482.0,2,1482.0,2opt,notBad
16114,2,1482.0,2,1482.0,move,improve
16115,2,1482.0,2,1482.0,swap,improve
16116,2,1482.0,2,1482.0,move,improve
16117,2,1482.0,2,1482.0,2opt,notBad
16118,2,1482.0,2,1482.0,2opt,notBad
16119,2,1482.0,2,1482.0,move,improve
16120,2,1482.0,2,1482.0,2opt,improve
16121,2,1482.0,2,1482.0,swap,notBad
16122,2,1482.0,2,1482.0,swap,notBad
16123,2,1482.0,2,1482.0,swap,notBad
16124,2,1482.0,2,1482.0,swap,improve
16125,2,1482.0,2,1482.0,2opt,notBad
16126,2,1482.0,2,1482.0,2opt,notBad
16127,2,1482.0,2,1482.0,move,improve
16128,2,1482.0,2,1482.0,2opt,notBad
16129,2,1482.0,2,1482.0,swap,improve
16130,2,1482.0,2,1482.0,move,improve
16131,2,1482.0,2,1482.0,swap,improve
16132,2,1482.0,2,1482.0,move,improve
16133,2,1482.0,2,1482.0,2opt,notBad
16134,2,1482.0,2,1482.0,2opt,improve
16135,2,1482.0,2,1482.0,2opt,notBad
16136,2,1482.0,2,1482.0,swap,notBad
16137,2,1482.0,2,1482.0,move,improve
16138,2,1482.0,2,1482.0,swap,improve
16139,2,1482.0,2,1482.0,2opt,notBad
16140,2,1482.0,2,1482.0,swap,notBad
16141,2,1482.0,2,1482.0,swap,improve
16142,2,1482.0,2,1482.0,move,improve
16143,2,1482.0,2,1482.0,move,improve
16144,2,1482.0,2,1482.0,move,improve
16145,2,1482.0,2,1482.0,2opt,notBad
16146,2,1482.0,2,1482.0,swap,improve
16147,2,1482.0,2,1482.0,swap,improve
16148,2,1482.0,2,1482.0,2opt,notBad
16149,2,1482.0,2,1482.0,2opt,notBad
16150,2,1482.0,2,1482.0,2opt,notBad
16151,2,1482.0,2,1482.0,move,improve
16152,2,1482.0,2,1482.0,move,improve
16153,2,1482.0,2,1482.0,move,improve
16154,2,1482.0,2,1482.0,swap,improve
16155,2,1482.0,2,1482.0,2opt,notBad
16156,2,1482.0,2,1482.0,swap,improve
16157,2,1482.0,2,1482.0,move,improve
16158,2,1482.0,2,1482.0,swap,notBad
16159,2,1482.0,2,1482.0,2opt,notBad
16160,2,1482.0,2,1482.0,swap,improve
16161,2,1482.0,2,1482.0,swap,notBad
16162,2,1482.0,2,1482.0,2opt,notBad
16163,2,1482.0,2,1482.0,move,improve
16164,2,1482.0,2,1482.0,move,improve
16165,2,1482.0,2,1482.0,2opt,notBad
16166,2,1482.0,2,1482.0,move,improve
16167,2,1482.0,2,1482.0,2opt,notBad
16168,2,1482.0,2,1482.0,move,improve
16169,2,1482.0,2,1482.0,move,improve
16170,2,1482.0,2,1482.0,2opt,notBad
16171,2,1482.0,2,1482.0,2opt,notBad
16172,2,1482.0,2,1482.0,swap,improve
16173,2,1482.0,2,1482.0,swap,improve
16174,2,1482.0,2,1482.0,swap,improve
16175,2,1482.0,2,1482.0,swap,notBad
16176,2,1482.0,2,1482.0,2opt,notBad
16177,2,1482.0,2,1482.0,swap,improve
16178,2,1482.0,2,1482.0,move,improve
16179,2,1482.0,2,1482.0,2opt,notBad
16180,2,1482.0,2,1482.0,2opt,notBad
16181,2,1482.0,2,1482.0,2opt,notBad
16182,2,1482.0,2,1482.0,2opt,notBad
16183,2,1482.1,2,1482.0,swap,acceptBad
16184,2,1482.1,2,1482.0,2opt,notBad
16185,2,1482.1,2,1482.0,swap,notBad
16186,2,1482.1,2,1482.0,move,improve
16187,2,1482.1,2,1482.0,swap,improve
16188,2,1482.1,2,1482.0,move,improve
16189,2,1482.1,2,1482.0,move,improve
16190,2,1482.1,2,1482.0,move,improve
16191,2,1482.1,2,1482.0,move,improve
16192,2,1482.1,2,1482.0,2opt,notBad
16193,2,1482.1,2,1482.0,swap,improve
16194,2,1482.1,2,1482.0,2opt,notBad
16195,2,1482.1,2,1482.0,2opt,notBad
16196,2,1482.1,2,1482.0,swap,improve
16197,2,1482.1,2,1482.0,swap,improve
16198,2,1482.1,2,1482.0,move,improve
16199,2,1482.1,2,1482.0,2opt,notBad
16200,2,1482.1,2,1482.0,swap,improve
16201,2,1482.1,2,1482.0,2opt,notBad
16202,2,1482.1,2,1482.0,move,improve
16203,2,1482.1,2,1482.0,swap,improve
16204,2,1482.1,2,1482.0,2opt,notBad
16205,2,1482.1,2,1482.0,move,improve
16206,2,1482.1,2,1482.0,swap,improve
16207,2,1482.1,2,1482.0,move,improve
16208,2,1482.1,2,1482.0,swap,notBad
16209,2,1482.1,2,1482.0,2opt,notBad
16210,2,1482.1,2,1482.0,swap,notBad
16211,2,1482.1,2,1482.0,2opt,notBad
16212,2,1482.1,2,1482.0,swap,improve
16213,2,1482.1,2,1482.0,move,improve
16214,2,1482.1,2,1482.0,swap,improve
16215,2,1482.1,2,1482.0,2opt,notBad
16216,2,1482.1,2,1482.0,2opt,notBad
16217,2,1482.1,2,1482.0,move,improve
16218,2,1482.1,2,1482.0,2opt,notBad
16219,2,1482.1,2,1482.0,swap,notBad
16220,2,1482.1,2,1482.0,move,improve
16221,2,1482.1,2,1482.0,move,improve
16222,2,1482.0,2,1482.0,swap,improve
16223,2,1482.0,2,1482.0,move,improve
16224,2,1482.0,2,1482.0,swap,improve
16225,2,1482.0,2,1482.0,swap,notBad
16226,2,1482.0,2,1482.0,swap,improve
16227,2,1482.0,2,1482.0,swap,improve
16228,2,1482.0,2,1482.0,2opt,notBad
16229,2,1482.0,2,1482.0,swap,improve
16230,2,1482.0,2,1482.0,move,improve
16231,2,1482.0,2,1482.0,swap,improve
16232,2,1482.0,2,1482.0,move,improve
16233,2,1482.0,2,1482.0,2opt,notBad
16234,2,1482.0,2,1482.0,2opt,notBad
16235,2,1482.0,2,1482.0,swap,notBad
16236,2,1482.0,2,1482.0,swap,improve
16237,2,1482.0,2,1482.0,swap,notBad
16238,2,1482.0,2,1482.0,2opt,notBad
16239,2,1482.0,2,1482.0,2opt,notBad
16240,2,1482.0,2,1482.0,move,improve
16241,2,1482.0,2,1482.0,swap,improve
16242,2,1482.0,2,1482.0,swap,notBad
16243,2,1482.0,2,1482.0,2opt,notBad
16244,2,1482.0,2,1482.0,move,improve
16245,2,1482.0,2,1482.0,move,improve
16246,2,1482.0,2,1482.0,swap,improve
16247,2,1482.0,2,1482.0,2opt,notBad
16248,2,1482.0,2,1482.0,swap,improve
16249,2,1482.0,2,1482.0,move,improve
16250,2,1482.0,2,1482.0,2opt,notBad
16251,2,1482.0,2,1482.0,2opt,notBad
16252,2,1482.0,2,1482.0,move,improve
16253,2,1482.0,2,1482.0,move,improve
16254,2,1482.0,2,1482.0,2opt,notBad
16255,2,1482.0,2,1482.0,swap,notBad
16256,2,1482.0,2,1482.0,2opt,notBad
16257,2,1482.0,2,1482.0,2opt,improve
16258,2,1482.0,2,1482.0,2opt,notBad
16259,2,1482.0,2,1482.0,move,improve
16260,2,1482.0,2,1482.0,move,improve
16261,2,1482.0,2,1482.0,swap,notBad
16262,2,1482.0,2,1482.0,move,improve
16263,2,1482.0,2,1482.0,2opt,notBad
16264,2,1482.0,2,1482.0,2opt,improve
16265,2,1482.0,2,1482.0,move,improve
16266,2,1482.0,2,1482.0,move,improve
16267,2,1482.0,2,1482.0,swap,improve
16268,2,1482.0,2,1482.0,2opt,notBad
16269,2,1482.0,2,1482.0,move,improve
16270,2,1482.0,2,1482.0,move,improve
16271,2,1482.0,2,1482.0,swap,improve
16272,2,1482.0,2,1482.0,swap,improve
16273,2,1482.0,2,1482.0,swap,notBad
16274,2,1482.0,2,1482.0,move,improve
16275,2,1482.0,2,1482.0,move,improve
16276,2,1482.0,2,1482.0,swap,improve
16277,2,1482.0,2,1482.0,move,improve
16278,2,1482.0,2,1482.0,swap,notBad
16279,2,1482.0,2,1482.0,swap,improve
16280,2,1482.0,2,1482.0,swap,notBad
16281,2,1482.0,2,1482.0,2opt,notBad
16282,2,1482.0,2,1482.0,2opt,notBad
16283,2,1482.0,2,1482.0,move,improve
16284,2,1482.0,2,1482.0,2opt,notBad
16285,2,1482.0,2,1482.0,2opt,notBad
16286,2,1482.0,2,1482.0,2opt,notBad
16287,2,1482.0,2,1482.0,move,improve
16288,2,1482.0,2,1482.0,move,improve
16289,2,1482.0,2,1482.0,2opt,notBad
16290,2,1482.0,2,1482.0,swap,improve
16291,2,1482.0,2,1482.0,2opt,improve
16292,2,1482.0,2,1482.0,2opt,notBad
16293,2,1482.0,2,1482.0,move,improve
16294,2,1482.0,2,1482.0,swap,improve
16295,2,1482.0,2,1482.0,move,improve
16296,2,1482.0,2,1482.0,2opt,notBad
16297,2,1482.0,2,1482.0,2opt,notBad
16298,2,1482.0,2,1482.0,move,improve
16299,2,1482.0,2,1482.0,swap,improve
16300,2,1482.0,2,1482.0,swap,notBad
16301,2,1482.0,2,1482.0,swap,improve
16302,2,1482.0,2,1482.0,2opt,improve
16303,2,1482.0,2,1482.0,2opt,notBad
16304,2,1482.0,2,1482.0,swap,notBad
16305,2,1482.0,2,1482.0,2opt,notBad
16306,2,1482.0,2,1482.0,move,improve
16307,2,1482.0,2,1482.0,swap,improve
16308,2,1482.0,2,1482.0,move,improve
16309,2,1482.0,2,1482.0,move,improve
16310,2,1482.0,2,1482.0,swap,improve
16311,2,1482.0,2,1482.0,swap,improve
16312,2,1482.0,2,1482.0,move,improve
16313,2,1482.0,2,1482.0,swap,improve
16314,2,1482.0,2,1482.0,2opt,notBad
16315,2,1482.0,2,1482.0,swap,notBad
16316,2,1482.0,2,1482.0,2opt,notBad
16317,2,1482.0,2,1482.0,move,improve
16318,2,1482.0,2,1482.0,move,improve
16319,2,1482.0,2,1482.0,move,improve
16320,2,1482.0,2,1482.0,swap,improve
16321,2,1482.0,2,1482.0,2opt,improve
16322,2,1482.0,2,1482.0,move,improve
16323,2,1482.0,2,1482.0,move,improve
16324,2,1482.0,2,1482.0,move,improve
16325,2,1482.0,2,1482.0,2opt,notBad
16326,2,1482.0,2,1482.0,swap,notBad
16327,2,1482.0,2,1482.0,2opt,notBad
16328,2,1482.0,2,1482.0,swap,notBad
16329,2,1482.0,2,1482.0,move,improve
16330,2,1482.0,2,1482.0,2opt,notBad
16331,2,1482.0,2,1482.0,move,notBad
16332,2,1482.0,2,1482.0,move,improve
16333,2,1482.0,2,1482.0,2opt,notBad
16334,2,1482.0,2,1482.0,2opt,notBad
16335,2,1482.0,2,1482.0,2opt,notBad
16336,2,1482.0,2,1482.0,move,improve
16337,2,1482.0,2,1482.0,move,improve
16338,2,1482.0,2,1482.0,2opt,notBad
16339,2,1482.0,2,1482.0,swap,improve
16340,2,1482.0,2,1482.0,swap,notBad
16341,2,1482.0,2,1482.0,2opt,notBad
16342,2,1482.0,2,1482.0,2opt,notBad
16343,2,1482.0,2,1482.0,swap,improve
16344,2,1482.0,2,1482.0,move,improve
16345,2,1482.0,2,1482.0,2opt,notBad
16346,2,1482.0,2,1482.0,2opt,notBad
16347,2,1482.0,2,1482.0,swap,notBad
16348,2,1482.0,2,1482.0,swap,improve
16349,2,1482.0,2,1482.0,move,improve
16350,2,1482.0,2,1482.0,swap,notBad
16351,2,1482.0,2,1482.0,swap,improve
16352,2,1482.0,2,1482.0,2opt,notBad
16353,2,1482.0,2,1482.0,2opt,notBad
16354,2,1482.0,2,1482.0,swap,notBad
16355,2,1482.0,2,1482.0,2opt,notBad
16356,2,1482.0,2,1482.0,swap,notBad
16357,2,1482.0,2,1482.0,2opt,notBad
16358,2,1482.0,2,1482.0,swap,notBad
16359,2,1482.0,2,1482.0,move,improve
16360,2,1482.0,2,1482.0,2opt,notBad
16361,2,1482.0,2,1482.0,2opt,notBad
16362,2,1482.0,2,1482.0,swap,notBad
16363,2,1482.0,2,1482.0,2opt,notBad
16364,2,1482.0,2,1482.0,swap,improve
16365,2,1482.0,2,1482.0,swap,improve
16366,2,1482.0,2,1482.0,2opt,notBad
16367,2,1482.0,2,1482.0,2opt,notBad
16368,2,1482.0,2,1482.0,2opt,notBad
16369,2,1482.0,2,1482.0,move,improve
16370,2,1482.0,2,1482.0,swap,notBad
16371,2,1482.0,2,1482.0,2opt,notBad
16372,2,1482.0,2,1482.0,2opt,improve
16373,2,1482.0,2,1482.0,move,improve
16374,2,1482.0,2,1482.0,2opt,notBad
16375,2,1482.0,2,1482.0,move,improve
16376,2,1482.0,2,1482.0,swap,notBad
16377,2,1482.0,2,1482.0,swap,notBad
16378,2,1482.0,2,1482.0,move,improve
16379,2,1482.0,2,1482.0,move,improve
16380,2,1482.0,2,1482.0,move,improve
16381,2,1482.0,2,1482.0,2opt,notBad
16382,2,1482.0,2,1482.0,2opt,notBad
16383,2,1482.0,2,1482.0,swap,notBad
16384,2,1482.0,2,1482.0,swap,improve
16385,2,1482.0,2,1482.0,move,improve
16386,2,1482.0,2,1482.0,move,improve
16387,2,1482.0,2,1482.0,2opt,notBad
16388,2,1482.0,2,1482.0,2opt,notBad
16389,2,1482.0,2,1482.0,move,improve
16390,2,1482.0,2,1482.0,swap,notBad
16391,2,1482.0,2,1482.0,swap,improve
16392,2,1482.0,2,1482.0,move,improve
16393,2,1482.0,2,1482.0,2opt,notBad
16394,2,1482.0,2,1482.0,2opt,improve
16395,2,1482.0,2,1482.0,swap,notBad
16396,2,1482.0,2,1482.0,2opt,notBad
16397,2,1482.0,2,1482.0,2opt,notBad
16398,2,1482.0,2,1482.0,2opt,notBad
16399,2,1482.0,2,1482.0,move,improve
16400,2,1482.0,2,1482.0,2opt,notBad
16401,2,1482.0,2,1482.0,2opt,notBad
16402,2,1482.0,2,1482.0,move,improve
16403,2,1482.0,2,1482.0,swap,notBad
16404,2,1482.0,2,1482.0,2opt,notBad
16405,2,1482.0,2,1482.0,swap,improve
16406,2,1482.0,2,1482.0,2opt,notBad
16407,2,1482.0,2,1482.0,swap,notBad
16408,2,1482.0,2,1482.0,2opt,notBad
16409,2,1482.0,2,1482.0,swap,notBad
16410,2,1482.0,2,1482.0,swap,improve
16411,2,1482.0,2,1482.0,swap,improve
16412,2,1482.0,2,1482.0,move,improve
16413,2,1482.0,2,1482.0,swap,improve
16414,2,1482.0,2,1482.0,move,improve
16415,2,1482.0,2,1482.0,swap,notBad
16416,2,1482.0,2,1482.0,swap,improve
16417,2,1482.1,2,1482.0,swap,acceptBad
16418,2,1482.1,2,1482.0,2opt,notBad
16419,2,1482.1,2,1482.0,2opt,notBad
16420,2,1482.1,2,1482.0,2opt,notBad
16421,2,1482.1,2,1482.0,move,improve
16422,2,1482.1,2,1482.0,move,improve
16423,2,1482.1,2,1482.0,swap,improve
16424,2,1482.1,2,1482.0,move,improve
16425,2,1482.1,2,1482.0,move,improve
16426,2,1482.1,2,1482.0,swap,improve
16427,2,1482.1,2,1482.0,swap,improve
16428,2,1482.1,2,1482.0,swap,notBad
16429,2,1482.1,2,1482.0,move,improve
16430,2,1482.1,2,1482.0,move,improve
16431,2,1482.1,2,1482.0,move,improve
16432,2,1482.1,2,1482.0,swap,improve
16433,2,1482.1,2,1482.0,swap,notBad
16434,2,1482.1,2,1482.0,2opt,notBad
16435,2,1482.0,2,1482.0,swap,improve
16436,2,1482.0,2,1482.0,swap,improve
16437,2,1482.0,2,1482.0,2opt,notBad
16438,2,1482.0,2,1482.0,swap,improve
16439,2,1482.0,2,1482.0,swap,improve
16440,2,1482.0,2,1482.0,move,improve
16441,2,1482.0,2,1482.0,2opt,notBad
16442,2,1482.0,2,1482.0,move,improve
16443,2,1482.0,2,1482.0,swap,improve
16444,2,1482.0,2,1482.0,2opt,notBad
16445,2,1482.0,2,1482.0,swap,improve
16446,2,1482.0,2,1482.0,swap,notBad
16447,2,1482.0,2,1482.0,move,improve
16448,2,1482.0,2,1482.0,swap,notBad
16449,2,1482.0,2,1482.0,move,improve
16450,2,1482.0,2,1482.0,move,improve
16451,2,1482.0,2,1482.0,swap,notBad
16452,2,1482.0,2,1482.0,2opt,notBad
16453,2,1482.0,2,1482.0,swap,improve
16454,2,1482.0,2,1482.0,2opt,notBad
16455,2,1482.0,2,1482.0,2opt,notBad
16456,2,1482.0,2,1482.0,swap,improve
16457,2,1482.0,2,1482.0,move,improve
16458,2,1482.0,2,1482.0,swap,notBad
16459,2,1482.0,2,1482.0,2opt,notBad
16460,2,1482.0,2,1482.0,move,improve
16461,2,1482.0,2,1482.0,move,improve
16462,2,1482.0,2,1482.0,move,improve
16463,2,1482.0,2,1482.0,swap,notBad
16464,2,1482.0,2,1482.0,swap,notBad
16465,2,1482.0,2,1482.0,swap,notBad
16466,2,1482.0,2,1482.0,swap,improve
16467,2,1482.0,2,1482.0,move,improve
16468,2,1482.0,2,1482.0,move,improve
16469,2,1482.0,2,1482.0,move,improve
16470,2,1482.0,2,1482.0,2opt,notBad
16471,2,1482.0,2,1482.0,move,improve
16472,2,1482.0,2,1482.0,2opt,notBad
16473,2,1482.0,2,1482.0,move,improve
16474,2,1482.0,2,1482.0,swap,notBad
16475,2,1482.0,2,1482.0,2opt,notBad
16476,2,1482.0,2,1482.0,move,improve
16477,2,1482.0,2,1482.0,move,improve
16478,2,1482.0,2,1482.0,2opt,notBad
16479,2,1482.0,2,1482.0,2opt,notBad
16480,2,1482.0,2,1482.0,swap,notBad
16481,2,1482.0,2,1482.0,move,improve
16482,2,1482.0,2,1482.0,swap,improve
16483,2,1482.0,2,1482.0,2opt,improve
16484,2,1482.0,2,1482.0,move,improve
16485,2,1482.0,2,1482.0,2opt,notBad
16486,2,1482.0,2,1482.0,swap,notBad
16487,2,1482.0,2,1482.0,2opt,improve
16488,2,1482.0,2,1482.0,2opt,notBad
16489,2,1482.0,2,1482.0,2opt,notBad
16490,2,1482.0,2,1482.0,move,improve
16491,2,1482.1,2,1482.0,swap,acceptBad
16492,2,1482.1,2,1482.0,2opt,notBad
16493,2,1482.1,2,1482.0,2opt,notBad
16494,2,1482.1,2,1482.0,move,improve
16495,2,1482.1,2,1482.0,2opt,improve
16496,2,1482.1,2,1482.0,move,improve
16497,2,1482.0,2,1482.0,move,improve
16498,2,1482.0,2,1482.0,swap,notBad
16499,2,1482.0,2,1482.0,swap,improve
16500,2,1482.1,2,1482.0,swap,acceptBad
16501,2,1482.1,2,1482.0,swap,notBad
16502,2,1482.1,2,1482.0,swap,notBad
16503,2,1482.1,2,1482.0,swap,improve
16504,2,1482.1,2,1482.0,2opt,notBad
16505,2,1482.1,2,1482.0,swap,notBad
16506,2,1482.1,2,1482.0,swap,improve
16507,2,1482.1,2,1482.0,2opt,notBad
16508,2,1482.1,2,1482.0,move,improve
16509,2,1482.1,2,1482.0,2opt,notBad
16510,2,1482.1,2,1482.0,move,improve
16511,2,1482.1,2,1482.0,move,improve
16512,2,1482.1,2,1482.0,2opt,notBad
16513,2,1482.1,2,1482.0,swap,notBad
16514,2,1482.1,2,1482.0,swap,improve
16515,2,1482.1,2,1482.0,2opt,improve
16516,2,1482.1,2,1482.0,2opt,improve
16517,2,1482.1,2,1482.0,move,improve
16518,2,1482.1,2,1482.0,move,improve
16519,2,1482.1,2,1482.0,2opt,notBad
16520,2,1482.1,2,1482.0,move,improve
16521,2,1482.1,2,1482.0,move,improve
16522,2,1482.1,2,1482.0,move,improve
16523,2,1482.1,2,1482.0,swap,improve
16524,2,1482.1,2,1482.0,swap,improve
16525,2,1482.1,2,1482.0,swap,notBad
16526,2,1482.1,2,1482.0,move,improve
16527,2,1482.1,2,1482.0,swap,notBad
16528,2,1482.1,2,1482.0,2opt,notBad
16529,2,1482.1,2,1482.0,move,improve
16530,2,1482.1,2,1482.0,2opt,notBad
16531,2,1482.1,2,1482.0,2opt,notBad
16532,2,1482.1,2,1482.0,move,improve
16533,2,1482.1,2,1482.0,swap,notBad
16534,2,1482.1,2,1482.0,2opt,notBad
16535,2,1482.1,2,1482.0,swap,notBad
16536,2,1482.1,2,1482.0,move,improve
16537,2,1482.1,2,1482.0,2opt,notBad
16538,2,1482.1,2,1482.0,move,improve
16539,2,1482.1,2,1482.0,2opt,notBad
16540,2,1482.1,2,1482.0,2opt,notBad
16541,2,1482.1,2,1482.0,move,improve
16542,2,1482.1,2,1482.0,swap,notBad
16543,2,1482.1,2,1482.0,swap,improve
16544,2,1482.1,2,1482.0,swap,improve
16545,2,1482.1,2,1482.0,move,improve
16546,2,1482.1,2,1482.0,swap,notBad
16547,2,1482.1,2,1482.0,2opt,notBad
16548,2,1482.1,2,1482.0,move,improve
16549,2,1482.1,2,1482.0,move,improve
16550,2,1482.1,2,1482.0,2opt,notBad
16551,2,1482.1,2,1482.0,2opt,notBad
16552,2,1482.1,2,1482.0,2opt,notBad
16553,2,1482.1,2,1482.0,swap,improve
16554,2,1482.1,2,1482.0,2opt,notBad
16555,2,1482.1,2,1482.0,swap,notBad
16556,2,1482.1,2,1482.0,move,improve
16557,2,1482.1,2,1482.0,2opt,notBad
16558,2,1482.1,2,1482.0,move,improve
16559,2,1482.1,2,1482.0,2opt,improve
16560,2,1482.1,2,1482.0,2opt,notBad
16561,2,1482.1,2,1482.0,swap,improve
16562,2,1482.1,2,1482.0,2opt,notBad
16563,2,1482.1,2,1482.0,2opt,notBad
16564,2,1482.1,2,1482.0,2opt,notBad
16565,2,1482.1,2,1482.0,2opt,notBad
16566,2,1482.1,2,1482.0,move,improve
16567,2,1482.1,2,1482.0,swap,notBad
16568,2,1482.1,2,1482.0,swap,notBad
16569,2,1482.1,2,1482.0,move,improve
16570,2,1482.1,2,1482.0,2opt,notBad
16571,2,1482.1,2,1482.0,move,improve
16572,2,1482.1,2,1482.0,swap,notBad
16573,2,1482.1,2,1482.0,2opt,notBad
16574,2,1482.1,2,1482.0,swap,improve
16575,2,1482.1,2,1482.0,move,improve
16576,2,1482.1,2,1482.0,move,improve
16577,2,1482.1,2,1482.0,swap,improve
16578,2,1482.1,2,1482.0,2opt,notBad
16579,2,1482.1,2,1482.0,swap,notBad
16580,2,1482.1,2,1482.0,swap,improve
16581,2,1482.1,2,1482.0,swap,improve
16582,2,1482.1,2,1482.0,move,improve
16583,2,1482.1,2,1482.0,move,improve
16584,2,1482.1,2,1482.0,move,improve
16585,2,1482.1,2,1482.0,swap,improve
16586,2,1482.1,2,1482.0,swap,notBad
16587,2,1482.1,2,1482.0,move,improve
16588,2,1482.1,2,1482.0,move,improve
16589,2,1482.1,2,1482.0,swap,notBad
16590,2,1482.1,2,1482.0,2opt,notBad
16591,2,1482.1,2,1482.0,swap,notBad
16592,2,1482.1,2,1482.0,move,improve
16593,2,1482.1,2,1482.0,swap,notBad
16594,2,1482.1,2,1482.0,swap,improve
16595,2,1482.1,2,1482.0,2opt,notBad
16596,2,1482.1,2,1482.0,2opt,notBad
16597,2,1482.1,2,1482.0,move,improve
16598,2,1482.1,2,1482.0,swap,notBad
16599,2,1482.1,2,1482.0,2opt,notBad
16600,2,1482.1,2,1482.0,2opt,notBad
16601,2,1482.1,2,1482.0,swap,notBad
16602,2,1482.1,2,1482.0,swap,improve
16603,2,1482.1,2,1482.0,move,improve
16604,2,1482.1,2,1482.0,2opt,notBad
16605,2,1482.1,2,1482.0,swap,notBad
16606,2,1482.1,2,1482.0,swap,notBad
16607,2,1482.1,2,1482.0,swap,improve
16608,2,1482.1,2,1482.0,move,improve
16609,2,1482.1,2,1482.0,swap,improve
16610,2,1482.1,2,1482.0,move,improve
16611,2,1482.1,2,1482.0,2opt,notBad
16612,2,1482.1,2,1482.0,move,improve
16613,2,1482.1,2,1482.0,2opt,notBad
16614,2,1482.1,2,1482.0,2opt,notBad
16615,2,1482.1,2,1482.0,move,improve
16616,2,1482.1,2,1482.0,move,improve
16617,2,1482.1,2,1482.0,2opt,notBad
16618,2,1482.1,2,1482.0,swap,improve
16619,2,1482.1,2,1482.0,move,improve
16620,2,1482.1,2,1482.0,2opt,notBad
16621,2,1482.1,2,1482.0,swap,improve
16622,2,1482.1,2,1482.0,swap,improve
16623,2,1482.1,2,1482.0,2opt,notBad
16624,2,1482.1,2,1482.0,move,improve
16625,2,1482.1,2,1482.0,swap,improve
16626,2,1482.1,2,1482.0,swap,notBad
16627,2,1482.1,2,1482.0,swap,improve
16628,2,1482.1,2,1482.0,swap,improve
16629,2,1482.1,2,1482.0,swap,improve
16630,2,1482.1,2,1482.0,2opt,notBad
16631,2,1482.1,2,1482.0,move,improve
16632,2,1482.1,2,1482.0,swap,notBad
16633,2,1482.1,2,1482.0,2opt,notBad
16634,2,1482.1,2,1482.0,2opt,notBad
16635,2,1482.0,2,1482.0,move,improve
16636,2,1482.0,2,1482.0,swap,notBad
16637,2,1482.0,2,1482.0,swap,improve
16638,2,1482.0,2,1482.0,swap,improve
16639,2,1482.0,2,1482.0,move,improve
16640,2,1482.0,2,1482.0,2opt,notBad
16641,2,1482.0,2,1482.0,swap,notBad
16642,2,1482.0,2,1482.0,swap,improve
16643,2,1482.0,2,1482.0,move,improve
16644,2,1482.0,2,1482.0,move,improve
16645,2,1482.0,2,1482.0,2opt,notBad
16646,2,1482.0,2,1482.0,2opt,notBad
16647,2,1482.0,2,1482.0,move,improve
16648,2,1482.0,2,1482.0,2opt,notBad
16649,2,1482.0,2,1482.0,move,improve
16650,2,1482.0,2,1482.0,swap,notBad
16651,2,1482.0,2,1482.0,swap,notBad
16652,2,1482.0,2,1482.0,2opt,notBad
16653,2,1482.0,2,1482.0,swap,improve
16654,2,1482.0,2,1482.0,swap,notBad
16655,2,1482.0,2,1482.0,2opt,notBad
16656,2,1482.0,2,1482.0,2opt,notBad
16657,2,1482.0,2,1482.0,move,improve
16658,2,1482.0,2,1482.0,2opt,notBad
16659,2,1482.0,2,1482.0,move,improve
16660,2,1482.0,2,1482.0,move,improve
16661,2,1482.0,2,1482.0,2opt,notBad
16662,2,1482.0,2,1482.0,swap,improve
16663,2,1482.0,2,1482.0,swap,improve
16664,2,1482.0,2,1482.0,swap,notBad
16665,2,1482.0,2,1482.0,swap,improve
16666,2,1482.0,2,1482.0,swap,notBad
16667,2,1482.0,2,1482.0,swap,notBad
16668,2,1482.0,2,1482.0,swap,improve
16669,2,1482.0,2,1482.0,swap,improve
16670,2,1482.0,2,1482.0,2opt,notBad
16671,2,1482.0,2,1482.0,2opt,notBad
16672,2,1482.0,2,1482.0,swap,notBad
16673,2,1482.0,2,1482.0,2opt,improve
16674,2,1482.0,2,1482.0,swap,improve
16675,2,1482.0,2,1482.0,swap,improve
16676,2,1482.0,2,1482.0,2opt,notBad
16677,2,1482.0,2,1482.0,2opt,notBad
16678,2,1482.0,2,1482.0,swap,notBad
16679,2,1482.0,2,1482.0,2opt,notBad
16680,2,1482.0,2,1482.0,swap,improve
16681,2,1482.0,2,1482.0,move,improve
16682,2,1482.0,2,1482.0,2opt,notBad
16683,2,1482.0,2,1482.0,swap,notBad
16684,2,1482.0,2,1482.0,swap,improve
16685,2,1482.0,2,1482.0,swap,notBad
16686,2,1482.0,2,1482.0,move,improve
16687,2,1482.0,2,1482.0,move,improve
16688,2,1482.0,2,1482.0,move,notBad
16689,2,1482.0,2,1482.0,swap,improve
16690,2,1482.0,2,1482.0,move,improve
16691,2,1482.0,2,1482.0,move,improve
16692,2,1482.0,2,1482.0,swap,notBad
16693,2,1482.0,2,1482.0,2opt,notBad
16694,2,1482.0,2,1482.0,move,improve
16695,2,1482.0,2,1482.0,swap,improve
16696,2,1482.0,2,1482.0,swap,improve
16697,2,1482.0,2,1482.0,2opt,notBad
16698,2,1482.0,2,1482.0,swap,improve
16699,2,1482.0,2,1482.0,2opt,notBad
16700,2,1482.0,2,1482.0,2opt,improve
16701,2,1482.0,2,1482.0,move,improve
16702,2,1482.0,2,1482.0,2opt,notBad
16703,2,1482.0,2,1482.0,2opt,notBad
16704,2,1482.0,2,1482.0,move,improve
16705,2,1482.0,2,1482.0,2opt,notBad
16706,2,1482.0,2,1482.0,move,improve
16707,2,1482.0,2,1482.0,swap,notBad
16708,2,1482.0,2,1482.0,2opt,notBad
16709,2,1482.0,2,1482.0,move,improve
16710,2,1482.0,2,1482.0,2opt,notBad
16711,2,1482.0,2,1482.0,swap,improve
16712,2,1482.0,2,1482.0,move,improve
16713,2,1482.0,2,1482.0,2opt,notBad
16714,2,1482.3000000000002,2,1482.0,swap,acceptBad
16715,2,1482.3000000000002,2,1482.0,2opt,notBad
16716,2,1482.3000000000002,2,1482.0,2opt,notBad
16717,2,1482.3000000000002,2,1482.0,swap,notBad
16718,2,1482.3000000000002,2,1482.0,move,improve
16719,2,1482.3000000000002,2,1482.0,2opt,notBad
16720,2,1482.3000000000002,2,1482.0,2opt,improve
16721,2,1482.3000000000002,2,1482.0,2opt,notBad
16722,2,1482.3000000000002,2,1482.0,swap,notBad
16723,2,1482.3000000000002,2,1482.0,move,improve
16724,2,1482.3000000000002,2,1482.0,2opt,notBad
16725,2,1482.3000000000002,2,1482.0,move,improve
16726,2,1482.3000000000002,2,1482.0,2opt,notBad
16727,2,1482.3000000000002,2,1482.0,move,improve
16728,2,1482.3000000000002,2,1482.0,2opt,notBad
16729,2,1482.3000000000002,2,1482.0,move,improve
16730,2,1482.3000000000002,2,1482.0,move,improve
16731,2,1482.3000000000002,2,1482.0,2opt,notBad
16732,2,1482.3000000000002,2,1482.0,move,improve
16733,2,1482.3000000000002,2,1482.0,swap,improve
16734,2,1482.3000000000002,2,1482.0,swap,improve
16735,2,1482.3000000000002,2,1482.0,swap,improve
16736,2,1482.3000000000002,2,1482.0,move,improve
16737,2,1482.3000000000002,2,1482.0,2opt,notBad
16738,2,1482.3000000000002,2,1482.0,swap,notBad
16739,2,1482.3000000000002,2,1482.0,swap,improve
16740,2,1482.3000000000002,2,1482.0,move,improve
16741,2,1482.3000000000002,2,1482.0,swap,notBad
16742,2,1482.3000000000002,2,1482.0,swap,improve
16743,2,1482.0,2,1482.0,move,improve
16744,2,1482.0,2,1482.0,move,improve
16745,2,1482.0,2,1482.0,move,improve
16746,2,1482.0,2,1482.0,2opt,notBad
16747,2,1482.0,2,1482.0,move,improve
16748,2,1482.0,2,1482.0,2opt,notBad
16749,2,1482.0,2,1482.0,move,improve
16750,2,1482.0,2,1482.0,2opt,notBad
16751,2,1482.0,2,1482.0,move,improve
16752,2,1482.0,2,1482.0,move,improve
16753,2,1482.0,2,1482.0,swap,notBad
16754,2,1482.0,2,1482.0,move,improve
16755,2,1482.0,2,1482.0,move,improve
16756,2,1482.0,2,1482.0,2opt,notBad
16757,2,1482.0,2,1482.0,move,improve
16758,2,1482.0,2,1482.0,swap,improve
16759,2,1482.0,2,1482.0,move,improve
16760,2,1482.0,2,1482.0,swap,notBad
16761,2,1482.0,2,1482.0,2opt,notBad
16762,2,1482.0,2,1482.0,2opt,notBad
16763,2,1482.0,2,1482.0,move,improve
16764,2,1482.0,2,1482.0,move,improve
16765,2,1482.0,2,1482.0,move,improve
16766,2,1482.0,2,1482.0,swap,notBad
16767,2,1482.0,2,1482.0,swap,improve
16768,2,1482.0,2,1482.0,move,improve
16769,2,1482.0,2,1482.0,2opt,notBad
16770,2,1482.0,2,1482.0,move,improve
16771,2,1482.0,2,1482.0,swap,notBad
16772,2,1482.0,2,1482.0,2opt,notBad
16773,2,1482.0,2,1482.0,swap,notBad
16774,2,1482.0,2,1482.0,move,improve
16775,2,1482.0,2,1482.0,move,improve
16776,2,1482.0,2,1482.0,move,improve
16777,2,1482.0,2,1482.0,move,improve
16778,2,1482.0,2,1482.0,2opt,notBad
16779,2,1482.0,2,1482.0,swap,notBad
16780,2,1482.0,2,1482.0,2opt,improve
16781,2,1482.0,2,1482.0,2opt,notBad
16782,2,1482.0,2,1482.0,2opt,notBad
16783,2,1482.0,2,1482.0,swap,notBad
16784,2,1482.0,2,1482.0,swap,notBad
16785,2,1482.0,2,1482.0,swap,notBad
16786,2,1482.0,2,1482.0,swap,notBad
16787,2,1482.0,2,1482.0,move,improve
16788,2,1482.0,2,1482.0,swap,notBad
16789,2,1482.0,2,1482.0,swap,notBad
16790,2,1482.0,2,1482.0,move,improve
16791,2,1482.0,2,1482.0,2opt,notBad
16792,2,1482.0,2,1482.0,2opt,notBad
16793,2,1482.0,2,1482.0,swap,improve
16794,2,1482.0,2,1482.0,swap,improve
16795,2,1482.0,2,1482.0,2opt,notBad
16796,2,1482.0,2,1482.0,move,improve
16797,2,1482.0,2,1482.0,move,improve
16798,2,1482.0,2,1482.0,swap,improve
16799,2,1482.0,2,1482.0,2opt,notBad
16800,2,1482.0,2,1482.0,swap,notBad
16801,2,1482.0,2,1482.0,move,improve
16802,2,1482.0,2,1482.0,move,improve
16803,2,1482.0,2,1482.0,move,improve
16804,2,1482.0,2,1482.0,move,improve
16805,2,1482.0,2,1482.0,2opt,notBad
16806,2,1482.0,2,1482.0,swap,improve
16807,2,1482.0,2,1482.0,swap,notBad
16808,2,1482.0,2,1482.0,swap,improve
16809,2,1482.0,2,1482.0,2opt,notBad
16810,2,1482.0,2,1482.0,move,improve
16811,2,1482.0,2,1482.0,move,improve
16812,2,1482.0,2,1482.0,2opt,improve
16813,2,1482.0,2,1482.0,move,improve
16814,2,1482.0,2,1482.0,2opt,notBad
16815,2,1482.0,2,1482.0,2opt,notBad
16816,2,1482.0,2,1482.0,2opt,notBad
16817,2,1482.0,2,1482.0,move,improve
16818,2,1482.0,2,1482.0,2opt,notBad
16819,2,1482.0,2,1482.0,swap,improve
16820,2,1482.0,2,1482.0,2opt,notBad
16821,2,1482.0,2,1482.0,2opt,notBad
16822,2,1482.0,2,1482.0,swap,improve
16823,2,1482.0,2,1482.0,move,improve
16824,2,1482.0,2,1482.0,move,improve
16825,2,1482.0,2,1482.0,move,improve
16826,2,1482.0,2,1482.0,swap,notBad
16827,2,1482.0,2,1482.0,swap,improve
16828,2,1482.0,2,1482.0,move,improve
16829,2,1482.0,2,1482.0,2opt,notBad
16830,2,1482.0,2,1482.0,swap,improve
16831,2,1482.0,2,1482.0,move,improve
16832,2,1482.0,2,1482.0,move,improve
16833,2,1482.0,2,1482.0,move,improve
16834,2,1482.0,2,1482.0,swap,improve
16835,2,1482.0,2,1482.0,swap,notBad
16836,2,1482.0,2,1482.0,swap,improve
16837,2,1482.0,2,1482.0,2opt,notBad
16838,2,1482.0,2,1482.0,move,improve
16839,2,1482.0,2,1482.0,swap,notBad
16840,2,1482.0,2,1482.0,move,improve
16841,2,1482.0,2,1482.0,2opt,notBad
16842,2,1482.0,2,1482.0,swap,improve
16843,2,1482.0,2,1482.0,swap,improve
16844,2,1482.0,2,1482.0,2opt,notBad
16845,2,1482.0,2,1482.0,move,improve
16846,2,1482.0,2,1482.0,swap,notBad
16847,2,1482.0,2,1482.0,2opt,notBad
16848,2,1482.0,2,1482.0,move,improve
16849,2,1482.0,2,1482.0,2opt,notBad
16850,2,1482.0,2,1482.0,swap,improve
16851,2,1482.0,2,1482.0,move,improve
16852,2,1482.0,2,1482.0,move,improve
16853,2,1482.0,2,1482.0,move,improve
16854,2,1482.0,2,1482.0,2opt,notBad
16855,2,1482.0,2,1482.0,swap,improve
16856,2,1482.0,2,1482.0,move,improve
16857,2,1482.0,2,1482.0,move,notBad
16858,2,1482.0,2,1482.0,swap,improve
16859,2,1482.0,2,1482.0,swap,improve
16860,2,1482.0,2,1482.0,move,improve
16861,2,1482.0,2,1482.0,swap,notBad
16862,2,1482.0,2,1482.0,move,improve
16863,2,1482.0,2,1482.0,swap,improve
16864,2,1482.0,2,1482.0,move,improve
16865,2,1482.0,2,1482.0,move,improve
16866,2,1482.0,2,1482.0,2opt,notBad
16867,2,1482.0,2,1482.0,move,improve
16868,2,1482.0,2,1482.0,swap,improve
16869,2,1482.0,2,1482.0,swap,notBad
16870,2,1482.0,2,1482.0,swap,notBad
16871,2,1482.0,2,1482.0,move,improve
16872,2,1482.0,2,1482.0,swap,improve
16873,2,1482.0,2,1482.0,swap,notBad
16874,2,1482.0,2,1482.0,2opt,notBad
16875,2,1482.0,2,1482.0,swap,notBad
16876,2,1482.0,2,1482.0,2opt,notBad
16877,2,1482.0,2,1482.0,move,improve
16878,2,1482.0,2,1482.0,swap,notBad
16879,2,1482.0,2,1482.0,move,improve
16880,2,1482.0,2,1482.0,swap,improve
16881,2,1482.0,2,1482.0,move,improve
16882,2,1482.0,2,1482.0,2opt,notBad
16883,2,1482.0,2,1482.0,swap,improve
16884,2,1482.0,2,1482.0,move,improve
16885,2,1482.0,2,1482.0,move,notBad
16886,2,1482.0,2,1482.0,move,improve
16887,2,1482.0,2,1482.0,move,improve
16888,2,1482.0,2,1482.0,move,improve
16889,2,1482.0,2,1482.0,move,improve
16890,2,1482.0,2,1482.0,2opt,notBad
16891,2,1482.0,2,1482.0,2opt,notBad
16892,2,1482.0,2,1482.0,swap,improve
16893,2,1482.0,2,1482.0,move,improve
16894,2,1482.0,2,1482.0,swap,improve
16895,2,1482.0,2,1482.0,move,improve
16896,2,1482.0,2,1482.0,move,improve
16897,2,1482.0,2,1482.0,move,improve
16898,2,1482.0,2,1482.0,swap,notBad
16899,2,1482.0,2,1482.0,move,improve
16900,2,1482.0,2,1482.0,swap,notBad
16901,2,1482.0,2,1482.0,move,improve
16902,2,1482.0,2,1482.0,move,improve
16903,2,1482.0,2,1482.0,2opt,notBad
16904,2,1482.0,2,1482.0,move,improve
16905,2,1482.0,2,1482.0,2opt,notBad
16906,2,1482.0,2,1482.0,swap,notBad
16907,2,1482.0,2,1482.0,2opt,notBad
16908,2,1482.0,2,1482.0,swap,improve
16909,2,1482.0,2,1482.0,move,improve
16910,2,1482.0,2,1482.0,move,improve
16911,2,1482.0,2,1482.0,move,improve
16912,2,1482.0,2,1482.0,swap,improve
16913,2,1482.0,2,1482.0,move,improve
16914,2,1482.0,2,1482.0,move,improve
16915,2,1482.0,2,1482.0,swap,improve
16916,2,1482.0,2,1482.0,2opt,notBad
16917,2,1482.0,2,1482.0,move,improve
16918,2,1482.0,2,1482.0,swap,notBad
16919,2,1482.0,2,1482.0,swap,notBad
16920,2,1482.0,2,1482.0,swap,notBad
16921,2,1482.0,2,1482.0,move,improve
16922,2,1482.0,2,1482.0,2opt,notBad
16923,2,1482.0,2,1482.0,move,improve
16924,2,1482.0,2,1482.0,2opt,notBad
16925,2,1482.0,2,1482.0,2opt,notBad
16926,2,1482.0,2,1482.0,move,improve
16927,2,1482.0,2,1482.0,2opt,notBad
16928,2,1482.0,2,1482.0,move,improve
16929,2,1482.0,2,1482.0,move,improve
16930,2,1482.0,2,1482.0,2opt,notBad
16931,2,1482.0,2,1482.0,2opt,notBad
16932,2,1482.0,2,1482.0,move,improve
16933,2,1482.0,2,1482.0,2opt,notBad
16934,2,1482.0,2,1482.0,swap,notBad
16935,2,1482.0,2,1482.0,move,improve
16936,2,1482.0,2,1482.0,swap,notBad
16937,2,1482.0,2,1482.0,2opt,notBad
16938,2,1482.0,2,1482.0,swap,notBad
16939,2,1482.0,2,1482.0,2opt,notBad
16940,2,1482.0,2,1482.0,move,improve
16941,2,1482.0,2,1482.0,move,improve
16942,2,1482.0,2,1482.0,move,improve
16943,2,1482.0,2,1482.0,move,improve
16944,2,1482.0,2,1482.0,swap,improve
16945,2,1482.0,2,1482.0,move,improve
16946,2,1482.0,2,1482.0,swap,notBad
16947,2,1482.0,2,1482.0,swap,notBad
16948,2,1482.0,2,1482.0,swap,improve
16949,2,1482.0,2,1482.0,2opt,improve
16950,2,1482.0,2,1482.0,swap,improve
16951,2,1482.0,2,1482.0,swap,improve
16952,2,1482.0,2,1482.0,2opt,notBad
16953,2,1482.0,2,1482.0,2opt,notBad
16954,2,1482.0,2,1482.0,2opt,notBad
16955,2,1482.0,2,1482.0,2opt,improve
16956,2,1482.0,2,1482.0,move,improve
16957,2,1482.0,2,1482.0,swap,improve
16958,2,1482.0,2,1482.0,2opt,notBad
16959,2,1482.0,2,1482.0,swap,improve
16960,2,1482.0,2,1482.0,swap,improve
16961,2,1482.0,2,1482.0,swap,improve
16962,2,1482.0,2,1482.0,2opt,notBad
16963,2,1482.0,2,1482.0,swap,improve
16964,2,1482.0,2,1482.0,2opt,notBad
16965,2,1482.0,2,1482.0,swap,notBad
16966,2,1482.0,2,1482.0,2opt,notBad
16967,2,1482.0,2,1482.0,swap,notBad
16968,2,1482.0,2,1482.0,swap,improve
16969,2,1482.0,2,1482.0,2opt,notBad
16970,2,1482.0,2,1482.0,swap,improve
16971,2,1482.0,2,1482.0,2opt,notBad
16972,2,1482.0,2,1482.0,swap,improve
16973,2,1482.0,2,1482.0,swap,improve
16974,2,1482.0,2,1482.0,move,improve
16975,2,1482.0,2,1482.0,2opt,notBad
16976,2,1482.0,2,1482.0,swap,notBad
16977,2,1482.0,2,1482.0,swap,notBad
16978,2,1482.0,2,1482.0,move,improve
16979,2,1482.0,2,1482.0,move,improve
16980,2,1482.0,2,1482.0,move,improve
16981,2,1482.0,2,1482.0,2opt,notBad
16982,2,1482.0,2,1482.0,move,improve
16983,2,1482.0,2,1482.0,2opt,notBad
16984,2,1482.0,2,1482.0,swap,improve
16985,2,1482.0,2,1482.0,swap,improve
16986,2,1482.0,2,1482.0,move,improve
16987,2,1482.0,2,1482.0,swap,improve
16988,2,1482.0,2,1482.0,2opt,notBad
16989,2,1482.0,2,1482.0,move,improve
16990,2,1482.0,2,1482.0,swap,notBad
16991,2,1482.0,2,1482.0,move,improve
16992,2,1482.0,2,1482.0,swap,notBad
16993,2,1482.0,2,1482.0,swap,improve
16994,2,1482.0,2,1482.0,2opt,notBad
16995,2,1482.0,2,1482.0,swap,notBad
16996,2,1482.0,2,1482.0,2opt,notBad
16997,2,1482.0,2,1482.0,swap,improve
16998,2,1482.0,2,1482.0,move,improve
16999,2,1482.0,2,1482.0,move,improve
17000,2,1482.0,2,1482.0,swap,notBad
17001,2,1482.0,2,1482.0,2opt,notBad
17002,2,1482.0,2,1482.0,2opt,notBad
17003,2,1482.0,2,1482.0,2opt,notBad
17004,2,1482.0,2,1482.0,2opt,notBad
17005,2,1482.0,2,1482.0,2opt,notBad
17006,2,1482.0,2,1482.0,swap,improve
17007,2,1482.0,2,1482.0,2opt,notBad
17008,2,1482.0,2,1482.0,move,improve
17009,2,1482.0,2,1482.0,move,improve
17010,2,1482.0,2,1482.0,move,improve
17011,2,1482.0,2,1482.0,move,improve
17012,2,1482.0,2,1482.0,swap,improve
17013,2,1482.0,2,1482.0,move,improve
17014,2,1482.0,2,1482.0,move,improve
17015,2,1482.0,2,1482.0,move,improve
17016,2,1482.0,2,1482.0,move,notBad
17017,2,1482.0,2,1482.0,2opt,notBad
17018,2,1482.0,2,1482.0,move,improve
17019,2,1482.0,2,1482.0,swap,notBad
17020,2,1482.0,2,1482.0,2opt,notBad
17021,2,1482.0,2,1482.0,swap,improve
17022,2,1482.0,2,1482.0,swap,improve
17023,2,1482.0,2,1482.0,2opt,notBad
17024,2,1482.0,2,1482.0,2opt,notBad
17025,2,1482.0,2,1482.0,move,improve
17026,2,1482.0,2,1482.0,2opt,improve
17027,2,1482.0,2,1482.0,swap,notBad
17028,2,1482.0,2,1482.0,swap,improve
17029,2,1482.0,2,1482.0,2opt,improve
17030,2,1482.0,2,1482.0,swap,notBad
17031,2,1482.0,2,1482.0,swap,notBad
17032,2,1482.0,2,1482.0,move,improve
17033,2,1482.0,2,1482.0,move,improve
17034,2,1482.0,2,1482.0,move,improve
17035,2,1482.0,2,1482.0,move,improve
17036,2,1482.0,2,1482.0,2opt,notBad
17037,2,1482.0,2,1482.0,swap,notBad
17038,2,1482.0,2,1482.0,move,improve
17039,2,1482.0,2,1482.0,move,improve
17040,2,1482.0,2,1482.0,move,improve
17041,2,1482.0,2,1482.0,move,improve
17042,2,1482.0,2,1482.0,2opt,notBad
17043,2,1482.0,2,1482.0,move,improve
17044,2,1482.0,2,1482.0,move,improve
17045,2,1482.0,2,1482.0,2opt,notBad
17046,2,1482.0,2,1482.0,move,improve
17047,2,1482.0,2,1482.0,2opt,notBad
17048,2,1482.0,2,1482.0,2opt,notBad
17049,2,1482.0,2,1482.0,swap,improve
17050,2,1482.0,2,1482.0,swap,improve
17051,2,1482.0,2,1482.0,move,improve
17052,2,1482.0,2,1482.0,swap,notBad
17053,2,1482.0,2,1482.0,swap,notBad
17054,2,1482.0,2,1482.0,swap,notBad
17055,2,1482.0,2,1482.0,move,improve
17056,2,1482.0,2,1482.0,2opt,notBad
17057,2,1482.0,2,1482.0,2opt,notBad
17058,2,1482.0,2,1482.0,2opt,notBad
17059,2,1482.0,2,1482.0,2opt,notBad
17060,2,1482.0,2,1482.0,move,improve
17061,2,1482.0,2,1482.0,2opt,notBad
17062,2,1482.0,2,1482.0,move,improve
17063,2,1482.0,2,1482.0,move,improve
17064,2,1482.0,2,1482.0,move,improve
17065,2,1482.0,2,1482.0,2opt,notBad
17066,2,1482.0,2,1482.0,2opt,notBad
17067,2,1482.0,2,1482.0,swap,improve
17068,2,1482.0,2,1482.0,move,improve
17069,2,1482.0,2,1482.0,move,improve
17070,2,1482.0,2,1482.0,2opt,notBad
17071,2,1482.0,2,1482.0,move,improve
17072,2,1482.0,2,1482.0,swap,notBad
17073,2,1482.0,2,1482.0,move,improve
17074,2,1482.0,2,1482.0,move,improve
17075,2,1482.0,2,1482.0,move,improve
17076,2,1482.0,2,1482.0,2opt,notBad
17077,2,1482.0,2,1482.0,move,improve
17078,2,1482.0,2,1482.0,2opt,notBad
17079,2,1482.0,2,1482.0,2opt,notBad
17080,2,1482.0,2,1482.0,2opt,notBad
17081,2,1482.0,2,1482.0,move,improve
17082,2,1482.0,2,1482.0,move,improve
17083,2,1482.0,2,1482.0,swap,notBad
17084,2,1482.0,2,1482.0,swap,notBad
17085,2,1482.0,2,1482.0,move,improve
17086,2,1482.0,2,1482.0,move,improve
17087,2,1482.0,2,1482.0,swap,notBad
17088,2,1482.0,2,1482.0,swap,notBad
17089,2,1482.0,2,1482.0,move,improve
17090,2,1482.0,2,1482.0,move,improve
17091,2,1482.0,2,1482.0,2opt,notBad
17092,2,1482.0,2,1482.0,move,improve
17093,2,1482.0,2,1482.0,move,improve
17094,2,1482.0,2,1482.0,2opt,notBad
17095,2,1482.0,2,1482.0,swap,improve
17096,2,1482.0,2,1482.0,move,improve
17097,2,1482.0,2,1482.0,swap,improve
17098,2,1482.0,2,1482.0,2opt,notBad
17099,2,1482.0,2,1482.0,move,improve
17100,2,1482.0,2,1482.0,swap,notBad
17101,2,1482.0,2,1482.0,2opt,notBad
17102,2,1482.0,2,1482.0,move,improve
17103,2,1482.0,2,1482.0,swap,improve
17104,2,1482.0,2,1482.0,move,improve
17105,2,1482.0,2,1482.0,2opt,improve
17106,2,1482.0,2,1482.0,swap,improve
17107,2,1482.0,2,1482.0,move,improve
17108,2,1482.0,2,1482.0,2opt,notBad
17109,2,1482.0,2,1482.0,move,improve
17110,2,1482.0,2,1482.0,swap,improve
17111,2,1482.0,2,1482.0,swap,notBad
17112,2,1482.0,2,1482.0,swap,improve
17113,2,1482.0,2,1482.0,swap,improve
17114,2,1482.0,2,1482.0,swap,improve
17115,2,1482.0,2,1482.0,swap,improve
17116,2,1482.0,2,1482.0,2opt,notBad
17117,2,1482.0,2,1482.0,swap,notBad
17118,2,1482.0,2,1482.0,swap,notBad
17119,2,1482.0,2,1482.0,2opt,notBad
17120,2,1482.0,2,1482.0,swap,improve
17121,2,1482.0,2,1482.0,move,improve
17122,2,1482.0,2,1482.0,swap,improve
17123,2,1482.0,2,1482.0,2opt,notBad
17124,2,1482.0,2,1482.0,move,improve
17125,2,1482.0,2,1482.0,2opt,notBad
17126,2,1482.0,2,1482.0,move,improve
17127,2,1482.0,2,1482.0,2opt,notBad
17128,2,1482.0,2,1482.0,2opt,improve
17129,2,1482.0,2,1482.0,swap,improve
17130,2,1482.0,2,1482.0,move,improve
17131,2,1482.0,2,1482.0,swap,improve
17132,2,1482.0,2,1482.0,2opt,notBad
17133,2,1482.0,2,1482.0,2opt,notBad
17134,2,1482.0,2,1482.0,swap,improve
17135,2,1482.0,2,1482.0,move,improve
17136,2,1482.0,2,1482.0,swap,improve
17137,2,1482.0,2,1482.0,move,improve
17138,2,1482.0,2,1482.0,2opt,notBad
17139,2,1482.0,2,1482.0,2opt,notBad
17140,2,1482.0,2,1482.0,move,improve
17141,2,1482.0,2,1482.0,swap,notBad
17142,2,1482.0,2,1482.0,swap,notBad
17143,2,1482.0,2,1482.0,move,improve
17144,2,1482.0,2,1482.0,move,improve
17145,2,1482.0,2,1482.0,move,improve
17146,2,1482.0,2,1482.0,2opt,notBad
17147,2,1482.0,2,1482.0,swap,notBad
17148,2,1482.0,2,1482.0,2opt,notBad
17149,2,1482.0,2,1482.0,2opt,notBad
17150,2,1482.0,2,1482.0,swap,notBad
17151,2,1482.0,2,1482.0,swap,notBad
17152,2,1482.0,2,1482.0,swap,notBad
17153,2,1482.0,2,1482.0,2opt,notBad
17154,2,1482.0,2,1482.0,swap,improve
17155,2,1482.0,2,1482.0,2opt,notBad
17156,2,1482.0,2,1482.0,swap,improve
17157,2,1482.0,2,1482.0,swap,notBad
17158,2,1482.0,2,1482.0,swap,notBad
17159,2,1482.0,2,1482.0,move,improve
17160,2,1482.0,2,1482.0,2opt,notBad
17161,2,1482.0,2,1482.0,move,improve
17162,2,1482.0,2,1482.0,move,improve
17163,2,1482.0,2,1482.0,2opt,notBad
17164,2,1482.0,2,1482.0,move,improve
17165,2,1482.0,2,1482.0,swap,improve
17166,2,1482.0,2,1482.0,2opt,notBad
17167,2,1482.0,2,1482.0,move,improve
17168,2,1482.0,2,1482.0,swap,notBad
17169,2,1482.0,2,1482.0,2opt,improve
17170,2,1482.0,2,1482.0,swap,notBad
17171,2,1482.0,2,1482.0,swap,improve
17172,2,1482.0,2,1482.0,swap,notBad
17173,2,1482.0,2,1482.0,2opt,notBad
17174,2,1482.0,2,1482.0,swap,notBad
17175,2,1482.0,2,1482.0,move,improve
17176,2,1482.0,2,1482.0,move,improve
17177,2,1482.0,2,1482.0,2opt,notBad
17178,2,1482.0,2,1482.0,2opt,notBad
17179,2,1482.0,2,1482.0,swap,notBad
17180,2,1482.0,2,1482.0,swap,notBad
17181,2,1482.0,2,1482.0,move,improve
17182,2,1482.0,2,1482.0,2opt,notBad
17183,2,1482.0,2,1482.0,swap,notBad
17184,2,1482.0,2,1482.0,move,improve
17185,2,1482.0,2,1482.0,2opt,notBad
17186,2,1482.0,2,1482.0,2opt,notBad
17187,2,1482.0,2,1482.0,2opt,notBad
17188,2,1482.0,2,1482.0,2opt,notBad
17189,2,1482.0,2,1482.0,swap,improve
17190,2,1482.0,2,1482.0,swap,improve
17191,2,1482.0,2,1482.0,2opt,improve
17192,2,1482.0,2,1482.0,move,improve
17193,2,1482.0,2,1482.0,swap,improve
17194,2,1482.0,2,1482.0,move,improve
17195,2,1482.0,2,1482.0,swap,improve
17196,2,1482.0,2,1482.0,2opt,notBad
17197,2,1482.0,2,1482.0,move,improve
17198,2,1482.0,2,1482.0,2opt,notBad
17199,2,1482.0,2,1482.0,move,improve
17200,2,1482.0,2,1482.0,2opt,notBad
17201,2,1482.0,2,1482.0,swap,notBad
17202,2,1482.0,2,1482.0,swap,improve
17203,2,1482.0,2,1482.0,swap,improve
17204,2,1482.0,2,1482.0,move,improve
17205,2,1482.0,2,1482.0,2opt,notBad
17206,2,1482.0,2,1482.0,swap,notBad
17207,2,1482.0,2,1482.0,move,improve
17208,2,1482.0,2,1482.0,move,improve
17209,2,1482.0,2,1482.0,move,improve
17210,2,1482.0,2,1482.0,swap,notBad
17211,2,1482.0,2,1482.0,move,improve
17212,2,1482.0,2,1482.0,2opt,notBad
17213,2,1482.0,2,1482.0,2opt,notBad
17214,2,1482.0,2,1482.0,swap,notBad
17215,2,1482.0,2,1482.0,2opt,notBad
17216,2,1482.0,2,1482.0,2opt,notBad
17217,2,1482.0,2,1482.0,move,improve
17218,2,1482.0,2,1482.0,swap,improve
17219,2,1482.0,2,1482.0,2opt,notBad
17220,2,1482.0,2,1482.0,swap,improve
17221,2,1482.0,2,1482.0,swap,improve
17222,2,1482.0,2,1482.0,move,improve
17223,2,1482.0,2,1482.0,move,improve
17224,2,1482.0,2,1482.0,move,improve
17225,2,1482.0,2,1482.0,2opt,notBad
17226,2,1482.0,2,1482.0,2opt,notBad
17227,2,1482.0,2,1482.0,2opt,notBad
17228,2,1482.0,2,1482.0,move,improve
17229,2,1482.0,2,1482.0,2opt,notBad
17230,2,1482.0,2,1482.0,swap,notBad
17231,2,1482.0,2,1482.0,swap,notBad
17232,2,1482.0,2,1482.0,move,improve
17233,2,1482.0,2,1482.0,move,improve
17234,2,1482.0,2,1482.0,swap,improve
17235,2,1482.0,2,1482.0,move,improve
17236,2,1482.0,2,1482.0,2opt,notBad
17237,2,1482.0,2,1482.0,2opt,notBad
17238,2,1482.0,2,1482.0,2opt,notBad
17239,2,1482.0,2,1482.0,swap,improve
17240,2,1482.0,2,1482.0,swap,notBad
17241,2,1482.0,2,1482.0,2opt,notBad
17242,2,1482.0,2,1482.0,move,improve
17243,2,1482.0,2,1482.0,2opt,notBad
17244,2,1482.0,2,1482.0,swap,improve
17245,2,1482.0,2,1482.0,move,improve
17246,2,1482.0,2,1482.0,move,improve
17247,2,1482.0,2,1482.0,move,improve
17248,2,1482.0,2,1482.0,2opt,notBad
17249,2,1482.0,2,1482.0,swap,notBad
17250,2,1482.0,2,1482.0,swap,improve
17251,2,1482.0,2,1482.0,2opt,notBad
17252,2,1482.0,2,1482.0,swap,notBad
17253,2,1482.0,2,1482.0,move,improve
17254,2,1482.0,2,1482.0,swap,improve
17255,2,1482.0,2,1482.0,swap,improve
17256,2,1482.0,2,1482.0,2opt,improve
17257,2,1482.0,2,1482.0,swap,notBad
17258,2,1482.0,2,1482.0,swap,notBad
17259,2,1482.0,2,1482.0,swap,improve
17260,2,1482.0,2,1482.0,swap,improve
17261,2,1482.0,2,1482.0,2opt,notBad
17262,2,1482.0,2,1482.0,2opt,notBad
17263,2,1482.0,2,1482.0,2opt,notBad
17264,2,1482.0,2,1482.0,2opt,notBad
17265,2,1482.0,2,1482.0,swap,improve
17266,2,1482.0,2,1482.0,swap,improve
17267,2,1482.0,2,1482.0,2opt,notBad
17268,2,1482.0,2,1482.0,move,improve
17269,2,1482.0,2,1482.0,move,improve
17270,2,1482.0,2,1482.0,2opt,notBad
17271,2,1482.0,2,1482.0,2opt,notBad
17272,2,1482.0,2,1482.0,swap,improve
17273,2,1482.0,2,1482.0,move,improve
17274,2,1482.0,2,1482.0,move,improve
17275,2,1482.0,2,1482.0,move,improve
17276,2,1482.0,2,1482.0,swap,improve
17277,2,1482.0,2,1482.0,swap,notBad
17278,2,1482.0,2,1482.0,2opt,notBad
17279,2,1482.0,2,1482.0,2opt,notBad
17280,2,1482.0,2,1482.0,swap,notBad
17281,2,1482.0,2,1482.0,2opt,notBad
17282,2,1482.0,2,1482.0,move,improve
17283,2,1482.0,2,1482.0,swap,improve
17284,2,1482.0,2,1482.0,move,improve
17285,2,1482.0,2,1482.0,move,improve
17286,2,1482.0,2,1482.0,move,improve
17287,2,1482.0,2,1482.0,move,improve
17288,2,1482.0,2,1482.0,move,improve
17289,2,1482.0,2,1482.0,swap,notBad
17290,2,1482.0,2,1482.0,swap,improve
17291,2,1482.0,2,1482.0,move,improve
17292,2,1482.0,2,1482.0,swap,improve
17293,2,1482.0,2,1482.0,2opt,notBad
17294,2,1482.0,2,1482.0,swap,improve
17295,2,1482.0,2,1482.0,2opt,notBad
17296,2,1482.0,2,1482.0,move,improve
17297,2,1482.0,2,1482.0,2opt,notBad
17298,2,1482.0,2,1482.0,move,notBad
17299,2,1482.0,2,1482.0,2opt,notBad
17300,2,1482.0,2,1482.0,2opt,notBad
17301,2,1482.0,2,1482.0,move,improve
17302,2,1482.0,2,1482.0,2opt,notBad
17303,2,1482.0,2,1482.0,2opt,notBad
17304,2,1482.0,2,1482.0,2opt,notBad
17305,2,1482.0,2,1482.0,2opt,notBad
17306,2,1482.0,2,1482.0,2opt,notBad
17307,2,1482.0,2,1482.0,2opt,notBad
17308,2,1482.0,2,1482.0,swap,notBad
17309,2,1482.0,2,1482.0,2opt,notBad
17310,2,1482.0,2,1482.0,move,improve
17311,2,1482.0,2,1482.0,swap,notBad
17312,2,1482.0,2,1482.0,swap,improve
17313,2,1482.0,2,1482.0,swap,notBad
17314,2,1482.0,2,1482.0,swap,improve
17315,2,1482.0,2,1482.0,2opt,notBad
17316,2,1482.0,2,1482.0,move,improve
17317,2,1482.0,2,1482.0,move,improve
17318,2,1482.0,2,1482.0,2opt,notBad
17319,2,1482.0,2,1482.0,2opt,notBad
17320,2,1482.0,2,1482.0,move,improve
17321,2,1482.0,2,1482.0,2opt,notBad
17322,2,1482.0,2,1482.0,move,improve
17323,2,1482.0,2,1482.0,2opt,notBad
17324,2,1482.0,2,1482.0,swap,improve
17325,2,1482.0,2,1482.0,move,improve
17326,2,1482.0,2,1482.0,swap,improve
17327,2,1482.0,2,1482.0,2opt,notBad
17328,2,1482.0,2,1482.0,2opt,notBad
17329,2,1482.0,2,1482.0,move,improve
17330,2,1482.0,2,1482.0,move,improve
17331,2,1482.0,2,1482.0,swap,notBad
17332,2,1482.0,2,1482.0,2opt,notBad
17333,2,1482.0,2,1482.0,move,improve
17334,2,1482.0,2,1482.0,move,notBad
17335,2,1482.0,2,1482.0,2opt,notBad
17336,2,1482.0,2,1482.0,swap,notBad
17337,2,1482.0,2,1482.0,2opt,notBad
17338,2,1482.0,2,1482.0,swap,improve
17339,2,1482.0,2,1482.0,move,improve
17340,2,1482.0,2,1482.0,move,improve
17341,2,1482.0,2,1482.0,move,improve
17342,2,1482.0,2,1482.0,2opt,notBad
17343,2,1482.0,2,1482.0,move,improve
17344,2,1482.0,2,1482.0,move,improve
17345,2,1482.0,2,1482.0,swap,improve
17346,2,1482.0,2,1482.0,2opt,notBad
17347,2,1482.0,2,1482.0,2opt,improve
17348,2,1482.0,2,1482.0,move,improve
17349,2,1482.0,2,1482.0,swap,improve
17350,2,1482.0,2,1482.0,swap,improve
17351,2,1482.0,2,1482.0,move,improve
17352,2,1482.0,2,1482.0,2opt,notBad
17353,2,1482.0,2,1482.0,2opt,improve
17354,2,1482.0,2,1482.0,swap,notBad
17355,2,1482.0,2,1482.0,swap,improve
17356,2,1482.0,2,1482.0,swap,notBad
17357,2,1482.0,2,1482.0,move,improve
17358,2,1482.0,2,1482.0,move,improve
17359,2,1482.0,2,1482.0,move,improve
17360,2,1482.0,2,1482.0,move,improve
17361,2,1482.0,2,1482.0,move,improve
17362,2,1482.0,2,1482.0,move,improve
17363,2,1482.0,2,1482.0,2opt,notBad
17364,2,1482.0,2,1482.0,move,improve
17365,2,1482.0,2,1482.0,move,improve
17366,2,1482.0,2,1482.0,move,improve
17367,2,1482.0,2,1482.0,swap,improve
17368,2,1482.0,2,1482.0,2opt,notBad
17369,2,1482.0,2,1482.0,move,improve
17370,2,1482.0,2,1482.0,2opt,notBad
17371,2,1482.0,2,1482.0,move,improve
17372,2,1482.0,2,1482.0,move,improve
17373,2,1482.0,2,1482.0,move,improve
17374,2,1482.0,2,1482.0,swap,notBad
17375,2,1482.0,2,1482.0,move,improve
17376,2,1482.0,2,1482.0,swap,notBad
17377,2,1482.0,2,1482.0,2opt,notBad
17378,2,1482.0,2,1482.0,move,improve
17379,2,1482.0,2,1482.0,move,improve
17380,2,1482.0,2,1482.0,swap,notBad
17381,2,1482.0,2,1482.0,2opt,notBad
17382,2,1482.0,2,1482.0,2opt,improve
17383,2,1482.0,2,1482.0,move,improve
17384,2,1482.0,2,1482.0,2opt,improve
17385,2,1482.0,2,1482.0,move,improve
17386,2,1482.0,2,1482.0,move,improve
17387,2,1482.0,2,1482.0,2opt,notBad
17388,2,1482.0,2,1482.0,move,improve
17389,2,1482.0,2,1482.0,swap,notBad
17390,2,1482.0,2,1482.0,2opt,notBad
17391,2,1482.0,2,1482.0,move,improve
17392,2,1482.0,2,1482.0,move,improve
17393,2,1482.0,2,1482.0,swap,notBad
17394,2,1482.0,2,1482.0,swap,notBad
17395,2,1482.0,2,1482.0,move,improve
17396,2,1482.0,2,1482.0,swap,improve
17397,2,1482.0,2,1482.0,swap,notBad
17398,2,1482.0,2,1482.0,swap,improve
17399,2,1482.0,2,1482.0,move,improve
17400,2,1482.0,2,1482.0,2opt,notBad
17401,2,1482.0,2,1482.0,move,improve
17402,2,1482.0,2,1482.0,2opt,notBad
17403,2,1482.0,2,1482.0,move,improve
17404,2,1482.0,2,1482.0,swap,notBad
17405,2,1482.0,2,1482.0,2opt,notBad
17406,2,1482.0,2,1482.0,move,improve
17407,2,1482.0,2,1482.0,2opt,notBad
17408,2,1482.0,2,1482.0,2opt,notBad
17409,2,1482.0,2,1482.0,2opt,notBad
17410,2,1482.0,2,1482.0,swap,improve
17411,2,1482.0,2,1482.0,2opt,notBad
17412,2,1482.0,2,1482.0,2opt,notBad
17413,2,1482.0,2,1482.0,swap,improve
17414,2,1482.0,2,1482.0,move,improve
17415,2,1482.0,2,1482.0,2opt,notBad
17416,2,1482.0,2,1482.0,2opt,notBad
17417,2,1482.0,2,1482.0,move,improve
17418,2,1482.0,2,1482.0,swap,notBad
17419,2,1482.0,2,1482.0,move,improve
17420,2,1482.0,2,1482.0,2opt,notBad
17421,2,1482.0,2,1482.0,swap,notBad
17422,2,1482.0,2,1482.0,move,improve
17423,2,1482.0,2,1482.0,move,improve
17424,2,1482.0,2,1482.0,2opt,notBad
17425,2,1482.0,2,1482.0,move,improve
17426,2,1482.0,2,1482.0,swap,notBad
17427,2,1482.0,2,1482.0,move,improve
17428,2,1482.0,2,1482.0,swap,notBad
17429,2,1482.0,2,1482.0,2opt,notBad
17430,2,1482.0,2,1482.0,swap,notBad
17431,2,1482.0,2,1482.0,swap,improve
17432,2,1482.0,2,1482.0,2opt,notBad
17433,2,1482.0,2,1482.0,2opt,notBad
17434,2,1482.0,2,1482.0,2opt,notBad
17435,2,1482.0,2,1482.0,2opt,notBad
17436,2,1482.0,2,1482.0,swap,improve
17437,2,1482.0,2,1482.0,swap,notBad
17438,2,1482.0,2,1482.0,move,improve
17439,2,1482.0,2,1482.0,swap,notBad
17440,2,1482.0,2,1482.0,2opt,notBad
17441,2,1482.0,2,1482.0,swap,improve
17442,2,1482.0,2,1482.0,swap,notBad
17443,2,1482.0,2,1482.0,2opt,notBad
17444,2,1482.0,2,1482.0,move,improve
17445,2,1482.0,2,1482.0,move,improve
17446,2,1482.0,2,1482.0,swap,notBad
17447,2,1482.0,2,1482.0,move,improve
17448,2,1482.0,2,1482.0,swap,notBad
17449,2,1482.0,2,1482.0,move,improve
17450,2,1482.0,2,1482.0,move,improve
17451,2,1482.0,2,1482.0,move,improve
17452,2,1482.0,2,1482.0,swap,improve
17453,2,1482.1,2,1482.0,swap,acceptBad
17454,2,1482.1,2,1482.0,2opt,notBad
17455,2,1482.1,2,1482.0,2opt,notBad
17456,2,1482.1,2,1482.0,move,improve
17457,2,1482.1,2,1482.0,2opt,notBad
17458,2,1482.1,2,1482.0,2opt,improve
17459,2,1482.1,2,1482.0,swap,improve
17460,2,1482.1,2,1482.0,2opt,notBad
17461,2,1482.1,2,1482.0,2opt,notBad
17462,2,1482.1,2,1482.0,2opt,notBad
17463,2,1482.1,2,1482.0,2opt,improve
17464,2,1482.1,2,1482.0,swap,notBad
17465,2,1482.1,2,1482.0,2opt,notBad
17466,2,1482.1,2,1482.0,swap,notBad
17467,2,1482.1,2,1482.0,move,improve
17468,2,1482.0,2,1482.0,move,improve
17469,2,1482.0,2,1482.0,swap,notBad
17470,2,1482.0,2,1482.0,swap,notBad
17471,2,1482.0,2,1482.0,2opt,improve
17472,2,1482.0,2,1482.0,2opt,notBad
17473,2,1482.0,2,1482.0,2opt,notBad
17474,2,1482.0,2,1482.0,2opt,notBad
17475,2,1482.0,2,1482.0,move,improve
17476,2,1482.0,2,1482.0,swap,improve
17477,2,1482.0,2,1482.0,move,improve
17478,2,1482.0,2,1482.0,move,improve
17479,2,1482.0,2,1482.0,swap,improve
17480,2,1482.0,2,1482.0,swap,improve
17481,2,1482.0,2,1482.0,2opt,notBad
17482,2,1482.0,2,1482.0,swap,notBad
17483,2,1482.0,2,1482.0,swap,improve
17484,2,1482.0,2,1482.0,swap,improve
17485,2,1482.0,2,1482.0,move,improve
17486,2,1482.0,2,1482.0,swap,improve
17487,2,1482.0,2,1482.0,move,improve
17488,2,1482.0,2,1482.0,2opt,notBad
17489,2,1482.0,2,1482.0,move,improve
17490,2,1482.0,2,1482.0,swap,notBad
17491,2,1482.0,2,1482.0,swap,notBad
17492,2,1482.0,2,1482.0,swap,improve
17493,2,1482.0,2,1482.0,swap,improve
17494,2,1482.0,2,1482.0,move,improve
17495,2,1482.0,2,1482.0,move,improve
17496,2,1482.0,2,1482.0,2opt,notBad
17497,2,1482.0,2,1482.0,2opt,notBad
17498,2,1482.0,2,1482.0,swap,notBad
17499,2,1482.0,2,1482.0,swap,notBad
17500,2,1482.0,2,1482.0,swap,improve
17501,2,1482.0,2,1482.0,swap,notBad
17502,2,1482.0,2,1482.0,2opt,notBad
17503,2,1482.0,2,1482.0,swap,improve
17504,2,1482.0,2,1482.0,swap,notBad
17505,2,1482.0,2,1482.0,swap,notBad
17506,2,1482.0,2,1482.0,swap,improve
17507,2,1482.0,2,1482.0,swap,improve
17508,2,1482.0,2,1482.0,swap,notBad
17509,2,1482.0,2,1482.0,move,improve
17510,2,1482.0,2,1482.0,2opt,notBad
17511,2,1482.0,2,1482.0,2opt,notBad
17512,2,1482.0,2,1482.0,swap,improve
17513,2,1482.0,2,1482.0,2opt,notBad
17514,2,1482.0,2,1482.0,move,improve
17515,2,1482.0,2,1482.0,2opt,notBad
17516,2,1482.0,2,1482.0,move,improve
17517,2,1482.0,2,1482.0,2opt,notBad
17518,2,1482.0,2,1482.0,move,improve
17519,2,1482.0,2,1482.0,swap,notBad
17520,2,1482.0,2,1482.0,move,improve
17521,2,1482.0,2,1482.0,swap,notBad
17522,2,1482.0,2,1482.0,2opt,notBad
17523,2,1482.0,2,1482.0,2opt,notBad
17524,2,1482.0,2,1482.0,2opt,notBad
17525,2,1482.0,2,1482.0,2opt,notBad
17526,2,1482.0,2,1482.0,move,improve
17527,2,1482.0,2,1482.0,swap,notBad
17528,2,1482.0,2,1482.0,swap,notBad
17529,2,1482.0,2,1482.0,2opt,notBad
17530,2,1482.0,2,1482.0,2opt,improve
17531,2,1482.0,2,1482.0,2opt,notBad
17532,2,1482.0,2,1482.0,move,improve
17533,2,1482.0,2,1482.0,2opt,notBad
17534,2,1482.0,2,1482.0,2opt,notBad
17535,2,1482.0,2,1482.0,move,improve
17536,2,1482.0,2,1482.0,2opt,notBad
17537,2,1482.0,2,1482.0,move,notBad
17538,2,1482.0,2,1482.0,2opt,notBad
17539,2,1482.0,2,1482.0,2opt,notBad
17540,2,1482.0,2,1482.0,2opt,notBad
17541,2,1482.0,2,1482.0,swap,improve
17542,2,1482.0,2,1482.0,2opt,notBad
17543,2,1482.0,2,1482.0,move,improve
17544,2,1482.0,2,1482.0,2opt,notBad
17545,2,1482.0,2,1482.0,move,improve
17546,2,1482.0,2,1482.0,move,improve
17547,2,1482.0,2,1482.0,2opt,notBad
17548,2,1482.0,2,1482.0,swap,improve
17549,2,1482.0,2,1482.0,swap,notBad
17550,2,1482.0,2,1482.0,2opt,notBad
17551,2,1482.0,2,1482.0,2opt,notBad
17552,2,1482.0,2,1482.0,move,improve
17553,2,1482.0,2,1482.0,move,improve
17554,2,1482.0,2,1482.0,swap,improve
17555,2,1482.0,2,1482.0,swap,notBad
17556,2,1482.0,2,1482.0,move,improve
17557,2,1482.0,2,1482.0,swap,improve
17558,2,1482.0,2,1482.0,swap,notBad
17559,2,1482.0,2,1482.0,move,improve
17560,2,1482.0,2,1482.0,2opt,notBad
17561,2,1482.0,2,1482.0,swap,improve
17562,2,1482.0,2,1482.0,swap,improve
17563,2,1482.0,2,1482.0,2opt,notBad
17564,2,1482.0,2,1482.0,move,improve
17565,2,1482.0,2,1482.0,swap,improve
17566,2,1482.0,2,1482.0,2opt,notBad
17567,2,1482.0,2,1482.0,swap,improve
17568,2,1482.0,2,1482.0,swap,improve
17569,2,1482.0,2,1482.0,move,improve
17570,2,1482.0,2,1482.0,swap,notBad
17571,2,1482.0,2,1482.0,2opt,notBad
17572,2,1482.0,2,1482.0,swap,notBad
17573,2,1482.0,2,1482.0,2opt,notBad
17574,2,1482.0,2,1482.0,2opt,notBad
17575,2,1482.0,2,1482.0,swap,notBad
17576,2,1482.0,2,1482.0,2opt,notBad
17577,2,1482.0,2,1482.0,move,improve
17578,2,1482.0,2,1482.0,move,improve
17579,2,1482.0,2,1482.0,swap,notBad
17580,2,1482.0,2,1482.0,move,improve
17581,2,1482.0,2,1482.0,move,improve
17582,2,1482.0,2,1482.0,swap,improve
17583,2,1482.0,2,1482.0,move,improve
17584,2,1482.0,2,1482.0,move,improve
17585,2,1482.0,2,1482.0,swap,improve
17586,2,1482.0,2,1482.0,2opt,notBad
17587,2,1482.0,2,1482.0,move,improve
17588,2,1482.0,2,1482.0,move,improve
17589,2,1482.0,2,1482.0,2opt,improve
17590,2,1482.0,2,1482.0,move,improve
17591,2,1482.0,2,1482.0,swap,notBad
17592,2,1482.0,2,1482.0,swap,notBad
17593,2,1482.0,2,1482.0,2opt,notBad
17594,2,1482.0,2,1482.0,2opt,notBad
17595,2,1482.0,2,1482.0,swap,notBad
17596,2,1482.0,2,1482.0,2opt,improve
17597,2,1482.0,2,1482.0,2opt,improve
17598,2,1482.0,2,1482.0,move,improve
17599,2,1482.0,2,1482.0,move,improve
17600,2,1482.0,2,1482.0,2opt,notBad
17601,2,1482.0,2,1482.0,2opt,notBad
17602,2,1482.0,2,1482.0,move,improve
17603,2,1482.0,2,1482.0,move,improve
17604,2,1482.0,2,1482.0,move,improve
17605,2,1482.0,2,1482.0,2opt,notBad
17606,2,1482.0,2,1482.0,move,improve
17607,2,1482.0,2,1482.0,move,improve
17608,2,1482.0,2,1482.0,2opt,notBad
17609,2,1482.0,2,1482.0,2opt,improve
17610,2,1482.0,2,1482.0,2opt,notBad
17611,2,1482.0,2,1482.0,move,improve
17612,2,1482.0,2,1482.0,2opt,notBad
17613,2,1482.0,2,1482.0,swap,improve
17614,2,1482.0,2,1482.0,move,improve
17615,2,1482.0,2,1482.0,swap,notBad
17616,2,1482.0,2,1482.0,swap,improve
17617,2,1482.0,2,1482.0,swap,notBad
17618,2,1482.0,2,1482.0,2opt,notBad
17619,2,1482.0,2,1482.0,move,improve
17620,2,1482.0,2,1482.0,swap,notBad
17621,2,1482.0,2,1482.0,move,improve
17622,2,1482.0,2,1482.0,2opt,notBad
17623,2,1482.0,2,1482.0,2opt,notBad
17624,2,1482.0,2,1482.0,2opt,notBad
17625,2,1482.0,2,1482.0,move,improve
17626,2,1482.0,2,1482.0,2opt,notBad
17627,2,1482.0,2,1482.0,swap,notBad
17628,2,1482.0,2,1482.0,2opt,notBad
17629,2,1482.0,2,1482.0,move,improve
17630,2,1482.0,2,1482.0,move,improve
17631,2,1482.0,2,1482.0,move,improve
17632,2,1482.0,2,1482.0,2opt,notBad
17633,2,1482.0,2,1482.0,2opt,notBad
17634,2,1482.0,2,1482.0,2opt,notBad
17635,2,1482.0,2,1482.0,move,improve
17636,2,1482.0,2,1482.0,move,improve
17637,2,1482.0,2,1482.0,2opt,improve
17638,2,1482.0,2,1482.0,swap,notBad
17639,2,1482.0,2,1482.0,move,improve
17640,2,1482.0,2,1482.0,swap,notBad
17641,2,1482.0,2,1482.0,move,improve
17642,2,1482.0,2,1482.0,swap,notBad
17643,2,1482.0,2,1482.0,move,improve
17644,2,1482.0,2,1482.0,swap,improve
17645,2,1482.0,2,1482.0,move,improve
17646,2,1482.0,2,1482.0,move,improve
17647,2,1482.0,2,1482.0,2opt,notBad
17648,2,1482.0,2,1482.0,2opt,notBad
17649,2,1482.0,2,1482.0,2opt,notBad
17650,2,1482.0,2,1482.0,move,improve
17651,2,1482.0,2,1482.0,move,improve
17652,2,1482.0,2,1482.0,swap,notBad
17653,2,1482.0,2,1482.0,move,improve
17654,2,1482.0,2,1482.0,swap,improve
17655,2,1482.0,2,1482.0,move,improve
17656,2,1482.0,2,1482.0,swap,improve
17657,2,1482.0,2,1482.0,swap,notBad
17658,2,1482.0,2,1482.0,move,improve
17659,2,1482.0,2,1482.0,swap,notBad
17660,2,1482.0,2,1482.0,move,improve
17661,2,1482.0,2,1482.0,swap,improve
17662,2,1482.0,2,1482.0,move,improve
17663,2,1482.0,2,1482.0,2opt,notBad
17664,2,1482.0,2,1482.0,move,improve
17665,2,1482.0,2,1482.0,swap,notBad
17666,2,1482.0,2,1482.0,swap,improve
17667,2,1482.0,2,1482.0,swap,notBad
17668,2,1482.0,2,1482.0,swap,notBad
17669,2,1482.0,2,1482.0,swap,notBad
17670,2,1482.0,2,1482.0,swap,improve
17671,2,1482.0,2,1482.0,2opt,notBad
17672,2,1482.0,2,1482.0,2opt,notBad
17673,2,1482.0,2,1482.0,2opt,notBad
17674,2,1482.0,2,1482.0,move,improve
17675,2,1482.0,2,1482.0,move,improve
17676,2,1482.0,2,1482.0,swap,notBad
17677,2,1482.1,2,1482.0,swap,acceptBad
17678,2,1482.1,2,1482.0,2opt,notBad
17679,2,1482.1,2,1482.0,move,improve
17680,2,1482.1,2,1482.0,swap,notBad
17681,2,1482.1,2,1482.0,move,improve
17682,2,1482.1,2,1482.0,move,improve
17683,2,1482.1,2,1482.0,2opt,notBad
17684,2,1482.1,2,1482.0,move,improve
17685,2,1482.1,2,1482.0,2opt,notBad
17686,2,1482.1,2,1482.0,swap,notBad
17687,2,1482.1,2,1482.0,swap,improve
17688,2,1482.1,2,1482.0,2opt,notBad
17689,2,1482.1,2,1482.0,move,improve
17690,2,1482.1,2,1482.0,swap,notBad
17691,2,1482.0,2,1482.0,move,improve
17692,2,1482.0,2,1482.0,2opt,notBad
17693,2,1482.0,2,1482.0,move,improve
17694,2,1482.0,2,1482.0,move,improve
17695,2,1482.0,2,1482.0,swap,improve
17696,2,1482.0,2,1482.0,swap,notBad
17697,2,1482.0,2,1482.0,move,improve
17698,2,1482.0,2,1482.0,swap,improve
17699,2,1482.0,2,1482.0,move,improve
17700,2,1482.0,2,1482.0,2opt,notBad
17701,2,1482.0,2,1482.0,swap,improve
17702,2,1482.0,2,1482.0,swap,notBad
17703,2,1482.0,2,1482.0,2opt,notBad
17704,2,1482.0,2,1482.0,move,improve
17705,2,1482.0,2,1482.0,2opt,notBad
17706,2,1482.0,2,1482.0,move,improve
17707,2,1482.0,2,1482.0,move,improve
17708,2,1482.0,2,1482.0,move,improve
17709,2,1482.0,2,1482.0,2opt,notBad
17710,2,1482.0,2,1482.0,2opt,notBad
17711,2,1482.0,2,1482.0,move,improve
17712,2,1482.0,2,1482.0,2opt,notBad
17713,2,1482.0,2,1482.0,2opt,notBad
17714,2,1482.0,2,1482.0,2opt,notBad
17715,2,1482.0,2,1482.0,2opt,notBad
17716,2,1482.0,2,1482.0,swap,improve
17717,2,1482.0,2,1482.0,move,improve
17718,2,1482.0,2,1482.0,2opt,notBad
17719,2,1482.0,2,1482.0,swap,notBad
17720,2,1482.0,2,1482.0,swap,notBad
17721,2,1482.0,2,1482.0,swap,notBad
17722,2,1482.0,2,1482.0,move,improve
17723,2,1482.0,2,1482.0,2opt,notBad
17724,2,1482.0,2,1482.0,move,improve
17725,2,1482.0,2,1482.0,2opt,notBad
17726,2,1482.0,2,1482.0,2opt,notBad
17727,2,1482.0,2,1482.0,swap,improve
17728,2,1482.0,2,1482.0,2opt,notBad
17729,2,1482.0,2,1482.0,move,improve
17730,2,1482.0,2,1482.0,2opt,notBad
17731,2,1482.0,2,1482.0,move,improve
17732,2,1482.0,2,1482.0,swap,improve
17733,2,1482.0,2,1482.0,move,improve
17734,2,1482.0,2,1482.0,move,improve
17735,2,1482.0,2,1482.0,swap,improve
17736,2,1482.0,2,1482.0,move,improve
17737,2,1482.0,2,1482.0,swap,improve
17738,2,1482.0,2,1482.0,2opt,notBad
17739,2,1482.0,2,1482.0,move,improve
17740,2,1482.0,2,1482.0,2opt,notBad
17741,2,1482.0,2,1482.0,swap,notBad
17742,2,1482.0,2,1482.0,2opt,notBad
17743,2,1482.0,2,1482.0,move,improve
17744,2,1482.0,2,1482.0,move,improve
17745,2,1482.0,2,1482.0,swap,improve
17746,2,1482.0,2,1482.0,2opt,notBad
17747,2,1482.0,2,1482.0,move,improve
17748,2,1482.0,2,1482.0,2opt,notBad
17749,2,1482.0,2,1482.0,move,improve
17750,2,1482.0,2,1482.0,move,improve
17751,2,1482.0,2,1482.0,swap,improve
17752,2,1482.0,2,1482.0,move,improve
17753,2,1482.0,2,1482.0,swap,improve
17754,2,1482.0,2,1482.0,swap,notBad
17755,2,1482.0,2,1482.0,move,improve
17756,2,1482.0,2,1482.0,swap,improve
17757,2,1482.0,2,1482.0,move,improve
17758,2,1482.0,2,1482.0,move,improve
17759,2,1482.0,2,1482.0,2opt,notBad
17760,2,1482.0,2,1482.0,2opt,notBad
17761,2,1482.0,2,1482.0,move,improve
17762,2,1482.0,2,1482.0,move,improve
17763,2,1482.0,2,1482.0,swap,notBad
17764,2,1482.0,2,1482.0,swap,notBad
17765,2,1482.0,2,1482.0,2opt,notBad
17766,2,1482.0,2,1482.0,2opt,improve
17767,2,1482.0,2,1482.0,move,improve
17768,2,1482.0,2,1482.0,move,improve
17769,2,1482.0,2,1482.0,2opt,notBad
17770,2,1482.0,2,1482.0,move,improve
17771,2,1482.0,2,1482.0,2opt,notBad
17772,2,1482.0,2,1482.0,move,improve
17773,2,1482.0,2,1482.0,swap,improve
17774,2,1482.0,2,1482.0,swap,notBad
17775,2,1482.0,2,1482.0,swap,notBad
17776,2,1482.0,2,1482.0,move,improve
17777,2,1482.0,2,1482.0,swap,notBad
17778,2,1482.0,2,1482.0,swap,notBad
17779,2,1482.0,2,1482.0,move,improve
17780,2,1482.0,2,1482.0,swap,improve
17781,2,1482.0,2,1482.0,2opt,notBad
17782,2,1482.0,2,1482.0,2opt,improve
17783,2,1482.0,2,1482.0,2opt,notBad
17784,2,1482.0,2,1482.0,move,improve
17785,2,1482.0,2,1482.0,swap,improve
17786,2,1482.0,2,1482.0,swap,notBad
17787,2,1482.0,2,1482.0,2opt,notBad
17788,2,1482.0,2,1482.0,swap,improve
17789,2,1482.0,2,1482.0,2opt,notBad
17790,2,1482.0,2,1482.0,move,improve
17791,2,1482.0,2,1482.0,swap,notBad
17792,2,1482.0,2,1482.0,move,improve
17793,2,1482.0,2,1482.0,2opt,notBad
17794,2,1482.0,2,1482.0,swap,improve
17795,2,1482.0,2,1482.0,swap,improve
17796,2,1482.0,2,1482.0,2opt,notBad
17797,2,1482.0,2,1482.0,swap,notBad
17798,2,1482.0,2,1482.0,move,improve
17799,2,1482.0,2,1482.0,move,improve
17800,2,1482.0,2,1482.0,2opt,notBad
17801,2,1482.0,2,1482.0,swap,improve
17802,2,1482.0,2,1482.0,swap,notBad
17803,2,1482.0,2,1482.0,swap,improve
17804,2,1482.0,2,1482.0,2opt,notBad
17805,2,1482.0,2,1482.0,swap,improve
17806,2,1482.0,2,1482.0,swap,notBad
17807,2,1482.0,2,1482.0,move,improve
17808,2,1482.0,2,1482.0,2opt,notBad
17809,2,1482.0,2,1482.0,swap,notBad
17810,2,1482.0,2,1482.0,move,improve
17811,2,1482.0,2,1482.0,2opt,improve
17812,2,1482.0,2,1482.0,move,improve
17813,2,1482.0,2,1482.0,move,improve
17814,2,1482.0,2,1482.0,swap,notBad
17815,2,1482.0,2,1482.0,move,improve
17816,2,1482.0,2,1482.0,2opt,notBad
17817,2,1482.0,2,1482.0,move,improve
17818,2,1482.0,2,1482.0,move,improve
17819,2,1482.0,2,1482.0,swap,notBad
17820,2,1482.0,2,1482.0,move,improve
17821,2,1482.0,2,1482.0,2opt,notBad
17822,2,1482.0,2,1482.0,move,improve
17823,2,1482.0,2,1482.0,2opt,notBad
17824,2,1482.0,2,1482.0,move,improve
17825,2,1482.0,2,1482.0,2opt,notBad
17826,2,1482.0,2,1482.0,swap,improve
17827,2,1482.0,2,1482.0,move,improve
17828,2,1482.0,2,1482.0,swap,notBad
17829,2,1482.0,2,1482.0,move,improve
17830,2,1482.0,2,1482.0,move,improve
17831,2,1482.0,2,1482.0,2opt,notBad
17832,2,1482.0,2,1482.0,move,improve
17833,2,1482.0,2,1482.0,move,improve
17834,2,1482.0,2,1482.0,swap,improve
17835,2,1482.0,2,1482.0,2opt,notBad
17836,2,1482.0,2,1482.0,swap,notBad
17837,2,1482.0,2,1482.0,swap,improve
17838,2,1482.0,2,1482.0,swap,improve
17839,2,1482.0,2,1482.0,swap,improve
17840,2,1482.0,2,1482.0,2opt,notBad
17841,2,1482.0,2,1482.0,2opt,notBad
17842,2,1482.0,2,1482.0,swap,notBad
17843,2,1482.0,2,1482.0,2opt,notBad
17844,2,1482.0,2,1482.0,move,improve
17845,2,1482.0,2,1482.0,move,improve
17846,2,1482.0,2,1482.0,move,improve
17847,2,1482.0,2,1482.0,2opt,notBad
17848,2,1482.0,2,1482.0,swap,notBad
17849,2,1482.0,2,1482.0,2opt,notBad
17850,2,1482.0,2,1482.0,move,improve
17851,2,1482.0,2,1482.0,2opt,notBad
17852,2,1482.0,2,1482.0,move,improve
17853,2,1482.0,2,1482.0,move,improve
17854,2,1482.0,2,1482.0,move,improve
17855,2,1482.0,2,1482.0,swap,improve
17856,2,1482.0,2,1482.0,swap,notBad
17857,2,1482.0,2,1482.0,move,improve
17858,2,1482.0,2,1482.0,swap,notBad
17859,2,1482.0,2,1482.0,move,improve
17860,2,1482.0,2,1482.0,move,improve
17861,2,1482.0,2,1482.0,swap,notBad
17862,2,1482.0,2,1482.0,2opt,notBad
17863,2,1482.0,2,1482.0,swap,improve
17864,2,1482.0,2,1482.0,move,improve
17865,2,1482.0,2,1482.0,swap,notBad
17866,2,1482.0,2,1482.0,move,improve
17867,2,1482.0,2,1482.0,2opt,notBad
17868,2,1482.0,2,1482.0,2opt,notBad
17869,2,1482.0,2,1482.0,swap,notBad
17870,2,1482.0,2,1482.0,swap,notBad
17871,2,1482.0,2,1482.0,move,improve
17872,2,1482.0,2,1482.0,2opt,notBad
17873,2,1482.0,2,1482.0,swap,improve
17874,2,1482.0,2,1482.0,swap,improve
17875,2,1482.0,2,1482.0,swap,improve
17876,2,1482.0,2,1482.0,move,improve
17877,2,1482.0,2,1482.0,swap,notBad
17878,2,1482.0,2,1482.0,2opt,notBad
17879,2,1482.0,2,1482.0,2opt,notBad
17880,2,1482.0,2,1482.0,2opt,notBad
17881,2,1482.0,2,1482.0,swap,improve
17882,2,1482.0,2,1482.0,move,improve
17883,2,1482.0,2,1482.0,2opt,notBad
17884,2,1482.0,2,1482.0,2opt,notBad
17885,2,1482.0,2,1482.0,move,improve
17886,2,1482.0,2,1482.0,move,improve
17887,2,1482.0,2,1482.0,swap,notBad
17888,2,1482.0,2,1482.0,2opt,notBad
17889,2,1482.0,2,1482.0,swap,improve
17890,2,1482.0,2,1482.0,swap,improve
17891,2,1482.0,2,1482.0,swap,notBad
17892,2,1482.0,2,1482.0,2opt,notBad
17893,2,1482.0,2,1482.0,2opt,notBad
17894,2,1482.0,2,1482.0,2opt,notBad
17895,2,1482.0,2,1482.0,swap,notBad
17896,2,1482.0,2,1482.0,swap,notBad
17897,2,1482.0,2,1482.0,2opt,notBad
17898,2,1482.0,2,1482.0,move,improve
17899,2,1482.0,2,1482.0,2opt,notBad
17900,2,1482.0,2,1482.0,move,improve
17901,2,1482.0,2,1482.0,move,improve
17902,2,1482.0,2,1482.0,swap,improve
17903,2,1482.0,2,1482.0,move,improve
17904,2,1482.0,2,1482.0,swap,improve
17905,2,1482.0,2,1482.0,2opt,notBad
17906,2,1482.0,2,1482.0,move,improve
17907,2,1482.0,2,1482.0,swap,improve
17908,2,1482.0,2,1482.0,2opt,notBad
17909,2,1482.0,2,1482.0,2opt,notBad
17910,2,1482.0,2,1482.0,swap,notBad
17911,2,1482.0,2,1482.0,2opt,notBad
17912,2,1482.0,2,1482.0,swap,notBad
17913,2,1482.0,2,1482.0,2opt,notBad
17914,2,1482.0,2,1482.0,2opt,notBad
17915,2,1482.0,2,1482.0,2opt,notBad
17916,2,1482.0,2,1482.0,2opt,notBad
17917,2,1482.0,2,1482.0,swap,improve
17918,2,1482.0,2,1482.0,swap,improve
17919,2,1482.0,2,1482.0,2opt,notBad
17920,2,1482.0,2,1482.0,swap,notBad
17921,2,1482.0,2,1482.0,swap,improve
17922,2,1482.0,2,1482.0,move,improve
17923,2,1482.0,2,1482.0,move,improve
17924,2,1482.0,2,1482.0,2opt,notBad
17925,2,1482.0,2,1482.0,2opt,notBad
17926,2,1482.0,2,1482.0,swap,notBad
17927,2,1482.0,2,1482.0,2opt,notBad
17928,2,1482.0,2,1482.0,move,improve
17929,2,1482.0,2,1482.0,2opt,notBad
17930,2,1482.0,2,1482.0,swap,notBad
17931,2,1482.0,2,1482.0,2opt,notBad
17932,2,1482.0,2,1482.0,swap,notBad
17933,2,1482.0,2,1482.0,move,improve
17934,2,1482.0,2,1482.0,move,improve
17935,2,1482.0,2,1482.0,swap,improve
17936,2,1482.0,2,1482.0,2opt,notBad
17937,2,1482.0,2,1482.0,move,improve
17938,2,1482.0,2,1482.0,swap,notBad
17939,2,1482.0,2,1482.0,swap,notBad
17940,2,1482.0,2,1482.0,swap,notBad
17941,2,1482.0,2,1482.0,2opt,notBad
17942,2,1482.0,2,1482.0,swap,improve
17943,2,1482.0,2,1482.0,2opt,notBad
17944,2,1482.0,2,1482.0,2opt,notBad
17945,2,1482.0,2,1482.0,2opt,notBad
17946,2,1482.0,2,1482.0,2opt,notBad
17947,2,1482.0,2,1482.0,move,improve
17948,2,1482.0,2,1482.0,move,improve
17949,2,1482.0,2,1482.0,2opt,notBad
17950,2,1482.0,2,1482.0,swap,notBad
17951,2,1482.0,2,1482.0,2opt,notBad
17952,2,1482.0,2,1482.0,2opt,notBad
17953,2,1482.0,2,1482.0,move,improve
17954,2,1482.0,2,1482.0,move,improve
17955,2,1482.0,2,1482.0,2opt,improve
17956,2,1482.0,2,1482.0,move,improve
17957,2,1482.0,2,1482.0,swap,notBad
17958,2,1482.0,2,1482.0,2opt,notBad
17959,2,1482.0,2,1482.0,2opt,notBad
17960,2,1482.0,2,1482.0,move,improve
17961,2,1482.0,2,1482.0,2opt,notBad
17962,2,1482.0,2,1482.0,swap,notBad
17963,2,1482.0,2,1482.0,move,improve
17964,2,1482.0,2,1482.0,move,improve
17965,2,1482.0,2,1482.0,2opt,notBad
17966,2,1482.0,2,1482.0,2opt,notBad
17967,2,1482.0,2,1482.0,2opt,notBad
17968,2,1482.0,2,1482.0,move,improve
17969,2,1482.0,2,1482.0,2opt,notBad
17970,2,1482.0,2,1482.0,2opt,notBad
17971,2,1482.0,2,1482.0,swap,notBad
17972,2,1482.0,2,1482.0,2opt,notBad
17973,2,1482.0,2,1482.0,2opt,notBad
17974,2,1482.0,2,1482.0,2opt,notBad
17975,2,1482.0,2,1482.0,2opt,notBad
17976,2,1482.0,2,1482.0,swap,notBad
17977,2,1482.0,2,1482.0,2opt,notBad
17978,2,1482.0,2,1482.0,move,improve
17979,2,1482.0,2,1482.0,2opt,notBad
17980,2,1482.0,2,1482.0,move,improve
17981,2,1482.0,2,1482.0,swap,notBad
17982,2,1482.0,2,1482.0,move,improve
17983,2,1482.0,2,1482.0,2opt,notBad
17984,2,1482.0,2,1482.0,swap,notBad
17985,2,1482.0,2,1482.0,2opt,improve
17986,2,1482.0,2,1482.0,move,improve
17987,2,1482.0,2,1482.0,move,improve
17988,2,1482.0,2,1482.0,move,improve
17989,2,1482.0,2,1482.0,move,improve
17990,2,1482.0,2,1482.0,swap,notBad
17991,2,1482.0,2,1482.0,2opt,notBad
17992,2,1482.0,2,1482.0,swap,notBad
17993,2,1482.0,2,1482.0,move,improve
17994,2,1482.0,2,1482.0,move,improve
17995,2,1482.0,2,1482.0,swap,notBad
17996,2,1482.0,2,1482.0,swap,improve
17997,2,1482.0,2,1482.0,2opt,notBad
17998,2,1482.0,2,1482.0,swap,improve
17999,2,1482.0,2,1482.0,move,improve
18000,2,1482.0,2,1482.0,swap,improve
18001,2,1482.0,2,1482.0,move,improve
18002,2,1482.0,2,1482.0,2opt,notBad
18003,2,1482.0,2,1482.0,move,improve
18004,2,1482.0,2,1482.0,2opt,notBad
18005,2,1482.0,2,1482.0,2opt,notBad
18006,2,1482.0,2,1482.0,move,improve
18007,2,1482.0,2,1482.0,move,improve
18008,2,1482.0,2,1482.0,2opt,notBad
18009,2,1482.0,2,1482.0,move,improve
18010,2,1482.0,2,1482.0,swap,notBad
18011,2,1482.0,2,1482.0,2opt,notBad
18012,2,1482.0,2,1482.0,2opt,notBad
18013,2,1482.0,2,1482.0,2opt,notBad
18014,2,1482.0,2,1482.0,swap,notBad
18015,2,1482.0,2,1482.0,2opt,notBad
18016,2,1482.0,2,1482.0,move,improve
18017,2,1482.0,2,1482.0,2opt,notBad
18018,2,1482.0,2,1482.0,move,improve
18019,2,1482.0,2,1482.0,2opt,notBad
18020,2,1482.0,2,1482.0,swap,notBad
18021,2,1482.0,2,1482.0,swap,improve
18022,2,1482.0,2,1482.0,2opt,notBad
18023,2,1482.0,2,1482.0,2opt,notBad
18024,2,1482.0,2,1482.0,swap,improve
18025,2,1482.0,2,1482.0,move,improve
18026,2,1482.0,2,1482.0,swap,notBad
18027,2,1482.0,2,1482.0,2opt,notBad
18028,2,1482.0,2,1482.0,move,improve
18029,2,1482.0,2,1482.0,2opt,notBad
18030,2,1482.0,2,1482.0,move,improve
18031,2,1482.0,2,1482.0,2opt,notBad
18032,2,1482.0,2,1482.0,2opt,notBad
18033,2,1482.0,2,1482.0,swap,notBad
18034,2,1482.0,2,1482.0,swap,notBad
18035,2,1482.0,2,1482.0,swap,improve
18036,2,1482.0,2,1482.0,swap,notBad
18037,2,1482.0,2,1482.0,move,improve
18038,2,1482.0,2,1482.0,move,improve
18039,2,1482.0,2,1482.0,swap,improve
18040,2,1482.0,2,1482.0,move,improve
18041,2,1482.0,2,1482.0,2opt,notBad
18042,2,1482.0,2,1482.0,2opt,notBad
18043,2,1482.0,2,1482.0,2opt,notBad
18044,2,1482.0,2,1482.0,swap,notBad
18045,2,1482.0,2,1482.0,move,improve
18046,2,1482.0,2,1482.0,move,improve
18047,2,1482.0,2,1482.0,swap,notBad
18048,2,1482.0,2,1482.0,2opt,notBad
18049,2,1482.0,2,1482.0,swap,notBad
18050,2,1482.0,2,1482.0,move,improve
18051,2,1482.0,2,1482.0,2opt,notBad
18052,2,1482.0,2,1482.0,swap,notBad
18053,2,1482.0,2,1482.0,swap,notBad
18054,2,1482.0,2,1482.0,swap,notBad
18055,2,1482.0,2,1482.0,swap,notBad
18056,2,1482.0,2,1482.0,2opt,notBad
18057,2,1482.0,2,1482.0,move,improve
18058,2,1482.1,2,1482.0,swap,acceptBad
18059,2,1482.1,2,1482.0,2opt,notBad
18060,2,1482.1,2,1482.0,2opt,notBad
18061,2,1482.1,2,1482.0,2opt,notBad
18062,2,1482.1,2,1482.0,swap,improve
18063,2,1482.1,2,1482.0,move,improve
18064,2,1482.1,2,1482.0,swap,improve
18065,2,1482.1,2,1482.0,swap,improve
18066,2,1482.1,2,1482.0,swap,improve
18067,2,1482.1,2,1482.0,2opt,notBad
18068,2,1482.1,2,1482.0,2opt,notBad
18069,2,1482.1,2,1482.0,swap,notBad
18070,2,1482.1,2,1482.0,move,improve
18071,2,1482.1,2,1482.0,move,improve
18072,2,1482.1,2,1482.0,swap,notBad
18073,2,1482.1,2,1482.0,move,improve
18074,2,1482.1,2,1482.0,swap,notBad
18075,2,1482.1,2,1482.0,swap,improve
18076,2,1482.1,2,1482.0,swap,notBad
18077,2,1482.1,2,1482.0,2opt,notBad
18078,2,1482.4,2,1482.0,move,acceptBad
18079,2,1482.4,2,1482.0,move,improve
18080,2,1482.4,2,1482.0,2opt,improve
18081,2,1482.4,2,1482.0,2opt,notBad
18082,2,1482.4,2,1482.0,2opt,notBad
18083,2,1482.4,2,1482.0,move,improve
18084,2,1482.4,2,1482.0,swap,improve
18085,2,1482.4,2,1482.0,2opt,notBad
18086,2,1482.4,2,1482.0,move,improve
18087,2,1482.4,2,1482.0,move,improve
18088,2,1482.4,2,1482.0,move,improve
18089,2,1482.4,2,1482.0,swap,improve
18090,2,1482.4,2,1482.0,2opt,notBad
18091,2,1482.4,2,1482.0,swap,notBad
18092,2,1482.4,2,1482.0,move,improve
18093,2,1482.4,2,1482.0,move,improve
18094,2,1482.4,2,1482.0,swap,notBad
18095,2,1482.4,2,1482.0,swap,notBad
18096,2,1482.4,2,1482.0,2opt,notBad
18097,2,1482.4,2,1482.0,move,improve
18098,2,1482.4,2,1482.0,move,improve
18099,2,1482.4,2,1482.0,move,improve
18100,2,1482.4,2,1482.0,2opt,notBad
18101,2,1482.4,2,1482.0,move,improve
18102,2,1482.4,2,1482.0,move,improve
18103,2,1482.4,2,1482.0,move,improve
18104,2,1482.4,2,1482.0,2opt,notBad
18105,2,1482.4,2,1482.0,swap,notBad
18106,2,1482.4,2,1482.0,move,improve
18107,2,1482.4,2,1482.0,move,improve
18108,2,1482.4,2,1482.0,move,improve
18109,2,1482.3000000000002,2,1482.0,move,improve
18110,2,1482.3000000000002,2,1482.0,swap,notBad
18111,2,1482.3000000000002,2,1482.0,swap,notBad
18112,2,1482.3000000000002,2,1482.0,swap,notBad
18113,2,1482.3000000000002,2,1482.0,2opt,notBad
18114,2,1482.3000000000002,2,1482.0,2opt,notBad
18115,2,1482.3000000000002,2,1482.0,move,improve
18116,2,1482.3000000000002,2,1482.0,move,improve
18117,2,1482.3000000000002,2,1482.0,swap,notBad
18118,2,1482.3000000000002,2,1482.0,2opt,notBad
18119,2,1482.3000000000002,2,1482.0,move,improve
18120,2,1482.3000000000002,2,1482.0,move,improve
18121,2,1482.3000000000002,2,1482.0,2opt,notBad
18122,2,1482.3000000000002,2,1482.0,swap,notBad
18123,2,1482.3000000000002,2,1482.0,swap,notBad
18124,2,1482.3000000000002,2,1482.0,2opt,notBad
18125,2,1482.3000000000002,2,1482.0,2opt,notBad
18126,2,1482.3000000000002,2,1482.0,2opt,notBad
18127,2,1482.3000000000002,2,1482.0,swap,improve
18128,2,1482.3000000000002,2,1482.0,swap,notBad
18129,2,1482.3000000000002,2,1482.0,2opt,improve
18130,2,1482.3000000000002,2,1482.0,move,improve
18131,2,1482.3000000000002,2,1482.0,swap,notBad
18132,2,1482.3000000000002,2,1482.0,swap,improve
18133,2,1482.3000000000002,2,1482.0,2opt,notBad
18134,2,1482.3000000000002,2,1482.0,swap,notBad
18135,2,1482.3000000000002,2,1482.0,2opt,notBad
18136,2,1482.3000000000002,2,1482.0,move,improve
18137,2,1482.3000000000002,2,1482.0,swap,improve
18138,2,1482.3000000000002,2,1482.0,2opt,improve
18139,2,1482.3000000000002,2,1482.0,2opt,notBad
18140,2,1482.3000000000002,2,1482.0,swap,improve
18141,2,1482.3000000000002,2,1482.0,swap,notBad
18142,2,1482.3000000000002,2,1482.0,swap,improve
18143,2,1482.3000000000002,2,1482.0,2opt,notBad
18144,2,1482.3000000000002,2,1482.0,2opt,notBad
18145,2,1482.3000000000002,2,1482.0,swap,notBad
18146,2,1482.3000000000002,2,1482.0,move,improve
18147,2,1482.3000000000002,2,1482.0,swap,notBad
18148,2,1482.3000000000002,2,1482.0,move,improve
18149,2,1482.3000000000002,2,1482.0,move,improve
18150,2,1482.3000000000002,2,1482.0,swap,notBad
18151,2,1482.3000000000002,2,1482.0,move,improve
18152,2,1482.3000000000002,2,1482.0,2opt,notBad
18153,2,1482.3000000000002,2,1482.0,move,improve
18154,2,1482.3000000000002,2,1482.0,move,improve
18155,2,1482.3000000000002,2,1482.0,2opt,notBad
18156,2,1482.3000000000002,2,1482.0,swap,notBad
18157,2,1482.3000000000002,2,1482.0,move,improve
18158,2,1482.3000000000002,2,1482.0,move,improve
18159,2,1482.3000000000002,2,1482.0,2opt,notBad
18160,2,1482.3000000000002,2,1482.0,move,improve
18161,2,1482.3000000000002,2,1482.0,move,improve
18162,2,1482.3000000000002,2,1482.0,move,improve
18163,2,1482.3000000000002,2,1482.0,swap,improve
18164,2,1482.3000000000002,2,1482.0,2opt,notBad
18165,2,1482.3000000000002,2,1482.0,2opt,notBad
18166,2,1482.3000000000002,2,1482.0,swap,notBad
18167,2,1482.3000000000002,2,1482.0,swap,improve
18168,2,1482.0,2,1482.0,swap,improve
18169,2,1482.0,2,1482.0,move,improve
18170,2,1482.0,2,1482.0,move,improve
18171,2,1482.0,2,1482.0,2opt,notBad
18172,2,1482.0,2,1482.0,move,improve
18173,2,1482.0,2,1482.0,swap,notBad
18174,2,1482.0,2,1482.0,move,improve
18175,2,1482.0,2,1482.0,2opt,notBad
18176,2,1482.0,2,1482.0,2opt,notBad
18177,2,1482.1,2,1482.0,swap,acceptBad
18178,2,1482.1,2,1482.0,2opt,notBad
18179,2,1482.1,2,1482.0,2opt,notBad
18180,2,1482.1,2,1482.0,2opt,notBad
18181,2,1482.1,2,1482.0,swap,notBad
18182,2,1482.1,2,1482.0,2opt,notBad
18183,2,1482.1,2,1482.0,2opt,notBad
18184,2,1482.1,2,1482.0,move,improve
18185,2,1482.1,2,1482.0,move,improve
18186,2,1482.1,2,1482.0,2opt,notBad
18187,2,1482.1,2,1482.0,2opt,improve
18188,2,1482.1,2,1482.0,swap,notBad
18189,2,1482.1,2,1482.0,move,improve
18190,2,1482.1,2,1482.0,2opt,notBad
18191,2,1482.1,2,1482.0,move,improve
18192,2,1482.1,2,1482.0,move,improve
18193,2,1482.1,2,1482.0,2opt,notBad
18194,2,1482.1,2,1482.0,2opt,notBad
18195,2,1482.1,2,1482.0,move,improve
18196,2,1482.1,2,1482.0,2opt,notBad
18197,2,1482.1,2,1482.0,2opt,improve
18198,2,1482.1,2,1482.0,2opt,notBad
18199,2,1482.1,2,1482.0,swap,notBad
18200,2,1482.1,2,1482.0,2opt,notBad
18201,2,1482.1,2,1482.0,swap,notBad
18202,2,1482.1,2,1482.0,swap,notBad
18203,2,1482.1,2,1482.0,swap,notBad
18204,2,1482.1,2,1482.0,2opt,notBad
18205,2,1482.1,2,1482.0,2opt,notBad
18206,2,1482.1,2,1482.0,2opt,notBad
18207,2,1482.1,2,1482.0,2opt,notBad
18208,2,1482.1,2,1482.0,2opt,notBad
18209,2,1482.1,2,1482.0,2opt,notBad
18210,2,1482.1,2,1482.0,move,improve
18211,2,1482.1,2,1482.0,move,improve
18212,2,1482.1,2,1482.0,move,improve
18213,2,1482.1,2,1482.0,swap,improve
18214,2,1482.1,2,1482.0,move,improve
18215,2,1482.1,2,1482.0,swap,notBad
18216,2,1482.4,2,1482.0,move,acceptBad
18217,2,1482.4,2,1482.0,move,improve
18218,2,1482.4,2,1482.0,swap,improve
18219,2,1482.4,2,1482.0,2opt,notBad
18220,2,1482.4,2,1482.0,move,improve
18221,2,1482.4,2,1482.0,move,improve
18222,2,1482.4,2,1482.0,move,improve
18223,2,1482.4,2,1482.0,swap,notBad
18224,2,1482.4,2,1482.0,swap,improve
18225,2,1482.4,2,1482.0,swap,improve
18226,2,1482.4,2,1482.0,swap,improve
18227,2,1482.4,2,1482.0,move,improve
18228,2,1482.4,2,1482.0,move,improve
18229,2,1482.4,2,1482.0,2opt,improve
18230,2,1482.4,2,1482.0,move,improve
18231,2,1482.4,2,1482.0,move,improve
18232,2,1482.4,2,1482.0,move,improve
18233,2,1482.4,2,1482.0,move,improve
18234,2,1482.4,2,1482.0,2opt,notBad
18235,2,1482.4,2,1482.0,swap,notBad
18236,2,1482.4,2,1482.0,swap,notBad
18237,2,1482.4,2,1482.0,2opt,notBad
18238,2,1482.4,2,1482.0,2opt,notBad
18239,2,1482.4,2,1482.0,swap,improve
18240,2,1482.4,2,1482.0,swap,notBad
18241,2,1482.4,2,1482.0,swap,notBad
18242,2,1482.4,2,1482.0,2opt,notBad
18243,2,1482.4,2,1482.0,2opt,notBad
18244,2,1482.4,2,1482.0,2opt,notBad
18245,2,1482.4,2,1482.0,swap,improve
18246,2,1482.4,2,1482.0,2opt,notBad
18247,2,1482.4,2,1482.0,2opt,notBad
18248,2,1482.4,2,1482.0,move,improve
18249,2,1482.4,2,1482.0,move,improve
18250,2,1482.4,2,1482.0,2opt,improve
18251,2,1482.4,2,1482.0,swap,notBad
18252,2,1482.4,2,1482.0,2opt,notBad
18253,2,1482.4,2,1482.0,2opt,improve
18254,2,1482.4,2,1482.0,2opt,notBad
18255,2,1482.4,2,1482.0,swap,notBad
18256,2,1482.4,2,1482.0,2opt,notBad
18257,2,1482.4,2,1482.0,move,improve
18258,2,1482.4,2,1482.0,2opt,notBad
18259,2,1482.4,2,1482.0,swap,improve
18260,2,1482.4,2,1482.0,2opt,notBad
18261,2,1482.4,2,1482.0,swap,notBad
18262,2,1482.4,2,1482.0,swap,notBad
18263,2,1482.4,2,1482.0,move,improve
18264,2,1482.4,2,1482.0,2opt,notBad
18265,2,1482.4,2,1482.0,2opt,notBad
18266,2,1482.4,2,1482.0,swap,improve
18267,2,1482.4,2,1482.0,2opt,improve
18268,2,1482.4,2,1482.0,swap,improve
18269,2,1482.4,2,1482.0,swap,improve
18270,2,1482.4,2,1482.0,swap,notBad
18271,2,1482.4,2,1482.0,2opt,notBad
18272,2,1482.4,2,1482.0,2opt,notBad
18273,2,1482.4,2,1482.0,move,improve
18274,2,1482.4,2,1482.0,move,improve
18275,2,1482.4,2,1482.0,swap,notBad
18276,2,1482.4,2,1482.0,2opt,notBad
18277,2,1482.4,2,1482.0,swap,improve
18278,2,1482.4,2,1482.0,swap,improve
18279,2,1482.4,2,1482.0,2opt,notBad
18280,2,1482.4,2,1482.0,swap,notBad
18281,2,1482.4,2,1482.0,swap,notBad
18282,2,1482.4,2,1482.0,2opt,notBad
18283,2,1482.4,2,1482.0,move,improve
18284,2,1482.4,2,1482.0,swap,notBad
18285,2,1482.4,2,1482.0,swap,improve
18286,2,1482.4,2,1482.0,swap,improve
18287,2,1482.4,2,1482.0,move,improve
18288,2,1482.4,2,1482.0,2opt,notBad
18289,2,1482.4,2,1482.0,swap,improve
18290,2,1482.4,2,1482.0,move,improve
18291,2,1482.4,2,1482.0,swap,notBad
18292,2,1482.4,2,1482.0,swap,improve
18293,2,1482.4,2,1482.0,2opt,improve
18294,2,1482.4,2,1482.0,swap,improve
18295,2,1482.4,2,1482.0,2opt,notBad
18296,2,1482.4,2,1482.0,swap,improve
18297,2,1482.4,2,1482.0,2opt,improve
18298,2,1482.4,2,1482.0,move,improve
18299,2,1482.4,2,1482.0,move,improve
18300,2,1482.4,2,1482.0,2opt,improve
18301,2,1482.4,2,1482.0,2opt,improve
18302,2,1482.4,2,1482.0,swap,notBad
18303,2,1482.4,2,1482.0,move,improve
18304,2,1482.4,2,1482.0,move,improve
18305,2,1482.4,2,1482.0,swap,improve
18306,2,1482.4,2,1482.0,2opt,notBad
18307,2,1482.4,2,1482.0,move,improve
18308,2,1482.4,2,1482.0,2opt,notBad
18309,2,1482.4,2,1482.0,2opt,notBad
18310,2,1482.4,2,1482.0,move,improve
18311,2,1482.4,2,1482.0,2opt,notBad
18312,2,1482.4,2,1482.0,move,improve
18313,2,1482.4,2,1482.0,2opt,notBad
18314,2,1482.4,2,1482.0,2opt,notBad
18315,2,1482.4,2,1482.0,move,improve
18316,2,1482.4,2,1482.0,2opt,notBad
18317,2,1482.4,2,1482.0,swap,notBad
18318,2,1482.4,2,1482.0,move,improve
18319,2,1482.4,2,1482.0,swap,notBad
18320,2,1482.4,2,1482.0,move,improve
18321,2,1482.4,2,1482.0,2opt,notBad
18322,2,1482.4,2,1482.0,2opt,notBad
18323,2,1482.4,2,1482.0,move,improve
18324,2,1482.4,2,1482.0,2opt,notBad
18325,2,1482.4,2,1482.0,swap,notBad
18326,2,1482.4,2,1482.0,2opt,notBad
18327,2,1482.4,2,1482.0,move,improve
18328,2,1482.4,2,1482.0,swap,notBad
18329,2,1482.4,2,1482.0,move,improve
18330,2,1482.4,2,1482.0,2opt,notBad
18331,2,1482.4,2,1482.0,2opt,notBad
18332,2,1482.4,2,1482.0,2opt,notBad
18333,2,1482.4,2,1482.0,2opt,notBad
18334,2,1482.4,2,1482.0,move,improve
18335,2,1482.4,2,1482.0,swap,notBad
18336,2,1482.4,2,1482.0,move,improve
18337,2,1482.4,2,1482.0,move,improve
18338,2,1482.4,2,1482.0,move,improve
18339,2,1482.4,2,1482.0,swap,notBad
18340,2,1482.4,2,1482.0,2opt,notBad
18341,2,1482.4,2,1482.0,swap,notBad
18342,2,1482.4,2,1482.0,move,improve
18343,2,1482.4,2,1482.0,swap,notBad
18344,2,1482.4,2,1482.0,swap,notBad
18345,2,1482.4,2,1482.0,2opt,improve
18346,2,1482.4,2,1482.0,move,improve
18347,2,1482.4,2,1482.0,2opt,notBad
18348,2,1482.4,2,1482.0,2opt,notBad
18349,2,1482.1,2,1482.0,move,improve
18350,2,1482.1,2,1482.0,2opt,notBad
18351,2,1482.1,2,1482.0,2opt,notBad
18352,2,1482.1,2,1482.0,2opt,notBad
18353,2,1482.1,2,1482.0,move,improve
18354,2,1482.1,2,1482.0,move,improve
18355,2,1482.1,2,1482.0,2opt,notBad
18356,2,1482.1,2,1482.0,move,improve
18357,2,1482.1,2,1482.0,swap,notBad
18358,2,1482.1,2,1482.0,2opt,notBad
18359,2,1482.1,2,1482.0,2opt,notBad
18360,2,1482.1,2,1482.0,2opt,notBad
18361,2,1482.1,2,1482.0,move,notBad
18362,2,1482.1,2,1482.0,move,improve
18363,2,1482.1,2,1482.0,move,improve
18364,2,1482.1,2,1482.0,swap,improve
18365,2,1482.1,2,1482.0,swap,improve
18366,2,1482.1,2,1482.0,2opt,notBad
18367,2,1482.1,2,1482.0,move,improve
18368,2,1482.1,2,1482.0,swap,notBad
18369,2,1482.1,2,1482.0,2opt,notBad
18370,2,1482.1,2,1482.0,move,improve
18371,2,1482.1,2,1482.0,2opt,notBad
18372,2,1482.1,2,1482.0,2opt,notBad
18373,2,1482.1,2,1482.0,2opt,improve
18374,2,1482.1,2,1482.0,swap,notBad
18375,2,1482.1,2,1482.0,2opt,notBad
18376,2,1482.1,2,1482.0,swap,notBad
18377,2,1482.1,2,1482.0,swap,improve
18378,2,1482.1,2,1482.0,2opt,notBad
18379,2,1482.1,2,1482.0,swap,improve
18380,2,1482.1,2,1482.0,swap,notBad
18381,2,1482.1,2,1482.0,swap,improve
18382,2,1482.1,2,1482.0,move,improve
18383,2,1482.1,2,1482.0,swap,improve
18384,2,1482.1,2,1482.0,move,improve
18385,2,1482.1,2,1482.0,swap,improve
18386,2,1482.1,2,1482.0,swap,improve
18387,2,1482.1,2,1482.0,2opt,notBad
18388,2,1482.1,2,1482.0,swap,improve
18389,2,1482.1,2,1482.0,swap,notBad
18390,2,1482.1,2,1482.0,2opt,notBad
18391,2,1482.1,2,1482.0,swap,notBad
18392,2,1482.1,2,1482.0,swap,improve
18393,2,1482.1,2,1482.0,move,improve
18394,2,1482.1,2,1482.0,move,improve
18395,2,1482.1,2,1482.0,move,improve
18396,2,1482.1,2,1482.0,2opt,notBad
18397,2,1482.1,2,1482.0,swap,improve
18398,2,1482.1,2,1482.0,move,improve
18399,2,1482.1,2,1482.0,2opt,notBad
18400,2,1482.1,2,1482.0,move,improve
18401,2,1482.1,2,1482.0,2opt,notBad
18402,2,1482.1,2,1482.0,move,improve
18403,2,1482.1,2,1482.0,move,improve
18404,2,1482.1,2,1482.0,2opt,notBad
18405,2,1482.1,2,1482.0,2opt,notBad
18406,2,1482.1,2,1482.0,2opt,notBad
18407,2,1482.1,2,1482.0,swap,notBad
18408,2,1482.1,2,1482.0,2opt,notBad
18409,2,1482.1,2,1482.0,move,improve
18410,2,1482.1,2,1482.0,swap,improve
18411,2,1482.1,2,1482.0,move,improve
18412,2,1482.1,2,1482.0,move,improve
18413,2,1482.1,2,1482.0,2opt,notBad
18414,2,1482.1,2,1482.0,swap,improve
18415,2,1482.1,2,1482.0,move,improve
18416,2,1482.1,2,1482.0,swap,notBad
18417,2,1482.1,2,1482.0,swap,improve
18418,2,1482.1,2,1482.0,2opt,notBad
18419,2,1482.1,2,1482.0,2opt,notBad
18420,2,1482.1,2,1482.0,swap,notBad
18421,2,1482.1,2,1482.0,swap,improve
18422,2,1482.1,2,1482.0,move,improve
18423,2,1482.1,2,1482.0,swap,improve
18424,2,1482.1,2,1482.0,2opt,notBad
18425,2,1482.1,2,1482.0,move,improve
18426,2,1482.1,2,1482.0,swap,notBad
18427,2,1482.1,2,1482.0,move,improve
18428,2,1482.1,2,1482.0,2opt,notBad
18429,2,1482.1,2,1482.0,2opt,notBad
18430,2,1482.1,2,1482.0,move,improve
18431,2,1482.1,2,1482.0,2opt,notBad
18432,2,1482.1,2,1482.0,swap,notBad
18433,2,1482.1,2,1482.0,swap,notBad
18434,2,1482.1,2,1482.0,2opt,notBad
18435,2,1482.1,2,1482.0,2opt,notBad
18436,2,1482.1,2,1482.0,move,improve
18437,2,1482.1,2,1482.0,swap,notBad
18438,2,1482.1,2,1482.0,swap,notBad
18439,2,1482.1,2,1482.0,swap,notBad
18440,2,1482.1,2,1482.0,swap,improve
18441,2,1482.1,2,1482.0,2opt,notBad
18442,2,1482.1,2,1482.0,swap,improve
18443,2,1482.1,2,1482.0,2opt,notBad
18444,2,1482.1,2,1482.0,move,improve
18445,2,1482.1,2,1482.0,2opt,notBad
18446,2,1482.1,2,1482.0,move,improve
18447,2,1482.1,2,1482.0,move,improve
18448,2,1482.1,2,1482.0,swap,notBad
18449,2,1482.1,2,1482.0,2opt,notBad
18450,2,1482.1,2,1482.0,move,improve
18451,2,1482.1,2,1482.0,2opt,notBad
18452,2,1482.1,2,1482.0,2opt,notBad
18453,2,1482.1,2,1482.0,2opt,notBad
18454,2,1482.1,2,1482.0,swap,improve
18455,2,1482.1,2,1482.0,swap,notBad
18456,2,1482.1,2,1482.0,2opt,notBad
18457,2,1482.1,2,1482.0,2opt,notBad
18458,2,1482.1,2,1482.0,move,improve
18459,2,1482.1,2,1482.0,2opt,notBad
18460,2,1482.1,2,1482.0,2opt,notBad
18461,2,1482.1,2,1482.0,move,improve
18462,2,1482.1,2,1482.0,move,improve
18463,2,1482.1,2,1482.0,swap,notBad
18464,2,1482.1,2,1482.0,move,improve
18465,2,1482.1,2,1482.0,swap,notBad
18466,2,1482.1,2,1482.0,move,improve
18467,2,1482.1,2,1482.0,move,improve
18468,2,1482.1,2,1482.0,move,improve
18469,2,1482.1,2,1482.0,move,improve
18470,2,1482.1,2,1482.0,2opt,notBad
18471,2,1482.1,2,1482.0,2opt,notBad
18472,2,1482.1,2,1482.0,2opt,improve
18473,2,1482.1,2,1482.0,swap,notBad
18474,2,1482.1,2,1482.0,move,improve
18475,2,1482.1,2,1482.0,move,improve
18476,2,1482.1,2,1482.0,2opt,notBad
18477,2,1482.1,2,1482.0,swap,improve
18478,2,1482.1,2,1482.0,swap,notBad
18479,2,1482.1,2,1482.0,move,improve
18480,2,1482.1,2,1482.0,move,improve
18481,2,1482.1,2,1482.0,2opt,notBad
18482,2,1482.1,2,1482.0,2opt,notBad
18483,2,1482.1,2,1482.0,2opt,notBad
18484,2,1482.1,2,1482.0,2opt,notBad
18485,2,1482.0,2,1482.0,swap,improve
18486,2,1482.0,2,1482.0,move,improve
18487,2,1482.0,2,1482.0,swap,notBad
18488,2,1482.0,2,1482.0,swap,notBad
18489,2,1482.0,2,1482.0,move,improve
18490,2,1482.0,2,1482.0,swap,notBad
18491,2,1482.0,2,1482.0,2opt,notBad
18492,2,1482.0,2,1482.0,2opt,notBad
18493,2,1482.0,2,1482.0,swap,improve
18494,2,1482.0,2,1482.0,move,improve
18495,2,1482.0,2,1482.0,swap,improve
18496,2,1482.0,2,1482.0,move,improve
18497,2,1482.0,2,1482.0,move,improve
18498,2,1482.0,2,1482.0,swap,notBad
18499,2,1482.0,2,1482.0,swap,notBad
18500,2,1482.0,2,1482.0,move,improve
18501,2,1482.0,2,1482.0,move,improve
18502,2,1482.0,2,1482.0,move,improve
18503,2,1482.0,2,1482.0,swap,improve
18504,2,1482.0,2,1482.0,move,improve
18505,2,1482.0,2,1482.0,swap,notBad
18506,2,1482.0,2,1482.0,2opt,notBad
18507,2,1482.0,2,1482.0,swap,notBad
18508,2,1482.0,2,1482.0,swap,improve
18509,2,1482.0,2,1482.0,2opt,notBad
18510,2,1482.0,2,1482.0,swap,improve
18511,2,1482.0,2,1482.0,move,improve
18512,2,1482.0,2,1482.0,2opt,notBad
18513,2,1482.0,2,1482.0,swap,notBad
18514,2,1482.0,2,1482.0,swap,improve
18515,2,1482.0,2,1482.0,2opt,notBad
18516,2,1482.0,2,1482.0,2opt,notBad
18517,2,1482.0,2,1482.0,swap,notBad
18518,2,1482.0,2,1482.0,swap,notBad
18519,2,1482.0,2,1482.0,swap,notBad
18520,2,1482.0,2,1482.0,swap,improve
18521,2,1482.0,2,1482.0,swap,notBad
18522,2,1482.0,2,1482.0,swap,notBad
18523,2,1482.0,2,1482.0,2opt,notBad
18524,2,1482.0,2,1482.0,2opt,notBad
18525,2,1482.0,2,1482.0,move,improve
18526,2,1482.0,2,1482.0,swap,notBad
18527,2,1482.0,2,1482.0,move,improve
18528,2,1482.0,2,1482.0,swap,improve
18529,2,1482.0,2,1482.0,move,improve
18530,2,1482.0,2,1482.0,move,improve
18531,2,1482.0,2,1482.0,move,improve
18532,2,1482.0,2,1482.0,swap,notBad
18533,2,1482.0,2,1482.0,2opt,notBad
18534,2,1482.0,2,1482.0,swap,improve
18535,2,1482.0,2,1482.0,move,improve
18536,2,1482.0,2,1482.0,swap,improve
18537,2,1482.0,2,1482.0,swap,improve
18538,2,1482.0,2,1482.0,2opt,improve
18539,2,1482.0,2,1482.0,swap,notBad
18540,2,1482.0,2,1482.0,move,improve
18541,2,1482.0,2,1482.0,move,improve
18542,2,1482.0,2,1482.0,swap,improve
18543,2,1482.0,2,1482.0,2opt,notBad
18544,2,1482.0,2,1482.0,swap,improve
18545,2,1482.0,2,1482.0,swap,notBad
18546,2,1482.0,2,1482.0,swap,notBad
18547,2,1482.0,2,1482.0,2opt,notBad
18548,2,1482.0,2,1482.0,swap,improve
18549,2,1482.0,2,1482.0,swap,notBad
18550,2,1482.0,2,1482.0,2opt,notBad
18551,2,1482.0,2,1482.0,swap,improve
18552,2,1482.0,2,1482.0,swap,notBad
18553,2,1482.0,2,1482.0,2opt,notBad
18554,2,1482.0,2,1482.0,2opt,notBad
18555,2,1482.0,2,1482.0,move,improve
18556,2,1482.0,2,1482.0,2opt,notBad
18557,2,1482.0,2,1482.0,move,improve
18558,2,1482.0,2,1482.0,move,improve
18559,2,1482.0,2,1482.0,2opt,notBad
18560,2,1482.0,2,1482.0,2opt,notBad
18561,2,1482.0,2,1482.0,2opt,notBad
18562,2,1482.0,2,1482.0,move,improve
18563,2,1482.0,2,1482.0,2opt,notBad
18564,2,1482.0,2,1482.0,swap,notBad
18565,2,1482.0,2,1482.0,swap,notBad
18566,2,1482.0,2,1482.0,2opt,notBad
18567,2,1482.0,2,1482.0,swap,improve
18568,2,1482.0,2,1482.0,2opt,notBad
18569,2,1482.0,2,1482.0,2opt,improve
18570,2,1482.0,2,1482.0,swap,improve
18571,2,1482.0,2,1482.0,move,improve
18572,2,1482.0,2,1482.0,2opt,notBad
18573,2,1482.0,2,1482.0,2opt,notBad
18574,2,1482.0,2,1482.0,move,improve
18575,2,1482.0,2,1482.0,move,improve
18576,2,1482.0,2,1482.0,2opt,notBad
18577,2,1482.0,2,1482.0,move,improve
18578,2,1482.0,2,1482.0,swap,improve
18579,2,1482.0,2,1482.0,move,improve
18580,2,1482.0,2,1482.0,move,improve
18581,2,1482.0,2,1482.0,move,improve
18582,2,1482.0,2,1482.0,2opt,notBad
18583,2,1482.0,2,1482.0,move,improve
18584,2,1482.0,2,1482.0,move,improve
18585,2,1482.0,2,1482.0,move,improve
18586,2,1482.0,2,1482.0,swap,improve
18587,2,1482.0,2,1482.0,move,improve
18588,2,1482.0,2,1482.0,swap,notBad
18589,2,1482.0,2,1482.0,move,improve
18590,2,1482.0,2,1482.0,move,improve
18591,2,1482.0,2,1482.0,swap,notBad
18592,2,1482.0,2,1482.0,2opt,notBad
18593,2,1482.0,2,1482.0,move,improve
18594,2,1482.0,2,1482.0,2opt,notBad
18595,2,1482.0,2,1482.0,swap,notBad
18596,2,1482.0,2,1482.0,2opt,notBad
18597,2,1482.0,2,1482.0,move,improve
18598,2,1482.0,2,1482.0,move,improve
18599,2,1482.0,2,1482.0,swap,notBad
18600,2,1482.0,2,1482.0,swap,notBad
18601,2,1482.0,2,1482.0,move,improve
18602,2,1482.0,2,1482.0,swap,improve
18603,2,1482.0,2,1482.0,swap,improve
18604,2,1482.0,2,1482.0,2opt,notBad
18605,2,1482.0,2,1482.0,2opt,notBad
18606,2,1482.0,2,1482.0,2opt,notBad
18607,2,1482.0,2,1482.0,move,improve
18608,2,1482.0,2,1482.0,swap,notBad
18609,2,1482.0,2,1482.0,move,improve
18610,2,1482.0,2,1482.0,swap,improve
18611,2,1482.0,2,1482.0,swap,notBad
18612,2,1482.0,2,1482.0,2opt,notBad
18613,2,1482.0,2,1482.0,2opt,notBad
18614,2,1482.0,2,1482.0,move,improve
18615,2,1482.0,2,1482.0,swap,notBad
18616,2,1482.0,2,1482.0,swap,notBad
18617,2,1482.0,2,1482.0,swap,notBad
18618,2,1482.0,2,1482.0,2opt,notBad
18619,2,1482.0,2,1482.0,swap,notBad
18620,2,1482.0,2,1482.0,swap,notBad
18621,2,1482.0,2,1482.0,2opt,notBad
18622,2,1482.0,2,1482.0,move,improve
18623,2,1482.0,2,1482.0,move,notBad
18624,2,1482.0,2,1482.0,2opt,notBad
18625,2,1482.0,2,1482.0,swap,improve
18626,2,1482.0,2,1482.0,2opt,notBad
18627,2,1482.0,2,1482.0,2opt,notBad
18628,2,1482.0,2,1482.0,swap,improve
18629,2,1482.0,2,1482.0,swap,notBad
18630,2,1482.0,2,1482.0,2opt,notBad
18631,2,1482.0,2,1482.0,swap,improve
18632,2,1482.0,2,1482.0,swap,notBad
18633,2,1482.0,2,1482.0,move,improve
18634,2,1482.0,2,1482.0,move,improve
18635,2,1482.0,2,1482.0,swap,improve
18636,2,1482.0,2,1482.0,2opt,notBad
18637,2,1482.0,2,1482.0,move,improve
18638,2,1482.0,2,1482.0,2opt,notBad
18639,2,1482.0,2,1482.0,swap,notBad
18640,2,1482.0,2,1482.0,swap,improve
18641,2,1482.0,2,1482.0,swap,notBad
18642,2,1482.0,2,1482.0,2opt,notBad
18643,2,1482.0,2,1482.0,swap,improve
18644,2,1482.0,2,1482.0,move,improve
18645,2,1482.0,2,1482.0,2opt,notBad
18646,2,1482.0,2,1482.0,swap,notBad
18647,2,1482.0,2,1482.0,move,improve
18648,2,1482.0,2,1482.0,move,improve
18649,2,1482.0,2,1482.0,move,improve
18650,2,1482.0,2,1482.0,move,improve
18651,2,1482.0,2,1482.0,move,improve
18652,2,1482.0,2,1482.0,move,improve
18653,2,1482.0,2,1482.0,move,improve
18654,2,1482.0,2,1482.0,2opt,notBad
18655,2,1482.0,2,1482.0,2opt,notBad
18656,2,1482.0,2,1482.0,2opt,notBad
18657,2,1482.0,2,1482.0,move,improve
18658,2,1482.0,2,1482.0,swap,improve
18659,2,1482.0,2,1482.0,swap,improve
18660,2,1482.0,2,1482.0,move,improve
18661,2,1482.0,2,1482.0,2opt,notBad
18662,2,1482.0,2,1482.0,2opt,notBad
18663,2,1482.0,2,1482.0,swap,notBad
18664,2,1482.0,2,1482.0,2opt,notBad
18665,2,1482.0,2,1482.0,move,improve
18666,2,1482.0,2,1482.0,swap,notBad
18667,2,1482.0,2,1482.0,move,improve
18668,2,1482.0,2,1482.0,move,improve
18669,2,1482.0,2,1482.0,move,improve
18670,2,1482.0,2,1482.0,swap,notBad
18671,2,1482.0,2,1482.0,2opt,notBad
18672,2,1482.0,2,1482.0,2opt,improve
18673,2,1482.0,2,1482.0,swap,notBad
18674,2,1482.0,2,1482.0,move,improve
18675,2,1482.0,2,1482.0,swap,notBad
18676,2,1482.0,2,1482.0,swap,notBad
18677,2,1482.0,2,1482.0,swap,notBad
18678,2,1482.0,2,1482.0,move,improve
18679,2,1482.0,2,1482.0,swap,notBad
18680,2,1482.0,2,1482.0,2opt,notBad
18681,2,1482.0,2,1482.0,2opt,notBad
18682,2,1482.0,2,1482.0,swap,notBad
18683,2,1482.0,2,1482.0,move,improve
18684,2,1482.0,2,1482.0,swap,improve
18685,2,1482.0,2,1482.0,swap,notBad
18686,2,1482.0,2,1482.0,move,improve
18687,2,1482.1,2,1482.0,swap,acceptBad
18688,2,1482.1,2,1482.0,swap,notBad
18689,2,1482.1,2,1482.0,move,improve
18690,2,1482.1,2,1482.0,swap,improve
18691,2,1482.1,2,1482.0,2opt,notBad
18692,2,1482.1,2,1482.0,2opt,improve
18693,2,1482.1,2,1482.0,2opt,notBad
18694,2,1482.1,2,1482.0,2opt,notBad
18695,2,1482.1,2,1482.0,move,improve
18696,2,1482.1,2,1482.0,move,improve
18697,2,1482.1,2,1482.0,swap,improve
18698,2,1482.1,2,1482.0,swap,improve
18699,2,1482.1,2,1482.0,swap,improve
18700,2,1482.1,2,1482.0,2opt,notBad
18701,2,1482.1,2,1482.0,swap,improve
18702,2,1482.1,2,1482.0,2opt,notBad
18703,2,1482.1,2,1482.0,2opt,notBad
18704,2,1482.1,2,1482.0,swap,notBad
18705,2,1482.1,2,1482.0,move,improve
18706,2,1482.1,2,1482.0,swap,notBad
18707,2,1482.1,2,1482.0,2opt,improve
18708,2,1482.1,2,1482.0,swap,notBad
18709,2,1482.1,2,1482.0,move,improve
18710,2,1482.1,2,1482.0,2opt,notBad
18711,2,1482.1,2,1482.0,2opt,improve
18712,2,1482.1,2,1482.0,2opt,notBad
18713,2,1482.1,2,1482.0,move,improve
18714,2,1482.1,2,1482.0,2opt,notBad
18715,2,1482.1,2,1482.0,move,improve
18716,2,1482.1,2,1482.0,move,improve
18717,2,1482.1,2,1482.0,2opt,notBad
18718,2,1482.1,2,1482.0,move,improve
18719,2,1482.1,2,1482.0,2opt,notBad
18720,2,1482.1,2,1482.0,2opt,notBad
18721,2,1482.1,2,1482.0,2opt,notBad
18722,2,1482.1,2,1482.0,move,improve
18723,2,1482.1,2,1482.0,2opt,notBad
18724,2,1482.1,2,1482.0,2opt,notBad
18725,2,1482.1,2,1482.0,swap,improve
18726,2,1482.1,2,1482.0,move,improve
18727,2,1482.1,2,1482.0,swap,notBad
18728,2,1482.1,2,1482.0,2opt,notBad
18729,2,1482.1,2,1482.0,swap,notBad
18730,2,1482.1,2,1482.0,move,improve
18731,2,1482.1,2,1482.0,move,improve
18732,2,1482.1,2,1482.0,move,improve
18733,2,1482.1,2,1482.0,move,improve
18734,2,1482.1,2,1482.0,swap,improve
18735,2,1482.1,2,1482.0,2opt,notBad
18736,2,1482.1,2,1482.0,swap,improve
18737,2,1482.1,2,1482.0,2opt,notBad
18738,2,1482.1,2,1482.0,swap,notBad
18739,2,1482.1,2,1482.0,move,improve
18740,2,1482.1,2,1482.0,swap,improve
18741,2,1482.1,2,1482.0,move,notBad
18742,2,1482.1,2,1482.0,2opt,notBad
18743,2,1482.1,2,1482.0,swap,notBad
18744,2,1482.1,2,1482.0,move,improve
18745,2,1482.1,2,1482.0,2opt,notBad
18746,2,1482.1,2,1482.0,2opt,notBad
18747,2,1482.1,2,1482.0,2opt,notBad
18748,2,1482.1,2,1482.0,move,improve
18749,2,1482.1,2,1482.0,2opt,notBad
18750,2,1482.1,2,1482.0,2opt,notBad
18751,2,1482.1,2,1482.0,swap,notBad
18752,2,1482.1,2,1482.0,move,improve
18753,2,1482.1,2,1482.0,2opt,notBad
18754,2,1482.1,2,1482.0,move,improve
18755,2,1482.1,2,1482.0,move,improve
18756,2,1482.1,2,1482.0,move,improve
18757,2,1482.1,2,1482.0,swap,improve
18758,2,1482.1,2,1482.0,swap,improve
18759,2,1482.1,2,1482.0,2opt,notBad
18760,2,1482.1,2,1482.0,swap,improve
18761,2,1482.1,2,1482.0,move,improve
18762,2,1482.1,2,1482.0,2opt,notBad
18763,2,1482.1,2,1482.0,swap,notBad
18764,2,1482.1,2,1482.0,move,improve
18765,2,1482.1,2,1482.0,move,improve
18766,2,1482.1,2,1482.0,2opt,notBad
18767,2,1482.1,2,1482.0,swap,improve
18768,2,1482.1,2,1482.0,2opt,notBad
18769,2,1482.1,2,1482.0,move,improve
18770,2,1482.1,2,1482.0,2opt,notBad
18771,2,1482.1,2,1482.0,2opt,notBad
18772,2,1482.1,2,1482.0,move,improve
18773,2,1482.1,2,1482.0,2opt,notBad
18774,2,1482.1,2,1482.0,swap,notBad
18775,2,1482.1,2,1482.0,swap,notBad
18776,2,1482.1,2,1482.0,2opt,notBad
18777,2,1482.1,2,1482.0,move,improve
18778,2,1482.1,2,1482.0,move,improve
18779,2,1482.1,2,1482.0,swap,notBad
18780,2,1482.1,2,1482.0,move,improve
18781,2,1482.1,2,1482.0,2opt,notBad
18782,2,1482.1,2,1482.0,swap,notBad
18783,2,1482.1,2,1482.0,swap,improve
18784,2,1482.1,2,1482.0,swap,notBad
18785,2,1482.1,2,1482.0,swap,improve
18786,2,1482.1,2,1482.0,swap,notBad
18787,2,1482.1,2,1482.0,2opt,notBad
18788,2,1482.1,2,1482.0,move,improve
18789,2,1482.1,2,1482.0,swap,improve
18790,2,1482.1,2,1482.0,move,improve
18791,2,1482.1,2,1482.0,move,improve
18792,2,1482.1,2,1482.0,move,improve
18793,2,1482.1,2,1482.0,2opt,notBad
18794,2,1482.1,2,1482.0,swap,improve
18795,2,1482.1,2,1482.0,move,improve
18796,2,1482.1,2,1482.0,2opt,notBad
18797,2,1482.1,2,1482.0,move,improve
18798,2,1482.1,2,1482.0,2opt,notBad
18799,2,1482.1,2,1482.0,swap,improve
18800,2,1482.1,2,1482.0,move,improve
18801,2,1482.1,2,1482.0,move,improve
18802,2,1482.1,2,1482.0,2opt,notBad
18803,2,1482.1,2,1482.0,swap,notBad
18804,2,1482.1,2,1482.0,2opt,notBad
18805,2,1482.1,2,1482.0,swap,improve
18806,2,1482.0,2,1482.0,move,improve
18807,2,1482.0,2,1482.0,swap,notBad
18808,2,1482.0,2,1482.0,move,improve
18809,2,1482.0,2,1482.0,move,improve
18810,2,1482.0,2,1482.0,move,improve
18811,2,1482.0,2,1482.0,2opt,notBad
18812,2,1482.0,2,1482.0,2opt,notBad
18813,2,1482.0,2,1482.0,swap,notBad
18814,2,1482.0,2,1482.0,move,improve
18815,2,1482.0,2,1482.0,2opt,notBad
18816,2,1482.0,2,1482.0,2opt,notBad
18817,2,1482.0,2,1482.0,swap,notBad
18818,2,1482.0,2,1482.0,move,improve
18819,2,1482.0,2,1482.0,2opt,notBad
18820,2,1482.0,2,1482.0,swap,improve
18821,2,1482.0,2,1482.0,swap,notBad
18822,2,1482.0,2,1482.0,move,improve
18823,2,1482.0,2,1482.0,2opt,notBad
18824,2,1482.0,2,1482.0,swap,notBad
18825,2,1482.0,2,1482.0,move,improve
18826,2,1482.0,2,1482.0,move,improve
18827,2,1482.0,2,1482.0,swap,notBad
18828,2,1482.0,2,1482.0,swap,notBad
18829,2,1482.0,2,1482.0,2opt,improve
18830,2,1482.0,2,1482.0,2opt,notBad
18831,2,1482.0,2,1482.0,move,improve
18832,2,1482.0,2,1482.0,swap,notBad
18833,2,1482.0,2,1482.0,swap,improve
18834,2,1482.0,2,1482.0,move,improve
18835,2,1482.0,2,1482.0,2opt,notBad
18836,2,1482.0,2,1482.0,swap,improve
18837,2,1482.0,2,1482.0,swap,notBad
18838,2,1482.0,2,1482.0,2opt,notBad
18839,2,1482.0,2,1482.0,2opt,notBad
18840,2,1482.0,2,1482.0,move,improve
18841,2,1482.0,2,1482.0,move,improve
18842,2,1482.0,2,1482.0,move,improve
18843,2,1482.0,2,1482.0,2opt,notBad
18844,2,1482.0,2,1482.0,move,improve
18845,2,1482.0,2,1482.0,2opt,notBad
18846,2,1482.0,2,1482.0,2opt,notBad
18847,2,1482.0,2,1482.0,swap,improve
18848,2,1482.0,2,1482.0,2opt,notBad
18849,2,1482.0,2,1482.0,move,improve
18850,2,1482.0,2,1482.0,swap,improve
18851,2,1482.0,2,1482.0,move,improve
18852,2,1482.0,2,1482.0,2opt,notBad
18853,2,1482.0,2,1482.0,2opt,notBad
18854,2,1482.0,2,1482.0,swap,improve
18855,2,1482.0,2,1482.0,swap,notBad
18856,2,1482.0,2,1482.0,move,improve
18857,2,1482.0,2,1482.0,2opt,notBad
18858,2,1482.0,2,1482.0,2opt,notBad
18859,2,1482.0,2,1482.0,swap,improve
18860,2,1482.0,2,1482.0,swap,improve
18861,2,1482.0,2,1482.0,move,improve
18862,2,1482.0,2,1482.0,move,improve
18863,2,1482.0,2,1482.0,swap,notBad
18864,2,1482.0,2,1482.0,move,improve
18865,2,1482.0,2,1482.0,2opt,notBad
18866,2,1482.0,2,1482.0,2opt,improve
18867,2,1482.0,2,1482.0,move,improve
18868,2,1482.0,2,1482.0,move,improve
18869,2,1482.0,2,1482.0,swap,notBad
18870,2,1482.0,2,1482.0,move,improve
18871,2,1482.0,2,1482.0,move,improve
18872,2,1482.0,2,1482.0,2opt,notBad
18873,2,1482.0,2,1482.0,swap,notBad
18874,2,1482.0,2,1482.0,move,improve
18875,2,1482.0,2,1482.0,move,improve
18876,2,1482.0,2,1482.0,2opt,notBad
18877,2,1482.0,2,1482.0,move,improve
18878,2,1482.0,2,1482.0,swap,improve
18879,2,1482.0,2,1482.0,move,improve
18880,2,1482.0,2,1482.0,swap,improve
18881,2,1482.0,2,1482.0,2opt,notBad
18882,2,1482.0,2,1482.0,swap,notBad
18883,2,1482.0,2,1482.0,2opt,notBad
18884,2,1482.0,2,1482.0,move,improve
18885,2,1482.0,2,1482.0,swap,improve
18886,2,1482.0,2,1482.0,2opt,notBad
18887,2,1482.0,2,1482.0,swap,improve
18888,2,1482.0,2,1482.0,swap,notBad
18889,2,1482.0,2,1482.0,2opt,notBad
18890,2,1482.0,2,1482.0,swap,notBad
18891,2,1482.0,2,1482.0,move,improve
18892,2,1482.0,2,1482.0,swap,improve
18893,2,1482.0,2,1482.0,swap,notBad
18894,2,1482.0,2,1482.0,2opt,notBad
18895,2,1482.0,2,1482.0,move,improve
18896,2,1482.0,2,1482.0,move,improve
18897,2,1482.0,2,1482.0,2opt,notBad
18898,2,1482.0,2,1482.0,swap,notBad
18899,2,1482.0,2,1482.0,2opt,notBad
18900,2,1482.0,2,1482.0,swap,notBad
18901,2,1482.0,2,1482.0,move,improve
18902,2,1482.0,2,1482.0,2opt,notBad
18903,2,1482.0,2,1482.0,swap,improve
18904,2,1482.0,2,1482.0,swap,notBad
18905,2,1482.0,2,1482.0,swap,notBad
18906,2,1482.0,2,1482.0,2opt,notBad
18907,2,1482.0,2,1482.0,2opt,notBad
18908,2,1482.0,2,1482.0,2opt,notBad
18909,2,1482.0,2,1482.0,move,improve
18910,2,1482.0,2,1482.0,swap,improve
18911,2,1482.0,2,1482.0,move,improve
18912,2,1482.0,2,1482.0,swap,notBad
18913,2,1482.0,2,1482.0,move,improve
18914,2,1482.0,2,1482.0,2opt,notBad
18915,2,1482.0,2,1482.0,swap,improve
18916,2,1482.0,2,1482.0,swap,notBad
18917,2,1482.0,2,1482.0,2opt,notBad
18918,2,1482.0,2,1482.0,2opt,notBad
18919,2,1482.0,2,1482.0,move,improve
18920,2,1482.0,2,1482.0,swap,improve
18921,2,1482.0,2,1482.0,swap,notBad
18922,2,1482.0,2,1482.0,swap,improve
18923,2,1482.0,2,1482.0,swap,notBad
18924,2,1482.0,2,1482.0,2opt,improve
18925,2,1482.0,2,1482.0,move,improve
18926,2,1482.0,2,1482.0,swap,notBad
18927,2,1482.0,2,1482.0,move,improve
18928,2,1482.0,2,1482.0,2opt,notBad
18929,2,1482.0,2,1482.0,swap,improve
18930,2,1482.0,2,1482.0,2opt,notBad
18931,2,1482.0,2,1482.0,swap,notBad
18932,2,1482.0,2,1482.0,swap,improve
18933,2,1482.0,2,1482.0,move,improve
18934,2,1482.0,2,1482.0,swap,improve
18935,2,1482.0,2,1482.0,2opt,improve
18936,2,1482.0,2,1482.0,move,improve
18937,2,1482.0,2,1482.0,2opt,notBad
18938,2,1482.0,2,1482.0,move,improve
18939,2,1482.0,2,1482.0,2opt,notBad
18940,2,1482.0,2,1482.0,move,improve
18941,2,1482.0,2,1482.0,2opt,notBad
18942,2,1482.0,2,1482.0,2opt,notBad
18943,2,1482.0,2,1482.0,2opt,notBad
18944,2,1482.0,2,1482.0,2opt,notBad
18945,2,1482.0,2,1482.0,move,improve
18946,2,1482.0,2,1482.0,2opt,notBad
18947,2,1482.0,2,1482.0,swap,improve
18948,2,1482.0,2,1482.0,2opt,notBad
18949,2,1482.0,2,1482.0,move,improve
18950,2,1482.0,2,1482.0,move,improve
18951,2,1482.0,2,1482.0,swap,improve
18952,2,1482.0,2,1482.0,move,improve
18953,2,1482.0,2,1482.0,2opt,notBad
18954,2,1482.0,2,1482.0,2opt,notBad
18955,2,1482.0,2,1482.0,2opt,notBad
18956,2,1482.0,2,1482.0,2opt,improve
18957,2,1482.0,2,1482.0,swap,notBad
18958,2,1482.0,2,1482.0,move,improve
18959,2,1482.0,2,1482.0,2opt,notBad
18960,2,1482.0,2,1482.0,swap,notBad
18961,2,1482.0,2,1482.0,2opt,improve
18962,2,1482.0,2,1482.0,swap,notBad
18963,2,1482.0,2,1482.0,move,improve
18964,2,1482.0,2,1482.0,2opt,notBad
18965,2,1482.0,2,1482.0,move,improve
18966,2,1482.0,2,1482.0,2opt,notBad
18967,2,1482.0,2,1482.0,move,improve
18968,2,1482.0,2,1482.0,move,improve
18969,2,1482.0,2,1482.0,move,improve
18970,2,1482.0,2,1482.0,swap,notBad
18971,2,1482.0,2,1482.0,move,improve
18972,2,1482.0,2,1482.0,swap,notBad
18973,2,1482.0,2,1482.0,move,improve
18974,2,1482.0,2,1482.0,move,improve
18975,2,1482.3000000000002,2,1482.0,move,acceptBad
18976,2,1482.3000000000002,2,1482.0,2opt,notBad
18977,2,1482.3000000000002,2,1482.0,swap,notBad
18978,2,1482.3000000000002,2,1482.0,2opt,notBad
18979,2,1482.3000000000002,2,1482.0,move,improve
18980,2,1482.3000000000002,2,1482.0,swap,notBad
18981,2,1482.3000000000002,2,1482.0,2opt,notBad
18982,2,1482.3000000000002,2,1482.0,move,improve
18983,2,1482.3000000000002,2,1482.0,swap,improve
18984,2,1482.3000000000002,2,1482.0,swap,improve
18985,2,1482.3000000000002,2,1482.0,swap,notBad
18986,2,1482.3000000000002,2,1482.0,swap,notBad
18987,2,1482.3000000000002,2,1482.0,swap,improve
18988,2,1482.3000000000002,2,1482.0,move,improve
18989,2,1482.3000000000002,2,1482.0,2opt,notBad
18990,2,1482.3000000000002,2,1482.0,swap,improve
18991,2,1482.3000000000002,2,1482.0,2opt,notBad
18992,2,1482.3000000000002,2,1482.0,move,improve
18993,2,1482.3000000000002,2,1482.0,2opt,notBad
18994,2,1482.3000000000002,2,1482.0,move,improve
18995,2,1482.3000000000002,2,1482.0,swap,improve
18996,2,1482.3000000000002,2,1482.0,2opt,improve
18997,2,1482.3000000000002,2,1482.0,move,improve
18998,2,1482.4,2,1482.0,swap,acceptBad
18999,2,1482.4,2,1482.0,swap,notBad
19000,2,1482.4,2,1482.0,move,improve
19001,2,1482.4,2,1482.0,2opt,notBad
19002,2,1482.4,2,1482.0,2opt,notBad
19003,2,1482.4,2,1482.0,move,improve
19004,2,1482.4,2,1482.0,move,improve
19005,2,1482.4,2,1482.0,move,improve
19006,2,1482.4,2,1482.0,swap,notBad
19007,2,1482.4,2,1482.0,move,improve
19008,2,1482.4,2,1482.0,2opt,notBad
19009,2,1482.4,2,1482.0,swap,notBad
19010,2,1482.4,2,1482.0,2opt,notBad
19011,2,1482.4,2,1482.0,move,improve
19012,2,1482.4,2,1482.0,2opt,notBad
19013,2,1482.4,2,1482.0,2opt,notBad
19014,2,1482.4,2,1482.0,2opt,notBad
19015,2,1482.4,2,1482.0,swap,notBad
19016,2,1482.4,2,1482.0,swap,notBad
19017,2,1482.4,2,1482.0,2opt,notBad
19018,2,1482.4,2,1482.0,move,improve
19019,2,1482.4,2,1482.0,2opt,notBad
19020,2,1482.4,2,1482.0,2opt,notBad
19021,2,1482.4,2,1482.0,2opt,notBad
19022,2,1482.3000000000002,2,1482.0,move,improve
19023,2,1482.3000000000002,2,1482.0,2opt,notBad
19024,2,1482.3000000000002,2,1482.0,swap,notBad
19025,2,1482.3000000000002,2,1482.0,move,improve
19026,2,1482.3000000000002,2,1482.0,swap,notBad
19027,2,1482.3000000000002,2,1482.0,move,improve
19028,2,1482.3000000000002,2,1482.0,move,improve
19029,2,1482.3000000000002,2,1482.0,move,improve
19030,2,1482.3000000000002,2,1482.0,move,improve
19031,2,1482.3000000000002,2,1482.0,2opt,notBad
19032,2,1482.3000000000002,2,1482.0,2opt,notBad
19033,2,1482.3000000000002,2,1482.0,move,improve
19034,2,1482.3000000000002,2,1482.0,swap,notBad
19035,2,1482.3000000000002,2,1482.0,swap,notBad
19036,2,1482.3000000000002,2,1482.0,move,improve
19037,2,1482.3000000000002,2,1482.0,2opt,notBad
19038,2,1482.3000000000002,2,1482.0,2opt,improve
19039,2,1482.3000000000002,2,1482.0,move,improve
19040,2,1482.3000000000002,2,1482.0,move,improve
19041,2,1482.3000000000002,2,1482.0,swap,improve
19042,2,1482.3000000000002,2,1482.0,swap,improve
19043,2,1482.3000000000002,2,1482.0,move,improve
19044,2,1482.3000000000002,2,1482.0,2opt,notBad
19045,2,1482.3000000000002,2,1482.0,2opt,notBad
19046,2,1482.3000000000002,2,1482.0,2opt,notBad
19047,2,1482.3000000000002,2,1482.0,swap,notBad
19048,2,1482.3000000000002,2,1482.0,2opt,notBad
19049,2,1482.3000000000002,2,1482.0,2opt,notBad
19050,2,1482.3000000000002,2,1482.0,swap,notBad
19051,2,1482.3000000000002,2,1482.0,swap,improve
19052,2,1482.3000000000002,2,1482.0,swap,notBad
19053,2,1482.3000000000002,2,1482.0,2opt,notBad
19054,2,1482.3000000000002,2,1482.0,2opt,notBad
19055,2,1482.3000000000002,2,1482.0,2opt,improve
19056,2,1482.3000000000002,2,1482.0,swap,notBad
19057,2,1482.3000000000002,2,1482.0,move,improve
19058,2,1482.3000000000002,2,1482.0,move,improve
19059,2,1482.3000000000002,2,1482.0,2opt,improve
19060,2,1482.3000000000002,2,1482.0,swap,improve
19061,2,1482.3000000000002,2,1482.0,2opt,notBad
19062,2,1482.3000000000002,2,1482.0,2opt,notBad
19063,2,1482.3000000000002,2,1482.0,move,improve
19064,2,1482.3000000000002,2,1482.0,2opt,notBad
19065,2,1482.3000000000002,2,1482.0,swap,notBad
19066,2,1482.3000000000002,2,1482.0,move,improve
19067,2,1482.3000000000002,2,1482.0,swap,notBad
19068,2,1482.3000000000002,2,1482.0,move,improve
19069,2,1482.3000000000002,2,1482.0,swap,notBad
19070,2,1482.3000000000002,2,1482.0,2opt,notBad
19071,2,1482.3000000000002,2,1482.0,2opt,notBad
19072,2,1482.3000000000002,2,1482.0,swap,improve
19073,2,1482.3000000000002,2,1482.0,2opt,notBad
19074,2,1482.3000000000002,2,1482.0,2opt,notBad
19075,2,1482.3000000000002,2,1482.0,2opt,notBad
19076,2,1482.3000000000002,2,1482.0,2opt,notBad
19077,2,1482.3000000000002,2,1482.0,swap,improve
19078,2,1482.3000000000002,2,1482.0,move,improve
19079,2,1482.3000000000002,2,1482.0,2opt,notBad
19080,2,1482.3000000000002,2,1482.0,swap,improve
19081,2,1482.3000000000002,2,1482.0,move,improve
19082,2,1482.3000000000002,2,1482.0,swap,notBad
19083,2,1482.3000000000002,2,1482.0,2opt,notBad
19084,2,1482.3000000000002,2,1482.0,move,improve
19085,2,1482.3000000000002,2,1482.0,2opt,notBad
19086,2,1482.3000000000002,2,1482.0,swap,notBad
19087,2,1482.3000000000002,2,1482.0,move,improve
19088,2,1482.3000000000002,2,1482.0,2opt,improve
19089,2,1482.3000000000002,2,1482.0,swap,notBad
19090,2,1482.3000000000002,2,1482.0,swap,notBad
19091,2,1482.3000000000002,2,1482.0,move,improve
19092,2,1482.3000000000002,2,1482.0,swap,notBad
19093,2,1482.3000000000002,2,1482.0,swap,improve
19094,2,1482.3000000000002,2,1482.0,swap,improve
19095,2,1482.3000000000002,2,1482.0,swap,notBad
19096,2,1482.3000000000002,2,1482.0,move,improve
19097,2,1482.3000000000002,2,1482.0,move,improve
19098,2,1482.3000000000002,2,1482.0,move,improve
19099,2,1482.3000000000002,2,1482.0,2opt,notBad
19100,2,1482.3000000000002,2,1482.0,swap,notBad
19101,2,1482.3000000000002,2,1482.0,2opt,improve
19102,2,1482.3000000000002,2,1482.0,2opt,notBad
19103,2,1482.3000000000002,2,1482.0,swap,notBad
19104,2,1482.3000000000002,2,1482.0,2opt,notBad
19105,2,1482.3000000000002,2,1482.0,2opt,notBad
19106,2,1482.3000000000002,2,1482.0,move,improve
19107,2,1482.3000000000002,2,1482.0,swap,notBad
19108,2,1482.3000000000002,2,1482.0,swap,notBad
19109,2,1482.3000000000002,2,1482.0,move,improve
19110,2,1482.3000000000002,2,1482.0,move,improve
19111,2,1482.3000000000002,2,1482.0,swap,improve
19112,2,1482.3000000000002,2,1482.0,move,improve
19113,2,1482.3000000000002,2,1482.0,2opt,notBad
19114,2,1482.3000000000002,2,1482.0,2opt,notBad
19115,2,1482.3000000000002,2,1482.0,swap,notBad
19116,2,1482.3000000000002,2,1482.0,swap,improve
19117,2,1482.3000000000002,2,1482.0,2opt,notBad
19118,2,1482.3000000000002,2,1482.0,move,improve
19119,2,1482.3000000000002,2,1482.0,move,improve
19120,2,1482.3000000000002,2,1482.0,swap,improve
19121,2,1482.3000000000002,2,1482.0,move,improve
19122,2,1482.3000000000002,2,1482.0,move,improve
19123,2,1482.3000000000002,2,1482.0,2opt,notBad
19124,2,1482.3000000000002,2,1482.0,move,improve
19125,2,1482.3000000000002,2,1482.0,swap,improve
19126,2,1482.3000000000002,2,1482.0,swap,notBad
19127,2,1482.3000000000002,2,1482.0,2opt,notBad
19128,2,1482.3000000000002,2,1482.0,move,improve
19129,2,1482.3000000000002,2,1482.0,move,improve
19130,2,1482.3000000000002,2,1482.0,2opt,notBad
19131,2,1482.3000000000002,2,1482.0,swap,notBad
19132,2,1482.3000000000002,2,1482.0,move,improve
19133,2,1482.3000000000002,2,1482.0,2opt,notBad
19134,2,1482.3000000000002,2,1482.0,2opt,notBad
19135,2,1482.3000000000002,2,1482.0,swap,improve
19136,2,1482.3000000000002,2,1482.0,move,improve
19137,2,1482.3000000000002,2,1482.0,move,improve
19138,2,1482.3000000000002,2,1482.0,move,improve
19139,2,1482.3000000000002,2,1482.0,move,improve
19140,2,1482.3000000000002,2,1482.0,swap,improve
19141,2,1482.3000000000002,2,1482.0,swap,improve
19142,2,1482.3000000000002,2,1482.0,swap,notBad
19143,2,1482.3000000000002,2,1482.0,move,improve
19144,2,1482.3000000000002,2,1482.0,move,improve
19145,2,1482.3000000000002,2,1482.0,swap,improve
19146,2,1482.3000000000002,2,1482.0,2opt,notBad
19147,2,1482.3000000000002,2,1482.0,move,improve
19148,2,1482.3000000000002,2,1482.0,2opt,notBad
19149,2,1482.3000000000002,2,1482.0,swap,notBad
19150,2,1482.3000000000002,2,1482.0,2opt,notBad
19151,2,1482.3000000000002,2,1482.0,swap,improve
19152,2,1482.3000000000002,2,1482.0,swap,improve
19153,2,1482.3000000000002,2,1482.0,2opt,notBad
19154,2,1482.3000000000002,2,1482.0,2opt,notBad
19155,2,1482.3000000000002,2,1482.0,swap,notBad
19156,2,1482.3000000000002,2,1482.0,2opt,notBad
19157,2,1482.3000000000002,2,1482.0,move,improve
19158,2,1482.3000000000002,2,1482.0,2opt,notBad
19159,2,1482.3000000000002,2,1482.0,swap,notBad
19160,2,1482.3000000000002,2,1482.0,move,improve
19161,2,1482.3000000000002,2,1482.0,move,improve
19162,2,1482.3000000000002,2,1482.0,2opt,notBad
19163,2,1482.3000000000002,2,1482.0,swap,improve
19164,2,1482.3000000000002,2,1482.0,move,improve
19165,2,1482.3000000000002,2,1482.0,2opt,notBad
19166,2,1482.3000000000002,2,1482.0,2opt,improve
19167,2,1482.3000000000002,2,1482.0,swap,improve
19168,2,1482.3000000000002,2,1482.0,2opt,notBad
19169,2,1482.3000000000002,2,1482.0,move,improve
19170,2,1482.3000000000002,2,1482.0,swap,improve
19171,2,1482.3000000000002,2,1482.0,move,improve
19172,2,1482.3000000000002,2,1482.0,move,improve
19173,2,1482.3000000000002,2,1482.0,move,improve
19174,2,1482.3000000000002,2,1482.0,move,improve
19175,2,1482.3000000000002,2,1482.0,move,improve
19176,2,1482.3000000000002,2,1482.0,2opt,notBad
19177,2,1482.3000000000002,2,1482.0,move,improve
19178,2,1482.3000000000002,2,1482.0,swap,improve
19179,2,1482.3000000000002,2,1482.0,move,improve
19180,2,1482.3000000000002,2,1482.0,2opt,notBad
19181,2,1482.3000000000002,2,1482.0,swap,notBad
19182,2,1482.3000000000002,2,1482.0,move,improve
19183,2,1482.3000000000002,2,1482.0,swap,notBad
19184,2,1482.3000000000002,2,1482.0,2opt,notBad
19185,2,1482.3000000000002,2,1482.0,2opt,notBad
19186,2,1482.3000000000002,2,1482.0,move,improve
19187,2,1482.3000000000002,2,1482.0,swap,notBad
19188,2,1482.3000000000002,2,1482.0,move,improve
19189,2,1482.3000000000002,2,1482.0,move,improve
19190,2,1482.3000000000002,2,1482.0,swap,improve
19191,2,1482.3000000000002,2,1482.0,move,improve
19192,2,1482.3000000000002,2,1482.0,swap,improve
19193,2,1482.3000000000002,2,1482.0,2opt,improve
19194,2,1482.0,2,1482.0,move,improve
19195,2,1482.0,2,1482.0,2opt,notBad
19196,2,1482.0,2,1482.0,2opt,notBad
19197,2,1482.0,2,1482.0,2opt,notBad
19198,2,1482.0,2,1482.0,2opt,improve
19199,2,1482.0,2,1482.0,move,improve
19200,2,1482.0,2,1482.0,swap,improve
19201,2,1482.0,2,1482.0,swap,notBad
19202,2,1482.0,2,1482.0,move,improve
19203,2,1482.0,2,1482.0,swap,notBad
19204,2,1482.0,2,1482.0,swap,notBad
19205,2,1482.0,2,1482.0,2opt,notBad
19206,2,1482.0,2,1482.0,move,improve
19207,2,1482.0,2,1482.0,move,improve
19208,2,1482.0,2,1482.0,swap,notBad
19209,2,1482.0,2,1482.0,2opt,improve
19210,2,1482.0,2,1482.0,2opt,notBad
19211,2,1482.0,2,1482.0,move,improve
19212,2,1482.0,2,1482.0,move,improve
19213,2,1482.0,2,1482.0,2opt,notBad
19214,2,1482.0,2,1482.0,swap,improve
19215,2,1482.0,2,1482.0,2opt,notBad
19216,2,1482.0,2,1482.0,2opt,notBad
19217,2,1482.0,2,1482.0,2opt,notBad
19218,2,1482.0,2,1482.0,2opt,notBad
19219,2,1482.0,2,1482.0,2opt,notBad
19220,2,1482.0,2,1482.0,swap,notBad
19221,2,1482.0,2,1482.0,swap,improve
19222,2,1482.0,2,1482.0,2opt,improve
19223,2,1482.0,2,1482.0,move,improve
19224,2,1482.0,2,1482.0,move,improve
19225,2,1482.0,2,1482.0,swap,improve
19226,2,1482.0,2,1482.0,swap,notBad
19227,2,1482.0,2,1482.0,move,improve
19228,2,1482.0,2,1482.0,swap,notBad
19229,2,1482.0,2,1482.0,2opt,notBad
19230,2,1482.0,2,1482.0,move,improve
19231,2,1482.0,2,1482.0,2opt,notBad
19232,2,1482.0,2,1482.0,move,improve
19233,2,1482.0,2,1482.0,swap,notBad
19234,2,1482.0,2,1482.0,swap,notBad
19235,2,1482.0,2,1482.0,swap,notBad
19236,2,1482.0,2,1482.0,2opt,notBad
19237,2,1482.0,2,1482.0,move,improve
19238,2,1482.0,2,1482.0,move,improve
19239,2,1482.0,2,1482.0,move,improve
19240,2,1482.0,2,1482.0,move,improve
19241,2,1482.0,2,1482.0,2opt,notBad
19242,2,1482.0,2,1482.0,2opt,notBad
19243,2,1482.0,2,1482.0,swap,notBad
19244,2,1482.0,2,1482.0,swap,improve
19245,2,1482.0,2,1482.0,swap,notBad
19246,2,1482.0,2,1482.0,move,improve
19247,2,1482.0,2,1482.0,swap,improve
19248,2,1482.0,2,1482.0,2opt,notBad
19249,2,1482.0,2,1482.0,move,improve
19250,2,1482.0,2,1482.0,move,improve
19251,2,1482.0,2,1482.0,swap,improve
19252,2,1482.0,2,1482.0,2opt,notBad
19253,2,1482.0,2,1482.0,move,improve
19254,2,1482.0,2,1482.0,swap,improve
19255,2,1482.0,2,1482.0,move,improve
19256,2,1482.0,2,1482.0,swap,notBad
19257,2,1482.0,2,1482.0,2opt,notBad
19258,2,1482.0,2,1482.0,move,improve
19259,2,1482.0,2,1482.0,swap,improve
19260,2,1482.0,2,1482.0,2opt,notBad
19261,2,1482.0,2,1482.0,move,improve
19262,2,1482.0,2,1482.0,move,improve
19263,2,1482.0,2,1482.0,2opt,notBad
19264,2,1482.0,2,1482.0,move,improve
19265,2,1482.0,2,1482.0,swap,improve
19266,2,1482.0,2,1482.0,swap,improve
19267,2,1482.0,2,1482.0,move,improve
19268,2,1482.0,2,1482.0,swap,notBad
19269,2,1482.0,2,1482.0,2opt,notBad
19270,2,1482.0,2,1482.0,2opt,notBad
19271,2,1482.0,2,1482.0,2opt,notBad
19272,2,1482.0,2,1482.0,move,improve
19273,2,1482.0,2,1482.0,swap,improve
19274,2,1482.0,2,1482.0,2opt,notBad
19275,2,1482.0,2,1482.0,move,improve
19276,2,1482.0,2,1482.0,2opt,notBad
19277,2,1482.0,2,1482.0,swap,notBad
19278,2,1482.0,2,1482.0,2opt,notBad
19279,2,1482.0,2,1482.0,move,improve
19280,2,1482.0,2,1482.0,move,improve
19281,2,1482.0,2,1482.0,2opt,notBad
19282,2,1482.0,2,1482.0,move,improve
19283,2,1482.0,2,1482.0,swap,notBad
19284,2,1482.0,2,1482.0,move,improve
19285,2,1482.0,2,1482.0,2opt,notBad
19286,2,1482.0,2,1482.0,2opt,notBad
19287,2,1482.0,2,1482.0,move,improve
19288,2,1482.0,2,1482.0,2opt,notBad
19289,2,1482.0,2,1482.0,swap,notBad
19290,2,1482.0,2,1482.0,move,improve
19291,2,1482.0,2,1482.0,swap,improve
19292,2,1482.0,2,1482.0,move,improve
19293,2,1482.0,2,1482.0,swap,notBad
19294,2,1482.0,2,1482.0,2opt,notBad
19295,2,1482.0,2,1482.0,2opt,notBad
19296,2,1482.0,2,1482.0,swap,improve
19297,2,1482.0,2,1482.0,swap,notBad
19298,2,1482.0,2,1482.0,move,improve
19299,2,1482.0,2,1482.0,swap,notBad
19300,2,1482.0,2,1482.0,swap,notBad
19301,2,1482.0,2,1482.0,move,improve
19302,2,1482.0,2,1482.0,move,improve
19303,2,1482.0,2,1482.0,swap,notBad
19304,2,1482.0,2,1482.0,swap,notBad
19305,2,1482.0,2,1482.0,move,improve
19306,2,1482.0,2,1482.0,2opt,notBad
19307,2,1482.0,2,1482.0,2opt,notBad
19308,2,1482.0,2,1482.0,2opt,notBad
19309,2,1482.0,2,1482.0,move,improve
19310,2,1482.1,2,1482.0,swap,acceptBad
19311,2,1482.1,2,1482.0,2opt,notBad
19312,2,1482.1,2,1482.0,swap,notBad
19313,2,1482.1,2,1482.0,move,improve
19314,2,1482.1,2,1482.0,2opt,notBad
19315,2,1482.1,2,1482.0,swap,notBad
19316,2,1482.1,2,1482.0,swap,notBad
19317,2,1482.1,2,1482.0,2opt,notBad
19318,2,1482.1,2,1482.0,move,improve
19319,2,1482.1,2,1482.0,2opt,notBad
19320,2,1482.1,2,1482.0,swap,improve
19321,2,1482.1,2,1482.0,swap,notBad
19322,2,1482.1,2,1482.0,swap,notBad
19323,2,1482.1,2,1482.0,2opt,notBad
19324,2,1482.1,2,1482.0,move,improve
19325,2,1482.1,2,1482.0,2opt,notBad
19326,2,1482.1,2,1482.0,move,improve
19327,2,1482.1,2,1482.0,swap,notBad
19328,2,1482.1,2,1482.0,move,improve
19329,2,1482.1,2,1482.0,move,improve
19330,2,1482.1,2,1482.0,2opt,notBad
19331,2,1482.1,2,1482.0,move,improve
19332,2,1482.1,2,1482.0,move,improve
19333,2,1482.1,2,1482.0,swap,improve
19334,2,1482.1,2,1482.0,swap,notBad
19335,2,1482.1,2,1482.0,2opt,improve
19336,2,1482.1,2,1482.0,2opt,notBad
19337,2,1482.0,2,1482.0,move,improve
19338,2,1482.0,2,1482.0,2opt,notBad
19339,2,1482.0,2,1482.0,swap,improve
19340,2,1482.0,2,1482.0,2opt,notBad
19341,2,1482.0,2,1482.0,swap,improve
19342,2,1482.0,2,1482.0,swap,improve
19343,2,1482.0,2,1482.0,swap,improve
19344,2,1482.0,2,1482.0,move,improve
19345,2,1482.0,2,1482.0,2opt,notBad
19346,2,1482.0,2,1482.0,move,improve
19347,2,1482.0,2,1482.0,2opt,notBad
19348,2,1482.0,2,1482.0,2opt,notBad
19349,2,1482.0,2,1482.0,2opt,notBad
19350,2,1482.0,2,1482.0,move,improve
19351,2,1482.0,2,1482.0,2opt,improve
19352,2,1482.0,2,1482.0,swap,notBad
19353,2,1482.0,2,1482.0,2opt,notBad
19354,2,1482.0,2,1482.0,2opt,notBad
19355,2,1482.0,2,1482.0,2opt,notBad
19356,2,1482.0,2,1482.0,move,improve
19357,2,1482.0,2,1482.0,swap,notBad
19358,2,1482.0,2,1482.0,2opt,notBad
19359,2,1482.0,2,1482.0,2opt,notBad
19360,2,1482.0,2,1482.0,move,improve
19361,2,1482.0,2,1482.0,move,improve
19362,2,1482.0,2,1482.0,move,improve
19363,2,1482.0,2,1482.0,swap,notBad
19364,2,1482.0,2,1482.0,move,improve
19365,2,1482.0,2,1482.0,2opt,notBad
19366,2,1482.1,2,1482.0,swap,acceptBad
19367,2,1482.1,2,1482.0,2opt,notBad
19368,2,1482.1,2,1482.0,swap,notBad
19369,2,1482.1,2,1482.0,2opt,notBad
19370,2,1482.1,2,1482.0,2opt,notBad
19371,2,1482.0,2,1482.0,swap,improve
19372,2,1482.0,2,1482.0,swap,improve
19373,2,1482.0,2,1482.0,swap,improve
19374,2,1482.0,2,1482.0,move,improve
19375,2,1482.0,2,1482.0,swap,notBad
19376,2,1482.0,2,1482.0,swap,improve
19377,2,1482.0,2,1482.0,move,improve
19378,2,1482.0,2,1482.0,swap,improve
19379,2,1482.0,2,1482.0,2opt,notBad
19380,2,1482.0,2,1482.0,swap,notBad
19381,2,1482.0,2,1482.0,move,improve
19382,2,1482.0,2,1482.0,swap,improve
19383,2,1482.0,2,1482.0,2opt,notBad
19384,2,1482.0,2,1482.0,2opt,notBad
19385,2,1482.0,2,1482.0,move,improve
19386,2,1482.0,2,1482.0,move,improve
19387,2,1482.0,2,1482.0,move,improve
19388,2,1482.0,2,1482.0,move,improve
19389,2,1482.0,2,1482.0,move,improve
19390,2,1482.0,2,1482.0,move,improve
19391,2,1482.0,2,1482.0,2opt,improve
19392,2,1482.0,2,1482.0,2opt,notBad
19393,2,1482.0,2,1482.0,2opt,notBad
19394,2,1482.0,2,1482.0,move,improve
19395,2,1482.0,2,1482.0,move,improve
19396,2,1482.0,2,1482.0,2opt,improve
19397,2,1482.0,2,1482.0,swap,notBad
19398,2,1482.0,2,1482.0,2opt,notBad
19399,2,1482.0,2,1482.0,move,improve
19400,2,1482.0,2,1482.0,swap,notBad
19401,2,1482.0,2,1482.0,swap,notBad
19402,2,1482.0,2,1482.0,2opt,improve
19403,2,1482.0,2,1482.0,move,improve
19404,2,1482.0,2,1482.0,2opt,notBad
19405,2,1482.0,2,1482.0,move,improve
19406,2,1482.0,2,1482.0,2opt,notBad
19407,2,1482.0,2,1482.0,move,improve
19408,2,1482.0,2,1482.0,move,improve
19409,2,1482.0,2,1482.0,2opt,notBad
19410,2,1482.0,2,1482.0,2opt,notBad
19411,2,1482.0,2,1482.0,2opt,notBad
19412,2,1482.0,2,1482.0,move,improve
19413,2,1482.0,2,1482.0,swap,notBad
19414,2,1482.0,2,1482.0,2opt,notBad
19415,2,1482.0,2,1482.0,move,improve
19416,2,1482.0,2,1482.0,2opt,improve
19417,2,1482.0,2,1482.0,move,improve
19418,2,1482.0,2,1482.0,swap,notBad
19419,2,1482.0,2,1482.0,2opt,notBad
19420,2,1482.0,2,1482.0,swap,improve
19421,2,1482.0,2,1482.0,2opt,notBad
19422,2,1482.0,2,1482.0,2opt,notBad
19423,2,1482.0,2,1482.0,2opt,notBad
19424,2,1482.0,2,1482.0,2opt,improve
19425,2,1482.0,2,1482.0,move,improve
19426,2,1482.0,2,1482.0,swap,notBad
19427,2,1482.0,2,1482.0,2opt,notBad
19428,2,1482.0,2,1482.0,move,improve
19429,2,1482.0,2,1482.0,move,improve
19430,2,1482.0,2,1482.0,move,improve
19431,2,1482.0,2,1482.0,2opt,notBad
19432,2,1482.0,2,1482.0,move,improve
19433,2,1482.0,2,1482.0,swap,improve
19434,2,1482.0,2,1482.0,move,improve
19435,2,1482.0,2,1482.0,move,improve
19436,2,1482.0,2,1482.0,swap,improve
19437,2,1482.0,2,1482.0,2opt,notBad
19438,2,1482.0,2,1482.0,move,improve
19439,2,1482.0,2,1482.0,swap,notBad
19440,2,1482.0,2,1482.0,move,improve
19441,2,1482.0,2,1482.0,move,improve
19442,2,1482.0,2,1482.0,2opt,notBad
19443,2,1482.0,2,1482.0,2opt,notBad
19444,2,1482.0,2,1482.0,swap,notBad
19445,2,1482.0,2,1482.0,move,improve
19446,2,1482.0,2,1482.0,swap,improve
19447,2,1482.0,2,1482.0,2opt,improve
19448,2,1482.0,2,1482.0,move,notBad
19449,2,1482.0,2,1482.0,2opt,notBad
19450,2,1482.0,2,1482.0,swap,notBad
19451,2,1482.0,2,1482.0,2opt,notBad
19452,2,1482.0,2,1482.0,2opt,notBad
19453,2,1482.0,2,1482.0,move,improve
19454,2,1482.0,2,1482.0,move,improve
19455,2,1482.0,2,1482.0,2opt,notBad
19456,2,1482.0,2,1482.0,2opt,notBad
19457,2,1482.0,2,1482.0,swap,notBad
19458,2,1482.0,2,1482.0,swap,notBad
19459,2,1482.0,2,1482.0,swap,improve
19460,2,1482.0,2,1482.0,move,improve
19461,2,1482.0,2,1482.0,swap,improve
19462,2,1482.0,2,1482.0,2opt,notBad
19463,2,1482.0,2,1482.0,move,improve
19464,2,1482.0,2,1482.0,swap,improve
19465,2,1482.0,2,1482.0,swap,improve
19466,2,1482.0,2,1482.0,2opt,notBad
19467,2,1482.0,2,1482.0,move,improve
19468,2,1482.0,2,1482.0,2opt,notBad
19469,2,1482.0,2,1482.0,swap,improve
19470,2,1482.0,2,1482.0,swap,notBad
19471,2,1482.0,2,1482.0,move,improve
19472,2,1482.0,2,1482.0,2opt,notBad
19473,2,1482.0,2,1482.0,move,improve
19474,2,1482.0,2,1482.0,swap,notBad
19475,2,1482.0,2,1482.0,swap,notBad
19476,2,1482.0,2,1482.0,2opt,notBad
19477,2,1482.0,2,1482.0,move,improve
19478,2,1482.0,2,1482.0,swap,notBad
19479,2,1482.0,2,1482.0,swap,improve
19480,2,1482.0,2,1482.0,swap,improve
19481,2,1482.0,2,1482.0,2opt,notBad
19482,2,1482.0,2,1482.0,move,improve
19483,2,1482.0,2,1482.0,swap,improve
19484,2,1482.0,2,1482.0,move,improve
19485,2,1482.0,2,1482.0,2opt,notBad
19486,2,1482.0,2,1482.0,swap,improve
19487,2,1482.0,2,1482.0,2opt,notBad
19488,2,1482.0,2,1482.0,move,improve
19489,2,1482.0,2,1482.0,2opt,notBad
19490,2,1482.0,2,1482.0,move,improve
19491,2,1482.0,2,1482.0,swap,notBad
19492,2,1482.0,2,1482.0,swap,improve
19493,2,1482.0,2,1482.0,2opt,notBad
19494,2,1482.0,2,1482.0,2opt,notBad
19495,2,1482.0,2,1482.0,swap,improve
19496,2,1482.0,2,1482.0,move,improve
19497,2,1482.0,2,1482.0,2opt,improve
19498,2,1482.0,2,1482.0,move,improve
19499,2,1482.0,2,1482.0,2opt,notBad
19500,2,1482.0,2,1482.0,move,improve
19501,2,1482.0,2,1482.0,move,improve
19502,2,1482.0,2,1482.0,swap,improve
19503,2,1482.0,2,1482.0,swap,improve
19504,2,1482.0,2,1482.0,swap,improve
19505,2,1482.0,2,1482.0,move,improve
19506,2,1482.0,2,1482.0,move,improve
19507,2,1482.0,2,1482.0,move,improve
19508,2,1482.0,2,1482.0,2opt,improve
19509,2,1482.0,2,1482.0,2opt,notBad
19510,2,1482.0,2,1482.0,2opt,notBad
19511,2,1482.0,2,1482.0,move,improve
19512,2,1482.0,2,1482.0,swap,notBad
19513,2,1482.0,2,1482.0,swap,improve
19514,2,1482.0,2,1482.0,move,improve
19515,2,1482.0,2,1482.0,move,improve
19516,2,1482.0,2,1482.0,swap,improve
19517,2,1482.0,2,1482.0,swap,notBad
19518,2,1482.0,2,1482.0,swap,notBad
19519,2,1482.0,2,1482.0,swap,notBad
19520,2,1482.0,2,1482.0,move,improve
19521,2,1482.0,2,1482.0,swap,notBad
19522,2,1482.0,2,1482.0,move,improve
19523,2,1482.0,2,1482.0,move,improve
19524,2,1482.0,2,1482.0,2opt,notBad
19525,2,1482.0,2,1482.0,move,improve
19526,2,1482.0,2,1482.0,2opt,notBad
19527,2,1482.0,2,1482.0,move,improve
19528,2,1482.0,2,1482.0,swap,improve
19529,2,1482.0,2,1482.0,move,improve
19530,2,1482.0,2,1482.0,2opt,notBad
19531,2,1482.0,2,1482.0,2opt,notBad
19532,2,1482.0,2,1482.0,swap,improve
19533,2,1482.0,2,1482.0,2opt,notBad
19534,2,1482.0,2,1482.0,2opt,improve
19535,2,1482.0,2,1482.0,2opt,notBad
19536,2,1482.0,2,1482.0,2opt,notBad
19537,2,1482.0,2,1482.0,swap,improve
19538,2,1482.0,2,1482.0,2opt,notBad
19539,2,1482.0,2,1482.0,move,improve
19540,2,1482.0,2,1482.0,2opt,notBad
19541,2,1482.0,2,1482.0,2opt,notBad
19542,2,1482.0,2,1482.0,move,improve
19543,2,1482.0,2,1482.0,move,improve
19544,2,1482.0,2,1482.0,2opt,notBad
19545,2,1482.0,2,1482.0,move,improve
19546,2,1482.0,2,1482.0,swap,notBad
19547,2,1482.0,2,1482.0,2opt,notBad
19548,2,1482.0,2,1482.0,2opt,notBad
19549,2,1482.0,2,1482.0,move,improve
19550,2,1482.0,2,1482.0,swap,notBad
19551,2,1482.0,2,1482.0,2opt,notBad
19552,2,1482.0,2,1482.0,move,improve
19553,2,1482.3000000000002,2,1482.0,move,acceptBad
19554,2,1482.3000000000002,2,1482.0,2opt,notBad
19555,2,1482.3000000000002,2,1482.0,2opt,notBad
19556,2,1482.3000000000002,2,1482.0,2opt,notBad
19557,2,1482.3000000000002,2,1482.0,swap,improve
19558,2,1482.3000000000002,2,1482.0,swap,improve
19559,2,1482.3000000000002,2,1482.0,2opt,notBad
19560,2,1482.3000000000002,2,1482.0,move,improve
19561,2,1482.3000000000002,2,1482.0,2opt,notBad
19562,2,1482.3000000000002,2,1482.0,swap,improve
19563,2,1482.3000000000002,2,1482.0,2opt,notBad
19564,2,1482.3000000000002,2,1482.0,2opt,notBad
19565,2,1482.3000000000002,2,1482.0,swap,notBad
19566,2,1482.0,2,1482.0,swap,improve
19567,2,1482.0,2,1482.0,2opt,notBad
19568,2,1482.0,2,1482.0,2opt,notBad
19569,2,1482.0,2,1482.0,2opt,notBad
19570,2,1482.0,2,1482.0,move,improve
19571,2,1482.0,2,1482.0,swap,notBad
19572,2,1482.0,2,1482.0,move,improve
19573,2,1482.0,2,1482.0,2opt,notBad
19574,2,1482.0,2,1482.0,2opt,notBad
19575,2,1482.0,2,1482.0,move,improve
19576,2,1482.0,2,1482.0,swap,notBad
19577,2,1482.0,2,1482.0,2opt,notBad
19578,2,1482.0,2,1482.0,move,improve
19579,2,1482.0,2,1482.0,move,improve
19580,2,1482.0,2,1482.0,move,improve
19581,2,1482.0,2,1482.0,2opt,notBad
19582,2,1482.0,2,1482.0,move,improve
19583,2,1482.0,2,1482.0,2opt,notBad
19584,2,1482.0,2,1482.0,2opt,notBad
19585,2,1482.0,2,1482.0,2opt,notBad
19586,2,1482.0,2,1482.0,move,improve
19587,2,1482.0,2,1482.0,move,improve
19588,2,1482.0,2,1482.0,swap,improve
19589,2,1482.0,2,1482.0,swap,improve
19590,2,1482.0,2,1482.0,2opt,notBad
19591,2,1482.0,2,1482.0,2opt,notBad
19592,2,1482.0,2,1482.0,move,improve
19593,2,1482.0,2,1482.0,2opt,notBad
19594,2,1482.0,2,1482.0,2opt,notBad
19595,2,1482.0,2,1482.0,move,improve
19596,2,1482.0,2,1482.0,2opt,notBad
19597,2,1482.0,2,1482.0,swap,notBad
19598,2,1482.0,2,1482.0,2opt,notBad
19599,2,1482.0,2,1482.0,2opt,notBad
19600,2,1482.0,2,1482.0,2opt,notBad
19601,2,1482.0,2,1482.0,2opt,notBad
19602,2,1482.0,2,1482.0,swap,notBad
19603,2,1482.0,2,1482.0,move,improve
19604,2,1482.0,2,1482.0,2opt,notBad
19605,2,1482.0,2,1482.0,2opt,notBad
19606,2,1482.0,2,1482.0,2opt,notBad
19607,2,1482.0,2,1482.0,swap,improve
19608,2,1482.0,2,1482.0,move,improve
19609,2,1482.0,2,1482.0,swap,notBad
19610,2,1482.0,2,1482.0,swap,notBad
19611,2,1482.0,2,1482.0,move,improve
19612,2,1482.0,2,1482.0,2opt,notBad
19613,2,1482.0,2,1482.0,move,improve
19614,2,1482.0,2,1482.0,2opt,notBad
19615,2,1482.0,2,1482.0,swap,notBad
19616,2,1482.0,2,1482.0,2opt,improve
19617,2,1482.0,2,1482.0,2opt,notBad
19618,2,1482.0,2,1482.0,swap,notBad
19619,2,1482.0,2,1482.0,2opt,improve
19620,2,1482.0,2,1482.0,move,improve
19621,2,1482.0,2,1482.0,swap,notBad
19622,2,1482.0,2,1482.0,2opt,notBad
19623,2,1482.0,2,1482.0,swap,notBad
19624,2,1482.0,2,1482.0,swap,improve
19625,2,1482.0,2,1482.0,2opt,notBad
19626,2,1482.0,2,1482.0,swap,notBad
19627,2,1482.0,2,1482.0,swap,notBad
19628,2,1482.0,2,1482.0,2opt,notBad
19629,2,1482.0,2,1482.0,move,improve
19630,2,1482.0,2,1482.0,swap,notBad
19631,2,1482.0,2,1482.0,2opt,notBad
19632,2,1482.0,2,1482.0,swap,improve
19633,2,1482.0,2,1482.0,2opt,improve
19634,2,1482.0,2,1482.0,2opt,notBad
19635,2,1482.0,2,1482.0,swap,notBad
19636,2,1482.0,2,1482.0,move,improve
19637,2,1482.0,2,1482.0,2opt,notBad
19638,2,1482.0,2,1482.0,swap,notBad
19639,2,1482.0,2,1482.0,move,improve
19640,2,1482.0,2,1482.0,swap,improve
19641,2,1482.0,2,1482.0,2opt,notBad
19642,2,1482.0,2,1482.0,2opt,notBad
19643,2,1482.0,2,1482.0,swap,notBad
19644,2,1482.0,2,1482.0,swap,notBad
19645,2,1482.0,2,1482.0,swap,notBad
19646,2,1482.0,2,1482.0,swap,improve
19647,2,1482.0,2,1482.0,2opt,improve
19648,2,1482.0,2,1482.0,swap,improve
19649,2,1482.0,2,1482.0,2opt,notBad
19650,2,1482.0,2,1482.0,swap,improve
19651,2,1482.0,2,1482.0,move,improve
19652,2,1482.0,2,1482.0,swap,notBad
19653,2,1482.0,2,1482.0,swap,improve
19654,2,1482.0,2,1482.0,move,improve
19655,2,1482.0,2,1482.0,swap,improve
19656,2,1482.0,2,1482.0,move,improve
19657,2,1482.0,2,1482.0,move,improve
19658,2,1482.0,2,1482.0,2opt,notBad
19659,2,1482.0,2,1482.0,move,improve
19660,2,1482.0,2,1482.0,2opt,notBad
19661,2,1482.0,2,1482.0,2opt,notBad
19662,2,1482.0,2,1482.0,swap,notBad
19663,2,1482.0,2,1482.0,swap,improve
19664,2,1482.0,2,1482.0,swap,notBad
19665,2,1482.0,2,1482.0,swap,notBad
19666,2,1482.0,2,1482.0,2opt,notBad
19667,2,1482.0,2,1482.0,move,improve
19668,2,1482.0,2,1482.0,move,improve
19669,2,1482.0,2,1482.0,2opt,notBad
19670,2,1482.0,2,1482.0,swap,notBad
19671,2,1482.0,2,1482.0,move,improve
19672,2,1482.0,2,1482.0,swap,notBad
19673,2,1482.0,2,1482.0,swap,improve
19674,2,1482.0,2,1482.0,swap,notBad
19675,2,1482.0,2,1482.0,move,improve
19676,2,1482.0,2,1482.0,2opt,notBad
19677,2,1482.0,2,1482.0,swap,notBad
19678,2,1482.0,2,1482.0,swap,improve
19679,2,1482.0,2,1482.0,swap,improve
19680,2,1482.0,2,1482.0,swap,improve
19681,2,1482.0,2,1482.0,swap,notBad
19682,2,1482.0,2,1482.0,2opt,notBad
19683,2,1482.0,2,1482.0,swap,improve
19684,2,1482.0,2,1482.0,2opt,improve
19685,2,1482.0,2,1482.0,move,improve
19686,2,1482.0,2,1482.0,2opt,notBad
19687,2,1482.0,2,1482.0,2opt,notBad
19688,2,1482.0,2,1482.0,move,improve
19689,2,1482.0,2,1482.0,2opt,notBad
19690,2,1482.0,2,1482.0,2opt,notBad
19691,2,1482.0,2,1482.0,swap,improve
19692,2,1482.0,2,1482.0,move,improve
19693,2,1482.0,2,1482.0,swap,notBad
19694,2,1482.0,2,1482.0,move,improve
19695,2,1482.0,2,1482.0,swap,notBad
19696,2,1482.0,2,1482.0,swap,notBad
19697,2,1482.0,2,1482.0,2opt,notBad
19698,2,1482.0,2,1482.0,2opt,notBad
19699,2,1482.0,2,1482.0,move,improve
19700,2,1482.0,2,1482.0,2opt,notBad
19701,2,1482.0,2,1482.0,move,improve
19702,2,1482.0,2,1482.0,2opt,improve
19703,2,1482.0,2,1482.0,swap,notBad
19704,2,1482.0,2,1482.0,swap,notBad
19705,2,1482.0,2,1482.0,swap,notBad
19706,2,1482.0,2,1482.0,move,improve
19707,2,1482.0,2,1482.0,2opt,notBad
19708,2,1482.0,2,1482.0,2opt,notBad
19709,2,1482.0,2,1482.0,swap,improve
19710,2,1482.0,2,1482.0,swap,improve
19711,2,1482.0,2,1482.0,2opt,notBad
19712,2,1482.0,2,1482.0,2opt,notBad
19713,2,1482.0,2,1482.0,2opt,improve
19714,2,1482.0,2,1482.0,move,improve
19715,2,1482.0,2,1482.0,swap,notBad
19716,2,1482.0,2,1482.0,swap,improve
19717,2,1482.0,2,1482.0,2opt,notBad
19718,2,1482.0,2,1482.0,2opt,notBad
19719,2,1482.0,2,1482.0,2opt,notBad
19720,2,1482.0,2,1482.0,swap,notBad
19721,2,1482.0,2,1482.0,swap,improve
19722,2,1482.0,2,1482.0,move,improve
19723,2,1482.0,2,1482.0,move,improve
19724,2,1482.0,2,1482.0,move,improve
19725,2,1482.0,2,1482.0,2opt,notBad
19726,2,1482.0,2,1482.0,2opt,notBad
19727,2,1482.0,2,1482.0,move,improve
19728,2,1482.0,2,1482.0,2opt,notBad
19729,2,1482.0,2,1482.0,swap,notBad
19730,2,1482.0,2,1482.0,move,improve
19731,2,1482.0,2,1482.0,swap,notBad
19732,2,1482.0,2,1482.0,2opt,notBad
19733,2,1482.0,2,1482.0,2opt,notBad
19734,2,1482.0,2,1482.0,swap,notBad
19735,2,1482.0,2,1482.0,2opt,notBad
19736,2,1482.0,2,1482.0,move,improve
19737,2,1482.0,2,1482.0,move,improve
19738,2,1482.0,2,1482.0,2opt,notBad
19739,2,1482.0,2,1482.0,move,improve
19740,2,1482.0,2,1482.0,2opt,notBad
19741,2,1482.0,2,1482.0,swap,improve
19742,2,1482.0,2,1482.0,move,improve
19743,2,1482.0,2,1482.0,swap,improve
19744,2,1482.0,2,1482.0,move,improve
19745,2,1482.0,2,1482.0,move,improve
19746,2,1482.0,2,1482.0,move,improve
19747,2,1482.0,2,1482.0,move,improve
19748,2,1482.0,2,1482.0,2opt,notBad
19749,2,1482.0,2,1482.0,2opt,notBad
19750,2,1482.0,2,1482.0,swap,notBad
19751,2,1482.0,2,1482.0,swap,notBad
19752,2,1482.0,2,1482.0,move,improve
19753,2,1482.0,2,1482.0,move,improve
19754,2,1482.0,2,1482.0,2opt,notBad
19755,2,1482.0,2,1482.0,move,improve
19756,2,1482.0,2,1482.0,swap,notBad
19757,2,1482.0,2,1482.0,swap,notBad
19758,2,1482.0,2,1482.0,2opt,notBad
19759,2,1482.0,2,1482.0,move,improve
19760,2,1482.0,2,1482.0,2opt,notBad
19761,2,1482.0,2,1482.0,2opt,notBad
19762,2,1482.0,2,1482.0,move,improve
19763,2,1482.0,2,1482.0,swap,improve
19764,2,1482.0,2,1482.0,move,improve
19765,2,1482.0,2,1482.0,2opt,notBad
19766,2,1482.0,2,1482.0,swap,notBad
19767,2,1482.0,2,1482.0,move,improve
19768,2,1482.0,2,1482.0,move,improve
19769,2,1482.0,2,1482.0,move,improve
19770,2,1482.0,2,1482.0,swap,improve
19771,2,1482.0,2,1482.0,swap,notBad
19772,2,1482.0,2,1482.0,move,improve
19773,2,1482.0,2,1482.0,2opt,notBad
19774,2,1482.0,2,1482.0,move,improve
19775,2,1482.0,2,1482.0,2opt,notBad
19776,2,1482.0,2,1482.0,swap,improve
19777,2,1482.0,2,1482.0,swap,notBad
19778,2,1482.0,2,1482.0,2opt,notBad
19779,2,1482.0,2,1482.0,swap,improve
19780,2,1482.0,2,1482.0,2opt,notBad
19781,2,1482.0,2,1482.0,swap,improve
19782,2,1482.0,2,1482.0,2opt,notBad
19783,2,1482.0,2,1482.0,swap,improve
19784,2,1482.0,2,1482.0,swap,notBad
19785,2,1482.0,2,1482.0,2opt,notBad
19786,2,1482.0,2,1482.0,2opt,notBad
19787,2,1482.0,2,1482.0,2opt,notBad
19788,2,1482.0,2,1482.0,move,improve
19789,2,1482.0,2,1482.0,swap,notBad
19790,2,1482.0,2,1482.0,swap,notBad
19791,2,1482.0,2,1482.0,2opt,notBad
19792,2,1482.0,2,1482.0,2opt,notBad
19793,2,1482.0,2,1482.0,2opt,notBad
19794,2,1482.0,2,1482.0,move,improve
19795,2,1482.0,2,1482.0,swap,improve
19796,2,1482.0,2,1482.0,swap,notBad
19797,2,1482.0,2,1482.0,move,improve
19798,2,1482.0,2,1482.0,2opt,notBad
19799,2,1482.0,2,1482.0,swap,notBad
19800,2,1482.0,2,1482.0,move,improve
19801,2,1482.0,2,1482.0,swap,notBad
19802,2,1482.0,2,1482.0,2opt,notBad
19803,2,1482.0,2,1482.0,swap,notBad
19804,2,1482.0,2,1482.0,2opt,notBad
19805,2,1482.0,2,1482.0,swap,notBad
19806,2,1482.0,2,1482.0,2opt,notBad
19807,2,1482.0,2,1482.0,swap,notBad
19808,2,1482.0,2,1482.0,move,improve
19809,2,1482.0,2,1482.0,move,improve
19810,2,1482.0,2,1482.0,2opt,notBad
19811,2,1482.0,2,1482.0,move,improve
19812,2,1482.0,2,1482.0,move,improve
19813,2,1482.0,2,1482.0,move,improve
19814,2,1482.0,2,1482.0,swap,improve
19815,2,1482.0,2,1482.0,swap,improve
19816,2,1482.0,2,1482.0,2opt,notBad
19817,2,1482.0,2,1482.0,move,improve
19818,2,1482.0,2,1482.0,swap,improve
19819,2,1482.0,2,1482.0,move,improve
19820,2,1482.0,2,1482.0,move,improve
19821,2,1482.0,2,1482.0,swap,notBad
19822,2,1482.0,2,1482.0,swap,notBad
19823,2,1482.0,2,1482.0,move,improve
19824,2,1482.0,2,1482.0,swap,improve
19825,2,1482.0,2,1482.0,swap,improve
19826,2,1482.0,2,1482.0,swap,improve
19827,2,1482.0,2,1482.0,swap,notBad
19828,2,1482.0,2,1482.0,swap,improve
19829,2,1482.0,2,1482.0,move,improve
19830,2,1482.0,2,1482.0,move,improve
19831,2,1482.0,2,1482.0,swap,improve
19832,2,1482.0,2,1482.0,move,improve
19833,2,1482.0,2,1482.0,move,improve
19834,2,1482.0,2,1482.0,swap,improve
19835,2,1482.0,2,1482.0,move,improve
19836,2,1482.0,2,1482.0,swap,notBad
19837,2,1482.0,2,1482.0,swap,notBad
19838,2,1482.0,2,1482.0,2opt,notBad
19839,2,1482.0,2,1482.0,move,improve
19840,2,1482.0,2,1482.0,move,improve
19841,2,1482.0,2,1482.0,move,improve
19842,2,1482.0,2,1482.0,move,improve
19843,2,1482.3000000000002,2,1482.0,move,acceptBad
19844,2,1482.3000000000002,2,1482.0,swap,improve
19845,2,1482.3000000000002,2,1482.0,swap,notBad
19846,2,1482.3000000000002,2,1482.0,swap,notBad
19847,2,1482.3000000000002,2,1482.0,2opt,notBad
19848,2,1482.3000000000002,2,1482.0,swap,improve
19849,2,1482.3000000000002,2,1482.0,2opt,improve
19850,2,1482.3000000000002,2,1482.0,2opt,notBad
19851,2,1482.3000000000002,2,1482.0,swap,improve
19852,2,1482.3000000000002,2,1482.0,swap,improve
19853,2,1482.3000000000002,2,1482.0,move,improve
19854,2,1482.3000000000002,2,1482.0,2opt,notBad
19855,2,1482.3000000000002,2,1482.0,swap,notBad
19856,2,1482.3000000000002,2,1482.0,swap,improve
19857,2,1482.3000000000002,2,1482.0,move,improve
19858,2,1482.3000000000002,2,1482.0,swap,notBad
19859,2,1482.3000000000002,2,1482.0,2opt,notBad
19860,2,1482.3000000000002,2,1482.0,move,improve
19861,2,1482.3000000000002,2,1482.0,swap,notBad
19862,2,1482.3000000000002,2,1482.0,move,improve
19863,2,1482.3000000000002,2,1482.0,swap,notBad
19864,2,1482.3000000000002,2,1482.0,swap,improve
19865,2,1482.3000000000002,2,1482.0,move,improve
19866,2,1482.3000000000002,2,1482.0,move,improve
19867,2,1482.3000000000002,2,1482.0,2opt,notBad
19868,2,1482.3000000000002,2,1482.0,swap,notBad
19869,2,1482.3000000000002,2,1482.0,2opt,notBad
19870,2,1482.3000000000002,2,1482.0,move,improve
19871,2,1482.3000000000002,2,1482.0,move,improve
19872,2,1482.3000000000002,2,1482.0,move,improve
19873,2,1482.3000000000002,2,1482.0,move,improve
19874,2,1482.3000000000002,2,1482.0,2opt,notBad
19875,2,1482.3000000000002,2,1482.0,swap,notBad
19876,2,1482.3000000000002,2,1482.0,swap,notBad
19877,2,1482.3000000000002,2,1482.0,move,improve
19878,2,1482.3000000000002,2,1482.0,2opt,notBad
19879,2,1482.3000000000002,2,1482.0,move,improve
19880,2,1482.3000000000002,2,1482.0,swap,notBad
19881,2,1482.3000000000002,2,1482.0,move,improve
19882,2,1482.3000000000002,2,1482.0,move,improve
19883,2,1482.3000000000002,2,1482.0,swap,notBad
19884,2,1482.3000000000002,2,1482.0,2opt,notBad
19885,2,1482.3000000000002,2,1482.0,swap,notBad
19886,2,1482.3000000000002,2,1482.0,move,improve
19887,2,1482.3000000000002,2,1482.0,2opt,notBad
19888,2,1482.3000000000002,2,1482.0,2opt,notBad
19889,2,1482.3000000000002,2,1482.0,2opt,notBad
19890,2,1482.3000000000002,2,1482.0,2opt,notBad
19891,2,1482.3000000000002,2,1482.0,2opt,notBad
19892,2,1482.3000000000002,2,1482.0,swap,improve
19893,2,1482.3000000000002,2,1482.0,swap,notBad
19894,2,1482.3000000000002,2,1482.0,2opt,notBad
19895,2,1482.3000000000002,2,1482.0,2opt,notBad
19896,2,1482.3000000000002,2,1482.0,2opt,notBad
19897,2,1482.3000000000002,2,1482.0,move,improve
19898,2,1482.3000000000002,2,1482.0,swap,notBad
19899,2,1482.3000000000002,2,1482.0,2opt,notBad
19900,2,1482.3000000000002,2,1482.0,swap,notBad
19901,2,1482.3000000000002,2,1482.0,move,improve
19902,2,1482.3000000000002,2,1482.0,swap,improve
19903,2,1482.3000000000002,2,1482.0,swap,improve
19904,2,1482.4,2,1482.0,swap,acceptBad
19905,2,1482.4,2,1482.0,2opt,notBad
19906,2,1482.4,2,1482.0,swap,improve
19907,2,1482.4,2,1482.0,swap,notBad
19908,2,1482.4,2,1482.0,move,improve
19909,2,1482.4,2,1482.0,move,improve
19910,2,1482.4,2,1482.0,move,improve
19911,2,1482.4,2,1482.0,2opt,notBad
19912,2,1482.4,2,1482.0,swap,improve
19913,2,1482.4,2,1482.0,move,improve
19914,2,1482.4,2,1482.0,2opt,notBad
19915,2,1482.4,2,1482.0,move,improve
19916,2,1482.4,2,1482.0,2opt,notBad
19917,2,1482.4,2,1482.0,move,improve
19918,2,1482.1,2,1482.0,swap,improve
19919,2,1482.1,2,1482.0,swap,notBad
19920,2,1482.1,2,1482.0,move,improve
19921,2,1482.1,2,1482.0,swap,improve
19922,2,1482.1,2,1482.0,2opt,notBad
19923,2,1482.1,2,1482.0,swap,improve
19924,2,1482.1,2,1482.0,swap,notBad
19925,2,1482.1,2,1482.0,swap,notBad
19926,2,1482.1,2,1482.0,move,improve
19927,2,1482.1,2,1482.0,2opt,notBad
19928,2,1482.1,2,1482.0,2opt,improve
19929,2,1482.1,2,1482.0,swap,notBad
19930,2,1482.1,2,1482.0,move,improve
19931,2,1482.1,2,1482.0,2opt,notBad
19932,2,1482.1,2,1482.0,2opt,notBad
19933,2,1482.1,2,1482.0,2opt,notBad
19934,2,1482.1,2,1482.0,2opt,notBad
19935,2,1482.1,2,1482.0,move,improve
19936,2,1482.1,2,1482.0,swap,improve
19937,2,1482.1,2,1482.0,move,improve
19938,2,1482.1,2,1482.0,2opt,notBad
19939,2,1482.1,2,1482.0,2opt,notBad
19940,2,1482.1,2,1482.0,move,improve
19941,2,1482.1,2,1482.0,move,improve
19942,2,1482.1,2,1482.0,move,improve
19943,2,1482.1,2,1482.0,swap,improve
19944,2,1482.1,2,1482.0,2opt,notBad
19945,2,1482.1,2,1482.0,move,improve
19946,2,1482.1,2,1482.0,move,improve
19947,2,1482.1,2,1482.0,swap,notBad
19948,2,1482.1,2,1482.0,2opt,notBad
19949,2,1482.1,2,1482.0,swap,notBad
19950,2,1482.1,2,1482.0,swap,notBad
19951,2,1482.1,2,1482.0,2opt,notBad
19952,2,1482.1,2,1482.0,swap,improve
19953,2,1482.1,2,1482.0,2opt,notBad
19954,2,1482.1,2,1482.0,move,improve
19955,2,1482.1,2,1482.0,2opt,notBad
19956,2,1482.1,2,1482.0,2opt,notBad
19957,2,1482.1,2,1482.0,swap,notBad
19958,2,1482.1,2,1482.0,swap,notBad
19959,2,1482.1,2,1482.0,swap,notBad
19960,2,1482.1,2,1482.0,move,improve
19961,2,1482.1,2,1482.0,2opt,notBad
19962,2,1482.1,2,1482.0,move,improve
19963,2,1482.1,2,1482.0,swap,notBad
19964,2,1482.1,2,1482.0,2opt,improve
19965,2,1482.1,2,1482.0,2opt,notBad
19966,2,1482.1,2,1482.0,swap,notBad
19967,2,1482.1,2,1482.0,move,improve
19968,2,1482.1,2,1482.0,swap,improve
19969,2,1482.1,2,1482.0,swap,notBad
19970,2,1482.1,2,1482.0,2opt,notBad
19971,2,1482.1,2,1482.0,2opt,notBad
19972,2,1482.1,2,1482.0,2opt,notBad
19973,2,1482.1,2,1482.0,2opt,notBad
19974,2,1482.1,2,1482.0,move,improve
19975,2,1482.1,2,1482.0,2opt,notBad
19976,2,1482.1,2,1482.0,2opt,notBad
19977,2,1482.1,2,1482.0,2opt,notBad
19978,2,1482.1,2,1482.0,swap,notBad
19979,2,1482.1,2,1482.0,2opt,notBad
19980,2,1482.1,2,1482.0,swap,notBad
19981,2,1482.1,2,1482.0,2opt,notBad
19982,2,1482.1,2,1482.0,move,improve
19983,2,1482.1,2,1482.0,move,improve
19984,2,1482.1,2,1482.0,move,improve
19985,2,1482.1,2,1482.0,2opt,notBad
19986,2,1482.1,2,1482.0,swap,improve
19987,2,1482.1,2,1482.0,move,improve
19988,2,1482.1,2,1482.0,move,improve
19989,2,1482.1,2,1482.0,2opt,notBad
19990,2,1482.1,2,1482.0,2opt,notBad
19991,2,1482.1,2,1482.0,move,improve
19992,2,1482.1,2,1482.0,move,improve
19993,2,1482.1,2,1482.0,2opt,notBad
19994,2,1482.1,2,1482.0,2opt,notBad
19995,2,1482.1,2,1482.0,move,improve
19996,2,1482.1,2,1482.0,swap,improve
19997,2,1482.1,2,1482.0,swap,notBad
19998,2,1482.1,2,1482.0,move,improve
19999,2,1482.1,2,1482.0,2opt,improve
