i,vehi,obj,vehiBest,objBest,loFunc,note
1,3,3930.84,2,263.08000000000004,2opt,acceptBad
2,3,3103.4400000000005,2,263.08000000000004,move,improve
3,3,3283.12,2,263.08000000000004,swap,acceptBad
4,3,3175.08,2,263.08000000000004,move,improve
5,3,3177.48,2,263.08000000000004,swap,acceptBad
6,3,2697.96,2,263.08000000000004,move,improve
7,3,2722.7200000000003,2,263.08000000000004,2opt,acceptBad
8,3,2670.6000000000004,2,263.08000000000004,swap,improve
9,3,2628.8,2,263.08000000000004,swap,improve
10,3,2628.8,2,263.08000000000004,move,improve
11,3,1786.2000000000003,2,263.08000000000004,move,improve
12,3,1758.0800000000008,2,263.08000000000004,move,improve
13,3,1799.6000000000008,2,263.08000000000004,swap,acceptBad
14,3,1823.2000000000005,2,263.08000000000004,swap,acceptBad
15,3,1827.6000000000004,2,263.08000000000004,swap,acceptBad
16,3,1827.6000000000004,2,263.08000000000004,move,improve
17,3,1829.5600000000004,2,263.08000000000004,swap,acceptBad
18,3,1824.7200000000005,2,263.08000000000004,move,improve
19,3,1945.0800000000002,2,263.08000000000004,swap,acceptBad
20,3,1925.3600000000001,2,263.08000000000004,move,improve
21,3,1929.4000000000003,2,263.08000000000004,swap,acceptBad
22,3,1929.4000000000003,2,263.08000000000004,2opt,notBad
23,3,1415.72,2,263.08000000000004,move,improve
24,3,1250.4400000000003,2,263.08000000000004,move,improve
25,3,1250.4400000000003,2,263.08000000000004,move,improve
26,3,1250.4400000000003,2,263.08000000000004,move,improve
27,3,1228.8800000000003,2,263.08000000000004,swap,improve
28,3,1211.4800000000005,2,263.08000000000004,move,improve
29,3,962.8800000000007,2,263.08000000000004,move,improve
30,3,962.8800000000007,2,263.08000000000004,move,improve
31,4,3725.86,2,263.08000000000004,2opt,acceptBad
32,4,3741.42,2,263.08000000000004,swap,acceptBad
33,4,1542.740000000001,2,263.08000000000004,2opt,improve
34,5,6400.920000000001,2,263.08000000000004,2opt,acceptBad
35,5,6400.360000000001,2,263.08000000000004,move,improve
36,5,5077.32,2,263.08000000000004,move,improve
37,5,5052.96,2,263.08000000000004,swap,improve
38,5,5063.999999999999,2,263.08000000000004,swap,acceptBad
39,5,3491.16,2,263.08000000000004,swap,improve
40,5,3524.2799999999997,2,263.08000000000004,2opt,acceptBad
41,5,3539.9599999999996,2,263.08000000000004,2opt,acceptBad
42,5,3622.7200000000003,2,263.08000000000004,swap,acceptBad
43,5,3602.08,2,263.08000000000004,2opt,improve
44,5,3605.16,2,263.08000000000004,swap,acceptBad
45,5,3605.16,2,263.08000000000004,move,improve
46,6,4540.04,2,263.08000000000004,2opt,acceptBad
47,6,5108.24,2,263.08000000000004,2opt,acceptBad
48,7,13928.2,2,263.08000000000004,2opt,acceptBad
49,7,14299.919999999998,2,263.08000000000004,swap,acceptBad
50,8,17147.28,2,263.08000000000004,2opt,acceptBad
51,8,17143.28,2,263.08000000000004,swap,improve
52,8,13963.159999999996,2,263.08000000000004,move,improve
53,8,13404.019999999999,2,263.08000000000004,move,improve
54,8,12971.159999999998,2,263.08000000000004,swap,improve
55,8,12764.239999999998,2,263.08000000000004,swap,improve
56,8,13206.419999999998,2,263.08000000000004,2opt,acceptBad
57,8,13211.019999999999,2,263.08000000000004,swap,acceptBad
58,9,17975.2,2,263.08000000000004,2opt,acceptBad
59,9,16369.08,2,263.08000000000004,swap,improve
60,9,16019.4,2,263.08000000000004,swap,improve
61,9,10440.119999999997,2,263.08000000000004,swap,improve
62,9,10461.319999999998,2,263.08000000000004,2opt,acceptBad
63,9,9070.64,2,263.08000000000004,2opt,improve
64,9,9059.56,2,263.08000000000004,move,improve
65,9,9051.599999999999,2,263.08000000000004,move,improve
66,9,9066.439999999997,2,263.08000000000004,2opt,acceptBad
67,9,9013.439999999999,2,263.08000000000004,swap,improve
68,9,9012.239999999998,2,263.08000000000004,swap,improve
69,9,9018.119999999999,2,263.08000000000004,swap,acceptBad
70,9,8424.400000000003,2,263.08000000000004,move,improve
71,9,8460.600000000002,2,263.08000000000004,swap,acceptBad
72,9,8458.120000000003,2,263.08000000000004,swap,improve
73,10,9784.639999999998,2,263.08000000000004,2opt,acceptBad
74,10,9785.559999999998,2,263.08000000000004,swap,acceptBad
75,10,9256.599999999999,2,263.08000000000004,move,improve
76,10,9259.159999999998,2,263.08000000000004,swap,acceptBad
77,10,7280.619999999996,2,263.08000000000004,move,improve
78,11,8211.239999999998,2,263.08000000000004,2opt,acceptBad
79,12,22083.979999999996,2,263.08000000000004,2opt,acceptBad
80,12,22075.299999999996,2,263.08000000000004,move,improve
81,11,8202.559999999998,2,263.08000000000004,move,improve
82,11,8202.559999999998,2,263.08000000000004,move,improve
83,11,8198.159999999998,2,263.08000000000004,move,improve
84,11,8238.32,2,263.08000000000004,2opt,acceptBad
85,11,8230.16,2,263.08000000000004,move,improve
86,11,8230.16,2,263.08000000000004,move,improve
87,11,8226.519999999999,2,263.08000000000004,move,improve
88,11,8226.439999999999,2,263.08000000000004,move,improve
89,11,8751.359999999999,2,263.08000000000004,swap,acceptBad
90,11,8752.759999999998,2,263.08000000000004,swap,acceptBad
91,11,8754.199999999997,2,263.08000000000004,2opt,acceptBad
92,11,8862.599999999999,2,263.08000000000004,swap,acceptBad
93,11,7909.6,2,263.08000000000004,move,improve
94,11,7912.6,2,263.08000000000004,swap,acceptBad
95,11,7855.5999999999985,2,263.08000000000004,swap,improve
96,10,5729.560000000002,2,263.08000000000004,move,improve
97,10,5734.600000000002,2,263.08000000000004,swap,acceptBad
98,10,5734.040000000003,2,263.08000000000004,move,improve
99,10,5705.040000000001,2,263.08000000000004,swap,improve
100,10,5482.22,2,263.08000000000004,move,improve
101,10,8214.32,2,263.08000000000004,2opt,acceptBad
102,10,9103.440000000002,2,263.08000000000004,swap,acceptBad
103,10,9103.440000000002,2,263.08000000000004,move,improve
104,10,9101.880000000001,2,263.08000000000004,2opt,improve
105,10,8417.48,2,263.08000000000004,move,improve
106,10,8445.72,2,263.08000000000004,swap,acceptBad
107,10,8444.199999999997,2,263.08000000000004,2opt,improve
108,10,8354.179999999997,2,263.08000000000004,swap,improve
109,10,7574.579999999998,2,263.08000000000004,swap,improve
110,10,4600.820000000001,2,263.08000000000004,move,improve
111,10,4607.460000000001,2,263.08000000000004,2opt,acceptBad
112,10,4652.779999999999,2,263.08000000000004,swap,acceptBad
113,10,4654.219999999999,2,263.08000000000004,swap,acceptBad
114,10,4663.419999999999,2,263.08000000000004,2opt,acceptBad
115,10,4045.5199999999986,2,263.08000000000004,move,improve
116,10,4032.239999999999,2,263.08000000000004,swap,improve
117,10,4030.9999999999986,2,263.08000000000004,2opt,improve
118,10,4042.1199999999985,2,263.08000000000004,swap,acceptBad
119,10,4042.1199999999985,2,263.08000000000004,move,improve
120,11,8541.519999999999,2,263.08000000000004,2opt,acceptBad
121,11,9442.08,2,263.08000000000004,2opt,acceptBad
122,11,9442.08,2,263.08000000000004,move,improve
123,11,9442.08,2,263.08000000000004,2opt,improve
124,11,9440.84,2,263.08000000000004,move,improve
125,11,9420.68,2,263.08000000000004,move,improve
126,11,9420.68,2,263.08000000000004,2opt,improve
127,11,20042.63999999999,2,263.08000000000004,swap,acceptBad
128,11,20620.279999999995,2,263.08000000000004,2opt,acceptBad
129,11,21999.47999999999,2,263.08000000000004,2opt,acceptBad
130,11,21993.83999999999,2,263.08000000000004,swap,improve
131,11,21630.199999999986,2,263.08000000000004,move,improve
132,11,20645.839999999997,2,263.08000000000004,move,improve
133,11,20657.52,2,263.08000000000004,swap,acceptBad
134,11,27673.960000000003,2,263.08000000000004,2opt,acceptBad
135,11,25571.559999999987,2,263.08000000000004,move,improve
136,11,27739.479999999992,2,263.08000000000004,2opt,acceptBad
137,11,27753.11999999999,2,263.08000000000004,swap,acceptBad
138,11,27753.11999999999,2,263.08000000000004,move,improve
139,11,24564.43999999999,2,263.08000000000004,move,improve
140,11,24806.319999999996,2,263.08000000000004,2opt,acceptBad
141,11,24969.0,2,263.08000000000004,swap,acceptBad
142,11,24533.479999999992,2,263.08000000000004,2opt,improve
143,11,24533.43999999999,2,263.08000000000004,swap,improve
144,11,23866.319999999996,2,263.08000000000004,move,improve
145,11,23881.719999999998,2,263.08000000000004,swap,acceptBad
146,11,23914.359999999997,2,263.08000000000004,swap,acceptBad
147,11,16539.32,2,263.08000000000004,move,improve
148,12,22760.419999999995,2,263.08000000000004,2opt,acceptBad
149,12,22748.299999999996,2,263.08000000000004,2opt,improve
150,12,22676.739999999994,2,263.08000000000004,swap,improve
151,12,22945.739999999998,2,263.08000000000004,2opt,acceptBad
152,12,22922.859999999997,2,263.08000000000004,swap,improve
153,12,20386.82,2,263.08000000000004,move,improve
154,12,21111.359999999993,2,263.08000000000004,2opt,acceptBad
155,12,21109.599999999995,2,263.08000000000004,2opt,improve
156,12,21103.159999999993,2,263.08000000000004,move,improve
157,12,19459.460000000003,2,263.08000000000004,move,improve
158,12,19457.260000000002,2,263.08000000000004,move,improve
159,12,19441.700000000004,2,263.08000000000004,move,improve
160,12,19474.239999999998,2,263.08000000000004,swap,acceptBad
161,12,18208.020000000004,2,263.08000000000004,move,improve
162,12,18589.0,2,263.08000000000004,swap,acceptBad
163,12,16176.579999999996,2,263.08000000000004,swap,improve
164,12,15044.699999999997,2,263.08000000000004,move,improve
165,12,14611.280000000002,2,263.08000000000004,2opt,improve
166,12,15543.140000000003,2,263.08000000000004,swap,acceptBad
167,12,15525.180000000002,2,263.08000000000004,move,improve
168,12,15514.020000000006,2,263.08000000000004,2opt,improve
169,12,15523.620000000006,2,263.08000000000004,2opt,acceptBad
170,12,15794.600000000002,2,263.08000000000004,2opt,acceptBad
171,12,12456.699999999999,2,263.08000000000004,move,improve
172,12,11771.62,2,263.08000000000004,move,improve
173,12,11771.62,2,263.08000000000004,move,improve
174,12,11805.339999999998,2,263.08000000000004,2opt,acceptBad
175,12,11460.079999999998,2,263.08000000000004,move,improve
176,12,11828.859999999997,2,263.08000000000004,swap,acceptBad
177,12,11319.500000000004,2,263.08000000000004,move,improve
178,12,11325.340000000004,2,263.08000000000004,swap,acceptBad
179,12,11327.020000000004,2,263.08000000000004,swap,acceptBad
180,12,11335.820000000003,2,263.08000000000004,2opt,acceptBad
181,12,11335.579999999998,2,263.08000000000004,2opt,improve
182,12,11833.26,2,263.08000000000004,2opt,acceptBad
183,12,10375.620000000004,2,263.08000000000004,2opt,improve
184,12,10356.620000000004,2,263.08000000000004,move,improve
185,12,9659.779999999992,2,263.08000000000004,move,improve
186,12,9659.779999999992,2,263.08000000000004,move,improve
187,12,9344.619999999997,2,263.08000000000004,move,improve
188,12,12110.779999999997,2,263.08000000000004,2opt,acceptBad
189,12,12104.019999999997,2,263.08000000000004,2opt,improve
190,12,12108.019999999997,2,263.08000000000004,2opt,acceptBad
191,12,12119.339999999998,2,263.08000000000004,2opt,acceptBad
192,12,16624.7,2,263.08000000000004,2opt,acceptBad
193,12,16624.7,2,263.08000000000004,2opt,improve
194,12,16611.14,2,263.08000000000004,move,improve
195,12,15466.619999999999,2,263.08000000000004,move,improve
196,12,15466.58,2,263.08000000000004,swap,improve
197,12,15284.52,2,263.08000000000004,2opt,improve
198,12,14302.639999999994,2,263.08000000000004,move,improve
199,12,10883.380000000001,2,263.08000000000004,move,improve
200,12,10861.260000000002,2,263.08000000000004,swap,improve
201,12,10368.240000000002,2,263.08000000000004,2opt,improve
202,12,10352.160000000002,2,263.08000000000004,move,improve
203,12,9735.679999999998,2,263.08000000000004,move,improve
204,12,9735.679999999998,2,263.08000000000004,move,improve
205,12,9702.059999999998,2,263.08000000000004,swap,improve
206,12,10820.919999999998,2,263.08000000000004,swap,acceptBad
207,12,19649.84,2,263.08000000000004,swap,acceptBad
208,12,25218.77999999999,2,263.08000000000004,swap,acceptBad
209,12,27632.239999999994,2,263.08000000000004,2opt,acceptBad
210,12,22613.559999999998,2,263.08000000000004,move,improve
211,12,22596.639999999996,2,263.08000000000004,swap,improve
212,12,22590.799999999996,2,263.08000000000004,move,improve
213,12,22590.799999999996,2,263.08000000000004,move,improve
214,12,22589.319999999996,2,263.08000000000004,swap,improve
215,12,22578.719999999998,2,263.08000000000004,swap,improve
216,12,22570.76,2,263.08000000000004,move,improve
217,12,16462.6,2,263.08000000000004,move,improve
218,12,16462.559999999998,2,263.08000000000004,move,improve
219,12,16463.36,2,263.08000000000004,swap,acceptBad
220,12,16743.04,2,263.08000000000004,swap,acceptBad
221,12,16851.12,2,263.08000000000004,swap,acceptBad
222,12,16850.76,2,263.08000000000004,move,improve
223,12,15387.559999999994,2,263.08000000000004,move,improve
224,12,15387.119999999999,2,263.08000000000004,2opt,improve
225,12,15387.119999999999,2,263.08000000000004,move,improve
226,12,15406.879999999994,2,263.08000000000004,2opt,acceptBad
227,12,14786.639999999994,2,263.08000000000004,swap,improve
228,12,14786.559999999994,2,263.08000000000004,move,improve
229,12,11762.859999999997,2,263.08000000000004,move,improve
230,12,12661.119999999997,2,263.08000000000004,2opt,acceptBad
231,12,12485.279999999999,2,263.08000000000004,swap,improve
232,12,12483.279999999999,2,263.08000000000004,swap,improve
233,12,11750.439999999999,2,263.08000000000004,move,improve
234,12,11262.359999999999,2,263.08000000000004,2opt,improve
235,12,10862.64,2,263.08000000000004,move,improve
236,12,10978.42,2,263.08000000000004,swap,acceptBad
237,12,10255.160000000003,2,263.08000000000004,2opt,improve
238,12,10235.480000000003,2,263.08000000000004,move,improve
239,12,10235.480000000003,2,263.08000000000004,2opt,improve
240,12,9541.54,2,263.08000000000004,move,improve
241,12,9538.82,2,263.08000000000004,move,improve
242,12,16220.419999999993,2,263.08000000000004,swap,acceptBad
243,12,16304.319999999996,2,263.08000000000004,swap,acceptBad
244,12,18138.040000000005,2,263.08000000000004,swap,acceptBad
245,12,18144.24,2,263.08000000000004,swap,acceptBad
246,12,18140.640000000003,2,263.08000000000004,swap,improve
247,12,18003.62,2,263.08000000000004,swap,improve
248,12,18003.62,2,263.08000000000004,move,improve
249,12,10033.619999999995,2,263.08000000000004,move,improve
250,12,9965.179999999995,2,263.08000000000004,move,improve
251,12,9943.099999999995,2,263.08000000000004,move,improve
252,12,9943.099999999995,2,263.08000000000004,2opt,improve
253,12,9943.699999999995,2,263.08000000000004,swap,acceptBad
254,12,9927.499999999996,2,263.08000000000004,move,improve
255,12,10145.639999999996,2,263.08000000000004,2opt,acceptBad
256,12,10145.639999999996,2,263.08000000000004,move,improve
257,12,10116.839999999995,2,263.08000000000004,move,improve
258,12,10535.459999999995,2,263.08000000000004,2opt,acceptBad
259,12,12279.740000000002,2,263.08000000000004,swap,acceptBad
260,12,11392.979999999998,2,263.08000000000004,2opt,improve
261,13,29898.32000000001,2,263.08000000000004,2opt,acceptBad
262,13,29904.400000000012,2,263.08000000000004,2opt,acceptBad
263,13,29905.08000000001,2,263.08000000000004,2opt,acceptBad
264,13,17343.32,2,263.08000000000004,2opt,improve
265,13,18093.999999999996,2,263.08000000000004,2opt,acceptBad
266,13,18093.879999999997,2,263.08000000000004,swap,improve
267,13,18081.799999999996,2,263.08000000000004,move,improve
268,13,18091.399999999998,2,263.08000000000004,2opt,acceptBad
269,13,23918.599999999988,2,263.08000000000004,2opt,acceptBad
270,13,23918.599999999988,2,263.08000000000004,move,improve
271,13,22246.199999999997,2,263.08000000000004,move,improve
272,13,22366.63999999999,2,263.08000000000004,swap,acceptBad
273,13,16407.44,2,263.08000000000004,move,improve
274,13,16379.679999999997,2,263.08000000000004,swap,improve
275,13,16381.759999999997,2,263.08000000000004,2opt,acceptBad
276,13,16381.199999999995,2,263.08000000000004,2opt,improve
277,13,17397.92,2,263.08000000000004,swap,acceptBad
278,13,15996.039999999995,2,263.08000000000004,swap,improve
279,13,15282.720000000003,2,263.08000000000004,move,improve
280,13,15720.119999999999,2,263.08000000000004,2opt,acceptBad
281,13,15720.119999999999,2,263.08000000000004,move,improve
282,13,15742.559999999998,2,263.08000000000004,swap,acceptBad
283,13,14802.04,2,263.08000000000004,move,improve
284,13,14792.320000000002,2,263.08000000000004,move,improve
285,13,22434.24,2,263.08000000000004,2opt,acceptBad
286,13,15815.040000000005,2,263.08000000000004,move,improve
287,13,15806.760000000006,2,263.08000000000004,2opt,improve
288,13,16056.720000000005,2,263.08000000000004,swap,acceptBad
289,13,15360.000000000004,2,263.08000000000004,move,improve
290,12,11704.919999999995,2,263.08000000000004,move,improve
291,12,12587.659999999994,2,263.08000000000004,swap,acceptBad
292,12,12587.659999999994,2,263.08000000000004,2opt,improve
293,12,11645.639999999996,2,263.08000000000004,move,improve
294,12,11682.319999999996,2,263.08000000000004,swap,acceptBad
295,12,13893.360000000002,2,263.08000000000004,2opt,acceptBad
296,12,13204.36,2,263.08000000000004,move,improve
297,12,14109.019999999999,2,263.08000000000004,move,acceptBad
298,12,14074.06,2,263.08000000000004,move,improve
299,12,14100.979999999994,2,263.08000000000004,2opt,acceptBad
300,12,14120.819999999994,2,263.08000000000004,swap,acceptBad
301,12,14120.819999999994,2,263.08000000000004,move,improve
302,12,14118.099999999993,2,263.08000000000004,swap,improve
303,12,14117.979999999994,2,263.08000000000004,swap,improve
304,12,13181.239999999996,2,263.08000000000004,move,improve
305,12,13177.519999999997,2,263.08000000000004,move,improve
306,12,13177.519999999997,2,263.08000000000004,move,improve
307,12,13193.859999999997,2,263.08000000000004,2opt,acceptBad
308,12,13194.219999999998,2,263.08000000000004,swap,acceptBad
309,12,13194.219999999998,2,263.08000000000004,move,improve
310,12,13191.939999999997,2,263.08000000000004,swap,improve
311,12,14539.520000000006,2,263.08000000000004,2opt,acceptBad
312,12,15840.400000000007,2,263.08000000000004,2opt,acceptBad
313,12,21070.300000000007,2,263.08000000000004,2opt,acceptBad
314,12,21085.9,2,263.08000000000004,2opt,acceptBad
315,12,21074.660000000003,2,263.08000000000004,2opt,improve
316,12,16301.640000000007,2,263.08000000000004,move,improve
317,12,15254.560000000003,2,263.08000000000004,2opt,improve
318,12,15254.400000000003,2,263.08000000000004,move,improve
319,12,15252.560000000005,2,263.08000000000004,move,improve
320,12,15284.120000000004,2,263.08000000000004,swap,acceptBad
321,12,15286.920000000002,2,263.08000000000004,2opt,acceptBad
322,12,18635.859999999997,2,263.08000000000004,swap,acceptBad
323,12,15281.920000000002,2,263.08000000000004,move,improve
324,12,15281.920000000002,2,263.08000000000004,move,improve
325,12,15271.160000000002,2,263.08000000000004,move,improve
326,12,15271.16,2,263.08000000000004,2opt,improve
327,12,15274.040000000006,2,263.08000000000004,2opt,acceptBad
328,12,15285.159999999998,2,263.08000000000004,2opt,acceptBad
329,12,15275.759999999998,2,263.08000000000004,move,improve
330,12,15275.759999999998,2,263.08000000000004,2opt,improve
331,12,22257.36,2,263.08000000000004,swap,acceptBad
332,12,22249.32000000001,2,263.08000000000004,2opt,improve
333,12,22267.28000000001,2,263.08000000000004,2opt,acceptBad
334,12,22278.08000000001,2,263.08000000000004,swap,acceptBad
335,12,20366.640000000003,2,263.08000000000004,swap,improve
336,12,17273.08,2,263.08000000000004,move,improve
337,12,17262.760000000002,2,263.08000000000004,swap,improve
338,12,16999.8,2,263.08000000000004,2opt,improve
339,12,17009.000000000007,2,263.08000000000004,2opt,acceptBad
340,12,16270.400000000003,2,263.08000000000004,move,improve
341,12,16268.000000000004,2,263.08000000000004,swap,improve
342,12,16245.880000000005,2,263.08000000000004,2opt,improve
343,12,16229.340000000007,2,263.08000000000004,2opt,improve
344,12,15748.440000000006,2,263.08000000000004,move,improve
345,12,14405.66,2,263.08000000000004,move,improve
346,12,12827.720000000003,2,263.08000000000004,swap,improve
347,12,12820.720000000003,2,263.08000000000004,swap,improve
348,12,12825.639999999998,2,263.08000000000004,2opt,acceptBad
349,12,12849.4,2,263.08000000000004,2opt,acceptBad
350,12,13538.680000000006,2,263.08000000000004,2opt,acceptBad
351,12,13000.920000000006,2,263.08000000000004,swap,improve
352,12,14133.74000000001,2,263.08000000000004,swap,acceptBad
353,12,14131.100000000011,2,263.08000000000004,2opt,improve
354,12,11816.240000000003,2,263.08000000000004,move,improve
355,12,10410.800000000003,2,263.08000000000004,move,improve
356,12,10392.840000000002,2,263.08000000000004,swap,improve
357,12,10392.840000000002,2,263.08000000000004,move,improve
358,12,10394.239999999998,2,263.08000000000004,2opt,acceptBad
359,12,9966.279999999997,2,263.08000000000004,swap,improve
360,12,9981.159999999998,2,263.08000000000004,swap,acceptBad
361,12,9983.879999999997,2,263.08000000000004,swap,acceptBad
362,12,9169.279999999999,2,263.08000000000004,move,improve
363,12,9162.36,2,263.08000000000004,2opt,improve
364,12,9164.040000000003,2,263.08000000000004,2opt,acceptBad
365,12,9164.040000000003,2,263.08000000000004,move,improve
366,12,9183.640000000003,2,263.08000000000004,swap,acceptBad
367,12,9203.440000000002,2,263.08000000000004,swap,acceptBad
368,12,9183.280000000002,2,263.08000000000004,move,improve
369,12,9183.280000000002,2,263.08000000000004,2opt,improve
370,12,8993.5,2,263.08000000000004,2opt,improve
371,12,9089.219999999996,2,263.08000000000004,swap,acceptBad
372,12,22130.98,2,263.08000000000004,swap,acceptBad
373,13,38221.72000000002,2,263.08000000000004,2opt,acceptBad
374,13,38182.08000000003,2,263.08000000000004,swap,improve
375,13,38181.68000000002,2,263.08000000000004,2opt,improve
376,13,25259.520000000008,2,263.08000000000004,move,improve
377,13,25260.040000000005,2,263.08000000000004,2opt,acceptBad
378,13,19886.160000000003,2,263.08000000000004,swap,improve
379,13,19886.160000000003,2,263.08000000000004,move,improve
380,13,19882.64,2,263.08000000000004,2opt,improve
381,13,19877.92,2,263.08000000000004,2opt,improve
382,13,13617.959999999997,2,263.08000000000004,move,improve
383,13,13611.279999999997,2,263.08000000000004,2opt,improve
384,13,13609.319999999998,2,263.08000000000004,move,improve
385,13,13603.439999999997,2,263.08000000000004,swap,improve
386,13,13603.039999999997,2,263.08000000000004,move,improve
387,13,12650.919999999996,2,263.08000000000004,2opt,improve
388,13,12666.119999999999,2,263.08000000000004,swap,acceptBad
389,13,12666.119999999999,2,263.08000000000004,2opt,improve
390,13,12666.119999999999,2,263.08000000000004,move,improve
391,13,12667.679999999998,2,263.08000000000004,2opt,acceptBad
392,13,12653.879999999997,2,263.08000000000004,move,improve
393,14,18421.059999999998,2,263.08000000000004,2opt,acceptBad
394,14,18402.1,2,263.08000000000004,2opt,improve
395,14,18401.979999999996,2,263.08000000000004,move,improve
396,14,18401.979999999996,2,263.08000000000004,move,improve
397,14,18448.6,2,263.08000000000004,swap,acceptBad
398,14,17716.120000000003,2,263.08000000000004,swap,improve
399,14,19276.04,2,263.08000000000004,swap,acceptBad
400,14,19282.12,2,263.08000000000004,2opt,acceptBad
401,14,19282.12,2,263.08000000000004,2opt,improve
402,14,19292.160000000003,2,263.08000000000004,2opt,acceptBad
403,14,19308.96,2,263.08000000000004,2opt,acceptBad
404,14,19307.28,2,263.08000000000004,swap,improve
405,14,19304.04,2,263.08000000000004,move,improve
406,14,19309.96,2,263.08000000000004,2opt,acceptBad
407,14,19308.04,2,263.08000000000004,2opt,improve
408,14,18973.320000000003,2,263.08000000000004,2opt,improve
409,14,18064.76000000001,2,263.08000000000004,swap,improve
410,14,18042.800000000007,2,263.08000000000004,2opt,improve
411,14,18000.860000000004,2,263.08000000000004,swap,improve
412,14,18000.860000000004,2,263.08000000000004,move,improve
413,14,18002.140000000003,2,263.08000000000004,2opt,acceptBad
414,14,18002.140000000003,2,263.08000000000004,move,improve
415,14,20947.639999999992,2,263.08000000000004,swap,acceptBad
416,14,20956.55999999999,2,263.08000000000004,swap,acceptBad
417,14,20955.55999999999,2,263.08000000000004,move,improve
418,14,20515.299999999996,2,263.08000000000004,move,improve
419,14,22450.199999999993,2,263.08000000000004,2opt,acceptBad
420,14,21138.979999999996,2,263.08000000000004,move,improve
421,14,21142.979999999996,2,263.08000000000004,2opt,acceptBad
422,14,22779.739999999998,2,263.08000000000004,swap,acceptBad
423,14,23365.659999999996,2,263.08000000000004,2opt,acceptBad
424,14,21172.539999999994,2,263.08000000000004,2opt,improve
425,14,21172.539999999994,2,263.08000000000004,move,improve
426,14,21318.11999999999,2,263.08000000000004,swap,acceptBad
427,14,21318.11999999999,2,263.08000000000004,move,improve
428,14,21317.23999999999,2,263.08000000000004,move,improve
429,14,21317.55999999999,2,263.08000000000004,2opt,acceptBad
430,14,22349.159999999993,2,263.08000000000004,swap,acceptBad
431,14,22360.919999999995,2,263.08000000000004,2opt,acceptBad
432,14,22360.839999999997,2,263.08000000000004,move,improve
433,14,20947.14,2,263.08000000000004,move,improve
434,14,24476.199999999997,2,263.08000000000004,swap,acceptBad
435,14,24483.399999999987,2,263.08000000000004,2opt,acceptBad
436,14,24490.99999999999,2,263.08000000000004,2opt,acceptBad
437,14,24443.659999999993,2,263.08000000000004,move,improve
438,14,24444.739999999983,2,263.08000000000004,2opt,acceptBad
439,14,23701.279999999988,2,263.08000000000004,2opt,improve
440,14,22743.959999999992,2,263.08000000000004,move,improve
441,14,22875.55999999999,2,263.08000000000004,2opt,acceptBad
442,14,22872.719999999998,2,263.08000000000004,2opt,improve
443,14,23685.559999999998,2,263.08000000000004,swap,acceptBad
444,14,23685.92,2,263.08000000000004,swap,acceptBad
445,14,23669.92,2,263.08000000000004,move,improve
446,14,23673.079999999998,2,263.08000000000004,swap,acceptBad
447,14,23797.879999999997,2,263.08000000000004,swap,acceptBad
448,14,23847.339999999997,2,263.08000000000004,swap,acceptBad
449,14,23842.579999999998,2,263.08000000000004,2opt,improve
450,14,23844.5,2,263.08000000000004,swap,acceptBad
451,14,23843.539999999997,2,263.08000000000004,move,improve
452,14,23834.3,2,263.08000000000004,2opt,improve
453,14,23820.899999999998,2,263.08000000000004,2opt,improve
454,14,23809.26,2,263.08000000000004,swap,improve
455,14,23787.80000000001,2,263.08000000000004,move,improve
456,14,23787.880000000012,2,263.08000000000004,2opt,acceptBad
457,14,27701.020000000008,2,263.08000000000004,2opt,acceptBad
458,14,21610.219999999998,2,263.08000000000004,move,improve
459,14,20667.679999999993,2,263.08000000000004,swap,improve
460,14,31907.54,2,263.08000000000004,swap,acceptBad
461,14,31903.740000000005,2,263.08000000000004,2opt,improve
462,14,31905.580000000005,2,263.08000000000004,2opt,acceptBad
463,14,31906.100000000002,2,263.08000000000004,2opt,acceptBad
464,14,31196.360000000008,2,263.08000000000004,move,improve
465,14,31196.360000000008,2,263.08000000000004,move,improve
466,14,20068.299999999996,2,263.08000000000004,move,improve
467,14,28814.660000000003,2,263.08000000000004,swap,acceptBad
468,14,28804.42,2,263.08000000000004,2opt,improve
469,14,28768.11999999999,2,263.08000000000004,swap,improve
470,14,28820.420000000002,2,263.08000000000004,2opt,acceptBad
471,14,28826.940000000002,2,263.08000000000004,swap,acceptBad
472,14,22432.579999999994,2,263.08000000000004,move,improve
473,14,22512.039999999994,2,263.08000000000004,2opt,acceptBad
474,14,21309.159999999993,2,263.08000000000004,move,improve
475,14,20594.099999999995,2,263.08000000000004,move,improve
476,14,19798.34,2,263.08000000000004,move,improve
477,14,35101.37999999999,2,263.08000000000004,swap,acceptBad
478,14,19804.219999999998,2,263.08000000000004,move,improve
479,14,25489.079999999994,2,263.08000000000004,swap,acceptBad
480,14,28173.960000000014,2,263.08000000000004,2opt,acceptBad
481,14,19385.920000000002,2,263.08000000000004,move,improve
482,13,15615.680000000006,2,263.08000000000004,move,improve
483,13,15619.920000000006,2,263.08000000000004,swap,acceptBad
484,13,23855.28000000001,2,263.08000000000004,swap,acceptBad
485,13,24011.640000000003,2,263.08000000000004,swap,acceptBad
486,13,16809.0,2,263.08000000000004,move,improve
487,13,16809.0,2,263.08000000000004,move,improve
488,13,16796.04,2,263.08000000000004,2opt,improve
489,13,22636.11999999999,2,263.08000000000004,swap,acceptBad
490,13,16747.759999999995,2,263.08000000000004,move,improve
491,13,16748.039999999997,2,263.08000000000004,swap,acceptBad
492,13,17415.32,2,263.08000000000004,swap,acceptBad
493,13,16764.200000000004,2,263.08000000000004,move,improve
494,13,16750.600000000006,2,263.08000000000004,swap,improve
495,13,16750.600000000006,2,263.08000000000004,move,improve
496,13,16753.92,2,263.08000000000004,2opt,acceptBad
497,13,16753.92,2,263.08000000000004,move,improve
498,13,16753.92,2,263.08000000000004,move,improve
499,13,17055.88000000001,2,263.08000000000004,2opt,acceptBad
500,13,16734.920000000006,2,263.08000000000004,2opt,improve
501,13,15751.880000000005,2,263.08000000000004,move,improve
502,13,15761.000000000007,2,263.08000000000004,2opt,acceptBad
503,13,15739.599999999995,2,263.08000000000004,2opt,improve
504,13,14800.999999999993,2,263.08000000000004,move,improve
505,13,14799.479999999994,2,263.08000000000004,2opt,improve
506,13,14799.479999999994,2,263.08000000000004,move,improve
507,13,14799.479999999994,2,263.08000000000004,move,improve
508,13,14791.159999999994,2,263.08000000000004,swap,improve
509,13,14198.279999999999,2,263.08000000000004,move,improve
510,13,14198.199999999999,2,263.08000000000004,2opt,improve
511,13,14208.839999999998,2,263.08000000000004,swap,acceptBad
512,13,14410.88,2,263.08000000000004,swap,acceptBad
513,13,13796.639999999998,2,263.08000000000004,swap,improve
514,13,13794.8,2,263.08000000000004,move,improve
515,13,13794.8,2,263.08000000000004,move,improve
516,13,13790.999999999998,2,263.08000000000004,2opt,improve
517,13,13772.479999999998,2,263.08000000000004,swap,improve
518,13,17525.919999999995,2,263.08000000000004,swap,acceptBad
519,13,15683.799999999996,2,263.08000000000004,swap,improve
520,13,15683.799999999996,2,263.08000000000004,move,improve
521,13,15707.999999999987,2,263.08000000000004,2opt,acceptBad
522,13,15698.639999999996,2,263.08000000000004,2opt,improve
523,13,17712.480000000003,2,263.08000000000004,swap,acceptBad
524,13,17672.48,2,263.08000000000004,2opt,improve
525,13,19100.320000000003,2,263.08000000000004,2opt,acceptBad
526,13,21182.080000000005,2,263.08000000000004,2opt,acceptBad
527,13,24629.320000000007,2,263.08000000000004,2opt,acceptBad
528,13,24190.4,2,263.08000000000004,swap,improve
529,13,24230.88,2,263.08000000000004,swap,acceptBad
530,13,23180.12000000001,2,263.08000000000004,move,improve
531,13,22841.719999999998,2,263.08000000000004,2opt,improve
532,13,21560.999999999993,2,263.08000000000004,move,improve
533,13,21560.999999999993,2,263.08000000000004,2opt,improve
534,13,21558.999999999993,2,263.08000000000004,move,improve
535,13,21562.52,2,263.08000000000004,2opt,acceptBad
536,13,30491.08,2,263.08000000000004,swap,acceptBad
537,13,30490.840000000004,2,263.08000000000004,swap,improve
538,13,22321.399999999994,2,263.08000000000004,move,improve
539,13,22306.439999999995,2,263.08000000000004,move,improve
540,13,23762.71999999999,2,263.08000000000004,swap,acceptBad
541,13,19569.280000000002,2,263.08000000000004,move,improve
542,13,20439.399999999998,2,263.08000000000004,swap,acceptBad
543,13,20414.8,2,263.08000000000004,move,improve
544,13,20400.68,2,263.08000000000004,2opt,improve
545,13,20100.44,2,263.08000000000004,move,improve
546,13,33411.719999999994,2,263.08000000000004,swap,acceptBad
547,13,33431.56,2,263.08000000000004,swap,acceptBad
548,13,33462.88,2,263.08000000000004,swap,acceptBad
549,13,29066.879999999994,2,263.08000000000004,move,improve
550,13,20147.32,2,263.08000000000004,move,improve
551,13,20158.52,2,263.08000000000004,2opt,acceptBad
552,13,20034.96,2,263.08000000000004,swap,improve
553,13,20020.44,2,263.08000000000004,move,improve
554,13,20008.359999999997,2,263.08000000000004,swap,improve
555,13,20008.359999999997,2,263.08000000000004,move,improve
556,13,19980.12,2,263.08000000000004,swap,improve
557,13,19005.759999999995,2,263.08000000000004,move,improve
558,13,19005.639999999996,2,263.08000000000004,2opt,improve
559,13,18997.559999999998,2,263.08000000000004,2opt,improve
560,12,17051.740000000005,2,263.08000000000004,2opt,improve
561,12,24886.78,2,263.08000000000004,swap,acceptBad
562,12,24892.579999999998,2,263.08000000000004,2opt,acceptBad
563,12,24892.579999999998,2,263.08000000000004,2opt,improve
564,12,24892.579999999998,2,263.08000000000004,swap,improve
565,12,24891.739999999998,2,263.08000000000004,move,improve
566,12,17989.780000000002,2,263.08000000000004,move,improve
567,12,17842.199999999997,2,263.08000000000004,swap,improve
568,12,17842.199999999997,2,263.08000000000004,2opt,notBad
569,12,17826.479999999996,2,263.08000000000004,move,improve
570,12,17825.399999999998,2,263.08000000000004,move,improve
571,12,18468.260000000002,2,263.08000000000004,swap,acceptBad
572,12,18528.180000000008,2,263.08000000000004,swap,acceptBad
573,12,18742.139999999992,2,263.08000000000004,2opt,acceptBad
574,12,18742.34,2,263.08000000000004,2opt,acceptBad
575,12,18751.539999999994,2,263.08000000000004,2opt,acceptBad
576,12,18638.139999999996,2,263.08000000000004,2opt,improve
577,12,18811.059999999998,2,263.08000000000004,swap,acceptBad
578,12,18760.34,2,263.08000000000004,2opt,improve
579,12,18757.62,2,263.08000000000004,move,improve
580,12,17509.34,2,263.08000000000004,move,improve
581,12,17484.0,2,263.08000000000004,swap,improve
582,12,29773.799999999992,2,263.08000000000004,2opt,acceptBad
583,12,29743.4,2,263.08000000000004,swap,improve
584,12,29188.04,2,263.08000000000004,swap,improve
585,12,33826.82,2,263.08000000000004,2opt,acceptBad
586,12,21670.340000000007,2,263.08000000000004,move,improve
587,12,17498.480000000003,2,263.08000000000004,move,improve
588,12,17498.2,2,263.08000000000004,swap,improve
589,12,17413.279999999995,2,263.08000000000004,swap,improve
590,12,14185.759999999998,2,263.08000000000004,move,improve
591,12,14114.460000000001,2,263.08000000000004,2opt,improve
592,12,13343.66,2,263.08000000000004,move,improve
593,12,13342.14,2,263.08000000000004,move,improve
594,12,13349.22,2,263.08000000000004,2opt,acceptBad
595,12,13349.22,2,263.08000000000004,move,improve
596,12,13349.22,2,263.08000000000004,move,improve
597,12,13334.66,2,263.08000000000004,move,improve
598,12,12992.379999999997,2,263.08000000000004,2opt,improve
599,12,12990.059999999998,2,263.08000000000004,2opt,improve
600,12,13843.939999999999,2,263.08000000000004,swap,acceptBad
601,12,27668.739999999994,2,263.08000000000004,swap,acceptBad
602,12,18209.539999999994,2,263.08000000000004,move,improve
603,12,18209.539999999994,2,263.08000000000004,move,improve
604,12,13899.179999999998,2,263.08000000000004,move,improve
605,12,13331.560000000001,2,263.08000000000004,move,improve
606,12,13331.560000000001,2,263.08000000000004,2opt,notBad
607,12,13333.800000000001,2,263.08000000000004,swap,acceptBad
608,12,13334.599999999999,2,263.08000000000004,2opt,acceptBad
609,12,13324.679999999998,2,263.08000000000004,swap,improve
610,13,16071.36,2,263.08000000000004,2opt,acceptBad
611,13,16071.28,2,263.08000000000004,2opt,improve
612,13,16071.28,2,263.08000000000004,2opt,notBad
613,13,16072.359999999993,2,263.08000000000004,2opt,acceptBad
614,13,15592.799999999996,2,263.08000000000004,2opt,improve
615,13,16152.4,2,263.08000000000004,swap,acceptBad
616,13,16132.72,2,263.08000000000004,swap,improve
617,13,16132.4,2,263.08000000000004,move,improve
618,13,16591.399999999998,2,263.08000000000004,swap,acceptBad
619,12,15217.820000000002,2,263.08000000000004,2opt,improve
620,12,15215.78,2,263.08000000000004,move,improve
621,12,15407.340000000002,2,263.08000000000004,2opt,acceptBad
622,12,12839.86,2,263.08000000000004,move,improve
623,12,10061.3,2,263.08000000000004,move,improve
624,12,10055.46,2,263.08000000000004,2opt,improve
625,12,10055.46,2,263.08000000000004,2opt,improve
626,12,10088.82,2,263.08000000000004,swap,acceptBad
627,12,10088.54,2,263.08000000000004,move,improve
628,12,13739.220000000001,2,263.08000000000004,swap,acceptBad
629,12,13734.180000000002,2,263.08000000000004,2opt,improve
630,12,12841.660000000003,2,263.08000000000004,move,improve
631,12,12841.660000000003,2,263.08000000000004,2opt,notBad
632,12,11538.640000000007,2,263.08000000000004,move,improve
633,12,23001.160000000003,2,263.08000000000004,swap,acceptBad
634,12,22990.620000000003,2,263.08000000000004,swap,improve
635,12,22990.620000000003,2,263.08000000000004,2opt,improve
636,12,23398.700000000008,2,263.08000000000004,swap,acceptBad
637,13,31577.120000000003,2,263.08000000000004,2opt,acceptBad
638,13,31599.000000000004,2,263.08000000000004,swap,acceptBad
639,13,31602.320000000003,2,263.08000000000004,swap,acceptBad
640,13,31599.88,2,263.08000000000004,move,improve
641,13,31450.04,2,263.08000000000004,swap,improve
642,13,30754.319999999996,2,263.08000000000004,move,improve
643,13,27955.519999999993,2,263.08000000000004,move,improve
644,13,27971.23999999999,2,263.08000000000004,swap,acceptBad
645,13,27972.319999999992,2,263.08000000000004,2opt,acceptBad
646,13,27952.280000000002,2,263.08000000000004,2opt,improve
647,13,27945.480000000003,2,263.08000000000004,swap,improve
648,13,27944.200000000004,2,263.08000000000004,move,improve
649,13,19102.719999999994,2,263.08000000000004,2opt,improve
650,13,18023.079999999998,2,263.08000000000004,move,improve
651,13,17542.320000000003,2,263.08000000000004,move,improve
652,13,17530.84000000001,2,263.08000000000004,2opt,improve
653,13,17134.200000000004,2,263.08000000000004,move,improve
654,13,17134.200000000004,2,263.08000000000004,move,improve
655,13,17133.960000000006,2,263.08000000000004,swap,improve
656,13,17133.960000000006,2,263.08000000000004,2opt,notBad
657,13,17133.960000000006,2,263.08000000000004,move,improve
658,13,16958.480000000007,2,263.08000000000004,2opt,improve
659,13,16952.080000000005,2,263.08000000000004,move,improve
660,13,17745.000000000004,2,263.08000000000004,2opt,acceptBad
661,13,33240.719999999994,2,263.08000000000004,swap,acceptBad
662,13,19634.480000000007,2,263.08000000000004,move,improve
663,13,19629.640000000007,2,263.08000000000004,swap,improve
664,13,23689.96,2,263.08000000000004,swap,acceptBad
665,13,21787.600000000006,2,263.08000000000004,swap,improve
666,13,21802.320000000007,2,263.08000000000004,2opt,acceptBad
667,13,20650.840000000007,2,263.08000000000004,swap,improve
668,13,23603.960000000006,2,263.08000000000004,2opt,acceptBad
669,13,26853.359999999997,2,263.08000000000004,move,acceptBad
670,14,36473.920000000006,2,263.08000000000004,2opt,acceptBad
671,14,28429.680000000004,2,263.08000000000004,move,improve
672,14,29170.920000000002,2,263.08000000000004,move,acceptBad
673,14,27930.199999999997,2,263.08000000000004,swap,improve
674,14,27908.959999999995,2,263.08000000000004,2opt,improve
675,14,33700.759999999995,2,263.08000000000004,swap,acceptBad
676,14,28940.73999999999,2,263.08000000000004,move,improve
677,14,28940.73999999999,2,263.08000000000004,move,improve
678,14,28934.89999999999,2,263.08000000000004,swap,improve
679,14,28936.579999999998,2,263.08000000000004,2opt,acceptBad
680,14,28984.9,2,263.08000000000004,swap,acceptBad
681,14,28987.420000000002,2,263.08000000000004,swap,acceptBad
682,14,40071.180000000015,2,263.08000000000004,swap,acceptBad
683,14,33833.84000000001,2,263.08000000000004,move,improve
684,14,33833.84000000001,2,263.08000000000004,move,improve
685,14,24694.060000000005,2,263.08000000000004,move,improve
686,14,24696.460000000006,2,263.08000000000004,swap,acceptBad
687,14,25473.399999999998,2,263.08000000000004,2opt,acceptBad
688,14,25465.879999999997,2,263.08000000000004,swap,improve
689,14,25475.2,2,263.08000000000004,swap,acceptBad
690,14,25462.200000000004,2,263.08000000000004,2opt,improve
691,14,25465.12,2,263.08000000000004,2opt,acceptBad
692,14,25823.360000000004,2,263.08000000000004,2opt,acceptBad
693,14,25839.440000000002,2,263.08000000000004,swap,acceptBad
694,14,27151.620000000003,2,263.08000000000004,swap,acceptBad
695,14,27159.260000000006,2,263.08000000000004,2opt,acceptBad
696,14,27159.620000000003,2,263.08000000000004,2opt,acceptBad
697,14,27133.620000000003,2,263.08000000000004,swap,improve
698,14,31485.460000000003,2,263.08000000000004,2opt,acceptBad
699,14,30459.980000000007,2,263.08000000000004,move,improve
700,14,29127.299999999996,2,263.08000000000004,move,improve
701,14,29127.299999999996,2,263.08000000000004,move,improve
702,14,29129.859999999997,2,263.08000000000004,2opt,acceptBad
703,14,29095.18,2,263.08000000000004,swap,improve
704,14,29081.26,2,263.08000000000004,2opt,improve
705,14,29079.26,2,263.08000000000004,move,improve
706,14,29075.059999999998,2,263.08000000000004,2opt,improve
707,14,29075.059999999998,2,263.08000000000004,move,improve
708,14,31114.759999999995,2,263.08000000000004,2opt,acceptBad
709,14,31154.319999999996,2,263.08000000000004,swap,acceptBad
710,14,31153.319999999996,2,263.08000000000004,move,improve
711,14,23995.919999999995,2,263.08000000000004,move,improve
712,14,23991.399999999994,2,263.08000000000004,2opt,improve
713,14,23991.239999999994,2,263.08000000000004,2opt,improve
714,14,22905.059999999994,2,263.08000000000004,move,improve
715,14,22906.579999999998,2,263.08000000000004,2opt,acceptBad
716,14,22905.139999999996,2,263.08000000000004,2opt,improve
717,14,22905.139999999996,2,263.08000000000004,2opt,improve
718,14,25220.659999999993,2,263.08000000000004,swap,acceptBad
719,14,25220.659999999993,2,263.08000000000004,move,improve
720,14,25220.739999999994,2,263.08000000000004,swap,acceptBad
721,14,24188.54,2,263.08000000000004,move,improve
722,14,24188.54,2,263.08000000000004,2opt,notBad
723,14,23215.379999999997,2,263.08000000000004,swap,improve
724,14,23209.219999999998,2,263.08000000000004,swap,improve
725,14,23221.059999999998,2,263.08000000000004,swap,acceptBad
726,14,23221.059999999998,2,263.08000000000004,move,improve
727,14,23229.46,2,263.08000000000004,swap,acceptBad
728,14,23229.46,2,263.08000000000004,move,improve
729,14,23226.019999999997,2,263.08000000000004,swap,improve
730,14,23225.299999999996,2,263.08000000000004,swap,improve
731,14,23224.94,2,263.08000000000004,move,improve
732,14,23256.78,2,263.08000000000004,2opt,acceptBad
733,14,23246.019999999997,2,263.08000000000004,swap,improve
734,14,38092.12000000001,2,263.08000000000004,swap,acceptBad
735,14,33153.26000000001,2,263.08000000000004,swap,improve
736,14,33102.98,2,263.08000000000004,swap,improve
737,14,24358.300000000003,2,263.08000000000004,move,improve
738,14,24381.860000000008,2,263.08000000000004,2opt,acceptBad
739,14,24389.579999999998,2,263.08000000000004,2opt,acceptBad
740,14,23388.820000000007,2,263.08000000000004,move,improve
741,14,23388.980000000007,2,263.08000000000004,2opt,acceptBad
742,14,22503.260000000006,2,263.08000000000004,move,improve
743,14,22419.359999999997,2,263.08000000000004,swap,improve
744,14,22411.559999999994,2,263.08000000000004,2opt,improve
745,14,22400.76,2,263.08000000000004,2opt,improve
746,14,22401.959999999995,2,263.08000000000004,swap,acceptBad
747,14,22404.600000000006,2,263.08000000000004,2opt,acceptBad
748,14,19841.339999999997,2,263.08000000000004,move,improve
749,15,30782.720000000012,2,263.08000000000004,2opt,acceptBad
750,15,30780.920000000013,2,263.08000000000004,swap,improve
751,15,26867.68,2,263.08000000000004,2opt,improve
752,15,28587.519999999993,2,263.08000000000004,2opt,acceptBad
753,15,28573.719999999998,2,263.08000000000004,2opt,improve
754,15,28581.479999999996,2,263.08000000000004,swap,acceptBad
755,15,28581.479999999996,2,263.08000000000004,move,improve
756,15,28576.719999999998,2,263.08000000000004,move,improve
757,15,28576.719999999998,2,263.08000000000004,move,improve
758,15,28573.159999999993,2,263.08000000000004,2opt,improve
759,15,28573.999999999993,2,263.08000000000004,swap,acceptBad
760,15,28036.839999999997,2,263.08000000000004,move,improve
761,15,26968.319999999996,2,263.08000000000004,move,improve
762,15,26968.199999999997,2,263.08000000000004,move,improve
763,15,26969.719999999994,2,263.08000000000004,2opt,acceptBad
764,15,27980.119999999995,2,263.08000000000004,2opt,acceptBad
765,15,29546.119999999995,2,263.08000000000004,swap,acceptBad
766,15,28526.039999999997,2,263.08000000000004,move,improve
767,15,28526.039999999997,2,263.08000000000004,move,improve
768,15,28526.039999999997,2,263.08000000000004,move,improve
769,15,28524.47999999999,2,263.08000000000004,2opt,improve
770,15,30092.960000000006,2,263.08000000000004,2opt,acceptBad
771,15,30925.91999999999,2,263.08000000000004,swap,acceptBad
772,15,30922.999999999993,2,263.08000000000004,swap,improve
773,15,30000.599999999988,2,263.08000000000004,move,improve
774,15,31020.239999999994,2,263.08000000000004,swap,acceptBad
775,15,28989.2,2,263.08000000000004,move,improve
776,15,28949.999999999993,2,263.08000000000004,swap,improve
777,15,28949.999999999993,2,263.08000000000004,move,improve
778,15,28947.359999999993,2,263.08000000000004,move,improve
779,15,26856.87999999999,2,263.08000000000004,move,improve
780,15,28212.759999999987,2,263.08000000000004,swap,acceptBad
781,15,32248.959999999992,2,263.08000000000004,swap,acceptBad
782,15,32248.959999999992,2,263.08000000000004,move,improve
783,15,32237.679999999982,2,263.08000000000004,2opt,improve
784,15,32236.96,2,263.08000000000004,2opt,improve
785,15,32247.24,2,263.08000000000004,2opt,acceptBad
786,15,35819.23999999998,2,263.08000000000004,swap,acceptBad
787,15,35798.71999999999,2,263.08000000000004,move,improve
788,15,35792.599999999984,2,263.08000000000004,move,improve
789,14,27685.78,2,263.08000000000004,move,improve
790,14,27697.579999999998,2,263.08000000000004,swap,acceptBad
791,14,36550.659999999996,2,263.08000000000004,2opt,acceptBad
792,14,36565.95999999999,2,263.08000000000004,2opt,acceptBad
793,14,36565.95999999999,2,263.08000000000004,move,improve
794,14,36556.31999999999,2,263.08000000000004,move,improve
795,14,36560.719999999994,2,263.08000000000004,swap,acceptBad
796,14,35220.26000000001,2,263.08000000000004,2opt,improve
797,14,35200.78000000001,2,263.08000000000004,2opt,improve
798,14,35188.16,2,263.08000000000004,move,improve
799,14,35052.76,2,263.08000000000004,swap,improve
800,14,46964.659999999996,2,263.08000000000004,swap,acceptBad
801,14,46870.68000000002,2,263.08000000000004,2opt,improve
802,14,50239.30000000002,2,263.08000000000004,2opt,acceptBad
803,14,49487.399999999994,2,263.08000000000004,2opt,improve
804,14,49477.84000000001,2,263.08000000000004,2opt,improve
805,14,49487.92000000001,2,263.08000000000004,swap,acceptBad
806,14,48198.08,2,263.08000000000004,2opt,improve
807,14,48100.78000000001,2,263.08000000000004,swap,improve
808,14,47857.94000000001,2,263.08000000000004,swap,improve
809,14,47857.30000000001,2,263.08000000000004,swap,improve
810,14,48116.54000000001,2,263.08000000000004,swap,acceptBad
811,14,36828.02,2,263.08000000000004,move,improve
812,14,34921.31999999999,2,263.08000000000004,move,improve
813,14,35027.75999999999,2,263.08000000000004,swap,acceptBad
814,14,35030.28,2,263.08000000000004,2opt,acceptBad
815,14,33939.039999999986,2,263.08000000000004,move,improve
816,14,33946.23999999998,2,263.08000000000004,2opt,acceptBad
817,14,33943.51999999998,2,263.08000000000004,move,improve
818,14,33867.919999999984,2,263.08000000000004,swap,improve
819,14,33881.03999999998,2,263.08000000000004,2opt,acceptBad
820,14,33880.39999999998,2,263.08000000000004,2opt,improve
821,14,33884.35999999998,2,263.08000000000004,swap,acceptBad
822,14,33878.43999999998,2,263.08000000000004,2opt,improve
823,14,28150.799999999985,2,263.08000000000004,move,improve
824,13,19430.92,2,263.08000000000004,2opt,improve
825,14,25605.32,2,263.08000000000004,2opt,acceptBad
826,14,24610.020000000004,2,263.08000000000004,move,improve
827,14,23322.300000000007,2,263.08000000000004,move,improve
828,13,19110.640000000003,2,263.08000000000004,move,improve
829,13,19283.88,2,263.08000000000004,swap,acceptBad
830,13,18705.000000000004,2,263.08000000000004,move,improve
831,13,16800.96,2,263.08000000000004,move,improve
832,13,16803.999999999996,2,263.08000000000004,swap,acceptBad
833,13,16810.679999999997,2,263.08000000000004,2opt,acceptBad
834,13,18849.559999999998,2,263.08000000000004,swap,acceptBad
835,13,18892.799999999996,2,263.08000000000004,swap,acceptBad
836,13,18877.479999999996,2,263.08000000000004,swap,improve
837,13,18879.28,2,263.08000000000004,swap,acceptBad
838,13,18876.479999999996,2,263.08000000000004,move,improve
839,13,18851.76,2,263.08000000000004,2opt,improve
840,13,18836.999999999996,2,263.08000000000004,move,improve
841,13,20239.840000000004,2,263.08000000000004,2opt,acceptBad
842,13,20264.560000000005,2,263.08000000000004,2opt,acceptBad
843,13,16718.36,2,263.08000000000004,move,improve
844,13,16719.120000000003,2,263.08000000000004,swap,acceptBad
845,13,16725.280000000002,2,263.08000000000004,2opt,acceptBad
846,13,16721.440000000002,2,263.08000000000004,swap,improve
847,12,12296.6,2,263.08000000000004,move,improve
848,12,12293.68,2,263.08000000000004,2opt,improve
849,12,12283.039999999999,2,263.08000000000004,2opt,improve
850,12,12282.88,2,263.08000000000004,swap,improve
851,12,12241.84,2,263.08000000000004,swap,improve
852,12,12253.56,2,263.08000000000004,2opt,acceptBad
853,12,11727.679999999998,2,263.08000000000004,move,improve
854,12,11719.679999999998,2,263.08000000000004,2opt,improve
855,12,11729.599999999999,2,263.08000000000004,swap,acceptBad
856,12,11928.48,2,263.08000000000004,swap,acceptBad
857,12,11379.079999999998,2,263.08000000000004,move,improve
858,12,10955.719999999998,2,263.08000000000004,swap,improve
859,12,10955.679999999998,2,263.08000000000004,2opt,improve
860,12,12614.919999999995,2,263.08000000000004,swap,acceptBad
861,12,12615.879999999994,2,263.08000000000004,2opt,acceptBad
862,12,12618.88,2,263.08000000000004,2opt,acceptBad
863,12,12621.0,2,263.08000000000004,swap,acceptBad
864,12,12639.279999999999,2,263.08000000000004,swap,acceptBad
865,12,12634.88,2,263.08000000000004,swap,improve
866,12,12634.88,2,263.08000000000004,move,improve
867,12,12629.88,2,263.08000000000004,move,improve
868,12,10324.079999999996,2,263.08000000000004,2opt,improve
869,12,9618.380000000001,2,263.08000000000004,move,improve
870,12,9623.820000000002,2,263.08000000000004,2opt,acceptBad
871,12,9607.100000000002,2,263.08000000000004,swap,improve
872,12,9607.100000000002,2,263.08000000000004,move,improve
873,12,9606.380000000001,2,263.08000000000004,2opt,improve
874,12,9573.64,2,263.08000000000004,swap,improve
875,12,9573.64,2,263.08000000000004,2opt,notBad
876,12,8574.800000000001,2,263.08000000000004,move,improve
877,12,7720.42,2,263.08000000000004,2opt,improve
878,12,7693.139999999999,2,263.08000000000004,move,improve
879,12,7666.98,2,263.08000000000004,swap,improve
880,12,7666.98,2,263.08000000000004,move,improve
881,12,7666.98,2,263.08000000000004,move,improve
882,12,7666.98,2,263.08000000000004,move,improve
883,12,7667.139999999999,2,263.08000000000004,2opt,acceptBad
884,12,7660.0199999999995,2,263.08000000000004,2opt,improve
885,12,9048.760000000002,2,263.08000000000004,swap,acceptBad
886,12,9423.800000000003,2,263.08000000000004,2opt,acceptBad
887,12,9417.280000000002,2,263.08000000000004,move,improve
888,12,9008.920000000002,2,263.08000000000004,move,improve
889,12,9008.920000000002,2,263.08000000000004,move,improve
890,12,9019.240000000002,2,263.08000000000004,swap,acceptBad
891,12,9017.360000000002,2,263.08000000000004,2opt,improve
892,12,8268.979999999998,2,263.08000000000004,2opt,improve
893,12,8273.22,2,263.08000000000004,2opt,acceptBad
894,12,8273.22,2,263.08000000000004,2opt,improve
895,12,8254.9,2,263.08000000000004,swap,improve
896,12,7543.980000000001,2,263.08000000000004,move,improve
897,12,9752.579999999998,2,263.08000000000004,swap,acceptBad
898,12,9277.419999999995,2,263.08000000000004,move,improve
899,12,9289.139999999994,2,263.08000000000004,2opt,acceptBad
900,12,9291.339999999997,2,263.08000000000004,2opt,acceptBad
901,12,12669.22,2,263.08000000000004,swap,acceptBad
902,12,12676.979999999992,2,263.08000000000004,2opt,acceptBad
903,12,12676.979999999992,2,263.08000000000004,move,improve
904,12,13740.099999999999,2,263.08000000000004,swap,acceptBad
905,12,13740.099999999999,2,263.08000000000004,2opt,notBad
906,12,13737.859999999997,2,263.08000000000004,move,improve
907,12,13740.219999999998,2,263.08000000000004,swap,acceptBad
908,12,13596.66,2,263.08000000000004,move,improve
909,12,16011.079999999994,2,263.08000000000004,2opt,acceptBad
910,12,16011.079999999994,2,263.08000000000004,2opt,improve
911,12,16011.879999999997,2,263.08000000000004,2opt,acceptBad
912,12,16025.119999999992,2,263.08000000000004,2opt,acceptBad
913,12,16022.15999999999,2,263.08000000000004,swap,improve
914,12,16021.919999999987,2,263.08000000000004,2opt,improve
915,12,16043.559999999987,2,263.08000000000004,swap,acceptBad
916,12,16043.559999999987,2,263.08000000000004,move,improve
917,12,16043.559999999987,2,263.08000000000004,2opt,notBad
918,12,15194.77999999999,2,263.08000000000004,move,improve
919,12,15187.61999999999,2,263.08000000000004,move,improve
920,12,15379.579999999996,2,263.08000000000004,2opt,acceptBad
921,12,14713.06,2,263.08000000000004,move,improve
922,12,14713.06,2,263.08000000000004,2opt,improve
923,12,13923.619999999999,2,263.08000000000004,move,improve
924,12,13923.619999999999,2,263.08000000000004,2opt,notBad
925,12,13923.619999999999,2,263.08000000000004,move,improve
926,12,13298.219999999998,2,263.08000000000004,move,improve
927,12,13306.339999999998,2,263.08000000000004,2opt,acceptBad
928,12,13306.339999999998,2,263.08000000000004,move,improve
929,12,13306.339999999998,2,263.08000000000004,move,improve
930,12,13807.619999999997,2,263.08000000000004,swap,acceptBad
931,12,12863.579999999998,2,263.08000000000004,move,improve
932,12,12841.779999999999,2,263.08000000000004,move,improve
933,12,12841.779999999999,2,263.08000000000004,2opt,notBad
934,12,12841.779999999999,2,263.08000000000004,2opt,improve
935,12,19175.92,2,263.08000000000004,2opt,acceptBad
936,12,19140.519999999997,2,263.08000000000004,swap,improve
937,12,19136.799999999996,2,263.08000000000004,move,improve
938,12,19116.879999999997,2,263.08000000000004,move,improve
939,12,19088.91999999999,2,263.08000000000004,swap,improve
940,12,19327.69999999999,2,263.08000000000004,swap,acceptBad
941,12,19319.45999999999,2,263.08000000000004,swap,improve
942,12,19319.45999999999,2,263.08000000000004,move,improve
943,12,19888.01999999999,2,263.08000000000004,swap,acceptBad
944,12,19888.01999999999,2,263.08000000000004,2opt,notBad
945,12,18697.69999999999,2,263.08000000000004,move,improve
946,12,18697.69999999999,2,263.08000000000004,move,improve
947,12,15379.759999999997,2,263.08000000000004,swap,improve
948,12,15379.719999999998,2,263.08000000000004,move,improve
949,12,15379.719999999998,2,263.08000000000004,move,improve
950,12,15379.719999999998,2,263.08000000000004,move,improve
951,12,15117.100000000002,2,263.08000000000004,swap,improve
952,12,15117.100000000002,2,263.08000000000004,move,improve
953,12,15115.940000000002,2,263.08000000000004,move,improve
954,12,14688.259999999998,2,263.08000000000004,swap,improve
955,12,14402.420000000002,2,263.08000000000004,move,improve
956,12,14406.499999999996,2,263.08000000000004,2opt,acceptBad
957,12,14473.739999999996,2,263.08000000000004,swap,acceptBad
958,12,14551.379999999996,2,263.08000000000004,2opt,acceptBad
959,12,12737.919999999998,2,263.08000000000004,move,improve
960,12,11694.239999999996,2,263.08000000000004,move,improve
961,12,11696.159999999996,2,263.08000000000004,swap,acceptBad
962,12,11696.159999999996,2,263.08000000000004,move,improve
963,12,11695.119999999997,2,263.08000000000004,move,improve
964,12,11694.639999999996,2,263.08000000000004,2opt,improve
965,12,11853.740000000002,2,263.08000000000004,swap,acceptBad
966,12,11509.679999999997,2,263.08000000000004,2opt,improve
967,12,12481.459999999995,2,263.08000000000004,move,acceptBad
968,12,12475.419999999995,2,263.08000000000004,move,improve
969,13,13780.679999999997,2,263.08000000000004,2opt,acceptBad
970,13,13780.679999999997,2,263.08000000000004,move,improve
971,13,13758.679999999997,2,263.08000000000004,move,improve
972,13,13757.839999999997,2,263.08000000000004,2opt,improve
973,13,14023.44,2,263.08000000000004,swap,acceptBad
974,13,14030.199999999999,2,263.08000000000004,2opt,acceptBad
975,13,14028.159999999998,2,263.08000000000004,move,improve
976,13,13764.48,2,263.08000000000004,swap,improve
977,13,17015.68,2,263.08000000000004,swap,acceptBad
978,13,17271.679999999997,2,263.08000000000004,swap,acceptBad
979,13,17018.519999999997,2,263.08000000000004,move,improve
980,13,16694.039999999994,2,263.08000000000004,2opt,improve
981,13,16686.999999999993,2,263.08000000000004,move,improve
982,12,14960.439999999997,2,263.08000000000004,2opt,improve
983,12,14709.64,2,263.08000000000004,swap,improve
984,12,14707.64,2,263.08000000000004,swap,improve
985,12,15933.100000000008,2,263.08000000000004,swap,acceptBad
986,12,15967.940000000004,2,263.08000000000004,2opt,acceptBad
987,12,15967.940000000004,2,263.08000000000004,2opt,notBad
988,12,15470.480000000005,2,263.08000000000004,move,improve
989,12,17946.940000000002,2,263.08000000000004,swap,acceptBad
990,12,17734.78000000001,2,263.08000000000004,2opt,improve
991,12,17734.78000000001,2,263.08000000000004,move,improve
992,12,17749.08000000001,2,263.08000000000004,swap,acceptBad
993,12,17371.500000000007,2,263.08000000000004,move,improve
994,12,17387.26000000001,2,263.08000000000004,2opt,acceptBad
995,12,16962.80000000001,2,263.08000000000004,move,improve
996,12,16955.28000000001,2,263.08000000000004,swap,improve
997,12,16955.280000000002,2,263.08000000000004,2opt,improve
998,12,16959.86,2,263.08000000000004,2opt,acceptBad
999,12,15698.179999999997,2,263.08000000000004,swap,improve
1000,12,11513.66,2,263.08000000000004,move,improve
1001,12,11537.98,2,263.08000000000004,swap,acceptBad
1002,12,11541.66,2,263.08000000000004,swap,acceptBad
1003,12,11540.619999999999,2,263.08000000000004,swap,improve
1004,12,11543.3,2,263.08000000000004,2opt,acceptBad
1005,12,11549.74,2,263.08000000000004,2opt,acceptBad
1006,12,11548.5,2,263.08000000000004,move,improve
1007,12,14286.639999999996,2,263.08000000000004,swap,acceptBad
1008,12,14273.359999999997,2,263.08000000000004,2opt,improve
1009,12,16779.759999999995,2,263.08000000000004,2opt,acceptBad
1010,12,16778.639999999996,2,263.08000000000004,move,improve
1011,12,14216.239999999998,2,263.08000000000004,swap,improve
1012,11,9084.999999999996,2,263.08000000000004,move,improve
1013,11,9084.199999999995,2,263.08000000000004,move,improve
1014,11,13338.240000000003,2,263.08000000000004,swap,acceptBad
1015,11,13335.600000000002,2,263.08000000000004,move,improve
1016,11,11983.399999999998,2,263.08000000000004,move,improve
1017,11,11927.960000000001,2,263.08000000000004,move,improve
1018,11,14694.560000000003,2,263.08000000000004,2opt,acceptBad
1019,11,15224.120000000003,2,263.08000000000004,swap,acceptBad
1020,11,15215.360000000002,2,263.08000000000004,move,improve
1021,11,19533.04,2,263.08000000000004,swap,acceptBad
1022,11,19562.360000000004,2,263.08000000000004,swap,acceptBad
1023,11,19562.120000000003,2,263.08000000000004,move,improve
1024,11,22543.199999999993,2,263.08000000000004,2opt,acceptBad
1025,11,22543.199999999993,2,263.08000000000004,move,improve
1026,11,21020.599999999995,2,263.08000000000004,move,improve
1027,11,21000.76,2,263.08000000000004,swap,improve
1028,11,16923.480000000003,2,263.08000000000004,move,improve
1029,11,12524.159999999998,2,263.08000000000004,2opt,improve
1030,11,11019.72,2,263.08000000000004,move,improve
1031,11,13497.080000000002,2,263.08000000000004,2opt,acceptBad
1032,11,12587.040000000005,2,263.08000000000004,move,improve
1033,11,12580.319999999994,2,263.08000000000004,2opt,improve
1034,11,12580.319999999994,2,263.08000000000004,move,improve
1035,11,12284.560000000003,2,263.08000000000004,move,improve
1036,11,12284.720000000003,2,263.08000000000004,2opt,acceptBad
1037,11,15932.400000000001,2,263.08000000000004,2opt,acceptBad
1038,11,13573.12,2,263.08000000000004,2opt,improve
1039,11,13569.12,2,263.08000000000004,swap,improve
1040,11,13570.28,2,263.08000000000004,swap,acceptBad
1041,11,13577.0,2,263.08000000000004,swap,acceptBad
1042,11,7495.000000000001,2,263.08000000000004,move,improve
1043,11,7467.600000000001,2,263.08000000000004,swap,improve
1044,11,7453.960000000001,2,263.08000000000004,swap,improve
1045,11,7463.800000000001,2,263.08000000000004,2opt,acceptBad
1046,11,7911.960000000001,2,263.08000000000004,swap,acceptBad
1047,11,7909.56,2,263.08000000000004,move,improve
1048,11,8679.76,2,263.08000000000004,swap,acceptBad
1049,11,9603.800000000001,2,263.08000000000004,2opt,acceptBad
1050,11,9589.080000000002,2,263.08000000000004,move,improve
1051,11,9589.080000000002,2,263.08000000000004,move,improve
1052,11,9589.080000000002,2,263.08000000000004,move,improve
1053,11,9593.720000000001,2,263.08000000000004,swap,acceptBad
1054,11,6899.679999999999,2,263.08000000000004,move,improve
1055,11,6892.2,2,263.08000000000004,move,improve
1056,11,8067.479999999999,2,263.08000000000004,2opt,acceptBad
1057,11,8070.079999999999,2,263.08000000000004,swap,acceptBad
1058,11,8055.799999999999,2,263.08000000000004,swap,improve
1059,11,8277.479999999998,2,263.08000000000004,2opt,acceptBad
1060,11,8269.999999999998,2,263.08000000000004,swap,improve
1061,11,8269.999999999998,2,263.08000000000004,2opt,notBad
1062,11,7474.959999999999,2,263.08000000000004,swap,improve
1063,11,7474.479999999999,2,263.08000000000004,2opt,improve
1064,11,7704.76,2,263.08000000000004,swap,acceptBad
1065,11,7703.759999999999,2,263.08000000000004,2opt,improve
1066,11,7691.44,2,263.08000000000004,swap,improve
1067,11,7702.599999999999,2,263.08000000000004,swap,acceptBad
1068,11,7702.599999999999,2,263.08000000000004,2opt,notBad
1069,11,7686.719999999999,2,263.08000000000004,move,improve
1070,11,7717.639999999998,2,263.08000000000004,swap,acceptBad
1071,11,7717.479999999998,2,263.08000000000004,2opt,improve
1072,11,7714.559999999998,2,263.08000000000004,move,improve
1073,11,7734.559999999998,2,263.08000000000004,swap,acceptBad
1074,11,7838.679999999997,2,263.08000000000004,swap,acceptBad
1075,11,7840.399999999996,2,263.08000000000004,2opt,acceptBad
1076,11,7751.68,2,263.08000000000004,swap,improve
1077,11,7751.68,2,263.08000000000004,2opt,notBad
1078,11,6504.480000000001,2,263.08000000000004,move,improve
1079,11,6449.879999999999,2,263.08000000000004,swap,improve
1080,11,6474.080000000001,2,263.08000000000004,2opt,acceptBad
1081,11,6474.080000000001,2,263.08000000000004,move,improve
1082,11,6474.080000000001,2,263.08000000000004,move,improve
1083,11,6472.200000000001,2,263.08000000000004,swap,improve
1084,11,6472.200000000001,2,263.08000000000004,2opt,notBad
1085,11,6349.880000000001,2,263.08000000000004,move,improve
1086,11,6349.880000000001,2,263.08000000000004,move,improve
1087,11,6278.919999999999,2,263.08000000000004,swap,improve
1088,11,6279.079999999999,2,263.08000000000004,swap,acceptBad
1089,11,6279.119999999999,2,263.08000000000004,2opt,acceptBad
1090,11,6269.960000000001,2,263.08000000000004,2opt,improve
1091,11,6250.4400000000005,2,263.08000000000004,move,improve
1092,11,6243.560000000001,2,263.08000000000004,2opt,improve
1093,11,6256.360000000001,2,263.08000000000004,2opt,acceptBad
1094,11,6247.000000000002,2,263.08000000000004,2opt,improve
1095,11,6295.520000000002,2,263.08000000000004,swap,acceptBad
1096,11,6293.240000000002,2,263.08000000000004,2opt,improve
1097,11,6658.840000000003,2,263.08000000000004,swap,acceptBad
1098,11,6672.440000000002,2,263.08000000000004,2opt,acceptBad
1099,11,6668.480000000001,2,263.08000000000004,2opt,improve
1100,11,6675.080000000002,2,263.08000000000004,swap,acceptBad
1101,11,6675.080000000002,2,263.08000000000004,move,improve
1102,11,6680.2800000000025,2,263.08000000000004,2opt,acceptBad
1103,11,6677.160000000003,2,263.08000000000004,move,improve
1104,11,6677.160000000003,2,263.08000000000004,2opt,improve
1105,11,6679.840000000003,2,263.08000000000004,swap,acceptBad
1106,11,6680.2800000000025,2,263.08000000000004,2opt,acceptBad
1107,11,5546.44,2,263.08000000000004,move,improve
1108,11,5544.159999999998,2,263.08000000000004,2opt,improve
1109,11,5564.919999999998,2,263.08000000000004,swap,acceptBad
1110,11,5564.919999999998,2,263.08000000000004,move,improve
1111,11,7472.2,2,263.08000000000004,2opt,acceptBad
1112,11,7476.2,2,263.08000000000004,swap,acceptBad
1113,11,7922.919999999998,2,263.08000000000004,2opt,acceptBad
1114,11,7958.519999999999,2,263.08000000000004,swap,acceptBad
1115,11,7959.159999999998,2,263.08000000000004,swap,acceptBad
1116,11,7942.559999999999,2,263.08000000000004,swap,improve
1117,11,6971.120000000002,2,263.08000000000004,move,improve
1118,11,6956.68,2,263.08000000000004,2opt,improve
1119,11,6310.199999999999,2,263.08000000000004,move,improve
1120,11,6301.679999999999,2,263.08000000000004,move,improve
1121,11,7235.919999999995,2,263.08000000000004,swap,acceptBad
1122,11,7233.759999999995,2,263.08000000000004,move,improve
1123,11,7229.159999999996,2,263.08000000000004,2opt,improve
1124,11,7229.159999999996,2,263.08000000000004,move,improve
1125,11,7225.479999999999,2,263.08000000000004,2opt,improve
1126,11,7212.399999999997,2,263.08000000000004,2opt,improve
1127,11,7196.919999999996,2,263.08000000000004,move,improve
1128,11,7191.199999999997,2,263.08000000000004,2opt,improve
1129,11,5854.639999999999,2,263.08000000000004,2opt,improve
1130,11,6019.360000000001,2,263.08000000000004,swap,acceptBad
1131,11,5995.879999999999,2,263.08000000000004,2opt,improve
1132,11,6091.480000000001,2,263.08000000000004,swap,acceptBad
1133,11,6087.960000000001,2,263.08000000000004,swap,improve
1134,11,6090.2800000000025,2,263.08000000000004,2opt,acceptBad
1135,11,6123.480000000001,2,263.08000000000004,2opt,acceptBad
1136,11,8950.160000000003,2,263.08000000000004,swap,acceptBad
1137,11,8707.599999999999,2,263.08000000000004,move,improve
1138,11,9046.879999999997,2,263.08000000000004,swap,acceptBad
1139,11,9051.239999999998,2,263.08000000000004,swap,acceptBad
1140,11,14565.639999999996,2,263.08000000000004,swap,acceptBad
1141,11,14554.679999999995,2,263.08000000000004,move,improve
1142,11,14541.519999999999,2,263.08000000000004,2opt,improve
1143,11,12064.519999999997,2,263.08000000000004,move,improve
1144,11,9578.519999999999,2,263.08000000000004,swap,improve
1145,11,10128.919999999996,2,263.08000000000004,2opt,acceptBad
1146,11,10119.039999999997,2,263.08000000000004,swap,improve
1147,11,10119.759999999997,2,263.08000000000004,2opt,acceptBad
1148,11,11035.119999999995,2,263.08000000000004,swap,acceptBad
1149,11,10790.88,2,263.08000000000004,swap,improve
1150,11,10671.64,2,263.08000000000004,swap,improve
1151,11,10673.6,2,263.08000000000004,swap,acceptBad
1152,11,10673.359999999999,2,263.08000000000004,2opt,improve
1153,11,9057.76,2,263.08000000000004,swap,improve
1154,11,7898.48,2,263.08000000000004,move,improve
1155,11,7898.639999999999,2,263.08000000000004,2opt,acceptBad
1156,11,7902.359999999999,2,263.08000000000004,swap,acceptBad
1157,11,8463.84,2,263.08000000000004,swap,acceptBad
1158,11,8467.160000000002,2,263.08000000000004,2opt,acceptBad
1159,11,13045.599999999999,2,263.08000000000004,swap,acceptBad
1160,11,14043.679999999997,2,263.08000000000004,2opt,acceptBad
1161,11,14170.879999999994,2,263.08000000000004,swap,acceptBad
1162,11,14155.279999999993,2,263.08000000000004,move,improve
1163,11,14146.759999999993,2,263.08000000000004,move,improve
1164,11,11141.760000000002,2,263.08000000000004,2opt,improve
1165,11,11139.520000000002,2,263.08000000000004,2opt,improve
1166,11,11139.520000000002,2,263.08000000000004,2opt,notBad
1167,11,11142.719999999996,2,263.08000000000004,2opt,acceptBad
1168,11,12431.64,2,263.08000000000004,swap,acceptBad
1169,11,12413.679999999998,2,263.08000000000004,move,improve
1170,11,12398.56,2,263.08000000000004,move,improve
1171,11,12393.72,2,263.08000000000004,swap,improve
1172,11,12393.72,2,263.08000000000004,swap,notBad
1173,11,12395.040000000003,2,263.08000000000004,2opt,acceptBad
1174,11,9203.439999999999,2,263.08000000000004,move,improve
1175,11,9203.999999999998,2,263.08000000000004,swap,acceptBad
1176,11,9217.679999999998,2,263.08000000000004,swap,acceptBad
1177,11,9217.679999999998,2,263.08000000000004,2opt,improve
1178,11,7320.0400000000045,2,263.08000000000004,swap,improve
1179,11,7324.1200000000035,2,263.08000000000004,2opt,acceptBad
1180,11,9882.279999999999,2,263.08000000000004,2opt,acceptBad
1181,11,9905.120000000003,2,263.08000000000004,swap,acceptBad
1182,11,9899.800000000003,2,263.08000000000004,move,improve
1183,11,9899.800000000003,2,263.08000000000004,2opt,notBad
1184,11,9919.16,2,263.08000000000004,swap,acceptBad
1185,11,9905.48,2,263.08000000000004,swap,improve
1186,11,9120.16,2,263.08000000000004,swap,improve
1187,11,9135.16,2,263.08000000000004,2opt,acceptBad
1188,11,9135.08,2,263.08000000000004,move,improve
1189,11,9142.96,2,263.08000000000004,2opt,acceptBad
1190,11,9570.2,2,263.08000000000004,swap,acceptBad
1191,11,9570.279999999999,2,263.08000000000004,2opt,acceptBad
1192,11,9570.279999999999,2,263.08000000000004,move,improve
1193,11,13191.200000000004,2,263.08000000000004,swap,acceptBad
1194,11,13204.240000000003,2,263.08000000000004,2opt,acceptBad
1195,11,13864.4,2,263.08000000000004,swap,acceptBad
1196,11,12760.679999999997,2,263.08000000000004,swap,improve
1197,11,12175.519999999995,2,263.08000000000004,swap,improve
1198,11,14853.720000000003,2,263.08000000000004,swap,acceptBad
1199,11,13381.960000000006,2,263.08000000000004,move,improve
1200,11,13381.960000000006,2,263.08000000000004,move,improve
1201,11,11662.120000000006,2,263.08000000000004,move,improve
1202,11,11661.720000000005,2,263.08000000000004,2opt,improve
1203,11,10038.239999999998,2,263.08000000000004,swap,improve
1204,11,8821.52,2,263.08000000000004,move,improve
1205,11,8432.679999999997,2,263.08000000000004,2opt,improve
1206,11,10624.72,2,263.08000000000004,swap,acceptBad
1207,11,10619.32,2,263.08000000000004,2opt,improve
1208,11,10723.239999999998,2,263.08000000000004,2opt,acceptBad
1209,11,10723.239999999998,2,263.08000000000004,move,improve
1210,11,10723.239999999998,2,263.08000000000004,2opt,notBad
1211,11,12855.880000000003,2,263.08000000000004,swap,acceptBad
1212,11,12205.800000000003,2,263.08000000000004,move,improve
1213,11,10211.6,2,263.08000000000004,move,improve
1214,11,10211.6,2,263.08000000000004,2opt,notBad
1215,11,9748.2,2,263.08000000000004,swap,improve
1216,11,9679.400000000001,2,263.08000000000004,swap,improve
1217,11,9710.440000000002,2,263.08000000000004,2opt,acceptBad
1218,11,8558.4,2,263.08000000000004,move,improve
1219,11,10301.36,2,263.08000000000004,swap,acceptBad
1220,11,10305.16,2,263.08000000000004,2opt,acceptBad
1221,11,9759.760000000002,2,263.08000000000004,move,improve
1222,11,9751.440000000002,2,263.08000000000004,move,improve
1223,11,10021.0,2,263.08000000000004,swap,acceptBad
1224,11,9980.639999999998,2,263.08000000000004,2opt,improve
1225,11,9980.639999999998,2,263.08000000000004,2opt,notBad
1226,11,9184.519999999997,2,263.08000000000004,move,improve
1227,11,9183.399999999998,2,263.08000000000004,swap,improve
1228,11,8647.479999999998,2,263.08000000000004,swap,improve
1229,11,8710.519999999997,2,263.08000000000004,2opt,acceptBad
1230,11,8710.239999999998,2,263.08000000000004,move,improve
1231,11,8719.12,2,263.08000000000004,2opt,acceptBad
1232,11,8881.559999999998,2,263.08000000000004,move,acceptBad
1233,11,8875.359999999997,2,263.08000000000004,move,improve
1234,11,8875.879999999994,2,263.08000000000004,2opt,acceptBad
1235,11,8875.839999999993,2,263.08000000000004,move,improve
1236,11,8874.519999999993,2,263.08000000000004,swap,improve
1237,11,8873.439999999993,2,263.08000000000004,swap,improve
1238,11,9047.119999999997,2,263.08000000000004,2opt,acceptBad
1239,11,8693.199999999997,2,263.08000000000004,move,improve
1240,11,8506.0,2,263.08000000000004,swap,improve
1241,11,9375.12,2,263.08000000000004,2opt,acceptBad
1242,11,9453.639999999998,2,263.08000000000004,2opt,acceptBad
1243,11,9455.999999999996,2,263.08000000000004,2opt,acceptBad
1244,11,9869.68,2,263.08000000000004,swap,acceptBad
1245,11,9870.359999999997,2,263.08000000000004,2opt,acceptBad
1246,11,9902.160000000002,2,263.08000000000004,2opt,acceptBad
1247,11,9896.28,2,263.08000000000004,move,improve
1248,11,9874.000000000002,2,263.08000000000004,2opt,improve
1249,11,9867.76,2,263.08000000000004,2opt,improve
1250,11,9867.880000000001,2,263.08000000000004,2opt,acceptBad
1251,11,9880.84,2,263.08000000000004,swap,acceptBad
1252,11,9179.400000000001,2,263.08000000000004,move,improve
1253,11,9124.199999999997,2,263.08000000000004,swap,improve
1254,11,11270.199999999993,2,263.08000000000004,swap,acceptBad
1255,11,11310.839999999997,2,263.08000000000004,swap,acceptBad
1256,11,11310.839999999997,2,263.08000000000004,move,improve
1257,11,8602.56,2,263.08000000000004,move,improve
1258,11,8642.279999999999,2,263.08000000000004,swap,acceptBad
1259,11,8642.279999999999,2,263.08000000000004,2opt,notBad
1260,11,8651.039999999997,2,263.08000000000004,2opt,acceptBad
1261,11,8626.519999999997,2,263.08000000000004,swap,improve
1262,11,8626.519999999997,2,263.08000000000004,move,improve
1263,11,8475.519999999995,2,263.08000000000004,2opt,improve
1264,11,8471.919999999995,2,263.08000000000004,swap,improve
1265,11,8471.919999999995,2,263.08000000000004,move,improve
1266,11,8466.479999999996,2,263.08000000000004,swap,improve
1267,11,8240.679999999997,2,263.08000000000004,swap,improve
1268,11,8234.519999999995,2,263.08000000000004,2opt,improve
1269,11,7112.199999999998,2,263.08000000000004,move,improve
1270,11,7150.759999999996,2,263.08000000000004,swap,acceptBad
1271,11,7150.759999999996,2,263.08000000000004,move,improve
1272,11,7150.759999999996,2,263.08000000000004,move,improve
1273,11,7150.759999999996,2,263.08000000000004,move,improve
1274,11,7150.759999999996,2,263.08000000000004,2opt,notBad
1275,11,7150.759999999996,2,263.08000000000004,move,improve
1276,11,8227.959999999997,2,263.08000000000004,swap,acceptBad
1277,11,8227.959999999997,2,263.08000000000004,2opt,improve
1278,11,8319.759999999998,2,263.08000000000004,swap,acceptBad
1279,11,8270.239999999996,2,263.08000000000004,move,improve
1280,11,8270.239999999996,2,263.08000000000004,move,improve
1281,11,6971.679999999997,2,263.08000000000004,move,improve
1282,11,6971.679999999997,2,263.08000000000004,2opt,notBad
1283,11,7048.239999999998,2,263.08000000000004,swap,acceptBad
1284,11,7050.7599999999975,2,263.08000000000004,2opt,acceptBad
1285,11,6363.919999999997,2,263.08000000000004,move,improve
1286,11,6357.439999999998,2,263.08000000000004,move,improve
1287,11,6360.479999999998,2,263.08000000000004,swap,acceptBad
1288,11,6355.279999999997,2,263.08000000000004,2opt,improve
1289,11,7061.199999999997,2,263.08000000000004,2opt,acceptBad
1290,11,7169.639999999999,2,263.08000000000004,2opt,acceptBad
1291,11,5950.919999999996,2,263.08000000000004,move,improve
1292,11,5968.719999999999,2,263.08000000000004,2opt,acceptBad
1293,11,5968.719999999999,2,263.08000000000004,2opt,notBad
1294,11,5968.439999999997,2,263.08000000000004,2opt,improve
1295,11,5968.439999999997,2,263.08000000000004,2opt,improve
1296,11,6235.559999999995,2,263.08000000000004,swap,acceptBad
1297,11,6219.519999999995,2,263.08000000000004,2opt,improve
1298,11,6219.519999999995,2,263.08000000000004,move,improve
1299,11,5903.999999999998,2,263.08000000000004,move,improve
1300,11,5910.08,2,263.08000000000004,swap,acceptBad
1301,11,5603.200000000003,2,263.08000000000004,move,improve
1302,11,5593.960000000002,2,263.08000000000004,move,improve
1303,11,5487.000000000001,2,263.08000000000004,swap,improve
1304,11,5456.3200000000015,2,263.08000000000004,swap,improve
1305,11,5456.3200000000015,2,263.08000000000004,2opt,notBad
1306,11,5457.880000000001,2,263.08000000000004,2opt,acceptBad
1307,11,5457.880000000001,2,263.08000000000004,2opt,notBad
1308,11,5380.48,2,263.08000000000004,2opt,improve
1309,11,5388.759999999999,2,263.08000000000004,swap,acceptBad
1310,11,5368.44,2,263.08000000000004,move,improve
1311,11,5324.36,2,263.08000000000004,move,improve
1312,11,5324.36,2,263.08000000000004,2opt,notBad
1313,11,5328.36,2,263.08000000000004,swap,acceptBad
1314,11,5335.599999999999,2,263.08000000000004,swap,acceptBad
1315,11,5348.199999999999,2,263.08000000000004,2opt,acceptBad
1316,11,5372.6,2,263.08000000000004,2opt,acceptBad
1317,11,5373.439999999999,2,263.08000000000004,2opt,acceptBad
1318,11,5373.439999999999,2,263.08000000000004,2opt,improve
1319,11,5373.439999999999,2,263.08000000000004,2opt,notBad
1320,11,5349.439999999999,2,263.08000000000004,move,improve
1321,11,7913.8799999999965,2,263.08000000000004,swap,acceptBad
1322,11,10643.439999999999,2,263.08000000000004,swap,acceptBad
1323,11,9070.039999999994,2,263.08000000000004,move,improve
1324,11,8463.519999999995,2,263.08000000000004,move,improve
1325,11,8505.319999999998,2,263.08000000000004,swap,acceptBad
1326,11,8505.319999999998,2,263.08000000000004,2opt,notBad
1327,11,8505.319999999998,2,263.08000000000004,2opt,notBad
1328,11,8505.319999999998,2,263.08000000000004,swap,notBad
1329,11,8505.319999999998,2,263.08000000000004,move,improve
1330,11,7464.719999999996,2,263.08000000000004,move,improve
1331,11,7464.719999999996,2,263.08000000000004,2opt,improve
1332,11,7464.719999999996,2,263.08000000000004,2opt,notBad
1333,11,7464.359999999995,2,263.08000000000004,move,improve
1334,11,7624.359999999997,2,263.08000000000004,swap,acceptBad
1335,11,7624.359999999995,2,263.08000000000004,2opt,improve
1336,11,7538.2399999999925,2,263.08000000000004,swap,improve
1337,11,7538.2399999999925,2,263.08000000000004,move,improve
1338,11,7535.159999999993,2,263.08000000000004,move,improve
1339,11,7840.0799999999945,2,263.08000000000004,swap,acceptBad
1340,11,7841.759999999997,2,263.08000000000004,2opt,acceptBad
1341,11,7291.199999999999,2,263.08000000000004,move,improve
1342,11,7291.199999999999,2,263.08000000000004,2opt,notBad
1343,11,7311.279999999997,2,263.08000000000004,2opt,acceptBad
1344,11,7275.479999999998,2,263.08000000000004,2opt,improve
1345,11,7287.719999999996,2,263.08000000000004,2opt,acceptBad
1346,11,7287.719999999996,2,263.08000000000004,move,improve
1347,11,7287.719999999996,2,263.08000000000004,move,improve
1348,11,7287.719999999996,2,263.08000000000004,move,improve
1349,11,7143.359999999994,2,263.08000000000004,2opt,improve
1350,11,7139.479999999992,2,263.08000000000004,move,improve
1351,11,7065.759999999994,2,263.08000000000004,swap,improve
1352,11,7065.759999999994,2,263.08000000000004,move,improve
1353,11,7065.759999999994,2,263.08000000000004,move,improve
1354,11,7060.079999999996,2,263.08000000000004,2opt,improve
1355,11,7145.039999999996,2,263.08000000000004,2opt,acceptBad
1356,11,7145.039999999996,2,263.08000000000004,2opt,notBad
1357,11,7145.039999999996,2,263.08000000000004,move,improve
1358,11,7143.479999999996,2,263.08000000000004,move,improve
1359,11,7169.6,2,263.08000000000004,swap,acceptBad
1360,11,7169.240000000001,2,263.08000000000004,move,improve
1361,11,8263.2,2,263.08000000000004,swap,acceptBad
1362,11,8263.2,2,263.08000000000004,move,improve
1363,11,8245.4,2,263.08000000000004,move,improve
1364,11,8261.56,2,263.08000000000004,swap,acceptBad
1365,11,8261.56,2,263.08000000000004,move,improve
1366,11,8016.68,2,263.08000000000004,2opt,improve
1367,11,7105.640000000003,2,263.08000000000004,move,improve
1368,11,7911.079999999997,2,263.08000000000004,swap,acceptBad
1369,11,7911.079999999997,2,263.08000000000004,2opt,notBad
1370,11,7909.119999999997,2,263.08000000000004,move,improve
1371,11,7909.119999999997,2,263.08000000000004,2opt,notBad
1372,11,7909.119999999997,2,263.08000000000004,move,improve
1373,11,6805.4800000000005,2,263.08000000000004,2opt,improve
1374,11,6427.2800000000025,2,263.08000000000004,move,improve
1375,11,6426.560000000002,2,263.08000000000004,swap,improve
1376,11,6429.120000000002,2,263.08000000000004,swap,acceptBad
1377,11,6429.120000000002,2,263.08000000000004,2opt,notBad
1378,11,6429.120000000002,2,263.08000000000004,move,improve
1379,11,6434.2400000000025,2,263.08000000000004,swap,acceptBad
1380,11,6434.2400000000025,2,263.08000000000004,swap,notBad
1381,11,6434.56,2,263.08000000000004,2opt,acceptBad
1382,11,6462.919999999997,2,263.08000000000004,2opt,acceptBad
1383,11,6460.239999999998,2,263.08000000000004,move,improve
1384,11,6467.839999999997,2,263.08000000000004,2opt,acceptBad
1385,11,6467.839999999997,2,263.08000000000004,swap,notBad
1386,11,6440.119999999997,2,263.08000000000004,swap,improve
1387,11,6437.799999999997,2,263.08000000000004,swap,improve
1388,11,5964.479999999998,2,263.08000000000004,move,improve
1389,11,5964.479999999998,2,263.08000000000004,2opt,notBad
1390,11,6075.5599999999995,2,263.08000000000004,swap,acceptBad
1391,11,9087.319999999996,2,263.08000000000004,swap,acceptBad
1392,11,9078.079999999996,2,263.08000000000004,move,improve
1393,11,7709.839999999998,2,263.08000000000004,move,improve
1394,11,8282.640000000001,2,263.08000000000004,2opt,acceptBad
1395,11,8262.52,2,263.08000000000004,move,improve
1396,11,8305.560000000001,2,263.08000000000004,swap,acceptBad
1397,11,8305.0,2,263.08000000000004,move,improve
1398,11,8305.0,2,263.08000000000004,swap,notBad
1399,11,8093.280000000004,2,263.08000000000004,move,improve
1400,11,9071.680000000002,2,263.08000000000004,swap,acceptBad
1401,11,9071.440000000002,2,263.08000000000004,2opt,improve
1402,11,9064.04,2,263.08000000000004,move,improve
1403,11,9089.200000000003,2,263.08000000000004,2opt,acceptBad
1404,11,9089.200000000003,2,263.08000000000004,move,improve
1405,11,9089.200000000003,2,263.08000000000004,2opt,notBad
1406,11,9090.360000000002,2,263.08000000000004,2opt,acceptBad
1407,11,9099.440000000002,2,263.08000000000004,2opt,acceptBad
1408,11,9103.640000000001,2,263.08000000000004,swap,acceptBad
1409,11,9101.360000000002,2,263.08000000000004,move,improve
1410,11,9105.04,2,263.08000000000004,2opt,acceptBad
1411,11,8841.880000000001,2,263.08000000000004,move,improve
1412,11,8842.320000000002,2,263.08000000000004,2opt,acceptBad
1413,11,8842.320000000002,2,263.08000000000004,2opt,notBad
1414,11,8842.320000000002,2,263.08000000000004,2opt,notBad
1415,11,8827.960000000001,2,263.08000000000004,move,improve
1416,11,8827.960000000001,2,263.08000000000004,move,improve
1417,11,11644.84,2,263.08000000000004,swap,acceptBad
1418,11,11636.16,2,263.08000000000004,move,improve
1419,11,11732.88,2,263.08000000000004,swap,acceptBad
1420,11,11733.039999999999,2,263.08000000000004,swap,acceptBad
1421,11,11725.32,2,263.08000000000004,swap,improve
1422,11,11735.239999999998,2,263.08000000000004,swap,acceptBad
1423,11,13295.04,2,263.08000000000004,swap,acceptBad
1424,11,13295.04,2,263.08000000000004,2opt,notBad
1425,11,13297.160000000003,2,263.08000000000004,2opt,acceptBad
1426,11,13297.160000000003,2,263.08000000000004,move,improve
1427,11,12609.600000000004,2,263.08000000000004,move,improve
1428,11,12902.000000000002,2,263.08000000000004,2opt,acceptBad
1429,11,12902.000000000002,2,263.08000000000004,2opt,notBad
1430,11,12903.400000000001,2,263.08000000000004,swap,acceptBad
1431,11,12204.400000000003,2,263.08000000000004,2opt,improve
1432,11,12204.400000000003,2,263.08000000000004,2opt,notBad
1433,11,12204.400000000003,2,263.08000000000004,2opt,improve
1434,11,12272.240000000003,2,263.08000000000004,swap,acceptBad
1435,11,12324.240000000003,2,263.08000000000004,swap,acceptBad
1436,11,12323.560000000001,2,263.08000000000004,swap,improve
1437,11,12323.560000000001,2,263.08000000000004,2opt,notBad
1438,11,11641.680000000002,2,263.08000000000004,move,improve
1439,11,11641.680000000002,2,263.08000000000004,swap,notBad
1440,11,11641.680000000002,2,263.08000000000004,swap,notBad
1441,11,11641.680000000002,2,263.08000000000004,2opt,notBad
1442,11,11518.519999999999,2,263.08000000000004,2opt,improve
1443,11,10897.079999999996,2,263.08000000000004,move,improve
1444,11,10894.839999999997,2,263.08000000000004,swap,improve
1445,11,10894.839999999997,2,263.08000000000004,2opt,notBad
1446,11,10864.279999999997,2,263.08000000000004,move,improve
1447,11,10864.279999999997,2,263.08000000000004,2opt,notBad
1448,11,10863.919999999996,2,263.08000000000004,move,improve
1449,11,10864.879999999997,2,263.08000000000004,swap,acceptBad
1450,11,11083.719999999998,2,263.08000000000004,2opt,acceptBad
1451,11,11080.359999999997,2,263.08000000000004,move,improve
1452,11,10420.44,2,263.08000000000004,move,improve
1453,11,10420.44,2,263.08000000000004,move,improve
1454,11,10420.480000000001,2,263.08000000000004,swap,acceptBad
1455,11,10231.48,2,263.08000000000004,move,improve
1456,11,8816.279999999999,2,263.08000000000004,swap,improve
1457,11,8245.560000000003,2,263.08000000000004,move,improve
1458,11,8251.160000000002,2,263.08000000000004,swap,acceptBad
1459,11,8239.360000000002,2,263.08000000000004,move,improve
1460,11,7835.000000000001,2,263.08000000000004,swap,improve
1461,11,7714.4000000000015,2,263.08000000000004,move,improve
1462,11,6353.479999999998,2,263.08000000000004,move,improve
1463,11,6351.919999999997,2,263.08000000000004,move,improve
1464,11,6424.68,2,263.08000000000004,swap,acceptBad
1465,11,6401.12,2,263.08000000000004,swap,improve
1466,11,6407.16,2,263.08000000000004,swap,acceptBad
1467,11,6408.48,2,263.08000000000004,2opt,acceptBad
1468,11,6424.08,2,263.08000000000004,swap,acceptBad
1469,11,6413.48,2,263.08000000000004,swap,improve
1470,11,6413.48,2,263.08000000000004,2opt,notBad
1471,11,6413.48,2,263.08000000000004,move,improve
1472,11,6393.0,2,263.08000000000004,swap,improve
1473,11,6393.0,2,263.08000000000004,2opt,improve
1474,11,6393.0,2,263.08000000000004,2opt,notBad
1475,11,6396.4400000000005,2,263.08000000000004,2opt,acceptBad
1476,11,6399.520000000002,2,263.08000000000004,2opt,acceptBad
1477,11,6399.520000000002,2,263.08000000000004,2opt,notBad
1478,11,6437.200000000001,2,263.08000000000004,swap,acceptBad
1479,11,6482.040000000002,2,263.08000000000004,swap,acceptBad
1480,11,6490.560000000001,2,263.08000000000004,swap,acceptBad
1481,11,6490.560000000001,2,263.08000000000004,move,improve
1482,11,6490.560000000001,2,263.08000000000004,move,improve
1483,11,6483.000000000002,2,263.08000000000004,swap,improve
1484,11,6483.720000000001,2,263.08000000000004,swap,acceptBad
1485,11,6479.080000000002,2,263.08000000000004,move,improve
1486,11,6479.080000000002,2,263.08000000000004,swap,notBad
1487,11,6490.279999999998,2,263.08000000000004,2opt,acceptBad
1488,11,5565.479999999998,2,263.08000000000004,move,improve
1489,11,5567.24,2,263.08000000000004,2opt,acceptBad
1490,11,5567.24,2,263.08000000000004,move,improve
1491,11,5568.28,2,263.08000000000004,swap,acceptBad
1492,11,5590.28,2,263.08000000000004,swap,acceptBad
1493,11,5589.28,2,263.08000000000004,move,improve
1494,11,5571.32,2,263.08000000000004,move,improve
1495,11,5571.32,2,263.08000000000004,2opt,notBad
1496,11,5500.279999999999,2,263.08000000000004,move,improve
1497,11,5496.279999999999,2,263.08000000000004,move,improve
1498,11,5492.439999999997,2,263.08000000000004,swap,improve
1499,11,5492.439999999997,2,263.08000000000004,move,improve
1500,11,5492.439999999997,2,263.08000000000004,move,improve
1501,11,6149.879999999996,2,263.08000000000004,swap,acceptBad
1502,11,6149.879999999996,2,263.08000000000004,move,improve
1503,11,6208.6799999999985,2,263.08000000000004,swap,acceptBad
1504,11,6085.280000000001,2,263.08000000000004,move,improve
1505,11,5984.240000000001,2,263.08000000000004,swap,improve
1506,11,5984.240000000001,2,263.08000000000004,move,improve
1507,11,5984.240000000001,2,263.08000000000004,2opt,notBad
1508,11,5984.240000000001,2,263.08000000000004,2opt,notBad
1509,11,5984.240000000001,2,263.08000000000004,move,improve
1510,11,5478.4400000000005,2,263.08000000000004,move,improve
1511,11,5474.4800000000005,2,263.08000000000004,move,improve
1512,11,5166.84,2,263.08000000000004,swap,improve
1513,11,5169.080000000001,2,263.08000000000004,swap,acceptBad
1514,11,5169.080000000001,2,263.08000000000004,move,improve
1515,11,5092.080000000001,2,263.08000000000004,swap,improve
1516,11,5089.320000000001,2,263.08000000000004,move,improve
1517,11,5089.320000000001,2,263.08000000000004,2opt,notBad
1518,11,5089.240000000001,2,263.08000000000004,move,improve
1519,11,5053.879999999999,2,263.08000000000004,swap,improve
1520,11,5033.28,2,263.08000000000004,swap,improve
1521,11,5011.92,2,263.08000000000004,swap,improve
1522,10,3995.46,2,263.08000000000004,move,improve
1523,10,3992.3,2,263.08000000000004,move,improve
1524,10,4009.78,2,263.08000000000004,swap,acceptBad
1525,10,4009.78,2,263.08000000000004,2opt,improve
1526,10,4009.78,2,263.08000000000004,2opt,notBad
1527,10,4009.78,2,263.08000000000004,move,improve
1528,10,3999.659999999999,2,263.08000000000004,move,improve
1529,10,3999.659999999999,2,263.08000000000004,swap,notBad
1530,10,3999.659999999999,2,263.08000000000004,move,improve
1531,10,3994.579999999999,2,263.08000000000004,2opt,improve
1532,10,3994.579999999999,2,263.08000000000004,2opt,notBad
1533,10,3994.579999999999,2,263.08000000000004,2opt,notBad
1534,10,3998.059999999999,2,263.08000000000004,swap,acceptBad
1535,10,3998.059999999999,2,263.08000000000004,2opt,notBad
1536,10,4040.819999999999,2,263.08000000000004,swap,acceptBad
1537,10,4486.999999999998,2,263.08000000000004,swap,acceptBad
1538,10,4429.099999999999,2,263.08000000000004,move,improve
1539,10,4440.299999999999,2,263.08000000000004,swap,acceptBad
1540,10,4440.299999999999,2,263.08000000000004,2opt,notBad
1541,10,4440.299999999999,2,263.08000000000004,2opt,notBad
1542,10,4413.7,2,263.08000000000004,move,improve
1543,10,3867.6000000000004,2,263.08000000000004,move,improve
1544,10,3880.4400000000005,2,263.08000000000004,swap,acceptBad
1545,10,3883.36,2,263.08000000000004,swap,acceptBad
1546,10,3873.5600000000004,2,263.08000000000004,2opt,improve
1547,10,3873.28,2,263.08000000000004,move,improve
1548,10,4151.759999999998,2,263.08000000000004,swap,acceptBad
1549,10,4142.199999999999,2,263.08000000000004,move,improve
1550,10,4142.199999999999,2,263.08000000000004,move,improve
1551,10,4145.919999999998,2,263.08000000000004,2opt,acceptBad
1552,10,4665.379999999998,2,263.08000000000004,swap,acceptBad
1553,10,4660.739999999999,2,263.08000000000004,move,improve
1554,10,4658.339999999998,2,263.08000000000004,swap,improve
1555,10,4702.659999999999,2,263.08000000000004,swap,acceptBad
1556,10,4649.260000000001,2,263.08000000000004,2opt,improve
1557,10,4649.260000000001,2,263.08000000000004,2opt,notBad
1558,10,3758.8,2,263.08000000000004,2opt,improve
1559,10,3752.48,2,263.08000000000004,2opt,improve
1560,10,3752.6400000000003,2,263.08000000000004,2opt,acceptBad
1561,10,3808.5399999999995,2,263.08000000000004,swap,acceptBad
1562,10,3804.6999999999994,2,263.08000000000004,move,improve
1563,10,3804.6999999999994,2,263.08000000000004,move,improve
1564,10,3799.7,2,263.08000000000004,2opt,improve
1565,10,3696.6800000000017,2,263.08000000000004,swap,improve
1566,10,3745.000000000002,2,263.08000000000004,swap,acceptBad
1567,10,3745.000000000002,2,263.08000000000004,move,improve
1568,10,3745.000000000002,2,263.08000000000004,2opt,notBad
1569,10,3745.000000000002,2,263.08000000000004,move,improve
1570,10,3745.000000000002,2,263.08000000000004,move,improve
1571,10,3750.7600000000016,2,263.08000000000004,swap,acceptBad
1572,10,3546.940000000001,2,263.08000000000004,move,improve
1573,10,3546.860000000001,2,263.08000000000004,2opt,improve
1574,10,3242.2400000000016,2,263.08000000000004,move,improve
1575,10,3240.720000000002,2,263.08000000000004,move,improve
1576,10,3240.720000000002,2,263.08000000000004,move,improve
1577,10,3213.1200000000017,2,263.08000000000004,move,improve
1578,10,3200.860000000002,2,263.08000000000004,move,improve
1579,10,3200.860000000002,2,263.08000000000004,move,improve
1580,10,3145.2600000000007,2,263.08000000000004,swap,improve
1581,10,3145.140000000001,2,263.08000000000004,2opt,improve
1582,10,3145.140000000001,2,263.08000000000004,2opt,notBad
1583,10,3356.359999999999,2,263.08000000000004,swap,acceptBad
1584,10,3537.200000000001,2,263.08000000000004,swap,acceptBad
1585,10,3537.200000000001,2,263.08000000000004,2opt,notBad
1586,10,3537.200000000001,2,263.08000000000004,swap,notBad
1587,10,3535.240000000001,2,263.08000000000004,2opt,improve
1588,10,3535.240000000001,2,263.08000000000004,move,improve
1589,10,3508.2000000000007,2,263.08000000000004,move,improve
1590,10,3508.2000000000007,2,263.08000000000004,2opt,notBad
1591,10,3083.84,2,263.08000000000004,move,improve
1592,10,3165.7599999999998,2,263.08000000000004,swap,acceptBad
1593,10,3141.9599999999996,2,263.08000000000004,move,improve
1594,10,3141.9599999999996,2,263.08000000000004,swap,notBad
1595,10,3893.88,2,263.08000000000004,swap,acceptBad
1596,10,3893.88,2,263.08000000000004,2opt,notBad
1597,10,3892.48,2,263.08000000000004,swap,improve
1598,10,3865.4,2,263.08000000000004,swap,improve
1599,10,5038.599999999999,2,263.08000000000004,swap,acceptBad
1600,10,4409.159999999997,2,263.08000000000004,move,improve
1601,10,4344.019999999999,2,263.08000000000004,move,improve
1602,10,4445.700000000001,2,263.08000000000004,swap,acceptBad
1603,10,4445.700000000001,2,263.08000000000004,2opt,improve
1604,10,4469.66,2,263.08000000000004,swap,acceptBad
1605,10,4469.66,2,263.08000000000004,swap,notBad
1606,10,4473.74,2,263.08000000000004,swap,acceptBad
1607,10,4473.74,2,263.08000000000004,move,improve
1608,10,4467.059999999999,2,263.08000000000004,2opt,improve
1609,10,4464.459999999999,2,263.08000000000004,2opt,improve
1610,10,4462.659999999999,2,263.08000000000004,swap,improve
1611,10,4462.659999999999,2,263.08000000000004,2opt,notBad
1612,10,4472.119999999999,2,263.08000000000004,swap,acceptBad
1613,10,4472.119999999999,2,263.08000000000004,2opt,notBad
1614,10,4295.479999999998,2,263.08000000000004,swap,improve
1615,10,4349.699999999998,2,263.08000000000004,swap,acceptBad
1616,10,4349.699999999998,2,263.08000000000004,move,improve
1617,10,4349.699999999998,2,263.08000000000004,move,improve
1618,10,4912.519999999998,2,263.08000000000004,2opt,acceptBad
1619,10,4907.239999999998,2,263.08000000000004,move,improve
1620,10,4905.999999999997,2,263.08000000000004,move,improve
1621,10,4905.999999999997,2,263.08000000000004,2opt,notBad
1622,10,4826.179999999996,2,263.08000000000004,move,improve
1623,10,4826.179999999996,2,263.08000000000004,swap,notBad
1624,10,5223.619999999995,2,263.08000000000004,swap,acceptBad
1625,10,5210.499999999996,2,263.08000000000004,swap,improve
1626,10,5212.979999999995,2,263.08000000000004,2opt,acceptBad
1627,10,5211.019999999995,2,263.08000000000004,swap,improve
1628,10,5211.019999999995,2,263.08000000000004,swap,notBad
1629,10,5096.28,2,263.08000000000004,swap,improve
1630,10,5096.28,2,263.08000000000004,move,improve
1631,10,5097.039999999997,2,263.08000000000004,2opt,acceptBad
1632,10,5103.7199999999975,2,263.08000000000004,2opt,acceptBad
1633,10,5103.7199999999975,2,263.08000000000004,swap,notBad
1634,10,5103.7199999999975,2,263.08000000000004,swap,notBad
1635,10,5106.5999999999985,2,263.08000000000004,swap,acceptBad
1636,10,5118.759999999998,2,263.08000000000004,2opt,acceptBad
1637,10,5101.039999999999,2,263.08000000000004,swap,improve
1638,10,5295.28,2,263.08000000000004,2opt,acceptBad
1639,10,5243.68,2,263.08000000000004,swap,improve
1640,10,5335.179999999999,2,263.08000000000004,swap,acceptBad
1641,10,5673.3799999999965,2,263.08000000000004,swap,acceptBad
1642,10,5668.959999999997,2,263.08000000000004,move,improve
1643,10,5656.099999999997,2,263.08000000000004,swap,improve
1644,10,5656.099999999997,2,263.08000000000004,2opt,notBad
1645,10,5285.159999999998,2,263.08000000000004,move,improve
1646,10,5281.079999999998,2,263.08000000000004,2opt,improve
1647,10,5281.079999999998,2,263.08000000000004,swap,notBad
1648,10,5212.859999999999,2,263.08000000000004,swap,improve
1649,10,5540.779999999998,2,263.08000000000004,2opt,acceptBad
1650,10,5538.259999999997,2,263.08000000000004,2opt,improve
1651,10,5985.200000000001,2,263.08000000000004,swap,acceptBad
1652,10,5974.0,2,263.08000000000004,move,improve
1653,10,5770.160000000001,2,263.08000000000004,move,improve
1654,10,5766.360000000001,2,263.08000000000004,swap,improve
1655,10,5315.819999999998,2,263.08000000000004,move,improve
1656,10,5312.339999999997,2,263.08000000000004,2opt,improve
1657,10,5273.879999999997,2,263.08000000000004,move,improve
1658,10,5280.439999999998,2,263.08000000000004,2opt,acceptBad
1659,10,5271.639999999998,2,263.08000000000004,move,improve
1660,10,5267.519999999998,2,263.08000000000004,move,improve
1661,10,5267.519999999998,2,263.08000000000004,move,improve
1662,10,4743.3200000000015,2,263.08000000000004,move,improve
1663,10,4740.880000000002,2,263.08000000000004,move,improve
1664,10,4740.880000000002,2,263.08000000000004,swap,notBad
1665,10,4729.56,2,263.08000000000004,2opt,improve
1666,10,4729.96,2,263.08000000000004,swap,acceptBad
1667,10,4729.96,2,263.08000000000004,move,improve
1668,10,4729.96,2,263.08000000000004,move,improve
1669,10,4731.6,2,263.08000000000004,swap,acceptBad
1670,10,4762.92,2,263.08000000000004,swap,acceptBad
1671,10,4762.92,2,263.08000000000004,2opt,notBad
1672,10,4251.599999999999,2,263.08000000000004,move,improve
1673,10,4540.4400000000005,2,263.08000000000004,2opt,acceptBad
1674,10,4536.4400000000005,2,263.08000000000004,move,improve
1675,10,4535.320000000001,2,263.08000000000004,move,improve
1676,10,4531.880000000001,2,263.08000000000004,swap,improve
1677,10,4543.360000000001,2,263.08000000000004,swap,acceptBad
1678,10,4543.360000000001,2,263.08000000000004,2opt,notBad
1679,10,4636.24,2,263.08000000000004,swap,acceptBad
1680,10,4614.48,2,263.08000000000004,2opt,improve
1681,10,6112.54,2,263.08000000000004,swap,acceptBad
1682,10,6314.299999999998,2,263.08000000000004,swap,acceptBad
1683,10,5956.639999999997,2,263.08000000000004,swap,improve
1684,10,5956.919999999996,2,263.08000000000004,2opt,acceptBad
1685,10,5947.319999999996,2,263.08000000000004,2opt,improve
1686,10,5947.319999999996,2,263.08000000000004,move,improve
1687,10,5947.319999999996,2,263.08000000000004,2opt,notBad
1688,10,5947.319999999996,2,263.08000000000004,move,improve
1689,10,6235.159999999996,2,263.08000000000004,2opt,acceptBad
1690,10,6239.919999999996,2,263.08000000000004,swap,acceptBad
1691,10,6243.999999999996,2,263.08000000000004,swap,acceptBad
1692,10,6244.239999999997,2,263.08000000000004,swap,acceptBad
1693,10,6245.599999999995,2,263.08000000000004,2opt,acceptBad
1694,10,6251.599999999995,2,263.08000000000004,swap,acceptBad
1695,10,6251.599999999995,2,263.08000000000004,swap,notBad
1696,10,6234.239999999998,2,263.08000000000004,2opt,improve
1697,10,6341.319999999999,2,263.08000000000004,swap,acceptBad
1698,10,6350.119999999998,2,263.08000000000004,swap,acceptBad
1699,10,6370.7599999999975,2,263.08000000000004,swap,acceptBad
1700,10,6370.599999999998,2,263.08000000000004,move,improve
1701,10,6876.119999999999,2,263.08000000000004,swap,acceptBad
1702,10,6580.06,2,263.08000000000004,swap,improve
1703,10,6587.140000000001,2,263.08000000000004,2opt,acceptBad
1704,10,6537.8200000000015,2,263.08000000000004,swap,improve
1705,10,5299.799999999999,2,263.08000000000004,swap,improve
1706,10,5280.36,2,263.08000000000004,swap,improve
1707,10,5280.36,2,263.08000000000004,move,improve
1708,10,5280.36,2,263.08000000000004,swap,notBad
1709,10,5280.32,2,263.08000000000004,move,improve
1710,10,5259.86,2,263.08000000000004,swap,improve
1711,10,5242.339999999999,2,263.08000000000004,move,improve
1712,10,5222.339999999999,2,263.08000000000004,move,improve
1713,10,5222.339999999999,2,263.08000000000004,move,improve
1714,10,5207.459999999999,2,263.08000000000004,move,improve
1715,10,5204.74,2,263.08000000000004,move,improve
1716,10,5204.74,2,263.08000000000004,move,improve
1717,10,5215.179999999999,2,263.08000000000004,swap,acceptBad
1718,10,5215.179999999999,2,263.08000000000004,move,improve
1719,10,5215.179999999999,2,263.08000000000004,2opt,improve
1720,10,5215.179999999999,2,263.08000000000004,2opt,notBad
1721,10,5212.82,2,263.08000000000004,move,improve
1722,10,5214.219999999999,2,263.08000000000004,swap,acceptBad
1723,10,5218.179999999999,2,263.08000000000004,2opt,acceptBad
1724,10,5218.179999999999,2,263.08000000000004,swap,notBad
1725,10,5219.379999999999,2,263.08000000000004,2opt,acceptBad
1726,10,5219.379999999999,2,263.08000000000004,2opt,notBad
1727,10,5233.6,2,263.08000000000004,swap,acceptBad
1728,10,5233.6,2,263.08000000000004,move,improve
1729,10,4702.219999999999,2,263.08000000000004,move,improve
1730,10,4702.219999999999,2,263.08000000000004,move,improve
1731,10,4685.259999999999,2,263.08000000000004,swap,improve
1732,10,4685.259999999999,2,263.08000000000004,2opt,notBad
1733,10,4058.539999999998,2,263.08000000000004,move,improve
1734,10,4057.3399999999983,2,263.08000000000004,swap,improve
1735,10,4057.3399999999983,2,263.08000000000004,move,improve
1736,10,4068.1799999999985,2,263.08000000000004,swap,acceptBad
1737,10,4071.2599999999984,2,263.08000000000004,2opt,acceptBad
1738,10,4108.699999999998,2,263.08000000000004,swap,acceptBad
1739,10,4101.579999999998,2,263.08000000000004,2opt,improve
1740,10,4101.579999999998,2,263.08000000000004,move,improve
1741,10,4102.979999999999,2,263.08000000000004,swap,acceptBad
1742,10,4102.979999999999,2,263.08000000000004,2opt,notBad
1743,10,4113.339999999998,2,263.08000000000004,swap,acceptBad
1744,10,3541.9599999999973,2,263.08000000000004,move,improve
1745,10,3529.079999999997,2,263.08000000000004,swap,improve
1746,10,3529.079999999997,2,263.08000000000004,move,improve
1747,10,3529.079999999997,2,263.08000000000004,move,improve
1748,10,3528.3599999999974,2,263.08000000000004,swap,improve
1749,10,3524.7999999999975,2,263.08000000000004,move,improve
1750,10,3524.7999999999975,2,263.08000000000004,2opt,notBad
1751,9,2775.2399999999984,2,263.08000000000004,move,improve
1752,9,3334.6799999999994,2,263.08000000000004,swap,acceptBad
1753,9,3439.08,2,263.08000000000004,2opt,acceptBad
1754,9,3480.2799999999975,2,263.08000000000004,swap,acceptBad
1755,9,3483.3999999999974,2,263.08000000000004,swap,acceptBad
1756,9,3402.159999999998,2,263.08000000000004,move,improve
1757,9,3401.679999999998,2,263.08000000000004,move,improve
1758,9,2891.9199999999983,2,263.08000000000004,move,improve
1759,9,2873.8399999999983,2,263.08000000000004,move,improve
1760,9,2887.1200000000003,2,263.08000000000004,swap,acceptBad
1761,9,2887.1200000000003,2,263.08000000000004,swap,notBad
1762,9,2527.28,2,263.08000000000004,swap,improve
1763,9,3264.6000000000004,2,263.08000000000004,swap,acceptBad
1764,9,3650.56,2,263.08000000000004,swap,acceptBad
1765,9,3650.56,2,263.08000000000004,move,improve
1766,9,3721.4399999999996,2,263.08000000000004,swap,acceptBad
1767,9,3729.8000000000006,2,263.08000000000004,swap,acceptBad
1768,9,3708.1200000000003,2,263.08000000000004,move,improve
1769,9,3755.3200000000006,2,263.08000000000004,swap,acceptBad
1770,9,3753.3200000000006,2,263.08000000000004,move,improve
1771,9,3753.3200000000006,2,263.08000000000004,swap,notBad
1772,9,3739.0800000000004,2,263.08000000000004,move,improve
1773,9,3739.0800000000004,2,263.08000000000004,2opt,notBad
1774,9,3739.0800000000004,2,263.08000000000004,2opt,notBad
1775,9,3739.0800000000004,2,263.08000000000004,2opt,notBad
1776,9,3739.0800000000004,2,263.08000000000004,move,improve
1777,9,3721.159999999998,2,263.08000000000004,swap,improve
1778,9,3721.159999999998,2,263.08000000000004,2opt,notBad
1779,9,3738.8799999999987,2,263.08000000000004,2opt,acceptBad
1780,9,3732.2399999999984,2,263.08000000000004,move,improve
1781,9,3728.1599999999985,2,263.08000000000004,move,improve
1782,9,3674.9199999999996,2,263.08000000000004,swap,improve
1783,9,3575.6399999999994,2,263.08000000000004,swap,improve
1784,9,3431.3999999999983,2,263.08000000000004,2opt,improve
1785,9,3431.3199999999983,2,263.08000000000004,move,improve
1786,9,3476.519999999998,2,263.08000000000004,2opt,acceptBad
1787,9,3431.319999999999,2,263.08000000000004,swap,improve
1788,9,3590.279999999999,2,263.08000000000004,2opt,acceptBad
1789,9,3590.279999999999,2,263.08000000000004,move,improve
1790,9,3560.599999999999,2,263.08000000000004,move,improve
1791,9,3558.719999999999,2,263.08000000000004,swap,improve
1792,9,3383.679999999998,2,263.08000000000004,2opt,improve
1793,9,3403.5199999999986,2,263.08000000000004,2opt,acceptBad
1794,9,3403.5199999999986,2,263.08000000000004,swap,notBad
1795,9,3403.3599999999988,2,263.08000000000004,move,improve
1796,9,3403.3599999999988,2,263.08000000000004,2opt,notBad
1797,9,3403.3599999999988,2,263.08000000000004,2opt,notBad
1798,9,3403.3599999999988,2,263.08000000000004,2opt,notBad
1799,9,3403.3599999999988,2,263.08000000000004,move,improve
1800,9,3410.6399999999985,2,263.08000000000004,2opt,acceptBad
1801,9,3410.6399999999985,2,263.08000000000004,2opt,notBad
1802,9,3396.0799999999977,2,263.08000000000004,swap,improve
1803,9,3396.0799999999977,2,263.08000000000004,move,improve
1804,9,3400.719999999998,2,263.08000000000004,2opt,acceptBad
1805,9,3400.719999999998,2,263.08000000000004,2opt,notBad
1806,9,3401.839999999998,2,263.08000000000004,swap,acceptBad
1807,9,2960.999999999998,2,263.08000000000004,swap,improve
1808,9,2960.999999999998,2,263.08000000000004,swap,notBad
1809,9,2969.8399999999983,2,263.08000000000004,swap,acceptBad
1810,9,2926.5599999999995,2,263.08000000000004,2opt,improve
1811,9,2926.5599999999995,2,263.08000000000004,swap,notBad
1812,9,2926.5599999999995,2,263.08000000000004,2opt,notBad
1813,9,2926.5599999999995,2,263.08000000000004,move,improve
1814,9,2925.6399999999994,2,263.08000000000004,move,improve
1815,9,2925.6399999999994,2,263.08000000000004,move,improve
1816,9,2925.6399999999994,2,263.08000000000004,move,improve
1817,9,2932.4799999999996,2,263.08000000000004,swap,acceptBad
1818,9,2940.1999999999994,2,263.08000000000004,swap,acceptBad
1819,9,2972.5999999999995,2,263.08000000000004,swap,acceptBad
1820,9,2974.999999999999,2,263.08000000000004,2opt,acceptBad
1821,9,2974.999999999999,2,263.08000000000004,move,improve
1822,9,2930.5199999999986,2,263.08000000000004,swap,improve
1823,9,2920.9199999999987,2,263.08000000000004,move,improve
1824,9,3039.759999999999,2,263.08000000000004,swap,acceptBad
1825,9,3039.759999999999,2,263.08000000000004,2opt,notBad
1826,9,3039.079999999999,2,263.08000000000004,move,improve
1827,9,3039.079999999999,2,263.08000000000004,swap,notBad
1828,9,3043.3999999999987,2,263.08000000000004,2opt,acceptBad
1829,9,3043.3999999999987,2,263.08000000000004,2opt,improve
1830,9,3040.239999999999,2,263.08000000000004,swap,improve
1831,9,3035.719999999999,2,263.08000000000004,2opt,improve
1832,9,3035.719999999999,2,263.08000000000004,move,improve
1833,9,3035.719999999999,2,263.08000000000004,2opt,improve
1834,9,3035.719999999999,2,263.08000000000004,swap,notBad
1835,9,3020.119999999999,2,263.08000000000004,move,improve
1836,9,3017.439999999999,2,263.08000000000004,move,improve
1837,9,3017.439999999999,2,263.08000000000004,move,improve
1838,9,3017.439999999999,2,263.08000000000004,move,improve
1839,9,2184.8399999999992,2,263.08000000000004,move,improve
1840,9,2184.8399999999992,2,263.08000000000004,2opt,notBad
1841,9,2226.5199999999986,2,263.08000000000004,2opt,acceptBad
1842,9,2193.7999999999993,2,263.08000000000004,swap,improve
1843,9,2193.7999999999993,2,263.08000000000004,2opt,notBad
1844,9,2162.4,2,263.08000000000004,swap,improve
1845,9,2162.4,2,263.08000000000004,2opt,notBad
1846,9,2162.4,2,263.08000000000004,2opt,notBad
1847,9,2165.76,2,263.08000000000004,swap,acceptBad
1848,9,2165.76,2,263.08000000000004,move,improve
1849,9,2165.76,2,263.08000000000004,move,improve
1850,9,2165.76,2,263.08000000000004,2opt,notBad
1851,9,2151.6,2,263.08000000000004,move,improve
1852,9,2165.76,2,263.08000000000004,swap,acceptBad
1853,9,2165.92,2,263.08000000000004,2opt,acceptBad
1854,9,2181.0800000000004,2,263.08000000000004,swap,acceptBad
1855,9,2180.0,2,263.08000000000004,move,improve
1856,9,2476.28,2,263.08000000000004,swap,acceptBad
1857,9,2470.56,2,263.08000000000004,2opt,improve
1858,9,2470.56,2,263.08000000000004,2opt,notBad
1859,9,2456.24,2,263.08000000000004,move,improve
1860,9,2455.96,2,263.08000000000004,move,improve
1861,9,2455.96,2,263.08000000000004,2opt,notBad
1862,9,2456.52,2,263.08000000000004,2opt,acceptBad
1863,9,2456.52,2,263.08000000000004,move,improve
1864,9,2456.52,2,263.08000000000004,move,improve
1865,9,2456.52,2,263.08000000000004,move,improve
1866,9,2580.3199999999997,2,263.08000000000004,swap,acceptBad
1867,9,2569.24,2,263.08000000000004,move,improve
1868,9,2582.56,2,263.08000000000004,swap,acceptBad
1869,9,2566.28,2,263.08000000000004,move,improve
1870,9,2611.9999999999995,2,263.08000000000004,swap,acceptBad
1871,9,2611.9999999999995,2,263.08000000000004,2opt,notBad
1872,9,2615.6799999999994,2,263.08000000000004,swap,acceptBad
1873,9,2557.2,2,263.08000000000004,swap,improve
1874,9,2554.3999999999996,2,263.08000000000004,move,improve
1875,9,2690.7599999999998,2,263.08000000000004,2opt,acceptBad
1876,9,2685.5199999999995,2,263.08000000000004,move,improve
1877,9,2685.5199999999995,2,263.08000000000004,swap,notBad
1878,9,2685.4399999999996,2,263.08000000000004,2opt,improve
1879,9,2686.3199999999997,2,263.08000000000004,swap,acceptBad
1880,9,2686.3599999999997,2,263.08000000000004,2opt,acceptBad
1881,9,2687.6399999999994,2,263.08000000000004,2opt,acceptBad
1882,9,2692.6399999999994,2,263.08000000000004,2opt,acceptBad
1883,9,2716.5599999999995,2,263.08000000000004,swap,acceptBad
1884,9,2748.4399999999996,2,263.08000000000004,swap,acceptBad
1885,9,2739.1199999999994,2,263.08000000000004,move,improve
1886,9,2739.1199999999994,2,263.08000000000004,move,improve
1887,9,2738.919999999999,2,263.08000000000004,move,improve
1888,9,2739.1999999999994,2,263.08000000000004,2opt,acceptBad
1889,9,2739.1999999999994,2,263.08000000000004,2opt,notBad
1890,9,2739.1999999999994,2,263.08000000000004,2opt,notBad
1891,9,2739.1999999999994,2,263.08000000000004,2opt,notBad
1892,9,2728.7199999999993,2,263.08000000000004,swap,improve
1893,9,2728.7199999999993,2,263.08000000000004,move,improve
1894,9,2641.6799999999994,2,263.08000000000004,move,improve
1895,9,2621.7599999999993,2,263.08000000000004,move,improve
1896,9,2621.7599999999993,2,263.08000000000004,2opt,notBad
1897,9,2589.4399999999996,2,263.08000000000004,move,improve
1898,9,3016.8399999999992,2,263.08000000000004,swap,acceptBad
1899,9,3017.5999999999995,2,263.08000000000004,2opt,acceptBad
1900,9,3028.439999999999,2,263.08000000000004,2opt,acceptBad
1901,9,3034.959999999999,2,263.08000000000004,swap,acceptBad
1902,9,3034.959999999999,2,263.08000000000004,move,improve
1903,9,2542.04,2,263.08000000000004,move,improve
1904,9,2727.0,2,263.08000000000004,swap,acceptBad
1905,9,2730.44,2,263.08000000000004,2opt,acceptBad
1906,9,2549.4800000000014,2,263.08000000000004,move,improve
1907,9,2467.560000000001,2,263.08000000000004,move,improve
1908,9,2483.240000000001,2,263.08000000000004,2opt,acceptBad
1909,9,2483.880000000001,2,263.08000000000004,2opt,acceptBad
1910,9,2383.84,2,263.08000000000004,swap,improve
1911,9,2384.1200000000003,2,263.08000000000004,2opt,acceptBad
1912,9,2283.04,2,263.08000000000004,swap,improve
1913,9,2283.04,2,263.08000000000004,swap,notBad
1914,9,2274.5599999999995,2,263.08000000000004,2opt,improve
1915,9,2273.2,2,263.08000000000004,move,improve
1916,9,2319.959999999999,2,263.08000000000004,2opt,acceptBad
1917,9,2320.919999999999,2,263.08000000000004,swap,acceptBad
1918,9,2594.9999999999995,2,263.08000000000004,swap,acceptBad
1919,9,2594.9999999999995,2,263.08000000000004,swap,notBad
1920,9,2594.9999999999995,2,263.08000000000004,move,improve
1921,9,2594.9999999999995,2,263.08000000000004,2opt,notBad
1922,9,2594.9999999999995,2,263.08000000000004,2opt,improve
1923,9,2583.9199999999996,2,263.08000000000004,move,improve
1924,9,2583.9199999999996,2,263.08000000000004,move,improve
1925,9,3009.7600000000007,2,263.08000000000004,swap,acceptBad
1926,9,3008.520000000001,2,263.08000000000004,move,improve
1927,9,3009.880000000001,2,263.08000000000004,2opt,acceptBad
1928,9,2580.9199999999996,2,263.08000000000004,2opt,improve
1929,9,2268.3199999999993,2,263.08000000000004,move,improve
1930,9,2268.3199999999993,2,263.08000000000004,move,improve
1931,9,2358.2400000000007,2,263.08000000000004,swap,acceptBad
1932,9,1845.4400000000014,2,263.08000000000004,move,improve
1933,9,1843.000000000001,2,263.08000000000004,swap,improve
1934,9,1828.6400000000008,2,263.08000000000004,swap,improve
1935,9,1828.6400000000008,2,263.08000000000004,2opt,notBad
1936,9,1819.360000000001,2,263.08000000000004,move,improve
1937,9,1832.160000000001,2,263.08000000000004,2opt,acceptBad
1938,9,1875.320000000001,2,263.08000000000004,swap,acceptBad
1939,9,1875.320000000001,2,263.08000000000004,2opt,notBad
1940,9,1875.320000000001,2,263.08000000000004,2opt,notBad
1941,9,1875.320000000001,2,263.08000000000004,2opt,improve
1942,9,1888.160000000001,2,263.08000000000004,swap,acceptBad
1943,9,2396.800000000001,2,263.08000000000004,swap,acceptBad
1944,9,2288.080000000001,2,263.08000000000004,swap,improve
1945,9,2303.240000000001,2,263.08000000000004,swap,acceptBad
1946,9,2303.240000000001,2,263.08000000000004,2opt,improve
1947,9,2461.839999999998,2,263.08000000000004,swap,acceptBad
1948,9,2455.4799999999977,2,263.08000000000004,swap,improve
1949,9,2452.799999999998,2,263.08000000000004,swap,improve
1950,9,2439.399999999998,2,263.08000000000004,2opt,improve
1951,9,2439.399999999998,2,263.08000000000004,move,improve
1952,9,2436.799999999998,2,263.08000000000004,swap,improve
1953,9,2428.319999999998,2,263.08000000000004,move,improve
1954,9,2428.319999999998,2,263.08000000000004,2opt,notBad
1955,9,2428.319999999998,2,263.08000000000004,2opt,notBad
1956,9,2427.5199999999977,2,263.08000000000004,2opt,improve
1957,9,2427.5199999999977,2,263.08000000000004,swap,notBad
1958,9,2406.5599999999977,2,263.08000000000004,move,improve
1959,9,2646.359999999999,2,263.08000000000004,swap,acceptBad
1960,9,2646.359999999999,2,263.08000000000004,move,improve
1961,9,2627.959999999999,2,263.08000000000004,move,improve
1962,9,2627.959999999999,2,263.08000000000004,swap,notBad
1963,9,2631.359999999999,2,263.08000000000004,2opt,acceptBad
1964,9,2636.879999999999,2,263.08000000000004,2opt,acceptBad
1965,9,2636.879999999999,2,263.08000000000004,move,improve
1966,9,2636.879999999999,2,263.08000000000004,2opt,notBad
1967,9,2686.119999999999,2,263.08000000000004,swap,acceptBad
1968,9,2682.999999999999,2,263.08000000000004,swap,improve
1969,9,2686.119999999999,2,263.08000000000004,swap,acceptBad
1970,9,2686.119999999999,2,263.08000000000004,2opt,notBad
1971,9,2676.079999999999,2,263.08000000000004,swap,improve
1972,9,2676.079999999999,2,263.08000000000004,2opt,notBad
1973,9,2676.079999999999,2,263.08000000000004,2opt,notBad
1974,9,2710.079999999999,2,263.08000000000004,2opt,acceptBad
1975,9,2650.999999999999,2,263.08000000000004,swap,improve
1976,9,2656.7199999999993,2,263.08000000000004,swap,acceptBad
1977,9,2656.7199999999993,2,263.08000000000004,2opt,notBad
1978,9,2628.1999999999994,2,263.08000000000004,move,improve
1979,9,2626.2799999999993,2,263.08000000000004,2opt,improve
1980,9,2626.2799999999993,2,263.08000000000004,move,improve
1981,9,2625.7999999999993,2,263.08000000000004,move,improve
1982,9,2624.359999999999,2,263.08000000000004,swap,improve
1983,9,2617.7199999999993,2,263.08000000000004,2opt,improve
1984,9,2617.7199999999993,2,263.08000000000004,2opt,notBad
1985,9,2617.7199999999993,2,263.08000000000004,2opt,improve
1986,9,2617.7199999999993,2,263.08000000000004,2opt,improve
1987,9,2616.879999999999,2,263.08000000000004,move,improve
1988,9,2632.999999999999,2,263.08000000000004,2opt,acceptBad
1989,9,2629.919999999999,2,263.08000000000004,2opt,improve
1990,9,2623.119999999999,2,263.08000000000004,swap,improve
1991,9,2623.119999999999,2,263.08000000000004,swap,notBad
1992,9,2623.6799999999994,2,263.08000000000004,2opt,acceptBad
1993,9,2626.7599999999993,2,263.08000000000004,2opt,acceptBad
1994,9,2718.2400000000002,2,263.08000000000004,swap,acceptBad
1995,9,2709.08,2,263.08000000000004,swap,improve
1996,9,2709.08,2,263.08000000000004,2opt,notBad
1997,9,2480.959999999999,2,263.08000000000004,2opt,improve
1998,9,2487.8399999999992,2,263.08000000000004,swap,acceptBad
1999,9,2486.12,2,263.08000000000004,swap,improve
2000,9,2776.999999999999,2,263.08000000000004,swap,acceptBad
2001,9,2770.7199999999993,2,263.08000000000004,move,improve
2002,9,2767.3199999999993,2,263.08000000000004,swap,improve
2003,9,2767.3199999999993,2,263.08000000000004,2opt,notBad
2004,9,2636.7599999999998,2,263.08000000000004,swap,improve
2005,9,2639.24,2,263.08000000000004,swap,acceptBad
2006,9,2610.0799999999995,2,263.08000000000004,2opt,improve
2007,9,2610.0799999999995,2,263.08000000000004,2opt,notBad
2008,9,2610.0799999999995,2,263.08000000000004,2opt,notBad
2009,9,2451.44,2,263.08000000000004,swap,improve
2010,9,2103.560000000001,2,263.08000000000004,move,improve
2011,9,2103.560000000001,2,263.08000000000004,2opt,notBad
2012,9,2103.560000000001,2,263.08000000000004,move,improve
2013,9,2103.560000000001,2,263.08000000000004,swap,notBad
2014,9,2096.560000000001,2,263.08000000000004,move,improve
2015,9,2113.600000000001,2,263.08000000000004,swap,acceptBad
2016,9,2087.3600000000006,2,263.08000000000004,move,improve
2017,9,2090.6800000000003,2,263.08000000000004,swap,acceptBad
2018,9,2090.0400000000004,2,263.08000000000004,2opt,improve
2019,9,2090.0400000000004,2,263.08000000000004,2opt,notBad
2020,9,2102.32,2,263.08000000000004,2opt,acceptBad
2021,9,2107.7200000000003,2,263.08000000000004,2opt,acceptBad
2022,9,2107.7200000000003,2,263.08000000000004,swap,notBad
2023,9,2104.84,2,263.08000000000004,2opt,improve
2024,9,2107.1200000000003,2,263.08000000000004,swap,acceptBad
2025,9,2107.1200000000003,2,263.08000000000004,2opt,notBad
2026,9,2173.2400000000007,2,263.08000000000004,swap,acceptBad
2027,9,2170.920000000001,2,263.08000000000004,swap,improve
2028,9,2170.920000000001,2,263.08000000000004,move,notBad
2029,9,2167.0000000000014,2,263.08000000000004,swap,improve
2030,9,2167.0000000000014,2,263.08000000000004,2opt,notBad
2031,9,2173.6000000000013,2,263.08000000000004,swap,acceptBad
2032,9,2185.880000000001,2,263.08000000000004,2opt,acceptBad
2033,9,2185.880000000001,2,263.08000000000004,swap,notBad
2034,9,2185.880000000001,2,263.08000000000004,2opt,improve
2035,9,2183.5200000000013,2,263.08000000000004,move,improve
2036,9,2183.5200000000013,2,263.08000000000004,swap,notBad
2037,9,2185.9200000000014,2,263.08000000000004,2opt,acceptBad
2038,9,2185.9200000000014,2,263.08000000000004,swap,notBad
2039,9,2182.0800000000013,2,263.08000000000004,move,improve
2040,9,2182.0800000000013,2,263.08000000000004,move,improve
2041,9,2182.0800000000013,2,263.08000000000004,2opt,notBad
2042,9,2045.8800000000006,2,263.08000000000004,move,improve
2043,9,2047.6800000000003,2,263.08000000000004,2opt,acceptBad
2044,9,1696.8000000000002,2,263.08000000000004,move,improve
2045,9,1763.0800000000004,2,263.08000000000004,swap,acceptBad
2046,9,1763.0800000000004,2,263.08000000000004,2opt,notBad
2047,9,1774.1200000000006,2,263.08000000000004,2opt,acceptBad
2048,9,1777.9200000000005,2,263.08000000000004,2opt,acceptBad
2049,9,1777.9200000000005,2,263.08000000000004,move,improve
2050,9,1777.3999999999987,2,263.08000000000004,move,improve
2051,9,1759.9999999999973,2,263.08000000000004,swap,improve
2052,9,1759.9999999999973,2,263.08000000000004,move,improve
2053,9,1757.319999999997,2,263.08000000000004,swap,improve
2054,9,1757.319999999997,2,263.08000000000004,2opt,notBad
2055,9,1757.319999999997,2,263.08000000000004,move,improve
2056,9,1829.519999999998,2,263.08000000000004,swap,acceptBad
2057,9,1927.5199999999995,2,263.08000000000004,move,acceptBad
2058,9,1927.5199999999995,2,263.08000000000004,2opt,notBad
2059,9,1959.9199999999994,2,263.08000000000004,swap,acceptBad
2060,9,1959.9199999999994,2,263.08000000000004,swap,notBad
2061,9,1959.9199999999994,2,263.08000000000004,swap,notBad
2062,9,1954.0399999999995,2,263.08000000000004,move,improve
2063,9,1954.0399999999995,2,263.08000000000004,swap,notBad
2064,9,1918.560000000001,2,263.08000000000004,swap,improve
2065,9,1918.560000000001,2,263.08000000000004,swap,notBad
2066,9,1918.560000000001,2,263.08000000000004,2opt,improve
2067,9,1918.560000000001,2,263.08000000000004,swap,notBad
2068,9,1918.560000000001,2,263.08000000000004,2opt,notBad
2069,9,1905.840000000001,2,263.08000000000004,swap,improve
2070,9,1932.1599999999994,2,263.08000000000004,swap,acceptBad
2071,9,1942.0399999999995,2,263.08000000000004,2opt,acceptBad
2072,9,1959.0799999999995,2,263.08000000000004,2opt,acceptBad
2073,9,1959.4399999999996,2,263.08000000000004,swap,acceptBad
2074,9,1959.4399999999996,2,263.08000000000004,2opt,notBad
2075,9,1959.4399999999996,2,263.08000000000004,2opt,notBad
2076,9,1959.4399999999996,2,263.08000000000004,swap,notBad
2077,9,1959.4399999999996,2,263.08000000000004,2opt,notBad
2078,9,1959.4399999999996,2,263.08000000000004,2opt,notBad
2079,9,1959.4399999999996,2,263.08000000000004,2opt,notBad
2080,9,1962.3199999999997,2,263.08000000000004,swap,acceptBad
2081,9,1962.3199999999997,2,263.08000000000004,2opt,improve
2082,9,1962.3199999999997,2,263.08000000000004,move,improve
2083,9,1962.3199999999997,2,263.08000000000004,2opt,notBad
2084,9,2029.9200000000005,2,263.08000000000004,swap,acceptBad
2085,9,2029.9200000000005,2,263.08000000000004,2opt,notBad
2086,9,2029.9200000000005,2,263.08000000000004,2opt,notBad
2087,9,1993.5200000000004,2,263.08000000000004,move,improve
2088,9,1993.5200000000004,2,263.08000000000004,move,improve
2089,9,1941.6000000000001,2,263.08000000000004,move,improve
2090,9,1941.6000000000001,2,263.08000000000004,move,improve
2091,9,1941.6000000000001,2,263.08000000000004,move,improve
2092,9,2049.7599999999998,2,263.08000000000004,2opt,acceptBad
2093,9,2049.7599999999998,2,263.08000000000004,2opt,notBad
2094,9,2081.3999999999996,2,263.08000000000004,swap,acceptBad
2095,9,2271.759999999998,2,263.08000000000004,swap,acceptBad
2096,9,2271.759999999998,2,263.08000000000004,2opt,notBad
2097,9,1865.4799999999987,2,263.08000000000004,swap,improve
2098,9,1874.6799999999985,2,263.08000000000004,swap,acceptBad
2099,9,1874.6799999999985,2,263.08000000000004,swap,notBad
2100,9,1596.1599999999985,2,263.08000000000004,move,improve
2101,9,1596.039999999999,2,263.08000000000004,swap,improve
2102,9,1513.96,2,263.08000000000004,move,improve
2103,9,1513.96,2,263.08000000000004,2opt,notBad
2104,9,1535.4799999999987,2,263.08000000000004,swap,acceptBad
2105,9,1532.079999999999,2,263.08000000000004,move,improve
2106,9,1532.079999999999,2,263.08000000000004,swap,notBad
2107,9,1532.079999999999,2,263.08000000000004,move,improve
2108,9,1744.3600000000015,2,263.08000000000004,swap,acceptBad
2109,9,1744.3600000000015,2,263.08000000000004,move,improve
2110,9,1744.3600000000015,2,263.08000000000004,2opt,notBad
2111,9,1778.7200000000014,2,263.08000000000004,swap,acceptBad
2112,9,1778.2000000000014,2,263.08000000000004,move,improve
2113,9,1778.2000000000014,2,263.08000000000004,move,improve
2114,9,1778.2000000000014,2,263.08000000000004,2opt,notBad
2115,9,1778.2000000000014,2,263.08000000000004,swap,notBad
2116,9,1818.6800000000014,2,263.08000000000004,2opt,acceptBad
2117,9,1793.2400000000016,2,263.08000000000004,move,improve
2118,9,1793.2400000000016,2,263.08000000000004,2opt,notBad
2119,9,1793.2400000000016,2,263.08000000000004,move,notBad
2120,9,1895.9999999999998,2,263.08000000000004,swap,acceptBad
2121,9,1882.6399999999999,2,263.08000000000004,swap,improve
2122,9,1882.3199999999997,2,263.08000000000004,2opt,improve
2123,9,1882.3199999999997,2,263.08000000000004,move,improve
2124,9,1882.1599999999999,2,263.08000000000004,2opt,improve
2125,9,1923.2799999999997,2,263.08000000000004,swap,acceptBad
2126,9,1923.2799999999997,2,263.08000000000004,swap,notBad
2127,9,1928.9199999999998,2,263.08000000000004,swap,acceptBad
2128,9,1903.8399999999997,2,263.08000000000004,swap,improve
2129,9,1898.84,2,263.08000000000004,swap,improve
2130,9,1893.2799999999997,2,263.08000000000004,move,improve
2131,9,1893.2799999999997,2,263.08000000000004,2opt,notBad
2132,9,1889.6,2,263.08000000000004,move,improve
2133,9,1875.1999999999998,2,263.08000000000004,move,improve
2134,9,1864.92,2,263.08000000000004,move,improve
2135,9,1864.92,2,263.08000000000004,swap,notBad
2136,9,1854.5599999999986,2,263.08000000000004,swap,improve
2137,9,1820.7599999999984,2,263.08000000000004,move,improve
2138,9,1820.7599999999984,2,263.08000000000004,move,improve
2139,9,1812.7199999999984,2,263.08000000000004,2opt,improve
2140,9,1812.7199999999984,2,263.08000000000004,swap,notBad
2141,9,1816.0799999999986,2,263.08000000000004,2opt,acceptBad
2142,9,1816.0799999999986,2,263.08000000000004,move,improve
2143,9,1825.0399999999986,2,263.08000000000004,2opt,acceptBad
2144,9,1721.1199999999992,2,263.08000000000004,swap,improve
2145,9,1721.3599999999992,2,263.08000000000004,2opt,acceptBad
2146,9,1651.9199999999992,2,263.08000000000004,swap,improve
2147,9,1651.9199999999992,2,263.08000000000004,2opt,notBad
2148,9,1651.9199999999992,2,263.08000000000004,move,improve
2149,9,1742.9199999999987,2,263.08000000000004,swap,acceptBad
2150,9,1742.9199999999987,2,263.08000000000004,2opt,notBad
2151,9,1742.9199999999987,2,263.08000000000004,2opt,notBad
2152,9,1759.1599999999985,2,263.08000000000004,swap,acceptBad
2153,9,1734.6799999999987,2,263.08000000000004,move,improve
2154,9,1900.8399999999988,2,263.08000000000004,2opt,acceptBad
2155,9,1904.8799999999987,2,263.08000000000004,2opt,acceptBad
2156,9,1904.5199999999988,2,263.08000000000004,move,improve
2157,9,1908.5599999999988,2,263.08000000000004,swap,acceptBad
2158,9,1907.2399999999989,2,263.08000000000004,move,improve
2159,9,1908.3599999999988,2,263.08000000000004,swap,acceptBad
2160,9,1903.679999999999,2,263.08000000000004,2opt,improve
2161,9,1903.119999999999,2,263.08000000000004,move,improve
2162,9,1904.599999999999,2,263.08000000000004,swap,acceptBad
2163,9,1892.8399999999988,2,263.08000000000004,2opt,improve
2164,9,1892.8399999999988,2,263.08000000000004,move,improve
2165,9,1892.8399999999988,2,263.08000000000004,2opt,notBad
2166,9,1892.8399999999988,2,263.08000000000004,2opt,notBad
2167,9,1895.9199999999987,2,263.08000000000004,swap,acceptBad
2168,9,1889.1599999999985,2,263.08000000000004,swap,improve
2169,9,1858.8799999999983,2,263.08000000000004,swap,improve
2170,9,1858.8799999999983,2,263.08000000000004,swap,notBad
2171,9,1858.8799999999983,2,263.08000000000004,2opt,notBad
2172,9,1614.079999999999,2,263.08000000000004,swap,improve
2173,9,1614.079999999999,2,263.08000000000004,swap,notBad
2174,9,1614.079999999999,2,263.08000000000004,2opt,notBad
2175,9,1614.079999999999,2,263.08000000000004,swap,notBad
2176,9,1621.559999999999,2,263.08000000000004,swap,acceptBad
2177,9,1621.559999999999,2,263.08000000000004,2opt,notBad
2178,9,1621.559999999999,2,263.08000000000004,2opt,notBad
2179,9,1621.559999999999,2,263.08000000000004,move,improve
2180,9,1621.559999999999,2,263.08000000000004,2opt,notBad
2181,9,1621.159999999999,2,263.08000000000004,2opt,improve
2182,9,1631.7999999999988,2,263.08000000000004,2opt,acceptBad
2183,9,1631.7999999999988,2,263.08000000000004,swap,notBad
2184,9,1825.7999999999984,2,263.08000000000004,swap,acceptBad
2185,9,1825.7999999999984,2,263.08000000000004,swap,notBad
2186,9,1844.5199999999986,2,263.08000000000004,swap,acceptBad
2187,9,1844.5199999999986,2,263.08000000000004,2opt,notBad
2188,9,1844.5199999999986,2,263.08000000000004,swap,notBad
2189,9,1840.9999999999986,2,263.08000000000004,move,improve
2190,9,1844.9599999999987,2,263.08000000000004,swap,acceptBad
2191,9,2383.959999999998,2,263.08000000000004,move,acceptBad
2192,9,2383.959999999998,2,263.08000000000004,swap,notBad
2193,9,2383.959999999998,2,263.08000000000004,2opt,notBad
2194,9,2383.959999999998,2,263.08000000000004,2opt,notBad
2195,9,2383.959999999998,2,263.08000000000004,swap,notBad
2196,9,2383.959999999998,2,263.08000000000004,move,improve
2197,9,2383.959999999998,2,263.08000000000004,2opt,notBad
2198,9,2406.6399999999985,2,263.08000000000004,swap,acceptBad
2199,9,2311.840000000001,2,263.08000000000004,move,improve
2200,9,2311.840000000001,2,263.08000000000004,move,improve
2201,9,2311.840000000001,2,263.08000000000004,2opt,notBad
2202,9,2384.2800000000016,2,263.08000000000004,swap,acceptBad
2203,9,2366.2000000000016,2,263.08000000000004,move,improve
2204,9,2366.2000000000016,2,263.08000000000004,2opt,notBad
2205,9,2366.0800000000017,2,263.08000000000004,2opt,improve
2206,9,2366.0800000000017,2,263.08000000000004,swap,notBad
2207,9,2366.0800000000017,2,263.08000000000004,2opt,notBad
2208,9,2366.0800000000017,2,263.08000000000004,swap,notBad
2209,9,1986.5599999999995,2,263.08000000000004,move,improve
2210,9,1983.8399999999995,2,263.08000000000004,move,improve
2211,9,1983.8399999999995,2,263.08000000000004,swap,notBad
2212,9,2211.999999999997,2,263.08000000000004,swap,acceptBad
2213,9,2209.839999999997,2,263.08000000000004,swap,improve
2214,9,2209.839999999997,2,263.08000000000004,swap,notBad
2215,9,2209.839999999997,2,263.08000000000004,move,improve
2216,9,2204.5599999999968,2,263.08000000000004,2opt,improve
2217,9,2204.5599999999968,2,263.08000000000004,swap,notBad
2218,9,2204.5599999999968,2,263.08000000000004,move,notBad
2219,9,2204.5599999999968,2,263.08000000000004,2opt,improve
2220,9,2050.6,2,263.08000000000004,move,improve
2221,9,2054.7200000000003,2,263.08000000000004,2opt,acceptBad
2222,9,2056.6800000000003,2,263.08000000000004,swap,acceptBad
2223,9,2056.6800000000003,2,263.08000000000004,2opt,notBad
2224,9,2045.6400000000003,2,263.08000000000004,swap,improve
2225,9,2045.6400000000003,2,263.08000000000004,2opt,notBad
2226,9,1947.2799999999995,2,263.08000000000004,swap,improve
2227,9,1947.2799999999995,2,263.08000000000004,move,improve
2228,9,1774.72,2,263.08000000000004,move,improve
2229,9,1736.0000000000018,2,263.08000000000004,move,improve
2230,9,1725.7200000000016,2,263.08000000000004,2opt,improve
2231,9,1725.7200000000016,2,263.08000000000004,2opt,notBad
2232,9,1725.7200000000016,2,263.08000000000004,swap,notBad
2233,9,1725.7200000000016,2,263.08000000000004,2opt,notBad
2234,9,1725.7200000000016,2,263.08000000000004,move,improve
2235,9,1725.7200000000016,2,263.08000000000004,2opt,notBad
2236,9,1725.7200000000016,2,263.08000000000004,swap,notBad
2237,9,1725.7200000000016,2,263.08000000000004,move,improve
2238,9,1725.7200000000016,2,263.08000000000004,2opt,improve
2239,9,1725.7200000000016,2,263.08000000000004,move,improve
2240,9,1725.6800000000017,2,263.08000000000004,2opt,improve
2241,9,1711.8000000000015,2,263.08000000000004,move,improve
2242,9,1696.1200000000013,2,263.08000000000004,2opt,improve
2243,9,1943.1599999999994,2,263.08000000000004,move,acceptBad
2244,9,1943.1599999999994,2,263.08000000000004,move,improve
2245,9,1945.3999999999992,2,263.08000000000004,2opt,acceptBad
2246,9,1945.3999999999992,2,263.08000000000004,move,improve
2247,9,1945.3999999999992,2,263.08000000000004,swap,notBad
2248,9,1945.3999999999992,2,263.08000000000004,move,improve
2249,9,1945.3999999999992,2,263.08000000000004,move,improve
2250,9,1802.6399999999962,2,263.08000000000004,move,improve
2251,9,1802.9599999999962,2,263.08000000000004,2opt,acceptBad
2252,9,1553.4399999999987,2,263.08000000000004,move,improve
2253,9,1588.8799999999983,2,263.08000000000004,swap,acceptBad
2254,9,1595.2399999999984,2,263.08000000000004,swap,acceptBad
2255,9,1595.2399999999984,2,263.08000000000004,move,improve
2256,9,1595.6799999999985,2,263.08000000000004,2opt,acceptBad
2257,9,1595.6799999999985,2,263.08000000000004,move,improve
2258,9,1669.6800000000003,2,263.08000000000004,swap,acceptBad
2259,9,1674.4800000000002,2,263.08000000000004,2opt,acceptBad
2260,9,1674.4800000000002,2,263.08000000000004,2opt,notBad
2261,9,1679.2000000000003,2,263.08000000000004,swap,acceptBad
2262,9,1679.2000000000003,2,263.08000000000004,2opt,notBad
2263,9,1678.44,2,263.08000000000004,2opt,improve
2264,9,1678.44,2,263.08000000000004,2opt,notBad
2265,9,1692.6799999999998,2,263.08000000000004,swap,acceptBad
2266,9,1665.8799999999999,2,263.08000000000004,swap,improve
2267,9,1661.36,2,263.08000000000004,move,improve
2268,9,1661.36,2,263.08000000000004,2opt,notBad
2269,9,1661.36,2,263.08000000000004,move,improve
2270,9,1661.36,2,263.08000000000004,move,improve
2271,9,1671.4799999999996,2,263.08000000000004,swap,acceptBad
2272,9,1705.68,2,263.08000000000004,2opt,acceptBad
2273,9,1705.68,2,263.08000000000004,swap,notBad
2274,9,1705.68,2,263.08000000000004,move,improve
2275,9,1705.68,2,263.08000000000004,2opt,notBad
2276,9,1705.68,2,263.08000000000004,move,improve
2277,9,1705.68,2,263.08000000000004,move,improve
2278,9,1692.8000000000002,2,263.08000000000004,swap,improve
2279,9,1692.8000000000002,2,263.08000000000004,move,improve
2280,9,1713.44,2,263.08000000000004,swap,acceptBad
2281,9,1760.520000000001,2,263.08000000000004,swap,acceptBad
2282,9,1760.2800000000009,2,263.08000000000004,move,improve
2283,9,1760.2800000000009,2,263.08000000000004,swap,notBad
2284,9,1735.0399999999995,2,263.08000000000004,swap,improve
2285,9,1724.5999999999995,2,263.08000000000004,2opt,improve
2286,9,1693.8399999999992,2,263.08000000000004,swap,improve
2287,9,1694.2399999999993,2,263.08000000000004,2opt,acceptBad
2288,9,1694.2399999999993,2,263.08000000000004,move,improve
2289,9,1680.479999999999,2,263.08000000000004,move,improve
2290,9,1680.479999999999,2,263.08000000000004,2opt,notBad
2291,9,1666.6399999999994,2,263.08000000000004,move,improve
2292,9,1666.6399999999994,2,263.08000000000004,swap,notBad
2293,9,1666.6399999999994,2,263.08000000000004,move,improve
2294,9,1666.6399999999994,2,263.08000000000004,move,improve
2295,9,1666.6399999999994,2,263.08000000000004,2opt,notBad
2296,9,1665.3999999999992,2,263.08000000000004,move,improve
2297,9,1655.5599999999993,2,263.08000000000004,move,improve
2298,9,1657.4399999999991,2,263.08000000000004,2opt,acceptBad
2299,9,1650.3199999999988,2,263.08000000000004,move,improve
2300,9,1658.559999999999,2,263.08000000000004,2opt,acceptBad
2301,9,1653.9999999999989,2,263.08000000000004,2opt,improve
2302,9,1656.3199999999988,2,263.08000000000004,2opt,acceptBad
2303,9,1645.159999999999,2,263.08000000000004,move,improve
2304,9,1645.159999999999,2,263.08000000000004,2opt,notBad
2305,9,1645.159999999999,2,263.08000000000004,move,improve
2306,9,1645.159999999999,2,263.08000000000004,2opt,notBad
2307,9,1641.639999999999,2,263.08000000000004,swap,improve
2308,9,1590.7200000000005,2,263.08000000000004,swap,improve
2309,9,1589.3600000000006,2,263.08000000000004,move,improve
2310,9,1567.1200000000008,2,263.08000000000004,2opt,improve
2311,9,1452.8000000000006,2,263.08000000000004,swap,improve
2312,9,1452.8000000000006,2,263.08000000000004,swap,notBad
2313,9,1455.0000000000007,2,263.08000000000004,swap,acceptBad
2314,9,1454.3600000000006,2,263.08000000000004,move,improve
2315,9,1454.3600000000006,2,263.08000000000004,move,improve
2316,9,1454.3600000000006,2,263.08000000000004,move,improve
2317,9,1439.7200000000007,2,263.08000000000004,move,improve
2318,9,1439.7200000000007,2,263.08000000000004,move,improve
2319,9,1439.7200000000007,2,263.08000000000004,move,improve
2320,9,1439.7200000000007,2,263.08000000000004,2opt,improve
2321,9,1439.7200000000007,2,263.08000000000004,2opt,notBad
2322,9,1439.7200000000007,2,263.08000000000004,2opt,notBad
2323,9,1439.7200000000007,2,263.08000000000004,swap,notBad
2324,9,1439.7200000000007,2,263.08000000000004,2opt,notBad
2325,9,1439.7200000000007,2,263.08000000000004,move,improve
2326,9,1439.7200000000007,2,263.08000000000004,swap,notBad
2327,9,1439.7200000000007,2,263.08000000000004,swap,notBad
2328,9,1439.7200000000007,2,263.08000000000004,swap,notBad
2329,9,1439.7200000000007,2,263.08000000000004,2opt,notBad
2330,9,1439.7200000000007,2,263.08000000000004,2opt,notBad
2331,9,1477.7600000000016,2,263.08000000000004,swap,acceptBad
2332,9,1465.5200000000016,2,263.08000000000004,move,improve
2333,9,1482.0000000000014,2,263.08000000000004,swap,acceptBad
2334,9,1482.0000000000014,2,263.08000000000004,move,improve
2335,9,1482.0000000000014,2,263.08000000000004,move,improve
2336,9,1483.0800000000013,2,263.08000000000004,2opt,acceptBad
2337,9,1483.0800000000013,2,263.08000000000004,move,improve
2338,9,1483.0800000000013,2,263.08000000000004,2opt,notBad
2339,9,1526.9999999999998,2,263.08000000000004,2opt,acceptBad
2340,9,1522.7199999999998,2,263.08000000000004,move,improve
2341,9,1521.5199999999998,2,263.08000000000004,move,improve
2342,9,1521.5199999999998,2,263.08000000000004,move,improve
2343,9,1521.5199999999998,2,263.08000000000004,move,improve
2344,9,1519.5999999999997,2,263.08000000000004,move,improve
2345,9,1519.5999999999997,2,263.08000000000004,swap,notBad
2346,9,1532.5199999999995,2,263.08000000000004,swap,acceptBad
2347,9,1532.5199999999995,2,263.08000000000004,2opt,improve
2348,9,1524.040000000003,2,263.08000000000004,move,improve
2349,9,1524.040000000003,2,263.08000000000004,move,improve
2350,9,1524.040000000003,2,263.08000000000004,move,improve
2351,9,1524.040000000003,2,263.08000000000004,2opt,notBad
2352,9,1524.040000000003,2,263.08000000000004,move,improve
2353,9,1524.040000000003,2,263.08000000000004,2opt,notBad
2354,9,1524.040000000003,2,263.08000000000004,move,improve
2355,9,1524.040000000003,2,263.08000000000004,2opt,notBad
2356,9,1524.040000000003,2,263.08000000000004,2opt,notBad
2357,9,1648.8800000000028,2,263.08000000000004,swap,acceptBad
2358,9,1648.8800000000028,2,263.08000000000004,move,improve
2359,9,1648.8800000000028,2,263.08000000000004,2opt,notBad
2360,9,1646.1200000000026,2,263.08000000000004,move,improve
2361,9,1646.1200000000026,2,263.08000000000004,swap,notBad
2362,9,1634.280000000003,2,263.08000000000004,move,improve
2363,9,1637.0400000000027,2,263.08000000000004,2opt,acceptBad
2364,9,1637.0400000000027,2,263.08000000000004,2opt,notBad
2365,9,1637.0400000000027,2,263.08000000000004,2opt,notBad
2366,9,1637.0400000000027,2,263.08000000000004,swap,notBad
2367,9,1613.0800000000017,2,263.08000000000004,move,improve
2368,9,1609.8800000000017,2,263.08000000000004,swap,improve
2369,9,1593.5200000000013,2,263.08000000000004,swap,improve
2370,9,1612.0800000000013,2,263.08000000000004,2opt,acceptBad
2371,9,1604.3200000000015,2,263.08000000000004,move,improve
2372,9,1571.0800000000013,2,263.08000000000004,swap,improve
2373,9,1571.0800000000013,2,263.08000000000004,swap,notBad
2374,9,1721.32,2,263.08000000000004,swap,acceptBad
2375,9,1721.32,2,263.08000000000004,2opt,improve
2376,9,1721.32,2,263.08000000000004,move,improve
2377,9,1721.32,2,263.08000000000004,move,improve
2378,9,1721.32,2,263.08000000000004,move,improve
2379,9,1721.32,2,263.08000000000004,2opt,notBad
2380,9,1891.1600000000008,2,263.08000000000004,swap,acceptBad
2381,9,1891.1600000000008,2,263.08000000000004,2opt,notBad
2382,9,1891.1600000000008,2,263.08000000000004,2opt,notBad
2383,9,1891.1600000000008,2,263.08000000000004,2opt,notBad
2384,9,1891.1600000000008,2,263.08000000000004,move,improve
2385,9,1891.1600000000008,2,263.08000000000004,swap,notBad
2386,9,1633.7600000000016,2,263.08000000000004,swap,improve
2387,9,1634.2000000000016,2,263.08000000000004,swap,acceptBad
2388,9,1601.4800000000014,2,263.08000000000004,swap,improve
2389,9,1601.4800000000014,2,263.08000000000004,swap,notBad
2390,9,1601.2000000000012,2,263.08000000000004,move,improve
2391,9,1767.0800000000002,2,263.08000000000004,swap,acceptBad
2392,9,1801.52,2,263.08000000000004,2opt,acceptBad
2393,9,1797.68,2,263.08000000000004,move,improve
2394,9,1797.68,2,263.08000000000004,swap,notBad
2395,9,1797.68,2,263.08000000000004,move,improve
2396,9,1992.7599999999998,2,263.08000000000004,swap,acceptBad
2397,9,1992.7599999999998,2,263.08000000000004,move,improve
2398,9,1975.4799999999996,2,263.08000000000004,swap,improve
2399,9,1975.4799999999996,2,263.08000000000004,swap,notBad
2400,9,1935.4399999999996,2,263.08000000000004,move,improve
2401,9,1935.4399999999996,2,263.08000000000004,move,improve
2402,9,1935.4399999999996,2,263.08000000000004,2opt,notBad
2403,9,1935.4399999999996,2,263.08000000000004,move,improve
2404,9,1962.4399999999996,2,263.08000000000004,2opt,acceptBad
2405,9,1820.8799999999992,2,263.08000000000004,swap,improve
2406,9,1820.8799999999992,2,263.08000000000004,swap,notBad
2407,9,1818.1199999999994,2,263.08000000000004,2opt,improve
2408,9,1821.9199999999992,2,263.08000000000004,swap,acceptBad
2409,9,1821.9199999999992,2,263.08000000000004,swap,notBad
2410,9,1821.9199999999992,2,263.08000000000004,swap,notBad
2411,9,1821.9199999999992,2,263.08000000000004,2opt,improve
2412,9,1847.9599999999991,2,263.08000000000004,swap,acceptBad
2413,9,1847.9599999999991,2,263.08000000000004,2opt,notBad
2414,9,1847.9599999999991,2,263.08000000000004,move,improve
2415,9,1847.9599999999991,2,263.08000000000004,swap,notBad
2416,9,1812.3199999999993,2,263.08000000000004,move,improve
2417,9,1812.8799999999992,2,263.08000000000004,2opt,acceptBad
2418,9,1812.8799999999992,2,263.08000000000004,2opt,notBad
2419,9,1812.8799999999992,2,263.08000000000004,swap,notBad
2420,9,1812.8799999999992,2,263.08000000000004,2opt,notBad
2421,9,1808.3199999999993,2,263.08000000000004,swap,improve
2422,9,1749.7200000000007,2,263.08000000000004,swap,improve
2423,9,1749.7200000000007,2,263.08000000000004,2opt,notBad
2424,9,1749.7200000000007,2,263.08000000000004,2opt,notBad
2425,9,1749.7200000000007,2,263.08000000000004,move,improve
2426,9,1749.7200000000007,2,263.08000000000004,move,improve
2427,9,1689.8399999999988,2,263.08000000000004,move,improve
2428,9,1687.559999999999,2,263.08000000000004,2opt,improve
2429,9,1687.559999999999,2,263.08000000000004,2opt,notBad
2430,9,1690.1999999999994,2,263.08000000000004,swap,acceptBad
2431,9,1690.7999999999997,2,263.08000000000004,2opt,acceptBad
2432,9,1690.7999999999997,2,263.08000000000004,move,improve
2433,9,1690.7999999999997,2,263.08000000000004,move,improve
2434,9,1690.7999999999997,2,263.08000000000004,move,improve
2435,9,1690.7999999999997,2,263.08000000000004,swap,notBad
2436,9,1690.7599999999995,2,263.08000000000004,move,improve
2437,9,1690.1199999999994,2,263.08000000000004,move,improve
2438,9,1690.1199999999994,2,263.08000000000004,swap,notBad
2439,9,1676.9599999999996,2,263.08000000000004,move,improve
2440,9,1772.399999999999,2,263.08000000000004,swap,acceptBad
2441,9,1819.7999999999988,2,263.08000000000004,swap,acceptBad
2442,9,1819.7999999999988,2,263.08000000000004,swap,notBad
2443,9,1827.159999999999,2,263.08000000000004,2opt,acceptBad
2444,9,1825.8399999999988,2,263.08000000000004,move,improve
2445,9,1825.8399999999988,2,263.08000000000004,swap,notBad
2446,9,1825.8399999999988,2,263.08000000000004,swap,notBad
2447,9,1825.599999999999,2,263.08000000000004,move,improve
2448,9,1825.599999999999,2,263.08000000000004,2opt,notBad
2449,9,1825.599999999999,2,263.08000000000004,2opt,notBad
2450,9,1825.599999999999,2,263.08000000000004,swap,notBad
2451,9,1823.7999999999988,2,263.08000000000004,move,improve
2452,9,1825.4399999999987,2,263.08000000000004,2opt,acceptBad
2453,9,1825.4399999999987,2,263.08000000000004,2opt,improve
2454,9,1825.4399999999987,2,263.08000000000004,move,improve
2455,9,1825.4399999999987,2,263.08000000000004,swap,notBad
2456,9,1825.4399999999987,2,263.08000000000004,move,improve
2457,9,1809.079999999999,2,263.08000000000004,swap,improve
2458,9,1839.2399999999993,2,263.08000000000004,swap,acceptBad
2459,9,1792.999999999999,2,263.08000000000004,move,improve
2460,9,1711.4399999999982,2,263.08000000000004,swap,improve
2461,9,1541.7999999999995,2,263.08000000000004,move,improve
2462,9,1541.7999999999995,2,263.08000000000004,move,improve
2463,9,1546.2399999999996,2,263.08000000000004,2opt,acceptBad
2464,9,1546.2399999999996,2,263.08000000000004,2opt,notBad
2465,9,1455.3199999999997,2,263.08000000000004,swap,improve
2466,9,1455.3199999999997,2,263.08000000000004,swap,notBad
2467,9,1455.3199999999997,2,263.08000000000004,2opt,notBad
2468,9,1471.7199999999993,2,263.08000000000004,swap,acceptBad
2469,9,1471.7199999999993,2,263.08000000000004,2opt,notBad
2470,9,1471.7199999999993,2,263.08000000000004,move,improve
2471,9,1471.7199999999993,2,263.08000000000004,swap,notBad
2472,9,1471.7199999999993,2,263.08000000000004,2opt,improve
2473,9,1471.7199999999993,2,263.08000000000004,2opt,notBad
2474,9,1458.1599999999994,2,263.08000000000004,move,improve
2475,9,1455.1999999999996,2,263.08000000000004,move,improve
2476,9,1455.1999999999996,2,263.08000000000004,2opt,notBad
2477,9,1455.1999999999996,2,263.08000000000004,swap,notBad
2478,9,1455.1999999999996,2,263.08000000000004,move,improve
2479,9,1455.1999999999996,2,263.08000000000004,2opt,notBad
2480,9,1455.8000000000002,2,263.08000000000004,2opt,acceptBad
2481,9,1455.8000000000002,2,263.08000000000004,2opt,improve
2482,9,1544.8000000000013,2,263.08000000000004,swap,acceptBad
2483,9,1544.8000000000013,2,263.08000000000004,2opt,notBad
2484,9,1544.8000000000013,2,263.08000000000004,2opt,notBad
2485,9,1544.8000000000013,2,263.08000000000004,move,improve
2486,9,1525.1599999999996,2,263.08000000000004,move,improve
2487,9,1525.1599999999996,2,263.08000000000004,swap,notBad
2488,9,1525.1599999999996,2,263.08000000000004,move,improve
2489,9,1525.1599999999996,2,263.08000000000004,swap,notBad
2490,9,1525.1599999999996,2,263.08000000000004,move,improve
2491,9,1525.1599999999996,2,263.08000000000004,2opt,improve
2492,9,1525.1599999999996,2,263.08000000000004,move,improve
2493,9,1510.7999999999997,2,263.08000000000004,move,improve
2494,9,1510.7999999999997,2,263.08000000000004,swap,notBad
2495,9,1510.7999999999997,2,263.08000000000004,2opt,notBad
2496,9,1510.7999999999997,2,263.08000000000004,move,improve
2497,9,1516.0399999999995,2,263.08000000000004,swap,acceptBad
2498,9,1556.6399999999996,2,263.08000000000004,swap,acceptBad
2499,9,1556.6399999999996,2,263.08000000000004,move,improve
2500,9,1643.9199999999987,2,263.08000000000004,swap,acceptBad
2501,9,1643.9199999999987,2,263.08000000000004,swap,notBad
2502,9,1643.9199999999987,2,263.08000000000004,2opt,notBad
2503,9,1643.9199999999987,2,263.08000000000004,2opt,notBad
2504,9,1643.9199999999987,2,263.08000000000004,swap,notBad
2505,9,1643.7999999999988,2,263.08000000000004,move,improve
2506,9,1643.7999999999988,2,263.08000000000004,move,improve
2507,9,1643.7999999999988,2,263.08000000000004,2opt,notBad
2508,9,1643.7999999999988,2,263.08000000000004,2opt,notBad
2509,9,1625.8399999999988,2,263.08000000000004,move,improve
2510,9,1550.88,2,263.08000000000004,move,improve
2511,9,1549.1999999999998,2,263.08000000000004,move,improve
2512,9,1522.84,2,263.08000000000004,2opt,improve
2513,9,1522.84,2,263.08000000000004,move,improve
2514,9,1522.84,2,263.08000000000004,swap,notBad
2515,9,1522.84,2,263.08000000000004,2opt,notBad
2516,9,1522.84,2,263.08000000000004,swap,notBad
2517,9,1531.6399999999999,2,263.08000000000004,2opt,acceptBad
2518,9,1531.6399999999999,2,263.08000000000004,2opt,notBad
2519,9,1523.0,2,263.08000000000004,swap,improve
2520,9,1523.0,2,263.08000000000004,2opt,notBad
2521,9,1523.0,2,263.08000000000004,move,improve
2522,9,1542.48,2,263.08000000000004,swap,acceptBad
2523,9,1542.48,2,263.08000000000004,2opt,notBad
2524,9,1542.48,2,263.08000000000004,2opt,notBad
2525,9,1617.4399999999987,2,263.08000000000004,swap,acceptBad
2526,9,1617.4399999999987,2,263.08000000000004,move,improve
2527,9,1617.4399999999987,2,263.08000000000004,move,improve
2528,9,1617.4399999999987,2,263.08000000000004,2opt,notBad
2529,9,1606.7599999999989,2,263.08000000000004,move,improve
2530,9,1617.719999999999,2,263.08000000000004,swap,acceptBad
2531,9,1617.719999999999,2,263.08000000000004,swap,notBad
2532,9,1617.719999999999,2,263.08000000000004,2opt,notBad
2533,9,1599.599999999999,2,263.08000000000004,2opt,improve
2534,9,1588.079999999999,2,263.08000000000004,move,improve
2535,9,1588.079999999999,2,263.08000000000004,2opt,notBad
2536,9,1482.6399999999983,2,263.08000000000004,swap,improve
2537,9,1401.4799999999996,2,263.08000000000004,swap,improve
2538,9,1392.4399999999996,2,263.08000000000004,swap,improve
2539,9,1392.4399999999996,2,263.08000000000004,swap,notBad
2540,9,1391.1599999999994,2,263.08000000000004,move,improve
2541,9,1391.1599999999994,2,263.08000000000004,move,improve
2542,9,1381.5599999999995,2,263.08000000000004,move,improve
2543,9,1377.6399999999994,2,263.08000000000004,move,improve
2544,9,1377.6399999999994,2,263.08000000000004,move,improve
2545,9,1377.6399999999994,2,263.08000000000004,move,improve
2546,9,1377.6399999999994,2,263.08000000000004,move,improve
2547,9,1377.6399999999994,2,263.08000000000004,move,improve
2548,9,1377.6399999999994,2,263.08000000000004,move,improve
2549,9,1377.6399999999994,2,263.08000000000004,swap,notBad
2550,9,1377.6399999999994,2,263.08000000000004,2opt,notBad
2551,9,1419.7999999999988,2,263.08000000000004,swap,acceptBad
2552,9,1419.7999999999988,2,263.08000000000004,move,improve
2553,9,1419.7999999999988,2,263.08000000000004,2opt,notBad
2554,9,1419.7999999999988,2,263.08000000000004,swap,notBad
2555,9,1419.7999999999988,2,263.08000000000004,2opt,notBad
2556,9,1424.8399999999995,2,263.08000000000004,swap,acceptBad
2557,9,1424.8399999999995,2,263.08000000000004,move,improve
2558,9,1424.8399999999995,2,263.08000000000004,move,improve
2559,9,1424.8399999999995,2,263.08000000000004,2opt,notBad
2560,9,1427.2399999999993,2,263.08000000000004,2opt,acceptBad
2561,9,1424.5999999999995,2,263.08000000000004,2opt,improve
2562,9,1424.5999999999995,2,263.08000000000004,swap,notBad
2563,9,1424.5999999999995,2,263.08000000000004,2opt,notBad
2564,9,1425.8799999999992,2,263.08000000000004,2opt,acceptBad
2565,9,1412.5999999999995,2,263.08000000000004,swap,improve
2566,9,1412.5999999999995,2,263.08000000000004,swap,notBad
2567,9,1412.5999999999995,2,263.08000000000004,move,improve
2568,9,1412.5999999999995,2,263.08000000000004,swap,notBad
2569,9,1412.5999999999995,2,263.08000000000004,2opt,notBad
2570,9,1412.5999999999995,2,263.08000000000004,swap,notBad
2571,9,1412.5999999999995,2,263.08000000000004,2opt,notBad
2572,9,1412.5999999999995,2,263.08000000000004,move,improve
2573,9,1412.5999999999995,2,263.08000000000004,2opt,notBad
2574,9,1412.5999999999995,2,263.08000000000004,move,improve
2575,9,1388.6399999999994,2,263.08000000000004,swap,improve
2576,9,1388.6399999999994,2,263.08000000000004,swap,notBad
2577,9,1388.6399999999994,2,263.08000000000004,swap,notBad
2578,9,1388.6399999999994,2,263.08000000000004,swap,notBad
2579,9,1424.6799999999996,2,263.08000000000004,swap,acceptBad
2580,9,1424.6799999999996,2,263.08000000000004,2opt,improve
2581,9,1426.9199999999996,2,263.08000000000004,swap,acceptBad
2582,9,1426.9199999999996,2,263.08000000000004,move,improve
2583,9,1426.9199999999996,2,263.08000000000004,move,improve
2584,9,1426.9199999999996,2,263.08000000000004,2opt,notBad
2585,9,1426.9199999999996,2,263.08000000000004,move,improve
2586,9,1426.9199999999996,2,263.08000000000004,move,improve
2587,9,1421.8399999999995,2,263.08000000000004,move,improve
2588,9,1421.8399999999995,2,263.08000000000004,swap,notBad
2589,9,1421.8399999999995,2,263.08000000000004,swap,notBad
2590,9,1421.8399999999995,2,263.08000000000004,2opt,notBad
2591,9,1421.8399999999995,2,263.08000000000004,2opt,notBad
2592,9,1420.1599999999994,2,263.08000000000004,swap,improve
2593,9,1438.9599999999996,2,263.08000000000004,2opt,acceptBad
2594,9,1438.9599999999996,2,263.08000000000004,2opt,notBad
2595,9,1438.9599999999996,2,263.08000000000004,swap,notBad
2596,9,1437.5599999999995,2,263.08000000000004,move,improve
2597,9,1423.8799999999997,2,263.08000000000004,move,improve
2598,9,1423.8799999999997,2,263.08000000000004,swap,notBad
2599,9,1423.6,2,263.08000000000004,swap,improve
2600,9,1423.6,2,263.08000000000004,swap,notBad
2601,9,1423.6,2,263.08000000000004,2opt,notBad
2602,9,1423.6,2,263.08000000000004,2opt,notBad
2603,9,1423.6,2,263.08000000000004,2opt,notBad
2604,9,1423.6,2,263.08000000000004,2opt,notBad
2605,9,1437.8400000000008,2,263.08000000000004,swap,acceptBad
2606,9,1515.2400000000007,2,263.08000000000004,swap,acceptBad
2607,9,1515.2400000000007,2,263.08000000000004,2opt,notBad
2608,9,1474.520000000001,2,263.08000000000004,move,improve
2609,9,1474.520000000001,2,263.08000000000004,2opt,notBad
2610,9,1474.520000000001,2,263.08000000000004,2opt,notBad
2611,9,1456.000000000001,2,263.08000000000004,move,improve
2612,9,1586.2000000000019,2,263.08000000000004,swap,acceptBad
2613,9,1586.2000000000019,2,263.08000000000004,move,improve
2614,9,1630.920000000002,2,263.08000000000004,2opt,acceptBad
2615,9,1630.920000000002,2,263.08000000000004,swap,notBad
2616,9,1624.6400000000021,2,263.08000000000004,move,improve
2617,9,1631.840000000002,2,263.08000000000004,swap,acceptBad
2618,9,1637.680000000002,2,263.08000000000004,swap,acceptBad
2619,9,1713.7200000000018,2,263.08000000000004,swap,acceptBad
2620,9,1713.7200000000018,2,263.08000000000004,move,improve
2621,9,1529.400000000002,2,263.08000000000004,swap,improve
2622,9,1529.400000000002,2,263.08000000000004,2opt,notBad
2623,9,1529.400000000002,2,263.08000000000004,swap,notBad
2624,9,1529.760000000002,2,263.08000000000004,swap,acceptBad
2625,9,1541.720000000002,2,263.08000000000004,2opt,acceptBad
2626,9,1541.720000000002,2,263.08000000000004,2opt,notBad
2627,9,1541.720000000002,2,263.08000000000004,move,improve
2628,9,1541.720000000002,2,263.08000000000004,2opt,notBad
2629,9,1550.5200000000018,2,263.08000000000004,2opt,acceptBad
2630,9,1549.0400000000018,2,263.08000000000004,2opt,improve
2631,9,1535.400000000002,2,263.08000000000004,move,improve
2632,9,1555.0800000000017,2,263.08000000000004,swap,acceptBad
2633,9,1555.0800000000017,2,263.08000000000004,swap,notBad
2634,9,1555.0800000000017,2,263.08000000000004,swap,notBad
2635,9,1535.400000000002,2,263.08000000000004,swap,improve
2636,9,1562.1600000000017,2,263.08000000000004,swap,acceptBad
2637,9,1562.1600000000017,2,263.08000000000004,move,improve
2638,9,1631.1200000000017,2,263.08000000000004,swap,acceptBad
2639,9,1588.360000000001,2,263.08000000000004,2opt,improve
2640,9,1588.360000000001,2,263.08000000000004,swap,notBad
2641,9,1602.1200000000008,2,263.08000000000004,swap,acceptBad
2642,9,1602.1200000000008,2,263.08000000000004,swap,notBad
2643,9,1603.3600000000006,2,263.08000000000004,2opt,acceptBad
2644,9,1603.3600000000006,2,263.08000000000004,2opt,notBad
2645,9,1603.3600000000006,2,263.08000000000004,2opt,notBad
2646,9,1603.3600000000006,2,263.08000000000004,swap,notBad
2647,9,1646.3600000000006,2,263.08000000000004,move,acceptBad
2648,9,1646.3600000000006,2,263.08000000000004,swap,notBad
2649,9,1608.6400000000006,2,263.08000000000004,move,improve
2650,9,1608.6400000000006,2,263.08000000000004,move,improve
2651,9,1608.6400000000006,2,263.08000000000004,move,improve
2652,9,1593.0400000000006,2,263.08000000000004,move,improve
2653,9,1593.0400000000006,2,263.08000000000004,2opt,notBad
2654,9,1613.7200000000007,2,263.08000000000004,2opt,acceptBad
2655,9,1613.7200000000007,2,263.08000000000004,swap,notBad
2656,9,1613.7200000000007,2,263.08000000000004,2opt,notBad
2657,9,1613.7200000000007,2,263.08000000000004,2opt,notBad
2658,9,1613.7200000000007,2,263.08000000000004,swap,notBad
2659,9,1615.3200000000006,2,263.08000000000004,2opt,acceptBad
2660,9,1615.0400000000004,2,263.08000000000004,move,improve
2661,9,1615.0400000000004,2,263.08000000000004,2opt,notBad
2662,9,1613.5200000000004,2,263.08000000000004,move,improve
2663,9,1560.0,2,263.08000000000004,swap,improve
2664,9,1560.0,2,263.08000000000004,move,improve
2665,9,1560.0,2,263.08000000000004,2opt,notBad
2666,9,1566.3600000000001,2,263.08000000000004,2opt,acceptBad
2667,9,1566.3600000000001,2,263.08000000000004,2opt,notBad
2668,9,1566.3600000000001,2,263.08000000000004,move,improve
2669,9,1569.7200000000005,2,263.08000000000004,2opt,acceptBad
2670,9,1569.7200000000005,2,263.08000000000004,2opt,notBad
2671,9,1533.5200000000004,2,263.08000000000004,move,improve
2672,9,1526.6400000000006,2,263.08000000000004,2opt,improve
2673,9,1530.8400000000006,2,263.08000000000004,swap,acceptBad
2674,9,1531.1200000000003,2,263.08000000000004,swap,acceptBad
2675,9,1527.3200000000006,2,263.08000000000004,move,improve
2676,9,1527.3200000000006,2,263.08000000000004,move,improve
2677,9,1559.6800000000007,2,263.08000000000004,swap,acceptBad
2678,9,1559.6800000000007,2,263.08000000000004,move,improve
2679,9,1559.6800000000007,2,263.08000000000004,2opt,notBad
2680,9,1559.6800000000007,2,263.08000000000004,swap,notBad
2681,9,1559.6800000000007,2,263.08000000000004,move,improve
2682,9,1559.6000000000004,2,263.08000000000004,move,improve
2683,9,1559.6000000000004,2,263.08000000000004,move,improve
2684,9,1559.6000000000004,2,263.08000000000004,2opt,notBad
2685,9,1561.1600000000003,2,263.08000000000004,2opt,acceptBad
2686,9,1529.6400000000003,2,263.08000000000004,swap,improve
2687,9,1539.2400000000002,2,263.08000000000004,2opt,acceptBad
2688,9,1539.2400000000002,2,263.08000000000004,2opt,notBad
2689,9,1539.2400000000002,2,263.08000000000004,2opt,notBad
2690,9,1539.2400000000002,2,263.08000000000004,2opt,notBad
2691,9,1539.2400000000002,2,263.08000000000004,move,improve
2692,9,1543.2000000000003,2,263.08000000000004,swap,acceptBad
2693,9,1545.0400000000002,2,263.08000000000004,swap,acceptBad
2694,9,1530.88,2,263.08000000000004,swap,improve
2695,9,1556.4400000000005,2,263.08000000000004,swap,acceptBad
2696,9,1556.4400000000005,2,263.08000000000004,swap,notBad
2697,9,1559.3200000000006,2,263.08000000000004,2opt,acceptBad
2698,9,1559.3200000000006,2,263.08000000000004,2opt,notBad
2699,9,1559.3200000000006,2,263.08000000000004,2opt,notBad
2700,9,1559.2000000000007,2,263.08000000000004,2opt,improve
2701,9,1559.2000000000007,2,263.08000000000004,swap,notBad
2702,9,1604.6000000000008,2,263.08000000000004,swap,acceptBad
2703,9,1604.4000000000005,2,263.08000000000004,2opt,improve
2704,9,1598.7200000000007,2,263.08000000000004,swap,improve
2705,9,1598.7200000000007,2,263.08000000000004,swap,notBad
2706,9,1673.3199999999993,2,263.08000000000004,swap,acceptBad
2707,9,1676.3999999999992,2,263.08000000000004,swap,acceptBad
2708,9,1673.599999999999,2,263.08000000000004,move,improve
2709,9,1672.6399999999992,2,263.08000000000004,move,improve
2710,9,1672.6399999999992,2,263.08000000000004,move,improve
2711,9,1688.199999999999,2,263.08000000000004,swap,acceptBad
2712,9,1680.919999999999,2,263.08000000000004,move,improve
2713,9,1668.039999999999,2,263.08000000000004,2opt,improve
2714,9,1661.519999999999,2,263.08000000000004,move,improve
2715,9,1580.1199999999997,2,263.08000000000004,2opt,improve
2716,9,1580.1199999999997,2,263.08000000000004,2opt,notBad
2717,9,1577.1999999999998,2,263.08000000000004,move,improve
2718,9,1577.1999999999998,2,263.08000000000004,move,improve
2719,9,1577.1999999999998,2,263.08000000000004,move,improve
2720,9,1577.1999999999998,2,263.08000000000004,move,improve
2721,9,1577.1999999999998,2,263.08000000000004,swap,notBad
2722,9,1577.1999999999998,2,263.08000000000004,swap,notBad
2723,9,1569.6799999999998,2,263.08000000000004,swap,improve
2724,9,1569.6799999999998,2,263.08000000000004,2opt,improve
2725,9,1569.6799999999998,2,263.08000000000004,swap,notBad
2726,9,1572.6399999999999,2,263.08000000000004,swap,acceptBad
2727,9,1572.6399999999999,2,263.08000000000004,2opt,notBad
2728,9,1554.0399999999997,2,263.08000000000004,2opt,improve
2729,9,1554.0399999999997,2,263.08000000000004,swap,notBad
2730,9,1554.0399999999997,2,263.08000000000004,swap,notBad
2731,9,1554.0399999999997,2,263.08000000000004,move,improve
2732,9,1549.4399999999996,2,263.08000000000004,move,improve
2733,9,1559.7199999999998,2,263.08000000000004,swap,acceptBad
2734,9,1559.5199999999995,2,263.08000000000004,move,improve
2735,9,1627.639999999999,2,263.08000000000004,swap,acceptBad
2736,9,1627.639999999999,2,263.08000000000004,move,improve
2737,9,1627.639999999999,2,263.08000000000004,move,improve
2738,9,1627.639999999999,2,263.08000000000004,move,improve
2739,9,1555.7199999999993,2,263.08000000000004,move,improve
2740,9,1532.2399999999989,2,263.08000000000004,move,improve
2741,9,1532.2399999999989,2,263.08000000000004,2opt,notBad
2742,9,1520.559999999999,2,263.08000000000004,swap,improve
2743,9,1520.559999999999,2,263.08000000000004,2opt,improve
2744,9,1520.559999999999,2,263.08000000000004,move,improve
2745,9,1520.559999999999,2,263.08000000000004,swap,notBad
2746,9,1514.679999999999,2,263.08000000000004,move,improve
2747,9,1514.679999999999,2,263.08000000000004,move,improve
2748,9,1514.679999999999,2,263.08000000000004,move,improve
2749,9,1514.679999999999,2,263.08000000000004,move,improve
2750,9,1514.679999999999,2,263.08000000000004,swap,notBad
2751,9,1514.679999999999,2,263.08000000000004,2opt,notBad
2752,9,1514.679999999999,2,263.08000000000004,move,improve
2753,9,1504.639999999999,2,263.08000000000004,2opt,improve
2754,9,1494.079999999999,2,263.08000000000004,move,improve
2755,9,1501.079999999999,2,263.08000000000004,swap,acceptBad
2756,9,1501.079999999999,2,263.08000000000004,2opt,notBad
2757,9,1501.079999999999,2,263.08000000000004,2opt,notBad
2758,9,1501.079999999999,2,263.08000000000004,2opt,notBad
2759,9,1501.079999999999,2,263.08000000000004,swap,notBad
2760,9,1501.079999999999,2,263.08000000000004,2opt,notBad
2761,9,1501.079999999999,2,263.08000000000004,2opt,notBad
2762,9,1501.079999999999,2,263.08000000000004,move,improve
2763,9,1501.079999999999,2,263.08000000000004,2opt,notBad
2764,9,1501.079999999999,2,263.08000000000004,2opt,notBad
2765,9,1501.079999999999,2,263.08000000000004,swap,notBad
2766,9,1501.079999999999,2,263.08000000000004,move,improve
2767,9,1501.079999999999,2,263.08000000000004,2opt,notBad
2768,9,1501.079999999999,2,263.08000000000004,move,improve
2769,9,1482.12,2,263.08000000000004,swap,improve
2770,9,1482.12,2,263.08000000000004,swap,notBad
2771,9,1482.12,2,263.08000000000004,move,improve
2772,9,1482.12,2,263.08000000000004,swap,notBad
2773,9,1456.6,2,263.08000000000004,move,improve
2774,9,1456.6,2,263.08000000000004,2opt,notBad
2775,9,1456.6,2,263.08000000000004,move,improve
2776,9,1456.6,2,263.08000000000004,2opt,notBad
2777,9,1456.6,2,263.08000000000004,swap,notBad
2778,9,1456.6,2,263.08000000000004,2opt,notBad
2779,9,1456.6,2,263.08000000000004,swap,notBad
2780,9,1456.6,2,263.08000000000004,move,improve
2781,9,1456.6,2,263.08000000000004,2opt,notBad
2782,9,1442.6799999999998,2,263.08000000000004,2opt,improve
2783,9,1441.36,2,263.08000000000004,2opt,improve
2784,9,1435.6799999999998,2,263.08000000000004,move,improve
2785,9,1435.5199999999998,2,263.08000000000004,2opt,improve
2786,9,1435.5199999999998,2,263.08000000000004,2opt,notBad
2787,9,1435.5199999999998,2,263.08000000000004,2opt,notBad
2788,9,1435.5199999999998,2,263.08000000000004,swap,notBad
2789,9,1508.9199999999987,2,263.08000000000004,swap,acceptBad
2790,9,1508.9199999999987,2,263.08000000000004,swap,notBad
2791,9,1508.9199999999987,2,263.08000000000004,move,improve
2792,9,1493.7199999999993,2,263.08000000000004,swap,improve
2793,9,1493.1599999999994,2,263.08000000000004,2opt,improve
2794,9,1493.1599999999994,2,263.08000000000004,move,improve
2795,9,1493.1599999999994,2,263.08000000000004,swap,notBad
2796,9,1493.1599999999994,2,263.08000000000004,2opt,notBad
2797,9,1493.1599999999994,2,263.08000000000004,move,improve
2798,9,1472.9599999999996,2,263.08000000000004,2opt,improve
2799,9,1472.9599999999996,2,263.08000000000004,swap,notBad
2800,9,1542.960000000002,2,263.08000000000004,swap,acceptBad
2801,9,1542.960000000002,2,263.08000000000004,move,improve
2802,9,1452.8399999999974,2,263.08000000000004,move,improve
2803,9,1452.8399999999974,2,263.08000000000004,2opt,notBad
2804,9,1452.8399999999974,2,263.08000000000004,move,improve
2805,9,1452.8399999999974,2,263.08000000000004,2opt,notBad
2806,9,1465.6399999999976,2,263.08000000000004,2opt,acceptBad
2807,9,1465.6399999999976,2,263.08000000000004,swap,notBad
2808,9,1464.1599999999976,2,263.08000000000004,2opt,improve
2809,9,1464.1599999999976,2,263.08000000000004,2opt,improve
2810,9,1464.1599999999976,2,263.08000000000004,swap,notBad
2811,9,1464.1599999999976,2,263.08000000000004,move,improve
2812,9,1471.3199999999974,2,263.08000000000004,2opt,acceptBad
2813,9,1471.3199999999974,2,263.08000000000004,move,improve
2814,9,1443.439999999998,2,263.08000000000004,swap,improve
2815,9,1443.439999999998,2,263.08000000000004,2opt,notBad
2816,9,1443.439999999998,2,263.08000000000004,2opt,notBad
2817,9,1443.439999999998,2,263.08000000000004,swap,notBad
2818,9,1443.439999999998,2,263.08000000000004,swap,notBad
2819,9,1439.959999999998,2,263.08000000000004,move,improve
2820,9,1439.959999999998,2,263.08000000000004,2opt,notBad
2821,9,1439.959999999998,2,263.08000000000004,swap,notBad
2822,9,1439.959999999998,2,263.08000000000004,move,improve
2823,9,1434.799999999997,2,263.08000000000004,swap,improve
2824,9,1434.799999999997,2,263.08000000000004,2opt,notBad
2825,9,1434.799999999997,2,263.08000000000004,swap,notBad
2826,9,1434.799999999997,2,263.08000000000004,2opt,notBad
2827,9,1434.799999999997,2,263.08000000000004,swap,notBad
2828,9,1458.0799999999967,2,263.08000000000004,swap,acceptBad
2829,9,1458.0799999999967,2,263.08000000000004,2opt,notBad
2830,9,1458.0799999999967,2,263.08000000000004,swap,notBad
2831,9,1507.9999999999977,2,263.08000000000004,swap,acceptBad
2832,9,1432.8799999999992,2,263.08000000000004,move,improve
2833,9,1432.8799999999992,2,263.08000000000004,2opt,notBad
2834,9,1440.279999999999,2,263.08000000000004,2opt,acceptBad
2835,9,1440.279999999999,2,263.08000000000004,move,improve
2836,9,1440.279999999999,2,263.08000000000004,2opt,notBad
2837,9,1440.279999999999,2,263.08000000000004,2opt,notBad
2838,9,1440.279999999999,2,263.08000000000004,swap,notBad
2839,9,1440.279999999999,2,263.08000000000004,swap,notBad
2840,9,1434.519999999999,2,263.08000000000004,move,improve
2841,9,1431.3999999999992,2,263.08000000000004,move,improve
2842,9,1431.3999999999992,2,263.08000000000004,2opt,notBad
2843,9,1429.4399999999991,2,263.08000000000004,2opt,improve
2844,9,1443.4399999999991,2,263.08000000000004,swap,acceptBad
2845,9,1429.3999999999992,2,263.08000000000004,2opt,improve
2846,9,1424.759999999999,2,263.08000000000004,2opt,improve
2847,9,1424.759999999999,2,263.08000000000004,move,improve
2848,9,1397.2000000000007,2,263.08000000000004,swap,improve
2849,9,1395.4800000000005,2,263.08000000000004,move,improve
2850,9,1395.4800000000005,2,263.08000000000004,swap,notBad
2851,9,1395.4800000000005,2,263.08000000000004,swap,notBad
2852,9,1395.4800000000005,2,263.08000000000004,swap,notBad
2853,9,1395.4800000000005,2,263.08000000000004,move,improve
2854,9,1464.9600000000005,2,263.08000000000004,swap,acceptBad
2855,9,1465.6400000000006,2,263.08000000000004,2opt,acceptBad
2856,9,1465.6400000000006,2,263.08000000000004,2opt,notBad
2857,9,1465.6400000000006,2,263.08000000000004,move,improve
2858,9,1465.6400000000006,2,263.08000000000004,move,improve
2859,9,1468.8800000000006,2,263.08000000000004,2opt,acceptBad
2860,9,1468.8800000000006,2,263.08000000000004,2opt,notBad
2861,9,1468.8800000000006,2,263.08000000000004,swap,notBad
2862,9,1468.8800000000006,2,263.08000000000004,swap,notBad
2863,9,1445.6800000000005,2,263.08000000000004,move,improve
2864,9,1471.2400000000002,2,263.08000000000004,swap,acceptBad
2865,9,1471.2400000000002,2,263.08000000000004,move,improve
2866,9,1481.8000000000002,2,263.08000000000004,2opt,acceptBad
2867,9,1479.1200000000003,2,263.08000000000004,move,improve
2868,9,1478.7999999999997,2,263.08000000000004,move,improve
2869,9,1478.7999999999997,2,263.08000000000004,2opt,notBad
2870,9,1462.7599999999998,2,263.08000000000004,move,improve
2871,9,1462.7599999999998,2,263.08000000000004,move,improve
2872,9,1462.7599999999998,2,263.08000000000004,move,improve
2873,9,1462.7599999999998,2,263.08000000000004,2opt,notBad
2874,9,1426.3999999999999,2,263.08000000000004,move,improve
2875,9,1426.3999999999999,2,263.08000000000004,2opt,notBad
2876,9,1426.3999999999999,2,263.08000000000004,swap,notBad
2877,9,1426.3999999999999,2,263.08000000000004,move,improve
2878,9,1435.1599999999999,2,263.08000000000004,2opt,acceptBad
2879,9,1435.1599999999999,2,263.08000000000004,swap,notBad
2880,9,1435.1599999999999,2,263.08000000000004,move,improve
2881,9,1422.3600000000001,2,263.08000000000004,swap,improve
2882,9,1422.3600000000001,2,263.08000000000004,swap,notBad
2883,9,1422.3600000000001,2,263.08000000000004,2opt,notBad
2884,9,1422.3600000000001,2,263.08000000000004,swap,notBad
2885,9,1422.3600000000001,2,263.08000000000004,2opt,notBad
2886,9,1422.3600000000001,2,263.08000000000004,swap,notBad
2887,9,1435.7600000000002,2,263.08000000000004,2opt,acceptBad
2888,9,1435.7600000000002,2,263.08000000000004,2opt,notBad
2889,9,1472.599999999999,2,263.08000000000004,move,acceptBad
2890,9,1471.079999999999,2,263.08000000000004,move,improve
2891,9,1450.8399999999997,2,263.08000000000004,move,improve
2892,9,1450.8399999999997,2,263.08000000000004,move,improve
2893,9,1450.8399999999997,2,263.08000000000004,2opt,notBad
2894,9,1463.7599999999993,2,263.08000000000004,swap,acceptBad
2895,9,1462.3999999999992,2,263.08000000000004,2opt,improve
2896,9,1442.4799999999996,2,263.08000000000004,move,improve
2897,9,1441.2399999999998,2,263.08000000000004,2opt,improve
2898,9,1441.2399999999998,2,263.08000000000004,2opt,notBad
2899,9,1376.519999999999,2,263.08000000000004,swap,improve
2900,9,1376.519999999999,2,263.08000000000004,move,improve
2901,9,1376.519999999999,2,263.08000000000004,swap,notBad
2902,9,1376.519999999999,2,263.08000000000004,2opt,notBad
2903,9,1398.7599999999989,2,263.08000000000004,2opt,acceptBad
2904,9,1386.959999999999,2,263.08000000000004,move,improve
2905,9,1369.7599999999993,2,263.08000000000004,swap,improve
2906,9,1380.3599999999992,2,263.08000000000004,2opt,acceptBad
2907,9,1379.8399999999992,2,263.08000000000004,swap,improve
2908,9,1376.9599999999991,2,263.08000000000004,move,improve
2909,9,1376.9599999999991,2,263.08000000000004,2opt,notBad
2910,9,1376.9599999999991,2,263.08000000000004,2opt,notBad
2911,9,1376.9599999999991,2,263.08000000000004,swap,notBad
2912,9,1376.9599999999991,2,263.08000000000004,2opt,notBad
2913,9,1376.9599999999991,2,263.08000000000004,2opt,improve
2914,9,1376.9599999999991,2,263.08000000000004,swap,notBad
2915,9,1376.9599999999991,2,263.08000000000004,swap,notBad
2916,9,1376.9599999999991,2,263.08000000000004,2opt,notBad
2917,9,1379.559999999999,2,263.08000000000004,swap,acceptBad
2918,9,1379.559999999999,2,263.08000000000004,move,improve
2919,9,1399.519999999999,2,263.08000000000004,swap,acceptBad
2920,9,1399.519999999999,2,263.08000000000004,swap,notBad
2921,9,1399.519999999999,2,263.08000000000004,move,improve
2922,9,1399.519999999999,2,263.08000000000004,swap,notBad
2923,9,1422.6799999999994,2,263.08000000000004,swap,acceptBad
2924,9,1417.999999999999,2,263.08000000000004,swap,improve
2925,9,1412.3999999999994,2,263.08000000000004,move,improve
2926,9,1412.3999999999994,2,263.08000000000004,move,improve
2927,9,1413.3599999999992,2,263.08000000000004,2opt,acceptBad
2928,9,1396.12,2,263.08000000000004,move,improve
2929,9,1376.92,2,263.08000000000004,swap,improve
2930,9,1376.92,2,263.08000000000004,move,improve
2931,9,1389.1999999999998,2,263.08000000000004,swap,acceptBad
2932,9,1389.1999999999998,2,263.08000000000004,2opt,notBad
2933,9,1375.4400000000005,2,263.08000000000004,swap,improve
2934,9,1374.2000000000005,2,263.08000000000004,move,improve
2935,9,1374.2000000000005,2,263.08000000000004,2opt,notBad
2936,9,1374.2000000000005,2,263.08000000000004,move,improve
2937,9,1374.2000000000005,2,263.08000000000004,move,improve
2938,9,1374.2000000000005,2,263.08000000000004,2opt,notBad
2939,9,1375.6800000000003,2,263.08000000000004,2opt,acceptBad
2940,9,1375.6800000000003,2,263.08000000000004,move,improve
2941,9,1383.7600000000004,2,263.08000000000004,2opt,acceptBad
2942,9,1383.7600000000004,2,263.08000000000004,swap,notBad
2943,9,1384.0400000000004,2,263.08000000000004,swap,acceptBad
2944,9,1392.1199999999994,2,263.08000000000004,swap,acceptBad
2945,9,1391.5999999999995,2,263.08000000000004,swap,improve
2946,9,1408.2799999999995,2,263.08000000000004,swap,acceptBad
2947,9,1408.2799999999995,2,263.08000000000004,swap,notBad
2948,9,1407.9999999999995,2,263.08000000000004,move,improve
2949,9,1407.9999999999995,2,263.08000000000004,2opt,notBad
2950,9,1407.9999999999995,2,263.08000000000004,swap,notBad
2951,9,1407.9999999999995,2,263.08000000000004,swap,notBad
2952,9,1409.8799999999997,2,263.08000000000004,swap,acceptBad
2953,9,1410.0399999999995,2,263.08000000000004,swap,acceptBad
2954,9,1410.0399999999995,2,263.08000000000004,swap,notBad
2955,9,1410.0399999999995,2,263.08000000000004,2opt,improve
2956,9,1411.2799999999993,2,263.08000000000004,2opt,acceptBad
2957,9,1412.1999999999991,2,263.08000000000004,2opt,acceptBad
2958,9,1412.1999999999991,2,263.08000000000004,2opt,notBad
2959,9,1412.1999999999991,2,263.08000000000004,swap,notBad
2960,9,1396.599999999999,2,263.08000000000004,move,improve
2961,9,1396.599999999999,2,263.08000000000004,move,improve
2962,9,1384.519999999999,2,263.08000000000004,move,improve
2963,9,1384.519999999999,2,263.08000000000004,move,improve
2964,9,1384.519999999999,2,263.08000000000004,2opt,notBad
2965,9,1379.559999999999,2,263.08000000000004,2opt,improve
2966,9,1427.599999999999,2,263.08000000000004,swap,acceptBad
2967,9,1427.599999999999,2,263.08000000000004,swap,notBad
2968,9,1427.599999999999,2,263.08000000000004,2opt,notBad
2969,9,1427.599999999999,2,263.08000000000004,swap,notBad
2970,9,1427.599999999999,2,263.08000000000004,2opt,improve
2971,9,1408.8399999999992,2,263.08000000000004,swap,improve
2972,9,1408.8399999999992,2,263.08000000000004,swap,notBad
2973,9,1408.8399999999992,2,263.08000000000004,2opt,notBad
2974,9,1408.8399999999992,2,263.08000000000004,2opt,notBad
2975,9,1408.8399999999992,2,263.08000000000004,2opt,notBad
2976,9,1408.8399999999992,2,263.08000000000004,2opt,notBad
2977,9,1408.8399999999992,2,263.08000000000004,2opt,notBad
2978,9,1408.8399999999992,2,263.08000000000004,move,improve
2979,9,1408.8399999999992,2,263.08000000000004,2opt,notBad
2980,9,1409.7999999999988,2,263.08000000000004,2opt,acceptBad
2981,9,1409.7999999999988,2,263.08000000000004,move,improve
2982,9,1409.7999999999988,2,263.08000000000004,swap,notBad
2983,9,1409.7999999999988,2,263.08000000000004,2opt,notBad
2984,9,1408.399999999999,2,263.08000000000004,swap,improve
2985,9,1407.3599999999988,2,263.08000000000004,move,improve
2986,9,1407.3599999999988,2,263.08000000000004,swap,notBad
2987,9,1455.48,2,263.08000000000004,swap,acceptBad
2988,9,1452.3199999999997,2,263.08000000000004,move,improve
2989,9,1452.3199999999997,2,263.08000000000004,move,improve
2990,9,1472.3599999999997,2,263.08000000000004,2opt,acceptBad
2991,9,1472.3599999999997,2,263.08000000000004,2opt,improve
2992,9,1472.3599999999997,2,263.08000000000004,move,improve
2993,9,1449.3999999999996,2,263.08000000000004,swap,improve
2994,9,1449.3999999999996,2,263.08000000000004,move,improve
2995,9,1516.88,2,263.08000000000004,swap,acceptBad
2996,9,1516.88,2,263.08000000000004,2opt,notBad
2997,9,1516.88,2,263.08000000000004,2opt,notBad
2998,9,1516.88,2,263.08000000000004,swap,notBad
2999,9,1516.88,2,263.08000000000004,swap,notBad
3000,9,1516.88,2,263.08000000000004,2opt,notBad
3001,9,1516.88,2,263.08000000000004,2opt,notBad
3002,9,1516.9600000000003,2,263.08000000000004,swap,acceptBad
3003,9,1516.9600000000003,2,263.08000000000004,swap,notBad
3004,9,1464.0000000000005,2,263.08000000000004,swap,improve
3005,9,1464.0000000000005,2,263.08000000000004,2opt,notBad
3006,9,1464.9200000000005,2,263.08000000000004,swap,acceptBad
3007,9,1463.1600000000005,2,263.08000000000004,swap,improve
3008,9,1463.1600000000005,2,263.08000000000004,move,improve
3009,9,1463.1600000000005,2,263.08000000000004,move,improve
3010,9,1454.7600000000007,2,263.08000000000004,2opt,improve
3011,9,1454.7600000000007,2,263.08000000000004,2opt,notBad
3012,9,1454.7600000000007,2,263.08000000000004,move,improve
3013,9,1461.2000000000007,2,263.08000000000004,2opt,acceptBad
3014,9,1517.9600000000005,2,263.08000000000004,swap,acceptBad
3015,9,1518.0400000000006,2,263.08000000000004,2opt,acceptBad
3016,9,1537.9200000000005,2,263.08000000000004,swap,acceptBad
3017,9,1537.9200000000005,2,263.08000000000004,2opt,notBad
3018,9,1537.9200000000005,2,263.08000000000004,2opt,notBad
3019,9,1536.5600000000004,2,263.08000000000004,2opt,improve
3020,9,1535.6000000000004,2,263.08000000000004,2opt,improve
3021,9,1535.6000000000004,2,263.08000000000004,swap,notBad
3022,9,1545.000000000001,2,263.08000000000004,swap,acceptBad
3023,9,1545.400000000001,2,263.08000000000004,swap,acceptBad
3024,9,1545.400000000001,2,263.08000000000004,2opt,notBad
3025,9,1545.400000000001,2,263.08000000000004,move,improve
3026,9,1545.400000000001,2,263.08000000000004,swap,notBad
3027,9,1545.400000000001,2,263.08000000000004,2opt,notBad
3028,9,1545.400000000001,2,263.08000000000004,2opt,notBad
3029,9,1545.400000000001,2,263.08000000000004,move,improve
3030,9,1535.5200000000013,2,263.08000000000004,move,improve
3031,9,1523.6000000000013,2,263.08000000000004,move,improve
3032,9,1512.8800000000012,2,263.08000000000004,2opt,improve
3033,9,1479.4800000000012,2,263.08000000000004,move,improve
3034,9,1479.560000000001,2,263.08000000000004,2opt,acceptBad
3035,9,1479.560000000001,2,263.08000000000004,2opt,notBad
3036,9,1479.560000000001,2,263.08000000000004,swap,notBad
3037,9,1479.560000000001,2,263.08000000000004,swap,notBad
3038,9,1512.7199999999998,2,263.08000000000004,swap,acceptBad
3039,9,1528.1199999999994,2,263.08000000000004,swap,acceptBad
3040,9,1528.1199999999994,2,263.08000000000004,move,improve
3041,9,1525.8399999999995,2,263.08000000000004,swap,improve
3042,9,1525.8399999999995,2,263.08000000000004,move,improve
3043,9,1525.8399999999995,2,263.08000000000004,2opt,improve
3044,9,1525.8399999999995,2,263.08000000000004,move,improve
3045,9,1529.9599999999996,2,263.08000000000004,swap,acceptBad
3046,9,1544.6799999999994,2,263.08000000000004,swap,acceptBad
3047,9,1544.6799999999994,2,263.08000000000004,2opt,notBad
3048,9,1555.7199999999998,2,263.08000000000004,swap,acceptBad
3049,9,1555.7199999999998,2,263.08000000000004,move,improve
3050,9,1555.7199999999998,2,263.08000000000004,2opt,notBad
3051,9,1555.7199999999998,2,263.08000000000004,move,improve
3052,9,1555.7199999999998,2,263.08000000000004,move,improve
3053,9,1548.4799999999996,2,263.08000000000004,move,improve
3054,9,1546.4799999999996,2,263.08000000000004,swap,improve
3055,9,1546.4799999999996,2,263.08000000000004,2opt,notBad
3056,9,1541.8399999999997,2,263.08000000000004,move,improve
3057,9,1541.8399999999997,2,263.08000000000004,move,improve
3058,9,1524.1199999999994,2,263.08000000000004,swap,improve
3059,9,1523.8799999999992,2,263.08000000000004,move,improve
3060,9,1502.1599999999994,2,263.08000000000004,move,improve
3061,9,1502.1599999999994,2,263.08000000000004,swap,notBad
3062,9,1502.1599999999994,2,263.08000000000004,2opt,notBad
3063,9,1481.7599999999993,2,263.08000000000004,move,improve
3064,9,1481.7599999999993,2,263.08000000000004,2opt,notBad
3065,9,1481.7599999999993,2,263.08000000000004,move,improve
3066,9,1450.24,2,263.08000000000004,swap,improve
3067,9,1427.56,2,263.08000000000004,move,improve
3068,9,1427.56,2,263.08000000000004,swap,notBad
3069,9,1427.56,2,263.08000000000004,2opt,notBad
3070,9,1427.56,2,263.08000000000004,2opt,notBad
3071,9,1430.3600000000001,2,263.08000000000004,swap,acceptBad
3072,9,1415.6800000000003,2,263.08000000000004,2opt,improve
3073,9,1413.2800000000002,2,263.08000000000004,swap,improve
3074,9,1410.0400000000002,2,263.08000000000004,move,improve
3075,9,1410.0400000000002,2,263.08000000000004,2opt,notBad
3076,9,1410.0400000000002,2,263.08000000000004,move,improve
3077,9,1408.44,2,263.08000000000004,2opt,improve
3078,9,1408.44,2,263.08000000000004,2opt,notBad
3079,9,1408.44,2,263.08000000000004,2opt,notBad
3080,9,1408.44,2,263.08000000000004,swap,notBad
3081,9,1408.36,2,263.08000000000004,2opt,improve
3082,9,1408.36,2,263.08000000000004,2opt,notBad
3083,9,1410.72,2,263.08000000000004,2opt,acceptBad
3084,9,1410.72,2,263.08000000000004,move,improve
3085,9,1410.72,2,263.08000000000004,2opt,improve
3086,9,1410.72,2,263.08000000000004,2opt,improve
3087,9,1410.72,2,263.08000000000004,move,improve
3088,9,1410.72,2,263.08000000000004,swap,notBad
3089,9,1410.72,2,263.08000000000004,move,improve
3090,9,1410.08,2,263.08000000000004,2opt,improve
3091,9,1430.48,2,263.08000000000004,move,acceptBad
3092,9,1430.48,2,263.08000000000004,move,improve
3093,9,1430.48,2,263.08000000000004,2opt,notBad
3094,9,1430.48,2,263.08000000000004,2opt,notBad
3095,9,1418.3200000000002,2,263.08000000000004,move,improve
3096,9,1418.3200000000002,2,263.08000000000004,2opt,notBad
3097,9,1418.3200000000002,2,263.08000000000004,move,improve
3098,9,1418.3200000000002,2,263.08000000000004,move,improve
3099,9,1416.88,2,263.08000000000004,move,improve
3100,9,1414.3200000000006,2,263.08000000000004,move,improve
3101,9,1414.3200000000006,2,263.08000000000004,move,improve
3102,9,1414.3200000000006,2,263.08000000000004,swap,notBad
3103,9,1414.3200000000006,2,263.08000000000004,2opt,improve
3104,9,1250.9199999999992,2,263.08000000000004,swap,improve
3105,9,1250.9199999999992,2,263.08000000000004,2opt,improve
3106,9,1250.9199999999992,2,263.08000000000004,2opt,notBad
3107,9,1305.2000000000003,2,263.08000000000004,swap,acceptBad
3108,9,1305.2000000000003,2,263.08000000000004,move,improve
3109,9,1305.2000000000003,2,263.08000000000004,swap,notBad
3110,9,1305.2000000000003,2,263.08000000000004,move,improve
3111,9,1305.2000000000003,2,263.08000000000004,move,improve
3112,9,1305.2000000000003,2,263.08000000000004,move,improve
3113,9,1305.2000000000003,2,263.08000000000004,swap,notBad
3114,9,1334.7600000000004,2,263.08000000000004,swap,acceptBad
3115,9,1333.8800000000006,2,263.08000000000004,move,improve
3116,9,1333.8800000000006,2,263.08000000000004,2opt,notBad
3117,9,1333.8800000000006,2,263.08000000000004,2opt,notBad
3118,9,1345.0800000000004,2,263.08000000000004,2opt,acceptBad
3119,9,1345.0800000000004,2,263.08000000000004,move,improve
3120,9,1345.0800000000004,2,263.08000000000004,move,improve
3121,9,1338.3200000000004,2,263.08000000000004,move,improve
3122,9,1338.3200000000004,2,263.08000000000004,2opt,notBad
3123,9,1338.3200000000004,2,263.08000000000004,move,improve
3124,9,1342.0800000000004,2,263.08000000000004,2opt,acceptBad
3125,9,1342.0800000000004,2,263.08000000000004,move,improve
3126,9,1342.0800000000004,2,263.08000000000004,move,improve
3127,9,1345.8400000000006,2,263.08000000000004,2opt,acceptBad
3128,9,1345.8400000000006,2,263.08000000000004,2opt,notBad
3129,9,1345.8400000000006,2,263.08000000000004,swap,notBad
3130,9,1345.8400000000006,2,263.08000000000004,move,improve
3131,9,1345.8400000000006,2,263.08000000000004,move,improve
3132,9,1345.8400000000006,2,263.08000000000004,2opt,notBad
3133,9,1345.8400000000006,2,263.08000000000004,2opt,notBad
3134,9,1345.8400000000006,2,263.08000000000004,swap,notBad
3135,9,1345.8400000000006,2,263.08000000000004,swap,notBad
3136,9,1338.1200000000006,2,263.08000000000004,2opt,improve
3137,9,1338.1200000000006,2,263.08000000000004,swap,notBad
3138,9,1338.1200000000006,2,263.08000000000004,swap,notBad
3139,9,1338.1200000000006,2,263.08000000000004,move,improve
3140,9,1338.1200000000006,2,263.08000000000004,move,improve
3141,9,1338.1200000000006,2,263.08000000000004,2opt,notBad
3142,9,1337.0400000000004,2,263.08000000000004,swap,improve
3143,9,1337.0400000000004,2,263.08000000000004,swap,notBad
3144,9,1337.0400000000004,2,263.08000000000004,2opt,notBad
3145,9,1350.68,2,263.08000000000004,swap,acceptBad
3146,9,1331.0800000000002,2,263.08000000000004,move,improve
3147,9,1331.0800000000002,2,263.08000000000004,2opt,notBad
3148,9,1331.0800000000002,2,263.08000000000004,2opt,notBad
3149,9,1332.16,2,263.08000000000004,swap,acceptBad
3150,9,1318.04,2,263.08000000000004,2opt,improve
3151,9,1318.04,2,263.08000000000004,2opt,notBad
3152,9,1318.04,2,263.08000000000004,swap,notBad
3153,9,1318.04,2,263.08000000000004,2opt,notBad
3154,9,1372.9600000000005,2,263.08000000000004,swap,acceptBad
3155,9,1372.9600000000005,2,263.08000000000004,2opt,improve
3156,9,1372.9600000000005,2,263.08000000000004,2opt,notBad
3157,9,1372.9600000000005,2,263.08000000000004,2opt,improve
3158,9,1372.9600000000005,2,263.08000000000004,swap,notBad
3159,9,1372.9600000000005,2,263.08000000000004,2opt,notBad
3160,9,1372.9600000000005,2,263.08000000000004,2opt,improve
3161,9,1372.9600000000005,2,263.08000000000004,swap,notBad
3162,9,1361.7600000000016,2,263.08000000000004,move,improve
3163,9,1361.7600000000016,2,263.08000000000004,swap,notBad
3164,9,1361.7600000000016,2,263.08000000000004,swap,notBad
3165,9,1361.7600000000016,2,263.08000000000004,move,improve
3166,9,1361.7600000000016,2,263.08000000000004,move,improve
3167,9,1361.7600000000016,2,263.08000000000004,move,improve
3168,9,1361.7600000000016,2,263.08000000000004,2opt,improve
3169,9,1394.880000000001,2,263.08000000000004,swap,acceptBad
3170,9,1394.880000000001,2,263.08000000000004,swap,notBad
3171,9,1379.400000000001,2,263.08000000000004,move,improve
3172,9,1379.400000000001,2,263.08000000000004,2opt,notBad
3173,9,1379.400000000001,2,263.08000000000004,swap,notBad
3174,9,1376.8000000000009,2,263.08000000000004,move,improve
3175,9,1376.8000000000009,2,263.08000000000004,move,improve
3176,9,1376.8000000000009,2,263.08000000000004,2opt,notBad
3177,9,1332.6399999999996,2,263.08000000000004,swap,improve
3178,9,1332.6399999999996,2,263.08000000000004,swap,notBad
3179,9,1332.6399999999996,2,263.08000000000004,move,improve
3180,9,1332.6399999999996,2,263.08000000000004,move,improve
3181,9,1325.5599999999995,2,263.08000000000004,swap,improve
3182,9,1325.5599999999995,2,263.08000000000004,move,improve
3183,9,1325.5599999999995,2,263.08000000000004,2opt,notBad
3184,9,1325.5599999999995,2,263.08000000000004,swap,notBad
3185,9,1326.5199999999995,2,263.08000000000004,swap,acceptBad
3186,9,1326.5199999999995,2,263.08000000000004,move,improve
3187,9,1326.5199999999995,2,263.08000000000004,2opt,notBad
3188,9,1326.5199999999995,2,263.08000000000004,swap,notBad
3189,9,1326.5199999999995,2,263.08000000000004,2opt,notBad
3190,9,1326.5199999999995,2,263.08000000000004,move,improve
3191,9,1318.1199999999994,2,263.08000000000004,move,improve
3192,9,1326.0799999999995,2,263.08000000000004,swap,acceptBad
3193,9,1326.3999999999996,2,263.08000000000004,2opt,acceptBad
3194,9,1326.3999999999996,2,263.08000000000004,swap,notBad
3195,9,1326.3999999999996,2,263.08000000000004,2opt,notBad
3196,9,1323.7999999999997,2,263.08000000000004,swap,improve
3197,9,1323.7999999999997,2,263.08000000000004,swap,notBad
3198,9,1323.7999999999997,2,263.08000000000004,move,notBad
3199,9,1319.2399999999996,2,263.08000000000004,move,improve
3200,9,1369.3999999999996,2,263.08000000000004,swap,acceptBad
3201,9,1392.4399999999998,2,263.08000000000004,swap,acceptBad
3202,9,1392.4399999999998,2,263.08000000000004,2opt,notBad
3203,9,1392.4399999999998,2,263.08000000000004,2opt,notBad
3204,9,1392.4399999999998,2,263.08000000000004,move,improve
3205,9,1392.4399999999998,2,263.08000000000004,2opt,improve
3206,9,1392.4399999999998,2,263.08000000000004,swap,notBad
3207,9,1392.4399999999998,2,263.08000000000004,move,improve
3208,9,1391.0399999999997,2,263.08000000000004,move,improve
3209,9,1391.0399999999997,2,263.08000000000004,2opt,notBad
3210,9,1400.32,2,263.08000000000004,2opt,acceptBad
3211,9,1389.0800000000002,2,263.08000000000004,swap,improve
3212,9,1384.04,2,263.08000000000004,2opt,improve
3213,9,1384.04,2,263.08000000000004,2opt,notBad
3214,9,1384.04,2,263.08000000000004,swap,notBad
3215,9,1384.04,2,263.08000000000004,swap,notBad
3216,9,1384.04,2,263.08000000000004,swap,notBad
3217,9,1382.0,2,263.08000000000004,2opt,improve
3218,9,1382.28,2,263.08000000000004,2opt,acceptBad
3219,9,1382.28,2,263.08000000000004,move,improve
3220,9,1382.28,2,263.08000000000004,swap,notBad
3221,9,1382.28,2,263.08000000000004,2opt,notBad
3222,9,1382.28,2,263.08000000000004,2opt,notBad
3223,9,1347.0,2,263.08000000000004,move,improve
3224,9,1347.0,2,263.08000000000004,swap,notBad
3225,9,1347.0,2,263.08000000000004,move,improve
3226,9,1242.479999999999,2,263.08000000000004,move,improve
3227,9,1242.479999999999,2,263.08000000000004,2opt,notBad
3228,9,1242.479999999999,2,263.08000000000004,2opt,notBad
3229,9,1242.479999999999,2,263.08000000000004,swap,notBad
3230,9,1249.039999999999,2,263.08000000000004,2opt,acceptBad
3231,9,1252.199999999999,2,263.08000000000004,2opt,acceptBad
3232,9,1252.199999999999,2,263.08000000000004,swap,notBad
3233,9,1252.199999999999,2,263.08000000000004,2opt,notBad
3234,9,1249.599999999999,2,263.08000000000004,swap,improve
3235,9,1249.599999999999,2,263.08000000000004,move,improve
3236,9,1249.599999999999,2,263.08000000000004,2opt,improve
3237,9,1248.5199999999988,2,263.08000000000004,move,improve
3238,9,1248.5199999999988,2,263.08000000000004,2opt,notBad
3239,9,1248.5199999999988,2,263.08000000000004,2opt,notBad
3240,9,1248.5199999999988,2,263.08000000000004,2opt,notBad
3241,9,1256.8400000000006,2,263.08000000000004,swap,acceptBad
3242,9,1256.8400000000006,2,263.08000000000004,2opt,notBad
3243,9,1259.6000000000006,2,263.08000000000004,swap,acceptBad
3244,9,1290.3599999999992,2,263.08000000000004,swap,acceptBad
3245,9,1290.159999999999,2,263.08000000000004,move,improve
3246,9,1290.159999999999,2,263.08000000000004,swap,notBad
3247,9,1290.159999999999,2,263.08000000000004,2opt,notBad
3248,9,1289.8799999999992,2,263.08000000000004,move,improve
3249,9,1289.8799999999992,2,263.08000000000004,move,improve
3250,9,1289.079999999999,2,263.08000000000004,move,improve
3251,9,1289.079999999999,2,263.08000000000004,2opt,notBad
3252,9,1283.1999999999991,2,263.08000000000004,2opt,improve
3253,9,1283.1999999999991,2,263.08000000000004,swap,notBad
3254,9,1283.1999999999991,2,263.08000000000004,2opt,notBad
3255,9,1283.1999999999991,2,263.08000000000004,move,improve
3256,9,1268.7600000000002,2,263.08000000000004,swap,improve
3257,9,1268.7600000000002,2,263.08000000000004,swap,notBad
3258,9,1297.880000000001,2,263.08000000000004,swap,acceptBad
3259,9,1297.880000000001,2,263.08000000000004,2opt,notBad
3260,9,1297.880000000001,2,263.08000000000004,2opt,notBad
3261,9,1297.880000000001,2,263.08000000000004,move,improve
3262,9,1297.880000000001,2,263.08000000000004,move,improve
3263,9,1297.880000000001,2,263.08000000000004,2opt,notBad
3264,9,1297.880000000001,2,263.08000000000004,2opt,improve
3265,9,1297.880000000001,2,263.08000000000004,move,improve
3266,9,1297.880000000001,2,263.08000000000004,move,improve
3267,9,1297.880000000001,2,263.08000000000004,2opt,notBad
3268,9,1297.880000000001,2,263.08000000000004,swap,notBad
3269,9,1297.880000000001,2,263.08000000000004,move,improve
3270,9,1297.880000000001,2,263.08000000000004,2opt,notBad
3271,9,1297.880000000001,2,263.08000000000004,swap,notBad
3272,9,1268.7600000000002,2,263.08000000000004,move,improve
3273,9,1268.7600000000002,2,263.08000000000004,2opt,notBad
3274,9,1268.7600000000002,2,263.08000000000004,2opt,notBad
3275,9,1268.7600000000002,2,263.08000000000004,2opt,notBad
3276,9,1268.7600000000002,2,263.08000000000004,2opt,notBad
3277,9,1268.7600000000002,2,263.08000000000004,2opt,improve
3278,9,1268.7600000000002,2,263.08000000000004,2opt,notBad
3279,9,1268.7600000000002,2,263.08000000000004,2opt,notBad
3280,9,1264.9200000000003,2,263.08000000000004,move,improve
3281,9,1264.9200000000003,2,263.08000000000004,swap,notBad
3282,9,1271.0800000000004,2,263.08000000000004,swap,acceptBad
3283,9,1271.0800000000004,2,263.08000000000004,2opt,notBad
3284,9,1296.1200000000003,2,263.08000000000004,swap,acceptBad
3285,9,1296.1200000000003,2,263.08000000000004,move,improve
3286,9,1300.1200000000003,2,263.08000000000004,swap,acceptBad
3287,9,1300.1200000000003,2,263.08000000000004,2opt,notBad
3288,9,1300.1200000000003,2,263.08000000000004,move,improve
3289,9,1300.1200000000003,2,263.08000000000004,swap,notBad
3290,9,1300.1200000000003,2,263.08000000000004,move,improve
3291,9,1300.1200000000003,2,263.08000000000004,move,improve
3292,9,1300.1200000000003,2,263.08000000000004,move,improve
3293,9,1300.1200000000003,2,263.08000000000004,swap,notBad
3294,9,1300.1200000000003,2,263.08000000000004,2opt,notBad
3295,9,1300.1200000000003,2,263.08000000000004,2opt,notBad
3296,9,1299.3200000000002,2,263.08000000000004,2opt,improve
3297,9,1299.2000000000003,2,263.08000000000004,move,improve
3298,9,1299.2000000000003,2,263.08000000000004,2opt,notBad
3299,9,1296.0000000000005,2,263.08000000000004,2opt,improve
3300,9,1290.3600000000004,2,263.08000000000004,2opt,improve
3301,9,1290.3600000000004,2,263.08000000000004,swap,notBad
3302,9,1290.3600000000004,2,263.08000000000004,swap,notBad
3303,9,1290.3600000000004,2,263.08000000000004,move,improve
3304,9,1290.3600000000004,2,263.08000000000004,swap,notBad
3305,9,1288.1600000000003,2,263.08000000000004,2opt,improve
3306,9,1288.1600000000003,2,263.08000000000004,move,improve
3307,9,1288.1600000000003,2,263.08000000000004,2opt,notBad
3308,9,1288.1600000000003,2,263.08000000000004,move,improve
3309,9,1288.1600000000003,2,263.08000000000004,2opt,notBad
3310,9,1288.1600000000003,2,263.08000000000004,2opt,notBad
3311,9,1288.1600000000003,2,263.08000000000004,2opt,notBad
3312,9,1288.1600000000003,2,263.08000000000004,move,improve
3313,9,1288.1600000000003,2,263.08000000000004,2opt,notBad
3314,9,1288.1600000000003,2,263.08000000000004,swap,notBad
3315,9,1288.1600000000003,2,263.08000000000004,2opt,notBad
3316,9,1288.1600000000003,2,263.08000000000004,swap,notBad
3317,9,1279.1200000000003,2,263.08000000000004,move,improve
3318,9,1279.1200000000003,2,263.08000000000004,swap,notBad
3319,9,1279.1200000000003,2,263.08000000000004,2opt,notBad
3320,9,1279.1200000000003,2,263.08000000000004,swap,notBad
3321,9,1279.1200000000003,2,263.08000000000004,swap,notBad
3322,9,1279.1200000000003,2,263.08000000000004,move,improve
3323,9,1279.1200000000003,2,263.08000000000004,move,improve
3324,9,1267.8400000000004,2,263.08000000000004,move,improve
3325,9,1267.8400000000004,2,263.08000000000004,move,improve
3326,9,1267.8400000000004,2,263.08000000000004,move,improve
3327,9,1267.8400000000004,2,263.08000000000004,swap,notBad
3328,9,1267.8400000000004,2,263.08000000000004,swap,notBad
3329,9,1277.7600000000004,2,263.08000000000004,2opt,acceptBad
3330,9,1277.7600000000004,2,263.08000000000004,2opt,improve
3331,9,1277.7600000000004,2,263.08000000000004,move,improve
3332,9,1278.6000000000004,2,263.08000000000004,swap,acceptBad
3333,9,1278.6000000000004,2,263.08000000000004,move,improve
3334,9,1274.0399999999995,2,263.08000000000004,swap,improve
3335,9,1270.3599999999997,2,263.08000000000004,swap,improve
3336,9,1269.8799999999994,2,263.08000000000004,move,improve
3337,9,1269.8799999999994,2,263.08000000000004,move,improve
3338,9,1269.8799999999994,2,263.08000000000004,swap,notBad
3339,9,1269.5999999999995,2,263.08000000000004,move,improve
3340,9,1267.3599999999994,2,263.08000000000004,move,improve
3341,9,1267.3599999999994,2,263.08000000000004,move,improve
3342,9,1267.3599999999994,2,263.08000000000004,move,improve
3343,9,1267.3599999999994,2,263.08000000000004,swap,notBad
3344,9,1267.3599999999994,2,263.08000000000004,move,improve
3345,9,1267.3599999999994,2,263.08000000000004,2opt,notBad
3346,9,1267.2399999999993,2,263.08000000000004,move,improve
3347,9,1265.5599999999995,2,263.08000000000004,2opt,improve
3348,9,1265.5599999999995,2,263.08000000000004,2opt,notBad
3349,9,1263.9999999999995,2,263.08000000000004,swap,improve
3350,9,1263.9999999999995,2,263.08000000000004,move,improve
3351,9,1263.9999999999995,2,263.08000000000004,2opt,notBad
3352,9,1263.9999999999995,2,263.08000000000004,move,improve
3353,9,1263.9999999999995,2,263.08000000000004,2opt,notBad
3354,9,1263.9999999999995,2,263.08000000000004,swap,notBad
3355,9,1263.9999999999995,2,263.08000000000004,swap,notBad
3356,9,1263.9999999999995,2,263.08000000000004,2opt,notBad
3357,9,1280.5599999999986,2,263.08000000000004,swap,acceptBad
3358,8,1011.6799999999986,2,263.08000000000004,move,improve
3359,8,1011.6799999999986,2,263.08000000000004,move,improve
3360,8,1011.6799999999986,2,263.08000000000004,move,improve
3361,8,1011.6799999999986,2,263.08000000000004,move,improve
3362,8,1011.6799999999986,2,263.08000000000004,move,improve
3363,8,1026.3999999999985,2,263.08000000000004,swap,acceptBad
3364,8,1026.3999999999985,2,263.08000000000004,swap,notBad
3365,8,1026.3999999999985,2,263.08000000000004,move,improve
3366,8,1026.3999999999985,2,263.08000000000004,2opt,notBad
3367,8,1026.3999999999985,2,263.08000000000004,swap,notBad
3368,8,1026.3999999999985,2,263.08000000000004,move,improve
3369,8,1022.9199999999985,2,263.08000000000004,move,improve
3370,8,1022.9199999999985,2,263.08000000000004,swap,notBad
3371,8,1022.9199999999985,2,263.08000000000004,swap,notBad
3372,8,1022.9199999999985,2,263.08000000000004,move,improve
3373,8,1022.9199999999985,2,263.08000000000004,move,improve
3374,8,1022.9199999999985,2,263.08000000000004,move,improve
3375,8,1022.9199999999985,2,263.08000000000004,2opt,notBad
3376,8,1022.9199999999985,2,263.08000000000004,2opt,notBad
3377,8,1022.9199999999985,2,263.08000000000004,2opt,notBad
3378,8,1022.9199999999985,2,263.08000000000004,swap,notBad
3379,8,1022.9199999999985,2,263.08000000000004,2opt,notBad
3380,8,1025.4399999999985,2,263.08000000000004,swap,acceptBad
3381,8,1025.4399999999985,2,263.08000000000004,swap,notBad
3382,8,1025.4399999999985,2,263.08000000000004,move,improve
3383,8,1025.4399999999985,2,263.08000000000004,move,improve
3384,8,1048.7799999999988,2,263.08000000000004,swap,acceptBad
3385,8,1048.7799999999988,2,263.08000000000004,move,improve
3386,8,1048.7799999999988,2,263.08000000000004,2opt,notBad
3387,8,1048.7799999999988,2,263.08000000000004,swap,notBad
3388,8,1047.619999999999,2,263.08000000000004,move,improve
3389,8,1047.619999999999,2,263.08000000000004,2opt,notBad
3390,8,1047.619999999999,2,263.08000000000004,swap,notBad
3391,8,1047.619999999999,2,263.08000000000004,2opt,improve
3392,8,1047.619999999999,2,263.08000000000004,swap,notBad
3393,8,1047.619999999999,2,263.08000000000004,move,improve
3394,8,1047.619999999999,2,263.08000000000004,2opt,notBad
3395,8,1047.619999999999,2,263.08000000000004,2opt,notBad
3396,8,1047.619999999999,2,263.08000000000004,move,improve
3397,8,1043.7799999999988,2,263.08000000000004,move,improve
3398,8,1043.7799999999988,2,263.08000000000004,swap,notBad
3399,8,1043.7799999999988,2,263.08000000000004,swap,notBad
3400,8,1043.7799999999988,2,263.08000000000004,move,improve
3401,8,1043.7799999999988,2,263.08000000000004,swap,notBad
3402,8,1043.7799999999988,2,263.08000000000004,2opt,notBad
3403,8,1043.7799999999988,2,263.08000000000004,2opt,notBad
3404,8,1043.7799999999988,2,263.08000000000004,swap,notBad
3405,8,1043.7799999999988,2,263.08000000000004,swap,notBad
3406,8,1043.7799999999988,2,263.08000000000004,2opt,notBad
3407,8,1043.7799999999988,2,263.08000000000004,2opt,notBad
3408,7,1037.8399999999995,2,263.08000000000004,move,improve
3409,7,1037.8399999999995,2,263.08000000000004,2opt,notBad
3410,7,1034.9599999999998,2,263.08000000000004,move,improve
3411,7,869.92,2,263.08000000000004,move,improve
3412,7,869.92,2,263.08000000000004,swap,notBad
3413,7,869.92,2,263.08000000000004,move,improve
3414,7,869.92,2,263.08000000000004,2opt,notBad
3415,7,869.92,2,263.08000000000004,2opt,notBad
3416,7,869.92,2,263.08000000000004,move,improve
3417,7,869.92,2,263.08000000000004,swap,notBad
3418,7,869.92,2,263.08000000000004,2opt,improve
3419,7,891.56,2,263.08000000000004,swap,acceptBad
3420,7,891.56,2,263.08000000000004,move,improve
3421,7,891.56,2,263.08000000000004,2opt,notBad
3422,7,891.56,2,263.08000000000004,move,improve
3423,7,912.7999999999994,2,263.08000000000004,swap,acceptBad
3424,7,888.3199999999994,2,263.08000000000004,move,improve
3425,7,888.3199999999994,2,263.08000000000004,swap,notBad
3426,7,888.3199999999994,2,263.08000000000004,2opt,notBad
3427,7,886.8399999999993,2,263.08000000000004,swap,improve
3428,7,947.1999999999994,2,263.08000000000004,move,acceptBad
3429,7,947.1999999999994,2,263.08000000000004,move,improve
3430,7,947.1999999999994,2,263.08000000000004,move,improve
3431,7,947.1999999999994,2,263.08000000000004,swap,notBad
3432,7,934.5599999999993,2,263.08000000000004,move,improve
3433,7,934.5599999999993,2,263.08000000000004,swap,notBad
3434,7,934.5599999999993,2,263.08000000000004,swap,notBad
3435,7,934.5599999999993,2,263.08000000000004,swap,notBad
3436,7,928.8799999999993,2,263.08000000000004,move,improve
3437,7,936.2799999999993,2,263.08000000000004,swap,acceptBad
3438,7,936.2799999999993,2,263.08000000000004,swap,notBad
3439,7,930.0799999999992,2,263.08000000000004,move,improve
3440,7,930.3999999999993,2,263.08000000000004,2opt,acceptBad
3441,7,915.76,2,263.08000000000004,swap,improve
3442,7,915.76,2,263.08000000000004,swap,notBad
3443,7,915.76,2,263.08000000000004,2opt,notBad
3444,7,941.0400000000005,2,263.08000000000004,swap,acceptBad
3445,7,941.0400000000005,2,263.08000000000004,move,improve
3446,7,941.0400000000005,2,263.08000000000004,move,improve
3447,7,941.0400000000005,2,263.08000000000004,2opt,notBad
3448,7,941.0400000000005,2,263.08000000000004,move,improve
3449,7,941.0400000000005,2,263.08000000000004,swap,notBad
3450,7,941.0400000000005,2,263.08000000000004,move,improve
3451,7,941.4400000000005,2,263.08000000000004,2opt,acceptBad
3452,7,941.4400000000005,2,263.08000000000004,move,improve
3453,7,944.5600000000005,2,263.08000000000004,2opt,acceptBad
3454,7,940.8800000000006,2,263.08000000000004,move,improve
3455,7,940.8800000000006,2,263.08000000000004,swap,notBad
3456,7,920.2399999999996,2,263.08000000000004,move,improve
3457,7,914.1199999999994,2,263.08000000000004,swap,improve
3458,7,914.1999999999996,2,263.08000000000004,2opt,acceptBad
3459,7,914.1999999999996,2,263.08000000000004,2opt,notBad
3460,7,914.1999999999996,2,263.08000000000004,move,improve
3461,7,914.1999999999996,2,263.08000000000004,swap,notBad
3462,7,914.1999999999996,2,263.08000000000004,2opt,notBad
3463,7,931.4799999999996,2,263.08000000000004,swap,acceptBad
3464,7,931.4799999999996,2,263.08000000000004,2opt,notBad
3465,7,931.4799999999996,2,263.08000000000004,swap,notBad
3466,7,927.76,2,263.08000000000004,move,improve
3467,7,934.7999999999996,2,263.08000000000004,swap,acceptBad
3468,7,891.8399999999996,2,263.08000000000004,2opt,improve
3469,7,891.8399999999996,2,263.08000000000004,swap,notBad
3470,7,902.7999999999996,2,263.08000000000004,2opt,acceptBad
3471,7,877.6799999999996,2,263.08000000000004,move,improve
3472,7,877.6799999999996,2,263.08000000000004,swap,notBad
3473,7,877.6799999999996,2,263.08000000000004,move,improve
3474,7,877.6799999999996,2,263.08000000000004,2opt,notBad
3475,7,828.9199999999994,2,263.08000000000004,swap,improve
3476,7,828.9199999999994,2,263.08000000000004,move,improve
3477,7,828.9199999999994,2,263.08000000000004,move,improve
3478,7,828.9199999999994,2,263.08000000000004,2opt,notBad
3479,7,867.2799999999994,2,263.08000000000004,swap,acceptBad
3480,7,867.2799999999994,2,263.08000000000004,swap,notBad
3481,7,867.2799999999994,2,263.08000000000004,swap,notBad
3482,7,867.2799999999994,2,263.08000000000004,2opt,notBad
3483,7,867.2799999999994,2,263.08000000000004,move,improve
3484,7,867.2799999999994,2,263.08000000000004,swap,notBad
3485,7,867.2799999999994,2,263.08000000000004,move,improve
3486,7,896.7599999999993,2,263.08000000000004,swap,acceptBad
3487,7,896.7599999999993,2,263.08000000000004,2opt,improve
3488,7,893.0399999999988,2,263.08000000000004,swap,improve
3489,7,893.0399999999988,2,263.08000000000004,2opt,notBad
3490,7,876.7199999999989,2,263.08000000000004,move,improve
3491,7,876.7199999999989,2,263.08000000000004,2opt,notBad
3492,7,876.7199999999989,2,263.08000000000004,swap,notBad
3493,7,876.7199999999989,2,263.08000000000004,2opt,improve
3494,7,876.7199999999989,2,263.08000000000004,2opt,notBad
3495,7,876.7199999999989,2,263.08000000000004,swap,notBad
3496,7,926.3199999999997,2,263.08000000000004,swap,acceptBad
3497,7,926.3199999999997,2,263.08000000000004,swap,notBad
3498,7,926.3199999999997,2,263.08000000000004,move,improve
3499,7,882.3599999999997,2,263.08000000000004,swap,improve
3500,7,917.5599999999997,2,263.08000000000004,swap,acceptBad
3501,7,917.5599999999997,2,263.08000000000004,2opt,improve
3502,7,917.5599999999997,2,263.08000000000004,move,improve
3503,7,916.5199999999995,2,263.08000000000004,move,improve
3504,7,909.4799999999996,2,263.08000000000004,move,improve
3505,7,909.4799999999996,2,263.08000000000004,swap,notBad
3506,7,924.5600000000013,2,263.08000000000004,swap,acceptBad
3507,7,920.2400000000014,2,263.08000000000004,2opt,improve
3508,7,900.2000000000012,2,263.08000000000004,move,improve
3509,7,900.2000000000012,2,263.08000000000004,move,improve
3510,7,900.2000000000012,2,263.08000000000004,2opt,notBad
3511,7,900.2000000000012,2,263.08000000000004,2opt,improve
3512,7,899.4800000000012,2,263.08000000000004,swap,improve
3513,7,899.4800000000012,2,263.08000000000004,swap,notBad
3514,7,899.4800000000012,2,263.08000000000004,2opt,notBad
3515,7,899.4800000000012,2,263.08000000000004,move,improve
3516,7,899.4800000000012,2,263.08000000000004,2opt,notBad
3517,7,899.4800000000012,2,263.08000000000004,move,improve
3518,7,899.4800000000012,2,263.08000000000004,move,improve
3519,7,899.4800000000012,2,263.08000000000004,2opt,notBad
3520,7,899.4800000000012,2,263.08000000000004,move,improve
3521,7,898.7600000000012,2,263.08000000000004,move,improve
3522,7,898.7600000000012,2,263.08000000000004,move,improve
3523,7,884.5200000000007,2,263.08000000000004,move,improve
3524,7,884.5200000000007,2,263.08000000000004,2opt,notBad
3525,7,883.5600000000006,2,263.08000000000004,swap,improve
3526,7,880.9600000000007,2,263.08000000000004,move,improve
3527,7,892.7200000000007,2,263.08000000000004,swap,acceptBad
3528,7,892.7200000000007,2,263.08000000000004,2opt,notBad
3529,7,897.3600000000007,2,263.08000000000004,swap,acceptBad
3530,7,909.0000000000007,2,263.08000000000004,swap,acceptBad
3531,7,907.4800000000007,2,263.08000000000004,move,improve
3532,7,907.4800000000007,2,263.08000000000004,2opt,notBad
3533,7,907.4800000000007,2,263.08000000000004,2opt,notBad
3534,7,906.8800000000006,2,263.08000000000004,2opt,improve
3535,7,906.8800000000006,2,263.08000000000004,swap,notBad
3536,7,906.8800000000006,2,263.08000000000004,2opt,notBad
3537,7,906.8800000000006,2,263.08000000000004,move,improve
3538,7,906.8400000000006,2,263.08000000000004,move,improve
3539,7,909.5200000000007,2,263.08000000000004,swap,acceptBad
3540,7,908.8000000000006,2,263.08000000000004,2opt,improve
3541,7,908.8000000000006,2,263.08000000000004,2opt,improve
3542,7,908.8000000000006,2,263.08000000000004,2opt,notBad
3543,7,908.8000000000006,2,263.08000000000004,2opt,notBad
3544,7,908.8000000000006,2,263.08000000000004,2opt,notBad
3545,7,908.8000000000006,2,263.08000000000004,swap,notBad
3546,7,908.8000000000006,2,263.08000000000004,2opt,improve
3547,7,903.0400000000006,2,263.08000000000004,swap,improve
3548,7,903.0400000000006,2,263.08000000000004,swap,notBad
3549,7,903.0400000000006,2,263.08000000000004,swap,notBad
3550,7,916.72,2,263.08000000000004,swap,acceptBad
3551,7,916.72,2,263.08000000000004,move,improve
3552,7,915.0000000000002,2,263.08000000000004,move,improve
3553,7,956.5200000000001,2,263.08000000000004,swap,acceptBad
3554,7,956.5200000000001,2,263.08000000000004,swap,notBad
3555,7,956.5200000000001,2,263.08000000000004,2opt,notBad
3556,7,956.5200000000001,2,263.08000000000004,move,improve
3557,7,956.5200000000001,2,263.08000000000004,move,improve
3558,7,956.5200000000001,2,263.08000000000004,move,improve
3559,7,956.5200000000001,2,263.08000000000004,move,improve
3560,7,956.5200000000001,2,263.08000000000004,move,improve
3561,7,956.5200000000001,2,263.08000000000004,swap,notBad
3562,7,955.88,2,263.08000000000004,move,improve
3563,7,963.9999999999995,2,263.08000000000004,swap,acceptBad
3564,7,967.5199999999998,2,263.08000000000004,2opt,acceptBad
3565,7,967.4799999999996,2,263.08000000000004,move,improve
3566,7,967.4799999999996,2,263.08000000000004,2opt,notBad
3567,7,965.9599999999996,2,263.08000000000004,swap,improve
3568,7,965.9599999999996,2,263.08000000000004,swap,notBad
3569,7,965.9599999999996,2,263.08000000000004,2opt,notBad
3570,7,965.9599999999996,2,263.08000000000004,swap,notBad
3571,7,965.9599999999996,2,263.08000000000004,2opt,notBad
3572,7,965.9599999999996,2,263.08000000000004,move,improve
3573,7,965.9599999999996,2,263.08000000000004,swap,notBad
3574,7,965.9599999999996,2,263.08000000000004,2opt,notBad
3575,7,966.7199999999996,2,263.08000000000004,swap,acceptBad
3576,7,966.7199999999996,2,263.08000000000004,swap,notBad
3577,7,966.7199999999996,2,263.08000000000004,swap,notBad
3578,7,966.7199999999996,2,263.08000000000004,2opt,notBad
3579,7,961.6400000000003,2,263.08000000000004,move,improve
3580,7,961.6400000000003,2,263.08000000000004,move,improve
3581,7,961.6400000000003,2,263.08000000000004,swap,notBad
3582,7,951.1200000000003,2,263.08000000000004,move,improve
3583,7,951.1200000000003,2,263.08000000000004,2opt,improve
3584,7,946.1600000000003,2,263.08000000000004,move,improve
3585,7,946.1600000000003,2,263.08000000000004,2opt,notBad
3586,7,946.1600000000003,2,263.08000000000004,swap,notBad
3587,7,946.1600000000003,2,263.08000000000004,swap,notBad
3588,7,951.4800000000002,2,263.08000000000004,swap,acceptBad
3589,7,953.4800000000002,2,263.08000000000004,swap,acceptBad
3590,7,945.6400000000003,2,263.08000000000004,2opt,improve
3591,7,932.1200000000003,2,263.08000000000004,move,improve
3592,7,932.1200000000003,2,263.08000000000004,2opt,notBad
3593,7,920.0400000000002,2,263.08000000000004,move,improve
3594,7,920.0400000000002,2,263.08000000000004,move,improve
3595,7,920.0400000000002,2,263.08000000000004,2opt,notBad
3596,7,920.4400000000003,2,263.08000000000004,2opt,acceptBad
3597,7,927.1200000000003,2,263.08000000000004,swap,acceptBad
3598,7,959.7200000000003,2,263.08000000000004,swap,acceptBad
3599,7,944.1600000000004,2,263.08000000000004,2opt,improve
3600,7,944.1600000000004,2,263.08000000000004,2opt,notBad
3601,7,945.0400000000004,2,263.08000000000004,swap,acceptBad
3602,7,945.0400000000004,2,263.08000000000004,move,improve
3603,7,903.4400000000005,2,263.08000000000004,swap,improve
3604,7,911.2800000000007,2,263.08000000000004,swap,acceptBad
3605,7,911.2800000000007,2,263.08000000000004,move,improve
3606,7,911.2800000000007,2,263.08000000000004,2opt,notBad
3607,7,911.2800000000007,2,263.08000000000004,2opt,notBad
3608,7,911.2800000000007,2,263.08000000000004,move,notBad
3609,7,911.2800000000007,2,263.08000000000004,2opt,improve
3610,7,911.2800000000007,2,263.08000000000004,2opt,notBad
3611,7,911.2800000000007,2,263.08000000000004,move,improve
3612,7,933.1200000000013,2,263.08000000000004,swap,acceptBad
3613,7,933.1200000000013,2,263.08000000000004,2opt,notBad
3614,7,933.1200000000013,2,263.08000000000004,2opt,notBad
3615,7,933.1200000000013,2,263.08000000000004,move,improve
3616,7,911.2800000000007,2,263.08000000000004,swap,improve
3617,7,911.2800000000007,2,263.08000000000004,2opt,notBad
3618,7,947.5600000000006,2,263.08000000000004,swap,acceptBad
3619,7,947.4800000000005,2,263.08000000000004,move,improve
3620,7,940.9600000000005,2,263.08000000000004,swap,improve
3621,7,940.9600000000005,2,263.08000000000004,move,improve
3622,7,938.9600000000005,2,263.08000000000004,swap,improve
3623,7,925.1600000000005,2,263.08000000000004,move,improve
3624,7,900.9600000000005,2,263.08000000000004,swap,improve
3625,7,900.9600000000005,2,263.08000000000004,move,improve
3626,7,900.9600000000005,2,263.08000000000004,move,improve
3627,7,914.6800000000005,2,263.08000000000004,swap,acceptBad
3628,7,929.1200000000007,2,263.08000000000004,swap,acceptBad
3629,7,929.1200000000007,2,263.08000000000004,2opt,notBad
3630,7,926.0000000000007,2,263.08000000000004,move,improve
3631,7,926.0000000000007,2,263.08000000000004,swap,notBad
3632,7,925.0000000000007,2,263.08000000000004,swap,improve
3633,7,924.5200000000007,2,263.08000000000004,move,improve
3634,7,924.5200000000007,2,263.08000000000004,move,improve
3635,7,917.0400000000006,2,263.08000000000004,2opt,improve
3636,7,916.6000000000007,2,263.08000000000004,swap,improve
3637,7,916.6000000000007,2,263.08000000000004,swap,notBad
3638,7,922.9600000000004,2,263.08000000000004,swap,acceptBad
3639,7,923.9600000000006,2,263.08000000000004,swap,acceptBad
3640,7,923.9600000000006,2,263.08000000000004,move,improve
3641,7,923.9600000000006,2,263.08000000000004,2opt,improve
3642,7,923.9600000000006,2,263.08000000000004,2opt,notBad
3643,7,923.9600000000006,2,263.08000000000004,2opt,notBad
3644,7,923.9600000000006,2,263.08000000000004,move,improve
3645,7,923.9600000000006,2,263.08000000000004,move,improve
3646,7,923.9600000000006,2,263.08000000000004,move,improve
3647,7,923.9600000000006,2,263.08000000000004,swap,notBad
3648,7,923.9600000000006,2,263.08000000000004,2opt,improve
3649,7,923.9600000000006,2,263.08000000000004,move,improve
3650,7,923.9600000000006,2,263.08000000000004,2opt,notBad
3651,7,923.2000000000006,2,263.08000000000004,swap,improve
3652,7,923.2000000000006,2,263.08000000000004,2opt,notBad
3653,7,904.0800000000006,2,263.08000000000004,move,improve
3654,7,904.0800000000006,2,263.08000000000004,2opt,notBad
3655,7,903.2400000000007,2,263.08000000000004,move,improve
3656,7,904.3200000000006,2,263.08000000000004,swap,acceptBad
3657,7,914.1600000000005,2,263.08000000000004,swap,acceptBad
3658,7,914.1600000000005,2,263.08000000000004,move,improve
3659,7,925.6800000000006,2,263.08000000000004,swap,acceptBad
3660,7,925.6800000000006,2,263.08000000000004,2opt,notBad
3661,7,925.6800000000006,2,263.08000000000004,move,improve
3662,7,923.4800000000007,2,263.08000000000004,move,improve
3663,7,923.4800000000007,2,263.08000000000004,2opt,notBad
3664,7,923.4800000000007,2,263.08000000000004,move,improve
3665,7,923.4800000000007,2,263.08000000000004,move,improve
3666,7,923.4800000000007,2,263.08000000000004,2opt,improve
3667,7,919.4800000000006,2,263.08000000000004,2opt,improve
3668,7,919.3600000000006,2,263.08000000000004,swap,improve
3669,7,919.3600000000006,2,263.08000000000004,move,improve
3670,7,919.3600000000006,2,263.08000000000004,2opt,notBad
3671,7,919.1200000000006,2,263.08000000000004,move,improve
3672,7,919.1200000000006,2,263.08000000000004,move,improve
3673,7,919.1200000000006,2,263.08000000000004,swap,notBad
3674,7,919.1200000000006,2,263.08000000000004,swap,notBad
3675,7,919.1200000000006,2,263.08000000000004,swap,notBad
3676,7,919.1200000000006,2,263.08000000000004,move,improve
3677,7,919.1200000000006,2,263.08000000000004,swap,notBad
3678,7,918.8399999999992,2,263.08000000000004,2opt,improve
3679,7,918.8399999999992,2,263.08000000000004,move,improve
3680,7,918.8399999999992,2,263.08000000000004,2opt,notBad
3681,7,918.8399999999992,2,263.08000000000004,2opt,notBad
3682,7,918.8399999999992,2,263.08000000000004,swap,notBad
3683,7,921.1599999999992,2,263.08000000000004,swap,acceptBad
3684,7,921.1599999999992,2,263.08000000000004,move,improve
3685,7,921.1599999999992,2,263.08000000000004,move,improve
3686,7,907.7599999999991,2,263.08000000000004,move,improve
3687,7,907.7599999999991,2,263.08000000000004,2opt,notBad
3688,7,907.4399999999993,2,263.08000000000004,2opt,improve
3689,7,907.1599999999994,2,263.08000000000004,move,improve
3690,7,907.1599999999994,2,263.08000000000004,2opt,notBad
3691,7,907.1599999999994,2,263.08000000000004,swap,notBad
3692,7,907.1599999999994,2,263.08000000000004,move,improve
3693,7,907.1599999999994,2,263.08000000000004,swap,notBad
3694,7,894.9599999999994,2,263.08000000000004,move,improve
3695,7,894.9599999999994,2,263.08000000000004,2opt,notBad
3696,7,894.9599999999994,2,263.08000000000004,2opt,notBad
3697,7,894.9599999999994,2,263.08000000000004,2opt,improve
3698,7,894.9599999999994,2,263.08000000000004,move,improve
3699,7,892.5199999999993,2,263.08000000000004,move,improve
3700,7,892.5199999999993,2,263.08000000000004,2opt,notBad
3701,7,892.5199999999993,2,263.08000000000004,move,improve
3702,7,892.4399999999993,2,263.08000000000004,swap,improve
3703,7,892.4399999999993,2,263.08000000000004,2opt,notBad
3704,7,890.3999999999993,2,263.08000000000004,move,improve
3705,7,890.3999999999993,2,263.08000000000004,swap,notBad
3706,7,890.3999999999993,2,263.08000000000004,swap,notBad
3707,7,890.3999999999993,2,263.08000000000004,move,improve
3708,7,890.3999999999993,2,263.08000000000004,2opt,improve
3709,7,890.3999999999993,2,263.08000000000004,move,improve
3710,7,880.3199999999994,2,263.08000000000004,move,improve
3711,7,880.3199999999994,2,263.08000000000004,swap,notBad
3712,7,880.3199999999994,2,263.08000000000004,swap,notBad
3713,7,880.3199999999994,2,263.08000000000004,move,improve
3714,7,880.3199999999994,2,263.08000000000004,swap,notBad
3715,7,880.3199999999994,2,263.08000000000004,move,improve
3716,7,881.0399999999993,2,263.08000000000004,swap,acceptBad
3717,7,879.5999999999992,2,263.08000000000004,swap,improve
3718,7,879.5999999999992,2,263.08000000000004,swap,notBad
3719,7,866.9599999999994,2,263.08000000000004,swap,improve
3720,7,866.9599999999994,2,263.08000000000004,swap,notBad
3721,7,865.0399999999993,2,263.08000000000004,move,improve
3722,7,865.0399999999993,2,263.08000000000004,swap,notBad
3723,7,855.7599999999993,2,263.08000000000004,move,improve
3724,7,855.7599999999993,2,263.08000000000004,move,improve
3725,7,855.7599999999993,2,263.08000000000004,2opt,notBad
3726,7,855.7599999999993,2,263.08000000000004,swap,notBad
3727,7,855.7599999999993,2,263.08000000000004,2opt,notBad
3728,7,858.1999999999994,2,263.08000000000004,swap,acceptBad
3729,7,857.9199999999994,2,263.08000000000004,move,improve
3730,7,857.9199999999994,2,263.08000000000004,2opt,notBad
3731,7,845.3199999999993,2,263.08000000000004,swap,improve
3732,7,845.3199999999993,2,263.08000000000004,move,improve
3733,7,845.3199999999993,2,263.08000000000004,swap,notBad
3734,7,810.6399999999992,2,263.08000000000004,swap,improve
3735,7,810.6399999999992,2,263.08000000000004,2opt,notBad
3736,7,813.3999999999992,2,263.08000000000004,2opt,acceptBad
3737,7,813.3999999999992,2,263.08000000000004,swap,notBad
3738,7,813.3999999999992,2,263.08000000000004,swap,notBad
3739,7,813.3999999999992,2,263.08000000000004,2opt,improve
3740,7,807.0399999999993,2,263.08000000000004,2opt,improve
3741,7,781.9599999999995,2,263.08000000000004,swap,improve
3742,7,781.9599999999995,2,263.08000000000004,2opt,notBad
3743,7,781.9599999999995,2,263.08000000000004,swap,notBad
3744,7,781.9599999999995,2,263.08000000000004,move,improve
3745,7,781.9599999999995,2,263.08000000000004,move,improve
3746,7,782.2399999999996,2,263.08000000000004,swap,acceptBad
3747,7,782.2399999999996,2,263.08000000000004,swap,notBad
3748,7,782.2399999999996,2,263.08000000000004,swap,notBad
3749,7,782.2399999999996,2,263.08000000000004,2opt,notBad
3750,7,782.2399999999996,2,263.08000000000004,move,improve
3751,7,784.2799999999995,2,263.08000000000004,2opt,acceptBad
3752,7,783.9199999999995,2,263.08000000000004,move,improve
3753,7,783.9199999999995,2,263.08000000000004,2opt,improve
3754,7,783.1199999999994,2,263.08000000000004,2opt,improve
3755,7,783.1199999999994,2,263.08000000000004,move,improve
3756,7,786.3199999999996,2,263.08000000000004,2opt,acceptBad
3757,7,786.3199999999996,2,263.08000000000004,swap,notBad
3758,7,796.5999999999997,2,263.08000000000004,swap,acceptBad
3759,7,796.5999999999997,2,263.08000000000004,2opt,notBad
3760,7,796.9199999999998,2,263.08000000000004,2opt,acceptBad
3761,7,796.9199999999998,2,263.08000000000004,2opt,notBad
3762,7,796.9199999999998,2,263.08000000000004,2opt,notBad
3763,7,796.9199999999998,2,263.08000000000004,2opt,notBad
3764,7,796.9199999999998,2,263.08000000000004,move,notBad
3765,7,792.6799999999997,2,263.08000000000004,move,improve
3766,7,807.7600000000008,2,263.08000000000004,swap,acceptBad
3767,7,807.7600000000008,2,263.08000000000004,2opt,notBad
3768,7,807.7600000000008,2,263.08000000000004,2opt,notBad
3769,7,807.8000000000008,2,263.08000000000004,2opt,acceptBad
3770,7,807.8000000000008,2,263.08000000000004,swap,notBad
3771,7,803.0800000000006,2,263.08000000000004,move,improve
3772,7,807.8000000000006,2,263.08000000000004,swap,acceptBad
3773,7,807.8000000000006,2,263.08000000000004,swap,notBad
3774,7,807.8000000000006,2,263.08000000000004,swap,notBad
3775,7,807.8000000000006,2,263.08000000000004,2opt,notBad
3776,7,807.8000000000006,2,263.08000000000004,2opt,notBad
3777,7,807.8000000000006,2,263.08000000000004,move,improve
3778,7,807.8000000000006,2,263.08000000000004,2opt,notBad
3779,7,807.8000000000006,2,263.08000000000004,2opt,notBad
3780,7,807.8000000000006,2,263.08000000000004,move,improve
3781,7,807.8000000000006,2,263.08000000000004,2opt,notBad
3782,7,807.8000000000006,2,263.08000000000004,2opt,notBad
3783,7,807.8000000000006,2,263.08000000000004,move,improve
3784,7,807.8000000000006,2,263.08000000000004,swap,notBad
3785,7,807.8000000000006,2,263.08000000000004,2opt,notBad
3786,7,807.8000000000006,2,263.08000000000004,move,improve
3787,7,807.8000000000006,2,263.08000000000004,2opt,notBad
3788,7,807.8000000000006,2,263.08000000000004,swap,notBad
3789,7,807.8000000000006,2,263.08000000000004,2opt,notBad
3790,7,807.8000000000006,2,263.08000000000004,2opt,notBad
3791,7,814.6000000000015,2,263.08000000000004,swap,acceptBad
3792,7,814.6000000000015,2,263.08000000000004,swap,notBad
3793,7,822.4400000000014,2,263.08000000000004,swap,acceptBad
3794,7,822.4400000000014,2,263.08000000000004,2opt,notBad
3795,7,822.4400000000014,2,263.08000000000004,swap,notBad
3796,7,822.4400000000014,2,263.08000000000004,2opt,notBad
3797,7,822.4400000000014,2,263.08000000000004,swap,notBad
3798,7,822.4400000000014,2,263.08000000000004,move,improve
3799,7,824.6000000000015,2,263.08000000000004,2opt,acceptBad
3800,7,824.6000000000015,2,263.08000000000004,2opt,notBad
3801,7,824.6000000000015,2,263.08000000000004,2opt,notBad
3802,7,824.6000000000015,2,263.08000000000004,2opt,notBad
3803,7,824.6000000000015,2,263.08000000000004,move,improve
3804,7,824.6000000000015,2,263.08000000000004,move,improve
3805,7,824.6000000000015,2,263.08000000000004,2opt,notBad
3806,7,822.6800000000014,2,263.08000000000004,move,improve
3807,7,822.6800000000014,2,263.08000000000004,swap,notBad
3808,7,822.6800000000014,2,263.08000000000004,swap,notBad
3809,7,822.3200000000015,2,263.08000000000004,move,improve
3810,7,822.3200000000015,2,263.08000000000004,move,improve
3811,7,821.9200000000014,2,263.08000000000004,move,improve
3812,7,821.9200000000014,2,263.08000000000004,2opt,notBad
3813,7,821.0800000000014,2,263.08000000000004,2opt,improve
3814,7,821.0800000000014,2,263.08000000000004,move,improve
3815,7,821.0800000000014,2,263.08000000000004,move,improve
3816,7,821.0800000000014,2,263.08000000000004,swap,notBad
3817,7,821.0800000000014,2,263.08000000000004,2opt,notBad
3818,7,821.0800000000014,2,263.08000000000004,swap,notBad
3819,7,821.0800000000014,2,263.08000000000004,2opt,notBad
3820,7,821.0800000000014,2,263.08000000000004,swap,notBad
3821,7,818.6400000000015,2,263.08000000000004,swap,improve
3822,7,818.6400000000015,2,263.08000000000004,2opt,notBad
3823,7,836.8799999999995,2,263.08000000000004,swap,acceptBad
3824,7,836.8799999999995,2,263.08000000000004,move,improve
3825,7,836.8799999999995,2,263.08000000000004,swap,notBad
3826,7,836.8799999999995,2,263.08000000000004,move,improve
3827,7,836.8799999999995,2,263.08000000000004,swap,notBad
3828,7,836.8799999999995,2,263.08000000000004,move,improve
3829,7,838.1599999999999,2,263.08000000000004,swap,acceptBad
3830,7,838.1599999999999,2,263.08000000000004,move,improve
3831,7,838.1599999999999,2,263.08000000000004,swap,notBad
3832,7,839.5199999999998,2,263.08000000000004,2opt,acceptBad
3833,7,839.4799999999998,2,263.08000000000004,move,improve
3834,7,839.4799999999998,2,263.08000000000004,2opt,improve
3835,7,839.4799999999998,2,263.08000000000004,2opt,notBad
3836,7,840.04,2,263.08000000000004,2opt,acceptBad
3837,7,840.04,2,263.08000000000004,move,improve
3838,7,840.04,2,263.08000000000004,2opt,notBad
3839,7,840.04,2,263.08000000000004,move,improve
3840,7,840.04,2,263.08000000000004,2opt,notBad
3841,7,840.04,2,263.08000000000004,2opt,notBad
3842,7,840.04,2,263.08000000000004,swap,notBad
3843,7,854.1999999999998,2,263.08000000000004,swap,acceptBad
3844,7,854.1999999999998,2,263.08000000000004,2opt,notBad
3845,7,854.1999999999998,2,263.08000000000004,2opt,notBad
3846,7,854.7999999999997,2,263.08000000000004,swap,acceptBad
3847,7,854.7999999999997,2,263.08000000000004,2opt,notBad
3848,7,820.6400000000014,2,263.08000000000004,swap,improve
3849,7,820.6400000000014,2,263.08000000000004,swap,notBad
3850,7,820.6400000000014,2,263.08000000000004,move,improve
3851,7,820.6400000000014,2,263.08000000000004,swap,notBad
3852,7,820.6400000000014,2,263.08000000000004,move,improve
3853,7,819.0000000000014,2,263.08000000000004,move,improve
3854,7,819.0000000000014,2,263.08000000000004,2opt,notBad
3855,7,835.3200000000006,2,263.08000000000004,swap,acceptBad
3856,7,836.9600000000005,2,263.08000000000004,swap,acceptBad
3857,7,836.9600000000005,2,263.08000000000004,swap,notBad
3858,7,837.8800000000003,2,263.08000000000004,2opt,acceptBad
3859,7,837.8800000000003,2,263.08000000000004,move,improve
3860,7,836.2400000000005,2,263.08000000000004,move,improve
3861,7,836.2400000000005,2,263.08000000000004,2opt,improve
3862,7,836.2400000000005,2,263.08000000000004,move,improve
3863,7,836.2400000000005,2,263.08000000000004,2opt,notBad
3864,7,804.3200000000002,2,263.08000000000004,move,improve
3865,7,804.3200000000002,2,263.08000000000004,move,improve
3866,7,804.3200000000002,2,263.08000000000004,2opt,notBad
3867,7,804.3200000000002,2,263.08000000000004,swap,notBad
3868,7,804.3200000000002,2,263.08000000000004,move,improve
3869,7,804.3200000000002,2,263.08000000000004,2opt,notBad
3870,7,804.3200000000002,2,263.08000000000004,2opt,notBad
3871,7,804.3200000000002,2,263.08000000000004,swap,notBad
3872,7,795.2,2,263.08000000000004,move,improve
3873,7,795.2,2,263.08000000000004,swap,notBad
3874,7,795.2,2,263.08000000000004,move,improve
3875,7,795.2,2,263.08000000000004,move,improve
3876,7,795.2,2,263.08000000000004,swap,notBad
3877,7,795.2,2,263.08000000000004,move,improve
3878,7,795.2,2,263.08000000000004,2opt,notBad
3879,7,795.2,2,263.08000000000004,swap,notBad
3880,7,795.2,2,263.08000000000004,2opt,improve
3881,7,795.2,2,263.08000000000004,move,improve
3882,7,795.2,2,263.08000000000004,2opt,notBad
3883,7,790.9200000000001,2,263.08000000000004,move,improve
3884,7,790.9200000000001,2,263.08000000000004,move,improve
3885,7,790.9200000000001,2,263.08000000000004,swap,notBad
3886,7,790.8400000000001,2,263.08000000000004,move,improve
3887,7,790.8400000000001,2,263.08000000000004,swap,notBad
3888,7,790.8400000000001,2,263.08000000000004,move,improve
3889,7,787.48,2,263.08000000000004,swap,improve
3890,7,787.48,2,263.08000000000004,2opt,notBad
3891,7,787.48,2,263.08000000000004,swap,notBad
3892,7,787.48,2,263.08000000000004,swap,notBad
3893,7,777.6800000000001,2,263.08000000000004,move,improve
3894,7,777.6800000000001,2,263.08000000000004,move,improve
3895,7,777.6800000000001,2,263.08000000000004,move,improve
3896,7,777.6800000000001,2,263.08000000000004,move,improve
3897,7,777.6800000000001,2,263.08000000000004,2opt,notBad
3898,7,780.2400000000002,2,263.08000000000004,2opt,acceptBad
3899,7,780.2400000000002,2,263.08000000000004,swap,notBad
3900,7,780.2400000000002,2,263.08000000000004,swap,notBad
3901,7,776.1200000000001,2,263.08000000000004,swap,improve
3902,7,776.1200000000001,2,263.08000000000004,2opt,notBad
3903,7,776.1200000000001,2,263.08000000000004,2opt,notBad
3904,7,776.1200000000001,2,263.08000000000004,swap,notBad
3905,7,776.1200000000001,2,263.08000000000004,2opt,notBad
3906,7,776.1200000000001,2,263.08000000000004,2opt,notBad
3907,7,776.1200000000001,2,263.08000000000004,swap,notBad
3908,7,776.1200000000001,2,263.08000000000004,2opt,notBad
3909,7,774.9200000000001,2,263.08000000000004,move,improve
3910,7,774.9200000000001,2,263.08000000000004,2opt,notBad
3911,7,774.9200000000001,2,263.08000000000004,swap,notBad
3912,7,774.9200000000001,2,263.08000000000004,swap,notBad
3913,7,774.9200000000001,2,263.08000000000004,2opt,notBad
3914,7,774.9200000000001,2,263.08000000000004,swap,notBad
3915,7,774.9200000000001,2,263.08000000000004,2opt,improve
3916,7,772.6800000000003,2,263.08000000000004,2opt,improve
3917,7,772.6800000000003,2,263.08000000000004,swap,notBad
3918,7,772.6800000000003,2,263.08000000000004,swap,notBad
3919,7,756.6000000000003,2,263.08000000000004,move,improve
3920,7,756.6000000000003,2,263.08000000000004,swap,notBad
3921,7,756.6000000000003,2,263.08000000000004,2opt,notBad
3922,7,756.6000000000003,2,263.08000000000004,2opt,improve
3923,7,756.6000000000003,2,263.08000000000004,swap,notBad
3924,7,756.6000000000003,2,263.08000000000004,move,improve
3925,7,756.6000000000003,2,263.08000000000004,2opt,notBad
3926,7,756.6000000000003,2,263.08000000000004,swap,notBad
3927,7,754.1200000000002,2,263.08000000000004,swap,improve
3928,7,754.1200000000002,2,263.08000000000004,swap,notBad
3929,7,754.1200000000002,2,263.08000000000004,2opt,notBad
3930,7,754.1200000000002,2,263.08000000000004,move,improve
3931,7,754.1200000000002,2,263.08000000000004,2opt,notBad
3932,7,754.1200000000002,2,263.08000000000004,move,improve
3933,7,754.1200000000002,2,263.08000000000004,2opt,notBad
3934,7,754.1200000000002,2,263.08000000000004,2opt,notBad
3935,7,754.1200000000002,2,263.08000000000004,move,improve
3936,7,754.1200000000002,2,263.08000000000004,swap,notBad
3937,7,754.1200000000002,2,263.08000000000004,swap,notBad
3938,7,754.1200000000002,2,263.08000000000004,2opt,notBad
3939,7,749.7200000000003,2,263.08000000000004,swap,improve
3940,7,750.6800000000003,2,263.08000000000004,swap,acceptBad
3941,7,750.6800000000003,2,263.08000000000004,swap,notBad
3942,7,750.6800000000003,2,263.08000000000004,swap,notBad
3943,7,750.6800000000003,2,263.08000000000004,swap,notBad
3944,7,750.6800000000003,2,263.08000000000004,move,improve
3945,7,750.6800000000003,2,263.08000000000004,2opt,notBad
3946,7,748.0000000000002,2,263.08000000000004,2opt,improve
3947,7,748.0000000000002,2,263.08000000000004,swap,notBad
3948,7,748.0000000000002,2,263.08000000000004,swap,notBad
3949,7,743.0000000000002,2,263.08000000000004,move,improve
3950,7,743.0000000000002,2,263.08000000000004,swap,notBad
3951,7,742.4400000000003,2,263.08000000000004,2opt,improve
3952,7,742.4400000000003,2,263.08000000000004,move,improve
3953,7,742.4400000000003,2,263.08000000000004,2opt,notBad
3954,7,742.4400000000003,2,263.08000000000004,move,improve
3955,7,742.4400000000003,2,263.08000000000004,2opt,notBad
3956,7,742.4400000000003,2,263.08000000000004,swap,notBad
3957,7,742.4400000000003,2,263.08000000000004,move,notBad
3958,7,744.8400000000003,2,263.08000000000004,2opt,acceptBad
3959,7,744.8400000000003,2,263.08000000000004,2opt,notBad
3960,7,744.8400000000003,2,263.08000000000004,swap,notBad
3961,7,744.4400000000003,2,263.08000000000004,move,improve
3962,7,744.4400000000003,2,263.08000000000004,2opt,notBad
3963,7,744.4400000000003,2,263.08000000000004,2opt,notBad
3964,7,744.4400000000003,2,263.08000000000004,move,improve
3965,7,744.4400000000003,2,263.08000000000004,swap,notBad
3966,7,744.4400000000003,2,263.08000000000004,swap,notBad
3967,7,744.4400000000003,2,263.08000000000004,2opt,notBad
3968,7,744.4400000000003,2,263.08000000000004,move,improve
3969,7,744.4400000000003,2,263.08000000000004,move,improve
3970,7,744.4400000000003,2,263.08000000000004,swap,notBad
3971,7,744.4400000000003,2,263.08000000000004,2opt,notBad
3972,7,745.3600000000004,2,263.08000000000004,swap,acceptBad
3973,7,745.3600000000004,2,263.08000000000004,swap,notBad
3974,7,745.3600000000004,2,263.08000000000004,move,improve
3975,7,745.3600000000004,2,263.08000000000004,swap,notBad
3976,7,745.3600000000004,2,263.08000000000004,2opt,improve
3977,7,745.3600000000004,2,263.08000000000004,swap,notBad
3978,7,745.3600000000004,2,263.08000000000004,swap,notBad
3979,7,745.3600000000004,2,263.08000000000004,2opt,notBad
3980,7,744.2800000000003,2,263.08000000000004,move,improve
3981,7,744.2800000000003,2,263.08000000000004,move,improve
3982,7,744.2800000000003,2,263.08000000000004,2opt,notBad
3983,7,744.2800000000003,2,263.08000000000004,swap,notBad
3984,7,744.2800000000003,2,263.08000000000004,move,improve
3985,7,742.3200000000003,2,263.08000000000004,move,improve
3986,7,742.3200000000003,2,263.08000000000004,2opt,improve
3987,7,742.3200000000003,2,263.08000000000004,2opt,notBad
3988,7,742.3200000000003,2,263.08000000000004,move,improve
3989,7,742.3200000000003,2,263.08000000000004,2opt,notBad
3990,7,742.3200000000003,2,263.08000000000004,swap,notBad
3991,7,742.3200000000003,2,263.08000000000004,2opt,notBad
3992,7,742.3200000000003,2,263.08000000000004,move,improve
3993,7,742.3200000000003,2,263.08000000000004,2opt,notBad
3994,7,742.3200000000003,2,263.08000000000004,2opt,notBad
3995,7,742.3200000000003,2,263.08000000000004,2opt,notBad
3996,7,742.3200000000003,2,263.08000000000004,swap,notBad
3997,7,741.4000000000003,2,263.08000000000004,move,improve
3998,7,741.4000000000003,2,263.08000000000004,2opt,notBad
3999,7,741.4000000000003,2,263.08000000000004,2opt,notBad
4000,7,739.1600000000003,2,263.08000000000004,move,improve
4001,7,739.1600000000003,2,263.08000000000004,swap,notBad
4002,7,739.1600000000003,2,263.08000000000004,move,improve
4003,7,739.1600000000003,2,263.08000000000004,2opt,notBad
4004,7,739.1600000000003,2,263.08000000000004,swap,notBad
4005,7,739.1600000000003,2,263.08000000000004,move,improve
4006,7,739.1600000000003,2,263.08000000000004,swap,notBad
4007,7,739.1600000000003,2,263.08000000000004,2opt,notBad
4008,7,739.1600000000003,2,263.08000000000004,2opt,notBad
4009,7,739.1600000000003,2,263.08000000000004,move,improve
4010,7,739.1600000000003,2,263.08000000000004,2opt,improve
4011,7,739.1600000000003,2,263.08000000000004,2opt,notBad
4012,7,739.1600000000003,2,263.08000000000004,move,improve
4013,7,739.1600000000003,2,263.08000000000004,move,improve
4014,7,739.1600000000003,2,263.08000000000004,swap,notBad
4015,7,739.1600000000003,2,263.08000000000004,swap,notBad
4016,7,739.1600000000003,2,263.08000000000004,move,improve
4017,7,741.7200000000003,2,263.08000000000004,2opt,acceptBad
4018,7,741.7200000000003,2,263.08000000000004,move,improve
4019,7,736.4399999999996,2,263.08000000000004,swap,improve
4020,7,735.3199999999997,2,263.08000000000004,swap,improve
4021,7,738.2799999999996,2,263.08000000000004,swap,acceptBad
4022,7,738.2799999999996,2,263.08000000000004,2opt,notBad
4023,7,738.1199999999997,2,263.08000000000004,swap,improve
4024,7,740.4399999999996,2,263.08000000000004,swap,acceptBad
4025,7,740.4399999999996,2,263.08000000000004,2opt,notBad
4026,7,740.4399999999996,2,263.08000000000004,move,improve
4027,7,740.4399999999996,2,263.08000000000004,2opt,notBad
4028,7,740.4399999999996,2,263.08000000000004,swap,notBad
4029,7,740.4399999999996,2,263.08000000000004,swap,notBad
4030,7,740.4399999999996,2,263.08000000000004,move,improve
4031,7,740.4399999999996,2,263.08000000000004,2opt,notBad
4032,7,740.4399999999996,2,263.08000000000004,move,improve
4033,7,740.4399999999996,2,263.08000000000004,move,improve
4034,7,740.4399999999996,2,263.08000000000004,move,notBad
4035,7,746.9999999999995,2,263.08000000000004,swap,acceptBad
4036,7,746.9999999999995,2,263.08000000000004,move,notBad
4037,7,746.9999999999995,2,263.08000000000004,swap,notBad
4038,7,746.9999999999995,2,263.08000000000004,swap,notBad
4039,7,735.0799999999997,2,263.08000000000004,move,improve
4040,7,722.1599999999994,2,263.08000000000004,move,improve
4041,7,722.1599999999994,2,263.08000000000004,2opt,improve
4042,7,722.1599999999994,2,263.08000000000004,move,improve
4043,7,711.9199999999994,2,263.08000000000004,move,improve
4044,7,711.9199999999994,2,263.08000000000004,move,notBad
4045,7,711.9199999999994,2,263.08000000000004,swap,notBad
4046,7,711.9199999999994,2,263.08000000000004,2opt,notBad
4047,7,711.9199999999994,2,263.08000000000004,2opt,notBad
4048,7,711.9199999999994,2,263.08000000000004,2opt,notBad
4049,7,711.9199999999994,2,263.08000000000004,move,improve
4050,7,711.9199999999994,2,263.08000000000004,move,improve
4051,7,711.9199999999994,2,263.08000000000004,move,improve
4052,7,711.9199999999994,2,263.08000000000004,move,improve
4053,7,711.9199999999994,2,263.08000000000004,2opt,notBad
4054,7,708.5599999999995,2,263.08000000000004,move,improve
4055,7,708.5599999999995,2,263.08000000000004,2opt,notBad
4056,7,708.5599999999995,2,263.08000000000004,swap,notBad
4057,7,708.5599999999995,2,263.08000000000004,move,notBad
4058,7,708.5599999999995,2,263.08000000000004,2opt,notBad
4059,7,692.6399999999994,2,263.08000000000004,move,improve
4060,7,692.6399999999994,2,263.08000000000004,swap,notBad
4061,7,692.6399999999994,2,263.08000000000004,2opt,notBad
4062,7,689.2399999999994,2,263.08000000000004,swap,improve
4063,7,689.2399999999994,2,263.08000000000004,move,improve
4064,7,689.2399999999994,2,263.08000000000004,swap,notBad
4065,7,689.2399999999994,2,263.08000000000004,move,improve
4066,7,687.3199999999995,2,263.08000000000004,swap,improve
4067,7,687.3199999999995,2,263.08000000000004,swap,notBad
4068,7,687.3199999999995,2,263.08000000000004,swap,notBad
4069,7,683.5999999999995,2,263.08000000000004,2opt,improve
4070,7,683.5999999999995,2,263.08000000000004,move,improve
4071,7,683.5999999999995,2,263.08000000000004,2opt,notBad
4072,7,683.5999999999995,2,263.08000000000004,swap,notBad
4073,7,688.5599999999995,2,263.08000000000004,swap,acceptBad
4074,7,688.5599999999995,2,263.08000000000004,swap,notBad
4075,7,688.5599999999995,2,263.08000000000004,2opt,notBad
4076,7,689.9599999999995,2,263.08000000000004,swap,acceptBad
4077,7,689.9599999999995,2,263.08000000000004,2opt,notBad
4078,7,689.9599999999995,2,263.08000000000004,2opt,notBad
4079,7,689.3999999999995,2,263.08000000000004,2opt,improve
4080,7,689.3999999999995,2,263.08000000000004,move,improve
4081,7,689.3999999999995,2,263.08000000000004,move,improve
4082,7,689.3199999999995,2,263.08000000000004,move,improve
4083,7,689.3199999999995,2,263.08000000000004,2opt,notBad
4084,7,697.3199999999995,2,263.08000000000004,2opt,acceptBad
4085,7,697.3199999999995,2,263.08000000000004,move,notBad
4086,7,697.3199999999995,2,263.08000000000004,2opt,notBad
4087,7,697.3199999999995,2,263.08000000000004,swap,notBad
4088,7,697.3199999999995,2,263.08000000000004,move,improve
4089,7,697.3199999999995,2,263.08000000000004,move,improve
4090,7,697.3199999999995,2,263.08000000000004,swap,notBad
4091,7,697.3199999999995,2,263.08000000000004,2opt,notBad
4092,7,697.3199999999995,2,263.08000000000004,2opt,notBad
4093,7,697.3199999999995,2,263.08000000000004,swap,notBad
4094,7,708.7599999999993,2,263.08000000000004,swap,acceptBad
4095,7,703.1999999999994,2,263.08000000000004,move,improve
4096,7,703.0399999999995,2,263.08000000000004,2opt,improve
4097,7,692.9999999999993,2,263.08000000000004,2opt,improve
4098,7,692.9999999999993,2,263.08000000000004,swap,notBad
4099,7,692.9999999999993,2,263.08000000000004,move,improve
4100,7,692.9999999999993,2,263.08000000000004,move,improve
4101,7,692.9999999999993,2,263.08000000000004,2opt,notBad
4102,7,692.9999999999993,2,263.08000000000004,swap,notBad
4103,7,692.9999999999993,2,263.08000000000004,swap,notBad
4104,7,692.9999999999993,2,263.08000000000004,move,improve
4105,7,694.6399999999994,2,263.08000000000004,swap,acceptBad
4106,7,706.2399999999993,2,263.08000000000004,swap,acceptBad
4107,7,706.2399999999993,2,263.08000000000004,move,improve
4108,7,706.2399999999993,2,263.08000000000004,2opt,notBad
4109,7,694.6399999999994,2,263.08000000000004,swap,improve
4110,7,694.6399999999994,2,263.08000000000004,2opt,notBad
4111,7,694.6399999999994,2,263.08000000000004,2opt,notBad
4112,7,694.6399999999994,2,263.08000000000004,2opt,notBad
4113,7,692.2799999999994,2,263.08000000000004,move,improve
4114,7,692.2799999999994,2,263.08000000000004,2opt,notBad
4115,7,692.2799999999994,2,263.08000000000004,swap,notBad
4116,7,692.2799999999994,2,263.08000000000004,2opt,notBad
4117,7,692.2799999999994,2,263.08000000000004,swap,notBad
4118,7,692.2799999999994,2,263.08000000000004,2opt,notBad
4119,7,692.2799999999994,2,263.08000000000004,move,improve
4120,7,692.2799999999994,2,263.08000000000004,2opt,notBad
4121,7,692.2799999999994,2,263.08000000000004,move,notBad
4122,7,692.2799999999994,2,263.08000000000004,swap,notBad
4123,7,692.2799999999994,2,263.08000000000004,move,improve
4124,7,692.2799999999994,2,263.08000000000004,move,improve
4125,7,685.9199999999994,2,263.08000000000004,move,improve
4126,7,685.9199999999994,2,263.08000000000004,move,improve
4127,7,685.9199999999994,2,263.08000000000004,2opt,notBad
4128,7,685.9199999999994,2,263.08000000000004,swap,notBad
4129,7,685.9199999999994,2,263.08000000000004,swap,notBad
4130,7,685.9199999999994,2,263.08000000000004,2opt,notBad
4131,7,685.9199999999994,2,263.08000000000004,move,improve
4132,7,685.9199999999994,2,263.08000000000004,2opt,improve
4133,7,685.9199999999994,2,263.08000000000004,2opt,notBad
4134,7,685.9199999999994,2,263.08000000000004,swap,notBad
4135,7,685.9199999999994,2,263.08000000000004,2opt,notBad
4136,7,685.9199999999994,2,263.08000000000004,move,improve
4137,7,684.8799999999994,2,263.08000000000004,move,improve
4138,7,684.8799999999994,2,263.08000000000004,swap,notBad
4139,7,684.8799999999994,2,263.08000000000004,move,improve
4140,7,684.8799999999994,2,263.08000000000004,2opt,notBad
4141,7,684.8799999999994,2,263.08000000000004,swap,notBad
4142,7,684.8799999999994,2,263.08000000000004,2opt,notBad
4143,7,680.9999999999993,2,263.08000000000004,move,improve
4144,7,680.9999999999993,2,263.08000000000004,swap,notBad
4145,7,682.9999999999993,2,263.08000000000004,swap,acceptBad
4146,7,682.9999999999993,2,263.08000000000004,2opt,notBad
4147,7,682.9999999999993,2,263.08000000000004,move,improve
4148,7,682.9999999999993,2,263.08000000000004,swap,notBad
4149,7,682.9999999999993,2,263.08000000000004,swap,notBad
4150,7,684.8399999999995,2,263.08000000000004,swap,acceptBad
4151,7,684.8399999999995,2,263.08000000000004,swap,notBad
4152,7,684.8399999999995,2,263.08000000000004,2opt,notBad
4153,7,684.8399999999995,2,263.08000000000004,move,improve
4154,7,684.8399999999995,2,263.08000000000004,2opt,notBad
4155,7,684.8399999999995,2,263.08000000000004,2opt,notBad
4156,7,684.8399999999995,2,263.08000000000004,move,notBad
4157,7,693.0399999999993,2,263.08000000000004,swap,acceptBad
4158,7,693.0399999999993,2,263.08000000000004,2opt,notBad
4159,7,685.7999999999993,2,263.08000000000004,move,improve
4160,7,685.7999999999993,2,263.08000000000004,2opt,notBad
4161,7,685.7999999999993,2,263.08000000000004,2opt,notBad
4162,7,685.7999999999993,2,263.08000000000004,move,improve
4163,7,685.7999999999993,2,263.08000000000004,swap,notBad
4164,7,685.7999999999993,2,263.08000000000004,2opt,notBad
4165,7,685.7999999999993,2,263.08000000000004,move,improve
4166,7,685.7999999999993,2,263.08000000000004,swap,notBad
4167,7,685.7999999999993,2,263.08000000000004,2opt,notBad
4168,7,685.7999999999993,2,263.08000000000004,2opt,notBad
4169,7,681.2399999999993,2,263.08000000000004,move,improve
4170,7,681.2399999999993,2,263.08000000000004,swap,notBad
4171,7,681.2399999999993,2,263.08000000000004,swap,notBad
4172,7,681.2399999999993,2,263.08000000000004,move,improve
4173,7,681.2399999999993,2,263.08000000000004,move,improve
4174,7,681.2399999999993,2,263.08000000000004,2opt,notBad
4175,7,681.2399999999993,2,263.08000000000004,move,improve
4176,7,681.2399999999993,2,263.08000000000004,2opt,notBad
4177,7,681.2399999999993,2,263.08000000000004,move,improve
4178,7,681.2399999999993,2,263.08000000000004,2opt,notBad
4179,7,681.2399999999993,2,263.08000000000004,2opt,notBad
4180,7,681.2399999999993,2,263.08000000000004,swap,notBad
4181,7,681.2399999999993,2,263.08000000000004,swap,notBad
4182,7,681.2399999999993,2,263.08000000000004,2opt,notBad
4183,7,681.2399999999993,2,263.08000000000004,swap,notBad
4184,7,681.2399999999993,2,263.08000000000004,2opt,notBad
4185,7,681.2399999999993,2,263.08000000000004,2opt,notBad
4186,7,681.2399999999993,2,263.08000000000004,2opt,notBad
4187,7,681.2399999999993,2,263.08000000000004,move,improve
4188,7,681.2399999999993,2,263.08000000000004,move,improve
4189,7,679.3999999999994,2,263.08000000000004,move,improve
4190,7,679.3999999999994,2,263.08000000000004,move,improve
4191,7,679.3999999999994,2,263.08000000000004,swap,notBad
4192,7,680.4399999999994,2,263.08000000000004,swap,acceptBad
4193,7,680.4399999999994,2,263.08000000000004,move,improve
4194,7,680.4399999999994,2,263.08000000000004,swap,notBad
4195,7,680.4399999999994,2,263.08000000000004,2opt,notBad
4196,7,680.4399999999994,2,263.08000000000004,move,improve
4197,7,680.7599999999993,2,263.08000000000004,swap,acceptBad
4198,7,680.7599999999993,2,263.08000000000004,2opt,notBad
4199,7,688.3199999999995,2,263.08000000000004,2opt,acceptBad
4200,7,688.3199999999995,2,263.08000000000004,swap,notBad
4201,7,688.3199999999995,2,263.08000000000004,2opt,notBad
4202,7,685.2799999999995,2,263.08000000000004,swap,improve
4203,7,685.2799999999995,2,263.08000000000004,2opt,notBad
4204,7,685.2799999999995,2,263.08000000000004,2opt,notBad
4205,7,685.2799999999995,2,263.08000000000004,move,improve
4206,7,685.2799999999995,2,263.08000000000004,swap,notBad
4207,7,685.2799999999995,2,263.08000000000004,2opt,notBad
4208,7,689.5999999999995,2,263.08000000000004,swap,acceptBad
4209,7,689.5999999999995,2,263.08000000000004,move,improve
4210,7,689.0400000000003,2,263.08000000000004,move,improve
4211,7,689.0400000000003,2,263.08000000000004,2opt,improve
4212,7,689.0400000000003,2,263.08000000000004,2opt,notBad
4213,7,689.0400000000003,2,263.08000000000004,swap,notBad
4214,7,689.0400000000003,2,263.08000000000004,swap,notBad
4215,7,689.0400000000003,2,263.08000000000004,move,improve
4216,7,689.0400000000003,2,263.08000000000004,swap,notBad
4217,7,689.0400000000003,2,263.08000000000004,move,improve
4218,7,689.0400000000003,2,263.08000000000004,2opt,notBad
4219,7,689.0400000000003,2,263.08000000000004,2opt,improve
4220,7,689.0400000000003,2,263.08000000000004,swap,notBad
4221,7,689.0400000000003,2,263.08000000000004,swap,notBad
4222,7,687.8000000000002,2,263.08000000000004,2opt,improve
4223,7,687.8000000000002,2,263.08000000000004,swap,notBad
4224,7,687.5200000000002,2,263.08000000000004,move,improve
4225,7,687.5200000000002,2,263.08000000000004,swap,notBad
4226,7,687.5200000000002,2,263.08000000000004,2opt,improve
4227,7,682.0000000000002,2,263.08000000000004,move,improve
4228,7,682.0000000000002,2,263.08000000000004,move,improve
4229,7,682.0000000000002,2,263.08000000000004,move,improve
4230,7,682.0000000000002,2,263.08000000000004,move,improve
4231,7,680.9600000000003,2,263.08000000000004,move,improve
4232,7,680.9600000000003,2,263.08000000000004,swap,notBad
4233,7,680.9600000000003,2,263.08000000000004,move,improve
4234,7,680.9600000000003,2,263.08000000000004,swap,notBad
4235,7,680.9600000000003,2,263.08000000000004,move,improve
4236,7,680.9600000000003,2,263.08000000000004,move,improve
4237,7,680.9600000000003,2,263.08000000000004,move,improve
4238,7,680.9600000000003,2,263.08000000000004,2opt,notBad
4239,7,680.9600000000003,2,263.08000000000004,swap,notBad
4240,7,680.9600000000003,2,263.08000000000004,2opt,notBad
4241,7,680.9600000000003,2,263.08000000000004,move,improve
4242,7,680.9600000000003,2,263.08000000000004,swap,notBad
4243,7,680.9600000000003,2,263.08000000000004,2opt,notBad
4244,7,680.9600000000003,2,263.08000000000004,swap,notBad
4245,7,680.8000000000002,2,263.08000000000004,move,improve
4246,7,680.8000000000002,2,263.08000000000004,swap,notBad
4247,7,680.8000000000002,2,263.08000000000004,swap,notBad
4248,7,680.8000000000002,2,263.08000000000004,2opt,notBad
4249,7,680.44,2,263.08000000000004,move,improve
4250,7,681.3200000000002,2,263.08000000000004,swap,acceptBad
4251,7,681.3200000000002,2,263.08000000000004,2opt,notBad
4252,7,691.0800000000002,2,263.08000000000004,swap,acceptBad
4253,7,691.0800000000002,2,263.08000000000004,move,improve
4254,7,691.0800000000002,2,263.08000000000004,swap,notBad
4255,7,691.0800000000002,2,263.08000000000004,move,improve
4256,7,691.0800000000002,2,263.08000000000004,move,improve
4257,7,691.0800000000002,2,263.08000000000004,2opt,improve
4258,7,691.0800000000002,2,263.08000000000004,2opt,notBad
4259,7,691.0800000000002,2,263.08000000000004,swap,notBad
4260,7,691.0800000000002,2,263.08000000000004,swap,notBad
4261,7,692.0800000000002,2,263.08000000000004,2opt,acceptBad
4262,7,692.0800000000002,2,263.08000000000004,swap,notBad
4263,7,692.0800000000002,2,263.08000000000004,swap,notBad
4264,7,692.0800000000002,2,263.08000000000004,swap,notBad
4265,7,675.2800000000002,2,263.08000000000004,move,improve
4266,7,675.2800000000002,2,263.08000000000004,2opt,notBad
4267,7,675.2800000000002,2,263.08000000000004,move,improve
4268,7,675.2800000000002,2,263.08000000000004,move,improve
4269,7,675.2800000000002,2,263.08000000000004,2opt,notBad
4270,7,675.2800000000002,2,263.08000000000004,swap,notBad
4271,7,675.2800000000002,2,263.08000000000004,move,improve
4272,7,675.2800000000002,2,263.08000000000004,2opt,notBad
4273,7,675.2800000000002,2,263.08000000000004,move,improve
4274,7,675.2800000000002,2,263.08000000000004,2opt,notBad
4275,7,674.6800000000001,2,263.08000000000004,move,improve
4276,7,674.6800000000001,2,263.08000000000004,swap,notBad
4277,7,674.6800000000001,2,263.08000000000004,move,improve
4278,7,674.6800000000001,2,263.08000000000004,swap,notBad
4279,7,674.6800000000001,2,263.08000000000004,swap,notBad
4280,7,674.6800000000001,2,263.08000000000004,2opt,notBad
4281,7,674.6800000000001,2,263.08000000000004,2opt,notBad
4282,7,674.6800000000001,2,263.08000000000004,swap,notBad
4283,7,674.4800000000001,2,263.08000000000004,move,improve
4284,7,674.4800000000001,2,263.08000000000004,swap,notBad
4285,7,674.4800000000001,2,263.08000000000004,2opt,notBad
4286,7,674.4800000000001,2,263.08000000000004,move,improve
4287,7,674.4800000000001,2,263.08000000000004,swap,notBad
4288,7,674.4800000000001,2,263.08000000000004,move,improve
4289,7,674.4800000000001,2,263.08000000000004,swap,notBad
4290,7,674.4800000000001,2,263.08000000000004,swap,notBad
4291,7,674.4800000000001,2,263.08000000000004,swap,notBad
4292,7,674.4800000000001,2,263.08000000000004,swap,notBad
4293,7,674.6800000000001,2,263.08000000000004,swap,acceptBad
4294,7,674.6800000000001,2,263.08000000000004,2opt,notBad
4295,7,674.6800000000001,2,263.08000000000004,2opt,notBad
4296,7,674.6800000000001,2,263.08000000000004,2opt,notBad
4297,7,674.6800000000001,2,263.08000000000004,swap,notBad
4298,7,674.6800000000001,2,263.08000000000004,swap,notBad
4299,7,674.6800000000001,2,263.08000000000004,swap,notBad
4300,7,674.6800000000001,2,263.08000000000004,swap,notBad
4301,7,674.6800000000001,2,263.08000000000004,2opt,notBad
4302,7,674.6800000000001,2,263.08000000000004,swap,notBad
4303,7,674.6800000000001,2,263.08000000000004,swap,notBad
4304,7,675.4400000000003,2,263.08000000000004,2opt,acceptBad
4305,7,675.4400000000003,2,263.08000000000004,2opt,improve
4306,7,675.4400000000003,2,263.08000000000004,2opt,notBad
4307,7,675.4400000000003,2,263.08000000000004,move,improve
4308,7,674.1600000000012,2,263.08000000000004,swap,improve
4309,7,674.1600000000012,2,263.08000000000004,swap,notBad
4310,7,674.1600000000012,2,263.08000000000004,2opt,notBad
4311,7,674.1600000000012,2,263.08000000000004,2opt,notBad
4312,7,674.1600000000012,2,263.08000000000004,2opt,notBad
4313,7,674.1600000000012,2,263.08000000000004,swap,notBad
4314,7,687.6000000000013,2,263.08000000000004,swap,acceptBad
4315,7,687.6000000000013,2,263.08000000000004,move,notBad
4316,7,686.8400000000013,2,263.08000000000004,move,improve
4317,7,686.8400000000013,2,263.08000000000004,2opt,notBad
4318,7,686.8400000000013,2,263.08000000000004,2opt,notBad
4319,7,686.8400000000013,2,263.08000000000004,2opt,notBad
4320,7,685.9200000000012,2,263.08000000000004,move,improve
4321,7,685.9200000000012,2,263.08000000000004,2opt,notBad
4322,7,685.9200000000012,2,263.08000000000004,move,improve
4323,7,685.9200000000012,2,263.08000000000004,2opt,notBad
4324,7,685.9200000000012,2,263.08000000000004,move,improve
4325,7,686.8000000000013,2,263.08000000000004,swap,acceptBad
4326,7,686.8000000000013,2,263.08000000000004,swap,notBad
4327,7,686.8000000000013,2,263.08000000000004,move,improve
4328,7,686.8000000000013,2,263.08000000000004,2opt,notBad
4329,7,685.9200000000012,2,263.08000000000004,2opt,improve
4330,7,685.9200000000012,2,263.08000000000004,swap,notBad
4331,7,685.9200000000012,2,263.08000000000004,swap,notBad
4332,7,684.2000000000012,2,263.08000000000004,move,improve
4333,7,684.2000000000012,2,263.08000000000004,2opt,notBad
4334,7,684.2000000000012,2,263.08000000000004,swap,notBad
4335,7,684.2000000000012,2,263.08000000000004,move,improve
4336,7,684.2000000000012,2,263.08000000000004,swap,notBad
4337,7,674.5600000000012,2,263.08000000000004,move,improve
4338,7,674.5600000000012,2,263.08000000000004,swap,notBad
4339,7,674.5600000000012,2,263.08000000000004,swap,notBad
4340,7,673.2400000000011,2,263.08000000000004,move,improve
4341,7,673.2400000000011,2,263.08000000000004,move,improve
4342,7,673.2400000000011,2,263.08000000000004,2opt,notBad
4343,7,673.2400000000011,2,263.08000000000004,move,improve
4344,7,673.2400000000011,2,263.08000000000004,move,improve
4345,7,673.2400000000011,2,263.08000000000004,2opt,notBad
4346,7,673.2400000000011,2,263.08000000000004,swap,notBad
4347,7,673.2400000000011,2,263.08000000000004,swap,notBad
4348,7,673.2400000000011,2,263.08000000000004,2opt,notBad
4349,7,673.2400000000011,2,263.08000000000004,swap,notBad
4350,7,673.2400000000011,2,263.08000000000004,2opt,notBad
4351,7,673.2400000000011,2,263.08000000000004,move,improve
4352,7,673.2400000000011,2,263.08000000000004,move,improve
4353,7,673.2400000000011,2,263.08000000000004,2opt,notBad
4354,7,673.2400000000001,2,263.08000000000004,move,improve
4355,7,673.2400000000001,2,263.08000000000004,move,improve
4356,7,673.2400000000001,2,263.08000000000004,swap,notBad
4357,7,673.2400000000001,2,263.08000000000004,move,improve
4358,7,670.5200000000001,2,263.08000000000004,2opt,improve
4359,7,670.5200000000001,2,263.08000000000004,move,improve
4360,7,670.5200000000001,2,263.08000000000004,swap,notBad
4361,7,670.5200000000001,2,263.08000000000004,2opt,notBad
4362,7,670.5200000000001,2,263.08000000000004,2opt,notBad
4363,7,670.5200000000001,2,263.08000000000004,2opt,notBad
4364,7,670.5200000000001,2,263.08000000000004,2opt,notBad
4365,7,670.5200000000001,2,263.08000000000004,move,improve
4366,7,670.5200000000001,2,263.08000000000004,swap,notBad
4367,7,670.5200000000001,2,263.08000000000004,2opt,notBad
4368,7,670.5200000000001,2,263.08000000000004,move,improve
4369,7,670.5200000000001,2,263.08000000000004,2opt,notBad
4370,7,670.5200000000001,2,263.08000000000004,move,improve
4371,7,670.5200000000001,2,263.08000000000004,swap,notBad
4372,7,670.5200000000001,2,263.08000000000004,2opt,notBad
4373,7,661.6800000000001,2,263.08000000000004,move,improve
4374,7,661.6800000000001,2,263.08000000000004,2opt,notBad
4375,7,661.6800000000001,2,263.08000000000004,move,improve
4376,7,661.6800000000001,2,263.08000000000004,move,improve
4377,7,661.6800000000001,2,263.08000000000004,swap,notBad
4378,7,661.6800000000001,2,263.08000000000004,move,improve
4379,7,661.6800000000001,2,263.08000000000004,2opt,improve
4380,7,661.6800000000001,2,263.08000000000004,move,improve
4381,7,661.6800000000001,2,263.08000000000004,swap,notBad
4382,7,661.6800000000001,2,263.08000000000004,swap,notBad
4383,7,667.2800000000002,2,263.08000000000004,swap,acceptBad
4384,7,666.6800000000012,2,263.08000000000004,move,improve
4385,7,666.6800000000012,2,263.08000000000004,2opt,notBad
4386,7,666.6800000000012,2,263.08000000000004,move,improve
4387,7,666.6800000000012,2,263.08000000000004,move,improve
4388,7,666.6800000000012,2,263.08000000000004,swap,notBad
4389,7,666.6800000000012,2,263.08000000000004,swap,notBad
4390,7,666.6800000000012,2,263.08000000000004,swap,notBad
4391,7,666.6800000000012,2,263.08000000000004,2opt,notBad
4392,7,666.6800000000012,2,263.08000000000004,move,improve
4393,7,666.6800000000012,2,263.08000000000004,swap,notBad
4394,7,666.6800000000012,2,263.08000000000004,2opt,notBad
4395,7,657.7600000000012,2,263.08000000000004,move,improve
4396,7,657.7600000000012,2,263.08000000000004,move,improve
4397,7,657.7600000000012,2,263.08000000000004,swap,notBad
4398,7,657.7600000000012,2,263.08000000000004,move,improve
4399,7,664.6000000000013,2,263.08000000000004,swap,acceptBad
4400,7,664.6000000000013,2,263.08000000000004,move,improve
4401,7,664.6000000000013,2,263.08000000000004,move,improve
4402,7,666.4400000000012,2,263.08000000000004,swap,acceptBad
4403,7,666.4400000000012,2,263.08000000000004,swap,notBad
4404,7,666.4400000000012,2,263.08000000000004,move,improve
4405,7,666.4400000000012,2,263.08000000000004,move,improve
4406,7,666.4400000000012,2,263.08000000000004,move,improve
4407,7,666.4400000000012,2,263.08000000000004,move,improve
4408,7,666.199999999999,2,263.08000000000004,swap,improve
4409,7,666.199999999999,2,263.08000000000004,2opt,notBad
4410,7,666.199999999999,2,263.08000000000004,2opt,improve
4411,7,666.199999999999,2,263.08000000000004,move,improve
4412,7,666.199999999999,2,263.08000000000004,move,improve
4413,7,666.199999999999,2,263.08000000000004,2opt,notBad
4414,7,666.199999999999,2,263.08000000000004,2opt,notBad
4415,7,666.199999999999,2,263.08000000000004,swap,notBad
4416,7,666.199999999999,2,263.08000000000004,swap,notBad
4417,7,666.199999999999,2,263.08000000000004,swap,notBad
4418,7,666.199999999999,2,263.08000000000004,2opt,notBad
4419,7,666.199999999999,2,263.08000000000004,move,improve
4420,7,666.199999999999,2,263.08000000000004,2opt,notBad
4421,7,666.199999999999,2,263.08000000000004,move,improve
4422,7,666.199999999999,2,263.08000000000004,move,improve
4423,7,666.199999999999,2,263.08000000000004,2opt,notBad
4424,7,666.199999999999,2,263.08000000000004,2opt,notBad
4425,7,666.199999999999,2,263.08000000000004,swap,notBad
4426,7,666.199999999999,2,263.08000000000004,swap,notBad
4427,7,666.199999999999,2,263.08000000000004,2opt,improve
4428,7,666.199999999999,2,263.08000000000004,2opt,notBad
4429,7,666.199999999999,2,263.08000000000004,move,improve
4430,7,666.199999999999,2,263.08000000000004,move,improve
4431,7,675.839999999999,2,263.08000000000004,swap,acceptBad
4432,7,675.839999999999,2,263.08000000000004,move,improve
4433,7,675.839999999999,2,263.08000000000004,move,improve
4434,7,675.839999999999,2,263.08000000000004,2opt,notBad
4435,7,675.799999999999,2,263.08000000000004,move,improve
4436,7,673.9599999999991,2,263.08000000000004,move,improve
4437,7,673.9599999999991,2,263.08000000000004,swap,notBad
4438,7,673.9599999999991,2,263.08000000000004,2opt,improve
4439,7,673.9599999999991,2,263.08000000000004,swap,notBad
4440,7,673.9599999999991,2,263.08000000000004,2opt,notBad
4441,7,673.9599999999991,2,263.08000000000004,move,improve
4442,7,673.9599999999991,2,263.08000000000004,2opt,notBad
4443,7,673.9599999999991,2,263.08000000000004,move,improve
4444,7,673.9599999999991,2,263.08000000000004,2opt,notBad
4445,7,673.9599999999991,2,263.08000000000004,move,improve
4446,7,673.9599999999991,2,263.08000000000004,2opt,notBad
4447,7,673.9599999999991,2,263.08000000000004,swap,notBad
4448,7,673.9599999999991,2,263.08000000000004,move,improve
4449,7,673.9599999999991,2,263.08000000000004,2opt,notBad
4450,7,673.9599999999991,2,263.08000000000004,2opt,notBad
4451,7,673.9599999999991,2,263.08000000000004,move,improve
4452,7,673.9599999999991,2,263.08000000000004,swap,notBad
4453,7,673.9599999999991,2,263.08000000000004,swap,notBad
4454,7,673.9599999999991,2,263.08000000000004,2opt,notBad
4455,7,673.9599999999991,2,263.08000000000004,move,improve
4456,7,673.9599999999991,2,263.08000000000004,2opt,notBad
4457,7,673.9599999999991,2,263.08000000000004,move,improve
4458,7,673.9599999999991,2,263.08000000000004,swap,notBad
4459,7,673.9599999999991,2,263.08000000000004,move,improve
4460,7,673.9599999999991,2,263.08000000000004,2opt,notBad
4461,7,673.9599999999991,2,263.08000000000004,move,improve
4462,7,673.9599999999991,2,263.08000000000004,2opt,notBad
4463,7,673.9599999999991,2,263.08000000000004,swap,notBad
4464,7,673.9599999999991,2,263.08000000000004,2opt,notBad
4465,7,673.9599999999991,2,263.08000000000004,swap,notBad
4466,7,673.9599999999991,2,263.08000000000004,move,improve
4467,7,673.9599999999991,2,263.08000000000004,move,improve
4468,7,673.9599999999991,2,263.08000000000004,move,improve
4469,7,673.9599999999991,2,263.08000000000004,swap,notBad
4470,7,673.9599999999991,2,263.08000000000004,2opt,notBad
4471,7,673.9599999999991,2,263.08000000000004,move,improve
4472,7,673.9599999999991,2,263.08000000000004,2opt,notBad
4473,7,673.9599999999991,2,263.08000000000004,swap,notBad
4474,7,673.9599999999991,2,263.08000000000004,move,improve
4475,7,673.9599999999991,2,263.08000000000004,swap,notBad
4476,7,673.9599999999991,2,263.08000000000004,move,improve
4477,7,673.9599999999991,2,263.08000000000004,move,improve
4478,7,673.9599999999991,2,263.08000000000004,2opt,notBad
4479,7,673.9599999999991,2,263.08000000000004,swap,notBad
4480,7,673.9599999999991,2,263.08000000000004,swap,notBad
4481,7,673.9599999999991,2,263.08000000000004,2opt,notBad
4482,7,673.9599999999991,2,263.08000000000004,2opt,notBad
4483,7,673.9599999999991,2,263.08000000000004,swap,notBad
4484,7,673.9599999999991,2,263.08000000000004,move,improve
4485,7,673.9599999999991,2,263.08000000000004,swap,notBad
4486,7,673.9599999999991,2,263.08000000000004,swap,notBad
4487,7,673.9599999999991,2,263.08000000000004,swap,notBad
4488,7,673.9599999999991,2,263.08000000000004,2opt,notBad
4489,7,679.119999999999,2,263.08000000000004,2opt,acceptBad
4490,7,679.119999999999,2,263.08000000000004,move,improve
4491,7,679.119999999999,2,263.08000000000004,2opt,improve
4492,7,679.119999999999,2,263.08000000000004,swap,notBad
4493,7,679.119999999999,2,263.08000000000004,swap,notBad
4494,7,679.119999999999,2,263.08000000000004,move,improve
4495,7,679.119999999999,2,263.08000000000004,2opt,notBad
4496,7,679.119999999999,2,263.08000000000004,2opt,notBad
4497,7,679.119999999999,2,263.08000000000004,2opt,notBad
4498,7,673.3999999999991,2,263.08000000000004,move,improve
4499,7,673.3999999999991,2,263.08000000000004,move,improve
4500,7,673.3999999999991,2,263.08000000000004,2opt,notBad
4501,7,673.3999999999991,2,263.08000000000004,2opt,notBad
4502,7,674.4799999999991,2,263.08000000000004,swap,acceptBad
4503,7,674.4799999999991,2,263.08000000000004,swap,notBad
4504,7,674.4799999999991,2,263.08000000000004,swap,notBad
4505,7,674.4799999999991,2,263.08000000000004,swap,notBad
4506,7,675.039999999999,2,263.08000000000004,2opt,acceptBad
4507,7,675.039999999999,2,263.08000000000004,move,improve
4508,7,675.039999999999,2,263.08000000000004,2opt,notBad
4509,7,675.039999999999,2,263.08000000000004,swap,notBad
4510,7,675.039999999999,2,263.08000000000004,2opt,improve
4511,7,674.959999999999,2,263.08000000000004,move,improve
4512,7,674.959999999999,2,263.08000000000004,move,improve
4513,7,674.959999999999,2,263.08000000000004,swap,notBad
4514,7,673.079999999999,2,263.08000000000004,swap,improve
4515,7,673.079999999999,2,263.08000000000004,move,improve
4516,7,685.839999999999,2,263.08000000000004,swap,acceptBad
4517,7,685.839999999999,2,263.08000000000004,move,improve
4518,7,685.839999999999,2,263.08000000000004,move,improve
4519,7,685.839999999999,2,263.08000000000004,move,improve
4520,7,685.639999999999,2,263.08000000000004,move,improve
4521,7,687.6799999999989,2,263.08000000000004,swap,acceptBad
4522,7,687.6799999999989,2,263.08000000000004,move,improve
4523,7,687.6799999999989,2,263.08000000000004,2opt,notBad
4524,7,687.6799999999989,2,263.08000000000004,2opt,notBad
4525,7,691.159999999999,2,263.08000000000004,swap,acceptBad
4526,7,691.159999999999,2,263.08000000000004,swap,notBad
4527,7,691.159999999999,2,263.08000000000004,swap,notBad
4528,7,691.159999999999,2,263.08000000000004,2opt,notBad
4529,7,691.159999999999,2,263.08000000000004,swap,notBad
4530,7,691.159999999999,2,263.08000000000004,swap,notBad
4531,7,682.2399999999991,2,263.08000000000004,move,improve
4532,7,682.2399999999991,2,263.08000000000004,move,improve
4533,7,682.2399999999991,2,263.08000000000004,2opt,notBad
4534,7,682.2399999999991,2,263.08000000000004,swap,notBad
4535,7,682.2399999999991,2,263.08000000000004,swap,notBad
4536,7,682.2399999999991,2,263.08000000000004,swap,notBad
4537,7,682.2399999999991,2,263.08000000000004,2opt,notBad
4538,7,680.399999999999,2,263.08000000000004,move,improve
4539,7,680.399999999999,2,263.08000000000004,2opt,notBad
4540,7,680.399999999999,2,263.08000000000004,2opt,notBad
4541,7,680.399999999999,2,263.08000000000004,2opt,notBad
4542,7,679.599999999999,2,263.08000000000004,2opt,improve
4543,7,679.599999999999,2,263.08000000000004,move,improve
4544,7,679.599999999999,2,263.08000000000004,2opt,notBad
4545,7,679.599999999999,2,263.08000000000004,swap,notBad
4546,7,679.599999999999,2,263.08000000000004,move,improve
4547,7,679.599999999999,2,263.08000000000004,move,improve
4548,7,679.599999999999,2,263.08000000000004,2opt,notBad
4549,7,679.599999999999,2,263.08000000000004,swap,notBad
4550,7,679.599999999999,2,263.08000000000004,2opt,notBad
4551,7,679.599999999999,2,263.08000000000004,swap,notBad
4552,7,668.9599999999991,2,263.08000000000004,swap,improve
4553,7,668.9599999999991,2,263.08000000000004,2opt,notBad
4554,7,668.9599999999991,2,263.08000000000004,2opt,notBad
4555,7,668.9599999999991,2,263.08000000000004,move,improve
4556,7,668.9599999999991,2,263.08000000000004,2opt,notBad
4557,7,668.9599999999991,2,263.08000000000004,swap,notBad
4558,7,668.9599999999991,2,263.08000000000004,swap,notBad
4559,7,668.9599999999991,2,263.08000000000004,swap,notBad
4560,7,668.9599999999991,2,263.08000000000004,move,improve
4561,7,668.9599999999991,2,263.08000000000004,2opt,notBad
4562,7,668.9599999999991,2,263.08000000000004,swap,notBad
4563,7,668.9599999999991,2,263.08000000000004,swap,notBad
4564,7,668.9599999999991,2,263.08000000000004,move,improve
4565,7,678.359999999999,2,263.08000000000004,swap,acceptBad
4566,7,678.359999999999,2,263.08000000000004,move,improve
4567,7,678.359999999999,2,263.08000000000004,2opt,notBad
4568,7,678.359999999999,2,263.08000000000004,move,improve
4569,7,678.359999999999,2,263.08000000000004,move,improve
4570,7,678.359999999999,2,263.08000000000004,2opt,notBad
4571,7,678.359999999999,2,263.08000000000004,swap,notBad
4572,7,678.359999999999,2,263.08000000000004,move,notBad
4573,7,678.359999999999,2,263.08000000000004,swap,notBad
4574,7,678.359999999999,2,263.08000000000004,swap,notBad
4575,7,678.359999999999,2,263.08000000000004,move,improve
4576,7,678.359999999999,2,263.08000000000004,2opt,notBad
4577,7,678.359999999999,2,263.08000000000004,swap,notBad
4578,7,678.359999999999,2,263.08000000000004,swap,notBad
4579,7,678.359999999999,2,263.08000000000004,swap,notBad
4580,7,687.7199999999991,2,263.08000000000004,swap,acceptBad
4581,7,687.7199999999991,2,263.08000000000004,move,improve
4582,7,692.9199999999992,2,263.08000000000004,swap,acceptBad
4583,7,692.9199999999992,2,263.08000000000004,swap,notBad
4584,7,692.9199999999992,2,263.08000000000004,move,improve
4585,7,692.5199999999991,2,263.08000000000004,swap,improve
4586,7,692.5199999999991,2,263.08000000000004,move,improve
4587,7,692.5199999999991,2,263.08000000000004,swap,notBad
4588,7,692.5199999999991,2,263.08000000000004,move,improve
4589,7,685.2399999999991,2,263.08000000000004,2opt,improve
4590,7,685.2399999999991,2,263.08000000000004,2opt,notBad
4591,7,685.9199999999989,2,263.08000000000004,2opt,acceptBad
4592,7,685.9199999999989,2,263.08000000000004,swap,notBad
4593,7,685.9199999999989,2,263.08000000000004,swap,notBad
4594,7,685.9199999999989,2,263.08000000000004,swap,notBad
4595,7,685.9199999999989,2,263.08000000000004,move,improve
4596,7,685.9199999999989,2,263.08000000000004,move,improve
4597,7,685.9199999999989,2,263.08000000000004,2opt,notBad
4598,7,685.9199999999989,2,263.08000000000004,move,improve
4599,7,685.9199999999989,2,263.08000000000004,move,improve
4600,7,685.9199999999989,2,263.08000000000004,swap,notBad
4601,7,685.9199999999989,2,263.08000000000004,move,improve
4602,7,685.9199999999989,2,263.08000000000004,2opt,improve
4603,7,685.7199999999991,2,263.08000000000004,2opt,improve
4604,7,685.7199999999991,2,263.08000000000004,move,improve
4605,7,685.7199999999991,2,263.08000000000004,2opt,notBad
4606,7,685.7199999999991,2,263.08000000000004,swap,notBad
4607,7,685.7199999999991,2,263.08000000000004,2opt,improve
4608,7,685.7199999999991,2,263.08000000000004,swap,notBad
4609,7,681.4799999999991,2,263.08000000000004,move,improve
4610,7,681.4799999999991,2,263.08000000000004,move,improve
4611,7,681.4799999999991,2,263.08000000000004,swap,notBad
4612,7,681.4799999999991,2,263.08000000000004,move,improve
4613,7,681.4799999999991,2,263.08000000000004,swap,notBad
4614,7,681.4799999999991,2,263.08000000000004,2opt,notBad
4615,7,681.4799999999991,2,263.08000000000004,move,improve
4616,7,681.4799999999991,2,263.08000000000004,swap,notBad
4617,7,681.4799999999991,2,263.08000000000004,move,improve
4618,7,681.4799999999991,2,263.08000000000004,swap,notBad
4619,7,681.4799999999991,2,263.08000000000004,move,improve
4620,7,681.4799999999991,2,263.08000000000004,move,improve
4621,7,681.4799999999991,2,263.08000000000004,2opt,notBad
4622,7,681.4799999999991,2,263.08000000000004,move,improve
4623,7,672.039999999999,2,263.08000000000004,2opt,improve
4624,7,672.039999999999,2,263.08000000000004,move,improve
4625,7,672.039999999999,2,263.08000000000004,move,improve
4626,7,672.039999999999,2,263.08000000000004,move,improve
4627,7,672.039999999999,2,263.08000000000004,2opt,improve
4628,7,672.039999999999,2,263.08000000000004,swap,notBad
4629,7,672.039999999999,2,263.08000000000004,swap,notBad
4630,7,672.039999999999,2,263.08000000000004,2opt,notBad
4631,7,672.039999999999,2,263.08000000000004,2opt,notBad
4632,7,672.039999999999,2,263.08000000000004,swap,notBad
4633,7,672.039999999999,2,263.08000000000004,swap,notBad
4634,7,672.039999999999,2,263.08000000000004,2opt,notBad
4635,7,672.039999999999,2,263.08000000000004,move,improve
4636,7,672.039999999999,2,263.08000000000004,2opt,notBad
4637,7,672.039999999999,2,263.08000000000004,swap,notBad
4638,7,672.039999999999,2,263.08000000000004,2opt,notBad
4639,7,671.199999999999,2,263.08000000000004,move,improve
4640,7,671.199999999999,2,263.08000000000004,move,improve
4641,7,672.839999999999,2,263.08000000000004,2opt,acceptBad
4642,7,673.439999999999,2,263.08000000000004,swap,acceptBad
4643,7,673.039999999999,2,263.08000000000004,move,improve
4644,7,673.039999999999,2,263.08000000000004,2opt,notBad
4645,7,673.039999999999,2,263.08000000000004,move,improve
4646,7,673.039999999999,2,263.08000000000004,move,improve
4647,7,673.039999999999,2,263.08000000000004,swap,notBad
4648,7,673.039999999999,2,263.08000000000004,move,improve
4649,7,673.039999999999,2,263.08000000000004,swap,notBad
4650,7,673.039999999999,2,263.08000000000004,swap,notBad
4651,7,673.039999999999,2,263.08000000000004,2opt,notBad
4652,7,673.039999999999,2,263.08000000000004,swap,notBad
4653,7,668.119999999999,2,263.08000000000004,move,improve
4654,7,668.2799999999991,2,263.08000000000004,swap,acceptBad
4655,7,659.2799999999991,2,263.08000000000004,2opt,improve
4656,7,659.2799999999991,2,263.08000000000004,swap,notBad
4657,7,653.879999999999,2,263.08000000000004,move,improve
4658,7,659.9599999999994,2,263.08000000000004,swap,acceptBad
4659,7,659.9599999999994,2,263.08000000000004,swap,notBad
4660,7,659.9599999999994,2,263.08000000000004,move,improve
4661,7,659.9599999999994,2,263.08000000000004,2opt,notBad
4662,7,659.9599999999994,2,263.08000000000004,move,improve
4663,7,659.9599999999994,2,263.08000000000004,2opt,improve
4664,7,659.9599999999994,2,263.08000000000004,2opt,notBad
4665,7,659.9599999999994,2,263.08000000000004,2opt,notBad
4666,7,659.9599999999994,2,263.08000000000004,swap,notBad
4667,7,659.9599999999994,2,263.08000000000004,swap,notBad
4668,7,659.9599999999994,2,263.08000000000004,swap,notBad
4669,7,659.9599999999994,2,263.08000000000004,swap,notBad
4670,7,659.9599999999994,2,263.08000000000004,2opt,notBad
4671,7,659.9599999999994,2,263.08000000000004,move,improve
4672,7,659.9599999999994,2,263.08000000000004,2opt,notBad
4673,7,659.9599999999994,2,263.08000000000004,2opt,notBad
4674,7,659.9599999999994,2,263.08000000000004,move,improve
4675,7,652.9199999999993,2,263.08000000000004,move,improve
4676,7,652.9199999999993,2,263.08000000000004,move,improve
4677,7,652.9199999999993,2,263.08000000000004,move,improve
4678,7,652.9199999999993,2,263.08000000000004,2opt,notBad
4679,7,652.9199999999993,2,263.08000000000004,move,improve
4680,7,652.9199999999993,2,263.08000000000004,2opt,notBad
4681,7,652.9199999999993,2,263.08000000000004,swap,notBad
4682,7,652.9199999999993,2,263.08000000000004,move,improve
4683,7,652.9199999999993,2,263.08000000000004,move,improve
4684,7,652.9199999999993,2,263.08000000000004,swap,notBad
4685,7,652.9199999999993,2,263.08000000000004,move,improve
4686,7,652.9199999999993,2,263.08000000000004,2opt,notBad
4687,7,652.9199999999993,2,263.08000000000004,swap,notBad
4688,7,652.9199999999993,2,263.08000000000004,move,improve
4689,7,652.9199999999993,2,263.08000000000004,2opt,notBad
4690,7,652.9199999999993,2,263.08000000000004,2opt,notBad
4691,7,652.9199999999993,2,263.08000000000004,2opt,improve
4692,7,652.9199999999993,2,263.08000000000004,2opt,notBad
4693,7,652.9199999999993,2,263.08000000000004,swap,notBad
4694,7,652.9199999999993,2,263.08000000000004,2opt,notBad
4695,7,652.9199999999993,2,263.08000000000004,swap,notBad
4696,7,652.9199999999993,2,263.08000000000004,move,improve
4697,7,652.9199999999993,2,263.08000000000004,swap,notBad
4698,7,652.9199999999993,2,263.08000000000004,move,improve
4699,7,652.9199999999993,2,263.08000000000004,2opt,notBad
4700,7,652.9199999999993,2,263.08000000000004,2opt,notBad
4701,7,652.6399999999994,2,263.08000000000004,2opt,improve
4702,7,652.6399999999994,2,263.08000000000004,swap,notBad
4703,7,652.3599999999994,2,263.08000000000004,move,improve
4704,7,652.9600000000012,2,263.08000000000004,2opt,acceptBad
4705,7,652.9600000000012,2,263.08000000000004,2opt,notBad
4706,7,652.9600000000012,2,263.08000000000004,move,improve
4707,7,652.9600000000012,2,263.08000000000004,swap,notBad
4708,7,652.9600000000012,2,263.08000000000004,move,improve
4709,7,652.9600000000012,2,263.08000000000004,2opt,notBad
4710,7,652.9600000000012,2,263.08000000000004,move,improve
4711,7,652.9600000000012,2,263.08000000000004,swap,notBad
4712,7,652.9600000000012,2,263.08000000000004,move,improve
4713,7,652.9600000000012,2,263.08000000000004,move,improve
4714,7,652.9600000000012,2,263.08000000000004,move,improve
4715,7,652.9600000000012,2,263.08000000000004,2opt,notBad
4716,7,652.9600000000012,2,263.08000000000004,swap,notBad
4717,7,652.9600000000012,2,263.08000000000004,move,improve
4718,7,652.9600000000012,2,263.08000000000004,swap,notBad
4719,7,652.9600000000012,2,263.08000000000004,move,improve
4720,7,652.9600000000012,2,263.08000000000004,2opt,notBad
4721,7,652.9600000000012,2,263.08000000000004,swap,notBad
4722,7,652.9600000000012,2,263.08000000000004,swap,notBad
4723,7,652.9600000000012,2,263.08000000000004,2opt,notBad
4724,7,652.9600000000012,2,263.08000000000004,move,improve
4725,7,652.9600000000012,2,263.08000000000004,2opt,notBad
4726,7,652.9600000000012,2,263.08000000000004,move,improve
4727,7,652.9600000000012,2,263.08000000000004,move,improve
4728,7,652.9600000000012,2,263.08000000000004,swap,notBad
4729,7,652.9600000000012,2,263.08000000000004,swap,notBad
4730,7,652.9600000000012,2,263.08000000000004,move,improve
4731,7,652.9600000000012,2,263.08000000000004,move,improve
4732,7,652.9600000000012,2,263.08000000000004,2opt,notBad
4733,7,652.9600000000012,2,263.08000000000004,2opt,notBad
4734,7,652.9600000000012,2,263.08000000000004,move,improve
4735,7,652.9600000000012,2,263.08000000000004,2opt,notBad
4736,7,652.9600000000012,2,263.08000000000004,swap,notBad
4737,7,652.9600000000012,2,263.08000000000004,move,improve
4738,7,652.9600000000012,2,263.08000000000004,swap,notBad
4739,7,652.9600000000012,2,263.08000000000004,2opt,notBad
4740,7,652.9600000000012,2,263.08000000000004,move,improve
4741,7,652.9600000000012,2,263.08000000000004,2opt,notBad
4742,7,652.9600000000012,2,263.08000000000004,swap,notBad
4743,7,652.9600000000012,2,263.08000000000004,2opt,notBad
4744,7,652.9600000000012,2,263.08000000000004,move,improve
4745,7,652.9600000000012,2,263.08000000000004,swap,notBad
4746,7,652.9600000000012,2,263.08000000000004,swap,notBad
4747,7,652.9600000000012,2,263.08000000000004,move,improve
4748,7,652.9600000000012,2,263.08000000000004,move,improve
4749,7,652.9600000000012,2,263.08000000000004,swap,notBad
4750,7,652.6000000000012,2,263.08000000000004,swap,improve
4751,7,652.6000000000012,2,263.08000000000004,swap,notBad
4752,7,652.6000000000012,2,263.08000000000004,swap,notBad
4753,7,652.6000000000012,2,263.08000000000004,2opt,notBad
4754,7,652.6000000000012,2,263.08000000000004,2opt,notBad
4755,7,652.6000000000012,2,263.08000000000004,move,improve
4756,7,652.6000000000012,2,263.08000000000004,2opt,notBad
4757,7,652.6000000000012,2,263.08000000000004,move,improve
4758,7,652.6000000000012,2,263.08000000000004,swap,notBad
4759,7,652.6000000000012,2,263.08000000000004,move,improve
4760,7,652.6000000000012,2,263.08000000000004,2opt,notBad
4761,7,650.9600000000012,2,263.08000000000004,move,improve
4762,7,650.9600000000012,2,263.08000000000004,swap,notBad
4763,7,650.9600000000012,2,263.08000000000004,2opt,notBad
4764,7,650.9600000000012,2,263.08000000000004,2opt,notBad
4765,7,650.9600000000012,2,263.08000000000004,move,improve
4766,7,650.9600000000012,2,263.08000000000004,swap,notBad
4767,7,650.9600000000012,2,263.08000000000004,swap,notBad
4768,7,650.9600000000012,2,263.08000000000004,2opt,notBad
4769,7,650.9600000000012,2,263.08000000000004,2opt,notBad
4770,7,650.7600000000011,2,263.08000000000004,move,improve
4771,7,650.7600000000011,2,263.08000000000004,move,improve
4772,7,650.7600000000011,2,263.08000000000004,swap,notBad
4773,7,657.9200000000005,2,263.08000000000004,swap,acceptBad
4774,7,657.9200000000005,2,263.08000000000004,2opt,notBad
4775,7,657.9200000000005,2,263.08000000000004,2opt,notBad
4776,7,657.9200000000005,2,263.08000000000004,2opt,notBad
4777,7,657.9200000000005,2,263.08000000000004,2opt,notBad
4778,7,657.9200000000005,2,263.08000000000004,2opt,improve
4779,7,657.9200000000005,2,263.08000000000004,swap,notBad
4780,7,657.9200000000005,2,263.08000000000004,swap,notBad
4781,7,657.9200000000005,2,263.08000000000004,2opt,notBad
4782,7,657.9200000000005,2,263.08000000000004,swap,notBad
4783,7,657.9200000000005,2,263.08000000000004,2opt,improve
4784,7,657.9200000000005,2,263.08000000000004,move,improve
4785,7,657.9200000000005,2,263.08000000000004,move,improve
4786,7,657.9200000000005,2,263.08000000000004,swap,notBad
4787,7,657.9200000000005,2,263.08000000000004,2opt,notBad
4788,7,657.9200000000005,2,263.08000000000004,2opt,notBad
4789,7,657.9200000000005,2,263.08000000000004,2opt,improve
4790,7,657.9200000000005,2,263.08000000000004,swap,notBad
4791,7,657.9200000000005,2,263.08000000000004,2opt,notBad
4792,7,657.9200000000005,2,263.08000000000004,2opt,notBad
4793,7,661.2800000000004,2,263.08000000000004,2opt,acceptBad
4794,7,661.2800000000004,2,263.08000000000004,swap,notBad
4795,7,661.2800000000004,2,263.08000000000004,2opt,notBad
4796,7,661.2800000000004,2,263.08000000000004,move,improve
4797,7,661.2800000000004,2,263.08000000000004,2opt,notBad
4798,7,661.2800000000004,2,263.08000000000004,swap,notBad
4799,7,661.2000000000005,2,263.08000000000004,move,improve
4800,7,661.2000000000005,2,263.08000000000004,2opt,notBad
4801,7,661.2000000000005,2,263.08000000000004,2opt,notBad
4802,7,661.2000000000005,2,263.08000000000004,move,improve
4803,7,661.2000000000005,2,263.08000000000004,move,improve
4804,7,661.2000000000005,2,263.08000000000004,swap,notBad
4805,7,661.2000000000005,2,263.08000000000004,2opt,notBad
4806,7,661.2000000000005,2,263.08000000000004,move,improve
4807,7,661.2000000000005,2,263.08000000000004,2opt,improve
4808,7,661.2000000000005,2,263.08000000000004,swap,notBad
4809,7,661.2000000000005,2,263.08000000000004,swap,notBad
4810,7,661.2000000000005,2,263.08000000000004,swap,notBad
4811,7,661.2000000000005,2,263.08000000000004,move,improve
4812,7,661.2000000000005,2,263.08000000000004,2opt,notBad
4813,7,661.2000000000005,2,263.08000000000004,2opt,improve
4814,7,661.2000000000005,2,263.08000000000004,move,improve
4815,7,661.2000000000005,2,263.08000000000004,move,improve
4816,7,661.2000000000005,2,263.08000000000004,swap,notBad
4817,7,661.2000000000005,2,263.08000000000004,swap,notBad
4818,7,661.2000000000005,2,263.08000000000004,2opt,notBad
4819,7,661.2000000000005,2,263.08000000000004,swap,notBad
4820,7,661.2000000000005,2,263.08000000000004,swap,notBad
4821,7,661.2000000000005,2,263.08000000000004,swap,notBad
4822,7,661.2000000000005,2,263.08000000000004,swap,notBad
4823,7,661.2000000000005,2,263.08000000000004,swap,notBad
4824,7,661.2000000000005,2,263.08000000000004,swap,notBad
4825,7,661.2000000000005,2,263.08000000000004,2opt,notBad
4826,7,655.0000000000005,2,263.08000000000004,move,improve
4827,7,655.0000000000005,2,263.08000000000004,move,improve
4828,7,655.0000000000005,2,263.08000000000004,swap,notBad
4829,7,655.0000000000005,2,263.08000000000004,swap,notBad
4830,7,655.0000000000005,2,263.08000000000004,2opt,notBad
4831,7,654.0800000000005,2,263.08000000000004,move,improve
4832,7,654.0800000000005,2,263.08000000000004,swap,notBad
4833,7,654.3600000000005,2,263.08000000000004,swap,acceptBad
4834,7,666.2400000000005,2,263.08000000000004,swap,acceptBad
4835,7,666.2400000000005,2,263.08000000000004,2opt,notBad
4836,7,666.2400000000005,2,263.08000000000004,swap,notBad
4837,7,666.5999999999989,2,263.08000000000004,swap,acceptBad
4838,7,666.5999999999989,2,263.08000000000004,move,improve
4839,7,661.5999999999988,2,263.08000000000004,move,improve
4840,7,661.5999999999988,2,263.08000000000004,2opt,notBad
4841,7,661.5999999999988,2,263.08000000000004,2opt,notBad
4842,7,661.5999999999988,2,263.08000000000004,move,improve
4843,7,661.5999999999988,2,263.08000000000004,move,improve
4844,7,661.5999999999988,2,263.08000000000004,move,improve
4845,7,661.0399999999988,2,263.08000000000004,move,improve
4846,7,661.0399999999988,2,263.08000000000004,2opt,notBad
4847,7,661.0399999999988,2,263.08000000000004,move,improve
4848,7,655.1999999999985,2,263.08000000000004,move,improve
4849,7,655.1999999999985,2,263.08000000000004,swap,notBad
4850,7,655.1999999999985,2,263.08000000000004,swap,notBad
4851,7,654.8399999999999,2,263.08000000000004,swap,improve
4852,7,654.8399999999999,2,263.08000000000004,2opt,notBad
4853,7,654.8399999999999,2,263.08000000000004,move,improve
4854,7,654.8399999999999,2,263.08000000000004,move,improve
4855,7,654.8399999999999,2,263.08000000000004,move,improve
4856,7,654.8399999999999,2,263.08000000000004,2opt,notBad
4857,7,654.8399999999999,2,263.08000000000004,swap,notBad
4858,7,654.8399999999999,2,263.08000000000004,2opt,notBad
4859,7,654.8399999999999,2,263.08000000000004,swap,notBad
4860,7,654.8399999999999,2,263.08000000000004,move,improve
4861,7,654.8399999999999,2,263.08000000000004,move,improve
4862,7,654.8399999999999,2,263.08000000000004,swap,notBad
4863,7,654.8399999999999,2,263.08000000000004,swap,notBad
4864,7,654.8399999999999,2,263.08000000000004,move,improve
4865,7,654.8399999999999,2,263.08000000000004,swap,notBad
4866,7,654.8399999999999,2,263.08000000000004,swap,notBad
4867,7,654.8399999999999,2,263.08000000000004,swap,notBad
4868,7,654.8399999999999,2,263.08000000000004,move,improve
4869,7,654.8399999999999,2,263.08000000000004,swap,notBad
4870,7,654.8399999999999,2,263.08000000000004,swap,notBad
4871,7,654.8399999999999,2,263.08000000000004,2opt,notBad
4872,7,654.8399999999999,2,263.08000000000004,swap,notBad
4873,7,654.8399999999999,2,263.08000000000004,swap,notBad
4874,7,654.8399999999999,2,263.08000000000004,2opt,improve
4875,7,654.8399999999999,2,263.08000000000004,swap,notBad
4876,7,654.8399999999999,2,263.08000000000004,swap,notBad
4877,7,664.96,2,263.08000000000004,swap,acceptBad
4878,7,664.96,2,263.08000000000004,2opt,notBad
4879,7,664.96,2,263.08000000000004,swap,notBad
4880,7,664.96,2,263.08000000000004,move,improve
4881,7,664.96,2,263.08000000000004,move,improve
4882,7,664.96,2,263.08000000000004,2opt,notBad
4883,7,664.96,2,263.08000000000004,move,improve
4884,7,664.96,2,263.08000000000004,swap,notBad
4885,7,664.96,2,263.08000000000004,2opt,notBad
4886,7,659.2400000000016,2,263.08000000000004,move,improve
4887,7,658.7600000000016,2,263.08000000000004,swap,improve
4888,7,657.7200000000016,2,263.08000000000004,move,improve
4889,7,657.7200000000016,2,263.08000000000004,move,improve
4890,7,657.7200000000016,2,263.08000000000004,2opt,notBad
4891,7,657.7200000000016,2,263.08000000000004,move,improve
4892,7,657.7200000000016,2,263.08000000000004,move,improve
4893,7,657.7600000000016,2,263.08000000000004,swap,acceptBad
4894,7,657.7600000000016,2,263.08000000000004,2opt,notBad
4895,7,657.7600000000016,2,263.08000000000004,swap,notBad
4896,7,654.1600000000017,2,263.08000000000004,move,improve
4897,7,654.1600000000017,2,263.08000000000004,swap,notBad
4898,7,654.1600000000017,2,263.08000000000004,swap,notBad
4899,7,654.1600000000017,2,263.08000000000004,swap,notBad
4900,7,658.2400000000016,2,263.08000000000004,swap,acceptBad
4901,7,658.2400000000016,2,263.08000000000004,swap,notBad
4902,7,658.2400000000016,2,263.08000000000004,move,improve
4903,7,658.2400000000016,2,263.08000000000004,swap,notBad
4904,7,658.2400000000016,2,263.08000000000004,2opt,notBad
4905,7,658.0800000000015,2,263.08000000000004,move,improve
4906,7,658.0800000000015,2,263.08000000000004,move,improve
4907,7,658.0800000000015,2,263.08000000000004,swap,notBad
4908,7,654.3200000000015,2,263.08000000000004,move,improve
4909,7,652.5200000000016,2,263.08000000000004,move,improve
4910,7,648.4400000000016,2,263.08000000000004,swap,improve
4911,7,648.4400000000016,2,263.08000000000004,move,improve
4912,7,648.4400000000016,2,263.08000000000004,swap,notBad
4913,7,648.4400000000016,2,263.08000000000004,2opt,notBad
4914,7,648.4400000000016,2,263.08000000000004,2opt,notBad
4915,7,648.4400000000016,2,263.08000000000004,move,improve
4916,7,648.4400000000016,2,263.08000000000004,swap,notBad
4917,7,648.4400000000016,2,263.08000000000004,swap,notBad
4918,7,648.4400000000016,2,263.08000000000004,swap,notBad
4919,7,647.1200000000017,2,263.08000000000004,move,improve
4920,7,647.1200000000017,2,263.08000000000004,swap,notBad
4921,7,647.1200000000017,2,263.08000000000004,2opt,notBad
4922,7,647.1200000000017,2,263.08000000000004,2opt,notBad
4923,7,647.1200000000017,2,263.08000000000004,2opt,notBad
4924,7,647.1200000000017,2,263.08000000000004,2opt,notBad
4925,7,647.1200000000017,2,263.08000000000004,2opt,notBad
4926,7,647.1200000000017,2,263.08000000000004,2opt,improve
4927,7,647.1200000000017,2,263.08000000000004,2opt,notBad
4928,7,647.1200000000017,2,263.08000000000004,2opt,improve
4929,7,647.1200000000017,2,263.08000000000004,move,improve
4930,7,647.1200000000017,2,263.08000000000004,2opt,notBad
4931,7,647.1200000000017,2,263.08000000000004,swap,notBad
4932,7,647.1200000000017,2,263.08000000000004,2opt,notBad
4933,7,647.1200000000017,2,263.08000000000004,move,improve
4934,7,647.1200000000017,2,263.08000000000004,swap,notBad
4935,7,647.1200000000017,2,263.08000000000004,move,improve
4936,7,647.1200000000017,2,263.08000000000004,2opt,notBad
4937,7,647.1200000000017,2,263.08000000000004,2opt,notBad
4938,7,647.1200000000017,2,263.08000000000004,move,improve
4939,7,647.1200000000017,2,263.08000000000004,2opt,notBad
4940,7,647.1200000000017,2,263.08000000000004,move,improve
4941,7,647.1200000000017,2,263.08000000000004,move,improve
4942,7,647.1200000000017,2,263.08000000000004,swap,notBad
4943,7,642.8800000000017,2,263.08000000000004,2opt,improve
4944,7,642.8800000000017,2,263.08000000000004,move,improve
4945,7,642.8800000000017,2,263.08000000000004,swap,notBad
4946,7,642.8800000000017,2,263.08000000000004,swap,notBad
4947,7,642.8800000000017,2,263.08000000000004,swap,notBad
4948,7,642.8800000000017,2,263.08000000000004,2opt,notBad
4949,7,642.8800000000017,2,263.08000000000004,swap,notBad
4950,7,642.8800000000017,2,263.08000000000004,2opt,notBad
4951,7,642.8800000000017,2,263.08000000000004,swap,notBad
4952,7,642.8800000000017,2,263.08000000000004,move,improve
4953,7,642.8800000000017,2,263.08000000000004,move,improve
4954,7,642.8800000000017,2,263.08000000000004,2opt,notBad
4955,7,642.8800000000017,2,263.08000000000004,2opt,notBad
4956,7,642.8800000000017,2,263.08000000000004,2opt,notBad
4957,7,642.8800000000017,2,263.08000000000004,swap,notBad
4958,7,642.8800000000017,2,263.08000000000004,move,improve
4959,7,642.8800000000017,2,263.08000000000004,2opt,notBad
4960,7,642.8800000000017,2,263.08000000000004,swap,notBad
4961,7,642.8800000000017,2,263.08000000000004,move,improve
4962,7,642.8800000000017,2,263.08000000000004,swap,notBad
4963,7,638.7600000000016,2,263.08000000000004,swap,improve
4964,7,638.7600000000016,2,263.08000000000004,swap,notBad
4965,7,638.7600000000016,2,263.08000000000004,swap,notBad
4966,7,638.7600000000016,2,263.08000000000004,2opt,notBad
4967,7,638.7600000000016,2,263.08000000000004,swap,notBad
4968,7,638.7600000000016,2,263.08000000000004,2opt,notBad
4969,7,638.7600000000016,2,263.08000000000004,2opt,notBad
4970,7,638.7600000000016,2,263.08000000000004,2opt,notBad
4971,7,638.7600000000016,2,263.08000000000004,swap,notBad
4972,7,638.7600000000016,2,263.08000000000004,move,improve
4973,7,638.7600000000016,2,263.08000000000004,move,improve
4974,7,638.7600000000016,2,263.08000000000004,2opt,improve
4975,7,638.7600000000016,2,263.08000000000004,move,improve
4976,7,638.2800000000018,2,263.08000000000004,move,improve
4977,7,638.2800000000018,2,263.08000000000004,swap,notBad
4978,7,638.2800000000018,2,263.08000000000004,2opt,notBad
4979,7,638.2800000000018,2,263.08000000000004,2opt,notBad
4980,7,638.2800000000018,2,263.08000000000004,move,improve
4981,7,638.2800000000018,2,263.08000000000004,swap,notBad
4982,7,638.2800000000018,2,263.08000000000004,swap,notBad
4983,7,638.2800000000018,2,263.08000000000004,swap,notBad
4984,7,638.2800000000018,2,263.08000000000004,move,improve
4985,7,638.2800000000018,2,263.08000000000004,2opt,notBad
4986,7,638.2800000000018,2,263.08000000000004,2opt,notBad
4987,7,638.2800000000018,2,263.08000000000004,2opt,notBad
4988,7,638.2800000000018,2,263.08000000000004,2opt,notBad
4989,7,638.2800000000018,2,263.08000000000004,swap,notBad
4990,7,638.2800000000018,2,263.08000000000004,move,improve
4991,7,638.2800000000018,2,263.08000000000004,2opt,notBad
4992,7,638.2800000000018,2,263.08000000000004,move,improve
4993,7,638.2800000000018,2,263.08000000000004,2opt,notBad
4994,7,638.2800000000018,2,263.08000000000004,2opt,notBad
4995,7,638.2800000000018,2,263.08000000000004,swap,notBad
4996,7,638.2800000000018,2,263.08000000000004,move,improve
4997,7,638.2800000000018,2,263.08000000000004,swap,notBad
4998,7,638.2800000000018,2,263.08000000000004,swap,notBad
4999,7,638.2800000000018,2,263.08000000000004,move,improve
5000,7,638.2800000000018,2,263.08000000000004,move,improve
5001,7,638.2800000000018,2,263.08000000000004,swap,notBad
5002,7,638.2800000000018,2,263.08000000000004,move,improve
5003,7,638.2800000000018,2,263.08000000000004,move,notBad
5004,7,638.2800000000018,2,263.08000000000004,move,improve
5005,7,638.8800000000017,2,263.08000000000004,swap,acceptBad
5006,7,638.8800000000017,2,263.08000000000004,2opt,improve
5007,7,638.8800000000017,2,263.08000000000004,move,improve
5008,7,638.8800000000017,2,263.08000000000004,2opt,notBad
5009,7,638.8800000000017,2,263.08000000000004,swap,notBad
5010,7,638.8800000000017,2,263.08000000000004,2opt,notBad
5011,7,638.8800000000017,2,263.08000000000004,move,improve
5012,7,638.8800000000017,2,263.08000000000004,move,improve
5013,7,638.8800000000017,2,263.08000000000004,2opt,notBad
5014,7,638.8800000000017,2,263.08000000000004,move,improve
5015,7,638.8800000000017,2,263.08000000000004,move,improve
5016,7,638.8800000000017,2,263.08000000000004,move,improve
5017,7,638.8800000000017,2,263.08000000000004,swap,notBad
5018,7,638.8800000000017,2,263.08000000000004,swap,notBad
5019,7,643.6400000000017,2,263.08000000000004,swap,acceptBad
5020,7,643.6400000000017,2,263.08000000000004,2opt,notBad
5021,7,643.6400000000017,2,263.08000000000004,2opt,notBad
5022,7,643.6400000000017,2,263.08000000000004,2opt,notBad
5023,7,643.6400000000017,2,263.08000000000004,swap,notBad
5024,7,643.6400000000017,2,263.08000000000004,move,improve
5025,7,643.6400000000017,2,263.08000000000004,2opt,improve
5026,7,643.6400000000017,2,263.08000000000004,swap,notBad
5027,7,643.6400000000017,2,263.08000000000004,move,improve
5028,7,643.6400000000017,2,263.08000000000004,2opt,notBad
5029,7,643.6400000000017,2,263.08000000000004,swap,notBad
5030,7,644.5200000000017,2,263.08000000000004,swap,acceptBad
5031,7,644.5200000000017,2,263.08000000000004,2opt,notBad
5032,7,643.9200000000017,2,263.08000000000004,move,improve
5033,7,643.9200000000017,2,263.08000000000004,2opt,notBad
5034,7,643.9200000000017,2,263.08000000000004,swap,notBad
5035,7,643.9200000000017,2,263.08000000000004,move,improve
5036,7,643.9200000000017,2,263.08000000000004,2opt,notBad
5037,7,641.4000000000017,2,263.08000000000004,move,improve
5038,7,641.4000000000017,2,263.08000000000004,move,improve
5039,7,641.4000000000017,2,263.08000000000004,move,improve
5040,7,642.7200000000016,2,263.08000000000004,swap,acceptBad
5041,7,642.7200000000016,2,263.08000000000004,swap,notBad
5042,7,642.7200000000016,2,263.08000000000004,move,improve
5043,7,642.7200000000016,2,263.08000000000004,2opt,notBad
5044,7,642.7200000000016,2,263.08000000000004,move,improve
5045,7,642.7200000000016,2,263.08000000000004,swap,notBad
5046,7,642.7200000000016,2,263.08000000000004,move,improve
5047,7,642.7200000000016,2,263.08000000000004,swap,notBad
5048,7,642.7200000000016,2,263.08000000000004,move,improve
5049,7,642.7200000000016,2,263.08000000000004,2opt,notBad
5050,7,642.7200000000016,2,263.08000000000004,swap,notBad
5051,7,642.7200000000016,2,263.08000000000004,move,improve
5052,7,642.7200000000016,2,263.08000000000004,move,improve
5053,7,642.7200000000016,2,263.08000000000004,2opt,improve
5054,7,642.7200000000016,2,263.08000000000004,move,improve
5055,7,642.7200000000016,2,263.08000000000004,move,improve
5056,7,642.7200000000016,2,263.08000000000004,move,improve
5057,7,642.7200000000016,2,263.08000000000004,2opt,notBad
5058,7,642.7200000000016,2,263.08000000000004,move,improve
5059,7,642.7200000000016,2,263.08000000000004,2opt,notBad
5060,7,642.7200000000016,2,263.08000000000004,move,improve
5061,7,642.7200000000016,2,263.08000000000004,2opt,notBad
5062,7,641.4800000000016,2,263.08000000000004,move,improve
5063,7,641.4800000000016,2,263.08000000000004,2opt,notBad
5064,7,641.4800000000016,2,263.08000000000004,2opt,notBad
5065,7,641.4800000000016,2,263.08000000000004,2opt,improve
5066,7,641.4800000000016,2,263.08000000000004,move,improve
5067,7,641.4800000000016,2,263.08000000000004,2opt,notBad
5068,7,641.4800000000016,2,263.08000000000004,2opt,notBad
5069,7,641.4800000000016,2,263.08000000000004,move,improve
5070,7,641.4800000000016,2,263.08000000000004,move,improve
5071,7,641.4800000000016,2,263.08000000000004,move,improve
5072,7,641.4800000000016,2,263.08000000000004,2opt,notBad
5073,7,639.2400000000016,2,263.08000000000004,move,improve
5074,7,639.2400000000016,2,263.08000000000004,2opt,notBad
5075,7,639.2400000000016,2,263.08000000000004,swap,notBad
5076,7,639.2400000000016,2,263.08000000000004,2opt,notBad
5077,7,639.2400000000016,2,263.08000000000004,swap,notBad
5078,7,639.2400000000016,2,263.08000000000004,2opt,notBad
5079,7,639.2400000000016,2,263.08000000000004,swap,notBad
5080,7,639.2400000000016,2,263.08000000000004,move,improve
5081,7,639.2400000000016,2,263.08000000000004,2opt,notBad
5082,7,639.2400000000006,2,263.08000000000004,swap,improve
5083,7,639.2400000000006,2,263.08000000000004,2opt,notBad
5084,7,639.2400000000006,2,263.08000000000004,move,improve
5085,7,639.2400000000006,2,263.08000000000004,2opt,notBad
5086,7,639.2400000000006,2,263.08000000000004,2opt,notBad
5087,7,639.2400000000006,2,263.08000000000004,2opt,notBad
5088,7,639.2400000000006,2,263.08000000000004,swap,notBad
5089,7,639.2400000000006,2,263.08000000000004,2opt,improve
5090,7,639.2400000000006,2,263.08000000000004,swap,notBad
5091,7,639.2400000000006,2,263.08000000000004,2opt,notBad
5092,7,639.2400000000006,2,263.08000000000004,2opt,notBad
5093,7,639.2400000000006,2,263.08000000000004,move,improve
5094,7,639.2400000000006,2,263.08000000000004,2opt,notBad
5095,7,639.2400000000006,2,263.08000000000004,2opt,improve
5096,7,639.2400000000006,2,263.08000000000004,2opt,notBad
5097,7,639.2400000000006,2,263.08000000000004,swap,notBad
5098,7,639.2400000000006,2,263.08000000000004,2opt,notBad
5099,7,639.2400000000006,2,263.08000000000004,2opt,notBad
5100,7,640.5600000000006,2,263.08000000000004,2opt,acceptBad
5101,7,640.5600000000006,2,263.08000000000004,move,improve
5102,7,640.5600000000006,2,263.08000000000004,2opt,notBad
5103,7,640.5600000000006,2,263.08000000000004,swap,notBad
5104,7,640.5600000000006,2,263.08000000000004,move,improve
5105,7,640.5600000000006,2,263.08000000000004,move,improve
5106,7,640.5600000000006,2,263.08000000000004,swap,notBad
5107,7,640.5600000000006,2,263.08000000000004,swap,notBad
5108,7,640.5600000000006,2,263.08000000000004,2opt,notBad
5109,7,640.5600000000006,2,263.08000000000004,swap,notBad
5110,7,640.5600000000006,2,263.08000000000004,2opt,notBad
5111,7,644.2400000000006,2,263.08000000000004,swap,acceptBad
5112,7,644.2400000000006,2,263.08000000000004,swap,notBad
5113,7,644.2400000000006,2,263.08000000000004,move,improve
5114,7,644.2400000000006,2,263.08000000000004,2opt,notBad
5115,7,644.2400000000006,2,263.08000000000004,2opt,notBad
5116,7,644.2400000000006,2,263.08000000000004,move,improve
5117,7,644.2400000000006,2,263.08000000000004,move,improve
5118,7,644.2400000000006,2,263.08000000000004,move,improve
5119,7,644.2400000000006,2,263.08000000000004,2opt,notBad
5120,7,644.2400000000006,2,263.08000000000004,swap,notBad
5121,7,644.2400000000006,2,263.08000000000004,swap,notBad
5122,7,644.2400000000006,2,263.08000000000004,swap,notBad
5123,7,644.2400000000006,2,263.08000000000004,move,improve
5124,7,644.2400000000006,2,263.08000000000004,2opt,improve
5125,7,644.0800000000006,2,263.08000000000004,move,improve
5126,7,637.2000000000006,2,263.08000000000004,move,improve
5127,7,637.2000000000006,2,263.08000000000004,swap,notBad
5128,7,637.2000000000006,2,263.08000000000004,2opt,notBad
5129,7,637.2000000000006,2,263.08000000000004,swap,notBad
5130,7,637.2000000000006,2,263.08000000000004,move,improve
5131,7,637.2000000000006,2,263.08000000000004,swap,notBad
5132,7,637.2000000000006,2,263.08000000000004,swap,notBad
5133,7,637.2000000000006,2,263.08000000000004,swap,notBad
5134,7,637.2000000000006,2,263.08000000000004,2opt,notBad
5135,7,637.2000000000006,2,263.08000000000004,swap,notBad
5136,7,637.2000000000006,2,263.08000000000004,swap,notBad
5137,7,637.2000000000006,2,263.08000000000004,swap,notBad
5138,7,637.2000000000006,2,263.08000000000004,2opt,notBad
5139,7,637.2000000000006,2,263.08000000000004,move,improve
5140,7,637.2000000000006,2,263.08000000000004,swap,notBad
5141,7,637.2000000000006,2,263.08000000000004,2opt,notBad
5142,7,637.2000000000006,2,263.08000000000004,swap,notBad
5143,7,637.2000000000006,2,263.08000000000004,swap,notBad
5144,7,637.2000000000006,2,263.08000000000004,move,improve
5145,7,637.2000000000006,2,263.08000000000004,move,notBad
5146,7,637.2000000000006,2,263.08000000000004,2opt,notBad
5147,7,637.2000000000006,2,263.08000000000004,2opt,improve
5148,7,637.2000000000006,2,263.08000000000004,move,improve
5149,7,637.2000000000006,2,263.08000000000004,2opt,notBad
5150,7,637.2000000000006,2,263.08000000000004,swap,notBad
5151,7,637.2000000000006,2,263.08000000000004,2opt,notBad
5152,7,637.2000000000006,2,263.08000000000004,2opt,notBad
5153,7,637.2000000000006,2,263.08000000000004,2opt,notBad
5154,7,637.2000000000006,2,263.08000000000004,move,improve
5155,7,637.2000000000006,2,263.08000000000004,move,improve
5156,7,637.2000000000006,2,263.08000000000004,2opt,notBad
5157,7,637.2000000000006,2,263.08000000000004,move,improve
5158,7,637.2000000000006,2,263.08000000000004,swap,notBad
5159,7,637.2000000000006,2,263.08000000000004,2opt,notBad
5160,7,637.2000000000006,2,263.08000000000004,2opt,notBad
5161,7,637.2000000000006,2,263.08000000000004,2opt,notBad
5162,7,637.2000000000006,2,263.08000000000004,swap,notBad
5163,7,637.2000000000006,2,263.08000000000004,2opt,notBad
5164,7,637.2000000000006,2,263.08000000000004,swap,notBad
5165,7,637.2000000000006,2,263.08000000000004,move,improve
5166,7,637.2000000000006,2,263.08000000000004,move,improve
5167,7,637.2000000000006,2,263.08000000000004,2opt,notBad
5168,7,637.2000000000006,2,263.08000000000004,2opt,notBad
5169,7,637.2000000000006,2,263.08000000000004,move,improve
5170,7,637.2000000000006,2,263.08000000000004,2opt,notBad
5171,7,637.2000000000006,2,263.08000000000004,2opt,notBad
5172,7,637.2000000000006,2,263.08000000000004,2opt,notBad
5173,7,636.6000000000017,2,263.08000000000004,move,improve
5174,7,636.6000000000017,2,263.08000000000004,2opt,notBad
5175,7,636.6000000000017,2,263.08000000000004,swap,notBad
5176,7,636.6000000000017,2,263.08000000000004,2opt,notBad
5177,7,636.6000000000017,2,263.08000000000004,move,improve
5178,7,636.6000000000017,2,263.08000000000004,swap,notBad
5179,7,636.6000000000017,2,263.08000000000004,swap,notBad
5180,7,636.6000000000017,2,263.08000000000004,swap,notBad
5181,7,636.6000000000017,2,263.08000000000004,swap,notBad
5182,7,636.6000000000017,2,263.08000000000004,swap,notBad
5183,7,636.6000000000017,2,263.08000000000004,2opt,notBad
5184,7,636.6000000000017,2,263.08000000000004,move,improve
5185,7,636.6000000000017,2,263.08000000000004,swap,notBad
5186,7,636.6000000000017,2,263.08000000000004,move,improve
5187,7,636.6000000000017,2,263.08000000000004,move,improve
5188,7,636.6000000000017,2,263.08000000000004,swap,notBad
5189,7,636.6000000000017,2,263.08000000000004,move,improve
5190,7,636.6000000000017,2,263.08000000000004,move,notBad
5191,7,636.6000000000017,2,263.08000000000004,move,improve
5192,7,636.6000000000017,2,263.08000000000004,swap,notBad
5193,7,636.6000000000017,2,263.08000000000004,swap,notBad
5194,7,636.6000000000017,2,263.08000000000004,swap,notBad
5195,7,636.6000000000017,2,263.08000000000004,move,improve
5196,7,636.6000000000017,2,263.08000000000004,2opt,improve
5197,7,636.6000000000017,2,263.08000000000004,2opt,notBad
5198,7,636.6000000000017,2,263.08000000000004,swap,notBad
5199,7,636.6000000000017,2,263.08000000000004,swap,notBad
5200,7,636.6000000000017,2,263.08000000000004,swap,notBad
5201,7,636.6000000000017,2,263.08000000000004,2opt,notBad
5202,7,636.6000000000017,2,263.08000000000004,swap,notBad
5203,7,636.6000000000017,2,263.08000000000004,2opt,notBad
5204,7,636.6000000000017,2,263.08000000000004,move,improve
5205,7,636.6000000000017,2,263.08000000000004,2opt,notBad
5206,7,636.6000000000017,2,263.08000000000004,2opt,improve
5207,7,636.6000000000017,2,263.08000000000004,move,improve
5208,7,636.6000000000017,2,263.08000000000004,2opt,notBad
5209,7,636.6000000000017,2,263.08000000000004,2opt,notBad
5210,7,636.6000000000017,2,263.08000000000004,2opt,improve
5211,7,636.6000000000017,2,263.08000000000004,2opt,notBad
5212,7,636.6000000000017,2,263.08000000000004,swap,notBad
5213,7,636.6000000000017,2,263.08000000000004,2opt,notBad
5214,7,636.6000000000017,2,263.08000000000004,2opt,notBad
5215,7,636.7600000000016,2,263.08000000000004,2opt,acceptBad
5216,7,636.7600000000016,2,263.08000000000004,swap,notBad
5217,7,636.6400000000017,2,263.08000000000004,move,improve
5218,7,636.6400000000017,2,263.08000000000004,2opt,notBad
5219,7,636.6400000000017,2,263.08000000000004,2opt,notBad
5220,7,636.6400000000017,2,263.08000000000004,2opt,improve
5221,7,636.6400000000017,2,263.08000000000004,2opt,notBad
5222,7,636.6400000000017,2,263.08000000000004,2opt,notBad
5223,7,636.6400000000017,2,263.08000000000004,swap,notBad
5224,7,636.6400000000017,2,263.08000000000004,2opt,notBad
5225,7,636.6400000000017,2,263.08000000000004,swap,notBad
5226,7,636.6400000000017,2,263.08000000000004,swap,notBad
5227,7,636.6400000000017,2,263.08000000000004,move,improve
5228,7,636.6400000000017,2,263.08000000000004,2opt,notBad
5229,7,636.1200000000016,2,263.08000000000004,move,improve
5230,7,636.1200000000016,2,263.08000000000004,2opt,notBad
5231,7,636.1200000000016,2,263.08000000000004,move,improve
5232,7,636.1200000000016,2,263.08000000000004,swap,notBad
5233,7,636.1200000000016,2,263.08000000000004,swap,notBad
5234,7,636.1200000000016,2,263.08000000000004,2opt,notBad
5235,7,636.1200000000016,2,263.08000000000004,2opt,notBad
5236,7,636.1200000000016,2,263.08000000000004,swap,notBad
5237,7,636.1200000000016,2,263.08000000000004,2opt,notBad
5238,7,636.1200000000016,2,263.08000000000004,2opt,notBad
5239,7,636.1200000000016,2,263.08000000000004,swap,notBad
5240,7,636.0400000000016,2,263.08000000000004,move,improve
5241,7,636.0400000000016,2,263.08000000000004,swap,notBad
5242,7,636.0400000000016,2,263.08000000000004,swap,notBad
5243,7,636.0400000000016,2,263.08000000000004,2opt,notBad
5244,7,636.0400000000016,2,263.08000000000004,swap,notBad
5245,7,636.0400000000016,2,263.08000000000004,swap,notBad
5246,7,636.0400000000016,2,263.08000000000004,swap,notBad
5247,7,636.0400000000016,2,263.08000000000004,2opt,notBad
5248,7,636.0400000000016,2,263.08000000000004,move,improve
5249,7,636.0400000000016,2,263.08000000000004,2opt,notBad
5250,7,636.0400000000016,2,263.08000000000004,2opt,notBad
5251,7,636.0400000000016,2,263.08000000000004,swap,notBad
5252,7,636.0400000000016,2,263.08000000000004,swap,notBad
5253,7,636.0400000000016,2,263.08000000000004,move,improve
5254,7,636.0400000000016,2,263.08000000000004,swap,notBad
5255,7,636.0400000000016,2,263.08000000000004,move,improve
5256,7,636.0400000000016,2,263.08000000000004,move,improve
5257,7,636.0400000000016,2,263.08000000000004,2opt,notBad
5258,7,636.0400000000016,2,263.08000000000004,2opt,notBad
5259,7,636.0400000000016,2,263.08000000000004,swap,notBad
5260,7,636.0400000000016,2,263.08000000000004,move,improve
5261,7,636.0400000000016,2,263.08000000000004,swap,notBad
5262,7,636.0400000000016,2,263.08000000000004,swap,notBad
5263,7,636.0400000000016,2,263.08000000000004,move,improve
5264,7,636.0400000000016,2,263.08000000000004,move,improve
5265,7,636.0400000000016,2,263.08000000000004,swap,notBad
5266,7,636.0400000000016,2,263.08000000000004,swap,notBad
5267,7,636.0400000000016,2,263.08000000000004,swap,notBad
5268,7,636.0400000000016,2,263.08000000000004,2opt,notBad
5269,7,636.0400000000016,2,263.08000000000004,swap,notBad
5270,7,636.0400000000016,2,263.08000000000004,move,improve
5271,7,636.0400000000016,2,263.08000000000004,move,improve
5272,7,636.0400000000016,2,263.08000000000004,2opt,notBad
5273,7,636.0400000000016,2,263.08000000000004,move,improve
5274,7,636.0400000000016,2,263.08000000000004,swap,notBad
5275,7,636.0400000000016,2,263.08000000000004,2opt,notBad
5276,7,636.0400000000016,2,263.08000000000004,move,improve
5277,7,636.0400000000016,2,263.08000000000004,swap,notBad
5278,7,636.0400000000016,2,263.08000000000004,2opt,notBad
5279,7,636.0400000000016,2,263.08000000000004,move,improve
5280,7,635.9200000000017,2,263.08000000000004,2opt,improve
5281,7,635.9200000000017,2,263.08000000000004,2opt,notBad
5282,7,635.9200000000017,2,263.08000000000004,move,improve
5283,7,635.9200000000017,2,263.08000000000004,swap,notBad
5284,7,635.9200000000017,2,263.08000000000004,move,improve
5285,7,635.9200000000017,2,263.08000000000004,2opt,notBad
5286,7,638.4000000000017,2,263.08000000000004,swap,acceptBad
5287,7,638.4000000000017,2,263.08000000000004,2opt,notBad
5288,7,638.4000000000017,2,263.08000000000004,2opt,notBad
5289,7,638.4000000000017,2,263.08000000000004,swap,notBad
5290,7,638.4000000000017,2,263.08000000000004,move,improve
5291,7,638.4000000000017,2,263.08000000000004,2opt,notBad
5292,7,638.4000000000017,2,263.08000000000004,swap,notBad
5293,7,638.4000000000017,2,263.08000000000004,move,improve
5294,7,635.9200000000017,2,263.08000000000004,move,improve
5295,7,635.9200000000017,2,263.08000000000004,move,improve
5296,7,635.9200000000017,2,263.08000000000004,move,improve
5297,7,635.9200000000017,2,263.08000000000004,swap,notBad
5298,7,635.9200000000017,2,263.08000000000004,2opt,notBad
5299,7,635.9200000000017,2,263.08000000000004,swap,notBad
5300,7,635.9200000000017,2,263.08000000000004,swap,notBad
5301,7,635.9200000000017,2,263.08000000000004,2opt,notBad
5302,7,635.9200000000017,2,263.08000000000004,swap,notBad
5303,7,635.9200000000017,2,263.08000000000004,swap,notBad
5304,7,635.9200000000017,2,263.08000000000004,swap,notBad
5305,7,635.9200000000017,2,263.08000000000004,2opt,notBad
5306,7,635.9200000000017,2,263.08000000000004,swap,notBad
5307,7,635.9200000000017,2,263.08000000000004,2opt,notBad
5308,7,635.3199999999993,2,263.08000000000004,swap,improve
5309,7,635.3199999999993,2,263.08000000000004,2opt,notBad
5310,7,635.3199999999993,2,263.08000000000004,swap,notBad
5311,7,635.3199999999993,2,263.08000000000004,2opt,improve
5312,7,635.3199999999993,2,263.08000000000004,2opt,notBad
5313,7,635.3199999999993,2,263.08000000000004,move,improve
5314,7,635.3199999999993,2,263.08000000000004,move,improve
5315,7,635.3199999999993,2,263.08000000000004,move,improve
5316,7,635.3199999999993,2,263.08000000000004,move,improve
5317,7,635.3199999999993,2,263.08000000000004,swap,notBad
5318,7,635.3199999999993,2,263.08000000000004,2opt,notBad
5319,7,635.3199999999993,2,263.08000000000004,move,improve
5320,7,635.3199999999993,2,263.08000000000004,2opt,notBad
5321,7,635.3199999999993,2,263.08000000000004,move,improve
5322,7,635.3199999999993,2,263.08000000000004,swap,notBad
5323,7,635.3199999999993,2,263.08000000000004,2opt,notBad
5324,7,637.3199999999993,2,263.08000000000004,swap,acceptBad
5325,7,637.3199999999993,2,263.08000000000004,2opt,notBad
5326,7,637.3199999999993,2,263.08000000000004,swap,notBad
5327,7,637.3199999999993,2,263.08000000000004,move,improve
5328,7,637.3199999999993,2,263.08000000000004,swap,notBad
5329,7,637.3199999999993,2,263.08000000000004,2opt,notBad
5330,7,637.3199999999993,2,263.08000000000004,2opt,notBad
5331,7,637.3199999999993,2,263.08000000000004,swap,notBad
5332,7,637.3199999999993,2,263.08000000000004,2opt,notBad
5333,7,637.3199999999993,2,263.08000000000004,swap,notBad
5334,7,637.3199999999993,2,263.08000000000004,move,improve
5335,7,637.3199999999993,2,263.08000000000004,swap,notBad
5336,7,637.3199999999993,2,263.08000000000004,2opt,notBad
5337,7,637.3199999999993,2,263.08000000000004,2opt,notBad
5338,7,637.3199999999993,2,263.08000000000004,swap,notBad
5339,7,637.3199999999993,2,263.08000000000004,swap,notBad
5340,7,637.3199999999993,2,263.08000000000004,2opt,notBad
5341,7,637.8799999999993,2,263.08000000000004,swap,acceptBad
5342,7,637.8799999999993,2,263.08000000000004,swap,notBad
5343,7,637.8799999999993,2,263.08000000000004,swap,notBad
5344,7,637.8799999999993,2,263.08000000000004,move,improve
5345,7,637.8799999999993,2,263.08000000000004,move,improve
5346,7,637.7199999999993,2,263.08000000000004,move,improve
5347,7,637.7199999999993,2,263.08000000000004,swap,notBad
5348,7,637.7199999999993,2,263.08000000000004,move,improve
5349,7,637.7199999999993,2,263.08000000000004,move,improve
5350,7,637.7199999999993,2,263.08000000000004,swap,notBad
5351,7,637.7199999999993,2,263.08000000000004,swap,notBad
5352,7,634.9599999999994,2,263.08000000000004,move,improve
5353,7,634.9599999999994,2,263.08000000000004,move,improve
5354,7,634.9599999999994,2,263.08000000000004,swap,notBad
5355,7,634.9599999999994,2,263.08000000000004,2opt,notBad
5356,7,634.9599999999994,2,263.08000000000004,move,improve
5357,7,634.9599999999994,2,263.08000000000004,2opt,notBad
5358,7,634.9599999999994,2,263.08000000000004,swap,notBad
5359,7,634.9599999999994,2,263.08000000000004,2opt,notBad
5360,7,634.9599999999994,2,263.08000000000004,move,improve
5361,7,634.9599999999994,2,263.08000000000004,2opt,notBad
5362,7,634.9599999999994,2,263.08000000000004,move,improve
5363,7,634.9599999999994,2,263.08000000000004,2opt,notBad
5364,7,634.9599999999994,2,263.08000000000004,2opt,notBad
5365,7,634.9599999999994,2,263.08000000000004,move,improve
5366,7,634.9599999999994,2,263.08000000000004,swap,notBad
5367,7,634.9599999999994,2,263.08000000000004,swap,notBad
5368,7,634.9599999999994,2,263.08000000000004,2opt,notBad
5369,7,634.9599999999994,2,263.08000000000004,swap,notBad
5370,7,634.9599999999994,2,263.08000000000004,2opt,notBad
5371,7,634.9599999999994,2,263.08000000000004,move,improve
5372,7,634.9599999999994,2,263.08000000000004,move,improve
5373,7,634.9599999999994,2,263.08000000000004,swap,notBad
5374,7,634.9599999999994,2,263.08000000000004,move,improve
5375,7,634.9599999999994,2,263.08000000000004,move,improve
5376,7,634.9599999999994,2,263.08000000000004,swap,notBad
5377,7,634.9599999999994,2,263.08000000000004,move,improve
5378,7,634.9599999999994,2,263.08000000000004,swap,notBad
5379,7,634.9599999999994,2,263.08000000000004,2opt,improve
5380,7,634.9599999999994,2,263.08000000000004,move,improve
5381,7,634.9599999999994,2,263.08000000000004,swap,notBad
5382,7,634.9599999999994,2,263.08000000000004,move,improve
5383,7,634.9599999999994,2,263.08000000000004,swap,notBad
5384,7,634.9599999999994,2,263.08000000000004,move,notBad
5385,7,634.8399999999992,2,263.08000000000004,move,improve
5386,7,634.8399999999992,2,263.08000000000004,swap,notBad
5387,7,634.8399999999992,2,263.08000000000004,2opt,notBad
5388,7,634.8399999999992,2,263.08000000000004,move,improve
5389,7,634.8399999999992,2,263.08000000000004,move,improve
5390,7,634.8399999999992,2,263.08000000000004,2opt,notBad
5391,7,634.8399999999992,2,263.08000000000004,2opt,notBad
5392,7,634.8399999999992,2,263.08000000000004,move,improve
5393,7,634.8399999999992,2,263.08000000000004,2opt,notBad
5394,7,634.5999999999992,2,263.08000000000004,move,improve
5395,7,634.5999999999992,2,263.08000000000004,2opt,notBad
5396,7,634.5999999999992,2,263.08000000000004,2opt,improve
5397,7,634.5999999999992,2,263.08000000000004,move,improve
5398,7,634.5999999999992,2,263.08000000000004,2opt,notBad
5399,7,634.5999999999992,2,263.08000000000004,2opt,notBad
5400,7,634.5999999999992,2,263.08000000000004,2opt,notBad
5401,7,634.5999999999992,2,263.08000000000004,swap,notBad
5402,7,634.5999999999992,2,263.08000000000004,2opt,notBad
5403,7,634.5999999999992,2,263.08000000000004,2opt,notBad
5404,7,634.5999999999992,2,263.08000000000004,move,improve
5405,7,634.5999999999992,2,263.08000000000004,2opt,notBad
5406,7,634.5999999999992,2,263.08000000000004,move,improve
5407,7,634.5999999999992,2,263.08000000000004,swap,notBad
5408,7,634.5999999999992,2,263.08000000000004,swap,notBad
5409,7,634.5999999999992,2,263.08000000000004,move,improve
5410,7,634.5999999999992,2,263.08000000000004,move,improve
5411,7,634.5999999999992,2,263.08000000000004,swap,notBad
5412,7,634.5999999999992,2,263.08000000000004,swap,notBad
5413,7,634.5999999999992,2,263.08000000000004,swap,notBad
5414,7,634.5999999999992,2,263.08000000000004,move,improve
5415,7,634.5999999999992,2,263.08000000000004,swap,notBad
5416,7,634.5999999999992,2,263.08000000000004,2opt,notBad
5417,7,634.5999999999992,2,263.08000000000004,move,improve
5418,7,634.5999999999992,2,263.08000000000004,2opt,notBad
5419,7,634.5999999999992,2,263.08000000000004,move,improve
5420,7,634.5999999999992,2,263.08000000000004,swap,notBad
5421,7,634.5999999999992,2,263.08000000000004,swap,notBad
5422,7,634.5999999999992,2,263.08000000000004,2opt,notBad
5423,7,634.5999999999992,2,263.08000000000004,move,improve
5424,7,634.5999999999992,2,263.08000000000004,move,improve
5425,7,634.5999999999992,2,263.08000000000004,move,improve
5426,7,634.5999999999992,2,263.08000000000004,2opt,notBad
5427,7,634.5999999999992,2,263.08000000000004,2opt,notBad
5428,7,634.5999999999992,2,263.08000000000004,move,improve
5429,7,634.5999999999992,2,263.08000000000004,2opt,notBad
5430,7,634.5999999999992,2,263.08000000000004,swap,notBad
5431,7,642.8399999999992,2,263.08000000000004,swap,acceptBad
5432,7,642.8399999999992,2,263.08000000000004,2opt,notBad
5433,7,642.8399999999992,2,263.08000000000004,swap,notBad
5434,7,642.8399999999992,2,263.08000000000004,move,improve
5435,7,642.8399999999992,2,263.08000000000004,move,improve
5436,7,642.5199999999993,2,263.08000000000004,swap,improve
5437,7,642.5199999999993,2,263.08000000000004,move,improve
5438,7,642.5199999999993,2,263.08000000000004,2opt,notBad
5439,7,642.5199999999993,2,263.08000000000004,move,improve
5440,7,642.5199999999993,2,263.08000000000004,2opt,notBad
5441,7,642.5199999999993,2,263.08000000000004,swap,notBad
5442,7,642.5199999999993,2,263.08000000000004,2opt,notBad
5443,7,642.5199999999993,2,263.08000000000004,2opt,notBad
5444,7,642.5199999999993,2,263.08000000000004,swap,notBad
5445,7,642.5199999999993,2,263.08000000000004,swap,notBad
5446,7,642.5199999999993,2,263.08000000000004,2opt,notBad
5447,7,642.5199999999993,2,263.08000000000004,swap,notBad
5448,7,642.5199999999993,2,263.08000000000004,move,improve
5449,7,642.5199999999993,2,263.08000000000004,move,improve
5450,7,642.5199999999993,2,263.08000000000004,move,improve
5451,7,642.5199999999993,2,263.08000000000004,swap,notBad
5452,7,642.5199999999993,2,263.08000000000004,2opt,notBad
5453,7,642.5199999999993,2,263.08000000000004,move,improve
5454,7,642.5199999999993,2,263.08000000000004,move,improve
5455,7,642.5199999999993,2,263.08000000000004,move,improve
5456,7,642.5199999999993,2,263.08000000000004,swap,notBad
5457,7,642.5199999999993,2,263.08000000000004,2opt,notBad
5458,7,642.5199999999993,2,263.08000000000004,swap,notBad
5459,7,642.5199999999993,2,263.08000000000004,swap,notBad
5460,7,642.5199999999993,2,263.08000000000004,2opt,notBad
5461,7,642.5199999999993,2,263.08000000000004,2opt,notBad
5462,7,642.5199999999993,2,263.08000000000004,move,improve
5463,7,642.5199999999993,2,263.08000000000004,2opt,notBad
5464,7,642.5199999999993,2,263.08000000000004,2opt,notBad
5465,7,642.5199999999993,2,263.08000000000004,move,improve
5466,7,642.5199999999993,2,263.08000000000004,swap,notBad
5467,7,642.5199999999993,2,263.08000000000004,swap,notBad
5468,7,642.5199999999993,2,263.08000000000004,move,notBad
5469,7,642.5199999999993,2,263.08000000000004,move,improve
5470,7,642.5199999999993,2,263.08000000000004,swap,notBad
5471,7,642.5199999999993,2,263.08000000000004,2opt,notBad
5472,7,642.5199999999993,2,263.08000000000004,swap,notBad
5473,7,642.5199999999993,2,263.08000000000004,move,improve
5474,7,642.5199999999993,2,263.08000000000004,swap,notBad
5475,7,642.5199999999993,2,263.08000000000004,swap,notBad
5476,7,642.5199999999993,2,263.08000000000004,2opt,notBad
5477,7,642.5199999999993,2,263.08000000000004,2opt,notBad
5478,7,646.7199999999993,2,263.08000000000004,swap,acceptBad
5479,7,644.1199999999993,2,263.08000000000004,move,improve
5480,7,644.1199999999993,2,263.08000000000004,swap,notBad
5481,7,644.1199999999993,2,263.08000000000004,2opt,notBad
5482,7,644.1199999999993,2,263.08000000000004,swap,notBad
5483,7,644.1199999999993,2,263.08000000000004,swap,notBad
5484,7,644.1199999999993,2,263.08000000000004,swap,notBad
5485,7,644.1199999999993,2,263.08000000000004,move,improve
5486,7,644.1199999999993,2,263.08000000000004,2opt,improve
5487,7,644.1199999999993,2,263.08000000000004,swap,notBad
5488,7,644.1199999999993,2,263.08000000000004,swap,notBad
5489,7,644.1199999999993,2,263.08000000000004,2opt,notBad
5490,7,644.1199999999993,2,263.08000000000004,2opt,notBad
5491,7,644.1199999999993,2,263.08000000000004,swap,notBad
5492,7,644.1199999999993,2,263.08000000000004,swap,notBad
5493,7,644.1199999999993,2,263.08000000000004,2opt,notBad
5494,7,644.1199999999993,2,263.08000000000004,swap,notBad
5495,7,644.1199999999993,2,263.08000000000004,move,improve
5496,7,644.1199999999993,2,263.08000000000004,swap,notBad
5497,7,644.1199999999993,2,263.08000000000004,swap,notBad
5498,7,644.1199999999993,2,263.08000000000004,swap,notBad
5499,7,644.1199999999993,2,263.08000000000004,2opt,notBad
5500,7,644.1199999999993,2,263.08000000000004,2opt,notBad
5501,7,644.1199999999993,2,263.08000000000004,swap,notBad
5502,7,644.1199999999993,2,263.08000000000004,swap,notBad
5503,7,644.1199999999993,2,263.08000000000004,swap,notBad
5504,7,644.1199999999993,2,263.08000000000004,2opt,notBad
5505,7,644.1199999999993,2,263.08000000000004,swap,notBad
5506,7,644.1199999999993,2,263.08000000000004,2opt,notBad
5507,7,644.1199999999993,2,263.08000000000004,2opt,notBad
5508,7,644.1199999999993,2,263.08000000000004,2opt,notBad
5509,7,640.7999999999993,2,263.08000000000004,move,improve
5510,7,640.5199999999993,2,263.08000000000004,move,improve
5511,7,640.5199999999993,2,263.08000000000004,2opt,notBad
5512,7,640.5199999999993,2,263.08000000000004,move,improve
5513,7,640.5199999999993,2,263.08000000000004,2opt,notBad
5514,7,640.5199999999993,2,263.08000000000004,swap,notBad
5515,7,640.5199999999993,2,263.08000000000004,2opt,notBad
5516,7,640.5199999999993,2,263.08000000000004,2opt,notBad
5517,7,636.5999999999993,2,263.08000000000004,move,improve
5518,7,636.5999999999993,2,263.08000000000004,move,improve
5519,7,636.5999999999993,2,263.08000000000004,2opt,notBad
5520,7,636.5999999999993,2,263.08000000000004,move,improve
5521,7,636.5999999999992,2,263.08000000000004,move,improve
5522,7,636.5999999999992,2,263.08000000000004,2opt,notBad
5523,7,636.5999999999992,2,263.08000000000004,move,improve
5524,7,636.5999999999992,2,263.08000000000004,2opt,notBad
5525,7,636.5999999999992,2,263.08000000000004,2opt,improve
5526,7,636.5999999999992,2,263.08000000000004,swap,notBad
5527,7,636.5999999999992,2,263.08000000000004,2opt,notBad
5528,7,636.5999999999992,2,263.08000000000004,2opt,notBad
5529,7,642.8399999999993,2,263.08000000000004,swap,acceptBad
5530,7,642.8399999999993,2,263.08000000000004,move,improve
5531,7,642.8399999999993,2,263.08000000000004,2opt,notBad
5532,7,642.8399999999993,2,263.08000000000004,move,improve
5533,7,642.8399999999993,2,263.08000000000004,move,improve
5534,7,642.8399999999993,2,263.08000000000004,2opt,notBad
5535,7,642.8399999999993,2,263.08000000000004,2opt,notBad
5536,7,642.8399999999993,2,263.08000000000004,move,improve
5537,7,642.8399999999993,2,263.08000000000004,2opt,notBad
5538,7,642.8399999999993,2,263.08000000000004,move,improve
5539,7,642.8399999999993,2,263.08000000000004,2opt,notBad
5540,7,642.3599999999993,2,263.08000000000004,swap,improve
5541,7,642.3599999999993,2,263.08000000000004,2opt,improve
5542,7,642.3599999999993,2,263.08000000000004,2opt,notBad
5543,7,642.3599999999993,2,263.08000000000004,swap,notBad
5544,7,642.3599999999993,2,263.08000000000004,swap,notBad
5545,7,642.3599999999993,2,263.08000000000004,swap,notBad
5546,7,642.3599999999993,2,263.08000000000004,2opt,notBad
5547,7,639.6799999999994,2,263.08000000000004,move,improve
5548,7,639.6799999999994,2,263.08000000000004,move,improve
5549,7,639.6799999999994,2,263.08000000000004,swap,notBad
5550,7,639.6799999999994,2,263.08000000000004,move,improve
5551,7,639.6799999999994,2,263.08000000000004,swap,notBad
5552,7,639.6799999999994,2,263.08000000000004,2opt,notBad
5553,7,639.6799999999994,2,263.08000000000004,2opt,notBad
5554,7,639.6799999999994,2,263.08000000000004,swap,notBad
5555,7,639.6799999999994,2,263.08000000000004,move,improve
5556,7,639.6799999999994,2,263.08000000000004,move,improve
5557,7,639.6799999999994,2,263.08000000000004,swap,notBad
5558,7,639.6799999999994,2,263.08000000000004,2opt,notBad
5559,7,639.6799999999994,2,263.08000000000004,move,improve
5560,7,639.6799999999994,2,263.08000000000004,move,improve
5561,7,639.6799999999994,2,263.08000000000004,move,improve
5562,7,639.6799999999994,2,263.08000000000004,2opt,notBad
5563,7,639.6799999999994,2,263.08000000000004,move,improve
5564,7,639.5199999999993,2,263.08000000000004,move,improve
5565,7,639.5199999999993,2,263.08000000000004,2opt,notBad
5566,7,643.199999999999,2,263.08000000000004,swap,acceptBad
5567,7,643.199999999999,2,263.08000000000004,2opt,notBad
5568,7,643.199999999999,2,263.08000000000004,2opt,notBad
5569,7,642.599999999999,2,263.08000000000004,move,improve
5570,7,642.599999999999,2,263.08000000000004,swap,notBad
5571,7,642.599999999999,2,263.08000000000004,move,improve
5572,7,642.599999999999,2,263.08000000000004,2opt,notBad
5573,7,642.599999999999,2,263.08000000000004,move,improve
5574,7,642.599999999999,2,263.08000000000004,swap,notBad
5575,7,642.599999999999,2,263.08000000000004,move,improve
5576,7,642.599999999999,2,263.08000000000004,2opt,notBad
5577,7,642.599999999999,2,263.08000000000004,2opt,notBad
5578,7,642.599999999999,2,263.08000000000004,move,improve
5579,7,642.599999999999,2,263.08000000000004,move,improve
5580,7,642.599999999999,2,263.08000000000004,swap,notBad
5581,7,642.599999999999,2,263.08000000000004,move,improve
5582,7,642.599999999999,2,263.08000000000004,move,improve
5583,7,642.599999999999,2,263.08000000000004,2opt,notBad
5584,7,642.599999999999,2,263.08000000000004,swap,notBad
5585,7,642.599999999999,2,263.08000000000004,swap,notBad
5586,7,644.2800000000002,2,263.08000000000004,swap,acceptBad
5587,7,644.2800000000002,2,263.08000000000004,2opt,notBad
5588,7,644.2800000000002,2,263.08000000000004,move,improve
5589,7,644.2800000000002,2,263.08000000000004,swap,notBad
5590,7,644.2800000000002,2,263.08000000000004,move,improve
5591,7,644.2800000000002,2,263.08000000000004,2opt,improve
5592,7,644.2800000000002,2,263.08000000000004,swap,notBad
5593,7,644.2800000000002,2,263.08000000000004,2opt,improve
5594,7,644.2800000000002,2,263.08000000000004,2opt,notBad
5595,7,644.2800000000002,2,263.08000000000004,2opt,notBad
5596,7,644.2800000000002,2,263.08000000000004,swap,notBad
5597,7,644.2800000000002,2,263.08000000000004,2opt,notBad
5598,7,644.2800000000002,2,263.08000000000004,move,improve
5599,7,644.2800000000002,2,263.08000000000004,swap,notBad
5600,7,644.2800000000002,2,263.08000000000004,swap,notBad
5601,7,644.2800000000002,2,263.08000000000004,move,improve
5602,7,644.2800000000002,2,263.08000000000004,2opt,notBad
5603,7,644.2800000000002,2,263.08000000000004,move,improve
5604,7,644.2800000000002,2,263.08000000000004,2opt,notBad
5605,7,644.2800000000002,2,263.08000000000004,swap,notBad
5606,7,644.2800000000002,2,263.08000000000004,2opt,notBad
5607,7,644.2800000000002,2,263.08000000000004,2opt,notBad
5608,7,644.2800000000002,2,263.08000000000004,2opt,notBad
5609,7,644.2800000000002,2,263.08000000000004,2opt,notBad
5610,7,644.2800000000002,2,263.08000000000004,swap,notBad
5611,7,643.7200000000003,2,263.08000000000004,move,improve
5612,7,643.7200000000003,2,263.08000000000004,2opt,notBad
5613,7,643.7200000000003,2,263.08000000000004,move,improve
5614,7,643.7200000000003,2,263.08000000000004,2opt,notBad
5615,7,643.7200000000003,2,263.08000000000004,swap,notBad
5616,7,643.7200000000003,2,263.08000000000004,move,improve
5617,7,643.7200000000003,2,263.08000000000004,move,improve
5618,7,643.7200000000003,2,263.08000000000004,swap,notBad
5619,7,643.7200000000003,2,263.08000000000004,move,notBad
5620,7,643.7200000000003,2,263.08000000000004,move,improve
5621,7,643.7200000000003,2,263.08000000000004,2opt,notBad
5622,7,643.7200000000003,2,263.08000000000004,move,improve
5623,7,642.6000000000001,2,263.08000000000004,swap,improve
5624,7,642.6000000000001,2,263.08000000000004,swap,notBad
5625,7,642.6000000000001,2,263.08000000000004,move,improve
5626,7,642.6000000000001,2,263.08000000000004,move,improve
5627,7,643.7200000000003,2,263.08000000000004,swap,acceptBad
5628,7,643.7200000000003,2,263.08000000000004,swap,notBad
5629,7,643.7200000000003,2,263.08000000000004,2opt,notBad
5630,7,643.7200000000003,2,263.08000000000004,2opt,improve
5631,7,643.7200000000003,2,263.08000000000004,move,improve
5632,7,643.7200000000003,2,263.08000000000004,swap,notBad
5633,7,643.7200000000003,2,263.08000000000004,2opt,notBad
5634,7,643.7200000000003,2,263.08000000000004,swap,notBad
5635,7,643.7200000000003,2,263.08000000000004,swap,notBad
5636,7,643.7200000000003,2,263.08000000000004,2opt,notBad
5637,7,643.7200000000003,2,263.08000000000004,2opt,notBad
5638,7,643.7200000000003,2,263.08000000000004,2opt,notBad
5639,7,643.7200000000003,2,263.08000000000004,2opt,improve
5640,7,643.7200000000003,2,263.08000000000004,swap,notBad
5641,7,643.7200000000003,2,263.08000000000004,2opt,notBad
5642,7,643.7200000000003,2,263.08000000000004,2opt,notBad
5643,7,643.7200000000003,2,263.08000000000004,swap,notBad
5644,7,643.7200000000003,2,263.08000000000004,move,improve
5645,7,643.7200000000003,2,263.08000000000004,move,improve
5646,7,643.7200000000003,2,263.08000000000004,move,improve
5647,7,643.7200000000003,2,263.08000000000004,swap,notBad
5648,7,643.7200000000003,2,263.08000000000004,2opt,notBad
5649,7,643.7200000000003,2,263.08000000000004,swap,notBad
5650,7,643.7200000000003,2,263.08000000000004,move,improve
5651,7,643.7200000000003,2,263.08000000000004,move,improve
5652,7,642.2000000000003,2,263.08000000000004,move,improve
5653,7,642.2000000000003,2,263.08000000000004,swap,notBad
5654,7,642.2000000000003,2,263.08000000000004,swap,notBad
5655,7,642.2000000000003,2,263.08000000000004,move,improve
5656,7,642.2000000000003,2,263.08000000000004,2opt,notBad
5657,7,642.2000000000003,2,263.08000000000004,2opt,notBad
5658,7,642.2000000000003,2,263.08000000000004,swap,notBad
5659,7,642.2000000000003,2,263.08000000000004,swap,notBad
5660,7,642.2000000000003,2,263.08000000000004,2opt,notBad
5661,7,642.2000000000003,2,263.08000000000004,2opt,notBad
5662,7,642.2000000000003,2,263.08000000000004,swap,notBad
5663,7,642.2000000000003,2,263.08000000000004,2opt,notBad
5664,7,639.7200000000003,2,263.08000000000004,move,improve
5665,7,639.7200000000003,2,263.08000000000004,move,notBad
5666,7,639.7200000000003,2,263.08000000000004,swap,notBad
5667,7,645.1999999999989,2,263.08000000000004,swap,acceptBad
5668,7,645.1999999999989,2,263.08000000000004,swap,notBad
5669,7,645.1999999999989,2,263.08000000000004,swap,notBad
5670,7,645.1999999999989,2,263.08000000000004,move,improve
5671,7,645.1999999999989,2,263.08000000000004,2opt,notBad
5672,7,645.1999999999989,2,263.08000000000004,move,improve
5673,7,645.1999999999989,2,263.08000000000004,2opt,notBad
5674,7,645.1999999999989,2,263.08000000000004,swap,notBad
5675,7,645.1999999999989,2,263.08000000000004,swap,notBad
5676,7,645.1999999999989,2,263.08000000000004,2opt,notBad
5677,7,645.1999999999989,2,263.08000000000004,move,improve
5678,7,645.1999999999989,2,263.08000000000004,2opt,notBad
5679,7,645.1999999999989,2,263.08000000000004,move,improve
5680,7,639.3599999999999,2,263.08000000000004,move,improve
5681,7,639.3599999999999,2,263.08000000000004,swap,notBad
5682,7,639.3599999999999,2,263.08000000000004,2opt,notBad
5683,7,639.3599999999999,2,263.08000000000004,swap,notBad
5684,7,639.3599999999999,2,263.08000000000004,swap,notBad
5685,7,639.3599999999999,2,263.08000000000004,2opt,notBad
5686,7,639.3599999999999,2,263.08000000000004,swap,notBad
5687,7,639.3599999999999,2,263.08000000000004,move,improve
5688,7,639.3599999999999,2,263.08000000000004,move,improve
5689,7,639.3599999999999,2,263.08000000000004,move,improve
5690,7,639.3599999999999,2,263.08000000000004,move,improve
5691,7,639.3599999999999,2,263.08000000000004,move,improve
5692,7,639.3599999999999,2,263.08000000000004,move,improve
5693,7,639.3599999999999,2,263.08000000000004,move,improve
5694,7,639.3599999999999,2,263.08000000000004,swap,notBad
5695,7,639.3599999999999,2,263.08000000000004,2opt,notBad
5696,7,639.3599999999999,2,263.08000000000004,2opt,notBad
5697,7,639.3599999999999,2,263.08000000000004,2opt,notBad
5698,7,639.3599999999999,2,263.08000000000004,swap,notBad
5699,7,639.3599999999999,2,263.08000000000004,swap,notBad
5700,7,639.3599999999999,2,263.08000000000004,swap,notBad
5701,7,639.3599999999999,2,263.08000000000004,2opt,notBad
5702,7,639.3599999999999,2,263.08000000000004,swap,notBad
5703,7,639.3599999999999,2,263.08000000000004,move,improve
5704,7,639.3599999999999,2,263.08000000000004,2opt,notBad
5705,7,639.3599999999999,2,263.08000000000004,2opt,notBad
5706,7,638.1599999999999,2,263.08000000000004,2opt,improve
5707,7,633.2399999999998,2,263.08000000000004,move,improve
5708,7,633.2399999999998,2,263.08000000000004,swap,notBad
5709,7,633.2399999999998,2,263.08000000000004,swap,notBad
5710,7,633.2399999999998,2,263.08000000000004,2opt,notBad
5711,7,633.2399999999998,2,263.08000000000004,move,improve
5712,7,633.2399999999998,2,263.08000000000004,move,improve
5713,7,633.2399999999998,2,263.08000000000004,move,improve
5714,7,633.2399999999998,2,263.08000000000004,2opt,notBad
5715,7,633.2399999999998,2,263.08000000000004,swap,notBad
5716,7,633.2399999999998,2,263.08000000000004,2opt,notBad
5717,7,633.2399999999998,2,263.08000000000004,swap,notBad
5718,7,633.2399999999998,2,263.08000000000004,2opt,notBad
5719,6,616.8600000000001,2,263.08000000000004,move,improve
5720,6,616.8600000000001,2,263.08000000000004,2opt,notBad
5721,6,513.6599999999999,2,263.08000000000004,move,improve
5722,6,513.6599999999999,2,263.08000000000004,2opt,notBad
5723,6,513.6599999999999,2,263.08000000000004,2opt,notBad
5724,6,513.6599999999999,2,263.08000000000004,move,improve
5725,6,513.6599999999999,2,263.08000000000004,swap,notBad
5726,6,513.6599999999999,2,263.08000000000004,move,improve
5727,6,513.6599999999999,2,263.08000000000004,swap,notBad
5728,6,513.6599999999999,2,263.08000000000004,2opt,notBad
5729,6,513.6599999999999,2,263.08000000000004,swap,notBad
5730,6,513.6599999999999,2,263.08000000000004,2opt,notBad
5731,6,513.8199999999999,2,263.08000000000004,swap,acceptBad
5732,6,513.8199999999999,2,263.08000000000004,move,improve
5733,6,513.8199999999999,2,263.08000000000004,swap,notBad
5734,6,513.8199999999999,2,263.08000000000004,swap,notBad
5735,6,513.8199999999999,2,263.08000000000004,swap,notBad
5736,6,518.54,2,263.08000000000004,swap,acceptBad
5737,6,518.54,2,263.08000000000004,2opt,notBad
5738,6,518.54,2,263.08000000000004,swap,notBad
5739,6,518.54,2,263.08000000000004,swap,notBad
5740,6,518.54,2,263.08000000000004,swap,notBad
5741,6,518.54,2,263.08000000000004,move,improve
5742,6,518.54,2,263.08000000000004,move,improve
5743,6,518.54,2,263.08000000000004,move,improve
5744,6,518.54,2,263.08000000000004,swap,notBad
5745,6,518.54,2,263.08000000000004,swap,notBad
5746,6,518.54,2,263.08000000000004,2opt,notBad
5747,6,518.54,2,263.08000000000004,move,improve
5748,6,518.18,2,263.08000000000004,swap,improve
5749,6,518.18,2,263.08000000000004,2opt,notBad
5750,6,518.18,2,263.08000000000004,2opt,notBad
5751,6,518.18,2,263.08000000000004,swap,notBad
5752,6,518.18,2,263.08000000000004,move,improve
5753,6,518.18,2,263.08000000000004,move,improve
5754,6,518.18,2,263.08000000000004,2opt,notBad
5755,6,516.6599999999999,2,263.08000000000004,move,improve
5756,6,516.6599999999999,2,263.08000000000004,move,improve
5757,6,512.0999999999999,2,263.08000000000004,move,improve
5758,6,512.0999999999999,2,263.08000000000004,2opt,notBad
5759,6,512.0999999999999,2,263.08000000000004,2opt,notBad
5760,6,512.0999999999999,2,263.08000000000004,swap,notBad
5761,6,512.0999999999999,2,263.08000000000004,move,improve
5762,6,512.0999999999999,2,263.08000000000004,swap,notBad
5763,6,512.0999999999999,2,263.08000000000004,move,improve
5764,6,512.0999999999999,2,263.08000000000004,move,improve
5765,6,512.0999999999999,2,263.08000000000004,swap,notBad
5766,6,512.0999999999999,2,263.08000000000004,swap,notBad
5767,6,512.0999999999999,2,263.08000000000004,2opt,notBad
5768,6,512.0999999999999,2,263.08000000000004,2opt,notBad
5769,6,512.0999999999999,2,263.08000000000004,swap,notBad
5770,6,512.0999999999999,2,263.08000000000004,move,improve
5771,6,512.0999999999999,2,263.08000000000004,move,improve
5772,6,512.0999999999999,2,263.08000000000004,2opt,notBad
5773,6,512.0999999999999,2,263.08000000000004,move,improve
5774,6,512.0999999999999,2,263.08000000000004,move,improve
5775,6,512.0999999999999,2,263.08000000000004,swap,notBad
5776,6,512.0999999999999,2,263.08000000000004,move,improve
5777,6,512.0999999999999,2,263.08000000000004,move,improve
5778,6,512.0999999999999,2,263.08000000000004,move,improve
5779,6,512.0999999999999,2,263.08000000000004,2opt,notBad
5780,6,512.0999999999999,2,263.08000000000004,2opt,notBad
5781,6,512.0999999999999,2,263.08000000000004,2opt,notBad
5782,6,512.0999999999999,2,263.08000000000004,swap,notBad
5783,6,512.0999999999999,2,263.08000000000004,swap,notBad
5784,6,512.0999999999999,2,263.08000000000004,swap,notBad
5785,6,512.0999999999999,2,263.08000000000004,move,improve
5786,6,512.0999999999999,2,263.08000000000004,2opt,notBad
5787,6,512.0999999999999,2,263.08000000000004,2opt,notBad
5788,6,512.0999999999999,2,263.08000000000004,move,improve
5789,6,512.0999999999999,2,263.08000000000004,2opt,notBad
5790,6,520.3800000000006,2,263.08000000000004,move,acceptBad
5791,6,520.3800000000006,2,263.08000000000004,swap,notBad
5792,6,520.3800000000006,2,263.08000000000004,move,improve
5793,6,520.3800000000006,2,263.08000000000004,swap,notBad
5794,6,520.3800000000006,2,263.08000000000004,2opt,notBad
5795,6,520.3800000000006,2,263.08000000000004,2opt,notBad
5796,6,520.3800000000006,2,263.08000000000004,2opt,notBad
5797,6,520.3800000000006,2,263.08000000000004,move,improve
5798,6,520.3800000000006,2,263.08000000000004,swap,notBad
5799,6,520.3800000000006,2,263.08000000000004,2opt,notBad
5800,6,520.3800000000006,2,263.08000000000004,move,improve
5801,6,520.3800000000006,2,263.08000000000004,2opt,notBad
5802,6,520.3800000000006,2,263.08000000000004,move,improve
5803,6,520.3800000000006,2,263.08000000000004,2opt,improve
5804,6,520.3800000000006,2,263.08000000000004,move,improve
5805,6,521.8200000000006,2,263.08000000000004,swap,acceptBad
5806,6,521.8200000000006,2,263.08000000000004,swap,notBad
5807,6,521.8200000000006,2,263.08000000000004,move,improve
5808,6,521.8200000000006,2,263.08000000000004,move,improve
5809,6,521.8200000000006,2,263.08000000000004,move,improve
5810,6,521.8200000000006,2,263.08000000000004,2opt,notBad
5811,6,521.8200000000006,2,263.08000000000004,swap,notBad
5812,6,521.8200000000006,2,263.08000000000004,2opt,notBad
5813,6,521.8200000000006,2,263.08000000000004,move,improve
5814,6,521.8200000000006,2,263.08000000000004,move,improve
5815,6,521.8200000000006,2,263.08000000000004,2opt,notBad
5816,6,521.8200000000006,2,263.08000000000004,move,improve
5817,6,521.8200000000006,2,263.08000000000004,2opt,notBad
5818,6,521.8200000000006,2,263.08000000000004,2opt,notBad
5819,6,521.8200000000006,2,263.08000000000004,swap,notBad
5820,6,521.8200000000006,2,263.08000000000004,swap,notBad
5821,6,521.8200000000006,2,263.08000000000004,swap,notBad
5822,6,521.8200000000006,2,263.08000000000004,move,improve
5823,6,521.8200000000006,2,263.08000000000004,swap,notBad
5824,6,521.8200000000006,2,263.08000000000004,2opt,notBad
5825,6,521.8200000000006,2,263.08000000000004,2opt,notBad
5826,6,521.8200000000006,2,263.08000000000004,swap,notBad
5827,6,521.8200000000006,2,263.08000000000004,swap,notBad
5828,6,521.8200000000006,2,263.08000000000004,2opt,notBad
5829,6,521.8200000000006,2,263.08000000000004,swap,notBad
5830,6,521.8200000000006,2,263.08000000000004,2opt,notBad
5831,6,520.6600000000005,2,263.08000000000004,move,improve
5832,6,520.6600000000005,2,263.08000000000004,swap,notBad
5833,6,520.6600000000005,2,263.08000000000004,2opt,notBad
5834,6,520.6600000000005,2,263.08000000000004,move,improve
5835,6,520.6600000000005,2,263.08000000000004,swap,notBad
5836,6,520.6600000000005,2,263.08000000000004,2opt,notBad
5837,6,520.6600000000005,2,263.08000000000004,2opt,notBad
5838,6,520.6600000000005,2,263.08000000000004,move,improve
5839,6,520.9000000000007,2,263.08000000000004,2opt,acceptBad
5840,6,520.9000000000007,2,263.08000000000004,swap,notBad
5841,6,520.9000000000007,2,263.08000000000004,2opt,notBad
5842,6,520.9000000000007,2,263.08000000000004,move,improve
5843,6,520.9000000000007,2,263.08000000000004,move,improve
5844,6,520.9000000000007,2,263.08000000000004,swap,notBad
5845,6,520.9000000000007,2,263.08000000000004,swap,notBad
5846,6,520.9000000000007,2,263.08000000000004,2opt,notBad
5847,6,520.9000000000007,2,263.08000000000004,swap,notBad
5848,6,520.9000000000007,2,263.08000000000004,2opt,notBad
5849,6,520.9000000000007,2,263.08000000000004,2opt,notBad
5850,6,518.6200000000006,2,263.08000000000004,move,improve
5851,6,518.6200000000006,2,263.08000000000004,move,improve
5852,6,517.9000000000007,2,263.08000000000004,move,improve
5853,6,517.9000000000007,2,263.08000000000004,move,improve
5854,6,517.9000000000007,2,263.08000000000004,move,improve
5855,6,517.9000000000007,2,263.08000000000004,2opt,notBad
5856,6,517.9000000000007,2,263.08000000000004,move,improve
5857,6,517.9000000000007,2,263.08000000000004,swap,notBad
5858,6,517.9000000000007,2,263.08000000000004,2opt,notBad
5859,6,517.9000000000007,2,263.08000000000004,2opt,notBad
5860,6,517.9000000000007,2,263.08000000000004,move,improve
5861,6,517.9000000000007,2,263.08000000000004,move,improve
5862,6,517.9000000000007,2,263.08000000000004,2opt,notBad
5863,6,517.9000000000007,2,263.08000000000004,swap,notBad
5864,6,517.9000000000007,2,263.08000000000004,move,improve
5865,6,517.9000000000007,2,263.08000000000004,move,improve
5866,6,517.9000000000007,2,263.08000000000004,move,improve
5867,6,517.9000000000007,2,263.08000000000004,2opt,notBad
5868,6,517.9000000000007,2,263.08000000000004,swap,notBad
5869,6,517.9000000000007,2,263.08000000000004,2opt,notBad
5870,6,517.9000000000007,2,263.08000000000004,2opt,notBad
5871,6,517.9000000000007,2,263.08000000000004,2opt,notBad
5872,6,517.9000000000007,2,263.08000000000004,2opt,notBad
5873,6,517.9000000000007,2,263.08000000000004,move,improve
5874,6,517.9000000000007,2,263.08000000000004,swap,notBad
5875,6,517.9000000000007,2,263.08000000000004,swap,notBad
5876,6,516.5800000000006,2,263.08000000000004,2opt,improve
5877,6,516.5800000000006,2,263.08000000000004,swap,notBad
5878,6,516.5800000000006,2,263.08000000000004,swap,notBad
5879,6,516.5800000000006,2,263.08000000000004,move,improve
5880,6,516.5800000000006,2,263.08000000000004,2opt,notBad
5881,6,516.5800000000006,2,263.08000000000004,swap,notBad
5882,6,516.5800000000006,2,263.08000000000004,2opt,notBad
5883,6,516.5800000000006,2,263.08000000000004,move,improve
5884,6,516.5800000000006,2,263.08000000000004,swap,notBad
5885,6,516.5800000000006,2,263.08000000000004,swap,notBad
5886,6,508.2999999999999,2,263.08000000000004,move,improve
5887,6,508.2999999999999,2,263.08000000000004,move,improve
5888,6,508.2999999999999,2,263.08000000000004,2opt,notBad
5889,6,508.2999999999999,2,263.08000000000004,swap,notBad
5890,6,508.2999999999999,2,263.08000000000004,2opt,notBad
5891,6,508.2999999999999,2,263.08000000000004,swap,notBad
5892,6,508.2999999999999,2,263.08000000000004,2opt,notBad
5893,6,508.2999999999999,2,263.08000000000004,2opt,notBad
5894,6,508.2999999999999,2,263.08000000000004,swap,notBad
5895,6,508.2999999999999,2,263.08000000000004,2opt,improve
5896,6,508.2999999999999,2,263.08000000000004,2opt,notBad
5897,6,508.2999999999999,2,263.08000000000004,move,improve
5898,6,508.2999999999999,2,263.08000000000004,swap,notBad
5899,6,508.2999999999999,2,263.08000000000004,swap,notBad
5900,6,508.2999999999999,2,263.08000000000004,move,improve
5901,6,508.2999999999999,2,263.08000000000004,swap,notBad
5902,6,508.2999999999999,2,263.08000000000004,swap,notBad
5903,6,508.2999999999999,2,263.08000000000004,swap,notBad
5904,6,508.2999999999999,2,263.08000000000004,move,improve
5905,6,508.2999999999999,2,263.08000000000004,2opt,improve
5906,6,508.2999999999999,2,263.08000000000004,2opt,improve
5907,6,508.2999999999999,2,263.08000000000004,move,improve
5908,6,508.2999999999999,2,263.08000000000004,move,improve
5909,6,508.2999999999999,2,263.08000000000004,move,improve
5910,6,508.2999999999999,2,263.08000000000004,2opt,notBad
5911,6,508.2999999999999,2,263.08000000000004,move,improve
5912,6,507.5399999999999,2,263.08000000000004,move,improve
5913,6,507.5399999999999,2,263.08000000000004,swap,notBad
5914,6,507.5399999999999,2,263.08000000000004,move,improve
5915,6,507.5399999999999,2,263.08000000000004,2opt,notBad
5916,6,507.5399999999999,2,263.08000000000004,swap,notBad
5917,6,507.5399999999999,2,263.08000000000004,move,improve
5918,6,507.5399999999999,2,263.08000000000004,swap,notBad
5919,6,507.5399999999999,2,263.08000000000004,2opt,notBad
5920,6,507.5399999999999,2,263.08000000000004,2opt,notBad
5921,6,507.5399999999999,2,263.08000000000004,2opt,notBad
5922,6,507.5399999999999,2,263.08000000000004,swap,notBad
5923,6,507.5399999999999,2,263.08000000000004,2opt,notBad
5924,6,507.5399999999999,2,263.08000000000004,move,improve
5925,6,507.5399999999999,2,263.08000000000004,move,improve
5926,6,507.5399999999999,2,263.08000000000004,2opt,notBad
5927,6,507.5399999999999,2,263.08000000000004,2opt,notBad
5928,6,507.5399999999999,2,263.08000000000004,swap,notBad
5929,6,507.5399999999999,2,263.08000000000004,move,improve
5930,6,507.5399999999999,2,263.08000000000004,swap,notBad
5931,6,507.5399999999999,2,263.08000000000004,swap,notBad
5932,6,507.5399999999999,2,263.08000000000004,2opt,notBad
5933,6,507.5399999999999,2,263.08000000000004,move,improve
5934,6,507.5399999999999,2,263.08000000000004,swap,notBad
5935,6,507.5399999999999,2,263.08000000000004,move,improve
5936,6,507.5399999999999,2,263.08000000000004,2opt,notBad
5937,6,507.5399999999999,2,263.08000000000004,swap,notBad
5938,6,507.5399999999999,2,263.08000000000004,2opt,notBad
5939,6,507.5399999999999,2,263.08000000000004,2opt,notBad
5940,6,507.5399999999999,2,263.08000000000004,swap,notBad
5941,6,507.5399999999999,2,263.08000000000004,move,improve
5942,6,507.5399999999999,2,263.08000000000004,swap,notBad
5943,6,507.5399999999999,2,263.08000000000004,move,improve
5944,6,507.5399999999999,2,263.08000000000004,2opt,notBad
5945,6,507.5399999999999,2,263.08000000000004,2opt,notBad
5946,6,507.5399999999999,2,263.08000000000004,move,improve
5947,6,513.3,2,263.08000000000004,swap,acceptBad
5948,6,513.3,2,263.08000000000004,move,improve
5949,6,513.3,2,263.08000000000004,2opt,notBad
5950,6,513.3,2,263.08000000000004,move,improve
5951,6,513.3,2,263.08000000000004,swap,notBad
5952,6,513.3,2,263.08000000000004,move,improve
5953,6,513.3,2,263.08000000000004,2opt,notBad
5954,6,513.3,2,263.08000000000004,2opt,notBad
5955,6,513.3,2,263.08000000000004,2opt,notBad
5956,6,513.3,2,263.08000000000004,2opt,notBad
5957,6,513.3,2,263.08000000000004,2opt,notBad
5958,6,513.3,2,263.08000000000004,2opt,notBad
5959,6,513.3,2,263.08000000000004,swap,notBad
5960,6,513.3,2,263.08000000000004,move,improve
5961,6,513.3,2,263.08000000000004,2opt,notBad
5962,6,513.3,2,263.08000000000004,swap,notBad
5963,6,513.3,2,263.08000000000004,swap,notBad
5964,6,513.3,2,263.08000000000004,move,improve
5965,6,512.8199999999999,2,263.08000000000004,move,improve
5966,6,512.8199999999999,2,263.08000000000004,2opt,notBad
5967,6,512.8199999999999,2,263.08000000000004,swap,notBad
5968,6,512.8199999999999,2,263.08000000000004,move,improve
5969,6,512.8199999999999,2,263.08000000000004,2opt,notBad
5970,6,512.8199999999999,2,263.08000000000004,2opt,notBad
5971,6,509.9399999999996,2,263.08000000000004,swap,improve
5972,6,509.9399999999996,2,263.08000000000004,swap,notBad
5973,6,509.9399999999996,2,263.08000000000004,swap,notBad
5974,6,509.9399999999996,2,263.08000000000004,move,improve
5975,6,509.9399999999996,2,263.08000000000004,swap,notBad
5976,6,509.9399999999996,2,263.08000000000004,swap,notBad
5977,6,509.9399999999996,2,263.08000000000004,swap,notBad
5978,6,509.9399999999996,2,263.08000000000004,move,improve
5979,6,509.9399999999996,2,263.08000000000004,2opt,notBad
5980,6,509.9399999999996,2,263.08000000000004,2opt,notBad
5981,6,509.9399999999996,2,263.08000000000004,2opt,notBad
5982,6,509.9399999999996,2,263.08000000000004,move,improve
5983,6,509.9399999999996,2,263.08000000000004,swap,notBad
5984,6,509.9399999999996,2,263.08000000000004,swap,notBad
5985,6,509.9399999999996,2,263.08000000000004,2opt,notBad
5986,6,509.9399999999996,2,263.08000000000004,2opt,notBad
5987,6,509.9399999999996,2,263.08000000000004,move,improve
5988,6,509.9399999999996,2,263.08000000000004,move,improve
5989,6,509.9399999999996,2,263.08000000000004,swap,notBad
5990,6,509.9399999999996,2,263.08000000000004,swap,notBad
5991,6,509.9399999999996,2,263.08000000000004,move,improve
5992,6,513.1799999999996,2,263.08000000000004,swap,acceptBad
5993,6,513.1799999999996,2,263.08000000000004,2opt,notBad
5994,6,513.1799999999996,2,263.08000000000004,2opt,notBad
5995,6,513.1399999999996,2,263.08000000000004,2opt,improve
5996,6,513.1399999999996,2,263.08000000000004,2opt,notBad
5997,6,513.1399999999996,2,263.08000000000004,2opt,notBad
5998,6,513.1399999999996,2,263.08000000000004,move,improve
5999,6,513.1399999999996,2,263.08000000000004,move,improve
6000,6,513.1399999999996,2,263.08000000000004,2opt,notBad
6001,6,513.1399999999996,2,263.08000000000004,2opt,notBad
6002,6,513.1399999999996,2,263.08000000000004,swap,notBad
6003,6,513.1399999999996,2,263.08000000000004,move,improve
6004,6,512.6999999999996,2,263.08000000000004,move,improve
6005,6,512.6999999999996,2,263.08000000000004,move,improve
6006,6,512.6999999999996,2,263.08000000000004,2opt,notBad
6007,6,512.6999999999996,2,263.08000000000004,2opt,notBad
6008,6,512.6999999999996,2,263.08000000000004,2opt,notBad
6009,6,512.6999999999996,2,263.08000000000004,swap,notBad
6010,6,512.6999999999996,2,263.08000000000004,move,improve
6011,6,512.6999999999996,2,263.08000000000004,swap,notBad
6012,6,512.6999999999996,2,263.08000000000004,swap,notBad
6013,6,512.6999999999996,2,263.08000000000004,swap,notBad
6014,6,512.6999999999996,2,263.08000000000004,swap,notBad
6015,6,512.6999999999996,2,263.08000000000004,2opt,notBad
6016,6,512.6999999999996,2,263.08000000000004,move,improve
6017,6,512.6999999999996,2,263.08000000000004,2opt,notBad
6018,6,512.6999999999996,2,263.08000000000004,2opt,notBad
6019,6,512.6999999999996,2,263.08000000000004,move,improve
6020,6,512.6999999999996,2,263.08000000000004,2opt,notBad
6021,6,512.6999999999996,2,263.08000000000004,2opt,notBad
6022,6,512.6999999999996,2,263.08000000000004,move,improve
6023,6,512.6999999999996,2,263.08000000000004,move,improve
6024,6,512.6999999999996,2,263.08000000000004,move,improve
6025,6,512.6999999999996,2,263.08000000000004,2opt,notBad
6026,6,512.6999999999996,2,263.08000000000004,2opt,notBad
6027,6,512.6999999999996,2,263.08000000000004,move,improve
6028,6,512.6999999999996,2,263.08000000000004,move,improve
6029,6,512.6999999999996,2,263.08000000000004,swap,notBad
6030,6,512.6999999999996,2,263.08000000000004,move,improve
6031,6,512.6999999999996,2,263.08000000000004,swap,notBad
6032,6,512.6999999999996,2,263.08000000000004,swap,notBad
6033,6,512.6999999999996,2,263.08000000000004,2opt,notBad
6034,6,512.6999999999996,2,263.08000000000004,move,improve
6035,6,512.6999999999996,2,263.08000000000004,move,improve
6036,6,512.6999999999996,2,263.08000000000004,move,improve
6037,6,511.4199999999996,2,263.08000000000004,move,improve
6038,6,511.4199999999996,2,263.08000000000004,2opt,improve
6039,6,511.4199999999996,2,263.08000000000004,move,improve
6040,6,511.4199999999996,2,263.08000000000004,move,improve
6041,6,511.4199999999996,2,263.08000000000004,move,improve
6042,6,511.4199999999996,2,263.08000000000004,2opt,notBad
6043,6,511.4199999999996,2,263.08000000000004,swap,notBad
6044,6,511.4199999999996,2,263.08000000000004,2opt,notBad
6045,6,511.4199999999996,2,263.08000000000004,move,improve
6046,6,511.4199999999996,2,263.08000000000004,move,improve
6047,6,511.4199999999996,2,263.08000000000004,2opt,notBad
6048,6,511.4199999999996,2,263.08000000000004,move,improve
6049,6,511.4199999999996,2,263.08000000000004,2opt,improve
6050,6,511.4199999999996,2,263.08000000000004,swap,notBad
6051,6,511.4199999999996,2,263.08000000000004,2opt,improve
6052,6,511.4199999999996,2,263.08000000000004,move,improve
6053,6,511.4199999999996,2,263.08000000000004,swap,notBad
6054,6,511.4199999999996,2,263.08000000000004,2opt,notBad
6055,6,511.4199999999996,2,263.08000000000004,2opt,notBad
6056,6,511.4199999999996,2,263.08000000000004,move,improve
6057,6,511.4199999999996,2,263.08000000000004,move,improve
6058,6,511.4199999999996,2,263.08000000000004,swap,notBad
6059,6,511.4199999999996,2,263.08000000000004,move,improve
6060,6,511.4199999999996,2,263.08000000000004,move,improve
6061,6,513.2599999999995,2,263.08000000000004,swap,acceptBad
6062,6,513.2599999999995,2,263.08000000000004,swap,notBad
6063,6,513.2599999999995,2,263.08000000000004,move,improve
6064,6,513.2599999999995,2,263.08000000000004,move,improve
6065,6,513.2599999999995,2,263.08000000000004,swap,notBad
6066,6,513.2599999999995,2,263.08000000000004,2opt,improve
6067,6,513.2599999999995,2,263.08000000000004,2opt,notBad
6068,6,513.2599999999995,2,263.08000000000004,2opt,notBad
6069,6,511.4199999999996,2,263.08000000000004,move,improve
6070,6,511.4199999999996,2,263.08000000000004,swap,notBad
6071,6,511.4199999999996,2,263.08000000000004,swap,notBad
6072,6,511.4199999999996,2,263.08000000000004,move,improve
6073,6,511.4199999999996,2,263.08000000000004,2opt,notBad
6074,6,511.4199999999996,2,263.08000000000004,move,improve
6075,6,511.4199999999996,2,263.08000000000004,move,improve
6076,6,511.4199999999996,2,263.08000000000004,swap,notBad
6077,6,511.4199999999996,2,263.08000000000004,swap,notBad
6078,6,515.0999999999997,2,263.08000000000004,swap,acceptBad
6079,6,515.0999999999997,2,263.08000000000004,swap,notBad
6080,6,515.0999999999997,2,263.08000000000004,2opt,notBad
6081,6,515.0999999999997,2,263.08000000000004,move,improve
6082,6,514.2999999999996,2,263.08000000000004,move,improve
6083,6,514.2999999999996,2,263.08000000000004,2opt,notBad
6084,6,514.2999999999996,2,263.08000000000004,2opt,notBad
6085,6,514.2999999999996,2,263.08000000000004,swap,notBad
6086,6,514.2999999999996,2,263.08000000000004,swap,notBad
6087,6,514.2999999999996,2,263.08000000000004,2opt,notBad
6088,6,514.2999999999996,2,263.08000000000004,move,improve
6089,6,514.2999999999996,2,263.08000000000004,2opt,notBad
6090,6,514.2999999999996,2,263.08000000000004,move,improve
6091,6,514.2999999999996,2,263.08000000000004,swap,notBad
6092,6,514.2999999999996,2,263.08000000000004,swap,notBad
6093,6,514.2999999999996,2,263.08000000000004,2opt,notBad
6094,6,514.2999999999996,2,263.08000000000004,swap,notBad
6095,6,514.2999999999996,2,263.08000000000004,2opt,notBad
6096,6,514.2999999999996,2,263.08000000000004,swap,notBad
6097,6,514.2999999999996,2,263.08000000000004,swap,notBad
6098,6,514.2999999999996,2,263.08000000000004,2opt,notBad
6099,6,514.2999999999996,2,263.08000000000004,swap,notBad
6100,6,514.2999999999996,2,263.08000000000004,swap,notBad
6101,6,514.2999999999996,2,263.08000000000004,2opt,notBad
6102,6,514.2999999999996,2,263.08000000000004,move,improve
6103,6,514.2999999999996,2,263.08000000000004,move,improve
6104,6,514.2999999999996,2,263.08000000000004,move,improve
6105,6,514.2999999999996,2,263.08000000000004,move,improve
6106,6,514.2999999999996,2,263.08000000000004,swap,notBad
6107,6,514.2999999999996,2,263.08000000000004,2opt,notBad
6108,6,514.2999999999996,2,263.08000000000004,2opt,notBad
6109,6,514.2999999999996,2,263.08000000000004,2opt,notBad
6110,6,514.2999999999996,2,263.08000000000004,move,improve
6111,6,514.2999999999996,2,263.08000000000004,swap,notBad
6112,6,514.2999999999996,2,263.08000000000004,swap,notBad
6113,6,514.2999999999996,2,263.08000000000004,move,improve
6114,6,514.2999999999996,2,263.08000000000004,2opt,notBad
6115,6,514.2999999999996,2,263.08000000000004,move,improve
6116,6,514.2999999999996,2,263.08000000000004,2opt,notBad
6117,6,514.2999999999996,2,263.08000000000004,swap,notBad
6118,6,514.2999999999996,2,263.08000000000004,move,improve
6119,6,514.2999999999996,2,263.08000000000004,move,improve
6120,6,514.2999999999996,2,263.08000000000004,2opt,notBad
6121,6,514.2999999999996,2,263.08000000000004,swap,notBad
6122,6,514.2999999999996,2,263.08000000000004,2opt,notBad
6123,6,514.2999999999996,2,263.08000000000004,swap,notBad
6124,6,514.2999999999996,2,263.08000000000004,move,improve
6125,6,514.2999999999996,2,263.08000000000004,move,improve
6126,6,514.2999999999996,2,263.08000000000004,swap,notBad
6127,6,514.2999999999996,2,263.08000000000004,swap,notBad
6128,6,514.2999999999996,2,263.08000000000004,2opt,notBad
6129,6,514.2999999999996,2,263.08000000000004,2opt,notBad
6130,6,514.2999999999996,2,263.08000000000004,move,improve
6131,6,514.2999999999996,2,263.08000000000004,2opt,notBad
6132,6,514.2999999999996,2,263.08000000000004,move,improve
6133,6,514.2999999999996,2,263.08000000000004,swap,notBad
6134,6,514.2999999999996,2,263.08000000000004,swap,notBad
6135,6,514.2999999999996,2,263.08000000000004,2opt,notBad
6136,6,514.2999999999996,2,263.08000000000004,2opt,notBad
6137,6,514.2999999999996,2,263.08000000000004,2opt,notBad
6138,6,514.2999999999996,2,263.08000000000004,2opt,notBad
6139,6,514.2999999999996,2,263.08000000000004,move,improve
6140,6,514.2999999999996,2,263.08000000000004,swap,notBad
6141,6,514.2999999999996,2,263.08000000000004,2opt,notBad
6142,6,514.2999999999996,2,263.08000000000004,2opt,improve
6143,6,514.2999999999996,2,263.08000000000004,move,improve
6144,6,514.2999999999996,2,263.08000000000004,swap,notBad
6145,6,514.2999999999996,2,263.08000000000004,2opt,notBad
6146,6,514.2999999999996,2,263.08000000000004,swap,notBad
6147,6,514.2999999999996,2,263.08000000000004,swap,notBad
6148,6,514.2999999999996,2,263.08000000000004,swap,notBad
6149,6,514.2999999999996,2,263.08000000000004,2opt,notBad
6150,6,514.2999999999996,2,263.08000000000004,move,improve
6151,6,514.2999999999996,2,263.08000000000004,swap,notBad
6152,6,514.2999999999996,2,263.08000000000004,move,improve
6153,6,514.2999999999996,2,263.08000000000004,move,improve
6154,6,514.2999999999996,2,263.08000000000004,swap,notBad
6155,6,514.2999999999996,2,263.08000000000004,swap,notBad
6156,6,514.2999999999996,2,263.08000000000004,move,improve
6157,6,514.2999999999996,2,263.08000000000004,swap,notBad
6158,6,514.2999999999996,2,263.08000000000004,swap,notBad
6159,6,514.2999999999996,2,263.08000000000004,swap,notBad
6160,6,514.2999999999996,2,263.08000000000004,move,improve
6161,6,514.2999999999996,2,263.08000000000004,2opt,notBad
6162,6,514.2999999999996,2,263.08000000000004,swap,notBad
6163,6,514.2999999999996,2,263.08000000000004,swap,notBad
6164,6,516.4599999999996,2,263.08000000000004,swap,acceptBad
6165,6,516.4599999999996,2,263.08000000000004,swap,notBad
6166,6,516.4599999999996,2,263.08000000000004,move,improve
6167,6,516.4599999999996,2,263.08000000000004,move,improve
6168,6,516.4599999999996,2,263.08000000000004,move,improve
6169,6,516.4599999999996,2,263.08000000000004,2opt,notBad
6170,6,516.4599999999996,2,263.08000000000004,swap,notBad
6171,6,516.4599999999996,2,263.08000000000004,2opt,notBad
6172,6,516.4599999999996,2,263.08000000000004,swap,notBad
6173,6,516.4599999999996,2,263.08000000000004,2opt,notBad
6174,6,516.4599999999996,2,263.08000000000004,swap,notBad
6175,6,516.4599999999996,2,263.08000000000004,swap,notBad
6176,6,516.4599999999996,2,263.08000000000004,swap,notBad
6177,6,516.4599999999996,2,263.08000000000004,move,improve
6178,6,516.4599999999996,2,263.08000000000004,swap,notBad
6179,6,516.4599999999996,2,263.08000000000004,2opt,notBad
6180,6,516.4599999999996,2,263.08000000000004,2opt,notBad
6181,6,516.4599999999996,2,263.08000000000004,swap,notBad
6182,6,516.4599999999996,2,263.08000000000004,2opt,notBad
6183,6,516.4599999999996,2,263.08000000000004,swap,notBad
6184,6,516.4599999999996,2,263.08000000000004,2opt,notBad
6185,6,516.4599999999996,2,263.08000000000004,move,improve
6186,6,516.4599999999996,2,263.08000000000004,2opt,notBad
6187,6,516.4599999999996,2,263.08000000000004,2opt,improve
6188,6,516.4599999999996,2,263.08000000000004,2opt,notBad
6189,6,517.6199999999995,2,263.08000000000004,swap,acceptBad
6190,6,517.6199999999995,2,263.08000000000004,move,improve
6191,6,517.6199999999995,2,263.08000000000004,swap,notBad
6192,6,517.6199999999995,2,263.08000000000004,swap,notBad
6193,6,517.6199999999995,2,263.08000000000004,2opt,notBad
6194,6,517.6199999999995,2,263.08000000000004,move,improve
6195,6,517.6199999999995,2,263.08000000000004,2opt,notBad
6196,6,517.6199999999995,2,263.08000000000004,2opt,notBad
6197,6,517.6199999999995,2,263.08000000000004,2opt,notBad
6198,6,516.1000000000004,2,263.08000000000004,swap,improve
6199,6,516.1000000000004,2,263.08000000000004,move,improve
6200,6,516.1000000000004,2,263.08000000000004,move,improve
6201,6,516.1000000000004,2,263.08000000000004,move,improve
6202,6,516.0200000000003,2,263.08000000000004,move,improve
6203,6,516.0200000000003,2,263.08000000000004,move,improve
6204,6,516.0200000000003,2,263.08000000000004,2opt,notBad
6205,6,516.0200000000003,2,263.08000000000004,swap,notBad
6206,6,516.36,2,263.08000000000004,swap,acceptBad
6207,6,516.36,2,263.08000000000004,move,improve
6208,6,516.36,2,263.08000000000004,move,improve
6209,6,516.36,2,263.08000000000004,swap,notBad
6210,6,516.36,2,263.08000000000004,move,improve
6211,6,516.36,2,263.08000000000004,move,improve
6212,6,516.36,2,263.08000000000004,swap,notBad
6213,6,516.36,2,263.08000000000004,move,improve
6214,6,516.36,2,263.08000000000004,2opt,notBad
6215,6,516.36,2,263.08000000000004,move,improve
6216,6,516.36,2,263.08000000000004,2opt,notBad
6217,6,517.88,2,263.08000000000004,swap,acceptBad
6218,6,517.88,2,263.08000000000004,swap,notBad
6219,6,517.88,2,263.08000000000004,2opt,notBad
6220,6,517.88,2,263.08000000000004,2opt,notBad
6221,6,517.88,2,263.08000000000004,2opt,improve
6222,6,517.88,2,263.08000000000004,swap,notBad
6223,6,517.88,2,263.08000000000004,swap,notBad
6224,6,517.88,2,263.08000000000004,2opt,improve
6225,6,517.88,2,263.08000000000004,move,improve
6226,6,517.88,2,263.08000000000004,2opt,notBad
6227,6,517.88,2,263.08000000000004,move,improve
6228,6,517.88,2,263.08000000000004,move,improve
6229,6,517.88,2,263.08000000000004,move,improve
6230,6,517.88,2,263.08000000000004,swap,notBad
6231,6,517.88,2,263.08000000000004,2opt,improve
6232,6,517.88,2,263.08000000000004,swap,notBad
6233,6,517.88,2,263.08000000000004,swap,notBad
6234,6,517.88,2,263.08000000000004,swap,notBad
6235,6,517.88,2,263.08000000000004,move,improve
6236,6,517.88,2,263.08000000000004,swap,notBad
6237,6,517.88,2,263.08000000000004,move,improve
6238,6,517.88,2,263.08000000000004,swap,notBad
6239,6,517.88,2,263.08000000000004,2opt,improve
6240,6,517.7199999999999,2,263.08000000000004,move,improve
6241,6,517.7199999999999,2,263.08000000000004,swap,notBad
6242,6,517.7199999999999,2,263.08000000000004,move,improve
6243,6,517.7199999999999,2,263.08000000000004,2opt,improve
6244,6,517.7199999999999,2,263.08000000000004,2opt,notBad
6245,6,515.7199999999999,2,263.08000000000004,move,improve
6246,6,515.7199999999999,2,263.08000000000004,2opt,notBad
6247,6,515.7199999999999,2,263.08000000000004,move,improve
6248,6,515.7199999999999,2,263.08000000000004,2opt,notBad
6249,6,515.3999999999999,2,263.08000000000004,move,improve
6250,6,515.1999999999999,2,263.08000000000004,move,improve
6251,6,515.1999999999999,2,263.08000000000004,move,improve
6252,6,515.1999999999999,2,263.08000000000004,move,improve
6253,6,515.1999999999999,2,263.08000000000004,swap,notBad
6254,6,515.1999999999999,2,263.08000000000004,swap,notBad
6255,6,515.1999999999999,2,263.08000000000004,swap,notBad
6256,6,515.1999999999999,2,263.08000000000004,2opt,notBad
6257,6,512.56,2,263.08000000000004,move,improve
6258,6,512.56,2,263.08000000000004,2opt,notBad
6259,6,512.56,2,263.08000000000004,2opt,notBad
6260,6,512.56,2,263.08000000000004,2opt,notBad
6261,6,512.56,2,263.08000000000004,swap,notBad
6262,6,512.56,2,263.08000000000004,2opt,notBad
6263,6,512.56,2,263.08000000000004,swap,notBad
6264,6,512.56,2,263.08000000000004,move,improve
6265,6,512.56,2,263.08000000000004,2opt,notBad
6266,6,523.3599999999998,2,263.08000000000004,move,acceptBad
6267,6,523.3599999999998,2,263.08000000000004,move,improve
6268,6,523.3599999999998,2,263.08000000000004,swap,notBad
6269,6,519.1599999999997,2,263.08000000000004,2opt,improve
6270,6,519.1599999999997,2,263.08000000000004,move,improve
6271,6,519.1599999999997,2,263.08000000000004,move,improve
6272,6,519.1599999999997,2,263.08000000000004,2opt,notBad
6273,6,519.1599999999997,2,263.08000000000004,swap,notBad
6274,6,519.1599999999997,2,263.08000000000004,2opt,notBad
6275,6,522.9000000000001,2,263.08000000000004,swap,acceptBad
6276,6,522.9000000000001,2,263.08000000000004,2opt,notBad
6277,6,522.9000000000001,2,263.08000000000004,move,improve
6278,6,522.9000000000001,2,263.08000000000004,swap,notBad
6279,6,512.1000000000003,2,263.08000000000004,move,improve
6280,6,512.1000000000003,2,263.08000000000004,swap,notBad
6281,6,512.1000000000003,2,263.08000000000004,move,improve
6282,6,512.1000000000003,2,263.08000000000004,2opt,improve
6283,6,512.1000000000003,2,263.08000000000004,swap,notBad
6284,6,512.1000000000003,2,263.08000000000004,swap,notBad
6285,6,512.1000000000003,2,263.08000000000004,2opt,notBad
6286,6,512.1000000000003,2,263.08000000000004,swap,notBad
6287,6,512.1000000000003,2,263.08000000000004,move,improve
6288,6,512.1000000000003,2,263.08000000000004,swap,notBad
6289,6,512.1000000000003,2,263.08000000000004,swap,notBad
6290,6,512.1000000000003,2,263.08000000000004,2opt,notBad
6291,6,512.1000000000003,2,263.08000000000004,move,improve
6292,6,512.1000000000003,2,263.08000000000004,move,improve
6293,6,512.1000000000003,2,263.08000000000004,swap,notBad
6294,6,512.1000000000003,2,263.08000000000004,swap,notBad
6295,6,512.1000000000003,2,263.08000000000004,move,improve
6296,6,512.1000000000003,2,263.08000000000004,swap,notBad
6297,6,511.1800000000003,2,263.08000000000004,move,improve
6298,6,511.1800000000003,2,263.08000000000004,2opt,improve
6299,6,511.1800000000003,2,263.08000000000004,swap,notBad
6300,6,511.1800000000003,2,263.08000000000004,move,improve
6301,6,511.1800000000003,2,263.08000000000004,move,improve
6302,6,511.1800000000003,2,263.08000000000004,move,improve
6303,6,510.9000000000002,2,263.08000000000004,move,improve
6304,6,510.9000000000002,2,263.08000000000004,2opt,notBad
6305,6,510.9000000000002,2,263.08000000000004,swap,notBad
6306,6,510.9000000000002,2,263.08000000000004,2opt,notBad
6307,6,510.9000000000002,2,263.08000000000004,2opt,notBad
6308,6,510.9000000000002,2,263.08000000000004,swap,notBad
6309,6,510.9000000000002,2,263.08000000000004,swap,notBad
6310,6,510.9000000000002,2,263.08000000000004,2opt,notBad
6311,6,508.77999999999963,2,263.08000000000004,move,improve
6312,6,508.77999999999963,2,263.08000000000004,move,improve
6313,6,508.77999999999963,2,263.08000000000004,move,improve
6314,6,508.77999999999963,2,263.08000000000004,swap,notBad
6315,6,508.77999999999963,2,263.08000000000004,2opt,notBad
6316,6,508.77999999999963,2,263.08000000000004,2opt,notBad
6317,6,508.77999999999963,2,263.08000000000004,2opt,notBad
6318,6,508.77999999999963,2,263.08000000000004,2opt,notBad
6319,6,508.77999999999963,2,263.08000000000004,move,improve
6320,6,508.77999999999963,2,263.08000000000004,2opt,notBad
6321,6,508.77999999999963,2,263.08000000000004,2opt,notBad
6322,6,508.77999999999963,2,263.08000000000004,2opt,improve
6323,6,508.77999999999963,2,263.08000000000004,move,improve
6324,6,508.77999999999963,2,263.08000000000004,2opt,notBad
6325,6,508.77999999999963,2,263.08000000000004,swap,notBad
6326,6,508.77999999999963,2,263.08000000000004,swap,notBad
6327,6,508.77999999999963,2,263.08000000000004,swap,notBad
6328,6,508.77999999999963,2,263.08000000000004,move,improve
6329,6,508.77999999999963,2,263.08000000000004,swap,notBad
6330,6,508.77999999999963,2,263.08000000000004,swap,notBad
6331,6,508.77999999999963,2,263.08000000000004,2opt,notBad
6332,6,508.77999999999963,2,263.08000000000004,swap,notBad
6333,6,508.77999999999963,2,263.08000000000004,2opt,notBad
6334,6,508.77999999999963,2,263.08000000000004,2opt,notBad
6335,6,508.77999999999963,2,263.08000000000004,swap,notBad
6336,6,508.77999999999963,2,263.08000000000004,swap,notBad
6337,6,508.77999999999963,2,263.08000000000004,swap,notBad
6338,6,508.77999999999963,2,263.08000000000004,move,improve
6339,6,508.77999999999963,2,263.08000000000004,swap,notBad
6340,6,508.77999999999963,2,263.08000000000004,2opt,notBad
6341,6,508.77999999999963,2,263.08000000000004,swap,notBad
6342,6,508.77999999999963,2,263.08000000000004,2opt,notBad
6343,6,508.77999999999963,2,263.08000000000004,2opt,improve
6344,6,508.77999999999963,2,263.08000000000004,2opt,notBad
6345,6,508.77999999999963,2,263.08000000000004,swap,notBad
6346,6,508.77999999999963,2,263.08000000000004,move,improve
6347,6,508.77999999999963,2,263.08000000000004,move,improve
6348,6,508.77999999999963,2,263.08000000000004,move,improve
6349,6,508.77999999999963,2,263.08000000000004,swap,notBad
6350,6,508.77999999999963,2,263.08000000000004,move,improve
6351,6,508.77999999999963,2,263.08000000000004,swap,notBad
6352,6,508.77999999999963,2,263.08000000000004,move,improve
6353,6,508.77999999999963,2,263.08000000000004,move,improve
6354,6,508.77999999999963,2,263.08000000000004,2opt,notBad
6355,6,508.77999999999963,2,263.08000000000004,swap,notBad
6356,6,508.77999999999963,2,263.08000000000004,swap,notBad
6357,6,508.77999999999963,2,263.08000000000004,2opt,notBad
6358,6,508.77999999999963,2,263.08000000000004,swap,notBad
6359,6,508.77999999999963,2,263.08000000000004,swap,notBad
6360,6,504.25999999999965,2,263.08000000000004,move,improve
6361,6,504.25999999999965,2,263.08000000000004,2opt,notBad
6362,6,504.25999999999965,2,263.08000000000004,swap,notBad
6363,6,504.25999999999965,2,263.08000000000004,move,improve
6364,6,504.25999999999965,2,263.08000000000004,move,improve
6365,6,504.25999999999965,2,263.08000000000004,swap,notBad
6366,6,504.25999999999965,2,263.08000000000004,swap,notBad
6367,6,504.25999999999965,2,263.08000000000004,swap,notBad
6368,6,504.25999999999965,2,263.08000000000004,move,improve
6369,6,504.25999999999965,2,263.08000000000004,move,improve
6370,6,504.25999999999965,2,263.08000000000004,move,improve
6371,6,504.25999999999965,2,263.08000000000004,2opt,notBad
6372,6,504.25999999999965,2,263.08000000000004,2opt,notBad
6373,6,504.25999999999965,2,263.08000000000004,swap,notBad
6374,6,508.4199999999996,2,263.08000000000004,swap,acceptBad
6375,6,508.4199999999996,2,263.08000000000004,2opt,notBad
6376,6,508.4199999999996,2,263.08000000000004,2opt,notBad
6377,6,508.4199999999996,2,263.08000000000004,2opt,notBad
6378,6,508.4199999999996,2,263.08000000000004,swap,notBad
6379,6,508.4199999999996,2,263.08000000000004,2opt,notBad
6380,6,508.4199999999996,2,263.08000000000004,move,improve
6381,6,508.4199999999996,2,263.08000000000004,move,improve
6382,6,508.4199999999996,2,263.08000000000004,2opt,notBad
6383,6,508.4199999999996,2,263.08000000000004,move,improve
6384,6,508.4199999999996,2,263.08000000000004,2opt,notBad
6385,6,508.4199999999996,2,263.08000000000004,move,improve
6386,6,508.4199999999996,2,263.08000000000004,2opt,notBad
6387,6,508.4199999999996,2,263.08000000000004,2opt,notBad
6388,6,508.4199999999996,2,263.08000000000004,2opt,notBad
6389,6,508.4199999999996,2,263.08000000000004,2opt,notBad
6390,6,502.89999999999964,2,263.08000000000004,move,improve
6391,6,502.89999999999964,2,263.08000000000004,swap,notBad
6392,6,503.21999999999963,2,263.08000000000004,swap,acceptBad
6393,6,503.21999999999963,2,263.08000000000004,move,improve
6394,6,503.21999999999963,2,263.08000000000004,move,improve
6395,6,503.21999999999963,2,263.08000000000004,2opt,notBad
6396,6,503.21999999999963,2,263.08000000000004,2opt,notBad
6397,6,503.21999999999963,2,263.08000000000004,move,improve
6398,6,503.21999999999963,2,263.08000000000004,2opt,notBad
6399,6,504.73999999999967,2,263.08000000000004,swap,acceptBad
6400,6,504.73999999999967,2,263.08000000000004,move,improve
6401,6,504.73999999999967,2,263.08000000000004,2opt,notBad
6402,6,504.73999999999967,2,263.08000000000004,move,improve
6403,6,504.73999999999967,2,263.08000000000004,swap,notBad
6404,6,504.73999999999967,2,263.08000000000004,swap,notBad
6405,6,504.73999999999967,2,263.08000000000004,2opt,notBad
6406,6,504.73999999999967,2,263.08000000000004,swap,notBad
6407,6,504.73999999999967,2,263.08000000000004,move,notBad
6408,6,504.73999999999967,2,263.08000000000004,move,improve
6409,6,504.73999999999967,2,263.08000000000004,2opt,notBad
6410,6,504.73999999999967,2,263.08000000000004,2opt,notBad
6411,6,504.73999999999967,2,263.08000000000004,2opt,notBad
6412,6,504.73999999999967,2,263.08000000000004,2opt,notBad
6413,6,504.73999999999967,2,263.08000000000004,move,improve
6414,6,504.73999999999967,2,263.08000000000004,swap,notBad
6415,6,504.73999999999967,2,263.08000000000004,2opt,notBad
6416,6,503.21999999999963,2,263.08000000000004,move,improve
6417,6,503.21999999999963,2,263.08000000000004,2opt,notBad
6418,6,503.21999999999963,2,263.08000000000004,swap,notBad
6419,6,503.21999999999963,2,263.08000000000004,swap,notBad
6420,6,503.21999999999963,2,263.08000000000004,swap,notBad
6421,6,503.21999999999963,2,263.08000000000004,2opt,notBad
6422,6,503.21999999999963,2,263.08000000000004,2opt,notBad
6423,6,503.21999999999963,2,263.08000000000004,move,improve
6424,6,503.21999999999963,2,263.08000000000004,swap,notBad
6425,6,503.21999999999963,2,263.08000000000004,2opt,notBad
6426,6,503.21999999999963,2,263.08000000000004,move,improve
6427,6,503.21999999999963,2,263.08000000000004,2opt,notBad
6428,6,503.21999999999963,2,263.08000000000004,2opt,notBad
6429,6,503.21999999999963,2,263.08000000000004,2opt,notBad
6430,6,502.5399999999997,2,263.08000000000004,move,improve
6431,6,502.5399999999997,2,263.08000000000004,move,improve
6432,6,502.5399999999997,2,263.08000000000004,2opt,notBad
6433,6,502.5399999999997,2,263.08000000000004,swap,notBad
6434,6,502.5399999999997,2,263.08000000000004,swap,notBad
6435,6,502.5399999999997,2,263.08000000000004,swap,notBad
6436,6,502.5399999999997,2,263.08000000000004,swap,notBad
6437,6,502.5399999999997,2,263.08000000000004,2opt,notBad
6438,6,502.5399999999997,2,263.08000000000004,2opt,notBad
6439,6,502.5399999999997,2,263.08000000000004,move,improve
6440,6,502.5399999999997,2,263.08000000000004,move,improve
6441,6,502.5399999999997,2,263.08000000000004,move,improve
6442,6,502.5399999999997,2,263.08000000000004,move,improve
6443,6,502.5399999999997,2,263.08000000000004,swap,notBad
6444,6,502.5399999999997,2,263.08000000000004,swap,notBad
6445,6,502.5399999999997,2,263.08000000000004,swap,notBad
6446,6,502.5399999999997,2,263.08000000000004,move,improve
6447,6,502.5399999999997,2,263.08000000000004,move,improve
6448,6,502.5399999999997,2,263.08000000000004,swap,notBad
6449,6,502.5399999999997,2,263.08000000000004,swap,notBad
6450,6,502.5399999999997,2,263.08000000000004,2opt,notBad
6451,6,502.5399999999997,2,263.08000000000004,2opt,notBad
6452,6,502.5399999999997,2,263.08000000000004,2opt,notBad
6453,6,502.5399999999997,2,263.08000000000004,move,improve
6454,6,502.5399999999997,2,263.08000000000004,2opt,notBad
6455,6,502.5399999999997,2,263.08000000000004,move,improve
6456,6,502.5399999999997,2,263.08000000000004,swap,notBad
6457,6,502.5399999999997,2,263.08000000000004,move,improve
6458,6,502.5399999999997,2,263.08000000000004,move,improve
6459,6,502.5399999999997,2,263.08000000000004,swap,notBad
6460,6,502.5399999999997,2,263.08000000000004,move,improve
6461,6,502.5399999999997,2,263.08000000000004,2opt,notBad
6462,6,502.5399999999997,2,263.08000000000004,2opt,notBad
6463,6,502.5399999999997,2,263.08000000000004,move,improve
6464,6,502.5399999999997,2,263.08000000000004,2opt,notBad
6465,6,502.5399999999997,2,263.08000000000004,2opt,notBad
6466,6,502.5399999999997,2,263.08000000000004,move,improve
6467,6,502.5399999999997,2,263.08000000000004,2opt,notBad
6468,6,502.5399999999997,2,263.08000000000004,swap,notBad
6469,6,502.5399999999997,2,263.08000000000004,swap,notBad
6470,6,502.5399999999997,2,263.08000000000004,move,improve
6471,6,502.5399999999997,2,263.08000000000004,move,improve
6472,6,502.5399999999997,2,263.08000000000004,move,improve
6473,6,502.5399999999997,2,263.08000000000004,swap,notBad
6474,6,502.5399999999997,2,263.08000000000004,move,improve
6475,6,502.5399999999997,2,263.08000000000004,2opt,notBad
6476,6,502.5399999999997,2,263.08000000000004,swap,notBad
6477,6,502.5399999999997,2,263.08000000000004,move,improve
6478,6,502.5399999999997,2,263.08000000000004,move,improve
6479,6,502.5399999999997,2,263.08000000000004,2opt,notBad
6480,6,502.5399999999997,2,263.08000000000004,2opt,notBad
6481,6,502.5399999999997,2,263.08000000000004,move,improve
6482,6,502.5399999999997,2,263.08000000000004,move,improve
6483,6,502.5399999999997,2,263.08000000000004,2opt,notBad
6484,6,502.5399999999997,2,263.08000000000004,move,improve
6485,6,502.5399999999997,2,263.08000000000004,swap,notBad
6486,6,502.5399999999997,2,263.08000000000004,2opt,notBad
6487,6,502.5399999999997,2,263.08000000000004,2opt,improve
6488,6,502.5399999999997,2,263.08000000000004,2opt,notBad
6489,6,502.5399999999997,2,263.08000000000004,move,improve
6490,6,502.5399999999997,2,263.08000000000004,swap,notBad
6491,6,502.5399999999997,2,263.08000000000004,2opt,notBad
6492,6,502.5399999999997,2,263.08000000000004,move,improve
6493,6,502.5399999999997,2,263.08000000000004,2opt,notBad
6494,6,502.5399999999997,2,263.08000000000004,2opt,notBad
6495,6,502.5399999999997,2,263.08000000000004,move,improve
6496,6,502.5399999999997,2,263.08000000000004,2opt,notBad
6497,6,502.5399999999997,2,263.08000000000004,2opt,notBad
6498,6,502.5399999999997,2,263.08000000000004,swap,notBad
6499,6,502.5399999999997,2,263.08000000000004,move,improve
6500,6,502.5399999999997,2,263.08000000000004,move,notBad
6501,6,502.5399999999997,2,263.08000000000004,move,improve
6502,6,498.61999999999966,2,263.08000000000004,move,improve
6503,6,498.61999999999966,2,263.08000000000004,swap,notBad
6504,6,498.61999999999966,2,263.08000000000004,move,improve
6505,6,498.61999999999966,2,263.08000000000004,move,improve
6506,6,498.61999999999966,2,263.08000000000004,move,improve
6507,6,498.61999999999966,2,263.08000000000004,swap,notBad
6508,6,498.61999999999966,2,263.08000000000004,move,improve
6509,6,498.61999999999966,2,263.08000000000004,move,improve
6510,6,498.61999999999966,2,263.08000000000004,swap,notBad
6511,6,498.61999999999966,2,263.08000000000004,swap,notBad
6512,6,498.61999999999966,2,263.08000000000004,move,improve
6513,6,498.61999999999966,2,263.08000000000004,swap,notBad
6514,6,498.61999999999966,2,263.08000000000004,2opt,notBad
6515,6,498.61999999999966,2,263.08000000000004,move,improve
6516,6,498.61999999999966,2,263.08000000000004,move,improve
6517,6,498.61999999999966,2,263.08000000000004,swap,notBad
6518,6,498.61999999999966,2,263.08000000000004,move,improve
6519,6,498.61999999999966,2,263.08000000000004,2opt,notBad
6520,6,498.61999999999966,2,263.08000000000004,2opt,notBad
6521,6,498.61999999999966,2,263.08000000000004,2opt,notBad
6522,6,498.61999999999966,2,263.08000000000004,2opt,notBad
6523,6,498.61999999999966,2,263.08000000000004,move,improve
6524,6,498.61999999999966,2,263.08000000000004,move,improve
6525,6,498.61999999999966,2,263.08000000000004,2opt,notBad
6526,6,498.61999999999966,2,263.08000000000004,swap,notBad
6527,6,498.61999999999966,2,263.08000000000004,2opt,notBad
6528,6,498.61999999999966,2,263.08000000000004,swap,notBad
6529,6,498.61999999999966,2,263.08000000000004,2opt,notBad
6530,6,498.61999999999966,2,263.08000000000004,2opt,notBad
6531,6,498.61999999999966,2,263.08000000000004,move,improve
6532,6,498.61999999999966,2,263.08000000000004,2opt,notBad
6533,6,498.61999999999966,2,263.08000000000004,swap,notBad
6534,6,498.61999999999966,2,263.08000000000004,2opt,notBad
6535,6,498.61999999999966,2,263.08000000000004,2opt,notBad
6536,6,498.61999999999966,2,263.08000000000004,swap,notBad
6537,6,498.61999999999966,2,263.08000000000004,2opt,notBad
6538,6,498.61999999999966,2,263.08000000000004,swap,notBad
6539,6,498.61999999999966,2,263.08000000000004,move,improve
6540,6,498.61999999999966,2,263.08000000000004,swap,notBad
6541,6,498.61999999999966,2,263.08000000000004,swap,notBad
6542,6,498.61999999999966,2,263.08000000000004,move,improve
6543,6,498.61999999999966,2,263.08000000000004,move,improve
6544,6,498.61999999999966,2,263.08000000000004,swap,notBad
6545,6,498.61999999999966,2,263.08000000000004,2opt,notBad
6546,6,498.61999999999966,2,263.08000000000004,swap,notBad
6547,6,498.61999999999966,2,263.08000000000004,move,improve
6548,6,498.61999999999966,2,263.08000000000004,move,improve
6549,6,498.61999999999966,2,263.08000000000004,2opt,notBad
6550,6,498.61999999999966,2,263.08000000000004,move,improve
6551,6,498.61999999999966,2,263.08000000000004,move,improve
6552,6,498.61999999999966,2,263.08000000000004,2opt,notBad
6553,6,498.61999999999966,2,263.08000000000004,swap,notBad
6554,6,498.61999999999966,2,263.08000000000004,move,improve
6555,6,498.61999999999966,2,263.08000000000004,2opt,notBad
6556,6,498.61999999999966,2,263.08000000000004,2opt,notBad
6557,6,498.61999999999966,2,263.08000000000004,2opt,notBad
6558,6,498.61999999999966,2,263.08000000000004,move,improve
6559,6,498.61999999999966,2,263.08000000000004,2opt,notBad
6560,6,498.61999999999966,2,263.08000000000004,move,improve
6561,6,498.61999999999966,2,263.08000000000004,2opt,improve
6562,6,498.61999999999966,2,263.08000000000004,swap,notBad
6563,6,498.61999999999966,2,263.08000000000004,move,improve
6564,6,498.61999999999966,2,263.08000000000004,2opt,improve
6565,6,498.61999999999966,2,263.08000000000004,swap,notBad
6566,6,498.61999999999966,2,263.08000000000004,move,improve
6567,6,498.61999999999966,2,263.08000000000004,2opt,notBad
6568,6,498.61999999999966,2,263.08000000000004,2opt,notBad
6569,6,498.61999999999966,2,263.08000000000004,swap,notBad
6570,6,498.61999999999966,2,263.08000000000004,2opt,notBad
6571,6,498.61999999999966,2,263.08000000000004,swap,notBad
6572,6,499.5399999999997,2,263.08000000000004,swap,acceptBad
6573,6,499.5399999999997,2,263.08000000000004,2opt,notBad
6574,6,499.5399999999997,2,263.08000000000004,swap,notBad
6575,6,499.5399999999997,2,263.08000000000004,2opt,notBad
6576,6,499.5399999999997,2,263.08000000000004,swap,notBad
6577,6,499.5399999999997,2,263.08000000000004,move,improve
6578,6,499.5399999999997,2,263.08000000000004,swap,notBad
6579,6,499.5399999999997,2,263.08000000000004,swap,notBad
6580,6,499.5399999999997,2,263.08000000000004,2opt,notBad
6581,6,499.5399999999997,2,263.08000000000004,move,improve
6582,6,499.5399999999997,2,263.08000000000004,move,improve
6583,6,499.5399999999997,2,263.08000000000004,move,improve
6584,6,499.5399999999997,2,263.08000000000004,swap,notBad
6585,6,499.5399999999997,2,263.08000000000004,move,improve
6586,6,499.5399999999997,2,263.08000000000004,2opt,notBad
6587,6,499.5399999999997,2,263.08000000000004,swap,notBad
6588,6,499.5399999999997,2,263.08000000000004,move,improve
6589,6,499.5399999999997,2,263.08000000000004,swap,notBad
6590,6,499.5399999999997,2,263.08000000000004,move,improve
6591,6,499.5399999999997,2,263.08000000000004,swap,notBad
6592,6,499.5399999999997,2,263.08000000000004,2opt,notBad
6593,6,499.5399999999997,2,263.08000000000004,swap,notBad
6594,6,499.5399999999997,2,263.08000000000004,swap,notBad
6595,6,499.5399999999997,2,263.08000000000004,move,improve
6596,6,499.5399999999997,2,263.08000000000004,swap,notBad
6597,6,499.5399999999997,2,263.08000000000004,swap,notBad
6598,6,499.5399999999997,2,263.08000000000004,move,improve
6599,6,499.5399999999997,2,263.08000000000004,2opt,notBad
6600,6,499.5399999999997,2,263.08000000000004,swap,notBad
6601,6,499.5399999999997,2,263.08000000000004,2opt,improve
6602,6,499.5399999999997,2,263.08000000000004,swap,notBad
6603,6,499.5399999999997,2,263.08000000000004,swap,notBad
6604,6,499.5399999999997,2,263.08000000000004,2opt,improve
6605,6,499.5399999999997,2,263.08000000000004,swap,notBad
6606,6,499.5399999999997,2,263.08000000000004,swap,notBad
6607,6,499.5399999999997,2,263.08000000000004,swap,notBad
6608,6,499.5399999999997,2,263.08000000000004,swap,notBad
6609,6,498.61999999999966,2,263.08000000000004,move,improve
6610,6,498.61999999999966,2,263.08000000000004,move,improve
6611,6,498.61999999999966,2,263.08000000000004,swap,notBad
6612,6,498.61999999999966,2,263.08000000000004,move,improve
6613,6,498.61999999999966,2,263.08000000000004,swap,notBad
6614,6,498.61999999999966,2,263.08000000000004,swap,notBad
6615,6,498.61999999999966,2,263.08000000000004,move,improve
6616,6,498.61999999999966,2,263.08000000000004,2opt,notBad
6617,6,498.61999999999966,2,263.08000000000004,2opt,notBad
6618,6,498.61999999999966,2,263.08000000000004,2opt,notBad
6619,6,498.61999999999966,2,263.08000000000004,swap,notBad
6620,6,498.61999999999966,2,263.08000000000004,swap,notBad
6621,6,498.61999999999966,2,263.08000000000004,move,improve
6622,6,498.61999999999966,2,263.08000000000004,move,improve
6623,6,498.61999999999966,2,263.08000000000004,move,improve
6624,6,498.61999999999966,2,263.08000000000004,2opt,notBad
6625,6,498.61999999999966,2,263.08000000000004,2opt,notBad
6626,6,498.61999999999966,2,263.08000000000004,move,improve
6627,6,498.61999999999966,2,263.08000000000004,swap,notBad
6628,6,498.61999999999966,2,263.08000000000004,2opt,notBad
6629,6,498.61999999999966,2,263.08000000000004,swap,notBad
6630,6,498.61999999999966,2,263.08000000000004,2opt,notBad
6631,6,498.61999999999966,2,263.08000000000004,move,improve
6632,6,498.61999999999966,2,263.08000000000004,swap,notBad
6633,6,498.61999999999966,2,263.08000000000004,move,improve
6634,6,498.61999999999966,2,263.08000000000004,move,improve
6635,6,498.61999999999966,2,263.08000000000004,swap,notBad
6636,6,498.61999999999966,2,263.08000000000004,2opt,notBad
6637,6,498.61999999999966,2,263.08000000000004,2opt,notBad
6638,6,498.61999999999966,2,263.08000000000004,2opt,notBad
6639,6,498.61999999999966,2,263.08000000000004,2opt,notBad
6640,6,498.61999999999966,2,263.08000000000004,2opt,notBad
6641,6,498.61999999999966,2,263.08000000000004,2opt,notBad
6642,6,498.61999999999966,2,263.08000000000004,swap,notBad
6643,6,498.85999999999933,2,263.08000000000004,swap,acceptBad
6644,6,498.85999999999933,2,263.08000000000004,swap,notBad
6645,6,498.85999999999933,2,263.08000000000004,2opt,notBad
6646,6,498.85999999999933,2,263.08000000000004,swap,notBad
6647,6,498.85999999999933,2,263.08000000000004,swap,notBad
6648,6,498.85999999999933,2,263.08000000000004,swap,notBad
6649,6,498.85999999999933,2,263.08000000000004,move,improve
6650,6,498.85999999999933,2,263.08000000000004,2opt,notBad
6651,6,498.85999999999933,2,263.08000000000004,swap,notBad
6652,6,498.85999999999933,2,263.08000000000004,2opt,notBad
6653,6,498.85999999999933,2,263.08000000000004,move,improve
6654,6,498.85999999999933,2,263.08000000000004,2opt,notBad
6655,6,498.85999999999933,2,263.08000000000004,2opt,notBad
6656,6,498.85999999999933,2,263.08000000000004,move,improve
6657,6,498.85999999999933,2,263.08000000000004,2opt,notBad
6658,6,498.85999999999933,2,263.08000000000004,move,improve
6659,6,498.85999999999933,2,263.08000000000004,2opt,notBad
6660,6,498.85999999999933,2,263.08000000000004,swap,notBad
6661,6,498.85999999999933,2,263.08000000000004,swap,notBad
6662,6,498.85999999999933,2,263.08000000000004,move,improve
6663,6,498.85999999999933,2,263.08000000000004,move,improve
6664,6,498.85999999999933,2,263.08000000000004,move,improve
6665,6,498.85999999999933,2,263.08000000000004,swap,notBad
6666,6,498.85999999999933,2,263.08000000000004,2opt,notBad
6667,6,498.85999999999933,2,263.08000000000004,swap,notBad
6668,6,498.85999999999933,2,263.08000000000004,2opt,notBad
6669,6,498.85999999999933,2,263.08000000000004,move,improve
6670,6,498.85999999999933,2,263.08000000000004,swap,notBad
6671,6,498.85999999999933,2,263.08000000000004,2opt,notBad
6672,6,498.85999999999933,2,263.08000000000004,move,improve
6673,6,498.85999999999933,2,263.08000000000004,move,improve
6674,6,498.85999999999933,2,263.08000000000004,move,improve
6675,6,498.85999999999933,2,263.08000000000004,move,improve
6676,6,498.85999999999933,2,263.08000000000004,2opt,notBad
6677,6,498.85999999999933,2,263.08000000000004,move,improve
6678,6,498.85999999999933,2,263.08000000000004,2opt,notBad
6679,6,498.85999999999933,2,263.08000000000004,swap,notBad
6680,6,498.85999999999933,2,263.08000000000004,2opt,notBad
6681,6,498.85999999999933,2,263.08000000000004,move,improve
6682,6,498.85999999999933,2,263.08000000000004,2opt,notBad
6683,6,498.85999999999933,2,263.08000000000004,swap,notBad
6684,6,498.85999999999933,2,263.08000000000004,2opt,notBad
6685,6,498.85999999999933,2,263.08000000000004,swap,notBad
6686,6,498.85999999999933,2,263.08000000000004,move,improve
6687,6,498.85999999999933,2,263.08000000000004,2opt,notBad
6688,6,498.85999999999933,2,263.08000000000004,swap,notBad
6689,6,498.85999999999933,2,263.08000000000004,move,improve
6690,6,498.85999999999933,2,263.08000000000004,move,improve
6691,6,498.85999999999933,2,263.08000000000004,move,notBad
6692,6,498.85999999999933,2,263.08000000000004,2opt,improve
6693,6,498.85999999999933,2,263.08000000000004,swap,notBad
6694,6,498.85999999999933,2,263.08000000000004,2opt,notBad
6695,6,498.85999999999933,2,263.08000000000004,move,improve
6696,6,498.85999999999933,2,263.08000000000004,move,improve
6697,6,498.85999999999933,2,263.08000000000004,swap,notBad
6698,6,498.85999999999933,2,263.08000000000004,2opt,notBad
6699,6,498.85999999999933,2,263.08000000000004,2opt,notBad
6700,6,498.85999999999933,2,263.08000000000004,move,improve
6701,6,498.85999999999933,2,263.08000000000004,2opt,improve
6702,6,498.85999999999933,2,263.08000000000004,2opt,notBad
6703,6,498.85999999999933,2,263.08000000000004,swap,notBad
6704,6,498.85999999999933,2,263.08000000000004,move,improve
6705,6,498.85999999999933,2,263.08000000000004,move,improve
6706,6,498.85999999999933,2,263.08000000000004,2opt,notBad
6707,6,498.85999999999933,2,263.08000000000004,2opt,improve
6708,6,498.85999999999933,2,263.08000000000004,2opt,improve
6709,6,498.85999999999933,2,263.08000000000004,swap,notBad
6710,6,498.85999999999933,2,263.08000000000004,2opt,notBad
6711,6,498.85999999999933,2,263.08000000000004,2opt,notBad
6712,6,498.85999999999933,2,263.08000000000004,swap,notBad
6713,6,498.85999999999933,2,263.08000000000004,2opt,notBad
6714,6,498.85999999999933,2,263.08000000000004,swap,notBad
6715,6,498.85999999999933,2,263.08000000000004,swap,notBad
6716,6,498.85999999999933,2,263.08000000000004,move,improve
6717,6,498.85999999999933,2,263.08000000000004,2opt,notBad
6718,6,498.85999999999933,2,263.08000000000004,2opt,notBad
6719,6,498.85999999999933,2,263.08000000000004,move,improve
6720,6,498.85999999999933,2,263.08000000000004,move,improve
6721,6,498.85999999999933,2,263.08000000000004,move,improve
6722,6,498.85999999999933,2,263.08000000000004,2opt,notBad
6723,6,498.85999999999933,2,263.08000000000004,2opt,notBad
6724,6,498.85999999999933,2,263.08000000000004,swap,notBad
6725,6,498.85999999999933,2,263.08000000000004,move,improve
6726,6,498.85999999999933,2,263.08000000000004,move,improve
6727,6,498.85999999999933,2,263.08000000000004,2opt,notBad
6728,6,498.85999999999933,2,263.08000000000004,swap,notBad
6729,6,498.85999999999933,2,263.08000000000004,move,improve
6730,6,498.85999999999933,2,263.08000000000004,move,improve
6731,6,498.85999999999933,2,263.08000000000004,swap,notBad
6732,6,498.85999999999933,2,263.08000000000004,swap,notBad
6733,6,498.85999999999933,2,263.08000000000004,2opt,notBad
6734,6,498.85999999999933,2,263.08000000000004,swap,notBad
6735,6,498.85999999999933,2,263.08000000000004,move,improve
6736,6,498.61999999999966,2,263.08000000000004,swap,improve
6737,6,498.61999999999966,2,263.08000000000004,swap,notBad
6738,6,498.61999999999966,2,263.08000000000004,2opt,notBad
6739,6,498.61999999999966,2,263.08000000000004,swap,notBad
6740,6,498.61999999999966,2,263.08000000000004,swap,notBad
6741,6,500.4599999999997,2,263.08000000000004,swap,acceptBad
6742,6,500.4599999999997,2,263.08000000000004,swap,notBad
6743,6,500.4599999999997,2,263.08000000000004,2opt,notBad
6744,6,500.4599999999997,2,263.08000000000004,swap,notBad
6745,6,500.4599999999997,2,263.08000000000004,2opt,notBad
6746,6,500.4599999999997,2,263.08000000000004,swap,notBad
6747,6,500.4599999999997,2,263.08000000000004,2opt,notBad
6748,6,500.4599999999997,2,263.08000000000004,move,improve
6749,6,500.4599999999997,2,263.08000000000004,2opt,notBad
6750,6,500.4599999999997,2,263.08000000000004,move,improve
6751,6,500.4599999999997,2,263.08000000000004,2opt,notBad
6752,6,500.4599999999997,2,263.08000000000004,swap,notBad
6753,6,500.4599999999997,2,263.08000000000004,2opt,notBad
6754,6,500.4599999999997,2,263.08000000000004,swap,notBad
6755,6,500.4599999999997,2,263.08000000000004,2opt,notBad
6756,6,500.4599999999997,2,263.08000000000004,2opt,notBad
6757,6,500.4599999999997,2,263.08000000000004,2opt,notBad
6758,6,500.4599999999997,2,263.08000000000004,2opt,notBad
6759,6,500.4599999999997,2,263.08000000000004,2opt,notBad
6760,6,500.4599999999997,2,263.08000000000004,2opt,notBad
6761,6,500.4599999999997,2,263.08000000000004,move,improve
6762,6,500.4599999999997,2,263.08000000000004,2opt,notBad
6763,6,500.4599999999997,2,263.08000000000004,swap,notBad
6764,6,500.4599999999997,2,263.08000000000004,swap,notBad
6765,6,500.4599999999997,2,263.08000000000004,move,improve
6766,6,500.4599999999997,2,263.08000000000004,swap,notBad
6767,6,500.4599999999997,2,263.08000000000004,2opt,notBad
6768,6,500.4599999999997,2,263.08000000000004,move,improve
6769,6,500.4599999999997,2,263.08000000000004,move,improve
6770,6,500.4599999999997,2,263.08000000000004,swap,notBad
6771,6,500.4599999999997,2,263.08000000000004,swap,notBad
6772,6,500.4599999999997,2,263.08000000000004,move,improve
6773,6,500.4599999999997,2,263.08000000000004,move,improve
6774,6,498.61999999999966,2,263.08000000000004,swap,improve
6775,6,498.61999999999966,2,263.08000000000004,2opt,notBad
6776,6,498.61999999999966,2,263.08000000000004,swap,notBad
6777,6,498.61999999999966,2,263.08000000000004,swap,notBad
6778,6,498.61999999999966,2,263.08000000000004,move,improve
6779,6,498.61999999999966,2,263.08000000000004,swap,notBad
6780,6,498.61999999999966,2,263.08000000000004,2opt,improve
6781,6,498.61999999999966,2,263.08000000000004,move,improve
6782,6,498.61999999999966,2,263.08000000000004,move,improve
6783,6,498.61999999999966,2,263.08000000000004,swap,notBad
6784,6,498.61999999999966,2,263.08000000000004,swap,notBad
6785,6,498.61999999999966,2,263.08000000000004,2opt,notBad
6786,6,498.61999999999966,2,263.08000000000004,move,improve
6787,6,498.61999999999966,2,263.08000000000004,2opt,notBad
6788,6,498.61999999999966,2,263.08000000000004,2opt,notBad
6789,6,498.61999999999966,2,263.08000000000004,move,improve
6790,6,498.61999999999966,2,263.08000000000004,swap,notBad
6791,6,498.61999999999966,2,263.08000000000004,2opt,notBad
6792,6,498.61999999999966,2,263.08000000000004,swap,notBad
6793,6,498.61999999999966,2,263.08000000000004,swap,notBad
6794,6,498.61999999999966,2,263.08000000000004,2opt,notBad
6795,6,498.61999999999966,2,263.08000000000004,2opt,notBad
6796,6,498.61999999999966,2,263.08000000000004,move,improve
6797,6,498.61999999999966,2,263.08000000000004,2opt,notBad
6798,6,503.1599999999987,2,263.08000000000004,swap,acceptBad
6799,6,501.0799999999999,2,263.08000000000004,move,improve
6800,6,501.0799999999999,2,263.08000000000004,swap,notBad
6801,6,501.0799999999999,2,263.08000000000004,move,improve
6802,6,501.0799999999999,2,263.08000000000004,swap,notBad
6803,6,501.0799999999999,2,263.08000000000004,move,improve
6804,6,501.0799999999999,2,263.08000000000004,move,improve
6805,6,501.0799999999999,2,263.08000000000004,move,improve
6806,6,501.0799999999999,2,263.08000000000004,2opt,notBad
6807,6,501.0799999999999,2,263.08000000000004,2opt,notBad
6808,6,501.0799999999999,2,263.08000000000004,2opt,notBad
6809,6,501.0799999999999,2,263.08000000000004,move,improve
6810,6,501.0799999999999,2,263.08000000000004,move,improve
6811,6,501.0799999999999,2,263.08000000000004,swap,notBad
6812,6,501.0799999999999,2,263.08000000000004,swap,notBad
6813,6,501.0799999999999,2,263.08000000000004,swap,notBad
6814,6,501.0799999999999,2,263.08000000000004,move,improve
6815,6,501.0799999999999,2,263.08000000000004,2opt,notBad
6816,6,501.0799999999999,2,263.08000000000004,2opt,notBad
6817,6,501.0799999999999,2,263.08000000000004,swap,notBad
6818,6,501.0799999999999,2,263.08000000000004,2opt,notBad
6819,6,501.0799999999999,2,263.08000000000004,move,improve
6820,6,501.0799999999999,2,263.08000000000004,swap,notBad
6821,6,501.0799999999999,2,263.08000000000004,2opt,notBad
6822,6,501.0799999999999,2,263.08000000000004,2opt,notBad
6823,6,501.0799999999999,2,263.08000000000004,2opt,notBad
6824,6,501.0799999999999,2,263.08000000000004,move,improve
6825,6,501.0799999999999,2,263.08000000000004,move,improve
6826,6,501.0799999999999,2,263.08000000000004,swap,notBad
6827,6,501.0799999999999,2,263.08000000000004,2opt,notBad
6828,6,501.0799999999999,2,263.08000000000004,move,improve
6829,6,501.0799999999999,2,263.08000000000004,move,improve
6830,6,501.0799999999999,2,263.08000000000004,2opt,improve
6831,6,501.0799999999999,2,263.08000000000004,move,improve
6832,6,501.0799999999999,2,263.08000000000004,swap,notBad
6833,6,501.0799999999999,2,263.08000000000004,swap,notBad
6834,6,501.0799999999999,2,263.08000000000004,move,improve
6835,6,501.0799999999999,2,263.08000000000004,move,improve
6836,6,501.0799999999999,2,263.08000000000004,move,improve
6837,6,501.0799999999999,2,263.08000000000004,swap,notBad
6838,6,501.0799999999999,2,263.08000000000004,2opt,notBad
6839,6,501.0799999999999,2,263.08000000000004,swap,notBad
6840,6,501.0799999999999,2,263.08000000000004,swap,notBad
6841,6,501.0799999999999,2,263.08000000000004,swap,notBad
6842,6,501.0799999999999,2,263.08000000000004,2opt,notBad
6843,6,501.0799999999999,2,263.08000000000004,2opt,notBad
6844,6,501.0799999999999,2,263.08000000000004,move,improve
6845,6,501.0799999999999,2,263.08000000000004,swap,notBad
6846,6,501.0799999999999,2,263.08000000000004,2opt,improve
6847,6,501.0799999999999,2,263.08000000000004,2opt,notBad
6848,6,501.0799999999999,2,263.08000000000004,swap,notBad
6849,6,501.0799999999999,2,263.08000000000004,move,improve
6850,6,501.0799999999999,2,263.08000000000004,swap,notBad
6851,6,501.0799999999999,2,263.08000000000004,swap,notBad
6852,6,501.0799999999999,2,263.08000000000004,move,improve
6853,6,501.0799999999999,2,263.08000000000004,swap,notBad
6854,6,501.0799999999999,2,263.08000000000004,swap,notBad
6855,6,501.0799999999999,2,263.08000000000004,2opt,notBad
6856,6,501.0799999999999,2,263.08000000000004,2opt,notBad
6857,6,501.0799999999999,2,263.08000000000004,move,improve
6858,6,501.0799999999999,2,263.08000000000004,swap,notBad
6859,6,501.0799999999999,2,263.08000000000004,2opt,notBad
6860,6,501.0799999999999,2,263.08000000000004,swap,notBad
6861,6,501.0799999999999,2,263.08000000000004,move,improve
6862,6,501.0799999999999,2,263.08000000000004,2opt,notBad
6863,6,501.0799999999999,2,263.08000000000004,2opt,notBad
6864,6,501.0799999999999,2,263.08000000000004,2opt,notBad
6865,6,501.0799999999999,2,263.08000000000004,2opt,notBad
6866,6,501.0799999999999,2,263.08000000000004,move,improve
6867,6,501.0799999999999,2,263.08000000000004,2opt,notBad
6868,6,501.0799999999999,2,263.08000000000004,2opt,notBad
6869,6,501.0799999999999,2,263.08000000000004,swap,notBad
6870,6,501.0799999999999,2,263.08000000000004,swap,notBad
6871,6,501.0799999999999,2,263.08000000000004,2opt,notBad
6872,6,501.0799999999999,2,263.08000000000004,swap,notBad
6873,6,501.0799999999999,2,263.08000000000004,2opt,notBad
6874,6,501.0799999999999,2,263.08000000000004,move,improve
6875,6,501.0799999999999,2,263.08000000000004,swap,notBad
6876,6,501.0799999999999,2,263.08000000000004,swap,notBad
6877,6,501.0799999999999,2,263.08000000000004,move,improve
6878,6,501.0799999999999,2,263.08000000000004,swap,notBad
6879,6,501.0799999999999,2,263.08000000000004,swap,notBad
6880,6,501.0799999999999,2,263.08000000000004,2opt,notBad
6881,6,501.0799999999999,2,263.08000000000004,2opt,notBad
6882,6,501.0799999999999,2,263.08000000000004,2opt,notBad
6883,6,501.0799999999999,2,263.08000000000004,2opt,notBad
6884,6,501.0799999999999,2,263.08000000000004,2opt,notBad
6885,6,501.0799999999999,2,263.08000000000004,move,improve
6886,6,501.0799999999999,2,263.08000000000004,swap,notBad
6887,6,501.0799999999999,2,263.08000000000004,2opt,notBad
6888,6,501.0799999999999,2,263.08000000000004,2opt,notBad
6889,6,501.0799999999999,2,263.08000000000004,move,improve
6890,6,501.0799999999999,2,263.08000000000004,move,improve
6891,6,501.0799999999999,2,263.08000000000004,2opt,improve
6892,6,501.0799999999999,2,263.08000000000004,swap,notBad
6893,6,501.0799999999999,2,263.08000000000004,move,improve
6894,6,501.0799999999999,2,263.08000000000004,2opt,notBad
6895,6,501.0799999999999,2,263.08000000000004,2opt,notBad
6896,6,501.0799999999999,2,263.08000000000004,2opt,notBad
6897,6,501.0799999999999,2,263.08000000000004,2opt,notBad
6898,6,501.0799999999999,2,263.08000000000004,swap,notBad
6899,6,501.0799999999999,2,263.08000000000004,move,improve
6900,6,501.0799999999999,2,263.08000000000004,swap,notBad
6901,6,501.0799999999999,2,263.08000000000004,move,improve
6902,6,501.0799999999999,2,263.08000000000004,swap,notBad
6903,6,501.0799999999999,2,263.08000000000004,move,improve
6904,6,501.0799999999999,2,263.08000000000004,2opt,notBad
6905,6,501.0799999999999,2,263.08000000000004,move,improve
6906,6,501.0799999999999,2,263.08000000000004,swap,notBad
6907,6,501.0799999999999,2,263.08000000000004,move,improve
6908,6,501.0799999999999,2,263.08000000000004,swap,notBad
6909,6,501.0799999999999,2,263.08000000000004,swap,notBad
6910,6,501.0799999999999,2,263.08000000000004,2opt,notBad
6911,6,501.0799999999999,2,263.08000000000004,swap,notBad
6912,6,501.0799999999999,2,263.08000000000004,2opt,notBad
6913,6,501.0799999999999,2,263.08000000000004,2opt,notBad
6914,6,501.0799999999999,2,263.08000000000004,move,improve
6915,6,501.0799999999999,2,263.08000000000004,move,improve
6916,6,501.0799999999999,2,263.08000000000004,swap,notBad
6917,6,501.0799999999999,2,263.08000000000004,2opt,notBad
6918,6,501.0799999999999,2,263.08000000000004,2opt,notBad
6919,6,501.0799999999999,2,263.08000000000004,2opt,notBad
6920,6,501.0799999999999,2,263.08000000000004,swap,notBad
6921,6,501.0799999999999,2,263.08000000000004,swap,notBad
6922,6,501.0799999999999,2,263.08000000000004,2opt,notBad
6923,6,501.0799999999999,2,263.08000000000004,2opt,notBad
6924,6,501.0799999999999,2,263.08000000000004,2opt,notBad
6925,6,501.0799999999999,2,263.08000000000004,move,improve
6926,6,501.0799999999999,2,263.08000000000004,swap,notBad
6927,6,500.9599999999999,2,263.08000000000004,move,improve
6928,6,500.9599999999999,2,263.08000000000004,swap,notBad
6929,6,500.9599999999999,2,263.08000000000004,move,improve
6930,6,500.9599999999999,2,263.08000000000004,2opt,notBad
6931,6,500.9599999999999,2,263.08000000000004,2opt,notBad
6932,6,500.9599999999999,2,263.08000000000004,2opt,notBad
6933,6,500.9599999999999,2,263.08000000000004,2opt,notBad
6934,6,500.9599999999999,2,263.08000000000004,move,improve
6935,6,500.9599999999999,2,263.08000000000004,2opt,notBad
6936,6,500.9599999999999,2,263.08000000000004,move,improve
6937,6,500.9599999999999,2,263.08000000000004,2opt,notBad
6938,6,500.9599999999999,2,263.08000000000004,2opt,notBad
6939,6,500.9599999999999,2,263.08000000000004,move,improve
6940,6,501.07999999999913,2,263.08000000000004,swap,acceptBad
6941,6,501.07999999999913,2,263.08000000000004,move,improve
6942,6,501.07999999999913,2,263.08000000000004,2opt,notBad
6943,6,501.07999999999913,2,263.08000000000004,move,improve
6944,6,501.07999999999913,2,263.08000000000004,move,improve
6945,6,501.07999999999913,2,263.08000000000004,2opt,notBad
6946,6,501.07999999999913,2,263.08000000000004,2opt,notBad
6947,6,501.07999999999913,2,263.08000000000004,move,improve
6948,6,501.07999999999913,2,263.08000000000004,move,improve
6949,6,501.07999999999913,2,263.08000000000004,2opt,notBad
6950,6,501.07999999999913,2,263.08000000000004,move,improve
6951,6,501.07999999999913,2,263.08000000000004,move,improve
6952,6,501.07999999999913,2,263.08000000000004,swap,notBad
6953,6,501.07999999999913,2,263.08000000000004,2opt,notBad
6954,6,501.07999999999913,2,263.08000000000004,2opt,notBad
6955,6,501.07999999999913,2,263.08000000000004,move,notBad
6956,6,501.07999999999913,2,263.08000000000004,move,improve
6957,6,501.07999999999913,2,263.08000000000004,2opt,notBad
6958,6,501.07999999999913,2,263.08000000000004,2opt,notBad
6959,6,501.07999999999913,2,263.08000000000004,2opt,notBad
6960,6,501.07999999999913,2,263.08000000000004,swap,notBad
6961,6,501.07999999999913,2,263.08000000000004,swap,notBad
6962,6,501.07999999999913,2,263.08000000000004,move,improve
6963,6,501.07999999999913,2,263.08000000000004,2opt,notBad
6964,6,501.07999999999913,2,263.08000000000004,move,improve
6965,6,501.07999999999913,2,263.08000000000004,move,improve
6966,6,501.07999999999913,2,263.08000000000004,move,improve
6967,6,501.07999999999913,2,263.08000000000004,move,improve
6968,6,501.07999999999913,2,263.08000000000004,swap,notBad
6969,6,501.07999999999913,2,263.08000000000004,swap,notBad
6970,6,501.07999999999913,2,263.08000000000004,move,improve
6971,6,501.07999999999913,2,263.08000000000004,2opt,notBad
6972,6,501.07999999999913,2,263.08000000000004,2opt,notBad
6973,6,501.07999999999913,2,263.08000000000004,move,improve
6974,6,501.07999999999913,2,263.08000000000004,move,improve
6975,6,501.07999999999913,2,263.08000000000004,2opt,notBad
6976,6,501.07999999999913,2,263.08000000000004,swap,notBad
6977,6,501.07999999999913,2,263.08000000000004,swap,notBad
6978,6,501.07999999999913,2,263.08000000000004,2opt,notBad
6979,6,501.07999999999913,2,263.08000000000004,2opt,notBad
6980,6,501.07999999999913,2,263.08000000000004,move,improve
6981,6,501.07999999999913,2,263.08000000000004,2opt,notBad
6982,6,501.07999999999913,2,263.08000000000004,swap,notBad
6983,6,501.07999999999913,2,263.08000000000004,move,improve
6984,6,501.07999999999913,2,263.08000000000004,move,improve
6985,6,501.07999999999913,2,263.08000000000004,swap,notBad
6986,6,501.07999999999913,2,263.08000000000004,2opt,notBad
6987,6,501.07999999999913,2,263.08000000000004,2opt,notBad
6988,6,501.07999999999913,2,263.08000000000004,2opt,notBad
6989,6,501.07999999999913,2,263.08000000000004,2opt,notBad
6990,6,501.07999999999913,2,263.08000000000004,move,improve
6991,6,501.07999999999913,2,263.08000000000004,move,improve
6992,6,501.07999999999913,2,263.08000000000004,swap,notBad
6993,6,501.07999999999913,2,263.08000000000004,move,improve
6994,6,501.07999999999913,2,263.08000000000004,swap,notBad
6995,6,501.07999999999913,2,263.08000000000004,2opt,notBad
6996,6,501.07999999999913,2,263.08000000000004,2opt,notBad
6997,6,501.07999999999913,2,263.08000000000004,2opt,notBad
6998,6,501.07999999999913,2,263.08000000000004,2opt,notBad
6999,6,501.07999999999913,2,263.08000000000004,move,improve
7000,6,501.07999999999913,2,263.08000000000004,swap,notBad
7001,6,501.07999999999913,2,263.08000000000004,swap,notBad
7002,6,501.07999999999913,2,263.08000000000004,move,improve
7003,6,501.07999999999913,2,263.08000000000004,swap,notBad
7004,6,501.07999999999913,2,263.08000000000004,move,improve
7005,6,501.07999999999913,2,263.08000000000004,move,improve
7006,6,501.07999999999913,2,263.08000000000004,2opt,notBad
7007,6,501.07999999999913,2,263.08000000000004,swap,notBad
7008,6,501.07999999999913,2,263.08000000000004,move,improve
7009,6,501.07999999999913,2,263.08000000000004,move,improve
7010,6,501.07999999999913,2,263.08000000000004,2opt,notBad
7011,6,501.07999999999913,2,263.08000000000004,2opt,notBad
7012,6,501.07999999999913,2,263.08000000000004,2opt,improve
7013,6,501.07999999999913,2,263.08000000000004,2opt,notBad
7014,6,501.07999999999913,2,263.08000000000004,swap,notBad
7015,6,501.07999999999913,2,263.08000000000004,2opt,notBad
7016,6,501.07999999999913,2,263.08000000000004,move,improve
7017,6,501.07999999999913,2,263.08000000000004,2opt,notBad
7018,6,501.07999999999913,2,263.08000000000004,move,improve
7019,6,500.9599999999999,2,263.08000000000004,swap,improve
7020,6,500.9599999999999,2,263.08000000000004,swap,notBad
7021,6,500.9599999999999,2,263.08000000000004,2opt,notBad
7022,6,500.9599999999999,2,263.08000000000004,2opt,notBad
7023,6,500.9599999999999,2,263.08000000000004,2opt,notBad
7024,6,500.9599999999999,2,263.08000000000004,2opt,notBad
7025,6,500.9599999999999,2,263.08000000000004,move,improve
7026,6,500.9599999999999,2,263.08000000000004,swap,notBad
7027,6,500.9599999999999,2,263.08000000000004,2opt,notBad
7028,6,500.9599999999999,2,263.08000000000004,move,improve
7029,6,500.9599999999999,2,263.08000000000004,2opt,notBad
7030,6,500.9599999999999,2,263.08000000000004,move,improve
7031,6,500.9599999999999,2,263.08000000000004,move,improve
7032,6,500.9599999999999,2,263.08000000000004,2opt,notBad
7033,6,500.9599999999999,2,263.08000000000004,swap,notBad
7034,6,500.9599999999999,2,263.08000000000004,2opt,notBad
7035,6,500.9599999999999,2,263.08000000000004,move,improve
7036,6,500.9599999999999,2,263.08000000000004,swap,notBad
7037,6,500.9599999999999,2,263.08000000000004,2opt,notBad
7038,6,500.9599999999999,2,263.08000000000004,move,improve
7039,6,500.9599999999999,2,263.08000000000004,2opt,notBad
7040,6,500.9599999999999,2,263.08000000000004,2opt,notBad
7041,6,500.9599999999999,2,263.08000000000004,move,improve
7042,6,500.9599999999999,2,263.08000000000004,2opt,notBad
7043,6,500.9599999999999,2,263.08000000000004,swap,notBad
7044,6,500.9599999999999,2,263.08000000000004,2opt,notBad
7045,6,500.9599999999999,2,263.08000000000004,2opt,notBad
7046,6,500.9599999999999,2,263.08000000000004,2opt,notBad
7047,6,500.9599999999999,2,263.08000000000004,2opt,improve
7048,6,500.9599999999999,2,263.08000000000004,swap,notBad
7049,6,500.9599999999999,2,263.08000000000004,swap,notBad
7050,6,500.9599999999999,2,263.08000000000004,move,improve
7051,6,500.9599999999999,2,263.08000000000004,move,improve
7052,6,500.9599999999999,2,263.08000000000004,2opt,notBad
7053,6,501.88,2,263.08000000000004,swap,acceptBad
7054,6,501.88,2,263.08000000000004,move,improve
7055,6,501.88,2,263.08000000000004,2opt,notBad
7056,6,501.88,2,263.08000000000004,2opt,notBad
7057,6,501.88,2,263.08000000000004,swap,notBad
7058,6,501.88,2,263.08000000000004,move,improve
7059,6,501.88,2,263.08000000000004,swap,notBad
7060,6,501.88,2,263.08000000000004,2opt,notBad
7061,6,501.88,2,263.08000000000004,2opt,notBad
7062,6,501.88,2,263.08000000000004,move,improve
7063,6,501.88,2,263.08000000000004,2opt,notBad
7064,6,501.88,2,263.08000000000004,2opt,notBad
7065,6,501.88,2,263.08000000000004,move,improve
7066,6,501.88,2,263.08000000000004,swap,notBad
7067,6,501.88,2,263.08000000000004,2opt,notBad
7068,6,501.88,2,263.08000000000004,swap,notBad
7069,6,501.88,2,263.08000000000004,move,improve
7070,6,501.88,2,263.08000000000004,swap,notBad
7071,6,501.88,2,263.08000000000004,2opt,notBad
7072,6,501.88,2,263.08000000000004,swap,notBad
7073,6,501.88,2,263.08000000000004,2opt,notBad
7074,6,501.88,2,263.08000000000004,move,improve
7075,6,501.88,2,263.08000000000004,2opt,notBad
7076,6,501.88,2,263.08000000000004,2opt,notBad
7077,6,501.88,2,263.08000000000004,swap,notBad
7078,6,501.88,2,263.08000000000004,2opt,notBad
7079,6,501.88,2,263.08000000000004,move,improve
7080,6,501.88,2,263.08000000000004,2opt,notBad
7081,6,501.88,2,263.08000000000004,2opt,notBad
7082,6,501.88,2,263.08000000000004,2opt,notBad
7083,6,501.88,2,263.08000000000004,2opt,notBad
7084,6,501.88,2,263.08000000000004,2opt,notBad
7085,6,501.88,2,263.08000000000004,2opt,notBad
7086,6,501.88,2,263.08000000000004,swap,notBad
7087,6,501.88,2,263.08000000000004,2opt,notBad
7088,6,501.88,2,263.08000000000004,move,improve
7089,6,501.88,2,263.08000000000004,swap,notBad
7090,6,501.88,2,263.08000000000004,2opt,improve
7091,6,501.88,2,263.08000000000004,swap,notBad
7092,6,501.88,2,263.08000000000004,2opt,notBad
7093,6,501.88,2,263.08000000000004,2opt,notBad
7094,6,501.88,2,263.08000000000004,move,improve
7095,6,501.88,2,263.08000000000004,2opt,notBad
7096,6,501.88,2,263.08000000000004,2opt,improve
7097,6,501.88,2,263.08000000000004,move,improve
7098,6,501.88,2,263.08000000000004,move,improve
7099,6,501.88,2,263.08000000000004,2opt,notBad
7100,6,501.88,2,263.08000000000004,2opt,notBad
7101,6,501.88,2,263.08000000000004,swap,notBad
7102,6,501.88,2,263.08000000000004,swap,notBad
7103,6,501.88,2,263.08000000000004,swap,notBad
7104,6,501.88,2,263.08000000000004,swap,notBad
7105,6,501.88,2,263.08000000000004,swap,notBad
7106,6,501.88,2,263.08000000000004,swap,notBad
7107,6,501.88,2,263.08000000000004,move,improve
7108,6,501.88,2,263.08000000000004,2opt,notBad
7109,6,501.88,2,263.08000000000004,swap,notBad
7110,6,501.88,2,263.08000000000004,swap,notBad
7111,6,501.88,2,263.08000000000004,2opt,notBad
7112,6,501.88,2,263.08000000000004,2opt,notBad
7113,6,501.88,2,263.08000000000004,move,improve
7114,6,501.88,2,263.08000000000004,2opt,notBad
7115,6,501.88,2,263.08000000000004,2opt,notBad
7116,6,501.88,2,263.08000000000004,move,improve
7117,6,501.88,2,263.08000000000004,swap,notBad
7118,6,501.88,2,263.08000000000004,swap,notBad
7119,6,501.88,2,263.08000000000004,swap,notBad
7120,6,501.88,2,263.08000000000004,swap,notBad
7121,6,501.88,2,263.08000000000004,2opt,notBad
7122,6,501.88,2,263.08000000000004,swap,notBad
7123,6,501.88,2,263.08000000000004,move,improve
7124,6,501.88,2,263.08000000000004,swap,notBad
7125,6,501.88,2,263.08000000000004,2opt,notBad
7126,6,503.7199999999999,2,263.08000000000004,swap,acceptBad
7127,6,501.88,2,263.08000000000004,move,improve
7128,6,501.88,2,263.08000000000004,move,improve
7129,6,501.88,2,263.08000000000004,2opt,notBad
7130,6,501.88,2,263.08000000000004,swap,notBad
7131,6,501.88,2,263.08000000000004,2opt,notBad
7132,6,500.9599999999999,2,263.08000000000004,move,improve
7133,6,500.9599999999999,2,263.08000000000004,move,improve
7134,6,500.9599999999999,2,263.08000000000004,2opt,notBad
7135,6,500.9599999999999,2,263.08000000000004,move,improve
7136,6,500.9599999999999,2,263.08000000000004,move,improve
7137,6,500.9599999999999,2,263.08000000000004,move,improve
7138,6,500.9599999999999,2,263.08000000000004,move,improve
7139,6,500.9599999999999,2,263.08000000000004,move,improve
7140,6,500.9599999999999,2,263.08000000000004,swap,notBad
7141,6,500.9599999999999,2,263.08000000000004,swap,notBad
7142,6,500.9599999999999,2,263.08000000000004,swap,notBad
7143,6,500.9599999999999,2,263.08000000000004,2opt,notBad
7144,6,500.9599999999999,2,263.08000000000004,swap,notBad
7145,6,500.9599999999999,2,263.08000000000004,2opt,notBad
7146,6,500.9599999999999,2,263.08000000000004,move,improve
7147,6,500.9599999999999,2,263.08000000000004,2opt,notBad
7148,6,500.9599999999999,2,263.08000000000004,move,improve
7149,6,500.9599999999999,2,263.08000000000004,move,improve
7150,6,500.9599999999999,2,263.08000000000004,move,improve
7151,6,500.9599999999999,2,263.08000000000004,move,improve
7152,6,500.9599999999999,2,263.08000000000004,move,improve
7153,6,500.9599999999999,2,263.08000000000004,move,improve
7154,6,500.9599999999999,2,263.08000000000004,swap,notBad
7155,6,500.9599999999999,2,263.08000000000004,move,improve
7156,6,500.9599999999999,2,263.08000000000004,2opt,improve
7157,6,500.9599999999999,2,263.08000000000004,2opt,notBad
7158,6,500.9599999999999,2,263.08000000000004,2opt,notBad
7159,6,500.9599999999999,2,263.08000000000004,move,improve
7160,6,500.9599999999999,2,263.08000000000004,2opt,notBad
7161,6,500.9599999999999,2,263.08000000000004,2opt,notBad
7162,6,500.9599999999999,2,263.08000000000004,swap,notBad
7163,6,500.9599999999999,2,263.08000000000004,swap,notBad
7164,6,500.9599999999999,2,263.08000000000004,swap,notBad
7165,6,500.9599999999999,2,263.08000000000004,2opt,notBad
7166,6,500.9599999999999,2,263.08000000000004,swap,notBad
7167,6,500.9599999999999,2,263.08000000000004,2opt,notBad
7168,6,500.9599999999999,2,263.08000000000004,2opt,notBad
7169,6,500.9599999999999,2,263.08000000000004,move,improve
7170,6,500.9599999999999,2,263.08000000000004,2opt,notBad
7171,6,500.9599999999999,2,263.08000000000004,move,improve
7172,6,500.9599999999999,2,263.08000000000004,2opt,notBad
7173,6,500.9599999999999,2,263.08000000000004,move,improve
7174,6,500.9599999999999,2,263.08000000000004,swap,notBad
7175,6,500.9599999999999,2,263.08000000000004,move,improve
7176,6,500.9599999999999,2,263.08000000000004,2opt,notBad
7177,6,500.9599999999999,2,263.08000000000004,move,improve
7178,6,500.9599999999999,2,263.08000000000004,move,notBad
7179,6,500.9599999999999,2,263.08000000000004,swap,notBad
7180,6,500.9599999999999,2,263.08000000000004,swap,notBad
7181,6,500.9599999999999,2,263.08000000000004,2opt,notBad
7182,6,500.9599999999999,2,263.08000000000004,2opt,notBad
7183,6,500.9599999999999,2,263.08000000000004,2opt,notBad
7184,6,500.9599999999999,2,263.08000000000004,move,improve
7185,6,500.9599999999999,2,263.08000000000004,move,improve
7186,6,500.9599999999999,2,263.08000000000004,2opt,notBad
7187,6,500.9599999999999,2,263.08000000000004,swap,notBad
7188,6,500.9599999999999,2,263.08000000000004,2opt,notBad
7189,6,500.9599999999999,2,263.08000000000004,swap,notBad
7190,6,500.9599999999999,2,263.08000000000004,2opt,notBad
7191,6,500.9599999999999,2,263.08000000000004,swap,notBad
7192,6,500.9599999999999,2,263.08000000000004,2opt,notBad
7193,6,500.9599999999999,2,263.08000000000004,2opt,notBad
7194,6,500.9599999999999,2,263.08000000000004,move,improve
7195,6,500.9599999999999,2,263.08000000000004,2opt,notBad
7196,6,500.9599999999999,2,263.08000000000004,2opt,notBad
7197,6,500.9599999999999,2,263.08000000000004,swap,notBad
7198,6,500.9599999999999,2,263.08000000000004,move,improve
7199,6,500.9599999999999,2,263.08000000000004,swap,notBad
7200,6,500.9599999999999,2,263.08000000000004,move,improve
7201,6,500.9599999999999,2,263.08000000000004,2opt,notBad
7202,6,500.9599999999999,2,263.08000000000004,move,improve
7203,6,500.9599999999999,2,263.08000000000004,swap,notBad
7204,6,500.9599999999999,2,263.08000000000004,move,improve
7205,6,500.9599999999999,2,263.08000000000004,swap,notBad
7206,6,500.9599999999999,2,263.08000000000004,2opt,notBad
7207,6,500.9599999999999,2,263.08000000000004,2opt,notBad
7208,6,500.9599999999999,2,263.08000000000004,swap,notBad
7209,6,500.9599999999999,2,263.08000000000004,2opt,notBad
7210,6,500.9599999999999,2,263.08000000000004,move,improve
7211,6,500.9599999999999,2,263.08000000000004,swap,notBad
7212,6,500.9599999999999,2,263.08000000000004,2opt,notBad
7213,6,500.9599999999999,2,263.08000000000004,swap,notBad
7214,6,500.9599999999999,2,263.08000000000004,move,improve
7215,6,500.9599999999999,2,263.08000000000004,move,improve
7216,6,500.9599999999999,2,263.08000000000004,swap,notBad
7217,6,500.9599999999999,2,263.08000000000004,swap,notBad
7218,6,501.88,2,263.08000000000004,swap,acceptBad
7219,6,501.88,2,263.08000000000004,swap,notBad
7220,6,501.88,2,263.08000000000004,swap,notBad
7221,6,501.88,2,263.08000000000004,move,improve
7222,6,501.88,2,263.08000000000004,move,improve
7223,6,501.88,2,263.08000000000004,swap,notBad
7224,6,501.88,2,263.08000000000004,move,improve
7225,6,501.88,2,263.08000000000004,swap,notBad
7226,6,501.88,2,263.08000000000004,move,improve
7227,6,501.88,2,263.08000000000004,move,improve
7228,6,501.88,2,263.08000000000004,2opt,notBad
7229,6,501.88,2,263.08000000000004,2opt,notBad
7230,6,501.88,2,263.08000000000004,2opt,notBad
7231,6,501.88,2,263.08000000000004,2opt,notBad
7232,6,501.88,2,263.08000000000004,swap,notBad
7233,6,501.88,2,263.08000000000004,move,improve
7234,6,501.88,2,263.08000000000004,move,improve
7235,6,501.88,2,263.08000000000004,move,improve
7236,6,501.88,2,263.08000000000004,2opt,notBad
7237,6,501.88,2,263.08000000000004,2opt,notBad
7238,6,501.88,2,263.08000000000004,2opt,notBad
7239,6,501.88,2,263.08000000000004,swap,notBad
7240,6,501.88,2,263.08000000000004,2opt,notBad
7241,6,501.88,2,263.08000000000004,move,improve
7242,6,501.88,2,263.08000000000004,2opt,notBad
7243,6,501.88,2,263.08000000000004,2opt,notBad
7244,6,501.88,2,263.08000000000004,move,improve
7245,6,501.88,2,263.08000000000004,2opt,notBad
7246,6,501.88,2,263.08000000000004,move,improve
7247,6,501.88,2,263.08000000000004,swap,notBad
7248,6,501.88,2,263.08000000000004,2opt,notBad
7249,6,501.88,2,263.08000000000004,swap,notBad
7250,6,501.88,2,263.08000000000004,move,improve
7251,6,501.88,2,263.08000000000004,swap,notBad
7252,6,501.88,2,263.08000000000004,2opt,notBad
7253,6,501.88,2,263.08000000000004,swap,notBad
7254,6,501.88,2,263.08000000000004,move,improve
7255,6,501.88,2,263.08000000000004,move,improve
7256,6,500.9599999999999,2,263.08000000000004,move,improve
7257,6,500.9599999999999,2,263.08000000000004,swap,notBad
7258,6,500.9599999999999,2,263.08000000000004,2opt,notBad
7259,6,500.9599999999999,2,263.08000000000004,2opt,notBad
7260,6,500.9599999999999,2,263.08000000000004,move,improve
7261,6,500.9599999999999,2,263.08000000000004,move,improve
7262,6,500.9599999999999,2,263.08000000000004,swap,notBad
7263,6,500.9599999999999,2,263.08000000000004,2opt,notBad
7264,6,500.9599999999999,2,263.08000000000004,2opt,notBad
7265,6,500.9599999999999,2,263.08000000000004,swap,notBad
7266,6,500.9599999999999,2,263.08000000000004,move,improve
7267,6,500.9599999999999,2,263.08000000000004,move,improve
7268,6,500.9599999999999,2,263.08000000000004,move,improve
7269,6,500.9599999999999,2,263.08000000000004,swap,notBad
7270,6,500.9599999999999,2,263.08000000000004,move,improve
7271,6,500.9599999999999,2,263.08000000000004,swap,notBad
7272,6,500.9599999999999,2,263.08000000000004,move,improve
7273,6,500.9599999999999,2,263.08000000000004,swap,notBad
7274,6,500.9599999999999,2,263.08000000000004,2opt,notBad
7275,6,500.9599999999999,2,263.08000000000004,2opt,notBad
7276,6,500.9599999999999,2,263.08000000000004,2opt,notBad
7277,6,500.9599999999999,2,263.08000000000004,swap,notBad
7278,6,500.9599999999999,2,263.08000000000004,swap,notBad
7279,6,500.9599999999999,2,263.08000000000004,2opt,notBad
7280,6,500.9599999999999,2,263.08000000000004,move,improve
7281,6,500.9599999999999,2,263.08000000000004,move,improve
7282,6,500.9599999999999,2,263.08000000000004,move,improve
7283,6,500.9599999999999,2,263.08000000000004,2opt,notBad
7284,6,500.9599999999999,2,263.08000000000004,move,improve
7285,6,500.9599999999999,2,263.08000000000004,swap,notBad
7286,6,500.9599999999999,2,263.08000000000004,swap,notBad
7287,6,500.9599999999999,2,263.08000000000004,swap,notBad
7288,6,500.9599999999999,2,263.08000000000004,2opt,notBad
7289,6,500.9599999999999,2,263.08000000000004,2opt,notBad
7290,6,500.9599999999999,2,263.08000000000004,move,improve
7291,6,500.9599999999999,2,263.08000000000004,swap,notBad
7292,6,500.9599999999999,2,263.08000000000004,2opt,notBad
7293,6,500.9599999999999,2,263.08000000000004,swap,notBad
7294,6,500.9599999999999,2,263.08000000000004,move,improve
7295,6,500.9599999999999,2,263.08000000000004,2opt,notBad
7296,6,500.9599999999999,2,263.08000000000004,swap,notBad
7297,6,500.9599999999999,2,263.08000000000004,move,improve
7298,6,500.9599999999999,2,263.08000000000004,move,improve
7299,6,500.9599999999999,2,263.08000000000004,swap,notBad
7300,6,500.9599999999999,2,263.08000000000004,2opt,notBad
7301,6,500.9599999999999,2,263.08000000000004,2opt,notBad
7302,6,500.9599999999999,2,263.08000000000004,swap,notBad
7303,6,500.9599999999999,2,263.08000000000004,move,improve
7304,6,500.9599999999999,2,263.08000000000004,move,improve
7305,6,500.9599999999999,2,263.08000000000004,2opt,notBad
7306,6,500.9599999999999,2,263.08000000000004,swap,notBad
7307,6,500.9599999999999,2,263.08000000000004,move,improve
7308,6,500.9599999999999,2,263.08000000000004,move,improve
7309,6,500.9599999999999,2,263.08000000000004,swap,notBad
7310,6,500.9599999999999,2,263.08000000000004,2opt,notBad
7311,6,500.9599999999999,2,263.08000000000004,2opt,notBad
7312,6,500.9599999999999,2,263.08000000000004,2opt,notBad
7313,6,500.9599999999999,2,263.08000000000004,2opt,notBad
7314,6,500.9599999999999,2,263.08000000000004,2opt,improve
7315,6,500.9599999999999,2,263.08000000000004,swap,notBad
7316,6,500.9599999999999,2,263.08000000000004,2opt,notBad
7317,6,500.9599999999999,2,263.08000000000004,2opt,notBad
7318,6,500.9599999999999,2,263.08000000000004,swap,notBad
7319,6,500.9599999999999,2,263.08000000000004,swap,notBad
7320,6,500.9599999999999,2,263.08000000000004,2opt,notBad
7321,6,500.9599999999999,2,263.08000000000004,swap,notBad
7322,6,501.0799999999999,2,263.08000000000004,swap,acceptBad
7323,6,501.0799999999999,2,263.08000000000004,2opt,notBad
7324,6,501.0799999999999,2,263.08000000000004,swap,notBad
7325,6,501.0799999999999,2,263.08000000000004,swap,notBad
7326,6,501.0799999999999,2,263.08000000000004,swap,notBad
7327,6,501.0799999999999,2,263.08000000000004,swap,notBad
7328,6,501.0799999999999,2,263.08000000000004,swap,notBad
7329,6,501.0799999999999,2,263.08000000000004,move,improve
7330,6,501.0799999999999,2,263.08000000000004,move,improve
7331,6,501.0799999999999,2,263.08000000000004,move,improve
7332,6,501.0799999999999,2,263.08000000000004,2opt,notBad
7333,6,501.0799999999999,2,263.08000000000004,move,improve
7334,6,501.0799999999999,2,263.08000000000004,move,improve
7335,6,501.0799999999999,2,263.08000000000004,move,improve
7336,6,501.0799999999999,2,263.08000000000004,move,improve
7337,6,501.0799999999999,2,263.08000000000004,move,improve
7338,6,501.0799999999999,2,263.08000000000004,move,improve
7339,6,501.0799999999999,2,263.08000000000004,swap,notBad
7340,6,501.0799999999999,2,263.08000000000004,swap,notBad
7341,6,501.0799999999999,2,263.08000000000004,swap,notBad
7342,6,501.0799999999999,2,263.08000000000004,2opt,notBad
7343,6,501.0799999999999,2,263.08000000000004,swap,notBad
7344,6,501.0799999999999,2,263.08000000000004,2opt,notBad
7345,6,501.0799999999999,2,263.08000000000004,swap,notBad
7346,6,501.0799999999999,2,263.08000000000004,swap,notBad
7347,6,501.0799999999999,2,263.08000000000004,move,improve
7348,6,501.0799999999999,2,263.08000000000004,swap,notBad
7349,6,501.0799999999999,2,263.08000000000004,swap,notBad
7350,6,501.0799999999999,2,263.08000000000004,2opt,notBad
7351,6,501.0799999999999,2,263.08000000000004,swap,notBad
7352,6,501.0799999999999,2,263.08000000000004,move,improve
7353,6,501.0799999999999,2,263.08000000000004,2opt,notBad
7354,6,501.0799999999999,2,263.08000000000004,swap,notBad
7355,6,501.0799999999999,2,263.08000000000004,swap,notBad
7356,6,501.0799999999999,2,263.08000000000004,2opt,notBad
7357,6,501.0799999999999,2,263.08000000000004,2opt,notBad
7358,6,501.0799999999999,2,263.08000000000004,move,improve
7359,6,501.0799999999999,2,263.08000000000004,2opt,improve
7360,6,501.0799999999999,2,263.08000000000004,2opt,notBad
7361,6,501.0799999999999,2,263.08000000000004,move,improve
7362,6,501.0799999999999,2,263.08000000000004,swap,notBad
7363,6,501.0799999999999,2,263.08000000000004,swap,notBad
7364,6,502.91999999999996,2,263.08000000000004,swap,acceptBad
7365,6,502.91999999999996,2,263.08000000000004,move,improve
7366,6,502.91999999999996,2,263.08000000000004,move,improve
7367,6,502.91999999999996,2,263.08000000000004,swap,notBad
7368,6,502.91999999999996,2,263.08000000000004,move,improve
7369,6,502.91999999999996,2,263.08000000000004,swap,notBad
7370,6,502.91999999999996,2,263.08000000000004,swap,notBad
7371,6,502.91999999999996,2,263.08000000000004,move,improve
7372,6,502.91999999999996,2,263.08000000000004,move,improve
7373,6,502.91999999999996,2,263.08000000000004,swap,notBad
7374,6,502.91999999999996,2,263.08000000000004,swap,notBad
7375,6,502.91999999999996,2,263.08000000000004,2opt,notBad
7376,6,502.91999999999996,2,263.08000000000004,move,improve
7377,6,502.91999999999996,2,263.08000000000004,swap,notBad
7378,6,502.91999999999996,2,263.08000000000004,swap,notBad
7379,6,502.91999999999996,2,263.08000000000004,move,improve
7380,6,502.91999999999996,2,263.08000000000004,2opt,notBad
7381,6,502.91999999999996,2,263.08000000000004,swap,notBad
7382,6,502.91999999999996,2,263.08000000000004,2opt,improve
7383,6,502.91999999999996,2,263.08000000000004,swap,notBad
7384,6,502.91999999999996,2,263.08000000000004,2opt,notBad
7385,6,502.91999999999996,2,263.08000000000004,2opt,notBad
7386,6,502.91999999999996,2,263.08000000000004,move,improve
7387,6,502.91999999999996,2,263.08000000000004,swap,notBad
7388,6,502.91999999999996,2,263.08000000000004,move,improve
7389,6,503.8399999999999,2,263.08000000000004,swap,acceptBad
7390,6,503.8399999999999,2,263.08000000000004,2opt,notBad
7391,6,503.8399999999999,2,263.08000000000004,2opt,notBad
7392,6,503.8399999999999,2,263.08000000000004,swap,notBad
7393,6,503.8399999999999,2,263.08000000000004,move,improve
7394,6,503.8399999999999,2,263.08000000000004,move,improve
7395,6,503.8399999999999,2,263.08000000000004,move,improve
7396,6,503.8399999999999,2,263.08000000000004,swap,notBad
7397,6,503.8399999999999,2,263.08000000000004,2opt,notBad
7398,6,503.8399999999999,2,263.08000000000004,move,improve
7399,6,503.8399999999999,2,263.08000000000004,swap,notBad
7400,6,503.8399999999999,2,263.08000000000004,move,improve
7401,6,503.8399999999999,2,263.08000000000004,swap,notBad
7402,6,503.8399999999999,2,263.08000000000004,2opt,notBad
7403,6,503.8399999999999,2,263.08000000000004,2opt,notBad
7404,6,503.8399999999999,2,263.08000000000004,move,improve
7405,6,503.8399999999999,2,263.08000000000004,2opt,notBad
7406,6,503.8399999999999,2,263.08000000000004,move,improve
7407,6,503.8399999999999,2,263.08000000000004,2opt,notBad
7408,6,503.8399999999999,2,263.08000000000004,move,improve
7409,6,503.8399999999999,2,263.08000000000004,2opt,notBad
7410,6,503.8399999999999,2,263.08000000000004,2opt,notBad
7411,6,503.8399999999999,2,263.08000000000004,2opt,notBad
7412,6,503.8399999999999,2,263.08000000000004,2opt,notBad
7413,6,503.8399999999999,2,263.08000000000004,move,improve
7414,6,503.8399999999999,2,263.08000000000004,swap,notBad
7415,6,502.91999999999996,2,263.08000000000004,move,improve
7416,6,502.91999999999996,2,263.08000000000004,move,improve
7417,6,502.91999999999996,2,263.08000000000004,swap,notBad
7418,6,502.91999999999996,2,263.08000000000004,2opt,notBad
7419,6,502.91999999999996,2,263.08000000000004,2opt,notBad
7420,6,502.91999999999996,2,263.08000000000004,swap,notBad
7421,6,502.91999999999996,2,263.08000000000004,swap,notBad
7422,6,502.91999999999996,2,263.08000000000004,move,improve
7423,6,502.91999999999996,2,263.08000000000004,swap,notBad
7424,6,502.91999999999996,2,263.08000000000004,swap,notBad
7425,6,502.91999999999996,2,263.08000000000004,swap,notBad
7426,6,502.91999999999996,2,263.08000000000004,2opt,notBad
7427,6,502.91999999999996,2,263.08000000000004,swap,notBad
7428,6,502.91999999999996,2,263.08000000000004,move,improve
7429,6,501.0799999999999,2,263.08000000000004,swap,improve
7430,6,501.0799999999999,2,263.08000000000004,2opt,notBad
7431,6,501.0799999999999,2,263.08000000000004,2opt,notBad
7432,6,501.0799999999999,2,263.08000000000004,2opt,improve
7433,6,501.0799999999999,2,263.08000000000004,move,improve
7434,6,501.0799999999999,2,263.08000000000004,move,improve
7435,6,501.0799999999999,2,263.08000000000004,move,improve
7436,6,501.0799999999999,2,263.08000000000004,swap,notBad
7437,6,501.0799999999999,2,263.08000000000004,swap,notBad
7438,6,501.0799999999999,2,263.08000000000004,2opt,notBad
7439,6,501.0799999999999,2,263.08000000000004,swap,notBad
7440,6,501.0799999999999,2,263.08000000000004,2opt,notBad
7441,6,501.0799999999999,2,263.08000000000004,move,improve
7442,6,501.0799999999999,2,263.08000000000004,swap,notBad
7443,6,501.0799999999999,2,263.08000000000004,swap,notBad
7444,6,501.0799999999999,2,263.08000000000004,2opt,notBad
7445,6,501.0799999999999,2,263.08000000000004,move,improve
7446,6,501.0799999999999,2,263.08000000000004,2opt,notBad
7447,6,501.0799999999999,2,263.08000000000004,2opt,notBad
7448,6,501.0799999999999,2,263.08000000000004,move,improve
7449,6,501.0799999999999,2,263.08000000000004,swap,notBad
7450,6,501.0799999999999,2,263.08000000000004,swap,notBad
7451,6,501.0799999999999,2,263.08000000000004,2opt,notBad
7452,6,501.0799999999999,2,263.08000000000004,2opt,notBad
7453,6,501.0799999999999,2,263.08000000000004,swap,notBad
7454,6,501.0799999999999,2,263.08000000000004,2opt,notBad
7455,6,503.1599999999987,2,263.08000000000004,swap,acceptBad
7456,6,503.1599999999987,2,263.08000000000004,swap,notBad
7457,6,503.1599999999987,2,263.08000000000004,move,improve
7458,6,503.1599999999987,2,263.08000000000004,2opt,notBad
7459,6,503.1599999999987,2,263.08000000000004,swap,notBad
7460,6,503.1599999999987,2,263.08000000000004,move,improve
7461,6,503.1599999999987,2,263.08000000000004,2opt,notBad
7462,6,503.1599999999987,2,263.08000000000004,2opt,notBad
7463,6,503.0399999999987,2,263.08000000000004,move,improve
7464,6,503.0399999999987,2,263.08000000000004,swap,notBad
7465,6,503.0399999999987,2,263.08000000000004,swap,notBad
7466,6,503.0399999999987,2,263.08000000000004,2opt,notBad
7467,6,503.0399999999987,2,263.08000000000004,swap,notBad
7468,6,503.0399999999987,2,263.08000000000004,swap,notBad
7469,6,503.0399999999987,2,263.08000000000004,swap,notBad
7470,6,503.0399999999987,2,263.08000000000004,swap,notBad
7471,6,503.0399999999987,2,263.08000000000004,swap,notBad
7472,6,503.0399999999987,2,263.08000000000004,2opt,notBad
7473,6,503.0399999999987,2,263.08000000000004,swap,notBad
7474,6,503.0399999999987,2,263.08000000000004,2opt,notBad
7475,6,503.0399999999987,2,263.08000000000004,swap,notBad
7476,6,503.0399999999987,2,263.08000000000004,move,improve
7477,6,503.0399999999987,2,263.08000000000004,move,improve
7478,6,503.0399999999987,2,263.08000000000004,2opt,notBad
7479,6,503.0399999999987,2,263.08000000000004,swap,notBad
7480,6,503.0399999999987,2,263.08000000000004,swap,notBad
7481,6,503.0399999999987,2,263.08000000000004,move,improve
7482,6,503.0399999999987,2,263.08000000000004,move,improve
7483,6,503.0399999999987,2,263.08000000000004,swap,notBad
7484,6,503.0399999999987,2,263.08000000000004,2opt,notBad
7485,6,503.0399999999987,2,263.08000000000004,swap,notBad
7486,6,503.0399999999987,2,263.08000000000004,swap,notBad
7487,6,503.0399999999987,2,263.08000000000004,move,improve
7488,6,503.0399999999987,2,263.08000000000004,move,improve
7489,6,503.0399999999987,2,263.08000000000004,move,improve
7490,6,503.0399999999987,2,263.08000000000004,move,improve
7491,6,503.0399999999987,2,263.08000000000004,2opt,notBad
7492,6,503.0399999999987,2,263.08000000000004,2opt,notBad
7493,6,503.0399999999987,2,263.08000000000004,swap,notBad
7494,6,503.0399999999987,2,263.08000000000004,2opt,notBad
7495,6,503.0399999999987,2,263.08000000000004,move,improve
7496,6,503.0399999999987,2,263.08000000000004,swap,notBad
7497,6,503.0399999999987,2,263.08000000000004,swap,notBad
7498,6,503.0399999999987,2,263.08000000000004,move,improve
7499,6,503.0399999999987,2,263.08000000000004,swap,notBad
7500,6,503.0399999999987,2,263.08000000000004,swap,notBad
7501,6,503.0399999999987,2,263.08000000000004,swap,notBad
7502,6,503.0399999999987,2,263.08000000000004,2opt,notBad
7503,6,503.0399999999987,2,263.08000000000004,move,improve
7504,6,503.0399999999987,2,263.08000000000004,2opt,notBad
7505,6,503.0399999999987,2,263.08000000000004,move,improve
7506,6,503.0399999999987,2,263.08000000000004,swap,notBad
7507,6,503.0399999999987,2,263.08000000000004,2opt,notBad
7508,6,503.0399999999987,2,263.08000000000004,2opt,notBad
7509,6,503.0399999999987,2,263.08000000000004,2opt,notBad
7510,6,503.0399999999987,2,263.08000000000004,swap,notBad
7511,6,503.0399999999987,2,263.08000000000004,2opt,notBad
7512,6,503.0399999999987,2,263.08000000000004,swap,notBad
7513,6,503.0399999999987,2,263.08000000000004,swap,notBad
7514,6,503.0399999999987,2,263.08000000000004,swap,notBad
7515,6,500.7399999999989,2,263.08000000000004,move,improve
7516,6,500.7399999999989,2,263.08000000000004,swap,notBad
7517,6,500.7399999999989,2,263.08000000000004,swap,notBad
7518,6,500.7399999999989,2,263.08000000000004,2opt,notBad
7519,6,500.7399999999989,2,263.08000000000004,2opt,notBad
7520,6,500.7399999999989,2,263.08000000000004,2opt,notBad
7521,6,500.7399999999989,2,263.08000000000004,move,improve
7522,6,500.7399999999989,2,263.08000000000004,2opt,notBad
7523,6,500.7399999999989,2,263.08000000000004,2opt,notBad
7524,6,500.7399999999989,2,263.08000000000004,move,improve
7525,6,500.7399999999989,2,263.08000000000004,2opt,notBad
7526,6,500.7399999999989,2,263.08000000000004,swap,notBad
7527,6,500.7399999999989,2,263.08000000000004,2opt,notBad
7528,6,500.7399999999989,2,263.08000000000004,move,improve
7529,6,500.7399999999989,2,263.08000000000004,2opt,notBad
7530,6,500.7399999999989,2,263.08000000000004,2opt,notBad
7531,6,500.7399999999989,2,263.08000000000004,move,improve
7532,6,500.7399999999989,2,263.08000000000004,swap,notBad
7533,6,500.7399999999989,2,263.08000000000004,swap,notBad
7534,6,500.7399999999989,2,263.08000000000004,swap,notBad
7535,6,500.7399999999989,2,263.08000000000004,move,improve
7536,6,500.7399999999989,2,263.08000000000004,2opt,notBad
7537,6,500.7399999999989,2,263.08000000000004,move,improve
7538,6,500.7399999999989,2,263.08000000000004,2opt,improve
7539,6,500.7399999999989,2,263.08000000000004,move,improve
7540,6,500.7399999999989,2,263.08000000000004,swap,notBad
7541,6,500.7399999999989,2,263.08000000000004,swap,notBad
7542,6,500.7399999999989,2,263.08000000000004,swap,notBad
7543,6,500.7399999999989,2,263.08000000000004,2opt,notBad
7544,6,500.7399999999989,2,263.08000000000004,swap,notBad
7545,6,500.7399999999989,2,263.08000000000004,2opt,notBad
7546,6,500.7399999999989,2,263.08000000000004,move,improve
7547,6,500.7399999999989,2,263.08000000000004,move,improve
7548,6,500.7399999999989,2,263.08000000000004,2opt,notBad
7549,6,500.7399999999989,2,263.08000000000004,move,improve
7550,6,500.7399999999989,2,263.08000000000004,2opt,notBad
7551,6,500.7399999999989,2,263.08000000000004,swap,notBad
7552,6,500.7399999999989,2,263.08000000000004,swap,notBad
7553,6,500.7399999999989,2,263.08000000000004,swap,notBad
7554,6,500.7399999999989,2,263.08000000000004,move,improve
7555,6,500.7399999999989,2,263.08000000000004,swap,notBad
7556,6,500.7399999999989,2,263.08000000000004,move,improve
7557,6,500.7399999999989,2,263.08000000000004,move,improve
7558,6,500.7399999999989,2,263.08000000000004,swap,notBad
7559,6,500.7399999999989,2,263.08000000000004,move,improve
7560,6,500.7399999999989,2,263.08000000000004,move,improve
7561,6,500.7399999999989,2,263.08000000000004,move,improve
7562,6,500.7399999999989,2,263.08000000000004,2opt,notBad
7563,6,500.7399999999989,2,263.08000000000004,move,improve
7564,6,500.7399999999989,2,263.08000000000004,swap,notBad
7565,6,500.7399999999989,2,263.08000000000004,swap,notBad
7566,6,500.7399999999989,2,263.08000000000004,swap,notBad
7567,6,500.7399999999989,2,263.08000000000004,swap,notBad
7568,6,500.7399999999989,2,263.08000000000004,2opt,notBad
7569,6,500.7399999999989,2,263.08000000000004,move,improve
7570,6,500.7399999999989,2,263.08000000000004,2opt,notBad
7571,6,500.7399999999989,2,263.08000000000004,2opt,notBad
7572,6,500.7399999999989,2,263.08000000000004,swap,notBad
7573,6,500.7399999999989,2,263.08000000000004,2opt,notBad
7574,6,500.7399999999989,2,263.08000000000004,move,improve
7575,6,500.7399999999989,2,263.08000000000004,2opt,notBad
7576,6,500.7399999999989,2,263.08000000000004,move,improve
7577,6,500.7399999999989,2,263.08000000000004,swap,notBad
7578,6,500.7399999999989,2,263.08000000000004,swap,notBad
7579,6,500.7399999999989,2,263.08000000000004,swap,notBad
7580,6,500.7399999999989,2,263.08000000000004,move,improve
7581,6,500.7399999999989,2,263.08000000000004,swap,notBad
7582,6,500.7399999999989,2,263.08000000000004,2opt,notBad
7583,6,500.7399999999989,2,263.08000000000004,move,improve
7584,6,500.7399999999989,2,263.08000000000004,move,improve
7585,6,500.7399999999989,2,263.08000000000004,swap,notBad
7586,6,500.7399999999989,2,263.08000000000004,2opt,notBad
7587,6,500.7399999999989,2,263.08000000000004,move,notBad
7588,6,500.7399999999989,2,263.08000000000004,2opt,notBad
7589,6,500.7399999999989,2,263.08000000000004,move,improve
7590,6,500.7399999999989,2,263.08000000000004,swap,notBad
7591,6,500.7399999999989,2,263.08000000000004,2opt,notBad
7592,6,500.7399999999989,2,263.08000000000004,move,improve
7593,6,500.7399999999989,2,263.08000000000004,2opt,improve
7594,6,500.7399999999989,2,263.08000000000004,swap,notBad
7595,6,500.7399999999989,2,263.08000000000004,swap,notBad
7596,6,500.7399999999989,2,263.08000000000004,2opt,notBad
7597,6,500.7399999999989,2,263.08000000000004,move,improve
7598,6,500.7399999999989,2,263.08000000000004,swap,notBad
7599,6,500.7399999999989,2,263.08000000000004,swap,notBad
7600,6,500.7399999999989,2,263.08000000000004,move,improve
7601,6,500.7399999999989,2,263.08000000000004,2opt,notBad
7602,6,500.7399999999989,2,263.08000000000004,2opt,notBad
7603,6,500.7399999999989,2,263.08000000000004,2opt,notBad
7604,6,500.7399999999989,2,263.08000000000004,swap,notBad
7605,6,500.7399999999989,2,263.08000000000004,swap,notBad
7606,6,500.7399999999989,2,263.08000000000004,move,improve
7607,6,500.7399999999989,2,263.08000000000004,move,improve
7608,6,500.7399999999989,2,263.08000000000004,move,improve
7609,6,501.41999999999973,2,263.08000000000004,swap,acceptBad
7610,6,501.41999999999973,2,263.08000000000004,swap,notBad
7611,6,501.41999999999973,2,263.08000000000004,swap,notBad
7612,6,501.41999999999973,2,263.08000000000004,2opt,notBad
7613,6,501.73999999999967,2,263.08000000000004,swap,acceptBad
7614,6,501.73999999999967,2,263.08000000000004,2opt,notBad
7615,6,501.73999999999967,2,263.08000000000004,2opt,improve
7616,6,501.73999999999967,2,263.08000000000004,move,improve
7617,6,501.73999999999967,2,263.08000000000004,move,improve
7618,6,501.73999999999967,2,263.08000000000004,move,improve
7619,6,501.73999999999967,2,263.08000000000004,move,improve
7620,6,501.73999999999967,2,263.08000000000004,2opt,notBad
7621,6,501.27999999999986,2,263.08000000000004,move,improve
7622,6,501.27999999999986,2,263.08000000000004,swap,notBad
7623,6,501.27999999999986,2,263.08000000000004,swap,notBad
7624,6,501.27999999999986,2,263.08000000000004,move,improve
7625,6,501.27999999999986,2,263.08000000000004,2opt,notBad
7626,6,501.27999999999986,2,263.08000000000004,swap,notBad
7627,6,501.27999999999986,2,263.08000000000004,swap,notBad
7628,6,501.27999999999986,2,263.08000000000004,swap,notBad
7629,6,501.27999999999986,2,263.08000000000004,swap,notBad
7630,6,501.27999999999986,2,263.08000000000004,2opt,notBad
7631,6,501.27999999999986,2,263.08000000000004,swap,notBad
7632,6,501.27999999999986,2,263.08000000000004,2opt,notBad
7633,6,501.27999999999986,2,263.08000000000004,2opt,notBad
7634,6,501.27999999999986,2,263.08000000000004,2opt,notBad
7635,6,501.27999999999986,2,263.08000000000004,2opt,notBad
7636,6,501.27999999999986,2,263.08000000000004,move,improve
7637,6,501.27999999999986,2,263.08000000000004,2opt,notBad
7638,6,501.27999999999986,2,263.08000000000004,2opt,notBad
7639,6,501.27999999999986,2,263.08000000000004,swap,notBad
7640,6,501.27999999999986,2,263.08000000000004,2opt,notBad
7641,6,501.27999999999986,2,263.08000000000004,swap,notBad
7642,6,501.27999999999986,2,263.08000000000004,move,improve
7643,6,501.27999999999986,2,263.08000000000004,2opt,notBad
7644,6,501.27999999999986,2,263.08000000000004,move,improve
7645,6,501.27999999999986,2,263.08000000000004,swap,notBad
7646,6,501.27999999999986,2,263.08000000000004,2opt,notBad
7647,6,501.27999999999986,2,263.08000000000004,2opt,notBad
7648,6,501.27999999999986,2,263.08000000000004,2opt,notBad
7649,6,501.27999999999986,2,263.08000000000004,swap,notBad
7650,6,501.39999999999907,2,263.08000000000004,swap,acceptBad
7651,6,501.39999999999907,2,263.08000000000004,move,improve
7652,6,501.39999999999907,2,263.08000000000004,move,improve
7653,6,501.39999999999907,2,263.08000000000004,2opt,notBad
7654,6,501.39999999999907,2,263.08000000000004,move,improve
7655,6,501.39999999999907,2,263.08000000000004,2opt,notBad
7656,6,501.39999999999907,2,263.08000000000004,swap,notBad
7657,6,501.39999999999907,2,263.08000000000004,2opt,notBad
7658,6,501.39999999999907,2,263.08000000000004,swap,notBad
7659,6,501.39999999999907,2,263.08000000000004,2opt,notBad
7660,6,501.39999999999907,2,263.08000000000004,2opt,notBad
7661,6,501.39999999999907,2,263.08000000000004,move,improve
7662,6,501.39999999999907,2,263.08000000000004,2opt,notBad
7663,6,501.39999999999907,2,263.08000000000004,swap,notBad
7664,6,501.39999999999907,2,263.08000000000004,swap,notBad
7665,6,501.39999999999907,2,263.08000000000004,swap,notBad
7666,6,501.39999999999907,2,263.08000000000004,swap,notBad
7667,6,501.39999999999907,2,263.08000000000004,swap,notBad
7668,6,501.39999999999907,2,263.08000000000004,move,improve
7669,6,501.39999999999907,2,263.08000000000004,move,improve
7670,6,501.39999999999907,2,263.08000000000004,move,improve
7671,6,501.39999999999907,2,263.08000000000004,move,improve
7672,6,501.39999999999907,2,263.08000000000004,2opt,notBad
7673,6,501.39999999999907,2,263.08000000000004,2opt,notBad
7674,6,501.39999999999907,2,263.08000000000004,move,improve
7675,6,501.39999999999907,2,263.08000000000004,swap,notBad
7676,6,501.39999999999907,2,263.08000000000004,2opt,notBad
7677,6,501.39999999999907,2,263.08000000000004,move,improve
7678,6,501.39999999999907,2,263.08000000000004,swap,notBad
7679,6,501.39999999999907,2,263.08000000000004,swap,notBad
7680,6,501.39999999999907,2,263.08000000000004,swap,notBad
7681,6,501.39999999999907,2,263.08000000000004,2opt,improve
7682,6,501.39999999999907,2,263.08000000000004,swap,notBad
7683,6,501.39999999999907,2,263.08000000000004,move,improve
7684,6,501.39999999999907,2,263.08000000000004,2opt,improve
7685,6,501.39999999999907,2,263.08000000000004,move,improve
7686,6,501.39999999999907,2,263.08000000000004,2opt,notBad
7687,6,501.39999999999907,2,263.08000000000004,move,improve
7688,6,501.39999999999907,2,263.08000000000004,2opt,notBad
7689,6,501.39999999999907,2,263.08000000000004,2opt,notBad
7690,6,501.39999999999907,2,263.08000000000004,2opt,notBad
7691,6,501.39999999999907,2,263.08000000000004,move,improve
7692,6,501.39999999999907,2,263.08000000000004,move,improve
7693,6,501.39999999999907,2,263.08000000000004,2opt,notBad
7694,6,501.39999999999907,2,263.08000000000004,move,improve
7695,6,501.39999999999907,2,263.08000000000004,2opt,notBad
7696,6,501.39999999999907,2,263.08000000000004,move,improve
7697,6,501.39999999999907,2,263.08000000000004,move,improve
7698,6,501.39999999999907,2,263.08000000000004,swap,notBad
7699,6,501.39999999999907,2,263.08000000000004,swap,notBad
7700,6,501.39999999999907,2,263.08000000000004,2opt,notBad
7701,6,501.39999999999907,2,263.08000000000004,swap,notBad
7702,6,501.39999999999907,2,263.08000000000004,swap,notBad
7703,6,501.39999999999907,2,263.08000000000004,swap,notBad
7704,6,501.39999999999907,2,263.08000000000004,2opt,notBad
7705,6,501.39999999999907,2,263.08000000000004,swap,notBad
7706,6,501.39999999999907,2,263.08000000000004,move,improve
7707,6,501.07999999999913,2,263.08000000000004,move,improve
7708,6,501.07999999999913,2,263.08000000000004,move,improve
7709,6,501.07999999999913,2,263.08000000000004,move,improve
7710,6,501.07999999999913,2,263.08000000000004,swap,notBad
7711,6,501.07999999999913,2,263.08000000000004,swap,notBad
7712,6,501.07999999999913,2,263.08000000000004,swap,notBad
7713,6,501.07999999999913,2,263.08000000000004,swap,notBad
7714,6,501.07999999999913,2,263.08000000000004,move,improve
7715,6,501.07999999999913,2,263.08000000000004,2opt,notBad
7716,6,501.07999999999913,2,263.08000000000004,swap,notBad
7717,6,501.07999999999913,2,263.08000000000004,2opt,notBad
7718,6,501.07999999999913,2,263.08000000000004,swap,notBad
7719,6,501.07999999999913,2,263.08000000000004,move,improve
7720,6,501.07999999999913,2,263.08000000000004,swap,notBad
7721,6,501.07999999999913,2,263.08000000000004,move,improve
7722,6,501.07999999999913,2,263.08000000000004,2opt,notBad
7723,6,501.07999999999913,2,263.08000000000004,move,improve
7724,6,501.07999999999913,2,263.08000000000004,swap,notBad
7725,6,501.07999999999913,2,263.08000000000004,move,improve
7726,6,501.07999999999913,2,263.08000000000004,swap,notBad
7727,6,501.07999999999913,2,263.08000000000004,move,improve
7728,6,501.07999999999913,2,263.08000000000004,2opt,notBad
7729,6,501.07999999999913,2,263.08000000000004,2opt,notBad
7730,6,501.07999999999913,2,263.08000000000004,2opt,notBad
7731,6,501.07999999999913,2,263.08000000000004,2opt,notBad
7732,6,501.07999999999913,2,263.08000000000004,swap,notBad
7733,6,501.07999999999913,2,263.08000000000004,move,improve
7734,6,501.07999999999913,2,263.08000000000004,2opt,notBad
7735,6,501.07999999999913,2,263.08000000000004,move,improve
7736,6,501.07999999999913,2,263.08000000000004,swap,notBad
7737,6,501.07999999999913,2,263.08000000000004,2opt,notBad
7738,6,501.07999999999913,2,263.08000000000004,swap,notBad
7739,6,501.07999999999913,2,263.08000000000004,move,improve
7740,6,501.07999999999913,2,263.08000000000004,2opt,notBad
7741,6,501.07999999999913,2,263.08000000000004,swap,notBad
7742,6,501.07999999999913,2,263.08000000000004,2opt,notBad
7743,6,501.07999999999913,2,263.08000000000004,swap,notBad
7744,6,501.07999999999913,2,263.08000000000004,swap,notBad
7745,6,501.07999999999913,2,263.08000000000004,swap,notBad
7746,6,501.07999999999913,2,263.08000000000004,2opt,notBad
7747,6,501.07999999999913,2,263.08000000000004,2opt,notBad
7748,6,501.07999999999913,2,263.08000000000004,swap,notBad
7749,6,501.07999999999913,2,263.08000000000004,move,improve
7750,6,501.07999999999913,2,263.08000000000004,2opt,notBad
7751,6,501.07999999999913,2,263.08000000000004,swap,notBad
7752,6,501.07999999999913,2,263.08000000000004,swap,notBad
7753,6,501.07999999999913,2,263.08000000000004,move,improve
7754,6,501.07999999999913,2,263.08000000000004,move,improve
7755,6,501.07999999999913,2,263.08000000000004,swap,notBad
7756,6,501.53999999999894,2,263.08000000000004,swap,acceptBad
7757,6,501.53999999999894,2,263.08000000000004,swap,notBad
7758,6,501.53999999999894,2,263.08000000000004,move,improve
7759,6,501.53999999999894,2,263.08000000000004,2opt,notBad
7760,6,501.53999999999894,2,263.08000000000004,move,improve
7761,6,501.53999999999894,2,263.08000000000004,2opt,notBad
7762,6,501.53999999999894,2,263.08000000000004,swap,notBad
7763,6,501.53999999999894,2,263.08000000000004,2opt,notBad
7764,6,501.53999999999894,2,263.08000000000004,2opt,notBad
7765,6,501.53999999999894,2,263.08000000000004,2opt,notBad
7766,6,501.53999999999894,2,263.08000000000004,2opt,notBad
7767,6,501.53999999999894,2,263.08000000000004,swap,notBad
7768,6,501.53999999999894,2,263.08000000000004,move,improve
7769,6,501.53999999999894,2,263.08000000000004,2opt,notBad
7770,6,501.53999999999894,2,263.08000000000004,2opt,improve
7771,6,501.53999999999894,2,263.08000000000004,swap,notBad
7772,6,501.53999999999894,2,263.08000000000004,2opt,notBad
7773,6,501.53999999999894,2,263.08000000000004,2opt,notBad
7774,6,500.9799999999986,2,263.08000000000004,move,improve
7775,6,500.9799999999986,2,263.08000000000004,swap,notBad
7776,6,500.9799999999986,2,263.08000000000004,2opt,notBad
7777,6,500.9799999999986,2,263.08000000000004,swap,notBad
7778,6,500.9799999999986,2,263.08000000000004,2opt,notBad
7779,6,501.29999999999853,2,263.08000000000004,swap,acceptBad
7780,6,501.29999999999853,2,263.08000000000004,move,improve
7781,6,501.29999999999853,2,263.08000000000004,2opt,notBad
7782,6,501.29999999999853,2,263.08000000000004,2opt,notBad
7783,6,501.29999999999853,2,263.08000000000004,2opt,notBad
7784,6,501.29999999999853,2,263.08000000000004,2opt,notBad
7785,6,501.29999999999853,2,263.08000000000004,swap,notBad
7786,6,501.29999999999853,2,263.08000000000004,swap,notBad
7787,6,501.29999999999853,2,263.08000000000004,swap,notBad
7788,6,501.29999999999853,2,263.08000000000004,move,improve
7789,6,501.29999999999853,2,263.08000000000004,swap,notBad
7790,6,501.29999999999853,2,263.08000000000004,swap,notBad
7791,6,501.29999999999853,2,263.08000000000004,move,improve
7792,6,501.29999999999853,2,263.08000000000004,move,improve
7793,6,501.29999999999853,2,263.08000000000004,swap,notBad
7794,6,501.29999999999853,2,263.08000000000004,swap,notBad
7795,6,501.29999999999853,2,263.08000000000004,swap,notBad
7796,6,501.29999999999853,2,263.08000000000004,move,improve
7797,6,501.29999999999853,2,263.08000000000004,2opt,notBad
7798,6,501.29999999999853,2,263.08000000000004,move,improve
7799,6,501.29999999999853,2,263.08000000000004,swap,notBad
7800,6,501.29999999999853,2,263.08000000000004,2opt,notBad
7801,6,501.29999999999853,2,263.08000000000004,move,notBad
7802,6,501.29999999999853,2,263.08000000000004,move,improve
7803,6,501.29999999999853,2,263.08000000000004,swap,notBad
7804,6,501.29999999999853,2,263.08000000000004,move,improve
7805,6,501.29999999999853,2,263.08000000000004,swap,notBad
7806,6,501.29999999999853,2,263.08000000000004,2opt,notBad
7807,6,501.29999999999853,2,263.08000000000004,swap,notBad
7808,6,501.29999999999853,2,263.08000000000004,move,improve
7809,6,501.29999999999853,2,263.08000000000004,swap,notBad
7810,6,501.29999999999853,2,263.08000000000004,swap,notBad
7811,6,501.29999999999853,2,263.08000000000004,move,improve
7812,6,501.29999999999853,2,263.08000000000004,move,improve
7813,6,501.29999999999853,2,263.08000000000004,swap,notBad
7814,6,501.29999999999853,2,263.08000000000004,swap,notBad
7815,6,501.29999999999853,2,263.08000000000004,move,improve
7816,6,501.29999999999853,2,263.08000000000004,move,improve
7817,6,501.29999999999853,2,263.08000000000004,move,improve
7818,6,501.29999999999853,2,263.08000000000004,move,improve
7819,6,501.29999999999853,2,263.08000000000004,2opt,notBad
7820,6,501.29999999999853,2,263.08000000000004,2opt,notBad
7821,6,501.29999999999853,2,263.08000000000004,move,improve
7822,6,501.29999999999853,2,263.08000000000004,2opt,notBad
7823,6,501.29999999999853,2,263.08000000000004,swap,notBad
7824,6,501.29999999999853,2,263.08000000000004,move,improve
7825,6,501.29999999999853,2,263.08000000000004,swap,notBad
7826,6,501.29999999999853,2,263.08000000000004,2opt,notBad
7827,6,501.29999999999853,2,263.08000000000004,move,improve
7828,6,501.29999999999853,2,263.08000000000004,2opt,notBad
7829,6,501.29999999999853,2,263.08000000000004,swap,notBad
7830,6,501.29999999999853,2,263.08000000000004,move,improve
7831,6,501.29999999999853,2,263.08000000000004,2opt,notBad
7832,6,501.29999999999853,2,263.08000000000004,swap,notBad
7833,6,501.29999999999853,2,263.08000000000004,move,improve
7834,6,501.29999999999853,2,263.08000000000004,move,improve
7835,6,501.29999999999853,2,263.08000000000004,move,improve
7836,6,501.29999999999853,2,263.08000000000004,2opt,notBad
7837,6,501.29999999999853,2,263.08000000000004,swap,notBad
7838,6,501.29999999999853,2,263.08000000000004,swap,notBad
7839,6,501.29999999999853,2,263.08000000000004,swap,notBad
7840,6,501.29999999999853,2,263.08000000000004,2opt,notBad
7841,6,500.9799999999986,2,263.08000000000004,move,improve
7842,6,500.9799999999986,2,263.08000000000004,move,improve
7843,6,500.9799999999986,2,263.08000000000004,swap,notBad
7844,6,500.9799999999986,2,263.08000000000004,swap,notBad
7845,6,500.9799999999986,2,263.08000000000004,swap,notBad
7846,6,500.9799999999986,2,263.08000000000004,move,improve
7847,6,500.9799999999986,2,263.08000000000004,move,improve
7848,6,500.9799999999986,2,263.08000000000004,move,improve
7849,6,500.9799999999986,2,263.08000000000004,move,improve
7850,6,500.9799999999986,2,263.08000000000004,move,improve
7851,6,500.9799999999986,2,263.08000000000004,swap,notBad
7852,6,500.9799999999986,2,263.08000000000004,2opt,notBad
7853,6,500.9799999999986,2,263.08000000000004,swap,notBad
7854,6,500.9799999999986,2,263.08000000000004,2opt,notBad
7855,6,500.9799999999986,2,263.08000000000004,move,improve
7856,6,500.9799999999986,2,263.08000000000004,2opt,notBad
7857,6,500.9799999999986,2,263.08000000000004,swap,notBad
7858,6,500.9799999999986,2,263.08000000000004,move,improve
7859,6,500.9799999999986,2,263.08000000000004,swap,notBad
7860,6,500.9799999999986,2,263.08000000000004,move,improve
7861,6,500.9799999999986,2,263.08000000000004,move,improve
7862,6,500.9799999999986,2,263.08000000000004,2opt,notBad
7863,6,500.9799999999986,2,263.08000000000004,2opt,notBad
7864,6,500.9799999999986,2,263.08000000000004,swap,notBad
7865,6,500.9799999999986,2,263.08000000000004,swap,notBad
7866,6,500.9799999999986,2,263.08000000000004,move,improve
7867,6,500.9799999999986,2,263.08000000000004,swap,notBad
7868,6,500.9799999999986,2,263.08000000000004,move,improve
7869,6,500.9799999999986,2,263.08000000000004,swap,notBad
7870,6,500.9799999999986,2,263.08000000000004,move,improve
7871,6,500.9799999999986,2,263.08000000000004,swap,notBad
7872,6,500.9799999999986,2,263.08000000000004,move,improve
7873,6,500.9799999999986,2,263.08000000000004,move,improve
7874,6,500.9799999999986,2,263.08000000000004,2opt,notBad
7875,6,500.9799999999986,2,263.08000000000004,move,improve
7876,6,500.9799999999986,2,263.08000000000004,2opt,notBad
7877,6,500.9799999999986,2,263.08000000000004,move,improve
7878,6,500.9799999999986,2,263.08000000000004,2opt,notBad
7879,6,500.9799999999986,2,263.08000000000004,move,improve
7880,6,500.9799999999986,2,263.08000000000004,swap,notBad
7881,6,500.9799999999986,2,263.08000000000004,swap,notBad
7882,6,500.9799999999986,2,263.08000000000004,swap,notBad
7883,6,500.9799999999986,2,263.08000000000004,swap,notBad
7884,6,500.9799999999986,2,263.08000000000004,2opt,notBad
7885,6,500.9799999999986,2,263.08000000000004,swap,notBad
7886,6,500.9799999999986,2,263.08000000000004,move,improve
7887,6,500.9799999999986,2,263.08000000000004,move,improve
7888,6,500.9799999999986,2,263.08000000000004,swap,notBad
7889,6,500.9799999999986,2,263.08000000000004,2opt,notBad
7890,6,500.9799999999986,2,263.08000000000004,2opt,notBad
7891,6,500.9799999999986,2,263.08000000000004,move,improve
7892,6,500.9799999999986,2,263.08000000000004,2opt,notBad
7893,6,500.9799999999986,2,263.08000000000004,move,improve
7894,6,500.9799999999986,2,263.08000000000004,swap,notBad
7895,6,500.9799999999986,2,263.08000000000004,2opt,notBad
7896,6,500.9799999999986,2,263.08000000000004,move,improve
7897,6,500.9799999999986,2,263.08000000000004,swap,notBad
7898,6,500.9799999999986,2,263.08000000000004,2opt,notBad
7899,6,500.9799999999986,2,263.08000000000004,move,improve
7900,6,500.9799999999986,2,263.08000000000004,2opt,notBad
7901,6,500.9799999999986,2,263.08000000000004,swap,notBad
7902,6,500.9799999999986,2,263.08000000000004,2opt,notBad
7903,6,500.9799999999986,2,263.08000000000004,2opt,notBad
7904,6,500.9799999999986,2,263.08000000000004,swap,notBad
7905,6,500.9799999999986,2,263.08000000000004,move,improve
7906,6,500.9799999999986,2,263.08000000000004,swap,notBad
7907,6,502.8199999999986,2,263.08000000000004,swap,acceptBad
7908,6,502.8199999999986,2,263.08000000000004,2opt,notBad
7909,6,502.8199999999986,2,263.08000000000004,2opt,notBad
7910,6,502.8199999999986,2,263.08000000000004,swap,notBad
7911,6,500.9799999999986,2,263.08000000000004,move,improve
7912,6,500.9799999999986,2,263.08000000000004,swap,notBad
7913,6,500.9799999999986,2,263.08000000000004,move,improve
7914,6,500.9799999999986,2,263.08000000000004,2opt,notBad
7915,6,500.9799999999986,2,263.08000000000004,move,improve
7916,6,500.9799999999986,2,263.08000000000004,2opt,notBad
7917,6,500.9799999999986,2,263.08000000000004,swap,notBad
7918,6,500.9799999999986,2,263.08000000000004,2opt,notBad
7919,6,500.9799999999986,2,263.08000000000004,2opt,notBad
7920,6,500.9799999999986,2,263.08000000000004,2opt,improve
7921,6,500.9799999999986,2,263.08000000000004,swap,notBad
7922,6,500.9799999999986,2,263.08000000000004,2opt,notBad
7923,6,500.9799999999986,2,263.08000000000004,move,improve
7924,6,500.9799999999986,2,263.08000000000004,swap,notBad
7925,6,500.9799999999986,2,263.08000000000004,2opt,notBad
7926,6,500.9799999999986,2,263.08000000000004,swap,notBad
7927,6,500.9799999999986,2,263.08000000000004,swap,notBad
7928,6,500.9799999999986,2,263.08000000000004,move,improve
7929,6,500.9799999999986,2,263.08000000000004,swap,notBad
7930,6,500.9799999999986,2,263.08000000000004,move,improve
7931,6,501.15999999999997,2,263.08000000000004,swap,acceptBad
7932,6,501.15999999999997,2,263.08000000000004,swap,notBad
7933,6,501.15999999999997,2,263.08000000000004,2opt,notBad
7934,6,501.15999999999997,2,263.08000000000004,2opt,improve
7935,6,501.15999999999997,2,263.08000000000004,move,improve
7936,6,501.15999999999997,2,263.08000000000004,swap,notBad
7937,6,501.15999999999997,2,263.08000000000004,2opt,notBad
7938,6,501.15999999999997,2,263.08000000000004,2opt,notBad
7939,6,501.15999999999997,2,263.08000000000004,swap,notBad
7940,6,501.15999999999997,2,263.08000000000004,2opt,notBad
7941,6,501.15999999999997,2,263.08000000000004,swap,notBad
7942,6,501.15999999999997,2,263.08000000000004,swap,notBad
7943,6,501.15999999999997,2,263.08000000000004,2opt,notBad
7944,6,501.15999999999997,2,263.08000000000004,move,improve
7945,6,501.15999999999997,2,263.08000000000004,2opt,notBad
7946,6,501.15999999999997,2,263.08000000000004,move,improve
7947,6,501.15999999999997,2,263.08000000000004,2opt,improve
7948,6,501.15999999999997,2,263.08000000000004,2opt,notBad
7949,6,501.15999999999997,2,263.08000000000004,move,improve
7950,6,501.15999999999997,2,263.08000000000004,move,improve
7951,6,501.15999999999997,2,263.08000000000004,2opt,notBad
7952,6,501.15999999999997,2,263.08000000000004,2opt,notBad
7953,6,501.15999999999997,2,263.08000000000004,swap,notBad
7954,6,501.15999999999997,2,263.08000000000004,move,improve
7955,6,501.15999999999997,2,263.08000000000004,move,improve
7956,6,501.15999999999997,2,263.08000000000004,2opt,notBad
7957,6,501.15999999999997,2,263.08000000000004,swap,notBad
7958,6,501.15999999999997,2,263.08000000000004,swap,notBad
7959,6,501.15999999999997,2,263.08000000000004,2opt,notBad
7960,6,501.15999999999997,2,263.08000000000004,2opt,notBad
7961,6,501.15999999999997,2,263.08000000000004,swap,notBad
7962,6,501.15999999999997,2,263.08000000000004,2opt,notBad
7963,6,501.15999999999997,2,263.08000000000004,2opt,notBad
7964,6,501.15999999999997,2,263.08000000000004,2opt,notBad
7965,6,501.15999999999997,2,263.08000000000004,swap,notBad
7966,6,501.15999999999997,2,263.08000000000004,2opt,notBad
7967,6,501.15999999999997,2,263.08000000000004,swap,notBad
7968,6,501.15999999999997,2,263.08000000000004,move,improve
7969,6,501.15999999999997,2,263.08000000000004,move,improve
7970,6,501.15999999999997,2,263.08000000000004,move,improve
7971,6,501.15999999999997,2,263.08000000000004,move,improve
7972,6,501.15999999999997,2,263.08000000000004,move,improve
7973,6,501.15999999999997,2,263.08000000000004,swap,notBad
7974,6,501.15999999999997,2,263.08000000000004,move,improve
7975,6,501.15999999999997,2,263.08000000000004,swap,notBad
7976,6,501.15999999999997,2,263.08000000000004,2opt,notBad
7977,6,501.15999999999997,2,263.08000000000004,swap,notBad
7978,6,501.15999999999997,2,263.08000000000004,2opt,notBad
7979,6,501.15999999999997,2,263.08000000000004,swap,notBad
7980,6,501.15999999999997,2,263.08000000000004,swap,notBad
7981,6,501.15999999999997,2,263.08000000000004,move,improve
7982,6,501.15999999999997,2,263.08000000000004,2opt,notBad
7983,6,501.15999999999997,2,263.08000000000004,2opt,notBad
7984,6,501.15999999999997,2,263.08000000000004,move,improve
7985,6,501.15999999999997,2,263.08000000000004,2opt,notBad
7986,6,501.15999999999997,2,263.08000000000004,move,improve
7987,6,501.15999999999997,2,263.08000000000004,swap,notBad
7988,6,503.04000000000076,2,263.08000000000004,swap,acceptBad
7989,6,503.04000000000076,2,263.08000000000004,2opt,notBad
7990,6,503.04000000000076,2,263.08000000000004,swap,notBad
7991,6,503.04000000000076,2,263.08000000000004,move,improve
7992,6,503.04000000000076,2,263.08000000000004,2opt,notBad
7993,6,503.04000000000076,2,263.08000000000004,2opt,notBad
7994,6,503.04000000000076,2,263.08000000000004,move,improve
7995,6,503.04000000000076,2,263.08000000000004,swap,notBad
7996,6,503.04000000000076,2,263.08000000000004,move,improve
7997,6,503.04000000000076,2,263.08000000000004,move,improve
7998,6,503.04000000000076,2,263.08000000000004,2opt,notBad
7999,6,503.04000000000076,2,263.08000000000004,move,improve
8000,6,503.04000000000076,2,263.08000000000004,swap,notBad
8001,6,503.04000000000076,2,263.08000000000004,2opt,notBad
8002,6,503.04000000000076,2,263.08000000000004,move,improve
8003,6,503.04000000000076,2,263.08000000000004,2opt,notBad
8004,6,503.04000000000076,2,263.08000000000004,swap,notBad
8005,6,503.04000000000076,2,263.08000000000004,swap,notBad
8006,6,503.04000000000076,2,263.08000000000004,2opt,notBad
8007,6,503.04000000000076,2,263.08000000000004,swap,notBad
8008,6,503.04000000000076,2,263.08000000000004,2opt,notBad
8009,6,503.04000000000076,2,263.08000000000004,move,improve
8010,6,503.04000000000076,2,263.08000000000004,move,improve
8011,6,503.04000000000076,2,263.08000000000004,move,improve
8012,6,503.04000000000076,2,263.08000000000004,2opt,notBad
8013,6,503.96000000000083,2,263.08000000000004,swap,acceptBad
8014,6,503.96000000000083,2,263.08000000000004,move,improve
8015,6,503.96000000000083,2,263.08000000000004,2opt,notBad
8016,6,503.96000000000083,2,263.08000000000004,swap,notBad
8017,6,503.96000000000083,2,263.08000000000004,swap,notBad
8018,6,503.96000000000083,2,263.08000000000004,move,improve
8019,6,503.96000000000083,2,263.08000000000004,move,improve
8020,6,503.96000000000083,2,263.08000000000004,move,improve
8021,6,503.96000000000083,2,263.08000000000004,swap,notBad
8022,6,503.96000000000083,2,263.08000000000004,swap,notBad
8023,6,503.96000000000083,2,263.08000000000004,move,improve
8024,6,503.96000000000083,2,263.08000000000004,2opt,notBad
8025,6,503.96000000000083,2,263.08000000000004,2opt,notBad
8026,6,503.96000000000083,2,263.08000000000004,swap,notBad
8027,6,503.96000000000083,2,263.08000000000004,move,improve
8028,6,503.96000000000083,2,263.08000000000004,2opt,notBad
8029,6,503.96000000000083,2,263.08000000000004,2opt,notBad
8030,6,503.96000000000083,2,263.08000000000004,swap,notBad
8031,6,503.96000000000083,2,263.08000000000004,swap,notBad
8032,6,503.96000000000083,2,263.08000000000004,2opt,notBad
8033,6,503.96000000000083,2,263.08000000000004,swap,notBad
8034,6,503.96000000000083,2,263.08000000000004,move,improve
8035,6,503.96000000000083,2,263.08000000000004,swap,notBad
8036,6,503.96000000000083,2,263.08000000000004,move,improve
8037,6,503.96000000000083,2,263.08000000000004,move,improve
8038,6,503.96000000000083,2,263.08000000000004,swap,notBad
8039,6,503.96000000000083,2,263.08000000000004,move,improve
8040,6,503.96000000000083,2,263.08000000000004,2opt,notBad
8041,6,503.96000000000083,2,263.08000000000004,swap,notBad
8042,6,503.96000000000083,2,263.08000000000004,move,improve
8043,6,503.96000000000083,2,263.08000000000004,move,improve
8044,6,503.96000000000083,2,263.08000000000004,move,improve
8045,6,503.96000000000083,2,263.08000000000004,2opt,notBad
8046,6,503.96000000000083,2,263.08000000000004,2opt,notBad
8047,6,503.96000000000083,2,263.08000000000004,swap,notBad
8048,6,503.96000000000083,2,263.08000000000004,move,improve
8049,6,503.96000000000083,2,263.08000000000004,swap,notBad
8050,6,503.96000000000083,2,263.08000000000004,swap,notBad
8051,6,503.96000000000083,2,263.08000000000004,2opt,notBad
8052,6,503.96000000000083,2,263.08000000000004,swap,notBad
8053,6,503.96000000000083,2,263.08000000000004,2opt,notBad
8054,6,503.96000000000083,2,263.08000000000004,move,improve
8055,6,503.96000000000083,2,263.08000000000004,swap,notBad
8056,6,503.96000000000083,2,263.08000000000004,swap,notBad
8057,6,503.96000000000083,2,263.08000000000004,swap,notBad
8058,6,503.96000000000083,2,263.08000000000004,2opt,notBad
8059,6,503.96000000000083,2,263.08000000000004,2opt,notBad
8060,6,503.96000000000083,2,263.08000000000004,move,improve
8061,6,503.96000000000083,2,263.08000000000004,swap,notBad
8062,6,503.96000000000083,2,263.08000000000004,move,improve
8063,6,503.96000000000083,2,263.08000000000004,swap,notBad
8064,6,503.96000000000083,2,263.08000000000004,swap,notBad
8065,6,503.96000000000083,2,263.08000000000004,swap,notBad
8066,6,503.96000000000083,2,263.08000000000004,swap,notBad
8067,6,503.96000000000083,2,263.08000000000004,move,improve
8068,6,503.96000000000083,2,263.08000000000004,swap,notBad
8069,6,503.96000000000083,2,263.08000000000004,2opt,notBad
8070,6,503.96000000000083,2,263.08000000000004,move,improve
8071,6,503.96000000000083,2,263.08000000000004,move,improve
8072,6,503.96000000000083,2,263.08000000000004,move,improve
8073,6,503.96000000000083,2,263.08000000000004,move,improve
8074,6,503.96000000000083,2,263.08000000000004,2opt,notBad
8075,6,503.96000000000083,2,263.08000000000004,swap,notBad
8076,6,503.96000000000083,2,263.08000000000004,swap,notBad
8077,6,503.96000000000083,2,263.08000000000004,swap,notBad
8078,6,503.96000000000083,2,263.08000000000004,2opt,notBad
8079,6,503.96000000000083,2,263.08000000000004,swap,notBad
8080,6,503.96000000000083,2,263.08000000000004,swap,notBad
8081,6,503.96000000000083,2,263.08000000000004,2opt,notBad
8082,6,503.96000000000083,2,263.08000000000004,swap,notBad
8083,6,502.0799999999999,2,263.08000000000004,move,improve
8084,6,502.0799999999999,2,263.08000000000004,move,improve
8085,6,502.0799999999999,2,263.08000000000004,2opt,notBad
8086,6,502.0799999999999,2,263.08000000000004,2opt,notBad
8087,6,502.0799999999999,2,263.08000000000004,2opt,notBad
8088,6,502.0799999999999,2,263.08000000000004,move,improve
8089,6,502.0799999999999,2,263.08000000000004,move,notBad
8090,6,502.0799999999999,2,263.08000000000004,2opt,notBad
8091,6,502.0799999999999,2,263.08000000000004,2opt,notBad
8092,6,502.0799999999999,2,263.08000000000004,move,improve
8093,6,502.0799999999999,2,263.08000000000004,swap,notBad
8094,6,502.0799999999999,2,263.08000000000004,move,improve
8095,6,502.0799999999999,2,263.08000000000004,2opt,notBad
8096,6,502.0799999999999,2,263.08000000000004,swap,notBad
8097,6,502.0799999999999,2,263.08000000000004,move,improve
8098,6,501.15999999999997,2,263.08000000000004,move,improve
8099,6,501.15999999999997,2,263.08000000000004,2opt,notBad
8100,6,501.15999999999997,2,263.08000000000004,2opt,notBad
8101,6,501.15999999999997,2,263.08000000000004,swap,notBad
8102,6,501.15999999999997,2,263.08000000000004,move,improve
8103,6,501.15999999999997,2,263.08000000000004,move,improve
8104,6,501.15999999999997,2,263.08000000000004,2opt,notBad
8105,6,501.15999999999997,2,263.08000000000004,swap,notBad
8106,6,501.15999999999997,2,263.08000000000004,2opt,improve
8107,6,501.15999999999997,2,263.08000000000004,move,improve
8108,6,501.15999999999997,2,263.08000000000004,swap,notBad
8109,6,501.15999999999997,2,263.08000000000004,move,improve
8110,6,501.15999999999997,2,263.08000000000004,move,improve
8111,6,501.15999999999997,2,263.08000000000004,2opt,notBad
8112,6,501.15999999999997,2,263.08000000000004,move,improve
8113,6,501.15999999999997,2,263.08000000000004,move,improve
8114,6,501.15999999999997,2,263.08000000000004,2opt,notBad
8115,6,501.15999999999997,2,263.08000000000004,swap,notBad
8116,6,501.15999999999997,2,263.08000000000004,swap,notBad
8117,6,501.15999999999997,2,263.08000000000004,2opt,notBad
8118,6,501.15999999999997,2,263.08000000000004,2opt,notBad
8119,6,501.15999999999997,2,263.08000000000004,2opt,improve
8120,6,501.15999999999997,2,263.08000000000004,2opt,notBad
8121,6,501.15999999999997,2,263.08000000000004,move,improve
8122,6,501.15999999999997,2,263.08000000000004,move,improve
8123,6,501.15999999999997,2,263.08000000000004,2opt,improve
8124,6,501.15999999999997,2,263.08000000000004,2opt,notBad
8125,6,501.15999999999997,2,263.08000000000004,swap,notBad
8126,6,501.15999999999997,2,263.08000000000004,2opt,notBad
8127,6,501.15999999999997,2,263.08000000000004,swap,notBad
8128,6,501.15999999999997,2,263.08000000000004,2opt,notBad
8129,6,501.15999999999997,2,263.08000000000004,swap,notBad
8130,6,501.15999999999997,2,263.08000000000004,swap,notBad
8131,6,501.15999999999997,2,263.08000000000004,move,improve
8132,6,501.15999999999997,2,263.08000000000004,move,improve
8133,6,501.15999999999997,2,263.08000000000004,2opt,notBad
8134,6,501.15999999999997,2,263.08000000000004,swap,notBad
8135,6,501.15999999999997,2,263.08000000000004,swap,notBad
8136,6,501.15999999999997,2,263.08000000000004,move,improve
8137,6,503.0,2,263.08000000000004,swap,acceptBad
8138,6,503.0,2,263.08000000000004,move,notBad
8139,6,501.15999999999997,2,263.08000000000004,move,improve
8140,6,501.15999999999997,2,263.08000000000004,swap,notBad
8141,6,501.15999999999997,2,263.08000000000004,move,improve
8142,6,501.15999999999997,2,263.08000000000004,swap,notBad
8143,6,501.15999999999997,2,263.08000000000004,swap,notBad
8144,6,501.15999999999997,2,263.08000000000004,move,improve
8145,6,501.15999999999997,2,263.08000000000004,2opt,notBad
8146,6,501.15999999999997,2,263.08000000000004,move,improve
8147,6,501.15999999999997,2,263.08000000000004,move,improve
8148,6,501.15999999999997,2,263.08000000000004,2opt,notBad
8149,6,501.15999999999997,2,263.08000000000004,move,improve
8150,6,501.15999999999997,2,263.08000000000004,swap,notBad
8151,6,501.15999999999997,2,263.08000000000004,swap,notBad
8152,6,501.15999999999997,2,263.08000000000004,move,improve
8153,6,501.15999999999997,2,263.08000000000004,2opt,notBad
8154,6,501.15999999999997,2,263.08000000000004,swap,notBad
8155,6,501.15999999999997,2,263.08000000000004,swap,notBad
8156,6,501.15999999999997,2,263.08000000000004,2opt,notBad
8157,6,501.15999999999997,2,263.08000000000004,swap,notBad
8158,6,501.15999999999997,2,263.08000000000004,2opt,notBad
8159,6,501.15999999999997,2,263.08000000000004,2opt,notBad
8160,6,501.15999999999997,2,263.08000000000004,swap,notBad
8161,6,500.9799999999986,2,263.08000000000004,swap,improve
8162,6,500.9799999999986,2,263.08000000000004,move,improve
8163,6,500.9799999999986,2,263.08000000000004,2opt,notBad
8164,6,500.9799999999986,2,263.08000000000004,swap,notBad
8165,6,500.9799999999986,2,263.08000000000004,2opt,notBad
8166,6,500.9799999999986,2,263.08000000000004,move,improve
8167,6,500.9799999999986,2,263.08000000000004,2opt,notBad
8168,6,500.9799999999986,2,263.08000000000004,2opt,notBad
8169,6,500.9799999999986,2,263.08000000000004,move,improve
8170,6,500.9799999999986,2,263.08000000000004,move,improve
8171,6,500.9799999999986,2,263.08000000000004,swap,notBad
8172,6,500.9799999999986,2,263.08000000000004,2opt,notBad
8173,6,500.9799999999986,2,263.08000000000004,2opt,notBad
8174,6,500.9799999999986,2,263.08000000000004,swap,notBad
8175,6,500.9799999999986,2,263.08000000000004,2opt,notBad
8176,6,500.9799999999986,2,263.08000000000004,2opt,notBad
8177,6,500.9799999999986,2,263.08000000000004,move,improve
8178,6,500.9799999999986,2,263.08000000000004,swap,notBad
8179,6,500.9799999999986,2,263.08000000000004,move,improve
8180,6,500.9799999999986,2,263.08000000000004,2opt,notBad
8181,6,500.9799999999986,2,263.08000000000004,2opt,notBad
8182,6,500.9799999999986,2,263.08000000000004,swap,notBad
8183,6,500.9799999999986,2,263.08000000000004,2opt,notBad
8184,6,500.9799999999986,2,263.08000000000004,2opt,notBad
8185,6,500.9799999999986,2,263.08000000000004,2opt,notBad
8186,6,500.9799999999986,2,263.08000000000004,2opt,notBad
8187,6,500.9799999999986,2,263.08000000000004,2opt,improve
8188,6,500.9799999999986,2,263.08000000000004,move,improve
8189,6,500.9799999999986,2,263.08000000000004,swap,notBad
8190,6,500.9799999999986,2,263.08000000000004,move,improve
8191,6,500.9799999999986,2,263.08000000000004,2opt,notBad
8192,6,500.9799999999986,2,263.08000000000004,swap,notBad
8193,6,500.9799999999986,2,263.08000000000004,2opt,notBad
8194,6,500.9799999999986,2,263.08000000000004,2opt,notBad
8195,6,500.9799999999986,2,263.08000000000004,swap,notBad
8196,6,500.9799999999986,2,263.08000000000004,swap,notBad
8197,6,500.9799999999986,2,263.08000000000004,move,improve
8198,6,500.9799999999986,2,263.08000000000004,swap,notBad
8199,6,500.9799999999986,2,263.08000000000004,move,improve
8200,6,500.9799999999986,2,263.08000000000004,swap,notBad
8201,6,500.9799999999986,2,263.08000000000004,swap,notBad
8202,6,500.9799999999986,2,263.08000000000004,swap,notBad
8203,6,500.9799999999986,2,263.08000000000004,2opt,notBad
8204,6,500.9799999999986,2,263.08000000000004,2opt,notBad
8205,6,500.9799999999986,2,263.08000000000004,swap,notBad
8206,6,500.9799999999986,2,263.08000000000004,2opt,notBad
8207,6,500.9799999999986,2,263.08000000000004,2opt,notBad
8208,6,500.9799999999986,2,263.08000000000004,2opt,notBad
8209,6,500.9799999999986,2,263.08000000000004,2opt,notBad
8210,6,500.9799999999986,2,263.08000000000004,swap,notBad
8211,6,500.9799999999986,2,263.08000000000004,move,improve
8212,6,500.9799999999986,2,263.08000000000004,2opt,notBad
8213,6,500.9799999999986,2,263.08000000000004,move,improve
8214,6,500.9799999999986,2,263.08000000000004,2opt,notBad
8215,6,500.9799999999986,2,263.08000000000004,move,improve
8216,6,500.9799999999986,2,263.08000000000004,swap,notBad
8217,6,500.9799999999986,2,263.08000000000004,move,improve
8218,6,500.9799999999986,2,263.08000000000004,move,improve
8219,6,500.9799999999986,2,263.08000000000004,swap,notBad
8220,6,500.9799999999986,2,263.08000000000004,swap,notBad
8221,6,500.9799999999986,2,263.08000000000004,move,improve
8222,6,500.9799999999986,2,263.08000000000004,move,improve
8223,6,500.9799999999986,2,263.08000000000004,2opt,notBad
8224,6,500.9799999999986,2,263.08000000000004,swap,notBad
8225,6,500.9799999999986,2,263.08000000000004,move,improve
8226,6,500.9799999999986,2,263.08000000000004,move,improve
8227,6,500.9799999999986,2,263.08000000000004,swap,notBad
8228,6,500.9799999999986,2,263.08000000000004,swap,notBad
8229,6,500.9799999999986,2,263.08000000000004,swap,notBad
8230,6,500.9799999999986,2,263.08000000000004,2opt,notBad
8231,6,500.9799999999986,2,263.08000000000004,swap,notBad
8232,6,500.9799999999986,2,263.08000000000004,move,improve
8233,6,500.9799999999986,2,263.08000000000004,swap,notBad
8234,6,500.9799999999986,2,263.08000000000004,swap,notBad
8235,6,500.9799999999986,2,263.08000000000004,move,improve
8236,6,500.9799999999986,2,263.08000000000004,move,improve
8237,6,500.9799999999986,2,263.08000000000004,move,improve
8238,6,500.9799999999986,2,263.08000000000004,swap,notBad
8239,6,500.9799999999986,2,263.08000000000004,swap,notBad
8240,6,500.9799999999986,2,263.08000000000004,2opt,notBad
8241,6,500.9799999999986,2,263.08000000000004,move,improve
8242,6,500.9799999999986,2,263.08000000000004,swap,notBad
8243,6,500.9799999999986,2,263.08000000000004,2opt,notBad
8244,6,500.9799999999986,2,263.08000000000004,2opt,notBad
8245,6,500.9799999999986,2,263.08000000000004,move,improve
8246,6,500.9799999999986,2,263.08000000000004,swap,notBad
8247,6,500.9799999999986,2,263.08000000000004,swap,notBad
8248,6,500.9799999999986,2,263.08000000000004,swap,notBad
8249,6,500.9799999999986,2,263.08000000000004,2opt,notBad
8250,6,500.9799999999986,2,263.08000000000004,move,improve
8251,6,500.9799999999986,2,263.08000000000004,2opt,notBad
8252,6,500.9799999999986,2,263.08000000000004,2opt,improve
8253,6,500.9799999999986,2,263.08000000000004,swap,notBad
8254,6,500.9799999999986,2,263.08000000000004,swap,notBad
8255,6,500.9799999999986,2,263.08000000000004,swap,notBad
8256,6,500.9799999999986,2,263.08000000000004,move,improve
8257,6,500.9799999999986,2,263.08000000000004,2opt,improve
8258,6,500.9799999999986,2,263.08000000000004,2opt,notBad
8259,6,500.9799999999986,2,263.08000000000004,swap,notBad
8260,6,500.9799999999986,2,263.08000000000004,2opt,notBad
8261,6,500.9799999999986,2,263.08000000000004,swap,notBad
8262,6,500.9799999999986,2,263.08000000000004,move,improve
8263,6,500.9799999999986,2,263.08000000000004,swap,notBad
8264,6,500.9799999999986,2,263.08000000000004,2opt,notBad
8265,6,500.9799999999986,2,263.08000000000004,2opt,notBad
8266,6,500.9799999999986,2,263.08000000000004,move,improve
8267,6,500.9799999999986,2,263.08000000000004,swap,notBad
8268,6,500.9799999999986,2,263.08000000000004,2opt,notBad
8269,6,500.9799999999986,2,263.08000000000004,swap,notBad
8270,6,500.9799999999986,2,263.08000000000004,2opt,notBad
8271,6,500.9799999999986,2,263.08000000000004,swap,notBad
8272,6,500.9799999999986,2,263.08000000000004,swap,notBad
8273,6,500.9799999999986,2,263.08000000000004,swap,notBad
8274,6,500.9799999999986,2,263.08000000000004,swap,notBad
8275,6,500.9799999999986,2,263.08000000000004,swap,notBad
8276,6,500.9799999999986,2,263.08000000000004,move,improve
8277,6,500.9799999999986,2,263.08000000000004,2opt,notBad
8278,6,500.9799999999986,2,263.08000000000004,move,improve
8279,6,500.9799999999986,2,263.08000000000004,move,improve
8280,6,500.9799999999986,2,263.08000000000004,swap,notBad
8281,6,500.9799999999986,2,263.08000000000004,swap,notBad
8282,6,500.9799999999986,2,263.08000000000004,swap,notBad
8283,6,500.9799999999986,2,263.08000000000004,move,improve
8284,6,501.89999999999856,2,263.08000000000004,swap,acceptBad
8285,6,501.89999999999856,2,263.08000000000004,swap,notBad
8286,6,501.6599999999989,2,263.08000000000004,swap,improve
8287,6,501.6599999999989,2,263.08000000000004,move,improve
8288,6,501.6599999999989,2,263.08000000000004,2opt,notBad
8289,6,501.6599999999989,2,263.08000000000004,move,improve
8290,6,501.6599999999989,2,263.08000000000004,2opt,notBad
8291,6,501.6599999999989,2,263.08000000000004,move,improve
8292,6,501.6599999999989,2,263.08000000000004,2opt,notBad
8293,6,501.6599999999989,2,263.08000000000004,swap,notBad
8294,6,501.6599999999989,2,263.08000000000004,move,improve
8295,6,501.6599999999989,2,263.08000000000004,2opt,notBad
8296,6,501.6599999999989,2,263.08000000000004,2opt,improve
8297,6,501.6599999999989,2,263.08000000000004,move,improve
8298,6,501.6599999999989,2,263.08000000000004,2opt,notBad
8299,6,501.6599999999989,2,263.08000000000004,swap,notBad
8300,6,501.6599999999989,2,263.08000000000004,move,improve
8301,6,501.6599999999989,2,263.08000000000004,2opt,improve
8302,6,501.6599999999989,2,263.08000000000004,move,improve
8303,6,501.6599999999989,2,263.08000000000004,move,improve
8304,6,501.6599999999989,2,263.08000000000004,move,improve
8305,6,501.6599999999989,2,263.08000000000004,2opt,notBad
8306,6,501.6599999999989,2,263.08000000000004,2opt,notBad
8307,6,501.6599999999989,2,263.08000000000004,move,improve
8308,6,501.6599999999989,2,263.08000000000004,move,improve
8309,6,501.6599999999989,2,263.08000000000004,move,improve
8310,6,501.6599999999989,2,263.08000000000004,2opt,notBad
8311,6,501.6599999999989,2,263.08000000000004,swap,notBad
8312,6,501.6599999999989,2,263.08000000000004,move,improve
8313,6,501.6599999999989,2,263.08000000000004,move,improve
8314,6,501.6599999999989,2,263.08000000000004,move,improve
8315,6,501.6599999999989,2,263.08000000000004,2opt,notBad
8316,6,501.6599999999989,2,263.08000000000004,move,improve
8317,6,501.6599999999989,2,263.08000000000004,move,improve
8318,6,501.6599999999989,2,263.08000000000004,2opt,notBad
8319,6,501.6599999999989,2,263.08000000000004,move,improve
8320,6,501.6599999999989,2,263.08000000000004,2opt,notBad
8321,6,501.6599999999989,2,263.08000000000004,move,improve
8322,6,501.6599999999989,2,263.08000000000004,2opt,notBad
8323,6,501.6599999999989,2,263.08000000000004,2opt,notBad
8324,6,501.6599999999989,2,263.08000000000004,2opt,notBad
8325,6,501.6599999999989,2,263.08000000000004,move,improve
8326,6,501.6599999999989,2,263.08000000000004,2opt,notBad
8327,6,501.6599999999989,2,263.08000000000004,2opt,notBad
8328,6,501.6599999999989,2,263.08000000000004,swap,notBad
8329,6,501.6599999999989,2,263.08000000000004,swap,notBad
8330,6,501.6599999999989,2,263.08000000000004,swap,notBad
8331,6,501.6599999999989,2,263.08000000000004,move,improve
8332,6,501.6599999999989,2,263.08000000000004,move,improve
8333,6,501.6599999999989,2,263.08000000000004,2opt,notBad
8334,6,503.4999999999989,2,263.08000000000004,swap,acceptBad
8335,6,503.4999999999989,2,263.08000000000004,swap,notBad
8336,6,503.4999999999989,2,263.08000000000004,swap,notBad
8337,6,503.4999999999989,2,263.08000000000004,2opt,notBad
8338,6,503.4999999999989,2,263.08000000000004,2opt,notBad
8339,6,503.4999999999989,2,263.08000000000004,swap,notBad
8340,6,503.4999999999989,2,263.08000000000004,2opt,improve
8341,6,503.4999999999989,2,263.08000000000004,swap,notBad
8342,6,503.4999999999989,2,263.08000000000004,move,improve
8343,6,503.4999999999989,2,263.08000000000004,2opt,notBad
8344,6,503.4999999999989,2,263.08000000000004,move,improve
8345,6,503.4999999999989,2,263.08000000000004,2opt,notBad
8346,6,503.4999999999989,2,263.08000000000004,move,improve
8347,6,503.4999999999989,2,263.08000000000004,2opt,notBad
8348,6,503.4999999999989,2,263.08000000000004,move,improve
8349,6,503.4999999999989,2,263.08000000000004,move,improve
8350,6,503.4999999999989,2,263.08000000000004,swap,notBad
8351,6,503.4999999999989,2,263.08000000000004,2opt,notBad
8352,6,503.4999999999989,2,263.08000000000004,move,improve
8353,6,503.4999999999989,2,263.08000000000004,2opt,notBad
8354,6,503.4999999999989,2,263.08000000000004,2opt,notBad
8355,6,503.4999999999989,2,263.08000000000004,move,notBad
8356,6,503.4999999999989,2,263.08000000000004,2opt,improve
8357,6,503.4999999999989,2,263.08000000000004,swap,notBad
8358,6,503.4999999999989,2,263.08000000000004,move,improve
8359,6,503.4999999999989,2,263.08000000000004,move,improve
8360,6,503.4999999999989,2,263.08000000000004,swap,notBad
8361,6,503.4999999999989,2,263.08000000000004,swap,notBad
8362,6,503.4999999999989,2,263.08000000000004,2opt,improve
8363,6,503.4999999999989,2,263.08000000000004,2opt,notBad
8364,6,503.4999999999989,2,263.08000000000004,swap,notBad
8365,6,503.4999999999989,2,263.08000000000004,swap,notBad
8366,6,503.4999999999989,2,263.08000000000004,swap,notBad
8367,6,503.4999999999989,2,263.08000000000004,move,improve
8368,6,503.4999999999989,2,263.08000000000004,move,notBad
8369,6,503.4999999999989,2,263.08000000000004,move,improve
8370,6,502.5799999999989,2,263.08000000000004,move,improve
8371,6,502.5799999999989,2,263.08000000000004,swap,notBad
8372,6,502.5799999999989,2,263.08000000000004,move,improve
8373,6,502.5799999999989,2,263.08000000000004,swap,notBad
8374,6,502.5799999999989,2,263.08000000000004,swap,notBad
8375,6,502.5799999999989,2,263.08000000000004,swap,notBad
8376,6,502.5799999999989,2,263.08000000000004,move,improve
8377,6,502.5799999999989,2,263.08000000000004,2opt,notBad
8378,6,502.5799999999989,2,263.08000000000004,move,improve
8379,6,502.5799999999989,2,263.08000000000004,2opt,notBad
8380,6,502.5799999999989,2,263.08000000000004,swap,notBad
8381,6,502.5799999999989,2,263.08000000000004,swap,notBad
8382,6,502.5799999999989,2,263.08000000000004,2opt,improve
8383,6,502.5799999999989,2,263.08000000000004,2opt,notBad
8384,6,502.5799999999989,2,263.08000000000004,swap,notBad
8385,6,502.5799999999989,2,263.08000000000004,move,improve
8386,6,502.5799999999989,2,263.08000000000004,2opt,notBad
8387,6,502.5799999999989,2,263.08000000000004,2opt,notBad
8388,6,502.5799999999989,2,263.08000000000004,2opt,notBad
8389,6,502.5799999999989,2,263.08000000000004,2opt,notBad
8390,6,502.5799999999989,2,263.08000000000004,swap,notBad
8391,6,502.5799999999989,2,263.08000000000004,move,improve
8392,6,502.5799999999989,2,263.08000000000004,move,improve
8393,6,502.5799999999989,2,263.08000000000004,2opt,improve
8394,6,502.5799999999989,2,263.08000000000004,move,improve
8395,6,502.5799999999989,2,263.08000000000004,swap,notBad
8396,6,502.5799999999989,2,263.08000000000004,swap,notBad
8397,6,502.5799999999989,2,263.08000000000004,swap,notBad
8398,6,502.5799999999989,2,263.08000000000004,2opt,notBad
8399,6,502.5799999999989,2,263.08000000000004,move,improve
8400,6,502.5799999999989,2,263.08000000000004,2opt,notBad
8401,6,502.5799999999989,2,263.08000000000004,move,improve
8402,6,502.5799999999989,2,263.08000000000004,swap,notBad
8403,6,502.5799999999989,2,263.08000000000004,2opt,notBad
8404,6,502.5799999999989,2,263.08000000000004,move,improve
8405,6,502.5799999999989,2,263.08000000000004,2opt,notBad
8406,6,500.7399999999989,2,263.08000000000004,move,improve
8407,6,500.7399999999989,2,263.08000000000004,2opt,notBad
8408,6,500.7399999999989,2,263.08000000000004,2opt,improve
8409,6,500.7399999999989,2,263.08000000000004,2opt,notBad
8410,6,500.7399999999989,2,263.08000000000004,move,improve
8411,6,500.7399999999989,2,263.08000000000004,move,improve
8412,6,500.7399999999989,2,263.08000000000004,2opt,notBad
8413,6,500.7399999999989,2,263.08000000000004,swap,notBad
8414,6,500.7399999999989,2,263.08000000000004,swap,notBad
8415,6,500.7399999999989,2,263.08000000000004,move,improve
8416,6,500.7399999999989,2,263.08000000000004,2opt,notBad
8417,6,500.7399999999989,2,263.08000000000004,2opt,notBad
8418,6,500.7399999999989,2,263.08000000000004,swap,notBad
8419,6,500.7399999999989,2,263.08000000000004,swap,notBad
8420,6,500.7399999999989,2,263.08000000000004,swap,notBad
8421,6,500.7399999999989,2,263.08000000000004,2opt,notBad
8422,6,500.7399999999989,2,263.08000000000004,2opt,notBad
8423,6,500.7399999999989,2,263.08000000000004,2opt,notBad
8424,6,500.7399999999989,2,263.08000000000004,swap,notBad
8425,6,500.7399999999989,2,263.08000000000004,move,improve
8426,6,500.7399999999989,2,263.08000000000004,2opt,notBad
8427,6,500.7399999999989,2,263.08000000000004,2opt,notBad
8428,6,500.7399999999989,2,263.08000000000004,2opt,notBad
8429,6,500.7399999999989,2,263.08000000000004,move,improve
8430,6,500.7399999999989,2,263.08000000000004,2opt,notBad
8431,6,500.7399999999989,2,263.08000000000004,move,improve
8432,6,500.7399999999989,2,263.08000000000004,swap,notBad
8433,6,500.7399999999989,2,263.08000000000004,swap,notBad
8434,6,500.7399999999989,2,263.08000000000004,move,improve
8435,6,500.7399999999989,2,263.08000000000004,swap,notBad
8436,6,500.7399999999989,2,263.08000000000004,move,improve
8437,6,500.7399999999989,2,263.08000000000004,2opt,notBad
8438,6,500.7399999999989,2,263.08000000000004,move,improve
8439,6,500.7399999999989,2,263.08000000000004,move,improve
8440,6,500.7399999999989,2,263.08000000000004,2opt,notBad
8441,6,500.7399999999989,2,263.08000000000004,swap,notBad
8442,6,500.7399999999989,2,263.08000000000004,2opt,improve
8443,6,500.7399999999989,2,263.08000000000004,2opt,notBad
8444,6,500.7399999999989,2,263.08000000000004,move,improve
8445,6,500.7399999999989,2,263.08000000000004,move,improve
8446,6,500.7399999999989,2,263.08000000000004,2opt,notBad
8447,6,500.7399999999989,2,263.08000000000004,2opt,notBad
8448,6,500.7399999999989,2,263.08000000000004,move,improve
8449,6,500.7399999999989,2,263.08000000000004,2opt,notBad
8450,6,500.7399999999989,2,263.08000000000004,move,improve
8451,6,500.7399999999989,2,263.08000000000004,2opt,notBad
8452,6,500.7399999999989,2,263.08000000000004,swap,notBad
8453,6,500.7399999999989,2,263.08000000000004,move,improve
8454,6,500.7399999999989,2,263.08000000000004,move,improve
8455,6,500.7399999999989,2,263.08000000000004,2opt,notBad
8456,6,500.7399999999989,2,263.08000000000004,2opt,notBad
8457,6,500.7399999999989,2,263.08000000000004,2opt,notBad
8458,6,500.7399999999989,2,263.08000000000004,2opt,notBad
8459,6,500.7399999999989,2,263.08000000000004,move,improve
8460,6,500.7399999999989,2,263.08000000000004,2opt,notBad
8461,6,500.7399999999989,2,263.08000000000004,swap,notBad
8462,6,500.7399999999989,2,263.08000000000004,swap,notBad
8463,6,500.7399999999989,2,263.08000000000004,swap,notBad
8464,6,500.7399999999989,2,263.08000000000004,move,improve
8465,6,500.7399999999989,2,263.08000000000004,2opt,notBad
8466,6,500.7399999999989,2,263.08000000000004,2opt,notBad
8467,6,500.7399999999989,2,263.08000000000004,swap,notBad
8468,6,500.7399999999989,2,263.08000000000004,2opt,notBad
8469,6,500.7399999999989,2,263.08000000000004,swap,notBad
8470,6,500.7399999999989,2,263.08000000000004,move,improve
8471,6,500.7399999999989,2,263.08000000000004,move,improve
8472,6,500.7399999999989,2,263.08000000000004,2opt,notBad
8473,6,500.7399999999989,2,263.08000000000004,swap,notBad
8474,6,500.7399999999989,2,263.08000000000004,move,improve
8475,6,500.7399999999989,2,263.08000000000004,swap,notBad
8476,6,500.7399999999989,2,263.08000000000004,swap,notBad
8477,6,500.7399999999989,2,263.08000000000004,swap,notBad
8478,6,500.7399999999989,2,263.08000000000004,2opt,notBad
8479,6,500.7399999999989,2,263.08000000000004,2opt,notBad
8480,6,500.7399999999989,2,263.08000000000004,2opt,notBad
8481,6,500.7399999999989,2,263.08000000000004,swap,notBad
8482,6,500.7399999999989,2,263.08000000000004,2opt,notBad
8483,6,500.7399999999989,2,263.08000000000004,2opt,notBad
8484,6,500.7399999999989,2,263.08000000000004,swap,notBad
8485,6,500.7399999999989,2,263.08000000000004,swap,notBad
8486,6,500.7399999999989,2,263.08000000000004,swap,notBad
8487,6,500.7399999999989,2,263.08000000000004,2opt,notBad
8488,6,501.41999999999973,2,263.08000000000004,swap,acceptBad
8489,6,501.41999999999973,2,263.08000000000004,2opt,notBad
8490,6,501.41999999999973,2,263.08000000000004,2opt,notBad
8491,6,501.41999999999973,2,263.08000000000004,move,improve
8492,6,501.41999999999973,2,263.08000000000004,swap,notBad
8493,6,502.3399999999997,2,263.08000000000004,swap,acceptBad
8494,6,502.3399999999997,2,263.08000000000004,2opt,notBad
8495,6,502.3399999999997,2,263.08000000000004,swap,notBad
8496,6,502.3399999999997,2,263.08000000000004,2opt,notBad
8497,6,502.3399999999997,2,263.08000000000004,swap,notBad
8498,6,502.3399999999997,2,263.08000000000004,2opt,notBad
8499,6,502.3399999999997,2,263.08000000000004,swap,notBad
8500,6,502.3399999999997,2,263.08000000000004,2opt,notBad
8501,6,502.3399999999997,2,263.08000000000004,move,improve
8502,6,502.3399999999997,2,263.08000000000004,move,improve
8503,6,502.3399999999997,2,263.08000000000004,swap,notBad
8504,6,502.3399999999997,2,263.08000000000004,swap,notBad
8505,6,502.3399999999997,2,263.08000000000004,swap,notBad
8506,6,502.3399999999997,2,263.08000000000004,swap,notBad
8507,6,502.3399999999997,2,263.08000000000004,swap,notBad
8508,6,502.3399999999997,2,263.08000000000004,move,improve
8509,6,502.3399999999997,2,263.08000000000004,swap,notBad
8510,6,502.3399999999997,2,263.08000000000004,swap,notBad
8511,6,502.3399999999997,2,263.08000000000004,swap,notBad
8512,6,502.3399999999997,2,263.08000000000004,2opt,notBad
8513,6,504.9799999999998,2,263.08000000000004,swap,acceptBad
8514,6,504.9799999999998,2,263.08000000000004,move,improve
8515,6,504.9799999999998,2,263.08000000000004,move,improve
8516,6,504.9799999999998,2,263.08000000000004,swap,notBad
8517,6,504.9799999999998,2,263.08000000000004,2opt,notBad
8518,6,504.9799999999998,2,263.08000000000004,swap,notBad
8519,6,504.9799999999998,2,263.08000000000004,2opt,notBad
8520,6,504.9799999999998,2,263.08000000000004,2opt,notBad
8521,6,504.9799999999998,2,263.08000000000004,2opt,notBad
8522,6,504.9799999999998,2,263.08000000000004,2opt,notBad
8523,6,504.52,2,263.08000000000004,move,improve
8524,6,504.52,2,263.08000000000004,move,improve
8525,6,504.52,2,263.08000000000004,move,improve
8526,6,504.52,2,263.08000000000004,swap,notBad
8527,6,504.52,2,263.08000000000004,move,improve
8528,6,504.52,2,263.08000000000004,swap,notBad
8529,6,504.52,2,263.08000000000004,2opt,notBad
8530,6,504.52,2,263.08000000000004,swap,notBad
8531,6,504.52,2,263.08000000000004,swap,notBad
8532,6,504.52,2,263.08000000000004,2opt,notBad
8533,6,504.52,2,263.08000000000004,move,notBad
8534,6,504.52,2,263.08000000000004,move,improve
8535,6,504.52,2,263.08000000000004,2opt,notBad
8536,6,504.52,2,263.08000000000004,2opt,notBad
8537,6,504.52,2,263.08000000000004,move,improve
8538,6,504.52,2,263.08000000000004,2opt,notBad
8539,6,504.52,2,263.08000000000004,move,improve
8540,6,504.52,2,263.08000000000004,2opt,notBad
8541,6,504.52,2,263.08000000000004,2opt,notBad
8542,6,504.52,2,263.08000000000004,swap,notBad
8543,6,504.52,2,263.08000000000004,move,improve
8544,6,504.52,2,263.08000000000004,2opt,notBad
8545,6,504.52,2,263.08000000000004,2opt,notBad
8546,6,504.52,2,263.08000000000004,2opt,notBad
8547,6,504.52,2,263.08000000000004,2opt,notBad
8548,6,504.52,2,263.08000000000004,2opt,notBad
8549,6,504.52,2,263.08000000000004,2opt,notBad
8550,6,504.52,2,263.08000000000004,move,improve
8551,6,504.52,2,263.08000000000004,2opt,notBad
8552,6,504.52,2,263.08000000000004,swap,notBad
8553,6,504.52,2,263.08000000000004,move,improve
8554,6,504.52,2,263.08000000000004,swap,notBad
8555,6,504.52,2,263.08000000000004,move,improve
8556,6,504.52,2,263.08000000000004,swap,notBad
8557,6,504.52,2,263.08000000000004,move,improve
8558,6,504.52,2,263.08000000000004,swap,notBad
8559,6,504.52,2,263.08000000000004,2opt,notBad
8560,6,504.52,2,263.08000000000004,swap,notBad
8561,6,504.52,2,263.08000000000004,move,improve
8562,6,504.52,2,263.08000000000004,move,improve
8563,6,504.52,2,263.08000000000004,swap,notBad
8564,6,504.52,2,263.08000000000004,move,improve
8565,6,504.52,2,263.08000000000004,swap,notBad
8566,6,504.52,2,263.08000000000004,2opt,notBad
8567,6,504.52,2,263.08000000000004,swap,notBad
8568,6,505.91999999999996,2,263.08000000000004,swap,acceptBad
8569,6,505.91999999999996,2,263.08000000000004,2opt,notBad
8570,6,505.91999999999996,2,263.08000000000004,swap,notBad
8571,6,505.91999999999996,2,263.08000000000004,swap,notBad
8572,6,505.91999999999996,2,263.08000000000004,swap,notBad
8573,6,505.91999999999996,2,263.08000000000004,2opt,notBad
8574,6,505.91999999999996,2,263.08000000000004,2opt,notBad
8575,6,505.91999999999996,2,263.08000000000004,move,improve
8576,6,505.91999999999996,2,263.08000000000004,2opt,notBad
8577,6,505.91999999999996,2,263.08000000000004,2opt,notBad
8578,6,505.91999999999996,2,263.08000000000004,move,improve
8579,6,505.91999999999996,2,263.08000000000004,2opt,notBad
8580,6,505.91999999999996,2,263.08000000000004,swap,notBad
8581,6,505.91999999999996,2,263.08000000000004,swap,notBad
8582,6,505.91999999999996,2,263.08000000000004,move,improve
8583,6,505.91999999999996,2,263.08000000000004,swap,notBad
8584,6,505.91999999999996,2,263.08000000000004,move,improve
8585,6,505.91999999999996,2,263.08000000000004,2opt,notBad
8586,6,505.91999999999996,2,263.08000000000004,2opt,notBad
8587,6,505.91999999999996,2,263.08000000000004,move,improve
8588,6,505.91999999999996,2,263.08000000000004,swap,notBad
8589,6,505.91999999999996,2,263.08000000000004,2opt,improve
8590,6,505.91999999999996,2,263.08000000000004,move,notBad
8591,6,505.91999999999996,2,263.08000000000004,move,improve
8592,6,505.91999999999996,2,263.08000000000004,swap,notBad
8593,6,505.91999999999996,2,263.08000000000004,move,improve
8594,6,505.91999999999996,2,263.08000000000004,swap,notBad
8595,6,505.91999999999996,2,263.08000000000004,swap,notBad
8596,6,505.91999999999996,2,263.08000000000004,swap,notBad
8597,6,505.91999999999996,2,263.08000000000004,2opt,notBad
8598,6,505.91999999999996,2,263.08000000000004,swap,notBad
8599,6,505.91999999999996,2,263.08000000000004,swap,notBad
8600,6,505.91999999999996,2,263.08000000000004,swap,notBad
8601,6,505.91999999999996,2,263.08000000000004,move,improve
8602,6,504.52,2,263.08000000000004,swap,improve
8603,6,504.52,2,263.08000000000004,2opt,notBad
8604,6,504.52,2,263.08000000000004,move,improve
8605,6,504.52,2,263.08000000000004,move,improve
8606,6,504.52,2,263.08000000000004,swap,notBad
8607,6,504.52,2,263.08000000000004,move,improve
8608,6,504.52,2,263.08000000000004,swap,notBad
8609,6,504.52,2,263.08000000000004,move,improve
8610,6,504.52,2,263.08000000000004,move,improve
8611,6,504.52,2,263.08000000000004,swap,notBad
8612,6,504.52,2,263.08000000000004,swap,notBad
8613,6,505.91999999999996,2,263.08000000000004,swap,acceptBad
8614,6,505.91999999999996,2,263.08000000000004,2opt,notBad
8615,6,505.91999999999996,2,263.08000000000004,swap,notBad
8616,6,505.91999999999996,2,263.08000000000004,move,improve
8617,6,505.91999999999996,2,263.08000000000004,swap,notBad
8618,6,505.91999999999996,2,263.08000000000004,2opt,notBad
8619,6,505.91999999999996,2,263.08000000000004,move,improve
8620,6,505.91999999999996,2,263.08000000000004,2opt,notBad
8621,6,505.91999999999996,2,263.08000000000004,swap,notBad
8622,6,505.91999999999996,2,263.08000000000004,2opt,notBad
8623,6,505.91999999999996,2,263.08000000000004,swap,notBad
8624,6,505.91999999999996,2,263.08000000000004,swap,notBad
8625,6,505.91999999999996,2,263.08000000000004,swap,notBad
8626,6,505.91999999999996,2,263.08000000000004,swap,notBad
8627,6,505.91999999999996,2,263.08000000000004,2opt,notBad
8628,6,505.91999999999996,2,263.08000000000004,swap,notBad
8629,6,505.91999999999996,2,263.08000000000004,move,improve
8630,6,505.91999999999996,2,263.08000000000004,move,improve
8631,6,505.91999999999996,2,263.08000000000004,2opt,notBad
8632,6,505.91999999999996,2,263.08000000000004,2opt,notBad
8633,6,505.91999999999996,2,263.08000000000004,move,improve
8634,6,505.91999999999996,2,263.08000000000004,2opt,notBad
8635,6,505.91999999999996,2,263.08000000000004,2opt,notBad
8636,6,505.91999999999996,2,263.08000000000004,2opt,notBad
8637,6,505.91999999999996,2,263.08000000000004,2opt,notBad
8638,6,505.91999999999996,2,263.08000000000004,2opt,notBad
8639,6,505.91999999999996,2,263.08000000000004,move,improve
8640,6,505.91999999999996,2,263.08000000000004,move,improve
8641,6,504.52,2,263.08000000000004,move,improve
8642,6,504.52,2,263.08000000000004,move,improve
8643,6,504.52,2,263.08000000000004,move,improve
8644,6,504.52,2,263.08000000000004,swap,notBad
8645,6,504.52,2,263.08000000000004,2opt,notBad
8646,6,504.52,2,263.08000000000004,move,improve
8647,6,504.52,2,263.08000000000004,move,improve
8648,6,504.52,2,263.08000000000004,swap,notBad
8649,6,504.52,2,263.08000000000004,swap,notBad
8650,6,504.52,2,263.08000000000004,move,improve
8651,6,504.52,2,263.08000000000004,move,improve
8652,6,504.52,2,263.08000000000004,move,improve
8653,6,504.52,2,263.08000000000004,move,improve
8654,6,504.52,2,263.08000000000004,move,improve
8655,6,504.52,2,263.08000000000004,2opt,notBad
8656,6,504.52,2,263.08000000000004,move,improve
8657,6,504.52,2,263.08000000000004,move,improve
8658,6,504.52,2,263.08000000000004,2opt,notBad
8659,6,504.52,2,263.08000000000004,swap,notBad
8660,6,504.52,2,263.08000000000004,swap,notBad
8661,6,504.52,2,263.08000000000004,move,improve
8662,6,504.52,2,263.08000000000004,2opt,notBad
8663,6,504.52,2,263.08000000000004,2opt,notBad
8664,6,504.52,2,263.08000000000004,move,improve
8665,6,504.52,2,263.08000000000004,swap,notBad
8666,6,504.52,2,263.08000000000004,swap,notBad
8667,6,504.52,2,263.08000000000004,move,improve
8668,6,501.88,2,263.08000000000004,move,improve
8669,6,501.88,2,263.08000000000004,swap,notBad
8670,6,501.88,2,263.08000000000004,swap,notBad
8671,6,501.88,2,263.08000000000004,2opt,notBad
8672,6,501.88,2,263.08000000000004,2opt,notBad
8673,6,501.88,2,263.08000000000004,move,improve
8674,6,501.88,2,263.08000000000004,swap,notBad
8675,6,501.88,2,263.08000000000004,move,improve
8676,6,501.88,2,263.08000000000004,move,improve
8677,6,501.88,2,263.08000000000004,move,improve
8678,6,501.88,2,263.08000000000004,move,improve
8679,6,501.88,2,263.08000000000004,swap,notBad
8680,6,501.88,2,263.08000000000004,move,improve
8681,6,501.88,2,263.08000000000004,2opt,notBad
8682,6,501.88,2,263.08000000000004,2opt,notBad
8683,6,501.88,2,263.08000000000004,move,improve
8684,6,501.88,2,263.08000000000004,2opt,notBad
8685,6,501.88,2,263.08000000000004,move,improve
8686,6,501.88,2,263.08000000000004,swap,notBad
8687,6,501.88,2,263.08000000000004,2opt,notBad
8688,6,501.88,2,263.08000000000004,swap,notBad
8689,6,501.88,2,263.08000000000004,2opt,notBad
8690,6,501.88,2,263.08000000000004,swap,notBad
8691,6,501.88,2,263.08000000000004,2opt,notBad
8692,6,501.88,2,263.08000000000004,move,improve
8693,6,501.88,2,263.08000000000004,move,improve
8694,6,500.9599999999999,2,263.08000000000004,move,improve
8695,6,500.9599999999999,2,263.08000000000004,swap,notBad
8696,6,500.9599999999999,2,263.08000000000004,2opt,notBad
8697,6,500.9599999999999,2,263.08000000000004,move,improve
8698,6,500.9599999999999,2,263.08000000000004,move,improve
8699,6,500.9599999999999,2,263.08000000000004,2opt,notBad
8700,6,500.9599999999999,2,263.08000000000004,2opt,notBad
8701,6,500.9599999999999,2,263.08000000000004,swap,notBad
8702,6,500.9599999999999,2,263.08000000000004,move,improve
8703,6,500.9599999999999,2,263.08000000000004,move,improve
8704,6,500.9599999999999,2,263.08000000000004,2opt,improve
8705,6,500.9599999999999,2,263.08000000000004,move,improve
8706,6,500.9599999999999,2,263.08000000000004,move,improve
8707,6,500.9599999999999,2,263.08000000000004,move,improve
8708,6,500.9599999999999,2,263.08000000000004,2opt,notBad
8709,6,500.9599999999999,2,263.08000000000004,2opt,notBad
8710,6,500.9599999999999,2,263.08000000000004,swap,notBad
8711,6,500.9599999999999,2,263.08000000000004,move,improve
8712,6,500.9599999999999,2,263.08000000000004,swap,notBad
8713,6,500.9599999999999,2,263.08000000000004,move,improve
8714,6,500.9599999999999,2,263.08000000000004,2opt,notBad
8715,6,500.9599999999999,2,263.08000000000004,2opt,notBad
8716,6,500.9599999999999,2,263.08000000000004,swap,notBad
8717,6,500.9599999999999,2,263.08000000000004,move,improve
8718,6,500.9599999999999,2,263.08000000000004,swap,notBad
8719,6,500.9599999999999,2,263.08000000000004,swap,notBad
8720,6,500.9599999999999,2,263.08000000000004,move,improve
8721,6,500.9599999999999,2,263.08000000000004,2opt,notBad
8722,6,500.9599999999999,2,263.08000000000004,swap,notBad
8723,6,500.9599999999999,2,263.08000000000004,swap,notBad
8724,6,500.9599999999999,2,263.08000000000004,move,improve
8725,6,500.9599999999999,2,263.08000000000004,2opt,notBad
8726,6,500.9599999999999,2,263.08000000000004,swap,notBad
8727,6,500.9599999999999,2,263.08000000000004,move,improve
8728,6,500.9599999999999,2,263.08000000000004,2opt,notBad
8729,6,500.9599999999999,2,263.08000000000004,2opt,notBad
8730,6,500.9599999999999,2,263.08000000000004,move,improve
8731,6,500.9599999999999,2,263.08000000000004,move,improve
8732,6,500.9599999999999,2,263.08000000000004,swap,notBad
8733,6,500.9599999999999,2,263.08000000000004,2opt,notBad
8734,6,500.9599999999999,2,263.08000000000004,move,improve
8735,6,500.9599999999999,2,263.08000000000004,2opt,notBad
8736,6,500.9599999999999,2,263.08000000000004,2opt,improve
8737,6,500.9599999999999,2,263.08000000000004,2opt,notBad
8738,6,500.9599999999999,2,263.08000000000004,2opt,notBad
8739,6,500.9599999999999,2,263.08000000000004,move,improve
8740,6,500.9599999999999,2,263.08000000000004,2opt,notBad
8741,6,500.9599999999999,2,263.08000000000004,2opt,notBad
8742,6,500.9599999999999,2,263.08000000000004,swap,notBad
8743,6,500.9599999999999,2,263.08000000000004,move,notBad
8744,6,500.9599999999999,2,263.08000000000004,2opt,notBad
8745,6,500.9599999999999,2,263.08000000000004,move,improve
8746,6,500.9599999999999,2,263.08000000000004,swap,notBad
8747,6,500.9599999999999,2,263.08000000000004,2opt,notBad
8748,6,500.9599999999999,2,263.08000000000004,swap,notBad
8749,6,500.9599999999999,2,263.08000000000004,move,improve
8750,6,500.9599999999999,2,263.08000000000004,move,improve
8751,6,500.9599999999999,2,263.08000000000004,move,improve
8752,6,500.9599999999999,2,263.08000000000004,2opt,notBad
8753,6,500.9599999999999,2,263.08000000000004,swap,notBad
8754,6,500.9599999999999,2,263.08000000000004,move,improve
8755,6,500.9599999999999,2,263.08000000000004,2opt,notBad
8756,6,500.9599999999999,2,263.08000000000004,swap,notBad
8757,6,500.9599999999999,2,263.08000000000004,swap,notBad
8758,6,500.9599999999999,2,263.08000000000004,swap,notBad
8759,6,500.9599999999999,2,263.08000000000004,move,improve
8760,6,500.9599999999999,2,263.08000000000004,move,improve
8761,6,500.9599999999999,2,263.08000000000004,swap,notBad
8762,6,500.9599999999999,2,263.08000000000004,move,improve
8763,6,500.9599999999999,2,263.08000000000004,swap,notBad
8764,6,500.9599999999999,2,263.08000000000004,swap,notBad
8765,6,500.9599999999999,2,263.08000000000004,swap,notBad
8766,6,500.9599999999999,2,263.08000000000004,2opt,notBad
8767,6,500.9599999999999,2,263.08000000000004,swap,notBad
8768,6,500.9599999999999,2,263.08000000000004,move,improve
8769,6,500.9599999999999,2,263.08000000000004,swap,notBad
8770,6,500.9599999999999,2,263.08000000000004,2opt,notBad
8771,6,500.9599999999999,2,263.08000000000004,2opt,notBad
8772,6,500.9599999999999,2,263.08000000000004,2opt,notBad
8773,6,500.9599999999999,2,263.08000000000004,swap,notBad
8774,6,500.9599999999999,2,263.08000000000004,swap,notBad
8775,6,500.9599999999999,2,263.08000000000004,swap,notBad
8776,6,500.9599999999999,2,263.08000000000004,swap,notBad
8777,6,500.9599999999999,2,263.08000000000004,swap,notBad
8778,6,500.9599999999999,2,263.08000000000004,move,improve
8779,6,500.9599999999999,2,263.08000000000004,swap,notBad
8780,6,500.9599999999999,2,263.08000000000004,move,improve
8781,6,500.9599999999999,2,263.08000000000004,swap,notBad
8782,6,500.9599999999999,2,263.08000000000004,2opt,notBad
8783,6,500.9599999999999,2,263.08000000000004,move,improve
8784,6,500.9599999999999,2,263.08000000000004,swap,notBad
8785,6,500.9599999999999,2,263.08000000000004,2opt,notBad
8786,6,500.9599999999999,2,263.08000000000004,move,improve
8787,6,500.9599999999999,2,263.08000000000004,swap,notBad
8788,6,500.9599999999999,2,263.08000000000004,move,improve
8789,6,500.9599999999999,2,263.08000000000004,2opt,improve
8790,6,500.9599999999999,2,263.08000000000004,2opt,notBad
8791,6,500.9599999999999,2,263.08000000000004,swap,notBad
8792,6,500.9599999999999,2,263.08000000000004,swap,notBad
8793,6,500.9599999999999,2,263.08000000000004,move,improve
8794,6,500.9599999999999,2,263.08000000000004,swap,notBad
8795,6,500.9599999999999,2,263.08000000000004,swap,notBad
8796,6,500.9599999999999,2,263.08000000000004,move,improve
8797,6,500.9599999999999,2,263.08000000000004,swap,notBad
8798,6,502.3599999999999,2,263.08000000000004,swap,acceptBad
8799,6,502.3599999999999,2,263.08000000000004,2opt,notBad
8800,6,502.3599999999999,2,263.08000000000004,swap,notBad
8801,6,502.3599999999999,2,263.08000000000004,swap,notBad
8802,6,502.3599999999999,2,263.08000000000004,swap,notBad
8803,6,502.3599999999999,2,263.08000000000004,2opt,improve
8804,6,502.3599999999999,2,263.08000000000004,swap,notBad
8805,6,502.3599999999999,2,263.08000000000004,2opt,notBad
8806,6,502.3599999999999,2,263.08000000000004,2opt,notBad
8807,6,502.3599999999999,2,263.08000000000004,2opt,notBad
8808,6,502.3599999999999,2,263.08000000000004,swap,notBad
8809,6,502.3599999999999,2,263.08000000000004,2opt,notBad
8810,6,502.3599999999999,2,263.08000000000004,move,improve
8811,6,502.3599999999999,2,263.08000000000004,2opt,notBad
8812,6,502.3599999999999,2,263.08000000000004,2opt,notBad
8813,6,502.3599999999999,2,263.08000000000004,move,improve
8814,6,502.3599999999999,2,263.08000000000004,move,improve
8815,6,502.3599999999999,2,263.08000000000004,move,improve
8816,6,502.3599999999999,2,263.08000000000004,swap,notBad
8817,6,502.3599999999999,2,263.08000000000004,swap,notBad
8818,6,502.3599999999999,2,263.08000000000004,move,improve
8819,6,502.3599999999999,2,263.08000000000004,move,improve
8820,6,502.3599999999999,2,263.08000000000004,2opt,notBad
8821,6,502.3599999999999,2,263.08000000000004,swap,notBad
8822,6,502.3599999999999,2,263.08000000000004,swap,notBad
8823,6,502.3599999999999,2,263.08000000000004,2opt,notBad
8824,6,502.3599999999999,2,263.08000000000004,swap,notBad
8825,6,502.3599999999999,2,263.08000000000004,swap,notBad
8826,6,502.3599999999999,2,263.08000000000004,swap,notBad
8827,6,502.3599999999999,2,263.08000000000004,2opt,notBad
8828,6,502.3599999999999,2,263.08000000000004,swap,notBad
8829,6,502.3599999999999,2,263.08000000000004,2opt,notBad
8830,6,502.3599999999999,2,263.08000000000004,move,improve
8831,6,502.3599999999999,2,263.08000000000004,move,improve
8832,6,502.3599999999999,2,263.08000000000004,swap,notBad
8833,6,502.3599999999999,2,263.08000000000004,move,improve
8834,6,502.3599999999999,2,263.08000000000004,2opt,notBad
8835,6,502.3599999999999,2,263.08000000000004,swap,notBad
8836,6,502.3599999999999,2,263.08000000000004,2opt,notBad
8837,6,502.3599999999999,2,263.08000000000004,move,improve
8838,6,502.3599999999999,2,263.08000000000004,2opt,improve
8839,6,502.3599999999999,2,263.08000000000004,2opt,notBad
8840,6,502.3599999999999,2,263.08000000000004,2opt,notBad
8841,6,502.3599999999999,2,263.08000000000004,move,improve
8842,6,502.3599999999999,2,263.08000000000004,2opt,notBad
8843,6,502.3599999999999,2,263.08000000000004,swap,notBad
8844,6,502.3599999999999,2,263.08000000000004,2opt,notBad
8845,6,502.3599999999999,2,263.08000000000004,move,improve
8846,6,502.3599999999999,2,263.08000000000004,swap,notBad
8847,6,503.28,2,263.08000000000004,swap,acceptBad
8848,6,503.28,2,263.08000000000004,swap,notBad
8849,6,503.28,2,263.08000000000004,move,improve
8850,6,503.28,2,263.08000000000004,swap,notBad
8851,6,503.28,2,263.08000000000004,swap,notBad
8852,6,503.28,2,263.08000000000004,swap,notBad
8853,6,503.28,2,263.08000000000004,swap,notBad
8854,6,503.28,2,263.08000000000004,swap,notBad
8855,6,503.28,2,263.08000000000004,move,improve
8856,6,503.28,2,263.08000000000004,swap,notBad
8857,6,503.28,2,263.08000000000004,move,improve
8858,6,503.28,2,263.08000000000004,move,improve
8859,6,503.28,2,263.08000000000004,move,improve
8860,6,503.28,2,263.08000000000004,2opt,notBad
8861,6,503.28,2,263.08000000000004,swap,notBad
8862,6,503.28,2,263.08000000000004,move,improve
8863,6,503.28,2,263.08000000000004,swap,notBad
8864,6,503.28,2,263.08000000000004,2opt,notBad
8865,6,503.28,2,263.08000000000004,2opt,notBad
8866,6,503.28,2,263.08000000000004,move,improve
8867,6,503.28,2,263.08000000000004,2opt,notBad
8868,6,503.28,2,263.08000000000004,move,improve
8869,6,503.28,2,263.08000000000004,swap,notBad
8870,6,503.28,2,263.08000000000004,2opt,notBad
8871,6,503.28,2,263.08000000000004,2opt,notBad
8872,6,503.28,2,263.08000000000004,2opt,notBad
8873,6,503.28,2,263.08000000000004,swap,notBad
8874,6,503.28,2,263.08000000000004,2opt,notBad
8875,6,503.28,2,263.08000000000004,move,improve
8876,6,503.28,2,263.08000000000004,2opt,notBad
8877,6,503.28,2,263.08000000000004,move,improve
8878,6,503.28,2,263.08000000000004,swap,notBad
8879,6,503.28,2,263.08000000000004,swap,notBad
8880,6,503.28,2,263.08000000000004,move,improve
8881,6,503.28,2,263.08000000000004,2opt,notBad
8882,6,503.28,2,263.08000000000004,swap,notBad
8883,6,503.28,2,263.08000000000004,move,improve
8884,6,503.28,2,263.08000000000004,move,improve
8885,6,503.28,2,263.08000000000004,move,improve
8886,6,503.28,2,263.08000000000004,2opt,notBad
8887,6,503.28,2,263.08000000000004,move,improve
8888,6,503.28,2,263.08000000000004,swap,notBad
8889,6,503.28,2,263.08000000000004,2opt,notBad
8890,6,503.28,2,263.08000000000004,swap,notBad
8891,6,503.28,2,263.08000000000004,swap,notBad
8892,6,503.28,2,263.08000000000004,2opt,notBad
8893,6,503.28,2,263.08000000000004,swap,notBad
8894,6,503.28,2,263.08000000000004,swap,notBad
8895,6,503.28,2,263.08000000000004,2opt,notBad
8896,6,503.28,2,263.08000000000004,move,improve
8897,6,503.28,2,263.08000000000004,2opt,notBad
8898,6,503.28,2,263.08000000000004,move,improve
8899,6,503.28,2,263.08000000000004,2opt,notBad
8900,6,503.28,2,263.08000000000004,move,improve
8901,6,503.28,2,263.08000000000004,move,improve
8902,6,503.28,2,263.08000000000004,2opt,notBad
8903,6,503.28,2,263.08000000000004,move,improve
8904,6,503.28,2,263.08000000000004,move,improve
8905,6,503.28,2,263.08000000000004,move,improve
8906,6,503.28,2,263.08000000000004,move,improve
8907,6,503.28,2,263.08000000000004,2opt,notBad
8908,6,503.28,2,263.08000000000004,move,improve
8909,6,503.28,2,263.08000000000004,move,improve
8910,6,503.28,2,263.08000000000004,swap,notBad
8911,6,503.28,2,263.08000000000004,swap,notBad
8912,6,503.28,2,263.08000000000004,2opt,notBad
8913,6,503.28,2,263.08000000000004,swap,notBad
8914,6,503.28,2,263.08000000000004,swap,notBad
8915,6,503.28,2,263.08000000000004,2opt,notBad
8916,6,503.28,2,263.08000000000004,swap,notBad
8917,6,503.28,2,263.08000000000004,swap,notBad
8918,6,503.28,2,263.08000000000004,swap,notBad
8919,6,503.28,2,263.08000000000004,2opt,notBad
8920,6,503.28,2,263.08000000000004,move,improve
8921,6,503.28,2,263.08000000000004,move,improve
8922,6,503.28,2,263.08000000000004,2opt,notBad
8923,6,503.28,2,263.08000000000004,2opt,notBad
8924,6,503.28,2,263.08000000000004,2opt,notBad
8925,6,503.28,2,263.08000000000004,2opt,notBad
8926,6,503.28,2,263.08000000000004,swap,notBad
8927,6,503.28,2,263.08000000000004,move,improve
8928,6,503.28,2,263.08000000000004,move,improve
8929,6,503.28,2,263.08000000000004,move,improve
8930,6,503.28,2,263.08000000000004,2opt,notBad
8931,6,503.28,2,263.08000000000004,move,improve
8932,6,503.28,2,263.08000000000004,move,improve
8933,6,503.28,2,263.08000000000004,swap,notBad
8934,6,503.28,2,263.08000000000004,2opt,notBad
8935,6,503.28,2,263.08000000000004,move,improve
8936,6,503.28,2,263.08000000000004,move,improve
8937,6,503.28,2,263.08000000000004,move,improve
8938,6,503.28,2,263.08000000000004,move,improve
8939,6,503.4,2,263.08000000000004,swap,acceptBad
8940,6,503.4,2,263.08000000000004,swap,notBad
8941,6,503.4,2,263.08000000000004,swap,notBad
8942,6,503.4,2,263.08000000000004,swap,notBad
8943,6,503.28,2,263.08000000000004,move,improve
8944,6,503.28,2,263.08000000000004,2opt,notBad
8945,6,503.28,2,263.08000000000004,move,improve
8946,6,503.4,2,263.08000000000004,swap,acceptBad
8947,6,503.4,2,263.08000000000004,2opt,notBad
8948,6,503.4,2,263.08000000000004,move,improve
8949,6,503.4,2,263.08000000000004,move,improve
8950,6,503.4,2,263.08000000000004,2opt,notBad
8951,6,503.4,2,263.08000000000004,move,improve
8952,6,503.4,2,263.08000000000004,move,improve
8953,6,503.4,2,263.08000000000004,move,improve
8954,6,503.4,2,263.08000000000004,2opt,notBad
8955,6,503.4,2,263.08000000000004,swap,notBad
8956,6,503.4,2,263.08000000000004,swap,notBad
8957,6,503.4,2,263.08000000000004,move,improve
8958,6,503.4,2,263.08000000000004,swap,notBad
8959,6,503.4,2,263.08000000000004,2opt,notBad
8960,6,503.4,2,263.08000000000004,move,improve
8961,6,503.4,2,263.08000000000004,swap,notBad
8962,6,503.4,2,263.08000000000004,swap,notBad
8963,6,503.4,2,263.08000000000004,swap,notBad
8964,6,503.4,2,263.08000000000004,move,improve
8965,6,503.4,2,263.08000000000004,move,improve
8966,6,503.4,2,263.08000000000004,move,improve
8967,6,503.4,2,263.08000000000004,move,improve
8968,6,503.4,2,263.08000000000004,swap,notBad
8969,6,503.4,2,263.08000000000004,swap,notBad
8970,6,503.4,2,263.08000000000004,2opt,notBad
8971,6,503.4,2,263.08000000000004,move,improve
8972,6,503.4,2,263.08000000000004,move,improve
8973,6,503.4,2,263.08000000000004,2opt,notBad
8974,6,503.4,2,263.08000000000004,swap,notBad
8975,6,503.4,2,263.08000000000004,2opt,notBad
8976,6,503.4,2,263.08000000000004,2opt,notBad
8977,6,503.4,2,263.08000000000004,swap,notBad
8978,6,503.4,2,263.08000000000004,2opt,notBad
8979,6,503.4,2,263.08000000000004,2opt,notBad
8980,6,503.4,2,263.08000000000004,swap,notBad
8981,6,503.4,2,263.08000000000004,2opt,notBad
8982,6,503.4,2,263.08000000000004,swap,notBad
8983,6,503.4,2,263.08000000000004,move,improve
8984,6,503.4,2,263.08000000000004,swap,notBad
8985,6,502.4799999999999,2,263.08000000000004,move,improve
8986,6,502.4799999999999,2,263.08000000000004,swap,notBad
8987,6,502.4799999999999,2,263.08000000000004,move,improve
8988,6,502.4799999999999,2,263.08000000000004,swap,notBad
8989,6,502.4799999999999,2,263.08000000000004,swap,notBad
8990,6,502.4799999999999,2,263.08000000000004,2opt,notBad
8991,6,502.4799999999999,2,263.08000000000004,move,improve
8992,6,502.4799999999999,2,263.08000000000004,swap,notBad
8993,6,502.4799999999999,2,263.08000000000004,2opt,notBad
8994,6,502.4799999999999,2,263.08000000000004,2opt,notBad
8995,6,502.4799999999999,2,263.08000000000004,swap,notBad
8996,6,502.4799999999999,2,263.08000000000004,swap,notBad
8997,6,502.4799999999999,2,263.08000000000004,swap,notBad
8998,6,502.4799999999999,2,263.08000000000004,move,improve
8999,6,502.5999999999991,2,263.08000000000004,swap,acceptBad
9000,6,502.5999999999991,2,263.08000000000004,2opt,notBad
9001,6,502.5999999999991,2,263.08000000000004,swap,notBad
9002,6,502.5999999999991,2,263.08000000000004,move,improve
9003,6,502.5999999999991,2,263.08000000000004,2opt,notBad
9004,6,502.5999999999991,2,263.08000000000004,2opt,notBad
9005,6,502.5999999999991,2,263.08000000000004,swap,notBad
9006,6,502.5999999999991,2,263.08000000000004,2opt,notBad
9007,6,502.5999999999991,2,263.08000000000004,2opt,notBad
9008,6,502.5999999999991,2,263.08000000000004,swap,notBad
9009,6,502.5999999999991,2,263.08000000000004,move,improve
9010,6,502.5999999999991,2,263.08000000000004,2opt,notBad
9011,6,502.5999999999991,2,263.08000000000004,move,improve
9012,6,502.4799999999991,2,263.08000000000004,move,improve
9013,6,501.8199999999994,2,263.08000000000004,swap,improve
9014,6,501.8199999999994,2,263.08000000000004,2opt,notBad
9015,6,501.8199999999994,2,263.08000000000004,swap,notBad
9016,6,501.8199999999994,2,263.08000000000004,move,improve
9017,6,501.8199999999994,2,263.08000000000004,move,notBad
9018,6,501.8199999999994,2,263.08000000000004,swap,notBad
9019,6,501.8199999999994,2,263.08000000000004,swap,notBad
9020,6,501.8199999999994,2,263.08000000000004,move,improve
9021,6,501.8199999999994,2,263.08000000000004,2opt,notBad
9022,6,501.8199999999994,2,263.08000000000004,2opt,notBad
9023,6,501.8199999999994,2,263.08000000000004,move,improve
9024,6,500.4199999999994,2,263.08000000000004,move,improve
9025,6,500.4199999999994,2,263.08000000000004,swap,notBad
9026,6,500.4199999999994,2,263.08000000000004,2opt,notBad
9027,6,500.4199999999994,2,263.08000000000004,swap,notBad
9028,6,500.4199999999994,2,263.08000000000004,swap,notBad
9029,6,500.4199999999994,2,263.08000000000004,swap,notBad
9030,6,500.4199999999994,2,263.08000000000004,swap,notBad
9031,6,500.4199999999994,2,263.08000000000004,swap,notBad
9032,6,500.4199999999994,2,263.08000000000004,move,improve
9033,6,500.4199999999994,2,263.08000000000004,2opt,notBad
9034,6,500.4199999999994,2,263.08000000000004,move,improve
9035,6,501.3399999999994,2,263.08000000000004,swap,acceptBad
9036,6,501.3399999999994,2,263.08000000000004,swap,notBad
9037,6,501.3399999999994,2,263.08000000000004,2opt,notBad
9038,6,501.3399999999994,2,263.08000000000004,move,improve
9039,6,501.3399999999994,2,263.08000000000004,move,improve
9040,6,501.3399999999994,2,263.08000000000004,2opt,notBad
9041,6,501.3399999999994,2,263.08000000000004,2opt,notBad
9042,6,501.3399999999994,2,263.08000000000004,swap,notBad
9043,6,501.3399999999994,2,263.08000000000004,swap,notBad
9044,6,501.3399999999994,2,263.08000000000004,move,improve
9045,6,501.3399999999994,2,263.08000000000004,move,improve
9046,6,501.3399999999994,2,263.08000000000004,2opt,notBad
9047,6,501.3399999999994,2,263.08000000000004,swap,notBad
9048,6,501.3399999999994,2,263.08000000000004,2opt,notBad
9049,6,501.3399999999994,2,263.08000000000004,2opt,notBad
9050,6,501.3399999999994,2,263.08000000000004,swap,notBad
9051,6,501.3399999999994,2,263.08000000000004,move,improve
9052,6,501.3399999999994,2,263.08000000000004,swap,notBad
9053,6,501.3399999999994,2,263.08000000000004,swap,notBad
9054,6,501.3399999999994,2,263.08000000000004,swap,notBad
9055,6,501.3399999999994,2,263.08000000000004,move,notBad
9056,6,501.3399999999994,2,263.08000000000004,swap,notBad
9057,6,501.3399999999994,2,263.08000000000004,move,improve
9058,6,501.3399999999994,2,263.08000000000004,2opt,notBad
9059,6,501.3399999999994,2,263.08000000000004,2opt,notBad
9060,6,501.3399999999994,2,263.08000000000004,move,improve
9061,6,501.3399999999994,2,263.08000000000004,2opt,notBad
9062,6,501.3399999999994,2,263.08000000000004,swap,notBad
9063,6,501.3399999999994,2,263.08000000000004,swap,notBad
9064,6,501.3399999999994,2,263.08000000000004,2opt,notBad
9065,6,501.3399999999994,2,263.08000000000004,move,improve
9066,6,501.3399999999994,2,263.08000000000004,move,improve
9067,6,501.3399999999994,2,263.08000000000004,swap,notBad
9068,6,501.3399999999994,2,263.08000000000004,move,improve
9069,6,501.3399999999994,2,263.08000000000004,move,improve
9070,6,501.3399999999994,2,263.08000000000004,move,improve
9071,6,501.3399999999994,2,263.08000000000004,2opt,notBad
9072,6,501.3399999999994,2,263.08000000000004,move,improve
9073,6,501.3399999999994,2,263.08000000000004,swap,notBad
9074,6,501.3399999999994,2,263.08000000000004,swap,notBad
9075,6,501.3399999999994,2,263.08000000000004,move,improve
9076,6,501.3399999999994,2,263.08000000000004,swap,notBad
9077,6,501.3399999999994,2,263.08000000000004,swap,notBad
9078,6,501.3399999999994,2,263.08000000000004,swap,notBad
9079,6,501.3399999999994,2,263.08000000000004,move,improve
9080,6,501.3399999999994,2,263.08000000000004,swap,notBad
9081,6,501.3399999999994,2,263.08000000000004,2opt,notBad
9082,6,501.3399999999994,2,263.08000000000004,move,improve
9083,6,501.3399999999994,2,263.08000000000004,swap,notBad
9084,6,501.3399999999994,2,263.08000000000004,swap,notBad
9085,6,501.3399999999994,2,263.08000000000004,move,improve
9086,6,501.3399999999994,2,263.08000000000004,swap,notBad
9087,6,501.3399999999994,2,263.08000000000004,swap,notBad
9088,6,501.3399999999994,2,263.08000000000004,2opt,notBad
9089,6,501.3399999999994,2,263.08000000000004,2opt,notBad
9090,6,501.3399999999994,2,263.08000000000004,2opt,notBad
9091,6,501.3399999999994,2,263.08000000000004,2opt,notBad
9092,6,501.3399999999994,2,263.08000000000004,move,improve
9093,6,501.3399999999994,2,263.08000000000004,2opt,notBad
9094,6,501.3399999999994,2,263.08000000000004,move,improve
9095,6,501.3399999999994,2,263.08000000000004,move,improve
9096,6,501.3399999999994,2,263.08000000000004,move,improve
9097,6,501.3399999999994,2,263.08000000000004,swap,notBad
9098,6,501.3399999999994,2,263.08000000000004,move,improve
9099,6,501.3399999999994,2,263.08000000000004,swap,notBad
9100,6,501.3399999999994,2,263.08000000000004,swap,notBad
9101,6,501.3399999999994,2,263.08000000000004,2opt,notBad
9102,6,501.3399999999994,2,263.08000000000004,swap,notBad
9103,6,501.3399999999994,2,263.08000000000004,swap,notBad
9104,6,501.3399999999994,2,263.08000000000004,2opt,notBad
9105,6,501.3399999999994,2,263.08000000000004,move,improve
9106,6,501.3399999999994,2,263.08000000000004,swap,notBad
9107,6,501.3399999999994,2,263.08000000000004,2opt,notBad
9108,6,501.3399999999994,2,263.08000000000004,move,improve
9109,6,501.3399999999994,2,263.08000000000004,2opt,notBad
9110,6,501.3399999999994,2,263.08000000000004,swap,notBad
9111,6,501.3399999999994,2,263.08000000000004,2opt,notBad
9112,6,501.3399999999994,2,263.08000000000004,swap,notBad
9113,6,501.3399999999994,2,263.08000000000004,move,improve
9114,6,501.3399999999994,2,263.08000000000004,swap,notBad
9115,6,501.3399999999994,2,263.08000000000004,2opt,notBad
9116,6,501.3399999999994,2,263.08000000000004,2opt,notBad
9117,6,501.3399999999994,2,263.08000000000004,swap,notBad
9118,6,501.3399999999994,2,263.08000000000004,move,improve
9119,6,501.3399999999994,2,263.08000000000004,swap,notBad
9120,6,501.3399999999994,2,263.08000000000004,swap,notBad
9121,6,501.3399999999994,2,263.08000000000004,2opt,notBad
9122,6,501.3399999999994,2,263.08000000000004,move,improve
9123,6,501.3399999999994,2,263.08000000000004,swap,notBad
9124,6,501.3399999999994,2,263.08000000000004,2opt,notBad
9125,6,501.3399999999994,2,263.08000000000004,move,improve
9126,6,501.3399999999994,2,263.08000000000004,swap,notBad
9127,6,501.3399999999994,2,263.08000000000004,2opt,notBad
9128,6,501.3399999999994,2,263.08000000000004,move,improve
9129,6,501.3399999999994,2,263.08000000000004,2opt,notBad
9130,6,501.3399999999994,2,263.08000000000004,move,improve
9131,6,501.3399999999994,2,263.08000000000004,2opt,notBad
9132,6,501.3399999999994,2,263.08000000000004,move,improve
9133,6,501.3399999999994,2,263.08000000000004,swap,notBad
9134,6,501.3399999999994,2,263.08000000000004,move,improve
9135,6,501.3399999999994,2,263.08000000000004,move,improve
9136,6,501.3399999999994,2,263.08000000000004,swap,notBad
9137,6,501.3399999999994,2,263.08000000000004,swap,notBad
9138,6,501.3399999999994,2,263.08000000000004,move,improve
9139,6,501.3399999999994,2,263.08000000000004,2opt,notBad
9140,6,501.3399999999994,2,263.08000000000004,move,improve
9141,6,501.3399999999994,2,263.08000000000004,move,improve
9142,6,501.3399999999994,2,263.08000000000004,swap,notBad
9143,6,501.3399999999994,2,263.08000000000004,2opt,notBad
9144,6,501.3399999999994,2,263.08000000000004,2opt,notBad
9145,6,501.3399999999994,2,263.08000000000004,2opt,notBad
9146,6,501.3399999999994,2,263.08000000000004,swap,notBad
9147,6,501.3399999999994,2,263.08000000000004,move,improve
9148,6,501.3399999999994,2,263.08000000000004,swap,notBad
9149,6,501.3399999999994,2,263.08000000000004,swap,notBad
9150,6,501.9999999999991,2,263.08000000000004,swap,acceptBad
9151,6,501.9999999999991,2,263.08000000000004,swap,notBad
9152,6,501.9999999999991,2,263.08000000000004,move,improve
9153,6,503.8399999999991,2,263.08000000000004,swap,acceptBad
9154,6,503.8399999999991,2,263.08000000000004,swap,notBad
9155,6,503.8399999999991,2,263.08000000000004,2opt,notBad
9156,6,503.8399999999991,2,263.08000000000004,move,improve
9157,6,503.8399999999991,2,263.08000000000004,swap,notBad
9158,6,503.8399999999991,2,263.08000000000004,swap,notBad
9159,6,503.8399999999991,2,263.08000000000004,swap,notBad
9160,6,503.8399999999991,2,263.08000000000004,2opt,notBad
9161,6,503.8399999999991,2,263.08000000000004,2opt,notBad
9162,6,503.8399999999991,2,263.08000000000004,2opt,notBad
9163,6,503.8399999999991,2,263.08000000000004,2opt,notBad
9164,6,503.8399999999991,2,263.08000000000004,2opt,notBad
9165,6,503.8399999999991,2,263.08000000000004,move,notBad
9166,6,502.91999999999916,2,263.08000000000004,move,improve
9167,6,502.91999999999916,2,263.08000000000004,move,improve
9168,6,502.91999999999916,2,263.08000000000004,move,improve
9169,6,502.91999999999916,2,263.08000000000004,2opt,notBad
9170,6,502.91999999999916,2,263.08000000000004,move,improve
9171,6,502.91999999999916,2,263.08000000000004,2opt,notBad
9172,6,502.91999999999916,2,263.08000000000004,move,improve
9173,6,502.91999999999916,2,263.08000000000004,swap,notBad
9174,6,502.91999999999916,2,263.08000000000004,2opt,notBad
9175,6,501.07999999999913,2,263.08000000000004,move,improve
9176,6,501.07999999999913,2,263.08000000000004,swap,notBad
9177,6,501.07999999999913,2,263.08000000000004,swap,notBad
9178,6,501.07999999999913,2,263.08000000000004,move,improve
9179,6,501.07999999999913,2,263.08000000000004,2opt,notBad
9180,6,501.07999999999913,2,263.08000000000004,swap,notBad
9181,6,501.07999999999913,2,263.08000000000004,swap,notBad
9182,6,501.07999999999913,2,263.08000000000004,move,improve
9183,6,501.07999999999913,2,263.08000000000004,swap,notBad
9184,6,501.07999999999913,2,263.08000000000004,move,improve
9185,6,501.07999999999913,2,263.08000000000004,move,improve
9186,6,501.07999999999913,2,263.08000000000004,move,improve
9187,6,501.07999999999913,2,263.08000000000004,swap,notBad
9188,6,501.07999999999913,2,263.08000000000004,move,improve
9189,6,501.07999999999913,2,263.08000000000004,move,improve
9190,6,501.07999999999913,2,263.08000000000004,move,improve
9191,6,501.07999999999913,2,263.08000000000004,swap,notBad
9192,6,501.07999999999913,2,263.08000000000004,move,improve
9193,6,501.07999999999913,2,263.08000000000004,2opt,notBad
9194,6,501.07999999999913,2,263.08000000000004,swap,notBad
9195,6,501.07999999999913,2,263.08000000000004,swap,notBad
9196,6,501.07999999999913,2,263.08000000000004,2opt,notBad
9197,6,501.07999999999913,2,263.08000000000004,move,improve
9198,6,501.07999999999913,2,263.08000000000004,swap,notBad
9199,6,501.07999999999913,2,263.08000000000004,move,improve
9200,6,501.07999999999913,2,263.08000000000004,swap,notBad
9201,6,501.07999999999913,2,263.08000000000004,move,improve
9202,6,501.07999999999913,2,263.08000000000004,2opt,notBad
9203,6,501.19999999999914,2,263.08000000000004,swap,acceptBad
9204,6,501.19999999999914,2,263.08000000000004,swap,notBad
9205,6,501.19999999999914,2,263.08000000000004,swap,notBad
9206,6,501.19999999999914,2,263.08000000000004,2opt,notBad
9207,6,501.19999999999914,2,263.08000000000004,swap,notBad
9208,6,501.19999999999914,2,263.08000000000004,2opt,notBad
9209,6,501.19999999999914,2,263.08000000000004,2opt,notBad
9210,6,501.19999999999914,2,263.08000000000004,2opt,improve
9211,6,501.19999999999914,2,263.08000000000004,move,improve
9212,6,501.19999999999914,2,263.08000000000004,move,improve
9213,6,501.19999999999914,2,263.08000000000004,swap,notBad
9214,6,501.19999999999914,2,263.08000000000004,swap,notBad
9215,6,501.19999999999914,2,263.08000000000004,move,improve
9216,6,501.19999999999914,2,263.08000000000004,move,improve
9217,6,501.19999999999914,2,263.08000000000004,move,improve
9218,6,501.19999999999914,2,263.08000000000004,2opt,notBad
9219,6,501.19999999999914,2,263.08000000000004,2opt,notBad
9220,6,501.19999999999914,2,263.08000000000004,2opt,notBad
9221,6,501.19999999999914,2,263.08000000000004,2opt,notBad
9222,6,501.19999999999914,2,263.08000000000004,swap,notBad
9223,6,501.19999999999914,2,263.08000000000004,2opt,notBad
9224,6,501.19999999999914,2,263.08000000000004,2opt,notBad
9225,6,501.19999999999914,2,263.08000000000004,swap,notBad
9226,6,501.19999999999914,2,263.08000000000004,2opt,notBad
9227,6,501.19999999999914,2,263.08000000000004,swap,notBad
9228,6,501.19999999999914,2,263.08000000000004,swap,notBad
9229,6,501.19999999999914,2,263.08000000000004,2opt,notBad
9230,6,501.19999999999914,2,263.08000000000004,swap,notBad
9231,6,501.19999999999914,2,263.08000000000004,swap,notBad
9232,6,501.19999999999914,2,263.08000000000004,2opt,notBad
9233,6,501.19999999999914,2,263.08000000000004,swap,notBad
9234,6,501.19999999999914,2,263.08000000000004,swap,notBad
9235,6,501.19999999999914,2,263.08000000000004,move,improve
9236,6,501.19999999999914,2,263.08000000000004,move,improve
9237,6,501.19999999999914,2,263.08000000000004,swap,notBad
9238,6,501.19999999999914,2,263.08000000000004,2opt,notBad
9239,6,501.19999999999914,2,263.08000000000004,move,improve
9240,6,501.19999999999914,2,263.08000000000004,move,improve
9241,6,501.19999999999914,2,263.08000000000004,swap,notBad
9242,6,501.19999999999914,2,263.08000000000004,swap,notBad
9243,6,501.19999999999914,2,263.08000000000004,2opt,notBad
9244,6,501.19999999999914,2,263.08000000000004,swap,notBad
9245,6,501.19999999999914,2,263.08000000000004,move,improve
9246,6,501.19999999999914,2,263.08000000000004,2opt,improve
9247,6,501.19999999999914,2,263.08000000000004,2opt,notBad
9248,6,501.19999999999914,2,263.08000000000004,move,improve
9249,6,501.19999999999914,2,263.08000000000004,move,improve
9250,6,501.19999999999914,2,263.08000000000004,2opt,notBad
9251,6,501.19999999999914,2,263.08000000000004,move,improve
9252,6,501.19999999999914,2,263.08000000000004,move,improve
9253,6,501.19999999999914,2,263.08000000000004,swap,notBad
9254,6,501.19999999999914,2,263.08000000000004,2opt,notBad
9255,6,501.19999999999914,2,263.08000000000004,swap,notBad
9256,6,501.19999999999914,2,263.08000000000004,2opt,notBad
9257,6,501.19999999999914,2,263.08000000000004,swap,notBad
9258,6,501.19999999999914,2,263.08000000000004,2opt,notBad
9259,6,501.19999999999914,2,263.08000000000004,2opt,improve
9260,6,501.19999999999914,2,263.08000000000004,swap,notBad
9261,6,501.19999999999914,2,263.08000000000004,move,improve
9262,6,501.19999999999914,2,263.08000000000004,swap,notBad
9263,6,501.19999999999914,2,263.08000000000004,move,improve
9264,6,501.19999999999914,2,263.08000000000004,2opt,notBad
9265,6,501.19999999999914,2,263.08000000000004,2opt,notBad
9266,6,501.19999999999914,2,263.08000000000004,swap,notBad
9267,6,501.19999999999914,2,263.08000000000004,move,improve
9268,6,501.19999999999914,2,263.08000000000004,swap,notBad
9269,6,503.03999999999917,2,263.08000000000004,swap,acceptBad
9270,6,503.03999999999917,2,263.08000000000004,2opt,notBad
9271,6,501.19999999999914,2,263.08000000000004,move,improve
9272,6,501.19999999999914,2,263.08000000000004,swap,notBad
9273,6,501.19999999999914,2,263.08000000000004,move,improve
9274,6,501.19999999999914,2,263.08000000000004,swap,notBad
9275,6,501.19999999999914,2,263.08000000000004,swap,notBad
9276,6,501.19999999999914,2,263.08000000000004,2opt,notBad
9277,6,501.19999999999914,2,263.08000000000004,2opt,notBad
9278,6,501.19999999999914,2,263.08000000000004,swap,notBad
9279,6,501.19999999999914,2,263.08000000000004,2opt,notBad
9280,6,501.19999999999914,2,263.08000000000004,2opt,notBad
9281,6,501.19999999999914,2,263.08000000000004,swap,notBad
9282,6,501.19999999999914,2,263.08000000000004,swap,notBad
9283,6,501.19999999999914,2,263.08000000000004,move,improve
9284,6,501.19999999999914,2,263.08000000000004,move,improve
9285,6,501.19999999999914,2,263.08000000000004,2opt,notBad
9286,6,501.19999999999914,2,263.08000000000004,2opt,notBad
9287,6,501.19999999999914,2,263.08000000000004,swap,notBad
9288,6,501.19999999999914,2,263.08000000000004,2opt,notBad
9289,6,501.19999999999914,2,263.08000000000004,move,improve
9290,6,501.19999999999914,2,263.08000000000004,2opt,improve
9291,6,501.19999999999914,2,263.08000000000004,2opt,notBad
9292,6,501.19999999999914,2,263.08000000000004,swap,notBad
9293,6,501.19999999999914,2,263.08000000000004,move,improve
9294,6,501.19999999999914,2,263.08000000000004,move,improve
9295,6,501.19999999999914,2,263.08000000000004,2opt,improve
9296,6,501.19999999999914,2,263.08000000000004,2opt,notBad
9297,6,501.19999999999914,2,263.08000000000004,2opt,notBad
9298,6,501.19999999999914,2,263.08000000000004,swap,notBad
9299,6,501.19999999999914,2,263.08000000000004,2opt,improve
9300,6,501.19999999999914,2,263.08000000000004,move,improve
9301,6,501.19999999999914,2,263.08000000000004,move,improve
9302,6,501.19999999999914,2,263.08000000000004,move,improve
9303,6,501.19999999999914,2,263.08000000000004,swap,notBad
9304,6,501.19999999999914,2,263.08000000000004,2opt,notBad
9305,6,501.19999999999914,2,263.08000000000004,swap,notBad
9306,6,501.07999999999913,2,263.08000000000004,move,improve
9307,6,501.07999999999913,2,263.08000000000004,swap,notBad
9308,6,501.07999999999913,2,263.08000000000004,move,improve
9309,6,501.07999999999913,2,263.08000000000004,swap,notBad
9310,6,501.07999999999913,2,263.08000000000004,move,improve
9311,6,501.07999999999913,2,263.08000000000004,swap,notBad
9312,6,501.07999999999913,2,263.08000000000004,swap,notBad
9313,6,501.07999999999913,2,263.08000000000004,2opt,notBad
9314,6,501.07999999999913,2,263.08000000000004,swap,notBad
9315,6,501.07999999999913,2,263.08000000000004,swap,notBad
9316,6,501.07999999999913,2,263.08000000000004,swap,notBad
9317,6,501.07999999999913,2,263.08000000000004,2opt,notBad
9318,6,501.07999999999913,2,263.08000000000004,move,improve
9319,6,501.07999999999913,2,263.08000000000004,move,improve
9320,6,501.07999999999913,2,263.08000000000004,2opt,notBad
9321,6,501.07999999999913,2,263.08000000000004,move,improve
9322,6,501.07999999999913,2,263.08000000000004,2opt,notBad
9323,6,501.07999999999913,2,263.08000000000004,swap,notBad
9324,6,501.07999999999913,2,263.08000000000004,swap,notBad
9325,6,501.07999999999913,2,263.08000000000004,2opt,notBad
9326,6,501.07999999999913,2,263.08000000000004,move,improve
9327,6,501.07999999999913,2,263.08000000000004,move,improve
9328,6,501.07999999999913,2,263.08000000000004,move,improve
9329,6,501.07999999999913,2,263.08000000000004,2opt,notBad
9330,6,501.07999999999913,2,263.08000000000004,2opt,notBad
9331,6,501.07999999999913,2,263.08000000000004,move,improve
9332,6,501.07999999999913,2,263.08000000000004,move,improve
9333,6,501.07999999999913,2,263.08000000000004,2opt,notBad
9334,6,501.07999999999913,2,263.08000000000004,swap,notBad
9335,6,501.07999999999913,2,263.08000000000004,swap,notBad
9336,6,501.07999999999913,2,263.08000000000004,swap,notBad
9337,6,501.07999999999913,2,263.08000000000004,swap,notBad
9338,6,501.07999999999913,2,263.08000000000004,swap,notBad
9339,6,501.19999999999914,2,263.08000000000004,swap,acceptBad
9340,6,501.19999999999914,2,263.08000000000004,swap,notBad
9341,6,501.19999999999914,2,263.08000000000004,2opt,notBad
9342,6,501.19999999999914,2,263.08000000000004,swap,notBad
9343,6,501.19999999999914,2,263.08000000000004,2opt,notBad
9344,6,501.19999999999914,2,263.08000000000004,move,improve
9345,6,501.19999999999914,2,263.08000000000004,swap,notBad
9346,6,501.19999999999914,2,263.08000000000004,move,improve
9347,6,501.19999999999914,2,263.08000000000004,swap,notBad
9348,6,501.19999999999914,2,263.08000000000004,swap,notBad
9349,6,501.19999999999914,2,263.08000000000004,2opt,notBad
9350,6,501.19999999999914,2,263.08000000000004,move,improve
9351,6,501.19999999999914,2,263.08000000000004,swap,notBad
9352,6,501.19999999999914,2,263.08000000000004,move,improve
9353,6,501.19999999999914,2,263.08000000000004,2opt,notBad
9354,6,501.19999999999914,2,263.08000000000004,move,improve
9355,6,501.19999999999914,2,263.08000000000004,move,improve
9356,6,501.19999999999914,2,263.08000000000004,move,improve
9357,6,501.19999999999914,2,263.08000000000004,2opt,notBad
9358,6,501.19999999999914,2,263.08000000000004,2opt,notBad
9359,6,501.19999999999914,2,263.08000000000004,swap,notBad
9360,6,501.19999999999914,2,263.08000000000004,move,improve
9361,6,501.19999999999914,2,263.08000000000004,move,improve
9362,6,501.19999999999914,2,263.08000000000004,move,improve
9363,6,501.0799999999999,2,263.08000000000004,swap,improve
9364,6,501.0799999999999,2,263.08000000000004,2opt,notBad
9365,6,501.0799999999999,2,263.08000000000004,swap,notBad
9366,6,501.0799999999999,2,263.08000000000004,swap,notBad
9367,6,501.0799999999999,2,263.08000000000004,swap,notBad
9368,6,501.0799999999999,2,263.08000000000004,2opt,notBad
9369,6,501.0799999999999,2,263.08000000000004,swap,notBad
9370,6,501.0799999999999,2,263.08000000000004,2opt,notBad
9371,6,501.0799999999999,2,263.08000000000004,move,improve
9372,6,501.0799999999999,2,263.08000000000004,swap,notBad
9373,6,501.0799999999999,2,263.08000000000004,2opt,notBad
9374,6,501.0799999999999,2,263.08000000000004,move,improve
9375,6,501.0799999999999,2,263.08000000000004,swap,notBad
9376,6,501.0799999999999,2,263.08000000000004,swap,notBad
9377,6,501.0799999999999,2,263.08000000000004,2opt,notBad
9378,6,501.0799999999999,2,263.08000000000004,swap,notBad
9379,6,501.0799999999999,2,263.08000000000004,swap,notBad
9380,6,501.0799999999999,2,263.08000000000004,2opt,notBad
9381,6,501.0799999999999,2,263.08000000000004,move,improve
9382,6,501.0799999999999,2,263.08000000000004,move,improve
9383,6,501.0799999999999,2,263.08000000000004,swap,notBad
9384,6,501.0799999999999,2,263.08000000000004,swap,notBad
9385,6,501.0799999999999,2,263.08000000000004,2opt,notBad
9386,6,501.0799999999999,2,263.08000000000004,move,improve
9387,6,501.0799999999999,2,263.08000000000004,2opt,notBad
9388,6,501.0799999999999,2,263.08000000000004,swap,notBad
9389,6,501.0799999999999,2,263.08000000000004,move,improve
9390,6,501.0799999999999,2,263.08000000000004,move,improve
9391,6,501.0799999999999,2,263.08000000000004,move,improve
9392,6,501.0799999999999,2,263.08000000000004,swap,notBad
9393,6,501.0799999999999,2,263.08000000000004,2opt,notBad
9394,6,500.9599999999999,2,263.08000000000004,move,improve
9395,6,500.9599999999999,2,263.08000000000004,swap,notBad
9396,6,500.9599999999999,2,263.08000000000004,move,improve
9397,6,500.9599999999999,2,263.08000000000004,2opt,notBad
9398,6,500.9599999999999,2,263.08000000000004,swap,notBad
9399,6,500.9599999999999,2,263.08000000000004,move,improve
9400,6,500.9599999999999,2,263.08000000000004,2opt,notBad
9401,6,500.9599999999999,2,263.08000000000004,move,improve
9402,6,500.9599999999999,2,263.08000000000004,2opt,notBad
9403,6,500.9599999999999,2,263.08000000000004,move,improve
9404,6,500.9599999999999,2,263.08000000000004,swap,notBad
9405,6,500.9599999999999,2,263.08000000000004,2opt,notBad
9406,6,500.9599999999999,2,263.08000000000004,2opt,notBad
9407,6,500.9599999999999,2,263.08000000000004,2opt,improve
9408,6,500.9599999999999,2,263.08000000000004,move,improve
9409,6,500.9599999999999,2,263.08000000000004,2opt,notBad
9410,6,500.9599999999999,2,263.08000000000004,2opt,notBad
9411,6,500.9599999999999,2,263.08000000000004,move,improve
9412,6,500.9599999999999,2,263.08000000000004,move,improve
9413,6,500.9599999999999,2,263.08000000000004,swap,notBad
9414,6,500.9599999999999,2,263.08000000000004,move,improve
9415,6,500.9599999999999,2,263.08000000000004,move,improve
9416,6,500.9599999999999,2,263.08000000000004,move,improve
9417,6,500.9599999999999,2,263.08000000000004,2opt,notBad
9418,6,500.9599999999999,2,263.08000000000004,swap,notBad
9419,6,500.9599999999999,2,263.08000000000004,2opt,notBad
9420,6,500.9599999999999,2,263.08000000000004,swap,notBad
9421,6,500.9599999999999,2,263.08000000000004,move,improve
9422,6,500.9599999999999,2,263.08000000000004,2opt,notBad
9423,6,500.9599999999999,2,263.08000000000004,move,improve
9424,6,500.9599999999999,2,263.08000000000004,move,improve
9425,6,500.9599999999999,2,263.08000000000004,swap,notBad
9426,6,500.9599999999999,2,263.08000000000004,move,improve
9427,6,500.9599999999999,2,263.08000000000004,2opt,notBad
9428,6,500.9599999999999,2,263.08000000000004,swap,notBad
9429,6,500.9599999999999,2,263.08000000000004,2opt,notBad
9430,6,500.9599999999999,2,263.08000000000004,swap,notBad
9431,6,500.9599999999999,2,263.08000000000004,move,improve
9432,6,500.9599999999999,2,263.08000000000004,2opt,notBad
9433,6,500.9599999999999,2,263.08000000000004,move,improve
9434,6,500.9599999999999,2,263.08000000000004,swap,notBad
9435,6,500.9599999999999,2,263.08000000000004,move,improve
9436,6,500.9599999999999,2,263.08000000000004,2opt,notBad
9437,6,500.9599999999999,2,263.08000000000004,swap,notBad
9438,6,500.9599999999999,2,263.08000000000004,swap,notBad
9439,6,500.9599999999999,2,263.08000000000004,swap,notBad
9440,6,500.9599999999999,2,263.08000000000004,swap,notBad
9441,6,500.9599999999999,2,263.08000000000004,swap,notBad
9442,6,500.9599999999999,2,263.08000000000004,move,improve
9443,6,500.9599999999999,2,263.08000000000004,swap,notBad
9444,6,500.9599999999999,2,263.08000000000004,swap,notBad
9445,6,500.9599999999999,2,263.08000000000004,swap,notBad
9446,6,500.9599999999999,2,263.08000000000004,2opt,notBad
9447,6,500.9599999999999,2,263.08000000000004,swap,notBad
9448,6,500.9599999999999,2,263.08000000000004,2opt,notBad
9449,6,500.9599999999999,2,263.08000000000004,2opt,notBad
9450,6,500.9599999999999,2,263.08000000000004,move,improve
9451,6,500.9599999999999,2,263.08000000000004,swap,notBad
9452,6,500.9599999999999,2,263.08000000000004,move,improve
9453,6,500.9599999999999,2,263.08000000000004,2opt,notBad
9454,6,500.9599999999999,2,263.08000000000004,swap,notBad
9455,6,500.9599999999999,2,263.08000000000004,2opt,notBad
9456,6,500.9599999999999,2,263.08000000000004,move,improve
9457,6,500.9599999999999,2,263.08000000000004,move,improve
9458,6,500.9599999999999,2,263.08000000000004,2opt,notBad
9459,6,500.9599999999999,2,263.08000000000004,move,improve
9460,6,500.9599999999999,2,263.08000000000004,move,improve
9461,6,500.9599999999999,2,263.08000000000004,2opt,notBad
9462,6,500.9599999999999,2,263.08000000000004,swap,notBad
9463,6,500.9599999999999,2,263.08000000000004,swap,notBad
9464,6,500.9599999999999,2,263.08000000000004,2opt,notBad
9465,6,500.9599999999999,2,263.08000000000004,swap,notBad
9466,6,500.9599999999999,2,263.08000000000004,swap,notBad
9467,6,500.9599999999999,2,263.08000000000004,swap,notBad
9468,6,500.9599999999999,2,263.08000000000004,2opt,notBad
9469,6,500.9599999999999,2,263.08000000000004,swap,notBad
9470,6,500.9599999999999,2,263.08000000000004,2opt,notBad
9471,6,500.9599999999999,2,263.08000000000004,swap,notBad
9472,6,500.9599999999999,2,263.08000000000004,move,improve
9473,6,500.9599999999999,2,263.08000000000004,swap,notBad
9474,6,500.9599999999999,2,263.08000000000004,move,improve
9475,6,500.9599999999999,2,263.08000000000004,2opt,notBad
9476,6,500.9599999999999,2,263.08000000000004,2opt,notBad
9477,6,500.9599999999999,2,263.08000000000004,swap,notBad
9478,6,500.9599999999999,2,263.08000000000004,swap,notBad
9479,6,500.9599999999999,2,263.08000000000004,move,improve
9480,6,500.9599999999999,2,263.08000000000004,2opt,notBad
9481,6,500.9599999999999,2,263.08000000000004,swap,notBad
9482,6,500.9599999999999,2,263.08000000000004,move,improve
9483,6,500.9599999999999,2,263.08000000000004,swap,notBad
9484,6,500.9599999999999,2,263.08000000000004,2opt,notBad
9485,6,500.9599999999999,2,263.08000000000004,2opt,notBad
9486,6,500.9599999999999,2,263.08000000000004,2opt,notBad
9487,6,500.9599999999999,2,263.08000000000004,swap,notBad
9488,6,500.9599999999999,2,263.08000000000004,swap,notBad
9489,6,500.9599999999999,2,263.08000000000004,swap,notBad
9490,6,500.9599999999999,2,263.08000000000004,swap,notBad
9491,6,500.9599999999999,2,263.08000000000004,move,improve
9492,6,500.9599999999999,2,263.08000000000004,2opt,notBad
9493,6,500.9599999999999,2,263.08000000000004,2opt,notBad
9494,6,500.9599999999999,2,263.08000000000004,swap,notBad
9495,6,500.9599999999999,2,263.08000000000004,swap,notBad
9496,6,500.9599999999999,2,263.08000000000004,swap,notBad
9497,6,500.9599999999999,2,263.08000000000004,swap,notBad
9498,6,500.9599999999999,2,263.08000000000004,2opt,notBad
9499,6,500.9599999999999,2,263.08000000000004,2opt,notBad
9500,6,500.9599999999999,2,263.08000000000004,swap,notBad
9501,6,500.9599999999999,2,263.08000000000004,swap,notBad
9502,6,500.9599999999999,2,263.08000000000004,2opt,notBad
9503,6,500.9599999999999,2,263.08000000000004,swap,notBad
9504,6,500.9599999999999,2,263.08000000000004,move,improve
9505,6,500.9599999999999,2,263.08000000000004,2opt,improve
9506,6,500.9599999999999,2,263.08000000000004,move,improve
9507,6,500.9599999999999,2,263.08000000000004,2opt,improve
9508,6,500.9599999999999,2,263.08000000000004,swap,notBad
9509,6,500.9599999999999,2,263.08000000000004,2opt,notBad
9510,6,500.9599999999999,2,263.08000000000004,swap,notBad
9511,6,500.9599999999999,2,263.08000000000004,swap,notBad
9512,6,500.9599999999999,2,263.08000000000004,2opt,notBad
9513,6,500.9599999999999,2,263.08000000000004,2opt,notBad
9514,6,500.9599999999999,2,263.08000000000004,swap,notBad
9515,6,500.9599999999999,2,263.08000000000004,move,improve
9516,6,500.9599999999999,2,263.08000000000004,2opt,notBad
9517,6,500.9599999999999,2,263.08000000000004,move,improve
9518,6,500.9599999999999,2,263.08000000000004,move,improve
9519,6,500.9599999999999,2,263.08000000000004,swap,notBad
9520,6,500.9599999999999,2,263.08000000000004,2opt,notBad
9521,6,500.9599999999999,2,263.08000000000004,swap,notBad
9522,6,500.9599999999999,2,263.08000000000004,move,improve
9523,6,500.9599999999999,2,263.08000000000004,move,improve
9524,6,500.9599999999999,2,263.08000000000004,swap,notBad
9525,6,500.9599999999999,2,263.08000000000004,2opt,notBad
9526,6,500.9599999999999,2,263.08000000000004,2opt,notBad
9527,6,500.9599999999999,2,263.08000000000004,move,improve
9528,6,500.9599999999999,2,263.08000000000004,2opt,notBad
9529,6,500.9599999999999,2,263.08000000000004,swap,notBad
9530,6,500.9599999999999,2,263.08000000000004,move,improve
9531,6,500.9599999999999,2,263.08000000000004,swap,notBad
9532,6,500.9599999999999,2,263.08000000000004,2opt,notBad
9533,6,500.9599999999999,2,263.08000000000004,swap,notBad
9534,6,500.9599999999999,2,263.08000000000004,move,improve
9535,6,500.9599999999999,2,263.08000000000004,swap,notBad
9536,6,500.9599999999999,2,263.08000000000004,swap,notBad
9537,6,500.9599999999999,2,263.08000000000004,swap,notBad
9538,6,500.9599999999999,2,263.08000000000004,2opt,notBad
9539,6,500.9599999999999,2,263.08000000000004,2opt,notBad
9540,6,500.9599999999999,2,263.08000000000004,move,improve
9541,6,500.9599999999999,2,263.08000000000004,2opt,notBad
9542,6,500.9599999999999,2,263.08000000000004,2opt,notBad
9543,6,500.9599999999999,2,263.08000000000004,move,improve
9544,6,500.9599999999999,2,263.08000000000004,2opt,notBad
9545,6,500.9599999999999,2,263.08000000000004,swap,notBad
9546,6,500.9599999999999,2,263.08000000000004,swap,notBad
9547,6,500.9599999999999,2,263.08000000000004,swap,notBad
9548,6,500.9599999999999,2,263.08000000000004,2opt,notBad
9549,6,500.9599999999999,2,263.08000000000004,2opt,notBad
9550,6,500.9599999999999,2,263.08000000000004,move,improve
9551,6,500.9599999999999,2,263.08000000000004,move,improve
9552,6,500.9599999999999,2,263.08000000000004,2opt,notBad
9553,6,500.9599999999999,2,263.08000000000004,swap,notBad
9554,6,500.9599999999999,2,263.08000000000004,swap,notBad
9555,6,500.9599999999999,2,263.08000000000004,move,improve
9556,6,500.9599999999999,2,263.08000000000004,2opt,notBad
9557,6,500.9599999999999,2,263.08000000000004,2opt,notBad
9558,6,500.9599999999999,2,263.08000000000004,move,improve
9559,6,500.9599999999999,2,263.08000000000004,swap,notBad
9560,6,500.9599999999999,2,263.08000000000004,2opt,notBad
9561,6,500.9599999999999,2,263.08000000000004,move,improve
9562,6,500.9599999999999,2,263.08000000000004,move,improve
9563,6,500.9599999999999,2,263.08000000000004,2opt,notBad
9564,6,500.9599999999999,2,263.08000000000004,2opt,notBad
9565,6,500.9599999999999,2,263.08000000000004,2opt,notBad
9566,6,500.9599999999999,2,263.08000000000004,2opt,notBad
9567,6,500.9599999999999,2,263.08000000000004,swap,notBad
9568,6,500.9599999999999,2,263.08000000000004,move,improve
9569,6,500.9599999999999,2,263.08000000000004,2opt,notBad
9570,6,500.9599999999999,2,263.08000000000004,move,improve
9571,6,500.9599999999999,2,263.08000000000004,2opt,improve
9572,6,500.9599999999999,2,263.08000000000004,swap,notBad
9573,6,500.9599999999999,2,263.08000000000004,swap,notBad
9574,6,500.9599999999999,2,263.08000000000004,swap,notBad
9575,6,500.9599999999999,2,263.08000000000004,swap,notBad
9576,6,500.9599999999999,2,263.08000000000004,swap,notBad
9577,6,500.9599999999999,2,263.08000000000004,swap,notBad
9578,6,500.9599999999999,2,263.08000000000004,move,improve
9579,6,500.9599999999999,2,263.08000000000004,move,improve
9580,6,500.9599999999999,2,263.08000000000004,2opt,notBad
9581,6,500.9599999999999,2,263.08000000000004,2opt,notBad
9582,6,500.9599999999999,2,263.08000000000004,2opt,notBad
9583,6,500.9599999999999,2,263.08000000000004,move,improve
9584,6,500.9599999999999,2,263.08000000000004,move,improve
9585,6,500.9599999999999,2,263.08000000000004,move,improve
9586,6,500.9599999999999,2,263.08000000000004,swap,notBad
9587,6,500.9599999999999,2,263.08000000000004,swap,notBad
9588,6,500.9599999999999,2,263.08000000000004,2opt,notBad
9589,6,500.9599999999999,2,263.08000000000004,move,improve
9590,6,500.9599999999999,2,263.08000000000004,2opt,notBad
9591,6,500.9599999999999,2,263.08000000000004,2opt,notBad
9592,6,500.9599999999999,2,263.08000000000004,move,improve
9593,6,500.9599999999999,2,263.08000000000004,swap,notBad
9594,6,500.9599999999999,2,263.08000000000004,swap,notBad
9595,6,500.9599999999999,2,263.08000000000004,2opt,notBad
9596,6,500.9599999999999,2,263.08000000000004,move,improve
9597,6,500.9599999999999,2,263.08000000000004,2opt,notBad
9598,6,500.9599999999999,2,263.08000000000004,move,improve
9599,6,500.9599999999999,2,263.08000000000004,swap,notBad
9600,6,500.9599999999999,2,263.08000000000004,swap,notBad
9601,6,500.9599999999999,2,263.08000000000004,move,improve
9602,6,500.9599999999999,2,263.08000000000004,2opt,notBad
9603,6,500.9599999999999,2,263.08000000000004,2opt,notBad
9604,6,500.9599999999999,2,263.08000000000004,move,improve
9605,6,500.9599999999999,2,263.08000000000004,swap,notBad
9606,6,500.9599999999999,2,263.08000000000004,2opt,notBad
9607,6,500.9599999999999,2,263.08000000000004,swap,notBad
9608,6,500.9599999999999,2,263.08000000000004,swap,notBad
9609,6,500.9599999999999,2,263.08000000000004,2opt,notBad
9610,6,500.9599999999999,2,263.08000000000004,swap,notBad
9611,6,500.9599999999999,2,263.08000000000004,move,improve
9612,6,500.9599999999999,2,263.08000000000004,2opt,notBad
9613,6,500.9599999999999,2,263.08000000000004,2opt,notBad
9614,6,500.9599999999999,2,263.08000000000004,2opt,notBad
9615,6,500.9599999999999,2,263.08000000000004,2opt,notBad
9616,6,500.9599999999999,2,263.08000000000004,2opt,notBad
9617,6,500.9599999999999,2,263.08000000000004,move,improve
9618,6,500.9599999999999,2,263.08000000000004,2opt,notBad
9619,6,500.9599999999999,2,263.08000000000004,move,improve
9620,6,500.9599999999999,2,263.08000000000004,2opt,notBad
9621,6,500.9599999999999,2,263.08000000000004,swap,notBad
9622,6,500.9599999999999,2,263.08000000000004,swap,notBad
9623,6,500.9599999999999,2,263.08000000000004,move,improve
9624,6,500.9599999999999,2,263.08000000000004,swap,notBad
9625,6,500.9599999999999,2,263.08000000000004,2opt,notBad
9626,6,500.9599999999999,2,263.08000000000004,move,improve
9627,6,500.9599999999999,2,263.08000000000004,2opt,notBad
9628,6,500.9599999999999,2,263.08000000000004,move,improve
9629,6,500.9599999999999,2,263.08000000000004,move,improve
9630,6,500.9599999999999,2,263.08000000000004,move,improve
9631,6,500.9599999999999,2,263.08000000000004,move,improve
9632,6,500.9599999999999,2,263.08000000000004,2opt,improve
9633,6,500.9599999999999,2,263.08000000000004,2opt,notBad
9634,6,500.9599999999999,2,263.08000000000004,2opt,notBad
9635,6,500.9599999999999,2,263.08000000000004,2opt,notBad
9636,6,500.9599999999999,2,263.08000000000004,swap,notBad
9637,6,500.9599999999999,2,263.08000000000004,2opt,notBad
9638,6,500.9599999999999,2,263.08000000000004,move,improve
9639,6,500.9599999999999,2,263.08000000000004,move,improve
9640,6,500.9599999999999,2,263.08000000000004,swap,notBad
9641,6,500.9599999999999,2,263.08000000000004,move,improve
9642,6,500.9599999999999,2,263.08000000000004,2opt,notBad
9643,6,500.9599999999999,2,263.08000000000004,swap,notBad
9644,6,500.9599999999999,2,263.08000000000004,swap,notBad
9645,6,500.9599999999999,2,263.08000000000004,2opt,notBad
9646,6,500.9599999999999,2,263.08000000000004,2opt,notBad
9647,6,500.9599999999999,2,263.08000000000004,swap,notBad
9648,6,500.9599999999999,2,263.08000000000004,2opt,notBad
9649,6,500.9599999999999,2,263.08000000000004,move,improve
9650,6,500.9599999999999,2,263.08000000000004,move,improve
9651,6,500.9599999999999,2,263.08000000000004,2opt,notBad
9652,6,500.9599999999999,2,263.08000000000004,swap,notBad
9653,6,500.9599999999999,2,263.08000000000004,swap,notBad
9654,6,500.9599999999999,2,263.08000000000004,move,improve
9655,6,500.9599999999999,2,263.08000000000004,move,improve
9656,6,500.9599999999999,2,263.08000000000004,move,improve
9657,6,500.9599999999999,2,263.08000000000004,2opt,notBad
9658,6,500.9599999999999,2,263.08000000000004,swap,notBad
9659,6,500.9599999999999,2,263.08000000000004,swap,notBad
9660,6,500.9599999999999,2,263.08000000000004,2opt,notBad
9661,6,500.9599999999999,2,263.08000000000004,swap,notBad
9662,6,500.9599999999999,2,263.08000000000004,swap,notBad
9663,6,500.9599999999999,2,263.08000000000004,2opt,notBad
9664,6,500.9599999999999,2,263.08000000000004,swap,notBad
9665,6,500.9599999999999,2,263.08000000000004,swap,notBad
9666,6,500.9599999999999,2,263.08000000000004,swap,notBad
9667,6,500.9599999999999,2,263.08000000000004,swap,notBad
9668,6,500.9599999999999,2,263.08000000000004,2opt,notBad
9669,6,500.9599999999999,2,263.08000000000004,move,improve
9670,6,500.9599999999999,2,263.08000000000004,move,improve
9671,6,500.9599999999999,2,263.08000000000004,move,improve
9672,6,500.9599999999999,2,263.08000000000004,2opt,notBad
9673,6,500.9599999999999,2,263.08000000000004,2opt,notBad
9674,6,500.9599999999999,2,263.08000000000004,swap,notBad
9675,6,500.9599999999999,2,263.08000000000004,move,improve
9676,6,500.9599999999999,2,263.08000000000004,move,improve
9677,6,500.9599999999999,2,263.08000000000004,swap,notBad
9678,6,500.9599999999999,2,263.08000000000004,swap,notBad
9679,6,500.9599999999999,2,263.08000000000004,2opt,notBad
9680,6,500.9599999999999,2,263.08000000000004,move,improve
9681,6,500.9599999999999,2,263.08000000000004,2opt,notBad
9682,6,500.9599999999999,2,263.08000000000004,2opt,notBad
9683,6,500.9599999999999,2,263.08000000000004,move,improve
9684,6,500.9599999999999,2,263.08000000000004,swap,notBad
9685,6,500.9599999999999,2,263.08000000000004,2opt,notBad
9686,6,500.9599999999999,2,263.08000000000004,move,improve
9687,6,500.9599999999999,2,263.08000000000004,swap,notBad
9688,6,500.9599999999999,2,263.08000000000004,swap,notBad
9689,6,500.9599999999999,2,263.08000000000004,swap,notBad
9690,6,500.9599999999999,2,263.08000000000004,2opt,notBad
9691,6,500.9599999999999,2,263.08000000000004,move,improve
9692,6,500.9599999999999,2,263.08000000000004,swap,notBad
9693,6,500.9599999999999,2,263.08000000000004,swap,notBad
9694,6,500.9599999999999,2,263.08000000000004,move,improve
9695,6,500.9599999999999,2,263.08000000000004,swap,notBad
9696,6,500.9599999999999,2,263.08000000000004,move,improve
9697,6,500.9599999999999,2,263.08000000000004,swap,notBad
9698,6,500.9599999999999,2,263.08000000000004,move,improve
9699,6,500.9599999999999,2,263.08000000000004,move,improve
9700,6,500.9599999999999,2,263.08000000000004,2opt,notBad
9701,6,500.9599999999999,2,263.08000000000004,move,improve
9702,6,500.9599999999999,2,263.08000000000004,2opt,notBad
9703,6,500.9599999999999,2,263.08000000000004,swap,notBad
9704,6,500.9599999999999,2,263.08000000000004,move,improve
9705,6,500.9599999999999,2,263.08000000000004,move,notBad
9706,6,500.9599999999999,2,263.08000000000004,move,improve
9707,6,500.9599999999999,2,263.08000000000004,2opt,notBad
9708,6,500.9599999999999,2,263.08000000000004,swap,notBad
9709,6,500.9599999999999,2,263.08000000000004,swap,notBad
9710,6,500.9599999999999,2,263.08000000000004,swap,notBad
9711,6,500.9599999999999,2,263.08000000000004,swap,notBad
9712,6,500.9599999999999,2,263.08000000000004,move,improve
9713,6,500.9599999999999,2,263.08000000000004,swap,notBad
9714,6,500.9599999999999,2,263.08000000000004,2opt,notBad
9715,6,500.9599999999999,2,263.08000000000004,move,improve
9716,6,500.9599999999999,2,263.08000000000004,2opt,notBad
9717,6,500.9599999999999,2,263.08000000000004,2opt,notBad
9718,6,500.9599999999999,2,263.08000000000004,2opt,notBad
9719,6,500.9599999999999,2,263.08000000000004,swap,notBad
9720,6,500.9599999999999,2,263.08000000000004,move,improve
9721,6,500.9599999999999,2,263.08000000000004,move,improve
9722,6,500.9599999999999,2,263.08000000000004,move,improve
9723,6,500.9599999999999,2,263.08000000000004,2opt,notBad
9724,6,500.9599999999999,2,263.08000000000004,2opt,notBad
9725,6,500.9599999999999,2,263.08000000000004,2opt,notBad
9726,6,500.9599999999999,2,263.08000000000004,move,improve
9727,6,500.9599999999999,2,263.08000000000004,swap,notBad
9728,6,500.9599999999999,2,263.08000000000004,2opt,notBad
9729,6,500.9599999999999,2,263.08000000000004,2opt,notBad
9730,6,501.73999999999995,2,263.08000000000004,swap,acceptBad
9731,6,501.73999999999995,2,263.08000000000004,move,improve
9732,6,501.73999999999995,2,263.08000000000004,move,improve
9733,6,501.73999999999995,2,263.08000000000004,swap,notBad
9734,6,501.73999999999995,2,263.08000000000004,swap,notBad
9735,6,501.73999999999995,2,263.08000000000004,swap,notBad
9736,6,501.73999999999995,2,263.08000000000004,swap,notBad
9737,6,501.73999999999995,2,263.08000000000004,2opt,notBad
9738,6,501.73999999999995,2,263.08000000000004,move,improve
9739,6,501.73999999999995,2,263.08000000000004,swap,notBad
9740,6,501.73999999999995,2,263.08000000000004,swap,notBad
9741,6,501.73999999999995,2,263.08000000000004,move,improve
9742,6,501.73999999999995,2,263.08000000000004,swap,notBad
9743,6,501.73999999999995,2,263.08000000000004,swap,notBad
9744,6,501.73999999999995,2,263.08000000000004,swap,notBad
9745,6,501.73999999999995,2,263.08000000000004,swap,notBad
9746,6,501.73999999999995,2,263.08000000000004,move,improve
9747,6,501.73999999999995,2,263.08000000000004,move,improve
9748,6,501.73999999999995,2,263.08000000000004,2opt,notBad
9749,6,501.73999999999995,2,263.08000000000004,2opt,notBad
9750,6,501.73999999999995,2,263.08000000000004,swap,notBad
9751,6,501.73999999999995,2,263.08000000000004,move,improve
9752,6,501.73999999999995,2,263.08000000000004,swap,notBad
9753,6,501.73999999999995,2,263.08000000000004,move,improve
9754,6,501.73999999999995,2,263.08000000000004,move,improve
9755,6,501.73999999999995,2,263.08000000000004,move,improve
9756,6,501.73999999999995,2,263.08000000000004,swap,notBad
9757,6,501.73999999999995,2,263.08000000000004,2opt,notBad
9758,6,501.73999999999995,2,263.08000000000004,swap,notBad
9759,6,501.73999999999995,2,263.08000000000004,move,improve
9760,6,501.73999999999995,2,263.08000000000004,2opt,notBad
9761,6,501.73999999999995,2,263.08000000000004,swap,notBad
9762,6,501.73999999999995,2,263.08000000000004,2opt,notBad
9763,6,501.73999999999995,2,263.08000000000004,move,improve
9764,6,501.73999999999995,2,263.08000000000004,move,improve
9765,6,501.73999999999995,2,263.08000000000004,2opt,notBad
9766,6,501.73999999999995,2,263.08000000000004,2opt,notBad
9767,6,501.73999999999995,2,263.08000000000004,swap,notBad
9768,6,501.73999999999995,2,263.08000000000004,swap,notBad
9769,6,501.73999999999995,2,263.08000000000004,move,improve
9770,6,501.73999999999995,2,263.08000000000004,swap,notBad
9771,6,501.73999999999995,2,263.08000000000004,swap,notBad
9772,6,501.73999999999995,2,263.08000000000004,move,improve
9773,6,501.73999999999995,2,263.08000000000004,swap,notBad
9774,6,501.73999999999995,2,263.08000000000004,swap,notBad
9775,6,501.73999999999995,2,263.08000000000004,2opt,notBad
9776,6,501.73999999999995,2,263.08000000000004,move,improve
9777,6,501.73999999999995,2,263.08000000000004,swap,notBad
9778,6,501.73999999999995,2,263.08000000000004,move,improve
9779,6,501.73999999999995,2,263.08000000000004,2opt,notBad
9780,6,501.73999999999995,2,263.08000000000004,swap,notBad
9781,6,501.73999999999995,2,263.08000000000004,swap,notBad
9782,6,501.73999999999995,2,263.08000000000004,swap,notBad
9783,6,501.73999999999995,2,263.08000000000004,swap,notBad
9784,6,501.73999999999995,2,263.08000000000004,2opt,notBad
9785,6,501.73999999999995,2,263.08000000000004,move,improve
9786,6,501.73999999999995,2,263.08000000000004,move,improve
9787,6,501.73999999999995,2,263.08000000000004,swap,notBad
9788,6,501.73999999999995,2,263.08000000000004,2opt,notBad
9789,6,501.73999999999995,2,263.08000000000004,swap,notBad
9790,6,501.73999999999995,2,263.08000000000004,swap,notBad
9791,6,501.73999999999995,2,263.08000000000004,2opt,notBad
9792,6,501.73999999999995,2,263.08000000000004,swap,notBad
9793,6,501.73999999999995,2,263.08000000000004,swap,notBad
9794,6,501.73999999999995,2,263.08000000000004,move,improve
9795,6,501.73999999999995,2,263.08000000000004,2opt,notBad
9796,6,501.73999999999995,2,263.08000000000004,move,improve
9797,6,501.73999999999995,2,263.08000000000004,move,improve
9798,6,501.73999999999995,2,263.08000000000004,move,improve
9799,6,501.73999999999995,2,263.08000000000004,2opt,notBad
9800,6,501.73999999999995,2,263.08000000000004,2opt,notBad
9801,6,501.73999999999995,2,263.08000000000004,move,improve
9802,6,501.73999999999995,2,263.08000000000004,move,improve
9803,6,501.73999999999995,2,263.08000000000004,move,improve
9804,6,501.73999999999995,2,263.08000000000004,swap,notBad
9805,6,501.73999999999995,2,263.08000000000004,move,improve
9806,6,501.73999999999995,2,263.08000000000004,2opt,notBad
9807,6,501.73999999999995,2,263.08000000000004,2opt,notBad
9808,6,501.73999999999995,2,263.08000000000004,swap,notBad
9809,6,501.73999999999995,2,263.08000000000004,2opt,improve
9810,6,501.73999999999995,2,263.08000000000004,move,improve
9811,6,501.73999999999995,2,263.08000000000004,swap,notBad
9812,6,501.73999999999995,2,263.08000000000004,swap,notBad
9813,6,501.73999999999995,2,263.08000000000004,move,improve
9814,6,501.73999999999995,2,263.08000000000004,move,improve
9815,6,501.73999999999995,2,263.08000000000004,2opt,notBad
9816,6,501.73999999999995,2,263.08000000000004,move,improve
9817,6,501.73999999999995,2,263.08000000000004,2opt,notBad
9818,6,501.73999999999995,2,263.08000000000004,move,improve
9819,6,501.73999999999995,2,263.08000000000004,2opt,notBad
9820,6,501.73999999999995,2,263.08000000000004,swap,notBad
9821,6,501.73999999999995,2,263.08000000000004,move,improve
9822,6,501.73999999999995,2,263.08000000000004,swap,notBad
9823,6,501.73999999999995,2,263.08000000000004,2opt,notBad
9824,6,501.73999999999995,2,263.08000000000004,move,improve
9825,6,501.73999999999995,2,263.08000000000004,move,improve
9826,6,501.73999999999995,2,263.08000000000004,2opt,notBad
9827,6,501.73999999999995,2,263.08000000000004,swap,notBad
9828,6,501.73999999999995,2,263.08000000000004,move,improve
9829,6,501.73999999999995,2,263.08000000000004,2opt,notBad
9830,6,500.4199999999994,2,263.08000000000004,swap,improve
9831,6,500.4199999999994,2,263.08000000000004,swap,notBad
9832,6,500.4199999999994,2,263.08000000000004,2opt,notBad
9833,6,500.4199999999994,2,263.08000000000004,move,improve
9834,6,500.4199999999994,2,263.08000000000004,swap,notBad
9835,6,500.4199999999994,2,263.08000000000004,swap,notBad
9836,6,500.4199999999994,2,263.08000000000004,2opt,notBad
9837,6,500.4199999999994,2,263.08000000000004,move,improve
9838,6,500.4199999999994,2,263.08000000000004,move,improve
9839,6,500.4199999999994,2,263.08000000000004,swap,notBad
9840,6,500.4199999999994,2,263.08000000000004,2opt,notBad
9841,6,500.4199999999994,2,263.08000000000004,move,improve
9842,6,500.4199999999994,2,263.08000000000004,swap,notBad
9843,6,500.4199999999994,2,263.08000000000004,swap,notBad
9844,6,500.4199999999994,2,263.08000000000004,move,improve
9845,6,500.4199999999994,2,263.08000000000004,swap,notBad
9846,6,500.4199999999994,2,263.08000000000004,swap,notBad
9847,6,500.4199999999994,2,263.08000000000004,2opt,notBad
9848,6,500.4199999999994,2,263.08000000000004,2opt,notBad
9849,6,500.4199999999994,2,263.08000000000004,2opt,notBad
9850,6,500.4199999999994,2,263.08000000000004,swap,notBad
9851,6,500.4199999999994,2,263.08000000000004,2opt,notBad
9852,6,500.4199999999994,2,263.08000000000004,swap,notBad
9853,6,500.4199999999994,2,263.08000000000004,swap,notBad
9854,6,500.4199999999994,2,263.08000000000004,move,improve
9855,6,500.4199999999994,2,263.08000000000004,2opt,notBad
9856,6,500.4199999999994,2,263.08000000000004,move,improve
9857,6,500.4199999999994,2,263.08000000000004,2opt,notBad
9858,6,500.4199999999994,2,263.08000000000004,2opt,notBad
9859,6,500.4199999999994,2,263.08000000000004,2opt,notBad
9860,6,500.4199999999994,2,263.08000000000004,2opt,notBad
9861,6,500.4199999999994,2,263.08000000000004,2opt,notBad
9862,6,500.4199999999994,2,263.08000000000004,swap,notBad
9863,6,500.4199999999994,2,263.08000000000004,swap,notBad
9864,6,500.4199999999994,2,263.08000000000004,move,improve
9865,6,500.4199999999994,2,263.08000000000004,move,improve
9866,6,500.4199999999994,2,263.08000000000004,move,improve
9867,6,500.4199999999994,2,263.08000000000004,swap,notBad
9868,6,500.4199999999994,2,263.08000000000004,move,improve
9869,6,500.4199999999994,2,263.08000000000004,2opt,notBad
9870,6,500.4199999999994,2,263.08000000000004,move,improve
9871,6,500.4199999999994,2,263.08000000000004,move,improve
9872,6,500.4199999999994,2,263.08000000000004,move,improve
9873,6,500.4199999999994,2,263.08000000000004,2opt,notBad
9874,6,500.4199999999994,2,263.08000000000004,move,improve
9875,6,500.4199999999994,2,263.08000000000004,swap,notBad
9876,6,500.4199999999994,2,263.08000000000004,swap,notBad
9877,6,500.4199999999994,2,263.08000000000004,swap,notBad
9878,6,500.4199999999994,2,263.08000000000004,2opt,notBad
9879,6,500.4199999999994,2,263.08000000000004,move,improve
9880,6,500.4199999999994,2,263.08000000000004,swap,notBad
9881,6,500.4199999999994,2,263.08000000000004,move,improve
9882,6,500.4199999999994,2,263.08000000000004,2opt,notBad
9883,6,500.4199999999994,2,263.08000000000004,2opt,notBad
9884,6,500.4199999999994,2,263.08000000000004,2opt,improve
9885,6,500.4199999999994,2,263.08000000000004,move,improve
9886,6,500.4199999999994,2,263.08000000000004,swap,notBad
9887,6,500.4199999999994,2,263.08000000000004,swap,notBad
9888,6,500.4199999999994,2,263.08000000000004,2opt,notBad
9889,6,500.4199999999994,2,263.08000000000004,2opt,notBad
9890,6,500.4199999999994,2,263.08000000000004,swap,notBad
9891,6,500.4199999999994,2,263.08000000000004,move,improve
9892,6,500.4199999999994,2,263.08000000000004,swap,notBad
9893,6,500.4199999999994,2,263.08000000000004,swap,notBad
9894,6,500.4199999999994,2,263.08000000000004,move,improve
9895,6,500.4199999999994,2,263.08000000000004,move,improve
9896,6,500.4199999999994,2,263.08000000000004,move,improve
9897,6,500.4199999999994,2,263.08000000000004,2opt,improve
9898,6,500.4199999999994,2,263.08000000000004,move,improve
9899,6,500.4199999999994,2,263.08000000000004,2opt,improve
9900,6,500.4199999999994,2,263.08000000000004,swap,notBad
9901,6,500.4199999999994,2,263.08000000000004,swap,notBad
9902,6,500.4199999999994,2,263.08000000000004,swap,notBad
9903,6,500.4199999999994,2,263.08000000000004,move,improve
9904,6,500.4199999999994,2,263.08000000000004,move,improve
9905,6,500.4199999999994,2,263.08000000000004,2opt,notBad
9906,6,500.4199999999994,2,263.08000000000004,2opt,notBad
9907,6,500.4199999999994,2,263.08000000000004,move,improve
9908,6,500.4199999999994,2,263.08000000000004,move,improve
9909,6,500.4199999999994,2,263.08000000000004,move,improve
9910,6,500.4199999999994,2,263.08000000000004,move,improve
9911,6,500.4199999999994,2,263.08000000000004,move,improve
9912,6,500.4199999999994,2,263.08000000000004,swap,notBad
9913,6,500.4199999999994,2,263.08000000000004,2opt,notBad
9914,6,500.4199999999994,2,263.08000000000004,move,improve
9915,6,500.4199999999994,2,263.08000000000004,swap,notBad
9916,6,500.4199999999994,2,263.08000000000004,2opt,notBad
9917,6,500.4199999999994,2,263.08000000000004,2opt,notBad
9918,6,500.4199999999994,2,263.08000000000004,move,improve
9919,6,500.4199999999994,2,263.08000000000004,2opt,notBad
9920,6,500.4199999999994,2,263.08000000000004,2opt,notBad
9921,6,500.4199999999994,2,263.08000000000004,move,improve
9922,6,500.4199999999994,2,263.08000000000004,2opt,notBad
9923,6,500.4199999999994,2,263.08000000000004,swap,notBad
9924,6,500.4199999999994,2,263.08000000000004,2opt,notBad
9925,6,500.4199999999994,2,263.08000000000004,swap,notBad
9926,6,500.4199999999994,2,263.08000000000004,swap,notBad
9927,6,500.4199999999994,2,263.08000000000004,move,improve
9928,6,500.4199999999994,2,263.08000000000004,swap,notBad
9929,6,500.4199999999994,2,263.08000000000004,2opt,notBad
9930,6,500.4199999999994,2,263.08000000000004,2opt,notBad
9931,6,500.4199999999994,2,263.08000000000004,move,improve
9932,6,500.4199999999994,2,263.08000000000004,2opt,notBad
9933,6,500.4199999999994,2,263.08000000000004,move,improve
9934,6,500.4199999999994,2,263.08000000000004,2opt,notBad
9935,6,500.4199999999994,2,263.08000000000004,swap,notBad
9936,6,500.4199999999994,2,263.08000000000004,move,improve
9937,6,500.4199999999994,2,263.08000000000004,2opt,notBad
9938,6,500.4199999999994,2,263.08000000000004,2opt,improve
9939,6,500.4199999999994,2,263.08000000000004,2opt,notBad
9940,6,500.4199999999994,2,263.08000000000004,move,improve
9941,6,500.4199999999994,2,263.08000000000004,move,improve
9942,6,500.4199999999994,2,263.08000000000004,2opt,notBad
9943,6,500.4199999999994,2,263.08000000000004,2opt,notBad
9944,6,500.4199999999994,2,263.08000000000004,move,improve
9945,6,500.4199999999994,2,263.08000000000004,move,improve
9946,6,500.4199999999994,2,263.08000000000004,2opt,notBad
9947,6,500.4199999999994,2,263.08000000000004,2opt,improve
9948,6,500.4199999999994,2,263.08000000000004,2opt,notBad
9949,6,500.4199999999994,2,263.08000000000004,2opt,notBad
9950,6,500.4199999999994,2,263.08000000000004,swap,notBad
9951,6,500.4199999999994,2,263.08000000000004,swap,notBad
9952,6,500.4199999999994,2,263.08000000000004,swap,notBad
9953,6,500.4199999999994,2,263.08000000000004,2opt,notBad
9954,6,500.4199999999994,2,263.08000000000004,move,improve
9955,6,500.4199999999994,2,263.08000000000004,2opt,notBad
9956,6,500.4199999999994,2,263.08000000000004,swap,notBad
9957,6,500.4199999999994,2,263.08000000000004,move,improve
9958,6,500.4199999999994,2,263.08000000000004,swap,notBad
9959,6,500.4199999999994,2,263.08000000000004,move,improve
9960,6,500.4199999999994,2,263.08000000000004,swap,notBad
9961,6,500.4199999999994,2,263.08000000000004,2opt,notBad
9962,6,500.4199999999994,2,263.08000000000004,swap,notBad
9963,6,500.4199999999994,2,263.08000000000004,2opt,notBad
9964,6,500.4199999999994,2,263.08000000000004,move,improve
9965,6,500.4199999999994,2,263.08000000000004,2opt,notBad
9966,6,500.4199999999994,2,263.08000000000004,move,improve
9967,6,500.4199999999994,2,263.08000000000004,swap,notBad
9968,6,500.4199999999994,2,263.08000000000004,swap,notBad
9969,6,500.4199999999994,2,263.08000000000004,2opt,notBad
9970,6,500.4199999999994,2,263.08000000000004,move,improve
9971,6,500.4199999999994,2,263.08000000000004,swap,notBad
9972,6,500.4199999999994,2,263.08000000000004,2opt,notBad
9973,6,500.4199999999994,2,263.08000000000004,swap,notBad
9974,6,500.4199999999994,2,263.08000000000004,2opt,improve
9975,6,500.4199999999994,2,263.08000000000004,swap,notBad
9976,6,500.4199999999994,2,263.08000000000004,swap,notBad
9977,6,500.4199999999994,2,263.08000000000004,2opt,notBad
9978,6,500.4199999999994,2,263.08000000000004,move,improve
9979,6,500.4199999999994,2,263.08000000000004,2opt,notBad
9980,6,500.4199999999994,2,263.08000000000004,move,improve
9981,6,500.4199999999994,2,263.08000000000004,move,improve
9982,6,500.4199999999994,2,263.08000000000004,move,improve
9983,6,500.4199999999994,2,263.08000000000004,move,improve
9984,6,500.4199999999994,2,263.08000000000004,swap,notBad
9985,6,500.4199999999994,2,263.08000000000004,move,improve
9986,6,500.4199999999994,2,263.08000000000004,move,notBad
9987,6,500.4199999999994,2,263.08000000000004,move,improve
9988,6,500.4199999999994,2,263.08000000000004,move,improve
9989,6,500.4199999999994,2,263.08000000000004,move,improve
9990,6,500.4199999999994,2,263.08000000000004,swap,notBad
9991,6,500.4199999999994,2,263.08000000000004,swap,notBad
9992,6,500.4199999999994,2,263.08000000000004,swap,notBad
9993,6,500.4199999999994,2,263.08000000000004,move,improve
9994,6,500.4199999999994,2,263.08000000000004,move,improve
9995,6,500.4199999999994,2,263.08000000000004,2opt,notBad
9996,6,500.4199999999994,2,263.08000000000004,2opt,notBad
9997,6,500.4199999999994,2,263.08000000000004,move,improve
9998,6,500.4199999999994,2,263.08000000000004,swap,notBad
9999,6,500.4199999999994,2,263.08000000000004,2opt,notBad
10000,6,500.4199999999994,2,263.08000000000004,move,improve
10001,6,500.4199999999994,2,263.08000000000004,2opt,notBad
10002,6,500.4199999999994,2,263.08000000000004,2opt,notBad
10003,6,500.4199999999994,2,263.08000000000004,swap,notBad
10004,6,500.4199999999994,2,263.08000000000004,swap,notBad
10005,6,500.4199999999994,2,263.08000000000004,swap,notBad
10006,6,500.4199999999994,2,263.08000000000004,swap,notBad
10007,6,500.4199999999994,2,263.08000000000004,move,improve
10008,6,500.4199999999994,2,263.08000000000004,move,improve
10009,6,500.4199999999994,2,263.08000000000004,swap,notBad
10010,6,500.4199999999994,2,263.08000000000004,2opt,notBad
10011,6,500.4199999999994,2,263.08000000000004,move,improve
10012,6,500.4199999999994,2,263.08000000000004,swap,notBad
10013,6,500.4199999999994,2,263.08000000000004,2opt,notBad
10014,6,500.4199999999994,2,263.08000000000004,swap,notBad
10015,6,500.4199999999994,2,263.08000000000004,swap,notBad
10016,6,500.4199999999994,2,263.08000000000004,move,improve
10017,6,500.4199999999994,2,263.08000000000004,2opt,improve
10018,6,500.4199999999994,2,263.08000000000004,2opt,notBad
10019,6,500.4199999999994,2,263.08000000000004,move,improve
10020,6,500.4199999999994,2,263.08000000000004,swap,notBad
10021,6,500.4199999999994,2,263.08000000000004,move,improve
10022,6,500.4199999999994,2,263.08000000000004,swap,notBad
10023,6,500.4199999999994,2,263.08000000000004,move,improve
10024,6,500.4199999999994,2,263.08000000000004,swap,notBad
10025,6,500.4199999999994,2,263.08000000000004,move,improve
10026,6,500.4199999999994,2,263.08000000000004,2opt,notBad
10027,6,500.4199999999994,2,263.08000000000004,move,improve
10028,6,500.4199999999994,2,263.08000000000004,2opt,notBad
10029,6,500.4199999999994,2,263.08000000000004,swap,notBad
10030,6,500.4199999999994,2,263.08000000000004,2opt,notBad
10031,6,500.4199999999994,2,263.08000000000004,move,improve
10032,6,500.4199999999994,2,263.08000000000004,move,improve
10033,6,500.4199999999994,2,263.08000000000004,swap,notBad
10034,6,500.4199999999994,2,263.08000000000004,swap,notBad
10035,6,500.4199999999994,2,263.08000000000004,2opt,notBad
10036,6,500.4199999999994,2,263.08000000000004,swap,notBad
10037,6,500.4199999999994,2,263.08000000000004,swap,notBad
10038,6,500.4199999999994,2,263.08000000000004,2opt,notBad
10039,6,500.4199999999994,2,263.08000000000004,move,improve
10040,6,500.4199999999994,2,263.08000000000004,move,improve
10041,6,500.4199999999994,2,263.08000000000004,move,improve
10042,6,500.4199999999994,2,263.08000000000004,move,improve
10043,6,500.4199999999994,2,263.08000000000004,2opt,notBad
10044,6,500.4199999999994,2,263.08000000000004,2opt,notBad
10045,6,500.4199999999994,2,263.08000000000004,2opt,notBad
10046,6,500.4199999999994,2,263.08000000000004,2opt,notBad
10047,6,500.4199999999994,2,263.08000000000004,move,improve
10048,6,500.4199999999994,2,263.08000000000004,2opt,improve
10049,6,500.4199999999994,2,263.08000000000004,swap,notBad
10050,6,500.4199999999994,2,263.08000000000004,2opt,notBad
10051,6,500.4199999999994,2,263.08000000000004,move,improve
10052,6,500.4199999999994,2,263.08000000000004,swap,notBad
10053,6,500.4199999999994,2,263.08000000000004,move,improve
10054,6,500.4199999999994,2,263.08000000000004,move,improve
10055,6,500.4199999999994,2,263.08000000000004,2opt,notBad
10056,6,500.4199999999994,2,263.08000000000004,swap,notBad
10057,6,500.4199999999994,2,263.08000000000004,move,improve
10058,6,500.4199999999994,2,263.08000000000004,swap,notBad
10059,6,500.4199999999994,2,263.08000000000004,move,improve
10060,6,500.4199999999994,2,263.08000000000004,move,improve
10061,6,500.4199999999994,2,263.08000000000004,swap,notBad
10062,6,500.4199999999994,2,263.08000000000004,swap,notBad
10063,6,500.4199999999994,2,263.08000000000004,swap,notBad
10064,6,500.4199999999994,2,263.08000000000004,move,improve
10065,6,500.4199999999994,2,263.08000000000004,swap,notBad
10066,6,500.4199999999994,2,263.08000000000004,2opt,notBad
10067,6,500.4199999999994,2,263.08000000000004,2opt,improve
10068,6,500.4199999999994,2,263.08000000000004,2opt,notBad
10069,6,500.4199999999994,2,263.08000000000004,2opt,notBad
10070,6,500.4199999999994,2,263.08000000000004,2opt,notBad
10071,6,500.4199999999994,2,263.08000000000004,swap,notBad
10072,6,500.4199999999994,2,263.08000000000004,move,improve
10073,6,500.4199999999994,2,263.08000000000004,move,improve
10074,6,500.4199999999994,2,263.08000000000004,2opt,notBad
10075,6,500.4199999999994,2,263.08000000000004,swap,notBad
10076,6,500.4199999999994,2,263.08000000000004,swap,notBad
10077,6,500.4199999999994,2,263.08000000000004,move,improve
10078,6,500.4199999999994,2,263.08000000000004,move,improve
10079,6,500.4199999999994,2,263.08000000000004,move,improve
10080,6,500.4199999999994,2,263.08000000000004,2opt,notBad
10081,6,500.4199999999994,2,263.08000000000004,move,improve
10082,6,500.4199999999994,2,263.08000000000004,move,improve
10083,6,500.4199999999994,2,263.08000000000004,2opt,notBad
10084,6,500.4199999999994,2,263.08000000000004,move,improve
10085,6,500.4199999999994,2,263.08000000000004,swap,notBad
10086,6,500.4199999999994,2,263.08000000000004,swap,notBad
10087,6,500.4199999999994,2,263.08000000000004,swap,notBad
10088,6,500.4199999999994,2,263.08000000000004,2opt,notBad
10089,6,500.4199999999994,2,263.08000000000004,swap,notBad
10090,6,500.4199999999994,2,263.08000000000004,swap,notBad
10091,6,500.4199999999994,2,263.08000000000004,swap,notBad
10092,6,500.4199999999994,2,263.08000000000004,swap,notBad
10093,6,500.4199999999994,2,263.08000000000004,2opt,notBad
10094,6,500.4199999999994,2,263.08000000000004,2opt,notBad
10095,6,500.4199999999994,2,263.08000000000004,move,improve
10096,6,500.4199999999994,2,263.08000000000004,2opt,notBad
10097,6,500.4199999999994,2,263.08000000000004,move,improve
10098,6,500.4199999999994,2,263.08000000000004,swap,notBad
10099,6,500.4199999999994,2,263.08000000000004,move,improve
10100,6,500.4199999999994,2,263.08000000000004,swap,notBad
10101,6,500.4199999999994,2,263.08000000000004,swap,notBad
10102,6,500.4199999999994,2,263.08000000000004,2opt,notBad
10103,6,500.4199999999994,2,263.08000000000004,2opt,notBad
10104,6,500.4199999999994,2,263.08000000000004,swap,notBad
10105,6,500.4199999999994,2,263.08000000000004,swap,notBad
10106,6,500.4199999999994,2,263.08000000000004,swap,notBad
10107,6,500.4199999999994,2,263.08000000000004,move,improve
10108,6,500.4199999999994,2,263.08000000000004,swap,notBad
10109,6,500.4199999999994,2,263.08000000000004,swap,notBad
10110,6,500.4199999999994,2,263.08000000000004,move,improve
10111,6,500.4199999999994,2,263.08000000000004,move,improve
10112,6,500.4199999999994,2,263.08000000000004,2opt,notBad
10113,6,500.4199999999994,2,263.08000000000004,swap,notBad
10114,6,500.4199999999994,2,263.08000000000004,move,improve
10115,6,500.4199999999994,2,263.08000000000004,move,improve
10116,6,500.4199999999994,2,263.08000000000004,swap,notBad
10117,6,500.4199999999994,2,263.08000000000004,2opt,notBad
10118,6,500.4199999999994,2,263.08000000000004,swap,notBad
10119,6,500.4199999999994,2,263.08000000000004,swap,notBad
10120,6,500.4199999999994,2,263.08000000000004,2opt,notBad
10121,6,500.4199999999994,2,263.08000000000004,swap,notBad
10122,6,500.4199999999994,2,263.08000000000004,swap,notBad
10123,6,500.4199999999994,2,263.08000000000004,move,improve
10124,6,501.3399999999994,2,263.08000000000004,swap,acceptBad
10125,6,501.3399999999994,2,263.08000000000004,move,improve
10126,6,501.9999999999991,2,263.08000000000004,2opt,acceptBad
10127,6,501.9999999999991,2,263.08000000000004,swap,notBad
10128,6,501.9999999999991,2,263.08000000000004,move,improve
10129,6,501.9999999999991,2,263.08000000000004,move,improve
10130,6,501.9999999999991,2,263.08000000000004,2opt,improve
10131,6,501.9999999999991,2,263.08000000000004,swap,notBad
10132,6,501.9999999999991,2,263.08000000000004,swap,notBad
10133,6,501.9999999999991,2,263.08000000000004,move,improve
10134,6,501.9999999999991,2,263.08000000000004,swap,notBad
10135,6,501.9999999999991,2,263.08000000000004,swap,notBad
10136,6,501.9999999999991,2,263.08000000000004,move,improve
10137,6,501.9999999999991,2,263.08000000000004,swap,notBad
10138,6,501.9999999999991,2,263.08000000000004,swap,notBad
10139,6,501.9999999999991,2,263.08000000000004,2opt,notBad
10140,6,501.9999999999991,2,263.08000000000004,move,improve
10141,6,501.9999999999991,2,263.08000000000004,swap,notBad
10142,6,501.9999999999991,2,263.08000000000004,move,improve
10143,6,501.9999999999991,2,263.08000000000004,move,improve
10144,6,501.9999999999991,2,263.08000000000004,2opt,notBad
10145,6,501.9999999999991,2,263.08000000000004,swap,notBad
10146,6,501.9999999999991,2,263.08000000000004,2opt,notBad
10147,6,501.9999999999991,2,263.08000000000004,2opt,notBad
10148,6,501.9999999999991,2,263.08000000000004,2opt,notBad
10149,6,501.9999999999991,2,263.08000000000004,swap,notBad
10150,6,501.9999999999991,2,263.08000000000004,move,improve
10151,6,501.9999999999991,2,263.08000000000004,move,improve
10152,6,501.9999999999991,2,263.08000000000004,move,improve
10153,6,501.9999999999991,2,263.08000000000004,2opt,notBad
10154,6,501.9999999999991,2,263.08000000000004,swap,notBad
10155,6,501.9999999999991,2,263.08000000000004,move,improve
10156,6,501.9999999999991,2,263.08000000000004,swap,notBad
10157,6,501.9999999999991,2,263.08000000000004,2opt,notBad
10158,6,501.9999999999991,2,263.08000000000004,swap,notBad
10159,6,501.9999999999991,2,263.08000000000004,swap,notBad
10160,6,501.9999999999991,2,263.08000000000004,swap,notBad
10161,6,501.9999999999991,2,263.08000000000004,2opt,notBad
10162,6,501.9999999999991,2,263.08000000000004,move,improve
10163,6,501.9999999999991,2,263.08000000000004,swap,notBad
10164,6,501.9999999999991,2,263.08000000000004,swap,notBad
10165,6,501.9999999999991,2,263.08000000000004,2opt,improve
10166,6,501.9999999999991,2,263.08000000000004,2opt,improve
10167,6,501.9999999999991,2,263.08000000000004,move,improve
10168,6,501.3399999999994,2,263.08000000000004,2opt,improve
10169,6,501.3399999999994,2,263.08000000000004,2opt,notBad
10170,6,501.3399999999994,2,263.08000000000004,2opt,notBad
10171,6,501.3399999999994,2,263.08000000000004,swap,notBad
10172,6,501.3399999999994,2,263.08000000000004,2opt,notBad
10173,6,501.3399999999994,2,263.08000000000004,2opt,notBad
10174,6,501.3399999999994,2,263.08000000000004,move,improve
10175,6,501.3399999999994,2,263.08000000000004,move,improve
10176,6,501.3399999999994,2,263.08000000000004,swap,notBad
10177,6,501.3399999999994,2,263.08000000000004,move,improve
10178,6,501.3399999999994,2,263.08000000000004,move,improve
10179,6,501.3399999999994,2,263.08000000000004,swap,notBad
10180,6,501.3399999999994,2,263.08000000000004,2opt,notBad
10181,6,501.3399999999994,2,263.08000000000004,swap,notBad
10182,6,501.3399999999994,2,263.08000000000004,swap,notBad
10183,6,501.3399999999994,2,263.08000000000004,swap,notBad
10184,6,501.3399999999994,2,263.08000000000004,move,improve
10185,6,501.3399999999994,2,263.08000000000004,2opt,notBad
10186,6,501.3399999999994,2,263.08000000000004,2opt,notBad
10187,6,501.3399999999994,2,263.08000000000004,2opt,notBad
10188,6,501.3399999999994,2,263.08000000000004,2opt,notBad
10189,6,501.3399999999994,2,263.08000000000004,swap,notBad
10190,6,501.3399999999994,2,263.08000000000004,2opt,notBad
10191,6,501.3399999999994,2,263.08000000000004,move,improve
10192,6,501.3399999999994,2,263.08000000000004,2opt,notBad
10193,6,501.3399999999994,2,263.08000000000004,move,improve
10194,6,501.3399999999994,2,263.08000000000004,2opt,notBad
10195,6,501.3399999999994,2,263.08000000000004,2opt,notBad
10196,6,501.3399999999994,2,263.08000000000004,swap,notBad
10197,6,501.3399999999994,2,263.08000000000004,swap,notBad
10198,6,501.3399999999994,2,263.08000000000004,2opt,notBad
10199,6,501.3399999999994,2,263.08000000000004,swap,notBad
10200,6,501.3399999999994,2,263.08000000000004,move,improve
10201,6,501.3399999999994,2,263.08000000000004,swap,notBad
10202,6,501.3399999999994,2,263.08000000000004,move,improve
10203,6,501.3399999999994,2,263.08000000000004,2opt,notBad
10204,6,501.3399999999994,2,263.08000000000004,2opt,notBad
10205,6,501.3399999999994,2,263.08000000000004,swap,notBad
10206,6,501.3399999999994,2,263.08000000000004,swap,notBad
10207,6,501.3399999999994,2,263.08000000000004,swap,notBad
10208,6,501.3399999999994,2,263.08000000000004,move,improve
10209,6,501.3399999999994,2,263.08000000000004,swap,notBad
10210,6,501.3399999999994,2,263.08000000000004,2opt,notBad
10211,6,501.3399999999994,2,263.08000000000004,move,improve
10212,6,501.3399999999994,2,263.08000000000004,2opt,notBad
10213,6,501.3399999999994,2,263.08000000000004,move,improve
10214,6,501.3399999999994,2,263.08000000000004,swap,notBad
10215,6,501.3399999999994,2,263.08000000000004,swap,notBad
10216,6,501.3399999999994,2,263.08000000000004,move,improve
10217,6,501.3399999999994,2,263.08000000000004,swap,notBad
10218,6,501.3399999999994,2,263.08000000000004,swap,notBad
10219,6,501.3399999999994,2,263.08000000000004,swap,notBad
10220,6,501.3399999999994,2,263.08000000000004,swap,notBad
10221,6,501.3399999999994,2,263.08000000000004,swap,notBad
10222,6,501.3399999999994,2,263.08000000000004,swap,notBad
10223,6,501.3399999999994,2,263.08000000000004,move,improve
10224,6,501.3399999999994,2,263.08000000000004,2opt,notBad
10225,6,501.3399999999994,2,263.08000000000004,2opt,notBad
10226,6,501.3399999999994,2,263.08000000000004,2opt,notBad
10227,6,501.3399999999994,2,263.08000000000004,swap,notBad
10228,6,501.3399999999994,2,263.08000000000004,move,improve
10229,6,501.3399999999994,2,263.08000000000004,2opt,notBad
10230,6,501.3399999999994,2,263.08000000000004,move,improve
10231,6,501.3399999999994,2,263.08000000000004,swap,notBad
10232,6,501.3399999999994,2,263.08000000000004,2opt,notBad
10233,6,501.3399999999994,2,263.08000000000004,swap,notBad
10234,6,501.3399999999994,2,263.08000000000004,2opt,notBad
10235,6,501.3399999999994,2,263.08000000000004,swap,notBad
10236,6,501.3399999999994,2,263.08000000000004,move,improve
10237,6,501.3399999999994,2,263.08000000000004,move,improve
10238,6,501.3399999999994,2,263.08000000000004,2opt,notBad
10239,6,501.3399999999994,2,263.08000000000004,2opt,notBad
10240,6,501.3399999999994,2,263.08000000000004,2opt,notBad
10241,6,501.3399999999994,2,263.08000000000004,move,improve
10242,6,501.3399999999994,2,263.08000000000004,2opt,notBad
10243,6,501.3399999999994,2,263.08000000000004,2opt,notBad
10244,6,501.3399999999994,2,263.08000000000004,2opt,notBad
10245,6,501.3399999999994,2,263.08000000000004,move,improve
10246,6,501.3399999999994,2,263.08000000000004,swap,notBad
10247,6,501.3399999999994,2,263.08000000000004,move,improve
10248,6,501.3399999999994,2,263.08000000000004,move,improve
10249,6,501.3399999999994,2,263.08000000000004,2opt,notBad
10250,6,501.3399999999994,2,263.08000000000004,swap,notBad
10251,6,500.4199999999994,2,263.08000000000004,move,improve
10252,6,500.4199999999994,2,263.08000000000004,swap,notBad
10253,6,500.4199999999994,2,263.08000000000004,swap,notBad
10254,6,500.4199999999994,2,263.08000000000004,swap,notBad
10255,6,500.4199999999994,2,263.08000000000004,move,improve
10256,6,500.4199999999994,2,263.08000000000004,2opt,notBad
10257,6,500.4199999999994,2,263.08000000000004,swap,notBad
10258,6,500.4199999999994,2,263.08000000000004,swap,notBad
10259,6,500.4199999999994,2,263.08000000000004,2opt,notBad
10260,6,500.4199999999994,2,263.08000000000004,move,improve
10261,6,500.4199999999994,2,263.08000000000004,move,improve
10262,6,500.4199999999994,2,263.08000000000004,swap,notBad
10263,6,500.4199999999994,2,263.08000000000004,move,improve
10264,6,500.4199999999994,2,263.08000000000004,move,improve
10265,6,500.4199999999994,2,263.08000000000004,move,improve
10266,6,500.4199999999994,2,263.08000000000004,swap,notBad
10267,6,500.4199999999994,2,263.08000000000004,move,improve
10268,6,500.4199999999994,2,263.08000000000004,swap,notBad
10269,6,500.4199999999994,2,263.08000000000004,swap,notBad
10270,6,500.4199999999994,2,263.08000000000004,2opt,improve
10271,6,500.4199999999994,2,263.08000000000004,swap,notBad
10272,6,500.4199999999994,2,263.08000000000004,2opt,notBad
10273,6,500.4199999999994,2,263.08000000000004,swap,notBad
10274,6,500.4199999999994,2,263.08000000000004,swap,notBad
10275,6,500.4199999999994,2,263.08000000000004,swap,notBad
10276,6,500.4199999999994,2,263.08000000000004,move,improve
10277,6,500.4199999999994,2,263.08000000000004,2opt,notBad
10278,6,500.4199999999994,2,263.08000000000004,move,notBad
10279,6,500.4199999999994,2,263.08000000000004,swap,notBad
10280,6,500.4199999999994,2,263.08000000000004,2opt,notBad
10281,6,500.4199999999994,2,263.08000000000004,2opt,notBad
10282,6,500.4199999999994,2,263.08000000000004,move,improve
10283,6,500.4199999999994,2,263.08000000000004,2opt,notBad
10284,6,500.4199999999994,2,263.08000000000004,swap,notBad
10285,6,500.4199999999994,2,263.08000000000004,2opt,notBad
10286,6,500.4199999999994,2,263.08000000000004,move,improve
10287,6,500.4199999999994,2,263.08000000000004,swap,notBad
10288,6,500.4199999999994,2,263.08000000000004,move,improve
10289,6,500.4199999999994,2,263.08000000000004,move,improve
10290,6,500.4199999999994,2,263.08000000000004,move,improve
10291,6,500.4199999999994,2,263.08000000000004,2opt,notBad
10292,6,500.4199999999994,2,263.08000000000004,2opt,notBad
10293,6,500.4199999999994,2,263.08000000000004,2opt,notBad
10294,6,500.4199999999994,2,263.08000000000004,2opt,notBad
10295,6,500.4199999999994,2,263.08000000000004,2opt,notBad
10296,6,500.4199999999994,2,263.08000000000004,move,notBad
10297,6,500.4199999999994,2,263.08000000000004,2opt,notBad
10298,6,500.4199999999994,2,263.08000000000004,2opt,notBad
10299,6,500.4199999999994,2,263.08000000000004,2opt,notBad
10300,6,500.4199999999994,2,263.08000000000004,swap,notBad
10301,6,500.4199999999994,2,263.08000000000004,2opt,notBad
10302,6,500.4199999999994,2,263.08000000000004,move,improve
10303,6,500.4199999999994,2,263.08000000000004,move,improve
10304,6,500.4199999999994,2,263.08000000000004,move,improve
10305,6,500.4199999999994,2,263.08000000000004,move,improve
10306,6,500.4199999999994,2,263.08000000000004,2opt,notBad
10307,6,500.4199999999994,2,263.08000000000004,2opt,notBad
10308,6,500.4199999999994,2,263.08000000000004,move,improve
10309,6,500.4199999999994,2,263.08000000000004,move,improve
10310,6,500.4199999999994,2,263.08000000000004,swap,notBad
10311,6,500.4199999999994,2,263.08000000000004,move,improve
10312,6,500.4199999999994,2,263.08000000000004,move,improve
10313,6,500.4199999999994,2,263.08000000000004,swap,notBad
10314,6,500.4199999999994,2,263.08000000000004,swap,notBad
10315,6,500.4199999999994,2,263.08000000000004,swap,notBad
10316,6,500.4199999999994,2,263.08000000000004,swap,notBad
10317,6,500.4199999999994,2,263.08000000000004,swap,notBad
10318,6,500.4199999999994,2,263.08000000000004,swap,notBad
10319,6,500.4199999999994,2,263.08000000000004,swap,notBad
10320,6,500.4199999999994,2,263.08000000000004,swap,notBad
10321,6,500.4199999999994,2,263.08000000000004,swap,notBad
10322,6,500.4199999999994,2,263.08000000000004,swap,notBad
10323,6,500.4199999999994,2,263.08000000000004,move,improve
10324,6,500.4199999999994,2,263.08000000000004,swap,notBad
10325,6,500.4199999999994,2,263.08000000000004,move,improve
10326,6,500.4199999999994,2,263.08000000000004,swap,notBad
10327,6,500.4199999999994,2,263.08000000000004,2opt,notBad
10328,6,500.4199999999994,2,263.08000000000004,2opt,notBad
10329,6,500.4199999999994,2,263.08000000000004,2opt,notBad
10330,6,500.4199999999994,2,263.08000000000004,swap,notBad
10331,6,500.4199999999994,2,263.08000000000004,swap,notBad
10332,6,500.4199999999994,2,263.08000000000004,2opt,notBad
10333,6,500.4199999999994,2,263.08000000000004,swap,notBad
10334,6,500.4199999999994,2,263.08000000000004,2opt,notBad
10335,6,500.4199999999994,2,263.08000000000004,2opt,notBad
10336,6,500.4199999999994,2,263.08000000000004,move,improve
10337,6,500.4199999999994,2,263.08000000000004,move,improve
10338,6,500.4199999999994,2,263.08000000000004,move,improve
10339,6,500.4199999999994,2,263.08000000000004,move,improve
10340,6,500.4199999999994,2,263.08000000000004,2opt,notBad
10341,6,500.4199999999994,2,263.08000000000004,swap,notBad
10342,6,500.4199999999994,2,263.08000000000004,move,improve
10343,6,500.4199999999994,2,263.08000000000004,2opt,notBad
10344,6,500.4199999999994,2,263.08000000000004,move,improve
10345,6,500.4199999999994,2,263.08000000000004,swap,notBad
10346,6,500.4199999999994,2,263.08000000000004,swap,notBad
10347,6,500.4199999999994,2,263.08000000000004,swap,notBad
10348,6,500.4199999999994,2,263.08000000000004,2opt,notBad
10349,6,500.4199999999994,2,263.08000000000004,2opt,notBad
10350,6,500.4199999999994,2,263.08000000000004,swap,notBad
10351,6,500.4199999999994,2,263.08000000000004,move,improve
10352,6,500.4199999999994,2,263.08000000000004,swap,notBad
10353,6,500.4199999999994,2,263.08000000000004,2opt,notBad
10354,6,500.4199999999994,2,263.08000000000004,swap,notBad
10355,6,500.4199999999994,2,263.08000000000004,swap,notBad
10356,6,500.4199999999994,2,263.08000000000004,move,improve
10357,6,500.4199999999994,2,263.08000000000004,move,improve
10358,6,500.4199999999994,2,263.08000000000004,2opt,notBad
10359,6,500.4199999999994,2,263.08000000000004,swap,notBad
10360,6,500.4199999999994,2,263.08000000000004,move,improve
10361,6,500.4199999999994,2,263.08000000000004,swap,notBad
10362,6,500.4199999999994,2,263.08000000000004,swap,notBad
10363,6,500.4199999999994,2,263.08000000000004,swap,notBad
10364,6,500.4199999999994,2,263.08000000000004,move,improve
10365,6,500.4199999999994,2,263.08000000000004,move,improve
10366,6,500.4199999999994,2,263.08000000000004,move,improve
10367,6,500.4199999999994,2,263.08000000000004,2opt,notBad
10368,6,500.4199999999994,2,263.08000000000004,swap,notBad
10369,6,500.4199999999994,2,263.08000000000004,move,improve
10370,6,500.4199999999994,2,263.08000000000004,2opt,notBad
10371,6,500.4199999999994,2,263.08000000000004,swap,notBad
10372,6,500.4199999999994,2,263.08000000000004,2opt,notBad
10373,6,500.4199999999994,2,263.08000000000004,swap,notBad
10374,6,500.4199999999994,2,263.08000000000004,swap,notBad
10375,6,500.4199999999994,2,263.08000000000004,swap,notBad
10376,6,500.4199999999994,2,263.08000000000004,2opt,notBad
10377,6,500.4199999999994,2,263.08000000000004,move,improve
10378,6,500.4199999999994,2,263.08000000000004,2opt,notBad
10379,6,500.4199999999994,2,263.08000000000004,2opt,notBad
10380,6,501.73999999999995,2,263.08000000000004,swap,acceptBad
10381,6,501.73999999999995,2,263.08000000000004,move,improve
10382,6,501.73999999999995,2,263.08000000000004,2opt,improve
10383,6,501.73999999999995,2,263.08000000000004,move,improve
10384,6,501.73999999999995,2,263.08000000000004,swap,notBad
10385,6,501.73999999999995,2,263.08000000000004,move,improve
10386,6,501.73999999999995,2,263.08000000000004,swap,notBad
10387,6,501.73999999999995,2,263.08000000000004,2opt,notBad
10388,6,501.73999999999995,2,263.08000000000004,move,improve
10389,6,501.73999999999995,2,263.08000000000004,2opt,notBad
10390,6,501.73999999999995,2,263.08000000000004,swap,notBad
10391,6,501.73999999999995,2,263.08000000000004,move,improve
10392,6,501.73999999999995,2,263.08000000000004,move,improve
10393,6,501.73999999999995,2,263.08000000000004,move,improve
10394,6,501.73999999999995,2,263.08000000000004,2opt,notBad
10395,6,501.73999999999995,2,263.08000000000004,2opt,notBad
10396,6,501.73999999999995,2,263.08000000000004,2opt,notBad
10397,6,501.73999999999995,2,263.08000000000004,2opt,notBad
10398,6,501.73999999999995,2,263.08000000000004,swap,notBad
10399,6,501.73999999999995,2,263.08000000000004,swap,notBad
10400,6,501.73999999999995,2,263.08000000000004,2opt,notBad
10401,6,501.73999999999995,2,263.08000000000004,swap,notBad
10402,6,501.73999999999995,2,263.08000000000004,swap,notBad
10403,6,501.73999999999995,2,263.08000000000004,move,improve
10404,6,501.73999999999995,2,263.08000000000004,2opt,notBad
10405,6,501.73999999999995,2,263.08000000000004,2opt,notBad
10406,6,501.73999999999995,2,263.08000000000004,swap,notBad
10407,6,501.73999999999995,2,263.08000000000004,move,improve
10408,6,501.73999999999995,2,263.08000000000004,move,improve
10409,6,501.73999999999995,2,263.08000000000004,2opt,notBad
10410,6,501.73999999999995,2,263.08000000000004,2opt,notBad
10411,6,501.73999999999995,2,263.08000000000004,move,improve
10412,6,501.73999999999995,2,263.08000000000004,move,improve
10413,6,501.73999999999995,2,263.08000000000004,2opt,improve
10414,6,501.73999999999995,2,263.08000000000004,2opt,notBad
10415,6,501.73999999999995,2,263.08000000000004,swap,notBad
10416,6,501.73999999999995,2,263.08000000000004,swap,notBad
10417,6,501.73999999999995,2,263.08000000000004,swap,notBad
10418,6,501.73999999999995,2,263.08000000000004,swap,notBad
10419,6,501.73999999999995,2,263.08000000000004,swap,notBad
10420,6,501.73999999999995,2,263.08000000000004,swap,notBad
10421,6,501.73999999999995,2,263.08000000000004,swap,notBad
10422,6,501.73999999999995,2,263.08000000000004,move,improve
10423,6,501.73999999999995,2,263.08000000000004,move,improve
10424,6,501.73999999999995,2,263.08000000000004,swap,notBad
10425,6,501.73999999999995,2,263.08000000000004,move,improve
10426,6,501.73999999999995,2,263.08000000000004,swap,notBad
10427,6,501.73999999999995,2,263.08000000000004,2opt,notBad
10428,6,501.73999999999995,2,263.08000000000004,swap,notBad
10429,6,501.73999999999995,2,263.08000000000004,2opt,notBad
10430,6,501.73999999999995,2,263.08000000000004,move,improve
10431,6,501.73999999999995,2,263.08000000000004,swap,notBad
10432,6,501.73999999999995,2,263.08000000000004,swap,notBad
10433,6,501.73999999999995,2,263.08000000000004,2opt,notBad
10434,6,501.73999999999995,2,263.08000000000004,swap,notBad
10435,6,501.73999999999995,2,263.08000000000004,move,improve
10436,6,501.73999999999995,2,263.08000000000004,swap,notBad
10437,6,501.73999999999995,2,263.08000000000004,2opt,notBad
10438,6,501.73999999999995,2,263.08000000000004,swap,notBad
10439,6,501.73999999999995,2,263.08000000000004,move,improve
10440,6,501.73999999999995,2,263.08000000000004,move,improve
10441,6,501.73999999999995,2,263.08000000000004,move,improve
10442,6,501.73999999999995,2,263.08000000000004,2opt,notBad
10443,6,501.73999999999995,2,263.08000000000004,move,improve
10444,6,501.73999999999995,2,263.08000000000004,swap,notBad
10445,6,501.73999999999995,2,263.08000000000004,move,improve
10446,6,501.73999999999995,2,263.08000000000004,swap,notBad
10447,6,501.73999999999995,2,263.08000000000004,2opt,notBad
10448,6,501.73999999999995,2,263.08000000000004,move,improve
10449,6,501.73999999999995,2,263.08000000000004,swap,notBad
10450,6,501.73999999999995,2,263.08000000000004,move,improve
10451,6,501.73999999999995,2,263.08000000000004,move,improve
10452,6,501.73999999999995,2,263.08000000000004,swap,notBad
10453,6,501.73999999999995,2,263.08000000000004,move,improve
10454,6,501.73999999999995,2,263.08000000000004,2opt,notBad
10455,6,501.73999999999995,2,263.08000000000004,move,improve
10456,6,501.73999999999995,2,263.08000000000004,2opt,notBad
10457,6,501.73999999999995,2,263.08000000000004,2opt,notBad
10458,6,501.73999999999995,2,263.08000000000004,move,improve
10459,6,501.73999999999995,2,263.08000000000004,move,improve
10460,6,501.73999999999995,2,263.08000000000004,swap,notBad
10461,6,501.73999999999995,2,263.08000000000004,swap,notBad
10462,6,501.73999999999995,2,263.08000000000004,2opt,improve
10463,6,501.73999999999995,2,263.08000000000004,move,improve
10464,6,501.73999999999995,2,263.08000000000004,2opt,notBad
10465,6,501.73999999999995,2,263.08000000000004,move,improve
10466,6,501.73999999999995,2,263.08000000000004,move,improve
10467,6,501.73999999999995,2,263.08000000000004,swap,notBad
10468,6,501.73999999999995,2,263.08000000000004,2opt,notBad
10469,6,501.73999999999995,2,263.08000000000004,2opt,notBad
10470,6,501.73999999999995,2,263.08000000000004,swap,notBad
10471,6,501.73999999999995,2,263.08000000000004,swap,notBad
10472,6,501.73999999999995,2,263.08000000000004,2opt,notBad
10473,6,501.73999999999995,2,263.08000000000004,swap,notBad
10474,6,501.73999999999995,2,263.08000000000004,swap,notBad
10475,6,501.73999999999995,2,263.08000000000004,2opt,notBad
10476,6,501.73999999999995,2,263.08000000000004,swap,notBad
10477,6,501.73999999999995,2,263.08000000000004,swap,notBad
10478,6,501.73999999999995,2,263.08000000000004,2opt,notBad
10479,6,501.73999999999995,2,263.08000000000004,move,improve
10480,6,501.73999999999995,2,263.08000000000004,move,improve
10481,6,501.73999999999995,2,263.08000000000004,move,improve
10482,6,501.73999999999995,2,263.08000000000004,move,improve
10483,6,501.73999999999995,2,263.08000000000004,move,improve
10484,6,501.73999999999995,2,263.08000000000004,move,improve
10485,6,501.73999999999995,2,263.08000000000004,2opt,notBad
10486,6,501.73999999999995,2,263.08000000000004,move,improve
10487,6,501.73999999999995,2,263.08000000000004,move,improve
10488,6,501.73999999999995,2,263.08000000000004,2opt,notBad
10489,6,501.73999999999995,2,263.08000000000004,move,improve
10490,6,501.73999999999995,2,263.08000000000004,move,improve
10491,6,501.73999999999995,2,263.08000000000004,move,improve
10492,6,501.73999999999995,2,263.08000000000004,swap,notBad
10493,6,501.73999999999995,2,263.08000000000004,2opt,notBad
10494,6,501.73999999999995,2,263.08000000000004,move,improve
10495,6,501.73999999999995,2,263.08000000000004,move,improve
10496,6,501.73999999999995,2,263.08000000000004,2opt,notBad
10497,6,501.73999999999995,2,263.08000000000004,move,improve
10498,6,501.73999999999995,2,263.08000000000004,2opt,notBad
10499,6,501.73999999999995,2,263.08000000000004,swap,notBad
10500,6,501.73999999999995,2,263.08000000000004,move,improve
10501,6,501.73999999999995,2,263.08000000000004,2opt,notBad
10502,6,501.73999999999995,2,263.08000000000004,2opt,notBad
10503,6,501.73999999999995,2,263.08000000000004,2opt,improve
10504,6,501.73999999999995,2,263.08000000000004,move,improve
10505,6,501.73999999999995,2,263.08000000000004,move,improve
10506,6,501.73999999999995,2,263.08000000000004,2opt,notBad
10507,6,501.73999999999995,2,263.08000000000004,2opt,notBad
10508,6,501.73999999999995,2,263.08000000000004,move,improve
10509,6,501.73999999999995,2,263.08000000000004,move,improve
10510,6,501.73999999999995,2,263.08000000000004,2opt,improve
10511,6,501.73999999999995,2,263.08000000000004,2opt,notBad
10512,6,501.73999999999995,2,263.08000000000004,move,improve
10513,6,501.73999999999995,2,263.08000000000004,2opt,notBad
10514,6,501.73999999999995,2,263.08000000000004,move,improve
10515,6,501.73999999999995,2,263.08000000000004,move,improve
10516,6,501.73999999999995,2,263.08000000000004,move,improve
10517,6,501.73999999999995,2,263.08000000000004,2opt,notBad
10518,6,501.73999999999995,2,263.08000000000004,2opt,notBad
10519,6,501.73999999999995,2,263.08000000000004,2opt,improve
10520,6,501.73999999999995,2,263.08000000000004,swap,notBad
10521,6,501.73999999999995,2,263.08000000000004,move,improve
10522,6,501.73999999999995,2,263.08000000000004,2opt,notBad
10523,6,501.73999999999995,2,263.08000000000004,move,improve
10524,6,501.73999999999995,2,263.08000000000004,2opt,notBad
10525,6,501.73999999999995,2,263.08000000000004,swap,notBad
10526,6,501.73999999999995,2,263.08000000000004,swap,notBad
10527,6,501.73999999999995,2,263.08000000000004,move,improve
10528,6,501.73999999999995,2,263.08000000000004,2opt,improve
10529,6,501.73999999999995,2,263.08000000000004,2opt,notBad
10530,6,501.73999999999995,2,263.08000000000004,swap,notBad
10531,6,501.73999999999995,2,263.08000000000004,swap,notBad
10532,6,501.73999999999995,2,263.08000000000004,2opt,notBad
10533,6,501.73999999999995,2,263.08000000000004,swap,notBad
10534,6,501.73999999999995,2,263.08000000000004,2opt,notBad
10535,6,501.73999999999995,2,263.08000000000004,2opt,notBad
10536,6,501.73999999999995,2,263.08000000000004,move,improve
10537,6,501.73999999999995,2,263.08000000000004,swap,notBad
10538,6,501.73999999999995,2,263.08000000000004,swap,notBad
10539,6,501.73999999999995,2,263.08000000000004,swap,notBad
10540,6,501.73999999999995,2,263.08000000000004,2opt,notBad
10541,6,501.73999999999995,2,263.08000000000004,move,notBad
10542,6,501.73999999999995,2,263.08000000000004,move,improve
10543,6,501.73999999999995,2,263.08000000000004,2opt,improve
10544,6,501.73999999999995,2,263.08000000000004,2opt,notBad
10545,6,501.73999999999995,2,263.08000000000004,2opt,notBad
10546,6,501.73999999999995,2,263.08000000000004,swap,notBad
10547,6,501.73999999999995,2,263.08000000000004,swap,notBad
10548,6,501.73999999999995,2,263.08000000000004,swap,notBad
10549,6,501.73999999999995,2,263.08000000000004,swap,notBad
10550,6,501.73999999999995,2,263.08000000000004,move,improve
10551,6,501.73999999999995,2,263.08000000000004,swap,notBad
10552,6,501.73999999999995,2,263.08000000000004,move,improve
10553,6,501.73999999999995,2,263.08000000000004,2opt,notBad
10554,6,501.73999999999995,2,263.08000000000004,swap,notBad
10555,6,501.73999999999995,2,263.08000000000004,swap,notBad
10556,6,501.73999999999995,2,263.08000000000004,2opt,notBad
10557,6,501.73999999999995,2,263.08000000000004,move,improve
10558,6,501.73999999999995,2,263.08000000000004,2opt,notBad
10559,6,501.73999999999995,2,263.08000000000004,2opt,notBad
10560,6,501.73999999999995,2,263.08000000000004,swap,notBad
10561,6,501.73999999999995,2,263.08000000000004,swap,notBad
10562,6,501.73999999999995,2,263.08000000000004,2opt,notBad
10563,6,501.73999999999995,2,263.08000000000004,move,improve
10564,6,501.73999999999995,2,263.08000000000004,swap,notBad
10565,6,501.73999999999995,2,263.08000000000004,move,improve
10566,6,501.73999999999995,2,263.08000000000004,move,improve
10567,6,501.73999999999995,2,263.08000000000004,2opt,notBad
10568,6,501.73999999999995,2,263.08000000000004,swap,notBad
10569,6,501.73999999999995,2,263.08000000000004,swap,notBad
10570,6,501.73999999999995,2,263.08000000000004,swap,notBad
10571,6,501.73999999999995,2,263.08000000000004,move,notBad
10572,6,501.73999999999995,2,263.08000000000004,2opt,notBad
10573,6,501.73999999999995,2,263.08000000000004,move,improve
10574,6,501.73999999999995,2,263.08000000000004,swap,notBad
10575,6,501.73999999999995,2,263.08000000000004,2opt,notBad
10576,6,501.73999999999995,2,263.08000000000004,move,improve
10577,6,501.73999999999995,2,263.08000000000004,move,improve
10578,6,501.73999999999995,2,263.08000000000004,2opt,notBad
10579,6,501.73999999999995,2,263.08000000000004,2opt,notBad
10580,6,501.73999999999995,2,263.08000000000004,swap,notBad
10581,6,501.73999999999995,2,263.08000000000004,swap,notBad
10582,6,501.73999999999995,2,263.08000000000004,2opt,notBad
10583,6,501.73999999999995,2,263.08000000000004,move,improve
10584,6,501.73999999999995,2,263.08000000000004,swap,notBad
10585,6,501.73999999999995,2,263.08000000000004,swap,notBad
10586,6,501.73999999999995,2,263.08000000000004,swap,notBad
10587,6,501.73999999999995,2,263.08000000000004,2opt,notBad
10588,6,501.73999999999995,2,263.08000000000004,move,improve
10589,6,501.73999999999995,2,263.08000000000004,2opt,notBad
10590,6,501.73999999999995,2,263.08000000000004,move,improve
10591,6,501.73999999999995,2,263.08000000000004,2opt,notBad
10592,6,501.73999999999995,2,263.08000000000004,swap,notBad
10593,6,501.73999999999995,2,263.08000000000004,2opt,notBad
10594,6,501.73999999999995,2,263.08000000000004,move,improve
10595,6,501.73999999999995,2,263.08000000000004,swap,notBad
10596,6,501.73999999999995,2,263.08000000000004,swap,notBad
10597,6,501.73999999999995,2,263.08000000000004,2opt,notBad
10598,6,501.73999999999995,2,263.08000000000004,move,improve
10599,6,501.73999999999995,2,263.08000000000004,swap,notBad
10600,6,501.73999999999995,2,263.08000000000004,2opt,notBad
10601,6,501.73999999999995,2,263.08000000000004,swap,notBad
10602,6,501.73999999999995,2,263.08000000000004,move,improve
10603,6,501.73999999999995,2,263.08000000000004,swap,notBad
10604,6,501.73999999999995,2,263.08000000000004,2opt,notBad
10605,6,501.73999999999995,2,263.08000000000004,swap,notBad
10606,6,501.73999999999995,2,263.08000000000004,2opt,notBad
10607,6,501.73999999999995,2,263.08000000000004,2opt,notBad
10608,6,501.73999999999995,2,263.08000000000004,move,improve
10609,6,501.73999999999995,2,263.08000000000004,2opt,notBad
10610,6,501.73999999999995,2,263.08000000000004,swap,notBad
10611,6,501.73999999999995,2,263.08000000000004,swap,notBad
10612,6,501.73999999999995,2,263.08000000000004,move,improve
10613,6,501.73999999999995,2,263.08000000000004,move,improve
10614,6,501.73999999999995,2,263.08000000000004,2opt,notBad
10615,6,501.73999999999995,2,263.08000000000004,2opt,notBad
10616,6,501.73999999999995,2,263.08000000000004,2opt,notBad
10617,6,501.73999999999995,2,263.08000000000004,swap,notBad
10618,6,501.73999999999995,2,263.08000000000004,swap,notBad
10619,6,501.73999999999995,2,263.08000000000004,swap,notBad
10620,6,501.73999999999995,2,263.08000000000004,move,improve
10621,6,501.73999999999995,2,263.08000000000004,move,improve
10622,6,501.73999999999995,2,263.08000000000004,swap,notBad
10623,6,501.73999999999995,2,263.08000000000004,2opt,notBad
10624,6,501.73999999999995,2,263.08000000000004,swap,notBad
10625,6,501.73999999999995,2,263.08000000000004,2opt,notBad
10626,6,501.73999999999995,2,263.08000000000004,2opt,notBad
10627,6,501.73999999999995,2,263.08000000000004,swap,notBad
10628,6,501.73999999999995,2,263.08000000000004,swap,notBad
10629,6,501.73999999999995,2,263.08000000000004,2opt,notBad
10630,6,501.73999999999995,2,263.08000000000004,move,improve
10631,6,501.73999999999995,2,263.08000000000004,2opt,notBad
10632,6,501.73999999999995,2,263.08000000000004,move,improve
10633,6,501.73999999999995,2,263.08000000000004,2opt,notBad
10634,6,501.73999999999995,2,263.08000000000004,2opt,notBad
10635,6,501.73999999999995,2,263.08000000000004,move,improve
10636,6,501.73999999999995,2,263.08000000000004,2opt,notBad
10637,6,501.73999999999995,2,263.08000000000004,move,improve
10638,6,501.73999999999995,2,263.08000000000004,move,improve
10639,6,501.73999999999995,2,263.08000000000004,move,improve
10640,6,501.73999999999995,2,263.08000000000004,2opt,notBad
10641,6,501.73999999999995,2,263.08000000000004,2opt,notBad
10642,6,501.73999999999995,2,263.08000000000004,2opt,notBad
10643,6,501.73999999999995,2,263.08000000000004,2opt,notBad
10644,6,501.73999999999995,2,263.08000000000004,move,improve
10645,6,501.73999999999995,2,263.08000000000004,swap,notBad
10646,6,501.73999999999995,2,263.08000000000004,swap,notBad
10647,6,501.73999999999995,2,263.08000000000004,swap,notBad
10648,6,501.73999999999995,2,263.08000000000004,2opt,notBad
10649,6,501.73999999999995,2,263.08000000000004,swap,notBad
10650,6,501.73999999999995,2,263.08000000000004,move,improve
10651,6,501.73999999999995,2,263.08000000000004,2opt,notBad
10652,6,501.73999999999995,2,263.08000000000004,swap,notBad
10653,6,501.73999999999995,2,263.08000000000004,swap,notBad
10654,6,501.73999999999995,2,263.08000000000004,move,improve
10655,6,501.73999999999995,2,263.08000000000004,2opt,notBad
10656,6,501.8599999999999,2,263.08000000000004,swap,acceptBad
10657,6,501.8599999999999,2,263.08000000000004,move,improve
10658,6,501.8599999999999,2,263.08000000000004,move,improve
10659,6,501.8599999999999,2,263.08000000000004,2opt,notBad
10660,6,501.8599999999999,2,263.08000000000004,2opt,notBad
10661,6,501.8599999999999,2,263.08000000000004,2opt,notBad
10662,6,501.8599999999999,2,263.08000000000004,swap,notBad
10663,6,501.8599999999999,2,263.08000000000004,2opt,notBad
10664,6,501.8599999999999,2,263.08000000000004,swap,notBad
10665,6,501.8599999999999,2,263.08000000000004,move,improve
10666,6,501.8599999999999,2,263.08000000000004,move,improve
10667,6,501.8599999999999,2,263.08000000000004,move,improve
10668,6,501.8599999999999,2,263.08000000000004,swap,notBad
10669,6,501.8599999999999,2,263.08000000000004,2opt,notBad
10670,6,501.8599999999999,2,263.08000000000004,2opt,notBad
10671,6,501.8599999999999,2,263.08000000000004,move,improve
10672,6,501.8599999999999,2,263.08000000000004,move,improve
10673,6,501.8599999999999,2,263.08000000000004,swap,notBad
10674,6,501.8599999999999,2,263.08000000000004,2opt,notBad
10675,6,501.8599999999999,2,263.08000000000004,2opt,notBad
10676,6,501.8599999999999,2,263.08000000000004,2opt,notBad
10677,6,501.8599999999999,2,263.08000000000004,move,improve
10678,6,501.8599999999999,2,263.08000000000004,swap,notBad
10679,6,501.8599999999999,2,263.08000000000004,2opt,notBad
10680,6,501.8599999999999,2,263.08000000000004,swap,notBad
10681,6,501.8599999999999,2,263.08000000000004,2opt,notBad
10682,6,501.8599999999999,2,263.08000000000004,swap,notBad
10683,6,501.8599999999999,2,263.08000000000004,swap,notBad
10684,6,501.8599999999999,2,263.08000000000004,2opt,notBad
10685,6,501.8599999999999,2,263.08000000000004,swap,notBad
10686,6,501.8599999999999,2,263.08000000000004,swap,notBad
10687,6,501.8599999999999,2,263.08000000000004,move,improve
10688,6,501.8599999999999,2,263.08000000000004,move,improve
10689,6,501.8599999999999,2,263.08000000000004,2opt,notBad
10690,6,501.8599999999999,2,263.08000000000004,swap,notBad
10691,6,501.8599999999999,2,263.08000000000004,2opt,improve
10692,6,501.8599999999999,2,263.08000000000004,swap,notBad
10693,6,501.8599999999999,2,263.08000000000004,swap,notBad
10694,6,501.8599999999999,2,263.08000000000004,swap,notBad
10695,6,501.8599999999999,2,263.08000000000004,move,improve
10696,6,501.8599999999999,2,263.08000000000004,2opt,notBad
10697,6,501.8599999999999,2,263.08000000000004,2opt,notBad
10698,6,501.8599999999999,2,263.08000000000004,move,improve
10699,6,501.8599999999999,2,263.08000000000004,2opt,notBad
10700,6,501.8599999999999,2,263.08000000000004,2opt,notBad
10701,6,501.8599999999999,2,263.08000000000004,swap,notBad
10702,6,501.8599999999999,2,263.08000000000004,swap,notBad
10703,6,501.8599999999999,2,263.08000000000004,swap,notBad
10704,6,501.8599999999999,2,263.08000000000004,2opt,notBad
10705,6,501.8599999999999,2,263.08000000000004,move,improve
10706,6,501.8599999999999,2,263.08000000000004,move,improve
10707,6,501.8599999999999,2,263.08000000000004,2opt,notBad
10708,6,501.8599999999999,2,263.08000000000004,swap,notBad
10709,6,501.8599999999999,2,263.08000000000004,move,improve
10710,6,501.8599999999999,2,263.08000000000004,swap,notBad
10711,6,501.8599999999999,2,263.08000000000004,swap,notBad
10712,6,501.8599999999999,2,263.08000000000004,2opt,notBad
10713,6,501.8599999999999,2,263.08000000000004,2opt,notBad
10714,6,501.8599999999999,2,263.08000000000004,2opt,notBad
10715,6,501.8599999999999,2,263.08000000000004,move,improve
10716,6,501.8599999999999,2,263.08000000000004,2opt,notBad
10717,6,501.8599999999999,2,263.08000000000004,move,improve
10718,6,501.8599999999999,2,263.08000000000004,move,improve
10719,6,501.8599999999999,2,263.08000000000004,2opt,notBad
10720,6,501.8599999999999,2,263.08000000000004,move,improve
10721,6,501.8599999999999,2,263.08000000000004,2opt,notBad
10722,6,501.8599999999999,2,263.08000000000004,move,improve
10723,6,501.8599999999999,2,263.08000000000004,move,improve
10724,6,501.8599999999999,2,263.08000000000004,2opt,notBad
10725,6,501.8599999999999,2,263.08000000000004,move,improve
10726,6,501.8599999999999,2,263.08000000000004,swap,notBad
10727,6,501.73999999999995,2,263.08000000000004,move,improve
10728,6,501.73999999999995,2,263.08000000000004,move,improve
10729,6,501.73999999999995,2,263.08000000000004,2opt,notBad
10730,6,501.73999999999995,2,263.08000000000004,move,improve
10731,6,501.73999999999995,2,263.08000000000004,swap,notBad
10732,6,501.73999999999995,2,263.08000000000004,swap,notBad
10733,6,501.73999999999995,2,263.08000000000004,2opt,notBad
10734,6,501.73999999999995,2,263.08000000000004,swap,notBad
10735,6,501.73999999999995,2,263.08000000000004,move,improve
10736,6,501.73999999999995,2,263.08000000000004,2opt,notBad
10737,6,501.73999999999995,2,263.08000000000004,swap,notBad
10738,6,501.73999999999995,2,263.08000000000004,swap,notBad
10739,6,501.73999999999995,2,263.08000000000004,swap,notBad
10740,6,501.73999999999995,2,263.08000000000004,2opt,notBad
10741,6,501.73999999999995,2,263.08000000000004,move,improve
10742,6,501.73999999999995,2,263.08000000000004,move,improve
10743,6,501.73999999999995,2,263.08000000000004,move,improve
10744,6,501.73999999999995,2,263.08000000000004,swap,notBad
10745,6,501.73999999999995,2,263.08000000000004,move,improve
10746,6,501.73999999999995,2,263.08000000000004,2opt,notBad
10747,6,501.73999999999995,2,263.08000000000004,move,improve
10748,6,501.73999999999995,2,263.08000000000004,2opt,notBad
10749,6,501.73999999999995,2,263.08000000000004,swap,notBad
10750,6,501.73999999999995,2,263.08000000000004,2opt,notBad
10751,6,501.73999999999995,2,263.08000000000004,move,improve
10752,6,501.73999999999995,2,263.08000000000004,move,improve
10753,6,501.73999999999995,2,263.08000000000004,swap,notBad
10754,6,501.73999999999995,2,263.08000000000004,swap,notBad
10755,6,501.73999999999995,2,263.08000000000004,swap,notBad
10756,6,501.73999999999995,2,263.08000000000004,move,improve
10757,6,501.73999999999995,2,263.08000000000004,move,improve
10758,6,501.73999999999995,2,263.08000000000004,swap,notBad
10759,6,501.73999999999995,2,263.08000000000004,swap,notBad
10760,6,501.73999999999995,2,263.08000000000004,swap,notBad
10761,6,501.73999999999995,2,263.08000000000004,swap,notBad
10762,6,503.13999999999993,2,263.08000000000004,swap,acceptBad
10763,6,503.13999999999993,2,263.08000000000004,swap,notBad
10764,6,503.13999999999993,2,263.08000000000004,move,improve
10765,6,503.13999999999993,2,263.08000000000004,move,improve
10766,6,503.13999999999993,2,263.08000000000004,2opt,notBad
10767,6,503.13999999999993,2,263.08000000000004,move,improve
10768,6,503.13999999999993,2,263.08000000000004,move,improve
10769,6,503.13999999999993,2,263.08000000000004,2opt,notBad
10770,6,503.13999999999993,2,263.08000000000004,2opt,notBad
10771,6,503.13999999999993,2,263.08000000000004,move,improve
10772,6,503.13999999999993,2,263.08000000000004,move,improve
10773,6,503.13999999999993,2,263.08000000000004,swap,notBad
10774,6,503.13999999999993,2,263.08000000000004,2opt,notBad
10775,6,503.13999999999993,2,263.08000000000004,move,improve
10776,6,503.13999999999993,2,263.08000000000004,swap,notBad
10777,6,503.13999999999993,2,263.08000000000004,swap,notBad
10778,6,503.13999999999993,2,263.08000000000004,move,improve
10779,6,503.4599999999999,2,263.08000000000004,swap,acceptBad
10780,6,503.4599999999999,2,263.08000000000004,move,improve
10781,6,503.4599999999999,2,263.08000000000004,move,improve
10782,6,503.4599999999999,2,263.08000000000004,swap,notBad
10783,6,503.4599999999999,2,263.08000000000004,2opt,notBad
10784,6,503.4599999999999,2,263.08000000000004,move,improve
10785,6,503.4599999999999,2,263.08000000000004,swap,notBad
10786,6,503.4599999999999,2,263.08000000000004,2opt,notBad
10787,6,503.4599999999999,2,263.08000000000004,swap,notBad
10788,6,503.13999999999993,2,263.08000000000004,swap,improve
10789,6,503.13999999999993,2,263.08000000000004,2opt,notBad
10790,6,503.13999999999993,2,263.08000000000004,swap,notBad
10791,6,503.13999999999993,2,263.08000000000004,2opt,notBad
10792,6,503.13999999999993,2,263.08000000000004,2opt,notBad
10793,6,501.8199999999994,2,263.08000000000004,swap,improve
10794,6,501.8199999999994,2,263.08000000000004,move,improve
10795,6,501.8199999999994,2,263.08000000000004,swap,notBad
10796,6,501.8199999999994,2,263.08000000000004,move,improve
10797,6,501.8199999999994,2,263.08000000000004,2opt,notBad
10798,6,501.8199999999994,2,263.08000000000004,move,improve
10799,6,502.13999999999936,2,263.08000000000004,swap,acceptBad
10800,6,502.13999999999936,2,263.08000000000004,2opt,notBad
10801,6,502.13999999999936,2,263.08000000000004,2opt,notBad
10802,6,502.13999999999936,2,263.08000000000004,swap,notBad
10803,6,502.13999999999936,2,263.08000000000004,move,improve
10804,6,502.13999999999936,2,263.08000000000004,swap,notBad
10805,6,502.13999999999936,2,263.08000000000004,swap,notBad
10806,6,502.13999999999936,2,263.08000000000004,2opt,notBad
10807,6,502.13999999999936,2,263.08000000000004,swap,notBad
10808,6,502.13999999999936,2,263.08000000000004,move,improve
10809,6,502.13999999999936,2,263.08000000000004,2opt,notBad
10810,6,502.13999999999936,2,263.08000000000004,move,improve
10811,6,502.13999999999936,2,263.08000000000004,2opt,notBad
10812,6,502.13999999999936,2,263.08000000000004,swap,notBad
10813,6,502.13999999999936,2,263.08000000000004,2opt,notBad
10814,6,502.13999999999936,2,263.08000000000004,swap,notBad
10815,6,502.13999999999936,2,263.08000000000004,move,improve
10816,6,502.13999999999936,2,263.08000000000004,2opt,notBad
10817,6,502.13999999999936,2,263.08000000000004,2opt,notBad
10818,6,502.13999999999936,2,263.08000000000004,2opt,improve
10819,6,502.13999999999936,2,263.08000000000004,2opt,notBad
10820,6,501.8199999999994,2,263.08000000000004,move,improve
10821,6,501.8199999999994,2,263.08000000000004,swap,notBad
10822,6,501.8199999999994,2,263.08000000000004,swap,notBad
10823,6,501.8199999999994,2,263.08000000000004,move,improve
10824,6,501.8199999999994,2,263.08000000000004,move,improve
10825,6,501.8199999999994,2,263.08000000000004,move,improve
10826,6,501.8199999999994,2,263.08000000000004,move,improve
10827,6,501.8199999999994,2,263.08000000000004,2opt,improve
10828,6,501.8199999999994,2,263.08000000000004,swap,notBad
10829,6,501.8199999999994,2,263.08000000000004,swap,notBad
10830,6,501.8199999999994,2,263.08000000000004,move,improve
10831,6,501.8199999999994,2,263.08000000000004,move,improve
10832,6,501.8199999999994,2,263.08000000000004,2opt,notBad
10833,6,501.8199999999994,2,263.08000000000004,2opt,notBad
10834,6,501.8199999999994,2,263.08000000000004,2opt,improve
10835,6,501.8199999999994,2,263.08000000000004,move,improve
10836,6,501.8199999999994,2,263.08000000000004,move,improve
10837,6,501.8199999999994,2,263.08000000000004,2opt,notBad
10838,6,501.8199999999994,2,263.08000000000004,2opt,notBad
10839,6,501.8199999999994,2,263.08000000000004,move,improve
10840,6,501.8199999999994,2,263.08000000000004,move,improve
10841,6,501.8199999999994,2,263.08000000000004,move,improve
10842,6,501.8199999999994,2,263.08000000000004,swap,notBad
10843,6,501.8199999999994,2,263.08000000000004,2opt,notBad
10844,6,501.8199999999994,2,263.08000000000004,swap,notBad
10845,6,501.8199999999994,2,263.08000000000004,swap,notBad
10846,6,501.8199999999994,2,263.08000000000004,swap,notBad
10847,6,501.8199999999994,2,263.08000000000004,move,improve
10848,6,501.8199999999994,2,263.08000000000004,2opt,notBad
10849,6,501.8199999999994,2,263.08000000000004,2opt,improve
10850,6,501.8199999999994,2,263.08000000000004,swap,notBad
10851,6,501.8199999999994,2,263.08000000000004,2opt,notBad
10852,6,501.8199999999994,2,263.08000000000004,swap,notBad
10853,6,501.8199999999994,2,263.08000000000004,swap,notBad
10854,6,501.8199999999994,2,263.08000000000004,move,improve
10855,6,501.8199999999994,2,263.08000000000004,swap,notBad
10856,6,501.8199999999994,2,263.08000000000004,2opt,notBad
10857,6,501.8199999999994,2,263.08000000000004,2opt,notBad
10858,6,501.8199999999994,2,263.08000000000004,move,improve
10859,6,501.8199999999994,2,263.08000000000004,move,improve
10860,6,501.8199999999994,2,263.08000000000004,2opt,notBad
10861,6,501.8199999999994,2,263.08000000000004,swap,notBad
10862,6,501.8199999999994,2,263.08000000000004,swap,notBad
10863,6,501.8199999999994,2,263.08000000000004,2opt,notBad
10864,6,501.8199999999994,2,263.08000000000004,move,improve
10865,6,501.8199999999994,2,263.08000000000004,swap,notBad
10866,6,501.8199999999994,2,263.08000000000004,swap,notBad
10867,6,501.8199999999994,2,263.08000000000004,2opt,notBad
10868,6,501.8199999999994,2,263.08000000000004,2opt,notBad
10869,6,501.8199999999994,2,263.08000000000004,swap,notBad
10870,6,501.8199999999994,2,263.08000000000004,swap,notBad
10871,6,501.8199999999994,2,263.08000000000004,2opt,notBad
10872,6,501.8199999999994,2,263.08000000000004,move,improve
10873,6,501.8199999999994,2,263.08000000000004,move,improve
10874,6,501.8199999999994,2,263.08000000000004,swap,notBad
10875,6,501.8199999999994,2,263.08000000000004,2opt,notBad
10876,6,501.8199999999994,2,263.08000000000004,swap,notBad
10877,6,501.8199999999994,2,263.08000000000004,2opt,notBad
10878,6,501.8199999999994,2,263.08000000000004,swap,notBad
10879,6,501.8199999999994,2,263.08000000000004,move,improve
10880,6,501.8199999999994,2,263.08000000000004,move,improve
10881,6,501.8199999999994,2,263.08000000000004,2opt,notBad
10882,6,501.8199999999994,2,263.08000000000004,move,improve
10883,6,501.8199999999994,2,263.08000000000004,2opt,notBad
10884,6,501.8199999999994,2,263.08000000000004,swap,notBad
10885,6,501.8199999999994,2,263.08000000000004,2opt,notBad
10886,6,501.8199999999994,2,263.08000000000004,move,improve
10887,6,501.8199999999994,2,263.08000000000004,move,improve
10888,6,501.8199999999994,2,263.08000000000004,swap,notBad
10889,6,501.8199999999994,2,263.08000000000004,2opt,notBad
10890,6,501.8199999999994,2,263.08000000000004,2opt,notBad
10891,6,501.8199999999994,2,263.08000000000004,2opt,notBad
10892,6,501.8199999999994,2,263.08000000000004,swap,notBad
10893,6,501.8199999999994,2,263.08000000000004,swap,notBad
10894,6,501.8199999999994,2,263.08000000000004,2opt,notBad
10895,6,501.8199999999994,2,263.08000000000004,swap,notBad
10896,6,501.8199999999994,2,263.08000000000004,2opt,notBad
10897,6,501.8199999999994,2,263.08000000000004,swap,notBad
10898,6,501.8199999999994,2,263.08000000000004,move,improve
10899,6,501.8199999999994,2,263.08000000000004,move,improve
10900,6,501.8199999999994,2,263.08000000000004,2opt,notBad
10901,6,501.8199999999994,2,263.08000000000004,move,improve
10902,6,501.8199999999994,2,263.08000000000004,2opt,notBad
10903,6,501.8199999999994,2,263.08000000000004,2opt,notBad
10904,6,501.8199999999994,2,263.08000000000004,move,improve
10905,6,501.8199999999994,2,263.08000000000004,move,improve
10906,6,501.8199999999994,2,263.08000000000004,move,improve
10907,6,501.8199999999994,2,263.08000000000004,move,improve
10908,6,501.8199999999994,2,263.08000000000004,move,improve
10909,6,501.8199999999994,2,263.08000000000004,move,improve
10910,6,501.8199999999994,2,263.08000000000004,2opt,improve
10911,6,501.8199999999994,2,263.08000000000004,move,improve
10912,6,501.8199999999994,2,263.08000000000004,move,improve
10913,6,501.8199999999994,2,263.08000000000004,2opt,notBad
10914,6,501.8199999999994,2,263.08000000000004,swap,notBad
10915,6,501.8199999999994,2,263.08000000000004,move,improve
10916,6,501.8199999999994,2,263.08000000000004,move,improve
10917,6,501.8199999999994,2,263.08000000000004,2opt,notBad
10918,6,501.8199999999994,2,263.08000000000004,2opt,notBad
10919,6,501.8199999999994,2,263.08000000000004,move,improve
10920,6,501.8199999999994,2,263.08000000000004,2opt,notBad
10921,6,501.8199999999994,2,263.08000000000004,2opt,improve
10922,6,501.8199999999994,2,263.08000000000004,swap,notBad
10923,6,501.8199999999994,2,263.08000000000004,swap,notBad
10924,6,501.8199999999994,2,263.08000000000004,2opt,notBad
10925,6,501.8199999999994,2,263.08000000000004,move,improve
10926,6,501.8199999999994,2,263.08000000000004,swap,notBad
10927,6,501.8199999999994,2,263.08000000000004,move,improve
10928,6,501.8199999999994,2,263.08000000000004,2opt,notBad
10929,6,501.8199999999994,2,263.08000000000004,move,improve
10930,6,501.8199999999994,2,263.08000000000004,2opt,notBad
10931,6,501.8199999999994,2,263.08000000000004,2opt,notBad
10932,6,501.8199999999994,2,263.08000000000004,swap,notBad
10933,6,501.8199999999994,2,263.08000000000004,swap,notBad
10934,6,501.8199999999994,2,263.08000000000004,move,improve
10935,6,501.8199999999994,2,263.08000000000004,swap,notBad
10936,6,501.8199999999994,2,263.08000000000004,move,improve
10937,6,501.8199999999994,2,263.08000000000004,move,improve
10938,6,501.8199999999994,2,263.08000000000004,2opt,notBad
10939,6,501.8199999999994,2,263.08000000000004,move,improve
10940,6,501.8199999999994,2,263.08000000000004,swap,notBad
10941,6,500.4199999999994,2,263.08000000000004,move,improve
10942,6,500.4199999999994,2,263.08000000000004,swap,notBad
10943,6,500.4199999999994,2,263.08000000000004,swap,notBad
10944,6,500.4199999999994,2,263.08000000000004,swap,notBad
10945,6,500.4199999999994,2,263.08000000000004,2opt,notBad
10946,6,500.4199999999994,2,263.08000000000004,2opt,notBad
10947,6,500.4199999999994,2,263.08000000000004,move,improve
10948,6,500.4199999999994,2,263.08000000000004,2opt,notBad
10949,6,500.4199999999994,2,263.08000000000004,move,improve
10950,6,500.4199999999994,2,263.08000000000004,2opt,notBad
10951,6,500.4199999999994,2,263.08000000000004,swap,notBad
10952,6,500.4199999999994,2,263.08000000000004,swap,notBad
10953,6,500.4199999999994,2,263.08000000000004,2opt,notBad
10954,6,500.4199999999994,2,263.08000000000004,swap,notBad
10955,6,500.4199999999994,2,263.08000000000004,move,improve
10956,6,500.4199999999994,2,263.08000000000004,swap,notBad
10957,6,500.4199999999994,2,263.08000000000004,2opt,notBad
10958,6,500.4199999999994,2,263.08000000000004,move,improve
10959,6,500.4199999999994,2,263.08000000000004,2opt,notBad
10960,6,500.4199999999994,2,263.08000000000004,2opt,notBad
10961,6,500.4199999999994,2,263.08000000000004,move,improve
10962,6,500.4199999999994,2,263.08000000000004,2opt,notBad
10963,6,500.4199999999994,2,263.08000000000004,2opt,notBad
10964,6,500.4199999999994,2,263.08000000000004,move,improve
10965,6,500.4199999999994,2,263.08000000000004,2opt,notBad
10966,6,500.4199999999994,2,263.08000000000004,2opt,notBad
10967,6,500.4199999999994,2,263.08000000000004,swap,notBad
10968,6,500.4199999999994,2,263.08000000000004,swap,notBad
10969,6,500.4199999999994,2,263.08000000000004,move,improve
10970,6,500.4199999999994,2,263.08000000000004,2opt,notBad
10971,6,500.4199999999994,2,263.08000000000004,swap,notBad
10972,6,500.4199999999994,2,263.08000000000004,2opt,notBad
10973,6,500.4199999999994,2,263.08000000000004,move,improve
10974,6,500.4199999999994,2,263.08000000000004,swap,notBad
10975,6,500.4199999999994,2,263.08000000000004,move,notBad
10976,6,500.4199999999994,2,263.08000000000004,swap,notBad
10977,6,500.4199999999994,2,263.08000000000004,move,improve
10978,6,500.4199999999994,2,263.08000000000004,move,improve
10979,6,500.4199999999994,2,263.08000000000004,swap,notBad
10980,6,500.4199999999994,2,263.08000000000004,move,improve
10981,6,500.4199999999994,2,263.08000000000004,move,improve
10982,6,500.4199999999994,2,263.08000000000004,swap,notBad
10983,6,500.4199999999994,2,263.08000000000004,move,improve
10984,6,500.4199999999994,2,263.08000000000004,swap,notBad
10985,6,500.4199999999994,2,263.08000000000004,swap,notBad
10986,6,500.4199999999994,2,263.08000000000004,move,improve
10987,6,500.4199999999994,2,263.08000000000004,swap,notBad
10988,6,500.4199999999994,2,263.08000000000004,move,improve
10989,6,500.4199999999994,2,263.08000000000004,move,improve
10990,6,500.4199999999994,2,263.08000000000004,swap,notBad
10991,6,500.4199999999994,2,263.08000000000004,move,improve
10992,6,500.4199999999994,2,263.08000000000004,2opt,notBad
10993,6,500.4199999999994,2,263.08000000000004,swap,notBad
10994,6,500.4199999999994,2,263.08000000000004,move,improve
10995,6,500.4199999999994,2,263.08000000000004,move,improve
10996,6,500.4199999999994,2,263.08000000000004,swap,notBad
10997,6,500.4199999999994,2,263.08000000000004,move,improve
10998,6,501.73999999999995,2,263.08000000000004,swap,acceptBad
10999,6,501.73999999999995,2,263.08000000000004,move,improve
11000,6,501.73999999999995,2,263.08000000000004,swap,notBad
11001,6,501.73999999999995,2,263.08000000000004,2opt,notBad
11002,6,501.73999999999995,2,263.08000000000004,swap,notBad
11003,6,501.73999999999995,2,263.08000000000004,2opt,notBad
11004,6,501.73999999999995,2,263.08000000000004,2opt,notBad
11005,6,501.73999999999995,2,263.08000000000004,swap,notBad
11006,6,501.73999999999995,2,263.08000000000004,move,improve
11007,6,501.73999999999995,2,263.08000000000004,2opt,notBad
11008,6,501.73999999999995,2,263.08000000000004,2opt,notBad
11009,6,501.73999999999995,2,263.08000000000004,2opt,notBad
11010,6,501.73999999999995,2,263.08000000000004,2opt,notBad
11011,6,501.73999999999995,2,263.08000000000004,swap,notBad
11012,6,501.73999999999995,2,263.08000000000004,2opt,notBad
11013,6,501.73999999999995,2,263.08000000000004,swap,notBad
11014,6,501.73999999999995,2,263.08000000000004,swap,notBad
11015,6,501.73999999999995,2,263.08000000000004,swap,notBad
11016,6,501.73999999999995,2,263.08000000000004,move,improve
11017,6,501.73999999999995,2,263.08000000000004,move,improve
11018,6,501.73999999999995,2,263.08000000000004,swap,notBad
11019,6,501.73999999999995,2,263.08000000000004,2opt,notBad
11020,6,501.73999999999995,2,263.08000000000004,2opt,notBad
11021,6,501.73999999999995,2,263.08000000000004,2opt,notBad
11022,6,501.73999999999995,2,263.08000000000004,move,improve
11023,6,501.73999999999995,2,263.08000000000004,move,improve
11024,6,501.73999999999995,2,263.08000000000004,move,improve
11025,6,501.73999999999995,2,263.08000000000004,swap,notBad
11026,6,501.73999999999995,2,263.08000000000004,2opt,improve
11027,6,501.73999999999995,2,263.08000000000004,move,improve
11028,6,501.73999999999995,2,263.08000000000004,move,improve
11029,6,501.73999999999995,2,263.08000000000004,move,improve
11030,6,501.73999999999995,2,263.08000000000004,2opt,notBad
11031,6,501.73999999999995,2,263.08000000000004,swap,notBad
11032,6,501.73999999999995,2,263.08000000000004,2opt,improve
11033,6,501.73999999999995,2,263.08000000000004,swap,notBad
11034,6,501.73999999999995,2,263.08000000000004,move,improve
11035,6,501.73999999999995,2,263.08000000000004,2opt,notBad
11036,6,501.73999999999995,2,263.08000000000004,2opt,notBad
11037,6,501.73999999999995,2,263.08000000000004,move,improve
11038,6,501.73999999999995,2,263.08000000000004,swap,notBad
11039,6,501.73999999999995,2,263.08000000000004,2opt,notBad
11040,6,501.73999999999995,2,263.08000000000004,2opt,improve
11041,6,501.73999999999995,2,263.08000000000004,swap,notBad
11042,6,501.73999999999995,2,263.08000000000004,2opt,notBad
11043,6,501.73999999999995,2,263.08000000000004,move,improve
11044,6,501.73999999999995,2,263.08000000000004,2opt,notBad
11045,6,501.73999999999995,2,263.08000000000004,swap,notBad
11046,6,501.73999999999995,2,263.08000000000004,swap,notBad
11047,6,501.73999999999995,2,263.08000000000004,swap,notBad
11048,6,501.73999999999995,2,263.08000000000004,move,improve
11049,6,501.73999999999995,2,263.08000000000004,swap,notBad
11050,6,501.73999999999995,2,263.08000000000004,swap,notBad
11051,6,501.73999999999995,2,263.08000000000004,swap,notBad
11052,6,501.73999999999995,2,263.08000000000004,swap,notBad
11053,6,501.73999999999995,2,263.08000000000004,swap,notBad
11054,6,501.73999999999995,2,263.08000000000004,2opt,notBad
11055,6,501.73999999999995,2,263.08000000000004,move,improve
11056,6,501.73999999999995,2,263.08000000000004,swap,notBad
11057,6,501.73999999999995,2,263.08000000000004,swap,notBad
11058,6,501.73999999999995,2,263.08000000000004,move,improve
11059,6,501.73999999999995,2,263.08000000000004,swap,notBad
11060,6,501.73999999999995,2,263.08000000000004,move,improve
11061,6,501.73999999999995,2,263.08000000000004,2opt,notBad
11062,6,501.73999999999995,2,263.08000000000004,move,improve
11063,6,501.73999999999995,2,263.08000000000004,move,improve
11064,6,501.73999999999995,2,263.08000000000004,move,improve
11065,6,501.73999999999995,2,263.08000000000004,swap,notBad
11066,6,501.73999999999995,2,263.08000000000004,swap,notBad
11067,6,501.73999999999995,2,263.08000000000004,move,improve
11068,6,501.73999999999995,2,263.08000000000004,swap,notBad
11069,6,501.73999999999995,2,263.08000000000004,swap,notBad
11070,6,501.73999999999995,2,263.08000000000004,2opt,notBad
11071,6,501.73999999999995,2,263.08000000000004,swap,notBad
11072,6,501.73999999999995,2,263.08000000000004,move,improve
11073,6,501.73999999999995,2,263.08000000000004,swap,notBad
11074,6,501.73999999999995,2,263.08000000000004,2opt,notBad
11075,6,501.73999999999995,2,263.08000000000004,2opt,notBad
11076,6,501.73999999999995,2,263.08000000000004,swap,notBad
11077,6,501.73999999999995,2,263.08000000000004,2opt,notBad
11078,6,501.73999999999995,2,263.08000000000004,2opt,improve
11079,6,501.73999999999995,2,263.08000000000004,swap,notBad
11080,6,501.73999999999995,2,263.08000000000004,swap,notBad
11081,6,501.73999999999995,2,263.08000000000004,2opt,notBad
11082,6,501.73999999999995,2,263.08000000000004,swap,notBad
11083,6,501.73999999999995,2,263.08000000000004,swap,notBad
11084,6,501.73999999999995,2,263.08000000000004,2opt,notBad
11085,6,501.73999999999995,2,263.08000000000004,move,improve
11086,6,501.73999999999995,2,263.08000000000004,move,improve
11087,6,501.73999999999995,2,263.08000000000004,2opt,notBad
11088,6,501.73999999999995,2,263.08000000000004,2opt,notBad
11089,6,501.73999999999995,2,263.08000000000004,swap,notBad
11090,6,502.65999999999997,2,263.08000000000004,swap,acceptBad
11091,6,502.65999999999997,2,263.08000000000004,2opt,notBad
11092,6,502.65999999999997,2,263.08000000000004,move,improve
11093,6,502.65999999999997,2,263.08000000000004,swap,notBad
11094,6,502.65999999999997,2,263.08000000000004,swap,notBad
11095,6,502.65999999999997,2,263.08000000000004,2opt,notBad
11096,6,502.65999999999997,2,263.08000000000004,2opt,notBad
11097,6,502.65999999999997,2,263.08000000000004,swap,notBad
11098,6,502.65999999999997,2,263.08000000000004,swap,notBad
11099,6,502.65999999999997,2,263.08000000000004,swap,notBad
11100,6,502.65999999999997,2,263.08000000000004,move,improve
11101,6,502.65999999999997,2,263.08000000000004,swap,notBad
11102,6,502.65999999999997,2,263.08000000000004,move,improve
11103,6,502.65999999999997,2,263.08000000000004,move,improve
11104,6,502.65999999999997,2,263.08000000000004,move,improve
11105,6,502.65999999999997,2,263.08000000000004,swap,notBad
11106,6,502.65999999999997,2,263.08000000000004,2opt,notBad
11107,6,502.65999999999997,2,263.08000000000004,2opt,notBad
11108,6,502.65999999999997,2,263.08000000000004,move,improve
11109,6,502.65999999999997,2,263.08000000000004,swap,notBad
11110,6,502.65999999999997,2,263.08000000000004,swap,notBad
11111,6,502.65999999999997,2,263.08000000000004,swap,notBad
11112,6,502.65999999999997,2,263.08000000000004,2opt,notBad
11113,6,502.65999999999997,2,263.08000000000004,swap,notBad
11114,6,502.65999999999997,2,263.08000000000004,2opt,notBad
11115,6,502.65999999999997,2,263.08000000000004,swap,notBad
11116,6,502.65999999999997,2,263.08000000000004,move,improve
11117,6,502.65999999999997,2,263.08000000000004,move,improve
11118,6,502.65999999999997,2,263.08000000000004,2opt,notBad
11119,6,502.65999999999997,2,263.08000000000004,2opt,notBad
11120,6,502.65999999999997,2,263.08000000000004,swap,notBad
11121,6,502.65999999999997,2,263.08000000000004,move,improve
11122,6,502.65999999999997,2,263.08000000000004,swap,notBad
11123,6,502.65999999999997,2,263.08000000000004,2opt,notBad
11124,6,502.65999999999997,2,263.08000000000004,2opt,notBad
11125,6,502.65999999999997,2,263.08000000000004,2opt,notBad
11126,6,502.65999999999997,2,263.08000000000004,swap,notBad
11127,6,502.65999999999997,2,263.08000000000004,2opt,notBad
11128,6,502.65999999999997,2,263.08000000000004,swap,notBad
11129,6,502.65999999999997,2,263.08000000000004,move,improve
11130,6,502.65999999999997,2,263.08000000000004,move,improve
11131,6,502.65999999999997,2,263.08000000000004,move,improve
11132,6,502.65999999999997,2,263.08000000000004,move,improve
11133,6,502.65999999999997,2,263.08000000000004,2opt,notBad
11134,6,502.65999999999997,2,263.08000000000004,2opt,notBad
11135,6,502.65999999999997,2,263.08000000000004,move,improve
11136,6,502.65999999999997,2,263.08000000000004,swap,notBad
11137,6,502.65999999999997,2,263.08000000000004,swap,notBad
11138,6,502.65999999999997,2,263.08000000000004,swap,notBad
11139,6,502.65999999999997,2,263.08000000000004,move,improve
11140,6,502.65999999999997,2,263.08000000000004,swap,notBad
11141,6,502.65999999999997,2,263.08000000000004,2opt,notBad
11142,6,502.65999999999997,2,263.08000000000004,move,improve
11143,6,502.65999999999997,2,263.08000000000004,2opt,notBad
11144,6,502.65999999999997,2,263.08000000000004,swap,notBad
11145,6,502.65999999999997,2,263.08000000000004,swap,notBad
11146,6,502.65999999999997,2,263.08000000000004,move,improve
11147,6,501.73999999999995,2,263.08000000000004,move,improve
11148,6,501.73999999999995,2,263.08000000000004,swap,notBad
11149,6,501.73999999999995,2,263.08000000000004,2opt,notBad
11150,6,501.73999999999995,2,263.08000000000004,2opt,notBad
11151,6,501.73999999999995,2,263.08000000000004,2opt,notBad
11152,6,501.73999999999995,2,263.08000000000004,2opt,notBad
11153,6,501.73999999999995,2,263.08000000000004,2opt,notBad
11154,6,501.73999999999995,2,263.08000000000004,swap,notBad
11155,6,501.73999999999995,2,263.08000000000004,swap,notBad
11156,6,501.73999999999995,2,263.08000000000004,2opt,notBad
11157,6,501.73999999999995,2,263.08000000000004,swap,notBad
11158,6,501.73999999999995,2,263.08000000000004,move,improve
11159,6,501.73999999999995,2,263.08000000000004,2opt,notBad
11160,6,501.73999999999995,2,263.08000000000004,move,improve
11161,6,501.73999999999995,2,263.08000000000004,2opt,notBad
11162,6,501.73999999999995,2,263.08000000000004,move,improve
11163,6,501.73999999999995,2,263.08000000000004,move,improve
11164,6,501.73999999999995,2,263.08000000000004,2opt,notBad
11165,6,501.73999999999995,2,263.08000000000004,swap,notBad
11166,6,501.73999999999995,2,263.08000000000004,swap,notBad
11167,6,501.73999999999995,2,263.08000000000004,move,improve
11168,6,501.73999999999995,2,263.08000000000004,move,improve
11169,6,501.73999999999995,2,263.08000000000004,move,improve
11170,6,501.73999999999995,2,263.08000000000004,move,improve
11171,6,501.73999999999995,2,263.08000000000004,swap,notBad
11172,6,501.73999999999995,2,263.08000000000004,move,improve
11173,6,501.73999999999995,2,263.08000000000004,swap,notBad
11174,6,501.73999999999995,2,263.08000000000004,swap,notBad
11175,6,501.73999999999995,2,263.08000000000004,2opt,improve
11176,6,501.73999999999995,2,263.08000000000004,move,improve
11177,6,501.73999999999995,2,263.08000000000004,swap,notBad
11178,6,501.73999999999995,2,263.08000000000004,2opt,notBad
11179,6,501.73999999999995,2,263.08000000000004,move,improve
11180,6,501.73999999999995,2,263.08000000000004,2opt,notBad
11181,6,501.73999999999995,2,263.08000000000004,swap,notBad
11182,6,501.73999999999995,2,263.08000000000004,2opt,notBad
11183,6,501.73999999999995,2,263.08000000000004,move,notBad
11184,6,501.73999999999995,2,263.08000000000004,swap,notBad
11185,6,501.73999999999995,2,263.08000000000004,2opt,notBad
11186,6,501.73999999999995,2,263.08000000000004,move,improve
11187,6,501.73999999999995,2,263.08000000000004,move,improve
11188,6,501.73999999999995,2,263.08000000000004,move,improve
11189,6,501.73999999999995,2,263.08000000000004,move,improve
11190,6,501.73999999999995,2,263.08000000000004,move,improve
11191,6,501.73999999999995,2,263.08000000000004,swap,notBad
11192,6,501.73999999999995,2,263.08000000000004,swap,notBad
11193,6,501.73999999999995,2,263.08000000000004,swap,notBad
11194,6,501.73999999999995,2,263.08000000000004,2opt,notBad
11195,6,501.73999999999995,2,263.08000000000004,move,improve
11196,6,501.73999999999995,2,263.08000000000004,move,improve
11197,6,501.73999999999995,2,263.08000000000004,2opt,notBad
11198,6,501.73999999999995,2,263.08000000000004,move,improve
11199,6,501.73999999999995,2,263.08000000000004,move,improve
11200,6,501.73999999999995,2,263.08000000000004,swap,notBad
11201,6,501.73999999999995,2,263.08000000000004,2opt,notBad
11202,6,501.73999999999995,2,263.08000000000004,2opt,notBad
11203,6,501.73999999999995,2,263.08000000000004,swap,notBad
11204,6,501.73999999999995,2,263.08000000000004,2opt,notBad
11205,6,501.73999999999995,2,263.08000000000004,2opt,notBad
11206,6,501.73999999999995,2,263.08000000000004,move,improve
11207,6,501.73999999999995,2,263.08000000000004,move,improve
11208,6,501.73999999999995,2,263.08000000000004,swap,notBad
11209,6,501.73999999999995,2,263.08000000000004,2opt,notBad
11210,6,501.73999999999995,2,263.08000000000004,2opt,notBad
11211,6,501.73999999999995,2,263.08000000000004,2opt,notBad
11212,6,501.73999999999995,2,263.08000000000004,swap,notBad
11213,6,501.73999999999995,2,263.08000000000004,swap,notBad
11214,6,501.73999999999995,2,263.08000000000004,swap,notBad
11215,6,501.73999999999995,2,263.08000000000004,swap,notBad
11216,6,501.73999999999995,2,263.08000000000004,swap,notBad
11217,6,501.73999999999995,2,263.08000000000004,2opt,notBad
11218,6,501.73999999999995,2,263.08000000000004,2opt,notBad
11219,6,501.73999999999995,2,263.08000000000004,2opt,notBad
11220,6,501.73999999999995,2,263.08000000000004,swap,notBad
11221,6,501.73999999999995,2,263.08000000000004,2opt,notBad
11222,6,501.73999999999995,2,263.08000000000004,swap,notBad
11223,6,501.73999999999995,2,263.08000000000004,2opt,notBad
11224,6,501.73999999999995,2,263.08000000000004,2opt,notBad
11225,6,501.73999999999995,2,263.08000000000004,2opt,notBad
11226,6,501.73999999999995,2,263.08000000000004,swap,notBad
11227,6,501.73999999999995,2,263.08000000000004,2opt,notBad
11228,6,501.73999999999995,2,263.08000000000004,swap,notBad
11229,6,501.73999999999995,2,263.08000000000004,2opt,notBad
11230,6,501.73999999999995,2,263.08000000000004,2opt,notBad
11231,6,501.73999999999995,2,263.08000000000004,swap,notBad
11232,6,501.73999999999995,2,263.08000000000004,move,improve
11233,6,501.73999999999995,2,263.08000000000004,move,improve
11234,6,501.73999999999995,2,263.08000000000004,2opt,notBad
11235,6,501.73999999999995,2,263.08000000000004,swap,notBad
11236,6,501.73999999999995,2,263.08000000000004,swap,notBad
11237,6,501.73999999999995,2,263.08000000000004,swap,notBad
11238,6,501.73999999999995,2,263.08000000000004,move,improve
11239,6,501.73999999999995,2,263.08000000000004,2opt,notBad
11240,6,501.73999999999995,2,263.08000000000004,2opt,notBad
11241,6,501.73999999999995,2,263.08000000000004,2opt,notBad
11242,6,501.73999999999995,2,263.08000000000004,2opt,notBad
11243,6,501.73999999999995,2,263.08000000000004,move,improve
11244,6,501.73999999999995,2,263.08000000000004,2opt,notBad
11245,6,501.73999999999995,2,263.08000000000004,swap,notBad
11246,6,501.73999999999995,2,263.08000000000004,2opt,notBad
11247,6,501.73999999999995,2,263.08000000000004,swap,notBad
11248,6,501.73999999999995,2,263.08000000000004,move,improve
11249,6,501.73999999999995,2,263.08000000000004,swap,notBad
11250,6,501.73999999999995,2,263.08000000000004,move,improve
11251,6,501.73999999999995,2,263.08000000000004,move,improve
11252,6,501.73999999999995,2,263.08000000000004,swap,notBad
11253,6,501.73999999999995,2,263.08000000000004,swap,notBad
11254,6,501.73999999999995,2,263.08000000000004,move,improve
11255,6,501.73999999999995,2,263.08000000000004,swap,notBad
11256,6,501.73999999999995,2,263.08000000000004,swap,notBad
11257,6,501.73999999999995,2,263.08000000000004,move,improve
11258,6,501.73999999999995,2,263.08000000000004,swap,notBad
11259,6,501.73999999999995,2,263.08000000000004,2opt,notBad
11260,6,501.73999999999995,2,263.08000000000004,move,improve
11261,6,501.73999999999995,2,263.08000000000004,move,improve
11262,6,501.73999999999995,2,263.08000000000004,2opt,notBad
11263,6,501.73999999999995,2,263.08000000000004,move,improve
11264,6,501.73999999999995,2,263.08000000000004,move,improve
11265,6,501.73999999999995,2,263.08000000000004,swap,notBad
11266,6,501.73999999999995,2,263.08000000000004,2opt,notBad
11267,6,501.73999999999995,2,263.08000000000004,move,improve
11268,6,501.73999999999995,2,263.08000000000004,move,improve
11269,6,501.73999999999995,2,263.08000000000004,move,improve
11270,6,501.73999999999995,2,263.08000000000004,swap,notBad
11271,6,501.73999999999995,2,263.08000000000004,swap,notBad
11272,6,501.73999999999995,2,263.08000000000004,move,improve
11273,6,501.73999999999995,2,263.08000000000004,move,improve
11274,6,501.73999999999995,2,263.08000000000004,swap,notBad
11275,6,501.73999999999995,2,263.08000000000004,swap,notBad
11276,6,501.73999999999995,2,263.08000000000004,swap,notBad
11277,6,501.73999999999995,2,263.08000000000004,2opt,notBad
11278,6,501.73999999999995,2,263.08000000000004,swap,notBad
11279,6,501.73999999999995,2,263.08000000000004,move,improve
11280,6,501.73999999999995,2,263.08000000000004,move,improve
11281,6,501.73999999999995,2,263.08000000000004,swap,notBad
11282,6,501.73999999999995,2,263.08000000000004,move,improve
11283,6,501.73999999999995,2,263.08000000000004,2opt,notBad
11284,6,501.73999999999995,2,263.08000000000004,swap,notBad
11285,6,501.73999999999995,2,263.08000000000004,swap,notBad
11286,6,501.73999999999995,2,263.08000000000004,swap,notBad
11287,6,501.73999999999995,2,263.08000000000004,swap,notBad
11288,6,501.73999999999995,2,263.08000000000004,2opt,notBad
11289,6,501.73999999999995,2,263.08000000000004,2opt,notBad
11290,6,501.73999999999995,2,263.08000000000004,swap,notBad
11291,6,501.73999999999995,2,263.08000000000004,swap,notBad
11292,6,501.73999999999995,2,263.08000000000004,move,improve
11293,6,501.73999999999995,2,263.08000000000004,2opt,notBad
11294,6,501.73999999999995,2,263.08000000000004,move,improve
11295,6,501.73999999999995,2,263.08000000000004,2opt,notBad
11296,6,501.73999999999995,2,263.08000000000004,swap,notBad
11297,6,501.73999999999995,2,263.08000000000004,swap,notBad
11298,6,501.73999999999995,2,263.08000000000004,2opt,notBad
11299,6,501.73999999999995,2,263.08000000000004,2opt,notBad
11300,6,501.73999999999995,2,263.08000000000004,move,improve
11301,6,501.73999999999995,2,263.08000000000004,swap,notBad
11302,6,501.73999999999995,2,263.08000000000004,move,improve
11303,6,501.73999999999995,2,263.08000000000004,swap,notBad
11304,6,501.73999999999995,2,263.08000000000004,move,improve
11305,6,501.73999999999995,2,263.08000000000004,swap,notBad
11306,6,501.73999999999995,2,263.08000000000004,swap,notBad
11307,6,501.73999999999995,2,263.08000000000004,2opt,notBad
11308,6,501.73999999999995,2,263.08000000000004,move,improve
11309,6,501.73999999999995,2,263.08000000000004,move,improve
11310,6,501.73999999999995,2,263.08000000000004,2opt,notBad
11311,6,501.73999999999995,2,263.08000000000004,swap,notBad
11312,6,501.73999999999995,2,263.08000000000004,2opt,notBad
11313,6,501.73999999999995,2,263.08000000000004,swap,notBad
11314,6,501.73999999999995,2,263.08000000000004,2opt,notBad
11315,6,501.73999999999995,2,263.08000000000004,2opt,notBad
11316,6,501.73999999999995,2,263.08000000000004,swap,notBad
11317,6,501.73999999999995,2,263.08000000000004,2opt,notBad
11318,6,501.73999999999995,2,263.08000000000004,2opt,notBad
11319,6,501.73999999999995,2,263.08000000000004,move,improve
11320,6,501.73999999999995,2,263.08000000000004,swap,notBad
11321,6,501.73999999999995,2,263.08000000000004,swap,notBad
11322,6,501.73999999999995,2,263.08000000000004,swap,notBad
11323,6,501.73999999999995,2,263.08000000000004,swap,notBad
11324,6,501.73999999999995,2,263.08000000000004,2opt,notBad
11325,6,501.73999999999995,2,263.08000000000004,swap,notBad
11326,6,501.73999999999995,2,263.08000000000004,swap,notBad
11327,6,501.73999999999995,2,263.08000000000004,2opt,notBad
11328,6,501.73999999999995,2,263.08000000000004,move,improve
11329,6,501.73999999999995,2,263.08000000000004,2opt,notBad
11330,6,501.73999999999995,2,263.08000000000004,move,improve
11331,6,501.73999999999995,2,263.08000000000004,move,improve
11332,6,501.8599999999999,2,263.08000000000004,swap,acceptBad
11333,6,501.8599999999999,2,263.08000000000004,2opt,notBad
11334,6,501.8599999999999,2,263.08000000000004,move,improve
11335,6,501.8599999999999,2,263.08000000000004,2opt,notBad
11336,6,501.8599999999999,2,263.08000000000004,move,improve
11337,6,501.8599999999999,2,263.08000000000004,move,improve
11338,6,501.8599999999999,2,263.08000000000004,move,improve
11339,6,501.8599999999999,2,263.08000000000004,swap,notBad
11340,6,501.8599999999999,2,263.08000000000004,swap,notBad
11341,6,501.8599999999999,2,263.08000000000004,swap,notBad
11342,6,501.8599999999999,2,263.08000000000004,swap,notBad
11343,6,501.8599999999999,2,263.08000000000004,2opt,notBad
11344,6,501.8599999999999,2,263.08000000000004,swap,notBad
11345,6,501.8599999999999,2,263.08000000000004,2opt,notBad
11346,6,501.8599999999999,2,263.08000000000004,2opt,notBad
11347,6,501.8599999999999,2,263.08000000000004,2opt,notBad
11348,6,501.8599999999999,2,263.08000000000004,swap,notBad
11349,6,501.8599999999999,2,263.08000000000004,swap,notBad
11350,6,501.8599999999999,2,263.08000000000004,2opt,notBad
11351,6,501.8599999999999,2,263.08000000000004,move,improve
11352,6,501.8599999999999,2,263.08000000000004,swap,notBad
11353,6,501.8599999999999,2,263.08000000000004,swap,notBad
11354,6,501.8599999999999,2,263.08000000000004,2opt,notBad
11355,6,501.8599999999999,2,263.08000000000004,swap,notBad
11356,6,501.8599999999999,2,263.08000000000004,2opt,notBad
11357,6,501.8599999999999,2,263.08000000000004,2opt,notBad
11358,6,501.8599999999999,2,263.08000000000004,swap,notBad
11359,6,501.8599999999999,2,263.08000000000004,2opt,notBad
11360,6,501.8599999999999,2,263.08000000000004,move,improve
11361,6,501.8599999999999,2,263.08000000000004,swap,notBad
11362,6,501.8599999999999,2,263.08000000000004,swap,notBad
11363,6,501.8599999999999,2,263.08000000000004,2opt,notBad
11364,6,501.8599999999999,2,263.08000000000004,2opt,notBad
11365,6,501.8599999999999,2,263.08000000000004,swap,notBad
11366,6,501.8599999999999,2,263.08000000000004,2opt,notBad
11367,6,501.8599999999999,2,263.08000000000004,swap,notBad
11368,6,501.73999999999995,2,263.08000000000004,swap,improve
11369,6,501.73999999999995,2,263.08000000000004,2opt,notBad
11370,6,501.73999999999995,2,263.08000000000004,move,improve
11371,6,501.73999999999995,2,263.08000000000004,move,improve
11372,6,501.73999999999995,2,263.08000000000004,move,improve
11373,6,501.73999999999995,2,263.08000000000004,swap,notBad
11374,6,501.73999999999995,2,263.08000000000004,move,improve
11375,6,501.73999999999995,2,263.08000000000004,2opt,notBad
11376,6,501.73999999999995,2,263.08000000000004,2opt,notBad
11377,6,501.73999999999995,2,263.08000000000004,move,improve
11378,6,501.73999999999995,2,263.08000000000004,swap,notBad
11379,6,501.73999999999995,2,263.08000000000004,move,improve
11380,6,501.73999999999995,2,263.08000000000004,move,improve
11381,6,501.73999999999995,2,263.08000000000004,2opt,notBad
11382,6,501.73999999999995,2,263.08000000000004,2opt,notBad
11383,6,501.73999999999995,2,263.08000000000004,move,improve
11384,6,501.73999999999995,2,263.08000000000004,swap,notBad
11385,6,501.73999999999995,2,263.08000000000004,move,improve
11386,6,501.73999999999995,2,263.08000000000004,move,improve
11387,6,501.73999999999995,2,263.08000000000004,move,improve
11388,6,501.73999999999995,2,263.08000000000004,2opt,notBad
11389,6,501.73999999999995,2,263.08000000000004,swap,notBad
11390,6,501.73999999999995,2,263.08000000000004,move,improve
11391,6,501.73999999999995,2,263.08000000000004,2opt,notBad
11392,6,501.73999999999995,2,263.08000000000004,2opt,notBad
11393,6,501.73999999999995,2,263.08000000000004,move,improve
11394,6,501.73999999999995,2,263.08000000000004,move,improve
11395,6,501.73999999999995,2,263.08000000000004,move,improve
11396,6,501.73999999999995,2,263.08000000000004,move,improve
11397,6,501.73999999999995,2,263.08000000000004,swap,notBad
11398,6,501.73999999999995,2,263.08000000000004,2opt,notBad
11399,6,501.73999999999995,2,263.08000000000004,swap,notBad
11400,6,501.73999999999995,2,263.08000000000004,move,improve
11401,6,501.73999999999995,2,263.08000000000004,swap,notBad
11402,6,501.73999999999995,2,263.08000000000004,swap,notBad
11403,6,501.73999999999995,2,263.08000000000004,2opt,notBad
11404,6,501.73999999999995,2,263.08000000000004,2opt,notBad
11405,6,501.73999999999995,2,263.08000000000004,2opt,notBad
11406,6,501.73999999999995,2,263.08000000000004,swap,notBad
11407,6,501.73999999999995,2,263.08000000000004,move,improve
11408,6,501.73999999999995,2,263.08000000000004,2opt,notBad
11409,6,501.73999999999995,2,263.08000000000004,swap,notBad
11410,6,501.73999999999995,2,263.08000000000004,move,improve
11411,6,501.73999999999995,2,263.08000000000004,move,improve
11412,6,501.73999999999995,2,263.08000000000004,swap,notBad
11413,6,501.73999999999995,2,263.08000000000004,2opt,notBad
11414,6,501.73999999999995,2,263.08000000000004,move,improve
11415,6,501.73999999999995,2,263.08000000000004,swap,notBad
11416,6,501.73999999999995,2,263.08000000000004,move,improve
11417,6,501.73999999999995,2,263.08000000000004,swap,notBad
11418,6,501.73999999999995,2,263.08000000000004,move,improve
11419,6,501.73999999999995,2,263.08000000000004,2opt,notBad
11420,6,501.73999999999995,2,263.08000000000004,move,improve
11421,6,501.73999999999995,2,263.08000000000004,swap,notBad
11422,6,501.73999999999995,2,263.08000000000004,swap,notBad
11423,6,501.73999999999995,2,263.08000000000004,swap,notBad
11424,6,501.73999999999995,2,263.08000000000004,2opt,notBad
11425,6,501.73999999999995,2,263.08000000000004,swap,notBad
11426,6,501.73999999999995,2,263.08000000000004,move,improve
11427,6,501.73999999999995,2,263.08000000000004,move,improve
11428,6,501.73999999999995,2,263.08000000000004,move,improve
11429,6,501.73999999999995,2,263.08000000000004,swap,notBad
11430,6,501.73999999999995,2,263.08000000000004,2opt,improve
11431,6,501.73999999999995,2,263.08000000000004,move,improve
11432,6,501.73999999999995,2,263.08000000000004,move,improve
11433,6,501.73999999999995,2,263.08000000000004,swap,notBad
11434,6,501.73999999999995,2,263.08000000000004,move,improve
11435,6,501.73999999999995,2,263.08000000000004,move,improve
11436,6,501.73999999999995,2,263.08000000000004,swap,notBad
11437,6,501.73999999999995,2,263.08000000000004,2opt,notBad
11438,6,501.73999999999995,2,263.08000000000004,swap,notBad
11439,6,501.73999999999995,2,263.08000000000004,2opt,notBad
11440,6,501.73999999999995,2,263.08000000000004,2opt,notBad
11441,6,501.73999999999995,2,263.08000000000004,swap,notBad
11442,6,501.73999999999995,2,263.08000000000004,move,improve
11443,6,501.73999999999995,2,263.08000000000004,move,improve
11444,6,501.73999999999995,2,263.08000000000004,swap,notBad
11445,6,501.73999999999995,2,263.08000000000004,2opt,notBad
11446,6,501.73999999999995,2,263.08000000000004,2opt,notBad
11447,6,501.73999999999995,2,263.08000000000004,move,improve
11448,6,501.73999999999995,2,263.08000000000004,swap,notBad
11449,6,501.73999999999995,2,263.08000000000004,swap,notBad
11450,6,501.73999999999995,2,263.08000000000004,2opt,notBad
11451,6,501.73999999999995,2,263.08000000000004,2opt,notBad
11452,6,501.8599999999999,2,263.08000000000004,swap,acceptBad
11453,6,501.8599999999999,2,263.08000000000004,move,improve
11454,6,501.8599999999999,2,263.08000000000004,move,improve
11455,6,501.8599999999999,2,263.08000000000004,move,improve
11456,6,501.8599999999999,2,263.08000000000004,2opt,notBad
11457,6,501.8599999999999,2,263.08000000000004,move,notBad
11458,6,501.8599999999999,2,263.08000000000004,2opt,notBad
11459,6,501.8599999999999,2,263.08000000000004,swap,notBad
11460,6,501.8599999999999,2,263.08000000000004,2opt,notBad
11461,6,501.8599999999999,2,263.08000000000004,2opt,notBad
11462,6,501.8599999999999,2,263.08000000000004,move,improve
11463,6,501.8599999999999,2,263.08000000000004,move,improve
11464,6,501.8599999999999,2,263.08000000000004,swap,notBad
11465,6,501.8599999999999,2,263.08000000000004,swap,notBad
11466,6,501.8599999999999,2,263.08000000000004,move,improve
11467,6,501.8599999999999,2,263.08000000000004,2opt,notBad
11468,6,501.8599999999999,2,263.08000000000004,2opt,notBad
11469,6,501.8599999999999,2,263.08000000000004,swap,notBad
11470,6,501.8599999999999,2,263.08000000000004,move,improve
11471,6,501.8599999999999,2,263.08000000000004,move,improve
11472,6,501.8599999999999,2,263.08000000000004,swap,notBad
11473,6,501.8599999999999,2,263.08000000000004,swap,notBad
11474,6,501.8599999999999,2,263.08000000000004,move,improve
11475,6,501.8599999999999,2,263.08000000000004,swap,notBad
11476,6,501.8599999999999,2,263.08000000000004,swap,notBad
11477,6,501.8599999999999,2,263.08000000000004,2opt,notBad
11478,6,501.8599999999999,2,263.08000000000004,2opt,notBad
11479,6,501.8599999999999,2,263.08000000000004,move,improve
11480,6,501.8599999999999,2,263.08000000000004,swap,notBad
11481,6,501.8599999999999,2,263.08000000000004,move,improve
11482,6,501.8599999999999,2,263.08000000000004,move,improve
11483,6,501.8599999999999,2,263.08000000000004,move,improve
11484,6,501.8599999999999,2,263.08000000000004,swap,notBad
11485,6,501.8599999999999,2,263.08000000000004,move,improve
11486,6,501.8599999999999,2,263.08000000000004,swap,notBad
11487,6,501.8599999999999,2,263.08000000000004,move,improve
11488,6,501.8599999999999,2,263.08000000000004,swap,notBad
11489,6,501.8599999999999,2,263.08000000000004,2opt,notBad
11490,6,501.8599999999999,2,263.08000000000004,swap,notBad
11491,6,501.8599999999999,2,263.08000000000004,swap,notBad
11492,6,501.8599999999999,2,263.08000000000004,move,improve
11493,6,501.8599999999999,2,263.08000000000004,move,improve
11494,6,501.8599999999999,2,263.08000000000004,2opt,notBad
11495,6,501.8599999999999,2,263.08000000000004,2opt,notBad
11496,6,501.8599999999999,2,263.08000000000004,swap,notBad
11497,6,501.8599999999999,2,263.08000000000004,move,improve
11498,6,501.8599999999999,2,263.08000000000004,swap,notBad
11499,6,501.8599999999999,2,263.08000000000004,swap,notBad
11500,6,501.8599999999999,2,263.08000000000004,move,improve
11501,6,501.8599999999999,2,263.08000000000004,swap,notBad
11502,6,501.8599999999999,2,263.08000000000004,swap,notBad
11503,6,501.8599999999999,2,263.08000000000004,move,improve
11504,6,501.73999999999995,2,263.08000000000004,move,improve
11505,6,501.73999999999995,2,263.08000000000004,2opt,notBad
11506,6,501.73999999999995,2,263.08000000000004,move,improve
11507,6,501.73999999999995,2,263.08000000000004,move,improve
11508,6,501.73999999999995,2,263.08000000000004,swap,notBad
11509,6,501.73999999999995,2,263.08000000000004,swap,notBad
11510,6,501.73999999999995,2,263.08000000000004,move,improve
11511,6,501.73999999999995,2,263.08000000000004,2opt,improve
11512,6,501.73999999999995,2,263.08000000000004,move,improve
11513,6,501.73999999999995,2,263.08000000000004,2opt,notBad
11514,6,501.73999999999995,2,263.08000000000004,swap,notBad
11515,6,501.73999999999995,2,263.08000000000004,swap,notBad
11516,6,501.73999999999995,2,263.08000000000004,move,improve
11517,6,501.73999999999995,2,263.08000000000004,move,improve
11518,6,501.73999999999995,2,263.08000000000004,2opt,notBad
11519,6,501.73999999999995,2,263.08000000000004,move,improve
11520,6,501.73999999999995,2,263.08000000000004,swap,notBad
11521,6,501.73999999999995,2,263.08000000000004,swap,notBad
11522,6,501.73999999999995,2,263.08000000000004,swap,notBad
11523,6,501.73999999999995,2,263.08000000000004,move,improve
11524,6,501.73999999999995,2,263.08000000000004,move,improve
11525,6,501.73999999999995,2,263.08000000000004,move,improve
11526,6,501.73999999999995,2,263.08000000000004,swap,notBad
11527,6,501.73999999999995,2,263.08000000000004,move,improve
11528,6,501.73999999999995,2,263.08000000000004,move,improve
11529,6,501.73999999999995,2,263.08000000000004,swap,notBad
11530,6,501.73999999999995,2,263.08000000000004,2opt,improve
11531,6,501.73999999999995,2,263.08000000000004,2opt,notBad
11532,6,501.73999999999995,2,263.08000000000004,2opt,notBad
11533,6,500.9599999999999,2,263.08000000000004,swap,improve
11534,6,500.9599999999999,2,263.08000000000004,move,improve
11535,6,500.9599999999999,2,263.08000000000004,2opt,notBad
11536,6,500.9599999999999,2,263.08000000000004,move,improve
11537,6,500.9599999999999,2,263.08000000000004,swap,notBad
11538,6,500.9599999999999,2,263.08000000000004,2opt,notBad
11539,6,500.9599999999999,2,263.08000000000004,move,improve
11540,6,500.9599999999999,2,263.08000000000004,move,improve
11541,6,500.9599999999999,2,263.08000000000004,move,improve
11542,6,500.9599999999999,2,263.08000000000004,move,improve
11543,6,500.9599999999999,2,263.08000000000004,2opt,notBad
11544,6,500.9599999999999,2,263.08000000000004,move,improve
11545,6,500.9599999999999,2,263.08000000000004,2opt,notBad
11546,6,500.9599999999999,2,263.08000000000004,move,improve
11547,6,500.9599999999999,2,263.08000000000004,move,improve
11548,6,500.9599999999999,2,263.08000000000004,move,improve
11549,6,500.9599999999999,2,263.08000000000004,2opt,notBad
11550,6,500.9599999999999,2,263.08000000000004,move,improve
11551,6,500.9599999999999,2,263.08000000000004,2opt,notBad
11552,6,500.9599999999999,2,263.08000000000004,swap,notBad
11553,6,500.9599999999999,2,263.08000000000004,2opt,notBad
11554,6,500.9599999999999,2,263.08000000000004,swap,notBad
11555,6,500.9599999999999,2,263.08000000000004,2opt,notBad
11556,6,500.9599999999999,2,263.08000000000004,move,improve
11557,6,500.9599999999999,2,263.08000000000004,2opt,notBad
11558,6,500.9599999999999,2,263.08000000000004,move,improve
11559,6,500.9599999999999,2,263.08000000000004,move,improve
11560,6,500.9599999999999,2,263.08000000000004,swap,notBad
11561,6,500.9599999999999,2,263.08000000000004,move,improve
11562,6,500.9599999999999,2,263.08000000000004,swap,notBad
11563,6,500.9599999999999,2,263.08000000000004,2opt,notBad
11564,6,500.9599999999999,2,263.08000000000004,move,improve
11565,6,500.9599999999999,2,263.08000000000004,2opt,notBad
11566,6,500.9599999999999,2,263.08000000000004,2opt,improve
11567,6,500.9599999999999,2,263.08000000000004,swap,notBad
11568,6,500.9599999999999,2,263.08000000000004,swap,notBad
11569,6,500.9599999999999,2,263.08000000000004,2opt,notBad
11570,6,500.9599999999999,2,263.08000000000004,move,improve
11571,6,500.9599999999999,2,263.08000000000004,2opt,notBad
11572,6,500.9599999999999,2,263.08000000000004,2opt,notBad
11573,6,500.9599999999999,2,263.08000000000004,2opt,notBad
11574,6,500.9599999999999,2,263.08000000000004,move,improve
11575,6,500.9599999999999,2,263.08000000000004,2opt,notBad
11576,6,500.9599999999999,2,263.08000000000004,swap,notBad
11577,6,500.9599999999999,2,263.08000000000004,move,improve
11578,6,500.9599999999999,2,263.08000000000004,swap,notBad
11579,6,500.9599999999999,2,263.08000000000004,move,improve
11580,6,500.9599999999999,2,263.08000000000004,2opt,notBad
11581,6,500.9599999999999,2,263.08000000000004,swap,notBad
11582,6,500.9599999999999,2,263.08000000000004,move,improve
11583,6,500.9599999999999,2,263.08000000000004,2opt,notBad
11584,6,500.9599999999999,2,263.08000000000004,move,improve
11585,6,500.9599999999999,2,263.08000000000004,2opt,improve
11586,6,500.9599999999999,2,263.08000000000004,2opt,notBad
11587,6,500.9599999999999,2,263.08000000000004,move,improve
11588,6,500.9599999999999,2,263.08000000000004,swap,notBad
11589,6,500.9599999999999,2,263.08000000000004,swap,notBad
11590,6,500.9599999999999,2,263.08000000000004,2opt,notBad
11591,6,500.9599999999999,2,263.08000000000004,2opt,notBad
11592,6,500.9599999999999,2,263.08000000000004,move,improve
11593,6,500.9599999999999,2,263.08000000000004,2opt,notBad
11594,6,500.9599999999999,2,263.08000000000004,move,improve
11595,6,500.9599999999999,2,263.08000000000004,swap,notBad
11596,6,500.9599999999999,2,263.08000000000004,swap,notBad
11597,6,500.9599999999999,2,263.08000000000004,swap,notBad
11598,6,500.9599999999999,2,263.08000000000004,swap,notBad
11599,6,500.9599999999999,2,263.08000000000004,2opt,notBad
11600,6,500.9599999999999,2,263.08000000000004,2opt,notBad
11601,6,500.9599999999999,2,263.08000000000004,move,improve
11602,6,500.9599999999999,2,263.08000000000004,2opt,notBad
11603,6,500.9599999999999,2,263.08000000000004,move,improve
11604,6,500.9599999999999,2,263.08000000000004,swap,notBad
11605,6,500.9599999999999,2,263.08000000000004,move,improve
11606,6,500.9599999999999,2,263.08000000000004,swap,notBad
11607,6,500.9599999999999,2,263.08000000000004,2opt,notBad
11608,6,500.9599999999999,2,263.08000000000004,swap,notBad
11609,6,500.9599999999999,2,263.08000000000004,2opt,notBad
11610,6,500.9599999999999,2,263.08000000000004,2opt,notBad
11611,6,500.9599999999999,2,263.08000000000004,2opt,notBad
11612,6,500.9599999999999,2,263.08000000000004,2opt,notBad
11613,6,500.9599999999999,2,263.08000000000004,move,improve
11614,6,500.9599999999999,2,263.08000000000004,swap,notBad
11615,6,500.9599999999999,2,263.08000000000004,2opt,notBad
11616,6,500.9599999999999,2,263.08000000000004,2opt,notBad
11617,6,500.9599999999999,2,263.08000000000004,2opt,notBad
11618,6,500.9599999999999,2,263.08000000000004,move,improve
11619,6,500.9599999999999,2,263.08000000000004,move,improve
11620,6,500.9599999999999,2,263.08000000000004,move,improve
11621,6,500.9599999999999,2,263.08000000000004,move,improve
11622,6,500.9599999999999,2,263.08000000000004,2opt,notBad
11623,6,500.9599999999999,2,263.08000000000004,2opt,notBad
11624,6,500.9599999999999,2,263.08000000000004,move,improve
11625,6,500.9599999999999,2,263.08000000000004,swap,notBad
11626,6,500.9599999999999,2,263.08000000000004,2opt,notBad
11627,6,500.9599999999999,2,263.08000000000004,swap,notBad
11628,6,500.9599999999999,2,263.08000000000004,2opt,notBad
11629,6,500.9599999999999,2,263.08000000000004,move,improve
11630,6,500.9599999999999,2,263.08000000000004,swap,notBad
11631,6,500.9599999999999,2,263.08000000000004,2opt,notBad
11632,6,500.9599999999999,2,263.08000000000004,move,improve
11633,6,500.9599999999999,2,263.08000000000004,move,improve
11634,6,500.9599999999999,2,263.08000000000004,2opt,notBad
11635,6,500.9599999999999,2,263.08000000000004,move,improve
11636,6,500.9599999999999,2,263.08000000000004,swap,notBad
11637,6,500.9599999999999,2,263.08000000000004,move,improve
11638,6,500.9599999999999,2,263.08000000000004,swap,notBad
11639,6,500.9599999999999,2,263.08000000000004,swap,notBad
11640,6,500.9599999999999,2,263.08000000000004,move,improve
11641,6,500.9599999999999,2,263.08000000000004,move,improve
11642,6,501.0799999999999,2,263.08000000000004,swap,acceptBad
11643,6,501.0799999999999,2,263.08000000000004,swap,notBad
11644,6,501.0799999999999,2,263.08000000000004,swap,notBad
11645,6,501.0799999999999,2,263.08000000000004,2opt,notBad
11646,6,501.0799999999999,2,263.08000000000004,move,improve
11647,6,501.0799999999999,2,263.08000000000004,2opt,notBad
11648,6,501.0799999999999,2,263.08000000000004,swap,notBad
11649,6,501.0799999999999,2,263.08000000000004,2opt,notBad
11650,6,501.0799999999999,2,263.08000000000004,2opt,notBad
11651,6,501.0799999999999,2,263.08000000000004,move,improve
11652,6,501.0799999999999,2,263.08000000000004,2opt,notBad
11653,6,501.0799999999999,2,263.08000000000004,2opt,notBad
11654,6,501.0799999999999,2,263.08000000000004,2opt,notBad
11655,6,501.0799999999999,2,263.08000000000004,move,improve
11656,6,501.0799999999999,2,263.08000000000004,swap,notBad
11657,6,501.0799999999999,2,263.08000000000004,move,improve
11658,6,501.0799999999999,2,263.08000000000004,2opt,notBad
11659,6,501.0799999999999,2,263.08000000000004,move,improve
11660,6,501.0799999999999,2,263.08000000000004,swap,notBad
11661,6,501.0799999999999,2,263.08000000000004,2opt,notBad
11662,6,501.0799999999999,2,263.08000000000004,2opt,notBad
11663,6,501.0799999999999,2,263.08000000000004,2opt,notBad
11664,6,501.0799999999999,2,263.08000000000004,move,improve
11665,6,501.0799999999999,2,263.08000000000004,2opt,notBad
11666,6,501.0799999999999,2,263.08000000000004,move,improve
11667,6,501.0799999999999,2,263.08000000000004,swap,notBad
11668,6,501.0799999999999,2,263.08000000000004,move,improve
11669,6,501.0799999999999,2,263.08000000000004,move,improve
11670,6,501.0799999999999,2,263.08000000000004,move,improve
11671,6,501.0799999999999,2,263.08000000000004,move,improve
11672,6,501.0799999999999,2,263.08000000000004,swap,notBad
11673,6,501.0799999999999,2,263.08000000000004,swap,notBad
11674,6,501.0799999999999,2,263.08000000000004,2opt,notBad
11675,6,501.0799999999999,2,263.08000000000004,move,improve
11676,6,501.0799999999999,2,263.08000000000004,swap,notBad
11677,6,501.0799999999999,2,263.08000000000004,move,improve
11678,6,501.0799999999999,2,263.08000000000004,move,improve
11679,6,501.0799999999999,2,263.08000000000004,2opt,notBad
11680,6,501.0799999999999,2,263.08000000000004,2opt,notBad
11681,6,501.0799999999999,2,263.08000000000004,swap,notBad
11682,6,501.0799999999999,2,263.08000000000004,2opt,improve
11683,6,501.0799999999999,2,263.08000000000004,2opt,notBad
11684,6,501.0799999999999,2,263.08000000000004,swap,notBad
11685,6,501.0799999999999,2,263.08000000000004,swap,notBad
11686,6,501.53999999999974,2,263.08000000000004,swap,acceptBad
11687,6,501.53999999999974,2,263.08000000000004,swap,notBad
11688,6,501.53999999999974,2,263.08000000000004,move,improve
11689,6,501.53999999999974,2,263.08000000000004,move,improve
11690,6,501.53999999999974,2,263.08000000000004,swap,notBad
11691,6,501.53999999999974,2,263.08000000000004,swap,notBad
11692,6,501.53999999999974,2,263.08000000000004,2opt,notBad
11693,6,501.53999999999974,2,263.08000000000004,move,improve
11694,6,501.53999999999974,2,263.08000000000004,move,improve
11695,6,501.53999999999974,2,263.08000000000004,swap,notBad
11696,6,501.53999999999974,2,263.08000000000004,2opt,notBad
11697,6,501.53999999999974,2,263.08000000000004,swap,notBad
11698,6,500.8599999999989,2,263.08000000000004,move,improve
11699,6,500.8599999999989,2,263.08000000000004,2opt,notBad
11700,6,500.8599999999989,2,263.08000000000004,2opt,notBad
11701,6,500.8599999999989,2,263.08000000000004,2opt,notBad
11702,6,500.8599999999989,2,263.08000000000004,move,improve
11703,6,500.8599999999989,2,263.08000000000004,move,improve
11704,6,500.8599999999989,2,263.08000000000004,2opt,notBad
11705,6,500.8599999999989,2,263.08000000000004,move,improve
11706,6,500.8599999999989,2,263.08000000000004,2opt,notBad
11707,6,500.8599999999989,2,263.08000000000004,swap,notBad
11708,6,500.8599999999989,2,263.08000000000004,swap,notBad
11709,6,500.8599999999989,2,263.08000000000004,swap,notBad
11710,6,500.8599999999989,2,263.08000000000004,2opt,notBad
11711,6,500.8599999999989,2,263.08000000000004,swap,notBad
11712,6,500.8599999999989,2,263.08000000000004,move,improve
11713,6,500.8599999999989,2,263.08000000000004,move,improve
11714,6,500.8599999999989,2,263.08000000000004,move,improve
11715,6,500.8599999999989,2,263.08000000000004,move,improve
11716,6,500.8599999999989,2,263.08000000000004,2opt,notBad
11717,6,500.8599999999989,2,263.08000000000004,swap,notBad
11718,6,500.8599999999989,2,263.08000000000004,swap,notBad
11719,6,500.8599999999989,2,263.08000000000004,swap,notBad
11720,6,500.8599999999989,2,263.08000000000004,move,improve
11721,6,500.8599999999989,2,263.08000000000004,2opt,notBad
11722,6,500.8599999999989,2,263.08000000000004,swap,notBad
11723,6,500.8599999999989,2,263.08000000000004,swap,notBad
11724,6,500.8599999999989,2,263.08000000000004,2opt,notBad
11725,6,500.8599999999989,2,263.08000000000004,swap,notBad
11726,6,500.8599999999989,2,263.08000000000004,move,improve
11727,6,500.8599999999989,2,263.08000000000004,2opt,notBad
11728,6,500.8599999999989,2,263.08000000000004,2opt,notBad
11729,6,500.8599999999989,2,263.08000000000004,2opt,notBad
11730,6,500.8599999999989,2,263.08000000000004,swap,notBad
11731,6,500.8599999999989,2,263.08000000000004,2opt,notBad
11732,6,500.8599999999989,2,263.08000000000004,swap,notBad
11733,6,500.8599999999989,2,263.08000000000004,move,improve
11734,6,500.8599999999989,2,263.08000000000004,swap,notBad
11735,6,500.8599999999989,2,263.08000000000004,move,improve
11736,6,500.8599999999989,2,263.08000000000004,move,improve
11737,6,500.8599999999989,2,263.08000000000004,2opt,improve
11738,6,500.8599999999989,2,263.08000000000004,2opt,notBad
11739,6,500.8599999999989,2,263.08000000000004,2opt,notBad
11740,6,500.8599999999989,2,263.08000000000004,move,improve
11741,6,500.8599999999989,2,263.08000000000004,move,notBad
11742,6,500.8599999999989,2,263.08000000000004,2opt,notBad
11743,6,500.8599999999989,2,263.08000000000004,swap,notBad
11744,6,500.8599999999989,2,263.08000000000004,2opt,notBad
11745,6,500.8599999999989,2,263.08000000000004,swap,notBad
11746,6,500.8599999999989,2,263.08000000000004,swap,notBad
11747,6,500.8599999999989,2,263.08000000000004,swap,notBad
11748,6,500.8599999999989,2,263.08000000000004,move,improve
11749,6,500.8599999999989,2,263.08000000000004,2opt,notBad
11750,6,500.8599999999989,2,263.08000000000004,move,improve
11751,6,500.8599999999989,2,263.08000000000004,2opt,notBad
11752,6,500.8599999999989,2,263.08000000000004,move,improve
11753,6,500.8599999999989,2,263.08000000000004,swap,notBad
11754,6,500.8599999999989,2,263.08000000000004,swap,notBad
11755,6,500.8599999999989,2,263.08000000000004,2opt,notBad
11756,6,500.8599999999989,2,263.08000000000004,move,improve
11757,6,500.8599999999989,2,263.08000000000004,swap,notBad
11758,6,500.8599999999989,2,263.08000000000004,swap,notBad
11759,6,500.8599999999989,2,263.08000000000004,2opt,notBad
11760,6,500.8599999999989,2,263.08000000000004,2opt,notBad
11761,6,500.8599999999989,2,263.08000000000004,2opt,notBad
11762,6,500.8599999999989,2,263.08000000000004,2opt,notBad
11763,6,500.8599999999989,2,263.08000000000004,move,improve
11764,6,500.8599999999989,2,263.08000000000004,2opt,notBad
11765,6,500.8599999999989,2,263.08000000000004,2opt,notBad
11766,6,500.8599999999989,2,263.08000000000004,swap,notBad
11767,6,500.8599999999989,2,263.08000000000004,move,improve
11768,6,500.8599999999989,2,263.08000000000004,move,improve
11769,6,500.8599999999989,2,263.08000000000004,swap,notBad
11770,6,500.8599999999989,2,263.08000000000004,swap,notBad
11771,6,500.8599999999989,2,263.08000000000004,swap,notBad
11772,6,500.8599999999989,2,263.08000000000004,2opt,improve
11773,6,500.8599999999989,2,263.08000000000004,2opt,notBad
11774,6,500.8599999999989,2,263.08000000000004,2opt,notBad
11775,6,500.8599999999989,2,263.08000000000004,swap,notBad
11776,6,500.8599999999989,2,263.08000000000004,swap,notBad
11777,6,500.8599999999989,2,263.08000000000004,2opt,notBad
11778,6,500.8599999999989,2,263.08000000000004,move,improve
11779,6,500.8599999999989,2,263.08000000000004,move,improve
11780,6,500.8599999999989,2,263.08000000000004,swap,notBad
11781,6,500.8599999999989,2,263.08000000000004,2opt,notBad
11782,6,500.8599999999989,2,263.08000000000004,swap,notBad
11783,6,500.8599999999989,2,263.08000000000004,2opt,improve
11784,6,500.8599999999989,2,263.08000000000004,2opt,notBad
11785,6,500.8599999999989,2,263.08000000000004,move,improve
11786,6,500.8599999999989,2,263.08000000000004,move,improve
11787,6,500.8599999999989,2,263.08000000000004,2opt,notBad
11788,6,500.8599999999989,2,263.08000000000004,2opt,notBad
11789,6,500.8599999999989,2,263.08000000000004,2opt,notBad
11790,6,500.8599999999989,2,263.08000000000004,swap,notBad
11791,6,500.8599999999989,2,263.08000000000004,move,improve
11792,6,500.8599999999989,2,263.08000000000004,2opt,notBad
11793,6,500.8599999999989,2,263.08000000000004,swap,notBad
11794,6,500.8599999999989,2,263.08000000000004,move,improve
11795,6,500.8599999999989,2,263.08000000000004,move,improve
11796,6,500.8599999999989,2,263.08000000000004,2opt,notBad
11797,6,500.8599999999989,2,263.08000000000004,swap,notBad
11798,6,500.8599999999989,2,263.08000000000004,2opt,improve
11799,6,500.7399999999989,2,263.08000000000004,move,improve
11800,6,500.7399999999989,2,263.08000000000004,2opt,notBad
11801,6,500.7399999999989,2,263.08000000000004,2opt,notBad
11802,6,500.7399999999989,2,263.08000000000004,swap,notBad
11803,6,500.7399999999989,2,263.08000000000004,2opt,notBad
11804,6,500.7399999999989,2,263.08000000000004,move,improve
11805,6,500.7399999999989,2,263.08000000000004,move,improve
11806,6,500.7399999999989,2,263.08000000000004,move,improve
11807,6,500.7399999999989,2,263.08000000000004,2opt,notBad
11808,6,500.7399999999989,2,263.08000000000004,swap,notBad
11809,6,500.7399999999989,2,263.08000000000004,swap,notBad
11810,6,500.7399999999989,2,263.08000000000004,swap,notBad
11811,6,500.7399999999989,2,263.08000000000004,move,improve
11812,6,500.7399999999989,2,263.08000000000004,swap,notBad
11813,6,500.7399999999989,2,263.08000000000004,swap,notBad
11814,6,500.7399999999989,2,263.08000000000004,2opt,notBad
11815,6,500.7399999999989,2,263.08000000000004,swap,notBad
11816,6,500.7399999999989,2,263.08000000000004,move,improve
11817,6,500.7399999999989,2,263.08000000000004,2opt,notBad
11818,6,500.7399999999989,2,263.08000000000004,swap,notBad
11819,6,500.7399999999989,2,263.08000000000004,move,improve
11820,6,500.7399999999989,2,263.08000000000004,2opt,improve
11821,6,500.8599999999989,2,263.08000000000004,swap,acceptBad
11822,6,500.8599999999989,2,263.08000000000004,swap,notBad
11823,6,500.8599999999989,2,263.08000000000004,2opt,notBad
11824,6,500.8599999999989,2,263.08000000000004,swap,notBad
11825,6,500.7399999999989,2,263.08000000000004,move,improve
11826,6,500.7399999999989,2,263.08000000000004,swap,notBad
11827,6,500.7399999999989,2,263.08000000000004,move,improve
11828,6,500.7399999999989,2,263.08000000000004,swap,notBad
11829,6,500.7399999999989,2,263.08000000000004,swap,notBad
11830,6,500.7399999999989,2,263.08000000000004,move,improve
11831,6,500.7399999999989,2,263.08000000000004,move,improve
11832,6,500.7399999999989,2,263.08000000000004,move,improve
11833,6,500.7399999999989,2,263.08000000000004,move,improve
11834,6,500.7399999999989,2,263.08000000000004,2opt,improve
11835,6,500.7399999999989,2,263.08000000000004,2opt,notBad
11836,6,500.7399999999989,2,263.08000000000004,2opt,notBad
11837,6,500.7399999999989,2,263.08000000000004,2opt,notBad
11838,6,500.7399999999989,2,263.08000000000004,2opt,notBad
11839,6,500.7399999999989,2,263.08000000000004,2opt,notBad
11840,6,500.7399999999989,2,263.08000000000004,swap,notBad
11841,6,500.7399999999989,2,263.08000000000004,2opt,notBad
11842,6,500.7399999999989,2,263.08000000000004,swap,notBad
11843,6,500.7399999999989,2,263.08000000000004,2opt,notBad
11844,6,500.7399999999989,2,263.08000000000004,2opt,notBad
11845,6,500.7399999999989,2,263.08000000000004,2opt,improve
11846,6,500.9799999999986,2,263.08000000000004,swap,acceptBad
11847,6,500.9799999999986,2,263.08000000000004,2opt,notBad
11848,6,500.9799999999986,2,263.08000000000004,move,improve
11849,6,500.9799999999986,2,263.08000000000004,move,improve
11850,6,500.9799999999986,2,263.08000000000004,swap,notBad
11851,6,500.9799999999986,2,263.08000000000004,move,improve
11852,6,500.9799999999986,2,263.08000000000004,2opt,notBad
11853,6,500.9799999999986,2,263.08000000000004,move,improve
11854,6,500.9799999999986,2,263.08000000000004,2opt,notBad
11855,6,500.9799999999986,2,263.08000000000004,2opt,notBad
11856,6,500.9799999999986,2,263.08000000000004,2opt,notBad
11857,6,500.9799999999986,2,263.08000000000004,move,improve
11858,6,500.9799999999986,2,263.08000000000004,2opt,notBad
11859,6,500.9799999999986,2,263.08000000000004,2opt,notBad
11860,6,500.9799999999986,2,263.08000000000004,swap,notBad
11861,6,500.9799999999986,2,263.08000000000004,move,improve
11862,6,500.9799999999986,2,263.08000000000004,2opt,notBad
11863,6,500.9799999999986,2,263.08000000000004,move,improve
11864,6,500.9799999999986,2,263.08000000000004,2opt,notBad
11865,6,500.9799999999986,2,263.08000000000004,swap,notBad
11866,6,500.9799999999986,2,263.08000000000004,swap,notBad
11867,6,500.9799999999986,2,263.08000000000004,move,improve
11868,6,500.9799999999986,2,263.08000000000004,move,improve
11869,6,500.9799999999986,2,263.08000000000004,swap,notBad
11870,6,500.9799999999986,2,263.08000000000004,2opt,improve
11871,6,500.9799999999986,2,263.08000000000004,swap,notBad
11872,6,500.9799999999986,2,263.08000000000004,2opt,notBad
11873,6,500.9799999999986,2,263.08000000000004,move,improve
11874,6,500.9799999999986,2,263.08000000000004,move,improve
11875,6,500.9799999999986,2,263.08000000000004,move,improve
11876,6,500.9799999999986,2,263.08000000000004,2opt,improve
11877,6,500.9799999999986,2,263.08000000000004,move,notBad
11878,6,500.9799999999986,2,263.08000000000004,swap,notBad
11879,6,500.9799999999986,2,263.08000000000004,swap,notBad
11880,6,500.9799999999986,2,263.08000000000004,2opt,notBad
11881,6,500.9799999999986,2,263.08000000000004,swap,notBad
11882,6,500.9799999999986,2,263.08000000000004,move,improve
11883,6,500.9799999999986,2,263.08000000000004,move,improve
11884,6,500.9799999999986,2,263.08000000000004,move,improve
11885,6,500.9799999999986,2,263.08000000000004,move,improve
11886,6,500.9799999999986,2,263.08000000000004,move,improve
11887,6,500.9799999999986,2,263.08000000000004,move,improve
11888,6,500.9799999999986,2,263.08000000000004,swap,notBad
11889,6,500.9799999999986,2,263.08000000000004,swap,notBad
11890,6,500.9799999999986,2,263.08000000000004,2opt,notBad
11891,6,500.9799999999986,2,263.08000000000004,move,improve
11892,6,500.9799999999986,2,263.08000000000004,2opt,notBad
11893,6,500.9799999999986,2,263.08000000000004,move,improve
11894,6,500.9799999999986,2,263.08000000000004,swap,notBad
11895,6,500.9799999999986,2,263.08000000000004,2opt,notBad
11896,6,500.9799999999986,2,263.08000000000004,swap,notBad
11897,6,500.9799999999986,2,263.08000000000004,move,improve
11898,6,500.9799999999986,2,263.08000000000004,move,improve
11899,6,500.9799999999986,2,263.08000000000004,2opt,notBad
11900,6,500.9799999999986,2,263.08000000000004,swap,notBad
11901,6,500.9799999999986,2,263.08000000000004,swap,notBad
11902,6,500.9799999999986,2,263.08000000000004,swap,notBad
11903,6,500.9799999999986,2,263.08000000000004,2opt,notBad
11904,6,500.9799999999986,2,263.08000000000004,2opt,notBad
11905,6,500.9799999999986,2,263.08000000000004,move,improve
11906,6,500.9799999999986,2,263.08000000000004,2opt,notBad
11907,6,500.9799999999986,2,263.08000000000004,move,improve
11908,6,500.9799999999986,2,263.08000000000004,move,improve
11909,6,500.9799999999986,2,263.08000000000004,2opt,notBad
11910,6,500.9799999999986,2,263.08000000000004,swap,notBad
11911,6,500.9799999999986,2,263.08000000000004,move,improve
11912,6,500.9799999999986,2,263.08000000000004,move,improve
11913,6,500.9799999999986,2,263.08000000000004,2opt,notBad
11914,6,500.9799999999986,2,263.08000000000004,2opt,notBad
11915,6,500.9799999999986,2,263.08000000000004,swap,notBad
11916,6,500.9799999999986,2,263.08000000000004,2opt,notBad
11917,6,500.9799999999986,2,263.08000000000004,move,improve
11918,6,500.9799999999986,2,263.08000000000004,move,improve
11919,6,500.9799999999986,2,263.08000000000004,move,improve
11920,6,500.9799999999986,2,263.08000000000004,2opt,notBad
11921,6,500.9799999999986,2,263.08000000000004,2opt,notBad
11922,6,500.9799999999986,2,263.08000000000004,2opt,notBad
11923,6,500.9799999999986,2,263.08000000000004,move,improve
11924,6,500.9799999999986,2,263.08000000000004,2opt,notBad
11925,6,500.9799999999986,2,263.08000000000004,2opt,notBad
11926,6,500.9799999999986,2,263.08000000000004,2opt,notBad
11927,6,500.9799999999986,2,263.08000000000004,swap,notBad
11928,6,500.9799999999986,2,263.08000000000004,2opt,notBad
11929,6,500.9799999999986,2,263.08000000000004,swap,notBad
11930,6,500.9799999999986,2,263.08000000000004,move,improve
11931,6,500.9799999999986,2,263.08000000000004,2opt,notBad
11932,6,500.9799999999986,2,263.08000000000004,2opt,notBad
11933,6,500.9799999999986,2,263.08000000000004,2opt,notBad
11934,6,500.9799999999986,2,263.08000000000004,swap,notBad
11935,6,500.9799999999986,2,263.08000000000004,2opt,notBad
11936,6,500.9799999999986,2,263.08000000000004,2opt,notBad
11937,6,500.9799999999986,2,263.08000000000004,2opt,notBad
11938,6,500.9799999999986,2,263.08000000000004,move,improve
11939,6,500.9799999999986,2,263.08000000000004,move,improve
11940,6,500.9799999999986,2,263.08000000000004,2opt,notBad
11941,6,500.9799999999986,2,263.08000000000004,swap,notBad
11942,6,500.9799999999986,2,263.08000000000004,swap,notBad
11943,6,500.9799999999986,2,263.08000000000004,swap,notBad
11944,6,500.9799999999986,2,263.08000000000004,move,improve
11945,6,500.9799999999986,2,263.08000000000004,move,improve
11946,6,500.9799999999986,2,263.08000000000004,swap,notBad
11947,6,500.9799999999986,2,263.08000000000004,2opt,notBad
11948,6,500.9799999999986,2,263.08000000000004,move,improve
11949,6,500.9799999999986,2,263.08000000000004,2opt,notBad
11950,6,500.9799999999986,2,263.08000000000004,move,improve
11951,6,500.9799999999986,2,263.08000000000004,move,improve
11952,6,500.9799999999986,2,263.08000000000004,swap,notBad
11953,6,500.9799999999986,2,263.08000000000004,swap,notBad
11954,6,500.9799999999986,2,263.08000000000004,2opt,notBad
11955,6,500.9799999999986,2,263.08000000000004,move,improve
11956,6,500.9799999999986,2,263.08000000000004,move,improve
11957,6,500.9799999999986,2,263.08000000000004,move,improve
11958,6,500.9799999999986,2,263.08000000000004,move,improve
11959,6,500.9799999999986,2,263.08000000000004,move,improve
11960,6,500.9799999999986,2,263.08000000000004,2opt,notBad
11961,6,500.9799999999986,2,263.08000000000004,2opt,notBad
11962,6,500.9799999999986,2,263.08000000000004,2opt,notBad
11963,6,500.9799999999986,2,263.08000000000004,move,improve
11964,6,500.9799999999986,2,263.08000000000004,2opt,notBad
11965,6,500.9799999999986,2,263.08000000000004,swap,notBad
11966,6,500.9799999999986,2,263.08000000000004,2opt,notBad
11967,6,500.9799999999986,2,263.08000000000004,move,improve
11968,6,500.9799999999986,2,263.08000000000004,2opt,notBad
11969,6,500.9799999999986,2,263.08000000000004,2opt,improve
11970,6,500.9799999999986,2,263.08000000000004,swap,notBad
11971,6,500.9799999999986,2,263.08000000000004,2opt,notBad
11972,6,500.9799999999986,2,263.08000000000004,move,improve
11973,6,500.9799999999986,2,263.08000000000004,move,improve
11974,6,500.9799999999986,2,263.08000000000004,move,improve
11975,6,500.9799999999986,2,263.08000000000004,2opt,notBad
11976,6,500.9799999999986,2,263.08000000000004,2opt,notBad
11977,6,500.9799999999986,2,263.08000000000004,2opt,notBad
11978,6,500.9799999999986,2,263.08000000000004,2opt,notBad
11979,6,500.9799999999986,2,263.08000000000004,move,improve
11980,6,500.9799999999986,2,263.08000000000004,move,improve
11981,6,500.9799999999986,2,263.08000000000004,2opt,improve
11982,6,500.9799999999986,2,263.08000000000004,swap,notBad
11983,6,500.9799999999986,2,263.08000000000004,2opt,notBad
11984,6,500.9799999999986,2,263.08000000000004,swap,notBad
11985,6,500.9799999999986,2,263.08000000000004,move,improve
11986,6,500.9799999999986,2,263.08000000000004,move,improve
11987,6,500.9799999999986,2,263.08000000000004,swap,notBad
11988,6,500.9799999999986,2,263.08000000000004,move,improve
11989,6,500.9799999999986,2,263.08000000000004,swap,notBad
11990,6,500.9799999999986,2,263.08000000000004,2opt,notBad
11991,6,500.9799999999986,2,263.08000000000004,move,improve
11992,6,500.9799999999986,2,263.08000000000004,move,improve
11993,6,500.9799999999986,2,263.08000000000004,swap,notBad
11994,6,500.9799999999986,2,263.08000000000004,swap,notBad
11995,6,500.9799999999986,2,263.08000000000004,move,improve
11996,6,500.9799999999986,2,263.08000000000004,2opt,notBad
11997,6,500.9799999999986,2,263.08000000000004,2opt,notBad
11998,6,500.9799999999986,2,263.08000000000004,2opt,notBad
11999,6,500.9799999999986,2,263.08000000000004,swap,notBad
12000,6,501.09999999999854,2,263.08000000000004,swap,acceptBad
12001,6,501.09999999999854,2,263.08000000000004,move,improve
12002,6,501.09999999999854,2,263.08000000000004,move,improve
12003,6,501.09999999999854,2,263.08000000000004,swap,notBad
12004,6,501.09999999999854,2,263.08000000000004,2opt,notBad
12005,6,501.09999999999854,2,263.08000000000004,swap,notBad
12006,6,501.09999999999854,2,263.08000000000004,2opt,notBad
12007,6,501.09999999999854,2,263.08000000000004,2opt,notBad
12008,6,501.09999999999854,2,263.08000000000004,swap,notBad
12009,6,501.09999999999854,2,263.08000000000004,2opt,notBad
12010,6,501.09999999999854,2,263.08000000000004,move,improve
12011,6,501.09999999999854,2,263.08000000000004,2opt,notBad
12012,6,501.09999999999854,2,263.08000000000004,2opt,notBad
12013,6,501.09999999999854,2,263.08000000000004,2opt,notBad
12014,6,501.09999999999854,2,263.08000000000004,2opt,notBad
12015,6,501.09999999999854,2,263.08000000000004,swap,notBad
12016,6,501.09999999999854,2,263.08000000000004,swap,notBad
12017,6,501.09999999999854,2,263.08000000000004,swap,notBad
12018,6,501.09999999999854,2,263.08000000000004,2opt,notBad
12019,6,501.09999999999854,2,263.08000000000004,2opt,notBad
12020,6,501.09999999999854,2,263.08000000000004,2opt,notBad
12021,6,501.09999999999854,2,263.08000000000004,move,improve
12022,6,501.09999999999854,2,263.08000000000004,2opt,notBad
12023,6,501.09999999999854,2,263.08000000000004,2opt,notBad
12024,6,501.09999999999854,2,263.08000000000004,move,improve
12025,6,501.09999999999854,2,263.08000000000004,swap,notBad
12026,6,501.09999999999854,2,263.08000000000004,move,improve
12027,6,501.09999999999854,2,263.08000000000004,swap,notBad
12028,6,501.09999999999854,2,263.08000000000004,2opt,notBad
12029,6,501.09999999999854,2,263.08000000000004,swap,notBad
12030,6,501.09999999999854,2,263.08000000000004,2opt,notBad
12031,6,501.09999999999854,2,263.08000000000004,swap,notBad
12032,6,501.09999999999854,2,263.08000000000004,2opt,notBad
12033,6,501.09999999999854,2,263.08000000000004,swap,notBad
12034,6,501.09999999999854,2,263.08000000000004,move,improve
12035,6,501.09999999999854,2,263.08000000000004,swap,notBad
12036,6,501.09999999999854,2,263.08000000000004,swap,notBad
12037,6,501.09999999999854,2,263.08000000000004,move,improve
12038,6,501.09999999999854,2,263.08000000000004,move,improve
12039,6,501.09999999999854,2,263.08000000000004,2opt,notBad
12040,6,501.09999999999854,2,263.08000000000004,swap,notBad
12041,6,501.09999999999854,2,263.08000000000004,2opt,improve
12042,6,501.09999999999854,2,263.08000000000004,2opt,notBad
12043,6,501.09999999999854,2,263.08000000000004,swap,notBad
12044,6,501.09999999999854,2,263.08000000000004,swap,notBad
12045,6,501.09999999999854,2,263.08000000000004,2opt,notBad
12046,6,501.09999999999854,2,263.08000000000004,2opt,notBad
12047,6,501.09999999999854,2,263.08000000000004,2opt,notBad
12048,6,501.09999999999854,2,263.08000000000004,2opt,notBad
12049,6,501.09999999999854,2,263.08000000000004,2opt,improve
12050,6,501.09999999999854,2,263.08000000000004,swap,notBad
12051,6,501.09999999999854,2,263.08000000000004,move,improve
12052,6,501.09999999999854,2,263.08000000000004,2opt,notBad
12053,6,501.09999999999854,2,263.08000000000004,2opt,notBad
12054,6,501.09999999999854,2,263.08000000000004,move,improve
12055,6,501.09999999999854,2,263.08000000000004,swap,notBad
12056,6,501.09999999999854,2,263.08000000000004,swap,notBad
12057,6,501.09999999999854,2,263.08000000000004,move,improve
12058,6,501.09999999999854,2,263.08000000000004,swap,notBad
12059,6,501.09999999999854,2,263.08000000000004,move,improve
12060,6,501.09999999999854,2,263.08000000000004,move,improve
12061,6,501.09999999999854,2,263.08000000000004,2opt,notBad
12062,6,501.09999999999854,2,263.08000000000004,move,improve
12063,6,501.09999999999854,2,263.08000000000004,2opt,notBad
12064,6,501.09999999999854,2,263.08000000000004,swap,notBad
12065,6,501.09999999999854,2,263.08000000000004,2opt,notBad
12066,6,501.09999999999854,2,263.08000000000004,2opt,notBad
12067,6,501.09999999999854,2,263.08000000000004,swap,notBad
12068,6,501.09999999999854,2,263.08000000000004,2opt,notBad
12069,6,500.9799999999986,2,263.08000000000004,move,improve
12070,6,500.9799999999986,2,263.08000000000004,2opt,notBad
12071,6,500.9799999999986,2,263.08000000000004,swap,notBad
12072,6,500.9799999999986,2,263.08000000000004,2opt,notBad
12073,6,500.9799999999986,2,263.08000000000004,swap,notBad
12074,6,500.9799999999986,2,263.08000000000004,2opt,improve
12075,6,500.9799999999986,2,263.08000000000004,2opt,notBad
12076,6,500.9799999999986,2,263.08000000000004,swap,notBad
12077,6,500.9799999999986,2,263.08000000000004,move,improve
12078,6,500.9799999999986,2,263.08000000000004,2opt,notBad
12079,6,500.9799999999986,2,263.08000000000004,2opt,notBad
12080,6,500.9799999999986,2,263.08000000000004,2opt,notBad
12081,6,500.9799999999986,2,263.08000000000004,2opt,notBad
12082,6,500.9799999999986,2,263.08000000000004,move,improve
12083,6,500.9799999999986,2,263.08000000000004,2opt,notBad
12084,6,500.9799999999986,2,263.08000000000004,2opt,notBad
12085,6,500.9799999999986,2,263.08000000000004,swap,notBad
12086,6,500.9799999999986,2,263.08000000000004,swap,notBad
12087,6,500.9799999999986,2,263.08000000000004,2opt,notBad
12088,6,500.9799999999986,2,263.08000000000004,swap,notBad
12089,6,500.9799999999986,2,263.08000000000004,move,improve
12090,6,500.9799999999986,2,263.08000000000004,2opt,notBad
12091,6,500.9799999999986,2,263.08000000000004,move,improve
12092,6,500.9799999999986,2,263.08000000000004,2opt,notBad
12093,6,500.9799999999986,2,263.08000000000004,move,improve
12094,6,500.9799999999986,2,263.08000000000004,move,improve
12095,6,500.9799999999986,2,263.08000000000004,swap,notBad
12096,6,500.9799999999986,2,263.08000000000004,2opt,notBad
12097,6,500.9799999999986,2,263.08000000000004,2opt,notBad
12098,6,500.9799999999986,2,263.08000000000004,2opt,notBad
12099,6,500.9799999999986,2,263.08000000000004,move,improve
12100,6,500.9799999999986,2,263.08000000000004,swap,notBad
12101,6,500.9799999999986,2,263.08000000000004,swap,notBad
12102,6,500.9799999999986,2,263.08000000000004,move,improve
12103,6,500.9799999999986,2,263.08000000000004,swap,notBad
12104,6,500.9799999999986,2,263.08000000000004,swap,notBad
12105,6,500.9799999999986,2,263.08000000000004,2opt,notBad
12106,6,500.9799999999986,2,263.08000000000004,move,improve
12107,6,500.9799999999986,2,263.08000000000004,2opt,notBad
12108,6,500.9799999999986,2,263.08000000000004,swap,notBad
12109,6,500.9799999999986,2,263.08000000000004,2opt,notBad
12110,6,500.9799999999986,2,263.08000000000004,move,improve
12111,6,500.9799999999986,2,263.08000000000004,move,improve
12112,6,500.9799999999986,2,263.08000000000004,move,improve
12113,6,500.9799999999986,2,263.08000000000004,swap,notBad
12114,6,500.9799999999986,2,263.08000000000004,move,improve
12115,6,500.9799999999986,2,263.08000000000004,move,improve
12116,6,500.9799999999986,2,263.08000000000004,2opt,notBad
12117,6,500.9799999999986,2,263.08000000000004,move,improve
12118,6,500.9799999999986,2,263.08000000000004,2opt,notBad
12119,6,500.9799999999986,2,263.08000000000004,swap,notBad
12120,6,500.9799999999986,2,263.08000000000004,2opt,notBad
12121,6,500.9799999999986,2,263.08000000000004,2opt,notBad
12122,6,500.9799999999986,2,263.08000000000004,2opt,notBad
12123,6,500.9799999999986,2,263.08000000000004,move,improve
12124,6,500.9799999999986,2,263.08000000000004,swap,notBad
12125,6,500.9799999999986,2,263.08000000000004,swap,notBad
12126,6,500.9799999999986,2,263.08000000000004,2opt,notBad
12127,6,500.9799999999986,2,263.08000000000004,swap,notBad
12128,6,500.9799999999986,2,263.08000000000004,swap,notBad
12129,6,500.9799999999986,2,263.08000000000004,swap,notBad
12130,6,500.9799999999986,2,263.08000000000004,2opt,notBad
12131,6,500.9799999999986,2,263.08000000000004,2opt,notBad
12132,6,500.9799999999986,2,263.08000000000004,swap,notBad
12133,6,500.9799999999986,2,263.08000000000004,2opt,notBad
12134,6,500.9799999999986,2,263.08000000000004,2opt,notBad
12135,6,500.9799999999986,2,263.08000000000004,2opt,notBad
12136,6,500.9799999999986,2,263.08000000000004,swap,notBad
12137,6,500.9799999999986,2,263.08000000000004,swap,notBad
12138,6,500.9799999999986,2,263.08000000000004,swap,notBad
12139,6,500.9799999999986,2,263.08000000000004,2opt,notBad
12140,6,500.9799999999986,2,263.08000000000004,2opt,notBad
12141,6,500.9799999999986,2,263.08000000000004,2opt,notBad
12142,6,500.9799999999986,2,263.08000000000004,swap,notBad
12143,6,500.9799999999986,2,263.08000000000004,move,improve
12144,6,500.9799999999986,2,263.08000000000004,swap,notBad
12145,6,500.9799999999986,2,263.08000000000004,swap,notBad
12146,6,500.9799999999986,2,263.08000000000004,swap,notBad
12147,6,500.9799999999986,2,263.08000000000004,swap,notBad
12148,6,500.9799999999986,2,263.08000000000004,swap,notBad
12149,6,500.9799999999986,2,263.08000000000004,move,improve
12150,6,500.9799999999986,2,263.08000000000004,2opt,notBad
12151,6,500.9799999999986,2,263.08000000000004,move,improve
12152,6,500.9799999999986,2,263.08000000000004,2opt,notBad
12153,6,500.9799999999986,2,263.08000000000004,2opt,notBad
12154,6,500.9799999999986,2,263.08000000000004,move,improve
12155,6,500.9799999999986,2,263.08000000000004,swap,notBad
12156,6,500.9799999999986,2,263.08000000000004,swap,notBad
12157,6,500.9799999999986,2,263.08000000000004,swap,notBad
12158,6,500.9799999999986,2,263.08000000000004,swap,notBad
12159,6,500.9799999999986,2,263.08000000000004,move,improve
12160,6,500.9799999999986,2,263.08000000000004,swap,notBad
12161,6,500.9799999999986,2,263.08000000000004,move,improve
12162,6,500.9799999999986,2,263.08000000000004,2opt,notBad
12163,6,500.9799999999986,2,263.08000000000004,2opt,notBad
12164,6,500.9799999999986,2,263.08000000000004,move,improve
12165,6,500.9799999999986,2,263.08000000000004,swap,notBad
12166,6,500.9799999999986,2,263.08000000000004,2opt,notBad
12167,6,500.9799999999986,2,263.08000000000004,2opt,notBad
12168,6,500.9799999999986,2,263.08000000000004,2opt,notBad
12169,6,500.9799999999986,2,263.08000000000004,swap,notBad
12170,6,500.9799999999986,2,263.08000000000004,2opt,notBad
12171,6,500.9799999999986,2,263.08000000000004,swap,notBad
12172,6,500.9799999999986,2,263.08000000000004,2opt,improve
12173,6,500.9799999999986,2,263.08000000000004,2opt,improve
12174,6,500.9799999999986,2,263.08000000000004,2opt,notBad
12175,6,500.9799999999986,2,263.08000000000004,move,improve
12176,6,501.09999999999854,2,263.08000000000004,swap,acceptBad
12177,6,501.09999999999854,2,263.08000000000004,2opt,notBad
12178,6,501.09999999999854,2,263.08000000000004,2opt,notBad
12179,6,501.09999999999854,2,263.08000000000004,move,improve
12180,6,501.09999999999854,2,263.08000000000004,2opt,notBad
12181,6,501.09999999999854,2,263.08000000000004,move,improve
12182,6,501.09999999999854,2,263.08000000000004,swap,notBad
12183,6,501.09999999999854,2,263.08000000000004,move,improve
12184,6,501.09999999999854,2,263.08000000000004,2opt,notBad
12185,6,501.09999999999854,2,263.08000000000004,2opt,notBad
12186,6,501.09999999999854,2,263.08000000000004,move,improve
12187,6,501.09999999999854,2,263.08000000000004,swap,notBad
12188,6,501.09999999999854,2,263.08000000000004,swap,notBad
12189,6,501.09999999999854,2,263.08000000000004,swap,notBad
12190,6,501.09999999999854,2,263.08000000000004,swap,notBad
12191,6,501.09999999999854,2,263.08000000000004,move,improve
12192,6,500.9799999999986,2,263.08000000000004,move,improve
12193,6,500.9799999999986,2,263.08000000000004,move,improve
12194,6,500.9799999999986,2,263.08000000000004,swap,notBad
12195,6,500.9799999999986,2,263.08000000000004,2opt,notBad
12196,6,500.9799999999986,2,263.08000000000004,move,improve
12197,6,500.9799999999986,2,263.08000000000004,swap,notBad
12198,6,500.9799999999986,2,263.08000000000004,2opt,improve
12199,6,500.9799999999986,2,263.08000000000004,swap,notBad
12200,6,500.9799999999986,2,263.08000000000004,move,improve
12201,6,500.9799999999986,2,263.08000000000004,swap,notBad
12202,6,500.9799999999986,2,263.08000000000004,2opt,improve
12203,6,500.9799999999986,2,263.08000000000004,2opt,notBad
12204,6,500.9799999999986,2,263.08000000000004,move,improve
12205,6,500.9799999999986,2,263.08000000000004,move,improve
12206,6,500.9799999999986,2,263.08000000000004,move,notBad
12207,6,500.7399999999989,2,263.08000000000004,swap,improve
12208,6,500.7399999999989,2,263.08000000000004,2opt,notBad
12209,6,500.7399999999989,2,263.08000000000004,move,improve
12210,6,500.7399999999989,2,263.08000000000004,2opt,notBad
12211,6,500.7399999999989,2,263.08000000000004,2opt,notBad
12212,6,500.7399999999989,2,263.08000000000004,2opt,notBad
12213,6,500.7399999999989,2,263.08000000000004,2opt,notBad
12214,6,500.8599999999989,2,263.08000000000004,swap,acceptBad
12215,6,500.8599999999989,2,263.08000000000004,2opt,notBad
12216,6,500.8599999999989,2,263.08000000000004,move,improve
12217,6,500.8599999999989,2,263.08000000000004,move,improve
12218,6,500.8599999999989,2,263.08000000000004,move,improve
12219,6,500.8599999999989,2,263.08000000000004,move,improve
12220,6,500.8599999999989,2,263.08000000000004,swap,notBad
12221,6,500.8599999999989,2,263.08000000000004,swap,notBad
12222,6,500.8599999999989,2,263.08000000000004,swap,notBad
12223,6,500.8599999999989,2,263.08000000000004,swap,notBad
12224,6,500.8599999999989,2,263.08000000000004,swap,notBad
12225,6,500.8599999999989,2,263.08000000000004,move,improve
12226,6,500.8599999999989,2,263.08000000000004,swap,notBad
12227,6,500.8599999999989,2,263.08000000000004,2opt,notBad
12228,6,500.8599999999989,2,263.08000000000004,swap,notBad
12229,6,500.8599999999989,2,263.08000000000004,swap,notBad
12230,6,500.8599999999989,2,263.08000000000004,swap,notBad
12231,6,500.8599999999989,2,263.08000000000004,swap,notBad
12232,6,500.8599999999989,2,263.08000000000004,2opt,notBad
12233,6,500.8599999999989,2,263.08000000000004,2opt,notBad
12234,6,500.8599999999989,2,263.08000000000004,swap,notBad
12235,6,500.8599999999989,2,263.08000000000004,move,improve
12236,6,500.8599999999989,2,263.08000000000004,2opt,notBad
12237,6,500.8599999999989,2,263.08000000000004,swap,notBad
12238,6,500.8599999999989,2,263.08000000000004,2opt,notBad
12239,6,500.8599999999989,2,263.08000000000004,2opt,notBad
12240,6,500.8599999999989,2,263.08000000000004,2opt,notBad
12241,6,500.8599999999989,2,263.08000000000004,move,notBad
12242,6,500.8599999999989,2,263.08000000000004,2opt,notBad
12243,6,500.8599999999989,2,263.08000000000004,move,improve
12244,6,500.8599999999989,2,263.08000000000004,move,improve
12245,6,500.8599999999989,2,263.08000000000004,move,improve
12246,6,500.8599999999989,2,263.08000000000004,swap,notBad
12247,6,500.8599999999989,2,263.08000000000004,2opt,notBad
12248,6,500.8599999999989,2,263.08000000000004,2opt,notBad
12249,6,500.8599999999989,2,263.08000000000004,move,improve
12250,6,500.8599999999989,2,263.08000000000004,swap,notBad
12251,6,500.8599999999989,2,263.08000000000004,2opt,notBad
12252,6,500.8599999999989,2,263.08000000000004,swap,notBad
12253,6,500.8599999999989,2,263.08000000000004,swap,notBad
12254,6,500.8599999999989,2,263.08000000000004,swap,notBad
12255,6,500.8599999999989,2,263.08000000000004,move,improve
12256,6,500.8599999999989,2,263.08000000000004,swap,notBad
12257,6,500.8599999999989,2,263.08000000000004,2opt,notBad
12258,6,500.8599999999989,2,263.08000000000004,2opt,notBad
12259,6,500.8599999999989,2,263.08000000000004,swap,notBad
12260,6,500.8599999999989,2,263.08000000000004,2opt,notBad
12261,6,500.8599999999989,2,263.08000000000004,move,improve
12262,6,500.8599999999989,2,263.08000000000004,swap,notBad
12263,6,500.8599999999989,2,263.08000000000004,swap,notBad
12264,6,500.8599999999989,2,263.08000000000004,2opt,notBad
12265,6,500.8599999999989,2,263.08000000000004,swap,notBad
12266,6,500.8599999999989,2,263.08000000000004,swap,notBad
12267,6,500.8599999999989,2,263.08000000000004,move,improve
12268,6,500.8599999999989,2,263.08000000000004,move,improve
12269,6,500.8599999999989,2,263.08000000000004,move,improve
12270,6,500.8599999999989,2,263.08000000000004,2opt,notBad
12271,6,500.8599999999989,2,263.08000000000004,move,improve
12272,6,500.8599999999989,2,263.08000000000004,2opt,notBad
12273,6,500.8599999999989,2,263.08000000000004,move,improve
12274,6,500.8599999999989,2,263.08000000000004,move,improve
12275,6,500.8599999999989,2,263.08000000000004,2opt,notBad
12276,6,500.8599999999989,2,263.08000000000004,2opt,notBad
12277,6,500.8599999999989,2,263.08000000000004,2opt,notBad
12278,6,500.8599999999989,2,263.08000000000004,2opt,notBad
12279,6,500.8599999999989,2,263.08000000000004,move,improve
12280,6,500.8599999999989,2,263.08000000000004,2opt,notBad
12281,6,500.8599999999989,2,263.08000000000004,swap,notBad
12282,6,500.8599999999989,2,263.08000000000004,2opt,notBad
12283,6,500.8599999999989,2,263.08000000000004,swap,notBad
12284,6,500.8599999999989,2,263.08000000000004,2opt,notBad
12285,6,500.8599999999989,2,263.08000000000004,2opt,notBad
12286,6,500.8599999999989,2,263.08000000000004,2opt,notBad
12287,6,500.8599999999989,2,263.08000000000004,move,improve
12288,6,500.8599999999989,2,263.08000000000004,move,improve
12289,6,500.8599999999989,2,263.08000000000004,move,improve
12290,6,500.8599999999989,2,263.08000000000004,move,improve
12291,6,500.8599999999989,2,263.08000000000004,swap,notBad
12292,6,500.8599999999989,2,263.08000000000004,swap,notBad
12293,6,500.8599999999989,2,263.08000000000004,move,improve
12294,6,500.8599999999989,2,263.08000000000004,move,improve
12295,6,500.8599999999989,2,263.08000000000004,swap,notBad
12296,6,500.7399999999989,2,263.08000000000004,move,improve
12297,6,500.7399999999989,2,263.08000000000004,move,improve
12298,6,500.7399999999989,2,263.08000000000004,2opt,notBad
12299,6,500.7399999999989,2,263.08000000000004,2opt,notBad
12300,6,500.7399999999989,2,263.08000000000004,move,improve
12301,6,500.7399999999989,2,263.08000000000004,swap,notBad
12302,6,500.7399999999989,2,263.08000000000004,swap,notBad
12303,6,500.7399999999989,2,263.08000000000004,move,improve
12304,6,500.7399999999989,2,263.08000000000004,swap,notBad
12305,6,500.7399999999989,2,263.08000000000004,move,improve
12306,6,500.7399999999989,2,263.08000000000004,move,improve
12307,6,500.7399999999989,2,263.08000000000004,swap,notBad
12308,6,500.7399999999989,2,263.08000000000004,move,improve
12309,6,500.7399999999989,2,263.08000000000004,2opt,notBad
12310,6,500.7399999999989,2,263.08000000000004,move,improve
12311,6,500.7399999999989,2,263.08000000000004,move,improve
12312,6,500.7399999999989,2,263.08000000000004,2opt,notBad
12313,6,500.7399999999989,2,263.08000000000004,move,improve
12314,6,500.7399999999989,2,263.08000000000004,2opt,notBad
12315,6,500.7399999999989,2,263.08000000000004,swap,notBad
12316,6,500.7399999999989,2,263.08000000000004,swap,notBad
12317,6,500.7399999999989,2,263.08000000000004,move,improve
12318,6,500.7399999999989,2,263.08000000000004,move,improve
12319,6,500.7399999999989,2,263.08000000000004,swap,notBad
12320,6,500.7399999999989,2,263.08000000000004,2opt,notBad
12321,6,500.7399999999989,2,263.08000000000004,swap,notBad
12322,6,500.7399999999989,2,263.08000000000004,move,improve
12323,6,500.7399999999989,2,263.08000000000004,2opt,improve
12324,6,500.7399999999989,2,263.08000000000004,move,improve
12325,6,500.7399999999989,2,263.08000000000004,swap,notBad
12326,6,500.7399999999989,2,263.08000000000004,swap,notBad
12327,6,500.7399999999989,2,263.08000000000004,swap,notBad
12328,6,500.7399999999989,2,263.08000000000004,swap,notBad
12329,6,500.7399999999989,2,263.08000000000004,swap,notBad
12330,6,500.7399999999989,2,263.08000000000004,move,improve
12331,6,500.7399999999989,2,263.08000000000004,2opt,notBad
12332,6,500.7399999999989,2,263.08000000000004,swap,notBad
12333,6,500.7399999999989,2,263.08000000000004,swap,notBad
12334,6,500.7399999999989,2,263.08000000000004,move,improve
12335,6,500.7399999999989,2,263.08000000000004,move,improve
12336,6,500.7399999999989,2,263.08000000000004,move,improve
12337,6,500.7399999999989,2,263.08000000000004,move,improve
12338,6,500.7399999999989,2,263.08000000000004,move,improve
12339,6,500.7399999999989,2,263.08000000000004,2opt,notBad
12340,6,500.7399999999989,2,263.08000000000004,swap,notBad
12341,6,500.7399999999989,2,263.08000000000004,2opt,notBad
12342,6,500.7399999999989,2,263.08000000000004,move,improve
12343,6,500.7399999999989,2,263.08000000000004,2opt,notBad
12344,6,500.7399999999989,2,263.08000000000004,2opt,notBad
12345,6,500.7399999999989,2,263.08000000000004,move,improve
12346,6,500.7399999999989,2,263.08000000000004,move,improve
12347,6,500.7399999999989,2,263.08000000000004,move,improve
12348,6,500.7399999999989,2,263.08000000000004,2opt,notBad
12349,6,500.7399999999989,2,263.08000000000004,swap,notBad
12350,6,500.7399999999989,2,263.08000000000004,2opt,notBad
12351,6,500.7399999999989,2,263.08000000000004,move,improve
12352,6,500.7399999999989,2,263.08000000000004,move,improve
12353,6,500.7399999999989,2,263.08000000000004,swap,notBad
12354,6,500.7399999999989,2,263.08000000000004,swap,notBad
12355,6,500.7399999999989,2,263.08000000000004,swap,notBad
12356,6,500.7399999999989,2,263.08000000000004,move,improve
12357,6,500.7399999999989,2,263.08000000000004,swap,notBad
12358,6,500.7399999999989,2,263.08000000000004,move,improve
12359,6,500.7399999999989,2,263.08000000000004,move,improve
12360,6,500.7399999999989,2,263.08000000000004,2opt,notBad
12361,6,500.7399999999989,2,263.08000000000004,2opt,notBad
12362,6,500.7399999999989,2,263.08000000000004,swap,notBad
12363,6,500.7399999999989,2,263.08000000000004,swap,notBad
12364,6,500.7399999999989,2,263.08000000000004,swap,notBad
12365,6,500.7399999999989,2,263.08000000000004,swap,notBad
12366,6,500.7399999999989,2,263.08000000000004,move,improve
12367,6,500.7399999999989,2,263.08000000000004,2opt,notBad
12368,6,500.7399999999989,2,263.08000000000004,swap,notBad
12369,6,500.7399999999989,2,263.08000000000004,move,improve
12370,6,500.7399999999989,2,263.08000000000004,move,improve
12371,6,500.7399999999989,2,263.08000000000004,2opt,notBad
12372,6,500.7399999999989,2,263.08000000000004,swap,notBad
12373,6,500.7399999999989,2,263.08000000000004,swap,notBad
12374,6,500.7399999999989,2,263.08000000000004,2opt,notBad
12375,6,500.7399999999989,2,263.08000000000004,2opt,notBad
12376,6,500.7399999999989,2,263.08000000000004,swap,notBad
12377,6,500.7399999999989,2,263.08000000000004,swap,notBad
12378,6,500.7399999999989,2,263.08000000000004,swap,notBad
12379,6,500.7399999999989,2,263.08000000000004,2opt,notBad
12380,6,500.7399999999989,2,263.08000000000004,2opt,notBad
12381,6,500.7399999999989,2,263.08000000000004,2opt,notBad
12382,6,500.7399999999989,2,263.08000000000004,2opt,notBad
12383,6,500.7399999999989,2,263.08000000000004,2opt,improve
12384,6,500.7399999999989,2,263.08000000000004,move,improve
12385,6,500.7399999999989,2,263.08000000000004,swap,notBad
12386,6,500.7399999999989,2,263.08000000000004,2opt,notBad
12387,6,500.7399999999989,2,263.08000000000004,swap,notBad
12388,6,500.7399999999989,2,263.08000000000004,2opt,notBad
12389,6,500.7399999999989,2,263.08000000000004,2opt,notBad
12390,6,500.7399999999989,2,263.08000000000004,move,improve
12391,6,500.7399999999989,2,263.08000000000004,2opt,notBad
12392,6,500.7399999999989,2,263.08000000000004,move,improve
12393,6,500.7399999999989,2,263.08000000000004,move,improve
12394,6,500.7399999999989,2,263.08000000000004,move,improve
12395,6,500.7399999999989,2,263.08000000000004,move,improve
12396,6,500.7399999999989,2,263.08000000000004,2opt,notBad
12397,6,500.7399999999989,2,263.08000000000004,move,improve
12398,6,500.7399999999989,2,263.08000000000004,move,improve
12399,6,500.7399999999989,2,263.08000000000004,2opt,notBad
12400,6,500.8599999999989,2,263.08000000000004,swap,acceptBad
12401,6,500.8599999999989,2,263.08000000000004,2opt,notBad
12402,6,500.8599999999989,2,263.08000000000004,swap,notBad
12403,6,500.8599999999989,2,263.08000000000004,move,improve
12404,6,500.8599999999989,2,263.08000000000004,2opt,notBad
12405,6,500.8599999999989,2,263.08000000000004,swap,notBad
12406,6,500.8599999999989,2,263.08000000000004,2opt,notBad
12407,6,500.8599999999989,2,263.08000000000004,swap,notBad
12408,6,500.8599999999989,2,263.08000000000004,swap,notBad
12409,6,500.8599999999989,2,263.08000000000004,2opt,notBad
12410,6,500.8599999999989,2,263.08000000000004,2opt,notBad
12411,6,500.8599999999989,2,263.08000000000004,swap,notBad
12412,6,500.8599999999989,2,263.08000000000004,swap,notBad
12413,6,500.8599999999989,2,263.08000000000004,2opt,notBad
12414,6,500.8599999999989,2,263.08000000000004,2opt,notBad
12415,6,500.8599999999989,2,263.08000000000004,swap,notBad
12416,6,500.8599999999989,2,263.08000000000004,move,improve
12417,6,500.8599999999989,2,263.08000000000004,2opt,notBad
12418,6,500.8599999999989,2,263.08000000000004,2opt,notBad
12419,6,500.8599999999989,2,263.08000000000004,move,improve
12420,6,500.8599999999989,2,263.08000000000004,2opt,notBad
12421,6,500.8599999999989,2,263.08000000000004,swap,notBad
12422,6,500.8599999999989,2,263.08000000000004,move,improve
12423,6,500.8599999999989,2,263.08000000000004,2opt,notBad
12424,6,500.8599999999989,2,263.08000000000004,2opt,notBad
12425,6,500.8599999999989,2,263.08000000000004,move,improve
12426,6,500.8599999999989,2,263.08000000000004,swap,notBad
12427,6,500.8599999999989,2,263.08000000000004,swap,notBad
12428,6,500.8599999999989,2,263.08000000000004,swap,notBad
12429,6,500.8599999999989,2,263.08000000000004,move,improve
12430,6,500.8599999999989,2,263.08000000000004,2opt,notBad
12431,6,500.8599999999989,2,263.08000000000004,swap,notBad
12432,6,500.8599999999989,2,263.08000000000004,2opt,notBad
12433,6,500.8599999999989,2,263.08000000000004,move,improve
12434,6,500.8599999999989,2,263.08000000000004,move,improve
12435,6,500.8599999999989,2,263.08000000000004,move,notBad
12436,6,500.8599999999989,2,263.08000000000004,move,improve
12437,6,500.8599999999989,2,263.08000000000004,2opt,improve
12438,6,500.8599999999989,2,263.08000000000004,2opt,notBad
12439,6,500.8599999999989,2,263.08000000000004,swap,notBad
12440,6,500.8599999999989,2,263.08000000000004,2opt,notBad
12441,6,500.8599999999989,2,263.08000000000004,2opt,notBad
12442,6,500.8599999999989,2,263.08000000000004,move,improve
12443,6,500.8599999999989,2,263.08000000000004,2opt,notBad
12444,6,500.8599999999989,2,263.08000000000004,2opt,notBad
12445,6,500.8599999999989,2,263.08000000000004,move,improve
12446,6,500.8599999999989,2,263.08000000000004,2opt,notBad
12447,6,500.8599999999989,2,263.08000000000004,swap,notBad
12448,6,500.8599999999989,2,263.08000000000004,2opt,notBad
12449,6,500.8599999999989,2,263.08000000000004,swap,notBad
12450,6,500.8599999999989,2,263.08000000000004,swap,notBad
12451,6,500.8599999999989,2,263.08000000000004,2opt,notBad
12452,6,500.8599999999989,2,263.08000000000004,swap,notBad
12453,6,500.8599999999989,2,263.08000000000004,swap,notBad
12454,6,500.8599999999989,2,263.08000000000004,2opt,notBad
12455,6,500.8599999999989,2,263.08000000000004,move,improve
12456,6,500.8599999999989,2,263.08000000000004,2opt,notBad
12457,6,500.8599999999989,2,263.08000000000004,2opt,notBad
12458,6,500.8599999999989,2,263.08000000000004,move,improve
12459,6,500.8599999999989,2,263.08000000000004,swap,notBad
12460,6,500.8599999999989,2,263.08000000000004,swap,notBad
12461,6,500.8599999999989,2,263.08000000000004,2opt,notBad
12462,6,500.8599999999989,2,263.08000000000004,2opt,notBad
12463,6,500.8599999999989,2,263.08000000000004,2opt,notBad
12464,6,500.8599999999989,2,263.08000000000004,swap,notBad
12465,6,500.8599999999989,2,263.08000000000004,2opt,notBad
12466,6,500.8599999999989,2,263.08000000000004,2opt,notBad
12467,6,500.8599999999989,2,263.08000000000004,2opt,notBad
12468,6,500.8599999999989,2,263.08000000000004,2opt,notBad
12469,6,500.8599999999989,2,263.08000000000004,2opt,notBad
12470,6,500.8599999999989,2,263.08000000000004,move,improve
12471,6,500.8599999999989,2,263.08000000000004,swap,notBad
12472,6,500.8599999999989,2,263.08000000000004,move,improve
12473,6,500.8599999999989,2,263.08000000000004,2opt,notBad
12474,6,500.8599999999989,2,263.08000000000004,move,improve
12475,6,500.8599999999989,2,263.08000000000004,move,improve
12476,6,500.8599999999989,2,263.08000000000004,2opt,notBad
12477,6,500.8599999999989,2,263.08000000000004,2opt,notBad
12478,6,500.8599999999989,2,263.08000000000004,swap,notBad
12479,6,500.8599999999989,2,263.08000000000004,move,improve
12480,6,500.8599999999989,2,263.08000000000004,swap,notBad
12481,6,500.8599999999989,2,263.08000000000004,2opt,notBad
12482,6,500.8599999999989,2,263.08000000000004,swap,notBad
12483,6,500.8599999999989,2,263.08000000000004,move,improve
12484,6,500.8599999999989,2,263.08000000000004,swap,notBad
12485,6,500.8599999999989,2,263.08000000000004,move,improve
12486,6,500.8599999999989,2,263.08000000000004,2opt,notBad
12487,6,500.8599999999989,2,263.08000000000004,move,notBad
12488,6,500.8599999999989,2,263.08000000000004,move,improve
12489,6,500.8599999999989,2,263.08000000000004,2opt,notBad
12490,6,500.8599999999989,2,263.08000000000004,2opt,notBad
12491,6,500.8599999999989,2,263.08000000000004,swap,notBad
12492,6,500.8599999999989,2,263.08000000000004,2opt,notBad
12493,6,500.8599999999989,2,263.08000000000004,move,improve
12494,6,500.8599999999989,2,263.08000000000004,swap,notBad
12495,6,500.8599999999989,2,263.08000000000004,move,improve
12496,6,500.8599999999989,2,263.08000000000004,2opt,notBad
12497,6,500.8599999999989,2,263.08000000000004,move,improve
12498,6,500.8599999999989,2,263.08000000000004,move,improve
12499,6,500.8599999999989,2,263.08000000000004,swap,notBad
12500,6,500.8599999999989,2,263.08000000000004,move,improve
12501,6,500.8599999999989,2,263.08000000000004,2opt,notBad
12502,6,500.8599999999989,2,263.08000000000004,move,improve
12503,6,500.8599999999989,2,263.08000000000004,2opt,notBad
12504,6,500.8599999999989,2,263.08000000000004,swap,notBad
12505,6,500.8599999999989,2,263.08000000000004,move,improve
12506,6,500.8599999999989,2,263.08000000000004,swap,notBad
12507,6,500.8599999999989,2,263.08000000000004,swap,notBad
12508,6,500.8599999999989,2,263.08000000000004,swap,notBad
12509,6,500.8599999999989,2,263.08000000000004,move,improve
12510,6,500.8599999999989,2,263.08000000000004,swap,notBad
12511,6,500.8599999999989,2,263.08000000000004,swap,notBad
12512,6,500.8599999999989,2,263.08000000000004,2opt,notBad
12513,6,500.8599999999989,2,263.08000000000004,move,improve
12514,6,500.8599999999989,2,263.08000000000004,2opt,notBad
12515,6,500.8599999999989,2,263.08000000000004,move,improve
12516,6,500.8599999999989,2,263.08000000000004,swap,notBad
12517,6,500.8599999999989,2,263.08000000000004,2opt,notBad
12518,6,500.8599999999989,2,263.08000000000004,move,improve
12519,6,500.8599999999989,2,263.08000000000004,move,improve
12520,6,500.8599999999989,2,263.08000000000004,2opt,notBad
12521,6,500.8599999999989,2,263.08000000000004,move,improve
12522,6,500.8599999999989,2,263.08000000000004,swap,notBad
12523,6,500.8599999999989,2,263.08000000000004,2opt,notBad
12524,6,500.8599999999989,2,263.08000000000004,move,improve
12525,6,500.8599999999989,2,263.08000000000004,2opt,notBad
12526,6,500.8599999999989,2,263.08000000000004,move,improve
12527,6,500.8599999999989,2,263.08000000000004,swap,notBad
12528,6,500.8599999999989,2,263.08000000000004,2opt,notBad
12529,6,500.8599999999989,2,263.08000000000004,move,improve
12530,6,500.8599999999989,2,263.08000000000004,2opt,notBad
12531,6,500.8599999999989,2,263.08000000000004,swap,notBad
12532,6,500.8599999999989,2,263.08000000000004,move,improve
12533,6,500.8599999999989,2,263.08000000000004,move,improve
12534,6,500.8599999999989,2,263.08000000000004,2opt,notBad
12535,6,500.8599999999989,2,263.08000000000004,2opt,notBad
12536,6,500.8599999999989,2,263.08000000000004,2opt,notBad
12537,6,500.8599999999989,2,263.08000000000004,move,improve
12538,6,500.8599999999989,2,263.08000000000004,swap,notBad
12539,6,500.8599999999989,2,263.08000000000004,2opt,notBad
12540,6,500.8599999999989,2,263.08000000000004,2opt,notBad
12541,6,500.8599999999989,2,263.08000000000004,move,improve
12542,6,500.8599999999989,2,263.08000000000004,2opt,notBad
12543,6,500.8599999999989,2,263.08000000000004,2opt,notBad
12544,6,500.8599999999989,2,263.08000000000004,2opt,notBad
12545,6,500.8599999999989,2,263.08000000000004,2opt,notBad
12546,6,500.8599999999989,2,263.08000000000004,swap,notBad
12547,6,500.8599999999989,2,263.08000000000004,move,improve
12548,6,500.8599999999989,2,263.08000000000004,swap,notBad
12549,6,500.8599999999989,2,263.08000000000004,move,improve
12550,6,500.8599999999989,2,263.08000000000004,swap,notBad
12551,6,500.8599999999989,2,263.08000000000004,swap,notBad
12552,6,500.8599999999989,2,263.08000000000004,swap,notBad
12553,6,500.8599999999989,2,263.08000000000004,2opt,notBad
12554,6,500.8599999999989,2,263.08000000000004,move,improve
12555,6,500.8599999999989,2,263.08000000000004,swap,notBad
12556,6,500.8599999999989,2,263.08000000000004,2opt,notBad
12557,6,500.8599999999989,2,263.08000000000004,2opt,notBad
12558,6,500.8599999999989,2,263.08000000000004,swap,notBad
12559,6,500.8599999999989,2,263.08000000000004,swap,notBad
12560,6,500.8599999999989,2,263.08000000000004,move,improve
12561,6,500.8599999999989,2,263.08000000000004,2opt,notBad
12562,6,500.8599999999989,2,263.08000000000004,swap,notBad
12563,6,500.7399999999989,2,263.08000000000004,move,improve
12564,6,500.7399999999989,2,263.08000000000004,2opt,notBad
12565,6,500.7399999999989,2,263.08000000000004,swap,notBad
12566,6,500.7399999999989,2,263.08000000000004,2opt,notBad
12567,6,500.7399999999989,2,263.08000000000004,move,improve
12568,6,500.7399999999989,2,263.08000000000004,swap,notBad
12569,6,500.7399999999989,2,263.08000000000004,2opt,notBad
12570,6,500.7399999999989,2,263.08000000000004,swap,notBad
12571,6,500.7399999999989,2,263.08000000000004,move,improve
12572,6,500.7399999999989,2,263.08000000000004,2opt,notBad
12573,6,500.7399999999989,2,263.08000000000004,2opt,notBad
12574,6,500.7399999999989,2,263.08000000000004,swap,notBad
12575,6,500.7399999999989,2,263.08000000000004,swap,notBad
12576,6,500.7399999999989,2,263.08000000000004,2opt,notBad
12577,6,500.7399999999989,2,263.08000000000004,swap,notBad
12578,6,500.7399999999989,2,263.08000000000004,2opt,notBad
12579,6,500.7399999999989,2,263.08000000000004,2opt,notBad
12580,6,500.7399999999989,2,263.08000000000004,move,improve
12581,6,500.9799999999986,2,263.08000000000004,swap,acceptBad
12582,6,500.9799999999986,2,263.08000000000004,swap,notBad
12583,6,500.9799999999986,2,263.08000000000004,2opt,notBad
12584,6,500.9799999999986,2,263.08000000000004,swap,notBad
12585,6,500.9799999999986,2,263.08000000000004,swap,notBad
12586,6,500.9799999999986,2,263.08000000000004,move,improve
12587,6,500.9799999999986,2,263.08000000000004,move,improve
12588,6,500.9799999999986,2,263.08000000000004,move,improve
12589,6,501.29999999999853,2,263.08000000000004,swap,acceptBad
12590,6,501.29999999999853,2,263.08000000000004,swap,notBad
12591,6,501.29999999999853,2,263.08000000000004,move,improve
12592,6,501.29999999999853,2,263.08000000000004,move,improve
12593,6,501.29999999999853,2,263.08000000000004,2opt,improve
12594,6,501.29999999999853,2,263.08000000000004,2opt,improve
12595,6,501.29999999999853,2,263.08000000000004,2opt,notBad
12596,6,501.29999999999853,2,263.08000000000004,2opt,notBad
12597,6,501.29999999999853,2,263.08000000000004,move,improve
12598,6,501.29999999999853,2,263.08000000000004,swap,notBad
12599,6,501.29999999999853,2,263.08000000000004,move,improve
12600,6,501.29999999999853,2,263.08000000000004,swap,notBad
12601,6,501.29999999999853,2,263.08000000000004,swap,notBad
12602,6,501.29999999999853,2,263.08000000000004,swap,notBad
12603,6,501.29999999999853,2,263.08000000000004,move,improve
12604,6,501.29999999999853,2,263.08000000000004,2opt,notBad
12605,6,501.29999999999853,2,263.08000000000004,move,improve
12606,6,501.29999999999853,2,263.08000000000004,swap,notBad
12607,6,501.29999999999853,2,263.08000000000004,move,improve
12608,6,501.29999999999853,2,263.08000000000004,2opt,notBad
12609,6,501.29999999999853,2,263.08000000000004,swap,notBad
12610,6,501.29999999999853,2,263.08000000000004,move,improve
12611,6,501.29999999999853,2,263.08000000000004,move,improve
12612,6,501.29999999999853,2,263.08000000000004,2opt,notBad
12613,6,501.29999999999853,2,263.08000000000004,move,improve
12614,6,501.29999999999853,2,263.08000000000004,2opt,notBad
12615,6,501.29999999999853,2,263.08000000000004,2opt,notBad
12616,6,501.29999999999853,2,263.08000000000004,2opt,notBad
12617,6,501.29999999999853,2,263.08000000000004,move,improve
12618,6,501.29999999999853,2,263.08000000000004,swap,notBad
12619,6,501.29999999999853,2,263.08000000000004,move,improve
12620,6,501.29999999999853,2,263.08000000000004,swap,notBad
12621,6,501.29999999999853,2,263.08000000000004,move,improve
12622,6,501.29999999999853,2,263.08000000000004,move,improve
12623,6,501.29999999999853,2,263.08000000000004,2opt,notBad
12624,6,501.29999999999853,2,263.08000000000004,move,improve
12625,6,501.29999999999853,2,263.08000000000004,swap,notBad
12626,6,501.29999999999853,2,263.08000000000004,2opt,notBad
12627,6,501.29999999999853,2,263.08000000000004,swap,notBad
12628,6,501.29999999999853,2,263.08000000000004,move,improve
12629,6,501.29999999999853,2,263.08000000000004,move,improve
12630,6,500.9799999999986,2,263.08000000000004,move,improve
12631,6,500.9799999999986,2,263.08000000000004,move,improve
12632,6,500.9799999999986,2,263.08000000000004,swap,notBad
12633,6,500.9799999999986,2,263.08000000000004,2opt,notBad
12634,6,500.9799999999986,2,263.08000000000004,swap,notBad
12635,6,500.9799999999986,2,263.08000000000004,swap,notBad
12636,6,500.9799999999986,2,263.08000000000004,move,improve
12637,6,500.9799999999986,2,263.08000000000004,2opt,notBad
12638,6,500.9799999999986,2,263.08000000000004,2opt,notBad
12639,6,500.9799999999986,2,263.08000000000004,move,improve
12640,6,500.9799999999986,2,263.08000000000004,2opt,notBad
12641,6,500.9799999999986,2,263.08000000000004,2opt,notBad
12642,6,500.9799999999986,2,263.08000000000004,swap,notBad
12643,6,500.9799999999986,2,263.08000000000004,2opt,notBad
12644,6,500.9799999999986,2,263.08000000000004,2opt,notBad
12645,6,500.9799999999986,2,263.08000000000004,swap,notBad
12646,6,500.9799999999986,2,263.08000000000004,move,improve
12647,6,500.9799999999986,2,263.08000000000004,move,improve
12648,6,500.9799999999986,2,263.08000000000004,2opt,notBad
12649,6,500.9799999999986,2,263.08000000000004,swap,notBad
12650,6,500.9799999999986,2,263.08000000000004,2opt,notBad
12651,6,500.9799999999986,2,263.08000000000004,2opt,notBad
12652,6,500.9799999999986,2,263.08000000000004,2opt,notBad
12653,6,500.9799999999986,2,263.08000000000004,move,improve
12654,6,500.9799999999986,2,263.08000000000004,move,improve
12655,6,500.9799999999986,2,263.08000000000004,swap,notBad
12656,6,500.9799999999986,2,263.08000000000004,swap,notBad
12657,6,500.9799999999986,2,263.08000000000004,swap,notBad
12658,6,500.9799999999986,2,263.08000000000004,move,improve
12659,6,500.9799999999986,2,263.08000000000004,2opt,notBad
12660,6,500.9799999999986,2,263.08000000000004,move,improve
12661,6,500.9799999999986,2,263.08000000000004,2opt,notBad
12662,6,500.9799999999986,2,263.08000000000004,2opt,notBad
12663,6,500.9799999999986,2,263.08000000000004,swap,notBad
12664,6,500.9799999999986,2,263.08000000000004,swap,notBad
12665,6,500.9799999999986,2,263.08000000000004,move,improve
12666,6,500.9799999999986,2,263.08000000000004,swap,notBad
12667,6,500.9799999999986,2,263.08000000000004,move,improve
12668,6,500.9799999999986,2,263.08000000000004,move,improve
12669,6,500.9799999999986,2,263.08000000000004,swap,notBad
12670,6,500.9799999999986,2,263.08000000000004,move,improve
12671,6,500.9799999999986,2,263.08000000000004,2opt,notBad
12672,6,500.9799999999986,2,263.08000000000004,swap,notBad
12673,6,500.9799999999986,2,263.08000000000004,swap,notBad
12674,6,500.9799999999986,2,263.08000000000004,move,improve
12675,6,500.9799999999986,2,263.08000000000004,2opt,notBad
12676,6,500.9799999999986,2,263.08000000000004,2opt,notBad
12677,6,500.9799999999986,2,263.08000000000004,swap,notBad
12678,6,500.9799999999986,2,263.08000000000004,move,improve
12679,6,500.9799999999986,2,263.08000000000004,move,improve
12680,6,500.9799999999986,2,263.08000000000004,2opt,notBad
12681,6,500.9799999999986,2,263.08000000000004,2opt,notBad
12682,6,500.9799999999986,2,263.08000000000004,2opt,notBad
12683,6,500.9799999999986,2,263.08000000000004,2opt,notBad
12684,6,500.9799999999986,2,263.08000000000004,2opt,notBad
12685,6,500.9799999999986,2,263.08000000000004,move,improve
12686,6,500.9799999999986,2,263.08000000000004,move,improve
12687,6,500.9799999999986,2,263.08000000000004,move,improve
12688,6,500.9799999999986,2,263.08000000000004,swap,notBad
12689,6,500.9799999999986,2,263.08000000000004,move,improve
12690,6,500.9799999999986,2,263.08000000000004,swap,notBad
12691,6,500.9799999999986,2,263.08000000000004,swap,notBad
12692,6,500.9799999999986,2,263.08000000000004,2opt,notBad
12693,6,500.9799999999986,2,263.08000000000004,2opt,notBad
12694,6,500.9799999999986,2,263.08000000000004,2opt,notBad
12695,6,500.9799999999986,2,263.08000000000004,move,improve
12696,6,500.9799999999986,2,263.08000000000004,swap,notBad
12697,6,500.9799999999986,2,263.08000000000004,2opt,notBad
12698,6,500.9799999999986,2,263.08000000000004,2opt,notBad
12699,6,500.9799999999986,2,263.08000000000004,move,improve
12700,6,500.9799999999986,2,263.08000000000004,2opt,notBad
12701,6,500.9799999999986,2,263.08000000000004,2opt,notBad
12702,6,500.9799999999986,2,263.08000000000004,swap,notBad
12703,6,500.9799999999986,2,263.08000000000004,move,improve
12704,6,500.9799999999986,2,263.08000000000004,move,improve
12705,6,500.9799999999986,2,263.08000000000004,swap,notBad
12706,6,500.9799999999986,2,263.08000000000004,swap,notBad
12707,6,500.9799999999986,2,263.08000000000004,move,improve
12708,6,500.9799999999986,2,263.08000000000004,2opt,notBad
12709,6,500.9799999999986,2,263.08000000000004,move,improve
12710,6,500.9799999999986,2,263.08000000000004,swap,notBad
12711,6,500.9799999999986,2,263.08000000000004,swap,notBad
12712,6,500.9799999999986,2,263.08000000000004,move,improve
12713,6,500.9799999999986,2,263.08000000000004,move,improve
12714,6,500.9799999999986,2,263.08000000000004,swap,notBad
12715,6,500.9799999999986,2,263.08000000000004,move,improve
12716,6,500.9799999999986,2,263.08000000000004,2opt,notBad
12717,6,500.9799999999986,2,263.08000000000004,2opt,notBad
12718,6,500.9799999999986,2,263.08000000000004,move,improve
12719,6,500.9799999999986,2,263.08000000000004,swap,notBad
12720,6,500.9799999999986,2,263.08000000000004,swap,notBad
12721,6,500.9799999999986,2,263.08000000000004,swap,notBad
12722,6,500.9799999999986,2,263.08000000000004,2opt,notBad
12723,6,500.9799999999986,2,263.08000000000004,2opt,notBad
12724,6,500.9799999999986,2,263.08000000000004,2opt,notBad
12725,6,500.9799999999986,2,263.08000000000004,swap,notBad
12726,6,500.9799999999986,2,263.08000000000004,2opt,notBad
12727,6,500.9799999999986,2,263.08000000000004,swap,notBad
12728,6,500.9799999999986,2,263.08000000000004,move,improve
12729,6,500.9799999999986,2,263.08000000000004,swap,notBad
12730,6,500.9799999999986,2,263.08000000000004,swap,notBad
12731,6,500.9799999999986,2,263.08000000000004,2opt,notBad
12732,6,500.9799999999986,2,263.08000000000004,move,improve
12733,6,500.9799999999986,2,263.08000000000004,move,improve
12734,6,500.9799999999986,2,263.08000000000004,swap,notBad
12735,6,500.9799999999986,2,263.08000000000004,move,improve
12736,6,500.9799999999986,2,263.08000000000004,swap,notBad
12737,6,500.9799999999986,2,263.08000000000004,swap,notBad
12738,6,500.9799999999986,2,263.08000000000004,swap,notBad
12739,6,500.9799999999986,2,263.08000000000004,2opt,notBad
12740,6,500.9799999999986,2,263.08000000000004,move,improve
12741,6,500.9799999999986,2,263.08000000000004,swap,notBad
12742,6,500.9799999999986,2,263.08000000000004,2opt,notBad
12743,6,500.9799999999986,2,263.08000000000004,move,improve
12744,6,500.9799999999986,2,263.08000000000004,swap,notBad
12745,6,500.9799999999986,2,263.08000000000004,2opt,notBad
12746,6,500.9799999999986,2,263.08000000000004,move,improve
12747,6,500.9799999999986,2,263.08000000000004,swap,notBad
12748,6,500.9799999999986,2,263.08000000000004,2opt,notBad
12749,6,500.9799999999986,2,263.08000000000004,2opt,notBad
12750,6,500.9799999999986,2,263.08000000000004,move,improve
12751,6,500.9799999999986,2,263.08000000000004,move,improve
12752,6,500.9799999999986,2,263.08000000000004,swap,notBad
12753,6,500.9799999999986,2,263.08000000000004,move,improve
12754,6,500.9799999999986,2,263.08000000000004,swap,notBad
12755,6,500.9799999999986,2,263.08000000000004,move,improve
12756,6,500.9799999999986,2,263.08000000000004,2opt,notBad
12757,6,500.9799999999986,2,263.08000000000004,move,improve
12758,6,500.9799999999986,2,263.08000000000004,swap,notBad
12759,6,500.9799999999986,2,263.08000000000004,2opt,notBad
12760,6,500.9799999999986,2,263.08000000000004,2opt,notBad
12761,6,500.9799999999986,2,263.08000000000004,move,improve
12762,6,500.9799999999986,2,263.08000000000004,swap,notBad
12763,6,500.9799999999986,2,263.08000000000004,swap,notBad
12764,6,500.9799999999986,2,263.08000000000004,swap,notBad
12765,6,500.9799999999986,2,263.08000000000004,2opt,notBad
12766,6,500.9799999999986,2,263.08000000000004,2opt,notBad
12767,6,500.9799999999986,2,263.08000000000004,move,improve
12768,6,500.9799999999986,2,263.08000000000004,swap,notBad
12769,6,500.9799999999986,2,263.08000000000004,2opt,notBad
12770,6,500.9799999999986,2,263.08000000000004,swap,notBad
12771,6,500.9799999999986,2,263.08000000000004,move,improve
12772,6,500.9799999999986,2,263.08000000000004,2opt,notBad
12773,6,500.9799999999986,2,263.08000000000004,swap,notBad
12774,6,500.9799999999986,2,263.08000000000004,2opt,improve
12775,6,500.9799999999986,2,263.08000000000004,2opt,notBad
12776,6,501.15999999999997,2,263.08000000000004,2opt,acceptBad
12777,6,501.15999999999997,2,263.08000000000004,swap,notBad
12778,6,501.15999999999997,2,263.08000000000004,2opt,improve
12779,6,501.15999999999997,2,263.08000000000004,2opt,notBad
12780,6,501.15999999999997,2,263.08000000000004,swap,notBad
12781,6,501.15999999999997,2,263.08000000000004,move,improve
12782,6,501.15999999999997,2,263.08000000000004,move,improve
12783,6,501.15999999999997,2,263.08000000000004,swap,notBad
12784,6,501.15999999999997,2,263.08000000000004,move,improve
12785,6,501.15999999999997,2,263.08000000000004,2opt,notBad
12786,6,501.15999999999997,2,263.08000000000004,2opt,improve
12787,6,501.15999999999997,2,263.08000000000004,2opt,notBad
12788,6,501.15999999999997,2,263.08000000000004,2opt,notBad
12789,6,501.15999999999997,2,263.08000000000004,swap,notBad
12790,6,501.15999999999997,2,263.08000000000004,move,improve
12791,6,501.15999999999997,2,263.08000000000004,2opt,notBad
12792,6,501.15999999999997,2,263.08000000000004,2opt,notBad
12793,6,501.15999999999997,2,263.08000000000004,move,improve
12794,6,501.15999999999997,2,263.08000000000004,move,improve
12795,6,501.15999999999997,2,263.08000000000004,2opt,notBad
12796,6,501.15999999999997,2,263.08000000000004,swap,notBad
12797,6,501.15999999999997,2,263.08000000000004,2opt,notBad
12798,6,501.15999999999997,2,263.08000000000004,move,improve
12799,6,501.15999999999997,2,263.08000000000004,swap,notBad
12800,6,501.15999999999997,2,263.08000000000004,move,improve
12801,6,501.15999999999997,2,263.08000000000004,2opt,notBad
12802,6,501.15999999999997,2,263.08000000000004,swap,notBad
12803,6,501.15999999999997,2,263.08000000000004,move,improve
12804,6,501.15999999999997,2,263.08000000000004,2opt,notBad
12805,6,501.15999999999997,2,263.08000000000004,2opt,notBad
12806,6,501.15999999999997,2,263.08000000000004,2opt,notBad
12807,6,501.15999999999997,2,263.08000000000004,2opt,notBad
12808,6,501.15999999999997,2,263.08000000000004,2opt,notBad
12809,6,501.15999999999997,2,263.08000000000004,move,improve
12810,6,501.15999999999997,2,263.08000000000004,2opt,notBad
12811,6,501.15999999999997,2,263.08000000000004,2opt,notBad
12812,6,501.15999999999997,2,263.08000000000004,2opt,improve
12813,6,501.15999999999997,2,263.08000000000004,move,improve
12814,6,501.15999999999997,2,263.08000000000004,2opt,notBad
12815,6,501.15999999999997,2,263.08000000000004,swap,notBad
12816,6,501.15999999999997,2,263.08000000000004,move,improve
12817,6,501.15999999999997,2,263.08000000000004,move,improve
12818,6,501.15999999999997,2,263.08000000000004,2opt,notBad
12819,6,501.15999999999997,2,263.08000000000004,swap,notBad
12820,6,501.15999999999997,2,263.08000000000004,2opt,notBad
12821,6,501.15999999999997,2,263.08000000000004,move,improve
12822,6,501.15999999999997,2,263.08000000000004,swap,notBad
12823,6,501.15999999999997,2,263.08000000000004,move,improve
12824,6,501.15999999999997,2,263.08000000000004,move,improve
12825,6,501.15999999999997,2,263.08000000000004,2opt,notBad
12826,6,501.15999999999997,2,263.08000000000004,swap,notBad
12827,6,501.15999999999997,2,263.08000000000004,move,improve
12828,6,501.15999999999997,2,263.08000000000004,move,improve
12829,6,501.15999999999997,2,263.08000000000004,2opt,notBad
12830,6,501.15999999999997,2,263.08000000000004,swap,notBad
12831,6,501.15999999999997,2,263.08000000000004,2opt,notBad
12832,6,501.15999999999997,2,263.08000000000004,swap,notBad
12833,6,501.15999999999997,2,263.08000000000004,move,improve
12834,6,501.15999999999997,2,263.08000000000004,swap,notBad
12835,6,501.15999999999997,2,263.08000000000004,move,improve
12836,6,501.15999999999997,2,263.08000000000004,move,improve
12837,6,501.15999999999997,2,263.08000000000004,move,improve
12838,6,501.15999999999997,2,263.08000000000004,move,improve
12839,6,501.15999999999997,2,263.08000000000004,2opt,notBad
12840,6,501.15999999999997,2,263.08000000000004,move,improve
12841,6,501.15999999999997,2,263.08000000000004,move,improve
12842,6,501.15999999999997,2,263.08000000000004,swap,notBad
12843,6,501.15999999999997,2,263.08000000000004,move,improve
12844,6,501.15999999999997,2,263.08000000000004,move,improve
12845,6,501.15999999999997,2,263.08000000000004,swap,notBad
12846,6,501.15999999999997,2,263.08000000000004,move,improve
12847,6,501.15999999999997,2,263.08000000000004,swap,notBad
12848,6,501.15999999999997,2,263.08000000000004,swap,notBad
12849,6,501.15999999999997,2,263.08000000000004,move,improve
12850,6,501.15999999999997,2,263.08000000000004,swap,notBad
12851,6,501.15999999999997,2,263.08000000000004,move,improve
12852,6,501.15999999999997,2,263.08000000000004,move,improve
12853,6,501.15999999999997,2,263.08000000000004,move,improve
12854,6,501.15999999999997,2,263.08000000000004,move,improve
12855,6,501.15999999999997,2,263.08000000000004,move,improve
12856,6,501.15999999999997,2,263.08000000000004,move,improve
12857,6,501.15999999999997,2,263.08000000000004,swap,notBad
12858,6,501.15999999999997,2,263.08000000000004,move,improve
12859,6,501.15999999999997,2,263.08000000000004,2opt,notBad
12860,6,501.15999999999997,2,263.08000000000004,move,improve
12861,6,501.15999999999997,2,263.08000000000004,2opt,notBad
12862,6,501.15999999999997,2,263.08000000000004,swap,notBad
12863,6,501.15999999999997,2,263.08000000000004,swap,notBad
12864,6,501.15999999999997,2,263.08000000000004,move,improve
12865,6,501.15999999999997,2,263.08000000000004,swap,notBad
12866,6,501.15999999999997,2,263.08000000000004,swap,notBad
12867,6,501.15999999999997,2,263.08000000000004,2opt,notBad
12868,6,501.15999999999997,2,263.08000000000004,swap,notBad
12869,6,501.15999999999997,2,263.08000000000004,2opt,notBad
12870,6,501.15999999999997,2,263.08000000000004,move,improve
12871,6,501.15999999999997,2,263.08000000000004,2opt,notBad
12872,6,501.15999999999997,2,263.08000000000004,swap,notBad
12873,6,501.15999999999997,2,263.08000000000004,swap,notBad
12874,6,501.15999999999997,2,263.08000000000004,2opt,notBad
12875,6,501.15999999999997,2,263.08000000000004,move,improve
12876,6,501.15999999999997,2,263.08000000000004,2opt,notBad
12877,6,501.15999999999997,2,263.08000000000004,swap,notBad
12878,6,501.15999999999997,2,263.08000000000004,2opt,notBad
12879,6,501.15999999999997,2,263.08000000000004,move,improve
12880,6,501.15999999999997,2,263.08000000000004,2opt,notBad
12881,6,501.15999999999997,2,263.08000000000004,swap,notBad
12882,6,501.15999999999997,2,263.08000000000004,2opt,notBad
12883,6,501.15999999999997,2,263.08000000000004,move,improve
12884,6,501.15999999999997,2,263.08000000000004,move,improve
12885,6,501.15999999999997,2,263.08000000000004,2opt,notBad
12886,6,501.15999999999997,2,263.08000000000004,swap,notBad
12887,6,501.15999999999997,2,263.08000000000004,move,improve
12888,6,501.15999999999997,2,263.08000000000004,move,notBad
12889,6,501.15999999999997,2,263.08000000000004,move,improve
12890,6,501.15999999999997,2,263.08000000000004,move,improve
12891,6,501.15999999999997,2,263.08000000000004,swap,notBad
12892,6,501.15999999999997,2,263.08000000000004,swap,notBad
12893,6,501.15999999999997,2,263.08000000000004,move,improve
12894,6,501.15999999999997,2,263.08000000000004,2opt,notBad
12895,6,501.15999999999997,2,263.08000000000004,move,improve
12896,6,501.15999999999997,2,263.08000000000004,2opt,notBad
12897,6,501.15999999999997,2,263.08000000000004,swap,notBad
12898,6,501.15999999999997,2,263.08000000000004,move,improve
12899,6,501.15999999999997,2,263.08000000000004,swap,notBad
12900,6,501.15999999999997,2,263.08000000000004,2opt,notBad
12901,6,501.15999999999997,2,263.08000000000004,2opt,notBad
12902,6,501.15999999999997,2,263.08000000000004,2opt,notBad
12903,6,501.15999999999997,2,263.08000000000004,swap,notBad
12904,6,501.15999999999997,2,263.08000000000004,swap,notBad
12905,6,501.15999999999997,2,263.08000000000004,move,improve
12906,6,501.15999999999997,2,263.08000000000004,swap,notBad
12907,6,501.15999999999997,2,263.08000000000004,swap,notBad
12908,6,501.15999999999997,2,263.08000000000004,move,improve
12909,6,501.15999999999997,2,263.08000000000004,2opt,notBad
12910,6,501.15999999999997,2,263.08000000000004,swap,notBad
12911,6,501.15999999999997,2,263.08000000000004,swap,notBad
12912,6,501.15999999999997,2,263.08000000000004,2opt,notBad
12913,6,501.15999999999997,2,263.08000000000004,swap,notBad
12914,6,501.15999999999997,2,263.08000000000004,swap,notBad
12915,6,501.15999999999997,2,263.08000000000004,swap,notBad
12916,6,501.15999999999997,2,263.08000000000004,swap,notBad
12917,6,501.15999999999997,2,263.08000000000004,move,improve
12918,6,501.15999999999997,2,263.08000000000004,swap,notBad
12919,6,501.15999999999997,2,263.08000000000004,swap,notBad
12920,6,501.15999999999997,2,263.08000000000004,2opt,notBad
12921,6,501.15999999999997,2,263.08000000000004,2opt,notBad
12922,6,501.15999999999997,2,263.08000000000004,2opt,notBad
12923,6,501.15999999999997,2,263.08000000000004,move,improve
12924,6,501.15999999999997,2,263.08000000000004,swap,notBad
12925,6,501.15999999999997,2,263.08000000000004,2opt,notBad
12926,6,501.15999999999997,2,263.08000000000004,swap,notBad
12927,6,501.15999999999997,2,263.08000000000004,move,improve
12928,6,501.15999999999997,2,263.08000000000004,swap,notBad
12929,6,501.15999999999997,2,263.08000000000004,2opt,notBad
12930,6,501.15999999999997,2,263.08000000000004,swap,notBad
12931,6,501.15999999999997,2,263.08000000000004,move,improve
12932,6,501.15999999999997,2,263.08000000000004,move,improve
12933,6,501.15999999999997,2,263.08000000000004,swap,notBad
12934,6,501.15999999999997,2,263.08000000000004,2opt,improve
12935,6,501.15999999999997,2,263.08000000000004,2opt,notBad
12936,6,501.15999999999997,2,263.08000000000004,2opt,notBad
12937,6,501.15999999999997,2,263.08000000000004,swap,notBad
12938,6,501.15999999999997,2,263.08000000000004,swap,notBad
12939,6,501.15999999999997,2,263.08000000000004,swap,notBad
12940,6,501.15999999999997,2,263.08000000000004,swap,notBad
12941,6,501.15999999999997,2,263.08000000000004,2opt,notBad
12942,6,501.15999999999997,2,263.08000000000004,2opt,notBad
12943,6,501.15999999999997,2,263.08000000000004,2opt,improve
12944,6,501.15999999999997,2,263.08000000000004,move,improve
12945,6,501.15999999999997,2,263.08000000000004,move,improve
12946,6,501.15999999999997,2,263.08000000000004,swap,notBad
12947,6,501.15999999999997,2,263.08000000000004,move,improve
12948,6,501.15999999999997,2,263.08000000000004,move,improve
12949,6,501.15999999999997,2,263.08000000000004,swap,notBad
12950,6,501.15999999999997,2,263.08000000000004,2opt,notBad
12951,6,501.15999999999997,2,263.08000000000004,2opt,notBad
12952,6,501.15999999999997,2,263.08000000000004,2opt,notBad
12953,6,501.15999999999997,2,263.08000000000004,move,improve
12954,6,501.15999999999997,2,263.08000000000004,2opt,notBad
12955,6,501.15999999999997,2,263.08000000000004,swap,notBad
12956,6,501.15999999999997,2,263.08000000000004,move,improve
12957,6,501.15999999999997,2,263.08000000000004,2opt,notBad
12958,6,501.15999999999997,2,263.08000000000004,2opt,notBad
12959,6,501.15999999999997,2,263.08000000000004,2opt,notBad
12960,6,501.15999999999997,2,263.08000000000004,swap,notBad
12961,6,501.15999999999997,2,263.08000000000004,2opt,notBad
12962,6,501.15999999999997,2,263.08000000000004,swap,notBad
12963,6,501.15999999999997,2,263.08000000000004,2opt,notBad
12964,6,501.15999999999997,2,263.08000000000004,2opt,notBad
12965,6,501.15999999999997,2,263.08000000000004,2opt,notBad
12966,6,501.15999999999997,2,263.08000000000004,move,improve
12967,6,501.15999999999997,2,263.08000000000004,2opt,notBad
12968,6,501.15999999999997,2,263.08000000000004,swap,notBad
12969,6,501.15999999999997,2,263.08000000000004,2opt,notBad
12970,6,501.15999999999997,2,263.08000000000004,move,improve
12971,6,501.15999999999997,2,263.08000000000004,swap,notBad
12972,6,501.15999999999997,2,263.08000000000004,swap,notBad
12973,6,501.15999999999997,2,263.08000000000004,swap,notBad
12974,6,501.15999999999997,2,263.08000000000004,2opt,notBad
12975,6,501.15999999999997,2,263.08000000000004,move,improve
12976,6,501.15999999999997,2,263.08000000000004,swap,notBad
12977,6,501.15999999999997,2,263.08000000000004,move,improve
12978,6,501.15999999999997,2,263.08000000000004,2opt,notBad
12979,6,501.15999999999997,2,263.08000000000004,swap,notBad
12980,6,501.15999999999997,2,263.08000000000004,swap,notBad
12981,6,501.15999999999997,2,263.08000000000004,swap,notBad
12982,6,501.15999999999997,2,263.08000000000004,swap,notBad
12983,6,501.15999999999997,2,263.08000000000004,move,improve
12984,6,501.15999999999997,2,263.08000000000004,move,improve
12985,6,501.15999999999997,2,263.08000000000004,swap,notBad
12986,6,501.15999999999997,2,263.08000000000004,swap,notBad
12987,6,501.15999999999997,2,263.08000000000004,move,improve
12988,6,501.15999999999997,2,263.08000000000004,swap,notBad
12989,6,501.15999999999997,2,263.08000000000004,swap,notBad
12990,6,501.15999999999997,2,263.08000000000004,move,improve
12991,6,501.15999999999997,2,263.08000000000004,swap,notBad
12992,6,501.15999999999997,2,263.08000000000004,move,improve
12993,6,501.15999999999997,2,263.08000000000004,swap,notBad
12994,6,501.15999999999997,2,263.08000000000004,2opt,notBad
12995,6,501.15999999999997,2,263.08000000000004,move,improve
12996,6,501.15999999999997,2,263.08000000000004,move,improve
12997,6,501.15999999999997,2,263.08000000000004,swap,notBad
12998,6,501.15999999999997,2,263.08000000000004,swap,notBad
12999,6,501.15999999999997,2,263.08000000000004,2opt,notBad
13000,6,501.15999999999997,2,263.08000000000004,2opt,improve
13001,6,501.15999999999997,2,263.08000000000004,2opt,notBad
13002,6,501.15999999999997,2,263.08000000000004,move,improve
13003,6,501.15999999999997,2,263.08000000000004,move,improve
13004,6,501.15999999999997,2,263.08000000000004,move,improve
13005,6,501.15999999999997,2,263.08000000000004,swap,notBad
13006,6,501.15999999999997,2,263.08000000000004,move,improve
13007,6,501.15999999999997,2,263.08000000000004,swap,notBad
13008,6,501.15999999999997,2,263.08000000000004,swap,notBad
13009,6,501.15999999999997,2,263.08000000000004,2opt,notBad
13010,6,501.15999999999997,2,263.08000000000004,swap,notBad
13011,6,501.15999999999997,2,263.08000000000004,swap,notBad
13012,6,501.15999999999997,2,263.08000000000004,swap,notBad
13013,6,501.15999999999997,2,263.08000000000004,swap,notBad
13014,6,501.15999999999997,2,263.08000000000004,move,improve
13015,6,501.15999999999997,2,263.08000000000004,move,improve
13016,6,501.15999999999997,2,263.08000000000004,swap,notBad
13017,6,501.15999999999997,2,263.08000000000004,swap,notBad
13018,6,501.15999999999997,2,263.08000000000004,move,improve
13019,6,501.15999999999997,2,263.08000000000004,2opt,notBad
13020,6,501.15999999999997,2,263.08000000000004,2opt,notBad
13021,6,501.15999999999997,2,263.08000000000004,swap,notBad
13022,6,501.15999999999997,2,263.08000000000004,2opt,notBad
13023,6,501.15999999999997,2,263.08000000000004,swap,notBad
13024,6,501.15999999999997,2,263.08000000000004,move,improve
13025,6,501.15999999999997,2,263.08000000000004,2opt,notBad
13026,6,501.15999999999997,2,263.08000000000004,move,improve
13027,6,501.15999999999997,2,263.08000000000004,swap,notBad
13028,6,501.15999999999997,2,263.08000000000004,move,improve
13029,6,501.15999999999997,2,263.08000000000004,swap,notBad
13030,6,501.15999999999997,2,263.08000000000004,2opt,notBad
13031,6,501.15999999999997,2,263.08000000000004,2opt,notBad
13032,6,501.15999999999997,2,263.08000000000004,swap,notBad
13033,6,501.15999999999997,2,263.08000000000004,2opt,notBad
13034,6,501.15999999999997,2,263.08000000000004,swap,notBad
13035,6,501.15999999999997,2,263.08000000000004,swap,notBad
13036,6,501.15999999999997,2,263.08000000000004,2opt,improve
13037,6,501.15999999999997,2,263.08000000000004,move,improve
13038,6,501.15999999999997,2,263.08000000000004,swap,notBad
13039,6,501.15999999999997,2,263.08000000000004,swap,notBad
13040,6,501.15999999999997,2,263.08000000000004,2opt,notBad
13041,6,501.15999999999997,2,263.08000000000004,swap,notBad
13042,6,501.15999999999997,2,263.08000000000004,move,improve
13043,6,501.15999999999997,2,263.08000000000004,move,improve
13044,6,501.15999999999997,2,263.08000000000004,swap,notBad
13045,6,501.15999999999997,2,263.08000000000004,2opt,notBad
13046,6,501.15999999999997,2,263.08000000000004,swap,notBad
13047,6,501.15999999999997,2,263.08000000000004,move,improve
13048,6,501.15999999999997,2,263.08000000000004,2opt,notBad
13049,6,501.15999999999997,2,263.08000000000004,2opt,notBad
13050,6,501.15999999999997,2,263.08000000000004,2opt,notBad
13051,6,501.15999999999997,2,263.08000000000004,move,improve
13052,6,501.15999999999997,2,263.08000000000004,swap,notBad
13053,6,501.15999999999997,2,263.08000000000004,2opt,notBad
13054,6,501.15999999999997,2,263.08000000000004,swap,notBad
13055,6,501.15999999999997,2,263.08000000000004,move,improve
13056,6,501.15999999999997,2,263.08000000000004,swap,notBad
13057,6,501.15999999999997,2,263.08000000000004,move,improve
13058,6,501.15999999999997,2,263.08000000000004,2opt,notBad
13059,6,501.15999999999997,2,263.08000000000004,move,improve
13060,6,501.15999999999997,2,263.08000000000004,move,improve
13061,6,501.15999999999997,2,263.08000000000004,2opt,notBad
13062,6,501.15999999999997,2,263.08000000000004,2opt,notBad
13063,6,501.15999999999997,2,263.08000000000004,move,improve
13064,6,501.15999999999997,2,263.08000000000004,swap,notBad
13065,6,501.15999999999997,2,263.08000000000004,swap,notBad
13066,6,501.15999999999997,2,263.08000000000004,swap,notBad
13067,6,501.15999999999997,2,263.08000000000004,2opt,notBad
13068,6,501.15999999999997,2,263.08000000000004,2opt,notBad
13069,6,501.15999999999997,2,263.08000000000004,swap,notBad
13070,6,501.15999999999997,2,263.08000000000004,swap,notBad
13071,6,501.15999999999997,2,263.08000000000004,move,improve
13072,6,501.15999999999997,2,263.08000000000004,2opt,notBad
13073,6,501.15999999999997,2,263.08000000000004,move,improve
13074,6,501.15999999999997,2,263.08000000000004,2opt,notBad
13075,6,501.15999999999997,2,263.08000000000004,swap,notBad
13076,6,501.15999999999997,2,263.08000000000004,move,improve
13077,6,501.15999999999997,2,263.08000000000004,2opt,notBad
13078,6,501.15999999999997,2,263.08000000000004,move,improve
13079,6,501.15999999999997,2,263.08000000000004,2opt,improve
13080,6,501.15999999999997,2,263.08000000000004,move,improve
13081,6,501.15999999999997,2,263.08000000000004,2opt,notBad
13082,6,501.15999999999997,2,263.08000000000004,2opt,notBad
13083,6,501.15999999999997,2,263.08000000000004,2opt,notBad
13084,6,501.15999999999997,2,263.08000000000004,swap,notBad
13085,6,501.15999999999997,2,263.08000000000004,2opt,notBad
13086,6,501.15999999999997,2,263.08000000000004,2opt,notBad
13087,6,501.15999999999997,2,263.08000000000004,move,improve
13088,6,501.15999999999997,2,263.08000000000004,swap,notBad
13089,6,501.15999999999997,2,263.08000000000004,swap,notBad
13090,6,501.15999999999997,2,263.08000000000004,swap,notBad
13091,6,501.15999999999997,2,263.08000000000004,swap,notBad
13092,6,501.15999999999997,2,263.08000000000004,move,improve
13093,6,501.15999999999997,2,263.08000000000004,swap,notBad
13094,6,501.15999999999997,2,263.08000000000004,swap,notBad
13095,6,501.15999999999997,2,263.08000000000004,2opt,notBad
13096,6,501.15999999999997,2,263.08000000000004,move,improve
13097,6,501.15999999999997,2,263.08000000000004,swap,notBad
13098,6,501.15999999999997,2,263.08000000000004,move,improve
13099,6,501.15999999999997,2,263.08000000000004,2opt,notBad
13100,6,501.15999999999997,2,263.08000000000004,swap,notBad
13101,6,501.15999999999997,2,263.08000000000004,move,notBad
13102,6,501.15999999999997,2,263.08000000000004,move,improve
13103,6,501.15999999999997,2,263.08000000000004,swap,notBad
13104,6,501.15999999999997,2,263.08000000000004,2opt,notBad
13105,6,501.15999999999997,2,263.08000000000004,swap,notBad
13106,6,501.15999999999997,2,263.08000000000004,move,improve
13107,6,501.15999999999997,2,263.08000000000004,swap,notBad
13108,6,501.15999999999997,2,263.08000000000004,swap,notBad
13109,6,501.15999999999997,2,263.08000000000004,move,improve
13110,6,501.15999999999997,2,263.08000000000004,move,improve
13111,6,501.15999999999997,2,263.08000000000004,move,improve
13112,6,501.15999999999997,2,263.08000000000004,2opt,notBad
13113,6,501.15999999999997,2,263.08000000000004,swap,notBad
13114,6,501.15999999999997,2,263.08000000000004,2opt,notBad
13115,6,501.15999999999997,2,263.08000000000004,swap,notBad
13116,6,501.15999999999997,2,263.08000000000004,swap,notBad
13117,6,501.15999999999997,2,263.08000000000004,move,improve
13118,6,501.15999999999997,2,263.08000000000004,move,improve
13119,6,501.15999999999997,2,263.08000000000004,2opt,notBad
13120,6,501.15999999999997,2,263.08000000000004,2opt,notBad
13121,6,501.15999999999997,2,263.08000000000004,move,improve
13122,6,501.15999999999997,2,263.08000000000004,move,improve
13123,6,501.15999999999997,2,263.08000000000004,2opt,notBad
13124,6,501.15999999999997,2,263.08000000000004,move,notBad
13125,6,501.15999999999997,2,263.08000000000004,move,improve
13126,6,501.15999999999997,2,263.08000000000004,2opt,notBad
13127,6,501.15999999999997,2,263.08000000000004,move,improve
13128,6,501.15999999999997,2,263.08000000000004,swap,notBad
13129,6,501.15999999999997,2,263.08000000000004,swap,notBad
13130,6,501.15999999999997,2,263.08000000000004,swap,notBad
13131,6,501.15999999999997,2,263.08000000000004,swap,notBad
13132,6,501.15999999999997,2,263.08000000000004,swap,notBad
13133,6,501.15999999999997,2,263.08000000000004,2opt,notBad
13134,6,501.15999999999997,2,263.08000000000004,2opt,notBad
13135,6,501.15999999999997,2,263.08000000000004,move,improve
13136,6,501.15999999999997,2,263.08000000000004,swap,notBad
13137,6,501.15999999999997,2,263.08000000000004,move,improve
13138,6,501.15999999999997,2,263.08000000000004,2opt,notBad
13139,6,501.15999999999997,2,263.08000000000004,move,improve
13140,6,501.15999999999997,2,263.08000000000004,move,improve
13141,6,501.15999999999997,2,263.08000000000004,2opt,notBad
13142,6,501.15999999999997,2,263.08000000000004,move,improve
13143,6,501.15999999999997,2,263.08000000000004,move,improve
13144,6,501.15999999999997,2,263.08000000000004,swap,notBad
13145,6,501.15999999999997,2,263.08000000000004,swap,notBad
13146,6,501.15999999999997,2,263.08000000000004,move,improve
13147,6,500.9799999999986,2,263.08000000000004,swap,improve
13148,6,500.9799999999986,2,263.08000000000004,2opt,notBad
13149,6,500.9799999999986,2,263.08000000000004,2opt,notBad
13150,6,500.9799999999986,2,263.08000000000004,swap,notBad
13151,6,500.9799999999986,2,263.08000000000004,move,improve
13152,6,500.9799999999986,2,263.08000000000004,2opt,notBad
13153,6,500.9799999999986,2,263.08000000000004,move,improve
13154,6,500.9799999999986,2,263.08000000000004,2opt,notBad
13155,6,500.9799999999986,2,263.08000000000004,swap,notBad
13156,6,500.9799999999986,2,263.08000000000004,swap,notBad
13157,6,500.9799999999986,2,263.08000000000004,2opt,notBad
13158,6,500.9799999999986,2,263.08000000000004,move,improve
13159,6,500.9799999999986,2,263.08000000000004,2opt,notBad
13160,6,500.9799999999986,2,263.08000000000004,swap,notBad
13161,6,500.9799999999986,2,263.08000000000004,2opt,notBad
13162,6,500.9799999999986,2,263.08000000000004,move,improve
13163,6,500.9799999999986,2,263.08000000000004,2opt,notBad
13164,6,500.9799999999986,2,263.08000000000004,swap,notBad
13165,6,500.9799999999986,2,263.08000000000004,move,improve
13166,6,500.9799999999986,2,263.08000000000004,move,improve
13167,6,500.9799999999986,2,263.08000000000004,2opt,notBad
13168,6,500.9799999999986,2,263.08000000000004,move,improve
13169,6,500.9799999999986,2,263.08000000000004,swap,notBad
13170,6,500.9799999999986,2,263.08000000000004,swap,notBad
13171,6,500.9799999999986,2,263.08000000000004,move,improve
13172,6,500.9799999999986,2,263.08000000000004,swap,notBad
13173,6,500.9799999999986,2,263.08000000000004,swap,notBad
13174,6,500.9799999999986,2,263.08000000000004,swap,notBad
13175,6,500.9799999999986,2,263.08000000000004,swap,notBad
13176,6,500.9799999999986,2,263.08000000000004,swap,notBad
13177,6,500.9799999999986,2,263.08000000000004,move,improve
13178,6,500.9799999999986,2,263.08000000000004,swap,notBad
13179,6,500.9799999999986,2,263.08000000000004,move,improve
13180,6,500.9799999999986,2,263.08000000000004,move,improve
13181,6,500.9799999999986,2,263.08000000000004,move,notBad
13182,6,500.73999999999893,2,263.08000000000004,swap,improve
13183,6,500.73999999999893,2,263.08000000000004,2opt,notBad
13184,6,500.73999999999893,2,263.08000000000004,move,improve
13185,6,500.73999999999893,2,263.08000000000004,move,improve
13186,6,500.73999999999893,2,263.08000000000004,2opt,notBad
13187,6,500.73999999999893,2,263.08000000000004,2opt,notBad
13188,6,500.73999999999893,2,263.08000000000004,swap,notBad
13189,6,500.73999999999893,2,263.08000000000004,move,improve
13190,6,500.73999999999893,2,263.08000000000004,2opt,notBad
13191,6,500.73999999999893,2,263.08000000000004,2opt,notBad
13192,6,500.73999999999893,2,263.08000000000004,2opt,notBad
13193,6,500.73999999999893,2,263.08000000000004,2opt,notBad
13194,6,500.73999999999893,2,263.08000000000004,2opt,notBad
13195,6,500.73999999999893,2,263.08000000000004,swap,notBad
13196,6,500.73999999999893,2,263.08000000000004,swap,notBad
13197,6,500.73999999999893,2,263.08000000000004,move,improve
13198,6,500.73999999999893,2,263.08000000000004,2opt,notBad
13199,6,500.73999999999893,2,263.08000000000004,move,improve
13200,6,500.73999999999893,2,263.08000000000004,move,improve
13201,6,500.73999999999893,2,263.08000000000004,swap,notBad
13202,6,500.73999999999893,2,263.08000000000004,swap,notBad
13203,6,500.73999999999893,2,263.08000000000004,move,notBad
13204,6,500.73999999999893,2,263.08000000000004,move,improve
13205,6,500.73999999999893,2,263.08000000000004,swap,notBad
13206,6,500.73999999999893,2,263.08000000000004,2opt,notBad
13207,6,500.73999999999893,2,263.08000000000004,2opt,notBad
13208,6,500.73999999999893,2,263.08000000000004,2opt,notBad
13209,6,500.73999999999893,2,263.08000000000004,swap,notBad
13210,6,500.73999999999893,2,263.08000000000004,2opt,notBad
13211,6,500.73999999999893,2,263.08000000000004,move,improve
13212,6,500.73999999999893,2,263.08000000000004,2opt,notBad
13213,6,500.73999999999893,2,263.08000000000004,2opt,notBad
13214,6,500.73999999999893,2,263.08000000000004,2opt,notBad
13215,6,500.73999999999893,2,263.08000000000004,swap,notBad
13216,6,500.73999999999893,2,263.08000000000004,move,improve
13217,6,500.73999999999893,2,263.08000000000004,swap,notBad
13218,6,500.73999999999893,2,263.08000000000004,move,improve
13219,6,500.73999999999893,2,263.08000000000004,move,improve
13220,6,500.73999999999893,2,263.08000000000004,swap,notBad
13221,6,500.73999999999893,2,263.08000000000004,move,improve
13222,6,500.73999999999893,2,263.08000000000004,move,improve
13223,6,500.73999999999893,2,263.08000000000004,swap,notBad
13224,6,500.73999999999893,2,263.08000000000004,2opt,notBad
13225,6,500.73999999999893,2,263.08000000000004,move,improve
13226,6,500.73999999999893,2,263.08000000000004,2opt,notBad
13227,6,500.73999999999893,2,263.08000000000004,move,improve
13228,6,500.73999999999893,2,263.08000000000004,swap,notBad
13229,6,500.73999999999893,2,263.08000000000004,2opt,notBad
13230,6,500.73999999999893,2,263.08000000000004,swap,notBad
13231,6,500.73999999999893,2,263.08000000000004,2opt,notBad
13232,6,500.73999999999893,2,263.08000000000004,move,improve
13233,6,500.73999999999893,2,263.08000000000004,2opt,notBad
13234,6,500.73999999999893,2,263.08000000000004,2opt,notBad
13235,6,500.73999999999893,2,263.08000000000004,swap,notBad
13236,6,500.73999999999893,2,263.08000000000004,move,improve
13237,6,500.73999999999893,2,263.08000000000004,swap,notBad
13238,6,500.73999999999893,2,263.08000000000004,move,improve
13239,6,500.73999999999893,2,263.08000000000004,move,improve
13240,6,500.73999999999893,2,263.08000000000004,move,improve
13241,6,500.73999999999893,2,263.08000000000004,move,improve
13242,6,500.73999999999893,2,263.08000000000004,2opt,notBad
13243,6,500.73999999999893,2,263.08000000000004,move,improve
13244,6,500.73999999999893,2,263.08000000000004,swap,notBad
13245,6,500.73999999999893,2,263.08000000000004,2opt,notBad
13246,6,500.73999999999893,2,263.08000000000004,2opt,notBad
13247,6,500.73999999999893,2,263.08000000000004,move,improve
13248,6,500.73999999999893,2,263.08000000000004,swap,notBad
13249,6,500.73999999999893,2,263.08000000000004,move,improve
13250,6,500.73999999999893,2,263.08000000000004,swap,notBad
13251,6,500.73999999999893,2,263.08000000000004,move,improve
13252,6,500.73999999999893,2,263.08000000000004,move,improve
13253,6,500.73999999999893,2,263.08000000000004,swap,notBad
13254,6,500.73999999999893,2,263.08000000000004,move,improve
13255,6,501.65999999999894,2,263.08000000000004,swap,acceptBad
13256,6,501.65999999999894,2,263.08000000000004,2opt,notBad
13257,6,501.65999999999894,2,263.08000000000004,move,improve
13258,6,501.65999999999894,2,263.08000000000004,move,improve
13259,6,501.65999999999894,2,263.08000000000004,move,improve
13260,6,501.65999999999894,2,263.08000000000004,2opt,notBad
13261,6,501.65999999999894,2,263.08000000000004,2opt,notBad
13262,6,501.65999999999894,2,263.08000000000004,2opt,notBad
13263,6,501.65999999999894,2,263.08000000000004,move,improve
13264,6,501.65999999999894,2,263.08000000000004,swap,notBad
13265,6,501.65999999999894,2,263.08000000000004,move,improve
13266,6,501.65999999999894,2,263.08000000000004,swap,notBad
13267,6,501.65999999999894,2,263.08000000000004,swap,notBad
13268,6,501.65999999999894,2,263.08000000000004,2opt,notBad
13269,6,501.65999999999894,2,263.08000000000004,2opt,notBad
13270,6,501.65999999999894,2,263.08000000000004,2opt,notBad
13271,6,501.65999999999894,2,263.08000000000004,swap,notBad
13272,6,501.65999999999894,2,263.08000000000004,move,improve
13273,6,501.65999999999894,2,263.08000000000004,2opt,notBad
13274,6,501.65999999999894,2,263.08000000000004,swap,notBad
13275,6,501.65999999999894,2,263.08000000000004,swap,notBad
13276,6,501.65999999999894,2,263.08000000000004,swap,notBad
13277,6,501.65999999999894,2,263.08000000000004,swap,notBad
13278,6,501.65999999999894,2,263.08000000000004,2opt,notBad
13279,6,501.65999999999894,2,263.08000000000004,swap,notBad
13280,6,501.65999999999894,2,263.08000000000004,2opt,notBad
13281,6,501.65999999999894,2,263.08000000000004,swap,notBad
13282,6,501.65999999999894,2,263.08000000000004,move,improve
13283,6,501.65999999999894,2,263.08000000000004,move,improve
13284,6,500.73999999999893,2,263.08000000000004,move,improve
13285,6,500.73999999999893,2,263.08000000000004,move,improve
13286,6,500.73999999999893,2,263.08000000000004,move,improve
13287,6,500.73999999999893,2,263.08000000000004,move,improve
13288,6,500.73999999999893,2,263.08000000000004,2opt,notBad
13289,6,500.73999999999893,2,263.08000000000004,move,improve
13290,6,500.73999999999893,2,263.08000000000004,swap,notBad
13291,6,500.73999999999893,2,263.08000000000004,2opt,notBad
13292,6,500.73999999999893,2,263.08000000000004,move,improve
13293,6,500.73999999999893,2,263.08000000000004,move,improve
13294,6,500.73999999999893,2,263.08000000000004,2opt,notBad
13295,6,500.73999999999893,2,263.08000000000004,swap,notBad
13296,6,500.73999999999893,2,263.08000000000004,move,improve
13297,6,500.73999999999893,2,263.08000000000004,2opt,notBad
13298,6,500.73999999999893,2,263.08000000000004,swap,notBad
13299,6,500.73999999999893,2,263.08000000000004,swap,notBad
13300,6,500.73999999999893,2,263.08000000000004,move,improve
13301,6,500.73999999999893,2,263.08000000000004,swap,notBad
13302,6,500.73999999999893,2,263.08000000000004,swap,notBad
13303,6,500.73999999999893,2,263.08000000000004,swap,notBad
13304,6,500.73999999999893,2,263.08000000000004,2opt,notBad
13305,6,500.73999999999893,2,263.08000000000004,swap,notBad
13306,6,500.73999999999893,2,263.08000000000004,move,improve
13307,6,500.73999999999893,2,263.08000000000004,2opt,notBad
13308,6,500.73999999999893,2,263.08000000000004,swap,notBad
13309,6,500.73999999999893,2,263.08000000000004,swap,notBad
13310,6,500.73999999999893,2,263.08000000000004,2opt,notBad
13311,6,500.73999999999893,2,263.08000000000004,swap,notBad
13312,6,500.73999999999893,2,263.08000000000004,2opt,notBad
13313,6,500.73999999999893,2,263.08000000000004,2opt,notBad
13314,6,500.73999999999893,2,263.08000000000004,swap,notBad
13315,6,500.73999999999893,2,263.08000000000004,2opt,notBad
13316,6,500.73999999999893,2,263.08000000000004,2opt,notBad
13317,6,500.73999999999893,2,263.08000000000004,2opt,notBad
13318,6,500.73999999999893,2,263.08000000000004,move,improve
13319,6,500.73999999999893,2,263.08000000000004,move,improve
13320,6,500.73999999999893,2,263.08000000000004,move,improve
13321,6,500.73999999999893,2,263.08000000000004,2opt,notBad
13322,6,500.73999999999893,2,263.08000000000004,2opt,notBad
13323,6,500.73999999999893,2,263.08000000000004,move,improve
13324,6,500.73999999999893,2,263.08000000000004,move,improve
13325,6,500.73999999999893,2,263.08000000000004,move,improve
13326,6,500.73999999999893,2,263.08000000000004,swap,notBad
13327,6,500.73999999999893,2,263.08000000000004,2opt,notBad
13328,6,500.73999999999893,2,263.08000000000004,swap,notBad
13329,6,500.73999999999893,2,263.08000000000004,swap,notBad
13330,6,500.73999999999893,2,263.08000000000004,swap,notBad
13331,6,500.73999999999893,2,263.08000000000004,2opt,notBad
13332,6,500.73999999999893,2,263.08000000000004,swap,notBad
13333,6,500.73999999999893,2,263.08000000000004,2opt,notBad
13334,6,500.73999999999893,2,263.08000000000004,swap,notBad
13335,6,500.73999999999893,2,263.08000000000004,move,improve
13336,6,500.73999999999893,2,263.08000000000004,2opt,notBad
13337,6,500.73999999999893,2,263.08000000000004,2opt,notBad
13338,6,500.73999999999893,2,263.08000000000004,move,improve
13339,6,500.73999999999893,2,263.08000000000004,move,improve
13340,6,500.73999999999893,2,263.08000000000004,swap,notBad
13341,6,500.73999999999893,2,263.08000000000004,2opt,notBad
13342,6,500.73999999999893,2,263.08000000000004,2opt,notBad
13343,6,500.73999999999893,2,263.08000000000004,2opt,notBad
13344,6,500.73999999999893,2,263.08000000000004,2opt,notBad
13345,6,500.73999999999893,2,263.08000000000004,swap,notBad
13346,6,500.73999999999893,2,263.08000000000004,2opt,notBad
13347,6,500.73999999999893,2,263.08000000000004,2opt,notBad
13348,6,500.73999999999893,2,263.08000000000004,swap,notBad
13349,6,500.73999999999893,2,263.08000000000004,move,improve
13350,6,500.73999999999893,2,263.08000000000004,2opt,notBad
13351,6,500.73999999999893,2,263.08000000000004,move,improve
13352,6,500.73999999999893,2,263.08000000000004,2opt,notBad
13353,6,500.73999999999893,2,263.08000000000004,move,improve
13354,6,500.73999999999893,2,263.08000000000004,swap,notBad
13355,6,500.73999999999893,2,263.08000000000004,swap,notBad
13356,6,500.73999999999893,2,263.08000000000004,2opt,notBad
13357,6,500.73999999999893,2,263.08000000000004,2opt,notBad
13358,6,500.73999999999893,2,263.08000000000004,2opt,notBad
13359,6,500.73999999999893,2,263.08000000000004,swap,notBad
13360,6,500.73999999999893,2,263.08000000000004,2opt,improve
13361,6,500.73999999999893,2,263.08000000000004,2opt,notBad
13362,6,500.73999999999893,2,263.08000000000004,move,improve
13363,6,500.73999999999893,2,263.08000000000004,move,improve
13364,6,500.73999999999893,2,263.08000000000004,swap,notBad
13365,6,500.73999999999893,2,263.08000000000004,move,improve
13366,6,500.73999999999893,2,263.08000000000004,move,improve
13367,6,500.73999999999893,2,263.08000000000004,2opt,notBad
13368,6,500.73999999999893,2,263.08000000000004,swap,notBad
13369,6,500.73999999999893,2,263.08000000000004,move,improve
13370,6,500.73999999999893,2,263.08000000000004,swap,notBad
13371,6,500.73999999999893,2,263.08000000000004,swap,notBad
13372,6,500.73999999999893,2,263.08000000000004,swap,notBad
13373,6,500.73999999999893,2,263.08000000000004,swap,notBad
13374,6,500.73999999999893,2,263.08000000000004,swap,notBad
13375,6,500.73999999999893,2,263.08000000000004,move,improve
13376,6,500.73999999999893,2,263.08000000000004,swap,notBad
13377,6,500.73999999999893,2,263.08000000000004,2opt,notBad
13378,6,500.73999999999893,2,263.08000000000004,move,improve
13379,6,500.73999999999893,2,263.08000000000004,move,improve
13380,6,500.73999999999893,2,263.08000000000004,move,improve
13381,6,500.73999999999893,2,263.08000000000004,move,improve
13382,6,500.73999999999893,2,263.08000000000004,swap,notBad
13383,6,500.73999999999893,2,263.08000000000004,2opt,notBad
13384,6,500.73999999999893,2,263.08000000000004,swap,notBad
13385,6,500.73999999999893,2,263.08000000000004,2opt,notBad
13386,6,500.73999999999893,2,263.08000000000004,2opt,notBad
13387,6,500.73999999999893,2,263.08000000000004,swap,notBad
13388,6,500.73999999999893,2,263.08000000000004,swap,notBad
13389,6,500.73999999999893,2,263.08000000000004,2opt,notBad
13390,6,500.73999999999893,2,263.08000000000004,2opt,notBad
13391,6,500.73999999999893,2,263.08000000000004,move,improve
13392,6,500.73999999999893,2,263.08000000000004,move,improve
13393,6,500.73999999999893,2,263.08000000000004,2opt,notBad
13394,6,500.73999999999893,2,263.08000000000004,move,improve
13395,6,500.73999999999893,2,263.08000000000004,2opt,notBad
13396,6,500.73999999999893,2,263.08000000000004,swap,notBad
13397,6,500.73999999999893,2,263.08000000000004,swap,notBad
13398,6,500.73999999999893,2,263.08000000000004,swap,notBad
13399,6,500.73999999999893,2,263.08000000000004,move,improve
13400,6,500.73999999999893,2,263.08000000000004,move,improve
13401,6,500.73999999999893,2,263.08000000000004,swap,notBad
13402,6,500.73999999999893,2,263.08000000000004,swap,notBad
13403,6,500.73999999999893,2,263.08000000000004,swap,notBad
13404,6,500.73999999999893,2,263.08000000000004,2opt,notBad
13405,6,500.73999999999893,2,263.08000000000004,2opt,notBad
13406,6,500.73999999999893,2,263.08000000000004,swap,notBad
13407,6,500.73999999999893,2,263.08000000000004,2opt,notBad
13408,6,500.73999999999893,2,263.08000000000004,2opt,notBad
13409,6,500.73999999999893,2,263.08000000000004,2opt,notBad
13410,6,500.73999999999893,2,263.08000000000004,swap,notBad
13411,6,500.73999999999893,2,263.08000000000004,2opt,notBad
13412,6,500.73999999999893,2,263.08000000000004,2opt,notBad
13413,6,500.73999999999893,2,263.08000000000004,2opt,notBad
13414,6,500.73999999999893,2,263.08000000000004,swap,notBad
13415,6,500.73999999999893,2,263.08000000000004,move,improve
13416,6,500.73999999999893,2,263.08000000000004,move,improve
13417,6,500.73999999999893,2,263.08000000000004,move,improve
13418,6,500.73999999999893,2,263.08000000000004,move,improve
13419,6,500.73999999999893,2,263.08000000000004,swap,notBad
13420,6,500.73999999999893,2,263.08000000000004,move,improve
13421,6,500.73999999999893,2,263.08000000000004,swap,notBad
13422,6,500.73999999999893,2,263.08000000000004,2opt,notBad
13423,6,500.73999999999893,2,263.08000000000004,2opt,notBad
13424,6,500.73999999999893,2,263.08000000000004,2opt,improve
13425,6,500.73999999999893,2,263.08000000000004,swap,notBad
13426,6,500.73999999999893,2,263.08000000000004,2opt,notBad
13427,6,500.73999999999893,2,263.08000000000004,2opt,notBad
13428,6,500.73999999999893,2,263.08000000000004,move,improve
13429,6,500.73999999999893,2,263.08000000000004,move,improve
13430,6,500.73999999999893,2,263.08000000000004,move,improve
13431,6,500.73999999999893,2,263.08000000000004,2opt,improve
13432,6,500.73999999999893,2,263.08000000000004,2opt,improve
13433,6,500.73999999999893,2,263.08000000000004,swap,notBad
13434,6,500.73999999999893,2,263.08000000000004,2opt,notBad
13435,6,500.73999999999893,2,263.08000000000004,swap,notBad
13436,6,500.73999999999893,2,263.08000000000004,move,improve
13437,6,500.73999999999893,2,263.08000000000004,swap,notBad
13438,6,500.73999999999893,2,263.08000000000004,swap,notBad
13439,6,500.73999999999893,2,263.08000000000004,move,improve
13440,6,500.73999999999893,2,263.08000000000004,2opt,notBad
13441,6,500.73999999999893,2,263.08000000000004,move,improve
13442,6,500.73999999999893,2,263.08000000000004,2opt,improve
13443,6,500.73999999999893,2,263.08000000000004,swap,notBad
13444,6,500.73999999999893,2,263.08000000000004,2opt,notBad
13445,6,500.73999999999893,2,263.08000000000004,move,improve
13446,6,500.73999999999893,2,263.08000000000004,move,improve
13447,6,500.73999999999893,2,263.08000000000004,move,improve
13448,6,500.73999999999893,2,263.08000000000004,2opt,notBad
13449,6,500.73999999999893,2,263.08000000000004,swap,notBad
13450,6,500.73999999999893,2,263.08000000000004,2opt,improve
13451,6,500.73999999999893,2,263.08000000000004,move,improve
13452,6,500.73999999999893,2,263.08000000000004,2opt,notBad
13453,6,500.73999999999893,2,263.08000000000004,move,improve
13454,6,500.73999999999893,2,263.08000000000004,move,improve
13455,6,500.73999999999893,2,263.08000000000004,move,improve
13456,6,500.73999999999893,2,263.08000000000004,swap,notBad
13457,6,500.73999999999893,2,263.08000000000004,swap,notBad
13458,6,500.73999999999893,2,263.08000000000004,swap,notBad
13459,6,500.73999999999893,2,263.08000000000004,move,improve
13460,6,500.73999999999893,2,263.08000000000004,move,improve
13461,6,500.73999999999893,2,263.08000000000004,swap,notBad
13462,6,500.73999999999893,2,263.08000000000004,move,improve
13463,6,500.73999999999893,2,263.08000000000004,swap,notBad
13464,6,500.73999999999893,2,263.08000000000004,swap,notBad
13465,6,500.73999999999893,2,263.08000000000004,move,improve
13466,6,500.73999999999893,2,263.08000000000004,2opt,notBad
13467,6,500.73999999999893,2,263.08000000000004,move,improve
13468,6,500.73999999999893,2,263.08000000000004,swap,notBad
13469,6,500.73999999999893,2,263.08000000000004,move,improve
13470,6,500.73999999999893,2,263.08000000000004,swap,notBad
13471,6,500.73999999999893,2,263.08000000000004,move,improve
13472,6,500.73999999999893,2,263.08000000000004,move,improve
13473,6,500.73999999999893,2,263.08000000000004,2opt,notBad
13474,6,500.73999999999893,2,263.08000000000004,move,improve
13475,6,500.73999999999893,2,263.08000000000004,swap,notBad
13476,6,500.73999999999893,2,263.08000000000004,2opt,notBad
13477,6,500.73999999999893,2,263.08000000000004,swap,notBad
13478,6,500.73999999999893,2,263.08000000000004,2opt,notBad
13479,6,500.73999999999893,2,263.08000000000004,move,improve
13480,6,500.73999999999893,2,263.08000000000004,swap,notBad
13481,6,500.73999999999893,2,263.08000000000004,swap,notBad
13482,6,500.73999999999893,2,263.08000000000004,move,improve
13483,6,500.73999999999893,2,263.08000000000004,move,improve
13484,6,500.73999999999893,2,263.08000000000004,2opt,notBad
13485,6,500.73999999999893,2,263.08000000000004,2opt,notBad
13486,6,500.73999999999893,2,263.08000000000004,move,improve
13487,6,500.73999999999893,2,263.08000000000004,2opt,notBad
13488,6,500.73999999999893,2,263.08000000000004,2opt,notBad
13489,6,500.73999999999893,2,263.08000000000004,swap,notBad
13490,6,500.73999999999893,2,263.08000000000004,move,improve
13491,6,500.73999999999893,2,263.08000000000004,move,improve
13492,6,500.73999999999893,2,263.08000000000004,swap,notBad
13493,6,500.73999999999893,2,263.08000000000004,2opt,notBad
13494,6,500.73999999999893,2,263.08000000000004,2opt,notBad
13495,6,500.73999999999893,2,263.08000000000004,2opt,notBad
13496,6,500.73999999999893,2,263.08000000000004,swap,notBad
13497,6,500.73999999999893,2,263.08000000000004,move,improve
13498,6,500.73999999999893,2,263.08000000000004,move,improve
13499,6,500.73999999999893,2,263.08000000000004,move,improve
13500,6,500.73999999999893,2,263.08000000000004,swap,notBad
13501,6,500.73999999999893,2,263.08000000000004,2opt,notBad
13502,6,500.73999999999893,2,263.08000000000004,2opt,notBad
13503,6,500.73999999999893,2,263.08000000000004,move,improve
13504,6,500.73999999999893,2,263.08000000000004,2opt,notBad
13505,6,500.73999999999893,2,263.08000000000004,2opt,notBad
13506,6,500.73999999999893,2,263.08000000000004,swap,notBad
13507,6,500.73999999999893,2,263.08000000000004,move,improve
13508,6,500.73999999999893,2,263.08000000000004,swap,notBad
13509,6,500.73999999999893,2,263.08000000000004,2opt,notBad
13510,6,500.73999999999893,2,263.08000000000004,2opt,notBad
13511,6,500.73999999999893,2,263.08000000000004,move,improve
13512,6,500.73999999999893,2,263.08000000000004,swap,notBad
13513,6,500.73999999999893,2,263.08000000000004,2opt,notBad
13514,6,500.73999999999893,2,263.08000000000004,swap,notBad
13515,6,500.73999999999893,2,263.08000000000004,2opt,notBad
13516,6,500.73999999999893,2,263.08000000000004,swap,notBad
13517,6,500.73999999999893,2,263.08000000000004,2opt,notBad
13518,6,500.73999999999893,2,263.08000000000004,move,improve
13519,6,500.73999999999893,2,263.08000000000004,2opt,notBad
13520,6,500.73999999999893,2,263.08000000000004,move,improve
13521,6,500.73999999999893,2,263.08000000000004,2opt,notBad
13522,6,500.73999999999893,2,263.08000000000004,2opt,improve
13523,6,500.73999999999893,2,263.08000000000004,swap,notBad
13524,6,500.73999999999893,2,263.08000000000004,move,improve
13525,6,500.73999999999893,2,263.08000000000004,move,improve
13526,6,500.73999999999893,2,263.08000000000004,move,improve
13527,6,500.73999999999893,2,263.08000000000004,2opt,notBad
13528,6,500.73999999999893,2,263.08000000000004,move,improve
13529,6,500.73999999999893,2,263.08000000000004,swap,notBad
13530,6,500.73999999999893,2,263.08000000000004,2opt,notBad
13531,6,500.73999999999893,2,263.08000000000004,2opt,notBad
13532,6,500.73999999999893,2,263.08000000000004,swap,notBad
13533,6,500.73999999999893,2,263.08000000000004,swap,notBad
13534,6,500.73999999999893,2,263.08000000000004,move,improve
13535,6,500.73999999999893,2,263.08000000000004,swap,notBad
13536,6,500.73999999999893,2,263.08000000000004,move,improve
13537,6,500.73999999999893,2,263.08000000000004,2opt,notBad
13538,6,500.73999999999893,2,263.08000000000004,swap,notBad
13539,6,500.73999999999893,2,263.08000000000004,2opt,notBad
13540,6,500.73999999999893,2,263.08000000000004,move,improve
13541,6,500.73999999999893,2,263.08000000000004,swap,notBad
13542,6,500.73999999999893,2,263.08000000000004,swap,notBad
13543,6,500.73999999999893,2,263.08000000000004,swap,notBad
13544,6,500.73999999999893,2,263.08000000000004,swap,notBad
13545,6,500.73999999999893,2,263.08000000000004,swap,notBad
13546,6,500.73999999999893,2,263.08000000000004,swap,notBad
13547,6,500.73999999999893,2,263.08000000000004,2opt,notBad
13548,6,500.73999999999893,2,263.08000000000004,2opt,notBad
13549,6,500.73999999999893,2,263.08000000000004,move,improve
13550,6,500.73999999999893,2,263.08000000000004,2opt,notBad
13551,6,500.73999999999893,2,263.08000000000004,2opt,notBad
13552,6,500.73999999999893,2,263.08000000000004,move,improve
13553,6,500.73999999999893,2,263.08000000000004,move,improve
13554,6,500.73999999999893,2,263.08000000000004,swap,notBad
13555,6,500.73999999999893,2,263.08000000000004,swap,notBad
13556,6,500.73999999999893,2,263.08000000000004,2opt,notBad
13557,6,500.73999999999893,2,263.08000000000004,2opt,notBad
13558,6,500.73999999999893,2,263.08000000000004,swap,notBad
13559,6,500.73999999999893,2,263.08000000000004,2opt,notBad
13560,6,500.73999999999893,2,263.08000000000004,swap,notBad
13561,6,500.73999999999893,2,263.08000000000004,swap,notBad
13562,6,500.73999999999893,2,263.08000000000004,2opt,improve
13563,6,500.73999999999893,2,263.08000000000004,2opt,notBad
13564,6,500.73999999999893,2,263.08000000000004,swap,notBad
13565,6,500.73999999999893,2,263.08000000000004,swap,notBad
13566,6,500.73999999999893,2,263.08000000000004,swap,notBad
13567,6,500.73999999999893,2,263.08000000000004,2opt,notBad
13568,6,500.73999999999893,2,263.08000000000004,2opt,notBad
13569,6,500.73999999999893,2,263.08000000000004,2opt,notBad
13570,6,500.73999999999893,2,263.08000000000004,2opt,notBad
13571,6,500.73999999999893,2,263.08000000000004,move,improve
13572,6,500.73999999999893,2,263.08000000000004,2opt,notBad
13573,6,500.73999999999893,2,263.08000000000004,2opt,notBad
13574,6,500.73999999999893,2,263.08000000000004,2opt,notBad
13575,6,500.73999999999893,2,263.08000000000004,swap,notBad
13576,6,500.73999999999893,2,263.08000000000004,swap,notBad
13577,6,500.73999999999893,2,263.08000000000004,move,improve
13578,6,500.73999999999893,2,263.08000000000004,move,improve
13579,6,500.73999999999893,2,263.08000000000004,2opt,notBad
13580,6,500.73999999999893,2,263.08000000000004,swap,notBad
13581,6,500.73999999999893,2,263.08000000000004,move,improve
13582,6,500.73999999999893,2,263.08000000000004,2opt,notBad
13583,6,500.73999999999893,2,263.08000000000004,move,improve
13584,6,500.73999999999893,2,263.08000000000004,move,improve
13585,6,500.73999999999893,2,263.08000000000004,2opt,notBad
13586,6,500.73999999999893,2,263.08000000000004,swap,notBad
13587,6,500.73999999999893,2,263.08000000000004,swap,notBad
13588,6,500.73999999999893,2,263.08000000000004,move,improve
13589,6,500.73999999999893,2,263.08000000000004,move,improve
13590,6,500.73999999999893,2,263.08000000000004,move,improve
13591,6,500.73999999999893,2,263.08000000000004,move,improve
13592,6,500.73999999999893,2,263.08000000000004,swap,notBad
13593,6,500.73999999999893,2,263.08000000000004,2opt,notBad
13594,6,500.73999999999893,2,263.08000000000004,2opt,improve
13595,6,500.73999999999893,2,263.08000000000004,2opt,notBad
13596,6,500.73999999999893,2,263.08000000000004,2opt,improve
13597,6,500.73999999999893,2,263.08000000000004,2opt,notBad
13598,6,500.73999999999893,2,263.08000000000004,swap,notBad
13599,6,500.73999999999893,2,263.08000000000004,2opt,notBad
13600,6,500.73999999999893,2,263.08000000000004,2opt,notBad
13601,6,500.73999999999893,2,263.08000000000004,move,improve
13602,6,500.73999999999893,2,263.08000000000004,move,improve
13603,6,500.73999999999893,2,263.08000000000004,2opt,notBad
13604,6,500.73999999999893,2,263.08000000000004,move,improve
13605,6,500.73999999999893,2,263.08000000000004,2opt,notBad
13606,6,500.73999999999893,2,263.08000000000004,move,improve
13607,6,500.73999999999893,2,263.08000000000004,swap,notBad
13608,6,500.73999999999893,2,263.08000000000004,2opt,notBad
13609,6,500.73999999999893,2,263.08000000000004,swap,notBad
13610,6,500.73999999999893,2,263.08000000000004,2opt,notBad
13611,6,500.73999999999893,2,263.08000000000004,swap,notBad
13612,6,500.73999999999893,2,263.08000000000004,swap,notBad
13613,6,500.73999999999893,2,263.08000000000004,move,improve
13614,6,500.73999999999893,2,263.08000000000004,2opt,notBad
13615,6,500.73999999999893,2,263.08000000000004,move,improve
13616,6,500.73999999999893,2,263.08000000000004,2opt,notBad
13617,6,500.73999999999893,2,263.08000000000004,2opt,notBad
13618,6,500.73999999999893,2,263.08000000000004,move,improve
13619,6,500.73999999999893,2,263.08000000000004,swap,notBad
13620,6,500.73999999999893,2,263.08000000000004,swap,notBad
13621,6,500.73999999999893,2,263.08000000000004,swap,notBad
13622,6,500.73999999999893,2,263.08000000000004,2opt,notBad
13623,6,500.73999999999893,2,263.08000000000004,2opt,notBad
13624,6,500.73999999999893,2,263.08000000000004,2opt,notBad
13625,6,500.73999999999893,2,263.08000000000004,move,improve
13626,6,500.73999999999893,2,263.08000000000004,2opt,notBad
13627,6,500.73999999999893,2,263.08000000000004,move,improve
13628,6,500.73999999999893,2,263.08000000000004,swap,notBad
13629,6,500.73999999999893,2,263.08000000000004,2opt,notBad
13630,6,500.73999999999893,2,263.08000000000004,2opt,notBad
13631,6,500.73999999999893,2,263.08000000000004,swap,notBad
13632,6,500.73999999999893,2,263.08000000000004,move,improve
13633,6,500.73999999999893,2,263.08000000000004,move,improve
13634,6,500.73999999999893,2,263.08000000000004,move,improve
13635,6,500.73999999999893,2,263.08000000000004,2opt,notBad
13636,6,500.73999999999893,2,263.08000000000004,2opt,notBad
13637,6,500.73999999999893,2,263.08000000000004,move,improve
13638,6,500.73999999999893,2,263.08000000000004,move,improve
13639,6,500.73999999999893,2,263.08000000000004,swap,notBad
13640,6,500.73999999999893,2,263.08000000000004,swap,notBad
13641,6,500.73999999999893,2,263.08000000000004,move,improve
13642,6,500.73999999999893,2,263.08000000000004,swap,notBad
13643,6,500.73999999999893,2,263.08000000000004,move,improve
13644,6,500.73999999999893,2,263.08000000000004,2opt,notBad
13645,6,500.73999999999893,2,263.08000000000004,swap,notBad
13646,6,500.73999999999893,2,263.08000000000004,move,improve
13647,6,500.73999999999893,2,263.08000000000004,move,improve
13648,6,500.73999999999893,2,263.08000000000004,swap,notBad
13649,6,500.73999999999893,2,263.08000000000004,move,improve
13650,6,500.73999999999893,2,263.08000000000004,move,improve
13651,6,500.73999999999893,2,263.08000000000004,2opt,notBad
13652,6,500.73999999999893,2,263.08000000000004,move,improve
13653,6,500.73999999999893,2,263.08000000000004,move,improve
13654,6,500.73999999999893,2,263.08000000000004,2opt,notBad
13655,6,500.73999999999893,2,263.08000000000004,2opt,notBad
13656,6,500.73999999999893,2,263.08000000000004,2opt,notBad
13657,6,500.73999999999893,2,263.08000000000004,swap,notBad
13658,6,500.73999999999893,2,263.08000000000004,2opt,notBad
13659,6,500.73999999999893,2,263.08000000000004,move,improve
13660,6,500.73999999999893,2,263.08000000000004,swap,notBad
13661,6,500.73999999999893,2,263.08000000000004,swap,notBad
13662,6,500.73999999999893,2,263.08000000000004,2opt,notBad
13663,6,500.73999999999893,2,263.08000000000004,2opt,notBad
13664,6,500.73999999999893,2,263.08000000000004,swap,notBad
13665,6,500.73999999999893,2,263.08000000000004,2opt,notBad
13666,6,500.73999999999893,2,263.08000000000004,move,improve
13667,6,500.73999999999893,2,263.08000000000004,2opt,notBad
13668,6,500.73999999999893,2,263.08000000000004,2opt,notBad
13669,6,500.9799999999986,2,263.08000000000004,swap,acceptBad
13670,6,500.9799999999986,2,263.08000000000004,swap,notBad
13671,6,500.9799999999986,2,263.08000000000004,2opt,notBad
13672,6,500.9799999999986,2,263.08000000000004,swap,notBad
13673,6,500.9799999999986,2,263.08000000000004,2opt,notBad
13674,6,500.9799999999986,2,263.08000000000004,2opt,notBad
13675,6,500.9799999999986,2,263.08000000000004,2opt,improve
13676,6,500.9799999999986,2,263.08000000000004,swap,notBad
13677,6,500.9799999999986,2,263.08000000000004,move,improve
13678,6,500.9799999999986,2,263.08000000000004,swap,notBad
13679,6,500.9799999999986,2,263.08000000000004,move,improve
13680,6,500.9799999999986,2,263.08000000000004,2opt,notBad
13681,6,500.9799999999986,2,263.08000000000004,2opt,notBad
13682,6,500.9799999999986,2,263.08000000000004,swap,notBad
13683,6,500.9799999999986,2,263.08000000000004,2opt,notBad
13684,6,500.9799999999986,2,263.08000000000004,2opt,notBad
13685,6,500.9799999999986,2,263.08000000000004,move,improve
13686,6,500.9799999999986,2,263.08000000000004,2opt,notBad
13687,6,500.9799999999986,2,263.08000000000004,move,improve
13688,6,500.9799999999986,2,263.08000000000004,2opt,notBad
13689,6,500.9799999999986,2,263.08000000000004,swap,notBad
13690,6,500.9799999999986,2,263.08000000000004,swap,notBad
13691,6,500.9799999999986,2,263.08000000000004,2opt,notBad
13692,6,500.9799999999986,2,263.08000000000004,2opt,notBad
13693,6,500.9799999999986,2,263.08000000000004,move,improve
13694,6,500.9799999999986,2,263.08000000000004,swap,notBad
13695,6,500.9799999999986,2,263.08000000000004,2opt,notBad
13696,6,500.9799999999986,2,263.08000000000004,move,improve
13697,6,500.9799999999986,2,263.08000000000004,swap,notBad
13698,6,500.9799999999986,2,263.08000000000004,swap,notBad
13699,6,500.9799999999986,2,263.08000000000004,swap,notBad
13700,6,500.9799999999986,2,263.08000000000004,move,improve
13701,6,500.9799999999986,2,263.08000000000004,swap,notBad
13702,6,500.9799999999986,2,263.08000000000004,move,improve
13703,6,500.9799999999986,2,263.08000000000004,move,improve
13704,6,500.9799999999986,2,263.08000000000004,swap,notBad
13705,6,500.9799999999986,2,263.08000000000004,2opt,notBad
13706,6,500.9799999999986,2,263.08000000000004,move,improve
13707,6,500.9799999999986,2,263.08000000000004,swap,notBad
13708,6,500.9799999999986,2,263.08000000000004,2opt,notBad
13709,6,500.9799999999986,2,263.08000000000004,move,improve
13710,6,500.9799999999986,2,263.08000000000004,move,improve
13711,6,500.9799999999986,2,263.08000000000004,2opt,notBad
13712,6,500.9799999999986,2,263.08000000000004,move,improve
13713,6,500.9799999999986,2,263.08000000000004,swap,notBad
13714,6,500.9799999999986,2,263.08000000000004,2opt,notBad
13715,6,500.9799999999986,2,263.08000000000004,2opt,notBad
13716,6,500.9799999999986,2,263.08000000000004,move,improve
13717,6,500.9799999999986,2,263.08000000000004,swap,notBad
13718,6,500.9799999999986,2,263.08000000000004,swap,notBad
13719,6,500.9799999999986,2,263.08000000000004,2opt,notBad
13720,6,500.9799999999986,2,263.08000000000004,swap,notBad
13721,6,500.9799999999986,2,263.08000000000004,swap,notBad
13722,6,500.9799999999986,2,263.08000000000004,move,improve
13723,6,500.9799999999986,2,263.08000000000004,move,improve
13724,6,500.9799999999986,2,263.08000000000004,move,improve
13725,6,500.9799999999986,2,263.08000000000004,swap,notBad
13726,6,500.9799999999986,2,263.08000000000004,swap,notBad
13727,6,500.9799999999986,2,263.08000000000004,move,improve
13728,6,500.9799999999986,2,263.08000000000004,move,improve
13729,6,500.9799999999986,2,263.08000000000004,move,notBad
13730,6,500.9799999999986,2,263.08000000000004,move,improve
13731,6,500.9799999999986,2,263.08000000000004,2opt,notBad
13732,6,500.9799999999986,2,263.08000000000004,2opt,notBad
13733,6,500.9799999999986,2,263.08000000000004,move,improve
13734,6,500.9799999999986,2,263.08000000000004,move,improve
13735,6,500.9799999999986,2,263.08000000000004,move,improve
13736,6,500.9799999999986,2,263.08000000000004,2opt,notBad
13737,6,500.9799999999986,2,263.08000000000004,swap,notBad
13738,6,500.9799999999986,2,263.08000000000004,2opt,notBad
13739,6,500.9799999999986,2,263.08000000000004,swap,notBad
13740,6,500.9799999999986,2,263.08000000000004,swap,notBad
13741,6,500.9799999999986,2,263.08000000000004,swap,notBad
13742,6,500.9799999999986,2,263.08000000000004,swap,notBad
13743,6,500.9799999999986,2,263.08000000000004,swap,notBad
13744,6,500.9799999999986,2,263.08000000000004,2opt,notBad
13745,6,500.9799999999986,2,263.08000000000004,2opt,notBad
13746,6,500.9799999999986,2,263.08000000000004,2opt,notBad
13747,6,500.9799999999986,2,263.08000000000004,swap,notBad
13748,6,500.9799999999986,2,263.08000000000004,swap,notBad
13749,6,500.9799999999986,2,263.08000000000004,swap,notBad
13750,6,500.9799999999986,2,263.08000000000004,swap,notBad
13751,6,500.9799999999986,2,263.08000000000004,swap,notBad
13752,6,500.9799999999986,2,263.08000000000004,swap,notBad
13753,6,500.9799999999986,2,263.08000000000004,move,improve
13754,6,500.9799999999986,2,263.08000000000004,swap,notBad
13755,6,500.9799999999986,2,263.08000000000004,move,improve
13756,6,500.9799999999986,2,263.08000000000004,swap,notBad
13757,6,500.9799999999986,2,263.08000000000004,2opt,notBad
13758,6,500.9799999999986,2,263.08000000000004,swap,notBad
13759,6,500.9799999999986,2,263.08000000000004,2opt,notBad
13760,6,500.9799999999986,2,263.08000000000004,move,improve
13761,6,500.9799999999986,2,263.08000000000004,2opt,notBad
13762,6,500.9799999999986,2,263.08000000000004,move,improve
13763,6,500.9799999999986,2,263.08000000000004,move,improve
13764,6,500.9799999999986,2,263.08000000000004,swap,notBad
13765,6,500.9799999999986,2,263.08000000000004,move,notBad
13766,6,500.9799999999986,2,263.08000000000004,2opt,notBad
13767,6,500.9799999999986,2,263.08000000000004,swap,notBad
13768,6,500.9799999999986,2,263.08000000000004,swap,notBad
13769,6,500.9799999999986,2,263.08000000000004,move,improve
13770,6,500.9799999999986,2,263.08000000000004,move,improve
13771,6,500.9799999999986,2,263.08000000000004,move,improve
13772,6,500.9799999999986,2,263.08000000000004,2opt,improve
13773,6,500.9799999999986,2,263.08000000000004,swap,notBad
13774,6,500.9799999999986,2,263.08000000000004,swap,notBad
13775,6,500.9799999999986,2,263.08000000000004,swap,notBad
13776,6,500.9799999999986,2,263.08000000000004,swap,notBad
13777,6,500.9799999999986,2,263.08000000000004,swap,notBad
13778,6,500.9799999999986,2,263.08000000000004,swap,notBad
13779,6,500.9799999999986,2,263.08000000000004,move,improve
13780,6,500.9799999999986,2,263.08000000000004,2opt,notBad
13781,6,500.9799999999986,2,263.08000000000004,move,improve
13782,6,500.9799999999986,2,263.08000000000004,swap,notBad
13783,6,500.9799999999986,2,263.08000000000004,2opt,notBad
13784,6,500.9799999999986,2,263.08000000000004,move,improve
13785,6,500.9799999999986,2,263.08000000000004,move,improve
13786,6,500.9799999999986,2,263.08000000000004,move,improve
13787,6,500.9799999999986,2,263.08000000000004,swap,notBad
13788,6,500.9799999999986,2,263.08000000000004,swap,notBad
13789,6,500.9799999999986,2,263.08000000000004,2opt,notBad
13790,6,500.9799999999986,2,263.08000000000004,swap,notBad
13791,6,500.9799999999986,2,263.08000000000004,2opt,improve
13792,6,500.9799999999986,2,263.08000000000004,swap,notBad
13793,6,500.9799999999986,2,263.08000000000004,2opt,notBad
13794,6,500.9799999999986,2,263.08000000000004,2opt,notBad
13795,6,500.9799999999986,2,263.08000000000004,move,improve
13796,6,500.9799999999986,2,263.08000000000004,move,improve
13797,6,500.9799999999986,2,263.08000000000004,2opt,notBad
13798,6,500.9799999999986,2,263.08000000000004,move,improve
13799,6,500.9799999999986,2,263.08000000000004,swap,notBad
13800,6,500.9799999999986,2,263.08000000000004,2opt,notBad
13801,6,500.9799999999986,2,263.08000000000004,2opt,notBad
13802,6,500.9799999999986,2,263.08000000000004,2opt,notBad
13803,6,500.9799999999986,2,263.08000000000004,move,improve
13804,6,500.9799999999986,2,263.08000000000004,swap,notBad
13805,6,500.9799999999986,2,263.08000000000004,swap,notBad
13806,6,500.9799999999986,2,263.08000000000004,swap,notBad
13807,6,500.9799999999986,2,263.08000000000004,swap,notBad
13808,6,500.9799999999986,2,263.08000000000004,swap,notBad
13809,6,500.9799999999986,2,263.08000000000004,move,improve
13810,6,500.9799999999986,2,263.08000000000004,2opt,notBad
13811,6,500.9799999999986,2,263.08000000000004,move,improve
13812,6,500.9799999999986,2,263.08000000000004,move,improve
13813,6,500.9799999999986,2,263.08000000000004,2opt,notBad
13814,6,500.9799999999986,2,263.08000000000004,2opt,notBad
13815,6,500.9799999999986,2,263.08000000000004,move,improve
13816,6,500.9799999999986,2,263.08000000000004,swap,notBad
13817,6,500.9799999999986,2,263.08000000000004,move,improve
13818,6,500.9799999999986,2,263.08000000000004,move,improve
13819,6,500.9799999999986,2,263.08000000000004,2opt,notBad
13820,6,500.9799999999986,2,263.08000000000004,2opt,notBad
13821,6,500.9799999999986,2,263.08000000000004,move,improve
13822,6,500.9799999999986,2,263.08000000000004,2opt,notBad
13823,6,500.9799999999986,2,263.08000000000004,swap,notBad
13824,6,500.9799999999986,2,263.08000000000004,swap,notBad
13825,6,500.9799999999986,2,263.08000000000004,swap,notBad
13826,6,500.9799999999986,2,263.08000000000004,move,improve
13827,6,500.9799999999986,2,263.08000000000004,move,improve
13828,6,500.9799999999986,2,263.08000000000004,swap,notBad
13829,6,500.9799999999986,2,263.08000000000004,swap,notBad
13830,6,500.9799999999986,2,263.08000000000004,move,improve
13831,6,500.9799999999986,2,263.08000000000004,move,improve
13832,6,500.9799999999986,2,263.08000000000004,move,improve
13833,6,500.9799999999986,2,263.08000000000004,2opt,notBad
13834,6,500.9799999999986,2,263.08000000000004,move,improve
13835,6,500.9799999999986,2,263.08000000000004,swap,notBad
13836,6,500.9799999999986,2,263.08000000000004,move,improve
13837,6,500.9799999999986,2,263.08000000000004,2opt,notBad
13838,6,500.9799999999986,2,263.08000000000004,2opt,notBad
13839,6,500.9799999999986,2,263.08000000000004,swap,notBad
13840,6,500.9799999999986,2,263.08000000000004,2opt,notBad
13841,6,500.9799999999986,2,263.08000000000004,move,improve
13842,6,500.9799999999986,2,263.08000000000004,2opt,notBad
13843,6,500.9799999999986,2,263.08000000000004,move,improve
13844,6,500.9799999999986,2,263.08000000000004,swap,notBad
13845,6,500.9799999999986,2,263.08000000000004,2opt,notBad
13846,6,500.9799999999986,2,263.08000000000004,2opt,notBad
13847,6,500.9799999999986,2,263.08000000000004,swap,notBad
13848,6,500.9799999999986,2,263.08000000000004,swap,notBad
13849,6,500.9799999999986,2,263.08000000000004,2opt,notBad
13850,6,500.9799999999986,2,263.08000000000004,swap,notBad
13851,6,500.9799999999986,2,263.08000000000004,move,improve
13852,6,500.9799999999986,2,263.08000000000004,2opt,notBad
13853,6,500.9799999999986,2,263.08000000000004,2opt,improve
13854,6,500.9799999999986,2,263.08000000000004,swap,notBad
13855,6,500.9799999999986,2,263.08000000000004,move,improve
13856,6,500.9799999999986,2,263.08000000000004,swap,notBad
13857,6,500.9799999999986,2,263.08000000000004,2opt,notBad
13858,6,500.9799999999986,2,263.08000000000004,swap,notBad
13859,6,500.9799999999986,2,263.08000000000004,swap,notBad
13860,6,500.9799999999986,2,263.08000000000004,swap,notBad
13861,6,500.9799999999986,2,263.08000000000004,2opt,notBad
13862,6,500.9799999999986,2,263.08000000000004,move,improve
13863,6,500.9799999999986,2,263.08000000000004,swap,notBad
13864,6,500.9799999999986,2,263.08000000000004,2opt,notBad
13865,6,500.9799999999986,2,263.08000000000004,2opt,notBad
13866,6,500.9799999999986,2,263.08000000000004,swap,notBad
13867,6,500.9799999999986,2,263.08000000000004,2opt,notBad
13868,6,500.9799999999986,2,263.08000000000004,move,improve
13869,6,500.9799999999986,2,263.08000000000004,move,improve
13870,6,500.9799999999986,2,263.08000000000004,swap,notBad
13871,6,500.9799999999986,2,263.08000000000004,move,improve
13872,6,500.9799999999986,2,263.08000000000004,2opt,improve
13873,6,500.9799999999986,2,263.08000000000004,2opt,notBad
13874,6,500.9799999999986,2,263.08000000000004,move,improve
13875,6,500.9799999999986,2,263.08000000000004,2opt,notBad
13876,6,500.9799999999986,2,263.08000000000004,move,notBad
13877,6,500.9799999999986,2,263.08000000000004,2opt,notBad
13878,6,500.9799999999986,2,263.08000000000004,2opt,improve
13879,6,500.9799999999986,2,263.08000000000004,move,improve
13880,6,500.9799999999986,2,263.08000000000004,2opt,notBad
13881,6,500.9799999999986,2,263.08000000000004,swap,notBad
13882,6,500.9799999999986,2,263.08000000000004,2opt,notBad
13883,6,500.9799999999986,2,263.08000000000004,move,improve
13884,6,500.9799999999986,2,263.08000000000004,2opt,notBad
13885,6,500.9799999999986,2,263.08000000000004,move,improve
13886,6,500.9799999999986,2,263.08000000000004,swap,notBad
13887,6,500.9799999999986,2,263.08000000000004,2opt,notBad
13888,6,500.9799999999986,2,263.08000000000004,swap,notBad
13889,6,500.9799999999986,2,263.08000000000004,move,improve
13890,6,500.9799999999986,2,263.08000000000004,2opt,notBad
13891,6,500.9799999999986,2,263.08000000000004,2opt,notBad
13892,6,500.9799999999986,2,263.08000000000004,swap,notBad
13893,6,500.9799999999986,2,263.08000000000004,swap,notBad
13894,6,500.9799999999986,2,263.08000000000004,2opt,notBad
13895,6,500.9799999999986,2,263.08000000000004,2opt,notBad
13896,6,500.9799999999986,2,263.08000000000004,swap,notBad
13897,6,500.9799999999986,2,263.08000000000004,swap,notBad
13898,6,500.9799999999986,2,263.08000000000004,2opt,notBad
13899,6,500.9799999999986,2,263.08000000000004,swap,notBad
13900,6,500.9799999999986,2,263.08000000000004,2opt,notBad
13901,6,500.9799999999986,2,263.08000000000004,swap,notBad
13902,6,500.9799999999986,2,263.08000000000004,swap,notBad
13903,6,500.9799999999986,2,263.08000000000004,2opt,notBad
13904,6,500.9799999999986,2,263.08000000000004,move,improve
13905,6,500.9799999999986,2,263.08000000000004,2opt,notBad
13906,6,500.9799999999986,2,263.08000000000004,move,improve
13907,6,500.9799999999986,2,263.08000000000004,move,improve
13908,6,500.9799999999986,2,263.08000000000004,move,improve
13909,6,500.9799999999986,2,263.08000000000004,move,improve
13910,6,500.9799999999986,2,263.08000000000004,move,improve
13911,6,500.9799999999986,2,263.08000000000004,swap,notBad
13912,6,500.9799999999986,2,263.08000000000004,move,improve
13913,6,500.9799999999986,2,263.08000000000004,move,improve
13914,6,500.9799999999986,2,263.08000000000004,2opt,notBad
13915,6,500.9799999999986,2,263.08000000000004,move,improve
13916,6,500.9799999999986,2,263.08000000000004,2opt,improve
13917,6,500.9799999999986,2,263.08000000000004,move,improve
13918,6,500.9799999999986,2,263.08000000000004,swap,notBad
13919,6,500.9799999999986,2,263.08000000000004,2opt,notBad
13920,6,500.9799999999986,2,263.08000000000004,swap,notBad
13921,6,500.9799999999986,2,263.08000000000004,move,improve
13922,6,500.9799999999986,2,263.08000000000004,2opt,notBad
13923,6,500.9799999999986,2,263.08000000000004,move,improve
13924,6,500.9799999999986,2,263.08000000000004,2opt,notBad
13925,6,500.9799999999986,2,263.08000000000004,move,improve
13926,6,500.9799999999986,2,263.08000000000004,move,improve
13927,6,500.9799999999986,2,263.08000000000004,2opt,notBad
13928,6,500.9799999999986,2,263.08000000000004,2opt,notBad
13929,6,500.9799999999986,2,263.08000000000004,swap,notBad
13930,6,500.9799999999986,2,263.08000000000004,2opt,notBad
13931,6,500.9799999999986,2,263.08000000000004,swap,notBad
13932,6,500.9799999999986,2,263.08000000000004,2opt,notBad
13933,6,500.9799999999986,2,263.08000000000004,2opt,notBad
13934,6,500.9799999999986,2,263.08000000000004,move,improve
13935,6,500.9799999999986,2,263.08000000000004,swap,notBad
13936,6,500.9799999999986,2,263.08000000000004,swap,notBad
13937,6,500.9799999999986,2,263.08000000000004,swap,notBad
13938,6,500.9799999999986,2,263.08000000000004,move,improve
13939,6,500.9799999999986,2,263.08000000000004,move,improve
13940,6,500.9799999999986,2,263.08000000000004,move,improve
13941,6,500.9799999999986,2,263.08000000000004,move,improve
13942,6,500.9799999999986,2,263.08000000000004,swap,notBad
13943,6,500.9799999999986,2,263.08000000000004,move,improve
13944,6,500.9799999999986,2,263.08000000000004,swap,notBad
13945,6,500.9799999999986,2,263.08000000000004,move,notBad
13946,6,500.9799999999986,2,263.08000000000004,move,improve
13947,6,500.9799999999986,2,263.08000000000004,move,improve
13948,6,500.9799999999986,2,263.08000000000004,2opt,notBad
13949,6,500.9799999999986,2,263.08000000000004,2opt,improve
13950,6,500.9799999999986,2,263.08000000000004,move,improve
13951,6,500.9799999999986,2,263.08000000000004,2opt,notBad
13952,6,500.9799999999986,2,263.08000000000004,2opt,notBad
13953,6,500.9799999999986,2,263.08000000000004,move,improve
13954,6,500.9799999999986,2,263.08000000000004,swap,notBad
13955,6,500.9799999999986,2,263.08000000000004,move,improve
13956,6,500.9799999999986,2,263.08000000000004,swap,notBad
13957,6,500.9799999999986,2,263.08000000000004,2opt,notBad
13958,6,500.9799999999986,2,263.08000000000004,move,improve
13959,6,500.9799999999986,2,263.08000000000004,swap,notBad
13960,6,500.9799999999986,2,263.08000000000004,move,improve
13961,6,500.9799999999986,2,263.08000000000004,move,improve
13962,6,500.9799999999986,2,263.08000000000004,2opt,notBad
13963,6,500.9799999999986,2,263.08000000000004,2opt,notBad
13964,6,500.9799999999986,2,263.08000000000004,move,improve
13965,6,500.9799999999986,2,263.08000000000004,move,improve
13966,6,500.9799999999986,2,263.08000000000004,2opt,notBad
13967,6,500.9799999999986,2,263.08000000000004,move,improve
13968,6,500.9799999999986,2,263.08000000000004,2opt,notBad
13969,6,500.9799999999986,2,263.08000000000004,swap,notBad
13970,6,500.9799999999986,2,263.08000000000004,2opt,notBad
13971,6,500.9799999999986,2,263.08000000000004,swap,notBad
13972,6,500.9799999999986,2,263.08000000000004,2opt,notBad
13973,6,500.9799999999986,2,263.08000000000004,2opt,notBad
13974,6,500.9799999999986,2,263.08000000000004,swap,notBad
13975,6,500.9799999999986,2,263.08000000000004,swap,notBad
13976,6,500.9799999999986,2,263.08000000000004,move,improve
13977,6,500.9799999999986,2,263.08000000000004,swap,notBad
13978,6,500.9799999999986,2,263.08000000000004,2opt,improve
13979,6,500.9799999999986,2,263.08000000000004,swap,notBad
13980,6,500.9799999999986,2,263.08000000000004,swap,notBad
13981,6,500.9799999999986,2,263.08000000000004,move,improve
13982,6,500.9799999999986,2,263.08000000000004,2opt,improve
13983,6,500.9799999999986,2,263.08000000000004,move,improve
13984,6,500.9799999999986,2,263.08000000000004,2opt,notBad
13985,6,500.9799999999986,2,263.08000000000004,2opt,notBad
13986,6,500.9799999999986,2,263.08000000000004,swap,notBad
13987,6,500.9799999999986,2,263.08000000000004,2opt,notBad
13988,6,500.9799999999986,2,263.08000000000004,2opt,notBad
13989,6,500.9799999999986,2,263.08000000000004,swap,notBad
13990,6,500.9799999999986,2,263.08000000000004,swap,notBad
13991,6,500.9799999999986,2,263.08000000000004,move,improve
13992,6,500.9799999999986,2,263.08000000000004,move,improve
13993,6,500.9799999999986,2,263.08000000000004,move,improve
13994,6,500.9799999999986,2,263.08000000000004,swap,notBad
13995,6,500.9799999999986,2,263.08000000000004,swap,notBad
13996,6,500.9799999999986,2,263.08000000000004,swap,notBad
13997,6,500.9799999999986,2,263.08000000000004,2opt,notBad
13998,6,500.9799999999986,2,263.08000000000004,swap,notBad
13999,6,500.9799999999986,2,263.08000000000004,swap,notBad
14000,6,500.9799999999986,2,263.08000000000004,2opt,notBad
14001,6,500.9799999999986,2,263.08000000000004,move,improve
14002,6,500.9799999999986,2,263.08000000000004,swap,notBad
14003,6,500.9799999999986,2,263.08000000000004,2opt,notBad
14004,6,500.9799999999986,2,263.08000000000004,2opt,notBad
14005,6,500.9799999999986,2,263.08000000000004,swap,notBad
14006,6,500.9799999999986,2,263.08000000000004,2opt,notBad
14007,6,500.9799999999986,2,263.08000000000004,swap,notBad
14008,6,500.9799999999986,2,263.08000000000004,2opt,notBad
14009,6,500.9799999999986,2,263.08000000000004,2opt,notBad
14010,6,500.9799999999986,2,263.08000000000004,2opt,notBad
14011,6,500.9799999999986,2,263.08000000000004,2opt,notBad
14012,6,500.9799999999986,2,263.08000000000004,move,improve
14013,6,500.9799999999986,2,263.08000000000004,swap,notBad
14014,6,500.9799999999986,2,263.08000000000004,2opt,notBad
14015,6,500.9799999999986,2,263.08000000000004,move,improve
14016,6,500.9799999999986,2,263.08000000000004,2opt,notBad
14017,6,500.9799999999986,2,263.08000000000004,move,improve
14018,6,500.9799999999986,2,263.08000000000004,swap,notBad
14019,6,500.9799999999986,2,263.08000000000004,move,improve
14020,6,500.9799999999986,2,263.08000000000004,swap,notBad
14021,6,500.9799999999986,2,263.08000000000004,move,improve
14022,6,500.9799999999986,2,263.08000000000004,2opt,notBad
14023,6,500.9799999999986,2,263.08000000000004,2opt,notBad
14024,6,500.9799999999986,2,263.08000000000004,2opt,notBad
14025,6,500.9799999999986,2,263.08000000000004,2opt,notBad
14026,6,500.9799999999986,2,263.08000000000004,swap,notBad
14027,6,500.9799999999986,2,263.08000000000004,move,improve
14028,6,500.9799999999986,2,263.08000000000004,move,improve
14029,6,500.9799999999986,2,263.08000000000004,move,improve
14030,6,500.9799999999986,2,263.08000000000004,swap,notBad
14031,6,500.9799999999986,2,263.08000000000004,move,improve
14032,6,500.9799999999986,2,263.08000000000004,2opt,notBad
14033,6,500.9799999999986,2,263.08000000000004,swap,notBad
14034,6,500.9799999999986,2,263.08000000000004,2opt,notBad
14035,6,500.9799999999986,2,263.08000000000004,move,improve
14036,6,500.9799999999986,2,263.08000000000004,move,improve
14037,6,500.9799999999986,2,263.08000000000004,swap,notBad
14038,6,500.9799999999986,2,263.08000000000004,move,improve
14039,6,500.9799999999986,2,263.08000000000004,move,improve
14040,6,500.9799999999986,2,263.08000000000004,2opt,notBad
14041,6,500.9799999999986,2,263.08000000000004,swap,notBad
14042,6,500.9799999999986,2,263.08000000000004,2opt,notBad
14043,6,500.9799999999986,2,263.08000000000004,swap,notBad
14044,6,500.9799999999986,2,263.08000000000004,2opt,notBad
14045,6,500.9799999999986,2,263.08000000000004,move,improve
14046,6,500.9799999999986,2,263.08000000000004,move,improve
14047,6,500.9799999999986,2,263.08000000000004,move,improve
14048,6,500.9799999999986,2,263.08000000000004,swap,notBad
14049,6,500.9799999999986,2,263.08000000000004,2opt,notBad
14050,6,500.9799999999986,2,263.08000000000004,swap,notBad
14051,6,500.9799999999986,2,263.08000000000004,swap,notBad
14052,6,500.9799999999986,2,263.08000000000004,move,improve
14053,6,500.9799999999986,2,263.08000000000004,2opt,notBad
14054,6,500.9799999999986,2,263.08000000000004,move,notBad
14055,6,500.9799999999986,2,263.08000000000004,2opt,notBad
14056,6,500.9799999999986,2,263.08000000000004,2opt,notBad
14057,6,500.9799999999986,2,263.08000000000004,swap,notBad
14058,6,500.9799999999986,2,263.08000000000004,move,improve
14059,6,500.9799999999986,2,263.08000000000004,swap,notBad
14060,6,500.9799999999986,2,263.08000000000004,move,improve
14061,6,500.9799999999986,2,263.08000000000004,2opt,notBad
14062,6,500.9799999999986,2,263.08000000000004,swap,notBad
14063,6,500.9799999999986,2,263.08000000000004,swap,notBad
14064,6,500.9799999999986,2,263.08000000000004,2opt,notBad
14065,6,500.9799999999986,2,263.08000000000004,move,improve
14066,6,500.9799999999986,2,263.08000000000004,move,improve
14067,6,501.15999999999997,2,263.08000000000004,swap,acceptBad
14068,6,501.15999999999997,2,263.08000000000004,move,improve
14069,6,501.15999999999997,2,263.08000000000004,2opt,notBad
14070,6,501.15999999999997,2,263.08000000000004,move,improve
14071,6,501.15999999999997,2,263.08000000000004,move,improve
14072,6,501.15999999999997,2,263.08000000000004,move,improve
14073,6,501.15999999999997,2,263.08000000000004,swap,notBad
14074,6,501.15999999999997,2,263.08000000000004,swap,notBad
14075,6,501.15999999999997,2,263.08000000000004,2opt,notBad
14076,6,501.15999999999997,2,263.08000000000004,2opt,notBad
14077,6,501.15999999999997,2,263.08000000000004,2opt,notBad
14078,6,501.15999999999997,2,263.08000000000004,2opt,notBad
14079,6,501.15999999999997,2,263.08000000000004,move,improve
14080,6,501.15999999999997,2,263.08000000000004,move,improve
14081,6,501.15999999999997,2,263.08000000000004,swap,notBad
14082,6,501.15999999999997,2,263.08000000000004,2opt,notBad
14083,6,501.15999999999997,2,263.08000000000004,swap,notBad
14084,6,501.15999999999997,2,263.08000000000004,move,improve
14085,6,501.15999999999997,2,263.08000000000004,2opt,notBad
14086,6,501.15999999999997,2,263.08000000000004,2opt,notBad
14087,6,501.15999999999997,2,263.08000000000004,swap,notBad
14088,6,501.15999999999997,2,263.08000000000004,2opt,improve
14089,6,501.15999999999997,2,263.08000000000004,move,improve
14090,6,501.15999999999997,2,263.08000000000004,move,improve
14091,6,501.15999999999997,2,263.08000000000004,2opt,notBad
14092,6,501.15999999999997,2,263.08000000000004,2opt,notBad
14093,6,501.15999999999997,2,263.08000000000004,2opt,notBad
14094,6,501.15999999999997,2,263.08000000000004,2opt,notBad
14095,6,501.15999999999997,2,263.08000000000004,move,improve
14096,6,501.15999999999997,2,263.08000000000004,move,improve
14097,6,501.15999999999997,2,263.08000000000004,move,improve
14098,6,501.15999999999997,2,263.08000000000004,2opt,notBad
14099,6,501.15999999999997,2,263.08000000000004,swap,notBad
14100,6,501.15999999999997,2,263.08000000000004,move,improve
14101,6,501.15999999999997,2,263.08000000000004,move,improve
14102,6,501.15999999999997,2,263.08000000000004,2opt,notBad
14103,6,501.15999999999997,2,263.08000000000004,swap,notBad
14104,6,501.15999999999997,2,263.08000000000004,move,improve
14105,6,501.15999999999997,2,263.08000000000004,swap,notBad
14106,6,501.15999999999997,2,263.08000000000004,move,improve
14107,6,501.15999999999997,2,263.08000000000004,swap,notBad
14108,6,501.15999999999997,2,263.08000000000004,2opt,notBad
14109,6,501.15999999999997,2,263.08000000000004,swap,notBad
14110,6,501.15999999999997,2,263.08000000000004,swap,notBad
14111,6,501.15999999999997,2,263.08000000000004,swap,notBad
14112,6,501.15999999999997,2,263.08000000000004,move,improve
14113,6,501.15999999999997,2,263.08000000000004,move,improve
14114,6,501.15999999999997,2,263.08000000000004,swap,notBad
14115,6,501.15999999999997,2,263.08000000000004,2opt,notBad
14116,6,501.15999999999997,2,263.08000000000004,2opt,notBad
14117,6,501.15999999999997,2,263.08000000000004,move,improve
14118,6,501.15999999999997,2,263.08000000000004,2opt,notBad
14119,6,501.15999999999997,2,263.08000000000004,swap,notBad
14120,6,501.15999999999997,2,263.08000000000004,2opt,notBad
14121,6,501.15999999999997,2,263.08000000000004,2opt,notBad
14122,6,501.15999999999997,2,263.08000000000004,swap,notBad
14123,6,501.15999999999997,2,263.08000000000004,swap,notBad
14124,6,501.15999999999997,2,263.08000000000004,move,improve
14125,6,501.15999999999997,2,263.08000000000004,swap,notBad
14126,6,501.15999999999997,2,263.08000000000004,move,improve
14127,6,501.15999999999997,2,263.08000000000004,move,improve
14128,6,501.15999999999997,2,263.08000000000004,2opt,notBad
14129,6,501.28,2,263.08000000000004,swap,acceptBad
14130,6,501.28,2,263.08000000000004,swap,notBad
14131,6,501.28,2,263.08000000000004,move,improve
14132,6,501.28,2,263.08000000000004,move,improve
14133,6,501.28,2,263.08000000000004,move,improve
14134,6,501.28,2,263.08000000000004,2opt,notBad
14135,6,501.28,2,263.08000000000004,move,improve
14136,6,501.28,2,263.08000000000004,2opt,notBad
14137,6,501.28,2,263.08000000000004,swap,notBad
14138,6,501.28,2,263.08000000000004,2opt,notBad
14139,6,501.28,2,263.08000000000004,move,improve
14140,6,501.28,2,263.08000000000004,move,improve
14141,6,501.28,2,263.08000000000004,swap,notBad
14142,6,501.28,2,263.08000000000004,swap,notBad
14143,6,501.28,2,263.08000000000004,swap,notBad
14144,6,501.28,2,263.08000000000004,move,improve
14145,6,501.28,2,263.08000000000004,move,improve
14146,6,501.28,2,263.08000000000004,move,improve
14147,6,501.28,2,263.08000000000004,swap,notBad
14148,6,501.28,2,263.08000000000004,swap,notBad
14149,6,501.28,2,263.08000000000004,2opt,notBad
14150,6,501.28,2,263.08000000000004,move,improve
14151,6,501.28,2,263.08000000000004,move,improve
14152,6,501.28,2,263.08000000000004,2opt,notBad
14153,6,501.28,2,263.08000000000004,2opt,notBad
14154,6,501.28,2,263.08000000000004,swap,notBad
14155,6,501.28,2,263.08000000000004,2opt,notBad
14156,6,501.28,2,263.08000000000004,move,improve
14157,6,501.28,2,263.08000000000004,2opt,notBad
14158,6,501.28,2,263.08000000000004,move,improve
14159,6,501.28,2,263.08000000000004,swap,notBad
14160,6,501.28,2,263.08000000000004,move,improve
14161,6,501.28,2,263.08000000000004,2opt,improve
14162,6,501.28,2,263.08000000000004,swap,notBad
14163,6,501.28,2,263.08000000000004,2opt,notBad
14164,6,501.28,2,263.08000000000004,move,notBad
14165,6,501.28,2,263.08000000000004,2opt,notBad
14166,6,501.28,2,263.08000000000004,move,improve
14167,6,501.28,2,263.08000000000004,2opt,notBad
14168,6,501.28,2,263.08000000000004,move,improve
14169,6,501.28,2,263.08000000000004,2opt,notBad
14170,6,501.28,2,263.08000000000004,move,improve
14171,6,501.28,2,263.08000000000004,move,improve
14172,6,501.28,2,263.08000000000004,2opt,notBad
14173,6,501.28,2,263.08000000000004,2opt,notBad
14174,6,501.28,2,263.08000000000004,move,improve
14175,6,501.28,2,263.08000000000004,move,improve
14176,6,501.28,2,263.08000000000004,move,improve
14177,6,501.28,2,263.08000000000004,2opt,notBad
14178,6,501.28,2,263.08000000000004,swap,notBad
14179,6,501.28,2,263.08000000000004,2opt,notBad
14180,6,501.28,2,263.08000000000004,2opt,notBad
14181,6,501.28,2,263.08000000000004,swap,notBad
14182,6,501.28,2,263.08000000000004,move,improve
14183,6,501.28,2,263.08000000000004,move,improve
14184,6,501.28,2,263.08000000000004,move,improve
14185,6,501.28,2,263.08000000000004,move,improve
14186,6,501.28,2,263.08000000000004,move,improve
14187,6,501.28,2,263.08000000000004,swap,notBad
14188,6,501.28,2,263.08000000000004,swap,notBad
14189,6,501.28,2,263.08000000000004,swap,notBad
14190,6,501.28,2,263.08000000000004,2opt,notBad
14191,6,501.28,2,263.08000000000004,move,improve
14192,6,501.28,2,263.08000000000004,2opt,notBad
14193,6,501.28,2,263.08000000000004,2opt,improve
14194,6,501.28,2,263.08000000000004,swap,notBad
14195,6,501.28,2,263.08000000000004,2opt,notBad
14196,6,501.28,2,263.08000000000004,2opt,notBad
14197,6,501.28,2,263.08000000000004,swap,notBad
14198,6,501.28,2,263.08000000000004,2opt,notBad
14199,6,501.28,2,263.08000000000004,move,improve
14200,6,501.28,2,263.08000000000004,move,improve
14201,6,501.28,2,263.08000000000004,swap,notBad
14202,6,501.28,2,263.08000000000004,2opt,notBad
14203,6,501.28,2,263.08000000000004,swap,notBad
14204,6,501.28,2,263.08000000000004,move,improve
14205,6,501.28,2,263.08000000000004,swap,notBad
14206,6,501.28,2,263.08000000000004,2opt,notBad
14207,6,501.28,2,263.08000000000004,2opt,notBad
14208,6,501.28,2,263.08000000000004,swap,notBad
14209,6,501.28,2,263.08000000000004,2opt,notBad
14210,6,501.28,2,263.08000000000004,2opt,notBad
14211,6,501.28,2,263.08000000000004,move,improve
14212,6,501.28,2,263.08000000000004,swap,notBad
14213,6,501.28,2,263.08000000000004,move,improve
14214,6,501.28,2,263.08000000000004,move,improve
14215,6,501.28,2,263.08000000000004,2opt,improve
14216,6,501.28,2,263.08000000000004,swap,notBad
14217,6,501.28,2,263.08000000000004,swap,notBad
14218,6,501.28,2,263.08000000000004,2opt,notBad
14219,6,501.28,2,263.08000000000004,swap,notBad
14220,6,501.28,2,263.08000000000004,2opt,improve
14221,6,501.28,2,263.08000000000004,move,improve
14222,6,501.28,2,263.08000000000004,move,improve
14223,6,501.28,2,263.08000000000004,swap,notBad
14224,6,501.28,2,263.08000000000004,2opt,notBad
14225,6,501.28,2,263.08000000000004,swap,notBad
14226,6,501.28,2,263.08000000000004,move,improve
14227,6,501.28,2,263.08000000000004,2opt,notBad
14228,6,501.28,2,263.08000000000004,move,improve
14229,6,501.28,2,263.08000000000004,2opt,notBad
14230,6,501.28,2,263.08000000000004,swap,notBad
14231,6,501.28,2,263.08000000000004,2opt,notBad
14232,6,501.28,2,263.08000000000004,2opt,notBad
14233,6,501.28,2,263.08000000000004,2opt,notBad
14234,6,501.28,2,263.08000000000004,swap,notBad
14235,6,501.28,2,263.08000000000004,2opt,notBad
14236,6,501.28,2,263.08000000000004,swap,notBad
14237,6,501.28,2,263.08000000000004,swap,notBad
14238,6,501.28,2,263.08000000000004,swap,notBad
14239,6,501.28,2,263.08000000000004,move,improve
14240,6,501.28,2,263.08000000000004,swap,notBad
14241,6,501.28,2,263.08000000000004,2opt,notBad
14242,6,501.28,2,263.08000000000004,swap,notBad
14243,6,501.15999999999997,2,263.08000000000004,move,improve
14244,6,501.15999999999997,2,263.08000000000004,move,notBad
14245,6,501.15999999999997,2,263.08000000000004,swap,notBad
14246,6,501.15999999999997,2,263.08000000000004,move,improve
14247,6,501.15999999999997,2,263.08000000000004,move,improve
14248,6,501.15999999999997,2,263.08000000000004,swap,notBad
14249,6,501.15999999999997,2,263.08000000000004,move,improve
14250,6,501.15999999999997,2,263.08000000000004,swap,notBad
14251,6,501.15999999999997,2,263.08000000000004,2opt,notBad
14252,6,501.15999999999997,2,263.08000000000004,2opt,notBad
14253,6,501.15999999999997,2,263.08000000000004,2opt,notBad
14254,6,501.15999999999997,2,263.08000000000004,2opt,notBad
14255,6,501.15999999999997,2,263.08000000000004,2opt,notBad
14256,6,501.15999999999997,2,263.08000000000004,move,improve
14257,6,501.15999999999997,2,263.08000000000004,swap,notBad
14258,6,501.15999999999997,2,263.08000000000004,swap,notBad
14259,6,501.15999999999997,2,263.08000000000004,move,improve
14260,6,501.15999999999997,2,263.08000000000004,move,improve
14261,6,501.15999999999997,2,263.08000000000004,swap,notBad
14262,6,501.15999999999997,2,263.08000000000004,swap,notBad
14263,6,501.15999999999997,2,263.08000000000004,swap,notBad
14264,6,501.15999999999997,2,263.08000000000004,2opt,notBad
14265,6,501.15999999999997,2,263.08000000000004,swap,notBad
14266,6,501.15999999999997,2,263.08000000000004,2opt,notBad
14267,6,501.15999999999997,2,263.08000000000004,move,improve
14268,6,501.15999999999997,2,263.08000000000004,swap,notBad
14269,6,501.15999999999997,2,263.08000000000004,move,improve
14270,6,501.15999999999997,2,263.08000000000004,swap,notBad
14271,6,501.15999999999997,2,263.08000000000004,move,improve
14272,6,501.15999999999997,2,263.08000000000004,move,improve
14273,6,501.15999999999997,2,263.08000000000004,2opt,improve
14274,6,501.15999999999997,2,263.08000000000004,move,improve
14275,6,501.15999999999997,2,263.08000000000004,2opt,notBad
14276,6,501.15999999999997,2,263.08000000000004,2opt,notBad
14277,6,501.15999999999997,2,263.08000000000004,swap,notBad
14278,6,501.15999999999997,2,263.08000000000004,swap,notBad
14279,6,501.15999999999997,2,263.08000000000004,2opt,notBad
14280,6,501.15999999999997,2,263.08000000000004,move,improve
14281,6,501.15999999999997,2,263.08000000000004,swap,notBad
14282,6,501.15999999999997,2,263.08000000000004,move,improve
14283,6,501.15999999999997,2,263.08000000000004,swap,notBad
14284,6,501.15999999999997,2,263.08000000000004,2opt,notBad
14285,6,501.15999999999997,2,263.08000000000004,2opt,notBad
14286,6,501.15999999999997,2,263.08000000000004,swap,notBad
14287,6,501.15999999999997,2,263.08000000000004,2opt,notBad
14288,6,501.15999999999997,2,263.08000000000004,move,improve
14289,6,501.15999999999997,2,263.08000000000004,swap,notBad
14290,6,501.15999999999997,2,263.08000000000004,move,improve
14291,6,501.15999999999997,2,263.08000000000004,move,improve
14292,6,501.15999999999997,2,263.08000000000004,move,improve
14293,6,501.15999999999997,2,263.08000000000004,move,improve
14294,6,501.15999999999997,2,263.08000000000004,swap,notBad
14295,6,501.15999999999997,2,263.08000000000004,2opt,notBad
14296,6,501.15999999999997,2,263.08000000000004,move,improve
14297,6,501.15999999999997,2,263.08000000000004,move,improve
14298,6,501.15999999999997,2,263.08000000000004,move,improve
14299,6,501.15999999999997,2,263.08000000000004,swap,notBad
14300,6,501.15999999999997,2,263.08000000000004,2opt,notBad
14301,6,501.15999999999997,2,263.08000000000004,swap,notBad
14302,6,501.15999999999997,2,263.08000000000004,2opt,notBad
14303,6,501.15999999999997,2,263.08000000000004,swap,notBad
14304,6,501.15999999999997,2,263.08000000000004,move,improve
14305,6,501.15999999999997,2,263.08000000000004,move,improve
14306,6,501.15999999999997,2,263.08000000000004,move,improve
14307,6,501.15999999999997,2,263.08000000000004,move,improve
14308,6,501.15999999999997,2,263.08000000000004,2opt,notBad
14309,6,501.15999999999997,2,263.08000000000004,2opt,notBad
14310,6,501.15999999999997,2,263.08000000000004,2opt,notBad
14311,6,501.15999999999997,2,263.08000000000004,2opt,notBad
14312,6,501.15999999999997,2,263.08000000000004,swap,notBad
14313,6,501.15999999999997,2,263.08000000000004,swap,notBad
14314,6,501.15999999999997,2,263.08000000000004,move,improve
14315,6,501.15999999999997,2,263.08000000000004,move,notBad
14316,6,501.15999999999997,2,263.08000000000004,swap,notBad
14317,6,501.15999999999997,2,263.08000000000004,move,improve
14318,6,501.15999999999997,2,263.08000000000004,2opt,notBad
14319,6,501.15999999999997,2,263.08000000000004,2opt,notBad
14320,6,501.15999999999997,2,263.08000000000004,2opt,notBad
14321,6,501.15999999999997,2,263.08000000000004,2opt,notBad
14322,6,501.15999999999997,2,263.08000000000004,move,improve
14323,6,501.15999999999997,2,263.08000000000004,swap,notBad
14324,6,501.15999999999997,2,263.08000000000004,2opt,notBad
14325,6,501.15999999999997,2,263.08000000000004,2opt,notBad
14326,6,501.15999999999997,2,263.08000000000004,swap,notBad
14327,6,501.15999999999997,2,263.08000000000004,swap,notBad
14328,6,501.15999999999997,2,263.08000000000004,2opt,improve
14329,6,501.15999999999997,2,263.08000000000004,move,improve
14330,6,501.15999999999997,2,263.08000000000004,swap,notBad
14331,6,501.15999999999997,2,263.08000000000004,2opt,notBad
14332,6,501.15999999999997,2,263.08000000000004,2opt,notBad
14333,6,501.15999999999997,2,263.08000000000004,2opt,notBad
14334,6,501.15999999999997,2,263.08000000000004,swap,notBad
14335,6,501.15999999999997,2,263.08000000000004,2opt,improve
14336,6,501.15999999999997,2,263.08000000000004,move,improve
14337,6,501.15999999999997,2,263.08000000000004,swap,notBad
14338,6,501.15999999999997,2,263.08000000000004,move,improve
14339,6,501.15999999999997,2,263.08000000000004,move,improve
14340,6,501.15999999999997,2,263.08000000000004,swap,notBad
14341,6,501.15999999999997,2,263.08000000000004,move,improve
14342,6,501.15999999999997,2,263.08000000000004,move,improve
14343,6,501.15999999999997,2,263.08000000000004,swap,notBad
14344,6,501.15999999999997,2,263.08000000000004,move,improve
14345,6,501.15999999999997,2,263.08000000000004,move,improve
14346,6,501.15999999999997,2,263.08000000000004,2opt,notBad
14347,6,501.15999999999997,2,263.08000000000004,swap,notBad
14348,6,501.15999999999997,2,263.08000000000004,move,improve
14349,6,501.15999999999997,2,263.08000000000004,swap,notBad
14350,6,501.15999999999997,2,263.08000000000004,move,improve
14351,6,501.15999999999997,2,263.08000000000004,move,improve
14352,6,501.15999999999997,2,263.08000000000004,move,improve
14353,6,501.15999999999997,2,263.08000000000004,2opt,notBad
14354,6,501.15999999999997,2,263.08000000000004,swap,notBad
14355,6,501.15999999999997,2,263.08000000000004,swap,notBad
14356,6,501.15999999999997,2,263.08000000000004,move,improve
14357,6,501.15999999999997,2,263.08000000000004,move,improve
14358,6,501.15999999999997,2,263.08000000000004,move,improve
14359,6,501.15999999999997,2,263.08000000000004,move,improve
14360,6,501.15999999999997,2,263.08000000000004,swap,notBad
14361,6,501.15999999999997,2,263.08000000000004,swap,notBad
14362,6,501.15999999999997,2,263.08000000000004,move,improve
14363,6,501.15999999999997,2,263.08000000000004,2opt,notBad
14364,6,501.15999999999997,2,263.08000000000004,move,improve
14365,6,501.15999999999997,2,263.08000000000004,2opt,notBad
14366,6,501.15999999999997,2,263.08000000000004,move,improve
14367,6,501.15999999999997,2,263.08000000000004,move,improve
14368,6,501.15999999999997,2,263.08000000000004,swap,notBad
14369,6,501.15999999999997,2,263.08000000000004,move,improve
14370,6,501.15999999999997,2,263.08000000000004,move,improve
14371,6,501.15999999999997,2,263.08000000000004,2opt,notBad
14372,6,501.15999999999997,2,263.08000000000004,move,improve
14373,6,501.15999999999997,2,263.08000000000004,move,improve
14374,6,501.15999999999997,2,263.08000000000004,swap,notBad
14375,6,501.15999999999997,2,263.08000000000004,swap,notBad
14376,6,501.15999999999997,2,263.08000000000004,move,improve
14377,6,501.15999999999997,2,263.08000000000004,swap,notBad
14378,6,501.15999999999997,2,263.08000000000004,2opt,notBad
14379,6,501.15999999999997,2,263.08000000000004,2opt,notBad
14380,6,501.15999999999997,2,263.08000000000004,swap,notBad
14381,6,501.15999999999997,2,263.08000000000004,swap,notBad
14382,6,501.15999999999997,2,263.08000000000004,swap,notBad
14383,6,501.15999999999997,2,263.08000000000004,2opt,notBad
14384,6,501.15999999999997,2,263.08000000000004,2opt,notBad
14385,6,501.15999999999997,2,263.08000000000004,2opt,notBad
14386,6,501.15999999999997,2,263.08000000000004,swap,notBad
14387,6,501.15999999999997,2,263.08000000000004,move,improve
14388,6,501.15999999999997,2,263.08000000000004,2opt,notBad
14389,6,501.15999999999997,2,263.08000000000004,swap,notBad
14390,6,501.15999999999997,2,263.08000000000004,swap,notBad
14391,6,501.15999999999997,2,263.08000000000004,2opt,notBad
14392,6,501.15999999999997,2,263.08000000000004,2opt,notBad
14393,6,501.15999999999997,2,263.08000000000004,swap,notBad
14394,6,501.15999999999997,2,263.08000000000004,move,improve
14395,6,501.15999999999997,2,263.08000000000004,move,improve
14396,6,501.15999999999997,2,263.08000000000004,move,improve
14397,6,501.15999999999997,2,263.08000000000004,2opt,notBad
14398,6,501.15999999999997,2,263.08000000000004,2opt,notBad
14399,6,501.15999999999997,2,263.08000000000004,2opt,notBad
14400,6,501.15999999999997,2,263.08000000000004,2opt,notBad
14401,6,501.15999999999997,2,263.08000000000004,move,improve
14402,6,501.15999999999997,2,263.08000000000004,move,improve
14403,6,501.15999999999997,2,263.08000000000004,swap,notBad
14404,6,501.15999999999997,2,263.08000000000004,move,improve
14405,6,501.15999999999997,2,263.08000000000004,move,notBad
14406,6,501.15999999999997,2,263.08000000000004,move,improve
14407,6,501.15999999999997,2,263.08000000000004,2opt,notBad
14408,6,501.15999999999997,2,263.08000000000004,move,improve
14409,6,501.15999999999997,2,263.08000000000004,move,improve
14410,6,501.15999999999997,2,263.08000000000004,swap,notBad
14411,6,501.15999999999997,2,263.08000000000004,move,improve
14412,6,501.15999999999997,2,263.08000000000004,move,improve
14413,6,501.15999999999997,2,263.08000000000004,2opt,notBad
14414,6,501.15999999999997,2,263.08000000000004,swap,notBad
14415,6,501.15999999999997,2,263.08000000000004,2opt,notBad
14416,6,501.15999999999997,2,263.08000000000004,2opt,notBad
14417,6,501.15999999999997,2,263.08000000000004,2opt,notBad
14418,6,501.15999999999997,2,263.08000000000004,2opt,notBad
14419,6,501.15999999999997,2,263.08000000000004,move,improve
14420,6,501.15999999999997,2,263.08000000000004,move,improve
14421,6,501.15999999999997,2,263.08000000000004,swap,notBad
14422,6,501.15999999999997,2,263.08000000000004,move,improve
14423,6,501.15999999999997,2,263.08000000000004,swap,notBad
14424,6,501.15999999999997,2,263.08000000000004,swap,notBad
14425,6,501.15999999999997,2,263.08000000000004,2opt,notBad
14426,6,501.15999999999997,2,263.08000000000004,2opt,notBad
14427,6,501.15999999999997,2,263.08000000000004,swap,notBad
14428,6,501.15999999999997,2,263.08000000000004,swap,notBad
14429,6,501.15999999999997,2,263.08000000000004,2opt,notBad
14430,6,501.15999999999997,2,263.08000000000004,move,improve
14431,6,501.15999999999997,2,263.08000000000004,2opt,notBad
14432,6,501.15999999999997,2,263.08000000000004,move,improve
14433,6,501.15999999999997,2,263.08000000000004,move,improve
14434,6,501.15999999999997,2,263.08000000000004,move,improve
14435,6,501.15999999999997,2,263.08000000000004,move,improve
14436,6,501.15999999999997,2,263.08000000000004,swap,notBad
14437,6,501.15999999999997,2,263.08000000000004,move,improve
14438,6,501.15999999999997,2,263.08000000000004,2opt,notBad
14439,6,501.15999999999997,2,263.08000000000004,move,improve
14440,6,501.15999999999997,2,263.08000000000004,2opt,notBad
14441,6,501.15999999999997,2,263.08000000000004,move,improve
14442,6,501.15999999999997,2,263.08000000000004,swap,notBad
14443,6,501.15999999999997,2,263.08000000000004,swap,notBad
14444,6,501.15999999999997,2,263.08000000000004,move,improve
14445,6,501.15999999999997,2,263.08000000000004,swap,notBad
14446,6,501.15999999999997,2,263.08000000000004,swap,notBad
14447,6,501.15999999999997,2,263.08000000000004,2opt,notBad
14448,6,501.15999999999997,2,263.08000000000004,swap,notBad
14449,6,501.15999999999997,2,263.08000000000004,swap,notBad
14450,6,501.15999999999997,2,263.08000000000004,move,improve
14451,6,501.15999999999997,2,263.08000000000004,swap,notBad
14452,6,501.15999999999997,2,263.08000000000004,2opt,notBad
14453,6,501.15999999999997,2,263.08000000000004,2opt,notBad
14454,6,501.15999999999997,2,263.08000000000004,2opt,improve
14455,6,501.15999999999997,2,263.08000000000004,swap,notBad
14456,6,501.15999999999997,2,263.08000000000004,swap,notBad
14457,6,501.15999999999997,2,263.08000000000004,2opt,notBad
14458,6,501.15999999999997,2,263.08000000000004,2opt,notBad
14459,6,501.15999999999997,2,263.08000000000004,move,improve
14460,6,501.15999999999997,2,263.08000000000004,swap,notBad
14461,6,501.15999999999997,2,263.08000000000004,2opt,notBad
14462,6,501.15999999999997,2,263.08000000000004,move,improve
14463,6,501.15999999999997,2,263.08000000000004,move,improve
14464,6,501.15999999999997,2,263.08000000000004,2opt,notBad
14465,6,501.15999999999997,2,263.08000000000004,move,notBad
14466,6,501.15999999999997,2,263.08000000000004,2opt,notBad
14467,6,501.15999999999997,2,263.08000000000004,swap,notBad
14468,6,501.15999999999997,2,263.08000000000004,2opt,notBad
14469,6,501.15999999999997,2,263.08000000000004,2opt,notBad
14470,6,501.15999999999997,2,263.08000000000004,move,improve
14471,6,501.15999999999997,2,263.08000000000004,move,improve
14472,6,501.15999999999997,2,263.08000000000004,move,improve
14473,6,501.15999999999997,2,263.08000000000004,swap,notBad
14474,6,501.15999999999997,2,263.08000000000004,move,improve
14475,6,501.15999999999997,2,263.08000000000004,swap,notBad
14476,6,501.15999999999997,2,263.08000000000004,swap,notBad
14477,6,501.15999999999997,2,263.08000000000004,2opt,notBad
14478,6,501.15999999999997,2,263.08000000000004,move,improve
14479,6,501.15999999999997,2,263.08000000000004,2opt,notBad
14480,6,501.15999999999997,2,263.08000000000004,swap,notBad
14481,6,501.15999999999997,2,263.08000000000004,swap,notBad
14482,6,501.15999999999997,2,263.08000000000004,2opt,notBad
14483,6,500.9799999999986,2,263.08000000000004,swap,improve
14484,6,500.9799999999986,2,263.08000000000004,2opt,notBad
14485,6,500.9799999999986,2,263.08000000000004,swap,notBad
14486,6,500.9799999999986,2,263.08000000000004,swap,notBad
14487,6,500.9799999999986,2,263.08000000000004,move,improve
14488,6,500.9799999999986,2,263.08000000000004,move,improve
14489,6,500.9799999999986,2,263.08000000000004,2opt,notBad
14490,6,500.9799999999986,2,263.08000000000004,move,improve
14491,6,500.9799999999986,2,263.08000000000004,swap,notBad
14492,6,500.9799999999986,2,263.08000000000004,2opt,notBad
14493,6,500.9799999999986,2,263.08000000000004,swap,notBad
14494,6,500.9799999999986,2,263.08000000000004,swap,notBad
14495,6,500.9799999999986,2,263.08000000000004,move,notBad
14496,6,500.9799999999986,2,263.08000000000004,move,improve
14497,6,500.9799999999986,2,263.08000000000004,2opt,notBad
14498,6,500.9799999999986,2,263.08000000000004,2opt,notBad
14499,6,500.9799999999986,2,263.08000000000004,move,improve
14500,6,500.9799999999986,2,263.08000000000004,swap,notBad
14501,6,500.9799999999986,2,263.08000000000004,2opt,improve
14502,6,500.9799999999986,2,263.08000000000004,swap,notBad
14503,6,500.9799999999986,2,263.08000000000004,move,improve
14504,6,500.9799999999986,2,263.08000000000004,2opt,notBad
14505,6,500.9799999999986,2,263.08000000000004,move,improve
14506,6,500.9799999999986,2,263.08000000000004,swap,notBad
14507,6,500.9799999999986,2,263.08000000000004,2opt,notBad
14508,6,500.9799999999986,2,263.08000000000004,move,improve
14509,6,500.9799999999986,2,263.08000000000004,swap,notBad
14510,6,500.9799999999986,2,263.08000000000004,2opt,notBad
14511,6,500.9799999999986,2,263.08000000000004,swap,notBad
14512,6,500.9799999999986,2,263.08000000000004,move,improve
14513,6,500.9799999999986,2,263.08000000000004,2opt,notBad
14514,6,500.9799999999986,2,263.08000000000004,2opt,notBad
14515,6,500.9799999999986,2,263.08000000000004,move,improve
14516,6,500.9799999999986,2,263.08000000000004,move,improve
14517,6,500.9799999999986,2,263.08000000000004,move,improve
14518,6,500.9799999999986,2,263.08000000000004,2opt,notBad
14519,6,500.9799999999986,2,263.08000000000004,swap,notBad
14520,6,500.9799999999986,2,263.08000000000004,swap,notBad
14521,6,500.9799999999986,2,263.08000000000004,swap,notBad
14522,6,500.9799999999986,2,263.08000000000004,swap,notBad
14523,6,500.9799999999986,2,263.08000000000004,swap,notBad
14524,6,500.9799999999986,2,263.08000000000004,move,improve
14525,6,500.9799999999986,2,263.08000000000004,move,improve
14526,6,500.9799999999986,2,263.08000000000004,2opt,notBad
14527,6,500.9799999999986,2,263.08000000000004,move,improve
14528,6,500.9799999999986,2,263.08000000000004,swap,notBad
14529,6,500.9799999999986,2,263.08000000000004,2opt,notBad
14530,6,500.9799999999986,2,263.08000000000004,swap,notBad
14531,6,500.9799999999986,2,263.08000000000004,2opt,notBad
14532,6,500.9799999999986,2,263.08000000000004,swap,notBad
14533,6,500.9799999999986,2,263.08000000000004,2opt,notBad
14534,6,500.9799999999986,2,263.08000000000004,2opt,notBad
14535,6,500.9799999999986,2,263.08000000000004,move,improve
14536,6,500.9799999999986,2,263.08000000000004,2opt,notBad
14537,6,500.9799999999986,2,263.08000000000004,move,improve
14538,6,500.9799999999986,2,263.08000000000004,move,notBad
14539,6,500.9799999999986,2,263.08000000000004,2opt,notBad
14540,6,500.9799999999986,2,263.08000000000004,move,improve
14541,6,500.9799999999986,2,263.08000000000004,2opt,notBad
14542,6,500.9799999999986,2,263.08000000000004,move,improve
14543,6,500.9799999999986,2,263.08000000000004,2opt,improve
14544,6,500.9799999999986,2,263.08000000000004,move,improve
14545,6,500.9799999999986,2,263.08000000000004,move,improve
14546,6,500.9799999999986,2,263.08000000000004,move,improve
14547,6,500.9799999999986,2,263.08000000000004,move,improve
14548,6,500.9799999999986,2,263.08000000000004,2opt,notBad
14549,6,500.9799999999986,2,263.08000000000004,2opt,notBad
14550,6,500.9799999999986,2,263.08000000000004,swap,notBad
14551,6,500.9799999999986,2,263.08000000000004,move,improve
14552,6,500.9799999999986,2,263.08000000000004,2opt,notBad
14553,6,500.9799999999986,2,263.08000000000004,2opt,notBad
14554,6,500.9799999999986,2,263.08000000000004,swap,notBad
14555,6,500.9799999999986,2,263.08000000000004,swap,notBad
14556,6,500.9799999999986,2,263.08000000000004,swap,notBad
14557,6,500.9799999999986,2,263.08000000000004,move,notBad
14558,6,500.9799999999986,2,263.08000000000004,2opt,notBad
14559,6,500.9799999999986,2,263.08000000000004,move,improve
14560,6,500.9799999999986,2,263.08000000000004,2opt,notBad
14561,6,501.0999999999986,2,263.08000000000004,swap,acceptBad
14562,6,501.0999999999986,2,263.08000000000004,swap,notBad
14563,6,501.0999999999986,2,263.08000000000004,swap,notBad
14564,6,501.0999999999986,2,263.08000000000004,2opt,notBad
14565,6,501.0999999999986,2,263.08000000000004,swap,notBad
14566,6,501.0999999999986,2,263.08000000000004,move,improve
14567,6,501.0999999999986,2,263.08000000000004,move,improve
14568,6,501.0999999999986,2,263.08000000000004,move,improve
14569,6,501.0999999999986,2,263.08000000000004,swap,notBad
14570,6,501.0999999999986,2,263.08000000000004,2opt,notBad
14571,6,501.0999999999986,2,263.08000000000004,swap,notBad
14572,6,501.0999999999986,2,263.08000000000004,swap,notBad
14573,6,501.0999999999986,2,263.08000000000004,2opt,notBad
14574,6,501.0999999999986,2,263.08000000000004,2opt,notBad
14575,6,501.0999999999986,2,263.08000000000004,move,improve
14576,6,501.0999999999986,2,263.08000000000004,move,improve
14577,6,501.0999999999986,2,263.08000000000004,swap,notBad
14578,6,501.0999999999986,2,263.08000000000004,swap,notBad
14579,6,501.0999999999986,2,263.08000000000004,swap,notBad
14580,6,501.0999999999986,2,263.08000000000004,2opt,notBad
14581,6,501.0999999999986,2,263.08000000000004,swap,notBad
14582,6,501.0999999999986,2,263.08000000000004,swap,notBad
14583,6,501.0999999999986,2,263.08000000000004,swap,notBad
14584,6,501.0999999999986,2,263.08000000000004,move,improve
14585,6,501.0999999999986,2,263.08000000000004,move,improve
14586,6,501.0999999999986,2,263.08000000000004,swap,notBad
14587,6,501.0999999999986,2,263.08000000000004,2opt,notBad
14588,6,501.0999999999986,2,263.08000000000004,2opt,notBad
14589,6,501.0999999999986,2,263.08000000000004,swap,notBad
14590,6,501.0999999999986,2,263.08000000000004,2opt,notBad
14591,6,501.0999999999986,2,263.08000000000004,move,improve
14592,6,501.0999999999986,2,263.08000000000004,move,improve
14593,6,501.0999999999986,2,263.08000000000004,swap,notBad
14594,6,501.0999999999986,2,263.08000000000004,swap,notBad
14595,6,501.0999999999986,2,263.08000000000004,move,improve
14596,6,501.0999999999986,2,263.08000000000004,move,improve
14597,6,501.0999999999986,2,263.08000000000004,swap,notBad
14598,6,501.0999999999986,2,263.08000000000004,2opt,notBad
14599,6,501.0999999999986,2,263.08000000000004,swap,notBad
14600,6,501.0999999999986,2,263.08000000000004,move,improve
14601,6,501.0999999999986,2,263.08000000000004,move,notBad
14602,6,501.0999999999986,2,263.08000000000004,move,improve
14603,6,501.0999999999986,2,263.08000000000004,move,improve
14604,6,501.0999999999986,2,263.08000000000004,swap,notBad
14605,6,501.0999999999986,2,263.08000000000004,move,improve
14606,6,501.0999999999986,2,263.08000000000004,2opt,notBad
14607,6,501.0999999999986,2,263.08000000000004,move,improve
14608,6,501.0999999999986,2,263.08000000000004,move,improve
14609,6,501.0999999999986,2,263.08000000000004,swap,notBad
14610,6,501.0999999999986,2,263.08000000000004,swap,notBad
14611,6,501.0999999999986,2,263.08000000000004,2opt,notBad
14612,6,501.0999999999986,2,263.08000000000004,swap,notBad
14613,6,501.0999999999986,2,263.08000000000004,2opt,improve
14614,6,501.0999999999986,2,263.08000000000004,2opt,notBad
14615,6,501.0999999999986,2,263.08000000000004,swap,notBad
14616,6,501.0999999999986,2,263.08000000000004,move,improve
14617,6,501.0999999999986,2,263.08000000000004,2opt,notBad
14618,6,501.0999999999986,2,263.08000000000004,move,improve
14619,6,501.0999999999986,2,263.08000000000004,move,improve
14620,6,501.0999999999986,2,263.08000000000004,move,improve
14621,6,501.0999999999986,2,263.08000000000004,2opt,notBad
14622,6,501.0999999999986,2,263.08000000000004,move,improve
14623,6,501.0999999999986,2,263.08000000000004,2opt,notBad
14624,6,501.0999999999986,2,263.08000000000004,2opt,notBad
14625,6,501.0999999999986,2,263.08000000000004,2opt,notBad
14626,6,501.0999999999986,2,263.08000000000004,move,improve
14627,6,501.0999999999986,2,263.08000000000004,move,improve
14628,6,501.0999999999986,2,263.08000000000004,2opt,notBad
14629,6,501.0999999999986,2,263.08000000000004,move,improve
14630,6,501.0999999999986,2,263.08000000000004,2opt,notBad
14631,6,501.0999999999986,2,263.08000000000004,move,improve
14632,6,501.0999999999986,2,263.08000000000004,swap,notBad
14633,6,501.0999999999986,2,263.08000000000004,swap,notBad
14634,6,501.0999999999986,2,263.08000000000004,move,improve
14635,6,501.0999999999986,2,263.08000000000004,move,improve
14636,6,501.0999999999986,2,263.08000000000004,swap,notBad
14637,6,501.0999999999986,2,263.08000000000004,move,improve
14638,6,501.0999999999986,2,263.08000000000004,move,improve
14639,6,501.0999999999986,2,263.08000000000004,move,improve
14640,6,501.0999999999986,2,263.08000000000004,move,improve
14641,6,501.0999999999986,2,263.08000000000004,2opt,notBad
14642,6,501.0999999999986,2,263.08000000000004,move,improve
14643,6,501.0999999999986,2,263.08000000000004,swap,notBad
14644,6,501.0999999999986,2,263.08000000000004,move,improve
14645,6,501.0999999999986,2,263.08000000000004,move,improve
14646,6,501.0999999999986,2,263.08000000000004,2opt,notBad
14647,6,501.0999999999986,2,263.08000000000004,move,improve
14648,6,501.0999999999986,2,263.08000000000004,2opt,notBad
14649,6,501.0999999999986,2,263.08000000000004,swap,notBad
14650,6,501.0999999999986,2,263.08000000000004,move,improve
14651,6,501.0999999999986,2,263.08000000000004,2opt,notBad
14652,6,501.0999999999986,2,263.08000000000004,move,improve
14653,6,501.0999999999986,2,263.08000000000004,swap,notBad
14654,6,501.0999999999986,2,263.08000000000004,2opt,notBad
14655,6,501.0999999999986,2,263.08000000000004,move,improve
14656,6,501.0999999999986,2,263.08000000000004,move,improve
14657,6,501.0999999999986,2,263.08000000000004,move,notBad
14658,6,501.0999999999986,2,263.08000000000004,swap,notBad
14659,6,501.0999999999986,2,263.08000000000004,2opt,notBad
14660,6,501.0999999999986,2,263.08000000000004,swap,notBad
14661,6,501.0999999999986,2,263.08000000000004,2opt,notBad
14662,6,501.0999999999986,2,263.08000000000004,move,improve
14663,6,501.0999999999986,2,263.08000000000004,swap,notBad
14664,6,501.0999999999986,2,263.08000000000004,move,improve
14665,6,501.0999999999986,2,263.08000000000004,2opt,notBad
14666,6,501.0999999999986,2,263.08000000000004,move,improve
14667,6,501.0999999999986,2,263.08000000000004,swap,notBad
14668,6,501.0999999999986,2,263.08000000000004,2opt,notBad
14669,6,501.0999999999986,2,263.08000000000004,move,improve
14670,6,501.0999999999986,2,263.08000000000004,swap,notBad
14671,6,501.0999999999986,2,263.08000000000004,swap,notBad
14672,6,501.0999999999986,2,263.08000000000004,2opt,improve
14673,6,501.0999999999986,2,263.08000000000004,swap,notBad
14674,6,501.0999999999986,2,263.08000000000004,2opt,notBad
14675,6,501.0999999999986,2,263.08000000000004,2opt,notBad
14676,6,501.0999999999986,2,263.08000000000004,swap,notBad
14677,6,501.0999999999986,2,263.08000000000004,move,improve
14678,6,501.0999999999986,2,263.08000000000004,move,improve
14679,6,501.0999999999986,2,263.08000000000004,move,notBad
14680,6,501.0999999999986,2,263.08000000000004,2opt,notBad
14681,6,501.0999999999986,2,263.08000000000004,swap,notBad
14682,6,501.0999999999986,2,263.08000000000004,2opt,notBad
14683,6,501.0999999999986,2,263.08000000000004,2opt,notBad
14684,6,501.0999999999986,2,263.08000000000004,move,improve
14685,6,501.0999999999986,2,263.08000000000004,2opt,notBad
14686,6,501.0999999999986,2,263.08000000000004,2opt,notBad
14687,6,501.0999999999986,2,263.08000000000004,2opt,notBad
14688,6,500.9799999999986,2,263.08000000000004,move,improve
14689,6,500.9799999999986,2,263.08000000000004,swap,notBad
14690,6,500.9799999999986,2,263.08000000000004,move,improve
14691,6,500.9799999999986,2,263.08000000000004,swap,notBad
14692,6,500.9799999999986,2,263.08000000000004,swap,notBad
14693,6,500.9799999999986,2,263.08000000000004,swap,notBad
14694,6,500.9799999999986,2,263.08000000000004,move,improve
14695,6,500.9799999999986,2,263.08000000000004,2opt,notBad
14696,6,500.9799999999986,2,263.08000000000004,2opt,notBad
14697,6,500.9799999999986,2,263.08000000000004,2opt,notBad
14698,6,500.9799999999986,2,263.08000000000004,move,improve
14699,6,500.9799999999986,2,263.08000000000004,move,improve
14700,6,500.9799999999986,2,263.08000000000004,swap,notBad
14701,6,500.9799999999986,2,263.08000000000004,2opt,notBad
14702,6,500.9799999999986,2,263.08000000000004,2opt,notBad
14703,6,500.9799999999986,2,263.08000000000004,2opt,notBad
14704,6,500.9799999999986,2,263.08000000000004,swap,notBad
14705,6,500.9799999999986,2,263.08000000000004,move,improve
14706,6,500.9799999999986,2,263.08000000000004,2opt,notBad
14707,6,500.9799999999986,2,263.08000000000004,swap,notBad
14708,6,500.9799999999986,2,263.08000000000004,2opt,notBad
14709,6,500.9799999999986,2,263.08000000000004,2opt,notBad
14710,6,500.9799999999986,2,263.08000000000004,2opt,notBad
14711,6,500.9799999999986,2,263.08000000000004,swap,notBad
14712,6,500.9799999999986,2,263.08000000000004,move,improve
14713,6,500.9799999999986,2,263.08000000000004,swap,notBad
14714,6,500.9799999999986,2,263.08000000000004,move,improve
14715,6,500.9799999999986,2,263.08000000000004,swap,notBad
14716,6,500.9799999999986,2,263.08000000000004,swap,notBad
14717,6,500.9799999999986,2,263.08000000000004,swap,notBad
14718,6,500.9799999999986,2,263.08000000000004,2opt,notBad
14719,6,500.9799999999986,2,263.08000000000004,move,improve
14720,6,500.9799999999986,2,263.08000000000004,2opt,notBad
14721,6,500.9799999999986,2,263.08000000000004,swap,notBad
14722,6,500.9799999999986,2,263.08000000000004,2opt,notBad
14723,6,500.9799999999986,2,263.08000000000004,2opt,notBad
14724,6,500.9799999999986,2,263.08000000000004,2opt,notBad
14725,6,500.9799999999986,2,263.08000000000004,move,improve
14726,6,500.9799999999986,2,263.08000000000004,swap,notBad
14727,6,500.9799999999986,2,263.08000000000004,move,improve
14728,6,500.9799999999986,2,263.08000000000004,swap,notBad
14729,6,500.9799999999986,2,263.08000000000004,2opt,notBad
14730,6,500.9799999999986,2,263.08000000000004,move,improve
14731,6,500.9799999999986,2,263.08000000000004,2opt,notBad
14732,6,500.9799999999986,2,263.08000000000004,2opt,notBad
14733,6,500.9799999999986,2,263.08000000000004,2opt,notBad
14734,6,500.9799999999986,2,263.08000000000004,move,improve
14735,6,500.9799999999986,2,263.08000000000004,swap,notBad
14736,6,500.9799999999986,2,263.08000000000004,swap,notBad
14737,6,500.9799999999986,2,263.08000000000004,2opt,notBad
14738,6,500.9799999999986,2,263.08000000000004,2opt,notBad
14739,6,500.9799999999986,2,263.08000000000004,2opt,notBad
14740,6,500.9799999999986,2,263.08000000000004,2opt,notBad
14741,6,500.9799999999986,2,263.08000000000004,2opt,notBad
14742,6,500.9799999999986,2,263.08000000000004,2opt,notBad
14743,6,500.9799999999986,2,263.08000000000004,2opt,notBad
14744,6,500.9799999999986,2,263.08000000000004,move,improve
14745,6,500.9799999999986,2,263.08000000000004,swap,notBad
14746,6,500.9799999999986,2,263.08000000000004,swap,notBad
14747,6,500.9799999999986,2,263.08000000000004,2opt,improve
14748,6,500.9799999999986,2,263.08000000000004,swap,notBad
14749,6,500.9799999999986,2,263.08000000000004,swap,notBad
14750,6,500.9799999999986,2,263.08000000000004,swap,notBad
14751,6,500.9799999999986,2,263.08000000000004,move,improve
14752,6,500.9799999999986,2,263.08000000000004,swap,notBad
14753,6,500.9799999999986,2,263.08000000000004,2opt,notBad
14754,6,500.9799999999986,2,263.08000000000004,2opt,improve
14755,6,500.9799999999986,2,263.08000000000004,swap,notBad
14756,6,500.9799999999986,2,263.08000000000004,move,notBad
14757,6,500.9799999999986,2,263.08000000000004,move,improve
14758,6,500.9799999999986,2,263.08000000000004,move,improve
14759,6,500.9799999999986,2,263.08000000000004,2opt,notBad
14760,6,500.9799999999986,2,263.08000000000004,move,improve
14761,6,500.9799999999986,2,263.08000000000004,swap,notBad
14762,6,500.9799999999986,2,263.08000000000004,move,improve
14763,6,500.9799999999986,2,263.08000000000004,2opt,notBad
14764,6,500.9799999999986,2,263.08000000000004,move,improve
14765,6,500.9799999999986,2,263.08000000000004,swap,notBad
14766,6,500.9799999999986,2,263.08000000000004,2opt,notBad
14767,6,500.9799999999986,2,263.08000000000004,2opt,notBad
14768,6,500.9799999999986,2,263.08000000000004,2opt,notBad
14769,6,500.9799999999986,2,263.08000000000004,swap,notBad
14770,6,500.9799999999986,2,263.08000000000004,2opt,notBad
14771,6,500.9799999999986,2,263.08000000000004,2opt,notBad
14772,6,500.9799999999986,2,263.08000000000004,swap,notBad
14773,6,500.9799999999986,2,263.08000000000004,move,improve
14774,6,500.9799999999986,2,263.08000000000004,move,improve
14775,6,500.9799999999986,2,263.08000000000004,2opt,notBad
14776,6,500.9799999999986,2,263.08000000000004,swap,notBad
14777,6,500.9799999999986,2,263.08000000000004,2opt,improve
14778,6,500.9799999999986,2,263.08000000000004,2opt,notBad
14779,6,500.9799999999986,2,263.08000000000004,move,improve
14780,6,500.9799999999986,2,263.08000000000004,swap,notBad
14781,6,500.9799999999986,2,263.08000000000004,2opt,notBad
14782,6,500.9799999999986,2,263.08000000000004,move,improve
14783,6,500.9799999999986,2,263.08000000000004,move,improve
14784,6,500.9799999999986,2,263.08000000000004,move,improve
14785,6,500.9799999999986,2,263.08000000000004,move,notBad
14786,6,500.9799999999986,2,263.08000000000004,swap,notBad
14787,6,500.9799999999986,2,263.08000000000004,move,improve
14788,6,500.9799999999986,2,263.08000000000004,move,improve
14789,6,500.9799999999986,2,263.08000000000004,swap,notBad
14790,6,500.9799999999986,2,263.08000000000004,2opt,notBad
14791,6,500.9799999999986,2,263.08000000000004,swap,notBad
14792,6,500.9799999999986,2,263.08000000000004,swap,notBad
14793,6,500.9799999999986,2,263.08000000000004,move,improve
14794,6,500.9799999999986,2,263.08000000000004,2opt,notBad
14795,6,500.9799999999986,2,263.08000000000004,move,improve
14796,6,500.9799999999986,2,263.08000000000004,swap,notBad
14797,6,500.9799999999986,2,263.08000000000004,swap,notBad
14798,6,500.9799999999986,2,263.08000000000004,move,improve
14799,6,500.9799999999986,2,263.08000000000004,2opt,notBad
14800,6,500.9799999999986,2,263.08000000000004,swap,notBad
14801,6,500.9799999999986,2,263.08000000000004,swap,notBad
14802,6,500.9799999999986,2,263.08000000000004,move,improve
14803,6,500.9799999999986,2,263.08000000000004,move,improve
14804,6,500.9799999999986,2,263.08000000000004,2opt,notBad
14805,6,500.9799999999986,2,263.08000000000004,move,improve
14806,6,500.9799999999986,2,263.08000000000004,2opt,notBad
14807,6,500.9799999999986,2,263.08000000000004,move,improve
14808,6,500.9799999999986,2,263.08000000000004,2opt,notBad
14809,6,500.9799999999986,2,263.08000000000004,move,improve
14810,6,500.9799999999986,2,263.08000000000004,swap,notBad
14811,6,500.9799999999986,2,263.08000000000004,swap,notBad
14812,6,500.9799999999986,2,263.08000000000004,2opt,notBad
14813,6,500.9799999999986,2,263.08000000000004,2opt,notBad
14814,6,500.9799999999986,2,263.08000000000004,move,improve
14815,6,500.9799999999986,2,263.08000000000004,swap,notBad
14816,6,500.9799999999986,2,263.08000000000004,move,improve
14817,6,500.9799999999986,2,263.08000000000004,2opt,notBad
14818,6,500.9799999999986,2,263.08000000000004,2opt,notBad
14819,6,500.9799999999986,2,263.08000000000004,2opt,notBad
14820,6,500.9799999999986,2,263.08000000000004,2opt,notBad
14821,6,500.9799999999986,2,263.08000000000004,swap,notBad
14822,6,500.9799999999986,2,263.08000000000004,2opt,notBad
14823,6,500.9799999999986,2,263.08000000000004,2opt,notBad
14824,6,500.9799999999986,2,263.08000000000004,swap,notBad
14825,6,500.9799999999986,2,263.08000000000004,move,improve
14826,6,500.9799999999986,2,263.08000000000004,2opt,notBad
14827,6,500.9799999999986,2,263.08000000000004,swap,notBad
14828,6,500.9799999999986,2,263.08000000000004,swap,notBad
14829,6,500.9799999999986,2,263.08000000000004,2opt,notBad
14830,6,500.9799999999986,2,263.08000000000004,move,improve
14831,6,500.9799999999986,2,263.08000000000004,swap,notBad
14832,6,500.9799999999986,2,263.08000000000004,2opt,notBad
14833,6,500.9799999999986,2,263.08000000000004,move,improve
14834,6,500.9799999999986,2,263.08000000000004,2opt,notBad
14835,6,500.9799999999986,2,263.08000000000004,move,improve
14836,6,500.9799999999986,2,263.08000000000004,move,improve
14837,6,500.9799999999986,2,263.08000000000004,2opt,notBad
14838,6,500.9799999999986,2,263.08000000000004,2opt,improve
14839,6,500.9799999999986,2,263.08000000000004,move,improve
14840,6,500.9799999999986,2,263.08000000000004,move,improve
14841,6,500.9799999999986,2,263.08000000000004,move,improve
14842,6,500.9799999999986,2,263.08000000000004,swap,notBad
14843,6,500.9799999999986,2,263.08000000000004,swap,notBad
14844,6,500.9799999999986,2,263.08000000000004,move,improve
14845,6,500.9799999999986,2,263.08000000000004,swap,notBad
14846,6,500.9799999999986,2,263.08000000000004,swap,notBad
14847,6,500.9799999999986,2,263.08000000000004,swap,notBad
14848,6,500.9799999999986,2,263.08000000000004,swap,notBad
14849,6,500.9799999999986,2,263.08000000000004,swap,notBad
14850,6,500.9799999999986,2,263.08000000000004,move,improve
14851,6,500.9799999999986,2,263.08000000000004,swap,notBad
14852,6,500.9799999999986,2,263.08000000000004,move,improve
14853,6,500.9799999999986,2,263.08000000000004,move,improve
14854,6,500.9799999999986,2,263.08000000000004,swap,notBad
14855,6,500.9799999999986,2,263.08000000000004,move,improve
14856,6,500.9799999999986,2,263.08000000000004,swap,notBad
14857,6,500.9799999999986,2,263.08000000000004,2opt,notBad
14858,6,500.9799999999986,2,263.08000000000004,swap,notBad
14859,6,500.9799999999986,2,263.08000000000004,swap,notBad
14860,6,500.9799999999986,2,263.08000000000004,move,improve
14861,6,500.9799999999986,2,263.08000000000004,2opt,notBad
14862,6,500.9799999999986,2,263.08000000000004,swap,notBad
14863,6,500.9799999999986,2,263.08000000000004,move,improve
14864,6,500.9799999999986,2,263.08000000000004,swap,notBad
14865,6,500.9799999999986,2,263.08000000000004,2opt,notBad
14866,6,500.9799999999986,2,263.08000000000004,move,improve
14867,6,500.9799999999986,2,263.08000000000004,swap,notBad
14868,6,500.9799999999986,2,263.08000000000004,swap,notBad
14869,6,500.9799999999986,2,263.08000000000004,move,improve
14870,6,500.9799999999986,2,263.08000000000004,move,improve
14871,6,500.9799999999986,2,263.08000000000004,2opt,notBad
14872,6,500.9799999999986,2,263.08000000000004,swap,notBad
14873,6,500.9799999999986,2,263.08000000000004,move,improve
14874,6,500.9799999999986,2,263.08000000000004,move,improve
14875,6,500.9799999999986,2,263.08000000000004,move,improve
14876,6,500.9799999999986,2,263.08000000000004,move,improve
14877,6,500.9799999999986,2,263.08000000000004,swap,notBad
14878,6,500.9799999999986,2,263.08000000000004,swap,notBad
14879,6,500.9799999999986,2,263.08000000000004,swap,notBad
14880,6,500.9799999999986,2,263.08000000000004,swap,notBad
14881,6,500.9799999999986,2,263.08000000000004,2opt,notBad
14882,6,500.9799999999986,2,263.08000000000004,move,improve
14883,6,500.9799999999986,2,263.08000000000004,2opt,notBad
14884,6,500.9799999999986,2,263.08000000000004,move,improve
14885,6,500.9799999999986,2,263.08000000000004,move,improve
14886,6,500.9799999999986,2,263.08000000000004,2opt,notBad
14887,6,500.9799999999986,2,263.08000000000004,swap,notBad
14888,6,500.9799999999986,2,263.08000000000004,move,improve
14889,6,500.9799999999986,2,263.08000000000004,2opt,notBad
14890,6,500.9799999999986,2,263.08000000000004,swap,notBad
14891,6,500.9799999999986,2,263.08000000000004,move,improve
14892,6,500.9799999999986,2,263.08000000000004,2opt,notBad
14893,6,500.9799999999986,2,263.08000000000004,swap,notBad
14894,6,500.9799999999986,2,263.08000000000004,2opt,notBad
14895,6,500.9799999999986,2,263.08000000000004,swap,notBad
14896,6,500.9799999999986,2,263.08000000000004,2opt,notBad
14897,6,500.9799999999986,2,263.08000000000004,2opt,notBad
14898,6,500.9799999999986,2,263.08000000000004,2opt,notBad
14899,6,500.9799999999986,2,263.08000000000004,swap,notBad
14900,6,500.9799999999986,2,263.08000000000004,2opt,notBad
14901,6,500.9799999999986,2,263.08000000000004,move,improve
14902,6,500.9799999999986,2,263.08000000000004,2opt,notBad
14903,6,500.9799999999986,2,263.08000000000004,move,improve
14904,6,500.9799999999986,2,263.08000000000004,swap,notBad
14905,6,500.9799999999986,2,263.08000000000004,swap,notBad
14906,6,500.9799999999986,2,263.08000000000004,move,improve
14907,6,500.9799999999986,2,263.08000000000004,move,improve
14908,6,500.9799999999986,2,263.08000000000004,move,improve
14909,6,500.9799999999986,2,263.08000000000004,2opt,notBad
14910,6,500.9799999999986,2,263.08000000000004,2opt,improve
14911,6,500.9799999999986,2,263.08000000000004,2opt,notBad
14912,6,500.9799999999986,2,263.08000000000004,swap,notBad
14913,6,500.9799999999986,2,263.08000000000004,swap,notBad
14914,6,500.9799999999986,2,263.08000000000004,move,improve
14915,6,500.9799999999986,2,263.08000000000004,move,improve
14916,6,500.9799999999986,2,263.08000000000004,move,improve
14917,6,500.9799999999986,2,263.08000000000004,move,improve
14918,6,500.9799999999986,2,263.08000000000004,2opt,notBad
14919,6,500.9799999999986,2,263.08000000000004,swap,notBad
14920,6,500.9799999999986,2,263.08000000000004,move,improve
14921,6,500.9799999999986,2,263.08000000000004,move,improve
14922,6,500.9799999999986,2,263.08000000000004,move,improve
14923,6,500.9799999999986,2,263.08000000000004,2opt,notBad
14924,6,500.9799999999986,2,263.08000000000004,swap,notBad
14925,6,500.9799999999986,2,263.08000000000004,swap,notBad
14926,6,500.9799999999986,2,263.08000000000004,move,improve
14927,6,500.9799999999986,2,263.08000000000004,2opt,notBad
14928,6,500.9799999999986,2,263.08000000000004,2opt,notBad
14929,6,500.9799999999986,2,263.08000000000004,swap,notBad
14930,6,500.9799999999986,2,263.08000000000004,swap,notBad
14931,6,500.9799999999986,2,263.08000000000004,move,improve
14932,6,500.9799999999986,2,263.08000000000004,move,improve
14933,6,500.9799999999986,2,263.08000000000004,2opt,notBad
14934,6,500.9799999999986,2,263.08000000000004,swap,notBad
14935,6,500.9799999999986,2,263.08000000000004,move,improve
14936,6,500.9799999999986,2,263.08000000000004,swap,notBad
14937,6,500.9799999999986,2,263.08000000000004,move,improve
14938,6,500.9799999999986,2,263.08000000000004,2opt,notBad
14939,6,500.9799999999986,2,263.08000000000004,2opt,notBad
14940,6,500.9799999999986,2,263.08000000000004,2opt,notBad
14941,6,500.9799999999986,2,263.08000000000004,move,improve
14942,6,500.9799999999986,2,263.08000000000004,move,improve
14943,6,500.9799999999986,2,263.08000000000004,move,notBad
14944,6,500.9799999999986,2,263.08000000000004,swap,notBad
14945,6,500.9799999999986,2,263.08000000000004,2opt,notBad
14946,6,500.9799999999986,2,263.08000000000004,swap,notBad
14947,6,500.9799999999986,2,263.08000000000004,move,improve
14948,6,500.9799999999986,2,263.08000000000004,swap,notBad
14949,6,500.9799999999986,2,263.08000000000004,move,improve
14950,6,500.9799999999986,2,263.08000000000004,move,improve
14951,6,500.9799999999986,2,263.08000000000004,swap,notBad
14952,6,500.9799999999986,2,263.08000000000004,swap,notBad
14953,6,500.9799999999986,2,263.08000000000004,swap,notBad
14954,6,500.9799999999986,2,263.08000000000004,2opt,notBad
14955,6,500.9799999999986,2,263.08000000000004,swap,notBad
14956,6,500.9799999999986,2,263.08000000000004,2opt,improve
14957,6,500.9799999999986,2,263.08000000000004,swap,notBad
14958,6,500.9799999999986,2,263.08000000000004,swap,notBad
14959,6,500.9799999999986,2,263.08000000000004,move,improve
14960,6,500.9799999999986,2,263.08000000000004,2opt,notBad
14961,6,500.9799999999986,2,263.08000000000004,move,improve
14962,6,500.9799999999986,2,263.08000000000004,2opt,notBad
14963,6,500.9799999999986,2,263.08000000000004,move,improve
14964,6,500.9799999999986,2,263.08000000000004,swap,notBad
14965,6,500.9799999999986,2,263.08000000000004,2opt,notBad
14966,6,500.9799999999986,2,263.08000000000004,2opt,notBad
14967,6,500.9799999999986,2,263.08000000000004,2opt,notBad
14968,6,500.9799999999986,2,263.08000000000004,move,improve
14969,6,500.9799999999986,2,263.08000000000004,swap,notBad
14970,6,500.9799999999986,2,263.08000000000004,swap,notBad
14971,6,500.9799999999986,2,263.08000000000004,swap,notBad
14972,6,500.9799999999986,2,263.08000000000004,2opt,notBad
14973,6,500.9799999999986,2,263.08000000000004,2opt,notBad
14974,6,500.9799999999986,2,263.08000000000004,swap,notBad
14975,6,500.9799999999986,2,263.08000000000004,move,notBad
14976,6,500.9799999999986,2,263.08000000000004,2opt,notBad
14977,6,500.9799999999986,2,263.08000000000004,swap,notBad
14978,6,500.9799999999986,2,263.08000000000004,2opt,notBad
14979,6,500.9799999999986,2,263.08000000000004,swap,notBad
14980,6,500.9799999999986,2,263.08000000000004,move,improve
14981,6,500.9799999999986,2,263.08000000000004,2opt,improve
14982,6,500.9799999999986,2,263.08000000000004,swap,notBad
14983,6,500.9799999999986,2,263.08000000000004,move,improve
14984,6,500.9799999999986,2,263.08000000000004,move,improve
14985,6,500.9799999999986,2,263.08000000000004,swap,notBad
14986,6,500.9799999999986,2,263.08000000000004,2opt,notBad
14987,6,500.9799999999986,2,263.08000000000004,swap,notBad
14988,6,500.9799999999986,2,263.08000000000004,swap,notBad
14989,6,500.9799999999986,2,263.08000000000004,swap,notBad
14990,6,500.9799999999986,2,263.08000000000004,swap,notBad
14991,6,500.9799999999986,2,263.08000000000004,swap,notBad
14992,6,500.9799999999986,2,263.08000000000004,move,improve
14993,6,500.9799999999986,2,263.08000000000004,2opt,notBad
14994,6,500.9799999999986,2,263.08000000000004,2opt,notBad
14995,6,500.9799999999986,2,263.08000000000004,swap,notBad
14996,6,500.9799999999986,2,263.08000000000004,2opt,notBad
14997,6,500.9799999999986,2,263.08000000000004,move,improve
14998,6,500.9799999999986,2,263.08000000000004,swap,notBad
14999,6,500.9799999999986,2,263.08000000000004,move,improve
15000,6,500.9799999999986,2,263.08000000000004,move,improve
15001,6,500.9799999999986,2,263.08000000000004,2opt,notBad
15002,6,500.9799999999986,2,263.08000000000004,swap,notBad
15003,6,500.9799999999986,2,263.08000000000004,2opt,notBad
15004,6,500.9799999999986,2,263.08000000000004,swap,notBad
15005,6,500.9799999999986,2,263.08000000000004,swap,notBad
15006,6,500.9799999999986,2,263.08000000000004,move,improve
15007,6,500.9799999999986,2,263.08000000000004,2opt,notBad
15008,6,500.9799999999986,2,263.08000000000004,swap,notBad
15009,6,500.9799999999986,2,263.08000000000004,2opt,notBad
15010,6,500.9799999999986,2,263.08000000000004,swap,notBad
15011,6,500.9799999999986,2,263.08000000000004,move,improve
15012,6,500.9799999999986,2,263.08000000000004,2opt,notBad
15013,6,500.9799999999986,2,263.08000000000004,swap,notBad
15014,6,500.9799999999986,2,263.08000000000004,2opt,notBad
15015,6,500.9799999999986,2,263.08000000000004,move,improve
15016,6,500.9799999999986,2,263.08000000000004,move,improve
15017,6,500.9799999999986,2,263.08000000000004,2opt,notBad
15018,6,500.9799999999986,2,263.08000000000004,swap,notBad
15019,6,500.9799999999986,2,263.08000000000004,swap,notBad
15020,6,500.9799999999986,2,263.08000000000004,2opt,notBad
15021,6,500.9799999999986,2,263.08000000000004,2opt,notBad
15022,6,500.9799999999986,2,263.08000000000004,move,improve
15023,6,500.9799999999986,2,263.08000000000004,swap,notBad
15024,6,500.9799999999986,2,263.08000000000004,2opt,notBad
15025,6,500.9799999999986,2,263.08000000000004,move,improve
15026,6,500.9799999999986,2,263.08000000000004,2opt,notBad
15027,6,500.9799999999986,2,263.08000000000004,move,improve
15028,6,500.9799999999986,2,263.08000000000004,move,improve
15029,6,500.9799999999986,2,263.08000000000004,move,improve
15030,6,500.9799999999986,2,263.08000000000004,move,improve
15031,6,500.9799999999986,2,263.08000000000004,move,improve
15032,6,500.9799999999986,2,263.08000000000004,swap,notBad
15033,6,500.9799999999986,2,263.08000000000004,2opt,improve
15034,6,500.9799999999986,2,263.08000000000004,move,improve
15035,6,500.9799999999986,2,263.08000000000004,2opt,notBad
15036,6,500.9799999999986,2,263.08000000000004,move,improve
15037,6,500.9799999999986,2,263.08000000000004,2opt,notBad
15038,6,500.9799999999986,2,263.08000000000004,swap,notBad
15039,6,500.9799999999986,2,263.08000000000004,swap,notBad
15040,6,500.9799999999986,2,263.08000000000004,move,improve
15041,6,500.9799999999986,2,263.08000000000004,2opt,notBad
15042,6,500.9799999999986,2,263.08000000000004,move,improve
15043,6,500.9799999999986,2,263.08000000000004,swap,notBad
15044,6,500.9799999999986,2,263.08000000000004,swap,notBad
15045,6,500.9799999999986,2,263.08000000000004,2opt,notBad
15046,6,500.9799999999986,2,263.08000000000004,2opt,notBad
15047,6,500.9799999999986,2,263.08000000000004,move,improve
15048,6,500.9799999999986,2,263.08000000000004,2opt,notBad
15049,6,500.9799999999986,2,263.08000000000004,2opt,improve
15050,6,500.9799999999986,2,263.08000000000004,swap,notBad
15051,6,500.9799999999986,2,263.08000000000004,2opt,notBad
15052,6,500.9799999999986,2,263.08000000000004,move,improve
15053,6,500.9799999999986,2,263.08000000000004,move,improve
15054,6,500.9799999999986,2,263.08000000000004,move,improve
15055,6,500.9799999999986,2,263.08000000000004,swap,notBad
15056,6,500.9799999999986,2,263.08000000000004,swap,notBad
15057,6,500.9799999999986,2,263.08000000000004,move,improve
15058,6,500.9799999999986,2,263.08000000000004,move,improve
15059,6,500.9799999999986,2,263.08000000000004,move,improve
15060,6,500.9799999999986,2,263.08000000000004,2opt,notBad
15061,6,500.9799999999986,2,263.08000000000004,move,improve
15062,6,500.9799999999986,2,263.08000000000004,swap,notBad
15063,6,500.9799999999986,2,263.08000000000004,2opt,notBad
15064,6,500.9799999999986,2,263.08000000000004,2opt,notBad
15065,6,500.9799999999986,2,263.08000000000004,move,improve
15066,6,500.9799999999986,2,263.08000000000004,swap,notBad
15067,6,500.9799999999986,2,263.08000000000004,move,improve
15068,6,500.9799999999986,2,263.08000000000004,2opt,notBad
15069,6,500.9799999999986,2,263.08000000000004,move,improve
15070,6,500.9799999999986,2,263.08000000000004,move,improve
15071,6,500.9799999999986,2,263.08000000000004,2opt,notBad
15072,6,500.9799999999986,2,263.08000000000004,2opt,notBad
15073,6,500.9799999999986,2,263.08000000000004,move,improve
15074,6,500.9799999999986,2,263.08000000000004,swap,notBad
15075,6,500.9799999999986,2,263.08000000000004,move,improve
15076,6,500.9799999999986,2,263.08000000000004,swap,notBad
15077,6,500.9799999999986,2,263.08000000000004,2opt,improve
15078,6,500.9799999999986,2,263.08000000000004,move,improve
15079,6,500.9799999999986,2,263.08000000000004,2opt,notBad
15080,6,500.9799999999986,2,263.08000000000004,2opt,notBad
15081,6,500.9799999999986,2,263.08000000000004,swap,notBad
15082,6,500.9799999999986,2,263.08000000000004,move,improve
15083,6,500.9799999999986,2,263.08000000000004,move,improve
15084,6,500.9799999999986,2,263.08000000000004,swap,notBad
15085,6,500.9799999999986,2,263.08000000000004,swap,notBad
15086,6,500.9799999999986,2,263.08000000000004,2opt,notBad
15087,6,500.9799999999986,2,263.08000000000004,swap,notBad
15088,6,500.9799999999986,2,263.08000000000004,2opt,notBad
15089,6,500.9799999999986,2,263.08000000000004,2opt,notBad
15090,6,500.9799999999986,2,263.08000000000004,move,improve
15091,6,500.9799999999986,2,263.08000000000004,2opt,notBad
15092,6,500.9799999999986,2,263.08000000000004,2opt,notBad
15093,6,500.9799999999986,2,263.08000000000004,move,improve
15094,6,500.9799999999986,2,263.08000000000004,2opt,notBad
15095,6,500.9799999999986,2,263.08000000000004,2opt,notBad
15096,6,500.9799999999986,2,263.08000000000004,2opt,notBad
15097,6,500.9799999999986,2,263.08000000000004,2opt,notBad
15098,6,500.9799999999986,2,263.08000000000004,move,improve
15099,6,500.9799999999986,2,263.08000000000004,2opt,notBad
15100,6,500.9799999999986,2,263.08000000000004,move,improve
15101,6,500.9799999999986,2,263.08000000000004,move,improve
15102,6,500.9799999999986,2,263.08000000000004,2opt,notBad
15103,6,500.9799999999986,2,263.08000000000004,move,improve
15104,6,500.9799999999986,2,263.08000000000004,2opt,improve
15105,6,500.9799999999986,2,263.08000000000004,move,improve
15106,6,500.9799999999986,2,263.08000000000004,move,improve
15107,6,500.9799999999986,2,263.08000000000004,2opt,notBad
15108,6,500.9799999999986,2,263.08000000000004,move,notBad
15109,6,500.9799999999986,2,263.08000000000004,move,improve
15110,6,500.9799999999986,2,263.08000000000004,move,improve
15111,6,500.9799999999986,2,263.08000000000004,swap,notBad
15112,6,500.9799999999986,2,263.08000000000004,swap,notBad
15113,6,500.9799999999986,2,263.08000000000004,2opt,notBad
15114,6,500.9799999999986,2,263.08000000000004,move,improve
15115,6,500.9799999999986,2,263.08000000000004,move,improve
15116,6,500.9799999999986,2,263.08000000000004,move,improve
15117,6,500.9799999999986,2,263.08000000000004,move,improve
15118,6,500.9799999999986,2,263.08000000000004,move,improve
15119,6,500.9799999999986,2,263.08000000000004,move,improve
15120,6,500.9799999999986,2,263.08000000000004,2opt,notBad
15121,6,500.9799999999986,2,263.08000000000004,swap,notBad
15122,6,500.9799999999986,2,263.08000000000004,2opt,notBad
15123,6,500.9799999999986,2,263.08000000000004,move,improve
15124,6,500.9799999999986,2,263.08000000000004,2opt,notBad
15125,6,500.9799999999986,2,263.08000000000004,swap,notBad
15126,6,500.9799999999986,2,263.08000000000004,2opt,notBad
15127,6,500.9799999999986,2,263.08000000000004,move,improve
15128,6,500.9799999999986,2,263.08000000000004,swap,notBad
15129,6,500.9799999999986,2,263.08000000000004,move,improve
15130,6,500.9799999999986,2,263.08000000000004,2opt,notBad
15131,6,500.9799999999986,2,263.08000000000004,move,improve
15132,6,500.9799999999986,2,263.08000000000004,2opt,notBad
15133,6,500.9799999999986,2,263.08000000000004,move,improve
15134,6,500.9799999999986,2,263.08000000000004,swap,notBad
15135,6,500.9799999999986,2,263.08000000000004,swap,notBad
15136,6,500.9799999999986,2,263.08000000000004,move,improve
15137,6,500.9799999999986,2,263.08000000000004,swap,notBad
15138,6,500.9799999999986,2,263.08000000000004,move,improve
15139,6,500.9799999999986,2,263.08000000000004,move,improve
15140,6,500.9799999999986,2,263.08000000000004,move,improve
15141,6,500.9799999999986,2,263.08000000000004,2opt,notBad
15142,6,500.9799999999986,2,263.08000000000004,swap,notBad
15143,6,500.9799999999986,2,263.08000000000004,2opt,notBad
15144,6,500.9799999999986,2,263.08000000000004,move,improve
15145,6,500.9799999999986,2,263.08000000000004,2opt,improve
15146,6,500.9799999999986,2,263.08000000000004,2opt,improve
15147,6,500.9799999999986,2,263.08000000000004,swap,notBad
15148,6,500.9799999999986,2,263.08000000000004,swap,notBad
15149,6,500.9799999999986,2,263.08000000000004,2opt,notBad
15150,6,500.9799999999986,2,263.08000000000004,move,improve
15151,6,500.9799999999986,2,263.08000000000004,swap,notBad
15152,6,500.9799999999986,2,263.08000000000004,swap,notBad
15153,6,500.9799999999986,2,263.08000000000004,2opt,notBad
15154,6,500.9799999999986,2,263.08000000000004,2opt,notBad
15155,6,500.9799999999986,2,263.08000000000004,swap,notBad
15156,6,500.9799999999986,2,263.08000000000004,swap,notBad
15157,6,500.9799999999986,2,263.08000000000004,2opt,improve
15158,6,500.9799999999986,2,263.08000000000004,2opt,notBad
15159,6,500.9799999999986,2,263.08000000000004,swap,notBad
15160,6,500.9799999999986,2,263.08000000000004,swap,notBad
15161,6,500.9799999999986,2,263.08000000000004,swap,notBad
15162,6,500.9799999999986,2,263.08000000000004,swap,notBad
15163,6,500.9799999999986,2,263.08000000000004,2opt,improve
15164,6,500.9799999999986,2,263.08000000000004,swap,notBad
15165,6,500.9799999999986,2,263.08000000000004,swap,notBad
15166,6,500.9799999999986,2,263.08000000000004,2opt,notBad
15167,6,500.9799999999986,2,263.08000000000004,swap,notBad
15168,6,500.9799999999986,2,263.08000000000004,swap,notBad
15169,6,500.9799999999986,2,263.08000000000004,swap,notBad
15170,6,501.2999999999986,2,263.08000000000004,swap,acceptBad
15171,6,501.2999999999986,2,263.08000000000004,2opt,notBad
15172,6,501.2999999999986,2,263.08000000000004,move,improve
15173,6,501.2999999999986,2,263.08000000000004,swap,notBad
15174,6,501.2999999999986,2,263.08000000000004,move,improve
15175,6,501.2999999999986,2,263.08000000000004,2opt,notBad
15176,6,501.2999999999986,2,263.08000000000004,swap,notBad
15177,6,501.2999999999986,2,263.08000000000004,2opt,notBad
15178,6,501.2999999999986,2,263.08000000000004,move,improve
15179,6,501.2999999999986,2,263.08000000000004,move,improve
15180,6,501.2999999999986,2,263.08000000000004,2opt,notBad
15181,6,501.2999999999986,2,263.08000000000004,swap,notBad
15182,6,501.2999999999986,2,263.08000000000004,2opt,notBad
15183,6,501.2999999999986,2,263.08000000000004,swap,notBad
15184,6,501.2999999999986,2,263.08000000000004,2opt,notBad
15185,6,501.2999999999986,2,263.08000000000004,swap,notBad
15186,6,501.2999999999986,2,263.08000000000004,move,improve
15187,6,501.2999999999986,2,263.08000000000004,move,improve
15188,6,501.2999999999986,2,263.08000000000004,swap,notBad
15189,6,501.2999999999986,2,263.08000000000004,2opt,notBad
15190,6,501.2999999999986,2,263.08000000000004,move,improve
15191,6,501.2999999999986,2,263.08000000000004,move,improve
15192,6,501.2999999999986,2,263.08000000000004,move,improve
15193,6,501.2999999999986,2,263.08000000000004,swap,notBad
15194,6,501.2999999999986,2,263.08000000000004,move,improve
15195,6,501.2999999999986,2,263.08000000000004,move,improve
15196,6,501.2999999999986,2,263.08000000000004,2opt,notBad
15197,6,501.2999999999986,2,263.08000000000004,2opt,notBad
15198,6,501.2999999999986,2,263.08000000000004,2opt,notBad
15199,6,501.2999999999986,2,263.08000000000004,2opt,notBad
15200,6,501.2999999999986,2,263.08000000000004,2opt,notBad
15201,6,501.2999999999986,2,263.08000000000004,swap,notBad
15202,6,501.2999999999986,2,263.08000000000004,move,improve
15203,6,501.2999999999986,2,263.08000000000004,swap,notBad
15204,6,501.2999999999986,2,263.08000000000004,2opt,notBad
15205,6,501.2999999999986,2,263.08000000000004,swap,notBad
15206,6,501.2999999999986,2,263.08000000000004,2opt,notBad
15207,6,501.2999999999986,2,263.08000000000004,swap,notBad
15208,6,501.2999999999986,2,263.08000000000004,move,improve
15209,6,501.2999999999986,2,263.08000000000004,2opt,notBad
15210,6,501.2999999999986,2,263.08000000000004,move,improve
15211,6,501.2999999999986,2,263.08000000000004,2opt,notBad
15212,6,501.2999999999986,2,263.08000000000004,2opt,notBad
15213,6,501.2999999999986,2,263.08000000000004,2opt,notBad
15214,6,501.2999999999986,2,263.08000000000004,2opt,notBad
15215,6,501.2999999999986,2,263.08000000000004,2opt,notBad
15216,6,501.2999999999986,2,263.08000000000004,move,improve
15217,6,501.2999999999986,2,263.08000000000004,2opt,notBad
15218,6,500.9799999999986,2,263.08000000000004,move,improve
15219,6,500.9799999999986,2,263.08000000000004,move,improve
15220,6,500.9799999999986,2,263.08000000000004,2opt,notBad
15221,6,500.9799999999986,2,263.08000000000004,swap,notBad
15222,6,500.9799999999986,2,263.08000000000004,swap,notBad
15223,6,500.9799999999986,2,263.08000000000004,swap,notBad
15224,6,501.15999999999997,2,263.08000000000004,swap,acceptBad
15225,6,501.15999999999997,2,263.08000000000004,move,improve
15226,6,501.15999999999997,2,263.08000000000004,2opt,improve
15227,6,501.15999999999997,2,263.08000000000004,swap,notBad
15228,6,501.15999999999997,2,263.08000000000004,2opt,notBad
15229,6,501.15999999999997,2,263.08000000000004,2opt,notBad
15230,6,501.15999999999997,2,263.08000000000004,2opt,notBad
15231,6,501.15999999999997,2,263.08000000000004,2opt,notBad
15232,6,501.15999999999997,2,263.08000000000004,move,improve
15233,6,501.15999999999997,2,263.08000000000004,swap,notBad
15234,6,501.15999999999997,2,263.08000000000004,move,improve
15235,6,501.15999999999997,2,263.08000000000004,swap,notBad
15236,6,501.15999999999997,2,263.08000000000004,swap,notBad
15237,6,501.15999999999997,2,263.08000000000004,2opt,notBad
15238,6,501.15999999999997,2,263.08000000000004,2opt,notBad
15239,6,501.15999999999997,2,263.08000000000004,move,improve
15240,6,501.15999999999997,2,263.08000000000004,move,improve
15241,6,501.15999999999997,2,263.08000000000004,swap,notBad
15242,6,501.15999999999997,2,263.08000000000004,2opt,notBad
15243,6,501.15999999999997,2,263.08000000000004,move,improve
15244,6,501.15999999999997,2,263.08000000000004,2opt,improve
15245,6,501.15999999999997,2,263.08000000000004,move,improve
15246,6,501.15999999999997,2,263.08000000000004,2opt,notBad
15247,6,501.15999999999997,2,263.08000000000004,move,improve
15248,6,501.15999999999997,2,263.08000000000004,2opt,notBad
15249,6,501.15999999999997,2,263.08000000000004,swap,notBad
15250,6,501.15999999999997,2,263.08000000000004,swap,notBad
15251,6,501.15999999999997,2,263.08000000000004,move,improve
15252,6,501.15999999999997,2,263.08000000000004,2opt,notBad
15253,6,501.15999999999997,2,263.08000000000004,move,improve
15254,6,501.15999999999997,2,263.08000000000004,2opt,notBad
15255,6,501.15999999999997,2,263.08000000000004,move,improve
15256,6,501.15999999999997,2,263.08000000000004,move,improve
15257,6,501.15999999999997,2,263.08000000000004,swap,notBad
15258,6,501.15999999999997,2,263.08000000000004,2opt,notBad
15259,6,501.15999999999997,2,263.08000000000004,move,improve
15260,6,501.15999999999997,2,263.08000000000004,move,improve
15261,6,501.15999999999997,2,263.08000000000004,move,improve
15262,6,501.15999999999997,2,263.08000000000004,2opt,improve
15263,6,501.15999999999997,2,263.08000000000004,2opt,notBad
15264,6,501.15999999999997,2,263.08000000000004,2opt,notBad
15265,6,501.15999999999997,2,263.08000000000004,move,improve
15266,6,501.15999999999997,2,263.08000000000004,move,improve
15267,6,501.15999999999997,2,263.08000000000004,swap,notBad
15268,6,501.15999999999997,2,263.08000000000004,move,improve
15269,6,501.15999999999997,2,263.08000000000004,swap,notBad
15270,6,501.15999999999997,2,263.08000000000004,swap,notBad
15271,6,501.15999999999997,2,263.08000000000004,move,improve
15272,6,501.15999999999997,2,263.08000000000004,swap,notBad
15273,6,501.15999999999997,2,263.08000000000004,move,improve
15274,6,501.15999999999997,2,263.08000000000004,2opt,notBad
15275,6,501.15999999999997,2,263.08000000000004,2opt,notBad
15276,6,501.15999999999997,2,263.08000000000004,2opt,notBad
15277,6,501.15999999999997,2,263.08000000000004,2opt,improve
15278,6,501.15999999999997,2,263.08000000000004,2opt,notBad
15279,6,501.15999999999997,2,263.08000000000004,move,improve
15280,6,501.15999999999997,2,263.08000000000004,swap,notBad
15281,6,501.15999999999997,2,263.08000000000004,2opt,notBad
15282,6,501.15999999999997,2,263.08000000000004,move,improve
15283,6,501.15999999999997,2,263.08000000000004,swap,notBad
15284,6,501.15999999999997,2,263.08000000000004,2opt,notBad
15285,6,501.15999999999997,2,263.08000000000004,move,improve
15286,6,501.15999999999997,2,263.08000000000004,swap,notBad
15287,6,501.15999999999997,2,263.08000000000004,2opt,notBad
15288,6,501.15999999999997,2,263.08000000000004,2opt,notBad
15289,6,501.15999999999997,2,263.08000000000004,swap,notBad
15290,6,501.15999999999997,2,263.08000000000004,swap,notBad
15291,6,501.15999999999997,2,263.08000000000004,2opt,notBad
15292,6,501.15999999999997,2,263.08000000000004,move,improve
15293,6,501.15999999999997,2,263.08000000000004,move,improve
15294,6,501.15999999999997,2,263.08000000000004,move,improve
15295,6,501.15999999999997,2,263.08000000000004,swap,notBad
15296,6,501.15999999999997,2,263.08000000000004,swap,notBad
15297,6,501.15999999999997,2,263.08000000000004,swap,notBad
15298,6,501.15999999999997,2,263.08000000000004,2opt,notBad
15299,6,501.15999999999997,2,263.08000000000004,2opt,notBad
15300,6,501.15999999999997,2,263.08000000000004,swap,notBad
15301,6,501.15999999999997,2,263.08000000000004,2opt,notBad
15302,6,501.15999999999997,2,263.08000000000004,swap,notBad
15303,6,501.15999999999997,2,263.08000000000004,2opt,notBad
15304,6,501.15999999999997,2,263.08000000000004,swap,notBad
15305,6,501.15999999999997,2,263.08000000000004,swap,notBad
15306,6,501.15999999999997,2,263.08000000000004,swap,notBad
15307,6,501.15999999999997,2,263.08000000000004,move,improve
15308,6,501.15999999999997,2,263.08000000000004,swap,notBad
15309,6,501.15999999999997,2,263.08000000000004,move,improve
15310,6,501.15999999999997,2,263.08000000000004,2opt,notBad
15311,6,501.15999999999997,2,263.08000000000004,2opt,notBad
15312,6,501.15999999999997,2,263.08000000000004,move,improve
15313,6,501.15999999999997,2,263.08000000000004,move,improve
15314,6,501.15999999999997,2,263.08000000000004,swap,notBad
15315,6,501.15999999999997,2,263.08000000000004,move,improve
15316,6,501.15999999999997,2,263.08000000000004,move,improve
15317,6,501.15999999999997,2,263.08000000000004,move,improve
15318,6,501.15999999999997,2,263.08000000000004,move,improve
15319,6,501.15999999999997,2,263.08000000000004,2opt,notBad
15320,6,501.15999999999997,2,263.08000000000004,move,improve
15321,6,501.15999999999997,2,263.08000000000004,move,improve
15322,6,501.15999999999997,2,263.08000000000004,swap,notBad
15323,6,501.15999999999997,2,263.08000000000004,swap,notBad
15324,6,501.15999999999997,2,263.08000000000004,move,improve
15325,6,501.15999999999997,2,263.08000000000004,swap,notBad
15326,6,501.15999999999997,2,263.08000000000004,swap,notBad
15327,6,501.15999999999997,2,263.08000000000004,2opt,notBad
15328,6,501.15999999999997,2,263.08000000000004,move,improve
15329,6,501.15999999999997,2,263.08000000000004,move,improve
15330,6,501.15999999999997,2,263.08000000000004,move,improve
15331,6,501.15999999999997,2,263.08000000000004,swap,notBad
15332,6,501.15999999999997,2,263.08000000000004,2opt,notBad
15333,6,501.15999999999997,2,263.08000000000004,swap,notBad
15334,6,501.15999999999997,2,263.08000000000004,2opt,notBad
15335,6,501.15999999999997,2,263.08000000000004,swap,notBad
15336,6,501.15999999999997,2,263.08000000000004,swap,notBad
15337,6,501.15999999999997,2,263.08000000000004,2opt,notBad
15338,6,501.15999999999997,2,263.08000000000004,swap,notBad
15339,6,501.15999999999997,2,263.08000000000004,swap,notBad
15340,6,501.15999999999997,2,263.08000000000004,swap,notBad
15341,6,501.15999999999997,2,263.08000000000004,swap,notBad
15342,6,501.15999999999997,2,263.08000000000004,swap,notBad
15343,6,501.15999999999997,2,263.08000000000004,move,improve
15344,6,501.15999999999997,2,263.08000000000004,swap,notBad
15345,6,501.15999999999997,2,263.08000000000004,move,improve
15346,6,501.15999999999997,2,263.08000000000004,swap,notBad
15347,6,501.15999999999997,2,263.08000000000004,2opt,notBad
15348,6,501.15999999999997,2,263.08000000000004,2opt,notBad
15349,6,501.15999999999997,2,263.08000000000004,2opt,notBad
15350,6,501.15999999999997,2,263.08000000000004,swap,notBad
15351,6,501.15999999999997,2,263.08000000000004,2opt,notBad
15352,6,501.15999999999997,2,263.08000000000004,2opt,notBad
15353,6,501.15999999999997,2,263.08000000000004,move,improve
15354,6,501.15999999999997,2,263.08000000000004,swap,notBad
15355,6,501.15999999999997,2,263.08000000000004,swap,notBad
15356,6,501.15999999999997,2,263.08000000000004,2opt,notBad
15357,6,501.15999999999997,2,263.08000000000004,move,improve
15358,6,501.15999999999997,2,263.08000000000004,move,improve
15359,6,501.15999999999997,2,263.08000000000004,2opt,notBad
15360,6,501.15999999999997,2,263.08000000000004,move,improve
15361,6,501.15999999999997,2,263.08000000000004,move,improve
15362,6,501.15999999999997,2,263.08000000000004,move,improve
15363,6,501.15999999999997,2,263.08000000000004,2opt,notBad
15364,6,501.15999999999997,2,263.08000000000004,move,improve
15365,6,501.15999999999997,2,263.08000000000004,2opt,notBad
15366,6,501.15999999999997,2,263.08000000000004,2opt,notBad
15367,6,501.15999999999997,2,263.08000000000004,2opt,notBad
15368,6,501.15999999999997,2,263.08000000000004,move,improve
15369,6,501.15999999999997,2,263.08000000000004,swap,notBad
15370,6,501.15999999999997,2,263.08000000000004,2opt,notBad
15371,6,501.15999999999997,2,263.08000000000004,swap,notBad
15372,6,501.15999999999997,2,263.08000000000004,2opt,notBad
15373,6,501.15999999999997,2,263.08000000000004,move,improve
15374,6,501.15999999999997,2,263.08000000000004,2opt,notBad
15375,6,501.15999999999997,2,263.08000000000004,swap,notBad
15376,6,501.15999999999997,2,263.08000000000004,move,notBad
15377,6,501.15999999999997,2,263.08000000000004,swap,notBad
15378,6,501.15999999999997,2,263.08000000000004,move,improve
15379,6,501.15999999999997,2,263.08000000000004,swap,notBad
15380,6,501.15999999999997,2,263.08000000000004,move,improve
15381,6,501.15999999999997,2,263.08000000000004,swap,notBad
15382,6,501.15999999999997,2,263.08000000000004,2opt,notBad
15383,6,501.15999999999997,2,263.08000000000004,swap,notBad
15384,6,501.15999999999997,2,263.08000000000004,move,improve
15385,6,501.15999999999997,2,263.08000000000004,swap,notBad
15386,6,501.15999999999997,2,263.08000000000004,move,improve
15387,6,501.15999999999997,2,263.08000000000004,move,improve
15388,6,501.15999999999997,2,263.08000000000004,2opt,notBad
15389,6,501.15999999999997,2,263.08000000000004,swap,notBad
15390,6,501.15999999999997,2,263.08000000000004,swap,notBad
15391,6,501.15999999999997,2,263.08000000000004,move,improve
15392,6,501.15999999999997,2,263.08000000000004,move,improve
15393,6,501.15999999999997,2,263.08000000000004,2opt,notBad
15394,6,501.15999999999997,2,263.08000000000004,2opt,notBad
15395,6,501.15999999999997,2,263.08000000000004,move,improve
15396,6,501.15999999999997,2,263.08000000000004,move,improve
15397,6,501.15999999999997,2,263.08000000000004,move,improve
15398,6,501.15999999999997,2,263.08000000000004,swap,notBad
15399,6,501.15999999999997,2,263.08000000000004,move,improve
15400,6,501.15999999999997,2,263.08000000000004,swap,notBad
15401,6,501.15999999999997,2,263.08000000000004,2opt,notBad
15402,6,501.15999999999997,2,263.08000000000004,2opt,notBad
15403,6,501.15999999999997,2,263.08000000000004,swap,notBad
15404,6,501.15999999999997,2,263.08000000000004,2opt,notBad
15405,6,501.15999999999997,2,263.08000000000004,move,improve
15406,6,501.15999999999997,2,263.08000000000004,2opt,notBad
15407,6,501.15999999999997,2,263.08000000000004,2opt,improve
15408,6,501.15999999999997,2,263.08000000000004,swap,notBad
15409,6,501.15999999999997,2,263.08000000000004,2opt,notBad
15410,6,501.15999999999997,2,263.08000000000004,2opt,notBad
15411,6,501.15999999999997,2,263.08000000000004,2opt,notBad
15412,6,501.15999999999997,2,263.08000000000004,2opt,notBad
15413,6,501.15999999999997,2,263.08000000000004,2opt,notBad
15414,6,501.15999999999997,2,263.08000000000004,move,improve
15415,6,501.15999999999997,2,263.08000000000004,move,improve
15416,6,501.15999999999997,2,263.08000000000004,2opt,improve
15417,6,501.15999999999997,2,263.08000000000004,move,notBad
15418,6,501.15999999999997,2,263.08000000000004,2opt,notBad
15419,6,501.15999999999997,2,263.08000000000004,swap,notBad
15420,6,501.15999999999997,2,263.08000000000004,2opt,notBad
15421,6,501.15999999999997,2,263.08000000000004,swap,notBad
15422,6,501.15999999999997,2,263.08000000000004,2opt,notBad
15423,6,501.15999999999997,2,263.08000000000004,swap,notBad
15424,6,501.15999999999997,2,263.08000000000004,swap,notBad
15425,6,501.15999999999997,2,263.08000000000004,2opt,notBad
15426,6,501.15999999999997,2,263.08000000000004,move,improve
15427,6,501.15999999999997,2,263.08000000000004,move,improve
15428,6,501.15999999999997,2,263.08000000000004,2opt,notBad
15429,6,501.15999999999997,2,263.08000000000004,2opt,notBad
15430,6,501.15999999999997,2,263.08000000000004,move,improve
15431,6,501.15999999999997,2,263.08000000000004,move,improve
15432,6,501.15999999999997,2,263.08000000000004,2opt,notBad
15433,6,501.15999999999997,2,263.08000000000004,swap,notBad
15434,6,501.15999999999997,2,263.08000000000004,swap,notBad
15435,6,501.15999999999997,2,263.08000000000004,2opt,notBad
15436,6,501.15999999999997,2,263.08000000000004,swap,notBad
15437,6,501.15999999999997,2,263.08000000000004,2opt,notBad
15438,6,501.15999999999997,2,263.08000000000004,move,improve
15439,6,501.15999999999997,2,263.08000000000004,swap,notBad
15440,6,501.15999999999997,2,263.08000000000004,move,improve
15441,6,501.15999999999997,2,263.08000000000004,2opt,notBad
15442,6,501.15999999999997,2,263.08000000000004,2opt,notBad
15443,6,501.15999999999997,2,263.08000000000004,2opt,notBad
15444,6,501.15999999999997,2,263.08000000000004,move,improve
15445,6,501.15999999999997,2,263.08000000000004,2opt,notBad
15446,6,501.15999999999997,2,263.08000000000004,2opt,notBad
15447,6,501.15999999999997,2,263.08000000000004,swap,notBad
15448,6,501.15999999999997,2,263.08000000000004,2opt,notBad
15449,6,501.15999999999997,2,263.08000000000004,move,improve
15450,6,501.15999999999997,2,263.08000000000004,move,improve
15451,6,501.15999999999997,2,263.08000000000004,2opt,notBad
15452,6,501.15999999999997,2,263.08000000000004,2opt,notBad
15453,6,501.15999999999997,2,263.08000000000004,2opt,notBad
15454,6,501.15999999999997,2,263.08000000000004,swap,notBad
15455,6,501.15999999999997,2,263.08000000000004,2opt,notBad
15456,6,501.15999999999997,2,263.08000000000004,2opt,notBad
15457,6,501.15999999999997,2,263.08000000000004,swap,notBad
15458,6,501.15999999999997,2,263.08000000000004,move,improve
15459,6,501.15999999999997,2,263.08000000000004,swap,notBad
15460,6,501.15999999999997,2,263.08000000000004,2opt,notBad
15461,6,501.15999999999997,2,263.08000000000004,move,improve
15462,6,501.15999999999997,2,263.08000000000004,swap,notBad
15463,6,501.15999999999997,2,263.08000000000004,move,improve
15464,6,501.15999999999997,2,263.08000000000004,swap,notBad
15465,6,501.15999999999997,2,263.08000000000004,move,improve
15466,6,501.15999999999997,2,263.08000000000004,swap,notBad
15467,6,501.15999999999997,2,263.08000000000004,move,improve
15468,6,501.15999999999997,2,263.08000000000004,2opt,notBad
15469,6,501.15999999999997,2,263.08000000000004,move,improve
15470,6,501.15999999999997,2,263.08000000000004,move,improve
15471,6,501.15999999999997,2,263.08000000000004,2opt,notBad
15472,6,501.15999999999997,2,263.08000000000004,2opt,notBad
15473,6,501.15999999999997,2,263.08000000000004,swap,notBad
15474,6,501.15999999999997,2,263.08000000000004,move,improve
15475,6,501.15999999999997,2,263.08000000000004,2opt,notBad
15476,6,501.15999999999997,2,263.08000000000004,2opt,notBad
15477,6,501.15999999999997,2,263.08000000000004,swap,notBad
15478,6,501.15999999999997,2,263.08000000000004,2opt,notBad
15479,6,501.15999999999997,2,263.08000000000004,swap,notBad
15480,6,501.15999999999997,2,263.08000000000004,swap,notBad
15481,6,501.15999999999997,2,263.08000000000004,2opt,notBad
15482,6,501.15999999999997,2,263.08000000000004,2opt,improve
15483,6,501.15999999999997,2,263.08000000000004,swap,notBad
15484,6,501.15999999999997,2,263.08000000000004,2opt,notBad
15485,6,501.15999999999997,2,263.08000000000004,move,improve
15486,6,501.15999999999997,2,263.08000000000004,swap,notBad
15487,6,501.15999999999997,2,263.08000000000004,swap,notBad
15488,6,501.15999999999997,2,263.08000000000004,move,improve
15489,6,501.15999999999997,2,263.08000000000004,move,improve
15490,6,501.15999999999997,2,263.08000000000004,move,improve
15491,6,501.15999999999997,2,263.08000000000004,2opt,notBad
15492,6,500.9799999999986,2,263.08000000000004,swap,improve
15493,6,500.9799999999986,2,263.08000000000004,swap,notBad
15494,6,500.9799999999986,2,263.08000000000004,swap,notBad
15495,6,500.9799999999986,2,263.08000000000004,move,improve
15496,6,500.9799999999986,2,263.08000000000004,2opt,notBad
15497,6,500.9799999999986,2,263.08000000000004,swap,notBad
15498,6,500.9799999999986,2,263.08000000000004,move,improve
15499,6,500.9799999999986,2,263.08000000000004,swap,notBad
15500,6,500.9799999999986,2,263.08000000000004,move,improve
15501,6,500.9799999999986,2,263.08000000000004,move,improve
15502,6,500.9799999999986,2,263.08000000000004,2opt,notBad
15503,6,500.9799999999986,2,263.08000000000004,move,improve
15504,6,500.9799999999986,2,263.08000000000004,2opt,notBad
15505,6,500.9799999999986,2,263.08000000000004,2opt,notBad
15506,6,500.9799999999986,2,263.08000000000004,move,improve
15507,6,500.9799999999986,2,263.08000000000004,2opt,notBad
15508,6,500.9799999999986,2,263.08000000000004,2opt,notBad
15509,6,500.9799999999986,2,263.08000000000004,swap,notBad
15510,6,500.9799999999986,2,263.08000000000004,move,improve
15511,6,500.9799999999986,2,263.08000000000004,2opt,notBad
15512,6,500.9799999999986,2,263.08000000000004,move,improve
15513,6,500.9799999999986,2,263.08000000000004,2opt,notBad
15514,6,500.9799999999986,2,263.08000000000004,2opt,notBad
15515,6,500.9799999999986,2,263.08000000000004,swap,notBad
15516,6,500.9799999999986,2,263.08000000000004,swap,notBad
15517,6,500.9799999999986,2,263.08000000000004,swap,notBad
15518,6,500.9799999999986,2,263.08000000000004,move,improve
15519,6,500.9799999999986,2,263.08000000000004,2opt,notBad
15520,6,500.9799999999986,2,263.08000000000004,2opt,improve
15521,6,500.9799999999986,2,263.08000000000004,move,improve
15522,6,500.9799999999986,2,263.08000000000004,2opt,improve
15523,6,500.9799999999986,2,263.08000000000004,move,improve
15524,6,500.9799999999986,2,263.08000000000004,move,improve
15525,6,500.9799999999986,2,263.08000000000004,2opt,notBad
15526,6,500.9799999999986,2,263.08000000000004,move,improve
15527,6,500.9799999999986,2,263.08000000000004,move,improve
15528,6,500.9799999999986,2,263.08000000000004,swap,notBad
15529,6,500.9799999999986,2,263.08000000000004,swap,notBad
15530,6,500.9799999999986,2,263.08000000000004,2opt,notBad
15531,6,500.9799999999986,2,263.08000000000004,swap,notBad
15532,6,500.9799999999986,2,263.08000000000004,move,improve
15533,6,500.9799999999986,2,263.08000000000004,swap,notBad
15534,6,500.9799999999986,2,263.08000000000004,2opt,improve
15535,6,500.9799999999986,2,263.08000000000004,swap,notBad
15536,6,500.9799999999986,2,263.08000000000004,2opt,notBad
15537,6,500.9799999999986,2,263.08000000000004,2opt,notBad
15538,6,500.9799999999986,2,263.08000000000004,swap,notBad
15539,6,500.9799999999986,2,263.08000000000004,swap,notBad
15540,6,500.9799999999986,2,263.08000000000004,2opt,notBad
15541,6,500.9799999999986,2,263.08000000000004,move,improve
15542,6,500.9799999999986,2,263.08000000000004,2opt,notBad
15543,6,500.9799999999986,2,263.08000000000004,2opt,notBad
15544,6,500.9799999999986,2,263.08000000000004,2opt,notBad
15545,6,500.9799999999986,2,263.08000000000004,move,improve
15546,6,500.9799999999986,2,263.08000000000004,2opt,notBad
15547,6,500.9799999999986,2,263.08000000000004,move,improve
15548,6,500.9799999999986,2,263.08000000000004,move,improve
15549,6,500.9799999999986,2,263.08000000000004,2opt,notBad
15550,6,500.9799999999986,2,263.08000000000004,swap,notBad
15551,6,500.9799999999986,2,263.08000000000004,swap,notBad
15552,6,500.9799999999986,2,263.08000000000004,2opt,notBad
15553,6,500.9799999999986,2,263.08000000000004,2opt,notBad
15554,6,500.9799999999986,2,263.08000000000004,swap,notBad
15555,6,500.9799999999986,2,263.08000000000004,move,improve
15556,6,500.9799999999986,2,263.08000000000004,2opt,notBad
15557,6,500.9799999999986,2,263.08000000000004,swap,notBad
15558,6,500.9799999999986,2,263.08000000000004,swap,notBad
15559,6,500.9799999999986,2,263.08000000000004,swap,notBad
15560,6,500.9799999999986,2,263.08000000000004,move,improve
15561,6,500.9799999999986,2,263.08000000000004,2opt,notBad
15562,6,500.9799999999986,2,263.08000000000004,2opt,notBad
15563,6,500.9799999999986,2,263.08000000000004,2opt,notBad
15564,6,500.9799999999986,2,263.08000000000004,swap,notBad
15565,6,500.9799999999986,2,263.08000000000004,move,improve
15566,6,500.9799999999986,2,263.08000000000004,2opt,notBad
15567,6,500.9799999999986,2,263.08000000000004,move,improve
15568,6,500.9799999999986,2,263.08000000000004,2opt,notBad
15569,6,500.9799999999986,2,263.08000000000004,2opt,notBad
15570,6,500.9799999999986,2,263.08000000000004,move,improve
15571,6,500.9799999999986,2,263.08000000000004,2opt,notBad
15572,6,500.9799999999986,2,263.08000000000004,swap,notBad
15573,6,500.9799999999986,2,263.08000000000004,move,improve
15574,6,500.9799999999986,2,263.08000000000004,move,improve
15575,6,500.9799999999986,2,263.08000000000004,swap,notBad
15576,6,500.9799999999986,2,263.08000000000004,move,improve
15577,6,500.9799999999986,2,263.08000000000004,2opt,notBad
15578,6,500.9799999999986,2,263.08000000000004,move,improve
15579,6,500.9799999999986,2,263.08000000000004,2opt,notBad
15580,6,500.9799999999986,2,263.08000000000004,swap,notBad
15581,6,500.9799999999986,2,263.08000000000004,2opt,notBad
15582,6,500.9799999999986,2,263.08000000000004,2opt,notBad
15583,6,500.9799999999986,2,263.08000000000004,2opt,notBad
15584,6,500.9799999999986,2,263.08000000000004,2opt,notBad
15585,6,500.9799999999986,2,263.08000000000004,swap,notBad
15586,6,500.9799999999986,2,263.08000000000004,move,improve
15587,6,500.9799999999986,2,263.08000000000004,swap,notBad
15588,6,500.9799999999986,2,263.08000000000004,swap,notBad
15589,6,500.9799999999986,2,263.08000000000004,swap,notBad
15590,6,500.9799999999986,2,263.08000000000004,swap,notBad
15591,6,500.9799999999986,2,263.08000000000004,move,improve
15592,6,500.9799999999986,2,263.08000000000004,move,improve
15593,6,500.9799999999986,2,263.08000000000004,swap,notBad
15594,6,500.9799999999986,2,263.08000000000004,swap,notBad
15595,6,500.9799999999986,2,263.08000000000004,move,improve
15596,6,500.9799999999986,2,263.08000000000004,move,improve
15597,6,500.9799999999986,2,263.08000000000004,swap,notBad
15598,6,500.9799999999986,2,263.08000000000004,move,improve
15599,6,500.9799999999986,2,263.08000000000004,move,improve
15600,6,500.9799999999986,2,263.08000000000004,swap,notBad
15601,6,500.9799999999986,2,263.08000000000004,swap,notBad
15602,6,500.9799999999986,2,263.08000000000004,move,improve
15603,6,500.9799999999986,2,263.08000000000004,2opt,notBad
15604,6,500.9799999999986,2,263.08000000000004,swap,notBad
15605,6,500.9799999999986,2,263.08000000000004,swap,notBad
15606,6,500.9799999999986,2,263.08000000000004,2opt,notBad
15607,6,500.9799999999986,2,263.08000000000004,2opt,notBad
15608,6,500.9799999999986,2,263.08000000000004,move,improve
15609,6,500.9799999999986,2,263.08000000000004,swap,notBad
15610,6,500.9799999999986,2,263.08000000000004,2opt,notBad
15611,6,500.9799999999986,2,263.08000000000004,swap,notBad
15612,6,500.9799999999986,2,263.08000000000004,swap,notBad
15613,6,500.9799999999986,2,263.08000000000004,2opt,notBad
15614,6,500.9799999999986,2,263.08000000000004,swap,notBad
15615,6,500.9799999999986,2,263.08000000000004,swap,notBad
15616,6,500.9799999999986,2,263.08000000000004,move,improve
15617,6,500.9799999999986,2,263.08000000000004,move,improve
15618,6,500.9799999999986,2,263.08000000000004,swap,notBad
15619,6,500.9799999999986,2,263.08000000000004,2opt,notBad
15620,6,500.9799999999986,2,263.08000000000004,move,improve
15621,6,500.9799999999986,2,263.08000000000004,move,improve
15622,6,500.9799999999986,2,263.08000000000004,swap,notBad
15623,6,500.9799999999986,2,263.08000000000004,move,improve
15624,6,500.9799999999986,2,263.08000000000004,swap,notBad
15625,6,500.9799999999986,2,263.08000000000004,swap,notBad
15626,6,500.9799999999986,2,263.08000000000004,2opt,notBad
15627,6,500.9799999999986,2,263.08000000000004,move,improve
15628,6,500.9799999999986,2,263.08000000000004,swap,notBad
15629,6,500.9799999999986,2,263.08000000000004,swap,notBad
15630,6,500.9799999999986,2,263.08000000000004,swap,notBad
15631,6,500.9799999999986,2,263.08000000000004,move,improve
15632,6,500.9799999999986,2,263.08000000000004,swap,notBad
15633,6,500.9799999999986,2,263.08000000000004,move,improve
15634,6,500.9799999999986,2,263.08000000000004,move,improve
15635,6,500.9799999999986,2,263.08000000000004,2opt,notBad
15636,6,500.9799999999986,2,263.08000000000004,2opt,notBad
15637,6,500.9799999999986,2,263.08000000000004,swap,notBad
15638,6,500.9799999999986,2,263.08000000000004,move,improve
15639,6,500.9799999999986,2,263.08000000000004,move,improve
15640,6,500.9799999999986,2,263.08000000000004,move,improve
15641,6,500.9799999999986,2,263.08000000000004,2opt,notBad
15642,6,500.9799999999986,2,263.08000000000004,move,improve
15643,6,500.9799999999986,2,263.08000000000004,2opt,notBad
15644,6,500.9799999999986,2,263.08000000000004,move,improve
15645,6,500.9799999999986,2,263.08000000000004,swap,notBad
15646,6,500.9799999999986,2,263.08000000000004,move,improve
15647,6,500.9799999999986,2,263.08000000000004,swap,notBad
15648,6,500.9799999999986,2,263.08000000000004,swap,notBad
15649,6,500.9799999999986,2,263.08000000000004,2opt,notBad
15650,6,500.9799999999986,2,263.08000000000004,2opt,improve
15651,6,500.9799999999986,2,263.08000000000004,move,improve
15652,6,500.9799999999986,2,263.08000000000004,move,improve
15653,6,500.9799999999986,2,263.08000000000004,2opt,notBad
15654,6,500.9799999999986,2,263.08000000000004,swap,notBad
15655,6,500.9799999999986,2,263.08000000000004,swap,notBad
15656,6,500.9799999999986,2,263.08000000000004,2opt,notBad
15657,6,500.9799999999986,2,263.08000000000004,move,improve
15658,6,500.9799999999986,2,263.08000000000004,2opt,improve
15659,6,500.9799999999986,2,263.08000000000004,2opt,notBad
15660,6,500.9799999999986,2,263.08000000000004,swap,notBad
15661,6,500.9799999999986,2,263.08000000000004,swap,notBad
15662,6,500.9799999999986,2,263.08000000000004,swap,notBad
15663,6,500.9799999999986,2,263.08000000000004,2opt,notBad
15664,6,500.9799999999986,2,263.08000000000004,swap,notBad
15665,6,500.9799999999986,2,263.08000000000004,2opt,notBad
15666,6,500.9799999999986,2,263.08000000000004,swap,notBad
15667,6,500.9799999999986,2,263.08000000000004,move,improve
15668,6,500.9799999999986,2,263.08000000000004,2opt,notBad
15669,6,500.9799999999986,2,263.08000000000004,2opt,improve
15670,6,500.9799999999986,2,263.08000000000004,swap,notBad
15671,6,500.9799999999986,2,263.08000000000004,2opt,notBad
15672,6,500.9799999999986,2,263.08000000000004,2opt,notBad
15673,6,500.9799999999986,2,263.08000000000004,move,improve
15674,6,500.9799999999986,2,263.08000000000004,2opt,notBad
15675,6,500.9799999999986,2,263.08000000000004,swap,notBad
15676,6,500.9799999999986,2,263.08000000000004,move,improve
15677,6,500.9799999999986,2,263.08000000000004,2opt,notBad
15678,6,500.9799999999986,2,263.08000000000004,move,improve
15679,6,500.9799999999986,2,263.08000000000004,2opt,notBad
15680,6,500.9799999999986,2,263.08000000000004,2opt,notBad
15681,6,500.9799999999986,2,263.08000000000004,move,improve
15682,6,500.9799999999986,2,263.08000000000004,swap,notBad
15683,6,500.9799999999986,2,263.08000000000004,move,improve
15684,6,500.9799999999986,2,263.08000000000004,2opt,notBad
15685,6,500.9799999999986,2,263.08000000000004,swap,notBad
15686,6,500.9799999999986,2,263.08000000000004,swap,notBad
15687,6,500.9799999999986,2,263.08000000000004,swap,notBad
15688,6,500.9799999999986,2,263.08000000000004,move,improve
15689,6,500.9799999999986,2,263.08000000000004,2opt,notBad
15690,6,500.9799999999986,2,263.08000000000004,swap,notBad
15691,6,500.9799999999986,2,263.08000000000004,2opt,notBad
15692,6,500.9799999999986,2,263.08000000000004,2opt,notBad
15693,6,500.9799999999986,2,263.08000000000004,swap,notBad
15694,6,500.9799999999986,2,263.08000000000004,2opt,notBad
15695,6,500.9799999999986,2,263.08000000000004,swap,notBad
15696,6,500.9799999999986,2,263.08000000000004,move,improve
15697,6,500.9799999999986,2,263.08000000000004,move,improve
15698,6,500.9799999999986,2,263.08000000000004,2opt,notBad
15699,6,500.9799999999986,2,263.08000000000004,swap,notBad
15700,6,500.9799999999986,2,263.08000000000004,swap,notBad
15701,6,500.9799999999986,2,263.08000000000004,2opt,notBad
15702,6,500.9799999999986,2,263.08000000000004,swap,notBad
15703,6,500.9799999999986,2,263.08000000000004,move,improve
15704,6,500.9799999999986,2,263.08000000000004,swap,notBad
15705,6,500.9799999999986,2,263.08000000000004,move,improve
15706,6,500.9799999999986,2,263.08000000000004,move,improve
15707,6,500.9799999999986,2,263.08000000000004,move,improve
15708,6,500.9799999999986,2,263.08000000000004,swap,notBad
15709,6,500.9799999999986,2,263.08000000000004,move,improve
15710,6,500.9799999999986,2,263.08000000000004,move,improve
15711,6,500.9799999999986,2,263.08000000000004,2opt,notBad
15712,6,500.9799999999986,2,263.08000000000004,move,improve
15713,6,500.9799999999986,2,263.08000000000004,swap,notBad
15714,6,500.9799999999986,2,263.08000000000004,2opt,notBad
15715,6,500.9799999999986,2,263.08000000000004,swap,notBad
15716,6,500.9799999999986,2,263.08000000000004,swap,notBad
15717,6,500.9799999999986,2,263.08000000000004,2opt,notBad
15718,6,500.9799999999986,2,263.08000000000004,2opt,improve
15719,6,500.9799999999986,2,263.08000000000004,2opt,notBad
15720,6,500.9799999999986,2,263.08000000000004,2opt,notBad
15721,6,500.9799999999986,2,263.08000000000004,move,improve
15722,6,500.9799999999986,2,263.08000000000004,2opt,notBad
15723,6,500.9799999999986,2,263.08000000000004,2opt,notBad
15724,6,500.9799999999986,2,263.08000000000004,move,improve
15725,6,500.9799999999986,2,263.08000000000004,move,improve
15726,6,500.9799999999986,2,263.08000000000004,swap,notBad
15727,6,500.9799999999986,2,263.08000000000004,move,improve
15728,6,500.9799999999986,2,263.08000000000004,swap,notBad
15729,6,500.9799999999986,2,263.08000000000004,swap,notBad
15730,6,500.9799999999986,2,263.08000000000004,2opt,notBad
15731,6,500.9799999999986,2,263.08000000000004,move,improve
15732,6,500.9799999999986,2,263.08000000000004,2opt,notBad
15733,6,500.9799999999986,2,263.08000000000004,2opt,notBad
15734,6,500.9799999999986,2,263.08000000000004,move,improve
15735,6,500.9799999999986,2,263.08000000000004,move,improve
15736,6,500.9799999999986,2,263.08000000000004,2opt,notBad
15737,6,500.9799999999986,2,263.08000000000004,swap,notBad
15738,6,500.9799999999986,2,263.08000000000004,swap,notBad
15739,6,500.9799999999986,2,263.08000000000004,move,improve
15740,6,500.9799999999986,2,263.08000000000004,swap,notBad
15741,6,500.9799999999986,2,263.08000000000004,move,improve
15742,6,500.9799999999986,2,263.08000000000004,swap,notBad
15743,6,500.9799999999986,2,263.08000000000004,move,improve
15744,6,500.9799999999986,2,263.08000000000004,swap,notBad
15745,6,500.9799999999986,2,263.08000000000004,swap,notBad
15746,6,500.9799999999986,2,263.08000000000004,2opt,notBad
15747,6,500.9799999999986,2,263.08000000000004,swap,notBad
15748,6,500.9799999999986,2,263.08000000000004,swap,notBad
15749,6,500.9799999999986,2,263.08000000000004,swap,notBad
15750,6,500.9799999999986,2,263.08000000000004,2opt,notBad
15751,6,500.9799999999986,2,263.08000000000004,2opt,notBad
15752,6,500.9799999999986,2,263.08000000000004,swap,notBad
15753,6,500.9799999999986,2,263.08000000000004,2opt,notBad
15754,6,500.9799999999986,2,263.08000000000004,swap,notBad
15755,6,500.9799999999986,2,263.08000000000004,move,improve
15756,6,500.9799999999986,2,263.08000000000004,swap,notBad
15757,6,500.9799999999986,2,263.08000000000004,move,improve
15758,6,500.9799999999986,2,263.08000000000004,swap,notBad
15759,6,500.9799999999986,2,263.08000000000004,swap,notBad
15760,6,500.9799999999986,2,263.08000000000004,move,improve
15761,6,500.9799999999986,2,263.08000000000004,2opt,notBad
15762,6,500.9799999999986,2,263.08000000000004,swap,notBad
15763,6,500.9799999999986,2,263.08000000000004,2opt,improve
15764,6,500.9799999999986,2,263.08000000000004,swap,notBad
15765,6,500.9799999999986,2,263.08000000000004,2opt,notBad
15766,6,500.9799999999986,2,263.08000000000004,2opt,notBad
15767,6,500.9799999999986,2,263.08000000000004,move,improve
15768,6,500.9799999999986,2,263.08000000000004,2opt,notBad
15769,6,500.9799999999986,2,263.08000000000004,move,improve
15770,6,500.9799999999986,2,263.08000000000004,2opt,notBad
15771,6,500.9799999999986,2,263.08000000000004,move,improve
15772,6,500.9799999999986,2,263.08000000000004,move,improve
15773,6,500.9799999999986,2,263.08000000000004,swap,notBad
15774,6,500.9799999999986,2,263.08000000000004,2opt,improve
15775,6,500.9799999999986,2,263.08000000000004,move,improve
15776,6,500.9799999999986,2,263.08000000000004,swap,notBad
15777,6,500.9799999999986,2,263.08000000000004,2opt,notBad
15778,6,500.9799999999986,2,263.08000000000004,2opt,notBad
15779,6,500.9799999999986,2,263.08000000000004,move,improve
15780,6,500.9799999999986,2,263.08000000000004,move,improve
15781,6,500.9799999999986,2,263.08000000000004,2opt,notBad
15782,6,500.9799999999986,2,263.08000000000004,swap,notBad
15783,6,500.9799999999986,2,263.08000000000004,2opt,notBad
15784,6,500.9799999999986,2,263.08000000000004,swap,notBad
15785,6,500.9799999999986,2,263.08000000000004,swap,notBad
15786,6,500.9799999999986,2,263.08000000000004,swap,notBad
15787,6,500.9799999999986,2,263.08000000000004,move,improve
15788,6,500.9799999999986,2,263.08000000000004,swap,notBad
15789,6,500.9799999999986,2,263.08000000000004,swap,notBad
15790,6,500.9799999999986,2,263.08000000000004,swap,notBad
15791,6,500.9799999999986,2,263.08000000000004,move,improve
15792,6,500.9799999999986,2,263.08000000000004,move,improve
15793,6,500.9799999999986,2,263.08000000000004,move,improve
15794,6,500.9799999999986,2,263.08000000000004,swap,notBad
15795,6,500.9799999999986,2,263.08000000000004,swap,notBad
15796,6,500.9799999999986,2,263.08000000000004,move,improve
15797,6,500.9799999999986,2,263.08000000000004,2opt,notBad
15798,6,500.9799999999986,2,263.08000000000004,move,improve
15799,6,500.9799999999986,2,263.08000000000004,swap,notBad
15800,6,500.9799999999986,2,263.08000000000004,swap,notBad
15801,6,500.9799999999986,2,263.08000000000004,swap,notBad
15802,6,500.9799999999986,2,263.08000000000004,2opt,notBad
15803,6,500.9799999999986,2,263.08000000000004,2opt,notBad
15804,6,500.9799999999986,2,263.08000000000004,swap,notBad
15805,6,500.9799999999986,2,263.08000000000004,2opt,notBad
15806,6,500.9799999999986,2,263.08000000000004,move,improve
15807,6,500.9799999999986,2,263.08000000000004,2opt,notBad
15808,6,500.9799999999986,2,263.08000000000004,move,improve
15809,6,500.9799999999986,2,263.08000000000004,move,improve
15810,6,500.9799999999986,2,263.08000000000004,move,notBad
15811,6,500.9799999999986,2,263.08000000000004,move,improve
15812,6,500.9799999999986,2,263.08000000000004,swap,notBad
15813,6,500.9799999999986,2,263.08000000000004,2opt,notBad
15814,6,500.9799999999986,2,263.08000000000004,2opt,notBad
15815,6,500.9799999999986,2,263.08000000000004,2opt,notBad
15816,6,500.9799999999986,2,263.08000000000004,move,improve
15817,6,500.9799999999986,2,263.08000000000004,swap,notBad
15818,6,500.9799999999986,2,263.08000000000004,2opt,notBad
15819,6,500.9799999999986,2,263.08000000000004,move,improve
15820,6,500.9799999999986,2,263.08000000000004,2opt,notBad
15821,6,500.9799999999986,2,263.08000000000004,2opt,notBad
15822,6,500.9799999999986,2,263.08000000000004,2opt,notBad
15823,6,500.9799999999986,2,263.08000000000004,2opt,notBad
15824,6,500.9799999999986,2,263.08000000000004,swap,notBad
15825,6,500.9799999999986,2,263.08000000000004,move,improve
15826,6,500.9799999999986,2,263.08000000000004,2opt,notBad
15827,6,500.9799999999986,2,263.08000000000004,2opt,notBad
15828,6,500.9799999999986,2,263.08000000000004,move,improve
15829,6,500.9799999999986,2,263.08000000000004,2opt,notBad
15830,6,500.9799999999986,2,263.08000000000004,2opt,notBad
15831,6,500.9799999999986,2,263.08000000000004,move,improve
15832,6,500.9799999999986,2,263.08000000000004,2opt,notBad
15833,6,500.9799999999986,2,263.08000000000004,swap,notBad
15834,6,500.9799999999986,2,263.08000000000004,move,improve
15835,6,500.9799999999986,2,263.08000000000004,2opt,notBad
15836,6,500.9799999999986,2,263.08000000000004,move,improve
15837,6,500.9799999999986,2,263.08000000000004,2opt,notBad
15838,6,500.9799999999986,2,263.08000000000004,2opt,notBad
15839,6,500.9799999999986,2,263.08000000000004,2opt,notBad
15840,6,500.9799999999986,2,263.08000000000004,swap,notBad
15841,6,500.9799999999986,2,263.08000000000004,swap,notBad
15842,6,500.9799999999986,2,263.08000000000004,move,notBad
15843,6,500.9799999999986,2,263.08000000000004,move,improve
15844,6,500.9799999999986,2,263.08000000000004,2opt,notBad
15845,6,500.9799999999986,2,263.08000000000004,2opt,notBad
15846,6,500.9799999999986,2,263.08000000000004,swap,notBad
15847,6,500.9799999999986,2,263.08000000000004,move,improve
15848,6,500.9799999999986,2,263.08000000000004,2opt,notBad
15849,6,500.9799999999986,2,263.08000000000004,move,improve
15850,6,500.9799999999986,2,263.08000000000004,move,improve
15851,6,500.9799999999986,2,263.08000000000004,2opt,notBad
15852,6,500.9799999999986,2,263.08000000000004,swap,notBad
15853,6,500.9799999999986,2,263.08000000000004,swap,notBad
15854,6,500.9799999999986,2,263.08000000000004,swap,notBad
15855,6,500.9799999999986,2,263.08000000000004,swap,notBad
15856,6,500.9799999999986,2,263.08000000000004,move,improve
15857,6,500.9799999999986,2,263.08000000000004,2opt,notBad
15858,6,500.9799999999986,2,263.08000000000004,move,improve
15859,6,500.9799999999986,2,263.08000000000004,2opt,notBad
15860,6,500.9799999999986,2,263.08000000000004,move,improve
15861,6,500.9799999999986,2,263.08000000000004,move,improve
15862,6,500.9799999999986,2,263.08000000000004,2opt,notBad
15863,6,500.9799999999986,2,263.08000000000004,move,improve
15864,6,500.9799999999986,2,263.08000000000004,move,improve
15865,6,500.9799999999986,2,263.08000000000004,swap,notBad
15866,6,500.9799999999986,2,263.08000000000004,2opt,notBad
15867,6,500.9799999999986,2,263.08000000000004,swap,notBad
15868,6,500.9799999999986,2,263.08000000000004,move,improve
15869,6,500.9799999999986,2,263.08000000000004,2opt,notBad
15870,6,500.9799999999986,2,263.08000000000004,2opt,improve
15871,6,500.9799999999986,2,263.08000000000004,2opt,improve
15872,6,500.9799999999986,2,263.08000000000004,2opt,notBad
15873,6,500.9799999999986,2,263.08000000000004,swap,notBad
15874,6,500.9799999999986,2,263.08000000000004,2opt,notBad
15875,6,500.9799999999986,2,263.08000000000004,move,improve
15876,6,500.9799999999986,2,263.08000000000004,2opt,notBad
15877,6,500.9799999999986,2,263.08000000000004,move,improve
15878,6,500.9799999999986,2,263.08000000000004,2opt,notBad
15879,6,500.9799999999986,2,263.08000000000004,swap,notBad
15880,6,500.9799999999986,2,263.08000000000004,swap,notBad
15881,6,500.9799999999986,2,263.08000000000004,move,improve
15882,6,500.9799999999986,2,263.08000000000004,move,improve
15883,6,500.9799999999986,2,263.08000000000004,2opt,notBad
15884,6,500.9799999999986,2,263.08000000000004,swap,notBad
15885,6,500.9799999999986,2,263.08000000000004,move,improve
15886,6,500.9799999999986,2,263.08000000000004,move,improve
15887,6,500.9799999999986,2,263.08000000000004,2opt,improve
15888,6,500.9799999999986,2,263.08000000000004,swap,notBad
15889,6,500.9799999999986,2,263.08000000000004,move,improve
15890,6,500.9799999999986,2,263.08000000000004,2opt,notBad
15891,6,500.9799999999986,2,263.08000000000004,swap,notBad
15892,6,500.9799999999986,2,263.08000000000004,move,improve
15893,6,500.9799999999986,2,263.08000000000004,2opt,notBad
15894,6,500.9799999999986,2,263.08000000000004,2opt,improve
15895,6,500.9799999999986,2,263.08000000000004,move,improve
15896,6,500.9799999999986,2,263.08000000000004,2opt,notBad
15897,6,500.9799999999986,2,263.08000000000004,2opt,notBad
15898,6,500.9799999999986,2,263.08000000000004,2opt,notBad
15899,6,500.9799999999986,2,263.08000000000004,2opt,notBad
15900,6,500.9799999999986,2,263.08000000000004,swap,notBad
15901,6,500.9799999999986,2,263.08000000000004,2opt,improve
15902,6,500.9799999999986,2,263.08000000000004,move,improve
15903,6,500.9799999999986,2,263.08000000000004,swap,notBad
15904,6,500.9799999999986,2,263.08000000000004,2opt,notBad
15905,6,500.9799999999986,2,263.08000000000004,move,improve
15906,6,500.9799999999986,2,263.08000000000004,move,improve
15907,6,500.9799999999986,2,263.08000000000004,move,improve
15908,6,500.9799999999986,2,263.08000000000004,move,improve
15909,6,500.9799999999986,2,263.08000000000004,swap,notBad
15910,6,500.9799999999986,2,263.08000000000004,swap,notBad
15911,6,500.9799999999986,2,263.08000000000004,2opt,notBad
15912,6,500.9799999999986,2,263.08000000000004,2opt,notBad
15913,6,500.9799999999986,2,263.08000000000004,2opt,notBad
15914,6,500.9799999999986,2,263.08000000000004,2opt,notBad
15915,6,500.9799999999986,2,263.08000000000004,move,improve
15916,6,500.9799999999986,2,263.08000000000004,swap,notBad
15917,6,500.9799999999986,2,263.08000000000004,swap,notBad
15918,6,500.9799999999986,2,263.08000000000004,swap,notBad
15919,6,500.9799999999986,2,263.08000000000004,swap,notBad
15920,6,500.9799999999986,2,263.08000000000004,2opt,notBad
15921,6,500.9799999999986,2,263.08000000000004,swap,notBad
15922,6,500.9799999999986,2,263.08000000000004,move,improve
15923,6,500.9799999999986,2,263.08000000000004,swap,notBad
15924,6,500.9799999999986,2,263.08000000000004,2opt,notBad
15925,6,500.9799999999986,2,263.08000000000004,2opt,notBad
15926,6,500.9799999999986,2,263.08000000000004,swap,notBad
15927,6,500.9799999999986,2,263.08000000000004,move,improve
15928,6,500.9799999999986,2,263.08000000000004,swap,notBad
15929,6,500.9799999999986,2,263.08000000000004,move,improve
15930,6,500.9799999999986,2,263.08000000000004,2opt,notBad
15931,6,500.9799999999986,2,263.08000000000004,swap,notBad
15932,6,500.9799999999986,2,263.08000000000004,swap,notBad
15933,6,500.9799999999986,2,263.08000000000004,move,improve
15934,6,500.9799999999986,2,263.08000000000004,move,improve
15935,6,500.9799999999986,2,263.08000000000004,move,improve
15936,6,500.9799999999986,2,263.08000000000004,swap,notBad
15937,6,500.9799999999986,2,263.08000000000004,2opt,notBad
15938,6,500.9799999999986,2,263.08000000000004,move,improve
15939,6,500.9799999999986,2,263.08000000000004,2opt,notBad
15940,6,500.9799999999986,2,263.08000000000004,2opt,notBad
15941,6,500.9799999999986,2,263.08000000000004,swap,notBad
15942,6,500.9799999999986,2,263.08000000000004,2opt,notBad
15943,6,500.9799999999986,2,263.08000000000004,2opt,notBad
15944,6,500.9799999999986,2,263.08000000000004,2opt,notBad
15945,6,500.9799999999986,2,263.08000000000004,swap,notBad
15946,6,500.9799999999986,2,263.08000000000004,2opt,notBad
15947,6,500.9799999999986,2,263.08000000000004,swap,notBad
15948,6,500.9799999999986,2,263.08000000000004,swap,notBad
15949,6,500.9799999999986,2,263.08000000000004,2opt,notBad
15950,6,500.9799999999986,2,263.08000000000004,2opt,notBad
15951,6,500.9799999999986,2,263.08000000000004,2opt,notBad
15952,6,500.9799999999986,2,263.08000000000004,swap,notBad
15953,6,500.9799999999986,2,263.08000000000004,move,improve
15954,6,500.9799999999986,2,263.08000000000004,swap,notBad
15955,6,500.9799999999986,2,263.08000000000004,swap,notBad
15956,6,500.9799999999986,2,263.08000000000004,2opt,notBad
15957,6,500.9799999999986,2,263.08000000000004,move,improve
15958,6,500.9799999999986,2,263.08000000000004,swap,notBad
15959,6,500.9799999999986,2,263.08000000000004,move,improve
15960,6,500.9799999999986,2,263.08000000000004,swap,notBad
15961,6,500.9799999999986,2,263.08000000000004,swap,notBad
15962,6,500.9799999999986,2,263.08000000000004,swap,notBad
15963,6,500.9799999999986,2,263.08000000000004,move,improve
15964,6,500.9799999999986,2,263.08000000000004,move,improve
15965,6,500.9799999999986,2,263.08000000000004,swap,notBad
15966,6,500.9799999999986,2,263.08000000000004,swap,notBad
15967,6,500.9799999999986,2,263.08000000000004,swap,notBad
15968,6,500.9799999999986,2,263.08000000000004,swap,notBad
15969,6,500.9799999999986,2,263.08000000000004,2opt,improve
15970,6,500.9799999999986,2,263.08000000000004,move,improve
15971,6,500.9799999999986,2,263.08000000000004,move,improve
15972,6,500.9799999999986,2,263.08000000000004,2opt,improve
15973,6,500.9799999999986,2,263.08000000000004,move,improve
15974,6,500.9799999999986,2,263.08000000000004,move,improve
15975,6,500.9799999999986,2,263.08000000000004,move,improve
15976,6,500.9799999999986,2,263.08000000000004,2opt,notBad
15977,6,500.9799999999986,2,263.08000000000004,2opt,notBad
15978,6,500.9799999999986,2,263.08000000000004,swap,notBad
15979,6,500.9799999999986,2,263.08000000000004,2opt,notBad
15980,6,500.9799999999986,2,263.08000000000004,swap,notBad
15981,6,500.9799999999986,2,263.08000000000004,move,improve
15982,6,500.9799999999986,2,263.08000000000004,swap,notBad
15983,6,500.9799999999986,2,263.08000000000004,swap,notBad
15984,6,500.9799999999986,2,263.08000000000004,move,improve
15985,6,500.9799999999986,2,263.08000000000004,2opt,notBad
15986,6,500.9799999999986,2,263.08000000000004,move,improve
15987,6,500.9799999999986,2,263.08000000000004,move,improve
15988,6,500.9799999999986,2,263.08000000000004,move,improve
15989,6,500.9799999999986,2,263.08000000000004,move,improve
15990,6,500.9799999999986,2,263.08000000000004,swap,notBad
15991,6,500.9799999999986,2,263.08000000000004,swap,notBad
15992,6,500.9799999999986,2,263.08000000000004,2opt,notBad
15993,6,500.9799999999986,2,263.08000000000004,2opt,notBad
15994,6,500.9799999999986,2,263.08000000000004,swap,notBad
15995,6,500.9799999999986,2,263.08000000000004,swap,notBad
15996,6,500.9799999999986,2,263.08000000000004,swap,notBad
15997,6,500.9799999999986,2,263.08000000000004,2opt,notBad
15998,6,500.9799999999986,2,263.08000000000004,swap,notBad
15999,6,500.9799999999986,2,263.08000000000004,swap,notBad
16000,6,500.9799999999986,2,263.08000000000004,swap,notBad
16001,6,500.9799999999986,2,263.08000000000004,swap,notBad
16002,6,500.9799999999986,2,263.08000000000004,swap,notBad
16003,6,500.9799999999986,2,263.08000000000004,move,improve
16004,6,500.9799999999986,2,263.08000000000004,2opt,notBad
16005,6,500.9799999999986,2,263.08000000000004,move,notBad
16006,6,500.9799999999986,2,263.08000000000004,swap,notBad
16007,6,500.9799999999986,2,263.08000000000004,move,improve
16008,6,500.9799999999986,2,263.08000000000004,2opt,notBad
16009,6,500.9799999999986,2,263.08000000000004,2opt,notBad
16010,6,500.9799999999986,2,263.08000000000004,2opt,notBad
16011,6,500.9799999999986,2,263.08000000000004,swap,notBad
16012,6,500.9799999999986,2,263.08000000000004,move,improve
16013,6,500.9799999999986,2,263.08000000000004,2opt,notBad
16014,6,500.9799999999986,2,263.08000000000004,2opt,notBad
16015,6,500.9799999999986,2,263.08000000000004,swap,notBad
16016,6,500.9799999999986,2,263.08000000000004,swap,notBad
16017,6,500.9799999999986,2,263.08000000000004,2opt,improve
16018,6,500.9799999999986,2,263.08000000000004,swap,notBad
16019,6,500.9799999999986,2,263.08000000000004,swap,notBad
16020,6,500.9799999999986,2,263.08000000000004,move,improve
16021,6,500.9799999999986,2,263.08000000000004,swap,notBad
16022,6,500.9799999999986,2,263.08000000000004,2opt,notBad
16023,6,500.9799999999986,2,263.08000000000004,2opt,notBad
16024,6,500.9799999999986,2,263.08000000000004,swap,notBad
16025,6,500.9799999999986,2,263.08000000000004,swap,notBad
16026,6,500.9799999999986,2,263.08000000000004,swap,notBad
16027,6,500.9799999999986,2,263.08000000000004,move,improve
16028,6,500.9799999999986,2,263.08000000000004,move,improve
16029,6,500.9799999999986,2,263.08000000000004,swap,notBad
16030,6,500.9799999999986,2,263.08000000000004,move,improve
16031,6,500.9799999999986,2,263.08000000000004,move,improve
16032,6,500.9799999999986,2,263.08000000000004,move,improve
16033,6,500.9799999999986,2,263.08000000000004,move,improve
16034,6,500.9799999999986,2,263.08000000000004,move,improve
16035,6,500.9799999999986,2,263.08000000000004,2opt,notBad
16036,6,500.9799999999986,2,263.08000000000004,move,improve
16037,6,500.9799999999986,2,263.08000000000004,move,improve
16038,6,500.9799999999986,2,263.08000000000004,2opt,notBad
16039,6,500.9799999999986,2,263.08000000000004,move,improve
16040,6,500.9799999999986,2,263.08000000000004,swap,notBad
16041,6,500.9799999999986,2,263.08000000000004,move,improve
16042,6,500.9799999999986,2,263.08000000000004,move,improve
16043,6,500.9799999999986,2,263.08000000000004,move,improve
16044,6,500.9799999999986,2,263.08000000000004,2opt,notBad
16045,6,500.9799999999986,2,263.08000000000004,swap,notBad
16046,6,500.9799999999986,2,263.08000000000004,move,improve
16047,6,500.9799999999986,2,263.08000000000004,move,improve
16048,6,500.9799999999986,2,263.08000000000004,2opt,notBad
16049,6,500.9799999999986,2,263.08000000000004,move,notBad
16050,6,500.9799999999986,2,263.08000000000004,move,improve
16051,6,500.9799999999986,2,263.08000000000004,2opt,notBad
16052,6,500.9799999999986,2,263.08000000000004,swap,notBad
16053,6,500.9799999999986,2,263.08000000000004,swap,notBad
16054,6,500.9799999999986,2,263.08000000000004,move,improve
16055,6,500.9799999999986,2,263.08000000000004,2opt,notBad
16056,6,500.9799999999986,2,263.08000000000004,swap,notBad
16057,6,500.9799999999986,2,263.08000000000004,swap,notBad
16058,6,500.9799999999986,2,263.08000000000004,move,improve
16059,6,500.9799999999986,2,263.08000000000004,move,improve
16060,6,500.9799999999986,2,263.08000000000004,2opt,notBad
16061,6,500.9799999999986,2,263.08000000000004,move,improve
16062,6,500.9799999999986,2,263.08000000000004,swap,notBad
16063,6,500.9799999999986,2,263.08000000000004,move,improve
16064,6,500.9799999999986,2,263.08000000000004,move,improve
16065,6,500.9799999999986,2,263.08000000000004,2opt,notBad
16066,6,500.9799999999986,2,263.08000000000004,move,improve
16067,6,500.9799999999986,2,263.08000000000004,move,improve
16068,6,500.9799999999986,2,263.08000000000004,2opt,notBad
16069,6,500.9799999999986,2,263.08000000000004,move,improve
16070,6,501.0999999999986,2,263.08000000000004,swap,acceptBad
16071,6,501.0999999999986,2,263.08000000000004,move,improve
16072,6,501.0999999999986,2,263.08000000000004,move,improve
16073,6,501.0999999999986,2,263.08000000000004,move,improve
16074,6,501.0999999999986,2,263.08000000000004,move,improve
16075,6,501.0999999999986,2,263.08000000000004,swap,notBad
16076,6,501.0999999999986,2,263.08000000000004,2opt,notBad
16077,6,501.0999999999986,2,263.08000000000004,swap,notBad
16078,6,501.0999999999986,2,263.08000000000004,2opt,notBad
16079,6,501.0999999999986,2,263.08000000000004,move,improve
16080,6,501.0999999999986,2,263.08000000000004,move,improve
16081,6,501.0999999999986,2,263.08000000000004,swap,notBad
16082,6,501.0999999999986,2,263.08000000000004,2opt,notBad
16083,6,501.0999999999986,2,263.08000000000004,swap,notBad
16084,6,501.0999999999986,2,263.08000000000004,swap,notBad
16085,6,500.9799999999986,2,263.08000000000004,move,improve
16086,6,500.9799999999986,2,263.08000000000004,swap,notBad
16087,6,500.9799999999986,2,263.08000000000004,swap,notBad
16088,6,500.9799999999986,2,263.08000000000004,2opt,notBad
16089,6,500.9799999999986,2,263.08000000000004,swap,notBad
16090,6,500.9799999999986,2,263.08000000000004,2opt,notBad
16091,6,500.9799999999986,2,263.08000000000004,2opt,notBad
16092,6,500.9799999999986,2,263.08000000000004,2opt,notBad
16093,6,501.15999999999997,2,263.08000000000004,swap,acceptBad
16094,6,501.15999999999997,2,263.08000000000004,move,improve
16095,6,501.15999999999997,2,263.08000000000004,swap,notBad
16096,6,501.15999999999997,2,263.08000000000004,swap,notBad
16097,6,501.15999999999997,2,263.08000000000004,swap,notBad
16098,6,501.15999999999997,2,263.08000000000004,2opt,notBad
16099,6,501.15999999999997,2,263.08000000000004,swap,notBad
16100,6,501.15999999999997,2,263.08000000000004,move,improve
16101,6,501.15999999999997,2,263.08000000000004,swap,notBad
16102,6,501.15999999999997,2,263.08000000000004,move,improve
16103,6,501.15999999999997,2,263.08000000000004,move,improve
16104,6,501.15999999999997,2,263.08000000000004,2opt,notBad
16105,6,501.15999999999997,2,263.08000000000004,2opt,improve
16106,6,501.15999999999997,2,263.08000000000004,swap,notBad
16107,6,501.15999999999997,2,263.08000000000004,2opt,notBad
16108,6,501.15999999999997,2,263.08000000000004,2opt,notBad
16109,6,501.15999999999997,2,263.08000000000004,move,improve
16110,6,501.15999999999997,2,263.08000000000004,move,improve
16111,6,501.15999999999997,2,263.08000000000004,2opt,notBad
16112,6,501.15999999999997,2,263.08000000000004,2opt,notBad
16113,6,501.15999999999997,2,263.08000000000004,2opt,notBad
16114,6,501.15999999999997,2,263.08000000000004,move,improve
16115,6,501.15999999999997,2,263.08000000000004,2opt,notBad
16116,6,501.15999999999997,2,263.08000000000004,move,improve
16117,6,501.15999999999997,2,263.08000000000004,move,improve
16118,6,501.15999999999997,2,263.08000000000004,2opt,notBad
16119,6,501.15999999999997,2,263.08000000000004,2opt,notBad
16120,6,501.15999999999997,2,263.08000000000004,move,improve
16121,6,501.15999999999997,2,263.08000000000004,move,improve
16122,6,501.15999999999997,2,263.08000000000004,2opt,notBad
16123,6,501.15999999999997,2,263.08000000000004,2opt,notBad
16124,6,501.15999999999997,2,263.08000000000004,swap,notBad
16125,6,501.15999999999997,2,263.08000000000004,swap,notBad
16126,6,501.15999999999997,2,263.08000000000004,move,improve
16127,6,501.15999999999997,2,263.08000000000004,move,improve
16128,6,501.15999999999997,2,263.08000000000004,2opt,notBad
16129,6,501.15999999999997,2,263.08000000000004,2opt,notBad
16130,6,501.15999999999997,2,263.08000000000004,move,improve
16131,6,501.15999999999997,2,263.08000000000004,swap,notBad
16132,6,501.15999999999997,2,263.08000000000004,move,improve
16133,6,501.15999999999997,2,263.08000000000004,move,improve
16134,6,501.15999999999997,2,263.08000000000004,2opt,notBad
16135,6,501.15999999999997,2,263.08000000000004,2opt,notBad
16136,6,501.15999999999997,2,263.08000000000004,swap,notBad
16137,6,501.15999999999997,2,263.08000000000004,move,improve
16138,6,501.15999999999997,2,263.08000000000004,2opt,notBad
16139,6,501.15999999999997,2,263.08000000000004,move,improve
16140,6,501.15999999999997,2,263.08000000000004,swap,notBad
16141,6,501.15999999999997,2,263.08000000000004,swap,notBad
16142,6,501.15999999999997,2,263.08000000000004,move,improve
16143,6,501.15999999999997,2,263.08000000000004,2opt,notBad
16144,6,501.15999999999997,2,263.08000000000004,2opt,notBad
16145,6,501.15999999999997,2,263.08000000000004,move,improve
16146,6,501.15999999999997,2,263.08000000000004,swap,notBad
16147,6,501.15999999999997,2,263.08000000000004,move,improve
16148,6,501.15999999999997,2,263.08000000000004,move,improve
16149,6,501.15999999999997,2,263.08000000000004,swap,notBad
16150,6,501.15999999999997,2,263.08000000000004,2opt,notBad
16151,6,501.15999999999997,2,263.08000000000004,2opt,improve
16152,6,501.15999999999997,2,263.08000000000004,2opt,notBad
16153,6,501.15999999999997,2,263.08000000000004,swap,notBad
16154,6,501.15999999999997,2,263.08000000000004,2opt,notBad
16155,6,501.15999999999997,2,263.08000000000004,swap,notBad
16156,6,501.15999999999997,2,263.08000000000004,swap,notBad
16157,6,501.15999999999997,2,263.08000000000004,swap,notBad
16158,6,501.15999999999997,2,263.08000000000004,move,improve
16159,6,501.15999999999997,2,263.08000000000004,2opt,notBad
16160,6,501.15999999999997,2,263.08000000000004,swap,notBad
16161,6,501.15999999999997,2,263.08000000000004,swap,notBad
16162,6,501.15999999999997,2,263.08000000000004,2opt,notBad
16163,6,501.15999999999997,2,263.08000000000004,2opt,notBad
16164,6,501.15999999999997,2,263.08000000000004,2opt,notBad
16165,6,501.15999999999997,2,263.08000000000004,2opt,notBad
16166,6,501.15999999999997,2,263.08000000000004,move,improve
16167,6,501.15999999999997,2,263.08000000000004,move,improve
16168,6,501.15999999999997,2,263.08000000000004,2opt,notBad
16169,6,501.15999999999997,2,263.08000000000004,2opt,improve
16170,6,501.15999999999997,2,263.08000000000004,2opt,notBad
16171,6,501.15999999999997,2,263.08000000000004,swap,notBad
16172,6,501.15999999999997,2,263.08000000000004,2opt,notBad
16173,6,501.15999999999997,2,263.08000000000004,swap,notBad
16174,6,501.15999999999997,2,263.08000000000004,move,improve
16175,6,501.15999999999997,2,263.08000000000004,2opt,notBad
16176,6,501.15999999999997,2,263.08000000000004,move,improve
16177,6,501.15999999999997,2,263.08000000000004,move,improve
16178,6,501.15999999999997,2,263.08000000000004,swap,notBad
16179,6,501.15999999999997,2,263.08000000000004,swap,notBad
16180,6,501.15999999999997,2,263.08000000000004,move,improve
16181,6,501.15999999999997,2,263.08000000000004,swap,notBad
16182,6,501.15999999999997,2,263.08000000000004,2opt,notBad
16183,6,501.15999999999997,2,263.08000000000004,move,improve
16184,6,501.15999999999997,2,263.08000000000004,2opt,notBad
16185,6,501.15999999999997,2,263.08000000000004,swap,notBad
16186,6,501.15999999999997,2,263.08000000000004,2opt,improve
16187,6,501.15999999999997,2,263.08000000000004,move,improve
16188,6,501.15999999999997,2,263.08000000000004,move,improve
16189,6,501.15999999999997,2,263.08000000000004,swap,notBad
16190,6,501.15999999999997,2,263.08000000000004,move,improve
16191,6,501.15999999999997,2,263.08000000000004,move,improve
16192,6,501.15999999999997,2,263.08000000000004,move,improve
16193,6,501.15999999999997,2,263.08000000000004,move,improve
16194,6,501.15999999999997,2,263.08000000000004,2opt,notBad
16195,6,501.15999999999997,2,263.08000000000004,move,improve
16196,6,501.15999999999997,2,263.08000000000004,2opt,notBad
16197,6,501.15999999999997,2,263.08000000000004,move,improve
16198,6,501.15999999999997,2,263.08000000000004,move,notBad
16199,6,501.15999999999997,2,263.08000000000004,swap,notBad
16200,6,501.15999999999997,2,263.08000000000004,swap,notBad
16201,6,501.15999999999997,2,263.08000000000004,swap,notBad
16202,6,501.15999999999997,2,263.08000000000004,2opt,notBad
16203,6,501.15999999999997,2,263.08000000000004,2opt,notBad
16204,6,501.15999999999997,2,263.08000000000004,swap,notBad
16205,6,501.15999999999997,2,263.08000000000004,move,improve
16206,6,501.15999999999997,2,263.08000000000004,swap,notBad
16207,6,501.15999999999997,2,263.08000000000004,swap,notBad
16208,6,501.15999999999997,2,263.08000000000004,swap,notBad
16209,6,501.15999999999997,2,263.08000000000004,2opt,notBad
16210,6,501.15999999999997,2,263.08000000000004,swap,notBad
16211,6,501.15999999999997,2,263.08000000000004,2opt,notBad
16212,6,501.15999999999997,2,263.08000000000004,2opt,notBad
16213,6,501.15999999999997,2,263.08000000000004,swap,notBad
16214,6,501.15999999999997,2,263.08000000000004,move,improve
16215,6,501.15999999999997,2,263.08000000000004,swap,notBad
16216,6,501.15999999999997,2,263.08000000000004,2opt,notBad
16217,6,501.15999999999997,2,263.08000000000004,2opt,notBad
16218,6,501.15999999999997,2,263.08000000000004,swap,notBad
16219,6,501.15999999999997,2,263.08000000000004,2opt,notBad
16220,6,501.15999999999997,2,263.08000000000004,2opt,improve
16221,6,501.15999999999997,2,263.08000000000004,swap,notBad
16222,6,501.15999999999997,2,263.08000000000004,2opt,notBad
16223,6,501.15999999999997,2,263.08000000000004,2opt,notBad
16224,6,501.15999999999997,2,263.08000000000004,2opt,notBad
16225,6,501.15999999999997,2,263.08000000000004,2opt,notBad
16226,6,501.15999999999997,2,263.08000000000004,move,improve
16227,6,501.15999999999997,2,263.08000000000004,move,improve
16228,6,501.15999999999997,2,263.08000000000004,2opt,notBad
16229,6,501.15999999999997,2,263.08000000000004,move,improve
16230,6,501.15999999999997,2,263.08000000000004,swap,notBad
16231,6,501.15999999999997,2,263.08000000000004,move,improve
16232,6,501.15999999999997,2,263.08000000000004,swap,notBad
16233,6,501.15999999999997,2,263.08000000000004,move,improve
16234,6,501.15999999999997,2,263.08000000000004,move,improve
16235,6,501.15999999999997,2,263.08000000000004,2opt,notBad
16236,6,501.15999999999997,2,263.08000000000004,2opt,notBad
16237,6,501.15999999999997,2,263.08000000000004,2opt,notBad
16238,6,501.15999999999997,2,263.08000000000004,swap,notBad
16239,6,501.15999999999997,2,263.08000000000004,2opt,notBad
16240,6,501.15999999999997,2,263.08000000000004,2opt,notBad
16241,6,501.48,2,263.08000000000004,swap,acceptBad
16242,6,501.48,2,263.08000000000004,move,improve
16243,6,501.48,2,263.08000000000004,swap,notBad
16244,6,501.48,2,263.08000000000004,swap,notBad
16245,6,501.48,2,263.08000000000004,move,improve
16246,6,501.15999999999997,2,263.08000000000004,move,improve
16247,6,501.15999999999997,2,263.08000000000004,move,improve
16248,6,501.15999999999997,2,263.08000000000004,move,improve
16249,6,501.15999999999997,2,263.08000000000004,move,improve
16250,6,501.15999999999997,2,263.08000000000004,swap,notBad
16251,6,501.15999999999997,2,263.08000000000004,swap,notBad
16252,6,501.15999999999997,2,263.08000000000004,2opt,notBad
16253,6,501.15999999999997,2,263.08000000000004,move,improve
16254,6,501.15999999999997,2,263.08000000000004,2opt,notBad
16255,6,501.15999999999997,2,263.08000000000004,swap,notBad
16256,6,501.15999999999997,2,263.08000000000004,move,improve
16257,6,501.15999999999997,2,263.08000000000004,move,improve
16258,6,501.15999999999997,2,263.08000000000004,2opt,notBad
16259,6,501.15999999999997,2,263.08000000000004,move,improve
16260,6,501.15999999999997,2,263.08000000000004,2opt,notBad
16261,6,501.15999999999997,2,263.08000000000004,swap,notBad
16262,6,501.15999999999997,2,263.08000000000004,2opt,notBad
16263,6,501.15999999999997,2,263.08000000000004,move,improve
16264,6,501.15999999999997,2,263.08000000000004,2opt,notBad
16265,6,501.15999999999997,2,263.08000000000004,move,improve
16266,6,501.15999999999997,2,263.08000000000004,move,improve
16267,6,501.15999999999997,2,263.08000000000004,swap,notBad
16268,6,501.15999999999997,2,263.08000000000004,move,improve
16269,6,501.15999999999997,2,263.08000000000004,move,improve
16270,6,501.15999999999997,2,263.08000000000004,2opt,notBad
16271,6,501.15999999999997,2,263.08000000000004,2opt,improve
16272,6,501.15999999999997,2,263.08000000000004,move,improve
16273,6,501.15999999999997,2,263.08000000000004,swap,notBad
16274,6,501.15999999999997,2,263.08000000000004,swap,notBad
16275,6,501.15999999999997,2,263.08000000000004,swap,notBad
16276,6,501.15999999999997,2,263.08000000000004,move,improve
16277,6,501.15999999999997,2,263.08000000000004,2opt,notBad
16278,6,501.15999999999997,2,263.08000000000004,2opt,notBad
16279,6,501.15999999999997,2,263.08000000000004,2opt,notBad
16280,6,501.15999999999997,2,263.08000000000004,swap,notBad
16281,6,501.15999999999997,2,263.08000000000004,move,improve
16282,6,501.15999999999997,2,263.08000000000004,2opt,notBad
16283,6,501.15999999999997,2,263.08000000000004,move,improve
16284,6,501.15999999999997,2,263.08000000000004,swap,notBad
16285,6,501.15999999999997,2,263.08000000000004,swap,notBad
16286,6,501.15999999999997,2,263.08000000000004,2opt,notBad
16287,6,501.15999999999997,2,263.08000000000004,swap,notBad
16288,6,501.15999999999997,2,263.08000000000004,2opt,notBad
16289,6,501.15999999999997,2,263.08000000000004,swap,notBad
16290,6,501.15999999999997,2,263.08000000000004,2opt,notBad
16291,6,501.15999999999997,2,263.08000000000004,swap,notBad
16292,6,501.15999999999997,2,263.08000000000004,swap,notBad
16293,6,501.15999999999997,2,263.08000000000004,2opt,notBad
16294,6,501.15999999999997,2,263.08000000000004,2opt,notBad
16295,6,501.15999999999997,2,263.08000000000004,2opt,notBad
16296,6,501.15999999999997,2,263.08000000000004,swap,notBad
16297,6,501.15999999999997,2,263.08000000000004,2opt,notBad
16298,6,501.15999999999997,2,263.08000000000004,move,improve
16299,6,501.15999999999997,2,263.08000000000004,swap,notBad
16300,6,501.15999999999997,2,263.08000000000004,move,notBad
16301,6,501.15999999999997,2,263.08000000000004,swap,notBad
16302,6,501.15999999999997,2,263.08000000000004,2opt,notBad
16303,6,501.15999999999997,2,263.08000000000004,swap,notBad
16304,6,501.15999999999997,2,263.08000000000004,move,improve
16305,6,501.15999999999997,2,263.08000000000004,2opt,notBad
16306,6,501.15999999999997,2,263.08000000000004,swap,notBad
16307,6,501.15999999999997,2,263.08000000000004,2opt,notBad
16308,6,501.15999999999997,2,263.08000000000004,2opt,notBad
16309,6,501.15999999999997,2,263.08000000000004,2opt,notBad
16310,6,501.15999999999997,2,263.08000000000004,2opt,notBad
16311,6,501.15999999999997,2,263.08000000000004,move,improve
16312,6,501.15999999999997,2,263.08000000000004,2opt,notBad
16313,6,501.15999999999997,2,263.08000000000004,swap,notBad
16314,6,501.15999999999997,2,263.08000000000004,swap,notBad
16315,6,501.15999999999997,2,263.08000000000004,2opt,notBad
16316,6,501.15999999999997,2,263.08000000000004,2opt,notBad
16317,6,501.15999999999997,2,263.08000000000004,swap,notBad
16318,6,501.15999999999997,2,263.08000000000004,2opt,notBad
16319,6,501.15999999999997,2,263.08000000000004,swap,notBad
16320,6,501.15999999999997,2,263.08000000000004,move,improve
16321,6,501.15999999999997,2,263.08000000000004,2opt,notBad
16322,6,501.15999999999997,2,263.08000000000004,move,improve
16323,6,501.15999999999997,2,263.08000000000004,move,improve
16324,6,501.15999999999997,2,263.08000000000004,move,improve
16325,6,501.15999999999997,2,263.08000000000004,move,improve
16326,6,501.15999999999997,2,263.08000000000004,2opt,notBad
16327,6,501.15999999999997,2,263.08000000000004,move,improve
16328,6,501.15999999999997,2,263.08000000000004,swap,notBad
16329,6,501.15999999999997,2,263.08000000000004,move,improve
16330,6,501.15999999999997,2,263.08000000000004,2opt,notBad
16331,6,501.15999999999997,2,263.08000000000004,move,improve
16332,6,501.15999999999997,2,263.08000000000004,2opt,notBad
16333,6,501.15999999999997,2,263.08000000000004,move,improve
16334,6,501.15999999999997,2,263.08000000000004,swap,notBad
16335,6,501.15999999999997,2,263.08000000000004,2opt,notBad
16336,6,501.15999999999997,2,263.08000000000004,2opt,notBad
16337,6,501.15999999999997,2,263.08000000000004,2opt,notBad
16338,6,501.15999999999997,2,263.08000000000004,swap,notBad
16339,6,501.15999999999997,2,263.08000000000004,move,improve
16340,6,501.15999999999997,2,263.08000000000004,swap,notBad
16341,6,501.15999999999997,2,263.08000000000004,2opt,notBad
16342,6,501.15999999999997,2,263.08000000000004,2opt,notBad
16343,6,501.15999999999997,2,263.08000000000004,2opt,notBad
16344,6,501.15999999999997,2,263.08000000000004,move,improve
16345,6,501.15999999999997,2,263.08000000000004,move,improve
16346,6,501.15999999999997,2,263.08000000000004,move,improve
16347,6,501.28,2,263.08000000000004,swap,acceptBad
16348,6,501.28,2,263.08000000000004,swap,notBad
16349,6,501.28,2,263.08000000000004,swap,notBad
16350,6,501.28,2,263.08000000000004,swap,notBad
16351,6,501.28,2,263.08000000000004,2opt,notBad
16352,6,501.28,2,263.08000000000004,swap,notBad
16353,6,501.28,2,263.08000000000004,move,improve
16354,6,501.28,2,263.08000000000004,2opt,notBad
16355,6,501.28,2,263.08000000000004,2opt,notBad
16356,6,501.28,2,263.08000000000004,swap,notBad
16357,6,501.28,2,263.08000000000004,2opt,notBad
16358,6,501.28,2,263.08000000000004,move,improve
16359,6,501.28,2,263.08000000000004,2opt,notBad
16360,6,501.28,2,263.08000000000004,2opt,notBad
16361,6,501.28,2,263.08000000000004,swap,notBad
16362,6,501.28,2,263.08000000000004,2opt,notBad
16363,6,501.28,2,263.08000000000004,swap,notBad
16364,6,501.28,2,263.08000000000004,move,improve
16365,6,501.28,2,263.08000000000004,swap,notBad
16366,6,501.09999999999854,2,263.08000000000004,2opt,improve
16367,6,501.09999999999854,2,263.08000000000004,move,improve
16368,6,501.09999999999854,2,263.08000000000004,swap,notBad
16369,6,501.09999999999854,2,263.08000000000004,move,improve
16370,6,501.09999999999854,2,263.08000000000004,swap,notBad
16371,6,501.09999999999854,2,263.08000000000004,2opt,notBad
16372,6,501.09999999999854,2,263.08000000000004,move,improve
16373,6,501.09999999999854,2,263.08000000000004,move,improve
16374,6,501.09999999999854,2,263.08000000000004,2opt,notBad
16375,6,501.09999999999854,2,263.08000000000004,move,improve
16376,6,501.09999999999854,2,263.08000000000004,move,improve
16377,6,501.09999999999854,2,263.08000000000004,2opt,notBad
16378,6,501.09999999999854,2,263.08000000000004,move,improve
16379,6,501.09999999999854,2,263.08000000000004,2opt,notBad
16380,6,501.09999999999854,2,263.08000000000004,move,improve
16381,6,501.09999999999854,2,263.08000000000004,swap,notBad
16382,6,501.09999999999854,2,263.08000000000004,swap,notBad
16383,6,501.09999999999854,2,263.08000000000004,2opt,notBad
16384,6,501.09999999999854,2,263.08000000000004,swap,notBad
16385,6,501.09999999999854,2,263.08000000000004,move,improve
16386,6,501.09999999999854,2,263.08000000000004,move,improve
16387,6,501.09999999999854,2,263.08000000000004,swap,notBad
16388,6,501.09999999999854,2,263.08000000000004,2opt,notBad
16389,6,500.9799999999986,2,263.08000000000004,move,improve
16390,6,500.9799999999986,2,263.08000000000004,swap,notBad
16391,6,500.9799999999986,2,263.08000000000004,2opt,notBad
16392,6,500.9799999999986,2,263.08000000000004,swap,notBad
16393,6,500.9799999999986,2,263.08000000000004,2opt,notBad
16394,6,500.9799999999986,2,263.08000000000004,2opt,notBad
16395,6,500.9799999999986,2,263.08000000000004,move,improve
16396,6,500.9799999999986,2,263.08000000000004,2opt,notBad
16397,6,500.9799999999986,2,263.08000000000004,swap,notBad
16398,6,500.9799999999986,2,263.08000000000004,2opt,notBad
16399,6,500.9799999999986,2,263.08000000000004,swap,notBad
16400,6,500.9799999999986,2,263.08000000000004,2opt,notBad
16401,6,500.9799999999986,2,263.08000000000004,swap,notBad
16402,6,500.9799999999986,2,263.08000000000004,move,improve
16403,6,500.9799999999986,2,263.08000000000004,move,improve
16404,6,500.9799999999986,2,263.08000000000004,swap,notBad
16405,6,500.9799999999986,2,263.08000000000004,move,improve
16406,6,500.9799999999986,2,263.08000000000004,2opt,notBad
16407,6,500.9799999999986,2,263.08000000000004,move,improve
16408,6,500.9799999999986,2,263.08000000000004,move,improve
16409,6,500.9799999999986,2,263.08000000000004,move,improve
16410,6,500.9799999999986,2,263.08000000000004,move,improve
16411,6,500.9799999999986,2,263.08000000000004,2opt,notBad
16412,6,500.9799999999986,2,263.08000000000004,move,improve
16413,6,500.9799999999986,2,263.08000000000004,swap,notBad
16414,6,500.9799999999986,2,263.08000000000004,move,improve
16415,6,500.9799999999986,2,263.08000000000004,2opt,notBad
16416,6,500.9799999999986,2,263.08000000000004,2opt,notBad
16417,6,500.9799999999986,2,263.08000000000004,move,improve
16418,6,500.9799999999986,2,263.08000000000004,swap,notBad
16419,6,500.9799999999986,2,263.08000000000004,2opt,notBad
16420,6,500.9799999999986,2,263.08000000000004,2opt,notBad
16421,6,500.9799999999986,2,263.08000000000004,move,improve
16422,6,500.9799999999986,2,263.08000000000004,move,improve
16423,6,500.9799999999986,2,263.08000000000004,2opt,notBad
16424,6,500.9799999999986,2,263.08000000000004,move,improve
16425,6,500.9799999999986,2,263.08000000000004,swap,notBad
16426,6,500.9799999999986,2,263.08000000000004,2opt,notBad
16427,6,500.9799999999986,2,263.08000000000004,swap,notBad
16428,6,500.9799999999986,2,263.08000000000004,2opt,notBad
16429,6,500.9799999999986,2,263.08000000000004,2opt,notBad
16430,6,500.9799999999986,2,263.08000000000004,move,improve
16431,6,500.9799999999986,2,263.08000000000004,2opt,improve
16432,6,500.9799999999986,2,263.08000000000004,swap,notBad
16433,6,500.9799999999986,2,263.08000000000004,swap,notBad
16434,6,500.9799999999986,2,263.08000000000004,2opt,notBad
16435,6,500.9799999999986,2,263.08000000000004,swap,notBad
16436,6,500.9799999999986,2,263.08000000000004,move,improve
16437,6,500.9799999999986,2,263.08000000000004,swap,notBad
16438,6,500.9799999999986,2,263.08000000000004,swap,notBad
16439,6,500.9799999999986,2,263.08000000000004,2opt,notBad
16440,6,500.9799999999986,2,263.08000000000004,move,improve
16441,6,500.9799999999986,2,263.08000000000004,move,improve
16442,6,500.9799999999986,2,263.08000000000004,swap,notBad
16443,6,500.9799999999986,2,263.08000000000004,swap,notBad
16444,6,500.9799999999986,2,263.08000000000004,move,improve
16445,6,500.9799999999986,2,263.08000000000004,swap,notBad
16446,6,500.9799999999986,2,263.08000000000004,swap,notBad
16447,6,500.9799999999986,2,263.08000000000004,swap,notBad
16448,6,500.9799999999986,2,263.08000000000004,swap,notBad
16449,6,500.9799999999986,2,263.08000000000004,swap,notBad
16450,6,500.9799999999986,2,263.08000000000004,move,improve
16451,6,500.9799999999986,2,263.08000000000004,2opt,notBad
16452,6,500.9799999999986,2,263.08000000000004,move,improve
16453,6,500.9799999999986,2,263.08000000000004,move,improve
16454,6,500.9799999999986,2,263.08000000000004,swap,notBad
16455,6,500.9799999999986,2,263.08000000000004,2opt,notBad
16456,6,500.9799999999986,2,263.08000000000004,move,improve
16457,6,500.9799999999986,2,263.08000000000004,move,improve
16458,6,500.9799999999986,2,263.08000000000004,move,improve
16459,6,500.9799999999986,2,263.08000000000004,swap,notBad
16460,6,500.9799999999986,2,263.08000000000004,swap,notBad
16461,6,500.9799999999986,2,263.08000000000004,move,improve
16462,6,500.9799999999986,2,263.08000000000004,swap,notBad
16463,6,500.9799999999986,2,263.08000000000004,move,notBad
16464,6,500.9799999999986,2,263.08000000000004,move,improve
16465,6,500.9799999999986,2,263.08000000000004,2opt,notBad
16466,6,500.9799999999986,2,263.08000000000004,swap,notBad
16467,6,500.9799999999986,2,263.08000000000004,move,improve
16468,6,500.9799999999986,2,263.08000000000004,swap,notBad
16469,6,500.9799999999986,2,263.08000000000004,2opt,notBad
16470,6,500.9799999999986,2,263.08000000000004,swap,notBad
16471,6,500.9799999999986,2,263.08000000000004,2opt,notBad
16472,6,500.9799999999986,2,263.08000000000004,swap,notBad
16473,6,500.9799999999986,2,263.08000000000004,swap,notBad
16474,6,500.9799999999986,2,263.08000000000004,2opt,notBad
16475,6,500.9799999999986,2,263.08000000000004,2opt,notBad
16476,6,500.9799999999986,2,263.08000000000004,swap,notBad
16477,6,500.9799999999986,2,263.08000000000004,move,improve
16478,6,500.9799999999986,2,263.08000000000004,swap,notBad
16479,6,500.9799999999986,2,263.08000000000004,swap,notBad
16480,6,500.9799999999986,2,263.08000000000004,2opt,notBad
16481,6,500.9799999999986,2,263.08000000000004,swap,notBad
16482,6,500.9799999999986,2,263.08000000000004,move,improve
16483,6,500.9799999999986,2,263.08000000000004,2opt,notBad
16484,6,500.9799999999986,2,263.08000000000004,2opt,improve
16485,6,500.9799999999986,2,263.08000000000004,swap,notBad
16486,6,500.9799999999986,2,263.08000000000004,move,improve
16487,6,500.9799999999986,2,263.08000000000004,swap,notBad
16488,6,500.9799999999986,2,263.08000000000004,move,improve
16489,6,500.9799999999986,2,263.08000000000004,2opt,improve
16490,6,500.9799999999986,2,263.08000000000004,2opt,notBad
16491,6,500.9799999999986,2,263.08000000000004,2opt,notBad
16492,6,500.9799999999986,2,263.08000000000004,swap,notBad
16493,6,500.9799999999986,2,263.08000000000004,swap,notBad
16494,6,500.9799999999986,2,263.08000000000004,swap,notBad
16495,6,500.9799999999986,2,263.08000000000004,swap,notBad
16496,6,500.9799999999986,2,263.08000000000004,move,improve
16497,6,500.9799999999986,2,263.08000000000004,swap,notBad
16498,6,500.9799999999986,2,263.08000000000004,2opt,notBad
16499,6,500.9799999999986,2,263.08000000000004,move,improve
16500,6,500.9799999999986,2,263.08000000000004,swap,notBad
16501,6,500.9799999999986,2,263.08000000000004,swap,notBad
16502,6,500.9799999999986,2,263.08000000000004,move,improve
16503,6,500.9799999999986,2,263.08000000000004,move,improve
16504,6,500.9799999999986,2,263.08000000000004,swap,notBad
16505,6,500.9799999999986,2,263.08000000000004,swap,notBad
16506,6,500.9799999999986,2,263.08000000000004,2opt,notBad
16507,6,500.9799999999986,2,263.08000000000004,swap,notBad
16508,6,500.9799999999986,2,263.08000000000004,2opt,notBad
16509,6,500.9799999999986,2,263.08000000000004,swap,notBad
16510,6,500.9799999999986,2,263.08000000000004,2opt,notBad
16511,6,500.9799999999986,2,263.08000000000004,move,improve
16512,6,500.9799999999986,2,263.08000000000004,move,improve
16513,6,500.9799999999986,2,263.08000000000004,move,improve
16514,6,500.9799999999986,2,263.08000000000004,2opt,notBad
16515,6,500.9799999999986,2,263.08000000000004,move,improve
16516,6,500.9799999999986,2,263.08000000000004,2opt,notBad
16517,6,500.9799999999986,2,263.08000000000004,2opt,notBad
16518,6,500.9799999999986,2,263.08000000000004,swap,notBad
16519,6,500.9799999999986,2,263.08000000000004,move,improve
16520,6,500.9799999999986,2,263.08000000000004,2opt,notBad
16521,6,500.9799999999986,2,263.08000000000004,move,improve
16522,6,500.9799999999986,2,263.08000000000004,2opt,notBad
16523,6,500.9799999999986,2,263.08000000000004,swap,notBad
16524,6,500.9799999999986,2,263.08000000000004,2opt,notBad
16525,6,500.9799999999986,2,263.08000000000004,2opt,notBad
16526,6,500.9799999999986,2,263.08000000000004,move,improve
16527,6,500.9799999999986,2,263.08000000000004,2opt,notBad
16528,6,500.9799999999986,2,263.08000000000004,move,improve
16529,6,500.9799999999986,2,263.08000000000004,move,improve
16530,6,500.9799999999986,2,263.08000000000004,move,improve
16531,6,500.9799999999986,2,263.08000000000004,move,improve
16532,6,500.9799999999986,2,263.08000000000004,move,improve
16533,6,500.9799999999986,2,263.08000000000004,move,improve
16534,6,500.9799999999986,2,263.08000000000004,move,improve
16535,6,500.9799999999986,2,263.08000000000004,move,improve
16536,6,500.9799999999986,2,263.08000000000004,swap,notBad
16537,6,500.9799999999986,2,263.08000000000004,move,improve
16538,6,500.9799999999986,2,263.08000000000004,swap,notBad
16539,6,500.9799999999986,2,263.08000000000004,move,improve
16540,6,500.9799999999986,2,263.08000000000004,move,improve
16541,6,500.9799999999986,2,263.08000000000004,swap,notBad
16542,6,500.9799999999986,2,263.08000000000004,move,improve
16543,6,500.9799999999986,2,263.08000000000004,move,improve
16544,6,500.9799999999986,2,263.08000000000004,move,improve
16545,6,500.9799999999986,2,263.08000000000004,move,improve
16546,6,500.9799999999986,2,263.08000000000004,2opt,notBad
16547,6,500.9799999999986,2,263.08000000000004,swap,notBad
16548,6,500.9799999999986,2,263.08000000000004,2opt,notBad
16549,6,500.9799999999986,2,263.08000000000004,swap,notBad
16550,6,500.9799999999986,2,263.08000000000004,2opt,notBad
16551,6,500.9799999999986,2,263.08000000000004,swap,notBad
16552,6,500.9799999999986,2,263.08000000000004,2opt,notBad
16553,6,500.9799999999986,2,263.08000000000004,move,improve
16554,6,500.9799999999986,2,263.08000000000004,move,improve
16555,6,500.9799999999986,2,263.08000000000004,swap,notBad
16556,6,500.9799999999986,2,263.08000000000004,swap,notBad
16557,6,500.9799999999986,2,263.08000000000004,2opt,notBad
16558,6,500.9799999999986,2,263.08000000000004,move,improve
16559,6,500.9799999999986,2,263.08000000000004,swap,notBad
16560,6,500.9799999999986,2,263.08000000000004,move,improve
16561,6,500.9799999999986,2,263.08000000000004,2opt,notBad
16562,6,500.9799999999986,2,263.08000000000004,swap,notBad
16563,6,500.9799999999986,2,263.08000000000004,move,improve
16564,6,500.9799999999986,2,263.08000000000004,2opt,notBad
16565,6,500.9799999999986,2,263.08000000000004,swap,notBad
16566,6,500.9799999999986,2,263.08000000000004,swap,notBad
16567,6,500.9799999999986,2,263.08000000000004,move,improve
16568,6,500.9799999999986,2,263.08000000000004,swap,notBad
16569,6,500.9799999999986,2,263.08000000000004,2opt,notBad
16570,6,500.9799999999986,2,263.08000000000004,move,improve
16571,6,500.9799999999986,2,263.08000000000004,2opt,notBad
16572,6,500.9799999999986,2,263.08000000000004,swap,notBad
16573,6,500.9799999999986,2,263.08000000000004,2opt,notBad
16574,6,500.9799999999986,2,263.08000000000004,swap,notBad
16575,6,500.9799999999986,2,263.08000000000004,2opt,notBad
16576,6,500.9799999999986,2,263.08000000000004,swap,notBad
16577,6,500.9799999999986,2,263.08000000000004,2opt,notBad
16578,6,500.9799999999986,2,263.08000000000004,swap,notBad
16579,6,500.9799999999986,2,263.08000000000004,move,improve
16580,6,500.9799999999986,2,263.08000000000004,swap,notBad
16581,6,500.9799999999986,2,263.08000000000004,2opt,notBad
16582,6,500.9799999999986,2,263.08000000000004,move,improve
16583,6,500.9799999999986,2,263.08000000000004,move,improve
16584,6,500.9799999999986,2,263.08000000000004,move,improve
16585,6,500.9799999999986,2,263.08000000000004,swap,notBad
16586,6,500.9799999999986,2,263.08000000000004,swap,notBad
16587,6,500.9799999999986,2,263.08000000000004,2opt,notBad
16588,6,500.9799999999986,2,263.08000000000004,move,improve
16589,6,500.9799999999986,2,263.08000000000004,move,improve
16590,6,500.9799999999986,2,263.08000000000004,swap,notBad
16591,6,500.9799999999986,2,263.08000000000004,swap,notBad
16592,6,500.9799999999986,2,263.08000000000004,2opt,notBad
16593,6,500.9799999999986,2,263.08000000000004,move,improve
16594,6,500.9799999999986,2,263.08000000000004,2opt,notBad
16595,6,500.9799999999986,2,263.08000000000004,move,improve
16596,6,500.9799999999986,2,263.08000000000004,move,improve
16597,6,500.9799999999986,2,263.08000000000004,swap,notBad
16598,6,500.9799999999986,2,263.08000000000004,2opt,notBad
16599,6,500.9799999999986,2,263.08000000000004,2opt,notBad
16600,6,500.9799999999986,2,263.08000000000004,swap,notBad
16601,6,500.9799999999986,2,263.08000000000004,2opt,notBad
16602,6,500.9799999999986,2,263.08000000000004,move,improve
16603,6,500.9799999999986,2,263.08000000000004,move,improve
16604,6,500.9799999999986,2,263.08000000000004,move,notBad
16605,6,500.9799999999986,2,263.08000000000004,2opt,improve
16606,6,500.9799999999986,2,263.08000000000004,2opt,notBad
16607,6,500.9799999999986,2,263.08000000000004,move,improve
16608,6,500.9799999999986,2,263.08000000000004,2opt,notBad
16609,6,500.9799999999986,2,263.08000000000004,swap,notBad
16610,6,500.9799999999986,2,263.08000000000004,move,improve
16611,6,500.9799999999986,2,263.08000000000004,move,improve
16612,6,500.9799999999986,2,263.08000000000004,swap,notBad
16613,6,500.9799999999986,2,263.08000000000004,2opt,notBad
16614,6,500.9799999999986,2,263.08000000000004,swap,notBad
16615,6,500.9799999999986,2,263.08000000000004,move,improve
16616,6,500.9799999999986,2,263.08000000000004,move,improve
16617,6,500.9799999999986,2,263.08000000000004,move,improve
16618,6,500.9799999999986,2,263.08000000000004,2opt,notBad
16619,6,500.9799999999986,2,263.08000000000004,move,improve
16620,6,500.9799999999986,2,263.08000000000004,2opt,notBad
16621,6,500.9799999999986,2,263.08000000000004,swap,notBad
16622,6,500.9799999999986,2,263.08000000000004,2opt,notBad
16623,6,500.9799999999986,2,263.08000000000004,2opt,notBad
16624,6,500.9799999999986,2,263.08000000000004,move,improve
16625,6,500.9799999999986,2,263.08000000000004,2opt,notBad
16626,6,500.9799999999986,2,263.08000000000004,2opt,improve
16627,6,500.9799999999986,2,263.08000000000004,swap,notBad
16628,6,500.9799999999986,2,263.08000000000004,2opt,notBad
16629,6,500.9799999999986,2,263.08000000000004,swap,notBad
16630,6,500.9799999999986,2,263.08000000000004,swap,notBad
16631,6,500.9799999999986,2,263.08000000000004,2opt,notBad
16632,6,500.9799999999986,2,263.08000000000004,2opt,notBad
16633,6,500.9799999999986,2,263.08000000000004,2opt,notBad
16634,6,500.9799999999986,2,263.08000000000004,2opt,notBad
16635,6,500.9799999999986,2,263.08000000000004,swap,notBad
16636,6,500.9799999999986,2,263.08000000000004,move,improve
16637,6,500.9799999999986,2,263.08000000000004,2opt,notBad
16638,6,500.9799999999986,2,263.08000000000004,2opt,notBad
16639,6,500.9799999999986,2,263.08000000000004,swap,notBad
16640,6,500.9799999999986,2,263.08000000000004,swap,notBad
16641,6,500.9799999999986,2,263.08000000000004,swap,notBad
16642,6,500.9799999999986,2,263.08000000000004,swap,notBad
16643,6,500.9799999999986,2,263.08000000000004,move,notBad
16644,6,500.9799999999986,2,263.08000000000004,2opt,improve
16645,6,500.9799999999986,2,263.08000000000004,swap,notBad
16646,6,500.9799999999986,2,263.08000000000004,swap,notBad
16647,6,500.9799999999986,2,263.08000000000004,2opt,notBad
16648,6,500.9799999999986,2,263.08000000000004,2opt,notBad
16649,6,500.9799999999986,2,263.08000000000004,swap,notBad
16650,6,500.9799999999986,2,263.08000000000004,2opt,notBad
16651,6,500.9799999999986,2,263.08000000000004,move,improve
16652,6,500.9799999999986,2,263.08000000000004,2opt,notBad
16653,6,500.9799999999986,2,263.08000000000004,2opt,notBad
16654,6,500.9799999999986,2,263.08000000000004,swap,notBad
16655,6,500.9799999999986,2,263.08000000000004,2opt,notBad
16656,6,500.9799999999986,2,263.08000000000004,move,improve
16657,6,500.9799999999986,2,263.08000000000004,swap,notBad
16658,6,500.9799999999986,2,263.08000000000004,move,improve
16659,6,500.9799999999986,2,263.08000000000004,move,improve
16660,6,500.9799999999986,2,263.08000000000004,move,improve
16661,6,500.9799999999986,2,263.08000000000004,swap,notBad
16662,6,500.9799999999986,2,263.08000000000004,move,improve
16663,6,500.9799999999986,2,263.08000000000004,move,improve
16664,6,500.9799999999986,2,263.08000000000004,move,improve
16665,6,500.9799999999986,2,263.08000000000004,2opt,notBad
16666,6,500.9799999999986,2,263.08000000000004,swap,notBad
16667,6,500.9799999999986,2,263.08000000000004,move,improve
16668,6,500.9799999999986,2,263.08000000000004,swap,notBad
16669,6,500.9799999999986,2,263.08000000000004,2opt,notBad
16670,6,500.9799999999986,2,263.08000000000004,2opt,notBad
16671,6,500.9799999999986,2,263.08000000000004,swap,notBad
16672,6,500.9799999999986,2,263.08000000000004,2opt,notBad
16673,6,500.9799999999986,2,263.08000000000004,move,notBad
16674,6,500.9799999999986,2,263.08000000000004,swap,notBad
16675,6,500.9799999999986,2,263.08000000000004,2opt,notBad
16676,6,500.9799999999986,2,263.08000000000004,2opt,notBad
16677,6,500.9799999999986,2,263.08000000000004,move,improve
16678,6,500.9799999999986,2,263.08000000000004,move,improve
16679,6,500.9799999999986,2,263.08000000000004,2opt,notBad
16680,6,500.9799999999986,2,263.08000000000004,2opt,notBad
16681,6,500.9799999999986,2,263.08000000000004,2opt,notBad
16682,6,500.9799999999986,2,263.08000000000004,move,improve
16683,6,500.9799999999986,2,263.08000000000004,2opt,notBad
16684,6,500.9799999999986,2,263.08000000000004,move,improve
16685,6,500.9799999999986,2,263.08000000000004,2opt,notBad
16686,6,500.9799999999986,2,263.08000000000004,move,improve
16687,6,500.9799999999986,2,263.08000000000004,swap,notBad
16688,6,500.9799999999986,2,263.08000000000004,swap,notBad
16689,6,500.9799999999986,2,263.08000000000004,2opt,notBad
16690,6,500.9799999999986,2,263.08000000000004,swap,notBad
16691,6,500.9799999999986,2,263.08000000000004,swap,notBad
16692,6,500.9799999999986,2,263.08000000000004,2opt,notBad
16693,6,500.9799999999986,2,263.08000000000004,move,improve
16694,6,500.9799999999986,2,263.08000000000004,move,improve
16695,6,500.9799999999986,2,263.08000000000004,2opt,notBad
16696,6,500.9799999999986,2,263.08000000000004,swap,notBad
16697,6,500.9799999999986,2,263.08000000000004,swap,notBad
16698,6,500.9799999999986,2,263.08000000000004,move,improve
16699,6,500.9799999999986,2,263.08000000000004,move,improve
16700,6,500.9799999999986,2,263.08000000000004,2opt,notBad
16701,6,500.9799999999986,2,263.08000000000004,swap,notBad
16702,6,500.9799999999986,2,263.08000000000004,move,improve
16703,6,500.9799999999986,2,263.08000000000004,swap,notBad
16704,6,500.9799999999986,2,263.08000000000004,move,improve
16705,6,500.9799999999986,2,263.08000000000004,2opt,notBad
16706,6,500.9799999999986,2,263.08000000000004,swap,notBad
16707,6,500.9799999999986,2,263.08000000000004,move,improve
16708,6,500.9799999999986,2,263.08000000000004,swap,notBad
16709,6,500.9799999999986,2,263.08000000000004,swap,notBad
16710,6,500.9799999999986,2,263.08000000000004,move,improve
16711,6,500.9799999999986,2,263.08000000000004,swap,notBad
16712,6,500.9799999999986,2,263.08000000000004,2opt,notBad
16713,6,500.9799999999986,2,263.08000000000004,move,improve
16714,6,500.9799999999986,2,263.08000000000004,move,improve
16715,6,500.9799999999986,2,263.08000000000004,swap,notBad
16716,6,500.9799999999986,2,263.08000000000004,2opt,notBad
16717,6,500.9799999999986,2,263.08000000000004,2opt,notBad
16718,6,500.9799999999986,2,263.08000000000004,swap,notBad
16719,6,500.9799999999986,2,263.08000000000004,move,improve
16720,6,500.9799999999986,2,263.08000000000004,swap,notBad
16721,6,500.9799999999986,2,263.08000000000004,swap,notBad
16722,6,500.9799999999986,2,263.08000000000004,move,improve
16723,6,500.9799999999986,2,263.08000000000004,2opt,notBad
16724,6,500.9799999999986,2,263.08000000000004,move,improve
16725,6,500.9799999999986,2,263.08000000000004,2opt,notBad
16726,6,500.9799999999986,2,263.08000000000004,swap,notBad
16727,6,500.9799999999986,2,263.08000000000004,2opt,notBad
16728,6,500.9799999999986,2,263.08000000000004,move,improve
16729,6,500.9799999999986,2,263.08000000000004,2opt,notBad
16730,6,500.9799999999986,2,263.08000000000004,swap,notBad
16731,6,500.9799999999986,2,263.08000000000004,swap,notBad
16732,6,500.9799999999986,2,263.08000000000004,2opt,notBad
16733,6,500.9799999999986,2,263.08000000000004,move,improve
16734,6,500.9799999999986,2,263.08000000000004,move,improve
16735,6,500.9799999999986,2,263.08000000000004,move,improve
16736,6,500.9799999999986,2,263.08000000000004,2opt,notBad
16737,6,500.9799999999986,2,263.08000000000004,move,improve
16738,6,500.9799999999986,2,263.08000000000004,2opt,notBad
16739,6,500.9799999999986,2,263.08000000000004,2opt,notBad
16740,6,500.9799999999986,2,263.08000000000004,swap,notBad
16741,6,500.9799999999986,2,263.08000000000004,swap,notBad
16742,6,500.9799999999986,2,263.08000000000004,move,improve
16743,6,500.9799999999986,2,263.08000000000004,move,improve
16744,6,500.9799999999986,2,263.08000000000004,move,improve
16745,6,500.9799999999986,2,263.08000000000004,swap,notBad
16746,6,500.9799999999986,2,263.08000000000004,move,improve
16747,6,500.9799999999986,2,263.08000000000004,move,improve
16748,6,500.9799999999986,2,263.08000000000004,move,improve
16749,6,500.9799999999986,2,263.08000000000004,2opt,notBad
16750,6,500.9799999999986,2,263.08000000000004,2opt,notBad
16751,6,500.9799999999986,2,263.08000000000004,swap,notBad
16752,6,500.9799999999986,2,263.08000000000004,move,improve
16753,6,500.9799999999986,2,263.08000000000004,2opt,notBad
16754,6,500.9799999999986,2,263.08000000000004,swap,notBad
16755,6,500.9799999999986,2,263.08000000000004,move,improve
16756,6,500.9799999999986,2,263.08000000000004,move,improve
16757,6,500.9799999999986,2,263.08000000000004,2opt,notBad
16758,6,500.9799999999986,2,263.08000000000004,move,improve
16759,6,500.9799999999986,2,263.08000000000004,2opt,notBad
16760,6,500.9799999999986,2,263.08000000000004,move,improve
16761,6,500.9799999999986,2,263.08000000000004,swap,notBad
16762,6,500.9799999999986,2,263.08000000000004,2opt,improve
16763,6,500.9799999999986,2,263.08000000000004,2opt,notBad
16764,6,500.9799999999986,2,263.08000000000004,move,improve
16765,6,500.9799999999986,2,263.08000000000004,swap,notBad
16766,6,500.9799999999986,2,263.08000000000004,2opt,notBad
16767,6,500.9799999999986,2,263.08000000000004,swap,notBad
16768,6,500.9799999999986,2,263.08000000000004,move,improve
16769,6,500.9799999999986,2,263.08000000000004,move,improve
16770,6,500.9799999999986,2,263.08000000000004,2opt,notBad
16771,6,500.9799999999986,2,263.08000000000004,swap,notBad
16772,6,500.9799999999986,2,263.08000000000004,2opt,notBad
16773,6,500.9799999999986,2,263.08000000000004,move,improve
16774,6,500.9799999999986,2,263.08000000000004,move,improve
16775,6,500.9799999999986,2,263.08000000000004,swap,notBad
16776,6,500.9799999999986,2,263.08000000000004,2opt,notBad
16777,6,500.9799999999986,2,263.08000000000004,2opt,notBad
16778,6,500.9799999999986,2,263.08000000000004,swap,notBad
16779,6,500.9799999999986,2,263.08000000000004,2opt,notBad
16780,6,500.9799999999986,2,263.08000000000004,swap,notBad
16781,6,500.9799999999986,2,263.08000000000004,2opt,notBad
16782,6,500.9799999999986,2,263.08000000000004,move,improve
16783,6,500.9799999999986,2,263.08000000000004,move,improve
16784,6,500.9799999999986,2,263.08000000000004,2opt,notBad
16785,6,500.9799999999986,2,263.08000000000004,move,improve
16786,6,500.9799999999986,2,263.08000000000004,move,improve
16787,6,500.9799999999986,2,263.08000000000004,2opt,notBad
16788,6,500.9799999999986,2,263.08000000000004,2opt,notBad
16789,6,500.9799999999986,2,263.08000000000004,move,improve
16790,6,500.9799999999986,2,263.08000000000004,move,improve
16791,6,500.9799999999986,2,263.08000000000004,move,notBad
16792,6,500.9799999999986,2,263.08000000000004,swap,notBad
16793,6,500.9799999999986,2,263.08000000000004,swap,notBad
16794,6,500.9799999999986,2,263.08000000000004,swap,notBad
16795,6,500.9799999999986,2,263.08000000000004,move,improve
16796,6,500.9799999999986,2,263.08000000000004,move,improve
16797,6,500.9799999999986,2,263.08000000000004,2opt,notBad
16798,6,500.9799999999986,2,263.08000000000004,move,improve
16799,6,500.9799999999986,2,263.08000000000004,2opt,notBad
16800,6,500.9799999999986,2,263.08000000000004,move,improve
16801,6,500.9799999999986,2,263.08000000000004,2opt,notBad
16802,6,500.9799999999986,2,263.08000000000004,move,improve
16803,6,500.9799999999986,2,263.08000000000004,swap,notBad
16804,6,500.9799999999986,2,263.08000000000004,2opt,notBad
16805,6,500.9799999999986,2,263.08000000000004,move,improve
16806,6,500.9799999999986,2,263.08000000000004,swap,notBad
16807,6,500.9799999999986,2,263.08000000000004,move,improve
16808,6,500.9799999999986,2,263.08000000000004,swap,notBad
16809,6,500.9799999999986,2,263.08000000000004,2opt,notBad
16810,6,500.9799999999986,2,263.08000000000004,move,improve
16811,6,500.9799999999986,2,263.08000000000004,move,improve
16812,6,500.9799999999986,2,263.08000000000004,2opt,notBad
16813,6,500.9799999999986,2,263.08000000000004,2opt,notBad
16814,6,500.9799999999986,2,263.08000000000004,2opt,notBad
16815,6,500.9799999999986,2,263.08000000000004,2opt,notBad
16816,6,500.9799999999986,2,263.08000000000004,swap,notBad
16817,6,500.9799999999986,2,263.08000000000004,move,improve
16818,6,500.9799999999986,2,263.08000000000004,swap,notBad
16819,6,500.9799999999986,2,263.08000000000004,swap,notBad
16820,6,500.9799999999986,2,263.08000000000004,swap,notBad
16821,6,500.9799999999986,2,263.08000000000004,swap,notBad
16822,6,500.9799999999986,2,263.08000000000004,move,improve
16823,6,500.9799999999986,2,263.08000000000004,2opt,notBad
16824,6,500.9799999999986,2,263.08000000000004,move,notBad
16825,6,500.9799999999986,2,263.08000000000004,2opt,notBad
16826,6,500.9799999999986,2,263.08000000000004,2opt,notBad
16827,6,500.9799999999986,2,263.08000000000004,swap,notBad
16828,6,500.9799999999986,2,263.08000000000004,move,improve
16829,6,500.9799999999986,2,263.08000000000004,2opt,notBad
16830,6,500.9799999999986,2,263.08000000000004,2opt,notBad
16831,6,500.9799999999986,2,263.08000000000004,swap,notBad
16832,6,500.9799999999986,2,263.08000000000004,swap,notBad
16833,6,500.9799999999986,2,263.08000000000004,move,improve
16834,6,500.9799999999986,2,263.08000000000004,swap,notBad
16835,6,500.9799999999986,2,263.08000000000004,move,improve
16836,6,500.9799999999986,2,263.08000000000004,2opt,notBad
16837,6,500.9799999999986,2,263.08000000000004,move,improve
16838,6,500.9799999999986,2,263.08000000000004,move,improve
16839,6,500.9799999999986,2,263.08000000000004,swap,notBad
16840,6,500.9799999999986,2,263.08000000000004,swap,notBad
16841,6,500.9799999999986,2,263.08000000000004,move,improve
16842,6,500.9799999999986,2,263.08000000000004,move,improve
16843,6,500.9799999999986,2,263.08000000000004,2opt,notBad
16844,6,500.9799999999986,2,263.08000000000004,2opt,notBad
16845,6,500.9799999999986,2,263.08000000000004,swap,notBad
16846,6,500.9799999999986,2,263.08000000000004,move,improve
16847,6,500.9799999999986,2,263.08000000000004,2opt,notBad
16848,6,500.9799999999986,2,263.08000000000004,2opt,notBad
16849,6,500.9799999999986,2,263.08000000000004,move,improve
16850,6,500.9799999999986,2,263.08000000000004,2opt,notBad
16851,6,500.9799999999986,2,263.08000000000004,move,improve
16852,6,500.9799999999986,2,263.08000000000004,2opt,notBad
16853,6,500.9799999999986,2,263.08000000000004,swap,notBad
16854,6,500.9799999999986,2,263.08000000000004,move,improve
16855,6,500.9799999999986,2,263.08000000000004,swap,notBad
16856,6,500.9799999999986,2,263.08000000000004,2opt,notBad
16857,6,500.9799999999986,2,263.08000000000004,move,improve
16858,6,500.9799999999986,2,263.08000000000004,2opt,notBad
16859,6,500.9799999999986,2,263.08000000000004,move,improve
16860,6,500.9799999999986,2,263.08000000000004,move,improve
16861,6,500.9799999999986,2,263.08000000000004,move,improve
16862,6,500.9799999999986,2,263.08000000000004,2opt,notBad
16863,6,500.9799999999986,2,263.08000000000004,move,improve
16864,6,500.9799999999986,2,263.08000000000004,move,improve
16865,6,500.9799999999986,2,263.08000000000004,swap,notBad
16866,6,500.9799999999986,2,263.08000000000004,swap,notBad
16867,6,500.9799999999986,2,263.08000000000004,2opt,notBad
16868,6,500.9799999999986,2,263.08000000000004,swap,notBad
16869,6,500.9799999999986,2,263.08000000000004,move,improve
16870,6,500.9799999999986,2,263.08000000000004,swap,notBad
16871,6,500.9799999999986,2,263.08000000000004,swap,notBad
16872,6,500.9799999999986,2,263.08000000000004,2opt,notBad
16873,6,500.9799999999986,2,263.08000000000004,2opt,notBad
16874,6,500.9799999999986,2,263.08000000000004,2opt,improve
16875,6,500.9799999999986,2,263.08000000000004,swap,notBad
16876,6,500.9799999999986,2,263.08000000000004,swap,notBad
16877,6,500.9799999999986,2,263.08000000000004,move,improve
16878,6,500.9799999999986,2,263.08000000000004,swap,notBad
16879,6,500.9799999999986,2,263.08000000000004,move,improve
16880,6,500.9799999999986,2,263.08000000000004,swap,notBad
16881,6,500.9799999999986,2,263.08000000000004,move,improve
16882,6,500.9799999999986,2,263.08000000000004,2opt,notBad
16883,6,500.9799999999986,2,263.08000000000004,move,notBad
16884,6,500.9799999999986,2,263.08000000000004,move,improve
16885,6,500.9799999999986,2,263.08000000000004,move,improve
16886,6,500.9799999999986,2,263.08000000000004,move,improve
16887,6,500.9799999999986,2,263.08000000000004,move,improve
16888,6,500.9799999999986,2,263.08000000000004,swap,notBad
16889,6,500.9799999999986,2,263.08000000000004,move,improve
16890,6,500.9799999999986,2,263.08000000000004,move,improve
16891,6,500.9799999999986,2,263.08000000000004,2opt,notBad
16892,6,500.9799999999986,2,263.08000000000004,2opt,notBad
16893,6,500.9799999999986,2,263.08000000000004,move,improve
16894,6,500.9799999999986,2,263.08000000000004,move,improve
16895,6,500.9799999999986,2,263.08000000000004,swap,notBad
16896,6,500.9799999999986,2,263.08000000000004,2opt,notBad
16897,6,500.9799999999986,2,263.08000000000004,2opt,improve
16898,6,500.9799999999986,2,263.08000000000004,swap,notBad
16899,6,500.9799999999986,2,263.08000000000004,swap,notBad
16900,6,500.9799999999986,2,263.08000000000004,swap,notBad
16901,6,500.9799999999986,2,263.08000000000004,swap,notBad
16902,6,500.9799999999986,2,263.08000000000004,swap,notBad
16903,6,500.9799999999986,2,263.08000000000004,2opt,notBad
16904,6,500.9799999999986,2,263.08000000000004,move,improve
16905,6,500.9799999999986,2,263.08000000000004,2opt,notBad
16906,6,500.9799999999986,2,263.08000000000004,move,notBad
16907,6,500.9799999999986,2,263.08000000000004,swap,notBad
16908,6,500.9799999999986,2,263.08000000000004,2opt,notBad
16909,6,500.9799999999986,2,263.08000000000004,2opt,notBad
16910,6,500.9799999999986,2,263.08000000000004,swap,notBad
16911,6,500.9799999999986,2,263.08000000000004,move,improve
16912,6,500.9799999999986,2,263.08000000000004,swap,notBad
16913,6,500.9799999999986,2,263.08000000000004,2opt,notBad
16914,6,500.9799999999986,2,263.08000000000004,move,improve
16915,6,500.9799999999986,2,263.08000000000004,move,improve
16916,6,500.9799999999986,2,263.08000000000004,2opt,notBad
16917,6,500.9799999999986,2,263.08000000000004,move,improve
16918,6,500.9799999999986,2,263.08000000000004,2opt,notBad
16919,6,500.9799999999986,2,263.08000000000004,2opt,notBad
16920,6,500.9799999999986,2,263.08000000000004,move,improve
16921,6,500.9799999999986,2,263.08000000000004,2opt,notBad
16922,6,500.9799999999986,2,263.08000000000004,swap,notBad
16923,6,500.9799999999986,2,263.08000000000004,2opt,notBad
16924,6,500.9799999999986,2,263.08000000000004,move,improve
16925,6,500.9799999999986,2,263.08000000000004,2opt,notBad
16926,6,500.9799999999986,2,263.08000000000004,move,improve
16927,6,500.9799999999986,2,263.08000000000004,move,improve
16928,6,500.9799999999986,2,263.08000000000004,move,improve
16929,6,500.9799999999986,2,263.08000000000004,swap,notBad
16930,6,500.9799999999986,2,263.08000000000004,swap,notBad
16931,6,500.9799999999986,2,263.08000000000004,swap,notBad
16932,6,500.9799999999986,2,263.08000000000004,2opt,notBad
16933,6,500.9799999999986,2,263.08000000000004,move,improve
16934,6,500.9799999999986,2,263.08000000000004,2opt,improve
16935,6,500.9799999999986,2,263.08000000000004,swap,notBad
16936,6,500.9799999999986,2,263.08000000000004,swap,notBad
16937,6,500.9799999999986,2,263.08000000000004,2opt,notBad
16938,6,500.9799999999986,2,263.08000000000004,move,improve
16939,6,500.9799999999986,2,263.08000000000004,swap,notBad
16940,6,500.9799999999986,2,263.08000000000004,move,improve
16941,6,500.9799999999986,2,263.08000000000004,move,improve
16942,6,500.9799999999986,2,263.08000000000004,2opt,notBad
16943,6,500.9799999999986,2,263.08000000000004,2opt,notBad
16944,6,500.9799999999986,2,263.08000000000004,move,improve
16945,6,500.9799999999986,2,263.08000000000004,move,improve
16946,6,500.9799999999986,2,263.08000000000004,swap,notBad
16947,6,500.9799999999986,2,263.08000000000004,move,improve
16948,6,500.9799999999986,2,263.08000000000004,2opt,notBad
16949,6,500.9799999999986,2,263.08000000000004,swap,notBad
16950,6,500.9799999999986,2,263.08000000000004,2opt,notBad
16951,6,500.9799999999986,2,263.08000000000004,2opt,notBad
16952,6,500.9799999999986,2,263.08000000000004,move,improve
16953,6,500.9799999999986,2,263.08000000000004,move,improve
16954,6,500.9799999999986,2,263.08000000000004,2opt,notBad
16955,6,500.9799999999986,2,263.08000000000004,2opt,notBad
16956,6,500.9799999999986,2,263.08000000000004,swap,notBad
16957,6,500.9799999999986,2,263.08000000000004,2opt,notBad
16958,6,500.9799999999986,2,263.08000000000004,move,improve
16959,6,500.9799999999986,2,263.08000000000004,2opt,notBad
16960,6,500.9799999999986,2,263.08000000000004,2opt,notBad
16961,6,500.9799999999986,2,263.08000000000004,2opt,notBad
16962,6,500.9799999999986,2,263.08000000000004,2opt,notBad
16963,6,500.9799999999986,2,263.08000000000004,swap,notBad
16964,6,500.9799999999986,2,263.08000000000004,move,improve
16965,6,500.9799999999986,2,263.08000000000004,swap,notBad
16966,6,500.9799999999986,2,263.08000000000004,2opt,notBad
16967,6,500.9799999999986,2,263.08000000000004,2opt,notBad
16968,6,500.9799999999986,2,263.08000000000004,swap,notBad
16969,6,500.9799999999986,2,263.08000000000004,move,improve
16970,6,500.9799999999986,2,263.08000000000004,swap,notBad
16971,6,500.9799999999986,2,263.08000000000004,move,improve
16972,6,500.9799999999986,2,263.08000000000004,move,improve
16973,6,500.9799999999986,2,263.08000000000004,swap,notBad
16974,6,500.9799999999986,2,263.08000000000004,swap,notBad
16975,6,500.9799999999986,2,263.08000000000004,move,improve
16976,6,500.9799999999986,2,263.08000000000004,swap,notBad
16977,6,500.9799999999986,2,263.08000000000004,move,improve
16978,6,500.9799999999986,2,263.08000000000004,swap,notBad
16979,6,500.9799999999986,2,263.08000000000004,move,improve
16980,6,500.9799999999986,2,263.08000000000004,2opt,notBad
16981,6,500.9799999999986,2,263.08000000000004,move,improve
16982,6,500.9799999999986,2,263.08000000000004,move,notBad
16983,6,500.9799999999986,2,263.08000000000004,swap,notBad
16984,6,500.9799999999986,2,263.08000000000004,swap,notBad
16985,6,500.9799999999986,2,263.08000000000004,swap,notBad
16986,6,500.9799999999986,2,263.08000000000004,move,improve
16987,6,500.9799999999986,2,263.08000000000004,swap,notBad
16988,6,500.9799999999986,2,263.08000000000004,swap,notBad
16989,6,501.15999999999997,2,263.08000000000004,swap,acceptBad
16990,6,501.15999999999997,2,263.08000000000004,2opt,notBad
16991,6,501.15999999999997,2,263.08000000000004,2opt,notBad
16992,6,501.15999999999997,2,263.08000000000004,2opt,notBad
16993,6,501.15999999999997,2,263.08000000000004,swap,notBad
16994,6,501.15999999999997,2,263.08000000000004,swap,notBad
16995,6,501.15999999999997,2,263.08000000000004,2opt,notBad
16996,6,501.15999999999997,2,263.08000000000004,2opt,improve
16997,6,501.15999999999997,2,263.08000000000004,move,improve
16998,6,501.15999999999997,2,263.08000000000004,swap,notBad
16999,6,501.15999999999997,2,263.08000000000004,swap,notBad
17000,6,501.15999999999997,2,263.08000000000004,swap,notBad
17001,6,501.15999999999997,2,263.08000000000004,swap,notBad
17002,6,501.15999999999997,2,263.08000000000004,2opt,notBad
17003,6,501.15999999999997,2,263.08000000000004,move,improve
17004,6,501.15999999999997,2,263.08000000000004,move,improve
17005,6,501.15999999999997,2,263.08000000000004,move,improve
17006,6,501.15999999999997,2,263.08000000000004,swap,notBad
17007,6,501.15999999999997,2,263.08000000000004,2opt,notBad
17008,6,501.15999999999997,2,263.08000000000004,2opt,notBad
17009,6,501.15999999999997,2,263.08000000000004,move,improve
17010,6,501.15999999999997,2,263.08000000000004,2opt,notBad
17011,6,501.15999999999997,2,263.08000000000004,swap,notBad
17012,6,501.15999999999997,2,263.08000000000004,2opt,notBad
17013,6,501.15999999999997,2,263.08000000000004,2opt,notBad
17014,6,501.15999999999997,2,263.08000000000004,swap,notBad
17015,6,501.15999999999997,2,263.08000000000004,move,improve
17016,6,501.15999999999997,2,263.08000000000004,move,improve
17017,6,501.15999999999997,2,263.08000000000004,swap,notBad
17018,6,501.15999999999997,2,263.08000000000004,swap,notBad
17019,6,501.15999999999997,2,263.08000000000004,2opt,notBad
17020,6,501.15999999999997,2,263.08000000000004,swap,notBad
17021,6,501.15999999999997,2,263.08000000000004,2opt,notBad
17022,6,501.15999999999997,2,263.08000000000004,move,improve
17023,6,501.15999999999997,2,263.08000000000004,move,improve
17024,6,501.15999999999997,2,263.08000000000004,2opt,notBad
17025,6,501.15999999999997,2,263.08000000000004,2opt,notBad
17026,6,501.15999999999997,2,263.08000000000004,move,notBad
17027,6,501.15999999999997,2,263.08000000000004,move,improve
17028,6,501.15999999999997,2,263.08000000000004,2opt,notBad
17029,6,501.15999999999997,2,263.08000000000004,move,improve
17030,6,501.15999999999997,2,263.08000000000004,move,improve
17031,6,501.15999999999997,2,263.08000000000004,move,improve
17032,6,501.15999999999997,2,263.08000000000004,2opt,notBad
17033,6,501.15999999999997,2,263.08000000000004,swap,notBad
17034,6,501.15999999999997,2,263.08000000000004,swap,notBad
17035,6,501.15999999999997,2,263.08000000000004,2opt,notBad
17036,6,501.15999999999997,2,263.08000000000004,swap,notBad
17037,6,501.15999999999997,2,263.08000000000004,swap,notBad
17038,6,501.15999999999997,2,263.08000000000004,move,improve
17039,6,501.15999999999997,2,263.08000000000004,move,improve
17040,6,501.15999999999997,2,263.08000000000004,2opt,notBad
17041,6,501.15999999999997,2,263.08000000000004,2opt,improve
17042,6,501.15999999999997,2,263.08000000000004,2opt,notBad
17043,6,501.15999999999997,2,263.08000000000004,swap,notBad
17044,6,501.15999999999997,2,263.08000000000004,move,improve
17045,6,501.15999999999997,2,263.08000000000004,move,improve
17046,6,501.15999999999997,2,263.08000000000004,2opt,notBad
17047,6,501.15999999999997,2,263.08000000000004,2opt,notBad
17048,6,501.15999999999997,2,263.08000000000004,swap,notBad
17049,6,501.15999999999997,2,263.08000000000004,move,improve
17050,6,501.15999999999997,2,263.08000000000004,2opt,notBad
17051,6,501.15999999999997,2,263.08000000000004,swap,notBad
17052,6,501.15999999999997,2,263.08000000000004,move,improve
17053,6,501.15999999999997,2,263.08000000000004,2opt,notBad
17054,6,501.15999999999997,2,263.08000000000004,swap,notBad
17055,6,501.15999999999997,2,263.08000000000004,move,notBad
17056,6,501.15999999999997,2,263.08000000000004,2opt,notBad
17057,6,501.15999999999997,2,263.08000000000004,2opt,notBad
17058,6,501.15999999999997,2,263.08000000000004,move,improve
17059,6,501.15999999999997,2,263.08000000000004,2opt,notBad
17060,6,501.15999999999997,2,263.08000000000004,swap,notBad
17061,6,501.15999999999997,2,263.08000000000004,swap,notBad
17062,6,501.15999999999997,2,263.08000000000004,move,improve
17063,6,501.15999999999997,2,263.08000000000004,move,improve
17064,6,501.15999999999997,2,263.08000000000004,swap,notBad
17065,6,501.15999999999997,2,263.08000000000004,swap,notBad
17066,6,501.15999999999997,2,263.08000000000004,2opt,notBad
17067,6,501.15999999999997,2,263.08000000000004,swap,notBad
17068,6,501.15999999999997,2,263.08000000000004,move,improve
17069,6,501.15999999999997,2,263.08000000000004,move,improve
17070,6,501.15999999999997,2,263.08000000000004,2opt,notBad
17071,6,501.15999999999997,2,263.08000000000004,move,improve
17072,6,501.15999999999997,2,263.08000000000004,2opt,notBad
17073,6,501.15999999999997,2,263.08000000000004,move,improve
17074,6,501.15999999999997,2,263.08000000000004,2opt,notBad
17075,6,501.15999999999997,2,263.08000000000004,2opt,notBad
17076,6,501.15999999999997,2,263.08000000000004,2opt,improve
17077,6,501.15999999999997,2,263.08000000000004,2opt,notBad
17078,6,501.15999999999997,2,263.08000000000004,2opt,notBad
17079,6,501.15999999999997,2,263.08000000000004,move,improve
17080,6,501.15999999999997,2,263.08000000000004,2opt,improve
17081,6,501.15999999999997,2,263.08000000000004,swap,notBad
17082,6,501.15999999999997,2,263.08000000000004,move,improve
17083,6,501.15999999999997,2,263.08000000000004,2opt,notBad
17084,6,501.15999999999997,2,263.08000000000004,swap,notBad
17085,6,501.15999999999997,2,263.08000000000004,2opt,notBad
17086,6,501.15999999999997,2,263.08000000000004,2opt,improve
17087,6,501.15999999999997,2,263.08000000000004,2opt,notBad
17088,6,501.15999999999997,2,263.08000000000004,move,improve
17089,6,501.15999999999997,2,263.08000000000004,2opt,notBad
17090,6,501.15999999999997,2,263.08000000000004,move,improve
17091,6,501.15999999999997,2,263.08000000000004,swap,notBad
17092,6,501.15999999999997,2,263.08000000000004,move,improve
17093,6,501.15999999999997,2,263.08000000000004,2opt,notBad
17094,6,501.15999999999997,2,263.08000000000004,move,improve
17095,6,501.15999999999997,2,263.08000000000004,swap,notBad
17096,6,501.15999999999997,2,263.08000000000004,move,improve
17097,6,501.15999999999997,2,263.08000000000004,swap,notBad
17098,6,501.15999999999997,2,263.08000000000004,move,improve
17099,6,501.15999999999997,2,263.08000000000004,swap,notBad
17100,6,501.15999999999997,2,263.08000000000004,swap,notBad
17101,6,501.15999999999997,2,263.08000000000004,2opt,notBad
17102,6,501.15999999999997,2,263.08000000000004,swap,notBad
17103,6,501.15999999999997,2,263.08000000000004,2opt,notBad
17104,6,501.15999999999997,2,263.08000000000004,move,improve
17105,6,501.15999999999997,2,263.08000000000004,move,improve
17106,6,501.15999999999997,2,263.08000000000004,2opt,notBad
17107,6,501.15999999999997,2,263.08000000000004,move,improve
17108,6,501.15999999999997,2,263.08000000000004,move,improve
17109,6,501.15999999999997,2,263.08000000000004,2opt,notBad
17110,6,501.15999999999997,2,263.08000000000004,swap,notBad
17111,6,501.15999999999997,2,263.08000000000004,swap,notBad
17112,6,501.15999999999997,2,263.08000000000004,2opt,improve
17113,6,501.15999999999997,2,263.08000000000004,2opt,notBad
17114,6,501.15999999999997,2,263.08000000000004,2opt,notBad
17115,6,501.15999999999997,2,263.08000000000004,swap,notBad
17116,6,501.15999999999997,2,263.08000000000004,move,improve
17117,6,501.15999999999997,2,263.08000000000004,swap,notBad
17118,6,501.15999999999997,2,263.08000000000004,move,improve
17119,6,501.15999999999997,2,263.08000000000004,move,improve
17120,6,501.15999999999997,2,263.08000000000004,swap,notBad
17121,6,501.15999999999997,2,263.08000000000004,swap,notBad
17122,6,501.15999999999997,2,263.08000000000004,swap,notBad
17123,6,501.15999999999997,2,263.08000000000004,2opt,notBad
17124,6,501.15999999999997,2,263.08000000000004,swap,notBad
17125,6,501.15999999999997,2,263.08000000000004,2opt,notBad
17126,6,501.15999999999997,2,263.08000000000004,2opt,notBad
17127,6,501.15999999999997,2,263.08000000000004,swap,notBad
17128,6,501.15999999999997,2,263.08000000000004,move,improve
17129,6,501.15999999999997,2,263.08000000000004,move,improve
17130,6,501.15999999999997,2,263.08000000000004,swap,notBad
17131,6,501.15999999999997,2,263.08000000000004,swap,notBad
17132,6,501.15999999999997,2,263.08000000000004,move,improve
17133,6,501.15999999999997,2,263.08000000000004,swap,notBad
17134,6,501.15999999999997,2,263.08000000000004,swap,notBad
17135,6,501.15999999999997,2,263.08000000000004,2opt,notBad
17136,6,501.15999999999997,2,263.08000000000004,move,improve
17137,6,501.15999999999997,2,263.08000000000004,2opt,notBad
17138,6,501.15999999999997,2,263.08000000000004,move,improve
17139,6,501.15999999999997,2,263.08000000000004,2opt,notBad
17140,6,501.15999999999997,2,263.08000000000004,swap,notBad
17141,6,501.15999999999997,2,263.08000000000004,move,improve
17142,6,501.15999999999997,2,263.08000000000004,swap,notBad
17143,6,501.15999999999997,2,263.08000000000004,move,improve
17144,6,501.15999999999997,2,263.08000000000004,move,improve
17145,6,501.15999999999997,2,263.08000000000004,swap,notBad
17146,6,501.15999999999997,2,263.08000000000004,swap,notBad
17147,6,501.15999999999997,2,263.08000000000004,swap,notBad
17148,6,501.15999999999997,2,263.08000000000004,2opt,notBad
17149,6,501.15999999999997,2,263.08000000000004,swap,notBad
17150,6,501.15999999999997,2,263.08000000000004,move,improve
17151,6,501.15999999999997,2,263.08000000000004,move,improve
17152,6,501.15999999999997,2,263.08000000000004,swap,notBad
17153,6,501.15999999999997,2,263.08000000000004,swap,notBad
17154,6,501.15999999999997,2,263.08000000000004,move,improve
17155,6,501.15999999999997,2,263.08000000000004,swap,notBad
17156,6,501.15999999999997,2,263.08000000000004,2opt,notBad
17157,6,501.15999999999997,2,263.08000000000004,move,improve
17158,6,501.15999999999997,2,263.08000000000004,2opt,notBad
17159,6,501.15999999999997,2,263.08000000000004,swap,notBad
17160,6,501.15999999999997,2,263.08000000000004,move,improve
17161,6,501.15999999999997,2,263.08000000000004,2opt,notBad
17162,6,501.15999999999997,2,263.08000000000004,move,improve
17163,6,501.15999999999997,2,263.08000000000004,move,improve
17164,6,501.15999999999997,2,263.08000000000004,swap,notBad
17165,6,501.15999999999997,2,263.08000000000004,move,improve
17166,6,501.15999999999997,2,263.08000000000004,swap,notBad
17167,6,501.15999999999997,2,263.08000000000004,swap,notBad
17168,6,501.15999999999997,2,263.08000000000004,2opt,improve
17169,6,501.15999999999997,2,263.08000000000004,swap,notBad
17170,6,501.15999999999997,2,263.08000000000004,swap,notBad
17171,6,501.15999999999997,2,263.08000000000004,2opt,notBad
17172,6,501.15999999999997,2,263.08000000000004,move,improve
17173,6,501.15999999999997,2,263.08000000000004,move,improve
17174,6,501.15999999999997,2,263.08000000000004,swap,notBad
17175,6,501.15999999999997,2,263.08000000000004,2opt,improve
17176,6,501.15999999999997,2,263.08000000000004,swap,notBad
17177,6,501.15999999999997,2,263.08000000000004,2opt,notBad
17178,6,501.15999999999997,2,263.08000000000004,move,improve
17179,6,501.15999999999997,2,263.08000000000004,2opt,notBad
17180,6,501.15999999999997,2,263.08000000000004,2opt,notBad
17181,6,501.15999999999997,2,263.08000000000004,move,improve
17182,6,501.15999999999997,2,263.08000000000004,move,improve
17183,6,501.15999999999997,2,263.08000000000004,move,improve
17184,6,501.15999999999997,2,263.08000000000004,move,improve
17185,6,501.15999999999997,2,263.08000000000004,move,improve
17186,6,501.15999999999997,2,263.08000000000004,2opt,notBad
17187,6,501.15999999999997,2,263.08000000000004,swap,notBad
17188,6,501.15999999999997,2,263.08000000000004,move,improve
17189,6,501.15999999999997,2,263.08000000000004,2opt,notBad
17190,6,501.15999999999997,2,263.08000000000004,swap,notBad
17191,6,501.15999999999997,2,263.08000000000004,move,improve
17192,6,501.15999999999997,2,263.08000000000004,move,improve
17193,6,501.15999999999997,2,263.08000000000004,swap,notBad
17194,6,501.15999999999997,2,263.08000000000004,swap,notBad
17195,6,501.15999999999997,2,263.08000000000004,swap,notBad
17196,6,501.15999999999997,2,263.08000000000004,2opt,notBad
17197,6,501.15999999999997,2,263.08000000000004,move,improve
17198,6,501.15999999999997,2,263.08000000000004,move,improve
17199,6,501.15999999999997,2,263.08000000000004,move,improve
17200,6,501.15999999999997,2,263.08000000000004,2opt,notBad
17201,6,501.15999999999997,2,263.08000000000004,move,improve
17202,6,501.15999999999997,2,263.08000000000004,move,improve
17203,6,501.15999999999997,2,263.08000000000004,move,improve
17204,6,501.15999999999997,2,263.08000000000004,swap,notBad
17205,6,501.15999999999997,2,263.08000000000004,2opt,notBad
17206,6,501.15999999999997,2,263.08000000000004,2opt,notBad
17207,6,501.15999999999997,2,263.08000000000004,swap,notBad
17208,6,501.15999999999997,2,263.08000000000004,2opt,notBad
17209,6,501.15999999999997,2,263.08000000000004,2opt,notBad
17210,6,501.15999999999997,2,263.08000000000004,move,improve
17211,6,501.15999999999997,2,263.08000000000004,move,improve
17212,6,501.15999999999997,2,263.08000000000004,move,improve
17213,6,501.15999999999997,2,263.08000000000004,2opt,notBad
17214,6,501.15999999999997,2,263.08000000000004,move,improve
17215,6,501.15999999999997,2,263.08000000000004,swap,notBad
17216,6,501.15999999999997,2,263.08000000000004,2opt,notBad
17217,6,501.15999999999997,2,263.08000000000004,swap,notBad
17218,6,501.15999999999997,2,263.08000000000004,2opt,improve
17219,6,501.15999999999997,2,263.08000000000004,move,improve
17220,6,501.15999999999997,2,263.08000000000004,move,improve
17221,6,501.15999999999997,2,263.08000000000004,move,improve
17222,6,501.15999999999997,2,263.08000000000004,move,improve
17223,6,501.15999999999997,2,263.08000000000004,move,improve
17224,6,501.15999999999997,2,263.08000000000004,swap,notBad
17225,6,501.15999999999997,2,263.08000000000004,2opt,notBad
17226,6,501.15999999999997,2,263.08000000000004,move,improve
17227,6,501.15999999999997,2,263.08000000000004,2opt,notBad
17228,6,501.15999999999997,2,263.08000000000004,2opt,notBad
17229,6,501.15999999999997,2,263.08000000000004,2opt,notBad
17230,6,501.15999999999997,2,263.08000000000004,swap,notBad
17231,6,501.15999999999997,2,263.08000000000004,move,improve
17232,6,501.15999999999997,2,263.08000000000004,2opt,notBad
17233,6,501.15999999999997,2,263.08000000000004,swap,notBad
17234,6,501.15999999999997,2,263.08000000000004,swap,notBad
17235,6,501.15999999999997,2,263.08000000000004,move,improve
17236,6,501.15999999999997,2,263.08000000000004,swap,notBad
17237,6,501.15999999999997,2,263.08000000000004,swap,notBad
17238,6,501.15999999999997,2,263.08000000000004,move,improve
17239,6,501.15999999999997,2,263.08000000000004,move,improve
17240,6,501.15999999999997,2,263.08000000000004,move,improve
17241,6,501.15999999999997,2,263.08000000000004,swap,notBad
17242,6,501.15999999999997,2,263.08000000000004,swap,notBad
17243,6,501.15999999999997,2,263.08000000000004,swap,notBad
17244,6,501.15999999999997,2,263.08000000000004,2opt,notBad
17245,6,501.15999999999997,2,263.08000000000004,swap,notBad
17246,6,501.15999999999997,2,263.08000000000004,2opt,notBad
17247,6,501.15999999999997,2,263.08000000000004,2opt,notBad
17248,6,501.15999999999997,2,263.08000000000004,2opt,notBad
17249,6,501.15999999999997,2,263.08000000000004,swap,notBad
17250,6,501.15999999999997,2,263.08000000000004,swap,notBad
17251,6,501.15999999999997,2,263.08000000000004,2opt,notBad
17252,6,501.15999999999997,2,263.08000000000004,2opt,notBad
17253,6,501.15999999999997,2,263.08000000000004,swap,notBad
17254,6,501.15999999999997,2,263.08000000000004,2opt,notBad
17255,6,501.15999999999997,2,263.08000000000004,2opt,notBad
17256,6,501.15999999999997,2,263.08000000000004,2opt,notBad
17257,6,501.15999999999997,2,263.08000000000004,move,improve
17258,6,501.15999999999997,2,263.08000000000004,swap,notBad
17259,6,501.15999999999997,2,263.08000000000004,move,improve
17260,6,501.15999999999997,2,263.08000000000004,move,improve
17261,6,501.15999999999997,2,263.08000000000004,2opt,notBad
17262,6,501.15999999999997,2,263.08000000000004,swap,notBad
17263,6,501.15999999999997,2,263.08000000000004,move,improve
17264,6,501.15999999999997,2,263.08000000000004,2opt,notBad
17265,6,501.15999999999997,2,263.08000000000004,swap,notBad
17266,6,501.15999999999997,2,263.08000000000004,swap,notBad
17267,6,501.15999999999997,2,263.08000000000004,2opt,improve
17268,6,501.15999999999997,2,263.08000000000004,swap,notBad
17269,6,501.15999999999997,2,263.08000000000004,2opt,notBad
17270,6,501.15999999999997,2,263.08000000000004,swap,notBad
17271,6,501.15999999999997,2,263.08000000000004,swap,notBad
17272,6,501.15999999999997,2,263.08000000000004,2opt,notBad
17273,6,501.15999999999997,2,263.08000000000004,swap,notBad
17274,6,501.15999999999997,2,263.08000000000004,move,improve
17275,6,501.15999999999997,2,263.08000000000004,swap,notBad
17276,6,501.15999999999997,2,263.08000000000004,move,improve
17277,6,501.15999999999997,2,263.08000000000004,swap,notBad
17278,6,501.15999999999997,2,263.08000000000004,swap,notBad
17279,6,501.15999999999997,2,263.08000000000004,swap,notBad
17280,6,501.15999999999997,2,263.08000000000004,2opt,notBad
17281,6,501.15999999999997,2,263.08000000000004,swap,notBad
17282,6,501.15999999999997,2,263.08000000000004,2opt,notBad
17283,6,501.15999999999997,2,263.08000000000004,move,improve
17284,6,501.15999999999997,2,263.08000000000004,swap,notBad
17285,6,501.15999999999997,2,263.08000000000004,swap,notBad
17286,6,501.15999999999997,2,263.08000000000004,move,improve
17287,6,501.15999999999997,2,263.08000000000004,2opt,notBad
17288,6,501.15999999999997,2,263.08000000000004,2opt,notBad
17289,6,501.15999999999997,2,263.08000000000004,2opt,notBad
17290,6,501.15999999999997,2,263.08000000000004,move,improve
17291,6,501.15999999999997,2,263.08000000000004,swap,notBad
17292,6,501.15999999999997,2,263.08000000000004,move,improve
17293,6,501.15999999999997,2,263.08000000000004,2opt,notBad
17294,6,501.15999999999997,2,263.08000000000004,swap,notBad
17295,6,501.4799999999999,2,263.08000000000004,swap,acceptBad
17296,6,501.4799999999999,2,263.08000000000004,move,improve
17297,6,501.4799999999999,2,263.08000000000004,2opt,notBad
17298,6,501.4799999999999,2,263.08000000000004,move,improve
17299,6,501.4799999999999,2,263.08000000000004,2opt,notBad
17300,6,501.4799999999999,2,263.08000000000004,swap,notBad
17301,6,501.4799999999999,2,263.08000000000004,2opt,notBad
17302,6,501.4799999999999,2,263.08000000000004,move,improve
17303,6,501.4799999999999,2,263.08000000000004,move,improve
17304,6,501.4799999999999,2,263.08000000000004,swap,notBad
17305,6,501.4799999999999,2,263.08000000000004,2opt,improve
17306,6,501.4799999999999,2,263.08000000000004,2opt,notBad
17307,6,501.4799999999999,2,263.08000000000004,2opt,notBad
17308,6,501.4799999999999,2,263.08000000000004,swap,notBad
17309,6,501.4799999999999,2,263.08000000000004,2opt,notBad
17310,6,501.4799999999999,2,263.08000000000004,move,improve
17311,6,501.4799999999999,2,263.08000000000004,move,improve
17312,6,501.4799999999999,2,263.08000000000004,swap,notBad
17313,6,501.4799999999999,2,263.08000000000004,swap,notBad
17314,6,501.4799999999999,2,263.08000000000004,move,improve
17315,6,501.4799999999999,2,263.08000000000004,2opt,notBad
17316,6,501.4799999999999,2,263.08000000000004,2opt,notBad
17317,6,501.4799999999999,2,263.08000000000004,swap,notBad
17318,6,501.4799999999999,2,263.08000000000004,swap,notBad
17319,6,501.4799999999999,2,263.08000000000004,2opt,notBad
17320,6,501.4799999999999,2,263.08000000000004,2opt,notBad
17321,6,501.4799999999999,2,263.08000000000004,2opt,notBad
17322,6,501.4799999999999,2,263.08000000000004,2opt,notBad
17323,6,501.4799999999999,2,263.08000000000004,swap,notBad
17324,6,501.4799999999999,2,263.08000000000004,swap,notBad
17325,6,501.4799999999999,2,263.08000000000004,move,improve
17326,6,501.4799999999999,2,263.08000000000004,2opt,notBad
17327,6,501.4799999999999,2,263.08000000000004,swap,notBad
17328,6,501.4799999999999,2,263.08000000000004,move,improve
17329,6,501.4799999999999,2,263.08000000000004,2opt,notBad
17330,6,501.4799999999999,2,263.08000000000004,move,improve
17331,6,501.4799999999999,2,263.08000000000004,swap,notBad
17332,6,501.4799999999999,2,263.08000000000004,move,improve
17333,6,501.4799999999999,2,263.08000000000004,swap,notBad
17334,6,501.4799999999999,2,263.08000000000004,2opt,improve
17335,6,501.4799999999999,2,263.08000000000004,2opt,notBad
17336,6,501.4799999999999,2,263.08000000000004,move,improve
17337,6,501.4799999999999,2,263.08000000000004,2opt,notBad
17338,6,501.4799999999999,2,263.08000000000004,move,improve
17339,6,501.4799999999999,2,263.08000000000004,swap,notBad
17340,6,501.4799999999999,2,263.08000000000004,move,improve
17341,6,501.4799999999999,2,263.08000000000004,swap,notBad
17342,6,501.4799999999999,2,263.08000000000004,swap,notBad
17343,6,501.4799999999999,2,263.08000000000004,move,improve
17344,6,501.4799999999999,2,263.08000000000004,2opt,notBad
17345,6,501.4799999999999,2,263.08000000000004,swap,notBad
17346,6,501.4799999999999,2,263.08000000000004,2opt,improve
17347,6,501.4799999999999,2,263.08000000000004,move,improve
17348,6,501.15999999999997,2,263.08000000000004,move,improve
17349,6,501.15999999999997,2,263.08000000000004,move,improve
17350,6,501.15999999999997,2,263.08000000000004,swap,notBad
17351,6,501.15999999999997,2,263.08000000000004,2opt,notBad
17352,6,501.15999999999997,2,263.08000000000004,move,improve
17353,6,501.15999999999997,2,263.08000000000004,2opt,notBad
17354,6,501.15999999999997,2,263.08000000000004,swap,notBad
17355,6,501.15999999999997,2,263.08000000000004,swap,notBad
17356,6,501.15999999999997,2,263.08000000000004,2opt,notBad
17357,6,501.15999999999997,2,263.08000000000004,move,improve
17358,6,501.15999999999997,2,263.08000000000004,2opt,notBad
17359,6,501.15999999999997,2,263.08000000000004,move,improve
17360,6,501.15999999999997,2,263.08000000000004,swap,notBad
17361,6,501.15999999999997,2,263.08000000000004,2opt,notBad
17362,6,501.15999999999997,2,263.08000000000004,move,improve
17363,6,501.15999999999997,2,263.08000000000004,2opt,notBad
17364,6,501.15999999999997,2,263.08000000000004,move,improve
17365,6,501.15999999999997,2,263.08000000000004,swap,notBad
17366,6,501.15999999999997,2,263.08000000000004,swap,notBad
17367,6,500.9799999999986,2,263.08000000000004,swap,improve
17368,6,500.9799999999986,2,263.08000000000004,swap,notBad
17369,6,500.9799999999986,2,263.08000000000004,swap,notBad
17370,6,500.9799999999986,2,263.08000000000004,move,improve
17371,6,500.9799999999986,2,263.08000000000004,move,improve
17372,6,500.9799999999986,2,263.08000000000004,move,improve
17373,6,500.9799999999986,2,263.08000000000004,swap,notBad
17374,6,500.9799999999986,2,263.08000000000004,move,improve
17375,6,500.9799999999986,2,263.08000000000004,swap,notBad
17376,6,500.9799999999986,2,263.08000000000004,swap,notBad
17377,6,500.9799999999986,2,263.08000000000004,move,improve
17378,6,500.9799999999986,2,263.08000000000004,move,improve
17379,6,500.9799999999986,2,263.08000000000004,swap,notBad
17380,6,500.9799999999986,2,263.08000000000004,swap,notBad
17381,6,500.9799999999986,2,263.08000000000004,move,improve
17382,6,500.9799999999986,2,263.08000000000004,2opt,notBad
17383,6,500.9799999999986,2,263.08000000000004,2opt,notBad
17384,6,500.9799999999986,2,263.08000000000004,swap,notBad
17385,6,500.9799999999986,2,263.08000000000004,2opt,notBad
17386,6,500.9799999999986,2,263.08000000000004,move,improve
17387,6,500.9799999999986,2,263.08000000000004,move,improve
17388,6,500.7399999999989,2,263.08000000000004,swap,improve
17389,6,500.7399999999989,2,263.08000000000004,2opt,notBad
17390,6,500.7399999999989,2,263.08000000000004,swap,notBad
17391,6,500.7399999999989,2,263.08000000000004,swap,notBad
17392,6,500.7399999999989,2,263.08000000000004,2opt,notBad
17393,6,500.7399999999989,2,263.08000000000004,2opt,notBad
17394,6,500.7399999999989,2,263.08000000000004,move,improve
17395,6,500.7399999999989,2,263.08000000000004,move,improve
17396,6,500.7399999999989,2,263.08000000000004,move,improve
17397,6,500.7399999999989,2,263.08000000000004,2opt,notBad
17398,6,500.7399999999989,2,263.08000000000004,move,improve
17399,6,500.7399999999989,2,263.08000000000004,move,improve
17400,6,500.7399999999989,2,263.08000000000004,2opt,notBad
17401,6,500.7399999999989,2,263.08000000000004,move,improve
17402,6,500.7399999999989,2,263.08000000000004,2opt,notBad
17403,6,500.7399999999989,2,263.08000000000004,move,improve
17404,6,500.7399999999989,2,263.08000000000004,move,improve
17405,6,500.7399999999989,2,263.08000000000004,move,improve
17406,6,500.7399999999989,2,263.08000000000004,move,improve
17407,6,500.7399999999989,2,263.08000000000004,2opt,notBad
17408,6,500.7399999999989,2,263.08000000000004,move,improve
17409,6,500.7399999999989,2,263.08000000000004,2opt,notBad
17410,6,500.7399999999989,2,263.08000000000004,2opt,notBad
17411,6,500.7399999999989,2,263.08000000000004,move,improve
17412,6,500.7399999999989,2,263.08000000000004,swap,notBad
17413,6,500.7399999999989,2,263.08000000000004,move,improve
17414,6,500.7399999999989,2,263.08000000000004,move,improve
17415,6,500.7399999999989,2,263.08000000000004,2opt,notBad
17416,6,500.7399999999989,2,263.08000000000004,swap,notBad
17417,6,500.7399999999989,2,263.08000000000004,swap,notBad
17418,6,500.7399999999989,2,263.08000000000004,2opt,notBad
17419,6,500.7399999999989,2,263.08000000000004,move,improve
17420,6,500.7399999999989,2,263.08000000000004,move,improve
17421,6,500.7399999999989,2,263.08000000000004,swap,notBad
17422,6,500.7399999999989,2,263.08000000000004,move,improve
17423,6,500.7399999999989,2,263.08000000000004,2opt,improve
17424,6,500.7399999999989,2,263.08000000000004,swap,notBad
17425,6,500.7399999999989,2,263.08000000000004,swap,notBad
17426,6,500.7399999999989,2,263.08000000000004,swap,notBad
17427,6,500.7399999999989,2,263.08000000000004,2opt,notBad
17428,6,500.7399999999989,2,263.08000000000004,2opt,notBad
17429,6,500.7399999999989,2,263.08000000000004,swap,notBad
17430,6,500.7399999999989,2,263.08000000000004,2opt,notBad
17431,6,500.7399999999989,2,263.08000000000004,move,improve
17432,6,500.7399999999989,2,263.08000000000004,move,improve
17433,6,500.7399999999989,2,263.08000000000004,move,improve
17434,6,500.7399999999989,2,263.08000000000004,move,improve
17435,6,500.7399999999989,2,263.08000000000004,2opt,notBad
17436,6,500.7399999999989,2,263.08000000000004,2opt,notBad
17437,6,500.7399999999989,2,263.08000000000004,swap,notBad
17438,6,500.7399999999989,2,263.08000000000004,2opt,notBad
17439,6,500.7399999999989,2,263.08000000000004,move,improve
17440,6,500.7399999999989,2,263.08000000000004,move,improve
17441,6,500.7399999999989,2,263.08000000000004,swap,notBad
17442,6,500.7399999999989,2,263.08000000000004,swap,notBad
17443,6,500.7399999999989,2,263.08000000000004,move,improve
17444,6,500.7399999999989,2,263.08000000000004,2opt,notBad
17445,6,500.7399999999989,2,263.08000000000004,2opt,notBad
17446,6,500.7399999999989,2,263.08000000000004,swap,notBad
17447,6,500.7399999999989,2,263.08000000000004,swap,notBad
17448,6,500.7399999999989,2,263.08000000000004,2opt,notBad
17449,6,500.7399999999989,2,263.08000000000004,2opt,notBad
17450,6,500.7399999999989,2,263.08000000000004,move,improve
17451,6,500.7399999999989,2,263.08000000000004,swap,notBad
17452,6,500.7399999999989,2,263.08000000000004,2opt,notBad
17453,6,500.7399999999989,2,263.08000000000004,swap,notBad
17454,6,500.7399999999989,2,263.08000000000004,move,improve
17455,6,500.7399999999989,2,263.08000000000004,2opt,notBad
17456,6,500.7399999999989,2,263.08000000000004,move,improve
17457,6,500.7399999999989,2,263.08000000000004,2opt,notBad
17458,6,500.7399999999989,2,263.08000000000004,2opt,notBad
17459,6,500.7399999999989,2,263.08000000000004,move,improve
17460,6,500.7399999999989,2,263.08000000000004,2opt,notBad
17461,6,500.7399999999989,2,263.08000000000004,move,improve
17462,6,500.7399999999989,2,263.08000000000004,swap,notBad
17463,6,500.7399999999989,2,263.08000000000004,swap,notBad
17464,6,500.7399999999989,2,263.08000000000004,2opt,notBad
17465,6,500.7399999999989,2,263.08000000000004,move,improve
17466,6,500.7399999999989,2,263.08000000000004,move,improve
17467,6,500.7399999999989,2,263.08000000000004,swap,notBad
17468,6,500.7399999999989,2,263.08000000000004,move,improve
17469,6,500.7399999999989,2,263.08000000000004,swap,notBad
17470,6,500.7399999999989,2,263.08000000000004,move,improve
17471,6,500.7399999999989,2,263.08000000000004,swap,notBad
17472,6,500.7399999999989,2,263.08000000000004,swap,notBad
17473,6,500.7399999999989,2,263.08000000000004,move,improve
17474,6,500.7399999999989,2,263.08000000000004,2opt,notBad
17475,6,500.7399999999989,2,263.08000000000004,swap,notBad
17476,6,500.7399999999989,2,263.08000000000004,move,improve
17477,6,500.7399999999989,2,263.08000000000004,2opt,improve
17478,6,500.7399999999989,2,263.08000000000004,swap,notBad
17479,6,500.7399999999989,2,263.08000000000004,move,improve
17480,6,500.7399999999989,2,263.08000000000004,move,improve
17481,6,500.7399999999989,2,263.08000000000004,swap,notBad
17482,6,500.7399999999989,2,263.08000000000004,swap,notBad
17483,6,500.7399999999989,2,263.08000000000004,move,improve
17484,6,500.7399999999989,2,263.08000000000004,swap,notBad
17485,6,500.7399999999989,2,263.08000000000004,2opt,notBad
17486,6,500.7399999999989,2,263.08000000000004,2opt,notBad
17487,6,500.7399999999989,2,263.08000000000004,move,improve
17488,6,500.7399999999989,2,263.08000000000004,swap,notBad
17489,6,500.7399999999989,2,263.08000000000004,swap,notBad
17490,6,500.7399999999989,2,263.08000000000004,swap,notBad
17491,6,500.7399999999989,2,263.08000000000004,2opt,notBad
17492,6,500.7399999999989,2,263.08000000000004,move,improve
17493,6,500.7399999999989,2,263.08000000000004,2opt,notBad
17494,6,500.7399999999989,2,263.08000000000004,swap,notBad
17495,6,500.7399999999989,2,263.08000000000004,move,improve
17496,6,500.7399999999989,2,263.08000000000004,move,improve
17497,6,500.7399999999989,2,263.08000000000004,2opt,notBad
17498,6,500.7399999999989,2,263.08000000000004,2opt,notBad
17499,6,500.7399999999989,2,263.08000000000004,swap,notBad
17500,6,500.7399999999989,2,263.08000000000004,2opt,notBad
17501,6,500.7399999999989,2,263.08000000000004,2opt,notBad
17502,6,500.7399999999989,2,263.08000000000004,move,improve
17503,6,500.7399999999989,2,263.08000000000004,2opt,notBad
17504,6,500.7399999999989,2,263.08000000000004,swap,notBad
17505,6,500.7399999999989,2,263.08000000000004,2opt,notBad
17506,6,500.7399999999989,2,263.08000000000004,2opt,notBad
17507,6,500.7399999999989,2,263.08000000000004,swap,notBad
17508,6,500.7399999999989,2,263.08000000000004,move,improve
17509,6,500.7399999999989,2,263.08000000000004,move,improve
17510,6,500.7399999999989,2,263.08000000000004,2opt,notBad
17511,6,500.7399999999989,2,263.08000000000004,2opt,improve
17512,6,500.7399999999989,2,263.08000000000004,2opt,notBad
17513,6,500.7399999999989,2,263.08000000000004,2opt,notBad
17514,6,500.7399999999989,2,263.08000000000004,move,improve
17515,6,500.7399999999989,2,263.08000000000004,swap,notBad
17516,6,500.7399999999989,2,263.08000000000004,swap,notBad
17517,6,500.7399999999989,2,263.08000000000004,2opt,notBad
17518,6,500.7399999999989,2,263.08000000000004,swap,notBad
17519,6,500.7399999999989,2,263.08000000000004,move,improve
17520,6,500.7399999999989,2,263.08000000000004,2opt,notBad
17521,6,500.7399999999989,2,263.08000000000004,2opt,notBad
17522,6,500.7399999999989,2,263.08000000000004,2opt,notBad
17523,6,500.7399999999989,2,263.08000000000004,2opt,notBad
17524,6,500.7399999999989,2,263.08000000000004,2opt,notBad
17525,6,500.7399999999989,2,263.08000000000004,swap,notBad
17526,6,500.7399999999989,2,263.08000000000004,swap,notBad
17527,6,500.7399999999989,2,263.08000000000004,move,improve
17528,6,500.7399999999989,2,263.08000000000004,swap,notBad
17529,6,500.7399999999989,2,263.08000000000004,2opt,notBad
17530,6,500.7399999999989,2,263.08000000000004,move,improve
17531,6,500.7399999999989,2,263.08000000000004,move,improve
17532,6,500.7399999999989,2,263.08000000000004,move,improve
17533,6,500.7399999999989,2,263.08000000000004,2opt,notBad
17534,6,500.7399999999989,2,263.08000000000004,move,improve
17535,6,500.7399999999989,2,263.08000000000004,2opt,notBad
17536,6,500.7399999999989,2,263.08000000000004,move,improve
17537,6,500.7399999999989,2,263.08000000000004,move,improve
17538,6,500.7399999999989,2,263.08000000000004,swap,notBad
17539,6,500.7399999999989,2,263.08000000000004,2opt,notBad
17540,6,500.7399999999989,2,263.08000000000004,2opt,notBad
17541,6,500.7399999999989,2,263.08000000000004,move,improve
17542,6,500.7399999999989,2,263.08000000000004,2opt,notBad
17543,6,500.7399999999989,2,263.08000000000004,2opt,notBad
17544,6,500.7399999999989,2,263.08000000000004,swap,notBad
17545,6,500.7399999999989,2,263.08000000000004,move,improve
17546,6,500.7399999999989,2,263.08000000000004,move,improve
17547,6,500.7399999999989,2,263.08000000000004,2opt,improve
17548,6,500.7399999999989,2,263.08000000000004,swap,notBad
17549,6,500.7399999999989,2,263.08000000000004,move,improve
17550,6,500.7399999999989,2,263.08000000000004,swap,notBad
17551,6,500.7399999999989,2,263.08000000000004,move,improve
17552,6,500.7399999999989,2,263.08000000000004,2opt,notBad
17553,6,500.7399999999989,2,263.08000000000004,2opt,improve
17554,6,500.7399999999989,2,263.08000000000004,swap,notBad
17555,6,500.7399999999989,2,263.08000000000004,2opt,notBad
17556,6,500.7399999999989,2,263.08000000000004,2opt,notBad
17557,6,500.7399999999989,2,263.08000000000004,2opt,notBad
17558,6,500.7399999999989,2,263.08000000000004,2opt,notBad
17559,6,500.7399999999989,2,263.08000000000004,2opt,notBad
17560,6,500.7399999999989,2,263.08000000000004,2opt,notBad
17561,6,500.7399999999989,2,263.08000000000004,2opt,notBad
17562,6,500.7399999999989,2,263.08000000000004,swap,notBad
17563,6,500.7399999999989,2,263.08000000000004,swap,notBad
17564,6,500.7399999999989,2,263.08000000000004,swap,notBad
17565,6,500.7399999999989,2,263.08000000000004,2opt,notBad
17566,6,500.7399999999989,2,263.08000000000004,2opt,notBad
17567,6,500.7399999999989,2,263.08000000000004,swap,notBad
17568,6,500.7399999999989,2,263.08000000000004,2opt,notBad
17569,6,500.7399999999989,2,263.08000000000004,2opt,notBad
17570,6,500.7399999999989,2,263.08000000000004,swap,notBad
17571,6,500.7399999999989,2,263.08000000000004,move,improve
17572,6,500.7399999999989,2,263.08000000000004,2opt,notBad
17573,6,500.7399999999989,2,263.08000000000004,2opt,notBad
17574,6,500.7399999999989,2,263.08000000000004,2opt,notBad
17575,6,500.7399999999989,2,263.08000000000004,2opt,notBad
17576,6,500.7399999999989,2,263.08000000000004,2opt,notBad
17577,6,500.7399999999989,2,263.08000000000004,swap,notBad
17578,6,500.7399999999989,2,263.08000000000004,2opt,notBad
17579,6,500.7399999999989,2,263.08000000000004,2opt,notBad
17580,6,500.7399999999989,2,263.08000000000004,2opt,notBad
17581,6,500.7399999999989,2,263.08000000000004,move,improve
17582,6,500.7399999999989,2,263.08000000000004,move,improve
17583,6,500.7399999999989,2,263.08000000000004,swap,notBad
17584,6,500.7399999999989,2,263.08000000000004,move,improve
17585,6,500.7399999999989,2,263.08000000000004,swap,notBad
17586,6,500.7399999999989,2,263.08000000000004,swap,notBad
17587,6,500.7399999999989,2,263.08000000000004,2opt,notBad
17588,6,500.7399999999989,2,263.08000000000004,swap,notBad
17589,6,500.7399999999989,2,263.08000000000004,swap,notBad
17590,6,500.7399999999989,2,263.08000000000004,move,improve
17591,6,500.7399999999989,2,263.08000000000004,move,improve
17592,6,500.7399999999989,2,263.08000000000004,2opt,notBad
17593,6,500.7399999999989,2,263.08000000000004,move,improve
17594,6,500.7399999999989,2,263.08000000000004,swap,notBad
17595,6,500.7399999999989,2,263.08000000000004,2opt,notBad
17596,6,500.7399999999989,2,263.08000000000004,2opt,notBad
17597,6,500.7399999999989,2,263.08000000000004,2opt,notBad
17598,6,500.7399999999989,2,263.08000000000004,swap,notBad
17599,6,500.7399999999989,2,263.08000000000004,2opt,notBad
17600,6,500.7399999999989,2,263.08000000000004,swap,notBad
17601,6,500.7399999999989,2,263.08000000000004,swap,notBad
17602,6,500.7399999999989,2,263.08000000000004,2opt,notBad
17603,6,500.7399999999989,2,263.08000000000004,move,improve
17604,6,500.7399999999989,2,263.08000000000004,2opt,notBad
17605,6,500.7399999999989,2,263.08000000000004,move,improve
17606,6,500.7399999999989,2,263.08000000000004,move,improve
17607,6,500.7399999999989,2,263.08000000000004,2opt,notBad
17608,6,500.7399999999989,2,263.08000000000004,2opt,notBad
17609,6,500.7399999999989,2,263.08000000000004,2opt,notBad
17610,6,500.7399999999989,2,263.08000000000004,move,improve
17611,6,500.7399999999989,2,263.08000000000004,move,improve
17612,6,500.7399999999989,2,263.08000000000004,2opt,notBad
17613,6,500.7399999999989,2,263.08000000000004,swap,notBad
17614,6,500.7399999999989,2,263.08000000000004,move,improve
17615,6,500.7399999999989,2,263.08000000000004,2opt,improve
17616,6,500.7399999999989,2,263.08000000000004,move,improve
17617,6,500.7399999999989,2,263.08000000000004,2opt,notBad
17618,6,500.7399999999989,2,263.08000000000004,move,improve
17619,6,500.7399999999989,2,263.08000000000004,2opt,notBad
17620,6,500.7399999999989,2,263.08000000000004,swap,notBad
17621,6,500.7399999999989,2,263.08000000000004,move,notBad
17622,6,500.7399999999989,2,263.08000000000004,2opt,notBad
17623,6,500.7399999999989,2,263.08000000000004,2opt,improve
17624,6,500.7399999999989,2,263.08000000000004,swap,notBad
17625,6,500.7399999999989,2,263.08000000000004,move,improve
17626,6,500.7399999999989,2,263.08000000000004,2opt,notBad
17627,6,500.7399999999989,2,263.08000000000004,swap,notBad
17628,6,500.7399999999989,2,263.08000000000004,2opt,notBad
17629,6,500.7399999999989,2,263.08000000000004,2opt,notBad
17630,6,500.7399999999989,2,263.08000000000004,move,improve
17631,6,500.7399999999989,2,263.08000000000004,2opt,notBad
17632,6,500.7399999999989,2,263.08000000000004,2opt,notBad
17633,6,500.7399999999989,2,263.08000000000004,swap,notBad
17634,6,500.7399999999989,2,263.08000000000004,2opt,notBad
17635,6,500.7399999999989,2,263.08000000000004,2opt,notBad
17636,6,500.7399999999989,2,263.08000000000004,swap,notBad
17637,6,500.7399999999989,2,263.08000000000004,move,improve
17638,6,500.7399999999989,2,263.08000000000004,swap,notBad
17639,6,500.7399999999989,2,263.08000000000004,2opt,notBad
17640,6,500.7399999999989,2,263.08000000000004,swap,notBad
17641,6,500.7399999999989,2,263.08000000000004,2opt,notBad
17642,6,500.7399999999989,2,263.08000000000004,move,improve
17643,6,500.7399999999989,2,263.08000000000004,swap,notBad
17644,6,500.7399999999989,2,263.08000000000004,swap,notBad
17645,6,500.7399999999989,2,263.08000000000004,move,improve
17646,6,500.7399999999989,2,263.08000000000004,move,improve
17647,6,500.7399999999989,2,263.08000000000004,2opt,notBad
17648,6,500.7399999999989,2,263.08000000000004,move,improve
17649,6,500.7399999999989,2,263.08000000000004,2opt,notBad
17650,6,500.7399999999989,2,263.08000000000004,move,improve
17651,6,500.7399999999989,2,263.08000000000004,2opt,notBad
17652,6,500.7399999999989,2,263.08000000000004,swap,notBad
17653,6,500.7399999999989,2,263.08000000000004,swap,notBad
17654,6,500.7399999999989,2,263.08000000000004,2opt,notBad
17655,6,500.7399999999989,2,263.08000000000004,move,notBad
17656,6,500.7399999999989,2,263.08000000000004,swap,notBad
17657,6,500.7399999999989,2,263.08000000000004,move,improve
17658,6,500.7399999999989,2,263.08000000000004,2opt,notBad
17659,6,500.7399999999989,2,263.08000000000004,move,improve
17660,6,500.7399999999989,2,263.08000000000004,2opt,notBad
17661,6,500.7399999999989,2,263.08000000000004,swap,notBad
17662,6,500.7399999999989,2,263.08000000000004,move,improve
17663,6,500.7399999999989,2,263.08000000000004,move,improve
17664,6,500.7399999999989,2,263.08000000000004,move,improve
17665,6,500.7399999999989,2,263.08000000000004,2opt,notBad
17666,6,500.7399999999989,2,263.08000000000004,move,improve
17667,6,500.7399999999989,2,263.08000000000004,move,improve
17668,6,500.7399999999989,2,263.08000000000004,2opt,notBad
17669,6,500.7399999999989,2,263.08000000000004,2opt,notBad
17670,6,500.7399999999989,2,263.08000000000004,2opt,notBad
17671,6,500.7399999999989,2,263.08000000000004,2opt,notBad
17672,6,500.7399999999989,2,263.08000000000004,2opt,notBad
17673,6,500.7399999999989,2,263.08000000000004,2opt,notBad
17674,6,500.7399999999989,2,263.08000000000004,2opt,notBad
17675,6,500.7399999999989,2,263.08000000000004,move,improve
17676,6,500.7399999999989,2,263.08000000000004,swap,notBad
17677,6,500.7399999999989,2,263.08000000000004,2opt,notBad
17678,6,500.7399999999989,2,263.08000000000004,swap,notBad
17679,6,500.7399999999989,2,263.08000000000004,move,improve
17680,6,500.7399999999989,2,263.08000000000004,move,improve
17681,6,500.7399999999989,2,263.08000000000004,2opt,notBad
17682,6,500.7399999999989,2,263.08000000000004,move,improve
17683,6,500.7399999999989,2,263.08000000000004,2opt,notBad
17684,6,500.7399999999989,2,263.08000000000004,swap,notBad
17685,6,500.7399999999989,2,263.08000000000004,swap,notBad
17686,6,500.7399999999989,2,263.08000000000004,move,improve
17687,6,500.7399999999989,2,263.08000000000004,2opt,notBad
17688,6,500.7399999999989,2,263.08000000000004,move,improve
17689,6,500.7399999999989,2,263.08000000000004,move,improve
17690,6,500.7399999999989,2,263.08000000000004,swap,notBad
17691,6,500.7399999999989,2,263.08000000000004,2opt,notBad
17692,6,500.7399999999989,2,263.08000000000004,2opt,notBad
17693,6,500.7399999999989,2,263.08000000000004,2opt,notBad
17694,6,500.7399999999989,2,263.08000000000004,swap,notBad
17695,6,500.7399999999989,2,263.08000000000004,move,improve
17696,6,500.7399999999989,2,263.08000000000004,2opt,notBad
17697,6,500.7399999999989,2,263.08000000000004,swap,notBad
17698,6,500.7399999999989,2,263.08000000000004,swap,notBad
17699,6,500.7399999999989,2,263.08000000000004,2opt,notBad
17700,6,500.7399999999989,2,263.08000000000004,2opt,notBad
17701,6,500.7399999999989,2,263.08000000000004,move,improve
17702,6,500.7399999999989,2,263.08000000000004,move,improve
17703,6,500.7399999999989,2,263.08000000000004,move,improve
17704,6,500.7399999999989,2,263.08000000000004,2opt,notBad
17705,6,500.7399999999989,2,263.08000000000004,2opt,notBad
17706,6,500.7399999999989,2,263.08000000000004,move,improve
17707,6,500.7399999999989,2,263.08000000000004,swap,notBad
17708,6,500.7399999999989,2,263.08000000000004,2opt,notBad
17709,6,500.7399999999989,2,263.08000000000004,2opt,improve
17710,6,500.7399999999989,2,263.08000000000004,2opt,notBad
17711,6,500.7399999999989,2,263.08000000000004,swap,notBad
17712,6,500.7399999999989,2,263.08000000000004,move,improve
17713,6,500.7399999999989,2,263.08000000000004,swap,notBad
17714,6,500.7399999999989,2,263.08000000000004,swap,notBad
17715,6,500.7399999999989,2,263.08000000000004,move,improve
17716,6,500.7399999999989,2,263.08000000000004,2opt,notBad
17717,6,500.7399999999989,2,263.08000000000004,2opt,notBad
17718,6,500.7399999999989,2,263.08000000000004,move,improve
17719,6,500.7399999999989,2,263.08000000000004,swap,notBad
17720,6,500.7399999999989,2,263.08000000000004,swap,notBad
17721,6,500.7399999999989,2,263.08000000000004,swap,notBad
17722,6,500.7399999999989,2,263.08000000000004,move,improve
17723,6,500.7399999999989,2,263.08000000000004,move,improve
17724,6,500.7399999999989,2,263.08000000000004,2opt,notBad
17725,6,500.7399999999989,2,263.08000000000004,swap,notBad
17726,6,500.7399999999989,2,263.08000000000004,swap,notBad
17727,6,500.7399999999989,2,263.08000000000004,swap,notBad
17728,6,500.7399999999989,2,263.08000000000004,move,improve
17729,6,500.7399999999989,2,263.08000000000004,2opt,notBad
17730,6,500.7399999999989,2,263.08000000000004,swap,notBad
17731,6,500.7399999999989,2,263.08000000000004,swap,notBad
17732,6,500.7399999999989,2,263.08000000000004,swap,notBad
17733,6,500.7399999999989,2,263.08000000000004,2opt,notBad
17734,6,500.7399999999989,2,263.08000000000004,2opt,notBad
17735,6,500.7399999999989,2,263.08000000000004,move,improve
17736,6,500.7399999999989,2,263.08000000000004,swap,notBad
17737,6,500.7399999999989,2,263.08000000000004,2opt,notBad
17738,6,500.7399999999989,2,263.08000000000004,move,improve
17739,6,500.7399999999989,2,263.08000000000004,swap,notBad
17740,6,500.7399999999989,2,263.08000000000004,swap,notBad
17741,6,500.7399999999989,2,263.08000000000004,swap,notBad
17742,6,500.7399999999989,2,263.08000000000004,move,improve
17743,6,500.7399999999989,2,263.08000000000004,2opt,notBad
17744,6,500.7399999999989,2,263.08000000000004,2opt,notBad
17745,6,500.7399999999989,2,263.08000000000004,2opt,notBad
17746,6,500.7399999999989,2,263.08000000000004,swap,notBad
17747,6,500.7399999999989,2,263.08000000000004,move,improve
17748,6,500.7399999999989,2,263.08000000000004,swap,notBad
17749,6,500.7399999999989,2,263.08000000000004,swap,notBad
17750,6,500.7399999999989,2,263.08000000000004,swap,notBad
17751,6,500.7399999999989,2,263.08000000000004,move,improve
17752,6,500.7399999999989,2,263.08000000000004,2opt,notBad
17753,6,500.7399999999989,2,263.08000000000004,2opt,notBad
17754,6,500.7399999999989,2,263.08000000000004,2opt,notBad
17755,6,500.7399999999989,2,263.08000000000004,2opt,notBad
17756,6,500.7399999999989,2,263.08000000000004,swap,notBad
17757,6,500.7399999999989,2,263.08000000000004,2opt,notBad
17758,6,500.7399999999989,2,263.08000000000004,2opt,notBad
17759,6,500.7399999999989,2,263.08000000000004,move,improve
17760,6,500.7399999999989,2,263.08000000000004,2opt,notBad
17761,6,500.7399999999989,2,263.08000000000004,swap,notBad
17762,6,500.7399999999989,2,263.08000000000004,2opt,notBad
17763,6,500.7399999999989,2,263.08000000000004,move,notBad
17764,6,500.7399999999989,2,263.08000000000004,move,improve
17765,6,500.7399999999989,2,263.08000000000004,2opt,notBad
17766,6,500.7399999999989,2,263.08000000000004,move,improve
17767,6,500.7399999999989,2,263.08000000000004,2opt,notBad
17768,6,500.7399999999989,2,263.08000000000004,2opt,improve
17769,6,500.7399999999989,2,263.08000000000004,2opt,notBad
17770,6,500.7399999999989,2,263.08000000000004,move,improve
17771,6,500.7399999999989,2,263.08000000000004,move,improve
17772,6,500.7399999999989,2,263.08000000000004,2opt,improve
17773,6,500.7399999999989,2,263.08000000000004,2opt,notBad
17774,6,500.7399999999989,2,263.08000000000004,move,improve
17775,6,500.7399999999989,2,263.08000000000004,swap,notBad
17776,6,500.7399999999989,2,263.08000000000004,move,improve
17777,6,500.7399999999989,2,263.08000000000004,move,improve
17778,6,500.7399999999989,2,263.08000000000004,move,notBad
17779,6,500.7399999999989,2,263.08000000000004,2opt,notBad
17780,6,500.7399999999989,2,263.08000000000004,move,improve
17781,6,500.7399999999989,2,263.08000000000004,2opt,notBad
17782,6,500.7399999999989,2,263.08000000000004,swap,notBad
17783,6,500.7399999999989,2,263.08000000000004,move,improve
17784,6,500.7399999999989,2,263.08000000000004,2opt,notBad
17785,6,500.7399999999989,2,263.08000000000004,swap,notBad
17786,6,500.7399999999989,2,263.08000000000004,swap,notBad
17787,6,500.7399999999989,2,263.08000000000004,swap,notBad
17788,6,500.7399999999989,2,263.08000000000004,move,improve
17789,6,500.7399999999989,2,263.08000000000004,2opt,notBad
17790,6,500.7399999999989,2,263.08000000000004,move,improve
17791,6,500.7399999999989,2,263.08000000000004,2opt,notBad
17792,6,500.7399999999989,2,263.08000000000004,2opt,notBad
17793,6,500.7399999999989,2,263.08000000000004,swap,notBad
17794,6,500.7399999999989,2,263.08000000000004,swap,notBad
17795,6,500.7399999999989,2,263.08000000000004,move,improve
17796,6,500.7399999999989,2,263.08000000000004,swap,notBad
17797,6,500.7399999999989,2,263.08000000000004,move,improve
17798,6,500.7399999999989,2,263.08000000000004,move,improve
17799,6,500.7399999999989,2,263.08000000000004,2opt,notBad
17800,6,500.7399999999989,2,263.08000000000004,move,improve
17801,6,500.7399999999989,2,263.08000000000004,2opt,notBad
17802,6,500.7399999999989,2,263.08000000000004,swap,notBad
17803,6,500.7399999999989,2,263.08000000000004,swap,notBad
17804,6,500.7399999999989,2,263.08000000000004,2opt,notBad
17805,6,500.7399999999989,2,263.08000000000004,move,notBad
17806,6,500.7399999999989,2,263.08000000000004,2opt,notBad
17807,6,500.7399999999989,2,263.08000000000004,2opt,notBad
17808,6,500.7399999999989,2,263.08000000000004,2opt,notBad
17809,6,500.7399999999989,2,263.08000000000004,2opt,notBad
17810,6,500.7399999999989,2,263.08000000000004,2opt,notBad
17811,6,500.7399999999989,2,263.08000000000004,move,improve
17812,6,500.7399999999989,2,263.08000000000004,swap,notBad
17813,6,500.7399999999989,2,263.08000000000004,2opt,notBad
17814,6,500.7399999999989,2,263.08000000000004,move,improve
17815,6,500.7399999999989,2,263.08000000000004,move,improve
17816,6,500.7399999999989,2,263.08000000000004,2opt,notBad
17817,6,500.7399999999989,2,263.08000000000004,move,improve
17818,6,500.7399999999989,2,263.08000000000004,move,improve
17819,6,500.7399999999989,2,263.08000000000004,swap,notBad
17820,6,500.7399999999989,2,263.08000000000004,2opt,notBad
17821,6,500.7399999999989,2,263.08000000000004,swap,notBad
17822,6,500.7399999999989,2,263.08000000000004,2opt,notBad
17823,6,500.7399999999989,2,263.08000000000004,move,improve
17824,6,500.7399999999989,2,263.08000000000004,swap,notBad
17825,6,500.7399999999989,2,263.08000000000004,swap,notBad
17826,6,500.7399999999989,2,263.08000000000004,2opt,notBad
17827,6,500.7399999999989,2,263.08000000000004,2opt,notBad
17828,6,500.7399999999989,2,263.08000000000004,2opt,notBad
17829,6,500.7399999999989,2,263.08000000000004,move,improve
17830,6,500.7399999999989,2,263.08000000000004,move,improve
17831,6,500.7399999999989,2,263.08000000000004,2opt,notBad
17832,6,500.7399999999989,2,263.08000000000004,move,improve
17833,6,500.7399999999989,2,263.08000000000004,move,improve
17834,6,500.7399999999989,2,263.08000000000004,2opt,notBad
17835,6,500.7399999999989,2,263.08000000000004,move,improve
17836,6,500.7399999999989,2,263.08000000000004,2opt,notBad
17837,6,500.7399999999989,2,263.08000000000004,swap,notBad
17838,6,500.7399999999989,2,263.08000000000004,swap,notBad
17839,6,500.7399999999989,2,263.08000000000004,swap,notBad
17840,6,500.7399999999989,2,263.08000000000004,swap,notBad
17841,6,500.7399999999989,2,263.08000000000004,swap,notBad
17842,6,500.7399999999989,2,263.08000000000004,2opt,notBad
17843,6,500.7399999999989,2,263.08000000000004,2opt,notBad
17844,6,500.7399999999989,2,263.08000000000004,2opt,notBad
17845,6,500.7399999999989,2,263.08000000000004,swap,notBad
17846,6,500.7399999999989,2,263.08000000000004,2opt,notBad
17847,6,500.7399999999989,2,263.08000000000004,2opt,notBad
17848,6,500.7399999999989,2,263.08000000000004,swap,notBad
17849,6,500.7399999999989,2,263.08000000000004,2opt,notBad
17850,6,500.7399999999989,2,263.08000000000004,2opt,notBad
17851,6,500.7399999999989,2,263.08000000000004,move,improve
17852,6,500.7399999999989,2,263.08000000000004,2opt,notBad
17853,6,500.7399999999989,2,263.08000000000004,move,improve
17854,6,500.7399999999989,2,263.08000000000004,swap,notBad
17855,6,500.7399999999989,2,263.08000000000004,swap,notBad
17856,6,500.7399999999989,2,263.08000000000004,2opt,notBad
17857,6,500.7399999999989,2,263.08000000000004,swap,notBad
17858,6,500.7399999999989,2,263.08000000000004,2opt,notBad
17859,6,500.7399999999989,2,263.08000000000004,move,improve
17860,6,500.7399999999989,2,263.08000000000004,swap,notBad
17861,6,500.7399999999989,2,263.08000000000004,move,notBad
17862,6,500.7399999999989,2,263.08000000000004,2opt,notBad
17863,6,500.7399999999989,2,263.08000000000004,move,improve
17864,6,500.7399999999989,2,263.08000000000004,move,improve
17865,6,500.7399999999989,2,263.08000000000004,swap,notBad
17866,6,500.7399999999989,2,263.08000000000004,swap,notBad
17867,6,500.7399999999989,2,263.08000000000004,swap,notBad
17868,6,500.7399999999989,2,263.08000000000004,2opt,notBad
17869,6,500.7399999999989,2,263.08000000000004,move,improve
17870,6,500.7399999999989,2,263.08000000000004,2opt,notBad
17871,6,500.7399999999989,2,263.08000000000004,move,improve
17872,6,500.7399999999989,2,263.08000000000004,move,improve
17873,6,500.7399999999989,2,263.08000000000004,swap,notBad
17874,6,500.7399999999989,2,263.08000000000004,swap,notBad
17875,6,500.7399999999989,2,263.08000000000004,2opt,notBad
17876,6,500.7399999999989,2,263.08000000000004,2opt,notBad
17877,6,500.7399999999989,2,263.08000000000004,2opt,notBad
17878,6,500.7399999999989,2,263.08000000000004,2opt,notBad
17879,6,500.7399999999989,2,263.08000000000004,swap,notBad
17880,6,500.7399999999989,2,263.08000000000004,2opt,notBad
17881,6,500.7399999999989,2,263.08000000000004,2opt,notBad
17882,6,500.7399999999989,2,263.08000000000004,move,improve
17883,6,500.7399999999989,2,263.08000000000004,move,improve
17884,6,500.7399999999989,2,263.08000000000004,swap,notBad
17885,6,500.7399999999989,2,263.08000000000004,2opt,notBad
17886,6,500.7399999999989,2,263.08000000000004,swap,notBad
17887,6,500.7399999999989,2,263.08000000000004,move,improve
17888,6,500.7399999999989,2,263.08000000000004,swap,notBad
17889,6,500.7399999999989,2,263.08000000000004,swap,notBad
17890,6,500.7399999999989,2,263.08000000000004,swap,notBad
17891,6,500.7399999999989,2,263.08000000000004,2opt,notBad
17892,6,500.7399999999989,2,263.08000000000004,move,improve
17893,6,500.7399999999989,2,263.08000000000004,2opt,notBad
17894,6,500.7399999999989,2,263.08000000000004,swap,notBad
17895,6,500.7399999999989,2,263.08000000000004,swap,notBad
17896,6,500.7399999999989,2,263.08000000000004,2opt,notBad
17897,6,500.7399999999989,2,263.08000000000004,swap,notBad
17898,6,500.7399999999989,2,263.08000000000004,move,improve
17899,6,500.7399999999989,2,263.08000000000004,swap,notBad
17900,6,500.7399999999989,2,263.08000000000004,swap,notBad
17901,6,500.7399999999989,2,263.08000000000004,swap,notBad
17902,6,500.7399999999989,2,263.08000000000004,swap,notBad
17903,6,500.7399999999989,2,263.08000000000004,move,improve
17904,6,500.7399999999989,2,263.08000000000004,2opt,notBad
17905,6,500.7399999999989,2,263.08000000000004,2opt,notBad
17906,6,500.7399999999989,2,263.08000000000004,swap,notBad
17907,6,500.7399999999989,2,263.08000000000004,2opt,notBad
17908,6,500.7399999999989,2,263.08000000000004,2opt,notBad
17909,6,500.7399999999989,2,263.08000000000004,swap,notBad
17910,6,500.7399999999989,2,263.08000000000004,2opt,notBad
17911,6,500.7399999999989,2,263.08000000000004,2opt,notBad
17912,6,500.7399999999989,2,263.08000000000004,swap,notBad
17913,6,500.7399999999989,2,263.08000000000004,swap,notBad
17914,6,500.7399999999989,2,263.08000000000004,move,improve
17915,6,500.7399999999989,2,263.08000000000004,swap,notBad
17916,6,500.7399999999989,2,263.08000000000004,move,improve
17917,6,500.7399999999989,2,263.08000000000004,swap,notBad
17918,6,500.7399999999989,2,263.08000000000004,2opt,notBad
17919,6,500.7399999999989,2,263.08000000000004,swap,notBad
17920,6,500.7399999999989,2,263.08000000000004,move,improve
17921,6,500.7399999999989,2,263.08000000000004,2opt,notBad
17922,6,500.7399999999989,2,263.08000000000004,swap,notBad
17923,6,500.7399999999989,2,263.08000000000004,swap,notBad
17924,6,500.7399999999989,2,263.08000000000004,swap,notBad
17925,6,500.7399999999989,2,263.08000000000004,move,improve
17926,6,500.7399999999989,2,263.08000000000004,move,improve
17927,6,500.7399999999989,2,263.08000000000004,move,improve
17928,6,500.7399999999989,2,263.08000000000004,swap,notBad
17929,6,500.7399999999989,2,263.08000000000004,swap,notBad
17930,6,500.7399999999989,2,263.08000000000004,2opt,notBad
17931,6,500.7399999999989,2,263.08000000000004,2opt,notBad
17932,6,500.7399999999989,2,263.08000000000004,swap,notBad
17933,6,500.7399999999989,2,263.08000000000004,swap,notBad
17934,6,500.7399999999989,2,263.08000000000004,swap,notBad
17935,6,500.7399999999989,2,263.08000000000004,swap,notBad
17936,6,500.7399999999989,2,263.08000000000004,move,improve
17937,6,500.7399999999989,2,263.08000000000004,move,improve
17938,6,500.7399999999989,2,263.08000000000004,2opt,notBad
17939,6,500.7399999999989,2,263.08000000000004,move,improve
17940,6,500.7399999999989,2,263.08000000000004,move,improve
17941,6,500.7399999999989,2,263.08000000000004,swap,notBad
17942,6,500.7399999999989,2,263.08000000000004,swap,notBad
17943,6,500.7399999999989,2,263.08000000000004,swap,notBad
17944,6,500.7399999999989,2,263.08000000000004,swap,notBad
17945,6,500.7399999999989,2,263.08000000000004,2opt,notBad
17946,6,500.7399999999989,2,263.08000000000004,2opt,notBad
17947,6,500.7399999999989,2,263.08000000000004,2opt,notBad
17948,6,500.7399999999989,2,263.08000000000004,swap,notBad
17949,6,500.7399999999989,2,263.08000000000004,swap,notBad
17950,6,500.7399999999989,2,263.08000000000004,move,improve
17951,6,500.7399999999989,2,263.08000000000004,2opt,improve
17952,6,500.7399999999989,2,263.08000000000004,swap,notBad
17953,6,500.7399999999989,2,263.08000000000004,move,improve
17954,6,500.7399999999989,2,263.08000000000004,2opt,notBad
17955,6,500.7399999999989,2,263.08000000000004,move,improve
17956,6,500.7399999999989,2,263.08000000000004,move,improve
17957,6,500.7399999999989,2,263.08000000000004,2opt,notBad
17958,6,500.7399999999989,2,263.08000000000004,move,improve
17959,6,500.7399999999989,2,263.08000000000004,move,improve
17960,6,500.7399999999989,2,263.08000000000004,2opt,notBad
17961,6,500.7399999999989,2,263.08000000000004,swap,notBad
17962,6,500.7399999999989,2,263.08000000000004,move,improve
17963,6,500.7399999999989,2,263.08000000000004,2opt,notBad
17964,6,500.7399999999989,2,263.08000000000004,move,improve
17965,6,500.7399999999989,2,263.08000000000004,2opt,notBad
17966,6,500.7399999999989,2,263.08000000000004,2opt,notBad
17967,6,500.7399999999989,2,263.08000000000004,move,notBad
17968,6,500.7399999999989,2,263.08000000000004,swap,notBad
17969,6,500.7399999999989,2,263.08000000000004,move,improve
17970,6,500.7399999999989,2,263.08000000000004,swap,notBad
17971,6,500.7399999999989,2,263.08000000000004,move,improve
17972,6,500.7399999999989,2,263.08000000000004,swap,notBad
17973,6,500.7399999999989,2,263.08000000000004,swap,notBad
17974,6,500.7399999999989,2,263.08000000000004,move,improve
17975,6,500.7399999999989,2,263.08000000000004,move,improve
17976,6,500.7399999999989,2,263.08000000000004,move,improve
17977,6,500.7399999999989,2,263.08000000000004,2opt,notBad
17978,6,500.7399999999989,2,263.08000000000004,swap,notBad
17979,6,500.7399999999989,2,263.08000000000004,2opt,notBad
17980,6,500.7399999999989,2,263.08000000000004,2opt,notBad
17981,6,500.9799999999986,2,263.08000000000004,swap,acceptBad
17982,6,500.9799999999986,2,263.08000000000004,swap,notBad
17983,6,500.9799999999986,2,263.08000000000004,swap,notBad
17984,6,500.9799999999986,2,263.08000000000004,2opt,notBad
17985,6,500.9799999999986,2,263.08000000000004,swap,notBad
17986,6,500.9799999999986,2,263.08000000000004,move,improve
17987,6,500.9799999999986,2,263.08000000000004,swap,notBad
17988,6,500.9799999999986,2,263.08000000000004,move,improve
17989,6,500.9799999999986,2,263.08000000000004,2opt,notBad
17990,6,500.9799999999986,2,263.08000000000004,swap,notBad
17991,6,500.9799999999986,2,263.08000000000004,2opt,notBad
17992,6,500.9799999999986,2,263.08000000000004,swap,notBad
17993,6,500.9799999999986,2,263.08000000000004,2opt,notBad
17994,6,500.9799999999986,2,263.08000000000004,2opt,improve
17995,6,500.9799999999986,2,263.08000000000004,move,improve
17996,6,500.9799999999986,2,263.08000000000004,move,improve
17997,6,500.9799999999986,2,263.08000000000004,swap,notBad
17998,6,500.9799999999986,2,263.08000000000004,move,improve
17999,6,500.9799999999986,2,263.08000000000004,move,improve
18000,6,500.9799999999986,2,263.08000000000004,move,improve
18001,6,500.9799999999986,2,263.08000000000004,2opt,notBad
18002,6,500.9799999999986,2,263.08000000000004,move,improve
18003,6,500.9799999999986,2,263.08000000000004,2opt,notBad
18004,6,500.9799999999986,2,263.08000000000004,swap,notBad
18005,6,500.9799999999986,2,263.08000000000004,move,improve
18006,6,500.9799999999986,2,263.08000000000004,move,improve
18007,6,500.9799999999986,2,263.08000000000004,2opt,notBad
18008,6,500.9799999999986,2,263.08000000000004,2opt,improve
18009,6,500.9799999999986,2,263.08000000000004,move,improve
18010,6,500.9799999999986,2,263.08000000000004,swap,notBad
18011,6,500.9799999999986,2,263.08000000000004,2opt,notBad
18012,6,500.9799999999986,2,263.08000000000004,2opt,notBad
18013,6,500.9799999999986,2,263.08000000000004,swap,notBad
18014,6,500.9799999999986,2,263.08000000000004,swap,notBad
18015,6,500.9799999999986,2,263.08000000000004,move,improve
18016,6,500.9799999999986,2,263.08000000000004,2opt,notBad
18017,6,500.9799999999986,2,263.08000000000004,2opt,notBad
18018,6,500.9799999999986,2,263.08000000000004,swap,notBad
18019,6,500.9799999999986,2,263.08000000000004,move,improve
18020,6,500.9799999999986,2,263.08000000000004,move,improve
18021,6,500.9799999999986,2,263.08000000000004,swap,notBad
18022,6,500.9799999999986,2,263.08000000000004,swap,notBad
18023,6,500.9799999999986,2,263.08000000000004,2opt,notBad
18024,6,500.9799999999986,2,263.08000000000004,move,improve
18025,6,500.9799999999986,2,263.08000000000004,move,improve
18026,6,500.9799999999986,2,263.08000000000004,move,improve
18027,6,500.9799999999986,2,263.08000000000004,move,improve
18028,6,500.9799999999986,2,263.08000000000004,swap,notBad
18029,6,500.9799999999986,2,263.08000000000004,2opt,improve
18030,6,500.9799999999986,2,263.08000000000004,swap,notBad
18031,6,500.9799999999986,2,263.08000000000004,swap,notBad
18032,6,500.9799999999986,2,263.08000000000004,swap,notBad
18033,6,500.9799999999986,2,263.08000000000004,move,improve
18034,6,500.9799999999986,2,263.08000000000004,swap,notBad
18035,6,500.9799999999986,2,263.08000000000004,move,improve
18036,6,500.9799999999986,2,263.08000000000004,move,improve
18037,6,500.9799999999986,2,263.08000000000004,move,improve
18038,6,500.9799999999986,2,263.08000000000004,swap,notBad
18039,6,500.7399999999989,2,263.08000000000004,swap,improve
18040,6,500.7399999999989,2,263.08000000000004,swap,notBad
18041,6,500.7399999999989,2,263.08000000000004,move,improve
18042,6,500.7399999999989,2,263.08000000000004,2opt,notBad
18043,6,500.7399999999989,2,263.08000000000004,swap,notBad
18044,6,500.7399999999989,2,263.08000000000004,swap,notBad
18045,6,500.7399999999989,2,263.08000000000004,swap,notBad
18046,6,500.7399999999989,2,263.08000000000004,swap,notBad
18047,6,500.7399999999989,2,263.08000000000004,move,improve
18048,6,500.7399999999989,2,263.08000000000004,2opt,notBad
18049,6,500.7399999999989,2,263.08000000000004,2opt,notBad
18050,6,500.7399999999989,2,263.08000000000004,swap,notBad
18051,6,500.7399999999989,2,263.08000000000004,move,improve
18052,6,500.7399999999989,2,263.08000000000004,swap,notBad
18053,6,500.7399999999989,2,263.08000000000004,move,improve
18054,6,500.7399999999989,2,263.08000000000004,2opt,notBad
18055,6,500.7399999999989,2,263.08000000000004,move,improve
18056,6,500.7399999999989,2,263.08000000000004,2opt,notBad
18057,6,500.7399999999989,2,263.08000000000004,move,improve
18058,6,500.7399999999989,2,263.08000000000004,2opt,notBad
18059,6,500.7399999999989,2,263.08000000000004,swap,notBad
18060,6,500.7399999999989,2,263.08000000000004,move,improve
18061,6,500.7399999999989,2,263.08000000000004,2opt,notBad
18062,6,500.7399999999989,2,263.08000000000004,move,improve
18063,6,500.7399999999989,2,263.08000000000004,2opt,notBad
18064,6,500.7399999999989,2,263.08000000000004,swap,notBad
18065,6,500.7399999999989,2,263.08000000000004,2opt,notBad
18066,6,500.7399999999989,2,263.08000000000004,2opt,notBad
18067,6,500.7399999999989,2,263.08000000000004,2opt,notBad
18068,6,500.7399999999989,2,263.08000000000004,2opt,notBad
18069,6,500.7399999999989,2,263.08000000000004,swap,notBad
18070,6,500.7399999999989,2,263.08000000000004,swap,notBad
18071,6,500.7399999999989,2,263.08000000000004,2opt,notBad
18072,6,500.7399999999989,2,263.08000000000004,swap,notBad
18073,6,500.7399999999989,2,263.08000000000004,move,improve
18074,6,500.7399999999989,2,263.08000000000004,move,notBad
18075,6,500.7399999999989,2,263.08000000000004,move,improve
18076,6,500.7399999999989,2,263.08000000000004,move,improve
18077,6,500.7399999999989,2,263.08000000000004,2opt,improve
18078,6,500.7399999999989,2,263.08000000000004,2opt,notBad
18079,6,500.7399999999989,2,263.08000000000004,move,improve
18080,6,500.7399999999989,2,263.08000000000004,swap,notBad
18081,6,500.7399999999989,2,263.08000000000004,2opt,improve
18082,6,500.7399999999989,2,263.08000000000004,move,improve
18083,6,500.7399999999989,2,263.08000000000004,move,improve
18084,6,500.7399999999989,2,263.08000000000004,2opt,notBad
18085,6,500.7399999999989,2,263.08000000000004,move,improve
18086,6,500.7399999999989,2,263.08000000000004,move,improve
18087,6,500.7399999999989,2,263.08000000000004,swap,notBad
18088,6,500.7399999999989,2,263.08000000000004,move,improve
18089,6,500.7399999999989,2,263.08000000000004,2opt,notBad
18090,6,500.7399999999989,2,263.08000000000004,swap,notBad
18091,6,500.7399999999989,2,263.08000000000004,2opt,improve
18092,6,500.7399999999989,2,263.08000000000004,swap,notBad
18093,6,500.7399999999989,2,263.08000000000004,swap,notBad
18094,6,500.7399999999989,2,263.08000000000004,move,improve
18095,6,500.7399999999989,2,263.08000000000004,2opt,notBad
18096,6,500.7399999999989,2,263.08000000000004,2opt,notBad
18097,6,500.7399999999989,2,263.08000000000004,move,improve
18098,6,500.7399999999989,2,263.08000000000004,2opt,improve
18099,6,500.7399999999989,2,263.08000000000004,move,improve
18100,6,500.7399999999989,2,263.08000000000004,2opt,improve
18101,6,500.7399999999989,2,263.08000000000004,swap,notBad
18102,6,500.7399999999989,2,263.08000000000004,2opt,notBad
18103,6,500.7399999999989,2,263.08000000000004,move,improve
18104,6,500.7399999999989,2,263.08000000000004,move,improve
18105,6,500.7399999999989,2,263.08000000000004,move,improve
18106,6,500.7399999999989,2,263.08000000000004,2opt,notBad
18107,6,500.7399999999989,2,263.08000000000004,move,improve
18108,6,500.7399999999989,2,263.08000000000004,swap,notBad
18109,6,500.7399999999989,2,263.08000000000004,2opt,notBad
18110,6,500.7399999999989,2,263.08000000000004,swap,notBad
18111,6,500.7399999999989,2,263.08000000000004,move,improve
18112,6,500.7399999999989,2,263.08000000000004,move,improve
18113,6,500.7399999999989,2,263.08000000000004,swap,notBad
18114,6,500.7399999999989,2,263.08000000000004,move,improve
18115,6,500.7399999999989,2,263.08000000000004,move,improve
18116,6,500.7399999999989,2,263.08000000000004,2opt,notBad
18117,6,500.7399999999989,2,263.08000000000004,move,improve
18118,6,500.7399999999989,2,263.08000000000004,2opt,notBad
18119,6,500.7399999999989,2,263.08000000000004,swap,notBad
18120,6,500.7399999999989,2,263.08000000000004,swap,notBad
18121,6,500.7399999999989,2,263.08000000000004,2opt,notBad
18122,6,500.7399999999989,2,263.08000000000004,2opt,notBad
18123,6,500.7399999999989,2,263.08000000000004,2opt,notBad
18124,6,500.7399999999989,2,263.08000000000004,swap,notBad
18125,6,500.7399999999989,2,263.08000000000004,swap,notBad
18126,6,500.7399999999989,2,263.08000000000004,2opt,notBad
18127,6,500.7399999999989,2,263.08000000000004,move,improve
18128,6,500.7399999999989,2,263.08000000000004,swap,notBad
18129,6,500.7399999999989,2,263.08000000000004,move,improve
18130,6,500.7399999999989,2,263.08000000000004,swap,notBad
18131,6,500.7399999999989,2,263.08000000000004,2opt,notBad
18132,6,500.7399999999989,2,263.08000000000004,swap,notBad
18133,6,500.7399999999989,2,263.08000000000004,move,improve
18134,6,500.7399999999989,2,263.08000000000004,move,improve
18135,6,500.7399999999989,2,263.08000000000004,2opt,notBad
18136,6,500.7399999999989,2,263.08000000000004,move,improve
18137,6,500.7399999999989,2,263.08000000000004,swap,notBad
18138,6,500.7399999999989,2,263.08000000000004,swap,notBad
18139,6,500.7399999999989,2,263.08000000000004,2opt,notBad
18140,6,500.7399999999989,2,263.08000000000004,2opt,notBad
18141,6,500.7399999999989,2,263.08000000000004,swap,notBad
18142,6,500.7399999999989,2,263.08000000000004,move,improve
18143,6,500.7399999999989,2,263.08000000000004,2opt,notBad
18144,6,500.7399999999989,2,263.08000000000004,move,improve
18145,6,500.7399999999989,2,263.08000000000004,swap,notBad
18146,6,500.7399999999989,2,263.08000000000004,move,improve
18147,6,500.7399999999989,2,263.08000000000004,2opt,notBad
18148,6,500.7399999999989,2,263.08000000000004,swap,notBad
18149,6,500.7399999999989,2,263.08000000000004,swap,notBad
18150,6,500.7399999999989,2,263.08000000000004,move,improve
18151,6,500.7399999999989,2,263.08000000000004,2opt,notBad
18152,6,500.7399999999989,2,263.08000000000004,2opt,notBad
18153,6,500.7399999999989,2,263.08000000000004,move,improve
18154,6,500.7399999999989,2,263.08000000000004,move,improve
18155,6,500.7399999999989,2,263.08000000000004,2opt,notBad
18156,6,500.7399999999989,2,263.08000000000004,move,improve
18157,6,500.7399999999989,2,263.08000000000004,2opt,notBad
18158,6,500.7399999999989,2,263.08000000000004,swap,notBad
18159,6,500.7399999999989,2,263.08000000000004,2opt,notBad
18160,6,500.7399999999989,2,263.08000000000004,2opt,notBad
18161,6,500.7399999999989,2,263.08000000000004,move,improve
18162,6,500.7399999999989,2,263.08000000000004,swap,notBad
18163,6,500.7399999999989,2,263.08000000000004,2opt,notBad
18164,6,500.7399999999989,2,263.08000000000004,2opt,notBad
18165,6,500.7399999999989,2,263.08000000000004,move,improve
18166,6,500.7399999999989,2,263.08000000000004,2opt,notBad
18167,6,500.7399999999989,2,263.08000000000004,swap,notBad
18168,6,500.7399999999989,2,263.08000000000004,2opt,notBad
18169,6,500.7399999999989,2,263.08000000000004,move,improve
18170,6,500.7399999999989,2,263.08000000000004,swap,notBad
18171,6,500.7399999999989,2,263.08000000000004,2opt,notBad
18172,6,500.7399999999989,2,263.08000000000004,2opt,notBad
18173,6,500.7399999999989,2,263.08000000000004,2opt,notBad
18174,6,500.7399999999989,2,263.08000000000004,move,improve
18175,6,500.7399999999989,2,263.08000000000004,move,improve
18176,6,500.7399999999989,2,263.08000000000004,2opt,notBad
18177,6,500.7399999999989,2,263.08000000000004,swap,notBad
18178,6,500.7399999999989,2,263.08000000000004,2opt,notBad
18179,6,500.7399999999989,2,263.08000000000004,swap,notBad
18180,6,500.7399999999989,2,263.08000000000004,2opt,notBad
18181,6,500.7399999999989,2,263.08000000000004,swap,notBad
18182,6,500.7399999999989,2,263.08000000000004,swap,notBad
18183,6,500.7399999999989,2,263.08000000000004,move,improve
18184,6,500.7399999999989,2,263.08000000000004,2opt,notBad
18185,6,500.7399999999989,2,263.08000000000004,2opt,notBad
18186,6,500.7399999999989,2,263.08000000000004,swap,notBad
18187,6,500.7399999999989,2,263.08000000000004,2opt,notBad
18188,6,500.7399999999989,2,263.08000000000004,move,improve
18189,6,500.7399999999989,2,263.08000000000004,2opt,notBad
18190,6,500.7399999999989,2,263.08000000000004,swap,notBad
18191,6,500.7399999999989,2,263.08000000000004,2opt,notBad
18192,6,500.7399999999989,2,263.08000000000004,move,improve
18193,6,500.7399999999989,2,263.08000000000004,2opt,notBad
18194,6,500.7399999999989,2,263.08000000000004,2opt,notBad
18195,6,500.7399999999989,2,263.08000000000004,move,improve
18196,6,500.7399999999989,2,263.08000000000004,2opt,notBad
18197,6,500.7399999999989,2,263.08000000000004,swap,notBad
18198,6,500.7399999999989,2,263.08000000000004,swap,notBad
18199,6,500.7399999999989,2,263.08000000000004,swap,notBad
18200,6,500.7399999999989,2,263.08000000000004,2opt,notBad
18201,6,500.7399999999989,2,263.08000000000004,2opt,improve
18202,6,500.7399999999989,2,263.08000000000004,2opt,improve
18203,6,500.7399999999989,2,263.08000000000004,swap,notBad
18204,6,500.7399999999989,2,263.08000000000004,2opt,notBad
18205,6,500.7399999999989,2,263.08000000000004,move,improve
18206,6,500.7399999999989,2,263.08000000000004,2opt,notBad
18207,6,500.7399999999989,2,263.08000000000004,move,improve
18208,6,500.7399999999989,2,263.08000000000004,swap,notBad
18209,6,500.7399999999989,2,263.08000000000004,move,improve
18210,6,500.7399999999989,2,263.08000000000004,2opt,notBad
18211,6,500.7399999999989,2,263.08000000000004,swap,notBad
18212,6,500.7399999999989,2,263.08000000000004,swap,notBad
18213,6,500.7399999999989,2,263.08000000000004,swap,notBad
18214,6,500.7399999999989,2,263.08000000000004,move,improve
18215,6,500.7399999999989,2,263.08000000000004,move,improve
18216,6,500.7399999999989,2,263.08000000000004,swap,notBad
18217,6,500.7399999999989,2,263.08000000000004,move,improve
18218,6,500.7399999999989,2,263.08000000000004,2opt,notBad
18219,6,500.7399999999989,2,263.08000000000004,move,improve
18220,6,500.7399999999989,2,263.08000000000004,move,improve
18221,6,500.7399999999989,2,263.08000000000004,swap,notBad
18222,6,500.7399999999989,2,263.08000000000004,2opt,notBad
18223,6,500.7399999999989,2,263.08000000000004,swap,notBad
18224,6,500.7399999999989,2,263.08000000000004,move,improve
18225,6,500.7399999999989,2,263.08000000000004,move,improve
18226,6,500.7399999999989,2,263.08000000000004,swap,notBad
18227,6,500.7399999999989,2,263.08000000000004,swap,notBad
18228,6,500.7399999999989,2,263.08000000000004,swap,notBad
18229,6,500.7399999999989,2,263.08000000000004,swap,notBad
18230,6,500.7399999999989,2,263.08000000000004,2opt,notBad
18231,6,500.7399999999989,2,263.08000000000004,swap,notBad
18232,6,500.7399999999989,2,263.08000000000004,move,improve
18233,6,500.7399999999989,2,263.08000000000004,2opt,notBad
18234,6,500.7399999999989,2,263.08000000000004,swap,notBad
18235,6,500.7399999999989,2,263.08000000000004,2opt,notBad
18236,6,500.7399999999989,2,263.08000000000004,2opt,notBad
18237,6,500.7399999999989,2,263.08000000000004,2opt,notBad
18238,6,500.7399999999989,2,263.08000000000004,move,improve
18239,6,500.7399999999989,2,263.08000000000004,2opt,improve
18240,6,500.7399999999989,2,263.08000000000004,2opt,notBad
18241,6,500.7399999999989,2,263.08000000000004,swap,notBad
18242,6,500.7399999999989,2,263.08000000000004,swap,notBad
18243,6,500.7399999999989,2,263.08000000000004,2opt,notBad
18244,6,500.7399999999989,2,263.08000000000004,move,improve
18245,6,500.7399999999989,2,263.08000000000004,move,improve
18246,6,500.7399999999989,2,263.08000000000004,swap,notBad
18247,6,500.7399999999989,2,263.08000000000004,move,improve
18248,6,500.7399999999989,2,263.08000000000004,2opt,notBad
18249,6,500.7399999999989,2,263.08000000000004,swap,notBad
18250,6,500.7399999999989,2,263.08000000000004,swap,notBad
18251,6,500.7399999999989,2,263.08000000000004,2opt,notBad
18252,6,500.7399999999989,2,263.08000000000004,2opt,notBad
18253,6,500.7399999999989,2,263.08000000000004,swap,notBad
18254,6,500.7399999999989,2,263.08000000000004,swap,notBad
18255,6,500.7399999999989,2,263.08000000000004,move,improve
18256,6,500.7399999999989,2,263.08000000000004,swap,notBad
18257,6,500.7399999999989,2,263.08000000000004,swap,notBad
18258,6,500.7399999999989,2,263.08000000000004,move,improve
18259,6,500.7399999999989,2,263.08000000000004,move,improve
18260,6,500.7399999999989,2,263.08000000000004,2opt,notBad
18261,6,500.7399999999989,2,263.08000000000004,2opt,improve
18262,6,500.7399999999989,2,263.08000000000004,2opt,notBad
18263,6,500.7399999999989,2,263.08000000000004,2opt,improve
18264,6,500.7399999999989,2,263.08000000000004,move,improve
18265,6,500.7399999999989,2,263.08000000000004,2opt,notBad
18266,6,500.7399999999989,2,263.08000000000004,move,improve
18267,6,500.7399999999989,2,263.08000000000004,swap,notBad
18268,6,500.7399999999989,2,263.08000000000004,move,improve
18269,6,500.7399999999989,2,263.08000000000004,2opt,notBad
18270,6,500.7399999999989,2,263.08000000000004,move,improve
18271,6,500.7399999999989,2,263.08000000000004,swap,notBad
18272,6,500.7399999999989,2,263.08000000000004,swap,notBad
18273,6,500.7399999999989,2,263.08000000000004,swap,notBad
18274,6,500.7399999999989,2,263.08000000000004,swap,notBad
18275,6,500.7399999999989,2,263.08000000000004,swap,notBad
18276,6,500.7399999999989,2,263.08000000000004,move,improve
18277,6,500.7399999999989,2,263.08000000000004,2opt,notBad
18278,6,500.7399999999989,2,263.08000000000004,swap,notBad
18279,6,500.7399999999989,2,263.08000000000004,2opt,improve
18280,6,500.7399999999989,2,263.08000000000004,2opt,notBad
18281,6,500.7399999999989,2,263.08000000000004,move,improve
18282,6,500.7399999999989,2,263.08000000000004,swap,notBad
18283,6,500.7399999999989,2,263.08000000000004,2opt,notBad
18284,6,500.7399999999989,2,263.08000000000004,swap,notBad
18285,6,500.7399999999989,2,263.08000000000004,move,improve
18286,6,500.7399999999989,2,263.08000000000004,move,improve
18287,6,500.7399999999989,2,263.08000000000004,swap,notBad
18288,6,500.7399999999989,2,263.08000000000004,move,improve
18289,6,500.7399999999989,2,263.08000000000004,2opt,notBad
18290,6,500.7399999999989,2,263.08000000000004,2opt,notBad
18291,6,500.7399999999989,2,263.08000000000004,swap,notBad
18292,6,500.7399999999989,2,263.08000000000004,2opt,notBad
18293,6,500.7399999999989,2,263.08000000000004,swap,notBad
18294,6,500.7399999999989,2,263.08000000000004,swap,notBad
18295,6,500.7399999999989,2,263.08000000000004,swap,notBad
18296,6,500.7399999999989,2,263.08000000000004,swap,notBad
18297,6,500.7399999999989,2,263.08000000000004,2opt,notBad
18298,6,500.7399999999989,2,263.08000000000004,swap,notBad
18299,6,500.7399999999989,2,263.08000000000004,2opt,notBad
18300,6,500.7399999999989,2,263.08000000000004,2opt,notBad
18301,6,500.7399999999989,2,263.08000000000004,swap,notBad
18302,6,500.7399999999989,2,263.08000000000004,2opt,notBad
18303,6,500.7399999999989,2,263.08000000000004,2opt,notBad
18304,6,500.7399999999989,2,263.08000000000004,2opt,notBad
18305,6,500.7399999999989,2,263.08000000000004,move,improve
18306,6,500.7399999999989,2,263.08000000000004,swap,notBad
18307,6,500.7399999999989,2,263.08000000000004,move,improve
18308,6,500.7399999999989,2,263.08000000000004,2opt,notBad
18309,6,500.7399999999989,2,263.08000000000004,move,improve
18310,6,500.7399999999989,2,263.08000000000004,swap,notBad
18311,6,500.7399999999989,2,263.08000000000004,2opt,notBad
18312,6,500.7399999999989,2,263.08000000000004,move,improve
18313,6,500.7399999999989,2,263.08000000000004,swap,notBad
18314,6,500.7399999999989,2,263.08000000000004,swap,notBad
18315,6,500.7399999999989,2,263.08000000000004,move,notBad
18316,6,500.7399999999989,2,263.08000000000004,2opt,notBad
18317,6,500.7399999999989,2,263.08000000000004,move,improve
18318,6,500.7399999999989,2,263.08000000000004,move,improve
18319,6,500.7399999999989,2,263.08000000000004,move,improve
18320,6,500.7399999999989,2,263.08000000000004,2opt,notBad
18321,6,500.7399999999989,2,263.08000000000004,2opt,notBad
18322,6,500.7399999999989,2,263.08000000000004,swap,notBad
18323,6,500.7399999999989,2,263.08000000000004,2opt,improve
18324,6,500.7399999999989,2,263.08000000000004,2opt,notBad
18325,6,500.7399999999989,2,263.08000000000004,move,improve
18326,6,500.7399999999989,2,263.08000000000004,2opt,notBad
18327,6,500.7399999999989,2,263.08000000000004,swap,notBad
18328,6,500.7399999999989,2,263.08000000000004,2opt,notBad
18329,6,500.7399999999989,2,263.08000000000004,move,improve
18330,6,500.7399999999989,2,263.08000000000004,2opt,notBad
18331,6,500.7399999999989,2,263.08000000000004,2opt,notBad
18332,6,500.7399999999989,2,263.08000000000004,move,improve
18333,6,500.7399999999989,2,263.08000000000004,swap,notBad
18334,6,500.7399999999989,2,263.08000000000004,swap,notBad
18335,6,500.7399999999989,2,263.08000000000004,2opt,notBad
18336,6,500.7399999999989,2,263.08000000000004,swap,notBad
18337,6,500.7399999999989,2,263.08000000000004,swap,notBad
18338,6,500.7399999999989,2,263.08000000000004,swap,notBad
18339,6,500.7399999999989,2,263.08000000000004,move,improve
18340,6,500.7399999999989,2,263.08000000000004,swap,notBad
18341,6,500.7399999999989,2,263.08000000000004,swap,notBad
18342,6,500.7399999999989,2,263.08000000000004,move,improve
18343,6,500.7399999999989,2,263.08000000000004,2opt,notBad
18344,6,500.7399999999989,2,263.08000000000004,swap,notBad
18345,6,500.7399999999989,2,263.08000000000004,swap,notBad
18346,6,500.7399999999989,2,263.08000000000004,swap,notBad
18347,6,500.7399999999989,2,263.08000000000004,2opt,notBad
18348,6,500.7399999999989,2,263.08000000000004,move,improve
18349,6,500.7399999999989,2,263.08000000000004,2opt,notBad
18350,6,500.7399999999989,2,263.08000000000004,move,improve
18351,6,500.7399999999989,2,263.08000000000004,swap,notBad
18352,6,500.7399999999989,2,263.08000000000004,swap,notBad
18353,6,500.7399999999989,2,263.08000000000004,move,improve
18354,6,500.7399999999989,2,263.08000000000004,swap,notBad
18355,6,500.7399999999989,2,263.08000000000004,2opt,notBad
18356,6,500.7399999999989,2,263.08000000000004,swap,notBad
18357,6,500.7399999999989,2,263.08000000000004,move,improve
18358,6,500.7399999999989,2,263.08000000000004,2opt,improve
18359,6,500.7399999999989,2,263.08000000000004,move,improve
18360,6,500.7399999999989,2,263.08000000000004,swap,notBad
18361,6,500.7399999999989,2,263.08000000000004,2opt,notBad
18362,6,500.7399999999989,2,263.08000000000004,move,improve
18363,6,500.7399999999989,2,263.08000000000004,swap,notBad
18364,6,500.7399999999989,2,263.08000000000004,swap,notBad
18365,6,500.7399999999989,2,263.08000000000004,swap,notBad
18366,6,500.7399999999989,2,263.08000000000004,swap,notBad
18367,6,500.7399999999989,2,263.08000000000004,swap,notBad
18368,6,500.7399999999989,2,263.08000000000004,swap,notBad
18369,6,500.7399999999989,2,263.08000000000004,swap,notBad
18370,6,500.7399999999989,2,263.08000000000004,2opt,notBad
18371,6,500.7399999999989,2,263.08000000000004,swap,notBad
18372,6,500.7399999999989,2,263.08000000000004,swap,notBad
18373,6,500.7399999999989,2,263.08000000000004,move,improve
18374,6,500.7399999999989,2,263.08000000000004,2opt,notBad
18375,6,500.7399999999989,2,263.08000000000004,move,improve
18376,6,500.7399999999989,2,263.08000000000004,2opt,notBad
18377,6,500.7399999999989,2,263.08000000000004,2opt,notBad
18378,6,500.7399999999989,2,263.08000000000004,swap,notBad
18379,6,500.7399999999989,2,263.08000000000004,swap,notBad
18380,6,500.7399999999989,2,263.08000000000004,move,improve
18381,6,500.7399999999989,2,263.08000000000004,swap,notBad
18382,6,500.7399999999989,2,263.08000000000004,2opt,notBad
18383,6,500.7399999999989,2,263.08000000000004,swap,notBad
18384,6,500.7399999999989,2,263.08000000000004,swap,notBad
18385,6,500.7399999999989,2,263.08000000000004,swap,notBad
18386,6,500.7399999999989,2,263.08000000000004,2opt,notBad
18387,6,500.7399999999989,2,263.08000000000004,2opt,improve
18388,6,500.7399999999989,2,263.08000000000004,move,improve
18389,6,500.7399999999989,2,263.08000000000004,2opt,notBad
18390,6,500.7399999999989,2,263.08000000000004,2opt,notBad
18391,6,500.7399999999989,2,263.08000000000004,move,improve
18392,6,500.7399999999989,2,263.08000000000004,swap,notBad
18393,6,500.7399999999989,2,263.08000000000004,move,improve
18394,6,500.7399999999989,2,263.08000000000004,move,improve
18395,6,500.7399999999989,2,263.08000000000004,move,improve
18396,6,500.7399999999989,2,263.08000000000004,move,improve
18397,6,500.7399999999989,2,263.08000000000004,2opt,notBad
18398,6,500.7399999999989,2,263.08000000000004,move,improve
18399,6,500.7399999999989,2,263.08000000000004,2opt,notBad
18400,6,500.7399999999989,2,263.08000000000004,2opt,notBad
18401,6,500.7399999999989,2,263.08000000000004,swap,notBad
18402,6,500.7399999999989,2,263.08000000000004,2opt,notBad
18403,6,500.7399999999989,2,263.08000000000004,swap,notBad
18404,6,500.7399999999989,2,263.08000000000004,2opt,notBad
18405,6,500.7399999999989,2,263.08000000000004,2opt,notBad
18406,6,500.7399999999989,2,263.08000000000004,swap,notBad
18407,6,500.7399999999989,2,263.08000000000004,2opt,notBad
18408,6,500.7399999999989,2,263.08000000000004,move,improve
18409,6,500.7399999999989,2,263.08000000000004,swap,notBad
18410,6,500.7399999999989,2,263.08000000000004,swap,notBad
18411,6,500.7399999999989,2,263.08000000000004,2opt,notBad
18412,6,500.7399999999989,2,263.08000000000004,swap,notBad
18413,6,500.7399999999989,2,263.08000000000004,2opt,notBad
18414,6,500.7399999999989,2,263.08000000000004,move,improve
18415,6,500.7399999999989,2,263.08000000000004,swap,notBad
18416,6,500.7399999999989,2,263.08000000000004,2opt,notBad
18417,6,500.7399999999989,2,263.08000000000004,2opt,notBad
18418,6,500.7399999999989,2,263.08000000000004,2opt,notBad
18419,6,500.7399999999989,2,263.08000000000004,move,improve
18420,6,500.7399999999989,2,263.08000000000004,move,improve
18421,6,500.7399999999989,2,263.08000000000004,swap,notBad
18422,6,500.7399999999989,2,263.08000000000004,2opt,notBad
18423,6,500.7399999999989,2,263.08000000000004,2opt,notBad
18424,6,500.7399999999989,2,263.08000000000004,2opt,notBad
18425,6,500.7399999999989,2,263.08000000000004,move,improve
18426,6,500.7399999999989,2,263.08000000000004,2opt,notBad
18427,6,500.7399999999989,2,263.08000000000004,swap,notBad
18428,6,500.7399999999989,2,263.08000000000004,move,improve
18429,6,500.7399999999989,2,263.08000000000004,move,improve
18430,6,500.7399999999989,2,263.08000000000004,swap,notBad
18431,6,500.7399999999989,2,263.08000000000004,2opt,notBad
18432,6,500.7399999999989,2,263.08000000000004,move,improve
18433,6,500.7399999999989,2,263.08000000000004,swap,notBad
18434,6,500.7399999999989,2,263.08000000000004,swap,notBad
18435,6,500.7399999999989,2,263.08000000000004,swap,notBad
18436,6,500.7399999999989,2,263.08000000000004,swap,notBad
18437,6,500.7399999999989,2,263.08000000000004,swap,notBad
18438,6,500.7399999999989,2,263.08000000000004,swap,notBad
18439,6,500.7399999999989,2,263.08000000000004,2opt,notBad
18440,6,500.7399999999989,2,263.08000000000004,move,improve
18441,6,500.7399999999989,2,263.08000000000004,move,improve
18442,6,500.7399999999989,2,263.08000000000004,2opt,notBad
18443,6,500.7399999999989,2,263.08000000000004,swap,notBad
18444,6,500.7399999999989,2,263.08000000000004,2opt,notBad
18445,6,500.7399999999989,2,263.08000000000004,2opt,notBad
18446,6,500.7399999999989,2,263.08000000000004,2opt,notBad
18447,6,500.7399999999989,2,263.08000000000004,move,notBad
18448,6,500.7399999999989,2,263.08000000000004,swap,notBad
18449,6,500.7399999999989,2,263.08000000000004,move,improve
18450,6,500.7399999999989,2,263.08000000000004,2opt,notBad
18451,6,500.7399999999989,2,263.08000000000004,swap,notBad
18452,6,500.7399999999989,2,263.08000000000004,swap,notBad
18453,6,500.7399999999989,2,263.08000000000004,2opt,notBad
18454,6,500.7399999999989,2,263.08000000000004,2opt,notBad
18455,6,500.7399999999989,2,263.08000000000004,swap,notBad
18456,6,500.7399999999989,2,263.08000000000004,swap,notBad
18457,6,500.7399999999989,2,263.08000000000004,2opt,notBad
18458,6,500.7399999999989,2,263.08000000000004,move,improve
18459,6,500.7399999999989,2,263.08000000000004,move,improve
18460,6,500.7399999999989,2,263.08000000000004,move,improve
18461,6,500.7399999999989,2,263.08000000000004,swap,notBad
18462,6,500.7399999999989,2,263.08000000000004,swap,notBad
18463,6,500.7399999999989,2,263.08000000000004,2opt,notBad
18464,6,500.7399999999989,2,263.08000000000004,swap,notBad
18465,6,500.7399999999989,2,263.08000000000004,swap,notBad
18466,6,500.7399999999989,2,263.08000000000004,swap,notBad
18467,6,500.7399999999989,2,263.08000000000004,move,improve
18468,6,500.7399999999989,2,263.08000000000004,move,improve
18469,6,500.7399999999989,2,263.08000000000004,2opt,notBad
18470,6,500.7399999999989,2,263.08000000000004,move,improve
18471,6,500.7399999999989,2,263.08000000000004,2opt,notBad
18472,6,500.7399999999989,2,263.08000000000004,2opt,notBad
18473,6,500.7399999999989,2,263.08000000000004,2opt,notBad
18474,6,500.7399999999989,2,263.08000000000004,move,improve
18475,6,500.7399999999989,2,263.08000000000004,move,improve
18476,6,500.7399999999989,2,263.08000000000004,2opt,notBad
18477,6,500.7399999999989,2,263.08000000000004,2opt,notBad
18478,6,500.7399999999989,2,263.08000000000004,2opt,notBad
18479,6,500.7399999999989,2,263.08000000000004,2opt,notBad
18480,6,500.7399999999989,2,263.08000000000004,move,improve
18481,6,500.7399999999989,2,263.08000000000004,move,improve
18482,6,500.7399999999989,2,263.08000000000004,move,improve
18483,6,500.7399999999989,2,263.08000000000004,2opt,notBad
18484,6,500.7399999999989,2,263.08000000000004,2opt,notBad
18485,6,500.7399999999989,2,263.08000000000004,move,improve
18486,6,500.7399999999989,2,263.08000000000004,2opt,notBad
18487,6,500.7399999999989,2,263.08000000000004,swap,notBad
18488,6,500.7399999999989,2,263.08000000000004,2opt,notBad
18489,6,500.7399999999989,2,263.08000000000004,2opt,notBad
18490,6,500.7399999999989,2,263.08000000000004,2opt,notBad
18491,6,500.7399999999989,2,263.08000000000004,2opt,notBad
18492,6,500.7399999999989,2,263.08000000000004,swap,notBad
18493,6,500.7399999999989,2,263.08000000000004,swap,notBad
18494,6,500.7399999999989,2,263.08000000000004,swap,notBad
18495,6,500.7399999999989,2,263.08000000000004,2opt,notBad
18496,6,500.8599999999989,2,263.08000000000004,swap,acceptBad
18497,6,500.8599999999989,2,263.08000000000004,move,improve
18498,6,500.8599999999989,2,263.08000000000004,2opt,notBad
18499,6,500.8599999999989,2,263.08000000000004,move,improve
18500,6,500.8599999999989,2,263.08000000000004,swap,notBad
18501,6,500.8599999999989,2,263.08000000000004,swap,notBad
18502,6,500.8599999999989,2,263.08000000000004,move,improve
18503,6,500.8599999999989,2,263.08000000000004,swap,notBad
18504,6,500.8599999999989,2,263.08000000000004,swap,notBad
18505,6,500.8599999999989,2,263.08000000000004,2opt,notBad
18506,6,500.8599999999989,2,263.08000000000004,swap,notBad
18507,6,500.8599999999989,2,263.08000000000004,swap,notBad
18508,6,500.8599999999989,2,263.08000000000004,move,improve
18509,6,500.8599999999989,2,263.08000000000004,move,improve
18510,6,500.8599999999989,2,263.08000000000004,move,improve
18511,6,500.8599999999989,2,263.08000000000004,2opt,improve
18512,6,500.8599999999989,2,263.08000000000004,move,improve
18513,6,500.8599999999989,2,263.08000000000004,move,improve
18514,6,500.8599999999989,2,263.08000000000004,move,improve
18515,6,500.8599999999989,2,263.08000000000004,2opt,notBad
18516,6,500.8599999999989,2,263.08000000000004,swap,notBad
18517,6,500.8599999999989,2,263.08000000000004,2opt,notBad
18518,6,500.8599999999989,2,263.08000000000004,move,improve
18519,6,500.8599999999989,2,263.08000000000004,swap,notBad
18520,6,500.8599999999989,2,263.08000000000004,swap,notBad
18521,6,500.8599999999989,2,263.08000000000004,2opt,notBad
18522,6,500.8599999999989,2,263.08000000000004,swap,notBad
18523,6,500.8599999999989,2,263.08000000000004,move,improve
18524,6,500.8599999999989,2,263.08000000000004,move,improve
18525,6,500.8599999999989,2,263.08000000000004,swap,notBad
18526,6,500.8599999999989,2,263.08000000000004,move,improve
18527,6,500.8599999999989,2,263.08000000000004,2opt,notBad
18528,6,500.8599999999989,2,263.08000000000004,move,improve
18529,6,500.8599999999989,2,263.08000000000004,2opt,notBad
18530,6,500.8599999999989,2,263.08000000000004,2opt,notBad
18531,6,500.8599999999989,2,263.08000000000004,2opt,notBad
18532,6,500.8599999999989,2,263.08000000000004,move,improve
18533,6,500.8599999999989,2,263.08000000000004,move,improve
18534,6,500.8599999999989,2,263.08000000000004,move,improve
18535,6,500.8599999999989,2,263.08000000000004,swap,notBad
18536,6,500.8599999999989,2,263.08000000000004,swap,notBad
18537,6,500.8599999999989,2,263.08000000000004,2opt,notBad
18538,6,500.8599999999989,2,263.08000000000004,swap,notBad
18539,6,500.8599999999989,2,263.08000000000004,swap,notBad
18540,6,500.8599999999989,2,263.08000000000004,swap,notBad
18541,6,500.8599999999989,2,263.08000000000004,swap,notBad
18542,6,500.8599999999989,2,263.08000000000004,2opt,notBad
18543,6,500.8599999999989,2,263.08000000000004,move,improve
18544,6,500.8599999999989,2,263.08000000000004,move,improve
18545,6,500.8599999999989,2,263.08000000000004,move,improve
18546,6,500.8599999999989,2,263.08000000000004,2opt,notBad
18547,6,500.8599999999989,2,263.08000000000004,swap,notBad
18548,6,500.8599999999989,2,263.08000000000004,2opt,improve
18549,6,500.8599999999989,2,263.08000000000004,swap,notBad
18550,6,500.8599999999989,2,263.08000000000004,move,improve
18551,6,500.8599999999989,2,263.08000000000004,move,improve
18552,6,500.8599999999989,2,263.08000000000004,swap,notBad
18553,6,500.8599999999989,2,263.08000000000004,move,improve
18554,6,500.8599999999989,2,263.08000000000004,2opt,notBad
18555,6,500.8599999999989,2,263.08000000000004,swap,notBad
18556,6,500.8599999999989,2,263.08000000000004,move,improve
18557,6,500.8599999999989,2,263.08000000000004,swap,notBad
18558,6,500.8599999999989,2,263.08000000000004,move,improve
18559,6,500.8599999999989,2,263.08000000000004,swap,notBad
18560,6,500.8599999999989,2,263.08000000000004,2opt,notBad
18561,6,500.8599999999989,2,263.08000000000004,2opt,notBad
18562,6,500.8599999999989,2,263.08000000000004,2opt,notBad
18563,6,500.7399999999989,2,263.08000000000004,move,improve
18564,6,500.7399999999989,2,263.08000000000004,swap,notBad
18565,6,500.7399999999989,2,263.08000000000004,swap,notBad
18566,6,500.7399999999989,2,263.08000000000004,2opt,notBad
18567,6,500.7399999999989,2,263.08000000000004,swap,notBad
18568,6,500.7399999999989,2,263.08000000000004,2opt,notBad
18569,6,500.7399999999989,2,263.08000000000004,move,improve
18570,6,500.7399999999989,2,263.08000000000004,swap,notBad
18571,6,500.7399999999989,2,263.08000000000004,2opt,notBad
18572,6,500.7399999999989,2,263.08000000000004,2opt,notBad
18573,6,500.7399999999989,2,263.08000000000004,swap,notBad
18574,6,500.7399999999989,2,263.08000000000004,swap,notBad
18575,6,500.7399999999989,2,263.08000000000004,swap,notBad
18576,6,500.7399999999989,2,263.08000000000004,move,improve
18577,6,500.7399999999989,2,263.08000000000004,move,improve
18578,6,500.7399999999989,2,263.08000000000004,swap,notBad
18579,6,500.7399999999989,2,263.08000000000004,move,improve
18580,6,500.7399999999989,2,263.08000000000004,swap,notBad
18581,6,500.7399999999989,2,263.08000000000004,move,improve
18582,6,500.7399999999989,2,263.08000000000004,swap,notBad
18583,6,500.7399999999989,2,263.08000000000004,move,improve
18584,6,500.7399999999989,2,263.08000000000004,swap,notBad
18585,6,500.7399999999989,2,263.08000000000004,2opt,notBad
18586,6,500.7399999999989,2,263.08000000000004,2opt,notBad
18587,6,500.7399999999989,2,263.08000000000004,swap,notBad
18588,6,500.7399999999989,2,263.08000000000004,move,improve
18589,6,500.7399999999989,2,263.08000000000004,2opt,notBad
18590,6,500.7399999999989,2,263.08000000000004,2opt,notBad
18591,6,500.7399999999989,2,263.08000000000004,2opt,notBad
18592,6,500.7399999999989,2,263.08000000000004,2opt,improve
18593,6,500.7399999999989,2,263.08000000000004,swap,notBad
18594,6,500.7399999999989,2,263.08000000000004,move,improve
18595,6,500.7399999999989,2,263.08000000000004,2opt,notBad
18596,6,500.7399999999989,2,263.08000000000004,2opt,notBad
18597,6,500.7399999999989,2,263.08000000000004,swap,notBad
18598,6,500.7399999999989,2,263.08000000000004,move,improve
18599,6,500.7399999999989,2,263.08000000000004,move,improve
18600,6,500.7399999999989,2,263.08000000000004,move,improve
18601,6,500.7399999999989,2,263.08000000000004,move,improve
18602,6,500.7399999999989,2,263.08000000000004,2opt,notBad
18603,6,500.7399999999989,2,263.08000000000004,move,improve
18604,6,500.7399999999989,2,263.08000000000004,2opt,notBad
18605,6,500.7399999999989,2,263.08000000000004,2opt,notBad
18606,6,500.7399999999989,2,263.08000000000004,2opt,notBad
18607,6,500.7399999999989,2,263.08000000000004,move,improve
18608,6,500.7399999999989,2,263.08000000000004,swap,notBad
18609,6,500.7399999999989,2,263.08000000000004,swap,notBad
18610,6,500.7399999999989,2,263.08000000000004,move,improve
18611,6,500.7399999999989,2,263.08000000000004,2opt,notBad
18612,6,500.7399999999989,2,263.08000000000004,2opt,notBad
18613,6,500.7399999999989,2,263.08000000000004,move,improve
18614,6,500.7399999999989,2,263.08000000000004,2opt,notBad
18615,6,500.7399999999989,2,263.08000000000004,2opt,improve
18616,6,500.7399999999989,2,263.08000000000004,2opt,notBad
18617,6,500.7399999999989,2,263.08000000000004,2opt,notBad
18618,6,500.7399999999989,2,263.08000000000004,swap,notBad
18619,6,500.7399999999989,2,263.08000000000004,2opt,notBad
18620,6,500.7399999999989,2,263.08000000000004,swap,notBad
18621,6,500.7399999999989,2,263.08000000000004,swap,notBad
18622,6,500.7399999999989,2,263.08000000000004,swap,notBad
18623,6,500.7399999999989,2,263.08000000000004,swap,notBad
18624,6,500.7399999999989,2,263.08000000000004,2opt,notBad
18625,6,500.7399999999989,2,263.08000000000004,move,improve
18626,6,500.7399999999989,2,263.08000000000004,swap,notBad
18627,6,500.7399999999989,2,263.08000000000004,move,improve
18628,6,500.7399999999989,2,263.08000000000004,swap,notBad
18629,6,500.7399999999989,2,263.08000000000004,move,improve
18630,6,500.7399999999989,2,263.08000000000004,swap,notBad
18631,6,500.7399999999989,2,263.08000000000004,move,improve
18632,6,500.7399999999989,2,263.08000000000004,2opt,notBad
18633,6,500.7399999999989,2,263.08000000000004,move,improve
18634,6,500.7399999999989,2,263.08000000000004,swap,notBad
18635,6,500.7399999999989,2,263.08000000000004,2opt,notBad
18636,6,500.7399999999989,2,263.08000000000004,move,improve
18637,6,500.7399999999989,2,263.08000000000004,move,improve
18638,6,500.7399999999989,2,263.08000000000004,move,improve
18639,6,500.7399999999989,2,263.08000000000004,2opt,improve
18640,6,500.7399999999989,2,263.08000000000004,2opt,notBad
18641,6,500.7399999999989,2,263.08000000000004,move,improve
18642,6,500.7399999999989,2,263.08000000000004,move,improve
18643,6,500.7399999999989,2,263.08000000000004,move,improve
18644,6,500.7399999999989,2,263.08000000000004,move,improve
18645,6,500.7399999999989,2,263.08000000000004,2opt,notBad
18646,6,500.7399999999989,2,263.08000000000004,2opt,notBad
18647,6,500.7399999999989,2,263.08000000000004,swap,notBad
18648,6,500.7399999999989,2,263.08000000000004,2opt,notBad
18649,6,500.7399999999989,2,263.08000000000004,swap,notBad
18650,6,500.7399999999989,2,263.08000000000004,2opt,notBad
18651,6,500.7399999999989,2,263.08000000000004,2opt,notBad
18652,6,500.7399999999989,2,263.08000000000004,move,improve
18653,6,500.7399999999989,2,263.08000000000004,move,improve
18654,6,500.7399999999989,2,263.08000000000004,2opt,notBad
18655,6,500.7399999999989,2,263.08000000000004,2opt,improve
18656,6,500.7399999999989,2,263.08000000000004,move,improve
18657,6,500.7399999999989,2,263.08000000000004,move,improve
18658,6,500.7399999999989,2,263.08000000000004,move,improve
18659,6,500.7399999999989,2,263.08000000000004,move,improve
18660,6,500.7399999999989,2,263.08000000000004,move,improve
18661,6,500.7399999999989,2,263.08000000000004,2opt,notBad
18662,6,500.7399999999989,2,263.08000000000004,swap,notBad
18663,6,500.7399999999989,2,263.08000000000004,swap,notBad
18664,6,500.7399999999989,2,263.08000000000004,swap,notBad
18665,6,500.7399999999989,2,263.08000000000004,swap,notBad
18666,6,500.7399999999989,2,263.08000000000004,move,improve
18667,6,500.7399999999989,2,263.08000000000004,move,improve
18668,6,500.7399999999989,2,263.08000000000004,swap,notBad
18669,6,500.7399999999989,2,263.08000000000004,move,improve
18670,6,500.7399999999989,2,263.08000000000004,swap,notBad
18671,6,500.7399999999989,2,263.08000000000004,2opt,notBad
18672,6,500.7399999999989,2,263.08000000000004,swap,notBad
18673,6,500.7399999999989,2,263.08000000000004,2opt,notBad
18674,6,500.7399999999989,2,263.08000000000004,2opt,notBad
18675,6,500.7399999999989,2,263.08000000000004,move,improve
18676,6,500.7399999999989,2,263.08000000000004,2opt,notBad
18677,6,500.7399999999989,2,263.08000000000004,2opt,notBad
18678,6,500.7399999999989,2,263.08000000000004,move,improve
18679,6,500.7399999999989,2,263.08000000000004,2opt,notBad
18680,6,500.7399999999989,2,263.08000000000004,swap,notBad
18681,6,500.7399999999989,2,263.08000000000004,2opt,notBad
18682,6,500.7399999999989,2,263.08000000000004,2opt,notBad
18683,6,500.7399999999989,2,263.08000000000004,swap,notBad
18684,6,500.7399999999989,2,263.08000000000004,swap,notBad
18685,6,500.7399999999989,2,263.08000000000004,move,improve
18686,6,500.7399999999989,2,263.08000000000004,swap,notBad
18687,6,500.7399999999989,2,263.08000000000004,move,improve
18688,6,500.7399999999989,2,263.08000000000004,move,notBad
18689,6,500.7399999999989,2,263.08000000000004,swap,notBad
18690,6,500.7399999999989,2,263.08000000000004,move,improve
18691,6,500.7399999999989,2,263.08000000000004,swap,notBad
18692,6,500.7399999999989,2,263.08000000000004,2opt,notBad
18693,6,500.7399999999989,2,263.08000000000004,swap,notBad
18694,6,500.7399999999989,2,263.08000000000004,move,improve
18695,6,500.7399999999989,2,263.08000000000004,swap,notBad
18696,6,500.7399999999989,2,263.08000000000004,move,improve
18697,6,500.7399999999989,2,263.08000000000004,move,improve
18698,6,500.7399999999989,2,263.08000000000004,move,improve
18699,6,500.7399999999989,2,263.08000000000004,swap,notBad
18700,6,500.7399999999989,2,263.08000000000004,swap,notBad
18701,6,500.7399999999989,2,263.08000000000004,move,improve
18702,6,500.7399999999989,2,263.08000000000004,swap,notBad
18703,6,500.7399999999989,2,263.08000000000004,2opt,notBad
18704,6,500.7399999999989,2,263.08000000000004,2opt,notBad
18705,6,500.7399999999989,2,263.08000000000004,2opt,notBad
18706,6,500.7399999999989,2,263.08000000000004,move,improve
18707,6,500.7399999999989,2,263.08000000000004,move,improve
18708,6,500.7399999999989,2,263.08000000000004,swap,notBad
18709,6,500.7399999999989,2,263.08000000000004,swap,notBad
18710,6,500.7399999999989,2,263.08000000000004,2opt,notBad
18711,6,500.7399999999989,2,263.08000000000004,swap,notBad
18712,6,500.7399999999989,2,263.08000000000004,2opt,notBad
18713,6,500.7399999999989,2,263.08000000000004,move,improve
18714,6,500.7399999999989,2,263.08000000000004,2opt,improve
18715,6,500.7399999999989,2,263.08000000000004,move,improve
18716,6,500.7399999999989,2,263.08000000000004,2opt,notBad
18717,6,500.7399999999989,2,263.08000000000004,swap,notBad
18718,6,500.7399999999989,2,263.08000000000004,move,improve
18719,6,500.7399999999989,2,263.08000000000004,swap,notBad
18720,6,500.7399999999989,2,263.08000000000004,move,improve
18721,6,500.7399999999989,2,263.08000000000004,2opt,notBad
18722,6,500.7399999999989,2,263.08000000000004,swap,notBad
18723,6,500.7399999999989,2,263.08000000000004,move,improve
18724,6,500.7399999999989,2,263.08000000000004,2opt,notBad
18725,6,500.7399999999989,2,263.08000000000004,swap,notBad
18726,6,500.7399999999989,2,263.08000000000004,swap,notBad
18727,6,500.7399999999989,2,263.08000000000004,swap,notBad
18728,6,500.7399999999989,2,263.08000000000004,swap,notBad
18729,6,500.7399999999989,2,263.08000000000004,swap,notBad
18730,6,500.7399999999989,2,263.08000000000004,2opt,notBad
18731,6,500.7399999999989,2,263.08000000000004,move,improve
18732,6,500.7399999999989,2,263.08000000000004,2opt,notBad
18733,6,500.7399999999989,2,263.08000000000004,swap,notBad
18734,6,500.7399999999989,2,263.08000000000004,swap,notBad
18735,6,500.7399999999989,2,263.08000000000004,move,improve
18736,6,500.7399999999989,2,263.08000000000004,2opt,notBad
18737,6,500.7399999999989,2,263.08000000000004,move,improve
18738,6,500.7399999999989,2,263.08000000000004,move,improve
18739,6,500.7399999999989,2,263.08000000000004,2opt,notBad
18740,6,500.7399999999989,2,263.08000000000004,2opt,notBad
18741,6,500.7399999999989,2,263.08000000000004,move,improve
18742,6,500.7399999999989,2,263.08000000000004,2opt,notBad
18743,6,500.7399999999989,2,263.08000000000004,swap,notBad
18744,6,500.7399999999989,2,263.08000000000004,move,improve
18745,6,500.7399999999989,2,263.08000000000004,move,improve
18746,6,500.7399999999989,2,263.08000000000004,move,improve
18747,6,500.7399999999989,2,263.08000000000004,swap,notBad
18748,6,500.7399999999989,2,263.08000000000004,swap,notBad
18749,6,500.7399999999989,2,263.08000000000004,swap,notBad
18750,6,500.7399999999989,2,263.08000000000004,swap,notBad
18751,6,500.7399999999989,2,263.08000000000004,swap,notBad
18752,6,500.7399999999989,2,263.08000000000004,move,improve
18753,6,500.7399999999989,2,263.08000000000004,swap,notBad
18754,6,500.7399999999989,2,263.08000000000004,swap,notBad
18755,6,500.7399999999989,2,263.08000000000004,swap,notBad
18756,6,500.7399999999989,2,263.08000000000004,swap,notBad
18757,6,500.7399999999989,2,263.08000000000004,swap,notBad
18758,6,500.7399999999989,2,263.08000000000004,swap,notBad
18759,6,500.7399999999989,2,263.08000000000004,move,improve
18760,6,500.7399999999989,2,263.08000000000004,move,improve
18761,6,500.7399999999989,2,263.08000000000004,swap,notBad
18762,6,500.7399999999989,2,263.08000000000004,swap,notBad
18763,6,500.7399999999989,2,263.08000000000004,move,improve
18764,6,500.7399999999989,2,263.08000000000004,swap,notBad
18765,6,500.7399999999989,2,263.08000000000004,move,improve
18766,6,500.7399999999989,2,263.08000000000004,move,improve
18767,6,500.7399999999989,2,263.08000000000004,swap,notBad
18768,6,500.7399999999989,2,263.08000000000004,2opt,notBad
18769,6,500.7399999999989,2,263.08000000000004,swap,notBad
18770,6,500.7399999999989,2,263.08000000000004,swap,notBad
18771,6,500.7399999999989,2,263.08000000000004,move,improve
18772,6,500.7399999999989,2,263.08000000000004,move,improve
18773,6,500.7399999999989,2,263.08000000000004,swap,notBad
18774,6,500.7399999999989,2,263.08000000000004,swap,notBad
18775,6,500.7399999999989,2,263.08000000000004,move,improve
18776,6,500.7399999999989,2,263.08000000000004,move,improve
18777,6,500.7399999999989,2,263.08000000000004,swap,notBad
18778,6,500.7399999999989,2,263.08000000000004,move,improve
18779,6,500.7399999999989,2,263.08000000000004,move,improve
18780,6,500.7399999999989,2,263.08000000000004,2opt,notBad
18781,6,500.7399999999989,2,263.08000000000004,swap,notBad
18782,6,500.7399999999989,2,263.08000000000004,move,improve
18783,6,500.7399999999989,2,263.08000000000004,swap,notBad
18784,6,500.7399999999989,2,263.08000000000004,swap,notBad
18785,6,500.7399999999989,2,263.08000000000004,move,improve
18786,6,500.7399999999989,2,263.08000000000004,swap,notBad
18787,6,500.7399999999989,2,263.08000000000004,swap,notBad
18788,6,500.7399999999989,2,263.08000000000004,move,improve
18789,6,500.7399999999989,2,263.08000000000004,move,improve
18790,6,500.7399999999989,2,263.08000000000004,2opt,notBad
18791,6,500.7399999999989,2,263.08000000000004,2opt,notBad
18792,6,500.7399999999989,2,263.08000000000004,2opt,notBad
18793,6,500.7399999999989,2,263.08000000000004,2opt,notBad
18794,6,500.7399999999989,2,263.08000000000004,swap,notBad
18795,6,500.7399999999989,2,263.08000000000004,move,improve
18796,6,500.7399999999989,2,263.08000000000004,2opt,notBad
18797,6,500.7399999999989,2,263.08000000000004,2opt,notBad
18798,6,500.7399999999989,2,263.08000000000004,swap,notBad
18799,6,500.7399999999989,2,263.08000000000004,move,improve
18800,6,500.7399999999989,2,263.08000000000004,2opt,notBad
18801,6,500.7399999999989,2,263.08000000000004,move,improve
18802,6,500.7399999999989,2,263.08000000000004,swap,notBad
18803,6,500.7399999999989,2,263.08000000000004,move,improve
18804,6,500.7399999999989,2,263.08000000000004,swap,notBad
18805,6,500.7399999999989,2,263.08000000000004,move,improve
18806,6,500.7399999999989,2,263.08000000000004,swap,notBad
18807,6,500.7399999999989,2,263.08000000000004,move,improve
18808,6,500.7399999999989,2,263.08000000000004,2opt,notBad
18809,6,500.7399999999989,2,263.08000000000004,2opt,notBad
18810,6,500.7399999999989,2,263.08000000000004,2opt,notBad
18811,6,500.7399999999989,2,263.08000000000004,swap,notBad
18812,6,500.7399999999989,2,263.08000000000004,2opt,notBad
18813,6,500.7399999999989,2,263.08000000000004,move,improve
18814,6,500.7399999999989,2,263.08000000000004,move,improve
18815,6,500.7399999999989,2,263.08000000000004,move,improve
18816,6,500.7399999999989,2,263.08000000000004,swap,notBad
18817,6,500.7399999999989,2,263.08000000000004,swap,notBad
18818,6,500.7399999999989,2,263.08000000000004,move,improve
18819,6,500.7399999999989,2,263.08000000000004,2opt,notBad
18820,6,500.7399999999989,2,263.08000000000004,swap,notBad
18821,6,500.7399999999989,2,263.08000000000004,move,improve
18822,6,500.7399999999989,2,263.08000000000004,move,improve
18823,6,500.7399999999989,2,263.08000000000004,2opt,notBad
18824,6,500.7399999999989,2,263.08000000000004,move,improve
18825,6,500.7399999999989,2,263.08000000000004,swap,notBad
18826,6,500.7399999999989,2,263.08000000000004,swap,notBad
18827,6,500.7399999999989,2,263.08000000000004,swap,notBad
18828,6,500.7399999999989,2,263.08000000000004,move,improve
18829,6,500.7399999999989,2,263.08000000000004,move,improve
18830,6,500.7399999999989,2,263.08000000000004,move,improve
18831,6,500.7399999999989,2,263.08000000000004,swap,notBad
18832,6,500.7399999999989,2,263.08000000000004,move,improve
18833,6,500.7399999999989,2,263.08000000000004,swap,notBad
18834,6,500.7399999999989,2,263.08000000000004,swap,notBad
18835,6,500.7399999999989,2,263.08000000000004,2opt,notBad
18836,6,500.7399999999989,2,263.08000000000004,swap,notBad
18837,6,500.7399999999989,2,263.08000000000004,2opt,notBad
18838,6,500.7399999999989,2,263.08000000000004,2opt,improve
18839,6,500.7399999999989,2,263.08000000000004,2opt,notBad
18840,6,500.7399999999989,2,263.08000000000004,move,improve
18841,6,500.7399999999989,2,263.08000000000004,swap,notBad
18842,6,500.7399999999989,2,263.08000000000004,swap,notBad
18843,6,500.7399999999989,2,263.08000000000004,2opt,notBad
18844,6,500.7399999999989,2,263.08000000000004,2opt,improve
18845,6,500.7399999999989,2,263.08000000000004,swap,notBad
18846,6,500.7399999999989,2,263.08000000000004,2opt,notBad
18847,6,500.7399999999989,2,263.08000000000004,2opt,notBad
18848,6,500.7399999999989,2,263.08000000000004,move,improve
18849,6,500.7399999999989,2,263.08000000000004,swap,notBad
18850,6,500.7399999999989,2,263.08000000000004,2opt,notBad
18851,6,500.7399999999989,2,263.08000000000004,move,improve
18852,6,500.7399999999989,2,263.08000000000004,2opt,notBad
18853,6,500.7399999999989,2,263.08000000000004,2opt,notBad
18854,6,500.7399999999989,2,263.08000000000004,2opt,notBad
18855,6,500.7399999999989,2,263.08000000000004,move,notBad
18856,6,500.7399999999989,2,263.08000000000004,2opt,notBad
18857,6,500.7399999999989,2,263.08000000000004,2opt,notBad
18858,6,500.7399999999989,2,263.08000000000004,2opt,notBad
18859,6,500.7399999999989,2,263.08000000000004,swap,notBad
18860,6,500.7399999999989,2,263.08000000000004,swap,notBad
18861,6,500.7399999999989,2,263.08000000000004,swap,notBad
18862,6,500.7399999999989,2,263.08000000000004,swap,notBad
18863,6,500.7399999999989,2,263.08000000000004,swap,notBad
18864,6,500.7399999999989,2,263.08000000000004,swap,notBad
18865,6,500.7399999999989,2,263.08000000000004,move,improve
18866,6,500.7399999999989,2,263.08000000000004,move,improve
18867,6,500.7399999999989,2,263.08000000000004,2opt,notBad
18868,6,500.7399999999989,2,263.08000000000004,swap,notBad
18869,6,500.7399999999989,2,263.08000000000004,swap,notBad
18870,6,500.7399999999989,2,263.08000000000004,move,improve
18871,6,500.7399999999989,2,263.08000000000004,move,improve
18872,6,500.7399999999989,2,263.08000000000004,move,improve
18873,6,500.7399999999989,2,263.08000000000004,swap,notBad
18874,6,500.7399999999989,2,263.08000000000004,swap,notBad
18875,6,500.7399999999989,2,263.08000000000004,move,improve
18876,6,500.7399999999989,2,263.08000000000004,swap,notBad
18877,6,500.7399999999989,2,263.08000000000004,move,improve
18878,6,500.7399999999989,2,263.08000000000004,move,improve
18879,6,500.7399999999989,2,263.08000000000004,2opt,notBad
18880,6,500.7399999999989,2,263.08000000000004,swap,notBad
18881,6,500.7399999999989,2,263.08000000000004,swap,notBad
18882,6,500.7399999999989,2,263.08000000000004,swap,notBad
18883,6,500.7399999999989,2,263.08000000000004,swap,notBad
18884,6,500.7399999999989,2,263.08000000000004,swap,notBad
18885,6,500.7399999999989,2,263.08000000000004,2opt,notBad
18886,6,500.7399999999989,2,263.08000000000004,swap,notBad
18887,6,500.7399999999989,2,263.08000000000004,move,improve
18888,6,500.7399999999989,2,263.08000000000004,swap,notBad
18889,6,500.7399999999989,2,263.08000000000004,swap,notBad
18890,6,500.7399999999989,2,263.08000000000004,2opt,notBad
18891,6,500.7399999999989,2,263.08000000000004,2opt,notBad
18892,6,500.7399999999989,2,263.08000000000004,2opt,notBad
18893,6,500.7399999999989,2,263.08000000000004,move,improve
18894,6,500.7399999999989,2,263.08000000000004,move,improve
18895,6,500.7399999999989,2,263.08000000000004,move,improve
18896,6,500.7399999999989,2,263.08000000000004,2opt,improve
18897,6,500.7399999999989,2,263.08000000000004,swap,notBad
18898,6,500.7399999999989,2,263.08000000000004,move,improve
18899,6,500.7399999999989,2,263.08000000000004,move,improve
18900,6,500.7399999999989,2,263.08000000000004,2opt,notBad
18901,6,500.7399999999989,2,263.08000000000004,swap,notBad
18902,6,500.7399999999989,2,263.08000000000004,swap,notBad
18903,6,500.7399999999989,2,263.08000000000004,2opt,notBad
18904,6,500.7399999999989,2,263.08000000000004,swap,notBad
18905,6,500.7399999999989,2,263.08000000000004,swap,notBad
18906,6,500.7399999999989,2,263.08000000000004,swap,notBad
18907,6,500.7399999999989,2,263.08000000000004,move,improve
18908,6,500.7399999999989,2,263.08000000000004,swap,notBad
18909,6,500.7399999999989,2,263.08000000000004,move,improve
18910,6,500.7399999999989,2,263.08000000000004,2opt,notBad
18911,6,500.7399999999989,2,263.08000000000004,swap,notBad
18912,6,500.7399999999989,2,263.08000000000004,move,improve
18913,6,500.7399999999989,2,263.08000000000004,2opt,notBad
18914,6,500.7399999999989,2,263.08000000000004,move,improve
18915,6,500.7399999999989,2,263.08000000000004,swap,notBad
18916,6,500.7399999999989,2,263.08000000000004,swap,notBad
18917,6,500.7399999999989,2,263.08000000000004,swap,notBad
18918,6,500.7399999999989,2,263.08000000000004,2opt,improve
18919,6,500.7399999999989,2,263.08000000000004,move,improve
18920,6,500.7399999999989,2,263.08000000000004,move,improve
18921,6,500.7399999999989,2,263.08000000000004,swap,notBad
18922,6,500.7399999999989,2,263.08000000000004,2opt,notBad
18923,6,500.7399999999989,2,263.08000000000004,2opt,notBad
18924,6,500.7399999999989,2,263.08000000000004,swap,notBad
18925,6,500.7399999999989,2,263.08000000000004,2opt,notBad
18926,6,500.7399999999989,2,263.08000000000004,move,improve
18927,6,500.7399999999989,2,263.08000000000004,2opt,notBad
18928,6,500.7399999999989,2,263.08000000000004,move,improve
18929,6,500.7399999999989,2,263.08000000000004,swap,notBad
18930,6,500.7399999999989,2,263.08000000000004,move,improve
18931,6,500.7399999999989,2,263.08000000000004,move,improve
18932,6,500.7399999999989,2,263.08000000000004,move,improve
18933,6,500.7399999999989,2,263.08000000000004,move,improve
18934,6,500.7399999999989,2,263.08000000000004,swap,notBad
18935,6,500.7399999999989,2,263.08000000000004,2opt,notBad
18936,6,500.7399999999989,2,263.08000000000004,swap,notBad
18937,6,500.7399999999989,2,263.08000000000004,swap,notBad
18938,6,500.7399999999989,2,263.08000000000004,move,improve
18939,6,500.7399999999989,2,263.08000000000004,move,improve
18940,6,500.7399999999989,2,263.08000000000004,move,improve
18941,6,500.7399999999989,2,263.08000000000004,swap,notBad
18942,6,500.7399999999989,2,263.08000000000004,2opt,notBad
18943,6,500.7399999999989,2,263.08000000000004,2opt,notBad
18944,6,500.7399999999989,2,263.08000000000004,move,improve
18945,6,500.7399999999989,2,263.08000000000004,swap,notBad
18946,6,500.7399999999989,2,263.08000000000004,swap,notBad
18947,6,500.7399999999989,2,263.08000000000004,swap,notBad
18948,6,500.7399999999989,2,263.08000000000004,move,improve
18949,6,500.7399999999989,2,263.08000000000004,move,improve
18950,6,500.7399999999989,2,263.08000000000004,swap,notBad
18951,6,500.7399999999989,2,263.08000000000004,swap,notBad
18952,6,500.7399999999989,2,263.08000000000004,move,improve
18953,6,500.7399999999989,2,263.08000000000004,swap,notBad
18954,6,500.7399999999989,2,263.08000000000004,swap,notBad
18955,6,500.7399999999989,2,263.08000000000004,swap,notBad
18956,6,500.7399999999989,2,263.08000000000004,swap,notBad
18957,6,500.7399999999989,2,263.08000000000004,move,improve
18958,6,500.7399999999989,2,263.08000000000004,swap,notBad
18959,6,500.7399999999989,2,263.08000000000004,2opt,notBad
18960,6,500.7399999999989,2,263.08000000000004,2opt,notBad
18961,6,500.7399999999989,2,263.08000000000004,swap,notBad
18962,6,500.7399999999989,2,263.08000000000004,2opt,notBad
18963,6,500.7399999999989,2,263.08000000000004,move,improve
18964,6,500.7399999999989,2,263.08000000000004,swap,notBad
18965,6,500.7399999999989,2,263.08000000000004,2opt,improve
18966,6,500.7399999999989,2,263.08000000000004,move,improve
18967,6,500.7399999999989,2,263.08000000000004,2opt,notBad
18968,6,500.7399999999989,2,263.08000000000004,move,improve
18969,6,500.7399999999989,2,263.08000000000004,2opt,notBad
18970,6,500.7399999999989,2,263.08000000000004,move,improve
18971,6,500.7399999999989,2,263.08000000000004,move,improve
18972,6,500.7399999999989,2,263.08000000000004,move,improve
18973,6,500.7399999999989,2,263.08000000000004,2opt,notBad
18974,6,500.7399999999989,2,263.08000000000004,move,improve
18975,6,500.7399999999989,2,263.08000000000004,move,improve
18976,6,500.7399999999989,2,263.08000000000004,swap,notBad
18977,6,500.7399999999989,2,263.08000000000004,swap,notBad
18978,6,500.7399999999989,2,263.08000000000004,move,improve
18979,6,500.7399999999989,2,263.08000000000004,swap,notBad
18980,6,500.7399999999989,2,263.08000000000004,2opt,improve
18981,6,500.7399999999989,2,263.08000000000004,2opt,notBad
18982,6,500.7399999999989,2,263.08000000000004,move,improve
18983,6,500.7399999999989,2,263.08000000000004,2opt,notBad
18984,6,500.7399999999989,2,263.08000000000004,swap,notBad
18985,6,500.7399999999989,2,263.08000000000004,2opt,notBad
18986,6,500.7399999999989,2,263.08000000000004,swap,notBad
18987,6,500.7399999999989,2,263.08000000000004,2opt,notBad
18988,6,500.7399999999989,2,263.08000000000004,move,improve
18989,6,500.7399999999989,2,263.08000000000004,swap,notBad
18990,6,500.7399999999989,2,263.08000000000004,2opt,notBad
18991,6,500.7399999999989,2,263.08000000000004,move,improve
18992,6,500.7399999999989,2,263.08000000000004,2opt,notBad
18993,6,500.7399999999989,2,263.08000000000004,move,improve
18994,6,500.7399999999989,2,263.08000000000004,move,improve
18995,6,500.7399999999989,2,263.08000000000004,swap,notBad
18996,6,500.7399999999989,2,263.08000000000004,swap,notBad
18997,6,500.7399999999989,2,263.08000000000004,swap,notBad
18998,6,500.7399999999989,2,263.08000000000004,move,improve
18999,6,500.7399999999989,2,263.08000000000004,swap,notBad
19000,6,500.7399999999989,2,263.08000000000004,move,improve
19001,6,500.7399999999989,2,263.08000000000004,move,improve
19002,6,500.7399999999989,2,263.08000000000004,2opt,notBad
19003,6,500.7399999999989,2,263.08000000000004,swap,notBad
19004,6,500.7399999999989,2,263.08000000000004,2opt,notBad
19005,6,500.7399999999989,2,263.08000000000004,2opt,notBad
19006,6,500.7399999999989,2,263.08000000000004,move,improve
19007,6,500.7399999999989,2,263.08000000000004,move,improve
19008,6,500.7399999999989,2,263.08000000000004,2opt,notBad
19009,6,500.7399999999989,2,263.08000000000004,2opt,notBad
19010,6,500.7399999999989,2,263.08000000000004,move,improve
19011,6,500.7399999999989,2,263.08000000000004,swap,notBad
19012,6,500.7399999999989,2,263.08000000000004,move,improve
19013,6,500.7399999999989,2,263.08000000000004,move,improve
19014,6,500.7399999999989,2,263.08000000000004,move,improve
19015,6,500.7399999999989,2,263.08000000000004,2opt,notBad
19016,6,500.7399999999989,2,263.08000000000004,swap,notBad
19017,6,500.7399999999989,2,263.08000000000004,2opt,notBad
19018,6,500.7399999999989,2,263.08000000000004,swap,notBad
19019,6,500.7399999999989,2,263.08000000000004,swap,notBad
19020,6,500.7399999999989,2,263.08000000000004,swap,notBad
19021,6,500.7399999999989,2,263.08000000000004,2opt,notBad
19022,6,500.7399999999989,2,263.08000000000004,move,improve
19023,6,500.7399999999989,2,263.08000000000004,2opt,notBad
19024,6,500.7399999999989,2,263.08000000000004,2opt,notBad
19025,6,500.7399999999989,2,263.08000000000004,swap,notBad
19026,6,500.7399999999989,2,263.08000000000004,2opt,notBad
19027,6,500.7399999999989,2,263.08000000000004,move,improve
19028,6,500.7399999999989,2,263.08000000000004,2opt,notBad
19029,6,500.7399999999989,2,263.08000000000004,2opt,improve
19030,6,500.7399999999989,2,263.08000000000004,swap,notBad
19031,6,500.7399999999989,2,263.08000000000004,swap,notBad
19032,6,500.7399999999989,2,263.08000000000004,2opt,notBad
19033,6,500.7399999999989,2,263.08000000000004,move,improve
19034,6,500.7399999999989,2,263.08000000000004,2opt,notBad
19035,6,500.7399999999989,2,263.08000000000004,2opt,notBad
19036,6,500.7399999999989,2,263.08000000000004,swap,notBad
19037,6,500.7399999999989,2,263.08000000000004,move,improve
19038,6,500.7399999999989,2,263.08000000000004,move,improve
19039,6,500.7399999999989,2,263.08000000000004,2opt,notBad
19040,6,500.7399999999989,2,263.08000000000004,move,improve
19041,6,500.7399999999989,2,263.08000000000004,move,improve
19042,6,500.7399999999989,2,263.08000000000004,move,improve
19043,6,500.7399999999989,2,263.08000000000004,move,improve
19044,6,500.7399999999989,2,263.08000000000004,2opt,improve
19045,6,500.7399999999989,2,263.08000000000004,move,improve
19046,6,500.7399999999989,2,263.08000000000004,move,improve
19047,6,500.7399999999989,2,263.08000000000004,move,notBad
19048,6,500.7399999999989,2,263.08000000000004,2opt,notBad
19049,6,500.7399999999989,2,263.08000000000004,swap,notBad
19050,6,500.7399999999989,2,263.08000000000004,swap,notBad
19051,6,500.7399999999989,2,263.08000000000004,2opt,notBad
19052,6,500.7399999999989,2,263.08000000000004,move,improve
19053,6,500.7399999999989,2,263.08000000000004,move,improve
19054,6,500.7399999999989,2,263.08000000000004,2opt,notBad
19055,6,500.7399999999989,2,263.08000000000004,move,improve
19056,6,500.7399999999989,2,263.08000000000004,swap,notBad
19057,6,500.7399999999989,2,263.08000000000004,swap,notBad
19058,6,500.7399999999989,2,263.08000000000004,move,improve
19059,6,500.7399999999989,2,263.08000000000004,swap,notBad
19060,6,500.7399999999989,2,263.08000000000004,2opt,notBad
19061,6,500.7399999999989,2,263.08000000000004,2opt,notBad
19062,6,500.7399999999989,2,263.08000000000004,2opt,notBad
19063,6,500.7399999999989,2,263.08000000000004,2opt,notBad
19064,6,500.7399999999989,2,263.08000000000004,move,improve
19065,6,500.7399999999989,2,263.08000000000004,move,improve
19066,6,500.7399999999989,2,263.08000000000004,2opt,improve
19067,6,500.7399999999989,2,263.08000000000004,move,improve
19068,6,500.7399999999989,2,263.08000000000004,swap,notBad
19069,6,500.7399999999989,2,263.08000000000004,move,improve
19070,6,500.7399999999989,2,263.08000000000004,swap,notBad
19071,6,500.7399999999989,2,263.08000000000004,move,improve
19072,6,500.7399999999989,2,263.08000000000004,2opt,notBad
19073,6,500.7399999999989,2,263.08000000000004,move,improve
19074,6,500.7399999999989,2,263.08000000000004,2opt,notBad
19075,6,500.7399999999989,2,263.08000000000004,swap,notBad
19076,6,500.7399999999989,2,263.08000000000004,2opt,notBad
19077,6,500.7399999999989,2,263.08000000000004,2opt,notBad
19078,6,500.7399999999989,2,263.08000000000004,2opt,notBad
19079,6,500.7399999999989,2,263.08000000000004,2opt,notBad
19080,6,500.7399999999989,2,263.08000000000004,swap,notBad
19081,6,500.7399999999989,2,263.08000000000004,swap,notBad
19082,6,500.7399999999989,2,263.08000000000004,2opt,notBad
19083,6,500.7399999999989,2,263.08000000000004,2opt,notBad
19084,6,500.7399999999989,2,263.08000000000004,2opt,notBad
19085,6,500.7399999999989,2,263.08000000000004,2opt,notBad
19086,6,500.7399999999989,2,263.08000000000004,swap,notBad
19087,6,500.7399999999989,2,263.08000000000004,swap,notBad
19088,6,500.7399999999989,2,263.08000000000004,move,improve
19089,6,500.7399999999989,2,263.08000000000004,move,improve
19090,6,500.7399999999989,2,263.08000000000004,swap,notBad
19091,6,500.7399999999989,2,263.08000000000004,swap,notBad
19092,6,500.7399999999989,2,263.08000000000004,move,improve
19093,6,500.7399999999989,2,263.08000000000004,2opt,notBad
19094,6,500.7399999999989,2,263.08000000000004,2opt,notBad
19095,6,500.7399999999989,2,263.08000000000004,move,improve
19096,6,500.7399999999989,2,263.08000000000004,2opt,notBad
19097,6,500.7399999999989,2,263.08000000000004,2opt,notBad
19098,6,500.7399999999989,2,263.08000000000004,2opt,notBad
19099,6,500.7399999999989,2,263.08000000000004,move,improve
19100,6,500.7399999999989,2,263.08000000000004,swap,notBad
19101,6,500.7399999999989,2,263.08000000000004,swap,notBad
19102,6,500.7399999999989,2,263.08000000000004,move,improve
19103,6,500.7399999999989,2,263.08000000000004,swap,notBad
19104,6,500.7399999999989,2,263.08000000000004,swap,notBad
19105,6,500.7399999999989,2,263.08000000000004,2opt,notBad
19106,6,500.7399999999989,2,263.08000000000004,swap,notBad
19107,6,500.7399999999989,2,263.08000000000004,2opt,notBad
19108,6,500.7399999999989,2,263.08000000000004,2opt,notBad
19109,6,500.7399999999989,2,263.08000000000004,move,improve
19110,6,500.7399999999989,2,263.08000000000004,swap,notBad
19111,6,500.7399999999989,2,263.08000000000004,2opt,notBad
19112,6,500.7399999999989,2,263.08000000000004,2opt,notBad
19113,6,500.7399999999989,2,263.08000000000004,move,improve
19114,6,500.7399999999989,2,263.08000000000004,swap,notBad
19115,6,500.7399999999989,2,263.08000000000004,2opt,improve
19116,6,500.7399999999989,2,263.08000000000004,move,improve
19117,6,500.7399999999989,2,263.08000000000004,2opt,notBad
19118,6,500.7399999999989,2,263.08000000000004,swap,notBad
19119,6,500.7399999999989,2,263.08000000000004,swap,notBad
19120,6,500.7399999999989,2,263.08000000000004,move,improve
19121,6,500.7399999999989,2,263.08000000000004,swap,notBad
19122,6,500.7399999999989,2,263.08000000000004,move,improve
19123,6,500.7399999999989,2,263.08000000000004,swap,notBad
19124,6,500.7399999999989,2,263.08000000000004,move,improve
19125,6,500.7399999999989,2,263.08000000000004,2opt,notBad
19126,6,500.7399999999989,2,263.08000000000004,2opt,notBad
19127,6,500.7399999999989,2,263.08000000000004,2opt,notBad
19128,6,500.7399999999989,2,263.08000000000004,move,improve
19129,6,500.7399999999989,2,263.08000000000004,move,improve
19130,6,500.7399999999989,2,263.08000000000004,swap,notBad
19131,6,500.7399999999989,2,263.08000000000004,move,improve
19132,6,500.7399999999989,2,263.08000000000004,swap,notBad
19133,6,500.7399999999989,2,263.08000000000004,move,notBad
19134,6,500.7399999999989,2,263.08000000000004,swap,notBad
19135,6,500.7399999999989,2,263.08000000000004,move,improve
19136,6,500.7399999999989,2,263.08000000000004,2opt,notBad
19137,6,500.7399999999989,2,263.08000000000004,swap,notBad
19138,6,500.7399999999989,2,263.08000000000004,move,improve
19139,6,500.7399999999989,2,263.08000000000004,move,improve
19140,6,500.7399999999989,2,263.08000000000004,swap,notBad
19141,6,500.7399999999989,2,263.08000000000004,swap,notBad
19142,6,500.7399999999989,2,263.08000000000004,swap,notBad
19143,6,500.7399999999989,2,263.08000000000004,swap,notBad
19144,6,500.7399999999989,2,263.08000000000004,move,improve
19145,6,500.7399999999989,2,263.08000000000004,swap,notBad
19146,6,500.7399999999989,2,263.08000000000004,2opt,notBad
19147,6,500.7399999999989,2,263.08000000000004,move,improve
19148,6,500.7399999999989,2,263.08000000000004,move,improve
19149,6,500.7399999999989,2,263.08000000000004,move,notBad
19150,6,500.7399999999989,2,263.08000000000004,move,improve
19151,6,500.7399999999989,2,263.08000000000004,move,improve
19152,6,500.7399999999989,2,263.08000000000004,swap,notBad
19153,6,500.7399999999989,2,263.08000000000004,swap,notBad
19154,6,500.7399999999989,2,263.08000000000004,swap,notBad
19155,6,500.7399999999989,2,263.08000000000004,swap,notBad
19156,6,500.7399999999989,2,263.08000000000004,2opt,improve
19157,6,500.7399999999989,2,263.08000000000004,swap,notBad
19158,6,500.7399999999989,2,263.08000000000004,swap,notBad
19159,6,500.7399999999989,2,263.08000000000004,2opt,notBad
19160,6,500.7399999999989,2,263.08000000000004,move,improve
19161,6,500.7399999999989,2,263.08000000000004,move,improve
19162,6,500.7399999999989,2,263.08000000000004,move,improve
19163,6,500.7399999999989,2,263.08000000000004,2opt,notBad
19164,6,500.7399999999989,2,263.08000000000004,move,improve
19165,6,500.7399999999989,2,263.08000000000004,swap,notBad
19166,6,500.7399999999989,2,263.08000000000004,move,improve
19167,6,500.7399999999989,2,263.08000000000004,2opt,notBad
19168,6,500.7399999999989,2,263.08000000000004,swap,notBad
19169,6,500.7399999999989,2,263.08000000000004,2opt,notBad
19170,6,500.7399999999989,2,263.08000000000004,move,improve
19171,6,500.7399999999989,2,263.08000000000004,2opt,notBad
19172,6,500.7399999999989,2,263.08000000000004,swap,notBad
19173,6,500.7399999999989,2,263.08000000000004,move,improve
19174,6,500.7399999999989,2,263.08000000000004,swap,notBad
19175,6,500.7399999999989,2,263.08000000000004,swap,notBad
19176,6,500.7399999999989,2,263.08000000000004,move,improve
19177,6,500.7399999999989,2,263.08000000000004,swap,notBad
19178,6,500.7399999999989,2,263.08000000000004,move,improve
19179,6,500.7399999999989,2,263.08000000000004,move,improve
19180,6,500.7399999999989,2,263.08000000000004,2opt,notBad
19181,6,500.7399999999989,2,263.08000000000004,move,improve
19182,6,500.7399999999989,2,263.08000000000004,swap,notBad
19183,6,500.7399999999989,2,263.08000000000004,2opt,notBad
19184,6,500.7399999999989,2,263.08000000000004,swap,notBad
19185,6,500.7399999999989,2,263.08000000000004,move,improve
19186,6,500.7399999999989,2,263.08000000000004,2opt,notBad
19187,6,500.7399999999989,2,263.08000000000004,2opt,notBad
19188,6,500.7399999999989,2,263.08000000000004,move,notBad
19189,6,500.7399999999989,2,263.08000000000004,swap,notBad
19190,6,500.7399999999989,2,263.08000000000004,2opt,notBad
19191,6,500.7399999999989,2,263.08000000000004,2opt,notBad
19192,6,500.7399999999989,2,263.08000000000004,2opt,notBad
19193,6,500.7399999999989,2,263.08000000000004,move,improve
19194,6,500.7399999999989,2,263.08000000000004,swap,notBad
19195,6,500.7399999999989,2,263.08000000000004,move,improve
19196,6,500.7399999999989,2,263.08000000000004,2opt,notBad
19197,6,500.7399999999989,2,263.08000000000004,move,improve
19198,6,500.7399999999989,2,263.08000000000004,2opt,notBad
19199,6,500.7399999999989,2,263.08000000000004,move,improve
19200,6,500.7399999999989,2,263.08000000000004,swap,notBad
19201,6,500.7399999999989,2,263.08000000000004,move,improve
19202,6,500.7399999999989,2,263.08000000000004,swap,notBad
19203,6,500.7399999999989,2,263.08000000000004,2opt,notBad
19204,6,500.7399999999989,2,263.08000000000004,move,improve
19205,6,500.7399999999989,2,263.08000000000004,2opt,notBad
19206,6,500.7399999999989,2,263.08000000000004,swap,notBad
19207,6,500.7399999999989,2,263.08000000000004,2opt,notBad
19208,6,500.7399999999989,2,263.08000000000004,swap,notBad
19209,6,500.7399999999989,2,263.08000000000004,swap,notBad
19210,6,500.7399999999989,2,263.08000000000004,move,improve
19211,6,500.7399999999989,2,263.08000000000004,2opt,notBad
19212,6,500.7399999999989,2,263.08000000000004,move,improve
19213,6,500.7399999999989,2,263.08000000000004,swap,notBad
19214,6,500.7399999999989,2,263.08000000000004,2opt,notBad
19215,6,500.7399999999989,2,263.08000000000004,move,improve
19216,6,500.7399999999989,2,263.08000000000004,2opt,notBad
19217,6,500.7399999999989,2,263.08000000000004,swap,notBad
19218,6,500.7399999999989,2,263.08000000000004,swap,notBad
19219,6,500.7399999999989,2,263.08000000000004,swap,notBad
19220,6,500.7399999999989,2,263.08000000000004,swap,notBad
19221,6,500.7399999999989,2,263.08000000000004,swap,notBad
19222,6,500.7399999999989,2,263.08000000000004,move,improve
19223,6,500.7399999999989,2,263.08000000000004,move,improve
19224,6,500.7399999999989,2,263.08000000000004,move,improve
19225,6,500.7399999999989,2,263.08000000000004,2opt,improve
19226,6,500.7399999999989,2,263.08000000000004,2opt,notBad
19227,6,500.7399999999989,2,263.08000000000004,2opt,notBad
19228,6,500.7399999999989,2,263.08000000000004,swap,notBad
19229,6,500.7399999999989,2,263.08000000000004,2opt,notBad
19230,6,500.7399999999989,2,263.08000000000004,move,improve
19231,6,500.7399999999989,2,263.08000000000004,move,improve
19232,6,500.7399999999989,2,263.08000000000004,move,improve
19233,6,500.7399999999989,2,263.08000000000004,2opt,notBad
19234,6,500.7399999999989,2,263.08000000000004,swap,notBad
19235,6,500.7399999999989,2,263.08000000000004,swap,notBad
19236,6,500.7399999999989,2,263.08000000000004,2opt,notBad
19237,6,500.7399999999989,2,263.08000000000004,2opt,notBad
19238,6,500.7399999999989,2,263.08000000000004,2opt,notBad
19239,6,500.7399999999989,2,263.08000000000004,move,improve
19240,6,500.7399999999989,2,263.08000000000004,move,improve
19241,6,500.7399999999989,2,263.08000000000004,move,improve
19242,6,500.7399999999989,2,263.08000000000004,swap,notBad
19243,6,500.7399999999989,2,263.08000000000004,2opt,notBad
19244,6,500.7399999999989,2,263.08000000000004,2opt,notBad
19245,6,500.7399999999989,2,263.08000000000004,move,improve
19246,6,500.7399999999989,2,263.08000000000004,swap,notBad
19247,6,500.7399999999989,2,263.08000000000004,move,improve
19248,6,500.7399999999989,2,263.08000000000004,swap,notBad
19249,6,500.7399999999989,2,263.08000000000004,swap,notBad
19250,6,500.7399999999989,2,263.08000000000004,move,improve
19251,6,500.7399999999989,2,263.08000000000004,2opt,notBad
19252,6,500.7399999999989,2,263.08000000000004,swap,notBad
19253,6,500.7399999999989,2,263.08000000000004,swap,notBad
19254,6,500.7399999999989,2,263.08000000000004,swap,notBad
19255,6,500.7399999999989,2,263.08000000000004,2opt,notBad
19256,6,500.7399999999989,2,263.08000000000004,2opt,notBad
19257,6,500.7399999999989,2,263.08000000000004,2opt,notBad
19258,6,500.7399999999989,2,263.08000000000004,move,improve
19259,6,500.7399999999989,2,263.08000000000004,2opt,notBad
19260,6,500.7399999999989,2,263.08000000000004,2opt,notBad
19261,6,500.7399999999989,2,263.08000000000004,2opt,notBad
19262,6,500.7399999999989,2,263.08000000000004,move,improve
19263,6,500.7399999999989,2,263.08000000000004,swap,notBad
19264,6,500.7399999999989,2,263.08000000000004,move,improve
19265,6,500.7399999999989,2,263.08000000000004,2opt,notBad
19266,6,500.7399999999989,2,263.08000000000004,swap,notBad
19267,6,500.7399999999989,2,263.08000000000004,2opt,improve
19268,6,500.7399999999989,2,263.08000000000004,move,improve
19269,6,500.7399999999989,2,263.08000000000004,2opt,notBad
19270,6,500.7399999999989,2,263.08000000000004,swap,notBad
19271,6,500.7399999999989,2,263.08000000000004,move,improve
19272,6,500.7399999999989,2,263.08000000000004,swap,notBad
19273,6,500.7399999999989,2,263.08000000000004,swap,notBad
19274,6,500.7399999999989,2,263.08000000000004,2opt,notBad
19275,6,500.7399999999989,2,263.08000000000004,swap,notBad
19276,6,500.7399999999989,2,263.08000000000004,move,improve
19277,6,500.7399999999989,2,263.08000000000004,2opt,notBad
19278,6,500.7399999999989,2,263.08000000000004,move,improve
19279,6,500.7399999999989,2,263.08000000000004,swap,notBad
19280,6,500.7399999999989,2,263.08000000000004,move,improve
19281,6,500.7399999999989,2,263.08000000000004,move,improve
19282,6,500.7399999999989,2,263.08000000000004,2opt,notBad
19283,6,500.7399999999989,2,263.08000000000004,swap,notBad
19284,6,500.7399999999989,2,263.08000000000004,2opt,improve
19285,6,500.7399999999989,2,263.08000000000004,move,improve
19286,6,500.7399999999989,2,263.08000000000004,swap,notBad
19287,6,500.7399999999989,2,263.08000000000004,move,improve
19288,6,500.7399999999989,2,263.08000000000004,move,improve
19289,6,500.7399999999989,2,263.08000000000004,swap,notBad
19290,6,500.7399999999989,2,263.08000000000004,swap,notBad
19291,6,500.7399999999989,2,263.08000000000004,swap,notBad
19292,6,500.7399999999989,2,263.08000000000004,2opt,notBad
19293,6,500.7399999999989,2,263.08000000000004,2opt,notBad
19294,6,500.7399999999989,2,263.08000000000004,2opt,notBad
19295,6,500.7399999999989,2,263.08000000000004,2opt,notBad
19296,6,500.7399999999989,2,263.08000000000004,swap,notBad
19297,6,500.7399999999989,2,263.08000000000004,2opt,notBad
19298,6,500.7399999999989,2,263.08000000000004,swap,notBad
19299,6,500.7399999999989,2,263.08000000000004,move,improve
19300,6,500.7399999999989,2,263.08000000000004,2opt,notBad
19301,6,500.7399999999989,2,263.08000000000004,2opt,notBad
19302,6,500.7399999999989,2,263.08000000000004,swap,notBad
19303,6,500.7399999999989,2,263.08000000000004,move,improve
19304,6,500.7399999999989,2,263.08000000000004,2opt,notBad
19305,6,500.7399999999989,2,263.08000000000004,2opt,notBad
19306,6,500.7399999999989,2,263.08000000000004,move,improve
19307,6,500.7399999999989,2,263.08000000000004,2opt,notBad
19308,6,500.7399999999989,2,263.08000000000004,swap,notBad
19309,6,500.7399999999989,2,263.08000000000004,swap,notBad
19310,6,500.7399999999989,2,263.08000000000004,2opt,notBad
19311,6,500.7399999999989,2,263.08000000000004,2opt,notBad
19312,6,500.7399999999989,2,263.08000000000004,2opt,notBad
19313,6,500.7399999999989,2,263.08000000000004,swap,notBad
19314,6,500.7399999999989,2,263.08000000000004,swap,notBad
19315,6,500.7399999999989,2,263.08000000000004,move,improve
19316,6,500.7399999999989,2,263.08000000000004,move,improve
19317,6,500.7399999999989,2,263.08000000000004,move,improve
19318,6,500.7399999999989,2,263.08000000000004,move,improve
19319,6,500.7399999999989,2,263.08000000000004,2opt,notBad
19320,6,500.7399999999989,2,263.08000000000004,swap,notBad
19321,6,500.7399999999989,2,263.08000000000004,swap,notBad
19322,6,500.7399999999989,2,263.08000000000004,2opt,notBad
19323,6,500.7399999999989,2,263.08000000000004,swap,notBad
19324,6,500.7399999999989,2,263.08000000000004,2opt,notBad
19325,6,500.7399999999989,2,263.08000000000004,swap,notBad
19326,6,500.7399999999989,2,263.08000000000004,move,improve
19327,6,500.7399999999989,2,263.08000000000004,swap,notBad
19328,6,500.7399999999989,2,263.08000000000004,2opt,notBad
19329,6,500.7399999999989,2,263.08000000000004,2opt,notBad
19330,6,500.7399999999989,2,263.08000000000004,2opt,notBad
19331,6,500.7399999999989,2,263.08000000000004,move,improve
19332,6,500.7399999999989,2,263.08000000000004,2opt,notBad
19333,6,500.7399999999989,2,263.08000000000004,move,improve
19334,6,500.7399999999989,2,263.08000000000004,swap,notBad
19335,6,500.7399999999989,2,263.08000000000004,swap,notBad
19336,6,500.7399999999989,2,263.08000000000004,swap,notBad
19337,6,500.7399999999989,2,263.08000000000004,swap,notBad
19338,6,500.7399999999989,2,263.08000000000004,2opt,notBad
19339,6,500.7399999999989,2,263.08000000000004,2opt,notBad
19340,6,500.7399999999989,2,263.08000000000004,move,improve
19341,6,500.7399999999989,2,263.08000000000004,move,improve
19342,6,500.7399999999989,2,263.08000000000004,swap,notBad
19343,6,500.7399999999989,2,263.08000000000004,swap,notBad
19344,6,500.7399999999989,2,263.08000000000004,move,improve
19345,6,500.7399999999989,2,263.08000000000004,swap,notBad
19346,6,500.7399999999989,2,263.08000000000004,move,improve
19347,6,500.7399999999989,2,263.08000000000004,2opt,notBad
19348,6,500.7399999999989,2,263.08000000000004,2opt,notBad
19349,6,500.7399999999989,2,263.08000000000004,2opt,notBad
19350,6,500.7399999999989,2,263.08000000000004,2opt,notBad
19351,6,500.7399999999989,2,263.08000000000004,move,improve
19352,6,500.7399999999989,2,263.08000000000004,swap,notBad
19353,6,500.7399999999989,2,263.08000000000004,2opt,notBad
19354,6,500.7399999999989,2,263.08000000000004,move,improve
19355,6,500.7399999999989,2,263.08000000000004,2opt,notBad
19356,6,500.7399999999989,2,263.08000000000004,swap,notBad
19357,6,500.7399999999989,2,263.08000000000004,2opt,notBad
19358,6,500.7399999999989,2,263.08000000000004,move,improve
19359,6,500.7399999999989,2,263.08000000000004,2opt,notBad
19360,6,500.7399999999989,2,263.08000000000004,swap,notBad
19361,6,500.7399999999989,2,263.08000000000004,move,improve
19362,6,500.7399999999989,2,263.08000000000004,move,improve
19363,6,500.7399999999989,2,263.08000000000004,swap,notBad
19364,6,500.7399999999989,2,263.08000000000004,swap,notBad
19365,6,500.7399999999989,2,263.08000000000004,2opt,notBad
19366,6,500.7399999999989,2,263.08000000000004,2opt,notBad
19367,6,500.7399999999989,2,263.08000000000004,2opt,notBad
19368,6,500.7399999999989,2,263.08000000000004,swap,notBad
19369,6,500.7399999999989,2,263.08000000000004,swap,notBad
19370,6,500.7399999999989,2,263.08000000000004,swap,notBad
19371,6,500.7399999999989,2,263.08000000000004,move,improve
19372,6,500.7399999999989,2,263.08000000000004,2opt,notBad
19373,6,500.7399999999989,2,263.08000000000004,2opt,notBad
19374,6,500.7399999999989,2,263.08000000000004,2opt,notBad
19375,6,500.7399999999989,2,263.08000000000004,2opt,notBad
19376,6,500.7399999999989,2,263.08000000000004,swap,notBad
19377,6,500.7399999999989,2,263.08000000000004,2opt,notBad
19378,6,500.7399999999989,2,263.08000000000004,swap,notBad
19379,6,500.7399999999989,2,263.08000000000004,move,improve
19380,6,500.7399999999989,2,263.08000000000004,2opt,notBad
19381,6,500.7399999999989,2,263.08000000000004,swap,notBad
19382,6,500.7399999999989,2,263.08000000000004,swap,notBad
19383,6,500.7399999999989,2,263.08000000000004,swap,notBad
19384,6,500.7399999999989,2,263.08000000000004,swap,notBad
19385,6,500.7399999999989,2,263.08000000000004,swap,notBad
19386,6,500.7399999999989,2,263.08000000000004,move,improve
19387,6,500.7399999999989,2,263.08000000000004,swap,notBad
19388,6,500.7399999999989,2,263.08000000000004,swap,notBad
19389,6,500.7399999999989,2,263.08000000000004,move,improve
19390,6,500.7399999999989,2,263.08000000000004,move,improve
19391,6,500.7399999999989,2,263.08000000000004,swap,notBad
19392,6,500.7399999999989,2,263.08000000000004,move,improve
19393,6,500.7399999999989,2,263.08000000000004,move,improve
19394,6,500.7399999999989,2,263.08000000000004,move,improve
19395,6,500.7399999999989,2,263.08000000000004,swap,notBad
19396,6,500.7399999999989,2,263.08000000000004,move,improve
19397,6,500.7399999999989,2,263.08000000000004,move,improve
19398,6,500.7399999999989,2,263.08000000000004,move,improve
19399,6,500.7399999999989,2,263.08000000000004,swap,notBad
19400,6,500.7399999999989,2,263.08000000000004,2opt,notBad
19401,6,500.7399999999989,2,263.08000000000004,swap,notBad
19402,6,500.7399999999989,2,263.08000000000004,swap,notBad
19403,6,500.7399999999989,2,263.08000000000004,move,improve
19404,6,500.7399999999989,2,263.08000000000004,move,improve
19405,6,500.7399999999989,2,263.08000000000004,move,improve
19406,6,500.7399999999989,2,263.08000000000004,move,improve
19407,6,500.7399999999989,2,263.08000000000004,2opt,notBad
19408,6,500.7399999999989,2,263.08000000000004,move,notBad
19409,6,500.7399999999989,2,263.08000000000004,2opt,notBad
19410,6,500.7399999999989,2,263.08000000000004,move,improve
19411,6,500.7399999999989,2,263.08000000000004,swap,notBad
19412,6,500.7399999999989,2,263.08000000000004,swap,notBad
19413,6,500.7399999999989,2,263.08000000000004,2opt,notBad
19414,6,500.7399999999989,2,263.08000000000004,swap,notBad
19415,6,500.7399999999989,2,263.08000000000004,2opt,notBad
19416,6,500.7399999999989,2,263.08000000000004,swap,notBad
19417,6,500.7399999999989,2,263.08000000000004,2opt,notBad
19418,6,500.7399999999989,2,263.08000000000004,swap,notBad
19419,6,500.7399999999989,2,263.08000000000004,2opt,notBad
19420,6,500.7399999999989,2,263.08000000000004,move,improve
19421,6,500.7399999999989,2,263.08000000000004,2opt,notBad
19422,6,500.7399999999989,2,263.08000000000004,2opt,notBad
19423,6,500.7399999999989,2,263.08000000000004,move,improve
19424,6,500.7399999999989,2,263.08000000000004,2opt,notBad
19425,6,500.7399999999989,2,263.08000000000004,swap,notBad
19426,6,500.7399999999989,2,263.08000000000004,move,improve
19427,6,500.7399999999989,2,263.08000000000004,2opt,notBad
19428,6,500.7399999999989,2,263.08000000000004,move,improve
19429,6,500.7399999999989,2,263.08000000000004,2opt,notBad
19430,6,500.7399999999989,2,263.08000000000004,move,improve
19431,6,500.7399999999989,2,263.08000000000004,swap,notBad
19432,6,500.7399999999989,2,263.08000000000004,move,improve
19433,6,500.7399999999989,2,263.08000000000004,move,improve
19434,6,500.7399999999989,2,263.08000000000004,move,improve
19435,6,500.7399999999989,2,263.08000000000004,2opt,notBad
19436,6,500.7399999999989,2,263.08000000000004,2opt,notBad
19437,6,500.7399999999989,2,263.08000000000004,2opt,notBad
19438,6,500.7399999999989,2,263.08000000000004,swap,notBad
19439,6,500.7399999999989,2,263.08000000000004,swap,notBad
19440,6,500.7399999999989,2,263.08000000000004,move,improve
19441,6,500.7399999999989,2,263.08000000000004,2opt,notBad
19442,6,500.7399999999989,2,263.08000000000004,swap,notBad
19443,6,500.7399999999989,2,263.08000000000004,2opt,notBad
19444,6,500.7399999999989,2,263.08000000000004,2opt,notBad
19445,6,500.7399999999989,2,263.08000000000004,move,improve
19446,6,500.7399999999989,2,263.08000000000004,2opt,notBad
19447,6,500.7399999999989,2,263.08000000000004,swap,notBad
19448,6,500.7399999999989,2,263.08000000000004,swap,notBad
19449,6,500.7399999999989,2,263.08000000000004,move,improve
19450,6,500.7399999999989,2,263.08000000000004,move,improve
19451,6,500.7399999999989,2,263.08000000000004,swap,notBad
19452,6,500.7399999999989,2,263.08000000000004,2opt,notBad
19453,6,500.7399999999989,2,263.08000000000004,swap,notBad
19454,6,500.7399999999989,2,263.08000000000004,swap,notBad
19455,6,500.7399999999989,2,263.08000000000004,swap,notBad
19456,6,500.7399999999989,2,263.08000000000004,2opt,notBad
19457,6,500.7399999999989,2,263.08000000000004,move,improve
19458,6,500.7399999999989,2,263.08000000000004,2opt,notBad
19459,6,500.7399999999989,2,263.08000000000004,move,improve
19460,6,500.7399999999989,2,263.08000000000004,move,improve
19461,6,500.7399999999989,2,263.08000000000004,swap,notBad
19462,6,500.7399999999989,2,263.08000000000004,swap,notBad
19463,6,500.7399999999989,2,263.08000000000004,move,improve
19464,6,500.7399999999989,2,263.08000000000004,2opt,notBad
19465,6,500.7399999999989,2,263.08000000000004,2opt,notBad
19466,6,500.7399999999989,2,263.08000000000004,move,improve
19467,6,500.7399999999989,2,263.08000000000004,swap,notBad
19468,6,500.7399999999989,2,263.08000000000004,move,improve
19469,6,500.7399999999989,2,263.08000000000004,swap,notBad
19470,6,500.7399999999989,2,263.08000000000004,move,improve
19471,6,500.7399999999989,2,263.08000000000004,move,improve
19472,6,500.7399999999989,2,263.08000000000004,2opt,notBad
19473,6,500.7399999999989,2,263.08000000000004,move,notBad
19474,6,500.7399999999989,2,263.08000000000004,move,improve
19475,6,500.7399999999989,2,263.08000000000004,swap,notBad
19476,6,500.7399999999989,2,263.08000000000004,swap,notBad
19477,6,500.7399999999989,2,263.08000000000004,2opt,notBad
19478,6,500.7399999999989,2,263.08000000000004,2opt,notBad
19479,6,500.7399999999989,2,263.08000000000004,swap,notBad
19480,6,500.7399999999989,2,263.08000000000004,2opt,notBad
19481,6,500.7399999999989,2,263.08000000000004,2opt,notBad
19482,6,500.7399999999989,2,263.08000000000004,swap,notBad
19483,6,500.7399999999989,2,263.08000000000004,2opt,notBad
19484,6,500.7399999999989,2,263.08000000000004,move,improve
19485,6,500.7399999999989,2,263.08000000000004,swap,notBad
19486,6,500.7399999999989,2,263.08000000000004,2opt,notBad
19487,6,500.7399999999989,2,263.08000000000004,2opt,notBad
19488,6,500.7399999999989,2,263.08000000000004,move,improve
19489,6,500.7399999999989,2,263.08000000000004,swap,notBad
19490,6,500.7399999999989,2,263.08000000000004,move,improve
19491,6,500.7399999999989,2,263.08000000000004,move,improve
19492,6,500.7399999999989,2,263.08000000000004,2opt,notBad
19493,6,500.7399999999989,2,263.08000000000004,move,improve
19494,6,500.7399999999989,2,263.08000000000004,move,improve
19495,6,500.7399999999989,2,263.08000000000004,move,improve
