i,vehi,obj,vehiBest,objBest,loFunc,note
1,2,181.34,2,181.34,move,improve
2,2,181.34,2,181.34,move,improve
3,2,181.34,2,181.34,move,improve
4,3,335.21999999999997,2,181.34,2opt,acceptBad
5,3,335.21999999999997,2,181.34,move,improve
6,3,361.8599999999999,2,181.34,2opt,acceptBad
7,3,423.0599999999999,2,181.34,swap,acceptBad
8,4,346.05999999999983,2,181.34,2opt,improve
9,4,383.5599999999999,2,181.34,2opt,acceptBad
10,4,402.9399999999999,2,181.34,swap,acceptBad
11,4,402.9399999999999,2,181.34,2opt,improve
12,4,455.28999999999985,2,181.34,swap,acceptBad
13,4,608.5899999999999,2,181.34,swap,acceptBad
14,4,606.0099999999998,2,181.34,2opt,improve
15,4,585.1599999999999,2,181.34,move,improve
16,4,585.1599999999999,2,181.34,move,improve
17,4,585.1599999999999,2,181.34,move,improve
18,4,584.9499999999998,2,181.34,move,improve
19,4,528.6099999999999,2,181.34,move,improve
20,4,528.6099999999999,2,181.34,2opt,improve
21,4,435.4799999999998,2,181.34,swap,improve
22,5,2190.3099999999995,2,181.34,2opt,acceptBad
23,6,3427.5499999999997,2,181.34,2opt,acceptBad
24,6,2534.1999999999994,2,181.34,move,improve
25,6,2405.3699999999994,2,181.34,move,improve
26,6,2421.7799999999993,2,181.34,2opt,acceptBad
27,7,2997.95,2,181.34,2opt,acceptBad
28,7,2995.7899999999995,2,181.34,swap,improve
29,7,2873.5599999999995,2,181.34,move,improve
30,7,2864.0799999999995,2,181.34,2opt,improve
31,7,2778.7,2,181.34,swap,improve
32,7,2753.08,2,181.34,swap,improve
33,7,2924.6499999999996,2,181.34,swap,acceptBad
34,7,2660.329999999999,2,181.34,2opt,improve
35,7,2660.329999999999,2,181.34,move,improve
36,7,1847.21,2,181.34,move,improve
37,7,1803.92,2,181.34,swap,improve
38,7,1802.42,2,181.34,move,improve
39,8,2398.2,2,181.34,2opt,acceptBad
40,8,2417.7,2,181.34,2opt,acceptBad
41,8,2180.67,2,181.34,move,improve
42,8,3134.0899999999992,2,181.34,swap,acceptBad
43,8,3134.0899999999992,2,181.34,move,improve
44,8,3261.28,2,181.34,swap,acceptBad
45,8,3261.41,2,181.34,swap,acceptBad
46,9,5183.589999999998,2,181.34,2opt,acceptBad
47,9,5473.729999999999,2,181.34,swap,acceptBad
48,9,5462.53,2,181.34,2opt,improve
49,9,5473.719999999999,2,181.34,2opt,acceptBad
50,9,6569.73,2,181.34,2opt,acceptBad
51,9,6869.549999999998,2,181.34,2opt,acceptBad
52,9,6473.979999999997,2,181.34,move,improve
53,9,5870.559999999998,2,181.34,move,improve
54,9,5578.549999999999,2,181.34,swap,improve
55,9,5352.120000000001,2,181.34,2opt,improve
56,8,4116.84,2,181.34,move,improve
57,8,4096.320000000001,2,181.34,swap,improve
58,8,4098.84,2,181.34,swap,acceptBad
59,8,4090.499999999999,2,181.34,2opt,improve
60,8,4090.499999999999,2,181.34,move,improve
61,8,4027.0499999999997,2,181.34,swap,improve
62,8,4024.8599999999997,2,181.34,move,improve
63,8,3479.4200000000005,2,181.34,2opt,improve
64,8,3322.340000000001,2,181.34,move,improve
65,8,3824.9300000000007,2,181.34,swap,acceptBad
66,8,3824.9300000000007,2,181.34,move,improve
67,8,4350.280000000001,2,181.34,2opt,acceptBad
68,8,3438.3700000000003,2,181.34,swap,improve
69,8,2822.17,2,181.34,move,improve
70,8,2179.82,2,181.34,move,improve
71,8,2113.46,2,181.34,move,improve
72,8,2113.49,2,181.34,swap,acceptBad
73,8,2183.09,2,181.34,swap,acceptBad
74,8,2202.77,2,181.34,swap,acceptBad
75,8,2060.5299999999997,2,181.34,2opt,improve
76,8,2063.62,2,181.34,swap,acceptBad
77,8,2060.44,2,181.34,move,improve
78,8,2061.88,2,181.34,2opt,acceptBad
79,8,2061.88,2,181.34,move,improve
80,8,2059.39,2,181.34,move,improve
81,8,2610.6399999999994,2,181.34,swap,acceptBad
82,8,2610.6399999999994,2,181.34,2opt,improve
83,8,1829.4399999999998,2,181.34,move,improve
84,8,1829.4399999999998,2,181.34,move,improve
85,8,1837.6899999999998,2,181.34,swap,acceptBad
86,8,1835.9199999999998,2,181.34,2opt,improve
87,8,2937.47,2,181.34,2opt,acceptBad
88,9,3723.1499999999996,2,181.34,2opt,acceptBad
89,9,3133.7000000000003,2,181.34,move,improve
90,9,2636.95,2,181.34,move,improve
91,9,2612.0499999999997,2,181.34,move,improve
92,9,3538.8499999999995,2,181.34,swap,acceptBad
93,9,3536.0899999999997,2,181.34,move,improve
94,9,5055.749999999999,2,181.34,swap,acceptBad
95,9,5055.749999999999,2,181.34,move,improve
96,9,5045.249999999999,2,181.34,swap,improve
97,9,5063.399999999999,2,181.34,swap,acceptBad
98,9,5063.399999999999,2,181.34,move,improve
99,9,4256.039999999999,2,181.34,move,improve
100,9,4230.18,2,181.34,2opt,improve
101,9,3943.69,2,181.34,move,improve
102,9,3843.26,2,181.34,move,improve
103,9,3843.26,2,181.34,move,improve
104,9,3370.7299999999996,2,181.34,move,improve
105,8,3014.55,2,181.34,2opt,improve
106,8,3023.1,2,181.34,2opt,acceptBad
107,8,2658.77,2,181.34,move,improve
108,8,2549.21,2,181.34,move,improve
109,8,2713.7399999999993,2,181.34,swap,acceptBad
110,8,2972.45,2,181.34,2opt,acceptBad
111,8,2982.7999999999997,2,181.34,2opt,acceptBad
112,8,2964.4099999999994,2,181.34,swap,improve
113,8,2929.5199999999995,2,181.34,swap,improve
114,8,2836.15,2,181.34,move,improve
115,8,2423.7099999999996,2,181.34,move,improve
116,8,2423.7099999999996,2,181.34,move,improve
117,8,2604.2000000000007,2,181.34,swap,acceptBad
118,9,5242.95,2,181.34,2opt,acceptBad
119,9,5244.96,2,181.34,2opt,acceptBad
120,9,4457.16,2,181.34,move,improve
121,9,4300.379999999998,2,181.34,move,improve
122,9,3950.959999999998,2,181.34,move,improve
123,10,6520.429999999999,2,181.34,2opt,acceptBad
124,10,6716.029999999999,2,181.34,swap,acceptBad
125,10,6716.029999999999,2,181.34,move,improve
126,10,5769.249999999999,2,181.34,move,improve
127,10,5633.24,2,181.34,move,improve
128,10,5639.75,2,181.34,2opt,acceptBad
129,10,5639.289999999999,2,181.34,2opt,improve
130,10,5432.4,2,181.34,move,improve
131,10,5432.4,2,181.34,move,improve
132,10,6350.039999999997,2,181.34,move,acceptBad
133,10,5409.660000000001,2,181.34,swap,improve
134,10,5390.91,2,181.34,2opt,improve
135,10,5390.88,2,181.34,swap,improve
136,10,5155.339999999998,2,181.34,move,improve
137,9,4121.56,2,181.34,2opt,improve
138,9,4121.56,2,181.34,2opt,improve
139,9,3811.6100000000006,2,181.34,move,improve
140,9,4616.729999999999,2,181.34,swap,acceptBad
141,9,4284.149999999998,2,181.34,move,improve
142,9,4284.599999999998,2,181.34,swap,acceptBad
143,9,4277.539999999998,2,181.34,swap,improve
144,9,3796.789999999999,2,181.34,move,improve
145,9,3800.66,2,181.34,swap,acceptBad
146,9,3318.9100000000003,2,181.34,move,improve
147,9,4102.609999999999,2,181.34,2opt,acceptBad
148,9,4624.499999999999,2,181.34,swap,acceptBad
149,9,4648.019999999999,2,181.34,swap,acceptBad
150,8,2902.75,2,181.34,2opt,improve
151,8,2697.27,2,181.34,move,improve
152,8,2706.93,2,181.34,2opt,acceptBad
153,8,2706.87,2,181.34,2opt,improve
154,8,2335.7699999999995,2,181.34,move,improve
155,8,2362.41,2,181.34,swap,acceptBad
156,8,2305.8999999999996,2,181.34,move,improve
157,8,2703.4700000000003,2,181.34,swap,acceptBad
158,8,2664.3199999999997,2,181.34,move,improve
159,8,2964.3600000000006,2,181.34,2opt,acceptBad
160,8,2944.830000000001,2,181.34,move,improve
161,8,2946.630000000001,2,181.34,swap,acceptBad
162,8,2949.9900000000007,2,181.34,swap,acceptBad
163,8,2944.3800000000006,2,181.34,move,improve
164,8,2946.480000000001,2,181.34,swap,acceptBad
165,8,2973.540000000001,2,181.34,swap,acceptBad
166,7,1804.9400000000005,2,181.34,move,improve
167,7,1671.0100000000002,2,181.34,move,improve
168,7,1642.5499999999995,2,181.34,move,improve
169,8,3439.0299999999993,2,181.34,2opt,acceptBad
170,8,3392.399999999999,2,181.34,move,improve
171,8,3465.64,2,181.34,2opt,acceptBad
172,8,3028.3199999999997,2,181.34,swap,improve
173,8,4011.460000000001,2,181.34,2opt,acceptBad
174,8,3960.41,2,181.34,move,improve
175,8,4656.9699999999975,2,181.34,2opt,acceptBad
176,8,4319.859999999999,2,181.34,2opt,improve
177,8,4311.179999999999,2,181.34,swap,improve
178,8,4299.029999999999,2,181.34,move,improve
179,8,3863.81,2,181.34,move,improve
180,8,3663.41,2,181.34,move,improve
181,8,3663.41,2,181.34,move,improve
182,8,3663.4399999999996,2,181.34,swap,acceptBad
183,8,3660.5899999999997,2,181.34,move,improve
184,8,3850.399999999999,2,181.34,swap,acceptBad
185,8,3846.7699999999995,2,181.34,swap,improve
186,8,3870.2599999999993,2,181.34,swap,acceptBad
187,8,3870.2599999999993,2,181.34,2opt,improve
188,8,3123.629999999999,2,181.34,move,improve
189,8,3517.3800000000006,2,181.34,2opt,acceptBad
190,8,3130.9899999999993,2,181.34,move,improve
191,8,3528.709999999999,2,181.34,swap,acceptBad
192,8,3527.7199999999993,2,181.34,swap,improve
193,8,2707.1499999999996,2,181.34,move,improve
194,8,2485.7999999999997,2,181.34,swap,improve
195,8,2484.72,2,181.34,move,improve
196,9,5443.26,2,181.34,2opt,acceptBad
197,9,5592.719999999999,2,181.34,swap,acceptBad
198,9,4945.74,2,181.34,move,improve
199,9,5400.899999999999,2,181.34,swap,acceptBad
200,9,5400.689999999998,2,181.34,2opt,improve
201,9,6245.8499999999985,2,181.34,2opt,acceptBad
202,9,5581.629999999998,2,181.34,swap,improve
203,9,5618.689999999999,2,181.34,swap,acceptBad
204,8,4909.459999999999,2,181.34,2opt,improve
205,8,4937.159999999999,2,181.34,2opt,acceptBad
206,8,4647.36,2,181.34,move,improve
207,8,4773.63,2,181.34,swap,acceptBad
208,8,4776.269999999998,2,181.34,2opt,acceptBad
209,8,4757.369999999998,2,181.34,swap,improve
210,8,3735.1599999999994,2,181.34,2opt,improve
211,8,3746.56,2,181.34,2opt,acceptBad
212,8,3745.12,2,181.34,2opt,improve
213,8,3964.4700000000003,2,181.34,swap,acceptBad
214,8,3875.64,2,181.34,swap,improve
215,8,5040.899999999998,2,181.34,2opt,acceptBad
216,8,5041.049999999997,2,181.34,swap,acceptBad
217,8,5040.719999999998,2,181.34,2opt,improve
218,8,4897.829999999998,2,181.34,2opt,improve
219,8,4896.209999999998,2,181.34,swap,improve
220,8,5695.4400000000005,2,181.34,swap,acceptBad
221,7,4936.97,2,181.34,2opt,improve
222,7,4943.929999999999,2,181.34,2opt,acceptBad
223,7,4300.929999999999,2,181.34,swap,improve
224,7,4285.579999999999,2,181.34,2opt,improve
225,7,3898.33,2,181.34,move,improve
226,7,3879.189999999999,2,181.34,move,improve
227,7,3697.5999999999995,2,181.34,swap,improve
228,8,5426.66,2,181.34,2opt,acceptBad
229,8,4970.03,2,181.34,move,improve
230,9,6610.840000000001,2,181.34,2opt,acceptBad
231,9,6512.679999999999,2,181.34,move,improve
232,9,6428.8200000000015,2,181.34,2opt,improve
233,9,6683.910000000001,2,181.34,swap,acceptBad
234,9,6610.400000000001,2,181.34,2opt,improve
235,9,5904.300000000002,2,181.34,move,improve
236,9,5902.860000000002,2,181.34,swap,improve
237,9,5650.380000000002,2,181.34,move,improve
238,9,5441.620000000001,2,181.34,move,improve
239,9,5441.620000000001,2,181.34,move,improve
240,9,5469.7300000000005,2,181.34,2opt,acceptBad
241,9,4681.83,2,181.34,swap,improve
242,9,4662.45,2,181.34,move,improve
243,9,4738.379999999999,2,181.34,swap,acceptBad
244,9,4357.409999999999,2,181.34,swap,improve
245,9,4357.409999999999,2,181.34,move,improve
246,9,4353.9,2,181.34,move,improve
247,10,7409.729999999999,2,181.34,2opt,acceptBad
248,10,7408.739999999999,2,181.34,move,improve
249,10,6451.079999999999,2,181.34,move,improve
250,10,6448.5599999999995,2,181.34,swap,improve
251,10,6810.85,2,181.34,swap,acceptBad
252,10,6810.85,2,181.34,move,improve
253,10,6810.85,2,181.34,move,improve
254,10,7209.729999999999,2,181.34,swap,acceptBad
255,10,7209.729999999999,2,181.34,move,improve
256,10,7147.639999999999,2,181.34,swap,improve
257,10,6937.259999999999,2,181.34,move,improve
258,10,6816.11,2,181.34,swap,improve
259,10,6816.11,2,181.34,2opt,improve
260,10,6830.029999999999,2,181.34,2opt,acceptBad
261,10,6259.69,2,181.34,move,improve
262,10,6259.69,2,181.34,move,improve
263,10,6152.329999999998,2,181.34,2opt,improve
264,10,6823.289999999997,2,181.34,swap,acceptBad
265,9,5408.339999999998,2,181.34,move,improve
266,9,5060.179999999999,2,181.34,move,improve
267,9,4943.719999999999,2,181.34,swap,improve
268,9,5067.699999999999,2,181.34,2opt,acceptBad
269,9,5154.009999999998,2,181.34,swap,acceptBad
270,9,5134.869999999998,2,181.34,swap,improve
271,9,4908.909999999998,2,181.34,move,improve
272,9,4623.989999999997,2,181.34,move,improve
273,9,4623.989999999997,2,181.34,move,improve
274,9,4684.9299999999985,2,181.34,swap,acceptBad
275,9,4684.9299999999985,2,181.34,move,improve
276,9,5311.57,2,181.34,swap,acceptBad
277,9,5640.699999999998,2,181.34,2opt,acceptBad
278,9,5203.0999999999985,2,181.34,move,improve
279,9,6034.059999999999,2,181.34,2opt,acceptBad
280,9,6390.819999999999,2,181.34,2opt,acceptBad
281,9,5509.99,2,181.34,move,improve
282,9,5448.360000000001,2,181.34,2opt,improve
283,9,5786.309999999999,2,181.34,2opt,acceptBad
284,9,5786.309999999999,2,181.34,move,improve
285,9,5814.299999999998,2,181.34,2opt,acceptBad
286,9,5937.989999999998,2,181.34,swap,acceptBad
287,9,5771.1399999999985,2,181.34,swap,improve
288,9,5771.1399999999985,2,181.34,2opt,improve
289,9,5760.819999999997,2,181.34,2opt,improve
290,9,5636.369999999998,2,181.34,swap,improve
291,9,5433.329999999999,2,181.34,swap,improve
292,9,5433.329999999999,2,181.34,move,improve
293,9,5432.939999999998,2,181.34,2opt,improve
294,9,3405.2499999999986,2,181.34,move,improve
295,9,3386.5899999999983,2,181.34,swap,improve
296,9,3386.0799999999986,2,181.34,move,improve
297,9,3968.1999999999985,2,181.34,swap,acceptBad
298,9,3967.9899999999984,2,181.34,2opt,improve
299,9,3640.499999999998,2,181.34,move,improve
300,9,4166.6,2,181.34,2opt,acceptBad
301,9,3507.48,2,181.34,move,improve
302,9,3507.48,2,181.34,move,improve
303,9,3504.0,2,181.34,2opt,improve
304,9,3139.09,2,181.34,move,improve
305,9,3142.09,2,181.34,swap,acceptBad
306,9,3139.2999999999997,2,181.34,swap,improve
307,9,3570.8099999999995,2,181.34,swap,acceptBad
308,9,3570.8099999999995,2,181.34,swap,improve
309,9,3638.329999999999,2,181.34,2opt,acceptBad
310,9,3624.949999999999,2,181.34,swap,improve
311,9,3661.949999999999,2,181.34,swap,acceptBad
312,9,4814.5199999999995,2,181.34,swap,acceptBad
313,9,3646.0699999999993,2,181.34,move,improve
314,9,3222.5599999999995,2,181.34,move,improve
315,9,2819.43,2,181.34,swap,improve
316,9,2820.0,2,181.34,swap,acceptBad
317,9,2751.27,2,181.34,move,improve
318,9,2751.8999999999996,2,181.34,2opt,acceptBad
319,9,2569.44,2,181.34,move,improve
320,9,2445.77,2,181.34,move,improve
321,9,2445.77,2,181.34,move,improve
322,9,2185.0999999999995,2,181.34,move,improve
323,9,2180.24,2,181.34,move,improve
324,9,2178.0199999999995,2,181.34,move,improve
325,9,2178.0199999999995,2,181.34,move,improve
326,9,2310.51,2,181.34,swap,acceptBad
327,9,2304.629999999999,2,181.34,2opt,improve
328,9,3334.5899999999992,2,181.34,2opt,acceptBad
329,9,3727.9799999999996,2,181.34,2opt,acceptBad
330,10,5035.21,2,181.34,2opt,acceptBad
331,10,5518.54,2,181.34,swap,acceptBad
332,10,5518.24,2,181.34,2opt,improve
333,9,2991.8099999999995,2,181.34,2opt,improve
334,9,2991.8099999999995,2,181.34,move,improve
335,9,3417.24,2,181.34,2opt,acceptBad
336,9,3417.24,2,181.34,2opt,improve
337,9,3437.5799999999986,2,181.34,2opt,acceptBad
338,9,3428.7299999999987,2,181.34,swap,improve
339,9,3425.6099999999988,2,181.34,swap,improve
340,9,3422.5199999999986,2,181.34,2opt,improve
341,9,3392.4000000000005,2,181.34,swap,improve
342,9,3423.5799999999995,2,181.34,move,acceptBad
343,9,3304.92,2,181.34,2opt,improve
344,9,3294.78,2,181.34,2opt,improve
345,9,2668.9699999999993,2,181.34,move,improve
346,9,2583.0699999999993,2,181.34,move,improve
347,9,2582.709999999999,2,181.34,2opt,improve
348,9,2654.5499999999993,2,181.34,swap,acceptBad
349,9,3230.2999999999993,2,181.34,2opt,acceptBad
350,8,2423.0699999999997,2,181.34,move,improve
351,8,1852.61,2,181.34,move,improve
352,8,1877.99,2,181.34,2opt,acceptBad
353,8,1841.8999999999999,2,181.34,swap,improve
354,8,2595.0699999999997,2,181.34,2opt,acceptBad
355,8,4141.549999999999,2,181.34,2opt,acceptBad
356,8,4225.69,2,181.34,2opt,acceptBad
357,8,4165.599999999999,2,181.34,move,improve
358,8,3671.71,2,181.34,move,improve
359,8,3584.3499999999995,2,181.34,swap,improve
360,8,3607.9299999999994,2,181.34,swap,acceptBad
361,9,5110.269999999999,2,181.34,2opt,acceptBad
362,9,4478.829999999999,2,181.34,move,improve
363,9,4478.829999999999,2,181.34,move,improve
364,9,4523.6399999999985,2,181.34,swap,acceptBad
365,9,5452.409999999999,2,181.34,2opt,acceptBad
366,9,4463.3099999999995,2,181.34,2opt,improve
367,9,4463.3099999999995,2,181.34,2opt,improve
368,9,4463.3099999999995,2,181.34,move,improve
369,9,4463.3099999999995,2,181.34,move,improve
370,9,5631.389999999999,2,181.34,2opt,acceptBad
371,9,5473.49,2,181.34,2opt,improve
372,9,6076.269999999999,2,181.34,swap,acceptBad
373,9,6084.3099999999995,2,181.34,2opt,acceptBad
374,9,6084.3099999999995,2,181.34,2opt,improve
375,9,5957.709999999999,2,181.34,swap,improve
376,9,5839.569999999999,2,181.34,move,improve
377,9,5336.589999999998,2,181.34,move,improve
378,9,5374.839999999998,2,181.34,swap,acceptBad
379,9,5547.049999999999,2,181.34,swap,acceptBad
380,9,5521.909999999999,2,181.34,swap,improve
381,9,5226.509999999998,2,181.34,move,improve
382,9,4522.899999999998,2,181.34,move,improve
383,9,4269.289999999999,2,181.34,move,improve
384,9,4610.3899999999985,2,181.34,2opt,acceptBad
385,9,4631.779999999999,2,181.34,swap,acceptBad
386,9,5233.759999999999,2,181.34,2opt,acceptBad
387,9,5620.2,2,181.34,2opt,acceptBad
388,9,5296.859999999999,2,181.34,move,improve
389,9,5296.859999999999,2,181.34,2opt,improve
390,9,5368.070000000001,2,181.34,swap,acceptBad
391,9,5368.070000000001,2,181.34,2opt,improve
392,9,5472.93,2,181.34,swap,acceptBad
393,9,6070.489999999999,2,181.34,swap,acceptBad
394,9,5991.92,2,181.34,swap,improve
395,9,4706.05,2,181.34,move,improve
396,9,4706.05,2,181.34,move,improve
397,9,4704.1,2,181.34,swap,improve
398,9,4576.18,2,181.34,swap,improve
399,9,4576.18,2,181.34,move,improve
400,9,3936.659999999999,2,181.34,2opt,improve
401,9,3936.659999999999,2,181.34,move,improve
402,9,4412.44,2,181.34,swap,acceptBad
403,9,4432.0599999999995,2,181.34,swap,acceptBad
404,9,4575.669999999999,2,181.34,2opt,acceptBad
405,9,4579.72,2,181.34,2opt,acceptBad
406,8,3401.6500000000005,2,181.34,move,improve
407,8,3401.6500000000005,2,181.34,move,improve
408,8,3401.2000000000003,2,181.34,2opt,improve
409,8,3401.2000000000003,2,181.34,2opt,improve
410,8,3400.72,2,181.34,2opt,improve
411,8,3384.16,2,181.34,move,improve
412,8,3384.16,2,181.34,2opt,improve
413,8,3361.75,2,181.34,2opt,improve
414,8,3054.9100000000003,2,181.34,move,improve
415,7,2181.9000000000005,2,181.34,move,improve
416,7,2181.96,2,181.34,2opt,acceptBad
417,7,2095.42,2,181.34,move,improve
418,7,1992.5600000000002,2,181.34,move,improve
419,7,1989.6200000000003,2,181.34,move,improve
420,7,2032.7300000000002,2,181.34,swap,acceptBad
421,7,2071.69,2,181.34,2opt,acceptBad
422,7,1987.4499999999998,2,181.34,move,improve
423,7,2284.66,2,181.34,swap,acceptBad
424,7,1338.5399999999997,2,181.34,move,improve
425,7,1311.0899999999997,2,181.34,move,improve
426,7,1303.2299999999998,2,181.34,2opt,improve
427,8,2745.7199999999993,2,181.34,2opt,acceptBad
428,8,2315.619999999999,2,181.34,move,improve
429,8,2345.4299999999994,2,181.34,2opt,acceptBad
430,8,1954.33,2,181.34,move,improve
431,8,1954.33,2,181.34,move,improve
432,8,2862.340000000001,2,181.34,swap,acceptBad
433,8,2884.7499999999995,2,181.34,2opt,acceptBad
434,8,2884.7499999999995,2,181.34,move,improve
435,8,3334.0499999999993,2,181.34,swap,acceptBad
436,8,3651.9700000000003,2,181.34,swap,acceptBad
437,8,3647.7099999999996,2,181.34,swap,improve
438,8,3477.25,2,181.34,2opt,improve
439,8,3197.629999999999,2,181.34,move,improve
440,8,3197.2999999999993,2,181.34,move,improve
441,8,2815.5,2,181.34,move,improve
442,8,2833.1400000000003,2,181.34,swap,acceptBad
443,8,2752.5499999999997,2,181.34,swap,improve
444,8,2752.6099999999997,2,181.34,swap,acceptBad
445,8,2299.4499999999994,2,181.34,2opt,improve
446,8,2171.2999999999997,2,181.34,move,improve
447,8,1809.9199999999996,2,181.34,move,improve
448,8,1809.9199999999996,2,181.34,move,improve
449,9,4381.24,2,181.34,2opt,acceptBad
450,9,4381.24,2,181.34,move,improve
451,9,4121.299999999999,2,181.34,move,improve
452,9,4285.39,2,181.34,swap,acceptBad
453,9,4243.51,2,181.34,2opt,improve
454,9,2500.2999999999997,2,181.34,move,improve
455,9,2500.12,2,181.34,move,improve
456,8,1835.55,2,181.34,move,improve
457,8,1883.7999999999995,2,181.34,swap,acceptBad
458,8,3202.019999999999,2,181.34,swap,acceptBad
459,8,3456.829999999999,2,181.34,swap,acceptBad
460,8,4110.94,2,181.34,swap,acceptBad
461,8,4110.25,2,181.34,swap,improve
462,8,3866.919999999999,2,181.34,swap,improve
463,8,3866.919999999999,2,181.34,2opt,notBad
464,8,4104.06,2,181.34,swap,acceptBad
465,8,4174.760000000001,2,181.34,move,acceptBad
466,9,5549.55,2,181.34,2opt,acceptBad
467,9,5279.13,2,181.34,swap,improve
468,8,4031.8799999999997,2,181.34,move,improve
469,8,4031.8799999999997,2,181.34,2opt,improve
470,8,3884.2700000000004,2,181.34,move,improve
471,8,3131.419999999999,2,181.34,move,improve
472,8,3064.9000000000005,2,181.34,move,improve
473,8,3064.9000000000005,2,181.34,2opt,improve
474,7,2570.97,2,181.34,2opt,improve
475,7,2537.1600000000003,2,181.34,swap,improve
476,6,1837.8799999999997,2,181.34,move,improve
477,6,1837.6999999999998,2,181.34,2opt,improve
478,6,1837.6999999999998,2,181.34,2opt,improve
479,6,1855.6699999999998,2,181.34,2opt,acceptBad
480,6,2584.4100000000003,2,181.34,2opt,acceptBad
481,6,2599.2499999999995,2,181.34,swap,acceptBad
482,6,1314.06,2,181.34,swap,improve
483,6,1312.1999999999998,2,181.34,2opt,improve
484,6,1329.9299999999998,2,181.34,swap,acceptBad
485,6,1220.3399999999997,2,181.34,move,improve
486,6,1218.57,2,181.34,2opt,improve
487,6,1218.57,2,181.34,move,improve
488,6,1218.57,2,181.34,move,improve
489,6,1198.4699999999998,2,181.34,2opt,improve
490,6,1139.3499999999997,2,181.34,move,improve
491,6,1127.4399999999998,2,181.34,swap,improve
492,5,727.0899999999999,2,181.34,move,improve
493,5,738.9999999999998,2,181.34,swap,acceptBad
494,5,720.0699999999999,2,181.34,2opt,improve
495,5,727.7299999999999,2,181.34,move,acceptBad
496,5,806.3,2,181.34,swap,acceptBad
497,5,806.3,2,181.34,move,improve
498,5,838.3800000000001,2,181.34,2opt,acceptBad
499,5,838.3800000000001,2,181.34,2opt,improve
500,5,841.77,2,181.34,2opt,acceptBad
501,5,839.1600000000001,2,181.34,swap,improve
502,5,808.1299999999999,2,181.34,swap,improve
503,5,841.94,2,181.34,swap,acceptBad
504,5,761.46,2,181.34,swap,improve
505,5,760.53,2,181.34,move,improve
506,5,621.6700000000001,2,181.34,2opt,improve
507,5,621.6700000000001,2,181.34,2opt,improve
508,5,541.2,2,181.34,swap,improve
509,6,2419.2400000000002,2,181.34,2opt,acceptBad
510,6,2401.54,2,181.34,2opt,improve
511,6,2453.44,2,181.34,swap,acceptBad
512,6,1742.8500000000001,2,181.34,move,improve
513,7,2105.1800000000003,2,181.34,2opt,acceptBad
514,7,1995.71,2,181.34,move,improve
515,7,1917.65,2,181.34,move,improve
516,7,1719.8,2,181.34,move,improve
517,7,1718.63,2,181.34,2opt,improve
518,7,2155.9,2,181.34,swap,acceptBad
519,8,4340.8099999999995,2,181.34,2opt,acceptBad
520,8,4810.149999999998,2,181.34,swap,acceptBad
521,8,4810.929999999999,2,181.34,2opt,acceptBad
522,8,2937.2699999999995,2,181.34,move,improve
523,8,2370.0699999999997,2,181.34,2opt,improve
524,8,2389.0299999999997,2,181.34,swap,acceptBad
525,8,2383.2999999999997,2,181.34,swap,improve
526,8,2240.6399999999994,2,181.34,move,improve
527,8,2238.42,2,181.34,2opt,improve
528,8,2609.8199999999997,2,181.34,swap,acceptBad
529,8,3994.3499999999995,2,181.34,2opt,acceptBad
530,8,3985.7399999999993,2,181.34,swap,improve
531,8,2643.16,2,181.34,move,improve
532,8,2425.17,2,181.34,move,improve
533,8,2425.95,2,181.34,swap,acceptBad
534,8,3431.9500000000003,2,181.34,2opt,acceptBad
535,7,2728.95,2,181.34,2opt,improve
536,7,2707.95,2,181.34,move,improve
537,7,2709.4799999999996,2,181.34,swap,acceptBad
538,7,2708.64,2,181.34,2opt,improve
539,7,2722.1699999999996,2,181.34,swap,acceptBad
540,7,2727.96,2,181.34,swap,acceptBad
541,7,2727.96,2,181.34,move,improve
542,7,2199.66,2,181.34,move,improve
543,7,2119.05,2,181.34,move,improve
544,7,2120.7899999999995,2,181.34,swap,acceptBad
545,6,1517.0299999999997,2,181.34,move,improve
546,6,1488.79,2,181.34,2opt,improve
547,6,1734.6599999999999,2,181.34,swap,acceptBad
548,6,1632.01,2,181.34,2opt,improve
549,7,2739.6099999999997,2,181.34,2opt,acceptBad
550,7,2577.3399999999997,2,181.34,2opt,improve
551,7,2153.6500000000005,2,181.34,move,improve
552,7,2265.46,2,181.34,2opt,acceptBad
553,7,2054.11,2,181.34,move,improve
554,7,2068.6,2,181.34,swap,acceptBad
555,7,2009.4399999999994,2,181.34,swap,improve
556,7,1988.5599999999995,2,181.34,2opt,improve
557,7,2124.129999999999,2,181.34,2opt,acceptBad
558,7,2053.7799999999997,2,181.34,move,improve
559,7,1935.3899999999996,2,181.34,move,improve
560,7,1936.6700000000005,2,181.34,swap,acceptBad
561,7,1957.5800000000004,2,181.34,swap,acceptBad
562,7,1945.9100000000005,2,181.34,swap,improve
563,7,2315.95,2,181.34,2opt,acceptBad
564,7,1960.8199999999995,2,181.34,move,improve
565,7,1940.0299999999995,2,181.34,2opt,improve
566,7,1940.0299999999995,2,181.34,2opt,improve
567,7,1540.6699999999996,2,181.34,move,improve
568,7,1540.6699999999996,2,181.34,2opt,improve
569,7,1707.5499999999997,2,181.34,2opt,acceptBad
570,7,1705.8699999999997,2,181.34,move,improve
571,7,2984.1099999999997,2,181.34,swap,acceptBad
572,7,3011.5299999999997,2,181.34,swap,acceptBad
573,7,3011.5299999999997,2,181.34,move,improve
574,7,2862.879999999999,2,181.34,move,improve
575,7,2880.64,2,181.34,2opt,acceptBad
576,7,2859.04,2,181.34,move,improve
577,7,2572.0,2,181.34,move,improve
578,7,1584.1999999999998,2,181.34,2opt,improve
579,7,1234.3899999999999,2,181.34,move,improve
580,7,1235.59,2,181.34,swap,acceptBad
581,7,1235.59,2,181.34,move,improve
582,7,1406.38,2,181.34,2opt,acceptBad
583,7,1686.3100000000002,2,181.34,swap,acceptBad
584,7,1970.8199999999997,2,181.34,2opt,acceptBad
585,7,1959.7799999999997,2,181.34,swap,improve
586,7,1724.8500000000001,2,181.34,move,improve
587,7,1663.6000000000001,2,181.34,swap,improve
588,7,1639.27,2,181.34,move,improve
589,7,1639.27,2,181.34,move,improve
590,7,1636.69,2,181.34,2opt,improve
591,7,1636.69,2,181.34,move,improve
592,7,1627.93,2,181.34,2opt,improve
593,7,1572.02,2,181.34,move,improve
594,7,1572.02,2,181.34,2opt,improve
595,7,1914.3,2,181.34,swap,acceptBad
596,7,1876.05,2,181.34,move,improve
597,7,1875.96,2,181.34,2opt,improve
598,7,1867.17,2,181.34,2opt,improve
599,7,1888.08,2,181.34,swap,acceptBad
600,7,1888.08,2,181.34,move,improve
601,7,1931.31,2,181.34,swap,acceptBad
602,7,1907.82,2,181.34,move,improve
603,7,1885.4399999999998,2,181.34,2opt,improve
604,7,1610.4,2,181.34,move,improve
605,7,3100.92,2,181.34,2opt,acceptBad
606,7,2923.64,2,181.34,swap,improve
607,7,2923.64,2,181.34,move,improve
608,7,2610.8299999999995,2,181.34,move,improve
609,7,2510.96,2,181.34,move,improve
610,7,3136.99,2,181.34,2opt,acceptBad
611,7,3155.83,2,181.34,swap,acceptBad
612,7,3168.129999999999,2,181.34,2opt,acceptBad
613,7,3182.9799999999996,2,181.34,2opt,acceptBad
614,7,3199.5399999999995,2,181.34,swap,acceptBad
615,7,3056.5499999999997,2,181.34,2opt,improve
616,7,2821.0199999999995,2,181.34,move,improve
617,7,2833.0800000000004,2,181.34,swap,acceptBad
618,7,2769.12,2,181.34,move,improve
619,7,2544.609999999999,2,181.34,move,improve
620,7,2418.3699999999994,2,181.34,swap,improve
621,7,2418.3699999999994,2,181.34,move,improve
622,7,3115.74,2,181.34,2opt,acceptBad
623,7,1881.3299999999995,2,181.34,move,improve
624,7,1727.4599999999996,2,181.34,swap,improve
625,7,1501.0799999999997,2,181.34,move,improve
626,7,1510.4699999999996,2,181.34,2opt,acceptBad
627,7,1509.4499999999998,2,181.34,swap,improve
628,7,1695.9399999999996,2,181.34,swap,acceptBad
629,7,1558.3599999999997,2,181.34,move,improve
630,7,1425.8699999999994,2,181.34,move,improve
631,7,1472.34,2,181.34,swap,acceptBad
632,7,1472.34,2,181.34,move,improve
633,7,1624.68,2,181.34,swap,acceptBad
634,7,1624.68,2,181.34,move,improve
635,7,1604.19,2,181.34,move,improve
636,7,1604.19,2,181.34,move,improve
637,7,1604.19,2,181.34,move,improve
638,7,1582.2599999999995,2,181.34,2opt,improve
639,7,2023.1999999999998,2,181.34,swap,acceptBad
640,7,1437.6699999999998,2,181.34,move,improve
641,7,1179.69,2,181.34,move,improve
642,7,911.2800000000001,2,181.34,move,improve
643,7,910.8300000000002,2,181.34,move,improve
644,7,1651.23,2,181.34,2opt,acceptBad
645,8,3064.0899999999997,2,181.34,2opt,acceptBad
646,8,2862.34,2,181.34,move,improve
647,8,3040.89,2,181.34,2opt,acceptBad
648,8,3040.89,2,181.34,move,improve
649,8,3321.5000000000005,2,181.34,swap,acceptBad
650,8,3452.789999999999,2,181.34,swap,acceptBad
651,8,4775.0599999999995,2,181.34,2opt,acceptBad
652,8,4773.53,2,181.34,swap,improve
653,8,4368.740000000001,2,181.34,move,improve
654,8,4334.91,2,181.34,swap,improve
655,8,4334.91,2,181.34,move,improve
656,8,4447.630000000001,2,181.34,2opt,acceptBad
657,8,3344.0399999999995,2,181.34,move,improve
658,8,3346.4099999999994,2,181.34,2opt,acceptBad
659,8,3308.9999999999995,2,181.34,move,improve
660,8,3303.3299999999995,2,181.34,2opt,improve
661,8,3303.3299999999995,2,181.34,move,improve
662,8,3312.119999999999,2,181.34,2opt,acceptBad
663,8,3312.1199999999994,2,181.34,swap,acceptBad
664,7,2096.78,2,181.34,move,improve
665,8,3719.330000000001,2,181.34,2opt,acceptBad
666,8,3737.6,2,181.34,2opt,acceptBad
667,8,3761.93,2,181.34,2opt,acceptBad
668,8,3345.749999999999,2,181.34,move,improve
669,8,3598.45,2,181.34,swap,acceptBad
670,8,3598.45,2,181.34,move,improve
671,8,3529.3899999999994,2,181.34,swap,improve
672,8,3550.5699999999993,2,181.34,swap,acceptBad
673,8,3578.019999999999,2,181.34,2opt,acceptBad
674,8,3578.019999999999,2,181.34,move,improve
675,8,3565.959999999999,2,181.34,swap,improve
676,8,3084.7800000000007,2,181.34,move,improve
677,8,3367.3199999999997,2,181.34,swap,acceptBad
678,8,3191.3999999999996,2,181.34,move,improve
679,8,3280.4599999999996,2,181.34,swap,acceptBad
680,8,3147.3199999999997,2,181.34,move,improve
681,8,3147.77,2,181.34,swap,acceptBad
682,8,4095.249999999999,2,181.34,2opt,acceptBad
683,8,4219.56,2,181.34,swap,acceptBad
684,8,4246.17,2,181.34,swap,acceptBad
685,8,4241.219999999999,2,181.34,swap,improve
686,8,4116.91,2,181.34,swap,improve
687,8,2908.06,2,181.34,move,improve
688,8,2945.56,2,181.34,swap,acceptBad
689,8,2922.52,2,181.34,move,improve
690,8,3677.4700000000003,2,181.34,2opt,acceptBad
691,9,5195.900000000001,2,181.34,2opt,acceptBad
692,9,5057.750000000001,2,181.34,move,improve
693,9,5057.750000000001,2,181.34,2opt,improve
694,9,4865.639999999999,2,181.34,move,improve
695,9,5816.37,2,181.34,swap,acceptBad
696,9,6187.999999999999,2,181.34,move,acceptBad
697,9,6187.999999999999,2,181.34,2opt,improve
698,9,6329.62,2,181.34,2opt,acceptBad
699,8,5012.5199999999995,2,181.34,2opt,improve
700,8,5006.399999999999,2,181.34,2opt,improve
701,8,5053.649999999999,2,181.34,swap,acceptBad
702,8,5053.649999999999,2,181.34,2opt,improve
703,8,5011.279999999999,2,181.34,swap,improve
704,8,5030.659999999999,2,181.34,swap,acceptBad
705,8,5101.54,2,181.34,swap,acceptBad
706,8,3941.0299999999993,2,181.34,move,improve
707,8,4159.3,2,181.34,swap,acceptBad
708,8,4347.539999999999,2,181.34,swap,acceptBad
709,8,3667.2799999999993,2,181.34,move,improve
710,8,3959.9,2,181.34,2opt,acceptBad
711,8,3898.96,2,181.34,swap,improve
712,8,3879.31,2,181.34,2opt,improve
713,8,3822.6900000000005,2,181.34,2opt,improve
714,8,3823.2000000000003,2,181.34,swap,acceptBad
715,8,3823.2000000000003,2,181.34,move,improve
716,8,3576.53,2,181.34,move,improve
717,8,3959.24,2,181.34,2opt,acceptBad
718,8,3890.7800000000007,2,181.34,swap,improve
719,8,4063.1600000000003,2,181.34,swap,acceptBad
720,9,4548.109999999999,2,181.34,2opt,acceptBad
721,9,4456.439999999999,2,181.34,move,improve
722,9,4159.729999999999,2,181.34,move,improve
723,9,4167.949999999999,2,181.34,2opt,acceptBad
724,9,5180.589999999998,2,181.34,swap,acceptBad
725,9,5873.260000000001,2,181.34,2opt,acceptBad
726,9,5422.580000000001,2,181.34,move,improve
727,9,5442.590000000001,2,181.34,2opt,acceptBad
728,9,5442.590000000001,2,181.34,2opt,notBad
729,9,5289.78,2,181.34,swap,improve
730,9,5942.979999999998,2,181.34,2opt,acceptBad
731,9,5869.0099999999975,2,181.34,2opt,improve
732,9,5862.319999999999,2,181.34,swap,improve
733,9,5395.0199999999995,2,181.34,move,improve
734,9,5395.0199999999995,2,181.34,2opt,improve
735,9,5395.0199999999995,2,181.34,2opt,improve
736,9,4319.429999999999,2,181.34,move,improve
737,9,5786.05,2,181.34,2opt,acceptBad
738,9,5811.4800000000005,2,181.34,2opt,acceptBad
739,9,5821.47,2,181.34,2opt,acceptBad
740,9,5825.15,2,181.34,swap,acceptBad
741,9,5874.969999999998,2,181.34,swap,acceptBad
742,9,5603.579999999999,2,181.34,move,improve
743,9,5603.579999999999,2,181.34,2opt,improve
744,9,5603.579999999999,2,181.34,2opt,improve
745,9,4575.3,2,181.34,2opt,improve
746,9,4035.99,2,181.34,move,improve
747,9,4061.0700000000006,2,181.34,swap,acceptBad
748,9,4858.74,2,181.34,2opt,acceptBad
749,9,5475.909999999999,2,181.34,swap,acceptBad
750,9,5475.909999999999,2,181.34,move,improve
751,9,4789.64,2,181.34,move,improve
752,9,4712.9000000000015,2,181.34,move,improve
753,9,4550.93,2,181.34,move,improve
754,9,4565.96,2,181.34,swap,acceptBad
755,9,4720.329999999999,2,181.34,2opt,acceptBad
756,9,4028.8099999999986,2,181.34,move,improve
757,9,3856.5399999999986,2,181.34,move,improve
758,9,3984.0999999999985,2,181.34,swap,acceptBad
759,9,3984.0999999999985,2,181.34,move,improve
760,9,4122.149999999999,2,181.34,2opt,acceptBad
761,9,4105.949999999998,2,181.34,move,improve
762,9,3830.3399999999983,2,181.34,move,improve
763,9,3839.5199999999986,2,181.34,2opt,acceptBad
764,9,3705.449999999999,2,181.34,move,improve
765,9,3702.6899999999987,2,181.34,2opt,improve
766,9,3702.6899999999987,2,181.34,move,improve
767,9,3702.6899999999987,2,181.34,2opt,notBad
768,9,3713.8499999999985,2,181.34,2opt,acceptBad
769,9,3713.8499999999985,2,181.34,move,improve
770,9,5200.07,2,181.34,swap,acceptBad
771,9,5513.28,2,181.34,swap,acceptBad
772,9,4933.97,2,181.34,2opt,improve
773,9,5165.23,2,181.34,2opt,acceptBad
774,9,5091.059999999999,2,181.34,swap,improve
775,9,5091.289999999999,2,181.34,swap,acceptBad
776,9,5341.879999999999,2,181.34,2opt,acceptBad
777,9,5253.649999999999,2,181.34,move,improve
778,9,4782.310000000001,2,181.34,2opt,improve
779,9,4061.8500000000004,2,181.34,move,improve
780,9,4131.070000000001,2,181.34,2opt,acceptBad
781,9,4130.92,2,181.34,swap,improve
782,9,4130.92,2,181.34,move,improve
783,9,3587.3299999999995,2,181.34,move,improve
784,8,3258.83,2,181.34,2opt,improve
785,8,3222.95,2,181.34,swap,improve
786,8,3211.7299999999996,2,181.34,move,improve
787,8,3211.0699999999997,2,181.34,swap,improve
788,8,3248.5699999999997,2,181.34,2opt,acceptBad
789,8,3242.99,2,181.34,2opt,improve
790,8,4007.99,2,181.34,2opt,acceptBad
791,8,3765.0199999999995,2,181.34,move,improve
792,8,3985.2700000000004,2,181.34,2opt,acceptBad
793,8,3978.2800000000007,2,181.34,swap,improve
794,8,3997.9500000000007,2,181.34,swap,acceptBad
795,8,3841.1200000000013,2,181.34,move,improve
796,8,4025.7500000000014,2,181.34,swap,acceptBad
797,8,4025.7500000000014,2,181.34,2opt,improve
798,8,4352.41,2,181.34,swap,acceptBad
799,7,3098.61,2,181.34,2opt,improve
800,7,3098.3100000000004,2,181.34,swap,improve
801,7,3129.96,2,181.34,swap,acceptBad
802,7,2944.18,2,181.34,2opt,improve
803,7,2831.35,2,181.34,move,improve
804,7,2833.6300000000006,2,181.34,2opt,acceptBad
805,7,2831.3500000000004,2,181.34,swap,improve
806,7,2727.3399999999997,2,181.34,2opt,improve
807,7,2848.97,2,181.34,2opt,acceptBad
808,7,2675.9999999999995,2,181.34,move,improve
809,7,2656.5,2,181.34,move,improve
810,7,2656.5,2,181.34,2opt,improve
811,7,2503.1600000000003,2,181.34,move,improve
812,7,2539.84,2,181.34,swap,acceptBad
813,7,2540.7999999999997,2,181.34,2opt,acceptBad
814,8,3078.62,2,181.34,2opt,acceptBad
815,8,3089.640000000001,2,181.34,swap,acceptBad
816,8,3089.640000000001,2,181.34,move,improve
817,8,3006.620000000001,2,181.34,move,improve
818,8,3232.1199999999994,2,181.34,swap,acceptBad
819,8,3245.8899999999994,2,181.34,2opt,acceptBad
820,8,3129.24,2,181.34,swap,improve
821,8,3970.8199999999997,2,181.34,2opt,acceptBad
822,8,4061.3599999999988,2,181.34,swap,acceptBad
823,8,4061.3599999999988,2,181.34,move,improve
824,8,3856.0499999999993,2,181.34,swap,improve
825,8,3159.7,2,181.34,move,improve
826,8,3159.7,2,181.34,move,improve
827,8,3354.2,2,181.34,2opt,acceptBad
828,8,3355.25,2,181.34,swap,acceptBad
829,8,3434.03,2,181.34,2opt,acceptBad
830,8,3452.1200000000003,2,181.34,swap,acceptBad
831,9,5058.84,2,181.34,2opt,acceptBad
832,9,5058.84,2,181.34,2opt,improve
833,9,4106.22,2,181.34,move,improve
834,9,4176.33,2,181.34,swap,acceptBad
835,9,4089.1,2,181.34,move,improve
836,9,4089.5200000000013,2,181.34,2opt,acceptBad
837,9,3764.140000000001,2,181.34,move,improve
838,9,3767.3199999999997,2,181.34,swap,acceptBad
839,9,3767.3199999999997,2,181.34,2opt,improve
840,9,3766.18,2,181.34,swap,improve
841,9,3761.169999999999,2,181.34,swap,improve
842,9,3761.169999999999,2,181.34,move,improve
843,9,4895.079999999999,2,181.34,2opt,acceptBad
844,9,4925.169999999999,2,181.34,swap,acceptBad
845,9,5558.319999999999,2,181.34,2opt,acceptBad
846,9,5485.519999999999,2,181.34,move,improve
847,9,4720.829999999999,2,181.34,move,improve
848,9,4674.9299999999985,2,181.34,swap,improve
849,9,4695.379999999998,2,181.34,swap,acceptBad
850,9,4586.809999999998,2,181.34,move,improve
851,9,4387.399999999999,2,181.34,2opt,improve
852,9,4385.929999999999,2,181.34,swap,improve
853,9,4559.749999999998,2,181.34,swap,acceptBad
854,9,4559.749999999998,2,181.34,2opt,improve
855,9,4499.299999999998,2,181.34,move,improve
856,9,4499.299999999998,2,181.34,move,improve
857,9,3903.349999999999,2,181.34,swap,improve
858,9,3894.919999999999,2,181.34,swap,improve
859,9,4084.7699999999995,2,181.34,swap,acceptBad
860,9,4070.339999999999,2,181.34,move,improve
861,9,4931.279999999999,2,181.34,swap,acceptBad
862,9,4959.9299999999985,2,181.34,swap,acceptBad
863,9,4027.5299999999993,2,181.34,move,improve
864,9,4050.1199999999994,2,181.34,swap,acceptBad
865,9,4025.879999999999,2,181.34,move,improve
866,9,4177.719999999999,2,181.34,swap,acceptBad
867,9,4206.85,2,181.34,swap,acceptBad
868,9,4206.85,2,181.34,2opt,improve
869,9,4207.450000000001,2,181.34,swap,acceptBad
870,9,4216.120000000001,2,181.34,2opt,acceptBad
871,9,4211.35,2,181.34,swap,improve
872,9,3850.2600000000007,2,181.34,2opt,improve
873,9,3850.6800000000007,2,181.34,swap,acceptBad
874,9,4059.6899999999996,2,181.34,swap,acceptBad
875,10,6339.9400000000005,2,181.34,2opt,acceptBad
876,10,6323.35,2,181.34,swap,improve
877,10,5563.74,2,181.34,2opt,improve
878,10,5563.74,2,181.34,move,improve
879,10,7293.66,2,181.34,swap,acceptBad
880,9,4072.0100000000007,2,181.34,move,improve
881,9,4449.45,2,181.34,2opt,acceptBad
882,9,4414.35,2,181.34,swap,improve
883,9,4388.179999999999,2,181.34,swap,improve
884,9,6411.6,2,181.34,swap,acceptBad
885,9,5671.47,2,181.34,move,improve
886,9,5477.289999999999,2,181.34,2opt,improve
887,9,5501.22,2,181.34,swap,acceptBad
888,9,5480.159999999999,2,181.34,2opt,improve
889,9,5306.16,2,181.34,2opt,improve
890,9,5305.95,2,181.34,swap,improve
891,9,5472.110000000001,2,181.34,swap,acceptBad
892,9,5338.589999999999,2,181.34,move,improve
893,9,5374.26,2,181.34,swap,acceptBad
894,9,5374.26,2,181.34,2opt,notBad
895,9,5265.009999999999,2,181.34,move,improve
896,9,5265.219999999999,2,181.34,swap,acceptBad
897,9,4962.470000000001,2,181.34,2opt,improve
898,9,4795.45,2,181.34,move,improve
899,9,4455.250000000001,2,181.34,move,improve
900,9,4455.250000000001,2,181.34,2opt,improve
901,9,4497.010000000001,2,181.34,swap,acceptBad
902,10,7221.97,2,181.34,2opt,acceptBad
903,10,7221.97,2,181.34,move,improve
904,11,9160.090000000002,2,181.34,2opt,acceptBad
905,11,8169.670000000001,2,181.34,move,improve
906,11,7709.670000000002,2,181.34,move,improve
907,11,6856.370000000002,2,181.34,move,improve
908,11,6535.290000000001,2,181.34,move,improve
909,11,6375.690000000001,2,181.34,move,improve
910,11,6375.690000000001,2,181.34,move,improve
911,11,6377.160000000001,2,181.34,swap,acceptBad
912,11,6104.869999999999,2,181.34,swap,improve
913,11,6104.869999999999,2,181.34,move,improve
914,11,6136.2699999999995,2,181.34,swap,acceptBad
915,11,6125.409999999999,2,181.34,2opt,improve
916,11,6791.940000000001,2,181.34,swap,acceptBad
917,11,7114.3200000000015,2,181.34,swap,acceptBad
918,11,7115.910000000002,2,181.34,2opt,acceptBad
919,11,6690.459999999998,2,181.34,swap,improve
920,11,6688.659999999998,2,181.34,2opt,improve
921,11,6303.489999999998,2,181.34,move,improve
922,11,7064.340000000002,2,181.34,2opt,acceptBad
923,11,7061.850000000001,2,181.34,swap,improve
924,11,6945.849999999999,2,181.34,move,improve
925,11,6945.849999999999,2,181.34,move,improve
926,11,6959.5,2,181.34,swap,acceptBad
927,11,7099.819999999996,2,181.34,swap,acceptBad
928,11,8055.8499999999985,2,181.34,2opt,acceptBad
929,11,7626.299999999997,2,181.34,move,improve
930,11,7278.879999999997,2,181.34,2opt,improve
931,11,7278.879999999997,2,181.34,move,improve
932,11,5978.669999999998,2,181.34,move,improve
933,11,5977.349999999999,2,181.34,2opt,improve
934,11,5974.709999999998,2,181.34,swap,improve
935,11,9083.429999999998,2,181.34,swap,acceptBad
936,11,9108.479999999998,2,181.34,swap,acceptBad
937,11,9108.479999999998,2,181.34,2opt,notBad
938,11,8387.19,2,181.34,move,improve
939,11,8513.31,2,181.34,swap,acceptBad
940,11,8621.699999999997,2,181.34,2opt,acceptBad
941,11,8619.059999999998,2,181.34,swap,improve
942,11,9758.699999999997,2,181.34,swap,acceptBad
943,11,9759.209999999997,2,181.34,swap,acceptBad
944,11,8755.09,2,181.34,move,improve
945,11,8767.779999999999,2,181.34,2opt,acceptBad
946,11,9090.789999999997,2,181.34,swap,acceptBad
947,11,9136.000000000002,2,181.34,2opt,acceptBad
948,11,9112.720000000001,2,181.34,swap,improve
949,11,8395.089999999998,2,181.34,move,improve
950,11,8505.449999999997,2,181.34,swap,acceptBad
951,11,8217.739999999996,2,181.34,move,improve
952,11,8195.3,2,181.34,2opt,improve
953,11,8492.149999999998,2,181.34,2opt,acceptBad
954,11,8467.579999999998,2,181.34,swap,improve
955,11,8310.369999999999,2,181.34,swap,improve
956,11,8198.109999999999,2,181.34,move,improve
957,11,7783.34,2,181.34,move,improve
958,11,7417.900000000001,2,181.34,move,improve
959,11,7404.579999999999,2,181.34,2opt,improve
960,11,7194.539999999999,2,181.34,move,improve
961,11,7202.039999999998,2,181.34,2opt,acceptBad
962,11,6773.729999999998,2,181.34,move,improve
963,11,5874.459999999999,2,181.34,move,improve
964,11,6364.0199999999995,2,181.34,2opt,acceptBad
965,10,4927.489999999999,2,181.34,2opt,improve
966,10,4928.629999999999,2,181.34,swap,acceptBad
967,10,5123.849999999999,2,181.34,swap,acceptBad
968,10,5040.03,2,181.34,2opt,improve
969,10,7094.139999999999,2,181.34,swap,acceptBad
970,10,7094.139999999999,2,181.34,2opt,notBad
971,10,7033.089999999999,2,181.34,swap,improve
972,10,6599.519999999999,2,181.34,swap,improve
973,10,6627.029999999999,2,181.34,swap,acceptBad
974,10,6616.049999999998,2,181.34,2opt,improve
975,10,6592.889999999999,2,181.34,2opt,improve
976,10,6250.1900000000005,2,181.34,move,improve
977,10,7345.370000000001,2,181.34,swap,acceptBad
978,10,7319.44,2,181.34,move,improve
979,10,6965.409999999998,2,181.34,move,improve
980,10,6559.199999999999,2,181.34,move,improve
981,10,6086.159999999999,2,181.34,move,improve
982,10,5450.459999999998,2,181.34,move,improve
983,10,5913.729999999997,2,181.34,2opt,acceptBad
984,10,5614.1799999999985,2,181.34,move,improve
985,10,5597.48,2,181.34,2opt,improve
986,10,5597.48,2,181.34,move,improve
987,10,6348.269999999999,2,181.34,swap,acceptBad
988,10,6347.309999999999,2,181.34,swap,improve
989,10,6290.409999999999,2,181.34,move,improve
990,10,6173.919999999998,2,181.34,move,improve
991,10,6173.919999999998,2,181.34,2opt,improve
992,10,6171.0999999999985,2,181.34,move,improve
993,10,6215.649999999997,2,181.34,2opt,acceptBad
994,10,5843.6299999999965,2,181.34,2opt,improve
995,10,5843.6299999999965,2,181.34,swap,improve
996,10,5757.269999999998,2,181.34,swap,improve
997,10,5757.269999999998,2,181.34,move,improve
998,10,5746.949999999999,2,181.34,2opt,improve
999,10,6006.409999999998,2,181.34,2opt,acceptBad
1000,10,6979.909999999999,2,181.34,2opt,acceptBad
1001,10,6019.879999999999,2,181.34,move,improve
1002,10,6022.799999999999,2,181.34,swap,acceptBad
1003,10,6042.689999999999,2,181.34,2opt,acceptBad
1004,10,5407.089999999999,2,181.34,move,improve
1005,10,5408.8899999999985,2,181.34,2opt,acceptBad
1006,10,5281.909999999999,2,181.34,2opt,improve
1007,10,4903.339999999998,2,181.34,move,improve
1008,10,5344.579999999999,2,181.34,swap,acceptBad
1009,10,5250.979999999999,2,181.34,move,improve
1010,10,5420.86,2,181.34,swap,acceptBad
1011,10,5420.859999999999,2,181.34,swap,improve
1012,10,5296.009999999998,2,181.34,swap,improve
1013,10,5297.329999999998,2,181.34,swap,acceptBad
1014,10,5111.399999999998,2,181.34,move,improve
1015,10,5113.049999999997,2,181.34,2opt,acceptBad
1016,10,5269.65,2,181.34,2opt,acceptBad
1017,10,5175.9299999999985,2,181.34,move,improve
1018,10,5191.619999999998,2,181.34,2opt,acceptBad
1019,10,5194.169999999997,2,181.34,2opt,acceptBad
1020,10,4708.379999999999,2,181.34,move,improve
1021,10,4478.549999999999,2,181.34,move,improve
1022,10,5787.409999999999,2,181.34,swap,acceptBad
1023,10,5787.409999999999,2,181.34,move,improve
1024,10,5146.759999999998,2,181.34,move,improve
1025,10,5135.869999999997,2,181.34,2opt,improve
1026,10,5135.869999999997,2,181.34,move,improve
1027,10,6121.1299999999965,2,181.34,swap,acceptBad
1028,10,5809.399999999997,2,181.34,move,improve
1029,10,5696.3899999999985,2,181.34,move,improve
1030,10,6601.939999999998,2,181.34,2opt,acceptBad
1031,10,5696.389999999998,2,181.34,swap,improve
1032,10,5689.859999999999,2,181.34,swap,improve
1033,10,5689.859999999999,2,181.34,move,improve
1034,10,5689.109999999999,2,181.34,swap,improve
1035,10,5697.059999999999,2,181.34,2opt,acceptBad
1036,10,5308.01,2,181.34,swap,improve
1037,10,5052.8099999999995,2,181.34,swap,improve
1038,10,5479.379999999999,2,181.34,swap,acceptBad
1039,10,5325.339999999998,2,181.34,move,improve
1040,10,5465.439999999998,2,181.34,swap,acceptBad
1041,10,6383.279999999999,2,181.34,swap,acceptBad
1042,10,6035.279999999999,2,181.34,move,improve
1043,10,5939.999999999998,2,181.34,swap,improve
1044,10,5723.189999999999,2,181.34,swap,improve
1045,10,5723.189999999999,2,181.34,2opt,notBad
1046,10,6623.539999999999,2,181.34,2opt,acceptBad
1047,10,6811.42,2,181.34,swap,acceptBad
1048,10,6324.169999999999,2,181.34,move,improve
1049,10,6082.71,2,181.34,swap,improve
1050,10,6334.61,2,181.34,swap,acceptBad
1051,10,5905.79,2,181.34,move,improve
1052,10,5802.499999999999,2,181.34,move,improve
1053,10,5606.629999999997,2,181.34,move,improve
1054,10,5450.239999999997,2,181.34,move,improve
1055,10,4943.249999999999,2,181.34,move,improve
1056,10,5097.059999999998,2,181.34,swap,acceptBad
1057,9,3799.2699999999995,2,181.34,2opt,improve
1058,9,3697.0699999999997,2,181.34,move,improve
1059,9,4092.6699999999996,2,181.34,swap,acceptBad
1060,9,4092.5199999999995,2,181.34,2opt,improve
1061,9,3270.5299999999997,2,181.34,swap,improve
1062,9,3270.5299999999997,2,181.34,2opt,improve
1063,9,3249.0799999999995,2,181.34,2opt,improve
1064,9,2977.15,2,181.34,move,improve
1065,9,3916.3500000000004,2,181.34,swap,acceptBad
1066,9,3259.709999999999,2,181.34,move,improve
1067,9,5641.489999999999,2,181.34,swap,acceptBad
1068,9,5641.489999999999,2,181.34,2opt,improve
1069,9,5641.519999999999,2,181.34,2opt,acceptBad
1070,9,5641.519999999999,2,181.34,2opt,notBad
1071,9,4489.53,2,181.34,move,improve
1072,8,3875.5399999999995,2,181.34,2opt,improve
1073,8,3875.5399999999995,2,181.34,2opt,improve
1074,8,3697.429999999999,2,181.34,swap,improve
1075,8,2518.98,2,181.34,move,improve
1076,8,2494.92,2,181.34,swap,improve
1077,8,2522.91,2,181.34,2opt,acceptBad
1078,8,2523.03,2,181.34,2opt,acceptBad
1079,8,2500.6200000000003,2,181.34,move,improve
1080,9,4702.299999999999,2,181.34,2opt,acceptBad
1081,9,4127.35,2,181.34,move,improve
1082,9,4911.4000000000015,2,181.34,swap,acceptBad
1083,9,4921.120000000001,2,181.34,swap,acceptBad
1084,9,4908.49,2,181.34,2opt,improve
1085,9,4922.08,2,181.34,swap,acceptBad
1086,8,3659.0699999999997,2,181.34,2opt,improve
1087,8,2645.58,2,181.34,move,improve
1088,8,2462.0299999999997,2,181.34,move,improve
1089,8,2453.12,2,181.34,move,improve
1090,8,2453.12,2,181.34,move,improve
1091,8,2331.3599999999997,2,181.34,move,improve
1092,8,2270.639999999999,2,181.34,move,improve
1093,7,1439.4499999999996,2,181.34,move,improve
1094,7,2062.16,2,181.34,swap,acceptBad
1095,7,2127.7199999999993,2,181.34,swap,acceptBad
1096,7,2102.3699999999994,2,181.34,move,improve
1097,7,2102.3699999999994,2,181.34,2opt,improve
1098,7,2498.64,2,181.34,2opt,acceptBad
1099,7,3052.7499999999995,2,181.34,swap,acceptBad
1100,7,3023.36,2,181.34,2opt,improve
1101,7,3023.3799999999997,2,181.34,swap,acceptBad
1102,7,3024.8099999999995,2,181.34,swap,acceptBad
1103,7,3030.1800000000003,2,181.34,2opt,acceptBad
1104,7,2934.8199999999997,2,181.34,swap,improve
1105,7,2934.8199999999997,2,181.34,2opt,improve
1106,7,3463.939999999999,2,181.34,2opt,acceptBad
1107,7,3450.209999999999,2,181.34,2opt,improve
1108,7,3406.6099999999988,2,181.34,move,improve
1109,7,3366.509999999999,2,181.34,move,improve
1110,7,3366.509999999999,2,181.34,2opt,notBad
1111,7,3366.509999999999,2,181.34,move,improve
1112,7,3703.1699999999983,2,181.34,swap,acceptBad
1113,7,3026.209999999999,2,181.34,move,improve
1114,7,3026.209999999999,2,181.34,2opt,notBad
1115,7,2894.5699999999993,2,181.34,move,improve
1116,8,5390.7699999999995,2,181.34,2opt,acceptBad
1117,8,5390.7699999999995,2,181.34,2opt,improve
1118,8,4896.449999999998,2,181.34,move,improve
1119,8,4896.089999999999,2,181.34,2opt,improve
1120,8,5148.389999999999,2,181.34,2opt,acceptBad
1121,7,2500.539999999999,2,181.34,move,improve
1122,7,2695.8099999999995,2,181.34,2opt,acceptBad
1123,7,2696.109999999999,2,181.34,2opt,acceptBad
1124,7,2721.7599999999993,2,181.34,swap,acceptBad
1125,7,2721.7599999999993,2,181.34,move,improve
1126,7,2721.7599999999993,2,181.34,2opt,improve
1127,7,2644.3099999999995,2,181.34,move,improve
1128,7,3024.8599999999997,2,181.34,swap,acceptBad
1129,8,3537.8100000000004,2,181.34,2opt,acceptBad
1130,8,3482.0699999999997,2,181.34,swap,improve
1131,8,3509.249999999999,2,181.34,2opt,acceptBad
1132,9,4335.53,2,181.34,2opt,acceptBad
1133,9,4259.209999999999,2,181.34,swap,improve
1134,9,4259.209999999999,2,181.34,move,improve
1135,9,4206.94,2,181.34,move,improve
1136,9,4001.4900000000002,2,181.34,2opt,improve
1137,9,4729.8,2,181.34,2opt,acceptBad
1138,8,2772.92,2,181.34,move,improve
1139,8,2790.5899999999997,2,181.34,2opt,acceptBad
1140,8,2790.5899999999997,2,181.34,move,improve
1141,8,2804.2999999999997,2,181.34,swap,acceptBad
1142,8,3309.29,2,181.34,2opt,acceptBad
1143,8,3190.0199999999995,2,181.34,move,improve
1144,8,3100.8500000000004,2,181.34,move,improve
1145,8,2839.03,2,181.34,move,improve
1146,8,2650.8999999999996,2,181.34,move,improve
1147,8,2536.4,2,181.34,2opt,improve
1148,8,2544.5600000000004,2,181.34,2opt,acceptBad
1149,8,2653.0,2,181.34,2opt,acceptBad
1150,8,2575.0700000000006,2,181.34,move,improve
1151,8,2575.0700000000006,2,181.34,move,improve
1152,8,2581.4300000000007,2,181.34,swap,acceptBad
1153,8,2403.0000000000005,2,181.34,move,improve
1154,8,2351.5400000000004,2,181.34,swap,improve
1155,8,2345.3900000000003,2,181.34,swap,improve
1156,8,2369.72,2,181.34,2opt,acceptBad
1157,8,2556.13,2,181.34,swap,acceptBad
1158,8,2556.13,2,181.34,2opt,improve
1159,8,2544.1599999999994,2,181.34,2opt,improve
1160,8,2382.9500000000003,2,181.34,move,improve
1161,8,2250.67,2,181.34,move,improve
1162,8,2244.1600000000003,2,181.34,move,improve
1163,8,2234.92,2,181.34,swap,improve
1164,8,2351.25,2,181.34,swap,acceptBad
1165,8,2174.16,2,181.34,move,improve
1166,8,3045.9500000000003,2,181.34,swap,acceptBad
1167,8,3090.8900000000003,2,181.34,swap,acceptBad
1168,8,3090.5,2,181.34,2opt,improve
1169,8,3080.39,2,181.34,2opt,improve
1170,8,2714.23,2,181.34,move,improve
1171,8,3229.09,2,181.34,2opt,acceptBad
1172,8,3229.09,2,181.34,move,improve
1173,8,2335.08,2,181.34,move,improve
1174,8,2204.67,2,181.34,move,improve
1175,8,2213.46,2,181.34,2opt,acceptBad
1176,8,2213.46,2,181.34,move,improve
1177,8,2213.46,2,181.34,2opt,notBad
1178,7,1526.2199999999998,2,181.34,move,improve
1179,7,1521.96,2,181.34,2opt,improve
1180,7,1521.96,2,181.34,2opt,improve
1181,6,1571.9,2,181.34,2opt,acceptBad
1182,6,1571.45,2,181.34,move,improve
1183,6,2771.3799999999997,2,181.34,2opt,acceptBad
1184,6,2788.72,2,181.34,2opt,acceptBad
1185,6,2647.01,2,181.34,swap,improve
1186,6,2471.6399999999994,2,181.34,move,improve
1187,6,2326.02,2,181.34,2opt,improve
1188,6,2130.77,2,181.34,swap,improve
1189,6,2111.45,2,181.34,move,improve
1190,6,2111.45,2,181.34,2opt,improve
1191,6,2065.58,2,181.34,swap,improve
1192,7,3788.24,2,181.34,2opt,acceptBad
1193,7,3843.62,2,181.34,2opt,acceptBad
1194,7,3599.63,2,181.34,swap,improve
1195,8,4881.129999999999,2,181.34,2opt,acceptBad
1196,8,3837.2799999999997,2,181.34,move,improve
1197,8,3645.9599999999996,2,181.34,move,improve
1198,8,3645.7199999999993,2,181.34,swap,improve
1199,8,3971.0299999999997,2,181.34,swap,acceptBad
1200,7,3168.5099999999998,2,181.34,2opt,improve
1201,7,3033.33,2,181.34,2opt,improve
1202,7,3033.33,2,181.34,2opt,improve
1203,7,3051.8399999999997,2,181.34,swap,acceptBad
1204,7,3051.8399999999997,2,181.34,2opt,improve
1205,7,2906.99,2,181.34,2opt,improve
1206,7,2905.79,2,181.34,2opt,improve
1207,8,3636.3299999999995,2,181.34,2opt,acceptBad
1208,8,3636.3299999999995,2,181.34,2opt,improve
1209,8,3147.890000000001,2,181.34,move,improve
1210,8,3146.870000000001,2,181.34,2opt,improve
1211,8,3146.870000000001,2,181.34,2opt,notBad
1212,8,3618.7799999999997,2,181.34,swap,acceptBad
1213,8,3618.7799999999997,2,181.34,move,improve
1214,8,3646.9899999999993,2,181.34,2opt,acceptBad
1215,8,3445.27,2,181.34,move,improve
1216,8,3242.5700000000006,2,181.34,move,improve
1217,8,3240.7100000000005,2,181.34,2opt,improve
1218,8,3240.7100000000005,2,181.34,2opt,improve
1219,8,3225.7100000000005,2,181.34,swap,improve
1220,8,3195.59,2,181.34,swap,improve
1221,8,3152.6499999999996,2,181.34,swap,improve
1222,8,3091.009999999999,2,181.34,swap,improve
1223,8,3009.6199999999994,2,181.34,move,improve
1224,8,2285.85,2,181.34,move,improve
1225,8,2019.85,2,181.34,move,improve
1226,8,1821.6499999999999,2,181.34,move,improve
1227,8,1821.6499999999999,2,181.34,2opt,improve
1228,8,1818.9499999999998,2,181.34,2opt,improve
1229,8,1818.7399999999998,2,181.34,2opt,improve
1230,8,1819.07,2,181.34,swap,acceptBad
1231,8,1749.4499999999998,2,181.34,move,improve
1232,8,2626.5899999999997,2,181.34,2opt,acceptBad
1233,8,2626.5899999999997,2,181.34,move,improve
1234,8,2615.5799999999995,2,181.34,swap,improve
1235,8,2615.5799999999995,2,181.34,2opt,improve
1236,8,2614.9199999999996,2,181.34,2opt,improve
1237,8,3110.33,2,181.34,2opt,acceptBad
1238,8,3105.0499999999997,2,181.34,2opt,improve
1239,8,2885.0199999999995,2,181.34,move,improve
1240,8,2196.5499999999993,2,181.34,swap,improve
1241,8,2139.21,2,181.34,move,improve
1242,8,2111.46,2,181.34,2opt,improve
1243,8,2111.46,2,181.34,2opt,improve
1244,8,2166.51,2,181.34,swap,acceptBad
1245,8,2751.5499999999997,2,181.34,swap,acceptBad
1246,8,2079.09,2,181.34,move,improve
1247,8,3007.29,2,181.34,2opt,acceptBad
1248,8,2995.14,2,181.34,swap,improve
1249,8,3702.26,2,181.34,swap,acceptBad
1250,8,3490.6499999999996,2,181.34,move,improve
1251,8,3466.3799999999997,2,181.34,swap,improve
1252,8,3155.92,2,181.34,move,improve
1253,7,1963.5099999999998,2,181.34,move,improve
1254,7,1901.0499999999997,2,181.34,move,improve
1255,6,1586.53,2,181.34,move,improve
1256,6,1574.71,2,181.34,2opt,improve
1257,6,711.0,2,181.34,move,improve
1258,6,710.31,2,181.34,2opt,improve
1259,6,747.3299999999999,2,181.34,2opt,acceptBad
1260,6,751.53,2,181.34,2opt,acceptBad
1261,6,713.34,2,181.34,swap,improve
1262,6,709.92,2,181.34,swap,improve
1263,6,729.6,2,181.34,swap,acceptBad
1264,6,707.6999999999999,2,181.34,2opt,improve
1265,6,707.64,2,181.34,move,improve
1266,6,707.0999999999999,2,181.34,move,improve
1267,6,706.77,2,181.34,move,improve
1268,6,706.77,2,181.34,2opt,improve
1269,6,705.42,2,181.34,move,improve
1270,6,683.04,2,181.34,swap,improve
1271,6,736.4399999999998,2,181.34,swap,acceptBad
1272,6,709.41,2,181.34,move,improve
1273,6,709.41,2,181.34,move,improve
1274,6,645.3799999999999,2,181.34,move,improve
1275,6,654.0799999999999,2,181.34,2opt,acceptBad
1276,6,654.0799999999999,2,181.34,swap,improve
1277,6,653.8999999999999,2,181.34,swap,improve
1278,6,1110.7599999999998,2,181.34,swap,acceptBad
1279,7,2311.4599999999996,2,181.34,2opt,acceptBad
1280,7,2319.5599999999995,2,181.34,2opt,acceptBad
1281,7,2299.7599999999993,2,181.34,move,improve
1282,7,2278.7999999999997,2,181.34,swap,improve
1283,7,2278.7999999999997,2,181.34,2opt,notBad
1284,7,2300.31,2,181.34,swap,acceptBad
1285,7,2300.31,2,181.34,move,improve
1286,7,2300.31,2,181.34,move,improve
1287,7,2186.0699999999997,2,181.34,swap,improve
1288,7,2174.7599999999998,2,181.34,move,improve
1289,7,2174.7599999999998,2,181.34,2opt,improve
1290,7,2172.7499999999995,2,181.34,2opt,improve
1291,7,2175.9599999999996,2,181.34,2opt,acceptBad
1292,7,2240.96,2,181.34,swap,acceptBad
1293,7,1907.3299999999995,2,181.34,move,improve
1294,7,1907.3299999999995,2,181.34,move,improve
1295,7,1844.1199999999994,2,181.34,move,improve
1296,7,1832.0899999999995,2,181.34,move,improve
1297,7,1840.7299999999996,2,181.34,swap,acceptBad
1298,7,1841.0299999999995,2,181.34,swap,acceptBad
1299,7,2048.43,2,181.34,swap,acceptBad
1300,7,2046.9299999999998,2,181.34,2opt,improve
1301,7,2076.93,2,181.34,swap,acceptBad
1302,7,1809.23,2,181.34,move,improve
1303,7,1809.23,2,181.34,move,improve
1304,7,1809.23,2,181.34,move,improve
1305,7,1815.8,2,181.34,swap,acceptBad
1306,7,1835.75,2,181.34,2opt,acceptBad
1307,7,1828.0100000000002,2,181.34,swap,improve
1308,7,1826.3900000000003,2,181.34,swap,improve
1309,7,2640.25,2,181.34,swap,acceptBad
1310,7,2640.25,2,181.34,move,improve
1311,7,2641.8399999999997,2,181.34,2opt,acceptBad
1312,7,1838.33,2,181.34,move,improve
1313,7,1837.4599999999998,2,181.34,move,improve
1314,7,1837.4599999999998,2,181.34,move,improve
1315,7,1837.4599999999998,2,181.34,2opt,improve
1316,7,1837.4599999999998,2,181.34,move,improve
1317,7,1837.4599999999998,2,181.34,2opt,notBad
1318,8,3280.909999999999,2,181.34,2opt,acceptBad
1319,8,3280.909999999999,2,181.34,2opt,improve
1320,8,3281.509999999999,2,181.34,swap,acceptBad
1321,8,3275.1399999999994,2,181.34,swap,improve
1322,8,3275.1399999999994,2,181.34,2opt,notBad
1323,8,3269.0799999999995,2,181.34,swap,improve
1324,8,3144.4899999999993,2,181.34,move,improve
1325,8,3310.389999999999,2,181.34,2opt,acceptBad
1326,8,3310.389999999999,2,181.34,move,improve
1327,8,3311.679999999999,2,181.34,2opt,acceptBad
1328,8,2874.0299999999997,2,181.34,move,improve
1329,8,2874.0299999999997,2,181.34,2opt,improve
1330,8,3012.2299999999996,2,181.34,2opt,acceptBad
1331,8,3019.97,2,181.34,2opt,acceptBad
1332,8,3015.3499999999995,2,181.34,swap,improve
1333,8,3015.3499999999995,2,181.34,move,improve
1334,8,3015.3499999999995,2,181.34,move,improve
1335,8,3015.3499999999995,2,181.34,2opt,notBad
1336,8,3490.6800000000003,2,181.34,2opt,acceptBad
1337,8,3489.4500000000003,2,181.34,swap,improve
1338,8,2560.5299999999997,2,181.34,move,improve
1339,8,2548.8899999999994,2,181.34,move,improve
1340,8,2506.2599999999998,2,181.34,swap,improve
1341,8,2506.2599999999998,2,181.34,2opt,improve
1342,8,3558.249999999999,2,181.34,swap,acceptBad
1343,8,3559.4200000000005,2,181.34,2opt,acceptBad
1344,8,3559.4200000000005,2,181.34,2opt,improve
1345,8,3557.6500000000005,2,181.34,swap,improve
1346,8,3464.2400000000007,2,181.34,move,improve
1347,8,3487.4300000000007,2,181.34,swap,acceptBad
1348,8,4028.0800000000004,2,181.34,2opt,acceptBad
1349,8,4037.2000000000003,2,181.34,swap,acceptBad
1350,8,4048.449999999999,2,181.34,2opt,acceptBad
1351,8,4051.6899999999987,2,181.34,swap,acceptBad
1352,7,3321.51,2,181.34,2opt,improve
1353,7,3212.1300000000006,2,181.34,move,improve
1354,7,3046.5900000000006,2,181.34,swap,improve
1355,7,3047.6099999999997,2,181.34,2opt,acceptBad
1356,7,3055.74,2,181.34,2opt,acceptBad
1357,7,3093.96,2,181.34,swap,acceptBad
1358,7,3092.5499999999997,2,181.34,swap,improve
1359,7,2867.6999999999994,2,181.34,move,improve
1360,7,2648.0999999999995,2,181.34,move,improve
1361,7,2638.6899999999996,2,181.34,2opt,improve
1362,7,2649.9699999999993,2,181.34,swap,acceptBad
1363,7,2444.509999999999,2,181.34,move,improve
1364,7,2430.749999999999,2,181.34,swap,improve
1365,7,2751.169999999999,2,181.34,swap,acceptBad
1366,7,2926.099999999999,2,181.34,swap,acceptBad
1367,7,2718.8699999999994,2,181.34,move,improve
1368,7,2810.309999999999,2,181.34,swap,acceptBad
1369,7,2808.599999999999,2,181.34,2opt,improve
1370,7,2762.909999999999,2,181.34,2opt,improve
1371,6,2404.25,2,181.34,2opt,improve
1372,6,2404.25,2,181.34,2opt,notBad
1373,6,2398.91,2,181.34,swap,improve
1374,6,2698.7199999999993,2,181.34,2opt,acceptBad
1375,5,1749.23,2,181.34,move,improve
1376,5,1636.92,2,181.34,swap,improve
1377,6,2033.1000000000001,2,181.34,2opt,acceptBad
1378,6,1838.5199999999998,2,181.34,2opt,improve
1379,7,2149.3799999999997,2,181.34,2opt,acceptBad
1380,7,1916.6499999999996,2,181.34,move,improve
1381,7,1702.4499999999998,2,181.34,swap,improve
1382,7,1702.4499999999998,2,181.34,2opt,improve
1383,7,1702.4499999999998,2,181.34,2opt,notBad
1384,7,2465.5499999999997,2,181.34,2opt,acceptBad
1385,7,2060.16,2,181.34,move,improve
1386,7,2468.19,2,181.34,swap,acceptBad
1387,7,2471.7,2,181.34,2opt,acceptBad
1388,7,2530.95,2,181.34,2opt,acceptBad
1389,7,2441.31,2,181.34,move,improve
1390,7,2394.34,2,181.34,swap,improve
1391,7,2008.69,2,181.34,move,improve
1392,7,2187.7599999999998,2,181.34,swap,acceptBad
1393,6,1525.1999999999998,2,181.34,2opt,improve
1394,6,1526.6399999999999,2,181.34,swap,acceptBad
1395,6,1400.0699999999997,2,181.34,move,improve
1396,6,1395.5699999999997,2,181.34,move,improve
1397,6,1261.1799999999998,2,181.34,swap,improve
1398,6,1296.9099999999999,2,181.34,2opt,acceptBad
1399,6,1121.6799999999998,2,181.34,swap,improve
1400,6,1121.6799999999998,2,181.34,move,improve
1401,6,1069.6599999999999,2,181.34,move,improve
1402,6,970.1799999999997,2,181.34,move,improve
1403,6,961.3299999999999,2,181.34,move,improve
1404,6,1916.2,2,181.34,2opt,acceptBad
1405,6,1924.42,2,181.34,swap,acceptBad
1406,6,1921.8999999999996,2,181.34,move,improve
1407,6,1881.0699999999995,2,181.34,move,improve
1408,6,1878.8799999999994,2,181.34,move,improve
1409,6,1875.0699999999993,2,181.34,move,improve
1410,6,1877.1999999999994,2,181.34,swap,acceptBad
1411,6,1870.5699999999993,2,181.34,swap,improve
1412,6,1851.9099999999994,2,181.34,2opt,improve
1413,6,1684.5099999999995,2,181.34,move,improve
1414,6,1673.2899999999995,2,181.34,move,improve
1415,6,1717.5699999999997,2,181.34,swap,acceptBad
1416,6,1734.9399999999996,2,181.34,2opt,acceptBad
1417,6,1738.4499999999996,2,181.34,swap,acceptBad
1418,6,1737.9699999999998,2,181.34,2opt,improve
1419,6,1439.7699999999995,2,181.34,move,improve
1420,6,1421.53,2,181.34,2opt,improve
1421,6,1421.53,2,181.34,2opt,improve
1422,6,1421.53,2,181.34,2opt,notBad
1423,6,1318.3399999999997,2,181.34,move,improve
1424,6,1366.4499999999998,2,181.34,swap,acceptBad
1425,6,1366.4499999999998,2,181.34,move,improve
1426,6,1620.85,2,181.34,swap,acceptBad
1427,6,1622.7999999999995,2,181.34,2opt,acceptBad
1428,6,1614.2199999999993,2,181.34,2opt,improve
1429,6,1616.8599999999994,2,181.34,swap,acceptBad
1430,6,2229.23,2,181.34,swap,acceptBad
1431,6,2229.23,2,181.34,2opt,improve
1432,6,1523.5599999999997,2,181.34,move,improve
1433,6,1501.4799999999996,2,181.34,move,improve
1434,6,1501.4799999999996,2,181.34,2opt,improve
1435,7,1717.1699999999994,2,181.34,2opt,acceptBad
1436,7,1991.1600000000003,2,181.34,2opt,acceptBad
1437,7,1827.2099999999996,2,181.34,move,improve
1438,7,1707.72,2,181.34,move,improve
1439,7,1707.72,2,181.34,move,improve
1440,7,1445.4799999999998,2,181.34,move,improve
1441,7,1466.39,2,181.34,swap,acceptBad
1442,6,1009.8999999999996,2,181.34,move,improve
1443,6,1287.8899999999996,2,181.34,swap,acceptBad
1444,6,1298.6299999999997,2,181.34,2opt,acceptBad
1445,6,1493.1899999999998,2,181.34,swap,acceptBad
1446,6,1435.3899999999999,2,181.34,swap,improve
1447,6,1432.87,2,181.34,swap,improve
1448,6,1437.31,2,181.34,swap,acceptBad
1449,6,1251.77,2,181.34,move,improve
1450,6,1251.77,2,181.34,move,improve
1451,6,1253.1799999999998,2,181.34,swap,acceptBad
1452,6,932.8199999999999,2,181.34,2opt,improve
1453,6,988.9499999999999,2,181.34,swap,acceptBad
1454,6,986.2499999999999,2,181.34,move,improve
1455,6,895.2099999999996,2,181.34,move,improve
1456,6,793.4499999999996,2,181.34,swap,improve
1457,6,731.9299999999996,2,181.34,move,improve
1458,6,731.9299999999996,2,181.34,move,improve
1459,6,716.8699999999997,2,181.34,2opt,improve
1460,6,714.0699999999997,2,181.34,move,improve
1461,6,714.0699999999997,2,181.34,2opt,notBad
1462,6,714.0699999999997,2,181.34,move,improve
1463,6,713.4399999999997,2,181.34,swap,improve
1464,6,713.4399999999997,2,181.34,2opt,improve
1465,6,1305.4599999999998,2,181.34,2opt,acceptBad
1466,6,1584.78,2,181.34,swap,acceptBad
1467,6,1407.6,2,181.34,swap,improve
1468,6,1397.55,2,181.34,move,improve
1469,6,1460.2199999999998,2,181.34,swap,acceptBad
1470,6,1443.3899999999999,2,181.34,swap,improve
1471,6,1428.75,2,181.34,move,improve
1472,6,1423.32,2,181.34,swap,improve
1473,6,1423.32,2,181.34,2opt,improve
1474,6,1309.1699999999996,2,181.34,swap,improve
1475,6,1309.1699999999996,2,181.34,2opt,notBad
1476,6,1285.4999999999998,2,181.34,2opt,improve
1477,6,1300.1099999999997,2,181.34,2opt,acceptBad
1478,6,1300.1099999999997,2,181.34,move,improve
1479,6,1319.9099999999996,2,181.34,swap,acceptBad
1480,6,1319.3699999999997,2,181.34,swap,improve
1481,6,1289.5799999999997,2,181.34,move,improve
1482,6,1287.8799999999999,2,181.34,swap,improve
1483,6,1220.4099999999996,2,181.34,move,improve
1484,6,1224.9399999999996,2,181.34,swap,acceptBad
1485,6,1219.3599999999997,2,181.34,move,improve
1486,6,1199.4399999999998,2,181.34,2opt,improve
1487,6,1199.4399999999998,2,181.34,2opt,notBad
1488,6,1199.4399999999998,2,181.34,2opt,notBad
1489,6,1222.2999999999997,2,181.34,2opt,acceptBad
1490,6,1210.1199999999997,2,181.34,move,improve
1491,6,1613.6399999999999,2,181.34,swap,acceptBad
1492,6,1609.9199999999998,2,181.34,swap,improve
1493,7,2864.18,2,181.34,2opt,acceptBad
1494,7,2982.0499999999997,2,181.34,swap,acceptBad
1495,7,2935.3699999999994,2,181.34,move,improve
1496,7,2937.619999999999,2,181.34,swap,acceptBad
1497,7,3050.45,2,181.34,swap,acceptBad
1498,7,3050.45,2,181.34,2opt,improve
1499,7,3047.5699999999997,2,181.34,swap,improve
1500,7,3045.0799999999995,2,181.34,swap,improve
1501,7,2951.599999999999,2,181.34,move,improve
1502,7,2951.599999999999,2,181.34,move,improve
1503,7,2944.4299999999994,2,181.34,2opt,improve
1504,7,2758.49,2,181.34,move,improve
1505,7,2744.5999999999995,2,181.34,move,improve
1506,7,3171.6699999999996,2,181.34,2opt,acceptBad
1507,6,2508.0399999999995,2,181.34,2opt,improve
1508,6,2347.0099999999993,2,181.34,move,improve
1509,6,2347.0099999999993,2,181.34,2opt,improve
1510,6,2350.0699999999993,2,181.34,swap,acceptBad
1511,6,1963.8499999999992,2,181.34,move,improve
1512,6,1682.3799999999997,2,181.34,move,improve
1513,6,1749.1599999999994,2,181.34,move,acceptBad
1514,6,1749.1599999999994,2,181.34,2opt,notBad
1515,6,1827.4499999999998,2,181.34,2opt,acceptBad
1516,6,1581.0399999999995,2,181.34,move,improve
1517,6,1581.0399999999995,2,181.34,2opt,notBad
1518,6,1561.7799999999995,2,181.34,2opt,improve
1519,6,1561.7799999999995,2,181.34,move,improve
1520,6,1419.7899999999997,2,181.34,swap,improve
1521,6,1355.22,2,181.34,move,improve
1522,6,1557.4199999999996,2,181.34,2opt,acceptBad
1523,6,1557.4199999999996,2,181.34,2opt,improve
1524,6,1557.4199999999996,2,181.34,move,improve
1525,6,1542.7899999999995,2,181.34,2opt,improve
1526,6,1477.6899999999996,2,181.34,move,improve
1527,6,1539.2499999999993,2,181.34,swap,acceptBad
1528,6,1525.9599999999994,2,181.34,swap,improve
1529,6,1525.3899999999994,2,181.34,swap,improve
1530,6,1940.1699999999994,2,181.34,2opt,acceptBad
1531,6,1938.8199999999995,2,181.34,2opt,improve
1532,6,1937.5899999999995,2,181.34,swap,improve
1533,6,1937.3199999999995,2,181.34,swap,improve
1534,6,1936.9299999999994,2,181.34,2opt,improve
1535,6,1936.9299999999994,2,181.34,2opt,improve
1536,6,817.8599999999999,2,181.34,move,improve
1537,6,814.7999999999998,2,181.34,2opt,improve
1538,6,835.7099999999998,2,181.34,2opt,acceptBad
1539,6,833.9399999999998,2,181.34,2opt,improve
1540,6,807.1499999999999,2,181.34,swap,improve
1541,6,806.9099999999999,2,181.34,swap,improve
1542,6,797.7299999999999,2,181.34,2opt,improve
1543,6,797.1599999999999,2,181.34,move,improve
1544,6,822.9599999999998,2,181.34,2opt,acceptBad
1545,6,899.0099999999998,2,181.34,swap,acceptBad
1546,7,1839.6100000000001,2,181.34,2opt,acceptBad
1547,7,1839.6100000000001,2,181.34,move,improve
1548,7,1536.52,2,181.34,move,improve
1549,7,1536.4899999999998,2,181.34,swap,improve
1550,7,2527.7,2,181.34,swap,acceptBad
1551,7,2527.7,2,181.34,move,improve
1552,7,2527.5800000000004,2,181.34,2opt,improve
1553,7,3138.3799999999997,2,181.34,2opt,acceptBad
1554,7,3530.2099999999996,2,181.34,swap,acceptBad
1555,7,1806.5100000000002,2,181.34,move,improve
1556,7,1806.5100000000002,2,181.34,2opt,notBad
1557,7,1744.5899999999997,2,181.34,move,improve
1558,7,1711.54,2,181.34,swap,improve
1559,7,1710.04,2,181.34,move,improve
1560,7,1710.04,2,181.34,move,improve
1561,7,1710.04,2,181.34,move,improve
1562,7,1710.04,2,181.34,move,improve
1563,7,1710.04,2,181.34,move,improve
1564,6,1064.9299999999998,2,181.34,move,improve
1565,6,1064.9299999999998,2,181.34,2opt,improve
1566,6,1172.3600000000001,2,181.34,2opt,acceptBad
1567,6,677.93,2,181.34,move,improve
1568,6,955.8499999999999,2,181.34,2opt,acceptBad
1569,6,885.8499999999999,2,181.34,move,improve
1570,6,885.8499999999999,2,181.34,move,improve
1571,6,962.28,2,181.34,2opt,acceptBad
1572,6,962.28,2,181.34,2opt,improve
1573,6,962.28,2,181.34,move,improve
1574,6,1176.12,2,181.34,2opt,acceptBad
1575,6,1159.4099999999999,2,181.34,move,improve
1576,6,664.68,2,181.34,move,improve
1577,6,671.0999999999999,2,181.34,swap,acceptBad
1578,6,675.1199999999999,2,181.34,swap,acceptBad
1579,6,699.5999999999999,2,181.34,swap,acceptBad
1580,6,699.5999999999999,2,181.34,2opt,notBad
1581,6,674.43,2,181.34,move,improve
1582,6,674.43,2,181.34,2opt,improve
1583,6,676.68,2,181.34,swap,acceptBad
1584,6,675.15,2,181.34,move,improve
1585,6,675.15,2,181.34,move,improve
1586,6,692.6699999999998,2,181.34,swap,acceptBad
1587,6,702.78,2,181.34,2opt,acceptBad
1588,6,680.18,2,181.34,move,improve
1589,6,678.56,2,181.34,move,improve
1590,6,678.89,2,181.34,swap,acceptBad
1591,6,1589.2099999999998,2,181.34,swap,acceptBad
1592,6,1790.91,2,181.34,swap,acceptBad
1593,6,2097.99,2,181.34,swap,acceptBad
1594,6,2075.9700000000003,2,181.34,2opt,improve
1595,6,2058.48,2,181.34,swap,improve
1596,6,2097.15,2,181.34,swap,acceptBad
1597,6,2080.7099999999996,2,181.34,2opt,improve
1598,6,2081.9399999999996,2,181.34,swap,acceptBad
1599,6,1848.28,2,181.34,move,improve
1600,6,1832.3500000000001,2,181.34,2opt,improve
1601,6,1832.3500000000001,2,181.34,move,improve
1602,6,1832.3500000000001,2,181.34,move,improve
1603,6,1892.7699999999998,2,181.34,2opt,acceptBad
1604,6,1573.74,2,181.34,2opt,improve
1605,6,1524.5699999999997,2,181.34,move,improve
1606,6,1955.2099999999998,2,181.34,swap,acceptBad
1607,6,2043.2899999999995,2,181.34,2opt,acceptBad
1608,6,1707.7599999999998,2,181.34,move,improve
1609,6,1743.8499999999997,2,181.34,swap,acceptBad
1610,6,1620.0899999999995,2,181.34,move,improve
1611,6,1531.07,2,181.34,move,improve
1612,6,1531.07,2,181.34,2opt,notBad
1613,6,1384.3500000000001,2,181.34,2opt,improve
1614,6,2802.0200000000004,2,181.34,swap,acceptBad
1615,6,2802.0200000000004,2,181.34,2opt,notBad
1616,6,1407.5700000000002,2,181.34,move,improve
1617,6,1283.54,2,181.34,move,improve
1618,6,1284.5600000000002,2,181.34,swap,acceptBad
1619,6,1284.5600000000002,2,181.34,2opt,notBad
1620,6,1284.02,2,181.34,2opt,improve
1621,6,1284.02,2,181.34,swap,notBad
1622,6,1028.71,2,181.34,swap,improve
1623,6,1028.71,2,181.34,2opt,notBad
1624,6,1639.46,2,181.34,swap,acceptBad
1625,6,1639.9399999999998,2,181.34,2opt,acceptBad
1626,6,1637.4499999999998,2,181.34,swap,improve
1627,6,1624.4299999999998,2,181.34,move,improve
1628,6,1367.06,2,181.34,move,improve
1629,6,1829.7299999999998,2,181.34,move,acceptBad
1630,6,1828.02,2,181.34,swap,improve
1631,6,1826.1899999999998,2,181.34,move,improve
1632,6,1844.37,2,181.34,2opt,acceptBad
1633,6,1532.8600000000001,2,181.34,move,improve
1634,6,1389.7399999999998,2,181.34,move,improve
1635,6,1363.8499999999997,2,181.34,swap,improve
1636,6,1315.6399999999999,2,181.34,move,improve
1637,6,1311.83,2,181.34,move,improve
1638,6,1251.0,2,181.34,move,improve
1639,6,1251.0,2,181.34,2opt,notBad
1640,6,1245.03,2,181.34,swap,improve
1641,6,1243.1999999999998,2,181.34,2opt,improve
1642,6,1243.1999999999998,2,181.34,move,improve
1643,6,1215.19,2,181.34,2opt,improve
1644,6,1216.57,2,181.34,2opt,acceptBad
1645,6,1460.4699999999998,2,181.34,move,acceptBad
1646,6,1460.4699999999998,2,181.34,2opt,improve
1647,6,1460.4699999999998,2,181.34,move,improve
1648,6,1678.6799999999998,2,181.34,swap,acceptBad
1649,6,1460.4699999999998,2,181.34,move,improve
1650,6,1473.9399999999998,2,181.34,2opt,acceptBad
1651,6,1584.9099999999999,2,181.34,swap,acceptBad
1652,6,1495.4799999999996,2,181.34,move,improve
1653,6,1495.7499999999995,2,181.34,swap,acceptBad
1654,6,1355.7099999999998,2,181.34,swap,improve
1655,6,1355.7099999999998,2,181.34,move,improve
1656,6,1569.6099999999997,2,181.34,swap,acceptBad
1657,6,1569.6099999999997,2,181.34,2opt,notBad
1658,6,1569.6099999999997,2,181.34,2opt,improve
1659,6,1569.6099999999997,2,181.34,2opt,notBad
1660,6,1513.1799999999998,2,181.34,move,improve
1661,6,1516.0299999999997,2,181.34,swap,acceptBad
1662,6,1516.0299999999997,2,181.34,move,improve
1663,6,1413.87,2,181.34,swap,improve
1664,6,1413.7799999999997,2,181.34,move,improve
1665,6,1171.33,2,181.34,swap,improve
1666,6,1171.15,2,181.34,2opt,improve
1667,6,1171.15,2,181.34,2opt,notBad
1668,6,1170.91,2,181.34,move,improve
1669,6,897.3500000000001,2,181.34,move,improve
1670,6,740.61,2,181.34,move,improve
1671,6,740.8199999999999,2,181.34,swap,acceptBad
1672,6,723.02,2,181.34,move,improve
1673,6,699.0799999999999,2,181.34,2opt,improve
1674,6,711.74,2,181.34,swap,acceptBad
1675,6,711.74,2,181.34,2opt,notBad
1676,6,687.29,2,181.34,move,improve
1677,6,674.72,2,181.34,2opt,improve
1678,6,672.5,2,181.34,move,improve
1679,6,696.9499999999999,2,181.34,2opt,acceptBad
1680,6,670.1599999999999,2,181.34,move,improve
1681,6,670.1599999999999,2,181.34,2opt,improve
1682,6,670.1599999999999,2,181.34,2opt,notBad
1683,6,671.39,2,181.34,swap,acceptBad
1684,6,645.95,2,181.34,2opt,improve
1685,6,647.06,2,181.34,2opt,acceptBad
1686,6,647.06,2,181.34,move,improve
1687,6,646.7299999999999,2,181.34,move,improve
1688,6,646.7299999999999,2,181.34,move,improve
1689,6,651.3799999999999,2,181.34,2opt,acceptBad
1690,6,695.39,2,181.34,swap,acceptBad
1691,6,666.65,2,181.34,swap,improve
1692,6,677.0899999999999,2,181.34,swap,acceptBad
1693,6,672.7399999999999,2,181.34,swap,improve
1694,6,651.4999999999999,2,181.34,swap,improve
1695,6,651.4999999999999,2,181.34,2opt,notBad
1696,6,651.4999999999999,2,181.34,2opt,improve
1697,6,651.1099999999999,2,181.34,swap,improve
1698,6,651.4399999999998,2,181.34,swap,acceptBad
1699,6,649.04,2,181.34,swap,improve
1700,6,649.04,2,181.34,2opt,improve
1701,6,649.04,2,181.34,2opt,notBad
1702,6,705.8,2,181.34,swap,acceptBad
1703,6,679.0099999999999,2,181.34,move,improve
1704,6,678.9799999999999,2,181.34,move,improve
1705,6,700.8799999999999,2,181.34,2opt,acceptBad
1706,6,701.3599999999999,2,181.34,2opt,acceptBad
1707,6,2029.4099999999999,2,181.34,move,acceptBad
1708,6,2029.4099999999999,2,181.34,move,improve
1709,6,2054.25,2,181.34,swap,acceptBad
1710,6,2201.39,2,181.34,swap,acceptBad
1711,6,2185.7599999999998,2,181.34,move,improve
1712,6,1624.6799999999998,2,181.34,swap,improve
1713,5,464.0499999999999,2,181.34,move,improve
1714,5,466.45,2,181.34,2opt,acceptBad
1715,5,466.45,2,181.34,2opt,notBad
1716,5,466.50999999999993,2,181.34,2opt,acceptBad
1717,5,467.76999999999987,2,181.34,swap,acceptBad
1718,5,478.29999999999984,2,181.34,swap,acceptBad
1719,5,457.08999999999986,2,181.34,move,improve
1720,5,610.0299999999997,2,181.34,2opt,acceptBad
1721,5,763.72,2,181.34,swap,acceptBad
1722,5,761.95,2,181.34,move,improve
1723,5,767.32,2,181.34,2opt,acceptBad
1724,5,746.14,2,181.34,move,improve
1725,5,746.14,2,181.34,move,improve
1726,5,747.01,2,181.34,2opt,acceptBad
1727,5,767.8900000000001,2,181.34,2opt,acceptBad
1728,5,767.53,2,181.34,move,improve
1729,5,670.95,2,181.34,move,improve
1730,5,670.4100000000001,2,181.34,swap,improve
1731,5,670.95,2,181.34,swap,acceptBad
1732,5,670.95,2,181.34,move,improve
1733,5,667.1700000000001,2,181.34,swap,improve
1734,5,664.98,2,181.34,move,improve
1735,5,573.35,2,181.34,swap,improve
1736,5,609.4699999999999,2,181.34,swap,acceptBad
1737,5,609.2299999999999,2,181.34,swap,improve
1738,5,609.02,2,181.34,move,improve
1739,5,609.02,2,181.34,2opt,notBad
1740,5,595.6699999999998,2,181.34,move,improve
1741,5,615.6499999999999,2,181.34,swap,acceptBad
1742,5,615.6199999999999,2,181.34,move,improve
1743,5,609.1999999999999,2,181.34,swap,improve
1744,5,527.4799999999999,2,181.34,swap,improve
1745,5,517.01,2,181.34,move,improve
1746,5,490.88,2,181.34,move,improve
1747,5,534.8599999999999,2,181.34,2opt,acceptBad
1748,5,534.8599999999999,2,181.34,2opt,notBad
1749,5,531.02,2,181.34,swap,improve
1750,5,552.9199999999998,2,181.34,2opt,acceptBad
1751,5,546.7399999999999,2,181.34,2opt,improve
1752,5,561.1099999999999,2,181.34,swap,acceptBad
1753,5,679.79,2,181.34,swap,acceptBad
1754,5,758.8500000000001,2,181.34,swap,acceptBad
1755,5,758.8500000000001,2,181.34,move,improve
1756,5,757.6800000000001,2,181.34,swap,improve
1757,5,757.6800000000001,2,181.34,2opt,notBad
1758,5,715.5999999999999,2,181.34,move,improve
1759,5,715.5999999999999,2,181.34,2opt,notBad
1760,5,1330.6100000000001,2,181.34,swap,acceptBad
1761,5,1407.6000000000001,2,181.34,swap,acceptBad
1762,5,1444.41,2,181.34,swap,acceptBad
1763,5,1444.41,2,181.34,2opt,notBad
1764,5,1460.19,2,181.34,swap,acceptBad
1765,5,677.4999999999999,2,181.34,move,improve
1766,5,677.7099999999999,2,181.34,swap,acceptBad
1767,5,673.51,2,181.34,move,improve
1768,5,673.51,2,181.34,2opt,notBad
1769,6,1103.5299999999997,2,181.34,2opt,acceptBad
1770,6,1099.3599999999997,2,181.34,swap,improve
1771,6,1087.1799999999998,2,181.34,move,improve
1772,6,1069.1499999999999,2,181.34,move,improve
1773,6,1065.8199999999997,2,181.34,move,improve
1774,6,1063.4199999999998,2,181.34,swap,improve
1775,6,1244.75,2,181.34,swap,acceptBad
1776,6,1244.3899999999999,2,181.34,move,improve
1777,6,1243.28,2,181.34,move,improve
1778,6,1249.79,2,181.34,swap,acceptBad
1779,6,1249.79,2,181.34,move,improve
1780,6,1208.2399999999998,2,181.34,2opt,improve
1781,6,1026.6699999999998,2,181.34,move,improve
1782,6,1026.4899999999998,2,181.34,move,improve
1783,6,1149.8899999999999,2,181.34,swap,acceptBad
1784,6,1150.1,2,181.34,2opt,acceptBad
1785,6,1162.76,2,181.34,2opt,acceptBad
1786,6,944.4099999999996,2,181.34,move,improve
1787,6,946.3899999999996,2,181.34,swap,acceptBad
1788,6,946.3899999999996,2,181.34,swap,notBad
1789,6,946.3899999999996,2,181.34,2opt,improve
1790,6,589.53,2,181.34,move,improve
1791,6,586.8900000000001,2,181.34,swap,improve
1792,6,589.26,2,181.34,swap,acceptBad
1793,6,1301.21,2,181.34,swap,acceptBad
1794,6,590.07,2,181.34,move,improve
1795,6,609.9000000000001,2,181.34,2opt,acceptBad
1796,6,609.6300000000001,2,181.34,move,improve
1797,6,746.52,2,181.34,swap,acceptBad
1798,6,667.3399999999999,2,181.34,move,improve
1799,6,828.3000000000001,2,181.34,swap,acceptBad
1800,6,827.3400000000001,2,181.34,swap,improve
1801,6,824.0700000000002,2,181.34,move,improve
1802,6,820.59,2,181.34,swap,improve
1803,6,821.19,2,181.34,swap,acceptBad
1804,6,841.8600000000001,2,181.34,swap,acceptBad
1805,6,1183.74,2,181.34,swap,acceptBad
1806,6,1183.74,2,181.34,swap,notBad
1807,6,1198.4699999999998,2,181.34,swap,acceptBad
1808,6,1198.4699999999998,2,181.34,2opt,notBad
1809,6,1177.83,2,181.34,move,improve
1810,6,1216.2299999999998,2,181.34,2opt,acceptBad
1811,6,1238.1,2,181.34,swap,acceptBad
1812,6,1271.5299999999997,2,181.34,swap,acceptBad
1813,6,1283.9499999999998,2,181.34,swap,acceptBad
1814,6,1200.61,2,181.34,swap,improve
1815,6,1200.8799999999999,2,181.34,swap,acceptBad
1816,6,1181.5599999999997,2,181.34,2opt,improve
1817,6,1183.4199999999998,2,181.34,swap,acceptBad
1818,6,1183.4199999999998,2,181.34,move,improve
1819,6,973.2199999999998,2,181.34,move,improve
1820,6,793.6699999999996,2,181.34,move,improve
1821,6,793.6699999999996,2,181.34,2opt,notBad
1822,6,960.3499999999998,2,181.34,swap,acceptBad
1823,6,953.8099999999997,2,181.34,swap,improve
1824,6,956.8699999999997,2,181.34,swap,acceptBad
1825,6,954.9499999999997,2,181.34,2opt,improve
1826,6,2076.5899999999997,2,181.34,move,acceptBad
1827,6,2760.0699999999997,2,181.34,swap,acceptBad
1828,6,2442.52,2,181.34,move,improve
1829,6,2409.92,2,181.34,swap,improve
1830,6,2421.77,2,181.34,swap,acceptBad
1831,6,2421.05,2,181.34,2opt,improve
1832,6,1364.87,2,181.34,move,improve
1833,6,1537.9,2,181.34,swap,acceptBad
1834,6,1534.2099999999998,2,181.34,2opt,improve
1835,6,1554.94,2,181.34,2opt,acceptBad
1836,6,1550.1100000000001,2,181.34,swap,improve
1837,6,1375.2599999999998,2,181.34,move,improve
1838,6,1375.2599999999998,2,181.34,move,improve
1839,6,1375.2599999999998,2,181.34,2opt,notBad
1840,6,1234.28,2,181.34,move,improve
1841,6,1234.28,2,181.34,2opt,improve
1842,6,1234.0099999999998,2,181.34,2opt,improve
1843,6,1234.0099999999998,2,181.34,2opt,notBad
1844,6,1234.0099999999998,2,181.34,2opt,notBad
1845,6,1217.79,2,181.34,move,improve
1846,6,1164.0099999999998,2,181.34,move,improve
1847,6,1164.0099999999998,2,181.34,2opt,notBad
1848,6,1412.6399999999999,2,181.34,swap,acceptBad
1849,6,1489.0800000000002,2,181.34,2opt,acceptBad
1850,5,430.7,2,181.34,2opt,improve
1851,5,430.01,2,181.34,move,improve
1852,5,428.47999999999996,2,181.34,move,improve
1853,5,429.59000000000003,2,181.34,swap,acceptBad
1854,5,429.02,2,181.34,move,improve
1855,5,416.7799999999999,2,181.34,move,improve
1856,5,438.85999999999996,2,181.34,swap,acceptBad
1857,5,471.9799999999999,2,181.34,swap,acceptBad
1858,5,453.38,2,181.34,move,improve
1859,5,448.06999999999994,2,181.34,2opt,improve
1860,5,448.06999999999994,2,181.34,2opt,improve
1861,5,472.66999999999996,2,181.34,swap,acceptBad
1862,5,472.66999999999996,2,181.34,2opt,improve
1863,5,525.03,2,181.34,swap,acceptBad
1864,5,573.3299999999999,2,181.34,swap,acceptBad
1865,5,573.3299999999999,2,181.34,2opt,notBad
1866,5,573.3299999999999,2,181.34,2opt,notBad
1867,5,574.56,2,181.34,swap,acceptBad
1868,5,573.3299999999999,2,181.34,2opt,improve
1869,5,555.03,2,181.34,move,improve
1870,5,531.72,2,181.34,move,improve
1871,5,507.56999999999994,2,181.34,move,improve
1872,5,453.15,2,181.34,move,improve
1873,5,454.31999999999994,2,181.34,swap,acceptBad
1874,5,455.5499999999999,2,181.34,swap,acceptBad
1875,5,455.5499999999999,2,181.34,2opt,notBad
1876,5,436.13999999999993,2,181.34,move,improve
1877,5,433.67999999999995,2,181.34,move,improve
1878,5,433.67999999999995,2,181.34,move,improve
1879,5,433.67999999999995,2,181.34,2opt,improve
1880,5,433.67999999999995,2,181.34,move,improve
1881,5,433.53,2,181.34,move,improve
1882,5,433.59000000000003,2,181.34,2opt,acceptBad
1883,5,415.4100000000001,2,181.34,move,improve
1884,5,440.79,2,181.34,swap,acceptBad
1885,5,420.16999999999996,2,181.34,move,improve
1886,5,419.94000000000005,2,181.34,move,improve
1887,5,419.94000000000005,2,181.34,move,improve
1888,5,426.90000000000003,2,181.34,2opt,acceptBad
1889,5,426.90000000000003,2,181.34,move,improve
1890,5,427.53000000000003,2,181.34,swap,acceptBad
1891,5,427.56000000000006,2,181.34,2opt,acceptBad
1892,5,447.78000000000003,2,181.34,2opt,acceptBad
1893,5,447.78000000000003,2,181.34,move,improve
1894,5,447.78000000000003,2,181.34,2opt,notBad
1895,5,447.92999999999995,2,181.34,2opt,acceptBad
1896,5,451.4700000000001,2,181.34,2opt,acceptBad
1897,5,500.82,2,181.34,swap,acceptBad
1898,5,500.64000000000004,2,181.34,move,improve
1899,5,500.6099999999999,2,181.34,2opt,improve
1900,5,586.1099999999997,2,181.34,swap,acceptBad
1901,5,590.1599999999996,2,181.34,2opt,acceptBad
1902,5,589.6199999999997,2,181.34,move,improve
1903,5,588.1799999999996,2,181.34,swap,improve
1904,5,567.2699999999996,2,181.34,swap,improve
1905,5,567.2699999999996,2,181.34,2opt,notBad
1906,5,550.6499999999996,2,181.34,move,improve
1907,5,548.9099999999996,2,181.34,swap,improve
1908,5,548.2199999999997,2,181.34,swap,improve
1909,5,527.6999999999997,2,181.34,swap,improve
1910,5,520.3199999999997,2,181.34,swap,improve
1911,5,519.6899999999997,2,181.34,move,improve
1912,5,519.6599999999997,2,181.34,swap,improve
1913,5,549.4799999999998,2,181.34,swap,acceptBad
1914,5,549.4799999999998,2,181.34,2opt,notBad
1915,5,547.2599999999996,2,181.34,2opt,improve
1916,5,566.4299999999996,2,181.34,2opt,acceptBad
1917,5,566.3399999999998,2,181.34,2opt,improve
1918,5,566.4299999999998,2,181.34,swap,acceptBad
1919,5,566.4299999999998,2,181.34,2opt,notBad
1920,5,567.8699999999997,2,181.34,2opt,acceptBad
1921,5,568.3499999999997,2,181.34,swap,acceptBad
1922,5,588.5699999999997,2,181.34,swap,acceptBad
1923,5,563.9399999999997,2,181.34,2opt,improve
1924,5,563.6699999999997,2,181.34,swap,improve
1925,5,563.6699999999997,2,181.34,2opt,improve
1926,5,563.6699999999997,2,181.34,2opt,notBad
1927,5,562.6799999999996,2,181.34,2opt,improve
1928,5,540.6899999999997,2,181.34,move,improve
1929,5,544.8399999999997,2,181.34,2opt,acceptBad
1930,5,544.8399999999997,2,181.34,move,improve
1931,5,548.3499999999997,2,181.34,swap,acceptBad
1932,5,549.4599999999997,2,181.34,2opt,acceptBad
1933,5,580.8599999999997,2,181.34,2opt,acceptBad
1934,5,578.4299999999997,2,181.34,2opt,improve
1935,5,578.4299999999997,2,181.34,2opt,improve
1936,5,494.83000000000004,2,181.34,move,improve
1937,5,498.78999999999996,2,181.34,swap,acceptBad
1938,5,1747.83,2,181.34,move,acceptBad
1939,5,1747.83,2,181.34,move,improve
1940,5,1747.83,2,181.34,2opt,notBad
1941,5,1747.83,2,181.34,move,improve
1942,5,1747.83,2,181.34,2opt,notBad
1943,5,1737.03,2,181.34,swap,improve
1944,5,1864.51,2,181.34,swap,acceptBad
1945,5,1779.57,2,181.34,move,improve
1946,5,1539.26,2,181.34,move,improve
1947,5,1509.65,2,181.34,move,improve
1948,5,1484.5699999999997,2,181.34,2opt,improve
1949,5,1508.82,2,181.34,swap,acceptBad
1950,5,1358.1499999999999,2,181.34,move,improve
1951,5,1352.3999999999999,2,181.34,move,improve
1952,5,954.9499999999999,2,181.34,move,improve
1953,5,1042.9,2,181.34,swap,acceptBad
1954,5,1041.76,2,181.34,2opt,improve
1955,5,1322.75,2,181.34,swap,acceptBad
1956,5,1324.0699999999997,2,181.34,swap,acceptBad
1957,5,1298.67,2,181.34,move,improve
1958,5,1283.49,2,181.34,2opt,improve
1959,5,1243.2199999999996,2,181.34,move,improve
1960,5,1243.2199999999996,2,181.34,2opt,notBad
1961,5,1243.2199999999996,2,181.34,2opt,notBad
1962,5,1014.74,2,181.34,move,improve
1963,5,1015.01,2,181.34,swap,acceptBad
1964,5,953.0899999999999,2,181.34,move,improve
1965,5,963.0699999999999,2,181.34,swap,acceptBad
1966,5,932.2600000000002,2,181.34,move,improve
1967,5,623.9100000000002,2,181.34,move,improve
1968,5,635.5200000000001,2,181.34,swap,acceptBad
1969,5,635.5200000000001,2,181.34,2opt,improve
1970,5,633.2400000000001,2,181.34,swap,improve
1971,5,617.4900000000001,2,181.34,swap,improve
1972,5,763.27,2,181.34,swap,acceptBad
1973,5,763.27,2,181.34,2opt,notBad
1974,5,909.9499999999998,2,181.34,swap,acceptBad
1975,5,888.3499999999999,2,181.34,swap,improve
1976,5,873.7700000000001,2,181.34,swap,improve
1977,5,869.48,2,181.34,2opt,improve
1978,5,1066.08,2,181.34,swap,acceptBad
1979,5,962.8200000000002,2,181.34,swap,improve
1980,5,962.8200000000002,2,181.34,move,improve
1981,5,818.3400000000001,2,181.34,move,improve
1982,5,812.2800000000002,2,181.34,2opt,improve
1983,5,757.1999999999999,2,181.34,move,improve
1984,5,757.1999999999999,2,181.34,move,improve
1985,5,757.1999999999999,2,181.34,move,improve
1986,5,762.8699999999999,2,181.34,move,acceptBad
1987,5,762.8699999999999,2,181.34,2opt,notBad
1988,5,757.4099999999999,2,181.34,swap,improve
1989,5,748.3199999999999,2,181.34,2opt,improve
1990,5,748.3199999999999,2,181.34,2opt,notBad
1991,5,751.4699999999999,2,181.34,2opt,acceptBad
1992,5,776.0999999999999,2,181.34,2opt,acceptBad
1993,5,776.0999999999999,2,181.34,2opt,notBad
1994,5,776.0999999999999,2,181.34,2opt,notBad
1995,5,746.8499999999999,2,181.34,swap,improve
1996,5,746.8499999999999,2,181.34,move,improve
1997,5,746.8499999999999,2,181.34,move,improve
1998,5,746.8499999999999,2,181.34,2opt,notBad
1999,5,751.9799999999998,2,181.34,swap,acceptBad
2000,5,552.9699999999999,2,181.34,move,improve
2001,5,551.56,2,181.34,swap,improve
2002,5,536.2199999999999,2,181.34,swap,improve
2003,5,509.2199999999999,2,181.34,move,improve
2004,5,509.2199999999999,2,181.34,2opt,notBad
2005,5,495.38999999999993,2,181.34,swap,improve
2006,5,495.38999999999993,2,181.34,2opt,notBad
2007,5,495.38999999999993,2,181.34,move,improve
2008,5,494.4,2,181.34,move,improve
2009,5,495.09,2,181.34,2opt,acceptBad
2010,5,490.04999999999995,2,181.34,swap,improve
2011,5,495.12,2,181.34,swap,acceptBad
2012,5,500.5199999999999,2,181.34,2opt,acceptBad
2013,5,500.5199999999999,2,181.34,2opt,improve
2014,5,502.25999999999993,2,181.34,swap,acceptBad
2015,5,448.8,2,181.34,move,improve
2016,5,442.94999999999993,2,181.34,move,improve
2017,5,443.5199999999999,2,181.34,swap,acceptBad
2018,5,443.5199999999999,2,181.34,move,notBad
2019,5,443.12999999999994,2,181.34,move,improve
2020,5,473.1899999999999,2,181.34,2opt,acceptBad
2021,5,473.1899999999999,2,181.34,2opt,improve
2022,5,498.2099999999999,2,181.34,2opt,acceptBad
2023,5,878.8799999999999,2,181.34,swap,acceptBad
2024,5,878.8799999999999,2,181.34,move,improve
2025,5,878.8799999999999,2,181.34,2opt,improve
2026,5,868.0799999999999,2,181.34,swap,improve
2027,5,891.9599999999998,2,181.34,swap,acceptBad
2028,5,885.54,2,181.34,swap,improve
2029,5,883.38,2,181.34,2opt,improve
2030,5,807.31,2,181.34,swap,improve
2031,5,793.6599999999999,2,181.34,swap,improve
2032,5,776.7099999999998,2,181.34,move,improve
2033,5,764.9799999999998,2,181.34,move,improve
2034,5,746.1999999999998,2,181.34,move,improve
2035,5,477.4599999999999,2,181.34,swap,improve
2036,5,481.9,2,181.34,2opt,acceptBad
2037,5,481.9,2,181.34,2opt,notBad
2038,5,464.67999999999995,2,181.34,move,improve
2039,5,443.7099999999999,2,181.34,swap,improve
2040,5,489.55000000000007,2,181.34,swap,acceptBad
2041,5,489.55000000000007,2,181.34,move,improve
2042,5,489.70000000000005,2,181.34,swap,acceptBad
2043,5,489.70000000000005,2,181.34,move,improve
2044,5,490.24,2,181.34,swap,acceptBad
2045,5,502.84000000000003,2,181.34,swap,acceptBad
2046,5,532.42,2,181.34,swap,acceptBad
2047,5,507.62999999999994,2,181.34,swap,improve
2048,5,507.62999999999994,2,181.34,swap,notBad
2049,5,480.6899999999999,2,181.34,2opt,improve
2050,5,479.1599999999999,2,181.34,swap,improve
2051,5,479.72999999999996,2,181.34,2opt,acceptBad
2052,5,463.11,2,181.34,move,improve
2053,5,420.30000000000007,2,181.34,move,improve
2054,5,420.30000000000007,2,181.34,move,improve
2055,5,418.47,2,181.34,move,improve
2056,5,418.62000000000006,2,181.34,2opt,acceptBad
2057,5,418.11,2,181.34,2opt,improve
2058,5,419.01000000000005,2,181.34,swap,acceptBad
2059,5,419.01000000000005,2,181.34,2opt,improve
2060,5,419.01000000000005,2,181.34,2opt,notBad
2061,5,419.01000000000005,2,181.34,move,improve
2062,5,419.01000000000005,2,181.34,2opt,improve
2063,5,419.01000000000005,2,181.34,2opt,notBad
2064,5,408.18,2,181.34,move,improve
2065,5,370.53000000000003,2,181.34,move,improve
2066,5,371.01000000000005,2,181.34,swap,acceptBad
2067,5,621.98,2,181.34,swap,acceptBad
2068,5,621.98,2,181.34,2opt,notBad
2069,5,619.73,2,181.34,move,improve
2070,5,619.73,2,181.34,move,improve
2071,5,619.73,2,181.34,move,improve
2072,5,641.72,2,181.34,swap,acceptBad
2073,5,641.72,2,181.34,2opt,notBad
2074,5,641.72,2,181.34,swap,notBad
2075,5,711.3599999999998,2,181.34,swap,acceptBad
2076,5,650.0799999999999,2,181.34,swap,improve
2077,5,649.8699999999999,2,181.34,2opt,improve
2078,5,738.3799999999999,2,181.34,2opt,acceptBad
2079,5,726.05,2,181.34,move,improve
2080,5,726.05,2,181.34,move,improve
2081,5,726.05,2,181.34,2opt,notBad
2082,5,726.05,2,181.34,2opt,improve
2083,5,723.5299999999999,2,181.34,swap,improve
2084,5,707.1799999999998,2,181.34,swap,improve
2085,5,707.1799999999998,2,181.34,2opt,notBad
2086,5,707.1799999999998,2,181.34,2opt,notBad
2087,5,707.1799999999998,2,181.34,2opt,improve
2088,5,660.3199999999999,2,181.34,swap,improve
2089,5,660.3199999999999,2,181.34,move,improve
2090,5,659.1200000000001,2,181.34,swap,improve
2091,5,680.39,2,181.34,2opt,acceptBad
2092,5,664.19,2,181.34,move,improve
2093,5,664.19,2,181.34,move,improve
2094,5,679.73,2,181.34,swap,acceptBad
2095,5,673.1600000000001,2,181.34,swap,improve
2096,5,677.9300000000001,2,181.34,swap,acceptBad
2097,5,676.19,2,181.34,swap,improve
2098,5,681.02,2,181.34,swap,acceptBad
2099,5,680.4200000000001,2,181.34,move,improve
2100,5,681.3200000000002,2,181.34,swap,acceptBad
2101,5,681.3200000000002,2,181.34,move,improve
2102,5,699.77,2,181.34,swap,acceptBad
2103,5,678.71,2,181.34,swap,improve
2104,5,661.64,2,181.34,move,improve
2105,5,660.53,2,181.34,2opt,improve
2106,5,660.9200000000001,2,181.34,swap,acceptBad
2107,5,641.36,2,181.34,move,improve
2108,5,643.0400000000001,2,181.34,swap,acceptBad
2109,5,653.78,2,181.34,2opt,acceptBad
2110,5,653.78,2,181.34,2opt,notBad
2111,5,655.55,2,181.34,swap,acceptBad
2112,5,666.71,2,181.34,2opt,acceptBad
2113,5,659.75,2,181.34,2opt,improve
2114,5,659.75,2,181.34,2opt,improve
2115,5,641.87,2,181.34,swap,improve
2116,5,641.87,2,181.34,2opt,improve
2117,5,641.87,2,181.34,move,improve
2118,5,641.84,2,181.34,move,improve
2119,5,667.34,2,181.34,2opt,acceptBad
2120,5,669.0500000000001,2,181.34,swap,acceptBad
2121,5,691.3700000000001,2,181.34,swap,acceptBad
2122,5,687.8,2,181.34,move,improve
2123,5,564.7099999999999,2,181.34,swap,improve
2124,5,535.6299999999999,2,181.34,swap,improve
2125,5,561.1899999999999,2,181.34,2opt,acceptBad
2126,5,561.1899999999999,2,181.34,2opt,notBad
2127,5,622.81,2,181.34,swap,acceptBad
2128,5,643.6299999999999,2,181.34,swap,acceptBad
2129,5,634.9599999999999,2,181.34,move,improve
2130,5,634.9599999999999,2,181.34,2opt,notBad
2131,5,931.8,2,181.34,swap,acceptBad
2132,5,910.0799999999999,2,181.34,2opt,improve
2133,5,919.6200000000001,2,181.34,swap,acceptBad
2134,5,916.5899999999999,2,181.34,move,improve
2135,5,916.86,2,181.34,2opt,acceptBad
2136,5,926.88,2,181.34,swap,acceptBad
2137,5,926.88,2,181.34,2opt,notBad
2138,5,930.81,2,181.34,swap,acceptBad
2139,5,910.3199999999999,2,181.34,2opt,improve
2140,5,910.3199999999999,2,181.34,move,improve
2141,5,867.54,2,181.34,move,improve
2142,5,866.5500000000001,2,181.34,swap,improve
2143,5,895.6200000000001,2,181.34,swap,acceptBad
2144,5,895.6200000000001,2,181.34,move,improve
2145,5,878.22,2,181.34,2opt,improve
2146,5,876.33,2,181.34,2opt,improve
2147,5,873.0600000000002,2,181.34,move,improve
2148,5,873.0600000000002,2,181.34,2opt,notBad
2149,5,873.0600000000002,2,181.34,move,improve
2150,5,872.46,2,181.34,2opt,improve
2151,5,871.4100000000001,2,181.34,2opt,improve
2152,5,871.4100000000001,2,181.34,move,improve
2153,5,915.06,2,181.34,swap,acceptBad
2154,5,701.2499999999998,2,181.34,swap,improve
2155,5,703.2899999999998,2,181.34,2opt,acceptBad
2156,5,703.2899999999998,2,181.34,2opt,improve
2157,5,695.0699999999999,2,181.34,2opt,improve
2158,5,671.06,2,181.34,move,improve
2159,5,648.53,2,181.34,move,improve
2160,5,643.2199999999999,2,181.34,swap,improve
2161,5,580.76,2,181.34,move,improve
2162,5,580.7,2,181.34,2opt,improve
2163,5,580.7,2,181.34,move,improve
2164,5,603.2,2,181.34,swap,acceptBad
2165,5,603.2,2,181.34,2opt,notBad
2166,5,607.4300000000001,2,181.34,swap,acceptBad
2167,5,607.4300000000001,2,181.34,move,improve
2168,5,588.26,2,181.34,move,improve
2169,5,592.5799999999999,2,181.34,2opt,acceptBad
2170,5,635.3999999999999,2,181.34,2opt,acceptBad
2171,5,597.3899999999999,2,181.34,move,improve
2172,5,595.9799999999999,2,181.34,swap,improve
2173,5,595.9799999999999,2,181.34,2opt,notBad
2174,5,595.9799999999999,2,181.34,2opt,notBad
2175,5,613.97,2,181.34,swap,acceptBad
2176,5,612.8599999999999,2,181.34,swap,improve
2177,5,610.04,2,181.34,move,improve
2178,5,646.5,2,181.34,swap,acceptBad
2179,5,664.7399999999999,2,181.34,swap,acceptBad
2180,5,621.8399999999999,2,181.34,move,improve
2181,5,623.16,2,181.34,2opt,acceptBad
2182,5,624.03,2,181.34,swap,acceptBad
2183,5,432.96999999999997,2,181.34,move,improve
2184,5,432.96999999999997,2,181.34,move,improve
2185,5,432.96999999999997,2,181.34,move,improve
2186,5,410.71000000000004,2,181.34,swap,improve
2187,5,410.71000000000004,2,181.34,2opt,notBad
2188,5,410.71000000000004,2,181.34,2opt,notBad
2189,5,576.0300000000001,2,181.34,swap,acceptBad
2190,5,576.3000000000002,2,181.34,swap,acceptBad
2191,5,593.4300000000001,2,181.34,swap,acceptBad
2192,5,581.7300000000001,2,181.34,move,improve
2193,5,584.2500000000001,2,181.34,swap,acceptBad
2194,5,658.9800000000001,2,181.34,swap,acceptBad
2195,5,658.2600000000002,2,181.34,2opt,improve
2196,5,644.1300000000001,2,181.34,2opt,improve
2197,5,644.1300000000001,2,181.34,2opt,notBad
2198,5,606.0,2,181.34,move,improve
2199,5,606.0,2,181.34,2opt,notBad
2200,4,537.5199999999998,2,181.34,2opt,improve
2201,4,536.3499999999998,2,181.34,2opt,improve
2202,4,517.4499999999998,2,181.34,swap,improve
2203,4,517.4499999999998,2,181.34,2opt,notBad
2204,4,517.7499999999998,2,181.34,2opt,acceptBad
2205,4,517.7499999999998,2,181.34,2opt,notBad
2206,4,412.97,2,181.34,move,improve
2207,4,412.97,2,181.34,2opt,notBad
2208,4,378.80000000000007,2,181.34,move,improve
2209,4,375.8900000000001,2,181.34,move,improve
2210,4,375.8900000000001,2,181.34,2opt,notBad
2211,4,371.7500000000001,2,181.34,swap,improve
2212,4,371.7500000000001,2,181.34,swap,notBad
2213,4,393.8800000000001,2,181.34,swap,acceptBad
2214,4,443.94,2,181.34,swap,acceptBad
2215,4,443.94,2,181.34,move,improve
2216,5,384.73999999999995,2,181.34,2opt,improve
2217,5,365.0899999999999,2,181.34,move,improve
2218,5,377.74999999999994,2,181.34,2opt,acceptBad
2219,5,403.18999999999994,2,181.34,2opt,acceptBad
2220,5,403.12999999999994,2,181.34,2opt,improve
2221,5,403.12999999999994,2,181.34,2opt,notBad
2222,5,403.8499999999999,2,181.34,swap,acceptBad
2223,5,403.69999999999993,2,181.34,move,improve
2224,5,402.53,2,181.34,2opt,improve
2225,5,402.53,2,181.34,2opt,notBad
2226,5,402.53,2,181.34,2opt,notBad
2227,5,405.1099999999999,2,181.34,swap,acceptBad
2228,5,405.2899999999999,2,181.34,swap,acceptBad
2229,5,405.06,2,181.34,move,improve
2230,5,405.06,2,181.34,2opt,notBad
2231,5,405.06,2,181.34,swap,notBad
2232,5,405.51000000000005,2,181.34,swap,acceptBad
2233,5,497.58,2,181.34,swap,acceptBad
2234,5,498.33,2,181.34,swap,acceptBad
2235,5,498.33,2,181.34,move,improve
2236,5,498.33,2,181.34,2opt,notBad
2237,5,498.33,2,181.34,swap,notBad
2238,5,543.3000000000001,2,181.34,swap,acceptBad
2239,5,543.3000000000001,2,181.34,2opt,notBad
2240,5,541.2900000000001,2,181.34,move,improve
2241,5,541.2900000000001,2,181.34,2opt,improve
2242,5,541.2900000000001,2,181.34,move,improve
2243,5,541.2900000000001,2,181.34,2opt,notBad
2244,5,517.14,2,181.34,move,improve
2245,5,517.14,2,181.34,2opt,improve
2246,5,517.14,2,181.34,2opt,improve
2247,5,514.02,2,181.34,2opt,improve
2248,5,511.08000000000004,2,181.34,move,improve
2249,5,511.08000000000004,2,181.34,move,improve
2250,5,510.89,2,181.34,swap,improve
2251,5,510.89,2,181.34,swap,notBad
2252,5,514.61,2,181.34,2opt,acceptBad
2253,5,542.03,2,181.34,swap,acceptBad
2254,5,523.46,2,181.34,move,improve
2255,5,528.65,2,181.34,swap,acceptBad
2256,5,528.7999999999998,2,181.34,2opt,acceptBad
2257,5,528.7999999999998,2,181.34,2opt,notBad
2258,5,529.2199999999999,2,181.34,swap,acceptBad
2259,5,527.9899999999999,2,181.34,2opt,improve
2260,5,516.74,2,181.34,move,improve
2261,5,516.68,2,181.34,move,improve
2262,5,516.68,2,181.34,2opt,notBad
2263,5,535.8499999999999,2,181.34,swap,acceptBad
2264,5,517.9099999999999,2,181.34,2opt,improve
2265,5,522.0799999999999,2,181.34,2opt,acceptBad
2266,5,522.0799999999999,2,181.34,move,improve
2267,5,522.0799999999999,2,181.34,2opt,improve
2268,5,518.5399999999998,2,181.34,move,improve
2269,5,518.5399999999998,2,181.34,2opt,notBad
2270,5,518.5399999999998,2,181.34,swap,notBad
2271,5,518.5399999999998,2,181.34,2opt,improve
2272,4,308.56000000000006,2,181.34,move,improve
2273,4,309.4000000000001,2,181.34,swap,acceptBad
2274,4,309.4000000000001,2,181.34,2opt,improve
2275,4,376.38999999999993,2,181.34,swap,acceptBad
2276,4,399.43,2,181.34,2opt,acceptBad
2277,4,396.46000000000004,2,181.34,move,improve
2278,4,406.0,2,181.34,swap,acceptBad
2279,4,418.44,2,181.34,swap,acceptBad
2280,4,406.26,2,181.34,move,improve
2281,4,406.26,2,181.34,2opt,improve
2282,4,400.65,2,181.34,swap,improve
2283,4,401.21999999999997,2,181.34,2opt,acceptBad
2284,4,340.4400000000001,2,181.34,move,improve
2285,4,337.23000000000013,2,181.34,move,improve
2286,4,325.8900000000001,2,181.34,move,improve
2287,4,321.1500000000001,2,181.34,swap,improve
2288,4,335.49000000000007,2,181.34,swap,acceptBad
2289,4,332.9700000000001,2,181.34,2opt,improve
2290,4,345.08,2,181.34,swap,acceptBad
2291,4,347.9,2,181.34,swap,acceptBad
2292,4,347.9,2,181.34,2opt,notBad
2293,4,347.9,2,181.34,move,improve
2294,4,305.43000000000006,2,181.34,swap,improve
2295,4,305.43000000000006,2,181.34,2opt,notBad
2296,4,305.43000000000006,2,181.34,2opt,notBad
2297,4,289.9500000000001,2,181.34,swap,improve
2298,4,288.12000000000006,2,181.34,move,improve
2299,4,288.12000000000006,2,181.34,move,improve
2300,4,288.12000000000006,2,181.34,2opt,improve
2301,4,285.06000000000006,2,181.34,move,improve
2302,4,262.3500000000001,2,181.34,move,improve
2303,4,262.3500000000001,2,181.34,2opt,improve
2304,4,260.73000000000013,2,181.34,move,improve
2305,4,260.73000000000013,2,181.34,swap,notBad
2306,4,260.73000000000013,2,181.34,move,improve
2307,4,261.6900000000001,2,181.34,2opt,acceptBad
2308,4,261.6900000000001,2,181.34,2opt,notBad
2309,4,261.6900000000001,2,181.34,2opt,notBad
2310,4,258.0600000000001,2,181.34,move,improve
2311,4,275.9700000000001,2,181.34,swap,acceptBad
2312,4,279.5400000000001,2,181.34,swap,acceptBad
2313,4,279.5400000000001,2,181.34,move,improve
2314,4,304.56000000000006,2,181.34,2opt,acceptBad
2315,4,313.35,2,181.34,2opt,acceptBad
2316,4,309.6000000000001,2,181.34,move,improve
2317,4,345.66,2,181.34,swap,acceptBad
2318,4,309.6000000000001,2,181.34,move,improve
2319,4,309.6000000000001,2,181.34,2opt,notBad
2320,4,309.6000000000001,2,181.34,move,improve
2321,4,309.6000000000001,2,181.34,move,improve
2322,4,317.76000000000005,2,181.34,swap,acceptBad
2323,4,307.53000000000003,2,181.34,move,improve
2324,4,318.4200000000001,2,181.34,swap,acceptBad
2325,4,318.4200000000001,2,181.34,move,improve
2326,4,318.4200000000001,2,181.34,2opt,improve
2327,4,327.21000000000004,2,181.34,swap,acceptBad
2328,4,303.3900000000001,2,181.34,swap,improve
2329,4,318.42000000000013,2,181.34,swap,acceptBad
2330,4,318.42000000000013,2,181.34,move,improve
2331,4,328.97999999999996,2,181.34,2opt,acceptBad
2332,4,332.01,2,181.34,swap,acceptBad
2333,4,333.0000000000001,2,181.34,2opt,acceptBad
2334,4,383.91000000000014,2,181.34,swap,acceptBad
2335,4,357.21000000000004,2,181.34,2opt,improve
2336,4,356.19000000000005,2,181.34,2opt,improve
2337,4,345.30000000000007,2,181.34,move,improve
2338,4,356.43,2,181.34,swap,acceptBad
2339,4,356.43,2,181.34,2opt,notBad
2340,4,363.81000000000006,2,181.34,swap,acceptBad
2341,4,363.81000000000006,2,181.34,2opt,notBad
2342,4,345.6300000000001,2,181.34,move,improve
2343,4,365.85,2,181.34,swap,acceptBad
2344,4,366.7200000000001,2,181.34,swap,acceptBad
2345,4,366.7200000000001,2,181.34,move,improve
2346,4,367.68000000000006,2,181.34,swap,acceptBad
2347,4,411.5,2,181.34,2opt,acceptBad
2348,4,419.06,2,181.34,swap,acceptBad
2349,4,418.88,2,181.34,move,improve
2350,4,418.88,2,181.34,swap,notBad
2351,4,388.0200000000001,2,181.34,move,improve
2352,4,383.13000000000005,2,181.34,move,improve
2353,4,383.13000000000005,2,181.34,2opt,improve
2354,4,400.50000000000006,2,181.34,swap,acceptBad
2355,4,400.50000000000006,2,181.34,move,improve
2356,4,364.3200000000001,2,181.34,2opt,improve
2357,4,388.32,2,181.34,swap,acceptBad
2358,4,361.78999999999996,2,181.34,swap,improve
2359,4,361.78999999999996,2,181.34,2opt,notBad
2360,4,361.78999999999996,2,181.34,move,improve
2361,4,361.78999999999996,2,181.34,2opt,notBad
2362,4,361.78999999999996,2,181.34,move,improve
2363,4,361.78999999999996,2,181.34,2opt,improve
2364,4,364.66999999999996,2,181.34,2opt,acceptBad
2365,4,364.66999999999996,2,181.34,2opt,improve
2366,4,381.7099999999999,2,181.34,swap,acceptBad
2367,4,383.11999999999995,2,181.34,2opt,acceptBad
2368,4,383.11999999999995,2,181.34,2opt,notBad
2369,4,380.21,2,181.34,swap,improve
2370,4,355.1,2,181.34,move,improve
2371,4,392.09000000000003,2,181.34,swap,acceptBad
2372,4,388.76,2,181.34,move,improve
2373,4,395.29999999999995,2,181.34,swap,acceptBad
2374,4,395.29999999999995,2,181.34,2opt,notBad
2375,4,381.23,2,181.34,2opt,improve
2376,4,352.3299999999999,2,181.34,move,improve
2377,4,352.3299999999999,2,181.34,swap,notBad
2378,4,352.3299999999999,2,181.34,move,improve
2379,4,352.3299999999999,2,181.34,swap,notBad
2380,4,352.3299999999999,2,181.34,2opt,notBad
2381,4,352.3299999999999,2,181.34,swap,notBad
2382,4,348.4299999999999,2,181.34,move,improve
2383,4,348.4299999999999,2,181.34,2opt,notBad
2384,4,348.4299999999999,2,181.34,move,improve
2385,4,345.51999999999987,2,181.34,move,improve
2386,4,319.7199999999999,2,181.34,move,improve
2387,4,319.7199999999999,2,181.34,2opt,notBad
2388,4,321.62,2,181.34,swap,acceptBad
2389,4,321.62,2,181.34,2opt,notBad
2390,4,321.62,2,181.34,move,improve
2391,4,321.62,2,181.34,swap,notBad
2392,4,321.62,2,181.34,move,improve
2393,4,321.62,2,181.34,2opt,notBad
2394,4,321.62,2,181.34,move,improve
2395,4,321.62,2,181.34,2opt,notBad
2396,4,331.72,2,181.34,swap,acceptBad
2397,4,331.72,2,181.34,2opt,notBad
2398,4,351.72000000000025,2,181.34,swap,acceptBad
2399,4,351.72000000000025,2,181.34,swap,notBad
2400,4,334.2000000000001,2,181.34,move,improve
2401,4,376.6500000000001,2,181.34,swap,acceptBad
2402,4,480.12000000000023,2,181.34,swap,acceptBad
2403,4,480.12000000000023,2,181.34,2opt,notBad
2404,4,489.96000000000026,2,181.34,swap,acceptBad
2405,4,489.96000000000026,2,181.34,swap,notBad
2406,4,489.96000000000026,2,181.34,move,improve
2407,4,489.96000000000026,2,181.34,2opt,notBad
2408,4,489.96000000000026,2,181.34,2opt,notBad
2409,4,489.96000000000026,2,181.34,move,improve
2410,4,502.4100000000003,2,181.34,swap,acceptBad
2411,4,502.44000000000005,2,181.34,swap,acceptBad
2412,4,502.44000000000005,2,181.34,swap,notBad
2413,4,448.32000000000016,2,181.34,move,improve
2414,4,448.32000000000016,2,181.34,2opt,notBad
2415,4,424.71000000000004,2,181.34,swap,improve
2416,4,412.51,2,181.34,move,improve
2417,4,496.2,2,181.34,swap,acceptBad
2418,4,495.15,2,181.34,swap,improve
2419,4,487.62,2,181.34,swap,improve
2420,4,487.62,2,181.34,swap,notBad
2421,4,402.66999999999996,2,181.34,move,improve
2422,4,402.66999999999996,2,181.34,2opt,improve
2423,4,402.66999999999996,2,181.34,2opt,improve
2424,4,404.41,2,181.34,2opt,acceptBad
2425,4,407.26000000000005,2,181.34,swap,acceptBad
2426,4,384.37,2,181.34,move,improve
2427,4,403.6,2,181.34,swap,acceptBad
2428,4,403.6,2,181.34,move,improve
2429,4,403.6,2,181.34,move,improve
2430,4,403.63,2,181.34,swap,acceptBad
2431,4,408.76000000000005,2,181.34,swap,acceptBad
2432,4,429.25,2,181.34,2opt,acceptBad
2433,4,429.13999999999993,2,181.34,move,improve
2434,4,429.13999999999993,2,181.34,move,improve
2435,4,429.13999999999993,2,181.34,2opt,improve
2436,4,428.77000000000004,2,181.34,move,improve
2437,4,425.44,2,181.34,move,improve
2438,4,425.94999999999993,2,181.34,swap,acceptBad
2439,4,421.75,2,181.34,swap,improve
2440,4,421.54,2,181.34,move,improve
2441,4,421.78,2,181.34,swap,acceptBad
2442,4,419.6199999999999,2,181.34,2opt,improve
2443,4,421.78,2,181.34,2opt,acceptBad
2444,4,433.45,2,181.34,swap,acceptBad
2445,4,434.34999999999997,2,181.34,swap,acceptBad
2446,4,433.78000000000003,2,181.34,swap,improve
2447,4,433.78000000000003,2,181.34,move,improve
2448,4,433.78000000000003,2,181.34,move,improve
2449,4,413.38,2,181.34,move,improve
2450,4,402.28,2,181.34,swap,improve
2451,4,402.28,2,181.34,swap,notBad
2452,4,402.28,2,181.34,2opt,notBad
2453,4,402.28,2,181.34,2opt,notBad
2454,4,402.28,2,181.34,2opt,improve
2455,4,403.03,2,181.34,swap,acceptBad
2456,4,403.03,2,181.34,2opt,notBad
2457,4,412.03,2,181.34,swap,acceptBad
2458,4,392.05000000000007,2,181.34,move,improve
2459,4,391.03,2,181.34,2opt,improve
2460,4,391.03000000000003,2,181.34,swap,acceptBad
2461,4,391.03000000000003,2,181.34,swap,notBad
2462,4,391.03000000000003,2,181.34,swap,notBad
2463,4,388.63,2,181.34,move,improve
2464,4,388.48,2,181.34,move,improve
2465,4,403.2899999999998,2,181.34,swap,acceptBad
2466,4,403.2899999999998,2,181.34,swap,notBad
2467,4,386.3999999999998,2,181.34,move,improve
2468,4,365.0099999999998,2,181.34,move,improve
2469,4,365.0099999999998,2,181.34,2opt,notBad
2470,4,384.3299999999998,2,181.34,swap,acceptBad
2471,4,395.06999999999977,2,181.34,swap,acceptBad
2472,4,394.9499999999998,2,181.34,move,improve
2473,4,369.8999999999998,2,181.34,move,improve
2474,4,332.11,2,181.34,move,improve
2475,4,333.31,2,181.34,swap,acceptBad
2476,4,293.44,2,181.34,move,improve
2477,4,293.44,2,181.34,2opt,notBad
2478,4,314.16999999999996,2,181.34,swap,acceptBad
2479,4,293.11,2,181.34,move,improve
2480,4,293.11,2,181.34,2opt,notBad
2481,4,295.03000000000003,2,181.34,swap,acceptBad
2482,4,295.0299999999999,2,181.34,2opt,improve
2483,4,294.54999999999995,2,181.34,swap,improve
2484,4,296.34999999999997,2,181.34,swap,acceptBad
2485,4,296.34999999999997,2,181.34,2opt,notBad
2486,4,296.79999999999995,2,181.34,swap,acceptBad
2487,4,296.79999999999995,2,181.34,2opt,notBad
2488,4,321.87999999999994,2,181.34,swap,acceptBad
2489,4,321.87999999999994,2,181.34,2opt,improve
2490,4,321.87999999999994,2,181.34,move,improve
2491,4,321.87999999999994,2,181.34,move,improve
2492,4,322.51,2,181.34,2opt,acceptBad
2493,4,322.39,2,181.34,swap,improve
2494,4,366.03999999999996,2,181.34,swap,acceptBad
2495,4,365.85999999999996,2,181.34,move,improve
2496,4,348.54999999999995,2,181.34,move,improve
2497,4,353.26,2,181.34,swap,acceptBad
2498,4,353.26,2,181.34,2opt,notBad
2499,4,353.26,2,181.34,move,improve
2500,4,353.26,2,181.34,2opt,notBad
2501,4,348.54999999999995,2,181.34,2opt,improve
2502,4,348.54999999999995,2,181.34,move,improve
2503,4,348.54999999999995,2,181.34,move,improve
2504,4,348.54999999999995,2,181.34,swap,notBad
2505,4,347.08,2,181.34,move,improve
2506,4,371.74,2,181.34,swap,acceptBad
2507,4,371.74,2,181.34,move,improve
2508,4,409.6,2,181.34,swap,acceptBad
2509,4,404.2,2,181.34,move,improve
2510,4,405.24999999999994,2,181.34,swap,acceptBad
2511,4,425.80999999999995,2,181.34,swap,acceptBad
2512,4,425.80999999999995,2,181.34,2opt,notBad
2513,4,400.85999999999996,2,181.34,move,improve
2514,4,403.77,2,181.34,swap,acceptBad
2515,4,376.25999999999993,2,181.34,swap,improve
2516,4,373.43999999999994,2,181.34,move,improve
2517,4,373.43999999999994,2,181.34,move,improve
2518,4,351.2899999999999,2,181.34,move,improve
2519,4,385.2799999999999,2,181.34,swap,acceptBad
2520,4,406.36999999999995,2,181.34,2opt,acceptBad
2521,4,406.36999999999995,2,181.34,2opt,improve
2522,4,406.72999999999996,2,181.34,swap,acceptBad
2523,4,406.75999999999993,2,181.34,swap,acceptBad
2524,4,406.75999999999993,2,181.34,2opt,notBad
2525,4,406.75999999999993,2,181.34,2opt,notBad
2526,4,409.24999999999994,2,181.34,swap,acceptBad
2527,4,409.24999999999994,2,181.34,2opt,notBad
2528,4,380.7199999999999,2,181.34,move,improve
2529,4,380.80999999999995,2,181.34,swap,acceptBad
2530,4,379.87999999999994,2,181.34,swap,improve
2531,4,379.87999999999994,2,181.34,move,improve
2532,4,379.87999999999994,2,181.34,2opt,notBad
2533,4,379.87999999999994,2,181.34,move,improve
2534,4,355.60999999999996,2,181.34,move,improve
2535,4,372.85999999999996,2,181.34,swap,acceptBad
2536,4,372.85999999999996,2,181.34,2opt,notBad
2537,4,373.69999999999993,2,181.34,swap,acceptBad
2538,4,374.80999999999995,2,181.34,swap,acceptBad
2539,4,389.68999999999994,2,181.34,swap,acceptBad
2540,4,409.29999999999995,2,181.34,swap,acceptBad
2541,4,393.1,2,181.34,swap,improve
2542,4,393.07,2,181.34,move,improve
2543,4,403.42,2,181.34,2opt,acceptBad
2544,4,403.36,2,181.34,swap,improve
2545,4,377.8,2,181.34,swap,improve
2546,4,377.40999999999997,2,181.34,swap,improve
2547,4,377.40999999999997,2,181.34,2opt,notBad
2548,4,399.88,2,181.34,swap,acceptBad
2549,4,397.44999999999993,2,181.34,2opt,improve
2550,4,400.95999999999987,2,181.34,swap,acceptBad
2551,4,400.95999999999987,2,181.34,2opt,notBad
2552,4,400.6599999999999,2,181.34,move,improve
2553,4,400.6599999999999,2,181.34,2opt,notBad
2554,4,420.6399999999999,2,181.34,swap,acceptBad
2555,4,420.6399999999999,2,181.34,2opt,improve
2556,4,422.1099999999999,2,181.34,swap,acceptBad
2557,4,373.4199999999999,2,181.34,move,improve
2558,4,373.4199999999999,2,181.34,swap,notBad
2559,4,373.4199999999999,2,181.34,2opt,improve
2560,4,373.4199999999999,2,181.34,move,improve
2561,4,442.6499999999999,2,181.34,swap,acceptBad
2562,4,469.25999999999993,2,181.34,swap,acceptBad
2563,4,469.25999999999993,2,181.34,2opt,improve
2564,4,445.32000000000005,2,181.34,move,improve
2565,4,445.32000000000005,2,181.34,swap,notBad
2566,4,446.82000000000005,2,181.34,swap,acceptBad
2567,4,447.0000000000002,2,181.34,2opt,acceptBad
2568,4,447.0000000000002,2,181.34,2opt,notBad
2569,4,449.3100000000002,2,181.34,swap,acceptBad
2570,4,449.3100000000002,2,181.34,move,improve
2571,4,606.0700000000002,2,181.34,move,acceptBad
2572,4,551.35,2,181.34,move,improve
2573,4,551.17,2,181.34,move,improve
2574,4,551.17,2,181.34,2opt,notBad
2575,4,551.17,2,181.34,move,improve
2576,4,551.17,2,181.34,swap,notBad
2577,4,623.55,2,181.34,swap,acceptBad
2578,4,625.3499999999999,2,181.34,swap,acceptBad
2579,4,644.8800000000001,2,181.34,swap,acceptBad
2580,4,464.88,2,181.34,swap,improve
2581,4,464.88,2,181.34,2opt,notBad
2582,4,464.88,2,181.34,2opt,notBad
2583,4,460.14,2,181.34,swap,improve
2584,4,450.15,2,181.34,2opt,improve
2585,4,412.74,2,181.34,swap,improve
2586,4,372.4499999999998,2,181.34,move,improve
2587,4,390.4799999999998,2,181.34,swap,acceptBad
2588,4,390.3599999999998,2,181.34,move,improve
2589,4,390.3599999999998,2,181.34,move,improve
2590,4,390.3599999999998,2,181.34,2opt,notBad
2591,4,340.5900000000001,2,181.34,swap,improve
2592,3,292.3499999999999,2,181.34,move,improve
2593,3,274.95999999999987,2,181.34,move,improve
2594,3,274.95999999999987,2,181.34,2opt,notBad
2595,3,274.95999999999987,2,181.34,swap,notBad
2596,3,274.95999999999987,2,181.34,2opt,improve
2597,3,274.95999999999987,2,181.34,2opt,notBad
2598,3,273.5499999999999,2,181.34,move,improve
2599,3,273.5499999999999,2,181.34,2opt,notBad
2600,3,344.21999999999986,2,181.34,swap,acceptBad
2601,3,344.21999999999986,2,181.34,move,improve
2602,3,365.0399999999998,2,181.34,2opt,acceptBad
2603,3,365.0399999999998,2,181.34,2opt,notBad
2604,3,359.8499999999998,2,181.34,swap,improve
2605,3,359.8499999999998,2,181.34,2opt,notBad
2606,3,358.5599999999999,2,181.34,2opt,improve
2607,3,401.44999999999993,2,181.34,swap,acceptBad
2608,3,401.44999999999993,2,181.34,2opt,notBad
2609,3,401.44999999999993,2,181.34,2opt,notBad
2610,3,400.75999999999993,2,181.34,move,improve
2611,3,396.6799999999999,2,181.34,2opt,improve
2612,3,396.6799999999999,2,181.34,2opt,notBad
2613,3,396.6799999999999,2,181.34,move,improve
2614,3,396.6799999999999,2,181.34,2opt,notBad
2615,3,397.2799999999999,2,181.34,swap,acceptBad
2616,3,333.3599999999998,2,181.34,move,improve
2617,3,305.1699999999999,2,181.34,move,improve
2618,3,307.8699999999999,2,181.34,swap,acceptBad
2619,3,266.29999999999995,2,181.34,swap,improve
2620,3,263.51,2,181.34,move,improve
2621,3,262.78999999999996,2,181.34,move,improve
2622,3,301.17999999999995,2,181.34,swap,acceptBad
2623,3,300.78999999999996,2,181.34,move,improve
2624,3,280.6599999999999,2,181.34,move,improve
2625,3,264.4599999999999,2,181.34,move,improve
2626,3,230.64999999999995,2,181.34,move,improve
2627,3,230.64999999999995,2,181.34,move,improve
2628,3,343.53000000000003,2,181.34,move,acceptBad
2629,3,334.0800000000001,2,181.34,2opt,improve
2630,3,337.7100000000001,2,181.34,swap,acceptBad
2631,3,337.7100000000001,2,181.34,swap,notBad
2632,3,337.7100000000001,2,181.34,move,improve
2633,3,268.1500000000001,2,181.34,move,improve
2634,3,268.1200000000001,2,181.34,move,improve
2635,3,268.1200000000001,2,181.34,move,improve
2636,3,267.73000000000013,2,181.34,swap,improve
2637,3,289.0700000000001,2,181.34,swap,acceptBad
2638,3,293.0600000000002,2,181.34,2opt,acceptBad
2639,3,293.0600000000002,2,181.34,move,improve
2640,3,293.0600000000002,2,181.34,2opt,notBad
2641,3,294.20000000000016,2,181.34,swap,acceptBad
2642,3,295.34000000000015,2,181.34,swap,acceptBad
2643,3,292.3400000000002,2,181.34,swap,improve
2644,3,291.10000000000014,2,181.34,swap,improve
2645,3,285.6200000000001,2,181.34,move,improve
2646,3,285.6200000000001,2,181.34,move,improve
2647,3,277.10000000000014,2,181.34,move,improve
2648,3,277.10000000000014,2,181.34,2opt,notBad
2649,3,276.86000000000007,2,181.34,move,improve
2650,3,253.79000000000008,2,181.34,move,improve
2651,3,253.79000000000008,2,181.34,move,improve
2652,3,253.79000000000008,2,181.34,2opt,notBad
2653,3,300.99,2,181.34,swap,acceptBad
2654,3,280.3700000000001,2,181.34,move,improve
2655,3,279.1400000000001,2,181.34,move,improve
2656,3,280.1300000000001,2,181.34,2opt,acceptBad
2657,3,280.1300000000001,2,181.34,move,improve
2658,3,280.1300000000001,2,181.34,swap,notBad
2659,3,279.1400000000001,2,181.34,move,improve
2660,3,279.1400000000001,2,181.34,2opt,notBad
2661,3,279.1400000000001,2,181.34,2opt,notBad
2662,3,255.53,2,181.34,2opt,improve
2663,3,255.53,2,181.34,2opt,notBad
2664,3,255.53,2,181.34,swap,notBad
2665,3,259.43,2,181.34,swap,acceptBad
2666,3,258.12,2,181.34,move,improve
2667,3,258.12,2,181.34,2opt,notBad
2668,3,247.32000000000005,2,181.34,move,improve
2669,3,246.12000000000003,2,181.34,move,improve
2670,3,246.12000000000003,2,181.34,swap,notBad
2671,3,277.38,2,181.34,swap,acceptBad
2672,3,286.6800000000001,2,181.34,2opt,acceptBad
2673,3,286.6800000000001,2,181.34,2opt,improve
2674,3,286.6800000000001,2,181.34,2opt,notBad
2675,3,286.6800000000001,2,181.34,2opt,notBad
2676,3,286.6800000000001,2,181.34,2opt,notBad
2677,3,286.6800000000001,2,181.34,move,improve
2678,3,286.6800000000001,2,181.34,2opt,improve
2679,3,265.2500000000001,2,181.34,move,improve
2680,3,265.7600000000001,2,181.34,swap,acceptBad
2681,3,265.7600000000001,2,181.34,2opt,improve
2682,3,265.7600000000001,2,181.34,move,improve
2683,3,265.7600000000001,2,181.34,move,improve
2684,3,265.7600000000001,2,181.34,move,improve
2685,3,265.7600000000001,2,181.34,2opt,notBad
2686,3,266.4200000000001,2,181.34,swap,acceptBad
2687,3,266.96000000000004,2,181.34,swap,acceptBad
2688,3,266.63,2,181.34,move,improve
2689,3,265.58000000000004,2,181.34,move,improve
2690,3,265.58000000000004,2,181.34,move,improve
2691,3,265.58000000000004,2,181.34,move,improve
2692,3,266.51000000000005,2,181.34,swap,acceptBad
2693,3,268.52000000000004,2,181.34,swap,acceptBad
2694,3,268.52000000000004,2,181.34,2opt,notBad
2695,3,269.99,2,181.34,swap,acceptBad
2696,3,259.2200000000001,2,181.34,swap,improve
2697,3,249.92000000000004,2,181.34,move,improve
2698,3,246.5600000000001,2,181.34,move,improve
2699,3,246.5600000000001,2,181.34,move,improve
2700,3,247.07000000000002,2,181.34,2opt,acceptBad
2701,3,226.84999999999988,2,181.34,move,improve
2702,3,226.84999999999988,2,181.34,swap,notBad
2703,3,226.84999999999988,2,181.34,2opt,notBad
2704,3,221.71999999999983,2,181.34,move,improve
2705,3,221.71999999999983,2,181.34,2opt,notBad
2706,3,221.71999999999983,2,181.34,2opt,notBad
2707,3,221.71999999999983,2,181.34,move,improve
2708,3,221.68999999999986,2,181.34,move,improve
2709,3,221.68999999999986,2,181.34,move,improve
2710,3,221.68999999999986,2,181.34,2opt,notBad
2711,3,221.68999999999986,2,181.34,2opt,notBad
2712,3,221.68999999999986,2,181.34,move,improve
2713,3,220.4599999999998,2,181.34,swap,improve
2714,3,220.4599999999998,2,181.34,2opt,notBad
2715,3,220.4599999999998,2,181.34,2opt,notBad
2716,3,223.86999999999983,2,181.34,move,acceptBad
2717,3,223.86999999999983,2,181.34,2opt,improve
2718,3,223.86999999999983,2,181.34,move,improve
2719,3,223.86999999999983,2,181.34,move,improve
2720,3,223.86999999999983,2,181.34,2opt,notBad
2721,3,220.4599999999998,2,181.34,swap,improve
2722,3,220.4599999999998,2,181.34,2opt,notBad
2723,3,220.4599999999998,2,181.34,move,improve
2724,3,220.4599999999998,2,181.34,2opt,notBad
2725,3,219.88999999999987,2,181.34,move,improve
2726,3,245.23999999999987,2,181.34,swap,acceptBad
2727,3,259.51999999999987,2,181.34,swap,acceptBad
2728,3,264.7399999999999,2,181.34,swap,acceptBad
2729,3,264.7399999999999,2,181.34,2opt,notBad
2730,3,264.7399999999999,2,181.34,move,improve
2731,3,264.7399999999999,2,181.34,2opt,improve
2732,3,264.07999999999987,2,181.34,move,improve
2733,3,264.07999999999987,2,181.34,2opt,improve
2734,3,264.07999999999987,2,181.34,2opt,notBad
2735,3,265.4599999999999,2,181.34,swap,acceptBad
2736,3,279.1399999999999,2,181.34,swap,acceptBad
2737,3,289.6099999999999,2,181.34,swap,acceptBad
2738,3,288.6199999999999,2,181.34,swap,improve
2739,3,288.6199999999999,2,181.34,move,improve
2740,3,306.4699999999999,2,181.34,2opt,acceptBad
2741,3,306.4699999999999,2,181.34,2opt,notBad
2742,3,306.4699999999999,2,181.34,move,improve
2743,3,293.84000000000003,2,181.34,swap,improve
2744,3,271.82000000000005,2,181.34,2opt,improve
2745,3,271.28000000000003,2,181.34,2opt,improve
2746,3,272.21,2,181.34,swap,acceptBad
2747,3,273.34999999999997,2,181.34,swap,acceptBad
2748,3,273.34999999999997,2,181.34,2opt,notBad
2749,3,271.64,2,181.34,move,improve
2750,3,272.57,2,181.34,swap,acceptBad
2751,3,268.19,2,181.34,swap,improve
2752,3,267.05,2,181.34,swap,improve
2753,3,268.55,2,181.34,swap,acceptBad
2754,3,251.48000000000002,2,181.34,move,improve
2755,3,251.48000000000002,2,181.34,swap,notBad
2756,3,250.04000000000002,2,181.34,move,improve
2757,3,245.84000000000003,2,181.34,move,improve
2758,3,244.34000000000003,2,181.34,swap,improve
2759,3,244.34000000000003,2,181.34,swap,notBad
2760,3,244.34000000000003,2,181.34,move,improve
2761,3,261.83000000000004,2,181.34,swap,acceptBad
2762,3,261.83000000000004,2,181.34,2opt,notBad
2763,3,261.83000000000004,2,181.34,2opt,improve
2764,3,261.83000000000004,2,181.34,move,improve
2765,3,261.83000000000004,2,181.34,2opt,notBad
2766,3,261.83000000000004,2,181.34,swap,notBad
2767,3,261.83000000000004,2,181.34,move,improve
2768,3,261.83000000000004,2,181.34,2opt,notBad
2769,3,270.66999999999996,2,181.34,swap,acceptBad
2770,3,277.9200000000001,2,181.34,swap,acceptBad
2771,3,266.9600000000001,2,181.34,move,improve
2772,3,266.9600000000001,2,181.34,move,improve
2773,3,266.9600000000001,2,181.34,2opt,notBad
2774,3,266.9600000000001,2,181.34,2opt,improve
2775,3,266.9600000000001,2,181.34,move,improve
2776,3,309.74000000000007,2,181.34,swap,acceptBad
2777,3,287.12000000000006,2,181.34,move,improve
2778,3,264.4700000000001,2,181.34,move,improve
2779,3,264.4700000000001,2,181.34,move,improve
2780,3,293.03000000000003,2,181.34,swap,acceptBad
2781,3,293.03000000000003,2,181.34,move,improve
2782,3,293.03000000000003,2,181.34,swap,notBad
2783,3,293.03000000000003,2,181.34,move,improve
2784,3,293.03000000000003,2,181.34,2opt,notBad
2785,3,293.03000000000003,2,181.34,move,improve
2786,3,292.52000000000004,2,181.34,move,improve
2787,3,289.73,2,181.34,move,improve
2788,3,289.73,2,181.34,swap,notBad
2789,3,289.73,2,181.34,2opt,improve
2790,3,289.73,2,181.34,2opt,notBad
2791,3,289.73,2,181.34,move,improve
2792,3,289.73,2,181.34,2opt,improve
2793,3,296.54,2,181.34,swap,acceptBad
2794,3,296.54,2,181.34,move,improve
2795,3,296.54,2,181.34,2opt,notBad
2796,3,295.55,2,181.34,move,improve
2797,3,295.55,2,181.34,move,improve
2798,3,317.6699999999998,2,181.34,swap,acceptBad
2799,3,317.6699999999998,2,181.34,2opt,notBad
2800,3,315.05,2,181.34,move,improve
2801,3,271.13000000000005,2,181.34,move,improve
2802,3,271.13000000000005,2,181.34,2opt,improve
2803,3,271.13000000000005,2,181.34,move,improve
2804,3,271.13000000000005,2,181.34,2opt,notBad
2805,3,271.13000000000005,2,181.34,swap,notBad
2806,3,251.65999999999997,2,181.34,2opt,improve
2807,3,248.93,2,181.34,swap,improve
2808,3,248.93,2,181.34,2opt,improve
2809,3,249.92,2,181.34,swap,acceptBad
2810,3,250.42999999999998,2,181.34,swap,acceptBad
2811,3,249.19999999999996,2,181.34,move,improve
2812,3,249.19999999999996,2,181.34,2opt,notBad
2813,3,248.74999999999997,2,181.34,move,improve
2814,3,251.48,2,181.34,swap,acceptBad
2815,3,251.48,2,181.34,2opt,notBad
2816,3,232.58000000000004,2,181.34,2opt,improve
2817,3,231.95000000000007,2,181.34,move,improve
2818,3,231.95000000000007,2,181.34,move,improve
2819,3,229.64000000000004,2,181.34,move,improve
2820,3,229.64000000000004,2,181.34,move,improve
2821,3,229.64000000000004,2,181.34,2opt,improve
2822,3,230.84000000000006,2,181.34,swap,acceptBad
2823,3,230.84000000000006,2,181.34,move,improve
2824,3,230.84000000000006,2,181.34,move,improve
2825,3,230.84000000000006,2,181.34,2opt,notBad
2826,3,231.47000000000003,2,181.34,swap,acceptBad
2827,3,231.47000000000003,2,181.34,2opt,notBad
2828,3,231.47000000000003,2,181.34,move,improve
2829,3,230.27,2,181.34,move,improve
2830,3,228.20000000000007,2,181.34,move,improve
2831,3,228.20000000000007,2,181.34,swap,notBad
2832,3,228.20000000000007,2,181.34,2opt,notBad
2833,3,228.20000000000007,2,181.34,2opt,notBad
2834,3,228.20000000000007,2,181.34,move,improve
2835,3,228.20000000000007,2,181.34,move,improve
2836,3,228.20000000000007,2,181.34,2opt,notBad
2837,3,228.20000000000007,2,181.34,move,improve
2838,3,228.20000000000007,2,181.34,move,improve
2839,3,228.20000000000007,2,181.34,2opt,improve
2840,3,228.20000000000007,2,181.34,2opt,notBad
2841,3,226.70000000000002,2,181.34,move,improve
2842,3,226.19000000000005,2,181.34,move,improve
2843,3,226.19000000000005,2,181.34,move,improve
2844,2,167.3299999999999,2,167.3299999999999,2opt,newBest
2845,2,167.3299999999999,2,167.3299999999999,2opt,notBad
2846,2,198.7099999999999,2,167.3299999999999,swap,acceptBad
2847,2,198.7099999999999,2,167.3299999999999,move,improve
2848,2,198.7099999999999,2,167.3299999999999,2opt,notBad
2849,2,198.7099999999999,2,167.3299999999999,move,improve
2850,2,200.71999999999989,2,167.3299999999999,swap,acceptBad
2851,2,223.9099999999999,2,167.3299999999999,swap,acceptBad
2852,2,223.9099999999999,2,167.3299999999999,move,improve
2853,2,223.9099999999999,2,167.3299999999999,2opt,notBad
2854,2,223.9099999999999,2,167.3299999999999,2opt,notBad
2855,2,239.0199999999999,2,167.3299999999999,swap,acceptBad
2856,2,237.45999999999998,2,167.3299999999999,move,improve
2857,2,235.45000000000002,2,167.3299999999999,move,improve
2858,2,235.45000000000002,2,167.3299999999999,move,improve
2859,2,215.77000000000004,2,167.3299999999999,move,improve
2860,2,215.25000000000003,2,167.3299999999999,swap,improve
2861,2,215.25000000000003,2,167.3299999999999,2opt,notBad
2862,2,215.25000000000003,2,167.3299999999999,move,improve
2863,2,215.25000000000003,2,167.3299999999999,2opt,notBad
2864,2,217.83000000000004,2,167.3299999999999,2opt,acceptBad
2865,2,222.06000000000006,2,167.3299999999999,swap,acceptBad
2866,2,230.42000000000004,2,167.3299999999999,swap,acceptBad
2867,2,222.06000000000006,2,167.3299999999999,move,improve
2868,2,217.83000000000004,2,167.3299999999999,move,improve
2869,2,217.83000000000004,2,167.3299999999999,swap,notBad
2870,2,217.83000000000004,2,167.3299999999999,move,improve
2871,2,217.83000000000004,2,167.3299999999999,swap,notBad
2872,2,217.83000000000004,2,167.3299999999999,2opt,notBad
2873,2,217.83000000000004,2,167.3299999999999,2opt,notBad
2874,2,217.83000000000004,2,167.3299999999999,2opt,notBad
2875,2,218.25000000000003,2,167.3299999999999,2opt,acceptBad
2876,2,218.25000000000003,2,167.3299999999999,2opt,notBad
2877,2,195.30000000000004,2,167.3299999999999,move,improve
2878,2,194.07000000000002,2,167.3299999999999,swap,improve
2879,2,194.07000000000002,2,167.3299999999999,swap,notBad
2880,2,194.07000000000002,2,167.3299999999999,2opt,notBad
2881,2,194.07000000000002,2,167.3299999999999,move,improve
2882,2,194.07000000000002,2,167.3299999999999,2opt,notBad
2883,2,194.07000000000002,2,167.3299999999999,move,improve
2884,2,214.62000000000003,2,167.3299999999999,swap,acceptBad
2885,2,213.48000000000005,2,167.3299999999999,move,improve
2886,2,213.48000000000005,2,167.3299999999999,2opt,notBad
2887,2,213.48000000000005,2,167.3299999999999,2opt,notBad
2888,2,213.48000000000005,2,167.3299999999999,swap,notBad
2889,2,237.32,2,167.3299999999999,swap,acceptBad
2890,2,210.51999999999998,2,167.3299999999999,move,improve
2891,2,210.51999999999998,2,167.3299999999999,move,improve
2892,2,210.51999999999998,2,167.3299999999999,2opt,notBad
2893,2,202.61,2,167.3299999999999,swap,improve
2894,2,188.61999999999998,2,167.3299999999999,move,improve
2895,2,190.03,2,167.3299999999999,swap,acceptBad
2896,2,190.03,2,167.3299999999999,2opt,notBad
2897,2,190.03,2,167.3299999999999,2opt,notBad
2898,2,195.77999999999997,2,167.3299999999999,swap,acceptBad
2899,2,195.66,2,167.3299999999999,move,improve
2900,2,216.86,2,167.3299999999999,swap,acceptBad
2901,2,190.64,2,167.3299999999999,move,improve
2902,2,190.64,2,167.3299999999999,move,improve
2903,2,190.78999999999996,2,167.3299999999999,swap,acceptBad
2904,2,181.75999999999996,2,167.3299999999999,move,improve
2905,2,192.56000000000006,2,167.3299999999999,swap,acceptBad
2906,2,192.56000000000006,2,167.3299999999999,2opt,notBad
2907,2,192.56000000000006,2,167.3299999999999,2opt,improve
2908,2,192.56000000000006,2,167.3299999999999,2opt,improve
2909,2,192.56000000000006,2,167.3299999999999,2opt,improve
2910,2,192.56000000000006,2,167.3299999999999,2opt,improve
2911,2,191.36000000000004,2,167.3299999999999,move,improve
2912,2,191.36000000000004,2,167.3299999999999,2opt,notBad
2913,2,191.36000000000004,2,167.3299999999999,move,improve
2914,2,191.36000000000004,2,167.3299999999999,move,improve
2915,2,191.36000000000004,2,167.3299999999999,2opt,notBad
2916,2,191.36000000000004,2,167.3299999999999,2opt,improve
2917,2,191.36000000000004,2,167.3299999999999,2opt,notBad
2918,2,191.36000000000004,2,167.3299999999999,2opt,notBad
2919,2,191.36000000000004,2,167.3299999999999,move,improve
2920,2,191.36000000000004,2,167.3299999999999,2opt,notBad
2921,2,191.36000000000004,2,167.3299999999999,swap,notBad
2922,2,191.36000000000004,2,167.3299999999999,swap,notBad
2923,2,191.63000000000008,2,167.3299999999999,swap,acceptBad
2924,2,191.63000000000008,2,167.3299999999999,move,improve
2925,2,166.08999999999995,2,166.08999999999995,move,newBest
2926,2,166.08999999999995,2,166.08999999999995,2opt,notBad
2927,2,196.40000000000006,2,166.08999999999995,swap,acceptBad
2928,2,196.13000000000008,2,166.08999999999995,move,improve
2929,2,196.13000000000008,2,166.08999999999995,2opt,improve
2930,2,196.13000000000008,2,166.08999999999995,2opt,notBad
2931,2,184.90999999999994,2,166.08999999999995,move,improve
2932,2,184.90999999999994,2,166.08999999999995,move,improve
2933,2,184.90999999999994,2,166.08999999999995,2opt,notBad
2934,2,184.90999999999994,2,166.08999999999995,swap,notBad
2935,2,184.90999999999994,2,166.08999999999995,2opt,notBad
2936,2,184.90999999999994,2,166.08999999999995,2opt,notBad
2937,2,184.90999999999994,2,166.08999999999995,move,improve
2938,2,184.54999999999993,2,166.08999999999995,move,improve
2939,2,191.32999999999996,2,166.08999999999995,swap,acceptBad
2940,2,191.32999999999996,2,166.08999999999995,move,improve
2941,2,191.32999999999996,2,166.08999999999995,move,improve
2942,2,191.32999999999996,2,166.08999999999995,2opt,improve
2943,2,213.52,2,166.08999999999995,swap,acceptBad
2944,2,213.52,2,166.08999999999995,2opt,notBad
2945,2,213.52,2,166.08999999999995,2opt,improve
2946,2,210.46,2,166.08999999999995,swap,improve
2947,2,210.46,2,166.08999999999995,move,improve
2948,2,210.46,2,166.08999999999995,2opt,notBad
2949,2,213.31,2,166.08999999999995,swap,acceptBad
2950,2,234.82000000000002,2,166.08999999999995,swap,acceptBad
2951,2,234.82000000000002,2,166.08999999999995,2opt,notBad
2952,2,169.96,2,166.08999999999995,swap,improve
2953,2,169.96,2,166.08999999999995,2opt,improve
2954,2,169.96,2,166.08999999999995,2opt,notBad
2955,2,169.96,2,166.08999999999995,2opt,improve
2956,2,170.41,2,166.08999999999995,swap,acceptBad
2957,2,170.41,2,166.08999999999995,move,improve
2958,2,170.41,2,166.08999999999995,swap,notBad
2959,2,170.41,2,166.08999999999995,2opt,notBad
2960,2,190.79999999999995,2,166.08999999999995,swap,acceptBad
2961,2,190.79999999999995,2,166.08999999999995,2opt,improve
2962,2,205.82999999999998,2,166.08999999999995,swap,acceptBad
2963,2,205.82999999999998,2,166.08999999999995,2opt,notBad
2964,2,206.19,2,166.08999999999995,swap,acceptBad
2965,2,206.19,2,166.08999999999995,2opt,notBad
2966,2,194.00000000000003,2,166.08999999999995,move,improve
2967,2,194.60000000000002,2,166.08999999999995,swap,acceptBad
2968,2,194.60000000000002,2,166.08999999999995,move,improve
2969,2,194.60000000000002,2,166.08999999999995,2opt,notBad
2970,2,194.60000000000002,2,166.08999999999995,2opt,notBad
2971,2,215.12,2,166.08999999999995,swap,acceptBad
2972,2,215.12,2,166.08999999999995,swap,notBad
2973,2,213.23,2,166.08999999999995,swap,improve
2974,2,213.23,2,166.08999999999995,move,improve
2975,2,213.23,2,166.08999999999995,2opt,notBad
2976,2,246.14,2,166.08999999999995,swap,acceptBad
2977,2,245.76999999999992,2,166.08999999999995,move,improve
2978,2,242.31999999999996,2,166.08999999999995,move,improve
2979,2,246.16999999999996,2,166.08999999999995,swap,acceptBad
2980,2,244.24999999999994,2,166.08999999999995,move,improve
2981,2,239.86,2,166.08999999999995,swap,improve
2982,2,239.92000000000002,2,166.08999999999995,swap,acceptBad
2983,2,255.7,2,166.08999999999995,swap,acceptBad
2984,2,255.7,2,166.08999999999995,2opt,notBad
2985,2,278.83,2,166.08999999999995,swap,acceptBad
2986,2,278.43999999999994,2,166.08999999999995,move,improve
2987,2,278.43999999999994,2,166.08999999999995,2opt,notBad
2988,2,283.97,2,166.08999999999995,swap,acceptBad
2989,2,283.97,2,166.08999999999995,move,improve
2990,2,281.92999999999995,2,166.08999999999995,swap,improve
2991,2,281.84,2,166.08999999999995,move,improve
2992,2,280.7,2,166.08999999999995,move,improve
2993,2,280.7,2,166.08999999999995,2opt,notBad
2994,2,280.4,2,166.08999999999995,move,improve
2995,2,283.28,2,166.08999999999995,swap,acceptBad
2996,2,263.2900000000001,2,166.08999999999995,move,improve
2997,2,261.6400000000001,2,166.08999999999995,2opt,improve
2998,2,260.32000000000005,2,166.08999999999995,swap,improve
2999,2,260.32000000000005,2,166.08999999999995,move,improve
3000,2,260.32000000000005,2,166.08999999999995,2opt,notBad
3001,2,258.46000000000004,2,166.08999999999995,move,improve
3002,2,258.46000000000004,2,166.08999999999995,2opt,notBad
3003,2,258.46000000000004,2,166.08999999999995,2opt,notBad
3004,2,258.49000000000007,2,166.08999999999995,swap,acceptBad
3005,2,258.49000000000007,2,166.08999999999995,move,improve
3006,2,258.49000000000007,2,166.08999999999995,swap,notBad
3007,2,258.49000000000007,2,166.08999999999995,2opt,notBad
3008,2,270.57,2,166.08999999999995,swap,acceptBad
3009,2,264.11,2,166.08999999999995,move,improve
3010,2,264.11,2,166.08999999999995,2opt,improve
3011,2,264.11,2,166.08999999999995,2opt,notBad
3012,2,264.11,2,166.08999999999995,move,improve
3013,2,264.11,2,166.08999999999995,2opt,notBad
3014,2,236.1900000000001,2,166.08999999999995,swap,improve
3015,2,240.1800000000001,2,166.08999999999995,swap,acceptBad
3016,2,240.1800000000001,2,166.08999999999995,move,improve
3017,2,246.84000000000012,2,166.08999999999995,move,acceptBad
3018,2,246.66000000000014,2,166.08999999999995,swap,improve
3019,2,250.09000000000006,2,166.08999999999995,swap,acceptBad
3020,2,250.09000000000006,2,166.08999999999995,move,improve
3021,2,250.09000000000006,2,166.08999999999995,2opt,notBad
3022,2,250.09000000000006,2,166.08999999999995,2opt,notBad
3023,2,250.09000000000006,2,166.08999999999995,2opt,notBad
3024,2,250.09000000000006,2,166.08999999999995,2opt,notBad
3025,2,250.09000000000006,2,166.08999999999995,move,improve
3026,2,250.09000000000006,2,166.08999999999995,2opt,notBad
3027,2,250.09000000000006,2,166.08999999999995,move,improve
3028,2,248.35,2,166.08999999999995,move,improve
3029,2,247.14999999999998,2,166.08999999999995,swap,improve
3030,2,247.14999999999998,2,166.08999999999995,swap,notBad
3031,2,247.14999999999998,2,166.08999999999995,move,improve
3032,2,247.14999999999998,2,166.08999999999995,move,improve
3033,2,247.14999999999998,2,166.08999999999995,swap,notBad
3034,2,247.14999999999998,2,166.08999999999995,2opt,improve
3035,2,247.14999999999998,2,166.08999999999995,swap,notBad
3036,2,247.14999999999998,2,166.08999999999995,2opt,improve
3037,2,247.14999999999998,2,166.08999999999995,2opt,notBad
3038,2,247.14999999999998,2,166.08999999999995,2opt,notBad
3039,2,247.14999999999998,2,166.08999999999995,move,improve
3040,2,247.14999999999998,2,166.08999999999995,move,improve
3041,2,247.14999999999998,2,166.08999999999995,2opt,notBad
3042,2,246.78999999999994,2,166.08999999999995,swap,improve
3043,2,249.81999999999994,2,166.08999999999995,swap,acceptBad
3044,2,248.19999999999996,2,166.08999999999995,move,improve
3045,2,248.19999999999996,2,166.08999999999995,2opt,notBad
3046,2,248.19999999999996,2,166.08999999999995,2opt,notBad
3047,2,248.19999999999996,2,166.08999999999995,move,improve
3048,2,248.19999999999996,2,166.08999999999995,2opt,improve
3049,2,248.19999999999996,2,166.08999999999995,2opt,notBad
3050,2,248.19999999999996,2,166.08999999999995,swap,notBad
3051,2,245.01999999999995,2,166.08999999999995,move,improve
3052,2,245.01999999999995,2,166.08999999999995,2opt,notBad
3053,2,244.28999999999996,2,166.08999999999995,move,improve
3054,2,244.28999999999996,2,166.08999999999995,move,improve
3055,2,244.28999999999996,2,166.08999999999995,2opt,notBad
3056,2,246.06,2,166.08999999999995,swap,acceptBad
3057,2,246.06,2,166.08999999999995,swap,notBad
3058,2,264.69,2,166.08999999999995,swap,acceptBad
3059,2,264.69,2,166.08999999999995,2opt,notBad
3060,2,264.74999999999994,2,166.08999999999995,2opt,acceptBad
3061,2,225.86999999999998,2,166.08999999999995,move,improve
3062,2,225.86999999999998,2,166.08999999999995,swap,notBad
3063,2,225.86999999999998,2,166.08999999999995,2opt,improve
3064,2,225.62999999999994,2,166.08999999999995,move,improve
3065,2,225.62999999999994,2,166.08999999999995,2opt,notBad
3066,2,220.31999999999996,2,166.08999999999995,move,improve
3067,2,219.41999999999996,2,166.08999999999995,move,improve
3068,2,219.41999999999996,2,166.08999999999995,2opt,notBad
3069,2,219.29999999999995,2,166.08999999999995,move,improve
3070,2,219.29999999999995,2,166.08999999999995,move,improve
3071,2,219.29999999999995,2,166.08999999999995,move,improve
3072,2,219.29999999999995,2,166.08999999999995,2opt,notBad
3073,2,220.87,2,166.08999999999995,move,acceptBad
3074,2,220.87,2,166.08999999999995,swap,notBad
3075,2,220.87,2,166.08999999999995,2opt,improve
3076,2,220.87,2,166.08999999999995,swap,notBad
3077,2,233.26,2,166.08999999999995,swap,acceptBad
3078,2,233.26,2,166.08999999999995,2opt,improve
3079,2,233.26,2,166.08999999999995,swap,notBad
3080,2,230.40999999999997,2,166.08999999999995,move,improve
3081,2,230.40999999999997,2,166.08999999999995,move,improve
3082,2,233.41,2,166.08999999999995,swap,acceptBad
3083,2,232.87,2,166.08999999999995,swap,improve
3084,2,233.41,2,166.08999999999995,swap,acceptBad
3085,2,233.41,2,166.08999999999995,2opt,notBad
3086,2,233.41,2,166.08999999999995,2opt,notBad
3087,2,233.46999999999997,2,166.08999999999995,swap,acceptBad
3088,2,233.46999999999997,2,166.08999999999995,2opt,improve
3089,2,231.89999999999992,2,166.08999999999995,swap,improve
3090,2,231.89999999999992,2,166.08999999999995,2opt,notBad
3091,2,237.20999999999992,2,166.08999999999995,swap,acceptBad
3092,2,234.14999999999992,2,166.08999999999995,move,improve
3093,2,234.14999999999992,2,166.08999999999995,2opt,notBad
3094,2,234.14999999999992,2,166.08999999999995,2opt,notBad
3095,2,234.14999999999992,2,166.08999999999995,2opt,notBad
3096,2,234.14999999999992,2,166.08999999999995,2opt,notBad
3097,2,234.14999999999992,2,166.08999999999995,2opt,notBad
3098,2,234.14999999999992,2,166.08999999999995,move,improve
3099,2,215.90999999999997,2,166.08999999999995,move,improve
3100,2,227.6099999999999,2,166.08999999999995,swap,acceptBad
3101,2,223.3199999999999,2,166.08999999999995,swap,improve
3102,2,220.46999999999994,2,166.08999999999995,swap,improve
3103,2,234.09,2,166.08999999999995,swap,acceptBad
3104,2,234.09,2,166.08999999999995,move,improve
3105,2,216.09,2,166.08999999999995,move,improve
3106,2,215.49000000000004,2,166.08999999999995,move,improve
3107,2,215.49000000000004,2,166.08999999999995,move,improve
3108,2,215.49000000000004,2,166.08999999999995,2opt,improve
3109,2,215.49000000000004,2,166.08999999999995,2opt,notBad
3110,2,215.49000000000004,2,166.08999999999995,2opt,notBad
3111,2,215.49000000000004,2,166.08999999999995,move,improve
3112,2,215.49000000000004,2,166.08999999999995,swap,notBad
3113,2,215.49000000000004,2,166.08999999999995,2opt,notBad
3114,2,215.22000000000003,2,166.08999999999995,swap,improve
3115,2,224.19000000000005,2,166.08999999999995,swap,acceptBad
3116,2,224.19000000000005,2,166.08999999999995,move,improve
3117,2,224.19000000000005,2,166.08999999999995,move,improve
3118,2,224.19000000000005,2,166.08999999999995,swap,notBad
3119,2,224.01000000000005,2,166.08999999999995,swap,improve
3120,2,224.01000000000005,2,166.08999999999995,2opt,improve
3121,2,223.56000000000003,2,166.08999999999995,move,improve
3122,2,223.56000000000003,2,166.08999999999995,2opt,improve
3123,2,215.19000000000003,2,166.08999999999995,move,improve
3124,2,213.66000000000005,2,166.08999999999995,swap,improve
3125,2,213.66000000000005,2,166.08999999999995,swap,notBad
3126,2,214.77000000000007,2,166.08999999999995,swap,acceptBad
3127,2,214.77000000000007,2,166.08999999999995,2opt,notBad
3128,2,214.77000000000007,2,166.08999999999995,2opt,notBad
3129,2,214.77000000000007,2,166.08999999999995,move,improve
3130,2,201.14999999999995,2,166.08999999999995,swap,improve
3131,2,201.14999999999995,2,166.08999999999995,move,improve
3132,2,200.87999999999994,2,166.08999999999995,move,improve
3133,2,202.40999999999997,2,166.08999999999995,swap,acceptBad
3134,2,199.46999999999994,2,166.08999999999995,move,improve
3135,2,199.46999999999994,2,166.08999999999995,move,improve
3136,2,199.46999999999994,2,166.08999999999995,2opt,notBad
3137,2,199.46999999999994,2,166.08999999999995,2opt,notBad
3138,2,202.52999999999997,2,166.08999999999995,swap,acceptBad
3139,2,202.52999999999997,2,166.08999999999995,2opt,notBad
3140,2,198.23999999999995,2,166.08999999999995,swap,improve
3141,2,198.23999999999995,2,166.08999999999995,move,improve
3142,2,198.23999999999995,2,166.08999999999995,2opt,improve
3143,2,207.08999999999992,2,166.08999999999995,swap,acceptBad
3144,2,205.4399999999999,2,166.08999999999995,swap,improve
3145,2,205.4399999999999,2,166.08999999999995,2opt,notBad
3146,2,203.40999999999983,2,166.08999999999995,swap,improve
3147,2,201.54999999999987,2,166.08999999999995,move,improve
3148,2,192.81000000000006,2,166.08999999999995,move,improve
3149,2,196.15000000000003,2,166.08999999999995,swap,acceptBad
3150,2,196.15000000000003,2,166.08999999999995,2opt,notBad
3151,2,196.15000000000003,2,166.08999999999995,move,improve
3152,2,196.15000000000003,2,166.08999999999995,move,improve
3153,2,196.15000000000003,2,166.08999999999995,move,improve
3154,2,196.15000000000003,2,166.08999999999995,2opt,notBad
3155,2,196.15000000000003,2,166.08999999999995,swap,notBad
3156,2,196.15000000000003,2,166.08999999999995,2opt,notBad
3157,2,192.81000000000006,2,166.08999999999995,swap,improve
3158,2,193.5000000000001,2,166.08999999999995,2opt,acceptBad
3159,2,203.07000000000014,2,166.08999999999995,swap,acceptBad
3160,2,203.07000000000014,2,166.08999999999995,2opt,improve
3161,2,203.9100000000001,2,166.08999999999995,swap,acceptBad
3162,2,213.63000000000002,2,166.08999999999995,swap,acceptBad
3163,2,212.79000000000005,2,166.08999999999995,move,improve
3164,2,212.79000000000005,2,166.08999999999995,move,improve
3165,2,212.79000000000005,2,166.08999999999995,swap,improve
3166,2,199.95999999999995,2,166.08999999999995,move,improve
3167,2,199.95999999999995,2,166.08999999999995,2opt,notBad
3168,2,202.26999999999998,2,166.08999999999995,swap,acceptBad
3169,2,202.26999999999998,2,166.08999999999995,2opt,notBad
3170,2,202.26999999999998,2,166.08999999999995,move,improve
3171,2,202.26999999999998,2,166.08999999999995,2opt,notBad
3172,2,202.26999999999998,2,166.08999999999995,swap,notBad
3173,2,202.26999999999998,2,166.08999999999995,swap,notBad
3174,2,202.26999999999998,2,166.08999999999995,move,improve
3175,2,202.26999999999998,2,166.08999999999995,move,improve
3176,2,200.35,2,166.08999999999995,move,improve
3177,2,200.61999999999998,2,166.08999999999995,swap,acceptBad
3178,2,200.61999999999998,2,166.08999999999995,move,improve
3179,2,200.61999999999998,2,166.08999999999995,2opt,notBad
3180,2,206.06000000000003,2,166.08999999999995,swap,acceptBad
3181,2,185.9599999999999,2,166.08999999999995,move,improve
3182,2,185.5399999999999,2,166.08999999999995,move,improve
3183,2,187.33999999999992,2,166.08999999999995,swap,acceptBad
3184,2,187.33999999999992,2,166.08999999999995,move,improve
3185,2,187.81000000000003,2,166.08999999999995,swap,acceptBad
3186,2,187.81000000000003,2,166.08999999999995,swap,notBad
3187,2,188.80000000000004,2,166.08999999999995,swap,acceptBad
3188,2,188.80000000000004,2,166.08999999999995,move,improve
3189,2,206.29000000000002,2,166.08999999999995,swap,acceptBad
3190,2,206.29000000000002,2,166.08999999999995,move,improve
3191,2,206.29000000000002,2,166.08999999999995,2opt,notBad
3192,2,206.29000000000002,2,166.08999999999995,2opt,notBad
3193,2,206.29000000000002,2,166.08999999999995,2opt,notBad
3194,2,208.66,2,166.08999999999995,swap,acceptBad
3195,2,207.04,2,166.08999999999995,move,improve
3196,2,207.04,2,166.08999999999995,swap,notBad
3197,2,207.04,2,166.08999999999995,swap,notBad
3198,2,206.38,2,166.08999999999995,move,improve
3199,2,204.46,2,166.08999999999995,move,improve
3200,2,204.46,2,166.08999999999995,swap,notBad
3201,2,204.46,2,166.08999999999995,2opt,improve
3202,2,204.46,2,166.08999999999995,swap,notBad
3203,2,204.88,2,166.08999999999995,swap,acceptBad
3204,2,204.88,2,166.08999999999995,2opt,notBad
3205,2,203.44000000000003,2,166.08999999999995,move,improve
3206,2,203.44000000000003,2,166.08999999999995,2opt,notBad
3207,2,203.44000000000003,2,166.08999999999995,swap,notBad
3208,2,203.44000000000003,2,166.08999999999995,move,improve
3209,2,213.07000000000002,2,166.08999999999995,swap,acceptBad
3210,2,213.07000000000002,2,166.08999999999995,move,improve
3211,2,213.07000000000002,2,166.08999999999995,swap,notBad
3212,2,213.07000000000002,2,166.08999999999995,move,improve
3213,2,213.07000000000002,2,166.08999999999995,2opt,notBad
3214,2,213.76000000000002,2,166.08999999999995,2opt,acceptBad
3215,2,213.07000000000002,2,166.08999999999995,2opt,improve
3216,2,213.07000000000002,2,166.08999999999995,2opt,notBad
3217,2,203.44000000000003,2,166.08999999999995,swap,improve
3218,2,203.44000000000003,2,166.08999999999995,move,improve
3219,2,207.82000000000002,2,166.08999999999995,swap,acceptBad
3220,2,207.82000000000002,2,166.08999999999995,2opt,notBad
3221,2,210.19000000000003,2,166.08999999999995,swap,acceptBad
3222,2,227.62999999999997,2,166.08999999999995,swap,acceptBad
3223,2,218.0499999999999,2,166.08999999999995,move,improve
3224,2,218.0499999999999,2,166.08999999999995,2opt,improve
3225,2,215.31999999999994,2,166.08999999999995,move,improve
3226,2,215.31999999999994,2,166.08999999999995,2opt,notBad
3227,2,215.31999999999994,2,166.08999999999995,swap,notBad
3228,2,217.52,2,166.08999999999995,swap,acceptBad
3229,2,213.76000000000002,2,166.08999999999995,move,improve
3230,2,213.34000000000003,2,166.08999999999995,move,improve
3231,2,213.34000000000003,2,166.08999999999995,2opt,notBad
3232,2,213.34000000000003,2,166.08999999999995,move,improve
3233,2,213.34000000000003,2,166.08999999999995,move,improve
3234,2,213.34000000000003,2,166.08999999999995,2opt,notBad
3235,2,194.74000000000004,2,166.08999999999995,move,improve
3236,2,194.74000000000004,2,166.08999999999995,2opt,notBad
3237,2,194.74000000000004,2,166.08999999999995,2opt,notBad
3238,2,194.74000000000004,2,166.08999999999995,move,improve
3239,2,194.74000000000004,2,166.08999999999995,move,improve
3240,2,194.74000000000004,2,166.08999999999995,2opt,notBad
3241,2,194.74000000000004,2,166.08999999999995,2opt,notBad
3242,2,194.74000000000004,2,166.08999999999995,2opt,notBad
3243,2,192.13000000000008,2,166.08999999999995,swap,improve
3244,2,193.24000000000007,2,166.08999999999995,swap,acceptBad
3245,2,193.24000000000007,2,166.08999999999995,move,improve
3246,2,193.24000000000007,2,166.08999999999995,2opt,notBad
3247,2,193.24000000000007,2,166.08999999999995,move,improve
3248,2,194.11000000000004,2,166.08999999999995,swap,acceptBad
3249,2,194.11000000000004,2,166.08999999999995,move,improve
3250,2,194.11000000000004,2,166.08999999999995,swap,notBad
3251,2,183.79000000000005,2,166.08999999999995,move,improve
3252,2,183.79000000000005,2,166.08999999999995,move,improve
3253,2,185.38000000000008,2,166.08999999999995,swap,acceptBad
3254,2,183.74000000000004,2,166.08999999999995,move,improve
3255,2,183.74000000000004,2,166.08999999999995,move,improve
3256,2,183.74000000000004,2,166.08999999999995,move,improve
3257,2,183.74000000000004,2,166.08999999999995,2opt,notBad
3258,2,185.38000000000008,2,166.08999999999995,swap,acceptBad
3259,2,198.52000000000007,2,166.08999999999995,swap,acceptBad
3260,2,198.52000000000007,2,166.08999999999995,move,improve
3261,2,198.52000000000007,2,166.08999999999995,move,improve
3262,2,198.46000000000006,2,166.08999999999995,swap,improve
3263,2,198.46000000000006,2,166.08999999999995,swap,improve
3264,2,198.46000000000006,2,166.08999999999995,move,improve
3265,2,198.46000000000006,2,166.08999999999995,2opt,notBad
3266,2,198.13000000000005,2,166.08999999999995,move,improve
3267,2,198.13000000000005,2,166.08999999999995,2opt,notBad
3268,2,228.74000000000004,2,166.08999999999995,move,acceptBad
3269,2,228.74000000000004,2,166.08999999999995,2opt,notBad
3270,2,228.74000000000004,2,166.08999999999995,2opt,notBad
3271,2,228.74000000000004,2,166.08999999999995,2opt,notBad
3272,2,228.74000000000004,2,166.08999999999995,swap,notBad
3273,2,228.74000000000004,2,166.08999999999995,move,improve
3274,2,228.74000000000004,2,166.08999999999995,2opt,notBad
3275,2,228.74000000000004,2,166.08999999999995,swap,notBad
3276,2,228.74000000000004,2,166.08999999999995,move,improve
3277,2,225.80000000000004,2,166.08999999999995,move,improve
3278,2,226.41000000000003,2,166.08999999999995,swap,acceptBad
3279,2,227.46000000000004,2,166.08999999999995,swap,acceptBad
3280,2,232.76000000000002,2,166.08999999999995,swap,acceptBad
3281,2,231.89000000000004,2,166.08999999999995,swap,improve
3282,2,233.81000000000003,2,166.08999999999995,swap,acceptBad
3283,2,232.97000000000006,2,166.08999999999995,move,improve
3284,2,232.97000000000006,2,166.08999999999995,2opt,notBad
3285,2,222.14000000000004,2,166.08999999999995,swap,improve
3286,2,222.14000000000004,2,166.08999999999995,swap,notBad
3287,2,221.03000000000003,2,166.08999999999995,move,improve
3288,2,202.02999999999997,2,166.08999999999995,move,improve
3289,2,202.02999999999997,2,166.08999999999995,move,improve
3290,2,187.94000000000008,2,166.08999999999995,move,improve
3291,2,187.94000000000008,2,166.08999999999995,swap,notBad
3292,2,187.94000000000008,2,166.08999999999995,move,improve
3293,2,187.94000000000008,2,166.08999999999995,move,improve
3294,2,187.94000000000008,2,166.08999999999995,move,improve
3295,2,187.94000000000008,2,166.08999999999995,move,improve
3296,2,187.94000000000008,2,166.08999999999995,2opt,notBad
3297,2,193.97000000000008,2,166.08999999999995,swap,acceptBad
3298,2,195.2300000000001,2,166.08999999999995,swap,acceptBad
3299,2,195.2300000000001,2,166.08999999999995,2opt,notBad
3300,2,195.2300000000001,2,166.08999999999995,2opt,notBad
3301,2,195.2300000000001,2,166.08999999999995,2opt,notBad
3302,2,195.2300000000001,2,166.08999999999995,2opt,notBad
3303,2,199.34000000000006,2,166.08999999999995,swap,acceptBad
3304,2,199.34000000000006,2,166.08999999999995,2opt,notBad
3305,2,199.34000000000006,2,166.08999999999995,2opt,notBad
3306,2,215.18000000000006,2,166.08999999999995,move,acceptBad
3307,2,215.18000000000006,2,166.08999999999995,2opt,notBad
3308,2,215.18000000000006,2,166.08999999999995,swap,notBad
3309,2,215.18000000000006,2,166.08999999999995,2opt,notBad
3310,2,215.18000000000006,2,166.08999999999995,swap,notBad
3311,2,215.18000000000006,2,166.08999999999995,move,improve
3312,2,223.79000000000008,2,166.08999999999995,swap,acceptBad
3313,2,224.57000000000008,2,166.08999999999995,swap,acceptBad
3314,2,223.79000000000008,2,166.08999999999995,move,improve
3315,2,223.79000000000008,2,166.08999999999995,2opt,notBad
3316,2,227.55000000000007,2,166.08999999999995,swap,acceptBad
3317,2,227.55000000000007,2,166.08999999999995,swap,notBad
3318,2,229.62000000000006,2,166.08999999999995,swap,acceptBad
3319,2,228.15000000000006,2,166.08999999999995,move,improve
3320,2,228.15000000000006,2,166.08999999999995,move,improve
3321,2,228.15000000000006,2,166.08999999999995,2opt,notBad
3322,2,228.15000000000006,2,166.08999999999995,2opt,notBad
3323,2,214.29000000000008,2,166.08999999999995,swap,improve
3324,2,214.29000000000008,2,166.08999999999995,2opt,notBad
3325,2,214.29000000000008,2,166.08999999999995,2opt,notBad
3326,2,214.29000000000008,2,166.08999999999995,swap,notBad
3327,2,214.5900000000001,2,166.08999999999995,swap,acceptBad
3328,2,230.01000000000005,2,166.08999999999995,swap,acceptBad
3329,2,230.01000000000005,2,166.08999999999995,swap,notBad
3330,2,232.29000000000005,2,166.08999999999995,swap,acceptBad
3331,2,232.29000000000005,2,166.08999999999995,2opt,notBad
3332,2,232.29000000000005,2,166.08999999999995,move,improve
3333,2,232.29000000000005,2,166.08999999999995,swap,notBad
3334,2,232.29000000000005,2,166.08999999999995,2opt,notBad
3335,2,232.29000000000005,2,166.08999999999995,2opt,notBad
3336,2,232.29000000000005,2,166.08999999999995,move,improve
3337,2,235.11,2,166.08999999999995,swap,acceptBad
3338,2,235.11,2,166.08999999999995,swap,notBad
3339,2,235.17000000000004,2,166.08999999999995,swap,acceptBad
3340,2,235.17000000000004,2,166.08999999999995,2opt,notBad
3341,2,235.17000000000004,2,166.08999999999995,swap,notBad
3342,2,203.61,2,166.08999999999995,move,improve
3343,2,203.61,2,166.08999999999995,2opt,notBad
3344,2,203.61,2,166.08999999999995,2opt,notBad
3345,2,203.61,2,166.08999999999995,swap,notBad
3346,2,203.61,2,166.08999999999995,2opt,notBad
3347,2,203.61,2,166.08999999999995,swap,notBad
3348,2,203.61,2,166.08999999999995,2opt,notBad
3349,2,203.61,2,166.08999999999995,swap,notBad
3350,2,203.46000000000006,2,166.08999999999995,swap,improve
3351,2,203.46000000000006,2,166.08999999999995,2opt,notBad
3352,2,203.46000000000006,2,166.08999999999995,2opt,notBad
3353,2,203.46000000000006,2,166.08999999999995,move,improve
3354,2,206.10999999999999,2,166.08999999999995,swap,acceptBad
3355,2,205.05999999999997,2,166.08999999999995,swap,improve
3356,2,201.79,2,166.08999999999995,swap,improve
3357,2,201.79,2,166.08999999999995,2opt,notBad
3358,2,201.79,2,166.08999999999995,move,improve
3359,2,200.34999999999997,2,166.08999999999995,swap,improve
3360,2,200.34999999999997,2,166.08999999999995,2opt,notBad
3361,2,200.34999999999997,2,166.08999999999995,swap,notBad
3362,2,200.34999999999997,2,166.08999999999995,2opt,improve
3363,2,201.09999999999997,2,166.08999999999995,swap,acceptBad
3364,2,200.97999999999996,2,166.08999999999995,swap,improve
3365,2,200.97999999999996,2,166.08999999999995,move,improve
3366,2,200.97999999999996,2,166.08999999999995,swap,notBad
3367,2,200.97999999999996,2,166.08999999999995,swap,notBad
3368,2,200.97999999999996,2,166.08999999999995,2opt,notBad
3369,2,200.97999999999996,2,166.08999999999995,2opt,notBad
3370,2,200.97999999999996,2,166.08999999999995,2opt,notBad
3371,2,200.97999999999996,2,166.08999999999995,swap,notBad
3372,2,199.23999999999995,2,166.08999999999995,swap,improve
3373,2,194.37999999999997,2,166.08999999999995,move,improve
3374,2,194.37999999999997,2,166.08999999999995,2opt,notBad
3375,2,193.20999999999998,2,166.08999999999995,move,improve
3376,2,193.20999999999998,2,166.08999999999995,swap,notBad
3377,2,212.45,2,166.08999999999995,move,acceptBad
3378,2,212.45,2,166.08999999999995,swap,notBad
3379,2,212.0,2,166.08999999999995,move,improve
3380,2,212.0,2,166.08999999999995,move,improve
3381,2,217.19000000000003,2,166.08999999999995,swap,acceptBad
3382,2,217.19000000000003,2,166.08999999999995,move,improve
3383,2,217.19000000000003,2,166.08999999999995,move,improve
3384,2,217.19000000000003,2,166.08999999999995,move,improve
3385,2,217.19000000000003,2,166.08999999999995,swap,notBad
3386,2,217.19000000000003,2,166.08999999999995,move,improve
3387,2,216.89000000000001,2,166.08999999999995,swap,improve
3388,2,216.89000000000001,2,166.08999999999995,move,improve
3389,2,216.89000000000001,2,166.08999999999995,move,improve
3390,2,216.89000000000001,2,166.08999999999995,move,improve
3391,2,216.89000000000001,2,166.08999999999995,move,improve
3392,2,216.89000000000001,2,166.08999999999995,move,improve
3393,2,216.89000000000001,2,166.08999999999995,2opt,notBad
3394,2,216.89000000000001,2,166.08999999999995,move,improve
3395,2,219.01999999999998,2,166.08999999999995,swap,acceptBad
3396,2,219.01999999999998,2,166.08999999999995,swap,notBad
3397,2,218.69000000000003,2,166.08999999999995,move,improve
3398,2,218.69000000000003,2,166.08999999999995,move,improve
3399,2,218.69000000000003,2,166.08999999999995,2opt,notBad
3400,2,218.69000000000003,2,166.08999999999995,move,improve
3401,2,218.69000000000003,2,166.08999999999995,move,improve
3402,2,218.69000000000003,2,166.08999999999995,2opt,notBad
3403,2,207.69,2,166.08999999999995,swap,improve
3404,2,207.69,2,166.08999999999995,swap,notBad
3405,2,205.8,2,166.08999999999995,move,improve
3406,2,206.46,2,166.08999999999995,swap,acceptBad
3407,2,206.46,2,166.08999999999995,move,improve
3408,2,206.46,2,166.08999999999995,move,improve
3409,2,206.46,2,166.08999999999995,move,improve
3410,2,206.46,2,166.08999999999995,2opt,notBad
3411,2,206.46,2,166.08999999999995,move,improve
3412,2,206.46,2,166.08999999999995,move,improve
3413,2,206.46,2,166.08999999999995,2opt,improve
3414,2,206.46,2,166.08999999999995,2opt,notBad
3415,2,203.01000000000005,2,166.08999999999995,move,improve
3416,2,203.01000000000005,2,166.08999999999995,move,improve
3417,2,203.01000000000005,2,166.08999999999995,2opt,notBad
3418,2,200.37,2,166.08999999999995,move,improve
3419,2,200.37,2,166.08999999999995,2opt,notBad
3420,2,200.37,2,166.08999999999995,swap,notBad
3421,2,200.37,2,166.08999999999995,2opt,notBad
3422,2,196.47,2,166.08999999999995,move,improve
3423,2,196.07,2,166.08999999999995,move,improve
3424,2,193.97,2,166.08999999999995,move,improve
3425,2,193.97,2,166.08999999999995,move,improve
3426,2,193.97,2,166.08999999999995,swap,notBad
3427,2,193.97,2,166.08999999999995,swap,notBad
3428,2,193.97,2,166.08999999999995,swap,notBad
3429,2,193.97,2,166.08999999999995,move,improve
3430,2,193.97,2,166.08999999999995,move,improve
3431,2,193.97,2,166.08999999999995,move,improve
3432,2,193.97,2,166.08999999999995,move,improve
3433,2,193.97,2,166.08999999999995,move,improve
3434,2,193.97,2,166.08999999999995,swap,notBad
3435,2,193.97,2,166.08999999999995,swap,notBad
3436,2,193.97,2,166.08999999999995,swap,notBad
3437,2,193.97,2,166.08999999999995,swap,notBad
3438,2,193.97,2,166.08999999999995,swap,notBad
3439,2,215.61,2,166.08999999999995,move,acceptBad
3440,2,215.61,2,166.08999999999995,2opt,notBad
3441,2,215.61,2,166.08999999999995,2opt,notBad
3442,2,216.03000000000003,2,166.08999999999995,swap,acceptBad
3443,2,216.03000000000003,2,166.08999999999995,2opt,notBad
3444,2,216.03000000000003,2,166.08999999999995,move,improve
3445,2,223.29000000000002,2,166.08999999999995,swap,acceptBad
3446,2,223.29000000000002,2,166.08999999999995,2opt,notBad
3447,2,223.29000000000002,2,166.08999999999995,2opt,notBad
3448,2,223.29000000000002,2,166.08999999999995,move,improve
3449,2,223.29000000000002,2,166.08999999999995,2opt,notBad
3450,2,223.29000000000002,2,166.08999999999995,2opt,notBad
3451,2,225.00000000000006,2,166.08999999999995,2opt,acceptBad
3452,2,224.79000000000008,2,166.08999999999995,move,improve
3453,2,224.25000000000006,2,166.08999999999995,move,improve
3454,2,224.25000000000006,2,166.08999999999995,2opt,notBad
3455,2,191.45999999999998,2,166.08999999999995,move,improve
3456,2,191.7,2,166.08999999999995,swap,acceptBad
3457,2,191.7,2,166.08999999999995,2opt,notBad
3458,2,197.18000000000012,2,166.08999999999995,swap,acceptBad
3459,2,202.0700000000001,2,166.08999999999995,swap,acceptBad
3460,2,202.0700000000001,2,166.08999999999995,2opt,notBad
3461,2,218.01000000000013,2,166.08999999999995,swap,acceptBad
3462,2,218.01000000000013,2,166.08999999999995,2opt,notBad
3463,2,213.18000000000006,2,166.08999999999995,move,improve
3464,2,194.40000000000018,2,166.08999999999995,move,improve
3465,2,194.40000000000018,2,166.08999999999995,swap,notBad
3466,2,194.40000000000018,2,166.08999999999995,move,improve
3467,2,194.40000000000018,2,166.08999999999995,swap,notBad
3468,2,194.40000000000018,2,166.08999999999995,move,improve
3469,2,194.40000000000018,2,166.08999999999995,2opt,notBad
3470,2,194.40000000000018,2,166.08999999999995,move,improve
3471,2,194.40000000000018,2,166.08999999999995,2opt,notBad
3472,2,200.85000000000014,2,166.08999999999995,swap,acceptBad
3473,2,200.85000000000014,2,166.08999999999995,move,improve
3474,2,200.85000000000014,2,166.08999999999995,2opt,notBad
3475,2,195.48000000000008,2,166.08999999999995,2opt,improve
3476,2,192.53999999999985,2,166.08999999999995,move,improve
3477,2,192.53999999999985,2,166.08999999999995,move,improve
3478,2,168.20999999999992,2,166.08999999999995,move,improve
3479,2,163.49999999999991,2,163.49999999999991,move,newBest
3480,2,163.49999999999991,2,163.49999999999991,swap,notBad
3481,2,166.4099999999999,2,163.49999999999991,swap,acceptBad
3482,2,166.4099999999999,2,163.49999999999991,move,improve
3483,2,166.4099999999999,2,163.49999999999991,2opt,notBad
3484,2,167.6099999999999,2,163.49999999999991,swap,acceptBad
3485,2,167.6099999999999,2,163.49999999999991,move,improve
3486,2,167.6099999999999,2,163.49999999999991,move,improve
3487,2,167.6099999999999,2,163.49999999999991,2opt,notBad
3488,2,167.3699999999999,2,163.49999999999991,swap,improve
3489,2,167.3699999999999,2,163.49999999999991,2opt,notBad
3490,2,170.24999999999991,2,163.49999999999991,swap,acceptBad
3491,2,170.24999999999991,2,163.49999999999991,2opt,notBad
3492,2,170.24999999999991,2,163.49999999999991,swap,notBad
3493,2,171.65999999999988,2,163.49999999999991,swap,acceptBad
3494,2,171.65999999999988,2,163.49999999999991,swap,notBad
3495,2,170.1599999999999,2,163.49999999999991,move,improve
3496,2,169.3799999999999,2,163.49999999999991,swap,improve
3497,2,169.3799999999999,2,163.49999999999991,2opt,notBad
3498,2,169.3799999999999,2,163.49999999999991,2opt,notBad
3499,2,169.3799999999999,2,163.49999999999991,move,improve
3500,2,169.3799999999999,2,163.49999999999991,move,improve
3501,2,169.3799999999999,2,163.49999999999991,2opt,notBad
3502,2,169.3799999999999,2,163.49999999999991,2opt,notBad
3503,2,169.3799999999999,2,163.49999999999991,2opt,notBad
3504,2,169.3799999999999,2,163.49999999999991,2opt,notBad
3505,2,169.3799999999999,2,163.49999999999991,2opt,notBad
3506,2,169.3799999999999,2,163.49999999999991,2opt,notBad
3507,2,166.3199999999999,2,163.49999999999991,swap,improve
3508,2,166.3199999999999,2,163.49999999999991,2opt,notBad
3509,2,166.3199999999999,2,163.49999999999991,move,improve
3510,2,166.7099999999999,2,163.49999999999991,swap,acceptBad
3511,2,166.7099999999999,2,163.49999999999991,swap,notBad
3512,2,166.7099999999999,2,163.49999999999991,2opt,notBad
3513,2,161.90999999999988,2,161.90999999999988,move,newBest
3514,2,161.90999999999988,2,161.90999999999988,2opt,notBad
3515,2,161.90999999999988,2,161.90999999999988,2opt,notBad
3516,2,161.90999999999988,2,161.90999999999988,move,improve
3517,2,161.90999999999988,2,161.90999999999988,move,improve
3518,2,163.9199999999999,2,161.90999999999988,swap,acceptBad
3519,2,163.9199999999999,2,161.90999999999988,2opt,notBad
3520,2,168.50000000000014,2,161.90999999999988,swap,acceptBad
3521,2,168.50000000000014,2,161.90999999999988,2opt,notBad
3522,2,167.90000000000015,2,161.90999999999988,move,improve
3523,2,167.90000000000015,2,161.90999999999988,2opt,notBad
3524,2,167.90000000000015,2,161.90999999999988,2opt,notBad
3525,2,163.3199999999999,2,161.90999999999988,swap,improve
3526,2,163.3199999999999,2,161.90999999999988,swap,notBad
3527,2,163.3199999999999,2,161.90999999999988,move,improve
3528,2,163.3199999999999,2,161.90999999999988,2opt,notBad
3529,2,163.3199999999999,2,161.90999999999988,2opt,notBad
3530,2,163.3199999999999,2,161.90999999999988,swap,notBad
3531,2,166.4099999999999,2,161.90999999999988,2opt,acceptBad
3532,2,166.4099999999999,2,161.90999999999988,2opt,notBad
3533,2,168.35999999999993,2,161.90999999999988,swap,acceptBad
3534,2,168.35999999999993,2,161.90999999999988,swap,notBad
3535,2,168.35999999999993,2,161.90999999999988,2opt,notBad
3536,2,168.35999999999993,2,161.90999999999988,move,improve
3537,2,168.35999999999993,2,161.90999999999988,move,improve
3538,2,168.35999999999993,2,161.90999999999988,move,improve
3539,2,169.88999999999993,2,161.90999999999988,swap,acceptBad
3540,2,169.49999999999994,2,161.90999999999988,move,improve
3541,2,169.49999999999994,2,161.90999999999988,2opt,notBad
3542,2,169.49999999999994,2,161.90999999999988,swap,notBad
3543,2,169.49999999999994,2,161.90999999999988,swap,notBad
3544,2,169.49999999999994,2,161.90999999999988,move,notBad
3545,2,169.49999999999994,2,161.90999999999988,2opt,notBad
3546,2,168.56999999999994,2,161.90999999999988,move,improve
3547,2,168.56999999999994,2,161.90999999999988,move,improve
3548,2,168.56999999999994,2,161.90999999999988,2opt,notBad
3549,2,169.64999999999995,2,161.90999999999988,swap,acceptBad
3550,2,169.64999999999995,2,161.90999999999988,2opt,notBad
3551,2,169.64999999999995,2,161.90999999999988,move,notBad
3552,2,169.64999999999995,2,161.90999999999988,move,improve
3553,2,170.57999999999996,2,161.90999999999988,swap,acceptBad
3554,2,170.57999999999996,2,161.90999999999988,2opt,notBad
3555,2,168.05999999999995,2,161.90999999999988,move,improve
3556,2,168.05999999999995,2,161.90999999999988,move,improve
3557,2,168.86999999999995,2,161.90999999999988,swap,acceptBad
3558,2,168.86999999999995,2,161.90999999999988,swap,notBad
3559,2,168.86999999999995,2,161.90999999999988,2opt,notBad
3560,2,168.86999999999995,2,161.90999999999988,move,improve
3561,2,168.86999999999995,2,161.90999999999988,2opt,notBad
3562,2,168.86999999999995,2,161.90999999999988,swap,notBad
3563,2,168.86999999999995,2,161.90999999999988,move,improve
3564,2,168.71999999999994,2,161.90999999999988,move,improve
3565,2,169.01999999999992,2,161.90999999999988,swap,acceptBad
3566,2,169.01999999999992,2,161.90999999999988,2opt,notBad
3567,2,169.01999999999992,2,161.90999999999988,move,improve
3568,2,169.01999999999992,2,161.90999999999988,swap,notBad
3569,2,167.18999999999988,2,161.90999999999988,swap,improve
3570,2,165.4499999999999,2,161.90999999999988,swap,improve
3571,2,168.6599999999999,2,161.90999999999988,swap,acceptBad
3572,2,168.59999999999988,2,161.90999999999988,2opt,improve
3573,2,168.59999999999988,2,161.90999999999988,2opt,notBad
3574,2,168.0299999999999,2,161.90999999999988,move,improve
3575,2,166.43999999999988,2,161.90999999999988,move,improve
3576,2,166.43999999999988,2,161.90999999999988,move,improve
3577,2,166.43999999999988,2,161.90999999999988,swap,notBad
3578,2,166.43999999999988,2,161.90999999999988,2opt,notBad
3579,2,165.4799999999999,2,161.90999999999988,swap,improve
3580,2,165.4799999999999,2,161.90999999999988,move,improve
3581,2,165.4799999999999,2,161.90999999999988,2opt,notBad
3582,2,165.4799999999999,2,161.90999999999988,swap,notBad
3583,2,165.4799999999999,2,161.90999999999988,move,improve
3584,2,175.2899999999999,2,161.90999999999988,swap,acceptBad
3585,2,174.59999999999994,2,161.90999999999988,2opt,improve
3586,2,174.59999999999994,2,161.90999999999988,2opt,notBad
3587,2,174.59999999999994,2,161.90999999999988,swap,notBad
3588,2,176.24999999999991,2,161.90999999999988,2opt,acceptBad
3589,2,174.6599999999999,2,161.90999999999988,swap,improve
3590,2,172.58999999999992,2,161.90999999999988,move,improve
3591,2,172.58999999999992,2,161.90999999999988,2opt,improve
3592,2,173.3399999999999,2,161.90999999999988,swap,acceptBad
3593,2,173.3399999999999,2,161.90999999999988,2opt,notBad
3594,2,173.8199999999999,2,161.90999999999988,swap,acceptBad
3595,2,173.8199999999999,2,161.90999999999988,2opt,improve
3596,2,173.8199999999999,2,161.90999999999988,move,improve
3597,2,175.82999999999993,2,161.90999999999988,swap,acceptBad
3598,2,178.77000000000012,2,161.90999999999988,swap,acceptBad
3599,2,178.77000000000012,2,161.90999999999988,swap,notBad
3600,2,179.70999999999995,2,161.90999999999988,swap,acceptBad
3601,2,179.70999999999995,2,161.90999999999988,2opt,improve
3602,2,179.70999999999995,2,161.90999999999988,2opt,notBad
3603,2,171.97000000000008,2,161.90999999999988,move,improve
3604,2,169.96000000000012,2,161.90999999999988,swap,improve
3605,2,169.96000000000012,2,161.90999999999988,2opt,notBad
3606,2,169.96000000000012,2,161.90999999999988,2opt,notBad
3607,2,169.8700000000001,2,161.90999999999988,move,improve
3608,2,169.8700000000001,2,161.90999999999988,move,improve
3609,2,169.8700000000001,2,161.90999999999988,2opt,improve
3610,2,169.8700000000001,2,161.90999999999988,2opt,notBad
3611,2,169.8700000000001,2,161.90999999999988,move,improve
3612,2,169.8700000000001,2,161.90999999999988,move,improve
3613,2,181.6900000000001,2,161.90999999999988,swap,acceptBad
3614,2,181.6900000000001,2,161.90999999999988,move,improve
3615,2,181.6900000000001,2,161.90999999999988,2opt,notBad
3616,2,183.7000000000001,2,161.90999999999988,swap,acceptBad
3617,2,183.7000000000001,2,161.90999999999988,move,improve
3618,2,179.5000000000001,2,161.90999999999988,move,improve
3619,2,179.5000000000001,2,161.90999999999988,move,improve
3620,2,179.5000000000001,2,161.90999999999988,move,improve
3621,2,179.5000000000001,2,161.90999999999988,move,improve
3622,2,179.5000000000001,2,161.90999999999988,2opt,notBad
3623,2,182.8300000000001,2,161.90999999999988,swap,acceptBad
3624,2,182.3500000000001,2,161.90999999999988,move,improve
3625,2,182.3500000000001,2,161.90999999999988,move,improve
3626,2,182.3500000000001,2,161.90999999999988,swap,notBad
3627,2,189.54999999999998,2,161.90999999999988,swap,acceptBad
3628,2,189.54999999999998,2,161.90999999999988,2opt,notBad
3629,2,189.54999999999998,2,161.90999999999988,move,improve
3630,2,186.22,2,161.90999999999988,swap,improve
3631,2,187.92999999999998,2,161.90999999999988,swap,acceptBad
3632,2,187.92999999999998,2,161.90999999999988,swap,notBad
3633,2,188.46999999999997,2,161.90999999999988,swap,acceptBad
3634,2,181.2700000000001,2,161.90999999999988,swap,improve
3635,2,180.9400000000001,2,161.90999999999988,move,improve
3636,2,163.8700000000001,2,161.90999999999988,move,improve
3637,2,163.8700000000001,2,161.90999999999988,2opt,notBad
3638,2,163.8700000000001,2,161.90999999999988,2opt,notBad
3639,2,163.18000000000012,2,161.90999999999988,move,improve
3640,2,163.18000000000012,2,161.90999999999988,2opt,notBad
3641,2,163.18000000000012,2,161.90999999999988,move,improve
3642,2,163.18000000000012,2,161.90999999999988,move,improve
3643,2,163.18000000000012,2,161.90999999999988,2opt,notBad
3644,2,163.18000000000012,2,161.90999999999988,2opt,notBad
3645,2,163.18000000000012,2,161.90999999999988,2opt,notBad
3646,2,164.14000000000013,2,161.90999999999988,2opt,acceptBad
3647,2,162.1300000000001,2,161.90999999999988,move,improve
3648,2,162.1300000000001,2,161.90999999999988,2opt,notBad
3649,2,162.1300000000001,2,161.90999999999988,2opt,notBad
3650,2,161.53000000000011,2,161.53000000000011,swap,newBest
3651,2,161.53000000000011,2,161.53000000000011,2opt,notBad
3652,2,161.53000000000011,2,161.53000000000011,2opt,notBad
3653,2,161.53000000000011,2,161.53000000000011,move,improve
3654,2,156.10000000000014,2,156.10000000000014,move,newBest
3655,2,156.10000000000014,2,156.10000000000014,move,improve
3656,2,156.10000000000014,2,156.10000000000014,2opt,improve
3657,2,157.1200000000001,2,156.10000000000014,swap,acceptBad
3658,2,157.1200000000001,2,156.10000000000014,move,improve
3659,2,156.97000000000008,2,156.10000000000014,move,improve
3660,2,158.7700000000001,2,156.10000000000014,swap,acceptBad
3661,2,158.68000000000012,2,156.10000000000014,swap,improve
3662,2,158.68000000000012,2,156.10000000000014,move,improve
3663,2,158.68000000000012,2,156.10000000000014,2opt,notBad
3664,2,156.97000000000008,2,156.10000000000014,move,improve
3665,2,156.97000000000008,2,156.10000000000014,swap,notBad
3666,2,156.97000000000008,2,156.10000000000014,move,improve
3667,2,156.97000000000008,2,156.10000000000014,2opt,notBad
3668,2,156.97000000000008,2,156.10000000000014,move,improve
3669,2,156.97000000000008,2,156.10000000000014,2opt,notBad
3670,2,155.9500000000001,2,155.9500000000001,move,newBest
3671,2,155.9500000000001,2,155.9500000000001,move,improve
3672,2,155.9500000000001,2,155.9500000000001,move,improve
3673,2,157.9000000000001,2,155.9500000000001,swap,acceptBad
3674,2,157.9000000000001,2,155.9500000000001,move,improve
3675,2,157.9000000000001,2,155.9500000000001,move,improve
3676,2,158.5000000000001,2,155.9500000000001,swap,acceptBad
3677,2,158.5000000000001,2,155.9500000000001,swap,notBad
3678,2,158.5000000000001,2,155.9500000000001,move,improve
3679,2,158.5000000000001,2,155.9500000000001,move,improve
3680,2,158.5000000000001,2,155.9500000000001,2opt,notBad
3681,2,158.5000000000001,2,155.9500000000001,move,improve
3682,2,158.5000000000001,2,155.9500000000001,swap,notBad
3683,2,158.5000000000001,2,155.9500000000001,2opt,notBad
3684,2,158.5000000000001,2,155.9500000000001,move,improve
3685,2,158.5000000000001,2,155.9500000000001,move,improve
3686,2,158.5000000000001,2,155.9500000000001,move,improve
3687,2,157.9000000000001,2,155.9500000000001,move,improve
3688,2,157.9000000000001,2,155.9500000000001,2opt,notBad
3689,2,158.05000000000013,2,155.9500000000001,swap,acceptBad
3690,2,158.05000000000013,2,155.9500000000001,move,improve
3691,2,158.05000000000013,2,155.9500000000001,2opt,notBad
3692,2,158.05000000000013,2,155.9500000000001,2opt,improve
3693,2,158.05000000000013,2,155.9500000000001,move,improve
3694,2,163.36000000000013,2,155.9500000000001,swap,acceptBad
3695,2,163.36000000000013,2,155.9500000000001,2opt,notBad
3696,2,163.36000000000013,2,155.9500000000001,2opt,notBad
3697,2,163.36000000000013,2,155.9500000000001,2opt,notBad
3698,2,161.8300000000001,2,155.9500000000001,swap,improve
3699,2,161.8300000000001,2,155.9500000000001,swap,notBad
3700,2,161.53000000000011,2,155.9500000000001,swap,improve
3701,2,161.53000000000011,2,155.9500000000001,2opt,notBad
3702,2,162.4000000000001,2,155.9500000000001,swap,acceptBad
3703,2,162.4000000000001,2,155.9500000000001,2opt,improve
3704,2,162.4000000000001,2,155.9500000000001,2opt,improve
3705,2,162.4000000000001,2,155.9500000000001,swap,notBad
3706,2,162.4000000000001,2,155.9500000000001,move,improve
3707,2,162.4000000000001,2,155.9500000000001,move,improve
3708,2,161.86000000000007,2,155.9500000000001,swap,improve
3709,2,161.86000000000007,2,155.9500000000001,swap,notBad
3710,2,161.86000000000007,2,155.9500000000001,move,improve
3711,2,160.1500000000001,2,155.9500000000001,move,improve
3712,2,160.1500000000001,2,155.9500000000001,swap,notBad
3713,2,160.1500000000001,2,155.9500000000001,move,improve
3714,2,160.1500000000001,2,155.9500000000001,2opt,notBad
3715,2,160.1500000000001,2,155.9500000000001,move,improve
3716,2,166.8100000000001,2,155.9500000000001,swap,acceptBad
3717,2,171.7000000000001,2,155.9500000000001,swap,acceptBad
3718,2,171.7000000000001,2,155.9500000000001,2opt,improve
3719,2,172.2700000000001,2,155.9500000000001,swap,acceptBad
3720,2,172.2700000000001,2,155.9500000000001,2opt,notBad
3721,2,168.5200000000001,2,155.9500000000001,move,improve
3722,2,168.5200000000001,2,155.9500000000001,2opt,notBad
3723,2,168.46000000000012,2,155.9500000000001,move,improve
3724,2,168.46000000000012,2,155.9500000000001,2opt,notBad
3725,2,168.46000000000012,2,155.9500000000001,move,improve
3726,2,168.46000000000012,2,155.9500000000001,2opt,notBad
3727,2,168.46000000000012,2,155.9500000000001,move,improve
3728,2,168.46000000000012,2,155.9500000000001,2opt,notBad
3729,2,168.46000000000012,2,155.9500000000001,move,improve
3730,2,168.46000000000012,2,155.9500000000001,2opt,improve
3731,2,168.46000000000012,2,155.9500000000001,move,improve
3732,2,168.46000000000012,2,155.9500000000001,swap,notBad
3733,2,170.2600000000001,2,155.9500000000001,swap,acceptBad
3734,2,170.2600000000001,2,155.9500000000001,swap,notBad
3735,2,170.2000000000001,2,155.9500000000001,swap,improve
3736,2,170.2000000000001,2,155.9500000000001,swap,notBad
3737,2,170.2000000000001,2,155.9500000000001,move,improve
3738,2,170.2000000000001,2,155.9500000000001,move,improve
3739,2,170.2000000000001,2,155.9500000000001,2opt,notBad
3740,2,172.27000000000012,2,155.9500000000001,swap,acceptBad
3741,2,175.0000000000001,2,155.9500000000001,swap,acceptBad
3742,2,175.0000000000001,2,155.9500000000001,move,improve
3743,2,175.21000000000012,2,155.9500000000001,swap,acceptBad
3744,2,175.21000000000012,2,155.9500000000001,move,improve
3745,2,175.21000000000012,2,155.9500000000001,2opt,notBad
3746,2,168.28000000000011,2,155.9500000000001,swap,improve
3747,2,170.0500000000001,2,155.9500000000001,swap,acceptBad
3748,2,170.0500000000001,2,155.9500000000001,2opt,notBad
3749,2,170.0500000000001,2,155.9500000000001,2opt,notBad
3750,2,168.28000000000011,2,155.9500000000001,swap,improve
3751,2,168.28000000000011,2,155.9500000000001,swap,notBad
3752,2,168.28000000000011,2,155.9500000000001,swap,notBad
3753,2,168.28000000000011,2,155.9500000000001,move,improve
3754,2,168.16000000000008,2,155.9500000000001,move,improve
3755,2,168.16000000000008,2,155.9500000000001,2opt,notBad
3756,2,168.16000000000008,2,155.9500000000001,2opt,notBad
3757,2,168.16000000000008,2,155.9500000000001,move,improve
3758,2,168.16000000000008,2,155.9500000000001,2opt,notBad
3759,2,168.16000000000008,2,155.9500000000001,move,improve
3760,2,168.16000000000008,2,155.9500000000001,move,improve
3761,2,168.16000000000008,2,155.9500000000001,move,improve
3762,2,168.16000000000008,2,155.9500000000001,2opt,notBad
3763,2,168.01000000000008,2,155.9500000000001,move,improve
3764,2,165.04000000000008,2,155.9500000000001,move,improve
3765,2,165.04000000000008,2,155.9500000000001,2opt,notBad
3766,2,165.04000000000008,2,155.9500000000001,2opt,improve
3767,2,165.04000000000008,2,155.9500000000001,move,improve
3768,2,165.04000000000008,2,155.9500000000001,move,improve
3769,2,165.04000000000008,2,155.9500000000001,swap,notBad
3770,2,165.04000000000008,2,155.9500000000001,2opt,notBad
3771,2,165.04000000000008,2,155.9500000000001,swap,notBad
3772,2,165.85000000000008,2,155.9500000000001,swap,acceptBad
3773,2,165.85000000000008,2,155.9500000000001,2opt,notBad
3774,2,165.04000000000008,2,155.9500000000001,move,improve
3775,2,165.04000000000008,2,155.9500000000001,move,improve
3776,2,170.8300000000001,2,155.9500000000001,swap,acceptBad
3777,2,172.3200000000001,2,155.9500000000001,swap,acceptBad
3778,2,170.6400000000001,2,155.9500000000001,move,improve
3779,2,170.6400000000001,2,155.9500000000001,2opt,notBad
3780,2,171.0600000000001,2,155.9500000000001,swap,acceptBad
3781,2,171.0600000000001,2,155.9500000000001,move,improve
3782,2,171.0600000000001,2,155.9500000000001,swap,notBad
3783,2,170.13000000000008,2,155.9500000000001,move,improve
3784,2,170.13000000000008,2,155.9500000000001,move,improve
3785,2,170.13000000000008,2,155.9500000000001,swap,notBad
3786,2,170.13000000000008,2,155.9500000000001,move,improve
3787,2,170.13000000000008,2,155.9500000000001,move,improve
3788,2,170.13000000000008,2,155.9500000000001,2opt,notBad
3789,2,170.13000000000008,2,155.9500000000001,swap,notBad
3790,2,169.6200000000001,2,155.9500000000001,move,improve
3791,2,169.6200000000001,2,155.9500000000001,swap,notBad
3792,2,169.6200000000001,2,155.9500000000001,swap,notBad
3793,2,169.6200000000001,2,155.9500000000001,2opt,notBad
3794,2,169.6200000000001,2,155.9500000000001,move,improve
3795,2,169.6200000000001,2,155.9500000000001,2opt,notBad
3796,2,169.6200000000001,2,155.9500000000001,swap,notBad
3797,2,168.9300000000001,2,155.9500000000001,swap,improve
3798,2,170.70000000000007,2,155.9500000000001,swap,acceptBad
3799,2,170.70000000000007,2,155.9500000000001,2opt,notBad
3800,2,174.15000000000006,2,155.9500000000001,swap,acceptBad
3801,2,174.15000000000006,2,155.9500000000001,2opt,notBad
3802,2,174.15000000000006,2,155.9500000000001,move,improve
3803,2,174.15000000000006,2,155.9500000000001,move,notBad
3804,2,175.1500000000001,2,155.9500000000001,swap,acceptBad
3805,2,172.24000000000012,2,155.9500000000001,swap,improve
3806,2,172.24000000000012,2,155.9500000000001,move,improve
3807,2,172.24000000000012,2,155.9500000000001,move,improve
3808,2,170.9800000000001,2,155.9500000000001,swap,improve
3809,2,172.3300000000001,2,155.9500000000001,swap,acceptBad
3810,2,174.1000000000001,2,155.9500000000001,swap,acceptBad
3811,2,174.1000000000001,2,155.9500000000001,2opt,improve
3812,2,174.1000000000001,2,155.9500000000001,2opt,notBad
3813,2,172.36000000000007,2,155.9500000000001,move,improve
3814,2,172.36000000000007,2,155.9500000000001,move,improve
3815,2,172.66000000000008,2,155.9500000000001,swap,acceptBad
3816,2,172.66000000000008,2,155.9500000000001,2opt,notBad
3817,2,172.66000000000008,2,155.9500000000001,swap,notBad
3818,2,172.66000000000008,2,155.9500000000001,2opt,notBad
3819,2,172.66000000000008,2,155.9500000000001,swap,notBad
3820,2,170.98000000000008,2,155.9500000000001,move,improve
3821,2,170.98000000000008,2,155.9500000000001,2opt,notBad
3822,2,170.98000000000008,2,155.9500000000001,move,improve
3823,2,170.98000000000008,2,155.9500000000001,2opt,notBad
3824,2,170.98000000000008,2,155.9500000000001,2opt,notBad
3825,2,170.98000000000008,2,155.9500000000001,swap,notBad
3826,2,170.98000000000008,2,155.9500000000001,2opt,notBad
3827,2,167.23000000000008,2,155.9500000000001,swap,improve
3828,2,167.23000000000008,2,155.9500000000001,2opt,notBad
3829,2,167.23000000000008,2,155.9500000000001,swap,notBad
3830,2,164.2000000000001,2,155.9500000000001,swap,improve
3831,2,163.72000000000008,2,155.9500000000001,move,improve
3832,2,163.72000000000008,2,155.9500000000001,swap,notBad
3833,2,166.4500000000001,2,155.9500000000001,swap,acceptBad
3834,2,166.4500000000001,2,155.9500000000001,2opt,notBad
3835,2,166.4500000000001,2,155.9500000000001,2opt,notBad
3836,2,166.4500000000001,2,155.9500000000001,2opt,notBad
3837,2,166.36000000000007,2,155.9500000000001,move,improve
3838,2,166.36000000000007,2,155.9500000000001,move,improve
3839,2,166.36000000000007,2,155.9500000000001,swap,notBad
3840,2,166.36000000000007,2,155.9500000000001,move,improve
3841,2,166.36000000000007,2,155.9500000000001,move,improve
3842,2,166.36000000000007,2,155.9500000000001,2opt,notBad
3843,2,166.36000000000007,2,155.9500000000001,move,improve
3844,2,166.36000000000007,2,155.9500000000001,2opt,notBad
3845,2,166.36000000000007,2,155.9500000000001,swap,notBad
3846,2,165.43000000000012,2,155.9500000000001,swap,improve
3847,2,164.5600000000001,2,155.9500000000001,move,improve
3848,2,164.5600000000001,2,155.9500000000001,2opt,notBad
3849,2,164.5600000000001,2,155.9500000000001,swap,notBad
3850,2,164.5600000000001,2,155.9500000000001,2opt,notBad
3851,2,164.5600000000001,2,155.9500000000001,2opt,notBad
3852,2,162.1900000000001,2,155.9500000000001,swap,improve
3853,2,161.53000000000011,2,155.9500000000001,move,improve
3854,2,161.53000000000011,2,155.9500000000001,2opt,improve
3855,2,161.53000000000011,2,155.9500000000001,swap,notBad
3856,2,161.53000000000011,2,155.9500000000001,move,improve
3857,2,161.53000000000011,2,155.9500000000001,2opt,notBad
3858,2,161.53000000000011,2,155.9500000000001,move,improve
3859,2,161.53000000000011,2,155.9500000000001,2opt,notBad
3860,2,161.53000000000011,2,155.9500000000001,swap,notBad
3861,2,161.53000000000011,2,155.9500000000001,move,improve
3862,2,161.53000000000011,2,155.9500000000001,2opt,improve
3863,2,163.09000000000012,2,155.9500000000001,swap,acceptBad
3864,2,163.09000000000012,2,155.9500000000001,2opt,notBad
3865,2,163.09000000000012,2,155.9500000000001,swap,notBad
3866,2,163.0300000000001,2,155.9500000000001,swap,improve
3867,2,163.0300000000001,2,155.9500000000001,swap,notBad
3868,2,163.09000000000012,2,155.9500000000001,swap,acceptBad
3869,2,163.09000000000012,2,155.9500000000001,2opt,notBad
3870,2,163.09000000000012,2,155.9500000000001,move,improve
3871,2,163.09000000000012,2,155.9500000000001,2opt,notBad
3872,2,160.24000000000007,2,155.9500000000001,move,improve
3873,2,160.24000000000007,2,155.9500000000001,move,improve
3874,2,164.4700000000001,2,155.9500000000001,swap,acceptBad
3875,2,164.4700000000001,2,155.9500000000001,move,improve
3876,2,164.2300000000001,2,155.9500000000001,move,improve
3877,2,164.2300000000001,2,155.9500000000001,swap,notBad
3878,2,164.2300000000001,2,155.9500000000001,2opt,notBad
3879,2,164.2300000000001,2,155.9500000000001,swap,notBad
3880,2,164.2300000000001,2,155.9500000000001,swap,notBad
3881,2,164.2300000000001,2,155.9500000000001,2opt,notBad
3882,2,164.2300000000001,2,155.9500000000001,swap,notBad
3883,2,164.2300000000001,2,155.9500000000001,move,improve
3884,2,164.2300000000001,2,155.9500000000001,swap,notBad
3885,2,164.2300000000001,2,155.9500000000001,move,improve
3886,2,164.2300000000001,2,155.9500000000001,2opt,notBad
3887,2,164.2300000000001,2,155.9500000000001,2opt,notBad
3888,2,164.2300000000001,2,155.9500000000001,2opt,notBad
3889,2,164.2300000000001,2,155.9500000000001,2opt,notBad
3890,2,164.2300000000001,2,155.9500000000001,2opt,notBad
3891,2,164.2300000000001,2,155.9500000000001,move,improve
3892,2,166.87000000000012,2,155.9500000000001,swap,acceptBad
3893,2,166.87000000000012,2,155.9500000000001,swap,notBad
3894,2,166.87000000000012,2,155.9500000000001,swap,notBad
3895,2,161.5300000000001,2,155.9500000000001,move,improve
3896,2,161.5300000000001,2,155.9500000000001,2opt,notBad
3897,2,161.5300000000001,2,155.9500000000001,2opt,notBad
3898,2,161.5300000000001,2,155.9500000000001,2opt,notBad
3899,2,159.19000000000008,2,155.9500000000001,move,improve
3900,2,159.19000000000008,2,155.9500000000001,2opt,notBad
3901,2,150.91000000000008,2,150.91000000000008,move,newBest
3902,2,150.91000000000008,2,150.91000000000008,2opt,notBad
3903,2,150.67000000000007,2,150.67000000000007,move,newBest
3904,2,150.67000000000007,2,150.67000000000007,swap,notBad
3905,2,142.3300000000001,2,142.3300000000001,move,newBest
3906,2,142.3300000000001,2,142.3300000000001,move,improve
3907,2,142.3300000000001,2,142.3300000000001,2opt,notBad
3908,2,142.3300000000001,2,142.3300000000001,2opt,notBad
3909,2,142.3300000000001,2,142.3300000000001,2opt,notBad
3910,2,141.4300000000001,2,141.4300000000001,move,newBest
3911,2,141.4300000000001,2,141.4300000000001,move,improve
3912,2,141.4300000000001,2,141.4300000000001,swap,notBad
3913,2,141.4300000000001,2,141.4300000000001,move,improve
3914,2,141.4300000000001,2,141.4300000000001,swap,notBad
3915,2,141.4300000000001,2,141.4300000000001,move,improve
3916,2,140.41000000000008,2,140.41000000000008,move,newBest
3917,2,140.41000000000008,2,140.41000000000008,move,improve
3918,2,140.41000000000008,2,140.41000000000008,swap,notBad
3919,2,140.41000000000008,2,140.41000000000008,2opt,notBad
3920,2,145.24000000000007,2,140.41000000000008,swap,acceptBad
3921,2,145.24000000000007,2,140.41000000000008,swap,notBad
3922,2,145.24000000000007,2,140.41000000000008,2opt,notBad
3923,2,145.24000000000007,2,140.41000000000008,swap,notBad
3924,2,145.24000000000007,2,140.41000000000008,swap,notBad
3925,2,145.24000000000007,2,140.41000000000008,2opt,notBad
3926,2,145.24000000000007,2,140.41000000000008,2opt,improve
3927,2,145.24000000000007,2,140.41000000000008,2opt,notBad
3928,2,145.24000000000007,2,140.41000000000008,swap,notBad
3929,2,145.24000000000007,2,140.41000000000008,move,improve
3930,2,145.24000000000007,2,140.41000000000008,2opt,notBad
3931,2,145.24000000000007,2,140.41000000000008,2opt,notBad
3932,2,145.24000000000007,2,140.41000000000008,2opt,notBad
3933,2,145.24000000000007,2,140.41000000000008,move,improve
3934,2,145.24000000000007,2,140.41000000000008,2opt,notBad
3935,2,145.24000000000007,2,140.41000000000008,swap,notBad
3936,2,142.1800000000001,2,140.41000000000008,move,improve
3937,2,142.1800000000001,2,140.41000000000008,2opt,improve
3938,2,144.82000000000008,2,140.41000000000008,swap,acceptBad
3939,2,144.82000000000008,2,140.41000000000008,2opt,notBad
3940,2,144.82000000000008,2,140.41000000000008,move,improve
3941,2,144.82000000000008,2,140.41000000000008,2opt,notBad
3942,2,144.19000000000008,2,140.41000000000008,move,improve
3943,2,144.19000000000008,2,140.41000000000008,2opt,improve
3944,2,144.19000000000008,2,140.41000000000008,swap,notBad
3945,2,144.19000000000008,2,140.41000000000008,2opt,notBad
3946,2,144.19000000000008,2,140.41000000000008,move,improve
3947,2,144.19000000000008,2,140.41000000000008,move,improve
3948,2,144.19000000000008,2,140.41000000000008,swap,notBad
3949,2,143.19000000000008,2,140.41000000000008,move,improve
3950,2,143.19000000000008,2,140.41000000000008,swap,notBad
3951,2,142.23000000000008,2,140.41000000000008,move,improve
3952,2,142.23000000000008,2,140.41000000000008,swap,notBad
3953,2,142.23000000000008,2,140.41000000000008,move,improve
3954,2,142.23000000000008,2,140.41000000000008,move,improve
3955,2,142.23000000000008,2,140.41000000000008,2opt,notBad
3956,2,142.35000000000008,2,140.41000000000008,swap,acceptBad
3957,2,142.35000000000008,2,140.41000000000008,2opt,improve
3958,2,142.35000000000008,2,140.41000000000008,2opt,notBad
3959,2,144.99000000000007,2,140.41000000000008,swap,acceptBad
3960,2,144.99000000000007,2,140.41000000000008,swap,notBad
3961,2,143.82000000000005,2,140.41000000000008,move,improve
3962,2,143.82000000000005,2,140.41000000000008,2opt,notBad
3963,2,143.82000000000005,2,140.41000000000008,swap,notBad
3964,2,143.82000000000005,2,140.41000000000008,2opt,improve
3965,2,142.80000000000007,2,140.41000000000008,move,improve
3966,2,142.80000000000007,2,140.41000000000008,2opt,notBad
3967,2,141.60000000000005,2,140.41000000000008,move,improve
3968,2,141.60000000000005,2,140.41000000000008,swap,notBad
3969,2,141.60000000000005,2,140.41000000000008,swap,notBad
3970,2,142.83000000000007,2,140.41000000000008,swap,acceptBad
3971,2,142.83000000000007,2,140.41000000000008,swap,notBad
3972,2,142.83000000000007,2,140.41000000000008,2opt,notBad
3973,2,142.83000000000007,2,140.41000000000008,2opt,notBad
3974,2,150.16999999999996,2,140.41000000000008,swap,acceptBad
3975,2,150.58999999999997,2,140.41000000000008,swap,acceptBad
3976,2,150.58999999999997,2,140.41000000000008,swap,notBad
3977,2,150.58999999999997,2,140.41000000000008,swap,notBad
3978,2,150.58999999999997,2,140.41000000000008,swap,notBad
3979,2,150.58999999999997,2,140.41000000000008,2opt,notBad
3980,2,150.58999999999997,2,140.41000000000008,2opt,notBad
3981,2,150.70999999999995,2,140.41000000000008,swap,acceptBad
3982,2,143.37000000000006,2,140.41000000000008,move,improve
3983,2,143.37000000000006,2,140.41000000000008,2opt,improve
3984,2,143.91000000000008,2,140.41000000000008,swap,acceptBad
3985,2,143.91000000000008,2,140.41000000000008,swap,notBad
3986,2,143.91000000000008,2,140.41000000000008,move,improve
3987,2,147.71000000000012,2,140.41000000000008,swap,acceptBad
3988,2,147.71000000000012,2,140.41000000000008,2opt,notBad
3989,2,147.71000000000012,2,140.41000000000008,2opt,improve
3990,2,147.71000000000012,2,140.41000000000008,swap,notBad
3991,2,147.1700000000001,2,140.41000000000008,swap,improve
3992,2,148.8800000000001,2,140.41000000000008,swap,acceptBad
3993,2,148.8800000000001,2,140.41000000000008,swap,notBad
3994,2,148.8800000000001,2,140.41000000000008,move,improve
3995,2,148.8800000000001,2,140.41000000000008,2opt,notBad
3996,2,148.8800000000001,2,140.41000000000008,move,improve
3997,2,148.8800000000001,2,140.41000000000008,move,improve
3998,2,148.8800000000001,2,140.41000000000008,2opt,notBad
3999,2,148.8800000000001,2,140.41000000000008,2opt,notBad
4000,2,150.1400000000001,2,140.41000000000008,swap,acceptBad
4001,2,150.1400000000001,2,140.41000000000008,move,improve
4002,2,150.1400000000001,2,140.41000000000008,swap,notBad
4003,2,150.44000000000008,2,140.41000000000008,swap,acceptBad
4004,2,150.3200000000001,2,140.41000000000008,move,improve
4005,2,150.3200000000001,2,140.41000000000008,2opt,notBad
4006,2,150.3200000000001,2,140.41000000000008,2opt,notBad
4007,2,150.3200000000001,2,140.41000000000008,move,improve
4008,2,150.3200000000001,2,140.41000000000008,swap,notBad
4009,2,150.3200000000001,2,140.41000000000008,2opt,notBad
4010,2,167.00999999999996,2,140.41000000000008,move,acceptBad
4011,2,167.00999999999996,2,140.41000000000008,2opt,notBad
4012,2,165.62999999999997,2,140.41000000000008,swap,improve
4013,2,165.62999999999997,2,140.41000000000008,swap,notBad
4014,2,165.62999999999997,2,140.41000000000008,swap,notBad
4015,2,165.62999999999997,2,140.41000000000008,2opt,notBad
4016,2,165.10999999999996,2,140.41000000000008,swap,improve
4017,2,165.10999999999996,2,140.41000000000008,move,improve
4018,2,165.10999999999996,2,140.41000000000008,swap,notBad
4019,2,165.10999999999996,2,140.41000000000008,2opt,notBad
4020,2,165.10999999999996,2,140.41000000000008,move,improve
4021,2,165.10999999999996,2,140.41000000000008,swap,notBad
4022,2,166.12999999999997,2,140.41000000000008,swap,acceptBad
4023,2,166.12999999999997,2,140.41000000000008,swap,notBad
4024,2,165.97999999999996,2,140.41000000000008,move,improve
4025,2,165.97999999999996,2,140.41000000000008,move,improve
4026,2,165.97999999999996,2,140.41000000000008,2opt,notBad
4027,2,165.97999999999996,2,140.41000000000008,2opt,notBad
4028,2,168.49999999999997,2,140.41000000000008,swap,acceptBad
4029,2,168.49999999999997,2,140.41000000000008,move,improve
4030,2,168.49999999999997,2,140.41000000000008,2opt,notBad
4031,2,168.49999999999997,2,140.41000000000008,move,improve
4032,2,168.49999999999997,2,140.41000000000008,swap,notBad
4033,2,168.49999999999997,2,140.41000000000008,2opt,notBad
4034,2,166.99999999999997,2,140.41000000000008,swap,improve
4035,2,166.99999999999997,2,140.41000000000008,move,improve
4036,2,168.91999999999996,2,140.41000000000008,move,acceptBad
4037,2,171.41000000000008,2,140.41000000000008,2opt,acceptBad
4038,2,171.41000000000008,2,140.41000000000008,2opt,notBad
4039,2,171.41000000000008,2,140.41000000000008,2opt,notBad
4040,2,171.41000000000008,2,140.41000000000008,2opt,notBad
4041,2,171.14000000000007,2,140.41000000000008,move,improve
4042,2,170.1200000000001,2,140.41000000000008,swap,improve
4043,2,168.23000000000008,2,140.41000000000008,move,improve
4044,2,168.23000000000008,2,140.41000000000008,2opt,notBad
4045,2,161.57000000000005,2,140.41000000000008,swap,improve
4046,2,161.57000000000005,2,140.41000000000008,swap,notBad
4047,2,161.57000000000005,2,140.41000000000008,2opt,notBad
4048,2,156.63999999999996,2,140.41000000000008,move,improve
4049,2,156.03999999999996,2,140.41000000000008,move,improve
4050,2,156.03999999999996,2,140.41000000000008,2opt,notBad
4051,2,156.03999999999996,2,140.41000000000008,move,improve
4052,2,156.30999999999997,2,140.41000000000008,swap,acceptBad
4053,2,156.24999999999997,2,140.41000000000008,move,improve
4054,2,156.24999999999997,2,140.41000000000008,2opt,notBad
4055,2,156.24999999999997,2,140.41000000000008,move,improve
4056,2,157.14999999999998,2,140.41000000000008,swap,acceptBad
4057,2,157.14999999999998,2,140.41000000000008,2opt,notBad
4058,2,157.14999999999998,2,140.41000000000008,move,improve
4059,2,155.44000000000003,2,140.41000000000008,swap,improve
4060,2,155.44000000000003,2,140.41000000000008,move,improve
4061,2,155.44000000000003,2,140.41000000000008,2opt,notBad
4062,2,156.94000000000003,2,140.41000000000008,swap,acceptBad
4063,2,156.94000000000003,2,140.41000000000008,swap,notBad
4064,2,157.93,2,140.41000000000008,swap,acceptBad
4065,2,159.73000000000002,2,140.41000000000008,swap,acceptBad
4066,2,160.33,2,140.41000000000008,swap,acceptBad
4067,2,160.18,2,140.41000000000008,move,improve
4068,2,159.40000000000003,2,140.41000000000008,move,improve
4069,2,157.42,2,140.41000000000008,swap,improve
4070,2,159.49000000000004,2,140.41000000000008,swap,acceptBad
4071,2,159.49000000000004,2,140.41000000000008,2opt,notBad
4072,2,158.47,2,140.41000000000008,move,improve
4073,2,158.47,2,140.41000000000008,2opt,notBad
4074,2,158.47,2,140.41000000000008,2opt,notBad
4075,2,158.47,2,140.41000000000008,2opt,notBad
4076,2,156.22,2,140.41000000000008,move,improve
4077,2,156.22,2,140.41000000000008,move,improve
4078,2,159.55000000000004,2,140.41000000000008,swap,acceptBad
4079,2,162.40000000000003,2,140.41000000000008,swap,acceptBad
4080,2,162.40000000000003,2,140.41000000000008,2opt,notBad
4081,2,162.76,2,140.41000000000008,swap,acceptBad
4082,2,162.76,2,140.41000000000008,move,improve
4083,2,157.15000000000003,2,140.41000000000008,move,improve
4084,2,157.15000000000003,2,140.41000000000008,2opt,notBad
4085,2,157.15000000000003,2,140.41000000000008,2opt,notBad
4086,2,157.15000000000003,2,140.41000000000008,2opt,notBad
4087,2,157.15000000000003,2,140.41000000000008,2opt,notBad
4088,2,152.74,2,140.41000000000008,swap,improve
4089,2,151.39000000000001,2,140.41000000000008,move,improve
4090,2,151.39000000000001,2,140.41000000000008,swap,notBad
4091,2,151.39000000000001,2,140.41000000000008,swap,notBad
4092,2,154.63,2,140.41000000000008,swap,acceptBad
4093,2,154.63,2,140.41000000000008,2opt,notBad
4094,2,154.63,2,140.41000000000008,2opt,notBad
4095,2,157.35999999999999,2,140.41000000000008,swap,acceptBad
4096,2,157.35999999999999,2,140.41000000000008,move,improve
4097,2,157.35999999999999,2,140.41000000000008,2opt,improve
4098,2,157.35999999999999,2,140.41000000000008,move,improve
4099,2,157.6,2,140.41000000000008,2opt,acceptBad
4100,2,157.6,2,140.41000000000008,2opt,notBad
4101,2,157.6,2,140.41000000000008,2opt,notBad
4102,2,157.6,2,140.41000000000008,move,improve
4103,2,157.3,2,140.41000000000008,move,improve
4104,2,157.3,2,140.41000000000008,move,improve
4105,2,157.3,2,140.41000000000008,swap,notBad
4106,2,157.3,2,140.41000000000008,swap,notBad
4107,2,156.67,2,140.41000000000008,move,improve
4108,2,156.67,2,140.41000000000008,swap,notBad
4109,2,161.07000000000002,2,140.41000000000008,swap,acceptBad
4110,2,158.31,2,140.41000000000008,move,improve
4111,2,156.32999999999998,2,140.41000000000008,move,improve
4112,2,156.32999999999998,2,140.41000000000008,2opt,notBad
4113,2,156.32999999999998,2,140.41000000000008,move,improve
4114,2,156.32999999999998,2,140.41000000000008,move,improve
4115,2,151.93,2,140.41000000000008,swap,improve
4116,2,151.93,2,140.41000000000008,move,improve
4117,2,151.93,2,140.41000000000008,2opt,notBad
4118,2,152.17000000000002,2,140.41000000000008,swap,acceptBad
4119,2,151.93,2,140.41000000000008,move,improve
4120,2,151.93,2,140.41000000000008,move,improve
4121,2,151.93,2,140.41000000000008,move,improve
4122,2,150.52000000000004,2,140.41000000000008,move,improve
4123,2,150.52000000000004,2,140.41000000000008,swap,notBad
4124,2,150.52000000000004,2,140.41000000000008,swap,notBad
4125,2,150.52000000000004,2,140.41000000000008,2opt,improve
4126,2,150.52000000000004,2,140.41000000000008,2opt,notBad
4127,2,150.52000000000004,2,140.41000000000008,swap,notBad
4128,2,150.52000000000004,2,140.41000000000008,2opt,notBad
4129,2,150.52000000000004,2,140.41000000000008,swap,notBad
4130,2,150.52000000000004,2,140.41000000000008,swap,notBad
4131,2,150.52000000000004,2,140.41000000000008,2opt,notBad
4132,2,150.52000000000004,2,140.41000000000008,2opt,notBad
4133,2,150.52000000000004,2,140.41000000000008,swap,notBad
4134,2,150.52000000000004,2,140.41000000000008,move,improve
4135,2,150.52000000000004,2,140.41000000000008,2opt,notBad
4136,2,150.52000000000004,2,140.41000000000008,swap,notBad
4137,2,150.52000000000004,2,140.41000000000008,2opt,improve
4138,2,152.98000000000002,2,140.41000000000008,swap,acceptBad
4139,2,152.98000000000002,2,140.41000000000008,2opt,improve
4140,2,151.66000000000003,2,140.41000000000008,move,improve
4141,2,151.66000000000003,2,140.41000000000008,2opt,improve
4142,2,151.66000000000003,2,140.41000000000008,swap,notBad
4143,2,151.66000000000003,2,140.41000000000008,move,improve
4144,2,151.42000000000004,2,140.41000000000008,swap,improve
4145,2,151.42000000000004,2,140.41000000000008,2opt,notBad
4146,2,151.42000000000004,2,140.41000000000008,move,improve
4147,2,151.42000000000004,2,140.41000000000008,move,improve
4148,2,151.42000000000004,2,140.41000000000008,2opt,notBad
4149,2,151.42000000000004,2,140.41000000000008,2opt,notBad
4150,2,151.42000000000004,2,140.41000000000008,move,improve
4151,2,151.42000000000004,2,140.41000000000008,2opt,notBad
4152,2,151.42000000000004,2,140.41000000000008,2opt,notBad
4153,2,151.42000000000004,2,140.41000000000008,move,notBad
4154,2,151.42000000000004,2,140.41000000000008,2opt,notBad
4155,2,151.42000000000004,2,140.41000000000008,2opt,notBad
4156,2,151.42000000000004,2,140.41000000000008,move,improve
4157,2,151.42000000000004,2,140.41000000000008,move,improve
4158,2,155.56000000000006,2,140.41000000000008,swap,acceptBad
4159,2,155.56000000000006,2,140.41000000000008,move,improve
4160,2,155.77000000000004,2,140.41000000000008,swap,acceptBad
4161,2,155.77000000000004,2,140.41000000000008,move,improve
4162,2,155.77000000000004,2,140.41000000000008,move,improve
4163,2,155.77000000000004,2,140.41000000000008,move,improve
4164,2,155.77000000000004,2,140.41000000000008,swap,notBad
4165,2,153.34000000000003,2,140.41000000000008,swap,improve
4166,2,153.34000000000003,2,140.41000000000008,2opt,improve
4167,2,150.34000000000003,2,140.41000000000008,move,improve
4168,2,150.34000000000003,2,140.41000000000008,move,improve
4169,2,150.34000000000003,2,140.41000000000008,2opt,notBad
4170,2,150.34000000000003,2,140.41000000000008,move,improve
4171,2,152.35000000000002,2,140.41000000000008,swap,acceptBad
4172,2,154.99000000000004,2,140.41000000000008,swap,acceptBad
4173,2,154.99000000000004,2,140.41000000000008,move,improve
4174,2,154.99000000000004,2,140.41000000000008,2opt,notBad
4175,2,156.07,2,140.41000000000008,2opt,acceptBad
4176,2,156.07,2,140.41000000000008,move,improve
4177,2,156.07,2,140.41000000000008,2opt,notBad
4178,2,156.07,2,140.41000000000008,move,improve
4179,2,156.07,2,140.41000000000008,2opt,notBad
4180,2,156.07,2,140.41000000000008,move,improve
4181,2,156.07,2,140.41000000000008,2opt,notBad
4182,2,156.07,2,140.41000000000008,2opt,notBad
4183,2,156.07,2,140.41000000000008,swap,notBad
4184,2,152.02,2,140.41000000000008,move,improve
4185,2,150.46,2,140.41000000000008,swap,improve
4186,2,150.46,2,140.41000000000008,move,improve
4187,2,150.46,2,140.41000000000008,move,improve
4188,2,150.46,2,140.41000000000008,2opt,notBad
4189,2,150.46,2,140.41000000000008,2opt,notBad
4190,2,150.46,2,140.41000000000008,swap,notBad
4191,2,151.54000000000002,2,140.41000000000008,swap,acceptBad
4192,2,151.54000000000002,2,140.41000000000008,2opt,notBad
4193,2,151.3,2,140.41000000000008,swap,improve
4194,2,151.3,2,140.41000000000008,move,improve
4195,2,151.3,2,140.41000000000008,move,improve
4196,2,151.3,2,140.41000000000008,2opt,notBad
4197,2,150.34,2,140.41000000000008,move,improve
4198,2,150.34,2,140.41000000000008,swap,notBad
4199,2,151.03,2,140.41000000000008,swap,acceptBad
4200,2,151.03,2,140.41000000000008,move,improve
4201,2,151.03,2,140.41000000000008,2opt,notBad
4202,2,151.03,2,140.41000000000008,swap,notBad
4203,2,151.03,2,140.41000000000008,2opt,notBad
4204,2,150.34,2,140.41000000000008,move,improve
4205,2,150.34,2,140.41000000000008,2opt,notBad
4206,2,150.34,2,140.41000000000008,2opt,notBad
4207,2,150.34,2,140.41000000000008,2opt,improve
4208,2,148.32999999999998,2,140.41000000000008,swap,improve
4209,2,148.32999999999998,2,140.41000000000008,2opt,notBad
4210,2,146.53,2,140.41000000000008,swap,improve
4211,2,146.53,2,140.41000000000008,2opt,notBad
4212,2,146.53,2,140.41000000000008,swap,notBad
4213,2,146.53,2,140.41000000000008,2opt,notBad
4214,2,146.41,2,140.41000000000008,move,improve
4215,2,146.41,2,140.41000000000008,swap,notBad
4216,2,149.14000000000001,2,140.41000000000008,swap,acceptBad
4217,2,149.14000000000001,2,140.41000000000008,move,improve
4218,2,149.14000000000001,2,140.41000000000008,move,improve
4219,2,149.86000000000004,2,140.41000000000008,move,acceptBad
4220,2,149.86000000000004,2,140.41000000000008,2opt,notBad
4221,2,149.86000000000004,2,140.41000000000008,2opt,notBad
4222,2,149.86000000000004,2,140.41000000000008,2opt,notBad
4223,2,149.86000000000004,2,140.41000000000008,swap,notBad
4224,2,149.86000000000004,2,140.41000000000008,move,improve
4225,2,148.72000000000003,2,140.41000000000008,move,improve
4226,2,148.00000000000003,2,140.41000000000008,move,improve
4227,2,148.00000000000003,2,140.41000000000008,move,improve
4228,2,148.00000000000003,2,140.41000000000008,2opt,notBad
4229,2,148.93000000000004,2,140.41000000000008,swap,acceptBad
4230,2,148.93000000000004,2,140.41000000000008,2opt,notBad
4231,2,150.85000000000005,2,140.41000000000008,swap,acceptBad
4232,2,150.85000000000005,2,140.41000000000008,2opt,notBad
4233,2,150.85000000000005,2,140.41000000000008,2opt,notBad
4234,2,150.85000000000005,2,140.41000000000008,2opt,notBad
4235,2,151.54000000000002,2,140.41000000000008,swap,acceptBad
4236,2,151.54000000000002,2,140.41000000000008,2opt,notBad
4237,2,151.03000000000006,2,140.41000000000008,move,improve
4238,2,151.03000000000006,2,140.41000000000008,2opt,notBad
4239,2,151.03000000000006,2,140.41000000000008,swap,notBad
4240,2,151.03000000000006,2,140.41000000000008,2opt,notBad
4241,2,151.03000000000006,2,140.41000000000008,2opt,notBad
4242,2,151.03000000000006,2,140.41000000000008,2opt,notBad
4243,2,153.91000000000005,2,140.41000000000008,swap,acceptBad
4244,2,153.91000000000005,2,140.41000000000008,2opt,notBad
4245,2,153.91000000000005,2,140.41000000000008,swap,notBad
4246,2,153.91000000000005,2,140.41000000000008,2opt,notBad
4247,2,153.91000000000005,2,140.41000000000008,swap,notBad
4248,2,153.91000000000005,2,140.41000000000008,move,improve
4249,2,151.03000000000006,2,140.41000000000008,move,improve
4250,2,151.03000000000006,2,140.41000000000008,2opt,notBad
4251,2,151.03000000000006,2,140.41000000000008,move,improve
4252,2,151.03000000000006,2,140.41000000000008,swap,notBad
4253,2,151.03000000000006,2,140.41000000000008,swap,notBad
4254,2,151.03000000000006,2,140.41000000000008,2opt,notBad
4255,2,151.03000000000006,2,140.41000000000008,2opt,notBad
4256,2,151.03000000000006,2,140.41000000000008,2opt,notBad
4257,2,151.03000000000006,2,140.41000000000008,move,improve
4258,2,150.79000000000002,2,140.41000000000008,move,improve
4259,2,151.66000000000005,2,140.41000000000008,swap,acceptBad
4260,2,151.66000000000005,2,140.41000000000008,2opt,notBad
4261,2,151.66000000000005,2,140.41000000000008,move,improve
4262,2,151.66000000000005,2,140.41000000000008,2opt,notBad
4263,2,151.66000000000005,2,140.41000000000008,swap,notBad
4264,2,151.66000000000005,2,140.41000000000008,2opt,notBad
4265,2,151.96000000000006,2,140.41000000000008,swap,acceptBad
4266,2,151.96000000000006,2,140.41000000000008,move,improve
4267,2,151.96000000000006,2,140.41000000000008,move,improve
4268,2,151.96000000000006,2,140.41000000000008,2opt,notBad
4269,2,151.24000000000007,2,140.41000000000008,move,improve
4270,2,151.24000000000007,2,140.41000000000008,2opt,notBad
4271,2,152.56000000000006,2,140.41000000000008,swap,acceptBad
4272,2,152.56000000000006,2,140.41000000000008,move,improve
4273,2,152.56000000000006,2,140.41000000000008,swap,notBad
4274,2,155.50000000000009,2,140.41000000000008,swap,acceptBad
4275,2,155.29000000000005,2,140.41000000000008,swap,improve
4276,2,153.70000000000007,2,140.41000000000008,move,improve
4277,2,153.70000000000007,2,140.41000000000008,2opt,notBad
4278,2,154.33000000000004,2,140.41000000000008,swap,acceptBad
4279,2,153.61,2,140.41000000000008,move,improve
4280,2,153.61,2,140.41000000000008,2opt,notBad
4281,2,153.61,2,140.41000000000008,swap,notBad
4282,2,152.77,2,140.41000000000008,move,improve
4283,2,149.77,2,140.41000000000008,move,improve
4284,2,149.77,2,140.41000000000008,move,improve
4285,2,149.77,2,140.41000000000008,2opt,notBad
4286,2,149.77,2,140.41000000000008,move,improve
4287,2,149.77,2,140.41000000000008,move,improve
4288,2,149.77,2,140.41000000000008,2opt,notBad
4289,2,147.73,2,140.41000000000008,swap,improve
4290,2,147.73,2,140.41000000000008,swap,notBad
4291,2,150.46,2,140.41000000000008,swap,acceptBad
4292,2,150.46,2,140.41000000000008,move,improve
4293,2,150.46,2,140.41000000000008,2opt,notBad
4294,2,150.46,2,140.41000000000008,swap,notBad
4295,2,150.46,2,140.41000000000008,move,improve
4296,2,150.46,2,140.41000000000008,2opt,notBad
4297,2,150.46,2,140.41000000000008,2opt,notBad
4298,2,150.46,2,140.41000000000008,swap,notBad
4299,2,150.46,2,140.41000000000008,2opt,notBad
4300,2,150.46,2,140.41000000000008,move,improve
4301,2,150.46,2,140.41000000000008,2opt,notBad
4302,2,150.46,2,140.41000000000008,2opt,notBad
4303,2,150.46,2,140.41000000000008,swap,notBad
4304,2,150.46,2,140.41000000000008,2opt,notBad
4305,2,150.46,2,140.41000000000008,swap,notBad
4306,2,150.46,2,140.41000000000008,2opt,notBad
4307,2,150.73,2,140.41000000000008,swap,acceptBad
4308,2,148.93,2,140.41000000000008,move,improve
4309,2,149.04999999999998,2,140.41000000000008,swap,acceptBad
4310,2,149.60999999999999,2,140.41000000000008,swap,acceptBad
4311,2,149.60999999999999,2,140.41000000000008,2opt,notBad
4312,2,151.52999999999997,2,140.41000000000008,swap,acceptBad
4313,2,151.52999999999997,2,140.41000000000008,2opt,notBad
4314,2,151.52999999999997,2,140.41000000000008,swap,notBad
4315,2,151.52999999999997,2,140.41000000000008,swap,notBad
4316,2,151.52999999999997,2,140.41000000000008,2opt,notBad
4317,2,151.52999999999997,2,140.41000000000008,swap,notBad
4318,2,150.97000000000003,2,140.41000000000008,swap,improve
4319,2,150.97000000000003,2,140.41000000000008,move,improve
4320,2,150.97000000000003,2,140.41000000000008,2opt,notBad
4321,2,151.81,2,140.41000000000008,swap,acceptBad
4322,2,151.81,2,140.41000000000008,swap,notBad
4323,2,150.61,2,140.41000000000008,move,improve
4324,2,150.61,2,140.41000000000008,move,improve
4325,2,151.81,2,140.41000000000008,swap,acceptBad
4326,2,150.85,2,140.41000000000008,move,improve
4327,2,150.85,2,140.41000000000008,swap,notBad
4328,2,150.85,2,140.41000000000008,2opt,notBad
4329,2,150.85,2,140.41000000000008,2opt,notBad
4330,2,150.85,2,140.41000000000008,2opt,notBad
4331,2,150.85,2,140.41000000000008,2opt,notBad
4332,2,151.41,2,140.41000000000008,swap,acceptBad
4333,2,151.41,2,140.41000000000008,move,improve
4334,2,151.41,2,140.41000000000008,2opt,notBad
4335,2,151.41,2,140.41000000000008,2opt,notBad
4336,2,151.41,2,140.41000000000008,move,improve
4337,2,151.41,2,140.41000000000008,swap,notBad
4338,2,151.41,2,140.41000000000008,2opt,notBad
4339,2,151.41,2,140.41000000000008,move,notBad
4340,2,151.41,2,140.41000000000008,move,improve
4341,2,149.60999999999999,2,140.41000000000008,move,improve
4342,2,149.60999999999999,2,140.41000000000008,2opt,notBad
4343,2,149.60999999999999,2,140.41000000000008,swap,notBad
4344,2,149.48999999999998,2,140.41000000000008,move,improve
4345,2,149.48999999999998,2,140.41000000000008,2opt,notBad
4346,2,149.48999999999998,2,140.41000000000008,swap,notBad
4347,2,149.48999999999998,2,140.41000000000008,move,improve
4348,2,149.48999999999998,2,140.41000000000008,2opt,notBad
4349,2,149.48999999999998,2,140.41000000000008,2opt,improve
4350,2,149.48999999999998,2,140.41000000000008,move,improve
4351,2,149.48999999999998,2,140.41000000000008,move,improve
4352,2,149.48999999999998,2,140.41000000000008,move,improve
4353,2,149.48999999999998,2,140.41000000000008,swap,notBad
4354,2,149.48999999999998,2,140.41000000000008,move,improve
4355,2,149.48999999999998,2,140.41000000000008,move,improve
4356,2,149.48999999999998,2,140.41000000000008,move,improve
4357,2,149.48999999999998,2,140.41000000000008,swap,notBad
4358,2,149.48999999999998,2,140.41000000000008,swap,notBad
4359,2,149.48999999999998,2,140.41000000000008,move,improve
4360,2,149.48999999999998,2,140.41000000000008,2opt,notBad
4361,2,149.48999999999998,2,140.41000000000008,move,improve
4362,2,148.34999999999997,2,140.41000000000008,move,improve
4363,2,148.34999999999997,2,140.41000000000008,2opt,notBad
4364,2,151.14,2,140.41000000000008,swap,acceptBad
4365,2,151.14,2,140.41000000000008,2opt,notBad
4366,2,151.14,2,140.41000000000008,swap,notBad
4367,2,151.14,2,140.41000000000008,move,improve
4368,2,151.14,2,140.41000000000008,move,improve
4369,2,151.14,2,140.41000000000008,move,improve
4370,2,150.57999999999998,2,140.41000000000008,swap,improve
4371,2,150.57999999999998,2,140.41000000000008,swap,notBad
4372,2,150.57999999999998,2,140.41000000000008,2opt,notBad
4373,2,150.57999999999998,2,140.41000000000008,2opt,notBad
4374,2,147.79000000000002,2,140.41000000000008,move,improve
4375,2,146.35,2,140.41000000000008,swap,improve
4376,2,146.35,2,140.41000000000008,2opt,improve
4377,2,146.35,2,140.41000000000008,2opt,notBad
4378,2,146.35,2,140.41000000000008,2opt,improve
4379,2,147.61,2,140.41000000000008,swap,acceptBad
4380,2,147.61,2,140.41000000000008,swap,notBad
4381,2,147.61,2,140.41000000000008,move,improve
4382,2,147.61,2,140.41000000000008,2opt,notBad
4383,2,147.61,2,140.41000000000008,2opt,notBad
4384,2,147.61,2,140.41000000000008,2opt,notBad
4385,2,147.61,2,140.41000000000008,move,improve
4386,2,147.61,2,140.41000000000008,2opt,notBad
4387,2,147.61,2,140.41000000000008,move,improve
4388,2,147.61,2,140.41000000000008,swap,notBad
4389,2,147.61,2,140.41000000000008,2opt,notBad
4390,2,147.61,2,140.41000000000008,2opt,notBad
4391,2,147.61,2,140.41000000000008,2opt,notBad
4392,2,146.41,2,140.41000000000008,move,improve
4393,2,146.41,2,140.41000000000008,2opt,improve
4394,2,146.41,2,140.41000000000008,swap,notBad
4395,2,146.41,2,140.41000000000008,move,improve
4396,2,146.41,2,140.41000000000008,2opt,notBad
4397,2,147.13000000000005,2,140.41000000000008,move,acceptBad
4398,2,147.13000000000005,2,140.41000000000008,2opt,notBad
4399,2,147.13000000000005,2,140.41000000000008,swap,notBad
4400,2,147.13000000000005,2,140.41000000000008,move,improve
4401,2,149.71000000000006,2,140.41000000000008,swap,acceptBad
4402,2,149.71000000000006,2,140.41000000000008,2opt,improve
4403,2,149.08,2,140.41000000000008,move,improve
4404,2,149.08,2,140.41000000000008,move,improve
4405,2,149.08,2,140.41000000000008,2opt,notBad
4406,2,149.08,2,140.41000000000008,move,improve
4407,2,149.08,2,140.41000000000008,swap,notBad
4408,2,149.08,2,140.41000000000008,swap,notBad
4409,2,149.08,2,140.41000000000008,move,improve
4410,2,149.08,2,140.41000000000008,move,improve
4411,2,149.08,2,140.41000000000008,swap,notBad
4412,2,149.08,2,140.41000000000008,2opt,notBad
4413,2,148.15000000000003,2,140.41000000000008,swap,improve
4414,2,148.15000000000003,2,140.41000000000008,2opt,notBad
4415,2,148.15000000000003,2,140.41000000000008,move,improve
4416,2,148.15000000000003,2,140.41000000000008,2opt,notBad
4417,2,148.15000000000003,2,140.41000000000008,2opt,notBad
4418,2,148.15000000000003,2,140.41000000000008,move,improve
4419,2,149.59000000000003,2,140.41000000000008,swap,acceptBad
4420,2,149.59000000000003,2,140.41000000000008,swap,notBad
4421,2,149.59000000000003,2,140.41000000000008,swap,notBad
4422,2,152.02000000000004,2,140.41000000000008,swap,acceptBad
4423,2,152.02000000000004,2,140.41000000000008,swap,notBad
4424,2,152.02000000000004,2,140.41000000000008,2opt,notBad
4425,2,152.02000000000004,2,140.41000000000008,2opt,notBad
4426,2,152.02000000000004,2,140.41000000000008,move,improve
4427,2,152.02000000000004,2,140.41000000000008,2opt,notBad
4428,2,152.02000000000004,2,140.41000000000008,2opt,notBad
4429,2,151.29999999999998,2,140.41000000000008,move,improve
4430,2,151.29999999999998,2,140.41000000000008,move,improve
4431,2,151.29999999999998,2,140.41000000000008,swap,notBad
4432,2,151.29999999999998,2,140.41000000000008,2opt,notBad
4433,2,151.29999999999998,2,140.41000000000008,swap,notBad
4434,2,151.29999999999998,2,140.41000000000008,2opt,notBad
4435,2,151.29999999999998,2,140.41000000000008,2opt,notBad
4436,2,151.29999999999998,2,140.41000000000008,move,improve
4437,2,151.29999999999998,2,140.41000000000008,move,improve
4438,2,151.29999999999998,2,140.41000000000008,move,improve
4439,2,151.29999999999998,2,140.41000000000008,2opt,notBad
4440,2,151.29999999999998,2,140.41000000000008,2opt,notBad
4441,2,151.29999999999998,2,140.41000000000008,move,improve
4442,2,149.79999999999998,2,140.41000000000008,move,improve
4443,2,149.79999999999998,2,140.41000000000008,move,improve
4444,2,149.79999999999998,2,140.41000000000008,2opt,notBad
4445,2,148.36,2,140.41000000000008,swap,improve
4446,2,148.36,2,140.41000000000008,move,improve
4447,2,149.08000000000004,2,140.41000000000008,move,acceptBad
4448,2,149.08000000000004,2,140.41000000000008,swap,notBad
4449,2,149.08000000000004,2,140.41000000000008,2opt,notBad
4450,2,147.64000000000001,2,140.41000000000008,move,improve
4451,2,147.64000000000001,2,140.41000000000008,move,improve
4452,2,149.65000000000003,2,140.41000000000008,swap,acceptBad
4453,2,149.65000000000003,2,140.41000000000008,2opt,notBad
4454,2,149.65000000000003,2,140.41000000000008,swap,notBad
4455,2,149.65000000000003,2,140.41000000000008,move,improve
4456,2,146.83000000000004,2,140.41000000000008,move,improve
4457,2,148.45000000000005,2,140.41000000000008,swap,acceptBad
4458,2,151.24000000000004,2,140.41000000000008,swap,acceptBad
4459,2,151.24000000000004,2,140.41000000000008,swap,notBad
4460,2,151.24000000000004,2,140.41000000000008,swap,notBad
4461,2,151.24000000000004,2,140.41000000000008,2opt,notBad
4462,2,151.24000000000004,2,140.41000000000008,swap,notBad
4463,2,151.24000000000004,2,140.41000000000008,2opt,notBad
4464,2,151.24000000000004,2,140.41000000000008,2opt,notBad
4465,2,151.24000000000004,2,140.41000000000008,2opt,notBad
4466,2,151.24000000000004,2,140.41000000000008,2opt,notBad
4467,2,151.24000000000004,2,140.41000000000008,2opt,notBad
4468,2,151.24000000000004,2,140.41000000000008,swap,notBad
4469,2,151.24000000000004,2,140.41000000000008,2opt,notBad
4470,2,151.24000000000004,2,140.41000000000008,swap,notBad
4471,2,148.45000000000005,2,140.41000000000008,swap,improve
4472,2,150.61000000000004,2,140.41000000000008,swap,acceptBad
4473,2,150.61000000000004,2,140.41000000000008,move,improve
4474,2,150.61000000000004,2,140.41000000000008,2opt,notBad
4475,2,150.61000000000004,2,140.41000000000008,2opt,notBad
4476,2,150.61000000000004,2,140.41000000000008,move,improve
4477,2,150.61000000000004,2,140.41000000000008,move,improve
4478,2,150.61000000000004,2,140.41000000000008,2opt,notBad
4479,2,148.87000000000003,2,140.41000000000008,move,improve
4480,2,148.87000000000003,2,140.41000000000008,move,improve
4481,2,148.87000000000003,2,140.41000000000008,2opt,notBad
4482,2,148.87000000000003,2,140.41000000000008,move,improve
4483,2,148.87000000000003,2,140.41000000000008,swap,notBad
4484,2,147.67000000000004,2,140.41000000000008,move,improve
4485,2,147.67000000000004,2,140.41000000000008,swap,notBad
4486,2,147.67000000000004,2,140.41000000000008,swap,notBad
4487,2,147.67000000000004,2,140.41000000000008,2opt,notBad
4488,2,147.67000000000004,2,140.41000000000008,swap,notBad
4489,2,147.67000000000004,2,140.41000000000008,2opt,notBad
4490,2,147.67000000000004,2,140.41000000000008,swap,notBad
4491,2,147.67000000000004,2,140.41000000000008,swap,notBad
4492,2,147.67000000000004,2,140.41000000000008,2opt,notBad
4493,2,147.67000000000004,2,140.41000000000008,2opt,notBad
4494,2,147.67000000000004,2,140.41000000000008,move,improve
4495,2,145.63000000000005,2,140.41000000000008,move,improve
4496,2,146.83000000000004,2,140.41000000000008,swap,acceptBad
4497,2,146.83000000000004,2,140.41000000000008,2opt,notBad
4498,2,146.83000000000004,2,140.41000000000008,2opt,notBad
4499,2,146.83000000000004,2,140.41000000000008,move,improve
4500,2,146.83000000000004,2,140.41000000000008,move,improve
4501,2,146.83000000000004,2,140.41000000000008,move,improve
4502,2,146.83000000000004,2,140.41000000000008,move,improve
4503,2,146.83000000000004,2,140.41000000000008,2opt,notBad
4504,2,146.83000000000004,2,140.41000000000008,move,improve
4505,2,146.83000000000004,2,140.41000000000008,2opt,notBad
4506,2,149.77000000000007,2,140.41000000000008,swap,acceptBad
4507,2,149.77000000000007,2,140.41000000000008,move,improve
4508,2,149.77000000000007,2,140.41000000000008,2opt,notBad
4509,2,148.87000000000003,2,140.41000000000008,move,improve
4510,2,148.87000000000003,2,140.41000000000008,2opt,improve
4511,2,148.87000000000003,2,140.41000000000008,2opt,notBad
4512,2,148.87000000000003,2,140.41000000000008,move,improve
4513,2,148.87000000000003,2,140.41000000000008,2opt,notBad
4514,2,148.87000000000003,2,140.41000000000008,2opt,notBad
4515,2,148.87000000000003,2,140.41000000000008,move,improve
4516,2,148.87000000000003,2,140.41000000000008,swap,notBad
4517,2,149.77000000000004,2,140.41000000000008,swap,acceptBad
4518,2,148.57000000000002,2,140.41000000000008,swap,improve
4519,2,149.44000000000005,2,140.41000000000008,swap,acceptBad
4520,2,149.44000000000005,2,140.41000000000008,swap,notBad
4521,2,149.44000000000005,2,140.41000000000008,move,improve
4522,2,149.44000000000005,2,140.41000000000008,swap,notBad
4523,2,152.44000000000005,2,140.41000000000008,swap,acceptBad
4524,2,152.44000000000005,2,140.41000000000008,swap,notBad
4525,2,152.44000000000005,2,140.41000000000008,swap,notBad
4526,2,151.57000000000002,2,140.41000000000008,swap,improve
4527,2,151.57000000000002,2,140.41000000000008,swap,notBad
4528,2,150.85,2,140.41000000000008,move,improve
4529,2,150.85,2,140.41000000000008,2opt,improve
4530,2,150.85,2,140.41000000000008,swap,notBad
4531,2,150.85,2,140.41000000000008,2opt,notBad
4532,2,153.19,2,140.41000000000008,swap,acceptBad
4533,2,153.19,2,140.41000000000008,2opt,notBad
4534,2,153.19,2,140.41000000000008,swap,notBad
4535,2,153.19,2,140.41000000000008,2opt,notBad
4536,2,153.19,2,140.41000000000008,swap,notBad
4537,2,152.71,2,140.41000000000008,move,improve
4538,2,152.71,2,140.41000000000008,move,improve
4539,2,154.14999999999998,2,140.41000000000008,swap,acceptBad
4540,2,149.59,2,140.41000000000008,move,improve
4541,2,149.59,2,140.41000000000008,move,improve
4542,2,146.59,2,140.41000000000008,swap,improve
4543,2,146.59,2,140.41000000000008,swap,notBad
4544,2,146.59,2,140.41000000000008,move,improve
4545,2,146.59,2,140.41000000000008,2opt,notBad
4546,2,146.59,2,140.41000000000008,move,improve
4547,2,146.59,2,140.41000000000008,2opt,notBad
4548,2,146.59,2,140.41000000000008,2opt,notBad
4549,2,146.59,2,140.41000000000008,swap,notBad
4550,2,146.59,2,140.41000000000008,move,improve
4551,2,147.31000000000006,2,140.41000000000008,move,acceptBad
4552,2,147.31000000000006,2,140.41000000000008,swap,notBad
4553,2,147.63000000000002,2,140.41000000000008,swap,acceptBad
4554,2,147.63000000000002,2,140.41000000000008,swap,notBad
4555,2,147.63000000000002,2,140.41000000000008,swap,notBad
4556,2,147.63000000000002,2,140.41000000000008,swap,notBad
4557,2,147.63000000000002,2,140.41000000000008,move,improve
4558,2,147.63000000000002,2,140.41000000000008,move,improve
4559,2,147.63000000000002,2,140.41000000000008,swap,notBad
4560,2,147.63000000000002,2,140.41000000000008,swap,notBad
4561,2,147.63000000000002,2,140.41000000000008,move,improve
4562,2,147.31000000000006,2,140.41000000000008,swap,improve
4563,2,147.31000000000006,2,140.41000000000008,swap,notBad
4564,2,147.31000000000006,2,140.41000000000008,2opt,notBad
4565,2,147.31000000000006,2,140.41000000000008,2opt,notBad
4566,2,147.31000000000006,2,140.41000000000008,2opt,notBad
4567,2,147.31000000000006,2,140.41000000000008,swap,notBad
4568,2,147.31000000000006,2,140.41000000000008,swap,notBad
4569,2,147.31000000000006,2,140.41000000000008,2opt,improve
4570,2,147.31000000000006,2,140.41000000000008,2opt,notBad
4571,2,147.31000000000006,2,140.41000000000008,move,improve
4572,2,147.31000000000006,2,140.41000000000008,swap,notBad
4573,2,147.31000000000006,2,140.41000000000008,swap,notBad
4574,2,147.31000000000006,2,140.41000000000008,swap,notBad
4575,2,147.31000000000006,2,140.41000000000008,swap,notBad
4576,2,147.07000000000002,2,140.41000000000008,swap,improve
4577,2,148.39000000000001,2,140.41000000000008,swap,acceptBad
4578,2,148.39000000000001,2,140.41000000000008,2opt,notBad
4579,2,148.39000000000001,2,140.41000000000008,swap,notBad
4580,2,148.39000000000001,2,140.41000000000008,swap,notBad
4581,2,148.39000000000001,2,140.41000000000008,move,improve
4582,2,148.39000000000001,2,140.41000000000008,move,improve
4583,2,148.71,2,140.41000000000008,swap,acceptBad
4584,2,148.71,2,140.41000000000008,swap,notBad
4585,2,148.71,2,140.41000000000008,move,improve
4586,2,148.71,2,140.41000000000008,swap,notBad
4587,2,150.42000000000002,2,140.41000000000008,swap,acceptBad
4588,2,150.42000000000002,2,140.41000000000008,move,improve
4589,2,148.71,2,140.41000000000008,swap,improve
4590,2,148.71,2,140.41000000000008,2opt,notBad
4591,2,148.39000000000001,2,140.41000000000008,move,improve
4592,2,148.39000000000001,2,140.41000000000008,move,improve
4593,2,148.39000000000001,2,140.41000000000008,2opt,notBad
4594,2,148.39000000000001,2,140.41000000000008,move,improve
4595,2,148.39000000000001,2,140.41000000000008,move,improve
4596,2,151.03000000000006,2,140.41000000000008,swap,acceptBad
4597,2,151.03000000000006,2,140.41000000000008,2opt,notBad
4598,2,151.03000000000006,2,140.41000000000008,2opt,notBad
4599,2,151.03000000000006,2,140.41000000000008,swap,notBad
4600,2,151.03000000000006,2,140.41000000000008,2opt,notBad
4601,2,151.69000000000003,2,140.41000000000008,swap,acceptBad
4602,2,151.81000000000006,2,140.41000000000008,swap,acceptBad
4603,2,152.11,2,140.41000000000008,swap,acceptBad
4604,2,152.11,2,140.41000000000008,move,improve
4605,2,152.11,2,140.41000000000008,swap,notBad
4606,2,151.54000000000002,2,140.41000000000008,swap,improve
4607,2,151.54000000000002,2,140.41000000000008,2opt,notBad
4608,2,151.54000000000002,2,140.41000000000008,move,improve
4609,2,151.54000000000002,2,140.41000000000008,2opt,notBad
4610,2,150.04000000000005,2,140.41000000000008,move,improve
4611,2,149.92000000000004,2,140.41000000000008,move,improve
4612,2,149.92000000000004,2,140.41000000000008,2opt,notBad
4613,2,149.92000000000004,2,140.41000000000008,move,improve
4614,2,150.43,2,140.41000000000008,swap,acceptBad
4615,2,150.43,2,140.41000000000008,move,improve
4616,2,150.43,2,140.41000000000008,2opt,notBad
4617,2,150.43,2,140.41000000000008,2opt,improve
4618,2,150.43,2,140.41000000000008,swap,notBad
4619,2,150.97000000000003,2,140.41000000000008,swap,acceptBad
4620,2,150.34000000000003,2,140.41000000000008,swap,improve
4621,2,149.65000000000003,2,140.41000000000008,move,improve
4622,2,149.26000000000005,2,140.41000000000008,move,improve
4623,2,149.26000000000005,2,140.41000000000008,move,improve
4624,2,149.26000000000005,2,140.41000000000008,2opt,notBad
4625,2,149.26000000000005,2,140.41000000000008,swap,notBad
4626,2,148.54000000000002,2,140.41000000000008,swap,improve
4627,2,148.54000000000002,2,140.41000000000008,move,improve
4628,2,148.42,2,140.41000000000008,move,improve
4629,2,150.57999999999998,2,140.41000000000008,swap,acceptBad
4630,2,149.59,2,140.41000000000008,move,improve
4631,2,149.59,2,140.41000000000008,swap,notBad
4632,2,149.59,2,140.41000000000008,swap,notBad
4633,2,149.59,2,140.41000000000008,swap,notBad
4634,2,149.59,2,140.41000000000008,move,improve
4635,2,149.59,2,140.41000000000008,swap,notBad
4636,2,149.41,2,140.41000000000008,swap,improve
4637,2,149.41,2,140.41000000000008,move,improve
4638,2,149.41,2,140.41000000000008,move,improve
4639,2,149.41,2,140.41000000000008,2opt,notBad
4640,2,149.41,2,140.41000000000008,swap,notBad
4641,2,150.36999999999998,2,140.41000000000008,swap,acceptBad
4642,2,150.36999999999998,2,140.41000000000008,2opt,notBad
4643,2,150.36999999999998,2,140.41000000000008,2opt,notBad
4644,2,150.07000000000002,2,140.41000000000008,swap,improve
4645,2,150.07000000000002,2,140.41000000000008,2opt,notBad
4646,2,150.07000000000002,2,140.41000000000008,move,improve
4647,2,150.07000000000002,2,140.41000000000008,move,improve
4648,2,150.07000000000002,2,140.41000000000008,move,improve
4649,2,148.72000000000003,2,140.41000000000008,move,improve
4650,2,148.72000000000003,2,140.41000000000008,swap,notBad
4651,2,150.7,2,140.41000000000008,swap,acceptBad
4652,2,152.05,2,140.41000000000008,swap,acceptBad
4653,2,152.05,2,140.41000000000008,2opt,notBad
4654,2,152.05,2,140.41000000000008,2opt,notBad
4655,2,152.05,2,140.41000000000008,move,improve
4656,2,152.71,2,140.41000000000008,swap,acceptBad
4657,2,154.15000000000003,2,140.41000000000008,swap,acceptBad
4658,2,154.15000000000003,2,140.41000000000008,move,improve
4659,2,150.82000000000002,2,140.41000000000008,move,improve
4660,2,150.82000000000002,2,140.41000000000008,move,improve
4661,2,150.82000000000002,2,140.41000000000008,swap,notBad
4662,2,150.82000000000002,2,140.41000000000008,2opt,notBad
4663,2,149.50000000000003,2,140.41000000000008,move,improve
4664,2,149.50000000000003,2,140.41000000000008,swap,notBad
4665,2,149.50000000000003,2,140.41000000000008,move,improve
4666,2,149.50000000000003,2,140.41000000000008,2opt,notBad
4667,2,149.50000000000003,2,140.41000000000008,move,improve
4668,2,149.50000000000003,2,140.41000000000008,2opt,notBad
4669,2,151.0,2,140.41000000000008,swap,acceptBad
4670,2,151.0,2,140.41000000000008,2opt,notBad
4671,2,151.0,2,140.41000000000008,swap,notBad
4672,2,151.0,2,140.41000000000008,2opt,improve
4673,2,151.66,2,140.41000000000008,swap,acceptBad
4674,2,151.66,2,140.41000000000008,move,improve
4675,2,151.66,2,140.41000000000008,move,improve
4676,2,151.66,2,140.41000000000008,swap,notBad
4677,2,149.98,2,140.41000000000008,move,improve
4678,2,149.95000000000002,2,140.41000000000008,move,improve
4679,2,150.94,2,140.41000000000008,swap,acceptBad
4680,2,150.94,2,140.41000000000008,2opt,notBad
4681,2,150.94,2,140.41000000000008,swap,notBad
4682,2,151.66000000000005,2,140.41000000000008,swap,acceptBad
4683,2,151.66000000000005,2,140.41000000000008,2opt,notBad
4684,2,150.67000000000007,2,140.41000000000008,move,improve
4685,2,150.67000000000007,2,140.41000000000008,2opt,notBad
4686,2,150.67000000000007,2,140.41000000000008,2opt,notBad
4687,2,150.67000000000007,2,140.41000000000008,swap,notBad
4688,2,150.67000000000007,2,140.41000000000008,2opt,notBad
4689,2,150.43000000000004,2,140.41000000000008,move,improve
4690,2,150.43000000000004,2,140.41000000000008,2opt,notBad
4691,2,150.43000000000004,2,140.41000000000008,2opt,notBad
4692,2,147.40000000000003,2,140.41000000000008,move,improve
4693,2,147.40000000000003,2,140.41000000000008,2opt,notBad
4694,2,147.64000000000007,2,140.41000000000008,swap,acceptBad
4695,2,147.64000000000007,2,140.41000000000008,move,improve
4696,2,147.64000000000007,2,140.41000000000008,move,improve
4697,2,147.64000000000007,2,140.41000000000008,2opt,notBad
4698,2,147.64000000000007,2,140.41000000000008,2opt,notBad
4699,2,147.64000000000007,2,140.41000000000008,2opt,notBad
4700,2,147.64000000000007,2,140.41000000000008,swap,notBad
4701,2,147.64000000000007,2,140.41000000000008,2opt,notBad
4702,2,147.64000000000007,2,140.41000000000008,swap,notBad
4703,2,147.64000000000007,2,140.41000000000008,move,improve
4704,2,147.64000000000007,2,140.41000000000008,move,improve
4705,2,148.66000000000005,2,140.41000000000008,swap,acceptBad
4706,2,148.81000000000006,2,140.41000000000008,swap,acceptBad
4707,2,148.81000000000006,2,140.41000000000008,swap,notBad
4708,2,148.81000000000006,2,140.41000000000008,swap,notBad
4709,2,148.81000000000006,2,140.41000000000008,2opt,notBad
4710,2,148.81000000000006,2,140.41000000000008,swap,notBad
4711,2,148.81000000000006,2,140.41000000000008,swap,notBad
4712,2,148.81000000000006,2,140.41000000000008,move,improve
4713,2,148.03000000000006,2,140.41000000000008,swap,improve
4714,2,149.50000000000003,2,140.41000000000008,swap,acceptBad
4715,2,149.50000000000003,2,140.41000000000008,move,improve
4716,2,149.50000000000003,2,140.41000000000008,move,improve
4717,2,149.50000000000003,2,140.41000000000008,swap,notBad
4718,2,149.50000000000003,2,140.41000000000008,2opt,notBad
4719,2,149.38000000000005,2,140.41000000000008,swap,improve
4720,2,148.36000000000004,2,140.41000000000008,move,improve
4721,2,148.36000000000004,2,140.41000000000008,move,improve
4722,2,147.01000000000005,2,140.41000000000008,move,improve
4723,2,147.01000000000005,2,140.41000000000008,move,improve
4724,2,148.21000000000006,2,140.41000000000008,swap,acceptBad
4725,2,148.21000000000006,2,140.41000000000008,2opt,notBad
4726,2,148.21000000000006,2,140.41000000000008,swap,notBad
4727,2,148.21000000000006,2,140.41000000000008,move,improve
4728,2,148.21000000000006,2,140.41000000000008,swap,notBad
4729,2,148.21000000000006,2,140.41000000000008,swap,notBad
4730,2,148.21000000000006,2,140.41000000000008,swap,notBad
4731,2,148.21000000000006,2,140.41000000000008,2opt,notBad
4732,2,148.21000000000006,2,140.41000000000008,swap,notBad
4733,2,148.21000000000006,2,140.41000000000008,2opt,notBad
4734,2,146.83000000000004,2,140.41000000000008,swap,improve
4735,2,146.83000000000004,2,140.41000000000008,swap,notBad
4736,2,146.83000000000004,2,140.41000000000008,move,improve
4737,2,147.15,2,140.41000000000008,swap,acceptBad
4738,2,147.15,2,140.41000000000008,move,improve
4739,2,147.15,2,140.41000000000008,move,improve
4740,2,147.15,2,140.41000000000008,swap,notBad
4741,2,147.39000000000001,2,140.41000000000008,swap,acceptBad
4742,2,147.39000000000001,2,140.41000000000008,swap,notBad
4743,2,147.15,2,140.41000000000008,move,improve
4744,2,147.15,2,140.41000000000008,swap,notBad
4745,2,146.83000000000004,2,140.41000000000008,move,improve
4746,2,146.83000000000004,2,140.41000000000008,swap,notBad
4747,2,146.83000000000004,2,140.41000000000008,2opt,notBad
4748,2,146.83000000000004,2,140.41000000000008,2opt,notBad
4749,2,146.83000000000004,2,140.41000000000008,move,improve
4750,2,146.83000000000004,2,140.41000000000008,move,improve
4751,2,146.83000000000004,2,140.41000000000008,2opt,notBad
4752,2,146.83000000000004,2,140.41000000000008,swap,notBad
4753,2,146.83000000000004,2,140.41000000000008,swap,notBad
4754,2,146.83000000000004,2,140.41000000000008,2opt,notBad
4755,2,146.83000000000004,2,140.41000000000008,swap,notBad
4756,2,146.83000000000004,2,140.41000000000008,2opt,notBad
4757,2,146.83000000000004,2,140.41000000000008,move,improve
4758,2,146.83000000000004,2,140.41000000000008,move,improve
4759,2,146.83000000000004,2,140.41000000000008,swap,notBad
4760,2,146.83000000000004,2,140.41000000000008,swap,notBad
4761,2,147.15,2,140.41000000000008,swap,acceptBad
4762,2,147.15,2,140.41000000000008,2opt,notBad
4763,2,147.15,2,140.41000000000008,2opt,notBad
4764,2,147.15,2,140.41000000000008,2opt,notBad
4765,2,147.15,2,140.41000000000008,2opt,notBad
4766,2,147.15,2,140.41000000000008,move,improve
4767,2,147.15,2,140.41000000000008,2opt,notBad
4768,2,147.15,2,140.41000000000008,swap,notBad
4769,2,147.15,2,140.41000000000008,2opt,notBad
4770,2,147.15,2,140.41000000000008,move,improve
4771,2,147.39000000000001,2,140.41000000000008,swap,acceptBad
4772,2,148.65,2,140.41000000000008,swap,acceptBad
4773,2,148.65,2,140.41000000000008,swap,notBad
4774,2,148.65,2,140.41000000000008,move,improve
4775,2,148.65,2,140.41000000000008,2opt,notBad
4776,2,148.65,2,140.41000000000008,2opt,notBad
4777,2,148.65,2,140.41000000000008,move,improve
4778,2,148.65,2,140.41000000000008,2opt,improve
4779,2,148.65,2,140.41000000000008,2opt,notBad
4780,2,148.65,2,140.41000000000008,2opt,notBad
4781,2,148.65,2,140.41000000000008,2opt,notBad
4782,2,148.65,2,140.41000000000008,2opt,notBad
4783,2,148.65,2,140.41000000000008,2opt,notBad
4784,2,148.65,2,140.41000000000008,move,improve
4785,2,148.65,2,140.41000000000008,swap,notBad
4786,2,148.65,2,140.41000000000008,swap,notBad
4787,2,148.65,2,140.41000000000008,swap,notBad
4788,2,150.84,2,140.41000000000008,swap,acceptBad
4789,2,149.64000000000001,2,140.41000000000008,move,improve
4790,2,149.64000000000001,2,140.41000000000008,move,improve
4791,2,150.33,2,140.41000000000008,swap,acceptBad
4792,2,150.33,2,140.41000000000008,2opt,notBad
4793,2,150.33,2,140.41000000000008,2opt,notBad
4794,2,150.33,2,140.41000000000008,2opt,notBad
4795,2,150.33,2,140.41000000000008,move,improve
4796,2,150.33,2,140.41000000000008,2opt,notBad
4797,2,155.95000000000002,2,140.41000000000008,move,acceptBad
4798,2,155.95000000000002,2,140.41000000000008,move,improve
4799,2,156.19,2,140.41000000000008,swap,acceptBad
4800,2,156.19,2,140.41000000000008,2opt,notBad
4801,2,156.19,2,140.41000000000008,swap,notBad
4802,2,156.19,2,140.41000000000008,move,improve
4803,2,156.19,2,140.41000000000008,2opt,notBad
4804,2,156.19,2,140.41000000000008,2opt,notBad
4805,2,156.19,2,140.41000000000008,move,improve
4806,2,156.19,2,140.41000000000008,swap,notBad
4807,2,156.19,2,140.41000000000008,move,improve
4808,2,156.19,2,140.41000000000008,2opt,notBad
4809,2,157.09000000000003,2,140.41000000000008,swap,acceptBad
4810,2,157.09000000000003,2,140.41000000000008,swap,notBad
4811,2,157.09000000000003,2,140.41000000000008,2opt,improve
4812,2,157.09000000000003,2,140.41000000000008,2opt,notBad
4813,2,157.09000000000003,2,140.41000000000008,2opt,notBad
4814,2,156.85000000000002,2,140.41000000000008,move,improve
4815,2,156.31000000000003,2,140.41000000000008,swap,improve
4816,2,156.31000000000003,2,140.41000000000008,2opt,notBad
4817,2,156.31000000000003,2,140.41000000000008,move,improve
4818,2,156.31000000000003,2,140.41000000000008,2opt,notBad
4819,2,156.31000000000003,2,140.41000000000008,swap,notBad
4820,2,156.55,2,140.41000000000008,swap,acceptBad
4821,2,155.86000000000004,2,140.41000000000008,move,improve
4822,2,155.86000000000004,2,140.41000000000008,move,improve
4823,2,156.34,2,140.41000000000008,swap,acceptBad
4824,2,156.34,2,140.41000000000008,2opt,notBad
4825,2,156.34,2,140.41000000000008,2opt,notBad
4826,2,156.10000000000002,2,140.41000000000008,swap,improve
4827,2,156.10000000000002,2,140.41000000000008,swap,notBad
4828,2,156.10000000000002,2,140.41000000000008,swap,notBad
4829,2,156.10000000000002,2,140.41000000000008,swap,notBad
4830,2,156.10000000000002,2,140.41000000000008,2opt,notBad
4831,2,156.10000000000002,2,140.41000000000008,move,improve
4832,2,154.75000000000003,2,140.41000000000008,move,improve
4833,2,154.75000000000003,2,140.41000000000008,2opt,notBad
4834,2,154.75000000000003,2,140.41000000000008,swap,notBad
4835,2,154.75000000000003,2,140.41000000000008,swap,notBad
4836,2,154.75000000000003,2,140.41000000000008,move,improve
4837,2,154.75000000000003,2,140.41000000000008,move,improve
4838,2,154.75000000000003,2,140.41000000000008,swap,notBad
4839,2,154.75000000000003,2,140.41000000000008,2opt,notBad
4840,2,154.75000000000003,2,140.41000000000008,swap,notBad
4841,2,154.75000000000003,2,140.41000000000008,swap,notBad
4842,2,156.07000000000002,2,140.41000000000008,swap,acceptBad
4843,2,156.07000000000002,2,140.41000000000008,move,improve
4844,2,152.95000000000002,2,140.41000000000008,move,improve
4845,2,152.95000000000002,2,140.41000000000008,swap,notBad
4846,2,152.95000000000002,2,140.41000000000008,move,improve
4847,2,152.95000000000002,2,140.41000000000008,2opt,improve
4848,2,152.95000000000002,2,140.41000000000008,move,improve
4849,2,152.95000000000002,2,140.41000000000008,swap,notBad
4850,2,152.95000000000002,2,140.41000000000008,2opt,notBad
4851,2,152.95000000000002,2,140.41000000000008,move,improve
4852,2,152.95000000000002,2,140.41000000000008,swap,notBad
4853,2,152.95000000000002,2,140.41000000000008,swap,notBad
4854,2,152.95000000000002,2,140.41000000000008,2opt,notBad
4855,2,152.95000000000002,2,140.41000000000008,move,improve
4856,2,152.95000000000002,2,140.41000000000008,move,improve
4857,2,152.95000000000002,2,140.41000000000008,move,improve
4858,2,152.95000000000002,2,140.41000000000008,swap,notBad
4859,2,152.95000000000002,2,140.41000000000008,2opt,notBad
4860,2,152.95000000000002,2,140.41000000000008,move,improve
4861,2,152.95000000000002,2,140.41000000000008,swap,notBad
4862,2,152.95000000000002,2,140.41000000000008,move,improve
4863,2,152.95000000000002,2,140.41000000000008,swap,notBad
4864,2,152.95000000000002,2,140.41000000000008,2opt,improve
4865,2,152.95000000000002,2,140.41000000000008,2opt,notBad
4866,2,152.95000000000002,2,140.41000000000008,2opt,notBad
4867,2,152.95000000000002,2,140.41000000000008,2opt,notBad
4868,2,152.95000000000002,2,140.41000000000008,swap,notBad
4869,2,152.95000000000002,2,140.41000000000008,swap,notBad
4870,2,152.95000000000002,2,140.41000000000008,move,improve
4871,2,152.95000000000002,2,140.41000000000008,2opt,notBad
4872,2,152.95000000000002,2,140.41000000000008,2opt,notBad
4873,2,152.95000000000002,2,140.41000000000008,2opt,notBad
4874,2,152.95000000000002,2,140.41000000000008,move,improve
4875,2,152.95000000000002,2,140.41000000000008,move,improve
4876,2,152.95000000000002,2,140.41000000000008,2opt,notBad
4877,2,152.95000000000002,2,140.41000000000008,move,improve
4878,2,152.95000000000002,2,140.41000000000008,swap,notBad
4879,2,152.95000000000002,2,140.41000000000008,move,improve
4880,2,152.95000000000002,2,140.41000000000008,2opt,notBad
4881,2,146.29000000000002,2,140.41000000000008,swap,improve
4882,2,146.29000000000002,2,140.41000000000008,move,improve
4883,2,147.01000000000005,2,140.41000000000008,move,acceptBad
4884,2,147.01000000000005,2,140.41000000000008,2opt,improve
4885,2,147.01000000000005,2,140.41000000000008,move,improve
4886,2,147.13000000000005,2,140.41000000000008,swap,acceptBad
4887,2,147.13000000000005,2,140.41000000000008,move,improve
4888,2,147.13000000000005,2,140.41000000000008,2opt,notBad
4889,2,147.13000000000005,2,140.41000000000008,swap,notBad
4890,2,147.13000000000005,2,140.41000000000008,swap,notBad
4891,2,147.13000000000005,2,140.41000000000008,swap,notBad
4892,2,147.13000000000005,2,140.41000000000008,move,improve
4893,2,147.13000000000005,2,140.41000000000008,move,improve
4894,2,145.87000000000003,2,140.41000000000008,swap,improve
4895,2,145.87000000000003,2,140.41000000000008,move,improve
4896,2,145.87000000000003,2,140.41000000000008,move,improve
4897,2,145.87000000000003,2,140.41000000000008,swap,notBad
4898,2,145.87000000000003,2,140.41000000000008,2opt,notBad
4899,2,145.87000000000003,2,140.41000000000008,2opt,notBad
4900,2,145.87000000000003,2,140.41000000000008,swap,notBad
4901,2,145.87000000000003,2,140.41000000000008,2opt,notBad
4902,2,145.87000000000003,2,140.41000000000008,swap,notBad
4903,2,145.87000000000003,2,140.41000000000008,2opt,notBad
4904,2,145.87000000000003,2,140.41000000000008,2opt,notBad
4905,2,145.87000000000003,2,140.41000000000008,2opt,notBad
4906,2,145.87000000000003,2,140.41000000000008,swap,notBad
4907,2,145.87000000000003,2,140.41000000000008,2opt,notBad
4908,2,146.19,2,140.41000000000008,swap,acceptBad
4909,2,146.19,2,140.41000000000008,2opt,notBad
4910,2,147.45000000000002,2,140.41000000000008,swap,acceptBad
4911,2,147.45000000000002,2,140.41000000000008,2opt,improve
4912,2,147.45000000000002,2,140.41000000000008,2opt,notBad
4913,2,147.45000000000002,2,140.41000000000008,2opt,notBad
4914,2,149.01000000000002,2,140.41000000000008,swap,acceptBad
4915,2,149.01000000000002,2,140.41000000000008,swap,notBad
4916,2,149.01000000000002,2,140.41000000000008,2opt,notBad
4917,2,149.01000000000002,2,140.41000000000008,swap,notBad
4918,2,150.03000000000003,2,140.41000000000008,swap,acceptBad
4919,2,150.03000000000003,2,140.41000000000008,move,improve
4920,2,150.03000000000003,2,140.41000000000008,move,improve
4921,2,150.03000000000003,2,140.41000000000008,2opt,notBad
4922,2,150.72,2,140.41000000000008,swap,acceptBad
4923,2,150.72,2,140.41000000000008,move,improve
4924,2,150.72,2,140.41000000000008,swap,notBad
4925,2,150.72,2,140.41000000000008,2opt,improve
4926,2,150.72,2,140.41000000000008,2opt,notBad
4927,2,150.72,2,140.41000000000008,move,improve
4928,2,150.72,2,140.41000000000008,swap,notBad
4929,2,150.72,2,140.41000000000008,2opt,notBad
4930,2,149.43000000000004,2,140.41000000000008,swap,improve
4931,2,149.43000000000004,2,140.41000000000008,2opt,notBad
4932,2,149.43000000000004,2,140.41000000000008,swap,notBad
4933,2,149.43000000000004,2,140.41000000000008,swap,notBad
4934,2,149.43000000000004,2,140.41000000000008,move,improve
4935,2,148.41000000000003,2,140.41000000000008,move,improve
4936,2,148.41000000000003,2,140.41000000000008,swap,notBad
4937,2,148.41000000000003,2,140.41000000000008,move,improve
4938,2,148.41000000000003,2,140.41000000000008,move,improve
4939,2,148.41000000000003,2,140.41000000000008,move,improve
4940,2,150.03000000000003,2,140.41000000000008,swap,acceptBad
4941,2,150.03000000000003,2,140.41000000000008,2opt,notBad
4942,2,150.03000000000003,2,140.41000000000008,2opt,notBad
4943,2,150.03000000000003,2,140.41000000000008,2opt,notBad
4944,2,150.03000000000003,2,140.41000000000008,2opt,notBad
4945,2,150.27000000000004,2,140.41000000000008,swap,acceptBad
4946,2,150.27000000000004,2,140.41000000000008,2opt,notBad
4947,2,149.97000000000006,2,140.41000000000008,move,improve
4948,2,149.97000000000006,2,140.41000000000008,2opt,notBad
4949,2,149.65000000000006,2,140.41000000000008,move,improve
4950,2,149.14000000000007,2,140.41000000000008,move,improve
4951,2,149.14000000000007,2,140.41000000000008,2opt,notBad
4952,2,149.02000000000007,2,140.41000000000008,move,improve
4953,2,149.02000000000007,2,140.41000000000008,swap,notBad
4954,2,149.02000000000007,2,140.41000000000008,move,improve
4955,2,149.02000000000007,2,140.41000000000008,move,improve
4956,2,149.02000000000007,2,140.41000000000008,2opt,notBad
4957,2,149.02000000000007,2,140.41000000000008,move,improve
4958,2,149.02000000000007,2,140.41000000000008,2opt,improve
4959,2,149.02000000000007,2,140.41000000000008,swap,notBad
4960,2,149.02000000000007,2,140.41000000000008,swap,notBad
4961,2,149.02000000000007,2,140.41000000000008,2opt,notBad
4962,2,149.02000000000007,2,140.41000000000008,swap,notBad
4963,2,149.02000000000007,2,140.41000000000008,2opt,notBad
4964,2,149.02000000000007,2,140.41000000000008,move,improve
4965,2,149.02000000000007,2,140.41000000000008,move,improve
4966,2,148.90000000000006,2,140.41000000000008,swap,improve
4967,2,148.90000000000006,2,140.41000000000008,2opt,notBad
4968,2,148.90000000000006,2,140.41000000000008,2opt,notBad
4969,2,148.90000000000006,2,140.41000000000008,move,improve
4970,2,148.90000000000006,2,140.41000000000008,swap,notBad
4971,2,148.90000000000006,2,140.41000000000008,move,improve
4972,2,148.90000000000006,2,140.41000000000008,swap,notBad
4973,2,148.90000000000006,2,140.41000000000008,move,improve
4974,2,148.90000000000006,2,140.41000000000008,2opt,notBad
4975,2,149.65000000000003,2,140.41000000000008,swap,acceptBad
4976,2,149.65000000000003,2,140.41000000000008,move,improve
4977,2,149.65000000000003,2,140.41000000000008,move,improve
4978,2,149.65000000000003,2,140.41000000000008,swap,notBad
4979,2,149.65000000000003,2,140.41000000000008,2opt,improve
4980,2,149.65000000000003,2,140.41000000000008,move,improve
4981,2,148.96000000000006,2,140.41000000000008,move,improve
4982,2,148.96000000000006,2,140.41000000000008,move,improve
4983,2,148.96000000000006,2,140.41000000000008,move,improve
4984,2,148.96000000000006,2,140.41000000000008,swap,notBad
4985,2,148.96000000000006,2,140.41000000000008,2opt,notBad
4986,2,148.96000000000006,2,140.41000000000008,move,improve
4987,2,148.96000000000006,2,140.41000000000008,move,improve
4988,2,148.96000000000006,2,140.41000000000008,swap,notBad
4989,2,148.96000000000006,2,140.41000000000008,move,improve
4990,2,147.58000000000004,2,140.41000000000008,swap,improve
4991,2,147.58000000000004,2,140.41000000000008,swap,notBad
4992,2,147.58000000000004,2,140.41000000000008,2opt,notBad
4993,2,145.63000000000005,2,140.41000000000008,move,improve
4994,2,145.63000000000005,2,140.41000000000008,2opt,notBad
4995,2,145.63000000000005,2,140.41000000000008,move,improve
4996,2,145.63000000000005,2,140.41000000000008,swap,notBad
4997,2,145.63000000000005,2,140.41000000000008,move,improve
4998,2,145.63000000000005,2,140.41000000000008,move,improve
4999,2,145.63000000000005,2,140.41000000000008,swap,notBad
5000,2,145.63000000000005,2,140.41000000000008,swap,notBad
5001,2,145.63000000000005,2,140.41000000000008,move,improve
5002,2,145.63000000000005,2,140.41000000000008,2opt,notBad
5003,2,145.63000000000005,2,140.41000000000008,swap,notBad
5004,2,145.63000000000005,2,140.41000000000008,swap,notBad
5005,2,145.63000000000005,2,140.41000000000008,move,improve
5006,2,145.63000000000005,2,140.41000000000008,swap,notBad
5007,2,145.63000000000005,2,140.41000000000008,move,improve
5008,2,145.63000000000005,2,140.41000000000008,move,improve
5009,2,145.63000000000005,2,140.41000000000008,2opt,notBad
5010,2,145.63000000000005,2,140.41000000000008,move,improve
5011,2,145.63000000000005,2,140.41000000000008,move,improve
5012,2,145.63000000000005,2,140.41000000000008,2opt,notBad
5013,2,145.63000000000005,2,140.41000000000008,2opt,notBad
5014,2,145.63000000000005,2,140.41000000000008,2opt,improve
5015,2,145.63000000000005,2,140.41000000000008,swap,notBad
5016,2,145.63000000000005,2,140.41000000000008,move,improve
5017,2,145.87000000000003,2,140.41000000000008,swap,acceptBad
5018,2,145.87000000000003,2,140.41000000000008,swap,notBad
5019,2,145.87000000000003,2,140.41000000000008,2opt,notBad
5020,2,145.87000000000003,2,140.41000000000008,swap,notBad
5021,2,145.87000000000003,2,140.41000000000008,move,improve
5022,2,145.87000000000003,2,140.41000000000008,swap,notBad
5023,2,145.87000000000003,2,140.41000000000008,move,improve
5024,2,145.87000000000003,2,140.41000000000008,swap,notBad
5025,2,145.87000000000003,2,140.41000000000008,swap,notBad
5026,2,145.87000000000003,2,140.41000000000008,swap,notBad
5027,2,145.87000000000003,2,140.41000000000008,move,improve
5028,2,145.87000000000003,2,140.41000000000008,move,improve
5029,2,145.87000000000003,2,140.41000000000008,move,improve
5030,2,145.87000000000003,2,140.41000000000008,move,improve
5031,2,145.87000000000003,2,140.41000000000008,2opt,notBad
5032,2,145.87000000000003,2,140.41000000000008,move,improve
5033,2,146.19,2,140.41000000000008,swap,acceptBad
5034,2,146.19,2,140.41000000000008,2opt,notBad
5035,2,145.95000000000002,2,140.41000000000008,move,improve
5036,2,145.95000000000002,2,140.41000000000008,move,improve
5037,2,145.95000000000002,2,140.41000000000008,2opt,notBad
5038,2,145.95000000000002,2,140.41000000000008,move,improve
5039,2,145.95000000000002,2,140.41000000000008,swap,notBad
5040,2,145.95000000000002,2,140.41000000000008,move,improve
5041,2,145.95000000000002,2,140.41000000000008,2opt,notBad
5042,2,145.95000000000002,2,140.41000000000008,move,improve
5043,2,145.95000000000002,2,140.41000000000008,move,improve
5044,2,145.95000000000002,2,140.41000000000008,move,improve
5045,2,145.95000000000002,2,140.41000000000008,swap,notBad
5046,2,145.95000000000002,2,140.41000000000008,move,improve
5047,2,145.95000000000002,2,140.41000000000008,2opt,notBad
5048,2,145.95000000000002,2,140.41000000000008,swap,notBad
5049,2,145.95000000000002,2,140.41000000000008,2opt,notBad
5050,2,147.33,2,140.41000000000008,swap,acceptBad
5051,2,148.11000000000004,2,140.41000000000008,swap,acceptBad
5052,2,148.11000000000004,2,140.41000000000008,move,improve
5053,2,147.79000000000005,2,140.41000000000008,move,improve
5054,2,147.64000000000007,2,140.41000000000008,swap,improve
5055,2,147.64000000000007,2,140.41000000000008,2opt,notBad
5056,2,147.64000000000007,2,140.41000000000008,swap,notBad
5057,2,147.64000000000007,2,140.41000000000008,move,improve
5058,2,147.64000000000007,2,140.41000000000008,2opt,notBad
5059,2,148.33000000000004,2,140.41000000000008,swap,acceptBad
5060,2,148.33000000000004,2,140.41000000000008,2opt,notBad
5061,2,148.33000000000004,2,140.41000000000008,move,improve
5062,2,148.48000000000005,2,140.41000000000008,swap,acceptBad
5063,2,148.48000000000005,2,140.41000000000008,swap,notBad
5064,2,148.48000000000005,2,140.41000000000008,2opt,notBad
5065,2,148.48000000000005,2,140.41000000000008,2opt,notBad
5066,2,148.48000000000005,2,140.41000000000008,move,improve
5067,2,148.48000000000005,2,140.41000000000008,move,improve
5068,2,147.79000000000005,2,140.41000000000008,move,improve
5069,2,147.40000000000003,2,140.41000000000008,move,improve
5070,2,147.40000000000003,2,140.41000000000008,move,improve
5071,2,147.40000000000003,2,140.41000000000008,move,improve
5072,2,147.40000000000003,2,140.41000000000008,move,improve
5073,2,147.40000000000003,2,140.41000000000008,move,improve
5074,2,147.40000000000003,2,140.41000000000008,swap,notBad
5075,2,147.40000000000003,2,140.41000000000008,2opt,notBad
5076,2,147.40000000000003,2,140.41000000000008,swap,notBad
5077,2,146.95000000000005,2,140.41000000000008,move,improve
5078,2,146.95000000000005,2,140.41000000000008,move,improve
5079,2,146.95000000000005,2,140.41000000000008,move,improve
5080,2,146.95000000000005,2,140.41000000000008,swap,notBad
5081,2,146.95000000000005,2,140.41000000000008,2opt,notBad
5082,2,146.95000000000005,2,140.41000000000008,swap,notBad
5083,2,146.95000000000005,2,140.41000000000008,move,improve
5084,2,146.95000000000005,2,140.41000000000008,move,improve
5085,2,146.95000000000005,2,140.41000000000008,2opt,notBad
5086,2,146.95000000000005,2,140.41000000000008,move,improve
5087,2,146.95000000000005,2,140.41000000000008,2opt,notBad
5088,2,146.95000000000005,2,140.41000000000008,2opt,notBad
5089,2,146.95000000000005,2,140.41000000000008,swap,notBad
5090,2,146.95000000000005,2,140.41000000000008,move,improve
5091,2,146.95000000000005,2,140.41000000000008,2opt,notBad
5092,2,146.95000000000005,2,140.41000000000008,2opt,notBad
5093,2,146.95000000000005,2,140.41000000000008,swap,notBad
5094,2,146.95000000000005,2,140.41000000000008,swap,notBad
5095,2,146.95000000000005,2,140.41000000000008,swap,notBad
5096,2,146.95000000000005,2,140.41000000000008,2opt,improve
5097,2,146.95000000000005,2,140.41000000000008,move,improve
5098,2,146.95000000000005,2,140.41000000000008,move,improve
5099,2,146.95000000000005,2,140.41000000000008,2opt,notBad
5100,2,147.19000000000005,2,140.41000000000008,swap,acceptBad
5101,2,147.19000000000005,2,140.41000000000008,2opt,notBad
5102,2,147.19000000000005,2,140.41000000000008,2opt,notBad
5103,2,147.19000000000005,2,140.41000000000008,2opt,notBad
5104,2,147.19000000000005,2,140.41000000000008,2opt,improve
5105,2,147.19000000000005,2,140.41000000000008,move,improve
5106,2,147.19000000000005,2,140.41000000000008,swap,notBad
5107,2,147.19000000000005,2,140.41000000000008,move,improve
5108,2,147.19000000000005,2,140.41000000000008,2opt,notBad
5109,2,147.19000000000005,2,140.41000000000008,move,improve
5110,2,147.19000000000005,2,140.41000000000008,swap,notBad
5111,2,148.45000000000007,2,140.41000000000008,swap,acceptBad
5112,2,148.45000000000007,2,140.41000000000008,swap,notBad
5113,2,148.45000000000007,2,140.41000000000008,2opt,notBad
5114,2,148.45000000000007,2,140.41000000000008,2opt,notBad
5115,2,148.45000000000007,2,140.41000000000008,2opt,notBad
5116,2,148.45000000000007,2,140.41000000000008,move,improve
5117,2,148.45000000000007,2,140.41000000000008,2opt,notBad
5118,2,148.45000000000007,2,140.41000000000008,2opt,improve
5119,2,148.45000000000007,2,140.41000000000008,2opt,notBad
5120,2,148.45000000000007,2,140.41000000000008,2opt,notBad
5121,2,148.45000000000007,2,140.41000000000008,move,improve
5122,2,148.45000000000007,2,140.41000000000008,swap,notBad
5123,2,148.45000000000007,2,140.41000000000008,swap,notBad
5124,2,148.45000000000007,2,140.41000000000008,swap,notBad
5125,2,148.45000000000007,2,140.41000000000008,swap,notBad
5126,2,148.45000000000007,2,140.41000000000008,move,improve
5127,2,148.45000000000007,2,140.41000000000008,2opt,notBad
5128,2,148.45000000000007,2,140.41000000000008,2opt,notBad
5129,2,148.45000000000007,2,140.41000000000008,swap,notBad
5130,2,148.45000000000007,2,140.41000000000008,swap,notBad
5131,2,148.45000000000007,2,140.41000000000008,2opt,notBad
5132,2,148.45000000000007,2,140.41000000000008,2opt,improve
5133,2,148.33000000000004,2,140.41000000000008,move,improve
5134,2,148.33000000000004,2,140.41000000000008,swap,notBad
5135,2,148.33000000000004,2,140.41000000000008,swap,notBad
5136,2,148.33000000000004,2,140.41000000000008,move,improve
5137,2,148.33000000000004,2,140.41000000000008,move,improve
5138,2,148.33000000000004,2,140.41000000000008,swap,notBad
5139,2,148.33000000000004,2,140.41000000000008,2opt,notBad
5140,2,148.33000000000004,2,140.41000000000008,move,improve
5141,2,148.45000000000007,2,140.41000000000008,swap,acceptBad
5142,2,148.45000000000007,2,140.41000000000008,move,improve
5143,2,148.45000000000007,2,140.41000000000008,2opt,notBad
5144,2,147.73000000000002,2,140.41000000000008,move,improve
5145,2,147.73000000000002,2,140.41000000000008,move,improve
5146,2,147.73000000000002,2,140.41000000000008,swap,notBad
5147,2,147.73000000000002,2,140.41000000000008,move,improve
5148,2,147.73000000000002,2,140.41000000000008,2opt,notBad
5149,2,147.73000000000002,2,140.41000000000008,move,improve
5150,2,147.73000000000002,2,140.41000000000008,move,improve
5151,2,147.73000000000002,2,140.41000000000008,swap,notBad
5152,2,148.03,2,140.41000000000008,swap,acceptBad
5153,2,148.03,2,140.41000000000008,move,improve
5154,2,148.03,2,140.41000000000008,2opt,notBad
5155,2,148.03,2,140.41000000000008,swap,notBad
5156,2,148.03,2,140.41000000000008,move,improve
5157,2,148.03,2,140.41000000000008,2opt,notBad
5158,2,148.03,2,140.41000000000008,2opt,improve
5159,2,148.03,2,140.41000000000008,swap,notBad
5160,2,148.03,2,140.41000000000008,move,improve
5161,2,148.03,2,140.41000000000008,2opt,notBad
5162,2,149.04999999999998,2,140.41000000000008,swap,acceptBad
5163,2,149.04999999999998,2,140.41000000000008,2opt,notBad
5164,2,148.75,2,140.41000000000008,swap,improve
5165,2,149.47000000000003,2,140.41000000000008,move,acceptBad
5166,2,149.47000000000003,2,140.41000000000008,swap,notBad
5167,2,149.47000000000003,2,140.41000000000008,swap,notBad
5168,2,149.47000000000003,2,140.41000000000008,move,improve
5169,2,149.47000000000003,2,140.41000000000008,move,improve
5170,2,149.47000000000003,2,140.41000000000008,2opt,improve
5171,2,149.47000000000003,2,140.41000000000008,2opt,notBad
5172,2,149.47000000000003,2,140.41000000000008,swap,notBad
5173,2,148.21000000000006,2,140.41000000000008,move,improve
5174,2,148.90000000000003,2,140.41000000000008,swap,acceptBad
5175,2,148.90000000000003,2,140.41000000000008,move,improve
5176,2,148.90000000000003,2,140.41000000000008,move,improve
5177,2,148.90000000000003,2,140.41000000000008,swap,notBad
5178,2,148.90000000000003,2,140.41000000000008,2opt,improve
5179,2,148.90000000000003,2,140.41000000000008,move,improve
5180,2,148.90000000000003,2,140.41000000000008,2opt,notBad
5181,2,148.90000000000003,2,140.41000000000008,2opt,notBad
5182,2,148.90000000000003,2,140.41000000000008,move,improve
5183,2,148.90000000000003,2,140.41000000000008,swap,notBad
5184,2,148.90000000000003,2,140.41000000000008,swap,notBad
5185,2,147.88000000000005,2,140.41000000000008,move,improve
5186,2,147.88000000000005,2,140.41000000000008,swap,notBad
5187,2,147.88000000000005,2,140.41000000000008,swap,notBad
5188,2,147.88000000000005,2,140.41000000000008,2opt,notBad
5189,2,147.88000000000005,2,140.41000000000008,swap,notBad
5190,2,147.88000000000005,2,140.41000000000008,move,improve
5191,2,147.88000000000005,2,140.41000000000008,2opt,notBad
5192,2,147.88000000000005,2,140.41000000000008,swap,notBad
5193,2,147.88000000000005,2,140.41000000000008,2opt,notBad
5194,2,147.88000000000005,2,140.41000000000008,swap,notBad
5195,2,147.88000000000005,2,140.41000000000008,2opt,notBad
5196,2,147.19000000000005,2,140.41000000000008,move,improve
5197,2,147.19000000000005,2,140.41000000000008,2opt,improve
5198,2,147.19000000000005,2,140.41000000000008,swap,notBad
5199,2,147.19000000000005,2,140.41000000000008,2opt,notBad
5200,2,147.19000000000005,2,140.41000000000008,move,improve
5201,2,147.19000000000005,2,140.41000000000008,move,improve
5202,2,147.19000000000005,2,140.41000000000008,swap,notBad
5203,2,147.19000000000005,2,140.41000000000008,swap,notBad
5204,2,148.21000000000006,2,140.41000000000008,swap,acceptBad
5205,2,148.15000000000003,2,140.41000000000008,swap,improve
5206,2,148.15000000000003,2,140.41000000000008,2opt,notBad
5207,2,148.15000000000003,2,140.41000000000008,move,improve
5208,2,148.47,2,140.41000000000008,swap,acceptBad
5209,2,148.47,2,140.41000000000008,2opt,improve
5210,2,148.15000000000003,2,140.41000000000008,move,improve
5211,2,148.69000000000003,2,140.41000000000008,swap,acceptBad
5212,2,148.69000000000003,2,140.41000000000008,move,improve
5213,2,148.69000000000003,2,140.41000000000008,swap,notBad
5214,2,148.69000000000003,2,140.41000000000008,move,improve
5215,2,148.69000000000003,2,140.41000000000008,swap,notBad
5216,2,148.69000000000003,2,140.41000000000008,2opt,notBad
5217,2,149.11000000000004,2,140.41000000000008,swap,acceptBad
5218,2,149.11000000000004,2,140.41000000000008,move,improve
5219,2,149.11000000000004,2,140.41000000000008,2opt,improve
5220,2,149.11000000000004,2,140.41000000000008,move,improve
5221,2,148.09000000000006,2,140.41000000000008,swap,improve
5222,2,148.09000000000006,2,140.41000000000008,move,improve
5223,2,148.09000000000006,2,140.41000000000008,swap,notBad
5224,2,148.09000000000006,2,140.41000000000008,2opt,notBad
5225,2,148.81000000000006,2,140.41000000000008,swap,acceptBad
5226,2,148.81000000000006,2,140.41000000000008,move,improve
5227,2,145.63000000000005,2,140.41000000000008,move,improve
5228,2,145.63000000000005,2,140.41000000000008,move,improve
5229,2,145.63000000000005,2,140.41000000000008,swap,notBad
5230,2,145.63000000000005,2,140.41000000000008,2opt,notBad
5231,2,145.63000000000005,2,140.41000000000008,move,improve
5232,2,145.63000000000005,2,140.41000000000008,move,improve
5233,2,145.63000000000005,2,140.41000000000008,2opt,improve
5234,2,145.63000000000005,2,140.41000000000008,swap,notBad
5235,2,145.63000000000005,2,140.41000000000008,move,improve
5236,2,145.63000000000005,2,140.41000000000008,swap,notBad
5237,2,145.63000000000005,2,140.41000000000008,2opt,notBad
5238,2,145.63000000000005,2,140.41000000000008,move,improve
5239,2,145.63000000000005,2,140.41000000000008,2opt,notBad
5240,2,145.63000000000005,2,140.41000000000008,move,improve
5241,2,145.63000000000005,2,140.41000000000008,swap,notBad
5242,2,145.63000000000005,2,140.41000000000008,2opt,notBad
5243,2,145.63000000000005,2,140.41000000000008,swap,notBad
5244,2,145.63000000000005,2,140.41000000000008,move,improve
5245,2,145.63000000000005,2,140.41000000000008,move,improve
5246,2,145.63000000000005,2,140.41000000000008,swap,notBad
5247,2,145.63000000000005,2,140.41000000000008,2opt,notBad
5248,2,145.63000000000005,2,140.41000000000008,move,improve
5249,2,145.63000000000005,2,140.41000000000008,2opt,notBad
5250,2,145.63000000000005,2,140.41000000000008,swap,notBad
5251,2,145.63000000000005,2,140.41000000000008,swap,notBad
5252,2,145.63000000000005,2,140.41000000000008,move,improve
5253,2,145.63000000000005,2,140.41000000000008,swap,notBad
5254,2,145.63000000000005,2,140.41000000000008,2opt,notBad
5255,2,145.63000000000005,2,140.41000000000008,swap,notBad
5256,2,145.63000000000005,2,140.41000000000008,2opt,notBad
5257,2,145.63000000000005,2,140.41000000000008,2opt,notBad
5258,2,145.63000000000005,2,140.41000000000008,2opt,notBad
5259,2,145.63000000000005,2,140.41000000000008,move,improve
5260,2,145.63000000000005,2,140.41000000000008,2opt,improve
5261,2,145.63000000000005,2,140.41000000000008,2opt,notBad
5262,2,145.63000000000005,2,140.41000000000008,move,improve
5263,2,145.63000000000005,2,140.41000000000008,2opt,improve
5264,2,145.63000000000005,2,140.41000000000008,2opt,notBad
5265,2,145.63000000000005,2,140.41000000000008,swap,notBad
5266,2,145.63000000000005,2,140.41000000000008,2opt,notBad
5267,2,145.63000000000005,2,140.41000000000008,move,improve
5268,2,144.91,2,140.41000000000008,swap,improve
5269,2,144.91,2,140.41000000000008,2opt,notBad
5270,2,144.91,2,140.41000000000008,2opt,notBad
5271,2,144.91,2,140.41000000000008,swap,notBad
5272,2,144.91,2,140.41000000000008,move,improve
5273,2,144.91,2,140.41000000000008,move,improve
5274,2,144.91,2,140.41000000000008,2opt,notBad
5275,2,144.91,2,140.41000000000008,move,improve
5276,2,144.91,2,140.41000000000008,2opt,notBad
5277,2,144.91,2,140.41000000000008,swap,notBad
5278,2,144.91,2,140.41000000000008,swap,notBad
5279,2,144.91,2,140.41000000000008,move,improve
5280,2,144.91,2,140.41000000000008,swap,notBad
5281,2,144.91,2,140.41000000000008,swap,notBad
5282,2,145.63000000000005,2,140.41000000000008,move,acceptBad
5283,2,145.63000000000005,2,140.41000000000008,swap,notBad
5284,2,145.63000000000005,2,140.41000000000008,swap,notBad
5285,2,145.63000000000005,2,140.41000000000008,move,improve
5286,2,145.95000000000002,2,140.41000000000008,swap,acceptBad
5287,2,145.95000000000002,2,140.41000000000008,swap,notBad
5288,2,145.95000000000002,2,140.41000000000008,2opt,improve
5289,2,145.95000000000002,2,140.41000000000008,swap,notBad
5290,2,145.95000000000002,2,140.41000000000008,2opt,notBad
5291,2,145.95000000000002,2,140.41000000000008,2opt,notBad
5292,2,145.95000000000002,2,140.41000000000008,2opt,notBad
5293,2,145.95000000000002,2,140.41000000000008,swap,notBad
5294,2,145.95000000000002,2,140.41000000000008,swap,notBad
5295,2,145.95000000000002,2,140.41000000000008,move,improve
5296,2,145.95000000000002,2,140.41000000000008,2opt,notBad
5297,2,145.95000000000002,2,140.41000000000008,move,improve
5298,2,145.95000000000002,2,140.41000000000008,2opt,notBad
5299,2,145.95000000000002,2,140.41000000000008,move,improve
5300,2,145.95000000000002,2,140.41000000000008,2opt,notBad
5301,2,145.95000000000002,2,140.41000000000008,2opt,notBad
5302,2,147.57000000000002,2,140.41000000000008,swap,acceptBad
5303,2,147.57000000000002,2,140.41000000000008,2opt,notBad
5304,2,147.57000000000002,2,140.41000000000008,swap,notBad
5305,2,147.57000000000002,2,140.41000000000008,move,improve
5306,2,147.57000000000002,2,140.41000000000008,2opt,notBad
5307,2,147.57000000000002,2,140.41000000000008,2opt,improve
5308,2,147.57000000000002,2,140.41000000000008,move,improve
5309,2,147.57000000000002,2,140.41000000000008,move,improve
5310,2,147.57000000000002,2,140.41000000000008,2opt,notBad
5311,2,147.57000000000002,2,140.41000000000008,2opt,notBad
5312,2,147.57000000000002,2,140.41000000000008,move,improve
5313,2,147.57000000000002,2,140.41000000000008,move,improve
5314,2,147.57000000000002,2,140.41000000000008,swap,notBad
5315,2,147.57000000000002,2,140.41000000000008,swap,notBad
5316,2,147.57000000000002,2,140.41000000000008,move,improve
5317,2,147.57000000000002,2,140.41000000000008,move,improve
5318,2,147.57000000000002,2,140.41000000000008,2opt,notBad
5319,2,147.57000000000002,2,140.41000000000008,move,improve
5320,2,147.57000000000002,2,140.41000000000008,2opt,notBad
5321,2,147.57000000000002,2,140.41000000000008,2opt,notBad
5322,2,147.57000000000002,2,140.41000000000008,move,improve
5323,2,145.95000000000002,2,140.41000000000008,move,improve
5324,2,145.95000000000002,2,140.41000000000008,move,improve
5325,2,145.95000000000002,2,140.41000000000008,2opt,improve
5326,2,145.95000000000002,2,140.41000000000008,2opt,notBad
5327,2,145.95000000000002,2,140.41000000000008,swap,notBad
5328,2,145.95000000000002,2,140.41000000000008,swap,notBad
5329,2,145.95000000000002,2,140.41000000000008,swap,notBad
5330,2,145.95000000000002,2,140.41000000000008,2opt,notBad
5331,2,145.95000000000002,2,140.41000000000008,2opt,notBad
5332,2,145.95000000000002,2,140.41000000000008,swap,notBad
5333,2,145.95000000000002,2,140.41000000000008,2opt,improve
5334,2,145.95000000000002,2,140.41000000000008,swap,notBad
5335,2,145.95000000000002,2,140.41000000000008,2opt,notBad
5336,2,145.95000000000002,2,140.41000000000008,move,improve
5337,2,145.95000000000002,2,140.41000000000008,swap,notBad
5338,2,145.95000000000002,2,140.41000000000008,2opt,improve
5339,2,145.95000000000002,2,140.41000000000008,move,improve
5340,2,145.47,2,140.41000000000008,swap,improve
5341,2,145.47,2,140.41000000000008,swap,notBad
5342,2,145.47,2,140.41000000000008,move,improve
5343,2,145.47,2,140.41000000000008,swap,notBad
5344,2,145.47,2,140.41000000000008,swap,notBad
5345,2,145.47,2,140.41000000000008,move,improve
5346,2,145.47,2,140.41000000000008,2opt,notBad
5347,2,145.47,2,140.41000000000008,2opt,notBad
5348,2,145.47,2,140.41000000000008,swap,notBad
5349,2,145.47,2,140.41000000000008,move,improve
5350,2,145.47,2,140.41000000000008,swap,notBad
5351,2,144.91,2,140.41000000000008,move,improve
5352,2,144.91,2,140.41000000000008,2opt,notBad
5353,2,144.91,2,140.41000000000008,2opt,notBad
5354,2,144.91,2,140.41000000000008,swap,notBad
5355,2,144.91,2,140.41000000000008,swap,notBad
5356,2,144.91,2,140.41000000000008,swap,notBad
5357,2,144.91,2,140.41000000000008,2opt,notBad
5358,2,144.91,2,140.41000000000008,move,improve
5359,2,144.91,2,140.41000000000008,swap,notBad
5360,2,144.91,2,140.41000000000008,move,improve
5361,2,144.91,2,140.41000000000008,move,improve
5362,2,144.91,2,140.41000000000008,swap,notBad
5363,2,144.91,2,140.41000000000008,2opt,notBad
5364,2,144.91,2,140.41000000000008,2opt,notBad
5365,2,144.91,2,140.41000000000008,swap,notBad
5366,2,144.91,2,140.41000000000008,move,improve
5367,2,144.91,2,140.41000000000008,swap,notBad
5368,2,144.91,2,140.41000000000008,2opt,notBad
5369,2,144.91,2,140.41000000000008,swap,notBad
5370,2,144.91,2,140.41000000000008,2opt,notBad
5371,2,144.91,2,140.41000000000008,move,improve
5372,2,144.91,2,140.41000000000008,swap,notBad
5373,2,144.91,2,140.41000000000008,2opt,notBad
5374,2,144.91,2,140.41000000000008,2opt,notBad
5375,2,144.91,2,140.41000000000008,2opt,notBad
5376,2,144.91,2,140.41000000000008,swap,notBad
5377,2,145.93,2,140.41000000000008,swap,acceptBad
5378,2,145.93,2,140.41000000000008,swap,notBad
5379,2,145.93,2,140.41000000000008,2opt,notBad
5380,2,145.93,2,140.41000000000008,swap,notBad
5381,2,146.17,2,140.41000000000008,swap,acceptBad
5382,2,146.17,2,140.41000000000008,2opt,notBad
5383,2,146.17,2,140.41000000000008,swap,notBad
5384,2,146.17,2,140.41000000000008,2opt,notBad
5385,2,146.17,2,140.41000000000008,2opt,notBad
5386,2,146.17,2,140.41000000000008,2opt,notBad
5387,2,146.17,2,140.41000000000008,2opt,notBad
5388,2,146.17,2,140.41000000000008,swap,notBad
5389,2,146.17,2,140.41000000000008,2opt,notBad
5390,2,146.17,2,140.41000000000008,2opt,improve
5391,2,145.14999999999998,2,140.41000000000008,move,improve
5392,2,144.91,2,140.41000000000008,move,improve
5393,2,144.91,2,140.41000000000008,move,improve
5394,2,144.91,2,140.41000000000008,move,improve
5395,2,144.91,2,140.41000000000008,swap,notBad
5396,2,144.91,2,140.41000000000008,swap,notBad
5397,2,144.91,2,140.41000000000008,move,improve
5398,2,144.91,2,140.41000000000008,move,improve
5399,2,144.91,2,140.41000000000008,swap,notBad
5400,2,145.63000000000005,2,140.41000000000008,move,acceptBad
5401,2,145.63000000000005,2,140.41000000000008,swap,notBad
5402,2,145.63000000000005,2,140.41000000000008,move,improve
5403,2,145.63000000000005,2,140.41000000000008,2opt,notBad
5404,2,145.63000000000005,2,140.41000000000008,swap,notBad
5405,2,145.63000000000005,2,140.41000000000008,move,improve
5406,2,145.63000000000005,2,140.41000000000008,2opt,notBad
5407,2,145.63000000000005,2,140.41000000000008,swap,notBad
5408,2,145.63000000000005,2,140.41000000000008,swap,notBad
5409,2,145.63000000000005,2,140.41000000000008,move,improve
5410,2,145.63000000000005,2,140.41000000000008,move,improve
5411,2,145.63000000000005,2,140.41000000000008,move,improve
5412,2,145.63000000000005,2,140.41000000000008,move,improve
5413,2,145.63000000000005,2,140.41000000000008,2opt,notBad
5414,2,145.63000000000005,2,140.41000000000008,move,improve
5415,2,145.63000000000005,2,140.41000000000008,2opt,notBad
5416,2,145.63000000000005,2,140.41000000000008,2opt,notBad
5417,2,145.63000000000005,2,140.41000000000008,2opt,notBad
5418,2,145.63000000000005,2,140.41000000000008,swap,notBad
5419,2,145.63000000000005,2,140.41000000000008,move,improve
5420,2,145.63000000000005,2,140.41000000000008,2opt,improve
5421,2,145.63000000000005,2,140.41000000000008,move,improve
5422,2,145.63000000000005,2,140.41000000000008,move,improve
5423,2,145.63000000000005,2,140.41000000000008,2opt,notBad
5424,2,145.63000000000005,2,140.41000000000008,2opt,notBad
5425,2,145.63000000000005,2,140.41000000000008,swap,notBad
5426,2,145.63000000000005,2,140.41000000000008,move,improve
5427,2,145.63000000000005,2,140.41000000000008,2opt,notBad
5428,2,145.63000000000005,2,140.41000000000008,swap,notBad
5429,2,145.63000000000005,2,140.41000000000008,swap,notBad
5430,2,145.63000000000005,2,140.41000000000008,2opt,improve
5431,2,145.63000000000005,2,140.41000000000008,move,improve
5432,2,145.63000000000005,2,140.41000000000008,move,improve
5433,2,145.63000000000005,2,140.41000000000008,2opt,notBad
5434,2,145.63000000000005,2,140.41000000000008,2opt,notBad
5435,2,145.63000000000005,2,140.41000000000008,2opt,notBad
5436,2,145.63000000000005,2,140.41000000000008,swap,notBad
5437,2,146.65000000000003,2,140.41000000000008,swap,acceptBad
5438,2,146.65000000000003,2,140.41000000000008,swap,notBad
5439,2,146.65000000000003,2,140.41000000000008,2opt,notBad
5440,2,147.34000000000006,2,140.41000000000008,swap,acceptBad
5441,2,147.34000000000006,2,140.41000000000008,move,improve
5442,2,146.65000000000003,2,140.41000000000008,move,improve
5443,2,146.65000000000003,2,140.41000000000008,swap,notBad
5444,2,146.65000000000003,2,140.41000000000008,swap,notBad
5445,2,147.52000000000007,2,140.41000000000008,swap,acceptBad
5446,2,147.52000000000007,2,140.41000000000008,swap,notBad
5447,2,147.52000000000007,2,140.41000000000008,swap,notBad
5448,2,147.52000000000007,2,140.41000000000008,2opt,notBad
5449,2,147.52000000000007,2,140.41000000000008,move,improve
5450,2,147.52000000000007,2,140.41000000000008,swap,notBad
5451,2,146.65000000000003,2,140.41000000000008,swap,improve
5452,2,146.65000000000003,2,140.41000000000008,2opt,notBad
5453,2,146.65000000000003,2,140.41000000000008,swap,notBad
5454,2,146.65000000000003,2,140.41000000000008,2opt,notBad
5455,2,146.65000000000003,2,140.41000000000008,2opt,notBad
5456,2,146.65000000000003,2,140.41000000000008,2opt,notBad
5457,2,145.63000000000005,2,140.41000000000008,move,improve
5458,2,145.63000000000005,2,140.41000000000008,swap,notBad
5459,2,145.63000000000005,2,140.41000000000008,move,improve
5460,2,145.63000000000005,2,140.41000000000008,move,improve
5461,2,145.63000000000005,2,140.41000000000008,move,improve
5462,2,145.63000000000005,2,140.41000000000008,move,improve
5463,2,145.63000000000005,2,140.41000000000008,move,improve
5464,2,145.63000000000005,2,140.41000000000008,swap,notBad
5465,2,145.63000000000005,2,140.41000000000008,move,improve
5466,2,145.63000000000005,2,140.41000000000008,2opt,improve
5467,2,145.63000000000005,2,140.41000000000008,2opt,notBad
5468,2,145.63000000000005,2,140.41000000000008,move,improve
5469,2,145.63000000000005,2,140.41000000000008,swap,notBad
5470,2,145.63000000000005,2,140.41000000000008,2opt,notBad
5471,2,145.63000000000005,2,140.41000000000008,move,improve
5472,2,145.63000000000005,2,140.41000000000008,move,improve
5473,2,145.63000000000005,2,140.41000000000008,2opt,notBad
5474,2,145.63000000000005,2,140.41000000000008,2opt,notBad
5475,2,145.63000000000005,2,140.41000000000008,swap,notBad
5476,2,145.63000000000005,2,140.41000000000008,move,improve
5477,2,145.63000000000005,2,140.41000000000008,2opt,notBad
5478,2,145.63000000000005,2,140.41000000000008,swap,notBad
5479,2,145.63000000000005,2,140.41000000000008,move,improve
5480,2,145.63000000000005,2,140.41000000000008,2opt,notBad
5481,2,145.63000000000005,2,140.41000000000008,2opt,notBad
5482,2,145.63000000000005,2,140.41000000000008,move,improve
5483,2,145.63000000000005,2,140.41000000000008,swap,notBad
5484,2,145.63000000000005,2,140.41000000000008,swap,notBad
5485,2,145.63000000000005,2,140.41000000000008,move,improve
5486,2,145.63000000000005,2,140.41000000000008,move,improve
5487,2,145.63000000000005,2,140.41000000000008,move,improve
5488,2,145.63000000000005,2,140.41000000000008,swap,notBad
5489,2,145.63000000000005,2,140.41000000000008,swap,notBad
5490,2,145.63000000000005,2,140.41000000000008,move,improve
5491,2,145.63000000000005,2,140.41000000000008,2opt,notBad
5492,2,145.63000000000005,2,140.41000000000008,swap,notBad
5493,2,145.63000000000005,2,140.41000000000008,move,improve
5494,2,145.63000000000005,2,140.41000000000008,2opt,notBad
5495,2,145.63000000000005,2,140.41000000000008,2opt,notBad
5496,2,145.63000000000005,2,140.41000000000008,swap,notBad
5497,2,145.63000000000005,2,140.41000000000008,2opt,notBad
5498,2,145.63000000000005,2,140.41000000000008,2opt,notBad
5499,2,145.63000000000005,2,140.41000000000008,2opt,notBad
5500,2,145.63000000000005,2,140.41000000000008,2opt,notBad
5501,2,145.87000000000003,2,140.41000000000008,swap,acceptBad
5502,2,145.87000000000003,2,140.41000000000008,swap,notBad
5503,2,145.87000000000003,2,140.41000000000008,swap,notBad
5504,2,145.87000000000003,2,140.41000000000008,2opt,notBad
5505,2,145.87000000000003,2,140.41000000000008,move,improve
5506,2,145.87000000000003,2,140.41000000000008,move,improve
5507,2,145.87000000000003,2,140.41000000000008,move,improve
5508,2,145.87000000000003,2,140.41000000000008,2opt,notBad
5509,2,145.87000000000003,2,140.41000000000008,move,improve
5510,2,145.87000000000003,2,140.41000000000008,2opt,notBad
5511,2,145.87000000000003,2,140.41000000000008,move,improve
5512,2,145.87000000000003,2,140.41000000000008,swap,notBad
5513,2,145.87000000000003,2,140.41000000000008,swap,notBad
5514,2,145.87000000000003,2,140.41000000000008,move,improve
5515,2,145.87000000000003,2,140.41000000000008,move,improve
5516,2,145.87000000000003,2,140.41000000000008,move,improve
5517,2,145.87000000000003,2,140.41000000000008,swap,notBad
5518,2,145.87000000000003,2,140.41000000000008,move,improve
5519,2,145.87000000000003,2,140.41000000000008,2opt,notBad
5520,2,145.14999999999998,2,140.41000000000008,swap,improve
5521,2,145.14999999999998,2,140.41000000000008,move,improve
5522,2,145.14999999999998,2,140.41000000000008,2opt,notBad
5523,2,145.14999999999998,2,140.41000000000008,move,improve
5524,2,145.14999999999998,2,140.41000000000008,move,improve
5525,2,145.14999999999998,2,140.41000000000008,2opt,improve
5526,2,145.14999999999998,2,140.41000000000008,move,improve
5527,2,146.17,2,140.41000000000008,swap,acceptBad
5528,2,146.17,2,140.41000000000008,2opt,improve
5529,2,146.17,2,140.41000000000008,move,improve
5530,2,146.17,2,140.41000000000008,2opt,notBad
5531,2,146.17,2,140.41000000000008,move,improve
5532,2,146.17,2,140.41000000000008,swap,notBad
5533,2,146.17,2,140.41000000000008,swap,notBad
5534,2,146.17,2,140.41000000000008,2opt,notBad
5535,2,146.17,2,140.41000000000008,swap,notBad
5536,2,146.17,2,140.41000000000008,move,improve
5537,2,146.17,2,140.41000000000008,2opt,notBad
5538,2,146.17,2,140.41000000000008,2opt,notBad
5539,2,146.17,2,140.41000000000008,swap,notBad
5540,2,146.17,2,140.41000000000008,move,improve
5541,2,146.17,2,140.41000000000008,2opt,improve
5542,2,146.17,2,140.41000000000008,2opt,notBad
5543,2,146.17,2,140.41000000000008,swap,notBad
5544,2,146.17,2,140.41000000000008,move,improve
5545,2,146.17,2,140.41000000000008,move,improve
5546,2,146.17,2,140.41000000000008,swap,notBad
5547,2,146.17,2,140.41000000000008,move,improve
5548,2,146.17,2,140.41000000000008,move,improve
5549,2,146.17,2,140.41000000000008,move,improve
5550,2,146.17,2,140.41000000000008,2opt,notBad
5551,2,146.17,2,140.41000000000008,2opt,notBad
5552,2,146.17,2,140.41000000000008,swap,notBad
5553,2,146.17,2,140.41000000000008,move,improve
5554,2,146.17,2,140.41000000000008,swap,notBad
5555,2,146.17,2,140.41000000000008,2opt,notBad
5556,2,146.17,2,140.41000000000008,2opt,notBad
5557,2,146.17,2,140.41000000000008,move,improve
5558,2,146.89000000000001,2,140.41000000000008,swap,acceptBad
5559,2,146.89000000000001,2,140.41000000000008,2opt,notBad
5560,2,146.89000000000001,2,140.41000000000008,swap,notBad
5561,2,146.89000000000001,2,140.41000000000008,move,improve
5562,2,146.89000000000001,2,140.41000000000008,swap,notBad
5563,2,146.89000000000001,2,140.41000000000008,move,improve
5564,2,146.89000000000001,2,140.41000000000008,move,improve
5565,2,146.89000000000001,2,140.41000000000008,swap,notBad
5566,2,146.89000000000001,2,140.41000000000008,move,improve
5567,2,146.89000000000001,2,140.41000000000008,2opt,notBad
5568,2,147.58000000000004,2,140.41000000000008,swap,acceptBad
5569,2,147.58000000000004,2,140.41000000000008,move,improve
5570,2,146.89000000000001,2,140.41000000000008,move,improve
5571,2,146.89000000000001,2,140.41000000000008,swap,notBad
5572,2,147.21,2,140.41000000000008,swap,acceptBad
5573,2,147.21,2,140.41000000000008,swap,notBad
5574,2,147.21,2,140.41000000000008,move,improve
5575,2,146.89000000000001,2,140.41000000000008,move,improve
5576,2,146.89000000000001,2,140.41000000000008,2opt,notBad
5577,2,145.87000000000003,2,140.41000000000008,move,improve
5578,2,145.87000000000003,2,140.41000000000008,move,improve
5579,2,145.87000000000003,2,140.41000000000008,2opt,notBad
5580,2,145.87000000000003,2,140.41000000000008,move,improve
5581,2,145.87000000000003,2,140.41000000000008,swap,notBad
5582,2,145.87000000000003,2,140.41000000000008,swap,notBad
5583,2,145.87000000000003,2,140.41000000000008,2opt,notBad
5584,2,145.63000000000005,2,140.41000000000008,move,improve
5585,2,145.63000000000005,2,140.41000000000008,swap,notBad
5586,2,145.63000000000005,2,140.41000000000008,swap,notBad
5587,2,145.63000000000005,2,140.41000000000008,2opt,notBad
5588,2,145.63000000000005,2,140.41000000000008,move,improve
5589,2,145.63000000000005,2,140.41000000000008,swap,notBad
5590,2,145.63000000000005,2,140.41000000000008,move,improve
5591,2,145.63000000000005,2,140.41000000000008,2opt,improve
5592,2,145.63000000000005,2,140.41000000000008,2opt,notBad
5593,2,145.63000000000005,2,140.41000000000008,move,improve
5594,2,145.63000000000005,2,140.41000000000008,move,improve
5595,2,145.63000000000005,2,140.41000000000008,move,improve
5596,2,145.63000000000005,2,140.41000000000008,2opt,notBad
5597,2,145.63000000000005,2,140.41000000000008,2opt,improve
5598,2,145.63000000000005,2,140.41000000000008,2opt,notBad
5599,2,145.63000000000005,2,140.41000000000008,move,improve
5600,2,145.63000000000005,2,140.41000000000008,2opt,improve
5601,2,145.63000000000005,2,140.41000000000008,swap,notBad
5602,2,145.63000000000005,2,140.41000000000008,swap,notBad
5603,2,145.63000000000005,2,140.41000000000008,2opt,notBad
5604,2,145.63000000000005,2,140.41000000000008,move,improve
5605,2,145.63000000000005,2,140.41000000000008,move,improve
5606,2,145.63000000000005,2,140.41000000000008,swap,notBad
5607,2,145.63000000000005,2,140.41000000000008,move,improve
5608,2,145.63000000000005,2,140.41000000000008,swap,notBad
5609,2,145.63000000000005,2,140.41000000000008,2opt,notBad
5610,2,145.63000000000005,2,140.41000000000008,2opt,notBad
5611,2,145.63000000000005,2,140.41000000000008,swap,notBad
5612,2,145.63000000000005,2,140.41000000000008,2opt,notBad
5613,2,145.63000000000005,2,140.41000000000008,2opt,notBad
5614,2,145.63000000000005,2,140.41000000000008,2opt,notBad
5615,2,145.63000000000005,2,140.41000000000008,swap,notBad
5616,2,145.63000000000005,2,140.41000000000008,2opt,notBad
5617,2,145.63000000000005,2,140.41000000000008,move,improve
5618,2,145.63000000000005,2,140.41000000000008,2opt,notBad
5619,2,145.63000000000005,2,140.41000000000008,move,improve
5620,2,145.63000000000005,2,140.41000000000008,move,improve
5621,2,145.63000000000005,2,140.41000000000008,swap,notBad
5622,2,145.63000000000005,2,140.41000000000008,move,improve
5623,2,145.63000000000005,2,140.41000000000008,move,improve
5624,2,145.63000000000005,2,140.41000000000008,2opt,notBad
5625,2,145.63000000000005,2,140.41000000000008,move,improve
5626,2,145.63000000000005,2,140.41000000000008,move,improve
5627,2,145.63000000000005,2,140.41000000000008,2opt,notBad
5628,2,145.63000000000005,2,140.41000000000008,move,improve
5629,2,145.63000000000005,2,140.41000000000008,swap,notBad
5630,2,145.63000000000005,2,140.41000000000008,move,improve
5631,2,145.63000000000005,2,140.41000000000008,2opt,notBad
5632,2,145.63000000000005,2,140.41000000000008,2opt,notBad
5633,2,145.63000000000005,2,140.41000000000008,swap,notBad
5634,2,145.63000000000005,2,140.41000000000008,move,improve
5635,2,145.63000000000005,2,140.41000000000008,move,improve
5636,2,145.63000000000005,2,140.41000000000008,move,improve
5637,2,145.87000000000003,2,140.41000000000008,swap,acceptBad
5638,2,145.87000000000003,2,140.41000000000008,swap,notBad
5639,2,145.87000000000003,2,140.41000000000008,move,improve
5640,2,145.87000000000003,2,140.41000000000008,swap,notBad
5641,2,145.87000000000003,2,140.41000000000008,move,improve
5642,2,145.87000000000003,2,140.41000000000008,2opt,notBad
5643,2,145.87000000000003,2,140.41000000000008,move,improve
5644,2,145.87000000000003,2,140.41000000000008,2opt,notBad
5645,2,145.87000000000003,2,140.41000000000008,move,improve
5646,2,145.87000000000003,2,140.41000000000008,swap,notBad
5647,2,145.87000000000003,2,140.41000000000008,move,improve
5648,2,145.87000000000003,2,140.41000000000008,2opt,notBad
5649,2,145.87000000000003,2,140.41000000000008,2opt,notBad
5650,2,145.87000000000003,2,140.41000000000008,swap,notBad
5651,2,145.87000000000003,2,140.41000000000008,2opt,notBad
5652,2,145.87000000000003,2,140.41000000000008,swap,notBad
5653,2,145.87000000000003,2,140.41000000000008,move,improve
5654,2,146.19,2,140.41000000000008,swap,acceptBad
5655,2,146.19,2,140.41000000000008,swap,notBad
5656,2,146.19,2,140.41000000000008,2opt,notBad
5657,2,146.19,2,140.41000000000008,swap,notBad
5658,2,146.19,2,140.41000000000008,swap,notBad
5659,2,146.19,2,140.41000000000008,move,improve
5660,2,145.87000000000003,2,140.41000000000008,move,improve
5661,2,145.87000000000003,2,140.41000000000008,2opt,notBad
5662,2,145.87000000000003,2,140.41000000000008,2opt,notBad
5663,2,145.87000000000003,2,140.41000000000008,2opt,notBad
5664,2,145.87000000000003,2,140.41000000000008,move,improve
5665,2,145.87000000000003,2,140.41000000000008,2opt,notBad
5666,2,145.87000000000003,2,140.41000000000008,2opt,notBad
5667,2,145.87000000000003,2,140.41000000000008,2opt,notBad
5668,2,145.14999999999998,2,140.41000000000008,move,improve
5669,2,145.14999999999998,2,140.41000000000008,2opt,notBad
5670,2,145.14999999999998,2,140.41000000000008,2opt,notBad
5671,2,145.14999999999998,2,140.41000000000008,swap,notBad
5672,2,145.14999999999998,2,140.41000000000008,swap,notBad
5673,2,145.14999999999998,2,140.41000000000008,swap,notBad
5674,2,145.14999999999998,2,140.41000000000008,2opt,notBad
5675,2,145.14999999999998,2,140.41000000000008,swap,notBad
5676,2,145.14999999999998,2,140.41000000000008,move,improve
5677,2,145.14999999999998,2,140.41000000000008,swap,notBad
5678,2,145.14999999999998,2,140.41000000000008,swap,notBad
5679,2,145.14999999999998,2,140.41000000000008,move,improve
5680,2,145.14999999999998,2,140.41000000000008,2opt,notBad
5681,2,145.14999999999998,2,140.41000000000008,swap,notBad
5682,2,145.14999999999998,2,140.41000000000008,move,improve
5683,2,145.14999999999998,2,140.41000000000008,move,improve
5684,2,145.14999999999998,2,140.41000000000008,2opt,notBad
5685,2,144.91,2,140.41000000000008,move,improve
5686,2,144.91,2,140.41000000000008,swap,notBad
5687,2,144.91,2,140.41000000000008,swap,notBad
5688,2,144.91,2,140.41000000000008,swap,notBad
5689,2,144.91,2,140.41000000000008,swap,notBad
5690,2,144.91,2,140.41000000000008,swap,notBad
5691,2,144.91,2,140.41000000000008,move,improve
5692,2,144.91,2,140.41000000000008,2opt,improve
5693,2,144.91,2,140.41000000000008,move,improve
5694,2,144.91,2,140.41000000000008,swap,notBad
5695,2,144.91,2,140.41000000000008,2opt,notBad
5696,2,144.91,2,140.41000000000008,move,improve
5697,2,144.91,2,140.41000000000008,move,improve
5698,2,144.91,2,140.41000000000008,move,improve
5699,2,144.91,2,140.41000000000008,swap,notBad
5700,2,144.91,2,140.41000000000008,2opt,notBad
5701,2,144.91,2,140.41000000000008,move,improve
5702,2,145.47,2,140.41000000000008,swap,acceptBad
5703,2,145.47,2,140.41000000000008,swap,notBad
5704,2,145.47,2,140.41000000000008,move,improve
5705,2,145.47,2,140.41000000000008,swap,notBad
5706,2,145.47,2,140.41000000000008,swap,notBad
5707,2,145.47,2,140.41000000000008,swap,notBad
5708,2,145.47,2,140.41000000000008,move,improve
5709,2,145.47,2,140.41000000000008,swap,notBad
5710,2,145.47,2,140.41000000000008,swap,notBad
5711,2,145.47,2,140.41000000000008,2opt,notBad
5712,2,145.47,2,140.41000000000008,2opt,notBad
5713,2,145.47,2,140.41000000000008,2opt,notBad
5714,2,145.47,2,140.41000000000008,move,improve
5715,2,145.47,2,140.41000000000008,swap,notBad
5716,2,145.47,2,140.41000000000008,swap,notBad
5717,2,145.47,2,140.41000000000008,swap,notBad
5718,2,145.47,2,140.41000000000008,move,improve
5719,2,145.47,2,140.41000000000008,2opt,notBad
5720,2,145.47,2,140.41000000000008,move,improve
5721,2,145.47,2,140.41000000000008,2opt,notBad
5722,2,145.47,2,140.41000000000008,swap,notBad
5723,2,145.47,2,140.41000000000008,move,improve
5724,2,145.47,2,140.41000000000008,2opt,notBad
5725,2,145.47,2,140.41000000000008,2opt,notBad
5726,2,145.47,2,140.41000000000008,2opt,notBad
5727,2,145.47,2,140.41000000000008,swap,notBad
5728,2,145.47,2,140.41000000000008,swap,notBad
5729,2,145.47,2,140.41000000000008,move,improve
5730,2,144.91,2,140.41000000000008,move,improve
5731,2,144.91,2,140.41000000000008,swap,notBad
5732,2,144.91,2,140.41000000000008,2opt,notBad
5733,2,144.91,2,140.41000000000008,2opt,notBad
5734,2,144.91,2,140.41000000000008,2opt,notBad
5735,2,144.91,2,140.41000000000008,2opt,notBad
5736,2,144.91,2,140.41000000000008,2opt,notBad
5737,2,144.91,2,140.41000000000008,swap,notBad
5738,2,144.91,2,140.41000000000008,swap,notBad
5739,2,144.91,2,140.41000000000008,swap,notBad
5740,2,144.91,2,140.41000000000008,move,improve
5741,2,144.91,2,140.41000000000008,swap,notBad
5742,2,144.91,2,140.41000000000008,move,improve
5743,2,144.91,2,140.41000000000008,swap,notBad
5744,2,144.91,2,140.41000000000008,swap,notBad
5745,2,145.93,2,140.41000000000008,swap,acceptBad
5746,2,145.93,2,140.41000000000008,2opt,notBad
5747,2,145.93,2,140.41000000000008,2opt,notBad
5748,2,145.93,2,140.41000000000008,swap,notBad
5749,2,145.93,2,140.41000000000008,move,improve
5750,2,145.93,2,140.41000000000008,move,improve
5751,2,145.93,2,140.41000000000008,move,improve
5752,2,145.93,2,140.41000000000008,swap,notBad
5753,2,144.91,2,140.41000000000008,move,improve
5754,2,145.63000000000005,2,140.41000000000008,swap,acceptBad
5755,2,145.63000000000005,2,140.41000000000008,move,improve
5756,2,145.63000000000005,2,140.41000000000008,2opt,notBad
5757,2,145.63000000000005,2,140.41000000000008,2opt,notBad
5758,2,145.63000000000005,2,140.41000000000008,swap,notBad
5759,2,145.63000000000005,2,140.41000000000008,move,improve
5760,2,145.63000000000005,2,140.41000000000008,2opt,improve
5761,2,146.83000000000004,2,140.41000000000008,swap,acceptBad
5762,2,146.83000000000004,2,140.41000000000008,2opt,notBad
5763,2,146.83000000000004,2,140.41000000000008,swap,notBad
5764,2,147.07000000000002,2,140.41000000000008,swap,acceptBad
5765,2,147.07000000000002,2,140.41000000000008,swap,notBad
5766,2,147.07000000000002,2,140.41000000000008,move,improve
5767,2,147.07000000000002,2,140.41000000000008,swap,notBad
5768,2,147.07000000000002,2,140.41000000000008,move,improve
5769,2,147.07000000000002,2,140.41000000000008,2opt,improve
5770,2,147.07000000000002,2,140.41000000000008,swap,notBad
5771,2,147.07000000000002,2,140.41000000000008,move,improve
5772,2,147.07000000000002,2,140.41000000000008,move,improve
5773,2,147.07000000000002,2,140.41000000000008,swap,notBad
5774,2,147.07000000000002,2,140.41000000000008,2opt,notBad
5775,2,147.07000000000002,2,140.41000000000008,2opt,improve
5776,2,147.07000000000002,2,140.41000000000008,swap,notBad
5777,2,147.07000000000002,2,140.41000000000008,2opt,notBad
5778,2,147.07000000000002,2,140.41000000000008,swap,notBad
5779,2,147.07000000000002,2,140.41000000000008,move,improve
5780,2,147.07000000000002,2,140.41000000000008,2opt,improve
5781,2,147.82000000000002,2,140.41000000000008,swap,acceptBad
5782,2,147.82000000000002,2,140.41000000000008,2opt,improve
5783,2,147.82000000000002,2,140.41000000000008,swap,notBad
5784,2,147.82000000000002,2,140.41000000000008,move,improve
5785,2,147.82000000000002,2,140.41000000000008,move,improve
5786,2,147.82000000000002,2,140.41000000000008,2opt,notBad
5787,2,147.82000000000002,2,140.41000000000008,move,improve
5788,2,147.82000000000002,2,140.41000000000008,2opt,improve
5789,2,147.82000000000002,2,140.41000000000008,2opt,notBad
5790,2,147.82000000000002,2,140.41000000000008,2opt,notBad
5791,2,147.82000000000002,2,140.41000000000008,swap,notBad
5792,2,147.82000000000002,2,140.41000000000008,2opt,notBad
5793,2,147.82000000000002,2,140.41000000000008,2opt,notBad
5794,2,147.82000000000002,2,140.41000000000008,2opt,notBad
5795,2,147.82000000000002,2,140.41000000000008,swap,notBad
5796,2,147.82000000000002,2,140.41000000000008,swap,notBad
5797,2,147.82000000000002,2,140.41000000000008,move,improve
5798,2,147.82000000000002,2,140.41000000000008,2opt,notBad
5799,2,147.82000000000002,2,140.41000000000008,move,improve
5800,2,147.82000000000002,2,140.41000000000008,swap,notBad
5801,2,147.1,2,140.41000000000008,move,improve
5802,2,147.82000000000002,2,140.41000000000008,move,acceptBad
5803,2,147.82000000000002,2,140.41000000000008,2opt,improve
5804,2,147.82000000000002,2,140.41000000000008,move,improve
5805,2,147.82000000000002,2,140.41000000000008,2opt,notBad
5806,2,147.82000000000002,2,140.41000000000008,move,improve
5807,2,147.82000000000002,2,140.41000000000008,move,improve
5808,2,146.89000000000001,2,140.41000000000008,swap,improve
5809,2,146.89000000000001,2,140.41000000000008,swap,notBad
5810,2,146.89000000000001,2,140.41000000000008,move,improve
5811,2,146.65000000000003,2,140.41000000000008,swap,improve
5812,2,146.65000000000003,2,140.41000000000008,swap,notBad
5813,2,146.65000000000003,2,140.41000000000008,move,improve
5814,2,146.65000000000003,2,140.41000000000008,2opt,notBad
5815,2,146.65000000000003,2,140.41000000000008,swap,notBad
5816,2,146.65000000000003,2,140.41000000000008,2opt,notBad
5817,2,146.65000000000003,2,140.41000000000008,move,improve
5818,2,146.65000000000003,2,140.41000000000008,move,improve
5819,2,146.65000000000003,2,140.41000000000008,2opt,improve
5820,2,145.93,2,140.41000000000008,move,improve
5821,2,145.93,2,140.41000000000008,swap,notBad
5822,2,144.91,2,140.41000000000008,move,improve
5823,2,144.91,2,140.41000000000008,swap,notBad
5824,2,144.91,2,140.41000000000008,2opt,notBad
5825,2,144.91,2,140.41000000000008,2opt,improve
5826,2,144.91,2,140.41000000000008,move,improve
5827,2,144.91,2,140.41000000000008,move,improve
5828,2,144.91,2,140.41000000000008,move,improve
5829,2,144.91,2,140.41000000000008,2opt,notBad
5830,2,144.91,2,140.41000000000008,move,improve
5831,2,144.91,2,140.41000000000008,move,improve
5832,2,144.91,2,140.41000000000008,move,improve
5833,2,144.91,2,140.41000000000008,move,improve
5834,2,144.91,2,140.41000000000008,2opt,notBad
5835,2,144.91,2,140.41000000000008,swap,notBad
5836,2,144.91,2,140.41000000000008,swap,notBad
5837,2,144.91,2,140.41000000000008,swap,notBad
5838,2,144.91,2,140.41000000000008,swap,notBad
5839,2,144.91,2,140.41000000000008,move,improve
5840,2,144.91,2,140.41000000000008,move,improve
5841,2,144.91,2,140.41000000000008,2opt,notBad
5842,2,144.91,2,140.41000000000008,swap,notBad
5843,2,144.91,2,140.41000000000008,swap,notBad
5844,2,144.91,2,140.41000000000008,move,improve
5845,2,144.91,2,140.41000000000008,move,improve
5846,2,144.91,2,140.41000000000008,2opt,notBad
5847,2,144.91,2,140.41000000000008,2opt,notBad
5848,2,144.91,2,140.41000000000008,move,improve
5849,2,144.91,2,140.41000000000008,2opt,improve
5850,2,144.91,2,140.41000000000008,swap,notBad
5851,2,144.91,2,140.41000000000008,2opt,notBad
5852,2,144.91,2,140.41000000000008,2opt,notBad
5853,2,144.91,2,140.41000000000008,2opt,notBad
5854,2,144.91,2,140.41000000000008,swap,notBad
5855,2,144.91,2,140.41000000000008,2opt,notBad
5856,2,144.91,2,140.41000000000008,move,improve
5857,2,144.91,2,140.41000000000008,swap,notBad
5858,2,144.91,2,140.41000000000008,2opt,notBad
5859,2,144.91,2,140.41000000000008,move,improve
5860,2,144.91,2,140.41000000000008,move,improve
5861,2,144.91,2,140.41000000000008,move,improve
5862,2,144.91,2,140.41000000000008,swap,notBad
5863,2,144.91,2,140.41000000000008,move,improve
5864,2,144.91,2,140.41000000000008,move,improve
5865,2,144.91,2,140.41000000000008,swap,notBad
5866,2,144.91,2,140.41000000000008,2opt,notBad
5867,2,144.91,2,140.41000000000008,swap,notBad
5868,2,144.91,2,140.41000000000008,swap,notBad
5869,2,144.91,2,140.41000000000008,2opt,improve
5870,2,144.91,2,140.41000000000008,2opt,notBad
5871,2,144.91,2,140.41000000000008,2opt,notBad
5872,2,144.91,2,140.41000000000008,2opt,improve
5873,2,144.91,2,140.41000000000008,move,improve
5874,2,144.91,2,140.41000000000008,swap,notBad
5875,2,144.91,2,140.41000000000008,swap,notBad
5876,2,144.91,2,140.41000000000008,2opt,notBad
5877,2,144.91,2,140.41000000000008,move,improve
5878,2,144.91,2,140.41000000000008,2opt,improve
5879,2,144.91,2,140.41000000000008,swap,notBad
5880,2,144.91,2,140.41000000000008,swap,notBad
5881,2,144.91,2,140.41000000000008,swap,notBad
5882,2,144.91,2,140.41000000000008,move,improve
5883,2,144.91,2,140.41000000000008,move,improve
5884,2,144.91,2,140.41000000000008,swap,notBad
5885,2,144.91,2,140.41000000000008,move,improve
5886,2,144.91,2,140.41000000000008,move,improve
5887,2,144.91,2,140.41000000000008,move,improve
5888,2,144.91,2,140.41000000000008,2opt,notBad
5889,2,144.91,2,140.41000000000008,2opt,notBad
5890,2,144.91,2,140.41000000000008,2opt,notBad
5891,2,144.91,2,140.41000000000008,swap,notBad
5892,2,144.91,2,140.41000000000008,move,improve
5893,2,144.91,2,140.41000000000008,2opt,notBad
5894,2,144.91,2,140.41000000000008,swap,notBad
5895,2,144.91,2,140.41000000000008,swap,notBad
5896,2,144.91,2,140.41000000000008,move,improve
5897,2,144.91,2,140.41000000000008,2opt,notBad
5898,2,144.91,2,140.41000000000008,move,improve
5899,2,144.91,2,140.41000000000008,2opt,notBad
5900,2,144.91,2,140.41000000000008,move,improve
5901,2,144.91,2,140.41000000000008,move,improve
5902,2,144.91,2,140.41000000000008,swap,notBad
5903,2,144.91,2,140.41000000000008,swap,notBad
5904,2,144.91,2,140.41000000000008,2opt,notBad
5905,2,144.91,2,140.41000000000008,2opt,notBad
5906,2,144.91,2,140.41000000000008,move,improve
5907,2,144.91,2,140.41000000000008,2opt,notBad
5908,2,144.91,2,140.41000000000008,2opt,notBad
5909,2,144.91,2,140.41000000000008,2opt,notBad
5910,2,144.91,2,140.41000000000008,2opt,notBad
5911,2,144.91,2,140.41000000000008,2opt,notBad
5912,2,144.91,2,140.41000000000008,swap,notBad
5913,2,144.91,2,140.41000000000008,swap,notBad
5914,2,144.91,2,140.41000000000008,2opt,notBad
5915,2,144.91,2,140.41000000000008,move,improve
5916,2,144.91,2,140.41000000000008,swap,notBad
5917,2,144.91,2,140.41000000000008,2opt,notBad
5918,2,144.91,2,140.41000000000008,2opt,notBad
5919,2,144.91,2,140.41000000000008,2opt,notBad
5920,2,144.91,2,140.41000000000008,2opt,improve
5921,2,144.91,2,140.41000000000008,2opt,notBad
5922,2,144.91,2,140.41000000000008,2opt,notBad
5923,2,144.91,2,140.41000000000008,move,improve
5924,2,144.91,2,140.41000000000008,move,improve
5925,2,144.91,2,140.41000000000008,move,improve
5926,2,144.91,2,140.41000000000008,swap,notBad
5927,2,144.91,2,140.41000000000008,2opt,notBad
5928,2,144.91,2,140.41000000000008,move,improve
5929,2,144.91,2,140.41000000000008,move,improve
5930,2,144.91,2,140.41000000000008,swap,notBad
5931,2,144.91,2,140.41000000000008,2opt,notBad
5932,2,144.91,2,140.41000000000008,2opt,notBad
5933,2,144.91,2,140.41000000000008,swap,notBad
5934,2,145.93,2,140.41000000000008,swap,acceptBad
5935,2,145.93,2,140.41000000000008,2opt,notBad
5936,2,145.93,2,140.41000000000008,2opt,notBad
5937,2,146.65000000000003,2,140.41000000000008,swap,acceptBad
5938,2,145.63000000000005,2,140.41000000000008,move,improve
5939,2,145.63000000000005,2,140.41000000000008,swap,notBad
5940,2,145.63000000000005,2,140.41000000000008,move,improve
5941,2,145.63000000000005,2,140.41000000000008,2opt,notBad
5942,2,145.63000000000005,2,140.41000000000008,2opt,notBad
5943,2,145.63000000000005,2,140.41000000000008,move,improve
5944,2,145.63000000000005,2,140.41000000000008,move,improve
5945,2,145.63000000000005,2,140.41000000000008,move,improve
5946,2,145.63000000000005,2,140.41000000000008,2opt,improve
5947,2,145.63000000000005,2,140.41000000000008,move,improve
5948,2,145.63000000000005,2,140.41000000000008,swap,notBad
5949,2,145.63000000000005,2,140.41000000000008,2opt,notBad
5950,2,145.63000000000005,2,140.41000000000008,2opt,improve
5951,2,145.63000000000005,2,140.41000000000008,move,improve
5952,2,145.63000000000005,2,140.41000000000008,2opt,notBad
5953,2,145.63000000000005,2,140.41000000000008,swap,notBad
5954,2,145.63000000000005,2,140.41000000000008,swap,notBad
5955,2,145.63000000000005,2,140.41000000000008,swap,notBad
5956,2,145.63000000000005,2,140.41000000000008,2opt,notBad
5957,2,145.63000000000005,2,140.41000000000008,move,improve
5958,2,145.63000000000005,2,140.41000000000008,2opt,notBad
5959,2,145.63000000000005,2,140.41000000000008,move,improve
5960,2,145.63000000000005,2,140.41000000000008,swap,notBad
5961,2,145.63000000000005,2,140.41000000000008,move,improve
5962,2,145.63000000000005,2,140.41000000000008,2opt,notBad
5963,2,145.63000000000005,2,140.41000000000008,swap,notBad
5964,2,145.63000000000005,2,140.41000000000008,move,improve
5965,2,145.63000000000005,2,140.41000000000008,move,improve
5966,2,145.63000000000005,2,140.41000000000008,2opt,notBad
5967,2,145.63000000000005,2,140.41000000000008,swap,notBad
5968,2,145.63000000000005,2,140.41000000000008,move,improve
5969,2,145.63000000000005,2,140.41000000000008,swap,notBad
5970,2,145.63000000000005,2,140.41000000000008,swap,notBad
5971,2,145.63000000000005,2,140.41000000000008,move,improve
5972,2,145.63000000000005,2,140.41000000000008,2opt,notBad
5973,2,145.63000000000005,2,140.41000000000008,2opt,notBad
5974,2,145.87000000000003,2,140.41000000000008,swap,acceptBad
5975,2,145.87000000000003,2,140.41000000000008,move,improve
5976,2,145.87000000000003,2,140.41000000000008,2opt,notBad
5977,2,145.87000000000003,2,140.41000000000008,move,improve
5978,2,145.87000000000003,2,140.41000000000008,2opt,improve
5979,2,145.87000000000003,2,140.41000000000008,move,improve
5980,2,145.87000000000003,2,140.41000000000008,swap,notBad
5981,2,145.63000000000005,2,140.41000000000008,move,improve
5982,2,145.63000000000005,2,140.41000000000008,2opt,notBad
5983,2,145.87000000000003,2,140.41000000000008,swap,acceptBad
5984,2,145.87000000000003,2,140.41000000000008,swap,notBad
5985,2,145.87000000000003,2,140.41000000000008,swap,notBad
5986,2,145.87000000000003,2,140.41000000000008,swap,notBad
5987,2,145.87000000000003,2,140.41000000000008,move,improve
5988,2,145.87000000000003,2,140.41000000000008,2opt,notBad
5989,2,145.87000000000003,2,140.41000000000008,2opt,notBad
5990,2,145.87000000000003,2,140.41000000000008,2opt,notBad
5991,2,145.87000000000003,2,140.41000000000008,move,improve
5992,2,145.63000000000005,2,140.41000000000008,move,improve
5993,2,145.63000000000005,2,140.41000000000008,swap,notBad
5994,2,145.63000000000005,2,140.41000000000008,swap,notBad
5995,2,145.63000000000005,2,140.41000000000008,move,improve
5996,2,145.63000000000005,2,140.41000000000008,2opt,notBad
5997,2,145.63000000000005,2,140.41000000000008,move,improve
5998,2,145.63000000000005,2,140.41000000000008,swap,notBad
5999,2,145.63000000000005,2,140.41000000000008,2opt,notBad
6000,2,145.63000000000005,2,140.41000000000008,move,improve
6001,2,145.63000000000005,2,140.41000000000008,swap,notBad
6002,2,145.63000000000005,2,140.41000000000008,swap,notBad
6003,2,145.63000000000005,2,140.41000000000008,2opt,notBad
6004,2,145.63000000000005,2,140.41000000000008,swap,notBad
6005,2,145.63000000000005,2,140.41000000000008,swap,notBad
6006,2,145.63000000000005,2,140.41000000000008,move,improve
6007,2,145.63000000000005,2,140.41000000000008,move,improve
6008,2,145.63000000000005,2,140.41000000000008,move,improve
6009,2,145.63000000000005,2,140.41000000000008,swap,notBad
6010,2,145.63000000000005,2,140.41000000000008,move,improve
6011,2,145.63000000000005,2,140.41000000000008,move,improve
6012,2,145.63000000000005,2,140.41000000000008,2opt,notBad
6013,2,145.63000000000005,2,140.41000000000008,2opt,notBad
6014,2,145.63000000000005,2,140.41000000000008,move,improve
6015,2,145.63000000000005,2,140.41000000000008,swap,notBad
6016,2,145.63000000000005,2,140.41000000000008,swap,notBad
6017,2,145.63000000000005,2,140.41000000000008,2opt,notBad
6018,2,145.63000000000005,2,140.41000000000008,2opt,notBad
6019,2,145.63000000000005,2,140.41000000000008,move,improve
6020,2,145.63000000000005,2,140.41000000000008,2opt,notBad
6021,2,145.63000000000005,2,140.41000000000008,move,improve
6022,2,145.63000000000005,2,140.41000000000008,2opt,notBad
6023,2,145.63000000000005,2,140.41000000000008,2opt,notBad
6024,2,145.63000000000005,2,140.41000000000008,2opt,notBad
6025,2,145.63000000000005,2,140.41000000000008,move,improve
6026,2,145.63000000000005,2,140.41000000000008,swap,notBad
6027,2,145.63000000000005,2,140.41000000000008,swap,notBad
6028,2,145.63000000000005,2,140.41000000000008,2opt,notBad
6029,2,145.63000000000005,2,140.41000000000008,move,improve
6030,2,145.63000000000005,2,140.41000000000008,move,improve
6031,2,144.91,2,140.41000000000008,move,improve
6032,2,145.47,2,140.41000000000008,swap,acceptBad
6033,2,145.47,2,140.41000000000008,2opt,notBad
6034,2,145.47,2,140.41000000000008,swap,notBad
6035,2,145.47,2,140.41000000000008,swap,notBad
6036,2,145.47,2,140.41000000000008,move,improve
6037,2,145.47,2,140.41000000000008,2opt,notBad
6038,2,145.47,2,140.41000000000008,move,improve
6039,2,145.47,2,140.41000000000008,move,improve
6040,2,145.47,2,140.41000000000008,2opt,notBad
6041,2,145.47,2,140.41000000000008,swap,notBad
6042,2,145.47,2,140.41000000000008,move,improve
6043,2,145.47,2,140.41000000000008,move,improve
6044,2,145.47,2,140.41000000000008,2opt,notBad
6045,2,145.47,2,140.41000000000008,swap,notBad
6046,2,145.47,2,140.41000000000008,swap,notBad
6047,2,145.47,2,140.41000000000008,swap,notBad
6048,2,145.47,2,140.41000000000008,swap,notBad
6049,2,145.47,2,140.41000000000008,2opt,notBad
6050,2,145.47,2,140.41000000000008,move,improve
6051,2,145.47,2,140.41000000000008,move,improve
6052,2,145.47,2,140.41000000000008,move,improve
6053,2,145.47,2,140.41000000000008,move,improve
6054,2,145.47,2,140.41000000000008,2opt,notBad
6055,2,145.47,2,140.41000000000008,2opt,notBad
6056,2,145.47,2,140.41000000000008,2opt,notBad
6057,2,145.47,2,140.41000000000008,move,improve
6058,2,145.47,2,140.41000000000008,swap,notBad
6059,2,145.47,2,140.41000000000008,swap,notBad
6060,2,145.47,2,140.41000000000008,2opt,notBad
6061,2,145.47,2,140.41000000000008,move,improve
6062,2,145.47,2,140.41000000000008,2opt,improve
6063,2,145.47,2,140.41000000000008,swap,notBad
6064,2,145.47,2,140.41000000000008,swap,notBad
6065,2,146.16,2,140.41000000000008,swap,acceptBad
6066,2,146.16,2,140.41000000000008,2opt,notBad
6067,2,146.16,2,140.41000000000008,move,improve
6068,2,146.16,2,140.41000000000008,2opt,notBad
6069,2,146.16,2,140.41000000000008,2opt,notBad
6070,2,146.16,2,140.41000000000008,2opt,improve
6071,2,146.16,2,140.41000000000008,move,improve
6072,2,146.16,2,140.41000000000008,swap,notBad
6073,2,146.16,2,140.41000000000008,2opt,notBad
6074,2,146.16,2,140.41000000000008,move,improve
6075,2,146.16,2,140.41000000000008,swap,notBad
6076,2,146.16,2,140.41000000000008,move,improve
6077,2,146.16,2,140.41000000000008,move,notBad
6078,2,146.16,2,140.41000000000008,swap,notBad
6079,2,146.16,2,140.41000000000008,2opt,notBad
6080,2,146.16,2,140.41000000000008,swap,notBad
6081,2,146.16,2,140.41000000000008,swap,notBad
6082,2,146.16,2,140.41000000000008,move,improve
6083,2,146.16,2,140.41000000000008,2opt,notBad
6084,2,146.39999999999998,2,140.41000000000008,swap,acceptBad
6085,2,146.39999999999998,2,140.41000000000008,move,improve
6086,2,146.39999999999998,2,140.41000000000008,swap,notBad
6087,2,146.39999999999998,2,140.41000000000008,2opt,notBad
6088,2,146.39999999999998,2,140.41000000000008,2opt,notBad
6089,2,146.39999999999998,2,140.41000000000008,swap,notBad
6090,2,146.39999999999998,2,140.41000000000008,swap,notBad
6091,2,146.39999999999998,2,140.41000000000008,swap,notBad
6092,2,146.39999999999998,2,140.41000000000008,move,improve
6093,2,146.39999999999998,2,140.41000000000008,move,improve
6094,2,145.70999999999998,2,140.41000000000008,move,improve
6095,2,145.70999999999998,2,140.41000000000008,2opt,notBad
6096,2,145.70999999999998,2,140.41000000000008,2opt,notBad
6097,2,145.70999999999998,2,140.41000000000008,move,improve
6098,2,145.70999999999998,2,140.41000000000008,swap,notBad
6099,2,145.70999999999998,2,140.41000000000008,move,improve
6100,2,145.70999999999998,2,140.41000000000008,move,improve
6101,2,145.70999999999998,2,140.41000000000008,move,improve
6102,2,145.70999999999998,2,140.41000000000008,2opt,notBad
6103,2,145.47,2,140.41000000000008,move,improve
6104,2,145.47,2,140.41000000000008,2opt,notBad
6105,2,145.47,2,140.41000000000008,swap,notBad
6106,2,145.47,2,140.41000000000008,swap,notBad
6107,2,145.47,2,140.41000000000008,move,notBad
6108,2,145.47,2,140.41000000000008,move,improve
6109,2,145.47,2,140.41000000000008,move,improve
6110,2,145.47,2,140.41000000000008,2opt,notBad
6111,2,145.47,2,140.41000000000008,2opt,notBad
6112,2,145.47,2,140.41000000000008,2opt,notBad
6113,2,145.47,2,140.41000000000008,move,improve
6114,2,145.47,2,140.41000000000008,2opt,notBad
6115,2,145.47,2,140.41000000000008,move,improve
6116,2,145.47,2,140.41000000000008,swap,notBad
6117,2,145.47,2,140.41000000000008,swap,notBad
6118,2,145.47,2,140.41000000000008,2opt,notBad
6119,2,145.47,2,140.41000000000008,swap,notBad
6120,2,144.91,2,140.41000000000008,swap,improve
6121,2,144.91,2,140.41000000000008,2opt,notBad
6122,2,144.91,2,140.41000000000008,swap,notBad
6123,2,144.91,2,140.41000000000008,2opt,notBad
6124,2,144.91,2,140.41000000000008,swap,notBad
6125,2,144.91,2,140.41000000000008,2opt,notBad
6126,2,144.91,2,140.41000000000008,swap,notBad
6127,2,144.91,2,140.41000000000008,move,improve
6128,2,145.63000000000005,2,140.41000000000008,move,acceptBad
6129,2,145.63000000000005,2,140.41000000000008,2opt,notBad
6130,2,145.63000000000005,2,140.41000000000008,move,improve
6131,2,145.63000000000005,2,140.41000000000008,swap,notBad
6132,2,145.63000000000005,2,140.41000000000008,move,improve
6133,2,145.63000000000005,2,140.41000000000008,move,improve
6134,2,145.63000000000005,2,140.41000000000008,swap,notBad
6135,2,145.63000000000005,2,140.41000000000008,swap,notBad
6136,2,145.63000000000005,2,140.41000000000008,swap,notBad
6137,2,145.63000000000005,2,140.41000000000008,move,improve
6138,2,145.63000000000005,2,140.41000000000008,swap,notBad
6139,2,145.63000000000005,2,140.41000000000008,2opt,notBad
6140,2,145.63000000000005,2,140.41000000000008,2opt,notBad
6141,2,145.63000000000005,2,140.41000000000008,2opt,notBad
6142,2,145.63000000000005,2,140.41000000000008,2opt,notBad
6143,2,145.63000000000005,2,140.41000000000008,move,improve
6144,2,145.63000000000005,2,140.41000000000008,swap,notBad
6145,2,145.63000000000005,2,140.41000000000008,move,improve
6146,2,145.63000000000005,2,140.41000000000008,move,improve
6147,2,145.63000000000005,2,140.41000000000008,2opt,improve
6148,2,145.63000000000005,2,140.41000000000008,move,improve
6149,2,145.63000000000005,2,140.41000000000008,move,improve
6150,2,145.63000000000005,2,140.41000000000008,move,improve
6151,2,145.63000000000005,2,140.41000000000008,2opt,notBad
6152,2,145.63000000000005,2,140.41000000000008,move,improve
6153,2,145.63000000000005,2,140.41000000000008,2opt,notBad
6154,2,144.91,2,140.41000000000008,swap,improve
6155,2,144.91,2,140.41000000000008,2opt,notBad
6156,2,144.91,2,140.41000000000008,2opt,notBad
6157,2,144.91,2,140.41000000000008,swap,notBad
6158,2,144.91,2,140.41000000000008,move,improve
6159,2,144.91,2,140.41000000000008,2opt,notBad
6160,2,144.91,2,140.41000000000008,2opt,notBad
6161,2,144.91,2,140.41000000000008,2opt,notBad
6162,2,144.91,2,140.41000000000008,move,improve
6163,2,145.63000000000005,2,140.41000000000008,move,acceptBad
6164,2,145.63000000000005,2,140.41000000000008,move,improve
6165,2,145.63000000000005,2,140.41000000000008,swap,notBad
6166,2,145.63000000000005,2,140.41000000000008,2opt,notBad
6167,2,145.63000000000005,2,140.41000000000008,move,improve
6168,2,145.63000000000005,2,140.41000000000008,move,improve
6169,2,145.63000000000005,2,140.41000000000008,move,improve
6170,2,145.63000000000005,2,140.41000000000008,2opt,improve
6171,2,145.63000000000005,2,140.41000000000008,move,improve
6172,2,145.63000000000005,2,140.41000000000008,move,improve
6173,2,145.63000000000005,2,140.41000000000008,move,improve
6174,2,145.63000000000005,2,140.41000000000008,2opt,improve
6175,2,145.63000000000005,2,140.41000000000008,2opt,notBad
6176,2,145.63000000000005,2,140.41000000000008,move,improve
6177,2,145.63000000000005,2,140.41000000000008,swap,notBad
6178,2,145.63000000000005,2,140.41000000000008,swap,notBad
6179,2,145.63000000000005,2,140.41000000000008,2opt,notBad
6180,2,145.63000000000005,2,140.41000000000008,swap,notBad
6181,2,145.63000000000005,2,140.41000000000008,swap,notBad
6182,2,145.63000000000005,2,140.41000000000008,2opt,notBad
6183,2,145.63000000000005,2,140.41000000000008,move,improve
6184,2,145.63000000000005,2,140.41000000000008,swap,notBad
6185,2,145.63000000000005,2,140.41000000000008,move,improve
6186,2,145.63000000000005,2,140.41000000000008,move,improve
6187,2,145.63000000000005,2,140.41000000000008,move,improve
6188,2,145.63000000000005,2,140.41000000000008,2opt,notBad
6189,2,145.63000000000005,2,140.41000000000008,swap,notBad
6190,2,145.63000000000005,2,140.41000000000008,move,improve
6191,2,145.63000000000005,2,140.41000000000008,2opt,notBad
6192,2,145.63000000000005,2,140.41000000000008,swap,notBad
6193,2,145.63000000000005,2,140.41000000000008,2opt,notBad
6194,2,145.63000000000005,2,140.41000000000008,move,improve
6195,2,145.63000000000005,2,140.41000000000008,swap,notBad
6196,2,144.91,2,140.41000000000008,swap,improve
6197,2,144.91,2,140.41000000000008,move,improve
6198,2,144.91,2,140.41000000000008,2opt,notBad
6199,2,144.91,2,140.41000000000008,move,improve
6200,2,144.91,2,140.41000000000008,move,improve
6201,2,144.91,2,140.41000000000008,move,improve
6202,2,144.91,2,140.41000000000008,2opt,notBad
6203,2,144.91,2,140.41000000000008,2opt,notBad
6204,2,144.91,2,140.41000000000008,swap,notBad
6205,2,145.63000000000005,2,140.41000000000008,move,acceptBad
6206,2,145.63000000000005,2,140.41000000000008,swap,notBad
6207,2,145.63000000000005,2,140.41000000000008,swap,notBad
6208,2,145.63000000000005,2,140.41000000000008,move,improve
6209,2,145.63000000000005,2,140.41000000000008,swap,notBad
6210,2,145.63000000000005,2,140.41000000000008,2opt,notBad
6211,2,145.63000000000005,2,140.41000000000008,move,improve
6212,2,145.63000000000005,2,140.41000000000008,move,improve
6213,2,145.63000000000005,2,140.41000000000008,swap,notBad
6214,2,145.63000000000005,2,140.41000000000008,move,improve
6215,2,145.63000000000005,2,140.41000000000008,2opt,notBad
6216,2,145.63000000000005,2,140.41000000000008,move,improve
6217,2,145.63000000000005,2,140.41000000000008,2opt,notBad
6218,2,145.63000000000005,2,140.41000000000008,swap,notBad
6219,2,145.63000000000005,2,140.41000000000008,2opt,notBad
6220,2,145.63000000000005,2,140.41000000000008,move,improve
6221,2,145.63000000000005,2,140.41000000000008,2opt,notBad
6222,2,145.63000000000005,2,140.41000000000008,swap,notBad
6223,2,145.63000000000005,2,140.41000000000008,swap,notBad
6224,2,145.63000000000005,2,140.41000000000008,swap,notBad
6225,2,145.63000000000005,2,140.41000000000008,swap,notBad
6226,2,145.63000000000005,2,140.41000000000008,swap,notBad
6227,2,145.63000000000005,2,140.41000000000008,swap,notBad
6228,2,145.63000000000005,2,140.41000000000008,swap,notBad
6229,2,145.63000000000005,2,140.41000000000008,2opt,notBad
6230,2,145.63000000000005,2,140.41000000000008,move,improve
6231,2,145.63000000000005,2,140.41000000000008,move,improve
6232,2,145.63000000000005,2,140.41000000000008,move,improve
6233,2,145.63000000000005,2,140.41000000000008,move,improve
6234,2,145.63000000000005,2,140.41000000000008,move,improve
6235,2,145.63000000000005,2,140.41000000000008,move,improve
6236,2,145.63000000000005,2,140.41000000000008,swap,notBad
6237,2,145.63000000000005,2,140.41000000000008,swap,notBad
6238,2,145.63000000000005,2,140.41000000000008,move,improve
6239,2,145.63000000000005,2,140.41000000000008,swap,notBad
6240,2,145.63000000000005,2,140.41000000000008,2opt,notBad
6241,2,145.63000000000005,2,140.41000000000008,2opt,notBad
6242,2,145.63000000000005,2,140.41000000000008,move,improve
6243,2,145.63000000000005,2,140.41000000000008,swap,notBad
6244,2,145.63000000000005,2,140.41000000000008,swap,notBad
6245,2,145.63000000000005,2,140.41000000000008,swap,notBad
6246,2,145.63000000000005,2,140.41000000000008,2opt,notBad
6247,2,145.63000000000005,2,140.41000000000008,swap,notBad
6248,2,145.63000000000005,2,140.41000000000008,move,improve
6249,2,144.91,2,140.41000000000008,move,improve
6250,2,144.91,2,140.41000000000008,swap,notBad
6251,2,144.91,2,140.41000000000008,swap,notBad
6252,2,144.91,2,140.41000000000008,2opt,notBad
6253,2,144.91,2,140.41000000000008,2opt,notBad
6254,2,144.91,2,140.41000000000008,move,improve
6255,2,144.91,2,140.41000000000008,2opt,notBad
6256,2,144.91,2,140.41000000000008,swap,notBad
6257,2,144.91,2,140.41000000000008,move,improve
6258,2,144.91,2,140.41000000000008,move,improve
6259,2,144.91,2,140.41000000000008,move,improve
6260,2,144.91,2,140.41000000000008,move,improve
6261,2,144.91,2,140.41000000000008,2opt,notBad
6262,2,144.91,2,140.41000000000008,2opt,notBad
6263,2,144.91,2,140.41000000000008,2opt,notBad
6264,2,144.91,2,140.41000000000008,2opt,notBad
6265,2,144.91,2,140.41000000000008,move,improve
6266,2,144.91,2,140.41000000000008,2opt,notBad
6267,2,145.14999999999998,2,140.41000000000008,swap,acceptBad
6268,2,145.14999999999998,2,140.41000000000008,move,improve
6269,2,145.14999999999998,2,140.41000000000008,swap,notBad
6270,2,145.14999999999998,2,140.41000000000008,swap,notBad
6271,2,145.14999999999998,2,140.41000000000008,2opt,notBad
6272,2,145.14999999999998,2,140.41000000000008,2opt,notBad
6273,2,145.14999999999998,2,140.41000000000008,move,improve
6274,2,145.14999999999998,2,140.41000000000008,swap,notBad
6275,2,145.14999999999998,2,140.41000000000008,2opt,notBad
6276,2,145.14999999999998,2,140.41000000000008,move,improve
6277,2,145.14999999999998,2,140.41000000000008,2opt,notBad
6278,2,145.14999999999998,2,140.41000000000008,swap,notBad
6279,2,145.14999999999998,2,140.41000000000008,swap,notBad
6280,2,145.14999999999998,2,140.41000000000008,swap,notBad
6281,2,145.14999999999998,2,140.41000000000008,2opt,improve
6282,2,145.14999999999998,2,140.41000000000008,swap,notBad
6283,2,145.14999999999998,2,140.41000000000008,swap,notBad
6284,2,145.14999999999998,2,140.41000000000008,move,improve
6285,2,145.14999999999998,2,140.41000000000008,swap,notBad
6286,2,145.14999999999998,2,140.41000000000008,swap,notBad
6287,2,145.14999999999998,2,140.41000000000008,swap,notBad
6288,2,145.14999999999998,2,140.41000000000008,2opt,notBad
6289,2,145.14999999999998,2,140.41000000000008,2opt,notBad
6290,2,145.14999999999998,2,140.41000000000008,swap,notBad
6291,2,145.14999999999998,2,140.41000000000008,2opt,notBad
6292,2,145.14999999999998,2,140.41000000000008,2opt,notBad
6293,2,145.14999999999998,2,140.41000000000008,move,improve
6294,2,145.14999999999998,2,140.41000000000008,2opt,notBad
6295,2,145.14999999999998,2,140.41000000000008,swap,notBad
6296,2,145.14999999999998,2,140.41000000000008,2opt,notBad
6297,2,145.14999999999998,2,140.41000000000008,move,improve
6298,2,145.14999999999998,2,140.41000000000008,move,improve
6299,2,145.14999999999998,2,140.41000000000008,2opt,notBad
6300,2,144.91,2,140.41000000000008,move,improve
6301,2,144.91,2,140.41000000000008,swap,notBad
6302,2,144.91,2,140.41000000000008,swap,notBad
6303,2,144.91,2,140.41000000000008,2opt,notBad
6304,2,144.91,2,140.41000000000008,swap,notBad
6305,2,144.91,2,140.41000000000008,move,improve
6306,2,144.91,2,140.41000000000008,2opt,notBad
6307,2,144.91,2,140.41000000000008,2opt,notBad
6308,2,144.91,2,140.41000000000008,move,improve
6309,2,144.91,2,140.41000000000008,swap,notBad
6310,2,144.91,2,140.41000000000008,swap,notBad
6311,2,144.91,2,140.41000000000008,swap,notBad
6312,2,144.91,2,140.41000000000008,swap,notBad
6313,2,144.91,2,140.41000000000008,move,improve
6314,2,144.91,2,140.41000000000008,2opt,notBad
6315,2,144.91,2,140.41000000000008,2opt,notBad
6316,2,144.91,2,140.41000000000008,swap,notBad
6317,2,145.63000000000005,2,140.41000000000008,move,acceptBad
6318,2,145.63000000000005,2,140.41000000000008,move,improve
6319,2,145.63000000000005,2,140.41000000000008,2opt,notBad
6320,2,145.63000000000005,2,140.41000000000008,swap,notBad
6321,2,145.63000000000005,2,140.41000000000008,2opt,notBad
6322,2,145.63000000000005,2,140.41000000000008,swap,notBad
6323,2,145.63000000000005,2,140.41000000000008,2opt,notBad
6324,2,145.63000000000005,2,140.41000000000008,swap,notBad
6325,2,145.63000000000005,2,140.41000000000008,2opt,notBad
6326,2,145.63000000000005,2,140.41000000000008,2opt,notBad
6327,2,145.63000000000005,2,140.41000000000008,move,improve
6328,2,145.95000000000002,2,140.41000000000008,swap,acceptBad
6329,2,145.95000000000002,2,140.41000000000008,2opt,notBad
6330,2,145.95000000000002,2,140.41000000000008,move,improve
6331,2,145.95000000000002,2,140.41000000000008,move,improve
6332,2,145.95000000000002,2,140.41000000000008,2opt,notBad
6333,2,145.95000000000002,2,140.41000000000008,2opt,notBad
6334,2,145.95000000000002,2,140.41000000000008,swap,notBad
6335,2,145.95000000000002,2,140.41000000000008,swap,notBad
6336,2,145.95000000000002,2,140.41000000000008,move,improve
6337,2,145.95000000000002,2,140.41000000000008,swap,notBad
6338,2,145.95000000000002,2,140.41000000000008,2opt,notBad
6339,2,145.95000000000002,2,140.41000000000008,2opt,notBad
6340,2,145.95000000000002,2,140.41000000000008,swap,notBad
6341,2,145.95000000000002,2,140.41000000000008,swap,notBad
6342,2,145.95000000000002,2,140.41000000000008,move,improve
6343,2,145.95000000000002,2,140.41000000000008,move,improve
6344,2,145.95000000000002,2,140.41000000000008,move,improve
6345,2,145.95000000000002,2,140.41000000000008,swap,notBad
6346,2,145.95000000000002,2,140.41000000000008,2opt,notBad
6347,2,145.95000000000002,2,140.41000000000008,2opt,notBad
6348,2,145.95000000000002,2,140.41000000000008,move,improve
6349,2,145.95000000000002,2,140.41000000000008,swap,notBad
6350,2,145.95000000000002,2,140.41000000000008,swap,notBad
6351,2,145.95000000000002,2,140.41000000000008,swap,notBad
6352,2,145.95000000000002,2,140.41000000000008,move,improve
6353,2,145.95000000000002,2,140.41000000000008,move,improve
6354,2,145.95000000000002,2,140.41000000000008,move,improve
6355,2,145.63000000000005,2,140.41000000000008,move,improve
6356,2,145.63000000000005,2,140.41000000000008,swap,notBad
6357,2,145.63000000000005,2,140.41000000000008,move,improve
6358,2,145.63000000000005,2,140.41000000000008,swap,notBad
6359,2,145.63000000000005,2,140.41000000000008,move,improve
6360,2,145.63000000000005,2,140.41000000000008,move,improve
6361,2,145.63000000000005,2,140.41000000000008,move,improve
6362,2,145.63000000000005,2,140.41000000000008,swap,notBad
6363,2,145.63000000000005,2,140.41000000000008,move,improve
6364,2,145.63000000000005,2,140.41000000000008,2opt,notBad
6365,2,145.63000000000005,2,140.41000000000008,swap,notBad
6366,2,145.63000000000005,2,140.41000000000008,2opt,notBad
6367,2,145.63000000000005,2,140.41000000000008,swap,notBad
6368,2,145.63000000000005,2,140.41000000000008,2opt,notBad
6369,2,145.63000000000005,2,140.41000000000008,2opt,notBad
6370,2,145.63000000000005,2,140.41000000000008,2opt,notBad
6371,2,145.63000000000005,2,140.41000000000008,2opt,notBad
6372,2,145.63000000000005,2,140.41000000000008,swap,notBad
6373,2,145.63000000000005,2,140.41000000000008,2opt,notBad
6374,2,145.63000000000005,2,140.41000000000008,swap,notBad
6375,2,145.63000000000005,2,140.41000000000008,move,improve
6376,2,145.63000000000005,2,140.41000000000008,swap,notBad
6377,2,145.63000000000005,2,140.41000000000008,swap,notBad
6378,2,145.63000000000005,2,140.41000000000008,swap,notBad
6379,2,145.63000000000005,2,140.41000000000008,2opt,notBad
6380,2,145.63000000000005,2,140.41000000000008,2opt,notBad
6381,2,145.63000000000005,2,140.41000000000008,move,improve
6382,2,145.63000000000005,2,140.41000000000008,move,improve
6383,2,144.91,2,140.41000000000008,swap,improve
6384,2,144.91,2,140.41000000000008,swap,notBad
6385,2,144.91,2,140.41000000000008,swap,notBad
6386,2,144.91,2,140.41000000000008,swap,notBad
6387,2,144.91,2,140.41000000000008,move,improve
6388,2,144.91,2,140.41000000000008,2opt,notBad
6389,2,144.91,2,140.41000000000008,move,improve
6390,2,144.91,2,140.41000000000008,move,improve
6391,2,144.91,2,140.41000000000008,swap,notBad
6392,2,144.91,2,140.41000000000008,swap,notBad
6393,2,144.91,2,140.41000000000008,2opt,notBad
6394,2,144.91,2,140.41000000000008,move,improve
6395,2,144.91,2,140.41000000000008,2opt,notBad
6396,2,144.91,2,140.41000000000008,2opt,notBad
6397,2,144.91,2,140.41000000000008,move,improve
6398,2,144.91,2,140.41000000000008,swap,notBad
6399,2,144.91,2,140.41000000000008,swap,notBad
6400,2,144.91,2,140.41000000000008,2opt,notBad
6401,2,144.91,2,140.41000000000008,move,improve
6402,2,144.91,2,140.41000000000008,move,improve
6403,2,144.91,2,140.41000000000008,move,improve
6404,2,144.91,2,140.41000000000008,swap,notBad
6405,2,144.91,2,140.41000000000008,move,improve
6406,2,144.91,2,140.41000000000008,swap,notBad
6407,2,144.91,2,140.41000000000008,move,improve
6408,2,144.91,2,140.41000000000008,2opt,notBad
6409,2,144.91,2,140.41000000000008,2opt,notBad
6410,2,144.91,2,140.41000000000008,2opt,notBad
6411,2,144.91,2,140.41000000000008,move,improve
6412,2,144.91,2,140.41000000000008,2opt,notBad
6413,2,144.91,2,140.41000000000008,swap,notBad
6414,2,144.91,2,140.41000000000008,2opt,notBad
6415,2,144.91,2,140.41000000000008,swap,notBad
6416,2,144.91,2,140.41000000000008,2opt,notBad
6417,2,145.60000000000002,2,140.41000000000008,swap,acceptBad
6418,2,144.91,2,140.41000000000008,move,improve
6419,2,144.91,2,140.41000000000008,2opt,notBad
6420,2,144.91,2,140.41000000000008,move,improve
6421,2,144.91,2,140.41000000000008,swap,notBad
6422,2,144.91,2,140.41000000000008,move,improve
6423,2,144.91,2,140.41000000000008,swap,notBad
6424,2,144.91,2,140.41000000000008,move,improve
6425,2,144.91,2,140.41000000000008,2opt,notBad
6426,2,144.91,2,140.41000000000008,move,improve
6427,2,144.91,2,140.41000000000008,move,improve
6428,2,144.91,2,140.41000000000008,2opt,notBad
6429,2,144.91,2,140.41000000000008,swap,notBad
6430,2,145.14999999999998,2,140.41000000000008,swap,acceptBad
6431,2,145.14999999999998,2,140.41000000000008,2opt,notBad
6432,2,145.14999999999998,2,140.41000000000008,move,improve
6433,2,144.91,2,140.41000000000008,swap,improve
6434,2,144.91,2,140.41000000000008,move,improve
6435,2,144.91,2,140.41000000000008,2opt,notBad
6436,2,144.91,2,140.41000000000008,2opt,notBad
6437,2,144.91,2,140.41000000000008,2opt,notBad
6438,2,144.91,2,140.41000000000008,2opt,notBad
6439,2,144.91,2,140.41000000000008,2opt,notBad
6440,2,144.91,2,140.41000000000008,swap,notBad
6441,2,144.91,2,140.41000000000008,move,improve
6442,2,144.91,2,140.41000000000008,move,improve
6443,2,144.91,2,140.41000000000008,swap,notBad
6444,2,144.91,2,140.41000000000008,swap,notBad
6445,2,144.91,2,140.41000000000008,move,improve
6446,2,144.91,2,140.41000000000008,swap,notBad
6447,2,144.91,2,140.41000000000008,move,improve
6448,2,144.91,2,140.41000000000008,swap,notBad
6449,2,144.91,2,140.41000000000008,swap,notBad
6450,2,144.91,2,140.41000000000008,2opt,notBad
6451,2,144.91,2,140.41000000000008,2opt,notBad
6452,2,144.91,2,140.41000000000008,2opt,notBad
6453,2,144.91,2,140.41000000000008,2opt,notBad
6454,2,144.91,2,140.41000000000008,swap,notBad
6455,2,144.91,2,140.41000000000008,2opt,notBad
6456,2,144.91,2,140.41000000000008,2opt,notBad
6457,2,144.91,2,140.41000000000008,2opt,notBad
6458,2,144.91,2,140.41000000000008,swap,notBad
6459,2,144.91,2,140.41000000000008,move,improve
6460,2,144.91,2,140.41000000000008,2opt,notBad
6461,2,144.91,2,140.41000000000008,2opt,notBad
6462,2,144.91,2,140.41000000000008,move,improve
6463,2,144.91,2,140.41000000000008,swap,notBad
6464,2,144.91,2,140.41000000000008,move,improve
6465,2,144.91,2,140.41000000000008,2opt,notBad
6466,2,144.91,2,140.41000000000008,2opt,notBad
6467,2,144.91,2,140.41000000000008,move,improve
6468,2,144.91,2,140.41000000000008,2opt,notBad
6469,2,144.91,2,140.41000000000008,swap,notBad
6470,2,144.91,2,140.41000000000008,2opt,notBad
6471,2,144.91,2,140.41000000000008,swap,notBad
6472,2,144.91,2,140.41000000000008,move,improve
6473,2,144.91,2,140.41000000000008,2opt,notBad
6474,2,145.63000000000005,2,140.41000000000008,move,acceptBad
6475,2,145.63000000000005,2,140.41000000000008,2opt,notBad
6476,2,144.91,2,140.41000000000008,swap,improve
6477,2,144.91,2,140.41000000000008,swap,notBad
6478,2,144.91,2,140.41000000000008,move,improve
6479,2,144.91,2,140.41000000000008,2opt,notBad
6480,2,144.91,2,140.41000000000008,move,improve
6481,2,144.91,2,140.41000000000008,2opt,notBad
6482,2,144.91,2,140.41000000000008,swap,notBad
6483,2,144.91,2,140.41000000000008,move,improve
6484,2,144.91,2,140.41000000000008,move,improve
6485,2,144.91,2,140.41000000000008,move,improve
6486,2,144.91,2,140.41000000000008,move,improve
6487,2,144.91,2,140.41000000000008,2opt,notBad
6488,2,144.91,2,140.41000000000008,2opt,notBad
6489,2,144.91,2,140.41000000000008,move,improve
6490,2,144.91,2,140.41000000000008,move,improve
6491,2,144.91,2,140.41000000000008,swap,notBad
6492,2,144.91,2,140.41000000000008,2opt,notBad
6493,2,144.91,2,140.41000000000008,swap,notBad
6494,2,144.91,2,140.41000000000008,swap,notBad
6495,2,144.91,2,140.41000000000008,move,improve
6496,2,144.91,2,140.41000000000008,swap,notBad
6497,2,144.91,2,140.41000000000008,2opt,notBad
6498,2,144.91,2,140.41000000000008,swap,notBad
6499,2,144.91,2,140.41000000000008,move,improve
6500,2,144.91,2,140.41000000000008,2opt,notBad
6501,2,144.91,2,140.41000000000008,2opt,notBad
6502,2,144.91,2,140.41000000000008,2opt,notBad
6503,2,144.91,2,140.41000000000008,move,improve
6504,2,144.91,2,140.41000000000008,swap,notBad
6505,2,144.91,2,140.41000000000008,move,improve
6506,2,144.91,2,140.41000000000008,2opt,notBad
6507,2,144.91,2,140.41000000000008,move,improve
6508,2,144.91,2,140.41000000000008,swap,notBad
6509,2,144.91,2,140.41000000000008,2opt,improve
6510,2,144.91,2,140.41000000000008,swap,notBad
6511,2,144.91,2,140.41000000000008,2opt,notBad
6512,2,144.91,2,140.41000000000008,move,improve
6513,2,144.91,2,140.41000000000008,swap,notBad
6514,2,144.91,2,140.41000000000008,2opt,notBad
6515,2,144.91,2,140.41000000000008,move,improve
6516,2,144.91,2,140.41000000000008,swap,notBad
6517,2,144.91,2,140.41000000000008,2opt,notBad
6518,2,144.91,2,140.41000000000008,swap,notBad
6519,2,144.91,2,140.41000000000008,move,improve
6520,2,144.91,2,140.41000000000008,move,improve
6521,2,144.91,2,140.41000000000008,move,improve
6522,2,144.91,2,140.41000000000008,swap,notBad
6523,2,144.91,2,140.41000000000008,swap,notBad
6524,2,144.91,2,140.41000000000008,swap,notBad
6525,2,145.63000000000005,2,140.41000000000008,move,acceptBad
6526,2,145.95000000000002,2,140.41000000000008,swap,acceptBad
6527,2,145.95000000000002,2,140.41000000000008,2opt,notBad
6528,2,145.95000000000002,2,140.41000000000008,move,improve
6529,2,145.95000000000002,2,140.41000000000008,move,improve
6530,2,145.95000000000002,2,140.41000000000008,2opt,notBad
6531,2,145.95000000000002,2,140.41000000000008,swap,notBad
6532,2,145.95000000000002,2,140.41000000000008,2opt,notBad
6533,2,145.95000000000002,2,140.41000000000008,swap,notBad
6534,2,145.95000000000002,2,140.41000000000008,swap,notBad
6535,2,145.95000000000002,2,140.41000000000008,2opt,notBad
6536,2,145.95000000000002,2,140.41000000000008,move,improve
6537,2,145.95000000000002,2,140.41000000000008,swap,notBad
6538,2,145.95000000000002,2,140.41000000000008,2opt,notBad
6539,2,145.95000000000002,2,140.41000000000008,move,improve
6540,2,145.95000000000002,2,140.41000000000008,2opt,notBad
6541,2,145.95000000000002,2,140.41000000000008,swap,notBad
6542,2,145.95000000000002,2,140.41000000000008,2opt,notBad
6543,2,145.95000000000002,2,140.41000000000008,swap,notBad
6544,2,145.95000000000002,2,140.41000000000008,swap,notBad
6545,2,145.95000000000002,2,140.41000000000008,2opt,notBad
6546,2,145.95000000000002,2,140.41000000000008,move,improve
6547,2,145.95000000000002,2,140.41000000000008,move,improve
6548,2,145.95000000000002,2,140.41000000000008,2opt,notBad
6549,2,145.63000000000005,2,140.41000000000008,swap,improve
6550,2,145.63000000000005,2,140.41000000000008,swap,notBad
6551,2,145.63000000000005,2,140.41000000000008,2opt,notBad
6552,2,145.63000000000005,2,140.41000000000008,move,improve
6553,2,145.63000000000005,2,140.41000000000008,2opt,notBad
6554,2,145.63000000000005,2,140.41000000000008,move,improve
6555,2,145.63000000000005,2,140.41000000000008,swap,notBad
6556,2,145.63000000000005,2,140.41000000000008,swap,notBad
6557,2,145.63000000000005,2,140.41000000000008,2opt,notBad
6558,2,145.63000000000005,2,140.41000000000008,move,improve
6559,2,145.63000000000005,2,140.41000000000008,move,improve
6560,2,145.63000000000005,2,140.41000000000008,move,improve
6561,2,145.63000000000005,2,140.41000000000008,2opt,notBad
6562,2,144.91,2,140.41000000000008,move,improve
6563,2,144.91,2,140.41000000000008,move,improve
6564,2,144.91,2,140.41000000000008,swap,notBad
6565,2,144.91,2,140.41000000000008,move,improve
6566,2,144.91,2,140.41000000000008,2opt,improve
6567,2,144.91,2,140.41000000000008,move,improve
6568,2,144.91,2,140.41000000000008,swap,notBad
6569,2,144.91,2,140.41000000000008,2opt,notBad
6570,2,144.91,2,140.41000000000008,swap,notBad
6571,2,144.91,2,140.41000000000008,2opt,notBad
6572,2,144.91,2,140.41000000000008,2opt,notBad
6573,2,144.91,2,140.41000000000008,move,improve
6574,2,144.91,2,140.41000000000008,swap,notBad
6575,2,144.91,2,140.41000000000008,move,improve
6576,2,144.91,2,140.41000000000008,swap,notBad
6577,2,144.91,2,140.41000000000008,swap,notBad
6578,2,144.91,2,140.41000000000008,2opt,notBad
6579,2,144.91,2,140.41000000000008,2opt,notBad
6580,2,144.91,2,140.41000000000008,swap,notBad
6581,2,144.91,2,140.41000000000008,2opt,notBad
6582,2,144.91,2,140.41000000000008,swap,notBad
6583,2,144.91,2,140.41000000000008,2opt,notBad
6584,2,144.91,2,140.41000000000008,move,improve
6585,2,144.91,2,140.41000000000008,2opt,notBad
6586,2,144.91,2,140.41000000000008,move,improve
6587,2,145.63000000000005,2,140.41000000000008,swap,acceptBad
6588,2,145.63000000000005,2,140.41000000000008,swap,notBad
6589,2,145.63000000000005,2,140.41000000000008,swap,notBad
6590,2,145.63000000000005,2,140.41000000000008,swap,notBad
6591,2,145.63000000000005,2,140.41000000000008,move,improve
6592,2,145.63000000000005,2,140.41000000000008,2opt,notBad
6593,2,145.63000000000005,2,140.41000000000008,2opt,improve
6594,2,145.63000000000005,2,140.41000000000008,2opt,notBad
6595,2,145.63000000000005,2,140.41000000000008,move,improve
6596,2,145.63000000000005,2,140.41000000000008,move,improve
6597,2,145.63000000000005,2,140.41000000000008,2opt,notBad
6598,2,145.63000000000005,2,140.41000000000008,move,improve
6599,2,145.63000000000005,2,140.41000000000008,swap,notBad
6600,2,145.63000000000005,2,140.41000000000008,move,improve
6601,2,145.63000000000005,2,140.41000000000008,swap,notBad
6602,2,145.63000000000005,2,140.41000000000008,move,improve
6603,2,145.63000000000005,2,140.41000000000008,swap,notBad
6604,2,145.63000000000005,2,140.41000000000008,2opt,notBad
6605,2,145.63000000000005,2,140.41000000000008,2opt,notBad
6606,2,145.63000000000005,2,140.41000000000008,2opt,notBad
6607,2,145.63000000000005,2,140.41000000000008,move,improve
6608,2,145.63000000000005,2,140.41000000000008,2opt,notBad
6609,2,145.63000000000005,2,140.41000000000008,move,improve
6610,2,145.63000000000005,2,140.41000000000008,move,improve
6611,2,145.63000000000005,2,140.41000000000008,move,improve
6612,2,145.63000000000005,2,140.41000000000008,2opt,notBad
6613,2,145.63000000000005,2,140.41000000000008,move,improve
6614,2,145.63000000000005,2,140.41000000000008,move,improve
6615,2,145.63000000000005,2,140.41000000000008,move,improve
6616,2,145.63000000000005,2,140.41000000000008,swap,notBad
6617,2,145.63000000000005,2,140.41000000000008,2opt,notBad
6618,2,145.63000000000005,2,140.41000000000008,swap,notBad
6619,2,145.63000000000005,2,140.41000000000008,2opt,notBad
6620,2,145.63000000000005,2,140.41000000000008,move,improve
6621,2,145.63000000000005,2,140.41000000000008,2opt,notBad
6622,2,144.91,2,140.41000000000008,move,improve
6623,2,144.91,2,140.41000000000008,2opt,notBad
6624,2,144.91,2,140.41000000000008,move,improve
6625,2,144.91,2,140.41000000000008,move,improve
6626,2,144.91,2,140.41000000000008,swap,notBad
6627,2,144.91,2,140.41000000000008,2opt,notBad
6628,2,144.91,2,140.41000000000008,swap,notBad
6629,2,144.91,2,140.41000000000008,move,improve
6630,2,144.91,2,140.41000000000008,move,improve
6631,2,144.91,2,140.41000000000008,swap,notBad
6632,2,144.91,2,140.41000000000008,2opt,notBad
6633,2,144.91,2,140.41000000000008,swap,notBad
6634,2,144.91,2,140.41000000000008,move,improve
6635,2,144.91,2,140.41000000000008,2opt,notBad
6636,2,145.47,2,140.41000000000008,swap,acceptBad
6637,2,145.47,2,140.41000000000008,swap,notBad
6638,2,145.47,2,140.41000000000008,2opt,notBad
6639,2,145.47,2,140.41000000000008,move,improve
6640,2,145.47,2,140.41000000000008,2opt,notBad
6641,2,145.47,2,140.41000000000008,2opt,notBad
6642,2,145.47,2,140.41000000000008,swap,notBad
6643,2,145.47,2,140.41000000000008,move,improve
6644,2,145.47,2,140.41000000000008,2opt,notBad
6645,2,145.47,2,140.41000000000008,move,improve
6646,2,145.47,2,140.41000000000008,swap,notBad
6647,2,145.47,2,140.41000000000008,move,improve
6648,2,145.47,2,140.41000000000008,move,improve
6649,2,145.47,2,140.41000000000008,move,improve
6650,2,145.47,2,140.41000000000008,2opt,notBad
6651,2,145.47,2,140.41000000000008,move,improve
6652,2,145.47,2,140.41000000000008,move,improve
6653,2,145.47,2,140.41000000000008,2opt,notBad
6654,2,145.47,2,140.41000000000008,swap,notBad
6655,2,145.47,2,140.41000000000008,swap,notBad
6656,2,145.47,2,140.41000000000008,swap,notBad
6657,2,145.47,2,140.41000000000008,swap,notBad
6658,2,145.47,2,140.41000000000008,swap,notBad
6659,2,145.47,2,140.41000000000008,move,improve
6660,2,145.47,2,140.41000000000008,move,improve
6661,2,145.47,2,140.41000000000008,2opt,notBad
6662,2,145.47,2,140.41000000000008,2opt,notBad
6663,2,145.47,2,140.41000000000008,swap,notBad
6664,2,145.47,2,140.41000000000008,2opt,notBad
6665,2,145.47,2,140.41000000000008,2opt,improve
6666,2,145.47,2,140.41000000000008,move,improve
6667,2,145.47,2,140.41000000000008,2opt,notBad
6668,2,145.47,2,140.41000000000008,move,improve
6669,2,145.47,2,140.41000000000008,swap,notBad
6670,2,145.47,2,140.41000000000008,2opt,notBad
6671,2,145.47,2,140.41000000000008,move,improve
6672,2,145.70999999999998,2,140.41000000000008,swap,acceptBad
6673,2,145.70999999999998,2,140.41000000000008,move,improve
6674,2,145.70999999999998,2,140.41000000000008,2opt,improve
6675,2,145.70999999999998,2,140.41000000000008,2opt,notBad
6676,2,145.70999999999998,2,140.41000000000008,swap,notBad
6677,2,145.70999999999998,2,140.41000000000008,2opt,notBad
6678,2,145.14999999999998,2,140.41000000000008,move,improve
6679,2,145.14999999999998,2,140.41000000000008,move,improve
6680,2,145.14999999999998,2,140.41000000000008,move,improve
6681,2,144.91,2,140.41000000000008,move,improve
6682,2,144.91,2,140.41000000000008,swap,notBad
6683,2,144.91,2,140.41000000000008,swap,notBad
6684,2,144.91,2,140.41000000000008,2opt,notBad
6685,2,144.91,2,140.41000000000008,2opt,notBad
6686,2,144.91,2,140.41000000000008,2opt,notBad
6687,2,144.91,2,140.41000000000008,move,improve
6688,2,145.63000000000005,2,140.41000000000008,move,acceptBad
6689,2,145.63000000000005,2,140.41000000000008,move,improve
6690,2,145.63000000000005,2,140.41000000000008,2opt,notBad
6691,2,145.63000000000005,2,140.41000000000008,move,improve
6692,2,145.63000000000005,2,140.41000000000008,2opt,notBad
6693,2,145.63000000000005,2,140.41000000000008,2opt,notBad
6694,2,145.63000000000005,2,140.41000000000008,move,improve
6695,2,145.63000000000005,2,140.41000000000008,swap,notBad
6696,2,145.63000000000005,2,140.41000000000008,move,improve
6697,2,144.91,2,140.41000000000008,swap,improve
6698,2,144.91,2,140.41000000000008,2opt,notBad
6699,2,144.91,2,140.41000000000008,2opt,notBad
6700,2,144.91,2,140.41000000000008,2opt,notBad
6701,2,144.91,2,140.41000000000008,2opt,notBad
6702,2,144.91,2,140.41000000000008,move,improve
6703,2,144.91,2,140.41000000000008,swap,notBad
6704,2,144.91,2,140.41000000000008,swap,notBad
6705,2,144.91,2,140.41000000000008,swap,notBad
6706,2,144.91,2,140.41000000000008,move,improve
6707,2,144.91,2,140.41000000000008,move,improve
6708,2,144.91,2,140.41000000000008,move,improve
6709,2,144.91,2,140.41000000000008,swap,notBad
6710,2,144.91,2,140.41000000000008,2opt,notBad
6711,2,144.91,2,140.41000000000008,swap,notBad
6712,2,144.91,2,140.41000000000008,2opt,notBad
6713,2,144.91,2,140.41000000000008,2opt,notBad
6714,2,144.91,2,140.41000000000008,move,improve
6715,2,144.91,2,140.41000000000008,move,improve
6716,2,144.91,2,140.41000000000008,2opt,notBad
6717,2,144.91,2,140.41000000000008,2opt,notBad
6718,2,144.91,2,140.41000000000008,swap,notBad
6719,2,144.91,2,140.41000000000008,move,improve
6720,2,144.91,2,140.41000000000008,move,improve
6721,2,144.91,2,140.41000000000008,swap,notBad
6722,2,144.91,2,140.41000000000008,move,improve
6723,2,144.91,2,140.41000000000008,move,improve
6724,2,144.91,2,140.41000000000008,swap,notBad
6725,2,144.91,2,140.41000000000008,swap,notBad
6726,2,144.91,2,140.41000000000008,move,improve
6727,2,144.91,2,140.41000000000008,2opt,notBad
6728,2,144.91,2,140.41000000000008,move,improve
6729,2,144.91,2,140.41000000000008,2opt,notBad
6730,2,144.91,2,140.41000000000008,2opt,notBad
6731,2,144.91,2,140.41000000000008,swap,notBad
6732,2,144.91,2,140.41000000000008,swap,notBad
6733,2,144.91,2,140.41000000000008,2opt,notBad
6734,2,144.91,2,140.41000000000008,2opt,notBad
6735,2,144.91,2,140.41000000000008,swap,notBad
6736,2,144.91,2,140.41000000000008,swap,notBad
6737,2,144.91,2,140.41000000000008,swap,notBad
6738,2,144.91,2,140.41000000000008,swap,notBad
6739,2,144.91,2,140.41000000000008,move,improve
6740,2,144.91,2,140.41000000000008,2opt,notBad
6741,2,144.91,2,140.41000000000008,move,improve
6742,2,144.91,2,140.41000000000008,move,improve
6743,2,144.91,2,140.41000000000008,move,improve
6744,2,144.91,2,140.41000000000008,2opt,notBad
6745,2,144.91,2,140.41000000000008,move,improve
6746,2,144.91,2,140.41000000000008,2opt,notBad
6747,2,144.91,2,140.41000000000008,2opt,notBad
6748,2,144.91,2,140.41000000000008,move,improve
6749,2,144.91,2,140.41000000000008,swap,notBad
6750,2,144.91,2,140.41000000000008,2opt,notBad
6751,2,144.91,2,140.41000000000008,swap,notBad
6752,2,144.91,2,140.41000000000008,2opt,notBad
6753,2,144.91,2,140.41000000000008,swap,notBad
6754,2,144.91,2,140.41000000000008,move,improve
6755,2,144.91,2,140.41000000000008,2opt,notBad
6756,2,144.91,2,140.41000000000008,move,improve
6757,2,144.91,2,140.41000000000008,2opt,notBad
6758,2,144.91,2,140.41000000000008,move,improve
6759,2,144.91,2,140.41000000000008,2opt,notBad
6760,2,144.91,2,140.41000000000008,2opt,notBad
6761,2,144.91,2,140.41000000000008,2opt,notBad
6762,2,145.63000000000005,2,140.41000000000008,move,acceptBad
6763,2,145.63000000000005,2,140.41000000000008,swap,notBad
6764,2,145.63000000000005,2,140.41000000000008,move,improve
6765,2,145.63000000000005,2,140.41000000000008,2opt,notBad
6766,2,145.63000000000005,2,140.41000000000008,swap,notBad
6767,2,145.63000000000005,2,140.41000000000008,2opt,improve
6768,2,145.63000000000005,2,140.41000000000008,move,improve
6769,2,145.63000000000005,2,140.41000000000008,2opt,improve
6770,2,145.63000000000005,2,140.41000000000008,move,improve
6771,2,145.63000000000005,2,140.41000000000008,2opt,notBad
6772,2,145.63000000000005,2,140.41000000000008,swap,notBad
6773,2,145.63000000000005,2,140.41000000000008,move,improve
6774,2,145.63000000000005,2,140.41000000000008,move,improve
6775,2,145.63000000000005,2,140.41000000000008,move,improve
6776,2,145.63000000000005,2,140.41000000000008,move,improve
6777,2,144.91,2,140.41000000000008,move,improve
6778,2,144.91,2,140.41000000000008,2opt,notBad
6779,2,144.91,2,140.41000000000008,move,improve
6780,2,144.91,2,140.41000000000008,swap,notBad
6781,2,144.91,2,140.41000000000008,move,improve
6782,2,144.91,2,140.41000000000008,move,improve
6783,2,144.91,2,140.41000000000008,2opt,notBad
6784,2,144.91,2,140.41000000000008,swap,notBad
6785,2,144.91,2,140.41000000000008,move,improve
6786,2,144.91,2,140.41000000000008,move,improve
6787,2,144.91,2,140.41000000000008,2opt,notBad
6788,2,144.91,2,140.41000000000008,2opt,improve
6789,2,144.91,2,140.41000000000008,swap,notBad
6790,2,144.91,2,140.41000000000008,2opt,notBad
6791,2,144.91,2,140.41000000000008,2opt,improve
6792,2,144.91,2,140.41000000000008,2opt,notBad
6793,2,144.91,2,140.41000000000008,move,improve
6794,2,144.91,2,140.41000000000008,2opt,notBad
6795,2,144.91,2,140.41000000000008,swap,notBad
6796,2,144.91,2,140.41000000000008,swap,notBad
6797,2,144.91,2,140.41000000000008,move,improve
6798,2,144.91,2,140.41000000000008,swap,notBad
6799,2,144.91,2,140.41000000000008,swap,notBad
6800,2,144.91,2,140.41000000000008,swap,notBad
6801,2,144.91,2,140.41000000000008,2opt,notBad
6802,2,144.91,2,140.41000000000008,swap,notBad
6803,2,144.91,2,140.41000000000008,move,improve
6804,2,144.91,2,140.41000000000008,2opt,notBad
6805,2,144.91,2,140.41000000000008,2opt,notBad
6806,2,144.91,2,140.41000000000008,swap,notBad
6807,2,144.91,2,140.41000000000008,swap,notBad
6808,2,144.91,2,140.41000000000008,2opt,notBad
6809,2,144.91,2,140.41000000000008,2opt,notBad
6810,2,144.91,2,140.41000000000008,swap,notBad
6811,2,144.91,2,140.41000000000008,swap,notBad
6812,2,144.91,2,140.41000000000008,swap,notBad
6813,2,144.91,2,140.41000000000008,2opt,notBad
6814,2,144.91,2,140.41000000000008,2opt,notBad
6815,2,144.91,2,140.41000000000008,swap,notBad
6816,2,144.91,2,140.41000000000008,2opt,notBad
6817,2,144.91,2,140.41000000000008,2opt,notBad
6818,2,144.91,2,140.41000000000008,swap,notBad
6819,2,144.91,2,140.41000000000008,2opt,improve
6820,2,144.91,2,140.41000000000008,swap,notBad
6821,2,144.91,2,140.41000000000008,move,improve
6822,2,144.91,2,140.41000000000008,2opt,notBad
6823,2,144.91,2,140.41000000000008,2opt,notBad
6824,2,144.91,2,140.41000000000008,2opt,notBad
6825,2,144.91,2,140.41000000000008,move,improve
6826,2,144.91,2,140.41000000000008,2opt,notBad
6827,2,144.91,2,140.41000000000008,swap,notBad
6828,2,144.91,2,140.41000000000008,move,improve
6829,2,144.91,2,140.41000000000008,swap,notBad
6830,2,144.91,2,140.41000000000008,move,improve
6831,2,144.91,2,140.41000000000008,swap,notBad
6832,2,144.91,2,140.41000000000008,move,improve
6833,2,144.91,2,140.41000000000008,move,improve
6834,2,144.91,2,140.41000000000008,swap,notBad
6835,2,144.91,2,140.41000000000008,move,improve
6836,2,144.91,2,140.41000000000008,2opt,notBad
6837,2,144.91,2,140.41000000000008,2opt,notBad
6838,2,144.91,2,140.41000000000008,2opt,notBad
6839,2,144.91,2,140.41000000000008,move,improve
6840,2,144.91,2,140.41000000000008,2opt,notBad
6841,2,144.91,2,140.41000000000008,swap,notBad
6842,2,144.91,2,140.41000000000008,2opt,notBad
6843,2,144.91,2,140.41000000000008,2opt,notBad
6844,2,144.91,2,140.41000000000008,move,improve
6845,2,144.91,2,140.41000000000008,swap,notBad
6846,2,145.63000000000005,2,140.41000000000008,move,acceptBad
6847,2,145.63000000000005,2,140.41000000000008,move,improve
6848,2,145.63000000000005,2,140.41000000000008,swap,notBad
6849,2,145.63000000000005,2,140.41000000000008,swap,notBad
6850,2,145.63000000000005,2,140.41000000000008,swap,notBad
6851,2,145.63000000000005,2,140.41000000000008,swap,notBad
6852,2,145.63000000000005,2,140.41000000000008,move,improve
6853,2,144.91,2,140.41000000000008,move,improve
6854,2,144.91,2,140.41000000000008,2opt,notBad
6855,2,144.91,2,140.41000000000008,2opt,notBad
6856,2,144.91,2,140.41000000000008,swap,notBad
6857,2,144.91,2,140.41000000000008,move,improve
6858,2,144.91,2,140.41000000000008,swap,notBad
6859,2,144.91,2,140.41000000000008,move,improve
6860,2,144.91,2,140.41000000000008,swap,notBad
6861,2,144.91,2,140.41000000000008,swap,notBad
6862,2,144.91,2,140.41000000000008,swap,notBad
6863,2,144.91,2,140.41000000000008,move,improve
6864,2,144.91,2,140.41000000000008,swap,notBad
6865,2,144.91,2,140.41000000000008,2opt,notBad
6866,2,144.91,2,140.41000000000008,2opt,improve
6867,2,144.91,2,140.41000000000008,2opt,notBad
6868,2,144.91,2,140.41000000000008,2opt,notBad
6869,2,144.91,2,140.41000000000008,swap,notBad
6870,2,144.91,2,140.41000000000008,swap,notBad
6871,2,144.91,2,140.41000000000008,2opt,notBad
6872,2,144.91,2,140.41000000000008,2opt,notBad
6873,2,144.91,2,140.41000000000008,2opt,improve
6874,2,144.91,2,140.41000000000008,2opt,notBad
6875,2,144.91,2,140.41000000000008,move,improve
6876,2,144.91,2,140.41000000000008,2opt,notBad
6877,2,144.91,2,140.41000000000008,swap,notBad
6878,2,144.91,2,140.41000000000008,2opt,notBad
6879,2,144.91,2,140.41000000000008,move,improve
6880,2,144.91,2,140.41000000000008,move,improve
6881,2,145.47,2,140.41000000000008,swap,acceptBad
6882,2,145.47,2,140.41000000000008,swap,notBad
6883,2,145.47,2,140.41000000000008,move,improve
6884,2,145.47,2,140.41000000000008,swap,notBad
6885,2,145.47,2,140.41000000000008,swap,notBad
6886,2,145.47,2,140.41000000000008,2opt,notBad
6887,2,145.47,2,140.41000000000008,move,notBad
6888,2,145.47,2,140.41000000000008,swap,notBad
6889,2,144.91,2,140.41000000000008,swap,improve
6890,2,144.91,2,140.41000000000008,move,improve
6891,2,144.91,2,140.41000000000008,2opt,notBad
6892,2,144.91,2,140.41000000000008,move,improve
6893,2,144.91,2,140.41000000000008,swap,notBad
6894,2,144.91,2,140.41000000000008,2opt,notBad
6895,2,144.91,2,140.41000000000008,2opt,notBad
6896,2,144.91,2,140.41000000000008,swap,notBad
6897,2,144.91,2,140.41000000000008,2opt,notBad
6898,2,144.91,2,140.41000000000008,move,improve
6899,2,144.91,2,140.41000000000008,swap,notBad
6900,2,144.91,2,140.41000000000008,move,improve
6901,2,144.91,2,140.41000000000008,move,improve
6902,2,144.91,2,140.41000000000008,move,improve
6903,2,144.91,2,140.41000000000008,2opt,notBad
6904,2,144.91,2,140.41000000000008,swap,notBad
6905,2,144.91,2,140.41000000000008,2opt,notBad
6906,2,144.91,2,140.41000000000008,swap,notBad
6907,2,144.91,2,140.41000000000008,move,improve
6908,2,144.91,2,140.41000000000008,swap,notBad
6909,2,144.91,2,140.41000000000008,2opt,notBad
6910,2,144.91,2,140.41000000000008,swap,notBad
6911,2,145.14999999999998,2,140.41000000000008,swap,acceptBad
6912,2,145.14999999999998,2,140.41000000000008,2opt,improve
6913,2,145.14999999999998,2,140.41000000000008,move,improve
6914,2,145.14999999999998,2,140.41000000000008,2opt,notBad
6915,2,145.14999999999998,2,140.41000000000008,swap,notBad
6916,2,145.14999999999998,2,140.41000000000008,2opt,notBad
6917,2,145.14999999999998,2,140.41000000000008,2opt,notBad
6918,2,145.14999999999998,2,140.41000000000008,move,improve
6919,2,145.14999999999998,2,140.41000000000008,swap,notBad
6920,2,145.14999999999998,2,140.41000000000008,2opt,notBad
6921,2,145.14999999999998,2,140.41000000000008,swap,notBad
6922,2,145.14999999999998,2,140.41000000000008,2opt,notBad
6923,2,145.14999999999998,2,140.41000000000008,move,improve
6924,2,145.87000000000003,2,140.41000000000008,move,acceptBad
6925,2,145.87000000000003,2,140.41000000000008,2opt,notBad
6926,2,146.19,2,140.41000000000008,swap,acceptBad
6927,2,146.19,2,140.41000000000008,swap,notBad
6928,2,146.19,2,140.41000000000008,swap,notBad
6929,2,146.19,2,140.41000000000008,move,improve
6930,2,146.19,2,140.41000000000008,move,improve
6931,2,146.19,2,140.41000000000008,move,improve
6932,2,146.19,2,140.41000000000008,2opt,notBad
6933,2,146.19,2,140.41000000000008,swap,notBad
6934,2,145.95000000000002,2,140.41000000000008,move,improve
6935,2,145.95000000000002,2,140.41000000000008,2opt,notBad
6936,2,145.95000000000002,2,140.41000000000008,swap,notBad
6937,2,145.95000000000002,2,140.41000000000008,2opt,notBad
6938,2,145.95000000000002,2,140.41000000000008,2opt,notBad
6939,2,145.95000000000002,2,140.41000000000008,2opt,notBad
6940,2,145.63000000000005,2,140.41000000000008,move,improve
6941,2,145.63000000000005,2,140.41000000000008,swap,notBad
6942,2,145.63000000000005,2,140.41000000000008,2opt,notBad
6943,2,145.63000000000005,2,140.41000000000008,2opt,notBad
6944,2,145.63000000000005,2,140.41000000000008,swap,notBad
6945,2,145.63000000000005,2,140.41000000000008,2opt,notBad
6946,2,145.63000000000005,2,140.41000000000008,swap,notBad
6947,2,145.63000000000005,2,140.41000000000008,2opt,notBad
6948,2,145.63000000000005,2,140.41000000000008,2opt,improve
6949,2,145.63000000000005,2,140.41000000000008,move,improve
6950,2,145.63000000000005,2,140.41000000000008,2opt,notBad
6951,2,145.87000000000003,2,140.41000000000008,swap,acceptBad
6952,2,145.87000000000003,2,140.41000000000008,2opt,notBad
6953,2,145.87000000000003,2,140.41000000000008,swap,notBad
6954,2,145.87000000000003,2,140.41000000000008,2opt,notBad
6955,2,145.87000000000003,2,140.41000000000008,swap,notBad
6956,2,145.87000000000003,2,140.41000000000008,swap,notBad
6957,2,145.87000000000003,2,140.41000000000008,move,improve
6958,2,145.87000000000003,2,140.41000000000008,move,improve
6959,2,145.87000000000003,2,140.41000000000008,move,improve
6960,2,145.87000000000003,2,140.41000000000008,2opt,improve
6961,2,145.87000000000003,2,140.41000000000008,swap,notBad
6962,2,145.87000000000003,2,140.41000000000008,move,improve
6963,2,145.87000000000003,2,140.41000000000008,2opt,notBad
6964,2,145.87000000000003,2,140.41000000000008,swap,notBad
6965,2,145.87000000000003,2,140.41000000000008,2opt,notBad
6966,2,145.87000000000003,2,140.41000000000008,2opt,notBad
6967,2,145.87000000000003,2,140.41000000000008,2opt,notBad
6968,2,145.87000000000003,2,140.41000000000008,swap,notBad
6969,2,145.87000000000003,2,140.41000000000008,swap,notBad
6970,2,145.87000000000003,2,140.41000000000008,swap,notBad
6971,2,145.87000000000003,2,140.41000000000008,move,improve
6972,2,145.87000000000003,2,140.41000000000008,move,improve
6973,2,145.14999999999998,2,140.41000000000008,move,improve
6974,2,145.14999999999998,2,140.41000000000008,swap,notBad
6975,2,145.14999999999998,2,140.41000000000008,swap,notBad
6976,2,145.14999999999998,2,140.41000000000008,swap,notBad
6977,2,145.14999999999998,2,140.41000000000008,move,improve
6978,2,145.14999999999998,2,140.41000000000008,swap,notBad
6979,2,144.91,2,140.41000000000008,move,improve
6980,2,144.91,2,140.41000000000008,move,improve
6981,2,144.91,2,140.41000000000008,2opt,improve
6982,2,144.91,2,140.41000000000008,2opt,notBad
6983,2,144.91,2,140.41000000000008,swap,notBad
6984,2,144.91,2,140.41000000000008,move,improve
6985,2,144.91,2,140.41000000000008,move,improve
6986,2,144.91,2,140.41000000000008,swap,notBad
6987,2,144.91,2,140.41000000000008,swap,notBad
6988,2,144.91,2,140.41000000000008,2opt,notBad
6989,2,144.91,2,140.41000000000008,swap,notBad
6990,2,144.91,2,140.41000000000008,2opt,notBad
6991,2,144.91,2,140.41000000000008,2opt,improve
6992,2,145.63000000000005,2,140.41000000000008,move,acceptBad
6993,2,145.63000000000005,2,140.41000000000008,swap,notBad
6994,2,145.63000000000005,2,140.41000000000008,swap,notBad
6995,2,145.63000000000005,2,140.41000000000008,2opt,notBad
6996,2,145.63000000000005,2,140.41000000000008,move,improve
6997,2,145.63000000000005,2,140.41000000000008,swap,notBad
6998,2,145.63000000000005,2,140.41000000000008,swap,notBad
6999,2,145.63000000000005,2,140.41000000000008,swap,notBad
7000,2,145.63000000000005,2,140.41000000000008,2opt,notBad
7001,2,145.87000000000003,2,140.41000000000008,swap,acceptBad
7002,2,145.87000000000003,2,140.41000000000008,move,improve
7003,2,145.87000000000003,2,140.41000000000008,swap,notBad
7004,2,145.87000000000003,2,140.41000000000008,swap,notBad
7005,2,145.63000000000005,2,140.41000000000008,swap,improve
7006,2,145.63000000000005,2,140.41000000000008,swap,notBad
7007,2,145.63000000000005,2,140.41000000000008,swap,notBad
7008,2,145.63000000000005,2,140.41000000000008,move,improve
7009,2,145.63000000000005,2,140.41000000000008,swap,notBad
7010,2,145.63000000000005,2,140.41000000000008,2opt,notBad
7011,2,145.63000000000005,2,140.41000000000008,move,improve
7012,2,145.63000000000005,2,140.41000000000008,2opt,notBad
7013,2,145.63000000000005,2,140.41000000000008,move,improve
7014,2,145.63000000000005,2,140.41000000000008,2opt,notBad
7015,2,145.63000000000005,2,140.41000000000008,2opt,notBad
7016,2,145.63000000000005,2,140.41000000000008,swap,notBad
7017,2,145.63000000000005,2,140.41000000000008,2opt,notBad
7018,2,145.63000000000005,2,140.41000000000008,2opt,notBad
7019,2,145.63000000000005,2,140.41000000000008,move,improve
7020,2,145.63000000000005,2,140.41000000000008,2opt,notBad
7021,2,145.63000000000005,2,140.41000000000008,swap,notBad
7022,2,145.63000000000005,2,140.41000000000008,move,improve
7023,2,145.63000000000005,2,140.41000000000008,2opt,notBad
7024,2,145.63000000000005,2,140.41000000000008,swap,notBad
7025,2,145.63000000000005,2,140.41000000000008,2opt,notBad
7026,2,145.63000000000005,2,140.41000000000008,swap,notBad
7027,2,145.63000000000005,2,140.41000000000008,swap,notBad
7028,2,145.63000000000005,2,140.41000000000008,swap,notBad
7029,2,145.63000000000005,2,140.41000000000008,2opt,notBad
7030,2,145.63000000000005,2,140.41000000000008,2opt,notBad
7031,2,144.91,2,140.41000000000008,move,improve
7032,2,144.91,2,140.41000000000008,move,improve
7033,2,144.91,2,140.41000000000008,2opt,notBad
7034,2,144.91,2,140.41000000000008,2opt,notBad
7035,2,144.91,2,140.41000000000008,2opt,notBad
7036,2,144.91,2,140.41000000000008,swap,notBad
7037,2,144.91,2,140.41000000000008,swap,notBad
7038,2,144.91,2,140.41000000000008,2opt,notBad
7039,2,144.91,2,140.41000000000008,2opt,notBad
7040,2,144.91,2,140.41000000000008,2opt,notBad
7041,2,144.91,2,140.41000000000008,move,improve
7042,2,144.91,2,140.41000000000008,move,improve
7043,2,145.63000000000005,2,140.41000000000008,move,acceptBad
7044,2,145.63000000000005,2,140.41000000000008,move,improve
7045,2,145.63000000000005,2,140.41000000000008,swap,notBad
7046,2,145.63000000000005,2,140.41000000000008,2opt,notBad
7047,2,145.63000000000005,2,140.41000000000008,swap,notBad
7048,2,145.63000000000005,2,140.41000000000008,swap,notBad
7049,2,145.63000000000005,2,140.41000000000008,2opt,notBad
7050,2,145.63000000000005,2,140.41000000000008,swap,notBad
7051,2,145.63000000000005,2,140.41000000000008,move,improve
7052,2,145.63000000000005,2,140.41000000000008,swap,notBad
7053,2,145.63000000000005,2,140.41000000000008,2opt,notBad
7054,2,145.63000000000005,2,140.41000000000008,move,improve
7055,2,145.63000000000005,2,140.41000000000008,move,improve
7056,2,145.63000000000005,2,140.41000000000008,2opt,notBad
7057,2,145.63000000000005,2,140.41000000000008,swap,notBad
7058,2,145.63000000000005,2,140.41000000000008,move,improve
7059,2,145.63000000000005,2,140.41000000000008,2opt,notBad
7060,2,145.63000000000005,2,140.41000000000008,2opt,notBad
7061,2,145.63000000000005,2,140.41000000000008,2opt,notBad
7062,2,145.63000000000005,2,140.41000000000008,2opt,notBad
7063,2,145.63000000000005,2,140.41000000000008,2opt,notBad
7064,2,145.63000000000005,2,140.41000000000008,swap,notBad
7065,2,145.63000000000005,2,140.41000000000008,2opt,notBad
7066,2,145.63000000000005,2,140.41000000000008,move,improve
7067,2,145.63000000000005,2,140.41000000000008,move,improve
7068,2,145.63000000000005,2,140.41000000000008,2opt,improve
7069,2,145.63000000000005,2,140.41000000000008,move,improve
7070,2,145.63000000000005,2,140.41000000000008,2opt,notBad
7071,2,145.63000000000005,2,140.41000000000008,2opt,notBad
7072,2,145.63000000000005,2,140.41000000000008,2opt,notBad
7073,2,145.63000000000005,2,140.41000000000008,move,improve
7074,2,145.63000000000005,2,140.41000000000008,2opt,notBad
7075,2,145.63000000000005,2,140.41000000000008,swap,notBad
7076,2,145.87000000000003,2,140.41000000000008,swap,acceptBad
7077,2,145.14999999999998,2,140.41000000000008,swap,improve
7078,2,145.14999999999998,2,140.41000000000008,2opt,notBad
7079,2,145.14999999999998,2,140.41000000000008,2opt,notBad
7080,2,145.14999999999998,2,140.41000000000008,2opt,improve
7081,2,145.14999999999998,2,140.41000000000008,move,improve
7082,2,145.14999999999998,2,140.41000000000008,2opt,notBad
7083,2,145.14999999999998,2,140.41000000000008,2opt,notBad
7084,2,145.14999999999998,2,140.41000000000008,2opt,notBad
7085,2,145.14999999999998,2,140.41000000000008,move,improve
7086,2,145.14999999999998,2,140.41000000000008,swap,notBad
7087,2,145.14999999999998,2,140.41000000000008,swap,notBad
7088,2,145.14999999999998,2,140.41000000000008,move,improve
7089,2,145.14999999999998,2,140.41000000000008,2opt,notBad
7090,2,145.14999999999998,2,140.41000000000008,2opt,notBad
7091,2,145.14999999999998,2,140.41000000000008,swap,notBad
7092,2,145.14999999999998,2,140.41000000000008,move,improve
7093,2,145.14999999999998,2,140.41000000000008,2opt,improve
7094,2,145.14999999999998,2,140.41000000000008,2opt,notBad
7095,2,145.14999999999998,2,140.41000000000008,swap,notBad
7096,2,145.14999999999998,2,140.41000000000008,2opt,notBad
7097,2,145.14999999999998,2,140.41000000000008,move,improve
7098,2,145.14999999999998,2,140.41000000000008,move,improve
7099,2,145.14999999999998,2,140.41000000000008,2opt,notBad
7100,2,145.14999999999998,2,140.41000000000008,move,improve
7101,2,145.14999999999998,2,140.41000000000008,2opt,notBad
7102,2,145.70999999999998,2,140.41000000000008,swap,acceptBad
7103,2,145.70999999999998,2,140.41000000000008,move,improve
7104,2,145.70999999999998,2,140.41000000000008,move,improve
7105,2,145.70999999999998,2,140.41000000000008,move,notBad
7106,2,145.70999999999998,2,140.41000000000008,move,improve
7107,2,145.70999999999998,2,140.41000000000008,swap,notBad
7108,2,145.70999999999998,2,140.41000000000008,2opt,notBad
7109,2,145.70999999999998,2,140.41000000000008,2opt,notBad
7110,2,145.70999999999998,2,140.41000000000008,2opt,notBad
7111,2,145.70999999999998,2,140.41000000000008,move,improve
7112,2,145.70999999999998,2,140.41000000000008,move,notBad
7113,2,145.47,2,140.41000000000008,move,improve
7114,2,145.47,2,140.41000000000008,swap,notBad
7115,2,145.47,2,140.41000000000008,swap,notBad
7116,2,145.47,2,140.41000000000008,2opt,improve
7117,2,145.47,2,140.41000000000008,swap,notBad
7118,2,145.47,2,140.41000000000008,2opt,notBad
7119,2,145.47,2,140.41000000000008,move,improve
7120,2,145.47,2,140.41000000000008,swap,notBad
7121,2,145.47,2,140.41000000000008,2opt,notBad
7122,2,145.47,2,140.41000000000008,move,improve
7123,2,145.47,2,140.41000000000008,2opt,notBad
7124,2,145.47,2,140.41000000000008,2opt,notBad
7125,2,145.47,2,140.41000000000008,move,improve
7126,2,145.47,2,140.41000000000008,move,improve
7127,2,145.47,2,140.41000000000008,move,improve
7128,2,145.47,2,140.41000000000008,2opt,improve
7129,2,145.47,2,140.41000000000008,move,improve
7130,2,145.47,2,140.41000000000008,swap,notBad
7131,2,145.47,2,140.41000000000008,2opt,improve
7132,2,145.47,2,140.41000000000008,2opt,notBad
7133,2,145.47,2,140.41000000000008,swap,notBad
7134,2,145.47,2,140.41000000000008,move,improve
7135,2,145.47,2,140.41000000000008,move,improve
7136,2,145.47,2,140.41000000000008,swap,notBad
7137,2,145.47,2,140.41000000000008,move,improve
7138,2,145.47,2,140.41000000000008,move,improve
7139,2,145.47,2,140.41000000000008,swap,notBad
7140,2,145.70999999999998,2,140.41000000000008,swap,acceptBad
7141,2,145.14999999999998,2,140.41000000000008,move,improve
7142,2,145.14999999999998,2,140.41000000000008,move,improve
7143,2,145.14999999999998,2,140.41000000000008,swap,notBad
7144,2,145.14999999999998,2,140.41000000000008,move,improve
7145,2,145.14999999999998,2,140.41000000000008,2opt,notBad
7146,2,145.87000000000003,2,140.41000000000008,move,acceptBad
7147,2,145.87000000000003,2,140.41000000000008,2opt,notBad
7148,2,145.87000000000003,2,140.41000000000008,move,improve
7149,2,145.87000000000003,2,140.41000000000008,swap,notBad
7150,2,145.87000000000003,2,140.41000000000008,move,improve
7151,2,145.87000000000003,2,140.41000000000008,swap,notBad
7152,2,145.87000000000003,2,140.41000000000008,move,improve
7153,2,145.87000000000003,2,140.41000000000008,move,improve
7154,2,145.87000000000003,2,140.41000000000008,swap,notBad
7155,2,145.87000000000003,2,140.41000000000008,swap,notBad
7156,2,145.87000000000003,2,140.41000000000008,move,improve
7157,2,145.87000000000003,2,140.41000000000008,swap,notBad
7158,2,145.87000000000003,2,140.41000000000008,2opt,notBad
7159,2,145.63000000000005,2,140.41000000000008,move,improve
7160,2,145.63000000000005,2,140.41000000000008,swap,notBad
7161,2,145.63000000000005,2,140.41000000000008,2opt,improve
7162,2,145.63000000000005,2,140.41000000000008,2opt,notBad
7163,2,145.63000000000005,2,140.41000000000008,swap,notBad
7164,2,145.63000000000005,2,140.41000000000008,2opt,notBad
7165,2,145.63000000000005,2,140.41000000000008,2opt,notBad
7166,2,145.63000000000005,2,140.41000000000008,move,improve
7167,2,145.63000000000005,2,140.41000000000008,2opt,notBad
7168,2,145.63000000000005,2,140.41000000000008,move,improve
7169,2,145.63000000000005,2,140.41000000000008,2opt,notBad
7170,2,145.63000000000005,2,140.41000000000008,2opt,notBad
7171,2,145.63000000000005,2,140.41000000000008,move,improve
7172,2,145.63000000000005,2,140.41000000000008,2opt,improve
7173,2,145.63000000000005,2,140.41000000000008,move,improve
7174,2,145.63000000000005,2,140.41000000000008,2opt,notBad
7175,2,145.63000000000005,2,140.41000000000008,swap,notBad
7176,2,145.63000000000005,2,140.41000000000008,move,improve
7177,2,145.63000000000005,2,140.41000000000008,move,improve
7178,2,145.63000000000005,2,140.41000000000008,2opt,notBad
7179,2,145.63000000000005,2,140.41000000000008,move,improve
7180,2,145.63000000000005,2,140.41000000000008,swap,notBad
7181,2,145.63000000000005,2,140.41000000000008,move,improve
7182,2,145.63000000000005,2,140.41000000000008,swap,notBad
7183,2,145.63000000000005,2,140.41000000000008,swap,notBad
7184,2,145.63000000000005,2,140.41000000000008,2opt,notBad
7185,2,145.63000000000005,2,140.41000000000008,swap,notBad
7186,2,145.63000000000005,2,140.41000000000008,move,improve
7187,2,145.63000000000005,2,140.41000000000008,2opt,notBad
7188,2,145.63000000000005,2,140.41000000000008,move,improve
7189,2,145.63000000000005,2,140.41000000000008,2opt,notBad
7190,2,145.63000000000005,2,140.41000000000008,2opt,notBad
7191,2,145.63000000000005,2,140.41000000000008,move,improve
7192,2,145.63000000000005,2,140.41000000000008,2opt,notBad
7193,2,145.63000000000005,2,140.41000000000008,2opt,notBad
7194,2,145.63000000000005,2,140.41000000000008,move,improve
7195,2,145.63000000000005,2,140.41000000000008,move,improve
7196,2,145.63000000000005,2,140.41000000000008,2opt,notBad
7197,2,145.63000000000005,2,140.41000000000008,move,improve
7198,2,145.63000000000005,2,140.41000000000008,swap,notBad
7199,2,145.63000000000005,2,140.41000000000008,move,improve
7200,2,145.63000000000005,2,140.41000000000008,2opt,notBad
7201,2,145.63000000000005,2,140.41000000000008,swap,notBad
7202,2,145.63000000000005,2,140.41000000000008,2opt,notBad
7203,2,145.63000000000005,2,140.41000000000008,move,improve
7204,2,145.63000000000005,2,140.41000000000008,2opt,notBad
7205,2,145.63000000000005,2,140.41000000000008,move,improve
7206,2,145.63000000000005,2,140.41000000000008,move,improve
7207,2,145.63000000000005,2,140.41000000000008,swap,notBad
7208,2,145.63000000000005,2,140.41000000000008,swap,notBad
7209,2,145.63000000000005,2,140.41000000000008,2opt,notBad
7210,2,145.63000000000005,2,140.41000000000008,move,improve
7211,2,145.63000000000005,2,140.41000000000008,move,improve
7212,2,145.63000000000005,2,140.41000000000008,swap,notBad
7213,2,145.63000000000005,2,140.41000000000008,move,improve
7214,2,145.63000000000005,2,140.41000000000008,move,improve
7215,2,145.63000000000005,2,140.41000000000008,move,improve
7216,2,145.63000000000005,2,140.41000000000008,2opt,notBad
7217,2,145.63000000000005,2,140.41000000000008,swap,notBad
7218,2,145.63000000000005,2,140.41000000000008,swap,notBad
7219,2,145.63000000000005,2,140.41000000000008,2opt,notBad
7220,2,145.63000000000005,2,140.41000000000008,move,improve
7221,2,145.63000000000005,2,140.41000000000008,move,improve
7222,2,145.63000000000005,2,140.41000000000008,2opt,notBad
7223,2,145.63000000000005,2,140.41000000000008,move,improve
7224,2,145.63000000000005,2,140.41000000000008,2opt,notBad
7225,2,145.63000000000005,2,140.41000000000008,2opt,notBad
7226,2,145.63000000000005,2,140.41000000000008,swap,notBad
7227,2,145.63000000000005,2,140.41000000000008,move,improve
7228,2,145.63000000000005,2,140.41000000000008,swap,notBad
7229,2,145.63000000000005,2,140.41000000000008,swap,notBad
7230,2,145.63000000000005,2,140.41000000000008,move,improve
7231,2,145.63000000000005,2,140.41000000000008,move,improve
7232,2,145.63000000000005,2,140.41000000000008,2opt,notBad
7233,2,145.63000000000005,2,140.41000000000008,move,improve
7234,2,145.63000000000005,2,140.41000000000008,swap,notBad
7235,2,145.63000000000005,2,140.41000000000008,move,improve
7236,2,145.63000000000005,2,140.41000000000008,move,improve
7237,2,145.63000000000005,2,140.41000000000008,swap,notBad
7238,2,145.63000000000005,2,140.41000000000008,swap,notBad
7239,2,145.63000000000005,2,140.41000000000008,move,improve
7240,2,145.63000000000005,2,140.41000000000008,swap,notBad
7241,2,145.63000000000005,2,140.41000000000008,swap,notBad
7242,2,145.63000000000005,2,140.41000000000008,swap,notBad
7243,2,145.63000000000005,2,140.41000000000008,swap,notBad
7244,2,145.63000000000005,2,140.41000000000008,2opt,notBad
7245,2,145.63000000000005,2,140.41000000000008,swap,notBad
7246,2,145.63000000000005,2,140.41000000000008,2opt,notBad
7247,2,145.63000000000005,2,140.41000000000008,2opt,notBad
7248,2,145.63000000000005,2,140.41000000000008,2opt,notBad
7249,2,145.63000000000005,2,140.41000000000008,swap,notBad
7250,2,145.63000000000005,2,140.41000000000008,move,improve
7251,2,145.63000000000005,2,140.41000000000008,swap,notBad
7252,2,145.63000000000005,2,140.41000000000008,swap,notBad
7253,2,145.63000000000005,2,140.41000000000008,swap,notBad
7254,2,145.63000000000005,2,140.41000000000008,swap,notBad
7255,2,145.63000000000005,2,140.41000000000008,2opt,notBad
7256,2,145.63000000000005,2,140.41000000000008,2opt,improve
7257,2,145.63000000000005,2,140.41000000000008,2opt,notBad
7258,2,145.63000000000005,2,140.41000000000008,2opt,notBad
7259,2,145.63000000000005,2,140.41000000000008,swap,notBad
7260,2,145.63000000000005,2,140.41000000000008,move,improve
7261,2,145.63000000000005,2,140.41000000000008,2opt,notBad
7262,2,145.63000000000005,2,140.41000000000008,2opt,notBad
7263,2,145.63000000000005,2,140.41000000000008,2opt,notBad
7264,2,145.63000000000005,2,140.41000000000008,swap,notBad
7265,2,145.63000000000005,2,140.41000000000008,2opt,notBad
7266,2,145.63000000000005,2,140.41000000000008,swap,notBad
7267,2,145.63000000000005,2,140.41000000000008,move,improve
7268,2,145.63000000000005,2,140.41000000000008,2opt,notBad
7269,2,145.63000000000005,2,140.41000000000008,move,improve
7270,2,145.63000000000005,2,140.41000000000008,2opt,improve
7271,2,145.63000000000005,2,140.41000000000008,swap,notBad
7272,2,145.63000000000005,2,140.41000000000008,move,improve
7273,2,145.63000000000005,2,140.41000000000008,2opt,notBad
7274,2,145.63000000000005,2,140.41000000000008,2opt,notBad
7275,2,145.63000000000005,2,140.41000000000008,move,improve
7276,2,145.63000000000005,2,140.41000000000008,2opt,notBad
7277,2,145.63000000000005,2,140.41000000000008,move,improve
7278,2,145.63000000000005,2,140.41000000000008,move,improve
7279,2,145.63000000000005,2,140.41000000000008,move,improve
7280,2,145.63000000000005,2,140.41000000000008,move,improve
7281,2,145.63000000000005,2,140.41000000000008,swap,notBad
7282,2,145.63000000000005,2,140.41000000000008,swap,notBad
7283,2,145.63000000000005,2,140.41000000000008,swap,notBad
7284,2,145.63000000000005,2,140.41000000000008,move,improve
7285,2,145.63000000000005,2,140.41000000000008,swap,notBad
7286,2,145.63000000000005,2,140.41000000000008,2opt,notBad
7287,2,145.63000000000005,2,140.41000000000008,2opt,notBad
7288,2,145.63000000000005,2,140.41000000000008,2opt,notBad
7289,2,145.63000000000005,2,140.41000000000008,2opt,notBad
7290,2,145.63000000000005,2,140.41000000000008,move,improve
7291,2,145.63000000000005,2,140.41000000000008,2opt,notBad
7292,2,145.63000000000005,2,140.41000000000008,swap,notBad
7293,2,145.63000000000005,2,140.41000000000008,2opt,notBad
7294,2,145.63000000000005,2,140.41000000000008,move,improve
7295,2,145.63000000000005,2,140.41000000000008,2opt,notBad
7296,2,145.63000000000005,2,140.41000000000008,swap,notBad
7297,2,145.63000000000005,2,140.41000000000008,swap,notBad
7298,2,145.63000000000005,2,140.41000000000008,2opt,improve
7299,2,145.63000000000005,2,140.41000000000008,move,improve
7300,2,145.63000000000005,2,140.41000000000008,2opt,notBad
7301,2,145.95000000000002,2,140.41000000000008,swap,acceptBad
7302,2,145.95000000000002,2,140.41000000000008,swap,notBad
7303,2,145.95000000000002,2,140.41000000000008,2opt,notBad
7304,2,145.95000000000002,2,140.41000000000008,move,improve
7305,2,145.95000000000002,2,140.41000000000008,move,improve
7306,2,145.95000000000002,2,140.41000000000008,2opt,notBad
7307,2,145.95000000000002,2,140.41000000000008,swap,notBad
7308,2,145.95000000000002,2,140.41000000000008,swap,notBad
7309,2,145.47,2,140.41000000000008,swap,improve
7310,2,145.47,2,140.41000000000008,swap,notBad
7311,2,145.47,2,140.41000000000008,swap,notBad
7312,2,145.47,2,140.41000000000008,move,improve
7313,2,145.47,2,140.41000000000008,move,improve
7314,2,145.47,2,140.41000000000008,2opt,notBad
7315,2,145.47,2,140.41000000000008,2opt,notBad
7316,2,145.47,2,140.41000000000008,move,improve
7317,2,145.47,2,140.41000000000008,move,improve
7318,2,145.47,2,140.41000000000008,2opt,notBad
7319,2,145.47,2,140.41000000000008,2opt,notBad
7320,2,145.47,2,140.41000000000008,2opt,notBad
7321,2,145.47,2,140.41000000000008,swap,notBad
7322,2,145.47,2,140.41000000000008,swap,notBad
7323,2,145.47,2,140.41000000000008,move,improve
7324,2,145.47,2,140.41000000000008,2opt,notBad
7325,2,145.47,2,140.41000000000008,swap,notBad
7326,2,145.47,2,140.41000000000008,move,improve
7327,2,145.47,2,140.41000000000008,move,improve
7328,2,145.47,2,140.41000000000008,2opt,improve
7329,2,145.47,2,140.41000000000008,move,improve
7330,2,145.47,2,140.41000000000008,swap,notBad
7331,2,145.47,2,140.41000000000008,move,improve
7332,2,145.47,2,140.41000000000008,2opt,notBad
7333,2,145.47,2,140.41000000000008,move,improve
7334,2,145.47,2,140.41000000000008,move,improve
7335,2,145.47,2,140.41000000000008,swap,notBad
7336,2,145.47,2,140.41000000000008,move,improve
7337,2,145.47,2,140.41000000000008,swap,notBad
7338,2,145.47,2,140.41000000000008,2opt,notBad
7339,2,145.47,2,140.41000000000008,swap,notBad
7340,2,145.47,2,140.41000000000008,2opt,notBad
7341,2,145.47,2,140.41000000000008,2opt,notBad
7342,2,145.47,2,140.41000000000008,2opt,notBad
7343,2,145.47,2,140.41000000000008,move,improve
7344,2,145.47,2,140.41000000000008,move,improve
7345,2,145.47,2,140.41000000000008,swap,notBad
7346,2,145.47,2,140.41000000000008,move,notBad
7347,2,145.47,2,140.41000000000008,swap,notBad
7348,2,145.47,2,140.41000000000008,move,improve
7349,2,145.47,2,140.41000000000008,swap,notBad
7350,2,145.47,2,140.41000000000008,swap,notBad
7351,2,145.47,2,140.41000000000008,2opt,improve
7352,2,145.47,2,140.41000000000008,move,improve
7353,2,145.47,2,140.41000000000008,2opt,notBad
7354,2,144.91,2,140.41000000000008,move,improve
7355,2,144.91,2,140.41000000000008,swap,notBad
7356,2,144.91,2,140.41000000000008,move,improve
7357,2,144.91,2,140.41000000000008,swap,notBad
7358,2,144.91,2,140.41000000000008,swap,notBad
7359,2,144.91,2,140.41000000000008,move,improve
7360,2,145.14999999999998,2,140.41000000000008,swap,acceptBad
7361,2,145.14999999999998,2,140.41000000000008,move,improve
7362,2,145.14999999999998,2,140.41000000000008,2opt,notBad
7363,2,144.91,2,140.41000000000008,move,improve
7364,2,144.91,2,140.41000000000008,swap,notBad
7365,2,144.91,2,140.41000000000008,2opt,notBad
7366,2,144.91,2,140.41000000000008,swap,notBad
7367,2,144.91,2,140.41000000000008,2opt,notBad
7368,2,144.91,2,140.41000000000008,2opt,notBad
7369,2,144.91,2,140.41000000000008,2opt,notBad
7370,2,144.91,2,140.41000000000008,2opt,notBad
7371,2,144.91,2,140.41000000000008,swap,notBad
7372,2,144.91,2,140.41000000000008,2opt,notBad
7373,2,144.91,2,140.41000000000008,swap,notBad
7374,2,144.91,2,140.41000000000008,2opt,notBad
7375,2,144.91,2,140.41000000000008,move,improve
7376,2,144.91,2,140.41000000000008,move,improve
7377,2,144.91,2,140.41000000000008,2opt,notBad
7378,2,144.91,2,140.41000000000008,swap,notBad
7379,2,144.91,2,140.41000000000008,move,improve
7380,2,144.91,2,140.41000000000008,2opt,improve
7381,2,144.91,2,140.41000000000008,swap,notBad
7382,2,144.91,2,140.41000000000008,2opt,notBad
7383,2,144.91,2,140.41000000000008,2opt,notBad
7384,2,144.91,2,140.41000000000008,move,improve
7385,2,144.91,2,140.41000000000008,swap,notBad
7386,2,144.91,2,140.41000000000008,move,improve
7387,2,144.91,2,140.41000000000008,swap,notBad
7388,2,144.91,2,140.41000000000008,2opt,notBad
7389,2,144.91,2,140.41000000000008,swap,notBad
7390,2,144.91,2,140.41000000000008,swap,notBad
7391,2,144.91,2,140.41000000000008,2opt,notBad
7392,2,144.91,2,140.41000000000008,move,improve
7393,2,144.91,2,140.41000000000008,move,improve
7394,2,144.91,2,140.41000000000008,swap,notBad
7395,2,144.91,2,140.41000000000008,move,improve
7396,2,144.91,2,140.41000000000008,swap,notBad
7397,2,144.91,2,140.41000000000008,2opt,improve
7398,2,144.91,2,140.41000000000008,swap,notBad
7399,2,144.91,2,140.41000000000008,swap,notBad
7400,2,144.91,2,140.41000000000008,2opt,improve
7401,2,144.91,2,140.41000000000008,2opt,notBad
7402,2,144.91,2,140.41000000000008,swap,notBad
7403,2,144.91,2,140.41000000000008,move,improve
7404,2,144.91,2,140.41000000000008,move,improve
7405,2,144.91,2,140.41000000000008,move,improve
7406,2,144.91,2,140.41000000000008,swap,notBad
7407,2,144.91,2,140.41000000000008,2opt,notBad
7408,2,144.91,2,140.41000000000008,move,improve
7409,2,144.91,2,140.41000000000008,2opt,notBad
7410,2,144.91,2,140.41000000000008,2opt,improve
7411,2,144.91,2,140.41000000000008,swap,notBad
7412,2,144.91,2,140.41000000000008,move,improve
7413,2,144.91,2,140.41000000000008,2opt,notBad
7414,2,144.91,2,140.41000000000008,move,improve
7415,2,144.91,2,140.41000000000008,2opt,improve
7416,2,144.91,2,140.41000000000008,2opt,notBad
7417,2,144.91,2,140.41000000000008,move,improve
7418,2,144.91,2,140.41000000000008,2opt,notBad
7419,2,144.91,2,140.41000000000008,move,improve
7420,2,144.91,2,140.41000000000008,move,improve
7421,2,144.91,2,140.41000000000008,2opt,notBad
7422,2,144.91,2,140.41000000000008,2opt,notBad
7423,2,144.91,2,140.41000000000008,move,improve
7424,2,144.91,2,140.41000000000008,move,improve
7425,2,144.91,2,140.41000000000008,2opt,notBad
7426,2,144.91,2,140.41000000000008,2opt,notBad
7427,2,144.91,2,140.41000000000008,2opt,notBad
7428,2,144.91,2,140.41000000000008,move,improve
7429,2,144.91,2,140.41000000000008,2opt,notBad
7430,2,144.91,2,140.41000000000008,move,improve
7431,2,144.91,2,140.41000000000008,2opt,improve
7432,2,144.91,2,140.41000000000008,swap,notBad
7433,2,144.91,2,140.41000000000008,move,improve
7434,2,144.91,2,140.41000000000008,move,improve
7435,2,144.91,2,140.41000000000008,move,improve
7436,2,144.91,2,140.41000000000008,2opt,notBad
7437,2,144.91,2,140.41000000000008,move,improve
7438,2,144.91,2,140.41000000000008,move,improve
7439,2,144.91,2,140.41000000000008,swap,notBad
7440,2,144.91,2,140.41000000000008,move,improve
7441,2,144.91,2,140.41000000000008,swap,notBad
7442,2,144.91,2,140.41000000000008,swap,notBad
7443,2,144.91,2,140.41000000000008,swap,notBad
7444,2,144.91,2,140.41000000000008,2opt,notBad
7445,2,144.91,2,140.41000000000008,swap,notBad
7446,2,144.91,2,140.41000000000008,move,improve
7447,2,144.91,2,140.41000000000008,swap,notBad
7448,2,144.91,2,140.41000000000008,2opt,improve
7449,2,144.91,2,140.41000000000008,move,improve
7450,2,144.91,2,140.41000000000008,move,improve
7451,2,144.91,2,140.41000000000008,move,improve
7452,2,145.63000000000005,2,140.41000000000008,move,acceptBad
7453,2,145.63000000000005,2,140.41000000000008,swap,notBad
7454,2,145.63000000000005,2,140.41000000000008,2opt,notBad
7455,2,145.63000000000005,2,140.41000000000008,move,improve
7456,2,145.63000000000005,2,140.41000000000008,swap,notBad
7457,2,145.63000000000005,2,140.41000000000008,move,improve
7458,2,145.63000000000005,2,140.41000000000008,swap,notBad
7459,2,145.63000000000005,2,140.41000000000008,2opt,notBad
7460,2,145.63000000000005,2,140.41000000000008,2opt,notBad
7461,2,145.63000000000005,2,140.41000000000008,move,improve
7462,2,145.63000000000005,2,140.41000000000008,move,improve
7463,2,145.63000000000005,2,140.41000000000008,move,improve
7464,2,145.63000000000005,2,140.41000000000008,2opt,notBad
7465,2,145.63000000000005,2,140.41000000000008,swap,notBad
7466,2,145.63000000000005,2,140.41000000000008,2opt,notBad
7467,2,145.63000000000005,2,140.41000000000008,2opt,notBad
7468,2,145.63000000000005,2,140.41000000000008,2opt,notBad
7469,2,145.63000000000005,2,140.41000000000008,2opt,notBad
7470,2,145.63000000000005,2,140.41000000000008,move,improve
7471,2,145.63000000000005,2,140.41000000000008,move,improve
7472,2,145.63000000000005,2,140.41000000000008,2opt,notBad
7473,2,144.91,2,140.41000000000008,swap,improve
7474,2,144.91,2,140.41000000000008,move,improve
7475,2,144.91,2,140.41000000000008,swap,notBad
7476,2,144.91,2,140.41000000000008,2opt,notBad
7477,2,144.91,2,140.41000000000008,move,improve
7478,2,144.91,2,140.41000000000008,swap,notBad
7479,2,144.91,2,140.41000000000008,2opt,notBad
7480,2,144.91,2,140.41000000000008,2opt,notBad
7481,2,144.91,2,140.41000000000008,move,improve
7482,2,144.91,2,140.41000000000008,move,improve
7483,2,144.91,2,140.41000000000008,swap,notBad
7484,2,144.91,2,140.41000000000008,2opt,notBad
7485,2,144.91,2,140.41000000000008,swap,notBad
7486,2,144.91,2,140.41000000000008,move,improve
7487,2,144.91,2,140.41000000000008,2opt,notBad
7488,2,144.91,2,140.41000000000008,move,improve
7489,2,144.91,2,140.41000000000008,swap,notBad
7490,2,144.91,2,140.41000000000008,swap,notBad
7491,2,144.91,2,140.41000000000008,move,improve
7492,2,144.91,2,140.41000000000008,swap,notBad
7493,2,144.91,2,140.41000000000008,2opt,notBad
7494,2,144.91,2,140.41000000000008,move,improve
7495,2,144.91,2,140.41000000000008,move,improve
7496,2,144.91,2,140.41000000000008,move,improve
7497,2,144.91,2,140.41000000000008,2opt,notBad
7498,2,144.91,2,140.41000000000008,move,improve
7499,2,144.91,2,140.41000000000008,swap,notBad
7500,2,144.91,2,140.41000000000008,2opt,notBad
7501,2,144.91,2,140.41000000000008,2opt,notBad
7502,2,144.91,2,140.41000000000008,swap,notBad
7503,2,144.91,2,140.41000000000008,2opt,improve
7504,2,144.91,2,140.41000000000008,swap,notBad
7505,2,144.91,2,140.41000000000008,swap,notBad
7506,2,144.91,2,140.41000000000008,swap,notBad
7507,2,144.91,2,140.41000000000008,move,improve
7508,2,144.91,2,140.41000000000008,2opt,improve
7509,2,144.91,2,140.41000000000008,swap,notBad
7510,2,144.91,2,140.41000000000008,move,improve
7511,2,144.91,2,140.41000000000008,2opt,notBad
7512,2,144.91,2,140.41000000000008,swap,notBad
7513,2,144.91,2,140.41000000000008,2opt,notBad
7514,2,144.91,2,140.41000000000008,swap,notBad
7515,2,144.91,2,140.41000000000008,2opt,notBad
7516,2,144.91,2,140.41000000000008,swap,notBad
7517,2,144.91,2,140.41000000000008,move,improve
7518,2,144.91,2,140.41000000000008,swap,notBad
7519,2,144.91,2,140.41000000000008,swap,notBad
7520,2,144.91,2,140.41000000000008,2opt,notBad
7521,2,144.91,2,140.41000000000008,2opt,notBad
7522,2,144.91,2,140.41000000000008,move,improve
7523,2,144.91,2,140.41000000000008,2opt,notBad
7524,2,144.91,2,140.41000000000008,move,improve
7525,2,144.91,2,140.41000000000008,swap,notBad
7526,2,144.91,2,140.41000000000008,move,improve
7527,2,144.91,2,140.41000000000008,2opt,notBad
7528,2,144.91,2,140.41000000000008,2opt,notBad
7529,2,144.91,2,140.41000000000008,2opt,notBad
7530,2,144.91,2,140.41000000000008,move,improve
7531,2,144.91,2,140.41000000000008,swap,notBad
7532,2,144.91,2,140.41000000000008,swap,notBad
7533,2,144.91,2,140.41000000000008,move,improve
7534,2,144.91,2,140.41000000000008,2opt,notBad
7535,2,144.91,2,140.41000000000008,2opt,notBad
7536,2,144.91,2,140.41000000000008,move,improve
7537,2,144.91,2,140.41000000000008,move,improve
7538,2,145.14999999999998,2,140.41000000000008,swap,acceptBad
7539,2,145.14999999999998,2,140.41000000000008,move,improve
7540,2,145.14999999999998,2,140.41000000000008,2opt,notBad
7541,2,145.14999999999998,2,140.41000000000008,swap,notBad
7542,2,145.14999999999998,2,140.41000000000008,2opt,improve
7543,2,145.14999999999998,2,140.41000000000008,move,improve
7544,2,145.14999999999998,2,140.41000000000008,2opt,notBad
7545,2,145.14999999999998,2,140.41000000000008,swap,notBad
7546,2,145.14999999999998,2,140.41000000000008,2opt,notBad
7547,2,145.14999999999998,2,140.41000000000008,move,improve
7548,2,145.14999999999998,2,140.41000000000008,2opt,notBad
7549,2,145.14999999999998,2,140.41000000000008,swap,notBad
7550,2,145.14999999999998,2,140.41000000000008,swap,notBad
7551,2,145.14999999999998,2,140.41000000000008,2opt,improve
7552,2,145.14999999999998,2,140.41000000000008,move,improve
7553,2,145.14999999999998,2,140.41000000000008,move,improve
7554,2,145.14999999999998,2,140.41000000000008,swap,notBad
7555,2,145.14999999999998,2,140.41000000000008,move,improve
7556,2,145.14999999999998,2,140.41000000000008,move,improve
7557,2,145.14999999999998,2,140.41000000000008,swap,notBad
7558,2,145.14999999999998,2,140.41000000000008,move,improve
7559,2,145.14999999999998,2,140.41000000000008,swap,notBad
7560,2,145.14999999999998,2,140.41000000000008,swap,notBad
7561,2,145.14999999999998,2,140.41000000000008,2opt,notBad
7562,2,145.14999999999998,2,140.41000000000008,2opt,notBad
7563,2,145.14999999999998,2,140.41000000000008,swap,notBad
7564,2,145.14999999999998,2,140.41000000000008,move,improve
7565,2,145.14999999999998,2,140.41000000000008,swap,notBad
7566,2,145.14999999999998,2,140.41000000000008,swap,notBad
7567,2,145.14999999999998,2,140.41000000000008,swap,notBad
7568,2,145.14999999999998,2,140.41000000000008,2opt,notBad
7569,2,145.14999999999998,2,140.41000000000008,2opt,notBad
7570,2,145.14999999999998,2,140.41000000000008,swap,notBad
7571,2,145.14999999999998,2,140.41000000000008,move,improve
7572,2,145.14999999999998,2,140.41000000000008,swap,notBad
7573,2,145.14999999999998,2,140.41000000000008,move,improve
7574,2,145.14999999999998,2,140.41000000000008,move,improve
7575,2,145.14999999999998,2,140.41000000000008,2opt,notBad
7576,2,145.14999999999998,2,140.41000000000008,2opt,notBad
7577,2,145.14999999999998,2,140.41000000000008,2opt,improve
7578,2,145.14999999999998,2,140.41000000000008,2opt,notBad
7579,2,145.14999999999998,2,140.41000000000008,move,improve
7580,2,144.91,2,140.41000000000008,move,improve
7581,2,144.91,2,140.41000000000008,swap,notBad
7582,2,144.91,2,140.41000000000008,2opt,notBad
7583,2,144.91,2,140.41000000000008,move,improve
7584,2,144.91,2,140.41000000000008,swap,notBad
7585,2,145.14999999999998,2,140.41000000000008,swap,acceptBad
7586,2,145.14999999999998,2,140.41000000000008,move,improve
7587,2,145.14999999999998,2,140.41000000000008,2opt,notBad
7588,2,145.14999999999998,2,140.41000000000008,2opt,notBad
7589,2,144.91,2,140.41000000000008,move,improve
7590,2,144.91,2,140.41000000000008,move,improve
7591,2,144.91,2,140.41000000000008,move,improve
7592,2,144.91,2,140.41000000000008,swap,notBad
7593,2,144.91,2,140.41000000000008,swap,notBad
7594,2,144.91,2,140.41000000000008,move,improve
7595,2,144.91,2,140.41000000000008,move,improve
7596,2,144.91,2,140.41000000000008,2opt,notBad
7597,2,144.91,2,140.41000000000008,move,notBad
7598,2,144.91,2,140.41000000000008,swap,notBad
7599,2,144.91,2,140.41000000000008,2opt,notBad
7600,2,144.91,2,140.41000000000008,swap,notBad
7601,2,144.91,2,140.41000000000008,move,improve
7602,2,144.91,2,140.41000000000008,move,improve
7603,2,144.91,2,140.41000000000008,move,improve
7604,2,144.91,2,140.41000000000008,swap,notBad
7605,2,144.91,2,140.41000000000008,2opt,notBad
7606,2,144.91,2,140.41000000000008,swap,notBad
7607,2,144.91,2,140.41000000000008,2opt,notBad
7608,2,144.91,2,140.41000000000008,2opt,notBad
7609,2,144.91,2,140.41000000000008,2opt,notBad
7610,2,144.91,2,140.41000000000008,2opt,notBad
7611,2,144.91,2,140.41000000000008,swap,notBad
7612,2,144.91,2,140.41000000000008,move,improve
7613,2,144.91,2,140.41000000000008,move,improve
7614,2,144.91,2,140.41000000000008,move,improve
7615,2,144.91,2,140.41000000000008,2opt,notBad
7616,2,144.91,2,140.41000000000008,swap,notBad
7617,2,144.91,2,140.41000000000008,swap,notBad
7618,2,144.91,2,140.41000000000008,swap,notBad
7619,2,144.91,2,140.41000000000008,move,improve
7620,2,144.91,2,140.41000000000008,2opt,notBad
7621,2,144.91,2,140.41000000000008,swap,notBad
7622,2,144.91,2,140.41000000000008,2opt,notBad
7623,2,144.91,2,140.41000000000008,move,improve
7624,2,144.91,2,140.41000000000008,2opt,notBad
7625,2,144.91,2,140.41000000000008,2opt,notBad
7626,2,144.91,2,140.41000000000008,swap,notBad
7627,2,144.91,2,140.41000000000008,swap,notBad
7628,2,144.91,2,140.41000000000008,2opt,improve
7629,2,144.91,2,140.41000000000008,swap,notBad
7630,2,144.91,2,140.41000000000008,swap,notBad
7631,2,144.91,2,140.41000000000008,move,improve
7632,2,144.91,2,140.41000000000008,move,improve
7633,2,144.91,2,140.41000000000008,swap,notBad
7634,2,144.91,2,140.41000000000008,2opt,notBad
7635,2,144.91,2,140.41000000000008,2opt,notBad
7636,2,144.91,2,140.41000000000008,move,improve
7637,2,144.91,2,140.41000000000008,move,improve
7638,2,144.91,2,140.41000000000008,swap,notBad
7639,2,144.91,2,140.41000000000008,swap,notBad
7640,2,144.91,2,140.41000000000008,move,improve
7641,2,144.91,2,140.41000000000008,move,improve
7642,2,144.91,2,140.41000000000008,2opt,improve
7643,2,144.91,2,140.41000000000008,move,improve
7644,2,144.91,2,140.41000000000008,move,improve
7645,2,144.91,2,140.41000000000008,move,improve
7646,2,144.91,2,140.41000000000008,move,improve
7647,2,144.91,2,140.41000000000008,move,improve
7648,2,144.91,2,140.41000000000008,2opt,notBad
7649,2,144.91,2,140.41000000000008,swap,notBad
7650,2,144.91,2,140.41000000000008,2opt,notBad
7651,2,144.91,2,140.41000000000008,2opt,notBad
7652,2,144.91,2,140.41000000000008,move,improve
7653,2,144.91,2,140.41000000000008,move,improve
7654,2,144.91,2,140.41000000000008,move,improve
7655,2,144.91,2,140.41000000000008,move,improve
7656,2,144.91,2,140.41000000000008,move,improve
7657,2,144.91,2,140.41000000000008,2opt,notBad
7658,2,144.91,2,140.41000000000008,move,improve
7659,2,144.91,2,140.41000000000008,2opt,notBad
7660,2,144.91,2,140.41000000000008,2opt,notBad
7661,2,144.91,2,140.41000000000008,2opt,notBad
7662,2,144.91,2,140.41000000000008,2opt,notBad
7663,2,144.91,2,140.41000000000008,move,improve
7664,2,144.91,2,140.41000000000008,swap,notBad
7665,2,144.91,2,140.41000000000008,move,improve
7666,2,144.91,2,140.41000000000008,2opt,improve
7667,2,144.91,2,140.41000000000008,2opt,notBad
7668,2,144.91,2,140.41000000000008,move,improve
7669,2,144.91,2,140.41000000000008,swap,notBad
7670,2,144.91,2,140.41000000000008,2opt,notBad
7671,2,144.91,2,140.41000000000008,swap,notBad
7672,2,144.91,2,140.41000000000008,move,improve
7673,2,144.91,2,140.41000000000008,swap,notBad
7674,2,144.91,2,140.41000000000008,2opt,improve
7675,2,144.91,2,140.41000000000008,2opt,notBad
7676,2,144.91,2,140.41000000000008,2opt,notBad
7677,2,144.91,2,140.41000000000008,2opt,notBad
7678,2,144.91,2,140.41000000000008,move,improve
7679,2,144.91,2,140.41000000000008,move,improve
7680,2,145.14999999999998,2,140.41000000000008,swap,acceptBad
7681,2,145.14999999999998,2,140.41000000000008,move,improve
7682,2,145.14999999999998,2,140.41000000000008,2opt,notBad
7683,2,145.14999999999998,2,140.41000000000008,2opt,notBad
7684,2,145.14999999999998,2,140.41000000000008,move,improve
7685,2,145.14999999999998,2,140.41000000000008,2opt,notBad
7686,2,145.14999999999998,2,140.41000000000008,move,improve
7687,2,145.14999999999998,2,140.41000000000008,move,improve
7688,2,145.14999999999998,2,140.41000000000008,2opt,notBad
7689,2,145.14999999999998,2,140.41000000000008,2opt,improve
7690,2,145.14999999999998,2,140.41000000000008,swap,notBad
7691,2,145.14999999999998,2,140.41000000000008,move,improve
7692,2,145.14999999999998,2,140.41000000000008,2opt,notBad
7693,2,145.14999999999998,2,140.41000000000008,swap,notBad
7694,2,145.14999999999998,2,140.41000000000008,swap,notBad
7695,2,145.14999999999998,2,140.41000000000008,swap,notBad
7696,2,145.14999999999998,2,140.41000000000008,swap,notBad
7697,2,145.14999999999998,2,140.41000000000008,2opt,notBad
7698,2,145.14999999999998,2,140.41000000000008,swap,notBad
7699,2,145.14999999999998,2,140.41000000000008,swap,notBad
7700,2,145.14999999999998,2,140.41000000000008,move,improve
7701,2,145.14999999999998,2,140.41000000000008,swap,notBad
7702,2,145.14999999999998,2,140.41000000000008,2opt,notBad
7703,2,145.14999999999998,2,140.41000000000008,swap,notBad
7704,2,145.14999999999998,2,140.41000000000008,swap,notBad
7705,2,145.14999999999998,2,140.41000000000008,move,improve
7706,2,145.14999999999998,2,140.41000000000008,2opt,notBad
7707,2,145.14999999999998,2,140.41000000000008,move,improve
7708,2,145.14999999999998,2,140.41000000000008,swap,notBad
7709,2,145.14999999999998,2,140.41000000000008,move,improve
7710,2,145.14999999999998,2,140.41000000000008,swap,notBad
7711,2,145.14999999999998,2,140.41000000000008,swap,notBad
7712,2,145.14999999999998,2,140.41000000000008,2opt,improve
7713,2,145.14999999999998,2,140.41000000000008,move,improve
7714,2,145.14999999999998,2,140.41000000000008,move,improve
7715,2,145.14999999999998,2,140.41000000000008,move,improve
7716,2,145.14999999999998,2,140.41000000000008,move,improve
7717,2,145.14999999999998,2,140.41000000000008,2opt,notBad
7718,2,145.14999999999998,2,140.41000000000008,2opt,notBad
7719,2,145.14999999999998,2,140.41000000000008,2opt,notBad
7720,2,144.91,2,140.41000000000008,move,improve
7721,2,144.91,2,140.41000000000008,2opt,improve
7722,2,144.91,2,140.41000000000008,2opt,notBad
7723,2,144.91,2,140.41000000000008,2opt,notBad
7724,2,144.91,2,140.41000000000008,swap,notBad
7725,2,144.91,2,140.41000000000008,2opt,improve
7726,2,144.91,2,140.41000000000008,2opt,notBad
7727,2,144.91,2,140.41000000000008,swap,notBad
7728,2,144.91,2,140.41000000000008,swap,notBad
7729,2,144.91,2,140.41000000000008,2opt,notBad
7730,2,144.91,2,140.41000000000008,move,improve
7731,2,144.91,2,140.41000000000008,move,improve
7732,2,144.91,2,140.41000000000008,move,improve
7733,2,144.91,2,140.41000000000008,move,improve
7734,2,144.91,2,140.41000000000008,2opt,notBad
7735,2,144.91,2,140.41000000000008,swap,notBad
7736,2,144.91,2,140.41000000000008,swap,notBad
7737,2,144.91,2,140.41000000000008,2opt,notBad
7738,2,144.91,2,140.41000000000008,2opt,improve
7739,2,144.91,2,140.41000000000008,swap,notBad
7740,2,144.91,2,140.41000000000008,move,improve
7741,2,144.91,2,140.41000000000008,2opt,notBad
7742,2,145.14999999999998,2,140.41000000000008,swap,acceptBad
7743,2,145.14999999999998,2,140.41000000000008,move,improve
7744,2,145.14999999999998,2,140.41000000000008,2opt,notBad
7745,2,145.14999999999998,2,140.41000000000008,swap,notBad
7746,2,145.14999999999998,2,140.41000000000008,2opt,notBad
7747,2,145.14999999999998,2,140.41000000000008,swap,notBad
7748,2,145.14999999999998,2,140.41000000000008,move,improve
7749,2,145.14999999999998,2,140.41000000000008,swap,notBad
7750,2,145.14999999999998,2,140.41000000000008,swap,notBad
7751,2,144.91,2,140.41000000000008,move,improve
7752,2,144.91,2,140.41000000000008,2opt,notBad
7753,2,144.91,2,140.41000000000008,2opt,notBad
7754,2,144.91,2,140.41000000000008,2opt,improve
7755,2,144.91,2,140.41000000000008,swap,notBad
7756,2,144.91,2,140.41000000000008,swap,notBad
7757,2,144.91,2,140.41000000000008,2opt,notBad
7758,2,144.91,2,140.41000000000008,move,improve
7759,2,144.91,2,140.41000000000008,2opt,notBad
7760,2,145.63000000000005,2,140.41000000000008,move,acceptBad
7761,2,145.63000000000005,2,140.41000000000008,2opt,notBad
7762,2,145.63000000000005,2,140.41000000000008,2opt,notBad
7763,2,145.63000000000005,2,140.41000000000008,2opt,notBad
7764,2,145.63000000000005,2,140.41000000000008,2opt,notBad
7765,2,145.63000000000005,2,140.41000000000008,swap,notBad
7766,2,145.63000000000005,2,140.41000000000008,swap,notBad
7767,2,145.63000000000005,2,140.41000000000008,2opt,notBad
7768,2,145.63000000000005,2,140.41000000000008,move,improve
7769,2,145.63000000000005,2,140.41000000000008,swap,notBad
7770,2,145.63000000000005,2,140.41000000000008,2opt,notBad
7771,2,145.63000000000005,2,140.41000000000008,move,improve
7772,2,145.63000000000005,2,140.41000000000008,swap,notBad
7773,2,145.63000000000005,2,140.41000000000008,2opt,notBad
7774,2,145.63000000000005,2,140.41000000000008,2opt,notBad
7775,2,145.63000000000005,2,140.41000000000008,2opt,notBad
7776,2,145.63000000000005,2,140.41000000000008,swap,notBad
7777,2,145.63000000000005,2,140.41000000000008,swap,notBad
7778,2,145.63000000000005,2,140.41000000000008,2opt,notBad
7779,2,145.63000000000005,2,140.41000000000008,2opt,notBad
7780,2,145.63000000000005,2,140.41000000000008,2opt,improve
7781,2,145.63000000000005,2,140.41000000000008,move,improve
7782,2,145.63000000000005,2,140.41000000000008,move,improve
7783,2,145.63000000000005,2,140.41000000000008,2opt,improve
7784,2,145.63000000000005,2,140.41000000000008,swap,notBad
7785,2,145.63000000000005,2,140.41000000000008,2opt,improve
7786,2,145.63000000000005,2,140.41000000000008,swap,notBad
7787,2,145.63000000000005,2,140.41000000000008,move,improve
7788,2,145.63000000000005,2,140.41000000000008,2opt,notBad
7789,2,145.63000000000005,2,140.41000000000008,swap,notBad
7790,2,145.63000000000005,2,140.41000000000008,2opt,notBad
7791,2,145.63000000000005,2,140.41000000000008,2opt,notBad
7792,2,145.63000000000005,2,140.41000000000008,move,improve
7793,2,145.63000000000005,2,140.41000000000008,move,improve
7794,2,145.63000000000005,2,140.41000000000008,swap,notBad
7795,2,145.63000000000005,2,140.41000000000008,2opt,notBad
7796,2,145.63000000000005,2,140.41000000000008,swap,notBad
7797,2,145.63000000000005,2,140.41000000000008,2opt,notBad
7798,2,145.63000000000005,2,140.41000000000008,move,improve
7799,2,145.63000000000005,2,140.41000000000008,2opt,notBad
7800,2,145.63000000000005,2,140.41000000000008,swap,notBad
7801,2,145.63000000000005,2,140.41000000000008,move,improve
7802,2,145.63000000000005,2,140.41000000000008,move,improve
7803,2,145.63000000000005,2,140.41000000000008,move,improve
7804,2,145.63000000000005,2,140.41000000000008,2opt,notBad
7805,2,145.63000000000005,2,140.41000000000008,2opt,notBad
7806,2,145.63000000000005,2,140.41000000000008,2opt,notBad
7807,2,145.63000000000005,2,140.41000000000008,swap,notBad
7808,2,145.63000000000005,2,140.41000000000008,2opt,notBad
7809,2,145.63000000000005,2,140.41000000000008,2opt,notBad
7810,2,145.63000000000005,2,140.41000000000008,swap,notBad
7811,2,145.63000000000005,2,140.41000000000008,2opt,improve
7812,2,145.63000000000005,2,140.41000000000008,2opt,notBad
7813,2,145.63000000000005,2,140.41000000000008,2opt,notBad
7814,2,145.63000000000005,2,140.41000000000008,move,improve
7815,2,145.63000000000005,2,140.41000000000008,move,improve
7816,2,145.63000000000005,2,140.41000000000008,swap,notBad
7817,2,145.95000000000002,2,140.41000000000008,swap,acceptBad
7818,2,145.95000000000002,2,140.41000000000008,swap,notBad
7819,2,145.95000000000002,2,140.41000000000008,move,improve
7820,2,145.95000000000002,2,140.41000000000008,2opt,notBad
7821,2,145.95000000000002,2,140.41000000000008,2opt,notBad
7822,2,145.95000000000002,2,140.41000000000008,2opt,notBad
7823,2,145.95000000000002,2,140.41000000000008,move,improve
7824,2,145.63000000000005,2,140.41000000000008,swap,improve
7825,2,145.63000000000005,2,140.41000000000008,move,improve
7826,2,145.63000000000005,2,140.41000000000008,move,improve
7827,2,145.63000000000005,2,140.41000000000008,move,improve
7828,2,145.63000000000005,2,140.41000000000008,swap,notBad
7829,2,145.63000000000005,2,140.41000000000008,swap,notBad
7830,2,145.63000000000005,2,140.41000000000008,move,improve
7831,2,145.63000000000005,2,140.41000000000008,2opt,improve
7832,2,145.63000000000005,2,140.41000000000008,2opt,notBad
7833,2,145.63000000000005,2,140.41000000000008,2opt,notBad
7834,2,145.63000000000005,2,140.41000000000008,move,improve
7835,2,145.63000000000005,2,140.41000000000008,move,improve
7836,2,145.63000000000005,2,140.41000000000008,swap,notBad
7837,2,145.63000000000005,2,140.41000000000008,2opt,notBad
7838,2,145.63000000000005,2,140.41000000000008,2opt,notBad
7839,2,145.63000000000005,2,140.41000000000008,swap,notBad
7840,2,145.63000000000005,2,140.41000000000008,2opt,improve
7841,2,145.63000000000005,2,140.41000000000008,move,improve
7842,2,145.63000000000005,2,140.41000000000008,swap,notBad
7843,2,145.63000000000005,2,140.41000000000008,move,improve
7844,2,145.63000000000005,2,140.41000000000008,move,improve
7845,2,145.63000000000005,2,140.41000000000008,2opt,notBad
7846,2,145.63000000000005,2,140.41000000000008,2opt,notBad
7847,2,144.91,2,140.41000000000008,swap,improve
7848,2,144.91,2,140.41000000000008,swap,notBad
7849,2,144.91,2,140.41000000000008,swap,notBad
7850,2,144.91,2,140.41000000000008,move,improve
7851,2,144.91,2,140.41000000000008,swap,notBad
7852,2,144.91,2,140.41000000000008,2opt,improve
7853,2,144.91,2,140.41000000000008,move,improve
7854,2,144.91,2,140.41000000000008,swap,notBad
7855,2,144.91,2,140.41000000000008,swap,notBad
7856,2,144.91,2,140.41000000000008,swap,notBad
7857,2,144.91,2,140.41000000000008,2opt,notBad
7858,2,144.91,2,140.41000000000008,2opt,notBad
7859,2,144.91,2,140.41000000000008,2opt,notBad
7860,2,144.91,2,140.41000000000008,move,improve
7861,2,144.91,2,140.41000000000008,swap,notBad
7862,2,144.91,2,140.41000000000008,swap,notBad
7863,2,144.91,2,140.41000000000008,move,improve
7864,2,144.91,2,140.41000000000008,swap,notBad
7865,2,144.91,2,140.41000000000008,move,improve
7866,2,144.91,2,140.41000000000008,move,improve
7867,2,144.91,2,140.41000000000008,2opt,notBad
7868,2,144.91,2,140.41000000000008,move,improve
7869,2,144.91,2,140.41000000000008,swap,notBad
7870,2,144.91,2,140.41000000000008,2opt,notBad
7871,2,144.91,2,140.41000000000008,swap,notBad
7872,2,144.91,2,140.41000000000008,2opt,notBad
7873,2,144.91,2,140.41000000000008,move,improve
7874,2,144.91,2,140.41000000000008,move,improve
7875,2,144.91,2,140.41000000000008,swap,notBad
7876,2,144.91,2,140.41000000000008,2opt,notBad
7877,2,144.91,2,140.41000000000008,swap,notBad
7878,2,144.91,2,140.41000000000008,move,improve
7879,2,144.91,2,140.41000000000008,move,improve
7880,2,144.91,2,140.41000000000008,swap,notBad
7881,2,144.91,2,140.41000000000008,move,improve
7882,2,144.91,2,140.41000000000008,2opt,improve
7883,2,145.14999999999998,2,140.41000000000008,swap,acceptBad
7884,2,145.14999999999998,2,140.41000000000008,2opt,notBad
7885,2,145.14999999999998,2,140.41000000000008,2opt,improve
7886,2,145.14999999999998,2,140.41000000000008,2opt,notBad
7887,2,145.14999999999998,2,140.41000000000008,swap,notBad
7888,2,145.14999999999998,2,140.41000000000008,move,improve
7889,2,144.91,2,140.41000000000008,move,improve
7890,2,144.91,2,140.41000000000008,move,improve
7891,2,144.91,2,140.41000000000008,move,improve
7892,2,144.91,2,140.41000000000008,swap,notBad
7893,2,144.91,2,140.41000000000008,swap,notBad
7894,2,144.91,2,140.41000000000008,move,improve
7895,2,144.91,2,140.41000000000008,2opt,notBad
7896,2,144.91,2,140.41000000000008,move,improve
7897,2,144.91,2,140.41000000000008,2opt,notBad
7898,2,144.91,2,140.41000000000008,2opt,notBad
7899,2,144.91,2,140.41000000000008,move,improve
7900,2,144.91,2,140.41000000000008,2opt,notBad
7901,2,144.91,2,140.41000000000008,swap,notBad
7902,2,144.91,2,140.41000000000008,move,improve
7903,2,144.91,2,140.41000000000008,move,improve
7904,2,144.91,2,140.41000000000008,2opt,notBad
7905,2,144.91,2,140.41000000000008,move,improve
7906,2,144.91,2,140.41000000000008,2opt,notBad
7907,2,144.91,2,140.41000000000008,swap,notBad
7908,2,144.91,2,140.41000000000008,move,improve
7909,2,144.91,2,140.41000000000008,swap,notBad
7910,2,144.91,2,140.41000000000008,move,improve
7911,2,144.91,2,140.41000000000008,move,improve
7912,2,144.91,2,140.41000000000008,swap,notBad
7913,2,144.91,2,140.41000000000008,move,improve
7914,2,144.91,2,140.41000000000008,move,improve
7915,2,144.91,2,140.41000000000008,move,improve
7916,2,144.91,2,140.41000000000008,2opt,improve
7917,2,144.91,2,140.41000000000008,swap,notBad
7918,2,144.91,2,140.41000000000008,2opt,notBad
7919,2,144.91,2,140.41000000000008,move,improve
7920,2,144.91,2,140.41000000000008,2opt,notBad
7921,2,144.91,2,140.41000000000008,2opt,improve
7922,2,144.91,2,140.41000000000008,swap,notBad
7923,2,144.91,2,140.41000000000008,move,improve
7924,2,144.91,2,140.41000000000008,2opt,improve
7925,2,144.91,2,140.41000000000008,2opt,notBad
7926,2,144.91,2,140.41000000000008,swap,notBad
7927,2,144.91,2,140.41000000000008,move,improve
7928,2,144.91,2,140.41000000000008,move,improve
7929,2,144.91,2,140.41000000000008,2opt,improve
7930,2,144.91,2,140.41000000000008,swap,notBad
7931,2,144.91,2,140.41000000000008,2opt,notBad
7932,2,144.91,2,140.41000000000008,move,improve
7933,2,144.91,2,140.41000000000008,2opt,notBad
7934,2,144.91,2,140.41000000000008,swap,notBad
7935,2,144.91,2,140.41000000000008,2opt,notBad
7936,2,144.91,2,140.41000000000008,2opt,improve
7937,2,144.91,2,140.41000000000008,swap,notBad
7938,2,144.91,2,140.41000000000008,2opt,notBad
7939,2,144.91,2,140.41000000000008,move,improve
7940,2,144.91,2,140.41000000000008,move,improve
7941,2,144.91,2,140.41000000000008,swap,notBad
7942,2,144.91,2,140.41000000000008,2opt,notBad
7943,2,145.14999999999998,2,140.41000000000008,swap,acceptBad
7944,2,145.14999999999998,2,140.41000000000008,swap,notBad
7945,2,145.14999999999998,2,140.41000000000008,swap,notBad
7946,2,145.14999999999998,2,140.41000000000008,move,improve
7947,2,145.14999999999998,2,140.41000000000008,2opt,notBad
7948,2,145.14999999999998,2,140.41000000000008,move,improve
7949,2,145.14999999999998,2,140.41000000000008,move,improve
7950,2,145.14999999999998,2,140.41000000000008,move,improve
7951,2,145.14999999999998,2,140.41000000000008,swap,notBad
7952,2,145.14999999999998,2,140.41000000000008,move,improve
7953,2,145.14999999999998,2,140.41000000000008,2opt,notBad
7954,2,145.14999999999998,2,140.41000000000008,move,improve
7955,2,145.14999999999998,2,140.41000000000008,swap,notBad
7956,2,145.14999999999998,2,140.41000000000008,2opt,notBad
7957,2,145.14999999999998,2,140.41000000000008,swap,notBad
7958,2,145.14999999999998,2,140.41000000000008,move,improve
7959,2,145.14999999999998,2,140.41000000000008,move,improve
7960,2,145.14999999999998,2,140.41000000000008,2opt,notBad
7961,2,145.14999999999998,2,140.41000000000008,move,improve
7962,2,145.14999999999998,2,140.41000000000008,swap,notBad
7963,2,145.14999999999998,2,140.41000000000008,move,improve
7964,2,145.14999999999998,2,140.41000000000008,move,improve
7965,2,145.14999999999998,2,140.41000000000008,swap,notBad
7966,2,145.14999999999998,2,140.41000000000008,move,improve
7967,2,145.14999999999998,2,140.41000000000008,swap,notBad
7968,2,145.14999999999998,2,140.41000000000008,move,improve
7969,2,145.14999999999998,2,140.41000000000008,swap,notBad
7970,2,145.14999999999998,2,140.41000000000008,move,improve
7971,2,145.14999999999998,2,140.41000000000008,swap,notBad
7972,2,145.14999999999998,2,140.41000000000008,swap,notBad
7973,2,145.14999999999998,2,140.41000000000008,move,improve
7974,2,145.14999999999998,2,140.41000000000008,2opt,notBad
7975,2,145.14999999999998,2,140.41000000000008,swap,notBad
7976,2,145.14999999999998,2,140.41000000000008,swap,notBad
7977,2,145.14999999999998,2,140.41000000000008,swap,notBad
7978,2,145.14999999999998,2,140.41000000000008,2opt,notBad
7979,2,145.14999999999998,2,140.41000000000008,swap,notBad
7980,2,145.14999999999998,2,140.41000000000008,swap,notBad
7981,2,145.14999999999998,2,140.41000000000008,swap,notBad
7982,2,145.14999999999998,2,140.41000000000008,move,improve
7983,2,145.14999999999998,2,140.41000000000008,move,improve
7984,2,144.91,2,140.41000000000008,move,improve
7985,2,144.91,2,140.41000000000008,move,improve
7986,2,144.91,2,140.41000000000008,move,improve
7987,2,144.91,2,140.41000000000008,2opt,notBad
7988,2,144.91,2,140.41000000000008,2opt,notBad
7989,2,144.91,2,140.41000000000008,swap,notBad
7990,2,144.91,2,140.41000000000008,move,improve
7991,2,144.91,2,140.41000000000008,move,improve
7992,2,144.91,2,140.41000000000008,2opt,notBad
7993,2,144.91,2,140.41000000000008,move,improve
7994,2,144.91,2,140.41000000000008,2opt,notBad
7995,2,144.91,2,140.41000000000008,swap,notBad
7996,2,144.91,2,140.41000000000008,2opt,notBad
7997,2,144.91,2,140.41000000000008,move,improve
7998,2,144.91,2,140.41000000000008,move,improve
7999,2,144.91,2,140.41000000000008,swap,notBad
8000,2,144.91,2,140.41000000000008,swap,notBad
8001,2,144.91,2,140.41000000000008,move,improve
8002,2,144.91,2,140.41000000000008,swap,notBad
8003,2,144.91,2,140.41000000000008,2opt,notBad
8004,2,144.91,2,140.41000000000008,swap,notBad
8005,2,144.91,2,140.41000000000008,move,improve
8006,2,144.91,2,140.41000000000008,swap,notBad
8007,2,144.91,2,140.41000000000008,swap,notBad
8008,2,144.91,2,140.41000000000008,2opt,notBad
8009,2,144.91,2,140.41000000000008,2opt,notBad
8010,2,144.91,2,140.41000000000008,move,improve
8011,2,144.91,2,140.41000000000008,move,improve
8012,2,144.91,2,140.41000000000008,move,improve
8013,2,144.91,2,140.41000000000008,move,improve
8014,2,144.91,2,140.41000000000008,swap,notBad
8015,2,144.91,2,140.41000000000008,swap,notBad
8016,2,144.91,2,140.41000000000008,swap,notBad
8017,2,144.91,2,140.41000000000008,2opt,notBad
8018,2,144.91,2,140.41000000000008,move,improve
8019,2,144.91,2,140.41000000000008,move,improve
8020,2,144.91,2,140.41000000000008,move,improve
8021,2,144.91,2,140.41000000000008,2opt,notBad
8022,2,144.91,2,140.41000000000008,move,improve
8023,2,144.91,2,140.41000000000008,2opt,notBad
8024,2,144.91,2,140.41000000000008,move,notBad
8025,2,144.91,2,140.41000000000008,swap,notBad
8026,2,144.91,2,140.41000000000008,2opt,notBad
8027,2,144.91,2,140.41000000000008,swap,notBad
8028,2,144.91,2,140.41000000000008,swap,notBad
8029,2,144.91,2,140.41000000000008,move,improve
8030,2,144.91,2,140.41000000000008,swap,notBad
8031,2,144.91,2,140.41000000000008,move,improve
8032,2,144.91,2,140.41000000000008,move,improve
8033,2,144.91,2,140.41000000000008,2opt,improve
8034,2,144.91,2,140.41000000000008,2opt,notBad
8035,2,144.91,2,140.41000000000008,2opt,notBad
8036,2,144.91,2,140.41000000000008,move,improve
8037,2,144.91,2,140.41000000000008,move,improve
8038,2,144.91,2,140.41000000000008,move,improve
8039,2,144.91,2,140.41000000000008,2opt,notBad
8040,2,144.91,2,140.41000000000008,2opt,improve
8041,2,144.91,2,140.41000000000008,move,improve
8042,2,144.91,2,140.41000000000008,move,improve
8043,2,144.91,2,140.41000000000008,move,improve
8044,2,144.91,2,140.41000000000008,move,improve
8045,2,144.91,2,140.41000000000008,swap,notBad
8046,2,144.91,2,140.41000000000008,move,improve
8047,2,144.91,2,140.41000000000008,move,improve
8048,2,144.91,2,140.41000000000008,2opt,notBad
8049,2,144.91,2,140.41000000000008,2opt,notBad
8050,2,144.91,2,140.41000000000008,move,improve
8051,2,144.91,2,140.41000000000008,move,improve
8052,2,144.91,2,140.41000000000008,swap,notBad
8053,2,144.91,2,140.41000000000008,2opt,notBad
8054,2,144.91,2,140.41000000000008,move,improve
8055,2,144.91,2,140.41000000000008,swap,notBad
8056,2,144.91,2,140.41000000000008,swap,notBad
8057,2,144.91,2,140.41000000000008,2opt,notBad
8058,2,144.91,2,140.41000000000008,swap,notBad
8059,2,144.91,2,140.41000000000008,2opt,notBad
8060,2,144.91,2,140.41000000000008,swap,notBad
8061,2,144.91,2,140.41000000000008,swap,notBad
8062,2,144.91,2,140.41000000000008,move,improve
8063,2,144.91,2,140.41000000000008,2opt,notBad
8064,2,144.91,2,140.41000000000008,swap,notBad
8065,2,144.91,2,140.41000000000008,swap,notBad
8066,2,144.91,2,140.41000000000008,2opt,notBad
8067,2,144.91,2,140.41000000000008,swap,notBad
8068,2,144.91,2,140.41000000000008,swap,notBad
8069,2,144.91,2,140.41000000000008,2opt,notBad
8070,2,144.91,2,140.41000000000008,move,improve
8071,2,144.91,2,140.41000000000008,2opt,notBad
8072,2,144.91,2,140.41000000000008,move,improve
8073,2,144.91,2,140.41000000000008,2opt,improve
8074,2,144.91,2,140.41000000000008,2opt,notBad
8075,2,144.91,2,140.41000000000008,swap,notBad
8076,2,144.91,2,140.41000000000008,swap,notBad
8077,2,144.91,2,140.41000000000008,move,improve
8078,2,144.91,2,140.41000000000008,swap,notBad
8079,2,144.91,2,140.41000000000008,2opt,notBad
8080,2,144.91,2,140.41000000000008,2opt,notBad
8081,2,144.91,2,140.41000000000008,move,improve
8082,2,144.91,2,140.41000000000008,move,improve
8083,2,144.91,2,140.41000000000008,move,improve
8084,2,144.91,2,140.41000000000008,2opt,notBad
8085,2,144.91,2,140.41000000000008,2opt,notBad
8086,2,144.91,2,140.41000000000008,2opt,notBad
8087,2,144.91,2,140.41000000000008,move,improve
8088,2,144.91,2,140.41000000000008,move,improve
8089,2,144.91,2,140.41000000000008,move,improve
8090,2,144.91,2,140.41000000000008,move,improve
8091,2,144.91,2,140.41000000000008,2opt,notBad
8092,2,144.91,2,140.41000000000008,move,improve
8093,2,144.91,2,140.41000000000008,2opt,notBad
8094,2,144.91,2,140.41000000000008,swap,notBad
8095,2,144.91,2,140.41000000000008,2opt,notBad
8096,2,144.91,2,140.41000000000008,2opt,notBad
8097,2,144.91,2,140.41000000000008,swap,notBad
8098,2,144.91,2,140.41000000000008,move,improve
8099,2,144.91,2,140.41000000000008,move,improve
8100,2,144.91,2,140.41000000000008,swap,notBad
8101,2,144.91,2,140.41000000000008,swap,notBad
8102,2,144.91,2,140.41000000000008,2opt,improve
8103,2,144.91,2,140.41000000000008,move,improve
8104,2,144.91,2,140.41000000000008,move,improve
8105,2,144.91,2,140.41000000000008,2opt,notBad
8106,2,144.91,2,140.41000000000008,swap,notBad
8107,2,144.91,2,140.41000000000008,move,improve
8108,2,144.91,2,140.41000000000008,2opt,notBad
8109,2,144.91,2,140.41000000000008,swap,notBad
8110,2,144.91,2,140.41000000000008,swap,notBad
8111,2,144.91,2,140.41000000000008,move,improve
8112,2,144.91,2,140.41000000000008,swap,notBad
8113,2,144.91,2,140.41000000000008,swap,notBad
8114,2,144.91,2,140.41000000000008,swap,notBad
8115,2,144.91,2,140.41000000000008,move,improve
8116,2,144.91,2,140.41000000000008,swap,notBad
8117,2,144.91,2,140.41000000000008,move,improve
8118,2,144.91,2,140.41000000000008,2opt,notBad
8119,2,144.91,2,140.41000000000008,2opt,notBad
8120,2,144.91,2,140.41000000000008,2opt,notBad
8121,2,144.91,2,140.41000000000008,2opt,notBad
8122,2,144.91,2,140.41000000000008,move,improve
8123,2,144.91,2,140.41000000000008,2opt,notBad
8124,2,144.91,2,140.41000000000008,swap,notBad
8125,2,144.91,2,140.41000000000008,move,improve
8126,2,144.91,2,140.41000000000008,2opt,notBad
8127,2,144.91,2,140.41000000000008,move,improve
8128,2,144.91,2,140.41000000000008,swap,notBad
8129,2,144.91,2,140.41000000000008,2opt,notBad
8130,2,144.91,2,140.41000000000008,swap,notBad
8131,2,144.91,2,140.41000000000008,move,improve
8132,2,144.91,2,140.41000000000008,2opt,improve
8133,2,144.91,2,140.41000000000008,move,improve
8134,2,144.91,2,140.41000000000008,2opt,notBad
8135,2,144.91,2,140.41000000000008,2opt,notBad
8136,2,144.91,2,140.41000000000008,move,improve
8137,2,144.91,2,140.41000000000008,2opt,notBad
8138,2,144.91,2,140.41000000000008,2opt,notBad
8139,2,144.91,2,140.41000000000008,move,improve
8140,2,144.91,2,140.41000000000008,move,improve
8141,2,144.91,2,140.41000000000008,move,improve
8142,2,144.91,2,140.41000000000008,swap,notBad
8143,2,144.91,2,140.41000000000008,swap,notBad
8144,2,144.91,2,140.41000000000008,2opt,notBad
8145,2,144.91,2,140.41000000000008,move,improve
8146,2,144.91,2,140.41000000000008,move,improve
8147,2,144.91,2,140.41000000000008,swap,notBad
8148,2,144.91,2,140.41000000000008,2opt,notBad
8149,2,144.91,2,140.41000000000008,swap,notBad
8150,2,144.91,2,140.41000000000008,move,improve
8151,2,144.91,2,140.41000000000008,swap,notBad
8152,2,144.91,2,140.41000000000008,swap,notBad
8153,2,144.91,2,140.41000000000008,move,improve
8154,2,144.91,2,140.41000000000008,2opt,notBad
8155,2,144.91,2,140.41000000000008,2opt,notBad
8156,2,144.91,2,140.41000000000008,swap,notBad
8157,2,144.91,2,140.41000000000008,2opt,notBad
8158,2,144.91,2,140.41000000000008,move,improve
8159,2,144.91,2,140.41000000000008,move,improve
8160,2,144.91,2,140.41000000000008,swap,notBad
8161,2,144.91,2,140.41000000000008,swap,notBad
8162,2,144.91,2,140.41000000000008,swap,notBad
8163,2,144.91,2,140.41000000000008,swap,notBad
8164,2,144.91,2,140.41000000000008,move,improve
8165,2,144.91,2,140.41000000000008,swap,notBad
8166,2,144.91,2,140.41000000000008,2opt,notBad
8167,2,144.91,2,140.41000000000008,swap,notBad
8168,2,144.91,2,140.41000000000008,move,improve
8169,2,144.91,2,140.41000000000008,swap,notBad
8170,2,144.91,2,140.41000000000008,swap,notBad
8171,2,144.91,2,140.41000000000008,move,notBad
8172,2,144.91,2,140.41000000000008,2opt,notBad
8173,2,144.91,2,140.41000000000008,2opt,improve
8174,2,144.91,2,140.41000000000008,move,improve
8175,2,144.91,2,140.41000000000008,2opt,notBad
8176,2,144.91,2,140.41000000000008,move,improve
8177,2,144.91,2,140.41000000000008,move,improve
8178,2,144.91,2,140.41000000000008,2opt,notBad
8179,2,144.91,2,140.41000000000008,2opt,notBad
8180,2,144.91,2,140.41000000000008,swap,notBad
8181,2,144.91,2,140.41000000000008,swap,notBad
8182,2,144.91,2,140.41000000000008,2opt,improve
8183,2,144.91,2,140.41000000000008,swap,notBad
8184,2,144.91,2,140.41000000000008,move,improve
8185,2,144.91,2,140.41000000000008,2opt,notBad
8186,2,144.91,2,140.41000000000008,move,improve
8187,2,144.91,2,140.41000000000008,2opt,improve
8188,2,144.91,2,140.41000000000008,2opt,notBad
8189,2,144.91,2,140.41000000000008,move,improve
8190,2,144.91,2,140.41000000000008,2opt,notBad
8191,2,144.91,2,140.41000000000008,move,improve
8192,2,144.91,2,140.41000000000008,move,improve
8193,2,144.91,2,140.41000000000008,2opt,notBad
8194,2,144.91,2,140.41000000000008,swap,notBad
8195,2,144.91,2,140.41000000000008,swap,notBad
8196,2,145.63000000000005,2,140.41000000000008,move,acceptBad
8197,2,145.63000000000005,2,140.41000000000008,swap,notBad
8198,2,145.63000000000005,2,140.41000000000008,move,improve
8199,2,145.63000000000005,2,140.41000000000008,move,improve
8200,2,145.63000000000005,2,140.41000000000008,swap,notBad
8201,2,145.63000000000005,2,140.41000000000008,move,improve
8202,2,145.63000000000005,2,140.41000000000008,swap,notBad
8203,2,145.63000000000005,2,140.41000000000008,2opt,notBad
8204,2,145.63000000000005,2,140.41000000000008,2opt,notBad
8205,2,145.63000000000005,2,140.41000000000008,move,improve
8206,2,145.63000000000005,2,140.41000000000008,2opt,notBad
8207,2,145.63000000000005,2,140.41000000000008,swap,notBad
8208,2,145.63000000000005,2,140.41000000000008,2opt,notBad
8209,2,145.63000000000005,2,140.41000000000008,swap,notBad
8210,2,145.63000000000005,2,140.41000000000008,move,improve
8211,2,145.63000000000005,2,140.41000000000008,2opt,notBad
8212,2,145.63000000000005,2,140.41000000000008,swap,notBad
8213,2,145.63000000000005,2,140.41000000000008,swap,notBad
8214,2,145.63000000000005,2,140.41000000000008,2opt,notBad
8215,2,145.63000000000005,2,140.41000000000008,2opt,notBad
8216,2,145.63000000000005,2,140.41000000000008,swap,notBad
8217,2,145.63000000000005,2,140.41000000000008,2opt,improve
8218,2,145.63000000000005,2,140.41000000000008,move,improve
8219,2,145.63000000000005,2,140.41000000000008,move,improve
8220,2,145.63000000000005,2,140.41000000000008,2opt,notBad
8221,2,145.63000000000005,2,140.41000000000008,2opt,notBad
8222,2,145.63000000000005,2,140.41000000000008,2opt,notBad
8223,2,145.63000000000005,2,140.41000000000008,swap,notBad
8224,2,145.95000000000002,2,140.41000000000008,swap,acceptBad
8225,2,145.95000000000002,2,140.41000000000008,move,improve
8226,2,145.95000000000002,2,140.41000000000008,2opt,notBad
8227,2,145.95000000000002,2,140.41000000000008,move,improve
8228,2,145.95000000000002,2,140.41000000000008,2opt,notBad
8229,2,145.95000000000002,2,140.41000000000008,move,improve
8230,2,145.95000000000002,2,140.41000000000008,move,improve
8231,2,145.95000000000002,2,140.41000000000008,swap,notBad
8232,2,145.95000000000002,2,140.41000000000008,2opt,notBad
8233,2,145.95000000000002,2,140.41000000000008,move,improve
8234,2,145.95000000000002,2,140.41000000000008,swap,notBad
8235,2,145.95000000000002,2,140.41000000000008,move,improve
8236,2,145.95000000000002,2,140.41000000000008,2opt,notBad
8237,2,145.95000000000002,2,140.41000000000008,move,improve
8238,2,145.95000000000002,2,140.41000000000008,2opt,notBad
8239,2,145.95000000000002,2,140.41000000000008,swap,notBad
8240,2,145.95000000000002,2,140.41000000000008,move,improve
8241,2,145.95000000000002,2,140.41000000000008,swap,notBad
8242,2,145.95000000000002,2,140.41000000000008,swap,notBad
8243,2,145.95000000000002,2,140.41000000000008,move,improve
8244,2,145.95000000000002,2,140.41000000000008,move,improve
8245,2,145.95000000000002,2,140.41000000000008,move,improve
8246,2,145.95000000000002,2,140.41000000000008,move,improve
8247,2,145.95000000000002,2,140.41000000000008,swap,notBad
8248,2,145.95000000000002,2,140.41000000000008,move,improve
8249,2,145.95000000000002,2,140.41000000000008,move,improve
8250,2,145.95000000000002,2,140.41000000000008,swap,notBad
8251,2,145.95000000000002,2,140.41000000000008,2opt,notBad
8252,2,145.95000000000002,2,140.41000000000008,move,improve
8253,2,145.95000000000002,2,140.41000000000008,swap,notBad
8254,2,145.95000000000002,2,140.41000000000008,2opt,notBad
8255,2,145.95000000000002,2,140.41000000000008,move,improve
8256,2,145.95000000000002,2,140.41000000000008,2opt,notBad
8257,2,145.95000000000002,2,140.41000000000008,move,improve
8258,2,145.95000000000002,2,140.41000000000008,move,improve
8259,2,145.95000000000002,2,140.41000000000008,swap,notBad
8260,2,145.95000000000002,2,140.41000000000008,move,improve
8261,2,145.95000000000002,2,140.41000000000008,move,improve
8262,2,145.95000000000002,2,140.41000000000008,swap,notBad
8263,2,145.95000000000002,2,140.41000000000008,move,improve
8264,2,145.95000000000002,2,140.41000000000008,swap,notBad
8265,2,145.95000000000002,2,140.41000000000008,2opt,notBad
8266,2,145.95000000000002,2,140.41000000000008,2opt,notBad
8267,2,145.95000000000002,2,140.41000000000008,move,improve
8268,2,145.95000000000002,2,140.41000000000008,2opt,improve
8269,2,145.95000000000002,2,140.41000000000008,move,improve
8270,2,145.95000000000002,2,140.41000000000008,swap,notBad
8271,2,145.95000000000002,2,140.41000000000008,2opt,notBad
8272,2,145.95000000000002,2,140.41000000000008,move,improve
8273,2,145.95000000000002,2,140.41000000000008,swap,notBad
8274,2,145.95000000000002,2,140.41000000000008,2opt,notBad
8275,2,145.95000000000002,2,140.41000000000008,2opt,notBad
8276,2,145.95000000000002,2,140.41000000000008,move,improve
8277,2,145.95000000000002,2,140.41000000000008,move,improve
8278,2,145.95000000000002,2,140.41000000000008,2opt,notBad
8279,2,145.95000000000002,2,140.41000000000008,2opt,notBad
8280,2,145.95000000000002,2,140.41000000000008,2opt,notBad
8281,2,145.95000000000002,2,140.41000000000008,move,improve
8282,2,145.95000000000002,2,140.41000000000008,2opt,notBad
8283,2,145.95000000000002,2,140.41000000000008,2opt,notBad
8284,2,145.63000000000005,2,140.41000000000008,move,improve
8285,2,145.63000000000005,2,140.41000000000008,2opt,notBad
8286,2,145.63000000000005,2,140.41000000000008,swap,notBad
8287,2,145.63000000000005,2,140.41000000000008,2opt,notBad
8288,2,145.63000000000005,2,140.41000000000008,swap,notBad
8289,2,145.63000000000005,2,140.41000000000008,swap,notBad
8290,2,145.63000000000005,2,140.41000000000008,swap,notBad
8291,2,145.63000000000005,2,140.41000000000008,swap,notBad
8292,2,145.63000000000005,2,140.41000000000008,2opt,notBad
8293,2,145.63000000000005,2,140.41000000000008,2opt,notBad
8294,2,144.91,2,140.41000000000008,move,improve
8295,2,144.91,2,140.41000000000008,move,improve
8296,2,144.91,2,140.41000000000008,2opt,improve
8297,2,144.91,2,140.41000000000008,swap,notBad
8298,2,144.91,2,140.41000000000008,move,improve
8299,2,144.91,2,140.41000000000008,move,improve
8300,2,144.91,2,140.41000000000008,2opt,notBad
8301,2,144.91,2,140.41000000000008,2opt,notBad
8302,2,144.91,2,140.41000000000008,move,improve
8303,2,144.91,2,140.41000000000008,2opt,improve
8304,2,144.91,2,140.41000000000008,swap,notBad
8305,2,144.91,2,140.41000000000008,swap,notBad
8306,2,144.91,2,140.41000000000008,swap,notBad
8307,2,144.91,2,140.41000000000008,swap,notBad
8308,2,144.91,2,140.41000000000008,2opt,notBad
8309,2,144.91,2,140.41000000000008,move,improve
8310,2,144.91,2,140.41000000000008,2opt,notBad
8311,2,144.91,2,140.41000000000008,2opt,notBad
8312,2,144.91,2,140.41000000000008,move,improve
8313,2,144.91,2,140.41000000000008,2opt,notBad
8314,2,144.91,2,140.41000000000008,swap,notBad
8315,2,144.91,2,140.41000000000008,move,improve
8316,2,144.91,2,140.41000000000008,2opt,notBad
8317,2,144.91,2,140.41000000000008,swap,notBad
8318,2,144.91,2,140.41000000000008,swap,notBad
8319,2,144.91,2,140.41000000000008,move,improve
8320,2,144.91,2,140.41000000000008,swap,notBad
8321,2,144.91,2,140.41000000000008,swap,notBad
8322,2,144.91,2,140.41000000000008,swap,notBad
8323,2,144.91,2,140.41000000000008,2opt,notBad
8324,2,144.91,2,140.41000000000008,move,improve
8325,2,144.91,2,140.41000000000008,swap,notBad
8326,2,144.91,2,140.41000000000008,2opt,notBad
8327,2,144.91,2,140.41000000000008,move,improve
8328,2,144.91,2,140.41000000000008,2opt,notBad
8329,2,144.91,2,140.41000000000008,swap,notBad
8330,2,144.91,2,140.41000000000008,swap,notBad
8331,2,144.91,2,140.41000000000008,move,improve
8332,2,144.91,2,140.41000000000008,move,improve
8333,2,144.91,2,140.41000000000008,swap,notBad
8334,2,144.91,2,140.41000000000008,swap,notBad
8335,2,144.91,2,140.41000000000008,2opt,notBad
8336,2,144.91,2,140.41000000000008,swap,notBad
8337,2,144.91,2,140.41000000000008,move,improve
8338,2,144.91,2,140.41000000000008,swap,notBad
8339,2,144.91,2,140.41000000000008,2opt,notBad
8340,2,144.91,2,140.41000000000008,swap,notBad
8341,2,144.91,2,140.41000000000008,2opt,notBad
8342,2,144.91,2,140.41000000000008,move,improve
8343,2,144.91,2,140.41000000000008,swap,notBad
8344,2,144.91,2,140.41000000000008,swap,notBad
8345,2,145.63000000000005,2,140.41000000000008,move,acceptBad
8346,2,145.63000000000005,2,140.41000000000008,2opt,notBad
8347,2,145.63000000000005,2,140.41000000000008,swap,notBad
8348,2,145.63000000000005,2,140.41000000000008,swap,notBad
8349,2,145.63000000000005,2,140.41000000000008,swap,notBad
8350,2,145.63000000000005,2,140.41000000000008,move,improve
8351,2,145.63000000000005,2,140.41000000000008,move,improve
8352,2,145.63000000000005,2,140.41000000000008,move,improve
8353,2,145.63000000000005,2,140.41000000000008,2opt,notBad
8354,2,145.63000000000005,2,140.41000000000008,2opt,notBad
8355,2,145.63000000000005,2,140.41000000000008,move,improve
8356,2,144.91,2,140.41000000000008,move,improve
8357,2,144.91,2,140.41000000000008,move,improve
8358,2,144.91,2,140.41000000000008,move,improve
8359,2,144.91,2,140.41000000000008,swap,notBad
8360,2,144.91,2,140.41000000000008,swap,notBad
8361,2,144.91,2,140.41000000000008,2opt,notBad
8362,2,144.91,2,140.41000000000008,2opt,improve
8363,2,144.91,2,140.41000000000008,swap,notBad
8364,2,144.91,2,140.41000000000008,move,improve
8365,2,144.91,2,140.41000000000008,swap,notBad
8366,2,144.91,2,140.41000000000008,swap,notBad
8367,2,145.14999999999998,2,140.41000000000008,swap,acceptBad
8368,2,145.14999999999998,2,140.41000000000008,2opt,notBad
8369,2,145.14999999999998,2,140.41000000000008,2opt,notBad
8370,2,145.14999999999998,2,140.41000000000008,move,improve
8371,2,145.14999999999998,2,140.41000000000008,move,improve
8372,2,145.14999999999998,2,140.41000000000008,2opt,notBad
8373,2,145.14999999999998,2,140.41000000000008,swap,notBad
8374,2,145.14999999999998,2,140.41000000000008,swap,notBad
8375,2,145.14999999999998,2,140.41000000000008,2opt,notBad
8376,2,145.14999999999998,2,140.41000000000008,2opt,notBad
8377,2,145.14999999999998,2,140.41000000000008,swap,notBad
8378,2,145.14999999999998,2,140.41000000000008,2opt,notBad
8379,2,145.14999999999998,2,140.41000000000008,2opt,notBad
8380,2,145.14999999999998,2,140.41000000000008,2opt,notBad
8381,2,145.14999999999998,2,140.41000000000008,2opt,notBad
8382,2,145.14999999999998,2,140.41000000000008,swap,notBad
8383,2,145.14999999999998,2,140.41000000000008,swap,notBad
8384,2,145.14999999999998,2,140.41000000000008,move,improve
8385,2,145.14999999999998,2,140.41000000000008,2opt,notBad
8386,2,145.14999999999998,2,140.41000000000008,swap,notBad
8387,2,145.14999999999998,2,140.41000000000008,2opt,notBad
8388,2,145.14999999999998,2,140.41000000000008,swap,notBad
8389,2,145.14999999999998,2,140.41000000000008,2opt,notBad
8390,2,145.14999999999998,2,140.41000000000008,2opt,notBad
8391,2,145.14999999999998,2,140.41000000000008,move,improve
8392,2,145.14999999999998,2,140.41000000000008,swap,notBad
8393,2,145.14999999999998,2,140.41000000000008,swap,notBad
8394,2,145.14999999999998,2,140.41000000000008,swap,notBad
8395,2,145.14999999999998,2,140.41000000000008,move,improve
8396,2,145.14999999999998,2,140.41000000000008,2opt,improve
8397,2,145.14999999999998,2,140.41000000000008,move,improve
8398,2,145.14999999999998,2,140.41000000000008,2opt,notBad
8399,2,145.14999999999998,2,140.41000000000008,swap,notBad
8400,2,145.14999999999998,2,140.41000000000008,2opt,notBad
8401,2,145.14999999999998,2,140.41000000000008,swap,notBad
8402,2,145.14999999999998,2,140.41000000000008,swap,notBad
8403,2,145.14999999999998,2,140.41000000000008,move,improve
8404,2,145.14999999999998,2,140.41000000000008,2opt,notBad
8405,2,145.14999999999998,2,140.41000000000008,swap,notBad
8406,2,145.14999999999998,2,140.41000000000008,swap,notBad
8407,2,144.91,2,140.41000000000008,move,improve
8408,2,144.91,2,140.41000000000008,2opt,notBad
8409,2,144.91,2,140.41000000000008,swap,notBad
8410,2,144.91,2,140.41000000000008,move,improve
8411,2,144.91,2,140.41000000000008,move,improve
8412,2,144.91,2,140.41000000000008,move,improve
8413,2,144.91,2,140.41000000000008,2opt,notBad
8414,2,144.91,2,140.41000000000008,swap,notBad
8415,2,144.91,2,140.41000000000008,swap,notBad
8416,2,144.91,2,140.41000000000008,move,improve
8417,2,144.91,2,140.41000000000008,2opt,notBad
8418,2,144.91,2,140.41000000000008,swap,notBad
8419,2,144.91,2,140.41000000000008,2opt,notBad
8420,2,144.91,2,140.41000000000008,2opt,notBad
8421,2,144.91,2,140.41000000000008,swap,notBad
8422,2,144.91,2,140.41000000000008,swap,notBad
8423,2,144.91,2,140.41000000000008,2opt,notBad
8424,2,144.91,2,140.41000000000008,swap,notBad
8425,2,144.91,2,140.41000000000008,swap,notBad
8426,2,144.91,2,140.41000000000008,swap,notBad
8427,2,144.91,2,140.41000000000008,2opt,notBad
8428,2,144.91,2,140.41000000000008,move,improve
8429,2,144.91,2,140.41000000000008,2opt,notBad
8430,2,144.91,2,140.41000000000008,swap,notBad
8431,2,144.91,2,140.41000000000008,move,improve
8432,2,144.91,2,140.41000000000008,swap,notBad
8433,2,144.91,2,140.41000000000008,move,improve
8434,2,144.91,2,140.41000000000008,2opt,notBad
8435,2,144.91,2,140.41000000000008,2opt,notBad
8436,2,144.91,2,140.41000000000008,swap,notBad
8437,2,144.91,2,140.41000000000008,swap,notBad
8438,2,144.91,2,140.41000000000008,move,notBad
8439,2,144.91,2,140.41000000000008,2opt,notBad
8440,2,144.91,2,140.41000000000008,swap,notBad
8441,2,144.91,2,140.41000000000008,2opt,notBad
8442,2,144.91,2,140.41000000000008,move,improve
8443,2,144.91,2,140.41000000000008,swap,notBad
8444,2,144.91,2,140.41000000000008,move,improve
8445,2,144.91,2,140.41000000000008,2opt,notBad
8446,2,144.91,2,140.41000000000008,2opt,notBad
8447,2,144.91,2,140.41000000000008,swap,notBad
8448,2,144.91,2,140.41000000000008,2opt,notBad
8449,2,144.91,2,140.41000000000008,2opt,notBad
8450,2,144.91,2,140.41000000000008,2opt,notBad
8451,2,144.91,2,140.41000000000008,swap,notBad
8452,2,144.91,2,140.41000000000008,move,improve
8453,2,144.91,2,140.41000000000008,move,improve
8454,2,144.91,2,140.41000000000008,move,improve
8455,2,144.91,2,140.41000000000008,move,improve
8456,2,144.91,2,140.41000000000008,swap,notBad
8457,2,144.91,2,140.41000000000008,2opt,notBad
8458,2,144.91,2,140.41000000000008,move,improve
8459,2,144.91,2,140.41000000000008,2opt,notBad
8460,2,144.91,2,140.41000000000008,swap,notBad
8461,2,144.91,2,140.41000000000008,move,improve
8462,2,144.91,2,140.41000000000008,move,improve
8463,2,144.91,2,140.41000000000008,2opt,notBad
8464,2,144.91,2,140.41000000000008,move,improve
8465,2,144.91,2,140.41000000000008,2opt,notBad
8466,2,144.91,2,140.41000000000008,move,improve
8467,2,144.91,2,140.41000000000008,2opt,notBad
8468,2,144.91,2,140.41000000000008,move,improve
8469,2,144.91,2,140.41000000000008,2opt,notBad
8470,2,144.91,2,140.41000000000008,swap,notBad
8471,2,144.91,2,140.41000000000008,swap,notBad
8472,2,144.91,2,140.41000000000008,2opt,notBad
8473,2,144.91,2,140.41000000000008,swap,notBad
8474,2,144.91,2,140.41000000000008,swap,notBad
8475,2,144.91,2,140.41000000000008,move,improve
8476,2,144.91,2,140.41000000000008,swap,notBad
8477,2,144.91,2,140.41000000000008,swap,notBad
8478,2,144.91,2,140.41000000000008,2opt,notBad
8479,2,144.91,2,140.41000000000008,swap,notBad
8480,2,144.91,2,140.41000000000008,2opt,notBad
8481,2,144.91,2,140.41000000000008,2opt,notBad
8482,2,144.91,2,140.41000000000008,2opt,notBad
8483,2,144.91,2,140.41000000000008,swap,notBad
8484,2,144.91,2,140.41000000000008,swap,notBad
8485,2,144.91,2,140.41000000000008,2opt,notBad
8486,2,144.91,2,140.41000000000008,swap,notBad
8487,2,144.91,2,140.41000000000008,2opt,notBad
8488,2,144.91,2,140.41000000000008,move,improve
8489,2,144.91,2,140.41000000000008,swap,notBad
8490,2,144.91,2,140.41000000000008,move,improve
8491,2,144.91,2,140.41000000000008,swap,notBad
8492,2,144.91,2,140.41000000000008,2opt,notBad
8493,2,144.91,2,140.41000000000008,2opt,notBad
8494,2,144.91,2,140.41000000000008,2opt,improve
8495,2,144.91,2,140.41000000000008,move,improve
8496,2,144.91,2,140.41000000000008,swap,notBad
8497,2,144.91,2,140.41000000000008,swap,notBad
8498,2,144.91,2,140.41000000000008,2opt,notBad
8499,2,144.91,2,140.41000000000008,2opt,notBad
8500,2,144.91,2,140.41000000000008,2opt,improve
8501,2,144.91,2,140.41000000000008,move,improve
8502,2,144.91,2,140.41000000000008,move,improve
8503,2,144.91,2,140.41000000000008,swap,notBad
8504,2,144.91,2,140.41000000000008,swap,notBad
8505,2,144.91,2,140.41000000000008,move,improve
8506,2,144.91,2,140.41000000000008,2opt,notBad
8507,2,144.91,2,140.41000000000008,2opt,improve
8508,2,144.91,2,140.41000000000008,2opt,notBad
8509,2,144.91,2,140.41000000000008,move,improve
8510,2,144.91,2,140.41000000000008,swap,notBad
8511,2,144.91,2,140.41000000000008,2opt,notBad
8512,2,144.91,2,140.41000000000008,move,improve
8513,2,144.91,2,140.41000000000008,2opt,notBad
8514,2,144.91,2,140.41000000000008,swap,notBad
8515,2,144.91,2,140.41000000000008,2opt,notBad
8516,2,144.91,2,140.41000000000008,2opt,notBad
8517,2,144.91,2,140.41000000000008,2opt,notBad
8518,2,144.91,2,140.41000000000008,2opt,improve
8519,2,144.91,2,140.41000000000008,move,improve
8520,2,144.91,2,140.41000000000008,move,improve
8521,2,144.91,2,140.41000000000008,swap,notBad
8522,2,144.91,2,140.41000000000008,2opt,notBad
8523,2,144.91,2,140.41000000000008,swap,notBad
8524,2,144.91,2,140.41000000000008,swap,notBad
8525,2,145.63000000000005,2,140.41000000000008,move,acceptBad
8526,2,145.63000000000005,2,140.41000000000008,2opt,notBad
8527,2,145.63000000000005,2,140.41000000000008,2opt,notBad
8528,2,145.63000000000005,2,140.41000000000008,swap,notBad
8529,2,144.91,2,140.41000000000008,swap,improve
8530,2,144.91,2,140.41000000000008,2opt,notBad
8531,2,144.91,2,140.41000000000008,2opt,notBad
8532,2,144.91,2,140.41000000000008,move,improve
8533,2,144.91,2,140.41000000000008,swap,notBad
8534,2,144.91,2,140.41000000000008,2opt,notBad
8535,2,144.91,2,140.41000000000008,2opt,notBad
8536,2,144.91,2,140.41000000000008,2opt,notBad
8537,2,144.91,2,140.41000000000008,2opt,notBad
8538,2,144.91,2,140.41000000000008,swap,notBad
8539,2,144.91,2,140.41000000000008,2opt,improve
8540,2,144.91,2,140.41000000000008,move,improve
8541,2,144.91,2,140.41000000000008,move,improve
8542,2,144.91,2,140.41000000000008,move,improve
8543,2,145.14999999999998,2,140.41000000000008,swap,acceptBad
8544,2,145.14999999999998,2,140.41000000000008,2opt,notBad
8545,2,145.14999999999998,2,140.41000000000008,2opt,notBad
8546,2,145.14999999999998,2,140.41000000000008,swap,notBad
8547,2,145.14999999999998,2,140.41000000000008,swap,notBad
8548,2,145.14999999999998,2,140.41000000000008,move,improve
8549,2,145.14999999999998,2,140.41000000000008,swap,notBad
8550,2,145.14999999999998,2,140.41000000000008,2opt,notBad
8551,2,145.14999999999998,2,140.41000000000008,move,improve
8552,2,144.91,2,140.41000000000008,move,improve
8553,2,144.91,2,140.41000000000008,move,improve
8554,2,144.91,2,140.41000000000008,move,improve
8555,2,144.91,2,140.41000000000008,swap,notBad
8556,2,145.14999999999998,2,140.41000000000008,swap,acceptBad
8557,2,145.14999999999998,2,140.41000000000008,move,improve
8558,2,145.14999999999998,2,140.41000000000008,2opt,improve
8559,2,145.14999999999998,2,140.41000000000008,2opt,notBad
8560,2,145.14999999999998,2,140.41000000000008,swap,notBad
8561,2,145.14999999999998,2,140.41000000000008,swap,notBad
8562,2,145.14999999999998,2,140.41000000000008,2opt,notBad
8563,2,144.91,2,140.41000000000008,swap,improve
8564,2,144.91,2,140.41000000000008,move,notBad
8565,2,144.91,2,140.41000000000008,swap,notBad
8566,2,144.91,2,140.41000000000008,2opt,notBad
8567,2,144.91,2,140.41000000000008,2opt,notBad
8568,2,144.91,2,140.41000000000008,move,improve
8569,2,144.91,2,140.41000000000008,move,improve
8570,2,144.91,2,140.41000000000008,2opt,notBad
8571,2,144.91,2,140.41000000000008,swap,notBad
8572,2,144.91,2,140.41000000000008,2opt,notBad
8573,2,144.91,2,140.41000000000008,swap,notBad
8574,2,144.91,2,140.41000000000008,swap,notBad
8575,2,144.91,2,140.41000000000008,2opt,notBad
8576,2,144.91,2,140.41000000000008,swap,notBad
8577,2,144.91,2,140.41000000000008,2opt,improve
8578,2,144.91,2,140.41000000000008,swap,notBad
8579,2,144.91,2,140.41000000000008,2opt,notBad
8580,2,144.91,2,140.41000000000008,2opt,notBad
8581,2,144.91,2,140.41000000000008,2opt,notBad
8582,2,144.91,2,140.41000000000008,swap,notBad
8583,2,144.91,2,140.41000000000008,swap,notBad
8584,2,144.91,2,140.41000000000008,move,improve
8585,2,144.91,2,140.41000000000008,move,improve
8586,2,144.91,2,140.41000000000008,2opt,notBad
8587,2,144.91,2,140.41000000000008,move,improve
8588,2,144.91,2,140.41000000000008,swap,notBad
8589,2,144.91,2,140.41000000000008,move,improve
8590,2,144.91,2,140.41000000000008,2opt,notBad
8591,2,144.91,2,140.41000000000008,move,improve
8592,2,144.91,2,140.41000000000008,2opt,notBad
8593,2,144.91,2,140.41000000000008,swap,notBad
8594,2,144.91,2,140.41000000000008,swap,notBad
8595,2,144.91,2,140.41000000000008,move,improve
8596,2,144.91,2,140.41000000000008,2opt,notBad
8597,2,144.91,2,140.41000000000008,move,improve
8598,2,144.91,2,140.41000000000008,swap,notBad
8599,2,144.91,2,140.41000000000008,2opt,notBad
8600,2,144.91,2,140.41000000000008,2opt,notBad
8601,2,144.91,2,140.41000000000008,move,improve
8602,2,144.91,2,140.41000000000008,2opt,notBad
8603,2,144.91,2,140.41000000000008,swap,notBad
8604,2,144.91,2,140.41000000000008,2opt,notBad
8605,2,144.91,2,140.41000000000008,move,improve
8606,2,144.91,2,140.41000000000008,move,improve
8607,2,144.91,2,140.41000000000008,2opt,notBad
8608,2,144.91,2,140.41000000000008,swap,notBad
8609,2,144.91,2,140.41000000000008,move,improve
8610,2,144.91,2,140.41000000000008,2opt,notBad
8611,2,144.91,2,140.41000000000008,move,improve
8612,2,144.91,2,140.41000000000008,swap,notBad
8613,2,144.91,2,140.41000000000008,2opt,notBad
8614,2,144.91,2,140.41000000000008,swap,notBad
8615,2,144.91,2,140.41000000000008,move,improve
8616,2,144.91,2,140.41000000000008,swap,notBad
8617,2,144.91,2,140.41000000000008,2opt,notBad
8618,2,144.91,2,140.41000000000008,2opt,notBad
8619,2,144.91,2,140.41000000000008,move,improve
8620,2,144.91,2,140.41000000000008,2opt,improve
8621,2,144.91,2,140.41000000000008,move,improve
8622,2,144.91,2,140.41000000000008,move,improve
8623,2,144.91,2,140.41000000000008,move,improve
8624,2,144.91,2,140.41000000000008,move,improve
8625,2,144.91,2,140.41000000000008,move,improve
8626,2,144.91,2,140.41000000000008,swap,notBad
8627,2,144.91,2,140.41000000000008,2opt,notBad
8628,2,144.91,2,140.41000000000008,move,improve
8629,2,144.91,2,140.41000000000008,2opt,notBad
8630,2,144.91,2,140.41000000000008,2opt,notBad
8631,2,144.91,2,140.41000000000008,move,improve
8632,2,144.91,2,140.41000000000008,move,improve
8633,2,144.91,2,140.41000000000008,2opt,notBad
8634,2,144.91,2,140.41000000000008,move,improve
8635,2,144.91,2,140.41000000000008,swap,notBad
8636,2,144.91,2,140.41000000000008,move,improve
8637,2,144.91,2,140.41000000000008,2opt,improve
8638,2,144.91,2,140.41000000000008,move,improve
8639,2,144.91,2,140.41000000000008,swap,notBad
8640,2,144.91,2,140.41000000000008,move,improve
8641,2,144.91,2,140.41000000000008,2opt,notBad
8642,2,144.91,2,140.41000000000008,2opt,notBad
8643,2,144.91,2,140.41000000000008,move,improve
8644,2,144.91,2,140.41000000000008,swap,notBad
8645,2,144.91,2,140.41000000000008,swap,notBad
8646,2,144.91,2,140.41000000000008,2opt,notBad
8647,2,144.91,2,140.41000000000008,swap,notBad
8648,2,144.91,2,140.41000000000008,2opt,notBad
8649,2,144.91,2,140.41000000000008,move,improve
8650,2,144.91,2,140.41000000000008,swap,notBad
8651,2,144.91,2,140.41000000000008,2opt,notBad
8652,2,144.91,2,140.41000000000008,move,improve
8653,2,144.91,2,140.41000000000008,swap,notBad
8654,2,144.91,2,140.41000000000008,2opt,notBad
8655,2,144.91,2,140.41000000000008,move,improve
8656,2,144.91,2,140.41000000000008,2opt,notBad
8657,2,144.91,2,140.41000000000008,swap,notBad
8658,2,144.91,2,140.41000000000008,swap,notBad
8659,2,144.91,2,140.41000000000008,2opt,notBad
8660,2,144.91,2,140.41000000000008,swap,notBad
8661,2,144.91,2,140.41000000000008,swap,notBad
8662,2,144.91,2,140.41000000000008,2opt,improve
8663,2,144.91,2,140.41000000000008,move,improve
8664,2,144.91,2,140.41000000000008,2opt,notBad
8665,2,144.91,2,140.41000000000008,swap,notBad
8666,2,144.91,2,140.41000000000008,2opt,notBad
8667,2,144.91,2,140.41000000000008,move,improve
8668,2,144.91,2,140.41000000000008,swap,notBad
8669,2,144.91,2,140.41000000000008,2opt,notBad
8670,2,144.91,2,140.41000000000008,swap,notBad
8671,2,144.91,2,140.41000000000008,swap,notBad
8672,2,144.91,2,140.41000000000008,2opt,notBad
8673,2,144.91,2,140.41000000000008,move,improve
8674,2,144.91,2,140.41000000000008,move,notBad
8675,2,144.91,2,140.41000000000008,swap,notBad
8676,2,144.91,2,140.41000000000008,move,improve
8677,2,144.91,2,140.41000000000008,move,improve
8678,2,144.91,2,140.41000000000008,2opt,notBad
8679,2,144.91,2,140.41000000000008,move,improve
8680,2,144.91,2,140.41000000000008,swap,notBad
8681,2,144.91,2,140.41000000000008,swap,notBad
8682,2,144.91,2,140.41000000000008,move,notBad
8683,2,144.91,2,140.41000000000008,2opt,notBad
8684,2,144.91,2,140.41000000000008,move,improve
8685,2,144.91,2,140.41000000000008,2opt,notBad
8686,2,144.91,2,140.41000000000008,2opt,notBad
8687,2,144.91,2,140.41000000000008,2opt,notBad
8688,2,144.91,2,140.41000000000008,swap,notBad
8689,2,144.91,2,140.41000000000008,swap,notBad
8690,2,144.91,2,140.41000000000008,move,improve
8691,2,144.91,2,140.41000000000008,move,notBad
8692,2,144.91,2,140.41000000000008,move,improve
8693,2,144.91,2,140.41000000000008,swap,notBad
8694,2,144.91,2,140.41000000000008,swap,notBad
8695,2,144.91,2,140.41000000000008,move,improve
8696,2,144.91,2,140.41000000000008,swap,notBad
8697,2,144.91,2,140.41000000000008,swap,notBad
8698,2,144.91,2,140.41000000000008,swap,notBad
8699,2,144.91,2,140.41000000000008,move,improve
8700,2,144.91,2,140.41000000000008,swap,notBad
8701,2,144.91,2,140.41000000000008,2opt,notBad
8702,2,144.91,2,140.41000000000008,2opt,notBad
8703,2,144.91,2,140.41000000000008,2opt,notBad
8704,2,144.91,2,140.41000000000008,2opt,notBad
8705,2,144.91,2,140.41000000000008,move,improve
8706,2,144.91,2,140.41000000000008,2opt,notBad
8707,2,144.91,2,140.41000000000008,move,improve
8708,2,144.91,2,140.41000000000008,swap,notBad
8709,2,144.91,2,140.41000000000008,move,improve
8710,2,144.91,2,140.41000000000008,move,improve
8711,2,144.91,2,140.41000000000008,move,improve
8712,2,144.91,2,140.41000000000008,2opt,notBad
8713,2,144.91,2,140.41000000000008,move,notBad
8714,2,144.91,2,140.41000000000008,2opt,notBad
8715,2,144.91,2,140.41000000000008,2opt,notBad
8716,2,144.91,2,140.41000000000008,2opt,notBad
8717,2,144.91,2,140.41000000000008,swap,notBad
8718,2,144.91,2,140.41000000000008,move,improve
8719,2,144.91,2,140.41000000000008,move,improve
8720,2,144.91,2,140.41000000000008,move,improve
8721,2,144.91,2,140.41000000000008,2opt,notBad
8722,2,144.91,2,140.41000000000008,swap,notBad
8723,2,144.91,2,140.41000000000008,2opt,improve
8724,2,144.91,2,140.41000000000008,2opt,notBad
8725,2,144.91,2,140.41000000000008,swap,notBad
8726,2,144.91,2,140.41000000000008,2opt,notBad
8727,2,144.91,2,140.41000000000008,2opt,notBad
8728,2,144.91,2,140.41000000000008,move,improve
8729,2,144.91,2,140.41000000000008,2opt,notBad
8730,2,144.91,2,140.41000000000008,swap,notBad
8731,2,144.91,2,140.41000000000008,2opt,notBad
8732,2,144.91,2,140.41000000000008,2opt,notBad
8733,2,144.91,2,140.41000000000008,2opt,notBad
8734,2,144.91,2,140.41000000000008,move,improve
8735,2,144.91,2,140.41000000000008,swap,notBad
8736,2,144.91,2,140.41000000000008,swap,notBad
8737,2,144.91,2,140.41000000000008,2opt,notBad
8738,2,144.91,2,140.41000000000008,2opt,notBad
8739,2,144.91,2,140.41000000000008,swap,notBad
8740,2,144.91,2,140.41000000000008,2opt,notBad
8741,2,144.91,2,140.41000000000008,2opt,notBad
8742,2,144.91,2,140.41000000000008,swap,notBad
8743,2,144.91,2,140.41000000000008,2opt,notBad
8744,2,144.91,2,140.41000000000008,swap,notBad
8745,2,144.91,2,140.41000000000008,2opt,notBad
8746,2,144.91,2,140.41000000000008,2opt,notBad
8747,2,144.91,2,140.41000000000008,2opt,notBad
8748,2,144.91,2,140.41000000000008,2opt,notBad
8749,2,144.91,2,140.41000000000008,2opt,notBad
8750,2,144.91,2,140.41000000000008,swap,notBad
8751,2,144.91,2,140.41000000000008,move,improve
8752,2,144.91,2,140.41000000000008,2opt,improve
8753,2,144.91,2,140.41000000000008,2opt,improve
8754,2,144.91,2,140.41000000000008,swap,notBad
8755,2,144.91,2,140.41000000000008,swap,notBad
8756,2,144.91,2,140.41000000000008,swap,notBad
8757,2,144.91,2,140.41000000000008,2opt,improve
8758,2,144.91,2,140.41000000000008,2opt,notBad
8759,2,144.91,2,140.41000000000008,2opt,notBad
8760,2,144.91,2,140.41000000000008,move,improve
8761,2,144.91,2,140.41000000000008,move,improve
8762,2,144.91,2,140.41000000000008,move,improve
8763,2,144.91,2,140.41000000000008,2opt,notBad
8764,2,144.91,2,140.41000000000008,2opt,notBad
8765,2,144.91,2,140.41000000000008,swap,notBad
8766,2,144.91,2,140.41000000000008,swap,notBad
8767,2,144.91,2,140.41000000000008,move,improve
8768,2,144.91,2,140.41000000000008,2opt,notBad
8769,2,144.91,2,140.41000000000008,swap,notBad
8770,2,144.91,2,140.41000000000008,move,improve
8771,2,144.91,2,140.41000000000008,swap,notBad
8772,2,144.91,2,140.41000000000008,2opt,notBad
8773,2,144.91,2,140.41000000000008,move,improve
8774,2,144.91,2,140.41000000000008,swap,notBad
8775,2,144.91,2,140.41000000000008,move,improve
8776,2,144.91,2,140.41000000000008,swap,notBad
8777,2,144.91,2,140.41000000000008,swap,notBad
8778,2,144.91,2,140.41000000000008,2opt,notBad
8779,2,144.91,2,140.41000000000008,swap,notBad
8780,2,144.91,2,140.41000000000008,swap,notBad
8781,2,144.91,2,140.41000000000008,move,improve
8782,2,144.91,2,140.41000000000008,move,improve
8783,2,144.91,2,140.41000000000008,move,improve
8784,2,144.91,2,140.41000000000008,move,improve
8785,2,144.91,2,140.41000000000008,move,improve
8786,2,144.91,2,140.41000000000008,move,improve
8787,2,144.91,2,140.41000000000008,swap,notBad
8788,2,144.91,2,140.41000000000008,2opt,notBad
8789,2,144.91,2,140.41000000000008,swap,notBad
8790,2,144.91,2,140.41000000000008,move,improve
8791,2,144.91,2,140.41000000000008,2opt,notBad
8792,2,144.91,2,140.41000000000008,2opt,notBad
8793,2,144.91,2,140.41000000000008,swap,notBad
8794,2,144.91,2,140.41000000000008,2opt,notBad
8795,2,144.91,2,140.41000000000008,swap,notBad
8796,2,144.91,2,140.41000000000008,move,improve
8797,2,144.91,2,140.41000000000008,move,improve
8798,2,144.91,2,140.41000000000008,move,improve
8799,2,144.91,2,140.41000000000008,move,improve
8800,2,144.91,2,140.41000000000008,move,improve
8801,2,144.91,2,140.41000000000008,move,improve
8802,2,144.91,2,140.41000000000008,swap,notBad
8803,2,144.91,2,140.41000000000008,swap,notBad
8804,2,144.91,2,140.41000000000008,move,improve
8805,2,144.91,2,140.41000000000008,swap,notBad
8806,2,144.91,2,140.41000000000008,move,improve
8807,2,144.91,2,140.41000000000008,2opt,notBad
8808,2,144.91,2,140.41000000000008,move,improve
8809,2,144.91,2,140.41000000000008,move,improve
8810,2,144.91,2,140.41000000000008,swap,notBad
8811,2,144.91,2,140.41000000000008,2opt,notBad
8812,2,144.91,2,140.41000000000008,2opt,notBad
8813,2,144.91,2,140.41000000000008,2opt,notBad
8814,2,144.91,2,140.41000000000008,2opt,notBad
8815,2,144.91,2,140.41000000000008,swap,notBad
8816,2,144.91,2,140.41000000000008,2opt,notBad
8817,2,144.91,2,140.41000000000008,swap,notBad
8818,2,144.91,2,140.41000000000008,move,improve
8819,2,144.91,2,140.41000000000008,2opt,notBad
8820,2,144.91,2,140.41000000000008,swap,notBad
8821,2,144.91,2,140.41000000000008,swap,notBad
8822,2,144.91,2,140.41000000000008,move,improve
8823,2,144.91,2,140.41000000000008,2opt,notBad
8824,2,144.91,2,140.41000000000008,2opt,notBad
8825,2,144.91,2,140.41000000000008,2opt,notBad
8826,2,144.91,2,140.41000000000008,swap,notBad
8827,2,144.91,2,140.41000000000008,swap,notBad
8828,2,144.91,2,140.41000000000008,swap,notBad
8829,2,144.91,2,140.41000000000008,2opt,notBad
8830,2,144.91,2,140.41000000000008,swap,notBad
8831,2,144.91,2,140.41000000000008,swap,notBad
8832,2,144.91,2,140.41000000000008,move,improve
8833,2,144.91,2,140.41000000000008,swap,notBad
8834,2,144.91,2,140.41000000000008,swap,notBad
8835,2,144.91,2,140.41000000000008,swap,notBad
8836,2,144.91,2,140.41000000000008,2opt,improve
8837,2,144.91,2,140.41000000000008,2opt,notBad
8838,2,144.91,2,140.41000000000008,2opt,notBad
8839,2,144.91,2,140.41000000000008,2opt,notBad
8840,2,144.91,2,140.41000000000008,swap,notBad
8841,2,144.91,2,140.41000000000008,swap,notBad
8842,2,144.91,2,140.41000000000008,swap,notBad
8843,2,144.91,2,140.41000000000008,2opt,improve
8844,2,144.91,2,140.41000000000008,move,improve
8845,2,144.91,2,140.41000000000008,2opt,notBad
8846,2,144.91,2,140.41000000000008,move,improve
8847,2,144.91,2,140.41000000000008,2opt,notBad
8848,2,144.91,2,140.41000000000008,swap,notBad
8849,2,144.91,2,140.41000000000008,2opt,notBad
8850,2,144.91,2,140.41000000000008,move,improve
8851,2,144.91,2,140.41000000000008,2opt,notBad
8852,2,144.91,2,140.41000000000008,move,improve
8853,2,144.91,2,140.41000000000008,2opt,notBad
8854,2,144.91,2,140.41000000000008,move,improve
8855,2,144.91,2,140.41000000000008,swap,notBad
8856,2,144.91,2,140.41000000000008,2opt,notBad
8857,2,144.91,2,140.41000000000008,2opt,notBad
8858,2,144.91,2,140.41000000000008,move,improve
8859,2,144.91,2,140.41000000000008,move,improve
8860,2,144.91,2,140.41000000000008,move,improve
8861,2,144.91,2,140.41000000000008,move,improve
8862,2,144.91,2,140.41000000000008,swap,notBad
8863,2,144.91,2,140.41000000000008,move,improve
8864,2,144.91,2,140.41000000000008,move,improve
8865,2,144.91,2,140.41000000000008,move,improve
8866,2,144.91,2,140.41000000000008,2opt,notBad
8867,2,144.91,2,140.41000000000008,swap,notBad
8868,2,144.91,2,140.41000000000008,swap,notBad
8869,2,144.91,2,140.41000000000008,swap,notBad
8870,2,144.91,2,140.41000000000008,move,improve
8871,2,144.91,2,140.41000000000008,2opt,notBad
8872,2,144.91,2,140.41000000000008,swap,notBad
8873,2,144.91,2,140.41000000000008,2opt,notBad
8874,2,144.91,2,140.41000000000008,2opt,notBad
8875,2,144.91,2,140.41000000000008,move,improve
8876,2,144.91,2,140.41000000000008,move,improve
8877,2,144.91,2,140.41000000000008,2opt,notBad
8878,2,144.91,2,140.41000000000008,2opt,notBad
8879,2,144.91,2,140.41000000000008,move,improve
8880,2,144.91,2,140.41000000000008,2opt,notBad
8881,2,144.91,2,140.41000000000008,move,improve
8882,2,145.14999999999998,2,140.41000000000008,swap,acceptBad
8883,2,145.14999999999998,2,140.41000000000008,move,improve
8884,2,145.14999999999998,2,140.41000000000008,2opt,notBad
8885,2,145.14999999999998,2,140.41000000000008,swap,notBad
8886,2,145.14999999999998,2,140.41000000000008,move,improve
8887,2,145.14999999999998,2,140.41000000000008,move,improve
8888,2,145.14999999999998,2,140.41000000000008,move,improve
8889,2,145.14999999999998,2,140.41000000000008,swap,notBad
8890,2,145.14999999999998,2,140.41000000000008,move,improve
8891,2,145.14999999999998,2,140.41000000000008,2opt,notBad
8892,2,145.14999999999998,2,140.41000000000008,move,improve
8893,2,145.14999999999998,2,140.41000000000008,swap,notBad
8894,2,145.14999999999998,2,140.41000000000008,move,notBad
8895,2,145.14999999999998,2,140.41000000000008,swap,notBad
8896,2,145.14999999999998,2,140.41000000000008,move,improve
8897,2,145.14999999999998,2,140.41000000000008,swap,notBad
8898,2,145.14999999999998,2,140.41000000000008,2opt,notBad
8899,2,145.14999999999998,2,140.41000000000008,move,improve
8900,2,145.14999999999998,2,140.41000000000008,move,improve
8901,2,145.14999999999998,2,140.41000000000008,2opt,notBad
8902,2,145.14999999999998,2,140.41000000000008,2opt,notBad
8903,2,145.14999999999998,2,140.41000000000008,2opt,notBad
8904,2,145.14999999999998,2,140.41000000000008,move,improve
8905,2,145.14999999999998,2,140.41000000000008,swap,notBad
8906,2,145.14999999999998,2,140.41000000000008,2opt,notBad
8907,2,145.14999999999998,2,140.41000000000008,2opt,notBad
8908,2,145.14999999999998,2,140.41000000000008,2opt,notBad
8909,2,145.14999999999998,2,140.41000000000008,move,improve
8910,2,145.14999999999998,2,140.41000000000008,2opt,improve
8911,2,145.14999999999998,2,140.41000000000008,2opt,notBad
8912,2,145.14999999999998,2,140.41000000000008,swap,notBad
8913,2,145.14999999999998,2,140.41000000000008,swap,notBad
8914,2,144.91,2,140.41000000000008,move,improve
8915,2,144.91,2,140.41000000000008,move,improve
8916,2,144.91,2,140.41000000000008,2opt,notBad
8917,2,144.91,2,140.41000000000008,move,improve
8918,2,144.91,2,140.41000000000008,2opt,notBad
8919,2,144.91,2,140.41000000000008,move,improve
8920,2,144.91,2,140.41000000000008,move,improve
8921,2,144.91,2,140.41000000000008,swap,notBad
8922,2,144.91,2,140.41000000000008,move,improve
8923,2,144.91,2,140.41000000000008,move,improve
8924,2,144.91,2,140.41000000000008,2opt,notBad
8925,2,144.91,2,140.41000000000008,swap,notBad
8926,2,144.91,2,140.41000000000008,2opt,notBad
8927,2,144.91,2,140.41000000000008,2opt,notBad
8928,2,144.91,2,140.41000000000008,move,improve
8929,2,144.91,2,140.41000000000008,move,notBad
8930,2,144.91,2,140.41000000000008,swap,notBad
8931,2,144.91,2,140.41000000000008,swap,notBad
8932,2,144.91,2,140.41000000000008,2opt,notBad
8933,2,144.91,2,140.41000000000008,move,improve
8934,2,144.91,2,140.41000000000008,move,improve
8935,2,144.91,2,140.41000000000008,2opt,notBad
8936,2,144.91,2,140.41000000000008,move,improve
8937,2,144.91,2,140.41000000000008,2opt,notBad
8938,2,144.91,2,140.41000000000008,swap,notBad
8939,2,144.91,2,140.41000000000008,2opt,notBad
8940,2,144.91,2,140.41000000000008,swap,notBad
8941,2,144.91,2,140.41000000000008,move,improve
8942,2,144.91,2,140.41000000000008,2opt,improve
8943,2,144.91,2,140.41000000000008,2opt,notBad
8944,2,144.91,2,140.41000000000008,swap,notBad
8945,2,144.91,2,140.41000000000008,2opt,notBad
8946,2,144.91,2,140.41000000000008,move,improve
8947,2,144.91,2,140.41000000000008,swap,notBad
8948,2,144.91,2,140.41000000000008,swap,notBad
8949,2,144.91,2,140.41000000000008,move,improve
8950,2,144.91,2,140.41000000000008,2opt,notBad
8951,2,144.91,2,140.41000000000008,2opt,notBad
8952,2,144.91,2,140.41000000000008,swap,notBad
8953,2,144.91,2,140.41000000000008,move,improve
8954,2,144.91,2,140.41000000000008,move,improve
8955,2,144.91,2,140.41000000000008,2opt,notBad
8956,2,144.91,2,140.41000000000008,2opt,notBad
8957,2,144.91,2,140.41000000000008,move,improve
8958,2,144.91,2,140.41000000000008,2opt,notBad
8959,2,144.91,2,140.41000000000008,swap,notBad
8960,2,144.91,2,140.41000000000008,2opt,notBad
8961,2,144.91,2,140.41000000000008,swap,notBad
8962,2,144.91,2,140.41000000000008,2opt,notBad
8963,2,144.91,2,140.41000000000008,swap,notBad
8964,2,144.91,2,140.41000000000008,swap,notBad
8965,2,144.91,2,140.41000000000008,move,improve
8966,2,144.91,2,140.41000000000008,swap,notBad
8967,2,144.91,2,140.41000000000008,move,improve
8968,2,144.91,2,140.41000000000008,move,improve
8969,2,144.91,2,140.41000000000008,2opt,notBad
8970,2,144.91,2,140.41000000000008,2opt,notBad
8971,2,144.91,2,140.41000000000008,move,improve
8972,2,144.91,2,140.41000000000008,swap,notBad
8973,2,144.91,2,140.41000000000008,swap,notBad
8974,2,144.91,2,140.41000000000008,2opt,improve
8975,2,144.91,2,140.41000000000008,swap,notBad
8976,2,144.91,2,140.41000000000008,swap,notBad
8977,2,144.91,2,140.41000000000008,swap,notBad
8978,2,144.91,2,140.41000000000008,2opt,improve
8979,2,145.63000000000005,2,140.41000000000008,move,acceptBad
8980,2,145.63000000000005,2,140.41000000000008,2opt,notBad
8981,2,145.63000000000005,2,140.41000000000008,swap,notBad
8982,2,145.63000000000005,2,140.41000000000008,2opt,notBad
8983,2,145.63000000000005,2,140.41000000000008,2opt,notBad
8984,2,145.63000000000005,2,140.41000000000008,2opt,notBad
8985,2,145.63000000000005,2,140.41000000000008,swap,notBad
8986,2,145.63000000000005,2,140.41000000000008,2opt,improve
8987,2,145.63000000000005,2,140.41000000000008,swap,notBad
8988,2,145.63000000000005,2,140.41000000000008,swap,notBad
8989,2,145.63000000000005,2,140.41000000000008,2opt,notBad
8990,2,145.63000000000005,2,140.41000000000008,move,improve
8991,2,145.63000000000005,2,140.41000000000008,swap,notBad
8992,2,145.63000000000005,2,140.41000000000008,move,improve
8993,2,144.91,2,140.41000000000008,move,improve
8994,2,144.91,2,140.41000000000008,move,improve
8995,2,144.91,2,140.41000000000008,2opt,notBad
8996,2,144.91,2,140.41000000000008,move,improve
8997,2,144.91,2,140.41000000000008,2opt,notBad
8998,2,144.91,2,140.41000000000008,move,improve
8999,2,144.91,2,140.41000000000008,2opt,notBad
9000,2,144.91,2,140.41000000000008,2opt,notBad
9001,2,144.91,2,140.41000000000008,2opt,notBad
9002,2,144.91,2,140.41000000000008,2opt,notBad
9003,2,144.91,2,140.41000000000008,swap,notBad
9004,2,144.91,2,140.41000000000008,2opt,notBad
9005,2,144.91,2,140.41000000000008,2opt,notBad
9006,2,144.91,2,140.41000000000008,move,improve
9007,2,144.91,2,140.41000000000008,move,improve
9008,2,144.91,2,140.41000000000008,2opt,notBad
9009,2,144.91,2,140.41000000000008,move,improve
9010,2,144.91,2,140.41000000000008,swap,notBad
9011,2,144.91,2,140.41000000000008,move,improve
9012,2,144.91,2,140.41000000000008,move,improve
9013,2,144.91,2,140.41000000000008,move,improve
9014,2,144.91,2,140.41000000000008,2opt,notBad
9015,2,144.91,2,140.41000000000008,2opt,notBad
9016,2,144.91,2,140.41000000000008,2opt,notBad
9017,2,144.91,2,140.41000000000008,move,improve
9018,2,144.91,2,140.41000000000008,move,improve
9019,2,144.91,2,140.41000000000008,move,improve
9020,2,144.91,2,140.41000000000008,2opt,notBad
9021,2,144.91,2,140.41000000000008,swap,notBad
9022,2,144.91,2,140.41000000000008,move,improve
9023,2,144.91,2,140.41000000000008,move,improve
9024,2,144.91,2,140.41000000000008,move,improve
9025,2,144.91,2,140.41000000000008,move,improve
9026,2,144.91,2,140.41000000000008,move,improve
9027,2,144.91,2,140.41000000000008,2opt,notBad
9028,2,144.91,2,140.41000000000008,swap,notBad
9029,2,144.91,2,140.41000000000008,move,improve
9030,2,144.91,2,140.41000000000008,swap,notBad
9031,2,144.91,2,140.41000000000008,move,improve
9032,2,144.91,2,140.41000000000008,move,improve
9033,2,144.91,2,140.41000000000008,swap,notBad
9034,2,144.91,2,140.41000000000008,move,improve
9035,2,144.91,2,140.41000000000008,move,improve
9036,2,144.91,2,140.41000000000008,2opt,notBad
9037,2,144.91,2,140.41000000000008,2opt,notBad
9038,2,144.91,2,140.41000000000008,swap,notBad
9039,2,144.91,2,140.41000000000008,swap,notBad
9040,2,144.91,2,140.41000000000008,swap,notBad
9041,2,144.91,2,140.41000000000008,2opt,improve
9042,2,144.91,2,140.41000000000008,swap,notBad
9043,2,144.91,2,140.41000000000008,swap,notBad
9044,2,144.91,2,140.41000000000008,move,improve
9045,2,144.91,2,140.41000000000008,move,improve
9046,2,144.91,2,140.41000000000008,swap,notBad
9047,2,144.91,2,140.41000000000008,2opt,notBad
9048,2,144.91,2,140.41000000000008,2opt,notBad
9049,2,144.91,2,140.41000000000008,move,improve
9050,2,144.91,2,140.41000000000008,move,improve
9051,2,144.91,2,140.41000000000008,2opt,improve
9052,2,144.91,2,140.41000000000008,move,improve
9053,2,144.91,2,140.41000000000008,move,improve
9054,2,144.91,2,140.41000000000008,move,improve
9055,2,144.91,2,140.41000000000008,swap,notBad
9056,2,144.91,2,140.41000000000008,swap,notBad
9057,2,144.91,2,140.41000000000008,move,improve
9058,2,144.91,2,140.41000000000008,swap,notBad
9059,2,144.91,2,140.41000000000008,2opt,notBad
9060,2,144.91,2,140.41000000000008,move,improve
9061,2,144.91,2,140.41000000000008,move,improve
9062,2,144.91,2,140.41000000000008,2opt,notBad
9063,2,144.91,2,140.41000000000008,2opt,notBad
9064,2,144.91,2,140.41000000000008,2opt,notBad
9065,2,144.91,2,140.41000000000008,swap,notBad
9066,2,144.91,2,140.41000000000008,swap,notBad
9067,2,144.91,2,140.41000000000008,swap,notBad
9068,2,144.91,2,140.41000000000008,swap,notBad
9069,2,144.91,2,140.41000000000008,2opt,notBad
9070,2,144.91,2,140.41000000000008,move,improve
9071,2,144.91,2,140.41000000000008,move,improve
9072,2,144.91,2,140.41000000000008,move,improve
9073,2,144.91,2,140.41000000000008,2opt,notBad
9074,2,144.91,2,140.41000000000008,swap,notBad
9075,2,144.91,2,140.41000000000008,move,improve
9076,2,144.91,2,140.41000000000008,move,improve
9077,2,144.91,2,140.41000000000008,swap,notBad
9078,2,144.91,2,140.41000000000008,move,improve
9079,2,144.91,2,140.41000000000008,2opt,notBad
9080,2,144.91,2,140.41000000000008,2opt,notBad
9081,2,144.91,2,140.41000000000008,swap,notBad
9082,2,144.91,2,140.41000000000008,2opt,notBad
9083,2,144.91,2,140.41000000000008,move,improve
9084,2,144.91,2,140.41000000000008,2opt,notBad
9085,2,144.91,2,140.41000000000008,swap,notBad
9086,2,144.91,2,140.41000000000008,swap,notBad
9087,2,144.91,2,140.41000000000008,move,improve
9088,2,144.91,2,140.41000000000008,2opt,notBad
9089,2,144.91,2,140.41000000000008,2opt,notBad
9090,2,144.91,2,140.41000000000008,move,improve
9091,2,144.91,2,140.41000000000008,swap,notBad
9092,2,144.91,2,140.41000000000008,2opt,notBad
9093,2,144.91,2,140.41000000000008,2opt,notBad
9094,2,144.91,2,140.41000000000008,2opt,notBad
9095,2,144.91,2,140.41000000000008,move,improve
9096,2,144.91,2,140.41000000000008,swap,notBad
9097,2,144.91,2,140.41000000000008,2opt,notBad
9098,2,144.91,2,140.41000000000008,move,improve
9099,2,144.91,2,140.41000000000008,move,improve
9100,2,144.91,2,140.41000000000008,move,notBad
9101,2,144.91,2,140.41000000000008,2opt,notBad
9102,2,144.91,2,140.41000000000008,move,improve
9103,2,144.91,2,140.41000000000008,swap,notBad
9104,2,144.91,2,140.41000000000008,move,improve
9105,2,144.91,2,140.41000000000008,swap,notBad
9106,2,144.91,2,140.41000000000008,2opt,improve
9107,2,144.91,2,140.41000000000008,2opt,improve
9108,2,144.91,2,140.41000000000008,swap,notBad
9109,2,144.91,2,140.41000000000008,move,improve
9110,2,144.91,2,140.41000000000008,swap,notBad
9111,2,144.91,2,140.41000000000008,move,improve
9112,2,144.91,2,140.41000000000008,swap,notBad
9113,2,144.91,2,140.41000000000008,swap,notBad
9114,2,144.91,2,140.41000000000008,swap,notBad
9115,2,144.91,2,140.41000000000008,swap,notBad
9116,2,144.91,2,140.41000000000008,move,improve
9117,2,144.91,2,140.41000000000008,swap,notBad
9118,2,144.91,2,140.41000000000008,2opt,notBad
9119,2,144.91,2,140.41000000000008,2opt,notBad
9120,2,144.91,2,140.41000000000008,2opt,notBad
9121,2,144.91,2,140.41000000000008,move,improve
9122,2,144.91,2,140.41000000000008,swap,notBad
9123,2,144.91,2,140.41000000000008,move,improve
9124,2,144.91,2,140.41000000000008,move,improve
9125,2,144.91,2,140.41000000000008,2opt,notBad
9126,2,144.91,2,140.41000000000008,move,improve
9127,2,144.91,2,140.41000000000008,2opt,improve
9128,2,144.91,2,140.41000000000008,2opt,notBad
9129,2,144.91,2,140.41000000000008,2opt,notBad
9130,2,144.91,2,140.41000000000008,2opt,notBad
9131,2,144.91,2,140.41000000000008,2opt,notBad
9132,2,144.91,2,140.41000000000008,2opt,notBad
9133,2,144.91,2,140.41000000000008,move,improve
9134,2,144.91,2,140.41000000000008,swap,notBad
9135,2,144.91,2,140.41000000000008,swap,notBad
9136,2,144.91,2,140.41000000000008,2opt,notBad
9137,2,144.91,2,140.41000000000008,swap,notBad
9138,2,144.91,2,140.41000000000008,move,improve
9139,2,144.91,2,140.41000000000008,2opt,notBad
9140,2,144.91,2,140.41000000000008,2opt,notBad
9141,2,144.91,2,140.41000000000008,move,improve
9142,2,144.91,2,140.41000000000008,swap,notBad
9143,2,144.91,2,140.41000000000008,move,improve
9144,2,144.91,2,140.41000000000008,swap,notBad
9145,2,144.91,2,140.41000000000008,swap,notBad
9146,2,144.91,2,140.41000000000008,2opt,notBad
9147,2,144.91,2,140.41000000000008,swap,notBad
9148,2,144.91,2,140.41000000000008,2opt,notBad
9149,2,144.91,2,140.41000000000008,move,improve
9150,2,144.91,2,140.41000000000008,swap,notBad
9151,2,144.91,2,140.41000000000008,move,improve
9152,2,144.91,2,140.41000000000008,2opt,notBad
9153,2,144.91,2,140.41000000000008,2opt,notBad
9154,2,144.91,2,140.41000000000008,swap,notBad
9155,2,144.91,2,140.41000000000008,swap,notBad
9156,2,144.91,2,140.41000000000008,2opt,notBad
9157,2,144.91,2,140.41000000000008,2opt,notBad
9158,2,144.91,2,140.41000000000008,move,improve
9159,2,144.91,2,140.41000000000008,swap,notBad
9160,2,144.91,2,140.41000000000008,swap,notBad
9161,2,144.91,2,140.41000000000008,2opt,notBad
9162,2,144.91,2,140.41000000000008,2opt,notBad
9163,2,144.91,2,140.41000000000008,swap,notBad
9164,2,144.91,2,140.41000000000008,move,improve
9165,2,144.91,2,140.41000000000008,swap,notBad
9166,2,144.91,2,140.41000000000008,swap,notBad
9167,2,144.91,2,140.41000000000008,move,improve
9168,2,144.91,2,140.41000000000008,move,improve
9169,2,144.91,2,140.41000000000008,move,improve
9170,2,144.91,2,140.41000000000008,swap,notBad
9171,2,144.91,2,140.41000000000008,swap,notBad
9172,2,144.91,2,140.41000000000008,swap,notBad
9173,2,144.91,2,140.41000000000008,2opt,notBad
9174,2,144.91,2,140.41000000000008,move,improve
9175,2,144.91,2,140.41000000000008,swap,notBad
9176,2,144.91,2,140.41000000000008,move,improve
9177,2,144.91,2,140.41000000000008,swap,notBad
9178,2,144.91,2,140.41000000000008,swap,notBad
9179,2,144.91,2,140.41000000000008,swap,notBad
9180,2,144.91,2,140.41000000000008,swap,notBad
9181,2,144.91,2,140.41000000000008,move,improve
9182,2,144.91,2,140.41000000000008,swap,notBad
9183,2,144.91,2,140.41000000000008,2opt,notBad
9184,2,144.91,2,140.41000000000008,2opt,notBad
9185,2,144.91,2,140.41000000000008,swap,notBad
9186,2,144.91,2,140.41000000000008,2opt,notBad
9187,2,144.91,2,140.41000000000008,swap,notBad
9188,2,144.91,2,140.41000000000008,move,improve
9189,2,144.91,2,140.41000000000008,swap,notBad
9190,2,144.91,2,140.41000000000008,move,improve
9191,2,144.91,2,140.41000000000008,2opt,notBad
9192,2,144.91,2,140.41000000000008,swap,notBad
9193,2,144.91,2,140.41000000000008,swap,notBad
9194,2,144.91,2,140.41000000000008,swap,notBad
9195,2,144.91,2,140.41000000000008,2opt,improve
9196,2,144.91,2,140.41000000000008,2opt,notBad
9197,2,144.91,2,140.41000000000008,2opt,notBad
9198,2,145.14999999999998,2,140.41000000000008,swap,acceptBad
9199,2,145.14999999999998,2,140.41000000000008,swap,notBad
9200,2,145.14999999999998,2,140.41000000000008,2opt,notBad
9201,2,145.14999999999998,2,140.41000000000008,swap,notBad
9202,2,145.14999999999998,2,140.41000000000008,move,improve
9203,2,145.14999999999998,2,140.41000000000008,swap,notBad
9204,2,145.14999999999998,2,140.41000000000008,2opt,notBad
9205,2,145.14999999999998,2,140.41000000000008,move,improve
9206,2,145.14999999999998,2,140.41000000000008,move,improve
9207,2,145.14999999999998,2,140.41000000000008,move,improve
9208,2,145.14999999999998,2,140.41000000000008,2opt,notBad
9209,2,145.14999999999998,2,140.41000000000008,move,improve
9210,2,145.14999999999998,2,140.41000000000008,move,improve
9211,2,145.87000000000003,2,140.41000000000008,move,acceptBad
9212,2,145.87000000000003,2,140.41000000000008,2opt,notBad
9213,2,145.87000000000003,2,140.41000000000008,2opt,notBad
9214,2,145.87000000000003,2,140.41000000000008,swap,notBad
9215,2,145.87000000000003,2,140.41000000000008,2opt,notBad
9216,2,145.87000000000003,2,140.41000000000008,move,improve
9217,2,145.87000000000003,2,140.41000000000008,swap,notBad
9218,2,145.87000000000003,2,140.41000000000008,2opt,notBad
9219,2,145.87000000000003,2,140.41000000000008,swap,notBad
9220,2,145.87000000000003,2,140.41000000000008,2opt,improve
9221,2,145.87000000000003,2,140.41000000000008,swap,notBad
9222,2,145.87000000000003,2,140.41000000000008,move,improve
9223,2,145.87000000000003,2,140.41000000000008,move,improve
9224,2,145.87000000000003,2,140.41000000000008,2opt,notBad
9225,2,145.87000000000003,2,140.41000000000008,2opt,notBad
9226,2,145.87000000000003,2,140.41000000000008,swap,notBad
9227,2,145.87000000000003,2,140.41000000000008,swap,notBad
9228,2,145.87000000000003,2,140.41000000000008,2opt,notBad
9229,2,145.87000000000003,2,140.41000000000008,swap,notBad
9230,2,145.87000000000003,2,140.41000000000008,2opt,notBad
9231,2,145.87000000000003,2,140.41000000000008,move,improve
9232,2,145.87000000000003,2,140.41000000000008,move,improve
9233,2,145.63000000000005,2,140.41000000000008,move,improve
9234,2,145.63000000000005,2,140.41000000000008,move,improve
9235,2,145.63000000000005,2,140.41000000000008,2opt,notBad
9236,2,145.63000000000005,2,140.41000000000008,swap,notBad
9237,2,145.63000000000005,2,140.41000000000008,2opt,notBad
9238,2,145.63000000000005,2,140.41000000000008,move,improve
9239,2,145.63000000000005,2,140.41000000000008,swap,notBad
9240,2,145.63000000000005,2,140.41000000000008,2opt,notBad
9241,2,145.63000000000005,2,140.41000000000008,2opt,notBad
9242,2,145.63000000000005,2,140.41000000000008,2opt,notBad
9243,2,145.63000000000005,2,140.41000000000008,2opt,notBad
9244,2,145.63000000000005,2,140.41000000000008,move,improve
9245,2,145.63000000000005,2,140.41000000000008,swap,notBad
9246,2,145.63000000000005,2,140.41000000000008,2opt,notBad
9247,2,145.63000000000005,2,140.41000000000008,swap,notBad
9248,2,145.63000000000005,2,140.41000000000008,2opt,notBad
9249,2,145.63000000000005,2,140.41000000000008,2opt,notBad
9250,2,145.63000000000005,2,140.41000000000008,move,improve
9251,2,145.63000000000005,2,140.41000000000008,swap,notBad
9252,2,145.63000000000005,2,140.41000000000008,move,improve
9253,2,145.63000000000005,2,140.41000000000008,2opt,notBad
9254,2,145.63000000000005,2,140.41000000000008,swap,notBad
9255,2,145.63000000000005,2,140.41000000000008,2opt,notBad
9256,2,145.63000000000005,2,140.41000000000008,2opt,notBad
9257,2,145.63000000000005,2,140.41000000000008,2opt,notBad
9258,2,145.63000000000005,2,140.41000000000008,2opt,notBad
9259,2,145.63000000000005,2,140.41000000000008,move,improve
9260,2,145.63000000000005,2,140.41000000000008,move,improve
9261,2,145.63000000000005,2,140.41000000000008,move,improve
9262,2,145.63000000000005,2,140.41000000000008,2opt,notBad
9263,2,145.63000000000005,2,140.41000000000008,2opt,notBad
9264,2,145.63000000000005,2,140.41000000000008,2opt,improve
9265,2,145.63000000000005,2,140.41000000000008,2opt,notBad
9266,2,145.63000000000005,2,140.41000000000008,2opt,notBad
9267,2,145.63000000000005,2,140.41000000000008,move,improve
9268,2,145.63000000000005,2,140.41000000000008,2opt,notBad
9269,2,145.63000000000005,2,140.41000000000008,swap,notBad
9270,2,145.63000000000005,2,140.41000000000008,move,improve
9271,2,145.63000000000005,2,140.41000000000008,move,improve
9272,2,145.63000000000005,2,140.41000000000008,2opt,notBad
9273,2,145.63000000000005,2,140.41000000000008,2opt,notBad
9274,2,145.63000000000005,2,140.41000000000008,2opt,improve
9275,2,145.63000000000005,2,140.41000000000008,2opt,notBad
9276,2,145.63000000000005,2,140.41000000000008,swap,notBad
9277,2,145.63000000000005,2,140.41000000000008,2opt,notBad
9278,2,145.63000000000005,2,140.41000000000008,swap,notBad
9279,2,145.63000000000005,2,140.41000000000008,move,improve
9280,2,145.63000000000005,2,140.41000000000008,2opt,notBad
9281,2,145.63000000000005,2,140.41000000000008,swap,notBad
9282,2,145.87000000000003,2,140.41000000000008,swap,acceptBad
9283,2,145.87000000000003,2,140.41000000000008,move,improve
9284,2,145.87000000000003,2,140.41000000000008,2opt,notBad
9285,2,145.87000000000003,2,140.41000000000008,swap,notBad
9286,2,145.87000000000003,2,140.41000000000008,swap,notBad
9287,2,145.87000000000003,2,140.41000000000008,2opt,notBad
9288,2,145.87000000000003,2,140.41000000000008,2opt,notBad
9289,2,145.87000000000003,2,140.41000000000008,move,improve
9290,2,145.87000000000003,2,140.41000000000008,2opt,notBad
9291,2,145.87000000000003,2,140.41000000000008,swap,notBad
9292,2,145.63000000000005,2,140.41000000000008,move,improve
9293,2,145.63000000000005,2,140.41000000000008,2opt,notBad
9294,2,145.63000000000005,2,140.41000000000008,2opt,notBad
9295,2,145.63000000000005,2,140.41000000000008,swap,notBad
9296,2,145.63000000000005,2,140.41000000000008,2opt,notBad
9297,2,145.63000000000005,2,140.41000000000008,swap,notBad
9298,2,145.63000000000005,2,140.41000000000008,swap,notBad
9299,2,144.91,2,140.41000000000008,swap,improve
9300,2,144.91,2,140.41000000000008,2opt,notBad
9301,2,144.91,2,140.41000000000008,swap,notBad
9302,2,144.91,2,140.41000000000008,swap,notBad
9303,2,144.91,2,140.41000000000008,2opt,notBad
9304,2,144.91,2,140.41000000000008,2opt,notBad
9305,2,144.91,2,140.41000000000008,move,improve
9306,2,144.91,2,140.41000000000008,move,improve
9307,2,144.91,2,140.41000000000008,move,improve
9308,2,144.91,2,140.41000000000008,2opt,notBad
9309,2,144.91,2,140.41000000000008,2opt,notBad
9310,2,144.91,2,140.41000000000008,swap,notBad
9311,2,144.91,2,140.41000000000008,move,improve
9312,2,144.91,2,140.41000000000008,move,improve
9313,2,144.91,2,140.41000000000008,move,improve
9314,2,144.91,2,140.41000000000008,2opt,improve
9315,2,144.91,2,140.41000000000008,move,improve
9316,2,144.91,2,140.41000000000008,move,improve
9317,2,144.91,2,140.41000000000008,move,improve
9318,2,144.91,2,140.41000000000008,2opt,notBad
9319,2,144.91,2,140.41000000000008,swap,notBad
9320,2,144.91,2,140.41000000000008,2opt,notBad
9321,2,144.91,2,140.41000000000008,swap,notBad
9322,2,144.91,2,140.41000000000008,2opt,notBad
9323,2,144.91,2,140.41000000000008,swap,notBad
9324,2,144.91,2,140.41000000000008,swap,notBad
9325,2,144.91,2,140.41000000000008,move,improve
9326,2,144.91,2,140.41000000000008,2opt,notBad
9327,2,144.91,2,140.41000000000008,2opt,improve
9328,2,144.91,2,140.41000000000008,2opt,notBad
9329,2,144.91,2,140.41000000000008,move,improve
9330,2,144.91,2,140.41000000000008,move,improve
9331,2,144.91,2,140.41000000000008,move,improve
9332,2,144.91,2,140.41000000000008,2opt,notBad
9333,2,144.91,2,140.41000000000008,swap,notBad
9334,2,144.91,2,140.41000000000008,move,improve
9335,2,144.91,2,140.41000000000008,swap,notBad
9336,2,144.91,2,140.41000000000008,move,improve
9337,2,144.91,2,140.41000000000008,move,improve
9338,2,144.91,2,140.41000000000008,2opt,notBad
9339,2,144.91,2,140.41000000000008,swap,notBad
9340,2,144.91,2,140.41000000000008,move,improve
9341,2,144.91,2,140.41000000000008,move,improve
9342,2,144.91,2,140.41000000000008,move,improve
9343,2,144.91,2,140.41000000000008,move,improve
9344,2,144.91,2,140.41000000000008,2opt,notBad
9345,2,144.91,2,140.41000000000008,move,improve
9346,2,144.91,2,140.41000000000008,2opt,notBad
9347,2,144.91,2,140.41000000000008,swap,notBad
9348,2,144.91,2,140.41000000000008,2opt,notBad
9349,2,144.91,2,140.41000000000008,2opt,notBad
9350,2,144.91,2,140.41000000000008,2opt,notBad
9351,2,144.91,2,140.41000000000008,move,improve
9352,2,144.91,2,140.41000000000008,swap,notBad
9353,2,144.91,2,140.41000000000008,swap,notBad
9354,2,144.91,2,140.41000000000008,swap,notBad
9355,2,144.91,2,140.41000000000008,2opt,improve
9356,2,144.91,2,140.41000000000008,move,improve
9357,2,144.91,2,140.41000000000008,2opt,notBad
9358,2,144.91,2,140.41000000000008,swap,notBad
9359,2,144.91,2,140.41000000000008,2opt,notBad
9360,2,144.91,2,140.41000000000008,move,improve
9361,2,144.91,2,140.41000000000008,move,improve
9362,2,144.91,2,140.41000000000008,2opt,notBad
9363,2,144.91,2,140.41000000000008,move,improve
9364,2,144.91,2,140.41000000000008,swap,notBad
9365,2,144.91,2,140.41000000000008,swap,notBad
9366,2,144.91,2,140.41000000000008,move,notBad
9367,2,144.91,2,140.41000000000008,move,improve
9368,2,144.91,2,140.41000000000008,move,improve
9369,2,144.91,2,140.41000000000008,2opt,notBad
9370,2,144.91,2,140.41000000000008,move,improve
9371,2,144.91,2,140.41000000000008,move,improve
9372,2,144.91,2,140.41000000000008,2opt,improve
9373,2,144.91,2,140.41000000000008,swap,notBad
9374,2,144.91,2,140.41000000000008,swap,notBad
9375,2,144.91,2,140.41000000000008,2opt,notBad
9376,2,144.91,2,140.41000000000008,swap,notBad
9377,2,144.91,2,140.41000000000008,swap,notBad
9378,2,144.91,2,140.41000000000008,2opt,notBad
9379,2,144.91,2,140.41000000000008,swap,notBad
9380,2,144.91,2,140.41000000000008,2opt,notBad
9381,2,144.91,2,140.41000000000008,swap,notBad
9382,2,144.91,2,140.41000000000008,2opt,notBad
9383,2,144.91,2,140.41000000000008,2opt,notBad
9384,2,144.91,2,140.41000000000008,2opt,notBad
9385,2,144.91,2,140.41000000000008,move,improve
9386,2,144.91,2,140.41000000000008,2opt,notBad
9387,2,144.91,2,140.41000000000008,move,improve
9388,2,144.91,2,140.41000000000008,2opt,improve
9389,2,144.91,2,140.41000000000008,2opt,notBad
9390,2,144.91,2,140.41000000000008,2opt,notBad
9391,2,144.91,2,140.41000000000008,2opt,notBad
9392,2,144.91,2,140.41000000000008,2opt,notBad
9393,2,144.91,2,140.41000000000008,2opt,improve
9394,2,144.91,2,140.41000000000008,2opt,notBad
9395,2,144.91,2,140.41000000000008,swap,notBad
9396,2,144.91,2,140.41000000000008,swap,notBad
9397,2,144.91,2,140.41000000000008,move,improve
9398,2,144.91,2,140.41000000000008,2opt,notBad
9399,2,144.91,2,140.41000000000008,swap,notBad
9400,2,144.91,2,140.41000000000008,swap,notBad
9401,2,144.91,2,140.41000000000008,move,improve
9402,2,144.91,2,140.41000000000008,2opt,notBad
9403,2,144.91,2,140.41000000000008,move,improve
9404,2,144.91,2,140.41000000000008,swap,notBad
9405,2,144.91,2,140.41000000000008,2opt,notBad
9406,2,144.91,2,140.41000000000008,2opt,notBad
9407,2,144.91,2,140.41000000000008,2opt,notBad
9408,2,144.91,2,140.41000000000008,move,improve
9409,2,144.91,2,140.41000000000008,2opt,improve
9410,2,144.91,2,140.41000000000008,swap,notBad
9411,2,144.91,2,140.41000000000008,move,improve
9412,2,144.91,2,140.41000000000008,2opt,notBad
9413,2,144.91,2,140.41000000000008,swap,notBad
9414,2,144.91,2,140.41000000000008,2opt,notBad
9415,2,144.91,2,140.41000000000008,swap,notBad
9416,2,144.91,2,140.41000000000008,move,improve
9417,2,144.91,2,140.41000000000008,2opt,notBad
9418,2,144.91,2,140.41000000000008,2opt,notBad
9419,2,144.91,2,140.41000000000008,swap,notBad
9420,2,144.91,2,140.41000000000008,2opt,notBad
9421,2,144.91,2,140.41000000000008,move,improve
9422,2,144.91,2,140.41000000000008,move,improve
9423,2,144.91,2,140.41000000000008,2opt,notBad
9424,2,144.91,2,140.41000000000008,swap,notBad
9425,2,144.91,2,140.41000000000008,swap,notBad
9426,2,144.91,2,140.41000000000008,2opt,notBad
9427,2,144.91,2,140.41000000000008,move,improve
9428,2,144.91,2,140.41000000000008,2opt,notBad
9429,2,144.91,2,140.41000000000008,2opt,notBad
9430,2,144.91,2,140.41000000000008,swap,notBad
9431,2,144.91,2,140.41000000000008,swap,notBad
9432,2,144.91,2,140.41000000000008,move,improve
9433,2,144.91,2,140.41000000000008,2opt,notBad
9434,2,144.91,2,140.41000000000008,swap,notBad
9435,2,144.91,2,140.41000000000008,2opt,notBad
9436,2,144.91,2,140.41000000000008,move,improve
9437,2,144.91,2,140.41000000000008,2opt,notBad
9438,2,144.91,2,140.41000000000008,2opt,notBad
9439,2,144.91,2,140.41000000000008,swap,notBad
9440,2,144.91,2,140.41000000000008,2opt,notBad
9441,2,144.91,2,140.41000000000008,2opt,notBad
9442,2,144.91,2,140.41000000000008,move,improve
9443,2,144.91,2,140.41000000000008,2opt,notBad
9444,2,144.91,2,140.41000000000008,move,improve
9445,2,144.91,2,140.41000000000008,2opt,notBad
9446,2,144.91,2,140.41000000000008,move,improve
9447,2,144.91,2,140.41000000000008,swap,notBad
9448,2,144.91,2,140.41000000000008,2opt,notBad
9449,2,144.91,2,140.41000000000008,move,improve
9450,2,144.91,2,140.41000000000008,swap,notBad
9451,2,144.91,2,140.41000000000008,2opt,notBad
9452,2,144.91,2,140.41000000000008,2opt,notBad
9453,2,144.91,2,140.41000000000008,2opt,notBad
9454,2,144.91,2,140.41000000000008,swap,notBad
9455,2,145.63000000000005,2,140.41000000000008,move,acceptBad
9456,2,145.63000000000005,2,140.41000000000008,swap,notBad
9457,2,145.63000000000005,2,140.41000000000008,2opt,notBad
9458,2,145.63000000000005,2,140.41000000000008,swap,notBad
9459,2,145.63000000000005,2,140.41000000000008,2opt,notBad
9460,2,145.63000000000005,2,140.41000000000008,2opt,notBad
9461,2,145.63000000000005,2,140.41000000000008,move,improve
9462,2,145.63000000000005,2,140.41000000000008,2opt,notBad
9463,2,145.63000000000005,2,140.41000000000008,swap,notBad
9464,2,145.63000000000005,2,140.41000000000008,move,improve
9465,2,145.63000000000005,2,140.41000000000008,move,improve
9466,2,145.63000000000005,2,140.41000000000008,swap,notBad
9467,2,145.63000000000005,2,140.41000000000008,move,improve
9468,2,145.63000000000005,2,140.41000000000008,move,improve
9469,2,145.63000000000005,2,140.41000000000008,2opt,notBad
9470,2,145.63000000000005,2,140.41000000000008,swap,notBad
9471,2,145.63000000000005,2,140.41000000000008,move,improve
9472,2,145.63000000000005,2,140.41000000000008,move,improve
9473,2,145.63000000000005,2,140.41000000000008,swap,notBad
9474,2,145.63000000000005,2,140.41000000000008,2opt,notBad
9475,2,145.63000000000005,2,140.41000000000008,swap,notBad
9476,2,144.91,2,140.41000000000008,swap,improve
9477,2,144.91,2,140.41000000000008,move,improve
9478,2,144.91,2,140.41000000000008,swap,notBad
9479,2,144.91,2,140.41000000000008,2opt,notBad
9480,2,144.91,2,140.41000000000008,2opt,improve
9481,2,144.91,2,140.41000000000008,2opt,notBad
9482,2,144.91,2,140.41000000000008,swap,notBad
9483,2,144.91,2,140.41000000000008,2opt,notBad
9484,2,144.91,2,140.41000000000008,swap,notBad
9485,2,144.91,2,140.41000000000008,2opt,notBad
9486,2,144.91,2,140.41000000000008,move,improve
9487,2,144.91,2,140.41000000000008,move,improve
9488,2,144.91,2,140.41000000000008,move,improve
9489,2,144.91,2,140.41000000000008,swap,notBad
9490,2,144.91,2,140.41000000000008,2opt,notBad
9491,2,144.91,2,140.41000000000008,move,improve
9492,2,144.91,2,140.41000000000008,2opt,notBad
9493,2,144.91,2,140.41000000000008,2opt,notBad
9494,2,144.91,2,140.41000000000008,2opt,notBad
9495,2,144.91,2,140.41000000000008,move,improve
9496,2,144.91,2,140.41000000000008,move,improve
9497,2,144.91,2,140.41000000000008,2opt,notBad
9498,2,144.91,2,140.41000000000008,2opt,notBad
9499,2,144.91,2,140.41000000000008,move,improve
9500,2,144.91,2,140.41000000000008,swap,notBad
9501,2,144.91,2,140.41000000000008,swap,notBad
9502,2,144.91,2,140.41000000000008,move,improve
9503,2,144.91,2,140.41000000000008,2opt,notBad
9504,2,144.91,2,140.41000000000008,2opt,notBad
9505,2,144.91,2,140.41000000000008,2opt,notBad
9506,2,144.91,2,140.41000000000008,move,improve
9507,2,144.91,2,140.41000000000008,swap,notBad
9508,2,144.91,2,140.41000000000008,swap,notBad
9509,2,144.91,2,140.41000000000008,swap,notBad
9510,2,144.91,2,140.41000000000008,move,improve
9511,2,144.91,2,140.41000000000008,move,improve
9512,2,144.91,2,140.41000000000008,swap,notBad
9513,2,144.91,2,140.41000000000008,swap,notBad
9514,2,144.91,2,140.41000000000008,swap,notBad
9515,2,144.91,2,140.41000000000008,move,improve
9516,2,144.91,2,140.41000000000008,2opt,notBad
9517,2,144.91,2,140.41000000000008,2opt,notBad
9518,2,144.91,2,140.41000000000008,2opt,notBad
9519,2,144.91,2,140.41000000000008,swap,notBad
9520,2,144.91,2,140.41000000000008,move,improve
9521,2,144.91,2,140.41000000000008,swap,notBad
9522,2,144.91,2,140.41000000000008,move,improve
9523,2,144.91,2,140.41000000000008,move,improve
9524,2,144.91,2,140.41000000000008,move,improve
9525,2,144.91,2,140.41000000000008,2opt,notBad
9526,2,144.91,2,140.41000000000008,2opt,notBad
9527,2,144.91,2,140.41000000000008,move,improve
9528,2,144.91,2,140.41000000000008,2opt,notBad
9529,2,144.91,2,140.41000000000008,swap,notBad
9530,2,144.91,2,140.41000000000008,2opt,notBad
9531,2,144.91,2,140.41000000000008,2opt,notBad
9532,2,144.91,2,140.41000000000008,2opt,notBad
9533,2,144.91,2,140.41000000000008,swap,notBad
9534,2,144.91,2,140.41000000000008,move,improve
9535,2,144.91,2,140.41000000000008,swap,notBad
9536,2,144.91,2,140.41000000000008,move,improve
9537,2,144.91,2,140.41000000000008,swap,notBad
9538,2,144.91,2,140.41000000000008,swap,notBad
9539,2,144.91,2,140.41000000000008,swap,notBad
9540,2,144.91,2,140.41000000000008,swap,notBad
9541,2,144.91,2,140.41000000000008,2opt,notBad
9542,2,144.91,2,140.41000000000008,swap,notBad
9543,2,144.91,2,140.41000000000008,swap,notBad
9544,2,144.91,2,140.41000000000008,swap,notBad
9545,2,144.91,2,140.41000000000008,swap,notBad
9546,2,144.91,2,140.41000000000008,swap,notBad
9547,2,144.91,2,140.41000000000008,move,improve
9548,2,144.91,2,140.41000000000008,2opt,notBad
9549,2,144.91,2,140.41000000000008,2opt,notBad
9550,2,144.91,2,140.41000000000008,move,improve
9551,2,144.91,2,140.41000000000008,2opt,notBad
9552,2,144.91,2,140.41000000000008,move,improve
9553,2,144.91,2,140.41000000000008,swap,notBad
9554,2,144.91,2,140.41000000000008,swap,notBad
9555,2,144.91,2,140.41000000000008,move,improve
9556,2,144.91,2,140.41000000000008,move,improve
9557,2,144.91,2,140.41000000000008,move,improve
9558,2,144.91,2,140.41000000000008,swap,notBad
9559,2,144.91,2,140.41000000000008,swap,notBad
9560,2,144.91,2,140.41000000000008,move,improve
9561,2,144.91,2,140.41000000000008,swap,notBad
9562,2,144.91,2,140.41000000000008,2opt,notBad
9563,2,144.91,2,140.41000000000008,2opt,notBad
9564,2,144.91,2,140.41000000000008,2opt,notBad
9565,2,144.91,2,140.41000000000008,move,improve
9566,2,144.91,2,140.41000000000008,2opt,notBad
9567,2,144.91,2,140.41000000000008,move,improve
9568,2,144.91,2,140.41000000000008,2opt,notBad
9569,2,144.91,2,140.41000000000008,move,improve
9570,2,144.91,2,140.41000000000008,move,improve
9571,2,144.91,2,140.41000000000008,2opt,improve
9572,2,144.91,2,140.41000000000008,swap,notBad
9573,2,144.91,2,140.41000000000008,move,improve
9574,2,144.91,2,140.41000000000008,move,improve
9575,2,144.91,2,140.41000000000008,2opt,notBad
9576,2,144.91,2,140.41000000000008,swap,notBad
9577,2,144.91,2,140.41000000000008,move,improve
9578,2,144.91,2,140.41000000000008,move,improve
9579,2,144.91,2,140.41000000000008,move,improve
9580,2,144.91,2,140.41000000000008,swap,notBad
9581,2,144.91,2,140.41000000000008,move,improve
9582,2,144.91,2,140.41000000000008,swap,notBad
9583,2,144.91,2,140.41000000000008,2opt,notBad
9584,2,144.91,2,140.41000000000008,move,improve
9585,2,144.91,2,140.41000000000008,swap,notBad
9586,2,144.91,2,140.41000000000008,2opt,improve
9587,2,144.91,2,140.41000000000008,move,improve
9588,2,144.91,2,140.41000000000008,2opt,notBad
9589,2,144.91,2,140.41000000000008,swap,notBad
9590,2,144.91,2,140.41000000000008,2opt,notBad
9591,2,144.91,2,140.41000000000008,swap,notBad
9592,2,144.91,2,140.41000000000008,swap,notBad
9593,2,144.91,2,140.41000000000008,move,improve
9594,2,144.91,2,140.41000000000008,2opt,notBad
9595,2,144.91,2,140.41000000000008,move,improve
9596,2,144.91,2,140.41000000000008,2opt,notBad
9597,2,144.91,2,140.41000000000008,swap,notBad
9598,2,144.91,2,140.41000000000008,2opt,notBad
9599,2,144.91,2,140.41000000000008,move,improve
9600,2,144.91,2,140.41000000000008,2opt,notBad
9601,2,144.91,2,140.41000000000008,move,improve
9602,2,144.91,2,140.41000000000008,swap,notBad
9603,2,144.91,2,140.41000000000008,2opt,notBad
9604,2,144.91,2,140.41000000000008,swap,notBad
9605,2,144.91,2,140.41000000000008,2opt,notBad
9606,2,144.91,2,140.41000000000008,2opt,notBad
9607,2,144.91,2,140.41000000000008,swap,notBad
9608,2,144.91,2,140.41000000000008,2opt,notBad
9609,2,144.91,2,140.41000000000008,move,improve
9610,2,144.91,2,140.41000000000008,swap,notBad
9611,2,144.91,2,140.41000000000008,move,improve
9612,2,144.91,2,140.41000000000008,move,improve
9613,2,144.91,2,140.41000000000008,swap,notBad
9614,2,144.91,2,140.41000000000008,2opt,notBad
9615,2,144.91,2,140.41000000000008,move,improve
9616,2,144.91,2,140.41000000000008,swap,notBad
9617,2,144.91,2,140.41000000000008,2opt,notBad
9618,2,144.91,2,140.41000000000008,move,improve
9619,2,144.91,2,140.41000000000008,move,improve
9620,2,144.91,2,140.41000000000008,move,improve
9621,2,144.91,2,140.41000000000008,2opt,notBad
9622,2,144.91,2,140.41000000000008,2opt,notBad
9623,2,144.91,2,140.41000000000008,swap,notBad
9624,2,144.91,2,140.41000000000008,2opt,notBad
9625,2,144.91,2,140.41000000000008,move,improve
9626,2,144.91,2,140.41000000000008,move,improve
9627,2,144.91,2,140.41000000000008,2opt,improve
9628,2,144.91,2,140.41000000000008,swap,notBad
9629,2,144.91,2,140.41000000000008,move,improve
9630,2,144.91,2,140.41000000000008,2opt,improve
9631,2,144.91,2,140.41000000000008,swap,notBad
9632,2,144.91,2,140.41000000000008,2opt,notBad
9633,2,144.91,2,140.41000000000008,swap,notBad
9634,2,144.91,2,140.41000000000008,2opt,notBad
9635,2,144.91,2,140.41000000000008,2opt,notBad
9636,2,144.91,2,140.41000000000008,move,improve
9637,2,144.91,2,140.41000000000008,swap,notBad
9638,2,144.91,2,140.41000000000008,swap,notBad
9639,2,144.91,2,140.41000000000008,move,improve
9640,2,144.91,2,140.41000000000008,swap,notBad
9641,2,144.91,2,140.41000000000008,swap,notBad
9642,2,144.91,2,140.41000000000008,2opt,notBad
9643,2,144.91,2,140.41000000000008,move,improve
9644,2,144.91,2,140.41000000000008,swap,notBad
9645,2,144.91,2,140.41000000000008,swap,notBad
9646,2,144.91,2,140.41000000000008,move,improve
9647,2,144.91,2,140.41000000000008,2opt,notBad
9648,2,144.91,2,140.41000000000008,2opt,notBad
9649,2,144.91,2,140.41000000000008,2opt,notBad
9650,2,144.91,2,140.41000000000008,swap,notBad
9651,2,144.91,2,140.41000000000008,2opt,notBad
9652,2,144.91,2,140.41000000000008,move,improve
9653,2,144.91,2,140.41000000000008,move,improve
9654,2,144.91,2,140.41000000000008,move,improve
9655,2,144.91,2,140.41000000000008,2opt,notBad
9656,2,144.91,2,140.41000000000008,swap,notBad
9657,2,144.91,2,140.41000000000008,2opt,improve
9658,2,144.91,2,140.41000000000008,swap,notBad
9659,2,144.91,2,140.41000000000008,swap,notBad
9660,2,144.91,2,140.41000000000008,swap,notBad
9661,2,144.91,2,140.41000000000008,move,improve
9662,2,144.91,2,140.41000000000008,2opt,notBad
9663,2,144.91,2,140.41000000000008,move,improve
9664,2,144.91,2,140.41000000000008,swap,notBad
9665,2,144.91,2,140.41000000000008,move,improve
9666,2,144.91,2,140.41000000000008,2opt,notBad
9667,2,144.91,2,140.41000000000008,swap,notBad
9668,2,144.91,2,140.41000000000008,move,improve
9669,2,144.91,2,140.41000000000008,move,improve
9670,2,144.91,2,140.41000000000008,swap,notBad
9671,2,144.91,2,140.41000000000008,swap,notBad
9672,2,144.91,2,140.41000000000008,move,improve
9673,2,144.91,2,140.41000000000008,2opt,notBad
9674,2,144.91,2,140.41000000000008,move,improve
9675,2,144.91,2,140.41000000000008,move,improve
9676,2,144.91,2,140.41000000000008,swap,notBad
9677,2,144.91,2,140.41000000000008,move,improve
9678,2,144.91,2,140.41000000000008,swap,notBad
9679,2,144.91,2,140.41000000000008,2opt,notBad
9680,2,144.91,2,140.41000000000008,move,improve
9681,2,144.91,2,140.41000000000008,move,improve
9682,2,144.91,2,140.41000000000008,2opt,notBad
9683,2,144.91,2,140.41000000000008,2opt,notBad
9684,2,144.91,2,140.41000000000008,swap,notBad
9685,2,144.91,2,140.41000000000008,move,improve
9686,2,144.91,2,140.41000000000008,2opt,notBad
9687,2,144.91,2,140.41000000000008,move,improve
9688,2,144.91,2,140.41000000000008,swap,notBad
9689,2,144.91,2,140.41000000000008,2opt,notBad
9690,2,144.91,2,140.41000000000008,2opt,notBad
9691,2,144.91,2,140.41000000000008,move,improve
9692,2,144.91,2,140.41000000000008,2opt,notBad
9693,2,144.91,2,140.41000000000008,move,improve
9694,2,144.91,2,140.41000000000008,move,improve
9695,2,144.91,2,140.41000000000008,swap,notBad
9696,2,144.91,2,140.41000000000008,swap,notBad
9697,2,144.91,2,140.41000000000008,swap,notBad
9698,2,144.91,2,140.41000000000008,move,improve
9699,2,144.91,2,140.41000000000008,swap,notBad
9700,2,144.91,2,140.41000000000008,2opt,notBad
9701,2,144.91,2,140.41000000000008,move,improve
9702,2,144.91,2,140.41000000000008,2opt,notBad
9703,2,144.91,2,140.41000000000008,move,improve
9704,2,144.91,2,140.41000000000008,2opt,notBad
9705,2,144.91,2,140.41000000000008,swap,notBad
9706,2,144.91,2,140.41000000000008,2opt,improve
9707,2,144.91,2,140.41000000000008,swap,notBad
9708,2,144.91,2,140.41000000000008,swap,notBad
9709,2,144.91,2,140.41000000000008,move,improve
9710,2,144.91,2,140.41000000000008,swap,notBad
9711,2,144.91,2,140.41000000000008,swap,notBad
9712,2,144.91,2,140.41000000000008,swap,notBad
9713,2,144.91,2,140.41000000000008,swap,notBad
9714,2,144.91,2,140.41000000000008,2opt,notBad
9715,2,144.91,2,140.41000000000008,move,improve
9716,2,144.91,2,140.41000000000008,move,improve
9717,2,144.91,2,140.41000000000008,swap,notBad
9718,2,144.91,2,140.41000000000008,move,notBad
9719,2,144.91,2,140.41000000000008,move,improve
9720,2,144.91,2,140.41000000000008,move,improve
9721,2,144.91,2,140.41000000000008,2opt,improve
9722,2,144.91,2,140.41000000000008,2opt,notBad
9723,2,144.91,2,140.41000000000008,swap,notBad
9724,2,144.91,2,140.41000000000008,2opt,notBad
9725,2,144.91,2,140.41000000000008,move,improve
9726,2,144.91,2,140.41000000000008,move,improve
9727,2,144.91,2,140.41000000000008,move,improve
9728,2,144.91,2,140.41000000000008,swap,notBad
9729,2,144.91,2,140.41000000000008,2opt,notBad
9730,2,144.91,2,140.41000000000008,swap,notBad
9731,2,144.91,2,140.41000000000008,swap,notBad
9732,2,144.91,2,140.41000000000008,2opt,notBad
9733,2,144.91,2,140.41000000000008,2opt,notBad
9734,2,144.91,2,140.41000000000008,2opt,notBad
9735,2,144.91,2,140.41000000000008,swap,notBad
9736,2,144.91,2,140.41000000000008,move,improve
9737,2,144.91,2,140.41000000000008,2opt,notBad
9738,2,144.91,2,140.41000000000008,2opt,notBad
9739,2,144.91,2,140.41000000000008,2opt,notBad
9740,2,144.91,2,140.41000000000008,2opt,notBad
9741,2,144.91,2,140.41000000000008,2opt,notBad
9742,2,144.91,2,140.41000000000008,swap,notBad
9743,2,144.91,2,140.41000000000008,swap,notBad
9744,2,144.91,2,140.41000000000008,2opt,improve
9745,2,144.91,2,140.41000000000008,2opt,improve
9746,2,144.91,2,140.41000000000008,swap,notBad
9747,2,144.91,2,140.41000000000008,2opt,notBad
9748,2,144.91,2,140.41000000000008,swap,notBad
9749,2,144.91,2,140.41000000000008,move,improve
9750,2,144.91,2,140.41000000000008,2opt,notBad
9751,2,144.91,2,140.41000000000008,move,improve
9752,2,144.91,2,140.41000000000008,2opt,notBad
9753,2,144.91,2,140.41000000000008,swap,notBad
9754,2,144.91,2,140.41000000000008,2opt,notBad
9755,2,144.91,2,140.41000000000008,move,improve
9756,2,144.91,2,140.41000000000008,2opt,notBad
9757,2,144.91,2,140.41000000000008,move,improve
9758,2,144.91,2,140.41000000000008,move,improve
9759,2,144.91,2,140.41000000000008,swap,notBad
9760,2,144.91,2,140.41000000000008,swap,notBad
9761,2,144.91,2,140.41000000000008,move,improve
9762,2,144.91,2,140.41000000000008,2opt,notBad
9763,2,144.91,2,140.41000000000008,2opt,improve
9764,2,144.91,2,140.41000000000008,swap,notBad
9765,2,144.91,2,140.41000000000008,move,improve
9766,2,144.91,2,140.41000000000008,move,improve
9767,2,144.91,2,140.41000000000008,move,improve
9768,2,144.91,2,140.41000000000008,swap,notBad
9769,2,144.91,2,140.41000000000008,2opt,notBad
9770,2,144.91,2,140.41000000000008,swap,notBad
9771,2,144.91,2,140.41000000000008,move,improve
9772,2,144.91,2,140.41000000000008,swap,notBad
9773,2,144.91,2,140.41000000000008,swap,notBad
9774,2,144.91,2,140.41000000000008,swap,notBad
9775,2,144.91,2,140.41000000000008,2opt,notBad
9776,2,144.91,2,140.41000000000008,swap,notBad
9777,2,144.91,2,140.41000000000008,2opt,notBad
9778,2,144.91,2,140.41000000000008,move,improve
9779,2,144.91,2,140.41000000000008,swap,notBad
9780,2,144.91,2,140.41000000000008,2opt,notBad
9781,2,144.91,2,140.41000000000008,move,improve
9782,2,144.91,2,140.41000000000008,move,improve
9783,2,144.91,2,140.41000000000008,2opt,notBad
9784,2,144.91,2,140.41000000000008,swap,notBad
9785,2,144.91,2,140.41000000000008,swap,notBad
9786,2,144.91,2,140.41000000000008,swap,notBad
9787,2,144.91,2,140.41000000000008,2opt,notBad
9788,2,144.91,2,140.41000000000008,swap,notBad
9789,2,144.91,2,140.41000000000008,move,improve
9790,2,144.91,2,140.41000000000008,2opt,notBad
9791,2,144.91,2,140.41000000000008,move,improve
9792,2,144.91,2,140.41000000000008,swap,notBad
9793,2,144.91,2,140.41000000000008,swap,notBad
9794,2,144.91,2,140.41000000000008,swap,notBad
9795,2,144.91,2,140.41000000000008,swap,notBad
9796,2,144.91,2,140.41000000000008,move,improve
9797,2,144.91,2,140.41000000000008,move,improve
9798,2,144.91,2,140.41000000000008,move,improve
9799,2,144.91,2,140.41000000000008,2opt,improve
9800,2,144.91,2,140.41000000000008,2opt,notBad
9801,2,144.91,2,140.41000000000008,move,improve
9802,2,144.91,2,140.41000000000008,2opt,notBad
9803,2,144.91,2,140.41000000000008,2opt,notBad
9804,2,144.91,2,140.41000000000008,swap,notBad
9805,2,144.91,2,140.41000000000008,swap,notBad
9806,2,144.91,2,140.41000000000008,2opt,notBad
9807,2,144.91,2,140.41000000000008,move,improve
9808,2,144.91,2,140.41000000000008,swap,notBad
9809,2,144.91,2,140.41000000000008,swap,notBad
9810,2,144.91,2,140.41000000000008,2opt,notBad
9811,2,144.91,2,140.41000000000008,move,improve
9812,2,144.91,2,140.41000000000008,2opt,notBad
9813,2,144.91,2,140.41000000000008,swap,notBad
9814,2,144.91,2,140.41000000000008,2opt,notBad
9815,2,144.91,2,140.41000000000008,2opt,improve
9816,2,144.91,2,140.41000000000008,move,improve
9817,2,144.91,2,140.41000000000008,swap,notBad
9818,2,144.91,2,140.41000000000008,2opt,notBad
9819,2,144.91,2,140.41000000000008,move,improve
9820,2,144.91,2,140.41000000000008,move,improve
9821,2,144.91,2,140.41000000000008,2opt,notBad
9822,2,144.91,2,140.41000000000008,2opt,improve
9823,2,144.91,2,140.41000000000008,2opt,notBad
9824,2,144.91,2,140.41000000000008,2opt,notBad
9825,2,144.91,2,140.41000000000008,2opt,notBad
9826,2,144.91,2,140.41000000000008,move,improve
9827,2,144.91,2,140.41000000000008,move,improve
9828,2,144.91,2,140.41000000000008,move,improve
9829,2,144.91,2,140.41000000000008,swap,notBad
9830,2,144.91,2,140.41000000000008,move,improve
9831,2,144.91,2,140.41000000000008,2opt,notBad
9832,2,144.91,2,140.41000000000008,swap,notBad
9833,2,144.91,2,140.41000000000008,swap,notBad
9834,2,144.91,2,140.41000000000008,2opt,improve
9835,2,144.91,2,140.41000000000008,move,improve
9836,2,144.91,2,140.41000000000008,swap,notBad
9837,2,144.91,2,140.41000000000008,swap,notBad
9838,2,144.91,2,140.41000000000008,2opt,notBad
9839,2,144.91,2,140.41000000000008,2opt,notBad
9840,2,144.91,2,140.41000000000008,move,improve
9841,2,144.91,2,140.41000000000008,2opt,notBad
9842,2,144.91,2,140.41000000000008,swap,notBad
9843,2,144.91,2,140.41000000000008,2opt,notBad
9844,2,144.91,2,140.41000000000008,move,improve
9845,2,144.91,2,140.41000000000008,swap,notBad
9846,2,144.91,2,140.41000000000008,2opt,notBad
9847,2,144.91,2,140.41000000000008,move,improve
9848,2,144.91,2,140.41000000000008,swap,notBad
9849,2,144.91,2,140.41000000000008,move,improve
9850,2,144.91,2,140.41000000000008,move,improve
9851,2,144.91,2,140.41000000000008,swap,notBad
9852,2,144.91,2,140.41000000000008,move,improve
9853,2,144.91,2,140.41000000000008,swap,notBad
9854,2,144.91,2,140.41000000000008,2opt,notBad
9855,2,144.91,2,140.41000000000008,2opt,improve
9856,2,144.91,2,140.41000000000008,swap,notBad
9857,2,144.91,2,140.41000000000008,2opt,notBad
9858,2,144.91,2,140.41000000000008,2opt,notBad
9859,2,145.63000000000005,2,140.41000000000008,move,acceptBad
9860,2,145.63000000000005,2,140.41000000000008,swap,notBad
9861,2,145.63000000000005,2,140.41000000000008,swap,notBad
9862,2,145.63000000000005,2,140.41000000000008,move,improve
9863,2,145.63000000000005,2,140.41000000000008,swap,notBad
9864,2,145.63000000000005,2,140.41000000000008,move,improve
9865,2,145.63000000000005,2,140.41000000000008,2opt,notBad
9866,2,145.63000000000005,2,140.41000000000008,2opt,notBad
9867,2,145.63000000000005,2,140.41000000000008,move,improve
9868,2,145.63000000000005,2,140.41000000000008,move,improve
9869,2,145.63000000000005,2,140.41000000000008,swap,notBad
9870,2,145.63000000000005,2,140.41000000000008,swap,notBad
9871,2,145.63000000000005,2,140.41000000000008,move,improve
9872,2,144.91,2,140.41000000000008,move,improve
9873,2,144.91,2,140.41000000000008,move,improve
9874,2,144.91,2,140.41000000000008,swap,notBad
9875,2,144.91,2,140.41000000000008,move,improve
9876,2,144.91,2,140.41000000000008,move,improve
9877,2,144.91,2,140.41000000000008,2opt,notBad
9878,2,144.91,2,140.41000000000008,swap,notBad
9879,2,144.91,2,140.41000000000008,swap,notBad
9880,2,144.91,2,140.41000000000008,move,improve
9881,2,144.91,2,140.41000000000008,swap,notBad
9882,2,144.91,2,140.41000000000008,move,improve
9883,2,144.91,2,140.41000000000008,move,improve
9884,2,144.91,2,140.41000000000008,swap,notBad
9885,2,144.91,2,140.41000000000008,move,improve
9886,2,144.91,2,140.41000000000008,swap,notBad
9887,2,144.91,2,140.41000000000008,2opt,notBad
9888,2,144.91,2,140.41000000000008,move,improve
9889,2,144.91,2,140.41000000000008,move,improve
9890,2,144.91,2,140.41000000000008,swap,notBad
9891,2,144.91,2,140.41000000000008,2opt,notBad
9892,2,144.91,2,140.41000000000008,swap,notBad
9893,2,144.91,2,140.41000000000008,2opt,notBad
9894,2,144.91,2,140.41000000000008,swap,notBad
9895,2,144.91,2,140.41000000000008,2opt,notBad
9896,2,144.91,2,140.41000000000008,move,improve
9897,2,144.91,2,140.41000000000008,2opt,notBad
9898,2,144.91,2,140.41000000000008,swap,notBad
9899,2,144.91,2,140.41000000000008,move,improve
9900,2,144.91,2,140.41000000000008,move,improve
9901,2,144.91,2,140.41000000000008,move,improve
9902,2,144.91,2,140.41000000000008,2opt,notBad
9903,2,144.91,2,140.41000000000008,swap,notBad
9904,2,144.91,2,140.41000000000008,2opt,notBad
9905,2,144.91,2,140.41000000000008,swap,notBad
9906,2,144.91,2,140.41000000000008,move,improve
9907,2,144.91,2,140.41000000000008,move,improve
9908,2,144.91,2,140.41000000000008,move,improve
9909,2,144.91,2,140.41000000000008,swap,notBad
9910,2,144.91,2,140.41000000000008,2opt,notBad
9911,2,144.91,2,140.41000000000008,move,improve
9912,2,144.91,2,140.41000000000008,swap,notBad
9913,2,144.91,2,140.41000000000008,move,improve
9914,2,144.91,2,140.41000000000008,2opt,notBad
9915,2,144.91,2,140.41000000000008,swap,notBad
9916,2,144.91,2,140.41000000000008,swap,notBad
9917,2,144.91,2,140.41000000000008,move,improve
9918,2,144.91,2,140.41000000000008,2opt,notBad
9919,2,144.91,2,140.41000000000008,swap,notBad
9920,2,144.91,2,140.41000000000008,swap,notBad
9921,2,144.91,2,140.41000000000008,swap,notBad
9922,2,144.91,2,140.41000000000008,2opt,notBad
9923,2,144.91,2,140.41000000000008,move,improve
9924,2,144.91,2,140.41000000000008,2opt,notBad
9925,2,144.91,2,140.41000000000008,swap,notBad
9926,2,144.91,2,140.41000000000008,2opt,notBad
9927,2,144.91,2,140.41000000000008,move,improve
9928,2,144.91,2,140.41000000000008,move,improve
9929,2,144.91,2,140.41000000000008,move,improve
9930,2,144.91,2,140.41000000000008,move,improve
9931,2,144.91,2,140.41000000000008,2opt,notBad
9932,2,144.91,2,140.41000000000008,swap,notBad
9933,2,144.91,2,140.41000000000008,swap,notBad
9934,2,144.91,2,140.41000000000008,swap,notBad
9935,2,144.91,2,140.41000000000008,move,improve
9936,2,144.91,2,140.41000000000008,move,improve
9937,2,144.91,2,140.41000000000008,move,improve
9938,2,144.91,2,140.41000000000008,swap,notBad
9939,2,144.91,2,140.41000000000008,2opt,notBad
9940,2,144.91,2,140.41000000000008,swap,notBad
9941,2,144.91,2,140.41000000000008,swap,notBad
9942,2,144.91,2,140.41000000000008,swap,notBad
9943,2,144.91,2,140.41000000000008,swap,notBad
9944,2,144.91,2,140.41000000000008,move,improve
9945,2,144.91,2,140.41000000000008,swap,notBad
9946,2,144.91,2,140.41000000000008,move,improve
9947,2,144.91,2,140.41000000000008,move,improve
9948,2,144.91,2,140.41000000000008,move,improve
9949,2,144.91,2,140.41000000000008,2opt,improve
9950,2,144.91,2,140.41000000000008,swap,notBad
9951,2,144.91,2,140.41000000000008,2opt,notBad
9952,2,144.91,2,140.41000000000008,move,improve
9953,2,144.91,2,140.41000000000008,2opt,notBad
9954,2,144.91,2,140.41000000000008,swap,notBad
9955,2,144.91,2,140.41000000000008,swap,notBad
9956,2,144.91,2,140.41000000000008,2opt,notBad
9957,2,144.91,2,140.41000000000008,swap,notBad
9958,2,144.91,2,140.41000000000008,swap,notBad
9959,2,144.91,2,140.41000000000008,move,improve
9960,2,144.91,2,140.41000000000008,2opt,notBad
9961,2,144.91,2,140.41000000000008,move,improve
9962,2,144.91,2,140.41000000000008,move,improve
9963,2,144.91,2,140.41000000000008,2opt,notBad
9964,2,144.91,2,140.41000000000008,move,improve
9965,2,144.91,2,140.41000000000008,2opt,notBad
9966,2,144.91,2,140.41000000000008,2opt,improve
9967,2,144.91,2,140.41000000000008,swap,notBad
9968,2,144.91,2,140.41000000000008,move,improve
9969,2,145.14999999999998,2,140.41000000000008,swap,acceptBad
9970,2,145.14999999999998,2,140.41000000000008,swap,notBad
9971,2,145.14999999999998,2,140.41000000000008,2opt,notBad
9972,2,145.14999999999998,2,140.41000000000008,2opt,notBad
9973,2,145.14999999999998,2,140.41000000000008,move,improve
9974,2,145.14999999999998,2,140.41000000000008,swap,notBad
9975,2,145.14999999999998,2,140.41000000000008,swap,notBad
9976,2,145.14999999999998,2,140.41000000000008,swap,notBad
9977,2,145.14999999999998,2,140.41000000000008,2opt,notBad
9978,2,145.14999999999998,2,140.41000000000008,swap,notBad
9979,2,145.14999999999998,2,140.41000000000008,swap,notBad
9980,2,145.14999999999998,2,140.41000000000008,2opt,notBad
9981,2,145.14999999999998,2,140.41000000000008,2opt,notBad
9982,2,145.14999999999998,2,140.41000000000008,2opt,notBad
9983,2,145.14999999999998,2,140.41000000000008,swap,notBad
9984,2,145.14999999999998,2,140.41000000000008,swap,notBad
9985,2,145.14999999999998,2,140.41000000000008,move,improve
9986,2,145.14999999999998,2,140.41000000000008,2opt,improve
9987,2,145.14999999999998,2,140.41000000000008,2opt,notBad
9988,2,145.14999999999998,2,140.41000000000008,move,improve
9989,2,145.14999999999998,2,140.41000000000008,2opt,notBad
9990,2,145.14999999999998,2,140.41000000000008,2opt,notBad
9991,2,145.14999999999998,2,140.41000000000008,move,improve
9992,2,145.14999999999998,2,140.41000000000008,move,improve
9993,2,145.14999999999998,2,140.41000000000008,2opt,notBad
9994,2,145.14999999999998,2,140.41000000000008,move,improve
9995,2,145.14999999999998,2,140.41000000000008,swap,notBad
9996,2,145.14999999999998,2,140.41000000000008,swap,notBad
9997,2,145.14999999999998,2,140.41000000000008,swap,notBad
9998,2,145.14999999999998,2,140.41000000000008,2opt,notBad
9999,2,145.14999999999998,2,140.41000000000008,swap,notBad
10000,2,145.14999999999998,2,140.41000000000008,swap,notBad
10001,2,145.14999999999998,2,140.41000000000008,move,improve
10002,2,145.14999999999998,2,140.41000000000008,2opt,notBad
10003,2,145.14999999999998,2,140.41000000000008,swap,notBad
10004,2,145.14999999999998,2,140.41000000000008,2opt,notBad
10005,2,145.14999999999998,2,140.41000000000008,move,improve
10006,2,145.14999999999998,2,140.41000000000008,2opt,improve
10007,2,145.14999999999998,2,140.41000000000008,swap,notBad
10008,2,145.14999999999998,2,140.41000000000008,move,improve
10009,2,145.14999999999998,2,140.41000000000008,move,improve
10010,2,145.14999999999998,2,140.41000000000008,move,improve
10011,2,145.14999999999998,2,140.41000000000008,swap,notBad
10012,2,145.14999999999998,2,140.41000000000008,swap,notBad
10013,2,145.14999999999998,2,140.41000000000008,2opt,notBad
10014,2,145.14999999999998,2,140.41000000000008,move,improve
10015,2,145.14999999999998,2,140.41000000000008,swap,notBad
10016,2,145.14999999999998,2,140.41000000000008,2opt,notBad
10017,2,145.14999999999998,2,140.41000000000008,swap,notBad
10018,2,145.14999999999998,2,140.41000000000008,2opt,notBad
10019,2,145.14999999999998,2,140.41000000000008,move,improve
10020,2,145.14999999999998,2,140.41000000000008,2opt,notBad
10021,2,144.91,2,140.41000000000008,move,improve
10022,2,144.91,2,140.41000000000008,move,improve
10023,2,144.91,2,140.41000000000008,swap,notBad
10024,2,144.91,2,140.41000000000008,2opt,notBad
10025,2,144.91,2,140.41000000000008,2opt,improve
10026,2,144.91,2,140.41000000000008,swap,notBad
10027,2,144.91,2,140.41000000000008,2opt,notBad
10028,2,144.91,2,140.41000000000008,swap,notBad
10029,2,144.91,2,140.41000000000008,swap,notBad
10030,2,144.91,2,140.41000000000008,move,improve
10031,2,144.91,2,140.41000000000008,move,improve
10032,2,144.91,2,140.41000000000008,2opt,notBad
10033,2,144.91,2,140.41000000000008,2opt,notBad
10034,2,144.91,2,140.41000000000008,2opt,improve
10035,2,144.91,2,140.41000000000008,2opt,notBad
10036,2,144.91,2,140.41000000000008,move,improve
10037,2,144.91,2,140.41000000000008,move,improve
10038,2,144.91,2,140.41000000000008,swap,notBad
10039,2,144.91,2,140.41000000000008,swap,notBad
10040,2,144.91,2,140.41000000000008,swap,notBad
10041,2,144.91,2,140.41000000000008,move,improve
10042,2,144.91,2,140.41000000000008,move,improve
10043,2,144.91,2,140.41000000000008,move,improve
10044,2,144.91,2,140.41000000000008,2opt,notBad
10045,2,144.91,2,140.41000000000008,swap,notBad
10046,2,144.91,2,140.41000000000008,2opt,notBad
10047,2,144.91,2,140.41000000000008,swap,notBad
10048,2,144.91,2,140.41000000000008,swap,notBad
10049,2,144.91,2,140.41000000000008,2opt,notBad
10050,2,144.91,2,140.41000000000008,swap,notBad
10051,2,144.91,2,140.41000000000008,move,improve
10052,2,144.91,2,140.41000000000008,move,improve
10053,2,144.91,2,140.41000000000008,move,notBad
10054,2,144.91,2,140.41000000000008,move,improve
10055,2,144.91,2,140.41000000000008,move,improve
10056,2,144.91,2,140.41000000000008,move,improve
10057,2,144.91,2,140.41000000000008,2opt,notBad
10058,2,144.91,2,140.41000000000008,move,improve
10059,2,144.91,2,140.41000000000008,2opt,notBad
10060,2,144.91,2,140.41000000000008,swap,notBad
10061,2,144.91,2,140.41000000000008,move,improve
10062,2,144.91,2,140.41000000000008,swap,notBad
10063,2,144.91,2,140.41000000000008,2opt,notBad
10064,2,144.91,2,140.41000000000008,swap,notBad
10065,2,144.91,2,140.41000000000008,swap,notBad
10066,2,144.91,2,140.41000000000008,swap,notBad
10067,2,144.91,2,140.41000000000008,move,improve
10068,2,144.91,2,140.41000000000008,move,improve
10069,2,144.91,2,140.41000000000008,move,improve
10070,2,144.91,2,140.41000000000008,move,improve
10071,2,144.91,2,140.41000000000008,swap,notBad
10072,2,144.91,2,140.41000000000008,move,improve
10073,2,144.91,2,140.41000000000008,swap,notBad
10074,2,144.91,2,140.41000000000008,2opt,notBad
10075,2,144.91,2,140.41000000000008,2opt,notBad
10076,2,144.91,2,140.41000000000008,2opt,notBad
10077,2,144.91,2,140.41000000000008,move,improve
10078,2,144.91,2,140.41000000000008,2opt,notBad
10079,2,144.91,2,140.41000000000008,2opt,notBad
10080,2,144.91,2,140.41000000000008,swap,notBad
10081,2,144.91,2,140.41000000000008,move,improve
10082,2,144.91,2,140.41000000000008,swap,notBad
10083,2,144.91,2,140.41000000000008,swap,notBad
10084,2,144.91,2,140.41000000000008,move,improve
10085,2,144.91,2,140.41000000000008,swap,notBad
10086,2,144.91,2,140.41000000000008,move,improve
10087,2,144.91,2,140.41000000000008,swap,notBad
10088,2,144.91,2,140.41000000000008,swap,notBad
10089,2,144.91,2,140.41000000000008,swap,notBad
10090,2,144.91,2,140.41000000000008,2opt,improve
10091,2,144.91,2,140.41000000000008,swap,notBad
10092,2,144.91,2,140.41000000000008,move,improve
10093,2,144.91,2,140.41000000000008,swap,notBad
10094,2,144.91,2,140.41000000000008,swap,notBad
10095,2,144.91,2,140.41000000000008,move,improve
10096,2,144.91,2,140.41000000000008,2opt,notBad
10097,2,144.91,2,140.41000000000008,2opt,notBad
10098,2,144.91,2,140.41000000000008,move,improve
10099,2,144.91,2,140.41000000000008,swap,notBad
10100,2,144.91,2,140.41000000000008,move,improve
10101,2,144.91,2,140.41000000000008,swap,notBad
10102,2,144.91,2,140.41000000000008,swap,notBad
10103,2,144.91,2,140.41000000000008,move,improve
10104,2,144.91,2,140.41000000000008,move,notBad
10105,2,144.91,2,140.41000000000008,2opt,notBad
10106,2,144.91,2,140.41000000000008,move,improve
10107,2,144.91,2,140.41000000000008,move,improve
10108,2,144.91,2,140.41000000000008,2opt,notBad
10109,2,144.91,2,140.41000000000008,move,improve
10110,2,144.91,2,140.41000000000008,move,improve
10111,2,144.91,2,140.41000000000008,move,improve
10112,2,144.91,2,140.41000000000008,2opt,notBad
10113,2,144.91,2,140.41000000000008,swap,notBad
10114,2,144.91,2,140.41000000000008,2opt,notBad
10115,2,144.91,2,140.41000000000008,swap,notBad
10116,2,144.91,2,140.41000000000008,move,improve
10117,2,144.91,2,140.41000000000008,move,improve
10118,2,144.91,2,140.41000000000008,move,improve
10119,2,144.91,2,140.41000000000008,move,improve
10120,2,144.91,2,140.41000000000008,2opt,improve
10121,2,144.91,2,140.41000000000008,move,improve
10122,2,144.91,2,140.41000000000008,2opt,notBad
10123,2,144.91,2,140.41000000000008,move,improve
10124,2,144.91,2,140.41000000000008,swap,notBad
10125,2,144.91,2,140.41000000000008,swap,notBad
10126,2,144.91,2,140.41000000000008,swap,notBad
10127,2,144.91,2,140.41000000000008,move,improve
10128,2,144.91,2,140.41000000000008,2opt,notBad
10129,2,144.91,2,140.41000000000008,swap,notBad
10130,2,144.91,2,140.41000000000008,move,improve
10131,2,144.91,2,140.41000000000008,move,improve
10132,2,144.91,2,140.41000000000008,2opt,notBad
10133,2,144.91,2,140.41000000000008,swap,notBad
10134,2,144.91,2,140.41000000000008,swap,notBad
10135,2,144.91,2,140.41000000000008,2opt,notBad
10136,2,144.91,2,140.41000000000008,swap,notBad
10137,2,144.91,2,140.41000000000008,swap,notBad
10138,2,144.91,2,140.41000000000008,swap,notBad
10139,2,144.91,2,140.41000000000008,2opt,notBad
10140,2,144.91,2,140.41000000000008,move,improve
10141,2,144.91,2,140.41000000000008,2opt,notBad
10142,2,144.91,2,140.41000000000008,swap,notBad
10143,2,144.91,2,140.41000000000008,2opt,notBad
10144,2,144.91,2,140.41000000000008,swap,notBad
10145,2,144.91,2,140.41000000000008,2opt,notBad
10146,2,144.91,2,140.41000000000008,swap,notBad
10147,2,144.91,2,140.41000000000008,swap,notBad
10148,2,144.91,2,140.41000000000008,move,improve
10149,2,144.91,2,140.41000000000008,swap,notBad
10150,2,144.91,2,140.41000000000008,swap,notBad
10151,2,144.91,2,140.41000000000008,swap,notBad
10152,2,144.91,2,140.41000000000008,swap,notBad
10153,2,144.91,2,140.41000000000008,swap,notBad
10154,2,144.91,2,140.41000000000008,move,improve
10155,2,144.91,2,140.41000000000008,swap,notBad
10156,2,144.91,2,140.41000000000008,2opt,notBad
10157,2,144.91,2,140.41000000000008,swap,notBad
10158,2,144.91,2,140.41000000000008,swap,notBad
10159,2,144.91,2,140.41000000000008,swap,notBad
10160,2,144.91,2,140.41000000000008,move,improve
10161,2,144.91,2,140.41000000000008,swap,notBad
10162,2,144.91,2,140.41000000000008,2opt,notBad
10163,2,144.91,2,140.41000000000008,move,improve
10164,2,144.91,2,140.41000000000008,swap,notBad
10165,2,144.91,2,140.41000000000008,2opt,notBad
10166,2,144.91,2,140.41000000000008,swap,notBad
10167,2,144.91,2,140.41000000000008,2opt,notBad
10168,2,144.91,2,140.41000000000008,swap,notBad
10169,2,144.91,2,140.41000000000008,move,improve
10170,2,144.91,2,140.41000000000008,2opt,notBad
10171,2,144.91,2,140.41000000000008,move,improve
10172,2,144.91,2,140.41000000000008,2opt,notBad
10173,2,144.91,2,140.41000000000008,move,improve
10174,2,144.91,2,140.41000000000008,swap,notBad
10175,2,144.91,2,140.41000000000008,swap,notBad
10176,2,144.91,2,140.41000000000008,2opt,notBad
10177,2,144.91,2,140.41000000000008,move,improve
10178,2,144.91,2,140.41000000000008,move,improve
10179,2,144.91,2,140.41000000000008,2opt,notBad
10180,2,144.91,2,140.41000000000008,2opt,notBad
10181,2,144.91,2,140.41000000000008,move,improve
10182,2,144.91,2,140.41000000000008,swap,notBad
10183,2,144.91,2,140.41000000000008,2opt,notBad
10184,2,144.91,2,140.41000000000008,2opt,notBad
10185,2,144.91,2,140.41000000000008,swap,notBad
10186,2,144.91,2,140.41000000000008,move,improve
10187,2,144.91,2,140.41000000000008,swap,notBad
10188,2,144.91,2,140.41000000000008,move,improve
10189,2,144.91,2,140.41000000000008,move,improve
10190,2,144.91,2,140.41000000000008,swap,notBad
10191,2,144.91,2,140.41000000000008,swap,notBad
10192,2,144.91,2,140.41000000000008,swap,notBad
10193,2,144.91,2,140.41000000000008,move,improve
10194,2,144.91,2,140.41000000000008,swap,notBad
10195,2,144.91,2,140.41000000000008,2opt,notBad
10196,2,144.91,2,140.41000000000008,2opt,notBad
10197,2,144.91,2,140.41000000000008,swap,notBad
10198,2,144.91,2,140.41000000000008,swap,notBad
10199,2,144.91,2,140.41000000000008,2opt,notBad
10200,2,144.91,2,140.41000000000008,move,improve
10201,2,144.91,2,140.41000000000008,2opt,notBad
10202,2,144.91,2,140.41000000000008,swap,notBad
10203,2,144.91,2,140.41000000000008,swap,notBad
10204,2,144.91,2,140.41000000000008,2opt,notBad
10205,2,144.91,2,140.41000000000008,swap,notBad
10206,2,144.91,2,140.41000000000008,2opt,notBad
10207,2,144.91,2,140.41000000000008,swap,notBad
10208,2,144.91,2,140.41000000000008,swap,notBad
10209,2,144.91,2,140.41000000000008,move,improve
10210,2,144.91,2,140.41000000000008,move,improve
10211,2,144.91,2,140.41000000000008,2opt,notBad
10212,2,144.91,2,140.41000000000008,2opt,notBad
10213,2,144.91,2,140.41000000000008,2opt,improve
10214,2,144.91,2,140.41000000000008,swap,notBad
10215,2,144.91,2,140.41000000000008,move,improve
10216,2,144.91,2,140.41000000000008,swap,notBad
10217,2,144.91,2,140.41000000000008,move,improve
10218,2,144.91,2,140.41000000000008,move,improve
10219,2,144.91,2,140.41000000000008,swap,notBad
10220,2,144.91,2,140.41000000000008,move,improve
10221,2,144.91,2,140.41000000000008,2opt,notBad
10222,2,144.91,2,140.41000000000008,move,improve
10223,2,144.91,2,140.41000000000008,move,improve
10224,2,144.91,2,140.41000000000008,move,improve
10225,2,144.91,2,140.41000000000008,2opt,notBad
10226,2,144.91,2,140.41000000000008,2opt,notBad
10227,2,144.91,2,140.41000000000008,2opt,notBad
10228,2,144.91,2,140.41000000000008,move,improve
10229,2,144.91,2,140.41000000000008,2opt,notBad
10230,2,144.91,2,140.41000000000008,2opt,notBad
10231,2,144.91,2,140.41000000000008,swap,notBad
10232,2,144.91,2,140.41000000000008,2opt,notBad
10233,2,144.91,2,140.41000000000008,move,improve
10234,2,144.91,2,140.41000000000008,swap,notBad
10235,2,144.91,2,140.41000000000008,swap,notBad
10236,2,144.91,2,140.41000000000008,2opt,notBad
10237,2,144.91,2,140.41000000000008,move,improve
10238,2,144.91,2,140.41000000000008,move,improve
10239,2,144.91,2,140.41000000000008,swap,notBad
10240,2,144.91,2,140.41000000000008,2opt,notBad
10241,2,144.91,2,140.41000000000008,swap,notBad
10242,2,144.91,2,140.41000000000008,move,notBad
10243,2,144.91,2,140.41000000000008,swap,notBad
10244,2,144.91,2,140.41000000000008,swap,notBad
10245,2,144.91,2,140.41000000000008,2opt,notBad
10246,2,144.91,2,140.41000000000008,move,improve
10247,2,144.91,2,140.41000000000008,swap,notBad
10248,2,144.91,2,140.41000000000008,2opt,notBad
10249,2,144.91,2,140.41000000000008,swap,notBad
10250,2,144.91,2,140.41000000000008,move,improve
10251,2,144.91,2,140.41000000000008,move,improve
10252,2,144.91,2,140.41000000000008,move,improve
10253,2,144.91,2,140.41000000000008,swap,notBad
10254,2,144.91,2,140.41000000000008,move,improve
10255,2,144.91,2,140.41000000000008,swap,notBad
10256,2,144.91,2,140.41000000000008,move,improve
10257,2,144.91,2,140.41000000000008,2opt,notBad
10258,2,144.91,2,140.41000000000008,swap,notBad
10259,2,144.91,2,140.41000000000008,swap,notBad
10260,2,144.91,2,140.41000000000008,2opt,notBad
10261,2,144.91,2,140.41000000000008,swap,notBad
10262,2,144.91,2,140.41000000000008,2opt,notBad
10263,2,144.91,2,140.41000000000008,move,improve
10264,2,144.91,2,140.41000000000008,2opt,notBad
10265,2,144.91,2,140.41000000000008,2opt,notBad
10266,2,144.91,2,140.41000000000008,move,improve
10267,2,144.91,2,140.41000000000008,2opt,notBad
10268,2,144.91,2,140.41000000000008,2opt,notBad
10269,2,144.91,2,140.41000000000008,2opt,notBad
10270,2,144.91,2,140.41000000000008,2opt,improve
10271,2,144.91,2,140.41000000000008,move,improve
10272,2,144.91,2,140.41000000000008,swap,notBad
10273,2,144.91,2,140.41000000000008,2opt,notBad
10274,2,144.91,2,140.41000000000008,swap,notBad
10275,2,144.91,2,140.41000000000008,move,notBad
10276,2,144.91,2,140.41000000000008,swap,notBad
10277,2,144.91,2,140.41000000000008,swap,notBad
10278,2,144.91,2,140.41000000000008,move,improve
10279,2,144.91,2,140.41000000000008,swap,notBad
10280,2,144.91,2,140.41000000000008,swap,notBad
10281,2,144.91,2,140.41000000000008,move,improve
10282,2,144.91,2,140.41000000000008,move,improve
10283,2,144.91,2,140.41000000000008,move,improve
10284,2,144.91,2,140.41000000000008,swap,notBad
10285,2,144.91,2,140.41000000000008,2opt,notBad
10286,2,144.91,2,140.41000000000008,swap,notBad
10287,2,144.91,2,140.41000000000008,swap,notBad
10288,2,144.91,2,140.41000000000008,2opt,notBad
10289,2,144.91,2,140.41000000000008,2opt,notBad
10290,2,144.91,2,140.41000000000008,2opt,improve
10291,2,144.91,2,140.41000000000008,swap,notBad
10292,2,144.91,2,140.41000000000008,swap,notBad
10293,2,144.91,2,140.41000000000008,swap,notBad
10294,2,144.91,2,140.41000000000008,2opt,notBad
10295,2,144.91,2,140.41000000000008,2opt,notBad
10296,2,144.91,2,140.41000000000008,2opt,notBad
10297,2,144.91,2,140.41000000000008,move,improve
10298,2,144.91,2,140.41000000000008,2opt,notBad
10299,2,144.91,2,140.41000000000008,move,improve
10300,2,144.91,2,140.41000000000008,move,improve
10301,2,144.91,2,140.41000000000008,move,improve
10302,2,144.91,2,140.41000000000008,2opt,notBad
10303,2,144.91,2,140.41000000000008,2opt,notBad
10304,2,144.91,2,140.41000000000008,swap,notBad
10305,2,144.91,2,140.41000000000008,2opt,notBad
10306,2,144.91,2,140.41000000000008,move,improve
10307,2,144.91,2,140.41000000000008,swap,notBad
10308,2,144.91,2,140.41000000000008,swap,notBad
10309,2,144.91,2,140.41000000000008,move,improve
10310,2,144.91,2,140.41000000000008,swap,notBad
10311,2,144.91,2,140.41000000000008,2opt,notBad
10312,2,144.91,2,140.41000000000008,swap,notBad
10313,2,144.91,2,140.41000000000008,swap,notBad
10314,2,144.91,2,140.41000000000008,2opt,notBad
10315,2,144.91,2,140.41000000000008,move,improve
10316,2,144.91,2,140.41000000000008,swap,notBad
10317,2,144.91,2,140.41000000000008,swap,notBad
10318,2,144.91,2,140.41000000000008,move,improve
10319,2,144.91,2,140.41000000000008,2opt,notBad
10320,2,144.91,2,140.41000000000008,move,improve
10321,2,144.91,2,140.41000000000008,swap,notBad
10322,2,144.91,2,140.41000000000008,2opt,improve
10323,2,144.91,2,140.41000000000008,swap,notBad
10324,2,144.91,2,140.41000000000008,swap,notBad
10325,2,144.91,2,140.41000000000008,move,improve
10326,2,144.91,2,140.41000000000008,swap,notBad
10327,2,144.91,2,140.41000000000008,swap,notBad
10328,2,144.91,2,140.41000000000008,move,improve
10329,2,144.91,2,140.41000000000008,move,improve
10330,2,144.91,2,140.41000000000008,2opt,notBad
10331,2,144.91,2,140.41000000000008,2opt,notBad
10332,2,144.91,2,140.41000000000008,swap,notBad
10333,2,144.91,2,140.41000000000008,swap,notBad
10334,2,144.91,2,140.41000000000008,2opt,notBad
10335,2,144.91,2,140.41000000000008,swap,notBad
10336,2,144.91,2,140.41000000000008,swap,notBad
10337,2,144.91,2,140.41000000000008,swap,notBad
10338,2,144.91,2,140.41000000000008,move,improve
10339,2,144.91,2,140.41000000000008,2opt,notBad
10340,2,144.91,2,140.41000000000008,move,improve
10341,2,144.91,2,140.41000000000008,swap,notBad
10342,2,144.91,2,140.41000000000008,move,improve
10343,2,144.91,2,140.41000000000008,move,improve
10344,2,144.91,2,140.41000000000008,2opt,notBad
10345,2,144.91,2,140.41000000000008,move,improve
10346,2,144.91,2,140.41000000000008,move,improve
10347,2,144.91,2,140.41000000000008,swap,notBad
10348,2,144.91,2,140.41000000000008,move,improve
10349,2,144.91,2,140.41000000000008,2opt,improve
10350,2,144.91,2,140.41000000000008,swap,notBad
10351,2,144.91,2,140.41000000000008,2opt,notBad
10352,2,144.91,2,140.41000000000008,2opt,notBad
10353,2,144.91,2,140.41000000000008,swap,notBad
10354,2,144.91,2,140.41000000000008,2opt,improve
10355,2,144.91,2,140.41000000000008,2opt,notBad
10356,2,144.91,2,140.41000000000008,move,improve
10357,2,144.91,2,140.41000000000008,move,improve
10358,2,144.91,2,140.41000000000008,2opt,notBad
10359,2,144.91,2,140.41000000000008,swap,notBad
10360,2,144.91,2,140.41000000000008,move,improve
10361,2,144.91,2,140.41000000000008,move,improve
10362,2,144.91,2,140.41000000000008,2opt,notBad
10363,2,144.91,2,140.41000000000008,move,improve
10364,2,144.91,2,140.41000000000008,2opt,notBad
10365,2,144.91,2,140.41000000000008,2opt,notBad
10366,2,144.91,2,140.41000000000008,swap,notBad
10367,2,144.91,2,140.41000000000008,2opt,notBad
10368,2,144.91,2,140.41000000000008,swap,notBad
10369,2,144.91,2,140.41000000000008,move,improve
10370,2,144.91,2,140.41000000000008,swap,notBad
10371,2,144.91,2,140.41000000000008,2opt,notBad
10372,2,144.91,2,140.41000000000008,move,improve
10373,2,144.91,2,140.41000000000008,move,improve
10374,2,144.91,2,140.41000000000008,swap,notBad
10375,2,144.91,2,140.41000000000008,swap,notBad
10376,2,144.91,2,140.41000000000008,2opt,notBad
10377,2,144.91,2,140.41000000000008,2opt,notBad
10378,2,144.91,2,140.41000000000008,move,improve
10379,2,144.91,2,140.41000000000008,swap,notBad
10380,2,144.91,2,140.41000000000008,swap,notBad
10381,2,144.91,2,140.41000000000008,move,improve
10382,2,144.91,2,140.41000000000008,move,improve
10383,2,144.91,2,140.41000000000008,move,improve
10384,2,144.91,2,140.41000000000008,2opt,improve
10385,2,144.91,2,140.41000000000008,2opt,notBad
10386,2,144.91,2,140.41000000000008,2opt,notBad
10387,2,144.91,2,140.41000000000008,swap,notBad
10388,2,144.91,2,140.41000000000008,2opt,notBad
10389,2,144.91,2,140.41000000000008,swap,notBad
10390,2,144.91,2,140.41000000000008,swap,notBad
10391,2,144.91,2,140.41000000000008,move,improve
10392,2,144.91,2,140.41000000000008,swap,notBad
10393,2,144.91,2,140.41000000000008,move,improve
10394,2,144.91,2,140.41000000000008,swap,notBad
10395,2,144.91,2,140.41000000000008,2opt,notBad
10396,2,144.91,2,140.41000000000008,swap,notBad
10397,2,144.91,2,140.41000000000008,2opt,notBad
10398,2,144.91,2,140.41000000000008,2opt,notBad
10399,2,144.91,2,140.41000000000008,move,improve
10400,2,144.91,2,140.41000000000008,swap,notBad
10401,2,144.91,2,140.41000000000008,move,improve
10402,2,144.91,2,140.41000000000008,swap,notBad
10403,2,144.91,2,140.41000000000008,swap,notBad
10404,2,144.91,2,140.41000000000008,swap,notBad
10405,2,144.91,2,140.41000000000008,swap,notBad
10406,2,144.91,2,140.41000000000008,swap,notBad
10407,2,144.91,2,140.41000000000008,move,improve
10408,2,144.91,2,140.41000000000008,swap,notBad
10409,2,144.91,2,140.41000000000008,swap,notBad
10410,2,144.91,2,140.41000000000008,move,improve
10411,2,144.91,2,140.41000000000008,2opt,notBad
10412,2,144.91,2,140.41000000000008,swap,notBad
10413,2,144.91,2,140.41000000000008,2opt,notBad
10414,2,144.91,2,140.41000000000008,swap,notBad
10415,2,144.91,2,140.41000000000008,2opt,notBad
10416,2,144.91,2,140.41000000000008,move,improve
10417,2,144.91,2,140.41000000000008,2opt,notBad
10418,2,144.91,2,140.41000000000008,move,improve
10419,2,144.91,2,140.41000000000008,move,improve
10420,2,144.91,2,140.41000000000008,move,improve
10421,2,144.91,2,140.41000000000008,2opt,notBad
10422,2,144.91,2,140.41000000000008,2opt,notBad
10423,2,144.91,2,140.41000000000008,swap,notBad
10424,2,144.91,2,140.41000000000008,move,improve
10425,2,144.91,2,140.41000000000008,move,improve
10426,2,144.91,2,140.41000000000008,swap,notBad
10427,2,144.91,2,140.41000000000008,swap,notBad
10428,2,144.91,2,140.41000000000008,2opt,notBad
10429,2,144.91,2,140.41000000000008,swap,notBad
10430,2,144.91,2,140.41000000000008,swap,notBad
10431,2,144.91,2,140.41000000000008,move,improve
10432,2,144.91,2,140.41000000000008,move,improve
10433,2,144.91,2,140.41000000000008,2opt,improve
10434,2,144.91,2,140.41000000000008,2opt,notBad
10435,2,144.91,2,140.41000000000008,2opt,notBad
10436,2,144.91,2,140.41000000000008,swap,notBad
10437,2,144.91,2,140.41000000000008,move,improve
10438,2,144.91,2,140.41000000000008,move,improve
10439,2,144.91,2,140.41000000000008,2opt,notBad
10440,2,144.91,2,140.41000000000008,move,improve
10441,2,144.91,2,140.41000000000008,move,improve
10442,2,144.91,2,140.41000000000008,2opt,notBad
10443,2,144.91,2,140.41000000000008,swap,notBad
10444,2,144.91,2,140.41000000000008,2opt,notBad
10445,2,144.91,2,140.41000000000008,swap,notBad
10446,2,144.91,2,140.41000000000008,move,improve
10447,2,144.91,2,140.41000000000008,move,improve
10448,2,144.91,2,140.41000000000008,move,improve
10449,2,144.91,2,140.41000000000008,2opt,notBad
10450,2,144.91,2,140.41000000000008,2opt,notBad
10451,2,144.91,2,140.41000000000008,move,improve
10452,2,144.91,2,140.41000000000008,swap,notBad
10453,2,144.91,2,140.41000000000008,swap,notBad
10454,2,144.91,2,140.41000000000008,2opt,notBad
10455,2,144.91,2,140.41000000000008,2opt,notBad
10456,2,144.91,2,140.41000000000008,2opt,notBad
10457,2,144.91,2,140.41000000000008,swap,notBad
10458,2,144.91,2,140.41000000000008,swap,notBad
10459,2,144.91,2,140.41000000000008,move,improve
10460,2,144.91,2,140.41000000000008,2opt,notBad
10461,2,144.91,2,140.41000000000008,swap,notBad
10462,2,144.91,2,140.41000000000008,move,improve
10463,2,144.91,2,140.41000000000008,swap,notBad
10464,2,144.91,2,140.41000000000008,move,improve
10465,2,144.91,2,140.41000000000008,swap,notBad
10466,2,144.91,2,140.41000000000008,swap,notBad
10467,2,144.91,2,140.41000000000008,2opt,notBad
10468,2,144.91,2,140.41000000000008,2opt,improve
10469,2,144.91,2,140.41000000000008,move,improve
10470,2,144.91,2,140.41000000000008,2opt,notBad
10471,2,144.91,2,140.41000000000008,move,improve
10472,2,144.91,2,140.41000000000008,2opt,notBad
10473,2,144.91,2,140.41000000000008,move,improve
10474,2,144.91,2,140.41000000000008,2opt,notBad
10475,2,144.91,2,140.41000000000008,swap,notBad
10476,2,144.91,2,140.41000000000008,swap,notBad
10477,2,144.91,2,140.41000000000008,move,improve
10478,2,144.91,2,140.41000000000008,swap,notBad
10479,2,144.91,2,140.41000000000008,move,improve
10480,2,144.91,2,140.41000000000008,move,improve
10481,2,144.91,2,140.41000000000008,2opt,notBad
10482,2,144.91,2,140.41000000000008,move,improve
10483,2,144.91,2,140.41000000000008,swap,notBad
10484,2,144.91,2,140.41000000000008,move,improve
10485,2,144.91,2,140.41000000000008,move,improve
10486,2,144.91,2,140.41000000000008,2opt,notBad
10487,2,144.91,2,140.41000000000008,2opt,notBad
10488,2,144.91,2,140.41000000000008,move,improve
10489,2,144.91,2,140.41000000000008,move,improve
10490,2,144.91,2,140.41000000000008,move,improve
10491,2,144.91,2,140.41000000000008,2opt,notBad
10492,2,144.91,2,140.41000000000008,swap,notBad
10493,2,144.91,2,140.41000000000008,swap,notBad
10494,2,144.91,2,140.41000000000008,swap,notBad
10495,2,144.91,2,140.41000000000008,2opt,notBad
10496,2,144.91,2,140.41000000000008,2opt,notBad
10497,2,144.91,2,140.41000000000008,2opt,notBad
10498,2,144.91,2,140.41000000000008,2opt,notBad
10499,2,144.91,2,140.41000000000008,2opt,notBad
10500,2,144.91,2,140.41000000000008,2opt,notBad
10501,2,144.91,2,140.41000000000008,2opt,notBad
10502,2,144.91,2,140.41000000000008,swap,notBad
10503,2,144.91,2,140.41000000000008,move,improve
10504,2,144.91,2,140.41000000000008,move,improve
10505,2,144.91,2,140.41000000000008,move,improve
10506,2,144.91,2,140.41000000000008,move,improve
10507,2,144.91,2,140.41000000000008,move,notBad
10508,2,144.91,2,140.41000000000008,move,improve
10509,2,144.91,2,140.41000000000008,swap,notBad
10510,2,144.91,2,140.41000000000008,move,improve
10511,2,144.91,2,140.41000000000008,move,improve
10512,2,144.91,2,140.41000000000008,2opt,notBad
10513,2,144.91,2,140.41000000000008,swap,notBad
10514,2,144.91,2,140.41000000000008,move,improve
10515,2,144.91,2,140.41000000000008,2opt,notBad
10516,2,144.91,2,140.41000000000008,swap,notBad
10517,2,144.91,2,140.41000000000008,move,improve
10518,2,144.91,2,140.41000000000008,move,improve
10519,2,144.91,2,140.41000000000008,swap,notBad
10520,2,144.91,2,140.41000000000008,move,improve
10521,2,144.91,2,140.41000000000008,move,improve
10522,2,144.91,2,140.41000000000008,move,improve
10523,2,144.91,2,140.41000000000008,move,improve
10524,2,144.91,2,140.41000000000008,move,improve
10525,2,144.91,2,140.41000000000008,swap,notBad
10526,2,144.91,2,140.41000000000008,swap,notBad
10527,2,144.91,2,140.41000000000008,swap,notBad
10528,2,144.91,2,140.41000000000008,swap,notBad
10529,2,144.91,2,140.41000000000008,move,improve
10530,2,144.91,2,140.41000000000008,move,improve
10531,2,144.91,2,140.41000000000008,2opt,notBad
10532,2,144.91,2,140.41000000000008,swap,notBad
10533,2,144.91,2,140.41000000000008,swap,notBad
10534,2,145.14999999999998,2,140.41000000000008,swap,acceptBad
10535,2,145.14999999999998,2,140.41000000000008,2opt,notBad
10536,2,145.14999999999998,2,140.41000000000008,swap,notBad
10537,2,145.14999999999998,2,140.41000000000008,swap,notBad
10538,2,145.14999999999998,2,140.41000000000008,move,improve
10539,2,145.14999999999998,2,140.41000000000008,swap,notBad
10540,2,145.14999999999998,2,140.41000000000008,2opt,notBad
10541,2,145.14999999999998,2,140.41000000000008,move,improve
10542,2,145.14999999999998,2,140.41000000000008,move,improve
10543,2,145.14999999999998,2,140.41000000000008,2opt,notBad
10544,2,145.14999999999998,2,140.41000000000008,2opt,notBad
10545,2,145.14999999999998,2,140.41000000000008,swap,notBad
10546,2,145.14999999999998,2,140.41000000000008,move,improve
10547,2,145.14999999999998,2,140.41000000000008,move,improve
10548,2,145.14999999999998,2,140.41000000000008,2opt,notBad
10549,2,145.14999999999998,2,140.41000000000008,move,improve
10550,2,145.14999999999998,2,140.41000000000008,swap,notBad
10551,2,145.14999999999998,2,140.41000000000008,2opt,notBad
10552,2,145.14999999999998,2,140.41000000000008,2opt,notBad
10553,2,145.14999999999998,2,140.41000000000008,2opt,notBad
10554,2,145.14999999999998,2,140.41000000000008,2opt,notBad
10555,2,145.14999999999998,2,140.41000000000008,move,improve
10556,2,145.14999999999998,2,140.41000000000008,swap,notBad
10557,2,145.14999999999998,2,140.41000000000008,2opt,notBad
10558,2,145.14999999999998,2,140.41000000000008,swap,notBad
10559,2,144.91,2,140.41000000000008,move,improve
10560,2,144.91,2,140.41000000000008,swap,notBad
10561,2,144.91,2,140.41000000000008,swap,notBad
10562,2,144.91,2,140.41000000000008,2opt,notBad
10563,2,144.91,2,140.41000000000008,swap,notBad
10564,2,144.91,2,140.41000000000008,swap,notBad
10565,2,144.91,2,140.41000000000008,2opt,notBad
10566,2,144.91,2,140.41000000000008,move,notBad
10567,2,144.91,2,140.41000000000008,move,improve
10568,2,144.91,2,140.41000000000008,2opt,notBad
10569,2,144.91,2,140.41000000000008,move,improve
10570,2,144.91,2,140.41000000000008,2opt,notBad
10571,2,144.91,2,140.41000000000008,move,improve
10572,2,144.91,2,140.41000000000008,swap,notBad
10573,2,144.91,2,140.41000000000008,move,improve
10574,2,144.91,2,140.41000000000008,swap,notBad
10575,2,144.91,2,140.41000000000008,2opt,notBad
10576,2,144.91,2,140.41000000000008,move,improve
10577,2,144.91,2,140.41000000000008,move,improve
10578,2,144.91,2,140.41000000000008,swap,notBad
10579,2,144.91,2,140.41000000000008,2opt,notBad
10580,2,144.91,2,140.41000000000008,swap,notBad
10581,2,144.91,2,140.41000000000008,move,improve
10582,2,144.91,2,140.41000000000008,swap,notBad
10583,2,144.91,2,140.41000000000008,2opt,notBad
10584,2,144.91,2,140.41000000000008,2opt,notBad
10585,2,144.91,2,140.41000000000008,swap,notBad
10586,2,144.91,2,140.41000000000008,move,improve
10587,2,144.91,2,140.41000000000008,swap,notBad
10588,2,144.91,2,140.41000000000008,swap,notBad
10589,2,144.91,2,140.41000000000008,2opt,improve
10590,2,144.91,2,140.41000000000008,2opt,notBad
10591,2,144.91,2,140.41000000000008,swap,notBad
10592,2,144.91,2,140.41000000000008,swap,notBad
10593,2,144.91,2,140.41000000000008,2opt,notBad
10594,2,144.91,2,140.41000000000008,move,improve
10595,2,144.91,2,140.41000000000008,move,improve
10596,2,144.91,2,140.41000000000008,swap,notBad
10597,2,144.91,2,140.41000000000008,move,improve
10598,2,144.91,2,140.41000000000008,move,improve
10599,2,144.91,2,140.41000000000008,2opt,notBad
10600,2,144.91,2,140.41000000000008,2opt,notBad
10601,2,144.91,2,140.41000000000008,swap,notBad
10602,2,144.91,2,140.41000000000008,2opt,notBad
10603,2,144.91,2,140.41000000000008,2opt,notBad
10604,2,144.91,2,140.41000000000008,swap,notBad
10605,2,144.91,2,140.41000000000008,2opt,notBad
10606,2,144.91,2,140.41000000000008,swap,notBad
10607,2,144.91,2,140.41000000000008,move,improve
10608,2,144.91,2,140.41000000000008,swap,notBad
10609,2,144.91,2,140.41000000000008,swap,notBad
10610,2,144.91,2,140.41000000000008,move,improve
10611,2,144.91,2,140.41000000000008,swap,notBad
10612,2,144.91,2,140.41000000000008,swap,notBad
10613,2,144.91,2,140.41000000000008,2opt,notBad
10614,2,144.91,2,140.41000000000008,move,improve
10615,2,144.91,2,140.41000000000008,2opt,notBad
10616,2,144.91,2,140.41000000000008,swap,notBad
10617,2,144.91,2,140.41000000000008,2opt,improve
10618,2,144.91,2,140.41000000000008,move,improve
10619,2,144.91,2,140.41000000000008,move,improve
10620,2,144.91,2,140.41000000000008,swap,notBad
10621,2,144.91,2,140.41000000000008,2opt,notBad
10622,2,144.91,2,140.41000000000008,swap,notBad
10623,2,144.91,2,140.41000000000008,move,improve
10624,2,144.91,2,140.41000000000008,swap,notBad
10625,2,144.91,2,140.41000000000008,swap,notBad
10626,2,144.91,2,140.41000000000008,2opt,notBad
10627,2,144.91,2,140.41000000000008,move,improve
10628,2,144.91,2,140.41000000000008,move,improve
10629,2,144.91,2,140.41000000000008,2opt,notBad
10630,2,144.91,2,140.41000000000008,move,improve
10631,2,144.91,2,140.41000000000008,2opt,notBad
10632,2,144.91,2,140.41000000000008,2opt,notBad
10633,2,144.91,2,140.41000000000008,move,improve
10634,2,144.91,2,140.41000000000008,2opt,notBad
10635,2,144.91,2,140.41000000000008,move,improve
10636,2,144.91,2,140.41000000000008,swap,notBad
10637,2,144.91,2,140.41000000000008,2opt,notBad
10638,2,144.91,2,140.41000000000008,swap,notBad
10639,2,144.91,2,140.41000000000008,move,improve
10640,2,144.91,2,140.41000000000008,swap,notBad
10641,2,144.91,2,140.41000000000008,move,improve
10642,2,144.91,2,140.41000000000008,move,improve
10643,2,144.91,2,140.41000000000008,move,improve
10644,2,144.91,2,140.41000000000008,move,improve
10645,2,144.91,2,140.41000000000008,2opt,notBad
10646,2,144.91,2,140.41000000000008,move,improve
10647,2,144.91,2,140.41000000000008,2opt,notBad
10648,2,144.91,2,140.41000000000008,move,improve
10649,2,144.91,2,140.41000000000008,2opt,notBad
10650,2,144.91,2,140.41000000000008,swap,notBad
10651,2,144.91,2,140.41000000000008,2opt,notBad
10652,2,144.91,2,140.41000000000008,swap,notBad
10653,2,144.91,2,140.41000000000008,swap,notBad
10654,2,144.91,2,140.41000000000008,swap,notBad
10655,2,144.91,2,140.41000000000008,swap,notBad
10656,2,144.91,2,140.41000000000008,swap,notBad
10657,2,144.91,2,140.41000000000008,swap,notBad
10658,2,144.91,2,140.41000000000008,move,improve
10659,2,144.91,2,140.41000000000008,move,improve
10660,2,144.91,2,140.41000000000008,swap,notBad
10661,2,144.91,2,140.41000000000008,swap,notBad
10662,2,144.91,2,140.41000000000008,2opt,notBad
10663,2,144.91,2,140.41000000000008,swap,notBad
10664,2,144.91,2,140.41000000000008,move,improve
10665,2,144.91,2,140.41000000000008,2opt,notBad
10666,2,144.91,2,140.41000000000008,2opt,improve
10667,2,144.91,2,140.41000000000008,move,improve
10668,2,144.91,2,140.41000000000008,2opt,notBad
10669,2,144.91,2,140.41000000000008,move,improve
10670,2,144.91,2,140.41000000000008,2opt,notBad
10671,2,144.91,2,140.41000000000008,swap,notBad
10672,2,144.91,2,140.41000000000008,2opt,improve
10673,2,144.91,2,140.41000000000008,swap,notBad
10674,2,144.91,2,140.41000000000008,2opt,improve
10675,2,144.91,2,140.41000000000008,2opt,notBad
10676,2,144.91,2,140.41000000000008,swap,notBad
10677,2,144.91,2,140.41000000000008,move,improve
10678,2,144.91,2,140.41000000000008,2opt,improve
10679,2,144.91,2,140.41000000000008,move,improve
10680,2,144.91,2,140.41000000000008,swap,notBad
10681,2,144.91,2,140.41000000000008,2opt,notBad
10682,2,144.91,2,140.41000000000008,2opt,notBad
10683,2,144.91,2,140.41000000000008,2opt,notBad
10684,2,144.91,2,140.41000000000008,swap,notBad
10685,2,144.91,2,140.41000000000008,2opt,notBad
10686,2,144.91,2,140.41000000000008,move,improve
10687,2,144.91,2,140.41000000000008,swap,notBad
10688,2,144.91,2,140.41000000000008,swap,notBad
10689,2,144.91,2,140.41000000000008,move,improve
10690,2,144.91,2,140.41000000000008,move,improve
10691,2,144.91,2,140.41000000000008,swap,notBad
10692,2,144.91,2,140.41000000000008,swap,notBad
10693,2,144.91,2,140.41000000000008,swap,notBad
10694,2,144.91,2,140.41000000000008,swap,notBad
10695,2,144.91,2,140.41000000000008,swap,notBad
10696,2,144.91,2,140.41000000000008,swap,notBad
10697,2,144.91,2,140.41000000000008,move,improve
10698,2,144.91,2,140.41000000000008,swap,notBad
10699,2,144.91,2,140.41000000000008,2opt,notBad
10700,2,144.91,2,140.41000000000008,move,improve
10701,2,144.91,2,140.41000000000008,swap,notBad
10702,2,144.91,2,140.41000000000008,swap,notBad
10703,2,144.91,2,140.41000000000008,swap,notBad
10704,2,144.91,2,140.41000000000008,2opt,improve
10705,2,144.91,2,140.41000000000008,2opt,notBad
10706,2,144.91,2,140.41000000000008,move,notBad
10707,2,144.91,2,140.41000000000008,swap,notBad
10708,2,144.91,2,140.41000000000008,2opt,notBad
10709,2,144.91,2,140.41000000000008,move,improve
10710,2,144.91,2,140.41000000000008,swap,notBad
10711,2,144.91,2,140.41000000000008,2opt,notBad
10712,2,144.91,2,140.41000000000008,move,improve
10713,2,144.91,2,140.41000000000008,swap,notBad
10714,2,144.91,2,140.41000000000008,swap,notBad
10715,2,144.91,2,140.41000000000008,swap,notBad
10716,2,144.91,2,140.41000000000008,move,improve
10717,2,144.91,2,140.41000000000008,swap,notBad
10718,2,144.91,2,140.41000000000008,move,improve
10719,2,144.91,2,140.41000000000008,swap,notBad
10720,2,144.91,2,140.41000000000008,2opt,notBad
10721,2,144.91,2,140.41000000000008,swap,notBad
10722,2,144.91,2,140.41000000000008,2opt,notBad
10723,2,144.91,2,140.41000000000008,2opt,notBad
10724,2,144.91,2,140.41000000000008,move,improve
10725,2,144.91,2,140.41000000000008,swap,notBad
10726,2,144.91,2,140.41000000000008,move,improve
10727,2,144.91,2,140.41000000000008,move,improve
10728,2,144.91,2,140.41000000000008,2opt,notBad
10729,2,144.91,2,140.41000000000008,move,improve
10730,2,144.91,2,140.41000000000008,move,improve
10731,2,144.91,2,140.41000000000008,move,improve
10732,2,144.91,2,140.41000000000008,move,improve
10733,2,144.91,2,140.41000000000008,move,improve
10734,2,144.91,2,140.41000000000008,swap,notBad
10735,2,144.91,2,140.41000000000008,2opt,notBad
10736,2,144.91,2,140.41000000000008,swap,notBad
10737,2,144.91,2,140.41000000000008,2opt,notBad
10738,2,144.91,2,140.41000000000008,move,improve
10739,2,144.91,2,140.41000000000008,swap,notBad
10740,2,144.91,2,140.41000000000008,move,improve
10741,2,144.91,2,140.41000000000008,2opt,improve
10742,2,144.91,2,140.41000000000008,move,improve
10743,2,144.91,2,140.41000000000008,2opt,notBad
10744,2,144.91,2,140.41000000000008,swap,notBad
10745,2,144.91,2,140.41000000000008,2opt,notBad
10746,2,144.91,2,140.41000000000008,2opt,notBad
10747,2,144.91,2,140.41000000000008,swap,notBad
10748,2,144.91,2,140.41000000000008,move,improve
10749,2,144.91,2,140.41000000000008,move,improve
10750,2,144.91,2,140.41000000000008,move,improve
10751,2,144.91,2,140.41000000000008,2opt,notBad
10752,2,144.91,2,140.41000000000008,move,improve
10753,2,144.91,2,140.41000000000008,swap,notBad
10754,2,144.91,2,140.41000000000008,2opt,notBad
10755,2,144.91,2,140.41000000000008,move,improve
10756,2,144.91,2,140.41000000000008,2opt,notBad
10757,2,144.91,2,140.41000000000008,swap,notBad
10758,2,144.91,2,140.41000000000008,2opt,notBad
10759,2,144.91,2,140.41000000000008,2opt,notBad
10760,2,144.91,2,140.41000000000008,move,improve
10761,2,144.91,2,140.41000000000008,swap,notBad
10762,2,144.91,2,140.41000000000008,swap,notBad
10763,2,144.91,2,140.41000000000008,2opt,notBad
10764,2,144.91,2,140.41000000000008,2opt,notBad
10765,2,144.91,2,140.41000000000008,move,improve
10766,2,144.91,2,140.41000000000008,2opt,notBad
10767,2,144.91,2,140.41000000000008,move,improve
10768,2,144.91,2,140.41000000000008,2opt,notBad
10769,2,144.91,2,140.41000000000008,2opt,notBad
10770,2,144.91,2,140.41000000000008,2opt,notBad
10771,2,144.91,2,140.41000000000008,2opt,notBad
10772,2,144.91,2,140.41000000000008,swap,notBad
10773,2,144.91,2,140.41000000000008,2opt,notBad
10774,2,144.91,2,140.41000000000008,move,improve
10775,2,144.91,2,140.41000000000008,2opt,notBad
10776,2,144.91,2,140.41000000000008,move,improve
10777,2,144.91,2,140.41000000000008,swap,notBad
10778,2,144.91,2,140.41000000000008,2opt,notBad
10779,2,144.91,2,140.41000000000008,swap,notBad
10780,2,144.91,2,140.41000000000008,move,improve
10781,2,144.91,2,140.41000000000008,swap,notBad
10782,2,144.91,2,140.41000000000008,move,improve
10783,2,144.91,2,140.41000000000008,move,improve
10784,2,144.91,2,140.41000000000008,2opt,notBad
10785,2,144.91,2,140.41000000000008,swap,notBad
10786,2,144.91,2,140.41000000000008,2opt,notBad
10787,2,144.91,2,140.41000000000008,swap,notBad
10788,2,144.91,2,140.41000000000008,swap,notBad
10789,2,144.91,2,140.41000000000008,2opt,notBad
10790,2,144.91,2,140.41000000000008,2opt,notBad
10791,2,144.91,2,140.41000000000008,swap,notBad
10792,2,144.91,2,140.41000000000008,swap,notBad
10793,2,144.91,2,140.41000000000008,swap,notBad
10794,2,144.91,2,140.41000000000008,swap,notBad
10795,2,144.91,2,140.41000000000008,swap,notBad
10796,2,144.91,2,140.41000000000008,2opt,notBad
10797,2,144.91,2,140.41000000000008,2opt,notBad
10798,2,144.91,2,140.41000000000008,2opt,notBad
10799,2,144.91,2,140.41000000000008,move,improve
10800,2,144.91,2,140.41000000000008,2opt,notBad
10801,2,144.91,2,140.41000000000008,2opt,notBad
10802,2,144.91,2,140.41000000000008,move,improve
10803,2,144.91,2,140.41000000000008,move,improve
10804,2,144.91,2,140.41000000000008,move,improve
10805,2,144.91,2,140.41000000000008,2opt,notBad
10806,2,144.91,2,140.41000000000008,2opt,notBad
10807,2,144.91,2,140.41000000000008,move,improve
10808,2,144.91,2,140.41000000000008,2opt,notBad
10809,2,144.91,2,140.41000000000008,2opt,notBad
10810,2,144.91,2,140.41000000000008,2opt,notBad
10811,2,144.91,2,140.41000000000008,move,improve
10812,2,144.91,2,140.41000000000008,move,improve
10813,2,144.91,2,140.41000000000008,swap,notBad
10814,2,144.91,2,140.41000000000008,2opt,notBad
10815,2,144.91,2,140.41000000000008,move,improve
10816,2,144.91,2,140.41000000000008,swap,notBad
10817,2,144.91,2,140.41000000000008,move,improve
10818,2,144.91,2,140.41000000000008,move,improve
10819,2,144.91,2,140.41000000000008,2opt,notBad
10820,2,144.91,2,140.41000000000008,move,improve
10821,2,144.91,2,140.41000000000008,move,improve
10822,2,144.91,2,140.41000000000008,swap,notBad
10823,2,144.91,2,140.41000000000008,swap,notBad
10824,2,144.91,2,140.41000000000008,swap,notBad
10825,2,144.91,2,140.41000000000008,move,improve
10826,2,144.91,2,140.41000000000008,swap,notBad
10827,2,144.91,2,140.41000000000008,move,improve
10828,2,144.91,2,140.41000000000008,move,notBad
10829,2,144.91,2,140.41000000000008,2opt,notBad
10830,2,144.91,2,140.41000000000008,2opt,notBad
10831,2,144.91,2,140.41000000000008,2opt,notBad
10832,2,144.91,2,140.41000000000008,swap,notBad
10833,2,144.91,2,140.41000000000008,2opt,notBad
10834,2,144.91,2,140.41000000000008,swap,notBad
10835,2,144.91,2,140.41000000000008,swap,notBad
10836,2,144.91,2,140.41000000000008,2opt,notBad
10837,2,144.91,2,140.41000000000008,2opt,notBad
10838,2,144.91,2,140.41000000000008,move,improve
10839,2,144.91,2,140.41000000000008,2opt,notBad
10840,2,144.91,2,140.41000000000008,move,improve
10841,2,144.91,2,140.41000000000008,2opt,notBad
10842,2,144.91,2,140.41000000000008,2opt,improve
10843,2,144.91,2,140.41000000000008,2opt,notBad
10844,2,144.91,2,140.41000000000008,2opt,notBad
10845,2,144.91,2,140.41000000000008,move,improve
10846,2,144.91,2,140.41000000000008,swap,notBad
10847,2,144.91,2,140.41000000000008,2opt,notBad
10848,2,144.91,2,140.41000000000008,2opt,notBad
10849,2,144.91,2,140.41000000000008,2opt,notBad
10850,2,144.91,2,140.41000000000008,swap,notBad
10851,2,144.91,2,140.41000000000008,swap,notBad
10852,2,144.91,2,140.41000000000008,swap,notBad
10853,2,144.91,2,140.41000000000008,swap,notBad
10854,2,144.91,2,140.41000000000008,move,improve
10855,2,144.91,2,140.41000000000008,swap,notBad
10856,2,144.91,2,140.41000000000008,2opt,notBad
10857,2,144.91,2,140.41000000000008,swap,notBad
10858,2,144.91,2,140.41000000000008,move,improve
10859,2,144.91,2,140.41000000000008,swap,notBad
10860,2,144.91,2,140.41000000000008,swap,notBad
10861,2,144.91,2,140.41000000000008,2opt,notBad
10862,2,144.91,2,140.41000000000008,swap,notBad
10863,2,144.91,2,140.41000000000008,2opt,notBad
10864,2,144.91,2,140.41000000000008,2opt,notBad
10865,2,144.91,2,140.41000000000008,2opt,notBad
10866,2,144.91,2,140.41000000000008,move,improve
10867,2,144.91,2,140.41000000000008,move,improve
10868,2,144.91,2,140.41000000000008,swap,notBad
10869,2,144.91,2,140.41000000000008,swap,notBad
10870,2,144.91,2,140.41000000000008,swap,notBad
10871,2,144.91,2,140.41000000000008,move,improve
10872,2,144.91,2,140.41000000000008,2opt,notBad
10873,2,144.91,2,140.41000000000008,swap,notBad
10874,2,144.91,2,140.41000000000008,2opt,notBad
10875,2,144.91,2,140.41000000000008,2opt,notBad
10876,2,144.91,2,140.41000000000008,swap,notBad
10877,2,144.91,2,140.41000000000008,swap,notBad
10878,2,144.91,2,140.41000000000008,move,improve
10879,2,144.91,2,140.41000000000008,swap,notBad
10880,2,144.91,2,140.41000000000008,2opt,notBad
10881,2,144.91,2,140.41000000000008,2opt,notBad
10882,2,144.91,2,140.41000000000008,swap,notBad
10883,2,144.91,2,140.41000000000008,swap,notBad
10884,2,144.91,2,140.41000000000008,move,improve
10885,2,144.91,2,140.41000000000008,swap,notBad
10886,2,144.91,2,140.41000000000008,2opt,notBad
10887,2,144.91,2,140.41000000000008,2opt,notBad
10888,2,144.91,2,140.41000000000008,swap,notBad
10889,2,144.91,2,140.41000000000008,swap,notBad
10890,2,144.91,2,140.41000000000008,2opt,notBad
10891,2,144.91,2,140.41000000000008,swap,notBad
10892,2,144.91,2,140.41000000000008,move,improve
10893,2,144.91,2,140.41000000000008,swap,notBad
10894,2,144.91,2,140.41000000000008,move,improve
10895,2,144.91,2,140.41000000000008,swap,notBad
10896,2,144.91,2,140.41000000000008,swap,notBad
10897,2,144.91,2,140.41000000000008,swap,notBad
10898,2,144.91,2,140.41000000000008,2opt,notBad
10899,2,144.91,2,140.41000000000008,swap,notBad
10900,2,144.91,2,140.41000000000008,2opt,notBad
10901,2,144.91,2,140.41000000000008,swap,notBad
10902,2,144.91,2,140.41000000000008,move,improve
10903,2,144.91,2,140.41000000000008,move,improve
10904,2,144.91,2,140.41000000000008,move,improve
10905,2,144.91,2,140.41000000000008,2opt,notBad
10906,2,144.91,2,140.41000000000008,2opt,notBad
10907,2,144.91,2,140.41000000000008,swap,notBad
10908,2,144.91,2,140.41000000000008,2opt,notBad
10909,2,144.91,2,140.41000000000008,move,improve
10910,2,144.91,2,140.41000000000008,2opt,notBad
10911,2,144.91,2,140.41000000000008,swap,notBad
10912,2,144.91,2,140.41000000000008,swap,notBad
10913,2,144.91,2,140.41000000000008,swap,notBad
10914,2,144.91,2,140.41000000000008,swap,notBad
10915,2,144.91,2,140.41000000000008,2opt,notBad
10916,2,144.91,2,140.41000000000008,2opt,notBad
10917,2,144.91,2,140.41000000000008,2opt,notBad
10918,2,144.91,2,140.41000000000008,move,improve
10919,2,144.91,2,140.41000000000008,swap,notBad
10920,2,144.91,2,140.41000000000008,swap,notBad
10921,2,144.91,2,140.41000000000008,move,improve
10922,2,144.91,2,140.41000000000008,move,notBad
10923,2,144.91,2,140.41000000000008,move,improve
10924,2,144.91,2,140.41000000000008,swap,notBad
10925,2,144.91,2,140.41000000000008,move,improve
10926,2,144.91,2,140.41000000000008,move,improve
10927,2,144.91,2,140.41000000000008,move,improve
10928,2,144.91,2,140.41000000000008,2opt,notBad
10929,2,144.91,2,140.41000000000008,swap,notBad
10930,2,144.91,2,140.41000000000008,swap,notBad
10931,2,144.91,2,140.41000000000008,swap,notBad
10932,2,144.91,2,140.41000000000008,2opt,notBad
10933,2,144.91,2,140.41000000000008,2opt,notBad
10934,2,144.91,2,140.41000000000008,move,improve
10935,2,144.91,2,140.41000000000008,move,notBad
10936,2,144.91,2,140.41000000000008,2opt,notBad
10937,2,144.91,2,140.41000000000008,move,improve
10938,2,144.91,2,140.41000000000008,2opt,notBad
10939,2,144.91,2,140.41000000000008,2opt,notBad
10940,2,144.91,2,140.41000000000008,2opt,notBad
10941,2,144.91,2,140.41000000000008,2opt,improve
10942,2,144.91,2,140.41000000000008,swap,notBad
10943,2,144.91,2,140.41000000000008,move,improve
10944,2,144.91,2,140.41000000000008,move,improve
10945,2,144.91,2,140.41000000000008,swap,notBad
10946,2,144.91,2,140.41000000000008,move,improve
10947,2,144.91,2,140.41000000000008,2opt,notBad
10948,2,144.91,2,140.41000000000008,swap,notBad
10949,2,144.91,2,140.41000000000008,swap,notBad
10950,2,144.91,2,140.41000000000008,2opt,notBad
10951,2,144.91,2,140.41000000000008,2opt,notBad
10952,2,144.91,2,140.41000000000008,move,improve
10953,2,144.91,2,140.41000000000008,swap,notBad
10954,2,144.91,2,140.41000000000008,move,improve
10955,2,144.91,2,140.41000000000008,swap,notBad
10956,2,144.91,2,140.41000000000008,2opt,notBad
10957,2,144.91,2,140.41000000000008,swap,notBad
10958,2,144.91,2,140.41000000000008,move,notBad
10959,2,144.91,2,140.41000000000008,swap,notBad
10960,2,144.91,2,140.41000000000008,move,improve
10961,2,144.91,2,140.41000000000008,2opt,notBad
10962,2,144.91,2,140.41000000000008,2opt,improve
10963,2,144.91,2,140.41000000000008,swap,notBad
10964,2,144.91,2,140.41000000000008,move,improve
10965,2,144.91,2,140.41000000000008,2opt,notBad
10966,2,144.91,2,140.41000000000008,swap,notBad
10967,2,144.91,2,140.41000000000008,move,improve
10968,2,144.91,2,140.41000000000008,move,improve
10969,2,144.91,2,140.41000000000008,2opt,notBad
10970,2,144.91,2,140.41000000000008,2opt,notBad
10971,2,144.91,2,140.41000000000008,2opt,notBad
10972,2,144.91,2,140.41000000000008,2opt,notBad
10973,2,144.91,2,140.41000000000008,move,improve
10974,2,144.91,2,140.41000000000008,2opt,notBad
10975,2,144.91,2,140.41000000000008,move,improve
10976,2,144.91,2,140.41000000000008,2opt,notBad
10977,2,144.91,2,140.41000000000008,2opt,notBad
10978,2,144.91,2,140.41000000000008,move,improve
10979,2,144.91,2,140.41000000000008,move,improve
10980,2,144.91,2,140.41000000000008,swap,notBad
10981,2,144.91,2,140.41000000000008,move,improve
10982,2,144.91,2,140.41000000000008,swap,notBad
10983,2,144.91,2,140.41000000000008,swap,notBad
10984,2,144.91,2,140.41000000000008,swap,notBad
10985,2,144.91,2,140.41000000000008,swap,notBad
10986,2,144.91,2,140.41000000000008,2opt,improve
10987,2,144.91,2,140.41000000000008,2opt,notBad
10988,2,144.91,2,140.41000000000008,2opt,notBad
10989,2,144.91,2,140.41000000000008,move,improve
10990,2,144.91,2,140.41000000000008,2opt,notBad
10991,2,144.91,2,140.41000000000008,2opt,notBad
10992,2,144.91,2,140.41000000000008,swap,notBad
10993,2,144.91,2,140.41000000000008,2opt,notBad
10994,2,144.91,2,140.41000000000008,2opt,notBad
10995,2,144.91,2,140.41000000000008,2opt,notBad
10996,2,144.91,2,140.41000000000008,move,improve
10997,2,144.91,2,140.41000000000008,2opt,notBad
10998,2,144.91,2,140.41000000000008,2opt,notBad
10999,2,144.91,2,140.41000000000008,swap,notBad
11000,2,144.91,2,140.41000000000008,swap,notBad
11001,2,144.91,2,140.41000000000008,move,improve
11002,2,144.91,2,140.41000000000008,move,improve
11003,2,144.91,2,140.41000000000008,swap,notBad
11004,2,144.91,2,140.41000000000008,move,improve
11005,2,144.91,2,140.41000000000008,swap,notBad
11006,2,144.91,2,140.41000000000008,swap,notBad
11007,2,144.91,2,140.41000000000008,2opt,notBad
11008,2,144.91,2,140.41000000000008,swap,notBad
11009,2,144.91,2,140.41000000000008,swap,notBad
11010,2,144.91,2,140.41000000000008,2opt,notBad
11011,2,144.91,2,140.41000000000008,move,improve
11012,2,144.91,2,140.41000000000008,2opt,improve
11013,2,144.91,2,140.41000000000008,move,improve
11014,2,144.91,2,140.41000000000008,move,improve
11015,2,144.91,2,140.41000000000008,move,improve
11016,2,144.91,2,140.41000000000008,2opt,notBad
11017,2,144.91,2,140.41000000000008,2opt,notBad
11018,2,144.91,2,140.41000000000008,move,improve
11019,2,144.91,2,140.41000000000008,swap,notBad
11020,2,144.91,2,140.41000000000008,2opt,notBad
11021,2,144.91,2,140.41000000000008,swap,notBad
11022,2,144.91,2,140.41000000000008,2opt,notBad
11023,2,144.91,2,140.41000000000008,2opt,notBad
11024,2,144.91,2,140.41000000000008,move,improve
11025,2,144.91,2,140.41000000000008,2opt,notBad
11026,2,144.91,2,140.41000000000008,move,improve
11027,2,144.91,2,140.41000000000008,2opt,notBad
11028,2,144.91,2,140.41000000000008,swap,notBad
11029,2,144.91,2,140.41000000000008,move,improve
11030,2,144.91,2,140.41000000000008,2opt,notBad
11031,2,144.91,2,140.41000000000008,2opt,notBad
11032,2,144.91,2,140.41000000000008,2opt,notBad
11033,2,144.91,2,140.41000000000008,move,improve
11034,2,144.91,2,140.41000000000008,move,improve
11035,2,144.91,2,140.41000000000008,move,improve
11036,2,144.91,2,140.41000000000008,2opt,notBad
11037,2,144.91,2,140.41000000000008,swap,notBad
11038,2,144.91,2,140.41000000000008,move,improve
11039,2,144.91,2,140.41000000000008,2opt,improve
11040,2,144.91,2,140.41000000000008,swap,notBad
11041,2,144.91,2,140.41000000000008,move,improve
11042,2,144.91,2,140.41000000000008,swap,notBad
11043,2,144.91,2,140.41000000000008,2opt,notBad
11044,2,144.91,2,140.41000000000008,swap,notBad
11045,2,144.91,2,140.41000000000008,move,improve
11046,2,144.91,2,140.41000000000008,2opt,notBad
11047,2,144.91,2,140.41000000000008,move,improve
11048,2,144.91,2,140.41000000000008,2opt,notBad
11049,2,144.91,2,140.41000000000008,2opt,improve
11050,2,144.91,2,140.41000000000008,move,improve
11051,2,144.91,2,140.41000000000008,swap,notBad
11052,2,144.91,2,140.41000000000008,2opt,notBad
11053,2,144.91,2,140.41000000000008,2opt,notBad
11054,2,144.91,2,140.41000000000008,2opt,notBad
11055,2,144.91,2,140.41000000000008,swap,notBad
11056,2,144.91,2,140.41000000000008,swap,notBad
11057,2,144.91,2,140.41000000000008,2opt,notBad
11058,2,144.91,2,140.41000000000008,move,improve
11059,2,144.91,2,140.41000000000008,move,improve
11060,2,144.91,2,140.41000000000008,swap,notBad
11061,2,144.91,2,140.41000000000008,2opt,notBad
11062,2,144.91,2,140.41000000000008,swap,notBad
11063,2,144.91,2,140.41000000000008,swap,notBad
11064,2,144.91,2,140.41000000000008,2opt,notBad
11065,2,144.91,2,140.41000000000008,swap,notBad
11066,2,144.91,2,140.41000000000008,move,improve
11067,2,144.91,2,140.41000000000008,swap,notBad
11068,2,144.91,2,140.41000000000008,2opt,notBad
11069,2,144.91,2,140.41000000000008,2opt,notBad
11070,2,144.91,2,140.41000000000008,swap,notBad
11071,2,144.91,2,140.41000000000008,2opt,improve
11072,2,144.91,2,140.41000000000008,swap,notBad
11073,2,144.91,2,140.41000000000008,2opt,notBad
11074,2,144.91,2,140.41000000000008,move,improve
11075,2,144.91,2,140.41000000000008,swap,notBad
11076,2,144.91,2,140.41000000000008,swap,notBad
11077,2,144.91,2,140.41000000000008,2opt,notBad
11078,2,144.91,2,140.41000000000008,swap,notBad
11079,2,144.91,2,140.41000000000008,swap,notBad
11080,2,144.91,2,140.41000000000008,swap,notBad
11081,2,144.91,2,140.41000000000008,move,improve
11082,2,144.91,2,140.41000000000008,2opt,notBad
11083,2,144.91,2,140.41000000000008,move,improve
11084,2,144.91,2,140.41000000000008,swap,notBad
11085,2,144.91,2,140.41000000000008,2opt,notBad
11086,2,144.91,2,140.41000000000008,move,improve
11087,2,144.91,2,140.41000000000008,2opt,notBad
11088,2,144.91,2,140.41000000000008,move,improve
11089,2,144.91,2,140.41000000000008,move,improve
11090,2,144.91,2,140.41000000000008,swap,notBad
11091,2,144.91,2,140.41000000000008,2opt,notBad
11092,2,144.91,2,140.41000000000008,move,improve
11093,2,144.91,2,140.41000000000008,2opt,notBad
11094,2,144.91,2,140.41000000000008,swap,notBad
11095,2,144.91,2,140.41000000000008,2opt,notBad
11096,2,144.91,2,140.41000000000008,2opt,notBad
11097,2,144.91,2,140.41000000000008,2opt,notBad
11098,2,144.91,2,140.41000000000008,2opt,notBad
11099,2,144.91,2,140.41000000000008,swap,notBad
11100,2,144.91,2,140.41000000000008,swap,notBad
11101,2,144.91,2,140.41000000000008,swap,notBad
11102,2,144.91,2,140.41000000000008,2opt,notBad
11103,2,144.91,2,140.41000000000008,move,improve
11104,2,144.91,2,140.41000000000008,move,improve
11105,2,144.91,2,140.41000000000008,swap,notBad
11106,2,144.91,2,140.41000000000008,2opt,notBad
11107,2,144.91,2,140.41000000000008,move,improve
11108,2,144.91,2,140.41000000000008,move,improve
11109,2,144.91,2,140.41000000000008,move,improve
11110,2,144.91,2,140.41000000000008,2opt,notBad
11111,2,144.91,2,140.41000000000008,swap,notBad
11112,2,144.91,2,140.41000000000008,2opt,notBad
11113,2,144.91,2,140.41000000000008,move,improve
11114,2,144.91,2,140.41000000000008,2opt,notBad
11115,2,144.91,2,140.41000000000008,2opt,notBad
11116,2,144.91,2,140.41000000000008,move,improve
11117,2,144.91,2,140.41000000000008,2opt,notBad
11118,2,144.91,2,140.41000000000008,move,improve
11119,2,144.91,2,140.41000000000008,2opt,notBad
11120,2,144.91,2,140.41000000000008,2opt,improve
11121,2,144.91,2,140.41000000000008,swap,notBad
11122,2,144.91,2,140.41000000000008,2opt,notBad
11123,2,144.91,2,140.41000000000008,move,improve
11124,2,144.91,2,140.41000000000008,swap,notBad
11125,2,144.91,2,140.41000000000008,2opt,notBad
11126,2,144.91,2,140.41000000000008,move,improve
11127,2,144.91,2,140.41000000000008,move,improve
11128,2,144.91,2,140.41000000000008,move,improve
11129,2,144.91,2,140.41000000000008,swap,notBad
11130,2,144.91,2,140.41000000000008,move,improve
11131,2,144.91,2,140.41000000000008,move,improve
11132,2,144.91,2,140.41000000000008,swap,notBad
11133,2,144.91,2,140.41000000000008,swap,notBad
11134,2,144.91,2,140.41000000000008,move,improve
11135,2,144.91,2,140.41000000000008,swap,notBad
11136,2,144.91,2,140.41000000000008,2opt,notBad
11137,2,144.91,2,140.41000000000008,2opt,notBad
11138,2,144.91,2,140.41000000000008,swap,notBad
11139,2,144.91,2,140.41000000000008,swap,notBad
11140,2,144.91,2,140.41000000000008,move,improve
11141,2,144.91,2,140.41000000000008,move,improve
11142,2,144.91,2,140.41000000000008,move,improve
11143,2,144.91,2,140.41000000000008,2opt,notBad
11144,2,144.91,2,140.41000000000008,swap,notBad
11145,2,144.91,2,140.41000000000008,2opt,notBad
11146,2,144.91,2,140.41000000000008,swap,notBad
11147,2,144.91,2,140.41000000000008,2opt,notBad
11148,2,144.91,2,140.41000000000008,move,improve
11149,2,144.91,2,140.41000000000008,swap,notBad
11150,2,144.91,2,140.41000000000008,move,improve
11151,2,144.91,2,140.41000000000008,swap,notBad
11152,2,144.91,2,140.41000000000008,swap,notBad
11153,2,144.91,2,140.41000000000008,2opt,improve
11154,2,144.91,2,140.41000000000008,swap,notBad
11155,2,144.91,2,140.41000000000008,move,notBad
11156,2,144.91,2,140.41000000000008,2opt,notBad
11157,2,144.91,2,140.41000000000008,2opt,notBad
11158,2,144.91,2,140.41000000000008,swap,notBad
11159,2,144.91,2,140.41000000000008,swap,notBad
11160,2,144.91,2,140.41000000000008,move,improve
11161,2,144.91,2,140.41000000000008,move,improve
11162,2,144.91,2,140.41000000000008,swap,notBad
11163,2,144.91,2,140.41000000000008,move,improve
11164,2,144.91,2,140.41000000000008,2opt,improve
11165,2,144.91,2,140.41000000000008,2opt,notBad
11166,2,144.91,2,140.41000000000008,swap,notBad
11167,2,144.91,2,140.41000000000008,move,improve
11168,2,144.91,2,140.41000000000008,move,improve
11169,2,144.91,2,140.41000000000008,swap,notBad
11170,2,144.91,2,140.41000000000008,move,improve
11171,2,144.91,2,140.41000000000008,move,improve
11172,2,144.91,2,140.41000000000008,move,improve
11173,2,144.91,2,140.41000000000008,swap,notBad
11174,2,144.91,2,140.41000000000008,2opt,notBad
11175,2,144.91,2,140.41000000000008,swap,notBad
11176,2,144.91,2,140.41000000000008,2opt,notBad
11177,2,144.91,2,140.41000000000008,2opt,notBad
11178,2,144.91,2,140.41000000000008,move,improve
11179,2,144.91,2,140.41000000000008,2opt,notBad
11180,2,144.91,2,140.41000000000008,2opt,notBad
11181,2,144.91,2,140.41000000000008,2opt,improve
11182,2,144.91,2,140.41000000000008,move,improve
11183,2,144.91,2,140.41000000000008,swap,notBad
11184,2,144.91,2,140.41000000000008,swap,notBad
11185,2,144.91,2,140.41000000000008,move,improve
11186,2,144.91,2,140.41000000000008,2opt,notBad
11187,2,144.91,2,140.41000000000008,2opt,notBad
11188,2,144.91,2,140.41000000000008,move,improve
11189,2,144.91,2,140.41000000000008,swap,notBad
11190,2,144.91,2,140.41000000000008,swap,notBad
11191,2,144.91,2,140.41000000000008,move,improve
11192,2,144.91,2,140.41000000000008,2opt,improve
11193,2,144.91,2,140.41000000000008,move,improve
11194,2,144.91,2,140.41000000000008,swap,notBad
11195,2,144.91,2,140.41000000000008,swap,notBad
11196,2,144.91,2,140.41000000000008,move,improve
11197,2,144.91,2,140.41000000000008,move,improve
11198,2,144.91,2,140.41000000000008,swap,notBad
11199,2,144.91,2,140.41000000000008,2opt,notBad
11200,2,144.91,2,140.41000000000008,swap,notBad
11201,2,144.91,2,140.41000000000008,move,improve
11202,2,144.91,2,140.41000000000008,swap,notBad
11203,2,144.91,2,140.41000000000008,swap,notBad
11204,2,144.91,2,140.41000000000008,2opt,notBad
11205,2,144.91,2,140.41000000000008,move,improve
11206,2,144.91,2,140.41000000000008,2opt,notBad
11207,2,144.91,2,140.41000000000008,move,notBad
11208,2,144.91,2,140.41000000000008,move,improve
11209,2,144.91,2,140.41000000000008,2opt,improve
11210,2,144.91,2,140.41000000000008,move,improve
11211,2,144.91,2,140.41000000000008,move,improve
11212,2,144.91,2,140.41000000000008,2opt,notBad
11213,2,144.91,2,140.41000000000008,swap,notBad
11214,2,144.91,2,140.41000000000008,move,improve
11215,2,144.91,2,140.41000000000008,move,improve
11216,2,144.91,2,140.41000000000008,swap,notBad
11217,2,144.91,2,140.41000000000008,swap,notBad
11218,2,144.91,2,140.41000000000008,swap,notBad
11219,2,144.91,2,140.41000000000008,swap,notBad
11220,2,144.91,2,140.41000000000008,move,improve
11221,2,144.91,2,140.41000000000008,swap,notBad
11222,2,144.91,2,140.41000000000008,swap,notBad
11223,2,144.91,2,140.41000000000008,2opt,notBad
11224,2,144.91,2,140.41000000000008,swap,notBad
11225,2,144.91,2,140.41000000000008,swap,notBad
11226,2,144.91,2,140.41000000000008,move,improve
11227,2,144.91,2,140.41000000000008,2opt,notBad
11228,2,144.91,2,140.41000000000008,2opt,notBad
11229,2,144.91,2,140.41000000000008,2opt,improve
11230,2,144.91,2,140.41000000000008,move,improve
11231,2,144.91,2,140.41000000000008,swap,notBad
11232,2,144.91,2,140.41000000000008,2opt,improve
11233,2,144.91,2,140.41000000000008,2opt,notBad
11234,2,144.91,2,140.41000000000008,swap,notBad
11235,2,144.91,2,140.41000000000008,2opt,notBad
11236,2,144.91,2,140.41000000000008,2opt,improve
11237,2,144.91,2,140.41000000000008,move,improve
11238,2,144.91,2,140.41000000000008,move,improve
11239,2,144.91,2,140.41000000000008,swap,notBad
11240,2,144.91,2,140.41000000000008,move,improve
11241,2,144.91,2,140.41000000000008,2opt,notBad
11242,2,144.91,2,140.41000000000008,move,improve
11243,2,144.91,2,140.41000000000008,move,improve
11244,2,144.91,2,140.41000000000008,2opt,notBad
11245,2,144.91,2,140.41000000000008,move,improve
11246,2,144.91,2,140.41000000000008,move,improve
11247,2,144.91,2,140.41000000000008,move,improve
11248,2,144.91,2,140.41000000000008,move,improve
11249,2,144.91,2,140.41000000000008,swap,notBad
11250,2,144.91,2,140.41000000000008,swap,notBad
11251,2,144.91,2,140.41000000000008,move,improve
11252,2,144.91,2,140.41000000000008,2opt,notBad
11253,2,144.91,2,140.41000000000008,2opt,notBad
11254,2,144.91,2,140.41000000000008,swap,notBad
11255,2,144.91,2,140.41000000000008,2opt,notBad
11256,2,144.91,2,140.41000000000008,swap,notBad
11257,2,144.91,2,140.41000000000008,2opt,improve
11258,2,144.91,2,140.41000000000008,2opt,notBad
11259,2,144.91,2,140.41000000000008,swap,notBad
11260,2,144.91,2,140.41000000000008,move,improve
11261,2,144.91,2,140.41000000000008,swap,notBad
11262,2,144.91,2,140.41000000000008,swap,notBad
11263,2,144.91,2,140.41000000000008,swap,notBad
11264,2,144.91,2,140.41000000000008,2opt,notBad
11265,2,144.91,2,140.41000000000008,move,improve
11266,2,144.91,2,140.41000000000008,move,improve
11267,2,144.91,2,140.41000000000008,swap,notBad
11268,2,144.91,2,140.41000000000008,move,improve
11269,2,144.91,2,140.41000000000008,move,improve
11270,2,144.91,2,140.41000000000008,2opt,notBad
11271,2,144.91,2,140.41000000000008,swap,notBad
11272,2,144.91,2,140.41000000000008,move,improve
11273,2,144.91,2,140.41000000000008,2opt,notBad
11274,2,144.91,2,140.41000000000008,move,improve
11275,2,144.91,2,140.41000000000008,2opt,notBad
11276,2,144.91,2,140.41000000000008,2opt,notBad
11277,2,144.91,2,140.41000000000008,swap,notBad
11278,2,144.91,2,140.41000000000008,swap,notBad
11279,2,144.91,2,140.41000000000008,move,improve
11280,2,144.91,2,140.41000000000008,2opt,notBad
11281,2,144.91,2,140.41000000000008,swap,notBad
11282,2,144.91,2,140.41000000000008,2opt,notBad
11283,2,144.91,2,140.41000000000008,move,improve
11284,2,144.91,2,140.41000000000008,swap,notBad
11285,2,144.91,2,140.41000000000008,move,improve
11286,2,144.91,2,140.41000000000008,move,improve
11287,2,144.91,2,140.41000000000008,2opt,notBad
11288,2,144.91,2,140.41000000000008,2opt,notBad
11289,2,144.91,2,140.41000000000008,2opt,notBad
11290,2,144.91,2,140.41000000000008,swap,notBad
11291,2,144.91,2,140.41000000000008,move,improve
11292,2,144.91,2,140.41000000000008,2opt,notBad
11293,2,144.91,2,140.41000000000008,2opt,notBad
11294,2,144.91,2,140.41000000000008,swap,notBad
11295,2,144.91,2,140.41000000000008,move,improve
11296,2,144.91,2,140.41000000000008,move,improve
11297,2,144.91,2,140.41000000000008,move,notBad
11298,2,144.91,2,140.41000000000008,move,improve
11299,2,144.91,2,140.41000000000008,move,improve
11300,2,144.91,2,140.41000000000008,swap,notBad
11301,2,144.91,2,140.41000000000008,move,improve
11302,2,144.91,2,140.41000000000008,move,improve
11303,2,144.91,2,140.41000000000008,2opt,notBad
11304,2,144.91,2,140.41000000000008,2opt,notBad
11305,2,144.91,2,140.41000000000008,2opt,notBad
11306,2,144.91,2,140.41000000000008,2opt,improve
11307,2,144.91,2,140.41000000000008,swap,notBad
11308,2,144.91,2,140.41000000000008,move,improve
11309,2,144.91,2,140.41000000000008,move,improve
11310,2,144.91,2,140.41000000000008,2opt,notBad
11311,2,144.91,2,140.41000000000008,2opt,notBad
11312,2,144.91,2,140.41000000000008,2opt,notBad
11313,2,144.91,2,140.41000000000008,move,improve
11314,2,144.91,2,140.41000000000008,2opt,notBad
11315,2,144.91,2,140.41000000000008,swap,notBad
11316,2,144.91,2,140.41000000000008,2opt,notBad
11317,2,144.91,2,140.41000000000008,swap,notBad
11318,2,144.91,2,140.41000000000008,move,improve
11319,2,144.91,2,140.41000000000008,swap,notBad
11320,2,144.91,2,140.41000000000008,2opt,notBad
11321,2,144.91,2,140.41000000000008,move,improve
11322,2,144.91,2,140.41000000000008,2opt,notBad
11323,2,144.91,2,140.41000000000008,swap,notBad
11324,2,144.91,2,140.41000000000008,2opt,notBad
11325,2,144.91,2,140.41000000000008,swap,notBad
11326,2,144.91,2,140.41000000000008,2opt,notBad
11327,2,144.91,2,140.41000000000008,2opt,notBad
11328,2,144.91,2,140.41000000000008,2opt,notBad
11329,2,144.91,2,140.41000000000008,swap,notBad
11330,2,144.91,2,140.41000000000008,swap,notBad
11331,2,144.91,2,140.41000000000008,move,improve
11332,2,144.91,2,140.41000000000008,2opt,notBad
11333,2,144.91,2,140.41000000000008,2opt,notBad
11334,2,144.91,2,140.41000000000008,swap,notBad
11335,2,144.91,2,140.41000000000008,swap,notBad
11336,2,144.91,2,140.41000000000008,2opt,notBad
11337,2,144.91,2,140.41000000000008,swap,notBad
11338,2,144.91,2,140.41000000000008,move,improve
11339,2,144.91,2,140.41000000000008,swap,notBad
11340,2,144.91,2,140.41000000000008,move,improve
11341,2,144.91,2,140.41000000000008,2opt,notBad
11342,2,144.91,2,140.41000000000008,swap,notBad
11343,2,144.91,2,140.41000000000008,swap,notBad
11344,2,144.91,2,140.41000000000008,move,improve
11345,2,144.91,2,140.41000000000008,2opt,notBad
11346,2,144.91,2,140.41000000000008,2opt,notBad
11347,2,144.91,2,140.41000000000008,2opt,notBad
11348,2,144.91,2,140.41000000000008,2opt,notBad
11349,2,144.91,2,140.41000000000008,move,improve
11350,2,144.91,2,140.41000000000008,swap,notBad
11351,2,144.91,2,140.41000000000008,move,improve
11352,2,144.91,2,140.41000000000008,move,improve
11353,2,144.91,2,140.41000000000008,swap,notBad
11354,2,144.91,2,140.41000000000008,2opt,notBad
11355,2,144.91,2,140.41000000000008,swap,notBad
11356,2,144.91,2,140.41000000000008,move,improve
11357,2,144.91,2,140.41000000000008,move,notBad
11358,2,144.91,2,140.41000000000008,2opt,notBad
11359,2,144.91,2,140.41000000000008,move,improve
11360,2,144.91,2,140.41000000000008,move,improve
11361,2,144.91,2,140.41000000000008,move,improve
11362,2,144.91,2,140.41000000000008,move,improve
11363,2,144.91,2,140.41000000000008,2opt,notBad
11364,2,144.91,2,140.41000000000008,swap,notBad
11365,2,144.91,2,140.41000000000008,2opt,notBad
11366,2,144.91,2,140.41000000000008,move,notBad
11367,2,144.91,2,140.41000000000008,2opt,improve
11368,2,144.91,2,140.41000000000008,2opt,notBad
11369,2,144.91,2,140.41000000000008,2opt,notBad
11370,2,144.91,2,140.41000000000008,move,improve
11371,2,144.91,2,140.41000000000008,swap,notBad
11372,2,144.91,2,140.41000000000008,2opt,notBad
11373,2,144.91,2,140.41000000000008,swap,notBad
11374,2,144.91,2,140.41000000000008,2opt,improve
11375,2,144.91,2,140.41000000000008,swap,notBad
11376,2,144.91,2,140.41000000000008,move,improve
11377,2,144.91,2,140.41000000000008,move,improve
11378,2,144.91,2,140.41000000000008,swap,notBad
11379,2,144.91,2,140.41000000000008,swap,notBad
11380,2,144.91,2,140.41000000000008,2opt,notBad
11381,2,144.91,2,140.41000000000008,move,improve
11382,2,144.91,2,140.41000000000008,move,improve
11383,2,144.91,2,140.41000000000008,swap,notBad
11384,2,144.91,2,140.41000000000008,2opt,improve
11385,2,144.91,2,140.41000000000008,2opt,notBad
11386,2,144.91,2,140.41000000000008,move,improve
11387,2,144.91,2,140.41000000000008,swap,notBad
11388,2,144.91,2,140.41000000000008,swap,notBad
11389,2,144.91,2,140.41000000000008,2opt,notBad
11390,2,144.91,2,140.41000000000008,move,improve
11391,2,144.91,2,140.41000000000008,2opt,notBad
11392,2,144.91,2,140.41000000000008,move,improve
11393,2,144.91,2,140.41000000000008,move,improve
11394,2,144.91,2,140.41000000000008,2opt,notBad
11395,2,144.91,2,140.41000000000008,swap,notBad
11396,2,144.91,2,140.41000000000008,swap,notBad
11397,2,144.91,2,140.41000000000008,swap,notBad
11398,2,144.91,2,140.41000000000008,move,improve
11399,2,144.91,2,140.41000000000008,move,improve
11400,2,144.91,2,140.41000000000008,move,improve
11401,2,144.91,2,140.41000000000008,2opt,notBad
11402,2,144.91,2,140.41000000000008,swap,notBad
11403,2,144.91,2,140.41000000000008,move,improve
11404,2,144.91,2,140.41000000000008,swap,notBad
11405,2,144.91,2,140.41000000000008,2opt,notBad
11406,2,144.91,2,140.41000000000008,swap,notBad
11407,2,144.91,2,140.41000000000008,swap,notBad
11408,2,144.91,2,140.41000000000008,move,improve
11409,2,144.91,2,140.41000000000008,move,improve
11410,2,144.91,2,140.41000000000008,move,improve
11411,2,144.91,2,140.41000000000008,2opt,notBad
11412,2,144.91,2,140.41000000000008,move,improve
11413,2,144.91,2,140.41000000000008,move,improve
11414,2,144.91,2,140.41000000000008,swap,notBad
11415,2,144.91,2,140.41000000000008,move,improve
11416,2,144.91,2,140.41000000000008,move,improve
11417,2,144.91,2,140.41000000000008,swap,notBad
11418,2,144.91,2,140.41000000000008,2opt,notBad
11419,2,144.91,2,140.41000000000008,2opt,improve
11420,2,144.91,2,140.41000000000008,swap,notBad
11421,2,144.91,2,140.41000000000008,2opt,notBad
11422,2,144.91,2,140.41000000000008,2opt,notBad
11423,2,144.91,2,140.41000000000008,2opt,improve
11424,2,144.91,2,140.41000000000008,swap,notBad
11425,2,144.91,2,140.41000000000008,swap,notBad
11426,2,144.91,2,140.41000000000008,2opt,notBad
11427,2,144.91,2,140.41000000000008,move,improve
11428,2,144.91,2,140.41000000000008,2opt,notBad
11429,2,144.91,2,140.41000000000008,move,improve
11430,2,144.91,2,140.41000000000008,move,improve
11431,2,144.91,2,140.41000000000008,swap,notBad
11432,2,144.91,2,140.41000000000008,move,improve
11433,2,144.91,2,140.41000000000008,move,improve
11434,2,144.91,2,140.41000000000008,move,improve
11435,2,144.91,2,140.41000000000008,2opt,notBad
11436,2,144.91,2,140.41000000000008,swap,notBad
11437,2,144.91,2,140.41000000000008,swap,notBad
11438,2,144.91,2,140.41000000000008,2opt,notBad
11439,2,144.91,2,140.41000000000008,2opt,notBad
11440,2,144.91,2,140.41000000000008,2opt,notBad
11441,2,144.91,2,140.41000000000008,move,improve
11442,2,144.91,2,140.41000000000008,swap,notBad
11443,2,144.91,2,140.41000000000008,swap,notBad
11444,2,144.91,2,140.41000000000008,2opt,notBad
11445,2,144.91,2,140.41000000000008,2opt,notBad
11446,2,144.91,2,140.41000000000008,move,improve
11447,2,144.91,2,140.41000000000008,move,improve
11448,2,144.91,2,140.41000000000008,swap,notBad
11449,2,144.91,2,140.41000000000008,swap,notBad
11450,2,144.91,2,140.41000000000008,swap,notBad
11451,2,144.91,2,140.41000000000008,swap,notBad
11452,2,144.91,2,140.41000000000008,move,improve
11453,2,144.91,2,140.41000000000008,move,improve
11454,2,144.91,2,140.41000000000008,move,improve
11455,2,144.91,2,140.41000000000008,swap,notBad
11456,2,144.91,2,140.41000000000008,move,improve
11457,2,144.91,2,140.41000000000008,swap,notBad
11458,2,144.91,2,140.41000000000008,2opt,notBad
11459,2,144.91,2,140.41000000000008,swap,notBad
11460,2,144.91,2,140.41000000000008,swap,notBad
11461,2,144.91,2,140.41000000000008,move,notBad
11462,2,144.91,2,140.41000000000008,swap,notBad
11463,2,144.91,2,140.41000000000008,move,improve
11464,2,144.91,2,140.41000000000008,move,improve
11465,2,144.91,2,140.41000000000008,move,improve
11466,2,144.91,2,140.41000000000008,move,improve
11467,2,144.91,2,140.41000000000008,move,improve
11468,2,144.91,2,140.41000000000008,swap,notBad
11469,2,144.91,2,140.41000000000008,swap,notBad
11470,2,144.91,2,140.41000000000008,2opt,notBad
11471,2,144.91,2,140.41000000000008,move,improve
11472,2,144.91,2,140.41000000000008,2opt,notBad
11473,2,144.91,2,140.41000000000008,move,improve
11474,2,144.91,2,140.41000000000008,swap,notBad
11475,2,144.91,2,140.41000000000008,2opt,notBad
11476,2,144.91,2,140.41000000000008,2opt,notBad
11477,2,144.91,2,140.41000000000008,2opt,notBad
11478,2,144.91,2,140.41000000000008,swap,notBad
11479,2,144.91,2,140.41000000000008,2opt,notBad
11480,2,144.91,2,140.41000000000008,2opt,improve
11481,2,144.91,2,140.41000000000008,move,improve
11482,2,144.91,2,140.41000000000008,move,improve
11483,2,144.91,2,140.41000000000008,2opt,notBad
11484,2,144.91,2,140.41000000000008,move,improve
11485,2,144.91,2,140.41000000000008,move,improve
11486,2,144.91,2,140.41000000000008,move,improve
11487,2,144.91,2,140.41000000000008,2opt,notBad
11488,2,144.91,2,140.41000000000008,move,improve
11489,2,144.91,2,140.41000000000008,swap,notBad
11490,2,144.91,2,140.41000000000008,swap,notBad
11491,2,144.91,2,140.41000000000008,2opt,notBad
11492,2,144.91,2,140.41000000000008,swap,notBad
11493,2,144.91,2,140.41000000000008,move,improve
11494,2,144.91,2,140.41000000000008,2opt,notBad
11495,2,144.91,2,140.41000000000008,move,improve
11496,2,144.91,2,140.41000000000008,move,improve
11497,2,144.91,2,140.41000000000008,swap,notBad
11498,2,144.91,2,140.41000000000008,move,improve
11499,2,144.91,2,140.41000000000008,2opt,notBad
11500,2,144.91,2,140.41000000000008,move,improve
11501,2,144.91,2,140.41000000000008,move,improve
11502,2,144.91,2,140.41000000000008,2opt,notBad
11503,2,144.91,2,140.41000000000008,2opt,notBad
11504,2,144.91,2,140.41000000000008,2opt,notBad
11505,2,144.91,2,140.41000000000008,2opt,notBad
11506,2,144.91,2,140.41000000000008,swap,notBad
11507,2,144.91,2,140.41000000000008,2opt,notBad
11508,2,144.91,2,140.41000000000008,swap,notBad
11509,2,144.91,2,140.41000000000008,swap,notBad
11510,2,144.91,2,140.41000000000008,move,improve
11511,2,144.91,2,140.41000000000008,move,improve
11512,2,144.91,2,140.41000000000008,move,improve
11513,2,144.91,2,140.41000000000008,swap,notBad
11514,2,144.91,2,140.41000000000008,swap,notBad
11515,2,144.91,2,140.41000000000008,move,improve
11516,2,144.91,2,140.41000000000008,2opt,notBad
11517,2,144.91,2,140.41000000000008,2opt,notBad
11518,2,144.91,2,140.41000000000008,swap,notBad
11519,2,144.91,2,140.41000000000008,swap,notBad
11520,2,144.91,2,140.41000000000008,swap,notBad
11521,2,144.91,2,140.41000000000008,2opt,notBad
11522,2,144.91,2,140.41000000000008,swap,notBad
11523,2,144.91,2,140.41000000000008,2opt,notBad
11524,2,144.91,2,140.41000000000008,move,improve
11525,2,144.91,2,140.41000000000008,swap,notBad
11526,2,144.91,2,140.41000000000008,2opt,improve
11527,2,144.91,2,140.41000000000008,2opt,notBad
11528,2,144.91,2,140.41000000000008,swap,notBad
11529,2,144.91,2,140.41000000000008,move,improve
11530,2,144.91,2,140.41000000000008,2opt,notBad
11531,2,144.91,2,140.41000000000008,swap,notBad
11532,2,144.91,2,140.41000000000008,move,improve
11533,2,144.91,2,140.41000000000008,2opt,notBad
