i,vehi,obj,vehiBest,objBest,loFunc,note
1,5,845.9999999999995,5,765.5999999999999,swap,acceptBad
2,5,845.9999999999995,5,765.5999999999999,move,improve
3,5,845.9999999999995,5,765.5999999999999,move,improve
4,5,845.9999999999995,5,765.5999999999999,move,improve
5,5,845.9999999999995,5,765.5999999999999,move,improve
6,5,845.5999999999995,5,765.5999999999999,swap,improve
7,5,845.5999999999995,5,765.5999999999999,move,improve
8,5,964.400000000001,5,765.5999999999999,swap,acceptBad
9,5,884.0000000000014,5,765.5999999999999,swap,improve
10,5,915.4000000000015,5,765.5999999999999,swap,acceptBad
11,6,3949.2000000000016,5,765.5999999999999,2opt,acceptBad
12,6,3949.2000000000016,5,765.5999999999999,move,improve
13,6,3949.2000000000016,5,765.5999999999999,move,improve
14,6,4117.200000000001,5,765.5999999999999,swap,acceptBad
15,6,4117.200000000001,5,765.5999999999999,move,improve
16,6,3810.8000000000006,5,765.5999999999999,move,improve
17,7,5390.400000000001,5,765.5999999999999,2opt,acceptBad
18,8,7242.000000000001,5,765.5999999999999,2opt,acceptBad
19,9,10058.400000000001,5,765.5999999999999,2opt,acceptBad
20,9,8766.6,5,765.5999999999999,move,improve
21,9,8766.6,5,765.5999999999999,swap,improve
22,9,8766.6,5,765.5999999999999,2opt,improve
23,9,9026.6,5,765.5999999999999,swap,acceptBad
24,9,9170.6,5,765.5999999999999,swap,acceptBad
25,9,9023.0,5,765.5999999999999,2opt,improve
26,9,8680.400000000001,5,765.5999999999999,swap,improve
27,9,7151.000000000001,5,765.5999999999999,move,improve
28,9,7151.000000000001,5,765.5999999999999,move,improve
29,9,7087.400000000002,5,765.5999999999999,2opt,improve
30,9,5423.800000000001,5,765.5999999999999,move,improve
31,9,5423.800000000001,5,765.5999999999999,move,improve
32,10,6108.800000000001,5,765.5999999999999,2opt,acceptBad
33,10,6108.800000000001,5,765.5999999999999,2opt,improve
34,10,6108.800000000001,5,765.5999999999999,move,improve
35,10,5632.4000000000015,5,765.5999999999999,move,improve
36,10,5170.3,5,765.5999999999999,move,improve
37,10,5170.3,5,765.5999999999999,swap,improve
38,10,5747.400000000001,5,765.5999999999999,swap,acceptBad
39,10,5747.400000000001,5,765.5999999999999,move,improve
40,10,5747.400000000001,5,765.5999999999999,2opt,improve
41,10,5747.400000000001,5,765.5999999999999,swap,improve
42,10,5747.400000000001,5,765.5999999999999,move,improve
43,10,6099.3,5,765.5999999999999,2opt,acceptBad
44,10,6099.3,5,765.5999999999999,move,improve
45,10,6099.3,5,765.5999999999999,move,improve
46,10,6099.3,5,765.5999999999999,2opt,improve
47,10,6099.3,5,765.5999999999999,2opt,improve
48,10,5674.3,5,765.5999999999999,swap,improve
49,10,5674.3,5,765.5999999999999,2opt,improve
50,10,5674.3,5,765.5999999999999,move,improve
51,10,5674.3,5,765.5999999999999,move,improve
52,10,5674.3,5,765.5999999999999,move,improve
53,10,5674.299999999999,5,765.5999999999999,2opt,improve
54,10,5908.3,5,765.5999999999999,swap,acceptBad
55,10,5908.3,5,765.5999999999999,2opt,improve
56,10,5908.3,5,765.5999999999999,move,improve
57,10,5908.3,5,765.5999999999999,move,improve
58,10,5908.3,5,765.5999999999999,2opt,improve
59,10,5908.3,5,765.5999999999999,swap,improve
60,10,5938.4,5,765.5999999999999,swap,acceptBad
61,10,5938.4,5,765.5999999999999,swap,improve
62,10,5938.4,5,765.5999999999999,swap,improve
63,10,4951.099999999999,5,765.5999999999999,move,improve
64,10,4951.099999999999,5,765.5999999999999,swap,improve
65,10,6715.1,5,765.5999999999999,swap,acceptBad
66,10,6715.1,5,765.5999999999999,2opt,improve
67,10,6715.1,5,765.5999999999999,swap,improve
68,10,6716.599999999999,5,765.5999999999999,2opt,acceptBad
69,10,6590.599999999999,5,765.5999999999999,swap,improve
70,10,6590.599999999999,5,765.5999999999999,2opt,improve
71,10,6590.599999999999,5,765.5999999999999,move,improve
72,10,6590.599999999999,5,765.5999999999999,move,improve
73,10,6589.1,5,765.5999999999999,2opt,improve
74,10,6947.5999999999985,5,765.5999999999999,2opt,acceptBad
75,10,6875.7,5,765.5999999999999,move,improve
76,10,6721.7,5,765.5999999999999,move,improve
77,10,6721.7,5,765.5999999999999,move,improve
78,11,10044.999999999996,5,765.5999999999999,2opt,acceptBad
79,11,10044.999999999996,5,765.5999999999999,swap,improve
80,11,9811.399999999998,5,765.5999999999999,move,improve
81,11,9118.8,5,765.5999999999999,move,improve
82,11,9121.2,5,765.5999999999999,swap,acceptBad
83,11,9121.200000000003,5,765.5999999999999,2opt,acceptBad
84,12,11502.3,5,765.5999999999999,2opt,acceptBad
85,12,11502.299999999994,5,765.5999999999999,2opt,improve
86,12,11502.299999999994,5,765.5999999999999,move,improve
87,12,11606.6,5,765.5999999999999,swap,acceptBad
88,12,11666.300000000001,5,765.5999999999999,2opt,acceptBad
89,12,11666.300000000001,5,765.5999999999999,2opt,improve
90,12,11666.300000000001,5,765.5999999999999,2opt,improve
91,12,11666.300000000001,5,765.5999999999999,2opt,improve
92,12,11666.300000000001,5,765.5999999999999,swap,improve
93,12,10854.0,5,765.5999999999999,move,improve
94,12,10854.0,5,765.5999999999999,swap,improve
95,12,10590.999999999998,5,765.5999999999999,swap,improve
96,12,10590.999999999998,5,765.5999999999999,2opt,improve
97,12,10590.999999999998,5,765.5999999999999,swap,improve
98,12,10590.999999999998,5,765.5999999999999,2opt,improve
99,12,11451.099999999999,5,765.5999999999999,move,acceptBad
100,12,11451.100000000002,5,765.5999999999999,2opt,acceptBad
101,12,11506.800000000003,5,765.5999999999999,swap,acceptBad
102,12,11415.0,5,765.5999999999999,move,improve
103,12,11415.000000000002,5,765.5999999999999,2opt,acceptBad
104,12,12075.000000000002,5,765.5999999999999,swap,acceptBad
105,12,11200.500000000002,5,765.5999999999999,move,improve
106,12,11200.500000000002,5,765.5999999999999,2opt,improve
107,12,11200.500000000002,5,765.5999999999999,2opt,improve
108,12,11200.500000000002,5,765.5999999999999,swap,improve
109,12,12077.100000000004,5,765.5999999999999,2opt,acceptBad
110,12,11624.499999999998,5,765.5999999999999,move,improve
111,12,11624.499999999998,5,765.5999999999999,2opt,improve
112,12,10745.299999999997,5,765.5999999999999,move,improve
113,12,10745.299999999997,5,765.5999999999999,2opt,improve
114,12,10745.299999999997,5,765.5999999999999,2opt,improve
115,12,10983.899999999998,5,765.5999999999999,2opt,acceptBad
116,12,10983.899999999998,5,765.5999999999999,swap,improve
117,12,10983.899999999998,5,765.5999999999999,swap,improve
118,12,10983.899999999998,5,765.5999999999999,move,improve
119,12,10983.9,5,765.5999999999999,2opt,acceptBad
120,12,10983.9,5,765.5999999999999,move,improve
121,12,10983.9,5,765.5999999999999,move,improve
122,12,10983.9,5,765.5999999999999,move,improve
123,12,10393.3,5,765.5999999999999,2opt,improve
124,12,10403.599999999997,5,765.5999999999999,2opt,acceptBad
125,12,10403.599999999999,5,765.5999999999999,2opt,acceptBad
126,12,10167.099999999997,5,765.5999999999999,swap,improve
127,12,10167.099999999997,5,765.5999999999999,move,improve
128,12,10167.099999999997,5,765.5999999999999,swap,improve
129,12,10007.399999999996,5,765.5999999999999,move,improve
130,12,10110.799999999997,5,765.5999999999999,move,acceptBad
131,12,10110.799999999997,5,765.5999999999999,move,improve
132,12,10110.8,5,765.5999999999999,2opt,acceptBad
133,12,10698.4,5,765.5999999999999,swap,acceptBad
134,12,10698.400000000001,5,765.5999999999999,swap,acceptBad
135,12,10698.399999999998,5,765.5999999999999,2opt,improve
136,12,10698.400000000001,5,765.5999999999999,2opt,acceptBad
137,12,11657.2,5,765.5999999999999,2opt,acceptBad
138,12,10985.099999999999,5,765.5999999999999,2opt,improve
139,12,10985.099999999999,5,765.5999999999999,move,improve
140,12,9924.099999999999,5,765.5999999999999,swap,improve
141,12,9924.099999999999,5,765.5999999999999,2opt,improve
142,12,9924.099999999999,5,765.5999999999999,move,improve
143,12,9924.099999999999,5,765.5999999999999,move,improve
144,12,10483.999999999996,5,765.5999999999999,swap,acceptBad
145,12,11037.399999999998,5,765.5999999999999,2opt,acceptBad
146,12,11037.399999999998,5,765.5999999999999,2opt,improve
147,12,11742.599999999997,5,765.5999999999999,swap,acceptBad
148,12,11742.599999999997,5,765.5999999999999,2opt,improve
149,12,11742.599999999997,5,765.5999999999999,move,improve
150,12,11742.599999999997,5,765.5999999999999,2opt,improve
151,12,11742.599999999997,5,765.5999999999999,move,improve
152,12,11742.599999999997,5,765.5999999999999,move,improve
153,12,11742.599999999997,5,765.5999999999999,2opt,improve
154,12,11742.599999999997,5,765.5999999999999,2opt,improve
155,12,11529.300000000003,5,765.5999999999999,swap,improve
156,12,11529.300000000003,5,765.5999999999999,move,improve
157,12,12541.300000000003,5,765.5999999999999,swap,acceptBad
158,12,11210.300000000001,5,765.5999999999999,move,improve
159,12,10836.500000000002,5,765.5999999999999,move,improve
160,12,9345.1,5,765.5999999999999,move,improve
161,12,9345.1,5,765.5999999999999,swap,improve
162,12,9345.100000000002,5,765.5999999999999,2opt,acceptBad
163,12,9574.000000000002,5,765.5999999999999,swap,acceptBad
164,12,9574.000000000002,5,765.5999999999999,move,improve
165,12,9574.000000000002,5,765.5999999999999,swap,improve
166,12,10054.599999999999,5,765.5999999999999,swap,acceptBad
167,12,10054.599999999999,5,765.5999999999999,move,improve
168,12,10054.599999999999,5,765.5999999999999,move,improve
169,12,10054.599999999999,5,765.5999999999999,move,improve
170,12,10054.599999999999,5,765.5999999999999,2opt,improve
171,12,10054.599999999999,5,765.5999999999999,swap,improve
172,12,11279.000000000004,5,765.5999999999999,2opt,acceptBad
173,12,11331.200000000004,5,765.5999999999999,swap,acceptBad
174,12,11331.200000000003,5,765.5999999999999,2opt,improve
175,12,11331.200000000006,5,765.5999999999999,2opt,acceptBad
176,12,9960.600000000006,5,765.5999999999999,swap,improve
177,12,10221.800000000007,5,765.5999999999999,swap,acceptBad
178,12,9675.600000000006,5,765.5999999999999,move,improve
179,12,9675.600000000006,5,765.5999999999999,swap,improve
180,12,9660.500000000002,5,765.5999999999999,2opt,improve
181,12,9660.500000000002,5,765.5999999999999,move,improve
182,12,9660.500000000002,5,765.5999999999999,move,improve
183,12,14214.100000000004,5,765.5999999999999,2opt,acceptBad
184,12,14214.100000000004,5,765.5999999999999,swap,improve
185,12,14214.100000000004,5,765.5999999999999,swap,improve
186,12,11483.900000000001,5,765.5999999999999,move,improve
187,12,9660.500000000002,5,765.5999999999999,move,improve
188,12,9660.500000000002,5,765.5999999999999,swap,improve
189,13,13884.000000000004,5,765.5999999999999,2opt,acceptBad
190,13,17882.399999999994,5,765.5999999999999,2opt,acceptBad
191,13,17962.4,5,765.5999999999999,swap,acceptBad
192,13,17962.4,5,765.5999999999999,move,improve
193,13,20603.199999999997,5,765.5999999999999,swap,acceptBad
194,13,20603.199999999997,5,765.5999999999999,swap,improve
195,13,20603.199999999997,5,765.5999999999999,swap,improve
196,13,18701.199999999997,5,765.5999999999999,move,improve
197,14,26072.8,5,765.5999999999999,2opt,acceptBad
198,14,26121.399999999998,5,765.5999999999999,2opt,acceptBad
199,14,26616.2,5,765.5999999999999,swap,acceptBad
200,14,26571.2,5,765.5999999999999,2opt,improve
201,14,26571.2,5,765.5999999999999,2opt,improve
202,14,25055.40000000001,5,765.5999999999999,move,improve
203,14,25055.40000000001,5,765.5999999999999,swap,improve
204,14,25055.40000000001,5,765.5999999999999,2opt,improve
205,14,24934.400000000005,5,765.5999999999999,move,improve
206,14,24934.400000000005,5,765.5999999999999,move,improve
207,14,25016.900000000005,5,765.5999999999999,swap,acceptBad
208,14,25016.900000000005,5,765.5999999999999,swap,improve
209,14,25016.900000000005,5,765.5999999999999,swap,improve
210,14,24885.600000000013,5,765.5999999999999,2opt,improve
211,14,24896.800000000007,5,765.5999999999999,2opt,acceptBad
212,14,24896.800000000007,5,765.5999999999999,2opt,improve
213,14,22911.100000000002,5,765.5999999999999,move,improve
214,14,22257.6,5,765.5999999999999,move,improve
215,14,25641.400000000005,5,765.5999999999999,2opt,acceptBad
216,14,25641.400000000005,5,765.5999999999999,2opt,improve
217,14,25601.800000000007,5,765.5999999999999,move,improve
218,14,25260.700000000008,5,765.5999999999999,move,improve
219,14,24870.600000000006,5,765.5999999999999,swap,improve
220,14,24825.200000000004,5,765.5999999999999,swap,improve
221,14,24101.90000000001,5,765.5999999999999,swap,improve
222,14,24101.90000000001,5,765.5999999999999,2opt,improve
223,14,24101.90000000001,5,765.5999999999999,move,improve
224,14,24101.900000000005,5,765.5999999999999,2opt,improve
225,14,24101.900000000005,5,765.5999999999999,swap,improve
226,14,24101.900000000005,5,765.5999999999999,2opt,improve
227,14,24101.900000000005,5,765.5999999999999,move,improve
228,14,24324.20000000001,5,765.5999999999999,swap,acceptBad
229,14,22394.000000000004,5,765.5999999999999,2opt,improve
230,14,22394.000000000004,5,765.5999999999999,move,improve
231,14,22394.0,5,765.5999999999999,2opt,improve
232,14,22587.600000000006,5,765.5999999999999,swap,acceptBad
233,14,22587.600000000006,5,765.5999999999999,swap,improve
234,14,23083.0,5,765.5999999999999,swap,acceptBad
235,14,22797.000000000004,5,765.5999999999999,2opt,improve
236,14,20646.0,5,765.5999999999999,move,improve
237,14,20646.0,5,765.5999999999999,swap,improve
238,14,20608.5,5,765.5999999999999,move,improve
239,14,20608.5,5,765.5999999999999,move,improve
240,14,19683.499999999996,5,765.5999999999999,swap,improve
241,14,19683.499999999996,5,765.5999999999999,swap,improve
242,14,19683.499999999996,5,765.5999999999999,2opt,improve
243,14,19683.499999999996,5,765.5999999999999,2opt,improve
244,14,19425.5,5,765.5999999999999,swap,improve
245,14,19425.5,5,765.5999999999999,move,improve
246,14,19425.5,5,765.5999999999999,2opt,improve
247,15,24251.39999999999,5,765.5999999999999,2opt,acceptBad
248,15,24251.39999999999,5,765.5999999999999,swap,improve
249,15,23291.39999999999,5,765.5999999999999,move,improve
250,15,23291.399999999994,5,765.5999999999999,2opt,acceptBad
251,15,22715.399999999994,5,765.5999999999999,swap,improve
252,15,22715.399999999994,5,765.5999999999999,move,improve
253,15,22715.399999999994,5,765.5999999999999,swap,improve
254,15,23594.399999999994,5,765.5999999999999,swap,acceptBad
255,15,23594.399999999994,5,765.5999999999999,2opt,improve
256,15,23594.399999999994,5,765.5999999999999,swap,improve
257,15,23594.399999999994,5,765.5999999999999,move,improve
258,15,22213.399999999994,5,765.5999999999999,move,improve
259,15,22213.399999999994,5,765.5999999999999,move,improve
260,15,23137.399999999994,5,765.5999999999999,swap,acceptBad
261,15,22789.399999999994,5,765.5999999999999,move,improve
262,15,22789.399999999994,5,765.5999999999999,2opt,improve
263,15,20450.8,5,765.5999999999999,move,improve
264,15,20470.0,5,765.5999999999999,2opt,acceptBad
265,15,20470.0,5,765.5999999999999,move,improve
266,15,20876.0,5,765.5999999999999,2opt,acceptBad
267,15,20876.0,5,765.5999999999999,2opt,improve
268,16,22966.5,5,765.5999999999999,2opt,acceptBad
269,16,22966.5,5,765.5999999999999,2opt,improve
270,16,22966.5,5,765.5999999999999,2opt,improve
271,16,22966.5,5,765.5999999999999,2opt,improve
272,16,22966.5,5,765.5999999999999,move,improve
273,16,22091.5,5,765.5999999999999,move,improve
274,16,21827.500000000007,5,765.5999999999999,move,improve
275,16,21960.899999999998,5,765.5999999999999,2opt,acceptBad
276,16,21399.899999999994,5,765.5999999999999,swap,improve
277,16,21399.899999999994,5,765.5999999999999,2opt,improve
278,16,21302.3,5,765.5999999999999,2opt,improve
279,16,21318.499999999996,5,765.5999999999999,swap,acceptBad
280,16,19981.499999999996,5,765.5999999999999,move,improve
281,16,19981.5,5,765.5999999999999,2opt,acceptBad
282,16,18669.299999999992,5,765.5999999999999,move,improve
283,16,18669.299999999992,5,765.5999999999999,swap,improve
284,16,18715.499999999993,5,765.5999999999999,2opt,acceptBad
285,16,18715.499999999993,5,765.5999999999999,swap,improve
286,16,18715.499999999993,5,765.5999999999999,swap,improve
287,16,19420.49999999999,5,765.5999999999999,swap,acceptBad
288,16,19420.499999999996,5,765.5999999999999,2opt,acceptBad
289,16,19585.499999999996,5,765.5999999999999,swap,acceptBad
290,16,19574.9,5,765.5999999999999,2opt,improve
291,16,19574.9,5,765.5999999999999,2opt,improve
292,16,19784.2,5,765.5999999999999,swap,acceptBad
293,16,19784.2,5,765.5999999999999,2opt,improve
294,16,19784.2,5,765.5999999999999,swap,improve
295,16,19784.199999999997,5,765.5999999999999,2opt,improve
296,16,19784.199999999997,5,765.5999999999999,move,improve
297,16,19784.200000000004,5,765.5999999999999,2opt,acceptBad
298,16,20573.200000000004,5,765.5999999999999,swap,acceptBad
299,16,20573.200000000004,5,765.5999999999999,move,improve
300,16,20573.199999999997,5,765.5999999999999,2opt,improve
301,16,20573.199999999997,5,765.5999999999999,2opt,improve
302,16,20586.199999999997,5,765.5999999999999,swap,acceptBad
303,16,20573.199999999997,5,765.5999999999999,swap,improve
304,16,20573.199999999997,5,765.5999999999999,swap,improve
305,16,20573.199999999997,5,765.5999999999999,move,improve
306,16,20573.199999999997,5,765.5999999999999,swap,improve
307,16,20573.199999999997,5,765.5999999999999,swap,improve
308,16,20573.2,5,765.5999999999999,2opt,acceptBad
309,16,20573.19999999999,5,765.5999999999999,2opt,improve
310,16,25256.799999999992,5,765.5999999999999,swap,acceptBad
311,16,25582.3,5,765.5999999999999,2opt,acceptBad
312,16,25121.799999999996,5,765.5999999999999,move,improve
313,16,25121.799999999996,5,765.5999999999999,swap,improve
314,16,25326.399999999998,5,765.5999999999999,swap,acceptBad
315,16,25326.399999999998,5,765.5999999999999,move,improve
316,17,29909.199999999997,5,765.5999999999999,2opt,acceptBad
317,17,29909.199999999997,5,765.5999999999999,2opt,improve
318,17,27779.600000000006,5,765.5999999999999,move,improve
319,17,27779.600000000006,5,765.5999999999999,move,improve
320,17,27384.400000000005,5,765.5999999999999,move,improve
321,17,27384.4,5,765.5999999999999,2opt,improve
322,17,27384.4,5,765.5999999999999,move,improve
323,17,27384.4,5,765.5999999999999,swap,improve
324,17,27384.4,5,765.5999999999999,move,improve
325,17,27384.4,5,765.5999999999999,swap,improve
326,17,27370.6,5,765.5999999999999,swap,improve
327,17,27370.6,5,765.5999999999999,move,improve
328,17,27370.6,5,765.5999999999999,swap,improve
329,17,30256.2,5,765.5999999999999,swap,acceptBad
330,16,24094.3,5,765.5999999999999,move,improve
331,16,24094.700000000004,5,765.5999999999999,swap,acceptBad
332,16,22886.9,5,765.5999999999999,move,improve
333,16,29961.40000000001,5,765.5999999999999,2opt,acceptBad
334,16,23982.000000000004,5,765.5999999999999,move,improve
335,15,20636.2,5,765.5999999999999,move,improve
336,15,20932.6,5,765.5999999999999,swap,acceptBad
337,16,25557.6,5,765.5999999999999,2opt,acceptBad
338,16,25557.6,5,765.5999999999999,move,improve
339,16,25557.600000000006,5,765.5999999999999,2opt,acceptBad
340,16,25164.999999999996,5,765.5999999999999,move,improve
341,16,23649.600000000002,5,765.5999999999999,swap,improve
342,16,24309.600000000002,5,765.5999999999999,swap,acceptBad
343,16,23824.100000000002,5,765.5999999999999,move,improve
344,16,23502.999999999996,5,765.5999999999999,move,improve
345,16,23502.999999999996,5,765.5999999999999,swap,improve
346,16,23503.0,5,765.5999999999999,2opt,acceptBad
347,16,20918.399999999998,5,765.5999999999999,move,improve
348,16,20918.400000000005,5,765.5999999999999,2opt,acceptBad
349,16,20918.400000000005,5,765.5999999999999,move,improve
350,16,20918.40000000001,5,765.5999999999999,2opt,acceptBad
351,16,20918.40000000001,5,765.5999999999999,swap,improve
352,16,20918.40000000001,5,765.5999999999999,2opt,improve
353,16,20918.40000000001,5,765.5999999999999,swap,improve
354,16,20918.40000000001,5,765.5999999999999,move,improve
355,16,21762.600000000006,5,765.5999999999999,swap,acceptBad
356,16,21762.600000000006,5,765.5999999999999,2opt,improve
357,16,22592.200000000008,5,765.5999999999999,2opt,acceptBad
358,16,22592.200000000008,5,765.5999999999999,swap,improve
359,16,22592.200000000008,5,765.5999999999999,swap,improve
360,16,23293.10000000001,5,765.5999999999999,2opt,acceptBad
361,16,23293.100000000006,5,765.5999999999999,2opt,improve
362,16,23258.90000000001,5,765.5999999999999,swap,improve
363,16,23258.90000000001,5,765.5999999999999,move,improve
364,16,23258.9,5,765.5999999999999,2opt,improve
365,16,22911.000000000007,5,765.5999999999999,2opt,improve
366,16,22910.999999999996,5,765.5999999999999,2opt,improve
367,17,31198.8,5,765.5999999999999,2opt,acceptBad
368,17,31135.799999999996,5,765.5999999999999,2opt,improve
369,17,31155.399999999987,5,765.5999999999999,swap,acceptBad
370,17,30834.399999999987,5,765.5999999999999,move,improve
371,17,30834.399999999987,5,765.5999999999999,2opt,improve
372,17,30834.399999999987,5,765.5999999999999,move,improve
373,17,30834.399999999987,5,765.5999999999999,2opt,improve
374,17,26195.599999999988,5,765.5999999999999,move,improve
375,17,26195.59999999999,5,765.5999999999999,2opt,acceptBad
376,17,26195.59999999999,5,765.5999999999999,2opt,improve
377,17,26195.59999999999,5,765.5999999999999,move,improve
378,17,26169.199999999997,5,765.5999999999999,swap,improve
379,17,26649.599999999995,5,765.5999999999999,2opt,acceptBad
380,17,26649.599999999995,5,765.5999999999999,2opt,improve
381,17,25918.4,5,765.5999999999999,move,improve
382,17,25982.4,5,765.5999999999999,swap,acceptBad
383,17,25982.4,5,765.5999999999999,swap,improve
384,17,26472.399999999998,5,765.5999999999999,2opt,acceptBad
385,17,26472.399999999998,5,765.5999999999999,swap,improve
386,17,26472.399999999998,5,765.5999999999999,move,improve
387,17,26062.0,5,765.5999999999999,swap,improve
388,17,26062.0,5,765.5999999999999,move,improve
389,17,25404.40000000001,5,765.5999999999999,swap,improve
390,17,24308.0,5,765.5999999999999,move,improve
391,17,23378.0,5,765.5999999999999,swap,improve
392,17,23378.0,5,765.5999999999999,2opt,improve
393,17,23378.0,5,765.5999999999999,move,improve
394,17,23378.0,5,765.5999999999999,swap,improve
395,17,23378.0,5,765.5999999999999,swap,improve
396,17,25650.0,5,765.5999999999999,swap,acceptBad
397,17,25117.59999999999,5,765.5999999999999,move,improve
398,17,24813.59999999999,5,765.5999999999999,move,improve
399,17,25331.59999999999,5,765.5999999999999,swap,acceptBad
400,17,25331.599999999988,5,765.5999999999999,2opt,improve
401,17,24806.599999999988,5,765.5999999999999,move,improve
402,17,26682.39999999999,5,765.5999999999999,swap,acceptBad
403,17,26117.999999999993,5,765.5999999999999,swap,improve
404,17,26117.999999999993,5,765.5999999999999,swap,improve
405,17,26117.999999999993,5,765.5999999999999,swap,improve
406,17,26117.999999999993,5,765.5999999999999,swap,improve
407,17,26117.999999999993,5,765.5999999999999,2opt,improve
408,17,26117.999999999993,5,765.5999999999999,2opt,improve
409,17,25962.999999999993,5,765.5999999999999,swap,improve
410,17,25395.599999999984,5,765.5999999999999,move,improve
411,17,25395.600000000006,5,765.5999999999999,2opt,acceptBad
412,17,25395.599999999984,5,765.5999999999999,2opt,improve
413,17,25546.599999999984,5,765.5999999999999,2opt,acceptBad
414,17,25546.599999999984,5,765.5999999999999,move,improve
415,17,25546.599999999984,5,765.5999999999999,move,improve
416,17,25546.599999999984,5,765.5999999999999,swap,improve
417,17,25886.799999999985,5,765.5999999999999,swap,acceptBad
418,17,25886.799999999985,5,765.5999999999999,move,improve
419,17,25886.799999999985,5,765.5999999999999,2opt,improve
420,17,25886.799999999985,5,765.5999999999999,move,improve
421,17,25500.39999999999,5,765.5999999999999,2opt,improve
422,17,25500.39999999999,5,765.5999999999999,move,improve
423,17,25500.39999999999,5,765.5999999999999,2opt,improve
424,17,25500.399999999987,5,765.5999999999999,2opt,improve
425,17,25500.399999999987,5,765.5999999999999,swap,improve
426,17,32456.59999999998,5,765.5999999999999,swap,acceptBad
427,17,29003.79999999999,5,765.5999999999999,move,improve
428,17,29128.79999999998,5,765.5999999999999,2opt,acceptBad
429,17,29128.79999999998,5,765.5999999999999,2opt,improve
430,17,29128.79999999998,5,765.5999999999999,2opt,improve
431,17,27704.799999999985,5,765.5999999999999,swap,improve
432,18,34183.999999999985,5,765.5999999999999,2opt,acceptBad
433,18,34484.8,5,765.5999999999999,swap,acceptBad
434,18,34484.80000000001,5,765.5999999999999,2opt,acceptBad
435,18,33090.8,5,765.5999999999999,swap,improve
436,18,32825.600000000006,5,765.5999999999999,move,improve
437,18,32825.600000000006,5,765.5999999999999,2opt,improve
438,18,32531.600000000024,5,765.5999999999999,2opt,improve
439,18,32531.600000000006,5,765.5999999999999,2opt,improve
440,18,32785.00000000001,5,765.5999999999999,swap,acceptBad
441,18,32785.00000000001,5,765.5999999999999,move,improve
442,19,39091.39999999999,5,765.5999999999999,2opt,acceptBad
443,19,39091.39999999999,5,765.5999999999999,move,improve
444,19,39091.40000000001,5,765.5999999999999,2opt,acceptBad
445,19,38817.80000000002,5,765.5999999999999,move,improve
446,19,39561.000000000015,5,765.5999999999999,2opt,acceptBad
447,19,39561.000000000015,5,765.5999999999999,move,improve
448,19,39813.000000000015,5,765.5999999999999,2opt,acceptBad
449,19,39813.000000000015,5,765.5999999999999,swap,improve
450,19,39937.00000000001,5,765.5999999999999,swap,acceptBad
451,19,38046.80000000001,5,765.5999999999999,move,improve
452,19,38046.80000000001,5,765.5999999999999,move,improve
453,19,37306.40000000001,5,765.5999999999999,move,improve
454,19,37306.4,5,765.5999999999999,2opt,improve
455,19,37306.399999999994,5,765.5999999999999,2opt,improve
456,19,37306.399999999994,5,765.5999999999999,swap,improve
457,19,37306.4,5,765.5999999999999,2opt,acceptBad
458,20,40330.20000000001,5,765.5999999999999,2opt,acceptBad
459,20,40330.20000000001,5,765.5999999999999,move,improve
460,20,37488.59999999999,5,765.5999999999999,move,improve
461,20,36707.70000000002,5,765.5999999999999,move,improve
462,20,36707.70000000002,5,765.5999999999999,move,improve
463,20,36707.699999999975,5,765.5999999999999,2opt,improve
464,20,36707.699999999975,5,765.5999999999999,2opt,improve
465,20,36707.699999999975,5,765.5999999999999,move,improve
466,20,36707.699999999975,5,765.5999999999999,move,improve
467,20,36707.699999999975,5,765.5999999999999,move,improve
468,20,41586.69999999996,5,765.5999999999999,2opt,acceptBad
469,20,41586.69999999996,5,765.5999999999999,move,improve
470,20,41586.69999999996,5,765.5999999999999,2opt,improve
471,20,41586.69999999996,5,765.5999999999999,2opt,improve
472,20,41586.70000000001,5,765.5999999999999,2opt,acceptBad
473,20,41586.70000000001,5,765.5999999999999,move,improve
474,20,41586.70000000001,5,765.5999999999999,swap,improve
475,20,41586.70000000001,5,765.5999999999999,move,improve
476,20,42285.4,5,765.5999999999999,swap,acceptBad
477,20,42285.4,5,765.5999999999999,2opt,improve
478,20,42285.4,5,765.5999999999999,2opt,improve
479,20,41372.899999999994,5,765.5999999999999,swap,improve
480,20,41450.89999999998,5,765.5999999999999,2opt,acceptBad
481,20,41450.89999999998,5,765.5999999999999,swap,improve
482,20,41450.89999999998,5,765.5999999999999,move,improve
483,20,41450.89999999998,5,765.5999999999999,move,improve
484,19,36022.79999999999,5,765.5999999999999,2opt,improve
485,19,34564.79999999998,5,765.5999999999999,move,improve
486,19,34564.79999999998,5,765.5999999999999,swap,improve
487,18,27834.0,5,765.5999999999999,move,improve
488,18,27834.0,5,765.5999999999999,move,improve
489,18,27834.0,5,765.5999999999999,swap,improve
490,19,32394.0,5,765.5999999999999,2opt,acceptBad
491,19,31674.0,5,765.5999999999999,move,improve
492,19,31221.0,5,765.5999999999999,move,improve
493,19,31221.0,5,765.5999999999999,swap,improve
494,19,31221.0,5,765.5999999999999,2opt,improve
495,19,31181.0,5,765.5999999999999,move,improve
496,19,31181.0,5,765.5999999999999,2opt,improve
497,19,30955.599999999995,5,765.5999999999999,swap,improve
498,19,32763.599999999995,5,765.5999999999999,2opt,acceptBad
499,19,42347.2,5,765.5999999999999,swap,acceptBad
500,19,42347.2,5,765.5999999999999,2opt,improve
501,19,42379.200000000004,5,765.5999999999999,2opt,acceptBad
502,19,42939.2,5,765.5999999999999,swap,acceptBad
503,19,42939.2,5,765.5999999999999,swap,improve
504,19,47321.2,5,765.5999999999999,2opt,acceptBad
505,19,44793.0,5,765.5999999999999,move,improve
506,19,43127.0,5,765.5999999999999,move,improve
507,19,45681.0,5,765.5999999999999,2opt,acceptBad
508,19,45681.0,5,765.5999999999999,swap,improve
509,19,45681.0,5,765.5999999999999,2opt,improve
510,19,45681.0,5,765.5999999999999,swap,improve
511,19,43512.999999999985,5,765.5999999999999,2opt,improve
512,19,41124.39999999998,5,765.5999999999999,move,improve
513,19,34760.0,5,765.5999999999999,move,improve
514,19,34760.0,5,765.5999999999999,swap,improve
515,19,34420.79999999999,5,765.5999999999999,move,improve
516,19,34420.79999999999,5,765.5999999999999,move,improve
517,19,33169.99999999998,5,765.5999999999999,move,improve
518,19,33551.59999999999,5,765.5999999999999,2opt,acceptBad
519,19,34837.399999999994,5,765.5999999999999,swap,acceptBad
520,19,34837.39999999999,5,765.5999999999999,2opt,improve
521,19,34837.399999999994,5,765.5999999999999,2opt,acceptBad
522,19,34144.99999999998,5,765.5999999999999,swap,improve
523,19,32418.999999999978,5,765.5999999999999,move,improve
524,19,31476.199999999993,5,765.5999999999999,move,improve
525,19,32418.999999999975,5,765.5999999999999,2opt,acceptBad
526,19,32418.999999999975,5,765.5999999999999,swap,improve
527,18,28647.49999999999,5,765.5999999999999,2opt,improve
528,18,28647.49999999999,5,765.5999999999999,2opt,improve
529,18,28647.49999999999,5,765.5999999999999,move,improve
530,18,28584.49999999999,5,765.5999999999999,swap,improve
531,17,24757.59999999999,5,765.5999999999999,move,improve
532,17,24414.59999999999,5,765.5999999999999,move,improve
533,17,24414.59999999999,5,765.5999999999999,move,improve
534,17,24414.59999999999,5,765.5999999999999,2opt,improve
535,17,24414.59999999999,5,765.5999999999999,2opt,improve
536,17,24414.59999999999,5,765.5999999999999,swap,improve
537,17,23335.200000000004,5,765.5999999999999,move,improve
538,17,23335.200000000004,5,765.5999999999999,2opt,improve
539,17,23335.200000000004,5,765.5999999999999,2opt,improve
540,16,21242.100000000002,5,765.5999999999999,2opt,improve
541,16,21242.100000000002,5,765.5999999999999,swap,improve
542,16,21242.100000000002,5,765.5999999999999,swap,improve
543,16,21242.100000000002,5,765.5999999999999,2opt,improve
544,16,21242.100000000002,5,765.5999999999999,move,improve
545,16,27691.9,5,765.5999999999999,2opt,acceptBad
546,16,27691.9,5,765.5999999999999,swap,improve
547,16,27691.899999999987,5,765.5999999999999,2opt,improve
548,16,27691.899999999987,5,765.5999999999999,2opt,improve
549,16,27691.899999999987,5,765.5999999999999,2opt,improve
550,16,27639.399999999987,5,765.5999999999999,move,improve
551,16,27639.399999999987,5,765.5999999999999,swap,improve
552,16,27955.5,5,765.5999999999999,2opt,acceptBad
553,16,27955.5,5,765.5999999999999,swap,improve
554,16,27955.5,5,765.5999999999999,2opt,improve
555,16,27955.5,5,765.5999999999999,swap,improve
556,16,25825.5,5,765.5999999999999,move,improve
557,16,25825.5,5,765.5999999999999,2opt,improve
558,16,24469.499999999993,5,765.5999999999999,move,improve
559,16,24469.499999999993,5,765.5999999999999,swap,improve
560,16,26102.99999999999,5,765.5999999999999,2opt,acceptBad
561,16,24269.99999999999,5,765.5999999999999,move,improve
562,16,24269.99999999999,5,765.5999999999999,move,improve
563,16,24269.99999999999,5,765.5999999999999,swap,improve
564,17,28022.599999999988,5,765.5999999999999,2opt,acceptBad
565,17,28022.599999999988,5,765.5999999999999,2opt,improve
566,17,27883.599999999988,5,765.5999999999999,swap,improve
567,17,32182.399999999987,5,765.5999999999999,2opt,acceptBad
568,17,32065.599999999988,5,765.5999999999999,2opt,improve
569,17,32292.399999999987,5,765.5999999999999,swap,acceptBad
570,17,33102.0,5,765.5999999999999,2opt,acceptBad
571,17,36699.4,5,765.5999999999999,2opt,acceptBad
572,17,36864.4,5,765.5999999999999,swap,acceptBad
573,17,36864.39999999999,5,765.5999999999999,2opt,improve
574,17,36864.39999999999,5,765.5999999999999,2opt,improve
575,17,38000.8,5,765.5999999999999,2opt,acceptBad
576,16,30397.299999999985,5,765.5999999999999,move,improve
577,16,33872.099999999984,5,765.5999999999999,2opt,acceptBad
578,16,33872.099999999984,5,765.5999999999999,swap,improve
579,16,33872.099999999984,5,765.5999999999999,2opt,improve
580,17,36299.99999999999,5,765.5999999999999,2opt,acceptBad
581,17,32245.19999999998,5,765.5999999999999,move,improve
582,17,30437.19999999998,5,765.5999999999999,swap,improve
583,17,31954.59999999998,5,765.5999999999999,swap,acceptBad
584,17,31954.59999999998,5,765.5999999999999,move,improve
585,17,36460.0,5,765.5999999999999,swap,acceptBad
586,17,36033.4,5,765.5999999999999,swap,improve
587,17,36033.4,5,765.5999999999999,swap,improve
588,17,31058.399999999987,5,765.5999999999999,move,improve
589,17,28297.199999999983,5,765.5999999999999,move,improve
590,17,27922.199999999997,5,765.5999999999999,move,improve
591,17,27919.799999999992,5,765.5999999999999,swap,improve
592,17,29054.2,5,765.5999999999999,2opt,acceptBad
593,17,29027.4,5,765.5999999999999,swap,improve
594,17,29027.4,5,765.5999999999999,move,improve
595,17,28968.000000000004,5,765.5999999999999,swap,improve
596,17,28968.000000000004,5,765.5999999999999,move,improve
597,17,28968.000000000004,5,765.5999999999999,2opt,improve
598,17,28968.000000000004,5,765.5999999999999,2opt,improve
599,16,24863.000000000004,5,765.5999999999999,move,improve
600,16,24863.000000000004,5,765.5999999999999,move,improve
601,16,24863.000000000004,5,765.5999999999999,2opt,improve
602,16,24863.00000000001,5,765.5999999999999,2opt,acceptBad
603,16,24863.00000000001,5,765.5999999999999,swap,improve
604,16,27901.800000000007,5,765.5999999999999,2opt,acceptBad
605,16,26452.800000000017,5,765.5999999999999,swap,improve
606,16,26452.800000000017,5,765.5999999999999,2opt,improve
607,16,25652.10000000002,5,765.5999999999999,move,improve
608,16,25652.10000000002,5,765.5999999999999,move,improve
609,16,25652.10000000002,5,765.5999999999999,move,improve
610,16,25652.100000000013,5,765.5999999999999,2opt,improve
611,16,25652.100000000013,5,765.5999999999999,swap,improve
612,16,26289.600000000013,5,765.5999999999999,2opt,acceptBad
613,16,26289.600000000013,5,765.5999999999999,move,improve
614,16,26123.100000000002,5,765.5999999999999,move,improve
615,16,26123.100000000002,5,765.5999999999999,move,improve
616,16,26093.100000000002,5,765.5999999999999,swap,improve
617,16,26093.100000000002,5,765.5999999999999,move,improve
618,16,26093.1,5,765.5999999999999,swap,improve
619,16,27071.100000000013,5,765.5999999999999,swap,acceptBad
620,16,27071.100000000013,5,765.5999999999999,swap,improve
621,16,28828.6,5,765.5999999999999,swap,acceptBad
622,16,28828.6,5,765.5999999999999,swap,improve
623,16,29013.000000000007,5,765.5999999999999,2opt,acceptBad
624,16,29289.000000000004,5,765.5999999999999,swap,acceptBad
625,16,29011.6,5,765.5999999999999,swap,improve
626,16,28666.19999999999,5,765.5999999999999,swap,improve
627,16,28666.19999999999,5,765.5999999999999,swap,improve
628,16,28666.19999999999,5,765.5999999999999,move,improve
629,16,30331.199999999993,5,765.5999999999999,2opt,acceptBad
630,16,30851.00000000001,5,765.5999999999999,2opt,acceptBad
631,16,30851.00000000001,5,765.5999999999999,move,improve
632,16,30376.00000000001,5,765.5999999999999,swap,improve
633,16,29523.199999999993,5,765.5999999999999,2opt,improve
634,16,29523.199999999993,5,765.5999999999999,move,improve
635,16,29523.199999999993,5,765.5999999999999,2opt,improve
636,16,28299.39999999999,5,765.5999999999999,move,improve
637,16,28299.39999999999,5,765.5999999999999,swap,improve
638,16,28299.39999999999,5,765.5999999999999,2opt,improve
639,16,28224.599999999977,5,765.5999999999999,move,improve
640,16,29603.09999999999,5,765.5999999999999,swap,acceptBad
641,16,27855.899999999994,5,765.5999999999999,move,improve
642,16,27267.399999999994,5,765.5999999999999,2opt,improve
643,16,27267.399999999994,5,765.5999999999999,2opt,improve
644,16,27325.899999999994,5,765.5999999999999,swap,acceptBad
645,16,28063.399999999994,5,765.5999999999999,swap,acceptBad
646,16,28063.399999999994,5,765.5999999999999,2opt,improve
647,16,28084.399999999994,5,765.5999999999999,swap,acceptBad
648,16,28084.399999999994,5,765.5999999999999,2opt,improve
649,16,31017.099999999995,5,765.5999999999999,2opt,acceptBad
650,16,31017.099999999995,5,765.5999999999999,swap,improve
651,16,31017.099999999995,5,765.5999999999999,swap,improve
652,16,30832.3,5,765.5999999999999,swap,improve
653,16,27578.3,5,765.5999999999999,move,improve
654,16,27578.3,5,765.5999999999999,swap,improve
655,16,27578.3,5,765.5999999999999,swap,improve
656,16,27578.3,5,765.5999999999999,move,improve
657,17,33016.0,5,765.5999999999999,2opt,acceptBad
658,17,30118.000000000004,5,765.5999999999999,move,improve
659,17,30118.000000000004,5,765.5999999999999,swap,improve
660,17,29100.000000000007,5,765.5999999999999,move,improve
661,17,29100.000000000007,5,765.5999999999999,move,improve
662,17,27602.40000000001,5,765.5999999999999,move,improve
663,17,27602.40000000001,5,765.5999999999999,move,improve
664,17,28147.80000000001,5,765.5999999999999,swap,acceptBad
665,17,27975.80000000001,5,765.5999999999999,2opt,improve
666,17,27969.400000000005,5,765.5999999999999,swap,improve
667,17,34364.8,5,765.5999999999999,2opt,acceptBad
668,16,23524.200000000004,5,765.5999999999999,move,improve
669,16,23524.200000000004,5,765.5999999999999,swap,improve
670,16,23524.200000000004,5,765.5999999999999,move,improve
671,16,23758.7,5,765.5999999999999,2opt,acceptBad
672,16,23758.7,5,765.5999999999999,2opt,improve
673,16,23758.7,5,765.5999999999999,move,improve
674,16,21878.500000000007,5,765.5999999999999,move,improve
675,16,21674.499999999996,5,765.5999999999999,swap,improve
676,16,21567.899999999998,5,765.5999999999999,swap,improve
677,16,21567.899999999998,5,765.5999999999999,move,improve
678,16,23581.899999999998,5,765.5999999999999,swap,acceptBad
679,16,23581.899999999998,5,765.5999999999999,swap,improve
680,16,23989.3,5,765.5999999999999,swap,acceptBad
681,16,24089.4,5,765.5999999999999,swap,acceptBad
682,16,23672.399999999998,5,765.5999999999999,move,improve
683,16,23672.399999999994,5,765.5999999999999,2opt,improve
684,16,25787.8,5,765.5999999999999,swap,acceptBad
685,16,25787.8,5,765.5999999999999,2opt,improve
686,16,25304.799999999996,5,765.5999999999999,move,improve
687,16,25304.799999999996,5,765.5999999999999,swap,improve
688,16,24820.2,5,765.5999999999999,2opt,improve
689,16,24820.2,5,765.5999999999999,move,improve
690,16,24820.2,5,765.5999999999999,move,improve
691,16,24820.199999999997,5,765.5999999999999,2opt,improve
692,16,24820.199999999997,5,765.5999999999999,swap,improve
693,16,24820.199999999993,5,765.5999999999999,2opt,improve
694,17,29038.8,5,765.5999999999999,2opt,acceptBad
695,17,29038.8,5,765.5999999999999,move,improve
696,17,29038.8,5,765.5999999999999,2opt,improve
697,17,29250.8,5,765.5999999999999,swap,acceptBad
698,17,29250.8,5,765.5999999999999,move,improve
699,17,29250.8,5,765.5999999999999,swap,improve
700,17,29250.8,5,765.5999999999999,swap,improve
701,17,29250.8,5,765.5999999999999,move,improve
702,17,30615.2,5,765.5999999999999,swap,acceptBad
703,17,30206.2,5,765.5999999999999,move,improve
704,17,30206.2,5,765.5999999999999,move,improve
705,17,30206.2,5,765.5999999999999,move,improve
706,17,30206.2,5,765.5999999999999,swap,improve
707,17,30279.8,5,765.5999999999999,2opt,acceptBad
708,17,29014.399999999998,5,765.5999999999999,move,improve
709,17,29014.399999999998,5,765.5999999999999,2opt,improve
710,17,29014.399999999994,5,765.5999999999999,swap,improve
711,17,29007.99999999999,5,765.5999999999999,move,improve
712,17,29464.8,5,765.5999999999999,2opt,acceptBad
713,17,29125.199999999986,5,765.5999999999999,move,improve
714,17,28713.200000000004,5,765.5999999999999,2opt,improve
715,18,31602.399999999994,5,765.5999999999999,2opt,acceptBad
716,18,31267.599999999995,5,765.5999999999999,swap,improve
717,18,31267.599999999995,5,765.5999999999999,move,improve
718,18,29403.599999999995,5,765.5999999999999,move,improve
719,18,29403.59999999999,5,765.5999999999999,2opt,improve
720,18,29403.59999999999,5,765.5999999999999,move,improve
721,18,28056.500000000004,5,765.5999999999999,move,improve
722,18,27326.300000000007,5,765.5999999999999,move,improve
723,18,27326.300000000007,5,765.5999999999999,swap,improve
724,18,27326.299999999996,5,765.5999999999999,2opt,improve
725,18,27326.299999999996,5,765.5999999999999,move,improve
726,18,27326.299999999996,5,765.5999999999999,2opt,notBad
727,18,27326.299999999996,5,765.5999999999999,move,improve
728,18,27326.300000000003,5,765.5999999999999,2opt,acceptBad
729,18,26008.400000000005,5,765.5999999999999,move,improve
730,18,27166.20000000001,5,765.5999999999999,swap,acceptBad
731,18,27166.20000000001,5,765.5999999999999,swap,improve
732,18,27065.70000000002,5,765.5999999999999,2opt,improve
733,18,27065.70000000002,5,765.5999999999999,move,improve
734,18,26548.500000000015,5,765.5999999999999,swap,improve
735,18,27027.70000000001,5,765.5999999999999,swap,acceptBad
736,18,35711.500000000015,5,765.5999999999999,2opt,acceptBad
737,18,35711.500000000015,5,765.5999999999999,swap,improve
738,18,34458.3,5,765.5999999999999,swap,improve
739,18,34458.3,5,765.5999999999999,swap,improve
740,18,31330.300000000007,5,765.5999999999999,move,improve
741,17,23521.79999999999,5,765.5999999999999,move,improve
742,17,22576.0,5,765.5999999999999,move,improve
743,17,22576.0,5,765.5999999999999,2opt,improve
744,17,21600.0,5,765.5999999999999,move,improve
745,17,22440.0,5,765.5999999999999,2opt,acceptBad
746,17,22440.0,5,765.5999999999999,2opt,improve
747,17,22440.0,5,765.5999999999999,2opt,improve
748,17,20931.0,5,765.5999999999999,move,improve
749,17,20931.0,5,765.5999999999999,move,improve
750,17,20931.0,5,765.5999999999999,2opt,improve
751,17,22102.0,5,765.5999999999999,swap,acceptBad
752,17,22102.0,5,765.5999999999999,swap,improve
753,17,22102.0,5,765.5999999999999,2opt,improve
754,17,22102.0,5,765.5999999999999,swap,improve
755,17,22102.0,5,765.5999999999999,swap,improve
756,17,21030.0,5,765.5999999999999,swap,improve
757,16,18071.600000000002,5,765.5999999999999,move,improve
758,16,18969.600000000002,5,765.5999999999999,swap,acceptBad
759,16,18826.100000000002,5,765.5999999999999,move,improve
760,16,18826.100000000002,5,765.5999999999999,2opt,improve
761,16,18826.100000000002,5,765.5999999999999,swap,improve
762,16,18826.1,5,765.5999999999999,2opt,improve
763,16,18826.1,5,765.5999999999999,move,improve
764,16,19120.100000000002,5,765.5999999999999,2opt,acceptBad
765,16,19120.1,5,765.5999999999999,2opt,improve
766,16,19120.1,5,765.5999999999999,swap,improve
767,17,25908.000000000004,5,765.5999999999999,2opt,acceptBad
768,17,25908.000000000004,5,765.5999999999999,move,improve
769,17,24532.000000000004,5,765.5999999999999,swap,improve
770,17,24531.999999999985,5,765.5999999999999,2opt,improve
771,17,24531.999999999985,5,765.5999999999999,2opt,improve
772,17,24531.999999999993,5,765.5999999999999,2opt,acceptBad
773,17,24791.99999999999,5,765.5999999999999,swap,acceptBad
774,17,24791.99999999999,5,765.5999999999999,move,improve
775,17,24791.999999999993,5,765.5999999999999,2opt,acceptBad
776,17,24148.0,5,765.5999999999999,move,improve
777,17,27347.599999999988,5,765.5999999999999,2opt,acceptBad
778,17,27778.59999999999,5,765.5999999999999,swap,acceptBad
779,17,27462.59999999999,5,765.5999999999999,swap,improve
780,17,27462.59999999999,5,765.5999999999999,2opt,improve
781,17,26556.799999999992,5,765.5999999999999,swap,improve
782,17,26556.799999999992,5,765.5999999999999,swap,improve
783,17,26556.799999999992,5,765.5999999999999,swap,improve
784,17,26556.79999999998,5,765.5999999999999,2opt,improve
785,17,26556.79999999998,5,765.5999999999999,swap,improve
786,17,26556.79999999998,5,765.5999999999999,move,improve
787,17,26256.399999999987,5,765.5999999999999,2opt,improve
788,17,25901.19999999999,5,765.5999999999999,move,improve
789,17,25624.799999999992,5,765.5999999999999,swap,improve
790,17,25624.799999999992,5,765.5999999999999,swap,improve
791,17,25624.799999999992,5,765.5999999999999,2opt,improve
792,17,25979.999999999993,5,765.5999999999999,2opt,acceptBad
793,17,24831.199999999993,5,765.5999999999999,move,improve
794,17,24831.199999999993,5,765.5999999999999,2opt,notBad
795,17,24831.199999999993,5,765.5999999999999,swap,improve
796,17,25107.599999999995,5,765.5999999999999,swap,acceptBad
797,17,25107.59999999999,5,765.5999999999999,2opt,improve
798,17,25107.599999999988,5,765.5999999999999,2opt,improve
799,17,25195.39999999999,5,765.5999999999999,swap,acceptBad
800,17,25195.39999999999,5,765.5999999999999,2opt,improve
801,17,28096.799999999992,5,765.5999999999999,swap,acceptBad
802,17,29161.6,5,765.5999999999999,2opt,acceptBad
803,17,29161.6,5,765.5999999999999,swap,improve
804,17,30186.6,5,765.5999999999999,swap,acceptBad
805,17,30186.6,5,765.5999999999999,swap,improve
806,17,30186.6,5,765.5999999999999,swap,improve
807,17,30098.6,5,765.5999999999999,swap,improve
808,17,30098.6,5,765.5999999999999,swap,improve
809,17,30098.6,5,765.5999999999999,2opt,improve
810,17,30098.6,5,765.5999999999999,move,improve
811,17,30098.6,5,765.5999999999999,swap,improve
812,17,29930.199999999997,5,765.5999999999999,2opt,improve
813,17,30813.2,5,765.5999999999999,2opt,acceptBad
814,17,30813.2,5,765.5999999999999,2opt,improve
815,17,28959.2,5,765.5999999999999,move,improve
816,17,29142.79999999999,5,765.5999999999999,swap,acceptBad
817,17,29142.79999999999,5,765.5999999999999,2opt,improve
818,17,30226.79999999999,5,765.5999999999999,2opt,acceptBad
819,17,31358.79999999999,5,765.5999999999999,2opt,acceptBad
820,17,31358.79999999999,5,765.5999999999999,swap,improve
821,17,31175.2,5,765.5999999999999,2opt,improve
822,17,31358.79999999999,5,765.5999999999999,swap,acceptBad
823,17,31358.79999999999,5,765.5999999999999,2opt,improve
824,17,28418.79999999999,5,765.5999999999999,move,improve
825,17,28418.79999999999,5,765.5999999999999,move,improve
826,17,28418.799999999985,5,765.5999999999999,2opt,improve
827,17,28418.79999999999,5,765.5999999999999,2opt,acceptBad
828,17,28418.79999999999,5,765.5999999999999,2opt,improve
829,17,28499.599999999984,5,765.5999999999999,swap,acceptBad
830,17,28643.599999999984,5,765.5999999999999,swap,acceptBad
831,17,28643.599999999984,5,765.5999999999999,swap,improve
832,17,28826.0,5,765.5999999999999,swap,acceptBad
833,17,27328.0,5,765.5999999999999,move,improve
834,17,27062.0,5,765.5999999999999,move,improve
835,17,27081.599999999988,5,765.5999999999999,swap,acceptBad
836,17,27081.599999999988,5,765.5999999999999,2opt,improve
837,17,27264.0,5,765.5999999999999,swap,acceptBad
838,17,27264.0,5,765.5999999999999,swap,improve
839,17,27328.0,5,765.5999999999999,2opt,acceptBad
840,17,27328.0,5,765.5999999999999,swap,improve
841,17,27180.40000000001,5,765.5999999999999,move,improve
842,17,27072.000000000007,5,765.5999999999999,swap,improve
843,17,27072.000000000007,5,765.5999999999999,2opt,improve
844,17,27072.000000000007,5,765.5999999999999,swap,improve
845,17,26691.800000000007,5,765.5999999999999,swap,improve
846,17,26691.800000000007,5,765.5999999999999,swap,improve
847,17,26691.800000000007,5,765.5999999999999,2opt,improve
848,17,26691.800000000007,5,765.5999999999999,move,improve
849,17,26691.800000000007,5,765.5999999999999,2opt,improve
850,17,26224.60000000001,5,765.5999999999999,move,improve
851,17,26224.60000000001,5,765.5999999999999,move,improve
852,17,27699.800000000003,5,765.5999999999999,move,acceptBad
853,17,27699.800000000003,5,765.5999999999999,2opt,improve
854,17,27699.800000000003,5,765.5999999999999,swap,improve
855,17,27542.4,5,765.5999999999999,2opt,improve
856,17,27542.4,5,765.5999999999999,move,improve
857,17,29062.400000000005,5,765.5999999999999,swap,acceptBad
858,17,27081.6,5,765.5999999999999,move,improve
859,17,27081.60000000001,5,765.5999999999999,2opt,acceptBad
860,17,27081.60000000001,5,765.5999999999999,swap,improve
861,17,25860.800000000007,5,765.5999999999999,swap,improve
862,17,25860.800000000007,5,765.5999999999999,swap,improve
863,17,26105.800000000007,5,765.5999999999999,swap,acceptBad
864,17,26105.799999999992,5,765.5999999999999,2opt,improve
865,17,26105.799999999992,5,765.5999999999999,move,improve
866,17,26105.799999999992,5,765.5999999999999,move,improve
867,17,25712.800000000007,5,765.5999999999999,move,improve
868,17,26137.200000000008,5,765.5999999999999,swap,acceptBad
869,17,26000.4,5,765.5999999999999,move,improve
870,17,26000.4,5,765.5999999999999,2opt,improve
871,17,26000.40000000002,5,765.5999999999999,2opt,acceptBad
872,17,26000.40000000002,5,765.5999999999999,move,improve
873,17,25987.20000000002,5,765.5999999999999,swap,improve
874,17,25987.200000000008,5,765.5999999999999,2opt,improve
875,17,26620.400000000012,5,765.5999999999999,move,acceptBad
876,17,26620.400000000012,5,765.5999999999999,swap,improve
877,17,26932.400000000012,5,765.5999999999999,swap,acceptBad
878,17,27045.600000000002,5,765.5999999999999,2opt,acceptBad
879,17,27045.600000000002,5,765.5999999999999,2opt,improve
880,17,27045.600000000002,5,765.5999999999999,swap,improve
881,17,26549.199999999997,5,765.5999999999999,move,improve
882,17,26216.80000000001,5,765.5999999999999,move,improve
883,17,26216.80000000003,5,765.5999999999999,2opt,acceptBad
884,17,26216.80000000001,5,765.5999999999999,2opt,improve
885,17,26453.199999999997,5,765.5999999999999,swap,acceptBad
886,17,27584.399999999987,5,765.5999999999999,swap,acceptBad
887,16,23221.299999999996,5,765.5999999999999,move,improve
888,16,23221.299999999992,5,765.5999999999999,swap,improve
889,16,23221.299999999996,5,765.5999999999999,2opt,acceptBad
890,16,23221.299999999996,5,765.5999999999999,move,improve
891,16,22778.5,5,765.5999999999999,move,improve
892,16,22778.5,5,765.5999999999999,swap,improve
893,16,22778.5,5,765.5999999999999,move,improve
894,16,21080.499999999996,5,765.5999999999999,move,improve
895,16,21080.499999999996,5,765.5999999999999,move,improve
896,16,19503.099999999995,5,765.5999999999999,move,improve
897,16,19623.099999999995,5,765.5999999999999,2opt,acceptBad
898,16,19811.199999999997,5,765.5999999999999,swap,acceptBad
899,16,19811.199999999997,5,765.5999999999999,2opt,improve
900,16,19811.199999999993,5,765.5999999999999,2opt,improve
901,16,19811.199999999993,5,765.5999999999999,swap,improve
902,16,19811.199999999993,5,765.5999999999999,2opt,improve
903,16,19811.199999999993,5,765.5999999999999,2opt,improve
904,16,19811.199999999993,5,765.5999999999999,2opt,improve
905,16,19811.199999999993,5,765.5999999999999,swap,improve
906,16,19243.999999999993,5,765.5999999999999,move,improve
907,16,19243.999999999996,5,765.5999999999999,2opt,acceptBad
908,15,16076.399999999998,5,765.5999999999999,move,improve
909,15,15278.0,5,765.5999999999999,2opt,improve
910,15,15278.0,5,765.5999999999999,move,improve
911,15,15278.0,5,765.5999999999999,2opt,improve
912,15,15278.0,5,765.5999999999999,move,improve
913,15,15278.0,5,765.5999999999999,move,improve
914,15,15230.0,5,765.5999999999999,move,improve
915,15,16076.399999999998,5,765.5999999999999,2opt,acceptBad
916,15,16076.399999999998,5,765.5999999999999,2opt,improve
917,14,14348.599999999999,5,765.5999999999999,2opt,improve
918,14,14348.599999999999,5,765.5999999999999,2opt,improve
919,14,14348.599999999999,5,765.5999999999999,swap,improve
920,14,14270.599999999999,5,765.5999999999999,swap,improve
921,14,14249.899999999998,5,765.5999999999999,swap,improve
922,14,14270.599999999999,5,765.5999999999999,swap,acceptBad
923,14,14270.6,5,765.5999999999999,2opt,acceptBad
924,14,14270.6,5,765.5999999999999,move,improve
925,14,14270.599999999999,5,765.5999999999999,2opt,improve
926,14,14617.199999999995,5,765.5999999999999,2opt,acceptBad
927,14,14617.199999999995,5,765.5999999999999,move,improve
928,14,14617.199999999999,5,765.5999999999999,2opt,acceptBad
929,14,14617.199999999999,5,765.5999999999999,2opt,improve
930,14,14617.199999999999,5,765.5999999999999,move,improve
931,14,14617.199999999999,5,765.5999999999999,swap,improve
932,14,14617.199999999999,5,765.5999999999999,2opt,improve
933,14,14002.999999999998,5,765.5999999999999,move,improve
934,14,14002.999999999998,5,765.5999999999999,move,improve
935,14,14002.999999999998,5,765.5999999999999,move,improve
936,14,14002.999999999998,5,765.5999999999999,swap,improve
937,14,14002.999999999998,5,765.5999999999999,2opt,improve
938,14,14002.999999999998,5,765.5999999999999,2opt,improve
939,14,14463.300000000003,5,765.5999999999999,2opt,acceptBad
940,14,14994.400000000001,5,765.5999999999999,2opt,acceptBad
941,14,14994.400000000001,5,765.5999999999999,move,improve
942,14,14994.400000000001,5,765.5999999999999,swap,improve
943,14,14994.400000000001,5,765.5999999999999,move,improve
944,14,14994.400000000001,5,765.5999999999999,swap,improve
945,14,14994.400000000001,5,765.5999999999999,move,improve
946,14,14994.400000000001,5,765.5999999999999,swap,improve
947,14,14038.2,5,765.5999999999999,move,improve
948,14,13452.9,5,765.5999999999999,swap,improve
949,14,13443.9,5,765.5999999999999,move,improve
950,14,13721.499999999998,5,765.5999999999999,move,acceptBad
951,14,13721.499999999998,5,765.5999999999999,2opt,notBad
952,13,11478.4,5,765.5999999999999,move,improve
953,13,11478.4,5,765.5999999999999,swap,improve
954,13,11478.400000000001,5,765.5999999999999,2opt,acceptBad
955,13,11363.199999999999,5,765.5999999999999,2opt,improve
956,13,11363.199999999999,5,765.5999999999999,2opt,improve
957,13,11478.4,5,765.5999999999999,swap,acceptBad
958,13,11478.4,5,765.5999999999999,move,improve
959,13,10466.400000000001,5,765.5999999999999,move,improve
960,13,10466.400000000001,5,765.5999999999999,move,improve
961,14,16077.1,5,765.5999999999999,2opt,acceptBad
962,14,16077.1,5,765.5999999999999,move,improve
963,14,16077.1,5,765.5999999999999,move,improve
964,14,16077.1,5,765.5999999999999,2opt,improve
965,14,16077.099999999999,5,765.5999999999999,2opt,improve
966,14,15302.300000000001,5,765.5999999999999,move,improve
967,14,16090.1,5,765.5999999999999,2opt,acceptBad
968,14,16090.1,5,765.5999999999999,2opt,improve
969,14,16324.1,5,765.5999999999999,swap,acceptBad
970,14,16324.1,5,765.5999999999999,2opt,improve
971,14,15294.5,5,765.5999999999999,move,improve
972,14,15164.900000000003,5,765.5999999999999,swap,improve
973,14,16398.6,5,765.5999999999999,swap,acceptBad
974,14,17459.4,5,765.5999999999999,swap,acceptBad
975,14,15819.499999999998,5,765.5999999999999,move,improve
976,14,14712.400000000005,5,765.5999999999999,move,improve
977,14,15622.400000000009,5,765.5999999999999,swap,acceptBad
978,14,16357.700000000004,5,765.5999999999999,swap,acceptBad
979,14,16357.700000000004,5,765.5999999999999,swap,improve
980,14,16357.700000000004,5,765.5999999999999,swap,improve
981,14,16357.700000000004,5,765.5999999999999,move,improve
982,14,16357.700000000004,5,765.5999999999999,move,improve
983,14,16357.700000000004,5,765.5999999999999,move,improve
984,14,16357.700000000004,5,765.5999999999999,swap,improve
985,14,16357.700000000004,5,765.5999999999999,2opt,improve
986,14,16357.7,5,765.5999999999999,2opt,improve
987,14,16313.7,5,765.5999999999999,move,improve
988,14,16309.500000000005,5,765.5999999999999,swap,improve
989,14,16309.500000000005,5,765.5999999999999,swap,improve
990,15,19411.000000000004,5,765.5999999999999,2opt,acceptBad
991,15,19411.000000000004,5,765.5999999999999,2opt,improve
992,15,19411.000000000004,5,765.5999999999999,swap,improve
993,15,19250.0,5,765.5999999999999,2opt,improve
994,15,18002.0,5,765.5999999999999,move,improve
995,15,18002.000000000004,5,765.5999999999999,2opt,acceptBad
996,15,18258.200000000004,5,765.5999999999999,swap,acceptBad
997,15,18258.200000000004,5,765.5999999999999,swap,improve
998,15,17635.2,5,765.5999999999999,swap,improve
999,15,17582.200000000008,5,765.5999999999999,swap,improve
1000,15,17582.200000000008,5,765.5999999999999,move,improve
1001,15,17570.200000000008,5,765.5999999999999,swap,improve
1002,15,17570.2,5,765.5999999999999,2opt,improve
1003,15,17971.799999999996,5,765.5999999999999,2opt,acceptBad
1004,15,17971.799999999996,5,765.5999999999999,swap,improve
1005,15,18353.399999999994,5,765.5999999999999,2opt,acceptBad
1006,15,18353.399999999994,5,765.5999999999999,2opt,improve
1007,15,18353.399999999994,5,765.5999999999999,swap,improve
1008,15,18353.4,5,765.5999999999999,2opt,acceptBad
1009,15,18353.4,5,765.5999999999999,swap,improve
1010,15,18353.4,5,765.5999999999999,swap,improve
1011,15,18171.399999999994,5,765.5999999999999,2opt,improve
1012,15,18171.39999999999,5,765.5999999999999,2opt,improve
1013,15,18171.39999999999,5,765.5999999999999,move,improve
1014,15,18429.200000000004,5,765.5999999999999,2opt,acceptBad
1015,15,18429.200000000004,5,765.5999999999999,swap,improve
1016,15,18429.199999999997,5,765.5999999999999,2opt,improve
1017,15,18151.2,5,765.5999999999999,swap,improve
1018,15,18151.2,5,765.5999999999999,swap,improve
1019,15,18151.200000000004,5,765.5999999999999,2opt,acceptBad
1020,15,18151.2,5,765.5999999999999,2opt,improve
1021,15,18151.2,5,765.5999999999999,swap,improve
1022,15,17319.4,5,765.5999999999999,move,improve
1023,15,17319.4,5,765.5999999999999,move,improve
1024,15,16258.6,5,765.5999999999999,move,improve
1025,15,16258.6,5,765.5999999999999,move,improve
1026,15,16229.199999999999,5,765.5999999999999,move,improve
1027,15,16229.199999999999,5,765.5999999999999,2opt,improve
1028,15,16229.200000000003,5,765.5999999999999,2opt,acceptBad
1029,15,16229.200000000003,5,765.5999999999999,swap,improve
1030,15,17060.800000000003,5,765.5999999999999,2opt,acceptBad
1031,15,17060.800000000003,5,765.5999999999999,2opt,improve
1032,15,16007.200000000004,5,765.5999999999999,move,improve
1033,15,16007.200000000004,5,765.5999999999999,move,improve
1034,15,16007.200000000004,5,765.5999999999999,move,improve
1035,15,16007.200000000004,5,765.5999999999999,2opt,improve
1036,15,16007.200000000004,5,765.5999999999999,swap,improve
1037,15,16007.200000000004,5,765.5999999999999,move,improve
1038,15,16007.200000000004,5,765.5999999999999,move,improve
1039,15,16007.200000000004,5,765.5999999999999,move,improve
1040,15,16007.200000000004,5,765.5999999999999,move,improve
1041,15,16090.800000000003,5,765.5999999999999,swap,acceptBad
1042,15,16090.800000000003,5,765.5999999999999,move,improve
1043,15,16090.800000000003,5,765.5999999999999,move,improve
1044,15,16090.8,5,765.5999999999999,2opt,improve
1045,15,15821.999999999995,5,765.5999999999999,move,improve
1046,15,15821.999999999995,5,765.5999999999999,move,improve
1047,15,16634.399999999994,5,765.5999999999999,swap,acceptBad
1048,15,16448.4,5,765.5999999999999,swap,improve
1049,15,16734.000000000004,5,765.5999999999999,2opt,acceptBad
1050,15,16734.000000000004,5,765.5999999999999,2opt,improve
1051,15,16734.000000000004,5,765.5999999999999,swap,improve
1052,15,16734.000000000004,5,765.5999999999999,swap,improve
1053,15,16734.0,5,765.5999999999999,2opt,improve
1054,15,16734.0,5,765.5999999999999,swap,improve
1055,15,16734.0,5,765.5999999999999,swap,improve
1056,15,18104.2,5,765.5999999999999,2opt,acceptBad
1057,15,18104.2,5,765.5999999999999,swap,improve
1058,15,18104.2,5,765.5999999999999,swap,improve
1059,15,18104.199999999993,5,765.5999999999999,2opt,improve
1060,15,18104.199999999993,5,765.5999999999999,2opt,improve
1061,15,18104.199999999993,5,765.5999999999999,move,improve
1062,15,18104.199999999993,5,765.5999999999999,2opt,improve
1063,15,18168.59999999999,5,765.5999999999999,swap,acceptBad
1064,15,18168.6,5,765.5999999999999,2opt,acceptBad
1065,15,17703.2,5,765.5999999999999,move,improve
1066,15,17703.2,5,765.5999999999999,swap,improve
1067,15,16610.400000000005,5,765.5999999999999,move,improve
1068,15,16117.0,5,765.5999999999999,move,improve
1069,15,16117.000000000002,5,765.5999999999999,2opt,acceptBad
1070,15,16027.000000000002,5,765.5999999999999,swap,improve
1071,15,16027.000000000002,5,765.5999999999999,move,improve
1072,15,16027.000000000002,5,765.5999999999999,move,improve
1073,15,16027.000000000004,5,765.5999999999999,2opt,acceptBad
1074,15,16027.000000000004,5,765.5999999999999,2opt,improve
1075,15,16027.000000000004,5,765.5999999999999,2opt,improve
1076,15,18415.199999999997,5,765.5999999999999,2opt,acceptBad
1077,15,18667.8,5,765.5999999999999,swap,acceptBad
1078,15,18667.799999999996,5,765.5999999999999,2opt,improve
1079,15,18667.799999999996,5,765.5999999999999,move,improve
1080,15,18898.199999999997,5,765.5999999999999,swap,acceptBad
1081,15,18898.199999999997,5,765.5999999999999,2opt,improve
1082,15,18898.199999999997,5,765.5999999999999,move,improve
1083,15,18898.199999999997,5,765.5999999999999,swap,improve
1084,15,18702.199999999997,5,765.5999999999999,move,improve
1085,15,18702.199999999997,5,765.5999999999999,swap,improve
1086,15,18702.199999999997,5,765.5999999999999,move,improve
1087,15,18702.199999999997,5,765.5999999999999,2opt,improve
1088,15,18702.199999999997,5,765.5999999999999,move,improve
1089,15,18672.4,5,765.5999999999999,2opt,improve
1090,15,18767.399999999998,5,765.5999999999999,swap,acceptBad
1091,15,18767.399999999998,5,765.5999999999999,move,improve
1092,15,18628.200000000008,5,765.5999999999999,move,improve
1093,15,18628.200000000008,5,765.5999999999999,move,improve
1094,15,18628.200000000008,5,765.5999999999999,move,improve
1095,15,18628.200000000008,5,765.5999999999999,2opt,notBad
1096,15,15893.199999999993,5,765.5999999999999,move,improve
1097,15,15893.199999999993,5,765.5999999999999,move,improve
1098,16,19519.200000000004,5,765.5999999999999,2opt,acceptBad
1099,16,19519.200000000004,5,765.5999999999999,move,improve
1100,16,19519.200000000004,5,765.5999999999999,swap,improve
1101,16,19519.200000000004,5,765.5999999999999,move,improve
1102,16,19519.200000000004,5,765.5999999999999,move,improve
1103,16,18458.999999999993,5,765.5999999999999,move,improve
1104,16,18459.0,5,765.5999999999999,2opt,acceptBad
1105,16,18459.0,5,765.5999999999999,swap,improve
1106,16,18459.0,5,765.5999999999999,swap,improve
1107,16,18459.0,5,765.5999999999999,swap,improve
1108,16,19812.200000000004,5,765.5999999999999,swap,acceptBad
1109,16,19812.199999999997,5,765.5999999999999,2opt,improve
1110,16,18106.199999999993,5,765.5999999999999,2opt,improve
1111,16,18106.199999999993,5,765.5999999999999,move,improve
1112,16,18106.199999999993,5,765.5999999999999,swap,improve
1113,16,18106.19999999999,5,765.5999999999999,swap,improve
1114,16,22970.199999999993,5,765.5999999999999,swap,acceptBad
1115,16,22970.199999999993,5,765.5999999999999,move,improve
1116,16,22970.2,5,765.5999999999999,2opt,acceptBad
1117,16,22970.2,5,765.5999999999999,move,improve
1118,16,22970.2,5,765.5999999999999,swap,improve
1119,16,22970.2,5,765.5999999999999,swap,improve
1120,16,22970.2,5,765.5999999999999,swap,improve
1121,16,21567.5,5,765.5999999999999,move,improve
1122,16,21395.0,5,765.5999999999999,swap,improve
1123,17,25974.0,5,765.5999999999999,2opt,acceptBad
1124,17,25974.0,5,765.5999999999999,move,improve
1125,17,25974.0,5,765.5999999999999,swap,improve
1126,16,21267.4,5,765.5999999999999,move,improve
1127,16,21267.4,5,765.5999999999999,2opt,improve
1128,16,21072.4,5,765.5999999999999,move,improve
1129,16,21072.399999999998,5,765.5999999999999,2opt,improve
1130,16,21220.500000000007,5,765.5999999999999,2opt,acceptBad
1131,16,21220.500000000007,5,765.5999999999999,move,improve
1132,16,21220.500000000007,5,765.5999999999999,move,improve
1133,16,21220.500000000007,5,765.5999999999999,swap,improve
1134,16,21220.500000000007,5,765.5999999999999,swap,improve
1135,16,20257.700000000008,5,765.5999999999999,move,improve
1136,16,20257.700000000008,5,765.5999999999999,2opt,notBad
1137,16,20257.700000000008,5,765.5999999999999,swap,improve
1138,16,20257.700000000008,5,765.5999999999999,move,improve
1139,16,20174.100000000017,5,765.5999999999999,move,improve
1140,16,20174.100000000017,5,765.5999999999999,swap,improve
1141,16,20174.100000000002,5,765.5999999999999,2opt,improve
1142,16,20853.3,5,765.5999999999999,swap,acceptBad
1143,16,20853.3,5,765.5999999999999,2opt,notBad
1144,16,22843.100000000002,5,765.5999999999999,2opt,acceptBad
1145,16,22843.100000000002,5,765.5999999999999,2opt,improve
1146,16,22843.100000000002,5,765.5999999999999,swap,improve
1147,16,25012.100000000002,5,765.5999999999999,2opt,acceptBad
1148,16,25034.100000000006,5,765.5999999999999,2opt,acceptBad
1149,16,25034.100000000006,5,765.5999999999999,swap,improve
1150,16,25415.7,5,765.5999999999999,2opt,acceptBad
1151,16,24007.7,5,765.5999999999999,move,improve
1152,16,24007.7,5,765.5999999999999,swap,improve
1153,16,25882.7,5,765.5999999999999,2opt,acceptBad
1154,16,25060.700000000008,5,765.5999999999999,swap,improve
1155,16,25564.4,5,765.5999999999999,2opt,acceptBad
1156,16,26150.899999999983,5,765.5999999999999,swap,acceptBad
1157,16,26150.899999999983,5,765.5999999999999,2opt,improve
1158,16,26204.099999999984,5,765.5999999999999,2opt,acceptBad
1159,16,26204.099999999984,5,765.5999999999999,2opt,improve
1160,17,35202.599999999984,5,765.5999999999999,2opt,acceptBad
1161,17,35202.599999999984,5,765.5999999999999,move,improve
1162,17,34385.00000000001,5,765.5999999999999,move,improve
1163,17,34385.00000000001,5,765.5999999999999,2opt,notBad
1164,17,34385.00000000001,5,765.5999999999999,swap,improve
1165,17,34119.0,5,765.5999999999999,2opt,improve
1166,17,35901.40000000001,5,765.5999999999999,2opt,acceptBad
1167,17,35901.40000000001,5,765.5999999999999,2opt,notBad
1168,17,35901.40000000001,5,765.5999999999999,2opt,improve
1169,17,35901.40000000001,5,765.5999999999999,2opt,improve
1170,17,35633.200000000004,5,765.5999999999999,swap,improve
1171,17,35633.200000000004,5,765.5999999999999,2opt,improve
1172,17,32903.2,5,765.5999999999999,move,improve
1173,17,32903.2,5,765.5999999999999,2opt,improve
1174,17,27027.199999999993,5,765.5999999999999,move,improve
1175,17,27027.199999999993,5,765.5999999999999,2opt,improve
1176,17,24638.799999999992,5,765.5999999999999,move,improve
1177,17,24638.799999999992,5,765.5999999999999,2opt,improve
1178,17,24638.799999999992,5,765.5999999999999,swap,improve
1179,17,24638.799999999992,5,765.5999999999999,2opt,notBad
1180,17,24638.799999999992,5,765.5999999999999,swap,improve
1181,17,24638.799999999992,5,765.5999999999999,move,improve
1182,17,24638.799999999992,5,765.5999999999999,swap,improve
1183,17,23904.799999999992,5,765.5999999999999,swap,improve
1184,17,23904.799999999992,5,765.5999999999999,swap,improve
1185,17,23904.799999999992,5,765.5999999999999,2opt,improve
1186,17,23904.799999999992,5,765.5999999999999,2opt,improve
1187,17,23904.799999999992,5,765.5999999999999,swap,improve
1188,17,23904.799999999992,5,765.5999999999999,2opt,improve
1189,17,23249.6,5,765.5999999999999,move,improve
1190,17,23249.600000000002,5,765.5999999999999,2opt,acceptBad
1191,17,23249.600000000002,5,765.5999999999999,move,improve
1192,17,24765.599999999995,5,765.5999999999999,2opt,acceptBad
1193,17,24765.599999999995,5,765.5999999999999,2opt,improve
1194,17,23479.20000000001,5,765.5999999999999,move,improve
1195,17,24308.000000000004,5,765.5999999999999,swap,acceptBad
1196,17,25830.400000000005,5,765.5999999999999,swap,acceptBad
1197,17,26908.40000000001,5,765.5999999999999,swap,acceptBad
1198,17,26858.40000000001,5,765.5999999999999,swap,improve
1199,17,25700.40000000001,5,765.5999999999999,move,improve
1200,17,25481.600000000002,5,765.5999999999999,move,improve
1201,17,26123.600000000002,5,765.5999999999999,swap,acceptBad
1202,17,26123.600000000002,5,765.5999999999999,2opt,improve
1203,17,26123.600000000002,5,765.5999999999999,move,improve
1204,17,29142.399999999994,5,765.5999999999999,swap,acceptBad
1205,17,28151.800000000007,5,765.5999999999999,move,improve
1206,17,28151.800000000007,5,765.5999999999999,swap,improve
1207,17,28046.20000000002,5,765.5999999999999,swap,improve
1208,17,28046.20000000001,5,765.5999999999999,2opt,improve
1209,17,28046.20000000001,5,765.5999999999999,move,improve
1210,17,28046.20000000002,5,765.5999999999999,swap,acceptBad
1211,17,28046.200000000015,5,765.5999999999999,2opt,improve
1212,17,28046.200000000015,5,765.5999999999999,swap,improve
1213,17,28046.200000000015,5,765.5999999999999,2opt,improve
1214,17,28046.20000000001,5,765.5999999999999,2opt,improve
1215,17,27171.000000000007,5,765.5999999999999,move,improve
1216,17,27171.000000000007,5,765.5999999999999,move,improve
1217,17,24979.000000000004,5,765.5999999999999,move,improve
1218,17,24979.000000000004,5,765.5999999999999,2opt,improve
1219,17,24979.000000000015,5,765.5999999999999,2opt,acceptBad
1220,17,24979.000000000015,5,765.5999999999999,move,improve
1221,17,24979.000000000015,5,765.5999999999999,move,improve
1222,17,24979.00000000002,5,765.5999999999999,2opt,acceptBad
1223,17,24979.00000000002,5,765.5999999999999,move,improve
1224,17,32721.40000000003,5,765.5999999999999,move,acceptBad
1225,17,35363.80000000002,5,765.5999999999999,swap,acceptBad
1226,17,35363.800000000025,5,765.5999999999999,2opt,acceptBad
1227,17,35195.40000000002,5,765.5999999999999,2opt,improve
1228,17,35195.40000000002,5,765.5999999999999,2opt,improve
1229,16,31353.300000000014,5,765.5999999999999,2opt,improve
1230,16,31692.300000000014,5,765.5999999999999,swap,acceptBad
1231,16,31692.299999999985,5,765.5999999999999,2opt,improve
1232,16,31692.299999999985,5,765.5999999999999,2opt,improve
1233,16,31692.299999999985,5,765.5999999999999,swap,improve
1234,16,29788.799999999985,5,765.5999999999999,move,improve
1235,16,28041.299999999985,5,765.5999999999999,move,improve
1236,16,28063.299999999985,5,765.5999999999999,swap,acceptBad
1237,16,28691.399999999994,5,765.5999999999999,2opt,acceptBad
1238,16,28446.299999999992,5,765.5999999999999,swap,improve
1239,16,24761.39999999999,5,765.5999999999999,move,improve
1240,16,24761.39999999999,5,765.5999999999999,swap,improve
1241,16,24761.39999999999,5,765.5999999999999,2opt,improve
1242,16,24761.39999999999,5,765.5999999999999,move,improve
1243,16,21274.899999999998,5,765.5999999999999,move,improve
1244,16,21274.899999999998,5,765.5999999999999,swap,improve
1245,15,18927.399999999998,5,765.5999999999999,2opt,improve
1246,15,17709.600000000002,5,765.5999999999999,move,improve
1247,15,17264.8,5,765.5999999999999,move,improve
1248,15,17264.799999999996,5,765.5999999999999,swap,improve
1249,15,17264.799999999996,5,765.5999999999999,2opt,improve
1250,15,17264.799999999996,5,765.5999999999999,swap,improve
1251,15,17264.799999999996,5,765.5999999999999,2opt,improve
1252,15,17264.8,5,765.5999999999999,swap,acceptBad
1253,15,18831.8,5,765.5999999999999,2opt,acceptBad
1254,15,18831.8,5,765.5999999999999,2opt,improve
1255,15,18831.8,5,765.5999999999999,swap,improve
1256,15,18831.8,5,765.5999999999999,2opt,improve
1257,15,18831.8,5,765.5999999999999,move,improve
1258,15,18220.0,5,765.5999999999999,move,improve
1259,15,18220.0,5,765.5999999999999,move,improve
1260,15,18220.000000000007,5,765.5999999999999,2opt,acceptBad
1261,15,18220.000000000007,5,765.5999999999999,swap,improve
1262,15,17951.200000000008,5,765.5999999999999,move,improve
1263,15,17951.200000000008,5,765.5999999999999,2opt,improve
1264,15,17951.200000000008,5,765.5999999999999,move,improve
1265,15,17951.200000000004,5,765.5999999999999,2opt,improve
1266,15,17186.199999999997,5,765.5999999999999,2opt,improve
1267,15,17186.199999999997,5,765.5999999999999,2opt,improve
1268,15,17186.199999999997,5,765.5999999999999,move,improve
1269,15,17186.199999999997,5,765.5999999999999,2opt,improve
1270,15,17186.199999999997,5,765.5999999999999,move,improve
1271,15,17186.2,5,765.5999999999999,2opt,acceptBad
1272,15,17186.2,5,765.5999999999999,move,improve
1273,15,17186.2,5,765.5999999999999,move,improve
1274,15,18009.200000000004,5,765.5999999999999,2opt,acceptBad
1275,15,17982.000000000007,5,765.5999999999999,move,improve
1276,15,18194.60000000001,5,765.5999999999999,2opt,acceptBad
1277,15,18866.60000000001,5,765.5999999999999,swap,acceptBad
1278,15,18866.60000000001,5,765.5999999999999,move,improve
1279,15,19681.200000000004,5,765.5999999999999,2opt,acceptBad
1280,15,19681.200000000004,5,765.5999999999999,swap,improve
1281,15,20227.40000000001,5,765.5999999999999,2opt,acceptBad
1282,15,20227.40000000001,5,765.5999999999999,swap,improve
1283,15,20036.600000000002,5,765.5999999999999,swap,improve
1284,15,20036.600000000002,5,765.5999999999999,swap,improve
1285,16,24093.500000000007,5,765.5999999999999,2opt,acceptBad
1286,16,23552.10000000001,5,765.5999999999999,move,improve
1287,16,23145.600000000002,5,765.5999999999999,swap,improve
1288,16,23202.000000000004,5,765.5999999999999,2opt,acceptBad
1289,16,23202.000000000004,5,765.5999999999999,2opt,improve
1290,16,23202.000000000004,5,765.5999999999999,move,improve
1291,16,22191.000000000004,5,765.5999999999999,swap,improve
1292,16,21770.200000000008,5,765.5999999999999,move,improve
1293,16,21770.200000000008,5,765.5999999999999,move,improve
1294,16,21741.900000000012,5,765.5999999999999,2opt,improve
1295,16,21741.900000000012,5,765.5999999999999,swap,improve
1296,16,22133.00000000001,5,765.5999999999999,swap,acceptBad
1297,16,22498.500000000015,5,765.5999999999999,2opt,acceptBad
1298,16,22498.500000000015,5,765.5999999999999,2opt,notBad
1299,16,22498.499999999993,5,765.5999999999999,2opt,improve
1300,16,22498.499999999993,5,765.5999999999999,swap,improve
1301,16,28974.400000000027,5,765.5999999999999,2opt,acceptBad
1302,16,28974.400000000027,5,765.5999999999999,move,improve
1303,16,22534.500000000015,5,765.5999999999999,2opt,improve
1304,16,22650.70000000001,5,765.5999999999999,swap,acceptBad
1305,16,22650.70000000001,5,765.5999999999999,move,improve
1306,16,22650.70000000001,5,765.5999999999999,swap,improve
1307,16,21737.500000000007,5,765.5999999999999,move,improve
1308,16,20687.0,5,765.5999999999999,move,improve
1309,16,20687.0,5,765.5999999999999,2opt,improve
1310,16,20687.0,5,765.5999999999999,move,improve
1311,16,20925.800000000007,5,765.5999999999999,2opt,acceptBad
1312,16,20876.800000000007,5,765.5999999999999,move,improve
1313,16,22124.400000000005,5,765.5999999999999,2opt,acceptBad
1314,16,21764.4,5,765.5999999999999,move,improve
1315,16,21764.4,5,765.5999999999999,2opt,improve
1316,16,22788.000000000004,5,765.5999999999999,swap,acceptBad
1317,16,22788.000000000004,5,765.5999999999999,swap,improve
1318,16,22788.000000000004,5,765.5999999999999,2opt,improve
1319,16,22788.000000000004,5,765.5999999999999,swap,improve
1320,16,22610.4,5,765.5999999999999,move,improve
1321,16,22610.4,5,765.5999999999999,swap,improve
1322,16,22610.4,5,765.5999999999999,swap,improve
1323,16,22767.000000000004,5,765.5999999999999,2opt,acceptBad
1324,16,21714.200000000004,5,765.5999999999999,move,improve
1325,16,20550.2,5,765.5999999999999,move,improve
1326,16,20550.2,5,765.5999999999999,2opt,improve
1327,16,21747.800000000003,5,765.5999999999999,swap,acceptBad
1328,16,21758.800000000003,5,765.5999999999999,swap,acceptBad
1329,16,21758.800000000003,5,765.5999999999999,swap,improve
1330,16,21758.800000000003,5,765.5999999999999,swap,improve
1331,16,21758.800000000003,5,765.5999999999999,2opt,notBad
1332,16,21749.699999999993,5,765.5999999999999,move,improve
1333,16,21673.39999999999,5,765.5999999999999,move,improve
1334,16,21673.39999999999,5,765.5999999999999,2opt,improve
1335,16,21682.499999999993,5,765.5999999999999,2opt,acceptBad
1336,16,21682.499999999996,5,765.5999999999999,2opt,acceptBad
1337,16,21682.500000000007,5,765.5999999999999,2opt,acceptBad
1338,16,21682.500000000007,5,765.5999999999999,move,improve
1339,16,21522.500000000007,5,765.5999999999999,swap,improve
1340,16,21522.500000000007,5,765.5999999999999,move,improve
1341,16,21522.500000000007,5,765.5999999999999,move,improve
1342,16,21522.500000000004,5,765.5999999999999,swap,improve
1343,16,21522.500000000004,5,765.5999999999999,swap,improve
1344,16,19976.3,5,765.5999999999999,move,improve
1345,16,19976.3,5,765.5999999999999,move,improve
1346,16,19646.299999999996,5,765.5999999999999,2opt,improve
1347,16,19646.299999999992,5,765.5999999999999,2opt,improve
1348,16,19646.299999999992,5,765.5999999999999,swap,improve
1349,16,19525.699999999997,5,765.5999999999999,2opt,improve
1350,16,19726.200000000004,5,765.5999999999999,2opt,acceptBad
1351,16,19726.200000000004,5,765.5999999999999,move,improve
1352,16,19726.200000000004,5,765.5999999999999,move,improve
1353,16,19726.200000000004,5,765.5999999999999,move,improve
1354,16,19726.200000000008,5,765.5999999999999,2opt,acceptBad
1355,16,19726.199999999993,5,765.5999999999999,2opt,improve
1356,16,19726.199999999993,5,765.5999999999999,move,improve
1357,16,19726.199999999993,5,765.5999999999999,move,improve
1358,16,19790.19999999999,5,765.5999999999999,swap,acceptBad
1359,16,19790.19999999999,5,765.5999999999999,swap,improve
1360,16,19790.19999999999,5,765.5999999999999,move,improve
1361,16,26222.399999999994,5,765.5999999999999,swap,acceptBad
1362,16,27758.799999999996,5,765.5999999999999,swap,acceptBad
1363,16,28011.799999999992,5,765.5999999999999,swap,acceptBad
1364,16,21970.099999999995,5,765.5999999999999,move,improve
1365,16,23587.400000000005,5,765.5999999999999,swap,acceptBad
1366,16,20569.5,5,765.5999999999999,move,improve
1367,16,19455.8,5,765.5999999999999,move,improve
1368,16,19470.8,5,765.5999999999999,2opt,acceptBad
1369,16,19470.799999999996,5,765.5999999999999,2opt,improve
1370,16,19470.799999999996,5,765.5999999999999,move,improve
1371,16,19470.8,5,765.5999999999999,2opt,acceptBad
1372,16,19658.8,5,765.5999999999999,swap,acceptBad
1373,16,19658.799999999996,5,765.5999999999999,2opt,improve
1374,16,19658.799999999996,5,765.5999999999999,move,improve
1375,16,19696.199999999993,5,765.5999999999999,swap,acceptBad
1376,16,19696.199999999993,5,765.5999999999999,2opt,notBad
1377,16,19696.199999999993,5,765.5999999999999,swap,improve
1378,16,18968.199999999993,5,765.5999999999999,move,improve
1379,16,18968.199999999993,5,765.5999999999999,move,improve
1380,16,18753.699999999993,5,765.5999999999999,swap,improve
1381,16,19406.099999999995,5,765.5999999999999,2opt,acceptBad
1382,16,19406.099999999995,5,765.5999999999999,swap,improve
1383,16,19197.599999999995,5,765.5999999999999,move,improve
1384,16,19418.499999999996,5,765.5999999999999,swap,acceptBad
1385,16,19418.500000000007,5,765.5999999999999,2opt,acceptBad
1386,16,19418.500000000007,5,765.5999999999999,move,improve
1387,16,19436.000000000007,5,765.5999999999999,2opt,acceptBad
1388,16,18664.000000000004,5,765.5999999999999,swap,improve
1389,16,18664.000000000004,5,765.5999999999999,move,improve
1390,16,18149.5,5,765.5999999999999,2opt,improve
1391,16,17880.5,5,765.5999999999999,move,improve
1392,16,17880.5,5,765.5999999999999,2opt,improve
1393,16,17880.5,5,765.5999999999999,move,improve
1394,16,18149.5,5,765.5999999999999,2opt,acceptBad
1395,16,18149.5,5,765.5999999999999,2opt,improve
1396,16,18149.5,5,765.5999999999999,move,improve
1397,16,18149.5,5,765.5999999999999,move,improve
1398,16,18149.5,5,765.5999999999999,move,improve
1399,16,18149.5,5,765.5999999999999,2opt,improve
1400,16,18149.5,5,765.5999999999999,move,improve
1401,16,18140.0,5,765.5999999999999,move,improve
1402,16,18140.0,5,765.5999999999999,swap,improve
1403,16,18048.399999999998,5,765.5999999999999,move,improve
1404,16,18048.399999999998,5,765.5999999999999,move,improve
1405,16,18048.399999999998,5,765.5999999999999,swap,improve
1406,16,19046.300000000003,5,765.5999999999999,swap,acceptBad
1407,16,19046.300000000003,5,765.5999999999999,swap,improve
1408,16,18894.800000000003,5,765.5999999999999,swap,improve
1409,16,18894.800000000003,5,765.5999999999999,move,improve
1410,16,21099.200000000004,5,765.5999999999999,swap,acceptBad
1411,16,21099.200000000004,5,765.5999999999999,swap,improve
1412,16,21099.200000000004,5,765.5999999999999,swap,improve
1413,16,21170.200000000004,5,765.5999999999999,swap,acceptBad
1414,16,19331.20000000001,5,765.5999999999999,move,improve
1415,16,19331.200000000004,5,765.5999999999999,swap,improve
1416,16,19331.200000000004,5,765.5999999999999,move,improve
1417,16,19331.200000000004,5,765.5999999999999,swap,improve
1418,16,20125.800000000014,5,765.5999999999999,swap,acceptBad
1419,16,20125.800000000014,5,765.5999999999999,move,improve
1420,16,20125.800000000014,5,765.5999999999999,swap,improve
1421,16,20125.800000000014,5,765.5999999999999,move,improve
1422,16,20125.800000000003,5,765.5999999999999,2opt,improve
1423,16,20125.800000000003,5,765.5999999999999,move,improve
1424,16,20125.800000000003,5,765.5999999999999,move,improve
1425,16,20450.800000000007,5,765.5999999999999,swap,acceptBad
1426,16,26146.400000000005,5,765.5999999999999,2opt,acceptBad
1427,16,25733.8,5,765.5999999999999,move,improve
1428,16,25733.8,5,765.5999999999999,move,improve
1429,16,25733.8,5,765.5999999999999,2opt,improve
1430,16,24396.700000000008,5,765.5999999999999,move,improve
1431,16,24396.700000000008,5,765.5999999999999,2opt,notBad
1432,16,24396.700000000008,5,765.5999999999999,move,improve
1433,16,23247.599999999995,5,765.5999999999999,move,improve
1434,16,23837.8,5,765.5999999999999,swap,acceptBad
1435,16,23837.8,5,765.5999999999999,swap,improve
1436,16,23837.8,5,765.5999999999999,swap,improve
1437,16,23467.299999999992,5,765.5999999999999,move,improve
1438,16,23462.699999999993,5,765.5999999999999,move,improve
1439,16,23462.699999999993,5,765.5999999999999,2opt,improve
1440,16,23462.699999999993,5,765.5999999999999,2opt,improve
1441,16,19828.2,5,765.5999999999999,move,improve
1442,16,19828.2,5,765.5999999999999,swap,improve
1443,16,19828.2,5,765.5999999999999,swap,improve
1444,16,23370.80000000001,5,765.5999999999999,swap,acceptBad
1445,16,23370.80000000001,5,765.5999999999999,2opt,improve
1446,16,23370.80000000001,5,765.5999999999999,2opt,improve
1447,15,21302.800000000007,5,765.5999999999999,2opt,improve
1448,15,21083.0,5,765.5999999999999,2opt,improve
1449,15,21083.0,5,765.5999999999999,2opt,notBad
1450,15,21083.0,5,765.5999999999999,move,improve
1451,15,21083.0,5,765.5999999999999,move,improve
1452,15,20349.0,5,765.5999999999999,2opt,improve
1453,15,20349.0,5,765.5999999999999,2opt,improve
1454,15,20349.0,5,765.5999999999999,swap,improve
1455,15,18907.800000000003,5,765.5999999999999,move,improve
1456,15,18907.800000000003,5,765.5999999999999,swap,improve
1457,15,18907.799999999996,5,765.5999999999999,2opt,improve
1458,15,18907.799999999996,5,765.5999999999999,2opt,improve
1459,15,18864.200000000004,5,765.5999999999999,2opt,improve
1460,15,18904.200000000004,5,765.5999999999999,swap,acceptBad
1461,15,18904.200000000004,5,765.5999999999999,swap,improve
1462,15,18624.200000000004,5,765.5999999999999,move,improve
1463,15,18624.200000000004,5,765.5999999999999,swap,improve
1464,15,18624.2,5,765.5999999999999,2opt,improve
1465,15,19165.399999999998,5,765.5999999999999,swap,acceptBad
1466,15,19165.399999999998,5,765.5999999999999,swap,improve
1467,15,19165.4,5,765.5999999999999,2opt,acceptBad
1468,15,19165.4,5,765.5999999999999,move,improve
1469,15,19165.399999999998,5,765.5999999999999,2opt,improve
1470,15,19165.399999999998,5,765.5999999999999,move,improve
1471,15,19165.4,5,765.5999999999999,2opt,acceptBad
1472,15,17497.399999999998,5,765.5999999999999,move,improve
1473,15,17480.999999999996,5,765.5999999999999,swap,improve
1474,15,17480.999999999996,5,765.5999999999999,move,improve
1475,15,17480.999999999996,5,765.5999999999999,swap,improve
1476,15,17489.999999999996,5,765.5999999999999,2opt,acceptBad
1477,15,17489.999999999996,5,765.5999999999999,2opt,notBad
1478,15,17014.399999999998,5,765.5999999999999,move,improve
1479,16,20231.799999999996,5,765.5999999999999,2opt,acceptBad
1480,16,20231.799999999996,5,765.5999999999999,2opt,notBad
1481,16,18504.6,5,765.5999999999999,2opt,improve
1482,16,18504.6,5,765.5999999999999,swap,improve
1483,16,18504.6,5,765.5999999999999,swap,improve
1484,16,18504.6,5,765.5999999999999,2opt,improve
1485,16,18667.1,5,765.5999999999999,swap,acceptBad
1486,16,17867.899999999998,5,765.5999999999999,move,improve
1487,16,17867.899999999998,5,765.5999999999999,move,improve
1488,16,17867.899999999998,5,765.5999999999999,move,improve
1489,16,17867.899999999998,5,765.5999999999999,move,improve
1490,16,17358.399999999994,5,765.5999999999999,move,improve
1491,16,17358.399999999994,5,765.5999999999999,swap,improve
1492,16,18103.9,5,765.5999999999999,2opt,acceptBad
1493,16,18653.900000000005,5,765.5999999999999,2opt,acceptBad
1494,16,18653.900000000005,5,765.5999999999999,swap,improve
1495,16,18653.899999999998,5,765.5999999999999,2opt,improve
1496,16,18653.899999999998,5,765.5999999999999,move,improve
1497,16,18653.89999999999,5,765.5999999999999,swap,improve
1498,16,18480.899999999998,5,765.5999999999999,swap,improve
1499,16,18480.899999999998,5,765.5999999999999,move,improve
1500,16,18480.899999999998,5,765.5999999999999,swap,improve
1501,16,18480.899999999998,5,765.5999999999999,swap,improve
1502,16,18480.899999999998,5,765.5999999999999,swap,improve
1503,16,18472.8,5,765.5999999999999,move,improve
1504,16,17864.899999999998,5,765.5999999999999,move,improve
1505,16,17864.899999999998,5,765.5999999999999,swap,improve
1506,16,19373.899999999994,5,765.5999999999999,swap,acceptBad
1507,16,19379.899999999994,5,765.5999999999999,swap,acceptBad
1508,16,19379.899999999994,5,765.5999999999999,move,improve
1509,16,19381.999999999996,5,765.5999999999999,swap,acceptBad
1510,16,19382.000000000007,5,765.5999999999999,2opt,acceptBad
1511,16,19355.600000000006,5,765.5999999999999,swap,improve
1512,16,19149.599999999995,5,765.5999999999999,2opt,improve
1513,16,19149.599999999995,5,765.5999999999999,swap,improve
1514,16,19149.599999999995,5,765.5999999999999,move,improve
1515,16,17904.000000000007,5,765.5999999999999,move,improve
1516,16,17904.000000000007,5,765.5999999999999,move,improve
1517,16,17904.000000000007,5,765.5999999999999,swap,improve
1518,16,17904.0,5,765.5999999999999,2opt,improve
1519,16,17904.0,5,765.5999999999999,swap,improve
1520,16,17904.0,5,765.5999999999999,swap,improve
1521,16,17904.0,5,765.5999999999999,move,improve
1522,16,17904.0,5,765.5999999999999,move,improve
1523,16,17904.0,5,765.5999999999999,move,improve
1524,16,23437.29999999998,5,765.5999999999999,swap,acceptBad
1525,16,21767.099999999995,5,765.5999999999999,move,improve
1526,16,21767.099999999995,5,765.5999999999999,move,improve
1527,16,21767.099999999995,5,765.5999999999999,swap,improve
1528,16,21767.099999999988,5,765.5999999999999,2opt,improve
1529,16,21767.099999999988,5,765.5999999999999,swap,improve
1530,16,23125.89999999999,5,765.5999999999999,swap,acceptBad
1531,16,23230.099999999995,5,765.5999999999999,move,acceptBad
1532,16,23027.699999999997,5,765.5999999999999,move,improve
1533,16,23027.699999999997,5,765.5999999999999,2opt,improve
1534,16,23027.7,5,765.5999999999999,2opt,acceptBad
1535,16,23027.7,5,765.5999999999999,move,improve
1536,16,22890.500000000007,5,765.5999999999999,swap,improve
1537,16,22852.000000000007,5,765.5999999999999,swap,improve
1538,16,23449.699999999993,5,765.5999999999999,2opt,acceptBad
1539,16,21318.300000000003,5,765.5999999999999,move,improve
1540,16,21318.300000000003,5,765.5999999999999,move,improve
1541,16,21318.300000000003,5,765.5999999999999,swap,improve
1542,16,22578.3,5,765.5999999999999,swap,acceptBad
1543,16,23381.300000000007,5,765.5999999999999,2opt,acceptBad
1544,16,23381.300000000003,5,765.5999999999999,2opt,improve
1545,16,23381.300000000003,5,765.5999999999999,2opt,improve
1546,16,23381.300000000003,5,765.5999999999999,swap,improve
1547,16,25993.200000000008,5,765.5999999999999,2opt,acceptBad
1548,16,28809.800000000003,5,765.5999999999999,2opt,acceptBad
1549,16,28809.800000000003,5,765.5999999999999,2opt,improve
1550,16,28477.600000000006,5,765.5999999999999,swap,improve
1551,16,28477.600000000006,5,765.5999999999999,swap,improve
1552,16,28477.600000000006,5,765.5999999999999,2opt,improve
1553,16,28477.600000000006,5,765.5999999999999,2opt,improve
1554,16,28606.399999999998,5,765.5999999999999,2opt,acceptBad
1555,16,28606.399999999994,5,765.5999999999999,2opt,improve
1556,16,28938.599999999995,5,765.5999999999999,swap,acceptBad
1557,16,28506.600000000002,5,765.5999999999999,move,improve
1558,16,26700.799999999996,5,765.5999999999999,move,improve
1559,16,26700.79999999999,5,765.5999999999999,2opt,improve
1560,16,26601.399999999994,5,765.5999999999999,2opt,improve
1561,16,26601.399999999994,5,765.5999999999999,2opt,improve
1562,16,26601.399999999994,5,765.5999999999999,swap,improve
1563,16,26601.399999999994,5,765.5999999999999,move,improve
1564,16,26601.399999999994,5,765.5999999999999,move,improve
1565,16,26601.399999999994,5,765.5999999999999,move,improve
1566,16,26601.399999999994,5,765.5999999999999,swap,improve
1567,16,26601.399999999994,5,765.5999999999999,2opt,improve
1568,16,26601.399999999994,5,765.5999999999999,swap,improve
1569,16,24473.599999999995,5,765.5999999999999,move,improve
1570,16,24473.600000000002,5,765.5999999999999,2opt,acceptBad
1571,16,24473.600000000002,5,765.5999999999999,2opt,improve
1572,16,22431.100000000006,5,765.5999999999999,move,improve
1573,16,22431.100000000006,5,765.5999999999999,swap,improve
1574,16,22431.100000000006,5,765.5999999999999,move,improve
1575,16,22431.100000000006,5,765.5999999999999,2opt,notBad
1576,16,22431.100000000006,5,765.5999999999999,swap,improve
1577,16,22431.100000000006,5,765.5999999999999,swap,improve
1578,16,22431.100000000006,5,765.5999999999999,2opt,notBad
1579,16,22431.100000000006,5,765.5999999999999,swap,improve
1580,16,21909.100000000006,5,765.5999999999999,move,improve
1581,16,21608.0,5,765.5999999999999,move,improve
1582,16,21607.999999999996,5,765.5999999999999,2opt,improve
1583,16,22335.200000000008,5,765.5999999999999,2opt,acceptBad
1584,16,22335.200000000008,5,765.5999999999999,swap,improve
1585,16,22138.89999999999,5,765.5999999999999,move,improve
1586,16,21555.29999999999,5,765.5999999999999,2opt,improve
1587,16,21555.299999999985,5,765.5999999999999,2opt,improve
1588,16,20362.099999999995,5,765.5999999999999,move,improve
1589,16,20362.099999999995,5,765.5999999999999,swap,improve
1590,16,20362.099999999995,5,765.5999999999999,2opt,notBad
1591,16,20362.100000000002,5,765.5999999999999,2opt,acceptBad
1592,16,20362.1,5,765.5999999999999,2opt,improve
1593,16,20405.6,5,765.5999999999999,swap,acceptBad
1594,16,20401.399999999998,5,765.5999999999999,2opt,improve
1595,16,20675.899999999998,5,765.5999999999999,swap,acceptBad
1596,16,20675.899999999998,5,765.5999999999999,move,improve
1597,16,20675.899999999998,5,765.5999999999999,move,improve
1598,16,20675.899999999998,5,765.5999999999999,swap,improve
1599,16,20675.899999999998,5,765.5999999999999,swap,improve
1600,16,19902.9,5,765.5999999999999,move,improve
1601,16,19902.9,5,765.5999999999999,move,improve
1602,16,19902.899999999998,5,765.5999999999999,2opt,improve
1603,16,20074.599999999995,5,765.5999999999999,2opt,acceptBad
1604,16,20074.599999999995,5,765.5999999999999,2opt,improve
1605,16,20074.600000000006,5,765.5999999999999,2opt,acceptBad
1606,16,20164.8,5,765.5999999999999,2opt,acceptBad
1607,16,20164.8,5,765.5999999999999,swap,improve
1608,16,20081.100000000006,5,765.5999999999999,swap,improve
1609,16,20081.100000000006,5,765.5999999999999,2opt,notBad
1610,16,20081.100000000006,5,765.5999999999999,swap,improve
1611,16,19823.100000000006,5,765.5999999999999,swap,improve
1612,16,20789.399999999994,5,765.5999999999999,2opt,acceptBad
1613,16,20649.999999999996,5,765.5999999999999,swap,improve
1614,16,21482.399999999987,5,765.5999999999999,2opt,acceptBad
1615,16,21606.69999999999,5,765.5999999999999,swap,acceptBad
1616,16,22162.199999999997,5,765.5999999999999,swap,acceptBad
1617,16,22162.199999999997,5,765.5999999999999,2opt,improve
1618,16,23516.199999999997,5,765.5999999999999,swap,acceptBad
1619,16,23614.0,5,765.5999999999999,swap,acceptBad
1620,16,23614.0,5,765.5999999999999,swap,improve
1621,16,23614.0,5,765.5999999999999,2opt,notBad
1622,16,23614.0,5,765.5999999999999,move,improve
1623,16,24253.9,5,765.5999999999999,2opt,acceptBad
1624,16,24253.9,5,765.5999999999999,move,improve
1625,15,19415.199999999997,5,765.5999999999999,move,improve
1626,15,18681.000000000004,5,765.5999999999999,move,improve
1627,15,19853.600000000002,5,765.5999999999999,swap,acceptBad
1628,15,19919.600000000002,5,765.5999999999999,2opt,acceptBad
1629,15,19919.600000000002,5,765.5999999999999,2opt,improve
1630,15,19919.600000000002,5,765.5999999999999,swap,improve
1631,15,19919.600000000002,5,765.5999999999999,swap,improve
1632,15,19879.600000000002,5,765.5999999999999,swap,improve
1633,15,18565.000000000004,5,765.5999999999999,move,improve
1634,15,18565.000000000004,5,765.5999999999999,2opt,notBad
1635,15,18565.000000000004,5,765.5999999999999,2opt,improve
1636,15,18565.000000000004,5,765.5999999999999,2opt,improve
1637,15,18565.000000000004,5,765.5999999999999,swap,improve
1638,15,18565.000000000004,5,765.5999999999999,swap,improve
1639,15,18565.000000000007,5,765.5999999999999,2opt,acceptBad
1640,15,18565.000000000007,5,765.5999999999999,move,improve
1641,15,17615.40000000001,5,765.5999999999999,2opt,improve
1642,15,18528.000000000007,5,765.5999999999999,2opt,acceptBad
1643,15,18620.4,5,765.5999999999999,2opt,acceptBad
1644,15,18620.4,5,765.5999999999999,move,improve
1645,15,18620.4,5,765.5999999999999,move,improve
1646,15,19354.600000000006,5,765.5999999999999,swap,acceptBad
1647,15,19442.799999999996,5,765.5999999999999,swap,acceptBad
1648,15,19357.799999999996,5,765.5999999999999,move,improve
1649,15,20311.6,5,765.5999999999999,swap,acceptBad
1650,14,18281.800000000003,5,765.5999999999999,2opt,improve
1651,14,18281.800000000003,5,765.5999999999999,swap,improve
1652,14,18167.4,5,765.5999999999999,swap,improve
1653,14,18167.4,5,765.5999999999999,swap,improve
1654,14,18167.4,5,765.5999999999999,swap,improve
1655,14,17908.600000000002,5,765.5999999999999,swap,improve
1656,14,17908.600000000002,5,765.5999999999999,swap,improve
1657,14,17962.6,5,765.5999999999999,swap,acceptBad
1658,14,17962.6,5,765.5999999999999,move,improve
1659,14,18053.199999999997,5,765.5999999999999,swap,acceptBad
1660,14,18053.199999999997,5,765.5999999999999,move,improve
1661,14,18241.699999999993,5,765.5999999999999,2opt,acceptBad
1662,14,18241.699999999993,5,765.5999999999999,2opt,improve
1663,14,18241.69999999999,5,765.5999999999999,2opt,improve
1664,14,18241.7,5,765.5999999999999,2opt,acceptBad
1665,14,17684.000000000004,5,765.5999999999999,move,improve
1666,14,17666.4,5,765.5999999999999,move,improve
1667,14,17666.4,5,765.5999999999999,move,improve
1668,14,17666.4,5,765.5999999999999,move,improve
1669,14,17736.9,5,765.5999999999999,swap,acceptBad
1670,14,16799.600000000002,5,765.5999999999999,swap,improve
1671,14,16778.800000000003,5,765.5999999999999,swap,improve
1672,14,16778.800000000003,5,765.5999999999999,move,improve
1673,14,16946.4,5,765.5999999999999,swap,acceptBad
1674,14,16208.800000000003,5,765.5999999999999,move,improve
1675,14,16208.800000000003,5,765.5999999999999,move,improve
1676,14,15374.200000000004,5,765.5999999999999,move,improve
1677,14,14780.100000000008,5,765.5999999999999,move,improve
1678,14,15103.800000000005,5,765.5999999999999,swap,acceptBad
1679,14,15103.800000000005,5,765.5999999999999,2opt,improve
1680,14,15772.000000000002,5,765.5999999999999,swap,acceptBad
1681,14,14885.400000000001,5,765.5999999999999,move,improve
1682,14,14885.400000000001,5,765.5999999999999,2opt,improve
1683,14,14885.400000000001,5,765.5999999999999,2opt,improve
1684,14,15463.300000000001,5,765.5999999999999,swap,acceptBad
1685,14,14906.900000000001,5,765.5999999999999,move,improve
1686,14,14502.100000000002,5,765.5999999999999,move,improve
1687,14,13744.300000000005,5,765.5999999999999,move,improve
1688,14,15148.300000000001,5,765.5999999999999,move,acceptBad
1689,14,14018.600000000004,5,765.5999999999999,move,improve
1690,14,13997.800000000001,5,765.5999999999999,swap,improve
1691,14,13997.800000000001,5,765.5999999999999,swap,improve
1692,14,13997.800000000001,5,765.5999999999999,move,improve
1693,14,13997.800000000001,5,765.5999999999999,swap,improve
1694,14,14007.4,5,765.5999999999999,2opt,acceptBad
1695,14,14007.4,5,765.5999999999999,2opt,improve
1696,14,14007.4,5,765.5999999999999,move,improve
1697,14,14007.4,5,765.5999999999999,move,improve
1698,14,14007.399999999996,5,765.5999999999999,2opt,improve
1699,14,14007.399999999996,5,765.5999999999999,swap,improve
1700,14,14115.800000000003,5,765.5999999999999,2opt,acceptBad
1701,14,14115.800000000003,5,765.5999999999999,2opt,improve
1702,14,13200.100000000004,5,765.5999999999999,2opt,improve
1703,14,14467.600000000006,5,765.5999999999999,swap,acceptBad
1704,14,14467.600000000006,5,765.5999999999999,move,improve
1705,14,14467.6,5,765.5999999999999,2opt,improve
1706,14,14467.6,5,765.5999999999999,2opt,improve
1707,14,14908.300000000003,5,765.5999999999999,swap,acceptBad
1708,14,14908.300000000003,5,765.5999999999999,2opt,improve
1709,14,14660.300000000005,5,765.5999999999999,swap,improve
1710,14,14660.300000000005,5,765.5999999999999,swap,improve
1711,14,12671.300000000005,5,765.5999999999999,swap,improve
1712,14,12671.300000000005,5,765.5999999999999,move,improve
1713,14,12671.300000000005,5,765.5999999999999,move,improve
1714,14,12671.300000000005,5,765.5999999999999,move,improve
1715,14,12671.300000000005,5,765.5999999999999,swap,improve
1716,14,12671.300000000005,5,765.5999999999999,2opt,notBad
1717,14,12671.300000000005,5,765.5999999999999,2opt,improve
1718,14,12618.100000000004,5,765.5999999999999,move,improve
1719,14,12618.100000000004,5,765.5999999999999,2opt,improve
1720,14,12618.100000000004,5,765.5999999999999,move,improve
1721,14,12618.100000000004,5,765.5999999999999,2opt,notBad
1722,14,13824.700000000004,5,765.5999999999999,swap,acceptBad
1723,14,13824.700000000006,5,765.5999999999999,swap,acceptBad
1724,14,13824.700000000006,5,765.5999999999999,2opt,notBad
1725,14,13824.700000000006,5,765.5999999999999,move,improve
1726,14,13824.700000000004,5,765.5999999999999,swap,improve
1727,14,13824.700000000004,5,765.5999999999999,2opt,improve
1728,14,13824.700000000004,5,765.5999999999999,swap,improve
1729,14,13824.700000000004,5,765.5999999999999,2opt,notBad
1730,14,13824.700000000004,5,765.5999999999999,swap,improve
1731,14,13712.900000000003,5,765.5999999999999,swap,improve
1732,14,13624.800000000003,5,765.5999999999999,2opt,improve
1733,14,13624.800000000003,5,765.5999999999999,move,improve
1734,14,13624.800000000005,5,765.5999999999999,swap,acceptBad
1735,14,14690.800000000003,5,765.5999999999999,move,acceptBad
1736,14,14690.800000000003,5,765.5999999999999,2opt,improve
1737,14,13334.800000000003,5,765.5999999999999,move,improve
1738,14,13334.800000000003,5,765.5999999999999,swap,improve
1739,14,13334.800000000003,5,765.5999999999999,swap,improve
1740,14,13334.800000000003,5,765.5999999999999,move,improve
1741,14,13334.800000000003,5,765.5999999999999,move,improve
1742,14,12993.800000000001,5,765.5999999999999,swap,improve
1743,14,12993.800000000003,5,765.5999999999999,2opt,acceptBad
1744,14,12993.800000000003,5,765.5999999999999,2opt,improve
1745,14,12993.800000000003,5,765.5999999999999,move,improve
1746,14,12993.800000000005,5,765.5999999999999,2opt,acceptBad
1747,14,12993.800000000005,5,765.5999999999999,move,improve
1748,14,12993.800000000005,5,765.5999999999999,swap,improve
1749,14,12993.800000000005,5,765.5999999999999,move,improve
1750,14,12469.800000000001,5,765.5999999999999,move,improve
1751,14,12469.800000000001,5,765.5999999999999,2opt,notBad
1752,14,12469.800000000001,5,765.5999999999999,swap,improve
1753,14,12469.800000000001,5,765.5999999999999,move,improve
1754,14,12604.099999999999,5,765.5999999999999,swap,acceptBad
1755,14,12604.099999999999,5,765.5999999999999,swap,improve
1756,14,12604.099999999999,5,765.5999999999999,move,improve
1757,14,12604.099999999999,5,765.5999999999999,move,improve
1758,14,12604.099999999999,5,765.5999999999999,swap,improve
1759,14,12529.2,5,765.5999999999999,2opt,improve
1760,14,12529.2,5,765.5999999999999,swap,improve
1761,14,12529.2,5,765.5999999999999,swap,improve
1762,14,12529.2,5,765.5999999999999,2opt,improve
1763,14,12529.200000000006,5,765.5999999999999,2opt,acceptBad
1764,14,12529.200000000006,5,765.5999999999999,move,improve
1765,14,13348.200000000004,5,765.5999999999999,move,acceptBad
1766,14,13227.600000000002,5,765.5999999999999,move,improve
1767,14,13227.600000000004,5,765.5999999999999,2opt,acceptBad
1768,14,13227.600000000004,5,765.5999999999999,2opt,improve
1769,14,13227.600000000004,5,765.5999999999999,swap,improve
1770,14,13227.600000000004,5,765.5999999999999,swap,improve
1771,14,13227.600000000004,5,765.5999999999999,swap,improve
1772,14,13363.600000000006,5,765.5999999999999,2opt,acceptBad
1773,14,13176.400000000009,5,765.5999999999999,move,improve
1774,14,11944.300000000007,5,765.5999999999999,move,improve
1775,14,11944.300000000007,5,765.5999999999999,swap,improve
1776,14,11944.300000000007,5,765.5999999999999,2opt,improve
1777,14,11944.300000000007,5,765.5999999999999,swap,improve
1778,14,12553.000000000002,5,765.5999999999999,swap,acceptBad
1779,14,12553.000000000002,5,765.5999999999999,2opt,improve
1780,14,12553.000000000002,5,765.5999999999999,swap,improve
1781,14,11944.300000000007,5,765.5999999999999,swap,improve
1782,14,11944.300000000007,5,765.5999999999999,2opt,improve
1783,14,11735.100000000006,5,765.5999999999999,move,improve
1784,14,11735.100000000006,5,765.5999999999999,move,improve
1785,14,11735.100000000006,5,765.5999999999999,move,improve
1786,14,11735.100000000006,5,765.5999999999999,swap,improve
1787,14,11735.100000000006,5,765.5999999999999,move,improve
1788,14,14557.500000000004,5,765.5999999999999,2opt,acceptBad
1789,14,14557.500000000004,5,765.5999999999999,swap,improve
1790,14,14557.500000000004,5,765.5999999999999,2opt,improve
1791,14,14557.500000000004,5,765.5999999999999,move,improve
1792,14,14557.500000000004,5,765.5999999999999,2opt,improve
1793,14,14557.500000000004,5,765.5999999999999,2opt,improve
1794,14,15811.000000000002,5,765.5999999999999,2opt,acceptBad
1795,14,15811.000000000002,5,765.5999999999999,swap,improve
1796,14,15811.000000000002,5,765.5999999999999,2opt,improve
1797,14,15920.700000000004,5,765.5999999999999,2opt,acceptBad
1798,14,15186.300000000001,5,765.5999999999999,move,improve
1799,14,15186.300000000001,5,765.5999999999999,2opt,improve
1800,14,14618.500000000002,5,765.5999999999999,swap,improve
1801,14,14293.000000000002,5,765.5999999999999,move,improve
1802,14,14293.000000000002,5,765.5999999999999,swap,improve
1803,14,14293.000000000002,5,765.5999999999999,2opt,improve
1804,14,14293.000000000002,5,765.5999999999999,2opt,improve
1805,14,14293.000000000002,5,765.5999999999999,swap,improve
1806,14,16388.9,5,765.5999999999999,swap,acceptBad
1807,14,16388.9,5,765.5999999999999,swap,improve
1808,14,16594.400000000005,5,765.5999999999999,swap,acceptBad
1809,14,16594.400000000005,5,765.5999999999999,2opt,improve
1810,14,16588.1,5,765.5999999999999,2opt,improve
1811,14,16588.1,5,765.5999999999999,swap,improve
1812,14,16588.1,5,765.5999999999999,2opt,improve
1813,14,16622.300000000003,5,765.5999999999999,swap,acceptBad
1814,14,16622.300000000003,5,765.5999999999999,2opt,improve
1815,14,16622.300000000003,5,765.5999999999999,swap,improve
1816,14,14974.900000000005,5,765.5999999999999,move,improve
1817,14,14974.900000000005,5,765.5999999999999,2opt,improve
1818,14,15510.50000000001,5,765.5999999999999,2opt,acceptBad
1819,14,17455.800000000014,5,765.5999999999999,2opt,acceptBad
1820,14,17455.400000000012,5,765.5999999999999,swap,improve
1821,14,17868.20000000001,5,765.5999999999999,swap,acceptBad
1822,14,17868.20000000001,5,765.5999999999999,move,improve
1823,14,17868.20000000001,5,765.5999999999999,2opt,improve
1824,14,17424.900000000005,5,765.5999999999999,move,improve
1825,14,17424.90000000001,5,765.5999999999999,2opt,acceptBad
1826,14,17343.700000000004,5,765.5999999999999,move,improve
1827,14,17343.7,5,765.5999999999999,2opt,improve
1828,14,17343.700000000004,5,765.5999999999999,2opt,acceptBad
1829,14,18316.9,5,765.5999999999999,swap,acceptBad
1830,14,18067.299999999996,5,765.5999999999999,move,improve
1831,14,18067.299999999996,5,765.5999999999999,move,improve
1832,14,17729.999999999996,5,765.5999999999999,move,improve
1833,14,17729.999999999996,5,765.5999999999999,2opt,improve
1834,14,17729.999999999996,5,765.5999999999999,2opt,notBad
1835,14,17729.999999999996,5,765.5999999999999,swap,improve
1836,14,17699.0,5,765.5999999999999,move,improve
1837,14,17699.0,5,765.5999999999999,move,improve
1838,14,17699.0,5,765.5999999999999,move,improve
1839,14,16228.700000000003,5,765.5999999999999,move,improve
1840,13,13032.400000000005,5,765.5999999999999,move,improve
1841,13,12288.400000000005,5,765.5999999999999,move,improve
1842,13,13032.400000000005,5,765.5999999999999,swap,acceptBad
1843,13,13254.600000000002,5,765.5999999999999,swap,acceptBad
1844,13,13254.600000000002,5,765.5999999999999,2opt,notBad
1845,13,13254.600000000002,5,765.5999999999999,2opt,improve
1846,13,11911.800000000005,5,765.5999999999999,move,improve
1847,13,11911.800000000005,5,765.5999999999999,move,improve
1848,13,11934.6,5,765.5999999999999,swap,acceptBad
1849,13,11934.6,5,765.5999999999999,2opt,improve
1850,13,11934.6,5,765.5999999999999,move,improve
1851,13,11934.6,5,765.5999999999999,move,improve
1852,13,11934.6,5,765.5999999999999,2opt,improve
1853,13,11934.6,5,765.5999999999999,move,improve
1854,13,11934.6,5,765.5999999999999,swap,improve
1855,13,11934.6,5,765.5999999999999,swap,improve
1856,13,11934.6,5,765.5999999999999,move,improve
1857,13,11934.6,5,765.5999999999999,move,improve
1858,13,11154.4,5,765.5999999999999,move,improve
1859,13,11154.4,5,765.5999999999999,2opt,improve
1860,13,11154.4,5,765.5999999999999,swap,improve
1861,13,11154.4,5,765.5999999999999,2opt,improve
1862,13,11154.4,5,765.5999999999999,swap,improve
1863,13,11154.4,5,765.5999999999999,2opt,notBad
1864,13,11154.4,5,765.5999999999999,move,improve
1865,13,11154.399999999998,5,765.5999999999999,2opt,improve
1866,13,11148.399999999998,5,765.5999999999999,swap,improve
1867,13,11148.399999999998,5,765.5999999999999,2opt,notBad
1868,13,11148.399999999998,5,765.5999999999999,2opt,notBad
1869,13,11148.4,5,765.5999999999999,2opt,acceptBad
1870,13,13164.199999999999,5,765.5999999999999,2opt,acceptBad
1871,13,12985.400000000003,5,765.5999999999999,move,improve
1872,13,12918.199999999999,5,765.5999999999999,swap,improve
1873,13,12918.2,5,765.5999999999999,2opt,acceptBad
1874,13,13051.2,5,765.5999999999999,2opt,acceptBad
1875,13,14240.400000000005,5,765.5999999999999,swap,acceptBad
1876,13,13982.400000000005,5,765.5999999999999,move,improve
1877,13,13982.400000000005,5,765.5999999999999,move,improve
1878,13,13982.400000000005,5,765.5999999999999,swap,improve
1879,13,13982.400000000005,5,765.5999999999999,swap,improve
1880,13,13982.400000000005,5,765.5999999999999,2opt,improve
1881,13,13694.400000000005,5,765.5999999999999,move,improve
1882,13,13694.400000000005,5,765.5999999999999,swap,improve
1883,13,13734.400000000005,5,765.5999999999999,swap,acceptBad
1884,13,13717.000000000005,5,765.5999999999999,move,improve
1885,13,13734.400000000005,5,765.5999999999999,2opt,acceptBad
1886,13,13740.400000000005,5,765.5999999999999,swap,acceptBad
1887,13,12626.800000000007,5,765.5999999999999,move,improve
1888,13,12005.200000000008,5,765.5999999999999,move,improve
1889,13,12005.200000000008,5,765.5999999999999,2opt,notBad
1890,13,11360.800000000007,5,765.5999999999999,move,improve
1891,13,11360.799999999994,5,765.5999999999999,2opt,improve
1892,13,11388.800000000003,5,765.5999999999999,2opt,acceptBad
1893,13,11388.800000000005,5,765.5999999999999,2opt,acceptBad
1894,13,11388.800000000005,5,765.5999999999999,2opt,notBad
1895,13,11388.800000000003,5,765.5999999999999,2opt,improve
1896,13,11388.800000000003,5,765.5999999999999,move,improve
1897,13,11388.800000000003,5,765.5999999999999,swap,improve
1898,13,11388.800000000003,5,765.5999999999999,swap,improve
1899,13,11153.600000000004,5,765.5999999999999,move,improve
1900,13,11153.600000000004,5,765.5999999999999,2opt,notBad
1901,13,11153.600000000004,5,765.5999999999999,2opt,improve
1902,13,11388.800000000003,5,765.5999999999999,swap,acceptBad
1903,13,11388.800000000003,5,765.5999999999999,move,improve
1904,13,11388.800000000007,5,765.5999999999999,2opt,acceptBad
1905,13,12010.4,5,765.5999999999999,swap,acceptBad
1906,13,12010.4,5,765.5999999999999,2opt,improve
1907,13,12010.4,5,765.5999999999999,2opt,improve
1908,13,12010.400000000005,5,765.5999999999999,2opt,acceptBad
1909,13,10810.400000000001,5,765.5999999999999,move,improve
1910,13,10951.199999999997,5,765.5999999999999,swap,acceptBad
1911,13,10951.199999999997,5,765.5999999999999,swap,improve
1912,13,10951.199999999997,5,765.5999999999999,swap,improve
1913,13,10951.199999999999,5,765.5999999999999,2opt,acceptBad
1914,13,10951.199999999999,5,765.5999999999999,swap,improve
1915,13,10951.199999999999,5,765.5999999999999,2opt,improve
1916,13,10951.199999999999,5,765.5999999999999,swap,improve
1917,13,10951.199999999999,5,765.5999999999999,2opt,notBad
1918,13,10951.199999999999,5,765.5999999999999,swap,improve
1919,13,10887.599999999999,5,765.5999999999999,move,improve
1920,13,10887.599999999999,5,765.5999999999999,move,improve
1921,13,10876.4,5,765.5999999999999,2opt,improve
1922,13,10876.4,5,765.5999999999999,move,improve
1923,13,10876.4,5,765.5999999999999,move,improve
1924,13,10876.4,5,765.5999999999999,move,improve
1925,13,10876.4,5,765.5999999999999,2opt,notBad
1926,13,10876.4,5,765.5999999999999,swap,improve
1927,13,10973.199999999997,5,765.5999999999999,swap,acceptBad
1928,13,10973.199999999997,5,765.5999999999999,move,improve
1929,13,10973.199999999997,5,765.5999999999999,move,improve
1930,13,10973.199999999997,5,765.5999999999999,swap,improve
1931,13,10973.199999999997,5,765.5999999999999,move,improve
1932,13,10973.199999999997,5,765.5999999999999,move,improve
1933,13,10973.199999999997,5,765.5999999999999,swap,improve
1934,13,11657.199999999997,5,765.5999999999999,swap,acceptBad
1935,13,11657.199999999997,5,765.5999999999999,move,improve
1936,13,11657.199999999997,5,765.5999999999999,2opt,improve
1937,13,11657.199999999997,5,765.5999999999999,move,improve
1938,13,11657.199999999997,5,765.5999999999999,swap,improve
1939,13,11657.199999999997,5,765.5999999999999,2opt,improve
1940,13,11657.199999999997,5,765.5999999999999,2opt,notBad
1941,13,11657.199999999997,5,765.5999999999999,move,improve
1942,13,11657.199999999997,5,765.5999999999999,swap,improve
1943,13,11657.199999999997,5,765.5999999999999,move,improve
1944,13,10532.799999999997,5,765.5999999999999,move,improve
1945,13,10532.799999999997,5,765.5999999999999,move,improve
1946,13,10407.999999999998,5,765.5999999999999,2opt,improve
1947,13,10407.999999999998,5,765.5999999999999,2opt,improve
1948,13,10407.999999999998,5,765.5999999999999,move,improve
1949,13,10407.999999999998,5,765.5999999999999,2opt,improve
1950,13,10407.999999999998,5,765.5999999999999,2opt,notBad
1951,13,13304.199999999999,5,765.5999999999999,swap,acceptBad
1952,13,12941.799999999996,5,765.5999999999999,swap,improve
1953,13,12941.799999999996,5,765.5999999999999,2opt,improve
1954,13,12930.599999999999,5,765.5999999999999,move,improve
1955,13,12930.599999999999,5,765.5999999999999,move,improve
1956,13,12930.599999999999,5,765.5999999999999,2opt,improve
1957,13,12473.200000000006,5,765.5999999999999,move,improve
1958,13,12473.200000000006,5,765.5999999999999,swap,improve
1959,13,12473.200000000006,5,765.5999999999999,move,improve
1960,13,16780.0,5,765.5999999999999,swap,acceptBad
1961,13,16780.0,5,765.5999999999999,2opt,improve
1962,13,16084.0,5,765.5999999999999,move,improve
1963,13,16084.0,5,765.5999999999999,move,improve
1964,13,14699.200000000006,5,765.5999999999999,move,improve
1965,13,14699.200000000006,5,765.5999999999999,move,improve
1966,13,14699.200000000006,5,765.5999999999999,move,improve
1967,13,15504.000000000005,5,765.5999999999999,swap,acceptBad
1968,13,15270.400000000003,5,765.5999999999999,swap,improve
1969,13,15380.800000000001,5,765.5999999999999,swap,acceptBad
1970,13,15380.800000000001,5,765.5999999999999,swap,improve
1971,13,15380.799999999997,5,765.5999999999999,2opt,improve
1972,13,15319.599999999995,5,765.5999999999999,2opt,improve
1973,13,15319.599999999999,5,765.5999999999999,2opt,acceptBad
1974,13,15319.599999999999,5,765.5999999999999,swap,improve
1975,13,14100.799999999996,5,765.5999999999999,move,improve
1976,13,14100.799999999996,5,765.5999999999999,2opt,improve
1977,13,14100.799999999996,5,765.5999999999999,2opt,notBad
1978,13,14100.799999999996,5,765.5999999999999,move,improve
1979,13,14124.0,5,765.5999999999999,2opt,acceptBad
1980,13,14124.0,5,765.5999999999999,swap,improve
1981,13,14087.000000000002,5,765.5999999999999,move,improve
1982,13,14087.000000000002,5,765.5999999999999,move,improve
1983,13,14087.0,5,765.5999999999999,2opt,improve
1984,13,14087.0,5,765.5999999999999,swap,improve
1985,13,14087.0,5,765.5999999999999,swap,improve
1986,13,14087.0,5,765.5999999999999,move,improve
1987,13,14100.8,5,765.5999999999999,swap,acceptBad
1988,13,14100.799999999996,5,765.5999999999999,2opt,improve
1989,13,14100.799999999996,5,765.5999999999999,move,improve
1990,13,13140.8,5,765.5999999999999,move,improve
1991,13,13140.8,5,765.5999999999999,swap,improve
1992,13,13140.8,5,765.5999999999999,move,improve
1993,13,13140.8,5,765.5999999999999,2opt,improve
1994,13,11893.800000000005,5,765.5999999999999,move,improve
1995,13,10993.000000000005,5,765.5999999999999,move,improve
1996,12,7962.400000000002,5,765.5999999999999,move,improve
1997,12,7962.400000000002,5,765.5999999999999,move,improve
1998,12,7962.400000000002,5,765.5999999999999,2opt,notBad
1999,12,7962.400000000002,5,765.5999999999999,2opt,notBad
2000,12,8053.900000000002,5,765.5999999999999,2opt,acceptBad
2001,12,7348.500000000001,5,765.5999999999999,swap,improve
2002,12,7348.500000000001,5,765.5999999999999,move,improve
2003,12,7348.500000000001,5,765.5999999999999,move,improve
2004,12,8248.2,5,765.5999999999999,swap,acceptBad
2005,11,6321.000000000001,5,765.5999999999999,2opt,improve
2006,11,6463.599999999999,5,765.5999999999999,2opt,acceptBad
2007,11,6501.2,5,765.5999999999999,swap,acceptBad
2008,11,6501.2,5,765.5999999999999,swap,improve
2009,11,6501.2,5,765.5999999999999,swap,improve
2010,11,6501.2,5,765.5999999999999,move,improve
2011,11,6501.2,5,765.5999999999999,2opt,notBad
2012,11,8784.0,5,765.5999999999999,swap,acceptBad
2013,11,8784.000000000002,5,765.5999999999999,2opt,acceptBad
2014,11,9293.199999999999,5,765.5999999999999,2opt,acceptBad
2015,11,9288.8,5,765.5999999999999,swap,improve
2016,11,9288.8,5,765.5999999999999,swap,improve
2017,11,9288.8,5,765.5999999999999,2opt,improve
2018,11,8999.2,5,765.5999999999999,swap,improve
2019,11,8999.2,5,765.5999999999999,2opt,improve
2020,11,8999.2,5,765.5999999999999,2opt,notBad
2021,11,8999.2,5,765.5999999999999,move,improve
2022,11,8999.2,5,765.5999999999999,2opt,notBad
2023,11,8999.2,5,765.5999999999999,move,improve
2024,11,9177.2,5,765.5999999999999,swap,acceptBad
2025,11,9617.200000000003,5,765.5999999999999,swap,acceptBad
2026,11,9617.200000000003,5,765.5999999999999,2opt,improve
2027,11,9617.200000000003,5,765.5999999999999,swap,improve
2028,11,9617.200000000003,5,765.5999999999999,swap,improve
2029,11,9617.200000000003,5,765.5999999999999,move,improve
2030,11,9255.2,5,765.5999999999999,2opt,improve
2031,11,7830.2,5,765.5999999999999,move,improve
2032,11,7830.2,5,765.5999999999999,swap,improve
2033,11,7830.2,5,765.5999999999999,swap,improve
2034,11,7830.2,5,765.5999999999999,swap,improve
2035,11,7830.2,5,765.5999999999999,swap,improve
2036,11,7830.2,5,765.5999999999999,2opt,improve
2037,11,7830.2,5,765.5999999999999,2opt,notBad
2038,11,7830.2,5,765.5999999999999,2opt,notBad
2039,11,7830.2,5,765.5999999999999,2opt,improve
2040,11,7830.2,5,765.5999999999999,swap,improve
2041,11,7830.199999999999,5,765.5999999999999,2opt,improve
2042,11,7830.199999999999,5,765.5999999999999,swap,improve
2043,11,7830.2,5,765.5999999999999,2opt,acceptBad
2044,11,7830.2,5,765.5999999999999,move,improve
2045,11,6725.200000000001,5,765.5999999999999,move,improve
2046,11,6725.200000000001,5,765.5999999999999,2opt,improve
2047,11,6725.200000000001,5,765.5999999999999,move,improve
2048,11,6746.8,5,765.5999999999999,swap,acceptBad
2049,11,6581.0,5,765.5999999999999,swap,improve
2050,11,6581.0,5,765.5999999999999,swap,improve
2051,11,6581.0,5,765.5999999999999,swap,improve
2052,11,6580.999999999997,5,765.5999999999999,2opt,improve
2053,11,6580.999999999997,5,765.5999999999999,swap,improve
2054,11,6580.999999999998,5,765.5999999999999,2opt,acceptBad
2055,11,6580.999999999998,5,765.5999999999999,move,improve
2056,11,6618.999999999998,5,765.5999999999999,swap,acceptBad
2057,11,6618.999999999998,5,765.5999999999999,swap,improve
2058,11,7743.999999999998,5,765.5999999999999,swap,acceptBad
2059,11,7743.999999999997,5,765.5999999999999,swap,improve
2060,11,7743.999999999997,5,765.5999999999999,move,improve
2061,11,7743.999999999997,5,765.5999999999999,swap,improve
2062,11,8688.599999999997,5,765.5999999999999,swap,acceptBad
2063,11,8688.599999999999,5,765.5999999999999,2opt,acceptBad
2064,11,8688.599999999999,5,765.5999999999999,swap,improve
2065,11,8688.6,5,765.5999999999999,swap,acceptBad
2066,11,8005.4,5,765.5999999999999,move,improve
2067,11,8005.4,5,765.5999999999999,move,improve
2068,11,7383.399999999999,5,765.5999999999999,swap,improve
2069,11,7383.399999999999,5,765.5999999999999,2opt,improve
2070,11,7383.399999999999,5,765.5999999999999,move,improve
2071,11,7383.399999999999,5,765.5999999999999,move,improve
2072,11,7383.399999999999,5,765.5999999999999,2opt,improve
2073,11,7383.399999999999,5,765.5999999999999,move,improve
2074,11,7418.600000000001,5,765.5999999999999,swap,acceptBad
2075,11,7376.800000000001,5,765.5999999999999,swap,improve
2076,11,7415.400000000001,5,765.5999999999999,2opt,acceptBad
2077,11,7415.400000000001,5,765.5999999999999,2opt,improve
2078,11,7415.400000000001,5,765.5999999999999,2opt,improve
2079,11,7415.400000000001,5,765.5999999999999,move,improve
2080,11,7420.2,5,765.5999999999999,2opt,acceptBad
2081,11,7344.199999999999,5,765.5999999999999,move,improve
2082,11,7344.199999999999,5,765.5999999999999,2opt,improve
2083,11,7344.2,5,765.5999999999999,2opt,acceptBad
2084,11,7066.2,5,765.5999999999999,swap,improve
2085,11,7066.2,5,765.5999999999999,move,improve
2086,11,7066.199999999999,5,765.5999999999999,2opt,improve
2087,11,7066.199999999999,5,765.5999999999999,2opt,notBad
2088,11,7066.199999999999,5,765.5999999999999,2opt,improve
2089,11,7066.199999999999,5,765.5999999999999,2opt,improve
2090,11,7000.5999999999985,5,765.5999999999999,2opt,improve
2091,11,7270.6,5,765.5999999999999,move,acceptBad
2092,11,7587.199999999999,5,765.5999999999999,swap,acceptBad
2093,11,7587.199999999999,5,765.5999999999999,move,improve
2094,11,7587.199999999999,5,765.5999999999999,2opt,improve
2095,11,7587.199999999999,5,765.5999999999999,2opt,notBad
2096,11,7587.199999999999,5,765.5999999999999,move,improve
2097,11,7587.199999999999,5,765.5999999999999,2opt,notBad
2098,11,7587.199999999999,5,765.5999999999999,2opt,improve
2099,11,7178.999999999999,5,765.5999999999999,2opt,improve
2100,11,7181.2,5,765.5999999999999,swap,acceptBad
2101,11,7181.2,5,765.5999999999999,2opt,improve
2102,11,7181.199999999999,5,765.5999999999999,2opt,improve
2103,11,7181.199999999999,5,765.5999999999999,2opt,notBad
2104,11,7181.199999999999,5,765.5999999999999,move,improve
2105,11,6587.199999999998,5,765.5999999999999,move,improve
2106,11,6587.199999999998,5,765.5999999999999,swap,improve
2107,11,6420.4000000000015,5,765.5999999999999,swap,improve
2108,11,6420.4000000000015,5,765.5999999999999,move,improve
2109,11,6420.4000000000015,5,765.5999999999999,move,improve
2110,11,6420.4,5,765.5999999999999,2opt,improve
2111,11,6420.4,5,765.5999999999999,swap,improve
2112,11,6420.4,5,765.5999999999999,2opt,notBad
2113,11,6420.4,5,765.5999999999999,2opt,improve
2114,11,6685.6,5,765.5999999999999,swap,acceptBad
2115,11,6685.6,5,765.5999999999999,2opt,notBad
2116,11,6685.6,5,765.5999999999999,move,improve
2117,11,6685.6,5,765.5999999999999,move,improve
2118,11,6685.6,5,765.5999999999999,2opt,improve
2119,11,6685.6,5,765.5999999999999,move,improve
2120,11,6685.5999999999985,5,765.5999999999999,swap,improve
2121,11,6864.4,5,765.5999999999999,2opt,acceptBad
2122,11,6864.4,5,765.5999999999999,move,improve
2123,11,6864.4,5,765.5999999999999,move,improve
2124,11,6864.4,5,765.5999999999999,move,improve
2125,11,6864.4,5,765.5999999999999,2opt,notBad
2126,11,6864.4,5,765.5999999999999,2opt,improve
2127,11,6864.4,5,765.5999999999999,swap,improve
2128,11,6364.000000000002,5,765.5999999999999,move,improve
2129,11,6308.000000000002,5,765.5999999999999,move,improve
2130,11,6308.000000000002,5,765.5999999999999,move,improve
2131,11,6308.000000000002,5,765.5999999999999,move,improve
2132,11,6280.000000000002,5,765.5999999999999,move,improve
2133,11,6911.4,5,765.5999999999999,move,acceptBad
2134,11,6789.4,5,765.5999999999999,2opt,improve
2135,11,6789.4,5,765.5999999999999,swap,improve
2136,11,6789.4,5,765.5999999999999,swap,improve
2137,11,6831.4,5,765.5999999999999,2opt,acceptBad
2138,11,6530.399999999997,5,765.5999999999999,swap,improve
2139,11,6530.399999999997,5,765.5999999999999,swap,improve
2140,11,6578.999999999999,5,765.5999999999999,swap,acceptBad
2141,11,6623.000000000002,5,765.5999999999999,2opt,acceptBad
2142,11,6623.000000000002,5,765.5999999999999,2opt,notBad
2143,11,6623.000000000002,5,765.5999999999999,move,improve
2144,11,6084.0,5,765.5999999999999,swap,improve
2145,11,6075.0,5,765.5999999999999,2opt,improve
2146,11,6075.0,5,765.5999999999999,2opt,improve
2147,11,6075.0,5,765.5999999999999,move,improve
2148,11,6336.000000000001,5,765.5999999999999,swap,acceptBad
2149,11,6336.000000000001,5,765.5999999999999,2opt,improve
2150,11,6345.000000000001,5,765.5999999999999,2opt,acceptBad
2151,11,6345.000000000001,5,765.5999999999999,2opt,improve
2152,11,6345.000000000001,5,765.5999999999999,move,improve
2153,11,6345.000000000001,5,765.5999999999999,move,improve
2154,11,6345.000000000001,5,765.5999999999999,move,improve
2155,11,6345.000000000001,5,765.5999999999999,swap,improve
2156,11,7456.4000000000015,5,765.5999999999999,swap,acceptBad
2157,11,7256.4000000000015,5,765.5999999999999,move,improve
2158,11,7456.400000000001,5,765.5999999999999,swap,acceptBad
2159,11,7456.4000000000015,5,765.5999999999999,2opt,acceptBad
2160,11,7142.400000000002,5,765.5999999999999,move,improve
2161,11,7006.800000000003,5,765.5999999999999,move,improve
2162,11,7006.800000000003,5,765.5999999999999,move,improve
2163,11,7006.800000000003,5,765.5999999999999,2opt,notBad
2164,11,6942.4000000000015,5,765.5999999999999,move,improve
2165,11,6942.4000000000015,5,765.5999999999999,swap,improve
2166,11,6942.4000000000015,5,765.5999999999999,move,improve
2167,11,6942.400000000002,5,765.5999999999999,2opt,acceptBad
2168,11,6942.400000000002,5,765.5999999999999,move,improve
2169,11,6996.4000000000015,5,765.5999999999999,2opt,acceptBad
2170,11,6996.4000000000015,5,765.5999999999999,move,improve
2171,11,6996.4000000000015,5,765.5999999999999,swap,improve
2172,11,6996.4000000000015,5,765.5999999999999,move,improve
2173,11,6996.4000000000015,5,765.5999999999999,move,improve
2174,11,6996.4000000000015,5,765.5999999999999,2opt,notBad
2175,11,6996.4000000000015,5,765.5999999999999,2opt,improve
2176,11,6996.4000000000015,5,765.5999999999999,move,improve
2177,11,6996.4000000000015,5,765.5999999999999,2opt,improve
2178,11,7060.800000000001,5,765.5999999999999,swap,acceptBad
2179,11,7060.8,5,765.5999999999999,2opt,improve
2180,11,7642.0,5,765.5999999999999,swap,acceptBad
2181,11,7628.199999999999,5,765.5999999999999,swap,improve
2182,11,7576.0,5,765.5999999999999,swap,improve
2183,11,7576.0,5,765.5999999999999,2opt,improve
2184,11,7604.0,5,765.5999999999999,swap,acceptBad
2185,11,7604.0,5,765.5999999999999,swap,improve
2186,11,7243.199999999999,5,765.5999999999999,move,improve
2187,11,7243.199999999999,5,765.5999999999999,move,improve
2188,11,7168.800000000001,5,765.5999999999999,move,improve
2189,11,7147.199999999999,5,765.5999999999999,move,improve
2190,11,7147.199999999999,5,765.5999999999999,2opt,improve
2191,11,7147.199999999999,5,765.5999999999999,move,improve
2192,11,7147.199999999999,5,765.5999999999999,swap,improve
2193,11,7147.199999999999,5,765.5999999999999,swap,improve
2194,11,7069.199999999999,5,765.5999999999999,move,improve
2195,11,7069.199999999999,5,765.5999999999999,move,improve
2196,11,7165.199999999999,5,765.5999999999999,2opt,acceptBad
2197,11,7165.199999999999,5,765.5999999999999,swap,improve
2198,11,7165.199999999999,5,765.5999999999999,2opt,improve
2199,11,6374.199999999997,5,765.5999999999999,2opt,improve
2200,11,6284.999999999996,5,765.5999999999999,move,improve
2201,11,6284.999999999996,5,765.5999999999999,move,improve
2202,11,6284.999999999996,5,765.5999999999999,2opt,notBad
2203,11,6011.2,5,765.5999999999999,2opt,improve
2204,11,6124.600000000001,5,765.5999999999999,swap,acceptBad
2205,11,6124.600000000001,5,765.5999999999999,move,improve
2206,11,6124.600000000001,5,765.5999999999999,swap,improve
2207,11,6124.600000000001,5,765.5999999999999,swap,improve
2208,11,6124.600000000001,5,765.5999999999999,2opt,notBad
2209,11,6138.4,5,765.5999999999999,swap,acceptBad
2210,11,6138.4,5,765.5999999999999,2opt,improve
2211,11,6138.4,5,765.5999999999999,2opt,improve
2212,11,6364.4,5,765.5999999999999,swap,acceptBad
2213,11,6364.4,5,765.5999999999999,2opt,improve
2214,11,6364.4,5,765.5999999999999,2opt,improve
2215,11,6678.4000000000015,5,765.5999999999999,swap,acceptBad
2216,11,6678.4,5,765.5999999999999,swap,improve
2217,11,6678.400000000001,5,765.5999999999999,2opt,acceptBad
2218,11,6678.400000000001,5,765.5999999999999,move,improve
2219,11,6678.400000000001,5,765.5999999999999,swap,improve
2220,11,6678.400000000001,5,765.5999999999999,move,improve
2221,11,6678.400000000001,5,765.5999999999999,move,improve
2222,11,6678.400000000001,5,765.5999999999999,swap,improve
2223,11,6678.400000000001,5,765.5999999999999,move,improve
2224,11,7279.600000000001,5,765.5999999999999,2opt,acceptBad
2225,11,7279.600000000001,5,765.5999999999999,swap,improve
2226,11,7279.600000000001,5,765.5999999999999,swap,improve
2227,11,7279.600000000001,5,765.5999999999999,move,improve
2228,11,7439.600000000001,5,765.5999999999999,2opt,acceptBad
2229,11,7439.600000000001,5,765.5999999999999,2opt,improve
2230,11,7439.600000000001,5,765.5999999999999,swap,improve
2231,11,7534.599999999999,5,765.5999999999999,swap,acceptBad
2232,11,7534.599999999999,5,765.5999999999999,2opt,notBad
2233,11,7534.599999999999,5,765.5999999999999,2opt,improve
2234,11,7534.599999999999,5,765.5999999999999,2opt,improve
2235,11,7534.599999999999,5,765.5999999999999,swap,improve
2236,11,7534.599999999999,5,765.5999999999999,swap,improve
2237,11,7534.599999999999,5,765.5999999999999,move,improve
2238,11,7534.599999999999,5,765.5999999999999,2opt,notBad
2239,11,7017.799999999997,5,765.5999999999999,swap,improve
2240,11,7017.799999999997,5,765.5999999999999,move,improve
2241,11,7017.799999999997,5,765.5999999999999,move,improve
2242,11,7017.799999999997,5,765.5999999999999,move,improve
2243,11,7017.799999999997,5,765.5999999999999,move,improve
2244,11,7017.799999999997,5,765.5999999999999,move,improve
2245,11,7169.399999999997,5,765.5999999999999,2opt,acceptBad
2246,11,7169.399999999997,5,765.5999999999999,swap,improve
2247,11,7169.399999999997,5,765.5999999999999,2opt,improve
2248,11,7169.399999999997,5,765.5999999999999,swap,improve
2249,11,7169.399999999998,5,765.5999999999999,2opt,acceptBad
2250,11,7169.399999999998,5,765.5999999999999,swap,improve
2251,11,6654.999999999996,5,765.5999999999999,move,improve
2252,11,6654.999999999996,5,765.5999999999999,move,improve
2253,11,6654.999999999996,5,765.5999999999999,move,improve
2254,11,7195.5999999999985,5,765.5999999999999,swap,acceptBad
2255,11,7197.5999999999985,5,765.5999999999999,swap,acceptBad
2256,11,6512.2,5,765.5999999999999,move,improve
2257,11,6422.2,5,765.5999999999999,move,improve
2258,11,6422.2,5,765.5999999999999,2opt,improve
2259,11,6518.600000000001,5,765.5999999999999,2opt,acceptBad
2260,11,6518.600000000001,5,765.5999999999999,swap,improve
2261,11,6518.600000000001,5,765.5999999999999,move,improve
2262,11,7229.600000000002,5,765.5999999999999,swap,acceptBad
2263,11,7149.199999999999,5,765.5999999999999,move,improve
2264,11,7149.199999999999,5,765.5999999999999,swap,improve
2265,11,7149.199999999999,5,765.5999999999999,2opt,notBad
2266,11,7149.199999999999,5,765.5999999999999,swap,improve
2267,11,7518.199999999997,5,765.5999999999999,2opt,acceptBad
2268,11,7518.199999999997,5,765.5999999999999,move,improve
2269,11,7518.199999999997,5,765.5999999999999,move,improve
2270,11,7518.199999999998,5,765.5999999999999,2opt,acceptBad
2271,11,7518.199999999998,5,765.5999999999999,2opt,notBad
2272,11,7518.199999999998,5,765.5999999999999,2opt,notBad
2273,11,7518.199999999998,5,765.5999999999999,swap,improve
2274,11,7309.199999999999,5,765.5999999999999,move,improve
2275,11,6909.799999999997,5,765.5999999999999,move,improve
2276,11,6909.799999999997,5,765.5999999999999,swap,improve
2277,11,6909.799999999997,5,765.5999999999999,swap,improve
2278,11,6923.799999999997,5,765.5999999999999,swap,acceptBad
2279,11,6721.799999999997,5,765.5999999999999,swap,improve
2280,11,6721.799999999997,5,765.5999999999999,move,improve
2281,11,6581.799999999997,5,765.5999999999999,move,improve
2282,11,6581.799999999998,5,765.5999999999999,2opt,acceptBad
2283,11,6581.799999999998,5,765.5999999999999,swap,improve
2284,11,6581.799999999998,5,765.5999999999999,move,improve
2285,11,6581.799999999998,5,765.5999999999999,2opt,notBad
2286,11,6581.799999999998,5,765.5999999999999,move,improve
2287,11,6800.5999999999985,5,765.5999999999999,2opt,acceptBad
2288,11,6800.5999999999985,5,765.5999999999999,swap,improve
2289,11,6800.5999999999985,5,765.5999999999999,2opt,improve
2290,11,6800.5999999999985,5,765.5999999999999,2opt,improve
2291,11,6840.5999999999985,5,765.5999999999999,swap,acceptBad
2292,11,6800.5999999999985,5,765.5999999999999,move,improve
2293,11,6800.5999999999985,5,765.5999999999999,2opt,improve
2294,11,6800.5999999999985,5,765.5999999999999,move,improve
2295,11,6800.5999999999985,5,765.5999999999999,move,improve
2296,11,6800.5999999999985,5,765.5999999999999,move,improve
2297,11,6980.5999999999985,5,765.5999999999999,2opt,acceptBad
2298,11,6980.5999999999985,5,765.5999999999999,move,improve
2299,11,6980.5999999999985,5,765.5999999999999,2opt,notBad
2300,11,6980.5999999999985,5,765.5999999999999,move,improve
2301,11,6980.599999999999,5,765.5999999999999,swap,acceptBad
2302,11,6980.599999999999,5,765.5999999999999,swap,improve
2303,11,6959.799999999998,5,765.5999999999999,swap,improve
2304,11,6959.799999999999,5,765.5999999999999,2opt,acceptBad
2305,11,6959.799999999999,5,765.5999999999999,swap,improve
2306,11,6959.799999999999,5,765.5999999999999,swap,improve
2307,11,6959.800000000001,5,765.5999999999999,2opt,acceptBad
2308,11,6959.800000000001,5,765.5999999999999,move,improve
2309,11,6959.800000000001,5,765.5999999999999,move,improve
2310,11,6959.800000000001,5,765.5999999999999,move,improve
2311,11,7886.600000000004,5,765.5999999999999,swap,acceptBad
2312,11,8418.400000000003,5,765.5999999999999,swap,acceptBad
2313,11,7841.200000000001,5,765.5999999999999,move,improve
2314,11,7841.200000000001,5,765.5999999999999,move,improve
2315,11,7841.200000000001,5,765.5999999999999,2opt,improve
2316,11,7841.200000000001,5,765.5999999999999,swap,improve
2317,11,7841.200000000001,5,765.5999999999999,2opt,improve
2318,11,7841.200000000001,5,765.5999999999999,move,improve
2319,11,7844.0,5,765.5999999999999,swap,acceptBad
2320,11,7844.0,5,765.5999999999999,swap,improve
2321,11,7844.0,5,765.5999999999999,2opt,improve
2322,11,7844.0,5,765.5999999999999,swap,improve
2323,11,7844.0,5,765.5999999999999,move,improve
2324,11,7844.0,5,765.5999999999999,move,improve
2325,11,7732.8,5,765.5999999999999,move,improve
2326,11,7732.8,5,765.5999999999999,2opt,improve
2327,11,7732.8,5,765.5999999999999,swap,improve
2328,11,7732.799999999999,5,765.5999999999999,2opt,improve
2329,11,7732.799999999999,5,765.5999999999999,swap,improve
2330,11,7732.799999999999,5,765.5999999999999,2opt,notBad
2331,11,7732.799999999999,5,765.5999999999999,2opt,notBad
2332,11,7732.799999999999,5,765.5999999999999,swap,improve
2333,11,7288.799999999999,5,765.5999999999999,move,improve
2334,11,7288.8,5,765.5999999999999,2opt,acceptBad
2335,11,7097.5999999999985,5,765.5999999999999,move,improve
2336,11,7097.5999999999985,5,765.5999999999999,swap,improve
2337,11,6879.999999999998,5,765.5999999999999,swap,improve
2338,11,6879.999999999998,5,765.5999999999999,move,improve
2339,11,6879.999999999998,5,765.5999999999999,2opt,improve
2340,11,6879.999999999998,5,765.5999999999999,move,improve
2341,11,6879.999999999999,5,765.5999999999999,2opt,acceptBad
2342,11,6879.999999999999,5,765.5999999999999,move,improve
2343,11,6879.999999999999,5,765.5999999999999,2opt,improve
2344,11,6879.999999999999,5,765.5999999999999,move,improve
2345,11,6744.4,5,765.5999999999999,swap,improve
2346,11,6744.4,5,765.5999999999999,move,improve
2347,11,6744.4,5,765.5999999999999,move,improve
2348,11,6744.4,5,765.5999999999999,2opt,notBad
2349,11,7639.800000000003,5,765.5999999999999,move,acceptBad
2350,11,7639.800000000003,5,765.5999999999999,2opt,improve
2351,11,7639.800000000003,5,765.5999999999999,swap,improve
2352,11,7639.800000000003,5,765.5999999999999,move,improve
2353,11,7639.800000000003,5,765.5999999999999,2opt,improve
2354,11,7639.800000000003,5,765.5999999999999,2opt,notBad
2355,11,7705.4000000000015,5,765.5999999999999,2opt,acceptBad
2356,11,7686.399999999998,5,765.5999999999999,swap,improve
2357,11,7686.399999999998,5,765.5999999999999,2opt,improve
2358,11,7686.399999999998,5,765.5999999999999,2opt,notBad
2359,11,7686.399999999998,5,765.5999999999999,move,improve
2360,11,7686.399999999998,5,765.5999999999999,swap,improve
2361,11,7797.5999999999985,5,765.5999999999999,swap,acceptBad
2362,11,7797.5999999999985,5,765.5999999999999,2opt,notBad
2363,11,7762.199999999998,5,765.5999999999999,swap,improve
2364,11,7762.199999999998,5,765.5999999999999,2opt,notBad
2365,11,7762.199999999996,5,765.5999999999999,2opt,improve
2366,11,7762.199999999996,5,765.5999999999999,2opt,notBad
2367,11,7762.199999999996,5,765.5999999999999,swap,improve
2368,11,7762.199999999997,5,765.5999999999999,2opt,acceptBad
2369,11,7762.199999999998,5,765.5999999999999,2opt,acceptBad
2370,11,7762.199999999998,5,765.5999999999999,swap,improve
2371,11,7762.199999999998,5,765.5999999999999,move,improve
2372,11,7546.999999999998,5,765.5999999999999,2opt,improve
2373,11,7311.999999999998,5,765.5999999999999,swap,improve
2374,11,7311.999999999998,5,765.5999999999999,2opt,improve
2375,11,7311.999999999998,5,765.5999999999999,2opt,notBad
2376,11,7243.0,5,765.5999999999999,swap,improve
2377,11,7243.0,5,765.5999999999999,2opt,improve
2378,11,7243.0,5,765.5999999999999,2opt,improve
2379,11,7243.0,5,765.5999999999999,2opt,notBad
2380,11,7243.0,5,765.5999999999999,2opt,notBad
2381,11,7243.0,5,765.5999999999999,2opt,improve
2382,11,7243.0,5,765.5999999999999,2opt,improve
2383,11,7243.0,5,765.5999999999999,2opt,improve
2384,11,7243.0,5,765.5999999999999,move,improve
2385,11,7243.0,5,765.5999999999999,swap,improve
2386,11,6956.6,5,765.5999999999999,move,improve
2387,11,6956.599999999999,5,765.5999999999999,swap,improve
2388,11,6956.599999999999,5,765.5999999999999,2opt,notBad
2389,11,7367.4,5,765.5999999999999,swap,acceptBad
2390,11,7367.4,5,765.5999999999999,move,improve
2391,11,7367.4,5,765.5999999999999,swap,improve
2392,11,7367.400000000001,5,765.5999999999999,2opt,acceptBad
2393,11,7367.400000000001,5,765.5999999999999,move,improve
2394,11,7367.400000000001,5,765.5999999999999,2opt,notBad
2395,11,7563.0,5,765.5999999999999,2opt,acceptBad
2396,11,7563.0,5,765.5999999999999,2opt,improve
2397,11,7409.0,5,765.5999999999999,move,improve
2398,11,7409.0,5,765.5999999999999,swap,notBad
2399,11,7409.0,5,765.5999999999999,move,improve
2400,11,7510.999999999998,5,765.5999999999999,swap,acceptBad
2401,11,7510.999999999998,5,765.5999999999999,2opt,improve
2402,11,7510.999999999998,5,765.5999999999999,swap,improve
2403,11,7510.999999999998,5,765.5999999999999,swap,improve
2404,11,7354.599999999998,5,765.5999999999999,swap,improve
2405,11,7354.5999999999985,5,765.5999999999999,2opt,acceptBad
2406,11,7597.599999999999,5,765.5999999999999,2opt,acceptBad
2407,11,7597.599999999999,5,765.5999999999999,move,improve
2408,11,7597.599999999999,5,765.5999999999999,2opt,improve
2409,11,7611.599999999999,5,765.5999999999999,swap,acceptBad
2410,11,7611.599999999999,5,765.5999999999999,swap,improve
2411,11,7611.599999999999,5,765.5999999999999,2opt,improve
2412,11,7611.599999999999,5,765.5999999999999,move,improve
2413,11,7611.599999999999,5,765.5999999999999,2opt,improve
2414,11,7611.599999999999,5,765.5999999999999,move,improve
2415,11,7611.599999999999,5,765.5999999999999,move,improve
2416,11,7611.599999999999,5,765.5999999999999,2opt,notBad
2417,11,6638.599999999999,5,765.5999999999999,move,improve
2418,11,6638.599999999999,5,765.5999999999999,2opt,notBad
2419,11,6638.599999999999,5,765.5999999999999,move,improve
2420,11,6638.599999999999,5,765.5999999999999,swap,improve
2421,11,6638.599999999999,5,765.5999999999999,swap,improve
2422,11,6638.599999999999,5,765.5999999999999,move,improve
2423,11,7197.399999999999,5,765.5999999999999,swap,acceptBad
2424,11,7197.4,5,765.5999999999999,2opt,acceptBad
2425,11,7197.4,5,765.5999999999999,2opt,notBad
2426,11,7197.4,5,765.5999999999999,move,improve
2427,11,8062.399999999998,5,765.5999999999999,swap,acceptBad
2428,11,8062.399999999998,5,765.5999999999999,swap,improve
2429,11,7700.4000000000015,5,765.5999999999999,move,improve
2430,11,7700.4000000000015,5,765.5999999999999,swap,improve
2431,11,7700.4000000000015,5,765.5999999999999,move,improve
2432,11,7700.4000000000015,5,765.5999999999999,swap,improve
2433,11,7700.4000000000015,5,765.5999999999999,move,improve
2434,11,7649.200000000004,5,765.5999999999999,move,improve
2435,11,7649.200000000004,5,765.5999999999999,swap,improve
2436,11,7489.400000000001,5,765.5999999999999,2opt,improve
2437,11,7489.4000000000015,5,765.5999999999999,2opt,acceptBad
2438,11,7489.4000000000015,5,765.5999999999999,2opt,improve
2439,11,6908.4000000000015,5,765.5999999999999,swap,improve
2440,11,6560.6,5,765.5999999999999,move,improve
2441,11,6560.6,5,765.5999999999999,2opt,notBad
2442,11,6545.000000000001,5,765.5999999999999,swap,improve
2443,11,6624.5999999999985,5,765.5999999999999,2opt,acceptBad
2444,11,6624.5999999999985,5,765.5999999999999,move,improve
2445,11,6624.5999999999985,5,765.5999999999999,swap,improve
2446,11,6624.5999999999985,5,765.5999999999999,2opt,notBad
2447,11,6624.5999999999985,5,765.5999999999999,move,improve
2448,11,6608.5999999999985,5,765.5999999999999,move,improve
2449,11,6608.599999999999,5,765.5999999999999,2opt,acceptBad
2450,11,6567.2,5,765.5999999999999,move,improve
2451,11,6567.2,5,765.5999999999999,move,improve
2452,11,6567.2,5,765.5999999999999,2opt,notBad
2453,11,6567.2,5,765.5999999999999,2opt,notBad
2454,11,6567.2,5,765.5999999999999,swap,improve
2455,11,6567.2,5,765.5999999999999,2opt,notBad
2456,11,6567.2,5,765.5999999999999,2opt,notBad
2457,11,6567.2,5,765.5999999999999,move,improve
2458,11,6567.2,5,765.5999999999999,swap,improve
2459,11,6613.400000000001,5,765.5999999999999,2opt,acceptBad
2460,11,6520.4,5,765.5999999999999,2opt,improve
2461,11,6520.4,5,765.5999999999999,2opt,improve
2462,11,6520.4,5,765.5999999999999,move,improve
2463,11,6480.599999999999,5,765.5999999999999,move,improve
2464,11,6399.599999999999,5,765.5999999999999,swap,improve
2465,11,6402.4,5,765.5999999999999,swap,acceptBad
2466,11,7741.199999999999,5,765.5999999999999,swap,acceptBad
2467,11,7741.199999999999,5,765.5999999999999,swap,improve
2468,11,7741.2,5,765.5999999999999,2opt,acceptBad
2469,11,7741.2,5,765.5999999999999,move,improve
2470,11,6950.199999999998,5,765.5999999999999,move,improve
2471,11,6950.199999999998,5,765.5999999999999,2opt,improve
2472,11,6950.199999999998,5,765.5999999999999,2opt,improve
2473,11,6950.199999999998,5,765.5999999999999,swap,improve
2474,11,6950.199999999998,5,765.5999999999999,2opt,improve
2475,11,6736.199999999998,5,765.5999999999999,move,improve
2476,11,6830.2,5,765.5999999999999,swap,acceptBad
2477,11,6830.2,5,765.5999999999999,move,improve
2478,11,6830.2,5,765.5999999999999,swap,improve
2479,11,6830.2,5,765.5999999999999,move,improve
2480,11,7163.799999999999,5,765.5999999999999,swap,acceptBad
2481,11,7098.6,5,765.5999999999999,move,improve
2482,11,7098.6,5,765.5999999999999,2opt,notBad
2483,11,7045.999999999998,5,765.5999999999999,2opt,improve
2484,11,7259.400000000003,5,765.5999999999999,2opt,acceptBad
2485,11,6804.800000000003,5,765.5999999999999,move,improve
2486,11,6804.800000000003,5,765.5999999999999,2opt,improve
2487,11,6804.800000000003,5,765.5999999999999,2opt,notBad
2488,11,6804.800000000003,5,765.5999999999999,swap,notBad
2489,11,6786.000000000002,5,765.5999999999999,swap,improve
2490,11,6817.999999999998,5,765.5999999999999,2opt,acceptBad
2491,11,6866.0,5,765.5999999999999,2opt,acceptBad
2492,11,6844.0,5,765.5999999999999,swap,improve
2493,11,6993.0,5,765.5999999999999,swap,acceptBad
2494,11,6993.0,5,765.5999999999999,swap,improve
2495,11,6993.0,5,765.5999999999999,2opt,notBad
2496,11,8290.600000000002,5,765.5999999999999,swap,acceptBad
2497,11,8295.400000000005,5,765.5999999999999,2opt,acceptBad
2498,11,8248.800000000003,5,765.5999999999999,2opt,improve
2499,11,8248.800000000003,5,765.5999999999999,swap,improve
2500,11,8248.800000000003,5,765.5999999999999,move,improve
2501,11,8248.800000000003,5,765.5999999999999,move,improve
2502,11,8601.200000000003,5,765.5999999999999,2opt,acceptBad
2503,11,8248.800000000003,5,765.5999999999999,swap,improve
2504,11,6920.000000000002,5,765.5999999999999,move,improve
2505,11,7376.000000000002,5,765.5999999999999,swap,acceptBad
2506,11,7322.199999999999,5,765.5999999999999,move,improve
2507,11,6603.400000000002,5,765.5999999999999,move,improve
2508,11,6603.400000000003,5,765.5999999999999,2opt,acceptBad
2509,11,6603.400000000003,5,765.5999999999999,swap,improve
2510,11,6603.400000000003,5,765.5999999999999,move,improve
2511,11,6603.400000000003,5,765.5999999999999,move,improve
2512,11,6603.400000000003,5,765.5999999999999,move,improve
2513,11,6603.400000000003,5,765.5999999999999,2opt,notBad
2514,11,6603.400000000003,5,765.5999999999999,move,improve
2515,11,6603.400000000001,5,765.5999999999999,2opt,improve
2516,11,6603.400000000001,5,765.5999999999999,move,improve
2517,11,6603.400000000001,5,765.5999999999999,move,improve
2518,11,6603.400000000002,5,765.5999999999999,swap,acceptBad
2519,11,6603.4,5,765.5999999999999,2opt,improve
2520,11,6603.4,5,765.5999999999999,move,improve
2521,11,6603.4,5,765.5999999999999,swap,notBad
2522,11,6603.4,5,765.5999999999999,move,improve
2523,11,6603.4,5,765.5999999999999,2opt,notBad
2524,11,6603.4,5,765.5999999999999,2opt,improve
2525,11,6603.4,5,765.5999999999999,move,improve
2526,11,6195.800000000001,5,765.5999999999999,swap,improve
2527,11,6195.800000000001,5,765.5999999999999,move,improve
2528,11,6195.800000000001,5,765.5999999999999,2opt,improve
2529,11,6195.800000000001,5,765.5999999999999,2opt,improve
2530,11,6195.800000000001,5,765.5999999999999,swap,improve
2531,11,6195.800000000001,5,765.5999999999999,swap,improve
2532,11,6195.800000000001,5,765.5999999999999,move,improve
2533,11,6195.800000000001,5,765.5999999999999,2opt,notBad
2534,11,6195.800000000002,5,765.5999999999999,2opt,acceptBad
2535,11,6195.800000000002,5,765.5999999999999,2opt,improve
2536,11,6205.4000000000015,5,765.5999999999999,swap,acceptBad
2537,11,6205.4000000000015,5,765.5999999999999,move,improve
2538,11,6370.4000000000015,5,765.5999999999999,swap,acceptBad
2539,11,6370.4000000000015,5,765.5999999999999,2opt,notBad
2540,11,6370.400000000003,5,765.5999999999999,swap,acceptBad
2541,11,6370.400000000003,5,765.5999999999999,swap,improve
2542,11,6370.400000000003,5,765.5999999999999,move,improve
2543,11,6370.4000000000015,5,765.5999999999999,2opt,improve
2544,11,6370.4000000000015,5,765.5999999999999,move,improve
2545,11,6370.4000000000015,5,765.5999999999999,move,improve
2546,11,6370.4000000000015,5,765.5999999999999,move,improve
2547,11,6412.800000000001,5,765.5999999999999,2opt,acceptBad
2548,11,6623.799999999997,5,765.5999999999999,swap,acceptBad
2549,11,7551.200000000002,5,765.5999999999999,move,acceptBad
2550,11,7450.400000000001,5,765.5999999999999,2opt,improve
2551,11,7438.400000000001,5,765.5999999999999,swap,improve
2552,11,7218.0,5,765.5999999999999,move,improve
2553,11,7038.0,5,765.5999999999999,move,improve
2554,11,7038.0,5,765.5999999999999,move,improve
2555,11,7038.0,5,765.5999999999999,2opt,improve
2556,11,7038.0,5,765.5999999999999,move,improve
2557,11,7038.0,5,765.5999999999999,move,improve
2558,11,7038.0,5,765.5999999999999,2opt,notBad
2559,11,7038.0,5,765.5999999999999,swap,improve
2560,11,7038.0,5,765.5999999999999,swap,improve
2561,11,7044.799999999999,5,765.5999999999999,swap,acceptBad
2562,11,7044.799999999999,5,765.5999999999999,move,improve
2563,11,7044.799999999999,5,765.5999999999999,2opt,improve
2564,11,7044.799999999999,5,765.5999999999999,move,improve
2565,11,7044.799999999999,5,765.5999999999999,2opt,improve
2566,11,7044.799999999999,5,765.5999999999999,2opt,improve
2567,11,7044.799999999999,5,765.5999999999999,swap,improve
2568,11,7044.799999999999,5,765.5999999999999,2opt,notBad
2569,11,7044.799999999999,5,765.5999999999999,2opt,notBad
2570,11,7044.799999999999,5,765.5999999999999,swap,improve
2571,11,7121.600000000002,5,765.5999999999999,2opt,acceptBad
2572,11,7121.600000000002,5,765.5999999999999,swap,improve
2573,11,7121.600000000002,5,765.5999999999999,swap,improve
2574,11,8121.600000000001,5,765.5999999999999,swap,acceptBad
2575,11,8121.600000000001,5,765.5999999999999,swap,improve
2576,11,8121.600000000001,5,765.5999999999999,move,improve
2577,11,8121.6,5,765.5999999999999,2opt,improve
2578,11,8121.6,5,765.5999999999999,swap,improve
2579,11,8314.399999999998,5,765.5999999999999,swap,acceptBad
2580,11,8314.399999999998,5,765.5999999999999,swap,improve
2581,11,6713.799999999998,5,765.5999999999999,move,improve
2582,11,6713.799999999998,5,765.5999999999999,move,improve
2583,11,6713.799999999998,5,765.5999999999999,swap,improve
2584,11,6600.199999999999,5,765.5999999999999,move,improve
2585,11,6600.199999999999,5,765.5999999999999,move,improve
2586,11,6433.4,5,765.5999999999999,swap,improve
2587,11,6433.4,5,765.5999999999999,2opt,notBad
2588,11,6555.200000000001,5,765.5999999999999,2opt,acceptBad
2589,11,6835.2,5,765.5999999999999,2opt,acceptBad
2590,11,6835.2,5,765.5999999999999,swap,improve
2591,11,6467.999999999998,5,765.5999999999999,move,improve
2592,11,7021.000000000001,5,765.5999999999999,2opt,acceptBad
2593,11,7173.400000000001,5,765.5999999999999,2opt,acceptBad
2594,11,7151.8,5,765.5999999999999,move,improve
2595,11,7151.8,5,765.5999999999999,move,improve
2596,11,7151.8,5,765.5999999999999,move,improve
2597,11,7388.2,5,765.5999999999999,swap,acceptBad
2598,11,7230.6,5,765.5999999999999,move,improve
2599,11,7230.6,5,765.5999999999999,swap,improve
2600,11,7148.6,5,765.5999999999999,move,improve
2601,11,7328.600000000001,5,765.5999999999999,2opt,acceptBad
2602,11,7328.6,5,765.5999999999999,2opt,improve
2603,11,7328.6,5,765.5999999999999,2opt,improve
2604,11,7328.6,5,765.5999999999999,2opt,improve
2605,11,7328.6,5,765.5999999999999,swap,improve
2606,11,7328.6,5,765.5999999999999,move,improve
2607,11,7246.999999999999,5,765.5999999999999,swap,improve
2608,11,7246.999999999999,5,765.5999999999999,move,improve
2609,11,7787.5999999999985,5,765.5999999999999,2opt,acceptBad
2610,11,7787.599999999999,5,765.5999999999999,2opt,acceptBad
2611,11,8142.599999999999,5,765.5999999999999,swap,acceptBad
2612,11,8142.599999999999,5,765.5999999999999,swap,improve
2613,11,8142.599999999999,5,765.5999999999999,move,improve
2614,11,8142.599999999999,5,765.5999999999999,move,improve
2615,11,8142.599999999999,5,765.5999999999999,move,improve
2616,11,8142.599999999999,5,765.5999999999999,2opt,improve
2617,11,8075.4,5,765.5999999999999,move,improve
2618,11,7122.6,5,765.5999999999999,move,improve
2619,11,7122.6,5,765.5999999999999,swap,improve
2620,11,7122.6,5,765.5999999999999,move,improve
2621,11,7122.599999999999,5,765.5999999999999,2opt,improve
2622,11,6644.6,5,765.5999999999999,2opt,improve
2623,11,7188.6,5,765.5999999999999,swap,acceptBad
2624,11,7188.6,5,765.5999999999999,2opt,notBad
2625,11,7134.6,5,765.5999999999999,swap,improve
2626,11,7134.6,5,765.5999999999999,2opt,improve
2627,11,7134.6,5,765.5999999999999,move,improve
2628,11,7134.6,5,765.5999999999999,swap,improve
2629,11,7234.799999999999,5,765.5999999999999,swap,acceptBad
2630,11,7234.8,5,765.5999999999999,2opt,acceptBad
2631,11,6397.8,5,765.5999999999999,swap,improve
2632,11,5941.000000000001,5,765.5999999999999,move,improve
2633,11,5941.000000000001,5,765.5999999999999,move,improve
2634,11,5941.000000000001,5,765.5999999999999,swap,improve
2635,11,5941.000000000001,5,765.5999999999999,2opt,notBad
2636,11,5941.000000000001,5,765.5999999999999,2opt,notBad
2637,11,5941.000000000001,5,765.5999999999999,move,improve
2638,11,6856.800000000001,5,765.5999999999999,swap,acceptBad
2639,11,7146.0,5,765.5999999999999,swap,acceptBad
2640,11,7146.0,5,765.5999999999999,2opt,improve
2641,11,6957.600000000003,5,765.5999999999999,move,improve
2642,11,6957.600000000003,5,765.5999999999999,2opt,notBad
2643,11,6957.6,5,765.5999999999999,2opt,improve
2644,11,6831.200000000002,5,765.5999999999999,move,improve
2645,11,6831.200000000002,5,765.5999999999999,move,improve
2646,11,6831.200000000002,5,765.5999999999999,2opt,notBad
2647,11,6831.200000000002,5,765.5999999999999,2opt,improve
2648,11,6831.200000000002,5,765.5999999999999,swap,improve
2649,11,6957.6,5,765.5999999999999,swap,acceptBad
2650,11,6943.6,5,765.5999999999999,move,improve
2651,11,6943.6,5,765.5999999999999,move,improve
2652,11,6957.600000000002,5,765.5999999999999,swap,acceptBad
2653,11,6957.600000000002,5,765.5999999999999,2opt,improve
2654,11,6957.600000000002,5,765.5999999999999,move,improve
2655,11,6957.600000000002,5,765.5999999999999,2opt,notBad
2656,11,6957.600000000002,5,765.5999999999999,swap,improve
2657,11,6957.600000000002,5,765.5999999999999,swap,improve
2658,11,6957.600000000002,5,765.5999999999999,swap,improve
2659,11,6957.600000000002,5,765.5999999999999,swap,improve
2660,11,7084.200000000001,5,765.5999999999999,swap,acceptBad
2661,11,7084.200000000001,5,765.5999999999999,move,improve
2662,11,7084.200000000001,5,765.5999999999999,2opt,notBad
2663,11,7084.200000000001,5,765.5999999999999,move,improve
2664,11,7084.200000000001,5,765.5999999999999,move,improve
2665,11,6957.600000000002,5,765.5999999999999,swap,improve
2666,11,6957.600000000002,5,765.5999999999999,swap,improve
2667,11,7064.800000000003,5,765.5999999999999,2opt,acceptBad
2668,11,7064.800000000003,5,765.5999999999999,swap,improve
2669,11,7064.800000000003,5,765.5999999999999,2opt,improve
2670,11,7064.800000000003,5,765.5999999999999,swap,improve
2671,11,7064.800000000003,5,765.5999999999999,move,improve
2672,11,7113.400000000006,5,765.5999999999999,2opt,acceptBad
2673,11,7470.2000000000035,5,765.5999999999999,swap,acceptBad
2674,11,7470.2000000000035,5,765.5999999999999,2opt,notBad
2675,11,7438.2000000000035,5,765.5999999999999,move,improve
2676,11,7438.2000000000035,5,765.5999999999999,move,improve
2677,11,7438.2000000000035,5,765.5999999999999,2opt,improve
2678,11,7438.2000000000035,5,765.5999999999999,move,improve
2679,11,7438.2000000000035,5,765.5999999999999,2opt,notBad
2680,11,7438.2000000000035,5,765.5999999999999,swap,improve
2681,11,7438.2000000000035,5,765.5999999999999,move,improve
2682,11,7438.2000000000035,5,765.5999999999999,move,improve
2683,11,7438.2000000000035,5,765.5999999999999,move,improve
2684,11,7438.200000000001,5,765.5999999999999,2opt,improve
2685,11,7438.200000000001,5,765.5999999999999,move,improve
2686,11,7438.200000000001,5,765.5999999999999,2opt,notBad
2687,11,7438.200000000001,5,765.5999999999999,2opt,notBad
2688,11,7438.200000000001,5,765.5999999999999,2opt,improve
2689,11,7243.2,5,765.5999999999999,move,improve
2690,11,7243.200000000002,5,765.5999999999999,2opt,acceptBad
2691,11,7243.200000000002,5,765.5999999999999,2opt,notBad
2692,11,7243.200000000002,5,765.5999999999999,swap,improve
2693,11,7243.200000000002,5,765.5999999999999,swap,improve
2694,11,7243.200000000002,5,765.5999999999999,swap,improve
2695,11,7243.200000000002,5,765.5999999999999,move,improve
2696,11,7431.6,5,765.5999999999999,2opt,acceptBad
2697,11,7431.6,5,765.5999999999999,2opt,improve
2698,11,7723.199999999997,5,765.5999999999999,swap,acceptBad
2699,11,7076.199999999998,5,765.5999999999999,move,improve
2700,11,7076.199999999998,5,765.5999999999999,move,improve
2701,11,7076.199999999998,5,765.5999999999999,swap,improve
2702,11,8290.399999999998,5,765.5999999999999,swap,acceptBad
2703,11,8290.399999999998,5,765.5999999999999,move,improve
2704,11,8290.399999999998,5,765.5999999999999,move,improve
2705,11,8290.399999999998,5,765.5999999999999,move,improve
2706,11,8290.399999999998,5,765.5999999999999,2opt,notBad
2707,11,8290.399999999998,5,765.5999999999999,2opt,notBad
2708,11,8133.799999999998,5,765.5999999999999,2opt,improve
2709,11,8133.799999999998,5,765.5999999999999,2opt,notBad
2710,11,8133.799999999998,5,765.5999999999999,2opt,improve
2711,11,8342.8,5,765.5999999999999,2opt,acceptBad
2712,11,7684.8,5,765.5999999999999,move,improve
2713,11,7684.8,5,765.5999999999999,swap,improve
2714,11,7684.8,5,765.5999999999999,move,improve
2715,11,7684.8,5,765.5999999999999,move,improve
2716,11,7703.599999999999,5,765.5999999999999,2opt,acceptBad
2717,11,7703.599999999999,5,765.5999999999999,swap,improve
2718,11,8864.6,5,765.5999999999999,swap,acceptBad
2719,11,8864.6,5,765.5999999999999,move,improve
2720,11,8314.199999999999,5,765.5999999999999,move,improve
2721,11,8314.199999999999,5,765.5999999999999,swap,improve
2722,11,8314.2,5,765.5999999999999,2opt,acceptBad
2723,11,8023.800000000001,5,765.5999999999999,swap,improve
2724,11,8023.800000000001,5,765.5999999999999,move,improve
2725,11,8023.800000000001,5,765.5999999999999,2opt,improve
2726,11,8023.800000000001,5,765.5999999999999,swap,improve
2727,11,8023.800000000001,5,765.5999999999999,2opt,improve
2728,11,8023.800000000001,5,765.5999999999999,move,improve
2729,11,7316.6,5,765.5999999999999,swap,improve
2730,11,7297.8,5,765.5999999999999,move,improve
2731,11,7297.8,5,765.5999999999999,swap,improve
2732,11,7297.8,5,765.5999999999999,2opt,improve
2733,11,7297.8,5,765.5999999999999,swap,improve
2734,11,7297.8,5,765.5999999999999,2opt,improve
2735,11,7297.8,5,765.5999999999999,move,improve
2736,11,7297.8,5,765.5999999999999,2opt,notBad
2737,11,7326.4,5,765.5999999999999,swap,acceptBad
2738,11,7326.4,5,765.5999999999999,2opt,improve
2739,11,7350.4000000000015,5,765.5999999999999,swap,acceptBad
2740,11,7350.4000000000015,5,765.5999999999999,move,improve
2741,11,7350.400000000002,5,765.5999999999999,2opt,acceptBad
2742,11,7350.400000000002,5,765.5999999999999,swap,improve
2743,11,7350.400000000002,5,765.5999999999999,move,improve
2744,11,7350.400000000002,5,765.5999999999999,swap,improve
2745,11,7350.400000000002,5,765.5999999999999,swap,improve
2746,11,7350.400000000002,5,765.5999999999999,swap,improve
2747,11,7350.400000000002,5,765.5999999999999,move,improve
2748,11,7350.4000000000015,5,765.5999999999999,2opt,improve
2749,11,7350.4000000000015,5,765.5999999999999,swap,improve
2750,11,7350.4000000000015,5,765.5999999999999,2opt,notBad
2751,11,7350.4000000000015,5,765.5999999999999,2opt,improve
2752,11,7350.4000000000015,5,765.5999999999999,move,improve
2753,11,7350.4000000000015,5,765.5999999999999,move,improve
2754,11,7297.800000000002,5,765.5999999999999,swap,improve
2755,11,7297.800000000002,5,765.5999999999999,move,improve
2756,11,7297.800000000002,5,765.5999999999999,2opt,improve
2757,11,7297.800000000002,5,765.5999999999999,swap,improve
2758,11,7297.800000000002,5,765.5999999999999,2opt,notBad
2759,11,7297.800000000002,5,765.5999999999999,swap,notBad
2760,11,6892.600000000002,5,765.5999999999999,move,improve
2761,11,6892.600000000002,5,765.5999999999999,move,improve
2762,11,6892.600000000002,5,765.5999999999999,swap,improve
2763,11,6892.600000000001,5,765.5999999999999,2opt,improve
2764,11,6892.600000000001,5,765.5999999999999,swap,improve
2765,11,6879.399999999999,5,765.5999999999999,2opt,improve
2766,11,6879.399999999999,5,765.5999999999999,move,improve
2767,11,6879.399999999999,5,765.5999999999999,move,improve
2768,11,6879.399999999999,5,765.5999999999999,2opt,improve
2769,11,6432.400000000001,5,765.5999999999999,move,improve
2770,11,6432.400000000001,5,765.5999999999999,swap,improve
2771,11,6432.400000000001,5,765.5999999999999,2opt,notBad
2772,11,6767.4,5,765.5999999999999,2opt,acceptBad
2773,11,6767.4,5,765.5999999999999,swap,improve
2774,11,7186.6,5,765.5999999999999,swap,acceptBad
2775,11,7186.6,5,765.5999999999999,move,improve
2776,11,7186.6,5,765.5999999999999,swap,improve
2777,11,7066.599999999999,5,765.5999999999999,move,improve
2778,11,7066.599999999999,5,765.5999999999999,2opt,notBad
2779,11,7066.599999999999,5,765.5999999999999,move,improve
2780,11,7066.599999999999,5,765.5999999999999,2opt,notBad
2781,11,7066.599999999999,5,765.5999999999999,2opt,improve
2782,11,7066.599999999999,5,765.5999999999999,move,improve
2783,11,7755.999999999998,5,765.5999999999999,swap,acceptBad
2784,11,7755.999999999998,5,765.5999999999999,move,improve
2785,11,8269.0,5,765.5999999999999,swap,acceptBad
2786,11,8269.0,5,765.5999999999999,move,improve
2787,11,8269.0,5,765.5999999999999,swap,improve
2788,11,8269.0,5,765.5999999999999,move,improve
2789,11,8269.0,5,765.5999999999999,move,improve
2790,11,8269.0,5,765.5999999999999,2opt,improve
2791,11,8213.000000000002,5,765.5999999999999,2opt,improve
2792,11,8213.000000000002,5,765.5999999999999,move,improve
2793,11,8213.000000000002,5,765.5999999999999,2opt,improve
2794,11,8213.000000000002,5,765.5999999999999,2opt,improve
2795,11,8213.000000000002,5,765.5999999999999,2opt,notBad
2796,11,8213.000000000002,5,765.5999999999999,move,improve
2797,11,8213.000000000002,5,765.5999999999999,move,improve
2798,11,7470.600000000001,5,765.5999999999999,move,improve
2799,11,7470.600000000001,5,765.5999999999999,move,improve
2800,11,7470.600000000001,5,765.5999999999999,swap,improve
2801,11,7470.600000000001,5,765.5999999999999,2opt,improve
2802,11,7470.600000000001,5,765.5999999999999,2opt,notBad
2803,11,7470.600000000001,5,765.5999999999999,move,improve
2804,11,7333.000000000001,5,765.5999999999999,move,improve
2805,11,7333.000000000001,5,765.5999999999999,2opt,notBad
2806,11,7698.8,5,765.5999999999999,swap,acceptBad
2807,11,7698.8,5,765.5999999999999,move,improve
2808,11,7698.800000000001,5,765.5999999999999,2opt,acceptBad
2809,11,7698.800000000001,5,765.5999999999999,move,improve
2810,11,7883.0,5,765.5999999999999,swap,acceptBad
2811,11,7883.0,5,765.5999999999999,2opt,improve
2812,11,7883.0,5,765.5999999999999,2opt,notBad
2813,11,7883.0,5,765.5999999999999,swap,improve
2814,11,7883.0,5,765.5999999999999,2opt,improve
2815,11,8428.599999999999,5,765.5999999999999,swap,acceptBad
2816,11,8428.599999999999,5,765.5999999999999,2opt,improve
2817,11,8045.4000000000015,5,765.5999999999999,move,improve
2818,11,8045.4000000000015,5,765.5999999999999,swap,improve
2819,11,8045.4000000000015,5,765.5999999999999,move,improve
2820,11,8045.4000000000015,5,765.5999999999999,move,improve
2821,11,8907.000000000002,5,765.5999999999999,swap,acceptBad
2822,11,8592.400000000001,5,765.5999999999999,move,improve
2823,11,8592.400000000001,5,765.5999999999999,2opt,improve
2824,11,8236.400000000001,5,765.5999999999999,move,improve
2825,11,8344.599999999999,5,765.5999999999999,swap,acceptBad
2826,11,8344.599999999999,5,765.5999999999999,swap,improve
2827,11,8344.599999999999,5,765.5999999999999,swap,improve
2828,11,8225.4,5,765.5999999999999,2opt,improve
2829,11,8268.199999999999,5,765.5999999999999,swap,acceptBad
2830,11,8268.199999999999,5,765.5999999999999,move,improve
2831,11,8268.199999999999,5,765.5999999999999,swap,notBad
2832,11,7953.0,5,765.5999999999999,2opt,improve
2833,11,7953.0,5,765.5999999999999,move,improve
2834,11,7875.4,5,765.5999999999999,move,improve
2835,11,7816.999999999999,5,765.5999999999999,swap,improve
2836,11,7816.999999999999,5,765.5999999999999,2opt,improve
2837,11,7817.0,5,765.5999999999999,swap,acceptBad
2838,11,7817.0,5,765.5999999999999,2opt,improve
2839,11,7682.6,5,765.5999999999999,swap,improve
2840,11,7682.6,5,765.5999999999999,2opt,notBad
2841,11,7682.6,5,765.5999999999999,move,improve
2842,11,7682.6,5,765.5999999999999,2opt,notBad
2843,11,7568.200000000001,5,765.5999999999999,move,improve
2844,11,6665.400000000001,5,765.5999999999999,move,improve
2845,11,7156.400000000002,5,765.5999999999999,swap,acceptBad
2846,11,7156.400000000002,5,765.5999999999999,move,improve
2847,11,7156.400000000002,5,765.5999999999999,move,improve
2848,11,6267.600000000001,5,765.5999999999999,move,improve
2849,11,6267.600000000001,5,765.5999999999999,2opt,improve
2850,11,6267.600000000001,5,765.5999999999999,swap,improve
2851,11,6267.600000000001,5,765.5999999999999,swap,improve
2852,11,6267.600000000001,5,765.5999999999999,swap,improve
2853,11,6267.600000000001,5,765.5999999999999,move,improve
2854,11,6267.600000000001,5,765.5999999999999,2opt,improve
2855,11,6267.600000000001,5,765.5999999999999,swap,improve
2856,11,6267.600000000001,5,765.5999999999999,2opt,notBad
2857,11,6267.600000000001,5,765.5999999999999,move,improve
2858,11,6267.600000000001,5,765.5999999999999,2opt,notBad
2859,11,6267.600000000001,5,765.5999999999999,2opt,improve
2860,11,6267.600000000001,5,765.5999999999999,move,improve
2861,11,6179.600000000001,5,765.5999999999999,swap,improve
2862,11,6179.600000000001,5,765.5999999999999,move,improve
2863,11,6179.600000000001,5,765.5999999999999,move,improve
2864,11,6179.600000000001,5,765.5999999999999,swap,improve
2865,11,6179.600000000001,5,765.5999999999999,swap,improve
2866,11,6179.600000000001,5,765.5999999999999,move,improve
2867,11,6267.5999999999985,5,765.5999999999999,2opt,acceptBad
2868,11,6267.5999999999985,5,765.5999999999999,move,improve
2869,11,6267.6,5,765.5999999999999,2opt,acceptBad
2870,11,6267.6,5,765.5999999999999,move,improve
2871,11,6086.599999999999,5,765.5999999999999,swap,improve
2872,11,6086.599999999999,5,765.5999999999999,2opt,notBad
2873,11,6086.599999999999,5,765.5999999999999,move,improve
2874,11,6086.599999999999,5,765.5999999999999,2opt,notBad
2875,11,6086.599999999999,5,765.5999999999999,swap,improve
2876,11,6086.599999999999,5,765.5999999999999,move,improve
2877,11,6086.599999999999,5,765.5999999999999,move,improve
2878,11,6086.599999999999,5,765.5999999999999,2opt,notBad
2879,11,5937.999999999999,5,765.5999999999999,move,improve
2880,11,5937.999999999999,5,765.5999999999999,move,improve
2881,11,5937.999999999999,5,765.5999999999999,2opt,notBad
2882,11,6070.399999999999,5,765.5999999999999,2opt,acceptBad
2883,11,6070.399999999998,5,765.5999999999999,2opt,improve
2884,11,6070.399999999998,5,765.5999999999999,2opt,notBad
2885,11,6070.399999999999,5,765.5999999999999,2opt,acceptBad
2886,11,6344.200000000001,5,765.5999999999999,swap,acceptBad
2887,11,6344.200000000001,5,765.5999999999999,2opt,notBad
2888,11,6344.200000000001,5,765.5999999999999,move,improve
2889,11,6344.200000000001,5,765.5999999999999,move,improve
2890,11,6344.200000000001,5,765.5999999999999,swap,notBad
2891,11,6344.2,5,765.5999999999999,swap,improve
2892,11,6344.2,5,765.5999999999999,2opt,improve
2893,11,6290.4,5,765.5999999999999,move,improve
2894,11,6290.4,5,765.5999999999999,2opt,improve
2895,11,6290.4,5,765.5999999999999,move,improve
2896,11,6290.4,5,765.5999999999999,2opt,improve
2897,11,6290.4,5,765.5999999999999,move,improve
2898,11,6290.4,5,765.5999999999999,swap,improve
2899,11,6290.400000000001,5,765.5999999999999,2opt,acceptBad
2900,11,6290.400000000001,5,765.5999999999999,swap,notBad
2901,11,6290.400000000001,5,765.5999999999999,move,improve
2902,11,6587.2,5,765.5999999999999,swap,acceptBad
2903,11,6568.0,5,765.5999999999999,swap,improve
2904,11,6512.0,5,765.5999999999999,move,improve
2905,11,6512.0,5,765.5999999999999,2opt,improve
2906,11,6512.0,5,765.5999999999999,2opt,notBad
2907,11,6512.0,5,765.5999999999999,2opt,notBad
2908,11,6512.0,5,765.5999999999999,move,improve
2909,11,6312.0,5,765.5999999999999,swap,improve
2910,11,6312.0,5,765.5999999999999,move,improve
2911,11,6312.0,5,765.5999999999999,move,improve
2912,11,5884.599999999999,5,765.5999999999999,2opt,improve
2913,11,5884.599999999999,5,765.5999999999999,2opt,improve
2914,11,5884.599999999999,5,765.5999999999999,move,notBad
2915,11,5884.599999999999,5,765.5999999999999,move,improve
2916,11,5884.599999999999,5,765.5999999999999,move,improve
2917,11,5884.599999999999,5,765.5999999999999,swap,improve
2918,11,5884.599999999999,5,765.5999999999999,move,improve
2919,11,5884.6,5,765.5999999999999,2opt,acceptBad
2920,11,5884.6,5,765.5999999999999,2opt,improve
2921,11,5884.6,5,765.5999999999999,move,improve
2922,11,5884.6,5,765.5999999999999,swap,improve
2923,11,5822.199999999999,5,765.5999999999999,move,improve
2924,11,5782.5999999999985,5,765.5999999999999,swap,improve
2925,11,5782.5999999999985,5,765.5999999999999,2opt,improve
2926,11,5782.6,5,765.5999999999999,2opt,acceptBad
2927,11,5782.6,5,765.5999999999999,swap,improve
2928,11,5782.6,5,765.5999999999999,2opt,notBad
2929,11,5782.6,5,765.5999999999999,swap,notBad
2930,11,5782.6,5,765.5999999999999,swap,notBad
2931,11,6282.200000000001,5,765.5999999999999,move,acceptBad
2932,11,6282.200000000001,5,765.5999999999999,move,improve
2933,11,6669.600000000002,5,765.5999999999999,swap,acceptBad
2934,11,6669.600000000002,5,765.5999999999999,swap,improve
2935,11,6669.600000000002,5,765.5999999999999,move,improve
2936,11,6669.600000000002,5,765.5999999999999,swap,improve
2937,11,6669.600000000002,5,765.5999999999999,swap,notBad
2938,11,6669.600000000002,5,765.5999999999999,swap,improve
2939,11,6279.800000000001,5,765.5999999999999,2opt,improve
2940,11,6279.800000000001,5,765.5999999999999,2opt,notBad
2941,11,6279.800000000003,5,765.5999999999999,swap,acceptBad
2942,11,6279.800000000003,5,765.5999999999999,2opt,improve
2943,11,6669.600000000003,5,765.5999999999999,swap,acceptBad
2944,11,6669.600000000003,5,765.5999999999999,swap,improve
2945,11,6669.600000000002,5,765.5999999999999,2opt,improve
2946,11,6669.600000000002,5,765.5999999999999,move,improve
2947,11,6669.600000000002,5,765.5999999999999,2opt,improve
2948,11,6669.600000000002,5,765.5999999999999,2opt,notBad
2949,11,6669.600000000002,5,765.5999999999999,move,improve
2950,11,6669.600000000002,5,765.5999999999999,swap,improve
2951,11,6669.600000000002,5,765.5999999999999,move,improve
2952,11,6669.600000000002,5,765.5999999999999,2opt,improve
2953,11,6669.600000000002,5,765.5999999999999,move,improve
2954,11,6715.4000000000015,5,765.5999999999999,swap,acceptBad
2955,11,6715.4000000000015,5,765.5999999999999,swap,improve
2956,11,6715.4000000000015,5,765.5999999999999,2opt,notBad
2957,11,6715.4000000000015,5,765.5999999999999,swap,improve
2958,11,6715.4000000000015,5,765.5999999999999,2opt,improve
2959,11,6715.4000000000015,5,765.5999999999999,2opt,notBad
2960,11,6715.4000000000015,5,765.5999999999999,2opt,improve
2961,11,6715.4000000000015,5,765.5999999999999,swap,improve
2962,11,6715.4000000000015,5,765.5999999999999,move,improve
2963,11,6715.4000000000015,5,765.5999999999999,2opt,notBad
2964,11,6715.4000000000015,5,765.5999999999999,move,improve
2965,11,6715.4000000000015,5,765.5999999999999,move,improve
2966,11,6715.4000000000015,5,765.5999999999999,move,improve
2967,11,6715.4000000000015,5,765.5999999999999,swap,improve
2968,11,6715.4000000000015,5,765.5999999999999,2opt,improve
2969,11,6715.4000000000015,5,765.5999999999999,2opt,improve
2970,11,6174.800000000001,5,765.5999999999999,move,improve
2971,11,6174.800000000001,5,765.5999999999999,move,improve
2972,11,6174.8,5,765.5999999999999,swap,improve
2973,11,6174.799999999999,5,765.5999999999999,2opt,improve
2974,11,6174.8,5,765.5999999999999,2opt,acceptBad
2975,11,5640.799999999998,5,765.5999999999999,move,improve
2976,11,5640.799999999998,5,765.5999999999999,swap,improve
2977,11,5640.799999999998,5,765.5999999999999,move,improve
2978,11,5640.799999999998,5,765.5999999999999,swap,improve
2979,11,5640.799999999998,5,765.5999999999999,2opt,improve
2980,11,5640.799999999998,5,765.5999999999999,move,improve
2981,11,5640.799999999998,5,765.5999999999999,2opt,notBad
2982,11,5899.199999999997,5,765.5999999999999,swap,acceptBad
2983,11,5899.199999999998,5,765.5999999999999,2opt,acceptBad
2984,11,5899.199999999998,5,765.5999999999999,swap,improve
2985,11,5899.199999999998,5,765.5999999999999,move,improve
2986,11,5899.199999999998,5,765.5999999999999,move,improve
2987,11,5866.799999999999,5,765.5999999999999,move,improve
2988,11,5866.799999999999,5,765.5999999999999,move,improve
2989,11,5866.799999999999,5,765.5999999999999,move,improve
2990,11,6172.600000000001,5,765.5999999999999,swap,acceptBad
2991,11,6172.600000000001,5,765.5999999999999,move,improve
2992,11,6172.600000000001,5,765.5999999999999,2opt,improve
2993,11,6172.600000000001,5,765.5999999999999,move,improve
2994,11,6172.600000000001,5,765.5999999999999,2opt,notBad
2995,11,6554.8,5,765.5999999999999,2opt,acceptBad
2996,11,6554.8,5,765.5999999999999,2opt,improve
2997,11,7270.8,5,765.5999999999999,swap,acceptBad
2998,11,7270.799999999999,5,765.5999999999999,2opt,improve
2999,11,6897.8,5,765.5999999999999,move,improve
3000,11,6897.8,5,765.5999999999999,move,improve
3001,11,6897.8,5,765.5999999999999,2opt,improve
3002,11,6897.8,5,765.5999999999999,swap,improve
3003,11,6897.8,5,765.5999999999999,move,improve
3004,11,6897.8,5,765.5999999999999,2opt,notBad
3005,11,6897.8,5,765.5999999999999,swap,notBad
3006,11,6897.8,5,765.5999999999999,swap,improve
3007,11,6897.8,5,765.5999999999999,2opt,notBad
3008,11,6897.8,5,765.5999999999999,swap,improve
3009,11,6897.8,5,765.5999999999999,swap,notBad
3010,11,6689.600000000002,5,765.5999999999999,move,improve
3011,11,6757.600000000002,5,765.5999999999999,swap,acceptBad
3012,11,6757.600000000002,5,765.5999999999999,move,improve
3013,11,6757.600000000002,5,765.5999999999999,2opt,improve
3014,11,6757.600000000002,5,765.5999999999999,move,improve
3015,11,6757.600000000002,5,765.5999999999999,move,improve
3016,11,6757.600000000002,5,765.5999999999999,2opt,improve
3017,11,6757.600000000002,5,765.5999999999999,2opt,notBad
3018,11,6757.600000000002,5,765.5999999999999,2opt,notBad
3019,11,6813.600000000002,5,765.5999999999999,swap,acceptBad
3020,11,6813.600000000002,5,765.5999999999999,swap,improve
3021,11,6786.800000000001,5,765.5999999999999,move,improve
3022,11,6280.799999999998,5,765.5999999999999,move,improve
3023,11,6280.799999999998,5,765.5999999999999,move,improve
3024,11,6280.799999999997,5,765.5999999999999,2opt,improve
3025,11,6280.799999999997,5,765.5999999999999,move,improve
3026,11,6420.799999999997,5,765.5999999999999,swap,acceptBad
3027,11,6420.799999999997,5,765.5999999999999,2opt,notBad
3028,11,6420.799999999997,5,765.5999999999999,swap,improve
3029,11,6420.799999999997,5,765.5999999999999,swap,improve
3030,11,6420.799999999997,5,765.5999999999999,move,improve
3031,11,6420.799999999997,5,765.5999999999999,2opt,improve
3032,11,6420.799999999997,5,765.5999999999999,2opt,notBad
3033,11,6457.399999999998,5,765.5999999999999,swap,acceptBad
3034,11,6457.399999999999,5,765.5999999999999,2opt,acceptBad
3035,11,6457.399999999999,5,765.5999999999999,2opt,notBad
3036,11,6612.199999999999,5,765.5999999999999,swap,acceptBad
3037,11,6612.199999999999,5,765.5999999999999,2opt,improve
3038,11,6612.199999999999,5,765.5999999999999,2opt,notBad
3039,11,6612.199999999999,5,765.5999999999999,move,improve
3040,11,6612.199999999999,5,765.5999999999999,swap,improve
3041,11,6612.199999999999,5,765.5999999999999,swap,improve
3042,11,6612.199999999999,5,765.5999999999999,move,improve
3043,11,6423.799999999999,5,765.5999999999999,swap,improve
3044,11,6423.799999999999,5,765.5999999999999,swap,improve
3045,11,6423.799999999999,5,765.5999999999999,move,improve
3046,11,6423.799999999999,5,765.5999999999999,2opt,notBad
3047,11,6412.399999999999,5,765.5999999999999,move,improve
3048,11,6412.399999999999,5,765.5999999999999,2opt,improve
3049,11,6412.399999999999,5,765.5999999999999,2opt,notBad
3050,11,6412.399999999999,5,765.5999999999999,2opt,notBad
3051,11,6412.399999999999,5,765.5999999999999,swap,improve
3052,11,6412.399999999999,5,765.5999999999999,2opt,improve
3053,11,6412.399999999999,5,765.5999999999999,move,improve
3054,11,6412.399999999999,5,765.5999999999999,swap,improve
3055,11,6412.399999999999,5,765.5999999999999,move,improve
3056,11,6412.399999999999,5,765.5999999999999,swap,improve
3057,11,6397.400000000001,5,765.5999999999999,move,improve
3058,11,6397.400000000001,5,765.5999999999999,move,improve
3059,11,6397.400000000001,5,765.5999999999999,swap,improve
3060,11,6397.400000000001,5,765.5999999999999,move,improve
3061,11,6397.400000000001,5,765.5999999999999,move,improve
3062,11,6397.400000000001,5,765.5999999999999,swap,improve
3063,11,6397.400000000001,5,765.5999999999999,move,improve
3064,11,6397.400000000001,5,765.5999999999999,2opt,improve
3065,11,6456.8,5,765.5999999999999,swap,acceptBad
3066,11,6456.8,5,765.5999999999999,swap,improve
3067,11,6456.8,5,765.5999999999999,swap,improve
3068,11,6456.8,5,765.5999999999999,2opt,improve
3069,10,5006.7,5,765.5999999999999,move,improve
3070,10,5006.7,5,765.5999999999999,2opt,improve
3071,10,5006.7,5,765.5999999999999,swap,improve
3072,10,5006.7,5,765.5999999999999,swap,improve
3073,10,5006.7,5,765.5999999999999,move,improve
3074,10,4943.7,5,765.5999999999999,move,improve
3075,10,4943.7,5,765.5999999999999,swap,improve
3076,10,4865.299999999999,5,765.5999999999999,swap,improve
3077,10,4865.299999999999,5,765.5999999999999,swap,improve
3078,10,4865.299999999999,5,765.5999999999999,swap,improve
3079,10,4865.299999999999,5,765.5999999999999,move,improve
3080,10,4716.799999999998,5,765.5999999999999,2opt,improve
3081,10,4716.799999999998,5,765.5999999999999,2opt,improve
3082,10,4716.799999999998,5,765.5999999999999,2opt,notBad
3083,10,4716.799999999998,5,765.5999999999999,move,improve
3084,10,4716.799999999998,5,765.5999999999999,swap,notBad
3085,10,4716.799999999998,5,765.5999999999999,2opt,notBad
3086,10,4738.199999999999,5,765.5999999999999,2opt,acceptBad
3087,10,4738.199999999999,5,765.5999999999999,swap,improve
3088,10,4738.199999999999,5,765.5999999999999,2opt,notBad
3089,10,4738.199999999999,5,765.5999999999999,swap,notBad
3090,10,4738.199999999999,5,765.5999999999999,swap,improve
3091,10,4738.199999999999,5,765.5999999999999,2opt,improve
3092,10,5086.499999999999,5,765.5999999999999,swap,acceptBad
3093,10,5086.499999999999,5,765.5999999999999,move,improve
3094,10,5086.499999999999,5,765.5999999999999,2opt,improve
3095,10,5086.499999999999,5,765.5999999999999,2opt,improve
3096,10,5086.499999999999,5,765.5999999999999,move,improve
3097,10,4881.699999999999,5,765.5999999999999,move,improve
3098,10,4881.699999999999,5,765.5999999999999,move,improve
3099,10,4881.699999999999,5,765.5999999999999,swap,notBad
3100,10,4881.699999999999,5,765.5999999999999,2opt,improve
3101,10,4881.699999999999,5,765.5999999999999,swap,improve
3102,10,4967.999999999999,5,765.5999999999999,2opt,acceptBad
3103,10,4869.299999999999,5,765.5999999999999,2opt,improve
3104,10,4869.299999999999,5,765.5999999999999,swap,improve
3105,10,4824.8,5,765.5999999999999,2opt,improve
3106,10,4824.8,5,765.5999999999999,move,improve
3107,10,4824.8,5,765.5999999999999,move,improve
3108,10,4824.8,5,765.5999999999999,swap,improve
3109,10,4824.8,5,765.5999999999999,2opt,notBad
3110,10,4824.8,5,765.5999999999999,2opt,notBad
3111,10,4824.8,5,765.5999999999999,move,improve
3112,10,4824.8,5,765.5999999999999,move,improve
3113,10,4824.8,5,765.5999999999999,move,improve
3114,10,4824.8,5,765.5999999999999,2opt,improve
3115,10,4824.8,5,765.5999999999999,2opt,notBad
3116,10,4824.8,5,765.5999999999999,2opt,improve
3117,10,4824.8,5,765.5999999999999,move,improve
3118,10,4824.8,5,765.5999999999999,move,improve
3119,10,4923.5,5,765.5999999999999,swap,acceptBad
3120,10,4923.5,5,765.5999999999999,move,improve
3121,10,4923.5,5,765.5999999999999,move,improve
3122,10,4923.5,5,765.5999999999999,move,improve
3123,10,4923.5,5,765.5999999999999,2opt,improve
3124,10,4923.5,5,765.5999999999999,move,improve
3125,10,4923.5,5,765.5999999999999,swap,improve
3126,10,4923.5,5,765.5999999999999,2opt,notBad
3127,10,4923.5,5,765.5999999999999,move,improve
3128,10,4820.699999999999,5,765.5999999999999,swap,improve
3129,10,4820.699999999999,5,765.5999999999999,move,improve
3130,10,4820.699999999999,5,765.5999999999999,swap,improve
3131,10,4820.699999999999,5,765.5999999999999,move,improve
3132,10,4820.699999999999,5,765.5999999999999,2opt,notBad
3133,10,4820.699999999999,5,765.5999999999999,2opt,notBad
3134,10,4820.699999999999,5,765.5999999999999,swap,improve
3135,10,4820.699999999999,5,765.5999999999999,move,improve
3136,10,4820.699999999999,5,765.5999999999999,2opt,improve
3137,10,4820.699999999999,5,765.5999999999999,2opt,improve
3138,10,4820.699999999999,5,765.5999999999999,swap,improve
3139,10,5172.799999999999,5,765.5999999999999,swap,acceptBad
3140,10,4820.699999999999,5,765.5999999999999,move,improve
3141,10,4820.699999999999,5,765.5999999999999,2opt,notBad
3142,10,4820.699999999999,5,765.5999999999999,swap,improve
3143,10,4820.699999999999,5,765.5999999999999,swap,improve
3144,10,4820.699999999999,5,765.5999999999999,move,improve
3145,10,4820.7,5,765.5999999999999,2opt,acceptBad
3146,10,4820.700000000001,5,765.5999999999999,swap,acceptBad
3147,10,4820.700000000001,5,765.5999999999999,move,improve
3148,10,4820.7,5,765.5999999999999,2opt,improve
3149,10,4820.7,5,765.5999999999999,2opt,notBad
3150,10,4820.7,5,765.5999999999999,move,improve
3151,10,4820.7,5,765.5999999999999,swap,improve
3152,10,4820.7,5,765.5999999999999,2opt,improve
3153,10,4820.7,5,765.5999999999999,swap,improve
3154,10,4820.7,5,765.5999999999999,swap,notBad
3155,10,4820.7,5,765.5999999999999,move,improve
3156,10,5020.5,5,765.5999999999999,swap,acceptBad
3157,10,5020.5,5,765.5999999999999,2opt,improve
3158,10,5020.5,5,765.5999999999999,swap,improve
3159,10,5020.5,5,765.5999999999999,2opt,improve
3160,10,5020.5,5,765.5999999999999,2opt,improve
3161,10,5020.5,5,765.5999999999999,swap,improve
3162,10,5020.5,5,765.5999999999999,2opt,improve
3163,10,5020.5,5,765.5999999999999,2opt,notBad
3164,10,5020.5,5,765.5999999999999,move,improve
3165,10,5020.5,5,765.5999999999999,swap,improve
3166,10,5020.5,5,765.5999999999999,2opt,notBad
3167,10,5325.1,5,765.5999999999999,swap,acceptBad
3168,10,5325.1,5,765.5999999999999,move,improve
3169,10,5001.9,5,765.5999999999999,move,improve
3170,10,5001.9,5,765.5999999999999,swap,improve
3171,10,5001.9,5,765.5999999999999,move,improve
3172,10,5001.9,5,765.5999999999999,swap,improve
3173,10,5001.9,5,765.5999999999999,2opt,notBad
3174,10,5001.9,5,765.5999999999999,swap,improve
3175,10,5001.9,5,765.5999999999999,move,improve
3176,10,5001.9,5,765.5999999999999,move,improve
3177,10,5001.9,5,765.5999999999999,swap,improve
3178,10,5001.9,5,765.5999999999999,move,notBad
3179,10,5001.9,5,765.5999999999999,2opt,improve
3180,10,5001.9,5,765.5999999999999,swap,improve
3181,10,5001.9,5,765.5999999999999,swap,improve
3182,10,5001.9,5,765.5999999999999,swap,improve
3183,10,5001.9,5,765.5999999999999,move,improve
3184,10,4994.3,5,765.5999999999999,2opt,improve
3185,10,4994.3,5,765.5999999999999,move,improve
3186,10,4994.3,5,765.5999999999999,move,improve
3187,10,4994.3,5,765.5999999999999,move,improve
3188,10,4994.3,5,765.5999999999999,move,improve
3189,10,4994.3,5,765.5999999999999,move,improve
3190,10,4994.3,5,765.5999999999999,move,improve
3191,10,4994.3,5,765.5999999999999,move,improve
3192,10,4994.3,5,765.5999999999999,2opt,improve
3193,10,4994.3,5,765.5999999999999,2opt,notBad
3194,10,4994.3,5,765.5999999999999,move,improve
3195,10,4994.3,5,765.5999999999999,move,improve
3196,10,4994.3,5,765.5999999999999,swap,improve
3197,10,4994.3,5,765.5999999999999,move,improve
3198,10,4994.299999999999,5,765.5999999999999,swap,improve
3199,10,4994.3,5,765.5999999999999,2opt,acceptBad
3200,10,4994.3,5,765.5999999999999,2opt,improve
3201,10,4994.3,5,765.5999999999999,2opt,improve
3202,10,4994.3,5,765.5999999999999,swap,improve
3203,10,4994.3,5,765.5999999999999,swap,improve
3204,10,4994.3,5,765.5999999999999,swap,improve
3205,10,4994.3,5,765.5999999999999,swap,improve
3206,10,4994.3,5,765.5999999999999,move,improve
3207,10,4994.3,5,765.5999999999999,swap,improve
3208,10,4994.3,5,765.5999999999999,2opt,improve
3209,10,4994.3,5,765.5999999999999,2opt,notBad
3210,10,4994.3,5,765.5999999999999,swap,improve
3211,10,4994.3,5,765.5999999999999,2opt,improve
3212,10,4994.3,5,765.5999999999999,2opt,improve
3213,10,4994.3,5,765.5999999999999,move,improve
3214,10,4994.3,5,765.5999999999999,swap,improve
3215,10,4931.3,5,765.5999999999999,move,improve
3216,10,4763.0,5,765.5999999999999,move,improve
3217,10,4931.3,5,765.5999999999999,swap,acceptBad
3218,10,4536.2,5,765.5999999999999,move,improve
3219,10,4536.200000000001,5,765.5999999999999,2opt,acceptBad
3220,10,4536.200000000001,5,765.5999999999999,move,improve
3221,10,4536.200000000001,5,765.5999999999999,move,improve
3222,10,4536.200000000001,5,765.5999999999999,swap,improve
3223,10,4536.200000000001,5,765.5999999999999,move,improve
3224,10,4536.200000000001,5,765.5999999999999,move,improve
3225,10,4536.200000000001,5,765.5999999999999,move,improve
3226,10,4536.200000000001,5,765.5999999999999,swap,improve
3227,10,4536.200000000001,5,765.5999999999999,swap,improve
3228,10,4536.200000000001,5,765.5999999999999,move,improve
3229,10,4536.200000000001,5,765.5999999999999,move,improve
3230,10,4536.200000000001,5,765.5999999999999,move,improve
3231,10,4536.200000000001,5,765.5999999999999,swap,improve
3232,10,4536.200000000001,5,765.5999999999999,move,improve
3233,10,4536.200000000001,5,765.5999999999999,move,improve
3234,10,4873.2,5,765.5999999999999,swap,acceptBad
3235,10,4873.2,5,765.5999999999999,2opt,improve
3236,10,4873.2,5,765.5999999999999,swap,improve
3237,10,4873.2,5,765.5999999999999,move,improve
3238,10,4873.2,5,765.5999999999999,2opt,notBad
3239,10,4873.2,5,765.5999999999999,swap,improve
3240,10,4873.2,5,765.5999999999999,2opt,notBad
3241,10,4873.2,5,765.5999999999999,move,improve
3242,10,4873.2,5,765.5999999999999,2opt,improve
3243,10,4873.200000000002,5,765.5999999999999,2opt,acceptBad
3244,10,4873.200000000002,5,765.5999999999999,move,improve
3245,10,4873.200000000002,5,765.5999999999999,2opt,notBad
3246,10,4873.200000000002,5,765.5999999999999,2opt,improve
3247,10,4579.300000000001,5,765.5999999999999,swap,improve
3248,10,4579.300000000001,5,765.5999999999999,move,improve
3249,10,4579.300000000001,5,765.5999999999999,swap,improve
3250,10,4579.300000000001,5,765.5999999999999,move,improve
3251,10,4579.300000000001,5,765.5999999999999,move,improve
3252,10,4579.300000000001,5,765.5999999999999,move,improve
3253,10,4579.300000000001,5,765.5999999999999,2opt,notBad
3254,10,4579.300000000001,5,765.5999999999999,move,improve
3255,10,4579.300000000001,5,765.5999999999999,swap,improve
3256,10,4579.300000000001,5,765.5999999999999,2opt,improve
3257,10,4579.300000000001,5,765.5999999999999,2opt,improve
3258,10,4579.300000000001,5,765.5999999999999,swap,improve
3259,10,4579.300000000001,5,765.5999999999999,2opt,improve
3260,10,4579.300000000001,5,765.5999999999999,2opt,improve
3261,10,4579.300000000001,5,765.5999999999999,move,improve
3262,10,4579.300000000001,5,765.5999999999999,2opt,improve
3263,10,4579.300000000001,5,765.5999999999999,swap,improve
3264,10,4579.300000000001,5,765.5999999999999,2opt,improve
3265,10,4579.300000000001,5,765.5999999999999,2opt,notBad
3266,10,4579.300000000001,5,765.5999999999999,move,improve
3267,10,4716.9000000000015,5,765.5999999999999,swap,acceptBad
3268,10,4589.800000000001,5,765.5999999999999,swap,improve
3269,10,4589.800000000001,5,765.5999999999999,swap,improve
3270,10,4589.800000000001,5,765.5999999999999,2opt,improve
3271,10,4589.800000000001,5,765.5999999999999,2opt,notBad
3272,10,4589.800000000001,5,765.5999999999999,2opt,notBad
3273,10,4589.800000000001,5,765.5999999999999,2opt,improve
3274,10,4589.800000000001,5,765.5999999999999,2opt,notBad
3275,10,4597.1,5,765.5999999999999,2opt,acceptBad
3276,10,4597.1,5,765.5999999999999,move,improve
3277,10,4597.1,5,765.5999999999999,2opt,notBad
3278,10,4597.100000000001,5,765.5999999999999,2opt,acceptBad
3279,10,4597.100000000001,5,765.5999999999999,move,improve
3280,10,4597.100000000001,5,765.5999999999999,move,improve
3281,10,4724.200000000001,5,765.5999999999999,swap,acceptBad
3282,10,4724.200000000001,5,765.5999999999999,swap,improve
3283,10,4724.200000000001,5,765.5999999999999,move,improve
3284,10,4724.200000000001,5,765.5999999999999,2opt,notBad
3285,10,4724.200000000001,5,765.5999999999999,move,improve
3286,10,4724.200000000001,5,765.5999999999999,2opt,improve
3287,10,4724.200000000001,5,765.5999999999999,move,improve
3288,10,5004.0,5,765.5999999999999,swap,acceptBad
3289,10,5004.0,5,765.5999999999999,2opt,improve
3290,10,5004.0,5,765.5999999999999,2opt,improve
3291,10,5004.0,5,765.5999999999999,move,improve
3292,10,5004.0,5,765.5999999999999,move,improve
3293,10,4988.0,5,765.5999999999999,swap,improve
3294,10,4988.0,5,765.5999999999999,2opt,improve
3295,10,4988.0,5,765.5999999999999,move,improve
3296,10,4988.0,5,765.5999999999999,move,improve
3297,10,5034.0,5,765.5999999999999,swap,acceptBad
3298,10,5034.0,5,765.5999999999999,2opt,notBad
3299,10,5034.0,5,765.5999999999999,swap,improve
3300,10,5034.0,5,765.5999999999999,move,improve
3301,10,5034.0,5,765.5999999999999,swap,improve
3302,10,5253.5,5,765.5999999999999,2opt,acceptBad
3303,10,5253.5,5,765.5999999999999,2opt,notBad
3304,10,5253.5,5,765.5999999999999,2opt,improve
3305,10,5253.5,5,765.5999999999999,move,improve
3306,10,5253.5,5,765.5999999999999,2opt,notBad
3307,10,5057.899999999999,5,765.5999999999999,2opt,improve
3308,10,5057.899999999999,5,765.5999999999999,swap,improve
3309,10,5057.899999999999,5,765.5999999999999,swap,notBad
3310,10,5057.899999999999,5,765.5999999999999,swap,improve
3311,10,5057.9,5,765.5999999999999,2opt,acceptBad
3312,10,5057.900000000002,5,765.5999999999999,2opt,acceptBad
3313,10,4978.900000000002,5,765.5999999999999,move,improve
3314,10,4978.900000000002,5,765.5999999999999,2opt,notBad
3315,10,4978.900000000002,5,765.5999999999999,swap,improve
3316,10,4978.900000000002,5,765.5999999999999,2opt,notBad
3317,10,5081.5,5,765.5999999999999,2opt,acceptBad
3318,10,5081.5,5,765.5999999999999,2opt,notBad
3319,10,5081.5,5,765.5999999999999,2opt,notBad
3320,10,5081.5,5,765.5999999999999,swap,improve
3321,10,5081.5,5,765.5999999999999,swap,notBad
3322,10,5081.5,5,765.5999999999999,move,improve
3323,10,5005.8,5,765.5999999999999,2opt,improve
3324,10,4976.400000000001,5,765.5999999999999,swap,improve
3325,10,4966.9,5,765.5999999999999,move,improve
3326,10,4966.9,5,765.5999999999999,move,improve
3327,10,4945.1,5,765.5999999999999,swap,improve
3328,10,4945.1,5,765.5999999999999,swap,improve
3329,10,4945.1,5,765.5999999999999,2opt,notBad
3330,10,4945.1,5,765.5999999999999,move,improve
3331,10,4976.400000000001,5,765.5999999999999,2opt,acceptBad
3332,10,4976.400000000001,5,765.5999999999999,2opt,improve
3333,10,4976.400000000001,5,765.5999999999999,move,improve
3334,10,4976.400000000001,5,765.5999999999999,swap,notBad
3335,10,5060.1,5,765.5999999999999,swap,acceptBad
3336,10,5060.1,5,765.5999999999999,swap,improve
3337,10,5060.1,5,765.5999999999999,move,improve
3338,10,5092.5,5,765.5999999999999,swap,acceptBad
3339,10,5092.5,5,765.5999999999999,move,improve
3340,10,5092.5,5,765.5999999999999,swap,improve
3341,10,5092.5,5,765.5999999999999,swap,improve
3342,10,5092.5,5,765.5999999999999,move,improve
3343,10,5092.5,5,765.5999999999999,move,improve
3344,10,5052.000000000001,5,765.5999999999999,swap,improve
3345,10,5052.000000000001,5,765.5999999999999,move,improve
3346,10,5052.000000000002,5,765.5999999999999,2opt,acceptBad
3347,10,5052.000000000002,5,765.5999999999999,2opt,notBad
3348,10,5052.000000000002,5,765.5999999999999,swap,improve
3349,10,5052.000000000002,5,765.5999999999999,move,improve
3350,10,5052.000000000002,5,765.5999999999999,2opt,improve
3351,10,5052.000000000002,5,765.5999999999999,move,improve
3352,10,5052.000000000002,5,765.5999999999999,move,improve
3353,10,5052.000000000002,5,765.5999999999999,swap,improve
3354,10,5052.000000000002,5,765.5999999999999,move,improve
3355,10,5052.000000000002,5,765.5999999999999,move,improve
3356,10,5093.4,5,765.5999999999999,swap,acceptBad
3357,10,5093.4,5,765.5999999999999,2opt,notBad
3358,10,5093.4,5,765.5999999999999,move,improve
3359,10,5093.4,5,765.5999999999999,2opt,improve
3360,10,5093.4,5,765.5999999999999,swap,improve
3361,10,5093.4,5,765.5999999999999,2opt,notBad
3362,10,5093.4,5,765.5999999999999,move,improve
3363,10,5093.4,5,765.5999999999999,move,improve
3364,10,5093.4,5,765.5999999999999,swap,improve
3365,10,5093.4,5,765.5999999999999,move,improve
3366,10,5093.4,5,765.5999999999999,move,improve
3367,10,5093.4,5,765.5999999999999,2opt,notBad
3368,10,5159.699999999999,5,765.5999999999999,2opt,acceptBad
3369,10,5159.699999999999,5,765.5999999999999,swap,notBad
3370,10,5159.699999999999,5,765.5999999999999,move,improve
3371,10,5159.699999999999,5,765.5999999999999,move,improve
3372,10,5159.699999999999,5,765.5999999999999,2opt,notBad
3373,10,5159.699999999999,5,765.5999999999999,swap,improve
3374,10,5159.699999999999,5,765.5999999999999,move,improve
3375,10,5159.699999999999,5,765.5999999999999,move,improve
3376,10,5171.099999999999,5,765.5999999999999,swap,acceptBad
3377,10,5442.9,5,765.5999999999999,swap,acceptBad
3378,10,5442.9,5,765.5999999999999,move,improve
3379,10,5442.9,5,765.5999999999999,2opt,notBad
3380,10,5442.9,5,765.5999999999999,2opt,improve
3381,10,5442.9,5,765.5999999999999,2opt,improve
3382,10,5442.9,5,765.5999999999999,2opt,improve
3383,10,5442.9,5,765.5999999999999,move,improve
3384,10,5396.000000000001,5,765.5999999999999,swap,improve
3385,10,5396.000000000002,5,765.5999999999999,2opt,acceptBad
3386,10,5396.000000000002,5,765.5999999999999,move,improve
3387,10,5396.000000000002,5,765.5999999999999,swap,improve
3388,10,5396.000000000002,5,765.5999999999999,swap,improve
3389,10,5487.899999999999,5,765.5999999999999,2opt,acceptBad
3390,10,5487.899999999999,5,765.5999999999999,move,improve
3391,10,5487.899999999999,5,765.5999999999999,move,improve
3392,10,5222.2,5,765.5999999999999,move,improve
3393,10,5222.2,5,765.5999999999999,swap,improve
3394,10,5222.2,5,765.5999999999999,swap,notBad
3395,10,5222.2,5,765.5999999999999,move,improve
3396,10,5204.3,5,765.5999999999999,move,improve
3397,10,5204.3,5,765.5999999999999,move,improve
3398,10,5204.3,5,765.5999999999999,move,improve
3399,10,5204.3,5,765.5999999999999,swap,notBad
3400,10,5110.5,5,765.5999999999999,2opt,improve
3401,10,5110.5,5,765.5999999999999,2opt,improve
3402,10,5110.5,5,765.5999999999999,2opt,improve
3403,10,5128.400000000001,5,765.5999999999999,2opt,acceptBad
3404,10,5103.900000000001,5,765.5999999999999,move,improve
3405,10,5103.900000000001,5,765.5999999999999,move,improve
3406,10,5094.599999999999,5,765.5999999999999,swap,improve
3407,10,5094.599999999999,5,765.5999999999999,swap,improve
3408,10,4982.099999999999,5,765.5999999999999,swap,improve
3409,10,4982.099999999999,5,765.5999999999999,2opt,notBad
3410,10,4982.099999999999,5,765.5999999999999,swap,improve
3411,10,4982.099999999999,5,765.5999999999999,swap,improve
3412,10,4982.099999999999,5,765.5999999999999,2opt,notBad
3413,10,4982.100000000001,5,765.5999999999999,2opt,acceptBad
3414,10,4982.100000000001,5,765.5999999999999,move,improve
3415,10,4979.700000000002,5,765.5999999999999,move,improve
3416,10,4979.700000000001,5,765.5999999999999,2opt,improve
3417,10,4979.700000000001,5,765.5999999999999,swap,improve
3418,10,4979.700000000001,5,765.5999999999999,move,improve
3419,10,4979.700000000001,5,765.5999999999999,swap,notBad
3420,10,4979.7,5,765.5999999999999,2opt,improve
3421,10,4982.099999999999,5,765.5999999999999,2opt,acceptBad
3422,10,4982.1,5,765.5999999999999,2opt,acceptBad
3423,10,5067.5,5,765.5999999999999,swap,acceptBad
3424,10,5067.5,5,765.5999999999999,swap,improve
3425,10,4979.299999999999,5,765.5999999999999,2opt,improve
3426,10,4979.299999999999,5,765.5999999999999,move,improve
3427,10,4979.299999999999,5,765.5999999999999,2opt,notBad
3428,10,4979.299999999999,5,765.5999999999999,move,improve
3429,10,4979.299999999999,5,765.5999999999999,swap,improve
3430,10,4979.299999999999,5,765.5999999999999,swap,improve
3431,10,4979.299999999999,5,765.5999999999999,move,improve
3432,10,4979.299999999999,5,765.5999999999999,2opt,notBad
3433,10,4979.299999999999,5,765.5999999999999,move,improve
3434,10,5192.799999999999,5,765.5999999999999,swap,acceptBad
3435,10,4936.0,5,765.5999999999999,move,improve
3436,10,4936.0,5,765.5999999999999,move,improve
3437,10,4936.0,5,765.5999999999999,2opt,notBad
3438,10,4936.0,5,765.5999999999999,2opt,notBad
3439,10,4936.0,5,765.5999999999999,move,improve
3440,10,4951.5,5,765.5999999999999,swap,acceptBad
3441,10,4971.999999999999,5,765.5999999999999,2opt,acceptBad
3442,10,4971.999999999999,5,765.5999999999999,move,improve
3443,10,4971.999999999999,5,765.5999999999999,swap,improve
3444,10,4951.499999999999,5,765.5999999999999,swap,improve
3445,10,4951.499999999999,5,765.5999999999999,move,improve
3446,10,4951.499999999999,5,765.5999999999999,swap,improve
3447,10,4951.499999999999,5,765.5999999999999,move,improve
3448,10,4951.499999999999,5,765.5999999999999,move,improve
3449,10,4951.499999999999,5,765.5999999999999,2opt,notBad
3450,10,4951.499999999999,5,765.5999999999999,swap,improve
3451,10,4951.499999999999,5,765.5999999999999,move,improve
3452,10,4951.499999999999,5,765.5999999999999,2opt,notBad
3453,10,4951.499999999999,5,765.5999999999999,move,improve
3454,10,4951.499999999999,5,765.5999999999999,swap,improve
3455,10,4951.499999999999,5,765.5999999999999,2opt,notBad
3456,10,4951.5,5,765.5999999999999,2opt,acceptBad
3457,10,4951.499999999999,5,765.5999999999999,2opt,improve
3458,10,4951.499999999999,5,765.5999999999999,2opt,improve
3459,10,4951.499999999999,5,765.5999999999999,move,improve
3460,10,4951.499999999999,5,765.5999999999999,move,improve
3461,10,4951.499999999999,5,765.5999999999999,move,improve
3462,10,5113.099999999999,5,765.5999999999999,swap,acceptBad
3463,10,5113.099999999999,5,765.5999999999999,move,improve
3464,10,5113.099999999999,5,765.5999999999999,swap,improve
3465,10,5084.299999999999,5,765.5999999999999,move,improve
3466,10,5084.299999999999,5,765.5999999999999,move,improve
3467,10,5107.499999999999,5,765.5999999999999,swap,acceptBad
3468,10,5107.499999999999,5,765.5999999999999,move,improve
3469,10,5107.499999999999,5,765.5999999999999,move,improve
3470,10,5107.500000000001,5,765.5999999999999,swap,acceptBad
3471,10,5084.1,5,765.5999999999999,swap,improve
3472,10,5084.1,5,765.5999999999999,swap,improve
3473,10,5082.0,5,765.5999999999999,swap,improve
3474,10,5082.000000000002,5,765.5999999999999,2opt,acceptBad
3475,10,5082.000000000002,5,765.5999999999999,move,improve
3476,10,5082.000000000002,5,765.5999999999999,swap,notBad
3477,10,5082.000000000002,5,765.5999999999999,swap,notBad
3478,10,5082.000000000002,5,765.5999999999999,move,improve
3479,10,5082.000000000002,5,765.5999999999999,2opt,improve
3480,10,5002.200000000001,5,765.5999999999999,move,improve
3481,10,5002.200000000001,5,765.5999999999999,move,improve
3482,10,4984.800000000001,5,765.5999999999999,move,improve
3483,10,5163.9,5,765.5999999999999,swap,acceptBad
3484,10,5163.9,5,765.5999999999999,2opt,notBad
3485,10,5212.9,5,765.5999999999999,swap,acceptBad
3486,10,5212.9,5,765.5999999999999,2opt,improve
3487,10,5126.9,5,765.5999999999999,move,improve
3488,10,5126.9000000000015,5,765.5999999999999,2opt,acceptBad
3489,10,5126.9000000000015,5,765.5999999999999,swap,improve
3490,10,5126.9000000000015,5,765.5999999999999,move,improve
3491,10,5039.6,5,765.5999999999999,swap,improve
3492,10,5039.6,5,765.5999999999999,2opt,improve
3493,10,5039.6,5,765.5999999999999,2opt,notBad
3494,10,5039.6,5,765.5999999999999,move,improve
3495,10,5039.6,5,765.5999999999999,move,improve
3496,10,4693.400000000001,5,765.5999999999999,swap,improve
3497,10,4693.400000000001,5,765.5999999999999,2opt,notBad
3498,10,4693.400000000001,5,765.5999999999999,move,improve
3499,10,4693.399999999999,5,765.5999999999999,2opt,improve
3500,10,4693.399999999999,5,765.5999999999999,swap,improve
3501,10,4693.399999999999,5,765.5999999999999,move,improve
3502,10,4693.399999999999,5,765.5999999999999,2opt,improve
3503,10,4693.399999999999,5,765.5999999999999,move,improve
3504,10,4693.400000000001,5,765.5999999999999,2opt,acceptBad
3505,10,4693.400000000001,5,765.5999999999999,move,improve
3506,10,4717.400000000001,5,765.5999999999999,swap,acceptBad
3507,10,4717.400000000001,5,765.5999999999999,2opt,notBad
3508,10,4717.400000000001,5,765.5999999999999,swap,improve
3509,10,4717.400000000001,5,765.5999999999999,2opt,notBad
3510,10,4717.400000000001,5,765.5999999999999,2opt,notBad
3511,10,4717.400000000001,5,765.5999999999999,move,improve
3512,10,4725.0,5,765.5999999999999,swap,acceptBad
3513,10,4725.0,5,765.5999999999999,move,improve
3514,10,4725.0,5,765.5999999999999,swap,improve
3515,10,4725.0,5,765.5999999999999,move,improve
3516,10,4725.000000000002,5,765.5999999999999,2opt,acceptBad
3517,10,4725.000000000002,5,765.5999999999999,swap,improve
3518,10,4725.000000000002,5,765.5999999999999,2opt,notBad
3519,10,4725.000000000002,5,765.5999999999999,2opt,notBad
3520,10,4725.000000000002,5,765.5999999999999,move,improve
3521,10,4725.000000000002,5,765.5999999999999,move,improve
3522,10,4725.000000000002,5,765.5999999999999,2opt,improve
3523,10,4725.000000000001,5,765.5999999999999,2opt,improve
3524,10,4725.000000000001,5,765.5999999999999,move,improve
3525,10,4725.000000000001,5,765.5999999999999,swap,improve
3526,10,4725.000000000001,5,765.5999999999999,2opt,notBad
3527,10,4725.000000000001,5,765.5999999999999,2opt,improve
3528,10,4725.000000000001,5,765.5999999999999,swap,improve
3529,10,4785.2,5,765.5999999999999,swap,acceptBad
3530,10,4785.2,5,765.5999999999999,2opt,notBad
3531,10,4785.2,5,765.5999999999999,move,improve
3532,10,4785.2,5,765.5999999999999,move,improve
3533,10,4785.2,5,765.5999999999999,swap,improve
3534,10,4785.2,5,765.5999999999999,swap,improve
3535,10,4785.2,5,765.5999999999999,2opt,notBad
3536,10,4785.2,5,765.5999999999999,2opt,notBad
3537,10,4785.2,5,765.5999999999999,move,improve
3538,10,4785.2,5,765.5999999999999,2opt,notBad
3539,10,4785.2,5,765.5999999999999,move,improve
3540,10,4785.2,5,765.5999999999999,swap,improve
3541,10,4785.2,5,765.5999999999999,move,improve
3542,10,4785.2,5,765.5999999999999,2opt,notBad
3543,10,4713.2,5,765.5999999999999,swap,improve
3544,10,4713.2,5,765.5999999999999,2opt,notBad
3545,10,4650.2,5,765.5999999999999,swap,improve
3546,10,4650.2,5,765.5999999999999,swap,improve
3547,10,4650.2,5,765.5999999999999,swap,notBad
3548,10,4650.2,5,765.5999999999999,2opt,notBad
3549,10,4650.2,5,765.5999999999999,swap,improve
3550,10,4650.2,5,765.5999999999999,2opt,notBad
3551,10,4650.2,5,765.5999999999999,2opt,improve
3552,10,4650.2,5,765.5999999999999,move,improve
3553,10,4650.2,5,765.5999999999999,2opt,improve
3554,10,4650.2,5,765.5999999999999,2opt,improve
3555,10,4650.2,5,765.5999999999999,2opt,improve
3556,10,4650.2,5,765.5999999999999,2opt,notBad
3557,10,4650.2,5,765.5999999999999,2opt,improve
3558,10,4650.2,5,765.5999999999999,move,improve
3559,10,4650.2,5,765.5999999999999,swap,improve
3560,10,4804.799999999999,5,765.5999999999999,swap,acceptBad
3561,10,4703.999999999998,5,765.5999999999999,swap,improve
3562,10,4863.299999999997,5,765.5999999999999,swap,acceptBad
3563,10,4863.299999999997,5,765.5999999999999,2opt,notBad
3564,10,4863.299999999997,5,765.5999999999999,move,improve
3565,10,4863.299999999997,5,765.5999999999999,swap,improve
3566,10,4863.299999999997,5,765.5999999999999,2opt,notBad
3567,10,4863.299999999997,5,765.5999999999999,move,improve
3568,10,4863.299999999999,5,765.5999999999999,2opt,acceptBad
3569,10,4863.299999999997,5,765.5999999999999,2opt,improve
3570,10,4941.5999999999985,5,765.5999999999999,swap,acceptBad
3571,10,4792.200000000001,5,765.5999999999999,move,improve
3572,10,4470.699999999999,5,765.5999999999999,move,improve
3573,10,4470.699999999999,5,765.5999999999999,swap,notBad
3574,10,4470.699999999999,5,765.5999999999999,move,improve
3575,10,4470.699999999999,5,765.5999999999999,swap,improve
3576,10,4470.699999999999,5,765.5999999999999,swap,improve
3577,10,4444.800000000001,5,765.5999999999999,swap,improve
3578,10,4444.800000000001,5,765.5999999999999,2opt,improve
3579,10,4444.800000000001,5,765.5999999999999,swap,notBad
3580,10,4417.200000000001,5,765.5999999999999,move,improve
3581,10,4417.200000000001,5,765.5999999999999,swap,improve
3582,10,4417.200000000001,5,765.5999999999999,2opt,notBad
3583,10,4417.200000000001,5,765.5999999999999,move,improve
3584,10,4813.200000000001,5,765.5999999999999,swap,acceptBad
3585,10,4813.200000000001,5,765.5999999999999,move,improve
3586,10,4813.200000000001,5,765.5999999999999,swap,notBad
3587,10,4813.200000000001,5,765.5999999999999,move,improve
3588,10,4842.0,5,765.5999999999999,2opt,acceptBad
3589,10,4842.0,5,765.5999999999999,swap,improve
3590,10,4842.0,5,765.5999999999999,swap,notBad
3591,10,4842.0,5,765.5999999999999,move,improve
3592,10,4842.0,5,765.5999999999999,swap,improve
3593,10,4842.0,5,765.5999999999999,move,improve
3594,10,4842.000000000002,5,765.5999999999999,2opt,acceptBad
3595,10,4842.000000000002,5,765.5999999999999,2opt,improve
3596,10,4842.000000000002,5,765.5999999999999,move,improve
3597,10,4842.000000000002,5,765.5999999999999,swap,notBad
3598,10,4842.000000000002,5,765.5999999999999,move,improve
3599,10,4842.000000000001,5,765.5999999999999,2opt,improve
3600,10,4842.000000000001,5,765.5999999999999,move,improve
3601,10,4842.000000000002,5,765.5999999999999,2opt,acceptBad
3602,10,4842.000000000002,5,765.5999999999999,move,improve
3603,10,4779.000000000002,5,765.5999999999999,swap,improve
3604,10,4779.000000000002,5,765.5999999999999,swap,improve
3605,10,4804.9000000000015,5,765.5999999999999,swap,acceptBad
3606,10,4804.9000000000015,5,765.5999999999999,move,improve
3607,10,4804.9000000000015,5,765.5999999999999,move,improve
3608,10,4804.9000000000015,5,765.5999999999999,2opt,notBad
3609,10,4804.9000000000015,5,765.5999999999999,2opt,improve
3610,10,4804.9000000000015,5,765.5999999999999,swap,notBad
3611,10,4804.9000000000015,5,765.5999999999999,swap,improve
3612,10,4804.9000000000015,5,765.5999999999999,move,improve
3613,10,4804.9000000000015,5,765.5999999999999,2opt,notBad
3614,10,4781.299999999999,5,765.5999999999999,move,improve
3615,10,4781.299999999999,5,765.5999999999999,move,improve
3616,10,4781.299999999999,5,765.5999999999999,2opt,notBad
3617,10,4840.4000000000015,5,765.5999999999999,swap,acceptBad
3618,10,4840.4000000000015,5,765.5999999999999,swap,improve
3619,10,4840.4000000000015,5,765.5999999999999,2opt,notBad
3620,10,4840.4000000000015,5,765.5999999999999,2opt,notBad
3621,10,4840.4000000000015,5,765.5999999999999,move,improve
3622,10,4840.4000000000015,5,765.5999999999999,2opt,notBad
3623,10,4840.4000000000015,5,765.5999999999999,swap,notBad
3624,10,4840.4000000000015,5,765.5999999999999,move,improve
3625,10,4840.4000000000015,5,765.5999999999999,2opt,notBad
3626,10,4840.4000000000015,5,765.5999999999999,move,improve
3627,10,4855.800000000002,5,765.5999999999999,2opt,acceptBad
3628,10,4855.800000000002,5,765.5999999999999,move,improve
3629,10,4855.800000000001,5,765.5999999999999,2opt,improve
3630,10,4855.800000000001,5,765.5999999999999,2opt,improve
3631,10,4855.800000000001,5,765.5999999999999,2opt,notBad
3632,10,4855.800000000001,5,765.5999999999999,swap,improve
3633,10,4855.800000000001,5,765.5999999999999,move,improve
3634,10,4855.800000000001,5,765.5999999999999,move,improve
3635,10,4855.800000000001,5,765.5999999999999,swap,improve
3636,10,4855.800000000001,5,765.5999999999999,swap,improve
3637,10,4855.800000000001,5,765.5999999999999,move,improve
3638,10,4855.800000000001,5,765.5999999999999,swap,improve
3639,10,4855.800000000001,5,765.5999999999999,move,improve
3640,10,4855.800000000001,5,765.5999999999999,move,improve
3641,10,4855.800000000001,5,765.5999999999999,2opt,notBad
3642,10,4855.800000000001,5,765.5999999999999,2opt,notBad
3643,10,4855.800000000001,5,765.5999999999999,2opt,notBad
3644,10,4855.800000000001,5,765.5999999999999,swap,improve
3645,10,4855.800000000001,5,765.5999999999999,2opt,notBad
3646,10,4855.800000000001,5,765.5999999999999,2opt,improve
3647,10,4855.800000000001,5,765.5999999999999,swap,improve
3648,10,4855.800000000001,5,765.5999999999999,move,notBad
3649,10,4855.800000000001,5,765.5999999999999,move,improve
3650,10,4855.800000000001,5,765.5999999999999,swap,notBad
3651,10,4855.800000000001,5,765.5999999999999,move,improve
3652,10,4855.800000000001,5,765.5999999999999,move,improve
3653,10,4855.800000000001,5,765.5999999999999,move,improve
3654,10,4855.800000000001,5,765.5999999999999,swap,improve
3655,10,5049.4000000000015,5,765.5999999999999,swap,acceptBad
3656,10,4855.800000000001,5,765.5999999999999,2opt,improve
3657,10,4855.800000000001,5,765.5999999999999,swap,improve
3658,10,4855.800000000001,5,765.5999999999999,swap,notBad
3659,10,4855.800000000001,5,765.5999999999999,2opt,improve
3660,10,4855.800000000001,5,765.5999999999999,move,improve
3661,10,4855.800000000001,5,765.5999999999999,move,improve
3662,10,4855.800000000001,5,765.5999999999999,2opt,notBad
3663,10,4855.800000000001,5,765.5999999999999,2opt,notBad
3664,10,4855.800000000001,5,765.5999999999999,swap,improve
3665,10,4855.800000000001,5,765.5999999999999,swap,improve
3666,10,4967.800000000001,5,765.5999999999999,2opt,acceptBad
3667,10,4967.800000000001,5,765.5999999999999,move,improve
3668,10,4967.800000000001,5,765.5999999999999,swap,improve
3669,10,4967.800000000001,5,765.5999999999999,2opt,notBad
3670,10,4967.800000000001,5,765.5999999999999,swap,improve
3671,10,4454.500000000002,5,765.5999999999999,swap,improve
3672,10,4454.500000000002,5,765.5999999999999,move,improve
3673,10,4454.500000000002,5,765.5999999999999,move,improve
3674,10,4454.500000000002,5,765.5999999999999,swap,improve
3675,10,4454.500000000002,5,765.5999999999999,move,improve
3676,10,4454.500000000002,5,765.5999999999999,2opt,notBad
3677,10,4454.500000000002,5,765.5999999999999,swap,improve
3678,10,4454.500000000002,5,765.5999999999999,move,improve
3679,10,4454.500000000002,5,765.5999999999999,swap,improve
3680,10,4310.500000000002,5,765.5999999999999,move,improve
3681,10,4310.500000000002,5,765.5999999999999,2opt,improve
3682,10,4310.500000000002,5,765.5999999999999,move,improve
3683,10,4310.500000000002,5,765.5999999999999,swap,improve
3684,10,4310.500000000002,5,765.5999999999999,swap,improve
3685,10,4310.500000000002,5,765.5999999999999,swap,improve
3686,10,4310.500000000002,5,765.5999999999999,move,improve
3687,10,4505.7,5,765.5999999999999,swap,acceptBad
3688,10,4505.7,5,765.5999999999999,move,improve
3689,10,4505.7,5,765.5999999999999,move,improve
3690,10,4400.099999999999,5,765.5999999999999,move,improve
3691,10,4400.099999999999,5,765.5999999999999,swap,notBad
3692,10,4400.1,5,765.5999999999999,swap,acceptBad
3693,10,4400.1,5,765.5999999999999,swap,notBad
3694,10,4400.1,5,765.5999999999999,2opt,improve
3695,10,4400.1,5,765.5999999999999,2opt,notBad
3696,10,4400.1,5,765.5999999999999,2opt,notBad
3697,10,4400.100000000001,5,765.5999999999999,2opt,acceptBad
3698,10,4400.100000000001,5,765.5999999999999,swap,improve
3699,10,4400.100000000001,5,765.5999999999999,swap,improve
3700,10,4400.100000000001,5,765.5999999999999,swap,notBad
3701,10,4400.1,5,765.5999999999999,2opt,improve
3702,10,4392.5,5,765.5999999999999,2opt,improve
3703,10,4392.5,5,765.5999999999999,move,improve
3704,10,4392.5,5,765.5999999999999,move,improve
3705,10,4392.5,5,765.5999999999999,move,improve
3706,10,4392.5,5,765.5999999999999,swap,improve
3707,10,4392.5,5,765.5999999999999,swap,improve
3708,10,4235.700000000001,5,765.5999999999999,swap,improve
3709,10,4500.499999999999,5,765.5999999999999,swap,acceptBad
3710,10,4500.499999999999,5,765.5999999999999,move,improve
3711,10,4500.499999999999,5,765.5999999999999,swap,improve
3712,10,4500.499999999999,5,765.5999999999999,swap,notBad
3713,10,4500.499999999999,5,765.5999999999999,move,improve
3714,10,4500.499999999999,5,765.5999999999999,move,improve
3715,10,4500.499999999999,5,765.5999999999999,move,improve
3716,10,4500.499999999999,5,765.5999999999999,2opt,notBad
3717,10,4500.499999999999,5,765.5999999999999,move,improve
3718,10,4500.499999999999,5,765.5999999999999,2opt,notBad
3719,10,4599.7,5,765.5999999999999,swap,acceptBad
3720,10,4508.1,5,765.5999999999999,swap,improve
3721,10,4508.1,5,765.5999999999999,2opt,improve
3722,10,4508.1,5,765.5999999999999,move,improve
3723,10,4508.1,5,765.5999999999999,move,improve
3724,10,4508.1,5,765.5999999999999,2opt,improve
3725,10,4508.1,5,765.5999999999999,move,improve
3726,10,4508.1,5,765.5999999999999,swap,improve
3727,10,4508.1,5,765.5999999999999,move,improve
3728,10,4508.1,5,765.5999999999999,swap,notBad
3729,10,4508.1,5,765.5999999999999,move,improve
3730,10,4508.1,5,765.5999999999999,2opt,notBad
3731,10,4508.1,5,765.5999999999999,swap,improve
3732,10,4508.1,5,765.5999999999999,swap,notBad
3733,10,4508.1,5,765.5999999999999,swap,notBad
3734,10,4508.1,5,765.5999999999999,2opt,notBad
3735,10,4493.6,5,765.5999999999999,swap,improve
3736,10,4493.5999999999985,5,765.5999999999999,2opt,improve
3737,10,4493.5999999999985,5,765.5999999999999,2opt,notBad
3738,10,4474.4,5,765.5999999999999,move,improve
3739,10,4474.4,5,765.5999999999999,move,improve
3740,10,4474.4,5,765.5999999999999,move,improve
3741,10,4474.4,5,765.5999999999999,move,improve
3742,10,4474.4,5,765.5999999999999,2opt,notBad
3743,10,4474.4,5,765.5999999999999,swap,improve
3744,10,4474.4,5,765.5999999999999,move,improve
3745,10,4474.4,5,765.5999999999999,2opt,notBad
3746,10,4474.4,5,765.5999999999999,move,improve
3747,10,4261.5,5,765.5999999999999,2opt,improve
3748,10,4261.5,5,765.5999999999999,move,improve
3749,10,4261.5,5,765.5999999999999,move,improve
3750,10,4261.5,5,765.5999999999999,move,improve
3751,10,4261.5,5,765.5999999999999,swap,notBad
3752,10,4261.5,5,765.5999999999999,2opt,notBad
3753,10,4261.5,5,765.5999999999999,2opt,improve
3754,10,4197.7,5,765.5999999999999,swap,improve
3755,10,4197.7,5,765.5999999999999,2opt,improve
3756,10,4197.7,5,765.5999999999999,move,improve
3757,10,4197.7,5,765.5999999999999,swap,improve
3758,10,4197.7,5,765.5999999999999,swap,improve
3759,10,4197.7,5,765.5999999999999,swap,improve
3760,10,4197.7,5,765.5999999999999,move,improve
3761,10,4272.0999999999985,5,765.5999999999999,swap,acceptBad
3762,10,4272.0999999999985,5,765.5999999999999,2opt,improve
3763,10,4272.0999999999985,5,765.5999999999999,swap,improve
3764,10,4272.0999999999985,5,765.5999999999999,2opt,notBad
3765,10,4272.0999999999985,5,765.5999999999999,swap,improve
3766,10,4272.0999999999985,5,765.5999999999999,move,improve
3767,10,4272.0999999999985,5,765.5999999999999,2opt,notBad
3768,10,4272.0999999999985,5,765.5999999999999,2opt,notBad
3769,10,4272.0999999999985,5,765.5999999999999,move,improve
3770,10,4272.0999999999985,5,765.5999999999999,2opt,notBad
3771,10,4272.0999999999985,5,765.5999999999999,move,improve
3772,10,4272.0999999999985,5,765.5999999999999,2opt,improve
3773,10,4272.1,5,765.5999999999999,2opt,acceptBad
3774,10,4272.1,5,765.5999999999999,2opt,notBad
3775,10,4272.0999999999985,5,765.5999999999999,2opt,improve
3776,10,4272.0999999999985,5,765.5999999999999,2opt,improve
3777,10,4272.0999999999985,5,765.5999999999999,move,improve
3778,10,4272.0999999999985,5,765.5999999999999,swap,improve
3779,10,4272.0999999999985,5,765.5999999999999,move,improve
3780,10,4272.0999999999985,5,765.5999999999999,2opt,notBad
3781,10,4272.0999999999985,5,765.5999999999999,move,improve
3782,10,4272.0999999999985,5,765.5999999999999,2opt,improve
3783,10,4272.0999999999985,5,765.5999999999999,move,improve
3784,10,4272.0999999999985,5,765.5999999999999,move,improve
3785,10,4263.299999999999,5,765.5999999999999,2opt,improve
3786,10,4263.299999999999,5,765.5999999999999,move,improve
3787,10,4263.299999999999,5,765.5999999999999,move,improve
3788,10,4263.299999999999,5,765.5999999999999,move,improve
3789,10,4263.299999999999,5,765.5999999999999,2opt,notBad
3790,10,4263.299999999999,5,765.5999999999999,move,improve
3791,10,4263.300000000001,5,765.5999999999999,2opt,acceptBad
3792,10,4263.300000000001,5,765.5999999999999,move,improve
3793,10,4263.300000000001,5,765.5999999999999,move,improve
3794,10,4263.300000000001,5,765.5999999999999,move,improve
3795,10,4263.300000000001,5,765.5999999999999,swap,improve
3796,10,4263.300000000001,5,765.5999999999999,move,improve
3797,10,5090.9,5,765.5999999999999,move,acceptBad
3798,10,5090.9,5,765.5999999999999,2opt,notBad
3799,10,5145.9,5,765.5999999999999,swap,acceptBad
3800,10,5155.5,5,765.5999999999999,swap,acceptBad
3801,10,5129.999999999999,5,765.5999999999999,2opt,improve
3802,10,5113.799999999999,5,765.5999999999999,swap,improve
3803,10,5113.799999999999,5,765.5999999999999,move,improve
3804,10,5113.799999999999,5,765.5999999999999,move,improve
3805,10,5113.799999999999,5,765.5999999999999,2opt,notBad
3806,10,5127.299999999999,5,765.5999999999999,2opt,acceptBad
3807,10,5127.299999999999,5,765.5999999999999,move,improve
3808,10,5127.299999999999,5,765.5999999999999,swap,improve
3809,10,5113.799999999999,5,765.5999999999999,move,improve
3810,10,5113.800000000001,5,765.5999999999999,2opt,acceptBad
3811,10,4988.0,5,765.5999999999999,swap,improve
3812,10,4988.0,5,765.5999999999999,swap,improve
3813,10,4988.0,5,765.5999999999999,move,improve
3814,10,4988.0,5,765.5999999999999,2opt,notBad
3815,10,4988.0,5,765.5999999999999,move,improve
3816,10,4751.300000000001,5,765.5999999999999,swap,improve
3817,10,4751.300000000001,5,765.5999999999999,move,improve
3818,10,4751.299999999999,5,765.5999999999999,2opt,improve
3819,10,4751.299999999999,5,765.5999999999999,2opt,improve
3820,10,4751.299999999999,5,765.5999999999999,move,improve
3821,10,4751.299999999999,5,765.5999999999999,2opt,improve
3822,10,4752.1,5,765.5999999999999,swap,acceptBad
3823,10,4736.799999999999,5,765.5999999999999,swap,improve
3824,10,4733.299999999999,5,765.5999999999999,swap,improve
3825,10,4733.299999999999,5,765.5999999999999,swap,improve
3826,10,4733.299999999999,5,765.5999999999999,2opt,notBad
3827,10,4733.299999999999,5,765.5999999999999,2opt,notBad
3828,10,4733.299999999999,5,765.5999999999999,move,improve
3829,10,4733.299999999999,5,765.5999999999999,move,improve
3830,10,4785.7,5,765.5999999999999,swap,acceptBad
3831,10,4785.7,5,765.5999999999999,move,improve
3832,10,4714.299999999999,5,765.5999999999999,move,improve
3833,10,4714.299999999999,5,765.5999999999999,move,improve
3834,10,4714.300000000001,5,765.5999999999999,2opt,acceptBad
3835,10,4714.300000000001,5,765.5999999999999,2opt,notBad
3836,10,4714.300000000001,5,765.5999999999999,move,improve
3837,10,4714.300000000001,5,765.5999999999999,move,improve
3838,10,4810.0,5,765.5999999999999,swap,acceptBad
3839,10,4810.0,5,765.5999999999999,2opt,improve
3840,10,4810.0,5,765.5999999999999,swap,improve
3841,10,4810.0,5,765.5999999999999,2opt,improve
3842,10,4810.0,5,765.5999999999999,move,improve
3843,10,4810.0,5,765.5999999999999,swap,notBad
3844,10,4269.899999999998,5,765.5999999999999,swap,improve
3845,10,4269.899999999998,5,765.5999999999999,move,improve
3846,10,4269.899999999998,5,765.5999999999999,move,improve
3847,10,4370.6,5,765.5999999999999,swap,acceptBad
3848,10,4370.6,5,765.5999999999999,swap,notBad
3849,10,4370.6,5,765.5999999999999,swap,improve
3850,10,4370.6,5,765.5999999999999,2opt,improve
3851,10,4370.6,5,765.5999999999999,2opt,improve
3852,10,4370.6,5,765.5999999999999,2opt,improve
3853,10,4370.6,5,765.5999999999999,2opt,improve
3854,10,4429.200000000001,5,765.5999999999999,swap,acceptBad
3855,10,4429.200000000001,5,765.5999999999999,move,improve
3856,10,4429.200000000001,5,765.5999999999999,swap,notBad
3857,10,4429.200000000001,5,765.5999999999999,swap,improve
3858,10,4429.200000000001,5,765.5999999999999,move,improve
3859,10,4429.200000000001,5,765.5999999999999,swap,notBad
3860,10,4412.2,5,765.5999999999999,swap,improve
3861,10,4412.2,5,765.5999999999999,move,improve
3862,10,4418.200000000002,5,765.5999999999999,swap,acceptBad
3863,10,4418.200000000002,5,765.5999999999999,2opt,improve
3864,10,4418.200000000002,5,765.5999999999999,move,improve
3865,10,4418.200000000002,5,765.5999999999999,move,improve
3866,10,4418.200000000002,5,765.5999999999999,swap,improve
3867,10,4418.200000000002,5,765.5999999999999,swap,notBad
3868,10,4418.200000000002,5,765.5999999999999,swap,improve
3869,10,4418.200000000002,5,765.5999999999999,swap,improve
3870,10,4359.6,5,765.5999999999999,move,improve
3871,10,4359.6,5,765.5999999999999,swap,improve
3872,10,4359.6,5,765.5999999999999,2opt,notBad
3873,10,4359.6,5,765.5999999999999,swap,notBad
3874,10,4359.600000000001,5,765.5999999999999,2opt,acceptBad
3875,10,4359.600000000001,5,765.5999999999999,swap,improve
3876,10,4359.600000000001,5,765.5999999999999,move,improve
3877,10,4359.600000000001,5,765.5999999999999,move,improve
3878,10,4359.600000000001,5,765.5999999999999,2opt,improve
3879,10,4359.600000000001,5,765.5999999999999,2opt,notBad
3880,10,4359.600000000002,5,765.5999999999999,2opt,acceptBad
3881,10,4359.600000000002,5,765.5999999999999,move,improve
3882,10,4359.600000000002,5,765.5999999999999,move,improve
3883,10,4359.600000000002,5,765.5999999999999,2opt,improve
3884,10,4359.600000000002,5,765.5999999999999,2opt,notBad
3885,10,4359.600000000002,5,765.5999999999999,swap,notBad
3886,10,4359.6,5,765.5999999999999,swap,improve
3887,10,4359.6,5,765.5999999999999,swap,improve
3888,10,4359.6,5,765.5999999999999,swap,improve
3889,10,4359.6,5,765.5999999999999,swap,improve
3890,10,4359.6,5,765.5999999999999,move,improve
3891,10,4359.6,5,765.5999999999999,2opt,improve
3892,10,4359.6,5,765.5999999999999,move,improve
3893,10,4359.6,5,765.5999999999999,move,improve
3894,10,4359.6,5,765.5999999999999,move,improve
3895,10,4359.6,5,765.5999999999999,move,notBad
3896,10,4359.6,5,765.5999999999999,swap,notBad
3897,10,4359.5999999999985,5,765.5999999999999,2opt,improve
3898,10,4359.5999999999985,5,765.5999999999999,move,improve
3899,10,4359.5999999999985,5,765.5999999999999,swap,notBad
3900,10,4359.5999999999985,5,765.5999999999999,swap,improve
3901,10,4359.5999999999985,5,765.5999999999999,swap,improve
3902,10,4359.5999999999985,5,765.5999999999999,swap,improve
3903,10,4359.5999999999985,5,765.5999999999999,move,improve
3904,10,4359.5999999999985,5,765.5999999999999,2opt,notBad
3905,10,4359.5999999999985,5,765.5999999999999,swap,improve
3906,10,4359.5999999999985,5,765.5999999999999,move,improve
3907,10,4359.5999999999985,5,765.5999999999999,swap,notBad
3908,10,4359.6,5,765.5999999999999,2opt,acceptBad
3909,10,4496.799999999999,5,765.5999999999999,swap,acceptBad
3910,10,4496.799999999999,5,765.5999999999999,2opt,notBad
3911,10,4496.799999999999,5,765.5999999999999,move,improve
3912,10,4385.799999999999,5,765.5999999999999,move,improve
3913,10,4385.799999999999,5,765.5999999999999,swap,improve
3914,10,4385.799999999999,5,765.5999999999999,swap,improve
3915,10,4385.799999999999,5,765.5999999999999,swap,improve
3916,10,4385.799999999999,5,765.5999999999999,move,improve
3917,10,4385.799999999999,5,765.5999999999999,swap,improve
3918,10,4385.799999999999,5,765.5999999999999,2opt,notBad
3919,10,4215.700000000001,5,765.5999999999999,swap,improve
3920,10,4215.700000000001,5,765.5999999999999,swap,notBad
3921,10,4215.700000000001,5,765.5999999999999,move,improve
3922,10,4215.700000000001,5,765.5999999999999,swap,notBad
3923,10,4342.1,5,765.5999999999999,swap,acceptBad
3924,10,4342.100000000002,5,765.5999999999999,2opt,acceptBad
3925,10,4273.9,5,765.5999999999999,2opt,improve
3926,10,4273.9,5,765.5999999999999,swap,notBad
3927,10,4273.9,5,765.5999999999999,move,improve
3928,10,4273.9,5,765.5999999999999,move,improve
3929,10,4261.4,5,765.5999999999999,swap,improve
3930,10,4417.400000000001,5,765.5999999999999,swap,acceptBad
3931,10,4417.400000000001,5,765.5999999999999,swap,notBad
3932,10,4425.099999999999,5,765.5999999999999,2opt,acceptBad
3933,10,4425.099999999999,5,765.5999999999999,move,improve
3934,10,4425.099999999999,5,765.5999999999999,move,improve
3935,10,4425.1,5,765.5999999999999,2opt,acceptBad
3936,10,4425.1,5,765.5999999999999,swap,improve
3937,10,4425.1,5,765.5999999999999,swap,notBad
3938,10,4425.1,5,765.5999999999999,swap,improve
3939,10,4425.1,5,765.5999999999999,move,improve
3940,10,4425.1,5,765.5999999999999,2opt,notBad
3941,10,4425.1,5,765.5999999999999,2opt,improve
3942,10,4425.1,5,765.5999999999999,swap,improve
3943,10,4779.1,5,765.5999999999999,move,acceptBad
3944,10,4779.100000000001,5,765.5999999999999,2opt,acceptBad
3945,10,4797.100000000001,5,765.5999999999999,swap,acceptBad
3946,10,4797.100000000001,5,765.5999999999999,move,improve
3947,10,4797.100000000001,5,765.5999999999999,2opt,notBad
3948,10,4797.100000000001,5,765.5999999999999,move,improve
3949,10,4797.100000000001,5,765.5999999999999,move,improve
3950,10,4797.100000000001,5,765.5999999999999,swap,improve
3951,10,4791.5,5,765.5999999999999,swap,improve
3952,10,4791.5,5,765.5999999999999,swap,improve
3953,10,4791.5,5,765.5999999999999,move,improve
3954,10,4791.5,5,765.5999999999999,move,improve
3955,10,4906.6,5,765.5999999999999,swap,acceptBad
3956,10,4903.800000000001,5,765.5999999999999,move,improve
3957,10,4903.800000000001,5,765.5999999999999,swap,improve
3958,10,4903.800000000001,5,765.5999999999999,move,improve
3959,10,4903.800000000001,5,765.5999999999999,swap,improve
3960,10,4903.800000000001,5,765.5999999999999,move,improve
3961,10,4958.399999999998,5,765.5999999999999,2opt,acceptBad
3962,10,4961.799999999998,5,765.5999999999999,2opt,acceptBad
3963,10,4961.799999999998,5,765.5999999999999,move,improve
3964,10,4961.799999999998,5,765.5999999999999,move,improve
3965,10,4961.799999999998,5,765.5999999999999,2opt,improve
3966,10,4961.799999999998,5,765.5999999999999,2opt,notBad
3967,10,4961.799999999998,5,765.5999999999999,2opt,notBad
3968,10,4742.999999999999,5,765.5999999999999,swap,improve
3969,10,4742.999999999999,5,765.5999999999999,2opt,improve
3970,10,4742.999999999999,5,765.5999999999999,2opt,improve
3971,10,4742.999999999999,5,765.5999999999999,2opt,notBad
3972,10,4712.500000000001,5,765.5999999999999,move,improve
3973,10,4712.500000000001,5,765.5999999999999,2opt,improve
3974,10,4712.500000000001,5,765.5999999999999,2opt,notBad
3975,10,4712.500000000001,5,765.5999999999999,swap,improve
3976,10,4712.500000000001,5,765.5999999999999,swap,notBad
3977,10,4712.500000000001,5,765.5999999999999,move,improve
3978,10,4712.500000000001,5,765.5999999999999,2opt,notBad
3979,10,4712.500000000001,5,765.5999999999999,2opt,improve
3980,10,4712.500000000001,5,765.5999999999999,move,improve
3981,10,4712.500000000001,5,765.5999999999999,2opt,notBad
3982,10,4703.7,5,765.5999999999999,2opt,improve
3983,10,4703.7,5,765.5999999999999,swap,improve
3984,10,4703.7,5,765.5999999999999,2opt,improve
3985,10,4703.7,5,765.5999999999999,move,improve
3986,10,4703.7,5,765.5999999999999,swap,notBad
3987,10,4720.1,5,765.5999999999999,swap,acceptBad
3988,10,4720.1,5,765.5999999999999,2opt,improve
3989,10,4720.1,5,765.5999999999999,2opt,notBad
3990,10,4720.1,5,765.5999999999999,swap,notBad
3991,10,4720.1,5,765.5999999999999,swap,improve
3992,10,4661.5999999999985,5,765.5999999999999,move,improve
3993,10,4661.5999999999985,5,765.5999999999999,move,improve
3994,10,4661.6,5,765.5999999999999,2opt,acceptBad
3995,10,4650.5999999999985,5,765.5999999999999,move,improve
3996,10,4650.5999999999985,5,765.5999999999999,swap,improve
3997,10,4650.5999999999985,5,765.5999999999999,swap,improve
3998,10,4650.5999999999985,5,765.5999999999999,move,improve
3999,10,4650.5999999999985,5,765.5999999999999,swap,improve
4000,10,4650.5999999999985,5,765.5999999999999,2opt,improve
4001,10,4650.5999999999985,5,765.5999999999999,2opt,notBad
4002,10,4650.5999999999985,5,765.5999999999999,swap,notBad
4003,10,4670.200000000001,5,765.5999999999999,swap,acceptBad
4004,10,4670.200000000001,5,765.5999999999999,swap,improve
4005,10,4658.500000000001,5,765.5999999999999,2opt,improve
4006,10,4658.500000000001,5,765.5999999999999,swap,improve
4007,10,4658.500000000001,5,765.5999999999999,2opt,notBad
4008,10,4658.500000000001,5,765.5999999999999,swap,improve
4009,10,4658.5,5,765.5999999999999,2opt,improve
4010,10,4658.5,5,765.5999999999999,move,improve
4011,10,4689.1,5,765.5999999999999,swap,acceptBad
4012,10,4719.5999999999985,5,765.5999999999999,swap,acceptBad
4013,10,4719.6,5,765.5999999999999,swap,acceptBad
4014,10,4719.6,5,765.5999999999999,move,improve
4015,10,4719.6,5,765.5999999999999,2opt,notBad
4016,10,4719.6,5,765.5999999999999,swap,improve
4017,10,4719.6,5,765.5999999999999,move,improve
4018,10,4719.6,5,765.5999999999999,swap,improve
4019,10,4719.6,5,765.5999999999999,2opt,improve
4020,10,4719.6,5,765.5999999999999,move,improve
4021,10,4719.6,5,765.5999999999999,2opt,improve
4022,10,4719.6,5,765.5999999999999,2opt,notBad
4023,10,4088.6,5,765.5999999999999,move,improve
4024,10,4088.6,5,765.5999999999999,swap,improve
4025,10,4088.6,5,765.5999999999999,move,improve
4026,10,4088.6,5,765.5999999999999,move,improve
4027,10,4088.6,5,765.5999999999999,swap,improve
4028,10,4088.6,5,765.5999999999999,2opt,improve
4029,10,4088.6,5,765.5999999999999,2opt,notBad
4030,10,4088.6,5,765.5999999999999,swap,improve
4031,10,4088.6,5,765.5999999999999,2opt,improve
4032,10,4088.6,5,765.5999999999999,move,improve
4033,10,4088.6,5,765.5999999999999,2opt,notBad
4034,10,4088.6,5,765.5999999999999,swap,improve
4035,10,4088.6,5,765.5999999999999,move,improve
4036,10,4088.6,5,765.5999999999999,swap,improve
4037,10,4088.6,5,765.5999999999999,move,improve
4038,10,4088.6,5,765.5999999999999,move,improve
4039,10,4088.6,5,765.5999999999999,swap,notBad
4040,10,4083.8,5,765.5999999999999,move,improve
4041,10,4083.8,5,765.5999999999999,2opt,improve
4042,10,4083.8,5,765.5999999999999,swap,improve
4043,10,4083.8,5,765.5999999999999,move,improve
4044,10,4083.8,5,765.5999999999999,move,improve
4045,10,4083.8,5,765.5999999999999,2opt,notBad
4046,10,4083.8,5,765.5999999999999,swap,notBad
4047,10,4083.8,5,765.5999999999999,swap,improve
4048,10,4083.8,5,765.5999999999999,move,improve
4049,10,4083.8,5,765.5999999999999,move,improve
4050,10,4083.8,5,765.5999999999999,2opt,notBad
4051,10,4083.8,5,765.5999999999999,swap,improve
4052,10,4083.8,5,765.5999999999999,swap,improve
4053,10,4083.8,5,765.5999999999999,swap,improve
4054,10,4083.8,5,765.5999999999999,swap,improve
4055,10,4083.8,5,765.5999999999999,2opt,notBad
4056,10,4083.8,5,765.5999999999999,2opt,improve
4057,10,4083.8,5,765.5999999999999,swap,improve
4058,10,4083.8,5,765.5999999999999,2opt,improve
4059,10,4083.8,5,765.5999999999999,swap,improve
4060,10,4083.8,5,765.5999999999999,2opt,notBad
4061,10,4083.8,5,765.5999999999999,move,improve
4062,10,4083.8,5,765.5999999999999,2opt,improve
4063,10,4083.8,5,765.5999999999999,move,improve
4064,10,4083.8,5,765.5999999999999,swap,improve
4065,10,4083.8,5,765.5999999999999,swap,notBad
4066,10,4083.8,5,765.5999999999999,swap,improve
4067,10,4083.8,5,765.5999999999999,swap,notBad
4068,10,4083.7999999999997,5,765.5999999999999,2opt,improve
4069,10,4067.6000000000004,5,765.5999999999999,2opt,improve
4070,10,4067.6000000000004,5,765.5999999999999,2opt,improve
4071,10,4067.6000000000004,5,765.5999999999999,swap,notBad
4072,10,4067.6000000000004,5,765.5999999999999,move,improve
4073,10,4067.6000000000004,5,765.5999999999999,2opt,improve
4074,10,4067.6000000000004,5,765.5999999999999,2opt,improve
4075,10,4067.6000000000004,5,765.5999999999999,move,improve
4076,10,4067.6000000000004,5,765.5999999999999,move,improve
4077,10,4067.6000000000004,5,765.5999999999999,move,improve
4078,10,4067.6000000000004,5,765.5999999999999,move,improve
4079,10,4067.6000000000004,5,765.5999999999999,swap,improve
4080,10,4072.4,5,765.5999999999999,2opt,acceptBad
4081,10,4072.4,5,765.5999999999999,2opt,improve
4082,10,4072.4,5,765.5999999999999,swap,improve
4083,10,4072.4,5,765.5999999999999,swap,improve
4084,10,4072.4,5,765.5999999999999,2opt,improve
4085,10,4072.4,5,765.5999999999999,2opt,improve
4086,10,3931.0,5,765.5999999999999,swap,improve
4087,10,3931.0,5,765.5999999999999,move,improve
4088,10,3931.0,5,765.5999999999999,2opt,improve
4089,10,3931.0,5,765.5999999999999,move,improve
4090,10,3931.0,5,765.5999999999999,swap,notBad
4091,10,3931.0,5,765.5999999999999,2opt,improve
4092,10,3931.0,5,765.5999999999999,2opt,notBad
4093,10,3931.0,5,765.5999999999999,2opt,improve
4094,10,3931.0,5,765.5999999999999,move,improve
4095,10,3931.0,5,765.5999999999999,2opt,improve
4096,10,3931.0,5,765.5999999999999,2opt,notBad
4097,10,3931.0,5,765.5999999999999,swap,improve
4098,10,3931.0,5,765.5999999999999,move,improve
4099,10,3923.0,5,765.5999999999999,2opt,improve
4100,10,3924.0,5,765.5999999999999,swap,acceptBad
4101,10,3924.0,5,765.5999999999999,2opt,improve
4102,10,3924.0,5,765.5999999999999,2opt,notBad
4103,10,3924.0,5,765.5999999999999,move,improve
4104,10,3924.0,5,765.5999999999999,swap,improve
4105,10,3924.0,5,765.5999999999999,swap,improve
4106,10,3924.0,5,765.5999999999999,swap,improve
4107,10,3924.0,5,765.5999999999999,swap,improve
4108,10,3924.0,5,765.5999999999999,2opt,notBad
4109,10,3862.0,5,765.5999999999999,2opt,improve
4110,10,3862.0,5,765.5999999999999,move,improve
4111,10,3862.0,5,765.5999999999999,move,improve
4112,10,3862.0,5,765.5999999999999,swap,notBad
4113,10,3862.0,5,765.5999999999999,swap,improve
4114,10,3862.0,5,765.5999999999999,move,improve
4115,10,3862.0,5,765.5999999999999,2opt,improve
4116,10,3862.0000000000005,5,765.5999999999999,2opt,acceptBad
4117,10,3862.0000000000005,5,765.5999999999999,swap,improve
4118,10,3862.0000000000005,5,765.5999999999999,move,improve
4119,10,3862.0000000000005,5,765.5999999999999,2opt,notBad
4120,10,3862.0000000000005,5,765.5999999999999,swap,improve
4121,10,3862.0000000000005,5,765.5999999999999,move,improve
4122,10,3861.0,5,765.5999999999999,swap,improve
4123,10,3861.0,5,765.5999999999999,move,improve
4124,10,3861.0,5,765.5999999999999,move,improve
4125,10,3861.0,5,765.5999999999999,move,improve
4126,10,3861.0,5,765.5999999999999,move,improve
4127,10,3861.0,5,765.5999999999999,move,improve
4128,10,3879.7,5,765.5999999999999,swap,acceptBad
4129,10,3879.7,5,765.5999999999999,swap,improve
4130,10,3879.7,5,765.5999999999999,2opt,improve
4131,10,3938.4,5,765.5999999999999,swap,acceptBad
4132,10,3938.4,5,765.5999999999999,2opt,improve
4133,10,3938.4,5,765.5999999999999,2opt,notBad
4134,10,3938.4,5,765.5999999999999,move,improve
4135,10,3938.4,5,765.5999999999999,swap,notBad
4136,10,3938.4,5,765.5999999999999,move,improve
4137,10,3860.1000000000004,5,765.5999999999999,move,improve
4138,10,3860.1000000000004,5,765.5999999999999,move,improve
4139,10,3860.1000000000004,5,765.5999999999999,move,improve
4140,10,3860.1000000000004,5,765.5999999999999,2opt,improve
4141,10,3860.1000000000004,5,765.5999999999999,swap,improve
4142,10,3860.1000000000004,5,765.5999999999999,2opt,improve
4143,10,3860.1000000000004,5,765.5999999999999,2opt,improve
4144,10,3860.1000000000004,5,765.5999999999999,swap,improve
4145,10,3860.1000000000004,5,765.5999999999999,swap,improve
4146,10,3860.1000000000004,5,765.5999999999999,2opt,notBad
4147,10,3860.1000000000004,5,765.5999999999999,move,notBad
4148,10,3860.1000000000004,5,765.5999999999999,move,improve
4149,10,3860.1000000000004,5,765.5999999999999,move,improve
4150,10,3860.1000000000004,5,765.5999999999999,2opt,notBad
4151,10,3870.7,5,765.5999999999999,swap,acceptBad
4152,10,3870.7,5,765.5999999999999,swap,improve
4153,10,3870.7,5,765.5999999999999,move,improve
4154,10,3870.7,5,765.5999999999999,2opt,notBad
4155,10,3870.7,5,765.5999999999999,2opt,notBad
4156,10,3870.7000000000003,5,765.5999999999999,2opt,acceptBad
4157,10,3870.7000000000003,5,765.5999999999999,2opt,improve
4158,10,3870.7000000000003,5,765.5999999999999,2opt,improve
4159,10,3870.7000000000003,5,765.5999999999999,2opt,notBad
4160,10,3870.7000000000003,5,765.5999999999999,2opt,notBad
4161,10,3870.7000000000003,5,765.5999999999999,2opt,improve
4162,10,3870.7000000000003,5,765.5999999999999,swap,improve
4163,10,3870.7000000000003,5,765.5999999999999,swap,improve
4164,10,3870.7000000000003,5,765.5999999999999,swap,improve
4165,10,3736.2000000000003,5,765.5999999999999,swap,improve
4166,10,3736.2000000000003,5,765.5999999999999,move,improve
4167,10,3736.2000000000003,5,765.5999999999999,move,improve
4168,10,3736.2000000000003,5,765.5999999999999,2opt,improve
4169,10,3736.2000000000003,5,765.5999999999999,swap,improve
4170,10,3736.2000000000003,5,765.5999999999999,move,improve
4171,10,3736.2000000000003,5,765.5999999999999,swap,notBad
4172,10,3736.2000000000003,5,765.5999999999999,2opt,notBad
4173,10,3736.2000000000003,5,765.5999999999999,2opt,notBad
4174,10,3736.2000000000003,5,765.5999999999999,move,improve
4175,10,3736.2000000000003,5,765.5999999999999,2opt,improve
4176,10,3736.2000000000003,5,765.5999999999999,2opt,notBad
4177,10,3736.2000000000003,5,765.5999999999999,move,notBad
4178,10,3736.2000000000003,5,765.5999999999999,swap,notBad
4179,10,3736.2000000000003,5,765.5999999999999,move,improve
4180,10,3736.2000000000003,5,765.5999999999999,swap,improve
4181,10,3736.2000000000003,5,765.5999999999999,move,improve
4182,10,3736.2000000000003,5,765.5999999999999,2opt,improve
4183,10,3736.2000000000003,5,765.5999999999999,2opt,notBad
4184,10,3736.2000000000003,5,765.5999999999999,move,improve
4185,10,3736.2000000000003,5,765.5999999999999,swap,notBad
4186,10,3736.2000000000003,5,765.5999999999999,move,improve
4187,10,3736.2000000000003,5,765.5999999999999,move,improve
4188,10,3736.2000000000003,5,765.5999999999999,move,improve
4189,10,3736.2000000000003,5,765.5999999999999,move,improve
4190,10,3736.2000000000003,5,765.5999999999999,move,improve
4191,10,3727.6000000000004,5,765.5999999999999,2opt,improve
4192,10,3727.6000000000004,5,765.5999999999999,2opt,improve
4193,10,3727.6000000000004,5,765.5999999999999,swap,improve
4194,10,3727.6000000000004,5,765.5999999999999,swap,improve
4195,10,3727.6000000000004,5,765.5999999999999,2opt,notBad
4196,10,3814.3999999999996,5,765.5999999999999,swap,acceptBad
4197,10,3814.3999999999996,5,765.5999999999999,move,notBad
4198,10,3814.3999999999996,5,765.5999999999999,move,improve
4199,10,3814.3999999999996,5,765.5999999999999,2opt,improve
4200,10,3814.3999999999996,5,765.5999999999999,2opt,notBad
4201,10,3814.3999999999996,5,765.5999999999999,2opt,improve
4202,10,3814.399999999999,5,765.5999999999999,2opt,improve
4203,10,3814.399999999999,5,765.5999999999999,2opt,notBad
4204,10,3814.399999999999,5,765.5999999999999,move,improve
4205,10,3814.399999999999,5,765.5999999999999,move,improve
4206,10,3814.399999999999,5,765.5999999999999,2opt,notBad
4207,10,3814.399999999999,5,765.5999999999999,2opt,notBad
4208,10,3814.399999999999,5,765.5999999999999,swap,notBad
4209,10,3814.399999999999,5,765.5999999999999,swap,notBad
4210,10,3814.4,5,765.5999999999999,swap,acceptBad
4211,10,3814.4,5,765.5999999999999,swap,improve
4212,10,3814.4,5,765.5999999999999,swap,improve
4213,10,3803.3,5,765.5999999999999,move,improve
4214,10,3803.3,5,765.5999999999999,2opt,improve
4215,10,3803.3,5,765.5999999999999,2opt,notBad
4216,10,3803.3000000000006,5,765.5999999999999,2opt,acceptBad
4217,10,3803.3000000000006,5,765.5999999999999,2opt,notBad
4218,10,3803.3000000000006,5,765.5999999999999,2opt,notBad
4219,10,3748.7000000000003,5,765.5999999999999,swap,improve
4220,10,3748.7000000000003,5,765.5999999999999,2opt,improve
4221,10,3748.7000000000003,5,765.5999999999999,swap,notBad
4222,10,3716.5,5,765.5999999999999,swap,improve
4223,10,3716.5,5,765.5999999999999,move,improve
4224,10,3716.5,5,765.5999999999999,swap,improve
4225,10,3716.5,5,765.5999999999999,2opt,notBad
4226,10,3716.5,5,765.5999999999999,move,improve
4227,10,3716.5,5,765.5999999999999,swap,improve
4228,10,3716.5,5,765.5999999999999,2opt,improve
4229,10,3716.5,5,765.5999999999999,swap,improve
4230,10,3716.5,5,765.5999999999999,swap,improve
4231,10,3716.5,5,765.5999999999999,2opt,notBad
4232,10,3716.5,5,765.5999999999999,swap,improve
4233,10,3716.5,5,765.5999999999999,move,improve
4234,10,3716.5,5,765.5999999999999,move,improve
4235,10,3716.500000000001,5,765.5999999999999,2opt,acceptBad
4236,10,3716.500000000001,5,765.5999999999999,move,improve
4237,10,3716.500000000001,5,765.5999999999999,2opt,notBad
4238,10,3716.500000000001,5,765.5999999999999,swap,notBad
4239,10,3711.7,5,765.5999999999999,move,improve
4240,10,3711.7,5,765.5999999999999,move,improve
4241,10,3711.7,5,765.5999999999999,swap,notBad
4242,10,3711.7,5,765.5999999999999,swap,notBad
4243,9,2814.5999999999995,5,765.5999999999999,move,improve
4244,9,2814.5999999999995,5,765.5999999999999,swap,improve
4245,9,2814.5999999999995,5,765.5999999999999,swap,improve
4246,9,2814.6000000000004,5,765.5999999999999,2opt,acceptBad
4247,9,2952.6000000000004,5,765.5999999999999,swap,acceptBad
4248,9,2952.6000000000004,5,765.5999999999999,move,improve
4249,9,2952.6000000000004,5,765.5999999999999,2opt,notBad
4250,9,2952.6000000000004,5,765.5999999999999,swap,improve
4251,9,2952.6000000000004,5,765.5999999999999,move,improve
4252,9,2952.6000000000004,5,765.5999999999999,2opt,improve
4253,9,2952.6000000000004,5,765.5999999999999,2opt,improve
4254,9,2959.0000000000005,5,765.5999999999999,swap,acceptBad
4255,9,2959.0000000000005,5,765.5999999999999,2opt,notBad
4256,9,2959.0000000000005,5,765.5999999999999,2opt,notBad
4257,9,2949.8,5,765.5999999999999,swap,improve
4258,9,2949.8,5,765.5999999999999,move,improve
4259,9,2949.8,5,765.5999999999999,move,notBad
4260,9,2949.8,5,765.5999999999999,swap,improve
4261,9,2949.8,5,765.5999999999999,2opt,improve
4262,9,2936.2000000000007,5,765.5999999999999,move,improve
4263,9,2936.2000000000007,5,765.5999999999999,swap,notBad
4264,9,2936.2000000000007,5,765.5999999999999,2opt,notBad
4265,9,2936.2000000000007,5,765.5999999999999,move,improve
4266,9,2936.2000000000007,5,765.5999999999999,move,improve
4267,9,2936.2000000000007,5,765.5999999999999,2opt,improve
4268,9,2936.2000000000007,5,765.5999999999999,2opt,notBad
4269,9,2936.2000000000007,5,765.5999999999999,move,improve
4270,9,2936.2000000000007,5,765.5999999999999,move,improve
4271,9,2936.2000000000007,5,765.5999999999999,2opt,improve
4272,9,2936.2000000000007,5,765.5999999999999,2opt,notBad
4273,9,2936.2000000000007,5,765.5999999999999,swap,notBad
4274,9,2936.2000000000007,5,765.5999999999999,2opt,notBad
4275,9,2936.2000000000003,5,765.5999999999999,swap,improve
4276,9,2936.2000000000007,5,765.5999999999999,swap,acceptBad
4277,9,2945.4000000000005,5,765.5999999999999,swap,acceptBad
4278,9,2945.4000000000005,5,765.5999999999999,move,improve
4279,9,2645.6000000000013,5,765.5999999999999,move,improve
4280,9,2645.6000000000013,5,765.5999999999999,move,improve
4281,9,2645.6000000000013,5,765.5999999999999,2opt,notBad
4282,9,2645.6000000000013,5,765.5999999999999,swap,notBad
4283,9,2630.4000000000005,5,765.5999999999999,move,improve
4284,9,2630.4000000000005,5,765.5999999999999,move,improve
4285,9,2630.4000000000005,5,765.5999999999999,2opt,notBad
4286,9,2630.4000000000005,5,765.5999999999999,move,improve
4287,9,2630.4000000000005,5,765.5999999999999,move,improve
4288,9,2630.4000000000005,5,765.5999999999999,move,improve
4289,9,2630.4000000000005,5,765.5999999999999,move,improve
4290,9,2630.3999999999996,5,765.5999999999999,2opt,improve
4291,9,2630.3999999999996,5,765.5999999999999,move,improve
4292,9,2630.3999999999996,5,765.5999999999999,2opt,notBad
4293,9,2630.3999999999996,5,765.5999999999999,swap,notBad
4294,9,2630.3999999999996,5,765.5999999999999,move,improve
4295,9,2630.3999999999996,5,765.5999999999999,swap,improve
4296,9,2630.3999999999996,5,765.5999999999999,move,improve
4297,9,2630.3999999999996,5,765.5999999999999,swap,improve
4298,9,2630.3999999999996,5,765.5999999999999,2opt,notBad
4299,9,2630.3999999999996,5,765.5999999999999,2opt,notBad
4300,9,2630.3999999999996,5,765.5999999999999,swap,notBad
4301,9,2630.3999999999996,5,765.5999999999999,2opt,notBad
4302,9,2630.3999999999996,5,765.5999999999999,move,improve
4303,9,2630.3999999999996,5,765.5999999999999,2opt,notBad
4304,9,2630.3999999999996,5,765.5999999999999,move,improve
4305,9,2630.3999999999996,5,765.5999999999999,2opt,notBad
4306,9,2630.3999999999996,5,765.5999999999999,2opt,improve
4307,9,2630.3999999999996,5,765.5999999999999,swap,notBad
4308,9,2630.3999999999996,5,765.5999999999999,swap,notBad
4309,9,2630.3999999999996,5,765.5999999999999,move,improve
4310,9,2630.3999999999996,5,765.5999999999999,2opt,notBad
4311,9,2621.2,5,765.5999999999999,swap,improve
4312,9,2621.2,5,765.5999999999999,move,improve
4313,9,2621.2,5,765.5999999999999,move,improve
4314,9,2621.2,5,765.5999999999999,2opt,notBad
4315,9,2621.2,5,765.5999999999999,move,improve
4316,9,2621.2,5,765.5999999999999,move,improve
4317,9,2729.7999999999993,5,765.5999999999999,swap,acceptBad
4318,9,2729.7999999999993,5,765.5999999999999,move,improve
4319,9,2729.7999999999993,5,765.5999999999999,move,notBad
4320,9,2729.7999999999993,5,765.5999999999999,move,improve
4321,9,2729.7999999999993,5,765.5999999999999,swap,improve
4322,9,2729.7999999999993,5,765.5999999999999,swap,notBad
4323,9,2729.7999999999993,5,765.5999999999999,swap,improve
4324,9,2729.7999999999993,5,765.5999999999999,swap,improve
4325,9,2729.7999999999993,5,765.5999999999999,2opt,notBad
4326,9,2729.7999999999993,5,765.5999999999999,swap,notBad
4327,9,2729.7999999999993,5,765.5999999999999,move,improve
4328,9,2759.5999999999995,5,765.5999999999999,swap,acceptBad
4329,9,2759.5999999999995,5,765.5999999999999,move,improve
4330,9,2820.3999999999996,5,765.5999999999999,swap,acceptBad
4331,9,2824.3999999999996,5,765.5999999999999,swap,acceptBad
4332,9,2824.3999999999996,5,765.5999999999999,swap,notBad
4333,9,2824.3999999999996,5,765.5999999999999,swap,improve
4334,9,2824.3999999999996,5,765.5999999999999,move,improve
4335,9,2824.3999999999996,5,765.5999999999999,2opt,notBad
4336,9,2824.3999999999996,5,765.5999999999999,2opt,improve
4337,9,2824.3999999999996,5,765.5999999999999,2opt,improve
4338,9,2824.3999999999996,5,765.5999999999999,swap,improve
4339,9,2824.3999999999996,5,765.5999999999999,swap,improve
4340,9,2824.3999999999996,5,765.5999999999999,move,improve
4341,9,2824.3999999999996,5,765.5999999999999,move,improve
4342,9,2824.3999999999996,5,765.5999999999999,move,improve
4343,9,2732.999999999999,5,765.5999999999999,swap,improve
4344,9,2732.999999999999,5,765.5999999999999,swap,improve
4345,9,2732.999999999999,5,765.5999999999999,swap,improve
4346,9,2732.999999999999,5,765.5999999999999,move,improve
4347,9,2732.999999999999,5,765.5999999999999,2opt,notBad
4348,9,2732.999999999999,5,765.5999999999999,2opt,improve
4349,9,2732.999999999999,5,765.5999999999999,move,improve
4350,9,2732.999999999999,5,765.5999999999999,swap,improve
4351,9,2732.999999999999,5,765.5999999999999,move,improve
4352,9,2732.999999999999,5,765.5999999999999,2opt,notBad
4353,9,2732.999999999999,5,765.5999999999999,swap,notBad
4354,9,2732.999999999999,5,765.5999999999999,move,improve
4355,9,2732.999999999999,5,765.5999999999999,move,improve
4356,9,2523.1999999999994,5,765.5999999999999,move,improve
4357,9,2523.1999999999994,5,765.5999999999999,move,improve
4358,9,2523.1999999999994,5,765.5999999999999,swap,improve
4359,9,2523.1999999999994,5,765.5999999999999,2opt,improve
4360,9,2523.1999999999994,5,765.5999999999999,2opt,notBad
4361,9,2523.1999999999994,5,765.5999999999999,move,improve
4362,9,2523.1999999999994,5,765.5999999999999,swap,notBad
4363,9,2523.1999999999994,5,765.5999999999999,2opt,improve
4364,9,2523.1999999999994,5,765.5999999999999,2opt,notBad
4365,9,2523.1999999999994,5,765.5999999999999,swap,improve
4366,9,2523.1999999999994,5,765.5999999999999,2opt,notBad
4367,9,2523.1999999999994,5,765.5999999999999,swap,notBad
4368,9,2523.1999999999994,5,765.5999999999999,2opt,notBad
4369,9,2523.1999999999994,5,765.5999999999999,swap,improve
4370,9,2523.1999999999994,5,765.5999999999999,move,improve
4371,9,2523.1999999999994,5,765.5999999999999,move,improve
4372,9,2523.1999999999994,5,765.5999999999999,swap,improve
4373,9,2523.1999999999994,5,765.5999999999999,move,improve
4374,9,2523.1999999999994,5,765.5999999999999,swap,improve
4375,9,2523.1999999999994,5,765.5999999999999,2opt,notBad
4376,9,2523.1999999999994,5,765.5999999999999,swap,notBad
4377,9,2523.1999999999994,5,765.5999999999999,move,improve
4378,9,2523.1999999999994,5,765.5999999999999,swap,improve
4379,9,2523.2,5,765.5999999999999,2opt,acceptBad
4380,9,2523.2,5,765.5999999999999,2opt,notBad
4381,9,2523.2,5,765.5999999999999,2opt,notBad
4382,9,2523.2,5,765.5999999999999,swap,notBad
4383,9,2523.2,5,765.5999999999999,move,improve
4384,9,2523.2,5,765.5999999999999,move,improve
4385,9,2523.2,5,765.5999999999999,swap,notBad
4386,9,2523.2,5,765.5999999999999,swap,improve
4387,9,2523.2,5,765.5999999999999,2opt,notBad
4388,9,2523.2,5,765.5999999999999,swap,notBad
4389,9,2523.2,5,765.5999999999999,2opt,notBad
4390,9,2523.2,5,765.5999999999999,move,improve
4391,9,2604.3999999999987,5,765.5999999999999,swap,acceptBad
4392,9,2604.3999999999987,5,765.5999999999999,move,improve
4393,9,2604.3999999999987,5,765.5999999999999,2opt,improve
4394,9,2604.3999999999987,5,765.5999999999999,move,improve
4395,9,2604.3999999999987,5,765.5999999999999,2opt,notBad
4396,9,2604.3999999999987,5,765.5999999999999,swap,improve
4397,9,2604.3999999999987,5,765.5999999999999,move,improve
4398,9,2604.3999999999987,5,765.5999999999999,swap,improve
4399,9,2604.3999999999987,5,765.5999999999999,2opt,notBad
4400,9,2604.3999999999987,5,765.5999999999999,move,improve
4401,9,2604.3999999999987,5,765.5999999999999,2opt,notBad
4402,9,2604.3999999999987,5,765.5999999999999,2opt,improve
4403,9,2604.3999999999987,5,765.5999999999999,2opt,notBad
4404,9,2604.3999999999987,5,765.5999999999999,2opt,notBad
4405,9,2522.3999999999996,5,765.5999999999999,swap,improve
4406,9,2522.3999999999996,5,765.5999999999999,2opt,notBad
4407,9,2522.3999999999996,5,765.5999999999999,swap,improve
4408,9,2522.3999999999996,5,765.5999999999999,2opt,notBad
4409,9,2522.3999999999996,5,765.5999999999999,2opt,notBad
4410,9,2522.3999999999996,5,765.5999999999999,swap,notBad
4411,9,2522.3999999999996,5,765.5999999999999,move,improve
4412,9,2522.3999999999996,5,765.5999999999999,swap,improve
4413,9,2522.3999999999996,5,765.5999999999999,swap,improve
4414,9,2522.3999999999996,5,765.5999999999999,2opt,notBad
4415,9,2522.3999999999996,5,765.5999999999999,move,improve
4416,9,2668.7999999999993,5,765.5999999999999,swap,acceptBad
4417,9,2668.7999999999993,5,765.5999999999999,move,improve
4418,9,2668.7999999999993,5,765.5999999999999,swap,notBad
4419,9,2668.7999999999993,5,765.5999999999999,swap,improve
4420,9,2668.7999999999993,5,765.5999999999999,2opt,notBad
4421,9,2668.7999999999993,5,765.5999999999999,swap,improve
4422,9,2668.7999999999993,5,765.5999999999999,move,improve
4423,9,2668.7999999999993,5,765.5999999999999,swap,improve
4424,9,2668.7999999999993,5,765.5999999999999,move,improve
4425,9,2668.7999999999993,5,765.5999999999999,move,improve
4426,9,2668.7999999999993,5,765.5999999999999,move,improve
4427,9,2668.7999999999993,5,765.5999999999999,2opt,notBad
4428,9,2668.7999999999993,5,765.5999999999999,swap,notBad
4429,9,2713.7999999999993,5,765.5999999999999,swap,acceptBad
4430,9,2689.8,5,765.5999999999999,swap,improve
4431,9,2689.8,5,765.5999999999999,2opt,notBad
4432,9,2689.8,5,765.5999999999999,move,improve
4433,9,2689.8,5,765.5999999999999,2opt,improve
4434,9,2712.5999999999995,5,765.5999999999999,swap,acceptBad
4435,9,2712.5999999999995,5,765.5999999999999,swap,notBad
4436,9,2712.5999999999995,5,765.5999999999999,move,improve
4437,9,2712.5999999999995,5,765.5999999999999,move,improve
4438,9,2712.5999999999995,5,765.5999999999999,2opt,notBad
4439,9,2712.5999999999995,5,765.5999999999999,swap,notBad
4440,9,2712.5999999999995,5,765.5999999999999,2opt,notBad
4441,9,2712.5999999999995,5,765.5999999999999,swap,improve
4442,9,2712.5999999999995,5,765.5999999999999,move,improve
4443,9,2712.5999999999995,5,765.5999999999999,2opt,notBad
4444,9,2712.5999999999995,5,765.5999999999999,swap,notBad
4445,9,2712.5999999999995,5,765.5999999999999,2opt,notBad
4446,9,2712.5999999999995,5,765.5999999999999,swap,notBad
4447,9,2653.8,5,765.5999999999999,move,improve
4448,9,2653.8,5,765.5999999999999,move,improve
4449,9,2653.8,5,765.5999999999999,2opt,notBad
4450,9,2677.7999999999993,5,765.5999999999999,swap,acceptBad
4451,9,2677.7999999999993,5,765.5999999999999,swap,improve
4452,9,2677.7999999999993,5,765.5999999999999,move,improve
4453,9,2684.2000000000003,5,765.5999999999999,2opt,acceptBad
4454,9,2684.2000000000003,5,765.5999999999999,move,improve
4455,9,2684.2000000000003,5,765.5999999999999,move,improve
4456,9,2684.2000000000003,5,765.5999999999999,move,improve
4457,9,2684.2000000000003,5,765.5999999999999,move,improve
4458,9,2684.2000000000003,5,765.5999999999999,2opt,notBad
4459,9,2684.2000000000003,5,765.5999999999999,swap,improve
4460,9,2684.2000000000003,5,765.5999999999999,swap,notBad
4461,9,2684.2000000000003,5,765.5999999999999,move,improve
4462,9,2743.0000000000014,5,765.5999999999999,swap,acceptBad
4463,9,2743.0000000000014,5,765.5999999999999,swap,improve
4464,9,2743.0000000000014,5,765.5999999999999,2opt,notBad
4465,9,2743.000000000001,5,765.5999999999999,2opt,improve
4466,9,2743.000000000001,5,765.5999999999999,swap,notBad
4467,9,2743.000000000001,5,765.5999999999999,swap,notBad
4468,9,2743.000000000001,5,765.5999999999999,2opt,notBad
4469,9,2743.000000000001,5,765.5999999999999,swap,improve
4470,9,2743.000000000001,5,765.5999999999999,swap,improve
4471,9,2743.000000000001,5,765.5999999999999,2opt,notBad
4472,9,2743.000000000001,5,765.5999999999999,move,improve
4473,9,2743.000000000001,5,765.5999999999999,2opt,notBad
4474,9,2743.000000000001,5,765.5999999999999,move,improve
4475,9,2743.000000000001,5,765.5999999999999,swap,improve
4476,9,2743.000000000001,5,765.5999999999999,move,improve
4477,9,2743.000000000001,5,765.5999999999999,2opt,notBad
4478,9,2743.000000000001,5,765.5999999999999,move,improve
4479,9,2743.000000000001,5,765.5999999999999,move,improve
4480,9,2743.000000000001,5,765.5999999999999,2opt,notBad
4481,9,2743.000000000001,5,765.5999999999999,2opt,improve
4482,9,2743.000000000001,5,765.5999999999999,swap,notBad
4483,9,2743.000000000001,5,765.5999999999999,move,improve
4484,9,2743.000000000001,5,765.5999999999999,swap,improve
4485,9,2834.4000000000005,5,765.5999999999999,swap,acceptBad
4486,9,2834.4000000000005,5,765.5999999999999,2opt,notBad
4487,9,2834.4000000000005,5,765.5999999999999,move,improve
4488,9,2858.4000000000005,5,765.5999999999999,swap,acceptBad
4489,9,2858.4000000000005,5,765.5999999999999,move,improve
4490,9,2858.4000000000005,5,765.5999999999999,2opt,notBad
4491,9,2858.4000000000005,5,765.5999999999999,swap,notBad
4492,9,2858.4000000000005,5,765.5999999999999,move,improve
4493,9,2858.4,5,765.5999999999999,2opt,improve
4494,9,2858.4,5,765.5999999999999,move,improve
4495,9,2858.4,5,765.5999999999999,move,improve
4496,9,2858.4,5,765.5999999999999,2opt,notBad
4497,9,2878.4,5,765.5999999999999,swap,acceptBad
4498,9,2878.4,5,765.5999999999999,move,notBad
4499,9,2878.4,5,765.5999999999999,2opt,notBad
4500,9,2878.4,5,765.5999999999999,move,improve
4501,9,2878.4,5,765.5999999999999,2opt,improve
4502,9,2878.4,5,765.5999999999999,swap,notBad
4503,9,2878.4,5,765.5999999999999,move,improve
4504,9,2878.4,5,765.5999999999999,move,improve
4505,9,2878.4,5,765.5999999999999,2opt,notBad
4506,9,2878.4,5,765.5999999999999,move,improve
4507,9,2878.4,5,765.5999999999999,swap,notBad
4508,9,2878.4,5,765.5999999999999,move,improve
4509,9,2878.4,5,765.5999999999999,swap,improve
4510,9,2878.4,5,765.5999999999999,swap,improve
4511,9,2878.4,5,765.5999999999999,2opt,improve
4512,9,2878.4,5,765.5999999999999,2opt,improve
4513,9,2878.4,5,765.5999999999999,swap,notBad
4514,9,2878.4,5,765.5999999999999,move,improve
4515,9,2864.2000000000003,5,765.5999999999999,2opt,improve
4516,9,2864.2000000000003,5,765.5999999999999,2opt,notBad
4517,9,2864.2000000000003,5,765.5999999999999,2opt,improve
4518,9,2864.2000000000003,5,765.5999999999999,swap,improve
4519,9,2809.000000000002,5,765.5999999999999,swap,improve
4520,9,2809.000000000002,5,765.5999999999999,move,improve
4521,9,2809.000000000002,5,765.5999999999999,swap,improve
4522,9,2809.000000000002,5,765.5999999999999,move,improve
4523,9,2809.000000000002,5,765.5999999999999,2opt,improve
4524,9,2809.000000000002,5,765.5999999999999,2opt,notBad
4525,9,2809.000000000002,5,765.5999999999999,swap,improve
4526,9,2809.000000000002,5,765.5999999999999,2opt,improve
4527,9,2809.000000000002,5,765.5999999999999,move,improve
4528,9,2809.000000000002,5,765.5999999999999,swap,improve
4529,9,2809.000000000002,5,765.5999999999999,move,improve
4530,9,2809.000000000002,5,765.5999999999999,2opt,notBad
4531,9,2758.6000000000013,5,765.5999999999999,move,improve
4532,9,2758.6000000000013,5,765.5999999999999,move,improve
4533,9,2537.8,5,765.5999999999999,2opt,improve
4534,9,2537.8,5,765.5999999999999,move,improve
4535,9,2537.8,5,765.5999999999999,move,improve
4536,9,2537.8,5,765.5999999999999,swap,improve
4537,9,2537.8,5,765.5999999999999,swap,notBad
4538,9,2537.8,5,765.5999999999999,swap,improve
4539,9,2537.8,5,765.5999999999999,swap,improve
4540,9,2537.8,5,765.5999999999999,2opt,notBad
4541,9,2537.8,5,765.5999999999999,swap,notBad
4542,9,2537.8,5,765.5999999999999,move,improve
4543,9,2537.8,5,765.5999999999999,swap,notBad
4544,9,2537.8,5,765.5999999999999,2opt,notBad
4545,9,2537.8,5,765.5999999999999,move,improve
4546,9,2537.8,5,765.5999999999999,2opt,improve
4547,9,2537.8,5,765.5999999999999,move,notBad
4548,9,2537.8,5,765.5999999999999,2opt,improve
4549,9,2413.600000000001,5,765.5999999999999,swap,improve
4550,9,2413.600000000001,5,765.5999999999999,2opt,improve
4551,9,2413.600000000001,5,765.5999999999999,move,improve
4552,9,2413.600000000001,5,765.5999999999999,2opt,notBad
4553,9,2413.600000000001,5,765.5999999999999,2opt,notBad
4554,9,2413.600000000001,5,765.5999999999999,swap,improve
4555,9,2413.600000000001,5,765.5999999999999,move,improve
4556,9,2413.600000000001,5,765.5999999999999,move,improve
4557,9,2413.600000000001,5,765.5999999999999,move,improve
4558,9,2413.600000000001,5,765.5999999999999,2opt,notBad
4559,9,2413.600000000001,5,765.5999999999999,2opt,notBad
4560,9,2383.2000000000003,5,765.5999999999999,move,improve
4561,9,2383.2000000000003,5,765.5999999999999,move,improve
4562,9,2383.2000000000003,5,765.5999999999999,move,improve
4563,9,2383.2000000000003,5,765.5999999999999,swap,improve
4564,9,2383.2000000000003,5,765.5999999999999,2opt,notBad
4565,9,2383.2000000000003,5,765.5999999999999,move,improve
4566,9,2383.2000000000003,5,765.5999999999999,swap,notBad
4567,9,2383.2000000000003,5,765.5999999999999,swap,notBad
4568,9,2383.2000000000003,5,765.5999999999999,swap,notBad
4569,9,2369.600000000001,5,765.5999999999999,2opt,improve
4570,9,2369.600000000001,5,765.5999999999999,2opt,notBad
4571,9,2369.600000000001,5,765.5999999999999,move,improve
4572,9,2369.600000000001,5,765.5999999999999,2opt,improve
4573,9,2369.600000000001,5,765.5999999999999,move,improve
4574,9,2369.600000000001,5,765.5999999999999,swap,notBad
4575,9,2369.600000000001,5,765.5999999999999,2opt,notBad
4576,9,2369.6000000000004,5,765.5999999999999,2opt,improve
4577,9,2369.6000000000004,5,765.5999999999999,swap,improve
4578,9,2369.6000000000004,5,765.5999999999999,2opt,notBad
4579,9,2369.6000000000004,5,765.5999999999999,move,improve
4580,9,2369.6000000000004,5,765.5999999999999,swap,improve
4581,9,2293.6000000000004,5,765.5999999999999,move,improve
4582,9,2293.6000000000004,5,765.5999999999999,2opt,notBad
4583,9,2293.6000000000004,5,765.5999999999999,swap,notBad
4584,9,2293.6000000000004,5,765.5999999999999,swap,improve
4585,9,2293.6000000000004,5,765.5999999999999,2opt,improve
4586,9,2293.6000000000004,5,765.5999999999999,move,improve
4587,9,2290.2000000000007,5,765.5999999999999,move,improve
4588,9,2290.2000000000007,5,765.5999999999999,2opt,improve
4589,9,2290.2000000000007,5,765.5999999999999,move,improve
4590,9,2290.2000000000007,5,765.5999999999999,move,improve
4591,9,2451.2000000000007,5,765.5999999999999,swap,acceptBad
4592,9,2451.2000000000007,5,765.5999999999999,2opt,notBad
4593,9,2451.2000000000007,5,765.5999999999999,2opt,improve
4594,9,2451.2000000000007,5,765.5999999999999,2opt,notBad
4595,9,2451.2000000000007,5,765.5999999999999,move,improve
4596,9,2451.2000000000007,5,765.5999999999999,move,improve
4597,9,2426.0,5,765.5999999999999,swap,improve
4598,9,2426.0,5,765.5999999999999,move,improve
4599,9,2426.0,5,765.5999999999999,move,improve
4600,9,2426.0,5,765.5999999999999,move,improve
4601,9,2426.0,5,765.5999999999999,2opt,improve
4602,9,2426.0,5,765.5999999999999,2opt,notBad
4603,9,2426.0,5,765.5999999999999,move,improve
4604,9,2426.0,5,765.5999999999999,move,improve
4605,9,2426.0,5,765.5999999999999,move,improve
4606,9,2426.0,5,765.5999999999999,2opt,notBad
4607,9,2430.7999999999993,5,765.5999999999999,swap,acceptBad
4608,9,2441.199999999999,5,765.5999999999999,swap,acceptBad
4609,9,2441.199999999999,5,765.5999999999999,swap,improve
4610,9,2441.199999999999,5,765.5999999999999,2opt,notBad
4611,9,2441.199999999999,5,765.5999999999999,swap,notBad
4612,9,2441.199999999999,5,765.5999999999999,2opt,improve
4613,9,2441.199999999999,5,765.5999999999999,2opt,notBad
4614,9,2441.1999999999985,5,765.5999999999999,2opt,improve
4615,9,2441.1999999999985,5,765.5999999999999,swap,improve
4616,9,2441.1999999999985,5,765.5999999999999,swap,improve
4617,9,2441.1999999999985,5,765.5999999999999,move,improve
4618,9,2441.1999999999985,5,765.5999999999999,2opt,notBad
4619,9,2424.799999999999,5,765.5999999999999,swap,improve
4620,9,2424.799999999999,5,765.5999999999999,2opt,notBad
4621,9,2424.799999999999,5,765.5999999999999,2opt,improve
4622,9,2424.799999999999,5,765.5999999999999,2opt,notBad
4623,9,2424.799999999999,5,765.5999999999999,2opt,notBad
4624,9,2440.3999999999996,5,765.5999999999999,2opt,acceptBad
4625,9,2440.3999999999996,5,765.5999999999999,swap,notBad
4626,9,2440.3999999999996,5,765.5999999999999,2opt,notBad
4627,9,2440.3999999999996,5,765.5999999999999,swap,improve
4628,9,2440.3999999999996,5,765.5999999999999,move,improve
4629,9,2440.3999999999996,5,765.5999999999999,2opt,notBad
4630,9,2440.3999999999996,5,765.5999999999999,move,improve
4631,9,2440.3999999999996,5,765.5999999999999,2opt,notBad
4632,9,2440.3999999999996,5,765.5999999999999,2opt,notBad
4633,9,2440.3999999999996,5,765.5999999999999,swap,improve
4634,9,2440.3999999999996,5,765.5999999999999,2opt,notBad
4635,9,2440.3999999999996,5,765.5999999999999,move,improve
4636,9,2440.3999999999996,5,765.5999999999999,move,improve
4637,9,2440.3999999999996,5,765.5999999999999,2opt,notBad
4638,9,2440.3999999999996,5,765.5999999999999,move,improve
4639,9,2440.3999999999996,5,765.5999999999999,2opt,notBad
4640,9,2440.3999999999996,5,765.5999999999999,2opt,notBad
4641,9,2440.3999999999996,5,765.5999999999999,2opt,notBad
4642,9,2440.3999999999996,5,765.5999999999999,move,improve
4643,9,2440.3999999999996,5,765.5999999999999,2opt,notBad
4644,9,2440.3999999999996,5,765.5999999999999,2opt,notBad
4645,9,2440.3999999999996,5,765.5999999999999,swap,notBad
4646,9,2440.3999999999996,5,765.5999999999999,2opt,notBad
4647,9,2440.3999999999996,5,765.5999999999999,2opt,improve
4648,9,2444.7999999999997,5,765.5999999999999,swap,acceptBad
4649,9,2444.7999999999997,5,765.5999999999999,swap,improve
4650,9,2444.7999999999997,5,765.5999999999999,move,improve
4651,9,2444.7999999999997,5,765.5999999999999,2opt,notBad
4652,9,2444.7999999999997,5,765.5999999999999,swap,notBad
4653,9,2444.7999999999997,5,765.5999999999999,2opt,notBad
4654,9,2423.1999999999994,5,765.5999999999999,move,improve
4655,9,2423.1999999999994,5,765.5999999999999,2opt,notBad
4656,9,2423.1999999999994,5,765.5999999999999,2opt,notBad
4657,9,2423.1999999999994,5,765.5999999999999,2opt,improve
4658,9,2423.1999999999994,5,765.5999999999999,move,improve
4659,9,2423.1999999999994,5,765.5999999999999,move,improve
4660,9,2423.1999999999994,5,765.5999999999999,2opt,notBad
4661,9,2395.1999999999994,5,765.5999999999999,swap,improve
4662,9,2395.1999999999994,5,765.5999999999999,move,improve
4663,9,2395.1999999999994,5,765.5999999999999,2opt,improve
4664,9,2395.1999999999994,5,765.5999999999999,2opt,improve
4665,9,2408.3999999999996,5,765.5999999999999,swap,acceptBad
4666,9,2408.3999999999996,5,765.5999999999999,move,improve
4667,9,2408.3999999999996,5,765.5999999999999,move,improve
4668,9,2408.3999999999996,5,765.5999999999999,move,improve
4669,9,2408.3999999999996,5,765.5999999999999,swap,improve
4670,9,2408.3999999999996,5,765.5999999999999,2opt,notBad
4671,9,2408.3999999999996,5,765.5999999999999,move,improve
4672,9,2408.3999999999996,5,765.5999999999999,2opt,notBad
4673,9,2408.3999999999996,5,765.5999999999999,swap,notBad
4674,9,2408.4,5,765.5999999999999,2opt,acceptBad
4675,9,2408.4,5,765.5999999999999,swap,improve
4676,9,2408.4,5,765.5999999999999,2opt,notBad
4677,9,2429.2000000000007,5,765.5999999999999,2opt,acceptBad
4678,9,2429.2000000000007,5,765.5999999999999,2opt,notBad
4679,9,2429.2000000000007,5,765.5999999999999,move,improve
4680,9,2429.2000000000007,5,765.5999999999999,move,improve
4681,9,2429.2000000000007,5,765.5999999999999,2opt,notBad
4682,9,2429.2000000000007,5,765.5999999999999,2opt,improve
4683,9,2429.2000000000007,5,765.5999999999999,swap,notBad
4684,9,2429.2000000000007,5,765.5999999999999,2opt,notBad
4685,9,2429.2000000000007,5,765.5999999999999,2opt,notBad
4686,9,2429.2000000000007,5,765.5999999999999,move,improve
4687,9,2429.2000000000007,5,765.5999999999999,move,improve
4688,9,2429.2000000000007,5,765.5999999999999,swap,notBad
4689,9,2429.2000000000007,5,765.5999999999999,move,improve
4690,9,2429.2000000000007,5,765.5999999999999,2opt,improve
4691,9,2429.2000000000007,5,765.5999999999999,swap,notBad
4692,9,2415.6000000000004,5,765.5999999999999,swap,improve
4693,9,2415.6000000000004,5,765.5999999999999,move,improve
4694,9,2415.6000000000004,5,765.5999999999999,move,improve
4695,9,2415.6000000000004,5,765.5999999999999,move,improve
4696,9,2415.6000000000004,5,765.5999999999999,2opt,notBad
4697,9,2415.6000000000004,5,765.5999999999999,move,improve
4698,9,2415.6000000000004,5,765.5999999999999,move,improve
4699,9,2415.6000000000004,5,765.5999999999999,swap,improve
4700,9,2415.6000000000004,5,765.5999999999999,move,improve
4701,9,2415.6000000000004,5,765.5999999999999,2opt,notBad
4702,9,2415.6000000000004,5,765.5999999999999,swap,improve
4703,9,2415.6000000000004,5,765.5999999999999,swap,notBad
4704,9,2415.6000000000004,5,765.5999999999999,move,improve
4705,9,2415.6000000000004,5,765.5999999999999,move,improve
4706,9,2415.6000000000004,5,765.5999999999999,2opt,notBad
4707,9,2415.6000000000004,5,765.5999999999999,move,improve
4708,9,2415.6000000000004,5,765.5999999999999,swap,notBad
4709,9,2414.7999999999993,5,765.5999999999999,swap,improve
4710,9,2414.7999999999993,5,765.5999999999999,move,improve
4711,9,2414.7999999999993,5,765.5999999999999,swap,improve
4712,9,2414.7999999999993,5,765.5999999999999,2opt,notBad
4713,9,2409.5999999999995,5,765.5999999999999,swap,improve
4714,9,2420.0,5,765.5999999999999,2opt,acceptBad
4715,9,2420.0,5,765.5999999999999,2opt,improve
4716,9,2420.0,5,765.5999999999999,2opt,notBad
4717,9,2420.0,5,765.5999999999999,2opt,notBad
4718,9,2420.0,5,765.5999999999999,swap,improve
4719,9,2420.0,5,765.5999999999999,swap,notBad
4720,9,2420.0,5,765.5999999999999,2opt,improve
4721,9,2420.0,5,765.5999999999999,swap,improve
4722,9,2420.0,5,765.5999999999999,move,improve
4723,9,2420.0,5,765.5999999999999,move,improve
4724,9,2420.0,5,765.5999999999999,move,improve
4725,9,2420.0,5,765.5999999999999,swap,notBad
4726,9,2420.0,5,765.5999999999999,move,improve
4727,9,2420.0,5,765.5999999999999,2opt,notBad
4728,9,2420.0,5,765.5999999999999,move,improve
4729,9,2420.0,5,765.5999999999999,swap,improve
4730,9,2420.0,5,765.5999999999999,move,improve
4731,9,2420.0,5,765.5999999999999,2opt,notBad
4732,9,2420.0,5,765.5999999999999,swap,improve
4733,9,2420.0,5,765.5999999999999,move,improve
4734,9,2420.0,5,765.5999999999999,2opt,notBad
4735,9,2420.0,5,765.5999999999999,swap,improve
4736,9,2420.0,5,765.5999999999999,move,improve
4737,9,2420.0,5,765.5999999999999,swap,notBad
4738,9,2420.0,5,765.5999999999999,2opt,improve
4739,9,2455.8000000000006,5,765.5999999999999,swap,acceptBad
4740,9,2455.8000000000006,5,765.5999999999999,move,improve
4741,9,2455.8000000000006,5,765.5999999999999,swap,notBad
4742,9,2455.8000000000006,5,765.5999999999999,swap,notBad
4743,9,2455.8000000000006,5,765.5999999999999,move,improve
4744,9,2455.8,5,765.5999999999999,swap,improve
4745,9,2455.8,5,765.5999999999999,move,improve
4746,9,2455.8,5,765.5999999999999,swap,notBad
4747,9,2455.8,5,765.5999999999999,move,improve
4748,9,2455.8,5,765.5999999999999,move,improve
4749,9,2455.8,5,765.5999999999999,2opt,notBad
4750,9,2455.8,5,765.5999999999999,move,improve
4751,9,2479.2000000000003,5,765.5999999999999,swap,acceptBad
4752,9,2479.2000000000003,5,765.5999999999999,move,improve
4753,9,2479.2000000000003,5,765.5999999999999,2opt,improve
4754,9,2470.4000000000005,5,765.5999999999999,swap,improve
4755,9,2470.4000000000005,5,765.5999999999999,swap,improve
4756,9,2470.4000000000015,5,765.5999999999999,swap,acceptBad
4757,9,2431.2000000000007,5,765.5999999999999,swap,improve
4758,9,2431.2000000000007,5,765.5999999999999,2opt,improve
4759,9,2431.2000000000007,5,765.5999999999999,2opt,improve
4760,9,2431.2000000000007,5,765.5999999999999,swap,improve
4761,9,2431.2000000000007,5,765.5999999999999,2opt,improve
4762,9,2431.2000000000007,5,765.5999999999999,2opt,notBad
4763,9,2431.2000000000007,5,765.5999999999999,2opt,notBad
4764,9,2431.2000000000007,5,765.5999999999999,move,improve
4765,9,2431.2000000000007,5,765.5999999999999,move,improve
4766,9,2440.0000000000005,5,765.5999999999999,swap,acceptBad
4767,9,2440.0000000000005,5,765.5999999999999,2opt,notBad
4768,9,2427.3999999999996,5,765.5999999999999,swap,improve
4769,9,2427.3999999999996,5,765.5999999999999,2opt,notBad
4770,9,2427.3999999999996,5,765.5999999999999,move,improve
4771,9,2427.3999999999996,5,765.5999999999999,move,improve
4772,9,2427.3999999999996,5,765.5999999999999,move,improve
4773,9,2427.3999999999996,5,765.5999999999999,swap,improve
4774,9,2427.3999999999996,5,765.5999999999999,swap,notBad
4775,9,2427.3999999999996,5,765.5999999999999,move,improve
4776,9,2427.3999999999996,5,765.5999999999999,swap,notBad
4777,9,2427.3999999999996,5,765.5999999999999,move,improve
4778,9,2427.3999999999996,5,765.5999999999999,2opt,notBad
4779,9,2427.3999999999996,5,765.5999999999999,2opt,improve
4780,9,2427.3999999999996,5,765.5999999999999,2opt,improve
4781,9,2402.8,5,765.5999999999999,swap,improve
4782,9,2402.8,5,765.5999999999999,move,improve
4783,9,2402.8,5,765.5999999999999,swap,improve
4784,9,2402.8,5,765.5999999999999,move,improve
4785,9,2402.8,5,765.5999999999999,2opt,improve
4786,9,2402.8,5,765.5999999999999,swap,notBad
4787,9,2402.8,5,765.5999999999999,2opt,notBad
4788,9,2402.8,5,765.5999999999999,2opt,notBad
4789,9,2402.8,5,765.5999999999999,2opt,notBad
4790,9,2402.8,5,765.5999999999999,swap,improve
4791,9,2402.8,5,765.5999999999999,move,improve
4792,9,2402.8,5,765.5999999999999,move,improve
4793,9,2402.8,5,765.5999999999999,move,improve
4794,9,2402.8,5,765.5999999999999,2opt,notBad
4795,9,2402.8,5,765.5999999999999,2opt,notBad
4796,9,2402.8,5,765.5999999999999,2opt,improve
4797,9,2400.7999999999993,5,765.5999999999999,2opt,improve
4798,9,2400.7999999999993,5,765.5999999999999,2opt,notBad
4799,9,2400.7999999999993,5,765.5999999999999,swap,notBad
4800,9,2400.7999999999993,5,765.5999999999999,move,improve
4801,9,2400.7999999999993,5,765.5999999999999,swap,notBad
4802,9,2400.7999999999993,5,765.5999999999999,move,improve
4803,9,2400.7999999999993,5,765.5999999999999,move,improve
4804,9,2400.7999999999993,5,765.5999999999999,2opt,notBad
4805,9,2400.7999999999993,5,765.5999999999999,move,improve
4806,9,2400.7999999999993,5,765.5999999999999,move,improve
4807,9,2438.0,5,765.5999999999999,swap,acceptBad
4808,9,2438.0,5,765.5999999999999,move,improve
4809,9,2438.0,5,765.5999999999999,move,improve
4810,9,2438.0,5,765.5999999999999,swap,notBad
4811,9,2438.0,5,765.5999999999999,move,improve
4812,9,2438.0,5,765.5999999999999,2opt,improve
4813,9,2438.0,5,765.5999999999999,swap,notBad
4814,9,2438.0,5,765.5999999999999,move,improve
4815,9,2438.0,5,765.5999999999999,move,improve
4816,9,2438.0,5,765.5999999999999,move,improve
4817,9,2463.5999999999995,5,765.5999999999999,swap,acceptBad
4818,9,2463.5999999999995,5,765.5999999999999,2opt,notBad
4819,9,2463.5999999999995,5,765.5999999999999,2opt,notBad
4820,9,2463.5999999999995,5,765.5999999999999,swap,improve
4821,9,2463.5999999999995,5,765.5999999999999,2opt,notBad
4822,9,2463.5999999999995,5,765.5999999999999,swap,improve
4823,9,2463.5999999999995,5,765.5999999999999,2opt,notBad
4824,9,2454.999999999999,5,765.5999999999999,swap,improve
4825,9,2454.999999999999,5,765.5999999999999,swap,notBad
4826,9,2512.5999999999995,5,765.5999999999999,swap,acceptBad
4827,9,2532.5999999999995,5,765.5999999999999,swap,acceptBad
4828,9,2532.5999999999995,5,765.5999999999999,move,improve
4829,9,2532.5999999999995,5,765.5999999999999,move,improve
4830,9,2549.7999999999993,5,765.5999999999999,swap,acceptBad
4831,9,2549.7999999999993,5,765.5999999999999,2opt,notBad
4832,9,2549.7999999999993,5,765.5999999999999,swap,notBad
4833,9,2549.7999999999993,5,765.5999999999999,move,improve
4834,9,2549.7999999999993,5,765.5999999999999,2opt,notBad
4835,9,2549.7999999999993,5,765.5999999999999,2opt,notBad
4836,9,2549.7999999999993,5,765.5999999999999,2opt,notBad
4837,9,2549.7999999999993,5,765.5999999999999,2opt,notBad
4838,9,2549.7999999999993,5,765.5999999999999,move,improve
4839,9,2549.7999999999993,5,765.5999999999999,swap,improve
4840,9,2549.7999999999993,5,765.5999999999999,swap,notBad
4841,9,2549.7999999999993,5,765.5999999999999,2opt,notBad
4842,9,2549.7999999999993,5,765.5999999999999,move,improve
4843,9,2549.7999999999993,5,765.5999999999999,move,improve
4844,9,2549.7999999999993,5,765.5999999999999,move,improve
4845,9,2456.2,5,765.5999999999999,swap,improve
4846,9,2456.2,5,765.5999999999999,move,improve
4847,9,2456.2,5,765.5999999999999,move,improve
4848,9,2456.2,5,765.5999999999999,2opt,improve
4849,9,2456.2,5,765.5999999999999,move,improve
4850,9,2456.2,5,765.5999999999999,swap,improve
4851,9,2456.2,5,765.5999999999999,swap,notBad
4852,9,2456.2,5,765.5999999999999,swap,improve
4853,9,2456.2,5,765.5999999999999,swap,notBad
4854,9,2456.2,5,765.5999999999999,2opt,notBad
4855,9,2468.2,5,765.5999999999999,swap,acceptBad
4856,9,2468.2,5,765.5999999999999,2opt,improve
4857,9,2468.2,5,765.5999999999999,swap,notBad
4858,9,2468.2,5,765.5999999999999,swap,improve
4859,9,2499.0,5,765.5999999999999,swap,acceptBad
4860,9,2524.2,5,765.5999999999999,swap,acceptBad
4861,9,2513.8,5,765.5999999999999,swap,improve
4862,9,2513.8,5,765.5999999999999,swap,improve
4863,9,2513.8,5,765.5999999999999,move,improve
4864,9,2513.8,5,765.5999999999999,swap,notBad
4865,9,2513.8,5,765.5999999999999,swap,notBad
4866,9,2513.8,5,765.5999999999999,2opt,improve
4867,9,2513.7999999999997,5,765.5999999999999,2opt,improve
4868,9,2513.7999999999997,5,765.5999999999999,2opt,improve
4869,9,2513.7999999999997,5,765.5999999999999,swap,notBad
4870,9,2513.7999999999997,5,765.5999999999999,move,improve
4871,9,2513.7999999999997,5,765.5999999999999,move,improve
4872,9,2513.7999999999997,5,765.5999999999999,2opt,notBad
4873,9,2513.8,5,765.5999999999999,2opt,acceptBad
4874,9,2513.8,5,765.5999999999999,swap,notBad
4875,9,2513.8,5,765.5999999999999,2opt,notBad
4876,9,2521.5999999999995,5,765.5999999999999,swap,acceptBad
4877,9,2521.5999999999995,5,765.5999999999999,swap,notBad
4878,9,2521.5999999999995,5,765.5999999999999,2opt,improve
4879,9,2521.5999999999995,5,765.5999999999999,swap,notBad
4880,9,2521.5999999999995,5,765.5999999999999,move,improve
4881,9,2521.5999999999995,5,765.5999999999999,move,improve
4882,9,2521.5999999999995,5,765.5999999999999,move,improve
4883,9,2521.5999999999995,5,765.5999999999999,swap,notBad
4884,9,2521.5999999999995,5,765.5999999999999,2opt,notBad
4885,9,2521.5999999999995,5,765.5999999999999,move,improve
4886,9,2521.5999999999995,5,765.5999999999999,move,improve
4887,9,2502.6,5,765.5999999999999,swap,improve
4888,9,2558.1999999999994,5,765.5999999999999,swap,acceptBad
4889,9,2558.1999999999994,5,765.5999999999999,move,improve
4890,9,2558.1999999999994,5,765.5999999999999,move,improve
4891,9,2558.1999999999994,5,765.5999999999999,2opt,improve
4892,9,2558.1999999999994,5,765.5999999999999,swap,improve
4893,9,2558.1999999999994,5,765.5999999999999,swap,improve
4894,9,2558.1999999999994,5,765.5999999999999,swap,improve
4895,9,2558.1999999999994,5,765.5999999999999,move,improve
4896,9,2558.1999999999994,5,765.5999999999999,move,improve
4897,9,2558.1999999999994,5,765.5999999999999,swap,improve
4898,9,2558.1999999999994,5,765.5999999999999,2opt,notBad
4899,9,2558.1999999999994,5,765.5999999999999,swap,notBad
4900,9,2558.1999999999994,5,765.5999999999999,swap,notBad
4901,9,2554.6000000000013,5,765.5999999999999,2opt,improve
4902,9,2515.000000000001,5,765.5999999999999,swap,improve
4903,9,2515.000000000001,5,765.5999999999999,2opt,notBad
4904,9,2515.000000000001,5,765.5999999999999,move,improve
4905,9,2515.000000000001,5,765.5999999999999,2opt,improve
4906,9,2515.000000000001,5,765.5999999999999,swap,improve
4907,9,2515.000000000001,5,765.5999999999999,move,improve
4908,9,2515.000000000001,5,765.5999999999999,2opt,notBad
4909,9,2515.000000000001,5,765.5999999999999,2opt,notBad
4910,9,2515.000000000001,5,765.5999999999999,swap,improve
4911,9,2515.000000000001,5,765.5999999999999,move,improve
4912,9,2484.6,5,765.5999999999999,swap,improve
4913,9,2484.6,5,765.5999999999999,swap,improve
4914,9,2484.6,5,765.5999999999999,move,improve
4915,9,2484.6,5,765.5999999999999,swap,notBad
4916,9,2484.6,5,765.5999999999999,2opt,notBad
4917,9,2484.6,5,765.5999999999999,move,improve
4918,9,2484.6,5,765.5999999999999,2opt,improve
4919,9,2484.6,5,765.5999999999999,2opt,notBad
4920,9,2484.6,5,765.5999999999999,2opt,notBad
4921,9,2478.2000000000003,5,765.5999999999999,2opt,improve
4922,9,2478.2000000000003,5,765.5999999999999,swap,improve
4923,9,2478.2000000000003,5,765.5999999999999,2opt,notBad
4924,9,2478.2000000000003,5,765.5999999999999,move,improve
4925,9,2478.2000000000003,5,765.5999999999999,2opt,notBad
4926,9,2478.2000000000003,5,765.5999999999999,2opt,notBad
4927,9,2478.2000000000003,5,765.5999999999999,move,improve
4928,9,2478.2000000000003,5,765.5999999999999,move,improve
4929,9,2478.2000000000003,5,765.5999999999999,2opt,notBad
4930,9,2478.2000000000003,5,765.5999999999999,2opt,notBad
4931,9,2478.2000000000003,5,765.5999999999999,move,improve
4932,9,2478.2000000000003,5,765.5999999999999,move,improve
4933,9,2392.3999999999996,5,765.5999999999999,swap,improve
4934,9,2392.3999999999996,5,765.5999999999999,2opt,notBad
4935,9,2389.3999999999996,5,765.5999999999999,swap,improve
4936,9,2389.3999999999996,5,765.5999999999999,move,improve
4937,9,2389.3999999999996,5,765.5999999999999,swap,improve
4938,9,2389.399999999999,5,765.5999999999999,2opt,improve
4939,9,2389.399999999999,5,765.5999999999999,2opt,notBad
4940,9,2389.399999999999,5,765.5999999999999,swap,improve
4941,9,2389.399999999999,5,765.5999999999999,move,improve
4942,9,2389.399999999999,5,765.5999999999999,2opt,improve
4943,9,2389.399999999999,5,765.5999999999999,move,improve
4944,9,2389.399999999999,5,765.5999999999999,swap,notBad
4945,9,2389.399999999999,5,765.5999999999999,swap,notBad
4946,9,2389.399999999999,5,765.5999999999999,swap,notBad
4947,9,2389.399999999999,5,765.5999999999999,2opt,notBad
4948,9,2389.399999999999,5,765.5999999999999,2opt,notBad
4949,9,2389.399999999999,5,765.5999999999999,2opt,notBad
4950,9,2389.399999999999,5,765.5999999999999,move,improve
4951,9,2389.399999999999,5,765.5999999999999,move,improve
4952,9,2389.399999999999,5,765.5999999999999,move,improve
4953,9,2389.399999999999,5,765.5999999999999,swap,notBad
4954,9,2383.7999999999993,5,765.5999999999999,swap,improve
4955,9,2383.7999999999993,5,765.5999999999999,move,improve
4956,9,2383.7999999999993,5,765.5999999999999,move,improve
4957,9,2383.7999999999993,5,765.5999999999999,2opt,improve
4958,9,2383.7999999999993,5,765.5999999999999,swap,improve
4959,9,2383.7999999999993,5,765.5999999999999,2opt,notBad
4960,9,2377.999999999999,5,765.5999999999999,swap,improve
4961,9,2377.999999999999,5,765.5999999999999,2opt,improve
4962,9,2377.999999999999,5,765.5999999999999,swap,notBad
4963,9,2377.999999999999,5,765.5999999999999,2opt,notBad
4964,9,2463.2,5,765.5999999999999,swap,acceptBad
4965,9,2463.2000000000003,5,765.5999999999999,2opt,acceptBad
4966,9,2463.2000000000003,5,765.5999999999999,move,improve
4967,9,2470.4,5,765.5999999999999,swap,acceptBad
4968,9,2470.4,5,765.5999999999999,2opt,notBad
4969,9,2470.4,5,765.5999999999999,2opt,notBad
4970,9,2470.4,5,765.5999999999999,2opt,notBad
4971,9,2470.4,5,765.5999999999999,2opt,improve
4972,9,2470.4,5,765.5999999999999,swap,notBad
4973,9,2470.4,5,765.5999999999999,swap,notBad
4974,9,2353.8,5,765.5999999999999,swap,improve
4975,9,2353.8,5,765.5999999999999,swap,notBad
4976,9,2353.8,5,765.5999999999999,move,improve
4977,9,2353.8,5,765.5999999999999,2opt,notBad
4978,9,2353.8,5,765.5999999999999,move,improve
4979,9,2353.8,5,765.5999999999999,2opt,notBad
4980,9,2353.8,5,765.5999999999999,move,improve
4981,9,2353.8,5,765.5999999999999,2opt,notBad
4982,9,2353.8,5,765.5999999999999,swap,notBad
4983,9,2353.8,5,765.5999999999999,move,improve
4984,9,2353.8,5,765.5999999999999,swap,notBad
4985,9,2353.8,5,765.5999999999999,swap,notBad
4986,9,2353.8,5,765.5999999999999,swap,notBad
4987,9,2353.8,5,765.5999999999999,2opt,improve
4988,9,2353.8,5,765.5999999999999,2opt,improve
4989,9,2353.8,5,765.5999999999999,move,improve
4990,9,2353.8,5,765.5999999999999,swap,notBad
4991,9,2353.8,5,765.5999999999999,swap,notBad
4992,9,2353.8,5,765.5999999999999,swap,notBad
4993,9,2353.8,5,765.5999999999999,swap,improve
4994,9,2353.8,5,765.5999999999999,move,improve
4995,9,2353.8,5,765.5999999999999,2opt,notBad
4996,9,2353.8,5,765.5999999999999,move,improve
4997,9,2353.8,5,765.5999999999999,2opt,improve
4998,9,2353.8,5,765.5999999999999,2opt,notBad
4999,9,2353.8,5,765.5999999999999,move,improve
5000,9,2353.8,5,765.5999999999999,move,improve
5001,9,2353.8,5,765.5999999999999,2opt,notBad
5002,9,2353.8,5,765.5999999999999,2opt,notBad
5003,9,2353.8,5,765.5999999999999,2opt,notBad
5004,9,2353.8,5,765.5999999999999,swap,notBad
5005,9,2353.8,5,765.5999999999999,2opt,notBad
5006,9,2353.8,5,765.5999999999999,swap,improve
5007,9,2353.8,5,765.5999999999999,swap,improve
5008,9,2353.8,5,765.5999999999999,2opt,notBad
5009,9,2353.8,5,765.5999999999999,swap,notBad
5010,9,2353.8,5,765.5999999999999,2opt,notBad
5011,9,2353.8,5,765.5999999999999,2opt,improve
5012,9,2353.8,5,765.5999999999999,2opt,notBad
5013,9,2353.8,5,765.5999999999999,swap,notBad
5014,9,2353.8,5,765.5999999999999,swap,improve
5015,9,2353.8,5,765.5999999999999,swap,notBad
5016,9,2353.8,5,765.5999999999999,2opt,notBad
5017,9,2353.8,5,765.5999999999999,2opt,notBad
5018,9,2353.8,5,765.5999999999999,2opt,notBad
5019,9,2353.8,5,765.5999999999999,2opt,notBad
5020,9,2353.8,5,765.5999999999999,move,improve
5021,9,2353.8,5,765.5999999999999,move,improve
5022,9,2353.8,5,765.5999999999999,2opt,notBad
5023,9,2353.8,5,765.5999999999999,2opt,notBad
5024,9,2353.8,5,765.5999999999999,move,improve
5025,9,2353.8,5,765.5999999999999,2opt,notBad
5026,9,2353.8,5,765.5999999999999,move,improve
5027,9,2335.7999999999997,5,765.5999999999999,move,improve
5028,9,2335.7999999999997,5,765.5999999999999,move,improve
5029,9,2335.7999999999997,5,765.5999999999999,2opt,notBad
5030,9,2335.7999999999997,5,765.5999999999999,swap,improve
5031,9,2335.7999999999997,5,765.5999999999999,move,improve
5032,9,2335.7999999999997,5,765.5999999999999,move,improve
5033,9,2335.7999999999997,5,765.5999999999999,swap,notBad
5034,9,2335.7999999999997,5,765.5999999999999,move,improve
5035,9,2335.7999999999997,5,765.5999999999999,2opt,notBad
5036,9,2335.7999999999997,5,765.5999999999999,swap,notBad
5037,9,2419.2000000000007,5,765.5999999999999,swap,acceptBad
5038,9,2419.2000000000007,5,765.5999999999999,swap,notBad
5039,9,2419.2000000000007,5,765.5999999999999,swap,notBad
5040,9,2419.2000000000007,5,765.5999999999999,move,improve
5041,9,2419.2000000000007,5,765.5999999999999,move,improve
5042,9,2419.2000000000007,5,765.5999999999999,2opt,notBad
5043,9,2419.2000000000007,5,765.5999999999999,swap,notBad
5044,9,2419.2000000000007,5,765.5999999999999,swap,improve
5045,9,2419.2000000000007,5,765.5999999999999,move,improve
5046,9,2419.2000000000007,5,765.5999999999999,2opt,notBad
5047,9,2419.2000000000007,5,765.5999999999999,move,improve
5048,9,2419.2000000000007,5,765.5999999999999,move,improve
5049,9,2419.2000000000007,5,765.5999999999999,move,improve
5050,9,2419.2000000000007,5,765.5999999999999,2opt,notBad
5051,9,2510.6,5,765.5999999999999,swap,acceptBad
5052,9,2510.6,5,765.5999999999999,swap,notBad
5053,9,2510.6,5,765.5999999999999,swap,improve
5054,9,2510.6,5,765.5999999999999,swap,notBad
5055,9,2510.6,5,765.5999999999999,swap,improve
5056,9,2510.6,5,765.5999999999999,2opt,notBad
5057,9,2510.6,5,765.5999999999999,move,improve
5058,9,2510.6,5,765.5999999999999,move,improve
5059,9,2510.6,5,765.5999999999999,2opt,notBad
5060,9,2510.6,5,765.5999999999999,swap,notBad
5061,9,2473.2000000000003,5,765.5999999999999,2opt,improve
5062,9,2473.2000000000003,5,765.5999999999999,2opt,notBad
5063,9,2473.2000000000003,5,765.5999999999999,move,improve
5064,9,2473.2000000000003,5,765.5999999999999,2opt,notBad
5065,9,2473.2000000000003,5,765.5999999999999,swap,improve
5066,9,2473.2000000000003,5,765.5999999999999,swap,improve
5067,9,2473.2000000000003,5,765.5999999999999,swap,improve
5068,9,2473.2000000000003,5,765.5999999999999,2opt,improve
5069,9,2473.2000000000003,5,765.5999999999999,move,improve
5070,9,2473.2000000000003,5,765.5999999999999,2opt,improve
5071,9,2473.2000000000003,5,765.5999999999999,2opt,notBad
5072,9,2473.2000000000003,5,765.5999999999999,move,improve
5073,9,2473.2000000000003,5,765.5999999999999,2opt,notBad
5074,9,2468.0000000000005,5,765.5999999999999,swap,improve
5075,9,2468.0000000000005,5,765.5999999999999,2opt,improve
5076,9,2468.0000000000005,5,765.5999999999999,2opt,improve
5077,9,2468.0000000000005,5,765.5999999999999,2opt,improve
5078,9,2468.0000000000005,5,765.5999999999999,2opt,notBad
5079,9,2468.0000000000005,5,765.5999999999999,swap,notBad
5080,9,2464.0000000000005,5,765.5999999999999,move,improve
5081,9,2464.0000000000005,5,765.5999999999999,swap,improve
5082,9,2464.0000000000005,5,765.5999999999999,2opt,improve
5083,9,2421.4,5,765.5999999999999,swap,improve
5084,9,2421.4,5,765.5999999999999,swap,notBad
5085,9,2421.4,5,765.5999999999999,swap,improve
5086,9,2421.4,5,765.5999999999999,2opt,improve
5087,9,2421.4,5,765.5999999999999,swap,improve
5088,9,2421.4,5,765.5999999999999,move,improve
5089,9,2421.4,5,765.5999999999999,swap,notBad
5090,9,2389.4,5,765.5999999999999,2opt,improve
5091,9,2389.4,5,765.5999999999999,move,improve
5092,9,2389.4,5,765.5999999999999,move,improve
5093,9,2389.4,5,765.5999999999999,move,improve
5094,9,2389.4,5,765.5999999999999,swap,notBad
5095,9,2389.4,5,765.5999999999999,2opt,notBad
5096,9,2389.4,5,765.5999999999999,2opt,notBad
5097,9,2389.4,5,765.5999999999999,2opt,notBad
5098,9,2389.4,5,765.5999999999999,move,improve
5099,9,2389.4,5,765.5999999999999,2opt,notBad
5100,9,2389.4,5,765.5999999999999,2opt,notBad
5101,9,2389.4,5,765.5999999999999,swap,notBad
5102,9,2389.4,5,765.5999999999999,swap,notBad
5103,9,2389.4,5,765.5999999999999,move,improve
5104,9,2389.4,5,765.5999999999999,move,improve
5105,9,2389.4,5,765.5999999999999,swap,notBad
5106,9,2389.4,5,765.5999999999999,2opt,notBad
5107,9,2389.4,5,765.5999999999999,2opt,improve
5108,9,2389.4,5,765.5999999999999,move,improve
5109,9,2389.4,5,765.5999999999999,move,improve
5110,9,2389.4,5,765.5999999999999,2opt,notBad
5111,9,2389.4,5,765.5999999999999,move,improve
5112,9,2389.4,5,765.5999999999999,swap,notBad
5113,9,2389.4,5,765.5999999999999,move,improve
5114,9,2389.4,5,765.5999999999999,move,improve
5115,9,2389.4,5,765.5999999999999,swap,notBad
5116,9,2389.4,5,765.5999999999999,swap,notBad
5117,9,2389.4,5,765.5999999999999,2opt,notBad
5118,9,2389.4,5,765.5999999999999,2opt,notBad
5119,9,2334.2000000000003,5,765.5999999999999,move,improve
5120,9,2334.2000000000003,5,765.5999999999999,swap,notBad
5121,9,2334.2000000000003,5,765.5999999999999,swap,improve
5122,9,2334.2000000000003,5,765.5999999999999,2opt,notBad
5123,9,2334.2000000000003,5,765.5999999999999,swap,notBad
5124,9,2334.2000000000003,5,765.5999999999999,move,improve
5125,9,2334.2000000000003,5,765.5999999999999,swap,improve
5126,9,2334.2000000000003,5,765.5999999999999,2opt,notBad
5127,9,2334.2000000000003,5,765.5999999999999,2opt,notBad
5128,9,2334.2000000000003,5,765.5999999999999,move,improve
5129,9,2334.2000000000003,5,765.5999999999999,swap,notBad
5130,9,2334.2000000000003,5,765.5999999999999,swap,notBad
5131,9,2334.2000000000003,5,765.5999999999999,2opt,notBad
5132,9,2334.2000000000003,5,765.5999999999999,swap,notBad
5133,9,2334.2000000000003,5,765.5999999999999,move,improve
5134,9,2334.2000000000003,5,765.5999999999999,2opt,improve
5135,9,2334.2000000000003,5,765.5999999999999,move,improve
5136,9,2379.600000000001,5,765.5999999999999,swap,acceptBad
5137,9,2379.600000000001,5,765.5999999999999,2opt,notBad
5138,9,2379.600000000001,5,765.5999999999999,2opt,notBad
5139,9,2379.600000000001,5,765.5999999999999,2opt,notBad
5140,9,2379.600000000001,5,765.5999999999999,2opt,notBad
5141,9,2379.600000000001,5,765.5999999999999,move,improve
5142,9,2379.600000000001,5,765.5999999999999,2opt,notBad
5143,9,2379.600000000001,5,765.5999999999999,2opt,notBad
5144,9,2437.2000000000007,5,765.5999999999999,swap,acceptBad
5145,9,2437.2000000000007,5,765.5999999999999,swap,notBad
5146,9,2437.2000000000007,5,765.5999999999999,swap,notBad
5147,9,2437.2000000000007,5,765.5999999999999,move,improve
5148,9,2437.2000000000007,5,765.5999999999999,swap,notBad
5149,9,2437.2000000000007,5,765.5999999999999,2opt,notBad
5150,9,2437.2000000000007,5,765.5999999999999,move,improve
5151,9,2437.2000000000007,5,765.5999999999999,2opt,notBad
5152,9,2452.8000000000006,5,765.5999999999999,swap,acceptBad
5153,9,2452.8000000000006,5,765.5999999999999,swap,improve
5154,9,2452.8000000000006,5,765.5999999999999,move,improve
5155,9,2452.8000000000006,5,765.5999999999999,2opt,improve
5156,9,2452.8000000000006,5,765.5999999999999,swap,notBad
5157,9,2452.8000000000006,5,765.5999999999999,move,improve
5158,9,2452.8000000000006,5,765.5999999999999,swap,improve
5159,9,2452.800000000001,5,765.5999999999999,2opt,acceptBad
5160,9,2452.800000000001,5,765.5999999999999,2opt,notBad
5161,9,2452.800000000001,5,765.5999999999999,move,improve
5162,9,2452.800000000001,5,765.5999999999999,2opt,notBad
5163,9,2469.6000000000004,5,765.5999999999999,swap,acceptBad
5164,9,2469.6000000000004,5,765.5999999999999,swap,notBad
5165,9,2469.6000000000004,5,765.5999999999999,swap,notBad
5166,9,2464.7999999999993,5,765.5999999999999,swap,improve
5167,9,2464.7999999999993,5,765.5999999999999,move,improve
5168,9,2464.7999999999993,5,765.5999999999999,2opt,notBad
5169,9,2464.7999999999993,5,765.5999999999999,swap,notBad
5170,9,2464.7999999999993,5,765.5999999999999,move,improve
5171,9,2464.7999999999993,5,765.5999999999999,2opt,improve
5172,9,2464.7999999999993,5,765.5999999999999,move,improve
5173,9,2464.7999999999993,5,765.5999999999999,2opt,notBad
5174,9,2464.7999999999993,5,765.5999999999999,2opt,notBad
5175,9,2449.199999999999,5,765.5999999999999,swap,improve
5176,9,2449.199999999999,5,765.5999999999999,2opt,notBad
5177,9,2449.199999999999,5,765.5999999999999,swap,notBad
5178,9,2449.199999999999,5,765.5999999999999,2opt,notBad
5179,9,2449.199999999999,5,765.5999999999999,move,improve
5180,9,2449.199999999999,5,765.5999999999999,2opt,improve
5181,9,2449.199999999999,5,765.5999999999999,swap,notBad
5182,9,2449.199999999999,5,765.5999999999999,swap,notBad
5183,9,2449.199999999999,5,765.5999999999999,swap,improve
5184,9,2449.199999999999,5,765.5999999999999,2opt,notBad
5185,9,2449.199999999999,5,765.5999999999999,swap,notBad
5186,9,2449.199999999999,5,765.5999999999999,move,improve
5187,9,2449.199999999999,5,765.5999999999999,2opt,notBad
5188,9,2449.199999999999,5,765.5999999999999,2opt,notBad
5189,9,2449.199999999999,5,765.5999999999999,move,improve
5190,8,1736.499999999999,5,765.5999999999999,move,improve
5191,8,1736.499999999999,5,765.5999999999999,2opt,notBad
5192,8,1760.2999999999997,5,765.5999999999999,swap,acceptBad
5193,8,1760.2999999999997,5,765.5999999999999,swap,notBad
5194,8,1687.0000000000002,5,765.5999999999999,swap,improve
5195,8,1687.0000000000002,5,765.5999999999999,swap,improve
5196,8,1719.8000000000002,5,765.5999999999999,swap,acceptBad
5197,8,1719.8000000000002,5,765.5999999999999,swap,notBad
5198,8,1719.8000000000002,5,765.5999999999999,move,improve
5199,8,1719.8000000000002,5,765.5999999999999,swap,notBad
5200,8,1719.8000000000002,5,765.5999999999999,2opt,improve
5201,8,1719.8000000000002,5,765.5999999999999,swap,notBad
5202,8,1719.8000000000002,5,765.5999999999999,2opt,notBad
5203,8,1718.6,5,765.5999999999999,swap,improve
5204,8,1718.6,5,765.5999999999999,move,improve
5205,8,1718.6,5,765.5999999999999,move,improve
5206,8,1718.6,5,765.5999999999999,2opt,notBad
5207,8,1718.6,5,765.5999999999999,move,improve
5208,8,1718.6,5,765.5999999999999,swap,notBad
5209,8,1718.6,5,765.5999999999999,2opt,notBad
5210,8,1718.6,5,765.5999999999999,2opt,notBad
5211,8,1718.6,5,765.5999999999999,swap,improve
5212,8,1718.6,5,765.5999999999999,2opt,notBad
5213,8,1742.6,5,765.5999999999999,swap,acceptBad
5214,8,1742.6,5,765.5999999999999,swap,notBad
5215,8,1742.6,5,765.5999999999999,move,improve
5216,8,1742.6,5,765.5999999999999,2opt,notBad
5217,8,1742.6,5,765.5999999999999,move,improve
5218,8,1742.6,5,765.5999999999999,move,improve
5219,8,1742.6,5,765.5999999999999,2opt,improve
5220,8,1742.6,5,765.5999999999999,move,improve
5221,8,1742.6,5,765.5999999999999,2opt,notBad
5222,8,1742.6,5,765.5999999999999,swap,notBad
5223,8,1742.6,5,765.5999999999999,2opt,notBad
5224,8,1742.6,5,765.5999999999999,swap,notBad
5225,8,1742.6,5,765.5999999999999,move,improve
5226,8,1742.6,5,765.5999999999999,swap,improve
5227,8,1742.6,5,765.5999999999999,2opt,notBad
5228,8,1742.6,5,765.5999999999999,move,improve
5229,8,1742.6,5,765.5999999999999,2opt,notBad
5230,8,1742.6,5,765.5999999999999,swap,notBad
5231,8,1742.6,5,765.5999999999999,2opt,notBad
5232,8,1742.6,5,765.5999999999999,move,improve
5233,8,1742.6,5,765.5999999999999,2opt,improve
5234,8,1742.6,5,765.5999999999999,move,improve
5235,8,1742.6,5,765.5999999999999,2opt,notBad
5236,8,1742.6,5,765.5999999999999,move,improve
5237,8,1708.3000000000002,5,765.5999999999999,2opt,improve
5238,8,1708.3000000000002,5,765.5999999999999,swap,improve
5239,8,1708.3000000000002,5,765.5999999999999,swap,notBad
5240,8,1708.3000000000002,5,765.5999999999999,2opt,notBad
5241,8,1708.3000000000002,5,765.5999999999999,move,improve
5242,8,1708.3000000000002,5,765.5999999999999,swap,notBad
5243,8,1708.3000000000002,5,765.5999999999999,2opt,notBad
5244,8,1708.3000000000002,5,765.5999999999999,move,improve
5245,8,1708.3000000000002,5,765.5999999999999,2opt,improve
5246,8,1708.3000000000002,5,765.5999999999999,move,improve
5247,8,1708.3000000000002,5,765.5999999999999,swap,notBad
5248,8,1708.3000000000002,5,765.5999999999999,swap,improve
5249,8,1708.3000000000002,5,765.5999999999999,2opt,notBad
5250,8,1708.3000000000002,5,765.5999999999999,move,improve
5251,8,1708.3000000000002,5,765.5999999999999,2opt,notBad
5252,8,1708.3000000000002,5,765.5999999999999,2opt,notBad
5253,8,1708.3000000000002,5,765.5999999999999,move,improve
5254,8,1693.5000000000002,5,765.5999999999999,move,improve
5255,8,1693.5000000000002,5,765.5999999999999,move,improve
5256,8,1693.5000000000002,5,765.5999999999999,move,improve
5257,8,1693.5000000000002,5,765.5999999999999,swap,notBad
5258,8,1693.5000000000002,5,765.5999999999999,2opt,notBad
5259,8,1693.5000000000002,5,765.5999999999999,move,improve
5260,8,1693.5000000000002,5,765.5999999999999,swap,notBad
5261,8,1693.5000000000002,5,765.5999999999999,move,improve
5262,8,1693.5000000000002,5,765.5999999999999,move,improve
5263,8,1693.5000000000002,5,765.5999999999999,swap,notBad
5264,8,1693.5000000000002,5,765.5999999999999,move,improve
5265,8,1693.5000000000002,5,765.5999999999999,swap,improve
5266,8,1693.5000000000002,5,765.5999999999999,2opt,improve
5267,8,1693.5000000000002,5,765.5999999999999,2opt,notBad
5268,8,1693.5000000000002,5,765.5999999999999,swap,improve
5269,8,1693.5000000000002,5,765.5999999999999,swap,notBad
5270,8,1693.5000000000002,5,765.5999999999999,swap,notBad
5271,8,1693.5000000000002,5,765.5999999999999,2opt,improve
5272,8,1693.5000000000002,5,765.5999999999999,swap,notBad
5273,8,1693.5000000000002,5,765.5999999999999,2opt,notBad
5274,8,1693.5000000000002,5,765.5999999999999,2opt,notBad
5275,8,1693.5000000000002,5,765.5999999999999,2opt,notBad
5276,8,1693.5000000000002,5,765.5999999999999,swap,notBad
5277,8,1693.5000000000002,5,765.5999999999999,swap,improve
5278,8,1693.5000000000002,5,765.5999999999999,swap,improve
5279,8,1693.5000000000002,5,765.5999999999999,move,improve
5280,8,1693.5000000000002,5,765.5999999999999,move,improve
5281,8,1693.5000000000002,5,765.5999999999999,2opt,notBad
5282,8,1693.5000000000002,5,765.5999999999999,swap,notBad
5283,8,1693.5000000000002,5,765.5999999999999,move,improve
5284,8,1693.5000000000002,5,765.5999999999999,move,improve
5285,8,1693.5000000000002,5,765.5999999999999,2opt,notBad
5286,8,1693.5000000000002,5,765.5999999999999,swap,notBad
5287,8,1693.5000000000002,5,765.5999999999999,2opt,notBad
5288,8,1693.5000000000002,5,765.5999999999999,move,improve
5289,8,1693.5000000000002,5,765.5999999999999,swap,notBad
5290,8,1693.5000000000002,5,765.5999999999999,move,improve
5291,8,1693.5000000000002,5,765.5999999999999,swap,improve
5292,8,1693.5000000000002,5,765.5999999999999,swap,notBad
5293,8,1693.5000000000002,5,765.5999999999999,swap,notBad
5294,8,1693.5000000000002,5,765.5999999999999,move,improve
5295,8,1693.5000000000002,5,765.5999999999999,2opt,notBad
5296,8,1693.5000000000002,5,765.5999999999999,swap,improve
5297,8,1693.5000000000002,5,765.5999999999999,move,improve
5298,8,1693.5000000000002,5,765.5999999999999,2opt,notBad
5299,8,1693.5000000000002,5,765.5999999999999,swap,notBad
5300,8,1693.5000000000002,5,765.5999999999999,move,improve
5301,8,1693.5000000000002,5,765.5999999999999,2opt,notBad
5302,8,1693.5000000000002,5,765.5999999999999,swap,notBad
5303,8,1693.5000000000002,5,765.5999999999999,swap,notBad
5304,8,1693.5000000000002,5,765.5999999999999,2opt,improve
5305,8,1693.5000000000002,5,765.5999999999999,2opt,improve
5306,8,1693.5000000000002,5,765.5999999999999,swap,improve
5307,8,1693.5000000000002,5,765.5999999999999,2opt,notBad
5308,8,1748.2999999999995,5,765.5999999999999,swap,acceptBad
5309,8,1748.2999999999995,5,765.5999999999999,swap,improve
5310,8,1748.2999999999995,5,765.5999999999999,swap,notBad
5311,8,1748.2999999999995,5,765.5999999999999,2opt,notBad
5312,8,1748.2999999999995,5,765.5999999999999,move,improve
5313,8,1816.4999999999993,5,765.5999999999999,swap,acceptBad
5314,8,1758.9999999999998,5,765.5999999999999,swap,improve
5315,8,1758.9999999999998,5,765.5999999999999,move,improve
5316,8,1758.9999999999998,5,765.5999999999999,2opt,notBad
5317,8,1758.9999999999998,5,765.5999999999999,2opt,notBad
5318,8,1758.9999999999998,5,765.5999999999999,swap,improve
5319,8,1758.9999999999998,5,765.5999999999999,swap,notBad
5320,8,1758.9999999999998,5,765.5999999999999,2opt,notBad
5321,8,1758.9999999999998,5,765.5999999999999,move,improve
5322,8,1758.9999999999998,5,765.5999999999999,2opt,notBad
5323,8,1758.9999999999998,5,765.5999999999999,swap,notBad
5324,8,1794.4999999999998,5,765.5999999999999,swap,acceptBad
5325,8,1794.4999999999998,5,765.5999999999999,2opt,notBad
5326,8,1785.5,5,765.5999999999999,swap,improve
5327,8,1741.0999999999995,5,765.5999999999999,move,improve
5328,8,1741.0999999999995,5,765.5999999999999,move,improve
5329,8,1741.0999999999995,5,765.5999999999999,2opt,improve
5330,8,1741.0999999999995,5,765.5999999999999,move,improve
5331,8,1741.0999999999995,5,765.5999999999999,swap,improve
5332,8,1741.0999999999995,5,765.5999999999999,2opt,improve
5333,8,1693.4999999999995,5,765.5999999999999,move,improve
5334,8,1693.4999999999995,5,765.5999999999999,2opt,notBad
5335,8,1710.9999999999995,5,765.5999999999999,swap,acceptBad
5336,8,1710.9999999999995,5,765.5999999999999,swap,improve
5337,8,1710.9999999999995,5,765.5999999999999,swap,improve
5338,8,1710.9999999999995,5,765.5999999999999,move,improve
5339,8,1710.9999999999995,5,765.5999999999999,move,improve
5340,8,1710.9999999999995,5,765.5999999999999,swap,improve
5341,8,1710.9999999999995,5,765.5999999999999,2opt,improve
5342,8,1710.9999999999995,5,765.5999999999999,move,improve
5343,8,1710.9999999999995,5,765.5999999999999,2opt,notBad
5344,8,1710.9999999999995,5,765.5999999999999,swap,notBad
5345,8,1710.9999999999995,5,765.5999999999999,2opt,improve
5346,8,1710.9999999999995,5,765.5999999999999,2opt,notBad
5347,8,1710.9999999999995,5,765.5999999999999,swap,notBad
5348,8,1710.9999999999995,5,765.5999999999999,2opt,notBad
5349,8,1710.9999999999995,5,765.5999999999999,swap,notBad
5350,8,1710.9999999999995,5,765.5999999999999,2opt,notBad
5351,8,1710.9999999999995,5,765.5999999999999,2opt,notBad
5352,8,1710.9999999999995,5,765.5999999999999,swap,improve
5353,8,1719.9999999999993,5,765.5999999999999,swap,acceptBad
5354,8,1719.9999999999993,5,765.5999999999999,move,improve
5355,8,1719.9999999999993,5,765.5999999999999,2opt,notBad
5356,8,1719.9999999999993,5,765.5999999999999,move,improve
5357,8,1719.9999999999993,5,765.5999999999999,2opt,improve
5358,8,1719.9999999999993,5,765.5999999999999,swap,notBad
5359,8,1719.9999999999993,5,765.5999999999999,swap,notBad
5360,8,1719.9999999999993,5,765.5999999999999,move,improve
5361,8,1719.9999999999993,5,765.5999999999999,move,improve
5362,8,1719.9999999999993,5,765.5999999999999,move,improve
5363,8,1719.9999999999993,5,765.5999999999999,move,improve
5364,8,1719.9999999999993,5,765.5999999999999,2opt,improve
5365,8,1719.9999999999993,5,765.5999999999999,2opt,notBad
5366,8,1719.9999999999993,5,765.5999999999999,swap,notBad
5367,8,1719.9999999999993,5,765.5999999999999,move,improve
5368,8,1719.9999999999993,5,765.5999999999999,swap,improve
5369,8,1719.9999999999993,5,765.5999999999999,move,improve
5370,8,1719.9999999999993,5,765.5999999999999,swap,improve
5371,8,1719.9999999999993,5,765.5999999999999,2opt,notBad
5372,8,1719.9999999999993,5,765.5999999999999,2opt,improve
5373,8,1694.3999999999996,5,765.5999999999999,swap,improve
5374,8,1694.3999999999996,5,765.5999999999999,swap,improve
5375,8,1694.3999999999996,5,765.5999999999999,move,improve
5376,8,1694.3999999999996,5,765.5999999999999,move,improve
5377,8,1694.3999999999996,5,765.5999999999999,2opt,improve
5378,8,1694.3999999999996,5,765.5999999999999,2opt,notBad
5379,8,1694.3999999999996,5,765.5999999999999,move,improve
5380,8,1694.3999999999996,5,765.5999999999999,swap,improve
5381,8,1694.3999999999996,5,765.5999999999999,swap,improve
5382,8,1694.3999999999996,5,765.5999999999999,swap,improve
5383,8,1694.3999999999996,5,765.5999999999999,2opt,notBad
5384,8,1694.3999999999996,5,765.5999999999999,swap,notBad
5385,8,1694.3999999999996,5,765.5999999999999,2opt,notBad
5386,8,1694.3999999999996,5,765.5999999999999,2opt,notBad
5387,8,1694.3999999999996,5,765.5999999999999,2opt,improve
5388,8,1694.3999999999996,5,765.5999999999999,move,improve
5389,8,1694.3999999999996,5,765.5999999999999,swap,notBad
5390,8,1694.3999999999996,5,765.5999999999999,move,improve
5391,8,1694.3999999999996,5,765.5999999999999,2opt,notBad
5392,8,1719.9999999999993,5,765.5999999999999,swap,acceptBad
5393,8,1721.0999999999995,5,765.5999999999999,swap,acceptBad
5394,8,1695.5,5,765.5999999999999,swap,improve
5395,8,1695.5,5,765.5999999999999,swap,improve
5396,8,1695.5,5,765.5999999999999,swap,improve
5397,8,1695.5,5,765.5999999999999,move,improve
5398,8,1695.4999999999998,5,765.5999999999999,2opt,improve
5399,8,1755.0999999999997,5,765.5999999999999,swap,acceptBad
5400,8,1755.0999999999997,5,765.5999999999999,move,improve
5401,8,1755.0999999999997,5,765.5999999999999,move,improve
5402,8,1776.0999999999995,5,765.5999999999999,swap,acceptBad
5403,8,1776.0999999999995,5,765.5999999999999,swap,notBad
5404,8,1776.0999999999995,5,765.5999999999999,2opt,improve
5405,8,1776.0999999999995,5,765.5999999999999,swap,improve
5406,8,1776.0999999999995,5,765.5999999999999,swap,improve
5407,8,1779.6000000000008,5,765.5999999999999,swap,acceptBad
5408,8,1779.6000000000008,5,765.5999999999999,move,improve
5409,8,1779.6000000000008,5,765.5999999999999,move,improve
5410,8,1779.6000000000008,5,765.5999999999999,swap,notBad
5411,8,1779.6000000000008,5,765.5999999999999,2opt,notBad
5412,8,1779.6000000000008,5,765.5999999999999,swap,notBad
5413,8,1779.6000000000008,5,765.5999999999999,move,improve
5414,8,1779.6000000000008,5,765.5999999999999,move,improve
5415,8,1779.6000000000008,5,765.5999999999999,swap,notBad
5416,8,1779.6000000000008,5,765.5999999999999,move,improve
5417,8,1779.6000000000008,5,765.5999999999999,move,improve
5418,8,1779.6000000000008,5,765.5999999999999,swap,notBad
5419,8,1779.6000000000008,5,765.5999999999999,move,improve
5420,8,1779.6000000000008,5,765.5999999999999,move,improve
5421,8,1779.6000000000008,5,765.5999999999999,swap,notBad
5422,8,1779.6000000000008,5,765.5999999999999,2opt,notBad
5423,8,1779.6000000000008,5,765.5999999999999,move,improve
5424,8,1779.6000000000008,5,765.5999999999999,swap,improve
5425,8,1779.6000000000008,5,765.5999999999999,move,improve
5426,8,1779.6000000000008,5,765.5999999999999,2opt,improve
5427,8,1779.6000000000008,5,765.5999999999999,swap,notBad
5428,8,1779.6000000000008,5,765.5999999999999,swap,notBad
5429,8,1779.6000000000004,5,765.5999999999999,2opt,improve
5430,8,1779.6000000000004,5,765.5999999999999,2opt,notBad
5431,8,1779.6000000000004,5,765.5999999999999,2opt,notBad
5432,8,1779.6000000000004,5,765.5999999999999,move,improve
5433,8,1779.6000000000004,5,765.5999999999999,move,improve
5434,8,1779.6000000000004,5,765.5999999999999,swap,improve
5435,8,1779.6000000000004,5,765.5999999999999,2opt,notBad
5436,8,1779.6000000000004,5,765.5999999999999,2opt,notBad
5437,8,1779.6000000000004,5,765.5999999999999,move,improve
5438,8,1846.5,5,765.5999999999999,swap,acceptBad
5439,8,1795.8999999999994,5,765.5999999999999,2opt,improve
5440,8,1795.8999999999994,5,765.5999999999999,move,notBad
5441,8,1795.8999999999994,5,765.5999999999999,swap,improve
5442,8,1795.8999999999994,5,765.5999999999999,2opt,improve
5443,8,1795.8999999999994,5,765.5999999999999,swap,improve
5444,8,1744.3999999999994,5,765.5999999999999,move,improve
5445,8,1744.3999999999994,5,765.5999999999999,swap,improve
5446,8,1661.8999999999996,5,765.5999999999999,swap,improve
5447,8,1661.8999999999996,5,765.5999999999999,2opt,notBad
5448,8,1661.8999999999996,5,765.5999999999999,2opt,notBad
5449,8,1661.8999999999996,5,765.5999999999999,move,improve
5450,8,1661.8999999999996,5,765.5999999999999,swap,improve
5451,8,1661.8999999999996,5,765.5999999999999,move,improve
5452,8,1661.8999999999996,5,765.5999999999999,move,improve
5453,8,1661.8999999999996,5,765.5999999999999,swap,improve
5454,8,1661.8999999999996,5,765.5999999999999,move,improve
5455,8,1661.8999999999996,5,765.5999999999999,2opt,notBad
5456,8,1661.8999999999996,5,765.5999999999999,move,improve
5457,8,1661.8999999999996,5,765.5999999999999,move,improve
5458,8,1661.8999999999996,5,765.5999999999999,move,improve
5459,8,1661.8999999999996,5,765.5999999999999,2opt,notBad
5460,8,1661.8999999999996,5,765.5999999999999,2opt,improve
5461,8,1661.8999999999996,5,765.5999999999999,2opt,improve
5462,8,1661.8999999999996,5,765.5999999999999,move,improve
5463,8,1661.8999999999996,5,765.5999999999999,move,improve
5464,8,1661.8999999999996,5,765.5999999999999,2opt,notBad
5465,8,1661.8999999999996,5,765.5999999999999,2opt,improve
5466,8,1661.8999999999996,5,765.5999999999999,2opt,improve
5467,8,1661.8999999999996,5,765.5999999999999,2opt,notBad
5468,8,1661.8999999999996,5,765.5999999999999,move,improve
5469,8,1661.8999999999996,5,765.5999999999999,2opt,notBad
5470,8,1661.8999999999996,5,765.5999999999999,move,improve
5471,8,1661.8999999999996,5,765.5999999999999,swap,improve
5472,8,1661.8999999999996,5,765.5999999999999,swap,improve
5473,8,1661.8999999999996,5,765.5999999999999,swap,notBad
5474,8,1661.8999999999996,5,765.5999999999999,2opt,notBad
5475,8,1620.9999999999995,5,765.5999999999999,swap,improve
5476,8,1620.9999999999995,5,765.5999999999999,2opt,notBad
5477,8,1620.9999999999995,5,765.5999999999999,move,improve
5478,8,1620.9999999999995,5,765.5999999999999,move,improve
5479,8,1620.9999999999995,5,765.5999999999999,move,improve
5480,8,1620.9999999999995,5,765.5999999999999,move,improve
5481,8,1620.9999999999995,5,765.5999999999999,swap,notBad
5482,8,1620.9999999999995,5,765.5999999999999,move,improve
5483,8,1574.7999999999993,5,765.5999999999999,move,improve
5484,8,1594.2999999999997,5,765.5999999999999,swap,acceptBad
5485,8,1594.2999999999997,5,765.5999999999999,move,improve
5486,8,1594.2999999999997,5,765.5999999999999,swap,notBad
5487,8,1594.2999999999997,5,765.5999999999999,2opt,notBad
5488,8,1549.2999999999993,5,765.5999999999999,swap,improve
5489,8,1549.2999999999993,5,765.5999999999999,2opt,improve
5490,8,1549.2999999999993,5,765.5999999999999,swap,improve
5491,8,1549.2999999999993,5,765.5999999999999,swap,notBad
5492,8,1549.2999999999993,5,765.5999999999999,move,improve
5493,8,1549.2999999999993,5,765.5999999999999,swap,notBad
5494,8,1549.2999999999997,5,765.5999999999999,2opt,acceptBad
5495,8,1545.7999999999995,5,765.5999999999999,swap,improve
5496,8,1545.7999999999995,5,765.5999999999999,move,improve
5497,8,1545.7999999999995,5,765.5999999999999,move,improve
5498,8,1545.7999999999995,5,765.5999999999999,swap,notBad
5499,8,1545.7999999999995,5,765.5999999999999,move,improve
5500,8,1592.7999999999997,5,765.5999999999999,swap,acceptBad
5501,8,1592.7999999999997,5,765.5999999999999,swap,improve
5502,8,1592.7999999999997,5,765.5999999999999,2opt,notBad
5503,8,1592.7999999999997,5,765.5999999999999,move,improve
5504,8,1592.7999999999997,5,765.5999999999999,move,improve
5505,8,1592.7999999999997,5,765.5999999999999,2opt,notBad
5506,8,1592.7999999999997,5,765.5999999999999,2opt,improve
5507,8,1592.7999999999997,5,765.5999999999999,2opt,improve
5508,8,1592.7999999999997,5,765.5999999999999,swap,improve
5509,8,1545.7999999999995,5,765.5999999999999,swap,improve
5510,8,1545.7999999999995,5,765.5999999999999,2opt,improve
5511,8,1547.4999999999995,5,765.5999999999999,swap,acceptBad
5512,8,1547.4999999999995,5,765.5999999999999,move,improve
5513,8,1547.4999999999995,5,765.5999999999999,2opt,notBad
5514,8,1547.4999999999995,5,765.5999999999999,swap,improve
5515,8,1547.4999999999995,5,765.5999999999999,2opt,improve
5516,8,1547.4999999999995,5,765.5999999999999,swap,notBad
5517,8,1547.4999999999995,5,765.5999999999999,2opt,improve
5518,8,1547.4999999999995,5,765.5999999999999,2opt,improve
5519,8,1547.4999999999995,5,765.5999999999999,2opt,notBad
5520,8,1548.3999999999992,5,765.5999999999999,swap,acceptBad
5521,8,1548.3999999999992,5,765.5999999999999,2opt,notBad
5522,8,1548.3999999999992,5,765.5999999999999,move,improve
5523,8,1548.3999999999992,5,765.5999999999999,move,improve
5524,8,1479.3999999999994,5,765.5999999999999,move,improve
5525,8,1479.3999999999994,5,765.5999999999999,move,improve
5526,8,1479.3999999999994,5,765.5999999999999,swap,notBad
5527,8,1479.3999999999994,5,765.5999999999999,2opt,improve
5528,8,1479.3999999999994,5,765.5999999999999,2opt,improve
5529,8,1479.3999999999994,5,765.5999999999999,move,improve
5530,8,1479.3999999999994,5,765.5999999999999,2opt,improve
5531,8,1479.3999999999994,5,765.5999999999999,swap,notBad
5532,8,1479.3999999999994,5,765.5999999999999,move,improve
5533,8,1479.3999999999994,5,765.5999999999999,swap,notBad
5534,8,1479.3999999999994,5,765.5999999999999,move,improve
5535,8,1479.3999999999994,5,765.5999999999999,swap,improve
5536,8,1479.3999999999994,5,765.5999999999999,swap,improve
5537,8,1479.3999999999994,5,765.5999999999999,move,improve
5538,8,1479.3999999999994,5,765.5999999999999,move,improve
5539,8,1479.3999999999994,5,765.5999999999999,move,improve
5540,8,1479.3999999999992,5,765.5999999999999,2opt,improve
5541,8,1479.3999999999992,5,765.5999999999999,2opt,improve
5542,8,1479.3999999999992,5,765.5999999999999,2opt,improve
5543,8,1479.3999999999992,5,765.5999999999999,move,improve
5544,8,1479.3999999999992,5,765.5999999999999,swap,notBad
5545,8,1479.3999999999992,5,765.5999999999999,swap,improve
5546,8,1479.3999999999992,5,765.5999999999999,2opt,notBad
5547,8,1479.3999999999992,5,765.5999999999999,move,improve
5548,8,1479.3999999999992,5,765.5999999999999,move,improve
5549,8,1474.499999999999,5,765.5999999999999,2opt,improve
5550,8,1474.499999999999,5,765.5999999999999,move,improve
5551,8,1474.499999999999,5,765.5999999999999,2opt,notBad
5552,8,1474.499999999999,5,765.5999999999999,swap,notBad
5553,8,1474.499999999999,5,765.5999999999999,move,improve
5554,8,1474.499999999999,5,765.5999999999999,swap,improve
5555,8,1474.499999999999,5,765.5999999999999,2opt,improve
5556,8,1474.499999999999,5,765.5999999999999,move,improve
5557,8,1474.499999999999,5,765.5999999999999,2opt,improve
5558,8,1474.499999999999,5,765.5999999999999,move,improve
5559,8,1474.499999999999,5,765.5999999999999,swap,notBad
5560,8,1474.499999999999,5,765.5999999999999,2opt,notBad
5561,8,1474.499999999999,5,765.5999999999999,move,improve
5562,8,1474.499999999999,5,765.5999999999999,move,improve
5563,8,1474.499999999999,5,765.5999999999999,2opt,notBad
5564,8,1474.499999999999,5,765.5999999999999,swap,notBad
5565,8,1474.499999999999,5,765.5999999999999,2opt,notBad
5566,8,1474.499999999999,5,765.5999999999999,swap,notBad
5567,8,1474.499999999999,5,765.5999999999999,2opt,notBad
5568,8,1474.499999999999,5,765.5999999999999,swap,notBad
5569,8,1474.499999999999,5,765.5999999999999,move,improve
5570,8,1474.499999999999,5,765.5999999999999,2opt,notBad
5571,8,1474.499999999999,5,765.5999999999999,2opt,notBad
5572,8,1474.499999999999,5,765.5999999999999,2opt,improve
5573,8,1474.499999999999,5,765.5999999999999,swap,improve
5574,8,1474.499999999999,5,765.5999999999999,move,improve
5575,8,1479.5999999999995,5,765.5999999999999,swap,acceptBad
5576,8,1491.8999999999996,5,765.5999999999999,swap,acceptBad
5577,8,1491.8999999999996,5,765.5999999999999,2opt,notBad
5578,8,1491.8999999999996,5,765.5999999999999,swap,improve
5579,8,1491.8999999999996,5,765.5999999999999,move,improve
5580,8,1491.8999999999996,5,765.5999999999999,2opt,notBad
5581,8,1491.8999999999996,5,765.5999999999999,2opt,notBad
5582,8,1491.8999999999996,5,765.5999999999999,swap,improve
5583,8,1491.8999999999996,5,765.5999999999999,2opt,notBad
5584,8,1491.8999999999996,5,765.5999999999999,2opt,notBad
5585,8,1491.8999999999996,5,765.5999999999999,move,improve
5586,8,1491.8999999999996,5,765.5999999999999,move,improve
5587,8,1491.8999999999996,5,765.5999999999999,move,improve
5588,8,1491.8999999999996,5,765.5999999999999,swap,improve
5589,8,1491.8999999999996,5,765.5999999999999,move,improve
5590,8,1491.8999999999996,5,765.5999999999999,2opt,improve
5591,8,1491.8999999999996,5,765.5999999999999,swap,improve
5592,8,1491.8999999999996,5,765.5999999999999,2opt,notBad
5593,8,1491.8999999999996,5,765.5999999999999,move,improve
5594,8,1491.8999999999996,5,765.5999999999999,2opt,notBad
5595,8,1491.8999999999996,5,765.5999999999999,2opt,notBad
5596,8,1491.8999999999996,5,765.5999999999999,swap,improve
5597,8,1491.8999999999996,5,765.5999999999999,swap,improve
5598,8,1491.8999999999996,5,765.5999999999999,2opt,improve
5599,8,1491.8999999999996,5,765.5999999999999,2opt,notBad
5600,8,1491.8999999999996,5,765.5999999999999,move,improve
5601,8,1491.8999999999996,5,765.5999999999999,swap,improve
5602,8,1491.8999999999996,5,765.5999999999999,swap,improve
5603,8,1491.8999999999996,5,765.5999999999999,2opt,notBad
5604,8,1491.8999999999996,5,765.5999999999999,swap,notBad
5605,8,1491.8999999999996,5,765.5999999999999,move,improve
5606,8,1491.8999999999996,5,765.5999999999999,2opt,improve
5607,8,1491.8999999999996,5,765.5999999999999,swap,improve
5608,8,1491.8999999999996,5,765.5999999999999,move,improve
5609,8,1491.8999999999996,5,765.5999999999999,move,improve
5610,8,1491.8999999999996,5,765.5999999999999,swap,notBad
5611,8,1491.8999999999996,5,765.5999999999999,move,improve
5612,8,1491.8999999999996,5,765.5999999999999,2opt,notBad
5613,8,1491.8999999999996,5,765.5999999999999,move,improve
5614,8,1491.8999999999996,5,765.5999999999999,move,improve
5615,8,1491.8999999999996,5,765.5999999999999,move,improve
5616,8,1493.2999999999997,5,765.5999999999999,swap,acceptBad
5617,8,1493.2999999999997,5,765.5999999999999,move,improve
5618,8,1493.2999999999997,5,765.5999999999999,2opt,notBad
5619,8,1493.2999999999997,5,765.5999999999999,move,improve
5620,8,1493.2999999999997,5,765.5999999999999,move,improve
5621,8,1493.2999999999997,5,765.5999999999999,2opt,improve
5622,8,1493.2999999999997,5,765.5999999999999,move,improve
5623,8,1493.2999999999997,5,765.5999999999999,2opt,notBad
5624,8,1493.2999999999997,5,765.5999999999999,move,improve
5625,8,1493.2999999999997,5,765.5999999999999,swap,notBad
5626,8,1493.2999999999997,5,765.5999999999999,move,improve
5627,8,1493.2999999999997,5,765.5999999999999,move,improve
5628,8,1493.2999999999997,5,765.5999999999999,move,improve
5629,8,1493.2999999999997,5,765.5999999999999,swap,notBad
5630,8,1493.2999999999997,5,765.5999999999999,2opt,notBad
5631,8,1493.2999999999997,5,765.5999999999999,swap,notBad
5632,8,1493.2999999999997,5,765.5999999999999,move,improve
5633,8,1493.2999999999997,5,765.5999999999999,move,improve
5634,8,1493.2999999999997,5,765.5999999999999,move,improve
5635,8,1503.7999999999997,5,765.5999999999999,swap,acceptBad
5636,8,1503.7999999999997,5,765.5999999999999,swap,notBad
5637,8,1503.7999999999997,5,765.5999999999999,move,improve
5638,8,1503.7999999999997,5,765.5999999999999,2opt,notBad
5639,8,1503.7999999999997,5,765.5999999999999,swap,notBad
5640,8,1543.7999999999997,5,765.5999999999999,swap,acceptBad
5641,8,1543.7999999999997,5,765.5999999999999,move,improve
5642,8,1543.7999999999997,5,765.5999999999999,2opt,notBad
5643,8,1543.7999999999997,5,765.5999999999999,2opt,notBad
5644,8,1543.7999999999997,5,765.5999999999999,2opt,improve
5645,8,1543.7999999999997,5,765.5999999999999,2opt,improve
5646,8,1543.7999999999997,5,765.5999999999999,swap,improve
5647,8,1543.8,5,765.5999999999999,2opt,acceptBad
5648,8,1543.8,5,765.5999999999999,swap,improve
5649,8,1543.8,5,765.5999999999999,2opt,notBad
5650,8,1543.8,5,765.5999999999999,move,improve
5651,8,1543.8,5,765.5999999999999,2opt,improve
5652,8,1543.8,5,765.5999999999999,swap,notBad
5653,8,1543.8,5,765.5999999999999,swap,improve
5654,8,1543.7999999999997,5,765.5999999999999,2opt,improve
5655,8,1543.7999999999997,5,765.5999999999999,2opt,notBad
5656,8,1543.7999999999997,5,765.5999999999999,2opt,improve
5657,8,1543.7999999999997,5,765.5999999999999,swap,improve
5658,8,1543.7999999999997,5,765.5999999999999,swap,improve
5659,8,1543.7999999999997,5,765.5999999999999,move,improve
5660,8,1543.7999999999997,5,765.5999999999999,2opt,improve
5661,8,1543.7999999999997,5,765.5999999999999,move,improve
5662,8,1543.7999999999997,5,765.5999999999999,2opt,improve
5663,8,1543.7999999999997,5,765.5999999999999,2opt,improve
5664,8,1543.7999999999997,5,765.5999999999999,move,improve
5665,8,1543.7999999999997,5,765.5999999999999,move,improve
5666,8,1543.7999999999997,5,765.5999999999999,2opt,notBad
5667,8,1543.7999999999997,5,765.5999999999999,swap,notBad
5668,8,1543.7999999999997,5,765.5999999999999,2opt,notBad
5669,8,1543.7999999999997,5,765.5999999999999,swap,improve
5670,8,1543.7999999999997,5,765.5999999999999,swap,improve
5671,8,1543.7999999999997,5,765.5999999999999,move,improve
5672,8,1543.7999999999997,5,765.5999999999999,2opt,improve
5673,8,1543.8,5,765.5999999999999,2opt,acceptBad
5674,8,1543.8,5,765.5999999999999,swap,improve
5675,8,1543.8,5,765.5999999999999,move,improve
5676,8,1543.8,5,765.5999999999999,move,notBad
5677,8,1543.8,5,765.5999999999999,move,improve
5678,8,1543.8,5,765.5999999999999,2opt,notBad
5679,8,1543.8,5,765.5999999999999,swap,improve
5680,8,1543.8,5,765.5999999999999,2opt,notBad
5681,8,1543.8,5,765.5999999999999,move,improve
5682,8,1543.8,5,765.5999999999999,move,improve
5683,8,1543.8,5,765.5999999999999,move,improve
5684,8,1543.8,5,765.5999999999999,move,improve
5685,8,1543.8,5,765.5999999999999,2opt,notBad
5686,8,1543.8,5,765.5999999999999,move,improve
5687,8,1543.8,5,765.5999999999999,2opt,notBad
5688,8,1543.8,5,765.5999999999999,2opt,notBad
5689,8,1543.8,5,765.5999999999999,move,improve
5690,8,1543.8,5,765.5999999999999,2opt,notBad
5691,8,1543.8,5,765.5999999999999,move,improve
5692,8,1543.8,5,765.5999999999999,move,improve
5693,8,1543.8,5,765.5999999999999,swap,notBad
5694,8,1543.8,5,765.5999999999999,2opt,improve
5695,8,1543.8,5,765.5999999999999,swap,improve
5696,8,1543.8,5,765.5999999999999,2opt,notBad
5697,8,1543.8,5,765.5999999999999,2opt,notBad
5698,8,1523.3999999999996,5,765.5999999999999,swap,improve
5699,8,1523.3999999999996,5,765.5999999999999,swap,notBad
5700,8,1523.3999999999996,5,765.5999999999999,2opt,improve
5701,8,1523.3999999999996,5,765.5999999999999,swap,notBad
5702,8,1523.3999999999996,5,765.5999999999999,swap,notBad
5703,8,1519.8999999999996,5,765.5999999999999,swap,improve
5704,8,1519.8999999999996,5,765.5999999999999,2opt,notBad
5705,8,1519.8999999999996,5,765.5999999999999,swap,notBad
5706,8,1519.8999999999996,5,765.5999999999999,swap,improve
5707,8,1519.8999999999996,5,765.5999999999999,2opt,notBad
5708,8,1519.8999999999996,5,765.5999999999999,swap,improve
5709,8,1519.8999999999996,5,765.5999999999999,swap,notBad
5710,8,1519.8999999999996,5,765.5999999999999,swap,improve
5711,8,1566.0999999999997,5,765.5999999999999,swap,acceptBad
5712,8,1566.0999999999997,5,765.5999999999999,2opt,improve
5713,8,1566.0999999999997,5,765.5999999999999,swap,notBad
5714,8,1566.0999999999997,5,765.5999999999999,2opt,notBad
5715,8,1566.0999999999997,5,765.5999999999999,2opt,improve
5716,8,1566.0999999999997,5,765.5999999999999,swap,notBad
5717,8,1566.0999999999997,5,765.5999999999999,2opt,improve
5718,8,1566.0999999999997,5,765.5999999999999,swap,notBad
5719,8,1566.0999999999997,5,765.5999999999999,2opt,notBad
5720,8,1566.0999999999997,5,765.5999999999999,swap,notBad
5721,8,1566.0999999999997,5,765.5999999999999,2opt,notBad
5722,8,1566.0999999999997,5,765.5999999999999,2opt,improve
5723,8,1566.0999999999997,5,765.5999999999999,move,improve
5724,8,1566.0999999999997,5,765.5999999999999,2opt,improve
5725,8,1566.0999999999997,5,765.5999999999999,move,improve
5726,8,1566.0999999999997,5,765.5999999999999,swap,notBad
5727,8,1566.0999999999997,5,765.5999999999999,swap,notBad
5728,8,1566.0999999999997,5,765.5999999999999,2opt,notBad
5729,8,1575.1999999999996,5,765.5999999999999,swap,acceptBad
5730,8,1575.1999999999996,5,765.5999999999999,move,improve
5731,8,1575.1999999999996,5,765.5999999999999,move,improve
5732,8,1575.1999999999996,5,765.5999999999999,swap,improve
5733,8,1606.0000000000002,5,765.5999999999999,swap,acceptBad
5734,8,1625.2000000000005,5,765.5999999999999,swap,acceptBad
5735,8,1625.2000000000005,5,765.5999999999999,swap,improve
5736,8,1625.2000000000005,5,765.5999999999999,swap,notBad
5737,8,1632.1000000000004,5,765.5999999999999,swap,acceptBad
5738,8,1632.1000000000004,5,765.5999999999999,swap,notBad
5739,8,1632.1000000000004,5,765.5999999999999,move,improve
5740,8,1632.1000000000004,5,765.5999999999999,move,improve
5741,8,1632.1000000000004,5,765.5999999999999,move,improve
5742,8,1632.1000000000004,5,765.5999999999999,move,improve
5743,8,1606.0000000000002,5,765.5999999999999,swap,improve
5744,8,1606.0000000000005,5,765.5999999999999,2opt,acceptBad
5745,8,1606.0000000000005,5,765.5999999999999,swap,improve
5746,8,1606.0000000000005,5,765.5999999999999,2opt,improve
5747,8,1606.0000000000005,5,765.5999999999999,swap,improve
5748,8,1611.0000000000005,5,765.5999999999999,swap,acceptBad
5749,8,1611.0000000000005,5,765.5999999999999,swap,improve
5750,8,1611.0000000000005,5,765.5999999999999,2opt,notBad
5751,8,1611.0000000000005,5,765.5999999999999,move,improve
5752,8,1611.0000000000005,5,765.5999999999999,move,improve
5753,8,1611.0000000000005,5,765.5999999999999,2opt,notBad
5754,8,1611.0000000000005,5,765.5999999999999,swap,improve
5755,8,1611.0000000000005,5,765.5999999999999,move,improve
5756,8,1611.0000000000005,5,765.5999999999999,move,improve
5757,8,1611.0000000000005,5,765.5999999999999,move,improve
5758,8,1611.0000000000005,5,765.5999999999999,move,improve
5759,8,1611.0000000000005,5,765.5999999999999,2opt,notBad
5760,8,1611.0000000000005,5,765.5999999999999,2opt,notBad
5761,8,1611.0000000000005,5,765.5999999999999,swap,improve
5762,8,1611.0000000000005,5,765.5999999999999,2opt,improve
5763,8,1609.9000000000005,5,765.5999999999999,swap,improve
5764,8,1609.9000000000005,5,765.5999999999999,move,improve
5765,8,1609.9000000000005,5,765.5999999999999,swap,improve
5766,8,1609.9000000000005,5,765.5999999999999,2opt,improve
5767,8,1609.9000000000005,5,765.5999999999999,move,improve
5768,8,1609.9000000000005,5,765.5999999999999,move,improve
5769,8,1609.9000000000005,5,765.5999999999999,2opt,improve
5770,8,1609.9000000000005,5,765.5999999999999,move,improve
5771,8,1609.9000000000005,5,765.5999999999999,2opt,notBad
5772,8,1609.9000000000005,5,765.5999999999999,2opt,notBad
5773,8,1609.9000000000005,5,765.5999999999999,move,improve
5774,8,1609.9000000000005,5,765.5999999999999,2opt,notBad
5775,8,1609.9000000000005,5,765.5999999999999,2opt,notBad
5776,8,1563.0000000000005,5,765.5999999999999,swap,improve
5777,8,1579.4999999999995,5,765.5999999999999,swap,acceptBad
5778,8,1539.5999999999995,5,765.5999999999999,2opt,improve
5779,8,1539.5999999999995,5,765.5999999999999,2opt,notBad
5780,8,1539.5999999999995,5,765.5999999999999,2opt,improve
5781,8,1539.5999999999995,5,765.5999999999999,move,improve
5782,8,1539.5999999999995,5,765.5999999999999,2opt,improve
5783,8,1539.5999999999995,5,765.5999999999999,2opt,notBad
5784,8,1539.5999999999995,5,765.5999999999999,move,improve
5785,8,1539.5999999999995,5,765.5999999999999,2opt,notBad
5786,8,1539.5999999999995,5,765.5999999999999,2opt,notBad
5787,8,1539.5999999999995,5,765.5999999999999,2opt,notBad
5788,8,1539.5999999999995,5,765.5999999999999,move,improve
5789,8,1539.5999999999995,5,765.5999999999999,swap,improve
5790,8,1561.7999999999997,5,765.5999999999999,swap,acceptBad
5791,8,1561.7999999999997,5,765.5999999999999,move,notBad
5792,8,1561.7999999999997,5,765.5999999999999,2opt,improve
5793,8,1561.7999999999997,5,765.5999999999999,swap,improve
5794,8,1561.7999999999997,5,765.5999999999999,swap,improve
5795,8,1561.7999999999997,5,765.5999999999999,move,improve
5796,8,1561.8000000000002,5,765.5999999999999,2opt,acceptBad
5797,8,1555.8000000000002,5,765.5999999999999,move,improve
5798,8,1555.8000000000002,5,765.5999999999999,2opt,notBad
5799,8,1555.8000000000002,5,765.5999999999999,swap,improve
5800,8,1551.0,5,765.5999999999999,swap,improve
5801,8,1551.0,5,765.5999999999999,2opt,improve
5802,8,1551.0,5,765.5999999999999,move,improve
5803,8,1551.0,5,765.5999999999999,swap,notBad
5804,8,1551.0,5,765.5999999999999,move,improve
5805,8,1551.0,5,765.5999999999999,swap,notBad
5806,8,1551.0,5,765.5999999999999,swap,notBad
5807,8,1551.0,5,765.5999999999999,2opt,improve
5808,8,1551.0,5,765.5999999999999,swap,improve
5809,8,1551.0,5,765.5999999999999,move,improve
5810,8,1551.0000000000005,5,765.5999999999999,2opt,acceptBad
5811,8,1551.0000000000005,5,765.5999999999999,2opt,notBad
5812,8,1551.0,5,765.5999999999999,swap,improve
5813,8,1551.0,5,765.5999999999999,2opt,improve
5814,8,1551.0,5,765.5999999999999,move,improve
5815,8,1551.0,5,765.5999999999999,2opt,notBad
5816,8,1551.0,5,765.5999999999999,swap,notBad
5817,8,1551.0,5,765.5999999999999,move,improve
5818,8,1551.0,5,765.5999999999999,move,improve
5819,8,1551.0,5,765.5999999999999,move,improve
5820,8,1551.0,5,765.5999999999999,move,improve
5821,8,1551.0,5,765.5999999999999,swap,improve
5822,8,1551.0,5,765.5999999999999,2opt,improve
5823,8,1545.6,5,765.5999999999999,2opt,improve
5824,8,1545.6,5,765.5999999999999,2opt,notBad
5825,8,1545.5999999999997,5,765.5999999999999,2opt,improve
5826,8,1545.5999999999997,5,765.5999999999999,move,improve
5827,8,1545.5999999999997,5,765.5999999999999,move,improve
5828,8,1545.5999999999997,5,765.5999999999999,2opt,notBad
5829,8,1545.5999999999997,5,765.5999999999999,2opt,improve
5830,8,1545.5999999999997,5,765.5999999999999,move,improve
5831,8,1545.5999999999997,5,765.5999999999999,move,improve
5832,8,1545.5999999999997,5,765.5999999999999,swap,improve
5833,8,1545.5999999999997,5,765.5999999999999,2opt,improve
5834,8,1545.5999999999997,5,765.5999999999999,move,improve
5835,8,1545.5999999999997,5,765.5999999999999,swap,notBad
5836,8,1534.1999999999998,5,765.5999999999999,2opt,improve
5837,8,1534.1999999999998,5,765.5999999999999,swap,improve
5838,8,1534.1999999999998,5,765.5999999999999,2opt,notBad
5839,8,1534.1999999999998,5,765.5999999999999,swap,improve
5840,8,1534.1999999999998,5,765.5999999999999,2opt,notBad
5841,8,1534.1999999999998,5,765.5999999999999,2opt,notBad
5842,8,1534.1999999999998,5,765.5999999999999,2opt,notBad
5843,8,1534.1999999999998,5,765.5999999999999,2opt,notBad
5844,8,1534.1999999999998,5,765.5999999999999,2opt,improve
5845,8,1534.1999999999998,5,765.5999999999999,2opt,notBad
5846,8,1534.1999999999998,5,765.5999999999999,move,improve
5847,8,1534.1999999999998,5,765.5999999999999,move,improve
5848,8,1534.1999999999998,5,765.5999999999999,move,improve
5849,8,1534.1999999999998,5,765.5999999999999,move,improve
5850,8,1534.1999999999998,5,765.5999999999999,swap,improve
5851,8,1534.1999999999998,5,765.5999999999999,swap,notBad
5852,8,1534.1999999999998,5,765.5999999999999,2opt,notBad
5853,8,1534.1999999999998,5,765.5999999999999,move,improve
5854,8,1534.1999999999998,5,765.5999999999999,swap,improve
5855,8,1534.1999999999998,5,765.5999999999999,move,improve
5856,8,1519.5,5,765.5999999999999,2opt,improve
5857,8,1519.5,5,765.5999999999999,2opt,improve
5858,8,1519.5,5,765.5999999999999,move,improve
5859,8,1519.5,5,765.5999999999999,move,improve
5860,8,1519.5,5,765.5999999999999,move,improve
5861,8,1519.5,5,765.5999999999999,move,notBad
5862,8,1519.5,5,765.5999999999999,move,improve
5863,8,1519.5,5,765.5999999999999,swap,improve
5864,8,1519.5,5,765.5999999999999,2opt,notBad
5865,8,1523.3000000000002,5,765.5999999999999,swap,acceptBad
5866,8,1523.3000000000002,5,765.5999999999999,move,improve
5867,8,1523.3000000000002,5,765.5999999999999,move,improve
5868,8,1523.3000000000002,5,765.5999999999999,2opt,notBad
5869,8,1523.2999999999997,5,765.5999999999999,2opt,improve
5870,8,1523.2999999999997,5,765.5999999999999,swap,notBad
5871,8,1523.2999999999997,5,765.5999999999999,swap,notBad
5872,8,1523.2999999999997,5,765.5999999999999,2opt,improve
5873,8,1523.2999999999997,5,765.5999999999999,move,improve
5874,8,1523.2999999999997,5,765.5999999999999,swap,improve
5875,8,1523.2999999999997,5,765.5999999999999,2opt,notBad
5876,8,1523.3000000000002,5,765.5999999999999,2opt,acceptBad
5877,8,1523.3000000000002,5,765.5999999999999,2opt,notBad
5878,8,1523.3000000000002,5,765.5999999999999,move,improve
5879,8,1523.3000000000002,5,765.5999999999999,swap,improve
5880,8,1523.3000000000002,5,765.5999999999999,move,improve
5881,8,1523.3000000000002,5,765.5999999999999,2opt,notBad
5882,8,1523.3000000000002,5,765.5999999999999,swap,improve
5883,8,1523.3000000000002,5,765.5999999999999,2opt,notBad
5884,8,1523.3000000000002,5,765.5999999999999,move,improve
5885,8,1523.3000000000002,5,765.5999999999999,2opt,notBad
5886,8,1523.3000000000002,5,765.5999999999999,swap,notBad
5887,8,1523.3000000000002,5,765.5999999999999,move,improve
5888,8,1523.3000000000002,5,765.5999999999999,2opt,notBad
5889,8,1523.3000000000002,5,765.5999999999999,2opt,improve
5890,8,1523.3000000000002,5,765.5999999999999,move,improve
5891,8,1523.3000000000002,5,765.5999999999999,2opt,improve
5892,8,1523.3000000000002,5,765.5999999999999,swap,improve
5893,8,1523.3000000000002,5,765.5999999999999,move,improve
5894,8,1523.3000000000002,5,765.5999999999999,swap,notBad
5895,8,1523.3000000000002,5,765.5999999999999,2opt,improve
5896,8,1523.3000000000002,5,765.5999999999999,swap,improve
5897,8,1523.3000000000002,5,765.5999999999999,swap,notBad
5898,8,1523.3000000000002,5,765.5999999999999,move,improve
5899,8,1523.3000000000002,5,765.5999999999999,move,improve
5900,8,1523.3000000000002,5,765.5999999999999,move,improve
5901,8,1523.3000000000002,5,765.5999999999999,move,improve
5902,8,1523.3000000000002,5,765.5999999999999,move,improve
5903,8,1523.3000000000002,5,765.5999999999999,2opt,notBad
5904,8,1523.3000000000002,5,765.5999999999999,swap,improve
5905,8,1523.3000000000002,5,765.5999999999999,2opt,notBad
5906,8,1523.3000000000002,5,765.5999999999999,move,improve
5907,8,1523.3000000000002,5,765.5999999999999,move,improve
5908,8,1523.3000000000002,5,765.5999999999999,move,improve
5909,8,1523.3000000000002,5,765.5999999999999,swap,notBad
5910,8,1523.3000000000002,5,765.5999999999999,2opt,notBad
5911,8,1523.3000000000002,5,765.5999999999999,move,improve
5912,8,1523.3000000000002,5,765.5999999999999,swap,improve
5913,8,1523.3000000000002,5,765.5999999999999,2opt,notBad
5914,8,1523.3000000000002,5,765.5999999999999,2opt,improve
5915,8,1523.3000000000002,5,765.5999999999999,swap,improve
5916,8,1523.3000000000002,5,765.5999999999999,2opt,improve
5917,8,1523.3000000000002,5,765.5999999999999,move,improve
5918,8,1495.3999999999996,5,765.5999999999999,2opt,improve
5919,8,1495.3999999999996,5,765.5999999999999,2opt,improve
5920,8,1495.3999999999996,5,765.5999999999999,2opt,notBad
5921,8,1495.3999999999996,5,765.5999999999999,move,improve
5922,8,1495.3999999999996,5,765.5999999999999,move,improve
5923,8,1495.3999999999996,5,765.5999999999999,swap,notBad
5924,8,1495.3999999999996,5,765.5999999999999,swap,improve
5925,8,1495.3999999999996,5,765.5999999999999,2opt,notBad
5926,8,1491.5,5,765.5999999999999,swap,improve
5927,8,1491.5,5,765.5999999999999,move,improve
5928,8,1491.5,5,765.5999999999999,2opt,notBad
5929,8,1495.3999999999996,5,765.5999999999999,swap,acceptBad
5930,8,1495.3999999999996,5,765.5999999999999,swap,notBad
5931,8,1495.3999999999996,5,765.5999999999999,swap,improve
5932,8,1495.3999999999996,5,765.5999999999999,move,improve
5933,8,1495.3999999999996,5,765.5999999999999,move,improve
5934,8,1495.3999999999996,5,765.5999999999999,2opt,notBad
5935,8,1495.3999999999996,5,765.5999999999999,2opt,improve
5936,8,1495.3999999999996,5,765.5999999999999,swap,improve
5937,8,1495.3999999999996,5,765.5999999999999,swap,notBad
5938,8,1495.3999999999996,5,765.5999999999999,move,improve
5939,8,1495.3999999999996,5,765.5999999999999,2opt,notBad
5940,8,1495.3999999999996,5,765.5999999999999,move,improve
5941,8,1495.3999999999996,5,765.5999999999999,2opt,improve
5942,8,1495.3999999999996,5,765.5999999999999,move,improve
5943,8,1495.3999999999996,5,765.5999999999999,swap,improve
5944,8,1495.3999999999996,5,765.5999999999999,2opt,improve
5945,8,1495.3999999999996,5,765.5999999999999,swap,improve
5946,8,1495.3999999999996,5,765.5999999999999,swap,notBad
5947,8,1495.3999999999996,5,765.5999999999999,move,improve
5948,8,1495.3999999999996,5,765.5999999999999,2opt,notBad
5949,8,1495.3999999999996,5,765.5999999999999,2opt,notBad
5950,8,1495.3999999999996,5,765.5999999999999,move,improve
5951,8,1495.3999999999996,5,765.5999999999999,swap,improve
5952,8,1495.3999999999996,5,765.5999999999999,swap,improve
5953,8,1495.3999999999996,5,765.5999999999999,2opt,notBad
5954,8,1495.3999999999996,5,765.5999999999999,swap,notBad
5955,8,1495.3999999999996,5,765.5999999999999,swap,improve
5956,8,1479.8999999999994,5,765.5999999999999,2opt,improve
5957,8,1479.8999999999994,5,765.5999999999999,2opt,notBad
5958,8,1479.8999999999994,5,765.5999999999999,move,improve
5959,8,1479.8999999999994,5,765.5999999999999,2opt,notBad
5960,8,1479.8999999999994,5,765.5999999999999,2opt,notBad
5961,8,1479.8999999999994,5,765.5999999999999,move,improve
5962,8,1479.8999999999994,5,765.5999999999999,move,improve
5963,8,1479.8999999999996,5,765.5999999999999,swap,acceptBad
5964,8,1479.8999999999996,5,765.5999999999999,2opt,notBad
5965,8,1479.8999999999996,5,765.5999999999999,swap,improve
5966,8,1479.8999999999996,5,765.5999999999999,2opt,improve
5967,8,1479.8999999999996,5,765.5999999999999,move,improve
5968,8,1479.8999999999996,5,765.5999999999999,swap,improve
5969,8,1479.8999999999996,5,765.5999999999999,move,improve
5970,8,1479.8999999999996,5,765.5999999999999,swap,notBad
5971,8,1495.4,5,765.5999999999999,swap,acceptBad
5972,8,1495.4,5,765.5999999999999,move,improve
5973,8,1495.4,5,765.5999999999999,swap,improve
5974,8,1495.4,5,765.5999999999999,swap,improve
5975,8,1495.4,5,765.5999999999999,2opt,notBad
5976,8,1495.4,5,765.5999999999999,move,improve
5977,8,1495.4,5,765.5999999999999,move,improve
5978,8,1495.4,5,765.5999999999999,move,improve
5979,8,1495.3999999999996,5,765.5999999999999,2opt,improve
5980,8,1495.3999999999996,5,765.5999999999999,move,improve
5981,8,1495.3999999999996,5,765.5999999999999,swap,improve
5982,8,1510.3999999999996,5,765.5999999999999,swap,acceptBad
5983,8,1510.3999999999996,5,765.5999999999999,2opt,notBad
5984,8,1510.3999999999996,5,765.5999999999999,move,improve
5985,8,1510.3999999999996,5,765.5999999999999,swap,improve
5986,8,1510.3999999999996,5,765.5999999999999,2opt,notBad
5987,8,1510.3999999999996,5,765.5999999999999,swap,improve
5988,8,1510.3999999999996,5,765.5999999999999,2opt,improve
5989,8,1510.3999999999996,5,765.5999999999999,2opt,notBad
5990,8,1510.3999999999996,5,765.5999999999999,2opt,improve
5991,8,1510.3999999999996,5,765.5999999999999,swap,improve
5992,8,1510.3999999999996,5,765.5999999999999,move,improve
5993,8,1510.3999999999996,5,765.5999999999999,2opt,notBad
5994,8,1510.3999999999996,5,765.5999999999999,swap,improve
5995,8,1510.3999999999996,5,765.5999999999999,move,improve
5996,8,1510.3999999999996,5,765.5999999999999,move,improve
5997,8,1510.3999999999996,5,765.5999999999999,swap,notBad
5998,8,1510.3999999999996,5,765.5999999999999,2opt,notBad
5999,8,1510.3999999999996,5,765.5999999999999,2opt,improve
6000,8,1510.3999999999996,5,765.5999999999999,swap,improve
6001,8,1510.3999999999996,5,765.5999999999999,swap,notBad
6002,8,1510.3999999999996,5,765.5999999999999,move,improve
6003,8,1510.3999999999996,5,765.5999999999999,swap,improve
6004,8,1506.5,5,765.5999999999999,swap,improve
6005,8,1506.5,5,765.5999999999999,swap,notBad
6006,8,1506.5,5,765.5999999999999,2opt,notBad
6007,8,1506.5,5,765.5999999999999,2opt,notBad
6008,8,1506.5,5,765.5999999999999,swap,notBad
6009,8,1506.5,5,765.5999999999999,move,improve
6010,8,1506.5,5,765.5999999999999,2opt,notBad
6011,8,1506.5,5,765.5999999999999,2opt,notBad
6012,8,1506.5,5,765.5999999999999,move,improve
6013,8,1506.5,5,765.5999999999999,2opt,improve
6014,8,1506.5,5,765.5999999999999,2opt,notBad
6015,8,1506.5,5,765.5999999999999,2opt,improve
6016,8,1506.5,5,765.5999999999999,swap,notBad
6017,8,1506.5,5,765.5999999999999,move,improve
6018,8,1506.5,5,765.5999999999999,swap,notBad
6019,8,1506.5,5,765.5999999999999,swap,improve
6020,8,1506.5,5,765.5999999999999,move,improve
6021,8,1516.3000000000006,5,765.5999999999999,2opt,acceptBad
6022,8,1516.3000000000006,5,765.5999999999999,2opt,notBad
6023,8,1516.3000000000006,5,765.5999999999999,swap,notBad
6024,8,1516.3000000000006,5,765.5999999999999,swap,improve
6025,8,1522.2000000000007,5,765.5999999999999,2opt,acceptBad
6026,8,1522.2000000000007,5,765.5999999999999,2opt,notBad
6027,8,1522.2000000000007,5,765.5999999999999,swap,improve
6028,8,1522.2000000000007,5,765.5999999999999,swap,improve
6029,8,1522.2000000000007,5,765.5999999999999,2opt,notBad
6030,8,1522.2000000000007,5,765.5999999999999,swap,notBad
6031,8,1522.2000000000007,5,765.5999999999999,move,improve
6032,8,1522.2000000000007,5,765.5999999999999,2opt,improve
6033,8,1522.2000000000007,5,765.5999999999999,2opt,notBad
6034,8,1522.2000000000007,5,765.5999999999999,move,improve
6035,8,1522.2000000000007,5,765.5999999999999,2opt,notBad
6036,8,1522.2000000000007,5,765.5999999999999,2opt,notBad
6037,8,1522.2000000000007,5,765.5999999999999,swap,improve
6038,8,1522.2000000000007,5,765.5999999999999,move,improve
6039,8,1522.2000000000007,5,765.5999999999999,2opt,notBad
6040,8,1522.2000000000007,5,765.5999999999999,swap,notBad
6041,8,1522.2000000000007,5,765.5999999999999,2opt,improve
6042,8,1522.2000000000007,5,765.5999999999999,move,improve
6043,8,1547.4,5,765.5999999999999,swap,acceptBad
6044,8,1547.4,5,765.5999999999999,swap,improve
6045,8,1547.4,5,765.5999999999999,move,improve
6046,8,1547.4,5,765.5999999999999,2opt,notBad
6047,8,1547.4,5,765.5999999999999,swap,notBad
6048,8,1547.4,5,765.5999999999999,move,improve
6049,8,1547.4,5,765.5999999999999,swap,notBad
6050,8,1547.4,5,765.5999999999999,move,improve
6051,8,1547.4,5,765.5999999999999,move,improve
6052,8,1547.4,5,765.5999999999999,move,improve
6053,8,1547.4,5,765.5999999999999,move,improve
6054,8,1547.4,5,765.5999999999999,move,improve
6055,8,1547.4,5,765.5999999999999,2opt,notBad
6056,8,1547.4,5,765.5999999999999,move,improve
6057,8,1547.4,5,765.5999999999999,swap,notBad
6058,8,1547.4,5,765.5999999999999,swap,improve
6059,8,1547.4,5,765.5999999999999,move,improve
6060,8,1547.4,5,765.5999999999999,swap,improve
6061,8,1536.9,5,765.5999999999999,swap,improve
6062,8,1536.9,5,765.5999999999999,swap,notBad
6063,8,1536.9,5,765.5999999999999,swap,improve
6064,8,1536.9,5,765.5999999999999,move,improve
6065,8,1536.9,5,765.5999999999999,2opt,notBad
6066,8,1536.9,5,765.5999999999999,2opt,notBad
6067,8,1536.9,5,765.5999999999999,2opt,notBad
6068,8,1536.9,5,765.5999999999999,swap,notBad
6069,8,1536.9,5,765.5999999999999,2opt,improve
6070,8,1536.9,5,765.5999999999999,2opt,improve
6071,8,1536.9,5,765.5999999999999,2opt,notBad
6072,8,1536.9,5,765.5999999999999,move,improve
6073,8,1503.7000000000003,5,765.5999999999999,move,improve
6074,8,1503.7000000000003,5,765.5999999999999,2opt,improve
6075,8,1503.7000000000003,5,765.5999999999999,2opt,notBad
6076,8,1503.7000000000003,5,765.5999999999999,2opt,notBad
6077,8,1503.7000000000003,5,765.5999999999999,2opt,improve
6078,8,1503.7000000000003,5,765.5999999999999,move,improve
6079,8,1503.7000000000003,5,765.5999999999999,swap,notBad
6080,8,1503.6999999999998,5,765.5999999999999,2opt,improve
6081,8,1503.6999999999998,5,765.5999999999999,swap,notBad
6082,8,1503.6999999999998,5,765.5999999999999,swap,notBad
6083,8,1503.6999999999998,5,765.5999999999999,2opt,notBad
6084,8,1536.8000000000002,5,765.5999999999999,swap,acceptBad
6085,8,1534.8999999999996,5,765.5999999999999,swap,improve
6086,8,1534.8999999999996,5,765.5999999999999,move,improve
6087,8,1534.8999999999996,5,765.5999999999999,swap,notBad
6088,8,1534.8999999999996,5,765.5999999999999,swap,improve
6089,8,1525.0,5,765.5999999999999,swap,improve
6090,8,1525.0,5,765.5999999999999,swap,notBad
6091,8,1524.0,5,765.5999999999999,swap,improve
6092,8,1524.0,5,765.5999999999999,swap,notBad
6093,8,1524.0,5,765.5999999999999,move,improve
6094,8,1524.0,5,765.5999999999999,swap,improve
6095,8,1524.0,5,765.5999999999999,2opt,notBad
6096,8,1553.5000000000005,5,765.5999999999999,swap,acceptBad
6097,8,1553.5000000000005,5,765.5999999999999,move,improve
6098,8,1553.5000000000005,5,765.5999999999999,2opt,notBad
6099,8,1553.5000000000005,5,765.5999999999999,2opt,notBad
6100,8,1553.5000000000005,5,765.5999999999999,2opt,notBad
6101,8,1495.1,5,765.5999999999999,swap,improve
6102,8,1495.1,5,765.5999999999999,swap,notBad
6103,8,1495.1,5,765.5999999999999,swap,notBad
6104,8,1521.1000000000004,5,765.5999999999999,swap,acceptBad
6105,8,1521.1000000000004,5,765.5999999999999,2opt,notBad
6106,8,1521.1000000000004,5,765.5999999999999,move,improve
6107,8,1521.1000000000004,5,765.5999999999999,move,improve
6108,8,1521.1000000000004,5,765.5999999999999,swap,notBad
6109,8,1521.1000000000004,5,765.5999999999999,2opt,notBad
6110,8,1521.1000000000004,5,765.5999999999999,2opt,notBad
6111,8,1521.1,5,765.5999999999999,swap,improve
6112,8,1521.1,5,765.5999999999999,2opt,improve
6113,8,1521.1,5,765.5999999999999,swap,notBad
6114,8,1521.1,5,765.5999999999999,move,improve
6115,8,1521.1,5,765.5999999999999,swap,notBad
6116,8,1521.1,5,765.5999999999999,move,improve
6117,8,1521.1,5,765.5999999999999,2opt,notBad
6118,8,1521.1,5,765.5999999999999,2opt,notBad
6119,8,1521.1,5,765.5999999999999,2opt,notBad
6120,8,1521.1,5,765.5999999999999,swap,notBad
6121,8,1521.1,5,765.5999999999999,swap,notBad
6122,8,1521.0999999999995,5,765.5999999999999,2opt,improve
6123,8,1521.0999999999995,5,765.5999999999999,2opt,notBad
6124,8,1521.0999999999995,5,765.5999999999999,move,improve
6125,8,1521.0999999999995,5,765.5999999999999,swap,improve
6126,8,1521.0999999999995,5,765.5999999999999,swap,notBad
6127,8,1521.0999999999995,5,765.5999999999999,move,improve
6128,8,1521.0999999999995,5,765.5999999999999,swap,notBad
6129,8,1521.0999999999995,5,765.5999999999999,swap,notBad
6130,8,1521.0999999999995,5,765.5999999999999,move,notBad
6131,8,1524.1000000000008,5,765.5999999999999,swap,acceptBad
6132,8,1524.1000000000008,5,765.5999999999999,swap,notBad
6133,8,1524.1000000000001,5,765.5999999999999,2opt,improve
6134,8,1524.1000000000001,5,765.5999999999999,move,improve
6135,8,1524.1000000000001,5,765.5999999999999,2opt,notBad
6136,8,1524.1000000000001,5,765.5999999999999,2opt,notBad
6137,8,1524.1000000000001,5,765.5999999999999,2opt,improve
6138,8,1524.1000000000001,5,765.5999999999999,2opt,improve
6139,8,1508.9000000000008,5,765.5999999999999,swap,improve
6140,8,1508.9000000000008,5,765.5999999999999,swap,notBad
6141,8,1508.9000000000008,5,765.5999999999999,move,improve
6142,8,1508.9000000000008,5,765.5999999999999,2opt,notBad
6143,8,1511.7,5,765.5999999999999,swap,acceptBad
6144,8,1511.7,5,765.5999999999999,2opt,notBad
6145,8,1511.7,5,765.5999999999999,swap,improve
6146,8,1511.7,5,765.5999999999999,2opt,notBad
6147,8,1511.7,5,765.5999999999999,move,improve
6148,8,1511.7,5,765.5999999999999,swap,improve
6149,8,1511.7,5,765.5999999999999,move,improve
6150,8,1511.7,5,765.5999999999999,swap,notBad
6151,8,1511.7,5,765.5999999999999,move,improve
6152,8,1511.7,5,765.5999999999999,2opt,improve
6153,8,1511.7,5,765.5999999999999,move,improve
6154,8,1511.7,5,765.5999999999999,2opt,notBad
6155,8,1511.7,5,765.5999999999999,swap,notBad
6156,8,1511.6999999999994,5,765.5999999999999,2opt,improve
6157,8,1508.9000000000005,5,765.5999999999999,swap,improve
6158,8,1508.9000000000005,5,765.5999999999999,move,improve
6159,8,1508.9000000000005,5,765.5999999999999,move,improve
6160,8,1508.9000000000005,5,765.5999999999999,move,improve
6161,8,1508.900000000001,5,765.5999999999999,2opt,acceptBad
6162,8,1508.9,5,765.5999999999999,2opt,improve
6163,8,1508.9,5,765.5999999999999,swap,improve
6164,8,1508.9,5,765.5999999999999,swap,notBad
6165,8,1508.9,5,765.5999999999999,2opt,improve
6166,8,1508.9,5,765.5999999999999,2opt,notBad
6167,8,1508.9,5,765.5999999999999,move,improve
6168,7,1089.0,5,765.5999999999999,move,improve
6169,7,1089.0,5,765.5999999999999,swap,notBad
6170,7,1089.0,5,765.5999999999999,move,improve
6171,7,1089.0,5,765.5999999999999,2opt,notBad
6172,7,1089.0,5,765.5999999999999,move,improve
6173,7,1089.0,5,765.5999999999999,2opt,improve
6174,7,1089.0,5,765.5999999999999,2opt,notBad
6175,7,1089.0,5,765.5999999999999,2opt,improve
6176,7,1089.0,5,765.5999999999999,swap,notBad
6177,7,1089.0,5,765.5999999999999,swap,improve
6178,7,1089.0,5,765.5999999999999,move,improve
6179,7,1089.0,5,765.5999999999999,swap,improve
6180,7,1089.0,5,765.5999999999999,move,improve
6181,7,1102.6,5,765.5999999999999,swap,acceptBad
6182,7,1089.0,5,765.5999999999999,swap,improve
6183,7,1099.4,5,765.5999999999999,swap,acceptBad
6184,7,1066.1999999999994,5,765.5999999999999,swap,improve
6185,7,1066.1999999999994,5,765.5999999999999,2opt,improve
6186,7,1066.1999999999994,5,765.5999999999999,swap,improve
6187,7,1066.1999999999994,5,765.5999999999999,move,improve
6188,7,1066.1999999999994,5,765.5999999999999,move,improve
6189,7,1066.1999999999994,5,765.5999999999999,swap,notBad
6190,7,1066.1999999999994,5,765.5999999999999,2opt,improve
6191,7,1066.1999999999994,5,765.5999999999999,2opt,notBad
6192,7,1066.1999999999994,5,765.5999999999999,2opt,improve
6193,7,1066.1999999999994,5,765.5999999999999,move,improve
6194,7,1071.3999999999999,5,765.5999999999999,swap,acceptBad
6195,7,1071.3999999999999,5,765.5999999999999,swap,notBad
6196,7,1071.3999999999999,5,765.5999999999999,move,improve
6197,7,1071.3999999999999,5,765.5999999999999,move,improve
6198,7,1071.3999999999996,5,765.5999999999999,2opt,improve
6199,7,1066.1999999999994,5,765.5999999999999,swap,improve
6200,7,1066.1999999999994,5,765.5999999999999,move,improve
6201,7,1066.1999999999994,5,765.5999999999999,swap,improve
6202,7,1066.1999999999994,5,765.5999999999999,move,improve
6203,7,1066.1999999999994,5,765.5999999999999,2opt,improve
6204,7,1066.1999999999994,5,765.5999999999999,swap,notBad
6205,7,1066.1999999999994,5,765.5999999999999,move,improve
6206,7,1066.1999999999994,5,765.5999999999999,2opt,improve
6207,7,1066.1999999999994,5,765.5999999999999,move,improve
6208,7,1066.1999999999994,5,765.5999999999999,move,improve
6209,7,1066.1999999999994,5,765.5999999999999,move,improve
6210,7,1066.1999999999994,5,765.5999999999999,2opt,notBad
6211,7,1066.1999999999994,5,765.5999999999999,swap,notBad
6212,7,1066.1999999999994,5,765.5999999999999,move,improve
6213,7,1066.1999999999994,5,765.5999999999999,swap,notBad
6214,7,1066.1999999999994,5,765.5999999999999,2opt,improve
6215,7,1066.1999999999994,5,765.5999999999999,2opt,notBad
6216,7,1066.1999999999994,5,765.5999999999999,2opt,notBad
6217,7,1066.1999999999994,5,765.5999999999999,swap,notBad
6218,7,1066.1999999999994,5,765.5999999999999,2opt,notBad
6219,7,1066.1999999999994,5,765.5999999999999,2opt,notBad
6220,7,1066.1999999999994,5,765.5999999999999,2opt,notBad
6221,7,1066.1999999999994,5,765.5999999999999,2opt,improve
6222,7,1066.1999999999994,5,765.5999999999999,2opt,notBad
6223,7,1066.1999999999994,5,765.5999999999999,swap,notBad
6224,7,1066.1999999999994,5,765.5999999999999,2opt,notBad
6225,7,1066.1999999999994,5,765.5999999999999,2opt,notBad
6226,7,1066.1999999999994,5,765.5999999999999,move,improve
6227,7,1066.1999999999994,5,765.5999999999999,move,improve
6228,7,1066.1999999999994,5,765.5999999999999,move,improve
6229,7,1066.1999999999994,5,765.5999999999999,move,improve
6230,7,1066.1999999999994,5,765.5999999999999,move,improve
6231,7,1066.1999999999994,5,765.5999999999999,move,notBad
6232,7,1066.1999999999994,5,765.5999999999999,swap,notBad
6233,7,1066.1999999999994,5,765.5999999999999,swap,notBad
6234,7,1066.1999999999994,5,765.5999999999999,2opt,notBad
6235,7,1066.1999999999994,5,765.5999999999999,2opt,notBad
6236,7,1066.1999999999994,5,765.5999999999999,move,improve
6237,7,1066.1999999999994,5,765.5999999999999,2opt,improve
6238,7,1066.1999999999994,5,765.5999999999999,swap,improve
6239,7,1066.1999999999994,5,765.5999999999999,swap,improve
6240,7,1066.1999999999994,5,765.5999999999999,2opt,notBad
6241,7,1066.1999999999994,5,765.5999999999999,move,improve
6242,7,1066.1999999999994,5,765.5999999999999,swap,notBad
6243,7,1071.3999999999996,5,765.5999999999999,swap,acceptBad
6244,7,1071.3999999999996,5,765.5999999999999,2opt,improve
6245,7,1071.3999999999996,5,765.5999999999999,2opt,notBad
6246,7,1071.3999999999996,5,765.5999999999999,2opt,notBad
6247,7,1071.3999999999996,5,765.5999999999999,swap,notBad
6248,7,1071.3999999999996,5,765.5999999999999,2opt,notBad
6249,7,1071.3999999999996,5,765.5999999999999,2opt,improve
6250,7,1071.3999999999996,5,765.5999999999999,swap,improve
6251,7,1071.3999999999996,5,765.5999999999999,move,improve
6252,7,1071.3999999999996,5,765.5999999999999,2opt,improve
6253,7,1071.3999999999996,5,765.5999999999999,move,improve
6254,7,1062.1999999999998,5,765.5999999999999,swap,improve
6255,7,973.9999999999998,5,765.5999999999999,2opt,improve
6256,7,973.9999999999998,5,765.5999999999999,move,improve
6257,7,973.9999999999998,5,765.5999999999999,2opt,improve
6258,7,973.9999999999998,5,765.5999999999999,move,improve
6259,7,973.9999999999998,5,765.5999999999999,move,improve
6260,7,973.9999999999998,5,765.5999999999999,2opt,notBad
6261,7,973.9999999999998,5,765.5999999999999,move,improve
6262,7,973.9999999999998,5,765.5999999999999,move,improve
6263,7,973.9999999999998,5,765.5999999999999,2opt,notBad
6264,7,973.9999999999998,5,765.5999999999999,move,improve
6265,7,973.9999999999998,5,765.5999999999999,swap,improve
6266,7,973.9999999999998,5,765.5999999999999,swap,improve
6267,7,973.9999999999998,5,765.5999999999999,swap,notBad
6268,7,973.9999999999998,5,765.5999999999999,move,improve
6269,7,973.9999999999998,5,765.5999999999999,move,improve
6270,7,973.9999999999998,5,765.5999999999999,swap,improve
6271,7,973.9999999999998,5,765.5999999999999,swap,improve
6272,7,973.9999999999998,5,765.5999999999999,2opt,notBad
6273,7,973.9999999999998,5,765.5999999999999,move,improve
6274,7,973.9999999999998,5,765.5999999999999,move,improve
6275,7,973.9999999999998,5,765.5999999999999,2opt,notBad
6276,7,973.9999999999998,5,765.5999999999999,2opt,improve
6277,7,973.9999999999998,5,765.5999999999999,move,notBad
6278,7,973.9999999999998,5,765.5999999999999,move,improve
6279,7,973.9999999999998,5,765.5999999999999,2opt,notBad
6280,7,973.9999999999998,5,765.5999999999999,2opt,improve
6281,7,973.9999999999998,5,765.5999999999999,swap,improve
6282,7,973.9999999999998,5,765.5999999999999,move,improve
6283,7,973.9999999999998,5,765.5999999999999,2opt,notBad
6284,7,973.9999999999998,5,765.5999999999999,move,improve
6285,7,973.9999999999998,5,765.5999999999999,swap,notBad
6286,7,973.9999999999998,5,765.5999999999999,2opt,notBad
6287,7,973.9999999999998,5,765.5999999999999,move,improve
6288,7,973.9999999999998,5,765.5999999999999,move,improve
6289,7,973.9999999999998,5,765.5999999999999,move,improve
6290,7,973.9999999999998,5,765.5999999999999,swap,improve
6291,7,973.9999999999998,5,765.5999999999999,swap,notBad
6292,7,973.9999999999998,5,765.5999999999999,swap,notBad
6293,7,973.9999999999998,5,765.5999999999999,move,improve
6294,7,973.9999999999998,5,765.5999999999999,2opt,notBad
6295,7,973.9999999999998,5,765.5999999999999,move,improve
6296,7,973.9999999999998,5,765.5999999999999,2opt,notBad
6297,7,973.9999999999998,5,765.5999999999999,move,improve
6298,7,973.9999999999998,5,765.5999999999999,move,improve
6299,7,973.9999999999998,5,765.5999999999999,swap,improve
6300,7,973.9999999999998,5,765.5999999999999,move,improve
6301,7,973.9999999999998,5,765.5999999999999,swap,notBad
6302,7,973.9999999999998,5,765.5999999999999,swap,improve
6303,7,973.9999999999998,5,765.5999999999999,move,improve
6304,7,964.1999999999998,5,765.5999999999999,swap,improve
6305,7,964.1999999999998,5,765.5999999999999,2opt,improve
6306,7,964.1999999999998,5,765.5999999999999,2opt,notBad
6307,7,964.1999999999998,5,765.5999999999999,move,improve
6308,7,964.1999999999998,5,765.5999999999999,2opt,improve
6309,7,964.1999999999998,5,765.5999999999999,swap,improve
6310,7,964.1999999999998,5,765.5999999999999,move,improve
6311,7,964.1999999999998,5,765.5999999999999,2opt,improve
6312,7,964.1999999999998,5,765.5999999999999,swap,notBad
6313,7,964.1999999999998,5,765.5999999999999,2opt,notBad
6314,7,964.1999999999998,5,765.5999999999999,swap,improve
6315,7,964.1999999999998,5,765.5999999999999,move,improve
6316,7,964.1999999999998,5,765.5999999999999,2opt,improve
6317,7,964.1999999999998,5,765.5999999999999,swap,improve
6318,7,964.1999999999998,5,765.5999999999999,swap,improve
6319,7,964.1999999999998,5,765.5999999999999,move,improve
6320,7,964.1999999999998,5,765.5999999999999,move,improve
6321,7,964.1999999999998,5,765.5999999999999,2opt,notBad
6322,7,964.1999999999998,5,765.5999999999999,swap,notBad
6323,7,964.1999999999998,5,765.5999999999999,move,improve
6324,7,964.1999999999998,5,765.5999999999999,2opt,notBad
6325,7,964.1999999999998,5,765.5999999999999,move,improve
6326,7,964.1999999999998,5,765.5999999999999,2opt,notBad
6327,7,964.1999999999998,5,765.5999999999999,2opt,notBad
6328,7,964.1999999999998,5,765.5999999999999,move,improve
6329,7,964.1999999999998,5,765.5999999999999,move,improve
6330,7,964.1999999999998,5,765.5999999999999,swap,notBad
6331,7,964.1999999999998,5,765.5999999999999,swap,notBad
6332,7,964.1999999999998,5,765.5999999999999,2opt,notBad
6333,7,964.1999999999998,5,765.5999999999999,2opt,improve
6334,7,966.3999999999999,5,765.5999999999999,swap,acceptBad
6335,7,965.2,5,765.5999999999999,swap,improve
6336,7,965.2,5,765.5999999999999,move,improve
6337,7,965.2,5,765.5999999999999,move,improve
6338,7,965.2,5,765.5999999999999,2opt,improve
6339,7,965.2,5,765.5999999999999,move,improve
6340,7,964.1999999999998,5,765.5999999999999,2opt,improve
6341,7,964.1999999999998,5,765.5999999999999,move,improve
6342,7,964.1999999999998,5,765.5999999999999,2opt,notBad
6343,7,964.1999999999998,5,765.5999999999999,2opt,improve
6344,7,964.1999999999998,5,765.5999999999999,swap,improve
6345,7,964.1999999999998,5,765.5999999999999,swap,notBad
6346,7,964.1999999999998,5,765.5999999999999,swap,improve
6347,7,964.1999999999998,5,765.5999999999999,move,improve
6348,7,964.1999999999998,5,765.5999999999999,2opt,notBad
6349,7,964.1999999999998,5,765.5999999999999,swap,improve
6350,7,964.1999999999998,5,765.5999999999999,swap,improve
6351,7,964.1999999999998,5,765.5999999999999,swap,improve
6352,7,964.1999999999998,5,765.5999999999999,move,improve
6353,7,964.1999999999998,5,765.5999999999999,swap,improve
6354,7,964.1999999999998,5,765.5999999999999,move,improve
6355,7,964.1999999999998,5,765.5999999999999,2opt,improve
6356,7,964.1999999999998,5,765.5999999999999,move,improve
6357,7,964.1999999999998,5,765.5999999999999,2opt,notBad
6358,7,964.1999999999998,5,765.5999999999999,2opt,notBad
6359,7,964.1999999999998,5,765.5999999999999,swap,improve
6360,7,964.1999999999998,5,765.5999999999999,move,improve
6361,7,964.1999999999998,5,765.5999999999999,2opt,notBad
6362,7,964.1999999999998,5,765.5999999999999,2opt,improve
6363,7,964.1999999999998,5,765.5999999999999,move,improve
6364,7,964.1999999999998,5,765.5999999999999,2opt,improve
6365,7,964.1999999999998,5,765.5999999999999,swap,improve
6366,7,964.1999999999998,5,765.5999999999999,2opt,notBad
6367,7,964.1999999999998,5,765.5999999999999,2opt,notBad
6368,7,964.1999999999998,5,765.5999999999999,move,improve
6369,7,964.1999999999998,5,765.5999999999999,2opt,notBad
6370,7,964.1999999999998,5,765.5999999999999,move,improve
6371,7,964.1999999999998,5,765.5999999999999,2opt,improve
6372,7,964.1999999999998,5,765.5999999999999,2opt,notBad
6373,7,964.1999999999998,5,765.5999999999999,swap,improve
6374,7,964.1999999999998,5,765.5999999999999,move,improve
6375,7,964.1999999999998,5,765.5999999999999,move,improve
6376,7,964.1999999999998,5,765.5999999999999,move,improve
6377,7,964.1999999999998,5,765.5999999999999,swap,improve
6378,7,964.1999999999998,5,765.5999999999999,move,improve
6379,7,973.9999999999998,5,765.5999999999999,swap,acceptBad
6380,7,973.9999999999998,5,765.5999999999999,swap,notBad
6381,7,973.9999999999998,5,765.5999999999999,2opt,notBad
6382,7,973.9999999999998,5,765.5999999999999,move,improve
6383,7,973.9999999999998,5,765.5999999999999,swap,improve
6384,7,973.9999999999998,5,765.5999999999999,2opt,notBad
6385,7,973.9999999999998,5,765.5999999999999,move,improve
6386,7,973.9999999999998,5,765.5999999999999,2opt,improve
6387,7,973.9999999999998,5,765.5999999999999,move,improve
6388,7,973.9999999999998,5,765.5999999999999,swap,notBad
6389,7,973.9999999999998,5,765.5999999999999,2opt,notBad
6390,7,973.9999999999998,5,765.5999999999999,2opt,notBad
6391,7,973.9999999999998,5,765.5999999999999,move,improve
6392,7,973.9999999999998,5,765.5999999999999,move,improve
6393,7,973.9999999999998,5,765.5999999999999,swap,notBad
6394,7,973.9999999999998,5,765.5999999999999,2opt,improve
6395,7,973.9999999999998,5,765.5999999999999,move,improve
6396,7,973.9999999999998,5,765.5999999999999,swap,notBad
6397,7,973.9999999999998,5,765.5999999999999,2opt,improve
6398,7,973.9999999999998,5,765.5999999999999,move,improve
6399,7,973.9999999999998,5,765.5999999999999,swap,notBad
6400,7,973.9999999999998,5,765.5999999999999,2opt,notBad
6401,7,973.9999999999998,5,765.5999999999999,2opt,improve
6402,7,973.9999999999998,5,765.5999999999999,swap,improve
6403,7,973.9999999999998,5,765.5999999999999,2opt,improve
6404,7,973.9999999999998,5,765.5999999999999,2opt,notBad
6405,7,973.9999999999998,5,765.5999999999999,swap,notBad
6406,7,973.9999999999998,5,765.5999999999999,move,improve
6407,7,973.9999999999998,5,765.5999999999999,2opt,notBad
6408,7,973.9999999999998,5,765.5999999999999,2opt,improve
6409,7,973.9999999999998,5,765.5999999999999,2opt,notBad
6410,7,973.9999999999998,5,765.5999999999999,move,improve
6411,7,973.9999999999998,5,765.5999999999999,2opt,notBad
6412,7,973.9999999999998,5,765.5999999999999,move,improve
6413,7,973.9999999999998,5,765.5999999999999,2opt,notBad
6414,7,973.9999999999998,5,765.5999999999999,move,improve
6415,7,973.9999999999998,5,765.5999999999999,2opt,notBad
6416,7,973.9999999999998,5,765.5999999999999,2opt,notBad
6417,7,973.9999999999998,5,765.5999999999999,2opt,improve
6418,7,973.9999999999998,5,765.5999999999999,2opt,improve
6419,7,973.9999999999998,5,765.5999999999999,2opt,notBad
6420,7,973.9999999999998,5,765.5999999999999,move,improve
6421,7,973.9999999999998,5,765.5999999999999,move,improve
6422,7,973.9999999999998,5,765.5999999999999,move,improve
6423,7,973.9999999999998,5,765.5999999999999,2opt,improve
6424,7,973.9999999999998,5,765.5999999999999,2opt,notBad
6425,7,973.9999999999998,5,765.5999999999999,move,improve
6426,7,973.9999999999998,5,765.5999999999999,2opt,notBad
6427,7,973.9999999999998,5,765.5999999999999,move,improve
6428,7,973.9999999999998,5,765.5999999999999,move,improve
6429,7,973.9999999999998,5,765.5999999999999,swap,improve
6430,7,973.9999999999998,5,765.5999999999999,2opt,notBad
6431,7,973.9999999999998,5,765.5999999999999,swap,improve
6432,7,973.9999999999998,5,765.5999999999999,move,improve
6433,7,973.9999999999998,5,765.5999999999999,2opt,notBad
6434,7,945.7999999999997,5,765.5999999999999,swap,improve
6435,7,945.7999999999997,5,765.5999999999999,swap,improve
6436,7,945.7999999999997,5,765.5999999999999,swap,notBad
6437,7,945.7999999999997,5,765.5999999999999,2opt,notBad
6438,7,953.7999999999997,5,765.5999999999999,swap,acceptBad
6439,7,953.7999999999997,5,765.5999999999999,2opt,improve
6440,7,953.7999999999997,5,765.5999999999999,move,improve
6441,7,953.7999999999997,5,765.5999999999999,move,improve
6442,7,953.7999999999997,5,765.5999999999999,2opt,notBad
6443,7,953.7999999999997,5,765.5999999999999,2opt,improve
6444,7,953.7999999999997,5,765.5999999999999,2opt,notBad
6445,7,953.7999999999997,5,765.5999999999999,2opt,notBad
6446,7,953.7999999999997,5,765.5999999999999,swap,improve
6447,7,930.3999999999996,5,765.5999999999999,swap,improve
6448,7,930.3999999999996,5,765.5999999999999,swap,notBad
6449,7,930.3999999999996,5,765.5999999999999,move,improve
6450,7,930.3999999999996,5,765.5999999999999,move,improve
6451,7,930.3999999999996,5,765.5999999999999,move,improve
6452,7,937.7999999999997,5,765.5999999999999,swap,acceptBad
6453,7,937.7999999999997,5,765.5999999999999,move,improve
6454,7,937.7999999999997,5,765.5999999999999,move,improve
6455,7,937.7999999999997,5,765.5999999999999,move,improve
6456,7,937.7999999999997,5,765.5999999999999,2opt,notBad
6457,7,937.7999999999997,5,765.5999999999999,swap,notBad
6458,7,937.7999999999997,5,765.5999999999999,2opt,improve
6459,7,953.1999999999996,5,765.5999999999999,swap,acceptBad
6460,7,953.1999999999996,5,765.5999999999999,2opt,improve
6461,7,953.1999999999996,5,765.5999999999999,swap,improve
6462,7,953.1999999999996,5,765.5999999999999,2opt,improve
6463,7,953.1999999999996,5,765.5999999999999,2opt,notBad
6464,7,953.1999999999996,5,765.5999999999999,swap,improve
6465,7,953.1999999999996,5,765.5999999999999,2opt,notBad
6466,7,953.1999999999996,5,765.5999999999999,2opt,improve
6467,7,953.1999999999996,5,765.5999999999999,swap,notBad
6468,7,953.1999999999996,5,765.5999999999999,move,improve
6469,7,953.1999999999996,5,765.5999999999999,2opt,improve
6470,7,953.1999999999996,5,765.5999999999999,2opt,notBad
6471,7,953.1999999999996,5,765.5999999999999,swap,improve
6472,7,953.1999999999996,5,765.5999999999999,2opt,notBad
6473,7,953.1999999999996,5,765.5999999999999,2opt,improve
6474,7,953.1999999999996,5,765.5999999999999,move,improve
6475,7,953.1999999999996,5,765.5999999999999,2opt,improve
6476,7,953.1999999999996,5,765.5999999999999,2opt,improve
6477,7,953.1999999999996,5,765.5999999999999,2opt,improve
6478,7,953.1999999999996,5,765.5999999999999,move,improve
6479,7,953.1999999999996,5,765.5999999999999,move,improve
6480,7,953.1999999999996,5,765.5999999999999,move,improve
6481,7,953.1999999999996,5,765.5999999999999,swap,notBad
6482,7,953.1999999999996,5,765.5999999999999,move,improve
6483,7,953.1999999999996,5,765.5999999999999,2opt,improve
6484,7,953.1999999999996,5,765.5999999999999,move,improve
6485,7,953.1999999999996,5,765.5999999999999,swap,improve
6486,7,953.1999999999996,5,765.5999999999999,move,improve
6487,7,953.1999999999996,5,765.5999999999999,2opt,improve
6488,7,953.1999999999996,5,765.5999999999999,move,improve
6489,7,953.1999999999996,5,765.5999999999999,move,improve
6490,7,953.1999999999996,5,765.5999999999999,swap,notBad
6491,7,953.1999999999996,5,765.5999999999999,swap,improve
6492,7,953.1999999999996,5,765.5999999999999,swap,improve
6493,7,953.1999999999996,5,765.5999999999999,swap,improve
6494,7,953.1999999999996,5,765.5999999999999,swap,improve
6495,7,953.1999999999996,5,765.5999999999999,swap,improve
6496,7,953.1999999999996,5,765.5999999999999,swap,notBad
6497,7,953.1999999999996,5,765.5999999999999,move,improve
6498,7,953.1999999999996,5,765.5999999999999,move,improve
6499,7,953.1999999999996,5,765.5999999999999,move,improve
6500,7,953.1999999999996,5,765.5999999999999,move,improve
6501,7,953.1999999999996,5,765.5999999999999,swap,notBad
6502,7,953.1999999999996,5,765.5999999999999,move,improve
6503,7,953.1999999999996,5,765.5999999999999,2opt,notBad
6504,7,953.1999999999996,5,765.5999999999999,move,improve
6505,7,953.1999999999996,5,765.5999999999999,2opt,notBad
6506,7,953.1999999999996,5,765.5999999999999,swap,improve
6507,7,953.1999999999996,5,765.5999999999999,move,notBad
6508,7,953.1999999999996,5,765.5999999999999,2opt,notBad
6509,7,953.1999999999996,5,765.5999999999999,2opt,improve
6510,7,953.1999999999996,5,765.5999999999999,2opt,notBad
6511,7,953.1999999999996,5,765.5999999999999,swap,improve
6512,7,953.1999999999996,5,765.5999999999999,move,improve
6513,7,953.1999999999996,5,765.5999999999999,move,improve
6514,7,953.1999999999996,5,765.5999999999999,2opt,notBad
6515,7,953.1999999999996,5,765.5999999999999,move,improve
6516,7,953.1999999999996,5,765.5999999999999,swap,improve
6517,7,953.1999999999996,5,765.5999999999999,2opt,notBad
6518,7,953.1999999999996,5,765.5999999999999,2opt,notBad
6519,7,953.1999999999996,5,765.5999999999999,swap,improve
6520,7,953.1999999999996,5,765.5999999999999,2opt,notBad
6521,7,953.1999999999996,5,765.5999999999999,2opt,notBad
6522,7,953.1999999999996,5,765.5999999999999,swap,improve
6523,7,953.1999999999996,5,765.5999999999999,swap,notBad
6524,7,953.1999999999996,5,765.5999999999999,move,improve
6525,7,953.1999999999996,5,765.5999999999999,swap,improve
6526,7,953.1999999999996,5,765.5999999999999,2opt,improve
6527,7,953.1999999999996,5,765.5999999999999,swap,improve
6528,7,953.1999999999996,5,765.5999999999999,move,improve
6529,7,953.1999999999996,5,765.5999999999999,swap,improve
6530,7,953.1999999999996,5,765.5999999999999,swap,improve
6531,7,953.1999999999996,5,765.5999999999999,swap,improve
6532,7,975.3999999999999,5,765.5999999999999,swap,acceptBad
6533,7,975.3999999999999,5,765.5999999999999,swap,improve
6534,7,975.3999999999999,5,765.5999999999999,2opt,improve
6535,7,975.3999999999999,5,765.5999999999999,move,improve
6536,7,975.3999999999999,5,765.5999999999999,move,improve
6537,7,975.3999999999999,5,765.5999999999999,move,improve
6538,7,975.3999999999999,5,765.5999999999999,move,improve
6539,7,975.3999999999999,5,765.5999999999999,swap,notBad
6540,7,975.3999999999999,5,765.5999999999999,2opt,improve
6541,7,975.3999999999999,5,765.5999999999999,2opt,improve
6542,7,975.3999999999999,5,765.5999999999999,swap,improve
6543,7,975.3999999999999,5,765.5999999999999,move,improve
6544,7,975.3999999999999,5,765.5999999999999,move,notBad
6545,7,975.3999999999999,5,765.5999999999999,2opt,improve
6546,7,975.3999999999999,5,765.5999999999999,swap,notBad
6547,7,975.3999999999999,5,765.5999999999999,2opt,notBad
6548,7,975.3999999999999,5,765.5999999999999,move,improve
6549,7,945.1999999999998,5,765.5999999999999,move,improve
6550,7,945.1999999999998,5,765.5999999999999,move,improve
6551,7,945.1999999999998,5,765.5999999999999,swap,improve
6552,7,945.1999999999998,5,765.5999999999999,move,improve
6553,7,945.1999999999998,5,765.5999999999999,2opt,notBad
6554,7,945.1999999999998,5,765.5999999999999,2opt,improve
6555,7,945.1999999999998,5,765.5999999999999,2opt,notBad
6556,7,945.1999999999998,5,765.5999999999999,move,improve
6557,7,945.1999999999998,5,765.5999999999999,swap,improve
6558,7,945.1999999999998,5,765.5999999999999,2opt,notBad
6559,7,945.1999999999998,5,765.5999999999999,move,improve
6560,7,945.1999999999998,5,765.5999999999999,2opt,notBad
6561,7,945.1999999999998,5,765.5999999999999,move,improve
6562,7,945.1999999999998,5,765.5999999999999,move,improve
6563,7,945.1999999999998,5,765.5999999999999,move,improve
6564,7,945.1999999999998,5,765.5999999999999,swap,notBad
6565,7,945.1999999999998,5,765.5999999999999,2opt,improve
6566,7,945.1999999999998,5,765.5999999999999,2opt,improve
6567,7,945.1999999999998,5,765.5999999999999,2opt,improve
6568,7,945.1999999999998,5,765.5999999999999,swap,notBad
6569,7,945.1999999999998,5,765.5999999999999,2opt,improve
6570,7,945.1999999999998,5,765.5999999999999,2opt,improve
6571,7,945.1999999999998,5,765.5999999999999,move,improve
6572,7,945.1999999999998,5,765.5999999999999,2opt,improve
6573,7,945.1999999999998,5,765.5999999999999,swap,notBad
6574,7,937.1999999999998,5,765.5999999999999,swap,improve
6575,7,937.1999999999998,5,765.5999999999999,2opt,improve
6576,7,937.1999999999998,5,765.5999999999999,move,improve
6577,7,937.1999999999998,5,765.5999999999999,2opt,notBad
6578,7,937.1999999999998,5,765.5999999999999,swap,notBad
6579,7,937.1999999999998,5,765.5999999999999,swap,improve
6580,7,937.1999999999998,5,765.5999999999999,2opt,notBad
6581,7,937.1999999999998,5,765.5999999999999,move,improve
6582,7,937.1999999999998,5,765.5999999999999,move,improve
6583,7,937.1999999999998,5,765.5999999999999,swap,improve
6584,7,937.1999999999998,5,765.5999999999999,move,improve
6585,7,937.1999999999998,5,765.5999999999999,2opt,notBad
6586,7,937.1999999999998,5,765.5999999999999,move,improve
6587,7,937.1999999999998,5,765.5999999999999,move,improve
6588,7,937.1999999999998,5,765.5999999999999,move,improve
6589,7,937.1999999999998,5,765.5999999999999,swap,improve
6590,7,937.1999999999998,5,765.5999999999999,swap,improve
6591,7,937.1999999999998,5,765.5999999999999,move,improve
6592,7,937.1999999999998,5,765.5999999999999,2opt,improve
6593,7,937.1999999999998,5,765.5999999999999,2opt,improve
6594,7,937.1999999999998,5,765.5999999999999,swap,improve
6595,7,937.1999999999998,5,765.5999999999999,move,improve
6596,7,937.1999999999998,5,765.5999999999999,move,improve
6597,7,937.1999999999998,5,765.5999999999999,swap,notBad
6598,7,937.1999999999998,5,765.5999999999999,move,improve
6599,7,937.1999999999998,5,765.5999999999999,swap,improve
6600,7,937.1999999999998,5,765.5999999999999,move,improve
6601,7,937.1999999999998,5,765.5999999999999,2opt,improve
6602,7,937.1999999999998,5,765.5999999999999,move,improve
6603,7,937.1999999999998,5,765.5999999999999,swap,notBad
6604,7,937.1999999999998,5,765.5999999999999,swap,improve
6605,7,920.1999999999998,5,765.5999999999999,swap,improve
6606,7,920.1999999999998,5,765.5999999999999,move,improve
6607,7,920.1999999999998,5,765.5999999999999,move,improve
6608,7,920.1999999999998,5,765.5999999999999,2opt,improve
6609,7,920.1999999999998,5,765.5999999999999,swap,improve
6610,7,920.1999999999998,5,765.5999999999999,move,improve
6611,7,920.1999999999998,5,765.5999999999999,2opt,notBad
6612,7,920.1999999999998,5,765.5999999999999,swap,notBad
6613,7,920.1999999999998,5,765.5999999999999,swap,improve
6614,7,920.1999999999998,5,765.5999999999999,swap,notBad
6615,7,920.1999999999998,5,765.5999999999999,2opt,improve
6616,7,920.1999999999998,5,765.5999999999999,move,improve
6617,7,920.1999999999998,5,765.5999999999999,swap,improve
6618,7,920.1999999999998,5,765.5999999999999,2opt,notBad
6619,7,920.1999999999998,5,765.5999999999999,2opt,notBad
6620,7,920.1999999999998,5,765.5999999999999,swap,improve
6621,7,920.1999999999998,5,765.5999999999999,swap,improve
6622,7,920.1999999999998,5,765.5999999999999,move,improve
6623,7,920.1999999999998,5,765.5999999999999,2opt,notBad
6624,7,920.1999999999998,5,765.5999999999999,move,improve
6625,7,920.1999999999998,5,765.5999999999999,2opt,improve
6626,7,920.1999999999998,5,765.5999999999999,2opt,notBad
6627,7,920.1999999999998,5,765.5999999999999,2opt,notBad
6628,7,920.1999999999998,5,765.5999999999999,move,improve
6629,7,920.1999999999998,5,765.5999999999999,swap,improve
6630,7,920.1999999999998,5,765.5999999999999,2opt,notBad
6631,7,920.1999999999998,5,765.5999999999999,2opt,notBad
6632,7,920.1999999999998,5,765.5999999999999,2opt,improve
6633,7,920.1999999999998,5,765.5999999999999,swap,improve
6634,7,920.1999999999998,5,765.5999999999999,move,improve
6635,7,920.1999999999998,5,765.5999999999999,move,improve
6636,7,920.1999999999998,5,765.5999999999999,swap,improve
6637,7,920.1999999999998,5,765.5999999999999,move,improve
6638,7,920.1999999999998,5,765.5999999999999,swap,notBad
6639,7,920.1999999999998,5,765.5999999999999,move,improve
6640,7,920.1999999999998,5,765.5999999999999,swap,improve
6641,7,920.1999999999998,5,765.5999999999999,2opt,notBad
6642,7,920.1999999999998,5,765.5999999999999,2opt,notBad
6643,7,920.1999999999998,5,765.5999999999999,2opt,notBad
6644,7,920.1999999999998,5,765.5999999999999,2opt,improve
6645,7,920.1999999999998,5,765.5999999999999,swap,improve
6646,7,920.1999999999998,5,765.5999999999999,move,improve
6647,7,920.1999999999998,5,765.5999999999999,move,improve
6648,7,920.1999999999998,5,765.5999999999999,2opt,improve
6649,7,920.1999999999998,5,765.5999999999999,move,improve
6650,7,920.1999999999998,5,765.5999999999999,move,improve
6651,7,920.1999999999998,5,765.5999999999999,2opt,notBad
6652,7,920.1999999999998,5,765.5999999999999,2opt,notBad
6653,7,920.1999999999998,5,765.5999999999999,move,improve
6654,7,920.1999999999998,5,765.5999999999999,swap,improve
6655,7,920.1999999999998,5,765.5999999999999,swap,notBad
6656,7,920.1999999999998,5,765.5999999999999,2opt,notBad
6657,7,920.1999999999998,5,765.5999999999999,move,improve
6658,7,920.1999999999998,5,765.5999999999999,2opt,improve
6659,7,920.1999999999998,5,765.5999999999999,2opt,notBad
6660,7,920.1999999999998,5,765.5999999999999,move,improve
6661,7,920.1999999999998,5,765.5999999999999,move,improve
6662,7,920.1999999999998,5,765.5999999999999,move,improve
6663,7,920.1999999999998,5,765.5999999999999,swap,notBad
6664,7,920.1999999999998,5,765.5999999999999,swap,notBad
6665,7,920.1999999999998,5,765.5999999999999,move,improve
6666,7,920.1999999999998,5,765.5999999999999,2opt,notBad
6667,7,920.1999999999998,5,765.5999999999999,move,improve
6668,7,920.1999999999998,5,765.5999999999999,2opt,notBad
6669,7,920.1999999999998,5,765.5999999999999,swap,notBad
6670,7,920.1999999999998,5,765.5999999999999,2opt,notBad
6671,7,920.1999999999998,5,765.5999999999999,move,improve
6672,7,920.1999999999998,5,765.5999999999999,2opt,notBad
6673,7,920.1999999999998,5,765.5999999999999,2opt,notBad
6674,7,920.1999999999998,5,765.5999999999999,2opt,notBad
6675,7,920.1999999999998,5,765.5999999999999,move,improve
6676,7,920.1999999999998,5,765.5999999999999,swap,improve
6677,7,920.1999999999998,5,765.5999999999999,move,improve
6678,7,920.1999999999998,5,765.5999999999999,move,improve
6679,7,920.1999999999998,5,765.5999999999999,2opt,notBad
6680,7,920.1999999999998,5,765.5999999999999,swap,improve
6681,7,920.1999999999998,5,765.5999999999999,move,improve
6682,7,920.1999999999998,5,765.5999999999999,swap,notBad
6683,7,920.1999999999998,5,765.5999999999999,move,improve
6684,7,920.1999999999998,5,765.5999999999999,move,improve
6685,7,920.1999999999998,5,765.5999999999999,move,improve
6686,7,920.1999999999998,5,765.5999999999999,2opt,notBad
6687,7,920.1999999999998,5,765.5999999999999,swap,improve
6688,7,920.1999999999998,5,765.5999999999999,swap,notBad
6689,7,920.1999999999998,5,765.5999999999999,swap,notBad
6690,7,920.1999999999998,5,765.5999999999999,move,improve
6691,7,920.1999999999998,5,765.5999999999999,swap,improve
6692,7,920.1999999999998,5,765.5999999999999,swap,improve
6693,7,920.1999999999998,5,765.5999999999999,2opt,notBad
6694,7,920.1999999999998,5,765.5999999999999,move,improve
6695,7,920.1999999999998,5,765.5999999999999,swap,improve
6696,7,920.1999999999998,5,765.5999999999999,swap,improve
6697,7,920.1999999999998,5,765.5999999999999,move,improve
6698,7,920.1999999999998,5,765.5999999999999,2opt,improve
6699,7,920.1999999999998,5,765.5999999999999,move,improve
6700,7,920.1999999999998,5,765.5999999999999,swap,notBad
6701,7,920.1999999999998,5,765.5999999999999,swap,improve
6702,7,920.1999999999998,5,765.5999999999999,2opt,improve
6703,7,920.1999999999998,5,765.5999999999999,2opt,notBad
6704,7,920.1999999999998,5,765.5999999999999,swap,notBad
6705,7,920.1999999999998,5,765.5999999999999,swap,notBad
6706,7,920.1999999999998,5,765.5999999999999,swap,notBad
6707,7,920.1999999999998,5,765.5999999999999,2opt,notBad
6708,7,920.1999999999998,5,765.5999999999999,swap,notBad
6709,7,920.1999999999998,5,765.5999999999999,move,improve
6710,7,920.1999999999998,5,765.5999999999999,move,improve
6711,7,920.1999999999998,5,765.5999999999999,move,improve
6712,7,920.1999999999998,5,765.5999999999999,2opt,notBad
6713,7,920.1999999999998,5,765.5999999999999,swap,improve
6714,7,920.1999999999998,5,765.5999999999999,2opt,notBad
6715,7,920.1999999999998,5,765.5999999999999,swap,notBad
6716,7,920.1999999999998,5,765.5999999999999,move,improve
6717,7,920.1999999999998,5,765.5999999999999,2opt,improve
6718,7,920.1999999999998,5,765.5999999999999,swap,improve
6719,7,920.1999999999998,5,765.5999999999999,swap,improve
6720,7,920.1999999999998,5,765.5999999999999,2opt,notBad
6721,7,920.1999999999998,5,765.5999999999999,move,improve
6722,7,920.1999999999998,5,765.5999999999999,2opt,notBad
6723,7,920.1999999999998,5,765.5999999999999,2opt,notBad
6724,7,920.1999999999998,5,765.5999999999999,move,improve
6725,7,920.1999999999998,5,765.5999999999999,2opt,notBad
6726,7,920.1999999999998,5,765.5999999999999,2opt,improve
6727,7,920.1999999999998,5,765.5999999999999,move,improve
6728,7,920.1999999999998,5,765.5999999999999,move,improve
6729,7,920.1999999999998,5,765.5999999999999,move,improve
6730,7,920.1999999999998,5,765.5999999999999,2opt,notBad
6731,7,920.1999999999998,5,765.5999999999999,swap,notBad
6732,7,920.1999999999998,5,765.5999999999999,move,improve
6733,7,920.1999999999998,5,765.5999999999999,move,improve
6734,7,920.1999999999998,5,765.5999999999999,2opt,notBad
6735,7,920.1999999999998,5,765.5999999999999,swap,improve
6736,7,920.1999999999998,5,765.5999999999999,swap,improve
6737,7,920.1999999999998,5,765.5999999999999,swap,improve
6738,7,920.1999999999998,5,765.5999999999999,move,improve
6739,7,920.1999999999998,5,765.5999999999999,swap,improve
6740,7,920.1999999999998,5,765.5999999999999,swap,notBad
6741,7,920.1999999999998,5,765.5999999999999,2opt,notBad
6742,7,933.3999999999999,5,765.5999999999999,swap,acceptBad
6743,7,933.3999999999999,5,765.5999999999999,swap,notBad
6744,7,933.3999999999999,5,765.5999999999999,2opt,notBad
6745,7,933.3999999999999,5,765.5999999999999,2opt,notBad
6746,7,933.3999999999999,5,765.5999999999999,swap,improve
6747,7,933.3999999999999,5,765.5999999999999,move,improve
6748,7,933.3999999999999,5,765.5999999999999,move,improve
6749,7,933.3999999999999,5,765.5999999999999,2opt,notBad
6750,7,946.0,5,765.5999999999999,swap,acceptBad
6751,7,946.0,5,765.5999999999999,move,improve
6752,7,946.0,5,765.5999999999999,move,improve
6753,7,946.0,5,765.5999999999999,2opt,notBad
6754,7,946.0,5,765.5999999999999,move,improve
6755,7,946.0,5,765.5999999999999,2opt,notBad
6756,7,946.0,5,765.5999999999999,move,improve
6757,7,943.5999999999999,5,765.5999999999999,swap,improve
6758,7,943.5999999999999,5,765.5999999999999,2opt,notBad
6759,7,943.5999999999999,5,765.5999999999999,move,improve
6760,7,943.5999999999999,5,765.5999999999999,move,improve
6761,7,943.5999999999999,5,765.5999999999999,swap,improve
6762,7,938.4000000000001,5,765.5999999999999,swap,improve
6763,7,938.4000000000001,5,765.5999999999999,move,improve
6764,7,938.4000000000001,5,765.5999999999999,move,improve
6765,7,938.4000000000001,5,765.5999999999999,2opt,notBad
6766,7,938.4000000000001,5,765.5999999999999,swap,improve
6767,7,938.4000000000001,5,765.5999999999999,move,improve
6768,7,938.4000000000001,5,765.5999999999999,move,improve
6769,7,938.4000000000001,5,765.5999999999999,swap,notBad
6770,7,938.4000000000001,5,765.5999999999999,2opt,improve
6771,7,938.4000000000001,5,765.5999999999999,move,improve
6772,7,938.4000000000001,5,765.5999999999999,move,improve
6773,7,938.4000000000001,5,765.5999999999999,2opt,improve
6774,7,938.4000000000001,5,765.5999999999999,2opt,notBad
6775,7,938.4000000000001,5,765.5999999999999,move,improve
6776,7,938.4000000000001,5,765.5999999999999,move,improve
6777,7,938.4000000000001,5,765.5999999999999,move,improve
6778,7,938.4000000000001,5,765.5999999999999,2opt,notBad
6779,7,938.4000000000001,5,765.5999999999999,swap,improve
6780,7,938.4000000000001,5,765.5999999999999,swap,notBad
6781,7,933.8,5,765.5999999999999,swap,improve
6782,7,933.8,5,765.5999999999999,swap,notBad
6783,7,933.8,5,765.5999999999999,move,improve
6784,7,933.8,5,765.5999999999999,move,notBad
6785,7,933.8,5,765.5999999999999,move,improve
6786,7,933.8,5,765.5999999999999,2opt,improve
6787,7,943.5999999999999,5,765.5999999999999,swap,acceptBad
6788,7,943.5999999999999,5,765.5999999999999,2opt,improve
6789,7,943.5999999999999,5,765.5999999999999,2opt,notBad
6790,7,956.3999999999999,5,765.5999999999999,swap,acceptBad
6791,7,956.3999999999999,5,765.5999999999999,swap,improve
6792,7,956.3999999999999,5,765.5999999999999,2opt,notBad
6793,7,939.3999999999994,5,765.5999999999999,2opt,improve
6794,7,939.3999999999994,5,765.5999999999999,swap,notBad
6795,7,939.3999999999994,5,765.5999999999999,2opt,notBad
6796,7,939.3999999999994,5,765.5999999999999,move,improve
6797,7,939.3999999999994,5,765.5999999999999,swap,improve
6798,7,939.3999999999994,5,765.5999999999999,move,improve
6799,7,939.3999999999994,5,765.5999999999999,move,improve
6800,7,939.3999999999994,5,765.5999999999999,move,improve
6801,7,939.3999999999994,5,765.5999999999999,2opt,improve
6802,7,939.3999999999994,5,765.5999999999999,swap,notBad
6803,7,939.3999999999994,5,765.5999999999999,move,improve
6804,7,939.3999999999994,5,765.5999999999999,swap,notBad
6805,7,939.3999999999994,5,765.5999999999999,swap,notBad
6806,7,939.3999999999994,5,765.5999999999999,swap,notBad
6807,7,939.3999999999994,5,765.5999999999999,move,improve
6808,7,939.3999999999994,5,765.5999999999999,move,improve
6809,7,939.3999999999994,5,765.5999999999999,swap,notBad
6810,7,939.3999999999994,5,765.5999999999999,2opt,notBad
6811,7,939.3999999999994,5,765.5999999999999,2opt,notBad
6812,7,939.3999999999994,5,765.5999999999999,2opt,improve
6813,7,939.3999999999994,5,765.5999999999999,2opt,notBad
6814,7,939.3999999999994,5,765.5999999999999,move,improve
6815,7,939.3999999999994,5,765.5999999999999,2opt,notBad
6816,7,939.3999999999994,5,765.5999999999999,swap,notBad
6817,7,939.3999999999994,5,765.5999999999999,2opt,notBad
6818,7,939.3999999999994,5,765.5999999999999,move,improve
6819,7,939.3999999999994,5,765.5999999999999,2opt,notBad
6820,7,939.3999999999994,5,765.5999999999999,2opt,notBad
6821,7,939.3999999999994,5,765.5999999999999,move,improve
6822,7,939.3999999999994,5,765.5999999999999,swap,improve
6823,7,939.3999999999994,5,765.5999999999999,move,improve
6824,7,940.3999999999994,5,765.5999999999999,swap,acceptBad
6825,7,940.3999999999994,5,765.5999999999999,2opt,improve
6826,7,940.3999999999994,5,765.5999999999999,move,improve
6827,7,940.3999999999994,5,765.5999999999999,move,improve
6828,7,940.3999999999994,5,765.5999999999999,swap,notBad
6829,7,940.3999999999994,5,765.5999999999999,move,improve
6830,7,940.3999999999994,5,765.5999999999999,2opt,improve
6831,7,940.3999999999994,5,765.5999999999999,2opt,notBad
6832,7,940.3999999999994,5,765.5999999999999,2opt,notBad
6833,7,940.3999999999994,5,765.5999999999999,swap,notBad
6834,7,940.3999999999994,5,765.5999999999999,move,improve
6835,7,940.3999999999994,5,765.5999999999999,swap,notBad
6836,7,940.3999999999994,5,765.5999999999999,move,improve
6837,7,940.3999999999994,5,765.5999999999999,2opt,notBad
6838,7,940.3999999999994,5,765.5999999999999,swap,notBad
6839,7,940.3999999999994,5,765.5999999999999,swap,improve
6840,7,940.3999999999994,5,765.5999999999999,swap,improve
6841,7,940.3999999999994,5,765.5999999999999,move,improve
6842,7,940.3999999999994,5,765.5999999999999,move,improve
6843,7,940.3999999999994,5,765.5999999999999,2opt,notBad
6844,7,940.3999999999994,5,765.5999999999999,2opt,improve
6845,7,940.3999999999994,5,765.5999999999999,move,improve
6846,7,940.3999999999994,5,765.5999999999999,2opt,improve
6847,7,940.3999999999994,5,765.5999999999999,swap,notBad
6848,7,940.3999999999994,5,765.5999999999999,swap,notBad
6849,7,940.3999999999994,5,765.5999999999999,move,improve
6850,7,940.3999999999994,5,765.5999999999999,2opt,improve
6851,7,940.3999999999994,5,765.5999999999999,move,improve
6852,7,940.3999999999994,5,765.5999999999999,move,improve
6853,7,940.3999999999994,5,765.5999999999999,2opt,notBad
6854,7,940.3999999999994,5,765.5999999999999,move,improve
6855,7,940.3999999999994,5,765.5999999999999,move,improve
6856,7,940.3999999999994,5,765.5999999999999,2opt,notBad
6857,7,940.3999999999994,5,765.5999999999999,move,improve
6858,7,940.3999999999994,5,765.5999999999999,swap,notBad
6859,7,940.3999999999994,5,765.5999999999999,2opt,notBad
6860,7,936.1999999999996,5,765.5999999999999,swap,improve
6861,7,936.1999999999996,5,765.5999999999999,swap,notBad
6862,7,936.1999999999996,5,765.5999999999999,2opt,notBad
6863,7,936.1999999999996,5,765.5999999999999,2opt,notBad
6864,7,936.1999999999996,5,765.5999999999999,move,improve
6865,7,936.1999999999996,5,765.5999999999999,swap,notBad
6866,7,936.1999999999996,5,765.5999999999999,swap,notBad
6867,7,936.1999999999996,5,765.5999999999999,2opt,improve
6868,7,936.1999999999996,5,765.5999999999999,swap,improve
6869,7,936.1999999999996,5,765.5999999999999,swap,notBad
6870,7,936.1999999999996,5,765.5999999999999,swap,notBad
6871,7,936.1999999999996,5,765.5999999999999,move,improve
6872,7,936.1999999999996,5,765.5999999999999,move,improve
6873,7,936.1999999999996,5,765.5999999999999,2opt,improve
6874,7,936.1999999999996,5,765.5999999999999,2opt,improve
6875,7,936.1999999999996,5,765.5999999999999,2opt,notBad
6876,7,936.1999999999996,5,765.5999999999999,swap,notBad
6877,7,936.1999999999996,5,765.5999999999999,swap,improve
6878,7,936.1999999999996,5,765.5999999999999,2opt,notBad
6879,7,936.1999999999996,5,765.5999999999999,2opt,notBad
6880,7,936.1999999999996,5,765.5999999999999,2opt,notBad
6881,7,936.1999999999996,5,765.5999999999999,2opt,notBad
6882,7,936.1999999999996,5,765.5999999999999,move,improve
6883,7,936.1999999999996,5,765.5999999999999,swap,notBad
6884,7,936.1999999999996,5,765.5999999999999,2opt,notBad
6885,7,936.1999999999996,5,765.5999999999999,2opt,notBad
6886,7,936.1999999999996,5,765.5999999999999,move,improve
6887,7,936.1999999999996,5,765.5999999999999,move,improve
6888,7,936.1999999999996,5,765.5999999999999,swap,notBad
6889,7,936.1999999999996,5,765.5999999999999,move,improve
6890,7,936.1999999999996,5,765.5999999999999,2opt,improve
6891,7,936.1999999999996,5,765.5999999999999,2opt,improve
6892,7,936.1999999999996,5,765.5999999999999,swap,notBad
6893,7,936.1999999999996,5,765.5999999999999,move,improve
6894,7,936.1999999999996,5,765.5999999999999,move,improve
6895,7,936.1999999999996,5,765.5999999999999,move,improve
6896,7,936.1999999999996,5,765.5999999999999,swap,notBad
6897,7,936.1999999999996,5,765.5999999999999,move,improve
6898,7,936.1999999999996,5,765.5999999999999,move,improve
6899,7,936.1999999999996,5,765.5999999999999,2opt,notBad
6900,7,936.1999999999996,5,765.5999999999999,2opt,notBad
6901,7,936.1999999999996,5,765.5999999999999,2opt,notBad
6902,7,936.1999999999996,5,765.5999999999999,swap,improve
6903,7,936.1999999999996,5,765.5999999999999,move,improve
6904,7,936.1999999999996,5,765.5999999999999,2opt,notBad
6905,7,936.1999999999996,5,765.5999999999999,2opt,notBad
6906,7,936.1999999999996,5,765.5999999999999,swap,improve
6907,7,936.1999999999996,5,765.5999999999999,swap,notBad
6908,7,936.1999999999996,5,765.5999999999999,move,improve
6909,7,936.1999999999996,5,765.5999999999999,2opt,notBad
6910,7,936.1999999999996,5,765.5999999999999,2opt,improve
6911,7,936.1999999999996,5,765.5999999999999,2opt,notBad
6912,7,936.1999999999996,5,765.5999999999999,swap,notBad
6913,7,936.1999999999996,5,765.5999999999999,move,improve
6914,7,936.1999999999996,5,765.5999999999999,move,improve
6915,7,936.1999999999996,5,765.5999999999999,swap,improve
6916,7,936.1999999999996,5,765.5999999999999,2opt,notBad
6917,7,936.1999999999996,5,765.5999999999999,2opt,improve
6918,7,936.1999999999996,5,765.5999999999999,swap,improve
6919,7,936.1999999999996,5,765.5999999999999,2opt,notBad
6920,7,936.1999999999996,5,765.5999999999999,swap,improve
6921,7,936.1999999999996,5,765.5999999999999,2opt,improve
6922,7,936.1999999999996,5,765.5999999999999,swap,notBad
6923,7,936.1999999999996,5,765.5999999999999,2opt,notBad
6924,7,936.1999999999996,5,765.5999999999999,move,improve
6925,7,936.1999999999996,5,765.5999999999999,swap,notBad
6926,7,936.1999999999996,5,765.5999999999999,swap,improve
6927,7,950.7999999999995,5,765.5999999999999,swap,acceptBad
6928,7,950.7999999999995,5,765.5999999999999,2opt,notBad
6929,7,950.7999999999995,5,765.5999999999999,swap,improve
6930,7,950.7999999999995,5,765.5999999999999,2opt,notBad
6931,7,950.7999999999995,5,765.5999999999999,2opt,notBad
6932,7,950.7999999999995,5,765.5999999999999,move,improve
6933,7,950.7999999999995,5,765.5999999999999,2opt,notBad
6934,7,929.9999999999998,5,765.5999999999999,2opt,improve
6935,7,929.9999999999998,5,765.5999999999999,move,improve
6936,7,929.9999999999998,5,765.5999999999999,2opt,notBad
6937,7,929.9999999999998,5,765.5999999999999,move,improve
6938,7,929.9999999999998,5,765.5999999999999,swap,improve
6939,7,929.9999999999998,5,765.5999999999999,swap,improve
6940,7,929.9999999999998,5,765.5999999999999,move,improve
6941,7,929.9999999999998,5,765.5999999999999,move,improve
6942,7,929.9999999999998,5,765.5999999999999,swap,improve
6943,7,929.9999999999998,5,765.5999999999999,move,improve
6944,7,929.9999999999998,5,765.5999999999999,swap,notBad
6945,7,929.9999999999998,5,765.5999999999999,2opt,notBad
6946,7,929.9999999999998,5,765.5999999999999,2opt,improve
6947,7,929.9999999999998,5,765.5999999999999,move,improve
6948,7,929.9999999999998,5,765.5999999999999,2opt,notBad
6949,7,929.9999999999998,5,765.5999999999999,2opt,notBad
6950,7,929.9999999999998,5,765.5999999999999,swap,improve
6951,7,929.9999999999998,5,765.5999999999999,2opt,improve
6952,7,929.9999999999998,5,765.5999999999999,swap,improve
6953,7,929.9999999999998,5,765.5999999999999,2opt,notBad
6954,7,929.9999999999998,5,765.5999999999999,swap,notBad
6955,7,929.9999999999998,5,765.5999999999999,move,improve
6956,7,929.9999999999998,5,765.5999999999999,2opt,notBad
6957,7,929.9999999999998,5,765.5999999999999,2opt,notBad
6958,7,929.9999999999998,5,765.5999999999999,2opt,notBad
6959,7,929.9999999999998,5,765.5999999999999,2opt,notBad
6960,7,929.9999999999998,5,765.5999999999999,swap,notBad
6961,7,926.2000000000003,5,765.5999999999999,2opt,improve
6962,7,926.2000000000003,5,765.5999999999999,move,improve
6963,7,926.2000000000003,5,765.5999999999999,move,improve
6964,7,926.2000000000003,5,765.5999999999999,2opt,notBad
6965,7,926.2000000000003,5,765.5999999999999,move,improve
6966,7,926.2000000000003,5,765.5999999999999,swap,improve
6967,7,926.2000000000003,5,765.5999999999999,2opt,notBad
6968,7,926.2000000000003,5,765.5999999999999,move,improve
6969,7,926.2000000000003,5,765.5999999999999,2opt,notBad
6970,7,926.2000000000003,5,765.5999999999999,move,improve
6971,7,926.2000000000003,5,765.5999999999999,move,improve
6972,7,926.2000000000003,5,765.5999999999999,move,improve
6973,7,926.2000000000003,5,765.5999999999999,move,improve
6974,7,926.2000000000003,5,765.5999999999999,move,improve
6975,7,926.2000000000003,5,765.5999999999999,move,improve
6976,7,926.2000000000003,5,765.5999999999999,swap,notBad
6977,7,926.2000000000003,5,765.5999999999999,move,improve
6978,7,926.2000000000003,5,765.5999999999999,2opt,notBad
6979,7,926.2000000000003,5,765.5999999999999,2opt,notBad
6980,7,926.2000000000003,5,765.5999999999999,swap,improve
6981,7,926.2000000000003,5,765.5999999999999,swap,notBad
6982,7,926.2000000000003,5,765.5999999999999,2opt,notBad
6983,7,926.2000000000003,5,765.5999999999999,swap,notBad
6984,7,926.2000000000003,5,765.5999999999999,2opt,notBad
6985,7,926.2000000000003,5,765.5999999999999,2opt,notBad
6986,7,926.2000000000003,5,765.5999999999999,swap,improve
6987,7,926.2000000000003,5,765.5999999999999,move,improve
6988,7,926.2000000000003,5,765.5999999999999,2opt,improve
6989,7,926.2000000000003,5,765.5999999999999,2opt,notBad
6990,7,926.2000000000003,5,765.5999999999999,2opt,notBad
6991,7,926.2000000000003,5,765.5999999999999,swap,notBad
6992,7,926.2000000000003,5,765.5999999999999,move,improve
6993,7,926.2000000000003,5,765.5999999999999,2opt,notBad
6994,7,926.2000000000003,5,765.5999999999999,move,improve
6995,7,926.2000000000003,5,765.5999999999999,move,notBad
6996,7,926.2000000000003,5,765.5999999999999,2opt,improve
6997,7,926.2000000000003,5,765.5999999999999,move,improve
6998,7,926.2000000000003,5,765.5999999999999,swap,improve
6999,7,926.2000000000003,5,765.5999999999999,swap,notBad
7000,7,926.2000000000003,5,765.5999999999999,2opt,notBad
7001,7,924.3999999999999,5,765.5999999999999,2opt,improve
7002,7,924.3999999999999,5,765.5999999999999,swap,notBad
7003,7,924.3999999999999,5,765.5999999999999,swap,notBad
7004,7,924.3999999999999,5,765.5999999999999,2opt,improve
7005,7,924.3999999999999,5,765.5999999999999,move,improve
7006,7,924.3999999999999,5,765.5999999999999,2opt,notBad
7007,7,924.3999999999999,5,765.5999999999999,2opt,improve
7008,7,924.3999999999999,5,765.5999999999999,swap,improve
7009,7,924.3999999999999,5,765.5999999999999,swap,improve
7010,7,924.3999999999999,5,765.5999999999999,2opt,improve
7011,7,924.3999999999999,5,765.5999999999999,2opt,notBad
7012,7,924.3999999999999,5,765.5999999999999,swap,notBad
7013,7,924.3999999999999,5,765.5999999999999,2opt,notBad
7014,7,924.3999999999999,5,765.5999999999999,move,improve
7015,7,924.3999999999999,5,765.5999999999999,2opt,notBad
7016,7,924.3999999999999,5,765.5999999999999,move,improve
7017,7,924.3999999999999,5,765.5999999999999,swap,improve
7018,7,924.3999999999999,5,765.5999999999999,2opt,notBad
7019,7,924.3999999999999,5,765.5999999999999,2opt,improve
7020,7,924.3999999999999,5,765.5999999999999,swap,notBad
7021,7,924.3999999999999,5,765.5999999999999,2opt,notBad
7022,7,924.3999999999999,5,765.5999999999999,2opt,notBad
7023,7,924.3999999999999,5,765.5999999999999,swap,notBad
7024,7,924.3999999999999,5,765.5999999999999,swap,improve
7025,7,924.3999999999999,5,765.5999999999999,move,improve
7026,7,924.3999999999999,5,765.5999999999999,2opt,improve
7027,7,924.3999999999999,5,765.5999999999999,move,improve
7028,7,924.3999999999999,5,765.5999999999999,swap,notBad
7029,7,924.3999999999999,5,765.5999999999999,swap,improve
7030,7,924.3999999999999,5,765.5999999999999,move,improve
7031,7,924.3999999999999,5,765.5999999999999,swap,notBad
7032,7,924.3999999999999,5,765.5999999999999,2opt,improve
7033,7,924.3999999999999,5,765.5999999999999,2opt,improve
7034,7,924.3999999999999,5,765.5999999999999,move,improve
7035,7,924.3999999999999,5,765.5999999999999,swap,notBad
7036,7,924.3999999999999,5,765.5999999999999,move,improve
7037,7,924.3999999999999,5,765.5999999999999,swap,improve
7038,7,924.3999999999999,5,765.5999999999999,swap,improve
7039,7,924.3999999999999,5,765.5999999999999,2opt,notBad
7040,7,924.3999999999999,5,765.5999999999999,2opt,notBad
7041,7,924.3999999999999,5,765.5999999999999,2opt,improve
7042,7,924.3999999999999,5,765.5999999999999,swap,notBad
7043,7,924.3999999999999,5,765.5999999999999,2opt,notBad
7044,7,924.3999999999999,5,765.5999999999999,move,improve
7045,7,924.3999999999999,5,765.5999999999999,move,improve
7046,7,924.3999999999999,5,765.5999999999999,2opt,improve
7047,7,924.3999999999999,5,765.5999999999999,move,improve
7048,7,924.3999999999999,5,765.5999999999999,move,improve
7049,7,924.3999999999999,5,765.5999999999999,swap,improve
7050,7,924.3999999999999,5,765.5999999999999,move,improve
7051,7,924.3999999999999,5,765.5999999999999,move,improve
7052,7,924.3999999999999,5,765.5999999999999,move,improve
7053,7,924.3999999999999,5,765.5999999999999,2opt,notBad
7054,7,924.3999999999999,5,765.5999999999999,swap,improve
7055,7,924.3999999999999,5,765.5999999999999,move,improve
7056,7,924.3999999999999,5,765.5999999999999,move,improve
7057,7,924.3999999999999,5,765.5999999999999,2opt,improve
7058,7,924.3999999999999,5,765.5999999999999,swap,notBad
7059,7,924.3999999999999,5,765.5999999999999,2opt,notBad
7060,7,924.3999999999999,5,765.5999999999999,2opt,notBad
7061,7,924.3999999999999,5,765.5999999999999,2opt,notBad
7062,7,924.3999999999999,5,765.5999999999999,move,improve
7063,7,924.3999999999999,5,765.5999999999999,swap,improve
7064,7,924.3999999999999,5,765.5999999999999,swap,notBad
7065,7,924.3999999999999,5,765.5999999999999,2opt,notBad
7066,7,924.3999999999999,5,765.5999999999999,2opt,improve
7067,7,924.3999999999999,5,765.5999999999999,swap,improve
7068,7,924.3999999999999,5,765.5999999999999,move,improve
7069,7,924.3999999999999,5,765.5999999999999,move,improve
7070,7,924.3999999999999,5,765.5999999999999,2opt,improve
7071,7,924.3999999999999,5,765.5999999999999,move,improve
7072,7,924.3999999999999,5,765.5999999999999,move,improve
7073,7,924.3999999999999,5,765.5999999999999,swap,notBad
7074,7,924.3999999999999,5,765.5999999999999,2opt,improve
7075,7,924.3999999999999,5,765.5999999999999,move,improve
7076,7,924.3999999999999,5,765.5999999999999,swap,notBad
7077,7,924.3999999999999,5,765.5999999999999,move,improve
7078,7,924.3999999999999,5,765.5999999999999,swap,improve
7079,7,924.3999999999999,5,765.5999999999999,move,improve
7080,7,924.3999999999999,5,765.5999999999999,swap,notBad
7081,7,924.3999999999999,5,765.5999999999999,swap,notBad
7082,7,924.3999999999999,5,765.5999999999999,swap,notBad
7083,7,924.3999999999999,5,765.5999999999999,2opt,notBad
7084,7,924.3999999999999,5,765.5999999999999,2opt,notBad
7085,7,924.3999999999999,5,765.5999999999999,move,improve
7086,7,924.3999999999999,5,765.5999999999999,2opt,notBad
7087,7,924.3999999999999,5,765.5999999999999,swap,notBad
7088,7,924.3999999999999,5,765.5999999999999,2opt,notBad
7089,7,925.5999999999999,5,765.5999999999999,swap,acceptBad
7090,7,925.5999999999999,5,765.5999999999999,move,improve
7091,7,925.5999999999999,5,765.5999999999999,move,improve
7092,7,925.5999999999999,5,765.5999999999999,swap,notBad
7093,7,925.5999999999999,5,765.5999999999999,2opt,improve
7094,7,925.5999999999999,5,765.5999999999999,move,improve
7095,7,925.5999999999999,5,765.5999999999999,2opt,improve
7096,7,925.5999999999999,5,765.5999999999999,2opt,notBad
7097,7,925.5999999999999,5,765.5999999999999,swap,notBad
7098,7,925.5999999999999,5,765.5999999999999,move,improve
7099,7,925.5999999999999,5,765.5999999999999,2opt,improve
7100,7,925.5999999999999,5,765.5999999999999,2opt,notBad
7101,7,925.5999999999999,5,765.5999999999999,move,improve
7102,7,925.5999999999999,5,765.5999999999999,swap,improve
7103,7,925.5999999999999,5,765.5999999999999,move,improve
7104,7,925.5999999999999,5,765.5999999999999,move,improve
7105,7,925.5999999999999,5,765.5999999999999,swap,notBad
7106,7,925.5999999999999,5,765.5999999999999,2opt,notBad
7107,7,925.5999999999999,5,765.5999999999999,2opt,notBad
7108,7,925.5999999999999,5,765.5999999999999,2opt,notBad
7109,7,925.5999999999999,5,765.5999999999999,move,improve
7110,7,925.5999999999999,5,765.5999999999999,2opt,improve
7111,7,925.5999999999999,5,765.5999999999999,swap,improve
7112,7,925.5999999999999,5,765.5999999999999,swap,notBad
7113,7,925.5999999999999,5,765.5999999999999,2opt,notBad
7114,7,925.5999999999999,5,765.5999999999999,move,improve
7115,7,925.5999999999999,5,765.5999999999999,swap,notBad
7116,7,925.5999999999999,5,765.5999999999999,move,improve
7117,7,925.5999999999999,5,765.5999999999999,swap,improve
7118,7,925.5999999999999,5,765.5999999999999,2opt,notBad
7119,7,925.5999999999999,5,765.5999999999999,move,improve
7120,7,925.5999999999999,5,765.5999999999999,2opt,notBad
7121,7,925.5999999999999,5,765.5999999999999,move,improve
7122,7,925.5999999999999,5,765.5999999999999,swap,improve
7123,7,925.5999999999999,5,765.5999999999999,swap,notBad
7124,7,925.5999999999999,5,765.5999999999999,move,improve
7125,7,925.5999999999999,5,765.5999999999999,move,improve
7126,7,925.5999999999999,5,765.5999999999999,2opt,notBad
7127,7,925.5999999999999,5,765.5999999999999,move,improve
7128,7,925.5999999999999,5,765.5999999999999,2opt,notBad
7129,7,925.5999999999999,5,765.5999999999999,2opt,notBad
7130,7,925.5999999999999,5,765.5999999999999,2opt,notBad
7131,7,925.5999999999999,5,765.5999999999999,move,improve
7132,7,925.5999999999999,5,765.5999999999999,2opt,notBad
7133,7,925.5999999999999,5,765.5999999999999,move,improve
7134,7,925.5999999999999,5,765.5999999999999,move,improve
7135,7,924.3999999999999,5,765.5999999999999,swap,improve
7136,7,924.3999999999999,5,765.5999999999999,swap,notBad
7137,7,924.3999999999999,5,765.5999999999999,2opt,notBad
7138,7,924.3999999999999,5,765.5999999999999,move,improve
7139,7,924.3999999999999,5,765.5999999999999,2opt,notBad
7140,7,924.3999999999999,5,765.5999999999999,move,improve
7141,7,924.3999999999999,5,765.5999999999999,move,improve
7142,7,924.3999999999999,5,765.5999999999999,move,improve
7143,7,924.3999999999999,5,765.5999999999999,move,improve
7144,7,924.3999999999999,5,765.5999999999999,move,improve
7145,7,924.3999999999999,5,765.5999999999999,move,improve
7146,7,924.3999999999999,5,765.5999999999999,swap,notBad
7147,7,924.3999999999999,5,765.5999999999999,swap,improve
7148,7,924.3999999999999,5,765.5999999999999,swap,notBad
7149,7,924.3999999999999,5,765.5999999999999,swap,improve
7150,7,924.3999999999999,5,765.5999999999999,move,improve
7151,7,924.3999999999999,5,765.5999999999999,move,improve
7152,7,924.3999999999999,5,765.5999999999999,move,improve
7153,7,924.3999999999999,5,765.5999999999999,move,improve
7154,7,924.3999999999999,5,765.5999999999999,swap,notBad
7155,7,924.3999999999999,5,765.5999999999999,move,improve
7156,7,924.3999999999999,5,765.5999999999999,swap,improve
7157,7,924.3999999999999,5,765.5999999999999,2opt,notBad
7158,7,924.3999999999999,5,765.5999999999999,2opt,improve
7159,7,924.3999999999999,5,765.5999999999999,swap,improve
7160,7,924.3999999999999,5,765.5999999999999,swap,improve
7161,7,924.3999999999999,5,765.5999999999999,move,improve
7162,7,924.3999999999999,5,765.5999999999999,swap,notBad
7163,7,924.3999999999999,5,765.5999999999999,swap,notBad
7164,7,924.3999999999999,5,765.5999999999999,swap,notBad
7165,7,924.3999999999999,5,765.5999999999999,move,improve
7166,7,924.3999999999999,5,765.5999999999999,swap,notBad
7167,7,924.3999999999999,5,765.5999999999999,2opt,notBad
7168,7,924.3999999999999,5,765.5999999999999,move,improve
7169,7,924.3999999999999,5,765.5999999999999,swap,improve
7170,7,924.3999999999999,5,765.5999999999999,move,improve
7171,7,924.3999999999999,5,765.5999999999999,move,improve
7172,7,924.3999999999999,5,765.5999999999999,move,improve
7173,7,919.4000000000001,5,765.5999999999999,swap,improve
7174,7,919.4000000000001,5,765.5999999999999,swap,notBad
7175,7,925.2000000000003,5,765.5999999999999,swap,acceptBad
7176,7,925.2000000000003,5,765.5999999999999,swap,improve
7177,7,925.2000000000003,5,765.5999999999999,move,improve
7178,7,925.2000000000003,5,765.5999999999999,2opt,notBad
7179,7,925.2000000000003,5,765.5999999999999,move,improve
7180,7,925.2000000000003,5,765.5999999999999,swap,improve
7181,7,925.2000000000003,5,765.5999999999999,2opt,notBad
7182,7,925.2000000000003,5,765.5999999999999,swap,improve
7183,7,926.8,5,765.5999999999999,2opt,acceptBad
7184,7,926.8,5,765.5999999999999,2opt,notBad
7185,7,926.8,5,765.5999999999999,2opt,notBad
7186,7,926.8,5,765.5999999999999,move,improve
7187,7,926.8,5,765.5999999999999,2opt,notBad
7188,7,925.5999999999999,5,765.5999999999999,swap,improve
7189,7,925.5999999999999,5,765.5999999999999,2opt,notBad
7190,7,925.5999999999999,5,765.5999999999999,swap,improve
7191,7,925.5999999999999,5,765.5999999999999,move,improve
7192,7,925.5999999999999,5,765.5999999999999,2opt,notBad
7193,7,929.9999999999998,5,765.5999999999999,swap,acceptBad
7194,7,929.9999999999998,5,765.5999999999999,swap,improve
7195,7,929.9999999999998,5,765.5999999999999,swap,notBad
7196,7,929.9999999999998,5,765.5999999999999,2opt,improve
7197,7,929.9999999999998,5,765.5999999999999,2opt,notBad
7198,7,945.7999999999997,5,765.5999999999999,swap,acceptBad
7199,7,945.7999999999997,5,765.5999999999999,move,improve
7200,7,945.7999999999997,5,765.5999999999999,swap,improve
7201,7,945.7999999999997,5,765.5999999999999,swap,notBad
7202,7,946.9999999999998,5,765.5999999999999,swap,acceptBad
7203,7,946.9999999999998,5,765.5999999999999,2opt,improve
7204,7,946.9999999999998,5,765.5999999999999,2opt,notBad
7205,7,946.9999999999998,5,765.5999999999999,2opt,notBad
7206,7,946.9999999999998,5,765.5999999999999,2opt,notBad
7207,7,946.9999999999998,5,765.5999999999999,2opt,notBad
7208,7,946.9999999999998,5,765.5999999999999,2opt,notBad
7209,7,945.7999999999997,5,765.5999999999999,2opt,improve
7210,7,945.7999999999997,5,765.5999999999999,move,improve
7211,7,945.7999999999997,5,765.5999999999999,2opt,notBad
7212,7,945.7999999999997,5,765.5999999999999,swap,improve
7213,7,945.7999999999997,5,765.5999999999999,2opt,notBad
7214,7,945.7999999999997,5,765.5999999999999,move,improve
7215,7,945.7999999999997,5,765.5999999999999,swap,notBad
7216,7,968.3999999999999,5,765.5999999999999,swap,acceptBad
7217,7,968.3999999999999,5,765.5999999999999,move,improve
7218,7,968.3999999999999,5,765.5999999999999,move,improve
7219,7,968.3999999999999,5,765.5999999999999,move,improve
7220,7,968.3999999999999,5,765.5999999999999,move,improve
7221,7,968.3999999999999,5,765.5999999999999,swap,notBad
7222,7,968.3999999999999,5,765.5999999999999,move,improve
7223,7,968.3999999999999,5,765.5999999999999,swap,notBad
7224,7,968.3999999999999,5,765.5999999999999,2opt,notBad
7225,7,968.3999999999999,5,765.5999999999999,2opt,notBad
7226,7,964.0,5,765.5999999999999,swap,improve
7227,7,964.0,5,765.5999999999999,move,improve
7228,7,964.0,5,765.5999999999999,swap,notBad
7229,7,964.0,5,765.5999999999999,swap,notBad
7230,7,964.0,5,765.5999999999999,2opt,notBad
7231,7,964.0,5,765.5999999999999,2opt,notBad
7232,7,964.0,5,765.5999999999999,2opt,improve
7233,7,964.0,5,765.5999999999999,move,improve
7234,7,941.3999999999999,5,765.5999999999999,swap,improve
7235,7,941.3999999999999,5,765.5999999999999,2opt,improve
7236,7,941.3999999999999,5,765.5999999999999,move,improve
7237,7,941.3999999999999,5,765.5999999999999,swap,notBad
7238,7,941.3999999999999,5,765.5999999999999,swap,notBad
7239,7,941.3999999999999,5,765.5999999999999,move,improve
7240,7,941.3999999999999,5,765.5999999999999,2opt,notBad
7241,7,941.3999999999999,5,765.5999999999999,move,improve
7242,7,941.3999999999999,5,765.5999999999999,2opt,notBad
7243,7,941.3999999999999,5,765.5999999999999,move,improve
7244,7,941.3999999999999,5,765.5999999999999,swap,improve
7245,7,941.3999999999999,5,765.5999999999999,move,improve
7246,7,941.3999999999999,5,765.5999999999999,2opt,improve
7247,7,941.3999999999999,5,765.5999999999999,swap,improve
7248,7,925.5999999999999,5,765.5999999999999,swap,improve
7249,7,925.5999999999999,5,765.5999999999999,move,improve
7250,7,925.5999999999999,5,765.5999999999999,swap,improve
7251,7,925.5999999999999,5,765.5999999999999,move,improve
7252,7,925.5999999999999,5,765.5999999999999,2opt,improve
7253,7,925.5999999999999,5,765.5999999999999,move,improve
7254,7,925.5999999999999,5,765.5999999999999,2opt,notBad
7255,7,925.5999999999999,5,765.5999999999999,move,improve
7256,7,925.5999999999999,5,765.5999999999999,2opt,improve
7257,7,925.5999999999999,5,765.5999999999999,move,improve
7258,7,925.5999999999999,5,765.5999999999999,move,improve
7259,7,925.5999999999999,5,765.5999999999999,swap,improve
7260,7,925.5999999999999,5,765.5999999999999,2opt,improve
7261,7,925.5999999999999,5,765.5999999999999,move,improve
7262,7,925.5999999999999,5,765.5999999999999,move,improve
7263,7,925.5999999999999,5,765.5999999999999,2opt,notBad
7264,7,925.5999999999999,5,765.5999999999999,swap,improve
7265,7,925.5999999999999,5,765.5999999999999,2opt,notBad
7266,7,925.5999999999999,5,765.5999999999999,2opt,notBad
7267,7,925.5999999999999,5,765.5999999999999,move,improve
7268,7,925.5999999999999,5,765.5999999999999,2opt,notBad
7269,7,925.5999999999999,5,765.5999999999999,move,improve
7270,7,925.5999999999999,5,765.5999999999999,2opt,notBad
7271,7,925.5999999999999,5,765.5999999999999,2opt,notBad
7272,7,925.5999999999999,5,765.5999999999999,move,improve
7273,7,925.5999999999999,5,765.5999999999999,move,improve
7274,7,925.5999999999999,5,765.5999999999999,swap,notBad
7275,7,925.5999999999999,5,765.5999999999999,move,improve
7276,7,925.5999999999999,5,765.5999999999999,swap,improve
7277,7,925.5999999999999,5,765.5999999999999,move,improve
7278,7,925.5999999999999,5,765.5999999999999,2opt,notBad
7279,7,925.5999999999999,5,765.5999999999999,move,improve
7280,7,925.5999999999999,5,765.5999999999999,swap,improve
7281,7,925.5999999999999,5,765.5999999999999,2opt,notBad
7282,7,925.5999999999999,5,765.5999999999999,swap,improve
7283,7,925.5999999999999,5,765.5999999999999,move,improve
7284,7,925.5999999999999,5,765.5999999999999,move,improve
7285,7,925.5999999999999,5,765.5999999999999,2opt,notBad
7286,7,925.5999999999999,5,765.5999999999999,move,improve
7287,7,925.5999999999999,5,765.5999999999999,move,improve
7288,7,925.5999999999999,5,765.5999999999999,2opt,notBad
7289,7,925.5999999999999,5,765.5999999999999,move,improve
7290,7,930.3999999999994,5,765.5999999999999,swap,acceptBad
7291,7,930.3999999999994,5,765.5999999999999,2opt,notBad
7292,7,930.3999999999994,5,765.5999999999999,move,improve
7293,7,930.3999999999994,5,765.5999999999999,move,improve
7294,7,930.3999999999994,5,765.5999999999999,move,improve
7295,7,929.3999999999996,5,765.5999999999999,swap,improve
7296,7,929.3999999999996,5,765.5999999999999,swap,notBad
7297,6,822.1999999999991,5,765.5999999999999,move,improve
7298,6,741.4999999999995,6,741.4999999999995,move,newBest
7299,6,741.4999999999995,6,741.4999999999995,2opt,notBad
7300,6,741.4999999999995,6,741.4999999999995,move,improve
7301,6,741.4999999999995,6,741.4999999999995,swap,notBad
7302,6,754.6999999999997,6,741.4999999999995,swap,acceptBad
7303,6,754.6999999999997,6,741.4999999999995,2opt,improve
7304,6,754.6999999999997,6,741.4999999999995,2opt,notBad
7305,6,754.6999999999997,6,741.4999999999995,swap,improve
7306,6,754.6999999999997,6,741.4999999999995,move,improve
7307,6,754.6999999999997,6,741.4999999999995,2opt,notBad
7308,6,754.6999999999997,6,741.4999999999995,swap,improve
7309,6,754.6999999999997,6,741.4999999999995,move,improve
7310,6,754.6999999999997,6,741.4999999999995,move,improve
7311,6,754.6999999999997,6,741.4999999999995,swap,improve
7312,6,754.6999999999997,6,741.4999999999995,2opt,notBad
7313,6,754.6999999999997,6,741.4999999999995,move,improve
7314,6,754.3999999999996,6,741.4999999999995,move,improve
7315,6,742.0999999999998,6,741.4999999999995,2opt,improve
7316,6,742.0999999999998,6,741.4999999999995,swap,improve
7317,6,742.0999999999998,6,741.4999999999995,2opt,notBad
7318,6,742.0999999999998,6,741.4999999999995,move,improve
7319,6,742.0999999999998,6,741.4999999999995,swap,improve
7320,6,742.0999999999998,6,741.4999999999995,swap,improve
7321,6,742.0999999999998,6,741.4999999999995,swap,improve
7322,6,742.0999999999998,6,741.4999999999995,swap,notBad
7323,6,742.0999999999998,6,741.4999999999995,2opt,notBad
7324,6,742.0999999999998,6,741.4999999999995,move,improve
7325,6,742.0999999999998,6,741.4999999999995,move,improve
7326,6,742.0999999999998,6,741.4999999999995,move,improve
7327,6,742.0999999999998,6,741.4999999999995,2opt,notBad
7328,6,742.0999999999998,6,741.4999999999995,2opt,improve
7329,6,748.6999999999996,6,741.4999999999995,swap,acceptBad
7330,6,748.6999999999996,6,741.4999999999995,2opt,improve
7331,6,748.6999999999996,6,741.4999999999995,2opt,improve
7332,6,748.6999999999996,6,741.4999999999995,swap,notBad
7333,6,748.6999999999996,6,741.4999999999995,swap,notBad
7334,6,748.6999999999996,6,741.4999999999995,move,improve
7335,6,748.6999999999996,6,741.4999999999995,move,improve
7336,6,748.6999999999996,6,741.4999999999995,move,improve
7337,6,748.6999999999996,6,741.4999999999995,move,improve
7338,6,748.6999999999996,6,741.4999999999995,2opt,notBad
7339,6,748.6999999999996,6,741.4999999999995,2opt,notBad
7340,6,748.6999999999996,6,741.4999999999995,2opt,notBad
7341,6,748.6999999999996,6,741.4999999999995,2opt,notBad
7342,6,748.6999999999996,6,741.4999999999995,swap,notBad
7343,6,748.6999999999996,6,741.4999999999995,2opt,notBad
7344,6,748.6999999999996,6,741.4999999999995,2opt,notBad
7345,6,748.6999999999996,6,741.4999999999995,2opt,notBad
7346,6,748.6999999999996,6,741.4999999999995,swap,notBad
7347,6,748.6999999999996,6,741.4999999999995,move,improve
7348,6,748.6999999999996,6,741.4999999999995,2opt,notBad
7349,6,749.1999999999997,6,741.4999999999995,swap,acceptBad
7350,6,749.1999999999997,6,741.4999999999995,swap,improve
7351,6,749.1999999999997,6,741.4999999999995,move,improve
7352,6,749.1999999999997,6,741.4999999999995,swap,notBad
7353,6,749.1999999999997,6,741.4999999999995,swap,improve
7354,6,749.1999999999997,6,741.4999999999995,swap,improve
7355,6,749.1999999999997,6,741.4999999999995,move,improve
7356,6,746.2999999999997,6,741.4999999999995,swap,improve
7357,6,746.2999999999997,6,741.4999999999995,move,improve
7358,6,746.2999999999997,6,741.4999999999995,swap,improve
7359,6,746.2999999999997,6,741.4999999999995,move,improve
7360,6,736.9999999999999,6,736.9999999999999,swap,newBest
7361,6,736.9999999999999,6,736.9999999999999,2opt,notBad
7362,6,736.9999999999999,6,736.9999999999999,2opt,notBad
7363,6,736.9999999999999,6,736.9999999999999,move,improve
7364,6,736.9999999999999,6,736.9999999999999,move,improve
7365,6,746.2999999999997,6,736.9999999999999,swap,acceptBad
7366,6,746.2999999999997,6,736.9999999999999,move,improve
7367,6,746.2999999999997,6,736.9999999999999,2opt,notBad
7368,6,746.2999999999997,6,736.9999999999999,2opt,notBad
7369,6,746.2999999999997,6,736.9999999999999,2opt,improve
7370,6,746.2999999999997,6,736.9999999999999,move,improve
7371,6,746.2999999999997,6,736.9999999999999,swap,improve
7372,6,746.2999999999997,6,736.9999999999999,2opt,notBad
7373,6,746.2999999999997,6,736.9999999999999,move,improve
7374,6,746.2999999999997,6,736.9999999999999,move,improve
7375,6,746.2999999999997,6,736.9999999999999,2opt,improve
7376,6,746.2999999999997,6,736.9999999999999,2opt,notBad
7377,6,746.2999999999997,6,736.9999999999999,move,improve
7378,6,747.8999999999999,6,736.9999999999999,2opt,acceptBad
7379,6,747.8999999999999,6,736.9999999999999,move,improve
7380,6,747.8999999999999,6,736.9999999999999,2opt,notBad
7381,6,747.8999999999999,6,736.9999999999999,swap,improve
7382,6,747.8999999999999,6,736.9999999999999,move,improve
7383,6,729.6,6,729.6,2opt,newBest
7384,6,728.5,6,728.5,swap,newBest
7385,6,728.5,6,728.5,move,improve
7386,6,728.5,6,728.5,swap,notBad
7387,6,728.5,6,728.5,move,improve
7388,6,728.5,6,728.5,move,improve
7389,6,728.5,6,728.5,swap,improve
7390,6,728.5,6,728.5,2opt,notBad
7391,6,728.5,6,728.5,swap,improve
7392,6,728.5,6,728.5,2opt,notBad
7393,6,728.5,6,728.5,2opt,notBad
7394,6,728.5,6,728.5,2opt,notBad
7395,6,728.5,6,728.5,swap,improve
7396,6,728.5,6,728.5,move,improve
7397,6,728.5,6,728.5,move,improve
7398,6,728.5,6,728.5,swap,improve
7399,6,728.5,6,728.5,move,improve
7400,6,728.5,6,728.5,move,improve
7401,6,728.5,6,728.5,2opt,notBad
7402,6,728.5,6,728.5,2opt,notBad
7403,6,728.5,6,728.5,move,improve
7404,6,728.5,6,728.5,2opt,improve
7405,6,728.5,6,728.5,move,improve
7406,6,728.5,6,728.5,2opt,improve
7407,6,728.5,6,728.5,2opt,notBad
7408,6,728.5,6,728.5,2opt,notBad
7409,6,740.5,6,728.5,swap,acceptBad
7410,6,748.6999999999999,6,728.5,swap,acceptBad
7411,6,748.6999999999999,6,728.5,swap,improve
7412,6,748.6999999999999,6,728.5,swap,improve
7413,6,748.6999999999999,6,728.5,move,improve
7414,6,748.6999999999999,6,728.5,swap,notBad
7415,6,757.7999999999996,6,728.5,swap,acceptBad
7416,6,757.7999999999996,6,728.5,2opt,notBad
7417,6,757.7999999999996,6,728.5,2opt,notBad
7418,6,757.7999999999996,6,728.5,move,improve
7419,6,757.7999999999996,6,728.5,2opt,notBad
7420,6,757.7999999999996,6,728.5,2opt,notBad
7421,6,757.7999999999996,6,728.5,move,improve
7422,6,757.7999999999996,6,728.5,swap,improve
7423,6,741.3999999999996,6,728.5,2opt,improve
7424,6,741.3999999999996,6,728.5,move,improve
7425,6,741.3999999999996,6,728.5,2opt,notBad
7426,6,741.3999999999996,6,728.5,2opt,notBad
7427,6,741.3999999999996,6,728.5,2opt,notBad
7428,6,741.3999999999996,6,728.5,move,improve
7429,6,741.3999999999996,6,728.5,2opt,notBad
7430,6,741.3999999999996,6,728.5,move,improve
7431,6,741.3999999999996,6,728.5,2opt,notBad
7432,6,741.3999999999996,6,728.5,swap,notBad
7433,6,741.3999999999996,6,728.5,move,improve
7434,6,741.3999999999996,6,728.5,move,improve
7435,6,742.3999999999999,6,728.5,2opt,acceptBad
7436,6,735.9999999999999,6,728.5,swap,improve
7437,6,735.9999999999999,6,728.5,move,improve
7438,6,744.5999999999998,6,728.5,swap,acceptBad
7439,6,744.5999999999998,6,728.5,move,improve
7440,6,744.5999999999998,6,728.5,move,improve
7441,6,744.5999999999998,6,728.5,move,improve
7442,6,743.5999999999996,6,728.5,2opt,improve
7443,6,743.5999999999996,6,728.5,move,notBad
7444,6,743.5999999999996,6,728.5,move,improve
7445,6,743.5999999999996,6,728.5,2opt,improve
7446,6,743.5999999999996,6,728.5,2opt,notBad
7447,6,743.5999999999996,6,728.5,2opt,notBad
7448,6,743.5999999999996,6,728.5,move,improve
7449,6,743.5999999999996,6,728.5,2opt,notBad
7450,6,743.5999999999996,6,728.5,2opt,notBad
7451,6,743.5999999999996,6,728.5,move,improve
7452,6,756.9999999999995,6,728.5,swap,acceptBad
7453,6,756.9999999999995,6,728.5,move,improve
7454,6,756.9999999999995,6,728.5,swap,notBad
7455,6,746.9999999999997,6,728.5,swap,improve
7456,6,746.9999999999997,6,728.5,move,improve
7457,6,746.9999999999997,6,728.5,2opt,notBad
7458,6,735.2999999999996,6,728.5,swap,improve
7459,6,735.2999999999996,6,728.5,2opt,notBad
7460,6,736.6999999999996,6,728.5,swap,acceptBad
7461,6,736.6999999999996,6,728.5,2opt,notBad
7462,6,736.6999999999996,6,728.5,swap,improve
7463,6,736.6999999999996,6,728.5,move,improve
7464,6,736.6999999999996,6,728.5,move,improve
7465,6,736.6999999999996,6,728.5,2opt,notBad
7466,6,736.6999999999996,6,728.5,move,improve
7467,6,736.6999999999996,6,728.5,swap,improve
7468,6,736.6999999999996,6,728.5,swap,notBad
7469,6,736.6999999999996,6,728.5,move,improve
7470,6,736.6999999999996,6,728.5,move,improve
7471,6,736.6999999999996,6,728.5,2opt,improve
7472,6,736.6999999999996,6,728.5,move,improve
7473,6,741.2999999999995,6,728.5,swap,acceptBad
7474,6,741.2999999999995,6,728.5,2opt,notBad
7475,6,741.2999999999995,6,728.5,move,improve
7476,6,741.2999999999995,6,728.5,2opt,notBad
7477,6,741.2999999999995,6,728.5,move,improve
7478,6,741.2999999999995,6,728.5,swap,notBad
7479,6,741.2999999999995,6,728.5,move,improve
7480,6,741.2999999999995,6,728.5,move,improve
7481,6,741.2999999999995,6,728.5,2opt,notBad
7482,6,741.2999999999995,6,728.5,swap,improve
7483,6,741.2999999999995,6,728.5,2opt,notBad
7484,6,741.2999999999995,6,728.5,2opt,notBad
7485,6,741.2999999999995,6,728.5,move,improve
7486,6,741.2999999999995,6,728.5,2opt,notBad
7487,6,741.2999999999995,6,728.5,swap,improve
7488,6,746.8999999999995,6,728.5,swap,acceptBad
7489,6,741.1999999999996,6,728.5,2opt,improve
7490,6,741.1999999999996,6,728.5,move,improve
7491,6,741.1999999999996,6,728.5,2opt,notBad
7492,6,741.1999999999996,6,728.5,swap,notBad
7493,6,741.1999999999996,6,728.5,2opt,notBad
7494,6,699.5000000000001,6,699.5000000000001,swap,newBest
7495,6,699.5000000000001,6,699.5000000000001,2opt,notBad
7496,6,699.5000000000001,6,699.5000000000001,swap,notBad
7497,6,699.5000000000001,6,699.5000000000001,move,improve
7498,6,699.5000000000001,6,699.5000000000001,move,improve
7499,6,699.5000000000001,6,699.5000000000001,move,improve
7500,6,699.5000000000001,6,699.5000000000001,2opt,notBad
7501,6,699.5000000000001,6,699.5000000000001,swap,improve
7502,6,699.5000000000001,6,699.5000000000001,2opt,notBad
7503,6,699.5000000000001,6,699.5000000000001,move,improve
7504,6,699.5000000000001,6,699.5000000000001,swap,notBad
7505,6,699.5000000000001,6,699.5000000000001,2opt,improve
7506,6,699.3000000000001,6,699.3000000000001,move,newBest
7507,6,699.3000000000001,6,699.3000000000001,swap,improve
7508,6,690.3000000000001,6,690.3000000000001,swap,newBest
7509,6,690.3000000000001,6,690.3000000000001,swap,improve
7510,6,690.3000000000001,6,690.3000000000001,move,improve
7511,6,690.3000000000001,6,690.3000000000001,2opt,improve
7512,6,690.3000000000001,6,690.3000000000001,swap,improve
7513,6,690.3000000000001,6,690.3000000000001,2opt,notBad
7514,6,690.3000000000001,6,690.3000000000001,move,improve
7515,6,690.3000000000001,6,690.3000000000001,2opt,improve
7516,6,690.3000000000001,6,690.3000000000001,move,improve
7517,6,690.3000000000001,6,690.3000000000001,move,improve
7518,6,690.3000000000001,6,690.3000000000001,swap,notBad
7519,6,690.3000000000001,6,690.3000000000001,2opt,notBad
7520,6,690.3000000000001,6,690.3000000000001,2opt,improve
7521,6,689.8000000000001,6,689.8000000000001,move,newBest
7522,6,689.8000000000001,6,689.8000000000001,move,notBad
7523,6,693.6999999999999,6,689.8000000000001,swap,acceptBad
7524,6,693.6999999999999,6,689.8000000000001,swap,notBad
7525,6,693.6999999999999,6,689.8000000000001,move,improve
7526,6,708.1999999999998,6,689.8000000000001,swap,acceptBad
7527,6,708.1999999999998,6,689.8000000000001,swap,improve
7528,6,708.1999999999998,6,689.8000000000001,swap,notBad
7529,6,708.1999999999998,6,689.8000000000001,swap,improve
7530,6,708.1999999999998,6,689.8000000000001,move,improve
7531,6,708.1999999999998,6,689.8000000000001,move,improve
7532,6,708.1999999999998,6,689.8000000000001,move,improve
7533,6,708.1999999999998,6,689.8000000000001,move,improve
7534,6,708.1999999999998,6,689.8000000000001,2opt,notBad
7535,6,708.1999999999998,6,689.8000000000001,2opt,notBad
7536,6,708.1999999999998,6,689.8000000000001,move,improve
7537,6,708.1999999999998,6,689.8000000000001,2opt,notBad
7538,6,708.1999999999998,6,689.8000000000001,move,improve
7539,6,694.6999999999998,6,689.8000000000001,2opt,improve
7540,6,694.6999999999998,6,689.8000000000001,move,improve
7541,6,694.6999999999998,6,689.8000000000001,move,improve
7542,6,694.6999999999998,6,689.8000000000001,swap,notBad
7543,6,694.6999999999998,6,689.8000000000001,2opt,notBad
7544,6,694.6999999999998,6,689.8000000000001,move,improve
7545,6,694.6999999999998,6,689.8000000000001,move,improve
7546,6,700.7,6,689.8000000000001,swap,acceptBad
7547,6,700.7,6,689.8000000000001,2opt,notBad
7548,6,700.7,6,689.8000000000001,swap,notBad
7549,6,700.7,6,689.8000000000001,2opt,notBad
7550,6,700.7,6,689.8000000000001,2opt,notBad
7551,6,713.6,6,689.8000000000001,swap,acceptBad
7552,6,713.6,6,689.8000000000001,2opt,notBad
7553,6,713.6,6,689.8000000000001,swap,improve
7554,6,713.6,6,689.8000000000001,move,improve
7555,6,713.6,6,689.8000000000001,2opt,notBad
7556,6,711.8,6,689.8000000000001,swap,improve
7557,6,711.8,6,689.8000000000001,2opt,notBad
7558,6,711.8,6,689.8000000000001,move,improve
7559,6,711.8,6,689.8000000000001,move,improve
7560,6,711.8,6,689.8000000000001,move,improve
7561,6,711.8,6,689.8000000000001,2opt,notBad
7562,6,711.8,6,689.8000000000001,2opt,notBad
7563,6,711.8,6,689.8000000000001,2opt,improve
7564,6,711.8,6,689.8000000000001,move,improve
7565,6,711.8,6,689.8000000000001,move,improve
7566,6,711.8,6,689.8000000000001,swap,notBad
7567,6,711.8,6,689.8000000000001,move,improve
7568,6,711.8,6,689.8000000000001,move,improve
7569,6,713.6,6,689.8000000000001,swap,acceptBad
7570,6,713.6,6,689.8000000000001,move,improve
7571,6,713.6,6,689.8000000000001,move,improve
7572,6,713.6,6,689.8000000000001,swap,improve
7573,6,713.6,6,689.8000000000001,move,improve
7574,6,716.0000000000001,6,689.8000000000001,swap,acceptBad
7575,6,716.0000000000001,6,689.8000000000001,2opt,improve
7576,6,716.0000000000001,6,689.8000000000001,2opt,notBad
7577,6,716.0000000000001,6,689.8000000000001,swap,notBad
7578,6,716.0000000000001,6,689.8000000000001,move,improve
7579,6,716.0000000000001,6,689.8000000000001,swap,improve
7580,6,716.0000000000001,6,689.8000000000001,move,improve
7581,6,716.0000000000001,6,689.8000000000001,swap,improve
7582,6,716.0000000000001,6,689.8000000000001,swap,notBad
7583,6,716.0000000000001,6,689.8000000000001,move,improve
7584,6,716.0000000000001,6,689.8000000000001,move,improve
7585,6,713.3000000000002,6,689.8000000000001,swap,improve
7586,6,713.3000000000002,6,689.8000000000001,swap,improve
7587,6,713.3000000000002,6,689.8000000000001,2opt,improve
7588,6,713.3000000000002,6,689.8000000000001,move,improve
7589,6,713.3000000000002,6,689.8000000000001,move,improve
7590,6,713.3000000000002,6,689.8000000000001,move,improve
7591,6,713.3000000000002,6,689.8000000000001,swap,improve
7592,6,713.3000000000002,6,689.8000000000001,2opt,improve
7593,6,713.1000000000003,6,689.8000000000001,swap,improve
7594,6,713.1000000000003,6,689.8000000000001,2opt,notBad
7595,6,713.1000000000003,6,689.8000000000001,move,improve
7596,6,713.1000000000003,6,689.8000000000001,move,improve
7597,6,713.1000000000003,6,689.8000000000001,move,improve
7598,6,713.1000000000003,6,689.8000000000001,2opt,notBad
7599,6,713.1000000000003,6,689.8000000000001,2opt,improve
7600,6,713.1000000000003,6,689.8000000000001,2opt,notBad
7601,6,713.1000000000003,6,689.8000000000001,2opt,improve
7602,6,713.1000000000003,6,689.8000000000001,2opt,notBad
7603,6,710.2000000000002,6,689.8000000000001,swap,improve
7604,6,710.2000000000002,6,689.8000000000001,2opt,improve
7605,6,710.2000000000002,6,689.8000000000001,2opt,notBad
7606,6,675.1,6,675.1,2opt,newBest
7607,6,675.1,6,675.1,swap,improve
7608,6,675.1,6,675.1,swap,improve
7609,6,675.1,6,675.1,2opt,notBad
7610,6,659.4,6,659.4,move,newBest
7611,6,659.4,6,659.4,2opt,notBad
7612,6,659.4,6,659.4,move,improve
7613,6,659.4,6,659.4,move,improve
7614,6,659.4,6,659.4,2opt,notBad
7615,6,659.4,6,659.4,move,improve
7616,6,659.4,6,659.4,move,improve
7617,6,659.4,6,659.4,swap,improve
7618,6,659.4,6,659.4,move,improve
7619,6,607.3000000000002,6,607.3000000000002,swap,newBest
7620,6,607.3000000000002,6,607.3000000000002,move,improve
7621,6,610.2000000000003,6,607.3000000000002,swap,acceptBad
7622,6,610.2000000000003,6,607.3000000000002,2opt,improve
7623,6,610.2000000000003,6,607.3000000000002,swap,notBad
7624,6,607.3000000000002,6,607.3000000000002,swap,improve
7625,6,609.5000000000002,6,607.3000000000002,swap,acceptBad
7626,6,609.5000000000002,6,607.3000000000002,2opt,notBad
7627,6,559.1,6,559.1,move,newBest
7628,6,559.1,6,559.1,2opt,notBad
7629,6,559.1,6,559.1,move,improve
7630,6,559.1,6,559.1,move,improve
7631,6,559.1,6,559.1,2opt,notBad
7632,6,559.1,6,559.1,swap,notBad
7633,6,559.1,6,559.1,2opt,notBad
7634,6,559.1,6,559.1,move,improve
7635,6,559.1,6,559.1,move,improve
7636,6,559.1,6,559.1,2opt,notBad
7637,6,559.1,6,559.1,2opt,notBad
7638,6,559.1,6,559.1,swap,notBad
7639,6,559.1,6,559.1,move,improve
7640,6,559.1,6,559.1,move,notBad
7641,6,559.1,6,559.1,move,improve
7642,6,559.1,6,559.1,move,improve
7643,6,559.1,6,559.1,swap,notBad
7644,6,559.1,6,559.1,swap,notBad
7645,6,559.1,6,559.1,swap,notBad
7646,6,559.1,6,559.1,move,improve
7647,6,559.1,6,559.1,move,improve
7648,6,559.1,6,559.1,move,improve
7649,6,559.1,6,559.1,2opt,notBad
7650,6,559.1,6,559.1,2opt,improve
7651,6,548.6,6,548.6,swap,newBest
7652,6,548.6,6,548.6,2opt,improve
7653,6,548.6,6,548.6,swap,notBad
7654,6,548.6,6,548.6,move,improve
7655,6,548.6,6,548.6,move,improve
7656,6,531.7999999999998,6,531.7999999999998,swap,newBest
7657,6,531.7999999999998,6,531.7999999999998,move,improve
7658,6,531.7999999999998,6,531.7999999999998,2opt,notBad
7659,6,531.7999999999998,6,531.7999999999998,swap,notBad
7660,6,531.7999999999998,6,531.7999999999998,2opt,notBad
7661,6,535.3999999999997,6,531.7999999999998,2opt,acceptBad
7662,6,534.5,6,531.7999999999998,swap,improve
7663,6,534.5,6,531.7999999999998,move,improve
7664,6,534.5,6,531.7999999999998,swap,improve
7665,6,534.5,6,531.7999999999998,move,improve
7666,6,534.5,6,531.7999999999998,move,improve
7667,6,534.5,6,531.7999999999998,2opt,notBad
7668,6,534.5,6,531.7999999999998,swap,notBad
7669,6,534.5,6,531.7999999999998,swap,improve
7670,6,534.5,6,531.7999999999998,move,improve
7671,6,534.5,6,531.7999999999998,swap,notBad
7672,6,534.5,6,531.7999999999998,2opt,improve
7673,6,534.5,6,531.7999999999998,2opt,notBad
7674,6,534.5,6,531.7999999999998,2opt,notBad
7675,6,534.5,6,531.7999999999998,move,improve
7676,6,534.5,6,531.7999999999998,2opt,notBad
7677,6,534.5,6,531.7999999999998,move,improve
7678,6,534.5,6,531.7999999999998,move,improve
7679,6,534.5,6,531.7999999999998,2opt,notBad
7680,6,534.5,6,531.7999999999998,2opt,notBad
7681,6,534.5,6,531.7999999999998,move,improve
7682,6,534.5,6,531.7999999999998,move,improve
7683,6,534.5,6,531.7999999999998,move,improve
7684,6,534.5,6,531.7999999999998,move,improve
7685,6,534.5,6,531.7999999999998,swap,notBad
7686,6,535.8,6,531.7999999999998,2opt,acceptBad
7687,6,535.8,6,531.7999999999998,2opt,notBad
7688,6,535.8,6,531.7999999999998,move,improve
7689,6,535.8,6,531.7999999999998,swap,notBad
7690,6,535.8,6,531.7999999999998,swap,notBad
7691,6,535.8,6,531.7999999999998,move,improve
7692,6,535.8,6,531.7999999999998,2opt,notBad
7693,6,535.8,6,531.7999999999998,swap,notBad
7694,6,535.8,6,531.7999999999998,move,improve
7695,6,535.8,6,531.7999999999998,2opt,improve
7696,6,535.8,6,531.7999999999998,2opt,notBad
7697,6,535.8,6,531.7999999999998,move,improve
7698,6,535.8,6,531.7999999999998,swap,notBad
7699,6,535.8,6,531.7999999999998,move,improve
7700,6,535.8,6,531.7999999999998,swap,improve
7701,6,520.8999999999997,6,520.8999999999997,2opt,newBest
7702,6,520.8999999999997,6,520.8999999999997,swap,improve
7703,6,520.8999999999997,6,520.8999999999997,2opt,notBad
7704,6,520.8999999999997,6,520.8999999999997,move,improve
7705,6,520.8999999999997,6,520.8999999999997,move,improve
7706,6,520.8999999999997,6,520.8999999999997,swap,improve
7707,6,520.8999999999997,6,520.8999999999997,move,improve
7708,6,520.8999999999997,6,520.8999999999997,2opt,notBad
7709,6,520.8999999999997,6,520.8999999999997,swap,notBad
7710,6,520.8999999999997,6,520.8999999999997,swap,notBad
7711,6,520.8999999999997,6,520.8999999999997,swap,notBad
7712,6,520.8999999999997,6,520.8999999999997,2opt,notBad
7713,6,520.8999999999997,6,520.8999999999997,swap,improve
7714,6,520.8999999999997,6,520.8999999999997,2opt,notBad
7715,6,520.8999999999997,6,520.8999999999997,2opt,notBad
7716,6,520.8999999999997,6,520.8999999999997,2opt,notBad
7717,6,520.8999999999997,6,520.8999999999997,move,improve
7718,6,520.8999999999997,6,520.8999999999997,move,improve
7719,6,520.8999999999997,6,520.8999999999997,swap,notBad
7720,6,520.8999999999997,6,520.8999999999997,2opt,notBad
7721,6,520.8999999999997,6,520.8999999999997,2opt,improve
7722,6,520.8999999999997,6,520.8999999999997,move,improve
7723,6,520.8999999999997,6,520.8999999999997,2opt,notBad
7724,6,520.8999999999997,6,520.8999999999997,move,improve
7725,6,520.8999999999997,6,520.8999999999997,move,improve
7726,6,520.8999999999997,6,520.8999999999997,2opt,notBad
7727,6,520.8999999999997,6,520.8999999999997,2opt,improve
7728,6,520.8999999999997,6,520.8999999999997,move,improve
7729,6,529.1999999999999,6,520.8999999999997,swap,acceptBad
7730,6,529.1999999999999,6,520.8999999999997,swap,notBad
7731,6,533.6999999999999,6,520.8999999999997,swap,acceptBad
7732,6,533.6999999999999,6,520.8999999999997,2opt,notBad
7733,6,533.6999999999999,6,520.8999999999997,swap,notBad
7734,6,533.6999999999999,6,520.8999999999997,2opt,notBad
7735,6,533.6999999999999,6,520.8999999999997,move,improve
7736,6,533.6999999999999,6,520.8999999999997,2opt,notBad
7737,6,533.6999999999999,6,520.8999999999997,move,improve
7738,6,533.6999999999999,6,520.8999999999997,swap,notBad
7739,6,533.6999999999999,6,520.8999999999997,2opt,notBad
7740,6,533.6999999999999,6,520.8999999999997,move,improve
7741,6,533.6999999999999,6,520.8999999999997,move,improve
7742,6,533.6999999999999,6,520.8999999999997,2opt,notBad
7743,6,533.6999999999999,6,520.8999999999997,move,improve
7744,6,533.6999999999999,6,520.8999999999997,move,improve
7745,6,533.6999999999999,6,520.8999999999997,2opt,notBad
7746,6,533.6999999999999,6,520.8999999999997,swap,notBad
7747,6,533.6999999999999,6,520.8999999999997,swap,notBad
7748,6,533.6999999999999,6,520.8999999999997,move,improve
7749,6,520.5999999999998,6,520.5999999999998,swap,newBest
7750,6,520.5999999999998,6,520.5999999999998,2opt,notBad
7751,6,520.5999999999998,6,520.5999999999998,2opt,improve
7752,6,520.5999999999998,6,520.5999999999998,swap,notBad
7753,6,520.5999999999998,6,520.5999999999998,2opt,notBad
7754,6,520.5999999999998,6,520.5999999999998,move,improve
7755,6,520.5999999999998,6,520.5999999999998,2opt,notBad
7756,6,520.5999999999998,6,520.5999999999998,2opt,improve
7757,6,520.5999999999998,6,520.5999999999998,2opt,notBad
7758,6,520.5999999999998,6,520.5999999999998,2opt,improve
7759,6,520.5999999999998,6,520.5999999999998,2opt,notBad
7760,6,520.5999999999998,6,520.5999999999998,2opt,notBad
7761,6,520.5999999999998,6,520.5999999999998,move,improve
7762,6,520.5999999999998,6,520.5999999999998,move,improve
7763,6,520.5999999999998,6,520.5999999999998,move,improve
7764,6,520.5999999999998,6,520.5999999999998,2opt,improve
7765,6,520.5999999999998,6,520.5999999999998,swap,notBad
7766,6,530.2999999999998,6,520.5999999999998,swap,acceptBad
7767,6,530.2999999999998,6,520.5999999999998,2opt,improve
7768,6,530.2999999999998,6,520.5999999999998,move,improve
7769,6,530.2999999999998,6,520.5999999999998,swap,notBad
7770,6,530.2999999999998,6,520.5999999999998,2opt,improve
7771,6,530.2999999999998,6,520.5999999999998,2opt,notBad
7772,6,530.2999999999998,6,520.5999999999998,swap,notBad
7773,6,530.2999999999998,6,520.5999999999998,swap,notBad
7774,6,530.2999999999998,6,520.5999999999998,move,improve
7775,6,530.2999999999998,6,520.5999999999998,move,improve
7776,6,530.2999999999998,6,520.5999999999998,2opt,notBad
7777,6,530.2999999999998,6,520.5999999999998,swap,notBad
7778,6,530.2999999999998,6,520.5999999999998,move,improve
7779,6,530.2999999999998,6,520.5999999999998,swap,notBad
7780,6,530.2999999999998,6,520.5999999999998,2opt,notBad
7781,6,530.2999999999998,6,520.5999999999998,2opt,notBad
7782,6,530.2999999999998,6,520.5999999999998,2opt,notBad
7783,6,530.2999999999998,6,520.5999999999998,2opt,improve
7784,6,530.2999999999998,6,520.5999999999998,2opt,notBad
7785,6,530.2999999999998,6,520.5999999999998,swap,notBad
7786,6,530.2999999999998,6,520.5999999999998,move,improve
7787,6,530.2999999999998,6,520.5999999999998,2opt,notBad
7788,6,530.2999999999998,6,520.5999999999998,move,improve
7789,6,530.2999999999998,6,520.5999999999998,2opt,notBad
7790,6,530.2999999999998,6,520.5999999999998,move,improve
7791,6,530.2999999999998,6,520.5999999999998,move,improve
7792,6,530.2999999999998,6,520.5999999999998,swap,notBad
7793,6,530.2999999999998,6,520.5999999999998,2opt,improve
7794,6,530.2999999999998,6,520.5999999999998,move,improve
7795,6,530.2999999999998,6,520.5999999999998,2opt,improve
7796,6,530.2999999999998,6,520.5999999999998,move,improve
7797,6,532.0999999999998,6,520.5999999999998,swap,acceptBad
7798,6,542.9999999999999,6,520.5999999999998,swap,acceptBad
7799,6,542.9999999999999,6,520.5999999999998,2opt,notBad
7800,6,542.9999999999999,6,520.5999999999998,swap,notBad
7801,6,542.9999999999999,6,520.5999999999998,2opt,notBad
7802,6,542.9999999999999,6,520.5999999999998,2opt,notBad
7803,6,542.9999999999999,6,520.5999999999998,move,improve
7804,6,542.9999999999999,6,520.5999999999998,move,improve
7805,6,542.9999999999999,6,520.5999999999998,2opt,notBad
7806,6,542.9999999999999,6,520.5999999999998,2opt,improve
7807,6,542.9999999999999,6,520.5999999999998,2opt,notBad
7808,6,542.9999999999999,6,520.5999999999998,swap,notBad
7809,6,542.9999999999999,6,520.5999999999998,swap,notBad
7810,6,542.9999999999999,6,520.5999999999998,2opt,notBad
7811,6,547.7999999999998,6,520.5999999999998,swap,acceptBad
7812,6,547.7999999999998,6,520.5999999999998,2opt,improve
7813,6,547.7999999999998,6,520.5999999999998,swap,notBad
7814,6,547.7999999999998,6,520.5999999999998,move,improve
7815,6,530.7,6,520.5999999999998,swap,improve
7816,6,534.0,6,520.5999999999998,swap,acceptBad
7817,6,534.0,6,520.5999999999998,2opt,improve
7818,6,534.0,6,520.5999999999998,move,improve
7819,6,534.0,6,520.5999999999998,2opt,improve
7820,6,521.1999999999999,6,520.5999999999998,swap,improve
7821,6,521.1999999999999,6,520.5999999999998,swap,improve
7822,6,521.1999999999999,6,520.5999999999998,swap,notBad
7823,6,526.7999999999997,6,520.5999999999998,swap,acceptBad
7824,6,526.7999999999997,6,520.5999999999998,swap,improve
7825,6,526.7999999999997,6,520.5999999999998,swap,notBad
7826,6,526.7999999999997,6,520.5999999999998,2opt,notBad
7827,6,526.7999999999997,6,520.5999999999998,move,improve
7828,6,526.7999999999997,6,520.5999999999998,move,improve
7829,6,526.7999999999997,6,520.5999999999998,move,improve
7830,6,526.7999999999997,6,520.5999999999998,swap,notBad
7831,6,535.4999999999998,6,520.5999999999998,swap,acceptBad
7832,6,535.4999999999998,6,520.5999999999998,swap,notBad
7833,6,526.5,6,520.5999999999998,swap,improve
7834,6,526.5,6,520.5999999999998,move,improve
7835,6,526.5,6,520.5999999999998,2opt,notBad
7836,6,526.5,6,520.5999999999998,move,improve
7837,6,526.5,6,520.5999999999998,move,improve
7838,6,526.5,6,520.5999999999998,2opt,improve
7839,6,524.8999999999999,6,520.5999999999998,swap,improve
7840,6,524.8999999999999,6,520.5999999999998,2opt,improve
7841,6,524.8999999999999,6,520.5999999999998,move,improve
7842,6,524.8999999999999,6,520.5999999999998,2opt,notBad
7843,6,524.8999999999999,6,520.5999999999998,swap,improve
7844,6,524.8999999999999,6,520.5999999999998,2opt,notBad
7845,6,524.8999999999999,6,520.5999999999998,swap,notBad
7846,6,524.8999999999999,6,520.5999999999998,swap,improve
7847,6,524.8999999999999,6,520.5999999999998,move,improve
7848,6,524.8999999999999,6,520.5999999999998,swap,improve
7849,6,524.8999999999999,6,520.5999999999998,move,improve
7850,6,524.8999999999999,6,520.5999999999998,2opt,notBad
7851,6,524.8999999999999,6,520.5999999999998,move,improve
7852,6,524.8999999999999,6,520.5999999999998,move,improve
7853,6,524.8999999999999,6,520.5999999999998,move,improve
7854,6,535.2999999999998,6,520.5999999999998,swap,acceptBad
7855,6,535.2999999999998,6,520.5999999999998,2opt,notBad
7856,6,535.2999999999998,6,520.5999999999998,2opt,notBad
7857,6,528.8999999999995,6,520.5999999999998,2opt,improve
7858,6,528.8999999999995,6,520.5999999999998,2opt,notBad
7859,6,517.7999999999993,6,517.7999999999993,swap,newBest
7860,6,517.7999999999993,6,517.7999999999993,move,improve
7861,6,517.7999999999993,6,517.7999999999993,2opt,improve
7862,6,517.7999999999993,6,517.7999999999993,2opt,notBad
7863,6,517.7999999999993,6,517.7999999999993,2opt,notBad
7864,6,528.5999999999993,6,517.7999999999993,swap,acceptBad
7865,6,528.5999999999993,6,517.7999999999993,swap,notBad
7866,6,528.5999999999993,6,517.7999999999993,move,improve
7867,6,528.5999999999993,6,517.7999999999993,2opt,notBad
7868,6,528.5999999999993,6,517.7999999999993,move,improve
7869,6,528.5999999999993,6,517.7999999999993,2opt,notBad
7870,6,529.8999999999995,6,517.7999999999993,swap,acceptBad
7871,6,529.8999999999995,6,517.7999999999993,move,improve
7872,6,529.8999999999995,6,517.7999999999993,swap,notBad
7873,6,529.8999999999995,6,517.7999999999993,move,improve
7874,6,529.8999999999995,6,517.7999999999993,2opt,notBad
7875,6,529.8999999999995,6,517.7999999999993,2opt,improve
7876,6,529.8999999999995,6,517.7999999999993,swap,notBad
7877,6,529.8999999999995,6,517.7999999999993,swap,notBad
7878,6,529.3999999999993,6,517.7999999999993,swap,improve
7879,6,529.3999999999993,6,517.7999999999993,move,improve
7880,6,529.3999999999993,6,517.7999999999993,2opt,notBad
7881,6,529.3999999999993,6,517.7999999999993,move,improve
7882,6,529.3999999999993,6,517.7999999999993,2opt,notBad
7883,6,529.3999999999993,6,517.7999999999993,swap,notBad
7884,6,529.3999999999993,6,517.7999999999993,2opt,notBad
7885,6,529.3999999999993,6,517.7999999999993,2opt,notBad
7886,6,538.4999999999994,6,517.7999999999993,swap,acceptBad
7887,6,538.4999999999994,6,517.7999999999993,move,improve
7888,6,538.4999999999994,6,517.7999999999993,2opt,notBad
7889,6,538.4999999999994,6,517.7999999999993,2opt,notBad
7890,6,538.4999999999994,6,517.7999999999993,swap,notBad
7891,6,538.4999999999994,6,517.7999999999993,swap,notBad
7892,6,538.4999999999994,6,517.7999999999993,move,improve
7893,6,542.1999999999998,6,517.7999999999993,swap,acceptBad
7894,6,538.6999999999998,6,517.7999999999993,swap,improve
7895,6,538.6999999999998,6,517.7999999999993,move,improve
7896,6,538.6999999999998,6,517.7999999999993,2opt,notBad
7897,6,538.6999999999998,6,517.7999999999993,2opt,notBad
7898,6,538.6999999999998,6,517.7999999999993,2opt,notBad
7899,6,538.6999999999998,6,517.7999999999993,move,improve
7900,6,538.6999999999998,6,517.7999999999993,move,improve
7901,6,538.6999999999998,6,517.7999999999993,move,improve
7902,6,538.6999999999998,6,517.7999999999993,2opt,notBad
7903,6,538.6999999999998,6,517.7999999999993,swap,notBad
7904,6,538.6999999999998,6,517.7999999999993,swap,notBad
7905,6,538.6999999999998,6,517.7999999999993,2opt,improve
7906,6,538.6999999999998,6,517.7999999999993,2opt,notBad
7907,6,538.6999999999998,6,517.7999999999993,swap,notBad
7908,6,538.6999999999998,6,517.7999999999993,swap,notBad
7909,6,538.6999999999998,6,517.7999999999993,2opt,notBad
7910,6,538.6999999999998,6,517.7999999999993,2opt,notBad
7911,6,538.6999999999998,6,517.7999999999993,2opt,notBad
7912,6,538.6999999999998,6,517.7999999999993,swap,improve
7913,6,540.5999999999997,6,517.7999999999993,2opt,acceptBad
7914,6,540.5999999999997,6,517.7999999999993,move,improve
7915,6,540.5999999999997,6,517.7999999999993,2opt,notBad
7916,6,540.5999999999997,6,517.7999999999993,move,improve
7917,6,527.4999999999994,6,517.7999999999993,swap,improve
7918,6,527.4999999999994,6,517.7999999999993,swap,notBad
7919,6,527.4999999999994,6,517.7999999999993,2opt,improve
7920,6,527.4999999999994,6,517.7999999999993,2opt,improve
7921,6,527.4999999999994,6,517.7999999999993,2opt,notBad
7922,6,527.4999999999994,6,517.7999999999993,move,improve
7923,6,527.4999999999994,6,517.7999999999993,swap,notBad
7924,6,527.4999999999994,6,517.7999999999993,move,improve
7925,6,527.4999999999994,6,517.7999999999993,move,improve
7926,6,527.4999999999994,6,517.7999999999993,swap,notBad
7927,6,527.4999999999994,6,517.7999999999993,swap,notBad
7928,6,527.4999999999994,6,517.7999999999993,move,improve
7929,6,527.4999999999994,6,517.7999999999993,2opt,notBad
7930,6,530.8999999999995,6,517.7999999999993,swap,acceptBad
7931,6,530.8999999999995,6,517.7999999999993,2opt,notBad
7932,6,528.5999999999995,6,517.7999999999993,2opt,improve
7933,6,528.5999999999995,6,517.7999999999993,move,improve
7934,6,528.5999999999995,6,517.7999999999993,2opt,notBad
7935,6,528.5999999999995,6,517.7999999999993,2opt,notBad
7936,6,528.5999999999995,6,517.7999999999993,2opt,notBad
7937,6,528.5999999999995,6,517.7999999999993,2opt,notBad
7938,6,526.8999999999996,6,517.7999999999993,swap,improve
7939,6,526.8999999999996,6,517.7999999999993,move,improve
7940,6,526.8999999999996,6,517.7999999999993,2opt,notBad
7941,6,526.8999999999996,6,517.7999999999993,2opt,notBad
7942,6,526.8999999999996,6,517.7999999999993,2opt,notBad
7943,6,526.8999999999996,6,517.7999999999993,2opt,notBad
7944,6,526.8999999999996,6,517.7999999999993,move,improve
7945,6,526.8999999999996,6,517.7999999999993,2opt,improve
7946,6,526.8999999999996,6,517.7999999999993,swap,notBad
7947,6,526.8999999999996,6,517.7999999999993,move,improve
7948,6,526.8999999999996,6,517.7999999999993,swap,notBad
7949,6,526.8999999999996,6,517.7999999999993,move,improve
7950,6,526.8999999999996,6,517.7999999999993,move,improve
7951,6,526.8999999999996,6,517.7999999999993,swap,notBad
7952,6,526.8999999999996,6,517.7999999999993,2opt,notBad
7953,6,526.8999999999996,6,517.7999999999993,2opt,notBad
7954,6,526.8999999999996,6,517.7999999999993,move,improve
7955,6,526.8999999999996,6,517.7999999999993,swap,improve
7956,6,526.8999999999996,6,517.7999999999993,2opt,notBad
7957,6,526.8999999999996,6,517.7999999999993,swap,notBad
7958,6,526.8999999999996,6,517.7999999999993,swap,notBad
7959,6,526.8999999999996,6,517.7999999999993,swap,notBad
7960,6,526.8999999999996,6,517.7999999999993,move,improve
7961,6,529.1999999999997,6,517.7999999999993,swap,acceptBad
7962,6,529.1999999999997,6,517.7999999999993,2opt,notBad
7963,6,529.1999999999997,6,517.7999999999993,move,improve
7964,6,529.1999999999997,6,517.7999999999993,swap,notBad
7965,6,529.1999999999997,6,517.7999999999993,swap,notBad
7966,6,529.1999999999997,6,517.7999999999993,move,improve
7967,6,529.1999999999997,6,517.7999999999993,move,improve
7968,6,529.1999999999997,6,517.7999999999993,swap,notBad
7969,6,529.1999999999997,6,517.7999999999993,move,improve
7970,6,529.1999999999997,6,517.7999999999993,move,improve
7971,6,529.1999999999997,6,517.7999999999993,swap,notBad
7972,6,529.1999999999997,6,517.7999999999993,move,improve
7973,6,529.1999999999997,6,517.7999999999993,move,improve
7974,6,529.1999999999997,6,517.7999999999993,2opt,notBad
7975,6,529.1999999999997,6,517.7999999999993,swap,improve
7976,6,529.1999999999997,6,517.7999999999993,2opt,notBad
7977,6,529.1999999999997,6,517.7999999999993,swap,notBad
7978,6,529.1999999999997,6,517.7999999999993,move,improve
7979,6,529.1999999999997,6,517.7999999999993,swap,notBad
7980,6,529.1999999999997,6,517.7999999999993,swap,improve
7981,6,529.1999999999997,6,517.7999999999993,swap,notBad
7982,6,527.6999999999997,6,517.7999999999993,swap,improve
7983,6,527.6999999999997,6,517.7999999999993,2opt,improve
7984,6,527.6999999999997,6,517.7999999999993,swap,notBad
7985,6,527.6999999999997,6,517.7999999999993,swap,notBad
7986,6,527.6999999999997,6,517.7999999999993,move,improve
7987,6,527.6999999999997,6,517.7999999999993,move,improve
7988,6,527.6999999999997,6,517.7999999999993,move,improve
7989,6,527.6999999999997,6,517.7999999999993,move,improve
7990,6,527.6999999999997,6,517.7999999999993,2opt,notBad
7991,6,527.6999999999997,6,517.7999999999993,move,notBad
7992,6,527.6999999999997,6,517.7999999999993,swap,notBad
7993,6,527.6999999999997,6,517.7999999999993,swap,improve
7994,6,527.6999999999997,6,517.7999999999993,move,improve
7995,6,527.6999999999997,6,517.7999999999993,2opt,notBad
7996,6,527.6999999999997,6,517.7999999999993,swap,notBad
7997,6,527.6999999999997,6,517.7999999999993,2opt,notBad
7998,6,521.0999999999995,6,517.7999999999993,2opt,improve
7999,6,521.0999999999995,6,517.7999999999993,2opt,notBad
8000,6,521.0999999999995,6,517.7999999999993,2opt,notBad
8001,6,521.0999999999995,6,517.7999999999993,swap,improve
8002,6,521.0999999999995,6,517.7999999999993,swap,notBad
8003,6,521.0999999999995,6,517.7999999999993,swap,notBad
8004,6,516.099999999999,6,516.099999999999,swap,newBest
8005,6,516.099999999999,6,516.099999999999,2opt,notBad
8006,6,516.099999999999,6,516.099999999999,swap,notBad
8007,6,516.099999999999,6,516.099999999999,move,improve
8008,6,516.099999999999,6,516.099999999999,2opt,notBad
8009,6,516.099999999999,6,516.099999999999,swap,notBad
8010,6,516.099999999999,6,516.099999999999,2opt,notBad
8011,6,516.099999999999,6,516.099999999999,swap,improve
8012,6,516.099999999999,6,516.099999999999,swap,notBad
8013,6,516.099999999999,6,516.099999999999,2opt,notBad
8014,6,516.099999999999,6,516.099999999999,move,improve
8015,6,516.099999999999,6,516.099999999999,2opt,notBad
8016,6,516.099999999999,6,516.099999999999,2opt,improve
8017,6,516.099999999999,6,516.099999999999,2opt,notBad
8018,6,516.099999999999,6,516.099999999999,move,improve
8019,6,516.099999999999,6,516.099999999999,2opt,improve
8020,6,516.099999999999,6,516.099999999999,2opt,notBad
8021,6,525.099999999999,6,516.099999999999,swap,acceptBad
8022,6,525.099999999999,6,516.099999999999,2opt,improve
8023,6,525.099999999999,6,516.099999999999,move,improve
8024,6,525.099999999999,6,516.099999999999,2opt,notBad
8025,6,525.099999999999,6,516.099999999999,2opt,improve
8026,6,525.099999999999,6,516.099999999999,move,improve
8027,6,525.099999999999,6,516.099999999999,2opt,notBad
8028,6,525.099999999999,6,516.099999999999,move,improve
8029,6,525.099999999999,6,516.099999999999,swap,improve
8030,6,525.099999999999,6,516.099999999999,2opt,improve
8031,6,525.099999999999,6,516.099999999999,move,improve
8032,6,525.099999999999,6,516.099999999999,move,improve
8033,6,525.099999999999,6,516.099999999999,swap,improve
8034,6,525.099999999999,6,516.099999999999,swap,notBad
8035,6,525.099999999999,6,516.099999999999,2opt,improve
8036,6,525.099999999999,6,516.099999999999,move,improve
8037,6,525.099999999999,6,516.099999999999,move,improve
8038,6,525.099999999999,6,516.099999999999,2opt,notBad
8039,6,525.099999999999,6,516.099999999999,move,improve
8040,6,525.099999999999,6,516.099999999999,move,improve
8041,6,525.099999999999,6,516.099999999999,move,improve
8042,6,525.099999999999,6,516.099999999999,2opt,notBad
8043,6,525.099999999999,6,516.099999999999,move,notBad
8044,6,532.0999999999995,6,516.099999999999,swap,acceptBad
8045,6,525.8999999999999,6,516.099999999999,swap,improve
8046,6,525.8999999999999,6,516.099999999999,move,improve
8047,6,529.7999999999997,6,516.099999999999,swap,acceptBad
8048,6,529.7999999999997,6,516.099999999999,2opt,notBad
8049,6,529.7999999999997,6,516.099999999999,swap,notBad
8050,6,529.7999999999997,6,516.099999999999,swap,improve
8051,6,529.7999999999997,6,516.099999999999,2opt,improve
8052,6,529.7999999999997,6,516.099999999999,move,improve
8053,6,525.8999999999999,6,516.099999999999,swap,improve
8054,6,525.8999999999999,6,516.099999999999,move,improve
8055,6,525.8999999999999,6,516.099999999999,swap,notBad
8056,6,525.8999999999999,6,516.099999999999,swap,improve
8057,6,525.8999999999999,6,516.099999999999,move,improve
8058,6,525.8999999999999,6,516.099999999999,move,improve
8059,6,525.8999999999999,6,516.099999999999,swap,notBad
8060,6,532.6999999999996,6,516.099999999999,swap,acceptBad
8061,6,532.6999999999996,6,516.099999999999,2opt,improve
8062,6,532.6999999999996,6,516.099999999999,move,improve
8063,6,532.6999999999996,6,516.099999999999,2opt,notBad
8064,6,532.6999999999996,6,516.099999999999,2opt,notBad
8065,6,540.3999999999999,6,516.099999999999,swap,acceptBad
8066,6,540.3999999999999,6,516.099999999999,move,improve
8067,6,540.3999999999999,6,516.099999999999,swap,improve
8068,6,540.3999999999999,6,516.099999999999,move,notBad
8069,6,540.3999999999999,6,516.099999999999,move,improve
8070,6,540.3999999999999,6,516.099999999999,move,improve
8071,6,540.3999999999999,6,516.099999999999,swap,notBad
8072,6,540.3999999999999,6,516.099999999999,swap,improve
8073,6,540.3999999999999,6,516.099999999999,move,improve
8074,6,540.3999999999999,6,516.099999999999,swap,notBad
8075,6,540.3999999999999,6,516.099999999999,move,improve
8076,6,540.3999999999999,6,516.099999999999,2opt,improve
8077,6,540.3999999999999,6,516.099999999999,swap,improve
8078,6,540.3999999999999,6,516.099999999999,move,improve
8079,6,540.3999999999999,6,516.099999999999,move,improve
8080,6,540.3999999999999,6,516.099999999999,move,improve
8081,6,540.3999999999999,6,516.099999999999,move,improve
8082,6,540.3999999999999,6,516.099999999999,2opt,improve
8083,6,540.3999999999999,6,516.099999999999,2opt,improve
8084,6,540.3999999999999,6,516.099999999999,move,improve
8085,6,540.3999999999999,6,516.099999999999,2opt,notBad
8086,6,540.3999999999999,6,516.099999999999,2opt,notBad
8087,6,540.3999999999999,6,516.099999999999,move,improve
8088,6,540.3999999999999,6,516.099999999999,2opt,notBad
8089,6,540.3999999999999,6,516.099999999999,swap,improve
8090,6,540.3999999999999,6,516.099999999999,2opt,improve
8091,6,540.3999999999999,6,516.099999999999,move,improve
8092,6,540.3999999999999,6,516.099999999999,swap,notBad
8093,6,540.3999999999999,6,516.099999999999,move,improve
8094,6,540.3999999999999,6,516.099999999999,swap,notBad
8095,6,540.3999999999999,6,516.099999999999,2opt,improve
8096,6,540.3999999999999,6,516.099999999999,2opt,notBad
8097,6,540.3999999999999,6,516.099999999999,2opt,notBad
8098,6,540.3999999999999,6,516.099999999999,swap,notBad
8099,6,540.3999999999999,6,516.099999999999,2opt,notBad
8100,6,540.3999999999999,6,516.099999999999,move,improve
8101,6,540.3999999999999,6,516.099999999999,2opt,improve
8102,6,534.6999999999997,6,516.099999999999,swap,improve
8103,6,534.6999999999997,6,516.099999999999,move,improve
8104,6,527.6999999999999,6,516.099999999999,2opt,improve
8105,6,527.6999999999999,6,516.099999999999,swap,notBad
8106,6,527.6999999999999,6,516.099999999999,swap,improve
8107,6,527.6999999999999,6,516.099999999999,swap,notBad
8108,6,527.6999999999999,6,516.099999999999,move,improve
8109,6,527.6999999999999,6,516.099999999999,swap,notBad
8110,6,527.6999999999999,6,516.099999999999,move,improve
8111,6,527.6999999999999,6,516.099999999999,move,improve
8112,6,527.6999999999999,6,516.099999999999,swap,notBad
8113,6,527.6999999999999,6,516.099999999999,2opt,notBad
8114,6,527.6999999999999,6,516.099999999999,swap,improve
8115,6,527.6999999999999,6,516.099999999999,move,improve
8116,6,527.6999999999999,6,516.099999999999,swap,improve
8117,6,527.6999999999999,6,516.099999999999,swap,notBad
8118,6,527.6999999999999,6,516.099999999999,swap,improve
8119,6,527.6999999999999,6,516.099999999999,move,improve
8120,6,527.6999999999999,6,516.099999999999,swap,notBad
8121,6,527.6999999999999,6,516.099999999999,move,improve
8122,6,527.6999999999999,6,516.099999999999,swap,improve
8123,6,520.6999999999995,6,516.099999999999,swap,improve
8124,6,520.6999999999995,6,516.099999999999,swap,improve
8125,6,520.6999999999995,6,516.099999999999,2opt,improve
8126,6,520.6999999999995,6,516.099999999999,move,improve
8127,6,520.6999999999995,6,516.099999999999,2opt,notBad
8128,6,520.6999999999995,6,516.099999999999,swap,notBad
8129,6,520.6999999999995,6,516.099999999999,swap,notBad
8130,6,520.6999999999995,6,516.099999999999,2opt,notBad
8131,6,520.6999999999995,6,516.099999999999,move,improve
8132,6,520.6999999999995,6,516.099999999999,swap,improve
8133,6,520.6999999999995,6,516.099999999999,swap,notBad
8134,6,520.6999999999995,6,516.099999999999,2opt,improve
8135,6,520.6999999999995,6,516.099999999999,2opt,improve
8136,6,520.6999999999995,6,516.099999999999,2opt,improve
8137,6,520.6999999999995,6,516.099999999999,move,improve
8138,6,520.6999999999995,6,516.099999999999,2opt,improve
8139,6,520.6999999999995,6,516.099999999999,2opt,improve
8140,6,520.6999999999995,6,516.099999999999,2opt,improve
8141,6,520.6999999999995,6,516.099999999999,swap,notBad
8142,6,520.6999999999995,6,516.099999999999,move,improve
8143,6,520.6999999999995,6,516.099999999999,2opt,notBad
8144,6,520.6999999999995,6,516.099999999999,move,improve
8145,6,520.6999999999995,6,516.099999999999,swap,notBad
8146,6,520.6999999999995,6,516.099999999999,move,improve
8147,6,520.6999999999995,6,516.099999999999,2opt,notBad
8148,6,527.6999999999996,6,516.099999999999,swap,acceptBad
8149,6,527.6999999999996,6,516.099999999999,move,improve
8150,6,527.6999999999996,6,516.099999999999,2opt,notBad
8151,6,527.6999999999996,6,516.099999999999,2opt,improve
8152,6,527.6999999999996,6,516.099999999999,2opt,notBad
8153,6,527.6999999999996,6,516.099999999999,move,improve
8154,6,527.6999999999996,6,516.099999999999,2opt,improve
8155,6,527.6999999999996,6,516.099999999999,move,improve
8156,6,527.6999999999996,6,516.099999999999,move,improve
8157,6,527.6999999999996,6,516.099999999999,swap,notBad
8158,6,527.6999999999996,6,516.099999999999,2opt,notBad
8159,6,527.6999999999996,6,516.099999999999,swap,notBad
8160,6,527.6999999999996,6,516.099999999999,move,improve
8161,6,527.6999999999996,6,516.099999999999,move,improve
8162,6,527.6999999999996,6,516.099999999999,2opt,notBad
8163,6,527.6999999999996,6,516.099999999999,move,improve
8164,6,527.6999999999996,6,516.099999999999,swap,notBad
8165,6,528.6999999999998,6,516.099999999999,swap,acceptBad
8166,6,528.6999999999998,6,516.099999999999,move,improve
8167,6,528.6999999999998,6,516.099999999999,move,improve
8168,6,528.6999999999998,6,516.099999999999,2opt,notBad
8169,6,528.6999999999998,6,516.099999999999,2opt,notBad
8170,6,528.6999999999998,6,516.099999999999,move,improve
8171,6,528.6999999999998,6,516.099999999999,swap,notBad
8172,6,528.6999999999998,6,516.099999999999,2opt,notBad
8173,6,528.6999999999998,6,516.099999999999,move,improve
8174,6,521.4999999999994,6,516.099999999999,swap,improve
8175,6,521.4999999999994,6,516.099999999999,swap,notBad
8176,6,521.4999999999994,6,516.099999999999,2opt,notBad
8177,6,528.4999999999999,6,516.099999999999,swap,acceptBad
8178,6,528.4999999999999,6,516.099999999999,2opt,notBad
8179,6,528.4999999999999,6,516.099999999999,swap,notBad
8180,6,528.4999999999999,6,516.099999999999,move,improve
8181,6,528.4999999999999,6,516.099999999999,swap,improve
8182,6,528.4999999999999,6,516.099999999999,swap,improve
8183,6,528.4999999999999,6,516.099999999999,swap,notBad
8184,6,528.4999999999999,6,516.099999999999,swap,improve
8185,6,528.4999999999999,6,516.099999999999,2opt,improve
8186,6,528.4999999999999,6,516.099999999999,2opt,notBad
8187,6,528.4999999999999,6,516.099999999999,swap,notBad
8188,6,528.4999999999999,6,516.099999999999,swap,improve
8189,6,528.4999999999999,6,516.099999999999,swap,improve
8190,6,528.4999999999999,6,516.099999999999,2opt,notBad
8191,6,528.4999999999999,6,516.099999999999,move,improve
8192,6,528.4999999999999,6,516.099999999999,move,improve
8193,6,528.4999999999999,6,516.099999999999,swap,notBad
8194,6,528.4999999999999,6,516.099999999999,move,improve
8195,6,528.4999999999999,6,516.099999999999,swap,notBad
8196,6,528.4999999999999,6,516.099999999999,2opt,notBad
8197,6,528.4999999999999,6,516.099999999999,move,improve
8198,6,539.3000000000001,6,516.099999999999,swap,acceptBad
8199,6,539.3000000000001,6,516.099999999999,move,improve
8200,6,539.3000000000001,6,516.099999999999,move,improve
8201,6,539.3000000000001,6,516.099999999999,2opt,notBad
8202,6,539.3000000000001,6,516.099999999999,2opt,notBad
8203,6,539.3000000000001,6,516.099999999999,swap,notBad
8204,6,539.3000000000001,6,516.099999999999,move,improve
8205,6,539.3000000000001,6,516.099999999999,move,improve
8206,6,539.3000000000001,6,516.099999999999,2opt,notBad
8207,6,539.3000000000001,6,516.099999999999,move,improve
8208,6,539.3000000000001,6,516.099999999999,swap,notBad
8209,6,539.3000000000001,6,516.099999999999,2opt,notBad
8210,6,539.3000000000001,6,516.099999999999,move,improve
8211,6,539.3000000000001,6,516.099999999999,swap,improve
8212,6,539.3000000000001,6,516.099999999999,2opt,notBad
8213,6,539.3000000000001,6,516.099999999999,move,improve
8214,6,539.3000000000001,6,516.099999999999,swap,improve
8215,6,539.3000000000001,6,516.099999999999,swap,notBad
8216,6,539.3000000000001,6,516.099999999999,move,improve
8217,6,539.3000000000001,6,516.099999999999,move,improve
8218,6,529.0000000000001,6,516.099999999999,2opt,improve
8219,6,529.0000000000001,6,516.099999999999,move,improve
8220,6,529.0000000000001,6,516.099999999999,2opt,notBad
8221,6,529.0000000000001,6,516.099999999999,swap,notBad
8222,6,527.8000000000003,6,516.099999999999,swap,improve
8223,6,527.8000000000003,6,516.099999999999,2opt,notBad
8224,6,527.8000000000003,6,516.099999999999,move,improve
8225,6,527.8000000000003,6,516.099999999999,move,improve
8226,6,527.8000000000003,6,516.099999999999,2opt,notBad
8227,6,527.8000000000003,6,516.099999999999,2opt,notBad
8228,6,527.8000000000003,6,516.099999999999,2opt,notBad
8229,6,527.8000000000003,6,516.099999999999,swap,notBad
8230,6,527.8000000000003,6,516.099999999999,swap,improve
8231,6,527.8000000000003,6,516.099999999999,swap,notBad
8232,6,527.8000000000003,6,516.099999999999,move,improve
8233,6,527.8000000000003,6,516.099999999999,2opt,improve
8234,6,531.7999999999998,6,516.099999999999,swap,acceptBad
8235,6,531.7999999999998,6,516.099999999999,2opt,notBad
8236,6,531.7999999999998,6,516.099999999999,move,improve
8237,6,531.7999999999998,6,516.099999999999,move,improve
8238,6,522.5999999999998,6,516.099999999999,2opt,improve
8239,6,522.5999999999998,6,516.099999999999,2opt,notBad
8240,6,522.5999999999998,6,516.099999999999,2opt,notBad
8241,6,522.5999999999998,6,516.099999999999,move,improve
8242,6,522.5999999999998,6,516.099999999999,2opt,improve
8243,6,529.7000000000004,6,516.099999999999,swap,acceptBad
8244,6,529.7000000000004,6,516.099999999999,2opt,notBad
8245,6,529.7000000000004,6,516.099999999999,move,improve
8246,6,529.7000000000004,6,516.099999999999,2opt,notBad
8247,6,529.7000000000004,6,516.099999999999,swap,improve
8248,6,529.7000000000004,6,516.099999999999,2opt,improve
8249,6,529.7000000000004,6,516.099999999999,2opt,improve
8250,6,528.7000000000002,6,516.099999999999,swap,improve
8251,6,528.7000000000002,6,516.099999999999,swap,improve
8252,6,528.7000000000002,6,516.099999999999,move,improve
8253,6,528.7000000000002,6,516.099999999999,2opt,notBad
8254,6,528.7000000000002,6,516.099999999999,move,improve
8255,6,528.7000000000002,6,516.099999999999,move,improve
8256,6,528.7000000000002,6,516.099999999999,2opt,notBad
8257,6,528.7000000000002,6,516.099999999999,move,improve
8258,6,528.7000000000002,6,516.099999999999,move,improve
8259,6,528.7000000000002,6,516.099999999999,2opt,improve
8260,6,528.7000000000002,6,516.099999999999,swap,notBad
8261,6,528.7000000000002,6,516.099999999999,move,improve
8262,6,526.0000000000002,6,516.099999999999,swap,improve
8263,6,526.0000000000002,6,516.099999999999,swap,notBad
8264,6,526.0000000000002,6,516.099999999999,swap,notBad
8265,6,526.0000000000002,6,516.099999999999,swap,notBad
8266,6,526.0000000000002,6,516.099999999999,move,improve
8267,6,526.0000000000002,6,516.099999999999,move,improve
8268,6,526.0000000000002,6,516.099999999999,move,improve
8269,6,526.0000000000002,6,516.099999999999,move,improve
8270,6,526.0000000000002,6,516.099999999999,2opt,notBad
8271,6,526.0000000000002,6,516.099999999999,move,improve
8272,6,526.0000000000002,6,516.099999999999,move,notBad
8273,6,526.0000000000002,6,516.099999999999,move,improve
8274,6,526.0000000000002,6,516.099999999999,2opt,notBad
8275,6,526.0000000000002,6,516.099999999999,move,improve
8276,6,518.4000000000001,6,516.099999999999,swap,improve
8277,6,518.4000000000001,6,516.099999999999,move,improve
8278,6,518.4000000000001,6,516.099999999999,swap,notBad
8279,6,518.4000000000001,6,516.099999999999,2opt,notBad
8280,6,518.4000000000001,6,516.099999999999,move,improve
8281,6,519.4000000000003,6,516.099999999999,swap,acceptBad
8282,6,519.4000000000003,6,516.099999999999,2opt,notBad
8283,6,519.4000000000003,6,516.099999999999,2opt,notBad
8284,6,519.4000000000003,6,516.099999999999,move,improve
8285,6,519.4000000000003,6,516.099999999999,move,improve
8286,6,519.4000000000003,6,516.099999999999,move,improve
8287,6,519.4000000000003,6,516.099999999999,2opt,improve
8288,6,519.4000000000003,6,516.099999999999,2opt,improve
8289,6,519.4000000000003,6,516.099999999999,move,improve
8290,6,519.4000000000003,6,516.099999999999,move,improve
8291,6,519.4000000000003,6,516.099999999999,2opt,improve
8292,6,519.4000000000003,6,516.099999999999,2opt,notBad
8293,6,519.4000000000003,6,516.099999999999,swap,improve
8294,6,519.4000000000003,6,516.099999999999,swap,notBad
8295,6,519.4000000000003,6,516.099999999999,swap,notBad
8296,6,519.4000000000003,6,516.099999999999,swap,notBad
8297,6,519.4000000000003,6,516.099999999999,swap,notBad
8298,6,519.4000000000003,6,516.099999999999,2opt,notBad
8299,6,519.4000000000003,6,516.099999999999,move,improve
8300,6,519.4000000000003,6,516.099999999999,swap,improve
8301,6,519.4000000000003,6,516.099999999999,2opt,notBad
8302,6,519.4000000000003,6,516.099999999999,2opt,notBad
8303,6,519.4000000000003,6,516.099999999999,swap,notBad
8304,6,519.4000000000003,6,516.099999999999,swap,notBad
8305,6,519.4000000000003,6,516.099999999999,swap,notBad
8306,6,519.4000000000003,6,516.099999999999,2opt,notBad
8307,6,519.4000000000003,6,516.099999999999,move,improve
8308,6,519.4000000000003,6,516.099999999999,2opt,improve
8309,6,519.4000000000003,6,516.099999999999,move,improve
8310,6,519.4000000000003,6,516.099999999999,2opt,notBad
8311,6,519.4000000000003,6,516.099999999999,2opt,notBad
8312,6,519.4000000000003,6,516.099999999999,swap,notBad
8313,6,519.4000000000003,6,516.099999999999,2opt,notBad
8314,6,519.4000000000003,6,516.099999999999,2opt,notBad
8315,6,509.9000000000003,6,509.9000000000003,swap,newBest
8316,6,509.9000000000003,6,509.9000000000003,swap,improve
8317,6,511.3000000000003,6,509.9000000000003,swap,acceptBad
8318,6,511.3000000000003,6,509.9000000000003,swap,notBad
8319,6,511.3000000000003,6,509.9000000000003,move,improve
8320,6,511.3000000000003,6,509.9000000000003,swap,notBad
8321,6,511.3000000000003,6,509.9000000000003,swap,notBad
8322,6,511.3000000000003,6,509.9000000000003,2opt,notBad
8323,6,511.3000000000003,6,509.9000000000003,2opt,notBad
8324,6,511.3000000000003,6,509.9000000000003,2opt,notBad
8325,6,511.3000000000003,6,509.9000000000003,2opt,notBad
8326,6,511.3000000000003,6,509.9000000000003,move,improve
8327,6,511.3000000000003,6,509.9000000000003,2opt,notBad
8328,6,511.3000000000003,6,509.9000000000003,swap,improve
8329,6,511.3000000000003,6,509.9000000000003,2opt,notBad
8330,6,511.3000000000003,6,509.9000000000003,move,improve
8331,6,511.3000000000003,6,509.9000000000003,swap,improve
8332,6,511.3000000000003,6,509.9000000000003,2opt,improve
8333,6,511.3000000000003,6,509.9000000000003,swap,notBad
8334,6,511.3000000000003,6,509.9000000000003,2opt,improve
8335,6,511.3000000000003,6,509.9000000000003,2opt,notBad
8336,6,509.8000000000003,6,509.8000000000003,swap,newBest
8337,6,509.8000000000003,6,509.8000000000003,move,improve
8338,6,509.8000000000003,6,509.8000000000003,move,improve
8339,6,509.8000000000003,6,509.8000000000003,swap,notBad
8340,6,509.8000000000003,6,509.8000000000003,move,improve
8341,6,509.8000000000003,6,509.8000000000003,2opt,notBad
8342,6,509.8000000000003,6,509.8000000000003,2opt,improve
8343,6,509.8000000000003,6,509.8000000000003,move,improve
8344,6,509.8000000000003,6,509.8000000000003,move,improve
8345,6,509.8000000000003,6,509.8000000000003,move,improve
8346,6,509.8000000000003,6,509.8000000000003,move,improve
8347,6,509.8000000000003,6,509.8000000000003,swap,notBad
8348,6,509.8000000000003,6,509.8000000000003,swap,improve
8349,6,509.8000000000003,6,509.8000000000003,swap,notBad
8350,6,509.8000000000003,6,509.8000000000003,2opt,notBad
8351,6,509.8000000000003,6,509.8000000000003,2opt,improve
8352,6,509.8000000000003,6,509.8000000000003,move,improve
8353,6,509.8000000000003,6,509.8000000000003,2opt,notBad
8354,6,511.00000000000034,6,509.8000000000003,swap,acceptBad
8355,6,511.00000000000034,6,509.8000000000003,2opt,notBad
8356,6,511.00000000000034,6,509.8000000000003,swap,improve
8357,6,511.00000000000034,6,509.8000000000003,2opt,notBad
8358,6,511.00000000000034,6,509.8000000000003,swap,improve
8359,6,511.00000000000034,6,509.8000000000003,2opt,notBad
8360,6,511.00000000000034,6,509.8000000000003,move,notBad
8361,6,511.00000000000034,6,509.8000000000003,swap,notBad
8362,6,511.00000000000034,6,509.8000000000003,swap,improve
8363,6,511.00000000000034,6,509.8000000000003,2opt,notBad
8364,6,511.00000000000034,6,509.8000000000003,swap,improve
8365,6,510.9000000000002,6,509.8000000000003,swap,improve
8366,6,510.9000000000002,6,509.8000000000003,2opt,notBad
8367,6,510.9000000000002,6,509.8000000000003,2opt,notBad
8368,6,510.9000000000002,6,509.8000000000003,2opt,notBad
8369,6,510.9000000000002,6,509.8000000000003,2opt,notBad
8370,6,510.9000000000002,6,509.8000000000003,swap,notBad
8371,6,512.4,6,509.8000000000003,2opt,acceptBad
8372,6,512.4,6,509.8000000000003,2opt,notBad
8373,6,512.4,6,509.8000000000003,move,improve
8374,6,509.3999999999993,6,509.3999999999993,swap,newBest
8375,6,509.3999999999993,6,509.3999999999993,swap,notBad
8376,6,509.3999999999993,6,509.3999999999993,move,improve
8377,6,509.3999999999993,6,509.3999999999993,2opt,improve
8378,6,509.3999999999993,6,509.3999999999993,swap,improve
8379,6,509.3999999999993,6,509.3999999999993,2opt,improve
8380,6,509.3999999999993,6,509.3999999999993,move,improve
8381,6,509.3999999999993,6,509.3999999999993,swap,notBad
8382,6,509.3999999999993,6,509.3999999999993,swap,notBad
8383,6,509.3999999999993,6,509.3999999999993,2opt,improve
8384,6,509.3999999999993,6,509.3999999999993,swap,notBad
8385,6,509.3999999999993,6,509.3999999999993,move,improve
8386,6,509.3999999999993,6,509.3999999999993,move,improve
8387,6,509.3999999999993,6,509.3999999999993,move,improve
8388,6,509.3999999999993,6,509.3999999999993,move,improve
8389,6,509.3999999999993,6,509.3999999999993,2opt,improve
8390,6,509.3999999999993,6,509.3999999999993,2opt,improve
8391,6,509.3999999999993,6,509.3999999999993,move,improve
8392,6,509.3999999999993,6,509.3999999999993,move,improve
8393,6,509.3999999999993,6,509.3999999999993,2opt,notBad
8394,6,509.3999999999993,6,509.3999999999993,move,improve
8395,6,509.3999999999993,6,509.3999999999993,2opt,notBad
8396,6,509.3999999999993,6,509.3999999999993,move,improve
8397,6,509.3999999999993,6,509.3999999999993,swap,improve
8398,6,509.3999999999993,6,509.3999999999993,swap,improve
8399,6,509.3999999999993,6,509.3999999999993,2opt,notBad
8400,6,509.3999999999993,6,509.3999999999993,move,improve
8401,6,509.3999999999993,6,509.3999999999993,2opt,notBad
8402,6,512.4,6,509.3999999999993,swap,acceptBad
8403,6,512.4,6,509.3999999999993,move,improve
8404,6,512.4,6,509.3999999999993,move,improve
8405,6,512.4,6,509.3999999999993,move,improve
8406,6,512.4,6,509.3999999999993,swap,notBad
8407,6,512.4,6,509.3999999999993,swap,notBad
8408,6,512.4,6,509.3999999999993,2opt,notBad
8409,6,512.4,6,509.3999999999993,swap,improve
8410,6,512.4,6,509.3999999999993,swap,notBad
8411,6,512.4,6,509.3999999999993,move,improve
8412,6,512.4,6,509.3999999999993,2opt,notBad
8413,6,512.4,6,509.3999999999993,swap,improve
8414,6,512.4,6,509.3999999999993,2opt,improve
8415,6,512.4,6,509.3999999999993,move,improve
8416,6,512.4,6,509.3999999999993,2opt,notBad
8417,6,512.4,6,509.3999999999993,move,improve
8418,6,512.4,6,509.3999999999993,swap,notBad
8419,6,512.4,6,509.3999999999993,2opt,notBad
8420,6,512.4,6,509.3999999999993,2opt,notBad
8421,6,512.4,6,509.3999999999993,move,improve
8422,6,512.4,6,509.3999999999993,swap,notBad
8423,6,512.4,6,509.3999999999993,move,improve
8424,6,512.4,6,509.3999999999993,swap,notBad
8425,6,512.4,6,509.3999999999993,move,improve
8426,6,512.4,6,509.3999999999993,2opt,notBad
8427,6,512.4,6,509.3999999999993,move,improve
8428,6,512.4,6,509.3999999999993,2opt,notBad
8429,6,512.4,6,509.3999999999993,2opt,notBad
8430,6,512.4,6,509.3999999999993,move,improve
8431,6,512.4,6,509.3999999999993,2opt,notBad
8432,6,512.4,6,509.3999999999993,swap,improve
8433,6,512.4,6,509.3999999999993,2opt,improve
8434,6,512.4,6,509.3999999999993,2opt,notBad
8435,6,512.4,6,509.3999999999993,2opt,improve
8436,6,512.4,6,509.3999999999993,swap,notBad
8437,6,512.4,6,509.3999999999993,move,improve
8438,6,512.4,6,509.3999999999993,2opt,notBad
8439,6,512.4,6,509.3999999999993,2opt,notBad
8440,6,512.4,6,509.3999999999993,2opt,improve
8441,6,512.4,6,509.3999999999993,move,improve
8442,6,512.4,6,509.3999999999993,2opt,notBad
8443,6,512.4,6,509.3999999999993,move,improve
8444,6,512.4,6,509.3999999999993,2opt,notBad
8445,6,512.4,6,509.3999999999993,move,improve
8446,6,512.4,6,509.3999999999993,move,improve
8447,6,512.4,6,509.3999999999993,swap,notBad
8448,6,512.4,6,509.3999999999993,swap,notBad
8449,6,512.4,6,509.3999999999993,move,improve
8450,6,512.4,6,509.3999999999993,swap,notBad
8451,6,512.4,6,509.3999999999993,move,improve
8452,6,512.4,6,509.3999999999993,2opt,improve
8453,6,512.4,6,509.3999999999993,move,improve
8454,6,512.4,6,509.3999999999993,swap,improve
8455,6,512.4,6,509.3999999999993,2opt,notBad
8456,6,512.4,6,509.3999999999993,2opt,notBad
8457,6,512.4,6,509.3999999999993,swap,notBad
8458,6,512.4,6,509.3999999999993,swap,notBad
8459,6,512.4,6,509.3999999999993,swap,improve
8460,6,512.4,6,509.3999999999993,move,notBad
8461,6,512.4,6,509.3999999999993,swap,notBad
8462,6,512.4,6,509.3999999999993,swap,notBad
8463,6,512.4,6,509.3999999999993,swap,notBad
8464,6,512.4,6,509.3999999999993,2opt,notBad
8465,6,512.4,6,509.3999999999993,move,improve
8466,6,512.4,6,509.3999999999993,move,improve
8467,6,512.4,6,509.3999999999993,move,improve
8468,6,512.4,6,509.3999999999993,swap,improve
8469,6,512.4,6,509.3999999999993,2opt,notBad
8470,6,512.4,6,509.3999999999993,move,improve
8471,6,512.4,6,509.3999999999993,2opt,notBad
8472,6,512.4,6,509.3999999999993,swap,notBad
8473,6,512.4,6,509.3999999999993,move,improve
8474,6,512.4,6,509.3999999999993,swap,notBad
8475,6,512.4,6,509.3999999999993,move,improve
8476,6,512.4,6,509.3999999999993,move,improve
8477,6,512.4,6,509.3999999999993,move,improve
8478,6,511.4000000000002,6,509.3999999999993,swap,improve
8479,6,511.4000000000002,6,509.3999999999993,move,improve
8480,6,511.4000000000002,6,509.3999999999993,move,improve
8481,6,513.3000000000001,6,509.3999999999993,2opt,acceptBad
8482,6,513.3000000000001,6,509.3999999999993,move,improve
8483,6,513.3000000000001,6,509.3999999999993,move,improve
8484,6,513.3000000000001,6,509.3999999999993,swap,improve
8485,6,514.3000000000003,6,509.3999999999993,swap,acceptBad
8486,6,514.3000000000003,6,509.3999999999993,move,improve
8487,6,514.3000000000003,6,509.3999999999993,move,improve
8488,6,514.3000000000003,6,509.3999999999993,2opt,notBad
8489,6,514.3000000000003,6,509.3999999999993,move,improve
8490,6,514.3000000000003,6,509.3999999999993,2opt,notBad
8491,6,514.3000000000003,6,509.3999999999993,2opt,notBad
8492,6,514.3000000000003,6,509.3999999999993,swap,notBad
8493,6,514.3000000000003,6,509.3999999999993,move,improve
8494,6,514.3000000000003,6,509.3999999999993,swap,notBad
8495,6,514.3000000000003,6,509.3999999999993,2opt,improve
8496,6,514.3000000000003,6,509.3999999999993,swap,notBad
8497,6,514.3000000000003,6,509.3999999999993,swap,notBad
8498,6,513.3000000000001,6,509.3999999999993,swap,improve
8499,6,513.3000000000001,6,509.3999999999993,move,improve
8500,6,513.3000000000001,6,509.3999999999993,move,improve
8501,6,516.1000000000003,6,509.3999999999993,swap,acceptBad
8502,6,516.1000000000003,6,509.3999999999993,swap,notBad
8503,6,516.1000000000003,6,509.3999999999993,move,improve
8504,6,516.1000000000003,6,509.3999999999993,move,improve
8505,6,516.1000000000003,6,509.3999999999993,swap,improve
8506,6,516.1000000000003,6,509.3999999999993,swap,notBad
8507,6,516.1000000000003,6,509.3999999999993,move,improve
8508,6,516.1000000000003,6,509.3999999999993,2opt,improve
8509,6,516.1000000000003,6,509.3999999999993,swap,notBad
8510,6,516.1000000000003,6,509.3999999999993,move,improve
8511,6,516.1000000000003,6,509.3999999999993,swap,notBad
8512,6,516.1000000000003,6,509.3999999999993,swap,notBad
8513,6,516.1000000000003,6,509.3999999999993,move,improve
8514,6,516.1000000000003,6,509.3999999999993,swap,notBad
8515,6,516.1000000000003,6,509.3999999999993,2opt,improve
8516,6,516.1000000000003,6,509.3999999999993,move,improve
8517,6,516.1000000000003,6,509.3999999999993,2opt,notBad
8518,6,516.1000000000003,6,509.3999999999993,swap,improve
8519,6,512.6,6,509.3999999999993,swap,improve
8520,6,512.6,6,509.3999999999993,move,improve
8521,6,512.6,6,509.3999999999993,swap,improve
8522,6,512.6,6,509.3999999999993,move,improve
8523,6,512.6,6,509.3999999999993,2opt,notBad
8524,6,512.6,6,509.3999999999993,swap,notBad
8525,6,512.6,6,509.3999999999993,move,improve
8526,6,512.6,6,509.3999999999993,move,improve
8527,6,512.6,6,509.3999999999993,swap,notBad
8528,6,512.6,6,509.3999999999993,move,improve
8529,6,518.3000000000002,6,509.3999999999993,swap,acceptBad
8530,6,517.3,6,509.3999999999993,swap,improve
8531,6,517.3,6,509.3999999999993,move,improve
8532,6,517.3,6,509.3999999999993,swap,notBad
8533,6,517.3,6,509.3999999999993,2opt,notBad
8534,6,517.3,6,509.3999999999993,move,improve
8535,6,517.3,6,509.3999999999993,2opt,notBad
8536,6,517.3,6,509.3999999999993,2opt,notBad
8537,6,510.50000000000045,6,509.3999999999993,swap,improve
8538,6,510.50000000000045,6,509.3999999999993,swap,improve
8539,6,510.50000000000045,6,509.3999999999993,2opt,notBad
8540,6,510.50000000000045,6,509.3999999999993,swap,notBad
8541,6,510.50000000000045,6,509.3999999999993,swap,notBad
8542,6,510.50000000000045,6,509.3999999999993,move,improve
8543,6,510.50000000000045,6,509.3999999999993,move,improve
8544,6,510.50000000000045,6,509.3999999999993,2opt,notBad
8545,6,510.50000000000045,6,509.3999999999993,move,improve
8546,6,510.50000000000045,6,509.3999999999993,move,improve
8547,6,510.50000000000045,6,509.3999999999993,swap,notBad
8548,6,510.50000000000045,6,509.3999999999993,swap,notBad
8549,6,510.50000000000045,6,509.3999999999993,swap,improve
8550,6,512.9000000000004,6,509.3999999999993,swap,acceptBad
8551,6,512.9000000000004,6,509.3999999999993,move,improve
8552,6,517.1000000000003,6,509.3999999999993,swap,acceptBad
8553,6,517.1000000000003,6,509.3999999999993,move,improve
8554,6,517.1000000000003,6,509.3999999999993,move,improve
8555,6,517.1000000000003,6,509.3999999999993,swap,notBad
8556,6,517.1000000000003,6,509.3999999999993,swap,notBad
8557,6,517.1000000000003,6,509.3999999999993,move,improve
8558,6,517.1000000000003,6,509.3999999999993,swap,notBad
8559,6,517.1000000000003,6,509.3999999999993,swap,notBad
8560,6,517.1000000000003,6,509.3999999999993,swap,notBad
8561,6,517.1000000000003,6,509.3999999999993,2opt,notBad
8562,6,517.1000000000003,6,509.3999999999993,move,improve
8563,6,517.1000000000003,6,509.3999999999993,2opt,improve
8564,6,517.1000000000003,6,509.3999999999993,swap,notBad
8565,6,517.1000000000003,6,509.3999999999993,swap,notBad
8566,6,517.1000000000003,6,509.3999999999993,2opt,improve
8567,6,517.1000000000003,6,509.3999999999993,swap,notBad
8568,6,517.1000000000003,6,509.3999999999993,move,improve
8569,6,517.1000000000003,6,509.3999999999993,move,improve
8570,6,517.1000000000003,6,509.3999999999993,swap,improve
8571,6,517.1000000000003,6,509.3999999999993,swap,improve
8572,6,517.1000000000003,6,509.3999999999993,2opt,notBad
8573,6,517.1000000000003,6,509.3999999999993,swap,notBad
8574,6,517.1000000000003,6,509.3999999999993,swap,notBad
8575,6,517.1000000000003,6,509.3999999999993,2opt,notBad
8576,6,517.1000000000003,6,509.3999999999993,2opt,improve
8577,6,517.1000000000003,6,509.3999999999993,2opt,notBad
8578,6,517.1000000000003,6,509.3999999999993,2opt,notBad
8579,6,517.1000000000003,6,509.3999999999993,2opt,notBad
8580,6,517.1000000000003,6,509.3999999999993,2opt,improve
8581,6,517.1000000000003,6,509.3999999999993,move,improve
8582,6,517.1000000000003,6,509.3999999999993,2opt,notBad
8583,6,517.1000000000003,6,509.3999999999993,swap,notBad
8584,6,518.1000000000005,6,509.3999999999993,swap,acceptBad
8585,6,518.1000000000005,6,509.3999999999993,move,improve
8586,6,518.1000000000005,6,509.3999999999993,move,improve
8587,6,518.1000000000005,6,509.3999999999993,2opt,improve
8588,6,518.1000000000005,6,509.3999999999993,swap,notBad
8589,6,518.1000000000005,6,509.3999999999993,move,improve
8590,6,518.1000000000005,6,509.3999999999993,swap,notBad
8591,6,518.1000000000005,6,509.3999999999993,swap,improve
8592,6,518.1000000000005,6,509.3999999999993,swap,notBad
8593,6,518.1000000000005,6,509.3999999999993,2opt,improve
8594,6,518.1000000000005,6,509.3999999999993,move,improve
8595,6,518.1000000000005,6,509.3999999999993,move,improve
8596,6,518.1000000000005,6,509.3999999999993,move,improve
8597,6,518.1000000000005,6,509.3999999999993,swap,improve
8598,6,518.1000000000005,6,509.3999999999993,2opt,notBad
8599,6,518.1000000000005,6,509.3999999999993,2opt,improve
8600,6,517.4000000000003,6,509.3999999999993,swap,improve
8601,6,517.4000000000003,6,509.3999999999993,2opt,notBad
8602,6,517.4000000000003,6,509.3999999999993,move,improve
8603,6,517.4000000000003,6,509.3999999999993,swap,notBad
8604,6,522.6000000000004,6,509.3999999999993,swap,acceptBad
8605,6,522.6000000000004,6,509.3999999999993,2opt,notBad
8606,6,522.6000000000004,6,509.3999999999993,move,improve
8607,6,522.6000000000004,6,509.3999999999993,2opt,improve
8608,6,522.6000000000004,6,509.3999999999993,move,improve
8609,6,522.6000000000004,6,509.3999999999993,2opt,improve
8610,6,522.6000000000004,6,509.3999999999993,2opt,notBad
8611,6,522.6000000000004,6,509.3999999999993,move,improve
8612,6,522.6000000000004,6,509.3999999999993,2opt,notBad
8613,6,522.6000000000004,6,509.3999999999993,swap,improve
8614,6,522.6000000000004,6,509.3999999999993,move,improve
8615,6,522.6000000000004,6,509.3999999999993,move,improve
8616,6,522.6000000000004,6,509.3999999999993,swap,notBad
8617,6,522.6000000000004,6,509.3999999999993,move,improve
8618,6,522.6000000000004,6,509.3999999999993,swap,improve
8619,6,522.6000000000004,6,509.3999999999993,2opt,notBad
8620,6,522.6000000000004,6,509.3999999999993,2opt,improve
8621,6,525.2000000000003,6,509.3999999999993,swap,acceptBad
8622,6,525.2000000000003,6,509.3999999999993,2opt,notBad
8623,6,525.2000000000003,6,509.3999999999993,swap,notBad
8624,6,525.2000000000003,6,509.3999999999993,swap,improve
8625,6,525.2000000000003,6,509.3999999999993,swap,improve
8626,6,525.2000000000003,6,509.3999999999993,2opt,improve
8627,6,525.2000000000003,6,509.3999999999993,swap,improve
8628,6,525.2000000000003,6,509.3999999999993,move,improve
8629,6,516.9000000000005,6,509.3999999999993,swap,improve
8630,6,516.9000000000005,6,509.3999999999993,2opt,notBad
8631,6,516.9000000000005,6,509.3999999999993,2opt,notBad
8632,6,516.9000000000005,6,509.3999999999993,move,improve
8633,6,516.9000000000005,6,509.3999999999993,2opt,notBad
8634,6,516.9000000000005,6,509.3999999999993,move,improve
8635,6,516.9000000000005,6,509.3999999999993,swap,notBad
8636,6,516.9000000000005,6,509.3999999999993,swap,improve
8637,6,516.9000000000005,6,509.3999999999993,swap,notBad
8638,6,516.9000000000005,6,509.3999999999993,move,improve
8639,6,516.9000000000005,6,509.3999999999993,move,improve
8640,6,516.9000000000005,6,509.3999999999993,move,improve
8641,6,516.9000000000005,6,509.3999999999993,move,improve
8642,6,516.9000000000005,6,509.3999999999993,swap,improve
8643,6,516.9000000000005,6,509.3999999999993,2opt,notBad
8644,6,516.9000000000005,6,509.3999999999993,move,improve
8645,6,515.9000000000003,6,509.3999999999993,swap,improve
8646,6,515.9000000000003,6,509.3999999999993,2opt,notBad
8647,6,515.9000000000003,6,509.3999999999993,move,improve
8648,6,515.9000000000003,6,509.3999999999993,2opt,improve
8649,6,515.9000000000003,6,509.3999999999993,swap,notBad
8650,6,516.9000000000005,6,509.3999999999993,swap,acceptBad
8651,6,516.9000000000005,6,509.3999999999993,swap,notBad
8652,6,518.8000000000004,6,509.3999999999993,swap,acceptBad
8653,6,518.8000000000004,6,509.3999999999993,2opt,notBad
8654,6,518.8000000000004,6,509.3999999999993,swap,notBad
8655,6,518.8000000000004,6,509.3999999999993,swap,improve
8656,6,518.8000000000004,6,509.3999999999993,2opt,notBad
8657,6,518.8000000000004,6,509.3999999999993,move,improve
8658,6,518.8000000000004,6,509.3999999999993,2opt,notBad
8659,6,518.8000000000004,6,509.3999999999993,move,improve
8660,6,518.8000000000004,6,509.3999999999993,move,improve
8661,6,518.8000000000004,6,509.3999999999993,swap,notBad
8662,6,518.8000000000004,6,509.3999999999993,move,improve
8663,6,517.8000000000002,6,509.3999999999993,swap,improve
8664,6,514.5000000000002,6,509.3999999999993,move,improve
8665,6,509.00000000000045,6,509.00000000000045,swap,newBest
8666,6,509.00000000000045,6,509.00000000000045,swap,notBad
8667,6,509.00000000000045,6,509.00000000000045,2opt,notBad
8668,6,509.00000000000045,6,509.00000000000045,swap,notBad
8669,6,509.00000000000045,6,509.00000000000045,swap,notBad
8670,6,509.00000000000045,6,509.00000000000045,move,improve
8671,6,509.00000000000045,6,509.00000000000045,move,improve
8672,6,511.8000000000002,6,509.00000000000045,swap,acceptBad
8673,6,511.8000000000002,6,509.00000000000045,swap,improve
8674,6,511.8000000000002,6,509.00000000000045,swap,improve
8675,6,511.8000000000002,6,509.00000000000045,move,improve
8676,6,511.8000000000002,6,509.00000000000045,move,improve
8677,6,511.8000000000002,6,509.00000000000045,swap,improve
8678,6,511.8000000000002,6,509.00000000000045,move,improve
8679,6,511.8000000000002,6,509.00000000000045,2opt,improve
8680,6,511.8000000000002,6,509.00000000000045,move,improve
8681,6,511.8000000000002,6,509.00000000000045,2opt,improve
8682,6,511.8000000000002,6,509.00000000000045,move,improve
8683,6,511.8000000000002,6,509.00000000000045,move,improve
8684,6,511.8000000000002,6,509.00000000000045,swap,notBad
8685,6,511.8000000000002,6,509.00000000000045,2opt,notBad
8686,6,511.8000000000002,6,509.00000000000045,2opt,improve
8687,6,511.8000000000002,6,509.00000000000045,swap,improve
8688,6,511.8000000000002,6,509.00000000000045,swap,notBad
8689,6,511.8000000000002,6,509.00000000000045,2opt,improve
8690,6,512.8000000000004,6,509.00000000000045,swap,acceptBad
8691,6,512.8000000000004,6,509.00000000000045,2opt,notBad
8692,6,512.8000000000004,6,509.00000000000045,swap,notBad
8693,6,512.8000000000004,6,509.00000000000045,2opt,improve
8694,6,517.0000000000005,6,509.00000000000045,swap,acceptBad
8695,6,517.0000000000005,6,509.00000000000045,swap,notBad
8696,6,517.0000000000005,6,509.00000000000045,move,improve
8697,6,517.0000000000005,6,509.00000000000045,2opt,notBad
8698,6,517.0000000000005,6,509.00000000000045,move,improve
8699,6,517.0000000000005,6,509.00000000000045,move,improve
8700,6,517.0000000000005,6,509.00000000000045,move,improve
8701,6,517.0000000000005,6,509.00000000000045,2opt,notBad
8702,6,517.0000000000005,6,509.00000000000045,swap,notBad
8703,6,517.0000000000005,6,509.00000000000045,2opt,improve
8704,6,517.0000000000005,6,509.00000000000045,move,improve
8705,6,517.0000000000005,6,509.00000000000045,move,improve
8706,6,517.0000000000005,6,509.00000000000045,move,improve
8707,6,517.0000000000005,6,509.00000000000045,2opt,notBad
8708,6,517.0000000000005,6,509.00000000000045,move,improve
8709,6,517.0000000000005,6,509.00000000000045,2opt,notBad
8710,6,512.8000000000004,6,509.00000000000045,swap,improve
8711,6,512.8000000000004,6,509.00000000000045,2opt,notBad
8712,6,512.8000000000004,6,509.00000000000045,move,improve
8713,6,512.8000000000004,6,509.00000000000045,move,improve
8714,6,512.8000000000004,6,509.00000000000045,swap,improve
8715,6,512.8000000000004,6,509.00000000000045,swap,improve
8716,6,512.8000000000004,6,509.00000000000045,2opt,improve
8717,6,512.8000000000004,6,509.00000000000045,move,improve
8718,6,512.8000000000004,6,509.00000000000045,2opt,improve
8719,6,512.8000000000004,6,509.00000000000045,move,improve
8720,6,512.8000000000004,6,509.00000000000045,swap,notBad
8721,6,512.8000000000004,6,509.00000000000045,swap,notBad
8722,6,512.8000000000004,6,509.00000000000045,move,improve
8723,6,512.8000000000004,6,509.00000000000045,move,improve
8724,6,512.8000000000004,6,509.00000000000045,swap,notBad
8725,6,512.8000000000004,6,509.00000000000045,swap,notBad
8726,6,512.8000000000004,6,509.00000000000045,move,improve
8727,6,512.8000000000004,6,509.00000000000045,2opt,notBad
8728,6,512.8000000000004,6,509.00000000000045,move,improve
8729,6,512.8000000000004,6,509.00000000000045,swap,improve
8730,6,512.8000000000004,6,509.00000000000045,move,improve
8731,6,512.8000000000004,6,509.00000000000045,2opt,notBad
8732,6,512.8000000000004,6,509.00000000000045,swap,notBad
8733,6,512.8000000000004,6,509.00000000000045,move,improve
8734,6,512.8000000000004,6,509.00000000000045,2opt,notBad
8735,6,512.8000000000004,6,509.00000000000045,2opt,notBad
8736,6,512.8000000000004,6,509.00000000000045,move,improve
8737,6,512.8000000000004,6,509.00000000000045,2opt,notBad
8738,6,512.8000000000004,6,509.00000000000045,move,improve
8739,6,512.8000000000004,6,509.00000000000045,2opt,notBad
8740,6,519.7000000000003,6,509.00000000000045,swap,acceptBad
8741,6,519.7000000000003,6,509.00000000000045,swap,improve
8742,6,519.7000000000003,6,509.00000000000045,move,improve
8743,6,517.4000000000002,6,509.00000000000045,swap,improve
8744,6,517.4000000000002,6,509.00000000000045,move,improve
8745,6,517.4000000000002,6,509.00000000000045,2opt,notBad
8746,6,517.4000000000002,6,509.00000000000045,move,improve
8747,6,517.4000000000002,6,509.00000000000045,swap,improve
8748,6,517.4000000000002,6,509.00000000000045,2opt,improve
8749,6,517.4000000000002,6,509.00000000000045,swap,improve
8750,6,517.4000000000002,6,509.00000000000045,2opt,improve
8751,6,517.4000000000002,6,509.00000000000045,2opt,improve
8752,6,517.4000000000002,6,509.00000000000045,2opt,improve
8753,6,517.4000000000002,6,509.00000000000045,swap,notBad
8754,6,517.4000000000002,6,509.00000000000045,move,improve
8755,6,517.4000000000002,6,509.00000000000045,move,improve
8756,6,517.4000000000002,6,509.00000000000045,move,improve
8757,6,517.4000000000002,6,509.00000000000045,2opt,notBad
8758,6,517.4000000000002,6,509.00000000000045,2opt,notBad
8759,6,517.4000000000002,6,509.00000000000045,2opt,notBad
8760,6,517.4000000000002,6,509.00000000000045,swap,notBad
8761,6,517.4000000000002,6,509.00000000000045,2opt,notBad
8762,6,517.4000000000002,6,509.00000000000045,move,improve
8763,6,517.4000000000002,6,509.00000000000045,2opt,improve
8764,6,524.3000000000003,6,509.00000000000045,swap,acceptBad
8765,6,524.3000000000003,6,509.00000000000045,move,improve
8766,6,524.3000000000003,6,509.00000000000045,swap,notBad
8767,6,524.3000000000003,6,509.00000000000045,swap,notBad
8768,6,524.3000000000003,6,509.00000000000045,swap,notBad
8769,6,524.3000000000003,6,509.00000000000045,move,improve
8770,6,524.3000000000003,6,509.00000000000045,move,improve
8771,6,524.3000000000003,6,509.00000000000045,swap,notBad
8772,6,524.3000000000003,6,509.00000000000045,move,improve
8773,6,524.3000000000003,6,509.00000000000045,2opt,notBad
8774,6,524.3000000000003,6,509.00000000000045,move,improve
8775,6,524.3000000000003,6,509.00000000000045,2opt,notBad
8776,6,524.3000000000003,6,509.00000000000045,swap,notBad
8777,6,524.3000000000003,6,509.00000000000045,swap,notBad
8778,6,524.3000000000003,6,509.00000000000045,move,improve
8779,6,524.3000000000003,6,509.00000000000045,2opt,notBad
8780,6,524.3000000000003,6,509.00000000000045,swap,improve
8781,6,524.3000000000003,6,509.00000000000045,swap,notBad
8782,6,524.3000000000003,6,509.00000000000045,swap,improve
8783,6,524.3000000000003,6,509.00000000000045,swap,improve
8784,6,514.7000000000005,6,509.00000000000045,swap,improve
8785,6,514.7000000000005,6,509.00000000000045,2opt,notBad
8786,6,516.7000000000003,6,509.00000000000045,swap,acceptBad
8787,6,516.7000000000003,6,509.00000000000045,2opt,improve
8788,6,516.7000000000003,6,509.00000000000045,swap,notBad
8789,6,516.7000000000003,6,509.00000000000045,swap,notBad
8790,6,516.7000000000003,6,509.00000000000045,2opt,notBad
8791,6,516.7000000000003,6,509.00000000000045,swap,improve
8792,6,516.7000000000003,6,509.00000000000045,move,improve
8793,6,516.7000000000003,6,509.00000000000045,move,improve
8794,6,516.7000000000003,6,509.00000000000045,move,improve
8795,6,516.7000000000003,6,509.00000000000045,2opt,improve
8796,6,516.7000000000003,6,509.00000000000045,2opt,improve
8797,6,516.7000000000003,6,509.00000000000045,swap,notBad
8798,6,516.7000000000003,6,509.00000000000045,swap,notBad
8799,6,516.7000000000003,6,509.00000000000045,move,improve
8800,6,516.7000000000003,6,509.00000000000045,2opt,notBad
8801,6,516.7000000000003,6,509.00000000000045,swap,improve
8802,6,516.7000000000003,6,509.00000000000045,2opt,notBad
8803,6,516.7000000000003,6,509.00000000000045,move,improve
8804,6,516.7000000000003,6,509.00000000000045,move,improve
8805,6,516.7000000000003,6,509.00000000000045,swap,notBad
8806,6,516.7000000000003,6,509.00000000000045,move,improve
8807,6,516.7000000000003,6,509.00000000000045,swap,notBad
8808,6,516.7000000000003,6,509.00000000000045,swap,improve
8809,6,516.7000000000003,6,509.00000000000045,swap,notBad
8810,6,516.7000000000003,6,509.00000000000045,move,improve
8811,6,516.7000000000003,6,509.00000000000045,swap,notBad
8812,6,516.7000000000003,6,509.00000000000045,move,improve
8813,6,516.7000000000003,6,509.00000000000045,swap,notBad
8814,6,516.7000000000003,6,509.00000000000045,2opt,improve
8815,6,516.7000000000003,6,509.00000000000045,2opt,notBad
8816,6,516.7000000000003,6,509.00000000000045,2opt,notBad
8817,6,516.7000000000003,6,509.00000000000045,swap,notBad
8818,6,516.7000000000003,6,509.00000000000045,swap,notBad
8819,6,516.7000000000003,6,509.00000000000045,2opt,notBad
8820,6,516.7000000000003,6,509.00000000000045,2opt,notBad
8821,6,516.7000000000003,6,509.00000000000045,move,improve
8822,6,525.3000000000003,6,509.00000000000045,swap,acceptBad
8823,6,525.3000000000003,6,509.00000000000045,swap,notBad
8824,6,525.3000000000003,6,509.00000000000045,2opt,improve
8825,6,525.3000000000003,6,509.00000000000045,2opt,notBad
8826,6,520.4000000000002,6,509.00000000000045,swap,improve
8827,6,520.4000000000002,6,509.00000000000045,2opt,notBad
8828,6,520.4000000000002,6,509.00000000000045,2opt,notBad
8829,6,520.4000000000002,6,509.00000000000045,swap,notBad
8830,6,520.4000000000002,6,509.00000000000045,2opt,notBad
8831,6,520.4000000000002,6,509.00000000000045,2opt,notBad
8832,6,520.4000000000002,6,509.00000000000045,move,improve
8833,6,516.4000000000004,6,509.00000000000045,swap,improve
8834,6,516.4000000000004,6,509.00000000000045,move,improve
8835,6,516.4000000000004,6,509.00000000000045,move,improve
8836,6,516.4000000000004,6,509.00000000000045,swap,improve
8837,6,516.4000000000004,6,509.00000000000045,swap,notBad
8838,6,516.4000000000004,6,509.00000000000045,2opt,improve
8839,6,516.4000000000004,6,509.00000000000045,move,improve
8840,6,516.4000000000004,6,509.00000000000045,2opt,notBad
8841,6,520.4000000000002,6,509.00000000000045,swap,acceptBad
8842,6,520.4000000000002,6,509.00000000000045,move,improve
8843,6,520.4000000000002,6,509.00000000000045,2opt,notBad
8844,6,520.4000000000002,6,509.00000000000045,2opt,improve
8845,6,520.4000000000002,6,509.00000000000045,move,improve
8846,6,520.4000000000002,6,509.00000000000045,swap,notBad
8847,6,520.4000000000002,6,509.00000000000045,move,improve
8848,6,520.4000000000002,6,509.00000000000045,swap,improve
8849,6,520.4000000000002,6,509.00000000000045,swap,notBad
8850,6,520.4000000000002,6,509.00000000000045,2opt,notBad
8851,6,520.4000000000002,6,509.00000000000045,2opt,notBad
8852,6,520.4000000000002,6,509.00000000000045,swap,notBad
8853,6,520.4000000000002,6,509.00000000000045,move,improve
8854,6,520.4000000000002,6,509.00000000000045,2opt,notBad
8855,6,520.4000000000002,6,509.00000000000045,swap,notBad
8856,6,520.4000000000002,6,509.00000000000045,2opt,notBad
8857,6,520.4000000000002,6,509.00000000000045,swap,improve
8858,6,520.4000000000002,6,509.00000000000045,move,improve
8859,6,520.4000000000002,6,509.00000000000045,2opt,notBad
8860,6,520.4000000000002,6,509.00000000000045,2opt,notBad
8861,6,520.4000000000002,6,509.00000000000045,move,improve
8862,6,520.4000000000002,6,509.00000000000045,move,improve
8863,6,520.4000000000002,6,509.00000000000045,2opt,notBad
8864,6,520.4000000000002,6,509.00000000000045,move,improve
8865,6,520.4000000000002,6,509.00000000000045,move,improve
8866,6,520.4000000000002,6,509.00000000000045,swap,improve
8867,6,520.4000000000002,6,509.00000000000045,swap,notBad
8868,6,520.4000000000002,6,509.00000000000045,move,improve
8869,6,520.4000000000002,6,509.00000000000045,2opt,improve
8870,6,520.4000000000002,6,509.00000000000045,2opt,notBad
8871,6,520.4000000000002,6,509.00000000000045,move,improve
8872,6,520.4000000000002,6,509.00000000000045,move,improve
8873,6,520.4000000000002,6,509.00000000000045,2opt,notBad
8874,6,520.4000000000002,6,509.00000000000045,swap,notBad
8875,6,520.4000000000002,6,509.00000000000045,move,improve
8876,6,520.4000000000002,6,509.00000000000045,move,improve
8877,6,520.4000000000002,6,509.00000000000045,swap,notBad
8878,6,520.4000000000002,6,509.00000000000045,move,improve
8879,6,520.4000000000002,6,509.00000000000045,2opt,notBad
8880,6,520.4000000000002,6,509.00000000000045,swap,notBad
8881,6,516.4000000000004,6,509.00000000000045,swap,improve
8882,6,516.4000000000004,6,509.00000000000045,2opt,notBad
8883,6,516.4000000000004,6,509.00000000000045,2opt,notBad
8884,6,516.4000000000004,6,509.00000000000045,move,improve
8885,6,516.4000000000004,6,509.00000000000045,swap,notBad
8886,6,513.2000000000004,6,509.00000000000045,swap,improve
8887,6,513.2000000000004,6,509.00000000000045,2opt,notBad
8888,6,514.7000000000002,6,509.00000000000045,swap,acceptBad
8889,6,514.7000000000002,6,509.00000000000045,move,improve
8890,6,514.7000000000002,6,509.00000000000045,2opt,improve
8891,6,514.7000000000002,6,509.00000000000045,2opt,notBad
8892,6,514.7000000000002,6,509.00000000000045,move,improve
8893,6,514.7000000000002,6,509.00000000000045,swap,notBad
8894,6,514.7000000000002,6,509.00000000000045,2opt,notBad
8895,6,514.7000000000002,6,509.00000000000045,move,improve
8896,6,514.7000000000002,6,509.00000000000045,move,improve
8897,6,514.7000000000002,6,509.00000000000045,swap,improve
8898,6,514.7000000000002,6,509.00000000000045,2opt,notBad
8899,6,514.7000000000002,6,509.00000000000045,2opt,notBad
8900,6,514.7000000000002,6,509.00000000000045,2opt,notBad
8901,6,514.7000000000002,6,509.00000000000045,2opt,notBad
8902,6,514.7000000000002,6,509.00000000000045,swap,notBad
8903,6,514.7000000000002,6,509.00000000000045,2opt,improve
8904,6,514.7000000000002,6,509.00000000000045,swap,notBad
8905,6,514.7000000000002,6,509.00000000000045,move,improve
8906,6,514.7000000000002,6,509.00000000000045,2opt,notBad
8907,6,514.7000000000002,6,509.00000000000045,move,improve
8908,6,514.7000000000002,6,509.00000000000045,swap,notBad
8909,6,514.7000000000002,6,509.00000000000045,swap,notBad
8910,6,518.6999999999999,6,509.00000000000045,swap,acceptBad
8911,6,518.6999999999999,6,509.00000000000045,move,improve
8912,6,521.9,6,509.00000000000045,swap,acceptBad
8913,6,521.9,6,509.00000000000045,2opt,notBad
8914,6,521.9,6,509.00000000000045,2opt,notBad
8915,6,521.9,6,509.00000000000045,move,improve
8916,6,521.9,6,509.00000000000045,move,improve
8917,6,519.2,6,509.00000000000045,swap,improve
8918,6,519.2,6,509.00000000000045,swap,improve
8919,6,521.5999999999999,6,509.00000000000045,swap,acceptBad
8920,6,520.6999999999998,6,509.00000000000045,swap,improve
8921,6,520.6999999999998,6,509.00000000000045,move,improve
8922,6,520.6999999999998,6,509.00000000000045,move,improve
8923,6,520.6999999999998,6,509.00000000000045,move,improve
8924,6,520.6999999999998,6,509.00000000000045,swap,notBad
8925,6,520.6999999999998,6,509.00000000000045,2opt,notBad
8926,6,520.6999999999998,6,509.00000000000045,swap,notBad
8927,6,516.9000000000001,6,509.00000000000045,swap,improve
8928,6,516.9000000000001,6,509.00000000000045,move,improve
8929,6,516.9000000000001,6,509.00000000000045,move,improve
8930,6,516.9000000000001,6,509.00000000000045,move,improve
8931,6,516.9000000000001,6,509.00000000000045,move,improve
8932,6,516.9000000000001,6,509.00000000000045,move,improve
8933,6,516.9000000000001,6,509.00000000000045,move,improve
8934,6,516.9000000000001,6,509.00000000000045,swap,notBad
8935,6,516.9000000000001,6,509.00000000000045,2opt,notBad
8936,6,516.9000000000001,6,509.00000000000045,swap,improve
8937,6,516.9000000000001,6,509.00000000000045,move,improve
8938,6,516.9000000000001,6,509.00000000000045,swap,improve
8939,6,516.9000000000001,6,509.00000000000045,move,improve
8940,6,516.9000000000001,6,509.00000000000045,2opt,notBad
8941,6,516.9000000000001,6,509.00000000000045,move,improve
8942,6,516.9000000000001,6,509.00000000000045,move,improve
8943,6,516.9000000000001,6,509.00000000000045,2opt,notBad
8944,6,516.9000000000001,6,509.00000000000045,swap,notBad
8945,6,516.1000000000001,6,509.00000000000045,swap,improve
8946,6,516.1000000000001,6,509.00000000000045,move,improve
8947,6,516.1000000000001,6,509.00000000000045,swap,notBad
8948,6,516.1000000000001,6,509.00000000000045,move,improve
8949,6,516.1000000000001,6,509.00000000000045,swap,notBad
8950,6,516.1000000000001,6,509.00000000000045,move,improve
8951,6,516.1000000000001,6,509.00000000000045,move,improve
8952,6,516.1000000000001,6,509.00000000000045,2opt,improve
8953,6,516.1000000000001,6,509.00000000000045,swap,notBad
8954,6,516.1000000000001,6,509.00000000000045,2opt,notBad
8955,6,515.0999999999999,6,509.00000000000045,swap,improve
8956,6,515.0999999999999,6,509.00000000000045,move,improve
8957,6,515.0999999999999,6,509.00000000000045,move,improve
8958,6,515.0999999999999,6,509.00000000000045,move,improve
8959,6,515.0999999999999,6,509.00000000000045,2opt,notBad
8960,6,515.0999999999999,6,509.00000000000045,2opt,notBad
8961,6,515.0999999999999,6,509.00000000000045,swap,notBad
8962,6,515.0999999999999,6,509.00000000000045,2opt,notBad
8963,6,515.0999999999999,6,509.00000000000045,swap,notBad
8964,6,515.0999999999999,6,509.00000000000045,swap,notBad
8965,6,515.0999999999999,6,509.00000000000045,move,improve
8966,6,515.0999999999999,6,509.00000000000045,2opt,notBad
8967,6,515.0999999999999,6,509.00000000000045,move,improve
8968,6,515.0999999999999,6,509.00000000000045,swap,notBad
8969,6,515.0999999999999,6,509.00000000000045,move,improve
8970,6,515.0999999999999,6,509.00000000000045,2opt,notBad
8971,6,515.0999999999999,6,509.00000000000045,move,improve
8972,6,515.0999999999999,6,509.00000000000045,move,improve
8973,6,515.0999999999999,6,509.00000000000045,2opt,notBad
8974,6,515.0999999999999,6,509.00000000000045,swap,notBad
8975,6,515.0999999999999,6,509.00000000000045,swap,notBad
8976,6,515.0999999999999,6,509.00000000000045,move,improve
8977,6,515.0999999999999,6,509.00000000000045,2opt,improve
8978,6,515.0999999999999,6,509.00000000000045,2opt,improve
8979,6,515.0999999999999,6,509.00000000000045,swap,notBad
8980,6,515.0999999999999,6,509.00000000000045,2opt,notBad
8981,6,515.0999999999999,6,509.00000000000045,2opt,improve
8982,6,515.0999999999999,6,509.00000000000045,swap,notBad
8983,6,515.0999999999999,6,509.00000000000045,2opt,notBad
8984,6,516.7000000000002,6,509.00000000000045,swap,acceptBad
8985,6,516.7000000000002,6,509.00000000000045,move,improve
8986,6,516.7000000000002,6,509.00000000000045,move,improve
8987,6,516.7000000000002,6,509.00000000000045,swap,notBad
8988,6,516.7000000000002,6,509.00000000000045,move,improve
8989,6,516.7000000000002,6,509.00000000000045,2opt,notBad
8990,6,516.7000000000002,6,509.00000000000045,2opt,notBad
8991,6,516.7000000000002,6,509.00000000000045,swap,notBad
8992,6,517.2000000000002,6,509.00000000000045,2opt,acceptBad
8993,6,517.2000000000002,6,509.00000000000045,2opt,notBad
8994,6,517.2000000000002,6,509.00000000000045,2opt,notBad
8995,6,517.2000000000002,6,509.00000000000045,move,improve
8996,6,517.2000000000002,6,509.00000000000045,move,improve
8997,6,517.2000000000002,6,509.00000000000045,2opt,notBad
8998,6,517.2000000000002,6,509.00000000000045,2opt,notBad
8999,6,517.2000000000002,6,509.00000000000045,swap,improve
9000,6,517.2000000000002,6,509.00000000000045,move,improve
9001,6,517.2000000000002,6,509.00000000000045,move,improve
9002,6,517.2000000000002,6,509.00000000000045,move,improve
9003,6,517.2000000000002,6,509.00000000000045,swap,improve
9004,6,517.2000000000002,6,509.00000000000045,move,improve
9005,6,517.2000000000002,6,509.00000000000045,move,improve
9006,6,517.2000000000002,6,509.00000000000045,swap,improve
9007,6,517.2000000000002,6,509.00000000000045,swap,notBad
9008,6,517.2000000000002,6,509.00000000000045,move,improve
9009,6,517.2000000000002,6,509.00000000000045,move,improve
9010,6,517.2000000000002,6,509.00000000000045,swap,notBad
9011,6,517.2000000000002,6,509.00000000000045,move,improve
9012,6,517.2000000000002,6,509.00000000000045,2opt,notBad
9013,6,517.2000000000002,6,509.00000000000045,2opt,notBad
9014,6,517.2000000000002,6,509.00000000000045,move,improve
9015,6,517.2000000000002,6,509.00000000000045,move,improve
9016,6,517.2000000000002,6,509.00000000000045,swap,notBad
9017,6,517.2000000000002,6,509.00000000000045,swap,improve
9018,6,517.2000000000002,6,509.00000000000045,2opt,notBad
9019,6,517.2000000000002,6,509.00000000000045,swap,notBad
9020,6,517.2000000000002,6,509.00000000000045,move,improve
9021,6,517.2000000000002,6,509.00000000000045,2opt,notBad
9022,6,517.2000000000002,6,509.00000000000045,2opt,improve
9023,6,517.2000000000002,6,509.00000000000045,2opt,notBad
9024,6,517.2000000000002,6,509.00000000000045,2opt,notBad
9025,6,517.2000000000002,6,509.00000000000045,swap,notBad
9026,6,517.2000000000002,6,509.00000000000045,move,improve
9027,6,517.2000000000002,6,509.00000000000045,2opt,improve
9028,6,517.2000000000002,6,509.00000000000045,move,improve
9029,6,517.2000000000002,6,509.00000000000045,2opt,notBad
9030,6,517.2000000000002,6,509.00000000000045,swap,notBad
9031,6,517.2000000000002,6,509.00000000000045,move,improve
9032,6,517.2000000000002,6,509.00000000000045,swap,notBad
9033,6,517.2000000000002,6,509.00000000000045,2opt,notBad
9034,6,517.2000000000002,6,509.00000000000045,2opt,improve
9035,6,517.2000000000002,6,509.00000000000045,move,improve
9036,6,517.2000000000002,6,509.00000000000045,move,improve
9037,6,517.2000000000002,6,509.00000000000045,2opt,improve
9038,6,517.2000000000002,6,509.00000000000045,2opt,notBad
9039,6,517.2000000000002,6,509.00000000000045,2opt,notBad
9040,6,517.2000000000002,6,509.00000000000045,swap,notBad
9041,6,517.2000000000002,6,509.00000000000045,move,improve
9042,6,516.4000000000002,6,509.00000000000045,swap,improve
9043,6,516.4000000000002,6,509.00000000000045,move,improve
9044,6,516.4000000000002,6,509.00000000000045,swap,notBad
9045,6,516.4000000000002,6,509.00000000000045,move,notBad
9046,6,516.4000000000002,6,509.00000000000045,2opt,notBad
9047,6,516.4000000000002,6,509.00000000000045,move,improve
9048,6,516.4000000000002,6,509.00000000000045,swap,notBad
9049,6,516.4000000000002,6,509.00000000000045,swap,notBad
9050,6,516.4000000000002,6,509.00000000000045,2opt,notBad
9051,6,516.4000000000002,6,509.00000000000045,move,improve
9052,6,516.4000000000002,6,509.00000000000045,move,improve
9053,6,516.4000000000002,6,509.00000000000045,swap,notBad
9054,6,516.4000000000002,6,509.00000000000045,2opt,improve
9055,6,516.4000000000002,6,509.00000000000045,swap,improve
9056,6,515.3999999999999,6,509.00000000000045,swap,improve
9057,6,516.3,6,509.00000000000045,swap,acceptBad
9058,6,516.3,6,509.00000000000045,swap,notBad
9059,6,516.3,6,509.00000000000045,2opt,notBad
9060,6,516.3,6,509.00000000000045,move,improve
9061,6,516.3,6,509.00000000000045,2opt,notBad
9062,6,516.3,6,509.00000000000045,move,improve
9063,6,516.3,6,509.00000000000045,swap,notBad
9064,6,516.3,6,509.00000000000045,2opt,notBad
9065,6,516.3,6,509.00000000000045,swap,notBad
9066,6,516.3,6,509.00000000000045,2opt,notBad
9067,6,516.3,6,509.00000000000045,2opt,improve
9068,6,516.3,6,509.00000000000045,swap,notBad
9069,6,516.3,6,509.00000000000045,move,improve
9070,6,516.3,6,509.00000000000045,2opt,improve
9071,6,516.3,6,509.00000000000045,2opt,notBad
9072,6,516.3,6,509.00000000000045,2opt,notBad
9073,6,516.3,6,509.00000000000045,2opt,notBad
9074,6,516.3,6,509.00000000000045,2opt,notBad
9075,6,516.3,6,509.00000000000045,2opt,improve
9076,6,516.3,6,509.00000000000045,2opt,notBad
9077,6,515.9999999999999,6,509.00000000000045,2opt,improve
9078,6,515.9999999999999,6,509.00000000000045,move,improve
9079,6,515.9999999999999,6,509.00000000000045,2opt,notBad
9080,6,515.9999999999999,6,509.00000000000045,move,improve
9081,6,515.9999999999999,6,509.00000000000045,swap,notBad
9082,6,515.9999999999999,6,509.00000000000045,2opt,notBad
9083,6,515.9999999999999,6,509.00000000000045,2opt,notBad
9084,6,515.9999999999999,6,509.00000000000045,swap,improve
9085,6,515.9999999999999,6,509.00000000000045,2opt,notBad
9086,6,515.9999999999999,6,509.00000000000045,2opt,notBad
9087,6,515.9999999999999,6,509.00000000000045,move,improve
9088,6,515.9999999999999,6,509.00000000000045,2opt,notBad
9089,6,515.9999999999999,6,509.00000000000045,swap,notBad
9090,6,515.9999999999999,6,509.00000000000045,2opt,notBad
9091,6,515.9999999999999,6,509.00000000000045,2opt,notBad
9092,6,515.9999999999999,6,509.00000000000045,swap,notBad
9093,6,515.9999999999999,6,509.00000000000045,swap,improve
9094,6,515.9999999999999,6,509.00000000000045,swap,improve
9095,6,515.9999999999999,6,509.00000000000045,2opt,improve
9096,6,515.9999999999999,6,509.00000000000045,move,improve
9097,6,516.3,6,509.00000000000045,swap,acceptBad
9098,6,516.3,6,509.00000000000045,move,improve
9099,6,516.3,6,509.00000000000045,2opt,notBad
9100,6,516.3,6,509.00000000000045,move,improve
9101,6,516.3,6,509.00000000000045,move,improve
9102,6,516.3,6,509.00000000000045,2opt,notBad
9103,6,516.3,6,509.00000000000045,2opt,notBad
9104,6,516.3,6,509.00000000000045,move,improve
9105,6,520.5999999999997,6,509.00000000000045,swap,acceptBad
9106,6,520.5999999999997,6,509.00000000000045,swap,improve
9107,6,520.5999999999997,6,509.00000000000045,2opt,improve
9108,6,520.5999999999997,6,509.00000000000045,2opt,notBad
9109,6,520.5999999999997,6,509.00000000000045,move,improve
9110,6,520.5999999999997,6,509.00000000000045,move,improve
9111,6,520.5999999999997,6,509.00000000000045,move,improve
9112,6,520.5999999999997,6,509.00000000000045,swap,notBad
9113,6,520.5999999999997,6,509.00000000000045,swap,improve
9114,6,520.5999999999997,6,509.00000000000045,swap,notBad
9115,6,520.5999999999997,6,509.00000000000045,move,notBad
9116,6,520.5999999999997,6,509.00000000000045,move,improve
9117,6,520.5999999999997,6,509.00000000000045,move,improve
9118,6,520.5999999999997,6,509.00000000000045,2opt,notBad
9119,6,520.5999999999997,6,509.00000000000045,move,improve
9120,6,520.5999999999997,6,509.00000000000045,swap,notBad
9121,6,520.5999999999997,6,509.00000000000045,move,improve
9122,6,520.5999999999997,6,509.00000000000045,2opt,notBad
9123,6,520.5999999999997,6,509.00000000000045,2opt,notBad
9124,6,520.5999999999997,6,509.00000000000045,move,improve
9125,6,520.5999999999997,6,509.00000000000045,swap,notBad
9126,6,520.5999999999997,6,509.00000000000045,move,improve
9127,6,520.5999999999997,6,509.00000000000045,move,improve
9128,6,520.5999999999997,6,509.00000000000045,swap,notBad
9129,6,520.5999999999997,6,509.00000000000045,2opt,improve
9130,6,520.5999999999997,6,509.00000000000045,2opt,notBad
9131,6,520.5999999999997,6,509.00000000000045,swap,improve
9132,6,520.5999999999997,6,509.00000000000045,2opt,improve
9133,6,520.5999999999997,6,509.00000000000045,2opt,notBad
9134,6,520.5999999999997,6,509.00000000000045,2opt,notBad
9135,6,520.5999999999997,6,509.00000000000045,move,improve
9136,6,520.5999999999997,6,509.00000000000045,2opt,improve
9137,6,520.5999999999997,6,509.00000000000045,swap,notBad
9138,6,520.5999999999997,6,509.00000000000045,move,improve
9139,6,520.5999999999997,6,509.00000000000045,2opt,notBad
9140,6,520.5999999999997,6,509.00000000000045,swap,notBad
9141,6,520.5999999999997,6,509.00000000000045,move,improve
9142,6,520.5999999999997,6,509.00000000000045,2opt,notBad
9143,6,520.5999999999997,6,509.00000000000045,move,improve
9144,6,520.5999999999997,6,509.00000000000045,swap,improve
9145,6,520.5999999999997,6,509.00000000000045,2opt,notBad
9146,6,520.5999999999997,6,509.00000000000045,swap,notBad
9147,6,520.5999999999997,6,509.00000000000045,swap,notBad
9148,6,520.5999999999997,6,509.00000000000045,move,notBad
9149,6,520.5999999999997,6,509.00000000000045,swap,notBad
9150,6,520.5999999999997,6,509.00000000000045,move,improve
9151,6,520.5999999999997,6,509.00000000000045,2opt,notBad
9152,6,520.5999999999997,6,509.00000000000045,move,improve
9153,6,520.5999999999997,6,509.00000000000045,move,improve
9154,6,520.5999999999997,6,509.00000000000045,move,improve
9155,6,520.5999999999997,6,509.00000000000045,move,improve
9156,6,520.5999999999997,6,509.00000000000045,2opt,notBad
9157,6,520.5999999999997,6,509.00000000000045,swap,notBad
9158,6,520.5999999999997,6,509.00000000000045,2opt,notBad
9159,6,520.5999999999997,6,509.00000000000045,move,improve
9160,6,520.5999999999997,6,509.00000000000045,swap,improve
9161,6,520.5999999999997,6,509.00000000000045,2opt,notBad
9162,6,520.5999999999997,6,509.00000000000045,2opt,improve
9163,6,520.5999999999997,6,509.00000000000045,move,improve
9164,6,520.5999999999997,6,509.00000000000045,move,improve
9165,6,520.5999999999997,6,509.00000000000045,swap,improve
9166,6,520.5999999999997,6,509.00000000000045,2opt,notBad
9167,6,520.5999999999997,6,509.00000000000045,move,improve
9168,6,518.1999999999998,6,509.00000000000045,swap,improve
9169,6,518.1999999999998,6,509.00000000000045,swap,notBad
9170,6,518.1999999999998,6,509.00000000000045,2opt,notBad
9171,6,518.1999999999998,6,509.00000000000045,2opt,improve
9172,6,518.1999999999998,6,509.00000000000045,swap,improve
9173,6,518.1999999999998,6,509.00000000000045,swap,notBad
9174,6,518.1999999999998,6,509.00000000000045,2opt,notBad
9175,6,518.1999999999998,6,509.00000000000045,move,improve
9176,6,518.1999999999998,6,509.00000000000045,swap,notBad
9177,6,518.1999999999998,6,509.00000000000045,move,improve
9178,6,518.1999999999998,6,509.00000000000045,move,improve
9179,6,518.1999999999998,6,509.00000000000045,move,improve
9180,6,518.1999999999998,6,509.00000000000045,2opt,notBad
9181,6,518.1999999999998,6,509.00000000000045,2opt,improve
9182,6,518.1999999999998,6,509.00000000000045,swap,notBad
9183,6,518.1999999999998,6,509.00000000000045,2opt,notBad
9184,6,518.1999999999998,6,509.00000000000045,2opt,notBad
9185,6,518.1999999999998,6,509.00000000000045,move,improve
9186,6,518.1999999999998,6,509.00000000000045,2opt,improve
9187,6,518.1999999999998,6,509.00000000000045,2opt,notBad
9188,6,518.1999999999998,6,509.00000000000045,swap,notBad
9189,6,518.1999999999998,6,509.00000000000045,move,improve
9190,6,518.1999999999998,6,509.00000000000045,2opt,notBad
9191,6,518.1999999999998,6,509.00000000000045,move,improve
9192,6,522.4999999999999,6,509.00000000000045,swap,acceptBad
9193,6,518.9,6,509.00000000000045,swap,improve
9194,6,518.9,6,509.00000000000045,2opt,notBad
9195,6,518.9,6,509.00000000000045,2opt,improve
9196,6,518.9,6,509.00000000000045,move,improve
9197,6,518.9,6,509.00000000000045,move,notBad
9198,6,518.9,6,509.00000000000045,swap,improve
9199,6,518.9,6,509.00000000000045,move,improve
9200,6,518.9,6,509.00000000000045,swap,notBad
9201,6,518.9,6,509.00000000000045,move,improve
9202,6,518.9,6,509.00000000000045,move,improve
9203,6,518.9,6,509.00000000000045,move,improve
9204,6,518.9,6,509.00000000000045,2opt,notBad
9205,6,518.9,6,509.00000000000045,2opt,notBad
9206,6,518.9,6,509.00000000000045,2opt,improve
9207,6,518.9,6,509.00000000000045,swap,notBad
9208,6,518.9,6,509.00000000000045,2opt,notBad
9209,6,518.9,6,509.00000000000045,swap,notBad
9210,6,518.9,6,509.00000000000045,2opt,improve
9211,6,518.9,6,509.00000000000045,move,improve
9212,6,518.9,6,509.00000000000045,2opt,improve
9213,6,518.9,6,509.00000000000045,swap,improve
9214,6,518.9,6,509.00000000000045,2opt,notBad
9215,6,518.9,6,509.00000000000045,2opt,notBad
9216,6,518.9,6,509.00000000000045,swap,notBad
9217,6,518.0,6,509.00000000000045,swap,improve
9218,6,518.0,6,509.00000000000045,2opt,notBad
9219,6,518.0,6,509.00000000000045,2opt,notBad
9220,6,518.0,6,509.00000000000045,move,improve
9221,6,518.0,6,509.00000000000045,move,improve
9222,6,518.0,6,509.00000000000045,swap,notBad
9223,6,518.0,6,509.00000000000045,move,improve
9224,6,518.0,6,509.00000000000045,2opt,notBad
9225,6,518.0,6,509.00000000000045,2opt,notBad
9226,6,518.0,6,509.00000000000045,move,improve
9227,6,518.0,6,509.00000000000045,move,improve
9228,6,518.0,6,509.00000000000045,2opt,notBad
9229,6,518.0,6,509.00000000000045,move,improve
9230,6,518.0,6,509.00000000000045,move,improve
9231,6,518.0,6,509.00000000000045,swap,notBad
9232,6,518.0,6,509.00000000000045,move,improve
9233,6,518.0,6,509.00000000000045,swap,notBad
9234,6,518.0,6,509.00000000000045,move,improve
9235,6,518.0,6,509.00000000000045,2opt,notBad
9236,6,518.0,6,509.00000000000045,move,improve
9237,6,518.0,6,509.00000000000045,swap,notBad
9238,6,518.0,6,509.00000000000045,swap,notBad
9239,6,518.0,6,509.00000000000045,move,improve
9240,6,516.8,6,509.00000000000045,2opt,improve
9241,6,516.8,6,509.00000000000045,2opt,notBad
9242,6,516.8,6,509.00000000000045,move,notBad
9243,6,516.8,6,509.00000000000045,2opt,notBad
9244,6,516.8,6,509.00000000000045,move,improve
9245,6,516.8,6,509.00000000000045,move,improve
9246,6,516.5000000000002,6,509.00000000000045,swap,improve
9247,6,516.5000000000002,6,509.00000000000045,2opt,notBad
9248,6,516.5000000000002,6,509.00000000000045,2opt,notBad
9249,6,516.5000000000002,6,509.00000000000045,2opt,improve
9250,6,516.5000000000002,6,509.00000000000045,swap,notBad
9251,6,516.5000000000002,6,509.00000000000045,swap,improve
9252,6,516.5000000000002,6,509.00000000000045,swap,notBad
9253,6,516.5000000000002,6,509.00000000000045,swap,improve
9254,6,516.5000000000002,6,509.00000000000045,swap,improve
9255,6,516.5000000000002,6,509.00000000000045,2opt,notBad
9256,6,516.5000000000002,6,509.00000000000045,swap,improve
9257,6,516.5000000000002,6,509.00000000000045,2opt,notBad
9258,6,516.5000000000002,6,509.00000000000045,move,improve
9259,6,516.5000000000002,6,509.00000000000045,2opt,notBad
9260,6,516.5000000000002,6,509.00000000000045,swap,notBad
9261,6,516.5000000000002,6,509.00000000000045,2opt,notBad
9262,6,516.5000000000002,6,509.00000000000045,swap,improve
9263,6,516.5000000000002,6,509.00000000000045,2opt,improve
9264,6,516.5000000000002,6,509.00000000000045,2opt,improve
9265,6,516.5000000000002,6,509.00000000000045,move,improve
9266,6,516.5000000000002,6,509.00000000000045,move,improve
9267,6,516.5000000000002,6,509.00000000000045,move,improve
9268,6,516.5000000000002,6,509.00000000000045,2opt,notBad
9269,6,517.3000000000002,6,509.00000000000045,swap,acceptBad
9270,6,517.3000000000002,6,509.00000000000045,swap,improve
9271,6,517.3000000000002,6,509.00000000000045,move,improve
9272,6,517.3000000000002,6,509.00000000000045,2opt,improve
9273,6,517.3000000000002,6,509.00000000000045,2opt,notBad
9274,6,517.3000000000002,6,509.00000000000045,swap,improve
9275,6,517.3000000000002,6,509.00000000000045,move,improve
9276,6,517.3000000000002,6,509.00000000000045,swap,improve
9277,6,517.3000000000002,6,509.00000000000045,2opt,improve
9278,6,517.3000000000002,6,509.00000000000045,2opt,improve
9279,6,517.3000000000002,6,509.00000000000045,2opt,improve
9280,6,517.3000000000002,6,509.00000000000045,swap,improve
9281,6,517.3000000000002,6,509.00000000000045,2opt,improve
9282,6,517.3000000000002,6,509.00000000000045,move,improve
9283,6,517.3000000000002,6,509.00000000000045,2opt,notBad
9284,6,517.3000000000002,6,509.00000000000045,2opt,improve
9285,6,517.3000000000002,6,509.00000000000045,swap,notBad
9286,6,517.3000000000002,6,509.00000000000045,move,improve
9287,6,517.3000000000002,6,509.00000000000045,swap,notBad
9288,6,517.3000000000002,6,509.00000000000045,2opt,notBad
9289,6,517.3000000000002,6,509.00000000000045,move,improve
9290,6,517.3000000000002,6,509.00000000000045,move,improve
9291,6,517.3000000000002,6,509.00000000000045,move,improve
9292,6,517.3000000000002,6,509.00000000000045,swap,improve
9293,6,517.3000000000002,6,509.00000000000045,move,improve
9294,6,517.3000000000002,6,509.00000000000045,swap,notBad
9295,6,517.3000000000002,6,509.00000000000045,swap,improve
9296,6,517.3000000000002,6,509.00000000000045,swap,improve
9297,6,517.3000000000002,6,509.00000000000045,2opt,improve
9298,6,517.3000000000002,6,509.00000000000045,2opt,notBad
9299,6,517.3000000000002,6,509.00000000000045,move,improve
9300,6,517.3000000000002,6,509.00000000000045,swap,improve
9301,6,517.3000000000002,6,509.00000000000045,2opt,notBad
9302,6,517.3000000000002,6,509.00000000000045,move,improve
9303,6,517.3000000000002,6,509.00000000000045,2opt,notBad
9304,6,517.3000000000002,6,509.00000000000045,swap,improve
9305,6,512.1000000000004,6,509.00000000000045,swap,improve
9306,6,512.1000000000004,6,509.00000000000045,swap,notBad
9307,6,512.1000000000004,6,509.00000000000045,move,improve
9308,6,512.1000000000004,6,509.00000000000045,move,improve
9309,6,512.1000000000004,6,509.00000000000045,2opt,improve
9310,6,517.3000000000002,6,509.00000000000045,swap,acceptBad
9311,6,517.3000000000002,6,509.00000000000045,2opt,improve
9312,6,517.3000000000002,6,509.00000000000045,move,improve
9313,6,517.3000000000002,6,509.00000000000045,move,improve
9314,6,515.9000000000001,6,509.00000000000045,swap,improve
9315,6,515.9000000000001,6,509.00000000000045,2opt,improve
9316,6,515.9000000000001,6,509.00000000000045,move,improve
9317,6,515.9000000000001,6,509.00000000000045,swap,notBad
9318,6,515.9000000000001,6,509.00000000000045,2opt,notBad
9319,6,515.9000000000001,6,509.00000000000045,2opt,notBad
9320,6,515.9000000000001,6,509.00000000000045,2opt,improve
9321,6,515.9000000000001,6,509.00000000000045,move,improve
9322,6,515.9000000000001,6,509.00000000000045,2opt,improve
9323,6,517.3000000000002,6,509.00000000000045,swap,acceptBad
9324,6,517.3000000000002,6,509.00000000000045,2opt,notBad
9325,6,517.3000000000002,6,509.00000000000045,move,improve
9326,6,517.3000000000002,6,509.00000000000045,move,improve
9327,6,517.3000000000002,6,509.00000000000045,swap,notBad
9328,6,517.3000000000002,6,509.00000000000045,swap,improve
9329,6,517.3000000000002,6,509.00000000000045,swap,notBad
9330,6,512.1000000000004,6,509.00000000000045,swap,improve
9331,6,512.1000000000004,6,509.00000000000045,swap,notBad
9332,6,512.1000000000004,6,509.00000000000045,2opt,notBad
9333,6,517.3000000000002,6,509.00000000000045,swap,acceptBad
9334,6,517.3000000000002,6,509.00000000000045,2opt,improve
9335,6,517.3000000000002,6,509.00000000000045,move,improve
9336,6,517.3000000000002,6,509.00000000000045,move,improve
9337,6,517.3000000000002,6,509.00000000000045,2opt,improve
9338,6,517.3000000000002,6,509.00000000000045,2opt,notBad
9339,6,517.3000000000002,6,509.00000000000045,swap,notBad
9340,6,517.3000000000002,6,509.00000000000045,swap,notBad
9341,6,517.3000000000002,6,509.00000000000045,move,improve
9342,6,517.3000000000002,6,509.00000000000045,2opt,notBad
9343,6,517.3000000000002,6,509.00000000000045,2opt,notBad
9344,6,517.3000000000002,6,509.00000000000045,2opt,improve
9345,6,517.3000000000002,6,509.00000000000045,2opt,notBad
9346,6,517.3000000000002,6,509.00000000000045,swap,improve
9347,6,517.3000000000002,6,509.00000000000045,2opt,notBad
9348,6,517.3000000000002,6,509.00000000000045,2opt,improve
9349,6,517.3000000000002,6,509.00000000000045,move,improve
9350,6,517.3000000000002,6,509.00000000000045,2opt,improve
9351,6,517.3000000000002,6,509.00000000000045,2opt,improve
9352,6,517.3000000000002,6,509.00000000000045,2opt,notBad
9353,6,517.3000000000002,6,509.00000000000045,move,improve
9354,6,517.3000000000002,6,509.00000000000045,move,improve
9355,6,511.9000000000003,6,509.00000000000045,swap,improve
9356,6,511.9000000000003,6,509.00000000000045,swap,notBad
9357,6,511.9000000000003,6,509.00000000000045,2opt,notBad
9358,6,511.9000000000003,6,509.00000000000045,swap,notBad
9359,6,511.9000000000003,6,509.00000000000045,move,improve
9360,6,511.9000000000003,6,509.00000000000045,move,improve
9361,6,511.9000000000003,6,509.00000000000045,move,improve
9362,6,511.9000000000003,6,509.00000000000045,swap,notBad
9363,6,511.9000000000003,6,509.00000000000045,swap,improve
9364,6,511.9000000000003,6,509.00000000000045,2opt,improve
9365,6,511.9000000000003,6,509.00000000000045,swap,improve
9366,6,514.1000000000001,6,509.00000000000045,swap,acceptBad
9367,6,514.1000000000001,6,509.00000000000045,2opt,notBad
9368,6,514.1000000000001,6,509.00000000000045,swap,improve
9369,6,514.1000000000001,6,509.00000000000045,2opt,notBad
9370,6,514.1000000000001,6,509.00000000000045,swap,improve
9371,6,514.1000000000001,6,509.00000000000045,move,improve
9372,6,514.1000000000001,6,509.00000000000045,2opt,improve
9373,6,514.1000000000001,6,509.00000000000045,swap,notBad
9374,6,514.1000000000001,6,509.00000000000045,move,improve
9375,6,514.1000000000001,6,509.00000000000045,2opt,improve
9376,6,514.1000000000001,6,509.00000000000045,2opt,improve
9377,6,514.1000000000001,6,509.00000000000045,2opt,improve
9378,6,514.5,6,509.00000000000045,swap,acceptBad
9379,6,514.5,6,509.00000000000045,2opt,notBad
9380,6,514.5,6,509.00000000000045,2opt,notBad
9381,6,514.5,6,509.00000000000045,swap,improve
9382,6,514.5,6,509.00000000000045,swap,notBad
9383,6,514.5,6,509.00000000000045,swap,improve
9384,6,514.5,6,509.00000000000045,move,improve
9385,6,514.5,6,509.00000000000045,move,improve
9386,6,514.5,6,509.00000000000045,swap,notBad
9387,6,514.5,6,509.00000000000045,2opt,improve
9388,6,514.5,6,509.00000000000045,move,improve
9389,6,514.5,6,509.00000000000045,swap,notBad
9390,6,514.5,6,509.00000000000045,move,improve
9391,6,514.5,6,509.00000000000045,move,improve
9392,6,514.5,6,509.00000000000045,2opt,improve
9393,6,514.5,6,509.00000000000045,2opt,improve
9394,6,514.5,6,509.00000000000045,move,improve
9395,6,514.5,6,509.00000000000045,swap,notBad
9396,6,514.5,6,509.00000000000045,swap,notBad
9397,6,514.5,6,509.00000000000045,move,improve
9398,6,514.5,6,509.00000000000045,move,improve
9399,6,514.5,6,509.00000000000045,move,improve
9400,6,514.5,6,509.00000000000045,move,improve
9401,6,514.5,6,509.00000000000045,2opt,notBad
9402,6,514.5,6,509.00000000000045,swap,improve
9403,6,514.5,6,509.00000000000045,swap,notBad
9404,6,514.5,6,509.00000000000045,2opt,notBad
9405,6,515.9000000000001,6,509.00000000000045,swap,acceptBad
9406,6,515.9000000000001,6,509.00000000000045,swap,notBad
9407,6,515.9000000000001,6,509.00000000000045,2opt,improve
9408,6,515.9000000000001,6,509.00000000000045,move,improve
9409,6,515.9000000000001,6,509.00000000000045,move,improve
9410,6,514.5,6,509.00000000000045,swap,improve
9411,6,514.5,6,509.00000000000045,2opt,notBad
9412,6,514.5,6,509.00000000000045,move,improve
9413,6,514.5,6,509.00000000000045,move,improve
9414,6,514.5,6,509.00000000000045,move,notBad
9415,6,514.5,6,509.00000000000045,move,improve
9416,6,514.5,6,509.00000000000045,move,improve
9417,6,514.5,6,509.00000000000045,move,improve
9418,6,514.5,6,509.00000000000045,move,improve
9419,6,514.5,6,509.00000000000045,2opt,notBad
9420,6,514.5,6,509.00000000000045,2opt,notBad
9421,6,514.5,6,509.00000000000045,move,improve
9422,6,514.5,6,509.00000000000045,move,improve
9423,6,514.5,6,509.00000000000045,2opt,notBad
9424,6,514.5,6,509.00000000000045,move,improve
9425,6,515.5000000000002,6,509.00000000000045,swap,acceptBad
9426,6,515.5000000000002,6,509.00000000000045,swap,notBad
9427,6,515.5000000000002,6,509.00000000000045,swap,notBad
9428,6,515.5000000000002,6,509.00000000000045,move,improve
9429,6,515.5000000000002,6,509.00000000000045,2opt,notBad
9430,6,515.5000000000002,6,509.00000000000045,2opt,notBad
9431,6,515.5000000000002,6,509.00000000000045,move,improve
9432,6,515.5000000000002,6,509.00000000000045,swap,notBad
9433,6,515.5000000000002,6,509.00000000000045,move,improve
9434,6,515.5000000000002,6,509.00000000000045,move,improve
9435,6,515.5000000000002,6,509.00000000000045,swap,notBad
9436,6,515.5000000000002,6,509.00000000000045,2opt,notBad
9437,6,515.5000000000002,6,509.00000000000045,2opt,notBad
9438,6,515.5000000000002,6,509.00000000000045,2opt,improve
9439,6,515.5000000000002,6,509.00000000000045,2opt,notBad
9440,6,515.5000000000002,6,509.00000000000045,swap,notBad
9441,6,515.5000000000002,6,509.00000000000045,2opt,notBad
9442,6,515.5000000000002,6,509.00000000000045,move,improve
9443,6,515.5000000000002,6,509.00000000000045,swap,notBad
9444,6,515.5000000000002,6,509.00000000000045,2opt,notBad
9445,6,515.5000000000002,6,509.00000000000045,swap,notBad
9446,6,515.5000000000002,6,509.00000000000045,2opt,improve
9447,6,515.5000000000002,6,509.00000000000045,2opt,notBad
9448,6,515.5000000000002,6,509.00000000000045,2opt,notBad
9449,6,515.5000000000002,6,509.00000000000045,2opt,notBad
9450,6,515.5000000000002,6,509.00000000000045,move,improve
9451,6,515.5000000000002,6,509.00000000000045,swap,notBad
9452,6,515.5000000000002,6,509.00000000000045,swap,improve
9453,6,517.9000000000001,6,509.00000000000045,swap,acceptBad
9454,6,517.9000000000001,6,509.00000000000045,swap,notBad
9455,6,517.9000000000001,6,509.00000000000045,2opt,notBad
9456,6,517.9000000000001,6,509.00000000000045,move,improve
9457,6,517.9000000000001,6,509.00000000000045,swap,notBad
9458,6,517.9000000000001,6,509.00000000000045,2opt,improve
9459,6,517.9000000000001,6,509.00000000000045,swap,improve
9460,6,517.9000000000001,6,509.00000000000045,2opt,notBad
9461,6,517.9000000000001,6,509.00000000000045,move,improve
9462,6,514.1000000000004,6,509.00000000000045,swap,improve
9463,6,514.1000000000004,6,509.00000000000045,swap,notBad
9464,6,514.1000000000004,6,509.00000000000045,swap,notBad
9465,6,514.1000000000004,6,509.00000000000045,swap,notBad
9466,6,514.1000000000004,6,509.00000000000045,move,improve
9467,6,514.1000000000004,6,509.00000000000045,swap,notBad
9468,6,514.1000000000004,6,509.00000000000045,move,improve
9469,6,514.1000000000004,6,509.00000000000045,move,improve
9470,6,514.1000000000004,6,509.00000000000045,2opt,notBad
9471,6,514.1000000000004,6,509.00000000000045,2opt,notBad
9472,6,514.1000000000004,6,509.00000000000045,move,improve
9473,6,514.1000000000004,6,509.00000000000045,2opt,improve
9474,6,514.1000000000004,6,509.00000000000045,2opt,improve
9475,6,514.1000000000004,6,509.00000000000045,2opt,improve
9476,6,513.7000000000005,6,509.00000000000045,2opt,improve
9477,6,513.7000000000005,6,509.00000000000045,2opt,notBad
9478,6,513.7000000000005,6,509.00000000000045,move,improve
9479,6,513.7000000000005,6,509.00000000000045,move,improve
9480,6,513.7000000000005,6,509.00000000000045,move,improve
9481,6,513.7000000000005,6,509.00000000000045,2opt,notBad
9482,6,518.7000000000005,6,509.00000000000045,swap,acceptBad
9483,6,518.7000000000005,6,509.00000000000045,swap,notBad
9484,6,518.7000000000005,6,509.00000000000045,move,improve
9485,6,519.3000000000004,6,509.00000000000045,swap,acceptBad
9486,6,519.3000000000004,6,509.00000000000045,swap,notBad
9487,6,519.3000000000004,6,509.00000000000045,move,improve
9488,6,519.3000000000004,6,509.00000000000045,swap,notBad
9489,6,519.3000000000004,6,509.00000000000045,swap,notBad
9490,6,519.3000000000004,6,509.00000000000045,2opt,notBad
9491,6,519.3000000000004,6,509.00000000000045,swap,improve
9492,6,519.3000000000004,6,509.00000000000045,swap,notBad
9493,6,519.3000000000004,6,509.00000000000045,swap,notBad
9494,6,519.3000000000004,6,509.00000000000045,2opt,improve
9495,6,519.3000000000004,6,509.00000000000045,swap,notBad
9496,6,519.3000000000004,6,509.00000000000045,move,improve
9497,6,519.3000000000004,6,509.00000000000045,swap,improve
9498,6,519.3000000000004,6,509.00000000000045,2opt,improve
9499,6,519.3000000000004,6,509.00000000000045,2opt,notBad
9500,6,519.3000000000004,6,509.00000000000045,move,notBad
9501,6,519.3000000000004,6,509.00000000000045,swap,notBad
9502,6,519.3000000000004,6,509.00000000000045,2opt,notBad
9503,6,519.3000000000004,6,509.00000000000045,move,improve
9504,6,519.3000000000004,6,509.00000000000045,move,improve
9505,6,519.3000000000004,6,509.00000000000045,move,improve
9506,6,519.3000000000004,6,509.00000000000045,2opt,improve
9507,6,519.3000000000004,6,509.00000000000045,move,improve
9508,6,519.3000000000004,6,509.00000000000045,swap,improve
9509,6,519.3000000000004,6,509.00000000000045,2opt,notBad
9510,6,519.3000000000004,6,509.00000000000045,swap,notBad
9511,6,519.3000000000004,6,509.00000000000045,move,improve
9512,6,518.3000000000002,6,509.00000000000045,swap,improve
9513,6,518.3000000000002,6,509.00000000000045,swap,notBad
9514,6,518.3000000000002,6,509.00000000000045,2opt,improve
9515,6,518.3000000000002,6,509.00000000000045,2opt,notBad
9516,6,518.3000000000002,6,509.00000000000045,2opt,notBad
9517,6,518.3000000000002,6,509.00000000000045,move,improve
9518,6,518.3000000000002,6,509.00000000000045,2opt,notBad
9519,6,518.3000000000002,6,509.00000000000045,2opt,improve
9520,6,518.3000000000002,6,509.00000000000045,2opt,notBad
9521,6,518.3000000000002,6,509.00000000000045,swap,improve
9522,6,518.3000000000002,6,509.00000000000045,move,improve
9523,6,518.3000000000002,6,509.00000000000045,2opt,notBad
9524,6,518.3000000000002,6,509.00000000000045,2opt,notBad
9525,6,518.3000000000002,6,509.00000000000045,move,improve
9526,6,518.3000000000002,6,509.00000000000045,2opt,notBad
9527,6,518.3000000000002,6,509.00000000000045,2opt,notBad
9528,6,518.3000000000002,6,509.00000000000045,swap,notBad
9529,6,518.3000000000002,6,509.00000000000045,move,improve
9530,6,518.3000000000002,6,509.00000000000045,2opt,notBad
9531,6,518.3000000000002,6,509.00000000000045,move,improve
9532,6,518.3000000000002,6,509.00000000000045,move,improve
9533,6,518.3000000000002,6,509.00000000000045,swap,notBad
9534,6,518.3000000000002,6,509.00000000000045,swap,notBad
9535,6,518.3000000000002,6,509.00000000000045,2opt,notBad
9536,6,517.5000000000002,6,509.00000000000045,swap,improve
9537,6,517.5000000000002,6,509.00000000000045,2opt,improve
9538,6,517.5000000000002,6,509.00000000000045,move,improve
9539,6,517.5000000000002,6,509.00000000000045,move,notBad
9540,6,517.5000000000002,6,509.00000000000045,move,improve
9541,6,517.5000000000002,6,509.00000000000045,2opt,notBad
9542,6,517.5000000000002,6,509.00000000000045,move,improve
9543,6,517.5000000000002,6,509.00000000000045,2opt,notBad
9544,6,517.5000000000002,6,509.00000000000045,2opt,notBad
9545,6,517.5000000000002,6,509.00000000000045,2opt,notBad
9546,6,517.5000000000002,6,509.00000000000045,2opt,notBad
9547,6,517.5000000000002,6,509.00000000000045,move,improve
9548,6,517.5000000000002,6,509.00000000000045,2opt,notBad
9549,6,517.5000000000002,6,509.00000000000045,swap,notBad
9550,6,517.5000000000002,6,509.00000000000045,2opt,notBad
9551,6,517.5000000000002,6,509.00000000000045,move,improve
9552,6,517.5000000000002,6,509.00000000000045,move,improve
9553,6,517.5000000000002,6,509.00000000000045,move,improve
9554,6,517.5000000000002,6,509.00000000000045,swap,notBad
9555,6,516.5000000000002,6,509.00000000000045,swap,improve
9556,6,516.5000000000002,6,509.00000000000045,move,improve
9557,6,516.5000000000002,6,509.00000000000045,swap,notBad
9558,6,516.5000000000002,6,509.00000000000045,move,improve
9559,6,516.5000000000002,6,509.00000000000045,swap,notBad
9560,6,516.5000000000002,6,509.00000000000045,swap,notBad
9561,6,516.5000000000002,6,509.00000000000045,move,improve
9562,6,516.5000000000002,6,509.00000000000045,swap,notBad
9563,6,516.5000000000002,6,509.00000000000045,move,improve
9564,6,516.5000000000002,6,509.00000000000045,move,improve
9565,6,516.5000000000002,6,509.00000000000045,swap,notBad
9566,6,516.5000000000002,6,509.00000000000045,move,improve
9567,6,516.5000000000002,6,509.00000000000045,2opt,improve
9568,6,516.5000000000002,6,509.00000000000045,swap,notBad
9569,6,516.5000000000002,6,509.00000000000045,2opt,improve
9570,6,516.5000000000002,6,509.00000000000045,2opt,improve
9571,6,516.5000000000002,6,509.00000000000045,swap,notBad
9572,6,516.5000000000002,6,509.00000000000045,2opt,notBad
9573,6,516.5000000000002,6,509.00000000000045,move,improve
9574,6,516.5000000000002,6,509.00000000000045,move,improve
9575,6,516.5000000000002,6,509.00000000000045,move,improve
9576,6,516.5000000000002,6,509.00000000000045,2opt,notBad
9577,6,517.3000000000002,6,509.00000000000045,swap,acceptBad
9578,6,517.3000000000002,6,509.00000000000045,2opt,notBad
9579,6,517.3000000000002,6,509.00000000000045,2opt,improve
9580,6,517.3000000000002,6,509.00000000000045,swap,notBad
9581,6,517.3000000000002,6,509.00000000000045,move,improve
9582,6,517.3000000000002,6,509.00000000000045,2opt,notBad
9583,6,517.3000000000002,6,509.00000000000045,2opt,notBad
9584,6,517.3000000000002,6,509.00000000000045,move,improve
9585,6,517.3000000000002,6,509.00000000000045,swap,notBad
9586,6,517.3000000000002,6,509.00000000000045,2opt,notBad
9587,6,517.3000000000002,6,509.00000000000045,2opt,notBad
9588,6,517.3000000000002,6,509.00000000000045,2opt,notBad
9589,6,517.3000000000002,6,509.00000000000045,2opt,improve
9590,6,517.3000000000002,6,509.00000000000045,2opt,notBad
9591,6,517.3000000000002,6,509.00000000000045,2opt,improve
9592,6,517.3000000000002,6,509.00000000000045,2opt,improve
9593,6,516.5000000000002,6,509.00000000000045,swap,improve
9594,6,516.5000000000002,6,509.00000000000045,swap,improve
9595,6,516.5000000000002,6,509.00000000000045,2opt,notBad
9596,6,516.5000000000002,6,509.00000000000045,swap,notBad
9597,6,516.5000000000002,6,509.00000000000045,move,improve
9598,6,516.5000000000002,6,509.00000000000045,move,improve
9599,6,516.5000000000002,6,509.00000000000045,swap,notBad
9600,6,516.5000000000002,6,509.00000000000045,2opt,notBad
9601,6,516.5000000000002,6,509.00000000000045,2opt,notBad
9602,6,516.5000000000002,6,509.00000000000045,swap,notBad
9603,6,516.5000000000002,6,509.00000000000045,move,improve
9604,6,516.5000000000002,6,509.00000000000045,swap,improve
9605,6,516.5000000000002,6,509.00000000000045,swap,notBad
9606,6,516.5000000000002,6,509.00000000000045,move,improve
9607,6,516.5000000000002,6,509.00000000000045,swap,improve
9608,6,516.5000000000002,6,509.00000000000045,2opt,notBad
9609,6,516.5000000000002,6,509.00000000000045,move,improve
9610,6,516.5000000000002,6,509.00000000000045,swap,improve
9611,6,516.5000000000002,6,509.00000000000045,2opt,notBad
9612,6,516.5000000000002,6,509.00000000000045,swap,notBad
9613,6,516.5000000000002,6,509.00000000000045,move,improve
9614,6,516.5000000000002,6,509.00000000000045,move,improve
9615,6,516.5000000000002,6,509.00000000000045,2opt,notBad
9616,6,516.5000000000002,6,509.00000000000045,move,improve
9617,6,516.5000000000002,6,509.00000000000045,swap,notBad
9618,6,516.5000000000002,6,509.00000000000045,move,improve
9619,6,516.5000000000002,6,509.00000000000045,2opt,improve
9620,6,516.5000000000002,6,509.00000000000045,move,improve
9621,6,520.5000000000002,6,509.00000000000045,swap,acceptBad
9622,6,520.5000000000002,6,509.00000000000045,swap,notBad
9623,6,520.5000000000002,6,509.00000000000045,move,improve
9624,6,520.5000000000002,6,509.00000000000045,move,improve
9625,6,520.5000000000002,6,509.00000000000045,swap,improve
9626,6,519.7000000000003,6,509.00000000000045,swap,improve
9627,6,519.7000000000003,6,509.00000000000045,swap,notBad
9628,6,519.7000000000003,6,509.00000000000045,2opt,notBad
9629,6,519.7000000000003,6,509.00000000000045,swap,notBad
9630,6,519.7000000000003,6,509.00000000000045,2opt,improve
9631,6,519.7000000000003,6,509.00000000000045,2opt,notBad
9632,6,519.7000000000003,6,509.00000000000045,swap,notBad
9633,6,519.7000000000003,6,509.00000000000045,2opt,notBad
9634,6,519.7000000000003,6,509.00000000000045,swap,notBad
9635,6,519.7000000000003,6,509.00000000000045,swap,notBad
9636,6,519.7000000000003,6,509.00000000000045,move,improve
9637,6,519.7000000000003,6,509.00000000000045,2opt,improve
9638,6,519.7000000000003,6,509.00000000000045,move,improve
9639,6,519.7000000000003,6,509.00000000000045,2opt,improve
9640,6,519.7000000000003,6,509.00000000000045,2opt,notBad
9641,6,519.7000000000003,6,509.00000000000045,swap,notBad
9642,6,519.7000000000003,6,509.00000000000045,2opt,notBad
9643,6,519.7000000000003,6,509.00000000000045,2opt,improve
9644,6,519.7000000000003,6,509.00000000000045,move,improve
9645,6,519.7000000000003,6,509.00000000000045,move,improve
9646,6,519.7000000000003,6,509.00000000000045,2opt,notBad
9647,6,519.7000000000003,6,509.00000000000045,2opt,notBad
9648,6,519.7000000000003,6,509.00000000000045,move,improve
9649,6,519.7000000000003,6,509.00000000000045,swap,notBad
9650,6,519.7000000000003,6,509.00000000000045,swap,notBad
9651,6,519.7000000000003,6,509.00000000000045,move,improve
9652,6,519.7000000000003,6,509.00000000000045,move,improve
9653,6,519.7000000000003,6,509.00000000000045,move,improve
9654,6,520.7000000000003,6,509.00000000000045,swap,acceptBad
9655,6,520.7000000000003,6,509.00000000000045,move,improve
9656,6,520.7000000000003,6,509.00000000000045,move,improve
9657,6,520.7000000000003,6,509.00000000000045,2opt,improve
9658,6,520.7000000000003,6,509.00000000000045,2opt,notBad
9659,6,520.7000000000003,6,509.00000000000045,swap,notBad
9660,6,520.7000000000003,6,509.00000000000045,move,improve
9661,6,520.7000000000003,6,509.00000000000045,swap,notBad
9662,6,525.4000000000003,6,509.00000000000045,swap,acceptBad
9663,6,525.4000000000003,6,509.00000000000045,move,improve
9664,6,525.4000000000003,6,509.00000000000045,swap,improve
9665,6,525.4000000000003,6,509.00000000000045,move,improve
9666,6,525.4000000000003,6,509.00000000000045,move,improve
9667,6,525.4000000000003,6,509.00000000000045,2opt,improve
9668,6,525.4000000000003,6,509.00000000000045,move,improve
9669,6,525.4000000000003,6,509.00000000000045,move,improve
9670,6,525.4000000000003,6,509.00000000000045,move,improve
9671,6,525.4000000000003,6,509.00000000000045,2opt,notBad
9672,6,525.4000000000003,6,509.00000000000045,2opt,notBad
9673,6,525.4000000000003,6,509.00000000000045,2opt,notBad
9674,6,525.4000000000003,6,509.00000000000045,move,improve
9675,6,525.4000000000003,6,509.00000000000045,move,improve
9676,6,520.7000000000003,6,509.00000000000045,swap,improve
9677,6,520.7000000000003,6,509.00000000000045,2opt,notBad
9678,6,520.7000000000003,6,509.00000000000045,2opt,notBad
9679,6,520.7000000000003,6,509.00000000000045,swap,notBad
9680,6,519.8000000000003,6,509.00000000000045,swap,improve
9681,6,519.8000000000003,6,509.00000000000045,move,improve
9682,6,519.8000000000003,6,509.00000000000045,2opt,notBad
9683,6,519.8000000000003,6,509.00000000000045,move,improve
9684,6,519.8000000000003,6,509.00000000000045,swap,notBad
9685,6,519.8000000000003,6,509.00000000000045,2opt,notBad
9686,6,519.8000000000003,6,509.00000000000045,swap,notBad
9687,6,519.8000000000003,6,509.00000000000045,2opt,notBad
9688,6,519.8000000000003,6,509.00000000000045,swap,notBad
9689,6,519.8000000000003,6,509.00000000000045,2opt,improve
9690,6,519.8000000000003,6,509.00000000000045,swap,notBad
9691,6,519.8000000000003,6,509.00000000000045,2opt,notBad
9692,6,519.8000000000003,6,509.00000000000045,move,improve
9693,6,519.8000000000003,6,509.00000000000045,2opt,improve
9694,6,519.8000000000003,6,509.00000000000045,2opt,notBad
9695,6,519.8000000000003,6,509.00000000000045,swap,notBad
9696,6,519.8000000000003,6,509.00000000000045,swap,notBad
9697,6,519.8000000000003,6,509.00000000000045,swap,notBad
9698,6,519.8000000000003,6,509.00000000000045,swap,notBad
9699,6,519.8000000000003,6,509.00000000000045,swap,notBad
9700,6,519.8000000000003,6,509.00000000000045,2opt,improve
9701,6,519.8000000000003,6,509.00000000000045,move,improve
9702,6,519.8000000000003,6,509.00000000000045,2opt,notBad
9703,6,519.8000000000003,6,509.00000000000045,swap,improve
9704,6,519.8000000000003,6,509.00000000000045,move,improve
9705,6,519.8000000000003,6,509.00000000000045,move,improve
9706,6,519.8000000000003,6,509.00000000000045,move,improve
9707,6,519.8000000000003,6,509.00000000000045,2opt,improve
9708,6,519.8000000000003,6,509.00000000000045,swap,notBad
9709,6,519.8000000000003,6,509.00000000000045,2opt,notBad
9710,6,519.8000000000003,6,509.00000000000045,swap,notBad
9711,6,519.8000000000003,6,509.00000000000045,move,improve
9712,6,519.8000000000003,6,509.00000000000045,2opt,notBad
9713,6,518.8000000000003,6,509.00000000000045,swap,improve
9714,6,518.8000000000003,6,509.00000000000045,2opt,notBad
9715,6,518.8000000000003,6,509.00000000000045,swap,improve
9716,6,518.8000000000003,6,509.00000000000045,move,improve
9717,6,518.8000000000003,6,509.00000000000045,2opt,notBad
9718,6,518.8000000000003,6,509.00000000000045,2opt,notBad
9719,6,518.8000000000003,6,509.00000000000045,move,improve
9720,6,518.8000000000003,6,509.00000000000045,2opt,notBad
9721,6,519.8000000000003,6,509.00000000000045,swap,acceptBad
9722,6,519.8000000000003,6,509.00000000000045,2opt,notBad
9723,6,519.8000000000003,6,509.00000000000045,2opt,notBad
9724,6,519.8000000000003,6,509.00000000000045,2opt,notBad
9725,6,519.8000000000003,6,509.00000000000045,2opt,notBad
9726,6,519.8000000000003,6,509.00000000000045,swap,improve
9727,6,519.8000000000003,6,509.00000000000045,move,improve
9728,6,519.8000000000003,6,509.00000000000045,swap,improve
9729,6,519.8000000000003,6,509.00000000000045,swap,notBad
9730,6,519.8000000000003,6,509.00000000000045,move,improve
9731,6,519.8000000000003,6,509.00000000000045,2opt,notBad
9732,6,519.8000000000003,6,509.00000000000045,2opt,improve
9733,6,519.8000000000003,6,509.00000000000045,2opt,notBad
9734,6,519.8000000000003,6,509.00000000000045,2opt,notBad
9735,6,519.8000000000003,6,509.00000000000045,move,improve
9736,6,522.5000000000002,6,509.00000000000045,swap,acceptBad
9737,6,522.5000000000002,6,509.00000000000045,2opt,notBad
9738,6,522.5000000000002,6,509.00000000000045,2opt,improve
9739,6,522.5000000000002,6,509.00000000000045,2opt,notBad
9740,6,522.5000000000002,6,509.00000000000045,swap,notBad
9741,6,522.5000000000002,6,509.00000000000045,swap,improve
9742,6,522.5000000000002,6,509.00000000000045,2opt,notBad
9743,6,522.5000000000002,6,509.00000000000045,move,improve
9744,6,522.5000000000002,6,509.00000000000045,move,improve
9745,6,522.5000000000002,6,509.00000000000045,2opt,improve
9746,6,522.5000000000002,6,509.00000000000045,2opt,notBad
9747,6,522.5000000000002,6,509.00000000000045,move,improve
9748,6,522.5000000000002,6,509.00000000000045,move,improve
9749,6,522.5000000000002,6,509.00000000000045,swap,improve
9750,6,522.5000000000002,6,509.00000000000045,2opt,notBad
9751,6,522.5000000000002,6,509.00000000000045,2opt,notBad
9752,6,522.5000000000002,6,509.00000000000045,move,improve
9753,6,522.5000000000002,6,509.00000000000045,move,improve
9754,6,522.5000000000002,6,509.00000000000045,2opt,improve
9755,6,522.5000000000002,6,509.00000000000045,2opt,notBad
9756,6,522.5000000000002,6,509.00000000000045,2opt,improve
9757,6,522.5000000000002,6,509.00000000000045,swap,notBad
9758,6,522.5000000000002,6,509.00000000000045,2opt,notBad
9759,6,522.5000000000002,6,509.00000000000045,2opt,notBad
9760,6,522.5000000000002,6,509.00000000000045,2opt,improve
9761,6,522.5000000000002,6,509.00000000000045,2opt,improve
9762,6,522.5000000000002,6,509.00000000000045,move,improve
9763,6,522.5000000000002,6,509.00000000000045,swap,notBad
9764,6,522.5000000000002,6,509.00000000000045,2opt,notBad
9765,6,522.5000000000002,6,509.00000000000045,2opt,notBad
9766,6,522.5000000000002,6,509.00000000000045,move,improve
9767,6,522.5000000000002,6,509.00000000000045,swap,notBad
9768,6,522.5000000000002,6,509.00000000000045,swap,improve
9769,6,521.6000000000003,6,509.00000000000045,2opt,improve
9770,6,521.6000000000003,6,509.00000000000045,move,improve
9771,6,521.6000000000003,6,509.00000000000045,move,improve
9772,6,521.6000000000003,6,509.00000000000045,move,improve
9773,6,521.6000000000003,6,509.00000000000045,2opt,notBad
9774,6,521.6000000000003,6,509.00000000000045,2opt,notBad
9775,6,521.6000000000003,6,509.00000000000045,swap,notBad
9776,6,521.6000000000003,6,509.00000000000045,move,improve
9777,6,526.3000000000003,6,509.00000000000045,swap,acceptBad
9778,6,526.3000000000003,6,509.00000000000045,move,improve
9779,6,526.3000000000003,6,509.00000000000045,2opt,notBad
9780,6,526.3000000000003,6,509.00000000000045,swap,notBad
9781,6,526.3000000000003,6,509.00000000000045,swap,notBad
9782,6,526.3000000000003,6,509.00000000000045,swap,notBad
9783,6,526.3000000000003,6,509.00000000000045,move,improve
9784,6,526.3000000000003,6,509.00000000000045,swap,notBad
9785,6,526.3000000000003,6,509.00000000000045,move,improve
9786,6,526.3000000000003,6,509.00000000000045,2opt,improve
9787,6,526.3000000000003,6,509.00000000000045,2opt,notBad
9788,6,526.3000000000003,6,509.00000000000045,2opt,notBad
9789,6,526.3000000000003,6,509.00000000000045,2opt,notBad
9790,6,526.3000000000003,6,509.00000000000045,2opt,notBad
9791,6,526.3000000000003,6,509.00000000000045,2opt,notBad
9792,6,526.3000000000003,6,509.00000000000045,swap,notBad
9793,6,526.3000000000003,6,509.00000000000045,2opt,notBad
9794,6,526.3000000000003,6,509.00000000000045,2opt,notBad
9795,6,525.0000000000001,6,509.00000000000045,swap,improve
9796,6,525.0000000000001,6,509.00000000000045,move,improve
9797,6,525.0000000000001,6,509.00000000000045,2opt,notBad
9798,6,525.0000000000001,6,509.00000000000045,move,improve
9799,6,525.0000000000001,6,509.00000000000045,2opt,notBad
9800,6,525.0000000000001,6,509.00000000000045,swap,notBad
9801,6,525.0000000000001,6,509.00000000000045,swap,notBad
9802,6,525.0000000000001,6,509.00000000000045,2opt,improve
9803,6,525.0000000000001,6,509.00000000000045,move,improve
9804,6,525.0000000000001,6,509.00000000000045,swap,notBad
9805,6,525.0000000000001,6,509.00000000000045,2opt,improve
9806,6,525.0000000000001,6,509.00000000000045,move,improve
9807,6,524.1000000000001,6,509.00000000000045,swap,improve
9808,6,524.1000000000001,6,509.00000000000045,move,improve
9809,6,524.1000000000001,6,509.00000000000045,swap,improve
9810,6,524.1000000000001,6,509.00000000000045,move,improve
9811,6,524.1000000000001,6,509.00000000000045,move,improve
9812,6,524.1000000000001,6,509.00000000000045,move,improve
9813,6,524.1000000000001,6,509.00000000000045,swap,notBad
9814,6,525.4000000000003,6,509.00000000000045,swap,acceptBad
9815,6,525.4000000000003,6,509.00000000000045,2opt,notBad
9816,6,525.4000000000003,6,509.00000000000045,2opt,notBad
9817,6,525.4000000000003,6,509.00000000000045,2opt,improve
9818,6,525.4000000000003,6,509.00000000000045,swap,notBad
9819,6,525.4000000000003,6,509.00000000000045,move,improve
9820,6,525.4000000000003,6,509.00000000000045,2opt,notBad
9821,6,525.4000000000003,6,509.00000000000045,2opt,notBad
9822,6,525.4000000000003,6,509.00000000000045,swap,notBad
9823,6,525.4000000000003,6,509.00000000000045,swap,notBad
9824,6,525.4000000000003,6,509.00000000000045,move,improve
9825,6,525.4000000000003,6,509.00000000000045,move,improve
9826,6,525.4000000000003,6,509.00000000000045,move,improve
9827,6,525.4000000000003,6,509.00000000000045,2opt,notBad
9828,6,525.4000000000003,6,509.00000000000045,2opt,improve
9829,6,524.9000000000003,6,509.00000000000045,swap,improve
9830,6,524.9000000000003,6,509.00000000000045,swap,notBad
9831,6,524.9000000000003,6,509.00000000000045,move,improve
9832,6,524.9000000000003,6,509.00000000000045,2opt,notBad
9833,6,524.9000000000003,6,509.00000000000045,move,improve
9834,6,524.9000000000003,6,509.00000000000045,2opt,notBad
9835,6,524.9000000000003,6,509.00000000000045,move,improve
9836,6,524.9000000000003,6,509.00000000000045,move,improve
9837,6,524.9000000000003,6,509.00000000000045,2opt,notBad
9838,6,524.9000000000003,6,509.00000000000045,swap,notBad
9839,6,524.9000000000003,6,509.00000000000045,swap,notBad
9840,6,524.9000000000003,6,509.00000000000045,swap,notBad
9841,6,524.9000000000003,6,509.00000000000045,swap,notBad
9842,6,524.9000000000003,6,509.00000000000045,swap,notBad
9843,6,524.9000000000003,6,509.00000000000045,2opt,improve
9844,6,524.9000000000003,6,509.00000000000045,swap,notBad
9845,6,524.9000000000003,6,509.00000000000045,2opt,notBad
9846,6,512.1000000000004,6,509.00000000000045,swap,improve
9847,6,512.1000000000004,6,509.00000000000045,2opt,notBad
9848,6,512.1000000000004,6,509.00000000000045,swap,notBad
9849,6,512.1000000000004,6,509.00000000000045,swap,notBad
9850,6,512.1000000000004,6,509.00000000000045,swap,improve
9851,6,512.1000000000004,6,509.00000000000045,swap,notBad
9852,6,512.1000000000004,6,509.00000000000045,move,improve
9853,6,512.1000000000004,6,509.00000000000045,move,improve
9854,6,512.1000000000004,6,509.00000000000045,swap,notBad
9855,6,512.1000000000004,6,509.00000000000045,swap,notBad
9856,6,512.1000000000004,6,509.00000000000045,move,improve
9857,6,512.1000000000004,6,509.00000000000045,move,improve
9858,6,512.1000000000004,6,509.00000000000045,2opt,notBad
9859,6,512.1000000000004,6,509.00000000000045,move,improve
9860,6,512.1000000000004,6,509.00000000000045,2opt,improve
9861,6,512.1000000000004,6,509.00000000000045,swap,notBad
9862,6,512.1000000000004,6,509.00000000000045,2opt,notBad
9863,6,512.1000000000004,6,509.00000000000045,2opt,improve
9864,6,512.1000000000004,6,509.00000000000045,move,improve
9865,6,512.1000000000004,6,509.00000000000045,swap,notBad
9866,6,512.1000000000004,6,509.00000000000045,move,improve
9867,6,512.1000000000004,6,509.00000000000045,swap,notBad
9868,6,512.1000000000004,6,509.00000000000045,move,improve
9869,6,512.1000000000004,6,509.00000000000045,swap,notBad
9870,6,512.1000000000004,6,509.00000000000045,move,improve
9871,6,512.1000000000004,6,509.00000000000045,move,improve
9872,6,512.1000000000004,6,509.00000000000045,2opt,notBad
9873,6,512.0000000000002,6,509.00000000000045,swap,improve
9874,6,512.0000000000002,6,509.00000000000045,move,improve
9875,6,512.0000000000002,6,509.00000000000045,2opt,notBad
9876,6,512.0000000000002,6,509.00000000000045,2opt,notBad
9877,6,512.0000000000002,6,509.00000000000045,swap,improve
9878,6,512.0000000000002,6,509.00000000000045,2opt,notBad
9879,6,512.0000000000002,6,509.00000000000045,swap,notBad
9880,6,512.0000000000002,6,509.00000000000045,2opt,improve
9881,6,512.0000000000002,6,509.00000000000045,2opt,notBad
9882,6,512.0000000000002,6,509.00000000000045,2opt,improve
9883,6,512.0000000000002,6,509.00000000000045,swap,improve
9884,6,512.0000000000002,6,509.00000000000045,2opt,notBad
9885,6,512.0000000000002,6,509.00000000000045,2opt,notBad
9886,6,512.0000000000002,6,509.00000000000045,swap,notBad
9887,6,512.1000000000004,6,509.00000000000045,swap,acceptBad
9888,6,512.1000000000004,6,509.00000000000045,move,improve
9889,6,512.1000000000004,6,509.00000000000045,move,improve
9890,6,512.1000000000004,6,509.00000000000045,move,improve
9891,6,512.1000000000004,6,509.00000000000045,swap,notBad
9892,6,512.1000000000004,6,509.00000000000045,swap,improve
9893,6,512.1000000000004,6,509.00000000000045,swap,notBad
9894,6,512.1000000000004,6,509.00000000000045,swap,notBad
9895,6,512.1000000000004,6,509.00000000000045,2opt,notBad
9896,6,512.1000000000004,6,509.00000000000045,move,improve
9897,6,512.1000000000004,6,509.00000000000045,swap,notBad
9898,6,512.1000000000004,6,509.00000000000045,move,improve
9899,6,512.1000000000004,6,509.00000000000045,2opt,notBad
9900,6,512.1000000000004,6,509.00000000000045,swap,notBad
9901,6,512.1000000000004,6,509.00000000000045,move,improve
9902,6,512.1000000000004,6,509.00000000000045,move,improve
9903,6,512.1000000000004,6,509.00000000000045,2opt,notBad
9904,6,512.1000000000004,6,509.00000000000045,2opt,improve
9905,6,512.1000000000004,6,509.00000000000045,move,improve
9906,6,512.1000000000004,6,509.00000000000045,move,improve
9907,6,512.1000000000004,6,509.00000000000045,2opt,notBad
9908,6,512.1000000000004,6,509.00000000000045,move,improve
9909,6,512.1000000000004,6,509.00000000000045,swap,notBad
9910,6,512.1000000000004,6,509.00000000000045,move,improve
9911,6,512.1000000000004,6,509.00000000000045,2opt,notBad
9912,6,512.1000000000004,6,509.00000000000045,move,improve
9913,6,512.1000000000004,6,509.00000000000045,2opt,notBad
9914,6,512.1000000000004,6,509.00000000000045,2opt,notBad
9915,6,512.1000000000004,6,509.00000000000045,2opt,improve
9916,6,512.1000000000004,6,509.00000000000045,2opt,notBad
9917,6,512.1000000000004,6,509.00000000000045,swap,notBad
9918,6,512.1000000000004,6,509.00000000000045,move,improve
9919,6,512.1000000000004,6,509.00000000000045,2opt,notBad
9920,6,512.1000000000004,6,509.00000000000045,move,improve
9921,6,512.1000000000004,6,509.00000000000045,swap,improve
9922,6,512.1000000000004,6,509.00000000000045,move,improve
9923,6,512.1000000000004,6,509.00000000000045,move,improve
9924,6,512.1000000000004,6,509.00000000000045,swap,notBad
9925,6,512.1000000000004,6,509.00000000000045,swap,notBad
9926,6,512.1000000000004,6,509.00000000000045,2opt,notBad
9927,6,512.1000000000004,6,509.00000000000045,2opt,improve
9928,6,512.1000000000004,6,509.00000000000045,move,improve
9929,6,512.1000000000004,6,509.00000000000045,move,improve
9930,6,512.1000000000004,6,509.00000000000045,swap,improve
9931,6,512.1000000000004,6,509.00000000000045,move,improve
9932,6,512.1000000000004,6,509.00000000000045,move,improve
9933,6,512.1000000000004,6,509.00000000000045,move,improve
9934,6,512.1000000000004,6,509.00000000000045,move,improve
9935,6,512.1000000000004,6,509.00000000000045,2opt,notBad
9936,6,512.1000000000004,6,509.00000000000045,swap,notBad
9937,6,512.1000000000004,6,509.00000000000045,move,improve
9938,6,512.1000000000004,6,509.00000000000045,swap,notBad
9939,6,512.1000000000004,6,509.00000000000045,swap,notBad
9940,6,512.1000000000004,6,509.00000000000045,move,improve
9941,6,512.1000000000004,6,509.00000000000045,2opt,notBad
9942,6,512.1000000000004,6,509.00000000000045,2opt,notBad
9943,6,512.1000000000004,6,509.00000000000045,2opt,notBad
9944,6,512.1000000000004,6,509.00000000000045,2opt,improve
9945,6,512.1000000000004,6,509.00000000000045,move,improve
9946,6,512.1000000000004,6,509.00000000000045,swap,notBad
9947,6,512.1000000000004,6,509.00000000000045,move,improve
9948,6,512.1000000000004,6,509.00000000000045,2opt,notBad
9949,6,512.1000000000004,6,509.00000000000045,move,improve
9950,6,512.1000000000004,6,509.00000000000045,swap,notBad
9951,6,512.1000000000004,6,509.00000000000045,2opt,notBad
9952,6,512.1000000000004,6,509.00000000000045,2opt,notBad
9953,6,512.1000000000004,6,509.00000000000045,swap,improve
9954,6,512.1000000000004,6,509.00000000000045,swap,notBad
9955,6,512.1000000000004,6,509.00000000000045,move,improve
9956,6,512.1000000000004,6,509.00000000000045,move,improve
9957,6,512.1000000000004,6,509.00000000000045,move,improve
9958,6,512.1000000000004,6,509.00000000000045,move,improve
9959,6,512.1000000000004,6,509.00000000000045,swap,notBad
9960,6,512.1000000000004,6,509.00000000000045,move,improve
9961,6,512.1000000000004,6,509.00000000000045,swap,notBad
9962,6,512.1000000000004,6,509.00000000000045,move,improve
9963,6,512.1000000000004,6,509.00000000000045,2opt,improve
9964,6,512.1000000000004,6,509.00000000000045,2opt,improve
9965,6,512.1000000000004,6,509.00000000000045,move,improve
9966,6,512.1000000000004,6,509.00000000000045,2opt,notBad
9967,6,513.1000000000006,6,509.00000000000045,swap,acceptBad
9968,6,513.1000000000006,6,509.00000000000045,move,improve
9969,6,513.1000000000006,6,509.00000000000045,swap,notBad
9970,6,513.1000000000006,6,509.00000000000045,move,improve
9971,6,513.1000000000006,6,509.00000000000045,swap,improve
9972,6,513.1000000000006,6,509.00000000000045,swap,notBad
9973,6,513.1000000000006,6,509.00000000000045,2opt,notBad
9974,6,513.1000000000006,6,509.00000000000045,move,improve
9975,6,514.0000000000005,6,509.00000000000045,swap,acceptBad
9976,6,514.0000000000005,6,509.00000000000045,2opt,notBad
9977,6,514.0000000000005,6,509.00000000000045,move,improve
9978,6,514.0000000000005,6,509.00000000000045,move,improve
9979,6,514.0000000000005,6,509.00000000000045,move,improve
9980,6,514.0000000000005,6,509.00000000000045,2opt,notBad
9981,6,514.0000000000005,6,509.00000000000045,swap,notBad
9982,6,514.0000000000005,6,509.00000000000045,2opt,notBad
9983,6,514.0000000000005,6,509.00000000000045,swap,improve
9984,6,513.3000000000004,6,509.00000000000045,move,improve
9985,6,513.3000000000004,6,509.00000000000045,2opt,improve
9986,6,513.3000000000004,6,509.00000000000045,move,improve
9987,6,513.3000000000004,6,509.00000000000045,2opt,notBad
9988,6,513.3000000000004,6,509.00000000000045,swap,notBad
9989,6,513.3000000000004,6,509.00000000000045,swap,notBad
9990,6,513.3000000000004,6,509.00000000000045,2opt,notBad
9991,6,513.3000000000004,6,509.00000000000045,move,improve
9992,6,513.3000000000004,6,509.00000000000045,swap,notBad
9993,6,513.3000000000004,6,509.00000000000045,2opt,notBad
9994,6,513.3000000000004,6,509.00000000000045,2opt,notBad
9995,6,513.3000000000004,6,509.00000000000045,swap,notBad
9996,6,513.3000000000004,6,509.00000000000045,2opt,notBad
9997,6,513.3000000000004,6,509.00000000000045,move,improve
9998,6,513.3000000000004,6,509.00000000000045,2opt,notBad
9999,6,513.3000000000004,6,509.00000000000045,2opt,notBad
10000,6,513.3000000000004,6,509.00000000000045,2opt,notBad
10001,6,513.3000000000004,6,509.00000000000045,move,improve
10002,6,513.8000000000004,6,509.00000000000045,swap,acceptBad
10003,6,513.8000000000004,6,509.00000000000045,swap,notBad
10004,6,513.8000000000004,6,509.00000000000045,move,improve
10005,6,513.8000000000004,6,509.00000000000045,2opt,notBad
10006,6,513.8000000000004,6,509.00000000000045,swap,notBad
10007,6,513.8000000000004,6,509.00000000000045,2opt,notBad
10008,6,513.8000000000004,6,509.00000000000045,swap,notBad
10009,6,513.8000000000004,6,509.00000000000045,2opt,notBad
10010,6,513.8000000000004,6,509.00000000000045,2opt,improve
10011,6,513.8000000000004,6,509.00000000000045,move,improve
10012,6,513.8000000000004,6,509.00000000000045,2opt,notBad
10013,6,513.8000000000004,6,509.00000000000045,move,improve
10014,6,513.8000000000004,6,509.00000000000045,move,improve
10015,6,513.3000000000004,6,509.00000000000045,swap,improve
10016,6,513.3000000000004,6,509.00000000000045,swap,improve
10017,6,513.3000000000004,6,509.00000000000045,swap,improve
10018,6,513.3000000000004,6,509.00000000000045,move,improve
10019,6,513.3000000000004,6,509.00000000000045,swap,notBad
10020,6,513.3000000000004,6,509.00000000000045,2opt,notBad
10021,6,513.3000000000004,6,509.00000000000045,swap,notBad
10022,6,513.3000000000004,6,509.00000000000045,swap,notBad
10023,6,513.3000000000004,6,509.00000000000045,swap,notBad
10024,6,513.3000000000004,6,509.00000000000045,swap,notBad
10025,6,513.3000000000004,6,509.00000000000045,move,improve
10026,6,513.3000000000004,6,509.00000000000045,swap,notBad
10027,6,513.3000000000004,6,509.00000000000045,2opt,notBad
10028,6,513.3000000000004,6,509.00000000000045,swap,notBad
10029,6,513.3000000000004,6,509.00000000000045,move,improve
10030,6,513.3000000000004,6,509.00000000000045,swap,improve
10031,6,513.1000000000006,6,509.00000000000045,swap,improve
10032,6,513.1000000000006,6,509.00000000000045,move,improve
10033,6,513.1000000000006,6,509.00000000000045,2opt,improve
10034,6,513.1000000000006,6,509.00000000000045,move,improve
10035,6,513.1000000000006,6,509.00000000000045,move,improve
10036,6,513.1000000000006,6,509.00000000000045,move,improve
10037,6,513.1000000000006,6,509.00000000000045,swap,improve
10038,6,513.1000000000006,6,509.00000000000045,swap,notBad
10039,6,513.1000000000006,6,509.00000000000045,2opt,notBad
10040,6,513.1000000000006,6,509.00000000000045,2opt,notBad
10041,6,513.1000000000006,6,509.00000000000045,swap,notBad
10042,6,513.1000000000006,6,509.00000000000045,move,improve
10043,6,513.1000000000006,6,509.00000000000045,swap,notBad
10044,6,513.1000000000006,6,509.00000000000045,move,improve
10045,6,513.1000000000006,6,509.00000000000045,2opt,notBad
10046,6,513.1000000000006,6,509.00000000000045,2opt,improve
10047,6,513.1000000000006,6,509.00000000000045,2opt,notBad
10048,6,513.1000000000006,6,509.00000000000045,move,improve
10049,6,513.1000000000006,6,509.00000000000045,move,improve
10050,6,513.1000000000006,6,509.00000000000045,swap,improve
10051,6,513.1000000000006,6,509.00000000000045,2opt,improve
10052,6,513.1000000000006,6,509.00000000000045,swap,notBad
10053,6,513.1000000000006,6,509.00000000000045,move,improve
10054,6,513.1000000000006,6,509.00000000000045,swap,notBad
10055,6,513.1000000000006,6,509.00000000000045,2opt,notBad
10056,6,513.1000000000006,6,509.00000000000045,2opt,improve
10057,6,513.1000000000006,6,509.00000000000045,2opt,notBad
10058,6,513.1000000000006,6,509.00000000000045,move,improve
10059,6,513.1000000000006,6,509.00000000000045,move,improve
10060,6,513.3000000000004,6,509.00000000000045,swap,acceptBad
10061,6,513.3000000000004,6,509.00000000000045,swap,notBad
10062,6,513.3000000000004,6,509.00000000000045,move,improve
10063,6,513.3000000000004,6,509.00000000000045,move,improve
10064,6,513.3000000000004,6,509.00000000000045,2opt,improve
10065,6,513.3000000000004,6,509.00000000000045,move,improve
10066,6,513.3000000000004,6,509.00000000000045,move,improve
10067,6,513.3000000000004,6,509.00000000000045,move,improve
10068,6,513.3000000000004,6,509.00000000000045,2opt,notBad
10069,6,513.3000000000004,6,509.00000000000045,swap,notBad
10070,6,513.3000000000004,6,509.00000000000045,swap,notBad
10071,6,513.3000000000004,6,509.00000000000045,swap,improve
10072,6,513.3000000000004,6,509.00000000000045,move,improve
10073,6,513.3000000000004,6,509.00000000000045,2opt,notBad
10074,6,513.3000000000004,6,509.00000000000045,swap,notBad
10075,6,514.0000000000006,6,509.00000000000045,swap,acceptBad
10076,6,514.0000000000006,6,509.00000000000045,move,improve
10077,6,514.0000000000006,6,509.00000000000045,move,improve
10078,6,514.0000000000006,6,509.00000000000045,2opt,notBad
10079,6,514.0000000000006,6,509.00000000000045,swap,improve
10080,6,514.0000000000006,6,509.00000000000045,swap,notBad
10081,6,513.3000000000004,6,509.00000000000045,swap,improve
10082,6,513.3000000000004,6,509.00000000000045,move,notBad
10083,6,513.1000000000006,6,509.00000000000045,swap,improve
10084,6,513.1000000000006,6,509.00000000000045,2opt,improve
10085,6,513.1000000000006,6,509.00000000000045,move,improve
10086,6,513.1000000000006,6,509.00000000000045,2opt,improve
10087,6,513.6000000000001,6,509.00000000000045,2opt,acceptBad
10088,6,513.6000000000001,6,509.00000000000045,swap,improve
10089,6,513.6000000000001,6,509.00000000000045,swap,notBad
10090,6,513.6000000000001,6,509.00000000000045,swap,notBad
10091,6,513.6000000000001,6,509.00000000000045,swap,improve
10092,6,513.6000000000001,6,509.00000000000045,move,improve
10093,6,513.6000000000001,6,509.00000000000045,2opt,notBad
10094,6,513.6000000000001,6,509.00000000000045,move,improve
10095,6,513.6000000000001,6,509.00000000000045,move,improve
10096,6,513.6000000000001,6,509.00000000000045,2opt,notBad
10097,6,513.6000000000001,6,509.00000000000045,move,improve
10098,6,513.6000000000001,6,509.00000000000045,swap,improve
10099,6,513.6000000000001,6,509.00000000000045,move,improve
10100,6,513.6000000000001,6,509.00000000000045,move,improve
10101,6,513.6000000000001,6,509.00000000000045,move,improve
10102,6,513.6000000000001,6,509.00000000000045,move,improve
10103,6,513.6000000000001,6,509.00000000000045,2opt,notBad
10104,6,513.6000000000001,6,509.00000000000045,swap,notBad
10105,6,513.6000000000001,6,509.00000000000045,swap,improve
10106,6,513.6000000000001,6,509.00000000000045,2opt,improve
10107,6,513.6000000000001,6,509.00000000000045,2opt,notBad
10108,6,513.6000000000001,6,509.00000000000045,2opt,improve
10109,6,513.6000000000001,6,509.00000000000045,swap,notBad
10110,6,513.6000000000001,6,509.00000000000045,move,improve
10111,6,513.6000000000001,6,509.00000000000045,2opt,notBad
10112,6,513.6000000000001,6,509.00000000000045,2opt,notBad
10113,6,514.4000000000001,6,509.00000000000045,swap,acceptBad
10114,6,514.4000000000001,6,509.00000000000045,2opt,notBad
10115,6,514.4000000000001,6,509.00000000000045,2opt,notBad
10116,6,514.4000000000001,6,509.00000000000045,swap,notBad
10117,6,514.4000000000001,6,509.00000000000045,swap,notBad
10118,6,514.4000000000001,6,509.00000000000045,2opt,notBad
10119,6,514.4000000000001,6,509.00000000000045,move,improve
10120,6,514.4000000000001,6,509.00000000000045,move,improve
10121,6,514.4000000000001,6,509.00000000000045,swap,notBad
10122,6,514.4000000000001,6,509.00000000000045,swap,notBad
10123,6,514.4000000000001,6,509.00000000000045,2opt,notBad
10124,6,514.4000000000001,6,509.00000000000045,move,improve
10125,6,514.4000000000001,6,509.00000000000045,2opt,improve
10126,6,514.4000000000001,6,509.00000000000045,2opt,notBad
10127,6,514.4000000000001,6,509.00000000000045,swap,notBad
10128,6,514.4000000000001,6,509.00000000000045,2opt,improve
10129,6,514.4000000000001,6,509.00000000000045,swap,notBad
10130,6,514.4000000000001,6,509.00000000000045,swap,notBad
10131,6,514.4000000000001,6,509.00000000000045,2opt,notBad
10132,6,514.4000000000001,6,509.00000000000045,swap,notBad
10133,6,514.4000000000001,6,509.00000000000045,2opt,notBad
10134,6,514.4000000000001,6,509.00000000000045,move,improve
10135,6,514.4000000000001,6,509.00000000000045,move,improve
10136,6,514.4000000000001,6,509.00000000000045,2opt,improve
10137,6,514.4000000000001,6,509.00000000000045,move,improve
10138,6,514.4000000000001,6,509.00000000000045,swap,notBad
10139,6,514.4000000000001,6,509.00000000000045,move,improve
10140,6,514.4000000000001,6,509.00000000000045,move,improve
10141,6,514.4000000000001,6,509.00000000000045,move,improve
10142,6,514.4000000000001,6,509.00000000000045,swap,notBad
10143,6,514.4000000000001,6,509.00000000000045,2opt,notBad
10144,6,514.4000000000001,6,509.00000000000045,move,notBad
10145,6,514.4000000000001,6,509.00000000000045,2opt,notBad
10146,6,514.4000000000001,6,509.00000000000045,2opt,notBad
10147,6,514.4000000000001,6,509.00000000000045,swap,notBad
10148,6,516.4000000000005,6,509.00000000000045,swap,acceptBad
10149,6,516.4000000000005,6,509.00000000000045,move,improve
10150,6,516.4000000000005,6,509.00000000000045,swap,notBad
10151,6,516.4000000000005,6,509.00000000000045,swap,notBad
10152,6,516.4000000000005,6,509.00000000000045,move,improve
10153,6,516.4000000000005,6,509.00000000000045,move,improve
10154,6,516.4000000000005,6,509.00000000000045,2opt,improve
10155,6,516.4000000000005,6,509.00000000000045,move,improve
10156,6,516.4000000000005,6,509.00000000000045,swap,notBad
10157,6,516.4000000000005,6,509.00000000000045,move,improve
10158,6,516.4000000000005,6,509.00000000000045,2opt,improve
10159,6,516.4000000000005,6,509.00000000000045,2opt,improve
10160,6,516.4000000000005,6,509.00000000000045,swap,notBad
10161,6,516.4000000000005,6,509.00000000000045,swap,notBad
10162,6,516.4000000000005,6,509.00000000000045,swap,notBad
10163,6,516.4000000000005,6,509.00000000000045,move,improve
10164,6,516.4000000000005,6,509.00000000000045,move,improve
10165,6,516.4000000000005,6,509.00000000000045,2opt,improve
10166,6,516.4000000000005,6,509.00000000000045,swap,notBad
10167,6,516.4000000000005,6,509.00000000000045,move,improve
10168,6,516.4000000000005,6,509.00000000000045,swap,improve
10169,6,516.4000000000005,6,509.00000000000045,move,improve
10170,6,517.5000000000007,6,509.00000000000045,swap,acceptBad
10171,6,517.5000000000007,6,509.00000000000045,move,improve
10172,6,517.5000000000007,6,509.00000000000045,swap,notBad
10173,6,517.5000000000007,6,509.00000000000045,2opt,improve
10174,6,517.5000000000007,6,509.00000000000045,swap,notBad
10175,6,517.5000000000007,6,509.00000000000045,2opt,notBad
10176,6,517.5000000000007,6,509.00000000000045,move,improve
10177,6,517.5000000000007,6,509.00000000000045,swap,notBad
10178,6,517.5000000000007,6,509.00000000000045,swap,notBad
10179,6,517.5000000000007,6,509.00000000000045,2opt,notBad
10180,6,517.5000000000007,6,509.00000000000045,swap,notBad
10181,6,517.5000000000007,6,509.00000000000045,swap,notBad
10182,6,517.5000000000007,6,509.00000000000045,2opt,notBad
10183,6,516.8000000000008,6,509.00000000000045,swap,improve
10184,6,516.8000000000008,6,509.00000000000045,swap,notBad
10185,6,516.8000000000008,6,509.00000000000045,move,improve
10186,6,516.8000000000008,6,509.00000000000045,move,improve
10187,6,516.8000000000008,6,509.00000000000045,swap,improve
10188,6,516.8000000000008,6,509.00000000000045,swap,notBad
10189,6,516.8000000000008,6,509.00000000000045,swap,improve
10190,6,516.8000000000008,6,509.00000000000045,2opt,notBad
10191,6,516.8000000000008,6,509.00000000000045,2opt,notBad
10192,6,516.8000000000008,6,509.00000000000045,swap,notBad
10193,6,516.8000000000008,6,509.00000000000045,swap,notBad
10194,6,516.8000000000008,6,509.00000000000045,swap,notBad
10195,6,516.8000000000008,6,509.00000000000045,move,improve
10196,6,516.8000000000008,6,509.00000000000045,2opt,improve
10197,6,516.8000000000008,6,509.00000000000045,move,improve
10198,6,516.8000000000008,6,509.00000000000045,swap,notBad
10199,6,516.8000000000008,6,509.00000000000045,2opt,improve
10200,6,516.8000000000008,6,509.00000000000045,2opt,notBad
10201,6,516.8000000000008,6,509.00000000000045,swap,improve
10202,6,516.8000000000008,6,509.00000000000045,swap,notBad
10203,6,516.8000000000008,6,509.00000000000045,swap,improve
10204,6,516.8000000000008,6,509.00000000000045,swap,notBad
10205,6,516.8000000000008,6,509.00000000000045,move,improve
10206,6,516.8000000000008,6,509.00000000000045,2opt,notBad
10207,6,516.8000000000008,6,509.00000000000045,swap,notBad
10208,6,516.8000000000008,6,509.00000000000045,move,improve
10209,6,516.8000000000008,6,509.00000000000045,move,improve
10210,6,516.8000000000008,6,509.00000000000045,2opt,notBad
10211,6,516.8000000000008,6,509.00000000000045,swap,notBad
10212,6,516.8000000000008,6,509.00000000000045,swap,notBad
10213,6,516.8000000000008,6,509.00000000000045,move,improve
10214,6,517.5000000000007,6,509.00000000000045,swap,acceptBad
10215,6,517.5000000000007,6,509.00000000000045,2opt,improve
10216,6,517.5000000000007,6,509.00000000000045,move,improve
10217,6,517.5000000000007,6,509.00000000000045,move,improve
10218,6,517.5000000000007,6,509.00000000000045,move,improve
10219,6,517.5000000000007,6,509.00000000000045,move,improve
10220,6,516.8000000000008,6,509.00000000000045,2opt,improve
10221,6,516.8000000000008,6,509.00000000000045,2opt,notBad
10222,6,516.8000000000008,6,509.00000000000045,2opt,improve
10223,6,516.8000000000008,6,509.00000000000045,swap,notBad
10224,6,516.8000000000008,6,509.00000000000045,swap,notBad
10225,6,516.8000000000008,6,509.00000000000045,move,improve
10226,6,516.8000000000008,6,509.00000000000045,move,improve
10227,6,516.8000000000008,6,509.00000000000045,2opt,improve
10228,6,516.8000000000008,6,509.00000000000045,2opt,notBad
10229,6,516.8000000000008,6,509.00000000000045,swap,improve
10230,6,516.8000000000008,6,509.00000000000045,2opt,notBad
10231,6,516.8000000000008,6,509.00000000000045,2opt,notBad
10232,6,516.8000000000008,6,509.00000000000045,2opt,notBad
10233,6,516.8000000000008,6,509.00000000000045,move,improve
10234,6,516.8000000000008,6,509.00000000000045,move,improve
10235,6,516.8000000000008,6,509.00000000000045,move,improve
10236,6,516.8000000000008,6,509.00000000000045,move,improve
10237,6,516.8000000000008,6,509.00000000000045,move,improve
10238,6,516.8000000000008,6,509.00000000000045,2opt,notBad
10239,6,516.8000000000008,6,509.00000000000045,swap,notBad
10240,6,516.8000000000008,6,509.00000000000045,move,improve
10241,6,516.8000000000008,6,509.00000000000045,2opt,improve
10242,6,516.8000000000008,6,509.00000000000045,swap,notBad
10243,6,516.8000000000008,6,509.00000000000045,move,improve
10244,6,517.5000000000007,6,509.00000000000045,swap,acceptBad
10245,6,517.5000000000007,6,509.00000000000045,move,improve
10246,6,517.5000000000007,6,509.00000000000045,2opt,notBad
10247,6,517.5000000000007,6,509.00000000000045,2opt,notBad
10248,6,517.5000000000007,6,509.00000000000045,move,improve
10249,6,517.5000000000007,6,509.00000000000045,2opt,notBad
10250,6,517.5000000000007,6,509.00000000000045,move,improve
10251,6,517.5000000000007,6,509.00000000000045,move,improve
10252,6,517.5000000000007,6,509.00000000000045,2opt,notBad
10253,6,517.5000000000007,6,509.00000000000045,swap,notBad
10254,6,517.5000000000007,6,509.00000000000045,2opt,notBad
10255,6,517.5000000000007,6,509.00000000000045,swap,notBad
10256,6,517.5000000000007,6,509.00000000000045,2opt,notBad
10257,6,517.5000000000007,6,509.00000000000045,2opt,notBad
10258,6,517.5000000000007,6,509.00000000000045,2opt,notBad
10259,6,517.5000000000007,6,509.00000000000045,move,improve
10260,6,517.5000000000007,6,509.00000000000045,move,improve
10261,6,517.5000000000007,6,509.00000000000045,swap,notBad
10262,6,517.5000000000007,6,509.00000000000045,2opt,notBad
10263,6,517.5000000000007,6,509.00000000000045,swap,notBad
10264,6,517.5000000000007,6,509.00000000000045,move,improve
10265,6,517.5000000000007,6,509.00000000000045,move,improve
10266,6,517.5000000000007,6,509.00000000000045,2opt,notBad
10267,6,517.5000000000007,6,509.00000000000045,2opt,notBad
10268,6,517.5000000000007,6,509.00000000000045,2opt,notBad
10269,6,517.5000000000007,6,509.00000000000045,move,improve
10270,6,517.5000000000007,6,509.00000000000045,2opt,notBad
10271,6,517.5000000000007,6,509.00000000000045,2opt,notBad
10272,6,517.5000000000007,6,509.00000000000045,move,improve
10273,6,517.5000000000007,6,509.00000000000045,2opt,notBad
10274,6,517.5000000000007,6,509.00000000000045,swap,improve
10275,6,517.5000000000007,6,509.00000000000045,swap,notBad
10276,6,517.5000000000007,6,509.00000000000045,move,improve
10277,6,517.5000000000007,6,509.00000000000045,move,improve
10278,6,516.1000000000006,6,509.00000000000045,2opt,improve
10279,6,516.1000000000006,6,509.00000000000045,move,notBad
10280,6,516.1000000000006,6,509.00000000000045,2opt,improve
10281,6,516.1000000000006,6,509.00000000000045,2opt,improve
10282,6,516.1000000000006,6,509.00000000000045,swap,notBad
10283,6,516.1000000000006,6,509.00000000000045,2opt,notBad
10284,6,516.1000000000006,6,509.00000000000045,move,improve
10285,6,516.1000000000006,6,509.00000000000045,swap,notBad
10286,6,516.1000000000006,6,509.00000000000045,move,improve
10287,6,516.1000000000006,6,509.00000000000045,swap,notBad
10288,6,516.1000000000006,6,509.00000000000045,swap,notBad
10289,6,516.1000000000006,6,509.00000000000045,move,improve
10290,6,516.1000000000006,6,509.00000000000045,move,improve
10291,6,516.1000000000006,6,509.00000000000045,swap,improve
10292,6,516.1000000000006,6,509.00000000000045,2opt,notBad
10293,6,516.1000000000006,6,509.00000000000045,2opt,notBad
10294,6,516.1000000000006,6,509.00000000000045,move,improve
10295,6,516.1000000000006,6,509.00000000000045,move,improve
10296,6,516.1000000000006,6,509.00000000000045,2opt,notBad
10297,6,516.1000000000006,6,509.00000000000045,swap,notBad
10298,6,516.1000000000006,6,509.00000000000045,2opt,notBad
10299,6,516.1000000000006,6,509.00000000000045,swap,notBad
10300,6,516.1000000000006,6,509.00000000000045,move,improve
10301,6,516.1000000000006,6,509.00000000000045,2opt,notBad
10302,6,516.1000000000006,6,509.00000000000045,move,improve
10303,6,516.1000000000006,6,509.00000000000045,2opt,notBad
10304,6,516.1000000000006,6,509.00000000000045,move,improve
10305,6,516.1000000000006,6,509.00000000000045,2opt,notBad
10306,6,516.1000000000006,6,509.00000000000045,2opt,notBad
10307,6,516.1000000000006,6,509.00000000000045,move,improve
10308,6,516.1000000000006,6,509.00000000000045,2opt,improve
10309,6,516.1000000000006,6,509.00000000000045,2opt,notBad
10310,6,516.1000000000006,6,509.00000000000045,swap,improve
10311,6,516.1000000000006,6,509.00000000000045,swap,notBad
10312,6,516.1000000000006,6,509.00000000000045,2opt,notBad
10313,6,516.1000000000006,6,509.00000000000045,move,improve
10314,6,516.1000000000006,6,509.00000000000045,swap,notBad
10315,6,516.1000000000006,6,509.00000000000045,move,improve
10316,6,516.1000000000006,6,509.00000000000045,move,improve
10317,6,516.1000000000006,6,509.00000000000045,move,improve
10318,6,516.1000000000006,6,509.00000000000045,swap,notBad
10319,6,516.1000000000006,6,509.00000000000045,swap,notBad
10320,6,516.1000000000006,6,509.00000000000045,2opt,notBad
10321,6,516.1000000000006,6,509.00000000000045,swap,notBad
10322,6,516.1000000000006,6,509.00000000000045,move,improve
10323,6,516.1000000000006,6,509.00000000000045,move,improve
10324,6,516.1000000000006,6,509.00000000000045,swap,notBad
10325,6,516.1000000000006,6,509.00000000000045,move,improve
10326,6,516.1000000000006,6,509.00000000000045,move,improve
10327,6,516.1000000000006,6,509.00000000000045,move,improve
10328,6,516.1000000000006,6,509.00000000000045,2opt,notBad
10329,6,516.1000000000006,6,509.00000000000045,2opt,notBad
10330,6,516.1000000000006,6,509.00000000000045,move,improve
10331,6,516.1000000000006,6,509.00000000000045,swap,improve
10332,6,516.1000000000006,6,509.00000000000045,2opt,improve
10333,6,516.1000000000006,6,509.00000000000045,move,improve
10334,6,516.1000000000006,6,509.00000000000045,2opt,improve
10335,6,516.1000000000006,6,509.00000000000045,move,improve
10336,6,516.1000000000006,6,509.00000000000045,move,improve
10337,6,516.1000000000006,6,509.00000000000045,2opt,improve
10338,6,516.1000000000006,6,509.00000000000045,2opt,improve
10339,6,516.1000000000006,6,509.00000000000045,2opt,notBad
10340,6,516.1000000000006,6,509.00000000000045,move,improve
10341,6,516.1000000000006,6,509.00000000000045,move,improve
10342,6,516.1000000000006,6,509.00000000000045,move,notBad
10343,6,516.1000000000006,6,509.00000000000045,move,improve
10344,6,516.1000000000006,6,509.00000000000045,2opt,improve
10345,6,516.1000000000006,6,509.00000000000045,swap,improve
10346,6,516.1000000000006,6,509.00000000000045,move,improve
10347,6,516.1000000000006,6,509.00000000000045,2opt,notBad
10348,6,516.1000000000006,6,509.00000000000045,swap,notBad
10349,6,516.1000000000006,6,509.00000000000045,move,improve
10350,6,516.1000000000006,6,509.00000000000045,move,improve
10351,6,516.1000000000006,6,509.00000000000045,2opt,improve
10352,6,516.1000000000006,6,509.00000000000045,move,improve
10353,6,516.1000000000006,6,509.00000000000045,2opt,notBad
10354,6,516.1000000000006,6,509.00000000000045,swap,improve
10355,6,516.1000000000006,6,509.00000000000045,2opt,notBad
10356,6,516.1000000000006,6,509.00000000000045,swap,notBad
10357,6,516.1000000000006,6,509.00000000000045,2opt,improve
10358,6,516.1000000000006,6,509.00000000000045,2opt,improve
10359,6,516.1000000000006,6,509.00000000000045,2opt,improve
10360,6,516.1000000000006,6,509.00000000000045,move,improve
10361,6,516.1000000000006,6,509.00000000000045,swap,notBad
10362,6,516.1000000000006,6,509.00000000000045,2opt,notBad
10363,6,516.1000000000006,6,509.00000000000045,swap,notBad
10364,6,516.1000000000006,6,509.00000000000045,swap,improve
10365,6,516.1000000000006,6,509.00000000000045,move,improve
10366,6,516.1000000000006,6,509.00000000000045,move,improve
10367,6,516.1000000000006,6,509.00000000000045,swap,notBad
10368,6,516.1000000000006,6,509.00000000000045,2opt,notBad
10369,6,516.1000000000006,6,509.00000000000045,2opt,notBad
10370,6,516.1000000000006,6,509.00000000000045,move,improve
10371,6,516.1000000000006,6,509.00000000000045,swap,notBad
10372,6,516.1000000000006,6,509.00000000000045,swap,improve
10373,6,516.1000000000006,6,509.00000000000045,swap,improve
10374,6,516.1000000000006,6,509.00000000000045,swap,notBad
10375,6,516.1000000000006,6,509.00000000000045,swap,improve
10376,6,516.1000000000006,6,509.00000000000045,2opt,notBad
10377,6,516.1000000000006,6,509.00000000000045,2opt,notBad
10378,6,516.1000000000006,6,509.00000000000045,swap,notBad
10379,6,516.1000000000006,6,509.00000000000045,swap,notBad
10380,6,516.1000000000006,6,509.00000000000045,2opt,improve
10381,6,516.1000000000006,6,509.00000000000045,move,improve
10382,6,516.1000000000006,6,509.00000000000045,2opt,improve
10383,6,516.1000000000006,6,509.00000000000045,swap,notBad
10384,6,516.1000000000006,6,509.00000000000045,move,improve
10385,6,516.1000000000006,6,509.00000000000045,2opt,improve
10386,6,516.1000000000006,6,509.00000000000045,move,improve
10387,6,516.1000000000006,6,509.00000000000045,swap,notBad
10388,6,516.1000000000006,6,509.00000000000045,2opt,notBad
10389,6,516.1000000000006,6,509.00000000000045,move,improve
10390,6,516.1000000000006,6,509.00000000000045,move,improve
10391,6,516.1000000000006,6,509.00000000000045,move,improve
10392,6,516.1000000000006,6,509.00000000000045,move,improve
10393,6,516.1000000000006,6,509.00000000000045,2opt,notBad
10394,6,516.1000000000006,6,509.00000000000045,2opt,notBad
10395,6,516.1000000000006,6,509.00000000000045,2opt,notBad
10396,6,516.1000000000006,6,509.00000000000045,swap,notBad
10397,6,516.1000000000006,6,509.00000000000045,2opt,notBad
10398,6,516.1000000000006,6,509.00000000000045,swap,improve
10399,6,516.1000000000006,6,509.00000000000045,2opt,notBad
10400,6,516.1000000000006,6,509.00000000000045,swap,improve
10401,6,516.1000000000006,6,509.00000000000045,swap,notBad
10402,6,516.1000000000006,6,509.00000000000045,swap,notBad
10403,6,516.1000000000006,6,509.00000000000045,2opt,notBad
10404,6,516.1000000000006,6,509.00000000000045,move,improve
10405,6,516.1000000000006,6,509.00000000000045,move,improve
10406,6,516.1000000000006,6,509.00000000000045,move,improve
10407,6,516.1000000000006,6,509.00000000000045,2opt,notBad
10408,6,516.1000000000006,6,509.00000000000045,move,improve
10409,6,516.1000000000006,6,509.00000000000045,2opt,notBad
10410,6,516.1000000000006,6,509.00000000000045,2opt,improve
10411,6,516.1000000000006,6,509.00000000000045,move,improve
10412,6,516.1000000000006,6,509.00000000000045,move,improve
10413,6,516.1000000000006,6,509.00000000000045,move,improve
10414,6,516.1000000000006,6,509.00000000000045,move,improve
10415,6,516.1000000000006,6,509.00000000000045,swap,improve
10416,6,516.1000000000006,6,509.00000000000045,move,improve
10417,6,516.1000000000006,6,509.00000000000045,swap,notBad
10418,6,516.1000000000006,6,509.00000000000045,move,improve
10419,6,516.1000000000006,6,509.00000000000045,2opt,notBad
10420,6,516.1000000000006,6,509.00000000000045,move,improve
10421,6,516.1000000000006,6,509.00000000000045,2opt,improve
10422,6,516.1000000000006,6,509.00000000000045,swap,notBad
10423,6,516.1000000000006,6,509.00000000000045,2opt,notBad
10424,6,516.1000000000006,6,509.00000000000045,2opt,notBad
10425,6,516.1000000000006,6,509.00000000000045,move,improve
10426,6,516.1000000000006,6,509.00000000000045,swap,notBad
10427,6,516.1000000000006,6,509.00000000000045,swap,improve
10428,6,516.1000000000006,6,509.00000000000045,2opt,improve
10429,6,516.1000000000006,6,509.00000000000045,2opt,notBad
10430,6,516.1000000000006,6,509.00000000000045,move,improve
10431,6,516.1000000000006,6,509.00000000000045,move,improve
10432,6,516.1000000000006,6,509.00000000000045,swap,notBad
10433,6,516.1000000000006,6,509.00000000000045,move,improve
10434,6,516.1000000000006,6,509.00000000000045,move,improve
10435,6,516.1000000000006,6,509.00000000000045,move,improve
10436,6,516.1000000000006,6,509.00000000000045,move,improve
10437,6,516.1000000000006,6,509.00000000000045,move,improve
10438,6,516.1000000000006,6,509.00000000000045,move,improve
10439,6,516.1000000000006,6,509.00000000000045,swap,notBad
10440,6,516.1000000000006,6,509.00000000000045,swap,notBad
10441,6,516.1000000000006,6,509.00000000000045,move,improve
10442,6,516.1000000000006,6,509.00000000000045,move,improve
10443,6,516.1000000000006,6,509.00000000000045,swap,improve
10444,6,516.1000000000006,6,509.00000000000045,swap,notBad
10445,6,516.1000000000006,6,509.00000000000045,swap,notBad
10446,6,516.1000000000006,6,509.00000000000045,2opt,notBad
10447,6,516.1000000000006,6,509.00000000000045,2opt,notBad
10448,6,516.1000000000006,6,509.00000000000045,move,improve
10449,6,516.1000000000006,6,509.00000000000045,2opt,notBad
10450,6,516.1000000000006,6,509.00000000000045,2opt,improve
10451,6,516.1000000000006,6,509.00000000000045,move,improve
10452,6,516.1000000000006,6,509.00000000000045,move,improve
10453,6,516.1000000000006,6,509.00000000000045,swap,notBad
10454,6,516.1000000000006,6,509.00000000000045,move,notBad
10455,6,516.1000000000006,6,509.00000000000045,swap,notBad
10456,6,516.1000000000006,6,509.00000000000045,2opt,notBad
10457,6,516.1000000000006,6,509.00000000000045,2opt,notBad
10458,6,516.1000000000006,6,509.00000000000045,move,improve
10459,6,516.1000000000006,6,509.00000000000045,2opt,notBad
10460,6,516.1000000000006,6,509.00000000000045,swap,notBad
10461,6,516.1000000000006,6,509.00000000000045,2opt,notBad
10462,6,516.1000000000006,6,509.00000000000045,move,improve
10463,6,516.1000000000006,6,509.00000000000045,2opt,improve
10464,6,516.1000000000006,6,509.00000000000045,move,improve
10465,6,516.1000000000006,6,509.00000000000045,2opt,notBad
10466,6,516.1000000000006,6,509.00000000000045,move,improve
10467,6,516.1000000000006,6,509.00000000000045,swap,improve
10468,6,516.1000000000006,6,509.00000000000045,move,improve
10469,6,516.1000000000006,6,509.00000000000045,2opt,notBad
10470,6,516.1000000000006,6,509.00000000000045,swap,notBad
10471,6,516.1000000000006,6,509.00000000000045,swap,notBad
10472,6,516.1000000000006,6,509.00000000000045,move,improve
10473,6,516.1000000000006,6,509.00000000000045,2opt,notBad
10474,6,516.1000000000006,6,509.00000000000045,move,improve
10475,6,516.1000000000006,6,509.00000000000045,move,improve
10476,6,517.3000000000006,6,509.00000000000045,swap,acceptBad
10477,6,517.3000000000006,6,509.00000000000045,2opt,notBad
10478,6,517.3000000000006,6,509.00000000000045,move,improve
10479,6,517.3000000000006,6,509.00000000000045,swap,notBad
10480,6,517.3000000000006,6,509.00000000000045,2opt,notBad
10481,6,517.3000000000006,6,509.00000000000045,move,improve
10482,6,517.3000000000006,6,509.00000000000045,2opt,notBad
10483,6,517.3000000000006,6,509.00000000000045,swap,notBad
10484,6,517.3000000000006,6,509.00000000000045,swap,notBad
10485,6,517.3000000000006,6,509.00000000000045,2opt,improve
10486,6,517.3000000000006,6,509.00000000000045,swap,notBad
10487,6,517.3000000000006,6,509.00000000000045,2opt,notBad
10488,6,517.3000000000006,6,509.00000000000045,move,improve
10489,6,517.3000000000006,6,509.00000000000045,move,improve
10490,6,517.3000000000006,6,509.00000000000045,move,improve
10491,6,517.3000000000006,6,509.00000000000045,swap,notBad
10492,6,517.3000000000006,6,509.00000000000045,2opt,notBad
10493,6,517.3000000000006,6,509.00000000000045,2opt,notBad
10494,6,517.3000000000006,6,509.00000000000045,swap,notBad
10495,6,516.1000000000006,6,509.00000000000045,move,improve
10496,6,516.1000000000006,6,509.00000000000045,2opt,notBad
10497,6,516.1000000000006,6,509.00000000000045,2opt,notBad
10498,6,516.1000000000006,6,509.00000000000045,move,improve
10499,6,516.1000000000006,6,509.00000000000045,swap,notBad
10500,6,516.1000000000006,6,509.00000000000045,2opt,notBad
10501,6,516.1000000000006,6,509.00000000000045,2opt,notBad
10502,6,516.1000000000006,6,509.00000000000045,swap,notBad
10503,6,516.1000000000006,6,509.00000000000045,move,improve
10504,6,516.1000000000006,6,509.00000000000045,2opt,notBad
10505,6,516.1000000000006,6,509.00000000000045,move,improve
10506,6,516.1000000000006,6,509.00000000000045,2opt,notBad
10507,6,516.1000000000006,6,509.00000000000045,2opt,notBad
10508,6,516.1000000000006,6,509.00000000000045,move,improve
10509,6,516.1000000000006,6,509.00000000000045,swap,improve
10510,6,516.1000000000006,6,509.00000000000045,swap,notBad
10511,6,516.1000000000006,6,509.00000000000045,move,improve
10512,6,516.1000000000006,6,509.00000000000045,2opt,notBad
10513,6,516.1000000000006,6,509.00000000000045,2opt,improve
10514,6,516.1000000000006,6,509.00000000000045,2opt,notBad
10515,6,516.1000000000006,6,509.00000000000045,2opt,notBad
10516,6,516.1000000000006,6,509.00000000000045,swap,notBad
10517,6,516.1000000000006,6,509.00000000000045,swap,notBad
10518,6,516.1000000000006,6,509.00000000000045,2opt,notBad
10519,6,516.1000000000006,6,509.00000000000045,2opt,notBad
10520,6,516.1000000000006,6,509.00000000000045,swap,improve
10521,6,516.1000000000006,6,509.00000000000045,swap,notBad
10522,6,516.1000000000006,6,509.00000000000045,2opt,notBad
10523,6,517.3000000000006,6,509.00000000000045,swap,acceptBad
10524,6,517.3000000000006,6,509.00000000000045,swap,notBad
10525,6,519.6000000000006,6,509.00000000000045,swap,acceptBad
10526,6,519.6000000000006,6,509.00000000000045,swap,notBad
10527,6,519.6000000000006,6,509.00000000000045,move,improve
10528,6,519.6000000000006,6,509.00000000000045,swap,notBad
10529,6,519.6000000000006,6,509.00000000000045,move,improve
10530,6,519.7000000000003,6,509.00000000000045,swap,acceptBad
10531,6,519.7000000000003,6,509.00000000000045,swap,notBad
10532,6,519.7000000000003,6,509.00000000000045,2opt,improve
10533,6,519.7000000000003,6,509.00000000000045,swap,improve
10534,6,519.7000000000003,6,509.00000000000045,swap,notBad
10535,6,522.0000000000002,6,509.00000000000045,swap,acceptBad
10536,6,522.0000000000002,6,509.00000000000045,swap,notBad
10537,6,522.0000000000002,6,509.00000000000045,move,improve
10538,6,522.0000000000002,6,509.00000000000045,2opt,notBad
10539,6,522.0000000000002,6,509.00000000000045,2opt,notBad
10540,6,519.7000000000003,6,509.00000000000045,swap,improve
10541,6,519.7000000000003,6,509.00000000000045,2opt,improve
10542,6,519.7000000000003,6,509.00000000000045,swap,notBad
10543,6,519.7000000000003,6,509.00000000000045,move,improve
10544,6,519.7000000000003,6,509.00000000000045,move,improve
10545,6,519.7000000000003,6,509.00000000000045,swap,notBad
10546,6,519.7000000000003,6,509.00000000000045,move,improve
10547,6,519.7000000000003,6,509.00000000000045,move,improve
10548,6,519.7000000000003,6,509.00000000000045,move,improve
10549,6,519.7000000000003,6,509.00000000000045,swap,notBad
10550,6,519.7000000000003,6,509.00000000000045,2opt,notBad
10551,6,516.5000000000002,6,509.00000000000045,swap,improve
10552,6,516.5000000000002,6,509.00000000000045,move,improve
10553,6,516.5000000000002,6,509.00000000000045,swap,notBad
10554,6,516.5000000000002,6,509.00000000000045,2opt,notBad
10555,6,516.5000000000002,6,509.00000000000045,move,improve
10556,6,516.5000000000002,6,509.00000000000045,swap,notBad
10557,6,516.5000000000002,6,509.00000000000045,2opt,notBad
10558,6,516.5000000000002,6,509.00000000000045,2opt,notBad
10559,6,516.5000000000002,6,509.00000000000045,2opt,notBad
10560,6,516.5000000000002,6,509.00000000000045,move,improve
10561,6,516.5000000000002,6,509.00000000000045,swap,notBad
10562,6,516.5000000000002,6,509.00000000000045,2opt,notBad
10563,6,516.5000000000002,6,509.00000000000045,swap,notBad
10564,6,516.5000000000002,6,509.00000000000045,swap,notBad
10565,6,516.5000000000002,6,509.00000000000045,swap,improve
10566,6,516.5000000000002,6,509.00000000000045,move,improve
10567,6,516.5000000000002,6,509.00000000000045,move,improve
10568,6,516.5000000000002,6,509.00000000000045,move,improve
10569,6,516.5000000000002,6,509.00000000000045,swap,notBad
10570,6,516.4000000000003,6,509.00000000000045,2opt,improve
10571,6,516.4000000000003,6,509.00000000000045,move,improve
10572,6,516.4000000000003,6,509.00000000000045,move,improve
10573,6,516.4000000000003,6,509.00000000000045,move,improve
10574,6,516.4000000000003,6,509.00000000000045,move,improve
10575,6,516.4000000000003,6,509.00000000000045,move,improve
10576,6,516.4000000000003,6,509.00000000000045,move,improve
10577,6,516.4000000000003,6,509.00000000000045,swap,notBad
10578,6,516.4000000000003,6,509.00000000000045,2opt,notBad
10579,6,516.4000000000003,6,509.00000000000045,move,improve
10580,6,520.8000000000002,6,509.00000000000045,swap,acceptBad
10581,6,520.8000000000002,6,509.00000000000045,2opt,notBad
10582,6,520.8000000000002,6,509.00000000000045,swap,notBad
10583,6,520.8000000000002,6,509.00000000000045,move,improve
10584,6,520.8000000000002,6,509.00000000000045,move,improve
10585,6,520.8000000000002,6,509.00000000000045,2opt,notBad
10586,6,520.8000000000002,6,509.00000000000045,2opt,notBad
10587,6,520.8000000000002,6,509.00000000000045,swap,notBad
10588,6,520.8000000000002,6,509.00000000000045,move,improve
10589,6,520.8000000000002,6,509.00000000000045,move,improve
10590,6,520.8000000000002,6,509.00000000000045,move,improve
10591,6,520.8000000000002,6,509.00000000000045,2opt,improve
10592,6,520.8000000000002,6,509.00000000000045,2opt,notBad
10593,6,520.8000000000002,6,509.00000000000045,move,improve
10594,6,520.8000000000002,6,509.00000000000045,2opt,notBad
10595,6,520.8000000000002,6,509.00000000000045,move,improve
10596,6,522.0000000000002,6,509.00000000000045,swap,acceptBad
10597,6,522.0000000000002,6,509.00000000000045,2opt,notBad
10598,6,522.0000000000002,6,509.00000000000045,2opt,notBad
10599,6,522.0000000000002,6,509.00000000000045,2opt,notBad
10600,6,518.1000000000004,6,509.00000000000045,swap,improve
10601,6,518.1000000000004,6,509.00000000000045,swap,notBad
10602,6,518.1000000000004,6,509.00000000000045,2opt,improve
10603,6,518.1000000000004,6,509.00000000000045,swap,notBad
10604,6,518.1000000000004,6,509.00000000000045,move,improve
10605,6,518.1000000000004,6,509.00000000000045,move,improve
10606,6,518.1000000000004,6,509.00000000000045,2opt,improve
10607,6,518.1000000000004,6,509.00000000000045,swap,notBad
10608,6,518.1000000000004,6,509.00000000000045,2opt,improve
10609,6,518.1000000000004,6,509.00000000000045,swap,notBad
10610,6,518.1000000000004,6,509.00000000000045,swap,notBad
10611,6,518.1000000000004,6,509.00000000000045,2opt,improve
10612,6,518.1000000000004,6,509.00000000000045,swap,notBad
10613,6,518.1000000000004,6,509.00000000000045,2opt,improve
10614,6,518.1000000000004,6,509.00000000000045,swap,notBad
10615,6,518.1000000000004,6,509.00000000000045,2opt,notBad
10616,6,518.1000000000004,6,509.00000000000045,move,improve
10617,6,518.1000000000004,6,509.00000000000045,2opt,notBad
10618,6,518.1000000000004,6,509.00000000000045,move,improve
10619,6,518.1000000000004,6,509.00000000000045,2opt,notBad
10620,6,518.1000000000004,6,509.00000000000045,move,improve
10621,6,518.1000000000004,6,509.00000000000045,move,improve
10622,6,518.1000000000004,6,509.00000000000045,move,improve
10623,6,518.1000000000004,6,509.00000000000045,swap,notBad
10624,6,519.8000000000004,6,509.00000000000045,swap,acceptBad
10625,6,519.8000000000004,6,509.00000000000045,2opt,notBad
10626,6,519.8000000000004,6,509.00000000000045,swap,improve
10627,6,519.8000000000004,6,509.00000000000045,2opt,notBad
10628,6,519.8000000000004,6,509.00000000000045,swap,improve
10629,6,519.8000000000004,6,509.00000000000045,2opt,notBad
10630,6,519.8000000000004,6,509.00000000000045,move,improve
10631,6,519.8000000000004,6,509.00000000000045,2opt,improve
10632,6,519.8000000000004,6,509.00000000000045,swap,notBad
10633,6,519.8000000000004,6,509.00000000000045,move,improve
10634,6,519.8000000000004,6,509.00000000000045,2opt,notBad
10635,6,518.9000000000003,6,509.00000000000045,swap,improve
10636,6,518.9000000000003,6,509.00000000000045,swap,notBad
10637,6,518.9000000000003,6,509.00000000000045,move,improve
10638,6,518.9000000000003,6,509.00000000000045,swap,notBad
10639,6,518.9000000000003,6,509.00000000000045,move,improve
10640,6,518.9000000000003,6,509.00000000000045,move,improve
10641,6,518.9000000000003,6,509.00000000000045,move,improve
10642,6,518.9000000000003,6,509.00000000000045,move,improve
10643,6,518.9000000000003,6,509.00000000000045,2opt,notBad
10644,6,518.9000000000003,6,509.00000000000045,move,improve
10645,6,518.9000000000003,6,509.00000000000045,move,improve
10646,6,518.9000000000003,6,509.00000000000045,2opt,notBad
10647,6,518.9000000000003,6,509.00000000000045,swap,notBad
10648,6,518.9000000000003,6,509.00000000000045,move,improve
10649,6,518.9000000000003,6,509.00000000000045,move,improve
10650,6,518.9000000000003,6,509.00000000000045,move,improve
10651,6,518.9000000000003,6,509.00000000000045,swap,notBad
10652,6,518.9000000000003,6,509.00000000000045,2opt,notBad
10653,6,517.1000000000006,6,509.00000000000045,swap,improve
10654,6,517.1000000000006,6,509.00000000000045,move,improve
10655,6,517.1000000000006,6,509.00000000000045,swap,notBad
10656,6,517.1000000000006,6,509.00000000000045,swap,improve
10657,6,518.9000000000003,6,509.00000000000045,swap,acceptBad
10658,6,518.9000000000003,6,509.00000000000045,swap,notBad
10659,6,518.9000000000003,6,509.00000000000045,swap,notBad
10660,6,518.9000000000003,6,509.00000000000045,swap,notBad
10661,6,518.9000000000003,6,509.00000000000045,2opt,improve
10662,6,518.9000000000003,6,509.00000000000045,move,improve
10663,6,517.4000000000001,6,509.00000000000045,swap,improve
10664,6,517.4000000000001,6,509.00000000000045,swap,notBad
10665,6,517.4000000000001,6,509.00000000000045,swap,notBad
10666,6,517.4000000000001,6,509.00000000000045,swap,notBad
10667,6,517.4000000000001,6,509.00000000000045,swap,notBad
10668,6,517.4000000000001,6,509.00000000000045,swap,notBad
10669,6,517.4000000000001,6,509.00000000000045,2opt,notBad
10670,6,517.4000000000001,6,509.00000000000045,move,improve
10671,6,517.4000000000001,6,509.00000000000045,2opt,improve
10672,6,517.4000000000001,6,509.00000000000045,move,improve
10673,6,517.4000000000001,6,509.00000000000045,2opt,notBad
10674,6,517.4000000000001,6,509.00000000000045,2opt,notBad
10675,6,517.4000000000001,6,509.00000000000045,2opt,notBad
10676,6,517.4000000000001,6,509.00000000000045,swap,improve
10677,6,517.4000000000001,6,509.00000000000045,swap,notBad
10678,6,517.4000000000001,6,509.00000000000045,move,improve
10679,6,517.4000000000001,6,509.00000000000045,move,improve
10680,6,517.4000000000001,6,509.00000000000045,swap,notBad
10681,6,517.4000000000001,6,509.00000000000045,swap,notBad
10682,6,517.4000000000001,6,509.00000000000045,2opt,notBad
10683,6,519.1000000000001,6,509.00000000000045,swap,acceptBad
10684,6,519.1000000000001,6,509.00000000000045,move,improve
10685,6,519.1000000000001,6,509.00000000000045,swap,notBad
10686,6,519.1000000000001,6,509.00000000000045,move,improve
10687,6,519.1000000000001,6,509.00000000000045,2opt,improve
10688,6,519.1000000000001,6,509.00000000000045,2opt,notBad
10689,6,519.1000000000001,6,509.00000000000045,move,improve
10690,6,519.1000000000001,6,509.00000000000045,2opt,notBad
10691,6,519.1000000000001,6,509.00000000000045,2opt,notBad
10692,6,519.1000000000001,6,509.00000000000045,move,improve
10693,6,519.1000000000001,6,509.00000000000045,swap,improve
10694,6,519.1000000000001,6,509.00000000000045,move,improve
10695,6,519.1000000000001,6,509.00000000000045,2opt,notBad
10696,6,519.1000000000001,6,509.00000000000045,2opt,improve
10697,6,519.1000000000001,6,509.00000000000045,swap,notBad
10698,6,519.1000000000001,6,509.00000000000045,move,improve
10699,6,519.1000000000001,6,509.00000000000045,move,improve
10700,6,519.1000000000001,6,509.00000000000045,move,improve
10701,6,519.1000000000001,6,509.00000000000045,swap,notBad
10702,6,519.1000000000001,6,509.00000000000045,2opt,improve
10703,6,519.1000000000001,6,509.00000000000045,move,improve
10704,6,519.1000000000001,6,509.00000000000045,swap,notBad
10705,6,519.1000000000001,6,509.00000000000045,2opt,notBad
10706,6,519.1000000000001,6,509.00000000000045,2opt,notBad
10707,6,519.1000000000001,6,509.00000000000045,2opt,notBad
10708,6,519.1000000000001,6,509.00000000000045,move,improve
10709,6,519.1000000000001,6,509.00000000000045,2opt,notBad
10710,6,519.1000000000001,6,509.00000000000045,move,improve
10711,6,519.1000000000001,6,509.00000000000045,swap,notBad
10712,6,519.1000000000001,6,509.00000000000045,move,improve
10713,6,519.1000000000001,6,509.00000000000045,swap,notBad
10714,6,519.1000000000001,6,509.00000000000045,swap,notBad
10715,6,519.1000000000001,6,509.00000000000045,2opt,notBad
10716,6,519.1000000000001,6,509.00000000000045,move,improve
10717,6,519.1000000000001,6,509.00000000000045,move,improve
10718,6,519.1000000000001,6,509.00000000000045,move,improve
10719,6,519.1000000000001,6,509.00000000000045,move,improve
10720,6,519.1000000000001,6,509.00000000000045,2opt,notBad
10721,6,521.7000000000003,6,509.00000000000045,swap,acceptBad
10722,6,521.7000000000003,6,509.00000000000045,move,improve
10723,6,521.7000000000003,6,509.00000000000045,swap,notBad
10724,6,521.7000000000003,6,509.00000000000045,swap,improve
10725,6,521.7000000000003,6,509.00000000000045,move,improve
10726,6,521.7000000000003,6,509.00000000000045,swap,notBad
10727,6,521.7000000000003,6,509.00000000000045,2opt,notBad
10728,6,521.7000000000003,6,509.00000000000045,move,improve
10729,6,521.7000000000003,6,509.00000000000045,move,improve
10730,6,521.7000000000003,6,509.00000000000045,move,improve
10731,6,521.7000000000003,6,509.00000000000045,swap,notBad
10732,6,521.7000000000003,6,509.00000000000045,swap,notBad
10733,6,521.7000000000003,6,509.00000000000045,move,improve
10734,6,521.7000000000003,6,509.00000000000045,swap,improve
10735,6,521.7000000000003,6,509.00000000000045,move,improve
10736,6,521.7000000000003,6,509.00000000000045,move,improve
10737,6,519.1000000000001,6,509.00000000000045,swap,improve
10738,6,519.1000000000001,6,509.00000000000045,2opt,notBad
10739,6,519.1000000000001,6,509.00000000000045,move,improve
10740,6,519.1000000000001,6,509.00000000000045,2opt,notBad
10741,6,521.7000000000003,6,509.00000000000045,swap,acceptBad
10742,6,521.7000000000003,6,509.00000000000045,swap,notBad
10743,6,521.7000000000003,6,509.00000000000045,2opt,notBad
10744,6,521.7000000000003,6,509.00000000000045,2opt,notBad
10745,6,521.7000000000003,6,509.00000000000045,move,improve
10746,6,521.7000000000003,6,509.00000000000045,swap,notBad
10747,6,521.7000000000003,6,509.00000000000045,swap,notBad
10748,6,521.7000000000003,6,509.00000000000045,swap,notBad
10749,6,521.7000000000003,6,509.00000000000045,move,improve
10750,6,521.7000000000003,6,509.00000000000045,move,improve
10751,6,517.2000000000003,6,509.00000000000045,swap,improve
10752,6,517.2000000000003,6,509.00000000000045,move,improve
10753,6,519.9000000000002,6,509.00000000000045,swap,acceptBad
10754,6,519.9000000000002,6,509.00000000000045,2opt,notBad
10755,6,519.9000000000002,6,509.00000000000045,move,improve
10756,6,519.9000000000002,6,509.00000000000045,move,improve
10757,6,519.9000000000002,6,509.00000000000045,move,improve
10758,6,519.9000000000002,6,509.00000000000045,move,improve
10759,6,519.9000000000002,6,509.00000000000045,swap,notBad
10760,6,519.9000000000002,6,509.00000000000045,swap,notBad
10761,6,519.9000000000002,6,509.00000000000045,move,improve
10762,6,519.9000000000002,6,509.00000000000045,move,improve
10763,6,519.9000000000002,6,509.00000000000045,swap,notBad
10764,6,519.9000000000002,6,509.00000000000045,swap,notBad
10765,6,519.9000000000002,6,509.00000000000045,2opt,notBad
10766,6,519.9000000000002,6,509.00000000000045,move,improve
10767,6,519.9000000000002,6,509.00000000000045,2opt,notBad
10768,6,519.9000000000002,6,509.00000000000045,2opt,notBad
10769,6,519.9000000000002,6,509.00000000000045,move,improve
10770,6,519.9000000000002,6,509.00000000000045,swap,notBad
10771,6,519.9000000000002,6,509.00000000000045,2opt,improve
10772,6,519.9000000000002,6,509.00000000000045,swap,improve
10773,6,519.9000000000002,6,509.00000000000045,2opt,notBad
10774,6,519.9000000000002,6,509.00000000000045,2opt,notBad
10775,6,519.9000000000002,6,509.00000000000045,swap,improve
10776,6,519.9000000000002,6,509.00000000000045,swap,notBad
10777,6,519.9000000000002,6,509.00000000000045,move,improve
10778,6,519.9000000000002,6,509.00000000000045,swap,notBad
10779,6,519.9000000000002,6,509.00000000000045,swap,notBad
10780,6,519.9000000000002,6,509.00000000000045,move,improve
10781,6,519.9000000000002,6,509.00000000000045,swap,notBad
10782,6,519.9000000000002,6,509.00000000000045,move,improve
10783,6,519.9000000000002,6,509.00000000000045,2opt,improve
10784,6,519.9000000000002,6,509.00000000000045,2opt,notBad
10785,6,519.9000000000002,6,509.00000000000045,2opt,improve
10786,6,519.9000000000002,6,509.00000000000045,move,improve
10787,6,519.9000000000002,6,509.00000000000045,swap,notBad
10788,6,519.9000000000002,6,509.00000000000045,swap,notBad
10789,6,519.9000000000002,6,509.00000000000045,2opt,notBad
10790,6,519.9000000000002,6,509.00000000000045,move,improve
10791,6,519.9000000000002,6,509.00000000000045,2opt,notBad
10792,6,519.9000000000002,6,509.00000000000045,move,improve
10793,6,519.9000000000002,6,509.00000000000045,move,improve
10794,6,521.1000000000003,6,509.00000000000045,swap,acceptBad
10795,6,521.1000000000003,6,509.00000000000045,move,improve
10796,6,521.1000000000003,6,509.00000000000045,move,improve
10797,6,521.1000000000003,6,509.00000000000045,move,improve
10798,6,521.1000000000003,6,509.00000000000045,move,improve
10799,6,521.1000000000003,6,509.00000000000045,swap,notBad
10800,6,521.1000000000003,6,509.00000000000045,swap,notBad
10801,6,521.1000000000003,6,509.00000000000045,2opt,notBad
10802,6,521.1000000000003,6,509.00000000000045,move,improve
10803,6,521.1000000000003,6,509.00000000000045,move,improve
10804,6,521.1000000000003,6,509.00000000000045,move,improve
10805,6,521.1000000000003,6,509.00000000000045,swap,improve
10806,6,521.1000000000003,6,509.00000000000045,2opt,notBad
10807,6,521.1000000000003,6,509.00000000000045,swap,improve
10808,6,521.1000000000003,6,509.00000000000045,2opt,notBad
10809,6,521.1000000000003,6,509.00000000000045,swap,notBad
10810,6,521.1000000000003,6,509.00000000000045,swap,notBad
10811,6,521.1000000000003,6,509.00000000000045,2opt,notBad
10812,6,521.1000000000003,6,509.00000000000045,swap,improve
10813,6,521.1000000000003,6,509.00000000000045,2opt,improve
10814,6,521.1000000000003,6,509.00000000000045,2opt,notBad
10815,6,521.1000000000003,6,509.00000000000045,move,improve
10816,6,521.1000000000003,6,509.00000000000045,swap,notBad
10817,6,521.1000000000003,6,509.00000000000045,move,improve
10818,6,521.1000000000003,6,509.00000000000045,swap,improve
10819,6,521.1000000000003,6,509.00000000000045,2opt,notBad
10820,6,521.1000000000003,6,509.00000000000045,move,improve
10821,6,518.4000000000003,6,509.00000000000045,swap,improve
10822,6,518.4000000000003,6,509.00000000000045,move,improve
10823,6,518.4000000000003,6,509.00000000000045,2opt,notBad
10824,6,518.4000000000003,6,509.00000000000045,2opt,notBad
10825,6,518.4000000000003,6,509.00000000000045,2opt,notBad
10826,6,518.4000000000003,6,509.00000000000045,swap,improve
10827,6,518.4000000000003,6,509.00000000000045,move,improve
10828,6,518.4000000000003,6,509.00000000000045,2opt,notBad
10829,6,518.4000000000003,6,509.00000000000045,move,improve
10830,6,518.4000000000003,6,509.00000000000045,2opt,notBad
10831,6,518.4000000000003,6,509.00000000000045,move,improve
10832,6,518.4000000000003,6,509.00000000000045,swap,notBad
10833,6,518.4000000000003,6,509.00000000000045,swap,notBad
10834,6,518.4000000000003,6,509.00000000000045,2opt,notBad
10835,6,518.4000000000003,6,509.00000000000045,swap,notBad
10836,6,518.4000000000003,6,509.00000000000045,swap,notBad
10837,6,518.4000000000003,6,509.00000000000045,2opt,notBad
10838,6,518.4000000000003,6,509.00000000000045,2opt,notBad
10839,6,518.4000000000003,6,509.00000000000045,2opt,notBad
10840,6,518.4000000000003,6,509.00000000000045,swap,notBad
10841,6,518.4000000000003,6,509.00000000000045,move,improve
10842,6,518.4000000000003,6,509.00000000000045,move,improve
10843,6,518.4000000000003,6,509.00000000000045,2opt,improve
10844,6,518.4000000000003,6,509.00000000000045,2opt,notBad
10845,6,518.4000000000003,6,509.00000000000045,2opt,improve
10846,6,518.4000000000003,6,509.00000000000045,move,improve
10847,6,518.4000000000003,6,509.00000000000045,2opt,notBad
10848,6,518.4000000000003,6,509.00000000000045,swap,notBad
10849,6,518.4000000000003,6,509.00000000000045,swap,notBad
10850,6,518.4000000000003,6,509.00000000000045,swap,notBad
10851,6,518.4000000000003,6,509.00000000000045,move,improve
10852,6,518.4000000000003,6,509.00000000000045,2opt,improve
10853,6,518.4000000000003,6,509.00000000000045,2opt,notBad
10854,6,518.4000000000003,6,509.00000000000045,swap,improve
10855,6,518.4000000000003,6,509.00000000000045,2opt,notBad
10856,6,518.4000000000003,6,509.00000000000045,swap,notBad
10857,6,518.4000000000003,6,509.00000000000045,2opt,notBad
10858,6,518.4000000000003,6,509.00000000000045,move,improve
10859,6,518.4000000000003,6,509.00000000000045,move,improve
10860,6,518.4000000000003,6,509.00000000000045,swap,notBad
10861,6,518.4000000000003,6,509.00000000000045,move,improve
10862,6,518.4000000000003,6,509.00000000000045,swap,notBad
10863,6,518.4000000000003,6,509.00000000000045,2opt,improve
10864,6,518.4000000000003,6,509.00000000000045,2opt,notBad
10865,6,519.8000000000002,6,509.00000000000045,swap,acceptBad
10866,6,519.8000000000002,6,509.00000000000045,swap,improve
10867,6,519.8000000000002,6,509.00000000000045,2opt,notBad
10868,6,519.8000000000002,6,509.00000000000045,swap,notBad
10869,6,519.8000000000002,6,509.00000000000045,swap,notBad
10870,6,519.8000000000002,6,509.00000000000045,swap,notBad
10871,6,519.8000000000002,6,509.00000000000045,2opt,notBad
10872,6,519.8000000000002,6,509.00000000000045,2opt,notBad
10873,6,519.8000000000002,6,509.00000000000045,2opt,notBad
10874,6,519.8000000000002,6,509.00000000000045,move,improve
10875,6,519.8000000000002,6,509.00000000000045,move,improve
10876,6,519.8000000000002,6,509.00000000000045,2opt,notBad
10877,6,519.8000000000002,6,509.00000000000045,move,improve
10878,6,519.8000000000002,6,509.00000000000045,2opt,notBad
10879,6,519.8000000000002,6,509.00000000000045,move,improve
10880,6,519.8000000000002,6,509.00000000000045,swap,improve
10881,6,519.8000000000002,6,509.00000000000045,move,improve
10882,6,519.8000000000002,6,509.00000000000045,2opt,improve
10883,6,519.8000000000002,6,509.00000000000045,2opt,improve
10884,6,519.8000000000002,6,509.00000000000045,swap,notBad
10885,6,519.8000000000002,6,509.00000000000045,move,improve
10886,6,519.8000000000002,6,509.00000000000045,2opt,notBad
10887,6,519.8000000000002,6,509.00000000000045,move,improve
10888,6,519.8000000000002,6,509.00000000000045,swap,notBad
10889,6,519.8000000000002,6,509.00000000000045,2opt,notBad
10890,6,519.8000000000002,6,509.00000000000045,swap,improve
10891,6,519.8000000000002,6,509.00000000000045,move,improve
10892,6,519.8000000000002,6,509.00000000000045,move,improve
10893,6,519.8000000000002,6,509.00000000000045,2opt,notBad
10894,6,519.8000000000002,6,509.00000000000045,move,improve
10895,6,519.8000000000002,6,509.00000000000045,move,improve
10896,6,519.8000000000002,6,509.00000000000045,2opt,notBad
10897,6,519.8000000000002,6,509.00000000000045,swap,improve
10898,6,519.8000000000002,6,509.00000000000045,move,improve
10899,6,519.8000000000002,6,509.00000000000045,swap,improve
10900,6,519.8000000000002,6,509.00000000000045,move,improve
10901,6,519.8000000000002,6,509.00000000000045,move,improve
10902,6,519.8000000000002,6,509.00000000000045,move,improve
10903,6,519.8000000000002,6,509.00000000000045,move,improve
10904,6,519.8000000000002,6,509.00000000000045,move,improve
10905,6,519.8000000000002,6,509.00000000000045,swap,notBad
10906,6,519.8000000000002,6,509.00000000000045,2opt,notBad
10907,6,519.8000000000002,6,509.00000000000045,2opt,notBad
10908,6,519.8000000000002,6,509.00000000000045,swap,notBad
10909,6,519.8000000000002,6,509.00000000000045,move,improve
10910,6,519.8000000000002,6,509.00000000000045,swap,notBad
10911,6,519.8000000000002,6,509.00000000000045,2opt,notBad
10912,6,519.8000000000002,6,509.00000000000045,swap,notBad
10913,6,519.8000000000002,6,509.00000000000045,swap,notBad
10914,6,519.8000000000002,6,509.00000000000045,2opt,notBad
10915,6,519.8000000000002,6,509.00000000000045,2opt,notBad
10916,6,518.4000000000003,6,509.00000000000045,swap,improve
10917,6,518.4000000000003,6,509.00000000000045,move,improve
10918,6,518.4000000000003,6,509.00000000000045,2opt,notBad
10919,6,518.4000000000003,6,509.00000000000045,move,improve
10920,6,518.4000000000003,6,509.00000000000045,move,improve
10921,6,518.4000000000003,6,509.00000000000045,2opt,notBad
10922,6,519.8000000000002,6,509.00000000000045,swap,acceptBad
10923,6,519.8000000000002,6,509.00000000000045,move,improve
10924,6,519.8000000000002,6,509.00000000000045,2opt,notBad
10925,6,519.8000000000002,6,509.00000000000045,move,improve
10926,6,519.8000000000002,6,509.00000000000045,2opt,improve
10927,6,519.8000000000002,6,509.00000000000045,move,improve
10928,6,519.8000000000002,6,509.00000000000045,swap,notBad
10929,6,519.8000000000002,6,509.00000000000045,move,improve
10930,6,519.8000000000002,6,509.00000000000045,2opt,notBad
10931,6,519.8000000000002,6,509.00000000000045,move,improve
10932,6,519.8000000000002,6,509.00000000000045,move,improve
10933,6,519.8000000000002,6,509.00000000000045,2opt,notBad
10934,6,519.8000000000002,6,509.00000000000045,move,improve
10935,6,519.8000000000002,6,509.00000000000045,move,improve
10936,6,519.8000000000002,6,509.00000000000045,swap,notBad
10937,6,519.8000000000002,6,509.00000000000045,swap,notBad
10938,6,519.8000000000002,6,509.00000000000045,2opt,notBad
10939,6,519.8000000000002,6,509.00000000000045,2opt,improve
10940,6,519.8000000000002,6,509.00000000000045,move,improve
10941,6,519.8000000000002,6,509.00000000000045,swap,notBad
10942,6,519.8000000000002,6,509.00000000000045,move,improve
10943,6,519.8000000000002,6,509.00000000000045,swap,notBad
10944,6,519.8000000000002,6,509.00000000000045,swap,improve
10945,6,520.0000000000005,6,509.00000000000045,swap,acceptBad
10946,6,520.0000000000005,6,509.00000000000045,move,improve
10947,6,520.0000000000005,6,509.00000000000045,swap,notBad
10948,6,520.0000000000005,6,509.00000000000045,2opt,notBad
10949,6,520.0000000000005,6,509.00000000000045,move,improve
10950,6,520.0000000000005,6,509.00000000000045,swap,notBad
10951,6,520.0000000000005,6,509.00000000000045,2opt,notBad
10952,6,519.8000000000002,6,509.00000000000045,swap,improve
10953,6,519.8000000000002,6,509.00000000000045,2opt,notBad
10954,6,519.8000000000002,6,509.00000000000045,swap,notBad
10955,6,519.8000000000002,6,509.00000000000045,2opt,notBad
10956,6,519.8000000000002,6,509.00000000000045,swap,notBad
10957,6,518.4000000000003,6,509.00000000000045,swap,improve
10958,6,518.4000000000003,6,509.00000000000045,2opt,notBad
10959,6,518.4000000000003,6,509.00000000000045,swap,improve
10960,6,518.4000000000003,6,509.00000000000045,move,improve
10961,6,518.4000000000003,6,509.00000000000045,2opt,notBad
10962,6,518.4000000000003,6,509.00000000000045,move,improve
10963,6,518.4000000000003,6,509.00000000000045,swap,notBad
10964,6,518.4000000000003,6,509.00000000000045,2opt,improve
10965,6,518.4000000000003,6,509.00000000000045,move,improve
10966,6,518.4000000000003,6,509.00000000000045,2opt,notBad
10967,6,518.4000000000003,6,509.00000000000045,move,improve
10968,6,518.4000000000003,6,509.00000000000045,move,improve
10969,6,518.4000000000003,6,509.00000000000045,2opt,notBad
10970,6,518.4000000000003,6,509.00000000000045,move,improve
10971,6,518.4000000000003,6,509.00000000000045,swap,notBad
10972,6,518.4000000000003,6,509.00000000000045,swap,improve
10973,6,518.4000000000003,6,509.00000000000045,2opt,notBad
10974,6,518.4000000000003,6,509.00000000000045,swap,notBad
10975,6,518.4000000000003,6,509.00000000000045,move,improve
10976,6,518.4000000000003,6,509.00000000000045,swap,notBad
10977,6,518.4000000000003,6,509.00000000000045,2opt,notBad
10978,6,518.4000000000003,6,509.00000000000045,2opt,improve
10979,6,518.4000000000003,6,509.00000000000045,2opt,notBad
10980,6,518.4000000000003,6,509.00000000000045,swap,notBad
10981,6,518.4000000000003,6,509.00000000000045,move,improve
10982,6,518.4000000000003,6,509.00000000000045,swap,notBad
10983,6,518.4000000000003,6,509.00000000000045,2opt,notBad
10984,6,518.4000000000003,6,509.00000000000045,move,improve
10985,6,518.4000000000003,6,509.00000000000045,swap,notBad
10986,6,518.4000000000003,6,509.00000000000045,swap,notBad
10987,6,518.4000000000003,6,509.00000000000045,move,improve
10988,6,518.4000000000003,6,509.00000000000045,swap,improve
10989,6,518.4000000000003,6,509.00000000000045,2opt,improve
10990,6,518.4000000000003,6,509.00000000000045,move,improve
10991,6,518.4000000000003,6,509.00000000000045,move,improve
10992,6,518.4000000000003,6,509.00000000000045,2opt,notBad
10993,6,518.4000000000003,6,509.00000000000045,move,improve
10994,6,518.4000000000003,6,509.00000000000045,swap,improve
10995,6,518.4000000000003,6,509.00000000000045,swap,notBad
10996,6,521.8000000000005,6,509.00000000000045,swap,acceptBad
10997,6,521.8000000000005,6,509.00000000000045,swap,notBad
10998,6,521.8000000000005,6,509.00000000000045,swap,notBad
10999,6,521.8000000000005,6,509.00000000000045,swap,notBad
11000,6,521.8000000000005,6,509.00000000000045,swap,improve
11001,6,521.8000000000005,6,509.00000000000045,swap,improve
11002,6,521.8000000000005,6,509.00000000000045,move,improve
11003,6,521.8000000000005,6,509.00000000000045,move,improve
11004,6,521.8000000000005,6,509.00000000000045,move,improve
11005,6,521.8000000000005,6,509.00000000000045,move,improve
11006,6,521.8000000000005,6,509.00000000000045,swap,notBad
11007,6,521.8000000000005,6,509.00000000000045,swap,notBad
11008,6,521.8000000000005,6,509.00000000000045,2opt,notBad
11009,6,521.8000000000005,6,509.00000000000045,2opt,notBad
11010,6,521.8000000000005,6,509.00000000000045,move,improve
11011,6,521.8000000000005,6,509.00000000000045,swap,notBad
11012,6,521.8000000000005,6,509.00000000000045,move,improve
11013,6,520.2000000000003,6,509.00000000000045,swap,improve
11014,6,520.2000000000003,6,509.00000000000045,2opt,improve
11015,6,520.2000000000003,6,509.00000000000045,swap,notBad
11016,6,520.2000000000003,6,509.00000000000045,swap,improve
11017,6,520.2000000000003,6,509.00000000000045,move,improve
11018,6,520.2000000000003,6,509.00000000000045,swap,notBad
11019,6,520.2000000000003,6,509.00000000000045,move,improve
11020,6,520.2000000000003,6,509.00000000000045,2opt,notBad
11021,6,520.2000000000003,6,509.00000000000045,move,improve
11022,6,521.8000000000005,6,509.00000000000045,swap,acceptBad
11023,6,521.8000000000005,6,509.00000000000045,2opt,notBad
11024,6,521.8000000000005,6,509.00000000000045,move,improve
11025,6,520.2000000000003,6,509.00000000000045,swap,improve
11026,6,520.2000000000003,6,509.00000000000045,move,improve
11027,6,520.2000000000003,6,509.00000000000045,swap,notBad
11028,6,520.2000000000003,6,509.00000000000045,2opt,notBad
11029,6,520.2000000000003,6,509.00000000000045,move,improve
11030,6,520.2000000000003,6,509.00000000000045,swap,notBad
11031,6,520.2000000000003,6,509.00000000000045,2opt,notBad
11032,6,520.2000000000003,6,509.00000000000045,2opt,notBad
11033,6,520.2000000000003,6,509.00000000000045,swap,notBad
11034,6,520.2000000000003,6,509.00000000000045,2opt,improve
11035,6,520.2000000000003,6,509.00000000000045,swap,notBad
11036,6,520.2000000000003,6,509.00000000000045,move,improve
11037,6,520.2000000000003,6,509.00000000000045,swap,notBad
11038,6,520.2000000000003,6,509.00000000000045,2opt,improve
11039,6,520.2000000000003,6,509.00000000000045,move,improve
11040,6,520.2000000000003,6,509.00000000000045,swap,notBad
11041,6,520.2000000000003,6,509.00000000000045,move,improve
11042,6,520.2000000000003,6,509.00000000000045,2opt,notBad
11043,6,520.2000000000003,6,509.00000000000045,swap,notBad
11044,6,520.2000000000003,6,509.00000000000045,move,improve
11045,6,520.2000000000003,6,509.00000000000045,swap,notBad
11046,6,520.2000000000003,6,509.00000000000045,2opt,notBad
11047,6,520.2000000000003,6,509.00000000000045,2opt,notBad
11048,6,520.2000000000003,6,509.00000000000045,move,improve
11049,6,520.2000000000003,6,509.00000000000045,2opt,notBad
11050,6,520.2000000000003,6,509.00000000000045,swap,notBad
11051,6,520.2000000000003,6,509.00000000000045,move,improve
11052,6,520.2000000000003,6,509.00000000000045,2opt,notBad
11053,6,520.2000000000003,6,509.00000000000045,swap,notBad
11054,6,520.2000000000003,6,509.00000000000045,2opt,notBad
11055,6,520.2000000000003,6,509.00000000000045,swap,notBad
11056,6,520.2000000000003,6,509.00000000000045,move,improve
11057,6,520.2000000000003,6,509.00000000000045,swap,improve
11058,6,520.2000000000003,6,509.00000000000045,2opt,notBad
11059,6,520.2000000000003,6,509.00000000000045,2opt,notBad
11060,6,520.6000000000004,6,509.00000000000045,swap,acceptBad
11061,6,520.6000000000004,6,509.00000000000045,move,improve
11062,6,520.6000000000004,6,509.00000000000045,swap,notBad
11063,6,520.6000000000004,6,509.00000000000045,move,improve
11064,6,520.6000000000004,6,509.00000000000045,move,improve
11065,6,520.2000000000003,6,509.00000000000045,swap,improve
11066,6,520.2000000000003,6,509.00000000000045,move,improve
11067,6,520.2000000000003,6,509.00000000000045,swap,notBad
11068,6,520.2000000000003,6,509.00000000000045,2opt,notBad
11069,6,520.2000000000003,6,509.00000000000045,move,improve
11070,6,520.2000000000003,6,509.00000000000045,swap,notBad
11071,6,520.2000000000003,6,509.00000000000045,2opt,improve
11072,6,520.2000000000003,6,509.00000000000045,move,improve
11073,6,520.2000000000003,6,509.00000000000045,2opt,notBad
11074,6,520.2000000000003,6,509.00000000000045,move,improve
11075,6,520.2000000000003,6,509.00000000000045,move,improve
11076,6,520.2000000000003,6,509.00000000000045,2opt,notBad
11077,6,520.2000000000003,6,509.00000000000045,swap,improve
11078,6,520.2000000000003,6,509.00000000000045,move,improve
11079,6,520.2000000000003,6,509.00000000000045,swap,notBad
11080,6,520.2000000000003,6,509.00000000000045,move,improve
11081,6,520.2000000000003,6,509.00000000000045,2opt,notBad
11082,6,520.2000000000003,6,509.00000000000045,swap,notBad
11083,6,521.8000000000005,6,509.00000000000045,swap,acceptBad
11084,6,521.8000000000005,6,509.00000000000045,2opt,notBad
11085,6,521.8000000000005,6,509.00000000000045,swap,notBad
11086,6,521.8000000000005,6,509.00000000000045,swap,improve
11087,6,521.8000000000005,6,509.00000000000045,2opt,notBad
11088,6,521.8000000000005,6,509.00000000000045,move,improve
11089,6,520.7000000000002,6,509.00000000000045,swap,improve
11090,6,520.7000000000002,6,509.00000000000045,move,improve
11091,6,520.7000000000002,6,509.00000000000045,2opt,notBad
11092,6,520.7000000000002,6,509.00000000000045,swap,improve
11093,6,520.7000000000002,6,509.00000000000045,2opt,improve
11094,6,520.7000000000002,6,509.00000000000045,swap,notBad
11095,6,520.7000000000002,6,509.00000000000045,swap,notBad
11096,6,520.7000000000002,6,509.00000000000045,swap,notBad
11097,6,520.7000000000002,6,509.00000000000045,2opt,notBad
11098,6,520.7000000000002,6,509.00000000000045,swap,notBad
11099,6,520.7000000000002,6,509.00000000000045,move,improve
11100,6,520.7000000000002,6,509.00000000000045,move,improve
11101,6,520.7000000000002,6,509.00000000000045,2opt,notBad
11102,6,520.7000000000002,6,509.00000000000045,swap,notBad
11103,6,520.7000000000002,6,509.00000000000045,2opt,notBad
11104,6,520.7000000000002,6,509.00000000000045,2opt,notBad
11105,6,520.7000000000002,6,509.00000000000045,swap,notBad
11106,6,520.7000000000002,6,509.00000000000045,move,improve
11107,6,520.7000000000002,6,509.00000000000045,2opt,notBad
11108,6,520.7000000000002,6,509.00000000000045,2opt,notBad
11109,6,520.7000000000002,6,509.00000000000045,swap,notBad
11110,6,520.7000000000002,6,509.00000000000045,move,improve
11111,6,520.7000000000002,6,509.00000000000045,swap,notBad
11112,6,520.7000000000002,6,509.00000000000045,2opt,notBad
11113,6,520.7000000000002,6,509.00000000000045,move,improve
11114,6,520.7000000000002,6,509.00000000000045,2opt,notBad
11115,6,520.7000000000002,6,509.00000000000045,2opt,notBad
11116,6,519.0000000000001,6,509.00000000000045,swap,improve
11117,6,519.0000000000001,6,509.00000000000045,move,improve
11118,6,519.0000000000001,6,509.00000000000045,2opt,notBad
11119,6,517.5000000000005,6,509.00000000000045,swap,improve
11120,6,517.5000000000005,6,509.00000000000045,swap,notBad
11121,6,517.5000000000005,6,509.00000000000045,move,improve
11122,6,517.5000000000005,6,509.00000000000045,swap,notBad
11123,6,517.5000000000005,6,509.00000000000045,swap,improve
11124,6,517.5000000000005,6,509.00000000000045,move,improve
11125,6,517.5000000000005,6,509.00000000000045,move,improve
11126,6,517.5000000000005,6,509.00000000000045,move,improve
11127,6,517.5000000000005,6,509.00000000000045,swap,notBad
11128,6,517.5000000000005,6,509.00000000000045,move,improve
11129,6,517.5000000000005,6,509.00000000000045,swap,notBad
11130,6,517.5000000000005,6,509.00000000000045,move,improve
11131,6,517.5000000000005,6,509.00000000000045,swap,notBad
11132,6,517.4000000000003,6,509.00000000000045,swap,improve
11133,6,517.4000000000003,6,509.00000000000045,move,improve
11134,6,517.4000000000003,6,509.00000000000045,swap,notBad
11135,6,517.4000000000003,6,509.00000000000045,swap,notBad
11136,6,517.4000000000003,6,509.00000000000045,2opt,notBad
11137,6,517.4000000000003,6,509.00000000000045,swap,improve
11138,6,517.4000000000003,6,509.00000000000045,move,improve
11139,6,517.4000000000003,6,509.00000000000045,move,improve
11140,6,517.4000000000003,6,509.00000000000045,swap,notBad
11141,6,517.4000000000003,6,509.00000000000045,2opt,notBad
11142,6,517.4000000000003,6,509.00000000000045,swap,notBad
11143,6,517.4000000000003,6,509.00000000000045,move,improve
11144,6,517.4000000000003,6,509.00000000000045,2opt,notBad
11145,6,517.4000000000003,6,509.00000000000045,2opt,notBad
11146,6,517.4000000000003,6,509.00000000000045,move,improve
11147,6,517.4000000000003,6,509.00000000000045,2opt,notBad
11148,6,517.4000000000003,6,509.00000000000045,2opt,improve
11149,6,517.4000000000003,6,509.00000000000045,swap,notBad
11150,6,517.4000000000003,6,509.00000000000045,swap,notBad
11151,6,517.4000000000003,6,509.00000000000045,swap,notBad
11152,6,517.4000000000003,6,509.00000000000045,2opt,notBad
11153,6,517.4000000000003,6,509.00000000000045,2opt,notBad
11154,6,517.4000000000003,6,509.00000000000045,swap,improve
11155,6,517.4000000000003,6,509.00000000000045,2opt,notBad
11156,6,517.4000000000003,6,509.00000000000045,move,improve
11157,6,517.4000000000003,6,509.00000000000045,move,improve
11158,6,517.4000000000003,6,509.00000000000045,swap,notBad
11159,6,517.4000000000003,6,509.00000000000045,move,improve
11160,6,517.4000000000003,6,509.00000000000045,swap,notBad
11161,6,517.4000000000003,6,509.00000000000045,move,improve
11162,6,517.4000000000003,6,509.00000000000045,move,improve
11163,6,516.2000000000003,6,509.00000000000045,swap,improve
11164,6,516.2000000000003,6,509.00000000000045,move,improve
11165,6,516.2000000000003,6,509.00000000000045,move,improve
11166,6,516.2000000000003,6,509.00000000000045,swap,notBad
11167,6,516.2000000000003,6,509.00000000000045,2opt,notBad
11168,6,516.2000000000003,6,509.00000000000045,move,improve
11169,6,516.2000000000003,6,509.00000000000045,swap,notBad
11170,6,516.2000000000003,6,509.00000000000045,2opt,notBad
11171,6,516.2000000000003,6,509.00000000000045,2opt,notBad
11172,6,516.2000000000003,6,509.00000000000045,move,improve
11173,6,516.2000000000003,6,509.00000000000045,swap,notBad
11174,6,517.4000000000003,6,509.00000000000045,swap,acceptBad
11175,6,517.4000000000003,6,509.00000000000045,2opt,notBad
11176,6,517.4000000000003,6,509.00000000000045,swap,improve
11177,6,517.4000000000003,6,509.00000000000045,swap,notBad
11178,6,517.4000000000003,6,509.00000000000045,swap,improve
11179,6,517.4000000000003,6,509.00000000000045,swap,improve
11180,6,517.4000000000003,6,509.00000000000045,2opt,notBad
11181,6,517.4000000000003,6,509.00000000000045,move,improve
11182,6,517.4000000000003,6,509.00000000000045,swap,improve
11183,6,517.4000000000003,6,509.00000000000045,2opt,improve
11184,6,517.4000000000003,6,509.00000000000045,swap,improve
11185,6,517.4000000000003,6,509.00000000000045,swap,improve
11186,6,517.4000000000003,6,509.00000000000045,2opt,improve
11187,6,516.2000000000003,6,509.00000000000045,swap,improve
11188,6,516.2000000000003,6,509.00000000000045,swap,notBad
11189,6,516.2000000000003,6,509.00000000000045,move,improve
11190,6,516.2000000000003,6,509.00000000000045,swap,improve
11191,6,516.2000000000003,6,509.00000000000045,move,improve
11192,6,516.2000000000003,6,509.00000000000045,swap,notBad
11193,6,516.2000000000003,6,509.00000000000045,2opt,notBad
11194,6,516.2000000000003,6,509.00000000000045,swap,notBad
11195,6,516.2000000000003,6,509.00000000000045,swap,notBad
11196,6,516.2000000000003,6,509.00000000000045,2opt,notBad
11197,6,516.2000000000003,6,509.00000000000045,swap,notBad
11198,6,516.2000000000003,6,509.00000000000045,2opt,improve
11199,6,516.2000000000003,6,509.00000000000045,swap,notBad
11200,6,516.2000000000003,6,509.00000000000045,2opt,notBad
11201,6,516.2000000000003,6,509.00000000000045,swap,notBad
11202,6,516.2000000000003,6,509.00000000000045,2opt,notBad
11203,6,516.2000000000003,6,509.00000000000045,swap,notBad
11204,6,516.2000000000003,6,509.00000000000045,2opt,notBad
11205,6,516.2000000000003,6,509.00000000000045,swap,notBad
11206,6,516.2000000000003,6,509.00000000000045,2opt,notBad
11207,6,516.2000000000003,6,509.00000000000045,move,improve
11208,6,516.2000000000003,6,509.00000000000045,swap,notBad
11209,6,516.2000000000003,6,509.00000000000045,move,improve
11210,6,516.2000000000003,6,509.00000000000045,swap,notBad
11211,6,516.2000000000003,6,509.00000000000045,swap,notBad
11212,6,516.2000000000003,6,509.00000000000045,swap,notBad
11213,6,516.2000000000003,6,509.00000000000045,move,improve
11214,6,516.2000000000003,6,509.00000000000045,move,improve
11215,6,516.2000000000003,6,509.00000000000045,2opt,notBad
11216,6,516.2000000000003,6,509.00000000000045,move,improve
11217,6,516.2000000000003,6,509.00000000000045,swap,improve
11218,6,516.2000000000003,6,509.00000000000045,swap,improve
11219,6,516.2000000000003,6,509.00000000000045,move,improve
11220,6,516.2000000000003,6,509.00000000000045,swap,notBad
11221,6,516.2000000000003,6,509.00000000000045,move,improve
11222,6,516.2000000000003,6,509.00000000000045,move,improve
11223,6,516.2000000000003,6,509.00000000000045,swap,notBad
11224,6,516.2000000000003,6,509.00000000000045,swap,notBad
11225,6,516.2000000000003,6,509.00000000000045,2opt,notBad
11226,6,516.2000000000003,6,509.00000000000045,swap,notBad
11227,6,516.2000000000003,6,509.00000000000045,2opt,notBad
11228,6,516.2000000000003,6,509.00000000000045,2opt,improve
11229,6,516.2000000000003,6,509.00000000000045,swap,notBad
11230,6,516.2000000000003,6,509.00000000000045,2opt,notBad
11231,6,516.2000000000003,6,509.00000000000045,2opt,notBad
11232,6,516.2000000000003,6,509.00000000000045,2opt,notBad
11233,6,516.2000000000003,6,509.00000000000045,swap,notBad
11234,6,516.2000000000003,6,509.00000000000045,2opt,notBad
11235,6,516.2000000000003,6,509.00000000000045,swap,notBad
11236,6,517.4000000000003,6,509.00000000000045,swap,acceptBad
11237,6,517.4000000000003,6,509.00000000000045,swap,improve
11238,6,517.4000000000003,6,509.00000000000045,move,improve
11239,6,517.4000000000003,6,509.00000000000045,move,improve
11240,6,517.4000000000003,6,509.00000000000045,move,improve
11241,6,517.4000000000003,6,509.00000000000045,swap,improve
11242,6,517.4000000000003,6,509.00000000000045,move,improve
11243,6,517.4000000000003,6,509.00000000000045,swap,notBad
11244,6,517.4000000000003,6,509.00000000000045,move,improve
11245,6,517.4000000000003,6,509.00000000000045,2opt,notBad
11246,6,517.4000000000003,6,509.00000000000045,swap,notBad
11247,6,517.4000000000003,6,509.00000000000045,swap,notBad
11248,6,520.0000000000005,6,509.00000000000045,swap,acceptBad
11249,6,520.0000000000005,6,509.00000000000045,2opt,notBad
11250,6,520.0000000000005,6,509.00000000000045,swap,notBad
11251,6,520.0000000000005,6,509.00000000000045,move,improve
11252,6,520.0000000000005,6,509.00000000000045,2opt,notBad
11253,6,520.0000000000005,6,509.00000000000045,swap,notBad
11254,6,520.0000000000005,6,509.00000000000045,2opt,notBad
11255,6,520.0000000000005,6,509.00000000000045,move,improve
11256,6,520.0000000000005,6,509.00000000000045,move,improve
11257,6,520.0000000000005,6,509.00000000000045,move,improve
11258,6,520.0000000000005,6,509.00000000000045,swap,notBad
11259,6,520.0000000000005,6,509.00000000000045,swap,notBad
11260,6,520.0000000000005,6,509.00000000000045,2opt,improve
11261,6,521.4000000000003,6,509.00000000000045,swap,acceptBad
11262,6,521.4000000000003,6,509.00000000000045,2opt,improve
11263,6,521.4000000000003,6,509.00000000000045,move,improve
11264,6,521.4000000000003,6,509.00000000000045,2opt,notBad
11265,6,521.4000000000003,6,509.00000000000045,2opt,notBad
11266,6,521.4000000000003,6,509.00000000000045,2opt,notBad
11267,6,521.4000000000003,6,509.00000000000045,move,improve
11268,6,521.4000000000003,6,509.00000000000045,move,improve
11269,6,521.4000000000003,6,509.00000000000045,move,improve
11270,6,521.4000000000003,6,509.00000000000045,2opt,improve
11271,6,521.4000000000003,6,509.00000000000045,2opt,improve
11272,6,521.4000000000003,6,509.00000000000045,move,improve
11273,6,521.4000000000003,6,509.00000000000045,2opt,notBad
11274,6,521.4000000000003,6,509.00000000000045,2opt,notBad
11275,6,521.4000000000003,6,509.00000000000045,move,improve
11276,6,521.4000000000003,6,509.00000000000045,2opt,notBad
11277,6,521.4000000000003,6,509.00000000000045,swap,notBad
11278,6,521.4000000000003,6,509.00000000000045,2opt,notBad
11279,6,521.4000000000003,6,509.00000000000045,move,improve
11280,6,521.4000000000003,6,509.00000000000045,move,improve
11281,6,521.4000000000003,6,509.00000000000045,2opt,notBad
11282,6,521.4000000000003,6,509.00000000000045,move,improve
11283,6,521.4000000000003,6,509.00000000000045,swap,improve
11284,6,516.2000000000003,6,509.00000000000045,swap,improve
11285,6,516.2000000000003,6,509.00000000000045,move,improve
11286,6,516.2000000000003,6,509.00000000000045,move,improve
11287,6,516.2000000000003,6,509.00000000000045,move,improve
11288,6,516.2000000000003,6,509.00000000000045,2opt,notBad
11289,6,516.2000000000003,6,509.00000000000045,move,improve
11290,6,516.2000000000003,6,509.00000000000045,2opt,notBad
11291,6,518.8000000000003,6,509.00000000000045,swap,acceptBad
11292,6,518.8000000000003,6,509.00000000000045,move,improve
11293,6,518.8000000000003,6,509.00000000000045,2opt,notBad
11294,6,518.8000000000003,6,509.00000000000045,move,improve
11295,6,518.8000000000003,6,509.00000000000045,swap,notBad
11296,6,518.8000000000003,6,509.00000000000045,move,improve
11297,6,518.8000000000003,6,509.00000000000045,move,improve
11298,6,518.8000000000003,6,509.00000000000045,2opt,notBad
11299,6,518.8000000000003,6,509.00000000000045,swap,notBad
11300,6,518.8000000000003,6,509.00000000000045,2opt,improve
11301,6,518.8000000000003,6,509.00000000000045,move,improve
11302,6,518.8000000000003,6,509.00000000000045,2opt,notBad
11303,6,518.8000000000003,6,509.00000000000045,2opt,notBad
11304,6,518.8000000000003,6,509.00000000000045,2opt,notBad
11305,6,518.8000000000003,6,509.00000000000045,move,improve
11306,6,518.8000000000003,6,509.00000000000045,swap,notBad
11307,6,518.8000000000003,6,509.00000000000045,swap,notBad
11308,6,518.8000000000003,6,509.00000000000045,swap,improve
11309,6,518.8000000000003,6,509.00000000000045,swap,improve
11310,6,518.8000000000003,6,509.00000000000045,move,improve
11311,6,518.8000000000003,6,509.00000000000045,2opt,notBad
11312,6,518.8000000000003,6,509.00000000000045,move,improve
11313,6,518.8000000000003,6,509.00000000000045,move,improve
11314,6,518.8000000000003,6,509.00000000000045,swap,improve
11315,6,518.8000000000003,6,509.00000000000045,2opt,notBad
11316,6,518.8000000000003,6,509.00000000000045,move,improve
11317,6,518.8000000000003,6,509.00000000000045,swap,notBad
11318,6,518.8000000000003,6,509.00000000000045,2opt,improve
11319,6,518.8000000000003,6,509.00000000000045,2opt,notBad
11320,6,518.8000000000003,6,509.00000000000045,move,improve
11321,6,518.8000000000003,6,509.00000000000045,2opt,notBad
11322,6,518.8000000000003,6,509.00000000000045,move,improve
11323,6,519.3000000000004,6,509.00000000000045,swap,acceptBad
11324,6,519.3000000000004,6,509.00000000000045,2opt,improve
11325,6,519.3000000000004,6,509.00000000000045,2opt,notBad
11326,6,519.3000000000004,6,509.00000000000045,swap,notBad
11327,6,519.3000000000004,6,509.00000000000045,move,improve
11328,6,519.3000000000004,6,509.00000000000045,swap,notBad
11329,6,519.3000000000004,6,509.00000000000045,move,improve
11330,6,519.3000000000004,6,509.00000000000045,2opt,notBad
11331,6,519.3000000000004,6,509.00000000000045,2opt,notBad
11332,6,519.3000000000004,6,509.00000000000045,swap,notBad
11333,6,519.3000000000004,6,509.00000000000045,2opt,notBad
11334,6,519.3000000000004,6,509.00000000000045,2opt,improve
11335,6,519.3000000000004,6,509.00000000000045,swap,notBad
11336,6,519.3000000000004,6,509.00000000000045,2opt,improve
11337,6,519.3000000000004,6,509.00000000000045,move,improve
11338,6,519.3000000000004,6,509.00000000000045,move,improve
11339,6,519.3000000000004,6,509.00000000000045,2opt,notBad
11340,6,519.3000000000004,6,509.00000000000045,2opt,notBad
11341,6,519.3000000000004,6,509.00000000000045,swap,notBad
11342,6,519.3000000000004,6,509.00000000000045,move,improve
11343,6,519.3000000000004,6,509.00000000000045,move,improve
11344,6,519.3000000000004,6,509.00000000000045,move,improve
11345,6,519.3000000000004,6,509.00000000000045,move,improve
11346,6,519.3000000000004,6,509.00000000000045,move,improve
11347,6,519.3000000000004,6,509.00000000000045,swap,notBad
11348,6,519.3000000000004,6,509.00000000000045,2opt,notBad
11349,6,519.3000000000004,6,509.00000000000045,2opt,notBad
11350,6,519.3000000000004,6,509.00000000000045,2opt,notBad
11351,6,519.3000000000004,6,509.00000000000045,move,improve
11352,6,519.6000000000004,6,509.00000000000045,2opt,acceptBad
11353,6,519.6000000000004,6,509.00000000000045,2opt,notBad
11354,6,519.6000000000004,6,509.00000000000045,swap,notBad
11355,6,519.6000000000004,6,509.00000000000045,2opt,improve
11356,6,519.6000000000004,6,509.00000000000045,swap,notBad
11357,6,519.6000000000004,6,509.00000000000045,move,improve
11358,6,519.6000000000004,6,509.00000000000045,swap,notBad
11359,6,519.6000000000004,6,509.00000000000045,swap,notBad
11360,6,519.6000000000004,6,509.00000000000045,move,improve
11361,6,519.6000000000004,6,509.00000000000045,move,improve
11362,6,519.6000000000004,6,509.00000000000045,swap,notBad
11363,6,519.6000000000004,6,509.00000000000045,2opt,notBad
11364,6,519.6000000000004,6,509.00000000000045,swap,improve
11365,6,519.6000000000004,6,509.00000000000045,swap,improve
11366,6,519.6000000000004,6,509.00000000000045,2opt,notBad
11367,6,519.6000000000004,6,509.00000000000045,2opt,notBad
11368,6,519.6000000000004,6,509.00000000000045,swap,notBad
11369,6,519.6000000000004,6,509.00000000000045,move,improve
11370,6,519.6000000000004,6,509.00000000000045,move,improve
11371,6,519.6000000000004,6,509.00000000000045,swap,notBad
11372,6,519.6000000000004,6,509.00000000000045,2opt,notBad
11373,6,519.6000000000004,6,509.00000000000045,2opt,notBad
11374,6,519.6000000000004,6,509.00000000000045,move,improve
11375,6,519.6000000000004,6,509.00000000000045,2opt,notBad
11376,6,519.6000000000004,6,509.00000000000045,swap,notBad
11377,6,519.6000000000004,6,509.00000000000045,move,improve
11378,6,519.6000000000004,6,509.00000000000045,swap,notBad
11379,6,519.6000000000004,6,509.00000000000045,2opt,improve
11380,6,519.6000000000004,6,509.00000000000045,2opt,notBad
11381,6,519.6000000000004,6,509.00000000000045,swap,improve
11382,6,519.6000000000004,6,509.00000000000045,swap,notBad
11383,6,519.6000000000004,6,509.00000000000045,swap,notBad
11384,6,519.6000000000004,6,509.00000000000045,move,improve
11385,6,519.6000000000004,6,509.00000000000045,move,improve
11386,6,519.6000000000004,6,509.00000000000045,move,improve
11387,6,519.6000000000004,6,509.00000000000045,move,improve
11388,6,519.6000000000004,6,509.00000000000045,2opt,notBad
11389,6,519.6000000000004,6,509.00000000000045,swap,improve
11390,6,519.6000000000004,6,509.00000000000045,move,improve
11391,6,522.3000000000003,6,509.00000000000045,swap,acceptBad
11392,6,522.3000000000003,6,509.00000000000045,move,improve
11393,6,522.3000000000003,6,509.00000000000045,move,improve
11394,6,522.3000000000003,6,509.00000000000045,2opt,notBad
11395,6,522.3000000000003,6,509.00000000000045,2opt,improve
11396,6,522.3000000000003,6,509.00000000000045,2opt,notBad
11397,6,522.3000000000003,6,509.00000000000045,swap,improve
11398,6,522.3000000000003,6,509.00000000000045,swap,improve
11399,6,522.3000000000003,6,509.00000000000045,move,improve
11400,6,522.3000000000003,6,509.00000000000045,move,improve
11401,6,522.3000000000003,6,509.00000000000045,move,improve
11402,6,522.3000000000003,6,509.00000000000045,swap,notBad
11403,6,522.3000000000003,6,509.00000000000045,swap,notBad
11404,6,522.3000000000003,6,509.00000000000045,2opt,notBad
11405,6,522.3000000000003,6,509.00000000000045,2opt,notBad
11406,6,522.3000000000003,6,509.00000000000045,move,improve
11407,6,522.3000000000003,6,509.00000000000045,swap,improve
11408,6,522.3000000000003,6,509.00000000000045,2opt,improve
11409,6,522.3000000000003,6,509.00000000000045,move,improve
11410,6,522.3000000000003,6,509.00000000000045,move,improve
11411,6,522.3000000000003,6,509.00000000000045,move,improve
11412,6,522.3000000000003,6,509.00000000000045,swap,notBad
11413,6,522.3000000000003,6,509.00000000000045,2opt,improve
11414,6,522.3000000000003,6,509.00000000000045,move,improve
11415,6,522.3000000000003,6,509.00000000000045,swap,notBad
11416,6,522.3000000000003,6,509.00000000000045,move,improve
11417,6,522.3000000000003,6,509.00000000000045,2opt,improve
11418,6,521.2000000000002,6,509.00000000000045,swap,improve
11419,6,521.2000000000002,6,509.00000000000045,2opt,notBad
11420,6,521.2000000000002,6,509.00000000000045,swap,improve
11421,6,521.2000000000002,6,509.00000000000045,swap,improve
11422,6,521.2000000000002,6,509.00000000000045,swap,notBad
11423,6,521.2000000000002,6,509.00000000000045,move,improve
11424,6,521.2000000000002,6,509.00000000000045,2opt,notBad
11425,6,521.2000000000002,6,509.00000000000045,move,improve
11426,6,521.2000000000002,6,509.00000000000045,swap,notBad
11427,6,521.2000000000002,6,509.00000000000045,2opt,improve
11428,6,521.2000000000002,6,509.00000000000045,2opt,notBad
11429,6,521.2000000000002,6,509.00000000000045,move,improve
11430,6,521.2000000000002,6,509.00000000000045,swap,notBad
11431,6,520.0000000000001,6,509.00000000000045,swap,improve
11432,6,520.0000000000001,6,509.00000000000045,swap,improve
11433,6,520.0000000000001,6,509.00000000000045,swap,notBad
11434,6,520.0000000000001,6,509.00000000000045,2opt,improve
11435,6,520.0000000000001,6,509.00000000000045,move,improve
11436,6,520.0000000000001,6,509.00000000000045,swap,improve
11437,6,520.0000000000001,6,509.00000000000045,swap,notBad
11438,6,520.0000000000001,6,509.00000000000045,move,improve
11439,6,520.0000000000001,6,509.00000000000045,2opt,notBad
11440,6,518.9000000000002,6,509.00000000000045,swap,improve
11441,6,518.9000000000002,6,509.00000000000045,move,improve
11442,6,518.9000000000002,6,509.00000000000045,swap,notBad
11443,6,518.9000000000002,6,509.00000000000045,move,improve
11444,6,518.9000000000002,6,509.00000000000045,move,improve
11445,6,518.9000000000002,6,509.00000000000045,2opt,notBad
11446,6,518.9000000000002,6,509.00000000000045,2opt,notBad
11447,6,518.9000000000002,6,509.00000000000045,2opt,notBad
11448,6,518.9000000000002,6,509.00000000000045,2opt,notBad
11449,6,518.9000000000002,6,509.00000000000045,2opt,notBad
11450,6,518.9000000000002,6,509.00000000000045,2opt,improve
11451,6,518.9000000000002,6,509.00000000000045,move,improve
11452,6,518.9000000000002,6,509.00000000000045,2opt,improve
11453,6,518.9000000000002,6,509.00000000000045,swap,notBad
11454,6,518.9000000000002,6,509.00000000000045,2opt,notBad
11455,6,518.9000000000002,6,509.00000000000045,2opt,notBad
11456,6,518.9000000000002,6,509.00000000000045,move,improve
11457,6,518.9000000000002,6,509.00000000000045,2opt,notBad
11458,6,518.9000000000002,6,509.00000000000045,move,improve
11459,6,518.9000000000002,6,509.00000000000045,move,improve
11460,6,518.9000000000002,6,509.00000000000045,move,improve
11461,6,518.9000000000002,6,509.00000000000045,swap,improve
11462,6,518.9000000000002,6,509.00000000000045,move,improve
11463,6,520.0000000000001,6,509.00000000000045,swap,acceptBad
11464,6,520.0000000000001,6,509.00000000000045,2opt,notBad
11465,6,520.0000000000001,6,509.00000000000045,move,improve
11466,6,520.0000000000001,6,509.00000000000045,2opt,notBad
11467,6,520.0000000000001,6,509.00000000000045,2opt,notBad
11468,6,520.0000000000001,6,509.00000000000045,swap,notBad
11469,6,520.0000000000001,6,509.00000000000045,2opt,notBad
11470,6,520.0000000000001,6,509.00000000000045,2opt,improve
11471,6,520.0000000000001,6,509.00000000000045,swap,notBad
11472,6,520.0000000000001,6,509.00000000000045,2opt,improve
11473,6,520.0000000000001,6,509.00000000000045,2opt,notBad
11474,6,520.0000000000001,6,509.00000000000045,swap,notBad
11475,6,520.0000000000001,6,509.00000000000045,2opt,notBad
11476,6,520.0000000000001,6,509.00000000000045,swap,notBad
11477,6,517.0000000000001,6,509.00000000000045,swap,improve
11478,6,517.0000000000001,6,509.00000000000045,swap,notBad
11479,6,517.0000000000001,6,509.00000000000045,2opt,notBad
11480,6,517.0000000000001,6,509.00000000000045,swap,notBad
11481,6,517.0000000000001,6,509.00000000000045,move,improve
11482,6,517.0000000000001,6,509.00000000000045,move,improve
11483,6,517.0000000000001,6,509.00000000000045,swap,notBad
11484,6,517.0000000000001,6,509.00000000000045,move,improve
11485,6,517.0000000000001,6,509.00000000000045,move,improve
11486,6,517.0000000000001,6,509.00000000000045,2opt,notBad
11487,6,517.0000000000001,6,509.00000000000045,swap,notBad
11488,6,517.0000000000001,6,509.00000000000045,move,improve
11489,6,517.0000000000001,6,509.00000000000045,move,improve
11490,6,517.0000000000001,6,509.00000000000045,2opt,notBad
11491,6,517.0000000000001,6,509.00000000000045,2opt,notBad
11492,6,517.0000000000001,6,509.00000000000045,move,improve
11493,6,517.0000000000001,6,509.00000000000045,move,improve
11494,6,517.0000000000001,6,509.00000000000045,swap,notBad
11495,6,517.0000000000001,6,509.00000000000045,move,improve
11496,6,517.0000000000001,6,509.00000000000045,2opt,notBad
11497,6,517.0000000000001,6,509.00000000000045,swap,notBad
11498,6,517.0000000000001,6,509.00000000000045,move,improve
11499,6,517.0000000000001,6,509.00000000000045,move,improve
11500,6,517.0000000000001,6,509.00000000000045,swap,improve
11501,6,514.0000000000001,6,509.00000000000045,swap,improve
11502,6,514.0000000000001,6,509.00000000000045,move,improve
11503,6,514.0000000000001,6,509.00000000000045,swap,notBad
11504,6,514.0000000000001,6,509.00000000000045,2opt,improve
11505,6,514.0000000000001,6,509.00000000000045,swap,notBad
11506,6,514.0000000000001,6,509.00000000000045,2opt,notBad
11507,6,514.0000000000001,6,509.00000000000045,move,improve
11508,6,514.0000000000001,6,509.00000000000045,2opt,notBad
11509,6,514.0000000000001,6,509.00000000000045,move,improve
11510,6,514.0000000000001,6,509.00000000000045,swap,notBad
11511,6,514.0000000000001,6,509.00000000000045,move,improve
11512,6,514.0000000000001,6,509.00000000000045,2opt,notBad
11513,6,514.0000000000001,6,509.00000000000045,swap,notBad
11514,6,514.0000000000001,6,509.00000000000045,swap,notBad
11515,6,514.0000000000001,6,509.00000000000045,2opt,improve
11516,6,514.0000000000001,6,509.00000000000045,swap,notBad
11517,6,514.0000000000001,6,509.00000000000045,2opt,notBad
11518,6,514.0000000000001,6,509.00000000000045,swap,notBad
11519,6,514.0000000000001,6,509.00000000000045,swap,notBad
11520,6,514.0000000000001,6,509.00000000000045,move,improve
11521,6,514.0000000000001,6,509.00000000000045,swap,notBad
11522,6,514.0000000000001,6,509.00000000000045,swap,notBad
11523,6,514.0000000000001,6,509.00000000000045,swap,notBad
11524,6,514.0000000000001,6,509.00000000000045,2opt,improve
11525,6,514.0000000000001,6,509.00000000000045,2opt,notBad
11526,6,514.0000000000001,6,509.00000000000045,swap,notBad
11527,6,514.0000000000001,6,509.00000000000045,2opt,notBad
11528,6,514.0000000000001,6,509.00000000000045,2opt,notBad
11529,6,514.0000000000001,6,509.00000000000045,2opt,notBad
11530,6,514.0000000000001,6,509.00000000000045,swap,notBad
11531,6,514.0000000000001,6,509.00000000000045,swap,notBad
11532,6,514.0000000000001,6,509.00000000000045,move,improve
11533,6,514.0000000000001,6,509.00000000000045,2opt,notBad
11534,6,514.0000000000001,6,509.00000000000045,swap,notBad
11535,6,514.0000000000001,6,509.00000000000045,2opt,notBad
11536,6,514.0000000000001,6,509.00000000000045,move,improve
11537,6,514.0000000000001,6,509.00000000000045,move,improve
11538,6,514.0000000000001,6,509.00000000000045,move,improve
11539,6,514.0000000000001,6,509.00000000000045,2opt,notBad
11540,6,514.0000000000001,6,509.00000000000045,move,improve
11541,6,514.0000000000001,6,509.00000000000045,swap,notBad
11542,6,514.0000000000001,6,509.00000000000045,2opt,improve
11543,6,514.0000000000001,6,509.00000000000045,2opt,notBad
11544,6,514.0000000000001,6,509.00000000000045,2opt,notBad
11545,6,514.0000000000001,6,509.00000000000045,swap,notBad
11546,6,514.0000000000001,6,509.00000000000045,2opt,improve
11547,6,514.0000000000001,6,509.00000000000045,move,improve
11548,6,514.0000000000001,6,509.00000000000045,move,improve
11549,6,514.0000000000001,6,509.00000000000045,swap,notBad
11550,6,514.0000000000001,6,509.00000000000045,2opt,notBad
11551,6,514.0000000000001,6,509.00000000000045,2opt,notBad
11552,6,514.0000000000001,6,509.00000000000045,swap,notBad
11553,6,514.0000000000001,6,509.00000000000045,move,improve
11554,6,514.0000000000001,6,509.00000000000045,2opt,notBad
11555,6,514.0000000000001,6,509.00000000000045,move,improve
11556,6,514.0000000000001,6,509.00000000000045,swap,notBad
11557,6,514.0000000000001,6,509.00000000000045,2opt,notBad
11558,6,514.0000000000001,6,509.00000000000045,2opt,notBad
11559,6,514.0000000000001,6,509.00000000000045,2opt,notBad
11560,6,514.0000000000001,6,509.00000000000045,2opt,improve
11561,6,514.0000000000001,6,509.00000000000045,move,improve
11562,6,514.0000000000001,6,509.00000000000045,move,improve
11563,6,514.0000000000001,6,509.00000000000045,2opt,notBad
11564,6,514.0000000000001,6,509.00000000000045,swap,notBad
11565,6,514.0000000000001,6,509.00000000000045,swap,notBad
11566,6,514.0000000000001,6,509.00000000000045,swap,notBad
11567,6,514.0000000000001,6,509.00000000000045,2opt,improve
11568,6,514.0000000000001,6,509.00000000000045,2opt,notBad
11569,6,514.0000000000001,6,509.00000000000045,2opt,improve
11570,6,514.0000000000001,6,509.00000000000045,move,improve
11571,6,514.0000000000001,6,509.00000000000045,move,improve
11572,6,514.0000000000001,6,509.00000000000045,swap,notBad
11573,6,514.0000000000001,6,509.00000000000045,move,improve
11574,6,514.0000000000001,6,509.00000000000045,2opt,notBad
11575,6,514.0000000000001,6,509.00000000000045,2opt,improve
11576,6,514.0000000000001,6,509.00000000000045,2opt,notBad
11577,6,514.0000000000001,6,509.00000000000045,2opt,notBad
11578,6,514.0000000000001,6,509.00000000000045,2opt,notBad
11579,6,514.0000000000001,6,509.00000000000045,swap,notBad
11580,6,514.0000000000001,6,509.00000000000045,swap,notBad
11581,6,514.0000000000001,6,509.00000000000045,move,improve
11582,6,514.0000000000001,6,509.00000000000045,2opt,notBad
11583,6,514.0000000000001,6,509.00000000000045,move,improve
11584,6,514.0000000000001,6,509.00000000000045,swap,notBad
11585,6,514.0000000000001,6,509.00000000000045,2opt,notBad
11586,6,514.0000000000001,6,509.00000000000045,move,improve
11587,6,514.0000000000001,6,509.00000000000045,move,improve
11588,6,514.0000000000001,6,509.00000000000045,swap,notBad
11589,6,514.0000000000001,6,509.00000000000045,swap,notBad
11590,6,514.0000000000001,6,509.00000000000045,swap,notBad
11591,6,514.0000000000001,6,509.00000000000045,move,improve
11592,6,514.0000000000001,6,509.00000000000045,move,improve
11593,6,514.0000000000001,6,509.00000000000045,move,improve
11594,6,514.0000000000001,6,509.00000000000045,move,improve
11595,6,514.0000000000001,6,509.00000000000045,move,improve
11596,6,514.0000000000001,6,509.00000000000045,2opt,notBad
11597,6,514.0000000000001,6,509.00000000000045,swap,notBad
11598,6,514.0000000000001,6,509.00000000000045,move,improve
11599,6,514.0000000000001,6,509.00000000000045,move,improve
11600,6,514.0000000000001,6,509.00000000000045,swap,improve
11601,6,514.0000000000001,6,509.00000000000045,2opt,notBad
11602,6,514.0000000000001,6,509.00000000000045,move,improve
11603,6,514.0000000000001,6,509.00000000000045,swap,notBad
11604,6,514.0000000000001,6,509.00000000000045,move,improve
11605,6,514.0000000000001,6,509.00000000000045,2opt,notBad
11606,6,514.0000000000001,6,509.00000000000045,move,improve
11607,6,514.0000000000001,6,509.00000000000045,move,improve
11608,6,514.0000000000001,6,509.00000000000045,2opt,notBad
11609,6,514.0000000000001,6,509.00000000000045,move,improve
11610,6,514.0000000000001,6,509.00000000000045,2opt,notBad
11611,6,514.0000000000001,6,509.00000000000045,swap,notBad
11612,6,514.0000000000001,6,509.00000000000045,move,notBad
11613,6,514.0000000000001,6,509.00000000000045,2opt,notBad
11614,6,514.0000000000001,6,509.00000000000045,swap,notBad
11615,6,514.0000000000001,6,509.00000000000045,swap,notBad
11616,6,514.0000000000001,6,509.00000000000045,swap,notBad
11617,6,514.0000000000001,6,509.00000000000045,move,improve
11618,6,514.0000000000001,6,509.00000000000045,swap,notBad
11619,6,514.0000000000001,6,509.00000000000045,swap,notBad
11620,6,514.0000000000001,6,509.00000000000045,2opt,notBad
11621,6,514.0000000000001,6,509.00000000000045,swap,notBad
11622,6,514.0000000000001,6,509.00000000000045,move,improve
11623,6,514.0000000000001,6,509.00000000000045,2opt,notBad
11624,6,514.0000000000001,6,509.00000000000045,2opt,notBad
11625,6,514.0000000000001,6,509.00000000000045,move,improve
11626,6,514.0000000000001,6,509.00000000000045,swap,improve
11627,6,514.0000000000001,6,509.00000000000045,move,improve
11628,6,514.0000000000001,6,509.00000000000045,swap,notBad
11629,6,514.0000000000001,6,509.00000000000045,move,improve
11630,6,514.0000000000001,6,509.00000000000045,move,improve
11631,6,514.0000000000001,6,509.00000000000045,move,improve
11632,6,514.0000000000001,6,509.00000000000045,move,improve
11633,6,514.0000000000001,6,509.00000000000045,swap,notBad
11634,6,514.0000000000001,6,509.00000000000045,swap,notBad
11635,6,514.0000000000001,6,509.00000000000045,move,improve
11636,6,514.0000000000001,6,509.00000000000045,swap,notBad
11637,6,514.0000000000001,6,509.00000000000045,move,improve
11638,6,514.0000000000001,6,509.00000000000045,swap,notBad
11639,6,514.0000000000001,6,509.00000000000045,move,improve
11640,6,514.0000000000001,6,509.00000000000045,2opt,notBad
11641,6,514.0000000000001,6,509.00000000000045,2opt,notBad
11642,6,514.0000000000001,6,509.00000000000045,swap,notBad
11643,6,514.0000000000001,6,509.00000000000045,move,improve
11644,6,514.0000000000001,6,509.00000000000045,move,improve
11645,6,514.0000000000001,6,509.00000000000045,swap,improve
11646,6,514.0000000000001,6,509.00000000000045,2opt,notBad
11647,6,514.0000000000001,6,509.00000000000045,move,improve
11648,6,514.0000000000001,6,509.00000000000045,move,improve
11649,6,514.0000000000001,6,509.00000000000045,move,improve
11650,6,514.0000000000001,6,509.00000000000045,2opt,notBad
11651,6,514.0000000000001,6,509.00000000000045,swap,notBad
11652,6,514.0000000000001,6,509.00000000000045,move,improve
11653,6,514.0000000000001,6,509.00000000000045,swap,notBad
11654,6,514.0000000000001,6,509.00000000000045,move,improve
11655,6,514.0000000000001,6,509.00000000000045,move,improve
11656,6,514.0000000000001,6,509.00000000000045,move,improve
11657,6,514.0000000000001,6,509.00000000000045,swap,improve
11658,6,514.0000000000001,6,509.00000000000045,2opt,improve
11659,6,514.0000000000001,6,509.00000000000045,2opt,notBad
11660,6,514.0000000000001,6,509.00000000000045,move,improve
11661,6,514.0000000000001,6,509.00000000000045,move,improve
11662,6,514.0000000000001,6,509.00000000000045,move,improve
11663,6,514.0000000000001,6,509.00000000000045,swap,notBad
11664,6,514.0000000000001,6,509.00000000000045,2opt,notBad
11665,6,514.9000000000002,6,509.00000000000045,swap,acceptBad
11666,6,514.9000000000002,6,509.00000000000045,2opt,notBad
11667,6,514.9000000000002,6,509.00000000000045,move,improve
11668,6,514.9000000000002,6,509.00000000000045,move,improve
11669,6,514.9000000000002,6,509.00000000000045,move,improve
11670,6,514.9000000000002,6,509.00000000000045,move,improve
11671,6,514.9000000000002,6,509.00000000000045,2opt,notBad
11672,6,514.9000000000002,6,509.00000000000045,move,improve
11673,6,514.9000000000002,6,509.00000000000045,move,improve
11674,6,514.9000000000002,6,509.00000000000045,2opt,notBad
11675,6,514.9000000000002,6,509.00000000000045,2opt,improve
11676,6,514.9000000000002,6,509.00000000000045,2opt,improve
11677,6,514.9000000000002,6,509.00000000000045,swap,notBad
11678,6,514.9000000000002,6,509.00000000000045,move,improve
11679,6,514.9000000000002,6,509.00000000000045,move,improve
11680,6,514.9000000000002,6,509.00000000000045,2opt,notBad
11681,6,514.9000000000002,6,509.00000000000045,swap,notBad
11682,6,514.9000000000002,6,509.00000000000045,swap,notBad
11683,6,514.9000000000002,6,509.00000000000045,swap,notBad
11684,6,514.9000000000002,6,509.00000000000045,2opt,notBad
11685,6,514.9000000000002,6,509.00000000000045,swap,notBad
11686,6,514.9000000000002,6,509.00000000000045,swap,notBad
11687,6,517.9000000000002,6,509.00000000000045,swap,acceptBad
11688,6,517.9000000000002,6,509.00000000000045,swap,notBad
11689,6,517.9000000000002,6,509.00000000000045,move,improve
11690,6,517.9000000000002,6,509.00000000000045,move,improve
11691,6,517.9000000000002,6,509.00000000000045,move,improve
11692,6,517.9000000000002,6,509.00000000000045,2opt,notBad
11693,6,517.9000000000002,6,509.00000000000045,move,improve
11694,6,517.9000000000002,6,509.00000000000045,2opt,notBad
11695,6,517.9000000000002,6,509.00000000000045,2opt,improve
11696,6,517.9000000000002,6,509.00000000000045,move,improve
11697,6,517.9000000000002,6,509.00000000000045,2opt,notBad
11698,6,517.9000000000002,6,509.00000000000045,swap,notBad
11699,6,517.9000000000002,6,509.00000000000045,move,improve
11700,6,517.9000000000002,6,509.00000000000045,move,improve
11701,6,517.9000000000002,6,509.00000000000045,swap,notBad
11702,6,517.9000000000002,6,509.00000000000045,swap,notBad
11703,6,517.9000000000002,6,509.00000000000045,2opt,notBad
11704,6,517.9000000000002,6,509.00000000000045,2opt,notBad
11705,6,517.9000000000002,6,509.00000000000045,move,improve
11706,6,517.9000000000002,6,509.00000000000045,move,improve
11707,6,516.2000000000004,6,509.00000000000045,swap,improve
11708,6,516.2000000000004,6,509.00000000000045,swap,notBad
11709,6,516.2000000000004,6,509.00000000000045,swap,notBad
11710,6,516.2000000000004,6,509.00000000000045,2opt,notBad
11711,6,516.2000000000004,6,509.00000000000045,2opt,notBad
11712,6,516.2000000000004,6,509.00000000000045,2opt,improve
11713,6,516.2000000000004,6,509.00000000000045,2opt,notBad
11714,6,516.2000000000004,6,509.00000000000045,2opt,notBad
11715,6,516.2000000000004,6,509.00000000000045,move,improve
11716,6,516.2000000000004,6,509.00000000000045,2opt,notBad
11717,6,516.2000000000004,6,509.00000000000045,move,improve
11718,6,516.2000000000004,6,509.00000000000045,2opt,improve
11719,6,516.2000000000004,6,509.00000000000045,swap,notBad
11720,6,516.2000000000004,6,509.00000000000045,swap,notBad
11721,6,516.2000000000004,6,509.00000000000045,move,improve
11722,6,516.2000000000004,6,509.00000000000045,swap,improve
11723,6,516.2000000000004,6,509.00000000000045,swap,notBad
11724,6,516.2000000000004,6,509.00000000000045,2opt,notBad
11725,6,516.2000000000004,6,509.00000000000045,2opt,notBad
11726,6,516.2000000000004,6,509.00000000000045,swap,notBad
11727,6,516.2000000000004,6,509.00000000000045,2opt,notBad
11728,6,516.2000000000004,6,509.00000000000045,move,improve
11729,6,516.2000000000004,6,509.00000000000045,2opt,notBad
11730,6,516.2000000000004,6,509.00000000000045,2opt,improve
11731,6,516.2000000000004,6,509.00000000000045,swap,notBad
11732,6,516.2000000000004,6,509.00000000000045,move,improve
11733,6,516.2000000000004,6,509.00000000000045,2opt,notBad
11734,6,516.2000000000004,6,509.00000000000045,2opt,notBad
11735,6,516.2000000000004,6,509.00000000000045,swap,notBad
11736,6,516.2000000000004,6,509.00000000000045,swap,notBad
11737,6,516.2000000000004,6,509.00000000000045,move,improve
11738,6,516.2000000000004,6,509.00000000000045,move,improve
11739,6,516.2000000000004,6,509.00000000000045,swap,notBad
11740,6,516.2000000000004,6,509.00000000000045,swap,notBad
11741,6,516.2000000000004,6,509.00000000000045,swap,notBad
11742,6,516.2000000000004,6,509.00000000000045,move,improve
11743,6,516.2000000000004,6,509.00000000000045,2opt,improve
11744,6,516.2000000000004,6,509.00000000000045,swap,improve
11745,6,516.2000000000004,6,509.00000000000045,2opt,notBad
11746,6,516.2000000000004,6,509.00000000000045,swap,notBad
11747,6,516.2000000000004,6,509.00000000000045,swap,notBad
11748,6,516.2000000000004,6,509.00000000000045,2opt,notBad
11749,6,516.2000000000004,6,509.00000000000045,move,improve
11750,6,516.2000000000004,6,509.00000000000045,2opt,notBad
11751,6,516.2000000000004,6,509.00000000000045,2opt,notBad
11752,6,516.2000000000004,6,509.00000000000045,swap,notBad
11753,6,516.2000000000004,6,509.00000000000045,move,improve
11754,6,516.2000000000004,6,509.00000000000045,swap,improve
11755,6,516.2000000000004,6,509.00000000000045,2opt,improve
11756,6,516.2000000000004,6,509.00000000000045,2opt,notBad
11757,6,516.2000000000004,6,509.00000000000045,2opt,notBad
11758,6,516.2000000000004,6,509.00000000000045,2opt,improve
11759,6,516.2000000000004,6,509.00000000000045,swap,notBad
11760,6,516.2000000000004,6,509.00000000000045,swap,notBad
11761,6,516.2000000000004,6,509.00000000000045,move,improve
11762,6,516.2000000000004,6,509.00000000000045,2opt,notBad
11763,6,516.2000000000004,6,509.00000000000045,2opt,notBad
11764,6,516.2000000000004,6,509.00000000000045,swap,notBad
11765,6,516.2000000000004,6,509.00000000000045,move,improve
11766,6,516.2000000000004,6,509.00000000000045,swap,improve
11767,6,516.2000000000004,6,509.00000000000045,move,improve
11768,6,516.2000000000004,6,509.00000000000045,2opt,notBad
11769,6,516.2000000000004,6,509.00000000000045,swap,improve
11770,6,516.2000000000004,6,509.00000000000045,2opt,improve
11771,6,516.2000000000004,6,509.00000000000045,move,improve
11772,6,516.2000000000004,6,509.00000000000045,swap,notBad
11773,6,516.2000000000004,6,509.00000000000045,swap,notBad
11774,6,516.2000000000004,6,509.00000000000045,2opt,improve
11775,6,516.2000000000004,6,509.00000000000045,2opt,notBad
11776,6,516.2000000000004,6,509.00000000000045,swap,improve
11777,6,516.2000000000004,6,509.00000000000045,2opt,notBad
11778,6,516.2000000000004,6,509.00000000000045,2opt,notBad
11779,6,516.2000000000004,6,509.00000000000045,swap,improve
11780,6,516.2000000000004,6,509.00000000000045,swap,notBad
11781,6,516.2000000000004,6,509.00000000000045,swap,notBad
11782,6,516.2000000000004,6,509.00000000000045,swap,improve
11783,6,516.2000000000004,6,509.00000000000045,swap,notBad
11784,6,516.2000000000004,6,509.00000000000045,move,improve
11785,6,516.2000000000004,6,509.00000000000045,swap,improve
11786,6,516.2000000000004,6,509.00000000000045,swap,notBad
11787,6,516.2000000000004,6,509.00000000000045,swap,notBad
11788,6,516.2000000000004,6,509.00000000000045,2opt,improve
11789,6,516.2000000000004,6,509.00000000000045,2opt,improve
11790,6,516.2000000000004,6,509.00000000000045,move,improve
11791,6,516.2000000000004,6,509.00000000000045,swap,notBad
11792,6,516.2000000000004,6,509.00000000000045,move,improve
11793,6,516.2000000000004,6,509.00000000000045,2opt,notBad
11794,6,516.2000000000004,6,509.00000000000045,2opt,notBad
11795,6,516.2000000000004,6,509.00000000000045,swap,notBad
11796,6,516.2000000000004,6,509.00000000000045,swap,improve
11797,6,516.2000000000004,6,509.00000000000045,swap,notBad
11798,6,516.2000000000004,6,509.00000000000045,move,improve
11799,6,516.2000000000004,6,509.00000000000045,swap,notBad
11800,6,516.2000000000004,6,509.00000000000045,move,improve
11801,6,516.2000000000004,6,509.00000000000045,2opt,notBad
11802,6,516.2000000000004,6,509.00000000000045,2opt,notBad
11803,6,516.2000000000004,6,509.00000000000045,move,improve
11804,6,516.2000000000004,6,509.00000000000045,move,improve
11805,6,516.2000000000004,6,509.00000000000045,2opt,improve
11806,6,516.2000000000004,6,509.00000000000045,2opt,notBad
11807,6,516.2000000000004,6,509.00000000000045,2opt,improve
11808,6,516.2000000000004,6,509.00000000000045,2opt,improve
11809,6,516.2000000000004,6,509.00000000000045,move,improve
11810,6,516.2000000000004,6,509.00000000000045,move,improve
11811,6,516.2000000000004,6,509.00000000000045,2opt,improve
11812,6,516.2000000000004,6,509.00000000000045,2opt,improve
11813,6,516.2000000000004,6,509.00000000000045,swap,notBad
11814,6,517.9000000000002,6,509.00000000000045,swap,acceptBad
11815,6,517.9000000000002,6,509.00000000000045,2opt,improve
11816,6,517.9000000000002,6,509.00000000000045,swap,notBad
11817,6,520.4000000000002,6,509.00000000000045,swap,acceptBad
11818,6,520.4000000000002,6,509.00000000000045,swap,notBad
11819,6,520.4000000000002,6,509.00000000000045,move,improve
11820,6,520.4000000000002,6,509.00000000000045,move,improve
11821,6,520.4000000000002,6,509.00000000000045,swap,notBad
11822,6,520.4000000000002,6,509.00000000000045,2opt,notBad
11823,6,520.4000000000002,6,509.00000000000045,swap,notBad
11824,6,520.4000000000002,6,509.00000000000045,move,improve
11825,6,520.4000000000002,6,509.00000000000045,2opt,improve
11826,6,520.4000000000002,6,509.00000000000045,2opt,notBad
11827,6,520.4000000000002,6,509.00000000000045,swap,notBad
11828,6,520.4000000000002,6,509.00000000000045,swap,notBad
11829,6,520.4000000000002,6,509.00000000000045,swap,notBad
11830,6,520.4000000000002,6,509.00000000000045,move,improve
11831,6,520.4000000000002,6,509.00000000000045,swap,notBad
11832,6,520.4000000000002,6,509.00000000000045,move,improve
11833,6,520.4000000000002,6,509.00000000000045,move,improve
11834,6,520.4000000000002,6,509.00000000000045,2opt,notBad
11835,6,520.4000000000002,6,509.00000000000045,2opt,improve
11836,6,520.4000000000002,6,509.00000000000045,swap,notBad
11837,6,520.4000000000002,6,509.00000000000045,move,notBad
11838,6,520.4000000000002,6,509.00000000000045,2opt,notBad
11839,6,520.4000000000002,6,509.00000000000045,move,notBad
11840,6,520.4000000000002,6,509.00000000000045,swap,improve
11841,6,520.4000000000002,6,509.00000000000045,2opt,notBad
11842,6,520.4000000000002,6,509.00000000000045,move,improve
11843,6,520.4000000000002,6,509.00000000000045,move,improve
11844,6,520.4000000000002,6,509.00000000000045,move,improve
11845,6,520.4000000000002,6,509.00000000000045,2opt,notBad
11846,6,520.4000000000002,6,509.00000000000045,2opt,notBad
11847,6,520.4000000000002,6,509.00000000000045,move,improve
11848,6,520.4000000000002,6,509.00000000000045,swap,notBad
11849,6,520.4000000000002,6,509.00000000000045,swap,notBad
11850,6,520.4000000000002,6,509.00000000000045,2opt,notBad
11851,6,520.4000000000002,6,509.00000000000045,swap,notBad
11852,6,520.4000000000002,6,509.00000000000045,2opt,notBad
11853,6,520.4000000000002,6,509.00000000000045,2opt,improve
11854,6,520.4000000000002,6,509.00000000000045,swap,notBad
11855,6,520.4000000000002,6,509.00000000000045,move,notBad
11856,6,520.4000000000002,6,509.00000000000045,move,improve
11857,6,520.4000000000002,6,509.00000000000045,move,improve
11858,6,520.4000000000002,6,509.00000000000045,swap,improve
11859,6,520.4000000000002,6,509.00000000000045,swap,notBad
11860,6,520.4000000000002,6,509.00000000000045,swap,notBad
11861,6,520.4000000000002,6,509.00000000000045,swap,notBad
11862,6,520.4000000000002,6,509.00000000000045,swap,notBad
11863,6,520.4000000000002,6,509.00000000000045,move,improve
11864,6,520.4000000000002,6,509.00000000000045,move,improve
11865,6,520.4000000000002,6,509.00000000000045,move,improve
11866,6,520.4000000000002,6,509.00000000000045,2opt,notBad
11867,6,520.4000000000002,6,509.00000000000045,move,improve
11868,6,520.4000000000002,6,509.00000000000045,2opt,notBad
11869,6,520.4000000000002,6,509.00000000000045,2opt,notBad
11870,6,520.4000000000002,6,509.00000000000045,2opt,improve
11871,6,520.4000000000002,6,509.00000000000045,move,improve
11872,6,520.4000000000002,6,509.00000000000045,2opt,notBad
11873,6,520.4000000000002,6,509.00000000000045,2opt,notBad
11874,6,520.4000000000002,6,509.00000000000045,2opt,improve
11875,6,520.4000000000002,6,509.00000000000045,swap,notBad
11876,6,520.4000000000002,6,509.00000000000045,2opt,notBad
11877,6,520.4000000000002,6,509.00000000000045,swap,notBad
11878,6,520.4000000000002,6,509.00000000000045,2opt,notBad
11879,6,520.4000000000002,6,509.00000000000045,2opt,notBad
11880,6,520.9000000000002,6,509.00000000000045,swap,acceptBad
11881,6,520.9000000000002,6,509.00000000000045,swap,notBad
11882,6,520.9000000000002,6,509.00000000000045,2opt,notBad
11883,6,520.9000000000002,6,509.00000000000045,swap,notBad
11884,6,520.9000000000002,6,509.00000000000045,move,improve
11885,6,520.9000000000002,6,509.00000000000045,2opt,notBad
11886,6,520.9000000000002,6,509.00000000000045,2opt,notBad
11887,6,520.9000000000002,6,509.00000000000045,move,improve
11888,6,520.9000000000002,6,509.00000000000045,swap,notBad
11889,6,520.9000000000002,6,509.00000000000045,swap,notBad
11890,6,520.9000000000002,6,509.00000000000045,swap,notBad
11891,6,520.9000000000002,6,509.00000000000045,move,improve
11892,6,520.9000000000002,6,509.00000000000045,2opt,improve
11893,6,520.9000000000002,6,509.00000000000045,2opt,notBad
11894,6,520.9000000000002,6,509.00000000000045,2opt,notBad
11895,6,520.9000000000002,6,509.00000000000045,move,improve
11896,6,520.9000000000002,6,509.00000000000045,move,improve
11897,6,520.9000000000002,6,509.00000000000045,swap,notBad
11898,6,520.9000000000002,6,509.00000000000045,2opt,notBad
11899,6,520.9000000000002,6,509.00000000000045,swap,notBad
11900,6,520.9000000000002,6,509.00000000000045,move,improve
11901,6,520.9000000000002,6,509.00000000000045,2opt,notBad
11902,6,520.9000000000002,6,509.00000000000045,2opt,notBad
11903,6,520.9000000000002,6,509.00000000000045,2opt,notBad
11904,6,520.9000000000002,6,509.00000000000045,move,improve
11905,6,520.9000000000002,6,509.00000000000045,swap,notBad
11906,6,520.9000000000002,6,509.00000000000045,move,improve
11907,6,520.9000000000002,6,509.00000000000045,move,improve
11908,6,520.9000000000002,6,509.00000000000045,move,improve
11909,6,520.9000000000002,6,509.00000000000045,move,improve
11910,6,520.9000000000002,6,509.00000000000045,swap,notBad
11911,6,520.9000000000002,6,509.00000000000045,move,improve
11912,6,520.9000000000002,6,509.00000000000045,swap,notBad
11913,6,520.9000000000002,6,509.00000000000045,swap,notBad
11914,6,520.9000000000002,6,509.00000000000045,swap,notBad
11915,6,520.9000000000002,6,509.00000000000045,2opt,notBad
11916,6,520.9000000000002,6,509.00000000000045,swap,notBad
11917,6,520.9000000000002,6,509.00000000000045,swap,improve
11918,6,520.9000000000002,6,509.00000000000045,2opt,notBad
11919,6,520.9000000000002,6,509.00000000000045,move,improve
11920,6,520.9000000000002,6,509.00000000000045,move,improve
11921,6,520.9000000000002,6,509.00000000000045,swap,notBad
11922,6,520.9000000000002,6,509.00000000000045,2opt,notBad
11923,6,520.9000000000002,6,509.00000000000045,2opt,notBad
11924,6,520.9000000000002,6,509.00000000000045,2opt,notBad
11925,6,520.9000000000002,6,509.00000000000045,move,improve
11926,6,520.9000000000002,6,509.00000000000045,swap,notBad
11927,6,520.9000000000002,6,509.00000000000045,2opt,notBad
11928,6,520.9000000000002,6,509.00000000000045,swap,notBad
11929,6,520.9000000000002,6,509.00000000000045,swap,notBad
11930,6,520.9000000000002,6,509.00000000000045,move,improve
11931,6,520.9000000000002,6,509.00000000000045,swap,improve
11932,6,520.9000000000002,6,509.00000000000045,swap,improve
11933,6,520.9000000000002,6,509.00000000000045,2opt,notBad
11934,6,520.9000000000002,6,509.00000000000045,move,improve
11935,6,520.9000000000002,6,509.00000000000045,2opt,notBad
11936,6,520.9000000000002,6,509.00000000000045,2opt,notBad
11937,6,520.9000000000002,6,509.00000000000045,2opt,improve
11938,6,520.9000000000002,6,509.00000000000045,move,improve
11939,6,520.9000000000002,6,509.00000000000045,2opt,notBad
11940,6,520.9000000000002,6,509.00000000000045,move,improve
11941,6,520.9000000000002,6,509.00000000000045,swap,notBad
11942,6,520.9000000000002,6,509.00000000000045,swap,notBad
11943,6,520.9000000000002,6,509.00000000000045,move,improve
11944,6,520.9000000000002,6,509.00000000000045,swap,notBad
11945,6,520.9000000000002,6,509.00000000000045,swap,notBad
11946,6,520.9000000000002,6,509.00000000000045,swap,notBad
11947,6,520.9000000000002,6,509.00000000000045,move,improve
11948,6,520.9000000000002,6,509.00000000000045,move,improve
11949,6,520.9000000000002,6,509.00000000000045,2opt,notBad
11950,6,520.9000000000002,6,509.00000000000045,swap,notBad
11951,6,520.9000000000002,6,509.00000000000045,2opt,notBad
11952,6,520.9000000000002,6,509.00000000000045,2opt,notBad
11953,6,520.9000000000002,6,509.00000000000045,move,improve
11954,6,520.9000000000002,6,509.00000000000045,2opt,notBad
11955,6,520.9000000000002,6,509.00000000000045,2opt,notBad
11956,6,520.9000000000002,6,509.00000000000045,2opt,notBad
11957,6,520.9000000000002,6,509.00000000000045,2opt,improve
11958,6,523.4000000000002,6,509.00000000000045,swap,acceptBad
11959,6,523.4000000000002,6,509.00000000000045,move,improve
11960,6,523.4000000000002,6,509.00000000000045,2opt,improve
11961,6,523.4000000000002,6,509.00000000000045,2opt,notBad
11962,6,523.4000000000002,6,509.00000000000045,swap,improve
11963,6,523.4000000000002,6,509.00000000000045,swap,notBad
11964,6,523.4000000000002,6,509.00000000000045,move,improve
11965,6,523.4000000000002,6,509.00000000000045,2opt,notBad
11966,6,523.4000000000002,6,509.00000000000045,move,improve
11967,6,523.4000000000002,6,509.00000000000045,move,improve
11968,6,523.4000000000002,6,509.00000000000045,2opt,notBad
11969,6,523.4000000000002,6,509.00000000000045,swap,notBad
11970,6,523.4000000000002,6,509.00000000000045,swap,improve
11971,6,523.4000000000002,6,509.00000000000045,move,improve
11972,6,523.4000000000002,6,509.00000000000045,move,improve
11973,6,523.4000000000002,6,509.00000000000045,2opt,notBad
11974,6,523.4000000000002,6,509.00000000000045,swap,notBad
11975,6,523.4000000000002,6,509.00000000000045,move,improve
11976,6,523.4000000000002,6,509.00000000000045,2opt,notBad
11977,6,523.4000000000002,6,509.00000000000045,move,improve
11978,6,523.4000000000002,6,509.00000000000045,move,improve
11979,6,523.4000000000002,6,509.00000000000045,2opt,notBad
11980,6,523.4000000000002,6,509.00000000000045,swap,improve
11981,6,523.4000000000002,6,509.00000000000045,move,improve
11982,6,523.4000000000002,6,509.00000000000045,move,improve
11983,6,523.4000000000002,6,509.00000000000045,swap,notBad
11984,6,523.4000000000002,6,509.00000000000045,move,improve
11985,6,523.4000000000002,6,509.00000000000045,swap,improve
11986,6,523.4000000000002,6,509.00000000000045,swap,improve
11987,6,523.4000000000002,6,509.00000000000045,swap,notBad
11988,6,523.4000000000002,6,509.00000000000045,move,improve
11989,6,523.4000000000002,6,509.00000000000045,move,improve
11990,6,523.4000000000002,6,509.00000000000045,swap,improve
11991,6,524.6000000000003,6,509.00000000000045,swap,acceptBad
11992,6,524.6000000000003,6,509.00000000000045,swap,notBad
11993,6,524.6000000000003,6,509.00000000000045,move,improve
11994,6,524.6000000000003,6,509.00000000000045,swap,notBad
11995,6,524.6000000000003,6,509.00000000000045,swap,notBad
11996,6,524.6000000000003,6,509.00000000000045,swap,notBad
11997,6,524.6000000000003,6,509.00000000000045,move,improve
11998,6,524.6000000000003,6,509.00000000000045,move,improve
11999,6,524.6000000000003,6,509.00000000000045,move,improve
12000,6,524.6000000000003,6,509.00000000000045,2opt,notBad
12001,6,524.6000000000003,6,509.00000000000045,swap,notBad
12002,6,524.6000000000003,6,509.00000000000045,2opt,improve
12003,6,524.6000000000003,6,509.00000000000045,swap,notBad
12004,6,524.6000000000003,6,509.00000000000045,2opt,notBad
12005,6,524.6000000000003,6,509.00000000000045,move,improve
12006,6,524.6000000000003,6,509.00000000000045,2opt,notBad
12007,6,524.6000000000003,6,509.00000000000045,2opt,notBad
12008,6,524.6000000000003,6,509.00000000000045,move,improve
12009,6,524.6000000000003,6,509.00000000000045,swap,notBad
12010,6,524.6000000000003,6,509.00000000000045,move,improve
12011,6,524.6000000000003,6,509.00000000000045,2opt,notBad
12012,6,524.6000000000003,6,509.00000000000045,2opt,notBad
12013,6,524.6000000000003,6,509.00000000000045,move,improve
12014,6,524.6000000000003,6,509.00000000000045,move,improve
12015,6,524.6000000000003,6,509.00000000000045,2opt,notBad
12016,6,524.6000000000003,6,509.00000000000045,2opt,notBad
12017,6,524.6000000000003,6,509.00000000000045,2opt,notBad
12018,6,524.6000000000003,6,509.00000000000045,swap,notBad
12019,6,524.6000000000003,6,509.00000000000045,swap,notBad
12020,6,524.6000000000003,6,509.00000000000045,2opt,notBad
12021,6,524.6000000000003,6,509.00000000000045,move,improve
12022,6,524.6000000000003,6,509.00000000000045,2opt,notBad
12023,6,524.6000000000003,6,509.00000000000045,swap,notBad
12024,6,524.6000000000003,6,509.00000000000045,2opt,notBad
12025,6,524.6000000000003,6,509.00000000000045,2opt,notBad
12026,6,524.6000000000003,6,509.00000000000045,2opt,notBad
12027,6,523.4000000000002,6,509.00000000000045,swap,improve
12028,6,523.4000000000002,6,509.00000000000045,2opt,notBad
12029,6,523.4000000000002,6,509.00000000000045,move,improve
12030,6,523.4000000000002,6,509.00000000000045,2opt,notBad
12031,6,523.4000000000002,6,509.00000000000045,swap,notBad
12032,6,523.4000000000002,6,509.00000000000045,2opt,improve
12033,6,523.4000000000002,6,509.00000000000045,move,improve
12034,6,523.4000000000002,6,509.00000000000045,move,improve
12035,6,523.4000000000002,6,509.00000000000045,2opt,notBad
12036,6,523.4000000000002,6,509.00000000000045,move,improve
12037,6,523.4000000000002,6,509.00000000000045,move,improve
12038,6,523.4000000000002,6,509.00000000000045,move,improve
12039,6,523.4000000000002,6,509.00000000000045,move,improve
12040,6,523.4000000000002,6,509.00000000000045,swap,improve
12041,6,523.4000000000002,6,509.00000000000045,swap,notBad
12042,6,523.4000000000002,6,509.00000000000045,swap,notBad
12043,6,523.4000000000002,6,509.00000000000045,move,improve
12044,6,523.4000000000002,6,509.00000000000045,swap,notBad
12045,6,523.4000000000002,6,509.00000000000045,2opt,notBad
12046,6,518.3000000000003,6,509.00000000000045,move,improve
12047,6,518.3000000000003,6,509.00000000000045,2opt,notBad
12048,6,518.3000000000003,6,509.00000000000045,move,improve
12049,6,518.3000000000003,6,509.00000000000045,swap,notBad
12050,6,518.3000000000003,6,509.00000000000045,2opt,notBad
12051,6,518.3000000000003,6,509.00000000000045,swap,notBad
12052,6,518.3000000000003,6,509.00000000000045,move,improve
12053,6,518.3000000000003,6,509.00000000000045,move,improve
12054,6,518.3000000000003,6,509.00000000000045,swap,notBad
12055,6,518.3000000000003,6,509.00000000000045,swap,notBad
12056,6,518.3000000000003,6,509.00000000000045,swap,notBad
12057,6,518.3000000000003,6,509.00000000000045,move,improve
12058,6,518.3000000000003,6,509.00000000000045,move,improve
12059,6,518.3000000000003,6,509.00000000000045,swap,notBad
12060,6,518.3000000000003,6,509.00000000000045,move,improve
12061,6,518.3000000000003,6,509.00000000000045,swap,notBad
12062,6,518.3000000000003,6,509.00000000000045,move,improve
12063,6,518.3000000000003,6,509.00000000000045,swap,notBad
12064,6,518.3000000000003,6,509.00000000000045,2opt,improve
12065,6,518.3000000000003,6,509.00000000000045,move,improve
12066,6,518.3000000000003,6,509.00000000000045,swap,notBad
12067,6,518.3000000000003,6,509.00000000000045,2opt,notBad
12068,6,518.3000000000003,6,509.00000000000045,swap,notBad
12069,6,518.3000000000003,6,509.00000000000045,swap,notBad
12070,6,518.3000000000003,6,509.00000000000045,swap,notBad
12071,6,518.3000000000003,6,509.00000000000045,move,improve
12072,6,518.3000000000003,6,509.00000000000045,move,improve
12073,6,518.3000000000003,6,509.00000000000045,swap,notBad
12074,6,518.3000000000003,6,509.00000000000045,swap,notBad
12075,6,518.3000000000003,6,509.00000000000045,move,improve
12076,6,518.3000000000003,6,509.00000000000045,swap,notBad
12077,6,518.3000000000003,6,509.00000000000045,2opt,notBad
12078,6,518.3000000000003,6,509.00000000000045,2opt,notBad
12079,6,518.3000000000003,6,509.00000000000045,2opt,improve
12080,6,518.3000000000003,6,509.00000000000045,2opt,improve
12081,6,518.3000000000003,6,509.00000000000045,swap,notBad
12082,6,518.3000000000003,6,509.00000000000045,swap,improve
12083,6,518.3000000000003,6,509.00000000000045,swap,notBad
12084,6,518.3000000000003,6,509.00000000000045,move,improve
12085,6,518.3000000000003,6,509.00000000000045,2opt,notBad
12086,6,518.3000000000003,6,509.00000000000045,2opt,notBad
12087,6,518.3000000000003,6,509.00000000000045,2opt,notBad
12088,6,518.3000000000003,6,509.00000000000045,2opt,notBad
12089,6,518.3000000000003,6,509.00000000000045,swap,notBad
12090,6,518.3000000000003,6,509.00000000000045,swap,notBad
12091,6,518.3000000000003,6,509.00000000000045,move,improve
12092,6,518.3000000000003,6,509.00000000000045,swap,notBad
12093,6,518.3000000000003,6,509.00000000000045,2opt,improve
12094,6,518.3000000000003,6,509.00000000000045,move,improve
12095,6,518.3000000000003,6,509.00000000000045,move,improve
12096,6,518.3000000000003,6,509.00000000000045,2opt,improve
12097,6,518.3000000000003,6,509.00000000000045,2opt,improve
12098,6,518.3000000000003,6,509.00000000000045,move,improve
12099,6,518.7000000000002,6,509.00000000000045,swap,acceptBad
12100,6,518.7000000000002,6,509.00000000000045,swap,notBad
12101,6,518.7000000000002,6,509.00000000000045,move,improve
12102,6,518.7000000000002,6,509.00000000000045,swap,notBad
12103,6,518.7000000000002,6,509.00000000000045,2opt,notBad
12104,6,518.7000000000002,6,509.00000000000045,swap,notBad
12105,6,518.7000000000002,6,509.00000000000045,2opt,notBad
12106,6,518.7000000000002,6,509.00000000000045,2opt,notBad
12107,6,518.7000000000002,6,509.00000000000045,swap,notBad
12108,6,518.7000000000002,6,509.00000000000045,swap,notBad
12109,6,518.7000000000002,6,509.00000000000045,swap,notBad
12110,6,518.7000000000002,6,509.00000000000045,swap,notBad
12111,6,518.7000000000002,6,509.00000000000045,swap,notBad
12112,6,518.7000000000002,6,509.00000000000045,2opt,notBad
12113,6,518.7000000000002,6,509.00000000000045,2opt,notBad
12114,6,518.7000000000002,6,509.00000000000045,swap,notBad
12115,6,518.7000000000002,6,509.00000000000045,move,improve
12116,6,518.7000000000002,6,509.00000000000045,2opt,improve
12117,6,518.7000000000002,6,509.00000000000045,move,improve
12118,6,518.7000000000002,6,509.00000000000045,move,improve
12119,6,518.7000000000002,6,509.00000000000045,2opt,notBad
12120,6,518.7000000000002,6,509.00000000000045,swap,notBad
12121,6,518.7000000000002,6,509.00000000000045,move,improve
12122,6,518.7000000000002,6,509.00000000000045,move,improve
12123,6,518.7000000000002,6,509.00000000000045,swap,notBad
12124,6,518.7000000000002,6,509.00000000000045,swap,notBad
12125,6,518.7000000000002,6,509.00000000000045,move,improve
12126,6,518.7000000000002,6,509.00000000000045,move,improve
12127,6,518.7000000000002,6,509.00000000000045,swap,notBad
12128,6,518.7000000000002,6,509.00000000000045,swap,notBad
12129,6,518.7000000000002,6,509.00000000000045,move,improve
12130,6,518.7000000000002,6,509.00000000000045,2opt,notBad
12131,6,518.7000000000002,6,509.00000000000045,move,improve
12132,6,516.8000000000003,6,509.00000000000045,swap,improve
12133,6,516.8000000000003,6,509.00000000000045,move,improve
12134,6,516.8000000000003,6,509.00000000000045,swap,notBad
12135,6,516.8000000000003,6,509.00000000000045,swap,improve
12136,6,516.8000000000003,6,509.00000000000045,swap,notBad
12137,6,516.8000000000003,6,509.00000000000045,2opt,notBad
12138,6,516.8000000000003,6,509.00000000000045,2opt,notBad
12139,6,516.8000000000003,6,509.00000000000045,swap,notBad
12140,6,516.8000000000003,6,509.00000000000045,2opt,improve
12141,6,516.8000000000003,6,509.00000000000045,2opt,notBad
12142,6,516.8000000000003,6,509.00000000000045,swap,notBad
12143,6,516.8000000000003,6,509.00000000000045,2opt,notBad
12144,6,516.8000000000003,6,509.00000000000045,2opt,notBad
12145,6,516.8000000000003,6,509.00000000000045,2opt,notBad
12146,6,516.8000000000003,6,509.00000000000045,swap,notBad
12147,6,516.8000000000003,6,509.00000000000045,swap,notBad
12148,6,516.8000000000003,6,509.00000000000045,2opt,notBad
12149,6,516.8000000000003,6,509.00000000000045,move,improve
12150,6,516.8000000000003,6,509.00000000000045,2opt,notBad
12151,6,516.8000000000003,6,509.00000000000045,swap,notBad
12152,6,516.8000000000003,6,509.00000000000045,move,improve
12153,6,516.8000000000003,6,509.00000000000045,2opt,notBad
12154,6,516.8000000000003,6,509.00000000000045,move,improve
12155,6,516.8000000000003,6,509.00000000000045,2opt,notBad
12156,6,516.8000000000003,6,509.00000000000045,move,improve
12157,6,516.8000000000003,6,509.00000000000045,2opt,improve
12158,6,516.8000000000003,6,509.00000000000045,move,improve
12159,6,516.8000000000003,6,509.00000000000045,2opt,notBad
12160,6,516.8000000000003,6,509.00000000000045,2opt,notBad
12161,6,518.7000000000002,6,509.00000000000045,swap,acceptBad
12162,6,518.7000000000002,6,509.00000000000045,swap,improve
12163,6,518.7000000000002,6,509.00000000000045,2opt,notBad
12164,6,518.7000000000002,6,509.00000000000045,move,improve
12165,6,518.7000000000002,6,509.00000000000045,swap,notBad
12166,6,518.7000000000002,6,509.00000000000045,2opt,improve
12167,6,518.7000000000002,6,509.00000000000045,swap,notBad
12168,6,518.7000000000002,6,509.00000000000045,swap,improve
12169,6,518.7000000000002,6,509.00000000000045,2opt,improve
12170,6,518.7000000000002,6,509.00000000000045,2opt,notBad
12171,6,518.7000000000002,6,509.00000000000045,move,improve
12172,6,518.7000000000002,6,509.00000000000045,swap,notBad
12173,6,518.7000000000002,6,509.00000000000045,swap,improve
12174,6,518.7000000000002,6,509.00000000000045,2opt,notBad
12175,6,518.7000000000002,6,509.00000000000045,swap,notBad
12176,6,518.7000000000002,6,509.00000000000045,move,improve
12177,6,518.7000000000002,6,509.00000000000045,2opt,notBad
12178,6,518.7000000000002,6,509.00000000000045,2opt,notBad
12179,6,518.7000000000002,6,509.00000000000045,2opt,improve
12180,6,518.7000000000002,6,509.00000000000045,swap,notBad
12181,6,518.7000000000002,6,509.00000000000045,move,improve
12182,6,518.7000000000002,6,509.00000000000045,move,improve
12183,6,518.7000000000002,6,509.00000000000045,2opt,notBad
12184,6,518.7000000000002,6,509.00000000000045,move,improve
12185,6,518.7000000000002,6,509.00000000000045,2opt,notBad
12186,6,518.7000000000002,6,509.00000000000045,swap,notBad
12187,6,518.7000000000002,6,509.00000000000045,swap,improve
12188,6,518.7000000000002,6,509.00000000000045,2opt,improve
12189,6,518.7000000000002,6,509.00000000000045,swap,improve
12190,6,518.7000000000002,6,509.00000000000045,swap,notBad
12191,6,518.7000000000002,6,509.00000000000045,2opt,improve
12192,6,518.7000000000002,6,509.00000000000045,2opt,notBad
12193,6,518.3000000000003,6,509.00000000000045,swap,improve
12194,6,518.3000000000003,6,509.00000000000045,2opt,notBad
12195,6,518.3000000000003,6,509.00000000000045,move,improve
12196,6,518.3000000000003,6,509.00000000000045,swap,improve
12197,6,518.3000000000003,6,509.00000000000045,2opt,improve
12198,6,518.3000000000003,6,509.00000000000045,swap,notBad
12199,6,518.3000000000003,6,509.00000000000045,move,improve
12200,6,518.3000000000003,6,509.00000000000045,swap,notBad
12201,6,518.3000000000003,6,509.00000000000045,swap,notBad
12202,6,518.3000000000003,6,509.00000000000045,move,improve
12203,6,518.3000000000003,6,509.00000000000045,move,improve
12204,6,518.3000000000003,6,509.00000000000045,2opt,notBad
12205,6,518.3000000000003,6,509.00000000000045,move,improve
12206,6,518.3000000000003,6,509.00000000000045,move,improve
12207,6,518.3000000000003,6,509.00000000000045,move,improve
12208,6,518.3000000000003,6,509.00000000000045,2opt,notBad
12209,6,515.8000000000003,6,509.00000000000045,swap,improve
12210,6,515.8000000000003,6,509.00000000000045,move,improve
12211,6,515.8000000000003,6,509.00000000000045,2opt,notBad
12212,6,515.8000000000003,6,509.00000000000045,move,improve
12213,6,515.8000000000003,6,509.00000000000045,swap,notBad
12214,6,515.8000000000003,6,509.00000000000045,2opt,notBad
12215,6,515.8000000000003,6,509.00000000000045,2opt,notBad
12216,6,515.8000000000003,6,509.00000000000045,move,improve
12217,6,515.8000000000003,6,509.00000000000045,2opt,notBad
12218,6,515.8000000000003,6,509.00000000000045,2opt,notBad
12219,6,515.8000000000003,6,509.00000000000045,2opt,improve
12220,6,515.8000000000003,6,509.00000000000045,2opt,improve
12221,6,515.8000000000003,6,509.00000000000045,2opt,notBad
12222,6,515.8000000000003,6,509.00000000000045,move,improve
12223,6,515.8000000000003,6,509.00000000000045,2opt,improve
12224,6,515.8000000000003,6,509.00000000000045,swap,notBad
12225,6,515.8000000000003,6,509.00000000000045,swap,improve
12226,6,515.8000000000003,6,509.00000000000045,move,improve
12227,6,515.8000000000003,6,509.00000000000045,2opt,notBad
12228,6,515.8000000000003,6,509.00000000000045,2opt,notBad
12229,6,515.8000000000003,6,509.00000000000045,2opt,notBad
12230,6,515.8000000000003,6,509.00000000000045,swap,notBad
12231,6,515.8000000000003,6,509.00000000000045,swap,improve
12232,6,515.8000000000003,6,509.00000000000045,move,improve
12233,6,515.8000000000003,6,509.00000000000045,swap,notBad
12234,6,515.8000000000003,6,509.00000000000045,move,improve
12235,6,515.8000000000003,6,509.00000000000045,move,improve
12236,6,515.8000000000003,6,509.00000000000045,move,improve
12237,6,515.8000000000003,6,509.00000000000045,move,notBad
12238,6,515.8000000000003,6,509.00000000000045,move,improve
12239,6,515.8000000000003,6,509.00000000000045,2opt,notBad
12240,6,515.8000000000003,6,509.00000000000045,move,improve
12241,6,515.8000000000003,6,509.00000000000045,move,improve
12242,6,515.8000000000003,6,509.00000000000045,move,improve
12243,6,515.8000000000003,6,509.00000000000045,move,improve
12244,6,515.8000000000003,6,509.00000000000045,move,improve
12245,6,515.8000000000003,6,509.00000000000045,swap,notBad
12246,6,515.8000000000003,6,509.00000000000045,2opt,notBad
12247,6,515.8000000000003,6,509.00000000000045,move,improve
12248,6,515.8000000000003,6,509.00000000000045,swap,notBad
12249,6,515.8000000000003,6,509.00000000000045,2opt,notBad
12250,6,515.8000000000003,6,509.00000000000045,swap,improve
12251,6,515.8000000000003,6,509.00000000000045,2opt,notBad
12252,6,515.8000000000003,6,509.00000000000045,2opt,notBad
12253,6,515.8000000000003,6,509.00000000000045,move,improve
12254,6,515.8000000000003,6,509.00000000000045,swap,notBad
12255,6,515.8000000000003,6,509.00000000000045,2opt,notBad
12256,6,515.8000000000003,6,509.00000000000045,2opt,notBad
12257,6,515.8000000000003,6,509.00000000000045,move,improve
12258,6,515.8000000000003,6,509.00000000000045,swap,notBad
12259,6,515.8000000000003,6,509.00000000000045,2opt,notBad
12260,6,515.8000000000003,6,509.00000000000045,move,improve
12261,6,515.8000000000003,6,509.00000000000045,swap,notBad
12262,6,515.8000000000003,6,509.00000000000045,move,improve
12263,6,515.8000000000003,6,509.00000000000045,2opt,notBad
12264,6,515.8000000000003,6,509.00000000000045,swap,notBad
12265,6,515.8000000000003,6,509.00000000000045,2opt,improve
12266,6,515.8000000000003,6,509.00000000000045,move,improve
12267,6,515.8000000000003,6,509.00000000000045,2opt,notBad
12268,6,515.8000000000003,6,509.00000000000045,swap,notBad
12269,6,515.8000000000003,6,509.00000000000045,2opt,improve
12270,6,515.8000000000003,6,509.00000000000045,swap,notBad
12271,6,516.2000000000002,6,509.00000000000045,swap,acceptBad
12272,6,516.2000000000002,6,509.00000000000045,swap,notBad
12273,6,516.2000000000002,6,509.00000000000045,move,improve
12274,6,516.2000000000002,6,509.00000000000045,move,improve
12275,6,516.2000000000002,6,509.00000000000045,2opt,improve
12276,6,516.2000000000002,6,509.00000000000045,2opt,improve
12277,6,516.2000000000002,6,509.00000000000045,2opt,notBad
12278,6,516.2000000000002,6,509.00000000000045,swap,notBad
12279,6,516.2000000000002,6,509.00000000000045,move,improve
12280,6,516.2000000000002,6,509.00000000000045,move,improve
12281,6,516.2000000000002,6,509.00000000000045,move,improve
12282,6,516.2000000000002,6,509.00000000000045,swap,notBad
12283,6,516.2000000000002,6,509.00000000000045,2opt,improve
12284,6,516.2000000000002,6,509.00000000000045,2opt,notBad
12285,6,516.2000000000002,6,509.00000000000045,move,improve
12286,6,516.2000000000002,6,509.00000000000045,move,improve
12287,6,516.2000000000002,6,509.00000000000045,swap,notBad
12288,6,516.2000000000002,6,509.00000000000045,swap,notBad
12289,6,516.2000000000002,6,509.00000000000045,move,improve
12290,6,516.2000000000002,6,509.00000000000045,2opt,notBad
12291,6,516.2000000000002,6,509.00000000000045,2opt,notBad
12292,6,516.2000000000002,6,509.00000000000045,swap,notBad
12293,6,516.2000000000002,6,509.00000000000045,2opt,notBad
12294,6,516.2000000000002,6,509.00000000000045,2opt,notBad
12295,6,516.2000000000002,6,509.00000000000045,move,improve
12296,6,516.2000000000002,6,509.00000000000045,move,improve
12297,6,516.2000000000002,6,509.00000000000045,move,improve
12298,6,516.2000000000002,6,509.00000000000045,move,improve
12299,6,516.2000000000002,6,509.00000000000045,move,improve
12300,6,516.2000000000002,6,509.00000000000045,move,improve
12301,6,516.2000000000002,6,509.00000000000045,move,improve
12302,6,516.2000000000002,6,509.00000000000045,2opt,notBad
12303,6,516.2000000000002,6,509.00000000000045,swap,notBad
12304,6,516.2000000000002,6,509.00000000000045,2opt,notBad
12305,6,516.2000000000002,6,509.00000000000045,move,improve
12306,6,516.2000000000002,6,509.00000000000045,swap,notBad
12307,6,516.2000000000002,6,509.00000000000045,swap,notBad
12308,6,516.2000000000002,6,509.00000000000045,move,improve
12309,6,516.2000000000002,6,509.00000000000045,2opt,notBad
12310,6,516.2000000000002,6,509.00000000000045,move,improve
12311,6,516.2000000000002,6,509.00000000000045,2opt,notBad
12312,6,516.2000000000002,6,509.00000000000045,move,improve
12313,6,516.2000000000002,6,509.00000000000045,move,improve
12314,6,516.2000000000002,6,509.00000000000045,swap,notBad
12315,6,516.9000000000002,6,509.00000000000045,swap,acceptBad
12316,6,516.9000000000002,6,509.00000000000045,move,improve
12317,6,516.9000000000002,6,509.00000000000045,move,improve
12318,6,516.9000000000002,6,509.00000000000045,2opt,notBad
12319,6,516.9000000000002,6,509.00000000000045,2opt,notBad
12320,6,516.9000000000002,6,509.00000000000045,swap,notBad
12321,6,516.9000000000002,6,509.00000000000045,swap,notBad
12322,6,516.9000000000002,6,509.00000000000045,2opt,notBad
12323,6,516.9000000000002,6,509.00000000000045,2opt,improve
12324,6,516.9000000000002,6,509.00000000000045,2opt,notBad
12325,6,516.9000000000002,6,509.00000000000045,move,improve
12326,6,516.9000000000002,6,509.00000000000045,move,improve
12327,6,516.9000000000002,6,509.00000000000045,move,improve
12328,6,516.9000000000002,6,509.00000000000045,swap,notBad
12329,6,516.9000000000002,6,509.00000000000045,swap,notBad
12330,6,516.9000000000002,6,509.00000000000045,swap,notBad
12331,6,516.9000000000002,6,509.00000000000045,move,improve
12332,6,516.9000000000002,6,509.00000000000045,2opt,notBad
12333,6,516.9000000000002,6,509.00000000000045,2opt,improve
12334,6,516.9000000000002,6,509.00000000000045,2opt,notBad
12335,6,516.9000000000002,6,509.00000000000045,2opt,notBad
12336,6,516.9000000000002,6,509.00000000000045,2opt,improve
12337,6,516.9000000000002,6,509.00000000000045,move,improve
12338,6,516.9000000000002,6,509.00000000000045,swap,notBad
12339,6,516.9000000000002,6,509.00000000000045,swap,notBad
12340,6,516.9000000000002,6,509.00000000000045,2opt,notBad
12341,6,516.9000000000002,6,509.00000000000045,2opt,improve
12342,6,516.9000000000002,6,509.00000000000045,swap,notBad
12343,6,516.9000000000002,6,509.00000000000045,swap,notBad
12344,6,516.9000000000002,6,509.00000000000045,2opt,notBad
12345,6,516.9000000000002,6,509.00000000000045,swap,improve
12346,6,516.9000000000002,6,509.00000000000045,2opt,notBad
12347,6,516.9000000000002,6,509.00000000000045,2opt,improve
12348,6,516.9000000000002,6,509.00000000000045,move,improve
12349,6,516.9000000000002,6,509.00000000000045,2opt,improve
12350,6,516.9000000000002,6,509.00000000000045,swap,notBad
12351,6,517.8000000000001,6,509.00000000000045,swap,acceptBad
12352,6,517.8000000000001,6,509.00000000000045,2opt,notBad
12353,6,517.8000000000001,6,509.00000000000045,swap,notBad
12354,6,517.8000000000001,6,509.00000000000045,2opt,notBad
12355,6,517.8000000000001,6,509.00000000000045,move,improve
12356,6,517.8000000000001,6,509.00000000000045,2opt,notBad
12357,6,517.8000000000001,6,509.00000000000045,swap,improve
12358,6,517.8000000000001,6,509.00000000000045,2opt,notBad
12359,6,517.8000000000001,6,509.00000000000045,move,improve
12360,6,517.8000000000001,6,509.00000000000045,swap,notBad
12361,6,517.8000000000001,6,509.00000000000045,2opt,improve
12362,6,517.8000000000001,6,509.00000000000045,move,improve
12363,6,517.8000000000001,6,509.00000000000045,2opt,improve
12364,6,517.8000000000001,6,509.00000000000045,2opt,notBad
12365,6,517.8000000000001,6,509.00000000000045,swap,notBad
12366,6,517.8000000000001,6,509.00000000000045,2opt,notBad
12367,6,517.8000000000001,6,509.00000000000045,2opt,improve
12368,6,517.8000000000001,6,509.00000000000045,2opt,notBad
12369,6,517.8000000000001,6,509.00000000000045,move,improve
12370,6,517.8000000000001,6,509.00000000000045,swap,notBad
12371,6,517.8000000000001,6,509.00000000000045,swap,notBad
12372,6,517.8000000000001,6,509.00000000000045,swap,notBad
12373,6,517.8000000000001,6,509.00000000000045,2opt,notBad
12374,6,517.8000000000001,6,509.00000000000045,2opt,notBad
12375,6,517.8000000000001,6,509.00000000000045,move,improve
12376,6,517.8000000000001,6,509.00000000000045,swap,notBad
12377,6,517.8000000000001,6,509.00000000000045,2opt,improve
12378,6,517.8000000000001,6,509.00000000000045,2opt,notBad
12379,6,517.8000000000001,6,509.00000000000045,move,improve
12380,6,517.8000000000001,6,509.00000000000045,swap,notBad
12381,6,517.8000000000001,6,509.00000000000045,2opt,notBad
12382,6,517.8000000000001,6,509.00000000000045,swap,notBad
12383,6,517.8000000000001,6,509.00000000000045,2opt,notBad
12384,6,517.8000000000001,6,509.00000000000045,2opt,notBad
12385,6,517.8000000000001,6,509.00000000000045,move,improve
12386,6,517.8000000000001,6,509.00000000000045,2opt,notBad
12387,6,517.8000000000001,6,509.00000000000045,move,improve
12388,6,517.8000000000001,6,509.00000000000045,move,improve
12389,6,515.9000000000002,6,509.00000000000045,swap,improve
12390,6,515.9000000000002,6,509.00000000000045,2opt,notBad
12391,6,515.9000000000002,6,509.00000000000045,swap,notBad
12392,6,515.9000000000002,6,509.00000000000045,move,improve
12393,6,515.9000000000002,6,509.00000000000045,move,improve
12394,6,515.9000000000002,6,509.00000000000045,move,improve
12395,6,515.9000000000002,6,509.00000000000045,2opt,notBad
12396,6,515.9000000000002,6,509.00000000000045,swap,notBad
12397,6,515.9000000000002,6,509.00000000000045,2opt,notBad
12398,6,515.9000000000002,6,509.00000000000045,swap,notBad
12399,6,516.3000000000003,6,509.00000000000045,2opt,acceptBad
12400,6,516.3000000000003,6,509.00000000000045,swap,notBad
12401,6,516.3000000000003,6,509.00000000000045,2opt,notBad
12402,6,516.3000000000003,6,509.00000000000045,move,improve
12403,6,516.3000000000003,6,509.00000000000045,swap,notBad
12404,6,516.3000000000003,6,509.00000000000045,swap,notBad
12405,6,516.3000000000003,6,509.00000000000045,swap,notBad
12406,6,516.3000000000003,6,509.00000000000045,swap,notBad
12407,6,516.3000000000003,6,509.00000000000045,swap,notBad
12408,6,516.3000000000003,6,509.00000000000045,swap,notBad
12409,6,516.3000000000003,6,509.00000000000045,move,improve
12410,6,511.20000000000016,6,509.00000000000045,swap,improve
12411,6,511.20000000000016,6,509.00000000000045,move,improve
12412,6,511.20000000000016,6,509.00000000000045,swap,notBad
12413,6,511.20000000000016,6,509.00000000000045,move,improve
12414,6,511.20000000000016,6,509.00000000000045,move,improve
12415,6,511.20000000000016,6,509.00000000000045,move,improve
12416,6,511.20000000000016,6,509.00000000000045,2opt,improve
12417,6,511.20000000000016,6,509.00000000000045,move,improve
12418,6,511.20000000000016,6,509.00000000000045,swap,notBad
12419,6,511.20000000000016,6,509.00000000000045,swap,notBad
12420,6,511.20000000000016,6,509.00000000000045,swap,notBad
12421,6,511.20000000000016,6,509.00000000000045,swap,notBad
12422,6,511.20000000000016,6,509.00000000000045,swap,notBad
12423,6,511.20000000000016,6,509.00000000000045,move,improve
12424,6,511.20000000000016,6,509.00000000000045,2opt,notBad
12425,6,511.20000000000016,6,509.00000000000045,2opt,improve
12426,6,511.20000000000016,6,509.00000000000045,2opt,improve
12427,6,511.20000000000016,6,509.00000000000045,move,improve
12428,6,511.20000000000016,6,509.00000000000045,2opt,notBad
12429,6,511.20000000000016,6,509.00000000000045,2opt,notBad
12430,6,511.20000000000016,6,509.00000000000045,2opt,notBad
12431,6,511.20000000000016,6,509.00000000000045,move,improve
12432,6,511.20000000000016,6,509.00000000000045,move,improve
12433,6,511.20000000000016,6,509.00000000000045,move,improve
12434,6,511.20000000000016,6,509.00000000000045,move,improve
12435,6,511.20000000000016,6,509.00000000000045,move,improve
12436,6,511.20000000000016,6,509.00000000000045,move,improve
12437,6,511.20000000000016,6,509.00000000000045,2opt,notBad
12438,6,511.20000000000016,6,509.00000000000045,2opt,improve
12439,6,511.20000000000016,6,509.00000000000045,swap,notBad
12440,6,511.20000000000016,6,509.00000000000045,2opt,notBad
12441,6,511.20000000000016,6,509.00000000000045,move,improve
12442,6,511.20000000000016,6,509.00000000000045,2opt,notBad
12443,6,511.20000000000016,6,509.00000000000045,swap,notBad
12444,6,511.20000000000016,6,509.00000000000045,move,improve
12445,6,511.20000000000016,6,509.00000000000045,swap,notBad
12446,6,511.20000000000016,6,509.00000000000045,2opt,notBad
12447,6,511.20000000000016,6,509.00000000000045,2opt,improve
12448,6,511.0000000000001,6,509.00000000000045,swap,improve
12449,6,511.0000000000001,6,509.00000000000045,move,improve
12450,6,511.9,6,509.00000000000045,swap,acceptBad
12451,6,511.9,6,509.00000000000045,2opt,improve
12452,6,511.9,6,509.00000000000045,2opt,notBad
12453,6,511.9,6,509.00000000000045,swap,notBad
12454,6,511.9,6,509.00000000000045,2opt,notBad
12455,6,511.9,6,509.00000000000045,swap,notBad
12456,6,511.9,6,509.00000000000045,swap,notBad
12457,6,511.9,6,509.00000000000045,2opt,notBad
12458,6,511.9,6,509.00000000000045,move,improve
12459,6,511.9,6,509.00000000000045,move,improve
12460,6,511.9,6,509.00000000000045,move,notBad
12461,6,511.9,6,509.00000000000045,move,improve
12462,6,511.9,6,509.00000000000045,swap,notBad
12463,6,511.9,6,509.00000000000045,2opt,improve
12464,6,511.9,6,509.00000000000045,swap,notBad
12465,6,511.9,6,509.00000000000045,2opt,notBad
12466,6,511.9,6,509.00000000000045,swap,notBad
12467,6,511.9,6,509.00000000000045,swap,notBad
12468,6,511.9,6,509.00000000000045,2opt,improve
12469,6,511.9,6,509.00000000000045,move,improve
12470,6,511.9,6,509.00000000000045,move,improve
12471,6,511.9,6,509.00000000000045,move,improve
12472,6,511.9,6,509.00000000000045,2opt,notBad
12473,6,511.9,6,509.00000000000045,move,improve
12474,6,511.9,6,509.00000000000045,move,improve
12475,6,511.9,6,509.00000000000045,2opt,notBad
12476,6,511.9,6,509.00000000000045,swap,notBad
12477,6,511.9,6,509.00000000000045,2opt,improve
12478,6,511.9,6,509.00000000000045,2opt,notBad
12479,6,511.9,6,509.00000000000045,move,improve
12480,6,511.9,6,509.00000000000045,swap,notBad
12481,6,511.9,6,509.00000000000045,swap,notBad
12482,6,511.9,6,509.00000000000045,move,improve
12483,6,511.9,6,509.00000000000045,2opt,notBad
12484,6,511.9,6,509.00000000000045,2opt,notBad
12485,6,511.9,6,509.00000000000045,2opt,notBad
12486,6,511.9,6,509.00000000000045,move,improve
12487,6,511.9,6,509.00000000000045,move,improve
12488,6,511.9,6,509.00000000000045,swap,notBad
12489,6,513.2000000000002,6,509.00000000000045,swap,acceptBad
12490,6,513.2000000000002,6,509.00000000000045,swap,notBad
12491,6,513.2000000000002,6,509.00000000000045,2opt,notBad
12492,6,513.2000000000002,6,509.00000000000045,swap,notBad
12493,6,513.2000000000002,6,509.00000000000045,swap,notBad
12494,6,513.2000000000002,6,509.00000000000045,2opt,notBad
12495,6,513.2000000000002,6,509.00000000000045,2opt,notBad
12496,6,511.3000000000003,6,509.00000000000045,swap,improve
12497,6,511.3000000000003,6,509.00000000000045,move,improve
12498,6,511.3000000000003,6,509.00000000000045,move,improve
12499,6,511.3000000000003,6,509.00000000000045,2opt,notBad
12500,6,511.3000000000003,6,509.00000000000045,swap,notBad
12501,6,511.3000000000003,6,509.00000000000045,swap,notBad
12502,6,511.3000000000003,6,509.00000000000045,2opt,notBad
12503,6,511.3000000000003,6,509.00000000000045,swap,notBad
12504,6,511.3000000000003,6,509.00000000000045,move,improve
12505,6,511.3000000000003,6,509.00000000000045,2opt,notBad
12506,6,511.3000000000003,6,509.00000000000045,swap,notBad
12507,6,511.3000000000003,6,509.00000000000045,move,improve
12508,6,511.3000000000003,6,509.00000000000045,2opt,notBad
12509,6,511.3000000000003,6,509.00000000000045,move,improve
12510,6,511.3000000000003,6,509.00000000000045,swap,notBad
12511,6,511.3000000000003,6,509.00000000000045,2opt,notBad
12512,6,511.3000000000003,6,509.00000000000045,swap,notBad
12513,6,511.3000000000003,6,509.00000000000045,2opt,notBad
12514,6,511.3000000000003,6,509.00000000000045,swap,notBad
12515,6,511.3000000000003,6,509.00000000000045,swap,notBad
12516,6,511.3000000000003,6,509.00000000000045,2opt,notBad
12517,6,511.3000000000003,6,509.00000000000045,move,improve
12518,6,511.3000000000003,6,509.00000000000045,move,improve
12519,6,511.3000000000003,6,509.00000000000045,2opt,notBad
12520,6,511.3000000000003,6,509.00000000000045,swap,notBad
12521,6,511.3000000000003,6,509.00000000000045,2opt,notBad
12522,6,511.3000000000003,6,509.00000000000045,swap,improve
12523,6,511.3000000000003,6,509.00000000000045,move,improve
12524,6,511.3000000000003,6,509.00000000000045,move,improve
12525,6,511.3000000000003,6,509.00000000000045,move,improve
12526,6,511.3000000000003,6,509.00000000000045,move,improve
12527,6,511.3000000000003,6,509.00000000000045,swap,notBad
12528,6,511.3000000000003,6,509.00000000000045,move,improve
12529,6,511.3000000000003,6,509.00000000000045,swap,notBad
12530,6,511.3000000000003,6,509.00000000000045,move,improve
12531,6,511.3000000000003,6,509.00000000000045,move,improve
12532,6,511.3000000000003,6,509.00000000000045,2opt,notBad
12533,6,511.3000000000003,6,509.00000000000045,2opt,notBad
12534,6,511.3000000000003,6,509.00000000000045,swap,notBad
12535,6,511.3000000000003,6,509.00000000000045,2opt,improve
12536,6,511.3000000000003,6,509.00000000000045,2opt,notBad
12537,6,511.3000000000003,6,509.00000000000045,move,improve
12538,6,511.3000000000003,6,509.00000000000045,move,improve
12539,6,511.3000000000003,6,509.00000000000045,move,improve
12540,6,511.3000000000003,6,509.00000000000045,swap,notBad
12541,6,511.3000000000003,6,509.00000000000045,move,improve
12542,6,511.3000000000003,6,509.00000000000045,swap,notBad
12543,6,511.3000000000003,6,509.00000000000045,2opt,notBad
12544,6,511.3000000000003,6,509.00000000000045,move,improve
12545,6,513.2000000000002,6,509.00000000000045,swap,acceptBad
12546,6,513.2000000000002,6,509.00000000000045,swap,notBad
12547,6,513.2000000000002,6,509.00000000000045,move,improve
12548,6,513.2000000000002,6,509.00000000000045,2opt,notBad
12549,6,513.2000000000002,6,509.00000000000045,swap,improve
12550,6,513.2000000000002,6,509.00000000000045,swap,notBad
12551,6,513.2000000000002,6,509.00000000000045,2opt,notBad
12552,6,513.2000000000002,6,509.00000000000045,swap,notBad
12553,6,513.2000000000002,6,509.00000000000045,move,improve
12554,6,513.2000000000002,6,509.00000000000045,move,improve
12555,6,513.2000000000002,6,509.00000000000045,swap,notBad
12556,6,513.2000000000002,6,509.00000000000045,swap,notBad
12557,6,513.2000000000002,6,509.00000000000045,move,improve
12558,6,513.2000000000002,6,509.00000000000045,2opt,notBad
12559,6,513.2000000000002,6,509.00000000000045,2opt,notBad
12560,6,513.2000000000002,6,509.00000000000045,2opt,notBad
12561,6,513.2000000000002,6,509.00000000000045,2opt,notBad
12562,6,513.2000000000002,6,509.00000000000045,swap,notBad
12563,6,513.2000000000002,6,509.00000000000045,2opt,improve
12564,6,513.2000000000002,6,509.00000000000045,move,improve
12565,6,513.2000000000002,6,509.00000000000045,swap,notBad
12566,6,513.2000000000002,6,509.00000000000045,2opt,notBad
12567,6,513.2000000000002,6,509.00000000000045,move,improve
12568,6,513.2000000000002,6,509.00000000000045,2opt,notBad
12569,6,513.2000000000002,6,509.00000000000045,move,improve
12570,6,513.2000000000002,6,509.00000000000045,move,improve
12571,6,513.2000000000002,6,509.00000000000045,swap,notBad
12572,6,513.2000000000002,6,509.00000000000045,swap,notBad
12573,6,513.2000000000002,6,509.00000000000045,swap,notBad
12574,6,512.3000000000003,6,509.00000000000045,swap,improve
12575,6,512.3000000000003,6,509.00000000000045,swap,notBad
12576,6,512.3000000000003,6,509.00000000000045,2opt,notBad
12577,6,512.3000000000003,6,509.00000000000045,move,improve
12578,6,512.3000000000003,6,509.00000000000045,2opt,notBad
12579,6,512.3000000000003,6,509.00000000000045,swap,notBad
12580,6,512.3000000000003,6,509.00000000000045,2opt,notBad
12581,6,512.3000000000003,6,509.00000000000045,swap,notBad
12582,6,512.3000000000003,6,509.00000000000045,2opt,notBad
12583,6,512.3000000000003,6,509.00000000000045,swap,notBad
12584,6,512.3000000000003,6,509.00000000000045,2opt,improve
12585,6,512.3000000000003,6,509.00000000000045,2opt,notBad
12586,6,512.3000000000003,6,509.00000000000045,swap,notBad
12587,6,512.3000000000003,6,509.00000000000045,move,improve
12588,6,512.3000000000003,6,509.00000000000045,swap,improve
12589,6,512.3000000000003,6,509.00000000000045,2opt,notBad
12590,6,512.3000000000003,6,509.00000000000045,swap,notBad
12591,6,512.3000000000003,6,509.00000000000045,move,improve
12592,6,512.3000000000003,6,509.00000000000045,2opt,notBad
12593,6,512.3000000000003,6,509.00000000000045,2opt,notBad
12594,6,512.3000000000003,6,509.00000000000045,swap,notBad
12595,6,512.3000000000003,6,509.00000000000045,2opt,improve
12596,6,512.3000000000003,6,509.00000000000045,move,improve
12597,6,512.3000000000003,6,509.00000000000045,2opt,notBad
12598,6,512.3000000000003,6,509.00000000000045,swap,notBad
12599,6,512.3000000000003,6,509.00000000000045,swap,improve
12600,6,512.3000000000003,6,509.00000000000045,move,improve
12601,6,512.3000000000003,6,509.00000000000045,2opt,improve
12602,6,512.3000000000003,6,509.00000000000045,move,improve
12603,6,512.3000000000003,6,509.00000000000045,move,improve
12604,6,512.3000000000003,6,509.00000000000045,move,improve
12605,6,512.3000000000003,6,509.00000000000045,move,improve
12606,6,512.3000000000003,6,509.00000000000045,move,improve
12607,6,512.3000000000003,6,509.00000000000045,swap,notBad
12608,6,512.3000000000003,6,509.00000000000045,2opt,notBad
12609,6,512.3000000000003,6,509.00000000000045,move,improve
12610,6,512.3000000000003,6,509.00000000000045,swap,notBad
12611,6,512.3000000000003,6,509.00000000000045,swap,improve
12612,6,512.3000000000003,6,509.00000000000045,swap,notBad
12613,6,512.3000000000003,6,509.00000000000045,2opt,notBad
12614,6,512.3000000000003,6,509.00000000000045,2opt,notBad
12615,6,512.3000000000003,6,509.00000000000045,swap,notBad
12616,6,512.3000000000003,6,509.00000000000045,move,improve
12617,6,512.3000000000003,6,509.00000000000045,2opt,notBad
12618,6,512.3000000000003,6,509.00000000000045,move,improve
12619,6,512.3000000000003,6,509.00000000000045,move,improve
12620,6,512.3000000000003,6,509.00000000000045,2opt,notBad
12621,6,512.3000000000003,6,509.00000000000045,swap,notBad
12622,6,512.3000000000003,6,509.00000000000045,move,improve
12623,6,512.3000000000003,6,509.00000000000045,2opt,notBad
12624,6,512.3000000000003,6,509.00000000000045,2opt,notBad
12625,6,512.3000000000003,6,509.00000000000045,move,improve
12626,6,512.3000000000003,6,509.00000000000045,swap,notBad
12627,6,512.3000000000003,6,509.00000000000045,2opt,notBad
12628,6,512.3000000000003,6,509.00000000000045,swap,improve
12629,6,512.3000000000003,6,509.00000000000045,move,improve
12630,6,512.3000000000003,6,509.00000000000045,2opt,notBad
12631,6,512.3000000000003,6,509.00000000000045,swap,notBad
12632,6,512.3000000000003,6,509.00000000000045,move,improve
12633,6,512.3000000000003,6,509.00000000000045,2opt,notBad
12634,6,512.3000000000003,6,509.00000000000045,move,improve
12635,6,512.3000000000003,6,509.00000000000045,move,improve
12636,6,512.3000000000003,6,509.00000000000045,swap,notBad
12637,6,512.3000000000003,6,509.00000000000045,move,improve
12638,6,512.3000000000003,6,509.00000000000045,swap,notBad
12639,6,512.3000000000003,6,509.00000000000045,move,improve
12640,6,512.3000000000003,6,509.00000000000045,move,improve
12641,6,512.3000000000003,6,509.00000000000045,swap,notBad
12642,6,512.3000000000003,6,509.00000000000045,move,improve
12643,6,512.3000000000003,6,509.00000000000045,swap,notBad
12644,6,512.3000000000003,6,509.00000000000045,2opt,notBad
12645,6,512.3000000000003,6,509.00000000000045,move,improve
12646,6,512.3000000000003,6,509.00000000000045,2opt,notBad
12647,6,512.3000000000003,6,509.00000000000045,move,improve
12648,6,512.3000000000003,6,509.00000000000045,swap,notBad
12649,6,512.3000000000003,6,509.00000000000045,swap,notBad
12650,6,512.3000000000003,6,509.00000000000045,swap,notBad
12651,6,512.3000000000003,6,509.00000000000045,2opt,notBad
12652,6,512.3000000000003,6,509.00000000000045,swap,notBad
12653,6,512.3000000000003,6,509.00000000000045,move,improve
12654,6,512.3000000000003,6,509.00000000000045,swap,notBad
12655,6,512.3000000000003,6,509.00000000000045,move,improve
12656,6,512.1999999999999,6,509.00000000000045,2opt,improve
12657,6,512.1999999999999,6,509.00000000000045,swap,notBad
12658,6,512.1999999999999,6,509.00000000000045,swap,notBad
12659,6,512.1999999999999,6,509.00000000000045,swap,notBad
12660,6,512.1999999999999,6,509.00000000000045,move,improve
12661,6,512.1999999999999,6,509.00000000000045,swap,notBad
12662,6,512.1999999999999,6,509.00000000000045,swap,notBad
12663,6,512.1999999999999,6,509.00000000000045,move,improve
12664,6,512.1999999999999,6,509.00000000000045,swap,notBad
12665,6,512.1999999999999,6,509.00000000000045,move,improve
12666,6,512.1999999999999,6,509.00000000000045,move,improve
12667,6,512.1999999999999,6,509.00000000000045,swap,improve
12668,6,512.1999999999999,6,509.00000000000045,move,improve
12669,6,512.1999999999999,6,509.00000000000045,move,improve
12670,6,512.1999999999999,6,509.00000000000045,move,improve
12671,6,512.1999999999999,6,509.00000000000045,swap,notBad
12672,6,512.1999999999999,6,509.00000000000045,move,improve
12673,6,512.1999999999999,6,509.00000000000045,2opt,notBad
12674,6,512.1999999999999,6,509.00000000000045,move,improve
12675,6,512.1999999999999,6,509.00000000000045,move,improve
12676,6,512.1999999999999,6,509.00000000000045,move,improve
12677,6,512.1999999999999,6,509.00000000000045,move,improve
12678,6,512.1999999999999,6,509.00000000000045,swap,notBad
12679,6,512.1999999999999,6,509.00000000000045,swap,notBad
12680,6,512.1999999999999,6,509.00000000000045,move,improve
12681,6,512.1999999999999,6,509.00000000000045,move,improve
12682,6,512.1999999999999,6,509.00000000000045,2opt,improve
12683,6,512.1999999999999,6,509.00000000000045,2opt,notBad
12684,6,512.1999999999999,6,509.00000000000045,swap,notBad
12685,6,512.1999999999999,6,509.00000000000045,2opt,notBad
12686,6,512.1999999999999,6,509.00000000000045,2opt,notBad
12687,6,512.1999999999999,6,509.00000000000045,swap,notBad
12688,6,512.1999999999999,6,509.00000000000045,move,improve
12689,6,512.1999999999999,6,509.00000000000045,2opt,notBad
12690,6,512.1999999999999,6,509.00000000000045,swap,notBad
12691,6,512.1999999999999,6,509.00000000000045,swap,improve
12692,6,512.1999999999999,6,509.00000000000045,2opt,notBad
12693,6,512.1999999999999,6,509.00000000000045,swap,improve
12694,6,512.1999999999999,6,509.00000000000045,2opt,notBad
12695,6,512.1999999999999,6,509.00000000000045,2opt,notBad
12696,6,512.1999999999999,6,509.00000000000045,2opt,notBad
12697,6,512.1999999999999,6,509.00000000000045,swap,notBad
12698,6,512.1999999999999,6,509.00000000000045,swap,notBad
12699,6,512.1999999999999,6,509.00000000000045,swap,improve
12700,6,512.1999999999999,6,509.00000000000045,2opt,notBad
12701,6,512.1999999999999,6,509.00000000000045,2opt,notBad
12702,6,512.1999999999999,6,509.00000000000045,move,improve
12703,6,512.1999999999999,6,509.00000000000045,move,improve
12704,6,512.1999999999999,6,509.00000000000045,swap,notBad
12705,6,512.1999999999999,6,509.00000000000045,2opt,notBad
12706,6,512.6,6,509.00000000000045,swap,acceptBad
12707,6,512.6,6,509.00000000000045,2opt,notBad
12708,6,512.6,6,509.00000000000045,2opt,notBad
12709,6,512.6,6,509.00000000000045,2opt,notBad
12710,6,512.6,6,509.00000000000045,2opt,notBad
12711,6,512.6,6,509.00000000000045,swap,notBad
12712,6,512.6,6,509.00000000000045,move,notBad
12713,6,512.6,6,509.00000000000045,move,improve
12714,6,512.6,6,509.00000000000045,2opt,notBad
12715,6,512.6,6,509.00000000000045,swap,notBad
12716,6,512.6,6,509.00000000000045,2opt,notBad
12717,6,512.6,6,509.00000000000045,2opt,notBad
12718,6,512.6,6,509.00000000000045,2opt,notBad
12719,6,512.6,6,509.00000000000045,swap,notBad
12720,6,512.6,6,509.00000000000045,2opt,notBad
12721,6,512.6,6,509.00000000000045,move,improve
12722,6,512.6,6,509.00000000000045,swap,notBad
12723,6,512.6,6,509.00000000000045,swap,improve
12724,6,512.6,6,509.00000000000045,move,improve
12725,6,512.6,6,509.00000000000045,2opt,improve
12726,6,512.6,6,509.00000000000045,2opt,notBad
12727,6,512.6,6,509.00000000000045,swap,notBad
12728,6,512.6,6,509.00000000000045,move,improve
12729,6,512.6,6,509.00000000000045,2opt,notBad
12730,6,512.6,6,509.00000000000045,move,improve
12731,6,512.6,6,509.00000000000045,swap,notBad
12732,6,512.6,6,509.00000000000045,2opt,improve
12733,6,512.6,6,509.00000000000045,2opt,improve
12734,6,512.6,6,509.00000000000045,move,improve
12735,6,512.6,6,509.00000000000045,move,improve
12736,6,512.6,6,509.00000000000045,2opt,notBad
12737,6,512.6,6,509.00000000000045,move,improve
12738,6,512.6,6,509.00000000000045,move,improve
12739,6,512.6,6,509.00000000000045,swap,notBad
12740,6,512.6,6,509.00000000000045,2opt,improve
12741,6,512.6,6,509.00000000000045,2opt,improve
12742,6,512.6,6,509.00000000000045,move,improve
12743,6,512.6,6,509.00000000000045,swap,notBad
12744,6,512.6,6,509.00000000000045,move,improve
12745,6,512.6,6,509.00000000000045,move,improve
12746,6,512.6,6,509.00000000000045,swap,notBad
12747,6,512.6,6,509.00000000000045,swap,notBad
12748,6,512.6,6,509.00000000000045,swap,notBad
12749,6,512.6,6,509.00000000000045,2opt,notBad
12750,6,512.6,6,509.00000000000045,swap,improve
12751,6,512.6,6,509.00000000000045,2opt,improve
12752,6,512.6,6,509.00000000000045,2opt,notBad
12753,6,512.6,6,509.00000000000045,swap,notBad
12754,6,512.6,6,509.00000000000045,2opt,notBad
12755,6,512.6,6,509.00000000000045,2opt,notBad
12756,6,512.6,6,509.00000000000045,swap,notBad
12757,6,512.6,6,509.00000000000045,2opt,notBad
12758,6,512.1999999999999,6,509.00000000000045,swap,improve
12759,6,512.1999999999999,6,509.00000000000045,2opt,notBad
12760,6,512.1999999999999,6,509.00000000000045,move,improve
12761,6,512.1999999999999,6,509.00000000000045,2opt,notBad
12762,6,511.9,6,509.00000000000045,swap,improve
12763,6,511.9,6,509.00000000000045,2opt,notBad
12764,6,511.9,6,509.00000000000045,move,improve
12765,6,511.9,6,509.00000000000045,swap,notBad
12766,6,511.9,6,509.00000000000045,swap,notBad
12767,6,511.9,6,509.00000000000045,swap,improve
12768,6,511.9,6,509.00000000000045,swap,notBad
12769,6,511.9,6,509.00000000000045,2opt,notBad
12770,6,511.9,6,509.00000000000045,2opt,notBad
12771,6,511.9,6,509.00000000000045,2opt,notBad
12772,6,511.9,6,509.00000000000045,move,improve
12773,6,511.9,6,509.00000000000045,swap,notBad
12774,6,511.9,6,509.00000000000045,move,improve
12775,6,511.9,6,509.00000000000045,2opt,improve
12776,6,511.9,6,509.00000000000045,move,improve
12777,6,511.9,6,509.00000000000045,swap,notBad
12778,6,511.9,6,509.00000000000045,2opt,notBad
12779,6,511.9,6,509.00000000000045,2opt,notBad
12780,6,511.9,6,509.00000000000045,move,improve
12781,6,511.9,6,509.00000000000045,move,improve
12782,6,511.9,6,509.00000000000045,swap,notBad
12783,6,511.9,6,509.00000000000045,move,improve
12784,6,511.9,6,509.00000000000045,move,improve
12785,6,511.9,6,509.00000000000045,swap,notBad
12786,6,511.9,6,509.00000000000045,2opt,notBad
12787,6,511.9,6,509.00000000000045,swap,notBad
12788,6,511.9,6,509.00000000000045,move,improve
12789,6,511.9,6,509.00000000000045,move,improve
12790,6,511.9,6,509.00000000000045,2opt,notBad
12791,6,511.9,6,509.00000000000045,2opt,notBad
12792,6,511.9,6,509.00000000000045,swap,notBad
12793,6,511.9,6,509.00000000000045,2opt,notBad
12794,6,511.9,6,509.00000000000045,swap,notBad
12795,6,511.9,6,509.00000000000045,2opt,notBad
12796,6,511.9,6,509.00000000000045,move,improve
12797,6,511.9,6,509.00000000000045,2opt,improve
12798,6,511.9,6,509.00000000000045,swap,notBad
12799,6,511.9,6,509.00000000000045,2opt,notBad
12800,6,511.9,6,509.00000000000045,move,improve
12801,6,511.9,6,509.00000000000045,2opt,notBad
12802,6,511.9,6,509.00000000000045,swap,improve
12803,6,511.9,6,509.00000000000045,move,improve
12804,6,511.9,6,509.00000000000045,swap,notBad
12805,6,511.9,6,509.00000000000045,swap,notBad
12806,6,511.9,6,509.00000000000045,swap,notBad
12807,6,511.9,6,509.00000000000045,move,improve
12808,6,511.9,6,509.00000000000045,swap,notBad
12809,6,511.9,6,509.00000000000045,move,improve
12810,6,511.9,6,509.00000000000045,swap,notBad
12811,6,511.9,6,509.00000000000045,2opt,notBad
12812,6,511.9,6,509.00000000000045,swap,notBad
12813,6,511.9,6,509.00000000000045,2opt,improve
12814,6,511.9,6,509.00000000000045,swap,notBad
12815,6,511.9,6,509.00000000000045,swap,improve
12816,6,511.9,6,509.00000000000045,swap,notBad
12817,6,511.9,6,509.00000000000045,2opt,notBad
12818,6,511.9,6,509.00000000000045,swap,notBad
12819,6,511.9,6,509.00000000000045,move,improve
12820,6,511.9,6,509.00000000000045,2opt,notBad
12821,6,511.9,6,509.00000000000045,move,improve
12822,6,511.9,6,509.00000000000045,swap,notBad
12823,6,511.9,6,509.00000000000045,swap,notBad
12824,6,511.9,6,509.00000000000045,swap,notBad
12825,6,511.9,6,509.00000000000045,2opt,improve
12826,6,511.9,6,509.00000000000045,move,improve
12827,6,511.9,6,509.00000000000045,2opt,notBad
12828,6,511.9,6,509.00000000000045,swap,notBad
12829,6,511.9,6,509.00000000000045,swap,notBad
12830,6,511.9,6,509.00000000000045,2opt,notBad
12831,6,511.9,6,509.00000000000045,move,improve
12832,6,511.9,6,509.00000000000045,2opt,notBad
12833,6,511.9,6,509.00000000000045,2opt,notBad
12834,6,511.9,6,509.00000000000045,swap,notBad
12835,6,511.9,6,509.00000000000045,swap,notBad
12836,6,511.9,6,509.00000000000045,move,improve
12837,6,511.9,6,509.00000000000045,move,improve
12838,6,511.9,6,509.00000000000045,move,improve
12839,6,511.9,6,509.00000000000045,move,improve
12840,6,511.9,6,509.00000000000045,move,improve
12841,6,511.9,6,509.00000000000045,move,improve
12842,6,511.9,6,509.00000000000045,move,improve
12843,6,511.9,6,509.00000000000045,2opt,improve
12844,6,511.9,6,509.00000000000045,2opt,notBad
12845,6,511.9,6,509.00000000000045,swap,notBad
12846,6,511.9,6,509.00000000000045,swap,notBad
12847,6,511.9,6,509.00000000000045,move,improve
12848,6,511.9,6,509.00000000000045,swap,notBad
12849,6,511.9,6,509.00000000000045,move,improve
12850,6,511.9,6,509.00000000000045,2opt,improve
12851,6,511.9,6,509.00000000000045,move,improve
12852,6,511.9,6,509.00000000000045,move,improve
12853,6,511.9,6,509.00000000000045,move,improve
12854,6,511.9,6,509.00000000000045,2opt,notBad
12855,6,511.9,6,509.00000000000045,swap,notBad
12856,6,511.9,6,509.00000000000045,swap,notBad
12857,6,511.9,6,509.00000000000045,move,improve
12858,6,511.9,6,509.00000000000045,2opt,notBad
12859,6,511.9,6,509.00000000000045,2opt,notBad
12860,6,511.9,6,509.00000000000045,move,improve
12861,6,511.9,6,509.00000000000045,move,improve
12862,6,511.9,6,509.00000000000045,move,improve
12863,6,511.9,6,509.00000000000045,swap,notBad
12864,6,511.9,6,509.00000000000045,move,improve
12865,6,511.9,6,509.00000000000045,swap,notBad
12866,6,511.9,6,509.00000000000045,swap,notBad
12867,6,511.9,6,509.00000000000045,move,improve
12868,6,511.9,6,509.00000000000045,swap,improve
12869,6,511.9,6,509.00000000000045,2opt,improve
12870,6,511.9,6,509.00000000000045,move,improve
12871,6,511.9,6,509.00000000000045,move,improve
12872,6,511.9,6,509.00000000000045,2opt,notBad
12873,6,511.9,6,509.00000000000045,2opt,notBad
12874,6,511.9,6,509.00000000000045,swap,notBad
12875,6,511.9,6,509.00000000000045,2opt,notBad
12876,6,511.9,6,509.00000000000045,2opt,improve
12877,6,511.9,6,509.00000000000045,move,improve
12878,6,511.9,6,509.00000000000045,2opt,notBad
12879,6,511.9,6,509.00000000000045,move,improve
12880,6,511.9,6,509.00000000000045,swap,notBad
12881,6,511.9,6,509.00000000000045,move,improve
12882,6,511.9,6,509.00000000000045,2opt,notBad
12883,6,511.9,6,509.00000000000045,move,improve
12884,6,511.9,6,509.00000000000045,swap,notBad
12885,6,511.9,6,509.00000000000045,move,improve
12886,6,511.9,6,509.00000000000045,move,improve
12887,6,511.9,6,509.00000000000045,2opt,notBad
12888,6,511.9,6,509.00000000000045,2opt,notBad
12889,6,511.9,6,509.00000000000045,swap,notBad
12890,6,511.9,6,509.00000000000045,swap,notBad
12891,6,511.9,6,509.00000000000045,2opt,notBad
12892,6,511.9,6,509.00000000000045,2opt,improve
12893,6,511.9,6,509.00000000000045,swap,notBad
12894,6,511.9,6,509.00000000000045,2opt,notBad
12895,6,511.9,6,509.00000000000045,2opt,notBad
12896,6,511.9,6,509.00000000000045,2opt,notBad
12897,6,511.9,6,509.00000000000045,2opt,notBad
12898,6,511.9,6,509.00000000000045,2opt,notBad
12899,6,511.9,6,509.00000000000045,2opt,notBad
12900,6,511.9,6,509.00000000000045,swap,notBad
12901,6,511.9,6,509.00000000000045,swap,notBad
12902,6,511.9,6,509.00000000000045,2opt,notBad
12903,6,511.9,6,509.00000000000045,move,improve
12904,6,511.9,6,509.00000000000045,2opt,improve
12905,6,511.9,6,509.00000000000045,move,improve
12906,6,511.9,6,509.00000000000045,move,improve
12907,6,511.9,6,509.00000000000045,swap,notBad
12908,6,511.9,6,509.00000000000045,2opt,improve
12909,6,511.9,6,509.00000000000045,move,improve
12910,6,511.9,6,509.00000000000045,move,improve
12911,6,511.9,6,509.00000000000045,move,improve
12912,6,511.9,6,509.00000000000045,swap,improve
12913,6,511.9,6,509.00000000000045,move,improve
12914,6,511.9,6,509.00000000000045,move,improve
12915,6,511.9,6,509.00000000000045,2opt,notBad
12916,6,511.9,6,509.00000000000045,move,improve
12917,6,511.9,6,509.00000000000045,move,improve
12918,6,511.9,6,509.00000000000045,2opt,improve
12919,6,511.9,6,509.00000000000045,move,improve
12920,6,511.9,6,509.00000000000045,2opt,improve
12921,6,511.9,6,509.00000000000045,swap,notBad
12922,6,511.9,6,509.00000000000045,move,improve
12923,6,511.9,6,509.00000000000045,2opt,notBad
12924,6,511.9,6,509.00000000000045,move,improve
12925,6,511.9,6,509.00000000000045,2opt,improve
12926,6,511.9,6,509.00000000000045,2opt,improve
12927,6,511.9,6,509.00000000000045,move,improve
12928,6,511.9,6,509.00000000000045,move,improve
12929,6,511.9,6,509.00000000000045,swap,notBad
12930,6,511.9,6,509.00000000000045,2opt,notBad
12931,6,511.9,6,509.00000000000045,swap,notBad
12932,6,511.9,6,509.00000000000045,2opt,improve
12933,6,511.9,6,509.00000000000045,2opt,notBad
12934,6,511.9,6,509.00000000000045,swap,improve
12935,6,511.9,6,509.00000000000045,move,improve
12936,6,511.9,6,509.00000000000045,swap,notBad
12937,6,511.9,6,509.00000000000045,swap,notBad
12938,6,511.9,6,509.00000000000045,move,improve
12939,6,511.9,6,509.00000000000045,move,improve
12940,6,511.9,6,509.00000000000045,swap,notBad
12941,6,511.9,6,509.00000000000045,2opt,notBad
12942,6,511.9,6,509.00000000000045,move,improve
12943,6,511.9,6,509.00000000000045,move,improve
12944,6,511.9,6,509.00000000000045,2opt,improve
12945,6,511.9,6,509.00000000000045,move,improve
12946,6,511.9,6,509.00000000000045,swap,notBad
12947,6,511.9,6,509.00000000000045,2opt,improve
12948,6,511.9,6,509.00000000000045,swap,notBad
12949,6,511.9,6,509.00000000000045,swap,notBad
12950,6,511.9,6,509.00000000000045,swap,notBad
12951,6,511.9,6,509.00000000000045,2opt,notBad
12952,6,511.9,6,509.00000000000045,swap,notBad
12953,6,511.9,6,509.00000000000045,2opt,notBad
12954,6,511.9,6,509.00000000000045,move,improve
12955,6,511.9,6,509.00000000000045,swap,notBad
12956,6,511.9,6,509.00000000000045,move,improve
12957,6,511.9,6,509.00000000000045,swap,notBad
12958,6,511.9,6,509.00000000000045,swap,notBad
12959,6,511.9,6,509.00000000000045,move,improve
12960,6,511.9,6,509.00000000000045,2opt,notBad
12961,6,511.9,6,509.00000000000045,swap,notBad
12962,6,511.9,6,509.00000000000045,swap,notBad
12963,6,511.9,6,509.00000000000045,swap,notBad
12964,6,511.9,6,509.00000000000045,swap,improve
12965,6,511.9,6,509.00000000000045,move,improve
12966,6,511.9,6,509.00000000000045,swap,notBad
12967,6,511.9,6,509.00000000000045,swap,notBad
12968,6,511.9,6,509.00000000000045,2opt,improve
12969,6,511.9,6,509.00000000000045,2opt,notBad
12970,6,511.9,6,509.00000000000045,2opt,notBad
12971,6,511.9,6,509.00000000000045,2opt,notBad
12972,6,511.9,6,509.00000000000045,2opt,notBad
12973,6,511.9,6,509.00000000000045,swap,notBad
12974,6,511.9,6,509.00000000000045,2opt,notBad
12975,6,511.9,6,509.00000000000045,2opt,improve
12976,6,511.9,6,509.00000000000045,swap,notBad
12977,6,511.9,6,509.00000000000045,swap,notBad
12978,6,511.9,6,509.00000000000045,swap,notBad
12979,6,511.9,6,509.00000000000045,2opt,notBad
12980,6,511.9,6,509.00000000000045,swap,notBad
12981,6,511.9,6,509.00000000000045,swap,notBad
12982,6,511.9,6,509.00000000000045,move,improve
12983,6,511.9,6,509.00000000000045,move,improve
12984,6,511.9,6,509.00000000000045,move,improve
12985,6,511.9,6,509.00000000000045,move,notBad
12986,6,511.9,6,509.00000000000045,swap,notBad
12987,6,511.9,6,509.00000000000045,2opt,notBad
12988,6,511.9,6,509.00000000000045,swap,notBad
12989,6,511.9,6,509.00000000000045,move,improve
12990,6,511.9,6,509.00000000000045,move,improve
12991,6,511.9,6,509.00000000000045,2opt,notBad
12992,6,511.9,6,509.00000000000045,2opt,notBad
12993,6,511.9,6,509.00000000000045,move,improve
12994,6,511.9,6,509.00000000000045,2opt,notBad
12995,6,511.9,6,509.00000000000045,move,improve
12996,6,511.9,6,509.00000000000045,2opt,improve
12997,6,511.9,6,509.00000000000045,2opt,notBad
12998,6,511.9,6,509.00000000000045,move,improve
12999,6,511.9,6,509.00000000000045,swap,notBad
13000,6,511.9,6,509.00000000000045,move,improve
13001,6,511.9,6,509.00000000000045,swap,notBad
13002,6,511.9,6,509.00000000000045,swap,notBad
13003,6,511.9,6,509.00000000000045,swap,notBad
13004,6,511.9,6,509.00000000000045,move,improve
13005,6,511.9,6,509.00000000000045,move,improve
13006,6,511.9,6,509.00000000000045,2opt,notBad
13007,6,511.9,6,509.00000000000045,move,improve
13008,6,511.9,6,509.00000000000045,move,improve
13009,6,511.9,6,509.00000000000045,2opt,notBad
13010,6,511.9,6,509.00000000000045,2opt,notBad
13011,6,511.9,6,509.00000000000045,move,improve
13012,6,511.9,6,509.00000000000045,2opt,improve
13013,6,511.9,6,509.00000000000045,move,improve
13014,6,511.9,6,509.00000000000045,2opt,notBad
13015,6,511.9,6,509.00000000000045,2opt,notBad
13016,6,511.9,6,509.00000000000045,2opt,notBad
13017,6,511.9,6,509.00000000000045,2opt,notBad
13018,6,511.9,6,509.00000000000045,swap,notBad
13019,6,511.9,6,509.00000000000045,move,improve
13020,6,511.9,6,509.00000000000045,swap,notBad
13021,6,511.9,6,509.00000000000045,2opt,notBad
13022,6,511.9,6,509.00000000000045,swap,notBad
13023,6,511.9,6,509.00000000000045,swap,notBad
13024,6,511.9,6,509.00000000000045,move,improve
13025,6,511.9,6,509.00000000000045,move,improve
13026,6,511.9,6,509.00000000000045,swap,notBad
13027,6,511.9,6,509.00000000000045,move,improve
13028,6,511.9,6,509.00000000000045,move,improve
13029,6,511.9,6,509.00000000000045,move,improve
13030,6,511.9,6,509.00000000000045,2opt,notBad
13031,6,511.9,6,509.00000000000045,2opt,improve
13032,6,511.9,6,509.00000000000045,2opt,notBad
13033,6,511.9,6,509.00000000000045,2opt,notBad
13034,6,511.9,6,509.00000000000045,2opt,notBad
13035,6,511.9,6,509.00000000000045,2opt,notBad
13036,6,511.9,6,509.00000000000045,move,improve
13037,6,511.9,6,509.00000000000045,move,improve
13038,6,511.9,6,509.00000000000045,swap,notBad
13039,6,511.9,6,509.00000000000045,swap,notBad
13040,6,511.9,6,509.00000000000045,swap,improve
13041,6,511.9,6,509.00000000000045,2opt,notBad
13042,6,511.9,6,509.00000000000045,swap,notBad
13043,6,511.9,6,509.00000000000045,swap,notBad
13044,6,511.9,6,509.00000000000045,2opt,notBad
13045,6,511.9,6,509.00000000000045,2opt,notBad
13046,6,511.9,6,509.00000000000045,2opt,notBad
13047,6,511.9,6,509.00000000000045,2opt,notBad
13048,6,511.9,6,509.00000000000045,2opt,notBad
13049,6,511.9,6,509.00000000000045,move,improve
13050,6,511.9,6,509.00000000000045,move,improve
13051,6,511.9,6,509.00000000000045,2opt,notBad
13052,6,511.9,6,509.00000000000045,2opt,notBad
13053,6,511.9,6,509.00000000000045,2opt,notBad
13054,6,513.1000000000003,6,509.00000000000045,swap,acceptBad
13055,6,513.1000000000003,6,509.00000000000045,swap,notBad
13056,6,513.1000000000003,6,509.00000000000045,swap,improve
13057,6,513.1000000000003,6,509.00000000000045,move,improve
13058,6,513.1000000000003,6,509.00000000000045,swap,notBad
13059,6,513.1000000000003,6,509.00000000000045,move,improve
13060,6,513.1000000000003,6,509.00000000000045,swap,notBad
13061,6,513.1000000000003,6,509.00000000000045,2opt,notBad
13062,6,513.1000000000003,6,509.00000000000045,swap,notBad
13063,6,513.1000000000003,6,509.00000000000045,move,improve
13064,6,513.1000000000003,6,509.00000000000045,move,improve
13065,6,513.1000000000003,6,509.00000000000045,move,improve
13066,6,513.1000000000003,6,509.00000000000045,swap,notBad
13067,6,513.1000000000003,6,509.00000000000045,swap,notBad
13068,6,513.1000000000003,6,509.00000000000045,swap,notBad
13069,6,513.1000000000003,6,509.00000000000045,move,improve
13070,6,513.1000000000003,6,509.00000000000045,move,improve
13071,6,513.1000000000003,6,509.00000000000045,swap,notBad
13072,6,513.1000000000003,6,509.00000000000045,2opt,notBad
13073,6,513.1000000000003,6,509.00000000000045,swap,notBad
13074,6,513.1000000000003,6,509.00000000000045,move,improve
13075,6,513.1000000000003,6,509.00000000000045,swap,notBad
13076,6,513.1000000000003,6,509.00000000000045,move,improve
13077,6,513.1000000000003,6,509.00000000000045,2opt,notBad
13078,6,513.1000000000003,6,509.00000000000045,2opt,notBad
13079,6,513.1000000000003,6,509.00000000000045,2opt,notBad
13080,6,513.1000000000003,6,509.00000000000045,swap,improve
13081,6,513.1000000000003,6,509.00000000000045,2opt,notBad
13082,6,513.1000000000003,6,509.00000000000045,move,improve
13083,6,513.1000000000003,6,509.00000000000045,2opt,notBad
13084,6,513.1000000000003,6,509.00000000000045,swap,notBad
13085,6,513.1000000000003,6,509.00000000000045,2opt,notBad
13086,6,513.1000000000003,6,509.00000000000045,swap,notBad
13087,6,513.1000000000003,6,509.00000000000045,swap,notBad
13088,6,513.1000000000003,6,509.00000000000045,move,improve
13089,6,513.1000000000003,6,509.00000000000045,swap,notBad
13090,6,513.1000000000003,6,509.00000000000045,2opt,notBad
13091,6,513.1000000000003,6,509.00000000000045,2opt,notBad
13092,6,513.1000000000003,6,509.00000000000045,swap,improve
13093,6,513.1000000000003,6,509.00000000000045,move,improve
13094,6,513.1000000000003,6,509.00000000000045,2opt,notBad
13095,6,513.1000000000003,6,509.00000000000045,2opt,notBad
13096,6,513.1000000000003,6,509.00000000000045,swap,notBad
13097,6,513.1000000000003,6,509.00000000000045,swap,notBad
13098,6,513.1000000000003,6,509.00000000000045,move,improve
13099,6,513.1000000000003,6,509.00000000000045,swap,notBad
13100,6,513.1000000000003,6,509.00000000000045,move,improve
13101,6,513.1000000000003,6,509.00000000000045,swap,notBad
13102,6,513.1000000000003,6,509.00000000000045,2opt,notBad
13103,6,513.1000000000003,6,509.00000000000045,2opt,notBad
13104,6,513.1000000000003,6,509.00000000000045,move,improve
13105,6,513.1000000000003,6,509.00000000000045,move,improve
13106,6,513.1000000000003,6,509.00000000000045,move,improve
13107,6,513.1000000000003,6,509.00000000000045,2opt,notBad
13108,6,513.1000000000003,6,509.00000000000045,swap,notBad
13109,6,513.1000000000003,6,509.00000000000045,move,improve
13110,6,513.1000000000003,6,509.00000000000045,2opt,notBad
13111,6,512.6,6,509.00000000000045,swap,improve
13112,6,512.6,6,509.00000000000045,2opt,improve
13113,6,512.6,6,509.00000000000045,2opt,notBad
13114,6,512.6,6,509.00000000000045,move,improve
13115,6,512.6,6,509.00000000000045,move,improve
13116,6,512.6,6,509.00000000000045,2opt,notBad
13117,6,512.6,6,509.00000000000045,move,improve
13118,6,512.6,6,509.00000000000045,move,notBad
13119,6,512.6,6,509.00000000000045,move,improve
13120,6,512.6,6,509.00000000000045,swap,notBad
13121,6,512.6,6,509.00000000000045,2opt,notBad
13122,6,512.6,6,509.00000000000045,swap,notBad
13123,6,512.6,6,509.00000000000045,move,improve
13124,6,512.6,6,509.00000000000045,swap,notBad
13125,6,512.6,6,509.00000000000045,2opt,improve
13126,6,512.6,6,509.00000000000045,swap,notBad
13127,6,512.6,6,509.00000000000045,swap,notBad
13128,6,512.6,6,509.00000000000045,move,improve
13129,6,512.6,6,509.00000000000045,2opt,notBad
13130,6,512.6,6,509.00000000000045,move,improve
13131,6,512.6,6,509.00000000000045,2opt,notBad
13132,6,512.6,6,509.00000000000045,2opt,notBad
13133,6,512.6,6,509.00000000000045,2opt,notBad
13134,6,512.6,6,509.00000000000045,swap,notBad
13135,6,512.6,6,509.00000000000045,move,improve
13136,6,512.6,6,509.00000000000045,2opt,notBad
13137,6,512.6,6,509.00000000000045,2opt,notBad
13138,6,512.6,6,509.00000000000045,swap,notBad
13139,6,512.6,6,509.00000000000045,move,improve
13140,6,512.6,6,509.00000000000045,move,improve
13141,6,512.6,6,509.00000000000045,move,improve
13142,6,512.6,6,509.00000000000045,swap,notBad
13143,6,512.6,6,509.00000000000045,swap,notBad
13144,6,512.6,6,509.00000000000045,swap,notBad
13145,6,512.6,6,509.00000000000045,move,improve
13146,6,512.6,6,509.00000000000045,swap,notBad
13147,6,512.6,6,509.00000000000045,swap,notBad
13148,6,512.6,6,509.00000000000045,move,improve
13149,6,512.6,6,509.00000000000045,2opt,notBad
13150,6,512.6,6,509.00000000000045,2opt,notBad
13151,6,512.6,6,509.00000000000045,2opt,notBad
13152,6,512.6,6,509.00000000000045,move,improve
13153,6,512.6,6,509.00000000000045,move,improve
13154,6,513.1000000000003,6,509.00000000000045,swap,acceptBad
13155,6,513.1000000000003,6,509.00000000000045,swap,notBad
13156,6,513.1000000000003,6,509.00000000000045,move,improve
13157,6,513.1000000000003,6,509.00000000000045,swap,notBad
13158,6,513.1000000000003,6,509.00000000000045,move,improve
13159,6,513.1000000000003,6,509.00000000000045,move,improve
13160,6,513.1000000000003,6,509.00000000000045,2opt,notBad
13161,6,513.1000000000003,6,509.00000000000045,swap,notBad
13162,6,513.1000000000003,6,509.00000000000045,swap,notBad
13163,6,513.1000000000003,6,509.00000000000045,move,improve
13164,6,513.1000000000003,6,509.00000000000045,swap,notBad
13165,6,513.1000000000003,6,509.00000000000045,move,improve
13166,6,513.1000000000003,6,509.00000000000045,swap,notBad
13167,6,513.1000000000003,6,509.00000000000045,2opt,notBad
13168,6,513.1000000000003,6,509.00000000000045,move,improve
13169,6,513.1000000000003,6,509.00000000000045,move,improve
13170,6,513.1000000000003,6,509.00000000000045,move,notBad
13171,6,513.1000000000003,6,509.00000000000045,move,improve
13172,6,513.1000000000003,6,509.00000000000045,swap,notBad
13173,6,513.1000000000003,6,509.00000000000045,swap,notBad
13174,6,513.1000000000003,6,509.00000000000045,swap,notBad
13175,6,513.1000000000003,6,509.00000000000045,move,improve
13176,6,513.1000000000003,6,509.00000000000045,swap,notBad
13177,6,513.1000000000003,6,509.00000000000045,2opt,notBad
13178,6,513.1000000000003,6,509.00000000000045,move,improve
13179,6,513.1000000000003,6,509.00000000000045,swap,notBad
13180,6,513.1000000000003,6,509.00000000000045,2opt,notBad
13181,6,513.1000000000003,6,509.00000000000045,move,improve
13182,6,513.1000000000003,6,509.00000000000045,swap,notBad
13183,6,513.1000000000003,6,509.00000000000045,swap,notBad
13184,6,513.1000000000003,6,509.00000000000045,move,improve
13185,6,513.1000000000003,6,509.00000000000045,2opt,improve
13186,6,513.1000000000003,6,509.00000000000045,move,improve
13187,6,513.1000000000003,6,509.00000000000045,move,improve
13188,6,513.1000000000003,6,509.00000000000045,2opt,improve
13189,6,513.1000000000003,6,509.00000000000045,move,improve
13190,6,513.1000000000003,6,509.00000000000045,2opt,notBad
13191,6,513.1000000000003,6,509.00000000000045,move,improve
13192,6,513.1000000000003,6,509.00000000000045,swap,notBad
13193,6,513.1000000000003,6,509.00000000000045,2opt,notBad
13194,6,513.1000000000003,6,509.00000000000045,move,improve
13195,6,513.1000000000003,6,509.00000000000045,swap,notBad
13196,6,513.1000000000003,6,509.00000000000045,swap,notBad
13197,6,513.1000000000003,6,509.00000000000045,2opt,improve
13198,6,513.1000000000003,6,509.00000000000045,swap,notBad
13199,6,513.1000000000003,6,509.00000000000045,move,improve
13200,6,513.1000000000003,6,509.00000000000045,2opt,notBad
13201,6,513.1000000000003,6,509.00000000000045,2opt,notBad
13202,6,513.1000000000003,6,509.00000000000045,swap,notBad
13203,6,513.1000000000003,6,509.00000000000045,swap,notBad
13204,6,513.1000000000003,6,509.00000000000045,move,improve
13205,6,513.1000000000003,6,509.00000000000045,2opt,notBad
13206,6,513.1000000000003,6,509.00000000000045,2opt,improve
13207,6,513.1000000000003,6,509.00000000000045,2opt,improve
13208,6,513.1000000000003,6,509.00000000000045,move,improve
13209,6,513.1000000000003,6,509.00000000000045,swap,notBad
13210,6,511.9,6,509.00000000000045,2opt,improve
13211,6,511.9,6,509.00000000000045,move,improve
13212,6,511.9,6,509.00000000000045,move,improve
13213,6,511.9,6,509.00000000000045,swap,notBad
13214,6,511.9,6,509.00000000000045,2opt,notBad
13215,6,511.9,6,509.00000000000045,swap,notBad
13216,6,511.9,6,509.00000000000045,swap,improve
13217,6,511.9,6,509.00000000000045,move,improve
13218,6,511.9,6,509.00000000000045,swap,improve
13219,6,511.9,6,509.00000000000045,swap,notBad
13220,6,511.9,6,509.00000000000045,move,improve
13221,6,511.9,6,509.00000000000045,move,improve
13222,6,511.9,6,509.00000000000045,move,improve
13223,6,511.9,6,509.00000000000045,2opt,notBad
13224,6,511.9,6,509.00000000000045,swap,notBad
13225,6,511.9,6,509.00000000000045,swap,notBad
13226,6,511.9,6,509.00000000000045,move,improve
13227,6,511.9,6,509.00000000000045,swap,notBad
13228,6,511.9,6,509.00000000000045,2opt,improve
13229,6,511.9,6,509.00000000000045,move,improve
13230,6,511.9,6,509.00000000000045,move,improve
13231,6,511.9,6,509.00000000000045,2opt,improve
13232,6,511.9,6,509.00000000000045,move,improve
13233,6,511.9,6,509.00000000000045,swap,notBad
13234,6,511.9,6,509.00000000000045,swap,notBad
13235,6,511.9,6,509.00000000000045,swap,notBad
13236,6,511.9,6,509.00000000000045,swap,notBad
13237,6,511.9,6,509.00000000000045,move,improve
13238,6,511.9,6,509.00000000000045,move,improve
13239,6,511.9,6,509.00000000000045,2opt,notBad
13240,6,511.9,6,509.00000000000045,swap,notBad
13241,6,511.9,6,509.00000000000045,2opt,notBad
13242,6,511.9,6,509.00000000000045,swap,notBad
13243,6,511.9,6,509.00000000000045,2opt,notBad
13244,6,511.9,6,509.00000000000045,2opt,notBad
13245,6,511.9,6,509.00000000000045,move,improve
13246,6,511.9,6,509.00000000000045,move,improve
13247,6,511.9,6,509.00000000000045,2opt,notBad
13248,6,511.9,6,509.00000000000045,move,improve
13249,6,511.9,6,509.00000000000045,move,improve
13250,6,511.9,6,509.00000000000045,2opt,notBad
13251,6,511.9,6,509.00000000000045,swap,notBad
13252,6,511.9,6,509.00000000000045,move,improve
13253,6,511.9,6,509.00000000000045,swap,notBad
13254,6,511.9,6,509.00000000000045,move,improve
13255,6,511.9,6,509.00000000000045,2opt,improve
13256,6,511.9,6,509.00000000000045,swap,notBad
13257,6,511.9,6,509.00000000000045,swap,notBad
13258,6,511.9,6,509.00000000000045,2opt,improve
13259,6,511.9,6,509.00000000000045,move,improve
13260,6,511.9,6,509.00000000000045,2opt,notBad
13261,6,511.9,6,509.00000000000045,move,improve
13262,6,511.9,6,509.00000000000045,move,improve
13263,6,511.9,6,509.00000000000045,swap,notBad
13264,6,511.9,6,509.00000000000045,2opt,notBad
13265,6,511.9,6,509.00000000000045,move,improve
13266,6,511.9,6,509.00000000000045,swap,improve
13267,6,511.9,6,509.00000000000045,move,improve
13268,6,511.9,6,509.00000000000045,move,improve
13269,6,511.9,6,509.00000000000045,2opt,notBad
13270,6,511.9,6,509.00000000000045,2opt,notBad
13271,6,511.9,6,509.00000000000045,swap,notBad
13272,6,511.9,6,509.00000000000045,swap,notBad
13273,6,511.9,6,509.00000000000045,2opt,notBad
13274,6,511.9,6,509.00000000000045,swap,notBad
13275,6,511.9,6,509.00000000000045,2opt,notBad
13276,6,511.9,6,509.00000000000045,move,improve
13277,6,511.9,6,509.00000000000045,2opt,notBad
13278,6,511.9,6,509.00000000000045,2opt,notBad
13279,6,511.9,6,509.00000000000045,move,improve
13280,6,511.9,6,509.00000000000045,2opt,notBad
13281,6,511.9,6,509.00000000000045,move,improve
13282,6,511.9,6,509.00000000000045,2opt,notBad
13283,6,511.9,6,509.00000000000045,2opt,notBad
13284,6,511.9,6,509.00000000000045,move,improve
13285,6,511.9,6,509.00000000000045,swap,notBad
13286,6,511.9,6,509.00000000000045,move,improve
13287,6,511.9,6,509.00000000000045,2opt,notBad
13288,6,511.9,6,509.00000000000045,2opt,notBad
13289,6,511.9,6,509.00000000000045,2opt,notBad
13290,6,511.9,6,509.00000000000045,2opt,improve
13291,6,511.9,6,509.00000000000045,2opt,notBad
13292,6,511.9,6,509.00000000000045,2opt,notBad
13293,6,511.9,6,509.00000000000045,swap,notBad
13294,6,511.9,6,509.00000000000045,swap,notBad
13295,6,511.9,6,509.00000000000045,2opt,notBad
13296,6,511.9,6,509.00000000000045,2opt,notBad
13297,6,511.9,6,509.00000000000045,2opt,notBad
13298,6,511.9,6,509.00000000000045,move,improve
13299,6,511.9,6,509.00000000000045,2opt,notBad
13300,6,511.9,6,509.00000000000045,swap,notBad
13301,6,511.9,6,509.00000000000045,move,improve
13302,6,511.9,6,509.00000000000045,move,improve
13303,6,511.9,6,509.00000000000045,2opt,notBad
13304,6,511.9,6,509.00000000000045,swap,notBad
13305,6,511.9,6,509.00000000000045,2opt,notBad
13306,6,511.9,6,509.00000000000045,2opt,notBad
13307,6,511.9,6,509.00000000000045,move,improve
13308,6,511.9,6,509.00000000000045,move,improve
13309,6,511.9,6,509.00000000000045,2opt,notBad
13310,6,511.9,6,509.00000000000045,2opt,notBad
13311,6,511.9,6,509.00000000000045,2opt,notBad
13312,6,511.9,6,509.00000000000045,move,improve
13313,6,511.9,6,509.00000000000045,2opt,notBad
13314,6,511.9,6,509.00000000000045,2opt,notBad
13315,6,511.9,6,509.00000000000045,move,improve
13316,6,511.9,6,509.00000000000045,2opt,notBad
13317,6,511.9,6,509.00000000000045,swap,notBad
13318,6,511.9,6,509.00000000000045,move,improve
13319,6,511.9,6,509.00000000000045,move,improve
13320,6,511.9,6,509.00000000000045,2opt,notBad
13321,6,511.9,6,509.00000000000045,2opt,improve
13322,6,511.9,6,509.00000000000045,move,improve
13323,6,511.9,6,509.00000000000045,move,improve
13324,6,511.9,6,509.00000000000045,move,improve
13325,6,511.9,6,509.00000000000045,move,improve
13326,6,511.9,6,509.00000000000045,swap,notBad
13327,6,511.9,6,509.00000000000045,move,improve
13328,6,511.9,6,509.00000000000045,swap,notBad
13329,6,511.9,6,509.00000000000045,move,improve
13330,6,511.9,6,509.00000000000045,swap,notBad
13331,6,511.9,6,509.00000000000045,2opt,notBad
13332,6,511.9,6,509.00000000000045,2opt,notBad
13333,6,511.9,6,509.00000000000045,move,improve
13334,6,511.9,6,509.00000000000045,move,improve
13335,6,511.9,6,509.00000000000045,move,improve
13336,6,511.9,6,509.00000000000045,move,improve
13337,6,511.9,6,509.00000000000045,2opt,notBad
13338,6,511.9,6,509.00000000000045,move,improve
13339,6,511.9,6,509.00000000000045,move,improve
13340,6,511.9,6,509.00000000000045,2opt,notBad
13341,6,511.9,6,509.00000000000045,move,improve
13342,6,511.9,6,509.00000000000045,move,improve
13343,6,511.9,6,509.00000000000045,move,improve
13344,6,511.9,6,509.00000000000045,2opt,improve
13345,6,511.9,6,509.00000000000045,move,improve
13346,6,511.9,6,509.00000000000045,swap,notBad
13347,6,511.9,6,509.00000000000045,move,improve
13348,6,511.9,6,509.00000000000045,2opt,improve
13349,6,511.9,6,509.00000000000045,2opt,notBad
13350,6,511.9,6,509.00000000000045,swap,notBad
13351,6,511.9,6,509.00000000000045,move,improve
13352,6,511.9,6,509.00000000000045,2opt,notBad
13353,6,511.9,6,509.00000000000045,swap,notBad
13354,6,511.9,6,509.00000000000045,move,improve
13355,6,511.9,6,509.00000000000045,move,improve
13356,6,511.9,6,509.00000000000045,2opt,notBad
13357,6,511.9,6,509.00000000000045,swap,notBad
13358,6,511.9,6,509.00000000000045,move,improve
13359,6,511.9,6,509.00000000000045,move,improve
13360,6,511.9,6,509.00000000000045,move,improve
13361,6,511.9,6,509.00000000000045,swap,notBad
13362,6,511.9,6,509.00000000000045,move,improve
13363,6,511.9,6,509.00000000000045,swap,improve
13364,6,511.9,6,509.00000000000045,move,improve
13365,6,511.9,6,509.00000000000045,move,improve
13366,6,511.9,6,509.00000000000045,move,improve
13367,6,511.9,6,509.00000000000045,move,improve
13368,6,511.9,6,509.00000000000045,2opt,notBad
13369,6,511.9,6,509.00000000000045,2opt,notBad
13370,6,511.9,6,509.00000000000045,move,improve
13371,6,511.9,6,509.00000000000045,swap,notBad
13372,6,511.9,6,509.00000000000045,2opt,notBad
13373,6,511.9,6,509.00000000000045,2opt,notBad
13374,6,511.9,6,509.00000000000045,swap,notBad
13375,6,511.9,6,509.00000000000045,swap,notBad
13376,6,511.9,6,509.00000000000045,2opt,improve
13377,6,511.9,6,509.00000000000045,2opt,notBad
13378,6,511.9,6,509.00000000000045,swap,notBad
13379,6,511.9,6,509.00000000000045,2opt,notBad
13380,6,511.9,6,509.00000000000045,move,improve
13381,6,511.9,6,509.00000000000045,move,improve
13382,6,511.9,6,509.00000000000045,swap,notBad
13383,6,511.9,6,509.00000000000045,swap,notBad
13384,6,511.9,6,509.00000000000045,2opt,improve
13385,6,511.9,6,509.00000000000045,2opt,notBad
13386,6,511.9,6,509.00000000000045,2opt,notBad
13387,6,511.9,6,509.00000000000045,swap,notBad
13388,6,511.9,6,509.00000000000045,2opt,notBad
13389,6,511.9,6,509.00000000000045,swap,improve
13390,6,511.9,6,509.00000000000045,2opt,notBad
13391,6,511.9,6,509.00000000000045,move,improve
13392,6,511.9,6,509.00000000000045,swap,notBad
13393,6,511.9,6,509.00000000000045,move,improve
13394,6,511.9,6,509.00000000000045,swap,notBad
13395,6,511.9,6,509.00000000000045,2opt,notBad
13396,6,511.9,6,509.00000000000045,2opt,notBad
13397,6,511.9,6,509.00000000000045,2opt,notBad
13398,6,511.9,6,509.00000000000045,move,improve
13399,6,511.9,6,509.00000000000045,swap,notBad
13400,6,511.9,6,509.00000000000045,2opt,improve
13401,6,511.9,6,509.00000000000045,swap,notBad
13402,6,511.9,6,509.00000000000045,swap,notBad
13403,6,511.9,6,509.00000000000045,swap,notBad
13404,6,511.9,6,509.00000000000045,swap,improve
13405,6,511.9,6,509.00000000000045,2opt,notBad
13406,6,511.9,6,509.00000000000045,swap,notBad
13407,6,511.9,6,509.00000000000045,swap,notBad
13408,6,511.9,6,509.00000000000045,2opt,notBad
13409,6,511.9,6,509.00000000000045,move,improve
13410,6,511.9,6,509.00000000000045,swap,notBad
13411,6,511.9,6,509.00000000000045,swap,notBad
13412,6,511.9,6,509.00000000000045,2opt,notBad
13413,6,511.9,6,509.00000000000045,swap,notBad
13414,6,511.9,6,509.00000000000045,swap,notBad
13415,6,511.9,6,509.00000000000045,swap,notBad
13416,6,511.9,6,509.00000000000045,swap,notBad
13417,6,511.9,6,509.00000000000045,swap,improve
13418,6,511.9,6,509.00000000000045,swap,notBad
13419,6,511.9,6,509.00000000000045,swap,notBad
13420,6,511.9,6,509.00000000000045,swap,improve
13421,6,511.9,6,509.00000000000045,swap,notBad
13422,6,511.9,6,509.00000000000045,2opt,notBad
13423,6,511.9,6,509.00000000000045,2opt,improve
13424,6,511.9,6,509.00000000000045,2opt,notBad
13425,6,511.9,6,509.00000000000045,move,improve
13426,6,511.9,6,509.00000000000045,swap,notBad
13427,6,511.9,6,509.00000000000045,2opt,notBad
13428,6,511.9,6,509.00000000000045,move,improve
13429,6,511.9,6,509.00000000000045,2opt,improve
13430,6,511.9,6,509.00000000000045,swap,notBad
13431,6,511.9,6,509.00000000000045,2opt,notBad
13432,6,511.9,6,509.00000000000045,swap,notBad
13433,6,511.9,6,509.00000000000045,move,improve
13434,6,511.9,6,509.00000000000045,2opt,notBad
13435,6,511.9,6,509.00000000000045,move,improve
13436,6,511.9,6,509.00000000000045,2opt,notBad
13437,6,511.9,6,509.00000000000045,2opt,notBad
13438,6,511.9,6,509.00000000000045,swap,notBad
13439,6,511.9,6,509.00000000000045,swap,notBad
13440,6,511.9,6,509.00000000000045,swap,notBad
13441,6,511.9,6,509.00000000000045,move,improve
13442,6,511.9,6,509.00000000000045,swap,notBad
13443,6,511.9,6,509.00000000000045,move,improve
13444,6,511.9,6,509.00000000000045,swap,notBad
13445,6,511.9,6,509.00000000000045,2opt,notBad
13446,6,511.9,6,509.00000000000045,move,improve
13447,6,511.9,6,509.00000000000045,move,improve
13448,6,511.9,6,509.00000000000045,swap,notBad
13449,6,511.9,6,509.00000000000045,move,improve
13450,6,511.9,6,509.00000000000045,2opt,notBad
13451,6,511.9,6,509.00000000000045,move,improve
13452,6,512.1999999999999,6,509.00000000000045,swap,acceptBad
13453,6,512.1999999999999,6,509.00000000000045,2opt,notBad
13454,6,512.1999999999999,6,509.00000000000045,2opt,notBad
13455,6,512.1999999999999,6,509.00000000000045,move,improve
13456,6,512.1999999999999,6,509.00000000000045,move,improve
13457,6,512.1999999999999,6,509.00000000000045,move,improve
13458,6,512.1999999999999,6,509.00000000000045,swap,notBad
13459,6,512.1999999999999,6,509.00000000000045,2opt,notBad
13460,6,512.1999999999999,6,509.00000000000045,2opt,notBad
13461,6,512.1999999999999,6,509.00000000000045,2opt,notBad
13462,6,512.1999999999999,6,509.00000000000045,move,improve
13463,6,512.1999999999999,6,509.00000000000045,move,improve
13464,6,512.1999999999999,6,509.00000000000045,swap,improve
13465,6,512.1999999999999,6,509.00000000000045,move,improve
13466,6,512.1999999999999,6,509.00000000000045,move,improve
13467,6,512.1999999999999,6,509.00000000000045,2opt,improve
13468,6,512.1999999999999,6,509.00000000000045,move,improve
13469,6,512.1999999999999,6,509.00000000000045,move,improve
13470,6,512.1999999999999,6,509.00000000000045,move,improve
13471,6,512.1999999999999,6,509.00000000000045,2opt,notBad
13472,6,512.1999999999999,6,509.00000000000045,swap,notBad
13473,6,512.1999999999999,6,509.00000000000045,swap,notBad
13474,6,512.1999999999999,6,509.00000000000045,move,improve
13475,6,512.1999999999999,6,509.00000000000045,2opt,notBad
13476,6,512.1999999999999,6,509.00000000000045,2opt,improve
13477,6,512.1999999999999,6,509.00000000000045,swap,notBad
13478,6,512.1999999999999,6,509.00000000000045,move,improve
13479,6,512.1999999999999,6,509.00000000000045,swap,notBad
13480,6,512.1999999999999,6,509.00000000000045,swap,notBad
13481,6,511.9,6,509.00000000000045,swap,improve
13482,6,511.9,6,509.00000000000045,move,improve
13483,6,511.9,6,509.00000000000045,move,improve
13484,6,511.9,6,509.00000000000045,swap,notBad
13485,6,511.9,6,509.00000000000045,swap,improve
13486,6,511.9,6,509.00000000000045,move,improve
13487,6,511.9,6,509.00000000000045,2opt,improve
13488,6,511.9,6,509.00000000000045,swap,notBad
13489,6,511.9,6,509.00000000000045,2opt,notBad
13490,6,511.9,6,509.00000000000045,move,improve
13491,6,511.9,6,509.00000000000045,move,improve
13492,6,511.9,6,509.00000000000045,move,improve
13493,6,511.9,6,509.00000000000045,move,improve
13494,6,511.9,6,509.00000000000045,swap,notBad
13495,6,511.9,6,509.00000000000045,swap,notBad
13496,6,511.9,6,509.00000000000045,2opt,notBad
13497,6,511.9,6,509.00000000000045,swap,notBad
13498,6,511.9,6,509.00000000000045,swap,notBad
13499,6,512.1999999999999,6,509.00000000000045,swap,acceptBad
13500,6,512.1999999999999,6,509.00000000000045,swap,notBad
13501,6,512.1999999999999,6,509.00000000000045,move,improve
13502,6,512.1999999999999,6,509.00000000000045,swap,notBad
13503,6,512.1999999999999,6,509.00000000000045,swap,notBad
13504,6,512.1999999999999,6,509.00000000000045,move,improve
13505,6,512.1999999999999,6,509.00000000000045,move,improve
13506,6,512.1999999999999,6,509.00000000000045,2opt,improve
13507,6,512.1999999999999,6,509.00000000000045,move,improve
13508,6,512.1999999999999,6,509.00000000000045,2opt,notBad
13509,6,512.1999999999999,6,509.00000000000045,move,improve
13510,6,512.1999999999999,6,509.00000000000045,move,notBad
13511,6,512.1999999999999,6,509.00000000000045,swap,improve
13512,6,512.1999999999999,6,509.00000000000045,swap,notBad
13513,6,512.1999999999999,6,509.00000000000045,2opt,notBad
13514,6,512.1999999999999,6,509.00000000000045,2opt,notBad
13515,6,512.1999999999999,6,509.00000000000045,swap,notBad
13516,6,512.1999999999999,6,509.00000000000045,2opt,improve
13517,6,512.1999999999999,6,509.00000000000045,2opt,notBad
13518,6,512.1999999999999,6,509.00000000000045,swap,notBad
13519,6,512.1999999999999,6,509.00000000000045,2opt,notBad
13520,6,512.1999999999999,6,509.00000000000045,2opt,notBad
13521,6,512.1999999999999,6,509.00000000000045,2opt,notBad
13522,6,512.1999999999999,6,509.00000000000045,move,improve
13523,6,512.1999999999999,6,509.00000000000045,move,improve
13524,6,512.1999999999999,6,509.00000000000045,swap,notBad
13525,6,512.1999999999999,6,509.00000000000045,swap,notBad
13526,6,512.1999999999999,6,509.00000000000045,move,improve
13527,6,512.1999999999999,6,509.00000000000045,2opt,notBad
13528,6,512.1999999999999,6,509.00000000000045,2opt,notBad
13529,6,512.1999999999999,6,509.00000000000045,move,improve
13530,6,512.1999999999999,6,509.00000000000045,2opt,notBad
13531,6,512.1999999999999,6,509.00000000000045,move,improve
13532,6,512.1999999999999,6,509.00000000000045,2opt,notBad
13533,6,512.1999999999999,6,509.00000000000045,move,improve
13534,6,512.1999999999999,6,509.00000000000045,2opt,notBad
13535,6,512.1999999999999,6,509.00000000000045,move,improve
13536,6,512.1999999999999,6,509.00000000000045,2opt,notBad
13537,6,512.1999999999999,6,509.00000000000045,move,improve
13538,6,512.1999999999999,6,509.00000000000045,swap,notBad
13539,6,512.1999999999999,6,509.00000000000045,move,improve
13540,6,512.1999999999999,6,509.00000000000045,2opt,notBad
13541,6,512.1999999999999,6,509.00000000000045,swap,improve
13542,6,512.1999999999999,6,509.00000000000045,swap,notBad
13543,6,512.1999999999999,6,509.00000000000045,move,improve
13544,6,512.1999999999999,6,509.00000000000045,move,improve
13545,6,512.1999999999999,6,509.00000000000045,move,improve
13546,6,511.9,6,509.00000000000045,swap,improve
13547,6,511.9,6,509.00000000000045,2opt,notBad
13548,6,511.9,6,509.00000000000045,move,improve
13549,6,511.9,6,509.00000000000045,move,improve
13550,6,511.9,6,509.00000000000045,2opt,improve
13551,6,511.9,6,509.00000000000045,swap,improve
13552,6,511.9,6,509.00000000000045,swap,notBad
13553,6,511.9,6,509.00000000000045,2opt,improve
13554,6,511.9,6,509.00000000000045,2opt,notBad
13555,6,511.9,6,509.00000000000045,2opt,notBad
13556,6,511.9,6,509.00000000000045,move,improve
13557,6,511.9,6,509.00000000000045,move,improve
13558,6,511.9,6,509.00000000000045,swap,notBad
13559,6,511.9,6,509.00000000000045,move,improve
13560,6,511.9,6,509.00000000000045,move,improve
13561,6,511.9,6,509.00000000000045,2opt,notBad
13562,6,511.9,6,509.00000000000045,swap,notBad
13563,6,511.9,6,509.00000000000045,move,improve
13564,6,511.9,6,509.00000000000045,2opt,notBad
13565,6,511.9,6,509.00000000000045,move,improve
13566,6,511.9,6,509.00000000000045,swap,notBad
13567,6,511.9,6,509.00000000000045,2opt,improve
13568,6,511.9,6,509.00000000000045,swap,notBad
13569,6,511.9,6,509.00000000000045,move,improve
13570,6,511.9,6,509.00000000000045,2opt,notBad
13571,6,511.9,6,509.00000000000045,2opt,notBad
13572,6,511.9,6,509.00000000000045,2opt,improve
13573,6,511.9,6,509.00000000000045,2opt,notBad
13574,6,511.9,6,509.00000000000045,swap,notBad
13575,6,511.9,6,509.00000000000045,move,improve
13576,6,511.9,6,509.00000000000045,swap,notBad
13577,6,511.9,6,509.00000000000045,swap,notBad
13578,6,511.9,6,509.00000000000045,move,improve
13579,6,511.9,6,509.00000000000045,2opt,notBad
13580,6,511.9,6,509.00000000000045,2opt,notBad
13581,6,511.9,6,509.00000000000045,move,improve
13582,6,511.9,6,509.00000000000045,2opt,notBad
13583,6,511.9,6,509.00000000000045,move,notBad
13584,6,511.9,6,509.00000000000045,swap,notBad
13585,6,511.9,6,509.00000000000045,swap,notBad
13586,6,511.9,6,509.00000000000045,2opt,notBad
13587,6,511.9,6,509.00000000000045,swap,notBad
13588,6,511.9,6,509.00000000000045,swap,notBad
13589,6,511.9,6,509.00000000000045,2opt,notBad
13590,6,511.9,6,509.00000000000045,swap,notBad
13591,6,511.9,6,509.00000000000045,move,improve
13592,6,511.9,6,509.00000000000045,move,improve
13593,6,511.9,6,509.00000000000045,swap,notBad
13594,6,511.9,6,509.00000000000045,move,improve
13595,6,511.9,6,509.00000000000045,2opt,improve
13596,6,511.9,6,509.00000000000045,swap,notBad
13597,6,511.9,6,509.00000000000045,2opt,notBad
13598,6,511.9,6,509.00000000000045,2opt,improve
13599,6,511.9,6,509.00000000000045,swap,notBad
13600,6,511.9,6,509.00000000000045,move,improve
13601,6,511.9,6,509.00000000000045,swap,notBad
13602,6,511.9,6,509.00000000000045,2opt,notBad
13603,6,511.9,6,509.00000000000045,move,improve
13604,6,511.9,6,509.00000000000045,move,improve
13605,6,511.9,6,509.00000000000045,2opt,improve
13606,6,511.9,6,509.00000000000045,swap,notBad
13607,6,511.9,6,509.00000000000045,2opt,notBad
13608,6,511.9,6,509.00000000000045,move,improve
13609,6,511.9,6,509.00000000000045,swap,notBad
13610,6,511.9,6,509.00000000000045,swap,improve
13611,6,511.9,6,509.00000000000045,2opt,notBad
13612,6,511.9,6,509.00000000000045,2opt,notBad
13613,6,511.9,6,509.00000000000045,move,improve
13614,6,511.9,6,509.00000000000045,move,improve
13615,6,511.9,6,509.00000000000045,swap,notBad
13616,6,511.9,6,509.00000000000045,swap,notBad
13617,6,511.9,6,509.00000000000045,move,improve
13618,6,511.9,6,509.00000000000045,swap,notBad
13619,6,511.9,6,509.00000000000045,move,improve
13620,6,511.9,6,509.00000000000045,swap,notBad
13621,6,511.9,6,509.00000000000045,move,improve
13622,6,511.9,6,509.00000000000045,move,improve
13623,6,511.9,6,509.00000000000045,move,improve
13624,6,511.9,6,509.00000000000045,swap,notBad
13625,6,511.9,6,509.00000000000045,2opt,improve
13626,6,511.9,6,509.00000000000045,2opt,notBad
13627,6,511.9,6,509.00000000000045,move,improve
13628,6,511.9,6,509.00000000000045,2opt,notBad
13629,6,511.9,6,509.00000000000045,2opt,improve
13630,6,511.9,6,509.00000000000045,2opt,notBad
13631,6,511.9,6,509.00000000000045,2opt,notBad
13632,6,511.9,6,509.00000000000045,swap,improve
13633,6,511.9,6,509.00000000000045,move,improve
13634,6,511.9,6,509.00000000000045,swap,improve
13635,6,511.9,6,509.00000000000045,2opt,notBad
13636,6,511.9,6,509.00000000000045,swap,notBad
13637,6,511.9,6,509.00000000000045,move,improve
13638,6,511.9,6,509.00000000000045,move,improve
13639,6,511.9,6,509.00000000000045,move,improve
13640,6,511.9,6,509.00000000000045,swap,notBad
13641,6,511.9,6,509.00000000000045,swap,notBad
13642,6,511.9,6,509.00000000000045,swap,notBad
13643,6,511.9,6,509.00000000000045,swap,notBad
13644,6,511.9,6,509.00000000000045,2opt,notBad
13645,6,511.9,6,509.00000000000045,swap,notBad
13646,6,511.9,6,509.00000000000045,move,improve
13647,6,511.9,6,509.00000000000045,move,improve
13648,6,511.9,6,509.00000000000045,2opt,improve
13649,6,511.9,6,509.00000000000045,move,improve
13650,6,511.9,6,509.00000000000045,2opt,notBad
13651,6,511.9,6,509.00000000000045,2opt,notBad
13652,6,511.9,6,509.00000000000045,2opt,notBad
13653,6,511.9,6,509.00000000000045,swap,notBad
13654,6,511.9,6,509.00000000000045,2opt,notBad
13655,6,511.9,6,509.00000000000045,swap,notBad
13656,6,511.9,6,509.00000000000045,move,improve
13657,6,511.9,6,509.00000000000045,swap,notBad
13658,6,511.9,6,509.00000000000045,2opt,notBad
13659,6,511.9,6,509.00000000000045,2opt,improve
13660,6,511.9,6,509.00000000000045,move,improve
13661,6,511.9,6,509.00000000000045,swap,notBad
13662,6,511.9,6,509.00000000000045,2opt,notBad
13663,6,511.9,6,509.00000000000045,move,improve
13664,6,511.9,6,509.00000000000045,2opt,improve
13665,6,511.9,6,509.00000000000045,2opt,improve
13666,6,511.9,6,509.00000000000045,move,improve
13667,6,511.9,6,509.00000000000045,move,improve
13668,6,511.9,6,509.00000000000045,move,improve
13669,6,511.9,6,509.00000000000045,swap,improve
13670,6,511.9,6,509.00000000000045,swap,notBad
13671,6,511.9,6,509.00000000000045,2opt,notBad
13672,6,511.9,6,509.00000000000045,move,improve
13673,6,511.9,6,509.00000000000045,move,improve
13674,6,511.9,6,509.00000000000045,move,improve
13675,6,511.9,6,509.00000000000045,swap,notBad
13676,6,511.9,6,509.00000000000045,move,improve
13677,6,511.9,6,509.00000000000045,move,improve
13678,6,511.9,6,509.00000000000045,2opt,notBad
13679,6,511.9,6,509.00000000000045,move,improve
13680,6,511.9,6,509.00000000000045,2opt,notBad
13681,6,511.9,6,509.00000000000045,2opt,notBad
13682,6,511.9,6,509.00000000000045,swap,notBad
13683,6,511.9,6,509.00000000000045,swap,notBad
13684,6,511.9,6,509.00000000000045,2opt,improve
13685,6,511.9,6,509.00000000000045,swap,improve
13686,6,511.9,6,509.00000000000045,2opt,notBad
13687,6,511.9,6,509.00000000000045,move,improve
13688,6,511.9,6,509.00000000000045,move,improve
13689,6,511.9,6,509.00000000000045,swap,notBad
13690,6,511.9,6,509.00000000000045,swap,notBad
13691,6,511.9,6,509.00000000000045,swap,notBad
13692,6,511.9,6,509.00000000000045,move,improve
13693,6,511.9,6,509.00000000000045,move,improve
13694,6,511.9,6,509.00000000000045,move,improve
13695,6,511.9,6,509.00000000000045,swap,notBad
13696,6,511.9,6,509.00000000000045,2opt,notBad
13697,6,511.9,6,509.00000000000045,2opt,notBad
13698,6,511.9,6,509.00000000000045,2opt,notBad
13699,6,511.9,6,509.00000000000045,2opt,notBad
13700,6,511.9,6,509.00000000000045,move,improve
13701,6,511.9,6,509.00000000000045,move,improve
13702,6,511.9,6,509.00000000000045,2opt,notBad
13703,6,511.9,6,509.00000000000045,2opt,notBad
13704,6,511.9,6,509.00000000000045,2opt,improve
13705,6,511.9,6,509.00000000000045,move,improve
13706,6,511.9,6,509.00000000000045,move,improve
13707,6,511.9,6,509.00000000000045,swap,notBad
13708,6,511.9,6,509.00000000000045,2opt,notBad
13709,6,511.9,6,509.00000000000045,2opt,notBad
13710,6,511.9,6,509.00000000000045,2opt,improve
13711,6,511.9,6,509.00000000000045,swap,notBad
13712,6,511.9,6,509.00000000000045,move,improve
13713,6,511.9,6,509.00000000000045,2opt,notBad
13714,6,511.9,6,509.00000000000045,swap,notBad
13715,6,511.9,6,509.00000000000045,2opt,improve
13716,6,511.9,6,509.00000000000045,2opt,notBad
13717,6,511.9,6,509.00000000000045,move,improve
13718,6,511.9,6,509.00000000000045,swap,notBad
13719,6,511.9,6,509.00000000000045,move,improve
13720,6,511.9,6,509.00000000000045,swap,notBad
13721,6,511.9,6,509.00000000000045,swap,notBad
13722,6,511.9,6,509.00000000000045,swap,improve
13723,6,511.9,6,509.00000000000045,swap,notBad
13724,6,511.9,6,509.00000000000045,2opt,notBad
13725,6,511.9,6,509.00000000000045,move,improve
13726,6,511.9,6,509.00000000000045,2opt,notBad
13727,6,511.9,6,509.00000000000045,move,improve
13728,6,511.9,6,509.00000000000045,swap,notBad
13729,6,511.9,6,509.00000000000045,move,improve
13730,6,511.9,6,509.00000000000045,swap,notBad
13731,6,511.9,6,509.00000000000045,2opt,notBad
13732,6,511.9,6,509.00000000000045,2opt,notBad
13733,6,511.9,6,509.00000000000045,move,improve
13734,6,511.9,6,509.00000000000045,move,improve
13735,6,511.9,6,509.00000000000045,move,improve
13736,6,511.9,6,509.00000000000045,2opt,notBad
13737,6,511.9,6,509.00000000000045,2opt,notBad
13738,6,511.9,6,509.00000000000045,swap,notBad
13739,6,511.9,6,509.00000000000045,2opt,notBad
13740,6,511.9,6,509.00000000000045,2opt,notBad
13741,6,511.9,6,509.00000000000045,2opt,notBad
13742,6,511.9,6,509.00000000000045,move,improve
13743,6,511.9,6,509.00000000000045,move,improve
13744,6,511.9,6,509.00000000000045,move,improve
13745,6,511.9,6,509.00000000000045,move,improve
13746,6,511.9,6,509.00000000000045,2opt,improve
13747,6,511.9,6,509.00000000000045,swap,notBad
13748,6,511.9,6,509.00000000000045,move,improve
13749,6,511.9,6,509.00000000000045,move,improve
13750,6,513.1000000000003,6,509.00000000000045,swap,acceptBad
13751,6,513.1000000000003,6,509.00000000000045,swap,notBad
13752,6,513.1000000000003,6,509.00000000000045,2opt,notBad
13753,6,513.1000000000003,6,509.00000000000045,2opt,improve
13754,6,512.6,6,509.00000000000045,2opt,improve
13755,6,512.6,6,509.00000000000045,2opt,improve
13756,6,512.6,6,509.00000000000045,move,improve
13757,6,512.6,6,509.00000000000045,2opt,notBad
13758,6,512.6,6,509.00000000000045,2opt,improve
13759,6,512.6,6,509.00000000000045,move,improve
13760,6,512.6,6,509.00000000000045,move,improve
13761,6,512.6,6,509.00000000000045,2opt,improve
13762,6,512.6,6,509.00000000000045,2opt,notBad
13763,6,512.1999999999999,6,509.00000000000045,2opt,improve
13764,6,512.1999999999999,6,509.00000000000045,move,improve
13765,6,512.1999999999999,6,509.00000000000045,2opt,improve
13766,6,512.1999999999999,6,509.00000000000045,swap,notBad
13767,6,512.1999999999999,6,509.00000000000045,move,improve
13768,6,512.1999999999999,6,509.00000000000045,swap,notBad
13769,6,512.1999999999999,6,509.00000000000045,move,improve
13770,6,512.1999999999999,6,509.00000000000045,2opt,notBad
13771,6,512.1999999999999,6,509.00000000000045,2opt,improve
13772,6,512.1999999999999,6,509.00000000000045,swap,improve
13773,6,512.1999999999999,6,509.00000000000045,swap,notBad
13774,6,512.1999999999999,6,509.00000000000045,move,improve
13775,6,512.1999999999999,6,509.00000000000045,move,improve
13776,6,512.1999999999999,6,509.00000000000045,2opt,notBad
13777,6,512.1999999999999,6,509.00000000000045,2opt,notBad
13778,6,512.1999999999999,6,509.00000000000045,move,improve
13779,6,512.1999999999999,6,509.00000000000045,move,improve
13780,6,512.1999999999999,6,509.00000000000045,2opt,improve
13781,6,512.1999999999999,6,509.00000000000045,swap,notBad
13782,6,512.1999999999999,6,509.00000000000045,move,improve
13783,6,512.1999999999999,6,509.00000000000045,2opt,notBad
13784,6,512.1999999999999,6,509.00000000000045,2opt,notBad
13785,6,512.1999999999999,6,509.00000000000045,swap,notBad
13786,6,512.1999999999999,6,509.00000000000045,move,improve
13787,6,512.1999999999999,6,509.00000000000045,swap,notBad
13788,6,512.1999999999999,6,509.00000000000045,swap,notBad
13789,6,512.1999999999999,6,509.00000000000045,swap,notBad
13790,6,512.1999999999999,6,509.00000000000045,2opt,notBad
13791,6,512.1999999999999,6,509.00000000000045,swap,notBad
13792,6,512.1999999999999,6,509.00000000000045,move,improve
13793,6,512.1999999999999,6,509.00000000000045,2opt,improve
13794,6,512.1999999999999,6,509.00000000000045,move,improve
13795,6,512.1999999999999,6,509.00000000000045,move,improve
13796,6,512.1999999999999,6,509.00000000000045,2opt,notBad
13797,6,512.1999999999999,6,509.00000000000045,2opt,notBad
13798,6,512.1999999999999,6,509.00000000000045,2opt,notBad
13799,6,512.1999999999999,6,509.00000000000045,swap,improve
13800,6,512.1999999999999,6,509.00000000000045,swap,notBad
13801,6,512.1999999999999,6,509.00000000000045,swap,notBad
13802,6,512.1999999999999,6,509.00000000000045,2opt,notBad
13803,6,512.1999999999999,6,509.00000000000045,swap,notBad
13804,6,512.1999999999999,6,509.00000000000045,swap,notBad
13805,6,512.1999999999999,6,509.00000000000045,move,improve
13806,6,512.1999999999999,6,509.00000000000045,2opt,notBad
13807,6,512.1999999999999,6,509.00000000000045,move,improve
13808,6,512.1999999999999,6,509.00000000000045,move,improve
13809,6,512.1999999999999,6,509.00000000000045,move,improve
13810,6,512.1999999999999,6,509.00000000000045,swap,notBad
13811,6,512.1999999999999,6,509.00000000000045,swap,notBad
13812,6,512.1999999999999,6,509.00000000000045,swap,notBad
13813,6,512.1999999999999,6,509.00000000000045,2opt,notBad
13814,6,512.1999999999999,6,509.00000000000045,swap,improve
13815,6,512.1999999999999,6,509.00000000000045,move,improve
13816,6,512.1999999999999,6,509.00000000000045,swap,notBad
13817,6,512.1999999999999,6,509.00000000000045,move,improve
13818,6,512.1999999999999,6,509.00000000000045,swap,improve
13819,6,512.1999999999999,6,509.00000000000045,2opt,notBad
13820,6,512.1999999999999,6,509.00000000000045,swap,notBad
13821,6,512.1999999999999,6,509.00000000000045,swap,notBad
13822,6,512.1999999999999,6,509.00000000000045,move,improve
13823,6,512.1999999999999,6,509.00000000000045,swap,notBad
13824,6,512.1999999999999,6,509.00000000000045,2opt,improve
13825,6,512.1999999999999,6,509.00000000000045,move,improve
13826,6,512.1999999999999,6,509.00000000000045,2opt,notBad
13827,6,512.1999999999999,6,509.00000000000045,2opt,notBad
13828,6,512.1999999999999,6,509.00000000000045,2opt,improve
13829,6,512.1999999999999,6,509.00000000000045,2opt,notBad
13830,6,512.1999999999999,6,509.00000000000045,swap,notBad
13831,6,512.1999999999999,6,509.00000000000045,move,improve
13832,6,512.1999999999999,6,509.00000000000045,swap,notBad
13833,6,512.1999999999999,6,509.00000000000045,swap,notBad
13834,6,512.1999999999999,6,509.00000000000045,swap,notBad
13835,6,512.1999999999999,6,509.00000000000045,2opt,notBad
13836,6,512.1999999999999,6,509.00000000000045,move,improve
13837,6,512.1999999999999,6,509.00000000000045,move,improve
13838,6,512.1999999999999,6,509.00000000000045,swap,notBad
13839,6,512.1999999999999,6,509.00000000000045,2opt,notBad
13840,6,512.6,6,509.00000000000045,swap,acceptBad
13841,6,512.6,6,509.00000000000045,move,improve
13842,6,512.6,6,509.00000000000045,swap,notBad
13843,6,512.6,6,509.00000000000045,move,notBad
13844,6,512.6,6,509.00000000000045,move,improve
13845,6,512.6,6,509.00000000000045,move,improve
13846,6,512.6,6,509.00000000000045,2opt,notBad
13847,6,512.6,6,509.00000000000045,swap,improve
13848,6,512.6,6,509.00000000000045,swap,notBad
13849,6,512.6,6,509.00000000000045,2opt,notBad
13850,6,512.6,6,509.00000000000045,2opt,notBad
13851,6,512.6,6,509.00000000000045,move,improve
13852,6,512.6,6,509.00000000000045,2opt,notBad
13853,6,512.6,6,509.00000000000045,swap,notBad
13854,6,512.6,6,509.00000000000045,2opt,improve
13855,6,512.6,6,509.00000000000045,move,improve
13856,6,512.6,6,509.00000000000045,swap,notBad
13857,6,512.6,6,509.00000000000045,2opt,improve
13858,6,512.6,6,509.00000000000045,swap,notBad
13859,6,512.6,6,509.00000000000045,move,improve
13860,6,512.6,6,509.00000000000045,2opt,notBad
13861,6,512.6,6,509.00000000000045,swap,notBad
13862,6,513.1000000000003,6,509.00000000000045,swap,acceptBad
13863,6,513.1000000000003,6,509.00000000000045,2opt,improve
13864,6,513.1000000000003,6,509.00000000000045,move,improve
13865,6,513.1000000000003,6,509.00000000000045,move,improve
13866,6,513.1000000000003,6,509.00000000000045,swap,notBad
13867,6,513.1000000000003,6,509.00000000000045,swap,notBad
13868,6,513.1000000000003,6,509.00000000000045,move,improve
13869,6,513.1000000000003,6,509.00000000000045,move,improve
13870,6,513.1000000000003,6,509.00000000000045,move,improve
13871,6,513.1000000000003,6,509.00000000000045,swap,notBad
13872,6,513.1000000000003,6,509.00000000000045,move,improve
13873,6,513.1000000000003,6,509.00000000000045,2opt,notBad
13874,6,513.1000000000003,6,509.00000000000045,2opt,improve
13875,6,513.1000000000003,6,509.00000000000045,2opt,notBad
13876,6,513.1000000000003,6,509.00000000000045,2opt,improve
13877,6,513.1000000000003,6,509.00000000000045,move,improve
13878,6,513.1000000000003,6,509.00000000000045,swap,notBad
13879,6,513.1000000000003,6,509.00000000000045,move,improve
13880,6,513.1000000000003,6,509.00000000000045,swap,notBad
13881,6,513.1000000000003,6,509.00000000000045,2opt,improve
13882,6,513.1000000000003,6,509.00000000000045,2opt,notBad
13883,6,513.1000000000003,6,509.00000000000045,move,improve
13884,6,513.1000000000003,6,509.00000000000045,swap,notBad
13885,6,513.1000000000003,6,509.00000000000045,swap,improve
13886,6,513.1000000000003,6,509.00000000000045,move,improve
13887,6,513.1000000000003,6,509.00000000000045,2opt,notBad
13888,6,513.1000000000003,6,509.00000000000045,swap,notBad
13889,6,513.1000000000003,6,509.00000000000045,2opt,notBad
13890,6,513.1000000000003,6,509.00000000000045,2opt,improve
13891,6,513.1000000000003,6,509.00000000000045,move,improve
13892,6,513.1000000000003,6,509.00000000000045,swap,notBad
13893,6,513.1000000000003,6,509.00000000000045,swap,notBad
13894,6,513.1000000000003,6,509.00000000000045,move,improve
13895,6,513.1000000000003,6,509.00000000000045,2opt,notBad
13896,6,513.1000000000003,6,509.00000000000045,move,improve
13897,6,513.1000000000003,6,509.00000000000045,2opt,notBad
13898,6,513.1000000000003,6,509.00000000000045,swap,improve
13899,6,513.1000000000003,6,509.00000000000045,move,improve
13900,6,513.1000000000003,6,509.00000000000045,2opt,notBad
13901,6,513.1000000000003,6,509.00000000000045,2opt,notBad
13902,6,513.1000000000003,6,509.00000000000045,move,improve
13903,6,513.1000000000003,6,509.00000000000045,swap,notBad
13904,6,513.1000000000003,6,509.00000000000045,2opt,notBad
13905,6,513.1000000000003,6,509.00000000000045,2opt,improve
13906,6,513.1000000000003,6,509.00000000000045,move,improve
13907,6,513.1000000000003,6,509.00000000000045,swap,improve
13908,6,513.1000000000003,6,509.00000000000045,swap,notBad
13909,6,513.1000000000003,6,509.00000000000045,swap,notBad
13910,6,513.1000000000003,6,509.00000000000045,move,improve
13911,6,513.1000000000003,6,509.00000000000045,move,improve
13912,6,513.1000000000003,6,509.00000000000045,2opt,notBad
13913,6,513.1000000000003,6,509.00000000000045,2opt,notBad
13914,6,513.1000000000003,6,509.00000000000045,move,improve
13915,6,513.1000000000003,6,509.00000000000045,swap,notBad
13916,6,513.1000000000003,6,509.00000000000045,2opt,notBad
13917,6,513.1000000000003,6,509.00000000000045,swap,notBad
13918,6,513.1000000000003,6,509.00000000000045,move,improve
13919,6,513.1000000000003,6,509.00000000000045,2opt,notBad
13920,6,513.1000000000003,6,509.00000000000045,2opt,notBad
13921,6,513.1000000000003,6,509.00000000000045,2opt,notBad
13922,6,513.1000000000003,6,509.00000000000045,2opt,notBad
13923,6,513.1000000000003,6,509.00000000000045,swap,notBad
13924,6,513.1000000000003,6,509.00000000000045,move,improve
13925,6,513.1000000000003,6,509.00000000000045,move,improve
13926,6,513.1000000000003,6,509.00000000000045,move,improve
13927,6,513.1000000000003,6,509.00000000000045,2opt,improve
13928,6,513.1000000000003,6,509.00000000000045,2opt,notBad
13929,6,513.1000000000003,6,509.00000000000045,move,improve
13930,6,513.1000000000003,6,509.00000000000045,swap,notBad
13931,6,513.1000000000003,6,509.00000000000045,swap,notBad
13932,6,513.1000000000003,6,509.00000000000045,swap,notBad
13933,6,513.1000000000003,6,509.00000000000045,2opt,notBad
13934,6,513.1000000000003,6,509.00000000000045,swap,improve
13935,6,513.1000000000003,6,509.00000000000045,swap,notBad
13936,6,513.1000000000003,6,509.00000000000045,2opt,notBad
13937,6,513.1000000000003,6,509.00000000000045,2opt,notBad
13938,6,513.1000000000003,6,509.00000000000045,2opt,notBad
13939,6,513.1000000000003,6,509.00000000000045,swap,notBad
13940,6,513.1000000000003,6,509.00000000000045,move,improve
13941,6,513.1000000000003,6,509.00000000000045,move,improve
13942,6,513.1000000000003,6,509.00000000000045,swap,notBad
13943,6,513.1000000000003,6,509.00000000000045,swap,notBad
13944,6,513.1000000000003,6,509.00000000000045,swap,notBad
13945,6,513.1000000000003,6,509.00000000000045,move,improve
13946,6,513.1000000000003,6,509.00000000000045,swap,notBad
13947,6,513.1000000000003,6,509.00000000000045,2opt,improve
13948,6,513.1000000000003,6,509.00000000000045,swap,notBad
13949,6,513.1000000000003,6,509.00000000000045,move,improve
13950,6,513.1000000000003,6,509.00000000000045,swap,notBad
13951,6,513.1000000000003,6,509.00000000000045,swap,notBad
13952,6,513.1000000000003,6,509.00000000000045,move,improve
13953,6,513.1000000000003,6,509.00000000000045,2opt,improve
13954,6,513.1000000000003,6,509.00000000000045,move,improve
13955,6,513.1000000000003,6,509.00000000000045,move,improve
13956,6,513.1000000000003,6,509.00000000000045,swap,notBad
13957,6,513.1000000000003,6,509.00000000000045,swap,notBad
13958,6,513.1000000000003,6,509.00000000000045,2opt,improve
13959,6,513.1000000000003,6,509.00000000000045,swap,notBad
13960,6,513.1000000000003,6,509.00000000000045,move,improve
13961,6,513.1000000000003,6,509.00000000000045,move,improve
13962,6,513.1000000000003,6,509.00000000000045,move,improve
13963,6,513.1000000000003,6,509.00000000000045,move,improve
13964,6,513.1000000000003,6,509.00000000000045,2opt,notBad
13965,6,513.1000000000003,6,509.00000000000045,swap,notBad
13966,6,513.1000000000003,6,509.00000000000045,move,improve
13967,6,513.1000000000003,6,509.00000000000045,move,improve
13968,6,513.1000000000003,6,509.00000000000045,2opt,improve
13969,6,513.1000000000003,6,509.00000000000045,swap,notBad
13970,6,513.1000000000003,6,509.00000000000045,swap,notBad
13971,6,513.1000000000003,6,509.00000000000045,move,improve
13972,6,513.1000000000003,6,509.00000000000045,move,improve
13973,6,513.1000000000003,6,509.00000000000045,move,improve
13974,6,513.1000000000003,6,509.00000000000045,swap,notBad
13975,6,513.1000000000003,6,509.00000000000045,swap,notBad
13976,6,513.1000000000003,6,509.00000000000045,2opt,notBad
13977,6,513.1000000000003,6,509.00000000000045,swap,notBad
13978,6,513.1000000000003,6,509.00000000000045,move,improve
13979,6,513.1000000000003,6,509.00000000000045,2opt,notBad
13980,6,513.1000000000003,6,509.00000000000045,move,improve
13981,6,513.1000000000003,6,509.00000000000045,move,improve
13982,6,513.1000000000003,6,509.00000000000045,move,improve
13983,6,513.1000000000003,6,509.00000000000045,swap,notBad
13984,6,513.1000000000003,6,509.00000000000045,move,improve
13985,6,513.1000000000003,6,509.00000000000045,move,improve
13986,6,513.1000000000003,6,509.00000000000045,move,improve
13987,6,513.1000000000003,6,509.00000000000045,move,improve
13988,6,513.1000000000003,6,509.00000000000045,2opt,notBad
13989,6,513.1000000000003,6,509.00000000000045,2opt,notBad
13990,6,513.1000000000003,6,509.00000000000045,move,improve
13991,6,513.1000000000003,6,509.00000000000045,swap,notBad
13992,6,513.1000000000003,6,509.00000000000045,2opt,notBad
13993,6,513.1000000000003,6,509.00000000000045,2opt,notBad
13994,6,513.1000000000003,6,509.00000000000045,2opt,notBad
13995,6,513.1000000000003,6,509.00000000000045,swap,notBad
13996,6,513.1000000000003,6,509.00000000000045,2opt,improve
13997,6,513.1000000000003,6,509.00000000000045,swap,notBad
13998,6,513.1000000000003,6,509.00000000000045,move,improve
13999,6,513.1000000000003,6,509.00000000000045,2opt,notBad
14000,6,513.1000000000003,6,509.00000000000045,move,improve
14001,6,513.1000000000003,6,509.00000000000045,swap,notBad
14002,6,513.1000000000003,6,509.00000000000045,2opt,improve
14003,6,513.1000000000003,6,509.00000000000045,swap,notBad
14004,6,513.1000000000003,6,509.00000000000045,2opt,notBad
14005,6,513.1000000000003,6,509.00000000000045,2opt,improve
14006,6,513.1000000000003,6,509.00000000000045,swap,notBad
14007,6,513.1000000000003,6,509.00000000000045,swap,notBad
14008,6,513.1000000000003,6,509.00000000000045,swap,notBad
14009,6,513.1000000000003,6,509.00000000000045,swap,improve
14010,6,513.1000000000003,6,509.00000000000045,move,improve
14011,6,513.1000000000003,6,509.00000000000045,move,improve
14012,6,513.1000000000003,6,509.00000000000045,swap,notBad
14013,6,512.6,6,509.00000000000045,2opt,improve
14014,6,512.6,6,509.00000000000045,move,improve
14015,6,512.6,6,509.00000000000045,move,improve
14016,6,512.6,6,509.00000000000045,swap,notBad
14017,6,512.6,6,509.00000000000045,swap,notBad
14018,6,512.6,6,509.00000000000045,2opt,improve
14019,6,512.6,6,509.00000000000045,swap,notBad
14020,6,512.6,6,509.00000000000045,move,improve
14021,6,512.6,6,509.00000000000045,2opt,notBad
14022,6,512.6,6,509.00000000000045,move,improve
14023,6,512.6,6,509.00000000000045,move,improve
14024,6,512.6,6,509.00000000000045,move,improve
14025,6,512.6,6,509.00000000000045,move,improve
14026,6,512.6,6,509.00000000000045,move,improve
14027,6,512.6,6,509.00000000000045,2opt,notBad
14028,6,512.6,6,509.00000000000045,swap,notBad
14029,6,512.6,6,509.00000000000045,move,improve
14030,6,512.6,6,509.00000000000045,move,improve
14031,6,512.6,6,509.00000000000045,2opt,notBad
14032,6,512.6,6,509.00000000000045,swap,notBad
14033,6,512.6,6,509.00000000000045,2opt,notBad
14034,6,513.1000000000003,6,509.00000000000045,swap,acceptBad
14035,6,513.1000000000003,6,509.00000000000045,swap,notBad
14036,6,513.1000000000003,6,509.00000000000045,2opt,notBad
14037,6,513.1000000000003,6,509.00000000000045,swap,notBad
14038,6,513.1000000000003,6,509.00000000000045,swap,notBad
14039,6,513.1000000000003,6,509.00000000000045,2opt,notBad
14040,6,513.1000000000003,6,509.00000000000045,swap,notBad
14041,6,513.1000000000003,6,509.00000000000045,2opt,notBad
14042,6,513.1000000000003,6,509.00000000000045,swap,notBad
14043,6,513.1000000000003,6,509.00000000000045,move,improve
14044,6,513.1000000000003,6,509.00000000000045,move,improve
14045,6,513.1000000000003,6,509.00000000000045,move,improve
14046,6,513.1000000000003,6,509.00000000000045,swap,notBad
14047,6,513.1000000000003,6,509.00000000000045,move,improve
14048,6,513.1000000000003,6,509.00000000000045,2opt,notBad
14049,6,513.1000000000003,6,509.00000000000045,swap,notBad
14050,6,513.1000000000003,6,509.00000000000045,move,improve
14051,6,513.1000000000003,6,509.00000000000045,move,improve
14052,6,513.1000000000003,6,509.00000000000045,move,improve
14053,6,513.1000000000003,6,509.00000000000045,2opt,notBad
14054,6,513.1000000000003,6,509.00000000000045,move,improve
14055,6,513.1000000000003,6,509.00000000000045,2opt,notBad
14056,6,513.1000000000003,6,509.00000000000045,move,improve
14057,6,513.1000000000003,6,509.00000000000045,2opt,notBad
14058,6,513.1000000000003,6,509.00000000000045,move,improve
14059,6,513.1000000000003,6,509.00000000000045,2opt,notBad
14060,6,513.1000000000003,6,509.00000000000045,2opt,notBad
14061,6,511.9,6,509.00000000000045,swap,improve
14062,6,511.9,6,509.00000000000045,2opt,improve
14063,6,511.9,6,509.00000000000045,move,improve
14064,6,511.9,6,509.00000000000045,move,improve
14065,6,511.9,6,509.00000000000045,swap,improve
14066,6,511.9,6,509.00000000000045,move,improve
14067,6,511.9,6,509.00000000000045,move,improve
14068,6,511.9,6,509.00000000000045,swap,notBad
14069,6,511.9,6,509.00000000000045,move,improve
14070,6,511.9,6,509.00000000000045,swap,notBad
14071,6,511.9,6,509.00000000000045,2opt,notBad
14072,6,511.9,6,509.00000000000045,2opt,improve
14073,6,511.9,6,509.00000000000045,swap,notBad
14074,6,511.9,6,509.00000000000045,swap,notBad
14075,6,511.9,6,509.00000000000045,2opt,notBad
14076,6,511.9,6,509.00000000000045,swap,notBad
14077,6,511.9,6,509.00000000000045,2opt,notBad
14078,6,511.9,6,509.00000000000045,move,improve
14079,6,511.9,6,509.00000000000045,move,improve
14080,6,511.9,6,509.00000000000045,move,improve
14081,6,511.9,6,509.00000000000045,2opt,notBad
14082,6,511.9,6,509.00000000000045,2opt,notBad
14083,6,511.9,6,509.00000000000045,2opt,notBad
14084,6,511.9,6,509.00000000000045,move,improve
14085,6,511.9,6,509.00000000000045,2opt,notBad
14086,6,511.9,6,509.00000000000045,swap,improve
14087,6,511.9,6,509.00000000000045,2opt,notBad
14088,6,511.9,6,509.00000000000045,swap,notBad
14089,6,511.9,6,509.00000000000045,swap,notBad
14090,6,511.9,6,509.00000000000045,swap,notBad
14091,6,511.9,6,509.00000000000045,2opt,notBad
14092,6,511.9,6,509.00000000000045,move,improve
14093,6,511.9,6,509.00000000000045,swap,notBad
14094,6,511.9,6,509.00000000000045,2opt,improve
14095,6,511.9,6,509.00000000000045,swap,notBad
14096,6,511.9,6,509.00000000000045,move,improve
14097,6,511.9,6,509.00000000000045,swap,notBad
14098,6,511.9,6,509.00000000000045,2opt,notBad
14099,6,511.9,6,509.00000000000045,swap,notBad
14100,6,511.9,6,509.00000000000045,2opt,notBad
14101,6,511.9,6,509.00000000000045,2opt,notBad
14102,6,511.9,6,509.00000000000045,move,improve
14103,6,511.9,6,509.00000000000045,move,improve
14104,6,511.9,6,509.00000000000045,swap,notBad
14105,6,511.9,6,509.00000000000045,swap,notBad
14106,6,511.9,6,509.00000000000045,move,improve
14107,6,511.9,6,509.00000000000045,swap,notBad
14108,6,511.9,6,509.00000000000045,move,improve
14109,6,511.9,6,509.00000000000045,2opt,notBad
14110,6,511.9,6,509.00000000000045,swap,improve
14111,6,511.9,6,509.00000000000045,move,improve
14112,6,511.9,6,509.00000000000045,2opt,improve
14113,6,511.9,6,509.00000000000045,2opt,notBad
14114,6,511.9,6,509.00000000000045,swap,notBad
14115,6,511.9,6,509.00000000000045,2opt,notBad
14116,6,511.9,6,509.00000000000045,2opt,notBad
14117,6,511.9,6,509.00000000000045,swap,notBad
14118,6,511.9,6,509.00000000000045,move,improve
14119,6,511.9,6,509.00000000000045,2opt,improve
14120,6,511.9,6,509.00000000000045,2opt,notBad
14121,6,511.9,6,509.00000000000045,2opt,notBad
14122,6,511.9,6,509.00000000000045,swap,improve
14123,6,511.9,6,509.00000000000045,2opt,improve
14124,6,511.9,6,509.00000000000045,move,improve
14125,6,511.9,6,509.00000000000045,move,improve
14126,6,511.9,6,509.00000000000045,move,improve
14127,6,511.9,6,509.00000000000045,2opt,notBad
14128,6,511.9,6,509.00000000000045,move,improve
14129,6,511.9,6,509.00000000000045,swap,notBad
14130,6,511.9,6,509.00000000000045,2opt,notBad
14131,6,511.9,6,509.00000000000045,move,improve
14132,6,511.9,6,509.00000000000045,move,improve
14133,6,511.9,6,509.00000000000045,swap,notBad
14134,6,511.9,6,509.00000000000045,2opt,notBad
14135,6,511.9,6,509.00000000000045,2opt,notBad
14136,6,511.9,6,509.00000000000045,move,improve
14137,6,511.9,6,509.00000000000045,swap,improve
14138,6,511.9,6,509.00000000000045,move,improve
14139,6,511.9,6,509.00000000000045,move,improve
14140,6,511.9,6,509.00000000000045,move,notBad
14141,6,511.9,6,509.00000000000045,2opt,improve
14142,6,511.9,6,509.00000000000045,2opt,notBad
14143,6,511.9,6,509.00000000000045,move,improve
14144,6,511.9,6,509.00000000000045,2opt,notBad
14145,6,511.9,6,509.00000000000045,swap,notBad
14146,6,511.9,6,509.00000000000045,swap,notBad
14147,6,511.9,6,509.00000000000045,move,improve
14148,6,511.9,6,509.00000000000045,move,improve
14149,6,511.9,6,509.00000000000045,move,improve
14150,6,511.9,6,509.00000000000045,swap,notBad
14151,6,511.9,6,509.00000000000045,move,improve
14152,6,511.9,6,509.00000000000045,2opt,notBad
14153,6,511.9,6,509.00000000000045,2opt,notBad
14154,6,511.9,6,509.00000000000045,move,improve
14155,6,511.9,6,509.00000000000045,move,improve
14156,6,511.9,6,509.00000000000045,move,improve
14157,6,511.9,6,509.00000000000045,move,improve
14158,6,511.9,6,509.00000000000045,move,improve
14159,6,511.9,6,509.00000000000045,move,improve
14160,6,511.9,6,509.00000000000045,2opt,notBad
14161,6,511.9,6,509.00000000000045,swap,notBad
14162,6,511.9,6,509.00000000000045,move,improve
14163,6,512.1999999999999,6,509.00000000000045,swap,acceptBad
14164,6,512.1999999999999,6,509.00000000000045,move,improve
14165,6,512.1999999999999,6,509.00000000000045,move,notBad
14166,6,512.1999999999999,6,509.00000000000045,move,improve
14167,6,512.1999999999999,6,509.00000000000045,2opt,notBad
14168,6,512.1999999999999,6,509.00000000000045,2opt,notBad
14169,6,512.1999999999999,6,509.00000000000045,2opt,notBad
14170,6,512.1999999999999,6,509.00000000000045,move,improve
14171,6,512.1999999999999,6,509.00000000000045,2opt,notBad
14172,6,512.1999999999999,6,509.00000000000045,swap,notBad
14173,6,512.1999999999999,6,509.00000000000045,2opt,notBad
14174,6,512.1999999999999,6,509.00000000000045,swap,notBad
14175,6,512.1999999999999,6,509.00000000000045,2opt,notBad
14176,6,512.1999999999999,6,509.00000000000045,2opt,notBad
14177,6,512.1999999999999,6,509.00000000000045,2opt,notBad
14178,6,512.1999999999999,6,509.00000000000045,swap,improve
14179,6,512.1999999999999,6,509.00000000000045,move,improve
14180,6,512.1999999999999,6,509.00000000000045,swap,notBad
14181,6,512.1999999999999,6,509.00000000000045,move,improve
14182,6,512.1999999999999,6,509.00000000000045,2opt,improve
14183,6,512.1999999999999,6,509.00000000000045,swap,notBad
14184,6,512.1999999999999,6,509.00000000000045,move,improve
14185,6,512.1999999999999,6,509.00000000000045,2opt,notBad
14186,6,512.1999999999999,6,509.00000000000045,move,improve
14187,6,512.1999999999999,6,509.00000000000045,swap,notBad
14188,6,512.1999999999999,6,509.00000000000045,swap,notBad
14189,6,512.1999999999999,6,509.00000000000045,2opt,improve
14190,6,512.1999999999999,6,509.00000000000045,move,improve
14191,6,512.1999999999999,6,509.00000000000045,2opt,notBad
14192,6,512.1999999999999,6,509.00000000000045,2opt,notBad
14193,6,512.1999999999999,6,509.00000000000045,2opt,notBad
14194,6,512.1999999999999,6,509.00000000000045,move,improve
14195,6,512.1999999999999,6,509.00000000000045,swap,notBad
14196,6,512.1999999999999,6,509.00000000000045,2opt,improve
14197,6,512.1999999999999,6,509.00000000000045,swap,notBad
14198,6,512.1999999999999,6,509.00000000000045,2opt,notBad
14199,6,512.1999999999999,6,509.00000000000045,move,improve
14200,6,512.1999999999999,6,509.00000000000045,2opt,improve
14201,6,512.1999999999999,6,509.00000000000045,swap,improve
14202,6,512.1999999999999,6,509.00000000000045,move,improve
14203,6,512.1999999999999,6,509.00000000000045,2opt,notBad
14204,6,512.1999999999999,6,509.00000000000045,2opt,notBad
14205,6,512.1999999999999,6,509.00000000000045,2opt,improve
14206,6,512.1999999999999,6,509.00000000000045,2opt,notBad
14207,6,512.1999999999999,6,509.00000000000045,swap,notBad
14208,6,512.1999999999999,6,509.00000000000045,move,improve
14209,6,512.1999999999999,6,509.00000000000045,move,improve
14210,6,512.1999999999999,6,509.00000000000045,move,improve
14211,6,512.1999999999999,6,509.00000000000045,move,improve
14212,6,512.1999999999999,6,509.00000000000045,2opt,notBad
14213,6,512.1999999999999,6,509.00000000000045,swap,notBad
14214,6,512.1999999999999,6,509.00000000000045,swap,notBad
14215,6,512.1999999999999,6,509.00000000000045,swap,notBad
14216,6,512.1999999999999,6,509.00000000000045,move,improve
14217,6,512.1999999999999,6,509.00000000000045,move,improve
14218,6,512.1999999999999,6,509.00000000000045,swap,notBad
14219,6,512.1999999999999,6,509.00000000000045,swap,improve
14220,6,512.1999999999999,6,509.00000000000045,2opt,notBad
14221,6,512.1999999999999,6,509.00000000000045,swap,notBad
14222,6,512.1999999999999,6,509.00000000000045,2opt,improve
14223,6,512.1999999999999,6,509.00000000000045,swap,notBad
14224,6,512.1999999999999,6,509.00000000000045,swap,notBad
14225,6,512.1999999999999,6,509.00000000000045,swap,notBad
14226,6,512.1999999999999,6,509.00000000000045,swap,notBad
14227,6,512.1999999999999,6,509.00000000000045,swap,notBad
14228,6,512.1999999999999,6,509.00000000000045,swap,notBad
14229,6,512.1999999999999,6,509.00000000000045,2opt,notBad
14230,6,512.1999999999999,6,509.00000000000045,move,improve
14231,6,512.1999999999999,6,509.00000000000045,move,improve
14232,6,512.1999999999999,6,509.00000000000045,move,improve
14233,6,512.1999999999999,6,509.00000000000045,2opt,notBad
14234,6,512.1999999999999,6,509.00000000000045,swap,notBad
14235,6,512.1999999999999,6,509.00000000000045,move,improve
14236,6,512.1999999999999,6,509.00000000000045,swap,notBad
14237,6,512.1999999999999,6,509.00000000000045,move,improve
14238,6,512.1999999999999,6,509.00000000000045,move,improve
14239,6,512.1999999999999,6,509.00000000000045,swap,notBad
14240,6,512.6,6,509.00000000000045,swap,acceptBad
14241,6,512.6,6,509.00000000000045,2opt,notBad
14242,6,512.1999999999999,6,509.00000000000045,swap,improve
14243,6,512.1999999999999,6,509.00000000000045,move,improve
14244,6,512.1999999999999,6,509.00000000000045,swap,notBad
14245,6,512.1999999999999,6,509.00000000000045,2opt,notBad
14246,6,511.9,6,509.00000000000045,swap,improve
14247,6,511.9,6,509.00000000000045,swap,notBad
14248,6,511.9,6,509.00000000000045,swap,notBad
14249,6,511.9,6,509.00000000000045,swap,notBad
14250,6,511.9,6,509.00000000000045,swap,notBad
14251,6,511.9,6,509.00000000000045,2opt,notBad
14252,6,511.9,6,509.00000000000045,2opt,notBad
14253,6,511.9,6,509.00000000000045,2opt,notBad
14254,6,511.9,6,509.00000000000045,move,improve
14255,6,511.9,6,509.00000000000045,swap,notBad
14256,6,511.9,6,509.00000000000045,swap,notBad
14257,6,511.9,6,509.00000000000045,move,improve
14258,6,511.9,6,509.00000000000045,swap,notBad
14259,6,511.9,6,509.00000000000045,2opt,notBad
14260,6,511.9,6,509.00000000000045,move,improve
14261,6,511.9,6,509.00000000000045,swap,notBad
14262,6,511.9,6,509.00000000000045,swap,notBad
14263,6,511.9,6,509.00000000000045,2opt,improve
14264,6,511.9,6,509.00000000000045,swap,improve
14265,6,511.9,6,509.00000000000045,2opt,notBad
14266,6,511.9,6,509.00000000000045,move,improve
14267,6,511.9,6,509.00000000000045,move,improve
14268,6,511.9,6,509.00000000000045,2opt,improve
14269,6,511.9,6,509.00000000000045,move,improve
14270,6,511.9,6,509.00000000000045,2opt,notBad
14271,6,511.9,6,509.00000000000045,swap,notBad
14272,6,511.9,6,509.00000000000045,swap,notBad
14273,6,511.9,6,509.00000000000045,swap,notBad
14274,6,511.9,6,509.00000000000045,2opt,notBad
14275,6,511.9,6,509.00000000000045,2opt,improve
14276,6,511.9,6,509.00000000000045,swap,notBad
14277,6,511.9,6,509.00000000000045,move,improve
14278,6,511.9,6,509.00000000000045,swap,notBad
14279,6,511.9,6,509.00000000000045,move,improve
14280,6,511.9,6,509.00000000000045,move,improve
14281,6,511.9,6,509.00000000000045,move,improve
14282,6,511.9,6,509.00000000000045,swap,improve
14283,6,511.9,6,509.00000000000045,move,improve
14284,6,511.9,6,509.00000000000045,move,notBad
14285,6,511.9,6,509.00000000000045,move,improve
14286,6,511.9,6,509.00000000000045,swap,improve
14287,6,511.9,6,509.00000000000045,swap,notBad
14288,6,511.9,6,509.00000000000045,2opt,improve
14289,6,511.9,6,509.00000000000045,move,improve
14290,6,511.9,6,509.00000000000045,move,improve
14291,6,511.9,6,509.00000000000045,2opt,notBad
14292,6,511.9,6,509.00000000000045,2opt,improve
14293,6,511.9,6,509.00000000000045,move,improve
14294,6,511.9,6,509.00000000000045,2opt,improve
14295,6,511.9,6,509.00000000000045,2opt,notBad
14296,6,511.9,6,509.00000000000045,2opt,notBad
14297,6,511.9,6,509.00000000000045,move,improve
14298,6,511.9,6,509.00000000000045,2opt,notBad
14299,6,511.9,6,509.00000000000045,swap,improve
14300,6,511.9,6,509.00000000000045,move,improve
14301,6,511.9,6,509.00000000000045,move,improve
14302,6,511.9,6,509.00000000000045,2opt,improve
14303,6,511.9,6,509.00000000000045,move,improve
14304,6,511.9,6,509.00000000000045,move,improve
14305,6,511.9,6,509.00000000000045,swap,notBad
14306,6,511.9,6,509.00000000000045,move,improve
14307,6,511.9,6,509.00000000000045,swap,notBad
14308,6,511.9,6,509.00000000000045,2opt,notBad
14309,6,511.9,6,509.00000000000045,swap,notBad
14310,6,511.9,6,509.00000000000045,move,improve
14311,6,511.9,6,509.00000000000045,swap,notBad
14312,6,511.9,6,509.00000000000045,move,improve
14313,6,511.9,6,509.00000000000045,move,improve
14314,6,511.9,6,509.00000000000045,swap,notBad
14315,6,511.9,6,509.00000000000045,2opt,notBad
14316,6,511.9,6,509.00000000000045,2opt,notBad
14317,6,511.9,6,509.00000000000045,2opt,improve
14318,6,511.9,6,509.00000000000045,2opt,notBad
14319,6,511.9,6,509.00000000000045,move,improve
14320,6,511.9,6,509.00000000000045,2opt,notBad
14321,6,511.9,6,509.00000000000045,swap,notBad
14322,6,511.9,6,509.00000000000045,2opt,notBad
14323,6,511.9,6,509.00000000000045,2opt,notBad
14324,6,511.9,6,509.00000000000045,2opt,improve
14325,6,511.9,6,509.00000000000045,swap,notBad
14326,6,512.1999999999999,6,509.00000000000045,swap,acceptBad
14327,6,512.1999999999999,6,509.00000000000045,swap,improve
14328,6,512.1999999999999,6,509.00000000000045,2opt,notBad
14329,6,512.1999999999999,6,509.00000000000045,move,improve
14330,6,512.1999999999999,6,509.00000000000045,swap,notBad
14331,6,512.1999999999999,6,509.00000000000045,move,improve
14332,6,512.1999999999999,6,509.00000000000045,move,improve
14333,6,512.1999999999999,6,509.00000000000045,swap,notBad
14334,6,512.1999999999999,6,509.00000000000045,2opt,notBad
14335,6,512.1999999999999,6,509.00000000000045,swap,notBad
14336,6,512.1999999999999,6,509.00000000000045,2opt,notBad
14337,6,512.1999999999999,6,509.00000000000045,swap,improve
14338,6,512.1999999999999,6,509.00000000000045,swap,notBad
14339,6,512.1999999999999,6,509.00000000000045,swap,notBad
14340,6,512.1999999999999,6,509.00000000000045,move,improve
14341,6,512.1999999999999,6,509.00000000000045,2opt,improve
14342,6,512.1999999999999,6,509.00000000000045,move,improve
14343,6,512.1999999999999,6,509.00000000000045,2opt,notBad
14344,6,512.1999999999999,6,509.00000000000045,2opt,notBad
14345,6,512.1999999999999,6,509.00000000000045,2opt,notBad
14346,6,512.1999999999999,6,509.00000000000045,swap,notBad
14347,6,512.1999999999999,6,509.00000000000045,swap,improve
14348,6,512.1999999999999,6,509.00000000000045,swap,notBad
14349,6,512.1999999999999,6,509.00000000000045,2opt,notBad
14350,6,512.1999999999999,6,509.00000000000045,move,improve
14351,6,512.1999999999999,6,509.00000000000045,swap,notBad
14352,6,512.1999999999999,6,509.00000000000045,2opt,notBad
14353,6,512.1999999999999,6,509.00000000000045,2opt,notBad
14354,6,512.1999999999999,6,509.00000000000045,move,improve
14355,6,512.1999999999999,6,509.00000000000045,2opt,notBad
14356,6,512.1999999999999,6,509.00000000000045,move,improve
14357,6,512.1999999999999,6,509.00000000000045,move,improve
14358,6,512.1999999999999,6,509.00000000000045,move,improve
14359,6,512.1999999999999,6,509.00000000000045,move,improve
14360,6,512.1999999999999,6,509.00000000000045,2opt,notBad
14361,6,512.1999999999999,6,509.00000000000045,move,improve
14362,6,512.1999999999999,6,509.00000000000045,2opt,improve
14363,6,512.1999999999999,6,509.00000000000045,2opt,improve
14364,6,512.1999999999999,6,509.00000000000045,swap,notBad
14365,6,512.1999999999999,6,509.00000000000045,move,improve
14366,6,512.1999999999999,6,509.00000000000045,move,improve
14367,6,512.1999999999999,6,509.00000000000045,swap,notBad
14368,6,512.1999999999999,6,509.00000000000045,swap,notBad
14369,6,512.1999999999999,6,509.00000000000045,move,improve
14370,6,512.6,6,509.00000000000045,swap,acceptBad
14371,6,512.6,6,509.00000000000045,move,improve
14372,6,512.6,6,509.00000000000045,2opt,notBad
14373,6,512.6,6,509.00000000000045,swap,notBad
14374,6,512.6,6,509.00000000000045,move,improve
14375,6,512.6,6,509.00000000000045,move,improve
14376,6,512.6,6,509.00000000000045,move,improve
14377,6,512.6,6,509.00000000000045,swap,notBad
14378,6,512.6,6,509.00000000000045,swap,notBad
14379,6,512.6,6,509.00000000000045,2opt,improve
14380,6,512.6,6,509.00000000000045,move,improve
14381,6,512.6,6,509.00000000000045,2opt,notBad
14382,6,512.6,6,509.00000000000045,move,improve
14383,6,512.6,6,509.00000000000045,2opt,notBad
14384,6,512.6,6,509.00000000000045,move,improve
14385,6,512.6,6,509.00000000000045,2opt,notBad
14386,6,512.6,6,509.00000000000045,swap,notBad
14387,6,512.6,6,509.00000000000045,move,improve
14388,6,512.6,6,509.00000000000045,swap,notBad
14389,6,512.6,6,509.00000000000045,move,improve
14390,6,512.6,6,509.00000000000045,swap,improve
14391,6,512.6,6,509.00000000000045,move,improve
14392,6,512.6,6,509.00000000000045,swap,improve
14393,6,512.6,6,509.00000000000045,swap,notBad
14394,6,512.6,6,509.00000000000045,move,improve
14395,6,512.6,6,509.00000000000045,2opt,notBad
14396,6,512.6,6,509.00000000000045,move,improve
14397,6,512.6,6,509.00000000000045,swap,notBad
14398,6,512.6,6,509.00000000000045,move,improve
14399,6,512.6,6,509.00000000000045,swap,notBad
14400,6,512.6,6,509.00000000000045,2opt,notBad
14401,6,513.1000000000003,6,509.00000000000045,swap,acceptBad
14402,6,513.1000000000003,6,509.00000000000045,swap,notBad
14403,6,513.1000000000003,6,509.00000000000045,2opt,notBad
14404,6,513.1000000000003,6,509.00000000000045,swap,notBad
14405,6,513.1000000000003,6,509.00000000000045,2opt,notBad
14406,6,513.1000000000003,6,509.00000000000045,move,improve
14407,6,513.1000000000003,6,509.00000000000045,swap,notBad
14408,6,513.1000000000003,6,509.00000000000045,move,improve
14409,6,513.1000000000003,6,509.00000000000045,2opt,notBad
14410,6,513.1000000000003,6,509.00000000000045,move,improve
14411,6,513.1000000000003,6,509.00000000000045,2opt,improve
14412,6,513.1000000000003,6,509.00000000000045,2opt,notBad
14413,6,513.1000000000003,6,509.00000000000045,2opt,notBad
14414,6,512.6,6,509.00000000000045,swap,improve
14415,6,512.6,6,509.00000000000045,swap,improve
14416,6,512.6,6,509.00000000000045,move,improve
14417,6,512.6,6,509.00000000000045,swap,notBad
14418,6,512.6,6,509.00000000000045,move,improve
14419,6,512.6,6,509.00000000000045,swap,notBad
14420,6,512.6,6,509.00000000000045,2opt,notBad
14421,6,512.6,6,509.00000000000045,2opt,improve
14422,6,512.6,6,509.00000000000045,swap,notBad
14423,6,512.6,6,509.00000000000045,move,improve
14424,6,512.6,6,509.00000000000045,2opt,notBad
14425,6,512.6,6,509.00000000000045,move,improve
14426,6,512.6,6,509.00000000000045,move,improve
14427,6,512.6,6,509.00000000000045,swap,notBad
14428,6,512.6,6,509.00000000000045,swap,notBad
14429,6,512.6,6,509.00000000000045,swap,improve
14430,6,512.6,6,509.00000000000045,2opt,notBad
14431,6,512.6,6,509.00000000000045,swap,notBad
14432,6,512.6,6,509.00000000000045,2opt,notBad
14433,6,512.6,6,509.00000000000045,swap,notBad
14434,6,512.6,6,509.00000000000045,swap,notBad
14435,6,512.6,6,509.00000000000045,move,improve
14436,6,512.6,6,509.00000000000045,2opt,notBad
14437,6,512.6,6,509.00000000000045,move,improve
14438,6,512.6,6,509.00000000000045,swap,notBad
14439,6,512.6,6,509.00000000000045,move,improve
14440,6,512.6,6,509.00000000000045,move,improve
14441,6,512.6,6,509.00000000000045,2opt,notBad
14442,6,512.6,6,509.00000000000045,move,improve
14443,6,512.6,6,509.00000000000045,2opt,notBad
14444,6,512.6,6,509.00000000000045,move,improve
14445,6,512.6,6,509.00000000000045,move,improve
14446,6,512.6,6,509.00000000000045,2opt,notBad
14447,6,512.6,6,509.00000000000045,move,improve
14448,6,512.6,6,509.00000000000045,2opt,improve
14449,6,512.6,6,509.00000000000045,move,improve
14450,6,512.6,6,509.00000000000045,2opt,improve
14451,6,512.6,6,509.00000000000045,move,improve
14452,6,512.6,6,509.00000000000045,2opt,notBad
14453,6,512.6,6,509.00000000000045,2opt,improve
14454,6,512.6,6,509.00000000000045,2opt,notBad
14455,6,512.6,6,509.00000000000045,2opt,notBad
14456,6,512.6,6,509.00000000000045,2opt,notBad
14457,6,512.6,6,509.00000000000045,move,improve
14458,6,512.6,6,509.00000000000045,2opt,notBad
14459,6,512.6,6,509.00000000000045,move,improve
14460,6,512.6,6,509.00000000000045,swap,notBad
14461,6,512.6,6,509.00000000000045,swap,notBad
14462,6,512.6,6,509.00000000000045,move,improve
14463,6,512.6,6,509.00000000000045,2opt,improve
14464,6,512.6,6,509.00000000000045,swap,notBad
14465,6,512.6,6,509.00000000000045,move,improve
14466,6,512.6,6,509.00000000000045,2opt,notBad
14467,6,512.6,6,509.00000000000045,2opt,notBad
14468,6,512.6,6,509.00000000000045,swap,notBad
14469,6,512.6,6,509.00000000000045,swap,notBad
14470,6,512.6,6,509.00000000000045,2opt,notBad
14471,6,512.6,6,509.00000000000045,swap,notBad
14472,6,512.6,6,509.00000000000045,move,improve
14473,6,512.6,6,509.00000000000045,move,improve
14474,6,512.6,6,509.00000000000045,2opt,notBad
14475,6,512.6,6,509.00000000000045,move,improve
14476,6,512.6,6,509.00000000000045,swap,notBad
14477,6,512.6,6,509.00000000000045,swap,notBad
14478,6,512.6,6,509.00000000000045,move,improve
14479,6,512.6,6,509.00000000000045,swap,notBad
14480,6,512.6,6,509.00000000000045,swap,notBad
14481,6,512.6,6,509.00000000000045,move,improve
14482,6,512.6,6,509.00000000000045,2opt,notBad
14483,6,513.1000000000003,6,509.00000000000045,swap,acceptBad
14484,6,513.1000000000003,6,509.00000000000045,2opt,notBad
14485,6,513.1000000000003,6,509.00000000000045,swap,notBad
14486,6,513.1000000000003,6,509.00000000000045,2opt,notBad
14487,6,513.1000000000003,6,509.00000000000045,swap,notBad
14488,6,513.1000000000003,6,509.00000000000045,move,improve
14489,6,513.1000000000003,6,509.00000000000045,move,improve
14490,6,513.1000000000003,6,509.00000000000045,2opt,notBad
14491,6,513.1000000000003,6,509.00000000000045,swap,notBad
14492,6,513.1000000000003,6,509.00000000000045,2opt,notBad
14493,6,513.1000000000003,6,509.00000000000045,2opt,improve
14494,6,513.1000000000003,6,509.00000000000045,2opt,notBad
14495,6,513.1000000000003,6,509.00000000000045,2opt,notBad
14496,6,513.1000000000003,6,509.00000000000045,swap,notBad
14497,6,513.1000000000003,6,509.00000000000045,2opt,improve
14498,6,513.1000000000003,6,509.00000000000045,2opt,notBad
14499,6,513.1000000000003,6,509.00000000000045,2opt,notBad
14500,6,513.1000000000003,6,509.00000000000045,move,improve
14501,6,513.1000000000003,6,509.00000000000045,2opt,notBad
14502,6,513.1000000000003,6,509.00000000000045,2opt,notBad
14503,6,513.1000000000003,6,509.00000000000045,swap,notBad
14504,6,513.1000000000003,6,509.00000000000045,2opt,notBad
14505,6,513.1000000000003,6,509.00000000000045,2opt,notBad
14506,6,513.1000000000003,6,509.00000000000045,2opt,notBad
14507,6,513.1000000000003,6,509.00000000000045,move,improve
14508,6,513.1000000000003,6,509.00000000000045,2opt,notBad
14509,6,513.1000000000003,6,509.00000000000045,move,improve
14510,6,513.1000000000003,6,509.00000000000045,swap,notBad
14511,6,513.1000000000003,6,509.00000000000045,move,improve
14512,6,513.1000000000003,6,509.00000000000045,move,improve
14513,6,513.1000000000003,6,509.00000000000045,move,improve
14514,6,513.1000000000003,6,509.00000000000045,swap,notBad
14515,6,513.1000000000003,6,509.00000000000045,swap,notBad
14516,6,513.1000000000003,6,509.00000000000045,swap,notBad
14517,6,513.1000000000003,6,509.00000000000045,move,improve
14518,6,513.1000000000003,6,509.00000000000045,move,improve
14519,6,513.1000000000003,6,509.00000000000045,swap,notBad
14520,6,513.1000000000003,6,509.00000000000045,swap,notBad
14521,6,513.1000000000003,6,509.00000000000045,2opt,notBad
14522,6,513.1000000000003,6,509.00000000000045,2opt,notBad
14523,6,513.1000000000003,6,509.00000000000045,2opt,notBad
14524,6,513.1000000000003,6,509.00000000000045,swap,notBad
14525,6,513.1000000000003,6,509.00000000000045,swap,notBad
14526,6,513.1000000000003,6,509.00000000000045,move,improve
14527,6,513.1000000000003,6,509.00000000000045,swap,notBad
14528,6,513.1000000000003,6,509.00000000000045,move,improve
14529,6,513.1000000000003,6,509.00000000000045,swap,notBad
14530,6,513.1000000000003,6,509.00000000000045,swap,notBad
14531,6,513.1000000000003,6,509.00000000000045,swap,notBad
14532,6,513.1000000000003,6,509.00000000000045,move,improve
14533,6,513.1000000000003,6,509.00000000000045,2opt,improve
14534,6,513.1000000000003,6,509.00000000000045,2opt,notBad
14535,6,513.1000000000003,6,509.00000000000045,swap,notBad
14536,6,513.1000000000003,6,509.00000000000045,2opt,notBad
14537,6,513.1000000000003,6,509.00000000000045,2opt,notBad
14538,6,513.1000000000003,6,509.00000000000045,2opt,notBad
14539,6,513.1000000000003,6,509.00000000000045,move,improve
14540,6,513.1000000000003,6,509.00000000000045,move,improve
14541,6,513.1000000000003,6,509.00000000000045,swap,notBad
14542,6,513.1000000000003,6,509.00000000000045,move,improve
14543,6,513.1000000000003,6,509.00000000000045,move,improve
14544,6,513.1000000000003,6,509.00000000000045,2opt,improve
14545,6,513.1000000000003,6,509.00000000000045,2opt,notBad
14546,6,513.1000000000003,6,509.00000000000045,move,improve
14547,6,513.1000000000003,6,509.00000000000045,move,improve
14548,6,513.1000000000003,6,509.00000000000045,swap,notBad
14549,6,513.1000000000003,6,509.00000000000045,swap,improve
14550,6,513.1000000000003,6,509.00000000000045,move,improve
14551,6,513.1000000000003,6,509.00000000000045,move,improve
14552,6,513.1000000000003,6,509.00000000000045,swap,notBad
14553,6,513.1000000000003,6,509.00000000000045,2opt,notBad
14554,6,513.1000000000003,6,509.00000000000045,2opt,notBad
14555,6,513.1000000000003,6,509.00000000000045,2opt,notBad
14556,6,513.1000000000003,6,509.00000000000045,swap,notBad
14557,6,513.1000000000003,6,509.00000000000045,move,improve
14558,6,513.1000000000003,6,509.00000000000045,2opt,notBad
14559,6,513.1000000000003,6,509.00000000000045,move,improve
14560,6,513.1000000000003,6,509.00000000000045,swap,notBad
14561,6,513.1000000000003,6,509.00000000000045,2opt,notBad
14562,6,513.1000000000003,6,509.00000000000045,move,improve
14563,6,513.1000000000003,6,509.00000000000045,swap,notBad
14564,6,513.1000000000003,6,509.00000000000045,swap,notBad
14565,6,513.1000000000003,6,509.00000000000045,swap,notBad
14566,6,513.1000000000003,6,509.00000000000045,move,improve
14567,6,513.1000000000003,6,509.00000000000045,move,improve
14568,6,513.1000000000003,6,509.00000000000045,move,improve
14569,6,513.1000000000003,6,509.00000000000045,move,improve
14570,6,513.1000000000003,6,509.00000000000045,move,improve
14571,6,513.1000000000003,6,509.00000000000045,2opt,notBad
14572,6,513.1000000000003,6,509.00000000000045,move,improve
14573,6,513.1000000000003,6,509.00000000000045,swap,notBad
14574,6,513.1000000000003,6,509.00000000000045,2opt,notBad
14575,6,513.1000000000003,6,509.00000000000045,swap,notBad
14576,6,513.1000000000003,6,509.00000000000045,2opt,notBad
14577,6,513.1000000000003,6,509.00000000000045,2opt,notBad
14578,6,513.1000000000003,6,509.00000000000045,move,improve
14579,6,513.1000000000003,6,509.00000000000045,move,improve
14580,6,513.1000000000003,6,509.00000000000045,swap,notBad
14581,6,513.1000000000003,6,509.00000000000045,move,improve
14582,6,513.1000000000003,6,509.00000000000045,2opt,notBad
14583,6,513.1000000000003,6,509.00000000000045,swap,notBad
14584,6,513.1000000000003,6,509.00000000000045,move,improve
14585,6,513.1000000000003,6,509.00000000000045,2opt,improve
14586,6,513.1000000000003,6,509.00000000000045,move,improve
14587,6,513.1000000000003,6,509.00000000000045,2opt,notBad
14588,6,513.1000000000003,6,509.00000000000045,swap,notBad
14589,6,513.1000000000003,6,509.00000000000045,move,improve
14590,6,513.1000000000003,6,509.00000000000045,swap,improve
14591,6,513.1000000000003,6,509.00000000000045,move,improve
14592,6,513.1000000000003,6,509.00000000000045,swap,improve
14593,6,513.1000000000003,6,509.00000000000045,move,improve
14594,6,513.1000000000003,6,509.00000000000045,2opt,notBad
14595,6,513.1000000000003,6,509.00000000000045,move,improve
14596,6,513.1000000000003,6,509.00000000000045,2opt,improve
14597,6,513.2000000000002,6,509.00000000000045,2opt,acceptBad
14598,6,513.2000000000002,6,509.00000000000045,move,improve
14599,6,513.2000000000002,6,509.00000000000045,move,improve
14600,6,513.2000000000002,6,509.00000000000045,move,notBad
14601,6,513.2000000000002,6,509.00000000000045,move,improve
14602,6,513.2000000000002,6,509.00000000000045,swap,improve
14603,6,513.2000000000002,6,509.00000000000045,move,improve
14604,6,513.2000000000002,6,509.00000000000045,swap,notBad
14605,6,513.2000000000002,6,509.00000000000045,move,improve
14606,6,513.2000000000002,6,509.00000000000045,move,improve
14607,6,513.2000000000002,6,509.00000000000045,move,improve
14608,6,513.2000000000002,6,509.00000000000045,2opt,improve
14609,6,513.2000000000002,6,509.00000000000045,2opt,notBad
14610,6,513.2000000000002,6,509.00000000000045,move,improve
14611,6,513.2000000000002,6,509.00000000000045,swap,notBad
14612,6,513.2000000000002,6,509.00000000000045,swap,notBad
14613,6,513.2000000000002,6,509.00000000000045,2opt,notBad
14614,6,513.2000000000002,6,509.00000000000045,swap,notBad
14615,6,513.2000000000002,6,509.00000000000045,move,improve
14616,6,513.2000000000002,6,509.00000000000045,2opt,notBad
14617,6,513.2000000000002,6,509.00000000000045,swap,notBad
14618,6,513.2000000000002,6,509.00000000000045,swap,notBad
14619,6,513.2000000000002,6,509.00000000000045,swap,notBad
14620,6,513.2000000000002,6,509.00000000000045,swap,notBad
14621,6,513.2000000000002,6,509.00000000000045,swap,notBad
14622,6,513.2000000000002,6,509.00000000000045,swap,notBad
14623,6,513.2000000000002,6,509.00000000000045,2opt,notBad
14624,6,513.2000000000002,6,509.00000000000045,move,improve
14625,6,513.2000000000002,6,509.00000000000045,swap,notBad
14626,6,513.2000000000002,6,509.00000000000045,2opt,notBad
14627,6,513.2000000000002,6,509.00000000000045,swap,notBad
14628,6,513.2000000000002,6,509.00000000000045,2opt,improve
14629,6,513.2000000000002,6,509.00000000000045,swap,notBad
14630,6,513.2000000000002,6,509.00000000000045,2opt,notBad
14631,6,513.2000000000002,6,509.00000000000045,swap,notBad
14632,6,513.2000000000002,6,509.00000000000045,2opt,notBad
14633,6,513.2000000000002,6,509.00000000000045,swap,notBad
14634,6,513.2000000000002,6,509.00000000000045,move,improve
14635,6,513.2000000000002,6,509.00000000000045,move,improve
14636,6,513.2000000000002,6,509.00000000000045,2opt,notBad
14637,6,513.2000000000002,6,509.00000000000045,move,improve
14638,6,513.2000000000002,6,509.00000000000045,2opt,improve
14639,6,513.2000000000002,6,509.00000000000045,swap,notBad
14640,6,513.2000000000002,6,509.00000000000045,swap,notBad
14641,6,513.2000000000002,6,509.00000000000045,2opt,improve
14642,6,513.2000000000002,6,509.00000000000045,2opt,notBad
14643,6,513.2000000000002,6,509.00000000000045,move,improve
14644,6,513.2000000000002,6,509.00000000000045,swap,notBad
14645,6,513.2000000000002,6,509.00000000000045,move,improve
14646,6,513.2000000000002,6,509.00000000000045,swap,notBad
14647,6,513.2000000000002,6,509.00000000000045,swap,notBad
14648,6,513.2000000000002,6,509.00000000000045,swap,notBad
14649,6,513.2000000000002,6,509.00000000000045,swap,notBad
14650,6,513.2000000000002,6,509.00000000000045,swap,notBad
14651,6,513.2000000000002,6,509.00000000000045,move,improve
14652,6,513.2000000000002,6,509.00000000000045,swap,notBad
14653,6,513.2000000000002,6,509.00000000000045,move,improve
14654,6,513.2000000000002,6,509.00000000000045,2opt,improve
14655,6,513.2000000000002,6,509.00000000000045,2opt,notBad
14656,6,513.2000000000002,6,509.00000000000045,move,improve
14657,6,513.2000000000002,6,509.00000000000045,swap,notBad
14658,6,513.2000000000002,6,509.00000000000045,swap,notBad
14659,6,513.2000000000002,6,509.00000000000045,swap,notBad
14660,6,513.2000000000002,6,509.00000000000045,swap,notBad
14661,6,513.2000000000002,6,509.00000000000045,move,improve
14662,6,513.2000000000002,6,509.00000000000045,swap,notBad
14663,6,513.2000000000002,6,509.00000000000045,swap,notBad
14664,6,513.2000000000002,6,509.00000000000045,swap,notBad
14665,6,513.2000000000002,6,509.00000000000045,2opt,notBad
14666,6,513.2000000000002,6,509.00000000000045,move,improve
14667,6,513.2000000000002,6,509.00000000000045,swap,notBad
14668,6,513.2000000000002,6,509.00000000000045,move,improve
14669,6,513.2000000000002,6,509.00000000000045,move,improve
14670,6,513.2000000000002,6,509.00000000000045,2opt,notBad
14671,6,513.2000000000002,6,509.00000000000045,move,improve
14672,6,513.2000000000002,6,509.00000000000045,move,improve
14673,6,513.2000000000002,6,509.00000000000045,move,improve
14674,6,513.2000000000002,6,509.00000000000045,swap,notBad
14675,6,513.2000000000002,6,509.00000000000045,move,improve
14676,6,513.2000000000002,6,509.00000000000045,swap,notBad
14677,6,513.2000000000002,6,509.00000000000045,swap,notBad
14678,6,513.2000000000002,6,509.00000000000045,move,improve
14679,6,513.2000000000002,6,509.00000000000045,2opt,notBad
14680,6,513.2000000000002,6,509.00000000000045,move,improve
14681,6,513.2000000000002,6,509.00000000000045,2opt,notBad
14682,6,513.2000000000002,6,509.00000000000045,2opt,notBad
14683,6,513.2000000000002,6,509.00000000000045,swap,notBad
14684,6,513.2000000000002,6,509.00000000000045,2opt,notBad
14685,6,513.2000000000002,6,509.00000000000045,swap,notBad
14686,6,513.2000000000002,6,509.00000000000045,move,improve
14687,6,513.2000000000002,6,509.00000000000045,move,improve
14688,6,513.2000000000002,6,509.00000000000045,2opt,notBad
14689,6,513.2000000000002,6,509.00000000000045,2opt,notBad
14690,6,513.2000000000002,6,509.00000000000045,move,improve
14691,6,513.2000000000002,6,509.00000000000045,move,improve
14692,6,513.2000000000002,6,509.00000000000045,move,notBad
14693,6,513.2000000000002,6,509.00000000000045,swap,notBad
14694,6,513.2000000000002,6,509.00000000000045,2opt,notBad
14695,6,513.2000000000002,6,509.00000000000045,2opt,notBad
14696,6,513.2000000000002,6,509.00000000000045,2opt,notBad
14697,6,513.2000000000002,6,509.00000000000045,move,improve
14698,6,513.2000000000002,6,509.00000000000045,move,improve
14699,6,513.2000000000002,6,509.00000000000045,swap,notBad
14700,6,513.2000000000002,6,509.00000000000045,2opt,notBad
14701,6,513.2000000000002,6,509.00000000000045,move,improve
14702,6,513.2000000000002,6,509.00000000000045,swap,notBad
14703,6,513.2000000000002,6,509.00000000000045,move,improve
14704,6,513.2000000000002,6,509.00000000000045,swap,notBad
14705,6,513.2000000000002,6,509.00000000000045,2opt,improve
14706,6,513.2000000000002,6,509.00000000000045,swap,notBad
14707,6,513.2000000000002,6,509.00000000000045,move,improve
14708,6,513.2000000000002,6,509.00000000000045,move,improve
14709,6,513.2000000000002,6,509.00000000000045,swap,notBad
14710,6,513.2000000000002,6,509.00000000000045,2opt,improve
14711,6,513.2000000000002,6,509.00000000000045,2opt,improve
14712,6,513.2000000000002,6,509.00000000000045,swap,notBad
14713,6,513.2000000000002,6,509.00000000000045,2opt,notBad
14714,6,513.2000000000002,6,509.00000000000045,2opt,notBad
14715,6,513.2000000000002,6,509.00000000000045,swap,notBad
14716,6,513.2000000000002,6,509.00000000000045,move,improve
14717,6,513.2000000000002,6,509.00000000000045,swap,notBad
14718,6,513.2000000000002,6,509.00000000000045,swap,notBad
14719,6,513.2000000000002,6,509.00000000000045,swap,notBad
14720,6,513.2000000000002,6,509.00000000000045,2opt,improve
14721,6,512.3000000000003,6,509.00000000000045,swap,improve
14722,6,512.3000000000003,6,509.00000000000045,swap,notBad
14723,6,512.3000000000003,6,509.00000000000045,move,improve
14724,6,512.3000000000003,6,509.00000000000045,move,improve
14725,6,512.3000000000003,6,509.00000000000045,swap,notBad
14726,6,512.3000000000003,6,509.00000000000045,2opt,improve
14727,6,512.3000000000003,6,509.00000000000045,swap,notBad
14728,6,512.3000000000003,6,509.00000000000045,move,improve
14729,6,512.3000000000003,6,509.00000000000045,swap,improve
14730,6,512.3000000000003,6,509.00000000000045,2opt,improve
14731,6,512.3000000000003,6,509.00000000000045,2opt,improve
14732,6,512.3000000000003,6,509.00000000000045,2opt,improve
14733,6,512.3000000000003,6,509.00000000000045,move,improve
14734,6,512.3000000000003,6,509.00000000000045,swap,notBad
14735,6,512.3000000000003,6,509.00000000000045,move,improve
14736,6,512.3000000000003,6,509.00000000000045,swap,notBad
14737,6,512.3000000000003,6,509.00000000000045,swap,notBad
14738,6,512.3000000000003,6,509.00000000000045,move,improve
14739,6,512.3000000000003,6,509.00000000000045,move,notBad
14740,6,512.3000000000003,6,509.00000000000045,2opt,notBad
14741,6,512.3000000000003,6,509.00000000000045,move,improve
14742,6,512.3000000000003,6,509.00000000000045,2opt,notBad
14743,6,512.3000000000003,6,509.00000000000045,swap,improve
14744,6,512.3000000000003,6,509.00000000000045,move,improve
14745,6,512.3000000000003,6,509.00000000000045,move,improve
14746,6,512.3000000000003,6,509.00000000000045,2opt,notBad
14747,6,512.3000000000003,6,509.00000000000045,2opt,notBad
14748,6,512.3000000000003,6,509.00000000000045,move,improve
14749,6,512.3000000000003,6,509.00000000000045,2opt,notBad
14750,6,512.3000000000003,6,509.00000000000045,2opt,notBad
14751,6,512.3000000000003,6,509.00000000000045,2opt,improve
14752,6,512.3000000000003,6,509.00000000000045,move,improve
14753,6,512.3000000000003,6,509.00000000000045,2opt,notBad
14754,6,512.3000000000003,6,509.00000000000045,swap,notBad
14755,6,512.3000000000003,6,509.00000000000045,swap,notBad
14756,6,512.3000000000003,6,509.00000000000045,move,improve
14757,6,512.3000000000003,6,509.00000000000045,2opt,notBad
14758,6,512.3000000000003,6,509.00000000000045,swap,notBad
14759,6,512.3000000000003,6,509.00000000000045,swap,notBad
14760,6,512.3000000000003,6,509.00000000000045,2opt,notBad
14761,6,512.3000000000003,6,509.00000000000045,swap,improve
14762,6,512.3000000000003,6,509.00000000000045,2opt,notBad
14763,6,512.3000000000003,6,509.00000000000045,2opt,notBad
14764,6,512.3000000000003,6,509.00000000000045,2opt,improve
14765,6,512.3000000000003,6,509.00000000000045,2opt,notBad
14766,6,512.3000000000003,6,509.00000000000045,swap,notBad
14767,6,512.3000000000003,6,509.00000000000045,2opt,notBad
14768,6,512.3000000000003,6,509.00000000000045,2opt,improve
14769,6,512.3000000000003,6,509.00000000000045,2opt,notBad
14770,6,512.3000000000003,6,509.00000000000045,move,improve
14771,6,512.3000000000003,6,509.00000000000045,move,improve
14772,6,512.3000000000003,6,509.00000000000045,swap,notBad
14773,6,512.3000000000003,6,509.00000000000045,swap,notBad
14774,6,512.3000000000003,6,509.00000000000045,2opt,notBad
14775,6,512.3000000000003,6,509.00000000000045,2opt,notBad
14776,6,512.3000000000003,6,509.00000000000045,2opt,notBad
14777,6,512.3000000000003,6,509.00000000000045,swap,notBad
14778,6,512.3000000000003,6,509.00000000000045,2opt,improve
14779,6,512.3000000000003,6,509.00000000000045,2opt,notBad
14780,6,512.3000000000003,6,509.00000000000045,swap,notBad
14781,6,512.3000000000003,6,509.00000000000045,move,improve
14782,6,512.3000000000003,6,509.00000000000045,swap,notBad
14783,6,512.3000000000003,6,509.00000000000045,move,improve
14784,6,512.3000000000003,6,509.00000000000045,2opt,notBad
14785,6,512.3000000000003,6,509.00000000000045,2opt,notBad
14786,6,512.3000000000003,6,509.00000000000045,2opt,notBad
14787,6,512.3000000000003,6,509.00000000000045,2opt,notBad
14788,6,512.3000000000003,6,509.00000000000045,move,improve
14789,6,512.3000000000003,6,509.00000000000045,swap,notBad
14790,6,512.3000000000003,6,509.00000000000045,swap,notBad
14791,6,512.3000000000003,6,509.00000000000045,2opt,notBad
14792,6,512.3000000000003,6,509.00000000000045,swap,notBad
14793,6,512.3000000000003,6,509.00000000000045,swap,notBad
14794,6,512.3000000000003,6,509.00000000000045,move,improve
14795,6,512.3000000000003,6,509.00000000000045,2opt,notBad
14796,6,512.3000000000003,6,509.00000000000045,move,improve
14797,6,512.3000000000003,6,509.00000000000045,swap,notBad
14798,6,512.3000000000003,6,509.00000000000045,swap,notBad
14799,6,512.3000000000003,6,509.00000000000045,swap,notBad
14800,6,512.3000000000003,6,509.00000000000045,swap,notBad
14801,6,512.3000000000003,6,509.00000000000045,move,improve
14802,6,512.3000000000003,6,509.00000000000045,2opt,notBad
14803,6,512.3000000000003,6,509.00000000000045,swap,notBad
14804,6,512.3000000000003,6,509.00000000000045,swap,notBad
14805,6,512.3000000000003,6,509.00000000000045,move,improve
14806,6,512.3000000000003,6,509.00000000000045,move,improve
14807,6,512.3000000000003,6,509.00000000000045,2opt,notBad
14808,6,512.3000000000003,6,509.00000000000045,move,improve
14809,6,512.3000000000003,6,509.00000000000045,move,improve
14810,6,512.3000000000003,6,509.00000000000045,move,improve
14811,6,512.3000000000003,6,509.00000000000045,swap,notBad
14812,6,512.3000000000003,6,509.00000000000045,swap,notBad
14813,6,512.3000000000003,6,509.00000000000045,swap,improve
14814,6,512.3000000000003,6,509.00000000000045,move,improve
14815,6,512.3000000000003,6,509.00000000000045,swap,improve
14816,6,512.3000000000003,6,509.00000000000045,move,improve
14817,6,512.3000000000003,6,509.00000000000045,swap,notBad
14818,6,512.3000000000003,6,509.00000000000045,move,improve
14819,6,512.3000000000003,6,509.00000000000045,move,improve
14820,6,512.3000000000003,6,509.00000000000045,2opt,improve
14821,6,512.3000000000003,6,509.00000000000045,move,improve
14822,6,512.3000000000003,6,509.00000000000045,swap,notBad
14823,6,512.3000000000003,6,509.00000000000045,swap,notBad
14824,6,512.3000000000003,6,509.00000000000045,2opt,notBad
14825,6,512.3000000000003,6,509.00000000000045,move,improve
14826,6,512.3000000000003,6,509.00000000000045,2opt,notBad
14827,6,512.3000000000003,6,509.00000000000045,move,improve
14828,6,512.3000000000003,6,509.00000000000045,swap,notBad
14829,6,512.3000000000003,6,509.00000000000045,move,improve
14830,6,512.3000000000003,6,509.00000000000045,2opt,notBad
14831,6,512.3000000000003,6,509.00000000000045,swap,notBad
14832,6,512.3000000000003,6,509.00000000000045,2opt,notBad
14833,6,512.3000000000003,6,509.00000000000045,2opt,improve
14834,6,512.3000000000003,6,509.00000000000045,move,improve
14835,6,512.3000000000003,6,509.00000000000045,2opt,notBad
14836,6,512.3000000000003,6,509.00000000000045,2opt,notBad
14837,6,512.3000000000003,6,509.00000000000045,swap,notBad
14838,6,512.3000000000003,6,509.00000000000045,2opt,notBad
14839,6,512.3000000000003,6,509.00000000000045,swap,notBad
14840,6,512.3000000000003,6,509.00000000000045,2opt,notBad
14841,6,512.3000000000003,6,509.00000000000045,move,improve
14842,6,512.3000000000003,6,509.00000000000045,2opt,notBad
14843,6,512.3000000000003,6,509.00000000000045,2opt,notBad
14844,6,512.3000000000003,6,509.00000000000045,move,improve
14845,6,512.3000000000003,6,509.00000000000045,move,improve
14846,6,512.3000000000003,6,509.00000000000045,swap,notBad
14847,6,512.3000000000003,6,509.00000000000045,swap,notBad
14848,6,512.3000000000003,6,509.00000000000045,move,improve
14849,6,512.3000000000003,6,509.00000000000045,swap,notBad
14850,6,512.3000000000003,6,509.00000000000045,swap,notBad
14851,6,512.3000000000003,6,509.00000000000045,2opt,notBad
14852,6,512.3000000000003,6,509.00000000000045,2opt,notBad
14853,6,512.3000000000003,6,509.00000000000045,move,improve
14854,6,512.3000000000003,6,509.00000000000045,2opt,notBad
14855,6,512.3000000000003,6,509.00000000000045,move,improve
14856,6,512.3000000000003,6,509.00000000000045,swap,notBad
14857,6,512.3000000000003,6,509.00000000000045,2opt,notBad
14858,6,512.3000000000003,6,509.00000000000045,move,improve
14859,6,512.3000000000003,6,509.00000000000045,swap,notBad
14860,6,512.3000000000003,6,509.00000000000045,2opt,improve
14861,6,512.3000000000003,6,509.00000000000045,2opt,notBad
14862,6,512.3000000000003,6,509.00000000000045,move,improve
14863,6,512.3000000000003,6,509.00000000000045,swap,notBad
14864,6,512.3000000000003,6,509.00000000000045,swap,notBad
14865,6,512.3000000000003,6,509.00000000000045,move,improve
14866,6,512.3000000000003,6,509.00000000000045,swap,notBad
14867,6,512.3000000000003,6,509.00000000000045,move,improve
14868,6,512.3000000000003,6,509.00000000000045,2opt,notBad
14869,6,512.3000000000003,6,509.00000000000045,swap,notBad
14870,6,512.3000000000003,6,509.00000000000045,2opt,notBad
14871,6,512.3000000000003,6,509.00000000000045,swap,notBad
14872,6,512.3000000000003,6,509.00000000000045,2opt,notBad
14873,6,512.3000000000003,6,509.00000000000045,move,improve
14874,6,512.3000000000003,6,509.00000000000045,swap,improve
14875,6,512.3000000000003,6,509.00000000000045,swap,notBad
14876,6,512.3000000000003,6,509.00000000000045,swap,notBad
14877,6,512.3000000000003,6,509.00000000000045,swap,notBad
14878,6,512.3000000000003,6,509.00000000000045,2opt,improve
14879,6,512.3000000000003,6,509.00000000000045,2opt,improve
14880,6,512.3000000000003,6,509.00000000000045,2opt,notBad
14881,6,512.3000000000003,6,509.00000000000045,swap,notBad
14882,6,512.3000000000003,6,509.00000000000045,2opt,improve
14883,6,512.3000000000003,6,509.00000000000045,move,improve
14884,6,512.3000000000003,6,509.00000000000045,swap,notBad
14885,6,512.3000000000003,6,509.00000000000045,2opt,notBad
14886,6,512.3000000000003,6,509.00000000000045,move,improve
14887,6,512.3000000000003,6,509.00000000000045,swap,notBad
14888,6,512.3000000000003,6,509.00000000000045,move,improve
14889,6,512.3000000000003,6,509.00000000000045,move,improve
14890,6,512.3000000000003,6,509.00000000000045,swap,notBad
14891,6,512.3000000000003,6,509.00000000000045,swap,notBad
14892,6,512.3000000000003,6,509.00000000000045,2opt,notBad
14893,6,512.3000000000003,6,509.00000000000045,2opt,notBad
14894,6,512.3000000000003,6,509.00000000000045,move,improve
14895,6,512.3000000000003,6,509.00000000000045,2opt,improve
14896,6,512.3000000000003,6,509.00000000000045,move,improve
14897,6,512.3000000000003,6,509.00000000000045,move,improve
14898,6,512.3000000000003,6,509.00000000000045,move,improve
14899,6,512.3000000000003,6,509.00000000000045,move,improve
14900,6,512.3000000000003,6,509.00000000000045,2opt,notBad
14901,6,512.3000000000003,6,509.00000000000045,swap,notBad
14902,6,512.3000000000003,6,509.00000000000045,2opt,notBad
14903,6,512.3000000000003,6,509.00000000000045,move,improve
14904,6,512.3000000000003,6,509.00000000000045,swap,notBad
14905,6,512.3000000000003,6,509.00000000000045,2opt,improve
14906,6,512.3000000000003,6,509.00000000000045,swap,notBad
14907,6,512.3000000000003,6,509.00000000000045,move,improve
14908,6,512.3000000000003,6,509.00000000000045,2opt,notBad
14909,6,512.3000000000003,6,509.00000000000045,move,improve
14910,6,512.3000000000003,6,509.00000000000045,move,improve
14911,6,512.3000000000003,6,509.00000000000045,swap,notBad
14912,6,512.3000000000003,6,509.00000000000045,2opt,notBad
14913,6,512.3000000000003,6,509.00000000000045,swap,notBad
14914,6,512.3000000000003,6,509.00000000000045,2opt,notBad
14915,6,512.3000000000003,6,509.00000000000045,move,improve
14916,6,512.3000000000003,6,509.00000000000045,swap,notBad
14917,6,512.3000000000003,6,509.00000000000045,swap,notBad
14918,6,512.3000000000003,6,509.00000000000045,2opt,notBad
14919,6,512.3000000000003,6,509.00000000000045,swap,notBad
14920,6,512.3000000000003,6,509.00000000000045,move,improve
14921,6,512.3000000000003,6,509.00000000000045,swap,notBad
14922,6,512.3000000000003,6,509.00000000000045,swap,notBad
14923,6,512.3000000000003,6,509.00000000000045,swap,notBad
14924,6,512.3000000000003,6,509.00000000000045,swap,notBad
14925,6,512.3000000000003,6,509.00000000000045,move,improve
14926,6,512.3000000000003,6,509.00000000000045,2opt,improve
14927,6,512.3000000000003,6,509.00000000000045,2opt,notBad
14928,6,512.3000000000003,6,509.00000000000045,move,improve
14929,6,512.3000000000003,6,509.00000000000045,move,improve
14930,6,512.3000000000003,6,509.00000000000045,move,improve
14931,6,512.3000000000003,6,509.00000000000045,move,improve
14932,6,512.3000000000003,6,509.00000000000045,move,notBad
14933,6,512.3000000000003,6,509.00000000000045,swap,improve
14934,6,512.3000000000003,6,509.00000000000045,2opt,notBad
14935,6,512.3000000000003,6,509.00000000000045,2opt,notBad
14936,6,512.3000000000003,6,509.00000000000045,2opt,notBad
14937,6,512.3000000000003,6,509.00000000000045,move,improve
14938,6,512.3000000000003,6,509.00000000000045,move,improve
14939,6,512.3000000000003,6,509.00000000000045,move,improve
14940,6,512.3000000000003,6,509.00000000000045,2opt,notBad
14941,6,512.3000000000003,6,509.00000000000045,2opt,notBad
14942,6,512.3000000000003,6,509.00000000000045,swap,notBad
14943,6,512.3000000000003,6,509.00000000000045,move,improve
14944,6,512.3000000000003,6,509.00000000000045,2opt,notBad
14945,6,512.3000000000003,6,509.00000000000045,move,improve
14946,6,512.3000000000003,6,509.00000000000045,move,improve
14947,6,512.3000000000003,6,509.00000000000045,2opt,notBad
14948,6,512.3000000000003,6,509.00000000000045,move,improve
14949,6,512.3000000000003,6,509.00000000000045,2opt,improve
14950,6,512.3000000000003,6,509.00000000000045,2opt,notBad
14951,6,512.3000000000003,6,509.00000000000045,swap,notBad
14952,6,512.3000000000003,6,509.00000000000045,swap,notBad
14953,6,510.9,6,509.00000000000045,2opt,improve
14954,6,510.9,6,509.00000000000045,swap,notBad
14955,6,510.9,6,509.00000000000045,2opt,notBad
14956,6,510.9,6,509.00000000000045,move,improve
14957,6,510.9,6,509.00000000000045,move,improve
14958,6,510.9,6,509.00000000000045,move,improve
14959,6,510.9,6,509.00000000000045,2opt,notBad
14960,6,510.9,6,509.00000000000045,2opt,notBad
14961,6,510.9,6,509.00000000000045,swap,notBad
14962,6,510.9,6,509.00000000000045,swap,notBad
14963,6,510.9,6,509.00000000000045,swap,notBad
14964,6,510.9,6,509.00000000000045,move,improve
14965,6,510.9,6,509.00000000000045,swap,notBad
14966,6,510.9,6,509.00000000000045,move,improve
14967,6,510.9,6,509.00000000000045,2opt,notBad
14968,6,510.9,6,509.00000000000045,swap,notBad
14969,6,510.9,6,509.00000000000045,move,improve
14970,6,510.9,6,509.00000000000045,move,improve
14971,6,510.9,6,509.00000000000045,swap,improve
14972,6,510.9,6,509.00000000000045,swap,notBad
14973,6,510.9,6,509.00000000000045,2opt,notBad
14974,6,510.9,6,509.00000000000045,2opt,improve
14975,6,510.9,6,509.00000000000045,swap,notBad
14976,6,510.9,6,509.00000000000045,move,improve
14977,6,510.9,6,509.00000000000045,2opt,improve
14978,6,510.9,6,509.00000000000045,swap,notBad
14979,6,510.9,6,509.00000000000045,move,improve
14980,6,510.9,6,509.00000000000045,move,notBad
14981,6,510.9,6,509.00000000000045,move,improve
14982,6,510.9,6,509.00000000000045,2opt,improve
14983,6,510.9,6,509.00000000000045,2opt,notBad
14984,6,510.9,6,509.00000000000045,move,improve
14985,6,510.9,6,509.00000000000045,swap,notBad
14986,6,510.9,6,509.00000000000045,move,improve
14987,6,510.9,6,509.00000000000045,move,improve
14988,6,510.9,6,509.00000000000045,swap,notBad
14989,6,510.9,6,509.00000000000045,move,improve
14990,6,510.9,6,509.00000000000045,move,improve
14991,6,510.9,6,509.00000000000045,swap,notBad
14992,6,510.9,6,509.00000000000045,swap,notBad
14993,6,510.9,6,509.00000000000045,move,improve
14994,6,510.9,6,509.00000000000045,swap,notBad
14995,6,510.9,6,509.00000000000045,swap,notBad
14996,6,510.9,6,509.00000000000045,2opt,notBad
14997,6,510.9,6,509.00000000000045,move,improve
14998,6,510.9,6,509.00000000000045,swap,notBad
14999,6,510.9,6,509.00000000000045,move,improve
15000,6,510.9,6,509.00000000000045,2opt,notBad
15001,6,510.9,6,509.00000000000045,move,improve
15002,6,510.9,6,509.00000000000045,swap,notBad
15003,6,510.9,6,509.00000000000045,move,improve
15004,6,510.9,6,509.00000000000045,move,improve
15005,6,510.9,6,509.00000000000045,move,improve
15006,6,510.9,6,509.00000000000045,swap,notBad
15007,6,510.9,6,509.00000000000045,move,improve
15008,6,510.9,6,509.00000000000045,2opt,improve
15009,6,510.9,6,509.00000000000045,2opt,notBad
15010,6,510.9,6,509.00000000000045,swap,notBad
15011,6,510.9,6,509.00000000000045,2opt,notBad
15012,6,510.9,6,509.00000000000045,move,improve
15013,6,510.9,6,509.00000000000045,move,improve
15014,6,510.9,6,509.00000000000045,move,improve
15015,6,510.9,6,509.00000000000045,2opt,improve
15016,6,510.9,6,509.00000000000045,swap,notBad
15017,6,510.9,6,509.00000000000045,2opt,notBad
15018,6,510.9,6,509.00000000000045,move,improve
15019,6,510.9,6,509.00000000000045,2opt,notBad
15020,6,510.9,6,509.00000000000045,swap,notBad
15021,6,510.9,6,509.00000000000045,swap,notBad
15022,6,510.9,6,509.00000000000045,swap,notBad
15023,6,510.9,6,509.00000000000045,swap,improve
15024,6,510.9,6,509.00000000000045,swap,notBad
15025,6,510.9,6,509.00000000000045,swap,notBad
15026,6,510.9,6,509.00000000000045,swap,notBad
15027,6,510.9,6,509.00000000000045,2opt,notBad
15028,6,510.9,6,509.00000000000045,swap,improve
15029,6,510.9,6,509.00000000000045,move,improve
15030,6,510.9,6,509.00000000000045,swap,notBad
15031,6,510.9,6,509.00000000000045,2opt,notBad
15032,6,510.9,6,509.00000000000045,2opt,notBad
15033,6,510.9,6,509.00000000000045,swap,notBad
15034,6,510.9,6,509.00000000000045,move,improve
15035,6,510.9,6,509.00000000000045,move,improve
15036,6,510.9,6,509.00000000000045,2opt,notBad
15037,6,510.9,6,509.00000000000045,move,improve
15038,6,510.9,6,509.00000000000045,move,improve
15039,6,510.9,6,509.00000000000045,move,improve
15040,6,510.9,6,509.00000000000045,move,improve
15041,6,510.9,6,509.00000000000045,move,improve
15042,6,511.0000000000001,6,509.00000000000045,swap,acceptBad
15043,6,511.0000000000001,6,509.00000000000045,swap,notBad
15044,6,511.0000000000001,6,509.00000000000045,2opt,improve
15045,6,511.0000000000001,6,509.00000000000045,swap,notBad
15046,6,511.0000000000001,6,509.00000000000045,swap,notBad
15047,6,511.0000000000001,6,509.00000000000045,2opt,improve
15048,6,511.0000000000001,6,509.00000000000045,swap,notBad
15049,6,511.0000000000001,6,509.00000000000045,2opt,improve
15050,6,511.0000000000001,6,509.00000000000045,2opt,improve
15051,6,511.0000000000001,6,509.00000000000045,swap,notBad
15052,6,511.0000000000001,6,509.00000000000045,2opt,improve
15053,6,511.0000000000001,6,509.00000000000045,move,improve
15054,6,511.0000000000001,6,509.00000000000045,move,improve
15055,6,511.0000000000001,6,509.00000000000045,move,improve
15056,6,511.0000000000001,6,509.00000000000045,move,improve
15057,6,511.0000000000001,6,509.00000000000045,swap,notBad
15058,6,511.0000000000001,6,509.00000000000045,move,improve
15059,6,511.0000000000001,6,509.00000000000045,swap,notBad
15060,6,511.0000000000001,6,509.00000000000045,2opt,notBad
15061,6,511.0000000000001,6,509.00000000000045,move,improve
15062,6,511.0000000000001,6,509.00000000000045,swap,notBad
15063,6,511.0000000000001,6,509.00000000000045,swap,notBad
15064,6,511.0000000000001,6,509.00000000000045,move,improve
15065,6,511.0000000000001,6,509.00000000000045,swap,notBad
15066,6,511.0000000000001,6,509.00000000000045,swap,notBad
15067,6,511.0000000000001,6,509.00000000000045,swap,notBad
15068,6,511.0000000000001,6,509.00000000000045,2opt,improve
15069,6,511.0000000000001,6,509.00000000000045,move,improve
15070,6,511.0000000000001,6,509.00000000000045,swap,notBad
15071,6,511.0000000000001,6,509.00000000000045,move,improve
15072,6,511.0000000000001,6,509.00000000000045,swap,notBad
15073,6,511.0000000000001,6,509.00000000000045,swap,notBad
15074,6,511.0000000000001,6,509.00000000000045,swap,notBad
15075,6,511.0000000000001,6,509.00000000000045,2opt,notBad
15076,6,511.0000000000001,6,509.00000000000045,swap,notBad
15077,6,511.0000000000001,6,509.00000000000045,2opt,notBad
15078,6,511.0000000000001,6,509.00000000000045,swap,notBad
15079,6,511.0000000000001,6,509.00000000000045,swap,notBad
15080,6,511.0000000000001,6,509.00000000000045,move,improve
15081,6,511.0000000000001,6,509.00000000000045,move,improve
15082,6,511.0000000000001,6,509.00000000000045,2opt,notBad
15083,6,511.0000000000001,6,509.00000000000045,swap,notBad
15084,6,511.0000000000001,6,509.00000000000045,2opt,improve
15085,6,511.0000000000001,6,509.00000000000045,move,improve
15086,6,511.0000000000001,6,509.00000000000045,2opt,notBad
15087,6,511.0000000000001,6,509.00000000000045,swap,notBad
15088,6,511.0000000000001,6,509.00000000000045,2opt,notBad
15089,6,511.0000000000001,6,509.00000000000045,2opt,notBad
15090,6,511.0000000000001,6,509.00000000000045,move,improve
15091,6,511.0000000000001,6,509.00000000000045,swap,notBad
15092,6,511.0000000000001,6,509.00000000000045,move,improve
15093,6,511.0000000000001,6,509.00000000000045,2opt,improve
15094,6,511.0000000000001,6,509.00000000000045,2opt,notBad
15095,6,511.0000000000001,6,509.00000000000045,2opt,notBad
15096,6,511.0000000000001,6,509.00000000000045,2opt,notBad
15097,6,511.0000000000001,6,509.00000000000045,swap,notBad
15098,6,510.9,6,509.00000000000045,swap,improve
15099,6,510.9,6,509.00000000000045,swap,notBad
15100,6,510.9,6,509.00000000000045,swap,notBad
15101,6,510.9,6,509.00000000000045,move,improve
15102,6,510.9,6,509.00000000000045,2opt,improve
15103,6,510.9,6,509.00000000000045,swap,notBad
15104,6,510.9,6,509.00000000000045,2opt,notBad
15105,6,510.9,6,509.00000000000045,swap,notBad
15106,6,510.9,6,509.00000000000045,move,improve
15107,6,510.9,6,509.00000000000045,swap,notBad
15108,6,510.9,6,509.00000000000045,2opt,improve
15109,6,510.9,6,509.00000000000045,2opt,notBad
15110,6,510.9,6,509.00000000000045,swap,notBad
15111,6,510.9,6,509.00000000000045,move,improve
15112,6,510.9,6,509.00000000000045,swap,notBad
15113,6,510.9,6,509.00000000000045,2opt,notBad
15114,6,510.9,6,509.00000000000045,2opt,notBad
15115,6,510.9,6,509.00000000000045,2opt,improve
15116,6,510.9,6,509.00000000000045,move,improve
15117,6,510.9,6,509.00000000000045,2opt,notBad
15118,6,510.9,6,509.00000000000045,swap,notBad
15119,6,510.9,6,509.00000000000045,2opt,notBad
15120,6,510.9,6,509.00000000000045,swap,notBad
15121,6,510.9,6,509.00000000000045,2opt,notBad
15122,6,510.9,6,509.00000000000045,2opt,notBad
15123,6,510.9,6,509.00000000000045,swap,notBad
15124,6,510.9,6,509.00000000000045,2opt,notBad
15125,6,510.9,6,509.00000000000045,swap,notBad
15126,6,510.9,6,509.00000000000045,move,improve
15127,6,510.9,6,509.00000000000045,move,improve
15128,6,510.9,6,509.00000000000045,swap,notBad
15129,6,510.9,6,509.00000000000045,2opt,notBad
15130,6,510.9,6,509.00000000000045,move,improve
15131,6,510.9,6,509.00000000000045,swap,notBad
15132,6,510.9,6,509.00000000000045,move,improve
15133,6,510.9,6,509.00000000000045,move,improve
15134,6,510.9,6,509.00000000000045,move,improve
15135,6,510.9,6,509.00000000000045,move,improve
15136,6,510.9,6,509.00000000000045,swap,notBad
15137,6,510.9,6,509.00000000000045,swap,notBad
15138,6,510.9,6,509.00000000000045,move,improve
15139,6,510.9,6,509.00000000000045,2opt,improve
15140,6,510.9,6,509.00000000000045,move,improve
15141,6,510.9,6,509.00000000000045,swap,notBad
15142,6,510.9,6,509.00000000000045,2opt,notBad
15143,6,510.9,6,509.00000000000045,2opt,notBad
15144,6,510.9,6,509.00000000000045,swap,notBad
15145,6,510.9,6,509.00000000000045,move,improve
15146,6,510.9,6,509.00000000000045,2opt,notBad
15147,6,510.9,6,509.00000000000045,swap,notBad
15148,6,510.9,6,509.00000000000045,move,improve
15149,6,510.9,6,509.00000000000045,move,improve
15150,6,510.9,6,509.00000000000045,2opt,notBad
15151,6,510.9,6,509.00000000000045,swap,notBad
15152,6,510.9,6,509.00000000000045,swap,notBad
15153,6,510.9,6,509.00000000000045,move,improve
15154,6,510.9,6,509.00000000000045,move,improve
15155,6,510.9,6,509.00000000000045,move,improve
15156,6,510.9,6,509.00000000000045,2opt,notBad
15157,6,510.9,6,509.00000000000045,2opt,notBad
15158,6,510.9,6,509.00000000000045,swap,notBad
15159,6,510.9,6,509.00000000000045,2opt,notBad
15160,6,510.9,6,509.00000000000045,swap,notBad
15161,6,510.9,6,509.00000000000045,swap,notBad
15162,6,510.9,6,509.00000000000045,move,improve
15163,6,510.9,6,509.00000000000045,move,improve
15164,6,510.9,6,509.00000000000045,swap,notBad
15165,6,510.9,6,509.00000000000045,swap,notBad
15166,6,510.9,6,509.00000000000045,swap,notBad
15167,6,510.9,6,509.00000000000045,swap,notBad
15168,6,510.9,6,509.00000000000045,2opt,notBad
15169,6,510.9,6,509.00000000000045,2opt,notBad
15170,6,510.9,6,509.00000000000045,2opt,improve
15171,6,510.9,6,509.00000000000045,2opt,notBad
15172,6,510.9,6,509.00000000000045,swap,notBad
15173,6,510.9,6,509.00000000000045,move,improve
15174,6,510.9,6,509.00000000000045,2opt,improve
15175,6,510.9,6,509.00000000000045,2opt,improve
15176,6,510.9,6,509.00000000000045,2opt,notBad
15177,6,510.9,6,509.00000000000045,swap,notBad
15178,6,510.9,6,509.00000000000045,swap,notBad
15179,6,510.9,6,509.00000000000045,2opt,improve
15180,6,510.9,6,509.00000000000045,swap,improve
15181,6,510.9,6,509.00000000000045,move,improve
15182,6,510.9,6,509.00000000000045,swap,notBad
15183,6,510.9,6,509.00000000000045,swap,notBad
15184,6,510.9,6,509.00000000000045,swap,notBad
15185,6,510.9,6,509.00000000000045,move,improve
15186,6,510.9,6,509.00000000000045,swap,notBad
15187,6,510.9,6,509.00000000000045,move,improve
15188,6,510.9,6,509.00000000000045,swap,notBad
15189,6,510.9,6,509.00000000000045,swap,notBad
15190,6,510.9,6,509.00000000000045,2opt,notBad
15191,6,510.9,6,509.00000000000045,swap,notBad
15192,6,510.9,6,509.00000000000045,swap,notBad
15193,6,510.9,6,509.00000000000045,swap,notBad
15194,6,510.9,6,509.00000000000045,swap,notBad
15195,6,510.9,6,509.00000000000045,move,improve
15196,6,510.9,6,509.00000000000045,move,improve
15197,6,510.9,6,509.00000000000045,swap,notBad
15198,6,510.9,6,509.00000000000045,2opt,notBad
15199,6,510.9,6,509.00000000000045,swap,notBad
15200,6,510.9,6,509.00000000000045,swap,notBad
15201,6,510.6,6,509.00000000000045,swap,improve
15202,6,510.6,6,509.00000000000045,move,improve
15203,6,510.6,6,509.00000000000045,2opt,notBad
15204,6,510.6,6,509.00000000000045,swap,notBad
15205,6,510.6,6,509.00000000000045,move,improve
15206,6,510.6,6,509.00000000000045,2opt,notBad
15207,6,510.6,6,509.00000000000045,move,improve
15208,6,510.6,6,509.00000000000045,2opt,improve
15209,6,510.6,6,509.00000000000045,2opt,notBad
15210,6,510.6,6,509.00000000000045,2opt,improve
15211,6,510.6,6,509.00000000000045,move,improve
15212,6,510.6,6,509.00000000000045,move,improve
15213,6,510.6,6,509.00000000000045,move,improve
15214,6,510.6,6,509.00000000000045,move,improve
15215,6,510.6,6,509.00000000000045,2opt,notBad
15216,6,510.6,6,509.00000000000045,swap,notBad
15217,6,510.6,6,509.00000000000045,move,notBad
15218,6,510.6,6,509.00000000000045,2opt,notBad
15219,6,510.6,6,509.00000000000045,move,improve
15220,6,510.6,6,509.00000000000045,swap,notBad
15221,6,510.6,6,509.00000000000045,swap,notBad
15222,6,510.6,6,509.00000000000045,2opt,notBad
15223,6,510.6,6,509.00000000000045,2opt,improve
15224,6,510.6,6,509.00000000000045,swap,notBad
15225,6,510.6,6,509.00000000000045,2opt,notBad
15226,6,510.6,6,509.00000000000045,swap,notBad
15227,6,510.6,6,509.00000000000045,2opt,notBad
15228,6,510.6,6,509.00000000000045,move,improve
15229,6,510.6,6,509.00000000000045,swap,notBad
15230,6,510.6,6,509.00000000000045,2opt,improve
15231,6,510.6,6,509.00000000000045,2opt,notBad
15232,6,510.6,6,509.00000000000045,swap,notBad
15233,6,510.6,6,509.00000000000045,2opt,notBad
15234,6,510.6,6,509.00000000000045,move,improve
15235,6,510.6,6,509.00000000000045,move,improve
15236,6,510.6,6,509.00000000000045,swap,improve
15237,6,510.6,6,509.00000000000045,2opt,notBad
15238,6,510.6,6,509.00000000000045,swap,notBad
15239,6,510.6,6,509.00000000000045,2opt,notBad
15240,6,510.6,6,509.00000000000045,2opt,notBad
15241,6,510.6,6,509.00000000000045,2opt,notBad
15242,6,510.6,6,509.00000000000045,swap,notBad
15243,6,510.6,6,509.00000000000045,2opt,notBad
15244,6,510.6,6,509.00000000000045,move,improve
15245,6,510.6,6,509.00000000000045,2opt,notBad
15246,6,510.6,6,509.00000000000045,move,improve
15247,6,510.6,6,509.00000000000045,move,improve
15248,6,510.6,6,509.00000000000045,2opt,improve
15249,6,510.6,6,509.00000000000045,2opt,notBad
15250,6,510.6,6,509.00000000000045,swap,notBad
15251,6,510.6,6,509.00000000000045,2opt,notBad
15252,6,510.6,6,509.00000000000045,swap,notBad
15253,6,510.6,6,509.00000000000045,2opt,notBad
15254,6,510.6,6,509.00000000000045,swap,notBad
15255,6,510.6,6,509.00000000000045,swap,notBad
15256,6,510.6,6,509.00000000000045,2opt,notBad
15257,6,510.6,6,509.00000000000045,move,improve
15258,6,510.6,6,509.00000000000045,move,improve
15259,6,510.6,6,509.00000000000045,move,improve
15260,6,510.6,6,509.00000000000045,2opt,notBad
15261,6,510.6,6,509.00000000000045,swap,notBad
15262,6,510.6,6,509.00000000000045,move,improve
15263,6,510.6,6,509.00000000000045,move,improve
15264,6,510.6,6,509.00000000000045,move,improve
15265,6,510.6,6,509.00000000000045,2opt,notBad
15266,6,510.6,6,509.00000000000045,swap,notBad
15267,6,510.6,6,509.00000000000045,move,improve
15268,6,510.6,6,509.00000000000045,move,improve
15269,6,510.6,6,509.00000000000045,move,improve
15270,6,510.6,6,509.00000000000045,move,improve
15271,6,510.6,6,509.00000000000045,move,improve
15272,6,510.6,6,509.00000000000045,move,improve
15273,6,510.6,6,509.00000000000045,2opt,improve
15274,6,510.6,6,509.00000000000045,swap,improve
15275,6,510.6,6,509.00000000000045,2opt,notBad
15276,6,510.6,6,509.00000000000045,2opt,notBad
15277,6,510.6,6,509.00000000000045,swap,notBad
15278,6,510.6,6,509.00000000000045,swap,notBad
15279,6,510.6,6,509.00000000000045,swap,notBad
15280,6,510.6,6,509.00000000000045,2opt,notBad
15281,6,510.6,6,509.00000000000045,swap,notBad
15282,6,510.6,6,509.00000000000045,swap,notBad
15283,6,510.6,6,509.00000000000045,swap,notBad
15284,6,510.6,6,509.00000000000045,2opt,notBad
15285,6,510.6,6,509.00000000000045,swap,notBad
15286,6,510.9,6,509.00000000000045,swap,acceptBad
15287,6,510.9,6,509.00000000000045,swap,notBad
15288,6,510.9,6,509.00000000000045,2opt,improve
15289,6,510.9,6,509.00000000000045,swap,notBad
15290,6,510.9,6,509.00000000000045,move,improve
15291,6,510.9,6,509.00000000000045,2opt,notBad
15292,6,510.9,6,509.00000000000045,swap,notBad
15293,6,510.9,6,509.00000000000045,swap,notBad
15294,6,510.9,6,509.00000000000045,2opt,notBad
15295,6,510.9,6,509.00000000000045,2opt,notBad
15296,6,510.9,6,509.00000000000045,swap,notBad
15297,6,510.9,6,509.00000000000045,2opt,notBad
15298,6,510.9,6,509.00000000000045,swap,notBad
15299,6,510.9,6,509.00000000000045,swap,notBad
15300,6,510.9,6,509.00000000000045,2opt,improve
15301,6,510.9,6,509.00000000000045,swap,notBad
15302,6,510.9,6,509.00000000000045,2opt,notBad
15303,6,510.9,6,509.00000000000045,swap,notBad
15304,6,510.9,6,509.00000000000045,2opt,improve
15305,6,510.9,6,509.00000000000045,move,improve
15306,6,510.9,6,509.00000000000045,2opt,improve
15307,6,510.9,6,509.00000000000045,2opt,notBad
15308,6,510.9,6,509.00000000000045,2opt,improve
15309,6,510.9,6,509.00000000000045,swap,notBad
15310,6,510.9,6,509.00000000000045,move,improve
15311,6,510.9,6,509.00000000000045,2opt,notBad
15312,6,510.9,6,509.00000000000045,2opt,notBad
15313,6,510.9,6,509.00000000000045,move,improve
15314,6,510.9,6,509.00000000000045,move,improve
15315,6,510.9,6,509.00000000000045,swap,notBad
15316,6,510.9,6,509.00000000000045,2opt,notBad
15317,6,510.9,6,509.00000000000045,swap,notBad
15318,6,510.9,6,509.00000000000045,2opt,improve
15319,6,510.9,6,509.00000000000045,2opt,notBad
15320,6,510.9,6,509.00000000000045,move,improve
15321,6,510.9,6,509.00000000000045,move,improve
15322,6,510.9,6,509.00000000000045,move,improve
15323,6,510.9,6,509.00000000000045,swap,notBad
15324,6,511.0000000000001,6,509.00000000000045,swap,acceptBad
15325,6,511.0000000000001,6,509.00000000000045,move,improve
15326,6,511.0000000000001,6,509.00000000000045,move,improve
15327,6,511.0000000000001,6,509.00000000000045,move,improve
15328,6,511.0000000000001,6,509.00000000000045,move,improve
15329,6,511.0000000000001,6,509.00000000000045,move,improve
15330,6,511.0000000000001,6,509.00000000000045,swap,notBad
15331,6,511.0000000000001,6,509.00000000000045,move,improve
15332,6,511.0000000000001,6,509.00000000000045,move,notBad
15333,6,511.3000000000003,6,509.00000000000045,swap,acceptBad
15334,6,511.3000000000003,6,509.00000000000045,move,improve
15335,6,511.3000000000003,6,509.00000000000045,move,improve
15336,6,511.3000000000003,6,509.00000000000045,move,improve
15337,6,511.3000000000003,6,509.00000000000045,2opt,improve
15338,6,511.3000000000003,6,509.00000000000045,move,improve
15339,6,511.3000000000003,6,509.00000000000045,2opt,notBad
15340,6,511.3000000000003,6,509.00000000000045,move,improve
15341,6,511.3000000000003,6,509.00000000000045,swap,notBad
15342,6,511.3000000000003,6,509.00000000000045,2opt,notBad
15343,6,511.3000000000003,6,509.00000000000045,2opt,improve
15344,6,511.3000000000003,6,509.00000000000045,2opt,notBad
15345,6,511.3000000000003,6,509.00000000000045,2opt,notBad
15346,6,511.3000000000003,6,509.00000000000045,swap,notBad
15347,6,511.3000000000003,6,509.00000000000045,move,improve
15348,6,511.3000000000003,6,509.00000000000045,2opt,notBad
15349,6,511.3000000000003,6,509.00000000000045,2opt,improve
15350,6,511.3000000000003,6,509.00000000000045,swap,notBad
15351,6,511.3000000000003,6,509.00000000000045,swap,notBad
15352,6,511.3000000000003,6,509.00000000000045,move,improve
15353,6,511.3000000000003,6,509.00000000000045,swap,notBad
15354,6,511.3000000000003,6,509.00000000000045,2opt,notBad
15355,6,511.3000000000003,6,509.00000000000045,swap,notBad
15356,6,511.3000000000003,6,509.00000000000045,swap,notBad
15357,6,511.3000000000003,6,509.00000000000045,move,improve
15358,6,511.3000000000003,6,509.00000000000045,2opt,notBad
15359,6,511.3000000000003,6,509.00000000000045,2opt,notBad
15360,6,511.3000000000003,6,509.00000000000045,swap,notBad
15361,6,511.3000000000003,6,509.00000000000045,2opt,notBad
15362,6,511.3000000000003,6,509.00000000000045,move,improve
15363,6,511.3000000000003,6,509.00000000000045,swap,notBad
15364,6,511.3000000000003,6,509.00000000000045,2opt,notBad
15365,6,511.3000000000003,6,509.00000000000045,swap,notBad
15366,6,511.3000000000003,6,509.00000000000045,2opt,improve
15367,6,511.3000000000003,6,509.00000000000045,2opt,notBad
15368,6,511.3000000000003,6,509.00000000000045,swap,notBad
15369,6,511.3000000000003,6,509.00000000000045,move,improve
15370,6,511.3000000000003,6,509.00000000000045,swap,notBad
15371,6,511.3000000000003,6,509.00000000000045,move,improve
15372,6,511.3000000000003,6,509.00000000000045,move,improve
15373,6,511.3000000000003,6,509.00000000000045,2opt,improve
15374,6,511.3000000000003,6,509.00000000000045,swap,notBad
15375,6,511.3000000000003,6,509.00000000000045,swap,notBad
15376,6,511.3000000000003,6,509.00000000000045,2opt,notBad
15377,6,511.3000000000003,6,509.00000000000045,move,improve
15378,6,511.3000000000003,6,509.00000000000045,move,notBad
15379,6,511.3000000000003,6,509.00000000000045,move,improve
15380,6,511.3000000000003,6,509.00000000000045,2opt,notBad
15381,6,511.3000000000003,6,509.00000000000045,move,improve
15382,6,511.3000000000003,6,509.00000000000045,swap,notBad
15383,6,511.3000000000003,6,509.00000000000045,swap,notBad
15384,6,511.3000000000003,6,509.00000000000045,2opt,notBad
15385,6,511.3000000000003,6,509.00000000000045,swap,improve
15386,6,511.3000000000003,6,509.00000000000045,swap,notBad
15387,6,511.3000000000003,6,509.00000000000045,2opt,notBad
15388,6,511.3000000000003,6,509.00000000000045,move,improve
15389,6,511.3000000000003,6,509.00000000000045,move,improve
15390,6,511.3000000000003,6,509.00000000000045,2opt,notBad
15391,6,511.3000000000003,6,509.00000000000045,2opt,notBad
15392,6,511.3000000000003,6,509.00000000000045,swap,improve
15393,6,511.3000000000003,6,509.00000000000045,2opt,improve
15394,6,511.3000000000003,6,509.00000000000045,2opt,notBad
15395,6,511.3000000000003,6,509.00000000000045,move,improve
15396,6,511.3000000000003,6,509.00000000000045,swap,notBad
15397,6,511.3000000000003,6,509.00000000000045,swap,notBad
15398,6,511.3000000000003,6,509.00000000000045,swap,notBad
15399,6,511.3000000000003,6,509.00000000000045,move,improve
15400,6,511.3000000000003,6,509.00000000000045,swap,notBad
15401,6,511.3000000000003,6,509.00000000000045,2opt,notBad
15402,6,511.3000000000003,6,509.00000000000045,swap,notBad
15403,6,511.3000000000003,6,509.00000000000045,move,improve
15404,6,511.3000000000003,6,509.00000000000045,swap,notBad
15405,6,511.3000000000003,6,509.00000000000045,move,improve
15406,6,511.3000000000003,6,509.00000000000045,move,improve
15407,6,511.3000000000003,6,509.00000000000045,move,improve
15408,6,511.3000000000003,6,509.00000000000045,move,improve
15409,6,511.3000000000003,6,509.00000000000045,move,improve
15410,6,511.3000000000003,6,509.00000000000045,2opt,notBad
15411,6,511.3000000000003,6,509.00000000000045,2opt,improve
15412,6,511.3000000000003,6,509.00000000000045,swap,notBad
15413,6,511.3000000000003,6,509.00000000000045,move,improve
15414,6,511.3000000000003,6,509.00000000000045,move,improve
15415,6,511.3000000000003,6,509.00000000000045,2opt,notBad
15416,6,511.3000000000003,6,509.00000000000045,2opt,improve
15417,6,511.3000000000003,6,509.00000000000045,move,improve
15418,6,511.3000000000003,6,509.00000000000045,2opt,notBad
15419,6,511.3000000000003,6,509.00000000000045,2opt,notBad
15420,6,511.3000000000003,6,509.00000000000045,move,improve
15421,6,511.3000000000003,6,509.00000000000045,move,improve
15422,6,511.3000000000003,6,509.00000000000045,swap,notBad
15423,6,511.3000000000003,6,509.00000000000045,swap,notBad
15424,6,511.3000000000003,6,509.00000000000045,move,improve
15425,6,511.3000000000003,6,509.00000000000045,move,improve
15426,6,511.3000000000003,6,509.00000000000045,swap,notBad
15427,6,511.3000000000003,6,509.00000000000045,move,improve
15428,6,511.3000000000003,6,509.00000000000045,swap,notBad
15429,6,511.3000000000003,6,509.00000000000045,move,improve
15430,6,511.3000000000003,6,509.00000000000045,2opt,notBad
15431,6,511.3000000000003,6,509.00000000000045,move,improve
15432,6,511.3000000000003,6,509.00000000000045,move,improve
15433,6,511.3000000000003,6,509.00000000000045,swap,notBad
15434,6,511.3000000000003,6,509.00000000000045,move,improve
15435,6,511.3000000000003,6,509.00000000000045,2opt,notBad
15436,6,511.3000000000003,6,509.00000000000045,move,improve
15437,6,511.3000000000003,6,509.00000000000045,move,improve
15438,6,511.3000000000003,6,509.00000000000045,move,improve
15439,6,511.3000000000003,6,509.00000000000045,2opt,notBad
15440,6,512.1999999999999,6,509.00000000000045,swap,acceptBad
15441,6,512.1999999999999,6,509.00000000000045,swap,notBad
15442,6,512.1999999999999,6,509.00000000000045,swap,improve
15443,6,511.80000000000007,6,509.00000000000045,swap,improve
15444,6,511.80000000000007,6,509.00000000000045,2opt,notBad
15445,6,511.80000000000007,6,509.00000000000045,move,improve
15446,6,511.80000000000007,6,509.00000000000045,swap,notBad
15447,6,511.80000000000007,6,509.00000000000045,move,improve
15448,6,511.80000000000007,6,509.00000000000045,swap,notBad
15449,6,511.80000000000007,6,509.00000000000045,2opt,improve
15450,6,511.80000000000007,6,509.00000000000045,move,improve
15451,6,511.80000000000007,6,509.00000000000045,2opt,improve
15452,6,511.1,6,509.00000000000045,2opt,improve
15453,6,511.1,6,509.00000000000045,2opt,notBad
15454,6,511.1,6,509.00000000000045,2opt,notBad
15455,6,511.1,6,509.00000000000045,swap,notBad
15456,6,511.1,6,509.00000000000045,move,improve
15457,6,511.1,6,509.00000000000045,swap,notBad
15458,6,511.1,6,509.00000000000045,swap,notBad
15459,6,511.1,6,509.00000000000045,2opt,improve
15460,6,511.1,6,509.00000000000045,2opt,notBad
15461,6,511.1,6,509.00000000000045,swap,improve
15462,6,511.1,6,509.00000000000045,move,improve
15463,6,511.1,6,509.00000000000045,move,improve
15464,6,511.1,6,509.00000000000045,move,improve
15465,6,511.1,6,509.00000000000045,swap,notBad
15466,6,511.1,6,509.00000000000045,2opt,notBad
15467,6,511.1,6,509.00000000000045,2opt,improve
15468,6,511.1,6,509.00000000000045,move,improve
15469,6,510.70000000000016,6,509.00000000000045,swap,improve
15470,6,510.70000000000016,6,509.00000000000045,move,improve
15471,6,510.70000000000016,6,509.00000000000045,move,improve
15472,6,510.70000000000016,6,509.00000000000045,swap,improve
15473,6,510.70000000000016,6,509.00000000000045,swap,notBad
15474,6,510.70000000000016,6,509.00000000000045,2opt,notBad
15475,6,510.70000000000016,6,509.00000000000045,move,improve
15476,6,510.70000000000016,6,509.00000000000045,2opt,notBad
15477,6,510.70000000000016,6,509.00000000000045,2opt,improve
15478,6,510.70000000000016,6,509.00000000000045,2opt,notBad
15479,6,510.70000000000016,6,509.00000000000045,swap,notBad
15480,6,510.70000000000016,6,509.00000000000045,move,improve
15481,6,510.70000000000016,6,509.00000000000045,2opt,notBad
15482,6,510.70000000000016,6,509.00000000000045,2opt,notBad
15483,6,510.70000000000016,6,509.00000000000045,swap,notBad
15484,6,510.70000000000016,6,509.00000000000045,2opt,notBad
15485,6,510.70000000000016,6,509.00000000000045,move,improve
15486,6,510.70000000000016,6,509.00000000000045,2opt,notBad
15487,6,510.70000000000016,6,509.00000000000045,move,improve
15488,6,510.70000000000016,6,509.00000000000045,swap,notBad
15489,6,510.70000000000016,6,509.00000000000045,swap,notBad
15490,6,510.70000000000016,6,509.00000000000045,2opt,notBad
15491,6,510.70000000000016,6,509.00000000000045,swap,notBad
15492,6,510.70000000000016,6,509.00000000000045,move,improve
15493,6,510.70000000000016,6,509.00000000000045,swap,notBad
15494,6,510.70000000000016,6,509.00000000000045,swap,notBad
15495,6,510.70000000000016,6,509.00000000000045,move,improve
15496,6,510.70000000000016,6,509.00000000000045,move,improve
15497,6,510.70000000000016,6,509.00000000000045,swap,notBad
15498,6,510.70000000000016,6,509.00000000000045,move,improve
15499,6,510.70000000000016,6,509.00000000000045,swap,notBad
15500,6,510.70000000000016,6,509.00000000000045,move,improve
15501,6,510.70000000000016,6,509.00000000000045,swap,improve
15502,6,510.70000000000016,6,509.00000000000045,swap,notBad
15503,6,510.70000000000016,6,509.00000000000045,2opt,notBad
15504,6,510.70000000000016,6,509.00000000000045,swap,notBad
15505,6,510.70000000000016,6,509.00000000000045,swap,notBad
15506,6,510.70000000000016,6,509.00000000000045,move,improve
15507,6,510.70000000000016,6,509.00000000000045,swap,improve
15508,6,510.70000000000016,6,509.00000000000045,2opt,notBad
15509,6,510.70000000000016,6,509.00000000000045,2opt,notBad
15510,6,510.70000000000016,6,509.00000000000045,move,improve
15511,6,510.70000000000016,6,509.00000000000045,2opt,notBad
15512,6,510.70000000000016,6,509.00000000000045,move,improve
15513,6,510.70000000000016,6,509.00000000000045,move,improve
15514,6,510.70000000000016,6,509.00000000000045,2opt,notBad
15515,6,510.70000000000016,6,509.00000000000045,swap,notBad
15516,6,510.70000000000016,6,509.00000000000045,move,improve
15517,6,510.70000000000016,6,509.00000000000045,swap,notBad
15518,6,510.70000000000016,6,509.00000000000045,move,improve
15519,6,510.70000000000016,6,509.00000000000045,2opt,notBad
15520,6,510.70000000000016,6,509.00000000000045,move,improve
15521,6,510.70000000000016,6,509.00000000000045,move,improve
15522,6,510.70000000000016,6,509.00000000000045,move,improve
15523,6,511.20000000000016,6,509.00000000000045,swap,acceptBad
15524,6,511.20000000000016,6,509.00000000000045,2opt,notBad
15525,6,511.20000000000016,6,509.00000000000045,swap,improve
15526,6,511.20000000000016,6,509.00000000000045,2opt,notBad
15527,6,511.20000000000016,6,509.00000000000045,2opt,notBad
15528,6,511.20000000000016,6,509.00000000000045,2opt,notBad
15529,6,511.20000000000016,6,509.00000000000045,swap,notBad
15530,6,511.20000000000016,6,509.00000000000045,move,improve
15531,6,511.20000000000016,6,509.00000000000045,2opt,notBad
15532,6,511.20000000000016,6,509.00000000000045,move,improve
15533,6,511.20000000000016,6,509.00000000000045,2opt,notBad
15534,6,511.20000000000016,6,509.00000000000045,move,improve
15535,6,511.20000000000016,6,509.00000000000045,swap,improve
15536,6,511.20000000000016,6,509.00000000000045,2opt,improve
15537,6,511.20000000000016,6,509.00000000000045,swap,notBad
15538,6,511.20000000000016,6,509.00000000000045,move,improve
15539,6,511.20000000000016,6,509.00000000000045,swap,notBad
15540,6,511.20000000000016,6,509.00000000000045,swap,notBad
15541,6,511.20000000000016,6,509.00000000000045,swap,notBad
15542,6,511.20000000000016,6,509.00000000000045,2opt,notBad
15543,6,511.20000000000016,6,509.00000000000045,swap,notBad
15544,6,511.20000000000016,6,509.00000000000045,move,improve
15545,6,511.20000000000016,6,509.00000000000045,move,improve
15546,6,511.20000000000016,6,509.00000000000045,move,improve
15547,6,511.20000000000016,6,509.00000000000045,2opt,notBad
15548,6,511.20000000000016,6,509.00000000000045,2opt,notBad
15549,6,511.20000000000016,6,509.00000000000045,2opt,notBad
15550,6,511.20000000000016,6,509.00000000000045,move,improve
15551,6,511.20000000000016,6,509.00000000000045,swap,notBad
15552,6,511.20000000000016,6,509.00000000000045,move,improve
15553,6,511.20000000000016,6,509.00000000000045,2opt,notBad
15554,6,511.20000000000016,6,509.00000000000045,swap,notBad
15555,6,511.20000000000016,6,509.00000000000045,move,improve
15556,6,511.20000000000016,6,509.00000000000045,2opt,notBad
15557,6,511.20000000000016,6,509.00000000000045,swap,notBad
15558,6,511.20000000000016,6,509.00000000000045,swap,notBad
15559,6,511.20000000000016,6,509.00000000000045,2opt,notBad
15560,6,511.20000000000016,6,509.00000000000045,2opt,notBad
15561,6,511.20000000000016,6,509.00000000000045,2opt,improve
15562,6,511.20000000000016,6,509.00000000000045,2opt,improve
15563,6,511.20000000000016,6,509.00000000000045,2opt,improve
15564,6,511.20000000000016,6,509.00000000000045,2opt,notBad
15565,6,511.20000000000016,6,509.00000000000045,2opt,notBad
15566,6,511.20000000000016,6,509.00000000000045,move,improve
15567,6,511.20000000000016,6,509.00000000000045,swap,notBad
15568,6,511.20000000000016,6,509.00000000000045,move,improve
15569,6,511.20000000000016,6,509.00000000000045,swap,notBad
15570,6,511.20000000000016,6,509.00000000000045,2opt,improve
15571,6,511.20000000000016,6,509.00000000000045,2opt,improve
15572,6,511.20000000000016,6,509.00000000000045,move,improve
15573,6,511.20000000000016,6,509.00000000000045,swap,notBad
15574,6,511.20000000000016,6,509.00000000000045,2opt,improve
15575,6,511.20000000000016,6,509.00000000000045,swap,notBad
15576,6,511.20000000000016,6,509.00000000000045,swap,notBad
15577,6,511.20000000000016,6,509.00000000000045,move,improve
15578,6,511.20000000000016,6,509.00000000000045,move,improve
15579,6,511.20000000000016,6,509.00000000000045,move,improve
15580,6,511.20000000000016,6,509.00000000000045,move,improve
15581,6,511.20000000000016,6,509.00000000000045,move,improve
15582,6,511.20000000000016,6,509.00000000000045,move,improve
15583,6,511.20000000000016,6,509.00000000000045,move,improve
15584,6,511.20000000000016,6,509.00000000000045,swap,notBad
15585,6,511.20000000000016,6,509.00000000000045,move,improve
15586,6,511.20000000000016,6,509.00000000000045,move,improve
15587,6,511.20000000000016,6,509.00000000000045,2opt,notBad
15588,6,511.20000000000016,6,509.00000000000045,move,improve
15589,6,511.20000000000016,6,509.00000000000045,2opt,notBad
15590,6,511.20000000000016,6,509.00000000000045,move,improve
15591,6,511.20000000000016,6,509.00000000000045,move,improve
15592,6,511.20000000000016,6,509.00000000000045,swap,notBad
15593,6,511.20000000000016,6,509.00000000000045,swap,notBad
15594,6,511.20000000000016,6,509.00000000000045,move,improve
15595,6,511.20000000000016,6,509.00000000000045,2opt,notBad
15596,6,511.20000000000016,6,509.00000000000045,move,improve
15597,6,511.20000000000016,6,509.00000000000045,move,improve
15598,6,511.20000000000016,6,509.00000000000045,2opt,notBad
15599,6,510.70000000000016,6,509.00000000000045,swap,improve
15600,6,510.70000000000016,6,509.00000000000045,swap,notBad
15601,6,510.70000000000016,6,509.00000000000045,2opt,notBad
15602,6,510.70000000000016,6,509.00000000000045,2opt,improve
15603,6,510.70000000000016,6,509.00000000000045,2opt,notBad
15604,6,510.70000000000016,6,509.00000000000045,swap,improve
15605,6,510.70000000000016,6,509.00000000000045,swap,notBad
15606,6,510.70000000000016,6,509.00000000000045,2opt,notBad
15607,6,510.70000000000016,6,509.00000000000045,2opt,improve
15608,6,510.70000000000016,6,509.00000000000045,swap,notBad
15609,6,510.70000000000016,6,509.00000000000045,swap,notBad
15610,6,510.70000000000016,6,509.00000000000045,move,improve
15611,6,510.70000000000016,6,509.00000000000045,2opt,improve
15612,6,510.70000000000016,6,509.00000000000045,move,improve
15613,6,510.70000000000016,6,509.00000000000045,2opt,notBad
15614,6,510.70000000000016,6,509.00000000000045,move,improve
15615,6,510.70000000000016,6,509.00000000000045,2opt,notBad
15616,6,510.70000000000016,6,509.00000000000045,move,improve
15617,6,510.70000000000016,6,509.00000000000045,swap,improve
15618,6,510.70000000000016,6,509.00000000000045,swap,notBad
15619,6,510.70000000000016,6,509.00000000000045,2opt,improve
15620,6,510.70000000000016,6,509.00000000000045,move,improve
15621,6,511.1,6,509.00000000000045,swap,acceptBad
15622,6,511.1,6,509.00000000000045,2opt,notBad
15623,6,511.1,6,509.00000000000045,swap,notBad
15624,6,511.1,6,509.00000000000045,move,improve
15625,6,511.1,6,509.00000000000045,2opt,notBad
15626,6,511.1,6,509.00000000000045,swap,notBad
15627,6,511.1,6,509.00000000000045,2opt,improve
15628,6,511.1,6,509.00000000000045,2opt,notBad
15629,6,511.1,6,509.00000000000045,2opt,notBad
15630,6,511.1,6,509.00000000000045,2opt,notBad
15631,6,511.1,6,509.00000000000045,move,improve
15632,6,511.1,6,509.00000000000045,2opt,notBad
15633,6,511.1,6,509.00000000000045,2opt,notBad
15634,6,511.1,6,509.00000000000045,move,improve
15635,6,511.1,6,509.00000000000045,2opt,improve
15636,6,511.1,6,509.00000000000045,2opt,notBad
15637,6,511.1,6,509.00000000000045,2opt,improve
15638,6,511.1,6,509.00000000000045,swap,notBad
15639,6,511.1,6,509.00000000000045,2opt,notBad
15640,6,511.1,6,509.00000000000045,move,notBad
15641,6,511.1,6,509.00000000000045,move,improve
15642,6,511.1,6,509.00000000000045,move,improve
15643,6,511.1,6,509.00000000000045,2opt,notBad
15644,6,511.1,6,509.00000000000045,move,improve
15645,6,511.1,6,509.00000000000045,swap,improve
15646,6,511.1,6,509.00000000000045,2opt,improve
15647,6,511.1,6,509.00000000000045,2opt,notBad
15648,6,511.1,6,509.00000000000045,2opt,improve
15649,6,511.1,6,509.00000000000045,move,improve
15650,6,511.1,6,509.00000000000045,swap,notBad
15651,6,511.1,6,509.00000000000045,2opt,improve
15652,6,511.1,6,509.00000000000045,2opt,notBad
15653,6,511.1,6,509.00000000000045,2opt,notBad
15654,6,511.1,6,509.00000000000045,move,improve
15655,6,511.1,6,509.00000000000045,move,improve
15656,6,511.1,6,509.00000000000045,2opt,improve
15657,6,511.1,6,509.00000000000045,swap,notBad
15658,6,511.1,6,509.00000000000045,swap,notBad
15659,6,511.1,6,509.00000000000045,2opt,notBad
15660,6,511.1,6,509.00000000000045,swap,notBad
15661,6,511.1,6,509.00000000000045,move,improve
15662,6,511.1,6,509.00000000000045,swap,improve
15663,6,511.1,6,509.00000000000045,swap,notBad
15664,6,511.1,6,509.00000000000045,move,improve
15665,6,510.80000000000007,6,509.00000000000045,swap,improve
15666,6,510.80000000000007,6,509.00000000000045,2opt,notBad
15667,6,510.80000000000007,6,509.00000000000045,swap,improve
15668,6,510.80000000000007,6,509.00000000000045,swap,notBad
15669,6,510.80000000000007,6,509.00000000000045,2opt,notBad
15670,6,510.80000000000007,6,509.00000000000045,2opt,notBad
15671,6,510.80000000000007,6,509.00000000000045,move,improve
15672,6,510.80000000000007,6,509.00000000000045,move,improve
15673,6,510.80000000000007,6,509.00000000000045,move,improve
15674,6,510.80000000000007,6,509.00000000000045,move,improve
15675,6,511.1,6,509.00000000000045,swap,acceptBad
15676,6,511.1,6,509.00000000000045,2opt,notBad
15677,6,511.1,6,509.00000000000045,move,improve
15678,6,511.1,6,509.00000000000045,swap,improve
15679,6,511.1,6,509.00000000000045,swap,notBad
15680,6,511.1,6,509.00000000000045,swap,notBad
15681,6,511.1,6,509.00000000000045,2opt,notBad
15682,6,511.1,6,509.00000000000045,2opt,notBad
15683,6,511.1,6,509.00000000000045,swap,improve
15684,6,511.1,6,509.00000000000045,2opt,notBad
15685,6,511.1,6,509.00000000000045,swap,notBad
15686,6,511.1,6,509.00000000000045,move,improve
15687,6,511.1,6,509.00000000000045,2opt,notBad
15688,6,511.1,6,509.00000000000045,2opt,notBad
15689,6,511.1,6,509.00000000000045,2opt,notBad
15690,6,511.1,6,509.00000000000045,swap,notBad
15691,6,511.1,6,509.00000000000045,swap,notBad
15692,6,511.1,6,509.00000000000045,2opt,improve
15693,6,511.1,6,509.00000000000045,swap,notBad
15694,6,511.1,6,509.00000000000045,move,improve
15695,6,511.1,6,509.00000000000045,2opt,notBad
15696,6,511.1,6,509.00000000000045,move,improve
15697,6,511.1,6,509.00000000000045,move,improve
15698,6,511.1,6,509.00000000000045,swap,improve
15699,6,511.1,6,509.00000000000045,swap,notBad
15700,6,511.1,6,509.00000000000045,swap,improve
15701,6,511.1,6,509.00000000000045,swap,notBad
15702,6,511.1,6,509.00000000000045,swap,notBad
15703,6,511.1,6,509.00000000000045,swap,notBad
15704,6,511.1,6,509.00000000000045,move,improve
15705,6,511.1,6,509.00000000000045,swap,notBad
15706,6,511.1,6,509.00000000000045,2opt,improve
15707,6,511.1,6,509.00000000000045,swap,notBad
15708,6,511.1,6,509.00000000000045,swap,notBad
15709,6,511.1,6,509.00000000000045,2opt,notBad
15710,6,511.1,6,509.00000000000045,swap,notBad
15711,6,511.1,6,509.00000000000045,2opt,notBad
15712,6,511.1,6,509.00000000000045,move,notBad
15713,6,511.1,6,509.00000000000045,swap,notBad
15714,6,511.1,6,509.00000000000045,swap,notBad
15715,6,511.1,6,509.00000000000045,swap,notBad
15716,6,511.1,6,509.00000000000045,swap,notBad
15717,6,511.1,6,509.00000000000045,move,improve
15718,6,511.1,6,509.00000000000045,swap,notBad
15719,6,511.1,6,509.00000000000045,swap,notBad
15720,6,511.1,6,509.00000000000045,swap,notBad
15721,6,511.1,6,509.00000000000045,swap,notBad
15722,6,511.1,6,509.00000000000045,swap,notBad
15723,6,511.1,6,509.00000000000045,2opt,notBad
15724,6,511.1,6,509.00000000000045,move,improve
15725,6,511.1,6,509.00000000000045,move,improve
15726,6,511.1,6,509.00000000000045,2opt,notBad
15727,6,511.1,6,509.00000000000045,2opt,notBad
15728,6,511.1,6,509.00000000000045,move,improve
15729,6,511.1,6,509.00000000000045,swap,notBad
15730,6,511.1,6,509.00000000000045,swap,notBad
15731,6,511.1,6,509.00000000000045,2opt,notBad
15732,6,511.1,6,509.00000000000045,swap,notBad
15733,6,511.1,6,509.00000000000045,2opt,improve
15734,6,511.1,6,509.00000000000045,2opt,notBad
15735,6,511.1,6,509.00000000000045,2opt,notBad
15736,6,511.1,6,509.00000000000045,swap,improve
15737,6,511.1,6,509.00000000000045,swap,notBad
15738,6,511.1,6,509.00000000000045,move,improve
15739,6,511.1,6,509.00000000000045,swap,notBad
15740,6,511.1,6,509.00000000000045,move,improve
15741,6,511.1,6,509.00000000000045,move,improve
15742,6,511.1,6,509.00000000000045,move,improve
15743,6,510.70000000000016,6,509.00000000000045,swap,improve
15744,6,510.70000000000016,6,509.00000000000045,swap,notBad
15745,6,510.70000000000016,6,509.00000000000045,2opt,notBad
15746,6,510.70000000000016,6,509.00000000000045,swap,notBad
15747,6,510.70000000000016,6,509.00000000000045,swap,notBad
15748,6,510.70000000000016,6,509.00000000000045,swap,notBad
15749,6,510.70000000000016,6,509.00000000000045,swap,notBad
15750,6,510.70000000000016,6,509.00000000000045,move,improve
15751,6,510.70000000000016,6,509.00000000000045,swap,notBad
15752,6,510.70000000000016,6,509.00000000000045,swap,notBad
15753,6,510.70000000000016,6,509.00000000000045,swap,notBad
15754,6,510.70000000000016,6,509.00000000000045,swap,notBad
15755,6,510.70000000000016,6,509.00000000000045,move,improve
15756,6,510.70000000000016,6,509.00000000000045,swap,notBad
15757,6,510.70000000000016,6,509.00000000000045,2opt,improve
15758,6,510.70000000000016,6,509.00000000000045,2opt,notBad
15759,6,510.70000000000016,6,509.00000000000045,swap,notBad
15760,6,510.70000000000016,6,509.00000000000045,2opt,improve
15761,6,510.70000000000016,6,509.00000000000045,2opt,notBad
15762,6,510.70000000000016,6,509.00000000000045,2opt,improve
15763,6,510.70000000000016,6,509.00000000000045,move,improve
15764,6,510.70000000000016,6,509.00000000000045,move,improve
15765,6,510.70000000000016,6,509.00000000000045,2opt,notBad
15766,6,510.70000000000016,6,509.00000000000045,2opt,notBad
15767,6,510.70000000000016,6,509.00000000000045,move,improve
15768,6,510.70000000000016,6,509.00000000000045,2opt,notBad
15769,6,510.70000000000016,6,509.00000000000045,2opt,notBad
15770,6,510.70000000000016,6,509.00000000000045,swap,notBad
15771,6,510.70000000000016,6,509.00000000000045,move,improve
15772,6,510.70000000000016,6,509.00000000000045,swap,notBad
15773,6,510.70000000000016,6,509.00000000000045,swap,notBad
15774,6,510.70000000000016,6,509.00000000000045,move,improve
15775,6,510.70000000000016,6,509.00000000000045,2opt,improve
15776,6,510.70000000000016,6,509.00000000000045,2opt,improve
15777,6,510.70000000000016,6,509.00000000000045,move,improve
15778,6,510.70000000000016,6,509.00000000000045,2opt,improve
15779,6,510.70000000000016,6,509.00000000000045,2opt,improve
15780,6,510.70000000000016,6,509.00000000000045,2opt,notBad
15781,6,510.70000000000016,6,509.00000000000045,2opt,notBad
15782,6,510.70000000000016,6,509.00000000000045,swap,notBad
15783,6,510.70000000000016,6,509.00000000000045,move,improve
15784,6,510.70000000000016,6,509.00000000000045,move,improve
15785,6,510.70000000000016,6,509.00000000000045,move,improve
15786,6,510.70000000000016,6,509.00000000000045,move,improve
15787,6,510.70000000000016,6,509.00000000000045,move,improve
15788,6,510.70000000000016,6,509.00000000000045,2opt,notBad
15789,6,510.70000000000016,6,509.00000000000045,move,improve
15790,6,510.70000000000016,6,509.00000000000045,2opt,notBad
15791,6,510.70000000000016,6,509.00000000000045,2opt,notBad
15792,6,510.70000000000016,6,509.00000000000045,2opt,notBad
15793,6,510.70000000000016,6,509.00000000000045,swap,notBad
15794,6,510.70000000000016,6,509.00000000000045,swap,notBad
15795,6,511.19999999999993,6,509.00000000000045,swap,acceptBad
15796,6,511.19999999999993,6,509.00000000000045,2opt,notBad
15797,6,511.6,6,509.00000000000045,swap,acceptBad
15798,6,511.6,6,509.00000000000045,swap,notBad
15799,6,511.6,6,509.00000000000045,move,improve
15800,6,511.6,6,509.00000000000045,move,improve
15801,6,511.6,6,509.00000000000045,swap,notBad
15802,6,511.6,6,509.00000000000045,2opt,notBad
15803,6,511.6,6,509.00000000000045,2opt,notBad
15804,6,511.6,6,509.00000000000045,swap,notBad
15805,6,511.6,6,509.00000000000045,swap,notBad
15806,6,511.6,6,509.00000000000045,swap,notBad
15807,6,511.6,6,509.00000000000045,2opt,notBad
15808,6,511.6,6,509.00000000000045,move,improve
15809,6,511.6,6,509.00000000000045,2opt,notBad
15810,6,511.6,6,509.00000000000045,move,improve
15811,6,511.6,6,509.00000000000045,move,improve
15812,6,511.6,6,509.00000000000045,swap,notBad
15813,6,511.6,6,509.00000000000045,swap,notBad
15814,6,511.6,6,509.00000000000045,move,notBad
15815,6,511.6,6,509.00000000000045,move,improve
15816,6,511.6,6,509.00000000000045,2opt,improve
15817,6,511.6,6,509.00000000000045,swap,notBad
15818,6,511.6,6,509.00000000000045,2opt,notBad
15819,6,511.6,6,509.00000000000045,2opt,improve
15820,6,511.6,6,509.00000000000045,move,improve
15821,6,511.6,6,509.00000000000045,move,improve
15822,6,511.6,6,509.00000000000045,swap,notBad
15823,6,511.6,6,509.00000000000045,swap,notBad
15824,6,511.6,6,509.00000000000045,2opt,notBad
15825,6,511.6,6,509.00000000000045,2opt,notBad
15826,6,511.6,6,509.00000000000045,2opt,notBad
15827,6,511.6,6,509.00000000000045,move,improve
15828,6,511.6,6,509.00000000000045,move,improve
15829,6,511.6,6,509.00000000000045,2opt,improve
15830,6,511.6,6,509.00000000000045,swap,notBad
15831,6,511.6,6,509.00000000000045,move,improve
15832,6,511.6,6,509.00000000000045,2opt,notBad
15833,6,511.6,6,509.00000000000045,swap,notBad
15834,6,511.6,6,509.00000000000045,swap,notBad
15835,6,511.6,6,509.00000000000045,swap,notBad
15836,6,511.6,6,509.00000000000045,swap,notBad
15837,6,511.6,6,509.00000000000045,swap,improve
15838,6,511.6,6,509.00000000000045,move,improve
15839,6,511.6,6,509.00000000000045,2opt,notBad
15840,6,511.6,6,509.00000000000045,swap,notBad
15841,6,511.6,6,509.00000000000045,swap,improve
15842,6,511.6,6,509.00000000000045,2opt,notBad
15843,6,511.6,6,509.00000000000045,move,improve
15844,6,511.6,6,509.00000000000045,2opt,notBad
15845,6,511.6,6,509.00000000000045,swap,notBad
15846,6,511.6,6,509.00000000000045,move,improve
15847,6,511.6,6,509.00000000000045,move,improve
15848,6,511.6,6,509.00000000000045,swap,notBad
15849,6,511.6,6,509.00000000000045,swap,notBad
15850,6,511.9000000000002,6,509.00000000000045,swap,acceptBad
15851,6,511.9000000000002,6,509.00000000000045,swap,improve
15852,6,511.9000000000002,6,509.00000000000045,swap,notBad
15853,6,511.9000000000002,6,509.00000000000045,2opt,notBad
15854,6,511.9000000000002,6,509.00000000000045,swap,notBad
15855,6,511.9000000000002,6,509.00000000000045,2opt,notBad
15856,6,511.9000000000002,6,509.00000000000045,move,improve
15857,6,511.9000000000002,6,509.00000000000045,swap,improve
15858,6,511.9000000000002,6,509.00000000000045,swap,improve
15859,6,511.9000000000002,6,509.00000000000045,move,improve
15860,6,511.9000000000002,6,509.00000000000045,2opt,improve
15861,6,511.9000000000002,6,509.00000000000045,move,improve
15862,6,511.9000000000002,6,509.00000000000045,swap,notBad
15863,6,511.9000000000002,6,509.00000000000045,move,improve
15864,6,511.9000000000002,6,509.00000000000045,swap,notBad
15865,6,511.9000000000002,6,509.00000000000045,2opt,notBad
15866,6,511.9000000000002,6,509.00000000000045,move,improve
15867,6,511.9000000000002,6,509.00000000000045,move,improve
15868,6,511.9000000000002,6,509.00000000000045,move,notBad
15869,6,511.9000000000002,6,509.00000000000045,move,improve
15870,6,511.9000000000002,6,509.00000000000045,swap,notBad
15871,6,511.9000000000002,6,509.00000000000045,2opt,notBad
15872,6,511.9000000000002,6,509.00000000000045,move,improve
15873,6,511.9000000000002,6,509.00000000000045,2opt,notBad
15874,6,511.9000000000002,6,509.00000000000045,2opt,notBad
15875,6,511.9000000000002,6,509.00000000000045,2opt,improve
15876,6,511.9000000000002,6,509.00000000000045,move,improve
15877,6,511.9000000000002,6,509.00000000000045,2opt,notBad
15878,6,511.9000000000002,6,509.00000000000045,2opt,improve
15879,6,511.9000000000002,6,509.00000000000045,move,improve
15880,6,511.9000000000002,6,509.00000000000045,2opt,notBad
15881,6,511.9000000000002,6,509.00000000000045,move,improve
15882,6,511.9000000000002,6,509.00000000000045,move,improve
15883,6,511.9000000000002,6,509.00000000000045,2opt,notBad
15884,6,511.9000000000002,6,509.00000000000045,2opt,notBad
15885,6,511.9000000000002,6,509.00000000000045,2opt,improve
15886,6,511.9000000000002,6,509.00000000000045,move,improve
15887,6,511.9000000000002,6,509.00000000000045,move,improve
15888,6,511.9000000000002,6,509.00000000000045,move,improve
15889,6,511.9000000000002,6,509.00000000000045,swap,notBad
15890,6,511.9000000000002,6,509.00000000000045,swap,notBad
15891,6,511.9000000000002,6,509.00000000000045,move,improve
15892,6,511.9000000000002,6,509.00000000000045,2opt,notBad
15893,6,511.9000000000002,6,509.00000000000045,2opt,notBad
15894,6,511.9000000000002,6,509.00000000000045,swap,notBad
15895,6,511.9000000000002,6,509.00000000000045,move,improve
15896,6,511.9000000000002,6,509.00000000000045,2opt,notBad
15897,6,511.9000000000002,6,509.00000000000045,move,improve
15898,6,511.9000000000002,6,509.00000000000045,move,improve
15899,6,511.9000000000002,6,509.00000000000045,move,improve
15900,6,511.9000000000002,6,509.00000000000045,2opt,notBad
15901,6,511.9000000000002,6,509.00000000000045,swap,notBad
15902,6,511.9000000000002,6,509.00000000000045,swap,notBad
15903,6,511.9000000000002,6,509.00000000000045,move,improve
15904,6,511.9000000000002,6,509.00000000000045,swap,notBad
15905,6,511.9000000000002,6,509.00000000000045,2opt,notBad
15906,6,511.9000000000002,6,509.00000000000045,move,improve
15907,6,511.9000000000002,6,509.00000000000045,2opt,notBad
15908,6,511.9000000000002,6,509.00000000000045,2opt,improve
15909,6,511.9000000000002,6,509.00000000000045,2opt,improve
15910,6,511.9000000000002,6,509.00000000000045,move,improve
15911,6,511.9000000000002,6,509.00000000000045,move,improve
15912,6,511.9000000000002,6,509.00000000000045,move,improve
15913,6,511.9000000000002,6,509.00000000000045,move,improve
15914,6,511.9000000000002,6,509.00000000000045,swap,notBad
15915,6,511.9000000000002,6,509.00000000000045,2opt,notBad
15916,6,511.9000000000002,6,509.00000000000045,2opt,notBad
15917,6,511.9000000000002,6,509.00000000000045,swap,improve
15918,6,511.9000000000002,6,509.00000000000045,2opt,notBad
15919,6,511.9000000000002,6,509.00000000000045,2opt,notBad
15920,6,511.9000000000002,6,509.00000000000045,2opt,notBad
15921,6,510.60000000000025,6,509.00000000000045,swap,improve
15922,6,510.60000000000025,6,509.00000000000045,swap,notBad
15923,6,510.60000000000025,6,509.00000000000045,swap,notBad
15924,6,510.60000000000025,6,509.00000000000045,swap,notBad
15925,6,510.60000000000025,6,509.00000000000045,swap,notBad
15926,6,510.60000000000025,6,509.00000000000045,move,improve
15927,6,510.60000000000025,6,509.00000000000045,swap,notBad
15928,6,510.60000000000025,6,509.00000000000045,swap,notBad
15929,6,510.60000000000025,6,509.00000000000045,swap,notBad
15930,6,510.60000000000025,6,509.00000000000045,move,improve
15931,6,510.60000000000025,6,509.00000000000045,move,improve
15932,6,510.60000000000025,6,509.00000000000045,swap,notBad
15933,6,510.60000000000025,6,509.00000000000045,move,improve
15934,6,510.60000000000025,6,509.00000000000045,move,improve
15935,6,510.60000000000025,6,509.00000000000045,move,improve
15936,6,510.60000000000025,6,509.00000000000045,move,improve
15937,6,510.60000000000025,6,509.00000000000045,move,improve
15938,6,510.60000000000025,6,509.00000000000045,swap,notBad
15939,6,510.60000000000025,6,509.00000000000045,2opt,notBad
15940,6,510.60000000000025,6,509.00000000000045,2opt,notBad
15941,6,510.60000000000025,6,509.00000000000045,move,improve
15942,6,510.60000000000025,6,509.00000000000045,2opt,notBad
15943,6,510.60000000000025,6,509.00000000000045,swap,improve
15944,6,510.60000000000025,6,509.00000000000045,swap,notBad
15945,6,510.60000000000025,6,509.00000000000045,2opt,improve
15946,6,510.60000000000025,6,509.00000000000045,move,improve
15947,6,510.60000000000025,6,509.00000000000045,move,improve
15948,6,510.60000000000025,6,509.00000000000045,2opt,notBad
15949,6,510.60000000000025,6,509.00000000000045,swap,notBad
15950,6,510.60000000000025,6,509.00000000000045,2opt,improve
15951,6,510.60000000000025,6,509.00000000000045,move,improve
15952,6,510.60000000000025,6,509.00000000000045,move,improve
15953,6,510.60000000000025,6,509.00000000000045,swap,notBad
15954,6,510.60000000000025,6,509.00000000000045,2opt,notBad
15955,6,510.60000000000025,6,509.00000000000045,swap,notBad
15956,6,510.60000000000025,6,509.00000000000045,swap,notBad
15957,6,510.60000000000025,6,509.00000000000045,swap,notBad
15958,6,511.0000000000001,6,509.00000000000045,swap,acceptBad
15959,6,511.0000000000001,6,509.00000000000045,swap,notBad
15960,6,511.0000000000001,6,509.00000000000045,swap,notBad
15961,6,511.0000000000001,6,509.00000000000045,swap,notBad
15962,6,511.0000000000001,6,509.00000000000045,move,improve
15963,6,511.0000000000001,6,509.00000000000045,move,improve
15964,6,511.0000000000001,6,509.00000000000045,swap,notBad
15965,6,511.0000000000001,6,509.00000000000045,2opt,improve
15966,6,511.0000000000001,6,509.00000000000045,move,improve
15967,6,511.0000000000001,6,509.00000000000045,move,improve
15968,6,511.0000000000001,6,509.00000000000045,move,improve
15969,6,511.0000000000001,6,509.00000000000045,2opt,notBad
15970,6,511.0000000000001,6,509.00000000000045,move,improve
15971,6,511.0000000000001,6,509.00000000000045,swap,notBad
15972,6,511.0000000000001,6,509.00000000000045,move,improve
15973,6,511.0000000000001,6,509.00000000000045,move,improve
15974,6,511.0000000000001,6,509.00000000000045,swap,notBad
15975,6,511.0000000000001,6,509.00000000000045,swap,notBad
15976,6,511.0000000000001,6,509.00000000000045,swap,notBad
15977,6,511.0000000000001,6,509.00000000000045,2opt,notBad
15978,6,511.0000000000001,6,509.00000000000045,swap,notBad
15979,6,511.0000000000001,6,509.00000000000045,2opt,notBad
15980,6,511.0000000000001,6,509.00000000000045,swap,notBad
15981,6,511.0000000000001,6,509.00000000000045,swap,notBad
15982,6,511.0000000000001,6,509.00000000000045,2opt,notBad
15983,6,511.0000000000001,6,509.00000000000045,move,improve
15984,6,511.0000000000001,6,509.00000000000045,2opt,notBad
15985,6,511.0000000000001,6,509.00000000000045,move,improve
15986,6,511.0000000000001,6,509.00000000000045,swap,notBad
15987,6,511.0000000000001,6,509.00000000000045,2opt,improve
15988,6,511.0000000000001,6,509.00000000000045,swap,notBad
15989,6,511.0000000000001,6,509.00000000000045,2opt,notBad
15990,6,511.0000000000001,6,509.00000000000045,swap,notBad
15991,6,511.0000000000001,6,509.00000000000045,move,improve
15992,6,511.0000000000001,6,509.00000000000045,swap,improve
15993,6,511.0000000000001,6,509.00000000000045,move,improve
15994,6,511.0000000000001,6,509.00000000000045,2opt,notBad
15995,6,511.0000000000001,6,509.00000000000045,2opt,improve
15996,6,511.0000000000001,6,509.00000000000045,swap,improve
15997,6,511.0000000000001,6,509.00000000000045,2opt,notBad
15998,6,511.0000000000001,6,509.00000000000045,2opt,notBad
15999,6,511.0000000000001,6,509.00000000000045,2opt,improve
16000,6,511.0000000000001,6,509.00000000000045,2opt,notBad
16001,6,511.0000000000001,6,509.00000000000045,2opt,notBad
16002,6,511.0000000000001,6,509.00000000000045,2opt,improve
16003,6,511.0000000000001,6,509.00000000000045,move,improve
16004,6,511.0000000000001,6,509.00000000000045,2opt,notBad
16005,6,511.0000000000001,6,509.00000000000045,2opt,notBad
16006,6,511.0000000000001,6,509.00000000000045,move,improve
16007,6,511.0000000000001,6,509.00000000000045,2opt,notBad
16008,6,511.0000000000001,6,509.00000000000045,move,improve
16009,6,511.0000000000001,6,509.00000000000045,2opt,notBad
16010,6,511.0000000000001,6,509.00000000000045,swap,notBad
16011,6,511.0000000000001,6,509.00000000000045,swap,notBad
16012,6,511.0000000000001,6,509.00000000000045,swap,improve
16013,6,511.0000000000001,6,509.00000000000045,move,improve
16014,6,511.0000000000001,6,509.00000000000045,swap,notBad
16015,6,511.0000000000001,6,509.00000000000045,move,improve
16016,6,511.0000000000001,6,509.00000000000045,move,improve
16017,6,511.0000000000001,6,509.00000000000045,2opt,improve
16018,6,511.0000000000001,6,509.00000000000045,swap,improve
16019,6,511.0000000000001,6,509.00000000000045,swap,notBad
16020,6,511.0000000000001,6,509.00000000000045,2opt,improve
16021,6,511.0000000000001,6,509.00000000000045,2opt,notBad
16022,6,511.0000000000001,6,509.00000000000045,2opt,notBad
16023,6,511.0000000000001,6,509.00000000000045,move,improve
16024,6,511.0000000000001,6,509.00000000000045,swap,notBad
16025,6,511.0000000000001,6,509.00000000000045,swap,notBad
16026,6,511.0000000000001,6,509.00000000000045,move,improve
16027,6,511.0000000000001,6,509.00000000000045,2opt,notBad
16028,6,511.0000000000001,6,509.00000000000045,2opt,notBad
16029,6,511.0000000000001,6,509.00000000000045,2opt,improve
16030,6,511.0000000000001,6,509.00000000000045,swap,improve
16031,6,511.0000000000001,6,509.00000000000045,move,improve
16032,6,511.0000000000001,6,509.00000000000045,move,improve
16033,6,511.0000000000001,6,509.00000000000045,move,improve
16034,6,511.0000000000001,6,509.00000000000045,2opt,notBad
16035,6,511.0000000000001,6,509.00000000000045,move,improve
16036,6,511.0000000000001,6,509.00000000000045,swap,notBad
16037,6,511.0000000000001,6,509.00000000000045,2opt,notBad
16038,6,511.0000000000001,6,509.00000000000045,2opt,notBad
16039,6,511.0000000000001,6,509.00000000000045,2opt,notBad
16040,6,511.0000000000001,6,509.00000000000045,move,improve
16041,6,511.0000000000001,6,509.00000000000045,move,improve
16042,6,511.0000000000001,6,509.00000000000045,move,improve
16043,6,511.0000000000001,6,509.00000000000045,swap,notBad
16044,6,511.0000000000001,6,509.00000000000045,swap,notBad
16045,6,511.0000000000001,6,509.00000000000045,2opt,notBad
16046,6,511.0000000000001,6,509.00000000000045,move,improve
16047,6,511.0000000000001,6,509.00000000000045,move,improve
16048,6,511.0000000000001,6,509.00000000000045,swap,notBad
16049,6,511.0000000000001,6,509.00000000000045,2opt,improve
16050,6,511.0000000000001,6,509.00000000000045,2opt,notBad
16051,6,511.0000000000001,6,509.00000000000045,2opt,notBad
16052,6,511.0000000000001,6,509.00000000000045,swap,notBad
16053,6,511.0000000000001,6,509.00000000000045,swap,improve
16054,6,511.0000000000001,6,509.00000000000045,swap,improve
16055,6,511.0000000000001,6,509.00000000000045,swap,notBad
16056,6,511.0000000000001,6,509.00000000000045,swap,improve
16057,6,511.0000000000001,6,509.00000000000045,move,improve
16058,6,511.0000000000001,6,509.00000000000045,swap,notBad
16059,6,511.0000000000001,6,509.00000000000045,move,improve
16060,6,511.0000000000001,6,509.00000000000045,swap,notBad
16061,6,511.0000000000001,6,509.00000000000045,2opt,notBad
16062,6,511.0000000000001,6,509.00000000000045,swap,notBad
16063,6,511.0000000000001,6,509.00000000000045,2opt,notBad
16064,6,511.0000000000001,6,509.00000000000045,2opt,notBad
16065,6,511.0000000000001,6,509.00000000000045,swap,notBad
16066,6,511.0000000000001,6,509.00000000000045,swap,notBad
16067,6,511.0000000000001,6,509.00000000000045,2opt,notBad
16068,6,511.0000000000001,6,509.00000000000045,swap,notBad
16069,6,511.0000000000001,6,509.00000000000045,swap,improve
16070,6,511.0000000000001,6,509.00000000000045,swap,notBad
16071,6,511.0000000000001,6,509.00000000000045,swap,notBad
16072,6,511.0000000000001,6,509.00000000000045,2opt,notBad
16073,6,511.0000000000001,6,509.00000000000045,2opt,improve
16074,6,511.0000000000001,6,509.00000000000045,2opt,notBad
16075,6,511.0000000000001,6,509.00000000000045,move,improve
16076,6,511.0000000000001,6,509.00000000000045,swap,notBad
16077,6,511.0000000000001,6,509.00000000000045,swap,notBad
16078,6,511.0000000000001,6,509.00000000000045,swap,improve
16079,6,511.0000000000001,6,509.00000000000045,swap,notBad
16080,6,511.0000000000001,6,509.00000000000045,swap,notBad
16081,6,511.0000000000001,6,509.00000000000045,2opt,improve
16082,6,511.0000000000001,6,509.00000000000045,2opt,notBad
16083,6,511.0000000000001,6,509.00000000000045,swap,notBad
16084,6,511.0000000000001,6,509.00000000000045,2opt,notBad
16085,6,511.0000000000001,6,509.00000000000045,move,improve
16086,6,511.0000000000001,6,509.00000000000045,move,improve
16087,6,511.0000000000001,6,509.00000000000045,swap,notBad
16088,6,511.0000000000001,6,509.00000000000045,move,improve
16089,6,511.0000000000001,6,509.00000000000045,swap,notBad
16090,6,511.0000000000001,6,509.00000000000045,2opt,improve
16091,6,511.0000000000001,6,509.00000000000045,swap,notBad
16092,6,511.0000000000001,6,509.00000000000045,2opt,notBad
16093,6,511.0000000000001,6,509.00000000000045,move,improve
16094,6,511.0000000000001,6,509.00000000000045,move,improve
16095,6,511.0000000000001,6,509.00000000000045,move,improve
16096,6,511.0000000000001,6,509.00000000000045,move,improve
16097,6,511.0000000000001,6,509.00000000000045,move,improve
16098,6,511.0000000000001,6,509.00000000000045,swap,notBad
16099,6,511.0000000000001,6,509.00000000000045,move,improve
16100,6,511.0000000000001,6,509.00000000000045,2opt,improve
16101,6,511.0000000000001,6,509.00000000000045,swap,notBad
16102,6,511.0000000000001,6,509.00000000000045,2opt,notBad
16103,6,511.0000000000001,6,509.00000000000045,move,notBad
16104,6,511.0000000000001,6,509.00000000000045,swap,notBad
16105,6,511.0000000000001,6,509.00000000000045,move,improve
16106,6,511.0000000000001,6,509.00000000000045,2opt,notBad
16107,6,511.0000000000001,6,509.00000000000045,move,improve
16108,6,511.0000000000001,6,509.00000000000045,2opt,notBad
16109,6,511.0000000000001,6,509.00000000000045,swap,notBad
16110,6,511.0000000000001,6,509.00000000000045,move,improve
16111,6,511.0000000000001,6,509.00000000000045,move,improve
16112,6,511.0000000000001,6,509.00000000000045,swap,improve
16113,6,511.0000000000001,6,509.00000000000045,move,improve
16114,6,511.0000000000001,6,509.00000000000045,move,improve
16115,6,511.0000000000001,6,509.00000000000045,swap,notBad
16116,6,511.0000000000001,6,509.00000000000045,2opt,notBad
16117,6,511.0000000000001,6,509.00000000000045,2opt,notBad
16118,6,511.0000000000001,6,509.00000000000045,swap,notBad
16119,6,511.0000000000001,6,509.00000000000045,2opt,notBad
16120,6,511.0000000000001,6,509.00000000000045,swap,notBad
16121,6,511.0000000000001,6,509.00000000000045,2opt,improve
16122,6,511.0000000000001,6,509.00000000000045,2opt,notBad
16123,6,511.0000000000001,6,509.00000000000045,move,improve
16124,6,511.0000000000001,6,509.00000000000045,2opt,notBad
16125,6,511.0000000000001,6,509.00000000000045,2opt,improve
16126,6,511.0000000000001,6,509.00000000000045,move,improve
16127,6,511.0000000000001,6,509.00000000000045,move,improve
16128,6,511.0000000000001,6,509.00000000000045,swap,notBad
16129,6,511.0000000000001,6,509.00000000000045,2opt,notBad
16130,6,511.0000000000001,6,509.00000000000045,swap,notBad
16131,6,511.0000000000001,6,509.00000000000045,move,improve
16132,6,511.0000000000001,6,509.00000000000045,swap,notBad
16133,6,511.0000000000001,6,509.00000000000045,2opt,improve
16134,6,511.0000000000001,6,509.00000000000045,swap,notBad
16135,6,511.0000000000001,6,509.00000000000045,2opt,improve
16136,6,511.0000000000001,6,509.00000000000045,2opt,notBad
16137,6,511.0000000000001,6,509.00000000000045,swap,notBad
16138,6,511.0000000000001,6,509.00000000000045,2opt,notBad
16139,6,511.0000000000001,6,509.00000000000045,move,improve
16140,6,511.0000000000001,6,509.00000000000045,2opt,notBad
16141,6,511.0000000000001,6,509.00000000000045,2opt,notBad
16142,6,511.0000000000001,6,509.00000000000045,2opt,improve
16143,6,511.0000000000001,6,509.00000000000045,2opt,improve
16144,6,511.0000000000001,6,509.00000000000045,2opt,improve
16145,6,511.0000000000001,6,509.00000000000045,2opt,notBad
16146,6,511.0000000000001,6,509.00000000000045,move,notBad
16147,6,511.0000000000001,6,509.00000000000045,move,improve
16148,6,511.0000000000001,6,509.00000000000045,swap,notBad
16149,6,511.0000000000001,6,509.00000000000045,move,improve
16150,6,511.0000000000001,6,509.00000000000045,move,improve
16151,6,511.0000000000001,6,509.00000000000045,2opt,notBad
16152,6,511.0000000000001,6,509.00000000000045,2opt,notBad
16153,6,511.0000000000001,6,509.00000000000045,swap,notBad
16154,6,511.0000000000001,6,509.00000000000045,move,improve
16155,6,511.0000000000001,6,509.00000000000045,move,improve
16156,6,511.0000000000001,6,509.00000000000045,swap,improve
16157,6,511.0000000000001,6,509.00000000000045,2opt,improve
16158,6,511.0000000000001,6,509.00000000000045,move,improve
16159,6,511.0000000000001,6,509.00000000000045,swap,notBad
16160,6,511.0000000000001,6,509.00000000000045,move,improve
16161,6,511.0000000000001,6,509.00000000000045,2opt,notBad
16162,6,511.0000000000001,6,509.00000000000045,move,improve
16163,6,511.0000000000001,6,509.00000000000045,move,improve
16164,6,511.0000000000001,6,509.00000000000045,swap,notBad
16165,6,511.0000000000001,6,509.00000000000045,move,improve
16166,6,511.0000000000001,6,509.00000000000045,2opt,notBad
16167,6,511.0000000000001,6,509.00000000000045,move,improve
16168,6,511.0000000000001,6,509.00000000000045,swap,notBad
16169,6,511.0000000000001,6,509.00000000000045,2opt,notBad
16170,6,511.0000000000001,6,509.00000000000045,2opt,improve
16171,6,511.0000000000001,6,509.00000000000045,2opt,notBad
16172,6,511.0000000000001,6,509.00000000000045,swap,notBad
16173,6,511.0000000000001,6,509.00000000000045,swap,notBad
16174,6,511.0000000000001,6,509.00000000000045,move,improve
16175,6,511.0000000000001,6,509.00000000000045,swap,notBad
16176,6,511.0000000000001,6,509.00000000000045,move,improve
16177,6,511.0000000000001,6,509.00000000000045,2opt,notBad
16178,6,511.0000000000001,6,509.00000000000045,swap,notBad
16179,6,511.0000000000001,6,509.00000000000045,move,improve
16180,6,511.0000000000001,6,509.00000000000045,swap,notBad
16181,6,511.0000000000001,6,509.00000000000045,2opt,notBad
16182,6,511.0000000000001,6,509.00000000000045,swap,notBad
16183,6,511.0000000000001,6,509.00000000000045,swap,notBad
16184,6,511.0000000000001,6,509.00000000000045,move,improve
16185,6,511.0000000000001,6,509.00000000000045,swap,notBad
16186,6,511.0000000000001,6,509.00000000000045,move,improve
16187,6,511.0000000000001,6,509.00000000000045,swap,notBad
16188,6,511.0000000000001,6,509.00000000000045,2opt,notBad
16189,6,511.0000000000001,6,509.00000000000045,swap,notBad
16190,6,511.0000000000001,6,509.00000000000045,2opt,improve
16191,6,511.0000000000001,6,509.00000000000045,swap,notBad
16192,6,511.0000000000001,6,509.00000000000045,swap,notBad
16193,6,511.0000000000001,6,509.00000000000045,move,improve
16194,6,511.0000000000001,6,509.00000000000045,move,improve
16195,6,511.0000000000001,6,509.00000000000045,2opt,notBad
16196,6,511.0000000000001,6,509.00000000000045,2opt,notBad
16197,6,511.0000000000001,6,509.00000000000045,move,improve
16198,6,511.0000000000001,6,509.00000000000045,swap,notBad
16199,6,511.0000000000001,6,509.00000000000045,move,improve
16200,6,511.0000000000001,6,509.00000000000045,2opt,notBad
16201,6,511.0000000000001,6,509.00000000000045,swap,notBad
16202,6,511.0000000000001,6,509.00000000000045,move,improve
16203,6,511.0000000000001,6,509.00000000000045,2opt,improve
16204,6,511.0000000000001,6,509.00000000000045,swap,notBad
16205,6,511.0000000000001,6,509.00000000000045,2opt,notBad
16206,6,511.0000000000001,6,509.00000000000045,move,improve
16207,6,511.0000000000001,6,509.00000000000045,2opt,notBad
16208,6,511.0000000000001,6,509.00000000000045,swap,notBad
16209,6,511.0000000000001,6,509.00000000000045,move,improve
16210,6,511.0000000000001,6,509.00000000000045,move,improve
16211,6,511.0000000000001,6,509.00000000000045,2opt,notBad
16212,6,511.0000000000001,6,509.00000000000045,2opt,notBad
16213,6,511.0000000000001,6,509.00000000000045,swap,notBad
16214,6,511.0000000000001,6,509.00000000000045,swap,notBad
16215,6,511.0000000000001,6,509.00000000000045,swap,notBad
16216,6,511.0000000000001,6,509.00000000000045,2opt,improve
16217,6,511.0000000000001,6,509.00000000000045,move,improve
16218,6,511.0000000000001,6,509.00000000000045,2opt,notBad
16219,6,511.0000000000001,6,509.00000000000045,move,improve
16220,6,511.0000000000001,6,509.00000000000045,2opt,improve
16221,6,511.0000000000001,6,509.00000000000045,move,improve
16222,6,511.0000000000001,6,509.00000000000045,move,improve
16223,6,511.0000000000001,6,509.00000000000045,swap,improve
16224,6,511.0000000000001,6,509.00000000000045,move,improve
16225,6,511.0000000000001,6,509.00000000000045,move,improve
16226,6,511.0000000000001,6,509.00000000000045,2opt,notBad
16227,6,511.0000000000001,6,509.00000000000045,move,improve
16228,6,511.0000000000001,6,509.00000000000045,2opt,notBad
16229,6,511.0000000000001,6,509.00000000000045,2opt,notBad
16230,6,511.0000000000001,6,509.00000000000045,2opt,notBad
16231,6,511.0000000000001,6,509.00000000000045,move,improve
16232,6,511.0000000000001,6,509.00000000000045,move,improve
16233,6,511.0000000000001,6,509.00000000000045,move,improve
16234,6,511.0000000000001,6,509.00000000000045,2opt,notBad
16235,6,511.0000000000001,6,509.00000000000045,2opt,notBad
16236,6,511.0000000000001,6,509.00000000000045,2opt,improve
16237,6,511.0000000000001,6,509.00000000000045,swap,notBad
16238,6,511.0000000000001,6,509.00000000000045,swap,notBad
16239,6,511.0000000000001,6,509.00000000000045,move,improve
16240,6,511.0000000000001,6,509.00000000000045,move,improve
16241,6,511.0000000000001,6,509.00000000000045,move,improve
16242,6,511.0000000000001,6,509.00000000000045,swap,notBad
16243,6,511.0000000000001,6,509.00000000000045,2opt,notBad
16244,6,511.0000000000001,6,509.00000000000045,2opt,notBad
16245,6,511.0000000000001,6,509.00000000000045,swap,notBad
16246,6,511.0000000000001,6,509.00000000000045,swap,improve
16247,6,511.0000000000001,6,509.00000000000045,2opt,notBad
16248,6,511.0000000000001,6,509.00000000000045,2opt,improve
16249,6,511.0000000000001,6,509.00000000000045,2opt,notBad
16250,6,511.0000000000001,6,509.00000000000045,swap,notBad
16251,6,511.0000000000001,6,509.00000000000045,move,improve
16252,6,511.0000000000001,6,509.00000000000045,swap,notBad
16253,6,511.0000000000001,6,509.00000000000045,swap,notBad
16254,6,511.0000000000001,6,509.00000000000045,swap,notBad
16255,6,511.0000000000001,6,509.00000000000045,swap,notBad
16256,6,511.0000000000001,6,509.00000000000045,2opt,notBad
16257,6,511.0000000000001,6,509.00000000000045,swap,notBad
16258,6,511.0000000000001,6,509.00000000000045,move,improve
16259,6,511.0000000000001,6,509.00000000000045,2opt,notBad
16260,6,511.0000000000001,6,509.00000000000045,move,improve
16261,6,511.0000000000001,6,509.00000000000045,swap,improve
16262,6,511.0000000000001,6,509.00000000000045,move,improve
16263,6,511.0000000000001,6,509.00000000000045,swap,improve
16264,6,511.0000000000001,6,509.00000000000045,move,improve
16265,6,511.0000000000001,6,509.00000000000045,swap,notBad
16266,6,511.0000000000001,6,509.00000000000045,swap,improve
16267,6,511.0000000000001,6,509.00000000000045,swap,improve
16268,6,511.0000000000001,6,509.00000000000045,2opt,notBad
16269,6,511.0000000000001,6,509.00000000000045,swap,notBad
16270,6,511.0000000000001,6,509.00000000000045,move,improve
16271,6,511.0000000000001,6,509.00000000000045,move,improve
16272,6,511.0000000000001,6,509.00000000000045,move,improve
16273,6,511.0000000000001,6,509.00000000000045,move,improve
16274,6,511.0000000000001,6,509.00000000000045,swap,notBad
16275,6,511.0000000000001,6,509.00000000000045,swap,notBad
16276,6,511.0000000000001,6,509.00000000000045,2opt,notBad
16277,6,511.0000000000001,6,509.00000000000045,2opt,notBad
16278,6,511.0000000000001,6,509.00000000000045,2opt,notBad
16279,6,511.0000000000001,6,509.00000000000045,swap,improve
16280,6,511.0000000000001,6,509.00000000000045,swap,notBad
16281,6,511.0000000000001,6,509.00000000000045,move,improve
16282,6,511.0000000000001,6,509.00000000000045,move,improve
16283,6,511.0000000000001,6,509.00000000000045,swap,notBad
16284,6,511.0000000000001,6,509.00000000000045,move,improve
16285,6,511.0000000000001,6,509.00000000000045,2opt,improve
16286,6,511.0000000000001,6,509.00000000000045,swap,notBad
16287,6,511.0000000000001,6,509.00000000000045,2opt,notBad
16288,6,511.0000000000001,6,509.00000000000045,swap,notBad
16289,6,511.0000000000001,6,509.00000000000045,2opt,notBad
16290,6,511.0000000000001,6,509.00000000000045,2opt,notBad
16291,6,511.0000000000001,6,509.00000000000045,move,improve
16292,6,511.0000000000001,6,509.00000000000045,move,improve
16293,6,511.0000000000001,6,509.00000000000045,2opt,notBad
16294,6,511.0000000000001,6,509.00000000000045,move,improve
16295,6,511.0000000000001,6,509.00000000000045,2opt,improve
16296,6,511.0000000000001,6,509.00000000000045,move,improve
16297,6,511.0000000000001,6,509.00000000000045,swap,notBad
16298,6,511.0000000000001,6,509.00000000000045,2opt,improve
16299,6,511.0000000000001,6,509.00000000000045,swap,notBad
16300,6,511.0000000000001,6,509.00000000000045,2opt,improve
16301,6,511.0000000000001,6,509.00000000000045,move,improve
16302,6,511.0000000000001,6,509.00000000000045,swap,notBad
16303,6,511.0000000000001,6,509.00000000000045,swap,notBad
16304,6,511.0000000000001,6,509.00000000000045,move,improve
16305,6,511.0000000000001,6,509.00000000000045,2opt,notBad
16306,6,511.0000000000001,6,509.00000000000045,move,improve
16307,6,511.0000000000001,6,509.00000000000045,swap,notBad
16308,6,511.0000000000001,6,509.00000000000045,move,improve
16309,6,511.0000000000001,6,509.00000000000045,move,improve
16310,6,511.0000000000001,6,509.00000000000045,2opt,notBad
16311,6,511.0000000000001,6,509.00000000000045,2opt,notBad
16312,6,511.0000000000001,6,509.00000000000045,swap,notBad
16313,6,511.0000000000001,6,509.00000000000045,swap,notBad
16314,6,511.0000000000001,6,509.00000000000045,swap,notBad
16315,6,511.0000000000001,6,509.00000000000045,2opt,notBad
16316,6,511.0000000000001,6,509.00000000000045,2opt,notBad
16317,6,511.0000000000001,6,509.00000000000045,2opt,improve
16318,6,511.0000000000001,6,509.00000000000045,swap,notBad
16319,6,511.0000000000001,6,509.00000000000045,2opt,notBad
16320,6,511.0000000000001,6,509.00000000000045,2opt,notBad
16321,6,511.0000000000001,6,509.00000000000045,swap,notBad
16322,6,511.0000000000001,6,509.00000000000045,move,improve
16323,6,511.0000000000001,6,509.00000000000045,move,improve
16324,6,511.0000000000001,6,509.00000000000045,move,improve
16325,6,511.0000000000001,6,509.00000000000045,swap,notBad
16326,6,511.0000000000001,6,509.00000000000045,move,improve
16327,6,511.0000000000001,6,509.00000000000045,move,improve
16328,6,511.0000000000001,6,509.00000000000045,move,improve
16329,6,511.0000000000001,6,509.00000000000045,swap,improve
16330,6,511.0000000000001,6,509.00000000000045,swap,notBad
16331,6,511.0000000000001,6,509.00000000000045,move,improve
16332,6,511.0000000000001,6,509.00000000000045,2opt,notBad
16333,6,511.0000000000001,6,509.00000000000045,2opt,notBad
16334,6,511.0000000000001,6,509.00000000000045,swap,notBad
16335,6,511.0000000000001,6,509.00000000000045,move,improve
16336,6,511.0000000000001,6,509.00000000000045,2opt,notBad
16337,6,511.0000000000001,6,509.00000000000045,swap,notBad
16338,6,511.0000000000001,6,509.00000000000045,move,improve
16339,6,511.0000000000001,6,509.00000000000045,move,improve
16340,6,511.0000000000001,6,509.00000000000045,move,improve
16341,6,511.0000000000001,6,509.00000000000045,move,improve
16342,6,511.0000000000001,6,509.00000000000045,2opt,notBad
16343,6,511.0000000000001,6,509.00000000000045,swap,notBad
16344,6,511.0000000000001,6,509.00000000000045,move,improve
16345,6,511.0000000000001,6,509.00000000000045,move,improve
16346,6,511.0000000000001,6,509.00000000000045,move,improve
16347,6,511.0000000000001,6,509.00000000000045,2opt,notBad
16348,6,511.0000000000001,6,509.00000000000045,swap,improve
16349,6,511.0000000000001,6,509.00000000000045,swap,notBad
16350,6,511.0000000000001,6,509.00000000000045,move,improve
16351,6,511.0000000000001,6,509.00000000000045,move,improve
16352,6,511.0000000000001,6,509.00000000000045,swap,notBad
16353,6,511.0000000000001,6,509.00000000000045,move,improve
16354,6,511.0000000000001,6,509.00000000000045,move,improve
16355,6,511.0000000000001,6,509.00000000000045,move,improve
16356,6,511.0000000000001,6,509.00000000000045,move,improve
16357,6,511.0000000000001,6,509.00000000000045,swap,notBad
16358,6,511.0000000000001,6,509.00000000000045,2opt,improve
16359,6,511.0000000000001,6,509.00000000000045,2opt,notBad
16360,6,511.0000000000001,6,509.00000000000045,move,improve
16361,6,511.0000000000001,6,509.00000000000045,swap,improve
16362,6,511.0000000000001,6,509.00000000000045,swap,notBad
16363,6,511.0000000000001,6,509.00000000000045,2opt,notBad
16364,6,511.0000000000001,6,509.00000000000045,move,improve
16365,6,511.0000000000001,6,509.00000000000045,2opt,notBad
16366,6,511.0000000000001,6,509.00000000000045,2opt,improve
16367,6,511.0000000000001,6,509.00000000000045,2opt,improve
16368,6,511.0000000000001,6,509.00000000000045,swap,notBad
16369,6,511.0000000000001,6,509.00000000000045,2opt,notBad
16370,6,511.0000000000001,6,509.00000000000045,2opt,notBad
16371,6,511.0000000000001,6,509.00000000000045,move,improve
16372,6,511.0000000000001,6,509.00000000000045,2opt,notBad
16373,6,511.0000000000001,6,509.00000000000045,move,improve
16374,6,511.0000000000001,6,509.00000000000045,move,improve
16375,6,511.0000000000001,6,509.00000000000045,swap,improve
16376,6,511.0000000000001,6,509.00000000000045,2opt,notBad
16377,6,511.0000000000001,6,509.00000000000045,move,improve
16378,6,511.0000000000001,6,509.00000000000045,move,improve
16379,6,511.0000000000001,6,509.00000000000045,2opt,notBad
16380,6,511.0000000000001,6,509.00000000000045,swap,notBad
16381,6,511.0000000000001,6,509.00000000000045,2opt,notBad
16382,6,511.0000000000001,6,509.00000000000045,move,improve
16383,6,511.0000000000001,6,509.00000000000045,swap,notBad
16384,6,511.0000000000001,6,509.00000000000045,2opt,notBad
16385,6,511.0000000000001,6,509.00000000000045,swap,notBad
16386,6,511.0000000000001,6,509.00000000000045,2opt,notBad
16387,6,511.0000000000001,6,509.00000000000045,swap,notBad
16388,6,511.0000000000001,6,509.00000000000045,swap,notBad
16389,6,511.0000000000001,6,509.00000000000045,swap,notBad
16390,6,511.0000000000001,6,509.00000000000045,swap,notBad
16391,6,511.0000000000001,6,509.00000000000045,swap,notBad
16392,6,511.0000000000001,6,509.00000000000045,swap,notBad
16393,6,511.0000000000001,6,509.00000000000045,2opt,notBad
16394,6,511.0000000000001,6,509.00000000000045,2opt,notBad
16395,6,511.0000000000001,6,509.00000000000045,swap,notBad
16396,6,511.0000000000001,6,509.00000000000045,swap,improve
16397,6,511.0000000000001,6,509.00000000000045,swap,notBad
16398,6,511.0000000000001,6,509.00000000000045,move,improve
16399,6,511.0000000000001,6,509.00000000000045,move,improve
16400,6,511.0000000000001,6,509.00000000000045,swap,improve
16401,6,511.0000000000001,6,509.00000000000045,swap,notBad
16402,6,511.0000000000001,6,509.00000000000045,move,improve
16403,6,511.0000000000001,6,509.00000000000045,swap,improve
16404,6,511.0000000000001,6,509.00000000000045,move,improve
16405,6,511.0000000000001,6,509.00000000000045,move,improve
16406,6,511.0000000000001,6,509.00000000000045,move,improve
16407,6,511.0000000000001,6,509.00000000000045,move,improve
16408,6,511.0000000000001,6,509.00000000000045,swap,notBad
16409,6,511.0000000000001,6,509.00000000000045,move,improve
16410,6,511.0000000000001,6,509.00000000000045,swap,notBad
16411,6,511.0000000000001,6,509.00000000000045,2opt,notBad
16412,6,511.0000000000001,6,509.00000000000045,swap,notBad
16413,6,511.0000000000001,6,509.00000000000045,move,improve
16414,6,511.0000000000001,6,509.00000000000045,swap,notBad
16415,6,511.0000000000001,6,509.00000000000045,swap,notBad
16416,6,511.0000000000001,6,509.00000000000045,swap,improve
16417,6,511.0000000000001,6,509.00000000000045,2opt,notBad
16418,6,511.0000000000001,6,509.00000000000045,2opt,notBad
16419,6,511.0000000000001,6,509.00000000000045,2opt,notBad
16420,6,511.0000000000001,6,509.00000000000045,move,improve
16421,6,511.0000000000001,6,509.00000000000045,swap,notBad
16422,6,511.0000000000001,6,509.00000000000045,swap,notBad
16423,6,511.0000000000001,6,509.00000000000045,move,improve
16424,6,511.0000000000001,6,509.00000000000045,swap,notBad
16425,6,511.0000000000001,6,509.00000000000045,2opt,notBad
16426,6,511.0000000000001,6,509.00000000000045,2opt,notBad
16427,6,511.0000000000001,6,509.00000000000045,move,improve
16428,6,511.0000000000001,6,509.00000000000045,move,improve
16429,6,511.0000000000001,6,509.00000000000045,swap,notBad
16430,6,511.0000000000001,6,509.00000000000045,move,improve
16431,6,511.0000000000001,6,509.00000000000045,move,improve
16432,6,511.0000000000001,6,509.00000000000045,swap,notBad
16433,6,511.0000000000001,6,509.00000000000045,2opt,improve
16434,6,511.0000000000001,6,509.00000000000045,move,improve
16435,6,511.0000000000001,6,509.00000000000045,2opt,notBad
16436,6,511.0000000000001,6,509.00000000000045,swap,notBad
16437,6,511.0000000000001,6,509.00000000000045,move,improve
16438,6,511.0000000000001,6,509.00000000000045,2opt,improve
16439,6,511.0000000000001,6,509.00000000000045,swap,improve
16440,6,511.0000000000001,6,509.00000000000045,2opt,notBad
16441,6,511.0000000000001,6,509.00000000000045,swap,notBad
16442,6,511.0000000000001,6,509.00000000000045,swap,notBad
16443,6,511.0000000000001,6,509.00000000000045,swap,improve
16444,6,511.0000000000001,6,509.00000000000045,2opt,notBad
16445,6,511.0000000000001,6,509.00000000000045,move,improve
16446,6,511.0000000000001,6,509.00000000000045,2opt,notBad
16447,6,511.0000000000001,6,509.00000000000045,move,improve
16448,6,511.0000000000001,6,509.00000000000045,swap,notBad
16449,6,511.0000000000001,6,509.00000000000045,swap,notBad
16450,6,511.0000000000001,6,509.00000000000045,2opt,notBad
16451,6,511.0000000000001,6,509.00000000000045,2opt,notBad
16452,6,511.0000000000001,6,509.00000000000045,swap,notBad
16453,6,511.0000000000001,6,509.00000000000045,swap,improve
16454,6,511.0000000000001,6,509.00000000000045,swap,improve
16455,6,511.0000000000001,6,509.00000000000045,move,improve
16456,6,511.0000000000001,6,509.00000000000045,swap,notBad
16457,6,511.0000000000001,6,509.00000000000045,2opt,notBad
16458,6,511.0000000000001,6,509.00000000000045,move,improve
16459,6,511.0000000000001,6,509.00000000000045,2opt,notBad
16460,6,511.0000000000001,6,509.00000000000045,move,improve
16461,6,511.0000000000001,6,509.00000000000045,2opt,notBad
16462,6,511.0000000000001,6,509.00000000000045,2opt,improve
16463,6,511.0000000000001,6,509.00000000000045,move,improve
16464,6,511.0000000000001,6,509.00000000000045,swap,notBad
16465,6,511.0000000000001,6,509.00000000000045,move,improve
16466,6,511.0000000000001,6,509.00000000000045,move,improve
16467,6,511.0000000000001,6,509.00000000000045,move,improve
16468,6,511.0000000000001,6,509.00000000000045,move,improve
16469,6,511.0000000000001,6,509.00000000000045,swap,notBad
16470,6,511.0000000000001,6,509.00000000000045,swap,notBad
16471,6,511.0000000000001,6,509.00000000000045,move,improve
16472,6,511.0000000000001,6,509.00000000000045,2opt,notBad
16473,6,511.0000000000001,6,509.00000000000045,move,improve
16474,6,511.0000000000001,6,509.00000000000045,2opt,notBad
16475,6,511.0000000000001,6,509.00000000000045,swap,notBad
16476,6,511.0000000000001,6,509.00000000000045,2opt,improve
16477,6,511.0000000000001,6,509.00000000000045,2opt,notBad
16478,6,511.0000000000001,6,509.00000000000045,move,improve
16479,6,511.0000000000001,6,509.00000000000045,swap,notBad
16480,6,511.0000000000001,6,509.00000000000045,2opt,notBad
16481,6,511.0000000000001,6,509.00000000000045,move,improve
16482,6,511.0000000000001,6,509.00000000000045,move,improve
16483,6,511.0000000000001,6,509.00000000000045,swap,notBad
16484,6,511.0000000000001,6,509.00000000000045,2opt,notBad
16485,6,511.0000000000001,6,509.00000000000045,2opt,notBad
16486,6,511.0000000000001,6,509.00000000000045,2opt,notBad
16487,6,511.0000000000001,6,509.00000000000045,2opt,improve
16488,6,511.0000000000001,6,509.00000000000045,swap,notBad
16489,6,511.0000000000001,6,509.00000000000045,2opt,notBad
16490,6,511.0000000000001,6,509.00000000000045,move,improve
16491,6,511.0000000000001,6,509.00000000000045,swap,notBad
16492,6,511.0000000000001,6,509.00000000000045,2opt,notBad
16493,6,511.0000000000001,6,509.00000000000045,swap,notBad
16494,6,511.0000000000001,6,509.00000000000045,move,improve
16495,6,511.0000000000001,6,509.00000000000045,swap,notBad
16496,6,511.0000000000001,6,509.00000000000045,2opt,notBad
16497,6,511.0000000000001,6,509.00000000000045,swap,notBad
16498,6,511.0000000000001,6,509.00000000000045,swap,notBad
16499,6,511.0000000000001,6,509.00000000000045,move,improve
16500,6,511.0000000000001,6,509.00000000000045,move,improve
16501,6,511.0000000000001,6,509.00000000000045,swap,notBad
16502,6,511.0000000000001,6,509.00000000000045,move,improve
16503,6,511.0000000000001,6,509.00000000000045,swap,improve
16504,6,511.0000000000001,6,509.00000000000045,move,improve
16505,6,511.0000000000001,6,509.00000000000045,move,improve
16506,6,511.0000000000001,6,509.00000000000045,2opt,improve
16507,6,511.0000000000001,6,509.00000000000045,move,improve
16508,6,511.0000000000001,6,509.00000000000045,swap,notBad
16509,6,511.0000000000001,6,509.00000000000045,2opt,improve
16510,6,511.0000000000001,6,509.00000000000045,2opt,notBad
16511,6,511.0000000000001,6,509.00000000000045,swap,notBad
16512,6,511.0000000000001,6,509.00000000000045,swap,notBad
16513,6,511.0000000000001,6,509.00000000000045,move,improve
16514,6,511.0000000000001,6,509.00000000000045,2opt,notBad
16515,6,511.0000000000001,6,509.00000000000045,move,improve
16516,6,511.0000000000001,6,509.00000000000045,move,improve
16517,6,511.0000000000001,6,509.00000000000045,move,improve
16518,6,511.0000000000001,6,509.00000000000045,swap,notBad
16519,6,511.0000000000001,6,509.00000000000045,2opt,notBad
16520,6,511.0000000000001,6,509.00000000000045,move,improve
16521,6,511.0000000000001,6,509.00000000000045,swap,notBad
16522,6,511.0000000000001,6,509.00000000000045,move,improve
16523,6,511.0000000000001,6,509.00000000000045,2opt,notBad
16524,6,511.0000000000001,6,509.00000000000045,swap,notBad
16525,6,511.0000000000001,6,509.00000000000045,move,improve
16526,6,511.0000000000001,6,509.00000000000045,swap,improve
16527,6,511.0000000000001,6,509.00000000000045,move,improve
16528,6,511.0000000000001,6,509.00000000000045,move,improve
16529,6,511.0000000000001,6,509.00000000000045,move,improve
16530,6,511.0000000000001,6,509.00000000000045,2opt,notBad
16531,6,511.0000000000001,6,509.00000000000045,2opt,notBad
16532,6,511.0000000000001,6,509.00000000000045,move,improve
16533,6,511.0000000000001,6,509.00000000000045,2opt,notBad
16534,6,511.0000000000001,6,509.00000000000045,2opt,notBad
16535,6,511.0000000000001,6,509.00000000000045,move,improve
16536,6,511.0000000000001,6,509.00000000000045,move,improve
16537,6,511.0000000000001,6,509.00000000000045,move,improve
16538,6,511.0000000000001,6,509.00000000000045,move,improve
16539,6,511.0000000000001,6,509.00000000000045,2opt,notBad
16540,6,511.0000000000001,6,509.00000000000045,2opt,notBad
16541,6,511.0000000000001,6,509.00000000000045,move,improve
16542,6,511.0000000000001,6,509.00000000000045,swap,notBad
16543,6,511.0000000000001,6,509.00000000000045,move,improve
16544,6,511.0000000000001,6,509.00000000000045,swap,notBad
16545,6,511.0000000000001,6,509.00000000000045,2opt,notBad
16546,6,511.0000000000001,6,509.00000000000045,move,improve
16547,6,511.0000000000001,6,509.00000000000045,2opt,notBad
16548,6,511.0000000000001,6,509.00000000000045,swap,improve
16549,6,511.0000000000001,6,509.00000000000045,move,improve
16550,6,511.0000000000001,6,509.00000000000045,move,improve
16551,6,511.0000000000001,6,509.00000000000045,swap,improve
16552,6,511.0000000000001,6,509.00000000000045,2opt,notBad
16553,6,511.0000000000001,6,509.00000000000045,swap,notBad
16554,6,511.0000000000001,6,509.00000000000045,2opt,notBad
16555,6,511.0000000000001,6,509.00000000000045,swap,notBad
16556,6,511.0000000000001,6,509.00000000000045,2opt,notBad
16557,6,511.0000000000001,6,509.00000000000045,move,improve
16558,6,511.0000000000001,6,509.00000000000045,2opt,notBad
16559,6,511.0000000000001,6,509.00000000000045,move,improve
16560,6,511.0000000000001,6,509.00000000000045,2opt,notBad
16561,6,511.0000000000001,6,509.00000000000045,move,improve
16562,6,511.0000000000001,6,509.00000000000045,move,improve
16563,6,511.0000000000001,6,509.00000000000045,swap,notBad
16564,6,511.0000000000001,6,509.00000000000045,swap,notBad
16565,6,511.0000000000001,6,509.00000000000045,swap,notBad
16566,6,511.0000000000001,6,509.00000000000045,move,improve
16567,6,511.0000000000001,6,509.00000000000045,swap,notBad
16568,6,511.0000000000001,6,509.00000000000045,swap,notBad
16569,6,511.0000000000001,6,509.00000000000045,2opt,improve
16570,6,511.0000000000001,6,509.00000000000045,swap,notBad
16571,6,511.0000000000001,6,509.00000000000045,move,notBad
16572,6,511.0000000000001,6,509.00000000000045,swap,notBad
16573,6,511.0000000000001,6,509.00000000000045,move,improve
16574,6,511.0000000000001,6,509.00000000000045,2opt,improve
16575,6,511.0000000000001,6,509.00000000000045,2opt,notBad
16576,6,511.0000000000001,6,509.00000000000045,swap,improve
16577,6,511.0000000000001,6,509.00000000000045,move,improve
16578,6,511.0000000000001,6,509.00000000000045,swap,notBad
16579,6,511.0000000000001,6,509.00000000000045,move,notBad
16580,6,511.0000000000001,6,509.00000000000045,swap,notBad
16581,6,511.0000000000001,6,509.00000000000045,move,improve
16582,6,511.0000000000001,6,509.00000000000045,2opt,notBad
16583,6,511.0000000000001,6,509.00000000000045,move,improve
16584,6,511.0000000000001,6,509.00000000000045,swap,notBad
16585,6,511.0000000000001,6,509.00000000000045,2opt,notBad
16586,6,511.0000000000001,6,509.00000000000045,2opt,notBad
16587,6,511.0000000000001,6,509.00000000000045,swap,notBad
16588,6,511.0000000000001,6,509.00000000000045,2opt,improve
16589,6,511.0000000000001,6,509.00000000000045,2opt,notBad
16590,6,511.0000000000001,6,509.00000000000045,move,improve
16591,6,511.0000000000001,6,509.00000000000045,swap,notBad
16592,6,511.0000000000001,6,509.00000000000045,swap,improve
16593,6,511.0000000000001,6,509.00000000000045,move,improve
16594,6,511.0000000000001,6,509.00000000000045,move,improve
16595,6,511.0000000000001,6,509.00000000000045,2opt,improve
16596,6,511.0000000000001,6,509.00000000000045,2opt,notBad
16597,6,511.0000000000001,6,509.00000000000045,move,improve
16598,6,511.0000000000001,6,509.00000000000045,2opt,notBad
16599,6,511.0000000000001,6,509.00000000000045,swap,notBad
16600,6,511.0000000000001,6,509.00000000000045,swap,notBad
16601,6,511.0000000000001,6,509.00000000000045,move,improve
16602,6,511.0000000000001,6,509.00000000000045,move,improve
16603,6,511.0000000000001,6,509.00000000000045,2opt,notBad
16604,6,511.0000000000001,6,509.00000000000045,swap,notBad
16605,6,511.0000000000001,6,509.00000000000045,2opt,notBad
16606,6,511.0000000000001,6,509.00000000000045,move,improve
16607,6,511.0000000000001,6,509.00000000000045,2opt,notBad
16608,6,511.0000000000001,6,509.00000000000045,swap,notBad
16609,6,511.0000000000001,6,509.00000000000045,move,improve
16610,6,511.0000000000001,6,509.00000000000045,swap,notBad
16611,6,511.0000000000001,6,509.00000000000045,2opt,notBad
16612,6,511.0000000000001,6,509.00000000000045,move,improve
16613,6,511.0000000000001,6,509.00000000000045,move,improve
16614,6,511.0000000000001,6,509.00000000000045,move,improve
16615,6,511.0000000000001,6,509.00000000000045,move,improve
16616,6,511.0000000000001,6,509.00000000000045,move,improve
16617,6,511.0000000000001,6,509.00000000000045,2opt,improve
16618,6,511.0000000000001,6,509.00000000000045,swap,notBad
16619,6,511.0000000000001,6,509.00000000000045,2opt,notBad
16620,6,511.0000000000001,6,509.00000000000045,2opt,notBad
16621,6,511.0000000000001,6,509.00000000000045,2opt,notBad
16622,6,511.0000000000001,6,509.00000000000045,move,improve
16623,6,511.0000000000001,6,509.00000000000045,2opt,notBad
16624,6,511.0000000000001,6,509.00000000000045,move,improve
16625,6,511.0000000000001,6,509.00000000000045,move,improve
16626,6,511.0000000000001,6,509.00000000000045,move,improve
16627,6,511.0000000000001,6,509.00000000000045,2opt,notBad
16628,6,511.0000000000001,6,509.00000000000045,move,improve
16629,6,511.0000000000001,6,509.00000000000045,move,improve
16630,6,511.0000000000001,6,509.00000000000045,2opt,improve
16631,6,511.0000000000001,6,509.00000000000045,swap,notBad
16632,6,511.0000000000001,6,509.00000000000045,2opt,improve
16633,6,511.0000000000001,6,509.00000000000045,2opt,notBad
16634,6,511.0000000000001,6,509.00000000000045,move,improve
16635,6,511.0000000000001,6,509.00000000000045,2opt,notBad
16636,6,511.0000000000001,6,509.00000000000045,2opt,notBad
16637,6,511.0000000000001,6,509.00000000000045,swap,notBad
16638,6,511.0000000000001,6,509.00000000000045,move,improve
16639,6,511.0000000000001,6,509.00000000000045,2opt,notBad
16640,6,511.0000000000001,6,509.00000000000045,move,improve
16641,6,511.0000000000001,6,509.00000000000045,swap,notBad
16642,6,511.0000000000001,6,509.00000000000045,move,improve
16643,6,511.0000000000001,6,509.00000000000045,swap,improve
16644,6,511.0000000000001,6,509.00000000000045,move,improve
16645,6,511.0000000000001,6,509.00000000000045,2opt,notBad
16646,6,511.0000000000001,6,509.00000000000045,move,improve
16647,6,511.0000000000001,6,509.00000000000045,2opt,notBad
16648,6,511.0000000000001,6,509.00000000000045,2opt,notBad
16649,6,511.0000000000001,6,509.00000000000045,move,improve
16650,6,511.0000000000001,6,509.00000000000045,swap,notBad
16651,6,511.0000000000001,6,509.00000000000045,2opt,notBad
16652,6,511.0000000000001,6,509.00000000000045,swap,notBad
16653,6,511.0000000000001,6,509.00000000000045,2opt,notBad
16654,6,511.0000000000001,6,509.00000000000045,move,improve
16655,6,511.0000000000001,6,509.00000000000045,2opt,improve
16656,6,511.0000000000001,6,509.00000000000045,swap,notBad
16657,6,511.0000000000001,6,509.00000000000045,2opt,notBad
16658,6,511.0000000000001,6,509.00000000000045,move,improve
16659,6,511.0000000000001,6,509.00000000000045,2opt,notBad
16660,6,511.0000000000001,6,509.00000000000045,2opt,notBad
16661,6,511.0000000000001,6,509.00000000000045,swap,notBad
16662,6,511.0000000000001,6,509.00000000000045,2opt,notBad
16663,6,511.0000000000001,6,509.00000000000045,move,improve
16664,6,511.0000000000001,6,509.00000000000045,swap,notBad
16665,6,511.0000000000001,6,509.00000000000045,move,improve
16666,6,511.0000000000001,6,509.00000000000045,move,improve
16667,6,511.0000000000001,6,509.00000000000045,swap,notBad
16668,6,511.0000000000001,6,509.00000000000045,move,improve
16669,6,511.0000000000001,6,509.00000000000045,2opt,notBad
16670,6,511.0000000000001,6,509.00000000000045,move,improve
16671,6,511.0000000000001,6,509.00000000000045,move,improve
16672,6,511.0000000000001,6,509.00000000000045,move,improve
16673,6,511.0000000000001,6,509.00000000000045,2opt,notBad
16674,6,511.0000000000001,6,509.00000000000045,move,improve
16675,6,511.0000000000001,6,509.00000000000045,swap,notBad
16676,6,511.0000000000001,6,509.00000000000045,swap,notBad
16677,6,511.0000000000001,6,509.00000000000045,swap,improve
16678,6,511.0000000000001,6,509.00000000000045,swap,improve
16679,6,511.0000000000001,6,509.00000000000045,2opt,notBad
16680,6,511.0000000000001,6,509.00000000000045,2opt,improve
16681,6,511.0000000000001,6,509.00000000000045,2opt,notBad
16682,6,511.0000000000001,6,509.00000000000045,swap,notBad
16683,6,511.0000000000001,6,509.00000000000045,move,improve
16684,6,511.0000000000001,6,509.00000000000045,2opt,notBad
16685,6,511.0000000000001,6,509.00000000000045,2opt,improve
16686,6,511.0000000000001,6,509.00000000000045,move,improve
16687,6,511.0000000000001,6,509.00000000000045,move,improve
16688,6,511.0000000000001,6,509.00000000000045,2opt,notBad
16689,6,511.0000000000001,6,509.00000000000045,move,improve
16690,6,511.0000000000001,6,509.00000000000045,2opt,notBad
16691,6,511.0000000000001,6,509.00000000000045,move,improve
16692,6,511.0000000000001,6,509.00000000000045,2opt,improve
16693,6,511.0000000000001,6,509.00000000000045,swap,notBad
16694,6,511.0000000000001,6,509.00000000000045,move,improve
16695,6,511.0000000000001,6,509.00000000000045,2opt,notBad
16696,6,511.0000000000001,6,509.00000000000045,2opt,notBad
16697,6,511.0000000000001,6,509.00000000000045,swap,notBad
16698,6,511.0000000000001,6,509.00000000000045,move,improve
16699,6,511.0000000000001,6,509.00000000000045,2opt,notBad
16700,6,511.0000000000001,6,509.00000000000045,move,improve
16701,6,511.0000000000001,6,509.00000000000045,swap,notBad
16702,6,511.0000000000001,6,509.00000000000045,2opt,notBad
16703,6,511.0000000000001,6,509.00000000000045,move,improve
16704,6,511.0000000000001,6,509.00000000000045,move,improve
16705,6,511.20000000000016,6,509.00000000000045,swap,acceptBad
16706,6,511.20000000000016,6,509.00000000000045,move,improve
16707,6,511.20000000000016,6,509.00000000000045,move,improve
16708,6,511.20000000000016,6,509.00000000000045,move,improve
16709,6,511.20000000000016,6,509.00000000000045,2opt,notBad
16710,6,511.20000000000016,6,509.00000000000045,2opt,improve
16711,6,511.20000000000016,6,509.00000000000045,swap,improve
16712,6,511.20000000000016,6,509.00000000000045,move,improve
16713,6,511.20000000000016,6,509.00000000000045,swap,notBad
16714,6,511.20000000000016,6,509.00000000000045,swap,notBad
16715,6,511.20000000000016,6,509.00000000000045,2opt,improve
16716,6,511.20000000000016,6,509.00000000000045,2opt,notBad
16717,6,510.70000000000016,6,509.00000000000045,swap,improve
16718,6,510.70000000000016,6,509.00000000000045,2opt,notBad
16719,6,510.70000000000016,6,509.00000000000045,2opt,notBad
16720,6,510.70000000000016,6,509.00000000000045,move,improve
16721,6,510.70000000000016,6,509.00000000000045,2opt,improve
16722,6,510.70000000000016,6,509.00000000000045,swap,improve
16723,6,510.70000000000016,6,509.00000000000045,2opt,improve
16724,6,510.70000000000016,6,509.00000000000045,swap,notBad
16725,6,510.70000000000016,6,509.00000000000045,move,improve
16726,6,510.70000000000016,6,509.00000000000045,move,improve
16727,6,510.70000000000016,6,509.00000000000045,2opt,notBad
16728,6,510.70000000000016,6,509.00000000000045,2opt,improve
16729,6,510.70000000000016,6,509.00000000000045,swap,notBad
16730,6,510.70000000000016,6,509.00000000000045,swap,notBad
16731,6,510.70000000000016,6,509.00000000000045,move,improve
16732,6,510.70000000000016,6,509.00000000000045,2opt,notBad
16733,6,510.70000000000016,6,509.00000000000045,move,improve
16734,6,510.70000000000016,6,509.00000000000045,swap,notBad
16735,6,510.70000000000016,6,509.00000000000045,move,improve
16736,6,510.70000000000016,6,509.00000000000045,2opt,notBad
16737,6,510.70000000000016,6,509.00000000000045,swap,notBad
16738,6,510.70000000000016,6,509.00000000000045,move,improve
16739,6,510.70000000000016,6,509.00000000000045,2opt,improve
16740,6,510.70000000000016,6,509.00000000000045,swap,notBad
16741,6,510.70000000000016,6,509.00000000000045,move,improve
16742,6,510.70000000000016,6,509.00000000000045,move,improve
16743,6,510.70000000000016,6,509.00000000000045,swap,notBad
16744,6,510.70000000000016,6,509.00000000000045,swap,notBad
16745,6,510.70000000000016,6,509.00000000000045,move,improve
16746,6,510.70000000000016,6,509.00000000000045,2opt,notBad
16747,6,510.70000000000016,6,509.00000000000045,swap,notBad
16748,6,510.70000000000016,6,509.00000000000045,swap,notBad
16749,6,510.70000000000016,6,509.00000000000045,swap,notBad
16750,6,510.70000000000016,6,509.00000000000045,move,improve
16751,6,510.70000000000016,6,509.00000000000045,move,improve
16752,6,510.70000000000016,6,509.00000000000045,swap,notBad
16753,6,510.70000000000016,6,509.00000000000045,swap,notBad
16754,6,510.70000000000016,6,509.00000000000045,2opt,notBad
16755,6,510.70000000000016,6,509.00000000000045,2opt,notBad
16756,6,510.70000000000016,6,509.00000000000045,swap,notBad
16757,6,510.70000000000016,6,509.00000000000045,swap,notBad
16758,6,510.70000000000016,6,509.00000000000045,2opt,notBad
16759,6,510.70000000000016,6,509.00000000000045,2opt,notBad
16760,6,510.70000000000016,6,509.00000000000045,move,improve
16761,6,510.70000000000016,6,509.00000000000045,move,improve
16762,6,510.70000000000016,6,509.00000000000045,swap,improve
16763,6,510.70000000000016,6,509.00000000000045,move,improve
16764,6,510.70000000000016,6,509.00000000000045,move,improve
16765,6,510.70000000000016,6,509.00000000000045,swap,notBad
16766,6,510.70000000000016,6,509.00000000000045,2opt,notBad
16767,6,510.70000000000016,6,509.00000000000045,move,improve
16768,6,510.70000000000016,6,509.00000000000045,2opt,notBad
16769,6,510.70000000000016,6,509.00000000000045,move,improve
16770,6,510.70000000000016,6,509.00000000000045,2opt,notBad
16771,6,510.70000000000016,6,509.00000000000045,move,improve
16772,6,510.70000000000016,6,509.00000000000045,2opt,notBad
16773,6,510.70000000000016,6,509.00000000000045,move,improve
16774,6,510.70000000000016,6,509.00000000000045,move,improve
16775,6,510.70000000000016,6,509.00000000000045,swap,notBad
16776,6,510.70000000000016,6,509.00000000000045,2opt,notBad
16777,6,510.70000000000016,6,509.00000000000045,2opt,notBad
16778,6,510.70000000000016,6,509.00000000000045,2opt,improve
16779,6,510.70000000000016,6,509.00000000000045,2opt,notBad
16780,6,510.70000000000016,6,509.00000000000045,swap,notBad
16781,6,510.70000000000016,6,509.00000000000045,2opt,notBad
16782,6,510.70000000000016,6,509.00000000000045,move,improve
16783,6,510.70000000000016,6,509.00000000000045,move,improve
16784,6,510.70000000000016,6,509.00000000000045,move,improve
16785,6,510.70000000000016,6,509.00000000000045,2opt,notBad
16786,6,510.70000000000016,6,509.00000000000045,move,improve
16787,6,510.70000000000016,6,509.00000000000045,2opt,notBad
16788,6,510.70000000000016,6,509.00000000000045,swap,notBad
16789,6,510.70000000000016,6,509.00000000000045,swap,notBad
16790,6,510.70000000000016,6,509.00000000000045,swap,notBad
16791,6,510.70000000000016,6,509.00000000000045,2opt,notBad
16792,6,510.70000000000016,6,509.00000000000045,2opt,notBad
16793,6,510.70000000000016,6,509.00000000000045,swap,notBad
16794,6,510.70000000000016,6,509.00000000000045,move,improve
16795,6,510.70000000000016,6,509.00000000000045,swap,notBad
16796,6,510.70000000000016,6,509.00000000000045,swap,notBad
16797,6,510.70000000000016,6,509.00000000000045,2opt,improve
16798,6,510.70000000000016,6,509.00000000000045,2opt,notBad
16799,6,510.70000000000016,6,509.00000000000045,move,improve
16800,6,510.70000000000016,6,509.00000000000045,swap,improve
16801,6,510.70000000000016,6,509.00000000000045,swap,improve
16802,6,510.70000000000016,6,509.00000000000045,2opt,improve
16803,6,510.70000000000016,6,509.00000000000045,move,improve
16804,6,510.70000000000016,6,509.00000000000045,2opt,notBad
16805,6,510.70000000000016,6,509.00000000000045,2opt,improve
16806,6,510.70000000000016,6,509.00000000000045,swap,notBad
16807,6,510.70000000000016,6,509.00000000000045,move,improve
16808,6,510.70000000000016,6,509.00000000000045,2opt,notBad
16809,6,510.70000000000016,6,509.00000000000045,2opt,improve
16810,6,510.70000000000016,6,509.00000000000045,move,improve
16811,6,510.70000000000016,6,509.00000000000045,2opt,improve
16812,6,510.70000000000016,6,509.00000000000045,swap,notBad
16813,6,510.70000000000016,6,509.00000000000045,swap,notBad
16814,6,510.70000000000016,6,509.00000000000045,swap,notBad
16815,6,510.70000000000016,6,509.00000000000045,move,improve
16816,6,510.70000000000016,6,509.00000000000045,move,improve
16817,6,510.70000000000016,6,509.00000000000045,move,improve
16818,6,510.70000000000016,6,509.00000000000045,move,improve
16819,6,510.70000000000016,6,509.00000000000045,2opt,notBad
16820,6,510.70000000000016,6,509.00000000000045,2opt,notBad
16821,6,510.70000000000016,6,509.00000000000045,swap,notBad
16822,6,510.70000000000016,6,509.00000000000045,move,improve
16823,6,510.70000000000016,6,509.00000000000045,2opt,notBad
16824,6,510.70000000000016,6,509.00000000000045,2opt,notBad
16825,6,510.70000000000016,6,509.00000000000045,2opt,improve
16826,6,510.70000000000016,6,509.00000000000045,move,improve
16827,6,510.70000000000016,6,509.00000000000045,swap,notBad
16828,6,510.70000000000016,6,509.00000000000045,swap,improve
16829,6,510.70000000000016,6,509.00000000000045,2opt,notBad
16830,6,510.70000000000016,6,509.00000000000045,move,improve
16831,6,510.70000000000016,6,509.00000000000045,2opt,notBad
16832,6,510.70000000000016,6,509.00000000000045,swap,notBad
16833,6,510.70000000000016,6,509.00000000000045,2opt,notBad
16834,6,510.70000000000016,6,509.00000000000045,swap,notBad
16835,6,510.70000000000016,6,509.00000000000045,2opt,notBad
16836,6,510.70000000000016,6,509.00000000000045,2opt,improve
16837,6,510.70000000000016,6,509.00000000000045,2opt,improve
16838,6,510.70000000000016,6,509.00000000000045,2opt,improve
16839,6,510.70000000000016,6,509.00000000000045,2opt,notBad
16840,6,510.70000000000016,6,509.00000000000045,move,improve
16841,6,510.70000000000016,6,509.00000000000045,2opt,notBad
16842,6,510.70000000000016,6,509.00000000000045,move,improve
16843,6,510.70000000000016,6,509.00000000000045,2opt,notBad
16844,6,510.70000000000016,6,509.00000000000045,move,improve
16845,6,510.70000000000016,6,509.00000000000045,swap,notBad
16846,6,510.70000000000016,6,509.00000000000045,2opt,notBad
16847,6,510.70000000000016,6,509.00000000000045,2opt,notBad
16848,6,510.70000000000016,6,509.00000000000045,swap,notBad
16849,6,510.70000000000016,6,509.00000000000045,2opt,notBad
16850,6,510.70000000000016,6,509.00000000000045,swap,notBad
16851,6,510.70000000000016,6,509.00000000000045,move,improve
16852,6,510.70000000000016,6,509.00000000000045,2opt,notBad
16853,6,510.70000000000016,6,509.00000000000045,move,improve
16854,6,510.70000000000016,6,509.00000000000045,move,improve
16855,6,510.70000000000016,6,509.00000000000045,move,improve
16856,6,510.70000000000016,6,509.00000000000045,swap,notBad
16857,6,510.70000000000016,6,509.00000000000045,2opt,notBad
16858,6,510.70000000000016,6,509.00000000000045,swap,notBad
16859,6,510.70000000000016,6,509.00000000000045,2opt,notBad
16860,6,511.1,6,509.00000000000045,swap,acceptBad
16861,6,511.1,6,509.00000000000045,move,improve
16862,6,511.1,6,509.00000000000045,2opt,notBad
16863,6,511.1,6,509.00000000000045,move,improve
16864,6,511.1,6,509.00000000000045,2opt,notBad
16865,6,511.1,6,509.00000000000045,move,improve
16866,6,511.1,6,509.00000000000045,swap,notBad
16867,6,511.1,6,509.00000000000045,swap,notBad
16868,6,511.1,6,509.00000000000045,2opt,notBad
16869,6,511.1,6,509.00000000000045,swap,notBad
16870,6,511.1,6,509.00000000000045,swap,notBad
16871,6,511.1,6,509.00000000000045,swap,notBad
16872,6,511.1,6,509.00000000000045,swap,notBad
16873,6,511.1,6,509.00000000000045,move,improve
16874,6,511.1,6,509.00000000000045,swap,notBad
16875,6,511.1,6,509.00000000000045,swap,notBad
16876,6,511.1,6,509.00000000000045,2opt,improve
16877,6,511.1,6,509.00000000000045,swap,notBad
16878,6,511.1,6,509.00000000000045,swap,notBad
16879,6,511.1,6,509.00000000000045,swap,notBad
16880,6,511.1,6,509.00000000000045,2opt,notBad
16881,6,511.1,6,509.00000000000045,move,improve
16882,6,511.1,6,509.00000000000045,move,improve
16883,6,511.1,6,509.00000000000045,move,improve
16884,6,511.1,6,509.00000000000045,swap,improve
16885,6,511.1,6,509.00000000000045,2opt,notBad
16886,6,511.1,6,509.00000000000045,move,improve
16887,6,511.1,6,509.00000000000045,2opt,notBad
16888,6,511.1,6,509.00000000000045,move,improve
16889,6,511.1,6,509.00000000000045,2opt,notBad
16890,6,511.1,6,509.00000000000045,swap,notBad
16891,6,511.1,6,509.00000000000045,swap,notBad
16892,6,511.1,6,509.00000000000045,2opt,notBad
16893,6,511.1,6,509.00000000000045,move,improve
16894,6,511.1,6,509.00000000000045,move,improve
16895,6,511.1,6,509.00000000000045,2opt,notBad
16896,6,511.1,6,509.00000000000045,swap,notBad
16897,6,511.1,6,509.00000000000045,swap,notBad
16898,6,511.1,6,509.00000000000045,2opt,notBad
16899,6,511.1,6,509.00000000000045,move,improve
16900,6,511.1,6,509.00000000000045,swap,notBad
16901,6,511.1,6,509.00000000000045,2opt,notBad
16902,6,511.1,6,509.00000000000045,swap,notBad
16903,6,511.1,6,509.00000000000045,2opt,improve
16904,6,511.1,6,509.00000000000045,move,improve
16905,6,511.1,6,509.00000000000045,2opt,notBad
16906,6,511.1,6,509.00000000000045,2opt,improve
16907,6,511.1,6,509.00000000000045,2opt,improve
16908,6,511.1,6,509.00000000000045,swap,notBad
16909,6,511.1,6,509.00000000000045,2opt,notBad
16910,6,511.1,6,509.00000000000045,move,improve
16911,6,511.1,6,509.00000000000045,2opt,notBad
16912,6,511.1,6,509.00000000000045,2opt,improve
16913,6,511.1,6,509.00000000000045,swap,notBad
16914,6,511.1,6,509.00000000000045,2opt,notBad
16915,6,511.1,6,509.00000000000045,swap,notBad
16916,6,511.1,6,509.00000000000045,2opt,notBad
16917,6,511.1,6,509.00000000000045,swap,notBad
16918,6,511.1,6,509.00000000000045,2opt,notBad
16919,6,511.1,6,509.00000000000045,2opt,notBad
16920,6,511.1,6,509.00000000000045,move,improve
16921,6,511.1,6,509.00000000000045,swap,notBad
16922,6,511.1,6,509.00000000000045,swap,notBad
16923,6,511.1,6,509.00000000000045,move,improve
16924,6,511.1,6,509.00000000000045,2opt,notBad
16925,6,511.1,6,509.00000000000045,2opt,notBad
16926,6,511.1,6,509.00000000000045,2opt,notBad
16927,6,511.1,6,509.00000000000045,swap,notBad
16928,6,511.1,6,509.00000000000045,2opt,notBad
16929,6,511.1,6,509.00000000000045,2opt,notBad
16930,6,511.1,6,509.00000000000045,2opt,improve
16931,6,511.1,6,509.00000000000045,move,improve
16932,6,511.1,6,509.00000000000045,swap,notBad
16933,6,511.1,6,509.00000000000045,move,improve
16934,6,511.1,6,509.00000000000045,2opt,notBad
16935,6,511.1,6,509.00000000000045,move,improve
16936,6,511.1,6,509.00000000000045,swap,notBad
16937,6,511.1,6,509.00000000000045,swap,notBad
16938,6,511.1,6,509.00000000000045,2opt,notBad
16939,6,511.1,6,509.00000000000045,swap,notBad
16940,6,511.1,6,509.00000000000045,2opt,notBad
16941,6,511.1,6,509.00000000000045,2opt,notBad
16942,6,511.1,6,509.00000000000045,swap,notBad
16943,6,511.1,6,509.00000000000045,move,improve
16944,6,511.1,6,509.00000000000045,2opt,notBad
16945,6,511.1,6,509.00000000000045,move,improve
16946,6,511.1,6,509.00000000000045,2opt,notBad
16947,6,511.1,6,509.00000000000045,swap,notBad
16948,6,511.1,6,509.00000000000045,2opt,notBad
16949,6,511.1,6,509.00000000000045,2opt,notBad
16950,6,511.1,6,509.00000000000045,swap,notBad
16951,6,511.1,6,509.00000000000045,move,improve
16952,6,511.1,6,509.00000000000045,2opt,notBad
16953,6,511.1,6,509.00000000000045,move,improve
16954,6,511.1,6,509.00000000000045,2opt,notBad
16955,6,511.1,6,509.00000000000045,2opt,notBad
16956,6,511.1,6,509.00000000000045,swap,notBad
16957,6,511.1,6,509.00000000000045,move,improve
16958,6,511.1,6,509.00000000000045,move,improve
16959,6,511.1,6,509.00000000000045,swap,notBad
16960,6,511.1,6,509.00000000000045,2opt,notBad
16961,6,511.1,6,509.00000000000045,2opt,notBad
16962,6,510.70000000000016,6,509.00000000000045,swap,improve
16963,6,510.70000000000016,6,509.00000000000045,move,improve
16964,6,510.70000000000016,6,509.00000000000045,swap,notBad
16965,6,510.70000000000016,6,509.00000000000045,move,improve
16966,6,510.70000000000016,6,509.00000000000045,2opt,improve
16967,6,510.70000000000016,6,509.00000000000045,2opt,notBad
16968,6,510.70000000000016,6,509.00000000000045,move,notBad
16969,6,510.70000000000016,6,509.00000000000045,swap,notBad
16970,6,510.70000000000016,6,509.00000000000045,2opt,notBad
16971,6,510.70000000000016,6,509.00000000000045,move,improve
16972,6,510.70000000000016,6,509.00000000000045,move,improve
16973,6,510.70000000000016,6,509.00000000000045,swap,notBad
16974,6,510.70000000000016,6,509.00000000000045,swap,notBad
16975,6,510.70000000000016,6,509.00000000000045,swap,notBad
16976,6,510.70000000000016,6,509.00000000000045,move,improve
16977,6,510.70000000000016,6,509.00000000000045,move,improve
16978,6,510.70000000000016,6,509.00000000000045,move,improve
16979,6,510.70000000000016,6,509.00000000000045,swap,notBad
16980,6,510.70000000000016,6,509.00000000000045,swap,improve
16981,6,510.70000000000016,6,509.00000000000045,2opt,notBad
16982,6,510.70000000000016,6,509.00000000000045,move,improve
16983,6,510.70000000000016,6,509.00000000000045,swap,notBad
16984,6,510.70000000000016,6,509.00000000000045,swap,notBad
16985,6,510.70000000000016,6,509.00000000000045,swap,notBad
16986,6,510.70000000000016,6,509.00000000000045,2opt,notBad
16987,6,510.70000000000016,6,509.00000000000045,move,improve
16988,6,510.70000000000016,6,509.00000000000045,move,improve
16989,6,510.70000000000016,6,509.00000000000045,swap,notBad
16990,6,510.70000000000016,6,509.00000000000045,swap,notBad
16991,6,510.70000000000016,6,509.00000000000045,2opt,notBad
16992,6,510.70000000000016,6,509.00000000000045,2opt,notBad
16993,6,510.70000000000016,6,509.00000000000045,move,improve
16994,6,510.70000000000016,6,509.00000000000045,swap,notBad
16995,6,510.70000000000016,6,509.00000000000045,2opt,notBad
16996,6,510.70000000000016,6,509.00000000000045,2opt,notBad
16997,6,510.70000000000016,6,509.00000000000045,2opt,improve
16998,6,510.70000000000016,6,509.00000000000045,move,improve
16999,6,510.70000000000016,6,509.00000000000045,swap,notBad
17000,6,510.70000000000016,6,509.00000000000045,swap,notBad
17001,6,510.70000000000016,6,509.00000000000045,swap,notBad
17002,6,510.70000000000016,6,509.00000000000045,swap,notBad
17003,6,510.70000000000016,6,509.00000000000045,move,improve
17004,6,510.70000000000016,6,509.00000000000045,2opt,notBad
17005,6,510.70000000000016,6,509.00000000000045,swap,notBad
17006,6,510.70000000000016,6,509.00000000000045,move,improve
17007,6,510.70000000000016,6,509.00000000000045,2opt,notBad
17008,6,510.70000000000016,6,509.00000000000045,move,improve
17009,6,510.70000000000016,6,509.00000000000045,swap,notBad
17010,6,510.70000000000016,6,509.00000000000045,2opt,improve
17011,6,510.70000000000016,6,509.00000000000045,swap,notBad
17012,6,510.70000000000016,6,509.00000000000045,move,improve
17013,6,510.70000000000016,6,509.00000000000045,swap,notBad
17014,6,510.70000000000016,6,509.00000000000045,move,improve
17015,6,510.70000000000016,6,509.00000000000045,2opt,improve
17016,6,510.70000000000016,6,509.00000000000045,2opt,notBad
17017,6,510.70000000000016,6,509.00000000000045,move,improve
17018,6,510.70000000000016,6,509.00000000000045,2opt,notBad
17019,6,510.70000000000016,6,509.00000000000045,swap,notBad
17020,6,510.70000000000016,6,509.00000000000045,move,improve
17021,6,510.70000000000016,6,509.00000000000045,swap,notBad
17022,6,510.70000000000016,6,509.00000000000045,swap,notBad
17023,6,510.70000000000016,6,509.00000000000045,move,improve
17024,6,510.70000000000016,6,509.00000000000045,2opt,improve
17025,6,510.70000000000016,6,509.00000000000045,swap,notBad
17026,6,510.70000000000016,6,509.00000000000045,swap,notBad
17027,6,510.70000000000016,6,509.00000000000045,move,improve
17028,6,510.70000000000016,6,509.00000000000045,move,improve
17029,6,510.70000000000016,6,509.00000000000045,move,improve
17030,6,510.70000000000016,6,509.00000000000045,swap,notBad
17031,6,510.70000000000016,6,509.00000000000045,2opt,notBad
17032,6,510.70000000000016,6,509.00000000000045,swap,improve
17033,6,510.70000000000016,6,509.00000000000045,move,improve
17034,6,510.70000000000016,6,509.00000000000045,swap,notBad
17035,6,510.70000000000016,6,509.00000000000045,move,improve
17036,6,510.70000000000016,6,509.00000000000045,swap,notBad
17037,6,510.70000000000016,6,509.00000000000045,2opt,notBad
17038,6,510.70000000000016,6,509.00000000000045,swap,notBad
17039,6,510.70000000000016,6,509.00000000000045,2opt,notBad
17040,6,510.70000000000016,6,509.00000000000045,2opt,notBad
17041,6,510.70000000000016,6,509.00000000000045,2opt,notBad
17042,6,510.70000000000016,6,509.00000000000045,2opt,improve
17043,6,510.70000000000016,6,509.00000000000045,2opt,notBad
17044,6,510.70000000000016,6,509.00000000000045,swap,notBad
17045,6,510.70000000000016,6,509.00000000000045,move,improve
17046,6,510.70000000000016,6,509.00000000000045,swap,notBad
17047,6,510.69999999999993,6,509.00000000000045,swap,improve
17048,6,510.69999999999993,6,509.00000000000045,swap,notBad
17049,6,510.69999999999993,6,509.00000000000045,move,improve
17050,6,510.69999999999993,6,509.00000000000045,swap,notBad
17051,6,510.69999999999993,6,509.00000000000045,move,improve
17052,6,510.69999999999993,6,509.00000000000045,2opt,improve
17053,6,510.69999999999993,6,509.00000000000045,move,improve
17054,6,510.69999999999993,6,509.00000000000045,move,improve
17055,6,510.69999999999993,6,509.00000000000045,move,improve
17056,6,510.69999999999993,6,509.00000000000045,move,improve
17057,6,510.69999999999993,6,509.00000000000045,2opt,notBad
17058,6,510.69999999999993,6,509.00000000000045,2opt,notBad
17059,6,510.69999999999993,6,509.00000000000045,2opt,notBad
17060,6,510.69999999999993,6,509.00000000000045,2opt,notBad
17061,6,510.69999999999993,6,509.00000000000045,move,improve
17062,6,510.69999999999993,6,509.00000000000045,swap,notBad
17063,6,510.69999999999993,6,509.00000000000045,2opt,notBad
17064,6,510.69999999999993,6,509.00000000000045,swap,notBad
17065,6,510.69999999999993,6,509.00000000000045,swap,notBad
17066,6,510.69999999999993,6,509.00000000000045,2opt,notBad
17067,6,510.69999999999993,6,509.00000000000045,swap,notBad
17068,6,510.69999999999993,6,509.00000000000045,2opt,improve
17069,6,510.69999999999993,6,509.00000000000045,swap,notBad
17070,6,510.69999999999993,6,509.00000000000045,2opt,notBad
17071,6,510.69999999999993,6,509.00000000000045,swap,notBad
17072,6,510.69999999999993,6,509.00000000000045,2opt,improve
17073,6,510.69999999999993,6,509.00000000000045,move,improve
17074,6,510.69999999999993,6,509.00000000000045,swap,notBad
17075,6,510.69999999999993,6,509.00000000000045,move,improve
17076,6,510.69999999999993,6,509.00000000000045,swap,notBad
17077,6,510.69999999999993,6,509.00000000000045,swap,notBad
17078,6,510.69999999999993,6,509.00000000000045,swap,notBad
17079,6,510.69999999999993,6,509.00000000000045,move,improve
17080,6,510.69999999999993,6,509.00000000000045,move,improve
17081,6,510.69999999999993,6,509.00000000000045,move,improve
17082,6,510.69999999999993,6,509.00000000000045,move,improve
17083,6,510.69999999999993,6,509.00000000000045,swap,notBad
17084,6,510.69999999999993,6,509.00000000000045,2opt,notBad
17085,6,510.69999999999993,6,509.00000000000045,2opt,notBad
17086,6,510.69999999999993,6,509.00000000000045,swap,notBad
17087,6,510.69999999999993,6,509.00000000000045,2opt,notBad
17088,6,510.69999999999993,6,509.00000000000045,2opt,notBad
17089,6,510.69999999999993,6,509.00000000000045,swap,notBad
17090,6,510.69999999999993,6,509.00000000000045,move,improve
17091,6,510.69999999999993,6,509.00000000000045,move,improve
17092,6,510.69999999999993,6,509.00000000000045,move,improve
17093,6,510.70000000000016,6,509.00000000000045,swap,acceptBad
17094,6,510.70000000000016,6,509.00000000000045,move,improve
17095,6,510.70000000000016,6,509.00000000000045,swap,notBad
17096,6,510.70000000000016,6,509.00000000000045,2opt,notBad
17097,6,510.70000000000016,6,509.00000000000045,swap,notBad
17098,6,510.70000000000016,6,509.00000000000045,move,improve
17099,6,510.70000000000016,6,509.00000000000045,2opt,notBad
17100,6,510.70000000000016,6,509.00000000000045,swap,notBad
17101,6,510.70000000000016,6,509.00000000000045,2opt,notBad
17102,6,510.70000000000016,6,509.00000000000045,swap,notBad
17103,6,510.70000000000016,6,509.00000000000045,2opt,notBad
17104,6,510.70000000000016,6,509.00000000000045,2opt,notBad
17105,6,510.70000000000016,6,509.00000000000045,move,improve
17106,6,510.70000000000016,6,509.00000000000045,2opt,notBad
17107,6,510.70000000000016,6,509.00000000000045,swap,notBad
17108,6,510.70000000000016,6,509.00000000000045,swap,notBad
17109,6,510.70000000000016,6,509.00000000000045,2opt,notBad
17110,6,510.70000000000016,6,509.00000000000045,move,improve
17111,6,510.70000000000016,6,509.00000000000045,move,improve
17112,6,510.70000000000016,6,509.00000000000045,2opt,notBad
17113,6,510.70000000000016,6,509.00000000000045,swap,notBad
17114,6,510.70000000000016,6,509.00000000000045,move,improve
17115,6,510.70000000000016,6,509.00000000000045,move,improve
17116,6,510.70000000000016,6,509.00000000000045,swap,notBad
17117,6,510.70000000000016,6,509.00000000000045,move,improve
17118,6,510.70000000000016,6,509.00000000000045,move,improve
17119,6,510.70000000000016,6,509.00000000000045,2opt,notBad
17120,6,510.70000000000016,6,509.00000000000045,2opt,notBad
17121,6,510.70000000000016,6,509.00000000000045,move,improve
17122,6,510.70000000000016,6,509.00000000000045,move,improve
17123,6,510.70000000000016,6,509.00000000000045,swap,notBad
17124,6,510.70000000000016,6,509.00000000000045,move,improve
17125,6,510.70000000000016,6,509.00000000000045,swap,notBad
17126,6,510.70000000000016,6,509.00000000000045,move,improve
17127,6,510.70000000000016,6,509.00000000000045,move,improve
17128,6,510.70000000000016,6,509.00000000000045,2opt,improve
17129,6,510.70000000000016,6,509.00000000000045,swap,notBad
17130,6,510.70000000000016,6,509.00000000000045,swap,notBad
17131,6,510.70000000000016,6,509.00000000000045,swap,notBad
17132,6,510.70000000000016,6,509.00000000000045,swap,improve
17133,6,510.70000000000016,6,509.00000000000045,swap,notBad
17134,6,510.70000000000016,6,509.00000000000045,2opt,notBad
17135,6,510.70000000000016,6,509.00000000000045,swap,improve
17136,6,510.70000000000016,6,509.00000000000045,move,improve
17137,6,510.70000000000016,6,509.00000000000045,move,improve
17138,6,510.70000000000016,6,509.00000000000045,swap,improve
17139,6,510.70000000000016,6,509.00000000000045,2opt,notBad
17140,6,510.70000000000016,6,509.00000000000045,move,improve
17141,6,510.70000000000016,6,509.00000000000045,move,improve
17142,6,510.70000000000016,6,509.00000000000045,2opt,notBad
17143,6,510.70000000000016,6,509.00000000000045,swap,notBad
17144,6,510.70000000000016,6,509.00000000000045,2opt,notBad
17145,6,510.70000000000016,6,509.00000000000045,swap,notBad
17146,6,510.70000000000016,6,509.00000000000045,move,improve
17147,6,510.70000000000016,6,509.00000000000045,swap,notBad
17148,6,510.70000000000016,6,509.00000000000045,move,improve
17149,6,510.70000000000016,6,509.00000000000045,2opt,notBad
17150,6,510.70000000000016,6,509.00000000000045,move,improve
17151,6,510.70000000000016,6,509.00000000000045,2opt,notBad
17152,6,510.70000000000016,6,509.00000000000045,move,improve
17153,6,510.70000000000016,6,509.00000000000045,move,improve
17154,6,510.70000000000016,6,509.00000000000045,move,improve
17155,6,510.70000000000016,6,509.00000000000045,2opt,notBad
17156,6,510.70000000000016,6,509.00000000000045,2opt,improve
17157,6,510.70000000000016,6,509.00000000000045,move,improve
17158,6,510.70000000000016,6,509.00000000000045,swap,notBad
17159,6,510.70000000000016,6,509.00000000000045,swap,notBad
17160,6,510.70000000000016,6,509.00000000000045,move,improve
17161,6,510.70000000000016,6,509.00000000000045,swap,notBad
17162,6,510.70000000000016,6,509.00000000000045,swap,notBad
17163,6,510.70000000000016,6,509.00000000000045,2opt,improve
17164,6,510.70000000000016,6,509.00000000000045,swap,notBad
17165,6,510.69999999999993,6,509.00000000000045,swap,improve
17166,6,510.69999999999993,6,509.00000000000045,swap,notBad
17167,6,510.69999999999993,6,509.00000000000045,move,improve
17168,6,510.69999999999993,6,509.00000000000045,swap,notBad
17169,6,510.69999999999993,6,509.00000000000045,2opt,notBad
17170,6,510.69999999999993,6,509.00000000000045,swap,notBad
17171,6,510.69999999999993,6,509.00000000000045,2opt,improve
17172,6,510.69999999999993,6,509.00000000000045,2opt,improve
17173,6,510.69999999999993,6,509.00000000000045,swap,notBad
17174,6,510.69999999999993,6,509.00000000000045,swap,notBad
17175,6,510.69999999999993,6,509.00000000000045,move,improve
17176,6,510.69999999999993,6,509.00000000000045,2opt,notBad
17177,6,510.69999999999993,6,509.00000000000045,2opt,notBad
17178,6,510.69999999999993,6,509.00000000000045,2opt,notBad
17179,6,510.69999999999993,6,509.00000000000045,move,improve
17180,6,510.69999999999993,6,509.00000000000045,2opt,notBad
17181,6,510.69999999999993,6,509.00000000000045,swap,notBad
17182,6,510.69999999999993,6,509.00000000000045,swap,notBad
17183,6,510.69999999999993,6,509.00000000000045,2opt,improve
17184,6,510.69999999999993,6,509.00000000000045,move,improve
17185,6,510.69999999999993,6,509.00000000000045,move,improve
17186,6,510.69999999999993,6,509.00000000000045,move,improve
17187,6,510.69999999999993,6,509.00000000000045,swap,notBad
17188,6,510.69999999999993,6,509.00000000000045,move,improve
17189,6,510.69999999999993,6,509.00000000000045,move,improve
17190,6,510.69999999999993,6,509.00000000000045,move,improve
17191,6,510.69999999999993,6,509.00000000000045,swap,notBad
17192,6,510.69999999999993,6,509.00000000000045,move,improve
17193,6,510.69999999999993,6,509.00000000000045,move,improve
17194,6,510.69999999999993,6,509.00000000000045,swap,notBad
17195,6,510.69999999999993,6,509.00000000000045,move,improve
17196,6,510.69999999999993,6,509.00000000000045,move,improve
17197,6,510.69999999999993,6,509.00000000000045,swap,notBad
17198,6,510.69999999999993,6,509.00000000000045,2opt,notBad
17199,6,510.69999999999993,6,509.00000000000045,move,improve
17200,6,510.69999999999993,6,509.00000000000045,swap,notBad
17201,6,510.69999999999993,6,509.00000000000045,swap,notBad
17202,6,510.69999999999993,6,509.00000000000045,swap,notBad
17203,6,510.69999999999993,6,509.00000000000045,swap,notBad
17204,6,510.69999999999993,6,509.00000000000045,move,improve
17205,6,510.69999999999993,6,509.00000000000045,2opt,notBad
17206,6,510.69999999999993,6,509.00000000000045,swap,notBad
17207,6,510.69999999999993,6,509.00000000000045,2opt,notBad
17208,6,510.69999999999993,6,509.00000000000045,2opt,notBad
17209,6,510.69999999999993,6,509.00000000000045,move,improve
17210,6,510.69999999999993,6,509.00000000000045,move,improve
17211,6,510.69999999999993,6,509.00000000000045,move,improve
17212,6,510.69999999999993,6,509.00000000000045,move,improve
17213,6,510.69999999999993,6,509.00000000000045,2opt,notBad
17214,6,510.69999999999993,6,509.00000000000045,2opt,improve
17215,6,510.69999999999993,6,509.00000000000045,swap,notBad
17216,6,510.69999999999993,6,509.00000000000045,swap,notBad
17217,6,510.69999999999993,6,509.00000000000045,swap,notBad
17218,6,510.69999999999993,6,509.00000000000045,2opt,notBad
17219,6,510.69999999999993,6,509.00000000000045,move,improve
17220,6,510.69999999999993,6,509.00000000000045,move,improve
17221,6,510.69999999999993,6,509.00000000000045,2opt,notBad
17222,6,510.69999999999993,6,509.00000000000045,swap,improve
17223,6,510.69999999999993,6,509.00000000000045,2opt,improve
17224,6,510.69999999999993,6,509.00000000000045,move,improve
17225,6,510.69999999999993,6,509.00000000000045,swap,notBad
17226,6,510.69999999999993,6,509.00000000000045,move,improve
17227,6,510.69999999999993,6,509.00000000000045,swap,notBad
17228,6,510.69999999999993,6,509.00000000000045,move,improve
17229,6,510.69999999999993,6,509.00000000000045,swap,notBad
17230,6,510.69999999999993,6,509.00000000000045,move,improve
17231,6,510.69999999999993,6,509.00000000000045,2opt,notBad
17232,6,510.69999999999993,6,509.00000000000045,2opt,notBad
17233,6,510.69999999999993,6,509.00000000000045,move,improve
17234,6,510.69999999999993,6,509.00000000000045,swap,notBad
17235,6,510.69999999999993,6,509.00000000000045,swap,notBad
17236,6,510.69999999999993,6,509.00000000000045,2opt,notBad
17237,6,510.69999999999993,6,509.00000000000045,swap,improve
17238,6,510.69999999999993,6,509.00000000000045,2opt,notBad
17239,6,510.69999999999993,6,509.00000000000045,move,improve
17240,6,510.69999999999993,6,509.00000000000045,2opt,notBad
17241,6,510.69999999999993,6,509.00000000000045,move,improve
17242,6,510.69999999999993,6,509.00000000000045,move,improve
17243,6,510.69999999999993,6,509.00000000000045,move,improve
17244,6,510.69999999999993,6,509.00000000000045,move,improve
17245,6,510.69999999999993,6,509.00000000000045,move,improve
17246,6,510.69999999999993,6,509.00000000000045,2opt,notBad
17247,6,510.69999999999993,6,509.00000000000045,move,improve
17248,6,510.69999999999993,6,509.00000000000045,2opt,improve
17249,6,510.69999999999993,6,509.00000000000045,swap,notBad
17250,6,510.69999999999993,6,509.00000000000045,move,improve
17251,6,510.69999999999993,6,509.00000000000045,2opt,notBad
17252,6,510.69999999999993,6,509.00000000000045,swap,notBad
17253,6,510.69999999999993,6,509.00000000000045,swap,notBad
17254,6,510.69999999999993,6,509.00000000000045,swap,notBad
17255,6,510.69999999999993,6,509.00000000000045,swap,notBad
17256,6,510.69999999999993,6,509.00000000000045,move,improve
17257,6,510.69999999999993,6,509.00000000000045,swap,notBad
17258,6,510.69999999999993,6,509.00000000000045,move,improve
17259,6,510.69999999999993,6,509.00000000000045,2opt,notBad
17260,6,510.69999999999993,6,509.00000000000045,2opt,notBad
17261,6,510.69999999999993,6,509.00000000000045,swap,improve
17262,6,510.69999999999993,6,509.00000000000045,move,improve
17263,6,510.69999999999993,6,509.00000000000045,swap,notBad
17264,6,510.69999999999993,6,509.00000000000045,move,improve
17265,6,510.69999999999993,6,509.00000000000045,swap,notBad
17266,6,510.69999999999993,6,509.00000000000045,swap,notBad
17267,6,510.69999999999993,6,509.00000000000045,move,improve
17268,6,510.69999999999993,6,509.00000000000045,swap,notBad
17269,6,510.69999999999993,6,509.00000000000045,move,improve
17270,6,510.69999999999993,6,509.00000000000045,move,improve
17271,6,510.69999999999993,6,509.00000000000045,move,improve
17272,6,510.69999999999993,6,509.00000000000045,2opt,improve
17273,6,510.69999999999993,6,509.00000000000045,move,improve
17274,6,510.69999999999993,6,509.00000000000045,2opt,improve
17275,6,510.69999999999993,6,509.00000000000045,2opt,improve
17276,6,510.69999999999993,6,509.00000000000045,move,improve
17277,6,510.69999999999993,6,509.00000000000045,move,improve
17278,6,510.69999999999993,6,509.00000000000045,2opt,notBad
17279,6,510.69999999999993,6,509.00000000000045,swap,notBad
17280,6,510.69999999999993,6,509.00000000000045,move,improve
17281,6,510.69999999999993,6,509.00000000000045,2opt,notBad
17282,6,510.70000000000016,6,509.00000000000045,swap,acceptBad
17283,6,510.70000000000016,6,509.00000000000045,swap,improve
17284,6,510.70000000000016,6,509.00000000000045,swap,notBad
17285,6,510.70000000000016,6,509.00000000000045,2opt,improve
17286,6,510.5000000000001,6,509.00000000000045,2opt,improve
17287,6,510.5000000000001,6,509.00000000000045,move,improve
17288,6,510.5000000000001,6,509.00000000000045,move,improve
17289,6,510.5000000000001,6,509.00000000000045,move,improve
17290,6,510.5000000000001,6,509.00000000000045,move,improve
17291,6,510.5000000000001,6,509.00000000000045,2opt,notBad
17292,6,510.5000000000001,6,509.00000000000045,move,improve
17293,6,510.5000000000001,6,509.00000000000045,move,notBad
17294,6,510.5000000000001,6,509.00000000000045,2opt,notBad
17295,6,510.5000000000001,6,509.00000000000045,2opt,notBad
17296,6,510.5000000000001,6,509.00000000000045,swap,notBad
17297,6,510.5000000000001,6,509.00000000000045,2opt,notBad
17298,6,510.5000000000001,6,509.00000000000045,swap,notBad
17299,6,510.5000000000001,6,509.00000000000045,2opt,notBad
17300,6,510.5000000000001,6,509.00000000000045,2opt,notBad
17301,6,510.5000000000001,6,509.00000000000045,swap,notBad
17302,6,510.5000000000001,6,509.00000000000045,2opt,notBad
17303,6,510.5000000000001,6,509.00000000000045,swap,notBad
17304,6,510.5000000000001,6,509.00000000000045,2opt,improve
17305,6,510.5000000000001,6,509.00000000000045,2opt,improve
17306,6,510.5000000000001,6,509.00000000000045,swap,notBad
17307,6,510.5000000000001,6,509.00000000000045,2opt,notBad
17308,6,510.5000000000001,6,509.00000000000045,move,improve
17309,6,510.5000000000001,6,509.00000000000045,swap,notBad
17310,6,510.5000000000001,6,509.00000000000045,2opt,notBad
17311,6,510.5000000000001,6,509.00000000000045,move,improve
17312,6,510.5000000000001,6,509.00000000000045,2opt,notBad
17313,6,510.5000000000001,6,509.00000000000045,swap,notBad
17314,6,510.5000000000001,6,509.00000000000045,move,improve
17315,6,510.5000000000001,6,509.00000000000045,2opt,notBad
17316,6,510.5000000000001,6,509.00000000000045,move,improve
17317,6,510.5000000000001,6,509.00000000000045,move,improve
17318,6,510.5000000000001,6,509.00000000000045,move,improve
17319,6,510.5000000000001,6,509.00000000000045,move,improve
17320,6,510.5000000000001,6,509.00000000000045,2opt,notBad
17321,6,510.5000000000001,6,509.00000000000045,move,improve
17322,6,510.5000000000001,6,509.00000000000045,move,improve
17323,6,510.5000000000001,6,509.00000000000045,swap,improve
17324,6,510.5000000000001,6,509.00000000000045,move,improve
17325,6,510.5000000000001,6,509.00000000000045,move,improve
17326,6,510.5000000000001,6,509.00000000000045,move,improve
17327,6,510.5000000000001,6,509.00000000000045,move,improve
17328,6,510.5000000000001,6,509.00000000000045,move,improve
17329,6,510.5000000000001,6,509.00000000000045,move,improve
17330,6,510.5000000000001,6,509.00000000000045,move,improve
17331,6,510.5000000000001,6,509.00000000000045,swap,notBad
17332,6,510.5000000000001,6,509.00000000000045,2opt,improve
17333,6,510.5000000000001,6,509.00000000000045,swap,notBad
17334,6,510.5000000000001,6,509.00000000000045,2opt,notBad
17335,6,510.5000000000001,6,509.00000000000045,swap,notBad
17336,6,510.5000000000001,6,509.00000000000045,swap,notBad
17337,6,510.5000000000001,6,509.00000000000045,swap,notBad
17338,6,510.5000000000001,6,509.00000000000045,2opt,notBad
17339,6,510.5000000000001,6,509.00000000000045,2opt,notBad
17340,6,510.5000000000001,6,509.00000000000045,move,improve
17341,6,510.5000000000001,6,509.00000000000045,move,improve
17342,6,510.5000000000001,6,509.00000000000045,move,improve
17343,6,510.5000000000001,6,509.00000000000045,swap,notBad
17344,6,510.5000000000001,6,509.00000000000045,swap,notBad
17345,6,510.5000000000001,6,509.00000000000045,swap,notBad
17346,6,510.5000000000001,6,509.00000000000045,move,improve
17347,6,510.5000000000001,6,509.00000000000045,move,improve
17348,6,510.5000000000001,6,509.00000000000045,move,improve
17349,6,510.5000000000001,6,509.00000000000045,swap,notBad
17350,6,510.5000000000001,6,509.00000000000045,move,improve
17351,6,510.5000000000001,6,509.00000000000045,swap,notBad
17352,6,510.5000000000001,6,509.00000000000045,2opt,notBad
17353,6,510.5000000000001,6,509.00000000000045,2opt,notBad
17354,6,510.5000000000001,6,509.00000000000045,move,improve
17355,6,510.5000000000001,6,509.00000000000045,move,improve
17356,6,510.5000000000001,6,509.00000000000045,swap,notBad
17357,6,510.5000000000001,6,509.00000000000045,2opt,notBad
17358,6,510.5000000000001,6,509.00000000000045,2opt,notBad
17359,6,510.5000000000001,6,509.00000000000045,move,improve
17360,6,510.5000000000001,6,509.00000000000045,2opt,notBad
17361,6,510.5000000000001,6,509.00000000000045,swap,improve
17362,6,510.5000000000001,6,509.00000000000045,swap,notBad
17363,6,510.5000000000001,6,509.00000000000045,swap,notBad
17364,6,510.5000000000001,6,509.00000000000045,2opt,notBad
17365,6,510.5000000000001,6,509.00000000000045,move,improve
17366,6,510.5000000000001,6,509.00000000000045,2opt,improve
17367,6,510.5000000000001,6,509.00000000000045,2opt,notBad
17368,6,510.5000000000001,6,509.00000000000045,swap,notBad
17369,6,510.5000000000001,6,509.00000000000045,swap,notBad
17370,6,510.5000000000001,6,509.00000000000045,2opt,notBad
17371,6,510.5000000000001,6,509.00000000000045,move,improve
17372,6,510.5000000000001,6,509.00000000000045,2opt,notBad
17373,6,510.5000000000001,6,509.00000000000045,move,improve
17374,6,510.5000000000001,6,509.00000000000045,swap,notBad
17375,6,510.5000000000001,6,509.00000000000045,swap,notBad
17376,6,510.5000000000001,6,509.00000000000045,2opt,notBad
17377,6,510.5000000000001,6,509.00000000000045,2opt,notBad
17378,6,510.5000000000001,6,509.00000000000045,2opt,notBad
17379,6,510.5000000000001,6,509.00000000000045,2opt,notBad
17380,6,510.5000000000001,6,509.00000000000045,2opt,notBad
17381,6,510.5000000000001,6,509.00000000000045,2opt,notBad
17382,6,510.5000000000001,6,509.00000000000045,move,improve
17383,6,510.5000000000001,6,509.00000000000045,2opt,improve
17384,6,510.5000000000001,6,509.00000000000045,swap,notBad
17385,6,510.5000000000001,6,509.00000000000045,swap,notBad
17386,6,510.5000000000001,6,509.00000000000045,move,improve
17387,6,510.5000000000001,6,509.00000000000045,move,improve
17388,6,510.5000000000001,6,509.00000000000045,swap,notBad
17389,6,510.5000000000001,6,509.00000000000045,move,improve
17390,6,510.5000000000001,6,509.00000000000045,swap,notBad
17391,6,510.5000000000001,6,509.00000000000045,move,improve
17392,6,510.5000000000001,6,509.00000000000045,swap,notBad
17393,6,510.5000000000001,6,509.00000000000045,swap,improve
17394,6,510.5000000000001,6,509.00000000000045,move,improve
17395,6,510.5000000000001,6,509.00000000000045,move,improve
17396,6,510.5000000000001,6,509.00000000000045,swap,notBad
17397,6,510.5000000000001,6,509.00000000000045,move,improve
17398,6,510.5000000000001,6,509.00000000000045,2opt,notBad
17399,6,510.5000000000001,6,509.00000000000045,swap,notBad
17400,6,510.5000000000001,6,509.00000000000045,swap,notBad
17401,6,510.5000000000001,6,509.00000000000045,2opt,notBad
17402,6,510.5000000000001,6,509.00000000000045,swap,notBad
17403,6,510.5000000000001,6,509.00000000000045,swap,notBad
17404,6,510.5000000000001,6,509.00000000000045,move,improve
17405,6,510.5000000000001,6,509.00000000000045,swap,notBad
17406,6,510.5000000000001,6,509.00000000000045,2opt,notBad
17407,6,510.5000000000001,6,509.00000000000045,2opt,improve
17408,6,510.5000000000001,6,509.00000000000045,2opt,improve
17409,6,510.5000000000001,6,509.00000000000045,2opt,notBad
17410,6,510.5000000000001,6,509.00000000000045,swap,notBad
17411,6,510.5000000000001,6,509.00000000000045,2opt,notBad
17412,6,510.5000000000001,6,509.00000000000045,move,improve
17413,6,510.5000000000001,6,509.00000000000045,swap,improve
17414,6,510.5000000000001,6,509.00000000000045,move,improve
17415,6,510.5000000000001,6,509.00000000000045,2opt,notBad
17416,6,510.5000000000001,6,509.00000000000045,2opt,notBad
17417,6,510.5000000000001,6,509.00000000000045,2opt,notBad
17418,6,510.5000000000001,6,509.00000000000045,2opt,notBad
17419,6,510.5000000000001,6,509.00000000000045,move,improve
17420,6,510.5000000000001,6,509.00000000000045,move,improve
17421,6,510.5000000000001,6,509.00000000000045,swap,notBad
17422,6,510.5000000000001,6,509.00000000000045,2opt,notBad
17423,6,510.5000000000001,6,509.00000000000045,move,improve
17424,6,510.5000000000001,6,509.00000000000045,swap,improve
17425,6,510.5000000000001,6,509.00000000000045,move,improve
17426,6,510.5000000000001,6,509.00000000000045,swap,notBad
17427,6,510.5000000000001,6,509.00000000000045,move,improve
17428,6,510.5000000000001,6,509.00000000000045,move,improve
17429,6,510.5000000000001,6,509.00000000000045,move,improve
17430,6,510.5000000000001,6,509.00000000000045,2opt,notBad
17431,6,510.5000000000001,6,509.00000000000045,2opt,notBad
17432,6,510.5000000000001,6,509.00000000000045,swap,notBad
17433,6,510.5000000000001,6,509.00000000000045,swap,notBad
17434,6,510.5000000000001,6,509.00000000000045,move,improve
17435,6,510.5000000000001,6,509.00000000000045,2opt,improve
17436,6,510.5000000000001,6,509.00000000000045,2opt,notBad
17437,6,510.5000000000001,6,509.00000000000045,2opt,notBad
17438,6,510.5000000000001,6,509.00000000000045,move,improve
17439,6,510.5000000000001,6,509.00000000000045,move,improve
17440,6,510.5000000000001,6,509.00000000000045,2opt,notBad
17441,6,510.5000000000001,6,509.00000000000045,swap,notBad
17442,6,510.5000000000001,6,509.00000000000045,swap,notBad
17443,6,510.5000000000001,6,509.00000000000045,swap,notBad
17444,6,510.5000000000001,6,509.00000000000045,move,improve
17445,6,510.5000000000001,6,509.00000000000045,swap,notBad
17446,6,510.5000000000001,6,509.00000000000045,move,improve
17447,6,510.5000000000001,6,509.00000000000045,move,improve
17448,6,510.5000000000001,6,509.00000000000045,move,improve
17449,6,510.5000000000001,6,509.00000000000045,2opt,notBad
17450,6,510.5000000000001,6,509.00000000000045,swap,notBad
17451,6,510.5000000000001,6,509.00000000000045,move,improve
17452,6,510.5000000000001,6,509.00000000000045,swap,notBad
17453,6,510.5000000000001,6,509.00000000000045,move,improve
17454,6,510.5000000000001,6,509.00000000000045,swap,notBad
17455,6,510.5000000000001,6,509.00000000000045,move,improve
17456,6,510.5000000000001,6,509.00000000000045,move,improve
17457,6,510.5000000000001,6,509.00000000000045,move,improve
17458,6,510.5000000000001,6,509.00000000000045,2opt,notBad
17459,6,510.5000000000001,6,509.00000000000045,move,improve
17460,6,510.5000000000001,6,509.00000000000045,swap,notBad
17461,6,510.5000000000001,6,509.00000000000045,2opt,notBad
17462,6,510.5000000000001,6,509.00000000000045,swap,notBad
17463,6,510.5000000000001,6,509.00000000000045,2opt,notBad
17464,6,510.5000000000001,6,509.00000000000045,move,improve
17465,6,510.5000000000001,6,509.00000000000045,move,improve
17466,6,510.5000000000001,6,509.00000000000045,move,improve
17467,6,510.5000000000001,6,509.00000000000045,swap,notBad
17468,6,510.5000000000001,6,509.00000000000045,move,improve
17469,6,510.5000000000001,6,509.00000000000045,move,improve
17470,6,510.5000000000001,6,509.00000000000045,swap,notBad
17471,6,510.5000000000001,6,509.00000000000045,swap,notBad
17472,6,510.5000000000001,6,509.00000000000045,2opt,improve
17473,6,510.5000000000001,6,509.00000000000045,swap,notBad
17474,6,510.5000000000001,6,509.00000000000045,2opt,notBad
17475,6,510.5000000000001,6,509.00000000000045,swap,notBad
17476,6,510.5000000000001,6,509.00000000000045,2opt,notBad
17477,6,510.5000000000001,6,509.00000000000045,swap,notBad
17478,6,510.5000000000001,6,509.00000000000045,move,improve
17479,6,510.5000000000001,6,509.00000000000045,2opt,notBad
17480,6,510.5000000000001,6,509.00000000000045,move,improve
17481,6,510.5000000000001,6,509.00000000000045,2opt,improve
17482,6,510.5000000000001,6,509.00000000000045,move,improve
17483,6,510.5000000000001,6,509.00000000000045,swap,notBad
17484,6,510.5000000000001,6,509.00000000000045,move,improve
17485,6,510.5000000000001,6,509.00000000000045,2opt,notBad
17486,6,510.5000000000001,6,509.00000000000045,2opt,notBad
17487,6,510.5000000000001,6,509.00000000000045,swap,improve
17488,6,510.5000000000001,6,509.00000000000045,swap,notBad
17489,6,510.5000000000001,6,509.00000000000045,2opt,notBad
17490,6,510.5000000000001,6,509.00000000000045,2opt,improve
17491,6,510.5000000000001,6,509.00000000000045,2opt,notBad
17492,6,510.5000000000001,6,509.00000000000045,2opt,notBad
17493,6,510.5000000000001,6,509.00000000000045,move,improve
17494,6,510.5000000000001,6,509.00000000000045,swap,notBad
17495,6,510.5000000000001,6,509.00000000000045,move,improve
17496,6,510.5000000000001,6,509.00000000000045,move,improve
17497,6,510.5000000000001,6,509.00000000000045,swap,notBad
17498,6,510.5000000000001,6,509.00000000000045,swap,notBad
17499,6,510.5000000000001,6,509.00000000000045,2opt,improve
17500,6,510.5000000000001,6,509.00000000000045,2opt,notBad
17501,6,510.5000000000001,6,509.00000000000045,move,improve
17502,6,510.5000000000001,6,509.00000000000045,move,improve
17503,6,510.5000000000001,6,509.00000000000045,2opt,notBad
17504,6,510.5000000000001,6,509.00000000000045,move,improve
17505,6,510.5000000000001,6,509.00000000000045,2opt,notBad
17506,6,510.5000000000001,6,509.00000000000045,move,improve
17507,6,510.5000000000001,6,509.00000000000045,swap,notBad
17508,6,510.5000000000001,6,509.00000000000045,move,improve
17509,6,510.5000000000001,6,509.00000000000045,move,improve
17510,6,510.5000000000001,6,509.00000000000045,swap,notBad
17511,6,510.5000000000001,6,509.00000000000045,2opt,notBad
17512,6,510.5000000000001,6,509.00000000000045,swap,notBad
17513,6,510.5000000000001,6,509.00000000000045,2opt,notBad
17514,6,510.5000000000001,6,509.00000000000045,swap,notBad
17515,6,510.5000000000001,6,509.00000000000045,move,improve
17516,6,510.5000000000001,6,509.00000000000045,move,improve
17517,6,510.5000000000001,6,509.00000000000045,move,improve
17518,6,510.5000000000001,6,509.00000000000045,swap,notBad
17519,6,510.5000000000001,6,509.00000000000045,swap,notBad
17520,6,510.5000000000001,6,509.00000000000045,swap,notBad
17521,6,510.5000000000001,6,509.00000000000045,move,improve
17522,6,510.5000000000001,6,509.00000000000045,move,improve
17523,6,510.5000000000001,6,509.00000000000045,2opt,notBad
17524,6,510.5000000000001,6,509.00000000000045,swap,notBad
17525,6,510.5000000000001,6,509.00000000000045,2opt,notBad
17526,6,510.5000000000001,6,509.00000000000045,move,improve
17527,6,510.5000000000001,6,509.00000000000045,swap,notBad
17528,6,510.5000000000001,6,509.00000000000045,swap,notBad
17529,6,510.5000000000001,6,509.00000000000045,2opt,improve
17530,6,510.5000000000001,6,509.00000000000045,swap,notBad
17531,6,510.5000000000001,6,509.00000000000045,swap,notBad
17532,6,510.5000000000001,6,509.00000000000045,swap,notBad
17533,6,510.5000000000001,6,509.00000000000045,move,improve
17534,6,510.5000000000001,6,509.00000000000045,2opt,notBad
17535,6,510.5000000000001,6,509.00000000000045,move,improve
17536,6,510.5000000000001,6,509.00000000000045,swap,notBad
17537,6,510.5000000000001,6,509.00000000000045,move,improve
17538,6,510.5000000000001,6,509.00000000000045,2opt,notBad
17539,6,510.5000000000001,6,509.00000000000045,swap,notBad
17540,6,510.5000000000001,6,509.00000000000045,swap,notBad
17541,6,510.5000000000001,6,509.00000000000045,move,improve
17542,6,510.5000000000001,6,509.00000000000045,2opt,notBad
17543,6,510.5000000000001,6,509.00000000000045,swap,improve
17544,6,510.5000000000001,6,509.00000000000045,2opt,notBad
17545,6,510.5000000000001,6,509.00000000000045,2opt,notBad
17546,6,510.5000000000001,6,509.00000000000045,swap,notBad
17547,6,510.5000000000001,6,509.00000000000045,2opt,notBad
17548,6,510.5000000000001,6,509.00000000000045,move,improve
17549,6,510.5000000000001,6,509.00000000000045,2opt,notBad
17550,6,510.5000000000001,6,509.00000000000045,swap,notBad
17551,6,510.5000000000001,6,509.00000000000045,move,improve
17552,6,510.5000000000001,6,509.00000000000045,swap,notBad
17553,6,510.5000000000001,6,509.00000000000045,2opt,notBad
17554,6,510.5000000000001,6,509.00000000000045,2opt,improve
17555,6,510.5000000000001,6,509.00000000000045,move,improve
17556,6,510.5000000000001,6,509.00000000000045,swap,notBad
17557,6,510.5000000000001,6,509.00000000000045,swap,notBad
17558,6,510.5000000000001,6,509.00000000000045,move,improve
17559,6,510.5000000000001,6,509.00000000000045,move,improve
17560,6,510.5000000000001,6,509.00000000000045,swap,notBad
17561,6,510.5000000000001,6,509.00000000000045,swap,notBad
17562,6,510.5000000000001,6,509.00000000000045,move,improve
17563,6,510.5000000000001,6,509.00000000000045,swap,notBad
17564,6,510.5000000000001,6,509.00000000000045,2opt,notBad
17565,6,510.5000000000001,6,509.00000000000045,2opt,notBad
17566,6,510.5000000000001,6,509.00000000000045,swap,notBad
17567,6,510.5000000000001,6,509.00000000000045,move,improve
17568,6,510.5000000000001,6,509.00000000000045,swap,notBad
17569,6,510.5000000000001,6,509.00000000000045,move,improve
17570,6,510.5000000000001,6,509.00000000000045,swap,notBad
17571,6,510.5000000000001,6,509.00000000000045,move,improve
17572,6,510.5000000000001,6,509.00000000000045,2opt,notBad
17573,6,510.5000000000001,6,509.00000000000045,move,improve
17574,6,510.5000000000001,6,509.00000000000045,2opt,notBad
17575,6,510.5000000000001,6,509.00000000000045,2opt,notBad
17576,6,510.5000000000001,6,509.00000000000045,swap,notBad
17577,6,510.5000000000001,6,509.00000000000045,swap,notBad
17578,6,510.5000000000001,6,509.00000000000045,2opt,notBad
17579,6,510.5000000000001,6,509.00000000000045,swap,notBad
17580,6,510.5000000000001,6,509.00000000000045,move,improve
17581,6,510.5000000000001,6,509.00000000000045,move,improve
17582,6,510.5000000000001,6,509.00000000000045,move,improve
17583,6,510.5000000000001,6,509.00000000000045,2opt,notBad
17584,6,510.5000000000001,6,509.00000000000045,2opt,improve
17585,6,510.5000000000001,6,509.00000000000045,swap,notBad
17586,6,510.5000000000001,6,509.00000000000045,move,improve
17587,6,510.5000000000001,6,509.00000000000045,move,improve
17588,6,510.5000000000001,6,509.00000000000045,swap,notBad
17589,6,510.5000000000001,6,509.00000000000045,swap,notBad
17590,6,510.5000000000001,6,509.00000000000045,swap,notBad
17591,6,510.5000000000001,6,509.00000000000045,swap,improve
17592,6,510.5000000000001,6,509.00000000000045,swap,notBad
17593,6,510.5000000000001,6,509.00000000000045,swap,notBad
17594,6,510.5000000000001,6,509.00000000000045,swap,improve
17595,6,510.5000000000001,6,509.00000000000045,move,improve
17596,6,510.5000000000001,6,509.00000000000045,2opt,notBad
17597,6,510.5000000000001,6,509.00000000000045,move,improve
17598,6,510.5000000000001,6,509.00000000000045,2opt,improve
17599,6,510.5000000000001,6,509.00000000000045,move,improve
17600,6,510.5000000000001,6,509.00000000000045,swap,notBad
17601,6,510.5000000000001,6,509.00000000000045,2opt,notBad
17602,6,510.5000000000001,6,509.00000000000045,2opt,notBad
17603,6,510.5000000000001,6,509.00000000000045,swap,notBad
17604,6,510.5000000000001,6,509.00000000000045,move,improve
17605,6,510.5000000000001,6,509.00000000000045,2opt,notBad
17606,6,510.5000000000001,6,509.00000000000045,move,improve
17607,6,510.5000000000001,6,509.00000000000045,move,improve
17608,6,510.5000000000001,6,509.00000000000045,2opt,notBad
17609,6,510.5000000000001,6,509.00000000000045,move,improve
17610,6,510.5000000000001,6,509.00000000000045,2opt,notBad
17611,6,510.5000000000001,6,509.00000000000045,swap,notBad
17612,6,510.5000000000001,6,509.00000000000045,move,improve
17613,6,510.5000000000001,6,509.00000000000045,swap,notBad
17614,6,510.5000000000001,6,509.00000000000045,move,improve
17615,6,510.5000000000001,6,509.00000000000045,move,improve
17616,6,510.5000000000001,6,509.00000000000045,move,improve
17617,6,510.5000000000001,6,509.00000000000045,swap,notBad
17618,6,510.5000000000001,6,509.00000000000045,move,notBad
17619,6,510.5000000000001,6,509.00000000000045,2opt,improve
17620,6,510.5000000000001,6,509.00000000000045,2opt,notBad
17621,6,510.5000000000001,6,509.00000000000045,move,improve
17622,6,510.5000000000001,6,509.00000000000045,2opt,notBad
17623,6,510.5000000000001,6,509.00000000000045,move,improve
17624,6,510.5000000000001,6,509.00000000000045,swap,notBad
17625,6,510.5000000000001,6,509.00000000000045,move,improve
17626,6,510.5000000000001,6,509.00000000000045,2opt,improve
17627,6,510.5000000000001,6,509.00000000000045,swap,notBad
17628,6,510.5000000000001,6,509.00000000000045,2opt,notBad
17629,6,510.5000000000001,6,509.00000000000045,2opt,improve
17630,6,510.5000000000001,6,509.00000000000045,2opt,notBad
17631,6,510.5000000000001,6,509.00000000000045,2opt,notBad
17632,6,510.5000000000001,6,509.00000000000045,swap,notBad
17633,6,510.5000000000001,6,509.00000000000045,2opt,notBad
17634,6,510.5000000000001,6,509.00000000000045,2opt,notBad
17635,6,510.5000000000001,6,509.00000000000045,swap,notBad
17636,6,510.5000000000001,6,509.00000000000045,move,improve
17637,6,510.5000000000001,6,509.00000000000045,swap,notBad
17638,6,510.5000000000001,6,509.00000000000045,2opt,notBad
17639,6,510.5000000000001,6,509.00000000000045,swap,notBad
17640,6,510.5000000000001,6,509.00000000000045,swap,notBad
17641,6,510.5000000000001,6,509.00000000000045,move,improve
17642,6,510.5000000000001,6,509.00000000000045,move,improve
17643,6,510.5000000000001,6,509.00000000000045,swap,notBad
17644,6,510.5000000000001,6,509.00000000000045,2opt,improve
17645,6,510.5000000000001,6,509.00000000000045,move,improve
17646,6,510.5000000000001,6,509.00000000000045,move,improve
17647,6,510.5000000000001,6,509.00000000000045,move,improve
17648,6,510.5000000000001,6,509.00000000000045,move,improve
17649,6,510.5000000000001,6,509.00000000000045,swap,notBad
17650,6,510.5000000000001,6,509.00000000000045,swap,improve
17651,6,510.5000000000001,6,509.00000000000045,swap,notBad
17652,6,510.5000000000001,6,509.00000000000045,move,improve
17653,6,510.5000000000001,6,509.00000000000045,swap,notBad
17654,6,510.5000000000001,6,509.00000000000045,move,improve
17655,6,510.5000000000001,6,509.00000000000045,move,improve
17656,6,510.5000000000001,6,509.00000000000045,2opt,notBad
17657,6,510.5000000000001,6,509.00000000000045,2opt,notBad
17658,6,510.5000000000001,6,509.00000000000045,move,improve
17659,6,510.5000000000001,6,509.00000000000045,swap,notBad
17660,6,510.5000000000001,6,509.00000000000045,swap,notBad
17661,6,510.5000000000001,6,509.00000000000045,move,improve
17662,6,510.5000000000001,6,509.00000000000045,swap,notBad
17663,6,510.5000000000001,6,509.00000000000045,swap,improve
17664,6,510.5000000000001,6,509.00000000000045,move,improve
17665,6,510.5000000000001,6,509.00000000000045,move,improve
17666,6,510.5000000000001,6,509.00000000000045,2opt,notBad
17667,6,510.5000000000001,6,509.00000000000045,move,improve
17668,6,510.5000000000001,6,509.00000000000045,swap,improve
17669,6,510.5000000000001,6,509.00000000000045,2opt,notBad
17670,6,510.5000000000001,6,509.00000000000045,move,improve
17671,6,510.5000000000001,6,509.00000000000045,move,improve
17672,6,510.5000000000001,6,509.00000000000045,swap,notBad
17673,6,510.5000000000001,6,509.00000000000045,2opt,notBad
17674,6,510.5000000000001,6,509.00000000000045,swap,notBad
17675,6,510.5000000000001,6,509.00000000000045,swap,notBad
17676,6,510.5000000000001,6,509.00000000000045,move,improve
17677,6,510.5000000000001,6,509.00000000000045,swap,notBad
17678,6,510.5000000000001,6,509.00000000000045,move,improve
17679,6,510.5000000000001,6,509.00000000000045,2opt,notBad
17680,6,510.5000000000001,6,509.00000000000045,swap,notBad
17681,6,510.5000000000001,6,509.00000000000045,move,improve
17682,6,510.5000000000001,6,509.00000000000045,swap,notBad
17683,6,510.5000000000001,6,509.00000000000045,move,improve
17684,6,510.5000000000001,6,509.00000000000045,swap,notBad
17685,6,510.5000000000001,6,509.00000000000045,move,improve
17686,6,510.5000000000001,6,509.00000000000045,move,improve
17687,6,510.5000000000001,6,509.00000000000045,move,improve
17688,6,510.5000000000001,6,509.00000000000045,swap,notBad
17689,6,510.5000000000001,6,509.00000000000045,move,improve
17690,6,510.5000000000001,6,509.00000000000045,2opt,improve
17691,6,510.5000000000001,6,509.00000000000045,2opt,notBad
17692,6,510.5000000000001,6,509.00000000000045,2opt,notBad
17693,6,510.5000000000001,6,509.00000000000045,2opt,notBad
17694,6,510.5000000000001,6,509.00000000000045,swap,notBad
17695,6,510.5000000000001,6,509.00000000000045,move,improve
17696,6,510.5000000000001,6,509.00000000000045,2opt,improve
17697,6,510.5000000000001,6,509.00000000000045,swap,notBad
17698,6,510.5000000000001,6,509.00000000000045,swap,notBad
17699,6,510.5000000000001,6,509.00000000000045,move,improve
17700,6,510.5000000000001,6,509.00000000000045,2opt,improve
17701,6,510.5000000000001,6,509.00000000000045,swap,notBad
17702,6,510.5000000000001,6,509.00000000000045,2opt,notBad
17703,6,510.5000000000001,6,509.00000000000045,move,improve
17704,6,510.5000000000001,6,509.00000000000045,move,improve
17705,6,510.5000000000001,6,509.00000000000045,swap,notBad
17706,6,510.5000000000001,6,509.00000000000045,2opt,notBad
17707,6,510.5000000000001,6,509.00000000000045,2opt,notBad
17708,6,510.5000000000001,6,509.00000000000045,2opt,notBad
17709,6,510.5000000000001,6,509.00000000000045,move,improve
17710,6,510.5000000000001,6,509.00000000000045,2opt,notBad
17711,6,510.5000000000001,6,509.00000000000045,move,improve
17712,6,510.5000000000001,6,509.00000000000045,swap,notBad
17713,6,510.5000000000001,6,509.00000000000045,2opt,notBad
17714,6,510.5000000000001,6,509.00000000000045,swap,notBad
17715,6,510.5000000000001,6,509.00000000000045,swap,notBad
17716,6,510.5000000000001,6,509.00000000000045,swap,notBad
17717,6,510.5000000000001,6,509.00000000000045,move,improve
17718,6,510.5000000000001,6,509.00000000000045,swap,notBad
17719,6,510.5000000000001,6,509.00000000000045,2opt,notBad
17720,6,510.5000000000001,6,509.00000000000045,2opt,notBad
17721,6,510.5000000000001,6,509.00000000000045,swap,notBad
17722,6,510.5000000000001,6,509.00000000000045,2opt,notBad
17723,6,510.5000000000001,6,509.00000000000045,2opt,notBad
17724,6,510.5000000000001,6,509.00000000000045,2opt,notBad
17725,6,510.5000000000001,6,509.00000000000045,2opt,notBad
17726,6,510.5000000000001,6,509.00000000000045,move,improve
17727,6,510.5000000000001,6,509.00000000000045,2opt,notBad
17728,6,510.5000000000001,6,509.00000000000045,move,improve
17729,6,510.5000000000001,6,509.00000000000045,swap,notBad
17730,6,510.5000000000001,6,509.00000000000045,2opt,notBad
17731,6,510.5000000000001,6,509.00000000000045,move,improve
17732,6,510.5000000000001,6,509.00000000000045,move,improve
17733,6,510.5000000000001,6,509.00000000000045,swap,notBad
17734,6,510.5000000000001,6,509.00000000000045,move,improve
17735,6,510.5000000000001,6,509.00000000000045,move,improve
17736,6,510.5000000000001,6,509.00000000000045,swap,improve
17737,6,510.5000000000001,6,509.00000000000045,2opt,notBad
17738,6,510.5000000000001,6,509.00000000000045,move,improve
17739,6,510.5000000000001,6,509.00000000000045,2opt,notBad
17740,6,510.5000000000001,6,509.00000000000045,move,improve
17741,6,510.5000000000001,6,509.00000000000045,2opt,notBad
17742,6,510.5000000000001,6,509.00000000000045,move,improve
17743,6,510.5000000000001,6,509.00000000000045,move,improve
17744,6,510.5000000000001,6,509.00000000000045,swap,improve
17745,6,510.5000000000001,6,509.00000000000045,swap,notBad
17746,6,510.5000000000001,6,509.00000000000045,2opt,improve
17747,6,510.5000000000001,6,509.00000000000045,swap,notBad
17748,6,510.5000000000001,6,509.00000000000045,swap,notBad
17749,6,510.5000000000001,6,509.00000000000045,move,improve
17750,6,510.5000000000001,6,509.00000000000045,move,improve
17751,6,510.5000000000001,6,509.00000000000045,2opt,notBad
17752,6,510.5000000000001,6,509.00000000000045,swap,notBad
17753,6,510.5000000000001,6,509.00000000000045,swap,notBad
17754,6,510.5000000000001,6,509.00000000000045,2opt,notBad
17755,6,510.5000000000001,6,509.00000000000045,2opt,notBad
17756,6,510.5000000000001,6,509.00000000000045,2opt,notBad
17757,6,510.5000000000001,6,509.00000000000045,move,improve
17758,6,510.5000000000001,6,509.00000000000045,2opt,improve
17759,6,510.5000000000001,6,509.00000000000045,swap,improve
17760,6,510.5000000000001,6,509.00000000000045,move,improve
17761,6,510.5000000000001,6,509.00000000000045,move,improve
17762,6,510.5000000000001,6,509.00000000000045,2opt,notBad
17763,6,510.5000000000001,6,509.00000000000045,swap,notBad
17764,6,510.5000000000001,6,509.00000000000045,swap,improve
17765,6,510.5000000000001,6,509.00000000000045,swap,notBad
17766,6,510.5000000000001,6,509.00000000000045,swap,notBad
17767,6,510.5000000000001,6,509.00000000000045,swap,notBad
17768,6,510.5000000000001,6,509.00000000000045,swap,notBad
17769,6,510.5000000000001,6,509.00000000000045,move,improve
17770,6,510.5000000000001,6,509.00000000000045,2opt,notBad
17771,6,510.5000000000001,6,509.00000000000045,2opt,notBad
17772,6,510.5000000000001,6,509.00000000000045,swap,notBad
17773,6,510.5000000000001,6,509.00000000000045,2opt,improve
17774,6,510.5000000000001,6,509.00000000000045,move,improve
17775,6,510.5000000000001,6,509.00000000000045,2opt,notBad
17776,6,510.5000000000001,6,509.00000000000045,swap,notBad
17777,6,510.5000000000001,6,509.00000000000045,move,improve
17778,6,510.5000000000001,6,509.00000000000045,move,improve
17779,6,510.5000000000001,6,509.00000000000045,2opt,improve
17780,6,510.5000000000001,6,509.00000000000045,move,improve
17781,6,510.5000000000001,6,509.00000000000045,move,improve
17782,6,510.5000000000001,6,509.00000000000045,swap,notBad
17783,6,510.5000000000001,6,509.00000000000045,move,improve
17784,6,510.5000000000001,6,509.00000000000045,swap,notBad
17785,6,510.5000000000001,6,509.00000000000045,swap,notBad
17786,6,510.5000000000001,6,509.00000000000045,move,improve
17787,6,510.5000000000001,6,509.00000000000045,swap,notBad
17788,6,510.5000000000001,6,509.00000000000045,2opt,notBad
17789,6,510.5000000000001,6,509.00000000000045,swap,notBad
17790,6,510.5000000000001,6,509.00000000000045,2opt,improve
17791,6,510.5000000000001,6,509.00000000000045,swap,notBad
17792,6,510.5000000000001,6,509.00000000000045,swap,notBad
17793,6,510.5000000000001,6,509.00000000000045,2opt,improve
17794,6,510.5000000000001,6,509.00000000000045,2opt,notBad
17795,6,510.5000000000001,6,509.00000000000045,move,improve
17796,6,510.5000000000001,6,509.00000000000045,2opt,notBad
17797,6,510.5000000000001,6,509.00000000000045,2opt,improve
17798,6,510.5000000000001,6,509.00000000000045,swap,improve
17799,6,510.5000000000001,6,509.00000000000045,2opt,notBad
17800,6,510.5000000000001,6,509.00000000000045,2opt,notBad
17801,6,510.5000000000001,6,509.00000000000045,move,improve
17802,6,510.5000000000001,6,509.00000000000045,move,improve
17803,6,510.5000000000001,6,509.00000000000045,2opt,improve
17804,6,510.5000000000001,6,509.00000000000045,2opt,notBad
17805,6,510.5000000000001,6,509.00000000000045,swap,notBad
17806,6,510.5000000000001,6,509.00000000000045,move,improve
17807,6,510.5000000000001,6,509.00000000000045,move,improve
17808,6,510.5000000000001,6,509.00000000000045,swap,notBad
17809,6,510.5000000000001,6,509.00000000000045,2opt,notBad
17810,6,510.5000000000001,6,509.00000000000045,swap,notBad
17811,6,510.5000000000001,6,509.00000000000045,move,improve
17812,6,510.5000000000001,6,509.00000000000045,move,improve
17813,6,510.5000000000001,6,509.00000000000045,2opt,notBad
17814,6,510.5000000000001,6,509.00000000000045,2opt,notBad
17815,6,510.5000000000001,6,509.00000000000045,swap,notBad
17816,6,510.5000000000001,6,509.00000000000045,move,improve
17817,6,510.5000000000001,6,509.00000000000045,swap,notBad
17818,6,510.5000000000001,6,509.00000000000045,move,improve
17819,6,510.5000000000001,6,509.00000000000045,2opt,improve
17820,6,510.5000000000001,6,509.00000000000045,2opt,improve
17821,6,510.5000000000001,6,509.00000000000045,2opt,improve
17822,6,510.5000000000001,6,509.00000000000045,swap,notBad
17823,6,510.5000000000001,6,509.00000000000045,2opt,notBad
17824,6,510.5000000000001,6,509.00000000000045,2opt,improve
17825,6,510.5000000000001,6,509.00000000000045,2opt,notBad
17826,6,510.5000000000001,6,509.00000000000045,2opt,notBad
17827,6,510.5000000000001,6,509.00000000000045,move,improve
17828,6,510.5000000000001,6,509.00000000000045,swap,notBad
17829,6,510.5000000000001,6,509.00000000000045,2opt,improve
17830,6,510.5000000000001,6,509.00000000000045,move,improve
17831,6,510.5000000000001,6,509.00000000000045,2opt,improve
17832,6,510.5000000000001,6,509.00000000000045,2opt,notBad
17833,6,510.5000000000001,6,509.00000000000045,swap,notBad
17834,6,510.5000000000001,6,509.00000000000045,2opt,notBad
17835,6,510.5000000000001,6,509.00000000000045,2opt,notBad
17836,6,510.5000000000001,6,509.00000000000045,swap,improve
17837,6,510.5000000000001,6,509.00000000000045,swap,notBad
17838,6,510.5000000000001,6,509.00000000000045,move,improve
17839,6,510.5000000000001,6,509.00000000000045,move,improve
17840,6,510.5000000000001,6,509.00000000000045,2opt,notBad
17841,6,510.5000000000001,6,509.00000000000045,swap,notBad
17842,6,510.5000000000001,6,509.00000000000045,2opt,notBad
17843,6,510.5000000000001,6,509.00000000000045,move,improve
17844,6,510.5000000000001,6,509.00000000000045,swap,notBad
17845,6,510.5000000000001,6,509.00000000000045,move,improve
17846,6,510.5000000000001,6,509.00000000000045,2opt,notBad
17847,6,510.5000000000001,6,509.00000000000045,swap,notBad
17848,6,510.5000000000001,6,509.00000000000045,move,improve
17849,6,510.5000000000001,6,509.00000000000045,move,improve
17850,6,510.5000000000001,6,509.00000000000045,2opt,notBad
17851,6,510.5000000000001,6,509.00000000000045,2opt,improve
17852,6,510.5000000000001,6,509.00000000000045,2opt,notBad
17853,6,510.5000000000001,6,509.00000000000045,swap,notBad
17854,6,510.5000000000001,6,509.00000000000045,move,improve
17855,6,510.5000000000001,6,509.00000000000045,move,improve
17856,6,510.5000000000001,6,509.00000000000045,swap,notBad
17857,6,510.5000000000001,6,509.00000000000045,move,improve
17858,6,510.5000000000001,6,509.00000000000045,swap,notBad
17859,6,510.5000000000001,6,509.00000000000045,move,improve
17860,6,510.5000000000001,6,509.00000000000045,swap,notBad
17861,6,510.5000000000001,6,509.00000000000045,swap,notBad
17862,6,510.5000000000001,6,509.00000000000045,2opt,notBad
17863,6,510.5000000000001,6,509.00000000000045,move,improve
17864,6,510.5000000000001,6,509.00000000000045,2opt,notBad
17865,6,510.5000000000001,6,509.00000000000045,swap,notBad
17866,6,510.5000000000001,6,509.00000000000045,2opt,notBad
17867,6,510.5000000000001,6,509.00000000000045,move,improve
17868,6,510.5000000000001,6,509.00000000000045,swap,notBad
17869,6,510.5000000000001,6,509.00000000000045,swap,notBad
17870,6,510.5000000000001,6,509.00000000000045,2opt,notBad
17871,6,510.5000000000001,6,509.00000000000045,2opt,notBad
17872,6,510.5000000000001,6,509.00000000000045,2opt,notBad
17873,6,510.5000000000001,6,509.00000000000045,move,improve
17874,6,510.5000000000001,6,509.00000000000045,swap,notBad
17875,6,510.5000000000001,6,509.00000000000045,2opt,notBad
17876,6,510.5000000000001,6,509.00000000000045,move,improve
17877,6,510.5000000000001,6,509.00000000000045,swap,improve
17878,6,510.5000000000001,6,509.00000000000045,move,improve
17879,6,510.5000000000001,6,509.00000000000045,2opt,notBad
17880,6,510.5000000000001,6,509.00000000000045,2opt,notBad
17881,6,510.5000000000001,6,509.00000000000045,move,improve
17882,6,510.5000000000001,6,509.00000000000045,move,improve
17883,6,510.5000000000001,6,509.00000000000045,swap,notBad
17884,6,510.5000000000001,6,509.00000000000045,swap,notBad
17885,6,510.5000000000001,6,509.00000000000045,swap,notBad
17886,6,510.5000000000001,6,509.00000000000045,2opt,notBad
17887,6,510.5000000000001,6,509.00000000000045,2opt,notBad
17888,6,510.5000000000001,6,509.00000000000045,swap,notBad
17889,6,510.5000000000001,6,509.00000000000045,swap,notBad
17890,6,510.5000000000001,6,509.00000000000045,2opt,notBad
17891,6,510.5000000000001,6,509.00000000000045,move,improve
17892,6,510.5000000000001,6,509.00000000000045,swap,notBad
17893,6,510.5000000000001,6,509.00000000000045,move,improve
17894,6,510.5000000000001,6,509.00000000000045,move,improve
17895,6,510.5000000000001,6,509.00000000000045,swap,notBad
17896,6,510.5000000000001,6,509.00000000000045,move,improve
17897,6,510.5000000000001,6,509.00000000000045,swap,notBad
17898,6,510.5000000000001,6,509.00000000000045,swap,notBad
17899,6,510.5000000000001,6,509.00000000000045,move,improve
17900,6,510.5000000000001,6,509.00000000000045,move,improve
17901,6,510.5000000000001,6,509.00000000000045,2opt,notBad
17902,6,510.5000000000001,6,509.00000000000045,2opt,notBad
17903,6,510.5000000000001,6,509.00000000000045,swap,notBad
17904,6,510.5000000000001,6,509.00000000000045,swap,notBad
17905,6,510.5000000000001,6,509.00000000000045,swap,notBad
17906,6,510.5000000000001,6,509.00000000000045,2opt,notBad
17907,6,510.5000000000001,6,509.00000000000045,move,improve
17908,6,510.5000000000001,6,509.00000000000045,move,improve
17909,6,510.5000000000001,6,509.00000000000045,swap,notBad
17910,6,510.5000000000001,6,509.00000000000045,2opt,notBad
17911,6,510.5000000000001,6,509.00000000000045,move,improve
17912,6,510.5000000000001,6,509.00000000000045,2opt,notBad
17913,6,510.5000000000001,6,509.00000000000045,move,improve
17914,6,510.5000000000001,6,509.00000000000045,move,improve
17915,6,510.5000000000001,6,509.00000000000045,move,improve
17916,6,510.5000000000001,6,509.00000000000045,swap,improve
17917,6,510.5000000000001,6,509.00000000000045,swap,notBad
17918,6,510.5000000000001,6,509.00000000000045,swap,improve
17919,6,510.5000000000001,6,509.00000000000045,2opt,notBad
17920,6,510.5000000000001,6,509.00000000000045,2opt,notBad
17921,6,510.5000000000001,6,509.00000000000045,move,improve
17922,6,510.5000000000001,6,509.00000000000045,swap,notBad
17923,6,510.5000000000001,6,509.00000000000045,swap,notBad
17924,6,510.5000000000001,6,509.00000000000045,2opt,notBad
17925,6,510.5000000000001,6,509.00000000000045,swap,notBad
17926,6,510.5000000000001,6,509.00000000000045,swap,notBad
17927,6,510.5000000000001,6,509.00000000000045,swap,notBad
17928,6,510.5000000000001,6,509.00000000000045,swap,notBad
17929,6,510.5000000000001,6,509.00000000000045,move,improve
17930,6,510.5000000000001,6,509.00000000000045,move,improve
17931,6,510.5000000000001,6,509.00000000000045,2opt,notBad
17932,6,510.5000000000001,6,509.00000000000045,move,improve
17933,6,510.5000000000001,6,509.00000000000045,swap,notBad
17934,6,510.5000000000001,6,509.00000000000045,2opt,notBad
17935,6,510.5000000000001,6,509.00000000000045,move,improve
17936,6,510.5000000000001,6,509.00000000000045,swap,improve
17937,6,510.5000000000001,6,509.00000000000045,2opt,notBad
17938,6,510.5000000000001,6,509.00000000000045,move,improve
17939,6,510.5000000000001,6,509.00000000000045,move,improve
17940,6,510.5000000000001,6,509.00000000000045,swap,improve
17941,6,510.5000000000001,6,509.00000000000045,move,improve
17942,6,510.5000000000001,6,509.00000000000045,move,improve
17943,6,510.5000000000001,6,509.00000000000045,swap,notBad
17944,6,510.5000000000001,6,509.00000000000045,swap,improve
17945,6,510.5000000000001,6,509.00000000000045,swap,notBad
17946,6,510.5000000000001,6,509.00000000000045,2opt,notBad
17947,6,510.5000000000001,6,509.00000000000045,swap,notBad
17948,6,510.5000000000001,6,509.00000000000045,move,improve
17949,6,510.5000000000001,6,509.00000000000045,swap,notBad
17950,6,510.5000000000001,6,509.00000000000045,move,improve
17951,6,510.5000000000001,6,509.00000000000045,2opt,notBad
17952,6,510.5000000000001,6,509.00000000000045,move,improve
17953,6,510.5000000000001,6,509.00000000000045,2opt,notBad
17954,6,510.5000000000001,6,509.00000000000045,swap,notBad
17955,6,510.5000000000001,6,509.00000000000045,2opt,notBad
17956,6,510.5000000000001,6,509.00000000000045,2opt,improve
17957,6,510.5000000000001,6,509.00000000000045,move,improve
17958,6,510.5000000000001,6,509.00000000000045,2opt,notBad
17959,6,510.5000000000001,6,509.00000000000045,2opt,notBad
17960,6,510.5000000000001,6,509.00000000000045,swap,improve
17961,6,510.5000000000001,6,509.00000000000045,move,improve
17962,6,510.5000000000001,6,509.00000000000045,move,improve
17963,6,510.5000000000001,6,509.00000000000045,move,improve
17964,6,510.5000000000001,6,509.00000000000045,2opt,notBad
17965,6,510.5000000000001,6,509.00000000000045,2opt,notBad
17966,6,510.5000000000001,6,509.00000000000045,move,improve
17967,6,510.5000000000001,6,509.00000000000045,swap,notBad
17968,6,510.5000000000001,6,509.00000000000045,move,improve
17969,6,510.5000000000001,6,509.00000000000045,2opt,notBad
17970,6,510.5000000000001,6,509.00000000000045,2opt,improve
17971,6,510.5000000000001,6,509.00000000000045,move,improve
17972,6,510.5000000000001,6,509.00000000000045,2opt,notBad
17973,6,510.5000000000001,6,509.00000000000045,swap,notBad
17974,6,510.5000000000001,6,509.00000000000045,swap,notBad
17975,6,510.5000000000001,6,509.00000000000045,swap,notBad
17976,6,510.5000000000001,6,509.00000000000045,swap,notBad
17977,6,510.5000000000001,6,509.00000000000045,2opt,notBad
17978,6,510.5000000000001,6,509.00000000000045,move,improve
17979,6,510.5000000000001,6,509.00000000000045,swap,notBad
17980,6,510.5000000000001,6,509.00000000000045,move,improve
17981,6,510.5000000000001,6,509.00000000000045,swap,improve
17982,6,510.5000000000001,6,509.00000000000045,move,improve
17983,6,510.5000000000001,6,509.00000000000045,swap,notBad
17984,6,510.5000000000001,6,509.00000000000045,2opt,notBad
17985,6,510.5000000000001,6,509.00000000000045,2opt,notBad
17986,6,510.5000000000001,6,509.00000000000045,move,improve
17987,6,510.5000000000001,6,509.00000000000045,move,improve
17988,6,510.5000000000001,6,509.00000000000045,move,improve
17989,6,510.5000000000001,6,509.00000000000045,swap,notBad
17990,6,510.5000000000001,6,509.00000000000045,swap,notBad
17991,6,510.5000000000001,6,509.00000000000045,move,improve
17992,6,510.5000000000001,6,509.00000000000045,move,improve
17993,6,510.5000000000001,6,509.00000000000045,move,improve
17994,6,510.5000000000001,6,509.00000000000045,move,improve
17995,6,510.5000000000001,6,509.00000000000045,2opt,notBad
17996,6,510.5000000000001,6,509.00000000000045,swap,notBad
17997,6,510.5000000000001,6,509.00000000000045,swap,notBad
17998,6,510.5000000000001,6,509.00000000000045,move,improve
17999,6,510.5000000000001,6,509.00000000000045,swap,notBad
18000,6,510.5000000000001,6,509.00000000000045,move,improve
18001,6,510.5000000000001,6,509.00000000000045,move,improve
18002,6,510.5000000000001,6,509.00000000000045,swap,notBad
18003,6,510.5000000000001,6,509.00000000000045,2opt,improve
18004,6,510.5000000000001,6,509.00000000000045,2opt,improve
18005,6,510.5000000000001,6,509.00000000000045,move,improve
18006,6,510.5000000000001,6,509.00000000000045,swap,improve
18007,6,510.5000000000001,6,509.00000000000045,move,improve
18008,6,510.5000000000001,6,509.00000000000045,move,notBad
18009,6,510.5000000000001,6,509.00000000000045,swap,notBad
18010,6,510.5000000000001,6,509.00000000000045,move,improve
18011,6,510.5000000000001,6,509.00000000000045,swap,improve
18012,6,510.5000000000001,6,509.00000000000045,swap,notBad
18013,6,510.5000000000001,6,509.00000000000045,move,improve
18014,6,510.5000000000001,6,509.00000000000045,move,improve
18015,6,510.5000000000001,6,509.00000000000045,2opt,notBad
18016,6,510.5000000000001,6,509.00000000000045,move,improve
18017,6,510.5000000000001,6,509.00000000000045,swap,notBad
18018,6,510.5000000000001,6,509.00000000000045,swap,improve
18019,6,510.5000000000001,6,509.00000000000045,2opt,notBad
18020,6,510.5000000000001,6,509.00000000000045,move,improve
18021,6,510.5000000000001,6,509.00000000000045,move,improve
18022,6,510.5000000000001,6,509.00000000000045,swap,improve
18023,6,510.5000000000001,6,509.00000000000045,move,improve
18024,6,510.5000000000001,6,509.00000000000045,swap,notBad
18025,6,510.5000000000001,6,509.00000000000045,2opt,improve
18026,6,510.5000000000001,6,509.00000000000045,2opt,notBad
18027,6,510.5000000000001,6,509.00000000000045,2opt,improve
18028,6,510.5000000000001,6,509.00000000000045,move,improve
18029,6,510.5000000000001,6,509.00000000000045,2opt,notBad
18030,6,510.5000000000001,6,509.00000000000045,2opt,improve
18031,6,510.5000000000001,6,509.00000000000045,move,improve
18032,6,510.5000000000001,6,509.00000000000045,swap,notBad
18033,6,510.5000000000001,6,509.00000000000045,move,improve
18034,6,510.5000000000001,6,509.00000000000045,move,improve
18035,6,510.5000000000001,6,509.00000000000045,2opt,improve
18036,6,510.5000000000001,6,509.00000000000045,move,improve
18037,6,510.5000000000001,6,509.00000000000045,swap,notBad
18038,6,510.5000000000001,6,509.00000000000045,move,improve
18039,6,510.5000000000001,6,509.00000000000045,swap,notBad
18040,6,510.5000000000001,6,509.00000000000045,2opt,improve
18041,6,510.5000000000001,6,509.00000000000045,2opt,notBad
18042,6,510.5000000000001,6,509.00000000000045,2opt,notBad
18043,6,510.5000000000001,6,509.00000000000045,move,improve
18044,6,510.5000000000001,6,509.00000000000045,swap,notBad
18045,6,510.5000000000001,6,509.00000000000045,2opt,improve
18046,6,510.5000000000001,6,509.00000000000045,move,improve
18047,6,510.5000000000001,6,509.00000000000045,2opt,notBad
18048,6,510.5000000000001,6,509.00000000000045,swap,notBad
18049,6,510.5000000000001,6,509.00000000000045,move,improve
18050,6,510.5000000000001,6,509.00000000000045,move,improve
18051,6,510.5000000000001,6,509.00000000000045,swap,notBad
18052,6,510.5000000000001,6,509.00000000000045,2opt,notBad
18053,6,510.5000000000001,6,509.00000000000045,swap,notBad
18054,6,510.5000000000001,6,509.00000000000045,move,improve
18055,6,510.5000000000001,6,509.00000000000045,2opt,notBad
18056,6,510.5000000000001,6,509.00000000000045,swap,notBad
18057,6,510.5000000000001,6,509.00000000000045,move,improve
18058,6,510.5000000000001,6,509.00000000000045,2opt,notBad
18059,6,510.5000000000001,6,509.00000000000045,move,improve
18060,6,510.5000000000001,6,509.00000000000045,swap,notBad
18061,6,510.5000000000001,6,509.00000000000045,move,improve
18062,6,510.5000000000001,6,509.00000000000045,2opt,improve
18063,6,510.5000000000001,6,509.00000000000045,move,improve
18064,6,510.5000000000001,6,509.00000000000045,swap,notBad
18065,6,510.5000000000001,6,509.00000000000045,swap,notBad
18066,6,510.5000000000001,6,509.00000000000045,swap,notBad
18067,6,510.5000000000001,6,509.00000000000045,swap,notBad
18068,6,510.5000000000001,6,509.00000000000045,swap,improve
18069,6,510.5000000000001,6,509.00000000000045,swap,notBad
18070,6,510.5000000000001,6,509.00000000000045,swap,notBad
18071,6,510.5000000000001,6,509.00000000000045,2opt,notBad
18072,6,510.5000000000001,6,509.00000000000045,swap,notBad
18073,6,510.5000000000001,6,509.00000000000045,swap,improve
18074,6,510.5000000000001,6,509.00000000000045,2opt,notBad
18075,6,510.5000000000001,6,509.00000000000045,move,improve
18076,6,510.5000000000001,6,509.00000000000045,move,improve
18077,6,510.5000000000001,6,509.00000000000045,swap,notBad
18078,6,510.5000000000001,6,509.00000000000045,move,improve
18079,6,510.5000000000001,6,509.00000000000045,2opt,notBad
18080,6,510.5000000000001,6,509.00000000000045,swap,notBad
18081,6,510.5000000000001,6,509.00000000000045,2opt,notBad
18082,6,510.5000000000001,6,509.00000000000045,move,improve
18083,6,510.5000000000001,6,509.00000000000045,swap,improve
18084,6,510.5000000000001,6,509.00000000000045,2opt,improve
18085,6,510.5000000000001,6,509.00000000000045,2opt,notBad
18086,6,510.5000000000001,6,509.00000000000045,move,improve
18087,6,510.5000000000001,6,509.00000000000045,swap,notBad
18088,6,510.5000000000001,6,509.00000000000045,swap,improve
18089,6,510.5000000000001,6,509.00000000000045,2opt,improve
18090,6,510.5000000000001,6,509.00000000000045,move,improve
18091,6,510.5000000000001,6,509.00000000000045,2opt,notBad
18092,6,510.5000000000001,6,509.00000000000045,move,improve
18093,6,510.5000000000001,6,509.00000000000045,2opt,notBad
18094,6,510.5000000000001,6,509.00000000000045,swap,notBad
18095,6,510.5000000000001,6,509.00000000000045,move,improve
18096,6,510.5000000000001,6,509.00000000000045,move,improve
18097,6,510.5000000000001,6,509.00000000000045,move,improve
18098,6,510.5000000000001,6,509.00000000000045,swap,notBad
18099,6,510.5000000000001,6,509.00000000000045,swap,notBad
18100,6,510.5000000000001,6,509.00000000000045,2opt,notBad
18101,6,510.5000000000001,6,509.00000000000045,2opt,improve
18102,6,510.5000000000001,6,509.00000000000045,move,improve
18103,6,510.5000000000001,6,509.00000000000045,move,improve
18104,6,510.5000000000001,6,509.00000000000045,2opt,notBad
18105,6,510.5000000000001,6,509.00000000000045,2opt,notBad
18106,6,510.5000000000001,6,509.00000000000045,swap,notBad
18107,6,510.5000000000001,6,509.00000000000045,move,improve
18108,6,510.5000000000001,6,509.00000000000045,2opt,notBad
18109,6,510.5000000000001,6,509.00000000000045,swap,notBad
18110,6,510.5000000000001,6,509.00000000000045,swap,notBad
18111,6,510.5000000000001,6,509.00000000000045,move,improve
18112,6,510.5000000000001,6,509.00000000000045,2opt,improve
18113,6,510.5000000000001,6,509.00000000000045,move,improve
18114,6,510.5000000000001,6,509.00000000000045,move,improve
18115,6,510.5000000000001,6,509.00000000000045,swap,notBad
18116,6,510.5000000000001,6,509.00000000000045,2opt,notBad
18117,6,510.5000000000001,6,509.00000000000045,2opt,notBad
18118,6,510.5000000000001,6,509.00000000000045,move,improve
18119,6,510.5000000000001,6,509.00000000000045,move,improve
18120,6,510.5000000000001,6,509.00000000000045,swap,notBad
18121,6,510.5000000000001,6,509.00000000000045,swap,notBad
18122,6,510.5000000000001,6,509.00000000000045,2opt,notBad
18123,6,510.5000000000001,6,509.00000000000045,move,improve
18124,6,510.5000000000001,6,509.00000000000045,move,improve
18125,6,510.5000000000001,6,509.00000000000045,move,improve
18126,6,510.5000000000001,6,509.00000000000045,move,improve
18127,6,510.5000000000001,6,509.00000000000045,move,improve
18128,6,510.5000000000001,6,509.00000000000045,swap,notBad
18129,6,510.5000000000001,6,509.00000000000045,2opt,notBad
18130,6,510.5000000000001,6,509.00000000000045,2opt,notBad
18131,6,510.5000000000001,6,509.00000000000045,move,improve
18132,6,510.5000000000001,6,509.00000000000045,2opt,notBad
18133,6,510.5000000000001,6,509.00000000000045,move,improve
18134,6,510.5000000000001,6,509.00000000000045,2opt,notBad
18135,6,510.5000000000001,6,509.00000000000045,swap,notBad
18136,6,510.5000000000001,6,509.00000000000045,swap,notBad
18137,6,510.5000000000001,6,509.00000000000045,swap,notBad
18138,6,510.5000000000001,6,509.00000000000045,move,improve
18139,6,510.5000000000001,6,509.00000000000045,move,improve
18140,6,510.5000000000001,6,509.00000000000045,move,improve
18141,6,510.5000000000001,6,509.00000000000045,swap,notBad
18142,6,510.5000000000001,6,509.00000000000045,move,improve
18143,6,510.5000000000001,6,509.00000000000045,move,improve
18144,6,510.5000000000001,6,509.00000000000045,move,improve
18145,6,510.5000000000001,6,509.00000000000045,2opt,improve
18146,6,510.5000000000001,6,509.00000000000045,2opt,notBad
18147,6,510.5000000000001,6,509.00000000000045,move,improve
18148,6,510.5000000000001,6,509.00000000000045,2opt,notBad
18149,6,510.5000000000001,6,509.00000000000045,2opt,improve
18150,6,510.5000000000001,6,509.00000000000045,2opt,improve
18151,6,510.5000000000001,6,509.00000000000045,2opt,improve
18152,6,510.5000000000001,6,509.00000000000045,move,improve
18153,6,510.5000000000001,6,509.00000000000045,move,improve
18154,6,510.5000000000001,6,509.00000000000045,2opt,notBad
18155,6,510.5000000000001,6,509.00000000000045,swap,notBad
18156,6,510.5000000000001,6,509.00000000000045,move,improve
18157,6,510.5000000000001,6,509.00000000000045,move,improve
18158,6,510.5000000000001,6,509.00000000000045,move,improve
18159,6,510.5000000000001,6,509.00000000000045,2opt,notBad
18160,6,510.5000000000001,6,509.00000000000045,2opt,notBad
18161,6,510.5000000000001,6,509.00000000000045,swap,notBad
18162,6,510.5000000000001,6,509.00000000000045,swap,notBad
18163,6,510.5000000000001,6,509.00000000000045,move,improve
18164,6,510.5000000000001,6,509.00000000000045,swap,improve
18165,6,510.5000000000001,6,509.00000000000045,move,improve
18166,6,510.5000000000001,6,509.00000000000045,move,improve
18167,6,510.5000000000001,6,509.00000000000045,2opt,notBad
18168,6,510.5000000000001,6,509.00000000000045,swap,improve
18169,6,510.5000000000001,6,509.00000000000045,move,improve
18170,6,510.5000000000001,6,509.00000000000045,move,improve
18171,6,510.5000000000001,6,509.00000000000045,2opt,improve
18172,6,510.5000000000001,6,509.00000000000045,swap,notBad
18173,6,510.5000000000001,6,509.00000000000045,2opt,notBad
18174,6,510.5000000000001,6,509.00000000000045,move,improve
18175,6,510.5000000000001,6,509.00000000000045,move,improve
18176,6,510.5000000000001,6,509.00000000000045,swap,improve
18177,6,510.5000000000001,6,509.00000000000045,swap,notBad
18178,6,510.5000000000001,6,509.00000000000045,move,improve
18179,6,510.5000000000001,6,509.00000000000045,swap,notBad
18180,6,510.5000000000001,6,509.00000000000045,swap,notBad
18181,6,510.5000000000001,6,509.00000000000045,move,improve
18182,6,510.5000000000001,6,509.00000000000045,2opt,notBad
18183,6,510.5000000000001,6,509.00000000000045,swap,notBad
18184,6,510.5000000000001,6,509.00000000000045,2opt,improve
18185,6,510.5000000000001,6,509.00000000000045,move,improve
18186,6,510.5000000000001,6,509.00000000000045,2opt,notBad
18187,6,510.5000000000001,6,509.00000000000045,2opt,notBad
18188,6,510.5000000000001,6,509.00000000000045,2opt,notBad
18189,6,510.5000000000001,6,509.00000000000045,2opt,notBad
18190,6,510.5000000000001,6,509.00000000000045,2opt,notBad
18191,6,510.5000000000001,6,509.00000000000045,2opt,notBad
18192,6,510.5000000000001,6,509.00000000000045,swap,notBad
18193,6,510.5000000000001,6,509.00000000000045,move,improve
18194,6,510.5000000000001,6,509.00000000000045,move,improve
18195,6,510.5000000000001,6,509.00000000000045,move,improve
18196,6,510.5000000000001,6,509.00000000000045,2opt,improve
18197,6,510.5000000000001,6,509.00000000000045,2opt,improve
18198,6,510.5000000000001,6,509.00000000000045,move,improve
18199,6,510.5000000000001,6,509.00000000000045,2opt,notBad
18200,6,510.5000000000001,6,509.00000000000045,move,improve
18201,6,510.5000000000001,6,509.00000000000045,swap,notBad
18202,6,510.5000000000001,6,509.00000000000045,move,improve
18203,6,510.5000000000001,6,509.00000000000045,2opt,notBad
18204,6,510.5000000000001,6,509.00000000000045,2opt,improve
18205,6,510.5000000000001,6,509.00000000000045,swap,notBad
18206,6,510.5000000000001,6,509.00000000000045,swap,notBad
18207,6,510.5000000000001,6,509.00000000000045,2opt,notBad
18208,6,510.5000000000001,6,509.00000000000045,2opt,notBad
18209,6,510.5000000000001,6,509.00000000000045,swap,notBad
18210,6,510.5000000000001,6,509.00000000000045,2opt,improve
18211,6,510.5000000000001,6,509.00000000000045,swap,notBad
18212,6,510.5000000000001,6,509.00000000000045,2opt,notBad
18213,6,510.5000000000001,6,509.00000000000045,move,improve
18214,6,510.5000000000001,6,509.00000000000045,2opt,notBad
18215,6,510.5000000000001,6,509.00000000000045,move,improve
18216,6,510.5000000000001,6,509.00000000000045,2opt,notBad
18217,6,510.5000000000001,6,509.00000000000045,swap,notBad
18218,6,510.5000000000001,6,509.00000000000045,swap,notBad
18219,6,510.5000000000001,6,509.00000000000045,swap,notBad
18220,6,510.5000000000001,6,509.00000000000045,swap,improve
18221,6,510.5000000000001,6,509.00000000000045,2opt,notBad
18222,6,510.5000000000001,6,509.00000000000045,move,improve
18223,6,510.5000000000001,6,509.00000000000045,swap,notBad
18224,6,510.5000000000001,6,509.00000000000045,move,improve
18225,6,510.5000000000001,6,509.00000000000045,swap,notBad
18226,6,510.5000000000001,6,509.00000000000045,2opt,improve
18227,6,510.5000000000001,6,509.00000000000045,2opt,notBad
18228,6,510.5000000000001,6,509.00000000000045,2opt,notBad
18229,6,510.5000000000001,6,509.00000000000045,move,improve
18230,6,510.5000000000001,6,509.00000000000045,swap,notBad
18231,6,510.5000000000001,6,509.00000000000045,2opt,improve
18232,6,510.5000000000001,6,509.00000000000045,swap,notBad
18233,6,510.5000000000001,6,509.00000000000045,2opt,improve
18234,6,510.5000000000001,6,509.00000000000045,2opt,notBad
18235,6,510.5000000000001,6,509.00000000000045,2opt,notBad
18236,6,510.5000000000001,6,509.00000000000045,2opt,notBad
18237,6,510.5000000000001,6,509.00000000000045,swap,notBad
18238,6,510.5000000000001,6,509.00000000000045,2opt,notBad
18239,6,510.5000000000001,6,509.00000000000045,2opt,improve
18240,6,510.5000000000001,6,509.00000000000045,2opt,notBad
18241,6,510.5000000000001,6,509.00000000000045,move,improve
18242,6,510.5000000000001,6,509.00000000000045,2opt,notBad
18243,6,510.5000000000001,6,509.00000000000045,2opt,notBad
18244,6,510.5000000000001,6,509.00000000000045,swap,improve
18245,6,510.5000000000001,6,509.00000000000045,2opt,notBad
18246,6,510.5000000000001,6,509.00000000000045,2opt,improve
18247,6,510.5000000000001,6,509.00000000000045,move,improve
18248,6,510.5000000000001,6,509.00000000000045,swap,notBad
18249,6,510.5000000000001,6,509.00000000000045,swap,improve
18250,6,510.5000000000001,6,509.00000000000045,2opt,improve
18251,6,510.5000000000001,6,509.00000000000045,2opt,notBad
18252,6,510.5000000000001,6,509.00000000000045,2opt,improve
18253,6,510.5000000000001,6,509.00000000000045,2opt,notBad
18254,6,510.5000000000001,6,509.00000000000045,move,improve
18255,6,510.5000000000001,6,509.00000000000045,2opt,improve
18256,6,510.5000000000001,6,509.00000000000045,move,improve
18257,6,510.5000000000001,6,509.00000000000045,2opt,notBad
18258,6,510.5000000000001,6,509.00000000000045,2opt,notBad
18259,6,510.5000000000001,6,509.00000000000045,2opt,notBad
18260,6,510.5000000000001,6,509.00000000000045,move,improve
18261,6,510.5000000000001,6,509.00000000000045,move,improve
18262,6,510.5000000000001,6,509.00000000000045,2opt,notBad
18263,6,510.5000000000001,6,509.00000000000045,2opt,notBad
18264,6,510.5000000000001,6,509.00000000000045,move,improve
18265,6,510.5000000000001,6,509.00000000000045,2opt,notBad
18266,6,510.5000000000001,6,509.00000000000045,move,improve
18267,6,510.5000000000001,6,509.00000000000045,swap,notBad
18268,6,510.5000000000001,6,509.00000000000045,move,improve
18269,6,510.5000000000001,6,509.00000000000045,swap,notBad
18270,6,510.5000000000001,6,509.00000000000045,move,improve
18271,6,510.5000000000001,6,509.00000000000045,swap,improve
18272,6,510.5000000000001,6,509.00000000000045,move,improve
18273,6,510.5000000000001,6,509.00000000000045,move,improve
18274,6,510.5000000000001,6,509.00000000000045,swap,notBad
18275,6,510.5000000000001,6,509.00000000000045,2opt,notBad
18276,6,510.5000000000001,6,509.00000000000045,2opt,notBad
18277,6,510.5000000000001,6,509.00000000000045,swap,notBad
18278,6,510.5000000000001,6,509.00000000000045,move,improve
18279,6,510.5000000000001,6,509.00000000000045,move,improve
18280,6,510.5000000000001,6,509.00000000000045,move,improve
18281,6,510.5000000000001,6,509.00000000000045,swap,notBad
