i,vehi,obj,vehiBest,objBest,loFunc,note
1,3,1078.62,3,998.6099999999999,swap,acceptBad
2,3,1088.16,3,998.6099999999999,swap,acceptBad
3,4,1288.8,3,998.6099999999999,2opt,acceptBad
4,4,1291.11,3,998.6099999999999,swap,acceptBad
5,4,1303.0799999999997,3,998.6099999999999,swap,acceptBad
6,4,1349.04,3,998.6099999999999,swap,acceptBad
7,4,1277.7399999999998,3,998.6099999999999,move,improve
8,4,1334.89,3,998.6099999999999,swap,acceptBad
9,4,1351.99,3,998.6099999999999,swap,acceptBad
10,4,1351.99,3,998.6099999999999,move,improve
11,5,1629.8,3,998.6099999999999,2opt,acceptBad
12,5,1629.8,3,998.6099999999999,move,improve
13,5,1622.3999999999999,3,998.6099999999999,move,improve
14,5,1714.54,3,998.6099999999999,swap,acceptBad
15,5,1803.7199999999998,3,998.6099999999999,swap,acceptBad
16,5,1887.13,3,998.6099999999999,2opt,acceptBad
17,5,1869.7600000000002,3,998.6099999999999,swap,improve
18,6,2186.15,3,998.6099999999999,2opt,acceptBad
19,6,2142.1499999999996,3,998.6099999999999,move,improve
20,7,2343.81,3,998.6099999999999,2opt,acceptBad
21,7,2339.6499999999996,3,998.6099999999999,move,improve
22,7,2530.96,3,998.6099999999999,2opt,acceptBad
23,7,2500.0600000000004,3,998.6099999999999,move,improve
24,7,2485.1800000000003,3,998.6099999999999,move,improve
25,7,2469.23,3,998.6099999999999,move,improve
26,7,2601.4399999999996,3,998.6099999999999,swap,acceptBad
27,7,2626.68,3,998.6099999999999,swap,acceptBad
28,8,2918.3599999999997,3,998.6099999999999,2opt,acceptBad
29,8,2918.3599999999997,3,998.6099999999999,2opt,improve
30,8,2807.2599999999998,3,998.6099999999999,move,improve
31,9,3056.7699999999995,3,998.6099999999999,2opt,acceptBad
32,9,3056.7699999999995,3,998.6099999999999,move,improve
33,9,3031.8999999999996,3,998.6099999999999,move,improve
34,9,3054.8599999999997,3,998.6099999999999,swap,acceptBad
35,9,3099.8599999999997,3,998.6099999999999,swap,acceptBad
36,9,3167.0899999999997,3,998.6099999999999,swap,acceptBad
37,9,3167.0899999999997,3,998.6099999999999,move,improve
38,9,3279.76,3,998.6099999999999,swap,acceptBad
39,9,3237.9000000000005,3,998.6099999999999,move,improve
40,9,3165.3199999999997,3,998.6099999999999,2opt,improve
41,9,3164.369999999999,3,998.6099999999999,move,improve
42,9,3211.709999999999,3,998.6099999999999,2opt,acceptBad
43,9,3178.630000000001,3,998.6099999999999,2opt,improve
44,10,3355.9199999999996,3,998.6099999999999,2opt,acceptBad
45,10,3358.7599999999993,3,998.6099999999999,swap,acceptBad
46,10,3369.5599999999995,3,998.6099999999999,swap,acceptBad
47,10,3364.32,3,998.6099999999999,move,improve
48,10,3366.65,3,998.6099999999999,2opt,acceptBad
49,10,3302.630000000001,3,998.6099999999999,move,improve
50,9,2952.2900000000004,3,998.6099999999999,move,improve
51,9,2934.96,3,998.6099999999999,swap,improve
52,9,2968.54,3,998.6099999999999,swap,acceptBad
53,9,2982.0200000000004,3,998.6099999999999,swap,acceptBad
54,9,2967.1699999999996,3,998.6099999999999,swap,improve
55,9,3045.8499999999995,3,998.6099999999999,2opt,acceptBad
56,9,3093.3399999999992,3,998.6099999999999,swap,acceptBad
57,9,3089.5399999999995,3,998.6099999999999,move,improve
58,9,3086.5899999999992,3,998.6099999999999,swap,improve
59,9,3081.3499999999995,3,998.6099999999999,2opt,improve
60,9,3173.5600000000004,3,998.6099999999999,swap,acceptBad
61,9,3316.2999999999997,3,998.6099999999999,swap,acceptBad
62,9,3316.2999999999997,3,998.6099999999999,move,improve
63,9,3312.8799999999997,3,998.6099999999999,swap,improve
64,9,3331.8599999999997,3,998.6099999999999,2opt,acceptBad
65,9,3448.29,3,998.6099999999999,2opt,acceptBad
66,9,3490.1899999999996,3,998.6099999999999,swap,acceptBad
67,9,3490.1899999999996,3,998.6099999999999,move,improve
68,9,3422.7399999999993,3,998.6099999999999,move,improve
69,9,3411.939999999999,3,998.6099999999999,2opt,improve
70,9,3357.0099999999993,3,998.6099999999999,move,improve
71,9,3330.1,3,998.6099999999999,swap,improve
72,9,3380.3599999999988,3,998.6099999999999,2opt,acceptBad
73,9,3329.699999999999,3,998.6099999999999,move,improve
74,9,3287.2199999999984,3,998.6099999999999,2opt,improve
75,9,3309.7,3,998.6099999999999,2opt,acceptBad
76,10,3535.4100000000008,3,998.6099999999999,2opt,acceptBad
77,10,3680.3,3,998.6099999999999,2opt,acceptBad
78,11,3962.170000000001,3,998.6099999999999,2opt,acceptBad
79,11,3913.1500000000005,3,998.6099999999999,swap,improve
80,11,3796.0300000000007,3,998.6099999999999,2opt,improve
81,11,3795.2000000000007,3,998.6099999999999,2opt,improve
82,11,3825.640000000001,3,998.6099999999999,2opt,acceptBad
83,11,3959.1200000000013,3,998.6099999999999,swap,acceptBad
84,11,3954.010000000001,3,998.6099999999999,swap,improve
85,11,3942.9000000000005,3,998.6099999999999,move,improve
86,11,3889.1500000000005,3,998.6099999999999,swap,improve
87,11,3886.400000000001,3,998.6099999999999,2opt,improve
88,11,3935.4799999999996,3,998.6099999999999,2opt,acceptBad
89,11,4003.8999999999996,3,998.6099999999999,2opt,acceptBad
90,11,4003.8999999999996,3,998.6099999999999,move,improve
91,11,4180.339999999999,3,998.6099999999999,2opt,acceptBad
92,11,4049.2999999999993,3,998.6099999999999,swap,improve
93,10,3675.6399999999994,3,998.6099999999999,2opt,improve
94,10,3777.3099999999995,3,998.6099999999999,swap,acceptBad
95,10,3762.709999999999,3,998.6099999999999,move,improve
96,10,3711.5899999999992,3,998.6099999999999,swap,improve
97,10,3613.449999999999,3,998.6099999999999,move,improve
98,10,3657.7300000000005,3,998.6099999999999,swap,acceptBad
99,10,3707.650000000001,3,998.6099999999999,2opt,acceptBad
100,10,3707.750000000001,3,998.6099999999999,swap,acceptBad
101,9,3350.6800000000003,3,998.6099999999999,move,improve
102,9,3350.6800000000003,3,998.6099999999999,move,improve
103,9,3338.5900000000006,3,998.6099999999999,move,improve
104,9,3349.93,3,998.6099999999999,swap,acceptBad
105,9,3302.4800000000005,3,998.6099999999999,swap,improve
106,9,3264.09,3,998.6099999999999,2opt,improve
107,9,3234.74,3,998.6099999999999,move,improve
108,9,3233.8399999999992,3,998.6099999999999,move,improve
109,9,3230.209999999999,3,998.6099999999999,swap,improve
110,9,3342.9499999999985,3,998.6099999999999,swap,acceptBad
111,9,3343.47,3,998.6099999999999,2opt,acceptBad
112,9,3395.369999999999,3,998.6099999999999,2opt,acceptBad
113,9,3426.1500000000005,3,998.6099999999999,2opt,acceptBad
114,10,3935.9200000000005,3,998.6099999999999,2opt,acceptBad
115,10,3957.1900000000005,3,998.6099999999999,2opt,acceptBad
116,10,3970.9500000000007,3,998.6099999999999,2opt,acceptBad
117,9,3490.09,3,998.6099999999999,move,improve
118,9,3398.2999999999997,3,998.6099999999999,swap,improve
119,9,3326.6899999999996,3,998.6099999999999,2opt,improve
120,9,3626.6799999999994,3,998.6099999999999,2opt,acceptBad
121,9,3504.7999999999993,3,998.6099999999999,2opt,improve
122,10,3970.4799999999996,3,998.6099999999999,2opt,acceptBad
123,10,3927.599999999999,3,998.6099999999999,2opt,improve
124,10,3915.899999999999,3,998.6099999999999,2opt,improve
125,10,3711.2,3,998.6099999999999,move,improve
126,10,3678.79,3,998.6099999999999,swap,improve
127,10,3612.7599999999993,3,998.6099999999999,move,improve
128,10,3577.57,3,998.6099999999999,2opt,improve
129,11,4070.7199999999993,3,998.6099999999999,2opt,acceptBad
130,11,3968.5099999999998,3,998.6099999999999,move,improve
131,11,3902.58,3,998.6099999999999,move,improve
132,11,3856.9599999999996,3,998.6099999999999,move,improve
133,11,3812.04,3,998.6099999999999,move,improve
134,11,3852.4700000000003,3,998.6099999999999,2opt,acceptBad
135,11,3801.62,3,998.6099999999999,move,improve
136,11,3739.38,3,998.6099999999999,move,improve
137,11,3755.5399999999995,3,998.6099999999999,2opt,acceptBad
138,11,3719.399999999999,3,998.6099999999999,move,improve
139,11,3750.1999999999994,3,998.6099999999999,2opt,acceptBad
140,11,3743.75,3,998.6099999999999,swap,improve
141,10,3484.3,3,998.6099999999999,2opt,improve
142,10,3532.87,3,998.6099999999999,swap,acceptBad
143,10,3526.6100000000006,3,998.6099999999999,swap,improve
144,10,3479.5000000000005,3,998.6099999999999,move,improve
145,10,3590.2100000000005,3,998.6099999999999,swap,acceptBad
146,10,3602.85,3,998.6099999999999,2opt,acceptBad
147,10,3545.91,3,998.6099999999999,move,improve
148,10,3399.9399999999996,3,998.6099999999999,move,improve
149,10,3345.130000000001,3,998.6099999999999,2opt,improve
150,10,3391.1099999999988,3,998.6099999999999,2opt,acceptBad
151,10,3369.8699999999994,3,998.6099999999999,2opt,improve
152,10,3348.359999999999,3,998.6099999999999,move,improve
153,10,3295.08,3,998.6099999999999,swap,improve
154,10,3218.5,3,998.6099999999999,move,improve
155,10,3314.76,3,998.6099999999999,2opt,acceptBad
156,10,3314.7600000000007,3,998.6099999999999,swap,acceptBad
157,10,3311.11,3,998.6099999999999,2opt,improve
158,10,3286.0899999999992,3,998.6099999999999,move,improve
159,10,3286.0899999999992,3,998.6099999999999,move,improve
160,10,3268.5699999999993,3,998.6099999999999,move,improve
161,10,3374.5699999999993,3,998.6099999999999,swap,acceptBad
162,10,3365.5999999999995,3,998.6099999999999,2opt,improve
163,10,3452.3,3,998.6099999999999,2opt,acceptBad
164,10,3402.12,3,998.6099999999999,2opt,improve
165,10,3409.7399999999993,3,998.6099999999999,2opt,acceptBad
166,10,3262.749999999999,3,998.6099999999999,2opt,improve
167,10,3258.7499999999995,3,998.6099999999999,swap,improve
168,10,3224.49,3,998.6099999999999,swap,improve
169,10,3224.49,3,998.6099999999999,2opt,improve
170,10,3220.2599999999993,3,998.6099999999999,move,improve
171,10,3237.2400000000002,3,998.6099999999999,2opt,acceptBad
172,10,3214.7,3,998.6099999999999,2opt,improve
173,10,3362.2599999999993,3,998.6099999999999,swap,acceptBad
174,10,3489.039999999999,3,998.6099999999999,2opt,acceptBad
175,10,3562.5699999999993,3,998.6099999999999,swap,acceptBad
176,10,3611.729999999999,3,998.6099999999999,swap,acceptBad
177,10,3601.169999999999,3,998.6099999999999,move,improve
178,10,3713.5499999999997,3,998.6099999999999,swap,acceptBad
179,11,4243.69,3,998.6099999999999,2opt,acceptBad
180,11,4129.529999999999,3,998.6099999999999,swap,improve
181,11,4073.5899999999992,3,998.6099999999999,move,improve
182,11,3972.999999999998,3,998.6099999999999,move,improve
183,11,4001.459999999999,3,998.6099999999999,swap,acceptBad
184,11,4169.99,3,998.6099999999999,2opt,acceptBad
185,11,4102.49,3,998.6099999999999,move,improve
186,11,3996.930000000001,3,998.6099999999999,2opt,improve
187,11,3997.540000000001,3,998.6099999999999,swap,acceptBad
188,11,3997.540000000001,3,998.6099999999999,move,improve
189,11,3980.32,3,998.6099999999999,2opt,improve
190,11,3951.82,3,998.6099999999999,move,improve
191,11,3989.7100000000005,3,998.6099999999999,swap,acceptBad
192,11,3988.640000000001,3,998.6099999999999,move,improve
193,11,4021.59,3,998.6099999999999,2opt,acceptBad
194,11,3966.25,3,998.6099999999999,move,improve
195,11,3970.5700000000006,3,998.6099999999999,2opt,acceptBad
196,11,4020.26,3,998.6099999999999,swap,acceptBad
197,12,4528.5599999999995,3,998.6099999999999,2opt,acceptBad
198,12,4385.32,3,998.6099999999999,move,improve
199,12,4287.28,3,998.6099999999999,move,improve
200,12,4328.200000000001,3,998.6099999999999,swap,acceptBad
201,12,4254.490000000002,3,998.6099999999999,move,improve
202,12,4248.990000000001,3,998.6099999999999,move,improve
203,12,4249.020000000001,3,998.6099999999999,swap,acceptBad
204,12,4249.020000000001,3,998.6099999999999,move,improve
205,12,4178.7300000000005,3,998.6099999999999,move,improve
206,12,4171.350000000001,3,998.6099999999999,swap,improve
207,12,4155.33,3,998.6099999999999,move,improve
208,12,4155.3099999999995,3,998.6099999999999,2opt,improve
209,12,4151.83,3,998.6099999999999,swap,improve
210,12,4373.430000000002,3,998.6099999999999,2opt,acceptBad
211,12,4373.430000000002,3,998.6099999999999,2opt,improve
212,12,4352.730000000001,3,998.6099999999999,move,improve
213,12,4267.8099999999995,3,998.6099999999999,2opt,improve
214,12,4267.8099999999995,3,998.6099999999999,2opt,improve
215,12,4138.31,3,998.6099999999999,swap,improve
216,12,4150.290000000001,3,998.6099999999999,swap,acceptBad
217,12,4345.2300000000005,3,998.6099999999999,2opt,acceptBad
218,12,4348.990000000001,3,998.6099999999999,swap,acceptBad
219,12,4224.41,3,998.6099999999999,move,improve
220,12,4237.35,3,998.6099999999999,2opt,acceptBad
221,12,4383.789999999999,3,998.6099999999999,swap,acceptBad
222,12,4294.23,3,998.6099999999999,move,improve
223,12,4270.91,3,998.6099999999999,move,improve
224,12,4287.670000000001,3,998.6099999999999,2opt,acceptBad
225,12,4251.35,3,998.6099999999999,swap,improve
226,12,4177.91,3,998.6099999999999,move,improve
227,12,4133.710000000001,3,998.6099999999999,swap,improve
228,12,4164.25,3,998.6099999999999,2opt,acceptBad
229,12,4415.11,3,998.6099999999999,2opt,acceptBad
230,12,4422.459999999999,3,998.6099999999999,swap,acceptBad
231,12,4399.46,3,998.6099999999999,move,improve
232,12,4618.81,3,998.6099999999999,2opt,acceptBad
233,12,4593.120000000001,3,998.6099999999999,swap,improve
234,12,4593.6900000000005,3,998.6099999999999,2opt,acceptBad
235,12,4586.85,3,998.6099999999999,swap,improve
236,12,4621.030000000001,3,998.6099999999999,swap,acceptBad
237,12,4595.58,3,998.6099999999999,swap,improve
238,12,4507.889999999999,3,998.6099999999999,move,improve
239,12,4457.530000000001,3,998.6099999999999,2opt,improve
240,12,4432.870000000001,3,998.6099999999999,2opt,improve
241,12,4294.37,3,998.6099999999999,move,improve
242,13,4834.869999999999,3,998.6099999999999,2opt,acceptBad
243,14,5372.179999999999,3,998.6099999999999,2opt,acceptBad
244,14,5277.060000000001,3,998.6099999999999,2opt,improve
245,14,5093.190000000001,3,998.6099999999999,2opt,improve
246,14,5139.340000000001,3,998.6099999999999,swap,acceptBad
247,14,5144.110000000001,3,998.6099999999999,2opt,acceptBad
248,14,5168.02,3,998.6099999999999,2opt,acceptBad
249,14,4888.010000000001,3,998.6099999999999,move,improve
250,13,4673.490000000002,3,998.6099999999999,2opt,improve
251,13,4743.6900000000005,3,998.6099999999999,swap,acceptBad
252,13,4867.27,3,998.6099999999999,swap,acceptBad
253,13,4809.320000000001,3,998.6099999999999,swap,improve
254,13,4685.06,3,998.6099999999999,2opt,improve
255,13,4661.04,3,998.6099999999999,2opt,improve
256,13,4596.42,3,998.6099999999999,move,improve
257,13,4726.84,3,998.6099999999999,swap,acceptBad
258,13,4768.4,3,998.6099999999999,swap,acceptBad
259,13,4700.650000000001,3,998.6099999999999,swap,improve
260,13,4508.009999999999,3,998.6099999999999,move,improve
261,13,4506.719999999999,3,998.6099999999999,move,improve
262,13,4713.89,3,998.6099999999999,2opt,acceptBad
263,14,5079.54,3,998.6099999999999,2opt,acceptBad
264,14,4981.9800000000005,3,998.6099999999999,move,improve
265,14,4979.93,3,998.6099999999999,swap,improve
266,14,4950.8499999999985,3,998.6099999999999,2opt,improve
267,14,4787.7699999999995,3,998.6099999999999,move,improve
268,14,4667.58,3,998.6099999999999,move,improve
269,14,4645.119999999999,3,998.6099999999999,swap,improve
270,14,4662.59,3,998.6099999999999,swap,acceptBad
271,14,4724.32,3,998.6099999999999,move,acceptBad
272,14,4771.329999999998,3,998.6099999999999,2opt,acceptBad
273,14,4737.399999999999,3,998.6099999999999,swap,improve
274,14,4713.58,3,998.6099999999999,move,improve
275,14,4776.82,3,998.6099999999999,2opt,acceptBad
276,14,4656.41,3,998.6099999999999,move,improve
277,14,4573.839999999999,3,998.6099999999999,2opt,improve
278,14,4775.35,3,998.6099999999999,swap,acceptBad
279,14,4676.709999999999,3,998.6099999999999,move,improve
280,14,4757.69,3,998.6099999999999,2opt,acceptBad
281,14,4734.639999999999,3,998.6099999999999,move,improve
282,14,4734.639999999999,3,998.6099999999999,move,improve
283,14,4748.000000000001,3,998.6099999999999,swap,acceptBad
284,14,4741.840000000001,3,998.6099999999999,swap,improve
285,13,4454.87,3,998.6099999999999,2opt,improve
286,13,4525.1900000000005,3,998.6099999999999,swap,acceptBad
287,13,4526.39,3,998.6099999999999,2opt,acceptBad
288,13,4362.199999999999,3,998.6099999999999,move,improve
289,13,4365.049999999999,3,998.6099999999999,swap,acceptBad
290,13,4340.659999999999,3,998.6099999999999,swap,improve
291,13,4361.239999999999,3,998.6099999999999,swap,acceptBad
292,13,4379.7,3,998.6099999999999,swap,acceptBad
293,13,4505.9,3,998.6099999999999,2opt,acceptBad
294,13,4503.819999999999,3,998.6099999999999,swap,improve
295,13,4480.959999999999,3,998.6099999999999,swap,improve
296,13,4304.909999999999,3,998.6099999999999,swap,improve
297,13,4309.019999999999,3,998.6099999999999,swap,acceptBad
298,13,4255.789999999999,3,998.6099999999999,move,improve
299,13,4230.839999999999,3,998.6099999999999,move,improve
300,13,4153.68,3,998.6099999999999,move,improve
301,13,4123.839999999999,3,998.6099999999999,move,improve
302,13,4096.879999999999,3,998.6099999999999,move,improve
303,13,4383.41,3,998.6099999999999,2opt,acceptBad
304,13,4326.75,3,998.6099999999999,swap,improve
305,13,4316.040000000001,3,998.6099999999999,move,improve
306,13,4350.51,3,998.6099999999999,swap,acceptBad
307,13,4350.51,3,998.6099999999999,2opt,improve
308,13,4329.46,3,998.6099999999999,swap,improve
309,13,4333.25,3,998.6099999999999,swap,acceptBad
310,13,4364.269999999999,3,998.6099999999999,2opt,acceptBad
311,13,4250.78,3,998.6099999999999,move,improve
312,13,4249.36,3,998.6099999999999,2opt,improve
313,13,4254.95,3,998.6099999999999,swap,acceptBad
314,13,4480.5199999999995,3,998.6099999999999,2opt,acceptBad
315,13,4480.5199999999995,3,998.6099999999999,move,improve
316,13,4184.7699999999995,3,998.6099999999999,2opt,improve
317,13,4187.509999999998,3,998.6099999999999,2opt,acceptBad
318,13,4148.429999999999,3,998.6099999999999,swap,improve
319,13,4235.23,3,998.6099999999999,2opt,acceptBad
320,13,4106.1900000000005,3,998.6099999999999,move,improve
321,13,4092.2899999999995,3,998.6099999999999,move,improve
322,13,4054.5999999999995,3,998.6099999999999,move,improve
323,13,4099.75,3,998.6099999999999,swap,acceptBad
324,13,4240.509999999999,3,998.6099999999999,swap,acceptBad
325,13,4191.009999999999,3,998.6099999999999,2opt,improve
326,13,4080.5299999999997,3,998.6099999999999,move,improve
327,13,4231.65,3,998.6099999999999,swap,acceptBad
328,13,4195.3099999999995,3,998.6099999999999,move,improve
329,12,4094.55,3,998.6099999999999,2opt,improve
330,12,4279.0,3,998.6099999999999,2opt,acceptBad
331,12,4162.800000000001,3,998.6099999999999,move,improve
332,12,4168.08,3,998.6099999999999,swap,acceptBad
333,12,4166.4,3,998.6099999999999,2opt,improve
334,12,4103.64,3,998.6099999999999,2opt,improve
335,12,4111.72,3,998.6099999999999,swap,acceptBad
336,12,3935.7,3,998.6099999999999,move,improve
337,13,4341.640000000001,3,998.6099999999999,2opt,acceptBad
338,13,4321.54,3,998.6099999999999,move,improve
339,13,4303.720000000001,3,998.6099999999999,move,improve
340,13,4296.790000000001,3,998.6099999999999,2opt,improve
341,13,4295.110000000001,3,998.6099999999999,move,improve
342,13,4280.400000000001,3,998.6099999999999,swap,improve
343,13,4384.280000000001,3,998.6099999999999,swap,acceptBad
344,13,4356.660000000001,3,998.6099999999999,swap,improve
345,13,4104.1500000000015,3,998.6099999999999,move,improve
346,13,4084.9400000000014,3,998.6099999999999,move,improve
347,13,4125.420000000001,3,998.6099999999999,2opt,acceptBad
348,13,4181.420000000001,3,998.6099999999999,2opt,acceptBad
349,13,4321.41,3,998.6099999999999,2opt,acceptBad
350,13,4227.610000000001,3,998.6099999999999,swap,improve
351,13,4359.240000000001,3,998.6099999999999,2opt,acceptBad
352,13,4310.420000000001,3,998.6099999999999,move,improve
353,13,4348.77,3,998.6099999999999,2opt,acceptBad
354,13,4167.1,3,998.6099999999999,swap,improve
355,13,4121.55,3,998.6099999999999,move,improve
356,13,4086.1600000000008,3,998.6099999999999,move,improve
357,13,3910.96,3,998.6099999999999,move,improve
358,13,3910.96,3,998.6099999999999,move,improve
359,13,3908.42,3,998.6099999999999,move,improve
360,13,3926.9000000000005,3,998.6099999999999,2opt,acceptBad
361,13,4046.6500000000005,3,998.6099999999999,2opt,acceptBad
362,13,4202.580000000001,3,998.6099999999999,2opt,acceptBad
363,13,4328.200000000001,3,998.6099999999999,swap,acceptBad
364,13,4232.18,3,998.6099999999999,move,improve
365,13,4186.300000000001,3,998.6099999999999,move,improve
366,13,4192.52,3,998.6099999999999,swap,acceptBad
367,13,4151.49,3,998.6099999999999,move,improve
368,13,4347.049999999999,3,998.6099999999999,2opt,acceptBad
369,13,4331.119999999999,3,998.6099999999999,2opt,improve
370,13,4253.48,3,998.6099999999999,2opt,improve
371,13,4305.779999999999,3,998.6099999999999,swap,acceptBad
372,13,4308.929999999999,3,998.6099999999999,swap,acceptBad
373,13,4308.929999999999,3,998.6099999999999,move,improve
374,13,4214.3,3,998.6099999999999,move,improve
375,13,4213.849999999999,3,998.6099999999999,swap,improve
376,13,4235.5599999999995,3,998.6099999999999,2opt,acceptBad
377,13,4342.57,3,998.6099999999999,2opt,acceptBad
378,13,4346.769999999999,3,998.6099999999999,swap,acceptBad
379,13,4338.749999999999,3,998.6099999999999,move,improve
380,13,4396.37,3,998.6099999999999,swap,acceptBad
381,13,4398.3,3,998.6099999999999,2opt,acceptBad
382,13,4364.05,3,998.6099999999999,move,improve
383,13,4524.6,3,998.6099999999999,swap,acceptBad
384,13,4524.6,3,998.6099999999999,move,improve
385,13,4672.950000000001,3,998.6099999999999,swap,acceptBad
386,13,4558.600000000001,3,998.6099999999999,2opt,improve
387,13,4616.620000000001,3,998.6099999999999,swap,acceptBad
388,13,4495.220000000001,3,998.6099999999999,move,improve
389,13,4220.530000000001,3,998.6099999999999,2opt,improve
390,13,4177.150000000001,3,998.6099999999999,swap,improve
391,13,4137.1900000000005,3,998.6099999999999,move,improve
392,13,4018.9200000000014,3,998.6099999999999,move,improve
393,13,4048.460000000001,3,998.6099999999999,swap,acceptBad
394,13,4302.43,3,998.6099999999999,2opt,acceptBad
395,13,4307.530000000001,3,998.6099999999999,swap,acceptBad
396,13,4257.070000000001,3,998.6099999999999,swap,improve
397,13,4230.990000000002,3,998.6099999999999,2opt,improve
398,13,4204.560000000001,3,998.6099999999999,move,improve
399,13,4121.310000000001,3,998.6099999999999,swap,improve
400,13,4214.730000000001,3,998.6099999999999,swap,acceptBad
401,13,4602.170000000002,3,998.6099999999999,swap,acceptBad
402,12,4397.280000000001,3,998.6099999999999,2opt,improve
403,12,4648.960000000001,3,998.6099999999999,2opt,acceptBad
404,11,4194.2300000000005,3,998.6099999999999,2opt,improve
405,11,4183.01,3,998.6099999999999,swap,improve
406,11,4219.05,3,998.6099999999999,swap,acceptBad
407,11,4001.5200000000004,3,998.6099999999999,move,improve
408,11,3990.51,3,998.6099999999999,move,improve
409,11,4033.2900000000004,3,998.6099999999999,2opt,acceptBad
410,11,4036.5699999999997,3,998.6099999999999,swap,acceptBad
411,11,4144.16,3,998.6099999999999,2opt,acceptBad
412,11,4063.6800000000003,3,998.6099999999999,move,improve
413,11,3965.5200000000004,3,998.6099999999999,2opt,improve
414,11,3934.03,3,998.6099999999999,move,improve
415,12,4373.44,3,998.6099999999999,2opt,acceptBad
416,12,4360.699999999999,3,998.6099999999999,swap,improve
417,12,4444.630000000001,3,998.6099999999999,2opt,acceptBad
418,12,4369.93,3,998.6099999999999,move,improve
419,12,4370.330000000001,3,998.6099999999999,swap,acceptBad
420,12,4379.110000000001,3,998.6099999999999,swap,acceptBad
421,12,4427.300000000001,3,998.6099999999999,2opt,acceptBad
422,12,4401.04,3,998.6099999999999,move,improve
423,12,4460.240000000002,3,998.6099999999999,2opt,acceptBad
424,12,4455.21,3,998.6099999999999,move,improve
425,12,4257.6900000000005,3,998.6099999999999,2opt,improve
426,12,4277.6500000000015,3,998.6099999999999,2opt,acceptBad
427,12,4244.2300000000005,3,998.6099999999999,move,improve
428,12,4335.71,3,998.6099999999999,2opt,acceptBad
429,12,4394.780000000001,3,998.6099999999999,2opt,acceptBad
430,12,4294.39,3,998.6099999999999,move,improve
431,12,4293.31,3,998.6099999999999,swap,improve
432,12,4206.51,3,998.6099999999999,2opt,improve
433,13,4717.76,3,998.6099999999999,2opt,acceptBad
434,14,5213.009999999999,3,998.6099999999999,2opt,acceptBad
435,14,5202.869999999999,3,998.6099999999999,swap,improve
436,14,5225.75,3,998.6099999999999,2opt,acceptBad
437,14,5354.110000000001,3,998.6099999999999,swap,acceptBad
438,14,5468.78,3,998.6099999999999,2opt,acceptBad
439,14,5537.59,3,998.6099999999999,2opt,acceptBad
440,14,5545.83,3,998.6099999999999,swap,acceptBad
441,14,5354.310000000001,3,998.6099999999999,move,improve
442,14,5489.469999999999,3,998.6099999999999,2opt,acceptBad
443,14,5415.64,3,998.6099999999999,swap,improve
444,14,5304.370000000001,3,998.6099999999999,move,improve
445,14,5179.01,3,998.6099999999999,swap,improve
446,14,4832.1500000000015,3,998.6099999999999,move,improve
447,14,4805.170000000001,3,998.6099999999999,swap,improve
448,14,4692.140000000001,3,998.6099999999999,move,improve
449,14,4683.880000000001,3,998.6099999999999,2opt,improve
450,14,4529.200000000001,3,998.6099999999999,move,improve
451,14,4510.05,3,998.6099999999999,move,improve
452,14,4509.450000000001,3,998.6099999999999,2opt,improve
453,14,4498.42,3,998.6099999999999,move,improve
454,14,4578.610000000001,3,998.6099999999999,swap,acceptBad
455,14,4782.82,3,998.6099999999999,2opt,acceptBad
456,14,4804.0,3,998.6099999999999,2opt,acceptBad
457,14,4798.469999999999,3,998.6099999999999,swap,improve
458,14,4800.200000000001,3,998.6099999999999,swap,acceptBad
459,14,4774.1,3,998.6099999999999,2opt,improve
460,14,4774.070000000001,3,998.6099999999999,swap,improve
461,14,5026.24,3,998.6099999999999,2opt,acceptBad
462,14,4923.18,3,998.6099999999999,2opt,improve
463,14,5000.85,3,998.6099999999999,2opt,acceptBad
464,14,4973.08,3,998.6099999999999,move,improve
465,14,4926.470000000001,3,998.6099999999999,move,improve
466,14,4913.6100000000015,3,998.6099999999999,move,improve
467,14,4939.570000000001,3,998.6099999999999,2opt,acceptBad
468,14,4854.18,3,998.6099999999999,move,improve
469,14,4915.65,3,998.6099999999999,swap,acceptBad
470,14,4808.55,3,998.6099999999999,swap,improve
471,14,4861.67,3,998.6099999999999,2opt,acceptBad
472,14,4800.65,3,998.6099999999999,move,improve
473,14,4749.75,3,998.6099999999999,swap,improve
474,14,4695.030000000001,3,998.6099999999999,swap,improve
475,13,4359.79,3,998.6099999999999,move,improve
476,13,4296.82,3,998.6099999999999,move,improve
477,13,4336.6900000000005,3,998.6099999999999,swap,acceptBad
478,13,4406.27,3,998.6099999999999,swap,acceptBad
479,13,4352.81,3,998.6099999999999,move,improve
480,13,4354.700000000001,3,998.6099999999999,2opt,acceptBad
481,13,4433.35,3,998.6099999999999,2opt,acceptBad
482,13,4695.09,3,998.6099999999999,2opt,acceptBad
483,13,4637.299999999999,3,998.6099999999999,move,improve
484,12,4459.93,3,998.6099999999999,2opt,improve
485,12,4373.17,3,998.6099999999999,2opt,improve
486,12,4404.68,3,998.6099999999999,swap,acceptBad
487,12,4055.190000000001,3,998.6099999999999,move,improve
488,12,3971.2800000000007,3,998.6099999999999,move,improve
489,12,4083.6400000000003,3,998.6099999999999,2opt,acceptBad
490,12,3985.42,3,998.6099999999999,2opt,improve
491,12,3985.42,3,998.6099999999999,2opt,improve
492,12,3976.77,3,998.6099999999999,swap,improve
493,12,3900.6500000000005,3,998.6099999999999,move,improve
494,12,3886.8800000000006,3,998.6099999999999,swap,improve
495,12,3886.59,3,998.6099999999999,swap,improve
496,12,3884.870000000001,3,998.6099999999999,move,improve
497,12,4031.0700000000006,3,998.6099999999999,2opt,acceptBad
498,12,3995.4999999999995,3,998.6099999999999,swap,improve
499,12,4033.6600000000003,3,998.6099999999999,2opt,acceptBad
500,12,4007.7200000000003,3,998.6099999999999,move,improve
501,12,3853.5299999999993,3,998.6099999999999,2opt,improve
502,12,3946.6099999999988,3,998.6099999999999,2opt,acceptBad
503,12,3914.39,3,998.6099999999999,move,improve
504,12,3776.8099999999986,3,998.6099999999999,move,improve
505,12,3773.209999999999,3,998.6099999999999,swap,improve
506,12,3743.5199999999986,3,998.6099999999999,move,improve
507,12,3748.3599999999997,3,998.6099999999999,swap,acceptBad
508,11,3594.4400000000005,3,998.6099999999999,2opt,improve
509,11,3598.03,3,998.6099999999999,swap,acceptBad
510,11,3592.3600000000006,3,998.6099999999999,swap,improve
511,11,3654.46,3,998.6099999999999,swap,acceptBad
512,11,3650.2300000000005,3,998.6099999999999,move,improve
513,11,3657.370000000001,3,998.6099999999999,swap,acceptBad
514,11,3656.2,3,998.6099999999999,swap,improve
515,11,3561.620000000001,3,998.6099999999999,move,improve
516,11,3561.620000000001,3,998.6099999999999,2opt,improve
517,11,3845.5699999999997,3,998.6099999999999,swap,acceptBad
518,11,3785.699999999999,3,998.6099999999999,2opt,improve
519,11,3928.6400000000003,3,998.6099999999999,2opt,acceptBad
520,11,3887.87,3,998.6099999999999,move,improve
521,11,3882.8999999999996,3,998.6099999999999,2opt,improve
522,11,3793.4300000000003,3,998.6099999999999,2opt,improve
523,11,3967.919999999999,3,998.6099999999999,2opt,acceptBad
524,11,3960.9299999999994,3,998.6099999999999,swap,improve
525,11,3917.299999999999,3,998.6099999999999,move,improve
526,11,3967.0199999999995,3,998.6099999999999,swap,acceptBad
527,11,3968.96,3,998.6099999999999,2opt,acceptBad
528,11,3976.1399999999994,3,998.6099999999999,swap,acceptBad
529,10,3767.2200000000003,3,998.6099999999999,2opt,improve
530,10,3744.46,3,998.6099999999999,2opt,improve
531,10,3789.26,3,998.6099999999999,2opt,acceptBad
532,10,3726.41,3,998.6099999999999,2opt,improve
533,10,3742.3999999999996,3,998.6099999999999,swap,acceptBad
534,10,3854.38,3,998.6099999999999,swap,acceptBad
535,10,3749.45,3,998.6099999999999,swap,improve
536,10,3677.0899999999992,3,998.6099999999999,move,improve
537,10,3670.6100000000006,3,998.6099999999999,swap,improve
538,10,3687.42,3,998.6099999999999,swap,acceptBad
539,10,3677.52,3,998.6099999999999,2opt,improve
540,10,3677.52,3,998.6099999999999,move,improve
541,10,3413.7200000000003,3,998.6099999999999,move,improve
542,10,3292.35,3,998.6099999999999,2opt,improve
543,10,3396.29,3,998.6099999999999,swap,acceptBad
544,10,3369.23,3,998.6099999999999,move,improve
545,10,3373.51,3,998.6099999999999,swap,acceptBad
546,10,3464.959999999999,3,998.6099999999999,swap,acceptBad
547,10,3487.2799999999997,3,998.6099999999999,swap,acceptBad
548,10,3424.0599999999995,3,998.6099999999999,swap,improve
549,10,3660.6699999999996,3,998.6099999999999,2opt,acceptBad
550,10,3650.499999999999,3,998.6099999999999,move,improve
551,10,3627.919999999999,3,998.6099999999999,move,improve
552,10,3626.3099999999995,3,998.6099999999999,move,improve
553,10,3598.29,3,998.6099999999999,move,improve
554,10,3534.9299999999994,3,998.6099999999999,move,improve
555,9,3287.3,3,998.6099999999999,2opt,improve
556,10,3572.9100000000008,3,998.6099999999999,2opt,acceptBad
557,10,3558.2700000000004,3,998.6099999999999,move,improve
558,10,3623.5900000000006,3,998.6099999999999,swap,acceptBad
559,10,3508.92,3,998.6099999999999,2opt,improve
560,10,3486.02,3,998.6099999999999,swap,improve
561,10,3411.04,3,998.6099999999999,move,improve
562,10,3411.04,3,998.6099999999999,2opt,improve
563,10,3329.7799999999997,3,998.6099999999999,move,improve
564,10,3327.86,3,998.6099999999999,move,improve
565,10,3273.8599999999997,3,998.6099999999999,move,improve
566,10,3125.8199999999997,3,998.6099999999999,2opt,improve
567,10,3072.9799999999996,3,998.6099999999999,move,improve
568,10,3000.0699999999997,3,998.6099999999999,move,improve
569,10,2935.8599999999997,3,998.6099999999999,move,improve
570,10,2924.0199999999995,3,998.6099999999999,move,improve
571,10,2986.329999999999,3,998.6099999999999,swap,acceptBad
572,10,2914.7799999999997,3,998.6099999999999,2opt,improve
573,10,2921.4399999999996,3,998.6099999999999,2opt,acceptBad
574,10,3098.5599999999995,3,998.6099999999999,2opt,acceptBad
575,10,3126.08,3,998.6099999999999,2opt,acceptBad
576,10,3104.4499999999994,3,998.6099999999999,swap,improve
577,10,3155.29,3,998.6099999999999,swap,acceptBad
578,10,3144.85,3,998.6099999999999,move,improve
579,10,3181.39,3,998.6099999999999,2opt,acceptBad
580,10,3184.2699999999995,3,998.6099999999999,swap,acceptBad
581,10,3397.91,3,998.6099999999999,2opt,acceptBad
582,10,3346.0699999999997,3,998.6099999999999,swap,improve
583,10,3346.15,3,998.6099999999999,swap,acceptBad
584,10,3338.57,3,998.6099999999999,move,improve
585,10,3344.6900000000005,3,998.6099999999999,swap,acceptBad
586,10,3260.000000000001,3,998.6099999999999,move,improve
587,10,3095.7400000000007,3,998.6099999999999,move,improve
588,10,3095.7400000000007,3,998.6099999999999,move,improve
589,10,3088.6000000000004,3,998.6099999999999,move,improve
590,10,3082.3400000000006,3,998.6099999999999,swap,improve
591,10,3082.3400000000006,3,998.6099999999999,swap,improve
592,10,3050.6100000000006,3,998.6099999999999,swap,improve
593,10,3050.6100000000006,3,998.6099999999999,move,improve
594,10,3046.6000000000004,3,998.6099999999999,move,improve
595,10,3036.279999999999,3,998.6099999999999,2opt,improve
596,10,3061.8599999999988,3,998.6099999999999,swap,acceptBad
597,10,3153.659999999999,3,998.6099999999999,swap,acceptBad
598,10,3136.7699999999995,3,998.6099999999999,swap,improve
599,10,3136.7699999999995,3,998.6099999999999,2opt,improve
600,10,3081.1499999999996,3,998.6099999999999,move,improve
601,10,3081.1499999999996,3,998.6099999999999,move,improve
602,10,3168.7599999999993,3,998.6099999999999,swap,acceptBad
603,10,3140.4299999999994,3,998.6099999999999,swap,improve
604,10,3252.8099999999995,3,998.6099999999999,2opt,acceptBad
605,10,3370.5299999999997,3,998.6099999999999,2opt,acceptBad
606,10,3332.56,3,998.6099999999999,swap,improve
607,10,3354.97,3,998.6099999999999,2opt,acceptBad
608,10,3365.1899999999996,3,998.6099999999999,2opt,acceptBad
609,11,3633.3299999999995,3,998.6099999999999,2opt,acceptBad
610,11,3629.09,3,998.6099999999999,swap,improve
611,11,3608.8500000000004,3,998.6099999999999,2opt,improve
612,11,3696.4100000000003,3,998.6099999999999,swap,acceptBad
613,11,3743.0700000000006,3,998.6099999999999,2opt,acceptBad
614,11,3731.7799999999997,3,998.6099999999999,move,improve
615,11,3931.95,3,998.6099999999999,2opt,acceptBad
616,11,3929.609999999999,3,998.6099999999999,swap,improve
617,11,3826.0899999999997,3,998.6099999999999,move,improve
618,11,3815.16,3,998.6099999999999,move,improve
619,11,3765.8799999999997,3,998.6099999999999,move,improve
620,11,3765.8799999999997,3,998.6099999999999,2opt,improve
621,11,3685.1,3,998.6099999999999,move,improve
622,11,3632.5999999999995,3,998.6099999999999,swap,improve
623,12,4155.76,3,998.6099999999999,2opt,acceptBad
624,12,4201.119999999999,3,998.6099999999999,swap,acceptBad
625,12,4230.25,3,998.6099999999999,swap,acceptBad
626,12,4372.41,3,998.6099999999999,swap,acceptBad
627,12,4294.570000000001,3,998.6099999999999,move,improve
628,12,4245.6900000000005,3,998.6099999999999,2opt,improve
629,12,4114.230000000001,3,998.6099999999999,swap,improve
630,12,3941.8900000000012,3,998.6099999999999,2opt,improve
631,12,3714.4300000000003,3,998.6099999999999,move,improve
632,12,3663.8300000000004,3,998.6099999999999,move,improve
633,12,3659.9300000000003,3,998.6099999999999,2opt,improve
634,12,3629.4000000000005,3,998.6099999999999,move,improve
635,12,3717.09,3,998.6099999999999,2opt,acceptBad
636,12,3729.8599999999997,3,998.6099999999999,2opt,acceptBad
637,12,3689.7499999999995,3,998.6099999999999,move,improve
638,12,3931.9000000000005,3,998.6099999999999,2opt,acceptBad
639,12,3963.2200000000007,3,998.6099999999999,swap,acceptBad
640,12,3973.6000000000013,3,998.6099999999999,swap,acceptBad
641,12,3970.810000000001,3,998.6099999999999,move,improve
642,12,3987.4100000000008,3,998.6099999999999,2opt,acceptBad
643,12,4101.620000000001,3,998.6099999999999,2opt,acceptBad
644,12,4355.27,3,998.6099999999999,2opt,acceptBad
645,12,4343.8,3,998.6099999999999,swap,improve
646,12,4359.240000000001,3,998.6099999999999,swap,acceptBad
647,12,4408.740000000001,3,998.6099999999999,swap,acceptBad
648,12,4399.040000000001,3,998.6099999999999,move,improve
649,12,4399.040000000001,3,998.6099999999999,move,improve
650,12,4397.48,3,998.6099999999999,2opt,improve
651,12,4283.4800000000005,3,998.6099999999999,swap,improve
652,12,4274.350000000001,3,998.6099999999999,swap,improve
653,12,4228.290000000001,3,998.6099999999999,2opt,improve
654,12,4120.790000000001,3,998.6099999999999,move,improve
655,12,4120.790000000001,3,998.6099999999999,move,improve
656,12,4150.760000000001,3,998.6099999999999,2opt,acceptBad
657,12,4126.52,3,998.6099999999999,move,improve
658,12,4143.7,3,998.6099999999999,swap,acceptBad
659,12,4121.28,3,998.6099999999999,move,improve
660,12,4108.5,3,998.6099999999999,move,improve
661,12,4146.32,3,998.6099999999999,2opt,acceptBad
662,12,4146.32,3,998.6099999999999,move,improve
663,12,4073.6400000000003,3,998.6099999999999,move,improve
664,12,4079.55,3,998.6099999999999,swap,acceptBad
665,12,3981.84,3,998.6099999999999,move,improve
666,12,3851.8200000000006,3,998.6099999999999,move,improve
667,12,3907.730000000001,3,998.6099999999999,swap,acceptBad
668,12,3785.150000000001,3,998.6099999999999,move,improve
669,12,3787.3100000000013,3,998.6099999999999,2opt,acceptBad
670,12,3862.810000000001,3,998.6099999999999,2opt,acceptBad
671,12,3840.830000000001,3,998.6099999999999,move,improve
672,12,3595.9900000000007,3,998.6099999999999,move,improve
673,12,3595.9900000000002,3,998.6099999999999,move,improve
674,12,3594.0700000000006,3,998.6099999999999,move,improve
675,12,3594.0700000000006,3,998.6099999999999,move,improve
676,12,3579.040000000001,3,998.6099999999999,swap,improve
677,12,3579.040000000001,3,998.6099999999999,2opt,improve
678,12,3557.6600000000008,3,998.6099999999999,move,improve
679,11,3493.76,3,998.6099999999999,2opt,improve
680,11,3481.1499999999996,3,998.6099999999999,swap,improve
681,11,3481.1499999999996,3,998.6099999999999,move,improve
682,11,3471.36,3,998.6099999999999,2opt,improve
683,11,3327.3200000000006,3,998.6099999999999,move,improve
684,11,3534.72,3,998.6099999999999,2opt,acceptBad
685,11,3515.04,3,998.6099999999999,move,improve
686,11,3669.96,3,998.6099999999999,swap,acceptBad
687,11,3655.7799999999997,3,998.6099999999999,move,improve
688,11,3637.01,3,998.6099999999999,move,improve
689,11,3650.0099999999998,3,998.6099999999999,swap,acceptBad
690,11,3464.5099999999993,3,998.6099999999999,2opt,improve
691,11,3491.42,3,998.6099999999999,2opt,acceptBad
692,11,3595.6099999999997,3,998.6099999999999,2opt,acceptBad
693,11,3598.63,3,998.6099999999999,swap,acceptBad
694,11,4004.900000000001,3,998.6099999999999,2opt,acceptBad
695,11,3845.5600000000018,3,998.6099999999999,2opt,improve
696,11,3712.320000000001,3,998.6099999999999,swap,improve
697,10,3274.2300000000005,3,998.6099999999999,move,improve
698,10,3148.53,3,998.6099999999999,move,improve
699,10,3263.870000000001,3,998.6099999999999,swap,acceptBad
700,10,3354.5899999999992,3,998.6099999999999,2opt,acceptBad
701,10,3280.7699999999986,3,998.6099999999999,move,improve
702,10,3345.4799999999987,3,998.6099999999999,swap,acceptBad
703,10,3433.999999999999,3,998.6099999999999,swap,acceptBad
704,10,3433.999999999999,3,998.6099999999999,move,improve
705,10,3432.0199999999986,3,998.6099999999999,move,improve
706,10,3513.449999999998,3,998.6099999999999,swap,acceptBad
707,10,3552.1100000000006,3,998.6099999999999,2opt,acceptBad
708,10,3522.09,3,998.6099999999999,2opt,improve
709,10,3597.3600000000006,3,998.6099999999999,swap,acceptBad
710,10,3583.3500000000013,3,998.6099999999999,swap,improve
711,10,3557.4000000000005,3,998.6099999999999,swap,improve
712,10,3555.1000000000004,3,998.6099999999999,move,improve
713,10,3614.6500000000005,3,998.6099999999999,2opt,acceptBad
714,10,3553.4299999999994,3,998.6099999999999,2opt,improve
715,10,3536.42,3,998.6099999999999,move,improve
716,10,3536.42,3,998.6099999999999,move,improve
717,10,3407.18,3,998.6099999999999,move,improve
718,10,3334.3599999999997,3,998.6099999999999,2opt,improve
719,10,3475.9599999999996,3,998.6099999999999,2opt,acceptBad
720,10,3475.9599999999996,3,998.6099999999999,move,improve
721,10,3522.08,3,998.6099999999999,swap,acceptBad
722,10,3546.5599999999995,3,998.6099999999999,swap,acceptBad
723,10,3527.3599999999997,3,998.6099999999999,swap,improve
724,10,3626.1000000000004,3,998.6099999999999,2opt,acceptBad
725,10,3660.15,3,998.6099999999999,2opt,acceptBad
726,10,3642.0699999999997,3,998.6099999999999,move,improve
727,10,3632.99,3,998.6099999999999,swap,improve
728,10,3538.55,3,998.6099999999999,move,improve
729,10,3653.46,3,998.6099999999999,swap,acceptBad
730,10,3617.6399999999994,3,998.6099999999999,move,improve
731,10,3574.38,3,998.6099999999999,move,improve
732,10,3443.59,3,998.6099999999999,move,improve
733,10,3316.71,3,998.6099999999999,move,improve
734,10,3307.8899999999994,3,998.6099999999999,move,improve
735,10,3660.6099999999997,3,998.6099999999999,2opt,acceptBad
736,10,3653.5999999999995,3,998.6099999999999,move,improve
737,10,3623.0999999999995,3,998.6099999999999,move,improve
738,10,3623.94,3,998.6099999999999,swap,acceptBad
739,10,3612.54,3,998.6099999999999,move,improve
740,10,3610.38,3,998.6099999999999,swap,improve
741,10,3740.62,3,998.6099999999999,swap,acceptBad
742,10,3650.8899999999994,3,998.6099999999999,swap,improve
743,10,3572.5300000000007,3,998.6099999999999,move,improve
744,10,3572.5300000000007,3,998.6099999999999,move,improve
745,10,3596.4100000000008,3,998.6099999999999,2opt,acceptBad
746,10,3587.6400000000003,3,998.6099999999999,move,improve
747,10,3530.5500000000006,3,998.6099999999999,swap,improve
748,10,3583.99,3,998.6099999999999,2opt,acceptBad
749,10,3583.99,3,998.6099999999999,2opt,improve
750,10,3684.25,3,998.6099999999999,2opt,acceptBad
751,10,3631.9900000000007,3,998.6099999999999,move,improve
752,10,3631.9900000000007,3,998.6099999999999,move,improve
753,10,3658.7200000000003,3,998.6099999999999,swap,acceptBad
754,11,3791.5600000000004,3,998.6099999999999,2opt,acceptBad
755,11,3778.920000000001,3,998.6099999999999,2opt,improve
756,11,3908.0900000000006,3,998.6099999999999,swap,acceptBad
757,11,3891.78,3,998.6099999999999,move,improve
758,11,3826.7300000000005,3,998.6099999999999,swap,improve
759,11,3905.24,3,998.6099999999999,2opt,acceptBad
760,11,3905.24,3,998.6099999999999,move,improve
761,11,3905.24,3,998.6099999999999,move,improve
762,11,3815.6200000000003,3,998.6099999999999,2opt,improve
763,11,3768.0700000000006,3,998.6099999999999,move,improve
764,11,3717.26,3,998.6099999999999,swap,improve
765,11,3696.04,3,998.6099999999999,swap,improve
766,11,3668.550000000001,3,998.6099999999999,2opt,improve
767,11,3662.88,3,998.6099999999999,move,improve
768,11,3486.760000000001,3,998.6099999999999,move,improve
769,11,3484.13,3,998.6099999999999,2opt,improve
770,11,3434.6100000000006,3,998.6099999999999,move,improve
771,11,3472.8900000000003,3,998.6099999999999,swap,acceptBad
772,11,3433.62,3,998.6099999999999,move,improve
773,11,3526.2200000000003,3,998.6099999999999,swap,acceptBad
774,11,3526.2200000000003,3,998.6099999999999,move,improve
775,11,3744.2200000000003,3,998.6099999999999,2opt,acceptBad
776,11,3688.1800000000003,3,998.6099999999999,swap,improve
777,11,3672.7100000000005,3,998.6099999999999,swap,improve
778,11,3647.25,3,998.6099999999999,move,improve
779,11,3644.2400000000007,3,998.6099999999999,swap,improve
780,11,3640.92,3,998.6099999999999,swap,improve
781,11,3915.95,3,998.6099999999999,2opt,acceptBad
782,11,3809.45,3,998.6099999999999,2opt,improve
783,11,3670.22,3,998.6099999999999,move,improve
784,11,3660.5299999999997,3,998.6099999999999,move,improve
785,11,3513.2,3,998.6099999999999,move,improve
786,11,3564.9399999999996,3,998.6099999999999,swap,acceptBad
787,11,3547.22,3,998.6099999999999,move,improve
788,11,3554.61,3,998.6099999999999,swap,acceptBad
789,11,3696.04,3,998.6099999999999,2opt,acceptBad
790,11,3694.3400000000006,3,998.6099999999999,move,improve
791,11,3686.04,3,998.6099999999999,move,improve
792,11,3691.44,3,998.6099999999999,swap,acceptBad
793,11,3701.75,3,998.6099999999999,swap,acceptBad
794,11,3690.250000000001,3,998.6099999999999,move,improve
795,11,3622.46,3,998.6099999999999,2opt,improve
796,11,3561.08,3,998.6099999999999,2opt,improve
797,11,3516.3099999999995,3,998.6099999999999,move,improve
798,11,3313.2500000000005,3,998.6099999999999,move,improve
799,11,3313.2500000000005,3,998.6099999999999,move,improve
800,11,3387.9700000000003,3,998.6099999999999,swap,acceptBad
801,11,3347.8700000000003,3,998.6099999999999,move,improve
802,11,3385.7500000000005,3,998.6099999999999,swap,acceptBad
803,11,3378.080000000001,3,998.6099999999999,move,improve
804,11,3435.6500000000005,3,998.6099999999999,swap,acceptBad
805,11,3505.1100000000006,3,998.6099999999999,swap,acceptBad
806,11,3486.6300000000006,3,998.6099999999999,move,improve
807,11,3463.9100000000003,3,998.6099999999999,swap,improve
808,10,3273.9,3,998.6099999999999,2opt,improve
809,10,3273.9,3,998.6099999999999,2opt,improve
810,10,3287.159999999999,3,998.6099999999999,2opt,acceptBad
811,10,3228.7599999999998,3,998.6099999999999,swap,improve
812,10,3189.5899999999997,3,998.6099999999999,move,improve
813,10,3181.75,3,998.6099999999999,move,improve
814,10,3291.4799999999996,3,998.6099999999999,swap,acceptBad
815,10,3243.459999999999,3,998.6099999999999,2opt,improve
816,10,3227.119999999999,3,998.6099999999999,move,improve
817,10,3108.9699999999993,3,998.6099999999999,move,improve
818,9,3115.580000000001,3,998.6099999999999,2opt,acceptBad
819,9,3082.5300000000007,3,998.6099999999999,swap,improve
820,9,3172.1600000000003,3,998.6099999999999,swap,acceptBad
821,9,3159.640000000001,3,998.6099999999999,swap,improve
822,9,3154.959999999999,3,998.6099999999999,2opt,improve
823,9,3046.5999999999995,3,998.6099999999999,2opt,improve
824,9,3035.0899999999992,3,998.6099999999999,move,improve
825,9,3019.8899999999994,3,998.6099999999999,swap,improve
826,9,3145.1099999999997,3,998.6099999999999,swap,acceptBad
827,9,3136.56,3,998.6099999999999,swap,improve
828,9,3181.0799999999995,3,998.6099999999999,swap,acceptBad
829,9,3136.6099999999997,3,998.6099999999999,swap,improve
830,9,3222.7,3,998.6099999999999,swap,acceptBad
831,9,3142.99,3,998.6099999999999,swap,improve
832,9,3197.74,3,998.6099999999999,swap,acceptBad
833,9,3197.74,3,998.6099999999999,2opt,improve
834,9,3175.8099999999995,3,998.6099999999999,swap,improve
835,9,3157.13,3,998.6099999999999,2opt,improve
836,9,3289.75,3,998.6099999999999,2opt,acceptBad
837,9,3275.95,3,998.6099999999999,move,improve
838,9,3275.95,3,998.6099999999999,2opt,improve
839,9,3281.29,3,998.6099999999999,swap,acceptBad
840,9,3170.6000000000004,3,998.6099999999999,move,improve
841,9,3170.6000000000004,3,998.6099999999999,2opt,improve
842,9,3092.83,3,998.6099999999999,move,improve
843,9,3027.3099999999995,3,998.6099999999999,move,improve
844,9,3009.1699999999996,3,998.6099999999999,2opt,improve
845,9,3099.769999999999,3,998.6099999999999,2opt,acceptBad
846,9,3217.4700000000003,3,998.6099999999999,2opt,acceptBad
847,9,3368.1799999999994,3,998.6099999999999,2opt,acceptBad
848,9,3494.1599999999994,3,998.6099999999999,swap,acceptBad
849,9,3363.5399999999995,3,998.6099999999999,swap,improve
850,9,3433.0899999999997,3,998.6099999999999,swap,acceptBad
851,9,3428.7599999999993,3,998.6099999999999,swap,improve
852,9,3264.3099999999995,3,998.6099999999999,move,improve
853,9,3358.869999999999,3,998.6099999999999,swap,acceptBad
854,9,3306.13,3,998.6099999999999,swap,improve
855,9,3207.2200000000003,3,998.6099999999999,move,improve
856,8,3166.9700000000007,3,998.6099999999999,2opt,improve
857,8,3107.4500000000007,3,998.6099999999999,swap,improve
858,8,3040.890000000001,3,998.6099999999999,move,improve
859,8,3048.060000000001,3,998.6099999999999,swap,acceptBad
860,8,3048.060000000001,3,998.6099999999999,2opt,improve
861,8,3108.8400000000006,3,998.6099999999999,2opt,acceptBad
862,8,3355.78,3,998.6099999999999,2opt,acceptBad
863,9,3670.9500000000007,3,998.6099999999999,2opt,acceptBad
864,9,3584.9300000000003,3,998.6099999999999,2opt,improve
865,9,3536.33,3,998.6099999999999,swap,improve
866,9,3557.1900000000005,3,998.6099999999999,swap,acceptBad
867,9,3621.76,3,998.6099999999999,2opt,acceptBad
868,9,3424.9699999999993,3,998.6099999999999,move,improve
869,10,3767.8699999999994,3,998.6099999999999,2opt,acceptBad
870,10,3767.8699999999994,3,998.6099999999999,move,improve
871,9,3444.0600000000004,3,998.6099999999999,2opt,improve
872,10,3861.1800000000003,3,998.6099999999999,2opt,acceptBad
873,10,3809.8599999999997,3,998.6099999999999,move,improve
874,10,3846.2299999999996,3,998.6099999999999,2opt,acceptBad
875,10,3827.4999999999995,3,998.6099999999999,move,improve
876,10,3817.4799999999996,3,998.6099999999999,move,improve
877,10,3890.04,3,998.6099999999999,swap,acceptBad
878,10,3836.1399999999994,3,998.6099999999999,swap,improve
879,10,3843.579999999999,3,998.6099999999999,swap,acceptBad
880,10,3925.09,3,998.6099999999999,2opt,acceptBad
881,11,4105.96,3,998.6099999999999,2opt,acceptBad
882,11,4221.93,3,998.6099999999999,swap,acceptBad
883,11,4135.72,3,998.6099999999999,move,improve
884,11,4139.830000000001,3,998.6099999999999,swap,acceptBad
885,11,4050.7200000000007,3,998.6099999999999,swap,improve
886,11,4054.1400000000003,3,998.6099999999999,swap,acceptBad
887,11,4063.5800000000004,3,998.6099999999999,swap,acceptBad
888,11,4062.350000000001,3,998.6099999999999,move,improve
889,11,4077.9400000000005,3,998.6099999999999,swap,acceptBad
890,11,3962.7100000000005,3,998.6099999999999,swap,improve
891,11,3959.3399999999992,3,998.6099999999999,2opt,improve
892,11,4026.5200000000004,3,998.6099999999999,2opt,acceptBad
893,11,3988.86,3,998.6099999999999,swap,improve
894,11,4055.3400000000006,3,998.6099999999999,2opt,acceptBad
895,11,3994.6200000000003,3,998.6099999999999,move,improve
896,11,3892.620000000001,3,998.6099999999999,2opt,improve
897,11,3868.87,3,998.6099999999999,move,improve
898,11,3836.7699999999995,3,998.6099999999999,move,improve
899,11,3823.1000000000004,3,998.6099999999999,move,improve
900,11,3851.8599999999997,3,998.6099999999999,2opt,acceptBad
901,11,3834.0600000000004,3,998.6099999999999,2opt,improve
902,11,3950.0,3,998.6099999999999,swap,acceptBad
903,11,3894.92,3,998.6099999999999,swap,improve
904,11,4027.2500000000005,3,998.6099999999999,2opt,acceptBad
905,11,3855.3400000000006,3,998.6099999999999,swap,improve
906,11,3824.92,3,998.6099999999999,2opt,improve
907,11,3847.5400000000004,3,998.6099999999999,swap,acceptBad
908,11,3812.58,3,998.6099999999999,move,improve
909,11,3812.58,3,998.6099999999999,move,improve
910,11,3810.87,3,998.6099999999999,move,improve
911,11,3782.1000000000004,3,998.6099999999999,move,improve
912,11,3782.04,3,998.6099999999999,move,improve
913,11,3808.59,3,998.6099999999999,2opt,acceptBad
914,11,3524.3200000000006,3,998.6099999999999,move,improve
915,11,3524.2200000000003,3,998.6099999999999,2opt,improve
916,11,3524.2200000000003,3,998.6099999999999,move,improve
917,11,3568.579999999999,3,998.6099999999999,2opt,acceptBad
918,11,3572.3,3,998.6099999999999,2opt,acceptBad
919,11,3472.91,3,998.6099999999999,2opt,improve
920,11,3544.369999999999,3,998.6099999999999,2opt,acceptBad
921,11,3630.0299999999993,3,998.6099999999999,swap,acceptBad
922,11,3678.87,3,998.6099999999999,swap,acceptBad
923,11,3760.6000000000004,3,998.6099999999999,2opt,acceptBad
924,11,3776.060000000001,3,998.6099999999999,swap,acceptBad
925,11,3776.060000000001,3,998.6099999999999,move,improve
926,11,3744.4800000000005,3,998.6099999999999,2opt,improve
927,11,3523.5999999999995,3,998.6099999999999,swap,improve
928,11,3523.5099999999998,3,998.6099999999999,move,improve
929,11,3702.92,3,998.6099999999999,2opt,acceptBad
930,12,4122.32,3,998.6099999999999,2opt,acceptBad
931,12,4007.3900000000003,3,998.6099999999999,swap,improve
932,12,3985.4400000000005,3,998.6099999999999,move,improve
933,12,3965.01,3,998.6099999999999,swap,improve
934,12,3948.0,3,998.6099999999999,move,improve
935,12,4033.5400000000004,3,998.6099999999999,swap,acceptBad
936,12,4033.5400000000004,3,998.6099999999999,2opt,improve
937,12,3980.5300000000007,3,998.6099999999999,swap,improve
938,12,3962.55,3,998.6099999999999,move,improve
939,12,3857.140000000001,3,998.6099999999999,swap,improve
940,12,3852.92,3,998.6099999999999,swap,improve
941,12,3899.8199999999997,3,998.6099999999999,2opt,acceptBad
942,12,3848.84,3,998.6099999999999,move,improve
943,12,3893.2799999999997,3,998.6099999999999,2opt,acceptBad
944,12,3996.7599999999993,3,998.6099999999999,swap,acceptBad
945,12,3979.84,3,998.6099999999999,move,improve
946,12,3982.63,3,998.6099999999999,swap,acceptBad
947,12,3969.8999999999996,3,998.6099999999999,move,improve
948,12,3876.3199999999997,3,998.6099999999999,move,improve
949,12,3843.3800000000006,3,998.6099999999999,2opt,improve
950,12,3952.510000000001,3,998.6099999999999,2opt,acceptBad
951,12,3887.05,3,998.6099999999999,swap,improve
952,12,3936.370000000001,3,998.6099999999999,2opt,acceptBad
953,12,3931.8900000000012,3,998.6099999999999,move,improve
954,12,3999.5299999999997,3,998.6099999999999,swap,acceptBad
955,12,4055.3300000000004,3,998.6099999999999,swap,acceptBad
956,12,4038.9700000000003,3,998.6099999999999,2opt,improve
957,12,3988.5200000000004,3,998.6099999999999,move,improve
958,12,4127.720000000001,3,998.6099999999999,swap,acceptBad
959,12,3991.5600000000004,3,998.6099999999999,move,improve
960,12,3981.640000000001,3,998.6099999999999,move,improve
961,12,3981.640000000001,3,998.6099999999999,move,improve
962,12,3963.680000000001,3,998.6099999999999,move,improve
963,12,3886.5700000000006,3,998.6099999999999,swap,improve
964,12,3884.1399999999994,3,998.6099999999999,move,improve
965,12,4014.7,3,998.6099999999999,2opt,acceptBad
966,12,3971.600000000001,3,998.6099999999999,2opt,improve
967,12,3979.07,3,998.6099999999999,swap,acceptBad
968,12,4010.610000000001,3,998.6099999999999,swap,acceptBad
969,12,3980.9500000000007,3,998.6099999999999,move,improve
970,12,3999.499999999999,3,998.6099999999999,2opt,acceptBad
971,12,4009.8699999999994,3,998.6099999999999,swap,acceptBad
972,12,3965.4799999999996,3,998.6099999999999,2opt,improve
973,12,4008.9199999999996,3,998.6099999999999,swap,acceptBad
974,12,4030.2599999999993,3,998.6099999999999,swap,acceptBad
975,12,3999.56,3,998.6099999999999,move,improve
976,12,3994.9699999999993,3,998.6099999999999,swap,improve
977,12,3954.21,3,998.6099999999999,move,improve
978,12,4157.16,3,998.6099999999999,swap,acceptBad
979,12,4157.43,3,998.6099999999999,swap,acceptBad
980,12,4200.83,3,998.6099999999999,swap,acceptBad
981,12,4273.0999999999985,3,998.6099999999999,2opt,acceptBad
982,12,4183.82,3,998.6099999999999,move,improve
983,12,4188.589999999999,3,998.6099999999999,swap,acceptBad
984,12,4198.549999999998,3,998.6099999999999,swap,acceptBad
985,12,4242.289999999999,3,998.6099999999999,swap,acceptBad
986,12,4224.5199999999995,3,998.6099999999999,move,improve
987,12,4274.4,3,998.6099999999999,2opt,acceptBad
988,12,4504.779999999999,3,998.6099999999999,2opt,acceptBad
989,12,4508.979999999999,3,998.6099999999999,swap,acceptBad
990,11,4134.589999999999,3,998.6099999999999,2opt,improve
991,11,4246.539999999999,3,998.6099999999999,2opt,acceptBad
992,11,4221.469999999999,3,998.6099999999999,swap,improve
993,11,4200.51,3,998.6099999999999,swap,improve
994,11,4200.51,3,998.6099999999999,move,improve
995,11,4213.48,3,998.6099999999999,2opt,acceptBad
996,11,4139.8099999999995,3,998.6099999999999,2opt,improve
997,11,4064.5200000000004,3,998.6099999999999,move,improve
998,11,4024.8700000000003,3,998.6099999999999,2opt,improve
999,11,3850.41,3,998.6099999999999,move,improve
1000,11,3850.41,3,998.6099999999999,2opt,improve
1001,11,3971.22,3,998.6099999999999,swap,acceptBad
1002,11,4020.45,3,998.6099999999999,swap,acceptBad
1003,11,4021.7599999999993,3,998.6099999999999,2opt,acceptBad
1004,11,4136.51,3,998.6099999999999,2opt,acceptBad
1005,11,4136.51,3,998.6099999999999,move,improve
1006,11,4195.97,3,998.6099999999999,2opt,acceptBad
1007,11,4183.750000000001,3,998.6099999999999,move,improve
1008,11,4250.910000000001,3,998.6099999999999,swap,acceptBad
1009,11,4223.55,3,998.6099999999999,2opt,improve
1010,10,3943.3100000000004,3,998.6099999999999,2opt,improve
1011,10,4026.13,3,998.6099999999999,2opt,acceptBad
1012,10,4017.04,3,998.6099999999999,move,improve
1013,10,3977.4100000000003,3,998.6099999999999,move,improve
1014,10,3968.41,3,998.6099999999999,move,improve
1015,10,3977.6700000000005,3,998.6099999999999,swap,acceptBad
1016,10,3977.6700000000005,3,998.6099999999999,2opt,improve
1017,11,3986.1400000000003,3,998.6099999999999,2opt,acceptBad
1018,11,4144.610000000001,3,998.6099999999999,2opt,acceptBad
1019,11,4382.48,3,998.6099999999999,2opt,acceptBad
1020,11,4355.2,3,998.6099999999999,move,improve
1021,11,4213.709999999999,3,998.6099999999999,move,improve
1022,11,4295.640000000001,3,998.6099999999999,2opt,acceptBad
1023,11,4227.870000000001,3,998.6099999999999,swap,improve
1024,11,4310.639999999999,3,998.6099999999999,2opt,acceptBad
1025,11,4287.409999999999,3,998.6099999999999,swap,improve
1026,11,4153.09,3,998.6099999999999,move,improve
1027,11,4001.5299999999993,3,998.6099999999999,move,improve
1028,11,4024.08,3,998.6099999999999,2opt,acceptBad
1029,11,3948.24,3,998.6099999999999,2opt,improve
1030,11,3892.76,3,998.6099999999999,2opt,improve
1031,11,3963.6800000000003,3,998.6099999999999,2opt,acceptBad
1032,11,3748.1400000000003,3,998.6099999999999,move,improve
1033,11,3906.0,3,998.6099999999999,swap,acceptBad
1034,11,3772.0699999999997,3,998.6099999999999,move,improve
1035,11,3775.4900000000002,3,998.6099999999999,swap,acceptBad
1036,11,3737.8199999999997,3,998.6099999999999,swap,improve
1037,11,3581.2299999999996,3,998.6099999999999,move,improve
1038,11,3623.46,3,998.6099999999999,swap,acceptBad
1039,11,3592.83,3,998.6099999999999,swap,improve
1040,11,3473.8999999999996,3,998.6099999999999,move,improve
1041,11,3473.55,3,998.6099999999999,move,improve
1042,11,3483.0899999999997,3,998.6099999999999,swap,acceptBad
1043,12,3693.1800000000003,3,998.6099999999999,2opt,acceptBad
1044,12,3806.0299999999997,3,998.6099999999999,2opt,acceptBad
1045,12,3699.63,3,998.6099999999999,2opt,improve
1046,12,3925.369999999999,3,998.6099999999999,2opt,acceptBad
1047,12,3990.93,3,998.6099999999999,swap,acceptBad
1048,12,4247.289999999999,3,998.6099999999999,swap,acceptBad
1049,12,4175.61,3,998.6099999999999,move,improve
1050,12,4102.51,3,998.6099999999999,move,improve
1051,12,4085.769999999999,3,998.6099999999999,move,improve
1052,12,4326.41,3,998.6099999999999,2opt,acceptBad
1053,12,4210.579999999998,3,998.6099999999999,move,improve
1054,12,4132.159999999998,3,998.6099999999999,move,improve
1055,13,4518.539999999999,3,998.6099999999999,2opt,acceptBad
1056,14,4840.369999999998,3,998.6099999999999,2opt,acceptBad
1057,14,4923.289999999999,3,998.6099999999999,2opt,acceptBad
1058,14,4884.919999999998,3,998.6099999999999,move,improve
1059,14,4948.57,3,998.6099999999999,swap,acceptBad
1060,14,4948.57,3,998.6099999999999,move,improve
1061,14,4975.530000000001,3,998.6099999999999,swap,acceptBad
1062,14,4924.33,3,998.6099999999999,move,improve
1063,14,4737.93,3,998.6099999999999,swap,improve
1064,14,4653.709999999999,3,998.6099999999999,2opt,improve
1065,14,4731.03,3,998.6099999999999,2opt,acceptBad
1066,14,4775.950000000001,3,998.6099999999999,2opt,acceptBad
1067,14,4712.230000000001,3,998.6099999999999,2opt,improve
1068,14,4622.290000000001,3,998.6099999999999,move,improve
1069,14,4570.28,3,998.6099999999999,move,improve
1070,14,4513.709999999999,3,998.6099999999999,move,improve
1071,14,4513.709999999999,3,998.6099999999999,move,improve
1072,14,4501.38,3,998.6099999999999,move,improve
1073,14,4487.240000000001,3,998.6099999999999,move,improve
1074,14,4488.05,3,998.6099999999999,2opt,acceptBad
1075,14,4445.550000000001,3,998.6099999999999,move,improve
1076,14,4521.77,3,998.6099999999999,swap,acceptBad
1077,14,4524.289999999999,3,998.6099999999999,swap,acceptBad
1078,14,4507.5599999999995,3,998.6099999999999,2opt,improve
1079,14,4522.96,3,998.6099999999999,swap,acceptBad
1080,14,4674.109999999999,3,998.6099999999999,2opt,acceptBad
1081,14,4676.719999999999,3,998.6099999999999,2opt,acceptBad
1082,14,4564.269999999999,3,998.6099999999999,move,improve
1083,14,4764.559999999998,3,998.6099999999999,swap,acceptBad
1084,14,4765.109999999999,3,998.6099999999999,swap,acceptBad
1085,14,4670.039999999997,3,998.6099999999999,move,improve
1086,14,4533.119999999998,3,998.6099999999999,move,improve
1087,14,4584.959999999999,3,998.6099999999999,2opt,acceptBad
1088,14,4580.949999999999,3,998.6099999999999,swap,improve
1089,14,4610.889999999999,3,998.6099999999999,2opt,acceptBad
1090,14,4567.249999999998,3,998.6099999999999,2opt,improve
1091,14,4580.5199999999995,3,998.6099999999999,swap,acceptBad
1092,14,4637.85,3,998.6099999999999,2opt,acceptBad
1093,14,4542.35,3,998.6099999999999,move,improve
1094,14,4640.08,3,998.6099999999999,swap,acceptBad
1095,14,4626.1900000000005,3,998.6099999999999,swap,improve
1096,14,4644.839999999999,3,998.6099999999999,2opt,acceptBad
1097,14,4571.309999999998,3,998.6099999999999,move,improve
1098,14,4623.859999999998,3,998.6099999999999,swap,acceptBad
1099,14,4641.239999999998,3,998.6099999999999,2opt,acceptBad
1100,14,4579.289999999998,3,998.6099999999999,swap,improve
1101,14,4579.289999999998,3,998.6099999999999,move,improve
1102,14,4729.139999999999,3,998.6099999999999,swap,acceptBad
1103,14,4650.369999999999,3,998.6099999999999,move,improve
1104,14,4643.669999999999,3,998.6099999999999,2opt,improve
1105,14,4586.57,3,998.6099999999999,2opt,improve
1106,14,4592.249999999999,3,998.6099999999999,swap,acceptBad
1107,14,4590.709999999999,3,998.6099999999999,swap,improve
1108,14,4531.489999999999,3,998.6099999999999,swap,improve
1109,14,4425.429999999999,3,998.6099999999999,move,improve
1110,14,4568.289999999999,3,998.6099999999999,swap,acceptBad
1111,14,4568.289999999999,3,998.6099999999999,move,improve
1112,14,4577.149999999998,3,998.6099999999999,swap,acceptBad
1113,14,4527.939999999997,3,998.6099999999999,move,improve
1114,14,4527.939999999997,3,998.6099999999999,move,improve
1115,14,4527.939999999997,3,998.6099999999999,move,improve
1116,14,4383.769999999999,3,998.6099999999999,move,improve
1117,14,4383.769999999999,3,998.6099999999999,move,improve
1118,14,4383.769999999999,3,998.6099999999999,move,improve
1119,14,4570.899999999998,3,998.6099999999999,2opt,acceptBad
1120,14,4823.28,3,998.6099999999999,2opt,acceptBad
1121,14,4847.04,3,998.6099999999999,swap,acceptBad
1122,14,5029.540000000001,3,998.6099999999999,2opt,acceptBad
1123,14,5104.51,3,998.6099999999999,swap,acceptBad
1124,14,4976.85,3,998.6099999999999,2opt,improve
1125,14,4916.1500000000015,3,998.6099999999999,move,improve
1126,14,4749.4800000000005,3,998.6099999999999,swap,improve
1127,14,4686.33,3,998.6099999999999,swap,improve
1128,14,4646.790000000001,3,998.6099999999999,swap,improve
1129,14,4646.790000000001,3,998.6099999999999,move,improve
1130,14,4521.650000000001,3,998.6099999999999,move,improve
1131,14,4727.04,3,998.6099999999999,2opt,acceptBad
1132,14,4927.68,3,998.6099999999999,swap,acceptBad
1133,14,4749.890000000001,3,998.6099999999999,move,improve
1134,14,4749.9800000000005,3,998.6099999999999,swap,acceptBad
1135,14,4644.69,3,998.6099999999999,swap,improve
1136,14,4625.7699999999995,3,998.6099999999999,move,improve
1137,14,4696.43,3,998.6099999999999,2opt,acceptBad
1138,14,4645.83,3,998.6099999999999,move,improve
1139,14,4537.95,3,998.6099999999999,move,improve
1140,14,4544.079999999999,3,998.6099999999999,swap,acceptBad
1141,13,4382.799999999999,3,998.6099999999999,2opt,improve
1142,13,4391.18,3,998.6099999999999,2opt,acceptBad
1143,13,4398.56,3,998.6099999999999,2opt,acceptBad
1144,13,4482.82,3,998.6099999999999,swap,acceptBad
1145,13,4544.839999999999,3,998.6099999999999,swap,acceptBad
1146,13,4075.1299999999987,3,998.6099999999999,move,improve
1147,13,4193.4299999999985,3,998.6099999999999,swap,acceptBad
1148,13,4176.92,3,998.6099999999999,move,improve
1149,13,4494.98,3,998.6099999999999,2opt,acceptBad
1150,13,4222.03,3,998.6099999999999,2opt,improve
1151,13,4172.49,3,998.6099999999999,move,improve
1152,13,4191.5199999999995,3,998.6099999999999,swap,acceptBad
1153,13,4261.5199999999995,3,998.6099999999999,2opt,acceptBad
1154,13,4373.259999999999,3,998.6099999999999,2opt,acceptBad
1155,13,4373.259999999999,3,998.6099999999999,2opt,notBad
1156,13,4273.7,3,998.6099999999999,swap,improve
1157,13,4245.34,3,998.6099999999999,move,improve
1158,13,4192.82,3,998.6099999999999,2opt,improve
1159,13,4127.079999999999,3,998.6099999999999,swap,improve
1160,13,4285.44,3,998.6099999999999,swap,acceptBad
1161,13,4292.439999999999,3,998.6099999999999,2opt,acceptBad
1162,13,4356.669999999999,3,998.6099999999999,swap,acceptBad
1163,13,4356.669999999999,3,998.6099999999999,move,improve
1164,13,4467.049999999999,3,998.6099999999999,2opt,acceptBad
1165,13,4468.669999999998,3,998.6099999999999,2opt,acceptBad
1166,13,4406.65,3,998.6099999999999,swap,improve
1167,13,4443.6500000000015,3,998.6099999999999,2opt,acceptBad
1168,14,4950.050000000001,3,998.6099999999999,2opt,acceptBad
1169,14,5056.280000000001,3,998.6099999999999,swap,acceptBad
1170,14,5047.690000000001,3,998.6099999999999,2opt,improve
1171,13,4713.340000000002,3,998.6099999999999,2opt,improve
1172,13,4672.750000000002,3,998.6099999999999,swap,improve
1173,13,4644.630000000001,3,998.6099999999999,move,improve
1174,13,4565.0700000000015,3,998.6099999999999,swap,improve
1175,13,4609.670000000002,3,998.6099999999999,swap,acceptBad
1176,13,4588.140000000001,3,998.6099999999999,move,improve
1177,13,4614.280000000001,3,998.6099999999999,2opt,acceptBad
1178,12,4217.780000000001,3,998.6099999999999,move,improve
1179,12,4205.1900000000005,3,998.6099999999999,move,improve
1180,12,4122.21,3,998.6099999999999,move,improve
1181,12,4127.77,3,998.6099999999999,2opt,acceptBad
1182,12,4127.01,3,998.6099999999999,swap,improve
1183,12,4096.17,3,998.6099999999999,2opt,improve
1184,12,4121.1900000000005,3,998.6099999999999,swap,acceptBad
1185,12,4252.189999999999,3,998.6099999999999,2opt,acceptBad
1186,12,4295.429999999999,3,998.6099999999999,2opt,acceptBad
1187,12,4601.65,3,998.6099999999999,2opt,acceptBad
1188,12,4480.54,3,998.6099999999999,swap,improve
1189,12,4524.360000000001,3,998.6099999999999,2opt,acceptBad
1190,12,4526.060000000001,3,998.6099999999999,swap,acceptBad
1191,12,4552.13,3,998.6099999999999,2opt,acceptBad
1192,12,4516.489999999999,3,998.6099999999999,move,improve
1193,13,4848.849999999999,3,998.6099999999999,2opt,acceptBad
1194,13,4871.65,3,998.6099999999999,swap,acceptBad
1195,13,4899.05,3,998.6099999999999,2opt,acceptBad
1196,13,5099.12,3,998.6099999999999,2opt,acceptBad
1197,13,5101.55,3,998.6099999999999,swap,acceptBad
1198,13,4769.719999999999,3,998.6099999999999,2opt,improve
1199,13,4760.360000000001,3,998.6099999999999,2opt,improve
1200,13,4676.93,3,998.6099999999999,move,improve
1201,13,4639.07,3,998.6099999999999,move,improve
1202,13,4630.57,3,998.6099999999999,swap,improve
1203,13,4623.16,3,998.6099999999999,move,improve
1204,13,4671.219999999999,3,998.6099999999999,swap,acceptBad
1205,13,4803.8099999999995,3,998.6099999999999,swap,acceptBad
1206,13,4993.94,3,998.6099999999999,swap,acceptBad
1207,13,4904.84,3,998.6099999999999,move,improve
1208,13,4761.289999999999,3,998.6099999999999,2opt,improve
1209,13,4670.26,3,998.6099999999999,move,improve
1210,13,4657.549999999999,3,998.6099999999999,move,improve
1211,13,4695.92,3,998.6099999999999,swap,acceptBad
1212,13,4844.4,3,998.6099999999999,2opt,acceptBad
1213,13,4886.620000000002,3,998.6099999999999,swap,acceptBad
1214,13,4917.990000000001,3,998.6099999999999,2opt,acceptBad
1215,13,4791.81,3,998.6099999999999,2opt,improve
1216,13,4789.5599999999995,3,998.6099999999999,swap,improve
1217,13,4716.089999999999,3,998.6099999999999,2opt,improve
1218,13,4718.32,3,998.6099999999999,swap,acceptBad
1219,13,4652.829999999998,3,998.6099999999999,move,improve
1220,13,4709.209999999998,3,998.6099999999999,swap,acceptBad
1221,13,4731.6799999999985,3,998.6099999999999,swap,acceptBad
1222,13,4651.999999999998,3,998.6099999999999,2opt,improve
1223,13,4631.089999999998,3,998.6099999999999,move,improve
1224,13,4525.15,3,998.6099999999999,move,improve
1225,13,4416.92,3,998.6099999999999,swap,improve
1226,13,4397.67,3,998.6099999999999,move,improve
1227,13,4305.960000000001,3,998.6099999999999,move,improve
1228,13,4156.79,3,998.6099999999999,move,improve
1229,13,4354.3,3,998.6099999999999,swap,acceptBad
1230,13,4348.91,3,998.6099999999999,swap,improve
1231,13,4606.32,3,998.6099999999999,swap,acceptBad
1232,13,4226.34,3,998.6099999999999,move,improve
1233,13,4233.18,3,998.6099999999999,swap,acceptBad
1234,13,4197.92,3,998.6099999999999,move,improve
1235,13,4271.330000000001,3,998.6099999999999,2opt,acceptBad
1236,13,4363.21,3,998.6099999999999,swap,acceptBad
1237,13,4363.21,3,998.6099999999999,2opt,improve
1238,13,4558.17,3,998.6099999999999,swap,acceptBad
1239,13,4549.68,3,998.6099999999999,move,improve
1240,13,4622.340000000001,3,998.6099999999999,swap,acceptBad
1241,13,4537.210000000001,3,998.6099999999999,2opt,improve
1242,13,4543.960000000001,3,998.6099999999999,swap,acceptBad
1243,13,4602.18,3,998.6099999999999,swap,acceptBad
1244,13,4574.400000000001,3,998.6099999999999,move,improve
1245,13,4574.400000000001,3,998.6099999999999,2opt,notBad
1246,13,4460.35,3,998.6099999999999,2opt,improve
1247,13,4608.549999999999,3,998.6099999999999,2opt,acceptBad
1248,13,4653.07,3,998.6099999999999,swap,acceptBad
1249,13,4857.539999999999,3,998.6099999999999,swap,acceptBad
1250,13,4829.419999999998,3,998.6099999999999,2opt,improve
1251,13,4497.269999999999,3,998.6099999999999,move,improve
1252,13,4400.9,3,998.6099999999999,move,improve
1253,13,4585.0,3,998.6099999999999,2opt,acceptBad
1254,13,4547.040000000001,3,998.6099999999999,swap,improve
1255,13,4536.64,3,998.6099999999999,2opt,improve
1256,13,4553.99,3,998.6099999999999,swap,acceptBad
1257,13,4499.6900000000005,3,998.6099999999999,move,improve
1258,13,4401.52,3,998.6099999999999,move,improve
1259,13,4465.999999999999,3,998.6099999999999,2opt,acceptBad
1260,13,4432.069999999999,3,998.6099999999999,swap,improve
1261,13,4432.069999999999,3,998.6099999999999,2opt,improve
1262,13,4432.069999999999,3,998.6099999999999,move,improve
1263,13,4301.7,3,998.6099999999999,move,improve
1264,13,4276.91,3,998.6099999999999,swap,improve
1265,13,4255.2699999999995,3,998.6099999999999,move,improve
1266,13,4431.33,3,998.6099999999999,2opt,acceptBad
1267,13,4556.380000000001,3,998.6099999999999,2opt,acceptBad
1268,13,4557.370000000003,3,998.6099999999999,2opt,acceptBad
1269,13,4714.19,3,998.6099999999999,2opt,acceptBad
1270,13,4540.98,3,998.6099999999999,move,improve
1271,13,4562.19,3,998.6099999999999,swap,acceptBad
1272,13,4526.33,3,998.6099999999999,swap,improve
1273,13,4405.02,3,998.6099999999999,swap,improve
1274,13,4416.660000000001,3,998.6099999999999,2opt,acceptBad
1275,13,4544.76,3,998.6099999999999,swap,acceptBad
1276,13,4697.460000000001,3,998.6099999999999,2opt,acceptBad
1277,13,4709.880000000001,3,998.6099999999999,2opt,acceptBad
1278,13,4719.710000000001,3,998.6099999999999,swap,acceptBad
1279,13,4633.4400000000005,3,998.6099999999999,swap,improve
1280,13,4663.880000000001,3,998.6099999999999,swap,acceptBad
1281,13,4671.469999999999,3,998.6099999999999,swap,acceptBad
1282,13,4671.469999999999,3,998.6099999999999,2opt,notBad
1283,13,4660.4,3,998.6099999999999,swap,improve
1284,13,4640.959999999999,3,998.6099999999999,move,improve
1285,14,4839.459999999999,3,998.6099999999999,2opt,acceptBad
1286,14,4811.5599999999995,3,998.6099999999999,2opt,improve
1287,14,4947.65,3,998.6099999999999,swap,acceptBad
1288,14,4947.65,3,998.6099999999999,2opt,notBad
1289,14,5010.8,3,998.6099999999999,2opt,acceptBad
1290,14,5135.09,3,998.6099999999999,swap,acceptBad
1291,14,5134.75,3,998.6099999999999,swap,improve
1292,14,4996.130000000001,3,998.6099999999999,move,improve
1293,14,4949.030000000001,3,998.6099999999999,move,improve
1294,14,5000.35,3,998.6099999999999,2opt,acceptBad
1295,14,4854.650000000001,3,998.6099999999999,move,improve
1296,14,4851.789999999999,3,998.6099999999999,swap,improve
1297,14,4831.049999999999,3,998.6099999999999,move,improve
1298,14,4780.049999999999,3,998.6099999999999,move,improve
1299,14,4780.41,3,998.6099999999999,swap,acceptBad
1300,14,4780.41,3,998.6099999999999,move,improve
1301,14,4733.209999999999,3,998.6099999999999,swap,improve
1302,14,4720.69,3,998.6099999999999,swap,improve
1303,14,4720.35,3,998.6099999999999,move,improve
1304,14,4812.510000000001,3,998.6099999999999,swap,acceptBad
1305,14,4702.190000000001,3,998.6099999999999,move,improve
1306,14,4646.600000000001,3,998.6099999999999,swap,improve
1307,13,4421.3600000000015,3,998.6099999999999,2opt,improve
1308,13,4415.410000000002,3,998.6099999999999,swap,improve
1309,13,4409.9000000000015,3,998.6099999999999,swap,improve
1310,13,4409.9000000000015,3,998.6099999999999,2opt,notBad
1311,13,4388.930000000001,3,998.6099999999999,swap,improve
1312,13,4380.76,3,998.6099999999999,swap,improve
1313,13,4550.0,3,998.6099999999999,swap,acceptBad
1314,13,4550.0,3,998.6099999999999,2opt,notBad
1315,13,4526.35,3,998.6099999999999,move,improve
1316,13,4402.9400000000005,3,998.6099999999999,swap,improve
1317,13,4392.869999999999,3,998.6099999999999,move,improve
1318,14,4888.38,3,998.6099999999999,2opt,acceptBad
1319,14,4887.48,3,998.6099999999999,2opt,improve
1320,14,4883.85,3,998.6099999999999,2opt,improve
1321,14,4895.85,3,998.6099999999999,swap,acceptBad
1322,14,4757.509999999998,3,998.6099999999999,2opt,improve
1323,14,4750.799999999999,3,998.6099999999999,move,improve
1324,14,4745.78,3,998.6099999999999,swap,improve
1325,14,4811.869999999999,3,998.6099999999999,2opt,acceptBad
1326,14,4812.65,3,998.6099999999999,swap,acceptBad
1327,14,4779.65,3,998.6099999999999,move,improve
1328,14,4775.74,3,998.6099999999999,move,improve
1329,14,4928.490000000002,3,998.6099999999999,2opt,acceptBad
1330,14,4836.0,3,998.6099999999999,swap,improve
1331,14,4799.76,3,998.6099999999999,move,improve
1332,14,4768.839999999999,3,998.6099999999999,2opt,improve
1333,14,4775.4400000000005,3,998.6099999999999,2opt,acceptBad
1334,14,4813.49,3,998.6099999999999,2opt,acceptBad
1335,14,5214.13,3,998.6099999999999,2opt,acceptBad
1336,14,4971.219999999999,3,998.6099999999999,move,improve
1337,14,4971.219999999999,3,998.6099999999999,move,improve
1338,14,4955.259999999999,3,998.6099999999999,swap,improve
1339,14,5059.33,3,998.6099999999999,2opt,acceptBad
1340,14,4969.01,3,998.6099999999999,move,improve
1341,14,5016.97,3,998.6099999999999,swap,acceptBad
1342,14,4892.55,3,998.6099999999999,move,improve
1343,14,4762.850000000001,3,998.6099999999999,swap,improve
1344,14,4872.9400000000005,3,998.6099999999999,2opt,acceptBad
1345,14,4872.9400000000005,3,998.6099999999999,2opt,notBad
1346,14,4873.510000000001,3,998.6099999999999,swap,acceptBad
1347,14,4884.490000000001,3,998.6099999999999,2opt,acceptBad
1348,14,5036.500000000002,3,998.6099999999999,2opt,acceptBad
1349,14,5059.510000000002,3,998.6099999999999,swap,acceptBad
1350,14,5128.040000000001,3,998.6099999999999,swap,acceptBad
1351,14,4975.639999999999,3,998.6099999999999,2opt,improve
1352,14,4868.08,3,998.6099999999999,move,improve
1353,14,4875.82,3,998.6099999999999,2opt,acceptBad
1354,14,4878.88,3,998.6099999999999,swap,acceptBad
1355,14,4894.72,3,998.6099999999999,swap,acceptBad
1356,14,4894.72,3,998.6099999999999,2opt,improve
1357,14,4773.58,3,998.6099999999999,move,improve
1358,14,4799.050000000001,3,998.6099999999999,swap,acceptBad
1359,14,4688.030000000001,3,998.6099999999999,move,improve
1360,14,4785.02,3,998.6099999999999,2opt,acceptBad
1361,14,4810.840000000002,3,998.6099999999999,2opt,acceptBad
1362,14,4787.160000000002,3,998.6099999999999,move,improve
1363,14,4787.160000000002,3,998.6099999999999,2opt,notBad
1364,14,4699.400000000001,3,998.6099999999999,move,improve
1365,14,4658.09,3,998.6099999999999,swap,improve
1366,14,4629.130000000002,3,998.6099999999999,swap,improve
1367,13,4402.760000000001,3,998.6099999999999,2opt,improve
1368,13,4364.830000000002,3,998.6099999999999,move,improve
1369,13,4364.830000000002,3,998.6099999999999,move,improve
1370,13,4280.950000000001,3,998.6099999999999,move,improve
1371,13,4329.1,3,998.6099999999999,2opt,acceptBad
1372,13,4324.91,3,998.6099999999999,move,improve
1373,13,4334.06,3,998.6099999999999,swap,acceptBad
1374,13,4317.039999999999,3,998.6099999999999,move,improve
1375,13,4205.33,3,998.6099999999999,2opt,improve
1376,13,4205.33,3,998.6099999999999,2opt,notBad
1377,12,4051.17,3,998.6099999999999,2opt,improve
1378,12,4094.370000000001,3,998.6099999999999,2opt,acceptBad
1379,12,4072.77,3,998.6099999999999,2opt,improve
1380,12,4093.9199999999996,3,998.6099999999999,2opt,acceptBad
1381,12,4099.139999999999,3,998.6099999999999,swap,acceptBad
1382,12,4099.139999999999,3,998.6099999999999,2opt,notBad
1383,11,3798.45,3,998.6099999999999,2opt,improve
1384,11,3833.369999999999,3,998.6099999999999,swap,acceptBad
1385,11,3878.4599999999996,3,998.6099999999999,2opt,acceptBad
1386,11,3847.109999999999,3,998.6099999999999,swap,improve
1387,11,3876.3599999999997,3,998.6099999999999,2opt,acceptBad
1388,11,4034.9299999999994,3,998.6099999999999,2opt,acceptBad
1389,11,3933.89,3,998.6099999999999,move,improve
1390,11,3933.8400000000006,3,998.6099999999999,move,improve
1391,11,3864.7200000000003,3,998.6099999999999,move,improve
1392,11,3928.3199999999997,3,998.6099999999999,2opt,acceptBad
1393,11,4081.24,3,998.6099999999999,2opt,acceptBad
1394,11,4090.97,3,998.6099999999999,swap,acceptBad
1395,11,4169.0199999999995,3,998.6099999999999,swap,acceptBad
1396,11,4213.32,3,998.6099999999999,2opt,acceptBad
1397,11,4080.0099999999998,3,998.6099999999999,move,improve
1398,11,4066.59,3,998.6099999999999,move,improve
1399,11,4015.72,3,998.6099999999999,move,improve
1400,11,4012.859999999999,3,998.6099999999999,move,improve
1401,11,4012.859999999999,3,998.6099999999999,move,improve
1402,12,4372.459999999999,3,998.6099999999999,2opt,acceptBad
1403,12,4380.829999999999,3,998.6099999999999,swap,acceptBad
1404,12,4383.91,3,998.6099999999999,2opt,acceptBad
1405,12,4402.03,3,998.6099999999999,swap,acceptBad
1406,12,4256.57,3,998.6099999999999,2opt,improve
1407,13,4642.99,3,998.6099999999999,2opt,acceptBad
1408,13,4629.709999999999,3,998.6099999999999,move,improve
1409,13,4513.460000000001,3,998.6099999999999,2opt,improve
1410,13,4443.199999999999,3,998.6099999999999,2opt,improve
1411,13,4482.669999999999,3,998.6099999999999,swap,acceptBad
1412,13,4368.499999999999,3,998.6099999999999,move,improve
1413,13,4331.8499999999985,3,998.6099999999999,move,improve
1414,13,4466.169999999999,3,998.6099999999999,2opt,acceptBad
1415,13,4418.94,3,998.6099999999999,swap,improve
1416,13,4418.76,3,998.6099999999999,swap,improve
1417,13,4326.619999999999,3,998.6099999999999,move,improve
1418,13,4167.419999999999,3,998.6099999999999,move,improve
1419,13,4120.919999999999,3,998.6099999999999,swap,improve
1420,13,4118.879999999999,3,998.6099999999999,move,improve
1421,13,4033.1999999999994,3,998.6099999999999,move,improve
1422,13,4004.649999999999,3,998.6099999999999,move,improve
1423,13,4116.5599999999995,3,998.6099999999999,swap,acceptBad
1424,13,4217.1399999999985,3,998.6099999999999,swap,acceptBad
1425,13,4283.52,3,998.6099999999999,2opt,acceptBad
1426,13,4348.679999999999,3,998.6099999999999,2opt,acceptBad
1427,13,4324.24,3,998.6099999999999,move,improve
1428,13,4353.219999999999,3,998.6099999999999,swap,acceptBad
1429,13,4350.109999999999,3,998.6099999999999,2opt,improve
1430,13,4338.16,3,998.6099999999999,move,improve
1431,13,4369.949999999999,3,998.6099999999999,2opt,acceptBad
1432,13,4593.129999999999,3,998.6099999999999,swap,acceptBad
1433,13,4433.96,3,998.6099999999999,move,improve
1434,13,4444.41,3,998.6099999999999,swap,acceptBad
1435,13,4517.5,3,998.6099999999999,swap,acceptBad
1436,13,4467.53,3,998.6099999999999,2opt,improve
1437,13,4313.47,3,998.6099999999999,swap,improve
1438,13,4223.6900000000005,3,998.6099999999999,move,improve
1439,13,4372.369999999999,3,998.6099999999999,swap,acceptBad
1440,13,4217.88,3,998.6099999999999,move,improve
1441,13,4191.599999999999,3,998.6099999999999,swap,improve
1442,13,4339.159999999999,3,998.6099999999999,2opt,acceptBad
1443,13,4260.35,3,998.6099999999999,2opt,improve
1444,13,4238.18,3,998.6099999999999,move,improve
1445,13,4121.02,3,998.6099999999999,2opt,improve
1446,13,4210.0199999999995,3,998.6099999999999,2opt,acceptBad
1447,13,4295.52,3,998.6099999999999,2opt,acceptBad
1448,13,4268.2,3,998.6099999999999,swap,improve
1449,13,4268.2,3,998.6099999999999,2opt,notBad
1450,13,4259.44,3,998.6099999999999,move,improve
1451,13,4259.44,3,998.6099999999999,move,improve
1452,13,4446.339999999999,3,998.6099999999999,2opt,acceptBad
1453,13,4307.549999999999,3,998.6099999999999,move,improve
1454,13,4424.189999999999,3,998.6099999999999,2opt,acceptBad
1455,13,4340.219999999999,3,998.6099999999999,move,improve
1456,13,4434.039999999999,3,998.6099999999999,swap,acceptBad
1457,13,4347.659999999999,3,998.6099999999999,swap,improve
1458,13,4319.499999999999,3,998.6099999999999,move,improve
1459,13,4265.23,3,998.6099999999999,swap,improve
1460,13,4292.3,3,998.6099999999999,swap,acceptBad
1461,13,4377.51,3,998.6099999999999,swap,acceptBad
1462,13,4370.849999999999,3,998.6099999999999,swap,improve
1463,13,4312.799999999999,3,998.6099999999999,swap,improve
1464,13,4244.91,3,998.6099999999999,2opt,improve
1465,13,4250.110000000001,3,998.6099999999999,swap,acceptBad
1466,13,4122.36,3,998.6099999999999,move,improve
1467,13,4042.2699999999995,3,998.6099999999999,move,improve
1468,13,4032.319999999999,3,998.6099999999999,2opt,improve
1469,13,3909.369999999999,3,998.6099999999999,move,improve
1470,13,3909.249999999999,3,998.6099999999999,swap,improve
1471,13,4114.650000000001,3,998.6099999999999,2opt,acceptBad
1472,13,4114.650000000001,3,998.6099999999999,2opt,improve
1473,13,4348.959999999999,3,998.6099999999999,swap,acceptBad
1474,12,4031.129999999999,3,998.6099999999999,2opt,improve
1475,12,4032.21,3,998.6099999999999,swap,acceptBad
1476,12,3971.6099999999997,3,998.6099999999999,swap,improve
1477,12,4033.4700000000003,3,998.6099999999999,2opt,acceptBad
1478,12,3885.9900000000007,3,998.6099999999999,2opt,improve
1479,12,3900.1299999999997,3,998.6099999999999,2opt,acceptBad
1480,12,3836.1499999999996,3,998.6099999999999,move,improve
1481,12,3599.13,3,998.6099999999999,swap,improve
1482,12,3595.2199999999993,3,998.6099999999999,swap,improve
1483,12,3598.6,3,998.6099999999999,swap,acceptBad
1484,12,3598.6,3,998.6099999999999,2opt,notBad
1485,12,3740.34,3,998.6099999999999,2opt,acceptBad
1486,12,3610.0,3,998.6099999999999,move,improve
1487,12,3603.87,3,998.6099999999999,swap,improve
1488,12,3602.75,3,998.6099999999999,swap,improve
1489,12,3602.75,3,998.6099999999999,2opt,notBad
1490,12,3596.6899999999996,3,998.6099999999999,move,improve
1491,12,3653.819999999999,3,998.6099999999999,swap,acceptBad
1492,12,3625.379999999999,3,998.6099999999999,move,improve
1493,12,3625.379999999999,3,998.6099999999999,move,improve
1494,12,3623.22,3,998.6099999999999,swap,improve
1495,12,3580.13,3,998.6099999999999,move,improve
1496,12,3508.16,3,998.6099999999999,move,improve
1497,12,3770.45,3,998.6099999999999,2opt,acceptBad
1498,13,4243.65,3,998.6099999999999,2opt,acceptBad
1499,13,4297.94,3,998.6099999999999,2opt,acceptBad
1500,13,4495.339999999999,3,998.6099999999999,swap,acceptBad
1501,13,4561.419999999999,3,998.6099999999999,swap,acceptBad
1502,13,4561.419999999999,3,998.6099999999999,2opt,notBad
1503,13,4517.959999999999,3,998.6099999999999,move,improve
1504,13,4596.369999999999,3,998.6099999999999,2opt,acceptBad
1505,13,4594.699999999999,3,998.6099999999999,2opt,improve
1506,13,4458.57,3,998.6099999999999,move,improve
1507,13,4437.48,3,998.6099999999999,swap,improve
1508,13,4437.48,3,998.6099999999999,2opt,notBad
1509,13,4581.320000000001,3,998.6099999999999,swap,acceptBad
1510,13,4506.65,3,998.6099999999999,move,improve
1511,13,4486.04,3,998.6099999999999,swap,improve
1512,13,4486.04,3,998.6099999999999,move,improve
1513,13,4460.76,3,998.6099999999999,swap,improve
1514,13,4646.589999999999,3,998.6099999999999,2opt,acceptBad
1515,13,4668.7300000000005,3,998.6099999999999,swap,acceptBad
1516,13,4850.07,3,998.6099999999999,swap,acceptBad
1517,13,4726.1900000000005,3,998.6099999999999,2opt,improve
1518,13,4655.57,3,998.6099999999999,swap,improve
1519,13,4655.58,3,998.6099999999999,swap,acceptBad
1520,13,4563.889999999999,3,998.6099999999999,move,improve
1521,13,4480.449999999999,3,998.6099999999999,2opt,improve
1522,13,4600.740000000001,3,998.6099999999999,2opt,acceptBad
1523,13,4579.9800000000005,3,998.6099999999999,move,improve
1524,13,4581.330000000001,3,998.6099999999999,swap,acceptBad
1525,13,4682.9400000000005,3,998.6099999999999,swap,acceptBad
1526,13,4647.360000000001,3,998.6099999999999,2opt,improve
1527,13,4991.280000000001,3,998.6099999999999,2opt,acceptBad
1528,13,5021.35,3,998.6099999999999,swap,acceptBad
1529,13,4818.770000000001,3,998.6099999999999,move,improve
1530,13,4776.220000000001,3,998.6099999999999,move,improve
1531,13,4678.9000000000015,3,998.6099999999999,2opt,improve
1532,13,4726.670000000001,3,998.6099999999999,2opt,acceptBad
1533,13,4772.62,3,998.6099999999999,2opt,acceptBad
1534,13,4890.5700000000015,3,998.6099999999999,2opt,acceptBad
1535,13,4835.1,3,998.6099999999999,swap,improve
1536,13,4951.68,3,998.6099999999999,2opt,acceptBad
1537,13,5009.410000000002,3,998.6099999999999,2opt,acceptBad
1538,13,4980.140000000001,3,998.6099999999999,swap,improve
1539,13,4977.980000000001,3,998.6099999999999,swap,improve
1540,13,4955.0700000000015,3,998.6099999999999,swap,improve
1541,13,4829.270000000001,3,998.6099999999999,move,improve
1542,13,4829.270000000001,3,998.6099999999999,move,improve
1543,13,4842.640000000001,3,998.6099999999999,swap,acceptBad
1544,13,4782.220000000002,3,998.6099999999999,swap,improve
1545,13,4717.460000000002,3,998.6099999999999,2opt,improve
1546,13,4695.900000000002,3,998.6099999999999,move,improve
1547,13,4656.6500000000015,3,998.6099999999999,move,improve
1548,13,4696.83,3,998.6099999999999,swap,acceptBad
1549,13,4686.34,3,998.6099999999999,swap,improve
1550,13,4491.740000000002,3,998.6099999999999,move,improve
1551,13,4722.780000000001,3,998.6099999999999,swap,acceptBad
1552,13,4719.380000000001,3,998.6099999999999,move,improve
1553,13,4719.380000000001,3,998.6099999999999,2opt,notBad
1554,13,4758.929999999999,3,998.6099999999999,2opt,acceptBad
1555,13,4717.42,3,998.6099999999999,move,improve
1556,13,4720.209999999999,3,998.6099999999999,swap,acceptBad
1557,13,4709.410000000001,3,998.6099999999999,move,improve
1558,13,4686.19,3,998.6099999999999,2opt,improve
1559,12,4432.38,3,998.6099999999999,2opt,improve
1560,12,4465.02,3,998.6099999999999,swap,acceptBad
1561,12,4354.070000000001,3,998.6099999999999,move,improve
1562,12,4409.400000000001,3,998.6099999999999,2opt,acceptBad
1563,12,4377.780000000001,3,998.6099999999999,2opt,improve
1564,11,4029.5600000000004,3,998.6099999999999,2opt,improve
1565,11,4006.8200000000006,3,998.6099999999999,2opt,improve
1566,11,3885.55,3,998.6099999999999,move,improve
1567,11,3885.55,3,998.6099999999999,2opt,notBad
1568,11,3901.1700000000005,3,998.6099999999999,swap,acceptBad
1569,11,3911.26,3,998.6099999999999,2opt,acceptBad
1570,11,3911.26,3,998.6099999999999,2opt,notBad
1571,11,3928.730000000001,3,998.6099999999999,2opt,acceptBad
1572,11,3844.5999999999995,3,998.6099999999999,swap,improve
1573,11,3844.5999999999995,3,998.6099999999999,2opt,notBad
1574,11,3848.3100000000004,3,998.6099999999999,swap,acceptBad
1575,11,3797.63,3,998.6099999999999,move,improve
1576,11,3899.3500000000004,3,998.6099999999999,2opt,acceptBad
1577,11,3899.3500000000004,3,998.6099999999999,2opt,notBad
1578,11,3866.24,3,998.6099999999999,swap,improve
1579,11,3869.1100000000006,3,998.6099999999999,2opt,acceptBad
1580,11,3853.5,3,998.6099999999999,2opt,improve
1581,11,3815.01,3,998.6099999999999,move,improve
1582,11,3878.4599999999996,3,998.6099999999999,swap,acceptBad
1583,11,4004.729999999999,3,998.6099999999999,swap,acceptBad
1584,11,4004.9699999999993,3,998.6099999999999,2opt,acceptBad
1585,11,4004.829999999999,3,998.6099999999999,2opt,improve
1586,11,4004.829999999999,3,998.6099999999999,2opt,notBad
1587,11,4063.08,3,998.6099999999999,2opt,acceptBad
1588,11,4038.5299999999997,3,998.6099999999999,swap,improve
1589,11,4025.22,3,998.6099999999999,swap,improve
1590,11,4025.22,3,998.6099999999999,2opt,notBad
1591,11,4056.08,3,998.6099999999999,2opt,acceptBad
1592,11,4036.5899999999992,3,998.6099999999999,swap,improve
1593,11,3983.7599999999993,3,998.6099999999999,2opt,improve
1594,11,3921.2399999999993,3,998.6099999999999,move,improve
1595,11,3928.6499999999996,3,998.6099999999999,swap,acceptBad
1596,11,3883.8599999999997,3,998.6099999999999,swap,improve
1597,11,3880.169999999999,3,998.6099999999999,swap,improve
1598,11,3884.3999999999996,3,998.6099999999999,swap,acceptBad
1599,11,4096.39,3,998.6099999999999,2opt,acceptBad
1600,11,3960.9800000000005,3,998.6099999999999,swap,improve
1601,11,4017.63,3,998.6099999999999,2opt,acceptBad
1602,11,4059.5,3,998.6099999999999,swap,acceptBad
1603,11,4038.45,3,998.6099999999999,move,improve
1604,11,4035.79,3,998.6099999999999,swap,improve
1605,11,4038.79,3,998.6099999999999,swap,acceptBad
1606,11,3987.3199999999997,3,998.6099999999999,move,improve
1607,11,3983.99,3,998.6099999999999,swap,improve
1608,11,4004.0500000000006,3,998.6099999999999,2opt,acceptBad
1609,11,3966.88,3,998.6099999999999,move,improve
1610,11,3917.8,3,998.6099999999999,swap,improve
1611,11,3858.3399999999992,3,998.6099999999999,swap,improve
1612,12,3960.5,3,998.6099999999999,2opt,acceptBad
1613,12,3960.5,3,998.6099999999999,move,improve
1614,12,4040.2199999999993,3,998.6099999999999,swap,acceptBad
1615,12,4018.2299999999996,3,998.6099999999999,swap,improve
1616,12,4018.2299999999996,3,998.6099999999999,2opt,improve
1617,12,3957.54,3,998.6099999999999,move,improve
1618,12,3858.7999999999993,3,998.6099999999999,move,improve
1619,12,3854.0499999999997,3,998.6099999999999,swap,improve
1620,12,3871.5299999999997,3,998.6099999999999,2opt,acceptBad
1621,12,3812.2700000000004,3,998.6099999999999,2opt,improve
1622,11,3768.1399999999994,3,998.6099999999999,2opt,improve
1623,11,3622.499999999999,3,998.6099999999999,move,improve
1624,11,3622.499999999999,3,998.6099999999999,move,improve
1625,11,3620.149999999999,3,998.6099999999999,swap,improve
1626,11,3647.1900000000005,3,998.6099999999999,2opt,acceptBad
1627,11,3647.1900000000005,3,998.6099999999999,2opt,notBad
1628,11,3406.5099999999993,3,998.6099999999999,move,improve
1629,11,3444.2999999999997,3,998.6099999999999,2opt,acceptBad
1630,11,3424.0600000000004,3,998.6099999999999,move,improve
1631,11,3540.6800000000003,3,998.6099999999999,swap,acceptBad
1632,11,3639.71,3,998.6099999999999,2opt,acceptBad
1633,11,3479.48,3,998.6099999999999,move,improve
1634,11,3473.84,3,998.6099999999999,move,improve
1635,11,3542.3300000000004,3,998.6099999999999,2opt,acceptBad
1636,11,3550.000000000001,3,998.6099999999999,swap,acceptBad
1637,11,3792.83,3,998.6099999999999,swap,acceptBad
1638,11,3792.83,3,998.6099999999999,2opt,notBad
1639,11,3578.3100000000004,3,998.6099999999999,move,improve
1640,11,3685.1699999999996,3,998.6099999999999,2opt,acceptBad
1641,11,3686.0699999999997,3,998.6099999999999,2opt,acceptBad
1642,11,3702.5199999999995,3,998.6099999999999,swap,acceptBad
1643,11,3676.579999999999,3,998.6099999999999,swap,improve
1644,11,3676.579999999999,3,998.6099999999999,2opt,notBad
1645,11,3644.9299999999994,3,998.6099999999999,move,improve
1646,11,3606.2699999999995,3,998.6099999999999,move,improve
1647,11,3595.169999999999,3,998.6099999999999,move,improve
1648,11,3595.169999999999,3,998.6099999999999,move,improve
1649,11,3481.1499999999987,3,998.6099999999999,move,improve
1650,11,3481.1499999999987,3,998.6099999999999,2opt,notBad
1651,11,3476.86,3,998.6099999999999,2opt,improve
1652,11,3395.959999999999,3,998.6099999999999,swap,improve
1653,11,3353.7799999999997,3,998.6099999999999,2opt,improve
1654,11,3313.8199999999997,3,998.6099999999999,move,improve
1655,11,3280.5899999999992,3,998.6099999999999,move,improve
1656,11,3213.7,3,998.6099999999999,move,improve
1657,11,3330.06,3,998.6099999999999,swap,acceptBad
1658,11,3481.2,3,998.6099999999999,swap,acceptBad
1659,11,3536.8,3,998.6099999999999,swap,acceptBad
1660,11,3580.3400000000006,3,998.6099999999999,2opt,acceptBad
1661,11,3565.9600000000005,3,998.6099999999999,move,improve
1662,11,3488.1799999999994,3,998.6099999999999,2opt,improve
1663,11,3395.169999999999,3,998.6099999999999,move,improve
1664,11,3733.96,3,998.6099999999999,2opt,acceptBad
1665,11,3773.350000000001,3,998.6099999999999,2opt,acceptBad
1666,10,3494.95,3,998.6099999999999,2opt,improve
1667,10,3509.99,3,998.6099999999999,swap,acceptBad
1668,10,3610.9699999999993,3,998.6099999999999,swap,acceptBad
1669,10,3610.9699999999993,3,998.6099999999999,2opt,notBad
1670,10,3627.1099999999997,3,998.6099999999999,2opt,acceptBad
1671,10,3604.6099999999997,3,998.6099999999999,move,improve
1672,10,3663.7200000000003,3,998.6099999999999,2opt,acceptBad
1673,10,3505.3199999999997,3,998.6099999999999,2opt,improve
1674,10,3497.5999999999995,3,998.6099999999999,swap,improve
1675,10,3405.55,3,998.6099999999999,move,improve
1676,10,3523.0299999999997,3,998.6099999999999,2opt,acceptBad
1677,10,3543.01,3,998.6099999999999,2opt,acceptBad
1678,10,3597.0099999999993,3,998.6099999999999,swap,acceptBad
1679,10,3475.2999999999997,3,998.6099999999999,move,improve
1680,10,3459.0899999999992,3,998.6099999999999,move,improve
1681,10,3432.6099999999997,3,998.6099999999999,move,improve
1682,10,3432.6099999999997,3,998.6099999999999,2opt,improve
1683,10,3335.3999999999996,3,998.6099999999999,move,improve
1684,10,3277.4800000000005,3,998.6099999999999,move,improve
1685,10,3259.66,3,998.6099999999999,move,improve
1686,10,3284.67,3,998.6099999999999,2opt,acceptBad
1687,10,3314.0200000000004,3,998.6099999999999,swap,acceptBad
1688,10,3271.2599999999998,3,998.6099999999999,2opt,improve
1689,10,3212.38,3,998.6099999999999,swap,improve
1690,10,3143.5800000000004,3,998.6099999999999,move,improve
1691,10,3143.5800000000004,3,998.6099999999999,move,improve
1692,10,3162.59,3,998.6099999999999,swap,acceptBad
1693,10,3162.59,3,998.6099999999999,2opt,improve
1694,10,3056.82,3,998.6099999999999,move,improve
1695,10,3034.4199999999996,3,998.6099999999999,move,improve
1696,10,3086.88,3,998.6099999999999,swap,acceptBad
1697,10,3090.21,3,998.6099999999999,swap,acceptBad
1698,10,3090.21,3,998.6099999999999,move,improve
1699,10,3120.11,3,998.6099999999999,swap,acceptBad
1700,10,3110.5299999999993,3,998.6099999999999,2opt,improve
1701,10,3103.94,3,998.6099999999999,move,improve
1702,10,3103.94,3,998.6099999999999,move,improve
1703,10,3108.4800000000005,3,998.6099999999999,2opt,acceptBad
1704,10,3192.370000000001,3,998.6099999999999,swap,acceptBad
1705,10,3016.280000000001,3,998.6099999999999,move,improve
1706,10,3122.6100000000006,3,998.6099999999999,swap,acceptBad
1707,10,3122.6100000000006,3,998.6099999999999,2opt,notBad
1708,10,3061.5800000000013,3,998.6099999999999,move,improve
1709,10,3034.6600000000008,3,998.6099999999999,move,improve
1710,10,3031.6600000000008,3,998.6099999999999,move,improve
1711,10,3130.080000000001,3,998.6099999999999,swap,acceptBad
1712,10,3127.5200000000004,3,998.6099999999999,move,improve
1713,10,3128.5200000000004,3,998.6099999999999,swap,acceptBad
1714,10,3142.92,3,998.6099999999999,swap,acceptBad
1715,10,3002.8600000000006,3,998.6099999999999,move,improve
1716,10,2926.2000000000007,3,998.6099999999999,move,improve
1717,10,2906.4900000000007,3,998.6099999999999,move,improve
1718,10,3018.0300000000007,3,998.6099999999999,2opt,acceptBad
1719,10,2952.4500000000003,3,998.6099999999999,move,improve
1720,10,2913.77,3,998.6099999999999,swap,improve
1721,10,2913.77,3,998.6099999999999,2opt,notBad
1722,10,2967.88,3,998.6099999999999,swap,acceptBad
1723,10,2927.6400000000003,3,998.6099999999999,move,improve
1724,10,2900.6900000000005,3,998.6099999999999,2opt,improve
1725,10,2828.51,3,998.6099999999999,move,improve
1726,10,2887.6900000000005,3,998.6099999999999,swap,acceptBad
1727,10,2868.290000000001,3,998.6099999999999,swap,improve
1728,10,2925.670000000001,3,998.6099999999999,swap,acceptBad
1729,10,2878.01,3,998.6099999999999,move,improve
1730,10,2843.29,3,998.6099999999999,swap,improve
1731,10,2838.8300000000004,3,998.6099999999999,move,improve
1732,10,2775.6700000000005,3,998.6099999999999,move,improve
1733,10,2705.1500000000005,3,998.6099999999999,move,improve
1734,10,2600.1900000000005,3,998.6099999999999,move,improve
1735,10,2600.1900000000005,3,998.6099999999999,2opt,notBad
1736,10,2701.2200000000003,3,998.6099999999999,swap,acceptBad
1737,10,2633.5200000000004,3,998.6099999999999,move,improve
1738,10,2633.5200000000004,3,998.6099999999999,move,improve
1739,10,2846.3600000000006,3,998.6099999999999,swap,acceptBad
1740,10,2839.0100000000007,3,998.6099999999999,move,improve
1741,10,2849.66,3,998.6099999999999,swap,acceptBad
1742,10,2943.3599999999997,3,998.6099999999999,2opt,acceptBad
1743,10,3021.3199999999997,3,998.6099999999999,swap,acceptBad
1744,10,3137.78,3,998.6099999999999,swap,acceptBad
1745,10,3137.7799999999997,3,998.6099999999999,move,improve
1746,10,3127.4,3,998.6099999999999,swap,improve
1747,10,3127.3999999999996,3,998.6099999999999,move,improve
1748,10,3127.3999999999996,3,998.6099999999999,move,improve
1749,10,3212.26,3,998.6099999999999,swap,acceptBad
1750,10,3320.0200000000004,3,998.6099999999999,2opt,acceptBad
1751,10,3247.1000000000004,3,998.6099999999999,move,improve
1752,10,3120.3500000000004,3,998.6099999999999,move,improve
1753,10,3104.13,3,998.6099999999999,move,improve
1754,10,3109.63,3,998.6099999999999,swap,acceptBad
1755,9,2945.2400000000002,3,998.6099999999999,2opt,improve
1756,9,3064.55,3,998.6099999999999,swap,acceptBad
1757,9,3010.1399999999994,3,998.6099999999999,2opt,improve
1758,9,3066.369999999999,3,998.6099999999999,2opt,acceptBad
1759,9,2979.7199999999993,3,998.6099999999999,swap,improve
1760,9,2870.8599999999997,3,998.6099999999999,swap,improve
1761,9,2904.9100000000003,3,998.6099999999999,2opt,acceptBad
1762,9,2889.2900000000004,3,998.6099999999999,2opt,improve
1763,9,2976.98,3,998.6099999999999,2opt,acceptBad
1764,9,2969.96,3,998.6099999999999,swap,improve
1765,9,2968.59,3,998.6099999999999,move,improve
1766,9,3149.7599999999998,3,998.6099999999999,swap,acceptBad
1767,9,3231.2799999999997,3,998.6099999999999,2opt,acceptBad
1768,9,3121.96,3,998.6099999999999,move,improve
1769,9,3285.7599999999993,3,998.6099999999999,2opt,acceptBad
1770,9,3331.8399999999992,3,998.6099999999999,swap,acceptBad
1771,9,3247.3399999999992,3,998.6099999999999,move,improve
1772,9,3233.8399999999992,3,998.6099999999999,move,improve
1773,9,3227.53,3,998.6099999999999,swap,improve
1774,9,3354.4799999999996,3,998.6099999999999,swap,acceptBad
1775,9,3349.919999999999,3,998.6099999999999,swap,improve
1776,9,3349.919999999999,3,998.6099999999999,2opt,notBad
1777,9,3315.419999999999,3,998.6099999999999,move,improve
1778,9,3315.419999999999,3,998.6099999999999,2opt,notBad
1779,9,3417.5899999999992,3,998.6099999999999,swap,acceptBad
1780,9,3441.949999999999,3,998.6099999999999,2opt,acceptBad
1781,10,3534.069999999999,3,998.6099999999999,2opt,acceptBad
1782,10,3523.870000000001,3,998.6099999999999,2opt,improve
1783,10,3443.83,3,998.6099999999999,move,improve
1784,10,3428.41,3,998.6099999999999,swap,improve
1785,10,3428.41,3,998.6099999999999,2opt,notBad
1786,10,3342.01,3,998.6099999999999,move,improve
1787,10,3353.5100000000007,3,998.6099999999999,swap,acceptBad
1788,10,3555.4300000000007,3,998.6099999999999,swap,acceptBad
1789,10,3622.3200000000006,3,998.6099999999999,2opt,acceptBad
1790,10,3565.9200000000005,3,998.6099999999999,swap,improve
1791,10,3590.1599999999994,3,998.6099999999999,swap,acceptBad
1792,10,3543.5999999999995,3,998.6099999999999,move,improve
1793,10,3538.9199999999996,3,998.6099999999999,swap,improve
1794,10,3543.3999999999996,3,998.6099999999999,swap,acceptBad
1795,10,3406.7799999999997,3,998.6099999999999,move,improve
1796,10,3346.020000000001,3,998.6099999999999,move,improve
1797,10,3360.180000000001,3,998.6099999999999,2opt,acceptBad
1798,10,3360.180000000001,3,998.6099999999999,2opt,notBad
1799,10,3350.12,3,998.6099999999999,2opt,improve
1800,10,3260.2800000000007,3,998.6099999999999,swap,improve
1801,10,3333.540000000001,3,998.6099999999999,swap,acceptBad
1802,10,3331.040000000001,3,998.6099999999999,move,improve
1803,10,3331.040000000001,3,998.6099999999999,move,improve
1804,10,3346.2200000000003,3,998.6099999999999,swap,acceptBad
1805,10,3440.66,3,998.6099999999999,2opt,acceptBad
1806,10,3365.7799999999997,3,998.6099999999999,move,improve
1807,10,3237.919999999999,3,998.6099999999999,move,improve
1808,10,3289.87,3,998.6099999999999,2opt,acceptBad
1809,10,3291.63,3,998.6099999999999,swap,acceptBad
1810,10,3268.2899999999995,3,998.6099999999999,move,improve
1811,10,3268.2899999999995,3,998.6099999999999,2opt,notBad
1812,10,3344.5699999999997,3,998.6099999999999,swap,acceptBad
1813,10,3303.9800000000005,3,998.6099999999999,2opt,improve
1814,10,3303.9800000000005,3,998.6099999999999,2opt,notBad
1815,10,3421.4300000000003,3,998.6099999999999,swap,acceptBad
1816,10,3367.77,3,998.6099999999999,move,improve
1817,10,3455.49,3,998.6099999999999,swap,acceptBad
1818,10,3409.5899999999997,3,998.6099999999999,move,improve
1819,10,3359.91,3,998.6099999999999,move,improve
1820,10,3359.91,3,998.6099999999999,2opt,notBad
1821,10,3322.2000000000003,3,998.6099999999999,2opt,improve
1822,10,3264.7900000000004,3,998.6099999999999,2opt,improve
1823,10,2957.89,3,998.6099999999999,2opt,improve
1824,10,3096.61,3,998.6099999999999,swap,acceptBad
1825,10,3117.1299999999997,3,998.6099999999999,swap,acceptBad
1826,10,3119.43,3,998.6099999999999,swap,acceptBad
1827,10,3119.43,3,998.6099999999999,move,improve
1828,10,3119.43,3,998.6099999999999,move,improve
1829,10,3072.97,3,998.6099999999999,2opt,improve
1830,10,3072.97,3,998.6099999999999,2opt,notBad
1831,10,3066.8899999999994,3,998.6099999999999,move,improve
1832,10,3140.2400000000002,3,998.6099999999999,2opt,acceptBad
1833,10,3175.9900000000002,3,998.6099999999999,swap,acceptBad
1834,10,3175.9900000000002,3,998.6099999999999,2opt,notBad
1835,10,3174.689999999999,3,998.6099999999999,2opt,improve
1836,10,3140.1399999999994,3,998.6099999999999,swap,improve
1837,10,3120.5200000000004,3,998.6099999999999,2opt,improve
1838,10,3174.6400000000003,3,998.6099999999999,2opt,acceptBad
1839,10,3160.2000000000003,3,998.6099999999999,move,improve
1840,10,3154.8300000000004,3,998.6099999999999,move,improve
1841,10,3138.8100000000004,3,998.6099999999999,move,improve
1842,10,3132.0500000000006,3,998.6099999999999,move,improve
1843,10,3107.1600000000003,3,998.6099999999999,swap,improve
1844,10,3048.9800000000005,3,998.6099999999999,swap,improve
1845,10,3048.9800000000005,3,998.6099999999999,move,improve
1846,10,3021.7400000000002,3,998.6099999999999,move,improve
1847,10,3019.2200000000003,3,998.6099999999999,2opt,improve
1848,10,3059.75,3,998.6099999999999,swap,acceptBad
1849,10,3024.75,3,998.6099999999999,move,improve
1850,10,3024.75,3,998.6099999999999,2opt,notBad
1851,10,3015.77,3,998.6099999999999,move,improve
1852,9,2971.6000000000004,3,998.6099999999999,2opt,improve
1853,9,3166.33,3,998.6099999999999,swap,acceptBad
1854,9,3147.040000000001,3,998.6099999999999,swap,improve
1855,9,3147.040000000001,3,998.6099999999999,2opt,notBad
1856,9,3147.040000000001,3,998.6099999999999,move,improve
1857,9,3138.370000000001,3,998.6099999999999,move,improve
1858,9,3061.9,3,998.6099999999999,2opt,improve
1859,9,3050.66,3,998.6099999999999,move,improve
1860,9,3043.94,3,998.6099999999999,swap,improve
1861,9,3004.24,3,998.6099999999999,move,improve
1862,9,3004.24,3,998.6099999999999,2opt,improve
1863,9,3089.1000000000004,3,998.6099999999999,swap,acceptBad
1864,9,3084.3900000000003,3,998.6099999999999,move,improve
1865,9,3100.7799999999997,3,998.6099999999999,2opt,acceptBad
1866,9,3079.7700000000004,3,998.6099999999999,2opt,improve
1867,9,3022.4800000000005,3,998.6099999999999,swap,improve
1868,9,3152.7700000000004,3,998.6099999999999,2opt,acceptBad
1869,9,3138.8500000000004,3,998.6099999999999,swap,improve
1870,9,3099.5200000000004,3,998.6099999999999,move,improve
1871,9,3207.330000000001,3,998.6099999999999,2opt,acceptBad
1872,9,3184.17,3,998.6099999999999,2opt,improve
1873,9,3192.7200000000003,3,998.6099999999999,swap,acceptBad
1874,9,3159.1499999999996,3,998.6099999999999,2opt,improve
1875,9,3121.5999999999995,3,998.6099999999999,move,improve
1876,9,3121.5999999999995,3,998.6099999999999,2opt,notBad
1877,9,3135.01,3,998.6099999999999,2opt,acceptBad
1878,9,3135.01,3,998.6099999999999,2opt,notBad
1879,9,3103.17,3,998.6099999999999,2opt,improve
1880,9,3090.67,3,998.6099999999999,move,improve
1881,9,3096.96,3,998.6099999999999,swap,acceptBad
1882,9,3081.75,3,998.6099999999999,2opt,improve
1883,9,3095.89,3,998.6099999999999,2opt,acceptBad
1884,9,3096.3999999999996,3,998.6099999999999,swap,acceptBad
1885,9,3096.3999999999996,3,998.6099999999999,2opt,notBad
1886,9,3089.9700000000003,3,998.6099999999999,move,improve
1887,9,3079.39,3,998.6099999999999,move,improve
1888,9,3079.39,3,998.6099999999999,2opt,improve
1889,9,3079.39,3,998.6099999999999,2opt,notBad
1890,9,3073.76,3,998.6099999999999,move,improve
1891,9,3153.4900000000002,3,998.6099999999999,swap,acceptBad
1892,9,3134.82,3,998.6099999999999,move,improve
1893,9,2975.71,3,998.6099999999999,move,improve
1894,9,2911.7200000000003,3,998.6099999999999,swap,improve
1895,9,2839.7199999999993,3,998.6099999999999,move,improve
1896,9,2839.7199999999993,3,998.6099999999999,move,improve
1897,9,2822.9299999999994,3,998.6099999999999,move,improve
1898,9,2770.8199999999997,3,998.6099999999999,2opt,improve
1899,9,2770.8199999999997,3,998.6099999999999,2opt,notBad
1900,9,2807.7199999999993,3,998.6099999999999,swap,acceptBad
1901,9,2866.33,3,998.6099999999999,swap,acceptBad
1902,9,2932.39,3,998.6099999999999,2opt,acceptBad
1903,9,2932.39,3,998.6099999999999,2opt,improve
1904,9,2932.39,3,998.6099999999999,2opt,notBad
1905,9,3076.41,3,998.6099999999999,swap,acceptBad
1906,9,3051.12,3,998.6099999999999,move,improve
1907,9,3168.45,3,998.6099999999999,swap,acceptBad
1908,9,3166.6600000000003,3,998.6099999999999,move,improve
1909,9,3141.0,3,998.6099999999999,swap,improve
1910,9,3208.1999999999994,3,998.6099999999999,swap,acceptBad
1911,9,3164.079999999999,3,998.6099999999999,move,improve
1912,9,3170.060000000001,3,998.6099999999999,2opt,acceptBad
1913,9,3081.3000000000006,3,998.6099999999999,move,improve
1914,9,3081.3000000000006,3,998.6099999999999,2opt,notBad
1915,9,3023.7,3,998.6099999999999,move,improve
1916,9,3023.7,3,998.6099999999999,move,improve
1917,9,3017.0000000000005,3,998.6099999999999,move,improve
1918,9,2927.5600000000004,3,998.6099999999999,move,improve
1919,9,2833.0300000000007,3,998.6099999999999,move,improve
1920,9,2818.2700000000004,3,998.6099999999999,swap,improve
1921,9,2877.1099999999997,3,998.6099999999999,2opt,acceptBad
1922,9,2877.1099999999997,3,998.6099999999999,swap,notBad
1923,9,2906.9899999999993,3,998.6099999999999,swap,acceptBad
1924,9,2831.499999999999,3,998.6099999999999,move,improve
1925,9,2821.08,3,998.6099999999999,swap,improve
1926,9,2979.49,3,998.6099999999999,swap,acceptBad
1927,9,2942.66,3,998.6099999999999,swap,improve
1928,9,2928.88,3,998.6099999999999,move,improve
1929,9,2851.2499999999995,3,998.6099999999999,move,improve
1930,9,2831.87,3,998.6099999999999,move,improve
1931,9,2778.3399999999997,3,998.6099999999999,2opt,improve
1932,8,2520.2899999999995,3,998.6099999999999,2opt,improve
1933,8,2592.7099999999996,3,998.6099999999999,2opt,acceptBad
1934,8,2592.7099999999996,3,998.6099999999999,2opt,notBad
1935,8,2585.89,3,998.6099999999999,swap,improve
1936,8,2771.46,3,998.6099999999999,swap,acceptBad
1937,8,2757.44,3,998.6099999999999,swap,improve
1938,8,2804.4599999999996,3,998.6099999999999,2opt,acceptBad
1939,8,2796.5999999999995,3,998.6099999999999,2opt,improve
1940,8,2798.669999999999,3,998.6099999999999,swap,acceptBad
1941,8,2623.7899999999995,3,998.6099999999999,move,improve
1942,8,2614.5699999999997,3,998.6099999999999,move,improve
1943,8,2589.9499999999994,3,998.6099999999999,move,improve
1944,8,2726.2599999999993,3,998.6099999999999,swap,acceptBad
1945,8,2726.2599999999993,3,998.6099999999999,2opt,improve
1946,8,2720.6799999999994,3,998.6099999999999,2opt,improve
1947,8,2710.499999999999,3,998.6099999999999,move,improve
1948,8,2707.5399999999995,3,998.6099999999999,move,improve
1949,8,2707.5399999999995,3,998.6099999999999,move,improve
1950,8,2665.06,3,998.6099999999999,swap,improve
1951,8,2648.7199999999993,3,998.6099999999999,move,improve
1952,8,2581.3099999999995,3,998.6099999999999,swap,improve
1953,8,2672.2999999999997,3,998.6099999999999,swap,acceptBad
1954,8,2669.3399999999997,3,998.6099999999999,swap,improve
1955,8,2669.3399999999997,3,998.6099999999999,2opt,notBad
1956,8,2669.3399999999997,3,998.6099999999999,2opt,notBad
1957,8,2554.74,3,998.6099999999999,move,improve
1958,8,2554.74,3,998.6099999999999,2opt,notBad
1959,8,2552.92,3,998.6099999999999,move,improve
1960,8,2552.92,3,998.6099999999999,2opt,notBad
1961,8,2544.22,3,998.6099999999999,move,improve
1962,8,2538.8499999999995,3,998.6099999999999,move,improve
1963,8,2538.8499999999995,3,998.6099999999999,2opt,improve
1964,8,2538.8499999999995,3,998.6099999999999,2opt,notBad
1965,8,2302.4399999999996,3,998.6099999999999,move,improve
1966,8,2322.34,3,998.6099999999999,2opt,acceptBad
1967,8,2322.34,3,998.6099999999999,2opt,notBad
1968,8,2322.34,3,998.6099999999999,2opt,notBad
1969,8,2319.91,3,998.6099999999999,move,improve
1970,8,2299.6899999999996,3,998.6099999999999,move,improve
1971,8,2293.0,3,998.6099999999999,swap,improve
1972,8,2259.0499999999997,3,998.6099999999999,2opt,improve
1973,8,2259.0499999999997,3,998.6099999999999,move,improve
1974,8,2260.5199999999995,3,998.6099999999999,swap,acceptBad
1975,8,2181.3999999999996,3,998.6099999999999,move,improve
1976,8,2296.9199999999996,3,998.6099999999999,2opt,acceptBad
1977,8,2210.7899999999995,3,998.6099999999999,swap,improve
1978,8,2353.8699999999994,3,998.6099999999999,swap,acceptBad
1979,8,2304.0499999999993,3,998.6099999999999,2opt,improve
1980,8,2337.3899999999994,3,998.6099999999999,2opt,acceptBad
1981,8,2337.3899999999994,3,998.6099999999999,2opt,notBad
1982,8,2425.6799999999994,3,998.6099999999999,swap,acceptBad
1983,8,2436.0599999999995,3,998.6099999999999,swap,acceptBad
1984,8,2436.0599999999995,3,998.6099999999999,2opt,notBad
1985,8,2431.2799999999993,3,998.6099999999999,swap,improve
1986,8,2431.2799999999993,3,998.6099999999999,move,improve
1987,8,2422.4899999999993,3,998.6099999999999,move,improve
1988,8,2422.4899999999993,3,998.6099999999999,2opt,notBad
1989,7,2240.5399999999995,3,998.6099999999999,2opt,improve
1990,7,2344.5099999999998,3,998.6099999999999,swap,acceptBad
1991,7,2344.5099999999998,3,998.6099999999999,2opt,notBad
1992,7,2344.5099999999998,3,998.6099999999999,2opt,notBad
1993,7,2344.5099999999998,3,998.6099999999999,2opt,notBad
1994,7,2344.5099999999998,3,998.6099999999999,2opt,notBad
1995,7,2344.5099999999998,3,998.6099999999999,2opt,notBad
1996,7,2344.5099999999998,3,998.6099999999999,2opt,notBad
1997,7,2344.5099999999998,3,998.6099999999999,2opt,notBad
1998,7,2344.5099999999998,3,998.6099999999999,2opt,notBad
1999,7,2272.7999999999997,3,998.6099999999999,move,improve
2000,7,2272.7999999999997,3,998.6099999999999,move,improve
2001,7,2272.7999999999997,3,998.6099999999999,2opt,notBad
2002,7,2279.7099999999996,3,998.6099999999999,2opt,acceptBad
2003,7,2279.7099999999996,3,998.6099999999999,2opt,notBad
2004,7,2284.2799999999997,3,998.6099999999999,swap,acceptBad
2005,7,2233.3199999999997,3,998.6099999999999,move,improve
2006,7,2255.9799999999996,3,998.6099999999999,swap,acceptBad
2007,7,2291.56,3,998.6099999999999,move,acceptBad
2008,7,2291.56,3,998.6099999999999,2opt,improve
2009,7,2291.56,3,998.6099999999999,2opt,notBad
2010,7,2225.3499999999995,3,998.6099999999999,move,improve
2011,7,2223.0699999999997,3,998.6099999999999,move,improve
2012,7,2265.5899999999997,3,998.6099999999999,swap,acceptBad
2013,7,2265.5899999999997,3,998.6099999999999,move,improve
2014,7,2244.879999999999,3,998.6099999999999,swap,improve
2015,7,2287.3199999999993,3,998.6099999999999,2opt,acceptBad
2016,7,2283.6999999999994,3,998.6099999999999,move,improve
2017,7,2267.3499999999995,3,998.6099999999999,move,improve
2018,7,2267.3499999999995,3,998.6099999999999,2opt,notBad
2019,7,2292.91,3,998.6099999999999,swap,acceptBad
2020,7,2292.91,3,998.6099999999999,move,improve
2021,7,2292.91,3,998.6099999999999,2opt,notBad
2022,7,2301.5499999999997,3,998.6099999999999,swap,acceptBad
2023,7,2292.0599999999995,3,998.6099999999999,move,improve
2024,7,2242.6,3,998.6099999999999,move,improve
2025,7,2287.02,3,998.6099999999999,swap,acceptBad
2026,7,2349.8399999999997,3,998.6099999999999,swap,acceptBad
2027,7,2352.6099999999997,3,998.6099999999999,swap,acceptBad
2028,7,2356.1200000000003,3,998.6099999999999,2opt,acceptBad
2029,7,2343.76,3,998.6099999999999,move,improve
2030,7,2257.41,3,998.6099999999999,move,improve
2031,7,2257.41,3,998.6099999999999,2opt,notBad
2032,7,2257.41,3,998.6099999999999,2opt,improve
2033,7,2204.27,3,998.6099999999999,move,improve
2034,7,2208.2299999999996,3,998.6099999999999,swap,acceptBad
2035,7,2182.93,3,998.6099999999999,move,improve
2036,7,2182.93,3,998.6099999999999,2opt,notBad
2037,7,2235.3999999999996,3,998.6099999999999,swap,acceptBad
2038,7,2157.64,3,998.6099999999999,move,improve
2039,7,2075.74,3,998.6099999999999,move,improve
2040,7,2182.39,3,998.6099999999999,swap,acceptBad
2041,7,2172.85,3,998.6099999999999,move,improve
2042,7,2172.85,3,998.6099999999999,2opt,notBad
2043,7,2172.85,3,998.6099999999999,move,improve
2044,7,2233.9999999999995,3,998.6099999999999,2opt,acceptBad
2045,7,2285.2099999999996,3,998.6099999999999,swap,acceptBad
2046,7,2348.2599999999998,3,998.6099999999999,swap,acceptBad
2047,7,2347.6299999999997,3,998.6099999999999,move,improve
2048,7,2341.209999999999,3,998.6099999999999,move,improve
2049,7,2341.209999999999,3,998.6099999999999,2opt,improve
2050,7,2465.3199999999993,3,998.6099999999999,swap,acceptBad
2051,7,2396.1499999999996,3,998.6099999999999,move,improve
2052,7,2396.1499999999996,3,998.6099999999999,2opt,notBad
2053,7,2396.1499999999996,3,998.6099999999999,2opt,improve
2054,7,2376.0199999999995,3,998.6099999999999,move,improve
2055,7,2376.0199999999995,3,998.6099999999999,2opt,notBad
2056,7,2382.0499999999997,3,998.6099999999999,2opt,acceptBad
2057,7,2401.58,3,998.6099999999999,swap,acceptBad
2058,7,2475.72,3,998.6099999999999,swap,acceptBad
2059,7,2475.72,3,998.6099999999999,2opt,notBad
2060,7,2475.72,3,998.6099999999999,2opt,notBad
2061,7,2475.72,3,998.6099999999999,2opt,notBad
2062,7,2460.0499999999997,3,998.6099999999999,2opt,improve
2063,7,2414.95,3,998.6099999999999,move,improve
2064,7,2375.5200000000004,3,998.6099999999999,move,improve
2065,7,2375.5200000000004,3,998.6099999999999,2opt,notBad
2066,7,2419.8199999999997,3,998.6099999999999,2opt,acceptBad
2067,7,2411.54,3,998.6099999999999,move,improve
2068,7,2412.3499999999995,3,998.6099999999999,2opt,acceptBad
2069,7,2413.649999999999,3,998.6099999999999,2opt,acceptBad
2070,7,2413.649999999999,3,998.6099999999999,2opt,notBad
2071,7,2413.649999999999,3,998.6099999999999,swap,notBad
2072,7,2333.39,3,998.6099999999999,2opt,improve
2073,7,2319.0400000000004,3,998.6099999999999,move,improve
2074,7,2319.0400000000004,3,998.6099999999999,move,improve
2075,7,2375.74,3,998.6099999999999,2opt,acceptBad
2076,7,2453.3799999999997,3,998.6099999999999,swap,acceptBad
2077,7,2381.2899999999995,3,998.6099999999999,move,improve
2078,7,2413.72,3,998.6099999999999,swap,acceptBad
2079,7,2413.72,3,998.6099999999999,2opt,notBad
2080,7,2413.72,3,998.6099999999999,2opt,notBad
2081,7,2341.9299999999994,3,998.6099999999999,move,improve
2082,7,2335.5399999999995,3,998.6099999999999,move,improve
2083,7,2335.5399999999995,3,998.6099999999999,move,improve
2084,7,2335.5399999999995,3,998.6099999999999,2opt,notBad
2085,7,2336.0199999999995,3,998.6099999999999,swap,acceptBad
2086,7,2361.0099999999993,3,998.6099999999999,swap,acceptBad
2087,7,2361.0099999999993,3,998.6099999999999,2opt,notBad
2088,7,2361.0099999999993,3,998.6099999999999,2opt,notBad
2089,7,2438.5699999999997,3,998.6099999999999,swap,acceptBad
2090,7,2471.8999999999996,3,998.6099999999999,swap,acceptBad
2091,7,2429.7099999999996,3,998.6099999999999,move,improve
2092,7,2409.1099999999997,3,998.6099999999999,move,improve
2093,7,2406.8099999999995,3,998.6099999999999,move,improve
2094,7,2406.93,3,998.6099999999999,2opt,acceptBad
2095,7,2364.2099999999996,3,998.6099999999999,move,improve
2096,7,2432.0199999999995,3,998.6099999999999,swap,acceptBad
2097,7,2440.8299999999995,3,998.6099999999999,2opt,acceptBad
2098,7,2440.8299999999995,3,998.6099999999999,2opt,notBad
2099,7,2440.8299999999995,3,998.6099999999999,2opt,notBad
2100,7,2443.2300000000005,3,998.6099999999999,2opt,acceptBad
2101,7,2543.1400000000003,3,998.6099999999999,swap,acceptBad
2102,7,2557.68,3,998.6099999999999,swap,acceptBad
2103,7,2563.22,3,998.6099999999999,2opt,acceptBad
2104,7,2563.22,3,998.6099999999999,2opt,notBad
2105,7,2507.619999999999,3,998.6099999999999,move,improve
2106,7,2451.24,3,998.6099999999999,2opt,improve
2107,7,2470.39,3,998.6099999999999,swap,acceptBad
2108,7,2470.39,3,998.6099999999999,swap,notBad
2109,7,2470.39,3,998.6099999999999,2opt,notBad
2110,7,2452.07,3,998.6099999999999,move,improve
2111,7,2433.07,3,998.6099999999999,move,improve
2112,7,2420.83,3,998.6099999999999,move,improve
2113,7,2420.83,3,998.6099999999999,2opt,notBad
2114,7,2310.6800000000003,3,998.6099999999999,move,improve
2115,7,2329.79,3,998.6099999999999,swap,acceptBad
2116,7,2329.79,3,998.6099999999999,move,improve
2117,7,2329.79,3,998.6099999999999,swap,notBad
2118,7,2350.72,3,998.6099999999999,swap,acceptBad
2119,7,2350.72,3,998.6099999999999,2opt,notBad
2120,7,2350.3399999999997,3,998.6099999999999,move,improve
2121,7,2425.5099999999993,3,998.6099999999999,swap,acceptBad
2122,7,2425.5099999999993,3,998.6099999999999,2opt,notBad
2123,7,2380.3300000000004,3,998.6099999999999,move,improve
2124,7,2373.86,3,998.6099999999999,move,improve
2125,7,2368.4,3,998.6099999999999,move,improve
2126,7,2424.02,3,998.6099999999999,swap,acceptBad
2127,7,2394.4500000000003,3,998.6099999999999,swap,improve
2128,7,2357.26,3,998.6099999999999,2opt,improve
2129,7,2355.55,3,998.6099999999999,swap,improve
2130,7,2329.87,3,998.6099999999999,move,improve
2131,7,2325.7200000000003,3,998.6099999999999,2opt,improve
2132,7,2382.76,3,998.6099999999999,swap,acceptBad
2133,7,2473.3700000000003,3,998.6099999999999,swap,acceptBad
2134,7,2432.6600000000003,3,998.6099999999999,move,improve
2135,7,2432.6600000000003,3,998.6099999999999,move,improve
2136,7,2462.09,3,998.6099999999999,swap,acceptBad
2137,7,2462.09,3,998.6099999999999,2opt,notBad
2138,7,2434.51,3,998.6099999999999,move,improve
2139,7,2366.59,3,998.6099999999999,move,improve
2140,7,2366.59,3,998.6099999999999,swap,notBad
2141,7,2401.3299999999995,3,998.6099999999999,swap,acceptBad
2142,7,2385.92,3,998.6099999999999,move,improve
2143,7,2385.92,3,998.6099999999999,2opt,notBad
2144,7,2356.9399999999996,3,998.6099999999999,swap,improve
2145,7,2365.8499999999995,3,998.6099999999999,swap,acceptBad
2146,7,2365.8499999999995,3,998.6099999999999,2opt,notBad
2147,7,2258.75,3,998.6099999999999,swap,improve
2148,7,2258.75,3,998.6099999999999,2opt,notBad
2149,7,2330.1399999999994,3,998.6099999999999,swap,acceptBad
2150,7,2328.1899999999996,3,998.6099999999999,move,improve
2151,7,2328.1899999999996,3,998.6099999999999,2opt,notBad
2152,7,2334.7299999999996,3,998.6099999999999,swap,acceptBad
2153,7,2334.7299999999996,3,998.6099999999999,swap,notBad
2154,7,2256.3399999999997,3,998.6099999999999,move,improve
2155,7,2256.3399999999997,3,998.6099999999999,move,improve
2156,7,2256.3399999999997,3,998.6099999999999,2opt,notBad
2157,7,2284.28,3,998.6099999999999,2opt,acceptBad
2158,7,2284.28,3,998.6099999999999,2opt,notBad
2159,7,2270.09,3,998.6099999999999,2opt,improve
2160,7,2270.09,3,998.6099999999999,move,improve
2161,7,2324.45,3,998.6099999999999,swap,acceptBad
2162,7,2323.6400000000003,3,998.6099999999999,move,improve
2163,7,2305.08,3,998.6099999999999,move,improve
2164,7,2307.67,3,998.6099999999999,swap,acceptBad
2165,7,2307.67,3,998.6099999999999,2opt,notBad
2166,7,2268.2799999999997,3,998.6099999999999,move,improve
2167,7,2349.94,3,998.6099999999999,swap,acceptBad
2168,7,2285.9600000000005,3,998.6099999999999,move,improve
2169,7,2216.9300000000007,3,998.6099999999999,2opt,improve
2170,7,2216.9300000000007,3,998.6099999999999,swap,notBad
2171,7,2148.9400000000005,3,998.6099999999999,move,improve
2172,7,2148.9400000000005,3,998.6099999999999,move,improve
2173,7,2268.460000000001,3,998.6099999999999,swap,acceptBad
2174,7,2268.460000000001,3,998.6099999999999,2opt,notBad
2175,7,2273.120000000001,3,998.6099999999999,swap,acceptBad
2176,7,2332.1900000000005,3,998.6099999999999,swap,acceptBad
2177,7,2332.1900000000005,3,998.6099999999999,swap,notBad
2178,7,2332.1900000000005,3,998.6099999999999,2opt,notBad
2179,7,2376.600000000001,3,998.6099999999999,swap,acceptBad
2180,6,2254.71,3,998.6099999999999,2opt,improve
2181,6,2191.8700000000003,3,998.6099999999999,move,improve
2182,6,2186.830000000001,3,998.6099999999999,swap,improve
2183,6,2191.93,3,998.6099999999999,swap,acceptBad
2184,6,2191.93,3,998.6099999999999,2opt,notBad
2185,6,2221.6000000000004,3,998.6099999999999,swap,acceptBad
2186,6,2221.6000000000004,3,998.6099999999999,2opt,notBad
2187,6,2202.52,3,998.6099999999999,move,improve
2188,6,2184.7000000000003,3,998.6099999999999,swap,improve
2189,6,2184.7000000000003,3,998.6099999999999,2opt,notBad
2190,6,2191.39,3,998.6099999999999,swap,acceptBad
2191,6,2195.94,3,998.6099999999999,swap,acceptBad
2192,6,2201.34,3,998.6099999999999,swap,acceptBad
2193,6,2193.1800000000003,3,998.6099999999999,move,improve
2194,6,2193.1800000000003,3,998.6099999999999,2opt,improve
2195,6,2206.7800000000007,3,998.6099999999999,swap,acceptBad
2196,6,2203.6600000000003,3,998.6099999999999,move,improve
2197,6,2203.46,3,998.6099999999999,swap,improve
2198,6,2203.46,3,998.6099999999999,2opt,notBad
2199,6,2191.9,3,998.6099999999999,move,improve
2200,6,2231.02,3,998.6099999999999,swap,acceptBad
2201,6,2231.02,3,998.6099999999999,move,improve
2202,6,2230.4799999999996,3,998.6099999999999,move,improve
2203,6,2227.33,3,998.6099999999999,swap,improve
2204,6,2227.33,3,998.6099999999999,2opt,notBad
2205,6,2288.5999999999995,3,998.6099999999999,swap,acceptBad
2206,6,2232.5699999999997,3,998.6099999999999,move,improve
2207,6,2232.5699999999997,3,998.6099999999999,2opt,notBad
2208,6,2167.2,3,998.6099999999999,move,improve
2209,6,2167.2,3,998.6099999999999,2opt,notBad
2210,6,2177.73,3,998.6099999999999,swap,acceptBad
2211,6,2177.73,3,998.6099999999999,2opt,improve
2212,6,2112.48,3,998.6099999999999,swap,improve
2213,6,2112.4199999999996,3,998.6099999999999,move,improve
2214,6,2096.4,3,998.6099999999999,swap,improve
2215,6,2056.5899999999992,3,998.6099999999999,move,improve
2216,6,2056.5899999999992,3,998.6099999999999,2opt,notBad
2217,6,2038.9499999999998,3,998.6099999999999,move,improve
2218,6,2059.0599999999995,3,998.6099999999999,swap,acceptBad
2219,6,2059.0599999999995,3,998.6099999999999,2opt,notBad
2220,6,2059.0599999999995,3,998.6099999999999,swap,notBad
2221,6,2059.0599999999995,3,998.6099999999999,swap,notBad
2222,6,2038.8999999999994,3,998.6099999999999,move,improve
2223,6,2135.14,3,998.6099999999999,swap,acceptBad
2224,6,2095.989999999999,3,998.6099999999999,swap,improve
2225,6,2095.7299999999996,3,998.6099999999999,move,improve
2226,6,2177.5399999999995,3,998.6099999999999,swap,acceptBad
2227,6,2164.8499999999995,3,998.6099999999999,swap,improve
2228,6,2164.8499999999995,3,998.6099999999999,2opt,notBad
2229,6,2164.8499999999995,3,998.6099999999999,2opt,notBad
2230,6,2164.8499999999995,3,998.6099999999999,move,improve
2231,6,2201.3099999999995,3,998.6099999999999,swap,acceptBad
2232,6,2240.2999999999997,3,998.6099999999999,swap,acceptBad
2233,6,2240.2999999999997,3,998.6099999999999,2opt,notBad
2234,6,2240.2999999999997,3,998.6099999999999,2opt,notBad
2235,6,2359.9799999999996,3,998.6099999999999,swap,acceptBad
2236,6,2359.9799999999996,3,998.6099999999999,2opt,notBad
2237,6,2332.9499999999994,3,998.6099999999999,swap,improve
2238,6,2308.92,3,998.6099999999999,2opt,improve
2239,6,2308.92,3,998.6099999999999,2opt,improve
2240,6,2308.92,3,998.6099999999999,swap,notBad
2241,6,2312.5,3,998.6099999999999,move,acceptBad
2242,6,2307.86,3,998.6099999999999,move,improve
2243,6,2236.6799999999994,3,998.6099999999999,move,improve
2244,6,2219.8099999999995,3,998.6099999999999,2opt,improve
2245,6,2183.22,3,998.6099999999999,move,improve
2246,6,2252.58,3,998.6099999999999,swap,acceptBad
2247,6,2252.58,3,998.6099999999999,2opt,notBad
2248,6,2252.58,3,998.6099999999999,2opt,notBad
2249,6,2148.5599999999995,3,998.6099999999999,move,improve
2250,6,2130.83,3,998.6099999999999,move,improve
2251,6,2130.83,3,998.6099999999999,2opt,notBad
2252,6,2162.7799999999997,3,998.6099999999999,2opt,acceptBad
2253,6,2084.4500000000003,3,998.6099999999999,move,improve
2254,6,2084.4500000000003,3,998.6099999999999,2opt,notBad
2255,6,2084.4500000000003,3,998.6099999999999,swap,notBad
2256,6,2067.0800000000004,3,998.6099999999999,swap,improve
2257,6,2056.36,3,998.6099999999999,move,improve
2258,6,2054.18,3,998.6099999999999,move,improve
2259,6,2054.18,3,998.6099999999999,2opt,notBad
2260,6,2054.18,3,998.6099999999999,2opt,improve
2261,6,1994.4399999999996,3,998.6099999999999,move,improve
2262,6,1994.4399999999996,3,998.6099999999999,move,improve
2263,6,1994.4399999999996,3,998.6099999999999,2opt,notBad
2264,6,2023.3,3,998.6099999999999,swap,acceptBad
2265,6,2009.68,3,998.6099999999999,move,improve
2266,6,1870.2999999999997,3,998.6099999999999,move,improve
2267,6,1935.5099999999998,3,998.6099999999999,swap,acceptBad
2268,6,1994.61,3,998.6099999999999,swap,acceptBad
2269,6,1991.4799999999996,3,998.6099999999999,swap,improve
2270,6,1975.4399999999998,3,998.6099999999999,move,improve
2271,6,1978.0499999999997,3,998.6099999999999,swap,acceptBad
2272,6,2077.8300000000004,3,998.6099999999999,swap,acceptBad
2273,6,2086.02,3,998.6099999999999,2opt,acceptBad
2274,6,2083.54,3,998.6099999999999,move,improve
2275,6,2082.54,3,998.6099999999999,move,improve
2276,6,2151.9599999999996,3,998.6099999999999,swap,acceptBad
2277,6,2151.9599999999996,3,998.6099999999999,2opt,improve
2278,6,2186.4599999999996,3,998.6099999999999,swap,acceptBad
2279,6,2186.4599999999996,3,998.6099999999999,2opt,notBad
2280,6,2186.4599999999996,3,998.6099999999999,2opt,notBad
2281,6,2186.3099999999995,3,998.6099999999999,swap,improve
2282,6,2186.3099999999995,3,998.6099999999999,2opt,improve
2283,6,2186.3099999999995,3,998.6099999999999,swap,notBad
2284,6,2099.8999999999996,3,998.6099999999999,swap,improve
2285,6,2092.42,3,998.6099999999999,swap,improve
2286,6,2078.18,3,998.6099999999999,swap,improve
2287,6,2078.18,3,998.6099999999999,2opt,notBad
2288,6,2100.08,3,998.6099999999999,swap,acceptBad
2289,6,2100.08,3,998.6099999999999,2opt,notBad
2290,6,2100.08,3,998.6099999999999,swap,notBad
2291,6,2232.6700000000005,3,998.6099999999999,swap,acceptBad
2292,6,2234.1900000000005,3,998.6099999999999,swap,acceptBad
2293,6,2234.1900000000005,3,998.6099999999999,swap,notBad
2294,6,2234.1900000000005,3,998.6099999999999,2opt,notBad
2295,6,2238.23,3,998.6099999999999,2opt,acceptBad
2296,6,2270.24,3,998.6099999999999,swap,acceptBad
2297,6,2270.24,3,998.6099999999999,swap,notBad
2298,6,2270.24,3,998.6099999999999,2opt,notBad
2299,6,2269.82,3,998.6099999999999,move,improve
2300,6,2233.78,3,998.6099999999999,move,improve
2301,6,2286.16,3,998.6099999999999,swap,acceptBad
2302,6,2310.5199999999995,3,998.6099999999999,swap,acceptBad
2303,6,2310.5199999999995,3,998.6099999999999,2opt,notBad
2304,6,2301.8999999999996,3,998.6099999999999,move,improve
2305,6,2196.6299999999997,3,998.6099999999999,swap,improve
2306,6,2193.03,3,998.6099999999999,swap,improve
2307,6,2183.2000000000003,3,998.6099999999999,2opt,improve
2308,6,2180.08,3,998.6099999999999,2opt,improve
2309,6,2168.7799999999997,3,998.6099999999999,2opt,improve
2310,6,2199.14,3,998.6099999999999,swap,acceptBad
2311,6,2199.14,3,998.6099999999999,2opt,notBad
2312,6,2199.14,3,998.6099999999999,swap,notBad
2313,6,2271.7000000000003,3,998.6099999999999,swap,acceptBad
2314,6,2242.9100000000008,3,998.6099999999999,2opt,improve
2315,6,2242.9100000000008,3,998.6099999999999,2opt,improve
2316,6,2207.8800000000006,3,998.6099999999999,swap,improve
2317,6,2207.8800000000006,3,998.6099999999999,2opt,notBad
2318,6,2203.6100000000006,3,998.6099999999999,move,improve
2319,6,2143.3100000000004,3,998.6099999999999,move,improve
2320,6,2143.3100000000004,3,998.6099999999999,2opt,notBad
2321,6,2146.7300000000005,3,998.6099999999999,swap,acceptBad
2322,6,2145.3300000000004,3,998.6099999999999,move,improve
2323,6,2096.71,3,998.6099999999999,move,improve
2324,6,2096.71,3,998.6099999999999,swap,notBad
2325,6,2092.4700000000003,3,998.6099999999999,move,improve
2326,6,2083.3800000000006,3,998.6099999999999,move,improve
2327,6,2163.3600000000006,3,998.6099999999999,swap,acceptBad
2328,6,2154.4,3,998.6099999999999,move,improve
2329,6,2154.4,3,998.6099999999999,2opt,notBad
2330,6,2154.4,3,998.6099999999999,2opt,notBad
2331,6,2045.2800000000002,3,998.6099999999999,move,improve
2332,6,2041.4800000000005,3,998.6099999999999,swap,improve
2333,6,2041.4800000000005,3,998.6099999999999,move,improve
2334,6,2032.2699999999998,3,998.6099999999999,move,improve
2335,6,2032.2699999999998,3,998.6099999999999,swap,notBad
2336,6,2032.39,3,998.6099999999999,swap,acceptBad
2337,6,2032.39,3,998.6099999999999,2opt,notBad
2338,6,2023.6600000000003,3,998.6099999999999,move,improve
2339,6,2023.6600000000003,3,998.6099999999999,2opt,notBad
2340,6,2003.82,3,998.6099999999999,move,improve
2341,6,1999.5000000000002,3,998.6099999999999,swap,improve
2342,6,2049.8,3,998.6099999999999,swap,acceptBad
2343,6,2049.8,3,998.6099999999999,swap,notBad
2344,6,2070.27,3,998.6099999999999,2opt,acceptBad
2345,6,2070.27,3,998.6099999999999,2opt,notBad
2346,6,2070.27,3,998.6099999999999,2opt,notBad
2347,6,2093.65,3,998.6099999999999,swap,acceptBad
2348,6,2197.9900000000002,3,998.6099999999999,swap,acceptBad
2349,6,2197.9900000000002,3,998.6099999999999,swap,notBad
2350,6,2206.3400000000006,3,998.6099999999999,swap,acceptBad
2351,6,2206.3400000000006,3,998.6099999999999,2opt,improve
2352,6,2162.4400000000005,3,998.6099999999999,move,improve
2353,6,2162.1000000000004,3,998.6099999999999,swap,improve
2354,6,2214.6800000000003,3,998.6099999999999,swap,acceptBad
2355,6,2214.6800000000003,3,998.6099999999999,2opt,notBad
2356,6,2208.2800000000007,3,998.6099999999999,move,improve
2357,6,2228.4,3,998.6099999999999,swap,acceptBad
2358,6,2228.4,3,998.6099999999999,2opt,notBad
2359,6,2228.4,3,998.6099999999999,move,improve
2360,6,2237.58,3,998.6099999999999,2opt,acceptBad
2361,6,2222.7500000000005,3,998.6099999999999,move,improve
2362,6,2068.18,3,998.6099999999999,swap,improve
2363,6,2068.18,3,998.6099999999999,2opt,improve
2364,6,2046.9800000000005,3,998.6099999999999,2opt,improve
2365,6,2046.9800000000005,3,998.6099999999999,2opt,notBad
2366,6,2046.9800000000005,3,998.6099999999999,2opt,notBad
2367,6,1981.3700000000001,3,998.6099999999999,move,improve
2368,6,1977.44,3,998.6099999999999,move,improve
2369,6,1952.8800000000003,3,998.6099999999999,2opt,improve
2370,6,1950.8800000000003,3,998.6099999999999,move,improve
2371,6,1950.8800000000003,3,998.6099999999999,2opt,improve
2372,6,1939.3200000000002,3,998.6099999999999,move,improve
2373,6,1939.3200000000002,3,998.6099999999999,2opt,notBad
2374,6,1939.3200000000002,3,998.6099999999999,swap,notBad
2375,6,1953.0600000000002,3,998.6099999999999,swap,acceptBad
2376,6,1953.0600000000002,3,998.6099999999999,2opt,notBad
2377,6,1970.0100000000002,3,998.6099999999999,swap,acceptBad
2378,6,1970.0100000000002,3,998.6099999999999,2opt,improve
2379,6,1970.0100000000002,3,998.6099999999999,2opt,notBad
2380,6,1923.3400000000001,3,998.6099999999999,swap,improve
2381,6,1923.3400000000001,3,998.6099999999999,2opt,notBad
2382,6,1923.3400000000001,3,998.6099999999999,swap,notBad
2383,6,1923.3400000000001,3,998.6099999999999,swap,notBad
2384,6,1923.3400000000001,3,998.6099999999999,swap,notBad
2385,6,1923.3400000000001,3,998.6099999999999,swap,notBad
2386,6,1923.3400000000001,3,998.6099999999999,2opt,notBad
2387,6,1921.6600000000003,3,998.6099999999999,move,improve
2388,6,1921.6600000000003,3,998.6099999999999,2opt,notBad
2389,6,1931.3900000000003,3,998.6099999999999,swap,acceptBad
2390,6,1931.3900000000003,3,998.6099999999999,2opt,notBad
2391,6,1931.3900000000003,3,998.6099999999999,2opt,notBad
2392,6,1930.6700000000003,3,998.6099999999999,move,improve
2393,6,1958.67,3,998.6099999999999,swap,acceptBad
2394,6,1958.67,3,998.6099999999999,swap,notBad
2395,6,1958.67,3,998.6099999999999,swap,notBad
2396,6,1889.3899999999999,3,998.6099999999999,move,improve
2397,6,1889.3899999999999,3,998.6099999999999,2opt,notBad
2398,6,1882.6399999999996,3,998.6099999999999,move,improve
2399,6,1825.9099999999999,3,998.6099999999999,move,improve
2400,6,1884.0599999999997,3,998.6099999999999,swap,acceptBad
2401,6,1884.0599999999997,3,998.6099999999999,swap,notBad
2402,6,1884.0599999999997,3,998.6099999999999,2opt,notBad
2403,6,1884.0599999999997,3,998.6099999999999,swap,notBad
2404,6,1878.08,3,998.6099999999999,swap,improve
2405,6,1870.04,3,998.6099999999999,move,improve
2406,6,1868.42,3,998.6099999999999,move,improve
2407,6,1917.26,3,998.6099999999999,swap,acceptBad
2408,6,1912.2099999999998,3,998.6099999999999,move,improve
2409,6,1912.2099999999998,3,998.6099999999999,2opt,notBad
2410,6,1912.2099999999998,3,998.6099999999999,2opt,notBad
2411,6,1912.2099999999998,3,998.6099999999999,swap,notBad
2412,6,1900.7700000000002,3,998.6099999999999,2opt,improve
2413,6,1900.7700000000002,3,998.6099999999999,2opt,notBad
2414,6,1900.7700000000002,3,998.6099999999999,swap,notBad
2415,6,1900.7700000000002,3,998.6099999999999,2opt,notBad
2416,6,1861.4900000000002,3,998.6099999999999,swap,improve
2417,6,1951.4,3,998.6099999999999,swap,acceptBad
2418,6,1951.28,3,998.6099999999999,move,improve
2419,6,1951.28,3,998.6099999999999,2opt,notBad
2420,6,1931.68,3,998.6099999999999,swap,improve
2421,6,1931.68,3,998.6099999999999,2opt,notBad
2422,6,1923.49,3,998.6099999999999,swap,improve
2423,6,2005.3400000000004,3,998.6099999999999,swap,acceptBad
2424,6,2005.3400000000004,3,998.6099999999999,2opt,notBad
2425,6,2095.7200000000003,3,998.6099999999999,swap,acceptBad
2426,6,2092.7400000000002,3,998.6099999999999,move,improve
2427,6,2092.7400000000002,3,998.6099999999999,move,improve
2428,6,2092.7400000000002,3,998.6099999999999,move,improve
2429,6,2104.4199999999996,3,998.6099999999999,swap,acceptBad
2430,6,2104.4199999999996,3,998.6099999999999,2opt,notBad
2431,6,2075.96,3,998.6099999999999,move,improve
2432,6,2075.96,3,998.6099999999999,2opt,notBad
2433,6,2075.96,3,998.6099999999999,swap,notBad
2434,6,2073.83,3,998.6099999999999,move,improve
2435,6,2073.83,3,998.6099999999999,2opt,notBad
2436,6,1997.4899999999996,3,998.6099999999999,2opt,improve
2437,6,1991.5399999999995,3,998.6099999999999,move,improve
2438,6,1991.5399999999995,3,998.6099999999999,2opt,notBad
2439,6,1991.5399999999995,3,998.6099999999999,swap,notBad
2440,6,1900.7799999999995,3,998.6099999999999,swap,improve
2441,6,1874.2399999999996,3,998.6099999999999,2opt,improve
2442,6,1869.1499999999999,3,998.6099999999999,move,improve
2443,6,1869.1499999999999,3,998.6099999999999,swap,notBad
2444,6,1876.3499999999997,3,998.6099999999999,swap,acceptBad
2445,6,1876.3499999999997,3,998.6099999999999,2opt,notBad
2446,6,1876.3499999999997,3,998.6099999999999,move,improve
2447,6,1796.4499999999994,3,998.6099999999999,move,improve
2448,6,1796.4499999999994,3,998.6099999999999,2opt,notBad
2449,6,1796.4499999999994,3,998.6099999999999,2opt,notBad
2450,6,1792.8699999999994,3,998.6099999999999,move,improve
2451,6,1792.8699999999994,3,998.6099999999999,2opt,notBad
2452,6,1784.2499999999995,3,998.6099999999999,move,improve
2453,6,1784.2499999999995,3,998.6099999999999,swap,notBad
2454,6,1784.2499999999995,3,998.6099999999999,2opt,notBad
2455,6,1784.2499999999995,3,998.6099999999999,swap,notBad
2456,6,1803.2699999999995,3,998.6099999999999,swap,acceptBad
2457,6,1803.2699999999995,3,998.6099999999999,2opt,notBad
2458,6,1787.3499999999995,3,998.6099999999999,move,improve
2459,6,1718.5399999999995,3,998.6099999999999,move,improve
2460,6,1785.4599999999998,3,998.6099999999999,swap,acceptBad
2461,6,1785.4599999999998,3,998.6099999999999,move,improve
2462,6,1788.9199999999998,3,998.6099999999999,2opt,acceptBad
2463,6,1788.9199999999998,3,998.6099999999999,2opt,notBad
2464,6,1780.1399999999999,3,998.6099999999999,move,improve
2465,6,1780.1399999999999,3,998.6099999999999,swap,notBad
2466,6,1794.56,3,998.6099999999999,2opt,acceptBad
2467,6,1836.5799999999997,3,998.6099999999999,swap,acceptBad
2468,6,1836.5799999999997,3,998.6099999999999,swap,notBad
2469,6,1836.5799999999997,3,998.6099999999999,2opt,notBad
2470,6,1836.5799999999997,3,998.6099999999999,2opt,notBad
2471,6,1836.5799999999997,3,998.6099999999999,swap,notBad
2472,6,1786.06,3,998.6099999999999,2opt,improve
2473,6,1786.06,3,998.6099999999999,swap,notBad
2474,6,1786.06,3,998.6099999999999,2opt,notBad
2475,6,1786.06,3,998.6099999999999,move,improve
2476,6,1786.06,3,998.6099999999999,2opt,notBad
2477,6,1786.06,3,998.6099999999999,2opt,notBad
2478,6,1786.06,3,998.6099999999999,2opt,notBad
2479,6,1786.06,3,998.6099999999999,move,improve
2480,6,1786.06,3,998.6099999999999,swap,notBad
2481,6,1775.18,3,998.6099999999999,move,improve
2482,6,1744.6799999999998,3,998.6099999999999,swap,improve
2483,6,1744.6799999999998,3,998.6099999999999,2opt,notBad
2484,6,1744.6799999999998,3,998.6099999999999,swap,notBad
2485,6,1753.96,3,998.6099999999999,swap,acceptBad
2486,6,1752.16,3,998.6099999999999,move,improve
2487,6,1752.16,3,998.6099999999999,swap,notBad
2488,6,1752.16,3,998.6099999999999,swap,notBad
2489,6,1752.16,3,998.6099999999999,2opt,notBad
2490,6,1752.16,3,998.6099999999999,2opt,notBad
2491,6,1752.16,3,998.6099999999999,swap,notBad
2492,6,1757.38,3,998.6099999999999,swap,acceptBad
2493,6,1757.38,3,998.6099999999999,2opt,notBad
2494,6,1818.96,3,998.6099999999999,swap,acceptBad
2495,6,1818.96,3,998.6099999999999,swap,notBad
2496,6,1817.1599999999994,3,998.6099999999999,2opt,improve
2497,6,1814.8599999999994,3,998.6099999999999,move,improve
2498,6,1814.8599999999994,3,998.6099999999999,2opt,notBad
2499,6,1814.8599999999994,3,998.6099999999999,move,improve
2500,6,1795.3199999999995,3,998.6099999999999,move,improve
2501,6,1741.9599999999994,3,998.6099999999999,move,improve
2502,6,1741.9599999999994,3,998.6099999999999,swap,notBad
2503,6,1701.3099999999993,3,998.6099999999999,swap,improve
2504,6,1701.3099999999993,3,998.6099999999999,2opt,notBad
2505,6,1701.3099999999993,3,998.6099999999999,2opt,notBad
2506,6,1700.9099999999994,3,998.6099999999999,move,improve
2507,6,1700.9099999999994,3,998.6099999999999,move,improve
2508,6,1702.229999999999,3,998.6099999999999,swap,acceptBad
2509,6,1777.6499999999994,3,998.6099999999999,swap,acceptBad
2510,6,1777.6499999999994,3,998.6099999999999,swap,notBad
2511,6,1806.6399999999996,3,998.6099999999999,swap,acceptBad
2512,6,1806.6399999999996,3,998.6099999999999,move,improve
2513,6,1791.3399999999997,3,998.6099999999999,move,improve
2514,6,1791.3399999999997,3,998.6099999999999,2opt,notBad
2515,6,1791.3399999999997,3,998.6099999999999,2opt,notBad
2516,6,1791.3399999999997,3,998.6099999999999,2opt,notBad
2517,6,1815.6999999999998,3,998.6099999999999,2opt,acceptBad
2518,6,1816.78,3,998.6099999999999,swap,acceptBad
2519,6,1816.78,3,998.6099999999999,2opt,notBad
2520,6,1816.78,3,998.6099999999999,move,improve
2521,6,1816.78,3,998.6099999999999,swap,notBad
2522,6,1818.0099999999995,3,998.6099999999999,swap,acceptBad
2523,6,1823.53,3,998.6099999999999,swap,acceptBad
2524,6,1788.65,3,998.6099999999999,move,improve
2525,6,1788.65,3,998.6099999999999,swap,notBad
2526,6,1788.65,3,998.6099999999999,2opt,notBad
2527,6,1793.1299999999999,3,998.6099999999999,swap,acceptBad
2528,6,1792.81,3,998.6099999999999,swap,improve
2529,6,1761.85,3,998.6099999999999,move,improve
2530,6,1757.4599999999998,3,998.6099999999999,move,improve
2531,6,1751.1399999999996,3,998.6099999999999,swap,improve
2532,6,1751.1399999999996,3,998.6099999999999,2opt,notBad
2533,6,1750.0199999999998,3,998.6099999999999,swap,improve
2534,6,1728.4799999999998,3,998.6099999999999,move,improve
2535,6,1728.4799999999998,3,998.6099999999999,2opt,notBad
2536,6,1747.04,3,998.6099999999999,swap,acceptBad
2537,6,1747.54,3,998.6099999999999,2opt,acceptBad
2538,6,1700.9199999999998,3,998.6099999999999,move,improve
2539,6,1700.9199999999998,3,998.6099999999999,2opt,notBad
2540,6,1700.9199999999998,3,998.6099999999999,2opt,notBad
2541,6,1700.9199999999998,3,998.6099999999999,2opt,notBad
2542,6,1673.87,3,998.6099999999999,move,improve
2543,6,1658.63,3,998.6099999999999,move,improve
2544,6,1658.63,3,998.6099999999999,2opt,notBad
2545,6,1745.7499999999995,3,998.6099999999999,swap,acceptBad
2546,6,1745.7499999999995,3,998.6099999999999,2opt,notBad
2547,6,1741.7899999999997,3,998.6099999999999,move,improve
2548,6,1796.31,3,998.6099999999999,swap,acceptBad
2549,6,1727.27,3,998.6099999999999,move,improve
2550,6,1727.27,3,998.6099999999999,2opt,notBad
2551,6,1631.23,3,998.6099999999999,move,improve
2552,6,1631.23,3,998.6099999999999,swap,notBad
2553,6,1598.4299999999998,3,998.6099999999999,swap,improve
2554,6,1598.4299999999998,3,998.6099999999999,2opt,improve
2555,6,1596.7599999999995,3,998.6099999999999,move,improve
2556,6,1546.1499999999999,3,998.6099999999999,move,improve
2557,6,1549.1499999999999,3,998.6099999999999,swap,acceptBad
2558,6,1549.1499999999999,3,998.6099999999999,move,improve
2559,6,1549.1499999999999,3,998.6099999999999,swap,notBad
2560,6,1526.0899999999997,3,998.6099999999999,move,improve
2561,6,1526.0899999999997,3,998.6099999999999,swap,notBad
2562,6,1521.8099999999995,3,998.6099999999999,move,improve
2563,6,1521.1699999999998,3,998.6099999999999,move,improve
2564,6,1521.1699999999998,3,998.6099999999999,2opt,improve
2565,6,1521.1699999999998,3,998.6099999999999,2opt,notBad
2566,6,1513.1299999999997,3,998.6099999999999,move,improve
2567,6,1503.6899999999996,3,998.6099999999999,move,improve
2568,6,1503.6899999999996,3,998.6099999999999,2opt,notBad
2569,6,1503.6899999999996,3,998.6099999999999,move,improve
2570,6,1503.6899999999996,3,998.6099999999999,2opt,notBad
2571,6,1502.2899999999995,3,998.6099999999999,swap,improve
2572,6,1502.2899999999995,3,998.6099999999999,swap,notBad
2573,6,1502.2899999999995,3,998.6099999999999,move,improve
2574,6,1502.2899999999995,3,998.6099999999999,move,improve
2575,6,1510.7499999999998,3,998.6099999999999,2opt,acceptBad
2576,6,1510.7499999999998,3,998.6099999999999,2opt,notBad
2577,6,1479.8599999999994,3,998.6099999999999,swap,improve
2578,6,1479.8599999999994,3,998.6099999999999,move,improve
2579,6,1479.8599999999994,3,998.6099999999999,2opt,notBad
2580,6,1487.4499999999998,3,998.6099999999999,swap,acceptBad
2581,6,1487.4499999999998,3,998.6099999999999,swap,notBad
2582,6,1487.4499999999998,3,998.6099999999999,move,improve
2583,6,1487.4499999999998,3,998.6099999999999,2opt,notBad
2584,6,1525.4899999999998,3,998.6099999999999,swap,acceptBad
2585,6,1525.4899999999998,3,998.6099999999999,move,improve
2586,6,1525.4899999999998,3,998.6099999999999,swap,notBad
2587,6,1525.4899999999998,3,998.6099999999999,2opt,notBad
2588,6,1525.4899999999998,3,998.6099999999999,swap,notBad
2589,6,1519.98,3,998.6099999999999,move,improve
2590,6,1518.99,3,998.6099999999999,move,improve
2591,6,1514.8300000000006,3,998.6099999999999,2opt,improve
2592,6,1509.5500000000004,3,998.6099999999999,move,improve
2593,6,1560.5800000000002,3,998.6099999999999,swap,acceptBad
2594,6,1560.7800000000004,3,998.6099999999999,swap,acceptBad
2595,6,1606.48,3,998.6099999999999,swap,acceptBad
2596,6,1606.48,3,998.6099999999999,swap,notBad
2597,6,1606.48,3,998.6099999999999,2opt,notBad
2598,6,1606.48,3,998.6099999999999,swap,notBad
2599,6,1596.3600000000001,3,998.6099999999999,move,improve
2600,6,1596.3600000000001,3,998.6099999999999,2opt,notBad
2601,6,1594.5300000000002,3,998.6099999999999,move,improve
2602,6,1534.4500000000003,3,998.6099999999999,move,improve
2603,6,1539.0700000000002,3,998.6099999999999,swap,acceptBad
2604,6,1539.0700000000002,3,998.6099999999999,2opt,notBad
2605,6,1539.0700000000002,3,998.6099999999999,swap,notBad
2606,6,1535.26,3,998.6099999999999,move,improve
2607,6,1526.53,3,998.6099999999999,swap,improve
2608,6,1488.0100000000002,3,998.6099999999999,move,improve
2609,6,1488.0100000000002,3,998.6099999999999,swap,notBad
2610,6,1488.0100000000002,3,998.6099999999999,2opt,notBad
2611,6,1477.91,3,998.6099999999999,move,improve
2612,6,1477.91,3,998.6099999999999,swap,notBad
2613,6,1477.91,3,998.6099999999999,move,improve
2614,6,1477.91,3,998.6099999999999,2opt,notBad
2615,6,1433.79,3,998.6099999999999,move,improve
2616,6,1432.1699999999998,3,998.6099999999999,move,improve
2617,6,1429.33,3,998.6099999999999,move,improve
2618,6,1426.1299999999999,3,998.6099999999999,move,improve
2619,6,1426.1299999999999,3,998.6099999999999,2opt,improve
2620,6,1426.1299999999999,3,998.6099999999999,swap,notBad
2621,6,1439.7599999999998,3,998.6099999999999,move,acceptBad
2622,6,1439.7599999999998,3,998.6099999999999,2opt,notBad
2623,6,1445.28,3,998.6099999999999,swap,acceptBad
2624,6,1445.28,3,998.6099999999999,swap,notBad
2625,6,1445.28,3,998.6099999999999,2opt,notBad
2626,6,1444.5699999999997,3,998.6099999999999,move,improve
2627,6,1444.5699999999997,3,998.6099999999999,2opt,notBad
2628,6,1444.5699999999997,3,998.6099999999999,move,improve
2629,6,1444.5699999999997,3,998.6099999999999,2opt,notBad
2630,6,1451.1499999999996,3,998.6099999999999,swap,acceptBad
2631,6,1430.9899999999996,3,998.6099999999999,2opt,improve
2632,6,1430.9899999999996,3,998.6099999999999,2opt,notBad
2633,6,1430.9899999999996,3,998.6099999999999,2opt,notBad
2634,6,1430.9899999999996,3,998.6099999999999,2opt,improve
2635,6,1422.7499999999993,3,998.6099999999999,move,improve
2636,6,1378.8099999999995,3,998.6099999999999,move,improve
2637,6,1378.8099999999995,3,998.6099999999999,2opt,notBad
2638,6,1378.8099999999995,3,998.6099999999999,swap,notBad
2639,6,1378.8099999999995,3,998.6099999999999,2opt,notBad
2640,6,1378.8099999999995,3,998.6099999999999,2opt,notBad
2641,6,1370.4099999999994,3,998.6099999999999,move,improve
2642,6,1370.4099999999994,3,998.6099999999999,2opt,notBad
2643,6,1296.9199999999994,3,998.6099999999999,move,improve
2644,6,1296.9199999999994,3,998.6099999999999,swap,notBad
2645,6,1241.1999999999998,3,998.6099999999999,2opt,improve
2646,6,1241.1999999999998,3,998.6099999999999,move,improve
2647,6,1241.1999999999998,3,998.6099999999999,move,improve
2648,6,1241.1999999999998,3,998.6099999999999,2opt,notBad
2649,6,1241.1999999999998,3,998.6099999999999,2opt,notBad
2650,6,1241.1999999999998,3,998.6099999999999,move,improve
2651,6,1241.1999999999998,3,998.6099999999999,swap,notBad
2652,6,1241.1999999999998,3,998.6099999999999,move,improve
2653,6,1241.1999999999998,3,998.6099999999999,2opt,notBad
2654,6,1230.2199999999998,3,998.6099999999999,move,improve
2655,6,1230.2199999999998,3,998.6099999999999,move,improve
2656,6,1230.2199999999998,3,998.6099999999999,swap,notBad
2657,6,1230.2199999999998,3,998.6099999999999,2opt,notBad
2658,6,1230.2199999999998,3,998.6099999999999,swap,notBad
2659,6,1230.2199999999998,3,998.6099999999999,2opt,notBad
2660,6,1230.2199999999998,3,998.6099999999999,move,improve
2661,6,1230.2199999999998,3,998.6099999999999,2opt,improve
2662,6,1230.2199999999998,3,998.6099999999999,2opt,notBad
2663,6,1230.2199999999998,3,998.6099999999999,2opt,notBad
2664,6,1212.54,3,998.6099999999999,move,improve
2665,6,1218.84,3,998.6099999999999,swap,acceptBad
2666,6,1218.84,3,998.6099999999999,swap,notBad
2667,6,1218.84,3,998.6099999999999,2opt,notBad
2668,6,1218.84,3,998.6099999999999,2opt,notBad
2669,6,1218.84,3,998.6099999999999,swap,notBad
2670,6,1218.84,3,998.6099999999999,swap,notBad
2671,6,1218.84,3,998.6099999999999,2opt,notBad
2672,6,1226.75,3,998.6099999999999,swap,acceptBad
2673,6,1226.75,3,998.6099999999999,swap,notBad
2674,6,1179.56,3,998.6099999999999,move,improve
2675,6,1179.56,3,998.6099999999999,move,improve
2676,6,1179.56,3,998.6099999999999,2opt,notBad
2677,6,1179.56,3,998.6099999999999,swap,notBad
2678,6,1179.56,3,998.6099999999999,swap,notBad
2679,6,1179.56,3,998.6099999999999,swap,notBad
2680,6,1179.56,3,998.6099999999999,swap,notBad
2681,6,1179.56,3,998.6099999999999,2opt,improve
2682,6,1206.7000000000003,3,998.6099999999999,swap,acceptBad
2683,6,1200.1700000000005,3,998.6099999999999,move,improve
2684,6,1200.1700000000005,3,998.6099999999999,move,improve
2685,6,1188.7400000000002,3,998.6099999999999,move,improve
2686,6,1150.7600000000002,3,998.6099999999999,move,improve
2687,6,1150.7600000000002,3,998.6099999999999,move,improve
2688,6,1150.7600000000002,3,998.6099999999999,move,improve
2689,6,1201.5200000000002,3,998.6099999999999,swap,acceptBad
2690,6,1201.5200000000002,3,998.6099999999999,2opt,notBad
2691,6,1201.5200000000002,3,998.6099999999999,swap,notBad
2692,6,1201.5200000000002,3,998.6099999999999,2opt,improve
2693,6,1201.24,3,998.6099999999999,move,improve
2694,6,1201.24,3,998.6099999999999,2opt,notBad
2695,6,1197.9,3,998.6099999999999,move,improve
2696,6,1197.9,3,998.6099999999999,2opt,notBad
2697,6,1197.9,3,998.6099999999999,swap,notBad
2698,6,1197.9,3,998.6099999999999,2opt,notBad
2699,6,1197.9,3,998.6099999999999,swap,notBad
2700,6,1197.9,3,998.6099999999999,move,improve
2701,6,1197.9,3,998.6099999999999,2opt,notBad
2702,6,1162.77,3,998.6099999999999,move,improve
2703,6,1161.69,3,998.6099999999999,move,improve
2704,6,1161.69,3,998.6099999999999,move,improve
2705,6,1161.69,3,998.6099999999999,2opt,notBad
2706,6,1158.8100000000004,3,998.6099999999999,move,improve
2707,6,1221.93,3,998.6099999999999,swap,acceptBad
2708,6,1221.93,3,998.6099999999999,move,improve
2709,6,1232.3700000000001,3,998.6099999999999,swap,acceptBad
2710,6,1230.6200000000001,3,998.6099999999999,move,improve
2711,6,1230.6200000000001,3,998.6099999999999,2opt,notBad
2712,6,1230.6200000000001,3,998.6099999999999,2opt,notBad
2713,6,1230.6200000000001,3,998.6099999999999,2opt,notBad
2714,6,1230.6200000000001,3,998.6099999999999,2opt,notBad
2715,6,1230.6200000000001,3,998.6099999999999,swap,notBad
2716,6,1230.6200000000001,3,998.6099999999999,swap,notBad
2717,6,1230.6200000000001,3,998.6099999999999,swap,notBad
2718,6,1230.6200000000001,3,998.6099999999999,move,improve
2719,6,1235.66,3,998.6099999999999,swap,acceptBad
2720,6,1235.66,3,998.6099999999999,move,improve
2721,6,1234.2199999999998,3,998.6099999999999,move,improve
2722,6,1234.2199999999998,3,998.6099999999999,2opt,notBad
2723,6,1230.9499999999998,3,998.6099999999999,move,improve
2724,6,1230.9499999999998,3,998.6099999999999,move,improve
2725,6,1230.9499999999998,3,998.6099999999999,move,improve
2726,6,1230.9499999999998,3,998.6099999999999,2opt,notBad
2727,6,1229.4199999999998,3,998.6099999999999,move,improve
2728,6,1229.4199999999998,3,998.6099999999999,2opt,improve
2729,6,1229.4199999999998,3,998.6099999999999,swap,notBad
2730,6,1221.82,3,998.6099999999999,move,improve
2731,6,1221.82,3,998.6099999999999,move,improve
2732,6,1216.66,3,998.6099999999999,move,improve
2733,6,1218.4199999999998,3,998.6099999999999,swap,acceptBad
2734,6,1218.4199999999998,3,998.6099999999999,2opt,notBad
2735,6,1207.9999999999998,3,998.6099999999999,move,improve
2736,6,1206.0800000000002,3,998.6099999999999,move,improve
2737,6,1231.38,3,998.6099999999999,2opt,acceptBad
2738,6,1230.9900000000002,3,998.6099999999999,move,improve
2739,6,1230.9900000000002,3,998.6099999999999,swap,notBad
2740,6,1225.75,3,998.6099999999999,move,improve
2741,6,1225.75,3,998.6099999999999,swap,notBad
2742,6,1225.75,3,998.6099999999999,swap,notBad
2743,6,1225.75,3,998.6099999999999,swap,notBad
2744,6,1225.75,3,998.6099999999999,2opt,notBad
2745,6,1208.2,3,998.6099999999999,move,improve
2746,6,1208.2,3,998.6099999999999,2opt,notBad
2747,6,1208.2,3,998.6099999999999,2opt,notBad
2748,6,1208.2,3,998.6099999999999,swap,notBad
2749,6,1208.2,3,998.6099999999999,swap,notBad
2750,6,1208.2,3,998.6099999999999,move,improve
2751,6,1204.1800000000003,3,998.6099999999999,move,improve
2752,6,1204.1800000000003,3,998.6099999999999,2opt,notBad
2753,6,1204.1800000000003,3,998.6099999999999,2opt,notBad
2754,6,1204.1800000000003,3,998.6099999999999,swap,notBad
2755,6,1204.1800000000003,3,998.6099999999999,swap,notBad
2756,6,1201.7500000000002,3,998.6099999999999,move,improve
2757,6,1201.7500000000002,3,998.6099999999999,swap,notBad
2758,6,1201.7500000000002,3,998.6099999999999,swap,notBad
2759,6,1201.7500000000002,3,998.6099999999999,swap,notBad
2760,6,1201.7500000000002,3,998.6099999999999,2opt,notBad
2761,6,1201.7500000000002,3,998.6099999999999,swap,notBad
2762,6,1201.7500000000002,3,998.6099999999999,move,improve
2763,6,1167.21,3,998.6099999999999,move,improve
2764,6,1161.92,3,998.6099999999999,move,improve
2765,6,1161.92,3,998.6099999999999,2opt,notBad
2766,6,1160.57,3,998.6099999999999,move,improve
2767,6,1160.57,3,998.6099999999999,swap,notBad
2768,6,1160.57,3,998.6099999999999,2opt,notBad
2769,6,1146.5,3,998.6099999999999,move,improve
2770,6,1146.5,3,998.6099999999999,2opt,notBad
2771,6,1146.5,3,998.6099999999999,move,improve
2772,6,1146.5,3,998.6099999999999,swap,notBad
2773,6,1146.5,3,998.6099999999999,swap,notBad
2774,6,1146.5,3,998.6099999999999,swap,notBad
2775,6,1146.5,3,998.6099999999999,2opt,notBad
2776,6,1146.5,3,998.6099999999999,2opt,notBad
2777,6,1146.5,3,998.6099999999999,move,improve
2778,6,1146.5,3,998.6099999999999,move,improve
2779,6,1142.1200000000001,3,998.6099999999999,move,improve
2780,6,1142.1200000000001,3,998.6099999999999,swap,notBad
2781,6,1145.3600000000001,3,998.6099999999999,swap,acceptBad
2782,6,1144.96,3,998.6099999999999,move,improve
2783,6,1144.96,3,998.6099999999999,2opt,notBad
2784,6,1144.96,3,998.6099999999999,move,improve
2785,6,1142.5300000000002,3,998.6099999999999,move,improve
2786,6,1143.37,3,998.6099999999999,swap,acceptBad
2787,6,1143.37,3,998.6099999999999,move,improve
2788,6,1142.5100000000002,3,998.6099999999999,move,improve
2789,6,1142.5100000000002,3,998.6099999999999,move,improve
2790,6,1142.5100000000002,3,998.6099999999999,2opt,notBad
2791,6,1142.5100000000002,3,998.6099999999999,move,improve
2792,6,1142.5100000000002,3,998.6099999999999,swap,notBad
2793,6,1142.5100000000002,3,998.6099999999999,2opt,notBad
2794,6,1142.5100000000002,3,998.6099999999999,2opt,notBad
2795,6,1145.8100000000002,3,998.6099999999999,swap,acceptBad
2796,6,1145.8100000000002,3,998.6099999999999,2opt,notBad
2797,6,1145.8100000000002,3,998.6099999999999,swap,notBad
2798,6,1159.6100000000001,3,998.6099999999999,swap,acceptBad
2799,6,1159.6100000000001,3,998.6099999999999,swap,notBad
2800,6,1159.6100000000001,3,998.6099999999999,move,improve
2801,6,1159.6100000000001,3,998.6099999999999,2opt,notBad
2802,6,1174.4299999999998,3,998.6099999999999,swap,acceptBad
2803,6,1174.4299999999998,3,998.6099999999999,move,improve
2804,6,1174.4299999999998,3,998.6099999999999,move,improve
2805,6,1170.22,3,998.6099999999999,move,improve
2806,6,1170.22,3,998.6099999999999,swap,notBad
2807,6,1170.22,3,998.6099999999999,move,improve
2808,6,1170.22,3,998.6099999999999,swap,notBad
2809,6,1160.4999999999998,3,998.6099999999999,swap,improve
2810,6,1160.4999999999998,3,998.6099999999999,2opt,notBad
2811,6,1160.4999999999998,3,998.6099999999999,move,improve
2812,6,1160.4999999999998,3,998.6099999999999,move,improve
2813,6,1160.4999999999998,3,998.6099999999999,2opt,notBad
2814,6,1160.4999999999998,3,998.6099999999999,2opt,notBad
2815,6,1160.4999999999998,3,998.6099999999999,move,improve
2816,6,1160.4999999999998,3,998.6099999999999,2opt,notBad
2817,6,1160.4999999999998,3,998.6099999999999,2opt,notBad
2818,6,1162.8999999999999,3,998.6099999999999,swap,acceptBad
2819,6,1156.24,3,998.6099999999999,move,improve
2820,6,1156.24,3,998.6099999999999,2opt,notBad
2821,6,1156.24,3,998.6099999999999,2opt,notBad
2822,6,1156.24,3,998.6099999999999,swap,notBad
2823,6,1156.24,3,998.6099999999999,move,improve
2824,6,1156.24,3,998.6099999999999,swap,notBad
2825,6,1156.24,3,998.6099999999999,2opt,improve
2826,6,1152.09,3,998.6099999999999,move,improve
2827,6,1152.09,3,998.6099999999999,swap,notBad
2828,6,1152.09,3,998.6099999999999,swap,notBad
2829,6,1152.09,3,998.6099999999999,swap,notBad
2830,6,1133.96,3,998.6099999999999,move,improve
2831,6,1133.96,3,998.6099999999999,2opt,notBad
2832,6,1133.96,3,998.6099999999999,swap,notBad
2833,6,1133.96,3,998.6099999999999,move,improve
2834,6,1145.9,3,998.6099999999999,swap,acceptBad
2835,6,1145.9,3,998.6099999999999,swap,notBad
2836,6,1145.9,3,998.6099999999999,2opt,notBad
2837,6,1140.31,3,998.6099999999999,move,improve
2838,6,1140.31,3,998.6099999999999,move,improve
2839,6,1140.31,3,998.6099999999999,2opt,notBad
2840,6,1140.31,3,998.6099999999999,2opt,notBad
2841,6,1147.61,3,998.6099999999999,swap,acceptBad
2842,6,1127.9699999999998,3,998.6099999999999,move,improve
2843,6,1127.9699999999998,3,998.6099999999999,swap,notBad
2844,6,1127.9699999999998,3,998.6099999999999,2opt,notBad
2845,6,1127.8899999999999,3,998.6099999999999,move,improve
2846,6,1127.8899999999999,3,998.6099999999999,swap,notBad
2847,6,1127.8899999999999,3,998.6099999999999,swap,notBad
2848,6,1127.8899999999999,3,998.6099999999999,swap,notBad
2849,6,1127.8899999999999,3,998.6099999999999,move,improve
2850,6,1127.8899999999999,3,998.6099999999999,move,improve
2851,6,1127.8899999999999,3,998.6099999999999,swap,notBad
2852,6,1127.8899999999999,3,998.6099999999999,2opt,notBad
2853,6,1062.4299999999996,3,998.6099999999999,move,improve
2854,6,1056.1899999999996,3,998.6099999999999,move,improve
2855,6,1056.1899999999996,3,998.6099999999999,move,improve
2856,6,1056.1899999999996,3,998.6099999999999,move,improve
2857,6,980.6799999999998,6,980.6799999999998,swap,newBest
2858,6,978.3399999999999,6,978.3399999999999,move,newBest
2859,6,978.3399999999999,6,978.3399999999999,move,improve
2860,6,978.3399999999999,6,978.3399999999999,move,improve
2861,6,978.3399999999999,6,978.3399999999999,swap,notBad
2862,6,978.3399999999999,6,978.3399999999999,swap,notBad
2863,6,978.3399999999999,6,978.3399999999999,2opt,notBad
2864,6,978.3399999999999,6,978.3399999999999,swap,notBad
2865,6,978.3399999999999,6,978.3399999999999,swap,notBad
2866,6,978.3399999999999,6,978.3399999999999,2opt,notBad
2867,6,978.3399999999999,6,978.3399999999999,move,improve
2868,6,978.3399999999999,6,978.3399999999999,move,improve
2869,6,978.3399999999999,6,978.3399999999999,2opt,notBad
2870,6,978.3399999999999,6,978.3399999999999,swap,notBad
2871,6,976.02,6,976.02,move,newBest
2872,6,976.02,6,976.02,swap,notBad
2873,6,976.02,6,976.02,swap,notBad
2874,6,997.8999999999999,6,976.02,swap,acceptBad
2875,6,997.8999999999999,6,976.02,2opt,notBad
2876,6,997.8999999999999,6,976.02,2opt,notBad
2877,6,997.8999999999999,6,976.02,swap,notBad
2878,6,996.6999999999998,6,976.02,move,improve
2879,6,996.6999999999998,6,976.02,swap,notBad
2880,6,996.6999999999998,6,976.02,move,improve
2881,6,996.6999999999998,6,976.02,2opt,notBad
2882,6,996.6999999999998,6,976.02,move,improve
2883,6,996.6999999999998,6,976.02,2opt,notBad
2884,6,990.31,6,976.02,move,improve
2885,6,1000.8299999999999,6,976.02,swap,acceptBad
2886,6,1000.8299999999999,6,976.02,2opt,notBad
2887,6,1000.8299999999999,6,976.02,move,improve
2888,6,990.8000000000001,6,976.02,move,improve
2889,6,990.8000000000001,6,976.02,move,improve
2890,6,990.8000000000001,6,976.02,2opt,notBad
2891,6,996.8600000000001,6,976.02,swap,acceptBad
2892,6,1004.46,6,976.02,swap,acceptBad
2893,6,1000.5000000000001,6,976.02,move,improve
2894,6,994.9,6,976.02,move,improve
2895,6,965.28,6,965.28,move,newBest
2896,6,965.8100000000002,6,965.28,swap,acceptBad
2897,6,965.8100000000002,6,965.28,2opt,notBad
2898,6,965.3100000000002,6,965.28,swap,improve
2899,6,966.5500000000001,6,965.28,swap,acceptBad
2900,6,965.9500000000002,6,965.28,move,improve
2901,6,965.9500000000002,6,965.28,swap,notBad
2902,6,965.9500000000002,6,965.28,2opt,notBad
2903,6,962.3700000000001,6,962.3700000000001,move,newBest
2904,6,962.3700000000001,6,962.3700000000001,swap,notBad
2905,6,961.7700000000001,6,961.7700000000001,move,newBest
2906,6,961.7700000000001,6,961.7700000000001,2opt,notBad
2907,6,957.8700000000001,6,957.8700000000001,move,newBest
2908,6,953.7500000000001,6,953.7500000000001,move,newBest
2909,6,953.7500000000001,6,953.7500000000001,2opt,notBad
2910,6,965.73,6,953.7500000000001,swap,acceptBad
2911,6,965.73,6,953.7500000000001,swap,notBad
2912,6,965.73,6,953.7500000000001,swap,notBad
2913,6,965.73,6,953.7500000000001,move,improve
2914,6,965.73,6,953.7500000000001,swap,notBad
2915,6,965.73,6,953.7500000000001,move,improve
2916,6,965.73,6,953.7500000000001,2opt,notBad
2917,6,958.1000000000001,6,953.7500000000001,move,improve
2918,6,960.38,6,953.7500000000001,swap,acceptBad
2919,6,954.5000000000001,6,953.7500000000001,move,improve
2920,6,954.5000000000001,6,953.7500000000001,swap,notBad
2921,6,953.26,6,953.26,move,newBest
2922,6,953.26,6,953.26,2opt,notBad
2923,6,938.39,6,938.39,move,newBest
2924,6,938.39,6,938.39,2opt,notBad
2925,6,938.39,6,938.39,2opt,notBad
2926,6,938.39,6,938.39,swap,notBad
2927,6,938.39,6,938.39,swap,notBad
2928,6,938.39,6,938.39,move,improve
2929,6,938.39,6,938.39,2opt,notBad
2930,6,938.39,6,938.39,move,improve
2931,6,938.39,6,938.39,move,improve
2932,6,938.39,6,938.39,2opt,notBad
2933,6,938.39,6,938.39,move,improve
2934,6,938.39,6,938.39,2opt,notBad
2935,6,938.39,6,938.39,swap,notBad
2936,6,938.39,6,938.39,swap,notBad
2937,6,938.39,6,938.39,2opt,notBad
2938,6,938.39,6,938.39,move,improve
2939,6,936.75,6,936.75,move,newBest
2940,6,940.43,6,936.75,swap,acceptBad
2941,6,940.43,6,936.75,swap,notBad
2942,6,940.43,6,936.75,2opt,notBad
2943,6,940.43,6,936.75,move,improve
2944,6,940.43,6,936.75,swap,notBad
2945,6,940.43,6,936.75,swap,notBad
2946,6,960.33,6,936.75,swap,acceptBad
2947,6,960.33,6,936.75,swap,notBad
2948,6,960.33,6,936.75,swap,notBad
2949,6,960.33,6,936.75,swap,notBad
2950,6,960.33,6,936.75,2opt,notBad
2951,6,960.33,6,936.75,move,improve
2952,6,960.33,6,936.75,swap,notBad
2953,6,960.33,6,936.75,swap,notBad
2954,6,959.45,6,936.75,swap,improve
2955,6,963.37,6,936.75,swap,acceptBad
2956,6,963.37,6,936.75,2opt,notBad
2957,6,963.37,6,936.75,2opt,notBad
2958,6,963.37,6,936.75,2opt,notBad
2959,6,963.37,6,936.75,2opt,notBad
2960,6,963.37,6,936.75,2opt,notBad
2961,6,963.37,6,936.75,move,improve
2962,6,963.37,6,936.75,swap,notBad
2963,6,940.3900000000001,6,936.75,move,improve
2964,6,940.3900000000001,6,936.75,swap,notBad
2965,6,940.3900000000001,6,936.75,move,improve
2966,6,940.3900000000001,6,936.75,move,improve
2967,6,931.3000000000001,6,931.3000000000001,move,newBest
2968,6,931.3000000000001,6,931.3000000000001,move,improve
2969,6,931.3000000000001,6,931.3000000000001,2opt,notBad
2970,6,931.3000000000001,6,931.3000000000001,2opt,notBad
2971,6,931.3000000000001,6,931.3000000000001,move,improve
2972,6,931.3000000000001,6,931.3000000000001,swap,notBad
2973,6,931.3000000000001,6,931.3000000000001,swap,notBad
2974,6,931.3000000000001,6,931.3000000000001,move,improve
2975,6,937.18,6,931.3000000000001,swap,acceptBad
2976,6,937.18,6,931.3000000000001,2opt,notBad
2977,6,937.18,6,931.3000000000001,swap,notBad
2978,6,937.18,6,931.3000000000001,move,improve
2979,6,937.18,6,931.3000000000001,2opt,notBad
2980,6,937.18,6,931.3000000000001,move,improve
2981,6,935.42,6,931.3000000000001,move,improve
2982,6,935.42,6,931.3000000000001,2opt,notBad
2983,6,930.72,6,930.72,move,newBest
2984,6,930.72,6,930.72,2opt,notBad
2985,6,930.72,6,930.72,2opt,notBad
2986,6,930.72,6,930.72,move,improve
2987,6,930.72,6,930.72,move,improve
2988,6,930.72,6,930.72,swap,notBad
2989,6,930.72,6,930.72,swap,notBad
2990,6,932.0799999999999,6,930.72,swap,acceptBad
2991,6,932.0799999999999,6,930.72,2opt,notBad
2992,6,929.28,6,929.28,move,newBest
2993,6,929.28,6,929.28,swap,notBad
2994,6,924.78,6,924.78,move,newBest
2995,6,924.78,6,924.78,swap,notBad
2996,6,924.78,6,924.78,move,improve
2997,6,924.78,6,924.78,move,improve
2998,6,924.78,6,924.78,move,improve
2999,6,924.78,6,924.78,2opt,notBad
3000,6,924.78,6,924.78,2opt,notBad
3001,6,924.78,6,924.78,move,improve
3002,6,924.78,6,924.78,move,improve
3003,6,924.78,6,924.78,swap,notBad
3004,6,924.78,6,924.78,move,improve
3005,6,924.78,6,924.78,swap,notBad
3006,6,924.78,6,924.78,2opt,notBad
3007,6,922.3799999999999,6,922.3799999999999,move,newBest
3008,6,922.3799999999999,6,922.3799999999999,2opt,notBad
3009,6,922.3799999999999,6,922.3799999999999,move,improve
3010,6,922.3799999999999,6,922.3799999999999,2opt,notBad
3011,6,922.3799999999999,6,922.3799999999999,move,improve
3012,6,922.3799999999999,6,922.3799999999999,2opt,notBad
3013,6,922.3799999999999,6,922.3799999999999,2opt,notBad
3014,6,922.3799999999999,6,922.3799999999999,swap,notBad
3015,6,922.3799999999999,6,922.3799999999999,2opt,notBad
3016,6,922.3799999999999,6,922.3799999999999,swap,notBad
3017,6,922.3799999999999,6,922.3799999999999,2opt,notBad
3018,6,922.3799999999999,6,922.3799999999999,move,improve
3019,6,922.3799999999999,6,922.3799999999999,swap,notBad
3020,6,922.3799999999999,6,922.3799999999999,swap,notBad
3021,6,922.3799999999999,6,922.3799999999999,swap,notBad
3022,6,922.3799999999999,6,922.3799999999999,swap,notBad
3023,6,922.3799999999999,6,922.3799999999999,2opt,improve
3024,6,922.3799999999999,6,922.3799999999999,2opt,notBad
3025,6,922.3799999999999,6,922.3799999999999,swap,notBad
3026,6,922.3799999999999,6,922.3799999999999,move,improve
3027,6,923.54,6,922.3799999999999,swap,acceptBad
3028,6,923.54,6,922.3799999999999,move,improve
3029,6,923.54,6,922.3799999999999,swap,notBad
3030,6,923.54,6,922.3799999999999,swap,notBad
3031,6,923.54,6,922.3799999999999,swap,notBad
3032,6,923.54,6,922.3799999999999,2opt,notBad
3033,6,923.54,6,922.3799999999999,2opt,notBad
3034,6,923.54,6,922.3799999999999,move,improve
3035,6,923.54,6,922.3799999999999,swap,notBad
3036,6,923.54,6,922.3799999999999,2opt,notBad
3037,6,923.54,6,922.3799999999999,swap,notBad
3038,6,923.54,6,922.3799999999999,swap,notBad
3039,6,923.54,6,922.3799999999999,move,improve
3040,6,923.4599999999999,6,922.3799999999999,move,improve
3041,6,923.4599999999999,6,922.3799999999999,move,improve
3042,6,923.4599999999999,6,922.3799999999999,move,improve
3043,6,919.4599999999999,6,919.4599999999999,move,newBest
3044,6,919.4599999999999,6,919.4599999999999,2opt,notBad
3045,6,920.18,6,919.4599999999999,swap,acceptBad
3046,6,920.18,6,919.4599999999999,move,improve
3047,6,920.18,6,919.4599999999999,2opt,notBad
3048,6,920.18,6,919.4599999999999,swap,notBad
3049,6,920.18,6,919.4599999999999,move,improve
3050,6,920.18,6,919.4599999999999,move,improve
3051,6,925.31,6,919.4599999999999,swap,acceptBad
3052,6,924.35,6,919.4599999999999,move,improve
3053,6,924.35,6,919.4599999999999,swap,notBad
3054,6,924.35,6,919.4599999999999,2opt,notBad
3055,6,924.35,6,919.4599999999999,2opt,notBad
3056,6,924.35,6,919.4599999999999,2opt,notBad
3057,6,920.51,6,919.4599999999999,move,improve
3058,6,920.51,6,919.4599999999999,2opt,notBad
3059,6,920.51,6,919.4599999999999,swap,notBad
3060,6,920.51,6,919.4599999999999,move,improve
3061,6,920.51,6,919.4599999999999,2opt,notBad
3062,6,920.51,6,919.4599999999999,move,improve
3063,6,920.51,6,919.4599999999999,move,improve
3064,6,920.51,6,919.4599999999999,swap,notBad
3065,6,920.51,6,919.4599999999999,swap,notBad
3066,6,920.51,6,919.4599999999999,2opt,notBad
3067,6,920.51,6,919.4599999999999,swap,notBad
3068,6,920.51,6,919.4599999999999,2opt,notBad
3069,6,920.51,6,919.4599999999999,2opt,notBad
3070,6,920.51,6,919.4599999999999,2opt,notBad
3071,6,920.51,6,919.4599999999999,2opt,notBad
3072,6,920.51,6,919.4599999999999,2opt,notBad
3073,6,920.07,6,919.4599999999999,move,improve
3074,6,920.07,6,919.4599999999999,swap,notBad
3075,6,916.95,6,916.95,move,newBest
3076,6,916.95,6,916.95,swap,notBad
3077,6,916.95,6,916.95,swap,notBad
3078,6,916.95,6,916.95,2opt,notBad
3079,6,916.95,6,916.95,move,improve
3080,6,916.95,6,916.95,2opt,notBad
3081,6,916.95,6,916.95,swap,notBad
3082,6,916.95,6,916.95,swap,notBad
3083,6,916.95,6,916.95,2opt,notBad
3084,6,916.95,6,916.95,swap,notBad
3085,6,916.95,6,916.95,move,improve
3086,6,916.95,6,916.95,2opt,notBad
3087,6,916.95,6,916.95,2opt,notBad
3088,6,916.95,6,916.95,move,improve
3089,6,916.95,6,916.95,move,improve
3090,6,916.95,6,916.95,2opt,notBad
3091,6,916.95,6,916.95,swap,notBad
3092,6,912.27,6,912.27,move,newBest
3093,6,912.27,6,912.27,move,improve
3094,6,912.27,6,912.27,move,improve
3095,6,912.27,6,912.27,swap,notBad
3096,6,912.27,6,912.27,swap,notBad
3097,6,912.27,6,912.27,2opt,notBad
3098,6,912.27,6,912.27,swap,notBad
3099,6,912.27,6,912.27,move,improve
3100,6,912.27,6,912.27,move,improve
3101,6,912.27,6,912.27,swap,notBad
3102,6,912.27,6,912.27,move,improve
3103,6,912.27,6,912.27,2opt,notBad
3104,6,912.27,6,912.27,2opt,notBad
3105,6,912.27,6,912.27,swap,notBad
3106,6,912.27,6,912.27,2opt,notBad
3107,6,912.27,6,912.27,swap,notBad
3108,6,912.27,6,912.27,move,improve
3109,6,912.27,6,912.27,swap,notBad
3110,6,912.27,6,912.27,2opt,notBad
3111,6,912.27,6,912.27,2opt,notBad
3112,6,911.87,6,911.87,move,newBest
3113,6,911.87,6,911.87,2opt,notBad
3114,6,911.87,6,911.87,swap,notBad
3115,6,911.87,6,911.87,2opt,notBad
3116,6,911.87,6,911.87,2opt,notBad
3117,6,911.87,6,911.87,swap,notBad
3118,6,911.87,6,911.87,move,improve
3119,6,911.87,6,911.87,swap,notBad
3120,6,921.8700000000001,6,911.87,swap,acceptBad
3121,6,918.99,6,911.87,move,improve
3122,6,918.99,6,911.87,move,improve
3123,6,918.99,6,911.87,2opt,notBad
3124,6,918.99,6,911.87,2opt,notBad
3125,6,918.99,6,911.87,swap,notBad
3126,6,918.99,6,911.87,swap,notBad
3127,6,918.99,6,911.87,move,improve
3128,6,918.99,6,911.87,swap,notBad
3129,6,918.99,6,911.87,move,improve
3130,6,918.99,6,911.87,2opt,notBad
3131,6,918.99,6,911.87,2opt,notBad
3132,6,918.99,6,911.87,2opt,notBad
3133,6,926.83,6,911.87,2opt,acceptBad
3134,6,957.7800000000001,6,911.87,swap,acceptBad
3135,6,957.7800000000001,6,911.87,2opt,notBad
3136,6,957.7800000000001,6,911.87,swap,notBad
3137,6,971.7600000000001,6,911.87,swap,acceptBad
3138,6,971.7600000000001,6,911.87,swap,notBad
3139,6,971.7600000000001,6,911.87,swap,notBad
3140,6,971.7600000000001,6,911.87,move,improve
3141,6,971.7600000000001,6,911.87,2opt,notBad
3142,6,968.5200000000001,6,911.87,move,improve
3143,6,968.46,6,911.87,move,improve
3144,6,965.2600000000001,6,911.87,move,improve
3145,6,975.96,6,911.87,2opt,acceptBad
3146,6,975.96,6,911.87,2opt,notBad
3147,6,975.96,6,911.87,2opt,notBad
3148,6,975.96,6,911.87,move,improve
3149,6,975.96,6,911.87,move,improve
3150,6,975.96,6,911.87,2opt,notBad
3151,6,975.96,6,911.87,swap,notBad
3152,6,975.96,6,911.87,swap,notBad
3153,6,975.96,6,911.87,2opt,notBad
3154,6,975.96,6,911.87,move,improve
3155,6,975.96,6,911.87,swap,notBad
3156,6,975.96,6,911.87,move,improve
3157,6,975.96,6,911.87,2opt,notBad
3158,6,975.96,6,911.87,move,improve
3159,6,975.96,6,911.87,move,improve
3160,6,971.7,6,911.87,move,improve
3161,6,978.4800000000001,6,911.87,swap,acceptBad
3162,6,949.5500000000001,6,911.87,move,improve
3163,6,949.5500000000001,6,911.87,move,improve
3164,6,949.5500000000001,6,911.87,2opt,notBad
3165,6,949.5500000000001,6,911.87,move,improve
3166,6,949.5500000000001,6,911.87,2opt,notBad
3167,6,945.4100000000002,6,911.87,move,improve
3168,6,945.4100000000002,6,911.87,move,improve
3169,6,945.4100000000002,6,911.87,2opt,notBad
3170,6,945.4100000000002,6,911.87,swap,notBad
3171,6,945.4100000000002,6,911.87,swap,notBad
3172,6,945.4100000000002,6,911.87,2opt,notBad
3173,6,945.4100000000002,6,911.87,2opt,notBad
3174,6,945.4100000000002,6,911.87,swap,notBad
3175,6,945.4100000000002,6,911.87,2opt,notBad
3176,6,945.4100000000002,6,911.87,swap,notBad
3177,6,945.4100000000002,6,911.87,swap,notBad
3178,6,937.8100000000002,6,911.87,move,improve
3179,6,937.8100000000002,6,911.87,swap,notBad
3180,6,937.8100000000002,6,911.87,move,improve
3181,5,855.13,5,855.13,2opt,newBest
3182,5,853.8700000000001,5,853.8700000000001,move,newBest
3183,5,853.8700000000001,5,853.8700000000001,swap,notBad
3184,5,852.4300000000001,5,852.4300000000001,move,newBest
3185,5,851.9800000000001,5,851.9800000000001,move,newBest
3186,5,851.9800000000001,5,851.9800000000001,2opt,notBad
3187,5,851.9800000000001,5,851.9800000000001,move,improve
3188,5,851.9800000000001,5,851.9800000000001,2opt,notBad
3189,5,850.01,5,850.01,move,newBest
3190,5,850.01,5,850.01,swap,notBad
3191,5,850.01,5,850.01,2opt,notBad
3192,5,849.95,5,849.95,move,newBest
3193,5,849.95,5,849.95,swap,notBad
3194,5,849.95,5,849.95,swap,notBad
3195,5,849.95,5,849.95,2opt,notBad
3196,5,849.95,5,849.95,2opt,notBad
3197,5,849.95,5,849.95,swap,notBad
3198,5,849.95,5,849.95,2opt,improve
3199,5,849.95,5,849.95,swap,notBad
3200,5,849.95,5,849.95,2opt,notBad
3201,5,849.95,5,849.95,move,improve
3202,5,847.5999999999999,5,847.5999999999999,move,newBest
3203,5,844.85,5,844.85,move,newBest
3204,5,844.85,5,844.85,move,improve
3205,5,842.1100000000001,5,842.1100000000001,move,newBest
3206,5,842.1100000000001,5,842.1100000000001,2opt,improve
3207,5,842.1100000000001,5,842.1100000000001,swap,notBad
3208,5,842.1100000000001,5,842.1100000000001,2opt,notBad
3209,5,842.1100000000001,5,842.1100000000001,move,improve
3210,5,842.83,5,842.1100000000001,swap,acceptBad
3211,5,842.83,5,842.1100000000001,2opt,notBad
3212,5,842.6500000000001,5,842.1100000000001,move,improve
3213,5,842.6500000000001,5,842.1100000000001,2opt,notBad
3214,5,842.6500000000001,5,842.1100000000001,swap,notBad
3215,5,842.6500000000001,5,842.1100000000001,move,improve
3216,5,842.6500000000001,5,842.1100000000001,move,improve
3217,5,842.6500000000001,5,842.1100000000001,swap,notBad
3218,5,842.6500000000001,5,842.1100000000001,swap,notBad
3219,5,842.6500000000001,5,842.1100000000001,2opt,notBad
3220,5,842.6500000000001,5,842.1100000000001,move,improve
3221,5,842.6500000000001,5,842.1100000000001,2opt,notBad
3222,5,842.6500000000001,5,842.1100000000001,swap,notBad
3223,5,841.9300000000002,5,841.9300000000002,move,newBest
3224,5,841.9300000000002,5,841.9300000000002,2opt,notBad
3225,5,841.9300000000002,5,841.9300000000002,2opt,notBad
3226,5,841.9300000000002,5,841.9300000000002,2opt,notBad
3227,5,841.9300000000002,5,841.9300000000002,swap,notBad
3228,5,841.9300000000002,5,841.9300000000002,swap,notBad
3229,5,841.9300000000002,5,841.9300000000002,swap,notBad
3230,5,841.6600000000001,5,841.6600000000001,move,newBest
3231,5,882.7,5,841.6600000000001,swap,acceptBad
3232,5,882.7,5,841.6600000000001,swap,notBad
3233,5,882.7,5,841.6600000000001,2opt,notBad
3234,5,882.0400000000001,5,841.6600000000001,move,improve
3235,5,882.0400000000001,5,841.6600000000001,2opt,notBad
3236,5,882.0400000000001,5,841.6600000000001,move,improve
3237,5,879.06,5,841.6600000000001,move,improve
3238,5,879.06,5,841.6600000000001,swap,notBad
3239,5,879.06,5,841.6600000000001,move,improve
3240,5,879.06,5,841.6600000000001,2opt,notBad
3241,5,879.06,5,841.6600000000001,2opt,notBad
3242,5,879.06,5,841.6600000000001,move,improve
3243,5,879.06,5,841.6600000000001,swap,notBad
3244,5,879.06,5,841.6600000000001,2opt,notBad
3245,5,879.06,5,841.6600000000001,swap,notBad
3246,5,879.06,5,841.6600000000001,2opt,notBad
3247,5,828.9300000000002,5,828.9300000000002,move,newBest
3248,5,828.9300000000002,5,828.9300000000002,2opt,notBad
3249,5,823.3700000000002,5,823.3700000000002,move,newBest
3250,5,823.3700000000002,5,823.3700000000002,2opt,notBad
3251,5,823.3700000000002,5,823.3700000000002,swap,notBad
3252,5,810.6500000000002,5,810.6500000000002,move,newBest
3253,5,810.6500000000002,5,810.6500000000002,swap,notBad
3254,5,810.6500000000002,5,810.6500000000002,swap,notBad
3255,5,811.0500000000002,5,810.6500000000002,swap,acceptBad
3256,5,811.0500000000002,5,810.6500000000002,2opt,notBad
3257,5,811.0500000000002,5,810.6500000000002,swap,notBad
3258,5,809.2500000000001,5,809.2500000000001,move,newBest
3259,5,809.2500000000001,5,809.2500000000001,2opt,notBad
3260,5,809.2500000000001,5,809.2500000000001,2opt,notBad
3261,5,809.2500000000001,5,809.2500000000001,swap,notBad
3262,5,809.2500000000001,5,809.2500000000001,2opt,notBad
3263,5,809.2500000000001,5,809.2500000000001,swap,notBad
3264,5,806.91,5,806.91,2opt,newBest
3265,5,806.91,5,806.91,move,improve
3266,5,806.91,5,806.91,swap,notBad
3267,5,806.91,5,806.91,2opt,notBad
3268,5,806.91,5,806.91,2opt,notBad
3269,5,806.91,5,806.91,move,improve
3270,5,806.91,5,806.91,swap,notBad
3271,5,806.91,5,806.91,swap,notBad
3272,5,806.91,5,806.91,move,improve
3273,5,806.91,5,806.91,2opt,improve
3274,5,806.91,5,806.91,move,improve
3275,5,806.91,5,806.91,2opt,notBad
3276,5,806.91,5,806.91,move,improve
3277,5,806.91,5,806.91,2opt,notBad
3278,5,806.91,5,806.91,2opt,notBad
3279,5,806.91,5,806.91,move,improve
3280,5,806.91,5,806.91,swap,notBad
3281,5,806.91,5,806.91,move,improve
3282,5,806.91,5,806.91,2opt,notBad
3283,5,806.91,5,806.91,move,improve
3284,5,806.91,5,806.91,2opt,notBad
3285,5,806.91,5,806.91,move,improve
3286,5,806.91,5,806.91,2opt,notBad
3287,5,806.91,5,806.91,swap,notBad
3288,5,806.91,5,806.91,swap,notBad
3289,5,806.91,5,806.91,swap,notBad
3290,5,806.91,5,806.91,2opt,notBad
3291,5,806.91,5,806.91,swap,notBad
3292,5,806.91,5,806.91,2opt,notBad
3293,5,806.91,5,806.91,2opt,notBad
3294,5,806.91,5,806.91,move,improve
3295,5,806.91,5,806.91,swap,notBad
3296,5,806.91,5,806.91,move,improve
3297,5,806.91,5,806.91,move,improve
3298,5,806.91,5,806.91,2opt,notBad
3299,5,806.91,5,806.91,swap,notBad
3300,5,806.91,5,806.91,swap,notBad
3301,5,806.91,5,806.91,2opt,notBad
3302,5,806.91,5,806.91,2opt,notBad
3303,5,806.91,5,806.91,swap,notBad
3304,5,806.91,5,806.91,2opt,notBad
3305,5,816.2699999999999,5,806.91,swap,acceptBad
3306,5,813.7199999999999,5,806.91,swap,improve
3307,5,813.7199999999999,5,806.91,2opt,notBad
3308,5,813.7199999999999,5,806.91,swap,notBad
3309,5,813.7199999999999,5,806.91,swap,notBad
3310,5,813.7199999999999,5,806.91,2opt,notBad
3311,5,813.7199999999999,5,806.91,swap,notBad
3312,5,813.7199999999999,5,806.91,2opt,notBad
3313,5,812.0,5,806.91,move,improve
3314,5,812.0,5,806.91,swap,notBad
3315,5,812.0,5,806.91,swap,notBad
3316,5,812.0,5,806.91,2opt,notBad
3317,5,812.0,5,806.91,move,improve
3318,5,812.0,5,806.91,2opt,notBad
3319,5,807.41,5,806.91,move,improve
3320,5,804.3800000000001,5,804.3800000000001,move,newBest
3321,5,804.3800000000001,5,804.3800000000001,2opt,notBad
3322,5,804.3800000000001,5,804.3800000000001,move,improve
3323,5,802.01,5,802.01,move,newBest
3324,5,802.01,5,802.01,swap,notBad
3325,5,802.01,5,802.01,2opt,notBad
3326,5,802.01,5,802.01,swap,notBad
3327,5,802.01,5,802.01,move,improve
3328,5,802.01,5,802.01,2opt,notBad
3329,5,802.01,5,802.01,swap,notBad
3330,5,809.48,5,802.01,swap,acceptBad
3331,5,809.48,5,802.01,2opt,notBad
3332,5,809.48,5,802.01,move,improve
3333,5,809.48,5,802.01,swap,notBad
3334,5,809.48,5,802.01,2opt,notBad
3335,5,809.48,5,802.01,swap,notBad
3336,5,809.48,5,802.01,move,improve
3337,5,809.48,5,802.01,swap,notBad
3338,5,807.05,5,802.01,move,improve
3339,5,807.05,5,802.01,swap,notBad
3340,5,807.05,5,802.01,2opt,notBad
3341,5,807.05,5,802.01,2opt,notBad
3342,5,807.05,5,802.01,move,improve
3343,5,807.05,5,802.01,move,improve
3344,5,807.05,5,802.01,2opt,notBad
3345,5,805.98,5,802.01,move,improve
3346,5,805.98,5,802.01,2opt,improve
3347,5,801.75,5,801.75,move,newBest
3348,5,801.75,5,801.75,move,improve
3349,5,799.74,5,799.74,move,newBest
3350,5,799.74,5,799.74,move,improve
3351,5,799.74,5,799.74,2opt,notBad
3352,5,799.74,5,799.74,swap,notBad
3353,5,799.74,5,799.74,2opt,notBad
3354,5,799.74,5,799.74,move,improve
3355,5,799.74,5,799.74,move,improve
3356,5,799.74,5,799.74,swap,notBad
3357,5,799.74,5,799.74,swap,notBad
3358,5,799.74,5,799.74,swap,notBad
3359,5,799.74,5,799.74,swap,notBad
3360,5,798.21,5,798.21,move,newBest
3361,5,798.21,5,798.21,move,improve
3362,5,798.21,5,798.21,swap,notBad
3363,5,798.21,5,798.21,2opt,notBad
3364,5,798.21,5,798.21,2opt,notBad
3365,5,798.21,5,798.21,swap,notBad
3366,5,798.21,5,798.21,swap,notBad
3367,5,798.21,5,798.21,2opt,notBad
3368,5,798.21,5,798.21,move,improve
3369,5,798.21,5,798.21,2opt,notBad
3370,5,809.1,5,798.21,swap,acceptBad
3371,5,825.98,5,798.21,swap,acceptBad
3372,5,825.98,5,798.21,move,improve
3373,5,822.56,5,798.21,move,improve
3374,5,822.56,5,798.21,2opt,notBad
3375,5,821.67,5,798.21,move,improve
3376,5,821.67,5,798.21,move,improve
3377,5,826.1399999999999,5,798.21,swap,acceptBad
3378,5,826.1399999999999,5,798.21,move,improve
3379,5,826.1399999999999,5,798.21,2opt,notBad
3380,5,826.1399999999999,5,798.21,2opt,notBad
3381,5,825.0399999999998,5,798.21,move,improve
3382,5,825.0399999999998,5,798.21,move,improve
3383,5,825.0399999999998,5,798.21,move,improve
3384,5,825.0399999999998,5,798.21,move,improve
3385,5,825.0399999999998,5,798.21,swap,notBad
3386,5,825.0399999999998,5,798.21,swap,notBad
3387,5,825.0399999999998,5,798.21,2opt,notBad
3388,5,820.2699999999999,5,798.21,move,improve
3389,5,820.2699999999999,5,798.21,swap,notBad
3390,5,820.2699999999999,5,798.21,move,improve
3391,5,820.2699999999999,5,798.21,move,improve
3392,5,820.2699999999999,5,798.21,move,improve
3393,5,820.2699999999999,5,798.21,swap,notBad
3394,5,820.2699999999999,5,798.21,swap,notBad
3395,5,820.2699999999999,5,798.21,move,improve
3396,5,815.8699999999999,5,798.21,move,improve
3397,5,815.8699999999999,5,798.21,2opt,notBad
3398,5,815.7999999999998,5,798.21,move,improve
3399,5,823.2099999999998,5,798.21,swap,acceptBad
3400,5,823.2099999999998,5,798.21,2opt,notBad
3401,5,823.2099999999998,5,798.21,swap,notBad
3402,5,823.2099999999998,5,798.21,2opt,notBad
3403,5,817.9999999999999,5,798.21,move,improve
3404,5,817.9999999999999,5,798.21,2opt,notBad
3405,5,809.5099999999998,5,798.21,move,improve
3406,5,809.5099999999998,5,798.21,move,improve
3407,5,807.8,5,798.21,move,improve
3408,5,807.8,5,798.21,move,improve
3409,5,815.7100000000002,5,798.21,swap,acceptBad
3410,5,812.0600000000001,5,798.21,move,improve
3411,5,812.0600000000001,5,798.21,2opt,notBad
3412,5,775.59,5,775.59,move,newBest
3413,5,775.59,5,775.59,swap,notBad
3414,5,775.59,5,775.59,move,improve
3415,5,775.59,5,775.59,move,improve
3416,5,775.59,5,775.59,2opt,notBad
3417,5,775.59,5,775.59,2opt,notBad
3418,5,775.59,5,775.59,2opt,notBad
3419,5,775.59,5,775.59,move,improve
3420,5,775.48,5,775.48,move,newBest
3421,5,775.48,5,775.48,2opt,notBad
3422,5,775.48,5,775.48,swap,notBad
3423,5,788.88,5,775.48,swap,acceptBad
3424,5,788.88,5,775.48,swap,notBad
3425,5,788.88,5,775.48,swap,notBad
3426,5,788.88,5,775.48,move,improve
3427,5,788.7900000000001,5,775.48,move,improve
3428,5,784.2900000000001,5,775.48,move,improve
3429,5,784.2900000000001,5,775.48,2opt,notBad
3430,5,784.2900000000001,5,775.48,swap,notBad
3431,5,784.2900000000001,5,775.48,2opt,notBad
3432,5,784.2900000000001,5,775.48,2opt,notBad
3433,5,784.2900000000001,5,775.48,move,improve
3434,5,784.2900000000001,5,775.48,2opt,notBad
3435,5,784.2900000000001,5,775.48,2opt,notBad
3436,5,784.0400000000001,5,775.48,move,improve
3437,5,784.0400000000001,5,775.48,swap,notBad
3438,5,784.0400000000001,5,775.48,move,improve
3439,5,779.3500000000001,5,775.48,move,improve
3440,5,779.3500000000001,5,775.48,swap,notBad
3441,5,772.0500000000002,5,772.0500000000002,swap,newBest
3442,5,772.0500000000002,5,772.0500000000002,2opt,notBad
3443,5,772.0500000000002,5,772.0500000000002,move,improve
3444,5,772.0500000000002,5,772.0500000000002,2opt,notBad
3445,5,772.0500000000002,5,772.0500000000002,2opt,notBad
3446,5,772.0500000000002,5,772.0500000000002,move,improve
3447,5,772.0500000000002,5,772.0500000000002,swap,notBad
3448,5,772.0500000000002,5,772.0500000000002,2opt,notBad
3449,5,772.0500000000002,5,772.0500000000002,move,improve
3450,5,772.0500000000002,5,772.0500000000002,swap,notBad
3451,5,772.0500000000002,5,772.0500000000002,2opt,notBad
3452,5,769.7400000000002,5,769.7400000000002,move,newBest
3453,5,769.7400000000002,5,769.7400000000002,move,improve
3454,5,769.7400000000002,5,769.7400000000002,2opt,notBad
3455,5,769.7400000000002,5,769.7400000000002,swap,notBad
3456,5,769.7400000000002,5,769.7400000000002,2opt,notBad
3457,5,769.7400000000002,5,769.7400000000002,swap,notBad
3458,5,769.7400000000002,5,769.7400000000002,2opt,notBad
3459,5,769.7400000000002,5,769.7400000000002,move,improve
3460,5,769.7400000000002,5,769.7400000000002,move,improve
3461,5,769.7400000000002,5,769.7400000000002,2opt,notBad
3462,5,769.7400000000002,5,769.7400000000002,swap,notBad
3463,5,769.7400000000002,5,769.7400000000002,swap,notBad
3464,5,769.7400000000002,5,769.7400000000002,2opt,notBad
3465,5,769.7400000000002,5,769.7400000000002,swap,notBad
3466,5,769.7400000000002,5,769.7400000000002,move,improve
3467,5,769.7400000000002,5,769.7400000000002,2opt,notBad
3468,5,768.0500000000002,5,768.0500000000002,move,newBest
3469,5,768.0500000000002,5,768.0500000000002,swap,notBad
3470,5,768.0500000000002,5,768.0500000000002,2opt,notBad
3471,5,768.0500000000002,5,768.0500000000002,swap,notBad
3472,5,768.0500000000002,5,768.0500000000002,move,improve
3473,5,768.0500000000002,5,768.0500000000002,2opt,notBad
3474,5,768.0500000000002,5,768.0500000000002,2opt,notBad
3475,5,765.9900000000001,5,765.9900000000001,move,newBest
3476,5,765.9900000000001,5,765.9900000000001,swap,notBad
3477,5,765.9900000000001,5,765.9900000000001,swap,notBad
3478,5,765.9900000000001,5,765.9900000000001,move,improve
3479,5,765.9900000000001,5,765.9900000000001,2opt,improve
3480,5,765.6300000000002,5,765.6300000000002,move,newBest
3481,5,765.6300000000002,5,765.6300000000002,swap,notBad
3482,5,765.6300000000002,5,765.6300000000002,swap,notBad
3483,5,765.6300000000002,5,765.6300000000002,swap,notBad
3484,5,765.6300000000002,5,765.6300000000002,2opt,notBad
3485,5,765.6300000000002,5,765.6300000000002,swap,notBad
3486,5,765.6300000000002,5,765.6300000000002,2opt,improve
3487,5,766.3500000000001,5,765.6300000000002,swap,acceptBad
3488,5,766.3500000000001,5,765.6300000000002,2opt,notBad
3489,5,766.3500000000001,5,765.6300000000002,2opt,notBad
3490,5,766.3500000000001,5,765.6300000000002,move,improve
3491,5,766.3500000000001,5,765.6300000000002,move,improve
3492,5,766.3500000000001,5,765.6300000000002,swap,notBad
3493,5,766.3500000000001,5,765.6300000000002,2opt,improve
3494,5,766.3500000000001,5,765.6300000000002,move,improve
3495,5,766.3500000000001,5,765.6300000000002,2opt,notBad
3496,5,766.3500000000001,5,765.6300000000002,swap,notBad
3497,5,766.3500000000001,5,765.6300000000002,swap,notBad
3498,5,766.3500000000001,5,765.6300000000002,2opt,notBad
3499,5,766.3500000000001,5,765.6300000000002,move,improve
3500,5,766.3500000000001,5,765.6300000000002,move,improve
3501,5,766.3500000000001,5,765.6300000000002,move,improve
3502,5,766.3500000000001,5,765.6300000000002,swap,notBad
3503,5,766.3500000000001,5,765.6300000000002,swap,notBad
3504,5,766.3500000000001,5,765.6300000000002,2opt,notBad
3505,5,766.3500000000001,5,765.6300000000002,move,improve
3506,5,766.3500000000001,5,765.6300000000002,move,improve
3507,5,771.57,5,765.6300000000002,swap,acceptBad
3508,5,771.57,5,765.6300000000002,2opt,notBad
3509,5,770.45,5,765.6300000000002,swap,improve
3510,5,770.45,5,765.6300000000002,2opt,notBad
3511,5,770.45,5,765.6300000000002,2opt,notBad
3512,5,770.45,5,765.6300000000002,2opt,notBad
3513,5,770.45,5,765.6300000000002,swap,notBad
3514,5,770.45,5,765.6300000000002,2opt,notBad
3515,5,770.45,5,765.6300000000002,2opt,notBad
3516,5,770.45,5,765.6300000000002,swap,notBad
3517,5,787.9100000000001,5,765.6300000000002,swap,acceptBad
3518,5,787.9100000000001,5,765.6300000000002,swap,notBad
3519,5,787.9100000000001,5,765.6300000000002,move,improve
3520,5,787.9100000000001,5,765.6300000000002,move,improve
3521,5,789.7300000000001,5,765.6300000000002,swap,acceptBad
3522,5,791.5500000000002,5,765.6300000000002,swap,acceptBad
3523,5,791.5500000000002,5,765.6300000000002,swap,notBad
3524,5,791.5500000000002,5,765.6300000000002,2opt,notBad
3525,5,791.5500000000002,5,765.6300000000002,swap,notBad
3526,5,791.5500000000002,5,765.6300000000002,2opt,notBad
3527,5,791.5500000000002,5,765.6300000000002,2opt,notBad
3528,5,791.5500000000002,5,765.6300000000002,swap,notBad
3529,5,791.5500000000002,5,765.6300000000002,move,improve
3530,5,788.94,5,765.6300000000002,move,improve
3531,5,788.94,5,765.6300000000002,2opt,notBad
3532,5,788.94,5,765.6300000000002,2opt,notBad
3533,5,788.94,5,765.6300000000002,2opt,notBad
3534,5,790.7400000000001,5,765.6300000000002,swap,acceptBad
3535,5,790.7400000000001,5,765.6300000000002,2opt,notBad
3536,5,790.7400000000001,5,765.6300000000002,move,improve
3537,5,790.7400000000001,5,765.6300000000002,move,improve
3538,5,790.7400000000001,5,765.6300000000002,2opt,notBad
3539,5,790.7400000000001,5,765.6300000000002,2opt,improve
3540,5,790.7400000000001,5,765.6300000000002,2opt,notBad
3541,5,790.7400000000001,5,765.6300000000002,swap,notBad
3542,5,790.7400000000001,5,765.6300000000002,2opt,notBad
3543,5,786.6200000000001,5,765.6300000000002,2opt,improve
3544,5,786.6200000000001,5,765.6300000000002,swap,notBad
3545,5,786.6200000000001,5,765.6300000000002,2opt,notBad
3546,5,797.4000000000001,5,765.6300000000002,swap,acceptBad
3547,5,797.4000000000001,5,765.6300000000002,swap,notBad
3548,5,797.4000000000001,5,765.6300000000002,swap,notBad
3549,5,797.4000000000001,5,765.6300000000002,swap,notBad
3550,5,796.77,5,765.6300000000002,move,improve
3551,5,796.77,5,765.6300000000002,swap,notBad
3552,5,796.77,5,765.6300000000002,swap,notBad
3553,5,796.77,5,765.6300000000002,swap,notBad
3554,5,796.77,5,765.6300000000002,swap,notBad
3555,5,796.77,5,765.6300000000002,2opt,notBad
3556,5,811.0500000000001,5,765.6300000000002,swap,acceptBad
3557,5,811.0500000000001,5,765.6300000000002,swap,notBad
3558,5,811.0500000000001,5,765.6300000000002,2opt,notBad
3559,5,811.0500000000001,5,765.6300000000002,swap,notBad
3560,5,811.0500000000001,5,765.6300000000002,swap,notBad
3561,5,811.0500000000001,5,765.6300000000002,2opt,notBad
3562,5,810.0000000000002,5,765.6300000000002,move,improve
3563,5,810.0000000000002,5,765.6300000000002,swap,notBad
3564,5,810.0000000000002,5,765.6300000000002,2opt,notBad
3565,5,810.0000000000002,5,765.6300000000002,2opt,notBad
3566,5,810.0000000000002,5,765.6300000000002,move,improve
3567,5,810.0000000000002,5,765.6300000000002,move,improve
3568,5,810.0000000000002,5,765.6300000000002,2opt,notBad
3569,5,810.0000000000002,5,765.6300000000002,swap,notBad
3570,5,797.07,5,765.6300000000002,move,improve
3571,5,797.07,5,765.6300000000002,2opt,notBad
3572,5,797.07,5,765.6300000000002,move,improve
3573,5,797.07,5,765.6300000000002,2opt,notBad
3574,5,797.07,5,765.6300000000002,2opt,notBad
3575,5,797.07,5,765.6300000000002,move,improve
3576,5,810.9100000000001,5,765.6300000000002,swap,acceptBad
3577,5,800.83,5,765.6300000000002,move,improve
3578,5,800.83,5,765.6300000000002,swap,notBad
3579,5,800.83,5,765.6300000000002,2opt,notBad
3580,5,800.83,5,765.6300000000002,swap,notBad
3581,5,800.83,5,765.6300000000002,2opt,notBad
3582,5,800.83,5,765.6300000000002,2opt,notBad
3583,5,799.01,5,765.6300000000002,move,improve
3584,5,799.01,5,765.6300000000002,move,improve
3585,5,796.2200000000001,5,765.6300000000002,move,improve
3586,5,793.58,5,765.6300000000002,move,improve
3587,5,793.58,5,765.6300000000002,move,improve
3588,5,793.1300000000001,5,765.6300000000002,swap,improve
3589,5,793.1300000000001,5,765.6300000000002,2opt,notBad
3590,5,793.1300000000001,5,765.6300000000002,swap,notBad
3591,5,793.1300000000001,5,765.6300000000002,move,improve
3592,5,793.1300000000001,5,765.6300000000002,2opt,notBad
3593,5,793.1300000000001,5,765.6300000000002,2opt,notBad
3594,5,793.1300000000001,5,765.6300000000002,swap,notBad
3595,5,792.8799999999999,5,765.6300000000002,move,improve
3596,5,792.8799999999999,5,765.6300000000002,move,improve
3597,5,792.8799999999999,5,765.6300000000002,move,improve
3598,5,807.7500000000001,5,765.6300000000002,swap,acceptBad
3599,5,807.7500000000001,5,765.6300000000002,2opt,notBad
3600,5,804.16,5,765.6300000000002,move,improve
3601,5,805.87,5,765.6300000000002,swap,acceptBad
3602,5,805.87,5,765.6300000000002,2opt,notBad
3603,5,805.87,5,765.6300000000002,swap,notBad
3604,5,805.87,5,765.6300000000002,2opt,notBad
3605,5,805.87,5,765.6300000000002,2opt,notBad
3606,5,805.87,5,765.6300000000002,2opt,notBad
3607,5,805.87,5,765.6300000000002,2opt,notBad
3608,5,805.87,5,765.6300000000002,2opt,notBad
3609,5,805.87,5,765.6300000000002,2opt,notBad
3610,5,805.87,5,765.6300000000002,swap,notBad
3611,5,805.87,5,765.6300000000002,move,improve
3612,5,805.87,5,765.6300000000002,swap,notBad
3613,5,805.87,5,765.6300000000002,swap,notBad
3614,5,805.87,5,765.6300000000002,2opt,notBad
3615,5,805.87,5,765.6300000000002,2opt,improve
3616,5,805.87,5,765.6300000000002,move,improve
3617,5,805.87,5,765.6300000000002,2opt,notBad
3618,5,805.87,5,765.6300000000002,2opt,notBad
3619,5,805.87,5,765.6300000000002,swap,notBad
3620,5,827.88,5,765.6300000000002,swap,acceptBad
3621,5,829.2,5,765.6300000000002,swap,acceptBad
3622,5,828.3000000000001,5,765.6300000000002,move,improve
3623,5,828.3000000000001,5,765.6300000000002,swap,notBad
3624,5,825.5400000000001,5,765.6300000000002,move,improve
3625,5,825.5400000000001,5,765.6300000000002,2opt,notBad
3626,5,825.5400000000001,5,765.6300000000002,move,improve
3627,5,825.5400000000001,5,765.6300000000002,2opt,notBad
3628,5,826.8900000000001,5,765.6300000000002,swap,acceptBad
3629,5,826.8900000000001,5,765.6300000000002,swap,notBad
3630,5,826.8900000000001,5,765.6300000000002,2opt,notBad
3631,5,826.8900000000001,5,765.6300000000002,move,improve
3632,5,826.8900000000001,5,765.6300000000002,2opt,improve
3633,5,826.8900000000001,5,765.6300000000002,swap,notBad
3634,5,826.5300000000002,5,765.6300000000002,move,improve
3635,5,826.5300000000002,5,765.6300000000002,swap,notBad
3636,5,826.5300000000002,5,765.6300000000002,swap,notBad
3637,5,826.5300000000002,5,765.6300000000002,2opt,notBad
3638,5,829.8300000000002,5,765.6300000000002,swap,acceptBad
3639,5,826.5700000000002,5,765.6300000000002,move,improve
3640,5,826.5700000000002,5,765.6300000000002,swap,notBad
3641,5,826.5700000000002,5,765.6300000000002,move,notBad
3642,5,826.5700000000002,5,765.6300000000002,2opt,notBad
3643,5,826.5700000000002,5,765.6300000000002,swap,notBad
3644,5,826.21,5,765.6300000000002,move,improve
3645,5,826.21,5,765.6300000000002,2opt,notBad
3646,5,822.0300000000001,5,765.6300000000002,move,improve
3647,5,822.0300000000001,5,765.6300000000002,swap,notBad
3648,5,822.0300000000001,5,765.6300000000002,2opt,improve
3649,5,822.0300000000001,5,765.6300000000002,2opt,notBad
3650,5,831.0400000000001,5,765.6300000000002,swap,acceptBad
3651,5,831.0400000000001,5,765.6300000000002,swap,notBad
3652,5,826.8600000000001,5,765.6300000000002,move,improve
3653,5,826.8600000000001,5,765.6300000000002,swap,notBad
3654,5,826.8600000000001,5,765.6300000000002,move,improve
3655,5,826.8600000000001,5,765.6300000000002,2opt,notBad
3656,5,826.8600000000001,5,765.6300000000002,2opt,notBad
3657,5,826.8600000000001,5,765.6300000000002,2opt,notBad
3658,5,819.1700000000002,5,765.6300000000002,move,improve
3659,5,819.1700000000002,5,765.6300000000002,swap,notBad
3660,5,819.1700000000002,5,765.6300000000002,move,improve
3661,5,842.3900000000001,5,765.6300000000002,swap,acceptBad
3662,5,842.3900000000001,5,765.6300000000002,2opt,notBad
3663,5,842.3900000000001,5,765.6300000000002,move,improve
3664,5,842.3900000000001,5,765.6300000000002,move,improve
3665,5,837.8000000000002,5,765.6300000000002,move,improve
3666,5,830.5400000000001,5,765.6300000000002,move,improve
3667,5,830.5400000000001,5,765.6300000000002,swap,notBad
3668,5,830.5400000000001,5,765.6300000000002,swap,notBad
3669,5,830.5400000000001,5,765.6300000000002,move,improve
3670,5,830.5400000000001,5,765.6300000000002,move,improve
3671,5,830.5400000000001,5,765.6300000000002,2opt,notBad
3672,5,844.5900000000001,5,765.6300000000002,swap,acceptBad
3673,5,844.5900000000001,5,765.6300000000002,2opt,notBad
3674,5,844.5900000000001,5,765.6300000000002,swap,notBad
3675,5,844.5900000000001,5,765.6300000000002,swap,notBad
3676,5,844.5900000000001,5,765.6300000000002,2opt,notBad
3677,5,834.7400000000001,5,765.6300000000002,move,improve
3678,5,834.7400000000001,5,765.6300000000002,2opt,notBad
3679,5,834.7400000000001,5,765.6300000000002,swap,notBad
3680,5,834.7400000000001,5,765.6300000000002,2opt,notBad
3681,5,840.6700000000001,5,765.6300000000002,swap,acceptBad
3682,5,840.6700000000001,5,765.6300000000002,2opt,notBad
3683,5,840.6700000000001,5,765.6300000000002,swap,notBad
3684,5,838.6600000000001,5,765.6300000000002,move,improve
3685,5,829.4800000000001,5,765.6300000000002,move,improve
3686,5,829.4800000000001,5,765.6300000000002,swap,notBad
3687,5,829.4800000000001,5,765.6300000000002,swap,notBad
3688,5,829.4800000000001,5,765.6300000000002,2opt,notBad
3689,5,829.4800000000001,5,765.6300000000002,swap,notBad
3690,5,829.4800000000001,5,765.6300000000002,swap,notBad
3691,5,829.4800000000001,5,765.6300000000002,2opt,notBad
3692,5,833.6200000000001,5,765.6300000000002,swap,acceptBad
3693,5,833.6200000000001,5,765.6300000000002,swap,notBad
3694,5,830.6200000000001,5,765.6300000000002,move,improve
3695,5,830.6200000000001,5,765.6300000000002,swap,notBad
3696,5,830.6200000000001,5,765.6300000000002,2opt,improve
3697,5,822.62,5,765.6300000000002,move,improve
3698,5,822.62,5,765.6300000000002,swap,notBad
3699,5,822.62,5,765.6300000000002,2opt,notBad
3700,5,822.62,5,765.6300000000002,2opt,notBad
3701,5,822.62,5,765.6300000000002,2opt,notBad
3702,5,822.62,5,765.6300000000002,swap,notBad
3703,5,822.62,5,765.6300000000002,swap,notBad
3704,5,822.62,5,765.6300000000002,2opt,notBad
3705,5,822.62,5,765.6300000000002,move,improve
3706,5,825.9,5,765.6300000000002,swap,acceptBad
3707,5,822.93,5,765.6300000000002,move,improve
3708,5,822.93,5,765.6300000000002,move,improve
3709,5,829.9000000000001,5,765.6300000000002,swap,acceptBad
3710,5,829.9000000000001,5,765.6300000000002,2opt,notBad
3711,5,828.46,5,765.6300000000002,move,improve
3712,5,828.46,5,765.6300000000002,move,improve
3713,5,828.46,5,765.6300000000002,move,improve
3714,5,825.35,5,765.6300000000002,move,improve
3715,5,825.35,5,765.6300000000002,move,improve
3716,5,825.35,5,765.6300000000002,2opt,notBad
3717,5,825.35,5,765.6300000000002,2opt,notBad
3718,5,825.35,5,765.6300000000002,2opt,notBad
3719,5,824.27,5,765.6300000000002,move,improve
3720,5,824.27,5,765.6300000000002,2opt,notBad
3721,5,824.27,5,765.6300000000002,swap,notBad
3722,5,839.7800000000002,5,765.6300000000002,swap,acceptBad
3723,5,839.7800000000002,5,765.6300000000002,swap,notBad
3724,5,839.7800000000002,5,765.6300000000002,move,improve
3725,5,837.0000000000001,5,765.6300000000002,move,improve
3726,5,837.0000000000001,5,765.6300000000002,swap,notBad
3727,5,837.0000000000001,5,765.6300000000002,swap,notBad
3728,5,837.0000000000001,5,765.6300000000002,2opt,notBad
3729,5,837.0000000000001,5,765.6300000000002,move,improve
3730,5,837.0000000000001,5,765.6300000000002,2opt,notBad
3731,5,837.0000000000001,5,765.6300000000002,2opt,notBad
3732,5,837.0000000000001,5,765.6300000000002,swap,notBad
3733,5,833.7000000000002,5,765.6300000000002,move,improve
3734,5,833.7000000000002,5,765.6300000000002,move,improve
3735,5,828.4700000000003,5,765.6300000000002,swap,improve
3736,5,828.4700000000003,5,765.6300000000002,2opt,notBad
3737,5,828.4700000000003,5,765.6300000000002,2opt,notBad
3738,5,828.4700000000003,5,765.6300000000002,swap,notBad
3739,5,828.4700000000003,5,765.6300000000002,move,improve
3740,5,828.4700000000003,5,765.6300000000002,2opt,notBad
3741,5,827.5400000000003,5,765.6300000000002,move,improve
3742,5,827.5400000000003,5,765.6300000000002,2opt,notBad
3743,5,827.5400000000003,5,765.6300000000002,move,notBad
3744,5,827.5400000000003,5,765.6300000000002,swap,notBad
3745,5,809.5700000000004,5,765.6300000000002,move,improve
3746,5,807.4800000000002,5,765.6300000000002,move,improve
3747,5,807.4800000000002,5,765.6300000000002,swap,notBad
3748,5,807.4800000000002,5,765.6300000000002,swap,notBad
3749,5,807.4800000000002,5,765.6300000000002,move,improve
3750,5,807.4800000000002,5,765.6300000000002,2opt,notBad
3751,5,807.4800000000002,5,765.6300000000002,2opt,notBad
3752,5,807.4800000000002,5,765.6300000000002,2opt,notBad
3753,5,807.4800000000002,5,765.6300000000002,swap,notBad
3754,5,813.3300000000002,5,765.6300000000002,swap,acceptBad
3755,5,813.3300000000002,5,765.6300000000002,2opt,notBad
3756,5,813.3300000000002,5,765.6300000000002,move,improve
3757,5,813.3300000000002,5,765.6300000000002,swap,notBad
3758,5,813.3300000000002,5,765.6300000000002,move,improve
3759,5,813.3300000000002,5,765.6300000000002,swap,notBad
3760,5,813.3300000000002,5,765.6300000000002,2opt,notBad
3761,5,813.3300000000002,5,765.6300000000002,move,improve
3762,5,813.3300000000002,5,765.6300000000002,swap,notBad
3763,5,813.3300000000002,5,765.6300000000002,move,improve
3764,5,813.3300000000002,5,765.6300000000002,swap,notBad
3765,5,813.3300000000002,5,765.6300000000002,2opt,notBad
3766,5,813.3300000000002,5,765.6300000000002,2opt,notBad
3767,5,825.8800000000001,5,765.6300000000002,swap,acceptBad
3768,5,825.8800000000001,5,765.6300000000002,2opt,notBad
3769,5,825.8800000000001,5,765.6300000000002,2opt,notBad
3770,5,825.8800000000001,5,765.6300000000002,2opt,notBad
3771,5,823.1800000000002,5,765.6300000000002,move,improve
3772,5,823.1800000000002,5,765.6300000000002,2opt,notBad
3773,5,823.1800000000002,5,765.6300000000002,2opt,notBad
3774,5,823.1800000000002,5,765.6300000000002,2opt,notBad
3775,5,814.2000000000002,5,765.6300000000002,move,improve
3776,5,814.2000000000002,5,765.6300000000002,2opt,notBad
3777,5,814.2000000000002,5,765.6300000000002,2opt,notBad
3778,5,814.2000000000002,5,765.6300000000002,swap,notBad
3779,5,814.2000000000002,5,765.6300000000002,swap,notBad
3780,5,814.2000000000002,5,765.6300000000002,2opt,notBad
3781,5,808.8000000000001,5,765.6300000000002,move,improve
3782,5,808.8000000000001,5,765.6300000000002,swap,notBad
3783,5,808.8000000000001,5,765.6300000000002,swap,notBad
3784,5,806.9100000000002,5,765.6300000000002,move,improve
3785,5,815.8900000000002,5,765.6300000000002,swap,acceptBad
3786,5,815.8900000000002,5,765.6300000000002,2opt,notBad
3787,5,805.9300000000002,5,765.6300000000002,move,improve
3788,5,805.9300000000002,5,765.6300000000002,2opt,notBad
3789,5,805.9300000000002,5,765.6300000000002,swap,notBad
3790,5,805.9300000000002,5,765.6300000000002,swap,notBad
3791,5,805.9300000000002,5,765.6300000000002,2opt,notBad
3792,5,805.9300000000002,5,765.6300000000002,move,improve
3793,5,805.9300000000002,5,765.6300000000002,move,improve
3794,5,805.9300000000002,5,765.6300000000002,2opt,notBad
3795,5,805.9300000000002,5,765.6300000000002,swap,notBad
3796,5,805.9300000000002,5,765.6300000000002,swap,notBad
3797,5,805.9300000000002,5,765.6300000000002,swap,notBad
3798,5,805.9300000000002,5,765.6300000000002,swap,notBad
3799,5,805.9300000000002,5,765.6300000000002,move,improve
3800,5,799.5500000000002,5,765.6300000000002,move,improve
3801,5,799.5500000000002,5,765.6300000000002,move,improve
3802,5,810.67,5,765.6300000000002,swap,acceptBad
3803,5,810.67,5,765.6300000000002,swap,notBad
3804,5,808.5899999999999,5,765.6300000000002,move,improve
3805,5,802.99,5,765.6300000000002,move,improve
3806,5,802.99,5,765.6300000000002,2opt,notBad
3807,5,802.99,5,765.6300000000002,2opt,notBad
3808,5,802.99,5,765.6300000000002,move,improve
3809,5,802.99,5,765.6300000000002,move,improve
3810,5,793.3600000000001,5,765.6300000000002,move,improve
3811,5,793.3600000000001,5,765.6300000000002,swap,notBad
3812,5,793.3600000000001,5,765.6300000000002,2opt,notBad
3813,5,793.3600000000001,5,765.6300000000002,swap,notBad
3814,5,793.3600000000001,5,765.6300000000002,swap,notBad
3815,5,793.3600000000001,5,765.6300000000002,2opt,notBad
3816,5,793.3600000000001,5,765.6300000000002,2opt,notBad
3817,5,793.3600000000001,5,765.6300000000002,2opt,notBad
3818,5,793.3600000000001,5,765.6300000000002,2opt,notBad
3819,5,793.3600000000001,5,765.6300000000002,swap,notBad
3820,5,793.3600000000001,5,765.6300000000002,swap,notBad
3821,5,793.3600000000001,5,765.6300000000002,move,improve
3822,5,793.3600000000001,5,765.6300000000002,2opt,notBad
3823,5,793.36,5,765.6300000000002,move,improve
3824,5,793.36,5,765.6300000000002,2opt,notBad
3825,5,793.36,5,765.6300000000002,swap,notBad
3826,5,793.36,5,765.6300000000002,2opt,notBad
3827,5,793.36,5,765.6300000000002,2opt,notBad
3828,5,793.36,5,765.6300000000002,move,improve
3829,5,797.5400000000001,5,765.6300000000002,swap,acceptBad
3830,5,797.5400000000001,5,765.6300000000002,move,improve
3831,5,796.7900000000001,5,765.6300000000002,move,improve
3832,5,796.7900000000001,5,765.6300000000002,move,improve
3833,5,796.7900000000001,5,765.6300000000002,swap,notBad
3834,5,796.7900000000001,5,765.6300000000002,2opt,notBad
3835,5,796.7900000000001,5,765.6300000000002,move,improve
3836,5,796.7900000000001,5,765.6300000000002,swap,notBad
3837,5,796.7900000000001,5,765.6300000000002,swap,notBad
3838,5,796.7900000000001,5,765.6300000000002,move,improve
3839,5,796.7900000000001,5,765.6300000000002,move,improve
3840,5,796.7900000000001,5,765.6300000000002,2opt,notBad
3841,5,796.7900000000001,5,765.6300000000002,2opt,notBad
3842,5,796.7900000000001,5,765.6300000000002,move,improve
3843,5,796.7900000000001,5,765.6300000000002,2opt,notBad
3844,5,796.7900000000001,5,765.6300000000002,2opt,notBad
3845,5,796.7900000000001,5,765.6300000000002,move,improve
3846,5,796.75,5,765.6300000000002,move,improve
3847,5,796.75,5,765.6300000000002,move,improve
3848,5,796.75,5,765.6300000000002,2opt,notBad
3849,5,791.44,5,765.6300000000002,move,improve
3850,5,791.44,5,765.6300000000002,2opt,notBad
3851,5,791.44,5,765.6300000000002,move,improve
3852,5,791.44,5,765.6300000000002,move,improve
3853,5,791.1400000000001,5,765.6300000000002,move,improve
3854,5,788.3500000000001,5,765.6300000000002,swap,improve
3855,5,787.1800000000002,5,765.6300000000002,move,improve
3856,5,787.1800000000002,5,765.6300000000002,move,improve
3857,5,787.1800000000002,5,765.6300000000002,move,improve
3858,5,787.1800000000002,5,765.6300000000002,2opt,notBad
3859,5,787.1800000000002,5,765.6300000000002,move,improve
3860,5,787.1800000000002,5,765.6300000000002,2opt,notBad
3861,5,787.1800000000002,5,765.6300000000002,swap,notBad
3862,5,787.1800000000002,5,765.6300000000002,move,improve
3863,5,787.1800000000002,5,765.6300000000002,2opt,notBad
3864,5,787.1800000000002,5,765.6300000000002,2opt,notBad
3865,5,787.1800000000002,5,765.6300000000002,move,improve
3866,5,787.1800000000002,5,765.6300000000002,move,improve
3867,5,787.1800000000002,5,765.6300000000002,swap,notBad
3868,5,787.1800000000002,5,765.6300000000002,swap,notBad
3869,5,787.1800000000002,5,765.6300000000002,move,improve
3870,5,787.1800000000002,5,765.6300000000002,2opt,notBad
3871,5,787.1800000000002,5,765.6300000000002,swap,notBad
3872,5,787.4900000000002,5,765.6300000000002,swap,acceptBad
3873,5,787.4900000000002,5,765.6300000000002,move,improve
3874,5,787.4900000000002,5,765.6300000000002,swap,notBad
3875,5,787.4900000000002,5,765.6300000000002,swap,notBad
3876,5,787.4900000000002,5,765.6300000000002,move,improve
3877,5,783.3100000000002,5,765.6300000000002,move,improve
3878,5,783.3100000000002,5,765.6300000000002,2opt,improve
3879,5,783.3100000000002,5,765.6300000000002,swap,notBad
3880,5,783.3100000000002,5,765.6300000000002,move,improve
3881,5,781.9300000000001,5,765.6300000000002,swap,improve
3882,5,781.9300000000001,5,765.6300000000002,2opt,notBad
3883,5,782.5300000000001,5,765.6300000000002,swap,acceptBad
3884,5,782.5300000000001,5,765.6300000000002,move,improve
3885,5,782.5300000000001,5,765.6300000000002,2opt,notBad
3886,5,782.5300000000001,5,765.6300000000002,swap,notBad
3887,5,782.5300000000001,5,765.6300000000002,2opt,notBad
3888,5,780.6800000000002,5,765.6300000000002,move,improve
3889,5,780.6800000000002,5,765.6300000000002,2opt,notBad
3890,5,780.6800000000002,5,765.6300000000002,2opt,notBad
3891,5,780.6800000000002,5,765.6300000000002,swap,notBad
3892,5,780.6800000000002,5,765.6300000000002,swap,notBad
3893,5,776.0900000000001,5,765.6300000000002,move,improve
3894,5,776.0900000000001,5,765.6300000000002,move,improve
3895,5,776.0900000000001,5,765.6300000000002,2opt,notBad
3896,5,776.0900000000001,5,765.6300000000002,2opt,notBad
3897,5,776.0900000000001,5,765.6300000000002,swap,notBad
3898,5,776.0900000000001,5,765.6300000000002,move,improve
3899,5,776.0900000000001,5,765.6300000000002,2opt,notBad
3900,5,776.0900000000001,5,765.6300000000002,swap,notBad
3901,5,776.0900000000001,5,765.6300000000002,swap,notBad
3902,5,776.0900000000001,5,765.6300000000002,move,improve
3903,5,776.0900000000001,5,765.6300000000002,2opt,improve
3904,5,776.0900000000001,5,765.6300000000002,2opt,notBad
3905,5,776.0900000000001,5,765.6300000000002,2opt,notBad
3906,5,776.0900000000001,5,765.6300000000002,2opt,notBad
3907,5,776.0900000000001,5,765.6300000000002,2opt,notBad
3908,5,776.0900000000001,5,765.6300000000002,2opt,notBad
3909,5,776.0900000000001,5,765.6300000000002,2opt,notBad
3910,5,776.0900000000001,5,765.6300000000002,2opt,notBad
3911,5,773.9600000000002,5,765.6300000000002,move,improve
3912,5,773.9600000000002,5,765.6300000000002,move,improve
3913,5,772.1300000000001,5,765.6300000000002,move,improve
3914,5,772.1300000000001,5,765.6300000000002,2opt,notBad
3915,5,772.1300000000001,5,765.6300000000002,move,improve
3916,5,772.1300000000001,5,765.6300000000002,swap,notBad
3917,5,772.1300000000001,5,765.6300000000002,2opt,notBad
3918,5,772.1300000000001,5,765.6300000000002,swap,notBad
3919,5,772.1300000000001,5,765.6300000000002,2opt,improve
3920,5,770.9800000000001,5,765.6300000000002,move,improve
3921,5,770.9800000000001,5,765.6300000000002,2opt,notBad
3922,5,770.9800000000001,5,765.6300000000002,swap,notBad
3923,5,770.9800000000001,5,765.6300000000002,swap,notBad
3924,5,765.5800000000002,5,765.5800000000002,swap,newBest
3925,5,761.3800000000002,5,761.3800000000002,move,newBest
3926,5,761.3800000000002,5,761.3800000000002,move,improve
3927,5,761.3800000000002,5,761.3800000000002,2opt,notBad
3928,5,761.3800000000002,5,761.3800000000002,2opt,notBad
3929,5,761.3800000000002,5,761.3800000000002,move,improve
3930,5,761.3800000000002,5,761.3800000000002,move,improve
3931,5,761.3800000000002,5,761.3800000000002,swap,notBad
3932,5,760.96,5,760.96,move,newBest
3933,5,760.96,5,760.96,2opt,notBad
3934,5,760.96,5,760.96,swap,notBad
3935,5,760.96,5,760.96,2opt,notBad
3936,5,760.96,5,760.96,swap,notBad
3937,5,760.96,5,760.96,swap,notBad
3938,5,764.8000000000002,5,760.96,swap,acceptBad
3939,5,764.8000000000002,5,760.96,swap,notBad
3940,5,762.7500000000001,5,760.96,move,improve
3941,5,757.0900000000003,5,757.0900000000003,move,newBest
3942,5,757.0900000000003,5,757.0900000000003,2opt,notBad
3943,5,757.0900000000003,5,757.0900000000003,2opt,notBad
3944,5,757.0900000000003,5,757.0900000000003,2opt,notBad
3945,5,757.0900000000003,5,757.0900000000003,2opt,notBad
3946,5,757.0900000000003,5,757.0900000000003,swap,notBad
3947,5,757.0900000000003,5,757.0900000000003,2opt,notBad
3948,5,757.0900000000003,5,757.0900000000003,2opt,notBad
3949,5,756.5400000000002,5,756.5400000000002,move,newBest
3950,5,756.5400000000002,5,756.5400000000002,2opt,notBad
3951,5,754.2400000000001,5,754.2400000000001,move,newBest
3952,5,760.08,5,754.2400000000001,swap,acceptBad
3953,5,759.8500000000001,5,754.2400000000001,move,improve
3954,5,759.8500000000001,5,754.2400000000001,swap,notBad
3955,5,759.8500000000001,5,754.2400000000001,2opt,improve
3956,5,759.8500000000001,5,754.2400000000001,move,improve
3957,5,759.8500000000001,5,754.2400000000001,2opt,notBad
3958,5,759.8500000000001,5,754.2400000000001,move,improve
3959,5,759.8500000000001,5,754.2400000000001,move,improve
3960,5,759.8500000000001,5,754.2400000000001,move,improve
3961,5,757.5100000000001,5,754.2400000000001,move,improve
3962,5,757.5100000000001,5,754.2400000000001,swap,notBad
3963,5,765.76,5,754.2400000000001,swap,acceptBad
3964,5,764.9100000000001,5,754.2400000000001,move,improve
3965,5,759.1300000000001,5,754.2400000000001,swap,improve
3966,5,759.1300000000001,5,754.2400000000001,2opt,notBad
3967,5,759.1300000000001,5,754.2400000000001,move,improve
3968,5,759.1300000000001,5,754.2400000000001,2opt,notBad
3969,5,759.1300000000001,5,754.2400000000001,move,improve
3970,5,759.1300000000001,5,754.2400000000001,move,improve
3971,5,759.1300000000001,5,754.2400000000001,move,improve
3972,5,759.1300000000001,5,754.2400000000001,2opt,notBad
3973,5,759.1300000000001,5,754.2400000000001,2opt,notBad
3974,5,759.1300000000001,5,754.2400000000001,swap,notBad
3975,5,759.1300000000001,5,754.2400000000001,move,improve
3976,5,759.1300000000001,5,754.2400000000001,move,improve
3977,5,769.1200000000001,5,754.2400000000001,swap,acceptBad
3978,5,769.1200000000001,5,754.2400000000001,move,improve
3979,5,768.0099999999999,5,754.2400000000001,swap,improve
3980,5,781.8600000000001,5,754.2400000000001,swap,acceptBad
3981,5,781.8600000000001,5,754.2400000000001,move,improve
3982,5,781.8600000000001,5,754.2400000000001,2opt,notBad
3983,5,781.8600000000001,5,754.2400000000001,2opt,notBad
3984,5,781.8600000000001,5,754.2400000000001,2opt,notBad
3985,5,781.8600000000001,5,754.2400000000001,2opt,notBad
3986,5,781.8600000000001,5,754.2400000000001,2opt,notBad
3987,5,776.0300000000001,5,754.2400000000001,move,improve
3988,5,776.0300000000001,5,754.2400000000001,move,improve
3989,5,776.0300000000001,5,754.2400000000001,2opt,notBad
3990,5,776.0300000000001,5,754.2400000000001,2opt,notBad
3991,5,781.3399999999999,5,754.2400000000001,swap,acceptBad
3992,5,781.3399999999999,5,754.2400000000001,2opt,notBad
3993,5,781.3399999999999,5,754.2400000000001,swap,notBad
3994,5,781.3399999999999,5,754.2400000000001,2opt,improve
3995,5,781.3399999999999,5,754.2400000000001,2opt,notBad
3996,5,781.3399999999999,5,754.2400000000001,swap,notBad
3997,5,779.38,5,754.2400000000001,move,improve
3998,5,788.83,5,754.2400000000001,swap,acceptBad
3999,5,788.83,5,754.2400000000001,2opt,notBad
4000,5,788.83,5,754.2400000000001,swap,notBad
4001,5,788.83,5,754.2400000000001,swap,notBad
4002,5,788.83,5,754.2400000000001,move,improve
4003,5,788.83,5,754.2400000000001,move,improve
4004,5,788.83,5,754.2400000000001,2opt,notBad
4005,5,788.83,5,754.2400000000001,move,improve
4006,5,788.83,5,754.2400000000001,swap,notBad
4007,5,788.83,5,754.2400000000001,2opt,notBad
4008,5,788.83,5,754.2400000000001,2opt,notBad
4009,5,788.83,5,754.2400000000001,swap,notBad
4010,5,788.83,5,754.2400000000001,2opt,notBad
4011,5,780.05,5,754.2400000000001,move,improve
4012,5,780.05,5,754.2400000000001,move,improve
4013,5,780.05,5,754.2400000000001,move,improve
4014,5,789.42,5,754.2400000000001,swap,acceptBad
4015,5,786.2600000000001,5,754.2400000000001,move,improve
4016,5,786.2600000000001,5,754.2400000000001,2opt,notBad
4017,5,786.2600000000001,5,754.2400000000001,2opt,notBad
4018,5,784.01,5,754.2400000000001,move,improve
4019,5,791.3000000000001,5,754.2400000000001,swap,acceptBad
4020,5,791.3000000000001,5,754.2400000000001,2opt,improve
4021,5,787.06,5,754.2400000000001,move,improve
4022,5,787.06,5,754.2400000000001,2opt,notBad
4023,5,787.06,5,754.2400000000001,2opt,improve
4024,5,787.06,5,754.2400000000001,2opt,notBad
4025,5,787.06,5,754.2400000000001,2opt,notBad
4026,5,800.37,5,754.2400000000001,swap,acceptBad
4027,5,800.37,5,754.2400000000001,move,improve
4028,5,796.04,5,754.2400000000001,move,improve
4029,5,796.04,5,754.2400000000001,swap,notBad
4030,5,790.68,5,754.2400000000001,move,improve
4031,5,792.6800000000001,5,754.2400000000001,swap,acceptBad
4032,5,792.6800000000001,5,754.2400000000001,2opt,notBad
4033,5,792.6800000000001,5,754.2400000000001,swap,notBad
4034,5,792.6800000000001,5,754.2400000000001,2opt,notBad
4035,5,792.6800000000001,5,754.2400000000001,move,improve
4036,5,792.6800000000001,5,754.2400000000001,2opt,notBad
4037,5,792.6800000000001,5,754.2400000000001,2opt,notBad
4038,5,792.6800000000001,5,754.2400000000001,2opt,notBad
4039,5,792.6800000000001,5,754.2400000000001,move,improve
4040,5,792.6800000000001,5,754.2400000000001,2opt,notBad
4041,5,792.6800000000001,5,754.2400000000001,2opt,notBad
4042,5,803.21,5,754.2400000000001,swap,acceptBad
4043,5,803.21,5,754.2400000000001,swap,notBad
4044,5,803.21,5,754.2400000000001,move,improve
4045,5,803.3199999999999,5,754.2400000000001,swap,acceptBad
4046,5,803.3199999999999,5,754.2400000000001,move,improve
4047,5,803.3199999999999,5,754.2400000000001,2opt,notBad
4048,5,803.3199999999999,5,754.2400000000001,swap,notBad
4049,5,803.3199999999999,5,754.2400000000001,swap,notBad
4050,5,803.3199999999999,5,754.2400000000001,2opt,improve
4051,5,803.3199999999999,5,754.2400000000001,2opt,notBad
4052,5,803.3199999999999,5,754.2400000000001,2opt,notBad
4053,5,792.7900000000001,5,754.2400000000001,move,improve
4054,5,792.7900000000001,5,754.2400000000001,swap,notBad
4055,5,792.7900000000001,5,754.2400000000001,2opt,notBad
4056,5,792.7900000000001,5,754.2400000000001,swap,notBad
4057,5,792.7900000000001,5,754.2400000000001,swap,notBad
4058,5,792.7900000000001,5,754.2400000000001,move,improve
4059,5,792.7900000000001,5,754.2400000000001,2opt,improve
4060,5,792.1900000000002,5,754.2400000000001,swap,improve
4061,5,792.1900000000002,5,754.2400000000001,swap,notBad
4062,5,792.1900000000002,5,754.2400000000001,move,improve
4063,5,779.1800000000002,5,754.2400000000001,move,improve
4064,5,779.1800000000002,5,754.2400000000001,2opt,notBad
4065,5,779.1800000000002,5,754.2400000000001,swap,notBad
4066,5,779.1800000000002,5,754.2400000000001,2opt,notBad
4067,5,779.1800000000002,5,754.2400000000001,2opt,notBad
4068,5,783.5200000000001,5,754.2400000000001,swap,acceptBad
4069,5,783.5200000000001,5,754.2400000000001,move,improve
4070,5,783.5200000000001,5,754.2400000000001,2opt,improve
4071,5,783.5200000000001,5,754.2400000000001,swap,notBad
4072,5,783.5200000000001,5,754.2400000000001,swap,notBad
4073,5,783.5200000000001,5,754.2400000000001,move,improve
4074,5,783.5200000000001,5,754.2400000000001,2opt,notBad
4075,5,783.5200000000001,5,754.2400000000001,2opt,notBad
4076,5,783.5200000000001,5,754.2400000000001,swap,notBad
4077,5,783.3000000000001,5,754.2400000000001,move,improve
4078,5,785.17,5,754.2400000000001,swap,acceptBad
4079,5,785.17,5,754.2400000000001,swap,notBad
4080,5,785.17,5,754.2400000000001,2opt,notBad
4081,5,785.17,5,754.2400000000001,2opt,notBad
4082,5,785.17,5,754.2400000000001,2opt,notBad
4083,5,785.17,5,754.2400000000001,2opt,notBad
4084,5,785.17,5,754.2400000000001,swap,notBad
4085,5,784.1,5,754.2400000000001,move,improve
4086,5,784.1,5,754.2400000000001,2opt,notBad
4087,5,784.1,5,754.2400000000001,2opt,notBad
4088,5,790.5400000000001,5,754.2400000000001,swap,acceptBad
4089,5,787.8199999999999,5,754.2400000000001,move,improve
4090,5,786.1700000000001,5,754.2400000000001,move,improve
4091,5,786.1700000000001,5,754.2400000000001,swap,notBad
4092,5,786.1700000000001,5,754.2400000000001,swap,notBad
4093,5,786.1700000000001,5,754.2400000000001,swap,notBad
4094,5,786.1700000000001,5,754.2400000000001,2opt,notBad
4095,5,786.1700000000001,5,754.2400000000001,swap,notBad
4096,5,786.1700000000001,5,754.2400000000001,swap,notBad
4097,5,786.1700000000001,5,754.2400000000001,2opt,notBad
4098,5,786.1700000000001,5,754.2400000000001,swap,notBad
4099,5,786.1700000000001,5,754.2400000000001,2opt,notBad
4100,5,786.1700000000001,5,754.2400000000001,2opt,notBad
4101,5,786.1700000000001,5,754.2400000000001,2opt,improve
4102,5,786.1700000000001,5,754.2400000000001,2opt,notBad
4103,5,786.1700000000001,5,754.2400000000001,2opt,notBad
4104,5,786.1700000000001,5,754.2400000000001,2opt,notBad
4105,5,782.59,5,754.2400000000001,move,improve
4106,5,782.59,5,754.2400000000001,swap,notBad
4107,5,782.59,5,754.2400000000001,2opt,notBad
4108,5,782.59,5,754.2400000000001,swap,notBad
4109,5,782.59,5,754.2400000000001,swap,notBad
4110,5,782.59,5,754.2400000000001,2opt,notBad
4111,5,782.59,5,754.2400000000001,swap,notBad
4112,5,782.59,5,754.2400000000001,swap,notBad
4113,5,782.59,5,754.2400000000001,swap,notBad
4114,5,782.59,5,754.2400000000001,swap,notBad
4115,5,782.59,5,754.2400000000001,2opt,improve
4116,5,782.59,5,754.2400000000001,move,improve
4117,5,782.59,5,754.2400000000001,move,improve
4118,5,782.59,5,754.2400000000001,swap,notBad
4119,5,782.59,5,754.2400000000001,2opt,notBad
4120,5,782.59,5,754.2400000000001,swap,notBad
4121,5,782.59,5,754.2400000000001,2opt,notBad
4122,5,782.59,5,754.2400000000001,move,improve
4123,5,782.09,5,754.2400000000001,move,improve
4124,5,782.09,5,754.2400000000001,swap,notBad
4125,5,782.09,5,754.2400000000001,swap,notBad
4126,5,778.6400000000001,5,754.2400000000001,move,improve
4127,5,778.6400000000001,5,754.2400000000001,2opt,notBad
4128,5,778.6400000000001,5,754.2400000000001,2opt,improve
4129,5,778.6400000000001,5,754.2400000000001,2opt,notBad
4130,5,778.6400000000001,5,754.2400000000001,swap,notBad
4131,5,778.6400000000001,5,754.2400000000001,2opt,notBad
4132,5,778.6400000000001,5,754.2400000000001,2opt,notBad
4133,5,778.6400000000001,5,754.2400000000001,swap,notBad
4134,5,778.6400000000001,5,754.2400000000001,swap,notBad
4135,5,778.6400000000001,5,754.2400000000001,move,improve
4136,5,778.6400000000001,5,754.2400000000001,move,notBad
4137,5,778.6400000000001,5,754.2400000000001,swap,notBad
4138,5,778.6400000000001,5,754.2400000000001,2opt,notBad
4139,5,778.6400000000001,5,754.2400000000001,2opt,improve
4140,5,778.6400000000001,5,754.2400000000001,swap,notBad
4141,5,778.6400000000001,5,754.2400000000001,2opt,notBad
4142,5,763.8100000000001,5,754.2400000000001,2opt,improve
4143,5,763.8100000000001,5,754.2400000000001,move,improve
4144,5,763.8100000000001,5,754.2400000000001,swap,notBad
4145,5,759.1899999999999,5,754.2400000000001,move,improve
4146,5,759.1899999999999,5,754.2400000000001,move,improve
4147,5,759.1899999999999,5,754.2400000000001,swap,notBad
4148,5,756.5,5,754.2400000000001,move,improve
4149,5,756.5,5,754.2400000000001,2opt,notBad
4150,5,756.5,5,754.2400000000001,swap,notBad
4151,5,756.5,5,754.2400000000001,2opt,notBad
4152,5,756.5,5,754.2400000000001,move,improve
4153,5,756.5,5,754.2400000000001,2opt,notBad
4154,5,756.5,5,754.2400000000001,2opt,notBad
4155,5,756.5,5,754.2400000000001,2opt,notBad
4156,5,756.5,5,754.2400000000001,move,improve
4157,5,756.5,5,754.2400000000001,swap,notBad
4158,5,756.5,5,754.2400000000001,2opt,notBad
4159,5,756.5,5,754.2400000000001,2opt,notBad
4160,5,754.9599999999999,5,754.2400000000001,move,improve
4161,5,754.9599999999999,5,754.2400000000001,2opt,notBad
4162,5,754.9599999999999,5,754.2400000000001,move,improve
4163,5,748.09,5,748.09,move,newBest
4164,5,744.4500000000002,5,744.4500000000002,move,newBest
4165,5,744.4500000000002,5,744.4500000000002,2opt,notBad
4166,5,744.4500000000002,5,744.4500000000002,move,improve
4167,5,744.4500000000002,5,744.4500000000002,2opt,notBad
4168,5,744.4500000000002,5,744.4500000000002,swap,notBad
4169,5,744.4500000000002,5,744.4500000000002,2opt,notBad
4170,5,737.8400000000001,5,737.8400000000001,move,newBest
4171,5,737.8400000000001,5,737.8400000000001,2opt,notBad
4172,5,737.8400000000001,5,737.8400000000001,move,improve
4173,5,738.1700000000002,5,737.8400000000001,swap,acceptBad
4174,5,738.1700000000002,5,737.8400000000001,swap,notBad
4175,5,738.1700000000002,5,737.8400000000001,swap,notBad
4176,5,738.1700000000002,5,737.8400000000001,2opt,notBad
4177,5,738.1700000000002,5,737.8400000000001,2opt,notBad
4178,5,738.1700000000002,5,737.8400000000001,move,improve
4179,5,724.5600000000002,5,724.5600000000002,move,newBest
4180,5,724.5600000000002,5,724.5600000000002,swap,notBad
4181,5,732.2600000000001,5,724.5600000000002,swap,acceptBad
4182,5,732.2600000000001,5,724.5600000000002,move,improve
4183,5,732.2600000000001,5,724.5600000000002,move,improve
4184,5,732.2600000000001,5,724.5600000000002,swap,notBad
4185,5,728.8300000000002,5,724.5600000000002,move,improve
4186,5,728.8300000000002,5,724.5600000000002,2opt,notBad
4187,5,728.8300000000002,5,724.5600000000002,2opt,notBad
4188,5,728.8300000000002,5,724.5600000000002,2opt,notBad
4189,5,728.8300000000002,5,724.5600000000002,move,improve
4190,5,728.8300000000002,5,724.5600000000002,move,improve
4191,5,728.8300000000002,5,724.5600000000002,move,improve
4192,5,728.8300000000002,5,724.5600000000002,move,improve
4193,5,728.8300000000002,5,724.5600000000002,move,improve
4194,5,728.8300000000002,5,724.5600000000002,move,improve
4195,5,728.8300000000002,5,724.5600000000002,2opt,notBad
4196,5,728.8300000000002,5,724.5600000000002,2opt,notBad
4197,5,728.8300000000002,5,724.5600000000002,move,improve
4198,5,728.8300000000002,5,724.5600000000002,2opt,notBad
4199,5,728.8300000000002,5,724.5600000000002,swap,notBad
4200,5,727.4800000000001,5,724.5600000000002,move,improve
4201,5,727.4800000000001,5,724.5600000000002,2opt,notBad
4202,5,727.4800000000001,5,724.5600000000002,2opt,notBad
4203,5,727.4800000000001,5,724.5600000000002,move,improve
4204,5,727.4800000000001,5,724.5600000000002,2opt,notBad
4205,5,727.4800000000001,5,724.5600000000002,2opt,notBad
4206,5,727.4800000000001,5,724.5600000000002,swap,notBad
4207,5,727.4800000000001,5,724.5600000000002,2opt,notBad
4208,5,727.4800000000001,5,724.5600000000002,2opt,notBad
4209,5,727.4800000000001,5,724.5600000000002,move,improve
4210,5,727.4800000000001,5,724.5600000000002,2opt,notBad
4211,5,727.53,5,724.5600000000002,swap,acceptBad
4212,5,727.53,5,724.5600000000002,move,improve
4213,5,727.53,5,724.5600000000002,2opt,notBad
4214,5,727.53,5,724.5600000000002,swap,notBad
4215,5,727.53,5,724.5600000000002,swap,notBad
4216,5,727.53,5,724.5600000000002,2opt,notBad
4217,5,727.53,5,724.5600000000002,swap,notBad
4218,5,727.53,5,724.5600000000002,move,improve
4219,5,727.53,5,724.5600000000002,swap,notBad
4220,5,727.53,5,724.5600000000002,swap,notBad
4221,5,727.53,5,724.5600000000002,swap,notBad
4222,5,728.3800000000001,5,724.5600000000002,swap,acceptBad
4223,5,727.5800000000002,5,724.5600000000002,swap,improve
4224,5,727.5800000000002,5,724.5600000000002,move,improve
4225,5,727.5800000000002,5,724.5600000000002,move,improve
4226,5,727.5800000000002,5,724.5600000000002,swap,notBad
4227,5,743.8999999999999,5,724.5600000000002,swap,acceptBad
4228,5,743.8999999999999,5,724.5600000000002,move,improve
4229,5,743.8999999999999,5,724.5600000000002,move,improve
4230,5,743.8999999999999,5,724.5600000000002,move,improve
4231,5,737.6,5,724.5600000000002,move,improve
4232,5,737.6,5,724.5600000000002,2opt,notBad
4233,5,737.6,5,724.5600000000002,swap,notBad
4234,5,736.79,5,724.5600000000002,move,improve
4235,5,736.79,5,724.5600000000002,move,improve
4236,5,741.8799999999999,5,724.5600000000002,swap,acceptBad
4237,5,741.8799999999999,5,724.5600000000002,swap,notBad
4238,5,741.8799999999999,5,724.5600000000002,swap,notBad
4239,5,741.8799999999999,5,724.5600000000002,swap,notBad
4240,5,741.8799999999999,5,724.5600000000002,swap,notBad
4241,5,741.8799999999999,5,724.5600000000002,swap,notBad
4242,5,741.8799999999999,5,724.5600000000002,move,improve
4243,5,741.8799999999999,5,724.5600000000002,2opt,improve
4244,5,741.8799999999999,5,724.5600000000002,swap,notBad
4245,5,741.8799999999999,5,724.5600000000002,2opt,notBad
4246,5,741.8799999999999,5,724.5600000000002,move,improve
4247,5,741.8799999999999,5,724.5600000000002,move,improve
4248,5,741.8799999999999,5,724.5600000000002,swap,notBad
4249,5,741.8799999999998,5,724.5600000000002,move,improve
4250,5,741.8799999999998,5,724.5600000000002,2opt,notBad
4251,5,741.8799999999998,5,724.5600000000002,swap,notBad
4252,5,741.8799999999998,5,724.5600000000002,2opt,notBad
4253,5,741.8799999999998,5,724.5600000000002,move,improve
4254,5,741.8799999999998,5,724.5600000000002,2opt,improve
4255,5,741.8799999999998,5,724.5600000000002,2opt,notBad
4256,5,733.0999999999999,5,724.5600000000002,move,improve
4257,5,733.0999999999999,5,724.5600000000002,move,improve
4258,5,732.6499999999999,5,724.5600000000002,move,improve
4259,5,732.6499999999999,5,724.5600000000002,swap,notBad
4260,5,732.6499999999999,5,724.5600000000002,2opt,notBad
4261,4,612.1099999999999,4,612.1099999999999,2opt,newBest
4262,4,612.1099999999999,4,612.1099999999999,swap,notBad
4263,4,612.1099999999999,4,612.1099999999999,2opt,notBad
4264,4,612.1099999999999,4,612.1099999999999,move,improve
4265,4,612.1099999999999,4,612.1099999999999,2opt,notBad
4266,4,612.1099999999999,4,612.1099999999999,swap,notBad
4267,4,612.1099999999999,4,612.1099999999999,swap,notBad
4268,4,612.1099999999999,4,612.1099999999999,2opt,notBad
4269,4,612.1099999999999,4,612.1099999999999,2opt,notBad
4270,4,612.1099999999999,4,612.1099999999999,swap,notBad
4271,4,612.1099999999999,4,612.1099999999999,move,improve
4272,4,612.1099999999999,4,612.1099999999999,2opt,notBad
4273,4,612.1099999999999,4,612.1099999999999,swap,notBad
4274,4,612.1099999999999,4,612.1099999999999,2opt,notBad
4275,4,612.1099999999999,4,612.1099999999999,move,improve
4276,4,612.1099999999999,4,612.1099999999999,2opt,notBad
4277,4,611.8399999999999,4,611.8399999999999,move,newBest
4278,4,615.8399999999999,4,611.8399999999999,swap,acceptBad
4279,4,612.3299999999999,4,611.8399999999999,move,improve
4280,4,612.3299999999999,4,611.8399999999999,move,improve
4281,4,612.3299999999999,4,611.8399999999999,2opt,notBad
4282,4,612.3299999999999,4,611.8399999999999,swap,notBad
4283,4,612.3299999999999,4,611.8399999999999,swap,notBad
4284,4,606.49,4,606.49,move,newBest
4285,4,606.49,4,606.49,2opt,notBad
4286,4,606.49,4,606.49,move,improve
4287,4,605.4100000000001,4,605.4100000000001,move,newBest
4288,4,605.4100000000001,4,605.4100000000001,move,improve
4289,4,605.4100000000001,4,605.4100000000001,swap,notBad
4290,4,605.4100000000001,4,605.4100000000001,swap,notBad
4291,4,605.4100000000001,4,605.4100000000001,2opt,notBad
4292,4,605.4100000000001,4,605.4100000000001,swap,notBad
4293,4,605.4100000000001,4,605.4100000000001,swap,notBad
4294,4,605.4100000000001,4,605.4100000000001,2opt,notBad
4295,4,605.4100000000001,4,605.4100000000001,2opt,notBad
4296,4,605.4100000000001,4,605.4100000000001,2opt,notBad
4297,4,605.4100000000001,4,605.4100000000001,2opt,notBad
4298,4,605.4100000000001,4,605.4100000000001,swap,notBad
4299,4,605.4100000000001,4,605.4100000000001,swap,notBad
4300,4,605.4100000000001,4,605.4100000000001,2opt,notBad
4301,4,605.4100000000001,4,605.4100000000001,2opt,notBad
4302,4,605.4100000000001,4,605.4100000000001,swap,notBad
4303,4,605.4100000000001,4,605.4100000000001,2opt,notBad
4304,4,597.01,4,597.01,move,newBest
4305,4,597.01,4,597.01,swap,notBad
4306,4,597.01,4,597.01,2opt,notBad
4307,4,597.01,4,597.01,move,improve
4308,4,596.05,4,596.05,move,newBest
4309,4,596.05,4,596.05,2opt,notBad
4310,4,596.05,4,596.05,2opt,notBad
4311,4,592.9,4,592.9,move,newBest
4312,4,592.9,4,592.9,2opt,notBad
4313,4,592.9,4,592.9,move,improve
4314,4,592.9,4,592.9,2opt,notBad
4315,4,592.9,4,592.9,2opt,notBad
4316,4,592.9,4,592.9,2opt,notBad
4317,4,592.9,4,592.9,move,improve
4318,4,592.9,4,592.9,swap,notBad
4319,4,592.9,4,592.9,move,improve
4320,4,588.6600000000001,4,588.6600000000001,move,newBest
4321,4,588.6600000000001,4,588.6600000000001,move,improve
4322,4,588.6600000000001,4,588.6600000000001,move,improve
4323,4,588.6600000000001,4,588.6600000000001,swap,notBad
4324,4,588.6600000000001,4,588.6600000000001,2opt,notBad
4325,4,588.6600000000001,4,588.6600000000001,2opt,notBad
4326,4,588.6600000000001,4,588.6600000000001,move,improve
4327,4,594.6000000000001,4,588.6600000000001,swap,acceptBad
4328,4,594.6000000000001,4,588.6600000000001,swap,notBad
4329,4,594.6000000000001,4,588.6600000000001,2opt,notBad
4330,4,597.12,4,588.6600000000001,swap,acceptBad
4331,4,597.12,4,588.6600000000001,2opt,notBad
4332,4,597.12,4,588.6600000000001,move,improve
4333,4,597.12,4,588.6600000000001,swap,notBad
4334,4,597.12,4,588.6600000000001,move,improve
4335,4,597.12,4,588.6600000000001,swap,notBad
4336,4,597.12,4,588.6600000000001,swap,notBad
4337,4,597.12,4,588.6600000000001,move,improve
4338,4,597.12,4,588.6600000000001,2opt,notBad
4339,4,597.12,4,588.6600000000001,swap,notBad
4340,4,602.08,4,588.6600000000001,swap,acceptBad
4341,4,602.08,4,588.6600000000001,2opt,notBad
4342,4,602.08,4,588.6600000000001,swap,notBad
4343,4,602.08,4,588.6600000000001,swap,notBad
4344,4,602.08,4,588.6600000000001,2opt,notBad
4345,4,602.08,4,588.6600000000001,swap,notBad
4346,4,602.08,4,588.6600000000001,2opt,notBad
4347,4,602.08,4,588.6600000000001,2opt,notBad
4348,4,602.08,4,588.6600000000001,swap,notBad
4349,4,602.08,4,588.6600000000001,2opt,notBad
4350,4,601.44,4,588.6600000000001,move,improve
4351,4,601.44,4,588.6600000000001,move,improve
4352,4,601.44,4,588.6600000000001,move,improve
4353,4,601.44,4,588.6600000000001,2opt,notBad
4354,4,601.44,4,588.6600000000001,move,improve
4355,4,601.44,4,588.6600000000001,swap,notBad
4356,4,601.44,4,588.6600000000001,2opt,notBad
4357,4,601.44,4,588.6600000000001,swap,notBad
4358,4,601.44,4,588.6600000000001,swap,notBad
4359,4,601.44,4,588.6600000000001,move,improve
4360,4,601.44,4,588.6600000000001,2opt,notBad
4361,4,598.74,4,588.6600000000001,move,improve
4362,4,598.74,4,588.6600000000001,2opt,notBad
4363,4,598.74,4,588.6600000000001,2opt,notBad
4364,4,598.74,4,588.6600000000001,2opt,notBad
4365,4,598.74,4,588.6600000000001,swap,notBad
4366,4,598.74,4,588.6600000000001,2opt,notBad
4367,4,598.74,4,588.6600000000001,2opt,notBad
4368,4,598.74,4,588.6600000000001,2opt,notBad
4369,4,598.74,4,588.6600000000001,2opt,notBad
4370,4,598.74,4,588.6600000000001,swap,notBad
4371,4,598.74,4,588.6600000000001,swap,notBad
4372,4,598.4699999999999,4,588.6600000000001,move,improve
4373,4,598.4699999999999,4,588.6600000000001,2opt,notBad
4374,4,598.4699999999999,4,588.6600000000001,2opt,notBad
4375,4,598.4699999999999,4,588.6600000000001,move,improve
4376,4,598.4699999999999,4,588.6600000000001,swap,notBad
4377,4,602.0699999999999,4,588.6600000000001,swap,acceptBad
4378,4,602.0699999999999,4,588.6600000000001,2opt,notBad
4379,4,605.27,4,588.6600000000001,swap,acceptBad
4380,4,604.7299999999999,4,588.6600000000001,move,improve
4381,4,597.71,4,588.6600000000001,move,improve
4382,4,597.71,4,588.6600000000001,move,improve
4383,4,597.71,4,588.6600000000001,2opt,notBad
4384,4,597.71,4,588.6600000000001,2opt,notBad
4385,4,597.71,4,588.6600000000001,swap,notBad
4386,4,597.71,4,588.6600000000001,swap,notBad
4387,4,598.25,4,588.6600000000001,swap,acceptBad
4388,4,605.69,4,588.6600000000001,swap,acceptBad
4389,4,605.69,4,588.6600000000001,swap,notBad
4390,4,605.69,4,588.6600000000001,move,improve
4391,4,605.69,4,588.6600000000001,2opt,notBad
4392,4,605.69,4,588.6600000000001,move,improve
4393,4,605.69,4,588.6600000000001,2opt,notBad
4394,4,605.69,4,588.6600000000001,swap,notBad
4395,4,605.69,4,588.6600000000001,2opt,notBad
4396,4,605.69,4,588.6600000000001,2opt,notBad
4397,4,605.69,4,588.6600000000001,swap,notBad
4398,4,605.69,4,588.6600000000001,move,improve
4399,4,605.69,4,588.6600000000001,2opt,notBad
4400,4,605.69,4,588.6600000000001,swap,notBad
4401,4,600.97,4,588.6600000000001,move,improve
4402,4,600.97,4,588.6600000000001,swap,notBad
4403,4,602.81,4,588.6600000000001,swap,acceptBad
4404,4,602.81,4,588.6600000000001,move,improve
4405,4,602.81,4,588.6600000000001,2opt,notBad
4406,4,602.81,4,588.6600000000001,swap,notBad
4407,4,607.22,4,588.6600000000001,swap,acceptBad
4408,4,609.92,4,588.6600000000001,swap,acceptBad
4409,4,608.4000000000001,4,588.6600000000001,move,improve
4410,4,608.4000000000001,4,588.6600000000001,2opt,notBad
4411,4,608.4000000000001,4,588.6600000000001,2opt,improve
4412,4,608.4000000000001,4,588.6600000000001,swap,notBad
4413,4,601.92,4,588.6600000000001,move,improve
4414,4,601.92,4,588.6600000000001,2opt,notBad
4415,4,601.92,4,588.6600000000001,swap,notBad
4416,4,601.92,4,588.6600000000001,2opt,notBad
4417,4,601.92,4,588.6600000000001,2opt,notBad
4418,4,601.92,4,588.6600000000001,2opt,improve
4419,4,601.92,4,588.6600000000001,swap,notBad
4420,4,601.92,4,588.6600000000001,swap,notBad
4421,4,601.92,4,588.6600000000001,move,improve
4422,4,594.27,4,588.6600000000001,move,improve
4423,4,594.27,4,588.6600000000001,2opt,notBad
4424,4,594.27,4,588.6600000000001,2opt,notBad
4425,4,594.27,4,588.6600000000001,2opt,notBad
4426,4,594.27,4,588.6600000000001,2opt,notBad
4427,4,593.1,4,588.6600000000001,move,improve
4428,4,593.1,4,588.6600000000001,move,improve
4429,4,591.2600000000001,4,588.6600000000001,move,improve
4430,4,589.46,4,588.6600000000001,swap,improve
4431,4,589.46,4,588.6600000000001,swap,notBad
4432,4,589.46,4,588.6600000000001,swap,notBad
4433,4,589.46,4,588.6600000000001,2opt,notBad
4434,4,589.46,4,588.6600000000001,swap,notBad
4435,4,589.46,4,588.6600000000001,move,improve
4436,4,589.46,4,588.6600000000001,swap,notBad
4437,4,589.46,4,588.6600000000001,2opt,notBad
4438,4,589.46,4,588.6600000000001,swap,notBad
4439,4,589.46,4,588.6600000000001,move,improve
4440,4,589.46,4,588.6600000000001,swap,notBad
4441,4,589.46,4,588.6600000000001,swap,notBad
4442,4,595.49,4,588.6600000000001,swap,acceptBad
4443,4,595.49,4,588.6600000000001,2opt,notBad
4444,4,595.49,4,588.6600000000001,2opt,notBad
4445,4,595.49,4,588.6600000000001,swap,notBad
4446,4,595.49,4,588.6600000000001,move,improve
4447,4,595.49,4,588.6600000000001,2opt,notBad
4448,4,595.49,4,588.6600000000001,2opt,notBad
4449,4,595.49,4,588.6600000000001,swap,notBad
4450,4,595.49,4,588.6600000000001,2opt,notBad
4451,4,595.49,4,588.6600000000001,swap,notBad
4452,4,595.49,4,588.6600000000001,swap,notBad
4453,4,595.49,4,588.6600000000001,move,improve
4454,4,595.49,4,588.6600000000001,swap,notBad
4455,4,595.49,4,588.6600000000001,2opt,notBad
4456,4,595.49,4,588.6600000000001,2opt,notBad
4457,4,595.49,4,588.6600000000001,swap,notBad
4458,4,595.49,4,588.6600000000001,swap,notBad
4459,4,595.49,4,588.6600000000001,move,improve
4460,4,595.49,4,588.6600000000001,swap,notBad
4461,4,595.49,4,588.6600000000001,move,improve
4462,4,595.49,4,588.6600000000001,2opt,notBad
4463,4,595.49,4,588.6600000000001,move,improve
4464,4,595.49,4,588.6600000000001,2opt,notBad
4465,4,595.49,4,588.6600000000001,move,improve
4466,4,595.49,4,588.6600000000001,2opt,notBad
4467,4,595.49,4,588.6600000000001,move,improve
4468,4,595.49,4,588.6600000000001,swap,notBad
4469,4,595.49,4,588.6600000000001,move,improve
4470,4,595.49,4,588.6600000000001,2opt,notBad
4471,4,584.33,4,584.33,move,newBest
4472,4,584.33,4,584.33,move,improve
4473,4,584.33,4,584.33,2opt,notBad
4474,4,584.33,4,584.33,move,improve
4475,4,583.77,4,583.77,move,newBest
4476,4,583.77,4,583.77,move,improve
4477,4,583.77,4,583.77,2opt,notBad
4478,4,583.77,4,583.77,move,improve
4479,4,583.77,4,583.77,move,improve
4480,4,583.77,4,583.77,2opt,notBad
4481,4,583.77,4,583.77,swap,notBad
4482,4,583.77,4,583.77,move,improve
4483,4,583.77,4,583.77,swap,notBad
4484,4,579.65,4,579.65,move,newBest
4485,4,579.65,4,579.65,move,improve
4486,4,579.33,4,579.33,move,newBest
4487,4,579.33,4,579.33,2opt,notBad
4488,4,579.33,4,579.33,move,improve
4489,4,579.33,4,579.33,2opt,notBad
4490,4,579.33,4,579.33,move,improve
4491,4,579.33,4,579.33,move,improve
4492,4,579.33,4,579.33,2opt,notBad
4493,4,579.33,4,579.33,swap,notBad
4494,4,579.33,4,579.33,2opt,notBad
4495,4,579.33,4,579.33,2opt,notBad
4496,4,579.33,4,579.33,swap,notBad
4497,4,579.33,4,579.33,move,improve
4498,4,579.33,4,579.33,2opt,notBad
4499,4,579.33,4,579.33,move,improve
4500,4,579.33,4,579.33,move,improve
4501,4,579.33,4,579.33,2opt,improve
4502,4,581.5899999999999,4,579.33,swap,acceptBad
4503,4,581.5899999999999,4,579.33,swap,notBad
4504,4,578.63,4,578.63,move,newBest
4505,4,578.63,4,578.63,swap,notBad
4506,4,578.63,4,578.63,move,improve
4507,4,578.63,4,578.63,move,improve
4508,4,578.63,4,578.63,2opt,notBad
4509,4,576.55,4,576.55,move,newBest
4510,4,576.55,4,576.55,swap,notBad
4511,4,576.55,4,576.55,move,improve
4512,4,581.5899999999999,4,576.55,swap,acceptBad
4513,4,581.5899999999999,4,576.55,move,improve
4514,4,581.5899999999999,4,576.55,2opt,notBad
4515,4,581.5899999999999,4,576.55,2opt,notBad
4516,4,581.5899999999999,4,576.55,swap,notBad
4517,4,581.5899999999999,4,576.55,move,improve
4518,4,580.23,4,576.55,move,improve
4519,4,580.23,4,576.55,swap,notBad
4520,4,580.23,4,576.55,swap,notBad
4521,4,580.23,4,576.55,swap,notBad
4522,4,580.23,4,576.55,2opt,notBad
4523,4,580.23,4,576.55,move,improve
4524,4,580.23,4,576.55,move,improve
4525,4,580.23,4,576.55,move,improve
4526,4,580.23,4,576.55,swap,notBad
4527,4,580.23,4,576.55,move,improve
4528,4,580.23,4,576.55,swap,notBad
4529,4,580.23,4,576.55,swap,notBad
4530,4,580.23,4,576.55,2opt,improve
4531,4,580.23,4,576.55,swap,notBad
4532,4,580.23,4,576.55,swap,notBad
4533,4,580.23,4,576.55,move,improve
4534,4,580.23,4,576.55,move,improve
4535,4,580.23,4,576.55,move,improve
4536,4,580.23,4,576.55,move,improve
4537,4,580.23,4,576.55,move,improve
4538,4,580.23,4,576.55,2opt,notBad
4539,4,580.23,4,576.55,move,improve
4540,4,580.23,4,576.55,swap,notBad
4541,4,580.23,4,576.55,swap,notBad
4542,4,574.1999999999999,4,574.1999999999999,move,newBest
4543,4,574.1999999999999,4,574.1999999999999,2opt,notBad
4544,4,574.1999999999999,4,574.1999999999999,swap,notBad
4545,4,574.1999999999999,4,574.1999999999999,2opt,notBad
4546,4,574.1999999999999,4,574.1999999999999,move,improve
4547,4,574.1999999999999,4,574.1999999999999,move,improve
4548,4,574.1999999999999,4,574.1999999999999,swap,notBad
4549,4,574.1999999999999,4,574.1999999999999,2opt,notBad
4550,4,574.1999999999999,4,574.1999999999999,2opt,notBad
4551,4,575.4,4,574.1999999999999,swap,acceptBad
4552,4,575.4,4,574.1999999999999,2opt,notBad
4553,4,568.5600000000001,4,568.5600000000001,move,newBest
4554,4,568.5600000000001,4,568.5600000000001,swap,notBad
4555,4,568.5600000000001,4,568.5600000000001,2opt,improve
4556,4,569.9100000000001,4,568.5600000000001,swap,acceptBad
4557,4,569.9100000000001,4,568.5600000000001,move,improve
4558,4,569.9100000000001,4,568.5600000000001,swap,notBad
4559,4,569.9100000000001,4,568.5600000000001,2opt,notBad
4560,4,569.9100000000001,4,568.5600000000001,2opt,notBad
4561,4,575.0300000000001,4,568.5600000000001,swap,acceptBad
4562,4,575.0300000000001,4,568.5600000000001,move,improve
4563,4,575.0300000000001,4,568.5600000000001,move,improve
4564,4,575.0300000000001,4,568.5600000000001,2opt,notBad
4565,4,575.0300000000001,4,568.5600000000001,swap,notBad
4566,4,575.0300000000001,4,568.5600000000001,swap,notBad
4567,4,575.0300000000001,4,568.5600000000001,swap,notBad
4568,4,575.0300000000001,4,568.5600000000001,move,improve
4569,4,575.0300000000001,4,568.5600000000001,2opt,notBad
4570,4,575.0300000000001,4,568.5600000000001,2opt,notBad
4571,4,575.0300000000001,4,568.5600000000001,move,improve
4572,4,575.0300000000001,4,568.5600000000001,2opt,notBad
4573,4,575.0300000000001,4,568.5600000000001,move,improve
4574,4,575.0300000000001,4,568.5600000000001,move,improve
4575,4,575.0300000000001,4,568.5600000000001,move,improve
4576,4,575.0300000000001,4,568.5600000000001,2opt,improve
4577,4,575.0300000000001,4,568.5600000000001,2opt,notBad
4578,4,575.0300000000001,4,568.5600000000001,swap,notBad
4579,4,575.0300000000001,4,568.5600000000001,2opt,improve
4580,4,575.0300000000001,4,568.5600000000001,move,improve
4581,4,573.6800000000001,4,568.5600000000001,move,improve
4582,4,573.6800000000001,4,568.5600000000001,swap,notBad
4583,4,573.6800000000001,4,568.5600000000001,swap,notBad
4584,4,573.6800000000001,4,568.5600000000001,2opt,improve
4585,4,573.6800000000001,4,568.5600000000001,2opt,notBad
4586,4,573.6800000000001,4,568.5600000000001,2opt,notBad
4587,4,573.6800000000001,4,568.5600000000001,swap,notBad
4588,4,573.6800000000001,4,568.5600000000001,move,improve
4589,4,573.6800000000001,4,568.5600000000001,move,improve
4590,4,573.6800000000001,4,568.5600000000001,move,improve
4591,4,573.6800000000001,4,568.5600000000001,move,improve
4592,4,573.6800000000001,4,568.5600000000001,2opt,notBad
4593,4,573.6800000000001,4,568.5600000000001,move,improve
4594,4,573.6800000000001,4,568.5600000000001,2opt,notBad
4595,4,573.6800000000001,4,568.5600000000001,2opt,notBad
4596,4,573.6800000000001,4,568.5600000000001,swap,notBad
4597,4,572.72,4,568.5600000000001,move,improve
4598,4,572.72,4,568.5600000000001,2opt,notBad
4599,4,572.72,4,568.5600000000001,2opt,notBad
4600,4,572.72,4,568.5600000000001,move,improve
4601,4,572.72,4,568.5600000000001,2opt,notBad
4602,4,572.72,4,568.5600000000001,move,improve
4603,4,572.72,4,568.5600000000001,move,improve
4604,4,579.36,4,568.5600000000001,swap,acceptBad
4605,4,579.36,4,568.5600000000001,swap,notBad
4606,4,579.36,4,568.5600000000001,2opt,notBad
4607,4,579.36,4,568.5600000000001,move,improve
4608,4,579.36,4,568.5600000000001,2opt,notBad
4609,4,579.36,4,568.5600000000001,2opt,notBad
4610,4,579.36,4,568.5600000000001,swap,notBad
4611,4,579.36,4,568.5600000000001,2opt,notBad
4612,4,579.36,4,568.5600000000001,2opt,notBad
4613,4,579.36,4,568.5600000000001,move,improve
4614,4,579.36,4,568.5600000000001,2opt,notBad
4615,4,578.4800000000001,4,568.5600000000001,move,improve
4616,4,574.8,4,568.5600000000001,move,improve
4617,4,568.59,4,568.5600000000001,move,improve
4618,4,568.59,4,568.5600000000001,2opt,notBad
4619,4,568.59,4,568.5600000000001,move,improve
4620,4,568.5100000000001,4,568.5100000000001,move,newBest
4621,4,568.5100000000001,4,568.5100000000001,move,improve
4622,4,568.5100000000001,4,568.5100000000001,move,improve
4623,4,568.5100000000001,4,568.5100000000001,move,improve
4624,4,568.5100000000001,4,568.5100000000001,2opt,notBad
4625,4,568.5100000000001,4,568.5100000000001,2opt,notBad
4626,4,568.5100000000001,4,568.5100000000001,2opt,improve
4627,4,568.5100000000001,4,568.5100000000001,2opt,notBad
4628,4,568.5100000000001,4,568.5100000000001,2opt,notBad
4629,4,568.5100000000001,4,568.5100000000001,move,improve
4630,4,568.5100000000001,4,568.5100000000001,move,improve
4631,4,568.5100000000001,4,568.5100000000001,move,improve
4632,4,572.6700000000001,4,568.5100000000001,swap,acceptBad
4633,4,572.6700000000001,4,568.5100000000001,2opt,notBad
4634,4,572.6700000000001,4,568.5100000000001,move,improve
4635,4,572.6700000000001,4,568.5100000000001,swap,notBad
4636,4,572.6700000000001,4,568.5100000000001,move,improve
4637,4,572.6700000000001,4,568.5100000000001,move,improve
4638,4,572.6700000000001,4,568.5100000000001,move,improve
4639,4,572.6700000000001,4,568.5100000000001,swap,notBad
4640,4,572.6700000000001,4,568.5100000000001,move,improve
4641,4,566.1100000000001,4,566.1100000000001,move,newBest
4642,4,566.1100000000001,4,566.1100000000001,move,improve
4643,4,568.6700000000002,4,566.1100000000001,swap,acceptBad
4644,4,568.6700000000002,4,566.1100000000001,2opt,notBad
4645,4,552.3200000000002,4,552.3200000000002,move,newBest
4646,4,552.3200000000002,4,552.3200000000002,swap,notBad
4647,4,552.3200000000002,4,552.3200000000002,swap,notBad
4648,4,552.3200000000002,4,552.3200000000002,swap,notBad
4649,4,552.3200000000002,4,552.3200000000002,2opt,notBad
4650,4,551.1200000000001,4,551.1200000000001,move,newBest
4651,4,551.1200000000001,4,551.1200000000001,move,improve
4652,4,551.1200000000001,4,551.1200000000001,2opt,notBad
4653,4,551.1200000000001,4,551.1200000000001,swap,notBad
4654,4,551.1200000000001,4,551.1200000000001,2opt,notBad
4655,4,551.1200000000001,4,551.1200000000001,swap,notBad
4656,4,547.84,4,547.84,move,newBest
4657,4,547.84,4,547.84,move,improve
4658,4,547.84,4,547.84,swap,notBad
4659,4,547.84,4,547.84,move,improve
4660,4,547.84,4,547.84,move,improve
4661,4,547.84,4,547.84,2opt,notBad
4662,4,547.84,4,547.84,2opt,improve
4663,4,547.84,4,547.84,2opt,notBad
4664,4,547.84,4,547.84,move,improve
4665,4,547.84,4,547.84,swap,notBad
4666,4,547.84,4,547.84,move,improve
4667,4,547.84,4,547.84,2opt,notBad
4668,4,547.84,4,547.84,swap,notBad
4669,4,547.84,4,547.84,2opt,notBad
4670,4,547.84,4,547.84,move,improve
4671,4,547.84,4,547.84,move,improve
4672,4,547.84,4,547.84,2opt,notBad
4673,4,547.84,4,547.84,move,improve
4674,4,547.84,4,547.84,2opt,notBad
4675,4,547.84,4,547.84,2opt,notBad
4676,4,547.84,4,547.84,move,improve
4677,4,547.84,4,547.84,2opt,notBad
4678,4,547.84,4,547.84,swap,notBad
4679,4,547.84,4,547.84,move,improve
4680,4,547.84,4,547.84,2opt,notBad
4681,4,547.84,4,547.84,swap,notBad
4682,4,547.84,4,547.84,2opt,notBad
4683,4,547.84,4,547.84,2opt,notBad
4684,4,547.84,4,547.84,2opt,notBad
4685,4,547.84,4,547.84,2opt,notBad
4686,4,547.84,4,547.84,swap,notBad
4687,4,547.84,4,547.84,2opt,notBad
4688,4,547.84,4,547.84,2opt,notBad
4689,4,547.84,4,547.84,move,improve
4690,4,550.87,4,547.84,move,acceptBad
4691,4,550.87,4,547.84,swap,notBad
4692,4,550.87,4,547.84,2opt,notBad
4693,4,550.87,4,547.84,swap,notBad
4694,4,550.87,4,547.84,2opt,notBad
4695,4,550.87,4,547.84,move,improve
4696,4,550.87,4,547.84,swap,notBad
4697,4,550.87,4,547.84,swap,notBad
4698,4,550.87,4,547.84,move,improve
4699,4,550.87,4,547.84,swap,notBad
4700,4,550.87,4,547.84,2opt,improve
4701,4,550.87,4,547.84,swap,notBad
4702,4,550.87,4,547.84,2opt,notBad
4703,4,550.87,4,547.84,move,improve
4704,4,553.75,4,547.84,swap,acceptBad
4705,4,553.75,4,547.84,2opt,notBad
4706,4,553.75,4,547.84,2opt,notBad
4707,4,553.75,4,547.84,move,improve
4708,4,553.75,4,547.84,2opt,notBad
4709,4,553.75,4,547.84,swap,notBad
4710,4,553.75,4,547.84,2opt,notBad
4711,4,553.75,4,547.84,move,improve
4712,4,553.75,4,547.84,move,improve
4713,4,556.55,4,547.84,swap,acceptBad
4714,4,556.55,4,547.84,move,improve
4715,4,556.55,4,547.84,2opt,notBad
4716,4,556.55,4,547.84,move,improve
4717,4,554.96,4,547.84,move,improve
4718,4,554.96,4,547.84,2opt,notBad
4719,4,554.96,4,547.84,2opt,notBad
4720,4,554.96,4,547.84,2opt,notBad
4721,4,549.92,4,547.84,move,improve
4722,4,549.92,4,547.84,move,improve
4723,4,549.92,4,547.84,swap,notBad
4724,4,556.62,4,547.84,swap,acceptBad
4725,4,556.62,4,547.84,swap,notBad
4726,4,556.62,4,547.84,move,improve
4727,4,556.62,4,547.84,2opt,notBad
4728,4,556.62,4,547.84,swap,notBad
4729,4,556.62,4,547.84,2opt,notBad
4730,4,556.62,4,547.84,move,improve
4731,4,554.14,4,547.84,move,improve
4732,4,554.14,4,547.84,swap,notBad
4733,4,559.6600000000001,4,547.84,swap,acceptBad
4734,4,559.6600000000001,4,547.84,swap,notBad
4735,4,559.6600000000001,4,547.84,2opt,notBad
4736,4,559.6600000000001,4,547.84,2opt,notBad
4737,4,559.6600000000001,4,547.84,move,improve
4738,4,559.6600000000001,4,547.84,swap,notBad
4739,4,559.6600000000001,4,547.84,swap,notBad
4740,4,559.6600000000001,4,547.84,2opt,notBad
4741,4,562.62,4,547.84,swap,acceptBad
4742,4,562.62,4,547.84,2opt,notBad
4743,4,562.62,4,547.84,2opt,notBad
4744,4,562.62,4,547.84,2opt,notBad
4745,4,562.62,4,547.84,swap,notBad
4746,4,562.62,4,547.84,swap,notBad
4747,4,562.62,4,547.84,2opt,notBad
4748,4,562.62,4,547.84,move,improve
4749,4,562.62,4,547.84,swap,notBad
4750,4,562.62,4,547.84,2opt,notBad
4751,4,562.62,4,547.84,2opt,notBad
4752,4,562.62,4,547.84,2opt,notBad
4753,4,562.62,4,547.84,swap,notBad
4754,4,562.62,4,547.84,swap,notBad
4755,4,562.62,4,547.84,2opt,notBad
4756,4,562.62,4,547.84,2opt,improve
4757,4,565.82,4,547.84,swap,acceptBad
4758,4,565.82,4,547.84,2opt,notBad
4759,4,565.82,4,547.84,swap,notBad
4760,4,565.82,4,547.84,swap,notBad
4761,4,562.62,4,547.84,move,improve
4762,4,562.62,4,547.84,2opt,notBad
4763,4,562.62,4,547.84,2opt,notBad
4764,4,562.62,4,547.84,2opt,notBad
4765,4,562.62,4,547.84,move,improve
4766,4,562.62,4,547.84,swap,notBad
4767,4,562.62,4,547.84,swap,notBad
4768,4,562.62,4,547.84,2opt,notBad
4769,4,562.62,4,547.84,swap,notBad
4770,4,562.62,4,547.84,2opt,notBad
4771,4,562.62,4,547.84,swap,notBad
4772,4,561.26,4,547.84,move,improve
4773,4,561.26,4,547.84,move,improve
4774,4,561.26,4,547.84,2opt,notBad
4775,4,561.26,4,547.84,move,improve
4776,4,561.26,4,547.84,2opt,improve
4777,4,561.26,4,547.84,swap,notBad
4778,4,561.26,4,547.84,swap,notBad
4779,4,561.26,4,547.84,move,improve
4780,4,570.26,4,547.84,swap,acceptBad
4781,4,570.26,4,547.84,2opt,notBad
4782,4,570.26,4,547.84,move,improve
4783,4,570.26,4,547.84,move,improve
4784,4,568.74,4,547.84,move,improve
4785,4,568.74,4,547.84,2opt,improve
4786,4,568.74,4,547.84,swap,notBad
4787,4,568.74,4,547.84,move,improve
4788,4,568.74,4,547.84,2opt,notBad
4789,4,568.74,4,547.84,swap,notBad
4790,4,568.74,4,547.84,swap,notBad
4791,4,568.74,4,547.84,swap,notBad
4792,4,568.34,4,547.84,move,improve
4793,4,568.34,4,547.84,swap,notBad
4794,4,568.34,4,547.84,2opt,notBad
4795,4,568.34,4,547.84,move,improve
4796,4,568.34,4,547.84,2opt,notBad
4797,4,568.34,4,547.84,2opt,notBad
4798,4,568.34,4,547.84,2opt,notBad
4799,4,568.34,4,547.84,move,improve
4800,4,568.34,4,547.84,2opt,notBad
4801,4,568.34,4,547.84,move,improve
4802,4,568.34,4,547.84,2opt,notBad
4803,4,568.34,4,547.84,move,improve
4804,4,566.98,4,547.84,move,improve
4805,4,566.98,4,547.84,swap,notBad
4806,4,569.6800000000001,4,547.84,swap,acceptBad
4807,4,569.6800000000001,4,547.84,move,improve
4808,4,569.6800000000001,4,547.84,move,improve
4809,4,569.6800000000001,4,547.84,swap,notBad
4810,4,569.6800000000001,4,547.84,2opt,improve
4811,4,569.6800000000001,4,547.84,swap,notBad
4812,4,569.6800000000001,4,547.84,swap,notBad
4813,4,569.6800000000001,4,547.84,2opt,notBad
4814,4,569.6800000000001,4,547.84,swap,notBad
4815,4,567.8400000000001,4,547.84,move,improve
4816,4,567.8400000000001,4,547.84,swap,notBad
4817,4,567.8400000000001,4,547.84,2opt,notBad
4818,4,567.8400000000001,4,547.84,move,improve
4819,4,567.8400000000001,4,547.84,2opt,notBad
4820,4,567.8400000000001,4,547.84,swap,notBad
4821,4,567.8400000000001,4,547.84,move,improve
4822,4,567.8400000000001,4,547.84,2opt,notBad
4823,4,567.8400000000001,4,547.84,move,improve
4824,4,567.8400000000001,4,547.84,move,improve
4825,4,567.8400000000001,4,547.84,2opt,notBad
4826,4,567.8400000000001,4,547.84,move,improve
4827,4,567.8400000000001,4,547.84,swap,notBad
4828,4,564.96,4,547.84,move,improve
4829,4,564.96,4,547.84,move,improve
4830,4,564.96,4,547.84,swap,notBad
4831,4,564.96,4,547.84,swap,notBad
4832,4,564.96,4,547.84,2opt,improve
4833,4,555.96,4,547.84,move,improve
4834,4,555.96,4,547.84,2opt,notBad
4835,4,555.96,4,547.84,move,improve
4836,4,555.96,4,547.84,2opt,notBad
4837,4,555.96,4,547.84,swap,notBad
4838,4,555.96,4,547.84,swap,notBad
4839,4,555.96,4,547.84,swap,notBad
4840,4,555.96,4,547.84,swap,notBad
4841,4,555.96,4,547.84,swap,notBad
4842,4,555.0,4,547.84,move,improve
4843,4,555.0,4,547.84,swap,notBad
4844,4,555.0,4,547.84,2opt,notBad
4845,4,555.0,4,547.84,2opt,notBad
4846,4,555.0,4,547.84,swap,notBad
4847,4,555.0,4,547.84,2opt,improve
4848,4,555.0,4,547.84,2opt,notBad
4849,4,555.0,4,547.84,move,improve
4850,4,555.0,4,547.84,swap,notBad
4851,4,555.0,4,547.84,2opt,notBad
4852,4,555.0,4,547.84,move,improve
4853,4,555.0,4,547.84,2opt,notBad
4854,4,555.0,4,547.84,2opt,notBad
4855,4,555.0,4,547.84,2opt,notBad
4856,4,555.0,4,547.84,2opt,notBad
4857,4,555.0,4,547.84,2opt,notBad
4858,4,555.0,4,547.84,move,improve
4859,4,555.0,4,547.84,move,improve
4860,4,555.0,4,547.84,swap,notBad
4861,4,555.0,4,547.84,2opt,notBad
4862,4,555.0,4,547.84,move,improve
4863,4,555.0,4,547.84,2opt,notBad
4864,4,555.0,4,547.84,swap,notBad
4865,4,554.3500000000001,4,547.84,move,improve
4866,4,554.3500000000001,4,547.84,swap,notBad
4867,4,554.3500000000001,4,547.84,move,improve
4868,4,554.3500000000001,4,547.84,swap,notBad
4869,4,554.3500000000001,4,547.84,2opt,notBad
4870,4,554.3500000000001,4,547.84,2opt,notBad
4871,4,554.3500000000001,4,547.84,2opt,notBad
4872,4,551.6500000000002,4,547.84,move,improve
4873,4,551.6500000000002,4,547.84,2opt,notBad
4874,4,551.6500000000002,4,547.84,2opt,notBad
4875,4,551.6500000000002,4,547.84,2opt,notBad
4876,4,551.6500000000002,4,547.84,2opt,notBad
4877,4,551.6500000000002,4,547.84,2opt,notBad
4878,4,551.6500000000002,4,547.84,move,improve
4879,4,551.6500000000002,4,547.84,swap,notBad
4880,4,551.6500000000002,4,547.84,2opt,notBad
4881,4,551.6500000000002,4,547.84,2opt,notBad
4882,4,551.6500000000002,4,547.84,2opt,notBad
4883,4,551.6500000000002,4,547.84,swap,notBad
4884,4,551.5900000000001,4,547.84,move,improve
4885,4,551.5900000000001,4,547.84,2opt,notBad
4886,4,551.5900000000001,4,547.84,2opt,notBad
4887,4,551.5900000000001,4,547.84,2opt,improve
4888,4,558.6100000000001,4,547.84,swap,acceptBad
4889,4,558.5500000000002,4,547.84,move,improve
4890,4,558.5500000000002,4,547.84,2opt,notBad
4891,4,558.5500000000002,4,547.84,move,improve
4892,4,558.5500000000002,4,547.84,2opt,notBad
4893,4,558.5500000000002,4,547.84,2opt,notBad
4894,4,558.5500000000002,4,547.84,move,improve
4895,4,558.5500000000002,4,547.84,swap,notBad
4896,4,558.5500000000002,4,547.84,move,improve
4897,4,558.5500000000002,4,547.84,move,improve
4898,4,558.5500000000002,4,547.84,swap,notBad
4899,4,558.5500000000002,4,547.84,move,improve
4900,4,558.5500000000002,4,547.84,2opt,notBad
4901,4,558.5500000000002,4,547.84,2opt,notBad
4902,4,561.5900000000001,4,547.84,swap,acceptBad
4903,4,561.5900000000001,4,547.84,swap,notBad
4904,4,561.5900000000001,4,547.84,2opt,notBad
4905,4,561.5900000000001,4,547.84,2opt,notBad
4906,4,561.5900000000001,4,547.84,move,improve
4907,4,559.0300000000002,4,547.84,move,improve
4908,4,559.0300000000002,4,547.84,swap,notBad
4909,4,559.0300000000002,4,547.84,move,improve
4910,4,559.0300000000002,4,547.84,2opt,notBad
4911,4,559.0300000000002,4,547.84,2opt,notBad
4912,4,559.0300000000002,4,547.84,2opt,notBad
4913,4,559.0300000000002,4,547.84,swap,notBad
4914,4,559.0300000000002,4,547.84,swap,notBad
4915,4,559.0300000000002,4,547.84,swap,notBad
4916,4,559.0300000000002,4,547.84,swap,notBad
4917,4,559.0300000000002,4,547.84,swap,notBad
4918,4,559.0300000000002,4,547.84,move,improve
4919,4,564.5500000000001,4,547.84,swap,acceptBad
4920,4,564.5500000000001,4,547.84,swap,notBad
4921,4,564.5500000000001,4,547.84,2opt,notBad
4922,4,563.1100000000001,4,547.84,move,improve
4923,4,562.8100000000001,4,547.84,move,improve
4924,4,562.8100000000001,4,547.84,swap,notBad
4925,4,562.8100000000001,4,547.84,move,improve
4926,4,562.8100000000001,4,547.84,move,improve
4927,4,562.8100000000001,4,547.84,2opt,improve
4928,4,560.6500000000001,4,547.84,move,improve
4929,4,560.6500000000001,4,547.84,swap,notBad
4930,4,560.6500000000001,4,547.84,move,improve
4931,4,560.6500000000001,4,547.84,swap,notBad
4932,4,560.6500000000001,4,547.84,2opt,improve
4933,4,560.6500000000001,4,547.84,2opt,notBad
4934,4,560.6500000000001,4,547.84,move,improve
4935,4,560.6500000000001,4,547.84,swap,notBad
4936,4,560.6500000000001,4,547.84,swap,notBad
4937,4,560.6500000000001,4,547.84,2opt,notBad
4938,4,560.6500000000001,4,547.84,2opt,notBad
4939,4,554.83,4,547.84,move,improve
4940,4,556.45,4,547.84,swap,acceptBad
4941,4,556.45,4,547.84,move,improve
4942,4,556.45,4,547.84,2opt,notBad
4943,4,556.45,4,547.84,move,improve
4944,4,556.45,4,547.84,swap,notBad
4945,4,556.45,4,547.84,2opt,notBad
4946,4,556.45,4,547.84,swap,notBad
4947,4,556.45,4,547.84,swap,notBad
4948,4,556.45,4,547.84,2opt,notBad
4949,4,556.45,4,547.84,2opt,notBad
4950,4,556.45,4,547.84,2opt,notBad
4951,4,556.45,4,547.84,swap,notBad
4952,4,556.45,4,547.84,swap,notBad
4953,4,556.45,4,547.84,swap,notBad
4954,4,556.45,4,547.84,move,improve
4955,4,561.7900000000002,4,547.84,swap,acceptBad
4956,4,561.7900000000002,4,547.84,move,improve
4957,4,561.7900000000002,4,547.84,move,improve
4958,4,561.7900000000002,4,547.84,swap,notBad
4959,4,561.7900000000002,4,547.84,move,improve
4960,4,561.7900000000002,4,547.84,2opt,notBad
4961,4,561.7900000000002,4,547.84,move,improve
4962,4,561.7900000000002,4,547.84,swap,notBad
4963,4,561.7900000000002,4,547.84,move,improve
4964,4,558.1,4,547.84,move,improve
4965,4,558.1,4,547.84,2opt,notBad
4966,4,558.1,4,547.84,swap,notBad
4967,4,558.1,4,547.84,2opt,notBad
4968,4,558.1,4,547.84,2opt,notBad
4969,4,558.1,4,547.84,2opt,notBad
4970,4,558.1,4,547.84,swap,notBad
4971,4,555.0400000000001,4,547.84,move,improve
4972,4,555.0400000000001,4,547.84,2opt,notBad
4973,4,555.0400000000001,4,547.84,move,improve
4974,4,555.0400000000001,4,547.84,move,improve
4975,4,555.0400000000001,4,547.84,move,improve
4976,4,555.0400000000001,4,547.84,swap,notBad
4977,4,555.0400000000001,4,547.84,move,improve
4978,4,555.0400000000001,4,547.84,2opt,notBad
4979,4,551.9799999999999,4,547.84,move,improve
4980,4,551.9799999999999,4,547.84,2opt,notBad
4981,4,551.9799999999999,4,547.84,swap,notBad
4982,4,551.9799999999999,4,547.84,swap,notBad
4983,4,549.9399999999999,4,547.84,move,improve
4984,4,549.9399999999999,4,547.84,2opt,notBad
4985,4,549.9399999999999,4,547.84,2opt,improve
4986,4,549.9399999999999,4,547.84,2opt,notBad
4987,4,549.9399999999999,4,547.84,move,improve
4988,4,549.9399999999999,4,547.84,move,improve
4989,4,549.9399999999999,4,547.84,swap,notBad
4990,4,549.9399999999999,4,547.84,2opt,notBad
4991,4,549.9399999999999,4,547.84,move,improve
4992,4,549.9399999999999,4,547.84,move,improve
4993,4,549.9399999999999,4,547.84,2opt,notBad
4994,4,554.9799999999999,4,547.84,swap,acceptBad
4995,4,554.9799999999999,4,547.84,swap,notBad
4996,4,554.9799999999999,4,547.84,swap,notBad
4997,4,554.9799999999999,4,547.84,move,improve
4998,4,554.9799999999999,4,547.84,2opt,notBad
4999,4,554.9799999999999,4,547.84,2opt,notBad
5000,4,554.9799999999999,4,547.84,move,improve
5001,4,554.9799999999999,4,547.84,2opt,notBad
5002,4,554.9799999999999,4,547.84,swap,notBad
5003,4,554.9799999999999,4,547.84,move,improve
5004,4,557.5799999999999,4,547.84,swap,acceptBad
5005,4,557.5799999999999,4,547.84,2opt,notBad
5006,4,557.5799999999999,4,547.84,2opt,notBad
5007,4,557.5799999999999,4,547.84,swap,notBad
5008,4,557.5799999999999,4,547.84,2opt,notBad
5009,4,557.5799999999999,4,547.84,2opt,notBad
5010,4,557.5799999999999,4,547.84,move,improve
5011,4,557.5799999999999,4,547.84,swap,notBad
5012,4,557.5799999999999,4,547.84,2opt,improve
5013,4,557.5799999999999,4,547.84,move,improve
5014,4,557.5799999999999,4,547.84,2opt,improve
5015,4,557.5799999999999,4,547.84,2opt,notBad
5016,4,557.5799999999999,4,547.84,move,improve
5017,4,557.5799999999999,4,547.84,swap,notBad
5018,4,557.5799999999999,4,547.84,move,improve
5019,4,556.9300000000001,4,547.84,move,improve
5020,4,556.9300000000001,4,547.84,2opt,improve
5021,4,556.9300000000001,4,547.84,swap,notBad
5022,4,556.9300000000001,4,547.84,swap,notBad
5023,4,556.9300000000001,4,547.84,2opt,notBad
5024,4,556.9300000000001,4,547.84,move,improve
5025,4,550.96,4,547.84,move,improve
5026,4,550.96,4,547.84,2opt,notBad
5027,4,550.96,4,547.84,2opt,notBad
5028,4,550.96,4,547.84,swap,notBad
5029,4,550.96,4,547.84,move,improve
5030,4,550.96,4,547.84,2opt,notBad
5031,4,550.96,4,547.84,2opt,notBad
5032,4,550.96,4,547.84,2opt,notBad
5033,4,550.96,4,547.84,move,improve
5034,4,550.96,4,547.84,2opt,notBad
5035,4,550.96,4,547.84,swap,notBad
5036,4,550.96,4,547.84,2opt,notBad
5037,4,550.96,4,547.84,2opt,notBad
5038,4,550.96,4,547.84,2opt,notBad
5039,4,550.96,4,547.84,2opt,notBad
5040,4,550.96,4,547.84,2opt,notBad
5041,4,550.96,4,547.84,swap,notBad
5042,4,550.96,4,547.84,move,improve
5043,4,550.96,4,547.84,swap,notBad
5044,4,550.96,4,547.84,2opt,notBad
5045,4,550.96,4,547.84,move,improve
5046,4,550.96,4,547.84,move,improve
5047,4,552.49,4,547.84,swap,acceptBad
5048,4,552.49,4,547.84,2opt,notBad
5049,4,552.49,4,547.84,move,improve
5050,4,552.49,4,547.84,2opt,notBad
5051,4,552.49,4,547.84,swap,notBad
5052,4,552.49,4,547.84,2opt,notBad
5053,4,552.49,4,547.84,swap,notBad
5054,4,552.49,4,547.84,2opt,notBad
5055,4,552.49,4,547.84,swap,notBad
5056,4,552.49,4,547.84,swap,notBad
5057,4,552.49,4,547.84,2opt,notBad
5058,4,552.49,4,547.84,swap,notBad
5059,4,552.49,4,547.84,swap,notBad
5060,4,552.49,4,547.84,swap,notBad
5061,4,552.49,4,547.84,2opt,improve
5062,4,549.6099999999999,4,547.84,move,improve
5063,4,549.6099999999999,4,547.84,swap,notBad
5064,4,549.6099999999999,4,547.84,swap,notBad
5065,4,549.6099999999999,4,547.84,swap,notBad
5066,4,549.6099999999999,4,547.84,move,improve
5067,4,549.6099999999999,4,547.84,move,improve
5068,4,549.6099999999999,4,547.84,2opt,improve
5069,4,549.6099999999999,4,547.84,2opt,notBad
5070,4,549.6099999999999,4,547.84,2opt,notBad
5071,4,549.6099999999999,4,547.84,move,improve
5072,4,549.6099999999999,4,547.84,2opt,notBad
5073,4,547.49,4,547.49,move,newBest
5074,4,547.49,4,547.49,move,improve
5075,4,547.49,4,547.49,swap,notBad
5076,4,547.49,4,547.49,swap,notBad
5077,4,547.49,4,547.49,2opt,notBad
5078,4,547.49,4,547.49,swap,notBad
5079,4,547.49,4,547.49,move,improve
5080,4,547.49,4,547.49,2opt,notBad
5081,4,547.49,4,547.49,swap,notBad
5082,4,550.37,4,547.49,swap,acceptBad
5083,4,550.37,4,547.49,2opt,improve
5084,4,550.37,4,547.49,2opt,notBad
5085,4,550.37,4,547.49,swap,notBad
5086,4,550.37,4,547.49,move,improve
5087,4,550.37,4,547.49,swap,notBad
5088,4,550.37,4,547.49,move,improve
5089,4,550.37,4,547.49,2opt,notBad
5090,4,550.37,4,547.49,swap,notBad
5091,4,550.37,4,547.49,2opt,notBad
5092,4,550.37,4,547.49,2opt,notBad
5093,4,550.37,4,547.49,swap,notBad
5094,4,547.49,4,547.49,move,improve
5095,4,547.49,4,547.49,move,improve
5096,4,547.49,4,547.49,swap,notBad
5097,4,547.49,4,547.49,swap,notBad
5098,4,547.49,4,547.49,swap,notBad
5099,4,545.03,4,545.03,move,newBest
5100,4,545.03,4,545.03,2opt,notBad
5101,4,545.03,4,545.03,move,improve
5102,4,545.03,4,545.03,swap,notBad
5103,4,545.03,4,545.03,2opt,notBad
5104,4,545.03,4,545.03,2opt,notBad
5105,4,545.03,4,545.03,2opt,notBad
5106,4,545.03,4,545.03,swap,notBad
5107,4,545.03,4,545.03,move,improve
5108,4,545.03,4,545.03,swap,notBad
5109,4,545.5699999999999,4,545.03,swap,acceptBad
5110,4,545.5699999999999,4,545.03,2opt,notBad
5111,4,545.5699999999999,4,545.03,move,improve
5112,4,545.5699999999999,4,545.03,swap,notBad
5113,4,545.5699999999999,4,545.03,move,improve
5114,4,545.5699999999999,4,545.03,move,improve
5115,4,545.5699999999999,4,545.03,2opt,improve
5116,4,545.5699999999999,4,545.03,move,improve
5117,4,545.5699999999999,4,545.03,2opt,notBad
5118,4,545.5699999999999,4,545.03,swap,notBad
5119,4,545.5699999999999,4,545.03,2opt,notBad
5120,4,545.5699999999999,4,545.03,move,improve
5121,4,545.5699999999999,4,545.03,2opt,notBad
5122,4,542.0600000000001,4,542.0600000000001,move,newBest
5123,4,542.0600000000001,4,542.0600000000001,2opt,notBad
5124,4,542.0600000000001,4,542.0600000000001,swap,notBad
5125,4,542.0600000000001,4,542.0600000000001,swap,notBad
5126,4,542.0600000000001,4,542.0600000000001,move,improve
5127,4,542.0600000000001,4,542.0600000000001,swap,notBad
5128,4,545.5699999999999,4,542.0600000000001,swap,acceptBad
5129,4,545.5699999999999,4,542.0600000000001,move,improve
5130,4,545.5699999999999,4,542.0600000000001,swap,notBad
5131,4,545.5699999999999,4,542.0600000000001,swap,notBad
5132,4,545.5699999999999,4,542.0600000000001,2opt,notBad
5133,4,545.5699999999999,4,542.0600000000001,2opt,notBad
5134,4,545.5699999999999,4,542.0600000000001,swap,notBad
5135,4,545.5699999999999,4,542.0600000000001,move,improve
5136,4,545.5699999999999,4,542.0600000000001,move,improve
5137,4,545.5699999999999,4,542.0600000000001,2opt,notBad
5138,4,545.5699999999999,4,542.0600000000001,2opt,notBad
5139,4,545.5699999999999,4,542.0600000000001,2opt,notBad
5140,4,545.5699999999999,4,542.0600000000001,swap,notBad
5141,4,545.5699999999999,4,542.0600000000001,move,improve
5142,4,545.5699999999999,4,542.0600000000001,2opt,notBad
5143,4,545.5699999999999,4,542.0600000000001,move,improve
5144,4,545.5699999999999,4,542.0600000000001,move,improve
5145,4,545.5699999999999,4,542.0600000000001,move,improve
5146,4,545.5699999999999,4,542.0600000000001,swap,notBad
5147,4,545.5699999999999,4,542.0600000000001,move,improve
5148,4,550.4300000000001,4,542.0600000000001,swap,acceptBad
5149,4,550.4300000000001,4,542.0600000000001,swap,notBad
5150,4,550.4300000000001,4,542.0600000000001,swap,notBad
5151,4,550.4300000000001,4,542.0600000000001,swap,notBad
5152,4,550.4300000000001,4,542.0600000000001,swap,notBad
5153,4,550.4300000000001,4,542.0600000000001,move,improve
5154,4,550.4300000000001,4,542.0600000000001,swap,notBad
5155,4,550.4300000000001,4,542.0600000000001,swap,notBad
5156,4,550.4300000000001,4,542.0600000000001,2opt,notBad
5157,4,550.4300000000001,4,542.0600000000001,swap,notBad
5158,4,550.4300000000001,4,542.0600000000001,2opt,notBad
5159,4,556.99,4,542.0600000000001,swap,acceptBad
5160,4,556.99,4,542.0600000000001,move,improve
5161,4,564.0300000000001,4,542.0600000000001,swap,acceptBad
5162,4,564.0300000000001,4,542.0600000000001,swap,notBad
5163,4,564.0300000000001,4,542.0600000000001,swap,notBad
5164,4,564.0300000000001,4,542.0600000000001,swap,notBad
5165,4,564.0300000000001,4,542.0600000000001,2opt,notBad
5166,4,564.0300000000001,4,542.0600000000001,2opt,notBad
5167,4,564.0300000000001,4,542.0600000000001,move,improve
5168,4,560.83,4,542.0600000000001,move,improve
5169,4,560.83,4,542.0600000000001,move,improve
5170,4,560.83,4,542.0600000000001,2opt,notBad
5171,4,560.83,4,542.0600000000001,swap,notBad
5172,4,560.83,4,542.0600000000001,2opt,notBad
5173,4,560.83,4,542.0600000000001,move,improve
5174,4,562.5100000000001,4,542.0600000000001,swap,acceptBad
5175,4,562.5100000000001,4,542.0600000000001,move,improve
5176,4,565.0000000000001,4,542.0600000000001,swap,acceptBad
5177,4,564.84,4,542.0600000000001,move,improve
5178,4,564.84,4,542.0600000000001,move,improve
5179,4,564.84,4,542.0600000000001,swap,notBad
5180,4,558.2800000000001,4,542.0600000000001,move,improve
5181,4,558.2800000000001,4,542.0600000000001,swap,notBad
5182,4,558.2800000000001,4,542.0600000000001,swap,notBad
5183,4,558.2800000000001,4,542.0600000000001,move,improve
5184,4,558.2800000000001,4,542.0600000000001,2opt,notBad
5185,4,558.2800000000001,4,542.0600000000001,2opt,notBad
5186,4,558.2800000000001,4,542.0600000000001,2opt,notBad
5187,4,558.2800000000001,4,542.0600000000001,2opt,notBad
5188,4,561.97,4,542.0600000000001,move,acceptBad
5189,4,561.97,4,542.0600000000001,2opt,improve
5190,4,561.97,4,542.0600000000001,2opt,notBad
5191,4,561.97,4,542.0600000000001,swap,notBad
5192,4,561.97,4,542.0600000000001,swap,notBad
5193,4,561.97,4,542.0600000000001,2opt,notBad
5194,4,561.5500000000001,4,542.0600000000001,move,improve
5195,4,561.5500000000001,4,542.0600000000001,2opt,notBad
5196,4,561.5500000000001,4,542.0600000000001,2opt,notBad
5197,4,561.5500000000001,4,542.0600000000001,2opt,notBad
5198,4,558.0400000000002,4,542.0600000000001,move,improve
5199,4,558.0400000000002,4,542.0600000000001,2opt,notBad
5200,4,558.0400000000002,4,542.0600000000001,move,improve
5201,4,558.0400000000002,4,542.0600000000001,2opt,notBad
5202,4,558.0400000000002,4,542.0600000000001,2opt,improve
5203,4,564.14,4,542.0600000000001,swap,acceptBad
5204,4,564.14,4,542.0600000000001,move,improve
5205,4,564.14,4,542.0600000000001,swap,notBad
5206,4,572.0600000000001,4,542.0600000000001,swap,acceptBad
5207,4,572.0600000000001,4,542.0600000000001,swap,notBad
5208,4,572.0600000000001,4,542.0600000000001,move,improve
5209,4,572.0600000000001,4,542.0600000000001,2opt,notBad
5210,4,572.0600000000001,4,542.0600000000001,swap,notBad
5211,4,572.0600000000001,4,542.0600000000001,move,improve
5212,4,572.0600000000001,4,542.0600000000001,swap,notBad
5213,4,572.0600000000001,4,542.0600000000001,move,improve
5214,4,572.0600000000001,4,542.0600000000001,swap,notBad
5215,4,572.0600000000001,4,542.0600000000001,2opt,notBad
5216,4,572.0600000000001,4,542.0600000000001,2opt,notBad
5217,4,569.5400000000001,4,542.0600000000001,move,improve
5218,4,569.5400000000001,4,542.0600000000001,2opt,notBad
5219,4,569.5400000000001,4,542.0600000000001,2opt,notBad
5220,4,569.5400000000001,4,542.0600000000001,swap,notBad
5221,4,569.5400000000001,4,542.0600000000001,2opt,notBad
5222,4,569.5400000000001,4,542.0600000000001,move,improve
5223,4,569.5400000000001,4,542.0600000000001,move,improve
5224,4,569.5400000000001,4,542.0600000000001,swap,notBad
5225,4,569.5400000000001,4,542.0600000000001,move,improve
5226,4,569.5400000000001,4,542.0600000000001,move,improve
5227,4,569.5400000000001,4,542.0600000000001,swap,notBad
5228,4,569.5400000000001,4,542.0600000000001,swap,notBad
5229,4,569.5400000000001,4,542.0600000000001,swap,notBad
5230,4,569.5400000000001,4,542.0600000000001,2opt,improve
5231,4,569.5400000000001,4,542.0600000000001,swap,notBad
5232,4,569.5400000000001,4,542.0600000000001,swap,notBad
5233,4,574.34,4,542.0600000000001,swap,acceptBad
5234,4,571.5400000000001,4,542.0600000000001,move,improve
5235,4,571.5400000000001,4,542.0600000000001,swap,notBad
5236,4,568.3000000000001,4,542.0600000000001,move,improve
5237,4,568.3000000000001,4,542.0600000000001,swap,notBad
5238,4,567.8500000000001,4,542.0600000000001,move,improve
5239,4,567.8500000000001,4,542.0600000000001,swap,notBad
5240,4,567.8500000000001,4,542.0600000000001,swap,notBad
5241,4,567.8500000000001,4,542.0600000000001,2opt,notBad
5242,4,567.8500000000001,4,542.0600000000001,2opt,notBad
5243,4,567.8500000000001,4,542.0600000000001,move,improve
5244,4,567.8500000000001,4,542.0600000000001,2opt,notBad
5245,4,567.8500000000001,4,542.0600000000001,move,improve
5246,4,567.8500000000001,4,542.0600000000001,move,improve
5247,4,567.8500000000001,4,542.0600000000001,swap,notBad
5248,4,567.8500000000001,4,542.0600000000001,move,improve
5249,4,567.8500000000001,4,542.0600000000001,move,improve
5250,4,567.8500000000001,4,542.0600000000001,2opt,notBad
5251,4,564.8400000000001,4,542.0600000000001,move,improve
5252,4,564.8400000000001,4,542.0600000000001,2opt,notBad
5253,4,564.8400000000001,4,542.0600000000001,swap,notBad
5254,4,564.8400000000001,4,542.0600000000001,2opt,notBad
5255,4,564.8400000000001,4,542.0600000000001,move,improve
5256,4,564.8400000000001,4,542.0600000000001,move,improve
5257,4,564.8400000000001,4,542.0600000000001,2opt,notBad
5258,4,564.8400000000001,4,542.0600000000001,2opt,notBad
5259,4,564.8400000000001,4,542.0600000000001,2opt,notBad
5260,4,564.8400000000001,4,542.0600000000001,move,improve
5261,4,564.8400000000001,4,542.0600000000001,swap,notBad
5262,4,564.9200000000002,4,542.0600000000001,swap,acceptBad
5263,4,564.9200000000002,4,542.0600000000001,2opt,notBad
5264,4,564.9200000000002,4,542.0600000000001,2opt,notBad
5265,4,564.9200000000002,4,542.0600000000001,2opt,notBad
5266,4,564.9200000000002,4,542.0600000000001,move,improve
5267,4,564.9200000000002,4,542.0600000000001,2opt,notBad
5268,4,564.9200000000002,4,542.0600000000001,2opt,notBad
5269,4,564.6400000000002,4,542.0600000000001,move,improve
5270,4,564.6400000000002,4,542.0600000000001,move,improve
5271,4,561.5600000000002,4,542.0600000000001,move,improve
5272,4,561.5600000000002,4,542.0600000000001,2opt,notBad
5273,4,561.5600000000002,4,542.0600000000001,move,improve
5274,4,561.5600000000002,4,542.0600000000001,2opt,notBad
5275,4,561.5600000000002,4,542.0600000000001,move,improve
5276,4,561.5600000000002,4,542.0600000000001,move,improve
5277,4,556.1600000000001,4,542.0600000000001,move,improve
5278,4,556.1600000000001,4,542.0600000000001,swap,notBad
5279,4,551.5400000000002,4,542.0600000000001,move,improve
5280,4,551.5400000000002,4,542.0600000000001,move,improve
5281,4,551.5400000000002,4,542.0600000000001,swap,notBad
5282,4,552.8000000000001,4,542.0600000000001,swap,acceptBad
5283,4,552.8000000000001,4,542.0600000000001,swap,notBad
5284,4,552.8000000000001,4,542.0600000000001,swap,notBad
5285,4,552.8000000000001,4,542.0600000000001,move,improve
5286,4,552.8000000000001,4,542.0600000000001,swap,notBad
5287,4,552.8000000000001,4,542.0600000000001,2opt,notBad
5288,4,552.8000000000001,4,542.0600000000001,2opt,notBad
5289,4,552.8000000000001,4,542.0600000000001,2opt,notBad
5290,4,552.8000000000001,4,542.0600000000001,move,improve
5291,4,552.72,4,542.0600000000001,move,improve
5292,4,552.72,4,542.0600000000001,2opt,notBad
5293,4,552.72,4,542.0600000000001,swap,notBad
5294,4,552.72,4,542.0600000000001,move,improve
5295,4,552.72,4,542.0600000000001,swap,notBad
5296,4,552.72,4,542.0600000000001,move,improve
5297,4,552.72,4,542.0600000000001,swap,notBad
5298,4,552.72,4,542.0600000000001,swap,notBad
5299,4,552.72,4,542.0600000000001,move,improve
5300,4,552.72,4,542.0600000000001,2opt,notBad
5301,4,552.72,4,542.0600000000001,move,improve
5302,4,552.72,4,542.0600000000001,move,improve
5303,4,552.72,4,542.0600000000001,move,improve
5304,4,552.72,4,542.0600000000001,swap,notBad
5305,4,552.72,4,542.0600000000001,swap,notBad
5306,4,552.72,4,542.0600000000001,move,improve
5307,4,552.72,4,542.0600000000001,2opt,notBad
5308,4,552.72,4,542.0600000000001,2opt,notBad
5309,4,552.72,4,542.0600000000001,swap,notBad
5310,4,552.72,4,542.0600000000001,2opt,notBad
5311,4,552.72,4,542.0600000000001,swap,notBad
5312,4,552.72,4,542.0600000000001,2opt,notBad
5313,4,552.72,4,542.0600000000001,swap,notBad
5314,4,552.72,4,542.0600000000001,move,improve
5315,4,552.72,4,542.0600000000001,2opt,notBad
5316,4,552.72,4,542.0600000000001,move,improve
5317,4,552.72,4,542.0600000000001,swap,notBad
5318,4,552.72,4,542.0600000000001,move,improve
5319,4,552.72,4,542.0600000000001,swap,notBad
5320,4,552.72,4,542.0600000000001,move,improve
5321,4,552.72,4,542.0600000000001,move,improve
5322,4,552.72,4,542.0600000000001,swap,notBad
5323,4,552.72,4,542.0600000000001,2opt,notBad
5324,4,553.3200000000002,4,542.0600000000001,move,acceptBad
5325,4,553.3200000000002,4,542.0600000000001,swap,notBad
5326,4,553.3200000000002,4,542.0600000000001,2opt,notBad
5327,4,553.3200000000002,4,542.0600000000001,move,improve
5328,4,557.23,4,542.0600000000001,swap,acceptBad
5329,4,557.23,4,542.0600000000001,swap,notBad
5330,4,557.23,4,542.0600000000001,move,improve
5331,4,559.5100000000001,4,542.0600000000001,swap,acceptBad
5332,4,559.5100000000001,4,542.0600000000001,2opt,improve
5333,4,559.5100000000001,4,542.0600000000001,2opt,notBad
5334,4,559.5100000000001,4,542.0600000000001,move,improve
5335,4,559.5100000000001,4,542.0600000000001,swap,notBad
5336,4,559.5100000000001,4,542.0600000000001,2opt,notBad
5337,4,559.5100000000001,4,542.0600000000001,swap,notBad
5338,4,558.9499999999999,4,542.0600000000001,move,improve
5339,4,558.9499999999999,4,542.0600000000001,swap,notBad
5340,4,558.9499999999999,4,542.0600000000001,2opt,notBad
5341,4,558.9499999999999,4,542.0600000000001,2opt,notBad
5342,4,558.9499999999999,4,542.0600000000001,swap,notBad
5343,4,558.83,4,542.0600000000001,move,improve
5344,4,557.03,4,542.0600000000001,move,improve
5345,4,557.03,4,542.0600000000001,move,improve
5346,4,557.03,4,542.0600000000001,2opt,notBad
5347,4,557.03,4,542.0600000000001,swap,notBad
5348,4,557.03,4,542.0600000000001,move,improve
5349,4,557.03,4,542.0600000000001,2opt,notBad
5350,4,557.03,4,542.0600000000001,swap,notBad
5351,4,557.03,4,542.0600000000001,2opt,notBad
5352,4,557.03,4,542.0600000000001,move,improve
5353,4,557.03,4,542.0600000000001,swap,notBad
5354,4,557.03,4,542.0600000000001,move,improve
5355,4,557.03,4,542.0600000000001,swap,notBad
5356,4,557.03,4,542.0600000000001,2opt,notBad
5357,4,553.99,4,542.0600000000001,move,improve
5358,4,553.99,4,542.0600000000001,move,improve
5359,4,553.99,4,542.0600000000001,2opt,notBad
5360,4,553.99,4,542.0600000000001,swap,notBad
5361,4,553.99,4,542.0600000000001,swap,notBad
5362,4,553.99,4,542.0600000000001,swap,notBad
5363,4,553.99,4,542.0600000000001,2opt,notBad
5364,4,550.9499999999999,4,542.0600000000001,move,improve
5365,4,550.9499999999999,4,542.0600000000001,move,improve
5366,4,550.9499999999999,4,542.0600000000001,move,improve
5367,4,550.9499999999999,4,542.0600000000001,2opt,notBad
5368,4,550.9499999999999,4,542.0600000000001,move,improve
5369,4,550.9499999999999,4,542.0600000000001,2opt,notBad
5370,4,550.9499999999999,4,542.0600000000001,swap,notBad
5371,4,557.4300000000001,4,542.0600000000001,swap,acceptBad
5372,4,557.4300000000001,4,542.0600000000001,2opt,notBad
5373,4,557.4300000000001,4,542.0600000000001,2opt,notBad
5374,4,557.4300000000001,4,542.0600000000001,swap,notBad
5375,4,557.4300000000001,4,542.0600000000001,move,improve
5376,4,554.39,4,542.0600000000001,move,improve
5377,4,554.39,4,542.0600000000001,move,improve
5378,4,554.39,4,542.0600000000001,move,improve
5379,4,554.39,4,542.0600000000001,move,improve
5380,4,554.39,4,542.0600000000001,2opt,notBad
5381,4,554.39,4,542.0600000000001,swap,notBad
5382,4,554.39,4,542.0600000000001,swap,notBad
5383,4,554.39,4,542.0600000000001,swap,notBad
5384,4,554.39,4,542.0600000000001,swap,notBad
5385,4,554.39,4,542.0600000000001,2opt,notBad
5386,4,554.39,4,542.0600000000001,move,improve
5387,4,554.39,4,542.0600000000001,swap,notBad
5388,4,554.39,4,542.0600000000001,move,improve
5389,4,554.39,4,542.0600000000001,swap,notBad
5390,4,554.39,4,542.0600000000001,move,improve
5391,4,554.39,4,542.0600000000001,2opt,improve
5392,4,554.39,4,542.0600000000001,swap,notBad
5393,4,554.39,4,542.0600000000001,2opt,notBad
5394,4,551.5899999999999,4,542.0600000000001,move,improve
5395,4,551.59,4,542.0600000000001,move,acceptBad
5396,4,551.59,4,542.0600000000001,move,improve
5397,4,550.33,4,542.0600000000001,move,improve
5398,4,550.33,4,542.0600000000001,move,improve
5399,4,550.33,4,542.0600000000001,swap,notBad
5400,4,550.33,4,542.0600000000001,2opt,notBad
5401,4,550.33,4,542.0600000000001,2opt,notBad
5402,4,550.33,4,542.0600000000001,2opt,notBad
5403,4,549.0600000000001,4,542.0600000000001,move,improve
5404,4,549.0600000000001,4,542.0600000000001,swap,notBad
5405,4,549.0600000000001,4,542.0600000000001,2opt,notBad
5406,4,549.0600000000001,4,542.0600000000001,swap,notBad
5407,4,549.0600000000001,4,542.0600000000001,swap,notBad
5408,4,549.0600000000001,4,542.0600000000001,move,improve
5409,4,549.0600000000001,4,542.0600000000001,2opt,notBad
5410,4,549.0600000000001,4,542.0600000000001,move,improve
5411,4,549.0600000000001,4,542.0600000000001,move,improve
5412,4,549.0600000000001,4,542.0600000000001,move,improve
5413,4,549.0600000000001,4,542.0600000000001,2opt,notBad
5414,4,549.0600000000001,4,542.0600000000001,swap,notBad
5415,4,549.0600000000001,4,542.0600000000001,2opt,notBad
5416,4,549.0600000000001,4,542.0600000000001,move,improve
5417,4,549.0600000000001,4,542.0600000000001,swap,notBad
5418,4,549.0600000000001,4,542.0600000000001,2opt,notBad
5419,4,549.0600000000001,4,542.0600000000001,swap,notBad
5420,4,549.0600000000001,4,542.0600000000001,swap,notBad
5421,4,549.0600000000001,4,542.0600000000001,swap,notBad
5422,4,549.0600000000001,4,542.0600000000001,swap,notBad
5423,4,549.0600000000001,4,542.0600000000001,swap,notBad
5424,4,549.0600000000001,4,542.0600000000001,swap,notBad
5425,4,549.0600000000001,4,542.0600000000001,2opt,notBad
5426,4,549.0600000000001,4,542.0600000000001,move,improve
5427,4,549.0600000000001,4,542.0600000000001,2opt,notBad
5428,4,546.3000000000001,4,542.0600000000001,move,improve
5429,4,546.3000000000001,4,542.0600000000001,2opt,notBad
5430,4,546.3000000000001,4,542.0600000000001,2opt,notBad
5431,4,551.1600000000001,4,542.0600000000001,swap,acceptBad
5432,4,551.1600000000001,4,542.0600000000001,2opt,notBad
5433,4,551.1600000000001,4,542.0600000000001,2opt,notBad
5434,4,551.1600000000001,4,542.0600000000001,2opt,notBad
5435,4,552.3000000000001,4,542.0600000000001,swap,acceptBad
5436,4,552.3000000000001,4,542.0600000000001,2opt,notBad
5437,4,552.3000000000001,4,542.0600000000001,move,improve
5438,4,552.3000000000001,4,542.0600000000001,2opt,notBad
5439,4,552.3000000000001,4,542.0600000000001,2opt,notBad
5440,4,552.3000000000001,4,542.0600000000001,2opt,notBad
5441,4,552.3000000000001,4,542.0600000000001,move,improve
5442,4,552.3000000000001,4,542.0600000000001,move,improve
5443,4,552.3000000000001,4,542.0600000000001,2opt,notBad
5444,4,552.3000000000001,4,542.0600000000001,swap,notBad
5445,4,552.3000000000001,4,542.0600000000001,swap,notBad
5446,4,552.3000000000001,4,542.0600000000001,2opt,notBad
5447,4,552.3000000000001,4,542.0600000000001,move,improve
5448,4,552.3000000000001,4,542.0600000000001,2opt,notBad
5449,4,552.3000000000001,4,542.0600000000001,move,improve
5450,4,550.3199999999999,4,542.0600000000001,move,improve
5451,4,550.3199999999999,4,542.0600000000001,move,improve
5452,4,550.3199999999999,4,542.0600000000001,swap,notBad
5453,4,549.24,4,542.0600000000001,move,improve
5454,4,549.24,4,542.0600000000001,2opt,notBad
5455,4,549.24,4,542.0600000000001,swap,notBad
5456,4,549.24,4,542.0600000000001,swap,notBad
5457,4,549.24,4,542.0600000000001,2opt,notBad
5458,4,549.24,4,542.0600000000001,2opt,notBad
5459,4,549.24,4,542.0600000000001,swap,notBad
5460,4,549.24,4,542.0600000000001,move,improve
5461,4,549.24,4,542.0600000000001,2opt,notBad
5462,4,549.24,4,542.0600000000001,2opt,notBad
5463,4,549.24,4,542.0600000000001,swap,notBad
5464,4,549.24,4,542.0600000000001,2opt,notBad
5465,4,549.24,4,542.0600000000001,2opt,notBad
5466,4,553.92,4,542.0600000000001,swap,acceptBad
5467,4,555.5400000000001,4,542.0600000000001,swap,acceptBad
5468,4,555.5400000000001,4,542.0600000000001,swap,notBad
5469,4,555.5400000000001,4,542.0600000000001,swap,notBad
5470,4,555.5400000000001,4,542.0600000000001,2opt,notBad
5471,4,555.5400000000001,4,542.0600000000001,move,improve
5472,4,553.56,4,542.0600000000001,swap,improve
5473,4,553.56,4,542.0600000000001,2opt,notBad
5474,4,553.56,4,542.0600000000001,2opt,notBad
5475,4,553.56,4,542.0600000000001,2opt,notBad
5476,4,553.56,4,542.0600000000001,swap,notBad
5477,4,553.56,4,542.0600000000001,2opt,notBad
5478,4,553.56,4,542.0600000000001,2opt,notBad
5479,4,553.56,4,542.0600000000001,move,improve
5480,4,553.56,4,542.0600000000001,2opt,notBad
5481,4,551.76,4,542.0600000000001,move,improve
5482,4,551.76,4,542.0600000000001,2opt,improve
5483,4,551.76,4,542.0600000000001,2opt,notBad
5484,4,551.76,4,542.0600000000001,swap,notBad
5485,4,551.76,4,542.0600000000001,move,improve
5486,4,551.76,4,542.0600000000001,swap,notBad
5487,4,551.76,4,542.0600000000001,swap,notBad
5488,4,547.5300000000001,4,542.0600000000001,move,improve
5489,4,547.5300000000001,4,542.0600000000001,2opt,notBad
5490,4,547.5300000000001,4,542.0600000000001,2opt,notBad
5491,4,547.5300000000001,4,542.0600000000001,2opt,improve
5492,4,547.5300000000001,4,542.0600000000001,2opt,notBad
5493,4,547.5300000000001,4,542.0600000000001,move,improve
5494,4,547.5300000000001,4,542.0600000000001,move,improve
5495,4,547.5300000000001,4,542.0600000000001,move,improve
5496,4,547.5300000000001,4,542.0600000000001,2opt,notBad
5497,4,547.5300000000001,4,542.0600000000001,2opt,notBad
5498,4,547.5300000000001,4,542.0600000000001,swap,notBad
5499,4,547.5300000000001,4,542.0600000000001,2opt,notBad
5500,4,547.5300000000001,4,542.0600000000001,swap,notBad
5501,4,547.5300000000001,4,542.0600000000001,move,improve
5502,4,547.5300000000001,4,542.0600000000001,move,improve
5503,4,547.5300000000001,4,542.0600000000001,2opt,notBad
5504,4,547.5300000000001,4,542.0600000000001,swap,notBad
5505,4,547.5300000000001,4,542.0600000000001,move,improve
5506,4,547.5300000000001,4,542.0600000000001,swap,notBad
5507,4,547.5300000000001,4,542.0600000000001,move,improve
5508,4,547.5300000000001,4,542.0600000000001,swap,notBad
5509,4,546.9300000000001,4,542.0600000000001,move,improve
5510,4,546.9300000000001,4,542.0600000000001,move,improve
5511,4,546.9300000000001,4,542.0600000000001,move,improve
5512,4,549.21,4,542.0600000000001,swap,acceptBad
5513,4,549.21,4,542.0600000000001,move,improve
5514,4,549.21,4,542.0600000000001,swap,notBad
5515,4,549.21,4,542.0600000000001,2opt,notBad
5516,4,549.21,4,542.0600000000001,swap,notBad
5517,4,549.21,4,542.0600000000001,move,improve
5518,4,549.21,4,542.0600000000001,move,improve
5519,4,549.21,4,542.0600000000001,2opt,improve
5520,4,549.21,4,542.0600000000001,swap,notBad
5521,4,549.21,4,542.0600000000001,swap,notBad
5522,4,549.21,4,542.0600000000001,2opt,notBad
5523,4,549.21,4,542.0600000000001,swap,notBad
5524,4,549.21,4,542.0600000000001,swap,notBad
5525,4,549.21,4,542.0600000000001,2opt,notBad
5526,4,549.21,4,542.0600000000001,swap,notBad
5527,4,549.21,4,542.0600000000001,2opt,notBad
5528,4,550.11,4,542.0600000000001,swap,acceptBad
5529,4,550.11,4,542.0600000000001,2opt,notBad
5530,4,550.11,4,542.0600000000001,swap,notBad
5531,4,550.11,4,542.0600000000001,move,improve
5532,4,550.11,4,542.0600000000001,move,improve
5533,4,550.11,4,542.0600000000001,2opt,notBad
5534,4,550.11,4,542.0600000000001,swap,notBad
5535,4,550.11,4,542.0600000000001,move,improve
5536,4,550.11,4,542.0600000000001,move,improve
5537,4,550.11,4,542.0600000000001,2opt,notBad
5538,4,550.11,4,542.0600000000001,2opt,notBad
5539,4,550.11,4,542.0600000000001,2opt,notBad
5540,4,550.11,4,542.0600000000001,move,improve
5541,4,550.11,4,542.0600000000001,move,improve
5542,4,550.11,4,542.0600000000001,swap,notBad
5543,4,550.11,4,542.0600000000001,move,improve
5544,4,550.11,4,542.0600000000001,2opt,notBad
5545,4,550.11,4,542.0600000000001,2opt,notBad
5546,4,550.11,4,542.0600000000001,2opt,notBad
5547,4,550.11,4,542.0600000000001,2opt,notBad
5548,4,550.11,4,542.0600000000001,2opt,notBad
5549,4,550.11,4,542.0600000000001,swap,notBad
5550,4,550.11,4,542.0600000000001,swap,notBad
5551,4,550.11,4,542.0600000000001,swap,notBad
5552,4,550.75,4,542.0600000000001,swap,acceptBad
5553,4,550.75,4,542.0600000000001,move,improve
5554,4,550.75,4,542.0600000000001,swap,notBad
5555,4,550.75,4,542.0600000000001,move,improve
5556,4,550.75,4,542.0600000000001,2opt,notBad
5557,4,550.75,4,542.0600000000001,swap,notBad
5558,4,550.75,4,542.0600000000001,swap,notBad
5559,4,550.75,4,542.0600000000001,move,improve
5560,4,550.75,4,542.0600000000001,move,improve
5561,4,550.75,4,542.0600000000001,move,improve
5562,4,550.75,4,542.0600000000001,2opt,notBad
5563,4,550.75,4,542.0600000000001,move,improve
5564,4,550.75,4,542.0600000000001,2opt,notBad
5565,4,550.75,4,542.0600000000001,2opt,notBad
5566,4,550.75,4,542.0600000000001,swap,notBad
5567,4,550.75,4,542.0600000000001,swap,notBad
5568,4,550.75,4,542.0600000000001,swap,notBad
5569,4,550.75,4,542.0600000000001,2opt,notBad
5570,4,550.75,4,542.0600000000001,move,improve
5571,4,550.75,4,542.0600000000001,swap,notBad
5572,4,550.75,4,542.0600000000001,swap,notBad
5573,4,550.75,4,542.0600000000001,swap,notBad
5574,4,550.75,4,542.0600000000001,2opt,notBad
5575,4,550.75,4,542.0600000000001,swap,notBad
5576,4,550.75,4,542.0600000000001,swap,notBad
5577,4,550.75,4,542.0600000000001,move,improve
5578,4,550.75,4,542.0600000000001,swap,notBad
5579,4,550.75,4,542.0600000000001,2opt,notBad
5580,4,550.75,4,542.0600000000001,2opt,notBad
5581,4,550.75,4,542.0600000000001,swap,notBad
5582,4,550.75,4,542.0600000000001,swap,notBad
5583,4,550.75,4,542.0600000000001,swap,notBad
5584,4,550.75,4,542.0600000000001,move,improve
5585,4,550.75,4,542.0600000000001,swap,notBad
5586,4,550.75,4,542.0600000000001,move,improve
5587,4,550.75,4,542.0600000000001,move,improve
5588,4,550.75,4,542.0600000000001,2opt,notBad
5589,4,550.75,4,542.0600000000001,2opt,notBad
5590,4,547.9900000000001,4,542.0600000000001,move,improve
5591,4,547.9900000000001,4,542.0600000000001,move,improve
5592,4,547.9900000000001,4,542.0600000000001,2opt,notBad
5593,4,547.9900000000001,4,542.0600000000001,move,improve
5594,4,547.9900000000001,4,542.0600000000001,2opt,notBad
5595,4,547.9900000000001,4,542.0600000000001,move,improve
5596,4,547.9900000000001,4,542.0600000000001,move,improve
5597,4,545.83,4,542.0600000000001,move,improve
5598,4,544.5900000000001,4,542.0600000000001,move,improve
5599,4,544.5900000000001,4,542.0600000000001,move,improve
5600,4,544.5900000000001,4,542.0600000000001,swap,notBad
5601,4,544.5900000000001,4,542.0600000000001,2opt,notBad
5602,4,548.0100000000001,4,542.0600000000001,swap,acceptBad
5603,4,549.2700000000001,4,542.0600000000001,swap,acceptBad
5604,4,549.2700000000001,4,542.0600000000001,2opt,notBad
5605,4,549.2700000000001,4,542.0600000000001,2opt,improve
5606,4,549.2700000000001,4,542.0600000000001,move,improve
5607,4,549.2700000000001,4,542.0600000000001,swap,notBad
5608,4,549.2700000000001,4,542.0600000000001,move,improve
5609,4,549.2700000000001,4,542.0600000000001,swap,notBad
5610,4,549.2700000000001,4,542.0600000000001,swap,notBad
5611,4,549.2700000000001,4,542.0600000000001,2opt,notBad
5612,4,549.2700000000001,4,542.0600000000001,move,improve
5613,4,549.2700000000001,4,542.0600000000001,swap,notBad
5614,4,549.2700000000001,4,542.0600000000001,move,improve
5615,4,549.2700000000001,4,542.0600000000001,2opt,notBad
5616,4,549.2700000000001,4,542.0600000000001,2opt,notBad
5617,4,549.2700000000001,4,542.0600000000001,2opt,notBad
5618,4,549.2700000000001,4,542.0600000000001,2opt,notBad
5619,4,549.2700000000001,4,542.0600000000001,2opt,notBad
5620,4,549.2700000000001,4,542.0600000000001,move,improve
5621,4,549.2700000000001,4,542.0600000000001,2opt,notBad
5622,4,549.2700000000001,4,542.0600000000001,move,improve
5623,4,549.2700000000001,4,542.0600000000001,move,improve
5624,4,549.2700000000001,4,542.0600000000001,move,improve
5625,4,549.2700000000001,4,542.0600000000001,2opt,notBad
5626,4,549.2700000000001,4,542.0600000000001,2opt,improve
5627,4,549.2700000000001,4,542.0600000000001,swap,notBad
5628,4,549.2700000000001,4,542.0600000000001,2opt,notBad
5629,4,549.2700000000001,4,542.0600000000001,move,improve
5630,4,549.2700000000001,4,542.0600000000001,move,improve
5631,4,549.2700000000001,4,542.0600000000001,2opt,notBad
5632,4,549.2700000000001,4,542.0600000000001,2opt,notBad
5633,4,549.2700000000001,4,542.0600000000001,move,improve
5634,4,549.2700000000001,4,542.0600000000001,2opt,notBad
5635,4,549.2700000000001,4,542.0600000000001,move,improve
5636,4,549.2700000000001,4,542.0600000000001,move,improve
5637,4,549.2700000000001,4,542.0600000000001,swap,notBad
5638,4,549.2700000000001,4,542.0600000000001,move,improve
5639,4,549.2700000000001,4,542.0600000000001,2opt,notBad
5640,4,549.2700000000001,4,542.0600000000001,2opt,notBad
5641,4,549.2700000000001,4,542.0600000000001,2opt,notBad
5642,4,548.0100000000001,4,542.0600000000001,move,improve
5643,4,548.0100000000001,4,542.0600000000001,2opt,notBad
5644,4,548.0100000000001,4,542.0600000000001,swap,notBad
5645,4,548.0100000000001,4,542.0600000000001,move,improve
5646,4,548.0100000000001,4,542.0600000000001,swap,notBad
5647,4,548.0100000000001,4,542.0600000000001,2opt,notBad
5648,4,548.0100000000001,4,542.0600000000001,move,improve
5649,4,548.0100000000001,4,542.0600000000001,move,improve
5650,4,548.0100000000001,4,542.0600000000001,move,improve
5651,4,548.0100000000001,4,542.0600000000001,2opt,notBad
5652,4,548.0100000000001,4,542.0600000000001,swap,notBad
5653,4,548.0100000000001,4,542.0600000000001,move,improve
5654,4,548.0100000000001,4,542.0600000000001,swap,notBad
5655,4,548.0100000000001,4,542.0600000000001,2opt,notBad
5656,4,548.0100000000001,4,542.0600000000001,swap,notBad
5657,4,548.0100000000001,4,542.0600000000001,move,improve
5658,4,548.0100000000001,4,542.0600000000001,swap,notBad
5659,4,548.0100000000001,4,542.0600000000001,2opt,notBad
5660,4,544.5900000000001,4,542.0600000000001,move,improve
5661,4,544.5900000000001,4,542.0600000000001,move,improve
5662,4,544.5900000000001,4,542.0600000000001,2opt,improve
5663,4,544.5900000000001,4,542.0600000000001,move,improve
5664,4,544.5900000000001,4,542.0600000000001,swap,notBad
5665,4,544.5900000000001,4,542.0600000000001,2opt,notBad
5666,4,545.5700000000002,4,542.0600000000001,swap,acceptBad
5667,4,545.5700000000002,4,542.0600000000001,move,improve
5668,4,545.5700000000002,4,542.0600000000001,swap,notBad
5669,4,545.5700000000002,4,542.0600000000001,move,improve
5670,4,545.5700000000002,4,542.0600000000001,move,improve
5671,4,545.5700000000002,4,542.0600000000001,2opt,notBad
5672,4,545.5700000000002,4,542.0600000000001,move,improve
5673,4,545.5700000000002,4,542.0600000000001,swap,notBad
5674,4,545.5700000000002,4,542.0600000000001,swap,notBad
5675,4,545.5700000000002,4,542.0600000000001,swap,notBad
5676,4,545.5700000000002,4,542.0600000000001,2opt,notBad
5677,4,545.5700000000002,4,542.0600000000001,move,improve
5678,4,545.5700000000002,4,542.0600000000001,swap,notBad
5679,4,545.5700000000002,4,542.0600000000001,2opt,notBad
5680,4,545.5700000000002,4,542.0600000000001,swap,notBad
5681,4,545.5700000000002,4,542.0600000000001,move,improve
5682,4,545.5700000000002,4,542.0600000000001,swap,notBad
5683,4,551.1500000000001,4,542.0600000000001,swap,acceptBad
5684,4,551.1500000000001,4,542.0600000000001,2opt,notBad
5685,4,551.1500000000001,4,542.0600000000001,2opt,notBad
5686,4,546.17,4,542.0600000000001,move,improve
5687,4,546.17,4,542.0600000000001,swap,notBad
5688,4,546.17,4,542.0600000000001,2opt,notBad
5689,4,546.17,4,542.0600000000001,swap,notBad
5690,4,546.17,4,542.0600000000001,swap,notBad
5691,4,546.17,4,542.0600000000001,move,improve
5692,4,546.17,4,542.0600000000001,swap,notBad
5693,4,546.17,4,542.0600000000001,2opt,notBad
5694,4,546.17,4,542.0600000000001,2opt,notBad
5695,4,546.17,4,542.0600000000001,2opt,notBad
5696,4,546.17,4,542.0600000000001,2opt,notBad
5697,4,546.17,4,542.0600000000001,2opt,notBad
5698,4,546.17,4,542.0600000000001,swap,notBad
5699,4,546.17,4,542.0600000000001,2opt,notBad
5700,4,546.17,4,542.0600000000001,move,improve
5701,4,546.17,4,542.0600000000001,move,improve
5702,4,546.17,4,542.0600000000001,2opt,notBad
5703,4,546.17,4,542.0600000000001,move,improve
5704,4,546.17,4,542.0600000000001,move,improve
5705,4,546.08,4,542.0600000000001,move,improve
5706,4,546.08,4,542.0600000000001,move,improve
5707,4,546.08,4,542.0600000000001,swap,notBad
5708,4,546.08,4,542.0600000000001,2opt,notBad
5709,4,546.08,4,542.0600000000001,swap,notBad
5710,4,546.08,4,542.0600000000001,swap,notBad
5711,4,546.08,4,542.0600000000001,2opt,notBad
5712,4,546.08,4,542.0600000000001,move,improve
5713,4,546.08,4,542.0600000000001,swap,notBad
5714,4,546.08,4,542.0600000000001,2opt,improve
5715,4,546.08,4,542.0600000000001,swap,notBad
5716,4,546.08,4,542.0600000000001,swap,notBad
5717,4,546.08,4,542.0600000000001,swap,notBad
5718,4,546.08,4,542.0600000000001,swap,notBad
5719,4,546.08,4,542.0600000000001,swap,notBad
5720,4,546.08,4,542.0600000000001,move,improve
5721,4,546.08,4,542.0600000000001,move,improve
5722,4,546.08,4,542.0600000000001,2opt,notBad
5723,4,546.08,4,542.0600000000001,2opt,notBad
5724,4,546.08,4,542.0600000000001,move,improve
5725,4,550.71,4,542.0600000000001,swap,acceptBad
5726,4,550.71,4,542.0600000000001,2opt,notBad
5727,4,550.71,4,542.0600000000001,2opt,notBad
5728,4,550.71,4,542.0600000000001,swap,notBad
5729,4,550.71,4,542.0600000000001,swap,notBad
5730,4,550.71,4,542.0600000000001,swap,notBad
5731,4,550.71,4,542.0600000000001,move,improve
5732,4,550.71,4,542.0600000000001,move,improve
5733,4,550.71,4,542.0600000000001,swap,notBad
5734,4,550.71,4,542.0600000000001,2opt,notBad
5735,4,550.71,4,542.0600000000001,move,improve
5736,4,550.71,4,542.0600000000001,2opt,notBad
5737,4,550.71,4,542.0600000000001,2opt,notBad
5738,4,550.71,4,542.0600000000001,2opt,notBad
5739,4,550.71,4,542.0600000000001,move,improve
5740,4,550.71,4,542.0600000000001,2opt,improve
5741,4,550.71,4,542.0600000000001,swap,notBad
5742,4,550.71,4,542.0600000000001,swap,notBad
5743,4,550.71,4,542.0600000000001,2opt,notBad
5744,4,551.9700000000001,4,542.0600000000001,swap,acceptBad
5745,4,551.9700000000001,4,542.0600000000001,2opt,notBad
5746,4,551.9700000000001,4,542.0600000000001,2opt,notBad
5747,4,551.9700000000001,4,542.0600000000001,2opt,notBad
5748,4,551.9700000000001,4,542.0600000000001,move,improve
5749,4,551.9700000000001,4,542.0600000000001,2opt,notBad
5750,4,551.9700000000001,4,542.0600000000001,move,improve
5751,4,551.9700000000001,4,542.0600000000001,move,improve
5752,4,551.9700000000001,4,542.0600000000001,move,improve
5753,4,551.9700000000001,4,542.0600000000001,2opt,improve
5754,4,551.9700000000001,4,542.0600000000001,2opt,notBad
5755,4,551.9700000000001,4,542.0600000000001,move,improve
5756,4,551.9700000000001,4,542.0600000000001,2opt,notBad
5757,4,551.9700000000001,4,542.0600000000001,move,improve
5758,4,551.9700000000001,4,542.0600000000001,2opt,notBad
5759,4,551.9700000000001,4,542.0600000000001,swap,notBad
5760,4,551.9700000000001,4,542.0600000000001,2opt,notBad
5761,4,551.9700000000001,4,542.0600000000001,move,improve
5762,4,549.69,4,542.0600000000001,move,improve
5763,4,549.69,4,542.0600000000001,move,improve
5764,4,549.69,4,542.0600000000001,2opt,notBad
5765,4,549.69,4,542.0600000000001,swap,notBad
5766,4,549.69,4,542.0600000000001,2opt,notBad
5767,4,549.69,4,542.0600000000001,move,improve
5768,4,549.69,4,542.0600000000001,2opt,notBad
5769,4,549.69,4,542.0600000000001,swap,notBad
5770,4,549.69,4,542.0600000000001,2opt,notBad
5771,4,549.69,4,542.0600000000001,swap,notBad
5772,4,549.69,4,542.0600000000001,2opt,notBad
5773,4,549.69,4,542.0600000000001,swap,notBad
5774,4,549.69,4,542.0600000000001,move,improve
5775,4,549.69,4,542.0600000000001,2opt,notBad
5776,4,549.69,4,542.0600000000001,swap,notBad
5777,4,549.69,4,542.0600000000001,2opt,notBad
5778,4,549.69,4,542.0600000000001,move,improve
5779,4,549.69,4,542.0600000000001,swap,notBad
5780,4,549.69,4,542.0600000000001,move,improve
5781,4,549.69,4,542.0600000000001,2opt,notBad
5782,4,549.69,4,542.0600000000001,move,improve
5783,4,549.69,4,542.0600000000001,2opt,notBad
5784,4,549.69,4,542.0600000000001,2opt,notBad
5785,4,549.69,4,542.0600000000001,swap,notBad
5786,4,549.69,4,542.0600000000001,move,improve
5787,4,549.69,4,542.0600000000001,2opt,notBad
5788,4,549.69,4,542.0600000000001,swap,notBad
5789,4,549.69,4,542.0600000000001,move,improve
5790,4,549.69,4,542.0600000000001,2opt,notBad
5791,4,549.69,4,542.0600000000001,swap,notBad
5792,4,549.69,4,542.0600000000001,2opt,notBad
5793,4,549.69,4,542.0600000000001,move,improve
5794,4,549.69,4,542.0600000000001,2opt,notBad
5795,4,549.69,4,542.0600000000001,move,improve
5796,4,549.69,4,542.0600000000001,2opt,notBad
5797,4,549.69,4,542.0600000000001,2opt,notBad
5798,4,549.69,4,542.0600000000001,2opt,notBad
5799,4,549.69,4,542.0600000000001,swap,notBad
5800,4,549.69,4,542.0600000000001,2opt,improve
5801,4,549.69,4,542.0600000000001,swap,notBad
5802,4,549.69,4,542.0600000000001,swap,notBad
5803,4,549.69,4,542.0600000000001,2opt,notBad
5804,4,550.71,4,542.0600000000001,swap,acceptBad
5805,4,550.71,4,542.0600000000001,2opt,notBad
5806,4,550.71,4,542.0600000000001,2opt,notBad
5807,4,550.71,4,542.0600000000001,swap,notBad
5808,4,550.71,4,542.0600000000001,move,improve
5809,4,552.69,4,542.0600000000001,swap,acceptBad
5810,4,552.69,4,542.0600000000001,2opt,notBad
5811,4,552.69,4,542.0600000000001,swap,notBad
5812,4,552.69,4,542.0600000000001,2opt,notBad
5813,4,552.69,4,542.0600000000001,move,improve
5814,4,552.69,4,542.0600000000001,move,improve
5815,4,552.69,4,542.0600000000001,2opt,notBad
5816,4,552.69,4,542.0600000000001,2opt,notBad
5817,4,552.69,4,542.0600000000001,move,improve
5818,4,552.69,4,542.0600000000001,2opt,notBad
5819,4,552.69,4,542.0600000000001,swap,notBad
5820,4,552.69,4,542.0600000000001,swap,notBad
5821,4,552.69,4,542.0600000000001,move,improve
5822,4,552.69,4,542.0600000000001,2opt,notBad
5823,4,552.69,4,542.0600000000001,swap,notBad
5824,4,552.69,4,542.0600000000001,2opt,notBad
5825,4,552.69,4,542.0600000000001,move,improve
5826,4,552.69,4,542.0600000000001,move,improve
5827,4,552.69,4,542.0600000000001,move,improve
5828,4,552.69,4,542.0600000000001,move,improve
5829,4,552.69,4,542.0600000000001,move,improve
5830,4,552.69,4,542.0600000000001,swap,notBad
5831,4,552.69,4,542.0600000000001,move,improve
5832,4,552.69,4,542.0600000000001,2opt,notBad
5833,4,552.69,4,542.0600000000001,2opt,notBad
5834,4,552.69,4,542.0600000000001,move,improve
5835,4,552.69,4,542.0600000000001,2opt,notBad
5836,4,551.7100000000002,4,542.0600000000001,move,improve
5837,4,551.7100000000002,4,542.0600000000001,swap,notBad
5838,4,551.7100000000002,4,542.0600000000001,move,improve
5839,4,551.7100000000002,4,542.0600000000001,2opt,improve
5840,4,551.7100000000002,4,542.0600000000001,swap,notBad
5841,4,551.7100000000002,4,542.0600000000001,2opt,notBad
5842,4,551.7100000000002,4,542.0600000000001,swap,notBad
5843,4,551.7100000000002,4,542.0600000000001,move,improve
5844,4,551.7100000000002,4,542.0600000000001,swap,notBad
5845,4,551.7100000000002,4,542.0600000000001,2opt,notBad
5846,4,551.7100000000002,4,542.0600000000001,move,improve
5847,4,550.69,4,542.0600000000001,move,improve
5848,4,550.69,4,542.0600000000001,move,improve
5849,4,550.69,4,542.0600000000001,swap,notBad
5850,4,550.69,4,542.0600000000001,swap,notBad
5851,4,550.69,4,542.0600000000001,swap,notBad
5852,4,550.69,4,542.0600000000001,2opt,notBad
5853,4,550.69,4,542.0600000000001,swap,notBad
5854,4,550.69,4,542.0600000000001,move,improve
5855,4,550.69,4,542.0600000000001,2opt,notBad
5856,4,549.4200000000001,4,542.0600000000001,move,improve
5857,4,549.4200000000001,4,542.0600000000001,move,improve
5858,4,549.4200000000001,4,542.0600000000001,2opt,notBad
5859,4,549.4200000000001,4,542.0600000000001,move,improve
5860,4,549.4200000000001,4,542.0600000000001,2opt,notBad
5861,4,549.4200000000001,4,542.0600000000001,swap,notBad
5862,4,549.4200000000001,4,542.0600000000001,2opt,notBad
5863,4,549.4200000000001,4,542.0600000000001,move,improve
5864,4,549.4200000000001,4,542.0600000000001,swap,notBad
5865,4,549.4200000000001,4,542.0600000000001,swap,notBad
5866,4,549.4200000000001,4,542.0600000000001,swap,notBad
5867,4,549.4200000000001,4,542.0600000000001,2opt,notBad
5868,4,549.4200000000001,4,542.0600000000001,2opt,notBad
5869,4,546.32,4,542.0600000000001,move,improve
5870,4,546.32,4,542.0600000000001,swap,notBad
5871,4,546.32,4,542.0600000000001,swap,notBad
5872,4,546.32,4,542.0600000000001,swap,notBad
5873,4,546.32,4,542.0600000000001,2opt,notBad
5874,4,546.32,4,542.0600000000001,2opt,notBad
5875,4,546.32,4,542.0600000000001,move,improve
5876,4,546.32,4,542.0600000000001,swap,notBad
5877,4,546.32,4,542.0600000000001,swap,notBad
5878,4,546.32,4,542.0600000000001,swap,notBad
5879,4,546.32,4,542.0600000000001,2opt,notBad
5880,4,546.32,4,542.0600000000001,2opt,notBad
5881,4,546.32,4,542.0600000000001,2opt,notBad
5882,4,546.32,4,542.0600000000001,move,improve
5883,4,546.32,4,542.0600000000001,swap,notBad
5884,4,546.32,4,542.0600000000001,2opt,notBad
5885,4,546.32,4,542.0600000000001,move,improve
5886,4,546.32,4,542.0600000000001,2opt,notBad
5887,4,546.32,4,542.0600000000001,swap,notBad
5888,4,546.32,4,542.0600000000001,swap,notBad
5889,4,546.32,4,542.0600000000001,move,improve
5890,4,546.32,4,542.0600000000001,swap,notBad
5891,4,544.08,4,542.0600000000001,move,improve
5892,4,544.08,4,542.0600000000001,2opt,notBad
5893,4,544.08,4,542.0600000000001,move,improve
5894,4,544.08,4,542.0600000000001,2opt,notBad
5895,4,544.08,4,542.0600000000001,swap,notBad
5896,4,544.08,4,542.0600000000001,swap,notBad
5897,4,544.08,4,542.0600000000001,swap,notBad
5898,4,544.08,4,542.0600000000001,swap,notBad
5899,4,544.08,4,542.0600000000001,move,improve
5900,4,544.08,4,542.0600000000001,2opt,improve
5901,4,544.08,4,542.0600000000001,swap,notBad
5902,4,544.08,4,542.0600000000001,2opt,notBad
5903,4,544.08,4,542.0600000000001,swap,notBad
5904,4,544.08,4,542.0600000000001,move,improve
5905,4,544.08,4,542.0600000000001,2opt,notBad
5906,4,544.08,4,542.0600000000001,swap,notBad
5907,4,544.08,4,542.0600000000001,swap,notBad
5908,4,544.08,4,542.0600000000001,swap,notBad
5909,4,544.08,4,542.0600000000001,2opt,notBad
5910,4,544.08,4,542.0600000000001,move,improve
5911,4,544.08,4,542.0600000000001,2opt,notBad
5912,4,544.08,4,542.0600000000001,2opt,notBad
5913,4,544.08,4,542.0600000000001,2opt,notBad
5914,4,544.08,4,542.0600000000001,move,improve
5915,4,544.08,4,542.0600000000001,2opt,notBad
5916,4,544.08,4,542.0600000000001,2opt,notBad
5917,4,544.08,4,542.0600000000001,move,improve
5918,4,544.08,4,542.0600000000001,2opt,notBad
5919,4,544.08,4,542.0600000000001,2opt,notBad
5920,4,544.08,4,542.0600000000001,move,improve
5921,4,544.08,4,542.0600000000001,2opt,notBad
5922,4,544.08,4,542.0600000000001,move,improve
5923,4,544.08,4,542.0600000000001,2opt,notBad
5924,4,544.08,4,542.0600000000001,swap,notBad
5925,4,544.08,4,542.0600000000001,2opt,notBad
5926,4,544.08,4,542.0600000000001,swap,notBad
5927,4,547.41,4,542.0600000000001,swap,acceptBad
5928,4,547.41,4,542.0600000000001,move,improve
5929,4,547.41,4,542.0600000000001,move,improve
5930,4,547.41,4,542.0600000000001,2opt,notBad
5931,4,547.41,4,542.0600000000001,move,improve
5932,4,547.41,4,542.0600000000001,move,improve
5933,4,547.41,4,542.0600000000001,swap,notBad
5934,4,547.41,4,542.0600000000001,2opt,notBad
5935,4,547.41,4,542.0600000000001,swap,notBad
5936,4,547.41,4,542.0600000000001,2opt,notBad
5937,4,547.41,4,542.0600000000001,move,improve
5938,4,547.41,4,542.0600000000001,move,improve
5939,4,547.41,4,542.0600000000001,move,improve
5940,4,547.41,4,542.0600000000001,swap,notBad
5941,4,547.41,4,542.0600000000001,2opt,notBad
5942,4,547.41,4,542.0600000000001,2opt,notBad
5943,4,547.41,4,542.0600000000001,swap,notBad
5944,4,547.41,4,542.0600000000001,2opt,notBad
5945,4,547.41,4,542.0600000000001,swap,notBad
5946,4,547.41,4,542.0600000000001,2opt,notBad
5947,4,547.41,4,542.0600000000001,swap,notBad
5948,4,547.41,4,542.0600000000001,move,improve
5949,4,547.41,4,542.0600000000001,swap,notBad
5950,4,547.41,4,542.0600000000001,2opt,notBad
5951,4,547.41,4,542.0600000000001,2opt,notBad
5952,4,547.41,4,542.0600000000001,move,improve
5953,4,547.41,4,542.0600000000001,move,improve
5954,4,547.41,4,542.0600000000001,swap,notBad
5955,4,547.41,4,542.0600000000001,move,improve
5956,4,547.41,4,542.0600000000001,swap,notBad
5957,4,547.41,4,542.0600000000001,swap,notBad
5958,4,547.41,4,542.0600000000001,move,improve
5959,4,547.41,4,542.0600000000001,2opt,notBad
5960,4,547.41,4,542.0600000000001,move,improve
5961,4,547.41,4,542.0600000000001,move,improve
5962,4,547.41,4,542.0600000000001,move,improve
5963,4,547.41,4,542.0600000000001,swap,notBad
5964,4,547.41,4,542.0600000000001,swap,notBad
5965,4,547.41,4,542.0600000000001,move,improve
5966,4,547.41,4,542.0600000000001,swap,notBad
5967,4,547.41,4,542.0600000000001,2opt,notBad
5968,4,547.41,4,542.0600000000001,2opt,notBad
5969,4,547.41,4,542.0600000000001,swap,notBad
5970,4,547.41,4,542.0600000000001,move,improve
5971,4,547.41,4,542.0600000000001,move,improve
5972,4,547.41,4,542.0600000000001,move,improve
5973,4,547.41,4,542.0600000000001,2opt,notBad
5974,4,547.41,4,542.0600000000001,swap,notBad
5975,4,547.41,4,542.0600000000001,2opt,notBad
5976,4,547.41,4,542.0600000000001,2opt,notBad
5977,4,547.41,4,542.0600000000001,swap,notBad
5978,4,547.41,4,542.0600000000001,2opt,notBad
5979,4,547.41,4,542.0600000000001,swap,notBad
5980,4,547.41,4,542.0600000000001,2opt,notBad
5981,4,547.41,4,542.0600000000001,swap,notBad
5982,4,547.41,4,542.0600000000001,move,improve
5983,4,547.41,4,542.0600000000001,2opt,notBad
5984,4,547.41,4,542.0600000000001,move,improve
5985,4,547.41,4,542.0600000000001,2opt,notBad
5986,4,547.41,4,542.0600000000001,swap,notBad
5987,4,547.41,4,542.0600000000001,move,improve
5988,4,547.41,4,542.0600000000001,2opt,notBad
5989,4,547.41,4,542.0600000000001,move,improve
5990,4,547.41,4,542.0600000000001,2opt,notBad
5991,4,547.41,4,542.0600000000001,move,improve
5992,4,547.41,4,542.0600000000001,move,improve
5993,4,547.41,4,542.0600000000001,swap,notBad
5994,4,547.41,4,542.0600000000001,swap,notBad
5995,4,547.41,4,542.0600000000001,move,improve
5996,4,547.41,4,542.0600000000001,move,improve
5997,4,547.41,4,542.0600000000001,swap,notBad
5998,4,547.41,4,542.0600000000001,2opt,notBad
5999,4,547.41,4,542.0600000000001,2opt,notBad
6000,4,547.41,4,542.0600000000001,2opt,notBad
6001,4,547.41,4,542.0600000000001,2opt,notBad
6002,4,547.41,4,542.0600000000001,2opt,notBad
6003,4,547.41,4,542.0600000000001,move,improve
6004,4,547.41,4,542.0600000000001,swap,notBad
6005,4,547.41,4,542.0600000000001,2opt,notBad
6006,4,547.41,4,542.0600000000001,swap,notBad
6007,4,547.41,4,542.0600000000001,2opt,notBad
6008,4,548.65,4,542.0600000000001,swap,acceptBad
6009,4,548.65,4,542.0600000000001,2opt,notBad
6010,4,548.65,4,542.0600000000001,swap,notBad
6011,4,548.65,4,542.0600000000001,2opt,notBad
6012,4,550.6300000000001,4,542.0600000000001,swap,acceptBad
6013,4,550.6300000000001,4,542.0600000000001,2opt,notBad
6014,4,550.6300000000001,4,542.0600000000001,move,improve
6015,4,550.6300000000001,4,542.0600000000001,move,improve
6016,4,550.6300000000001,4,542.0600000000001,swap,notBad
6017,4,550.6300000000001,4,542.0600000000001,2opt,improve
6018,4,550.6300000000001,4,542.0600000000001,2opt,notBad
6019,4,550.6300000000001,4,542.0600000000001,swap,notBad
6020,4,550.6300000000001,4,542.0600000000001,2opt,notBad
6021,4,549.99,4,542.0600000000001,move,improve
6022,4,549.99,4,542.0600000000001,swap,notBad
6023,4,549.99,4,542.0600000000001,swap,notBad
6024,4,549.99,4,542.0600000000001,swap,notBad
6025,4,549.99,4,542.0600000000001,2opt,notBad
6026,4,549.99,4,542.0600000000001,move,improve
6027,4,549.99,4,542.0600000000001,swap,notBad
6028,4,549.99,4,542.0600000000001,swap,notBad
6029,4,546.66,4,542.0600000000001,move,improve
6030,4,546.66,4,542.0600000000001,move,improve
6031,4,546.66,4,542.0600000000001,2opt,notBad
6032,4,547.26,4,542.0600000000001,move,acceptBad
6033,4,547.26,4,542.0600000000001,2opt,notBad
6034,4,547.26,4,542.0600000000001,2opt,notBad
6035,4,547.26,4,542.0600000000001,swap,notBad
6036,4,547.26,4,542.0600000000001,swap,notBad
6037,4,547.26,4,542.0600000000001,2opt,notBad
6038,4,547.26,4,542.0600000000001,move,improve
6039,4,547.26,4,542.0600000000001,move,improve
6040,4,547.26,4,542.0600000000001,2opt,notBad
6041,4,547.26,4,542.0600000000001,swap,notBad
6042,4,547.26,4,542.0600000000001,2opt,notBad
6043,4,547.26,4,542.0600000000001,2opt,notBad
6044,4,547.26,4,542.0600000000001,swap,notBad
6045,4,547.26,4,542.0600000000001,swap,notBad
6046,4,547.26,4,542.0600000000001,move,improve
6047,4,547.26,4,542.0600000000001,move,improve
6048,4,544.6800000000001,4,542.0600000000001,move,improve
6049,4,544.6800000000001,4,542.0600000000001,move,improve
6050,4,544.6800000000001,4,542.0600000000001,swap,notBad
6051,4,544.6800000000001,4,542.0600000000001,swap,notBad
6052,4,544.6800000000001,4,542.0600000000001,2opt,notBad
6053,4,544.6800000000001,4,542.0600000000001,2opt,notBad
6054,4,544.6800000000001,4,542.0600000000001,move,improve
6055,4,544.6800000000001,4,542.0600000000001,move,improve
6056,4,544.6800000000001,4,542.0600000000001,swap,notBad
6057,4,544.6800000000001,4,542.0600000000001,2opt,notBad
6058,4,544.6800000000001,4,542.0600000000001,swap,notBad
6059,4,544.6800000000001,4,542.0600000000001,move,improve
6060,4,544.6800000000001,4,542.0600000000001,2opt,notBad
6061,4,544.6800000000001,4,542.0600000000001,move,improve
6062,4,544.6800000000001,4,542.0600000000001,swap,notBad
6063,4,544.6800000000001,4,542.0600000000001,swap,notBad
6064,4,544.6800000000001,4,542.0600000000001,2opt,notBad
6065,4,544.6800000000001,4,542.0600000000001,2opt,notBad
6066,4,544.6800000000001,4,542.0600000000001,swap,notBad
6067,4,544.6800000000001,4,542.0600000000001,2opt,notBad
6068,4,544.6800000000001,4,542.0600000000001,2opt,notBad
6069,4,544.6800000000001,4,542.0600000000001,move,improve
6070,4,544.6800000000001,4,542.0600000000001,move,improve
6071,4,544.6800000000001,4,542.0600000000001,swap,notBad
6072,4,544.6800000000001,4,542.0600000000001,2opt,notBad
6073,4,544.6800000000001,4,542.0600000000001,2opt,notBad
6074,4,544.6800000000001,4,542.0600000000001,swap,notBad
6075,4,544.6800000000001,4,542.0600000000001,swap,notBad
6076,4,544.6800000000001,4,542.0600000000001,2opt,notBad
6077,4,544.6800000000001,4,542.0600000000001,swap,notBad
6078,4,544.6800000000001,4,542.0600000000001,swap,notBad
6079,4,544.6800000000001,4,542.0600000000001,swap,notBad
6080,4,544.6800000000001,4,542.0600000000001,2opt,notBad
6081,4,544.6800000000001,4,542.0600000000001,2opt,notBad
6082,4,544.6800000000001,4,542.0600000000001,swap,notBad
6083,4,544.6800000000001,4,542.0600000000001,swap,notBad
6084,4,544.6800000000001,4,542.0600000000001,swap,notBad
6085,4,544.6800000000001,4,542.0600000000001,move,improve
6086,4,544.6800000000001,4,542.0600000000001,swap,notBad
6087,4,544.6800000000001,4,542.0600000000001,swap,notBad
6088,4,544.6800000000001,4,542.0600000000001,swap,notBad
6089,4,544.6800000000001,4,542.0600000000001,swap,notBad
6090,4,544.6800000000001,4,542.0600000000001,move,improve
6091,4,544.6800000000001,4,542.0600000000001,swap,notBad
6092,4,544.6800000000001,4,542.0600000000001,2opt,notBad
6093,4,544.6800000000001,4,542.0600000000001,swap,notBad
6094,4,544.6800000000001,4,542.0600000000001,move,improve
6095,4,544.6800000000001,4,542.0600000000001,2opt,notBad
6096,4,544.6800000000001,4,542.0600000000001,move,improve
6097,4,544.6800000000001,4,542.0600000000001,move,improve
6098,4,544.6800000000001,4,542.0600000000001,2opt,notBad
6099,4,544.6800000000001,4,542.0600000000001,move,improve
6100,4,544.6800000000001,4,542.0600000000001,2opt,notBad
6101,4,544.6800000000001,4,542.0600000000001,move,improve
6102,4,544.6800000000001,4,542.0600000000001,2opt,notBad
6103,4,544.6800000000001,4,542.0600000000001,swap,notBad
6104,4,544.6800000000001,4,542.0600000000001,swap,notBad
6105,4,544.6800000000001,4,542.0600000000001,swap,notBad
6106,4,544.6800000000001,4,542.0600000000001,2opt,improve
6107,4,544.6800000000001,4,542.0600000000001,move,improve
6108,4,544.6800000000001,4,542.0600000000001,2opt,notBad
6109,4,544.6800000000001,4,542.0600000000001,move,improve
6110,4,544.6800000000001,4,542.0600000000001,move,improve
6111,4,544.6800000000001,4,542.0600000000001,2opt,notBad
6112,4,544.6800000000001,4,542.0600000000001,swap,notBad
6113,4,544.6800000000001,4,542.0600000000001,2opt,notBad
6114,4,544.6800000000001,4,542.0600000000001,2opt,notBad
6115,4,544.6800000000001,4,542.0600000000001,move,improve
6116,4,544.6800000000001,4,542.0600000000001,2opt,notBad
6117,4,544.6800000000001,4,542.0600000000001,move,improve
6118,4,544.6800000000001,4,542.0600000000001,2opt,notBad
6119,4,544.6800000000001,4,542.0600000000001,swap,notBad
6120,4,544.6800000000001,4,542.0600000000001,2opt,notBad
6121,4,544.6800000000001,4,542.0600000000001,2opt,notBad
6122,4,544.6800000000001,4,542.0600000000001,swap,notBad
6123,4,544.6800000000001,4,542.0600000000001,swap,notBad
6124,4,544.6800000000001,4,542.0600000000001,2opt,notBad
6125,4,544.6800000000001,4,542.0600000000001,swap,notBad
6126,4,544.6800000000001,4,542.0600000000001,move,improve
6127,4,544.6800000000001,4,542.0600000000001,2opt,notBad
6128,4,544.6800000000001,4,542.0600000000001,swap,notBad
6129,4,544.6800000000001,4,542.0600000000001,2opt,notBad
6130,4,544.6800000000001,4,542.0600000000001,2opt,notBad
6131,4,544.6800000000001,4,542.0600000000001,swap,notBad
6132,4,544.6800000000001,4,542.0600000000001,move,improve
6133,4,544.6800000000001,4,542.0600000000001,2opt,notBad
6134,4,544.6800000000001,4,542.0600000000001,move,improve
6135,4,544.6800000000001,4,542.0600000000001,2opt,notBad
6136,4,544.61,4,542.0600000000001,move,improve
6137,4,544.61,4,542.0600000000001,swap,notBad
6138,4,544.61,4,542.0600000000001,2opt,notBad
6139,4,544.61,4,542.0600000000001,move,improve
6140,4,544.61,4,542.0600000000001,move,improve
6141,4,544.61,4,542.0600000000001,swap,notBad
6142,4,544.61,4,542.0600000000001,move,improve
6143,4,544.61,4,542.0600000000001,2opt,notBad
6144,4,544.61,4,542.0600000000001,2opt,notBad
6145,4,544.61,4,542.0600000000001,swap,notBad
6146,4,544.61,4,542.0600000000001,swap,notBad
6147,4,544.61,4,542.0600000000001,move,improve
6148,4,544.61,4,542.0600000000001,2opt,notBad
6149,4,544.61,4,542.0600000000001,2opt,notBad
6150,4,544.61,4,542.0600000000001,swap,notBad
6151,4,544.61,4,542.0600000000001,move,improve
6152,4,544.61,4,542.0600000000001,move,improve
6153,4,544.61,4,542.0600000000001,2opt,notBad
6154,4,544.61,4,542.0600000000001,move,improve
6155,4,544.61,4,542.0600000000001,2opt,notBad
6156,4,544.61,4,542.0600000000001,move,improve
6157,4,544.61,4,542.0600000000001,move,improve
6158,4,544.61,4,542.0600000000001,swap,notBad
6159,4,544.61,4,542.0600000000001,move,improve
6160,4,544.61,4,542.0600000000001,move,improve
6161,4,544.61,4,542.0600000000001,swap,notBad
6162,4,544.61,4,542.0600000000001,move,improve
6163,4,544.61,4,542.0600000000001,swap,notBad
6164,4,544.61,4,542.0600000000001,move,improve
6165,4,544.61,4,542.0600000000001,2opt,notBad
6166,4,544.61,4,542.0600000000001,2opt,notBad
6167,4,544.61,4,542.0600000000001,move,improve
6168,4,544.61,4,542.0600000000001,2opt,notBad
6169,4,544.61,4,542.0600000000001,2opt,notBad
6170,4,544.61,4,542.0600000000001,2opt,notBad
6171,4,544.61,4,542.0600000000001,2opt,notBad
6172,4,544.61,4,542.0600000000001,swap,notBad
6173,4,544.61,4,542.0600000000001,swap,notBad
6174,4,544.61,4,542.0600000000001,swap,notBad
6175,4,544.61,4,542.0600000000001,2opt,notBad
6176,4,544.61,4,542.0600000000001,2opt,notBad
6177,4,544.61,4,542.0600000000001,move,improve
6178,4,544.61,4,542.0600000000001,swap,notBad
6179,4,544.61,4,542.0600000000001,move,improve
6180,4,544.61,4,542.0600000000001,swap,notBad
6181,4,544.61,4,542.0600000000001,2opt,notBad
6182,4,544.61,4,542.0600000000001,swap,notBad
6183,4,544.61,4,542.0600000000001,2opt,notBad
6184,4,544.61,4,542.0600000000001,2opt,improve
6185,4,544.61,4,542.0600000000001,move,improve
6186,4,544.61,4,542.0600000000001,2opt,notBad
6187,4,544.61,4,542.0600000000001,2opt,notBad
6188,4,544.61,4,542.0600000000001,move,improve
6189,4,544.61,4,542.0600000000001,2opt,notBad
6190,4,544.61,4,542.0600000000001,move,improve
6191,4,544.61,4,542.0600000000001,2opt,notBad
6192,4,544.61,4,542.0600000000001,swap,notBad
6193,4,544.61,4,542.0600000000001,move,improve
6194,4,544.61,4,542.0600000000001,swap,notBad
6195,4,544.61,4,542.0600000000001,move,improve
6196,4,544.61,4,542.0600000000001,swap,notBad
6197,4,544.61,4,542.0600000000001,move,improve
6198,4,544.61,4,542.0600000000001,swap,notBad
6199,4,544.61,4,542.0600000000001,2opt,notBad
6200,4,544.61,4,542.0600000000001,move,improve
6201,4,544.61,4,542.0600000000001,swap,notBad
6202,4,544.61,4,542.0600000000001,2opt,notBad
6203,4,544.61,4,542.0600000000001,move,improve
6204,4,544.61,4,542.0600000000001,swap,notBad
6205,4,544.61,4,542.0600000000001,move,improve
6206,4,544.61,4,542.0600000000001,2opt,notBad
6207,4,544.61,4,542.0600000000001,move,improve
6208,4,544.61,4,542.0600000000001,move,improve
6209,4,544.61,4,542.0600000000001,2opt,notBad
6210,4,544.61,4,542.0600000000001,2opt,notBad
6211,4,544.61,4,542.0600000000001,move,improve
6212,4,544.61,4,542.0600000000001,swap,notBad
6213,4,544.61,4,542.0600000000001,2opt,notBad
6214,4,544.61,4,542.0600000000001,2opt,improve
6215,4,544.61,4,542.0600000000001,2opt,notBad
6216,4,544.61,4,542.0600000000001,swap,notBad
6217,4,544.61,4,542.0600000000001,move,improve
6218,4,544.61,4,542.0600000000001,swap,notBad
6219,4,544.61,4,542.0600000000001,swap,notBad
6220,4,544.61,4,542.0600000000001,2opt,notBad
6221,4,544.61,4,542.0600000000001,2opt,notBad
6222,4,544.61,4,542.0600000000001,swap,notBad
6223,4,544.61,4,542.0600000000001,2opt,improve
6224,4,544.61,4,542.0600000000001,2opt,notBad
6225,4,544.61,4,542.0600000000001,swap,notBad
6226,4,544.61,4,542.0600000000001,swap,notBad
6227,4,544.61,4,542.0600000000001,move,improve
6228,4,544.61,4,542.0600000000001,swap,notBad
6229,4,544.61,4,542.0600000000001,swap,notBad
6230,4,544.61,4,542.0600000000001,swap,notBad
6231,4,544.61,4,542.0600000000001,swap,notBad
6232,4,544.61,4,542.0600000000001,move,improve
6233,4,544.61,4,542.0600000000001,2opt,notBad
6234,4,544.61,4,542.0600000000001,swap,notBad
6235,4,544.61,4,542.0600000000001,2opt,notBad
6236,4,544.61,4,542.0600000000001,2opt,notBad
6237,4,544.61,4,542.0600000000001,swap,notBad
6238,4,544.61,4,542.0600000000001,2opt,notBad
6239,4,544.61,4,542.0600000000001,move,improve
6240,4,544.61,4,542.0600000000001,2opt,notBad
6241,4,544.61,4,542.0600000000001,2opt,notBad
6242,4,544.61,4,542.0600000000001,2opt,notBad
6243,4,544.61,4,542.0600000000001,move,improve
6244,4,544.61,4,542.0600000000001,swap,notBad
6245,4,544.61,4,542.0600000000001,swap,notBad
6246,4,545.87,4,542.0600000000001,swap,acceptBad
6247,4,545.87,4,542.0600000000001,swap,notBad
6248,4,545.87,4,542.0600000000001,2opt,notBad
6249,4,545.87,4,542.0600000000001,swap,notBad
6250,4,545.87,4,542.0600000000001,swap,notBad
6251,4,545.87,4,542.0600000000001,move,improve
6252,4,545.87,4,542.0600000000001,move,improve
6253,4,545.87,4,542.0600000000001,move,improve
6254,4,545.87,4,542.0600000000001,move,improve
6255,4,545.87,4,542.0600000000001,swap,notBad
6256,4,545.87,4,542.0600000000001,2opt,notBad
6257,4,545.87,4,542.0600000000001,move,improve
6258,4,545.87,4,542.0600000000001,move,improve
6259,4,545.87,4,542.0600000000001,2opt,notBad
6260,4,545.87,4,542.0600000000001,swap,notBad
6261,4,545.87,4,542.0600000000001,2opt,notBad
6262,4,545.87,4,542.0600000000001,swap,notBad
6263,4,545.87,4,542.0600000000001,move,improve
6264,4,545.87,4,542.0600000000001,swap,notBad
6265,4,545.87,4,542.0600000000001,move,improve
6266,4,544.7,4,542.0600000000001,move,improve
6267,4,544.7,4,542.0600000000001,swap,notBad
6268,4,544.7,4,542.0600000000001,move,improve
6269,4,544.7,4,542.0600000000001,swap,notBad
6270,4,544.7,4,542.0600000000001,swap,notBad
6271,4,544.7,4,542.0600000000001,move,improve
6272,4,544.7,4,542.0600000000001,2opt,notBad
6273,4,544.7,4,542.0600000000001,swap,notBad
6274,4,544.7,4,542.0600000000001,move,improve
6275,4,544.7,4,542.0600000000001,swap,notBad
6276,4,544.7,4,542.0600000000001,2opt,improve
6277,4,544.7,4,542.0600000000001,2opt,notBad
6278,4,544.7,4,542.0600000000001,move,improve
6279,4,544.7,4,542.0600000000001,move,improve
6280,4,544.7,4,542.0600000000001,move,improve
6281,4,544.7,4,542.0600000000001,move,improve
6282,4,544.7,4,542.0600000000001,2opt,notBad
6283,4,544.7,4,542.0600000000001,swap,notBad
6284,4,544.7,4,542.0600000000001,2opt,notBad
6285,4,544.1,4,542.0600000000001,swap,improve
6286,4,544.1,4,542.0600000000001,2opt,notBad
6287,4,544.1,4,542.0600000000001,move,improve
6288,4,544.1,4,542.0600000000001,swap,notBad
6289,4,543.65,4,542.0600000000001,move,improve
6290,4,543.65,4,542.0600000000001,2opt,improve
6291,4,543.65,4,542.0600000000001,2opt,notBad
6292,4,543.65,4,542.0600000000001,move,improve
6293,4,543.65,4,542.0600000000001,2opt,notBad
6294,4,543.65,4,542.0600000000001,swap,notBad
6295,4,543.65,4,542.0600000000001,move,improve
6296,4,543.65,4,542.0600000000001,2opt,notBad
6297,4,543.65,4,542.0600000000001,move,improve
6298,4,543.65,4,542.0600000000001,2opt,notBad
6299,4,543.65,4,542.0600000000001,move,improve
6300,4,543.65,4,542.0600000000001,2opt,notBad
6301,4,543.65,4,542.0600000000001,move,improve
6302,4,543.65,4,542.0600000000001,2opt,improve
6303,4,543.65,4,542.0600000000001,move,improve
6304,4,543.65,4,542.0600000000001,2opt,notBad
6305,4,543.65,4,542.0600000000001,2opt,notBad
6306,4,543.65,4,542.0600000000001,swap,notBad
6307,4,543.65,4,542.0600000000001,2opt,notBad
6308,4,539.12,4,539.12,swap,newBest
6309,4,539.12,4,539.12,2opt,notBad
6310,4,539.12,4,539.12,swap,notBad
6311,4,539.12,4,539.12,swap,notBad
6312,4,539.12,4,539.12,move,improve
6313,4,539.12,4,539.12,swap,notBad
6314,4,539.12,4,539.12,2opt,notBad
6315,4,539.12,4,539.12,move,improve
6316,4,539.12,4,539.12,move,improve
6317,4,539.12,4,539.12,swap,notBad
6318,4,539.12,4,539.12,2opt,notBad
6319,4,539.12,4,539.12,move,improve
6320,4,539.12,4,539.12,swap,notBad
6321,4,539.12,4,539.12,move,improve
6322,4,539.12,4,539.12,move,improve
6323,4,539.12,4,539.12,move,improve
6324,4,539.12,4,539.12,move,improve
6325,4,539.12,4,539.12,swap,notBad
6326,4,539.12,4,539.12,swap,notBad
6327,4,539.12,4,539.12,move,improve
6328,4,539.12,4,539.12,move,improve
6329,4,539.12,4,539.12,2opt,improve
6330,4,539.12,4,539.12,2opt,notBad
6331,4,539.12,4,539.12,swap,notBad
6332,4,539.12,4,539.12,swap,notBad
6333,4,539.12,4,539.12,swap,notBad
6334,4,539.12,4,539.12,move,improve
6335,4,539.12,4,539.12,2opt,notBad
6336,4,539.12,4,539.12,move,improve
6337,4,539.12,4,539.12,2opt,notBad
6338,4,539.12,4,539.12,swap,notBad
6339,4,539.12,4,539.12,move,improve
6340,4,539.12,4,539.12,2opt,notBad
6341,4,539.12,4,539.12,2opt,notBad
6342,4,539.12,4,539.12,move,improve
6343,4,539.12,4,539.12,swap,notBad
6344,4,539.12,4,539.12,2opt,notBad
6345,4,539.12,4,539.12,swap,notBad
6346,4,539.12,4,539.12,swap,notBad
6347,4,539.12,4,539.12,2opt,notBad
6348,4,539.12,4,539.12,swap,notBad
6349,4,539.12,4,539.12,2opt,notBad
6350,4,539.12,4,539.12,move,improve
6351,4,539.12,4,539.12,2opt,notBad
6352,4,539.12,4,539.12,swap,notBad
6353,4,539.12,4,539.12,2opt,notBad
6354,4,539.12,4,539.12,move,improve
6355,4,539.12,4,539.12,move,improve
6356,4,539.12,4,539.12,move,improve
6357,4,539.12,4,539.12,2opt,notBad
6358,4,539.12,4,539.12,move,improve
6359,4,539.12,4,539.12,2opt,notBad
6360,4,539.12,4,539.12,move,improve
6361,4,539.12,4,539.12,move,improve
6362,4,539.12,4,539.12,2opt,notBad
6363,4,539.12,4,539.12,2opt,notBad
6364,4,539.12,4,539.12,move,improve
6365,4,539.12,4,539.12,move,improve
6366,4,544.25,4,539.12,move,acceptBad
6367,4,544.25,4,539.12,2opt,notBad
6368,4,544.25,4,539.12,move,improve
6369,4,544.25,4,539.12,2opt,notBad
6370,4,544.25,4,539.12,swap,notBad
6371,4,544.25,4,539.12,swap,notBad
6372,4,544.25,4,539.12,move,improve
6373,4,544.25,4,539.12,move,improve
6374,4,544.25,4,539.12,2opt,notBad
6375,4,544.25,4,539.12,2opt,notBad
6376,4,544.25,4,539.12,swap,notBad
6377,4,544.25,4,539.12,swap,notBad
6378,4,544.25,4,539.12,2opt,notBad
6379,4,544.25,4,539.12,2opt,notBad
6380,4,544.25,4,539.12,move,improve
6381,4,544.25,4,539.12,2opt,notBad
6382,4,544.25,4,539.12,move,improve
6383,4,544.25,4,539.12,swap,notBad
6384,4,544.25,4,539.12,2opt,notBad
6385,4,544.25,4,539.12,2opt,improve
6386,4,544.25,4,539.12,move,improve
6387,4,544.25,4,539.12,2opt,notBad
6388,4,544.25,4,539.12,move,improve
6389,4,544.25,4,539.12,swap,notBad
6390,4,544.25,4,539.12,move,improve
6391,4,544.25,4,539.12,swap,notBad
6392,4,544.25,4,539.12,2opt,notBad
6393,4,544.25,4,539.12,move,improve
6394,4,544.25,4,539.12,move,improve
6395,4,544.25,4,539.12,move,improve
6396,4,544.25,4,539.12,move,improve
6397,4,544.25,4,539.12,swap,notBad
6398,4,544.25,4,539.12,move,improve
6399,4,544.25,4,539.12,swap,notBad
6400,4,544.25,4,539.12,move,improve
6401,4,544.25,4,539.12,swap,notBad
6402,4,544.25,4,539.12,2opt,notBad
6403,4,544.25,4,539.12,2opt,notBad
6404,4,544.25,4,539.12,move,improve
6405,4,544.25,4,539.12,move,improve
6406,4,544.25,4,539.12,swap,notBad
6407,4,544.25,4,539.12,2opt,notBad
6408,4,544.25,4,539.12,2opt,notBad
6409,4,544.25,4,539.12,swap,notBad
6410,4,544.25,4,539.12,2opt,notBad
6411,4,544.25,4,539.12,move,improve
6412,4,544.25,4,539.12,swap,notBad
6413,4,544.25,4,539.12,2opt,notBad
6414,4,544.25,4,539.12,swap,notBad
6415,4,544.25,4,539.12,swap,notBad
6416,4,544.25,4,539.12,swap,notBad
6417,4,544.25,4,539.12,swap,notBad
6418,4,543.65,4,539.12,move,improve
6419,4,543.65,4,539.12,swap,notBad
6420,4,543.65,4,539.12,swap,notBad
6421,4,543.65,4,539.12,move,improve
6422,4,546.09,4,539.12,swap,acceptBad
6423,4,546.09,4,539.12,swap,notBad
6424,4,546.09,4,539.12,swap,notBad
6425,4,546.09,4,539.12,2opt,notBad
6426,4,546.09,4,539.12,2opt,notBad
6427,4,546.09,4,539.12,swap,notBad
6428,4,546.09,4,539.12,swap,notBad
6429,4,546.09,4,539.12,2opt,notBad
6430,4,546.09,4,539.12,move,improve
6431,4,546.41,4,539.12,move,acceptBad
6432,4,546.41,4,539.12,2opt,notBad
6433,4,546.41,4,539.12,move,improve
6434,4,546.41,4,539.12,2opt,improve
6435,4,546.41,4,539.12,swap,notBad
6436,4,546.41,4,539.12,swap,notBad
6437,4,546.41,4,539.12,move,improve
6438,4,546.41,4,539.12,swap,notBad
6439,4,546.41,4,539.12,swap,notBad
6440,4,546.41,4,539.12,swap,notBad
6441,4,546.41,4,539.12,swap,notBad
6442,4,546.41,4,539.12,swap,notBad
6443,4,546.41,4,539.12,swap,notBad
6444,4,546.41,4,539.12,swap,notBad
6445,4,546.41,4,539.12,swap,notBad
6446,4,546.41,4,539.12,move,improve
6447,4,546.41,4,539.12,swap,notBad
6448,4,546.41,4,539.12,2opt,notBad
6449,4,546.41,4,539.12,move,improve
6450,4,546.41,4,539.12,2opt,notBad
6451,4,546.41,4,539.12,move,improve
6452,4,546.41,4,539.12,move,improve
6453,4,546.41,4,539.12,swap,notBad
6454,4,546.41,4,539.12,2opt,notBad
6455,4,546.41,4,539.12,2opt,notBad
6456,4,546.41,4,539.12,2opt,notBad
6457,4,546.41,4,539.12,move,improve
6458,4,546.41,4,539.12,swap,notBad
6459,4,546.41,4,539.12,move,improve
6460,4,546.41,4,539.12,move,improve
6461,4,546.41,4,539.12,swap,notBad
6462,4,546.41,4,539.12,move,improve
6463,4,546.41,4,539.12,2opt,notBad
6464,4,546.41,4,539.12,2opt,notBad
6465,4,548.97,4,539.12,swap,acceptBad
6466,4,548.97,4,539.12,move,improve
6467,4,548.97,4,539.12,swap,notBad
6468,4,548.97,4,539.12,2opt,notBad
6469,4,548.97,4,539.12,swap,notBad
6470,4,548.97,4,539.12,2opt,notBad
6471,4,548.97,4,539.12,2opt,notBad
6472,4,548.97,4,539.12,move,improve
6473,4,548.97,4,539.12,swap,notBad
6474,4,548.97,4,539.12,2opt,notBad
6475,4,548.97,4,539.12,move,improve
6476,4,548.97,4,539.12,2opt,notBad
6477,4,548.97,4,539.12,swap,notBad
6478,4,548.97,4,539.12,move,improve
6479,4,548.97,4,539.12,move,improve
6480,4,548.97,4,539.12,swap,notBad
6481,4,548.97,4,539.12,2opt,notBad
6482,4,548.6399999999999,4,539.12,move,improve
6483,4,548.6399999999999,4,539.12,2opt,notBad
6484,4,548.6399999999999,4,539.12,2opt,improve
6485,4,548.6399999999999,4,539.12,2opt,notBad
6486,4,548.6399999999999,4,539.12,move,improve
6487,4,548.6399999999999,4,539.12,2opt,notBad
6488,4,548.6399999999999,4,539.12,swap,notBad
6489,4,548.6399999999999,4,539.12,swap,notBad
6490,4,548.6399999999999,4,539.12,swap,notBad
6491,4,548.6399999999999,4,539.12,move,improve
6492,4,548.6399999999999,4,539.12,2opt,notBad
6493,4,548.6399999999999,4,539.12,move,improve
6494,4,548.6399999999999,4,539.12,move,improve
6495,4,548.6399999999999,4,539.12,2opt,notBad
6496,4,548.6399999999999,4,539.12,swap,notBad
6497,4,548.6399999999999,4,539.12,move,improve
6498,4,548.6399999999999,4,539.12,move,improve
6499,4,548.6399999999999,4,539.12,2opt,notBad
6500,4,548.6399999999999,4,539.12,swap,notBad
6501,4,548.6399999999999,4,539.12,swap,notBad
6502,4,548.6399999999999,4,539.12,swap,notBad
6503,4,548.6399999999999,4,539.12,swap,notBad
6504,4,548.6399999999999,4,539.12,move,improve
6505,4,548.6399999999999,4,539.12,2opt,notBad
6506,4,548.6399999999999,4,539.12,swap,notBad
6507,4,548.6399999999999,4,539.12,swap,notBad
6508,4,548.6399999999999,4,539.12,move,improve
6509,4,548.6399999999999,4,539.12,swap,notBad
6510,4,548.6399999999999,4,539.12,move,improve
6511,4,548.6399999999999,4,539.12,swap,notBad
6512,4,548.6399999999999,4,539.12,2opt,notBad
6513,4,548.6399999999999,4,539.12,move,improve
6514,4,548.6399999999999,4,539.12,swap,notBad
6515,4,548.6399999999999,4,539.12,swap,notBad
6516,4,548.6399999999999,4,539.12,swap,notBad
6517,4,548.6399999999999,4,539.12,swap,notBad
6518,4,548.6399999999999,4,539.12,swap,notBad
6519,4,548.6399999999999,4,539.12,2opt,notBad
6520,4,548.6399999999999,4,539.12,swap,notBad
6521,4,548.6399999999999,4,539.12,2opt,notBad
6522,4,548.6399999999999,4,539.12,2opt,notBad
6523,4,548.6399999999999,4,539.12,2opt,notBad
6524,4,548.6399999999999,4,539.12,2opt,notBad
6525,4,548.6399999999999,4,539.12,swap,notBad
6526,4,548.6399999999999,4,539.12,2opt,notBad
6527,4,548.6399999999999,4,539.12,swap,notBad
6528,4,548.6399999999999,4,539.12,2opt,notBad
6529,4,548.6399999999999,4,539.12,swap,notBad
6530,4,548.6399999999999,4,539.12,move,improve
6531,4,548.6399999999999,4,539.12,move,improve
6532,4,548.6399999999999,4,539.12,swap,notBad
6533,4,548.6399999999999,4,539.12,move,improve
6534,4,548.6399999999999,4,539.12,2opt,notBad
6535,4,548.6399999999999,4,539.12,move,improve
6536,4,548.6399999999999,4,539.12,swap,notBad
6537,4,548.6399999999999,4,539.12,move,improve
6538,4,548.6399999999999,4,539.12,2opt,notBad
6539,4,548.6399999999999,4,539.12,swap,notBad
6540,4,548.6399999999999,4,539.12,swap,notBad
6541,4,548.6399999999999,4,539.12,move,improve
6542,4,548.6399999999999,4,539.12,swap,notBad
6543,4,548.6399999999999,4,539.12,swap,notBad
6544,4,549.84,4,539.12,swap,acceptBad
6545,4,549.84,4,539.12,swap,notBad
6546,4,549.84,4,539.12,move,improve
6547,4,549.84,4,539.12,swap,notBad
6548,4,549.84,4,539.12,move,improve
6549,4,549.84,4,539.12,swap,notBad
6550,4,549.84,4,539.12,2opt,notBad
6551,4,549.84,4,539.12,move,improve
6552,4,549.84,4,539.12,move,improve
6553,4,549.84,4,539.12,2opt,notBad
6554,4,549.84,4,539.12,move,improve
6555,4,549.84,4,539.12,move,improve
6556,4,549.84,4,539.12,move,improve
6557,4,549.84,4,539.12,move,improve
6558,4,549.84,4,539.12,swap,notBad
6559,4,549.84,4,539.12,swap,notBad
6560,4,549.84,4,539.12,2opt,notBad
6561,4,549.84,4,539.12,2opt,notBad
6562,4,549.84,4,539.12,swap,notBad
6563,4,549.84,4,539.12,2opt,notBad
6564,4,549.84,4,539.12,2opt,notBad
6565,4,549.84,4,539.12,2opt,notBad
6566,4,549.84,4,539.12,move,improve
6567,4,548.6999999999999,4,539.12,move,improve
6568,4,548.6999999999999,4,539.12,2opt,notBad
6569,4,548.6999999999999,4,539.12,swap,notBad
6570,4,548.6999999999999,4,539.12,swap,notBad
6571,4,548.6999999999999,4,539.12,2opt,notBad
6572,4,548.6999999999999,4,539.12,swap,notBad
6573,4,548.6999999999999,4,539.12,move,improve
6574,4,548.6999999999999,4,539.12,2opt,improve
6575,4,548.6999999999999,4,539.12,swap,notBad
6576,4,548.6999999999999,4,539.12,move,improve
6577,4,548.6999999999999,4,539.12,swap,notBad
6578,4,548.6999999999999,4,539.12,2opt,notBad
6579,4,548.6999999999999,4,539.12,move,improve
6580,4,548.6999999999999,4,539.12,2opt,notBad
6581,4,548.6999999999999,4,539.12,swap,notBad
6582,4,548.6999999999999,4,539.12,swap,notBad
6583,4,548.6999999999999,4,539.12,swap,notBad
6584,4,548.6999999999999,4,539.12,2opt,improve
6585,4,548.6999999999999,4,539.12,swap,notBad
6586,4,547.5,4,539.12,move,improve
6587,4,547.5,4,539.12,swap,notBad
6588,4,547.5,4,539.12,swap,notBad
6589,4,547.5,4,539.12,2opt,notBad
6590,4,547.5,4,539.12,swap,notBad
6591,4,547.5,4,539.12,move,improve
6592,4,547.5,4,539.12,swap,notBad
6593,4,547.5,4,539.12,swap,notBad
6594,4,547.5,4,539.12,swap,notBad
6595,4,547.5,4,539.12,move,improve
6596,4,547.5,4,539.12,2opt,notBad
6597,4,547.5,4,539.12,2opt,notBad
6598,4,547.5,4,539.12,2opt,notBad
6599,4,547.5,4,539.12,2opt,notBad
6600,4,547.5,4,539.12,move,improve
6601,4,547.5,4,539.12,2opt,notBad
6602,4,547.5,4,539.12,swap,notBad
6603,4,546.48,4,539.12,move,improve
6604,4,546.48,4,539.12,swap,notBad
6605,4,546.48,4,539.12,2opt,notBad
6606,4,546.48,4,539.12,move,improve
6607,4,546.48,4,539.12,swap,notBad
6608,4,546.48,4,539.12,swap,notBad
6609,4,543.11,4,539.12,swap,improve
6610,4,543.11,4,539.12,swap,notBad
6611,4,543.11,4,539.12,2opt,notBad
6612,4,543.11,4,539.12,swap,notBad
6613,4,543.11,4,539.12,2opt,notBad
6614,4,543.11,4,539.12,swap,notBad
6615,4,543.0400000000001,4,539.12,move,improve
6616,4,543.0400000000001,4,539.12,2opt,notBad
6617,4,543.0400000000001,4,539.12,2opt,improve
6618,4,543.0400000000001,4,539.12,move,improve
6619,4,543.0400000000001,4,539.12,2opt,notBad
6620,4,543.0400000000001,4,539.12,move,improve
6621,4,543.0400000000001,4,539.12,2opt,notBad
6622,4,543.0400000000001,4,539.12,2opt,notBad
6623,4,543.0400000000001,4,539.12,move,improve
6624,4,543.0400000000001,4,539.12,swap,notBad
6625,4,543.0400000000001,4,539.12,swap,notBad
6626,4,543.0400000000001,4,539.12,move,improve
6627,4,543.0400000000001,4,539.12,2opt,notBad
6628,4,543.0400000000001,4,539.12,swap,notBad
6629,4,543.0400000000001,4,539.12,2opt,notBad
6630,4,543.0400000000001,4,539.12,swap,notBad
6631,4,543.0400000000001,4,539.12,swap,notBad
6632,4,543.0400000000001,4,539.12,2opt,notBad
6633,4,541.68,4,539.12,move,improve
6634,4,541.68,4,539.12,2opt,notBad
6635,4,541.68,4,539.12,move,improve
6636,4,541.68,4,539.12,2opt,notBad
6637,4,541.68,4,539.12,2opt,notBad
6638,4,541.68,4,539.12,2opt,notBad
6639,4,541.68,4,539.12,swap,notBad
6640,4,541.68,4,539.12,swap,notBad
6641,4,541.68,4,539.12,swap,notBad
6642,4,541.68,4,539.12,2opt,notBad
6643,4,541.68,4,539.12,swap,notBad
6644,4,541.68,4,539.12,swap,notBad
6645,4,541.68,4,539.12,swap,notBad
6646,4,541.68,4,539.12,2opt,notBad
6647,4,541.68,4,539.12,swap,notBad
6648,4,541.68,4,539.12,2opt,notBad
6649,4,543.5200000000001,4,539.12,swap,acceptBad
6650,4,543.5200000000001,4,539.12,move,improve
6651,4,543.5200000000001,4,539.12,swap,notBad
6652,4,543.5200000000001,4,539.12,move,improve
6653,4,543.5200000000001,4,539.12,2opt,notBad
6654,4,543.5200000000001,4,539.12,swap,notBad
6655,4,543.5200000000001,4,539.12,2opt,notBad
6656,4,543.5200000000001,4,539.12,2opt,notBad
6657,4,543.5200000000001,4,539.12,swap,notBad
6658,4,543.5200000000001,4,539.12,swap,notBad
6659,4,543.5200000000001,4,539.12,2opt,notBad
6660,4,541.68,4,539.12,move,improve
6661,4,541.68,4,539.12,2opt,notBad
6662,4,541.68,4,539.12,move,improve
6663,4,541.68,4,539.12,2opt,notBad
6664,4,541.68,4,539.12,move,improve
6665,4,541.68,4,539.12,move,improve
6666,4,541.68,4,539.12,swap,notBad
6667,4,541.68,4,539.12,swap,notBad
6668,4,541.68,4,539.12,2opt,notBad
6669,4,541.68,4,539.12,swap,notBad
6670,4,541.68,4,539.12,2opt,notBad
6671,4,541.68,4,539.12,swap,notBad
6672,4,541.68,4,539.12,2opt,notBad
6673,4,541.68,4,539.12,2opt,notBad
6674,4,541.68,4,539.12,swap,notBad
6675,4,541.68,4,539.12,move,improve
6676,4,541.68,4,539.12,move,improve
6677,4,541.68,4,539.12,swap,notBad
6678,4,541.68,4,539.12,2opt,notBad
6679,4,541.68,4,539.12,move,improve
6680,4,541.68,4,539.12,2opt,notBad
6681,4,541.68,4,539.12,swap,notBad
6682,4,541.68,4,539.12,swap,notBad
6683,4,541.68,4,539.12,move,improve
6684,4,541.68,4,539.12,move,improve
6685,4,541.68,4,539.12,move,improve
6686,4,541.68,4,539.12,2opt,notBad
6687,4,541.68,4,539.12,2opt,notBad
6688,4,541.68,4,539.12,swap,notBad
6689,4,541.68,4,539.12,2opt,notBad
6690,4,541.68,4,539.12,2opt,notBad
6691,4,541.68,4,539.12,2opt,notBad
6692,4,546.41,4,539.12,move,acceptBad
6693,4,546.41,4,539.12,move,improve
6694,4,546.41,4,539.12,move,improve
6695,4,546.41,4,539.12,swap,notBad
6696,4,546.41,4,539.12,2opt,notBad
6697,4,546.41,4,539.12,swap,notBad
6698,4,546.41,4,539.12,swap,notBad
6699,4,546.41,4,539.12,2opt,notBad
6700,4,546.41,4,539.12,swap,notBad
6701,4,546.41,4,539.12,swap,notBad
6702,4,546.41,4,539.12,move,improve
6703,4,546.41,4,539.12,swap,notBad
6704,4,547.3100000000001,4,539.12,swap,acceptBad
6705,4,547.3100000000001,4,539.12,swap,notBad
6706,4,547.3100000000001,4,539.12,2opt,notBad
6707,4,547.3100000000001,4,539.12,swap,notBad
6708,4,547.3100000000001,4,539.12,swap,notBad
6709,4,547.3100000000001,4,539.12,2opt,notBad
6710,4,547.3100000000001,4,539.12,swap,notBad
6711,4,547.3100000000001,4,539.12,2opt,notBad
6712,4,547.3100000000001,4,539.12,swap,notBad
6713,4,547.3100000000001,4,539.12,2opt,notBad
6714,4,547.3100000000001,4,539.12,move,improve
6715,4,547.3100000000001,4,539.12,swap,notBad
6716,4,547.3100000000001,4,539.12,swap,notBad
6717,4,547.3100000000001,4,539.12,2opt,notBad
6718,4,547.3100000000001,4,539.12,swap,notBad
6719,4,547.3100000000001,4,539.12,swap,notBad
6720,4,547.3100000000001,4,539.12,2opt,notBad
6721,4,547.3100000000001,4,539.12,swap,notBad
6722,4,547.3100000000001,4,539.12,2opt,notBad
6723,4,547.3100000000001,4,539.12,2opt,notBad
6724,4,547.3100000000001,4,539.12,swap,notBad
6725,4,547.3100000000001,4,539.12,swap,notBad
6726,4,547.3100000000001,4,539.12,2opt,improve
6727,4,547.3100000000001,4,539.12,move,improve
6728,4,547.3100000000001,4,539.12,swap,notBad
6729,4,547.3100000000001,4,539.12,2opt,notBad
6730,4,547.3100000000001,4,539.12,2opt,improve
6731,4,547.3100000000001,4,539.12,2opt,notBad
6732,4,547.3100000000001,4,539.12,2opt,notBad
6733,4,547.3100000000001,4,539.12,swap,notBad
6734,4,547.3100000000001,4,539.12,move,improve
6735,4,547.3100000000001,4,539.12,swap,notBad
6736,4,547.3100000000001,4,539.12,2opt,notBad
6737,4,548.5699999999999,4,539.12,swap,acceptBad
6738,4,548.5699999999999,4,539.12,swap,notBad
6739,4,548.5699999999999,4,539.12,2opt,notBad
6740,4,548.5699999999999,4,539.12,move,improve
6741,4,548.5699999999999,4,539.12,swap,notBad
6742,4,548.5699999999999,4,539.12,2opt,notBad
6743,4,548.5699999999999,4,539.12,move,improve
6744,4,548.5699999999999,4,539.12,move,improve
6745,4,548.5699999999999,4,539.12,2opt,notBad
6746,4,548.5699999999999,4,539.12,swap,notBad
6747,4,548.5699999999999,4,539.12,2opt,notBad
6748,4,548.5699999999999,4,539.12,swap,notBad
6749,4,548.5699999999999,4,539.12,swap,notBad
6750,4,548.5699999999999,4,539.12,swap,notBad
6751,4,548.5699999999999,4,539.12,swap,notBad
6752,4,548.5699999999999,4,539.12,move,improve
6753,4,548.5699999999999,4,539.12,swap,notBad
6754,4,548.5699999999999,4,539.12,2opt,notBad
6755,4,547.6699999999998,4,539.12,move,improve
6756,4,547.6699999999998,4,539.12,2opt,notBad
6757,4,547.6699999999998,4,539.12,2opt,notBad
6758,4,547.6699999999998,4,539.12,2opt,notBad
6759,4,547.6699999999998,4,539.12,move,improve
6760,4,547.6699999999998,4,539.12,move,improve
6761,4,547.6699999999998,4,539.12,swap,notBad
6762,4,547.6699999999998,4,539.12,2opt,notBad
6763,4,547.6699999999998,4,539.12,2opt,notBad
6764,4,547.6699999999998,4,539.12,move,improve
6765,4,547.6699999999998,4,539.12,2opt,notBad
6766,4,545.51,4,539.12,move,improve
6767,4,545.51,4,539.12,2opt,notBad
6768,4,545.51,4,539.12,move,improve
6769,4,545.51,4,539.12,move,improve
6770,4,545.51,4,539.12,2opt,notBad
6771,4,545.51,4,539.12,move,improve
6772,4,545.51,4,539.12,move,improve
6773,4,545.51,4,539.12,swap,notBad
6774,4,545.51,4,539.12,swap,notBad
6775,4,545.51,4,539.12,swap,notBad
6776,4,545.51,4,539.12,move,improve
6777,4,545.51,4,539.12,2opt,notBad
6778,4,545.51,4,539.12,move,improve
6779,4,545.51,4,539.12,swap,notBad
6780,4,545.51,4,539.12,swap,notBad
6781,4,545.51,4,539.12,2opt,notBad
6782,4,545.51,4,539.12,swap,notBad
6783,4,545.51,4,539.12,2opt,improve
6784,4,545.51,4,539.12,swap,notBad
6785,4,545.51,4,539.12,move,improve
6786,4,545.51,4,539.12,2opt,notBad
6787,4,545.51,4,539.12,swap,notBad
6788,4,545.51,4,539.12,2opt,notBad
6789,4,545.51,4,539.12,move,improve
6790,4,545.51,4,539.12,swap,notBad
6791,4,547.81,4,539.12,swap,acceptBad
6792,4,547.81,4,539.12,move,improve
6793,4,547.81,4,539.12,swap,notBad
6794,4,547.81,4,539.12,2opt,notBad
6795,4,547.81,4,539.12,2opt,notBad
6796,4,547.81,4,539.12,move,improve
6797,4,547.81,4,539.12,2opt,notBad
6798,4,547.81,4,539.12,swap,notBad
6799,4,547.81,4,539.12,swap,notBad
6800,4,547.81,4,539.12,2opt,notBad
6801,4,547.81,4,539.12,2opt,notBad
6802,4,547.81,4,539.12,move,improve
6803,4,547.81,4,539.12,swap,notBad
6804,4,547.81,4,539.12,2opt,notBad
6805,4,547.81,4,539.12,2opt,notBad
6806,4,547.81,4,539.12,swap,notBad
6807,4,551.81,4,539.12,swap,acceptBad
6808,4,551.81,4,539.12,move,improve
6809,4,551.81,4,539.12,2opt,notBad
6810,4,551.81,4,539.12,swap,notBad
6811,4,551.81,4,539.12,2opt,notBad
6812,4,551.81,4,539.12,move,improve
6813,4,549.51,4,539.12,move,improve
6814,4,549.7499999999999,4,539.12,swap,acceptBad
6815,4,549.7499999999999,4,539.12,2opt,notBad
6816,4,549.7499999999999,4,539.12,2opt,notBad
6817,4,549.7499999999999,4,539.12,swap,notBad
6818,4,549.7499999999999,4,539.12,2opt,notBad
6819,4,549.7499999999999,4,539.12,2opt,notBad
6820,4,549.7499999999999,4,539.12,move,improve
6821,4,549.7499999999999,4,539.12,swap,notBad
6822,4,548.49,4,539.12,move,improve
6823,4,548.49,4,539.12,2opt,notBad
6824,4,548.49,4,539.12,move,improve
6825,4,548.49,4,539.12,move,improve
6826,4,548.49,4,539.12,swap,notBad
6827,4,548.49,4,539.12,move,improve
6828,4,548.49,4,539.12,2opt,notBad
6829,4,548.49,4,539.12,2opt,notBad
6830,4,548.49,4,539.12,2opt,notBad
6831,4,548.49,4,539.12,2opt,notBad
6832,4,548.49,4,539.12,swap,notBad
6833,4,548.49,4,539.12,swap,notBad
6834,4,548.49,4,539.12,swap,notBad
6835,4,548.49,4,539.12,move,improve
6836,4,548.49,4,539.12,2opt,notBad
6837,4,548.49,4,539.12,swap,notBad
6838,4,548.49,4,539.12,move,improve
6839,4,548.49,4,539.12,move,improve
6840,4,548.49,4,539.12,move,improve
6841,4,548.49,4,539.12,2opt,notBad
6842,4,548.49,4,539.12,move,improve
6843,4,548.49,4,539.12,2opt,notBad
6844,4,548.49,4,539.12,swap,notBad
6845,4,548.49,4,539.12,swap,notBad
6846,4,548.49,4,539.12,swap,notBad
6847,4,548.49,4,539.12,swap,notBad
6848,4,548.49,4,539.12,move,improve
6849,4,548.49,4,539.12,move,improve
6850,4,548.49,4,539.12,swap,notBad
6851,4,548.49,4,539.12,move,improve
6852,4,548.49,4,539.12,2opt,notBad
6853,4,548.49,4,539.12,2opt,notBad
6854,4,548.49,4,539.12,2opt,notBad
6855,4,548.49,4,539.12,2opt,notBad
6856,4,548.49,4,539.12,swap,notBad
6857,4,548.49,4,539.12,swap,notBad
6858,4,548.49,4,539.12,swap,notBad
6859,4,548.49,4,539.12,move,improve
6860,4,548.49,4,539.12,move,improve
6861,4,548.49,4,539.12,2opt,notBad
6862,4,548.49,4,539.12,2opt,notBad
6863,4,548.49,4,539.12,2opt,notBad
6864,4,548.49,4,539.12,2opt,notBad
6865,4,548.49,4,539.12,swap,notBad
6866,4,548.49,4,539.12,2opt,notBad
6867,4,548.49,4,539.12,2opt,notBad
6868,4,548.49,4,539.12,2opt,notBad
6869,4,548.49,4,539.12,move,improve
6870,4,548.49,4,539.12,2opt,notBad
6871,4,548.49,4,539.12,move,improve
6872,4,548.49,4,539.12,swap,notBad
6873,4,548.49,4,539.12,swap,notBad
6874,4,548.49,4,539.12,move,improve
6875,4,548.49,4,539.12,2opt,notBad
6876,4,548.49,4,539.12,swap,notBad
6877,4,548.49,4,539.12,2opt,notBad
6878,4,548.49,4,539.12,2opt,notBad
6879,4,548.49,4,539.12,move,improve
6880,4,548.49,4,539.12,move,improve
6881,4,548.49,4,539.12,2opt,notBad
6882,4,548.49,4,539.12,2opt,notBad
6883,4,548.49,4,539.12,move,improve
6884,4,548.49,4,539.12,swap,notBad
6885,4,548.49,4,539.12,2opt,notBad
6886,4,548.49,4,539.12,move,improve
6887,4,547.0100000000001,4,539.12,move,improve
6888,4,547.0100000000001,4,539.12,2opt,notBad
6889,4,547.0100000000001,4,539.12,2opt,notBad
6890,4,547.0100000000001,4,539.12,2opt,notBad
6891,4,547.0100000000001,4,539.12,swap,notBad
6892,4,547.0100000000001,4,539.12,move,improve
6893,4,547.0100000000001,4,539.12,swap,notBad
6894,4,547.0100000000001,4,539.12,swap,notBad
6895,4,547.0100000000001,4,539.12,swap,notBad
6896,4,547.0100000000001,4,539.12,swap,notBad
6897,4,547.0100000000001,4,539.12,2opt,notBad
6898,4,548.6899999999999,4,539.12,swap,acceptBad
6899,4,548.6899999999999,4,539.12,swap,notBad
6900,4,548.6899999999999,4,539.12,2opt,improve
6901,4,548.6899999999999,4,539.12,2opt,notBad
6902,4,548.6899999999999,4,539.12,swap,notBad
6903,4,548.6899999999999,4,539.12,swap,notBad
6904,4,548.6899999999999,4,539.12,move,improve
6905,4,547.0100000000001,4,539.12,move,improve
6906,4,547.0100000000001,4,539.12,swap,notBad
6907,4,547.0100000000001,4,539.12,move,improve
6908,4,547.0100000000001,4,539.12,swap,notBad
6909,4,547.0100000000001,4,539.12,move,improve
6910,4,547.0100000000001,4,539.12,2opt,notBad
6911,4,547.0100000000001,4,539.12,swap,notBad
6912,4,547.0100000000001,4,539.12,swap,notBad
6913,4,547.0100000000001,4,539.12,2opt,notBad
6914,4,547.0100000000001,4,539.12,2opt,improve
6915,4,547.0100000000001,4,539.12,swap,notBad
6916,4,547.0100000000001,4,539.12,move,improve
6917,4,547.0100000000001,4,539.12,move,improve
6918,4,547.0100000000001,4,539.12,move,improve
6919,4,547.0100000000001,4,539.12,swap,notBad
6920,4,547.0100000000001,4,539.12,2opt,notBad
6921,4,547.0100000000001,4,539.12,move,improve
6922,4,547.0100000000001,4,539.12,2opt,notBad
6923,4,547.0100000000001,4,539.12,2opt,notBad
6924,4,547.0100000000001,4,539.12,move,improve
6925,4,547.0100000000001,4,539.12,move,improve
6926,4,547.0100000000001,4,539.12,move,improve
6927,4,547.0100000000001,4,539.12,swap,notBad
6928,4,547.0100000000001,4,539.12,swap,notBad
6929,4,547.0100000000001,4,539.12,swap,notBad
6930,4,547.0100000000001,4,539.12,2opt,notBad
6931,4,547.0100000000001,4,539.12,move,improve
6932,4,547.0100000000001,4,539.12,2opt,notBad
6933,4,544.25,4,539.12,swap,improve
6934,4,544.25,4,539.12,2opt,notBad
6935,4,544.25,4,539.12,swap,notBad
6936,4,544.25,4,539.12,swap,notBad
6937,4,544.25,4,539.12,move,improve
6938,4,545.27,4,539.12,swap,acceptBad
6939,4,545.27,4,539.12,2opt,notBad
6940,4,545.27,4,539.12,move,improve
6941,4,545.27,4,539.12,move,improve
6942,4,545.27,4,539.12,swap,notBad
6943,4,545.27,4,539.12,swap,notBad
6944,4,545.27,4,539.12,swap,notBad
6945,4,545.27,4,539.12,move,improve
6946,4,544.67,4,539.12,move,improve
6947,4,544.67,4,539.12,2opt,notBad
6948,4,544.67,4,539.12,swap,notBad
6949,4,544.67,4,539.12,swap,notBad
6950,4,544.67,4,539.12,2opt,notBad
6951,4,544.67,4,539.12,move,improve
6952,4,544.67,4,539.12,move,improve
6953,4,544.67,4,539.12,2opt,notBad
6954,4,544.67,4,539.12,swap,notBad
6955,4,544.67,4,539.12,swap,notBad
6956,4,544.67,4,539.12,swap,notBad
6957,4,544.67,4,539.12,2opt,notBad
6958,4,544.67,4,539.12,move,improve
6959,4,544.67,4,539.12,swap,notBad
6960,4,544.67,4,539.12,2opt,notBad
6961,4,544.67,4,539.12,swap,notBad
6962,4,544.67,4,539.12,2opt,notBad
6963,4,544.67,4,539.12,swap,notBad
6964,4,544.67,4,539.12,move,improve
6965,4,544.67,4,539.12,2opt,notBad
6966,4,544.67,4,539.12,swap,notBad
6967,4,544.67,4,539.12,swap,notBad
6968,4,544.67,4,539.12,2opt,notBad
6969,4,544.67,4,539.12,move,improve
6970,4,544.67,4,539.12,2opt,notBad
6971,4,544.67,4,539.12,2opt,notBad
6972,4,544.67,4,539.12,move,improve
6973,4,544.67,4,539.12,2opt,notBad
6974,4,544.67,4,539.12,move,improve
6975,4,544.67,4,539.12,swap,notBad
6976,4,544.67,4,539.12,swap,notBad
6977,4,544.67,4,539.12,move,improve
6978,4,544.67,4,539.12,2opt,notBad
6979,4,544.67,4,539.12,swap,notBad
6980,4,544.67,4,539.12,2opt,notBad
6981,4,544.67,4,539.12,move,improve
6982,4,544.67,4,539.12,swap,notBad
6983,4,544.67,4,539.12,2opt,notBad
6984,4,544.67,4,539.12,move,improve
6985,4,544.67,4,539.12,swap,notBad
6986,4,544.67,4,539.12,2opt,notBad
6987,4,544.67,4,539.12,swap,notBad
6988,4,544.67,4,539.12,swap,notBad
6989,4,544.67,4,539.12,2opt,notBad
6990,4,544.67,4,539.12,move,improve
6991,4,544.67,4,539.12,2opt,notBad
6992,4,544.67,4,539.12,2opt,notBad
6993,4,544.67,4,539.12,2opt,notBad
6994,4,544.67,4,539.12,2opt,improve
6995,4,544.67,4,539.12,swap,notBad
6996,4,544.67,4,539.12,swap,notBad
6997,4,544.67,4,539.12,2opt,notBad
6998,4,544.67,4,539.12,swap,notBad
6999,4,544.67,4,539.12,move,improve
7000,4,544.67,4,539.12,swap,notBad
7001,4,544.67,4,539.12,swap,notBad
7002,4,544.67,4,539.12,swap,notBad
7003,4,543.65,4,539.12,swap,improve
7004,4,543.65,4,539.12,swap,notBad
7005,4,543.65,4,539.12,swap,notBad
7006,4,543.65,4,539.12,2opt,notBad
7007,4,543.65,4,539.12,move,improve
7008,4,543.65,4,539.12,move,improve
7009,4,543.65,4,539.12,2opt,notBad
7010,4,543.65,4,539.12,swap,notBad
7011,4,543.65,4,539.12,swap,notBad
7012,4,543.65,4,539.12,move,improve
7013,4,543.65,4,539.12,swap,notBad
7014,4,543.65,4,539.12,2opt,notBad
7015,4,543.65,4,539.12,move,improve
7016,4,543.65,4,539.12,2opt,notBad
7017,4,543.65,4,539.12,move,improve
7018,4,543.65,4,539.12,swap,notBad
7019,4,543.65,4,539.12,2opt,notBad
7020,4,543.65,4,539.12,2opt,notBad
7021,4,543.65,4,539.12,swap,notBad
7022,4,543.65,4,539.12,swap,notBad
7023,4,543.65,4,539.12,move,improve
7024,4,543.65,4,539.12,2opt,notBad
7025,4,543.65,4,539.12,2opt,notBad
7026,4,543.65,4,539.12,move,improve
7027,4,543.65,4,539.12,2opt,notBad
7028,4,543.65,4,539.12,swap,notBad
7029,4,543.65,4,539.12,2opt,notBad
7030,4,543.65,4,539.12,swap,notBad
7031,4,543.65,4,539.12,2opt,improve
7032,4,543.65,4,539.12,swap,notBad
7033,4,543.65,4,539.12,move,improve
7034,4,543.65,4,539.12,move,improve
7035,4,543.65,4,539.12,swap,notBad
7036,4,543.65,4,539.12,2opt,notBad
7037,4,543.65,4,539.12,move,improve
7038,4,543.65,4,539.12,2opt,notBad
7039,4,543.65,4,539.12,2opt,notBad
7040,4,543.65,4,539.12,move,improve
7041,4,543.65,4,539.12,swap,notBad
7042,4,543.65,4,539.12,2opt,notBad
7043,4,543.65,4,539.12,swap,notBad
7044,4,543.65,4,539.12,2opt,notBad
7045,4,546.09,4,539.12,swap,acceptBad
7046,4,546.09,4,539.12,swap,notBad
7047,4,546.09,4,539.12,swap,notBad
7048,4,546.09,4,539.12,move,improve
7049,4,546.09,4,539.12,move,improve
7050,4,546.09,4,539.12,move,improve
7051,4,546.09,4,539.12,2opt,notBad
7052,4,546.09,4,539.12,2opt,notBad
7053,4,546.09,4,539.12,swap,notBad
7054,4,546.09,4,539.12,2opt,notBad
7055,4,546.09,4,539.12,2opt,notBad
7056,4,546.09,4,539.12,move,improve
7057,4,546.09,4,539.12,swap,notBad
7058,4,546.09,4,539.12,2opt,notBad
7059,4,546.09,4,539.12,2opt,notBad
7060,4,546.09,4,539.12,swap,notBad
7061,4,546.09,4,539.12,move,improve
7062,4,546.09,4,539.12,2opt,notBad
7063,4,546.09,4,539.12,2opt,notBad
7064,4,546.09,4,539.12,move,improve
7065,4,546.09,4,539.12,move,improve
7066,4,543.65,4,539.12,move,improve
7067,4,543.65,4,539.12,2opt,notBad
7068,4,544.25,4,539.12,move,acceptBad
7069,4,544.25,4,539.12,2opt,notBad
7070,4,544.25,4,539.12,2opt,notBad
7071,4,544.25,4,539.12,2opt,notBad
7072,4,544.25,4,539.12,2opt,notBad
7073,4,544.25,4,539.12,2opt,improve
7074,4,544.25,4,539.12,move,improve
7075,4,544.25,4,539.12,swap,notBad
7076,4,544.25,4,539.12,2opt,notBad
7077,4,544.25,4,539.12,swap,notBad
7078,4,548.49,4,539.12,swap,acceptBad
7079,4,548.49,4,539.12,swap,notBad
7080,4,548.49,4,539.12,swap,notBad
7081,4,548.49,4,539.12,move,improve
7082,4,548.49,4,539.12,move,improve
7083,4,548.49,4,539.12,swap,notBad
7084,4,548.49,4,539.12,swap,notBad
7085,4,548.49,4,539.12,2opt,notBad
7086,4,548.49,4,539.12,2opt,notBad
7087,4,548.49,4,539.12,swap,notBad
7088,4,548.49,4,539.12,2opt,notBad
7089,4,548.49,4,539.12,2opt,notBad
7090,4,548.49,4,539.12,move,improve
7091,4,548.49,4,539.12,swap,notBad
7092,4,548.49,4,539.12,swap,notBad
7093,4,548.49,4,539.12,swap,notBad
7094,4,548.49,4,539.12,move,improve
7095,4,548.49,4,539.12,swap,notBad
7096,4,548.49,4,539.12,swap,notBad
7097,4,548.49,4,539.12,2opt,notBad
7098,4,548.49,4,539.12,move,improve
7099,4,548.49,4,539.12,2opt,notBad
7100,4,548.49,4,539.12,2opt,notBad
7101,4,548.49,4,539.12,2opt,notBad
7102,4,548.49,4,539.12,2opt,notBad
7103,4,548.49,4,539.12,move,improve
7104,4,548.49,4,539.12,2opt,notBad
7105,4,548.49,4,539.12,2opt,notBad
7106,4,548.49,4,539.12,swap,notBad
7107,4,548.49,4,539.12,2opt,notBad
7108,4,548.49,4,539.12,swap,notBad
7109,4,548.49,4,539.12,swap,notBad
7110,4,548.49,4,539.12,2opt,notBad
7111,4,548.49,4,539.12,swap,notBad
7112,4,548.49,4,539.12,2opt,improve
7113,4,548.49,4,539.12,move,improve
7114,4,548.49,4,539.12,2opt,notBad
7115,4,548.49,4,539.12,swap,notBad
7116,4,548.49,4,539.12,swap,notBad
7117,4,548.49,4,539.12,2opt,notBad
7118,4,548.49,4,539.12,move,improve
7119,4,548.49,4,539.12,swap,notBad
7120,4,548.49,4,539.12,swap,notBad
7121,4,548.49,4,539.12,swap,notBad
7122,4,548.49,4,539.12,move,improve
7123,4,548.49,4,539.12,2opt,notBad
7124,4,548.49,4,539.12,swap,notBad
7125,4,548.49,4,539.12,swap,notBad
7126,4,548.49,4,539.12,swap,notBad
7127,4,548.49,4,539.12,swap,notBad
7128,4,548.49,4,539.12,move,improve
7129,4,548.49,4,539.12,move,improve
7130,4,548.49,4,539.12,swap,notBad
7131,4,548.49,4,539.12,swap,notBad
7132,4,548.49,4,539.12,swap,notBad
7133,4,548.49,4,539.12,move,improve
7134,4,548.49,4,539.12,2opt,notBad
7135,4,548.49,4,539.12,swap,notBad
7136,4,548.49,4,539.12,swap,notBad
7137,4,548.49,4,539.12,move,improve
7138,4,548.49,4,539.12,2opt,notBad
7139,4,548.49,4,539.12,2opt,notBad
7140,4,548.49,4,539.12,swap,notBad
7141,4,548.49,4,539.12,swap,notBad
7142,4,548.49,4,539.12,swap,notBad
7143,4,548.49,4,539.12,move,improve
7144,4,548.49,4,539.12,move,improve
7145,4,548.49,4,539.12,2opt,notBad
7146,4,548.49,4,539.12,move,improve
7147,4,548.49,4,539.12,swap,notBad
7148,4,548.49,4,539.12,swap,notBad
7149,4,548.49,4,539.12,swap,notBad
7150,4,548.49,4,539.12,2opt,notBad
7151,4,548.49,4,539.12,2opt,notBad
7152,4,548.49,4,539.12,2opt,notBad
7153,4,548.49,4,539.12,move,improve
7154,4,548.49,4,539.12,2opt,notBad
7155,4,548.49,4,539.12,swap,notBad
7156,4,548.49,4,539.12,2opt,notBad
7157,4,548.49,4,539.12,swap,notBad
7158,4,548.49,4,539.12,swap,notBad
7159,4,548.49,4,539.12,2opt,notBad
7160,4,548.49,4,539.12,2opt,improve
7161,4,548.49,4,539.12,2opt,notBad
7162,4,548.49,4,539.12,swap,notBad
7163,4,548.49,4,539.12,swap,notBad
7164,4,548.49,4,539.12,move,improve
7165,4,548.49,4,539.12,move,improve
7166,4,548.49,4,539.12,swap,notBad
7167,4,548.49,4,539.12,swap,notBad
7168,4,548.49,4,539.12,2opt,notBad
7169,4,548.49,4,539.12,swap,notBad
7170,4,548.49,4,539.12,move,improve
7171,4,548.49,4,539.12,move,improve
7172,4,548.49,4,539.12,swap,notBad
7173,4,548.49,4,539.12,move,improve
7174,4,548.49,4,539.12,swap,notBad
7175,4,548.49,4,539.12,swap,notBad
7176,4,548.49,4,539.12,2opt,notBad
7177,4,548.49,4,539.12,swap,notBad
7178,4,548.49,4,539.12,2opt,notBad
7179,4,548.49,4,539.12,2opt,improve
7180,4,548.49,4,539.12,2opt,notBad
7181,4,548.49,4,539.12,2opt,improve
7182,4,548.49,4,539.12,2opt,notBad
7183,4,548.49,4,539.12,move,improve
7184,4,548.49,4,539.12,2opt,notBad
7185,4,548.49,4,539.12,swap,notBad
7186,4,548.49,4,539.12,2opt,notBad
7187,4,548.49,4,539.12,swap,notBad
7188,4,548.49,4,539.12,swap,notBad
7189,4,548.49,4,539.12,swap,notBad
7190,4,548.49,4,539.12,2opt,notBad
7191,4,548.49,4,539.12,2opt,notBad
7192,4,548.49,4,539.12,swap,notBad
7193,4,548.49,4,539.12,move,improve
7194,4,548.49,4,539.12,2opt,notBad
7195,4,548.49,4,539.12,2opt,notBad
7196,4,548.49,4,539.12,swap,notBad
7197,4,548.49,4,539.12,move,improve
7198,4,548.49,4,539.12,2opt,notBad
7199,4,548.49,4,539.12,2opt,notBad
7200,4,548.49,4,539.12,2opt,notBad
7201,4,551.3699999999999,4,539.12,swap,acceptBad
7202,4,551.3699999999999,4,539.12,2opt,notBad
7203,4,551.3699999999999,4,539.12,move,improve
7204,4,551.3699999999999,4,539.12,swap,notBad
7205,4,551.3699999999999,4,539.12,swap,notBad
7206,4,551.3699999999999,4,539.12,move,improve
7207,4,551.3699999999999,4,539.12,swap,notBad
7208,4,551.3699999999999,4,539.12,move,improve
7209,4,551.3699999999999,4,539.12,2opt,notBad
7210,4,552.6299999999999,4,539.12,swap,acceptBad
7211,4,552.6299999999999,4,539.12,move,improve
7212,4,552.6299999999999,4,539.12,2opt,notBad
7213,4,552.6299999999999,4,539.12,2opt,notBad
7214,4,552.6299999999999,4,539.12,move,improve
7215,4,552.6299999999999,4,539.12,2opt,notBad
7216,4,552.6299999999999,4,539.12,move,improve
7217,4,552.6299999999999,4,539.12,swap,notBad
7218,4,552.6299999999999,4,539.12,swap,notBad
7219,4,552.6299999999999,4,539.12,swap,notBad
7220,4,553.99,4,539.12,swap,acceptBad
7221,4,553.99,4,539.12,2opt,notBad
7222,4,553.99,4,539.12,move,improve
7223,4,553.99,4,539.12,swap,improve
7224,4,553.99,4,539.12,move,improve
7225,4,553.99,4,539.12,swap,notBad
7226,4,553.99,4,539.12,swap,notBad
7227,4,553.99,4,539.12,swap,notBad
7228,4,553.99,4,539.12,swap,notBad
7229,4,553.99,4,539.12,swap,notBad
7230,4,553.99,4,539.12,move,improve
7231,4,553.99,4,539.12,swap,notBad
7232,4,553.99,4,539.12,move,improve
7233,4,553.99,4,539.12,swap,notBad
7234,4,553.99,4,539.12,move,improve
7235,4,553.99,4,539.12,move,improve
7236,4,553.99,4,539.12,swap,notBad
7237,4,553.99,4,539.12,swap,notBad
7238,4,553.99,4,539.12,move,improve
7239,4,553.99,4,539.12,2opt,notBad
7240,4,551.1099999999999,4,539.12,move,improve
7241,4,551.1099999999999,4,539.12,2opt,notBad
7242,4,551.1099999999999,4,539.12,2opt,notBad
7243,4,551.1099999999999,4,539.12,move,improve
7244,4,551.1099999999999,4,539.12,2opt,notBad
7245,4,551.1099999999999,4,539.12,2opt,notBad
7246,4,551.1099999999999,4,539.12,move,improve
7247,4,551.1099999999999,4,539.12,swap,notBad
7248,4,551.1099999999999,4,539.12,move,improve
7249,4,551.11,4,539.12,move,acceptBad
7250,4,551.11,4,539.12,move,improve
7251,4,551.11,4,539.12,move,improve
7252,4,551.11,4,539.12,move,improve
7253,4,551.11,4,539.12,swap,notBad
7254,4,551.11,4,539.12,move,improve
7255,4,551.11,4,539.12,2opt,notBad
7256,4,551.11,4,539.12,move,improve
7257,4,551.11,4,539.12,move,improve
7258,4,551.11,4,539.12,2opt,notBad
7259,4,551.11,4,539.12,2opt,notBad
7260,4,551.11,4,539.12,swap,notBad
7261,4,551.11,4,539.12,move,improve
7262,4,551.11,4,539.12,2opt,notBad
7263,4,551.11,4,539.12,move,improve
7264,4,551.11,4,539.12,2opt,notBad
7265,4,551.11,4,539.12,move,improve
7266,4,551.11,4,539.12,swap,notBad
7267,4,551.11,4,539.12,move,improve
7268,4,551.11,4,539.12,swap,notBad
7269,4,551.11,4,539.12,swap,notBad
7270,4,551.11,4,539.12,swap,notBad
7271,4,551.11,4,539.12,2opt,notBad
7272,4,554.0799999999999,4,539.12,swap,acceptBad
7273,4,554.0799999999999,4,539.12,move,improve
7274,4,554.0799999999999,4,539.12,swap,notBad
7275,4,554.0799999999999,4,539.12,swap,notBad
7276,4,554.0799999999999,4,539.12,2opt,notBad
7277,4,552.82,4,539.12,move,improve
7278,4,552.82,4,539.12,swap,notBad
7279,4,551.86,4,539.12,move,improve
7280,4,551.86,4,539.12,swap,notBad
7281,4,551.86,4,539.12,2opt,notBad
7282,4,551.86,4,539.12,swap,notBad
7283,4,551.86,4,539.12,2opt,notBad
7284,4,551.86,4,539.12,2opt,notBad
7285,4,551.86,4,539.12,2opt,notBad
7286,4,551.86,4,539.12,swap,notBad
7287,4,551.86,4,539.12,2opt,notBad
7288,4,551.86,4,539.12,move,improve
7289,4,551.86,4,539.12,2opt,notBad
7290,4,551.86,4,539.12,swap,notBad
7291,4,551.86,4,539.12,move,improve
7292,4,551.86,4,539.12,move,improve
7293,4,551.86,4,539.12,swap,notBad
7294,4,551.86,4,539.12,move,improve
7295,4,551.86,4,539.12,2opt,notBad
7296,4,551.86,4,539.12,2opt,notBad
7297,4,551.86,4,539.12,2opt,notBad
7298,4,551.86,4,539.12,swap,notBad
7299,4,551.86,4,539.12,swap,notBad
7300,4,551.86,4,539.12,move,improve
7301,4,550.4999999999999,4,539.12,move,improve
7302,4,547.53,4,539.12,move,improve
7303,4,547.53,4,539.12,swap,notBad
7304,4,547.53,4,539.12,2opt,notBad
7305,4,547.53,4,539.12,2opt,notBad
7306,4,547.53,4,539.12,swap,notBad
7307,4,547.53,4,539.12,swap,notBad
7308,4,547.53,4,539.12,move,improve
7309,4,547.53,4,539.12,move,improve
7310,4,547.53,4,539.12,swap,notBad
7311,4,547.53,4,539.12,swap,notBad
7312,4,547.53,4,539.12,2opt,notBad
7313,4,547.53,4,539.12,2opt,notBad
7314,4,547.53,4,539.12,swap,notBad
7315,4,547.53,4,539.12,swap,notBad
7316,4,547.53,4,539.12,move,improve
7317,4,547.53,4,539.12,move,improve
7318,4,547.53,4,539.12,swap,notBad
7319,4,547.53,4,539.12,2opt,notBad
7320,4,547.53,4,539.12,move,improve
7321,4,547.53,4,539.12,2opt,notBad
7322,4,547.53,4,539.12,swap,notBad
7323,4,547.53,4,539.12,move,improve
7324,4,547.53,4,539.12,2opt,notBad
7325,4,547.53,4,539.12,2opt,improve
7326,4,547.53,4,539.12,move,improve
7327,4,547.53,4,539.12,swap,notBad
7328,4,547.53,4,539.12,2opt,improve
7329,4,547.53,4,539.12,swap,notBad
7330,4,547.53,4,539.12,move,improve
7331,4,547.53,4,539.12,move,improve
7332,4,547.53,4,539.12,swap,notBad
7333,4,547.53,4,539.12,2opt,notBad
7334,4,547.53,4,539.12,2opt,notBad
7335,4,547.53,4,539.12,swap,notBad
7336,4,547.53,4,539.12,move,improve
7337,4,547.53,4,539.12,2opt,notBad
7338,4,547.53,4,539.12,2opt,notBad
7339,4,547.53,4,539.12,move,improve
7340,4,547.53,4,539.12,2opt,notBad
7341,4,547.53,4,539.12,swap,notBad
7342,4,547.53,4,539.12,move,improve
7343,4,547.53,4,539.12,2opt,notBad
7344,4,547.53,4,539.12,move,improve
7345,4,547.53,4,539.12,2opt,notBad
7346,4,547.53,4,539.12,2opt,notBad
7347,4,547.53,4,539.12,move,improve
7348,4,547.53,4,539.12,move,improve
7349,4,547.53,4,539.12,move,improve
7350,4,547.53,4,539.12,2opt,notBad
7351,4,547.53,4,539.12,2opt,notBad
7352,4,547.53,4,539.12,2opt,notBad
7353,4,547.53,4,539.12,swap,notBad
7354,4,547.53,4,539.12,swap,notBad
7355,4,547.53,4,539.12,move,improve
7356,4,547.53,4,539.12,2opt,notBad
7357,4,547.53,4,539.12,swap,notBad
7358,4,547.53,4,539.12,swap,notBad
7359,4,547.53,4,539.12,swap,notBad
7360,4,547.53,4,539.12,swap,notBad
7361,4,547.53,4,539.12,move,improve
7362,4,547.53,4,539.12,move,improve
7363,4,547.53,4,539.12,swap,notBad
7364,4,547.53,4,539.12,2opt,notBad
7365,4,547.53,4,539.12,2opt,notBad
7366,4,547.53,4,539.12,move,improve
7367,4,547.53,4,539.12,move,improve
7368,4,547.53,4,539.12,2opt,notBad
7369,4,547.53,4,539.12,move,improve
7370,4,547.53,4,539.12,2opt,notBad
7371,4,547.53,4,539.12,2opt,notBad
7372,4,547.53,4,539.12,2opt,notBad
7373,4,547.53,4,539.12,move,improve
7374,4,547.53,4,539.12,swap,notBad
7375,4,547.53,4,539.12,swap,notBad
7376,4,547.53,4,539.12,swap,notBad
7377,4,547.53,4,539.12,swap,notBad
7378,4,547.53,4,539.12,swap,notBad
7379,4,547.53,4,539.12,swap,notBad
7380,4,547.53,4,539.12,2opt,notBad
7381,4,547.53,4,539.12,move,improve
7382,4,547.53,4,539.12,swap,notBad
7383,4,547.53,4,539.12,2opt,notBad
7384,4,547.53,4,539.12,move,improve
7385,4,547.53,4,539.12,move,improve
7386,4,547.53,4,539.12,swap,notBad
7387,4,547.53,4,539.12,2opt,notBad
7388,4,547.53,4,539.12,2opt,notBad
7389,4,547.53,4,539.12,move,improve
7390,4,547.53,4,539.12,swap,notBad
7391,4,547.53,4,539.12,swap,notBad
7392,4,547.53,4,539.12,2opt,notBad
7393,4,547.53,4,539.12,2opt,notBad
7394,4,547.53,4,539.12,2opt,notBad
7395,4,547.53,4,539.12,2opt,notBad
7396,4,547.53,4,539.12,move,improve
7397,4,547.53,4,539.12,swap,notBad
7398,4,547.53,4,539.12,2opt,improve
7399,4,547.53,4,539.12,move,improve
7400,4,547.53,4,539.12,move,improve
7401,4,547.53,4,539.12,move,improve
7402,4,547.53,4,539.12,swap,notBad
7403,4,547.53,4,539.12,move,improve
7404,4,547.53,4,539.12,2opt,notBad
7405,4,547.53,4,539.12,2opt,improve
7406,4,547.53,4,539.12,swap,notBad
7407,4,547.53,4,539.12,move,improve
7408,4,547.53,4,539.12,2opt,notBad
7409,4,547.53,4,539.12,swap,notBad
7410,4,547.53,4,539.12,swap,notBad
7411,4,547.53,4,539.12,swap,notBad
7412,4,547.53,4,539.12,2opt,improve
7413,4,547.53,4,539.12,move,improve
7414,4,547.53,4,539.12,move,improve
7415,4,547.53,4,539.12,swap,notBad
7416,4,547.53,4,539.12,2opt,notBad
7417,4,547.53,4,539.12,move,improve
7418,4,547.53,4,539.12,2opt,notBad
7419,4,547.53,4,539.12,2opt,notBad
7420,4,547.53,4,539.12,move,improve
7421,4,547.53,4,539.12,swap,notBad
7422,4,547.53,4,539.12,swap,notBad
7423,4,547.53,4,539.12,move,improve
7424,4,547.53,4,539.12,move,improve
7425,4,547.53,4,539.12,swap,notBad
7426,4,547.53,4,539.12,2opt,notBad
7427,4,547.53,4,539.12,2opt,notBad
7428,4,546.1100000000001,4,539.12,move,improve
7429,4,546.1100000000001,4,539.12,swap,notBad
7430,4,546.1100000000001,4,539.12,2opt,notBad
7431,4,546.1100000000001,4,539.12,swap,notBad
7432,4,546.1100000000001,4,539.12,move,improve
7433,4,546.1100000000001,4,539.12,swap,notBad
7434,4,546.1100000000001,4,539.12,move,improve
7435,4,546.1100000000001,4,539.12,swap,notBad
7436,4,546.1100000000001,4,539.12,swap,notBad
7437,4,546.1100000000001,4,539.12,move,improve
7438,4,546.1100000000001,4,539.12,2opt,notBad
7439,4,546.1100000000001,4,539.12,move,improve
7440,4,545.69,4,539.12,move,improve
7441,4,545.69,4,539.12,move,improve
7442,4,545.69,4,539.12,move,improve
7443,4,545.69,4,539.12,swap,notBad
7444,4,545.69,4,539.12,2opt,notBad
7445,4,545.69,4,539.12,swap,notBad
7446,4,545.69,4,539.12,swap,notBad
7447,4,545.69,4,539.12,swap,notBad
7448,4,545.69,4,539.12,2opt,notBad
7449,4,545.69,4,539.12,move,improve
7450,4,545.69,4,539.12,2opt,notBad
7451,4,545.69,4,539.12,swap,notBad
7452,4,545.69,4,539.12,2opt,notBad
7453,4,545.69,4,539.12,move,improve
7454,4,545.69,4,539.12,swap,notBad
7455,4,545.69,4,539.12,2opt,notBad
7456,4,545.69,4,539.12,swap,notBad
7457,4,545.69,4,539.12,move,improve
7458,4,545.69,4,539.12,swap,notBad
7459,4,545.69,4,539.12,2opt,notBad
7460,4,545.69,4,539.12,move,improve
7461,4,545.69,4,539.12,swap,notBad
7462,4,545.69,4,539.12,move,improve
7463,4,545.69,4,539.12,move,improve
7464,4,545.69,4,539.12,swap,notBad
7465,4,545.69,4,539.12,swap,notBad
7466,4,545.69,4,539.12,2opt,improve
7467,4,545.69,4,539.12,move,improve
7468,4,545.69,4,539.12,move,improve
7469,4,545.69,4,539.12,2opt,notBad
7470,4,545.69,4,539.12,2opt,notBad
7471,4,545.69,4,539.12,2opt,notBad
7472,4,545.69,4,539.12,move,improve
7473,4,545.69,4,539.12,2opt,notBad
7474,4,545.69,4,539.12,2opt,notBad
7475,4,545.69,4,539.12,2opt,notBad
7476,4,545.69,4,539.12,move,improve
7477,4,545.69,4,539.12,move,improve
7478,4,545.69,4,539.12,swap,notBad
7479,4,545.69,4,539.12,move,improve
7480,4,545.69,4,539.12,move,improve
7481,4,545.69,4,539.12,swap,notBad
7482,4,545.69,4,539.12,swap,notBad
7483,4,545.69,4,539.12,swap,notBad
7484,4,545.69,4,539.12,2opt,notBad
7485,4,545.69,4,539.12,move,improve
7486,4,545.69,4,539.12,move,improve
7487,4,545.69,4,539.12,move,improve
7488,4,545.69,4,539.12,swap,notBad
7489,4,545.69,4,539.12,move,improve
7490,4,545.69,4,539.12,swap,notBad
7491,4,545.69,4,539.12,swap,notBad
7492,4,545.69,4,539.12,swap,notBad
7493,4,545.69,4,539.12,move,improve
7494,4,545.69,4,539.12,2opt,notBad
7495,4,545.69,4,539.12,2opt,notBad
7496,4,545.69,4,539.12,swap,notBad
7497,4,545.69,4,539.12,2opt,improve
7498,4,545.69,4,539.12,swap,notBad
7499,4,545.69,4,539.12,move,improve
7500,4,545.69,4,539.12,2opt,notBad
7501,4,545.69,4,539.12,swap,notBad
7502,4,545.69,4,539.12,2opt,notBad
7503,4,545.69,4,539.12,swap,notBad
7504,4,545.69,4,539.12,move,improve
7505,4,545.69,4,539.12,2opt,notBad
7506,4,545.69,4,539.12,swap,notBad
7507,4,545.69,4,539.12,swap,notBad
7508,4,545.69,4,539.12,2opt,notBad
7509,4,545.69,4,539.12,2opt,notBad
7510,4,545.69,4,539.12,swap,notBad
7511,4,545.69,4,539.12,2opt,notBad
7512,4,545.69,4,539.12,2opt,notBad
7513,4,545.69,4,539.12,move,improve
7514,4,545.69,4,539.12,2opt,notBad
7515,4,545.69,4,539.12,swap,notBad
7516,4,545.69,4,539.12,move,improve
7517,4,545.69,4,539.12,swap,notBad
7518,4,545.69,4,539.12,2opt,notBad
7519,4,545.69,4,539.12,move,improve
7520,4,545.69,4,539.12,move,improve
7521,4,545.69,4,539.12,2opt,notBad
7522,4,545.69,4,539.12,2opt,notBad
7523,4,545.69,4,539.12,swap,notBad
7524,4,545.69,4,539.12,swap,notBad
7525,4,545.69,4,539.12,2opt,notBad
7526,4,546.1100000000001,4,539.12,move,acceptBad
7527,4,545.69,4,539.12,move,improve
7528,4,545.69,4,539.12,2opt,notBad
7529,4,545.69,4,539.12,swap,notBad
7530,4,545.69,4,539.12,swap,notBad
7531,4,545.69,4,539.12,move,improve
7532,4,545.69,4,539.12,2opt,notBad
7533,4,545.69,4,539.12,swap,notBad
7534,4,545.69,4,539.12,2opt,notBad
7535,4,545.69,4,539.12,swap,notBad
7536,4,545.69,4,539.12,2opt,notBad
7537,4,545.69,4,539.12,swap,notBad
7538,4,545.69,4,539.12,swap,notBad
7539,4,545.58,4,539.12,move,improve
7540,4,545.58,4,539.12,swap,notBad
7541,4,545.58,4,539.12,swap,notBad
7542,4,545.58,4,539.12,2opt,notBad
7543,4,545.58,4,539.12,2opt,notBad
7544,4,545.58,4,539.12,move,improve
7545,4,539.76,4,539.12,move,improve
7546,4,539.76,4,539.12,2opt,notBad
7547,4,539.1600000000001,4,539.12,move,improve
7548,4,539.1600000000001,4,539.12,2opt,notBad
7549,4,539.1600000000001,4,539.12,2opt,notBad
7550,4,539.1600000000001,4,539.12,swap,notBad
7551,4,539.1600000000001,4,539.12,move,improve
7552,4,539.1600000000001,4,539.12,swap,notBad
7553,4,539.1600000000001,4,539.12,swap,notBad
7554,4,539.1600000000001,4,539.12,2opt,notBad
7555,4,539.1600000000001,4,539.12,move,improve
7556,4,539.1600000000001,4,539.12,move,improve
7557,4,539.1600000000001,4,539.12,swap,notBad
7558,4,539.1600000000001,4,539.12,move,improve
7559,4,539.1600000000001,4,539.12,swap,notBad
7560,4,539.1600000000001,4,539.12,swap,notBad
7561,4,539.1600000000001,4,539.12,swap,notBad
7562,4,539.1600000000001,4,539.12,2opt,notBad
7563,4,539.1600000000001,4,539.12,swap,notBad
7564,4,539.1600000000001,4,539.12,swap,notBad
7565,4,539.1600000000001,4,539.12,2opt,notBad
7566,4,539.1600000000001,4,539.12,move,improve
7567,4,539.1600000000001,4,539.12,move,improve
7568,4,539.1600000000001,4,539.12,swap,notBad
7569,4,539.1600000000001,4,539.12,swap,notBad
7570,4,539.1600000000001,4,539.12,2opt,improve
7571,4,539.1600000000001,4,539.12,swap,notBad
7572,4,539.1600000000001,4,539.12,swap,notBad
7573,4,539.1600000000001,4,539.12,move,improve
7574,4,539.1600000000001,4,539.12,2opt,notBad
7575,4,539.1600000000001,4,539.12,2opt,notBad
7576,4,539.1600000000001,4,539.12,swap,notBad
7577,4,539.1600000000001,4,539.12,move,improve
7578,4,539.1600000000001,4,539.12,2opt,notBad
7579,4,539.1600000000001,4,539.12,2opt,notBad
7580,4,539.1600000000001,4,539.12,move,improve
7581,4,539.1600000000001,4,539.12,move,improve
7582,4,539.1600000000001,4,539.12,2opt,improve
7583,4,539.1600000000001,4,539.12,2opt,notBad
7584,4,539.1600000000001,4,539.12,2opt,notBad
7585,4,539.1600000000001,4,539.12,move,improve
7586,4,539.1600000000001,4,539.12,swap,notBad
7587,4,539.1600000000001,4,539.12,swap,notBad
7588,4,539.1600000000001,4,539.12,2opt,notBad
7589,4,539.1600000000001,4,539.12,move,improve
7590,4,539.1600000000001,4,539.12,move,improve
7591,4,539.1600000000001,4,539.12,swap,notBad
7592,4,539.1600000000001,4,539.12,swap,notBad
7593,4,539.1600000000001,4,539.12,2opt,notBad
7594,4,539.1600000000001,4,539.12,swap,notBad
7595,4,539.1600000000001,4,539.12,move,improve
7596,4,539.1600000000001,4,539.12,swap,notBad
7597,4,539.7000000000002,4,539.12,swap,acceptBad
7598,4,539.7000000000002,4,539.12,move,improve
7599,4,539.7000000000002,4,539.12,move,improve
7600,4,539.7000000000002,4,539.12,2opt,notBad
7601,4,539.7000000000002,4,539.12,swap,notBad
7602,4,539.7000000000002,4,539.12,swap,notBad
7603,4,539.7000000000002,4,539.12,swap,notBad
7604,4,539.7000000000002,4,539.12,move,improve
7605,4,539.7000000000002,4,539.12,move,improve
7606,4,539.7000000000002,4,539.12,2opt,notBad
7607,4,539.7000000000002,4,539.12,2opt,notBad
7608,4,539.7000000000002,4,539.12,2opt,notBad
7609,4,539.7000000000002,4,539.12,2opt,notBad
7610,4,539.7000000000002,4,539.12,swap,notBad
7611,4,539.7000000000002,4,539.12,swap,notBad
7612,4,539.7000000000002,4,539.12,swap,notBad
7613,4,539.7000000000002,4,539.12,2opt,notBad
7614,4,539.7000000000002,4,539.12,2opt,notBad
7615,4,539.7000000000002,4,539.12,2opt,notBad
7616,4,539.7000000000002,4,539.12,swap,notBad
7617,4,539.7000000000002,4,539.12,2opt,notBad
7618,4,539.7000000000002,4,539.12,move,improve
7619,4,539.7000000000002,4,539.12,swap,notBad
7620,4,539.7000000000002,4,539.12,swap,notBad
7621,4,539.7000000000002,4,539.12,swap,notBad
7622,4,539.7000000000002,4,539.12,2opt,notBad
7623,4,539.7000000000002,4,539.12,swap,notBad
7624,4,539.7000000000002,4,539.12,swap,notBad
7625,4,539.7000000000002,4,539.12,swap,notBad
7626,4,539.7000000000002,4,539.12,move,improve
7627,4,539.7000000000002,4,539.12,2opt,notBad
7628,4,539.7000000000002,4,539.12,move,improve
7629,4,539.7000000000002,4,539.12,2opt,notBad
7630,4,539.7000000000002,4,539.12,swap,notBad
7631,4,539.7000000000002,4,539.12,move,improve
7632,4,539.7000000000002,4,539.12,move,improve
7633,4,539.7000000000002,4,539.12,swap,notBad
7634,4,539.7000000000002,4,539.12,move,improve
7635,4,539.7000000000002,4,539.12,swap,notBad
7636,4,539.7000000000002,4,539.12,2opt,notBad
7637,4,539.7000000000002,4,539.12,2opt,notBad
7638,4,539.7000000000002,4,539.12,move,improve
7639,4,539.7000000000002,4,539.12,swap,notBad
7640,4,539.7000000000002,4,539.12,move,improve
7641,4,539.7000000000002,4,539.12,move,improve
7642,4,539.7000000000002,4,539.12,move,improve
7643,4,539.7000000000002,4,539.12,swap,notBad
7644,4,539.7000000000002,4,539.12,move,improve
7645,4,539.7000000000002,4,539.12,move,improve
7646,4,539.7000000000002,4,539.12,swap,notBad
7647,4,539.7000000000002,4,539.12,swap,notBad
7648,4,539.7000000000002,4,539.12,2opt,notBad
7649,4,539.7000000000002,4,539.12,swap,notBad
7650,4,539.7000000000002,4,539.12,swap,notBad
7651,4,539.7000000000002,4,539.12,2opt,improve
7652,4,539.7000000000002,4,539.12,2opt,notBad
7653,4,539.7000000000002,4,539.12,move,improve
7654,4,539.7000000000002,4,539.12,move,improve
7655,4,539.7000000000002,4,539.12,move,improve
7656,4,539.7000000000002,4,539.12,swap,notBad
7657,4,539.7000000000002,4,539.12,move,improve
7658,4,539.6100000000001,4,539.12,move,improve
7659,4,539.6100000000001,4,539.12,2opt,notBad
7660,4,539.6100000000001,4,539.12,swap,notBad
7661,4,539.1600000000001,4,539.12,move,improve
7662,4,539.1600000000001,4,539.12,2opt,notBad
7663,4,539.1600000000001,4,539.12,2opt,notBad
7664,4,539.1600000000001,4,539.12,move,improve
7665,4,539.1600000000001,4,539.12,2opt,notBad
7666,4,539.1600000000001,4,539.12,move,improve
7667,4,539.1600000000001,4,539.12,2opt,notBad
7668,4,539.1600000000001,4,539.12,swap,notBad
7669,4,539.1600000000001,4,539.12,2opt,notBad
7670,4,539.1600000000001,4,539.12,swap,notBad
7671,4,539.1600000000001,4,539.12,2opt,notBad
7672,4,539.1600000000001,4,539.12,swap,notBad
7673,4,539.1600000000001,4,539.12,swap,notBad
7674,4,539.1600000000001,4,539.12,swap,notBad
7675,4,539.1600000000001,4,539.12,swap,notBad
7676,4,539.7600000000001,4,539.12,move,acceptBad
7677,4,539.7600000000001,4,539.12,move,improve
7678,4,539.7600000000001,4,539.12,move,improve
7679,4,539.7600000000001,4,539.12,move,improve
7680,4,539.7600000000001,4,539.12,swap,notBad
7681,4,539.7600000000001,4,539.12,2opt,notBad
7682,4,539.7600000000001,4,539.12,swap,notBad
7683,4,539.7600000000001,4,539.12,2opt,notBad
7684,4,539.7600000000001,4,539.12,move,improve
7685,4,539.7600000000001,4,539.12,swap,notBad
7686,4,539.7600000000001,4,539.12,move,improve
7687,4,539.7600000000001,4,539.12,move,improve
7688,4,539.7600000000001,4,539.12,move,improve
7689,4,539.7600000000001,4,539.12,move,improve
7690,4,539.7600000000001,4,539.12,move,improve
7691,4,539.7600000000001,4,539.12,2opt,notBad
7692,4,539.7600000000001,4,539.12,move,improve
7693,4,539.7600000000001,4,539.12,swap,notBad
7694,4,539.7600000000001,4,539.12,move,improve
7695,4,539.7600000000001,4,539.12,swap,notBad
7696,4,539.7600000000001,4,539.12,2opt,notBad
7697,4,539.7600000000001,4,539.12,2opt,notBad
7698,4,539.7600000000001,4,539.12,2opt,notBad
7699,4,539.7600000000001,4,539.12,swap,notBad
7700,4,539.7600000000001,4,539.12,move,improve
7701,4,539.7600000000001,4,539.12,2opt,notBad
7702,4,539.7600000000001,4,539.12,swap,notBad
7703,4,539.7600000000001,4,539.12,swap,notBad
7704,4,539.7600000000001,4,539.12,2opt,notBad
7705,4,539.7600000000001,4,539.12,2opt,notBad
7706,4,539.7600000000001,4,539.12,swap,notBad
7707,4,539.7600000000001,4,539.12,move,improve
7708,4,539.7600000000001,4,539.12,move,improve
7709,4,539.7600000000001,4,539.12,swap,notBad
7710,4,539.7600000000001,4,539.12,swap,notBad
7711,4,539.7600000000001,4,539.12,swap,notBad
7712,4,539.7600000000001,4,539.12,2opt,notBad
7713,4,539.1600000000001,4,539.12,move,improve
7714,4,539.1600000000001,4,539.12,move,improve
7715,4,539.1600000000001,4,539.12,2opt,improve
7716,4,539.1600000000001,4,539.12,2opt,notBad
7717,4,539.1600000000001,4,539.12,swap,notBad
7718,4,539.1600000000001,4,539.12,move,improve
7719,4,539.1600000000001,4,539.12,2opt,notBad
7720,4,539.1600000000001,4,539.12,2opt,notBad
7721,4,539.1600000000001,4,539.12,2opt,notBad
7722,4,539.1600000000001,4,539.12,move,improve
7723,4,539.1600000000001,4,539.12,move,improve
7724,4,539.1600000000001,4,539.12,swap,notBad
7725,4,539.1600000000001,4,539.12,swap,notBad
7726,4,539.1600000000001,4,539.12,swap,notBad
7727,4,539.1600000000001,4,539.12,move,improve
7728,4,539.1600000000001,4,539.12,move,improve
7729,4,539.1600000000001,4,539.12,2opt,notBad
7730,4,539.1600000000001,4,539.12,2opt,notBad
7731,4,539.07,4,539.07,move,newBest
7732,4,539.07,4,539.07,2opt,notBad
7733,4,539.07,4,539.07,swap,notBad
7734,4,539.07,4,539.07,move,improve
7735,4,539.07,4,539.07,swap,notBad
7736,4,539.07,4,539.07,2opt,notBad
7737,4,539.07,4,539.07,swap,notBad
7738,4,539.07,4,539.07,swap,notBad
7739,4,539.07,4,539.07,swap,notBad
7740,4,539.07,4,539.07,2opt,notBad
7741,4,539.07,4,539.07,swap,notBad
7742,4,539.07,4,539.07,move,improve
7743,4,539.07,4,539.07,swap,notBad
7744,4,539.07,4,539.07,swap,notBad
7745,4,539.07,4,539.07,move,improve
7746,4,539.07,4,539.07,2opt,notBad
7747,4,539.07,4,539.07,2opt,notBad
7748,4,539.07,4,539.07,move,improve
7749,4,539.07,4,539.07,2opt,notBad
7750,4,539.07,4,539.07,swap,notBad
7751,4,539.07,4,539.07,2opt,notBad
7752,4,539.07,4,539.07,swap,notBad
7753,4,539.07,4,539.07,move,improve
7754,4,539.0699999999999,4,539.0699999999999,move,newBest
7755,4,539.0699999999999,4,539.0699999999999,move,improve
7756,4,539.0699999999999,4,539.0699999999999,swap,notBad
7757,4,539.0699999999999,4,539.0699999999999,move,improve
7758,4,539.0699999999999,4,539.0699999999999,2opt,notBad
7759,4,539.0699999999999,4,539.0699999999999,swap,notBad
7760,4,539.0699999999999,4,539.0699999999999,2opt,notBad
7761,4,539.0699999999999,4,539.0699999999999,move,improve
7762,4,539.0699999999999,4,539.0699999999999,move,improve
7763,4,539.0699999999999,4,539.0699999999999,swap,notBad
7764,4,539.0699999999999,4,539.0699999999999,move,improve
7765,4,539.0699999999999,4,539.0699999999999,swap,notBad
7766,4,539.0699999999999,4,539.0699999999999,swap,notBad
7767,4,539.0699999999999,4,539.0699999999999,2opt,notBad
7768,4,539.0699999999999,4,539.0699999999999,move,improve
7769,4,539.0699999999999,4,539.0699999999999,2opt,notBad
7770,4,539.0699999999999,4,539.0699999999999,move,improve
7771,4,539.0699999999999,4,539.0699999999999,2opt,notBad
7772,4,539.0699999999999,4,539.0699999999999,2opt,notBad
7773,4,539.0699999999999,4,539.0699999999999,move,improve
7774,4,539.0699999999999,4,539.0699999999999,2opt,notBad
7775,4,539.0699999999999,4,539.0699999999999,swap,notBad
7776,4,539.0699999999999,4,539.0699999999999,2opt,notBad
7777,4,539.0699999999999,4,539.0699999999999,swap,notBad
7778,4,539.0699999999999,4,539.0699999999999,2opt,notBad
7779,4,539.0699999999999,4,539.0699999999999,move,improve
7780,4,539.0699999999999,4,539.0699999999999,move,improve
7781,4,539.0699999999999,4,539.0699999999999,move,improve
7782,4,539.0699999999999,4,539.0699999999999,2opt,notBad
7783,4,539.0699999999999,4,539.0699999999999,swap,notBad
7784,4,539.0699999999999,4,539.0699999999999,2opt,notBad
7785,4,539.0699999999999,4,539.0699999999999,swap,notBad
7786,4,539.0699999999999,4,539.0699999999999,move,improve
7787,4,539.0699999999999,4,539.0699999999999,move,improve
7788,4,539.0699999999999,4,539.0699999999999,2opt,notBad
7789,4,539.0699999999999,4,539.0699999999999,swap,notBad
7790,4,539.0699999999999,4,539.0699999999999,2opt,notBad
7791,4,539.0699999999999,4,539.0699999999999,move,improve
7792,4,539.0699999999999,4,539.0699999999999,swap,notBad
7793,4,539.0699999999999,4,539.0699999999999,2opt,notBad
7794,4,539.0699999999999,4,539.0699999999999,2opt,notBad
7795,4,539.0699999999999,4,539.0699999999999,swap,notBad
7796,4,539.0699999999999,4,539.0699999999999,move,improve
7797,4,539.0699999999999,4,539.0699999999999,swap,notBad
7798,4,539.0699999999999,4,539.0699999999999,2opt,notBad
7799,4,539.0699999999999,4,539.0699999999999,move,improve
7800,4,539.0699999999999,4,539.0699999999999,move,improve
7801,4,539.0699999999999,4,539.0699999999999,move,improve
7802,4,539.0699999999999,4,539.0699999999999,2opt,notBad
7803,4,539.0699999999999,4,539.0699999999999,move,improve
7804,4,539.0699999999999,4,539.0699999999999,swap,notBad
7805,4,539.0699999999999,4,539.0699999999999,move,improve
7806,4,539.0699999999999,4,539.0699999999999,2opt,notBad
7807,4,539.0699999999999,4,539.0699999999999,swap,notBad
7808,4,539.0699999999999,4,539.0699999999999,move,improve
7809,4,539.0699999999999,4,539.0699999999999,move,improve
7810,4,539.0699999999999,4,539.0699999999999,2opt,notBad
7811,4,539.0699999999999,4,539.0699999999999,2opt,notBad
7812,4,539.0699999999999,4,539.0699999999999,2opt,notBad
7813,4,539.0699999999999,4,539.0699999999999,2opt,notBad
7814,4,539.0699999999999,4,539.0699999999999,swap,notBad
7815,4,539.0699999999999,4,539.0699999999999,2opt,notBad
7816,4,539.0699999999999,4,539.0699999999999,move,improve
7817,4,539.0699999999999,4,539.0699999999999,2opt,notBad
7818,4,539.0699999999999,4,539.0699999999999,move,improve
7819,4,539.0699999999999,4,539.0699999999999,move,improve
7820,4,539.0699999999999,4,539.0699999999999,2opt,notBad
7821,4,539.0699999999999,4,539.0699999999999,2opt,notBad
7822,4,539.0699999999999,4,539.0699999999999,2opt,notBad
7823,4,539.0699999999999,4,539.0699999999999,move,improve
7824,4,539.0699999999999,4,539.0699999999999,move,improve
7825,4,539.0699999999999,4,539.0699999999999,swap,notBad
7826,4,539.0699999999999,4,539.0699999999999,swap,notBad
7827,4,540.27,4,539.0699999999999,swap,acceptBad
7828,4,540.27,4,539.0699999999999,move,improve
7829,4,540.27,4,539.0699999999999,swap,notBad
7830,4,540.27,4,539.0699999999999,move,improve
7831,4,540.27,4,539.0699999999999,2opt,notBad
7832,4,540.27,4,539.0699999999999,move,improve
7833,4,540.27,4,539.0699999999999,swap,notBad
7834,4,540.27,4,539.0699999999999,move,improve
7835,4,540.27,4,539.0699999999999,move,improve
7836,4,540.27,4,539.0699999999999,move,improve
7837,4,540.27,4,539.0699999999999,2opt,notBad
7838,4,540.27,4,539.0699999999999,move,improve
7839,4,540.27,4,539.0699999999999,move,improve
7840,4,540.27,4,539.0699999999999,2opt,notBad
7841,4,540.27,4,539.0699999999999,move,improve
7842,4,540.27,4,539.0699999999999,swap,notBad
7843,4,540.27,4,539.0699999999999,move,improve
7844,4,540.27,4,539.0699999999999,move,improve
7845,4,540.27,4,539.0699999999999,2opt,improve
7846,4,540.27,4,539.0699999999999,move,improve
7847,4,540.27,4,539.0699999999999,2opt,notBad
7848,4,540.27,4,539.0699999999999,swap,notBad
7849,4,540.27,4,539.0699999999999,2opt,notBad
7850,4,540.27,4,539.0699999999999,2opt,notBad
7851,4,540.27,4,539.0699999999999,move,improve
7852,4,540.27,4,539.0699999999999,2opt,notBad
7853,4,540.27,4,539.0699999999999,move,improve
7854,4,540.27,4,539.0699999999999,2opt,notBad
7855,4,540.27,4,539.0699999999999,move,improve
7856,4,540.27,4,539.0699999999999,2opt,notBad
7857,4,540.27,4,539.0699999999999,2opt,improve
7858,4,540.27,4,539.0699999999999,2opt,notBad
7859,4,540.27,4,539.0699999999999,swap,notBad
7860,4,540.27,4,539.0699999999999,move,improve
7861,4,540.27,4,539.0699999999999,move,improve
7862,4,540.27,4,539.0699999999999,swap,notBad
7863,4,540.27,4,539.0699999999999,2opt,notBad
7864,4,540.27,4,539.0699999999999,2opt,notBad
7865,4,540.27,4,539.0699999999999,2opt,notBad
7866,4,540.27,4,539.0699999999999,2opt,notBad
7867,4,540.27,4,539.0699999999999,swap,notBad
7868,4,540.27,4,539.0699999999999,swap,notBad
7869,4,540.27,4,539.0699999999999,move,improve
7870,4,540.27,4,539.0699999999999,swap,notBad
7871,4,540.27,4,539.0699999999999,move,improve
7872,4,540.27,4,539.0699999999999,2opt,notBad
7873,4,540.27,4,539.0699999999999,move,improve
7874,4,540.27,4,539.0699999999999,swap,notBad
7875,4,540.27,4,539.0699999999999,swap,notBad
7876,4,540.27,4,539.0699999999999,move,improve
7877,4,540.27,4,539.0699999999999,swap,notBad
7878,4,540.27,4,539.0699999999999,move,improve
7879,4,540.27,4,539.0699999999999,move,improve
7880,4,540.27,4,539.0699999999999,swap,notBad
7881,4,540.27,4,539.0699999999999,swap,notBad
7882,4,540.27,4,539.0699999999999,2opt,notBad
7883,4,540.27,4,539.0699999999999,2opt,notBad
7884,4,540.27,4,539.0699999999999,move,improve
7885,4,540.27,4,539.0699999999999,swap,notBad
7886,4,540.27,4,539.0699999999999,2opt,notBad
7887,4,540.27,4,539.0699999999999,move,improve
7888,4,540.27,4,539.0699999999999,2opt,notBad
7889,4,540.27,4,539.0699999999999,2opt,notBad
7890,4,540.27,4,539.0699999999999,move,improve
7891,4,540.27,4,539.0699999999999,swap,notBad
7892,4,540.27,4,539.0699999999999,2opt,notBad
7893,4,540.27,4,539.0699999999999,2opt,notBad
7894,4,540.27,4,539.0699999999999,swap,notBad
7895,4,540.27,4,539.0699999999999,move,improve
7896,4,540.27,4,539.0699999999999,2opt,notBad
7897,4,540.27,4,539.0699999999999,move,improve
7898,4,540.27,4,539.0699999999999,swap,notBad
7899,4,540.27,4,539.0699999999999,swap,notBad
7900,4,540.27,4,539.0699999999999,move,improve
7901,4,540.27,4,539.0699999999999,swap,notBad
7902,4,540.27,4,539.0699999999999,2opt,notBad
7903,4,540.27,4,539.0699999999999,2opt,notBad
7904,4,540.27,4,539.0699999999999,swap,notBad
7905,4,540.27,4,539.0699999999999,move,improve
7906,4,540.27,4,539.0699999999999,move,improve
7907,4,540.27,4,539.0699999999999,2opt,notBad
7908,4,540.27,4,539.0699999999999,2opt,notBad
7909,4,540.27,4,539.0699999999999,2opt,notBad
7910,4,540.27,4,539.0699999999999,2opt,notBad
7911,4,540.27,4,539.0699999999999,swap,notBad
7912,4,540.27,4,539.0699999999999,2opt,notBad
7913,4,540.27,4,539.0699999999999,2opt,notBad
7914,4,540.27,4,539.0699999999999,move,improve
7915,4,540.27,4,539.0699999999999,swap,notBad
7916,4,540.27,4,539.0699999999999,2opt,notBad
7917,4,540.27,4,539.0699999999999,2opt,notBad
7918,4,540.27,4,539.0699999999999,2opt,notBad
7919,4,540.27,4,539.0699999999999,2opt,notBad
7920,4,540.27,4,539.0699999999999,2opt,notBad
7921,4,540.27,4,539.0699999999999,move,improve
7922,4,540.27,4,539.0699999999999,2opt,notBad
7923,4,540.27,4,539.0699999999999,move,improve
7924,4,540.27,4,539.0699999999999,swap,notBad
7925,4,540.27,4,539.0699999999999,swap,notBad
7926,4,540.27,4,539.0699999999999,swap,notBad
7927,4,540.27,4,539.0699999999999,move,improve
7928,4,540.27,4,539.0699999999999,2opt,notBad
7929,4,540.27,4,539.0699999999999,2opt,notBad
7930,4,540.27,4,539.0699999999999,2opt,notBad
7931,4,540.27,4,539.0699999999999,2opt,notBad
7932,4,540.27,4,539.0699999999999,move,improve
7933,4,540.27,4,539.0699999999999,swap,notBad
7934,4,540.27,4,539.0699999999999,2opt,notBad
7935,4,540.27,4,539.0699999999999,2opt,notBad
7936,4,540.27,4,539.0699999999999,swap,notBad
7937,4,540.27,4,539.0699999999999,swap,notBad
7938,4,540.27,4,539.0699999999999,swap,notBad
7939,4,540.27,4,539.0699999999999,swap,notBad
7940,4,540.27,4,539.0699999999999,2opt,improve
7941,4,540.27,4,539.0699999999999,move,improve
7942,4,540.27,4,539.0699999999999,swap,notBad
7943,4,540.27,4,539.0699999999999,2opt,notBad
7944,4,540.27,4,539.0699999999999,swap,notBad
7945,4,540.27,4,539.0699999999999,2opt,notBad
7946,4,540.27,4,539.0699999999999,2opt,notBad
7947,4,540.27,4,539.0699999999999,swap,notBad
7948,4,540.27,4,539.0699999999999,2opt,notBad
7949,4,540.27,4,539.0699999999999,swap,notBad
7950,4,540.27,4,539.0699999999999,move,improve
7951,4,540.27,4,539.0699999999999,2opt,notBad
7952,4,540.27,4,539.0699999999999,2opt,notBad
7953,4,540.27,4,539.0699999999999,2opt,notBad
7954,4,540.27,4,539.0699999999999,2opt,notBad
7955,4,540.27,4,539.0699999999999,swap,notBad
7956,4,540.27,4,539.0699999999999,2opt,notBad
7957,4,540.27,4,539.0699999999999,swap,notBad
7958,4,540.27,4,539.0699999999999,2opt,notBad
7959,4,540.27,4,539.0699999999999,move,improve
7960,4,540.27,4,539.0699999999999,swap,notBad
7961,4,540.27,4,539.0699999999999,move,improve
7962,4,540.27,4,539.0699999999999,2opt,notBad
7963,4,540.27,4,539.0699999999999,move,improve
7964,4,540.27,4,539.0699999999999,move,improve
7965,4,540.27,4,539.0699999999999,move,improve
7966,4,540.27,4,539.0699999999999,move,improve
7967,4,540.27,4,539.0699999999999,move,improve
7968,4,540.27,4,539.0699999999999,move,improve
7969,4,540.27,4,539.0699999999999,2opt,notBad
7970,4,540.27,4,539.0699999999999,swap,notBad
7971,4,540.27,4,539.0699999999999,swap,notBad
7972,4,540.27,4,539.0699999999999,swap,notBad
7973,4,540.27,4,539.0699999999999,2opt,notBad
7974,4,540.27,4,539.0699999999999,2opt,notBad
7975,4,540.27,4,539.0699999999999,swap,notBad
7976,4,540.27,4,539.0699999999999,move,improve
7977,4,540.27,4,539.0699999999999,move,improve
7978,4,540.27,4,539.0699999999999,swap,notBad
7979,4,540.27,4,539.0699999999999,2opt,notBad
7980,4,540.27,4,539.0699999999999,move,improve
7981,4,540.27,4,539.0699999999999,swap,notBad
7982,4,540.27,4,539.0699999999999,swap,notBad
7983,4,540.27,4,539.0699999999999,2opt,notBad
7984,4,540.27,4,539.0699999999999,swap,notBad
7985,4,540.27,4,539.0699999999999,swap,notBad
7986,4,540.27,4,539.0699999999999,move,improve
7987,4,540.27,4,539.0699999999999,swap,notBad
7988,4,540.27,4,539.0699999999999,move,improve
7989,4,540.27,4,539.0699999999999,swap,notBad
7990,4,540.27,4,539.0699999999999,2opt,notBad
7991,4,540.27,4,539.0699999999999,2opt,notBad
7992,4,540.27,4,539.0699999999999,swap,notBad
7993,4,540.27,4,539.0699999999999,swap,notBad
7994,4,540.27,4,539.0699999999999,swap,notBad
7995,4,540.27,4,539.0699999999999,2opt,notBad
7996,4,540.27,4,539.0699999999999,move,improve
7997,4,540.27,4,539.0699999999999,move,improve
7998,4,540.27,4,539.0699999999999,move,improve
7999,4,540.27,4,539.0699999999999,2opt,notBad
8000,4,540.27,4,539.0699999999999,2opt,notBad
8001,4,540.27,4,539.0699999999999,swap,notBad
8002,4,540.27,4,539.0699999999999,swap,notBad
8003,4,540.27,4,539.0699999999999,2opt,notBad
8004,4,540.27,4,539.0699999999999,swap,notBad
8005,4,540.27,4,539.0699999999999,move,improve
8006,4,540.27,4,539.0699999999999,2opt,notBad
8007,4,540.27,4,539.0699999999999,2opt,notBad
8008,4,540.27,4,539.0699999999999,move,improve
8009,4,540.27,4,539.0699999999999,move,improve
8010,4,540.27,4,539.0699999999999,2opt,notBad
8011,4,540.27,4,539.0699999999999,move,improve
8012,4,540.27,4,539.0699999999999,swap,notBad
8013,4,540.27,4,539.0699999999999,swap,notBad
8014,4,540.27,4,539.0699999999999,2opt,notBad
8015,4,540.27,4,539.0699999999999,2opt,notBad
8016,4,540.27,4,539.0699999999999,swap,notBad
8017,4,540.27,4,539.0699999999999,move,improve
8018,4,540.27,4,539.0699999999999,move,improve
8019,4,540.27,4,539.0699999999999,swap,notBad
8020,4,540.27,4,539.0699999999999,2opt,notBad
8021,4,540.27,4,539.0699999999999,move,improve
8022,4,540.27,4,539.0699999999999,swap,notBad
8023,4,540.27,4,539.0699999999999,move,improve
8024,4,540.27,4,539.0699999999999,swap,notBad
8025,4,540.27,4,539.0699999999999,2opt,notBad
8026,4,540.27,4,539.0699999999999,move,improve
8027,4,540.27,4,539.0699999999999,2opt,notBad
8028,4,540.27,4,539.0699999999999,swap,notBad
8029,4,540.27,4,539.0699999999999,move,improve
8030,4,540.27,4,539.0699999999999,move,improve
8031,4,540.27,4,539.0699999999999,move,improve
8032,4,540.27,4,539.0699999999999,move,improve
8033,4,540.27,4,539.0699999999999,swap,notBad
8034,4,540.27,4,539.0699999999999,2opt,notBad
8035,4,540.27,4,539.0699999999999,2opt,notBad
8036,4,540.27,4,539.0699999999999,2opt,notBad
8037,4,540.27,4,539.0699999999999,2opt,notBad
8038,4,540.27,4,539.0699999999999,2opt,notBad
8039,4,540.27,4,539.0699999999999,2opt,notBad
8040,4,540.27,4,539.0699999999999,2opt,notBad
8041,4,540.27,4,539.0699999999999,move,improve
8042,4,540.27,4,539.0699999999999,move,improve
8043,4,540.27,4,539.0699999999999,move,improve
8044,4,540.27,4,539.0699999999999,move,improve
8045,4,540.27,4,539.0699999999999,swap,notBad
8046,4,540.27,4,539.0699999999999,move,improve
8047,4,540.27,4,539.0699999999999,swap,notBad
8048,4,540.27,4,539.0699999999999,2opt,notBad
8049,4,540.27,4,539.0699999999999,swap,notBad
8050,4,540.27,4,539.0699999999999,swap,notBad
8051,4,540.27,4,539.0699999999999,swap,notBad
8052,4,540.27,4,539.0699999999999,move,improve
8053,4,540.27,4,539.0699999999999,2opt,notBad
8054,4,540.27,4,539.0699999999999,swap,notBad
8055,4,540.27,4,539.0699999999999,2opt,notBad
8056,4,540.27,4,539.0699999999999,2opt,notBad
8057,4,540.27,4,539.0699999999999,move,improve
8058,4,540.27,4,539.0699999999999,2opt,notBad
8059,4,540.27,4,539.0699999999999,move,improve
8060,4,540.27,4,539.0699999999999,move,improve
8061,4,540.27,4,539.0699999999999,swap,notBad
8062,4,540.27,4,539.0699999999999,2opt,notBad
8063,4,540.27,4,539.0699999999999,move,improve
8064,4,540.27,4,539.0699999999999,swap,improve
8065,4,540.27,4,539.0699999999999,2opt,notBad
8066,4,540.27,4,539.0699999999999,swap,notBad
8067,4,540.27,4,539.0699999999999,2opt,notBad
8068,4,540.27,4,539.0699999999999,2opt,improve
8069,4,540.27,4,539.0699999999999,2opt,notBad
8070,4,540.27,4,539.0699999999999,swap,notBad
8071,4,540.27,4,539.0699999999999,move,improve
8072,4,540.27,4,539.0699999999999,swap,notBad
8073,4,540.27,4,539.0699999999999,swap,notBad
8074,4,540.27,4,539.0699999999999,2opt,notBad
8075,4,540.27,4,539.0699999999999,swap,notBad
8076,4,540.27,4,539.0699999999999,swap,notBad
8077,4,540.27,4,539.0699999999999,2opt,notBad
8078,4,540.27,4,539.0699999999999,swap,notBad
8079,4,540.27,4,539.0699999999999,swap,notBad
8080,4,540.27,4,539.0699999999999,move,improve
8081,4,540.27,4,539.0699999999999,swap,notBad
8082,4,540.27,4,539.0699999999999,move,improve
8083,4,540.27,4,539.0699999999999,2opt,notBad
8084,4,540.27,4,539.0699999999999,swap,notBad
8085,4,539.07,4,539.0699999999999,swap,improve
8086,4,539.07,4,539.0699999999999,swap,notBad
8087,4,539.07,4,539.0699999999999,move,improve
8088,4,539.07,4,539.0699999999999,2opt,improve
8089,4,539.07,4,539.0699999999999,2opt,notBad
8090,4,539.07,4,539.0699999999999,2opt,notBad
8091,4,539.07,4,539.0699999999999,move,improve
8092,4,539.07,4,539.0699999999999,move,improve
8093,4,539.07,4,539.0699999999999,2opt,notBad
8094,4,539.07,4,539.0699999999999,move,improve
8095,4,539.07,4,539.0699999999999,2opt,notBad
8096,4,539.07,4,539.0699999999999,2opt,improve
8097,4,539.07,4,539.0699999999999,swap,notBad
8098,4,539.07,4,539.0699999999999,2opt,notBad
8099,4,539.07,4,539.0699999999999,2opt,notBad
8100,4,539.07,4,539.0699999999999,2opt,notBad
8101,4,539.07,4,539.0699999999999,2opt,notBad
8102,4,539.07,4,539.0699999999999,2opt,notBad
8103,4,539.07,4,539.0699999999999,swap,notBad
8104,4,539.07,4,539.0699999999999,2opt,notBad
8105,4,539.07,4,539.0699999999999,swap,notBad
8106,4,539.07,4,539.0699999999999,2opt,notBad
8107,4,539.07,4,539.0699999999999,move,improve
8108,4,539.07,4,539.0699999999999,2opt,notBad
8109,4,539.07,4,539.0699999999999,2opt,notBad
8110,4,539.07,4,539.0699999999999,move,improve
8111,4,539.07,4,539.0699999999999,move,improve
8112,4,539.07,4,539.0699999999999,swap,notBad
8113,4,539.07,4,539.0699999999999,move,improve
8114,4,539.07,4,539.0699999999999,swap,notBad
8115,4,539.07,4,539.0699999999999,swap,notBad
8116,4,539.07,4,539.0699999999999,2opt,notBad
8117,4,539.07,4,539.0699999999999,2opt,notBad
8118,4,539.07,4,539.0699999999999,2opt,notBad
8119,4,539.07,4,539.0699999999999,move,improve
8120,4,539.07,4,539.0699999999999,2opt,notBad
8121,4,539.07,4,539.0699999999999,2opt,notBad
8122,4,539.07,4,539.0699999999999,swap,notBad
8123,4,539.07,4,539.0699999999999,move,improve
8124,4,539.07,4,539.0699999999999,swap,notBad
8125,4,539.07,4,539.0699999999999,move,improve
8126,4,539.07,4,539.0699999999999,swap,notBad
8127,4,539.07,4,539.0699999999999,move,improve
8128,4,539.07,4,539.0699999999999,2opt,notBad
8129,4,539.07,4,539.0699999999999,swap,notBad
8130,4,539.07,4,539.0699999999999,move,improve
8131,4,539.07,4,539.0699999999999,swap,notBad
8132,4,539.07,4,539.0699999999999,move,improve
8133,4,539.07,4,539.0699999999999,swap,notBad
8134,4,539.07,4,539.0699999999999,swap,notBad
8135,4,539.07,4,539.0699999999999,swap,notBad
8136,4,539.07,4,539.0699999999999,2opt,notBad
8137,4,539.07,4,539.0699999999999,2opt,notBad
8138,4,539.07,4,539.0699999999999,2opt,notBad
8139,4,539.07,4,539.0699999999999,2opt,notBad
8140,4,539.07,4,539.0699999999999,swap,notBad
8141,4,539.07,4,539.0699999999999,swap,notBad
8142,4,539.07,4,539.0699999999999,swap,notBad
8143,4,539.07,4,539.0699999999999,swap,notBad
8144,4,539.07,4,539.0699999999999,swap,notBad
8145,4,539.07,4,539.0699999999999,swap,notBad
8146,4,539.07,4,539.0699999999999,move,improve
8147,4,539.07,4,539.0699999999999,2opt,notBad
8148,4,539.07,4,539.0699999999999,move,improve
8149,4,539.07,4,539.0699999999999,move,improve
8150,4,539.07,4,539.0699999999999,2opt,notBad
8151,4,539.07,4,539.0699999999999,swap,notBad
8152,4,539.07,4,539.0699999999999,2opt,notBad
8153,4,539.07,4,539.0699999999999,move,improve
8154,4,539.07,4,539.0699999999999,swap,notBad
8155,4,539.07,4,539.0699999999999,move,improve
8156,4,539.07,4,539.0699999999999,swap,notBad
8157,4,539.07,4,539.0699999999999,2opt,notBad
8158,4,539.07,4,539.0699999999999,swap,notBad
8159,4,539.07,4,539.0699999999999,move,improve
8160,4,539.07,4,539.0699999999999,move,improve
8161,4,539.07,4,539.0699999999999,swap,notBad
8162,4,539.07,4,539.0699999999999,2opt,notBad
8163,4,539.07,4,539.0699999999999,2opt,improve
8164,4,539.07,4,539.0699999999999,move,improve
8165,4,539.07,4,539.0699999999999,move,improve
8166,4,539.07,4,539.0699999999999,swap,notBad
8167,4,539.07,4,539.0699999999999,move,improve
8168,4,539.07,4,539.0699999999999,swap,notBad
8169,4,539.07,4,539.0699999999999,swap,notBad
8170,4,539.07,4,539.0699999999999,swap,notBad
8171,4,539.07,4,539.0699999999999,swap,notBad
8172,4,539.07,4,539.0699999999999,2opt,notBad
8173,4,539.07,4,539.0699999999999,move,improve
8174,4,539.07,4,539.0699999999999,2opt,notBad
8175,4,539.07,4,539.0699999999999,swap,notBad
8176,4,539.07,4,539.0699999999999,move,improve
8177,4,539.07,4,539.0699999999999,2opt,notBad
8178,4,539.07,4,539.0699999999999,2opt,notBad
8179,4,539.07,4,539.0699999999999,2opt,notBad
8180,4,539.07,4,539.0699999999999,move,improve
8181,4,539.07,4,539.0699999999999,swap,notBad
8182,4,539.07,4,539.0699999999999,2opt,notBad
8183,4,539.07,4,539.0699999999999,move,improve
8184,4,539.07,4,539.0699999999999,swap,notBad
8185,4,539.07,4,539.0699999999999,2opt,notBad
8186,4,539.07,4,539.0699999999999,swap,notBad
8187,4,539.07,4,539.0699999999999,2opt,notBad
8188,4,539.07,4,539.0699999999999,swap,notBad
8189,4,539.07,4,539.0699999999999,swap,notBad
8190,4,539.07,4,539.0699999999999,move,improve
8191,4,539.07,4,539.0699999999999,move,improve
8192,4,539.07,4,539.0699999999999,2opt,notBad
8193,4,541.59,4,539.0699999999999,swap,acceptBad
8194,4,541.59,4,539.0699999999999,2opt,notBad
8195,4,541.59,4,539.0699999999999,move,improve
8196,4,541.59,4,539.0699999999999,move,improve
8197,4,541.59,4,539.0699999999999,2opt,notBad
8198,4,541.59,4,539.0699999999999,2opt,notBad
8199,4,541.59,4,539.0699999999999,move,improve
8200,4,541.59,4,539.0699999999999,swap,notBad
8201,4,541.59,4,539.0699999999999,2opt,notBad
8202,4,541.59,4,539.0699999999999,2opt,improve
8203,4,541.59,4,539.0699999999999,move,improve
8204,4,541.59,4,539.0699999999999,move,improve
8205,4,541.59,4,539.0699999999999,move,improve
8206,4,541.59,4,539.0699999999999,2opt,notBad
8207,4,541.59,4,539.0699999999999,swap,notBad
8208,4,541.59,4,539.0699999999999,2opt,notBad
8209,4,541.59,4,539.0699999999999,swap,notBad
8210,4,541.59,4,539.0699999999999,move,improve
8211,4,541.59,4,539.0699999999999,move,improve
8212,4,541.59,4,539.0699999999999,move,improve
8213,4,541.59,4,539.0699999999999,swap,notBad
8214,4,541.59,4,539.0699999999999,move,improve
8215,4,541.59,4,539.0699999999999,move,improve
8216,4,541.59,4,539.0699999999999,2opt,notBad
8217,4,541.59,4,539.0699999999999,2opt,notBad
8218,4,541.59,4,539.0699999999999,move,improve
8219,4,541.59,4,539.0699999999999,move,improve
8220,4,541.59,4,539.0699999999999,swap,notBad
8221,4,541.59,4,539.0699999999999,swap,notBad
8222,4,541.59,4,539.0699999999999,swap,notBad
8223,4,541.59,4,539.0699999999999,swap,notBad
8224,4,541.59,4,539.0699999999999,2opt,notBad
8225,4,541.59,4,539.0699999999999,2opt,notBad
8226,4,541.59,4,539.0699999999999,swap,notBad
8227,4,541.59,4,539.0699999999999,2opt,notBad
8228,4,541.59,4,539.0699999999999,move,improve
8229,4,541.59,4,539.0699999999999,2opt,notBad
8230,4,541.59,4,539.0699999999999,2opt,notBad
8231,4,541.59,4,539.0699999999999,2opt,notBad
8232,4,541.59,4,539.0699999999999,swap,notBad
8233,4,541.59,4,539.0699999999999,move,improve
8234,4,541.59,4,539.0699999999999,2opt,notBad
8235,4,541.59,4,539.0699999999999,move,improve
8236,4,541.59,4,539.0699999999999,2opt,notBad
8237,4,541.59,4,539.0699999999999,2opt,notBad
8238,4,541.4100000000001,4,539.0699999999999,move,improve
8239,4,541.4100000000001,4,539.0699999999999,move,improve
8240,4,541.4100000000001,4,539.0699999999999,swap,notBad
8241,4,541.4100000000001,4,539.0699999999999,2opt,notBad
8242,4,541.4100000000001,4,539.0699999999999,swap,notBad
8243,4,541.4100000000001,4,539.0699999999999,2opt,notBad
8244,4,541.4100000000001,4,539.0699999999999,swap,notBad
8245,4,541.4100000000001,4,539.0699999999999,2opt,notBad
8246,4,541.4100000000001,4,539.0699999999999,swap,notBad
8247,4,541.4100000000001,4,539.0699999999999,2opt,notBad
8248,4,541.4100000000001,4,539.0699999999999,move,improve
8249,4,541.41,4,539.0699999999999,move,improve
8250,4,541.41,4,539.0699999999999,2opt,improve
8251,4,541.41,4,539.0699999999999,move,improve
8252,4,541.41,4,539.0699999999999,swap,notBad
8253,4,541.41,4,539.0699999999999,2opt,notBad
8254,4,541.41,4,539.0699999999999,move,improve
8255,4,541.41,4,539.0699999999999,2opt,notBad
8256,4,541.41,4,539.0699999999999,2opt,notBad
8257,4,541.41,4,539.0699999999999,move,improve
8258,4,541.41,4,539.0699999999999,swap,notBad
8259,4,541.41,4,539.0699999999999,move,improve
8260,4,541.41,4,539.0699999999999,swap,notBad
8261,4,541.41,4,539.0699999999999,2opt,notBad
8262,4,541.41,4,539.0699999999999,2opt,notBad
8263,4,541.41,4,539.0699999999999,2opt,notBad
8264,4,541.41,4,539.0699999999999,move,improve
8265,4,541.41,4,539.0699999999999,swap,notBad
8266,4,541.41,4,539.0699999999999,move,improve
8267,4,539.0699999999999,4,539.0699999999999,move,improve
8268,4,539.0699999999999,4,539.0699999999999,move,improve
8269,4,539.0699999999999,4,539.0699999999999,move,improve
8270,4,539.0699999999999,4,539.0699999999999,2opt,notBad
8271,4,539.0699999999999,4,539.0699999999999,2opt,notBad
8272,4,539.0699999999999,4,539.0699999999999,swap,notBad
8273,4,539.0699999999999,4,539.0699999999999,swap,notBad
8274,4,539.0699999999999,4,539.0699999999999,2opt,notBad
8275,4,539.0699999999999,4,539.0699999999999,swap,notBad
8276,4,539.0699999999999,4,539.0699999999999,2opt,notBad
8277,4,539.0699999999999,4,539.0699999999999,2opt,notBad
8278,4,539.0699999999999,4,539.0699999999999,2opt,notBad
8279,4,539.0699999999999,4,539.0699999999999,2opt,improve
8280,4,539.0699999999999,4,539.0699999999999,2opt,notBad
8281,4,539.0699999999999,4,539.0699999999999,swap,notBad
8282,4,539.0699999999999,4,539.0699999999999,move,improve
8283,4,539.0699999999999,4,539.0699999999999,swap,notBad
8284,4,539.0699999999999,4,539.0699999999999,2opt,notBad
8285,4,539.0699999999999,4,539.0699999999999,2opt,notBad
8286,4,539.0699999999999,4,539.0699999999999,2opt,notBad
8287,4,539.0699999999999,4,539.0699999999999,2opt,notBad
8288,4,539.0699999999999,4,539.0699999999999,2opt,notBad
8289,4,539.0699999999999,4,539.0699999999999,swap,notBad
8290,4,539.0699999999999,4,539.0699999999999,2opt,notBad
8291,4,539.0699999999999,4,539.0699999999999,2opt,notBad
8292,4,539.0699999999999,4,539.0699999999999,swap,notBad
8293,4,539.0699999999999,4,539.0699999999999,2opt,notBad
8294,4,539.0699999999999,4,539.0699999999999,swap,notBad
8295,4,539.0699999999999,4,539.0699999999999,move,improve
8296,4,539.0699999999999,4,539.0699999999999,2opt,notBad
8297,4,539.0699999999999,4,539.0699999999999,move,improve
8298,4,539.0699999999999,4,539.0699999999999,swap,notBad
8299,4,539.0699999999999,4,539.0699999999999,2opt,notBad
8300,4,539.0699999999999,4,539.0699999999999,swap,notBad
8301,4,539.0699999999999,4,539.0699999999999,2opt,notBad
8302,4,539.0699999999999,4,539.0699999999999,move,improve
8303,4,539.0699999999999,4,539.0699999999999,swap,notBad
8304,4,539.0699999999999,4,539.0699999999999,move,improve
8305,4,539.0699999999999,4,539.0699999999999,swap,notBad
8306,4,539.0699999999999,4,539.0699999999999,swap,notBad
8307,4,539.0699999999999,4,539.0699999999999,2opt,notBad
8308,4,539.0699999999999,4,539.0699999999999,swap,notBad
8309,4,539.0699999999999,4,539.0699999999999,move,improve
8310,4,539.0699999999999,4,539.0699999999999,2opt,notBad
8311,4,539.0699999999999,4,539.0699999999999,swap,notBad
8312,4,539.0699999999999,4,539.0699999999999,swap,notBad
8313,4,539.0699999999999,4,539.0699999999999,2opt,notBad
8314,4,542.1899999999999,4,539.0699999999999,swap,acceptBad
8315,4,542.1899999999999,4,539.0699999999999,2opt,notBad
8316,4,542.1899999999999,4,539.0699999999999,move,improve
8317,4,542.1899999999999,4,539.0699999999999,2opt,notBad
8318,4,542.1899999999999,4,539.0699999999999,2opt,improve
8319,4,542.1899999999999,4,539.0699999999999,move,improve
8320,4,542.1899999999999,4,539.0699999999999,move,improve
8321,4,542.1899999999999,4,539.0699999999999,2opt,notBad
8322,4,542.1899999999999,4,539.0699999999999,swap,notBad
8323,4,542.1899999999999,4,539.0699999999999,move,improve
8324,4,542.1899999999999,4,539.0699999999999,move,improve
8325,4,542.1899999999999,4,539.0699999999999,2opt,improve
8326,4,542.1899999999999,4,539.0699999999999,swap,notBad
8327,4,542.1899999999999,4,539.0699999999999,move,improve
8328,4,542.1899999999999,4,539.0699999999999,2opt,notBad
8329,4,542.1899999999999,4,539.0699999999999,swap,notBad
8330,4,542.1899999999999,4,539.0699999999999,swap,notBad
8331,4,542.1899999999999,4,539.0699999999999,move,improve
8332,4,542.1899999999999,4,539.0699999999999,swap,notBad
8333,4,542.1899999999999,4,539.0699999999999,swap,notBad
8334,4,542.1899999999999,4,539.0699999999999,move,improve
8335,4,542.1899999999999,4,539.0699999999999,2opt,notBad
8336,4,542.1899999999999,4,539.0699999999999,move,improve
8337,4,542.1899999999999,4,539.0699999999999,swap,notBad
8338,4,542.1899999999999,4,539.0699999999999,2opt,notBad
8339,4,542.1899999999999,4,539.0699999999999,2opt,improve
8340,4,542.1899999999999,4,539.0699999999999,move,improve
8341,4,542.1899999999999,4,539.0699999999999,move,improve
8342,4,542.1899999999999,4,539.0699999999999,2opt,notBad
8343,4,542.1899999999999,4,539.0699999999999,2opt,notBad
8344,4,542.1899999999999,4,539.0699999999999,swap,notBad
8345,4,542.1899999999999,4,539.0699999999999,swap,notBad
8346,4,542.1899999999999,4,539.0699999999999,move,improve
8347,4,542.1899999999999,4,539.0699999999999,move,improve
8348,4,542.1899999999999,4,539.0699999999999,swap,notBad
8349,4,542.1899999999999,4,539.0699999999999,move,improve
8350,4,542.1899999999999,4,539.0699999999999,move,improve
8351,4,542.1899999999999,4,539.0699999999999,2opt,notBad
8352,4,542.1899999999999,4,539.0699999999999,2opt,notBad
8353,4,542.1899999999999,4,539.0699999999999,2opt,notBad
8354,4,542.1899999999999,4,539.0699999999999,2opt,notBad
8355,4,542.1899999999999,4,539.0699999999999,move,improve
8356,4,542.1899999999999,4,539.0699999999999,move,improve
8357,4,542.1899999999999,4,539.0699999999999,swap,notBad
8358,4,542.1899999999999,4,539.0699999999999,2opt,notBad
8359,4,542.1899999999999,4,539.0699999999999,move,improve
8360,4,542.1899999999999,4,539.0699999999999,move,improve
8361,4,542.19,4,539.0699999999999,move,acceptBad
8362,4,542.19,4,539.0699999999999,move,improve
8363,4,542.19,4,539.0699999999999,2opt,notBad
8364,4,542.19,4,539.0699999999999,move,improve
8365,4,542.19,4,539.0699999999999,move,improve
8366,4,542.1899999999999,4,539.0699999999999,move,improve
8367,4,542.1899999999999,4,539.0699999999999,2opt,improve
8368,4,542.1899999999999,4,539.0699999999999,swap,notBad
8369,4,542.1899999999999,4,539.0699999999999,swap,notBad
8370,4,542.1899999999999,4,539.0699999999999,move,improve
8371,4,542.1899999999999,4,539.0699999999999,move,improve
8372,4,542.1899999999999,4,539.0699999999999,swap,notBad
8373,4,542.1899999999999,4,539.0699999999999,move,improve
8374,4,542.1899999999999,4,539.0699999999999,2opt,notBad
8375,4,542.1899999999999,4,539.0699999999999,2opt,notBad
8376,4,542.1899999999999,4,539.0699999999999,2opt,notBad
8377,4,542.1899999999999,4,539.0699999999999,swap,notBad
8378,4,542.1899999999999,4,539.0699999999999,swap,notBad
8379,4,542.1899999999999,4,539.0699999999999,move,improve
8380,4,542.1899999999999,4,539.0699999999999,swap,notBad
8381,4,542.1899999999999,4,539.0699999999999,2opt,notBad
8382,4,542.1899999999999,4,539.0699999999999,2opt,notBad
8383,4,542.1899999999999,4,539.0699999999999,2opt,notBad
8384,4,543.4499999999999,4,539.0699999999999,swap,acceptBad
8385,4,543.4499999999999,4,539.0699999999999,2opt,notBad
8386,4,543.4499999999999,4,539.0699999999999,swap,notBad
8387,4,543.4499999999999,4,539.0699999999999,move,improve
8388,4,543.4499999999999,4,539.0699999999999,swap,notBad
8389,4,543.4499999999999,4,539.0699999999999,move,improve
8390,4,543.4499999999999,4,539.0699999999999,move,improve
8391,4,543.4499999999999,4,539.0699999999999,2opt,notBad
8392,4,543.4499999999999,4,539.0699999999999,swap,notBad
8393,4,543.4499999999999,4,539.0699999999999,move,improve
8394,4,543.4499999999999,4,539.0699999999999,swap,notBad
8395,4,543.4499999999999,4,539.0699999999999,2opt,notBad
8396,4,543.4499999999999,4,539.0699999999999,swap,notBad
8397,4,543.4499999999999,4,539.0699999999999,move,improve
8398,4,543.4499999999999,4,539.0699999999999,swap,notBad
8399,4,543.4499999999999,4,539.0699999999999,swap,notBad
8400,4,543.4499999999999,4,539.0699999999999,2opt,notBad
8401,4,543.4499999999999,4,539.0699999999999,2opt,notBad
8402,4,543.4499999999999,4,539.0699999999999,move,improve
8403,4,543.4499999999999,4,539.0699999999999,2opt,notBad
8404,4,543.4499999999999,4,539.0699999999999,2opt,notBad
8405,4,543.4499999999999,4,539.0699999999999,move,improve
8406,4,543.4499999999999,4,539.0699999999999,2opt,notBad
8407,4,543.4499999999999,4,539.0699999999999,2opt,notBad
8408,4,543.4499999999999,4,539.0699999999999,2opt,notBad
8409,4,543.4499999999999,4,539.0699999999999,2opt,notBad
8410,4,543.4499999999999,4,539.0699999999999,2opt,improve
8411,4,543.4499999999999,4,539.0699999999999,move,improve
8412,4,543.4499999999999,4,539.0699999999999,move,improve
8413,4,543.4499999999999,4,539.0699999999999,move,improve
8414,4,543.4499999999999,4,539.0699999999999,2opt,notBad
8415,4,543.4499999999999,4,539.0699999999999,move,improve
8416,4,543.4499999999999,4,539.0699999999999,move,improve
8417,4,543.4499999999999,4,539.0699999999999,swap,notBad
8418,4,543.4499999999999,4,539.0699999999999,2opt,notBad
8419,4,543.4499999999999,4,539.0699999999999,2opt,notBad
8420,4,543.4499999999999,4,539.0699999999999,2opt,notBad
8421,4,543.4499999999999,4,539.0699999999999,move,improve
8422,4,543.4499999999999,4,539.0699999999999,2opt,notBad
8423,4,543.4499999999999,4,539.0699999999999,move,improve
8424,4,543.4499999999999,4,539.0699999999999,2opt,notBad
8425,4,543.4499999999999,4,539.0699999999999,swap,notBad
8426,4,543.4499999999999,4,539.0699999999999,move,improve
8427,4,543.4499999999999,4,539.0699999999999,move,improve
8428,4,540.33,4,539.0699999999999,move,improve
8429,4,540.33,4,539.0699999999999,move,improve
8430,4,540.33,4,539.0699999999999,swap,notBad
8431,4,540.33,4,539.0699999999999,move,improve
8432,4,540.33,4,539.0699999999999,swap,notBad
8433,4,540.33,4,539.0699999999999,move,improve
8434,4,540.33,4,539.0699999999999,2opt,notBad
8435,4,540.33,4,539.0699999999999,2opt,notBad
8436,4,540.33,4,539.0699999999999,2opt,notBad
8437,4,540.33,4,539.0699999999999,2opt,notBad
8438,4,540.33,4,539.0699999999999,move,improve
8439,4,540.33,4,539.0699999999999,2opt,notBad
8440,4,540.33,4,539.0699999999999,move,improve
8441,4,540.33,4,539.0699999999999,swap,notBad
8442,4,540.33,4,539.0699999999999,swap,notBad
8443,4,539.0699999999999,4,539.0699999999999,move,improve
8444,4,539.0699999999999,4,539.0699999999999,2opt,notBad
8445,4,539.0699999999999,4,539.0699999999999,move,improve
8446,4,539.0699999999999,4,539.0699999999999,2opt,notBad
8447,4,539.0699999999999,4,539.0699999999999,swap,notBad
8448,4,539.0699999999999,4,539.0699999999999,move,improve
8449,4,539.0699999999999,4,539.0699999999999,move,improve
8450,4,539.0699999999999,4,539.0699999999999,move,improve
8451,4,539.0699999999999,4,539.0699999999999,move,improve
8452,4,539.0699999999999,4,539.0699999999999,2opt,notBad
8453,4,539.0699999999999,4,539.0699999999999,swap,notBad
8454,4,539.0699999999999,4,539.0699999999999,2opt,notBad
8455,4,539.0699999999999,4,539.0699999999999,swap,notBad
8456,4,539.0699999999999,4,539.0699999999999,swap,notBad
8457,4,539.0699999999999,4,539.0699999999999,swap,notBad
8458,4,539.0699999999999,4,539.0699999999999,2opt,notBad
8459,4,539.0699999999999,4,539.0699999999999,2opt,notBad
8460,4,539.0699999999999,4,539.0699999999999,2opt,notBad
8461,4,539.0699999999999,4,539.0699999999999,move,improve
8462,4,539.0699999999999,4,539.0699999999999,2opt,notBad
8463,4,539.0699999999999,4,539.0699999999999,2opt,notBad
8464,4,539.0699999999999,4,539.0699999999999,move,improve
8465,4,539.0699999999999,4,539.0699999999999,move,improve
8466,4,539.0699999999999,4,539.0699999999999,2opt,notBad
8467,4,539.0699999999999,4,539.0699999999999,swap,notBad
8468,4,539.0699999999999,4,539.0699999999999,swap,notBad
8469,4,539.0699999999999,4,539.0699999999999,move,improve
8470,4,539.0699999999999,4,539.0699999999999,swap,notBad
8471,4,539.0699999999999,4,539.0699999999999,move,improve
8472,4,539.0699999999999,4,539.0699999999999,move,improve
8473,4,539.0699999999999,4,539.0699999999999,swap,notBad
8474,4,539.0699999999999,4,539.0699999999999,2opt,notBad
8475,4,539.0699999999999,4,539.0699999999999,move,improve
8476,4,539.0699999999999,4,539.0699999999999,2opt,notBad
8477,4,539.0699999999999,4,539.0699999999999,move,improve
8478,4,539.0699999999999,4,539.0699999999999,move,improve
8479,4,539.0699999999999,4,539.0699999999999,swap,notBad
8480,4,539.0699999999999,4,539.0699999999999,swap,notBad
8481,4,539.0699999999999,4,539.0699999999999,2opt,notBad
8482,4,539.07,4,539.0699999999999,move,acceptBad
8483,4,539.07,4,539.0699999999999,2opt,notBad
8484,4,539.07,4,539.0699999999999,swap,notBad
8485,4,539.07,4,539.0699999999999,move,improve
8486,4,539.07,4,539.0699999999999,move,improve
8487,4,539.07,4,539.0699999999999,move,improve
8488,4,539.07,4,539.0699999999999,move,improve
8489,4,539.07,4,539.0699999999999,2opt,notBad
8490,4,539.07,4,539.0699999999999,2opt,notBad
8491,4,539.07,4,539.0699999999999,move,improve
8492,4,539.07,4,539.0699999999999,move,improve
8493,4,539.07,4,539.0699999999999,move,improve
8494,4,539.07,4,539.0699999999999,move,improve
8495,4,539.07,4,539.0699999999999,swap,notBad
8496,4,539.07,4,539.0699999999999,move,improve
8497,4,539.07,4,539.0699999999999,move,improve
8498,4,539.07,4,539.0699999999999,2opt,notBad
8499,4,539.07,4,539.0699999999999,swap,notBad
8500,4,539.07,4,539.0699999999999,move,improve
8501,4,539.07,4,539.0699999999999,move,improve
8502,4,539.07,4,539.0699999999999,2opt,notBad
8503,4,539.07,4,539.0699999999999,2opt,notBad
8504,4,539.07,4,539.0699999999999,2opt,notBad
8505,4,539.07,4,539.0699999999999,move,improve
8506,4,539.07,4,539.0699999999999,2opt,notBad
8507,4,539.07,4,539.0699999999999,2opt,notBad
8508,4,539.07,4,539.0699999999999,2opt,notBad
8509,4,539.07,4,539.0699999999999,2opt,notBad
8510,4,539.07,4,539.0699999999999,move,improve
8511,4,539.07,4,539.0699999999999,2opt,notBad
8512,4,539.07,4,539.0699999999999,swap,notBad
8513,4,539.07,4,539.0699999999999,swap,notBad
8514,4,539.07,4,539.0699999999999,move,improve
8515,4,539.07,4,539.0699999999999,2opt,notBad
8516,4,539.07,4,539.0699999999999,swap,notBad
8517,4,539.07,4,539.0699999999999,2opt,improve
8518,4,539.07,4,539.0699999999999,2opt,notBad
8519,4,539.07,4,539.0699999999999,swap,notBad
8520,4,539.07,4,539.0699999999999,swap,notBad
8521,4,539.07,4,539.0699999999999,move,improve
8522,4,539.07,4,539.0699999999999,2opt,notBad
8523,4,539.07,4,539.0699999999999,swap,notBad
8524,4,539.07,4,539.0699999999999,2opt,improve
8525,4,539.07,4,539.0699999999999,2opt,improve
8526,4,539.07,4,539.0699999999999,swap,notBad
8527,4,539.07,4,539.0699999999999,swap,notBad
8528,4,539.07,4,539.0699999999999,move,improve
8529,4,539.07,4,539.0699999999999,2opt,notBad
8530,4,539.07,4,539.0699999999999,swap,notBad
8531,4,539.07,4,539.0699999999999,swap,notBad
8532,4,539.07,4,539.0699999999999,move,improve
8533,4,539.07,4,539.0699999999999,move,improve
8534,4,539.07,4,539.0699999999999,swap,notBad
8535,4,539.07,4,539.0699999999999,swap,notBad
8536,4,539.07,4,539.0699999999999,2opt,notBad
8537,4,539.52,4,539.0699999999999,swap,acceptBad
8538,4,539.52,4,539.0699999999999,swap,notBad
8539,4,539.52,4,539.0699999999999,2opt,notBad
8540,4,539.52,4,539.0699999999999,2opt,notBad
8541,4,539.52,4,539.0699999999999,swap,notBad
8542,4,539.52,4,539.0699999999999,swap,notBad
8543,4,539.52,4,539.0699999999999,move,improve
8544,4,539.52,4,539.0699999999999,2opt,notBad
8545,4,539.52,4,539.0699999999999,2opt,notBad
8546,4,539.52,4,539.0699999999999,2opt,notBad
8547,4,539.52,4,539.0699999999999,swap,notBad
8548,4,539.52,4,539.0699999999999,2opt,notBad
8549,4,539.52,4,539.0699999999999,swap,notBad
8550,4,539.52,4,539.0699999999999,move,improve
8551,4,539.52,4,539.0699999999999,swap,notBad
8552,4,539.52,4,539.0699999999999,swap,notBad
8553,4,539.52,4,539.0699999999999,2opt,notBad
8554,4,539.52,4,539.0699999999999,swap,notBad
8555,4,539.52,4,539.0699999999999,move,improve
8556,4,539.52,4,539.0699999999999,2opt,notBad
8557,4,539.52,4,539.0699999999999,move,improve
8558,4,539.52,4,539.0699999999999,swap,notBad
8559,4,539.52,4,539.0699999999999,move,improve
8560,4,539.52,4,539.0699999999999,swap,notBad
8561,4,539.52,4,539.0699999999999,swap,notBad
8562,4,539.52,4,539.0699999999999,move,improve
8563,4,539.52,4,539.0699999999999,swap,notBad
8564,4,539.52,4,539.0699999999999,swap,notBad
8565,4,539.52,4,539.0699999999999,move,improve
8566,4,539.52,4,539.0699999999999,swap,notBad
8567,4,539.52,4,539.0699999999999,move,improve
8568,4,539.52,4,539.0699999999999,move,improve
8569,4,539.52,4,539.0699999999999,move,improve
8570,4,539.52,4,539.0699999999999,2opt,improve
8571,4,539.52,4,539.0699999999999,2opt,notBad
8572,4,539.52,4,539.0699999999999,swap,notBad
8573,4,539.52,4,539.0699999999999,move,improve
8574,4,539.52,4,539.0699999999999,2opt,notBad
8575,4,539.52,4,539.0699999999999,move,improve
8576,4,539.52,4,539.0699999999999,swap,notBad
8577,4,539.52,4,539.0699999999999,swap,notBad
8578,4,539.52,4,539.0699999999999,move,improve
8579,4,539.52,4,539.0699999999999,move,improve
8580,4,539.52,4,539.0699999999999,2opt,notBad
8581,4,539.52,4,539.0699999999999,2opt,improve
8582,4,539.52,4,539.0699999999999,swap,notBad
8583,4,539.52,4,539.0699999999999,2opt,notBad
8584,4,539.52,4,539.0699999999999,2opt,improve
8585,4,539.52,4,539.0699999999999,2opt,notBad
8586,4,539.52,4,539.0699999999999,2opt,notBad
8587,4,539.52,4,539.0699999999999,2opt,notBad
8588,4,539.52,4,539.0699999999999,2opt,notBad
8589,4,539.07,4,539.0699999999999,move,improve
8590,4,539.07,4,539.0699999999999,move,improve
8591,4,539.07,4,539.0699999999999,2opt,notBad
8592,4,539.07,4,539.0699999999999,swap,notBad
8593,4,539.07,4,539.0699999999999,2opt,notBad
8594,4,539.07,4,539.0699999999999,move,improve
8595,4,539.07,4,539.0699999999999,move,improve
8596,4,539.07,4,539.0699999999999,2opt,notBad
8597,4,539.07,4,539.0699999999999,move,improve
8598,4,539.07,4,539.0699999999999,swap,notBad
8599,4,539.07,4,539.0699999999999,2opt,notBad
8600,4,539.07,4,539.0699999999999,2opt,notBad
8601,4,539.07,4,539.0699999999999,2opt,notBad
8602,4,539.07,4,539.0699999999999,move,improve
8603,4,539.07,4,539.0699999999999,swap,notBad
8604,4,539.07,4,539.0699999999999,move,improve
8605,4,539.07,4,539.0699999999999,swap,notBad
8606,4,539.07,4,539.0699999999999,swap,notBad
8607,4,539.07,4,539.0699999999999,move,improve
8608,4,539.07,4,539.0699999999999,move,improve
8609,4,539.07,4,539.0699999999999,swap,notBad
8610,4,539.07,4,539.0699999999999,2opt,notBad
8611,4,539.07,4,539.0699999999999,2opt,notBad
8612,4,539.07,4,539.0699999999999,move,improve
8613,4,539.07,4,539.0699999999999,swap,notBad
8614,4,539.07,4,539.0699999999999,swap,notBad
8615,4,539.07,4,539.0699999999999,move,improve
8616,4,539.07,4,539.0699999999999,swap,notBad
8617,4,539.07,4,539.0699999999999,2opt,notBad
8618,4,539.07,4,539.0699999999999,swap,notBad
8619,4,539.07,4,539.0699999999999,2opt,notBad
8620,4,539.07,4,539.0699999999999,swap,notBad
8621,4,539.07,4,539.0699999999999,2opt,improve
8622,4,539.07,4,539.0699999999999,move,improve
8623,4,539.07,4,539.0699999999999,move,improve
8624,4,539.07,4,539.0699999999999,move,improve
8625,4,539.07,4,539.0699999999999,2opt,notBad
8626,4,539.07,4,539.0699999999999,2opt,improve
8627,4,539.07,4,539.0699999999999,2opt,notBad
8628,4,539.07,4,539.0699999999999,2opt,improve
8629,4,539.07,4,539.0699999999999,swap,notBad
8630,4,539.07,4,539.0699999999999,swap,notBad
8631,4,539.07,4,539.0699999999999,swap,notBad
8632,4,539.07,4,539.0699999999999,move,improve
8633,4,539.07,4,539.0699999999999,swap,notBad
8634,4,539.07,4,539.0699999999999,swap,notBad
8635,4,539.07,4,539.0699999999999,2opt,notBad
8636,4,539.07,4,539.0699999999999,2opt,notBad
8637,4,539.07,4,539.0699999999999,2opt,notBad
8638,4,539.07,4,539.0699999999999,move,improve
8639,4,539.69,4,539.0699999999999,swap,acceptBad
8640,4,539.69,4,539.0699999999999,move,improve
8641,4,539.69,4,539.0699999999999,move,improve
8642,4,539.69,4,539.0699999999999,swap,notBad
8643,4,539.69,4,539.0699999999999,swap,notBad
8644,4,539.69,4,539.0699999999999,move,improve
8645,4,539.69,4,539.0699999999999,move,improve
8646,4,539.69,4,539.0699999999999,2opt,notBad
8647,4,539.69,4,539.0699999999999,move,improve
8648,4,539.69,4,539.0699999999999,swap,notBad
8649,4,539.69,4,539.0699999999999,2opt,notBad
8650,4,539.69,4,539.0699999999999,move,improve
8651,4,539.69,4,539.0699999999999,swap,notBad
8652,4,539.69,4,539.0699999999999,move,improve
8653,4,539.69,4,539.0699999999999,2opt,notBad
8654,4,539.69,4,539.0699999999999,move,improve
8655,4,539.69,4,539.0699999999999,move,improve
8656,4,539.69,4,539.0699999999999,move,improve
8657,4,539.69,4,539.0699999999999,2opt,notBad
8658,4,539.69,4,539.0699999999999,2opt,notBad
8659,4,539.69,4,539.0699999999999,move,improve
8660,4,539.69,4,539.0699999999999,move,improve
8661,4,539.69,4,539.0699999999999,2opt,notBad
8662,4,539.69,4,539.0699999999999,move,improve
8663,4,539.69,4,539.0699999999999,swap,notBad
8664,4,539.69,4,539.0699999999999,swap,notBad
8665,4,539.69,4,539.0699999999999,2opt,notBad
8666,4,539.69,4,539.0699999999999,move,improve
8667,4,539.69,4,539.0699999999999,move,improve
8668,4,539.69,4,539.0699999999999,2opt,notBad
8669,4,539.69,4,539.0699999999999,swap,notBad
8670,4,539.69,4,539.0699999999999,2opt,improve
8671,4,539.69,4,539.0699999999999,2opt,notBad
8672,4,539.69,4,539.0699999999999,move,improve
8673,4,539.69,4,539.0699999999999,2opt,notBad
8674,4,539.69,4,539.0699999999999,swap,notBad
8675,4,539.69,4,539.0699999999999,swap,notBad
8676,4,539.69,4,539.0699999999999,2opt,notBad
8677,4,539.69,4,539.0699999999999,swap,notBad
8678,4,539.69,4,539.0699999999999,move,improve
8679,4,539.69,4,539.0699999999999,swap,notBad
8680,4,539.69,4,539.0699999999999,move,improve
8681,4,539.69,4,539.0699999999999,swap,notBad
8682,4,539.69,4,539.0699999999999,2opt,notBad
8683,4,539.69,4,539.0699999999999,2opt,notBad
8684,4,539.69,4,539.0699999999999,swap,notBad
8685,4,539.69,4,539.0699999999999,move,improve
8686,4,539.69,4,539.0699999999999,move,improve
8687,4,539.69,4,539.0699999999999,move,improve
8688,4,539.69,4,539.0699999999999,swap,notBad
8689,4,539.69,4,539.0699999999999,2opt,notBad
8690,4,539.69,4,539.0699999999999,2opt,notBad
8691,4,539.69,4,539.0699999999999,move,improve
8692,4,539.69,4,539.0699999999999,move,improve
8693,4,539.69,4,539.0699999999999,swap,notBad
8694,4,539.69,4,539.0699999999999,move,improve
8695,4,539.69,4,539.0699999999999,swap,notBad
8696,4,539.69,4,539.0699999999999,swap,notBad
8697,4,539.69,4,539.0699999999999,2opt,notBad
8698,4,539.69,4,539.0699999999999,move,improve
8699,4,539.69,4,539.0699999999999,swap,notBad
8700,4,539.69,4,539.0699999999999,swap,notBad
8701,4,539.69,4,539.0699999999999,swap,notBad
8702,4,539.69,4,539.0699999999999,move,improve
8703,4,539.69,4,539.0699999999999,swap,notBad
8704,4,539.69,4,539.0699999999999,move,improve
8705,4,539.69,4,539.0699999999999,move,improve
8706,4,539.69,4,539.0699999999999,move,improve
8707,4,539.69,4,539.0699999999999,swap,notBad
8708,4,539.69,4,539.0699999999999,swap,notBad
8709,4,539.69,4,539.0699999999999,move,improve
8710,4,539.69,4,539.0699999999999,move,improve
8711,4,539.69,4,539.0699999999999,swap,notBad
8712,4,540.29,4,539.0699999999999,move,acceptBad
8713,4,540.29,4,539.0699999999999,2opt,notBad
8714,4,540.29,4,539.0699999999999,2opt,notBad
8715,4,540.29,4,539.0699999999999,swap,notBad
8716,4,540.29,4,539.0699999999999,2opt,notBad
8717,4,540.29,4,539.0699999999999,swap,notBad
8718,4,540.29,4,539.0699999999999,2opt,notBad
8719,4,540.29,4,539.0699999999999,swap,notBad
8720,4,540.29,4,539.0699999999999,2opt,notBad
8721,4,540.29,4,539.0699999999999,move,improve
8722,4,540.29,4,539.0699999999999,2opt,notBad
8723,4,540.29,4,539.0699999999999,swap,notBad
8724,4,540.29,4,539.0699999999999,swap,notBad
8725,4,540.29,4,539.0699999999999,swap,notBad
8726,4,540.29,4,539.0699999999999,swap,notBad
8727,4,540.29,4,539.0699999999999,swap,notBad
8728,4,540.29,4,539.0699999999999,move,improve
8729,4,540.29,4,539.0699999999999,2opt,notBad
8730,4,540.29,4,539.0699999999999,2opt,notBad
8731,4,540.29,4,539.0699999999999,2opt,notBad
8732,4,540.29,4,539.0699999999999,2opt,notBad
8733,4,540.29,4,539.0699999999999,2opt,notBad
8734,4,540.29,4,539.0699999999999,move,improve
8735,4,540.29,4,539.0699999999999,swap,notBad
8736,4,540.29,4,539.0699999999999,move,improve
8737,4,540.29,4,539.0699999999999,move,improve
8738,4,540.29,4,539.0699999999999,swap,notBad
8739,4,540.29,4,539.0699999999999,move,improve
8740,4,540.29,4,539.0699999999999,move,improve
8741,4,540.29,4,539.0699999999999,2opt,notBad
8742,4,540.29,4,539.0699999999999,swap,notBad
8743,4,540.29,4,539.0699999999999,2opt,notBad
8744,4,540.29,4,539.0699999999999,2opt,notBad
8745,4,540.29,4,539.0699999999999,2opt,notBad
8746,4,540.29,4,539.0699999999999,2opt,notBad
8747,4,540.29,4,539.0699999999999,2opt,notBad
8748,4,540.29,4,539.0699999999999,swap,notBad
8749,4,540.29,4,539.0699999999999,swap,notBad
8750,4,540.29,4,539.0699999999999,swap,notBad
8751,4,540.29,4,539.0699999999999,move,improve
8752,4,540.29,4,539.0699999999999,move,improve
8753,4,540.29,4,539.0699999999999,2opt,notBad
8754,4,540.29,4,539.0699999999999,move,improve
8755,4,540.29,4,539.0699999999999,2opt,notBad
8756,4,540.29,4,539.0699999999999,2opt,notBad
8757,4,540.29,4,539.0699999999999,2opt,notBad
8758,4,540.29,4,539.0699999999999,2opt,notBad
8759,4,540.29,4,539.0699999999999,swap,notBad
8760,4,540.29,4,539.0699999999999,2opt,notBad
8761,4,540.29,4,539.0699999999999,2opt,notBad
8762,4,540.29,4,539.0699999999999,swap,notBad
8763,4,540.29,4,539.0699999999999,swap,notBad
8764,4,540.29,4,539.0699999999999,2opt,notBad
8765,4,540.29,4,539.0699999999999,2opt,notBad
8766,4,540.29,4,539.0699999999999,2opt,notBad
8767,4,540.29,4,539.0699999999999,2opt,notBad
8768,4,540.29,4,539.0699999999999,swap,notBad
8769,4,540.29,4,539.0699999999999,2opt,notBad
8770,4,540.29,4,539.0699999999999,swap,notBad
8771,4,540.29,4,539.0699999999999,2opt,notBad
8772,4,540.29,4,539.0699999999999,2opt,notBad
8773,4,540.29,4,539.0699999999999,swap,notBad
8774,4,540.29,4,539.0699999999999,swap,notBad
8775,4,540.29,4,539.0699999999999,swap,notBad
8776,4,540.29,4,539.0699999999999,swap,notBad
8777,4,540.29,4,539.0699999999999,swap,notBad
8778,4,540.29,4,539.0699999999999,move,improve
8779,4,540.29,4,539.0699999999999,swap,notBad
8780,4,540.29,4,539.0699999999999,move,improve
8781,4,540.29,4,539.0699999999999,2opt,notBad
8782,4,540.29,4,539.0699999999999,2opt,notBad
8783,4,540.29,4,539.0699999999999,2opt,improve
8784,4,540.29,4,539.0699999999999,2opt,notBad
8785,4,540.29,4,539.0699999999999,move,improve
8786,4,540.29,4,539.0699999999999,2opt,notBad
8787,4,540.29,4,539.0699999999999,move,improve
8788,4,540.29,4,539.0699999999999,move,improve
8789,4,539.0699999999999,4,539.0699999999999,move,improve
8790,4,539.0699999999999,4,539.0699999999999,move,improve
8791,4,539.0699999999999,4,539.0699999999999,2opt,notBad
8792,4,539.0699999999999,4,539.0699999999999,swap,notBad
8793,4,539.0699999999999,4,539.0699999999999,move,improve
8794,4,539.0699999999999,4,539.0699999999999,move,improve
8795,4,539.0699999999999,4,539.0699999999999,2opt,notBad
8796,4,539.0699999999999,4,539.0699999999999,2opt,notBad
8797,4,539.0699999999999,4,539.0699999999999,swap,notBad
8798,4,539.0699999999999,4,539.0699999999999,move,improve
8799,4,539.0699999999999,4,539.0699999999999,2opt,notBad
8800,4,539.0699999999999,4,539.0699999999999,swap,notBad
8801,4,539.0699999999999,4,539.0699999999999,swap,notBad
8802,4,539.0699999999999,4,539.0699999999999,2opt,notBad
8803,4,539.0699999999999,4,539.0699999999999,2opt,notBad
8804,4,539.0699999999999,4,539.0699999999999,swap,notBad
8805,4,539.0699999999999,4,539.0699999999999,move,improve
8806,4,539.0699999999999,4,539.0699999999999,2opt,notBad
8807,4,539.0699999999999,4,539.0699999999999,move,improve
8808,4,539.0699999999999,4,539.0699999999999,2opt,notBad
8809,4,539.0699999999999,4,539.0699999999999,2opt,notBad
8810,4,539.0699999999999,4,539.0699999999999,2opt,notBad
8811,4,539.0699999999999,4,539.0699999999999,2opt,notBad
8812,4,539.0699999999999,4,539.0699999999999,move,improve
8813,4,539.0699999999999,4,539.0699999999999,move,improve
8814,4,539.0699999999999,4,539.0699999999999,swap,notBad
8815,4,539.0699999999999,4,539.0699999999999,2opt,notBad
8816,4,539.0699999999999,4,539.0699999999999,2opt,notBad
8817,4,539.0699999999999,4,539.0699999999999,2opt,notBad
8818,4,539.0699999999999,4,539.0699999999999,2opt,notBad
8819,4,539.0699999999999,4,539.0699999999999,2opt,notBad
8820,4,539.0699999999999,4,539.0699999999999,2opt,notBad
8821,4,539.0699999999999,4,539.0699999999999,swap,notBad
8822,4,539.0699999999999,4,539.0699999999999,move,improve
8823,4,539.0699999999999,4,539.0699999999999,swap,notBad
8824,4,539.0699999999999,4,539.0699999999999,move,improve
8825,4,539.0699999999999,4,539.0699999999999,2opt,notBad
8826,4,539.0699999999999,4,539.0699999999999,2opt,notBad
8827,4,539.0699999999999,4,539.0699999999999,move,improve
8828,4,539.0699999999999,4,539.0699999999999,2opt,notBad
8829,4,539.0699999999999,4,539.0699999999999,move,improve
8830,4,539.0699999999999,4,539.0699999999999,2opt,notBad
8831,4,539.0699999999999,4,539.0699999999999,swap,notBad
8832,4,539.0699999999999,4,539.0699999999999,2opt,notBad
8833,4,539.0699999999999,4,539.0699999999999,2opt,notBad
8834,4,539.0699999999999,4,539.0699999999999,swap,notBad
8835,4,539.0699999999999,4,539.0699999999999,move,improve
8836,4,539.0699999999999,4,539.0699999999999,move,improve
8837,4,539.0699999999999,4,539.0699999999999,swap,notBad
8838,4,539.0699999999999,4,539.0699999999999,move,improve
8839,4,539.0699999999999,4,539.0699999999999,2opt,notBad
8840,4,539.0699999999999,4,539.0699999999999,2opt,notBad
8841,4,539.0699999999999,4,539.0699999999999,2opt,notBad
8842,4,539.0699999999999,4,539.0699999999999,move,improve
8843,4,539.0699999999999,4,539.0699999999999,swap,notBad
8844,4,539.0699999999999,4,539.0699999999999,2opt,notBad
8845,4,539.0699999999999,4,539.0699999999999,2opt,notBad
8846,4,539.0699999999999,4,539.0699999999999,swap,notBad
8847,4,539.0699999999999,4,539.0699999999999,move,improve
8848,4,539.0699999999999,4,539.0699999999999,2opt,notBad
8849,4,539.0699999999999,4,539.0699999999999,swap,notBad
8850,4,539.0699999999999,4,539.0699999999999,swap,notBad
8851,4,539.0699999999999,4,539.0699999999999,2opt,notBad
8852,4,539.0699999999999,4,539.0699999999999,2opt,notBad
8853,4,539.0699999999999,4,539.0699999999999,2opt,notBad
8854,4,539.0699999999999,4,539.0699999999999,2opt,notBad
8855,4,539.0699999999999,4,539.0699999999999,2opt,notBad
8856,4,539.0699999999999,4,539.0699999999999,2opt,notBad
8857,4,539.0699999999999,4,539.0699999999999,2opt,notBad
8858,4,539.0699999999999,4,539.0699999999999,swap,notBad
8859,4,539.0699999999999,4,539.0699999999999,move,improve
8860,4,539.0699999999999,4,539.0699999999999,move,improve
8861,4,539.0699999999999,4,539.0699999999999,swap,notBad
8862,4,539.0699999999999,4,539.0699999999999,2opt,notBad
8863,4,539.0699999999999,4,539.0699999999999,swap,notBad
8864,4,539.0699999999999,4,539.0699999999999,swap,notBad
8865,4,539.0699999999999,4,539.0699999999999,swap,notBad
8866,4,539.0699999999999,4,539.0699999999999,move,improve
8867,4,539.0699999999999,4,539.0699999999999,move,improve
8868,4,539.0699999999999,4,539.0699999999999,2opt,notBad
8869,4,539.0699999999999,4,539.0699999999999,2opt,notBad
8870,4,539.0699999999999,4,539.0699999999999,swap,notBad
8871,4,539.0699999999999,4,539.0699999999999,2opt,notBad
8872,4,539.0699999999999,4,539.0699999999999,move,improve
8873,4,539.0699999999999,4,539.0699999999999,2opt,notBad
8874,4,539.0699999999999,4,539.0699999999999,2opt,notBad
8875,4,539.0699999999999,4,539.0699999999999,swap,notBad
8876,4,539.0699999999999,4,539.0699999999999,swap,notBad
8877,4,539.0699999999999,4,539.0699999999999,move,improve
8878,4,539.0699999999999,4,539.0699999999999,2opt,notBad
8879,4,539.0699999999999,4,539.0699999999999,move,improve
8880,4,539.0699999999999,4,539.0699999999999,move,improve
8881,4,539.0699999999999,4,539.0699999999999,2opt,notBad
8882,4,539.0699999999999,4,539.0699999999999,2opt,notBad
8883,4,539.0699999999999,4,539.0699999999999,2opt,notBad
8884,4,539.0699999999999,4,539.0699999999999,move,improve
8885,4,539.0699999999999,4,539.0699999999999,2opt,notBad
8886,4,539.0699999999999,4,539.0699999999999,move,improve
8887,4,539.0699999999999,4,539.0699999999999,2opt,notBad
8888,4,539.0699999999999,4,539.0699999999999,move,improve
8889,4,539.0699999999999,4,539.0699999999999,move,improve
8890,4,539.0699999999999,4,539.0699999999999,move,improve
8891,4,539.0699999999999,4,539.0699999999999,2opt,notBad
8892,4,539.0699999999999,4,539.0699999999999,swap,notBad
8893,4,539.0699999999999,4,539.0699999999999,swap,notBad
8894,4,539.0699999999999,4,539.0699999999999,2opt,notBad
8895,4,539.0699999999999,4,539.0699999999999,move,improve
8896,4,539.0699999999999,4,539.0699999999999,move,improve
8897,4,539.0699999999999,4,539.0699999999999,2opt,notBad
8898,4,539.0699999999999,4,539.0699999999999,move,improve
8899,4,539.0699999999999,4,539.0699999999999,move,improve
8900,4,539.0699999999999,4,539.0699999999999,2opt,notBad
8901,4,539.0699999999999,4,539.0699999999999,move,improve
8902,4,539.0699999999999,4,539.0699999999999,2opt,notBad
8903,4,539.0699999999999,4,539.0699999999999,swap,notBad
8904,4,539.0699999999999,4,539.0699999999999,move,improve
8905,4,539.0699999999999,4,539.0699999999999,2opt,notBad
8906,4,539.0699999999999,4,539.0699999999999,2opt,notBad
8907,4,539.0699999999999,4,539.0699999999999,move,improve
8908,4,539.0699999999999,4,539.0699999999999,move,improve
8909,4,539.0699999999999,4,539.0699999999999,swap,notBad
8910,4,539.0699999999999,4,539.0699999999999,2opt,notBad
8911,4,539.0699999999999,4,539.0699999999999,move,improve
8912,4,539.0699999999999,4,539.0699999999999,2opt,notBad
8913,4,539.0699999999999,4,539.0699999999999,2opt,notBad
8914,4,539.0699999999999,4,539.0699999999999,move,improve
8915,4,539.0699999999999,4,539.0699999999999,swap,notBad
8916,4,539.0699999999999,4,539.0699999999999,move,improve
8917,4,539.0699999999999,4,539.0699999999999,swap,notBad
8918,4,539.0699999999999,4,539.0699999999999,2opt,notBad
8919,4,539.0699999999999,4,539.0699999999999,2opt,notBad
8920,4,539.0699999999999,4,539.0699999999999,move,improve
8921,4,539.0699999999999,4,539.0699999999999,move,improve
8922,4,539.0699999999999,4,539.0699999999999,swap,notBad
8923,4,539.0699999999999,4,539.0699999999999,move,improve
8924,4,539.0699999999999,4,539.0699999999999,2opt,notBad
8925,4,539.0699999999999,4,539.0699999999999,2opt,notBad
8926,4,539.0699999999999,4,539.0699999999999,move,improve
8927,4,539.0699999999999,4,539.0699999999999,2opt,notBad
8928,4,539.0699999999999,4,539.0699999999999,move,improve
8929,4,539.0699999999999,4,539.0699999999999,2opt,notBad
8930,4,539.0699999999999,4,539.0699999999999,swap,notBad
8931,4,539.0699999999999,4,539.0699999999999,swap,notBad
8932,4,539.0699999999999,4,539.0699999999999,swap,notBad
8933,4,539.0699999999999,4,539.0699999999999,swap,notBad
8934,4,539.0699999999999,4,539.0699999999999,swap,notBad
8935,4,539.0699999999999,4,539.0699999999999,swap,notBad
8936,4,539.0699999999999,4,539.0699999999999,swap,notBad
8937,4,539.0699999999999,4,539.0699999999999,move,improve
8938,4,539.0699999999999,4,539.0699999999999,2opt,notBad
8939,4,539.0699999999999,4,539.0699999999999,2opt,notBad
8940,4,539.0699999999999,4,539.0699999999999,swap,notBad
8941,4,539.0699999999999,4,539.0699999999999,move,improve
8942,4,539.0699999999999,4,539.0699999999999,2opt,improve
8943,4,539.0699999999999,4,539.0699999999999,swap,notBad
8944,4,539.0699999999999,4,539.0699999999999,move,improve
8945,4,539.0699999999999,4,539.0699999999999,2opt,notBad
8946,4,539.0699999999999,4,539.0699999999999,move,improve
8947,4,539.0699999999999,4,539.0699999999999,move,improve
8948,4,539.0699999999999,4,539.0699999999999,2opt,notBad
8949,4,539.0699999999999,4,539.0699999999999,2opt,notBad
8950,4,539.0699999999999,4,539.0699999999999,swap,notBad
8951,4,539.0699999999999,4,539.0699999999999,2opt,notBad
8952,4,539.0699999999999,4,539.0699999999999,swap,notBad
8953,4,539.0699999999999,4,539.0699999999999,2opt,notBad
8954,4,539.0699999999999,4,539.0699999999999,move,improve
8955,4,539.0699999999999,4,539.0699999999999,swap,notBad
8956,4,539.0699999999999,4,539.0699999999999,move,improve
8957,4,539.0699999999999,4,539.0699999999999,2opt,notBad
8958,4,539.0699999999999,4,539.0699999999999,2opt,notBad
8959,4,539.0699999999999,4,539.0699999999999,2opt,notBad
8960,4,539.0699999999999,4,539.0699999999999,2opt,notBad
8961,4,539.0699999999999,4,539.0699999999999,swap,notBad
8962,4,539.07,4,539.0699999999999,move,acceptBad
8963,4,539.07,4,539.0699999999999,swap,notBad
8964,4,539.07,4,539.0699999999999,swap,notBad
8965,4,539.07,4,539.0699999999999,swap,notBad
8966,4,539.07,4,539.0699999999999,swap,notBad
8967,4,539.07,4,539.0699999999999,swap,notBad
8968,4,540.27,4,539.0699999999999,swap,acceptBad
8969,4,540.27,4,539.0699999999999,2opt,notBad
8970,4,540.27,4,539.0699999999999,2opt,notBad
8971,4,540.27,4,539.0699999999999,move,improve
8972,4,540.27,4,539.0699999999999,swap,notBad
8973,4,540.27,4,539.0699999999999,2opt,notBad
8974,4,540.27,4,539.0699999999999,swap,notBad
8975,4,540.27,4,539.0699999999999,2opt,notBad
8976,4,540.27,4,539.0699999999999,2opt,notBad
8977,4,540.27,4,539.0699999999999,2opt,notBad
8978,4,540.27,4,539.0699999999999,swap,notBad
8979,4,540.27,4,539.0699999999999,move,improve
8980,4,540.27,4,539.0699999999999,move,improve
8981,4,540.27,4,539.0699999999999,2opt,improve
8982,4,540.27,4,539.0699999999999,2opt,notBad
8983,4,540.27,4,539.0699999999999,swap,notBad
8984,4,540.27,4,539.0699999999999,2opt,notBad
8985,4,540.27,4,539.0699999999999,swap,notBad
8986,4,540.27,4,539.0699999999999,2opt,notBad
8987,4,540.27,4,539.0699999999999,move,improve
8988,4,540.27,4,539.0699999999999,move,improve
8989,4,540.27,4,539.0699999999999,2opt,notBad
8990,4,540.27,4,539.0699999999999,move,improve
8991,4,540.27,4,539.0699999999999,swap,notBad
8992,4,540.27,4,539.0699999999999,2opt,notBad
8993,4,540.27,4,539.0699999999999,swap,notBad
8994,4,540.27,4,539.0699999999999,2opt,notBad
8995,4,540.27,4,539.0699999999999,2opt,notBad
8996,4,540.27,4,539.0699999999999,swap,notBad
8997,4,540.27,4,539.0699999999999,move,improve
8998,4,540.27,4,539.0699999999999,2opt,notBad
8999,4,540.27,4,539.0699999999999,swap,notBad
9000,4,540.27,4,539.0699999999999,swap,notBad
9001,4,540.27,4,539.0699999999999,move,improve
9002,4,540.27,4,539.0699999999999,move,improve
9003,4,540.27,4,539.0699999999999,swap,notBad
9004,4,540.27,4,539.0699999999999,2opt,notBad
9005,4,540.27,4,539.0699999999999,swap,notBad
9006,4,540.27,4,539.0699999999999,move,improve
9007,4,540.27,4,539.0699999999999,swap,notBad
9008,4,540.27,4,539.0699999999999,2opt,notBad
9009,4,540.27,4,539.0699999999999,2opt,notBad
9010,4,540.27,4,539.0699999999999,move,improve
9011,4,540.27,4,539.0699999999999,2opt,notBad
9012,4,540.27,4,539.0699999999999,2opt,notBad
9013,4,540.27,4,539.0699999999999,2opt,notBad
9014,4,540.27,4,539.0699999999999,2opt,notBad
9015,4,540.27,4,539.0699999999999,swap,notBad
9016,4,540.27,4,539.0699999999999,move,improve
9017,4,540.27,4,539.0699999999999,move,improve
9018,4,540.27,4,539.0699999999999,swap,notBad
9019,4,540.27,4,539.0699999999999,2opt,notBad
9020,4,540.27,4,539.0699999999999,swap,notBad
9021,4,540.27,4,539.0699999999999,swap,notBad
9022,4,540.27,4,539.0699999999999,swap,notBad
9023,4,540.27,4,539.0699999999999,swap,notBad
9024,4,540.27,4,539.0699999999999,move,improve
9025,4,540.27,4,539.0699999999999,swap,notBad
9026,4,540.27,4,539.0699999999999,move,improve
9027,4,540.27,4,539.0699999999999,move,improve
9028,4,540.27,4,539.0699999999999,2opt,improve
9029,4,540.27,4,539.0699999999999,move,improve
9030,4,540.27,4,539.0699999999999,swap,notBad
9031,4,540.27,4,539.0699999999999,swap,notBad
9032,4,540.27,4,539.0699999999999,2opt,notBad
9033,4,540.27,4,539.0699999999999,2opt,notBad
9034,4,540.27,4,539.0699999999999,move,improve
9035,4,540.27,4,539.0699999999999,2opt,notBad
9036,4,540.27,4,539.0699999999999,swap,notBad
9037,4,540.27,4,539.0699999999999,2opt,notBad
9038,4,540.27,4,539.0699999999999,swap,notBad
9039,4,540.27,4,539.0699999999999,2opt,notBad
9040,4,540.27,4,539.0699999999999,2opt,notBad
9041,4,540.27,4,539.0699999999999,move,improve
9042,4,540.27,4,539.0699999999999,move,improve
9043,4,540.27,4,539.0699999999999,move,improve
9044,4,540.27,4,539.0699999999999,move,improve
9045,4,540.27,4,539.0699999999999,swap,notBad
9046,4,540.27,4,539.0699999999999,2opt,notBad
9047,4,540.27,4,539.0699999999999,move,improve
9048,4,540.27,4,539.0699999999999,swap,notBad
9049,4,540.27,4,539.0699999999999,move,improve
9050,4,540.27,4,539.0699999999999,swap,notBad
9051,4,540.27,4,539.0699999999999,swap,notBad
9052,4,540.27,4,539.0699999999999,move,improve
9053,4,540.27,4,539.0699999999999,swap,notBad
9054,4,540.27,4,539.0699999999999,move,improve
9055,4,540.27,4,539.0699999999999,swap,notBad
9056,4,540.27,4,539.0699999999999,2opt,notBad
9057,4,540.27,4,539.0699999999999,move,improve
9058,4,540.27,4,539.0699999999999,2opt,notBad
9059,4,540.27,4,539.0699999999999,move,improve
9060,4,540.27,4,539.0699999999999,move,improve
9061,4,540.27,4,539.0699999999999,2opt,notBad
9062,4,540.27,4,539.0699999999999,2opt,notBad
9063,4,540.27,4,539.0699999999999,swap,notBad
9064,4,540.27,4,539.0699999999999,swap,notBad
9065,4,540.27,4,539.0699999999999,move,improve
9066,4,540.27,4,539.0699999999999,2opt,notBad
9067,4,540.27,4,539.0699999999999,2opt,notBad
9068,4,540.27,4,539.0699999999999,swap,notBad
9069,4,540.27,4,539.0699999999999,swap,notBad
9070,4,540.27,4,539.0699999999999,move,improve
9071,4,540.27,4,539.0699999999999,swap,notBad
9072,4,540.27,4,539.0699999999999,2opt,notBad
9073,4,540.27,4,539.0699999999999,2opt,notBad
9074,4,540.27,4,539.0699999999999,2opt,notBad
9075,4,540.27,4,539.0699999999999,move,improve
9076,4,540.27,4,539.0699999999999,2opt,notBad
9077,4,540.27,4,539.0699999999999,2opt,notBad
9078,4,540.27,4,539.0699999999999,swap,notBad
9079,4,540.27,4,539.0699999999999,swap,notBad
9080,4,540.27,4,539.0699999999999,move,improve
9081,4,540.27,4,539.0699999999999,2opt,notBad
9082,4,540.27,4,539.0699999999999,2opt,notBad
9083,4,540.27,4,539.0699999999999,move,improve
9084,4,540.27,4,539.0699999999999,move,improve
9085,4,540.27,4,539.0699999999999,2opt,notBad
9086,4,540.27,4,539.0699999999999,swap,notBad
9087,4,540.27,4,539.0699999999999,move,improve
9088,4,540.27,4,539.0699999999999,swap,notBad
9089,4,540.27,4,539.0699999999999,2opt,notBad
9090,4,540.27,4,539.0699999999999,2opt,notBad
9091,4,540.27,4,539.0699999999999,move,improve
9092,4,540.27,4,539.0699999999999,move,improve
9093,4,540.27,4,539.0699999999999,swap,notBad
9094,4,540.27,4,539.0699999999999,move,improve
9095,4,540.27,4,539.0699999999999,move,improve
9096,4,540.27,4,539.0699999999999,swap,notBad
9097,4,540.27,4,539.0699999999999,swap,notBad
9098,4,540.27,4,539.0699999999999,move,improve
9099,4,540.27,4,539.0699999999999,swap,notBad
9100,4,540.27,4,539.0699999999999,move,improve
9101,4,540.27,4,539.0699999999999,2opt,notBad
9102,4,540.27,4,539.0699999999999,swap,notBad
9103,4,540.27,4,539.0699999999999,swap,notBad
9104,4,540.27,4,539.0699999999999,swap,notBad
9105,4,540.27,4,539.0699999999999,swap,notBad
9106,4,540.27,4,539.0699999999999,2opt,notBad
9107,4,540.27,4,539.0699999999999,2opt,notBad
9108,4,540.27,4,539.0699999999999,2opt,notBad
9109,4,540.27,4,539.0699999999999,2opt,improve
9110,4,540.27,4,539.0699999999999,move,improve
9111,4,540.27,4,539.0699999999999,2opt,notBad
9112,4,540.27,4,539.0699999999999,swap,notBad
9113,4,540.27,4,539.0699999999999,move,improve
9114,4,540.27,4,539.0699999999999,swap,notBad
9115,4,540.27,4,539.0699999999999,swap,notBad
9116,4,540.27,4,539.0699999999999,swap,notBad
9117,4,540.27,4,539.0699999999999,swap,notBad
9118,4,540.27,4,539.0699999999999,2opt,notBad
9119,4,540.27,4,539.0699999999999,swap,notBad
9120,4,540.27,4,539.0699999999999,move,improve
9121,4,540.27,4,539.0699999999999,move,improve
9122,4,540.27,4,539.0699999999999,swap,notBad
9123,4,540.27,4,539.0699999999999,2opt,notBad
9124,4,540.27,4,539.0699999999999,move,improve
9125,4,540.27,4,539.0699999999999,swap,notBad
9126,4,540.27,4,539.0699999999999,move,improve
9127,4,540.27,4,539.0699999999999,swap,notBad
9128,4,540.27,4,539.0699999999999,swap,notBad
9129,4,540.27,4,539.0699999999999,swap,notBad
9130,4,540.27,4,539.0699999999999,move,improve
9131,4,540.27,4,539.0699999999999,swap,notBad
9132,4,540.27,4,539.0699999999999,swap,notBad
9133,4,540.27,4,539.0699999999999,swap,notBad
9134,4,540.27,4,539.0699999999999,swap,notBad
9135,4,540.27,4,539.0699999999999,2opt,notBad
9136,4,540.27,4,539.0699999999999,2opt,notBad
9137,4,540.27,4,539.0699999999999,move,improve
9138,4,540.27,4,539.0699999999999,2opt,notBad
9139,4,540.27,4,539.0699999999999,move,improve
9140,4,540.27,4,539.0699999999999,swap,notBad
9141,4,540.27,4,539.0699999999999,move,improve
9142,4,540.27,4,539.0699999999999,swap,notBad
9143,4,540.27,4,539.0699999999999,swap,notBad
9144,4,540.27,4,539.0699999999999,swap,notBad
9145,4,540.27,4,539.0699999999999,swap,notBad
9146,4,539.0699999999999,4,539.0699999999999,move,improve
9147,4,539.0699999999999,4,539.0699999999999,move,improve
9148,4,539.0699999999999,4,539.0699999999999,move,improve
9149,4,539.0699999999999,4,539.0699999999999,swap,notBad
9150,4,539.0699999999999,4,539.0699999999999,2opt,notBad
9151,4,539.0699999999999,4,539.0699999999999,2opt,notBad
9152,4,539.0699999999999,4,539.0699999999999,2opt,notBad
9153,4,539.0699999999999,4,539.0699999999999,swap,notBad
9154,4,539.0699999999999,4,539.0699999999999,swap,notBad
9155,4,539.0699999999999,4,539.0699999999999,2opt,notBad
9156,4,539.0699999999999,4,539.0699999999999,move,improve
9157,4,539.0699999999999,4,539.0699999999999,swap,notBad
9158,4,539.0699999999999,4,539.0699999999999,swap,notBad
9159,4,539.0699999999999,4,539.0699999999999,swap,notBad
9160,4,539.0699999999999,4,539.0699999999999,2opt,improve
9161,4,539.0699999999999,4,539.0699999999999,move,improve
9162,4,539.0699999999999,4,539.0699999999999,move,improve
9163,4,539.0699999999999,4,539.0699999999999,2opt,notBad
9164,4,539.0699999999999,4,539.0699999999999,move,improve
9165,4,539.0699999999999,4,539.0699999999999,swap,notBad
9166,4,539.0699999999999,4,539.0699999999999,2opt,notBad
9167,4,539.0699999999999,4,539.0699999999999,2opt,notBad
9168,4,539.0699999999999,4,539.0699999999999,2opt,notBad
9169,4,539.0699999999999,4,539.0699999999999,swap,notBad
9170,4,539.0699999999999,4,539.0699999999999,swap,notBad
9171,4,539.0699999999999,4,539.0699999999999,move,improve
9172,4,539.0699999999999,4,539.0699999999999,move,improve
9173,4,539.0699999999999,4,539.0699999999999,move,improve
9174,4,539.0699999999999,4,539.0699999999999,2opt,notBad
9175,4,539.0699999999999,4,539.0699999999999,swap,notBad
9176,4,539.0699999999999,4,539.0699999999999,2opt,notBad
9177,4,539.0699999999999,4,539.0699999999999,2opt,notBad
9178,4,539.0699999999999,4,539.0699999999999,2opt,notBad
9179,4,539.0699999999999,4,539.0699999999999,move,improve
9180,4,539.0699999999999,4,539.0699999999999,move,improve
9181,4,539.0699999999999,4,539.0699999999999,swap,notBad
9182,4,539.0699999999999,4,539.0699999999999,swap,notBad
9183,4,539.0699999999999,4,539.0699999999999,2opt,notBad
9184,4,539.0699999999999,4,539.0699999999999,move,improve
9185,4,539.0699999999999,4,539.0699999999999,swap,notBad
9186,4,539.0699999999999,4,539.0699999999999,swap,notBad
9187,4,539.0699999999999,4,539.0699999999999,2opt,notBad
9188,4,539.0699999999999,4,539.0699999999999,swap,notBad
9189,4,539.0699999999999,4,539.0699999999999,move,improve
9190,4,539.0699999999999,4,539.0699999999999,move,improve
9191,4,539.0699999999999,4,539.0699999999999,move,improve
9192,4,539.07,4,539.0699999999999,move,acceptBad
9193,4,539.07,4,539.0699999999999,swap,notBad
9194,4,539.07,4,539.0699999999999,move,improve
9195,4,539.07,4,539.0699999999999,2opt,notBad
9196,4,539.07,4,539.0699999999999,swap,notBad
9197,4,539.07,4,539.0699999999999,2opt,notBad
9198,4,539.07,4,539.0699999999999,move,improve
9199,4,539.07,4,539.0699999999999,swap,notBad
9200,4,539.07,4,539.0699999999999,move,improve
9201,4,539.07,4,539.0699999999999,swap,notBad
9202,4,539.07,4,539.0699999999999,swap,notBad
9203,4,539.07,4,539.0699999999999,move,improve
9204,4,539.07,4,539.0699999999999,swap,notBad
9205,4,539.07,4,539.0699999999999,2opt,notBad
9206,4,539.07,4,539.0699999999999,2opt,notBad
9207,4,539.07,4,539.0699999999999,move,improve
9208,4,539.07,4,539.0699999999999,move,improve
9209,4,539.07,4,539.0699999999999,move,improve
9210,4,539.07,4,539.0699999999999,2opt,notBad
9211,4,539.07,4,539.0699999999999,move,improve
9212,4,539.07,4,539.0699999999999,2opt,notBad
9213,4,539.07,4,539.0699999999999,move,improve
9214,4,539.07,4,539.0699999999999,swap,notBad
9215,4,539.07,4,539.0699999999999,2opt,notBad
9216,4,539.07,4,539.0699999999999,swap,notBad
9217,4,539.07,4,539.0699999999999,2opt,notBad
9218,4,539.07,4,539.0699999999999,swap,notBad
9219,4,539.07,4,539.0699999999999,move,improve
9220,4,539.07,4,539.0699999999999,swap,notBad
9221,4,539.07,4,539.0699999999999,swap,notBad
9222,4,539.07,4,539.0699999999999,2opt,notBad
9223,4,539.07,4,539.0699999999999,swap,notBad
9224,4,539.07,4,539.0699999999999,2opt,notBad
9225,4,539.07,4,539.0699999999999,swap,notBad
9226,4,539.07,4,539.0699999999999,move,improve
9227,4,539.07,4,539.0699999999999,swap,notBad
9228,4,539.07,4,539.0699999999999,move,improve
9229,4,539.07,4,539.0699999999999,move,improve
9230,4,539.07,4,539.0699999999999,move,improve
9231,4,539.07,4,539.0699999999999,2opt,notBad
9232,4,539.07,4,539.0699999999999,swap,notBad
9233,4,539.07,4,539.0699999999999,2opt,improve
9234,4,539.07,4,539.0699999999999,2opt,notBad
9235,4,539.07,4,539.0699999999999,move,improve
9236,4,539.07,4,539.0699999999999,2opt,notBad
9237,4,539.07,4,539.0699999999999,swap,notBad
9238,4,539.07,4,539.0699999999999,move,improve
9239,4,539.07,4,539.0699999999999,swap,notBad
9240,4,539.07,4,539.0699999999999,move,improve
9241,4,539.07,4,539.0699999999999,swap,notBad
9242,4,539.07,4,539.0699999999999,2opt,improve
9243,4,539.07,4,539.0699999999999,move,improve
9244,4,539.07,4,539.0699999999999,move,improve
9245,4,539.07,4,539.0699999999999,move,improve
9246,4,539.07,4,539.0699999999999,swap,notBad
9247,4,539.07,4,539.0699999999999,move,improve
9248,4,539.07,4,539.0699999999999,swap,notBad
9249,4,539.07,4,539.0699999999999,2opt,notBad
9250,4,539.07,4,539.0699999999999,swap,notBad
9251,4,539.07,4,539.0699999999999,move,improve
9252,4,539.07,4,539.0699999999999,2opt,notBad
9253,4,539.07,4,539.0699999999999,swap,notBad
9254,4,539.07,4,539.0699999999999,swap,notBad
9255,4,539.07,4,539.0699999999999,2opt,notBad
9256,4,539.07,4,539.0699999999999,swap,notBad
9257,4,539.07,4,539.0699999999999,2opt,notBad
9258,4,539.07,4,539.0699999999999,swap,notBad
9259,4,539.07,4,539.0699999999999,2opt,notBad
9260,4,539.07,4,539.0699999999999,move,improve
9261,4,539.07,4,539.0699999999999,swap,notBad
9262,4,539.07,4,539.0699999999999,swap,notBad
9263,4,539.07,4,539.0699999999999,swap,notBad
9264,4,539.07,4,539.0699999999999,move,improve
9265,4,539.07,4,539.0699999999999,move,improve
9266,4,539.07,4,539.0699999999999,2opt,improve
9267,4,539.07,4,539.0699999999999,2opt,notBad
9268,4,539.07,4,539.0699999999999,swap,notBad
9269,4,539.07,4,539.0699999999999,swap,notBad
9270,4,539.07,4,539.0699999999999,swap,notBad
9271,4,539.07,4,539.0699999999999,move,improve
9272,4,539.07,4,539.0699999999999,move,improve
9273,4,539.07,4,539.0699999999999,move,improve
9274,4,539.07,4,539.0699999999999,swap,notBad
9275,4,539.07,4,539.0699999999999,2opt,notBad
9276,4,539.07,4,539.0699999999999,swap,notBad
9277,4,539.07,4,539.0699999999999,2opt,notBad
9278,4,539.07,4,539.0699999999999,swap,notBad
9279,4,539.07,4,539.0699999999999,move,improve
9280,4,539.07,4,539.0699999999999,swap,notBad
9281,4,539.07,4,539.0699999999999,2opt,notBad
9282,4,539.07,4,539.0699999999999,2opt,notBad
9283,4,539.07,4,539.0699999999999,move,improve
9284,4,539.07,4,539.0699999999999,swap,notBad
9285,4,539.07,4,539.0699999999999,swap,notBad
9286,4,539.07,4,539.0699999999999,2opt,notBad
9287,4,539.07,4,539.0699999999999,move,improve
9288,4,539.07,4,539.0699999999999,2opt,notBad
9289,4,539.07,4,539.0699999999999,2opt,notBad
9290,4,539.07,4,539.0699999999999,move,improve
9291,4,539.07,4,539.0699999999999,2opt,notBad
9292,4,539.07,4,539.0699999999999,move,improve
9293,4,539.07,4,539.0699999999999,move,improve
9294,4,539.07,4,539.0699999999999,2opt,notBad
9295,4,539.07,4,539.0699999999999,swap,notBad
9296,4,539.07,4,539.0699999999999,swap,notBad
9297,4,539.07,4,539.0699999999999,swap,notBad
9298,4,539.07,4,539.0699999999999,swap,notBad
9299,4,539.07,4,539.0699999999999,move,improve
9300,4,539.07,4,539.0699999999999,swap,notBad
9301,4,539.07,4,539.0699999999999,2opt,notBad
9302,4,539.07,4,539.0699999999999,swap,notBad
9303,4,539.07,4,539.0699999999999,2opt,notBad
9304,4,539.07,4,539.0699999999999,move,improve
9305,4,539.07,4,539.0699999999999,move,improve
9306,4,539.07,4,539.0699999999999,swap,notBad
9307,4,539.07,4,539.0699999999999,2opt,improve
9308,4,539.07,4,539.0699999999999,move,improve
9309,4,539.07,4,539.0699999999999,swap,notBad
9310,4,539.07,4,539.0699999999999,swap,notBad
9311,4,539.07,4,539.0699999999999,2opt,notBad
9312,4,539.07,4,539.0699999999999,2opt,notBad
9313,4,539.07,4,539.0699999999999,move,improve
9314,4,539.07,4,539.0699999999999,swap,notBad
9315,4,539.07,4,539.0699999999999,move,improve
9316,4,539.07,4,539.0699999999999,2opt,notBad
9317,4,539.07,4,539.0699999999999,swap,notBad
9318,4,539.07,4,539.0699999999999,move,improve
9319,4,539.07,4,539.0699999999999,move,improve
9320,4,539.07,4,539.0699999999999,move,improve
9321,4,539.07,4,539.0699999999999,move,improve
9322,4,539.07,4,539.0699999999999,swap,notBad
9323,4,539.07,4,539.0699999999999,swap,notBad
9324,4,539.07,4,539.0699999999999,move,improve
9325,4,539.07,4,539.0699999999999,move,improve
9326,4,539.07,4,539.0699999999999,move,improve
9327,4,539.07,4,539.0699999999999,move,improve
9328,4,539.07,4,539.0699999999999,swap,notBad
9329,4,539.07,4,539.0699999999999,swap,notBad
9330,4,539.07,4,539.0699999999999,swap,notBad
9331,4,539.07,4,539.0699999999999,move,improve
9332,4,539.07,4,539.0699999999999,2opt,notBad
9333,4,539.07,4,539.0699999999999,move,improve
9334,4,539.07,4,539.0699999999999,2opt,notBad
9335,4,539.07,4,539.0699999999999,move,improve
9336,4,539.07,4,539.0699999999999,2opt,notBad
9337,4,539.07,4,539.0699999999999,move,improve
9338,4,539.07,4,539.0699999999999,swap,notBad
9339,4,539.07,4,539.0699999999999,swap,notBad
9340,4,539.07,4,539.0699999999999,move,improve
9341,4,539.07,4,539.0699999999999,move,improve
9342,4,539.07,4,539.0699999999999,move,improve
9343,4,539.07,4,539.0699999999999,swap,notBad
9344,4,539.07,4,539.0699999999999,swap,notBad
9345,4,539.07,4,539.0699999999999,2opt,notBad
9346,4,539.07,4,539.0699999999999,move,improve
9347,4,539.07,4,539.0699999999999,move,improve
9348,4,539.07,4,539.0699999999999,move,improve
9349,4,539.07,4,539.0699999999999,2opt,improve
9350,4,539.07,4,539.0699999999999,2opt,notBad
9351,4,539.07,4,539.0699999999999,move,improve
9352,4,539.07,4,539.0699999999999,2opt,notBad
9353,4,539.07,4,539.0699999999999,swap,notBad
9354,4,539.07,4,539.0699999999999,move,improve
9355,4,539.07,4,539.0699999999999,move,improve
9356,4,539.07,4,539.0699999999999,swap,notBad
9357,4,539.07,4,539.0699999999999,2opt,notBad
9358,4,539.07,4,539.0699999999999,2opt,improve
9359,4,539.07,4,539.0699999999999,2opt,notBad
9360,4,539.07,4,539.0699999999999,move,improve
9361,4,539.07,4,539.0699999999999,move,improve
9362,4,539.07,4,539.0699999999999,2opt,notBad
9363,4,539.07,4,539.0699999999999,move,improve
9364,4,539.07,4,539.0699999999999,2opt,notBad
9365,4,539.07,4,539.0699999999999,swap,notBad
9366,4,539.07,4,539.0699999999999,2opt,notBad
9367,4,539.07,4,539.0699999999999,swap,notBad
9368,4,539.07,4,539.0699999999999,move,improve
9369,4,539.07,4,539.0699999999999,2opt,notBad
9370,4,539.07,4,539.0699999999999,swap,notBad
9371,4,539.07,4,539.0699999999999,2opt,notBad
9372,4,539.07,4,539.0699999999999,2opt,notBad
9373,4,539.07,4,539.0699999999999,swap,notBad
9374,4,539.07,4,539.0699999999999,move,improve
9375,4,539.07,4,539.0699999999999,swap,notBad
9376,4,539.07,4,539.0699999999999,swap,notBad
9377,4,539.07,4,539.0699999999999,2opt,notBad
9378,4,539.07,4,539.0699999999999,2opt,notBad
9379,4,539.07,4,539.0699999999999,swap,notBad
9380,4,539.07,4,539.0699999999999,move,improve
9381,4,539.07,4,539.0699999999999,2opt,notBad
9382,4,539.07,4,539.0699999999999,swap,notBad
9383,4,539.07,4,539.0699999999999,move,improve
9384,4,539.07,4,539.0699999999999,2opt,notBad
9385,4,539.07,4,539.0699999999999,2opt,notBad
9386,4,539.07,4,539.0699999999999,2opt,notBad
9387,4,539.07,4,539.0699999999999,2opt,notBad
9388,4,539.07,4,539.0699999999999,move,improve
9389,4,539.07,4,539.0699999999999,move,improve
9390,4,539.07,4,539.0699999999999,2opt,notBad
9391,4,539.07,4,539.0699999999999,swap,notBad
9392,4,539.07,4,539.0699999999999,move,improve
9393,4,539.07,4,539.0699999999999,2opt,notBad
9394,4,539.07,4,539.0699999999999,swap,notBad
9395,4,539.07,4,539.0699999999999,2opt,notBad
9396,4,539.07,4,539.0699999999999,swap,notBad
9397,4,539.07,4,539.0699999999999,2opt,notBad
9398,4,539.07,4,539.0699999999999,swap,notBad
9399,4,539.07,4,539.0699999999999,2opt,notBad
9400,4,539.07,4,539.0699999999999,2opt,notBad
9401,4,539.07,4,539.0699999999999,2opt,notBad
9402,4,539.07,4,539.0699999999999,move,improve
9403,4,539.07,4,539.0699999999999,2opt,notBad
9404,4,539.07,4,539.0699999999999,2opt,notBad
9405,4,539.07,4,539.0699999999999,2opt,improve
9406,4,539.07,4,539.0699999999999,move,improve
9407,4,539.07,4,539.0699999999999,swap,notBad
9408,4,539.07,4,539.0699999999999,swap,notBad
9409,4,539.07,4,539.0699999999999,move,improve
9410,4,539.07,4,539.0699999999999,move,improve
9411,4,539.07,4,539.0699999999999,2opt,notBad
9412,4,539.07,4,539.0699999999999,swap,notBad
9413,4,539.07,4,539.0699999999999,move,improve
9414,4,539.07,4,539.0699999999999,2opt,notBad
9415,4,539.07,4,539.0699999999999,move,improve
9416,4,539.07,4,539.0699999999999,swap,notBad
9417,4,539.07,4,539.0699999999999,swap,notBad
9418,4,539.07,4,539.0699999999999,swap,notBad
9419,4,539.0699999999999,4,539.0699999999999,move,improve
9420,4,539.0699999999999,4,539.0699999999999,swap,notBad
9421,4,539.0699999999999,4,539.0699999999999,2opt,notBad
9422,4,539.0699999999999,4,539.0699999999999,swap,notBad
9423,4,539.0699999999999,4,539.0699999999999,2opt,notBad
9424,4,539.0699999999999,4,539.0699999999999,2opt,notBad
9425,4,539.0699999999999,4,539.0699999999999,2opt,notBad
9426,4,539.0699999999999,4,539.0699999999999,swap,notBad
9427,4,539.0699999999999,4,539.0699999999999,2opt,notBad
9428,4,539.0699999999999,4,539.0699999999999,swap,notBad
9429,4,539.0699999999999,4,539.0699999999999,move,improve
9430,4,539.07,4,539.0699999999999,move,acceptBad
9431,4,539.07,4,539.0699999999999,move,improve
9432,4,539.07,4,539.0699999999999,move,improve
9433,4,539.07,4,539.0699999999999,swap,notBad
9434,4,539.07,4,539.0699999999999,2opt,notBad
9435,4,539.07,4,539.0699999999999,2opt,notBad
9436,4,539.07,4,539.0699999999999,move,improve
9437,4,539.07,4,539.0699999999999,move,improve
9438,4,539.07,4,539.0699999999999,swap,notBad
9439,4,539.07,4,539.0699999999999,move,improve
9440,4,539.07,4,539.0699999999999,swap,notBad
9441,4,539.07,4,539.0699999999999,move,improve
9442,4,539.07,4,539.0699999999999,swap,notBad
9443,4,539.07,4,539.0699999999999,swap,notBad
9444,4,539.07,4,539.0699999999999,move,improve
9445,4,539.07,4,539.0699999999999,swap,notBad
9446,4,539.07,4,539.0699999999999,move,improve
9447,4,539.07,4,539.0699999999999,swap,notBad
9448,4,539.07,4,539.0699999999999,2opt,notBad
9449,4,539.07,4,539.0699999999999,swap,notBad
9450,4,539.07,4,539.0699999999999,2opt,notBad
9451,4,539.07,4,539.0699999999999,move,improve
9452,4,539.07,4,539.0699999999999,swap,notBad
9453,4,539.07,4,539.0699999999999,move,improve
9454,4,539.07,4,539.0699999999999,2opt,notBad
9455,4,539.07,4,539.0699999999999,2opt,notBad
9456,4,539.07,4,539.0699999999999,2opt,notBad
9457,4,539.07,4,539.0699999999999,2opt,notBad
9458,4,539.07,4,539.0699999999999,2opt,notBad
9459,4,539.07,4,539.0699999999999,swap,notBad
9460,4,539.07,4,539.0699999999999,swap,notBad
9461,4,539.07,4,539.0699999999999,2opt,notBad
9462,4,539.07,4,539.0699999999999,2opt,notBad
9463,4,539.07,4,539.0699999999999,2opt,notBad
9464,4,539.07,4,539.0699999999999,2opt,notBad
9465,4,539.07,4,539.0699999999999,2opt,improve
9466,4,539.07,4,539.0699999999999,swap,notBad
9467,4,539.07,4,539.0699999999999,swap,notBad
9468,4,539.07,4,539.0699999999999,move,improve
9469,4,539.07,4,539.0699999999999,swap,notBad
9470,4,539.07,4,539.0699999999999,move,improve
9471,4,539.07,4,539.0699999999999,2opt,notBad
9472,4,539.07,4,539.0699999999999,swap,notBad
9473,4,539.07,4,539.0699999999999,move,improve
9474,4,539.07,4,539.0699999999999,swap,notBad
9475,4,539.07,4,539.0699999999999,move,improve
9476,4,539.07,4,539.0699999999999,2opt,improve
9477,4,539.07,4,539.0699999999999,swap,notBad
9478,4,539.07,4,539.0699999999999,swap,notBad
9479,4,539.07,4,539.0699999999999,swap,notBad
9480,4,539.07,4,539.0699999999999,move,improve
9481,4,539.07,4,539.0699999999999,2opt,notBad
9482,4,539.07,4,539.0699999999999,swap,notBad
9483,4,539.07,4,539.0699999999999,move,improve
9484,4,539.07,4,539.0699999999999,move,improve
9485,4,539.07,4,539.0699999999999,2opt,notBad
9486,4,539.07,4,539.0699999999999,swap,notBad
9487,4,539.07,4,539.0699999999999,swap,notBad
9488,4,539.07,4,539.0699999999999,move,improve
9489,4,539.07,4,539.0699999999999,2opt,notBad
9490,4,539.07,4,539.0699999999999,move,improve
9491,4,539.07,4,539.0699999999999,move,improve
9492,4,539.07,4,539.0699999999999,swap,notBad
9493,4,539.07,4,539.0699999999999,2opt,notBad
9494,4,539.07,4,539.0699999999999,swap,notBad
9495,4,539.07,4,539.0699999999999,move,improve
9496,4,539.07,4,539.0699999999999,2opt,notBad
9497,4,539.07,4,539.0699999999999,2opt,notBad
9498,4,539.07,4,539.0699999999999,move,improve
9499,4,539.07,4,539.0699999999999,2opt,notBad
9500,4,539.07,4,539.0699999999999,swap,notBad
9501,4,539.07,4,539.0699999999999,2opt,improve
9502,4,539.07,4,539.0699999999999,2opt,notBad
9503,4,539.07,4,539.0699999999999,2opt,notBad
9504,4,539.07,4,539.0699999999999,swap,notBad
9505,4,539.07,4,539.0699999999999,2opt,notBad
9506,4,539.07,4,539.0699999999999,2opt,notBad
9507,4,539.07,4,539.0699999999999,move,improve
9508,4,539.07,4,539.0699999999999,swap,notBad
9509,4,539.07,4,539.0699999999999,2opt,improve
9510,4,539.07,4,539.0699999999999,move,improve
9511,4,539.07,4,539.0699999999999,2opt,notBad
9512,4,539.07,4,539.0699999999999,2opt,notBad
9513,4,539.07,4,539.0699999999999,swap,notBad
9514,4,539.07,4,539.0699999999999,move,improve
9515,4,539.07,4,539.0699999999999,move,improve
9516,4,539.07,4,539.0699999999999,swap,notBad
9517,4,539.07,4,539.0699999999999,swap,notBad
9518,4,539.07,4,539.0699999999999,swap,notBad
9519,4,539.0699999999999,4,539.0699999999999,move,improve
9520,4,539.0699999999999,4,539.0699999999999,move,improve
9521,4,539.0699999999999,4,539.0699999999999,move,improve
9522,4,539.0699999999999,4,539.0699999999999,swap,notBad
9523,4,539.0699999999999,4,539.0699999999999,move,improve
9524,4,539.0699999999999,4,539.0699999999999,2opt,improve
9525,4,539.0699999999999,4,539.0699999999999,swap,notBad
9526,4,539.07,4,539.0699999999999,move,acceptBad
9527,4,539.07,4,539.0699999999999,2opt,notBad
9528,4,539.07,4,539.0699999999999,move,improve
9529,4,539.07,4,539.0699999999999,move,improve
9530,4,539.07,4,539.0699999999999,2opt,notBad
9531,4,539.07,4,539.0699999999999,swap,notBad
9532,4,539.07,4,539.0699999999999,move,improve
9533,4,539.07,4,539.0699999999999,swap,notBad
9534,4,539.07,4,539.0699999999999,swap,notBad
9535,4,539.07,4,539.0699999999999,2opt,notBad
9536,4,539.07,4,539.0699999999999,swap,notBad
9537,4,539.07,4,539.0699999999999,swap,notBad
9538,4,539.07,4,539.0699999999999,2opt,notBad
9539,4,539.07,4,539.0699999999999,swap,notBad
9540,4,539.07,4,539.0699999999999,swap,notBad
9541,4,539.07,4,539.0699999999999,2opt,notBad
9542,4,539.07,4,539.0699999999999,swap,notBad
9543,4,539.07,4,539.0699999999999,2opt,notBad
9544,4,539.07,4,539.0699999999999,move,improve
9545,4,539.07,4,539.0699999999999,2opt,notBad
9546,4,539.07,4,539.0699999999999,2opt,notBad
9547,4,539.07,4,539.0699999999999,swap,notBad
9548,4,539.07,4,539.0699999999999,swap,notBad
9549,4,539.07,4,539.0699999999999,move,improve
9550,4,539.07,4,539.0699999999999,swap,notBad
9551,4,539.07,4,539.0699999999999,move,improve
9552,4,539.07,4,539.0699999999999,2opt,notBad
9553,4,539.07,4,539.0699999999999,2opt,notBad
9554,4,539.0699999999999,4,539.0699999999999,move,improve
9555,4,539.0699999999999,4,539.0699999999999,2opt,notBad
9556,4,539.0699999999999,4,539.0699999999999,2opt,notBad
9557,4,539.0699999999999,4,539.0699999999999,swap,notBad
9558,4,539.0699999999999,4,539.0699999999999,swap,notBad
9559,4,539.0699999999999,4,539.0699999999999,2opt,notBad
9560,4,539.0699999999999,4,539.0699999999999,swap,notBad
9561,4,539.0699999999999,4,539.0699999999999,move,improve
9562,4,539.0699999999999,4,539.0699999999999,2opt,notBad
9563,4,539.0699999999999,4,539.0699999999999,swap,notBad
9564,4,539.0699999999999,4,539.0699999999999,2opt,improve
9565,4,539.0699999999999,4,539.0699999999999,swap,notBad
9566,4,539.0699999999999,4,539.0699999999999,2opt,notBad
9567,4,539.0699999999999,4,539.0699999999999,2opt,notBad
9568,4,539.0699999999999,4,539.0699999999999,move,improve
9569,4,539.0699999999999,4,539.0699999999999,swap,notBad
9570,4,539.0699999999999,4,539.0699999999999,swap,notBad
9571,4,539.0699999999999,4,539.0699999999999,move,improve
9572,4,539.0699999999999,4,539.0699999999999,swap,notBad
9573,4,539.0699999999999,4,539.0699999999999,swap,notBad
9574,4,539.0699999999999,4,539.0699999999999,move,improve
9575,4,539.0699999999999,4,539.0699999999999,move,improve
9576,4,539.0699999999999,4,539.0699999999999,swap,notBad
9577,4,539.0699999999999,4,539.0699999999999,move,improve
9578,4,539.0699999999999,4,539.0699999999999,2opt,notBad
9579,4,539.0699999999999,4,539.0699999999999,move,improve
9580,4,539.0699999999999,4,539.0699999999999,move,improve
9581,4,539.0699999999999,4,539.0699999999999,move,improve
9582,4,539.0699999999999,4,539.0699999999999,2opt,notBad
9583,4,539.0699999999999,4,539.0699999999999,move,improve
9584,4,539.0699999999999,4,539.0699999999999,2opt,notBad
9585,4,539.0699999999999,4,539.0699999999999,2opt,notBad
9586,4,539.0699999999999,4,539.0699999999999,swap,notBad
9587,4,539.0699999999999,4,539.0699999999999,swap,notBad
9588,4,539.0699999999999,4,539.0699999999999,move,improve
9589,4,539.0699999999999,4,539.0699999999999,2opt,notBad
9590,4,539.0699999999999,4,539.0699999999999,move,improve
9591,4,539.0699999999999,4,539.0699999999999,swap,notBad
9592,4,539.0699999999999,4,539.0699999999999,swap,notBad
9593,4,539.0699999999999,4,539.0699999999999,swap,notBad
9594,4,539.0699999999999,4,539.0699999999999,swap,notBad
9595,4,539.0699999999999,4,539.0699999999999,swap,notBad
9596,4,539.0699999999999,4,539.0699999999999,swap,notBad
9597,4,539.0699999999999,4,539.0699999999999,2opt,improve
9598,4,539.0699999999999,4,539.0699999999999,move,improve
9599,4,539.0699999999999,4,539.0699999999999,move,improve
9600,4,539.0699999999999,4,539.0699999999999,2opt,notBad
9601,4,539.0699999999999,4,539.0699999999999,swap,notBad
9602,4,539.0699999999999,4,539.0699999999999,2opt,notBad
9603,4,539.0699999999999,4,539.0699999999999,move,improve
9604,4,539.0699999999999,4,539.0699999999999,move,improve
9605,4,539.0699999999999,4,539.0699999999999,2opt,notBad
9606,4,539.0699999999999,4,539.0699999999999,2opt,notBad
9607,4,539.0699999999999,4,539.0699999999999,swap,notBad
9608,4,539.0699999999999,4,539.0699999999999,swap,notBad
9609,4,539.0699999999999,4,539.0699999999999,2opt,notBad
9610,4,539.0699999999999,4,539.0699999999999,swap,notBad
9611,4,539.0699999999999,4,539.0699999999999,swap,notBad
9612,4,539.0699999999999,4,539.0699999999999,move,improve
9613,4,539.0699999999999,4,539.0699999999999,2opt,notBad
9614,4,539.0699999999999,4,539.0699999999999,move,improve
9615,4,539.0699999999999,4,539.0699999999999,2opt,notBad
9616,4,539.0699999999999,4,539.0699999999999,swap,notBad
9617,4,539.0699999999999,4,539.0699999999999,swap,notBad
9618,4,539.0699999999999,4,539.0699999999999,swap,notBad
9619,4,539.0699999999999,4,539.0699999999999,2opt,notBad
9620,4,539.0699999999999,4,539.0699999999999,2opt,notBad
9621,4,539.0699999999999,4,539.0699999999999,2opt,notBad
9622,4,539.0699999999999,4,539.0699999999999,2opt,notBad
9623,4,539.0699999999999,4,539.0699999999999,2opt,notBad
9624,4,539.0699999999999,4,539.0699999999999,swap,notBad
9625,4,539.0699999999999,4,539.0699999999999,2opt,notBad
9626,4,539.0699999999999,4,539.0699999999999,swap,notBad
9627,4,539.0699999999999,4,539.0699999999999,swap,notBad
9628,4,539.0699999999999,4,539.0699999999999,swap,notBad
9629,4,539.0699999999999,4,539.0699999999999,2opt,improve
9630,4,539.0699999999999,4,539.0699999999999,2opt,notBad
9631,4,539.0699999999999,4,539.0699999999999,2opt,notBad
9632,4,539.0699999999999,4,539.0699999999999,move,improve
9633,4,539.0699999999999,4,539.0699999999999,move,improve
9634,4,539.0699999999999,4,539.0699999999999,swap,notBad
9635,4,539.0699999999999,4,539.0699999999999,move,improve
9636,4,539.0699999999999,4,539.0699999999999,2opt,notBad
9637,4,539.0699999999999,4,539.0699999999999,2opt,notBad
9638,4,539.0699999999999,4,539.0699999999999,2opt,notBad
9639,4,539.0699999999999,4,539.0699999999999,2opt,notBad
9640,4,539.0699999999999,4,539.0699999999999,swap,notBad
9641,4,539.0699999999999,4,539.0699999999999,move,improve
9642,4,539.0699999999999,4,539.0699999999999,swap,notBad
9643,4,539.0699999999999,4,539.0699999999999,2opt,notBad
9644,4,539.0699999999999,4,539.0699999999999,swap,notBad
9645,4,539.0699999999999,4,539.0699999999999,2opt,notBad
9646,4,539.0699999999999,4,539.0699999999999,move,improve
9647,4,539.0699999999999,4,539.0699999999999,2opt,notBad
9648,4,539.0699999999999,4,539.0699999999999,2opt,notBad
9649,4,539.0699999999999,4,539.0699999999999,move,improve
9650,4,539.0699999999999,4,539.0699999999999,2opt,notBad
9651,4,539.0699999999999,4,539.0699999999999,move,improve
9652,4,539.0699999999999,4,539.0699999999999,swap,notBad
9653,4,539.0699999999999,4,539.0699999999999,swap,notBad
9654,4,539.0699999999999,4,539.0699999999999,move,improve
9655,4,539.0699999999999,4,539.0699999999999,move,improve
9656,4,539.0699999999999,4,539.0699999999999,swap,notBad
9657,4,539.0699999999999,4,539.0699999999999,move,improve
9658,4,539.0699999999999,4,539.0699999999999,swap,notBad
9659,4,539.0699999999999,4,539.0699999999999,move,improve
9660,4,539.0699999999999,4,539.0699999999999,swap,notBad
9661,4,539.0699999999999,4,539.0699999999999,swap,notBad
9662,4,539.0699999999999,4,539.0699999999999,move,improve
9663,4,539.0699999999999,4,539.0699999999999,swap,notBad
9664,4,539.0699999999999,4,539.0699999999999,2opt,notBad
9665,4,539.0699999999999,4,539.0699999999999,2opt,notBad
9666,4,539.0699999999999,4,539.0699999999999,move,improve
9667,4,539.0699999999999,4,539.0699999999999,move,improve
9668,4,539.0699999999999,4,539.0699999999999,move,improve
9669,4,539.0699999999999,4,539.0699999999999,move,improve
9670,4,539.0699999999999,4,539.0699999999999,swap,notBad
9671,4,539.0699999999999,4,539.0699999999999,move,improve
9672,4,539.0699999999999,4,539.0699999999999,swap,notBad
9673,4,539.0699999999999,4,539.0699999999999,move,improve
9674,4,539.0699999999999,4,539.0699999999999,swap,notBad
9675,4,539.0699999999999,4,539.0699999999999,swap,notBad
9676,4,539.0699999999999,4,539.0699999999999,swap,notBad
9677,4,539.0699999999999,4,539.0699999999999,swap,notBad
9678,4,539.0699999999999,4,539.0699999999999,2opt,notBad
9679,4,539.0699999999999,4,539.0699999999999,2opt,notBad
9680,4,539.0699999999999,4,539.0699999999999,2opt,notBad
9681,4,539.0699999999999,4,539.0699999999999,swap,notBad
9682,4,539.0699999999999,4,539.0699999999999,2opt,notBad
9683,4,539.0699999999999,4,539.0699999999999,2opt,notBad
9684,4,539.0699999999999,4,539.0699999999999,swap,notBad
9685,4,539.0699999999999,4,539.0699999999999,2opt,notBad
9686,4,539.0699999999999,4,539.0699999999999,swap,notBad
9687,4,539.0699999999999,4,539.0699999999999,move,improve
9688,4,539.0699999999999,4,539.0699999999999,swap,notBad
9689,4,539.0699999999999,4,539.0699999999999,2opt,notBad
9690,4,539.0699999999999,4,539.0699999999999,swap,notBad
9691,4,539.0699999999999,4,539.0699999999999,move,improve
9692,4,539.0699999999999,4,539.0699999999999,swap,notBad
9693,4,539.0699999999999,4,539.0699999999999,2opt,notBad
9694,4,539.0699999999999,4,539.0699999999999,move,improve
9695,4,539.0699999999999,4,539.0699999999999,move,improve
9696,4,539.0699999999999,4,539.0699999999999,swap,notBad
9697,4,539.0699999999999,4,539.0699999999999,swap,notBad
9698,4,539.0699999999999,4,539.0699999999999,move,improve
9699,4,539.0699999999999,4,539.0699999999999,move,improve
9700,4,539.0699999999999,4,539.0699999999999,swap,notBad
9701,4,539.0699999999999,4,539.0699999999999,swap,notBad
9702,4,539.0699999999999,4,539.0699999999999,2opt,notBad
9703,4,539.0699999999999,4,539.0699999999999,2opt,notBad
9704,4,539.0699999999999,4,539.0699999999999,move,improve
9705,4,539.0699999999999,4,539.0699999999999,2opt,notBad
9706,4,539.0699999999999,4,539.0699999999999,swap,notBad
9707,4,539.0699999999999,4,539.0699999999999,move,improve
9708,4,539.0699999999999,4,539.0699999999999,swap,notBad
9709,4,539.0699999999999,4,539.0699999999999,swap,notBad
9710,4,539.0699999999999,4,539.0699999999999,swap,notBad
9711,4,539.0699999999999,4,539.0699999999999,move,improve
9712,4,539.0699999999999,4,539.0699999999999,swap,notBad
9713,4,539.0699999999999,4,539.0699999999999,move,improve
9714,4,539.0699999999999,4,539.0699999999999,move,improve
9715,4,539.0699999999999,4,539.0699999999999,2opt,notBad
9716,4,539.0699999999999,4,539.0699999999999,swap,notBad
9717,4,539.0699999999999,4,539.0699999999999,swap,notBad
9718,4,539.0699999999999,4,539.0699999999999,2opt,notBad
9719,4,539.0699999999999,4,539.0699999999999,2opt,notBad
9720,4,539.0699999999999,4,539.0699999999999,swap,notBad
9721,4,539.0699999999999,4,539.0699999999999,2opt,improve
9722,4,539.0699999999999,4,539.0699999999999,swap,notBad
9723,4,539.0699999999999,4,539.0699999999999,swap,notBad
9724,4,539.0699999999999,4,539.0699999999999,move,improve
9725,4,539.0699999999999,4,539.0699999999999,move,improve
9726,4,539.0699999999999,4,539.0699999999999,move,improve
9727,4,539.0699999999999,4,539.0699999999999,2opt,notBad
9728,4,539.0699999999999,4,539.0699999999999,swap,notBad
9729,4,539.0699999999999,4,539.0699999999999,swap,notBad
9730,4,539.0699999999999,4,539.0699999999999,swap,notBad
9731,4,539.0699999999999,4,539.0699999999999,swap,notBad
9732,4,539.0699999999999,4,539.0699999999999,2opt,notBad
9733,4,539.0699999999999,4,539.0699999999999,swap,notBad
9734,4,539.0699999999999,4,539.0699999999999,2opt,notBad
9735,4,539.0699999999999,4,539.0699999999999,swap,notBad
9736,4,539.0699999999999,4,539.0699999999999,swap,notBad
9737,4,539.0699999999999,4,539.0699999999999,2opt,notBad
9738,4,539.0699999999999,4,539.0699999999999,2opt,notBad
9739,4,539.0699999999999,4,539.0699999999999,swap,notBad
9740,4,539.0699999999999,4,539.0699999999999,swap,notBad
9741,4,539.0699999999999,4,539.0699999999999,2opt,notBad
9742,4,539.0699999999999,4,539.0699999999999,swap,notBad
9743,4,539.0699999999999,4,539.0699999999999,swap,notBad
9744,4,539.0699999999999,4,539.0699999999999,2opt,notBad
9745,4,539.0699999999999,4,539.0699999999999,2opt,notBad
9746,4,539.0699999999999,4,539.0699999999999,2opt,notBad
9747,4,539.0699999999999,4,539.0699999999999,2opt,notBad
9748,4,539.0699999999999,4,539.0699999999999,2opt,notBad
9749,4,539.0699999999999,4,539.0699999999999,move,improve
9750,4,539.0699999999999,4,539.0699999999999,swap,notBad
9751,4,539.0699999999999,4,539.0699999999999,move,improve
9752,4,539.0699999999999,4,539.0699999999999,move,improve
9753,4,539.0699999999999,4,539.0699999999999,move,improve
9754,4,539.0699999999999,4,539.0699999999999,2opt,notBad
9755,4,539.0699999999999,4,539.0699999999999,swap,notBad
9756,4,539.0699999999999,4,539.0699999999999,swap,notBad
9757,4,539.0699999999999,4,539.0699999999999,move,improve
9758,4,539.0699999999999,4,539.0699999999999,2opt,notBad
9759,4,539.0699999999999,4,539.0699999999999,2opt,notBad
9760,4,539.0699999999999,4,539.0699999999999,2opt,notBad
9761,4,539.0699999999999,4,539.0699999999999,move,improve
9762,4,539.0699999999999,4,539.0699999999999,2opt,improve
9763,4,539.0699999999999,4,539.0699999999999,move,improve
9764,4,539.0699999999999,4,539.0699999999999,swap,notBad
9765,4,539.0699999999999,4,539.0699999999999,2opt,notBad
9766,4,539.0699999999999,4,539.0699999999999,move,improve
9767,4,539.0699999999999,4,539.0699999999999,2opt,notBad
9768,4,539.0699999999999,4,539.0699999999999,move,improve
9769,4,539.0699999999999,4,539.0699999999999,swap,notBad
9770,4,539.0699999999999,4,539.0699999999999,2opt,notBad
9771,4,539.0699999999999,4,539.0699999999999,move,improve
9772,4,539.0699999999999,4,539.0699999999999,2opt,notBad
9773,4,539.0699999999999,4,539.0699999999999,move,improve
9774,4,539.0699999999999,4,539.0699999999999,swap,notBad
9775,4,539.0699999999999,4,539.0699999999999,move,improve
9776,4,539.0699999999999,4,539.0699999999999,2opt,notBad
9777,4,539.0699999999999,4,539.0699999999999,move,improve
9778,4,539.0699999999999,4,539.0699999999999,2opt,notBad
9779,4,539.0699999999999,4,539.0699999999999,move,improve
9780,4,539.0699999999999,4,539.0699999999999,swap,notBad
9781,4,539.0699999999999,4,539.0699999999999,2opt,notBad
9782,4,539.0699999999999,4,539.0699999999999,2opt,notBad
9783,4,539.0699999999999,4,539.0699999999999,swap,notBad
9784,4,539.0699999999999,4,539.0699999999999,swap,notBad
9785,4,539.0699999999999,4,539.0699999999999,move,improve
9786,4,539.0699999999999,4,539.0699999999999,2opt,notBad
9787,4,539.0699999999999,4,539.0699999999999,swap,notBad
9788,4,539.0699999999999,4,539.0699999999999,swap,notBad
9789,4,539.0699999999999,4,539.0699999999999,2opt,notBad
9790,4,539.0699999999999,4,539.0699999999999,2opt,notBad
9791,4,539.0699999999999,4,539.0699999999999,2opt,notBad
9792,4,539.0699999999999,4,539.0699999999999,move,improve
9793,4,539.0699999999999,4,539.0699999999999,swap,notBad
9794,4,539.0699999999999,4,539.0699999999999,move,improve
9795,4,539.0699999999999,4,539.0699999999999,2opt,notBad
9796,4,539.0699999999999,4,539.0699999999999,2opt,notBad
9797,4,539.0699999999999,4,539.0699999999999,swap,notBad
9798,4,539.0699999999999,4,539.0699999999999,move,improve
9799,4,539.0699999999999,4,539.0699999999999,2opt,notBad
9800,4,539.0699999999999,4,539.0699999999999,swap,notBad
9801,4,539.0699999999999,4,539.0699999999999,move,improve
9802,4,539.0699999999999,4,539.0699999999999,move,improve
9803,4,539.0699999999999,4,539.0699999999999,2opt,notBad
9804,4,539.0699999999999,4,539.0699999999999,2opt,notBad
9805,4,539.0699999999999,4,539.0699999999999,swap,notBad
9806,4,539.0699999999999,4,539.0699999999999,move,improve
9807,4,539.0699999999999,4,539.0699999999999,swap,notBad
9808,4,539.0699999999999,4,539.0699999999999,swap,notBad
9809,4,539.0699999999999,4,539.0699999999999,swap,notBad
9810,4,539.0699999999999,4,539.0699999999999,swap,notBad
9811,4,539.0699999999999,4,539.0699999999999,2opt,notBad
9812,4,539.0699999999999,4,539.0699999999999,move,improve
9813,4,539.0699999999999,4,539.0699999999999,swap,notBad
9814,4,539.0699999999999,4,539.0699999999999,swap,notBad
9815,4,539.0699999999999,4,539.0699999999999,swap,notBad
9816,4,539.0699999999999,4,539.0699999999999,swap,notBad
9817,4,539.0699999999999,4,539.0699999999999,swap,notBad
9818,4,539.0699999999999,4,539.0699999999999,swap,notBad
9819,4,539.0699999999999,4,539.0699999999999,swap,notBad
9820,4,539.0699999999999,4,539.0699999999999,2opt,notBad
9821,4,539.0699999999999,4,539.0699999999999,move,improve
9822,4,539.0699999999999,4,539.0699999999999,move,improve
9823,4,539.0699999999999,4,539.0699999999999,move,improve
9824,4,539.0699999999999,4,539.0699999999999,move,improve
9825,4,539.0699999999999,4,539.0699999999999,2opt,improve
9826,4,539.0699999999999,4,539.0699999999999,move,improve
9827,4,539.0699999999999,4,539.0699999999999,swap,notBad
9828,4,539.0699999999999,4,539.0699999999999,move,improve
9829,4,539.0699999999999,4,539.0699999999999,swap,notBad
9830,4,539.0699999999999,4,539.0699999999999,2opt,notBad
9831,4,539.0699999999999,4,539.0699999999999,move,improve
9832,4,539.0699999999999,4,539.0699999999999,2opt,notBad
9833,4,539.0699999999999,4,539.0699999999999,2opt,notBad
9834,4,539.0699999999999,4,539.0699999999999,2opt,notBad
9835,4,539.0699999999999,4,539.0699999999999,move,improve
9836,4,539.0699999999999,4,539.0699999999999,2opt,notBad
9837,4,539.0699999999999,4,539.0699999999999,2opt,notBad
9838,4,539.0699999999999,4,539.0699999999999,2opt,notBad
9839,4,539.0699999999999,4,539.0699999999999,2opt,notBad
9840,4,539.0699999999999,4,539.0699999999999,move,improve
9841,4,539.0699999999999,4,539.0699999999999,swap,notBad
9842,4,539.0699999999999,4,539.0699999999999,2opt,notBad
9843,4,539.0699999999999,4,539.0699999999999,2opt,notBad
9844,4,539.0699999999999,4,539.0699999999999,move,improve
9845,4,539.0699999999999,4,539.0699999999999,move,improve
9846,4,539.0699999999999,4,539.0699999999999,move,improve
9847,4,539.0699999999999,4,539.0699999999999,move,improve
9848,4,539.0699999999999,4,539.0699999999999,move,improve
9849,4,539.0699999999999,4,539.0699999999999,2opt,notBad
9850,4,539.0699999999999,4,539.0699999999999,swap,notBad
9851,4,539.0699999999999,4,539.0699999999999,2opt,notBad
9852,4,539.0699999999999,4,539.0699999999999,swap,notBad
9853,4,539.0699999999999,4,539.0699999999999,swap,notBad
9854,4,539.0699999999999,4,539.0699999999999,2opt,notBad
9855,4,539.0699999999999,4,539.0699999999999,swap,notBad
9856,4,539.0699999999999,4,539.0699999999999,swap,notBad
9857,4,539.0699999999999,4,539.0699999999999,2opt,notBad
9858,4,539.0699999999999,4,539.0699999999999,2opt,notBad
9859,4,539.0699999999999,4,539.0699999999999,2opt,notBad
9860,4,539.0699999999999,4,539.0699999999999,move,improve
9861,4,539.0699999999999,4,539.0699999999999,move,improve
9862,4,539.0699999999999,4,539.0699999999999,2opt,notBad
9863,4,539.0699999999999,4,539.0699999999999,swap,notBad
9864,4,539.0699999999999,4,539.0699999999999,swap,notBad
9865,4,539.0699999999999,4,539.0699999999999,move,improve
9866,4,539.0699999999999,4,539.0699999999999,move,improve
9867,4,539.0699999999999,4,539.0699999999999,swap,notBad
9868,4,539.0699999999999,4,539.0699999999999,swap,notBad
9869,4,539.0699999999999,4,539.0699999999999,move,improve
9870,4,539.0699999999999,4,539.0699999999999,move,improve
9871,4,539.0699999999999,4,539.0699999999999,2opt,notBad
9872,4,539.0699999999999,4,539.0699999999999,move,improve
9873,4,539.0699999999999,4,539.0699999999999,2opt,notBad
9874,4,539.0699999999999,4,539.0699999999999,swap,notBad
9875,4,539.0699999999999,4,539.0699999999999,move,improve
9876,4,539.0699999999999,4,539.0699999999999,2opt,notBad
9877,4,539.0699999999999,4,539.0699999999999,swap,notBad
9878,4,539.0699999999999,4,539.0699999999999,move,improve
9879,4,539.0699999999999,4,539.0699999999999,swap,notBad
9880,4,539.0699999999999,4,539.0699999999999,2opt,notBad
9881,4,539.0699999999999,4,539.0699999999999,2opt,notBad
9882,4,539.0699999999999,4,539.0699999999999,swap,notBad
9883,4,539.0699999999999,4,539.0699999999999,move,improve
9884,4,539.0699999999999,4,539.0699999999999,move,improve
9885,4,539.0699999999999,4,539.0699999999999,move,improve
9886,4,539.0699999999999,4,539.0699999999999,move,improve
9887,4,539.0699999999999,4,539.0699999999999,move,improve
9888,4,539.0699999999999,4,539.0699999999999,swap,notBad
9889,4,539.0699999999999,4,539.0699999999999,move,improve
9890,4,539.0699999999999,4,539.0699999999999,move,improve
9891,4,539.0699999999999,4,539.0699999999999,2opt,notBad
9892,4,539.0699999999999,4,539.0699999999999,swap,notBad
9893,4,539.0699999999999,4,539.0699999999999,swap,notBad
9894,4,539.0699999999999,4,539.0699999999999,swap,notBad
9895,4,539.0699999999999,4,539.0699999999999,2opt,notBad
9896,4,539.0699999999999,4,539.0699999999999,swap,notBad
9897,4,539.0699999999999,4,539.0699999999999,swap,notBad
9898,4,539.0699999999999,4,539.0699999999999,swap,notBad
9899,4,539.0699999999999,4,539.0699999999999,2opt,notBad
9900,4,539.0699999999999,4,539.0699999999999,2opt,notBad
9901,4,539.0699999999999,4,539.0699999999999,move,improve
9902,4,539.0699999999999,4,539.0699999999999,move,improve
9903,4,539.0699999999999,4,539.0699999999999,swap,notBad
9904,4,539.0699999999999,4,539.0699999999999,swap,notBad
9905,4,539.0699999999999,4,539.0699999999999,2opt,notBad
9906,4,539.0699999999999,4,539.0699999999999,2opt,notBad
9907,4,539.0699999999999,4,539.0699999999999,move,improve
9908,4,539.0699999999999,4,539.0699999999999,move,improve
9909,4,539.0699999999999,4,539.0699999999999,swap,notBad
9910,4,539.0699999999999,4,539.0699999999999,move,improve
9911,4,539.0699999999999,4,539.0699999999999,2opt,notBad
9912,4,539.0699999999999,4,539.0699999999999,swap,notBad
9913,4,539.0699999999999,4,539.0699999999999,move,improve
9914,4,539.0699999999999,4,539.0699999999999,move,improve
9915,4,539.0699999999999,4,539.0699999999999,2opt,notBad
9916,4,539.0699999999999,4,539.0699999999999,move,improve
9917,4,539.0699999999999,4,539.0699999999999,2opt,notBad
9918,4,539.0699999999999,4,539.0699999999999,2opt,notBad
9919,4,539.0699999999999,4,539.0699999999999,move,improve
9920,4,539.0699999999999,4,539.0699999999999,swap,notBad
9921,4,539.0699999999999,4,539.0699999999999,swap,notBad
9922,4,539.0699999999999,4,539.0699999999999,swap,notBad
9923,4,539.0699999999999,4,539.0699999999999,move,improve
9924,4,539.0699999999999,4,539.0699999999999,move,improve
9925,4,539.0699999999999,4,539.0699999999999,swap,notBad
9926,4,539.0699999999999,4,539.0699999999999,move,improve
9927,4,539.0699999999999,4,539.0699999999999,swap,notBad
9928,4,539.0699999999999,4,539.0699999999999,2opt,notBad
9929,4,539.0699999999999,4,539.0699999999999,2opt,notBad
9930,4,539.0699999999999,4,539.0699999999999,move,improve
9931,4,539.0699999999999,4,539.0699999999999,move,improve
9932,4,539.0699999999999,4,539.0699999999999,move,improve
9933,4,539.0699999999999,4,539.0699999999999,swap,notBad
9934,4,539.0699999999999,4,539.0699999999999,2opt,notBad
9935,4,539.0699999999999,4,539.0699999999999,2opt,notBad
9936,4,539.0699999999999,4,539.0699999999999,2opt,notBad
9937,4,539.0699999999999,4,539.0699999999999,move,improve
9938,4,539.0699999999999,4,539.0699999999999,2opt,notBad
9939,4,539.0699999999999,4,539.0699999999999,2opt,improve
9940,4,539.0699999999999,4,539.0699999999999,swap,notBad
9941,4,539.0699999999999,4,539.0699999999999,swap,notBad
9942,4,539.0699999999999,4,539.0699999999999,move,improve
9943,4,539.0699999999999,4,539.0699999999999,swap,notBad
9944,4,539.0699999999999,4,539.0699999999999,move,improve
9945,4,539.0699999999999,4,539.0699999999999,swap,notBad
9946,4,539.0699999999999,4,539.0699999999999,2opt,notBad
9947,4,539.0699999999999,4,539.0699999999999,swap,notBad
9948,4,539.0699999999999,4,539.0699999999999,swap,notBad
9949,4,539.0699999999999,4,539.0699999999999,2opt,notBad
9950,4,539.0699999999999,4,539.0699999999999,move,improve
9951,4,539.0699999999999,4,539.0699999999999,2opt,notBad
9952,4,539.0699999999999,4,539.0699999999999,move,improve
9953,4,539.0699999999999,4,539.0699999999999,swap,notBad
9954,4,539.0699999999999,4,539.0699999999999,swap,notBad
9955,4,539.0699999999999,4,539.0699999999999,swap,notBad
9956,4,539.0699999999999,4,539.0699999999999,2opt,notBad
9957,4,539.0699999999999,4,539.0699999999999,2opt,notBad
9958,4,539.0699999999999,4,539.0699999999999,swap,notBad
9959,4,539.0699999999999,4,539.0699999999999,move,improve
9960,4,539.0699999999999,4,539.0699999999999,move,improve
9961,4,539.0699999999999,4,539.0699999999999,2opt,notBad
9962,4,539.0699999999999,4,539.0699999999999,move,improve
9963,4,539.0699999999999,4,539.0699999999999,swap,notBad
9964,4,539.0699999999999,4,539.0699999999999,swap,notBad
9965,4,539.0699999999999,4,539.0699999999999,swap,notBad
9966,4,539.0699999999999,4,539.0699999999999,swap,notBad
9967,4,539.0699999999999,4,539.0699999999999,move,improve
9968,4,539.0699999999999,4,539.0699999999999,2opt,notBad
9969,4,539.0699999999999,4,539.0699999999999,2opt,notBad
9970,4,539.0699999999999,4,539.0699999999999,swap,notBad
9971,4,539.0699999999999,4,539.0699999999999,2opt,notBad
9972,4,539.0699999999999,4,539.0699999999999,move,improve
9973,4,539.0699999999999,4,539.0699999999999,move,improve
9974,4,539.0699999999999,4,539.0699999999999,swap,notBad
9975,4,539.0699999999999,4,539.0699999999999,move,improve
9976,4,539.0699999999999,4,539.0699999999999,2opt,notBad
9977,4,539.0699999999999,4,539.0699999999999,move,improve
9978,4,539.0699999999999,4,539.0699999999999,swap,notBad
9979,4,539.0699999999999,4,539.0699999999999,2opt,notBad
9980,4,539.0699999999999,4,539.0699999999999,move,improve
9981,4,539.0699999999999,4,539.0699999999999,2opt,notBad
9982,4,539.0699999999999,4,539.0699999999999,2opt,notBad
9983,4,539.0699999999999,4,539.0699999999999,move,improve
9984,4,539.0699999999999,4,539.0699999999999,move,improve
9985,4,539.07,4,539.0699999999999,move,acceptBad
9986,4,539.07,4,539.0699999999999,swap,notBad
9987,4,539.07,4,539.0699999999999,move,improve
9988,4,539.07,4,539.0699999999999,swap,notBad
9989,4,539.07,4,539.0699999999999,swap,notBad
9990,4,539.07,4,539.0699999999999,swap,notBad
9991,4,539.07,4,539.0699999999999,move,improve
9992,4,539.07,4,539.0699999999999,swap,notBad
9993,4,539.07,4,539.0699999999999,2opt,notBad
9994,4,539.07,4,539.0699999999999,swap,notBad
9995,4,539.07,4,539.0699999999999,2opt,notBad
9996,4,539.07,4,539.0699999999999,move,improve
9997,4,539.07,4,539.0699999999999,2opt,improve
9998,4,539.07,4,539.0699999999999,2opt,notBad
9999,4,539.07,4,539.0699999999999,move,improve
10000,4,539.07,4,539.0699999999999,move,improve
10001,4,539.07,4,539.0699999999999,move,improve
10002,4,539.0699999999999,4,539.0699999999999,move,improve
10003,4,539.0699999999999,4,539.0699999999999,2opt,notBad
10004,4,539.0699999999999,4,539.0699999999999,2opt,notBad
10005,4,539.0699999999999,4,539.0699999999999,2opt,notBad
10006,4,539.0699999999999,4,539.0699999999999,move,improve
10007,4,539.0699999999999,4,539.0699999999999,2opt,notBad
10008,4,539.0699999999999,4,539.0699999999999,2opt,notBad
10009,4,539.0699999999999,4,539.0699999999999,swap,notBad
10010,4,539.0699999999999,4,539.0699999999999,move,improve
10011,4,539.0699999999999,4,539.0699999999999,2opt,notBad
10012,4,539.0699999999999,4,539.0699999999999,2opt,notBad
10013,4,539.0699999999999,4,539.0699999999999,2opt,notBad
10014,4,539.0699999999999,4,539.0699999999999,2opt,notBad
10015,4,539.0699999999999,4,539.0699999999999,swap,notBad
10016,4,539.0699999999999,4,539.0699999999999,move,improve
10017,4,539.0699999999999,4,539.0699999999999,move,improve
10018,4,539.0699999999999,4,539.0699999999999,move,improve
10019,4,539.0699999999999,4,539.0699999999999,move,improve
10020,4,539.0699999999999,4,539.0699999999999,2opt,notBad
10021,4,539.0699999999999,4,539.0699999999999,swap,notBad
10022,4,539.0699999999999,4,539.0699999999999,move,improve
10023,4,539.0699999999999,4,539.0699999999999,move,improve
10024,4,539.0699999999999,4,539.0699999999999,swap,notBad
10025,4,539.0699999999999,4,539.0699999999999,move,improve
10026,4,539.0699999999999,4,539.0699999999999,2opt,notBad
10027,4,539.0699999999999,4,539.0699999999999,swap,notBad
10028,4,539.0699999999999,4,539.0699999999999,move,improve
10029,4,539.0699999999999,4,539.0699999999999,move,improve
10030,4,539.0699999999999,4,539.0699999999999,swap,notBad
10031,4,539.0699999999999,4,539.0699999999999,2opt,notBad
10032,4,539.0699999999999,4,539.0699999999999,swap,notBad
10033,4,539.0699999999999,4,539.0699999999999,2opt,notBad
10034,4,539.0699999999999,4,539.0699999999999,2opt,notBad
10035,4,539.0699999999999,4,539.0699999999999,2opt,notBad
10036,4,539.0699999999999,4,539.0699999999999,swap,notBad
10037,4,539.0699999999999,4,539.0699999999999,swap,notBad
10038,4,539.0699999999999,4,539.0699999999999,2opt,notBad
10039,4,539.0699999999999,4,539.0699999999999,move,improve
10040,4,539.0699999999999,4,539.0699999999999,2opt,notBad
10041,4,539.0699999999999,4,539.0699999999999,swap,notBad
10042,4,539.0699999999999,4,539.0699999999999,2opt,notBad
10043,4,539.0699999999999,4,539.0699999999999,move,improve
10044,4,539.0699999999999,4,539.0699999999999,swap,notBad
10045,4,539.0699999999999,4,539.0699999999999,swap,notBad
10046,4,539.0699999999999,4,539.0699999999999,2opt,notBad
10047,4,539.0699999999999,4,539.0699999999999,2opt,notBad
10048,4,539.0699999999999,4,539.0699999999999,2opt,notBad
10049,4,539.0699999999999,4,539.0699999999999,2opt,notBad
10050,4,539.0699999999999,4,539.0699999999999,2opt,notBad
10051,4,539.0699999999999,4,539.0699999999999,2opt,improve
10052,4,539.0699999999999,4,539.0699999999999,2opt,notBad
10053,4,539.0699999999999,4,539.0699999999999,2opt,notBad
10054,4,539.0699999999999,4,539.0699999999999,swap,notBad
10055,4,539.0699999999999,4,539.0699999999999,move,improve
10056,4,539.0699999999999,4,539.0699999999999,swap,notBad
10057,4,539.0699999999999,4,539.0699999999999,2opt,improve
10058,4,539.0699999999999,4,539.0699999999999,2opt,notBad
10059,4,539.0699999999999,4,539.0699999999999,2opt,notBad
10060,4,539.07,4,539.0699999999999,move,acceptBad
10061,4,539.07,4,539.0699999999999,2opt,notBad
10062,4,539.07,4,539.0699999999999,move,improve
10063,4,539.07,4,539.0699999999999,move,improve
10064,4,539.07,4,539.0699999999999,swap,notBad
10065,4,539.07,4,539.0699999999999,move,improve
10066,4,539.07,4,539.0699999999999,move,improve
10067,4,539.07,4,539.0699999999999,2opt,notBad
10068,4,539.07,4,539.0699999999999,move,improve
10069,4,539.07,4,539.0699999999999,move,improve
10070,4,539.07,4,539.0699999999999,2opt,notBad
10071,4,539.07,4,539.0699999999999,2opt,notBad
10072,4,539.07,4,539.0699999999999,move,improve
10073,4,539.07,4,539.0699999999999,2opt,notBad
10074,4,539.07,4,539.0699999999999,2opt,notBad
10075,4,539.07,4,539.0699999999999,swap,notBad
10076,4,539.07,4,539.0699999999999,2opt,notBad
10077,4,539.07,4,539.0699999999999,2opt,notBad
10078,4,539.07,4,539.0699999999999,2opt,improve
10079,4,539.07,4,539.0699999999999,swap,notBad
10080,4,539.07,4,539.0699999999999,swap,notBad
10081,4,539.07,4,539.0699999999999,swap,notBad
10082,4,539.07,4,539.0699999999999,swap,notBad
10083,4,539.07,4,539.0699999999999,move,improve
10084,4,539.07,4,539.0699999999999,swap,notBad
10085,4,539.07,4,539.0699999999999,2opt,notBad
10086,4,539.07,4,539.0699999999999,2opt,notBad
10087,4,539.07,4,539.0699999999999,move,improve
10088,4,539.07,4,539.0699999999999,move,improve
10089,4,539.07,4,539.0699999999999,2opt,notBad
10090,4,539.07,4,539.0699999999999,2opt,notBad
10091,4,539.07,4,539.0699999999999,swap,notBad
10092,4,539.07,4,539.0699999999999,2opt,notBad
10093,4,539.07,4,539.0699999999999,swap,notBad
10094,4,539.07,4,539.0699999999999,move,improve
10095,4,539.07,4,539.0699999999999,swap,notBad
10096,4,539.07,4,539.0699999999999,move,improve
10097,4,539.07,4,539.0699999999999,swap,notBad
10098,4,539.07,4,539.0699999999999,2opt,notBad
10099,4,539.07,4,539.0699999999999,2opt,notBad
10100,4,539.07,4,539.0699999999999,2opt,notBad
10101,4,539.07,4,539.0699999999999,swap,notBad
10102,4,539.07,4,539.0699999999999,2opt,notBad
10103,4,539.07,4,539.0699999999999,2opt,notBad
10104,4,539.07,4,539.0699999999999,move,improve
10105,4,539.07,4,539.0699999999999,2opt,notBad
10106,4,539.07,4,539.0699999999999,2opt,notBad
10107,4,539.07,4,539.0699999999999,swap,notBad
10108,4,539.07,4,539.0699999999999,move,improve
10109,4,539.07,4,539.0699999999999,swap,notBad
10110,4,539.07,4,539.0699999999999,2opt,notBad
10111,4,539.07,4,539.0699999999999,2opt,notBad
10112,4,539.07,4,539.0699999999999,swap,notBad
10113,4,539.07,4,539.0699999999999,swap,notBad
10114,4,539.07,4,539.0699999999999,swap,notBad
10115,4,539.07,4,539.0699999999999,move,improve
10116,4,539.07,4,539.0699999999999,move,improve
10117,4,539.07,4,539.0699999999999,2opt,notBad
10118,4,539.07,4,539.0699999999999,2opt,notBad
10119,4,539.07,4,539.0699999999999,swap,notBad
10120,4,539.07,4,539.0699999999999,move,improve
10121,4,539.07,4,539.0699999999999,swap,notBad
10122,4,539.07,4,539.0699999999999,swap,notBad
10123,4,539.07,4,539.0699999999999,2opt,notBad
10124,4,539.07,4,539.0699999999999,swap,notBad
10125,4,539.07,4,539.0699999999999,move,improve
10126,4,539.07,4,539.0699999999999,2opt,notBad
10127,4,539.07,4,539.0699999999999,swap,notBad
10128,4,539.07,4,539.0699999999999,swap,notBad
10129,4,539.07,4,539.0699999999999,2opt,notBad
10130,4,539.07,4,539.0699999999999,move,improve
10131,4,539.07,4,539.0699999999999,swap,notBad
10132,4,539.07,4,539.0699999999999,swap,notBad
10133,4,539.07,4,539.0699999999999,swap,notBad
10134,4,539.07,4,539.0699999999999,swap,notBad
10135,4,539.07,4,539.0699999999999,move,improve
10136,4,539.07,4,539.0699999999999,move,improve
10137,4,539.07,4,539.0699999999999,move,improve
10138,4,539.07,4,539.0699999999999,move,improve
10139,4,539.07,4,539.0699999999999,swap,notBad
10140,4,539.07,4,539.0699999999999,swap,notBad
10141,4,539.07,4,539.0699999999999,move,improve
10142,4,539.07,4,539.0699999999999,swap,notBad
10143,4,539.07,4,539.0699999999999,2opt,notBad
10144,4,539.07,4,539.0699999999999,move,improve
10145,4,539.07,4,539.0699999999999,move,improve
10146,4,539.07,4,539.0699999999999,swap,notBad
10147,4,539.07,4,539.0699999999999,swap,notBad
10148,4,539.07,4,539.0699999999999,2opt,notBad
10149,4,539.07,4,539.0699999999999,move,improve
10150,4,539.07,4,539.0699999999999,2opt,notBad
10151,4,539.07,4,539.0699999999999,2opt,notBad
10152,4,539.07,4,539.0699999999999,2opt,notBad
10153,4,539.07,4,539.0699999999999,2opt,notBad
10154,4,539.07,4,539.0699999999999,swap,notBad
10155,4,539.07,4,539.0699999999999,2opt,notBad
10156,4,539.07,4,539.0699999999999,move,improve
10157,4,539.07,4,539.0699999999999,2opt,notBad
10158,4,539.07,4,539.0699999999999,2opt,notBad
10159,4,539.07,4,539.0699999999999,move,improve
10160,4,539.07,4,539.0699999999999,2opt,notBad
10161,4,539.07,4,539.0699999999999,swap,notBad
10162,4,539.07,4,539.0699999999999,move,improve
10163,4,539.07,4,539.0699999999999,2opt,notBad
10164,4,539.07,4,539.0699999999999,move,improve
10165,4,539.07,4,539.0699999999999,move,improve
10166,4,539.07,4,539.0699999999999,swap,notBad
10167,4,539.07,4,539.0699999999999,2opt,notBad
10168,4,539.07,4,539.0699999999999,move,improve
10169,4,539.07,4,539.0699999999999,move,improve
10170,4,539.07,4,539.0699999999999,move,improve
10171,4,539.07,4,539.0699999999999,swap,notBad
10172,4,539.07,4,539.0699999999999,2opt,notBad
10173,4,539.07,4,539.0699999999999,move,improve
10174,4,539.07,4,539.0699999999999,swap,notBad
10175,4,539.07,4,539.0699999999999,swap,notBad
10176,4,539.07,4,539.0699999999999,2opt,notBad
10177,4,539.07,4,539.0699999999999,move,improve
10178,4,539.07,4,539.0699999999999,move,improve
10179,4,539.07,4,539.0699999999999,swap,notBad
10180,4,539.07,4,539.0699999999999,swap,notBad
10181,4,539.07,4,539.0699999999999,2opt,notBad
10182,4,539.07,4,539.0699999999999,move,improve
10183,4,539.07,4,539.0699999999999,2opt,notBad
10184,4,539.07,4,539.0699999999999,swap,notBad
10185,4,539.07,4,539.0699999999999,swap,notBad
10186,4,539.07,4,539.0699999999999,move,improve
10187,4,539.07,4,539.0699999999999,swap,notBad
10188,4,539.07,4,539.0699999999999,2opt,notBad
10189,4,539.07,4,539.0699999999999,move,improve
10190,4,539.07,4,539.0699999999999,move,improve
10191,4,539.07,4,539.0699999999999,swap,notBad
10192,4,539.07,4,539.0699999999999,2opt,notBad
10193,4,539.07,4,539.0699999999999,2opt,notBad
10194,4,539.07,4,539.0699999999999,2opt,notBad
10195,4,539.07,4,539.0699999999999,2opt,notBad
10196,4,539.07,4,539.0699999999999,swap,notBad
10197,4,539.07,4,539.0699999999999,move,improve
10198,4,539.07,4,539.0699999999999,2opt,notBad
10199,4,539.07,4,539.0699999999999,swap,notBad
10200,4,539.07,4,539.0699999999999,2opt,notBad
10201,4,539.07,4,539.0699999999999,2opt,notBad
10202,4,539.07,4,539.0699999999999,move,improve
10203,4,539.07,4,539.0699999999999,swap,notBad
10204,4,539.07,4,539.0699999999999,move,improve
10205,4,539.07,4,539.0699999999999,2opt,notBad
10206,4,539.07,4,539.0699999999999,move,improve
10207,4,539.07,4,539.0699999999999,2opt,notBad
10208,4,539.07,4,539.0699999999999,move,improve
10209,4,539.07,4,539.0699999999999,move,improve
10210,4,539.07,4,539.0699999999999,2opt,notBad
10211,4,539.07,4,539.0699999999999,2opt,notBad
10212,4,539.07,4,539.0699999999999,swap,notBad
10213,4,539.07,4,539.0699999999999,swap,notBad
10214,4,539.07,4,539.0699999999999,2opt,notBad
10215,4,539.07,4,539.0699999999999,swap,notBad
10216,4,539.07,4,539.0699999999999,move,improve
10217,4,539.07,4,539.0699999999999,swap,notBad
10218,4,539.07,4,539.0699999999999,swap,notBad
10219,4,539.07,4,539.0699999999999,move,improve
10220,4,539.07,4,539.0699999999999,swap,notBad
10221,4,539.07,4,539.0699999999999,2opt,notBad
10222,4,539.07,4,539.0699999999999,move,improve
10223,4,539.07,4,539.0699999999999,2opt,notBad
10224,4,539.07,4,539.0699999999999,2opt,notBad
10225,4,539.07,4,539.0699999999999,move,improve
10226,4,539.07,4,539.0699999999999,swap,notBad
10227,4,539.07,4,539.0699999999999,2opt,notBad
10228,4,539.07,4,539.0699999999999,2opt,notBad
10229,4,539.07,4,539.0699999999999,swap,notBad
10230,4,539.07,4,539.0699999999999,2opt,notBad
10231,4,539.07,4,539.0699999999999,2opt,notBad
10232,4,539.07,4,539.0699999999999,move,improve
10233,4,539.07,4,539.0699999999999,move,improve
10234,4,539.07,4,539.0699999999999,swap,notBad
10235,4,539.07,4,539.0699999999999,move,improve
10236,4,539.07,4,539.0699999999999,move,improve
10237,4,539.07,4,539.0699999999999,2opt,notBad
10238,4,539.07,4,539.0699999999999,move,improve
10239,4,539.07,4,539.0699999999999,swap,notBad
10240,4,539.07,4,539.0699999999999,move,improve
10241,4,539.07,4,539.0699999999999,move,improve
10242,4,539.07,4,539.0699999999999,move,improve
10243,4,539.07,4,539.0699999999999,2opt,improve
10244,4,539.07,4,539.0699999999999,2opt,notBad
10245,4,539.07,4,539.0699999999999,swap,notBad
10246,4,539.07,4,539.0699999999999,swap,notBad
10247,4,539.07,4,539.0699999999999,2opt,notBad
10248,4,539.07,4,539.0699999999999,move,improve
10249,4,539.07,4,539.0699999999999,2opt,notBad
10250,4,539.07,4,539.0699999999999,swap,notBad
10251,4,539.07,4,539.0699999999999,move,improve
10252,4,539.07,4,539.0699999999999,swap,notBad
10253,4,539.07,4,539.0699999999999,move,improve
10254,4,539.07,4,539.0699999999999,move,improve
10255,4,539.07,4,539.0699999999999,2opt,notBad
10256,4,539.07,4,539.0699999999999,swap,notBad
10257,4,539.07,4,539.0699999999999,move,improve
10258,4,539.07,4,539.0699999999999,2opt,notBad
10259,4,539.07,4,539.0699999999999,move,improve
10260,4,539.07,4,539.0699999999999,swap,notBad
10261,4,539.07,4,539.0699999999999,swap,notBad
10262,4,539.0699999999999,4,539.0699999999999,move,improve
10263,4,539.0699999999999,4,539.0699999999999,2opt,notBad
10264,4,539.0699999999999,4,539.0699999999999,move,improve
10265,4,539.0699999999999,4,539.0699999999999,move,improve
10266,4,539.0699999999999,4,539.0699999999999,move,improve
10267,4,539.0699999999999,4,539.0699999999999,move,improve
10268,4,539.0699999999999,4,539.0699999999999,swap,notBad
10269,4,539.0699999999999,4,539.0699999999999,move,improve
10270,4,539.0699999999999,4,539.0699999999999,move,improve
10271,4,539.0699999999999,4,539.0699999999999,swap,notBad
10272,4,539.0699999999999,4,539.0699999999999,2opt,notBad
10273,4,539.0699999999999,4,539.0699999999999,2opt,notBad
10274,4,539.0699999999999,4,539.0699999999999,swap,notBad
10275,4,539.0699999999999,4,539.0699999999999,swap,notBad
10276,4,539.0699999999999,4,539.0699999999999,move,improve
10277,4,539.0699999999999,4,539.0699999999999,2opt,notBad
10278,4,539.0699999999999,4,539.0699999999999,move,improve
10279,4,539.0699999999999,4,539.0699999999999,2opt,notBad
10280,4,539.0699999999999,4,539.0699999999999,2opt,notBad
10281,4,539.0699999999999,4,539.0699999999999,swap,notBad
10282,4,539.0699999999999,4,539.0699999999999,swap,notBad
10283,4,539.0699999999999,4,539.0699999999999,2opt,improve
10284,4,539.0699999999999,4,539.0699999999999,swap,notBad
10285,4,539.0699999999999,4,539.0699999999999,2opt,notBad
10286,4,539.0699999999999,4,539.0699999999999,move,improve
10287,4,539.0699999999999,4,539.0699999999999,2opt,notBad
10288,4,539.0699999999999,4,539.0699999999999,move,improve
10289,4,539.0699999999999,4,539.0699999999999,swap,notBad
10290,4,539.0699999999999,4,539.0699999999999,2opt,notBad
10291,4,539.0699999999999,4,539.0699999999999,swap,notBad
10292,4,539.0699999999999,4,539.0699999999999,swap,notBad
10293,4,539.0699999999999,4,539.0699999999999,move,improve
10294,4,539.0699999999999,4,539.0699999999999,swap,notBad
10295,4,539.0699999999999,4,539.0699999999999,move,improve
10296,4,539.0699999999999,4,539.0699999999999,2opt,notBad
10297,4,539.0699999999999,4,539.0699999999999,move,improve
10298,4,539.0699999999999,4,539.0699999999999,2opt,notBad
10299,4,539.0699999999999,4,539.0699999999999,2opt,notBad
10300,4,539.0699999999999,4,539.0699999999999,2opt,improve
10301,4,539.0699999999999,4,539.0699999999999,move,improve
10302,4,539.0699999999999,4,539.0699999999999,move,improve
10303,4,539.0699999999999,4,539.0699999999999,swap,notBad
10304,4,539.0699999999999,4,539.0699999999999,swap,notBad
10305,4,539.0699999999999,4,539.0699999999999,swap,notBad
10306,4,539.0699999999999,4,539.0699999999999,2opt,notBad
10307,4,539.0699999999999,4,539.0699999999999,move,improve
10308,4,539.0699999999999,4,539.0699999999999,move,improve
10309,4,539.0699999999999,4,539.0699999999999,move,improve
10310,4,539.0699999999999,4,539.0699999999999,swap,notBad
10311,4,539.0699999999999,4,539.0699999999999,2opt,notBad
10312,4,539.0699999999999,4,539.0699999999999,swap,notBad
10313,4,539.0699999999999,4,539.0699999999999,swap,notBad
10314,4,539.0699999999999,4,539.0699999999999,2opt,notBad
10315,4,539.0699999999999,4,539.0699999999999,move,improve
10316,4,539.0699999999999,4,539.0699999999999,swap,notBad
10317,4,539.0699999999999,4,539.0699999999999,move,improve
10318,4,539.0699999999999,4,539.0699999999999,move,improve
10319,4,539.0699999999999,4,539.0699999999999,swap,notBad
10320,4,539.0699999999999,4,539.0699999999999,swap,notBad
10321,4,539.0699999999999,4,539.0699999999999,swap,notBad
10322,4,539.0699999999999,4,539.0699999999999,2opt,notBad
10323,4,539.0699999999999,4,539.0699999999999,move,improve
10324,4,539.0699999999999,4,539.0699999999999,move,improve
10325,4,539.0699999999999,4,539.0699999999999,2opt,notBad
10326,4,539.0699999999999,4,539.0699999999999,move,improve
10327,4,539.0699999999999,4,539.0699999999999,move,improve
10328,4,539.0699999999999,4,539.0699999999999,2opt,notBad
10329,4,539.0699999999999,4,539.0699999999999,2opt,notBad
10330,4,539.0699999999999,4,539.0699999999999,2opt,notBad
10331,4,539.0699999999999,4,539.0699999999999,move,improve
10332,4,539.0699999999999,4,539.0699999999999,move,improve
10333,4,539.0699999999999,4,539.0699999999999,2opt,notBad
10334,4,539.0699999999999,4,539.0699999999999,move,improve
10335,4,539.0699999999999,4,539.0699999999999,swap,notBad
10336,4,539.0699999999999,4,539.0699999999999,2opt,notBad
10337,4,539.0699999999999,4,539.0699999999999,swap,notBad
10338,4,539.0699999999999,4,539.0699999999999,2opt,notBad
10339,4,539.0699999999999,4,539.0699999999999,swap,notBad
10340,4,539.0699999999999,4,539.0699999999999,swap,notBad
10341,4,539.0699999999999,4,539.0699999999999,2opt,notBad
10342,4,539.0699999999999,4,539.0699999999999,2opt,notBad
10343,4,539.0699999999999,4,539.0699999999999,2opt,notBad
10344,4,539.0699999999999,4,539.0699999999999,swap,notBad
10345,4,539.0699999999999,4,539.0699999999999,2opt,notBad
10346,4,539.0699999999999,4,539.0699999999999,move,improve
10347,4,539.0699999999999,4,539.0699999999999,move,improve
10348,4,539.0699999999999,4,539.0699999999999,move,improve
10349,4,539.0699999999999,4,539.0699999999999,move,improve
10350,4,539.0699999999999,4,539.0699999999999,2opt,notBad
10351,4,539.0699999999999,4,539.0699999999999,2opt,notBad
10352,4,539.0699999999999,4,539.0699999999999,swap,notBad
10353,4,539.0699999999999,4,539.0699999999999,move,improve
10354,4,539.0699999999999,4,539.0699999999999,move,improve
10355,4,539.0699999999999,4,539.0699999999999,move,improve
10356,4,539.0699999999999,4,539.0699999999999,move,improve
10357,4,539.0699999999999,4,539.0699999999999,swap,notBad
10358,4,539.0699999999999,4,539.0699999999999,move,improve
10359,4,539.0699999999999,4,539.0699999999999,swap,notBad
10360,4,539.0699999999999,4,539.0699999999999,move,improve
10361,4,539.0699999999999,4,539.0699999999999,move,improve
10362,4,539.0699999999999,4,539.0699999999999,swap,notBad
10363,4,539.0699999999999,4,539.0699999999999,swap,notBad
10364,4,539.0699999999999,4,539.0699999999999,2opt,improve
10365,4,539.0699999999999,4,539.0699999999999,swap,notBad
10366,4,539.0699999999999,4,539.0699999999999,swap,notBad
10367,4,539.0699999999999,4,539.0699999999999,move,improve
10368,4,539.0699999999999,4,539.0699999999999,swap,notBad
10369,4,539.0699999999999,4,539.0699999999999,2opt,notBad
10370,4,539.0699999999999,4,539.0699999999999,2opt,notBad
10371,4,539.0699999999999,4,539.0699999999999,2opt,notBad
10372,4,539.0699999999999,4,539.0699999999999,move,improve
10373,4,539.0699999999999,4,539.0699999999999,swap,notBad
10374,4,539.0699999999999,4,539.0699999999999,2opt,notBad
10375,4,539.0699999999999,4,539.0699999999999,swap,notBad
10376,4,539.0699999999999,4,539.0699999999999,2opt,notBad
10377,4,539.0699999999999,4,539.0699999999999,swap,notBad
10378,4,539.0699999999999,4,539.0699999999999,move,improve
10379,4,539.0699999999999,4,539.0699999999999,2opt,notBad
10380,4,539.0699999999999,4,539.0699999999999,move,improve
10381,4,539.0699999999999,4,539.0699999999999,swap,notBad
10382,4,539.0699999999999,4,539.0699999999999,2opt,notBad
10383,4,539.0699999999999,4,539.0699999999999,move,improve
10384,4,539.0699999999999,4,539.0699999999999,2opt,notBad
10385,4,539.0699999999999,4,539.0699999999999,move,improve
10386,4,539.0699999999999,4,539.0699999999999,2opt,notBad
10387,4,539.0699999999999,4,539.0699999999999,2opt,notBad
10388,4,539.0699999999999,4,539.0699999999999,2opt,notBad
10389,4,539.0699999999999,4,539.0699999999999,swap,notBad
10390,4,539.0699999999999,4,539.0699999999999,2opt,notBad
10391,4,539.0699999999999,4,539.0699999999999,2opt,notBad
10392,4,539.0699999999999,4,539.0699999999999,2opt,notBad
10393,4,539.0699999999999,4,539.0699999999999,2opt,notBad
10394,4,539.0699999999999,4,539.0699999999999,swap,notBad
10395,4,539.0699999999999,4,539.0699999999999,2opt,notBad
10396,4,539.0699999999999,4,539.0699999999999,move,improve
10397,4,539.0699999999999,4,539.0699999999999,swap,notBad
10398,4,539.0699999999999,4,539.0699999999999,2opt,improve
10399,4,539.0699999999999,4,539.0699999999999,2opt,notBad
10400,4,539.0699999999999,4,539.0699999999999,swap,notBad
10401,4,539.0699999999999,4,539.0699999999999,2opt,notBad
10402,4,539.0699999999999,4,539.0699999999999,move,improve
10403,4,539.0699999999999,4,539.0699999999999,2opt,notBad
10404,4,539.0699999999999,4,539.0699999999999,swap,notBad
10405,4,539.0699999999999,4,539.0699999999999,swap,notBad
10406,4,539.0699999999999,4,539.0699999999999,swap,notBad
10407,4,539.0699999999999,4,539.0699999999999,move,improve
10408,4,539.0699999999999,4,539.0699999999999,swap,notBad
10409,4,539.0699999999999,4,539.0699999999999,2opt,notBad
10410,4,539.0699999999999,4,539.0699999999999,move,improve
10411,4,539.0699999999999,4,539.0699999999999,swap,notBad
10412,4,539.0699999999999,4,539.0699999999999,move,improve
10413,4,539.0699999999999,4,539.0699999999999,move,improve
10414,4,539.0699999999999,4,539.0699999999999,swap,notBad
10415,4,539.0699999999999,4,539.0699999999999,move,improve
10416,4,539.0699999999999,4,539.0699999999999,move,improve
10417,4,539.0699999999999,4,539.0699999999999,2opt,notBad
10418,4,539.0699999999999,4,539.0699999999999,swap,notBad
10419,4,539.0699999999999,4,539.0699999999999,2opt,improve
10420,4,539.0699999999999,4,539.0699999999999,2opt,notBad
10421,4,539.0699999999999,4,539.0699999999999,2opt,improve
10422,4,539.0699999999999,4,539.0699999999999,2opt,notBad
10423,4,539.0699999999999,4,539.0699999999999,swap,notBad
10424,4,539.0699999999999,4,539.0699999999999,2opt,notBad
10425,4,539.0699999999999,4,539.0699999999999,2opt,notBad
10426,4,539.0699999999999,4,539.0699999999999,swap,notBad
10427,4,539.0699999999999,4,539.0699999999999,move,improve
10428,4,539.0699999999999,4,539.0699999999999,swap,notBad
10429,4,539.0699999999999,4,539.0699999999999,move,improve
10430,4,539.0699999999999,4,539.0699999999999,swap,notBad
10431,4,539.0699999999999,4,539.0699999999999,swap,notBad
10432,4,539.0699999999999,4,539.0699999999999,swap,notBad
10433,4,539.0699999999999,4,539.0699999999999,2opt,notBad
10434,4,539.0699999999999,4,539.0699999999999,swap,notBad
10435,4,539.0699999999999,4,539.0699999999999,2opt,notBad
10436,4,539.0699999999999,4,539.0699999999999,2opt,notBad
10437,4,539.0699999999999,4,539.0699999999999,swap,notBad
10438,4,539.0699999999999,4,539.0699999999999,swap,notBad
10439,4,539.0699999999999,4,539.0699999999999,move,improve
10440,4,539.0699999999999,4,539.0699999999999,move,improve
10441,4,539.0699999999999,4,539.0699999999999,move,improve
10442,4,539.0699999999999,4,539.0699999999999,swap,notBad
10443,4,539.0699999999999,4,539.0699999999999,move,improve
10444,4,539.0699999999999,4,539.0699999999999,2opt,notBad
10445,4,539.0699999999999,4,539.0699999999999,move,improve
10446,4,539.0699999999999,4,539.0699999999999,move,improve
10447,4,539.0699999999999,4,539.0699999999999,swap,notBad
10448,4,539.0699999999999,4,539.0699999999999,swap,notBad
10449,4,539.0699999999999,4,539.0699999999999,2opt,notBad
10450,4,539.0699999999999,4,539.0699999999999,move,improve
10451,4,539.0699999999999,4,539.0699999999999,2opt,notBad
10452,4,539.0699999999999,4,539.0699999999999,move,improve
10453,4,539.0699999999999,4,539.0699999999999,2opt,notBad
10454,4,539.0699999999999,4,539.0699999999999,move,improve
10455,4,539.0699999999999,4,539.0699999999999,swap,notBad
10456,4,539.0699999999999,4,539.0699999999999,2opt,notBad
10457,4,539.0699999999999,4,539.0699999999999,move,improve
10458,4,539.0699999999999,4,539.0699999999999,move,improve
10459,4,539.0699999999999,4,539.0699999999999,2opt,notBad
10460,4,539.0699999999999,4,539.0699999999999,swap,notBad
10461,4,539.0699999999999,4,539.0699999999999,2opt,notBad
10462,4,539.0699999999999,4,539.0699999999999,2opt,notBad
10463,4,539.0699999999999,4,539.0699999999999,swap,notBad
10464,4,539.0699999999999,4,539.0699999999999,2opt,notBad
10465,4,539.0699999999999,4,539.0699999999999,2opt,notBad
10466,4,539.0699999999999,4,539.0699999999999,move,improve
10467,4,539.0699999999999,4,539.0699999999999,2opt,notBad
10468,4,539.07,4,539.0699999999999,move,acceptBad
10469,4,539.07,4,539.0699999999999,move,improve
10470,4,539.07,4,539.0699999999999,swap,notBad
10471,4,539.07,4,539.0699999999999,swap,notBad
10472,4,539.07,4,539.0699999999999,swap,notBad
10473,4,539.07,4,539.0699999999999,swap,notBad
10474,4,539.07,4,539.0699999999999,2opt,notBad
10475,4,539.07,4,539.0699999999999,swap,notBad
10476,4,539.07,4,539.0699999999999,2opt,notBad
10477,4,539.07,4,539.0699999999999,2opt,improve
10478,4,539.07,4,539.0699999999999,move,improve
10479,4,539.07,4,539.0699999999999,swap,notBad
10480,4,539.07,4,539.0699999999999,2opt,notBad
10481,4,539.07,4,539.0699999999999,move,improve
10482,4,539.07,4,539.0699999999999,swap,notBad
10483,4,539.07,4,539.0699999999999,swap,notBad
10484,4,539.07,4,539.0699999999999,move,improve
10485,4,539.07,4,539.0699999999999,swap,notBad
10486,4,539.07,4,539.0699999999999,2opt,notBad
10487,4,539.07,4,539.0699999999999,move,improve
10488,4,539.07,4,539.0699999999999,move,improve
10489,4,539.07,4,539.0699999999999,swap,notBad
10490,4,539.07,4,539.0699999999999,2opt,notBad
10491,4,539.07,4,539.0699999999999,swap,notBad
10492,4,539.07,4,539.0699999999999,swap,notBad
10493,4,539.07,4,539.0699999999999,swap,notBad
10494,4,539.07,4,539.0699999999999,2opt,notBad
10495,4,539.07,4,539.0699999999999,swap,notBad
10496,4,539.07,4,539.0699999999999,2opt,notBad
10497,4,539.07,4,539.0699999999999,move,improve
10498,4,539.07,4,539.0699999999999,swap,notBad
10499,4,539.07,4,539.0699999999999,2opt,notBad
10500,4,539.07,4,539.0699999999999,move,improve
10501,4,539.07,4,539.0699999999999,swap,notBad
10502,4,539.07,4,539.0699999999999,move,improve
10503,4,539.07,4,539.0699999999999,move,improve
10504,4,539.07,4,539.0699999999999,2opt,notBad
10505,4,539.07,4,539.0699999999999,move,improve
10506,4,539.07,4,539.0699999999999,2opt,notBad
10507,4,539.07,4,539.0699999999999,move,improve
10508,4,539.07,4,539.0699999999999,2opt,notBad
10509,4,539.07,4,539.0699999999999,swap,notBad
10510,4,539.07,4,539.0699999999999,2opt,notBad
10511,4,539.07,4,539.0699999999999,2opt,notBad
10512,4,539.07,4,539.0699999999999,2opt,notBad
10513,4,539.07,4,539.0699999999999,2opt,notBad
10514,4,539.07,4,539.0699999999999,swap,notBad
10515,4,539.07,4,539.0699999999999,move,improve
10516,4,539.07,4,539.0699999999999,2opt,notBad
10517,4,539.07,4,539.0699999999999,move,improve
10518,4,539.07,4,539.0699999999999,swap,notBad
10519,4,539.07,4,539.0699999999999,move,improve
10520,4,539.07,4,539.0699999999999,2opt,notBad
10521,4,539.07,4,539.0699999999999,swap,notBad
10522,4,539.07,4,539.0699999999999,swap,notBad
10523,4,539.07,4,539.0699999999999,move,improve
10524,4,539.07,4,539.0699999999999,swap,notBad
10525,4,539.07,4,539.0699999999999,move,improve
10526,4,539.07,4,539.0699999999999,move,improve
10527,4,539.07,4,539.0699999999999,move,improve
10528,4,539.07,4,539.0699999999999,swap,notBad
10529,4,539.07,4,539.0699999999999,swap,notBad
10530,4,539.07,4,539.0699999999999,move,improve
10531,4,539.07,4,539.0699999999999,2opt,notBad
10532,4,539.07,4,539.0699999999999,move,improve
10533,4,539.07,4,539.0699999999999,2opt,notBad
10534,4,539.07,4,539.0699999999999,2opt,notBad
10535,4,539.07,4,539.0699999999999,move,improve
10536,4,539.07,4,539.0699999999999,2opt,notBad
10537,4,539.07,4,539.0699999999999,swap,notBad
10538,4,539.07,4,539.0699999999999,move,improve
10539,4,539.07,4,539.0699999999999,2opt,notBad
10540,4,539.07,4,539.0699999999999,2opt,notBad
10541,4,539.07,4,539.0699999999999,2opt,notBad
10542,4,539.07,4,539.0699999999999,move,improve
10543,4,539.07,4,539.0699999999999,swap,notBad
10544,4,539.07,4,539.0699999999999,2opt,notBad
10545,4,539.07,4,539.0699999999999,move,improve
10546,4,539.07,4,539.0699999999999,2opt,notBad
10547,4,539.07,4,539.0699999999999,2opt,improve
10548,4,539.07,4,539.0699999999999,swap,notBad
10549,4,539.07,4,539.0699999999999,swap,notBad
10550,4,539.07,4,539.0699999999999,2opt,notBad
10551,4,539.07,4,539.0699999999999,swap,notBad
10552,4,539.07,4,539.0699999999999,2opt,notBad
10553,4,539.07,4,539.0699999999999,move,improve
10554,4,539.07,4,539.0699999999999,move,improve
10555,4,539.07,4,539.0699999999999,swap,notBad
10556,4,539.07,4,539.0699999999999,2opt,notBad
10557,4,539.07,4,539.0699999999999,swap,notBad
10558,4,539.07,4,539.0699999999999,swap,notBad
10559,4,539.07,4,539.0699999999999,swap,notBad
10560,4,539.07,4,539.0699999999999,2opt,notBad
10561,4,539.07,4,539.0699999999999,swap,notBad
10562,4,539.07,4,539.0699999999999,2opt,notBad
10563,4,539.07,4,539.0699999999999,move,improve
10564,4,539.07,4,539.0699999999999,swap,notBad
10565,4,539.07,4,539.0699999999999,swap,notBad
10566,4,539.07,4,539.0699999999999,move,improve
10567,4,539.07,4,539.0699999999999,move,improve
10568,4,539.07,4,539.0699999999999,move,improve
10569,4,539.07,4,539.0699999999999,move,improve
10570,4,539.07,4,539.0699999999999,2opt,notBad
10571,4,539.07,4,539.0699999999999,move,improve
10572,4,539.07,4,539.0699999999999,2opt,notBad
10573,4,539.07,4,539.0699999999999,2opt,notBad
10574,4,539.07,4,539.0699999999999,2opt,notBad
10575,4,539.07,4,539.0699999999999,move,improve
10576,4,539.07,4,539.0699999999999,move,improve
10577,4,539.07,4,539.0699999999999,swap,notBad
10578,4,539.07,4,539.0699999999999,move,improve
10579,4,539.07,4,539.0699999999999,2opt,notBad
10580,4,539.07,4,539.0699999999999,swap,notBad
10581,4,539.07,4,539.0699999999999,move,improve
10582,4,539.07,4,539.0699999999999,swap,notBad
10583,4,539.07,4,539.0699999999999,move,improve
10584,4,539.07,4,539.0699999999999,move,improve
10585,4,539.07,4,539.0699999999999,2opt,notBad
10586,4,539.07,4,539.0699999999999,2opt,notBad
10587,4,539.07,4,539.0699999999999,swap,notBad
10588,4,539.07,4,539.0699999999999,2opt,notBad
10589,4,539.07,4,539.0699999999999,2opt,notBad
10590,4,539.07,4,539.0699999999999,swap,notBad
10591,4,539.07,4,539.0699999999999,swap,notBad
10592,4,539.07,4,539.0699999999999,swap,notBad
10593,4,539.07,4,539.0699999999999,swap,notBad
10594,4,539.07,4,539.0699999999999,swap,notBad
10595,4,539.07,4,539.0699999999999,swap,notBad
10596,4,539.07,4,539.0699999999999,swap,notBad
10597,4,539.07,4,539.0699999999999,swap,notBad
10598,4,539.07,4,539.0699999999999,move,improve
10599,4,539.07,4,539.0699999999999,move,improve
10600,4,539.07,4,539.0699999999999,swap,notBad
10601,4,539.07,4,539.0699999999999,2opt,notBad
10602,4,539.07,4,539.0699999999999,2opt,notBad
10603,4,539.07,4,539.0699999999999,swap,notBad
10604,4,539.07,4,539.0699999999999,move,improve
10605,4,539.07,4,539.0699999999999,swap,notBad
10606,4,539.07,4,539.0699999999999,move,improve
10607,4,539.07,4,539.0699999999999,swap,notBad
10608,4,539.07,4,539.0699999999999,2opt,notBad
10609,4,539.07,4,539.0699999999999,2opt,notBad
10610,4,539.07,4,539.0699999999999,move,improve
10611,4,539.07,4,539.0699999999999,2opt,notBad
10612,4,539.07,4,539.0699999999999,swap,notBad
10613,4,539.07,4,539.0699999999999,2opt,notBad
10614,4,539.07,4,539.0699999999999,swap,notBad
10615,4,539.07,4,539.0699999999999,move,improve
10616,4,539.07,4,539.0699999999999,move,improve
10617,4,539.07,4,539.0699999999999,2opt,notBad
10618,4,539.07,4,539.0699999999999,move,improve
10619,4,539.07,4,539.0699999999999,2opt,notBad
10620,4,539.07,4,539.0699999999999,swap,notBad
10621,4,539.07,4,539.0699999999999,move,improve
10622,4,539.07,4,539.0699999999999,2opt,notBad
10623,4,539.07,4,539.0699999999999,2opt,notBad
10624,4,539.07,4,539.0699999999999,2opt,notBad
10625,4,539.07,4,539.0699999999999,move,improve
10626,4,539.07,4,539.0699999999999,2opt,notBad
10627,4,539.07,4,539.0699999999999,swap,notBad
10628,4,539.07,4,539.0699999999999,2opt,notBad
10629,4,539.07,4,539.0699999999999,move,improve
10630,4,539.07,4,539.0699999999999,move,improve
10631,4,539.07,4,539.0699999999999,swap,notBad
10632,4,539.07,4,539.0699999999999,move,improve
10633,4,539.07,4,539.0699999999999,2opt,notBad
10634,4,539.07,4,539.0699999999999,move,improve
10635,4,539.07,4,539.0699999999999,2opt,improve
10636,4,539.07,4,539.0699999999999,2opt,notBad
10637,4,539.07,4,539.0699999999999,move,improve
10638,4,539.07,4,539.0699999999999,move,improve
10639,4,539.07,4,539.0699999999999,move,improve
10640,4,539.07,4,539.0699999999999,swap,notBad
10641,4,539.07,4,539.0699999999999,2opt,notBad
10642,4,539.07,4,539.0699999999999,swap,notBad
10643,4,539.07,4,539.0699999999999,swap,notBad
10644,4,539.07,4,539.0699999999999,move,improve
10645,4,539.07,4,539.0699999999999,swap,notBad
10646,4,539.07,4,539.0699999999999,move,improve
10647,4,539.07,4,539.0699999999999,move,improve
10648,4,539.07,4,539.0699999999999,2opt,notBad
10649,4,539.07,4,539.0699999999999,move,improve
10650,4,539.07,4,539.0699999999999,move,improve
10651,4,539.07,4,539.0699999999999,2opt,notBad
10652,4,539.07,4,539.0699999999999,swap,notBad
10653,4,539.07,4,539.0699999999999,move,improve
10654,4,539.07,4,539.0699999999999,2opt,notBad
10655,4,539.07,4,539.0699999999999,swap,notBad
10656,4,539.07,4,539.0699999999999,2opt,notBad
10657,4,539.07,4,539.0699999999999,swap,notBad
10658,4,539.07,4,539.0699999999999,2opt,notBad
10659,4,539.07,4,539.0699999999999,move,improve
10660,4,539.07,4,539.0699999999999,move,improve
10661,4,539.07,4,539.0699999999999,move,improve
10662,4,539.07,4,539.0699999999999,2opt,improve
10663,4,539.07,4,539.0699999999999,move,improve
10664,4,539.07,4,539.0699999999999,2opt,notBad
10665,4,539.07,4,539.0699999999999,move,improve
10666,4,539.07,4,539.0699999999999,swap,notBad
10667,4,539.07,4,539.0699999999999,swap,notBad
10668,4,539.07,4,539.0699999999999,swap,notBad
10669,4,539.07,4,539.0699999999999,swap,notBad
10670,4,539.07,4,539.0699999999999,move,improve
10671,4,539.07,4,539.0699999999999,move,improve
10672,4,539.07,4,539.0699999999999,move,improve
10673,4,539.07,4,539.0699999999999,2opt,notBad
10674,4,539.07,4,539.0699999999999,move,improve
10675,4,539.07,4,539.0699999999999,2opt,notBad
10676,4,539.07,4,539.0699999999999,swap,notBad
10677,4,539.07,4,539.0699999999999,move,improve
10678,4,539.07,4,539.0699999999999,2opt,notBad
10679,4,539.07,4,539.0699999999999,2opt,notBad
10680,4,539.07,4,539.0699999999999,swap,notBad
10681,4,539.07,4,539.0699999999999,move,improve
10682,4,539.07,4,539.0699999999999,2opt,notBad
10683,4,539.07,4,539.0699999999999,2opt,notBad
10684,4,539.07,4,539.0699999999999,swap,notBad
10685,4,539.07,4,539.0699999999999,2opt,notBad
10686,4,539.07,4,539.0699999999999,swap,notBad
10687,4,539.07,4,539.0699999999999,2opt,notBad
10688,4,539.07,4,539.0699999999999,swap,notBad
10689,4,539.07,4,539.0699999999999,swap,notBad
10690,4,539.07,4,539.0699999999999,swap,notBad
10691,4,539.07,4,539.0699999999999,swap,notBad
10692,4,539.07,4,539.0699999999999,move,improve
10693,4,539.07,4,539.0699999999999,move,improve
10694,4,539.07,4,539.0699999999999,2opt,notBad
10695,4,539.07,4,539.0699999999999,move,improve
10696,4,539.07,4,539.0699999999999,swap,notBad
10697,4,539.07,4,539.0699999999999,2opt,notBad
10698,4,539.07,4,539.0699999999999,move,improve
10699,4,539.07,4,539.0699999999999,2opt,notBad
10700,4,539.07,4,539.0699999999999,2opt,notBad
10701,4,539.0699999999999,4,539.0699999999999,move,improve
10702,4,539.0699999999999,4,539.0699999999999,2opt,notBad
10703,4,539.0699999999999,4,539.0699999999999,move,improve
10704,4,539.0699999999999,4,539.0699999999999,move,improve
10705,4,539.0699999999999,4,539.0699999999999,2opt,notBad
10706,4,539.0699999999999,4,539.0699999999999,swap,notBad
10707,4,539.0699999999999,4,539.0699999999999,swap,notBad
10708,4,539.0699999999999,4,539.0699999999999,move,improve
10709,4,539.0699999999999,4,539.0699999999999,move,improve
10710,4,539.0699999999999,4,539.0699999999999,move,improve
10711,4,539.0699999999999,4,539.0699999999999,2opt,notBad
10712,4,539.0699999999999,4,539.0699999999999,move,improve
10713,4,539.0699999999999,4,539.0699999999999,move,improve
10714,4,539.0699999999999,4,539.0699999999999,move,improve
10715,4,539.0699999999999,4,539.0699999999999,2opt,improve
10716,4,539.0699999999999,4,539.0699999999999,2opt,notBad
10717,4,539.0699999999999,4,539.0699999999999,swap,notBad
10718,4,539.0699999999999,4,539.0699999999999,swap,notBad
10719,4,539.0699999999999,4,539.0699999999999,swap,notBad
10720,4,539.0699999999999,4,539.0699999999999,move,improve
10721,4,539.0699999999999,4,539.0699999999999,2opt,notBad
10722,4,539.0699999999999,4,539.0699999999999,swap,notBad
10723,4,539.0699999999999,4,539.0699999999999,swap,notBad
10724,4,539.0699999999999,4,539.0699999999999,move,improve
10725,4,539.0699999999999,4,539.0699999999999,swap,notBad
10726,4,539.0699999999999,4,539.0699999999999,move,improve
10727,4,539.07,4,539.0699999999999,move,acceptBad
10728,4,539.07,4,539.0699999999999,2opt,notBad
10729,4,539.07,4,539.0699999999999,swap,notBad
10730,4,539.07,4,539.0699999999999,move,improve
10731,4,539.07,4,539.0699999999999,swap,notBad
10732,4,539.07,4,539.0699999999999,move,improve
10733,4,539.07,4,539.0699999999999,2opt,notBad
10734,4,539.07,4,539.0699999999999,move,improve
10735,4,539.07,4,539.0699999999999,2opt,notBad
10736,4,539.07,4,539.0699999999999,swap,notBad
10737,4,539.07,4,539.0699999999999,2opt,notBad
10738,4,539.07,4,539.0699999999999,move,improve
10739,4,539.07,4,539.0699999999999,move,improve
10740,4,539.07,4,539.0699999999999,2opt,notBad
10741,4,539.07,4,539.0699999999999,2opt,notBad
10742,4,539.07,4,539.0699999999999,swap,notBad
10743,4,539.07,4,539.0699999999999,move,improve
10744,4,539.07,4,539.0699999999999,move,improve
10745,4,539.07,4,539.0699999999999,move,improve
10746,4,539.07,4,539.0699999999999,move,improve
10747,4,539.07,4,539.0699999999999,2opt,notBad
10748,4,539.07,4,539.0699999999999,2opt,notBad
10749,4,539.07,4,539.0699999999999,swap,notBad
10750,4,539.07,4,539.0699999999999,swap,notBad
10751,4,539.07,4,539.0699999999999,2opt,improve
10752,4,539.07,4,539.0699999999999,swap,notBad
10753,4,539.07,4,539.0699999999999,swap,notBad
10754,4,539.07,4,539.0699999999999,2opt,notBad
10755,4,539.07,4,539.0699999999999,move,improve
10756,4,539.07,4,539.0699999999999,swap,notBad
10757,4,539.07,4,539.0699999999999,swap,notBad
10758,4,539.07,4,539.0699999999999,swap,notBad
10759,4,539.07,4,539.0699999999999,move,improve
10760,4,539.07,4,539.0699999999999,move,improve
10761,4,539.07,4,539.0699999999999,move,improve
10762,4,539.07,4,539.0699999999999,move,improve
10763,4,539.07,4,539.0699999999999,swap,notBad
10764,4,539.07,4,539.0699999999999,2opt,notBad
10765,4,539.07,4,539.0699999999999,2opt,notBad
10766,4,539.07,4,539.0699999999999,move,improve
10767,4,539.07,4,539.0699999999999,2opt,notBad
10768,4,539.07,4,539.0699999999999,swap,notBad
10769,4,539.07,4,539.0699999999999,move,improve
10770,4,539.07,4,539.0699999999999,swap,notBad
10771,4,539.07,4,539.0699999999999,move,improve
10772,4,539.07,4,539.0699999999999,swap,notBad
10773,4,539.07,4,539.0699999999999,swap,notBad
10774,4,539.07,4,539.0699999999999,move,improve
10775,4,539.07,4,539.0699999999999,swap,notBad
10776,4,539.0699999999999,4,539.0699999999999,move,improve
10777,4,539.6100000000001,4,539.0699999999999,swap,acceptBad
10778,4,539.6100000000001,4,539.0699999999999,swap,notBad
10779,4,539.6100000000001,4,539.0699999999999,move,improve
10780,4,539.6100000000001,4,539.0699999999999,move,improve
10781,4,539.6100000000001,4,539.0699999999999,move,improve
10782,4,539.6100000000001,4,539.0699999999999,swap,notBad
10783,4,539.6100000000001,4,539.0699999999999,2opt,notBad
10784,4,539.6100000000001,4,539.0699999999999,swap,notBad
10785,4,539.6100000000001,4,539.0699999999999,move,improve
10786,4,539.6100000000001,4,539.0699999999999,move,improve
10787,4,539.6100000000001,4,539.0699999999999,move,improve
10788,4,539.6100000000001,4,539.0699999999999,swap,notBad
10789,4,539.6100000000001,4,539.0699999999999,2opt,notBad
10790,4,539.6100000000001,4,539.0699999999999,swap,notBad
10791,4,539.6100000000001,4,539.0699999999999,swap,notBad
10792,4,539.52,4,539.0699999999999,move,improve
10793,4,539.52,4,539.0699999999999,2opt,notBad
10794,4,539.52,4,539.0699999999999,swap,notBad
10795,4,539.52,4,539.0699999999999,2opt,notBad
10796,4,539.52,4,539.0699999999999,move,improve
10797,4,539.52,4,539.0699999999999,swap,notBad
10798,4,539.52,4,539.0699999999999,move,improve
10799,4,539.52,4,539.0699999999999,move,improve
10800,4,539.52,4,539.0699999999999,swap,notBad
10801,4,539.52,4,539.0699999999999,move,improve
10802,4,539.52,4,539.0699999999999,swap,notBad
10803,4,539.52,4,539.0699999999999,move,improve
10804,4,539.52,4,539.0699999999999,2opt,notBad
10805,4,539.52,4,539.0699999999999,swap,notBad
10806,4,539.52,4,539.0699999999999,2opt,notBad
10807,4,539.52,4,539.0699999999999,2opt,notBad
10808,4,539.52,4,539.0699999999999,move,improve
10809,4,539.52,4,539.0699999999999,2opt,notBad
10810,4,539.52,4,539.0699999999999,2opt,notBad
10811,4,539.52,4,539.0699999999999,move,improve
10812,4,539.52,4,539.0699999999999,swap,notBad
10813,4,539.52,4,539.0699999999999,swap,notBad
10814,4,539.52,4,539.0699999999999,move,improve
10815,4,539.52,4,539.0699999999999,move,improve
10816,4,539.52,4,539.0699999999999,2opt,notBad
10817,4,539.52,4,539.0699999999999,swap,notBad
10818,4,539.52,4,539.0699999999999,move,improve
10819,4,539.52,4,539.0699999999999,2opt,improve
10820,4,539.52,4,539.0699999999999,swap,notBad
10821,4,539.52,4,539.0699999999999,move,improve
10822,4,539.52,4,539.0699999999999,swap,notBad
10823,4,539.52,4,539.0699999999999,swap,notBad
10824,4,539.52,4,539.0699999999999,swap,notBad
10825,4,539.52,4,539.0699999999999,move,improve
10826,4,539.52,4,539.0699999999999,swap,notBad
10827,4,539.52,4,539.0699999999999,swap,notBad
10828,4,539.52,4,539.0699999999999,move,improve
10829,4,539.52,4,539.0699999999999,move,improve
10830,4,539.52,4,539.0699999999999,swap,notBad
10831,4,539.52,4,539.0699999999999,2opt,notBad
10832,4,539.52,4,539.0699999999999,2opt,notBad
10833,4,539.52,4,539.0699999999999,swap,notBad
10834,4,539.52,4,539.0699999999999,move,improve
10835,4,539.52,4,539.0699999999999,swap,notBad
10836,4,539.52,4,539.0699999999999,2opt,notBad
10837,4,539.52,4,539.0699999999999,swap,notBad
10838,4,539.52,4,539.0699999999999,move,improve
10839,4,539.52,4,539.0699999999999,2opt,notBad
10840,4,539.52,4,539.0699999999999,move,improve
10841,4,539.52,4,539.0699999999999,swap,notBad
10842,4,539.52,4,539.0699999999999,2opt,notBad
10843,4,539.52,4,539.0699999999999,2opt,notBad
10844,4,539.52,4,539.0699999999999,swap,notBad
10845,4,539.52,4,539.0699999999999,2opt,notBad
10846,4,539.52,4,539.0699999999999,move,improve
10847,4,539.0699999999999,4,539.0699999999999,move,improve
10848,4,539.0699999999999,4,539.0699999999999,swap,notBad
10849,4,539.0699999999999,4,539.0699999999999,swap,notBad
10850,4,539.0699999999999,4,539.0699999999999,move,improve
10851,4,539.0699999999999,4,539.0699999999999,swap,notBad
10852,4,539.0699999999999,4,539.0699999999999,swap,notBad
10853,4,539.0699999999999,4,539.0699999999999,2opt,notBad
10854,4,539.0699999999999,4,539.0699999999999,move,improve
10855,4,539.0699999999999,4,539.0699999999999,swap,notBad
10856,4,539.0699999999999,4,539.0699999999999,move,improve
10857,4,539.0699999999999,4,539.0699999999999,swap,notBad
10858,4,539.0699999999999,4,539.0699999999999,swap,notBad
10859,4,539.0699999999999,4,539.0699999999999,swap,notBad
10860,4,539.0699999999999,4,539.0699999999999,2opt,notBad
10861,4,539.0699999999999,4,539.0699999999999,move,improve
10862,4,539.0699999999999,4,539.0699999999999,2opt,notBad
10863,4,539.0699999999999,4,539.0699999999999,swap,notBad
10864,4,539.0699999999999,4,539.0699999999999,swap,notBad
10865,4,539.0699999999999,4,539.0699999999999,2opt,notBad
10866,4,539.0699999999999,4,539.0699999999999,move,improve
10867,4,539.0699999999999,4,539.0699999999999,move,improve
10868,4,539.0699999999999,4,539.0699999999999,2opt,notBad
10869,4,539.0699999999999,4,539.0699999999999,2opt,notBad
10870,4,539.0699999999999,4,539.0699999999999,move,improve
10871,4,539.0699999999999,4,539.0699999999999,swap,notBad
10872,4,539.0699999999999,4,539.0699999999999,move,improve
10873,4,539.0699999999999,4,539.0699999999999,move,improve
10874,4,539.0699999999999,4,539.0699999999999,2opt,notBad
10875,4,539.0699999999999,4,539.0699999999999,move,improve
10876,4,539.0699999999999,4,539.0699999999999,swap,notBad
10877,4,539.0699999999999,4,539.0699999999999,swap,notBad
10878,4,539.0699999999999,4,539.0699999999999,2opt,notBad
10879,4,539.0699999999999,4,539.0699999999999,2opt,notBad
10880,4,539.0699999999999,4,539.0699999999999,move,improve
10881,4,539.0699999999999,4,539.0699999999999,move,improve
10882,4,539.0699999999999,4,539.0699999999999,move,improve
10883,4,539.0699999999999,4,539.0699999999999,2opt,notBad
10884,4,539.0699999999999,4,539.0699999999999,2opt,notBad
10885,4,539.0699999999999,4,539.0699999999999,2opt,notBad
10886,4,539.0699999999999,4,539.0699999999999,swap,notBad
10887,4,539.0699999999999,4,539.0699999999999,swap,notBad
10888,4,539.0699999999999,4,539.0699999999999,move,improve
10889,4,539.0699999999999,4,539.0699999999999,2opt,notBad
10890,4,539.0699999999999,4,539.0699999999999,2opt,notBad
10891,4,539.0699999999999,4,539.0699999999999,move,improve
10892,4,539.0699999999999,4,539.0699999999999,swap,notBad
10893,4,539.0699999999999,4,539.0699999999999,move,improve
10894,4,539.0699999999999,4,539.0699999999999,move,improve
10895,4,539.0699999999999,4,539.0699999999999,swap,notBad
10896,4,539.0699999999999,4,539.0699999999999,move,improve
10897,4,539.0699999999999,4,539.0699999999999,move,improve
10898,4,539.0699999999999,4,539.0699999999999,move,improve
10899,4,539.0699999999999,4,539.0699999999999,move,improve
10900,4,539.0699999999999,4,539.0699999999999,move,improve
10901,4,539.0699999999999,4,539.0699999999999,move,improve
10902,4,539.0699999999999,4,539.0699999999999,2opt,notBad
10903,4,539.0699999999999,4,539.0699999999999,swap,notBad
10904,4,539.0699999999999,4,539.0699999999999,swap,notBad
10905,4,539.0699999999999,4,539.0699999999999,swap,notBad
10906,4,539.0699999999999,4,539.0699999999999,move,improve
10907,4,539.0699999999999,4,539.0699999999999,swap,notBad
10908,4,539.0699999999999,4,539.0699999999999,2opt,notBad
10909,4,539.0699999999999,4,539.0699999999999,swap,notBad
10910,4,539.0699999999999,4,539.0699999999999,swap,notBad
10911,4,539.0699999999999,4,539.0699999999999,move,improve
10912,4,539.0699999999999,4,539.0699999999999,move,improve
10913,4,539.0699999999999,4,539.0699999999999,2opt,notBad
10914,4,539.0699999999999,4,539.0699999999999,swap,notBad
10915,4,539.0699999999999,4,539.0699999999999,swap,notBad
10916,4,539.0699999999999,4,539.0699999999999,2opt,notBad
10917,4,539.0699999999999,4,539.0699999999999,swap,notBad
10918,4,539.0699999999999,4,539.0699999999999,2opt,notBad
10919,4,539.0699999999999,4,539.0699999999999,2opt,notBad
10920,4,539.0699999999999,4,539.0699999999999,swap,notBad
10921,4,539.0699999999999,4,539.0699999999999,move,improve
10922,4,539.0699999999999,4,539.0699999999999,move,improve
10923,4,539.0699999999999,4,539.0699999999999,swap,notBad
10924,4,539.0699999999999,4,539.0699999999999,move,improve
10925,4,539.0699999999999,4,539.0699999999999,2opt,notBad
10926,4,539.0699999999999,4,539.0699999999999,swap,notBad
10927,4,539.0699999999999,4,539.0699999999999,swap,notBad
10928,4,539.0699999999999,4,539.0699999999999,move,improve
10929,4,539.0699999999999,4,539.0699999999999,swap,notBad
10930,4,539.0699999999999,4,539.0699999999999,swap,notBad
10931,4,539.0699999999999,4,539.0699999999999,swap,notBad
10932,4,539.0699999999999,4,539.0699999999999,2opt,notBad
10933,4,539.0699999999999,4,539.0699999999999,2opt,notBad
10934,4,539.0699999999999,4,539.0699999999999,2opt,notBad
10935,4,539.0699999999999,4,539.0699999999999,2opt,notBad
10936,4,539.0699999999999,4,539.0699999999999,swap,notBad
10937,4,539.0699999999999,4,539.0699999999999,move,improve
10938,4,539.0699999999999,4,539.0699999999999,2opt,notBad
10939,4,539.0699999999999,4,539.0699999999999,move,improve
10940,4,539.0699999999999,4,539.0699999999999,swap,notBad
10941,4,539.0699999999999,4,539.0699999999999,swap,notBad
10942,4,539.0699999999999,4,539.0699999999999,swap,notBad
10943,4,539.0699999999999,4,539.0699999999999,move,improve
10944,4,539.0699999999999,4,539.0699999999999,2opt,notBad
10945,4,539.0699999999999,4,539.0699999999999,move,improve
10946,4,539.0699999999999,4,539.0699999999999,swap,notBad
10947,4,539.0699999999999,4,539.0699999999999,move,improve
10948,4,539.0699999999999,4,539.0699999999999,2opt,notBad
10949,4,539.0699999999999,4,539.0699999999999,2opt,notBad
10950,4,539.0699999999999,4,539.0699999999999,swap,notBad
10951,4,539.0699999999999,4,539.0699999999999,swap,notBad
10952,4,539.0699999999999,4,539.0699999999999,2opt,notBad
10953,4,539.0699999999999,4,539.0699999999999,move,improve
10954,4,539.0699999999999,4,539.0699999999999,2opt,notBad
10955,4,539.0699999999999,4,539.0699999999999,2opt,improve
10956,4,539.0699999999999,4,539.0699999999999,2opt,notBad
10957,4,539.0699999999999,4,539.0699999999999,move,improve
10958,4,539.0699999999999,4,539.0699999999999,2opt,notBad
10959,4,539.0699999999999,4,539.0699999999999,move,improve
10960,4,539.0699999999999,4,539.0699999999999,swap,notBad
10961,4,539.0699999999999,4,539.0699999999999,swap,notBad
10962,4,539.0699999999999,4,539.0699999999999,move,improve
10963,4,539.0699999999999,4,539.0699999999999,swap,notBad
10964,4,539.0699999999999,4,539.0699999999999,2opt,notBad
10965,4,539.0699999999999,4,539.0699999999999,move,improve
10966,4,539.0699999999999,4,539.0699999999999,move,improve
10967,4,539.0699999999999,4,539.0699999999999,2opt,notBad
10968,4,539.0699999999999,4,539.0699999999999,swap,notBad
10969,4,539.0699999999999,4,539.0699999999999,swap,notBad
10970,4,539.0699999999999,4,539.0699999999999,swap,notBad
10971,4,539.0699999999999,4,539.0699999999999,2opt,notBad
10972,4,539.0699999999999,4,539.0699999999999,swap,notBad
10973,4,539.0699999999999,4,539.0699999999999,swap,notBad
10974,4,539.0699999999999,4,539.0699999999999,swap,notBad
10975,4,539.0699999999999,4,539.0699999999999,swap,notBad
10976,4,539.0699999999999,4,539.0699999999999,2opt,notBad
10977,4,539.0699999999999,4,539.0699999999999,move,improve
10978,4,539.0699999999999,4,539.0699999999999,2opt,notBad
10979,4,539.0699999999999,4,539.0699999999999,2opt,notBad
10980,4,539.0699999999999,4,539.0699999999999,swap,notBad
10981,4,539.0699999999999,4,539.0699999999999,2opt,notBad
10982,4,539.0699999999999,4,539.0699999999999,2opt,notBad
10983,4,539.0699999999999,4,539.0699999999999,swap,notBad
10984,4,539.0699999999999,4,539.0699999999999,2opt,notBad
10985,4,539.0699999999999,4,539.0699999999999,swap,notBad
10986,4,539.0699999999999,4,539.0699999999999,move,improve
10987,4,539.0699999999999,4,539.0699999999999,2opt,notBad
10988,4,539.0699999999999,4,539.0699999999999,swap,notBad
10989,4,539.0699999999999,4,539.0699999999999,move,improve
10990,4,539.0699999999999,4,539.0699999999999,2opt,notBad
10991,4,539.0699999999999,4,539.0699999999999,move,improve
10992,4,539.0699999999999,4,539.0699999999999,2opt,improve
10993,4,539.0699999999999,4,539.0699999999999,2opt,notBad
10994,4,539.0699999999999,4,539.0699999999999,move,improve
10995,4,539.0699999999999,4,539.0699999999999,swap,notBad
10996,4,539.0699999999999,4,539.0699999999999,swap,notBad
10997,4,539.0699999999999,4,539.0699999999999,swap,notBad
10998,4,539.0699999999999,4,539.0699999999999,2opt,notBad
10999,4,539.0699999999999,4,539.0699999999999,move,improve
11000,4,539.0699999999999,4,539.0699999999999,move,improve
11001,4,539.0699999999999,4,539.0699999999999,2opt,notBad
11002,4,539.0699999999999,4,539.0699999999999,swap,notBad
11003,4,539.0699999999999,4,539.0699999999999,move,improve
11004,4,539.0699999999999,4,539.0699999999999,swap,notBad
11005,4,539.0699999999999,4,539.0699999999999,2opt,notBad
11006,4,539.0699999999999,4,539.0699999999999,move,improve
11007,4,539.0699999999999,4,539.0699999999999,swap,notBad
11008,4,539.0699999999999,4,539.0699999999999,swap,notBad
11009,4,539.0699999999999,4,539.0699999999999,move,improve
11010,4,539.0699999999999,4,539.0699999999999,swap,notBad
11011,4,539.0699999999999,4,539.0699999999999,swap,notBad
11012,4,539.0699999999999,4,539.0699999999999,move,improve
11013,4,539.0699999999999,4,539.0699999999999,move,improve
11014,4,539.0699999999999,4,539.0699999999999,2opt,notBad
11015,4,539.0699999999999,4,539.0699999999999,2opt,notBad
11016,4,539.0699999999999,4,539.0699999999999,swap,notBad
11017,4,539.0699999999999,4,539.0699999999999,swap,notBad
11018,4,539.0699999999999,4,539.0699999999999,2opt,notBad
11019,4,539.0699999999999,4,539.0699999999999,swap,notBad
11020,4,539.0699999999999,4,539.0699999999999,2opt,notBad
11021,4,539.0699999999999,4,539.0699999999999,swap,notBad
11022,4,539.0699999999999,4,539.0699999999999,2opt,notBad
11023,4,539.07,4,539.0699999999999,move,acceptBad
11024,4,539.07,4,539.0699999999999,move,improve
11025,4,539.07,4,539.0699999999999,move,improve
11026,4,539.07,4,539.0699999999999,2opt,notBad
11027,4,539.07,4,539.0699999999999,move,improve
11028,4,539.07,4,539.0699999999999,swap,notBad
11029,4,539.07,4,539.0699999999999,swap,notBad
11030,4,539.07,4,539.0699999999999,move,improve
11031,4,539.07,4,539.0699999999999,2opt,notBad
11032,4,539.07,4,539.0699999999999,move,improve
11033,4,539.07,4,539.0699999999999,swap,notBad
11034,4,539.07,4,539.0699999999999,swap,notBad
11035,4,539.07,4,539.0699999999999,move,improve
11036,4,539.07,4,539.0699999999999,2opt,notBad
11037,4,539.07,4,539.0699999999999,swap,notBad
11038,4,539.07,4,539.0699999999999,move,improve
11039,4,539.07,4,539.0699999999999,2opt,notBad
11040,4,539.07,4,539.0699999999999,swap,notBad
11041,4,539.07,4,539.0699999999999,2opt,notBad
11042,4,539.07,4,539.0699999999999,swap,notBad
11043,4,539.07,4,539.0699999999999,2opt,notBad
11044,4,539.07,4,539.0699999999999,swap,notBad
11045,4,539.07,4,539.0699999999999,2opt,notBad
11046,4,539.07,4,539.0699999999999,swap,notBad
11047,4,539.07,4,539.0699999999999,move,improve
11048,4,539.07,4,539.0699999999999,2opt,notBad
11049,4,539.07,4,539.0699999999999,swap,notBad
11050,4,539.52,4,539.0699999999999,swap,acceptBad
11051,4,539.52,4,539.0699999999999,2opt,notBad
11052,4,539.52,4,539.0699999999999,move,improve
11053,4,539.52,4,539.0699999999999,move,improve
11054,4,539.52,4,539.0699999999999,move,improve
11055,4,539.52,4,539.0699999999999,move,improve
11056,4,539.52,4,539.0699999999999,2opt,notBad
11057,4,539.52,4,539.0699999999999,swap,notBad
11058,4,539.52,4,539.0699999999999,swap,notBad
11059,4,539.52,4,539.0699999999999,swap,notBad
11060,4,539.52,4,539.0699999999999,2opt,notBad
11061,4,539.52,4,539.0699999999999,swap,notBad
11062,4,539.52,4,539.0699999999999,2opt,notBad
11063,4,539.52,4,539.0699999999999,2opt,improve
11064,4,539.52,4,539.0699999999999,move,improve
11065,4,539.52,4,539.0699999999999,move,improve
11066,4,539.52,4,539.0699999999999,2opt,notBad
11067,4,539.52,4,539.0699999999999,move,improve
11068,4,539.52,4,539.0699999999999,2opt,notBad
11069,4,539.52,4,539.0699999999999,swap,notBad
11070,4,539.52,4,539.0699999999999,2opt,notBad
11071,4,539.52,4,539.0699999999999,2opt,notBad
11072,4,539.52,4,539.0699999999999,2opt,notBad
11073,4,539.52,4,539.0699999999999,move,improve
11074,4,539.52,4,539.0699999999999,swap,notBad
11075,4,539.52,4,539.0699999999999,swap,notBad
11076,4,539.52,4,539.0699999999999,swap,notBad
11077,4,539.52,4,539.0699999999999,move,improve
11078,4,539.52,4,539.0699999999999,move,improve
11079,4,539.52,4,539.0699999999999,move,improve
11080,4,539.52,4,539.0699999999999,2opt,notBad
11081,4,539.52,4,539.0699999999999,2opt,notBad
11082,4,539.52,4,539.0699999999999,2opt,improve
11083,4,539.52,4,539.0699999999999,2opt,notBad
11084,4,539.52,4,539.0699999999999,move,improve
11085,4,539.52,4,539.0699999999999,2opt,notBad
11086,4,539.52,4,539.0699999999999,2opt,notBad
11087,4,539.52,4,539.0699999999999,2opt,notBad
11088,4,539.52,4,539.0699999999999,2opt,notBad
11089,4,539.52,4,539.0699999999999,2opt,notBad
11090,4,539.52,4,539.0699999999999,move,improve
11091,4,539.52,4,539.0699999999999,move,improve
11092,4,539.52,4,539.0699999999999,move,improve
11093,4,539.52,4,539.0699999999999,swap,notBad
11094,4,539.52,4,539.0699999999999,move,improve
11095,4,539.52,4,539.0699999999999,swap,notBad
11096,4,539.52,4,539.0699999999999,move,improve
11097,4,539.52,4,539.0699999999999,2opt,notBad
11098,4,539.52,4,539.0699999999999,2opt,notBad
11099,4,539.52,4,539.0699999999999,move,improve
11100,4,539.52,4,539.0699999999999,2opt,notBad
11101,4,539.52,4,539.0699999999999,2opt,notBad
11102,4,539.52,4,539.0699999999999,swap,notBad
11103,4,539.52,4,539.0699999999999,move,improve
11104,4,539.52,4,539.0699999999999,2opt,notBad
11105,4,539.52,4,539.0699999999999,swap,notBad
11106,4,539.52,4,539.0699999999999,swap,notBad
11107,4,539.52,4,539.0699999999999,2opt,improve
11108,4,539.52,4,539.0699999999999,move,improve
11109,4,539.52,4,539.0699999999999,swap,notBad
11110,4,539.52,4,539.0699999999999,swap,notBad
11111,4,539.52,4,539.0699999999999,2opt,notBad
11112,4,539.52,4,539.0699999999999,swap,notBad
11113,4,539.52,4,539.0699999999999,move,improve
11114,4,539.52,4,539.0699999999999,swap,notBad
11115,4,539.52,4,539.0699999999999,move,improve
11116,4,539.52,4,539.0699999999999,2opt,notBad
11117,4,539.52,4,539.0699999999999,move,improve
11118,4,539.52,4,539.0699999999999,swap,notBad
11119,4,539.52,4,539.0699999999999,move,improve
11120,4,539.52,4,539.0699999999999,swap,notBad
11121,4,539.52,4,539.0699999999999,2opt,notBad
11122,4,539.52,4,539.0699999999999,move,improve
11123,4,539.52,4,539.0699999999999,swap,notBad
11124,4,539.52,4,539.0699999999999,move,improve
11125,4,539.52,4,539.0699999999999,2opt,notBad
11126,4,539.52,4,539.0699999999999,2opt,notBad
11127,4,539.52,4,539.0699999999999,swap,notBad
11128,4,539.52,4,539.0699999999999,2opt,notBad
11129,4,539.52,4,539.0699999999999,swap,notBad
11130,4,539.52,4,539.0699999999999,2opt,notBad
11131,4,539.52,4,539.0699999999999,move,improve
11132,4,539.52,4,539.0699999999999,2opt,notBad
11133,4,539.52,4,539.0699999999999,2opt,notBad
11134,4,539.52,4,539.0699999999999,2opt,notBad
11135,4,539.52,4,539.0699999999999,2opt,notBad
11136,4,539.52,4,539.0699999999999,2opt,improve
11137,4,539.52,4,539.0699999999999,swap,notBad
11138,4,539.52,4,539.0699999999999,move,improve
11139,4,539.52,4,539.0699999999999,swap,notBad
11140,4,539.52,4,539.0699999999999,move,improve
11141,4,539.52,4,539.0699999999999,swap,notBad
11142,4,539.52,4,539.0699999999999,move,improve
11143,4,539.52,4,539.0699999999999,swap,notBad
11144,4,539.52,4,539.0699999999999,2opt,notBad
11145,4,539.52,4,539.0699999999999,2opt,notBad
11146,4,539.52,4,539.0699999999999,move,improve
11147,4,539.52,4,539.0699999999999,2opt,notBad
11148,4,539.52,4,539.0699999999999,2opt,notBad
11149,4,539.52,4,539.0699999999999,2opt,notBad
11150,4,539.52,4,539.0699999999999,2opt,notBad
11151,4,539.52,4,539.0699999999999,swap,notBad
11152,4,539.52,4,539.0699999999999,2opt,notBad
11153,4,539.52,4,539.0699999999999,move,improve
11154,4,539.52,4,539.0699999999999,swap,notBad
11155,4,539.52,4,539.0699999999999,move,improve
11156,4,539.52,4,539.0699999999999,move,improve
11157,4,539.52,4,539.0699999999999,2opt,notBad
11158,4,539.52,4,539.0699999999999,2opt,notBad
11159,4,539.52,4,539.0699999999999,swap,notBad
11160,4,539.52,4,539.0699999999999,move,improve
11161,4,539.52,4,539.0699999999999,move,improve
11162,4,539.52,4,539.0699999999999,2opt,notBad
11163,4,539.52,4,539.0699999999999,2opt,notBad
11164,4,539.52,4,539.0699999999999,swap,notBad
11165,4,539.52,4,539.0699999999999,2opt,notBad
11166,4,539.52,4,539.0699999999999,swap,notBad
11167,4,539.52,4,539.0699999999999,2opt,improve
11168,4,539.52,4,539.0699999999999,swap,notBad
11169,4,539.52,4,539.0699999999999,2opt,notBad
11170,4,539.52,4,539.0699999999999,2opt,notBad
11171,4,539.52,4,539.0699999999999,swap,notBad
11172,4,539.52,4,539.0699999999999,2opt,notBad
11173,4,539.52,4,539.0699999999999,2opt,notBad
11174,4,539.52,4,539.0699999999999,swap,notBad
11175,4,539.52,4,539.0699999999999,2opt,notBad
11176,4,539.52,4,539.0699999999999,swap,notBad
11177,4,539.52,4,539.0699999999999,2opt,notBad
11178,4,539.52,4,539.0699999999999,move,improve
11179,4,539.52,4,539.0699999999999,move,improve
11180,4,539.52,4,539.0699999999999,swap,notBad
11181,4,539.52,4,539.0699999999999,2opt,notBad
11182,4,539.52,4,539.0699999999999,move,improve
11183,4,539.52,4,539.0699999999999,swap,notBad
11184,4,539.52,4,539.0699999999999,swap,notBad
11185,4,539.52,4,539.0699999999999,2opt,notBad
11186,4,539.52,4,539.0699999999999,swap,notBad
11187,4,539.52,4,539.0699999999999,2opt,notBad
11188,4,539.52,4,539.0699999999999,2opt,notBad
11189,4,539.52,4,539.0699999999999,move,improve
11190,4,539.52,4,539.0699999999999,2opt,notBad
11191,4,539.52,4,539.0699999999999,2opt,notBad
11192,4,539.52,4,539.0699999999999,2opt,notBad
11193,4,539.52,4,539.0699999999999,swap,notBad
11194,4,539.52,4,539.0699999999999,move,improve
11195,4,539.52,4,539.0699999999999,move,improve
11196,4,539.52,4,539.0699999999999,move,improve
11197,4,539.52,4,539.0699999999999,swap,notBad
11198,4,539.52,4,539.0699999999999,move,improve
11199,4,539.52,4,539.0699999999999,move,improve
11200,4,539.52,4,539.0699999999999,swap,notBad
11201,4,539.52,4,539.0699999999999,2opt,notBad
11202,4,539.52,4,539.0699999999999,move,improve
11203,4,539.52,4,539.0699999999999,2opt,notBad
11204,4,539.52,4,539.0699999999999,2opt,notBad
11205,4,539.52,4,539.0699999999999,move,improve
11206,4,539.52,4,539.0699999999999,2opt,notBad
11207,4,539.52,4,539.0699999999999,swap,notBad
11208,4,539.52,4,539.0699999999999,swap,notBad
11209,4,539.52,4,539.0699999999999,2opt,notBad
11210,4,539.52,4,539.0699999999999,swap,notBad
11211,4,539.52,4,539.0699999999999,move,improve
11212,4,539.52,4,539.0699999999999,2opt,notBad
11213,4,539.52,4,539.0699999999999,swap,notBad
11214,4,539.52,4,539.0699999999999,2opt,improve
11215,4,539.52,4,539.0699999999999,2opt,notBad
11216,4,539.52,4,539.0699999999999,move,improve
11217,4,539.52,4,539.0699999999999,move,improve
11218,4,539.52,4,539.0699999999999,2opt,notBad
11219,4,539.52,4,539.0699999999999,swap,notBad
11220,4,539.52,4,539.0699999999999,swap,notBad
11221,4,539.52,4,539.0699999999999,swap,notBad
11222,4,539.52,4,539.0699999999999,swap,notBad
11223,4,539.52,4,539.0699999999999,swap,notBad
11224,4,539.52,4,539.0699999999999,swap,notBad
11225,4,539.52,4,539.0699999999999,swap,notBad
11226,4,539.52,4,539.0699999999999,swap,notBad
11227,4,539.52,4,539.0699999999999,move,improve
11228,4,539.52,4,539.0699999999999,swap,notBad
11229,4,539.52,4,539.0699999999999,2opt,notBad
11230,4,539.52,4,539.0699999999999,swap,notBad
11231,4,539.52,4,539.0699999999999,move,improve
11232,4,539.52,4,539.0699999999999,swap,notBad
11233,4,539.52,4,539.0699999999999,2opt,improve
11234,4,539.52,4,539.0699999999999,move,improve
11235,4,539.52,4,539.0699999999999,move,improve
11236,4,539.52,4,539.0699999999999,2opt,notBad
11237,4,539.52,4,539.0699999999999,move,improve
11238,4,539.52,4,539.0699999999999,swap,notBad
11239,4,539.52,4,539.0699999999999,move,improve
11240,4,539.52,4,539.0699999999999,swap,notBad
11241,4,539.52,4,539.0699999999999,swap,notBad
11242,4,539.52,4,539.0699999999999,2opt,notBad
11243,4,539.52,4,539.0699999999999,2opt,notBad
11244,4,539.52,4,539.0699999999999,move,improve
11245,4,539.52,4,539.0699999999999,move,improve
11246,4,539.52,4,539.0699999999999,move,improve
11247,4,539.52,4,539.0699999999999,swap,notBad
11248,4,539.52,4,539.0699999999999,swap,notBad
11249,4,539.52,4,539.0699999999999,swap,notBad
11250,4,539.52,4,539.0699999999999,2opt,notBad
11251,4,539.52,4,539.0699999999999,move,improve
11252,4,539.52,4,539.0699999999999,move,improve
11253,4,539.52,4,539.0699999999999,move,improve
11254,4,539.52,4,539.0699999999999,swap,notBad
11255,4,539.52,4,539.0699999999999,2opt,notBad
11256,4,539.52,4,539.0699999999999,swap,notBad
11257,4,539.52,4,539.0699999999999,swap,notBad
11258,4,539.52,4,539.0699999999999,swap,notBad
11259,4,539.52,4,539.0699999999999,2opt,notBad
11260,4,539.52,4,539.0699999999999,2opt,notBad
11261,4,539.52,4,539.0699999999999,swap,notBad
11262,4,539.52,4,539.0699999999999,move,improve
11263,4,539.52,4,539.0699999999999,swap,notBad
11264,4,539.52,4,539.0699999999999,swap,notBad
11265,4,539.52,4,539.0699999999999,move,improve
11266,4,539.52,4,539.0699999999999,move,improve
11267,4,539.52,4,539.0699999999999,2opt,notBad
11268,4,539.52,4,539.0699999999999,swap,notBad
11269,4,539.52,4,539.0699999999999,swap,notBad
11270,4,539.52,4,539.0699999999999,move,improve
11271,4,539.52,4,539.0699999999999,swap,notBad
11272,4,539.52,4,539.0699999999999,move,improve
11273,4,539.52,4,539.0699999999999,2opt,notBad
11274,4,539.52,4,539.0699999999999,swap,notBad
11275,4,539.52,4,539.0699999999999,swap,notBad
11276,4,539.52,4,539.0699999999999,move,improve
11277,4,539.52,4,539.0699999999999,move,improve
11278,4,539.52,4,539.0699999999999,2opt,notBad
11279,4,539.52,4,539.0699999999999,2opt,notBad
11280,4,539.52,4,539.0699999999999,2opt,improve
11281,4,539.52,4,539.0699999999999,2opt,notBad
11282,4,539.52,4,539.0699999999999,2opt,notBad
11283,4,539.52,4,539.0699999999999,2opt,notBad
11284,4,539.52,4,539.0699999999999,swap,notBad
11285,4,539.52,4,539.0699999999999,move,improve
11286,4,539.52,4,539.0699999999999,2opt,notBad
11287,4,539.52,4,539.0699999999999,swap,notBad
11288,4,539.52,4,539.0699999999999,swap,notBad
11289,4,539.52,4,539.0699999999999,swap,notBad
11290,4,539.52,4,539.0699999999999,swap,notBad
11291,4,539.52,4,539.0699999999999,swap,notBad
11292,4,539.52,4,539.0699999999999,2opt,notBad
11293,4,539.52,4,539.0699999999999,2opt,notBad
11294,4,539.52,4,539.0699999999999,2opt,notBad
11295,4,539.52,4,539.0699999999999,swap,notBad
11296,4,539.52,4,539.0699999999999,2opt,notBad
11297,4,539.52,4,539.0699999999999,move,improve
11298,4,539.52,4,539.0699999999999,move,improve
11299,4,539.52,4,539.0699999999999,2opt,notBad
11300,4,539.52,4,539.0699999999999,2opt,notBad
11301,4,539.52,4,539.0699999999999,swap,notBad
11302,4,539.52,4,539.0699999999999,move,improve
11303,4,539.52,4,539.0699999999999,2opt,notBad
11304,4,539.52,4,539.0699999999999,2opt,notBad
11305,4,539.52,4,539.0699999999999,2opt,notBad
11306,4,539.52,4,539.0699999999999,move,improve
11307,4,539.52,4,539.0699999999999,swap,notBad
11308,4,539.52,4,539.0699999999999,2opt,notBad
11309,4,539.52,4,539.0699999999999,2opt,notBad
11310,4,539.52,4,539.0699999999999,2opt,notBad
11311,4,539.52,4,539.0699999999999,swap,notBad
11312,4,539.52,4,539.0699999999999,move,improve
11313,4,539.52,4,539.0699999999999,swap,notBad
11314,4,539.52,4,539.0699999999999,2opt,notBad
11315,4,539.52,4,539.0699999999999,2opt,notBad
11316,4,539.52,4,539.0699999999999,2opt,notBad
11317,4,539.52,4,539.0699999999999,2opt,notBad
11318,4,539.52,4,539.0699999999999,move,improve
11319,4,539.52,4,539.0699999999999,2opt,notBad
11320,4,539.52,4,539.0699999999999,2opt,notBad
11321,4,539.52,4,539.0699999999999,2opt,notBad
11322,4,539.52,4,539.0699999999999,2opt,notBad
11323,4,539.52,4,539.0699999999999,2opt,notBad
11324,4,539.52,4,539.0699999999999,2opt,notBad
11325,4,539.52,4,539.0699999999999,move,improve
11326,4,539.52,4,539.0699999999999,move,improve
11327,4,539.52,4,539.0699999999999,2opt,notBad
11328,4,539.52,4,539.0699999999999,2opt,notBad
11329,4,539.52,4,539.0699999999999,move,improve
11330,4,539.52,4,539.0699999999999,move,improve
11331,4,539.52,4,539.0699999999999,move,improve
11332,4,539.52,4,539.0699999999999,2opt,notBad
11333,4,539.52,4,539.0699999999999,2opt,notBad
11334,4,539.52,4,539.0699999999999,2opt,notBad
11335,4,539.52,4,539.0699999999999,2opt,notBad
11336,4,539.52,4,539.0699999999999,2opt,notBad
11337,4,539.52,4,539.0699999999999,move,improve
11338,4,539.52,4,539.0699999999999,2opt,improve
11339,4,539.52,4,539.0699999999999,2opt,notBad
11340,4,539.52,4,539.0699999999999,move,improve
11341,4,539.52,4,539.0699999999999,2opt,notBad
11342,4,539.52,4,539.0699999999999,swap,notBad
11343,4,539.52,4,539.0699999999999,swap,notBad
11344,4,539.52,4,539.0699999999999,swap,notBad
11345,4,539.52,4,539.0699999999999,swap,notBad
11346,4,539.52,4,539.0699999999999,move,improve
11347,4,539.52,4,539.0699999999999,swap,notBad
11348,4,539.52,4,539.0699999999999,swap,notBad
11349,4,539.52,4,539.0699999999999,2opt,notBad
11350,4,539.52,4,539.0699999999999,2opt,notBad
11351,4,539.52,4,539.0699999999999,2opt,notBad
11352,4,539.52,4,539.0699999999999,move,improve
11353,4,539.52,4,539.0699999999999,2opt,notBad
11354,4,539.52,4,539.0699999999999,swap,notBad
11355,4,539.52,4,539.0699999999999,swap,notBad
11356,4,539.52,4,539.0699999999999,swap,notBad
11357,4,539.52,4,539.0699999999999,swap,notBad
11358,4,539.52,4,539.0699999999999,move,improve
11359,4,539.52,4,539.0699999999999,move,improve
11360,4,539.52,4,539.0699999999999,2opt,improve
11361,4,539.52,4,539.0699999999999,move,improve
11362,4,539.52,4,539.0699999999999,2opt,notBad
11363,4,539.52,4,539.0699999999999,swap,notBad
11364,4,539.52,4,539.0699999999999,swap,notBad
11365,4,539.52,4,539.0699999999999,move,improve
11366,4,539.52,4,539.0699999999999,move,improve
11367,4,539.52,4,539.0699999999999,2opt,notBad
11368,4,539.52,4,539.0699999999999,move,improve
11369,4,539.52,4,539.0699999999999,move,improve
11370,4,539.52,4,539.0699999999999,2opt,notBad
11371,4,539.52,4,539.0699999999999,2opt,notBad
11372,4,539.52,4,539.0699999999999,swap,notBad
11373,4,539.52,4,539.0699999999999,move,improve
11374,4,539.52,4,539.0699999999999,move,improve
11375,4,539.52,4,539.0699999999999,swap,notBad
11376,4,539.52,4,539.0699999999999,2opt,notBad
11377,4,539.52,4,539.0699999999999,2opt,notBad
11378,4,539.52,4,539.0699999999999,move,improve
11379,4,539.52,4,539.0699999999999,move,improve
11380,4,539.52,4,539.0699999999999,swap,notBad
11381,4,539.52,4,539.0699999999999,move,improve
11382,4,539.52,4,539.0699999999999,swap,notBad
11383,4,539.52,4,539.0699999999999,2opt,notBad
11384,4,539.52,4,539.0699999999999,move,improve
11385,4,539.52,4,539.0699999999999,swap,notBad
11386,4,539.52,4,539.0699999999999,swap,notBad
11387,4,539.52,4,539.0699999999999,move,improve
11388,4,539.52,4,539.0699999999999,swap,notBad
11389,4,539.52,4,539.0699999999999,2opt,notBad
11390,4,539.52,4,539.0699999999999,swap,notBad
11391,4,539.52,4,539.0699999999999,2opt,improve
11392,4,539.52,4,539.0699999999999,move,improve
11393,4,539.52,4,539.0699999999999,swap,notBad
11394,4,539.52,4,539.0699999999999,swap,notBad
11395,4,539.52,4,539.0699999999999,2opt,notBad
11396,4,539.52,4,539.0699999999999,swap,notBad
11397,4,539.52,4,539.0699999999999,move,improve
11398,4,539.52,4,539.0699999999999,move,improve
11399,4,539.52,4,539.0699999999999,2opt,notBad
11400,4,539.52,4,539.0699999999999,2opt,notBad
11401,4,539.52,4,539.0699999999999,move,improve
11402,4,539.52,4,539.0699999999999,move,improve
11403,4,539.52,4,539.0699999999999,swap,notBad
11404,4,539.52,4,539.0699999999999,2opt,notBad
11405,4,539.52,4,539.0699999999999,swap,notBad
11406,4,539.52,4,539.0699999999999,swap,notBad
11407,4,539.52,4,539.0699999999999,move,improve
11408,4,539.52,4,539.0699999999999,swap,notBad
11409,4,539.52,4,539.0699999999999,swap,notBad
11410,4,539.52,4,539.0699999999999,swap,notBad
11411,4,539.52,4,539.0699999999999,2opt,notBad
11412,4,539.52,4,539.0699999999999,swap,notBad
11413,4,539.52,4,539.0699999999999,2opt,notBad
11414,4,539.52,4,539.0699999999999,swap,notBad
11415,4,539.52,4,539.0699999999999,2opt,notBad
11416,4,539.52,4,539.0699999999999,2opt,notBad
11417,4,539.52,4,539.0699999999999,2opt,notBad
11418,4,539.52,4,539.0699999999999,swap,notBad
11419,4,539.52,4,539.0699999999999,swap,notBad
11420,4,539.52,4,539.0699999999999,2opt,notBad
11421,4,539.52,4,539.0699999999999,2opt,notBad
11422,4,539.52,4,539.0699999999999,2opt,notBad
11423,4,539.52,4,539.0699999999999,2opt,improve
11424,4,539.52,4,539.0699999999999,move,improve
11425,4,539.52,4,539.0699999999999,swap,notBad
11426,4,539.52,4,539.0699999999999,2opt,notBad
11427,4,539.52,4,539.0699999999999,swap,notBad
11428,4,539.52,4,539.0699999999999,2opt,notBad
11429,4,539.52,4,539.0699999999999,2opt,notBad
11430,4,539.52,4,539.0699999999999,move,improve
11431,4,539.52,4,539.0699999999999,swap,notBad
11432,4,539.52,4,539.0699999999999,swap,notBad
11433,4,539.52,4,539.0699999999999,swap,notBad
11434,4,539.52,4,539.0699999999999,swap,notBad
11435,4,539.52,4,539.0699999999999,move,improve
11436,4,539.52,4,539.0699999999999,move,improve
11437,4,539.52,4,539.0699999999999,swap,notBad
11438,4,539.52,4,539.0699999999999,2opt,notBad
11439,4,539.52,4,539.0699999999999,swap,notBad
11440,4,539.52,4,539.0699999999999,2opt,notBad
11441,4,539.52,4,539.0699999999999,2opt,notBad
11442,4,539.52,4,539.0699999999999,2opt,notBad
11443,4,539.52,4,539.0699999999999,move,improve
11444,4,539.52,4,539.0699999999999,move,improve
11445,4,539.52,4,539.0699999999999,2opt,notBad
11446,4,539.52,4,539.0699999999999,swap,notBad
11447,4,539.52,4,539.0699999999999,2opt,notBad
11448,4,539.52,4,539.0699999999999,2opt,notBad
11449,4,539.52,4,539.0699999999999,swap,notBad
11450,4,539.52,4,539.0699999999999,move,improve
11451,4,539.52,4,539.0699999999999,move,improve
11452,4,539.52,4,539.0699999999999,move,improve
11453,4,539.0699999999999,4,539.0699999999999,move,improve
11454,4,539.0699999999999,4,539.0699999999999,move,improve
11455,4,539.0699999999999,4,539.0699999999999,2opt,notBad
11456,4,539.0699999999999,4,539.0699999999999,move,improve
11457,4,539.0699999999999,4,539.0699999999999,swap,notBad
11458,4,539.0699999999999,4,539.0699999999999,move,improve
11459,4,539.0699999999999,4,539.0699999999999,move,improve
11460,4,539.0699999999999,4,539.0699999999999,move,improve
11461,4,539.0699999999999,4,539.0699999999999,swap,notBad
11462,4,539.0699999999999,4,539.0699999999999,2opt,notBad
11463,4,539.0699999999999,4,539.0699999999999,swap,notBad
11464,4,539.0699999999999,4,539.0699999999999,swap,notBad
11465,4,539.0699999999999,4,539.0699999999999,swap,notBad
11466,4,539.0699999999999,4,539.0699999999999,2opt,notBad
11467,4,539.0699999999999,4,539.0699999999999,swap,notBad
11468,4,539.0699999999999,4,539.0699999999999,move,improve
11469,4,539.0699999999999,4,539.0699999999999,2opt,notBad
11470,4,539.0699999999999,4,539.0699999999999,swap,notBad
11471,4,539.0699999999999,4,539.0699999999999,move,improve
11472,4,539.0699999999999,4,539.0699999999999,move,improve
11473,4,539.0699999999999,4,539.0699999999999,move,improve
11474,4,539.0699999999999,4,539.0699999999999,2opt,notBad
11475,4,539.0699999999999,4,539.0699999999999,swap,notBad
11476,4,539.0699999999999,4,539.0699999999999,swap,notBad
11477,4,539.0699999999999,4,539.0699999999999,2opt,notBad
11478,4,539.0699999999999,4,539.0699999999999,move,improve
11479,4,539.0699999999999,4,539.0699999999999,move,improve
11480,4,539.0699999999999,4,539.0699999999999,2opt,notBad
11481,4,539.0699999999999,4,539.0699999999999,move,improve
11482,4,539.0699999999999,4,539.0699999999999,2opt,notBad
11483,4,539.0699999999999,4,539.0699999999999,2opt,notBad
11484,4,539.0699999999999,4,539.0699999999999,swap,notBad
11485,4,539.0699999999999,4,539.0699999999999,swap,notBad
11486,4,539.0699999999999,4,539.0699999999999,2opt,notBad
11487,4,539.0699999999999,4,539.0699999999999,2opt,notBad
11488,4,539.0699999999999,4,539.0699999999999,2opt,notBad
11489,4,539.0699999999999,4,539.0699999999999,swap,notBad
11490,4,539.0699999999999,4,539.0699999999999,swap,notBad
11491,4,539.0699999999999,4,539.0699999999999,2opt,notBad
11492,4,539.0699999999999,4,539.0699999999999,2opt,notBad
11493,4,539.0699999999999,4,539.0699999999999,2opt,notBad
11494,4,539.0699999999999,4,539.0699999999999,2opt,notBad
11495,4,539.0699999999999,4,539.0699999999999,swap,notBad
11496,4,539.0699999999999,4,539.0699999999999,move,improve
11497,4,539.0699999999999,4,539.0699999999999,move,improve
11498,4,539.0699999999999,4,539.0699999999999,2opt,notBad
11499,4,539.0699999999999,4,539.0699999999999,move,improve
11500,4,539.0699999999999,4,539.0699999999999,2opt,notBad
11501,4,539.0699999999999,4,539.0699999999999,move,improve
11502,4,539.0699999999999,4,539.0699999999999,move,improve
11503,4,539.0699999999999,4,539.0699999999999,2opt,notBad
11504,4,539.0699999999999,4,539.0699999999999,swap,notBad
11505,4,539.0699999999999,4,539.0699999999999,2opt,notBad
11506,4,539.0699999999999,4,539.0699999999999,swap,notBad
11507,4,539.0699999999999,4,539.0699999999999,2opt,notBad
11508,4,539.0699999999999,4,539.0699999999999,move,improve
11509,4,539.0699999999999,4,539.0699999999999,swap,notBad
11510,4,539.0699999999999,4,539.0699999999999,move,improve
11511,4,539.0699999999999,4,539.0699999999999,2opt,notBad
11512,4,539.0699999999999,4,539.0699999999999,swap,notBad
11513,4,539.0699999999999,4,539.0699999999999,move,improve
11514,4,539.0699999999999,4,539.0699999999999,swap,notBad
11515,4,539.0699999999999,4,539.0699999999999,swap,notBad
11516,4,539.0699999999999,4,539.0699999999999,swap,notBad
11517,4,539.0699999999999,4,539.0699999999999,move,improve
11518,4,539.0699999999999,4,539.0699999999999,2opt,notBad
11519,4,539.0699999999999,4,539.0699999999999,swap,notBad
11520,4,539.0699999999999,4,539.0699999999999,move,improve
11521,4,539.0699999999999,4,539.0699999999999,move,improve
11522,4,539.0699999999999,4,539.0699999999999,swap,notBad
11523,4,539.0699999999999,4,539.0699999999999,2opt,notBad
11524,4,539.0699999999999,4,539.0699999999999,swap,notBad
11525,4,539.0699999999999,4,539.0699999999999,swap,notBad
11526,4,539.0699999999999,4,539.0699999999999,swap,notBad
11527,4,539.0699999999999,4,539.0699999999999,move,improve
11528,4,539.0699999999999,4,539.0699999999999,swap,notBad
11529,4,539.0699999999999,4,539.0699999999999,2opt,improve
11530,4,539.0699999999999,4,539.0699999999999,move,improve
11531,4,539.0699999999999,4,539.0699999999999,swap,notBad
11532,4,539.0699999999999,4,539.0699999999999,2opt,notBad
11533,4,539.0699999999999,4,539.0699999999999,2opt,notBad
11534,4,539.0699999999999,4,539.0699999999999,move,improve
11535,4,539.0699999999999,4,539.0699999999999,move,improve
11536,4,539.0699999999999,4,539.0699999999999,2opt,notBad
11537,4,539.0699999999999,4,539.0699999999999,swap,notBad
11538,4,539.0699999999999,4,539.0699999999999,swap,notBad
11539,4,539.0699999999999,4,539.0699999999999,move,improve
11540,4,539.0699999999999,4,539.0699999999999,move,improve
11541,4,539.0699999999999,4,539.0699999999999,swap,notBad
11542,4,539.0699999999999,4,539.0699999999999,swap,notBad
11543,4,539.0699999999999,4,539.0699999999999,move,improve
11544,4,539.0699999999999,4,539.0699999999999,2opt,notBad
11545,4,539.0699999999999,4,539.0699999999999,swap,notBad
11546,4,539.0699999999999,4,539.0699999999999,2opt,notBad
11547,4,539.0699999999999,4,539.0699999999999,2opt,notBad
11548,4,539.0699999999999,4,539.0699999999999,swap,notBad
11549,4,539.0699999999999,4,539.0699999999999,swap,notBad
11550,4,539.0699999999999,4,539.0699999999999,swap,notBad
11551,4,539.0699999999999,4,539.0699999999999,2opt,notBad
11552,4,539.0699999999999,4,539.0699999999999,2opt,notBad
11553,4,539.0699999999999,4,539.0699999999999,2opt,notBad
11554,4,539.0699999999999,4,539.0699999999999,2opt,notBad
11555,4,539.0699999999999,4,539.0699999999999,move,improve
11556,4,539.0699999999999,4,539.0699999999999,move,improve
11557,4,539.0699999999999,4,539.0699999999999,move,improve
11558,4,539.0699999999999,4,539.0699999999999,swap,notBad
11559,4,539.0699999999999,4,539.0699999999999,move,improve
11560,4,539.0699999999999,4,539.0699999999999,2opt,notBad
11561,4,539.0699999999999,4,539.0699999999999,move,improve
11562,4,539.0699999999999,4,539.0699999999999,2opt,notBad
11563,4,539.0699999999999,4,539.0699999999999,swap,notBad
11564,4,539.0699999999999,4,539.0699999999999,move,improve
11565,4,539.0699999999999,4,539.0699999999999,move,improve
11566,4,539.0699999999999,4,539.0699999999999,move,improve
11567,4,539.0699999999999,4,539.0699999999999,swap,notBad
11568,4,539.0699999999999,4,539.0699999999999,2opt,notBad
11569,4,539.0699999999999,4,539.0699999999999,2opt,notBad
11570,4,539.0699999999999,4,539.0699999999999,2opt,notBad
11571,4,539.0699999999999,4,539.0699999999999,swap,notBad
11572,4,539.0699999999999,4,539.0699999999999,2opt,notBad
11573,4,539.0699999999999,4,539.0699999999999,swap,notBad
11574,4,539.0699999999999,4,539.0699999999999,move,improve
11575,4,539.0699999999999,4,539.0699999999999,2opt,notBad
11576,4,539.0699999999999,4,539.0699999999999,move,improve
11577,4,539.0699999999999,4,539.0699999999999,swap,notBad
11578,4,539.0699999999999,4,539.0699999999999,swap,notBad
11579,4,539.0699999999999,4,539.0699999999999,swap,notBad
11580,4,539.0699999999999,4,539.0699999999999,swap,notBad
11581,4,539.0699999999999,4,539.0699999999999,swap,notBad
11582,4,539.0699999999999,4,539.0699999999999,move,improve
11583,4,539.0699999999999,4,539.0699999999999,2opt,notBad
11584,4,539.0699999999999,4,539.0699999999999,swap,notBad
11585,4,539.0699999999999,4,539.0699999999999,swap,notBad
11586,4,539.0699999999999,4,539.0699999999999,move,improve
11587,4,539.0699999999999,4,539.0699999999999,move,improve
11588,4,539.0699999999999,4,539.0699999999999,move,improve
11589,4,539.0699999999999,4,539.0699999999999,swap,notBad
11590,4,539.0699999999999,4,539.0699999999999,2opt,notBad
11591,4,539.0699999999999,4,539.0699999999999,swap,notBad
11592,4,539.0699999999999,4,539.0699999999999,2opt,notBad
11593,4,539.0699999999999,4,539.0699999999999,move,improve
11594,4,539.0699999999999,4,539.0699999999999,2opt,notBad
11595,4,539.0699999999999,4,539.0699999999999,2opt,notBad
11596,4,539.0699999999999,4,539.0699999999999,2opt,notBad
11597,4,539.0699999999999,4,539.0699999999999,2opt,notBad
11598,4,539.0699999999999,4,539.0699999999999,swap,notBad
11599,4,539.0699999999999,4,539.0699999999999,move,improve
11600,4,539.0699999999999,4,539.0699999999999,move,improve
11601,4,539.0699999999999,4,539.0699999999999,swap,notBad
11602,4,539.0699999999999,4,539.0699999999999,2opt,notBad
11603,4,539.0699999999999,4,539.0699999999999,2opt,notBad
11604,4,539.0699999999999,4,539.0699999999999,2opt,notBad
11605,4,539.0699999999999,4,539.0699999999999,move,improve
11606,4,539.0699999999999,4,539.0699999999999,move,improve
11607,4,539.0699999999999,4,539.0699999999999,move,improve
11608,4,539.0699999999999,4,539.0699999999999,move,improve
11609,4,539.0699999999999,4,539.0699999999999,move,improve
11610,4,539.0699999999999,4,539.0699999999999,2opt,notBad
11611,4,539.0699999999999,4,539.0699999999999,2opt,notBad
11612,4,539.0699999999999,4,539.0699999999999,2opt,notBad
11613,4,539.0699999999999,4,539.0699999999999,swap,notBad
11614,4,539.0699999999999,4,539.0699999999999,move,improve
11615,4,539.0699999999999,4,539.0699999999999,2opt,notBad
11616,4,539.0699999999999,4,539.0699999999999,2opt,notBad
11617,4,539.0699999999999,4,539.0699999999999,move,improve
11618,4,539.0699999999999,4,539.0699999999999,move,improve
11619,4,539.0699999999999,4,539.0699999999999,move,improve
11620,4,539.0699999999999,4,539.0699999999999,2opt,notBad
11621,4,539.0699999999999,4,539.0699999999999,2opt,notBad
11622,4,539.0699999999999,4,539.0699999999999,2opt,improve
11623,4,539.0699999999999,4,539.0699999999999,move,improve
11624,4,539.0699999999999,4,539.0699999999999,2opt,improve
11625,4,539.0699999999999,4,539.0699999999999,move,improve
11626,4,539.0699999999999,4,539.0699999999999,swap,notBad
11627,4,539.0699999999999,4,539.0699999999999,swap,notBad
11628,4,539.0699999999999,4,539.0699999999999,swap,notBad
11629,4,539.0699999999999,4,539.0699999999999,move,improve
11630,4,539.0699999999999,4,539.0699999999999,swap,notBad
11631,4,539.0699999999999,4,539.0699999999999,move,improve
11632,4,539.0699999999999,4,539.0699999999999,move,improve
11633,4,539.0699999999999,4,539.0699999999999,2opt,notBad
11634,4,539.0699999999999,4,539.0699999999999,move,improve
11635,4,539.0699999999999,4,539.0699999999999,2opt,notBad
11636,4,539.0699999999999,4,539.0699999999999,move,improve
11637,4,539.0699999999999,4,539.0699999999999,2opt,notBad
11638,4,539.0699999999999,4,539.0699999999999,2opt,notBad
11639,4,539.0699999999999,4,539.0699999999999,2opt,notBad
11640,4,539.0699999999999,4,539.0699999999999,swap,notBad
11641,4,539.0699999999999,4,539.0699999999999,move,improve
11642,4,539.0699999999999,4,539.0699999999999,swap,notBad
11643,4,539.0699999999999,4,539.0699999999999,2opt,notBad
11644,4,539.0699999999999,4,539.0699999999999,2opt,notBad
11645,4,539.0699999999999,4,539.0699999999999,swap,notBad
11646,4,539.0699999999999,4,539.0699999999999,2opt,notBad
11647,4,539.0699999999999,4,539.0699999999999,swap,notBad
11648,4,539.0699999999999,4,539.0699999999999,move,improve
11649,4,539.0699999999999,4,539.0699999999999,2opt,notBad
11650,4,539.0699999999999,4,539.0699999999999,move,improve
11651,4,539.0699999999999,4,539.0699999999999,move,improve
11652,4,539.0699999999999,4,539.0699999999999,2opt,notBad
11653,4,539.0699999999999,4,539.0699999999999,2opt,notBad
11654,4,539.0699999999999,4,539.0699999999999,2opt,notBad
11655,4,539.0699999999999,4,539.0699999999999,2opt,notBad
11656,4,539.0699999999999,4,539.0699999999999,move,improve
11657,4,539.0699999999999,4,539.0699999999999,move,improve
11658,4,539.0699999999999,4,539.0699999999999,2opt,notBad
11659,4,539.0699999999999,4,539.0699999999999,move,improve
11660,4,539.0699999999999,4,539.0699999999999,2opt,notBad
11661,4,539.0699999999999,4,539.0699999999999,move,improve
11662,4,539.0699999999999,4,539.0699999999999,2opt,notBad
11663,4,539.0699999999999,4,539.0699999999999,move,improve
11664,4,539.0699999999999,4,539.0699999999999,swap,notBad
11665,4,539.0699999999999,4,539.0699999999999,2opt,notBad
11666,4,539.0699999999999,4,539.0699999999999,swap,notBad
11667,4,539.0699999999999,4,539.0699999999999,move,improve
11668,4,539.0699999999999,4,539.0699999999999,2opt,notBad
11669,4,539.0699999999999,4,539.0699999999999,swap,notBad
11670,4,539.0699999999999,4,539.0699999999999,move,improve
11671,4,539.0699999999999,4,539.0699999999999,2opt,notBad
11672,4,539.0699999999999,4,539.0699999999999,move,improve
11673,4,539.0699999999999,4,539.0699999999999,2opt,notBad
11674,4,539.0699999999999,4,539.0699999999999,swap,notBad
11675,4,539.0699999999999,4,539.0699999999999,2opt,notBad
11676,4,539.0699999999999,4,539.0699999999999,swap,notBad
11677,4,539.0699999999999,4,539.0699999999999,swap,notBad
11678,4,539.0699999999999,4,539.0699999999999,move,improve
11679,4,539.0699999999999,4,539.0699999999999,move,improve
11680,4,539.0699999999999,4,539.0699999999999,2opt,notBad
11681,4,539.0699999999999,4,539.0699999999999,swap,notBad
11682,4,539.0699999999999,4,539.0699999999999,swap,notBad
11683,4,539.0699999999999,4,539.0699999999999,2opt,notBad
11684,4,539.0699999999999,4,539.0699999999999,move,improve
11685,4,539.0699999999999,4,539.0699999999999,2opt,notBad
11686,4,539.0699999999999,4,539.0699999999999,swap,notBad
11687,4,539.0699999999999,4,539.0699999999999,2opt,notBad
11688,4,539.0699999999999,4,539.0699999999999,swap,notBad
11689,4,539.0699999999999,4,539.0699999999999,2opt,improve
11690,4,539.0699999999999,4,539.0699999999999,swap,notBad
11691,4,539.0699999999999,4,539.0699999999999,swap,notBad
11692,4,539.0699999999999,4,539.0699999999999,swap,notBad
11693,4,539.0699999999999,4,539.0699999999999,move,improve
11694,4,539.0699999999999,4,539.0699999999999,swap,notBad
11695,4,539.0699999999999,4,539.0699999999999,2opt,notBad
11696,4,539.0699999999999,4,539.0699999999999,move,improve
11697,4,539.0699999999999,4,539.0699999999999,2opt,improve
11698,4,539.0699999999999,4,539.0699999999999,2opt,notBad
11699,4,539.0699999999999,4,539.0699999999999,2opt,notBad
11700,4,539.0699999999999,4,539.0699999999999,2opt,notBad
11701,4,539.0699999999999,4,539.0699999999999,move,improve
11702,4,539.0699999999999,4,539.0699999999999,2opt,notBad
11703,4,539.0699999999999,4,539.0699999999999,move,improve
11704,4,539.0699999999999,4,539.0699999999999,move,improve
11705,4,539.0699999999999,4,539.0699999999999,move,improve
11706,4,539.0699999999999,4,539.0699999999999,swap,notBad
11707,4,539.0699999999999,4,539.0699999999999,2opt,notBad
11708,4,539.0699999999999,4,539.0699999999999,move,improve
11709,4,539.0699999999999,4,539.0699999999999,2opt,notBad
11710,4,539.0699999999999,4,539.0699999999999,2opt,notBad
11711,4,539.0699999999999,4,539.0699999999999,swap,notBad
11712,4,539.0699999999999,4,539.0699999999999,2opt,notBad
11713,4,539.0699999999999,4,539.0699999999999,2opt,notBad
11714,4,539.0699999999999,4,539.0699999999999,2opt,notBad
11715,4,539.0699999999999,4,539.0699999999999,swap,notBad
11716,4,539.0699999999999,4,539.0699999999999,2opt,notBad
11717,4,539.0699999999999,4,539.0699999999999,move,improve
11718,4,539.0699999999999,4,539.0699999999999,2opt,notBad
11719,4,539.0699999999999,4,539.0699999999999,swap,notBad
11720,4,539.0699999999999,4,539.0699999999999,2opt,notBad
11721,4,539.0699999999999,4,539.0699999999999,swap,notBad
11722,4,539.0699999999999,4,539.0699999999999,2opt,notBad
11723,4,539.0699999999999,4,539.0699999999999,2opt,notBad
11724,4,539.0699999999999,4,539.0699999999999,move,improve
11725,4,539.0699999999999,4,539.0699999999999,swap,notBad
11726,4,539.0699999999999,4,539.0699999999999,move,improve
11727,4,539.0699999999999,4,539.0699999999999,move,improve
11728,4,539.0699999999999,4,539.0699999999999,move,improve
11729,4,539.0699999999999,4,539.0699999999999,swap,notBad
11730,4,539.0699999999999,4,539.0699999999999,move,improve
11731,4,539.0699999999999,4,539.0699999999999,move,improve
11732,4,539.0699999999999,4,539.0699999999999,2opt,improve
11733,4,539.0699999999999,4,539.0699999999999,move,improve
11734,4,539.0699999999999,4,539.0699999999999,swap,notBad
11735,4,539.0699999999999,4,539.0699999999999,move,improve
11736,4,539.0699999999999,4,539.0699999999999,swap,notBad
11737,4,539.0699999999999,4,539.0699999999999,2opt,notBad
11738,4,539.0699999999999,4,539.0699999999999,swap,notBad
11739,4,539.0699999999999,4,539.0699999999999,2opt,notBad
11740,4,539.0699999999999,4,539.0699999999999,move,improve
11741,4,539.0699999999999,4,539.0699999999999,move,improve
11742,4,539.0699999999999,4,539.0699999999999,move,improve
11743,4,539.0699999999999,4,539.0699999999999,swap,notBad
11744,4,539.0699999999999,4,539.0699999999999,move,improve
11745,4,539.0699999999999,4,539.0699999999999,swap,notBad
11746,4,539.0699999999999,4,539.0699999999999,2opt,notBad
11747,4,539.0699999999999,4,539.0699999999999,move,improve
11748,4,539.0699999999999,4,539.0699999999999,2opt,notBad
11749,4,539.0699999999999,4,539.0699999999999,swap,notBad
11750,4,539.0699999999999,4,539.0699999999999,swap,notBad
11751,4,539.0699999999999,4,539.0699999999999,move,improve
11752,4,539.0699999999999,4,539.0699999999999,move,improve
11753,4,539.0699999999999,4,539.0699999999999,swap,notBad
11754,4,539.0699999999999,4,539.0699999999999,2opt,notBad
11755,4,539.0699999999999,4,539.0699999999999,2opt,notBad
11756,4,539.0699999999999,4,539.0699999999999,2opt,notBad
11757,4,539.0699999999999,4,539.0699999999999,2opt,notBad
11758,4,539.0699999999999,4,539.0699999999999,2opt,notBad
11759,4,539.0699999999999,4,539.0699999999999,move,improve
11760,4,539.0699999999999,4,539.0699999999999,swap,notBad
11761,4,539.0699999999999,4,539.0699999999999,2opt,notBad
11762,4,539.0699999999999,4,539.0699999999999,move,improve
11763,4,539.0699999999999,4,539.0699999999999,2opt,notBad
11764,4,539.0699999999999,4,539.0699999999999,swap,notBad
11765,4,539.0699999999999,4,539.0699999999999,swap,notBad
11766,4,539.0699999999999,4,539.0699999999999,swap,notBad
11767,4,539.0699999999999,4,539.0699999999999,swap,notBad
11768,4,539.0699999999999,4,539.0699999999999,2opt,notBad
11769,4,539.0699999999999,4,539.0699999999999,swap,notBad
11770,4,539.0699999999999,4,539.0699999999999,swap,notBad
11771,4,539.0699999999999,4,539.0699999999999,swap,notBad
11772,4,539.0699999999999,4,539.0699999999999,swap,notBad
11773,4,539.0699999999999,4,539.0699999999999,2opt,notBad
11774,4,539.0699999999999,4,539.0699999999999,move,improve
11775,4,539.0699999999999,4,539.0699999999999,swap,notBad
11776,4,539.0699999999999,4,539.0699999999999,2opt,notBad
11777,4,539.0699999999999,4,539.0699999999999,move,improve
11778,4,539.0699999999999,4,539.0699999999999,move,improve
11779,4,539.0699999999999,4,539.0699999999999,2opt,notBad
11780,4,539.0699999999999,4,539.0699999999999,move,improve
11781,4,539.0699999999999,4,539.0699999999999,swap,notBad
11782,4,539.0699999999999,4,539.0699999999999,move,improve
11783,4,539.0699999999999,4,539.0699999999999,swap,notBad
11784,4,539.0699999999999,4,539.0699999999999,move,improve
11785,4,539.0699999999999,4,539.0699999999999,swap,notBad
11786,4,539.0699999999999,4,539.0699999999999,swap,notBad
11787,4,539.0699999999999,4,539.0699999999999,2opt,notBad
11788,4,539.0699999999999,4,539.0699999999999,move,improve
11789,4,539.0699999999999,4,539.0699999999999,swap,notBad
11790,4,539.0699999999999,4,539.0699999999999,swap,notBad
11791,4,539.0699999999999,4,539.0699999999999,move,improve
11792,4,539.0699999999999,4,539.0699999999999,swap,notBad
11793,4,539.0699999999999,4,539.0699999999999,2opt,notBad
11794,4,539.0699999999999,4,539.0699999999999,move,improve
11795,4,539.0699999999999,4,539.0699999999999,swap,notBad
11796,4,539.0699999999999,4,539.0699999999999,swap,notBad
11797,4,539.0699999999999,4,539.0699999999999,swap,notBad
11798,4,539.0699999999999,4,539.0699999999999,swap,notBad
11799,4,539.0699999999999,4,539.0699999999999,move,improve
11800,4,539.0699999999999,4,539.0699999999999,move,improve
11801,4,539.0699999999999,4,539.0699999999999,2opt,notBad
11802,4,539.0699999999999,4,539.0699999999999,move,improve
11803,4,539.0699999999999,4,539.0699999999999,move,improve
11804,4,539.0699999999999,4,539.0699999999999,swap,notBad
11805,4,539.0699999999999,4,539.0699999999999,2opt,notBad
11806,4,539.0699999999999,4,539.0699999999999,swap,notBad
11807,4,539.0699999999999,4,539.0699999999999,move,improve
11808,4,539.0699999999999,4,539.0699999999999,swap,notBad
11809,4,539.0699999999999,4,539.0699999999999,2opt,notBad
11810,4,539.0699999999999,4,539.0699999999999,swap,notBad
11811,4,539.0699999999999,4,539.0699999999999,swap,notBad
11812,4,539.0699999999999,4,539.0699999999999,2opt,notBad
11813,4,539.0699999999999,4,539.0699999999999,swap,notBad
11814,4,539.0699999999999,4,539.0699999999999,2opt,notBad
11815,4,539.0699999999999,4,539.0699999999999,2opt,improve
11816,4,539.0699999999999,4,539.0699999999999,swap,notBad
11817,4,539.0699999999999,4,539.0699999999999,2opt,notBad
11818,4,539.0699999999999,4,539.0699999999999,move,improve
11819,4,539.0699999999999,4,539.0699999999999,swap,notBad
11820,4,539.0699999999999,4,539.0699999999999,2opt,notBad
11821,4,539.0699999999999,4,539.0699999999999,move,improve
11822,4,539.0699999999999,4,539.0699999999999,move,improve
11823,4,539.0699999999999,4,539.0699999999999,move,improve
11824,4,539.0699999999999,4,539.0699999999999,move,improve
11825,4,539.0699999999999,4,539.0699999999999,swap,notBad
11826,4,539.0699999999999,4,539.0699999999999,2opt,notBad
11827,4,539.0699999999999,4,539.0699999999999,move,improve
11828,4,539.0699999999999,4,539.0699999999999,2opt,notBad
11829,4,539.0699999999999,4,539.0699999999999,move,improve
11830,4,539.0699999999999,4,539.0699999999999,swap,notBad
11831,4,539.0699999999999,4,539.0699999999999,move,improve
11832,4,539.0699999999999,4,539.0699999999999,swap,notBad
11833,4,539.0699999999999,4,539.0699999999999,move,improve
11834,4,539.0699999999999,4,539.0699999999999,2opt,notBad
11835,4,539.0699999999999,4,539.0699999999999,2opt,notBad
11836,4,539.0699999999999,4,539.0699999999999,2opt,notBad
11837,4,539.0699999999999,4,539.0699999999999,swap,notBad
11838,4,539.0699999999999,4,539.0699999999999,2opt,notBad
11839,4,539.0699999999999,4,539.0699999999999,move,improve
11840,4,539.0699999999999,4,539.0699999999999,move,improve
11841,4,539.0699999999999,4,539.0699999999999,2opt,notBad
11842,4,539.0699999999999,4,539.0699999999999,swap,notBad
11843,4,539.0699999999999,4,539.0699999999999,move,improve
11844,4,539.0699999999999,4,539.0699999999999,swap,notBad
11845,4,539.0699999999999,4,539.0699999999999,move,improve
11846,4,539.0699999999999,4,539.0699999999999,2opt,notBad
11847,4,539.0699999999999,4,539.0699999999999,move,improve
11848,4,539.0699999999999,4,539.0699999999999,2opt,notBad
11849,4,539.0699999999999,4,539.0699999999999,swap,notBad
11850,4,539.0699999999999,4,539.0699999999999,move,improve
11851,4,539.0699999999999,4,539.0699999999999,2opt,notBad
11852,4,539.0699999999999,4,539.0699999999999,2opt,notBad
11853,4,539.0699999999999,4,539.0699999999999,move,improve
11854,4,539.0699999999999,4,539.0699999999999,move,improve
11855,4,539.0699999999999,4,539.0699999999999,swap,notBad
11856,4,539.0699999999999,4,539.0699999999999,swap,notBad
11857,4,539.0699999999999,4,539.0699999999999,2opt,notBad
11858,4,539.0699999999999,4,539.0699999999999,2opt,notBad
11859,4,539.0699999999999,4,539.0699999999999,move,improve
11860,4,539.07,4,539.0699999999999,move,acceptBad
11861,4,539.07,4,539.0699999999999,swap,notBad
11862,4,539.07,4,539.0699999999999,2opt,notBad
11863,4,539.07,4,539.0699999999999,move,improve
11864,4,539.07,4,539.0699999999999,move,improve
11865,4,539.07,4,539.0699999999999,2opt,notBad
11866,4,539.07,4,539.0699999999999,move,improve
11867,4,539.07,4,539.0699999999999,swap,notBad
11868,4,539.07,4,539.0699999999999,swap,notBad
11869,4,539.07,4,539.0699999999999,swap,notBad
11870,4,539.0699999999999,4,539.0699999999999,move,improve
11871,4,539.0699999999999,4,539.0699999999999,2opt,notBad
11872,4,539.0699999999999,4,539.0699999999999,swap,notBad
11873,4,539.0699999999999,4,539.0699999999999,2opt,notBad
11874,4,539.0699999999999,4,539.0699999999999,swap,notBad
11875,4,539.0699999999999,4,539.0699999999999,2opt,notBad
11876,4,539.0699999999999,4,539.0699999999999,move,improve
11877,4,539.0699999999999,4,539.0699999999999,swap,notBad
11878,4,539.0699999999999,4,539.0699999999999,swap,notBad
11879,4,539.0699999999999,4,539.0699999999999,move,improve
11880,4,539.0699999999999,4,539.0699999999999,2opt,notBad
11881,4,539.0699999999999,4,539.0699999999999,2opt,notBad
11882,4,539.0699999999999,4,539.0699999999999,swap,notBad
11883,4,539.0699999999999,4,539.0699999999999,2opt,notBad
11884,4,539.0699999999999,4,539.0699999999999,move,improve
11885,4,539.0699999999999,4,539.0699999999999,move,improve
11886,4,539.0699999999999,4,539.0699999999999,2opt,notBad
11887,4,539.0699999999999,4,539.0699999999999,2opt,notBad
11888,4,539.0699999999999,4,539.0699999999999,swap,notBad
11889,4,539.0699999999999,4,539.0699999999999,move,improve
11890,4,539.0699999999999,4,539.0699999999999,2opt,notBad
11891,4,539.0699999999999,4,539.0699999999999,move,improve
11892,4,539.0699999999999,4,539.0699999999999,move,improve
11893,4,539.0699999999999,4,539.0699999999999,move,improve
11894,4,539.0699999999999,4,539.0699999999999,swap,notBad
11895,4,539.0699999999999,4,539.0699999999999,move,improve
11896,4,539.0699999999999,4,539.0699999999999,2opt,notBad
11897,4,539.0699999999999,4,539.0699999999999,2opt,notBad
11898,4,539.0699999999999,4,539.0699999999999,swap,notBad
11899,4,539.0699999999999,4,539.0699999999999,move,improve
11900,4,539.0699999999999,4,539.0699999999999,swap,notBad
11901,4,539.0699999999999,4,539.0699999999999,move,improve
11902,4,539.0699999999999,4,539.0699999999999,swap,notBad
11903,4,539.0699999999999,4,539.0699999999999,move,improve
11904,4,539.0699999999999,4,539.0699999999999,move,improve
11905,4,539.0699999999999,4,539.0699999999999,2opt,notBad
11906,4,539.0699999999999,4,539.0699999999999,swap,notBad
11907,4,539.0699999999999,4,539.0699999999999,2opt,notBad
11908,4,539.0699999999999,4,539.0699999999999,2opt,notBad
11909,4,539.0699999999999,4,539.0699999999999,2opt,notBad
11910,4,539.0699999999999,4,539.0699999999999,2opt,improve
11911,4,539.0699999999999,4,539.0699999999999,move,improve
11912,4,539.0699999999999,4,539.0699999999999,move,improve
11913,4,539.0699999999999,4,539.0699999999999,move,improve
11914,4,539.0699999999999,4,539.0699999999999,2opt,notBad
11915,4,539.0699999999999,4,539.0699999999999,swap,notBad
11916,4,539.0699999999999,4,539.0699999999999,move,improve
11917,4,539.0699999999999,4,539.0699999999999,swap,notBad
11918,4,539.0699999999999,4,539.0699999999999,2opt,notBad
11919,4,539.0699999999999,4,539.0699999999999,swap,notBad
11920,4,539.0699999999999,4,539.0699999999999,move,improve
11921,4,539.0699999999999,4,539.0699999999999,swap,notBad
11922,4,539.0699999999999,4,539.0699999999999,move,improve
11923,4,539.0699999999999,4,539.0699999999999,swap,notBad
11924,4,539.0699999999999,4,539.0699999999999,swap,notBad
11925,4,539.0699999999999,4,539.0699999999999,2opt,notBad
11926,4,539.0699999999999,4,539.0699999999999,swap,notBad
11927,4,539.0699999999999,4,539.0699999999999,swap,notBad
11928,4,539.0699999999999,4,539.0699999999999,move,improve
11929,4,539.0699999999999,4,539.0699999999999,move,improve
11930,4,539.0699999999999,4,539.0699999999999,move,improve
11931,4,539.0699999999999,4,539.0699999999999,swap,notBad
11932,4,539.0699999999999,4,539.0699999999999,2opt,notBad
11933,4,539.0699999999999,4,539.0699999999999,2opt,notBad
11934,4,539.0699999999999,4,539.0699999999999,swap,notBad
11935,4,539.0699999999999,4,539.0699999999999,move,improve
11936,4,539.0699999999999,4,539.0699999999999,swap,notBad
11937,4,539.0699999999999,4,539.0699999999999,move,improve
11938,4,539.0699999999999,4,539.0699999999999,move,improve
11939,4,539.0699999999999,4,539.0699999999999,2opt,notBad
11940,4,539.0699999999999,4,539.0699999999999,swap,notBad
11941,4,539.0699999999999,4,539.0699999999999,2opt,notBad
11942,4,539.0699999999999,4,539.0699999999999,swap,notBad
11943,4,539.0699999999999,4,539.0699999999999,swap,notBad
11944,4,539.0699999999999,4,539.0699999999999,swap,notBad
11945,4,539.0699999999999,4,539.0699999999999,swap,notBad
11946,4,539.0699999999999,4,539.0699999999999,swap,notBad
11947,4,539.0699999999999,4,539.0699999999999,2opt,notBad
11948,4,539.0699999999999,4,539.0699999999999,swap,notBad
11949,4,539.0699999999999,4,539.0699999999999,move,improve
11950,4,539.0699999999999,4,539.0699999999999,2opt,notBad
11951,4,539.0699999999999,4,539.0699999999999,2opt,improve
11952,4,539.0699999999999,4,539.0699999999999,swap,notBad
11953,4,539.0699999999999,4,539.0699999999999,move,improve
11954,4,539.0699999999999,4,539.0699999999999,move,improve
11955,4,539.0699999999999,4,539.0699999999999,2opt,improve
11956,4,539.0699999999999,4,539.0699999999999,move,improve
11957,4,539.0699999999999,4,539.0699999999999,2opt,notBad
11958,4,539.0699999999999,4,539.0699999999999,2opt,notBad
11959,4,539.0699999999999,4,539.0699999999999,move,improve
11960,4,539.0699999999999,4,539.0699999999999,2opt,notBad
11961,4,539.0699999999999,4,539.0699999999999,2opt,notBad
11962,4,539.0699999999999,4,539.0699999999999,2opt,notBad
11963,4,539.0699999999999,4,539.0699999999999,swap,notBad
11964,4,539.0699999999999,4,539.0699999999999,move,improve
11965,4,539.0699999999999,4,539.0699999999999,2opt,notBad
11966,4,539.0699999999999,4,539.0699999999999,2opt,improve
11967,4,539.0699999999999,4,539.0699999999999,move,improve
11968,4,539.0699999999999,4,539.0699999999999,move,improve
11969,4,539.0699999999999,4,539.0699999999999,swap,notBad
11970,4,539.0699999999999,4,539.0699999999999,move,improve
11971,4,539.0699999999999,4,539.0699999999999,swap,notBad
11972,4,539.0699999999999,4,539.0699999999999,move,improve
11973,4,539.0699999999999,4,539.0699999999999,2opt,notBad
11974,4,539.0699999999999,4,539.0699999999999,2opt,notBad
11975,4,539.0699999999999,4,539.0699999999999,swap,notBad
11976,4,539.0699999999999,4,539.0699999999999,move,improve
11977,4,539.0699999999999,4,539.0699999999999,move,improve
11978,4,539.0699999999999,4,539.0699999999999,swap,notBad
11979,4,539.0699999999999,4,539.0699999999999,swap,notBad
11980,4,539.0699999999999,4,539.0699999999999,swap,notBad
11981,4,539.0699999999999,4,539.0699999999999,2opt,notBad
11982,4,539.0699999999999,4,539.0699999999999,move,improve
11983,4,539.0699999999999,4,539.0699999999999,2opt,notBad
11984,4,539.0699999999999,4,539.0699999999999,move,improve
11985,4,539.0699999999999,4,539.0699999999999,swap,notBad
11986,4,539.0699999999999,4,539.0699999999999,move,improve
11987,4,539.0699999999999,4,539.0699999999999,2opt,notBad
11988,4,539.0699999999999,4,539.0699999999999,move,improve
11989,4,539.0699999999999,4,539.0699999999999,swap,notBad
11990,4,539.0699999999999,4,539.0699999999999,move,improve
11991,4,539.0699999999999,4,539.0699999999999,move,improve
11992,4,539.0699999999999,4,539.0699999999999,2opt,notBad
11993,4,539.0699999999999,4,539.0699999999999,2opt,notBad
11994,4,539.0699999999999,4,539.0699999999999,2opt,notBad
11995,4,539.0699999999999,4,539.0699999999999,swap,notBad
11996,4,539.0699999999999,4,539.0699999999999,swap,notBad
11997,4,539.0699999999999,4,539.0699999999999,2opt,notBad
11998,4,539.0699999999999,4,539.0699999999999,swap,notBad
11999,4,539.0699999999999,4,539.0699999999999,move,improve
12000,4,539.0699999999999,4,539.0699999999999,2opt,notBad
12001,4,539.0699999999999,4,539.0699999999999,move,improve
12002,4,539.0699999999999,4,539.0699999999999,move,improve
12003,4,539.0699999999999,4,539.0699999999999,move,improve
12004,4,539.0699999999999,4,539.0699999999999,2opt,notBad
12005,4,539.0699999999999,4,539.0699999999999,2opt,notBad
12006,4,539.0699999999999,4,539.0699999999999,2opt,notBad
12007,4,539.0699999999999,4,539.0699999999999,move,improve
12008,4,539.0699999999999,4,539.0699999999999,2opt,notBad
12009,4,539.0699999999999,4,539.0699999999999,2opt,notBad
12010,4,539.0699999999999,4,539.0699999999999,swap,notBad
12011,4,539.0699999999999,4,539.0699999999999,move,improve
12012,4,539.0699999999999,4,539.0699999999999,move,improve
12013,4,539.0699999999999,4,539.0699999999999,swap,notBad
12014,4,539.0699999999999,4,539.0699999999999,2opt,notBad
12015,4,539.0699999999999,4,539.0699999999999,swap,notBad
12016,4,539.0699999999999,4,539.0699999999999,swap,notBad
12017,4,539.0699999999999,4,539.0699999999999,2opt,notBad
12018,4,539.0699999999999,4,539.0699999999999,swap,notBad
12019,4,539.0699999999999,4,539.0699999999999,2opt,notBad
12020,4,539.0699999999999,4,539.0699999999999,2opt,notBad
12021,4,539.0699999999999,4,539.0699999999999,swap,notBad
12022,4,539.0699999999999,4,539.0699999999999,2opt,notBad
12023,4,539.0699999999999,4,539.0699999999999,2opt,notBad
12024,4,539.0699999999999,4,539.0699999999999,move,improve
12025,4,539.0699999999999,4,539.0699999999999,move,improve
12026,4,539.0699999999999,4,539.0699999999999,swap,notBad
12027,4,539.0699999999999,4,539.0699999999999,move,improve
12028,4,539.0699999999999,4,539.0699999999999,move,improve
12029,4,539.0699999999999,4,539.0699999999999,move,improve
12030,4,539.07,4,539.0699999999999,move,acceptBad
12031,4,539.07,4,539.0699999999999,swap,notBad
12032,4,539.07,4,539.0699999999999,2opt,notBad
12033,4,539.07,4,539.0699999999999,2opt,notBad
12034,4,539.07,4,539.0699999999999,2opt,notBad
12035,4,539.07,4,539.0699999999999,move,improve
12036,4,539.07,4,539.0699999999999,swap,notBad
12037,4,539.07,4,539.0699999999999,swap,notBad
12038,4,539.07,4,539.0699999999999,2opt,notBad
12039,4,539.07,4,539.0699999999999,move,improve
12040,4,539.07,4,539.0699999999999,2opt,notBad
12041,4,539.07,4,539.0699999999999,move,improve
12042,4,539.07,4,539.0699999999999,move,improve
12043,4,539.07,4,539.0699999999999,move,improve
12044,4,539.07,4,539.0699999999999,swap,notBad
12045,4,539.07,4,539.0699999999999,swap,notBad
12046,4,539.07,4,539.0699999999999,2opt,notBad
12047,4,539.07,4,539.0699999999999,swap,notBad
12048,4,539.07,4,539.0699999999999,2opt,notBad
12049,4,539.07,4,539.0699999999999,2opt,notBad
12050,4,539.07,4,539.0699999999999,2opt,notBad
12051,4,539.07,4,539.0699999999999,2opt,notBad
12052,4,539.07,4,539.0699999999999,swap,notBad
12053,4,539.0699999999999,4,539.0699999999999,move,improve
12054,4,539.0699999999999,4,539.0699999999999,move,improve
12055,4,539.0699999999999,4,539.0699999999999,2opt,notBad
12056,4,539.0699999999999,4,539.0699999999999,swap,notBad
12057,4,539.0699999999999,4,539.0699999999999,move,improve
12058,4,539.0699999999999,4,539.0699999999999,swap,notBad
12059,4,539.0699999999999,4,539.0699999999999,2opt,notBad
12060,4,539.0699999999999,4,539.0699999999999,2opt,notBad
12061,4,539.0699999999999,4,539.0699999999999,2opt,notBad
12062,4,539.0699999999999,4,539.0699999999999,move,improve
12063,4,539.0699999999999,4,539.0699999999999,2opt,notBad
12064,4,539.0699999999999,4,539.0699999999999,2opt,improve
12065,4,539.0699999999999,4,539.0699999999999,2opt,notBad
12066,4,539.0699999999999,4,539.0699999999999,2opt,notBad
12067,4,539.0699999999999,4,539.0699999999999,swap,notBad
12068,4,539.0699999999999,4,539.0699999999999,move,improve
12069,4,539.0699999999999,4,539.0699999999999,swap,notBad
12070,4,539.0699999999999,4,539.0699999999999,move,improve
12071,4,539.0699999999999,4,539.0699999999999,2opt,notBad
12072,4,539.0699999999999,4,539.0699999999999,swap,notBad
12073,4,539.0699999999999,4,539.0699999999999,swap,notBad
12074,4,539.0699999999999,4,539.0699999999999,move,improve
12075,4,539.0699999999999,4,539.0699999999999,move,improve
12076,4,539.0699999999999,4,539.0699999999999,move,improve
12077,4,539.0699999999999,4,539.0699999999999,swap,notBad
12078,4,539.0699999999999,4,539.0699999999999,move,improve
12079,4,539.0699999999999,4,539.0699999999999,move,improve
12080,4,539.0699999999999,4,539.0699999999999,swap,notBad
12081,4,539.0699999999999,4,539.0699999999999,swap,notBad
12082,4,539.0699999999999,4,539.0699999999999,swap,notBad
12083,4,539.0699999999999,4,539.0699999999999,2opt,notBad
12084,4,539.0699999999999,4,539.0699999999999,move,improve
12085,4,539.0699999999999,4,539.0699999999999,swap,notBad
12086,4,539.0699999999999,4,539.0699999999999,swap,notBad
12087,4,539.0699999999999,4,539.0699999999999,2opt,notBad
12088,4,539.0699999999999,4,539.0699999999999,2opt,notBad
12089,4,539.0699999999999,4,539.0699999999999,move,improve
12090,4,539.0699999999999,4,539.0699999999999,2opt,notBad
12091,4,539.0699999999999,4,539.0699999999999,move,improve
12092,4,539.0699999999999,4,539.0699999999999,2opt,notBad
12093,4,539.0699999999999,4,539.0699999999999,move,improve
12094,4,539.0699999999999,4,539.0699999999999,swap,notBad
12095,4,539.0699999999999,4,539.0699999999999,swap,notBad
12096,4,539.0699999999999,4,539.0699999999999,swap,notBad
12097,4,539.0699999999999,4,539.0699999999999,swap,notBad
12098,4,539.0699999999999,4,539.0699999999999,swap,notBad
12099,4,539.0699999999999,4,539.0699999999999,2opt,notBad
12100,4,539.0699999999999,4,539.0699999999999,swap,notBad
12101,4,539.0699999999999,4,539.0699999999999,swap,notBad
12102,4,539.0699999999999,4,539.0699999999999,2opt,notBad
12103,4,539.0699999999999,4,539.0699999999999,move,improve
12104,4,539.0699999999999,4,539.0699999999999,move,improve
12105,4,539.0699999999999,4,539.0699999999999,swap,notBad
12106,4,539.0699999999999,4,539.0699999999999,2opt,notBad
12107,4,539.0699999999999,4,539.0699999999999,move,improve
12108,4,539.0699999999999,4,539.0699999999999,swap,notBad
12109,4,539.0699999999999,4,539.0699999999999,2opt,notBad
12110,4,539.0699999999999,4,539.0699999999999,swap,notBad
12111,4,539.0699999999999,4,539.0699999999999,move,improve
12112,4,539.0699999999999,4,539.0699999999999,move,improve
12113,4,539.0699999999999,4,539.0699999999999,move,improve
12114,4,539.0699999999999,4,539.0699999999999,swap,notBad
12115,4,539.0699999999999,4,539.0699999999999,2opt,improve
12116,4,539.0699999999999,4,539.0699999999999,swap,notBad
12117,4,539.0699999999999,4,539.0699999999999,move,improve
12118,4,539.0699999999999,4,539.0699999999999,swap,notBad
12119,4,539.0699999999999,4,539.0699999999999,move,improve
12120,4,539.0699999999999,4,539.0699999999999,swap,notBad
12121,4,539.0699999999999,4,539.0699999999999,move,improve
12122,4,539.0699999999999,4,539.0699999999999,2opt,improve
12123,4,539.0699999999999,4,539.0699999999999,2opt,notBad
12124,4,539.0699999999999,4,539.0699999999999,move,improve
12125,4,539.0699999999999,4,539.0699999999999,move,improve
12126,4,539.0699999999999,4,539.0699999999999,2opt,notBad
12127,4,539.0699999999999,4,539.0699999999999,move,improve
12128,4,539.0699999999999,4,539.0699999999999,move,improve
12129,4,539.0699999999999,4,539.0699999999999,move,improve
12130,4,539.0699999999999,4,539.0699999999999,swap,notBad
12131,4,539.0699999999999,4,539.0699999999999,2opt,notBad
12132,4,539.0699999999999,4,539.0699999999999,2opt,notBad
12133,4,539.0699999999999,4,539.0699999999999,swap,notBad
12134,4,539.0699999999999,4,539.0699999999999,2opt,notBad
12135,4,539.0699999999999,4,539.0699999999999,move,improve
12136,4,539.0699999999999,4,539.0699999999999,move,improve
12137,4,539.0699999999999,4,539.0699999999999,2opt,notBad
12138,4,539.0699999999999,4,539.0699999999999,move,improve
12139,4,539.0699999999999,4,539.0699999999999,move,improve
12140,4,539.0699999999999,4,539.0699999999999,swap,notBad
12141,4,539.0699999999999,4,539.0699999999999,move,improve
12142,4,539.0699999999999,4,539.0699999999999,swap,notBad
12143,4,539.0699999999999,4,539.0699999999999,move,improve
12144,4,539.0699999999999,4,539.0699999999999,swap,notBad
12145,4,539.0699999999999,4,539.0699999999999,2opt,notBad
12146,4,539.0699999999999,4,539.0699999999999,swap,notBad
12147,4,539.0699999999999,4,539.0699999999999,move,improve
12148,4,539.0699999999999,4,539.0699999999999,move,improve
12149,4,539.0699999999999,4,539.0699999999999,swap,notBad
12150,4,539.0699999999999,4,539.0699999999999,2opt,notBad
12151,4,539.0699999999999,4,539.0699999999999,2opt,notBad
12152,4,539.0699999999999,4,539.0699999999999,2opt,notBad
12153,4,539.07,4,539.0699999999999,move,acceptBad
12154,4,539.07,4,539.0699999999999,swap,notBad
12155,4,539.07,4,539.0699999999999,2opt,notBad
12156,4,539.07,4,539.0699999999999,move,improve
12157,4,539.07,4,539.0699999999999,2opt,notBad
12158,4,539.07,4,539.0699999999999,move,improve
12159,4,539.07,4,539.0699999999999,move,improve
12160,4,539.07,4,539.0699999999999,swap,notBad
12161,4,539.07,4,539.0699999999999,move,improve
12162,4,539.07,4,539.0699999999999,move,improve
12163,4,539.07,4,539.0699999999999,swap,notBad
12164,4,539.07,4,539.0699999999999,swap,notBad
12165,4,539.07,4,539.0699999999999,2opt,notBad
12166,4,539.07,4,539.0699999999999,swap,notBad
12167,4,539.07,4,539.0699999999999,move,improve
12168,4,539.07,4,539.0699999999999,2opt,notBad
12169,4,539.07,4,539.0699999999999,2opt,notBad
12170,4,539.07,4,539.0699999999999,swap,notBad
12171,4,539.07,4,539.0699999999999,2opt,notBad
12172,4,539.07,4,539.0699999999999,2opt,notBad
12173,4,539.07,4,539.0699999999999,move,improve
12174,4,539.07,4,539.0699999999999,move,improve
12175,4,539.07,4,539.0699999999999,swap,notBad
12176,4,539.07,4,539.0699999999999,swap,notBad
12177,4,539.07,4,539.0699999999999,swap,notBad
12178,4,539.07,4,539.0699999999999,move,improve
12179,4,539.07,4,539.0699999999999,2opt,notBad
12180,4,539.07,4,539.0699999999999,swap,notBad
12181,4,539.07,4,539.0699999999999,move,improve
12182,4,539.07,4,539.0699999999999,swap,notBad
12183,4,539.07,4,539.0699999999999,swap,notBad
12184,4,539.07,4,539.0699999999999,swap,notBad
12185,4,539.07,4,539.0699999999999,swap,notBad
12186,4,539.07,4,539.0699999999999,swap,notBad
12187,4,539.07,4,539.0699999999999,2opt,notBad
12188,4,539.07,4,539.0699999999999,2opt,notBad
12189,4,539.07,4,539.0699999999999,swap,notBad
12190,4,539.07,4,539.0699999999999,swap,notBad
12191,4,539.07,4,539.0699999999999,2opt,notBad
12192,4,539.07,4,539.0699999999999,move,improve
12193,4,539.07,4,539.0699999999999,move,improve
12194,4,539.07,4,539.0699999999999,2opt,notBad
12195,4,539.07,4,539.0699999999999,move,improve
12196,4,539.07,4,539.0699999999999,move,improve
12197,4,539.07,4,539.0699999999999,2opt,notBad
12198,4,539.07,4,539.0699999999999,move,improve
12199,4,539.07,4,539.0699999999999,2opt,notBad
12200,4,539.07,4,539.0699999999999,swap,notBad
12201,4,536.04,4,536.04,swap,newBest
12202,4,536.04,4,536.04,swap,notBad
12203,4,536.04,4,536.04,move,improve
12204,4,536.04,4,536.04,swap,notBad
12205,4,536.04,4,536.04,move,improve
12206,4,536.04,4,536.04,2opt,notBad
12207,4,536.04,4,536.04,swap,notBad
12208,4,536.04,4,536.04,swap,notBad
12209,4,536.04,4,536.04,swap,notBad
12210,4,536.04,4,536.04,move,improve
12211,4,536.04,4,536.04,swap,notBad
12212,4,536.04,4,536.04,swap,notBad
12213,4,536.04,4,536.04,move,improve
12214,4,536.04,4,536.04,swap,notBad
12215,4,536.04,4,536.04,swap,notBad
12216,4,536.04,4,536.04,swap,notBad
12217,4,536.04,4,536.04,2opt,improve
12218,4,536.04,4,536.04,swap,notBad
12219,4,536.04,4,536.04,2opt,notBad
12220,4,536.04,4,536.04,2opt,notBad
12221,4,536.04,4,536.04,2opt,notBad
12222,4,536.04,4,536.04,swap,notBad
12223,4,536.04,4,536.04,2opt,notBad
12224,4,536.04,4,536.04,move,improve
12225,4,535.16,4,535.16,move,newBest
12226,4,535.16,4,535.16,2opt,notBad
12227,4,535.16,4,535.16,move,improve
12228,4,535.16,4,535.16,swap,notBad
12229,4,535.16,4,535.16,swap,notBad
12230,4,535.16,4,535.16,2opt,notBad
12231,4,535.16,4,535.16,swap,notBad
12232,4,535.16,4,535.16,swap,notBad
12233,4,535.16,4,535.16,2opt,notBad
12234,4,535.16,4,535.16,move,improve
12235,4,535.16,4,535.16,move,improve
12236,4,535.16,4,535.16,swap,notBad
12237,4,535.16,4,535.16,swap,notBad
12238,4,535.16,4,535.16,swap,notBad
12239,4,535.16,4,535.16,swap,notBad
12240,4,535.16,4,535.16,2opt,notBad
12241,4,535.16,4,535.16,move,improve
12242,4,535.16,4,535.16,2opt,notBad
12243,4,535.16,4,535.16,swap,notBad
12244,4,535.16,4,535.16,2opt,notBad
12245,4,535.16,4,535.16,move,improve
12246,4,535.16,4,535.16,swap,notBad
12247,4,535.16,4,535.16,2opt,notBad
12248,4,535.16,4,535.16,swap,notBad
12249,4,535.16,4,535.16,2opt,notBad
12250,4,535.16,4,535.16,2opt,notBad
12251,4,535.16,4,535.16,2opt,notBad
12252,4,535.16,4,535.16,swap,notBad
12253,4,535.16,4,535.16,swap,notBad
12254,4,535.16,4,535.16,2opt,notBad
12255,4,535.16,4,535.16,move,improve
12256,4,535.16,4,535.16,2opt,notBad
12257,4,535.16,4,535.16,2opt,notBad
12258,4,535.16,4,535.16,move,improve
12259,4,535.16,4,535.16,swap,notBad
12260,4,535.16,4,535.16,2opt,notBad
12261,4,535.16,4,535.16,2opt,notBad
12262,4,535.16,4,535.16,move,improve
12263,4,535.16,4,535.16,move,improve
12264,4,535.16,4,535.16,move,improve
12265,4,535.16,4,535.16,move,improve
12266,4,535.16,4,535.16,2opt,notBad
12267,4,535.16,4,535.16,2opt,notBad
12268,4,535.16,4,535.16,move,improve
12269,4,535.16,4,535.16,2opt,notBad
12270,4,535.16,4,535.16,swap,notBad
12271,4,535.16,4,535.16,swap,notBad
12272,4,535.16,4,535.16,move,improve
12273,4,535.16,4,535.16,2opt,notBad
12274,4,535.16,4,535.16,2opt,notBad
12275,4,535.16,4,535.16,swap,notBad
12276,4,535.16,4,535.16,2opt,notBad
12277,4,535.16,4,535.16,swap,notBad
12278,4,535.16,4,535.16,move,improve
12279,4,535.16,4,535.16,move,improve
12280,4,535.16,4,535.16,swap,notBad
12281,4,535.16,4,535.16,move,improve
12282,4,535.16,4,535.16,2opt,notBad
12283,4,535.16,4,535.16,swap,notBad
12284,4,535.16,4,535.16,swap,notBad
12285,4,535.16,4,535.16,2opt,notBad
12286,4,535.16,4,535.16,swap,notBad
12287,4,535.16,4,535.16,2opt,notBad
12288,4,535.16,4,535.16,move,notBad
12289,4,535.16,4,535.16,2opt,notBad
12290,4,535.16,4,535.16,swap,notBad
12291,4,535.16,4,535.16,move,improve
12292,4,535.16,4,535.16,move,improve
12293,4,535.16,4,535.16,2opt,notBad
12294,4,535.16,4,535.16,2opt,notBad
12295,4,535.16,4,535.16,move,improve
12296,4,535.16,4,535.16,swap,notBad
12297,4,535.16,4,535.16,2opt,notBad
12298,4,535.16,4,535.16,move,improve
12299,4,535.16,4,535.16,2opt,notBad
12300,4,535.16,4,535.16,2opt,notBad
12301,4,535.16,4,535.16,swap,notBad
12302,4,535.16,4,535.16,swap,notBad
12303,4,535.16,4,535.16,2opt,notBad
12304,4,535.16,4,535.16,move,improve
12305,4,535.16,4,535.16,swap,notBad
12306,4,535.16,4,535.16,swap,notBad
12307,4,535.16,4,535.16,2opt,notBad
12308,4,535.16,4,535.16,2opt,notBad
12309,4,535.16,4,535.16,2opt,notBad
12310,4,535.16,4,535.16,move,improve
12311,4,535.16,4,535.16,swap,notBad
12312,4,535.16,4,535.16,move,improve
12313,4,535.16,4,535.16,move,improve
12314,4,535.16,4,535.16,2opt,notBad
12315,4,535.16,4,535.16,move,improve
12316,4,535.16,4,535.16,swap,notBad
12317,4,535.16,4,535.16,move,improve
12318,4,535.16,4,535.16,swap,notBad
12319,4,535.16,4,535.16,2opt,notBad
12320,4,535.16,4,535.16,swap,notBad
12321,4,535.16,4,535.16,2opt,notBad
12322,4,535.16,4,535.16,move,improve
12323,4,535.16,4,535.16,move,improve
12324,4,535.16,4,535.16,2opt,notBad
12325,4,535.16,4,535.16,swap,notBad
12326,4,535.16,4,535.16,move,improve
12327,4,535.16,4,535.16,swap,notBad
12328,4,535.16,4,535.16,swap,notBad
12329,4,535.16,4,535.16,move,improve
12330,4,535.16,4,535.16,move,improve
12331,4,535.16,4,535.16,2opt,notBad
12332,4,535.16,4,535.16,move,improve
12333,4,535.16,4,535.16,2opt,notBad
12334,4,535.16,4,535.16,2opt,notBad
12335,4,535.16,4,535.16,2opt,notBad
12336,4,535.16,4,535.16,swap,notBad
12337,4,535.16,4,535.16,move,improve
12338,4,535.16,4,535.16,move,improve
12339,4,535.16,4,535.16,swap,notBad
12340,4,535.16,4,535.16,swap,notBad
12341,4,535.16,4,535.16,move,improve
12342,4,535.16,4,535.16,2opt,notBad
12343,4,535.16,4,535.16,2opt,notBad
12344,4,535.16,4,535.16,swap,notBad
12345,4,535.16,4,535.16,move,improve
12346,4,535.16,4,535.16,2opt,notBad
12347,4,535.16,4,535.16,2opt,notBad
12348,4,535.16,4,535.16,2opt,notBad
12349,4,535.16,4,535.16,move,improve
12350,4,535.16,4,535.16,swap,notBad
12351,4,535.16,4,535.16,move,improve
12352,4,535.16,4,535.16,swap,notBad
12353,4,535.16,4,535.16,swap,notBad
12354,4,535.16,4,535.16,swap,notBad
12355,4,535.16,4,535.16,swap,notBad
12356,4,535.16,4,535.16,swap,notBad
12357,4,535.16,4,535.16,2opt,notBad
12358,4,535.16,4,535.16,2opt,notBad
12359,4,535.16,4,535.16,move,improve
12360,4,535.16,4,535.16,move,improve
12361,4,535.16,4,535.16,swap,notBad
12362,4,535.16,4,535.16,swap,notBad
12363,4,535.16,4,535.16,2opt,notBad
12364,4,535.16,4,535.16,move,improve
12365,4,535.16,4,535.16,2opt,notBad
12366,4,535.16,4,535.16,swap,notBad
12367,4,535.16,4,535.16,2opt,improve
12368,4,535.16,4,535.16,swap,notBad
12369,4,535.16,4,535.16,move,improve
12370,4,535.16,4,535.16,2opt,notBad
12371,4,535.16,4,535.16,move,improve
12372,4,535.16,4,535.16,move,improve
12373,4,535.16,4,535.16,swap,notBad
12374,4,535.16,4,535.16,move,improve
12375,4,535.16,4,535.16,swap,notBad
12376,4,535.16,4,535.16,swap,notBad
12377,4,535.16,4,535.16,swap,notBad
12378,4,535.16,4,535.16,swap,notBad
12379,4,535.16,4,535.16,2opt,notBad
12380,4,535.16,4,535.16,2opt,notBad
12381,4,535.16,4,535.16,move,improve
12382,4,535.16,4,535.16,swap,notBad
12383,4,535.16,4,535.16,2opt,notBad
12384,4,535.16,4,535.16,swap,notBad
12385,4,535.16,4,535.16,swap,notBad
12386,4,535.16,4,535.16,2opt,notBad
12387,4,535.16,4,535.16,swap,notBad
12388,4,535.16,4,535.16,swap,notBad
12389,4,535.16,4,535.16,swap,notBad
12390,4,535.16,4,535.16,swap,notBad
12391,4,535.16,4,535.16,2opt,notBad
12392,4,535.16,4,535.16,swap,notBad
12393,4,535.16,4,535.16,2opt,notBad
12394,4,535.16,4,535.16,2opt,notBad
12395,4,535.16,4,535.16,swap,notBad
12396,4,535.16,4,535.16,move,improve
12397,4,535.16,4,535.16,swap,notBad
12398,4,535.16,4,535.16,2opt,notBad
12399,4,535.16,4,535.16,swap,notBad
12400,4,535.16,4,535.16,swap,notBad
12401,4,535.16,4,535.16,swap,notBad
12402,4,535.16,4,535.16,move,improve
12403,4,535.16,4,535.16,move,improve
12404,4,535.16,4,535.16,2opt,notBad
12405,4,535.16,4,535.16,move,improve
12406,4,535.16,4,535.16,swap,notBad
12407,4,535.16,4,535.16,2opt,notBad
12408,4,535.16,4,535.16,2opt,notBad
12409,4,535.16,4,535.16,move,improve
12410,4,535.16,4,535.16,2opt,notBad
12411,4,535.16,4,535.16,swap,notBad
12412,4,535.16,4,535.16,swap,notBad
12413,4,535.16,4,535.16,2opt,notBad
12414,4,535.16,4,535.16,swap,notBad
12415,4,535.16,4,535.16,2opt,notBad
12416,4,535.16,4,535.16,2opt,notBad
12417,4,535.16,4,535.16,2opt,notBad
12418,4,535.16,4,535.16,2opt,notBad
12419,4,535.16,4,535.16,2opt,notBad
12420,4,535.16,4,535.16,move,improve
12421,4,535.16,4,535.16,2opt,notBad
12422,4,535.16,4,535.16,swap,notBad
12423,4,535.16,4,535.16,move,improve
12424,4,535.16,4,535.16,2opt,notBad
12425,4,535.16,4,535.16,2opt,notBad
12426,4,535.16,4,535.16,move,improve
12427,4,535.16,4,535.16,swap,notBad
12428,4,535.16,4,535.16,swap,notBad
12429,4,535.16,4,535.16,2opt,notBad
12430,4,535.16,4,535.16,move,improve
12431,4,535.16,4,535.16,2opt,improve
12432,4,535.16,4,535.16,move,improve
12433,4,535.16,4,535.16,swap,notBad
12434,4,535.16,4,535.16,move,improve
12435,4,535.16,4,535.16,2opt,notBad
12436,4,535.16,4,535.16,move,improve
12437,4,535.16,4,535.16,move,improve
12438,4,535.16,4,535.16,2opt,notBad
12439,4,535.16,4,535.16,swap,notBad
12440,4,535.16,4,535.16,move,improve
12441,4,535.16,4,535.16,swap,notBad
12442,4,535.16,4,535.16,swap,notBad
12443,4,535.16,4,535.16,2opt,notBad
12444,4,535.16,4,535.16,move,improve
12445,4,535.16,4,535.16,move,improve
12446,4,535.16,4,535.16,2opt,notBad
12447,4,535.16,4,535.16,swap,notBad
12448,4,535.16,4,535.16,swap,notBad
12449,4,535.16,4,535.16,move,improve
12450,4,535.16,4,535.16,move,improve
12451,4,535.16,4,535.16,move,improve
12452,4,535.16,4,535.16,2opt,notBad
12453,4,535.16,4,535.16,2opt,notBad
12454,4,535.16,4,535.16,move,improve
12455,4,535.16,4,535.16,2opt,notBad
12456,4,535.16,4,535.16,swap,notBad
12457,4,535.16,4,535.16,2opt,improve
12458,4,535.16,4,535.16,move,improve
12459,4,535.16,4,535.16,2opt,notBad
12460,4,535.16,4,535.16,swap,notBad
12461,4,535.16,4,535.16,2opt,notBad
12462,4,535.16,4,535.16,2opt,notBad
12463,4,535.16,4,535.16,2opt,notBad
12464,4,535.16,4,535.16,swap,notBad
12465,4,535.16,4,535.16,swap,notBad
12466,4,535.16,4,535.16,2opt,notBad
12467,4,535.16,4,535.16,move,improve
12468,4,535.16,4,535.16,2opt,notBad
12469,4,535.16,4,535.16,move,improve
12470,4,535.16,4,535.16,move,improve
12471,4,535.16,4,535.16,move,improve
12472,4,535.16,4,535.16,2opt,notBad
12473,4,535.16,4,535.16,swap,notBad
12474,4,535.16,4,535.16,move,improve
12475,4,535.16,4,535.16,2opt,notBad
12476,4,535.16,4,535.16,move,improve
12477,4,535.16,4,535.16,move,improve
12478,4,535.16,4,535.16,2opt,notBad
12479,4,535.16,4,535.16,move,improve
12480,4,535.16,4,535.16,2opt,notBad
12481,4,535.16,4,535.16,2opt,notBad
12482,4,535.16,4,535.16,2opt,notBad
12483,4,535.16,4,535.16,move,improve
12484,4,535.16,4,535.16,move,improve
12485,4,535.16,4,535.16,move,improve
12486,4,535.16,4,535.16,swap,notBad
12487,4,535.16,4,535.16,2opt,notBad
12488,4,535.16,4,535.16,move,improve
12489,4,535.16,4,535.16,move,improve
12490,4,535.16,4,535.16,2opt,notBad
12491,4,535.16,4,535.16,move,improve
12492,4,535.16,4,535.16,2opt,notBad
12493,4,535.16,4,535.16,move,improve
12494,4,535.16,4,535.16,swap,notBad
12495,4,535.16,4,535.16,move,improve
12496,4,535.16,4,535.16,move,improve
12497,4,535.16,4,535.16,swap,notBad
12498,4,535.16,4,535.16,2opt,notBad
12499,4,535.16,4,535.16,move,improve
12500,4,535.16,4,535.16,swap,notBad
12501,4,535.16,4,535.16,swap,notBad
12502,4,535.16,4,535.16,2opt,notBad
12503,4,535.16,4,535.16,move,improve
12504,4,535.16,4,535.16,2opt,notBad
12505,4,535.16,4,535.16,swap,notBad
12506,4,535.16,4,535.16,swap,notBad
12507,4,535.16,4,535.16,swap,notBad
12508,4,535.16,4,535.16,2opt,notBad
12509,4,535.16,4,535.16,2opt,notBad
12510,4,535.16,4,535.16,move,improve
12511,4,535.16,4,535.16,2opt,notBad
12512,4,535.16,4,535.16,move,improve
12513,4,535.16,4,535.16,swap,notBad
12514,4,535.16,4,535.16,move,improve
12515,4,535.16,4,535.16,2opt,notBad
12516,4,535.16,4,535.16,swap,notBad
12517,4,535.16,4,535.16,swap,notBad
12518,4,535.16,4,535.16,move,improve
12519,4,535.16,4,535.16,swap,notBad
12520,4,535.16,4,535.16,move,improve
12521,4,535.16,4,535.16,2opt,notBad
12522,4,535.16,4,535.16,2opt,notBad
12523,4,535.16,4,535.16,swap,notBad
12524,4,535.16,4,535.16,2opt,notBad
12525,4,535.16,4,535.16,2opt,notBad
12526,4,535.16,4,535.16,2opt,notBad
12527,4,535.16,4,535.16,move,improve
12528,4,535.16,4,535.16,move,improve
12529,4,535.16,4,535.16,2opt,notBad
12530,4,535.16,4,535.16,2opt,notBad
12531,4,535.16,4,535.16,2opt,notBad
12532,4,535.16,4,535.16,swap,notBad
12533,4,535.16,4,535.16,2opt,notBad
12534,4,535.16,4,535.16,2opt,notBad
12535,4,535.16,4,535.16,move,improve
12536,4,535.16,4,535.16,move,improve
12537,4,535.16,4,535.16,2opt,notBad
12538,4,535.16,4,535.16,move,improve
12539,4,535.16,4,535.16,2opt,notBad
12540,4,535.16,4,535.16,2opt,notBad
12541,4,535.16,4,535.16,2opt,notBad
12542,4,535.16,4,535.16,move,improve
12543,4,535.16,4,535.16,move,notBad
12544,4,535.16,4,535.16,move,improve
12545,4,535.16,4,535.16,swap,notBad
12546,4,535.16,4,535.16,swap,notBad
12547,4,535.16,4,535.16,swap,notBad
12548,4,535.16,4,535.16,swap,notBad
12549,4,535.16,4,535.16,move,improve
12550,4,535.16,4,535.16,2opt,notBad
12551,4,535.16,4,535.16,2opt,notBad
12552,4,535.16,4,535.16,2opt,notBad
12553,4,535.16,4,535.16,swap,notBad
12554,4,535.16,4,535.16,move,improve
12555,4,535.16,4,535.16,2opt,notBad
12556,4,535.16,4,535.16,move,improve
12557,4,535.16,4,535.16,move,improve
12558,4,535.16,4,535.16,move,improve
12559,4,535.16,4,535.16,swap,notBad
12560,4,535.16,4,535.16,move,improve
12561,4,535.16,4,535.16,2opt,improve
12562,4,535.16,4,535.16,swap,notBad
12563,4,535.16,4,535.16,2opt,notBad
12564,4,535.16,4,535.16,swap,notBad
12565,4,535.16,4,535.16,move,improve
12566,4,535.16,4,535.16,swap,notBad
12567,4,535.16,4,535.16,2opt,notBad
12568,4,535.16,4,535.16,move,improve
12569,4,535.16,4,535.16,move,improve
12570,4,535.16,4,535.16,move,improve
12571,4,535.16,4,535.16,2opt,improve
12572,4,535.16,4,535.16,2opt,notBad
12573,4,535.16,4,535.16,swap,notBad
12574,4,535.16,4,535.16,move,improve
12575,4,535.16,4,535.16,move,improve
12576,4,535.16,4,535.16,move,improve
12577,4,535.16,4,535.16,2opt,notBad
12578,4,535.16,4,535.16,2opt,notBad
12579,4,535.16,4,535.16,swap,notBad
12580,4,535.16,4,535.16,move,improve
12581,4,535.16,4,535.16,move,improve
12582,4,535.16,4,535.16,move,improve
12583,4,535.16,4,535.16,move,improve
12584,4,535.16,4,535.16,move,improve
12585,4,535.16,4,535.16,2opt,notBad
12586,4,535.16,4,535.16,2opt,notBad
12587,4,535.16,4,535.16,swap,notBad
12588,4,535.16,4,535.16,move,improve
12589,4,535.16,4,535.16,2opt,notBad
12590,4,535.16,4,535.16,move,improve
12591,4,535.16,4,535.16,move,improve
12592,4,535.16,4,535.16,swap,notBad
12593,4,535.16,4,535.16,move,improve
12594,4,535.16,4,535.16,move,improve
12595,4,535.16,4,535.16,2opt,notBad
12596,4,535.16,4,535.16,2opt,notBad
12597,4,535.16,4,535.16,move,notBad
12598,4,535.16,4,535.16,move,improve
12599,4,535.16,4,535.16,swap,notBad
12600,4,535.16,4,535.16,move,improve
12601,4,535.16,4,535.16,2opt,notBad
12602,4,535.16,4,535.16,2opt,notBad
12603,4,535.16,4,535.16,swap,notBad
12604,4,535.16,4,535.16,swap,notBad
12605,4,535.16,4,535.16,move,improve
12606,4,535.16,4,535.16,move,improve
12607,4,535.16,4,535.16,move,improve
12608,4,535.16,4,535.16,move,improve
12609,4,535.16,4,535.16,move,improve
12610,4,535.16,4,535.16,move,improve
12611,4,535.16,4,535.16,move,improve
12612,4,535.16,4,535.16,2opt,notBad
12613,4,535.16,4,535.16,swap,notBad
12614,4,535.16,4,535.16,move,improve
12615,4,535.16,4,535.16,move,improve
12616,4,535.16,4,535.16,move,improve
12617,4,535.16,4,535.16,swap,notBad
12618,4,535.16,4,535.16,2opt,notBad
12619,4,535.16,4,535.16,2opt,notBad
12620,4,535.16,4,535.16,2opt,notBad
12621,4,535.16,4,535.16,2opt,notBad
12622,4,535.16,4,535.16,2opt,notBad
12623,4,535.16,4,535.16,move,improve
12624,4,535.16,4,535.16,swap,notBad
12625,4,535.16,4,535.16,2opt,notBad
12626,4,535.16,4,535.16,move,improve
12627,4,535.16,4,535.16,2opt,notBad
12628,4,535.16,4,535.16,swap,notBad
12629,4,535.16,4,535.16,2opt,notBad
12630,4,535.16,4,535.16,swap,notBad
12631,4,535.16,4,535.16,move,improve
12632,4,535.16,4,535.16,move,improve
12633,4,535.16,4,535.16,swap,notBad
12634,4,535.16,4,535.16,swap,notBad
12635,4,535.16,4,535.16,move,improve
12636,4,535.16,4,535.16,swap,notBad
12637,4,535.16,4,535.16,swap,notBad
12638,4,535.16,4,535.16,swap,notBad
12639,4,535.16,4,535.16,move,improve
12640,4,535.16,4,535.16,swap,notBad
12641,4,535.16,4,535.16,move,improve
12642,4,535.16,4,535.16,2opt,improve
12643,4,535.16,4,535.16,swap,notBad
12644,4,535.16,4,535.16,swap,notBad
12645,4,535.16,4,535.16,swap,notBad
12646,4,535.16,4,535.16,2opt,notBad
12647,4,535.16,4,535.16,2opt,notBad
12648,4,535.16,4,535.16,2opt,notBad
12649,4,535.16,4,535.16,2opt,notBad
12650,4,535.16,4,535.16,swap,notBad
12651,4,535.16,4,535.16,swap,notBad
12652,4,535.16,4,535.16,2opt,notBad
12653,4,535.16,4,535.16,2opt,notBad
12654,4,535.16,4,535.16,2opt,notBad
12655,4,535.16,4,535.16,2opt,improve
12656,4,535.16,4,535.16,2opt,notBad
12657,4,535.16,4,535.16,swap,notBad
12658,4,535.16,4,535.16,move,improve
12659,4,535.16,4,535.16,move,improve
12660,4,535.16,4,535.16,move,improve
12661,4,535.16,4,535.16,2opt,notBad
12662,4,535.16,4,535.16,2opt,improve
12663,4,535.16,4,535.16,2opt,notBad
12664,4,535.16,4,535.16,move,improve
12665,4,535.16,4,535.16,2opt,notBad
12666,4,535.16,4,535.16,2opt,notBad
12667,4,535.16,4,535.16,2opt,improve
12668,4,535.16,4,535.16,move,improve
12669,4,535.16,4,535.16,move,improve
12670,4,535.16,4,535.16,move,notBad
12671,4,535.16,4,535.16,2opt,notBad
12672,4,535.16,4,535.16,swap,notBad
12673,4,535.16,4,535.16,swap,notBad
12674,4,535.16,4,535.16,move,improve
12675,4,535.16,4,535.16,2opt,notBad
12676,4,535.16,4,535.16,swap,notBad
12677,4,535.16,4,535.16,2opt,notBad
12678,4,535.16,4,535.16,swap,notBad
12679,4,535.16,4,535.16,swap,notBad
12680,4,535.16,4,535.16,move,improve
12681,4,535.16,4,535.16,move,improve
12682,4,535.16,4,535.16,move,improve
12683,4,535.16,4,535.16,move,improve
12684,4,535.16,4,535.16,swap,notBad
12685,4,535.16,4,535.16,swap,notBad
12686,4,535.16,4,535.16,2opt,notBad
12687,4,535.16,4,535.16,swap,notBad
12688,4,535.16,4,535.16,move,improve
12689,4,535.16,4,535.16,swap,notBad
12690,4,535.16,4,535.16,2opt,notBad
12691,4,535.16,4,535.16,swap,notBad
12692,4,535.16,4,535.16,move,improve
12693,4,535.16,4,535.16,2opt,notBad
12694,4,535.16,4,535.16,move,improve
12695,4,535.16,4,535.16,2opt,notBad
12696,4,535.16,4,535.16,swap,notBad
12697,4,535.16,4,535.16,move,improve
12698,4,535.16,4,535.16,2opt,notBad
12699,4,535.16,4,535.16,swap,notBad
12700,4,535.16,4,535.16,move,improve
12701,4,535.16,4,535.16,2opt,notBad
12702,4,535.16,4,535.16,move,improve
12703,4,535.16,4,535.16,move,improve
12704,4,535.16,4,535.16,swap,notBad
12705,4,535.16,4,535.16,swap,notBad
12706,4,535.16,4,535.16,swap,notBad
12707,4,535.16,4,535.16,swap,notBad
12708,4,535.16,4,535.16,swap,notBad
12709,4,535.16,4,535.16,2opt,improve
12710,4,535.16,4,535.16,move,improve
12711,4,535.16,4,535.16,move,improve
12712,4,535.16,4,535.16,swap,notBad
12713,4,535.16,4,535.16,swap,notBad
12714,4,535.16,4,535.16,swap,notBad
12715,4,535.16,4,535.16,swap,notBad
12716,4,535.16,4,535.16,move,improve
12717,4,535.16,4,535.16,move,improve
12718,4,535.16,4,535.16,move,improve
12719,4,535.16,4,535.16,2opt,notBad
12720,4,535.16,4,535.16,move,improve
12721,4,535.16,4,535.16,2opt,notBad
12722,4,535.16,4,535.16,move,improve
12723,4,535.16,4,535.16,move,improve
12724,4,535.16,4,535.16,2opt,notBad
12725,4,535.16,4,535.16,2opt,notBad
12726,4,535.16,4,535.16,swap,notBad
12727,4,535.16,4,535.16,2opt,notBad
12728,4,535.16,4,535.16,2opt,notBad
12729,4,535.16,4,535.16,swap,notBad
12730,4,535.16,4,535.16,swap,notBad
12731,4,535.16,4,535.16,move,improve
12732,4,535.16,4,535.16,2opt,notBad
12733,4,535.16,4,535.16,2opt,notBad
12734,4,535.16,4,535.16,2opt,notBad
12735,4,535.16,4,535.16,move,improve
12736,4,535.16,4,535.16,move,improve
12737,4,535.16,4,535.16,move,notBad
12738,4,535.16,4,535.16,move,improve
12739,4,535.16,4,535.16,move,improve
12740,4,535.16,4,535.16,swap,notBad
12741,4,535.16,4,535.16,swap,notBad
12742,4,535.16,4,535.16,swap,notBad
12743,4,535.16,4,535.16,move,improve
12744,4,535.16,4,535.16,swap,notBad
12745,4,535.16,4,535.16,2opt,notBad
12746,4,535.16,4,535.16,swap,notBad
12747,4,535.16,4,535.16,2opt,notBad
12748,4,535.16,4,535.16,swap,notBad
12749,4,535.16,4,535.16,swap,notBad
12750,4,535.16,4,535.16,swap,notBad
12751,4,535.16,4,535.16,move,improve
12752,4,535.16,4,535.16,swap,notBad
12753,4,535.16,4,535.16,swap,notBad
12754,4,535.16,4,535.16,swap,notBad
12755,4,535.16,4,535.16,2opt,improve
12756,4,535.16,4,535.16,2opt,notBad
12757,4,535.16,4,535.16,move,improve
12758,4,535.16,4,535.16,2opt,notBad
12759,4,535.16,4,535.16,move,improve
12760,4,535.16,4,535.16,move,improve
12761,4,535.16,4,535.16,2opt,notBad
12762,4,535.16,4,535.16,swap,notBad
12763,4,535.16,4,535.16,2opt,notBad
12764,4,535.16,4,535.16,swap,notBad
12765,4,535.16,4,535.16,2opt,notBad
12766,4,535.16,4,535.16,swap,notBad
12767,4,535.16,4,535.16,2opt,notBad
12768,4,535.16,4,535.16,swap,notBad
12769,4,535.16,4,535.16,move,improve
12770,4,535.16,4,535.16,move,improve
12771,4,535.16,4,535.16,swap,notBad
12772,4,535.16,4,535.16,2opt,notBad
12773,4,535.16,4,535.16,swap,notBad
12774,4,535.16,4,535.16,2opt,notBad
12775,4,535.16,4,535.16,2opt,notBad
12776,4,535.16,4,535.16,2opt,notBad
12777,4,535.16,4,535.16,move,improve
12778,4,535.16,4,535.16,swap,notBad
12779,4,535.16,4,535.16,2opt,improve
12780,4,535.16,4,535.16,move,improve
12781,4,535.16,4,535.16,swap,notBad
12782,4,535.16,4,535.16,move,improve
12783,4,535.16,4,535.16,2opt,notBad
12784,4,535.16,4,535.16,move,improve
12785,4,535.16,4,535.16,2opt,notBad
12786,4,535.16,4,535.16,move,improve
12787,4,535.16,4,535.16,move,improve
12788,4,535.16,4,535.16,2opt,notBad
12789,4,535.16,4,535.16,move,improve
12790,4,535.16,4,535.16,2opt,notBad
12791,4,535.16,4,535.16,move,improve
12792,4,535.16,4,535.16,2opt,notBad
12793,4,535.16,4,535.16,swap,notBad
12794,4,535.16,4,535.16,swap,notBad
12795,4,535.16,4,535.16,swap,notBad
12796,4,535.16,4,535.16,2opt,notBad
12797,4,535.16,4,535.16,move,improve
12798,4,535.16,4,535.16,2opt,notBad
12799,4,535.16,4,535.16,move,improve
12800,4,535.16,4,535.16,swap,notBad
12801,4,535.16,4,535.16,move,improve
12802,4,535.16,4,535.16,swap,notBad
12803,4,535.16,4,535.16,swap,notBad
12804,4,535.16,4,535.16,swap,notBad
12805,4,535.16,4,535.16,swap,notBad
12806,4,535.16,4,535.16,2opt,notBad
12807,4,535.16,4,535.16,2opt,notBad
12808,4,535.16,4,535.16,move,improve
12809,4,535.16,4,535.16,move,improve
12810,4,535.16,4,535.16,move,notBad
12811,4,535.16,4,535.16,2opt,notBad
12812,4,535.16,4,535.16,2opt,notBad
12813,4,535.16,4,535.16,2opt,notBad
12814,4,535.16,4,535.16,swap,notBad
12815,4,535.16,4,535.16,swap,notBad
12816,4,535.16,4,535.16,move,improve
12817,4,535.16,4,535.16,move,improve
12818,4,535.16,4,535.16,move,improve
12819,4,535.16,4,535.16,move,improve
12820,4,535.16,4,535.16,swap,notBad
12821,4,535.16,4,535.16,swap,notBad
12822,4,535.16,4,535.16,swap,notBad
12823,4,535.16,4,535.16,2opt,notBad
12824,4,535.16,4,535.16,2opt,notBad
12825,4,535.16,4,535.16,move,improve
12826,4,535.16,4,535.16,swap,notBad
12827,4,535.16,4,535.16,swap,notBad
12828,4,535.16,4,535.16,2opt,notBad
12829,4,535.16,4,535.16,2opt,notBad
12830,4,535.16,4,535.16,2opt,notBad
12831,4,535.16,4,535.16,swap,notBad
12832,4,535.16,4,535.16,swap,notBad
12833,4,535.16,4,535.16,swap,notBad
12834,4,535.16,4,535.16,swap,notBad
12835,4,535.16,4,535.16,move,improve
12836,4,535.16,4,535.16,swap,notBad
12837,4,535.16,4,535.16,swap,notBad
12838,4,535.16,4,535.16,move,improve
12839,4,535.16,4,535.16,move,improve
12840,4,535.16,4,535.16,2opt,notBad
12841,4,535.16,4,535.16,swap,notBad
12842,4,535.16,4,535.16,swap,notBad
12843,4,535.16,4,535.16,2opt,notBad
12844,4,535.16,4,535.16,2opt,notBad
12845,4,535.16,4,535.16,move,improve
12846,4,535.16,4,535.16,move,improve
12847,4,535.16,4,535.16,2opt,notBad
12848,4,535.16,4,535.16,swap,notBad
12849,4,535.16,4,535.16,swap,notBad
12850,4,535.16,4,535.16,swap,notBad
12851,4,535.16,4,535.16,2opt,notBad
12852,4,535.16,4,535.16,swap,notBad
12853,4,535.16,4,535.16,2opt,notBad
12854,4,535.16,4,535.16,swap,notBad
12855,4,535.16,4,535.16,swap,notBad
12856,4,535.16,4,535.16,2opt,notBad
12857,4,535.16,4,535.16,swap,notBad
12858,4,535.16,4,535.16,move,improve
12859,4,535.16,4,535.16,2opt,notBad
12860,4,535.16,4,535.16,swap,notBad
12861,4,535.16,4,535.16,swap,notBad
12862,4,535.16,4,535.16,move,improve
12863,4,535.16,4,535.16,2opt,improve
12864,4,535.16,4,535.16,move,improve
12865,4,535.16,4,535.16,swap,notBad
12866,4,535.16,4,535.16,move,improve
12867,4,535.16,4,535.16,swap,notBad
12868,4,535.16,4,535.16,2opt,notBad
12869,4,535.16,4,535.16,2opt,notBad
12870,4,535.16,4,535.16,swap,notBad
12871,4,535.16,4,535.16,2opt,notBad
12872,4,535.16,4,535.16,2opt,notBad
12873,4,535.16,4,535.16,2opt,notBad
12874,4,535.16,4,535.16,move,improve
12875,4,535.16,4,535.16,move,improve
12876,4,535.16,4,535.16,move,improve
12877,4,535.16,4,535.16,move,improve
12878,4,535.16,4,535.16,2opt,notBad
12879,4,535.16,4,535.16,swap,notBad
12880,4,535.16,4,535.16,move,improve
12881,4,535.16,4,535.16,move,improve
12882,4,535.16,4,535.16,move,improve
12883,4,535.16,4,535.16,move,improve
12884,4,535.16,4,535.16,move,improve
12885,4,535.16,4,535.16,2opt,notBad
12886,4,535.16,4,535.16,2opt,notBad
12887,4,535.16,4,535.16,move,improve
12888,4,535.16,4,535.16,move,improve
12889,4,535.16,4,535.16,move,improve
12890,4,535.16,4,535.16,swap,notBad
12891,4,535.16,4,535.16,swap,notBad
12892,4,535.16,4,535.16,swap,notBad
12893,4,535.16,4,535.16,move,improve
12894,4,535.16,4,535.16,2opt,notBad
12895,4,535.16,4,535.16,swap,notBad
12896,4,535.16,4,535.16,2opt,notBad
12897,4,535.16,4,535.16,2opt,notBad
12898,4,535.16,4,535.16,swap,notBad
12899,4,535.16,4,535.16,move,improve
12900,4,535.16,4,535.16,2opt,notBad
12901,4,535.16,4,535.16,swap,notBad
12902,4,535.16,4,535.16,move,improve
12903,4,535.16,4,535.16,2opt,notBad
12904,4,535.16,4,535.16,swap,notBad
12905,4,535.16,4,535.16,move,notBad
12906,4,535.16,4,535.16,2opt,notBad
12907,4,535.16,4,535.16,swap,notBad
12908,4,535.16,4,535.16,move,improve
12909,4,535.16,4,535.16,swap,notBad
12910,4,535.16,4,535.16,2opt,notBad
12911,4,535.16,4,535.16,swap,notBad
12912,4,535.16,4,535.16,swap,notBad
12913,4,535.16,4,535.16,swap,notBad
12914,4,535.16,4,535.16,2opt,notBad
12915,4,535.16,4,535.16,move,improve
12916,4,535.16,4,535.16,swap,notBad
12917,4,535.16,4,535.16,swap,notBad
12918,4,535.16,4,535.16,move,improve
12919,4,535.16,4,535.16,swap,notBad
12920,4,535.16,4,535.16,2opt,notBad
12921,4,535.16,4,535.16,swap,notBad
12922,4,535.16,4,535.16,2opt,notBad
12923,4,535.16,4,535.16,2opt,notBad
12924,4,535.16,4,535.16,move,improve
12925,4,535.16,4,535.16,move,improve
12926,4,535.16,4,535.16,2opt,notBad
12927,4,535.16,4,535.16,2opt,notBad
12928,4,535.16,4,535.16,2opt,notBad
12929,4,535.16,4,535.16,2opt,notBad
12930,4,535.16,4,535.16,swap,notBad
12931,4,535.16,4,535.16,2opt,notBad
12932,4,535.16,4,535.16,2opt,notBad
12933,4,535.16,4,535.16,swap,notBad
12934,4,535.16,4,535.16,move,improve
12935,4,535.16,4,535.16,2opt,notBad
12936,4,535.16,4,535.16,swap,notBad
12937,4,535.16,4,535.16,2opt,notBad
12938,4,535.16,4,535.16,swap,notBad
12939,4,535.16,4,535.16,2opt,notBad
12940,4,535.16,4,535.16,move,improve
12941,4,535.16,4,535.16,move,improve
12942,4,535.16,4,535.16,move,notBad
12943,4,535.16,4,535.16,swap,notBad
12944,4,535.16,4,535.16,swap,notBad
12945,4,535.16,4,535.16,move,improve
12946,4,535.16,4,535.16,swap,notBad
12947,4,535.16,4,535.16,move,improve
12948,4,535.16,4,535.16,swap,notBad
12949,4,535.16,4,535.16,swap,notBad
12950,4,535.16,4,535.16,swap,notBad
12951,4,535.16,4,535.16,swap,notBad
12952,4,535.16,4,535.16,swap,notBad
12953,4,535.16,4,535.16,move,improve
12954,4,535.16,4,535.16,move,improve
12955,4,535.16,4,535.16,move,improve
12956,4,535.16,4,535.16,2opt,notBad
12957,4,535.16,4,535.16,2opt,notBad
12958,4,535.16,4,535.16,move,improve
12959,4,535.16,4,535.16,move,improve
12960,4,535.16,4,535.16,move,improve
12961,4,535.16,4,535.16,swap,notBad
12962,4,535.16,4,535.16,move,improve
12963,4,535.16,4,535.16,2opt,notBad
12964,4,535.16,4,535.16,swap,notBad
12965,4,535.16,4,535.16,2opt,notBad
12966,4,535.16,4,535.16,swap,notBad
12967,4,535.16,4,535.16,swap,notBad
12968,4,535.16,4,535.16,move,improve
12969,4,535.16,4,535.16,move,improve
12970,4,535.16,4,535.16,swap,notBad
12971,4,535.16,4,535.16,2opt,notBad
12972,4,535.16,4,535.16,move,improve
12973,4,535.16,4,535.16,move,improve
12974,4,535.16,4,535.16,swap,notBad
12975,4,535.16,4,535.16,move,improve
12976,4,535.16,4,535.16,swap,notBad
12977,4,535.16,4,535.16,swap,notBad
12978,4,535.16,4,535.16,2opt,notBad
12979,4,535.16,4,535.16,2opt,notBad
12980,4,535.16,4,535.16,move,improve
12981,4,535.16,4,535.16,2opt,notBad
12982,4,535.16,4,535.16,move,improve
12983,4,535.16,4,535.16,move,improve
12984,4,535.16,4,535.16,move,improve
12985,4,535.16,4,535.16,move,improve
12986,4,535.16,4,535.16,2opt,notBad
12987,4,535.16,4,535.16,move,improve
12988,4,535.16,4,535.16,move,improve
12989,4,535.16,4,535.16,move,improve
12990,4,535.16,4,535.16,swap,notBad
12991,4,535.16,4,535.16,swap,notBad
12992,4,535.16,4,535.16,2opt,notBad
12993,4,535.16,4,535.16,2opt,notBad
12994,4,535.16,4,535.16,2opt,notBad
12995,4,535.16,4,535.16,2opt,notBad
12996,4,535.16,4,535.16,2opt,notBad
12997,4,535.16,4,535.16,2opt,notBad
12998,4,535.16,4,535.16,move,improve
12999,4,535.16,4,535.16,2opt,notBad
13000,4,535.16,4,535.16,swap,notBad
13001,4,535.16,4,535.16,move,improve
13002,4,535.16,4,535.16,2opt,notBad
13003,4,535.16,4,535.16,2opt,notBad
13004,4,535.16,4,535.16,move,improve
13005,4,535.16,4,535.16,swap,notBad
13006,4,535.16,4,535.16,move,improve
13007,4,535.16,4,535.16,swap,notBad
13008,4,535.16,4,535.16,2opt,notBad
13009,4,535.16,4,535.16,move,improve
13010,4,535.16,4,535.16,2opt,notBad
13011,4,535.16,4,535.16,swap,notBad
13012,4,535.16,4,535.16,swap,notBad
13013,4,535.16,4,535.16,2opt,notBad
13014,4,535.16,4,535.16,2opt,notBad
13015,4,535.16,4,535.16,2opt,notBad
13016,4,535.16,4,535.16,swap,notBad
13017,4,535.16,4,535.16,2opt,notBad
13018,4,535.16,4,535.16,swap,notBad
13019,4,535.16,4,535.16,swap,notBad
13020,4,535.16,4,535.16,2opt,improve
13021,4,535.16,4,535.16,2opt,notBad
13022,4,535.16,4,535.16,2opt,notBad
13023,4,535.16,4,535.16,move,improve
13024,4,535.16,4,535.16,2opt,notBad
13025,4,535.16,4,535.16,2opt,notBad
13026,4,535.16,4,535.16,2opt,notBad
13027,4,535.16,4,535.16,2opt,notBad
13028,4,535.16,4,535.16,2opt,notBad
13029,4,535.16,4,535.16,swap,notBad
13030,4,535.16,4,535.16,2opt,notBad
13031,4,535.16,4,535.16,2opt,notBad
13032,4,535.16,4,535.16,move,improve
13033,4,535.16,4,535.16,swap,notBad
13034,4,535.16,4,535.16,2opt,notBad
13035,4,535.16,4,535.16,move,improve
13036,4,535.16,4,535.16,swap,notBad
13037,4,535.16,4,535.16,2opt,notBad
13038,4,535.16,4,535.16,swap,notBad
13039,4,535.16,4,535.16,swap,notBad
13040,4,535.16,4,535.16,swap,notBad
13041,4,535.16,4,535.16,2opt,notBad
13042,4,535.16,4,535.16,2opt,notBad
13043,4,535.16,4,535.16,move,improve
13044,4,535.16,4,535.16,2opt,notBad
13045,4,535.16,4,535.16,move,improve
13046,4,535.16,4,535.16,move,improve
13047,4,535.16,4,535.16,2opt,notBad
13048,4,535.16,4,535.16,swap,notBad
13049,4,535.16,4,535.16,2opt,notBad
13050,4,535.16,4,535.16,move,improve
13051,4,535.16,4,535.16,move,improve
13052,4,535.16,4,535.16,2opt,notBad
13053,4,535.16,4,535.16,2opt,notBad
13054,4,535.16,4,535.16,2opt,notBad
13055,4,535.16,4,535.16,move,improve
13056,4,535.16,4,535.16,move,improve
13057,4,535.16,4,535.16,move,improve
13058,4,535.16,4,535.16,2opt,notBad
13059,4,535.16,4,535.16,2opt,notBad
13060,4,535.16,4,535.16,2opt,notBad
13061,4,535.16,4,535.16,2opt,notBad
13062,4,535.16,4,535.16,move,improve
13063,4,535.16,4,535.16,swap,notBad
13064,4,535.16,4,535.16,move,improve
13065,4,535.16,4,535.16,swap,notBad
13066,4,535.16,4,535.16,swap,notBad
13067,4,535.16,4,535.16,move,improve
13068,4,535.16,4,535.16,2opt,notBad
13069,4,535.16,4,535.16,move,improve
13070,4,535.16,4,535.16,2opt,notBad
13071,4,535.16,4,535.16,move,improve
13072,4,535.16,4,535.16,swap,notBad
13073,4,535.16,4,535.16,move,improve
13074,4,535.16,4,535.16,move,improve
13075,4,535.16,4,535.16,swap,notBad
13076,4,535.16,4,535.16,move,improve
13077,4,535.16,4,535.16,swap,notBad
13078,4,535.16,4,535.16,2opt,notBad
13079,4,535.16,4,535.16,2opt,notBad
13080,4,535.16,4,535.16,move,improve
13081,4,535.16,4,535.16,move,improve
13082,4,535.16,4,535.16,move,improve
13083,4,535.16,4,535.16,swap,notBad
13084,4,535.16,4,535.16,2opt,notBad
13085,4,535.16,4,535.16,move,improve
13086,4,535.16,4,535.16,swap,notBad
13087,4,535.16,4,535.16,swap,notBad
13088,4,535.16,4,535.16,move,improve
13089,4,535.16,4,535.16,move,improve
13090,4,535.16,4,535.16,2opt,notBad
13091,4,535.16,4,535.16,move,improve
13092,4,535.16,4,535.16,2opt,notBad
13093,4,535.16,4,535.16,move,improve
13094,4,535.16,4,535.16,2opt,notBad
13095,4,535.16,4,535.16,2opt,notBad
13096,4,535.16,4,535.16,2opt,notBad
13097,4,535.16,4,535.16,2opt,notBad
13098,4,535.16,4,535.16,swap,notBad
13099,4,535.16,4,535.16,swap,notBad
13100,4,535.16,4,535.16,2opt,notBad
13101,4,535.16,4,535.16,2opt,notBad
13102,4,535.16,4,535.16,2opt,notBad
13103,4,535.16,4,535.16,swap,notBad
13104,4,535.16,4,535.16,2opt,notBad
13105,4,535.16,4,535.16,2opt,notBad
13106,4,535.16,4,535.16,swap,notBad
13107,4,535.16,4,535.16,2opt,notBad
13108,4,535.16,4,535.16,2opt,notBad
13109,4,535.16,4,535.16,2opt,improve
13110,4,535.16,4,535.16,2opt,notBad
13111,4,535.16,4,535.16,2opt,notBad
13112,4,535.16,4,535.16,swap,notBad
13113,4,535.16,4,535.16,swap,notBad
13114,4,535.16,4,535.16,swap,notBad
13115,4,535.16,4,535.16,move,improve
13116,4,535.16,4,535.16,swap,notBad
13117,4,535.16,4,535.16,move,improve
13118,4,535.16,4,535.16,swap,notBad
13119,4,535.16,4,535.16,2opt,notBad
13120,4,535.16,4,535.16,2opt,improve
13121,4,535.16,4,535.16,move,improve
13122,4,535.16,4,535.16,swap,notBad
13123,4,535.16,4,535.16,2opt,notBad
13124,4,535.16,4,535.16,2opt,notBad
13125,4,535.16,4,535.16,move,improve
13126,4,535.16,4,535.16,swap,notBad
13127,4,535.16,4,535.16,swap,notBad
13128,4,535.16,4,535.16,move,improve
13129,4,535.16,4,535.16,2opt,notBad
13130,4,535.16,4,535.16,move,improve
13131,4,535.16,4,535.16,swap,notBad
13132,4,535.16,4,535.16,swap,notBad
13133,4,535.16,4,535.16,move,improve
13134,4,535.16,4,535.16,2opt,notBad
13135,4,535.16,4,535.16,2opt,notBad
13136,4,535.16,4,535.16,2opt,improve
13137,4,535.16,4,535.16,move,improve
13138,4,535.16,4,535.16,move,improve
13139,4,535.16,4,535.16,2opt,notBad
13140,4,535.16,4,535.16,2opt,notBad
13141,4,535.16,4,535.16,swap,notBad
13142,4,535.16,4,535.16,swap,notBad
13143,4,535.16,4,535.16,move,improve
13144,4,535.16,4,535.16,move,improve
13145,4,535.16,4,535.16,2opt,notBad
13146,4,535.16,4,535.16,swap,notBad
13147,4,535.16,4,535.16,move,improve
13148,4,535.16,4,535.16,move,improve
13149,4,535.16,4,535.16,move,improve
13150,4,535.16,4,535.16,swap,notBad
13151,4,535.16,4,535.16,move,improve
13152,4,535.16,4,535.16,2opt,notBad
13153,4,535.16,4,535.16,2opt,notBad
13154,4,535.16,4,535.16,swap,notBad
13155,4,535.16,4,535.16,move,improve
13156,4,535.16,4,535.16,2opt,notBad
13157,4,535.16,4,535.16,move,improve
13158,4,535.16,4,535.16,move,improve
13159,4,535.16,4,535.16,move,improve
13160,4,535.16,4,535.16,2opt,notBad
13161,4,535.16,4,535.16,move,improve
13162,4,535.16,4,535.16,move,improve
13163,4,535.16,4,535.16,swap,notBad
13164,4,535.16,4,535.16,move,improve
13165,4,535.16,4,535.16,move,improve
13166,4,535.16,4,535.16,swap,notBad
13167,4,535.16,4,535.16,2opt,notBad
13168,4,535.16,4,535.16,swap,notBad
13169,4,535.16,4,535.16,move,improve
13170,4,535.16,4,535.16,swap,notBad
13171,4,535.16,4,535.16,2opt,notBad
13172,4,535.16,4,535.16,2opt,notBad
13173,4,535.16,4,535.16,move,improve
13174,4,535.16,4,535.16,move,improve
13175,4,535.16,4,535.16,2opt,notBad
13176,4,535.16,4,535.16,2opt,notBad
13177,4,535.16,4,535.16,move,improve
13178,4,535.16,4,535.16,move,improve
13179,4,535.16,4,535.16,move,improve
13180,4,535.16,4,535.16,2opt,notBad
13181,4,535.16,4,535.16,move,improve
13182,4,535.16,4,535.16,2opt,notBad
13183,4,535.16,4,535.16,swap,notBad
13184,4,535.16,4,535.16,2opt,notBad
13185,4,535.16,4,535.16,2opt,notBad
13186,4,535.16,4,535.16,move,improve
13187,4,535.16,4,535.16,move,improve
13188,4,535.16,4,535.16,swap,notBad
13189,4,535.16,4,535.16,2opt,notBad
13190,4,535.16,4,535.16,move,improve
13191,4,535.16,4,535.16,swap,notBad
13192,4,535.16,4,535.16,swap,notBad
13193,4,535.16,4,535.16,2opt,notBad
13194,4,535.16,4,535.16,move,improve
13195,4,535.16,4,535.16,move,notBad
13196,4,535.16,4,535.16,swap,notBad
13197,4,535.16,4,535.16,move,improve
13198,4,535.16,4,535.16,2opt,notBad
13199,4,535.16,4,535.16,move,improve
13200,4,535.16,4,535.16,2opt,notBad
13201,4,535.16,4,535.16,swap,notBad
13202,4,535.16,4,535.16,move,improve
13203,4,535.16,4,535.16,move,improve
13204,4,535.16,4,535.16,move,improve
13205,4,535.16,4,535.16,2opt,notBad
13206,4,535.16,4,535.16,2opt,notBad
13207,4,535.16,4,535.16,move,improve
13208,4,535.16,4,535.16,2opt,improve
13209,4,535.16,4,535.16,swap,notBad
13210,4,535.16,4,535.16,swap,notBad
13211,4,535.16,4,535.16,move,improve
13212,4,535.16,4,535.16,swap,notBad
13213,4,535.16,4,535.16,move,improve
13214,4,535.16,4,535.16,swap,notBad
13215,4,535.16,4,535.16,swap,notBad
13216,4,535.16,4,535.16,swap,notBad
13217,4,535.16,4,535.16,2opt,notBad
13218,4,535.16,4,535.16,swap,notBad
13219,4,535.16,4,535.16,2opt,notBad
13220,4,535.16,4,535.16,swap,notBad
13221,4,535.16,4,535.16,2opt,notBad
13222,4,535.16,4,535.16,move,improve
13223,4,535.16,4,535.16,move,improve
13224,4,535.16,4,535.16,move,improve
