i,vehi,obj,vehiBest,objBest,loFunc,note
1,3,1002.9599999999998,3,998.6099999999999,swap,acceptBad
2,3,991.72,3,991.72,move,newBest
3,3,991.72,3,991.72,move,improve
4,3,990.46,3,990.46,move,newBest
5,4,1192.93,3,990.46,2opt,acceptBad
6,4,1196.2899999999997,3,990.46,swap,acceptBad
7,4,1196.2899999999997,3,990.46,move,improve
8,5,1361.7399999999998,3,990.46,2opt,acceptBad
9,5,1361.7399999999998,3,990.46,move,improve
10,5,1469.1999999999998,3,990.46,swap,acceptBad
11,5,1552.7199999999998,3,990.46,swap,acceptBad
12,5,1552.7199999999998,3,990.46,move,improve
13,5,1538.46,3,990.46,move,improve
14,5,1536.86,3,990.46,swap,improve
15,5,1633.51,3,990.46,swap,acceptBad
16,5,1623.8299999999997,3,990.46,move,improve
17,6,1801.1699999999998,3,990.46,2opt,acceptBad
18,6,1801.1699999999998,3,990.46,move,improve
19,6,1833.57,3,990.46,2opt,acceptBad
20,6,1833.57,3,990.46,2opt,improve
21,7,2119.1099999999997,3,990.46,2opt,acceptBad
22,7,2114.97,3,990.46,2opt,improve
23,7,2075.43,3,990.46,move,improve
24,7,2063.4399999999996,3,990.46,move,improve
25,7,2147.95,3,990.46,2opt,acceptBad
26,8,2537.4300000000003,3,990.46,2opt,acceptBad
27,8,2319.1099999999997,3,990.46,swap,improve
28,8,2540.16,3,990.46,swap,acceptBad
29,8,2539.92,3,990.46,move,improve
30,8,2528.12,3,990.46,swap,improve
31,8,2572.9399999999996,3,990.46,swap,acceptBad
32,8,2579.1799999999994,3,990.46,swap,acceptBad
33,8,2492.8599999999997,3,990.46,swap,improve
34,8,2468.06,3,990.46,move,improve
35,8,2447.58,3,990.46,swap,improve
36,8,2447.58,3,990.46,move,improve
37,8,2433.7799999999997,3,990.46,swap,improve
38,8,2511.8099999999995,3,990.46,2opt,acceptBad
39,8,2486.3399999999997,3,990.46,swap,improve
40,8,2593.2799999999997,3,990.46,swap,acceptBad
41,8,2685.71,3,990.46,swap,acceptBad
42,8,2680.3099999999995,3,990.46,move,improve
43,8,2657.91,3,990.46,move,improve
44,8,2743.29,3,990.46,swap,acceptBad
45,8,2734.66,3,990.46,move,improve
46,8,2740.42,3,990.46,swap,acceptBad
47,8,2938.63,3,990.46,swap,acceptBad
48,8,3000.8900000000003,3,990.46,swap,acceptBad
49,8,3000.8900000000003,3,990.46,move,improve
50,8,2998.4300000000003,3,990.46,swap,improve
51,8,3103.8399999999997,3,990.46,swap,acceptBad
52,8,3158.6299999999997,3,990.46,swap,acceptBad
53,9,3345.2799999999997,3,990.46,2opt,acceptBad
54,9,3296.68,3,990.46,2opt,improve
55,9,3331.0400000000004,3,990.46,2opt,acceptBad
56,9,3320.3800000000006,3,990.46,swap,improve
57,9,3356.2899999999995,3,990.46,2opt,acceptBad
58,9,3250.3999999999996,3,990.46,move,improve
59,9,3302.289999999999,3,990.46,swap,acceptBad
60,9,3311.989999999999,3,990.46,swap,acceptBad
61,9,3311.989999999999,3,990.46,move,improve
62,9,3311.3499999999995,3,990.46,move,improve
63,9,3206.3099999999995,3,990.46,move,improve
64,10,3489.789999999999,3,990.46,2opt,acceptBad
65,10,3480.879999999999,3,990.46,swap,improve
66,10,3397.0899999999992,3,990.46,swap,improve
67,10,3488.77,3,990.46,2opt,acceptBad
68,10,3563.830000000001,3,990.46,2opt,acceptBad
69,10,3556.8900000000003,3,990.46,move,improve
70,10,3684.000000000001,3,990.46,swap,acceptBad
71,10,3629.880000000001,3,990.46,move,improve
72,10,3560.5300000000016,3,990.46,move,improve
73,10,3402.76,3,990.46,2opt,improve
74,10,3566.9900000000007,3,990.46,2opt,acceptBad
75,10,3498.83,3,990.46,move,improve
76,10,3483.7300000000005,3,990.46,move,improve
77,10,3423.7,3,990.46,2opt,improve
78,10,3423.7,3,990.46,move,improve
79,10,3426.0399999999995,3,990.46,swap,acceptBad
80,10,3616.96,3,990.46,2opt,acceptBad
81,10,3629.66,3,990.46,2opt,acceptBad
82,10,3558.5199999999995,3,990.46,move,improve
83,10,3545.2999999999997,3,990.46,move,improve
84,10,3551.919999999999,3,990.46,move,acceptBad
85,9,3312.4799999999987,3,990.46,2opt,improve
86,9,3381.8099999999995,3,990.46,swap,acceptBad
87,9,3443.57,3,990.46,2opt,acceptBad
88,9,3441.9700000000003,3,990.46,swap,improve
89,9,3430.4900000000002,3,990.46,swap,improve
90,9,3441.0200000000004,3,990.46,swap,acceptBad
91,9,3395.0300000000007,3,990.46,swap,improve
92,9,3395.0300000000007,3,990.46,2opt,improve
93,9,3430.9100000000017,3,990.46,2opt,acceptBad
94,9,3367.6400000000003,3,990.46,2opt,improve
95,9,3345.4799999999996,3,990.46,move,improve
96,9,3334.7699999999995,3,990.46,swap,improve
97,9,3493.8500000000004,3,990.46,2opt,acceptBad
98,9,3418.25,3,990.46,swap,improve
99,9,3410.83,3,990.46,move,improve
100,9,3612.96,3,990.46,swap,acceptBad
101,9,3602.7700000000004,3,990.46,move,improve
102,9,3591.7200000000003,3,990.46,move,improve
103,9,3541.3200000000006,3,990.46,move,improve
104,9,3497.040000000001,3,990.46,swap,improve
105,10,3829.8600000000006,3,990.46,2opt,acceptBad
106,10,3811.8,3,990.46,swap,improve
107,10,3809.8600000000006,3,990.46,swap,improve
108,10,3858.3600000000006,3,990.46,swap,acceptBad
109,10,3900.9299999999994,3,990.46,2opt,acceptBad
110,10,3905.1899999999996,3,990.46,2opt,acceptBad
111,10,3940.0699999999997,3,990.46,2opt,acceptBad
112,10,3814.6399999999985,3,990.46,swap,improve
113,10,3796.5899999999992,3,990.46,swap,improve
114,10,3813.53,3,990.46,2opt,acceptBad
115,10,3704.1900000000005,3,990.46,2opt,improve
116,10,3771.2700000000004,3,990.46,swap,acceptBad
117,10,3698.2799999999997,3,990.46,move,improve
118,10,3662.6399999999994,3,990.46,move,improve
119,10,3587.2799999999997,3,990.46,swap,improve
120,10,3611.71,3,990.46,swap,acceptBad
121,10,3632.0699999999997,3,990.46,2opt,acceptBad
122,10,3896.2300000000005,3,990.46,2opt,acceptBad
123,10,4029.7000000000003,3,990.46,swap,acceptBad
124,10,3987.8199999999997,3,990.46,swap,improve
125,10,3994.3,3,990.46,swap,acceptBad
126,10,3976.7299999999996,3,990.46,swap,improve
127,10,3973.9100000000003,3,990.46,move,improve
128,10,3841.04,3,990.46,move,improve
129,10,3837.62,3,990.46,2opt,improve
130,10,3546.6,3,990.46,2opt,improve
131,10,3585.1499999999996,3,990.46,2opt,acceptBad
132,10,3596.390000000001,3,990.46,2opt,acceptBad
133,10,3500.57,3,990.46,move,improve
134,10,3704.9700000000003,3,990.46,2opt,acceptBad
135,10,3516.3399999999997,3,990.46,move,improve
136,9,3355.9600000000005,3,990.46,2opt,improve
137,9,3325.62,3,990.46,move,improve
138,9,3560.88,3,990.46,swap,acceptBad
139,9,3476.58,3,990.46,move,improve
140,9,3345.1699999999996,3,990.46,move,improve
141,9,3282.5099999999993,3,990.46,move,improve
142,9,3499.5600000000004,3,990.46,2opt,acceptBad
143,9,3612.15,3,990.46,swap,acceptBad
144,9,3547.2700000000004,3,990.46,swap,improve
145,9,3495.08,3,990.46,swap,improve
146,9,3465.5100000000007,3,990.46,move,improve
147,9,3439.59,3,990.46,2opt,improve
148,9,3624.0,3,990.46,2opt,acceptBad
149,9,3660.9800000000005,3,990.46,swap,acceptBad
150,9,3472.82,3,990.46,swap,improve
151,9,3553.2899999999995,3,990.46,swap,acceptBad
152,9,3455.93,3,990.46,swap,improve
153,9,3453.32,3,990.46,2opt,improve
154,9,3511.5799999999995,3,990.46,swap,acceptBad
155,9,3381.35,3,990.46,swap,improve
156,9,3417.35,3,990.46,swap,acceptBad
157,9,3370.2000000000003,3,990.46,move,improve
158,9,3485.24,3,990.46,swap,acceptBad
159,9,3498.6299999999997,3,990.46,2opt,acceptBad
160,9,3411.6499999999996,3,990.46,swap,improve
161,9,3406.9100000000003,3,990.46,2opt,improve
162,9,3276.8500000000004,3,990.46,move,improve
163,9,3193.540000000001,3,990.46,move,improve
164,9,3166.0400000000013,3,990.46,move,improve
165,9,3166.0400000000013,3,990.46,move,improve
166,9,3235.7000000000007,3,990.46,swap,acceptBad
167,9,3232.830000000001,3,990.46,move,improve
168,9,3226.3499999999995,3,990.46,2opt,improve
169,9,3146.0199999999995,3,990.46,move,improve
170,9,3280.48,3,990.46,2opt,acceptBad
171,9,3332.2799999999997,3,990.46,2opt,acceptBad
172,9,3473.2699999999995,3,990.46,2opt,acceptBad
173,9,3473.2699999999995,3,990.46,2opt,improve
174,9,3473.2699999999995,3,990.46,2opt,improve
175,9,3467.5099999999993,3,990.46,swap,improve
176,9,3626.9799999999996,3,990.46,swap,acceptBad
177,9,3676.7199999999993,3,990.46,swap,acceptBad
178,9,3648.5000000000005,3,990.46,2opt,improve
179,9,3519.0699999999997,3,990.46,move,improve
180,9,3577.8700000000003,3,990.46,swap,acceptBad
181,9,3352.0499999999997,3,990.46,move,improve
182,9,3266.7599999999993,3,990.46,swap,improve
183,9,3266.0399999999995,3,990.46,swap,improve
184,10,3474.2799999999993,3,990.46,2opt,acceptBad
185,10,3604.3200000000006,3,990.46,2opt,acceptBad
186,10,3680.2599999999998,3,990.46,2opt,acceptBad
187,10,3653.8999999999996,3,990.46,2opt,improve
188,10,3665.5199999999995,3,990.46,swap,acceptBad
189,10,3511.2699999999995,3,990.46,move,improve
190,10,3500.63,3,990.46,move,improve
191,10,3572.34,3,990.46,swap,acceptBad
192,10,3642.0,3,990.46,2opt,acceptBad
193,10,3736.94,3,990.46,swap,acceptBad
194,10,3678.49,3,990.46,2opt,improve
195,10,3677.5300000000007,3,990.46,move,improve
196,10,3675.91,3,990.46,move,improve
197,10,3634.13,3,990.46,move,improve
198,10,3633.3300000000004,3,990.46,move,improve
199,10,3629.8199999999997,3,990.46,move,improve
200,10,3622.1500000000005,3,990.46,2opt,improve
201,10,3622.1500000000005,3,990.46,swap,improve
202,10,3691.6000000000004,3,990.46,2opt,acceptBad
203,10,3695.63,3,990.46,swap,acceptBad
204,10,3667.0700000000006,3,990.46,swap,improve
205,10,3666.83,3,990.46,swap,improve
206,10,3597.12,3,990.46,move,improve
207,10,3620.6400000000003,3,990.46,swap,acceptBad
208,10,3550.88,3,990.46,move,improve
209,10,3550.74,3,990.46,swap,improve
210,10,3584.1400000000003,3,990.46,swap,acceptBad
211,10,3575.24,3,990.46,move,improve
212,10,3603.38,3,990.46,swap,acceptBad
213,10,3575.0099999999998,3,990.46,swap,improve
214,10,3596.1400000000003,3,990.46,swap,acceptBad
215,11,3964.63,3,990.46,2opt,acceptBad
216,11,4028.39,3,990.46,swap,acceptBad
217,11,4023.1099999999997,3,990.46,swap,improve
218,12,4352.089999999999,3,990.46,2opt,acceptBad
219,12,4192.889999999999,3,990.46,move,improve
220,12,4166.82,3,990.46,move,improve
221,11,4048.4799999999996,3,990.46,2opt,improve
222,11,4016.98,3,990.46,2opt,improve
223,11,3840.78,3,990.46,move,improve
224,11,3886.0499999999997,3,990.46,2opt,acceptBad
225,11,3910.74,3,990.46,swap,acceptBad
226,11,3912.74,3,990.46,swap,acceptBad
227,11,4014.5499999999997,3,990.46,2opt,acceptBad
228,11,3873.2200000000003,3,990.46,swap,improve
229,11,3791.46,3,990.46,move,improve
230,11,3787.2699999999995,3,990.46,move,improve
231,11,3799.2299999999996,3,990.46,2opt,acceptBad
232,12,4332.84,3,990.46,2opt,acceptBad
233,12,4315.21,3,990.46,move,improve
234,11,3804.9299999999994,3,990.46,move,improve
235,11,3767.1800000000003,3,990.46,move,improve
236,11,3842.74,3,990.46,swap,acceptBad
237,11,3905.7,3,990.46,2opt,acceptBad
238,11,4267.12,3,990.46,2opt,acceptBad
239,11,4314.610000000001,3,990.46,2opt,acceptBad
240,11,4471.570000000001,3,990.46,2opt,acceptBad
241,11,4464.300000000001,3,990.46,2opt,improve
242,11,4549.93,3,990.46,2opt,acceptBad
243,11,4584.880000000001,3,990.46,swap,acceptBad
244,11,4454.160000000002,3,990.46,2opt,improve
245,11,4574.4000000000015,3,990.46,swap,acceptBad
246,11,4359.34,3,990.46,move,improve
247,11,4272.400000000001,3,990.46,move,improve
248,11,4226.280000000001,3,990.46,move,improve
249,11,4226.280000000001,3,990.46,move,improve
250,11,4268.85,3,990.46,swap,acceptBad
251,11,4238.339999999999,3,990.46,2opt,improve
252,11,4273.859999999999,3,990.46,swap,acceptBad
253,11,4241.549999999999,3,990.46,swap,improve
254,11,4139.559999999999,3,990.46,swap,improve
255,11,4086.629999999999,3,990.46,2opt,improve
256,11,4166.999999999999,3,990.46,2opt,acceptBad
257,11,4142.499999999999,3,990.46,2opt,improve
258,11,4092.249999999999,3,990.46,move,improve
259,11,4080.34,3,990.46,2opt,improve
260,11,4168.3,3,990.46,2opt,acceptBad
261,11,4145.199999999999,3,990.46,move,improve
262,11,4094.99,3,990.46,move,improve
263,11,4015.68,3,990.46,2opt,improve
264,11,4015.2300000000005,3,990.46,swap,improve
265,11,4226.140000000001,3,990.46,2opt,acceptBad
266,11,4067.140000000001,3,990.46,swap,improve
267,10,3535.97,3,990.46,move,improve
268,10,3606.729999999999,3,990.46,2opt,acceptBad
269,10,3599.8099999999986,3,990.46,swap,improve
270,10,3599.8899999999994,3,990.46,swap,acceptBad
271,10,3654.649999999999,3,990.46,2opt,acceptBad
272,10,3753.9899999999993,3,990.46,2opt,acceptBad
273,10,3729.379999999999,3,990.46,swap,improve
274,10,3835.0899999999992,3,990.46,2opt,acceptBad
275,10,3725.089999999999,3,990.46,move,improve
276,10,3638.639999999999,3,990.46,move,improve
277,10,3533.939999999999,3,990.46,move,improve
278,10,3519.8399999999992,3,990.46,move,improve
279,10,3491.9199999999996,3,990.46,swap,improve
280,10,3607.379999999999,3,990.46,2opt,acceptBad
281,10,3572.420000000001,3,990.46,2opt,improve
282,11,3760.98,3,990.46,2opt,acceptBad
283,11,3706.73,3,990.46,move,improve
284,11,3736.04,3,990.46,swap,acceptBad
285,11,3709.17,3,990.46,move,improve
286,11,3736.8199999999997,3,990.46,2opt,acceptBad
287,11,3983.3399999999992,3,990.46,swap,acceptBad
288,11,3987.479999999999,3,990.46,swap,acceptBad
289,11,3822.669999999999,3,990.46,2opt,improve
290,11,3723.6699999999996,3,990.46,move,improve
291,11,3680.91,3,990.46,swap,improve
292,11,3583.17,3,990.46,move,improve
293,11,3515.8299999999995,3,990.46,move,improve
294,11,3546.6199999999994,3,990.46,2opt,acceptBad
295,11,3546.7999999999993,3,990.46,2opt,acceptBad
296,11,3524.79,3,990.46,move,improve
297,11,3718.33,3,990.46,2opt,acceptBad
298,11,3704.080000000001,3,990.46,2opt,improve
299,11,3704.080000000001,3,990.46,move,improve
300,11,3615.1800000000003,3,990.46,move,improve
301,11,3707.1500000000005,3,990.46,swap,acceptBad
302,11,3745.8000000000006,3,990.46,swap,acceptBad
303,11,3860.8300000000004,3,990.46,swap,acceptBad
304,11,3766.8599999999997,3,990.46,move,improve
305,11,3747.2699999999995,3,990.46,move,improve
306,11,3855.36,3,990.46,2opt,acceptBad
307,11,3855.36,3,990.46,move,improve
308,11,3948.4700000000007,3,990.46,2opt,acceptBad
309,11,3835.4300000000003,3,990.46,move,improve
310,11,3762.02,3,990.46,move,improve
311,11,3808.7299999999996,3,990.46,2opt,acceptBad
312,11,3746.24,3,990.46,move,improve
313,11,3797.2599999999993,3,990.46,swap,acceptBad
314,11,3785.9499999999994,3,990.46,swap,improve
315,11,3770.8499999999995,3,990.46,move,improve
316,11,3708.1499999999996,3,990.46,swap,improve
317,11,3835.7899999999995,3,990.46,swap,acceptBad
318,11,3861.9799999999996,3,990.46,swap,acceptBad
319,11,3790.6799999999994,3,990.46,move,improve
320,11,3892.65,3,990.46,swap,acceptBad
321,11,4052.01,3,990.46,2opt,acceptBad
322,11,4196.45,3,990.46,swap,acceptBad
323,11,4342.889999999999,3,990.46,2opt,acceptBad
324,11,4359.1900000000005,3,990.46,swap,acceptBad
325,11,4334.710000000001,3,990.46,move,improve
326,11,4396.4400000000005,3,990.46,2opt,acceptBad
327,11,4252.7300000000005,3,990.46,move,improve
328,11,4147.3099999999995,3,990.46,swap,improve
329,11,4127.99,3,990.46,move,improve
330,11,4128.53,3,990.46,swap,acceptBad
331,11,4114.070000000001,3,990.46,move,improve
332,11,4122.620000000001,3,990.46,swap,acceptBad
333,11,4120.380000000001,3,990.46,2opt,improve
334,11,4145.040000000001,3,990.46,2opt,acceptBad
335,11,4204.420000000001,3,990.46,2opt,acceptBad
336,11,4256.52,3,990.46,swap,acceptBad
337,11,4356.389999999999,3,990.46,2opt,acceptBad
338,11,4414.889999999999,3,990.46,swap,acceptBad
339,11,4332.8099999999995,3,990.46,swap,improve
340,11,4222.98,3,990.46,move,improve
341,11,4200.049999999999,3,990.46,move,improve
342,11,4149.529999999999,3,990.46,2opt,improve
343,11,4131.82,3,990.46,move,improve
344,12,4667.84,3,990.46,2opt,acceptBad
345,11,4454.120000000001,3,990.46,2opt,improve
346,11,4440.650000000001,3,990.46,2opt,improve
347,10,4129.800000000001,3,990.46,2opt,improve
348,10,4010.280000000001,3,990.46,swap,improve
349,10,3900.370000000001,3,990.46,swap,improve
350,10,3669.370000000001,3,990.46,swap,improve
351,10,3701.129999999999,3,990.46,2opt,acceptBad
352,10,3605.5499999999997,3,990.46,move,improve
353,10,3632.5299999999997,3,990.46,swap,acceptBad
354,11,4170.04,3,990.46,2opt,acceptBad
355,11,4179.9,3,990.46,swap,acceptBad
356,11,4224.629999999999,3,990.46,swap,acceptBad
357,11,4091.34,3,990.46,move,improve
358,11,4091.88,3,990.46,swap,acceptBad
359,11,4173.24,3,990.46,swap,acceptBad
360,11,4154.139999999999,3,990.46,move,improve
361,11,4117.58,3,990.46,swap,improve
362,11,4294.369999999999,3,990.46,2opt,acceptBad
363,11,4260.57,3,990.46,move,improve
364,11,4178.929999999999,3,990.46,move,improve
365,11,4050.9900000000016,3,990.46,2opt,improve
366,11,3871.210000000001,3,990.46,move,improve
367,12,4434.0700000000015,3,990.46,2opt,acceptBad
368,12,4368.970000000001,3,990.46,move,improve
369,12,4292.43,3,990.46,2opt,improve
370,12,4377.32,3,990.46,swap,acceptBad
371,12,4518.34,3,990.46,2opt,acceptBad
372,12,4491.280000000001,3,990.46,move,improve
373,11,4155.82,3,990.46,2opt,improve
374,11,4237.459999999999,3,990.46,swap,acceptBad
375,11,4156.129999999999,3,990.46,move,improve
376,11,4198.700000000001,3,990.46,2opt,acceptBad
377,11,4104.710000000001,3,990.46,swap,improve
378,11,4288.05,3,990.46,2opt,acceptBad
379,11,4313.75,3,990.46,swap,acceptBad
380,11,4369.550000000001,3,990.46,swap,acceptBad
381,11,4412.880000000001,3,990.46,swap,acceptBad
382,11,4422.719999999999,3,990.46,swap,acceptBad
383,11,4419.219999999999,3,990.46,2opt,improve
384,11,4382.92,3,990.46,2opt,improve
385,11,4339.17,3,990.46,2opt,improve
386,11,4336.4400000000005,3,990.46,swap,improve
387,11,4274.28,3,990.46,swap,improve
388,11,4267.36,3,990.46,swap,improve
389,11,4287.310000000001,3,990.46,2opt,acceptBad
390,11,4175.070000000001,3,990.46,2opt,improve
391,11,4175.070000000001,3,990.46,2opt,improve
392,11,4176.17,3,990.46,swap,acceptBad
393,11,4013.97,3,990.46,move,improve
394,11,3988.1800000000007,3,990.46,move,improve
395,11,4001.140000000001,3,990.46,swap,acceptBad
396,11,4006.8,3,990.46,swap,acceptBad
397,11,3992.270000000001,3,990.46,swap,improve
398,11,3853.870000000001,3,990.46,move,improve
399,10,3580.6799999999994,3,990.46,2opt,improve
400,10,3485.7999999999993,3,990.46,swap,improve
401,10,3485.7999999999993,3,990.46,2opt,improve
402,10,3461.41,3,990.46,move,improve
403,10,3493.3499999999995,3,990.46,swap,acceptBad
404,10,3474.789999999999,3,990.46,move,improve
405,10,3599.5099999999993,3,990.46,swap,acceptBad
406,10,3526.879999999999,3,990.46,swap,improve
407,10,3670.2800000000007,3,990.46,2opt,acceptBad
408,10,3699.3399999999997,3,990.46,swap,acceptBad
409,10,3692.08,3,990.46,move,improve
410,10,3705.2400000000007,3,990.46,swap,acceptBad
411,10,3693.12,3,990.46,move,improve
412,10,3631.59,3,990.46,move,improve
413,10,3697.63,3,990.46,swap,acceptBad
414,10,3684.92,3,990.46,swap,improve
415,10,3665.0600000000004,3,990.46,move,improve
416,10,3614.2200000000003,3,990.46,move,improve
417,10,3583.6600000000008,3,990.46,move,improve
418,10,3580.5999999999995,3,990.46,2opt,improve
419,10,3584.0200000000004,3,990.46,2opt,acceptBad
420,10,3749.9300000000003,3,990.46,swap,acceptBad
421,10,4000.890000000001,3,990.46,2opt,acceptBad
422,10,3992.630000000001,3,990.46,move,improve
423,10,3942.950000000001,3,990.46,swap,improve
424,10,3933.6800000000003,3,990.46,move,improve
425,10,3858.46,3,990.46,2opt,improve
426,10,3765.8499999999995,3,990.46,move,improve
427,10,3824.23,3,990.46,2opt,acceptBad
428,11,4261.78,3,990.46,2opt,acceptBad
429,11,4261.78,3,990.46,move,improve
430,11,4187.959999999999,3,990.46,move,improve
431,11,4124.709999999999,3,990.46,swap,improve
432,11,4062.3600000000006,3,990.46,2opt,improve
433,11,4061.620000000001,3,990.46,swap,improve
434,11,4034.770000000001,3,990.46,move,improve
435,11,4077.210000000001,3,990.46,2opt,acceptBad
436,11,3816.760000000001,3,990.46,move,improve
437,11,3781.159999999999,3,990.46,2opt,improve
438,11,3710.42,3,990.46,move,improve
439,11,3652.4299999999994,3,990.46,2opt,improve
440,11,3953.960000000001,3,990.46,2opt,acceptBad
441,11,3954.5700000000006,3,990.46,swap,acceptBad
442,11,3980.13,3,990.46,2opt,acceptBad
443,11,4046.21,3,990.46,swap,acceptBad
444,11,4026.5600000000004,3,990.46,move,improve
445,11,3942.8500000000004,3,990.46,2opt,improve
446,11,3864.470000000001,3,990.46,move,improve
447,11,3836.6000000000004,3,990.46,2opt,improve
448,11,3924.100000000001,3,990.46,2opt,acceptBad
449,12,4421.56,3,990.46,2opt,acceptBad
450,12,4426.149999999999,3,990.46,2opt,acceptBad
451,12,4442.439999999999,3,990.46,2opt,acceptBad
452,12,4416.409999999999,3,990.46,move,improve
453,12,4296.769999999999,3,990.46,move,improve
454,12,4286.659999999998,3,990.46,swap,improve
455,12,4236.1799999999985,3,990.46,move,improve
456,12,4234.919999999998,3,990.46,swap,improve
457,12,3983.66,3,990.46,move,improve
458,11,3795.84,3,990.46,2opt,improve
459,11,3728.39,3,990.46,move,improve
460,11,3715.79,3,990.46,swap,improve
461,11,3694.739999999999,3,990.46,2opt,improve
462,11,3787.7699999999986,3,990.46,swap,acceptBad
463,11,3751.0599999999986,3,990.46,swap,improve
464,11,3761.979999999999,3,990.46,2opt,acceptBad
465,11,3768.6799999999994,3,990.46,swap,acceptBad
466,11,3654.6099999999988,3,990.46,move,improve
467,11,3528.999999999999,3,990.46,2opt,improve
468,11,3543.34,3,990.46,swap,acceptBad
469,11,3604.2799999999997,3,990.46,swap,acceptBad
470,11,3604.2799999999997,3,990.46,move,improve
471,11,3538.8599999999997,3,990.46,move,improve
472,11,3419.13,3,990.46,move,improve
473,11,3281.410000000001,3,990.46,2opt,improve
474,11,3334.48,3,990.46,2opt,acceptBad
475,11,3334.48,3,990.46,2opt,improve
476,11,3333.7699999999995,3,990.46,2opt,improve
477,12,3831.5199999999995,3,990.46,2opt,acceptBad
478,12,3923.27,3,990.46,2opt,acceptBad
479,12,3903.1300000000006,3,990.46,move,improve
480,12,3903.84,3,990.46,swap,acceptBad
481,12,3903.75,3,990.46,move,improve
482,12,3875.3099999999995,3,990.46,move,improve
483,12,3875.3099999999995,3,990.46,move,improve
484,12,3901.8299999999995,3,990.46,swap,acceptBad
485,12,3875.96,3,990.46,move,improve
486,12,3789.66,3,990.46,move,improve
487,12,3789.66,3,990.46,2opt,improve
488,12,3836.259999999999,3,990.46,2opt,acceptBad
489,12,3849.619999999999,3,990.46,swap,acceptBad
490,12,3769.38,3,990.46,move,improve
491,12,3758.170000000001,3,990.46,2opt,improve
492,12,3719.1100000000006,3,990.46,swap,improve
493,12,3952.03,3,990.46,2opt,acceptBad
494,12,3946.3499999999995,3,990.46,2opt,improve
495,12,3920.0099999999998,3,990.46,move,improve
496,12,3787.5300000000016,3,990.46,2opt,improve
497,12,3906.290000000001,3,990.46,swap,acceptBad
498,12,3931.519999999999,3,990.46,2opt,acceptBad
499,12,3960.42,3,990.46,swap,acceptBad
500,12,3980.1499999999996,3,990.46,swap,acceptBad
501,12,3757.349999999999,3,990.46,move,improve
502,12,3863.9500000000007,3,990.46,2opt,acceptBad
503,12,3829.49,3,990.46,swap,improve
504,12,3826.52,3,990.46,2opt,improve
505,12,3773.7899999999995,3,990.46,2opt,improve
506,12,3744.3899999999994,3,990.46,2opt,improve
507,11,3586.2,3,990.46,2opt,improve
508,11,3624.09,3,990.46,swap,acceptBad
509,11,3621.76,3,990.46,move,improve
510,11,3578.9900000000007,3,990.46,swap,improve
511,11,3575.3,3,990.46,swap,improve
512,11,3544.25,3,990.46,swap,improve
513,11,3578.7800000000007,3,990.46,2opt,acceptBad
514,11,3577.6800000000003,3,990.46,swap,improve
515,11,3585.5700000000006,3,990.46,swap,acceptBad
516,11,3528.2900000000004,3,990.46,swap,improve
517,11,3504.6500000000005,3,990.46,move,improve
518,11,3404.39,3,990.46,2opt,improve
519,11,3283.3600000000006,3,990.46,move,improve
520,11,3278.59,3,990.46,swap,improve
521,11,3432.150000000001,3,990.46,2opt,acceptBad
522,11,3432.9100000000008,3,990.46,swap,acceptBad
523,11,3466.000000000001,3,990.46,2opt,acceptBad
524,11,3594.3900000000003,3,990.46,swap,acceptBad
525,11,3428.71,3,990.46,2opt,improve
526,11,3601.5299999999997,3,990.46,2opt,acceptBad
527,11,3526.5300000000007,3,990.46,move,improve
528,11,3526.5300000000007,3,990.46,move,improve
529,11,3598.080000000001,3,990.46,swap,acceptBad
530,11,3677.850000000001,3,990.46,swap,acceptBad
531,11,3768.2800000000007,3,990.46,swap,acceptBad
532,12,4110.01,3,990.46,2opt,acceptBad
533,12,4119.66,3,990.46,swap,acceptBad
534,12,4566.01,3,990.46,swap,acceptBad
535,12,4564.66,3,990.46,swap,improve
536,12,4458.679999999999,3,990.46,2opt,improve
537,12,4436.9,3,990.46,move,improve
538,12,4395.36,3,990.46,swap,improve
539,12,4529.52,3,990.46,2opt,acceptBad
540,12,4525.92,3,990.46,move,improve
541,12,4434.0,3,990.46,move,improve
542,12,4434.0,3,990.46,move,improve
543,12,4463.88,3,990.46,2opt,acceptBad
544,12,4449.1900000000005,3,990.46,2opt,improve
545,12,4365.700000000001,3,990.46,swap,improve
546,12,4369.219999999999,3,990.46,2opt,acceptBad
547,12,4369.719999999999,3,990.46,swap,acceptBad
548,13,4879.389999999999,3,990.46,2opt,acceptBad
549,13,4854.799999999999,3,990.46,2opt,improve
550,13,4800.639999999999,3,990.46,move,improve
551,13,4698.41,3,990.46,swap,improve
552,13,4698.41,3,990.46,2opt,improve
553,13,4682.85,3,990.46,move,improve
554,13,4682.85,3,990.46,move,improve
555,13,4679.620000000001,3,990.46,move,improve
556,13,4673.15,3,990.46,2opt,improve
557,13,4778.65,3,990.46,2opt,acceptBad
558,13,4760.4,3,990.46,move,improve
559,13,4704.07,3,990.46,move,improve
560,13,4882.780000000001,3,990.46,2opt,acceptBad
561,13,4900.54,3,990.46,swap,acceptBad
562,13,4868.08,3,990.46,swap,improve
563,13,4859.65,3,990.46,swap,improve
564,13,4870.19,3,990.46,swap,acceptBad
565,13,4750.79,3,990.46,move,improve
566,13,4822.52,3,990.46,2opt,acceptBad
567,13,4785.12,3,990.46,swap,improve
568,13,4704.699999999999,3,990.46,move,improve
569,13,4652.259999999999,3,990.46,swap,improve
570,13,4705.899999999998,3,990.46,2opt,acceptBad
571,13,4664.409999999999,3,990.46,swap,improve
572,13,4653.249999999998,3,990.46,move,improve
573,13,4528.459999999999,3,990.46,swap,improve
574,13,4519.869999999999,3,990.46,move,improve
575,13,4417.13,3,990.46,swap,improve
576,13,4436.179999999999,3,990.46,swap,acceptBad
577,13,4258.9299999999985,3,990.46,move,improve
578,13,4434.4,3,990.46,swap,acceptBad
579,13,4439.98,3,990.46,swap,acceptBad
580,13,4426.12,3,990.46,move,improve
581,13,4275.549999999999,3,990.46,swap,improve
582,13,4304.619999999999,3,990.46,swap,acceptBad
583,13,4335.499999999999,3,990.46,swap,acceptBad
584,13,4335.499999999999,3,990.46,move,improve
585,13,4284.359999999999,3,990.46,move,improve
586,13,4262.26,3,990.46,2opt,improve
587,12,4035.3599999999997,3,990.46,2opt,improve
588,12,4034.58,3,990.46,2opt,improve
589,12,4010.1899999999996,3,990.46,swap,improve
590,12,4158.689999999999,3,990.46,swap,acceptBad
591,12,4115.719999999999,3,990.46,2opt,improve
592,12,3951.24,3,990.46,move,improve
593,12,3960.5999999999995,3,990.46,swap,acceptBad
594,12,3960.5999999999995,3,990.46,move,improve
595,12,3958.98,3,990.46,move,improve
596,12,3902.579999999999,3,990.46,swap,improve
597,12,3936.040000000001,3,990.46,swap,acceptBad
598,12,4018.26,3,990.46,2opt,acceptBad
599,12,4018.26,3,990.46,swap,improve
600,12,3937.82,3,990.46,move,improve
601,12,3983.7999999999993,3,990.46,2opt,acceptBad
602,12,3973.2399999999993,3,990.46,move,improve
603,12,4030.100000000001,3,990.46,2opt,acceptBad
604,12,3913.840000000001,3,990.46,swap,improve
605,12,3894.0299999999997,3,990.46,2opt,improve
606,12,3852.1800000000003,3,990.46,move,improve
607,12,3891.42,3,990.46,swap,acceptBad
608,12,3990.789999999999,3,990.46,2opt,acceptBad
609,12,4046.129999999999,3,990.46,swap,acceptBad
610,12,4323.93,3,990.46,2opt,acceptBad
611,12,4393.839999999999,3,990.46,2opt,acceptBad
612,12,4375.299999999999,3,990.46,swap,improve
613,12,4374.33,3,990.46,2opt,improve
614,12,4305.88,3,990.46,move,improve
615,12,4508.75,3,990.46,2opt,acceptBad
616,12,4512.2300000000005,3,990.46,swap,acceptBad
617,12,4380.339999999999,3,990.46,swap,improve
618,12,4360.0599999999995,3,990.46,move,improve
619,12,4389.13,3,990.46,2opt,acceptBad
620,12,4533.709999999999,3,990.46,2opt,acceptBad
621,12,4437.829999999999,3,990.46,swap,improve
622,12,4587.169999999999,3,990.46,swap,acceptBad
623,13,4781.41,3,990.46,2opt,acceptBad
624,13,4778.8499999999985,3,990.46,swap,improve
625,13,4827.489999999999,3,990.46,swap,acceptBad
626,13,4819.609999999999,3,990.46,swap,improve
627,13,4675.3099999999995,3,990.46,move,improve
628,13,4649.379999999999,3,990.46,move,improve
629,13,4666.59,3,990.46,swap,acceptBad
630,13,4636.950000000001,3,990.46,2opt,improve
631,13,4477.850000000001,3,990.46,move,improve
632,13,4367.410000000001,3,990.46,move,improve
633,13,4276.249999999999,3,990.46,2opt,improve
634,13,4250.45,3,990.46,move,improve
635,13,4230.03,3,990.46,move,improve
636,13,4261.639999999999,3,990.46,swap,acceptBad
637,13,4301.429999999999,3,990.46,swap,acceptBad
638,13,4301.429999999999,3,990.46,move,improve
639,13,4397.8099999999995,3,990.46,2opt,acceptBad
640,13,4359.799999999999,3,990.46,move,improve
641,13,4347.06,3,990.46,2opt,improve
642,12,4138.949999999999,3,990.46,2opt,improve
643,12,4131.5599999999995,3,990.46,swap,improve
644,12,4034.1599999999994,3,990.46,swap,improve
645,12,3977.7199999999993,3,990.46,move,improve
646,12,4008.3499999999995,3,990.46,swap,acceptBad
647,12,4008.63,3,990.46,swap,acceptBad
648,12,3911.05,3,990.46,swap,improve
649,12,3844.8299999999995,3,990.46,move,improve
650,12,3792.49,3,990.46,move,improve
651,12,3812.1099999999997,3,990.46,swap,acceptBad
652,12,3948.5099999999993,3,990.46,2opt,acceptBad
653,12,3839.8,3,990.46,move,improve
654,12,3925.5700000000006,3,990.46,2opt,acceptBad
655,12,4067.28,3,990.46,swap,acceptBad
656,12,3943.15,3,990.46,swap,improve
657,12,3838.1900000000005,3,990.46,move,improve
658,12,3838.1899999999996,3,990.46,move,improve
659,12,3963.55,3,990.46,swap,acceptBad
660,12,4203.200000000001,3,990.46,2opt,acceptBad
661,12,4119.84,3,990.46,move,improve
662,12,4143.48,3,990.46,2opt,acceptBad
663,12,4151.68,3,990.46,swap,acceptBad
664,12,4130.3,3,990.46,move,improve
665,12,4130.3,3,990.46,move,improve
666,12,4126.61,3,990.46,2opt,improve
667,12,4365.669999999999,3,990.46,2opt,acceptBad
668,12,4287.749999999999,3,990.46,move,improve
669,12,4284.489999999999,3,990.46,swap,improve
670,12,4182.089999999999,3,990.46,swap,improve
671,12,4183.909999999999,3,990.46,swap,acceptBad
672,12,4156.3099999999995,3,990.46,move,improve
673,12,4126.649999999999,3,990.46,move,improve
674,12,4115.569999999999,3,990.46,move,improve
675,12,4246.219999999999,3,990.46,2opt,acceptBad
676,12,4287.969999999999,3,990.46,2opt,acceptBad
677,12,4247.1,3,990.46,move,improve
678,12,4157.47,3,990.46,2opt,improve
679,12,4147.310000000001,3,990.46,move,improve
680,12,4146.9400000000005,3,990.46,swap,improve
681,12,4203.550000000001,3,990.46,2opt,acceptBad
682,12,4260.130000000001,3,990.46,swap,acceptBad
683,13,4662.780000000002,3,990.46,2opt,acceptBad
684,13,4457.210000000002,3,990.46,move,improve
685,13,4382.450000000002,3,990.46,swap,improve
686,13,4340.2800000000025,3,990.46,swap,improve
687,13,4340.2800000000025,3,990.46,move,improve
688,13,4431.8200000000015,3,990.46,2opt,acceptBad
689,13,4442.9000000000015,3,990.46,2opt,acceptBad
690,13,4351.6900000000005,3,990.46,move,improve
691,13,4356.51,3,990.46,2opt,acceptBad
692,13,4356.51,3,990.46,move,improve
693,13,4483.9800000000005,3,990.46,2opt,acceptBad
694,13,4371.18,3,990.46,move,improve
695,13,4369.490000000001,3,990.46,swap,improve
696,13,4304.210000000001,3,990.46,move,improve
697,13,4222.51,3,990.46,move,improve
698,13,4156.620000000001,3,990.46,2opt,improve
699,13,4238.360000000001,3,990.46,swap,acceptBad
700,13,4244.160000000001,3,990.46,2opt,acceptBad
701,13,4334.0599999999995,3,990.46,2opt,acceptBad
702,13,4383.72,3,990.46,swap,acceptBad
703,13,4391.02,3,990.46,2opt,acceptBad
704,13,4477.57,3,990.46,2opt,acceptBad
705,12,4242.59,3,990.46,2opt,improve
706,12,4245.5,3,990.46,swap,acceptBad
707,12,4096.02,3,990.46,move,improve
708,12,4249.58,3,990.46,2opt,acceptBad
709,12,4221.859999999999,3,990.46,move,improve
710,12,4221.66,3,990.46,2opt,improve
711,12,4232.420000000001,3,990.46,2opt,acceptBad
712,11,3959.59,3,990.46,2opt,improve
713,11,3962.559999999999,3,990.46,swap,acceptBad
714,11,4045.3899999999994,3,990.46,swap,acceptBad
715,11,4074.87,3,990.46,swap,acceptBad
716,11,4067.25,3,990.46,2opt,improve
717,11,4093.05,3,990.46,swap,acceptBad
718,11,4113.9400000000005,3,990.46,swap,acceptBad
719,11,4086.6900000000005,3,990.46,swap,improve
720,11,4072.790000000001,3,990.46,move,improve
721,11,4059.8500000000004,3,990.46,swap,improve
722,11,3900.05,3,990.46,2opt,improve
723,11,3860.3500000000004,3,990.46,move,improve
724,11,3942.5200000000004,3,990.46,swap,acceptBad
725,11,3942.5200000000004,3,990.46,move,improve
726,11,3870.27,3,990.46,swap,improve
727,11,3866.5200000000004,3,990.46,swap,improve
728,11,3795.27,3,990.46,swap,improve
729,11,3728.87,3,990.46,move,improve
730,11,3741.7599999999998,3,990.46,2opt,acceptBad
731,11,4025.41,3,990.46,swap,acceptBad
732,11,3944.0400000000004,3,990.46,move,improve
733,11,3908.370000000001,3,990.46,move,improve
734,11,3845.2900000000004,3,990.46,move,improve
735,11,3845.2900000000004,3,990.46,move,improve
736,11,3805.37,3,990.46,move,improve
737,11,3805.2300000000005,3,990.46,move,improve
738,11,4001.1300000000006,3,990.46,2opt,acceptBad
739,11,3830.0699999999997,3,990.46,2opt,improve
740,10,3537.8200000000006,3,990.46,2opt,improve
741,10,3345.1000000000004,3,990.46,move,improve
742,10,3256.0900000000006,3,990.46,move,improve
743,10,3239.5500000000006,3,990.46,move,improve
744,10,3238.4900000000007,3,990.46,move,improve
745,10,3257.03,3,990.46,2opt,acceptBad
746,11,3596.7300000000005,3,990.46,2opt,acceptBad
747,11,3593.760000000001,3,990.46,2opt,improve
748,11,3798.980000000001,3,990.46,2opt,acceptBad
749,11,3887.7799999999997,3,990.46,2opt,acceptBad
750,11,3859.6,3,990.46,move,improve
751,11,3789.4499999999994,3,990.46,move,improve
752,11,3852.58,3,990.46,2opt,acceptBad
753,11,3885.25,3,990.46,swap,acceptBad
754,11,3944.2299999999996,3,990.46,2opt,acceptBad
755,11,3929.15,3,990.46,move,improve
756,11,3903.21,3,990.46,move,improve
757,11,3822.34,3,990.46,move,improve
758,11,3825.9900000000002,3,990.46,2opt,acceptBad
759,11,3939.7800000000007,3,990.46,2opt,acceptBad
760,11,3943.310000000001,3,990.46,2opt,acceptBad
761,11,4055.230000000001,3,990.46,2opt,acceptBad
762,11,3834.7000000000007,3,990.46,2opt,improve
763,11,3857.38,3,990.46,2opt,acceptBad
764,11,3874.05,3,990.46,swap,acceptBad
765,11,4037.7800000000007,3,990.46,swap,acceptBad
766,11,3929.76,3,990.46,move,improve
767,11,3918.25,3,990.46,swap,improve
768,11,3971.7800000000007,3,990.46,2opt,acceptBad
769,11,3784.4800000000005,3,990.46,swap,improve
770,11,3785.1700000000005,3,990.46,swap,acceptBad
771,11,3747.0100000000007,3,990.46,swap,improve
772,11,3747.0100000000007,3,990.46,move,improve
773,11,3734.6500000000005,3,990.46,move,improve
774,11,3619.24,3,990.46,move,improve
775,11,3624.46,3,990.46,2opt,acceptBad
776,11,3625.4799999999996,3,990.46,swap,acceptBad
777,11,3626.6100000000006,3,990.46,2opt,acceptBad
778,11,3552.4200000000005,3,990.46,swap,improve
779,11,3481.630000000001,3,990.46,swap,improve
780,11,3428.090000000001,3,990.46,move,improve
781,11,3329.350000000001,3,990.46,move,improve
782,11,3329.350000000001,3,990.46,move,improve
783,11,3232.680000000001,3,990.46,move,improve
784,11,3282.379999999999,3,990.46,2opt,acceptBad
785,11,3196.6500000000005,3,990.46,move,improve
786,11,3368.2799999999997,3,990.46,swap,acceptBad
787,11,3434.64,3,990.46,swap,acceptBad
788,11,3405.3599999999997,3,990.46,swap,improve
789,11,3547.869999999999,3,990.46,swap,acceptBad
790,11,3613.5200000000004,3,990.46,2opt,acceptBad
791,11,3536.1899999999996,3,990.46,move,improve
792,11,3615.1400000000003,3,990.46,2opt,acceptBad
793,11,3688.44,3,990.46,2opt,acceptBad
794,11,3677.7899999999995,3,990.46,2opt,improve
795,11,3857.4799999999996,3,990.46,swap,acceptBad
796,11,3729.879999999999,3,990.46,swap,improve
797,11,3707.93,3,990.46,move,improve
798,10,3373.2299999999996,3,990.46,2opt,improve
799,10,3373.2299999999996,3,990.46,2opt,improve
800,10,3364.92,3,990.46,2opt,improve
801,11,3741.109999999999,3,990.46,2opt,acceptBad
802,11,3641.16,3,990.46,move,improve
803,11,3632.3999999999996,3,990.46,swap,improve
804,11,3830.8499999999995,3,990.46,swap,acceptBad
805,11,3899.26,3,990.46,2opt,acceptBad
806,11,3889.15,3,990.46,swap,improve
807,11,4042.62,3,990.46,2opt,acceptBad
808,11,3913.8499999999995,3,990.46,swap,improve
809,11,3871.0999999999995,3,990.46,move,improve
810,11,4156.960000000001,3,990.46,2opt,acceptBad
811,11,4069.539999999999,3,990.46,move,improve
812,11,4034.7199999999993,3,990.46,swap,improve
813,11,4277.08,3,990.46,2opt,acceptBad
814,11,4102.51,3,990.46,move,improve
815,11,4111.099999999999,3,990.46,2opt,acceptBad
816,11,4096.720000000002,3,990.46,2opt,improve
817,11,4261.780000000002,3,990.46,swap,acceptBad
818,11,4231.92,3,990.46,swap,improve
819,11,4213.87,3,990.46,move,improve
820,11,4221.84,3,990.46,swap,acceptBad
821,11,4230.29,3,990.46,2opt,acceptBad
822,11,4144.709999999999,3,990.46,move,improve
823,11,4020.3200000000006,3,990.46,2opt,improve
824,11,4020.3200000000006,3,990.46,move,improve
825,11,4174.34,3,990.46,2opt,acceptBad
826,11,4174.34,3,990.46,2opt,improve
827,11,4152.07,3,990.46,move,improve
828,11,4044.160000000001,3,990.46,2opt,improve
829,11,3992.0300000000007,3,990.46,move,improve
830,11,4018.5700000000006,3,990.46,swap,acceptBad
831,11,4147.6900000000005,3,990.46,2opt,acceptBad
832,11,4031.8700000000013,3,990.46,move,improve
833,11,4121.240000000001,3,990.46,swap,acceptBad
834,11,4130.34,3,990.46,2opt,acceptBad
835,11,4265.38,3,990.46,swap,acceptBad
836,11,4465.71,3,990.46,2opt,acceptBad
837,11,4279.459999999999,3,990.46,2opt,improve
838,11,4304.02,3,990.46,swap,acceptBad
839,11,4281.719999999999,3,990.46,2opt,improve
840,11,4380.349999999999,3,990.46,2opt,acceptBad
841,11,4587.259999999999,3,990.46,swap,acceptBad
842,11,4440.74,3,990.46,2opt,improve
843,11,4451.0599999999995,3,990.46,swap,acceptBad
844,11,4437.4400000000005,3,990.46,2opt,improve
845,11,4491.499999999999,3,990.46,2opt,acceptBad
846,11,4423.3099999999995,3,990.46,move,improve
847,11,4423.3099999999995,3,990.46,2opt,improve
848,11,4473.820000000001,3,990.46,2opt,acceptBad
849,11,4472.61,3,990.46,move,improve
850,11,4381.98,3,990.46,swap,improve
851,11,4362.759999999999,3,990.46,2opt,improve
852,11,4362.759999999999,3,990.46,move,improve
853,11,4341.53,3,990.46,move,improve
854,11,4153.08,3,990.46,move,improve
855,11,4083.2199999999993,3,990.46,swap,improve
856,11,4070.08,3,990.46,move,improve
857,11,4009.3899999999994,3,990.46,move,improve
858,11,3975.48,3,990.46,2opt,improve
859,11,4025.6800000000003,3,990.46,2opt,acceptBad
860,11,4077.88,3,990.46,2opt,acceptBad
861,11,4063.0599999999995,3,990.46,move,improve
862,11,3897.4900000000002,3,990.46,2opt,improve
863,11,3801.9400000000005,3,990.46,2opt,improve
864,11,3853.44,3,990.46,swap,acceptBad
865,11,3832.459999999999,3,990.46,swap,improve
866,11,3819.12,3,990.46,swap,improve
867,11,4128.78,3,990.46,2opt,acceptBad
868,11,3990.3999999999996,3,990.46,move,improve
869,11,3986.8099999999986,3,990.46,2opt,improve
870,11,3986.8099999999986,3,990.46,move,improve
871,11,3756.3900000000003,3,990.46,2opt,improve
872,11,3751.620000000001,3,990.46,swap,improve
873,12,4051.4500000000003,3,990.46,2opt,acceptBad
874,12,4044.4500000000007,3,990.46,move,improve
875,12,4095.5700000000006,3,990.46,swap,acceptBad
876,12,4286.51,3,990.46,2opt,acceptBad
877,12,4657.79,3,990.46,swap,acceptBad
878,12,4414.42,3,990.46,move,improve
879,12,4430.039999999999,3,990.46,swap,acceptBad
880,13,4939.1900000000005,3,990.46,2opt,acceptBad
881,13,4948.860000000001,3,990.46,swap,acceptBad
882,13,4924.54,3,990.46,move,improve
883,13,4924.54,3,990.46,move,improve
884,13,4840.9,3,990.46,2opt,improve
885,13,4822.9000000000015,3,990.46,2opt,improve
886,13,4794.310000000001,3,990.46,move,improve
887,13,4800.570000000001,3,990.46,swap,acceptBad
888,13,5175.690000000001,3,990.46,2opt,acceptBad
889,13,5451.590000000002,3,990.46,2opt,acceptBad
890,13,5415.100000000002,3,990.46,move,improve
891,13,5385.380000000001,3,990.46,move,improve
892,13,5326.76,3,990.46,swap,improve
893,13,5326.4000000000015,3,990.46,swap,improve
894,13,5214.3200000000015,3,990.46,move,improve
895,13,5045.49,3,990.46,2opt,improve
896,13,5017.129999999999,3,990.46,swap,improve
897,13,4976.34,3,990.46,swap,improve
898,13,4914.549999999999,3,990.46,2opt,improve
899,13,4888.85,3,990.46,move,improve
900,13,4848.17,3,990.46,swap,improve
901,13,4764.32,3,990.46,move,improve
902,13,4674.060000000001,3,990.46,move,improve
903,13,4559.66,3,990.46,move,improve
904,14,4777.15,3,990.46,2opt,acceptBad
905,14,4777.15,3,990.46,move,improve
906,14,4726.219999999999,3,990.46,2opt,improve
907,14,4513.829999999999,3,990.46,move,improve
908,14,4699.549999999999,3,990.46,2opt,acceptBad
909,14,4794.5599999999995,3,990.46,swap,acceptBad
910,14,4788.279999999999,3,990.46,move,improve
911,14,4685.53,3,990.46,swap,improve
912,14,4685.53,3,990.46,move,improve
913,14,4784.219999999998,3,990.46,swap,acceptBad
914,14,4823.5999999999985,3,990.46,2opt,acceptBad
915,14,4801.919999999998,3,990.46,move,improve
916,14,4778.0,3,990.46,2opt,improve
917,14,4808.409999999999,3,990.46,2opt,acceptBad
918,14,4855.029999999999,3,990.46,2opt,acceptBad
919,14,4814.33,3,990.46,move,improve
920,14,4814.33,3,990.46,2opt,notBad
921,14,4823.09,3,990.46,swap,acceptBad
922,14,4820.790000000001,3,990.46,2opt,improve
923,14,4869.9400000000005,3,990.46,swap,acceptBad
924,14,4814.620000000001,3,990.46,2opt,improve
925,13,4595.83,3,990.46,2opt,improve
926,13,4595.83,3,990.46,move,improve
927,13,4570.04,3,990.46,2opt,improve
928,13,4514.13,3,990.46,2opt,improve
929,13,4434.450000000001,3,990.46,2opt,improve
930,13,4353.47,3,990.46,swap,improve
931,13,4353.47,3,990.46,move,improve
932,13,4343.6900000000005,3,990.46,move,improve
933,13,4398.790000000001,3,990.46,swap,acceptBad
934,13,4395.410000000001,3,990.46,move,improve
935,13,4366.730000000001,3,990.46,move,improve
936,13,4253.9800000000005,3,990.46,move,improve
937,13,4203.82,3,990.46,move,improve
938,13,4195.249999999999,3,990.46,swap,improve
939,13,4156.99,3,990.46,2opt,improve
940,13,4156.99,3,990.46,move,improve
941,13,4156.900000000001,3,990.46,move,improve
942,13,4263.4400000000005,3,990.46,swap,acceptBad
943,13,4327.890000000001,3,990.46,swap,acceptBad
944,13,4270.660000000002,3,990.46,swap,improve
945,13,4050.380000000001,3,990.46,move,improve
946,13,4050.380000000001,3,990.46,move,improve
947,13,4050.380000000001,3,990.46,2opt,improve
948,13,4023.080000000001,3,990.46,swap,improve
949,13,4045.5700000000015,3,990.46,2opt,acceptBad
950,13,3979.4700000000003,3,990.46,swap,improve
951,13,3942.11,3,990.46,move,improve
952,13,4254.4,3,990.46,2opt,acceptBad
953,13,4237.8099999999995,3,990.46,move,improve
954,13,4298.219999999999,3,990.46,swap,acceptBad
955,13,4298.219999999999,3,990.46,move,improve
956,13,4245.889999999999,3,990.46,move,improve
957,13,4226.9,3,990.46,move,improve
958,13,4234.490000000001,3,990.46,swap,acceptBad
959,13,3939.7500000000005,3,990.46,move,improve
960,13,4346.139999999999,3,990.46,2opt,acceptBad
961,13,4345.09,3,990.46,swap,improve
962,13,4198.55,3,990.46,2opt,improve
963,13,4114.080000000001,3,990.46,swap,improve
964,13,4282.240000000002,3,990.46,2opt,acceptBad
965,13,4288.510000000001,3,990.46,swap,acceptBad
966,13,4292.760000000001,3,990.46,swap,acceptBad
967,13,4325.030000000001,3,990.46,swap,acceptBad
968,13,4550.73,3,990.46,2opt,acceptBad
969,13,4552.430000000001,3,990.46,2opt,acceptBad
970,13,4845.56,3,990.46,swap,acceptBad
971,13,4883.350000000001,3,990.46,2opt,acceptBad
972,13,4913.700000000001,3,990.46,swap,acceptBad
973,13,4776.840000000001,3,990.46,move,improve
974,13,4807.540000000001,3,990.46,swap,acceptBad
975,13,4808.389999999999,3,990.46,2opt,acceptBad
976,13,4773.349999999999,3,990.46,move,improve
977,13,4788.53,3,990.46,2opt,acceptBad
978,13,4628.25,3,990.46,move,improve
979,13,4685.189999999999,3,990.46,2opt,acceptBad
980,13,4614.5199999999995,3,990.46,swap,improve
981,13,4515.52,3,990.46,swap,improve
982,13,4390.579999999999,3,990.46,2opt,improve
983,14,4704.5599999999995,3,990.46,2opt,acceptBad
984,14,4848.210000000001,3,990.46,swap,acceptBad
985,14,4848.210000000001,3,990.46,2opt,notBad
986,14,4864.450000000001,3,990.46,2opt,acceptBad
987,14,4613.21,3,990.46,2opt,improve
988,14,4653.73,3,990.46,2opt,acceptBad
989,14,4705.359999999999,3,990.46,swap,acceptBad
990,14,5057.79,3,990.46,2opt,acceptBad
991,14,5139.15,3,990.46,swap,acceptBad
992,14,5088.98,3,990.46,move,improve
993,14,5129.07,3,990.46,2opt,acceptBad
994,14,5124.58,3,990.46,swap,improve
995,14,5140.51,3,990.46,swap,acceptBad
996,14,5167.119999999999,3,990.46,swap,acceptBad
997,14,5056.639999999999,3,990.46,move,improve
998,14,5052.4299999999985,3,990.46,move,improve
999,14,4992.629999999999,3,990.46,swap,improve
1000,14,4949.58,3,990.46,move,improve
1001,14,5175.789999999999,3,990.46,2opt,acceptBad
1002,14,4965.65,3,990.46,move,improve
1003,14,4840.57,3,990.46,move,improve
1004,14,4868.66,3,990.46,2opt,acceptBad
1005,14,4893.259999999998,3,990.46,swap,acceptBad
1006,14,4911.499999999998,3,990.46,swap,acceptBad
1007,14,4837.559999999998,3,990.46,move,improve
1008,14,4885.24,3,990.46,swap,acceptBad
1009,14,4767.48,3,990.46,swap,improve
1010,14,4741.299999999999,3,990.46,move,improve
1011,14,4767.639999999999,3,990.46,swap,acceptBad
1012,14,4675.749999999999,3,990.46,move,improve
1013,14,4635.32,3,990.46,move,improve
1014,14,4706.98,3,990.46,swap,acceptBad
1015,14,4688.889999999999,3,990.46,swap,improve
1016,14,4872.21,3,990.46,2opt,acceptBad
1017,14,4728.97,3,990.46,move,improve
1018,14,4867.59,3,990.46,2opt,acceptBad
1019,14,4691.400000000001,3,990.46,2opt,improve
1020,14,4964.310000000001,3,990.46,2opt,acceptBad
1021,14,4950.609999999999,3,990.46,swap,improve
1022,14,4950.609999999999,3,990.46,move,improve
1023,14,5187.129999999999,3,990.46,swap,acceptBad
1024,14,5029.699999999999,3,990.46,swap,improve
1025,14,5024.049999999999,3,990.46,2opt,improve
1026,14,5225.160000000001,3,990.46,2opt,acceptBad
1027,14,5231.1,3,990.46,swap,acceptBad
1028,14,5230.540000000002,3,990.46,swap,improve
1029,14,5102.710000000001,3,990.46,move,improve
1030,15,5487.060000000001,3,990.46,2opt,acceptBad
1031,15,5633.8099999999995,3,990.46,2opt,acceptBad
1032,15,5626.250000000002,3,990.46,swap,improve
1033,15,5689.610000000001,3,990.46,swap,acceptBad
1034,15,5687.460000000001,3,990.46,2opt,improve
1035,15,5635.830000000002,3,990.46,swap,improve
1036,15,5584.790000000003,3,990.46,2opt,improve
1037,15,5576.880000000001,3,990.46,2opt,improve
1038,15,5712.65,3,990.46,2opt,acceptBad
1039,15,5682.879999999999,3,990.46,move,improve
1040,15,5809.99,3,990.46,swap,acceptBad
1041,14,5195.91,3,990.46,move,improve
1042,14,5150.35,3,990.46,2opt,improve
1043,14,5102.040000000001,3,990.46,move,improve
1044,13,4974.070000000001,3,990.46,2opt,improve
1045,13,4941.760000000001,3,990.46,move,improve
1046,13,4864.310000000001,3,990.46,swap,improve
1047,14,5098.630000000001,3,990.46,2opt,acceptBad
1048,14,5061.450000000001,3,990.46,move,improve
1049,14,4945.570000000001,3,990.46,move,improve
1050,15,5248.700000000001,3,990.46,2opt,acceptBad
1051,15,5338.9000000000015,3,990.46,2opt,acceptBad
1052,15,5329.620000000002,3,990.46,move,improve
1053,15,5239.990000000002,3,990.46,move,improve
1054,15,5272.4000000000015,3,990.46,2opt,acceptBad
1055,15,5344.210000000001,3,990.46,2opt,acceptBad
1056,15,5344.210000000001,3,990.46,move,improve
1057,15,5465.5,3,990.46,2opt,acceptBad
1058,15,5473.13,3,990.46,2opt,acceptBad
1059,15,5430.02,3,990.46,swap,improve
1060,15,5449.490000000001,3,990.46,swap,acceptBad
1061,15,5445.650000000001,3,990.46,swap,improve
1062,15,5230.65,3,990.46,move,improve
1063,15,5180.5599999999995,3,990.46,swap,improve
1064,15,5267.32,3,990.46,swap,acceptBad
1065,15,5381.460000000001,3,990.46,swap,acceptBad
1066,15,5419.980000000001,3,990.46,swap,acceptBad
1067,15,5472.500000000002,3,990.46,swap,acceptBad
1068,15,5467.8200000000015,3,990.46,move,improve
1069,15,5455.200000000001,3,990.46,2opt,improve
1070,15,5467.850000000001,3,990.46,swap,acceptBad
1071,15,5513.14,3,990.46,swap,acceptBad
1072,15,5527.060000000001,3,990.46,move,acceptBad
1073,15,5457.73,3,990.46,move,improve
1074,14,5067.529999999999,3,990.46,move,improve
1075,14,5073.5199999999995,3,990.46,swap,acceptBad
1076,14,4971.75,3,990.46,move,improve
1077,14,5028.289999999999,3,990.46,swap,acceptBad
1078,14,4979.789999999999,3,990.46,move,improve
1079,13,4546.79,3,990.46,2opt,improve
1080,13,4531.16,3,990.46,2opt,improve
1081,13,4529.1,3,990.46,swap,improve
1082,13,4510.45,3,990.46,move,improve
1083,13,4510.45,3,990.46,move,improve
1084,13,4489.389999999999,3,990.46,move,improve
1085,13,4436.42,3,990.46,2opt,improve
1086,13,4428.299999999999,3,990.46,swap,improve
1087,13,4421.79,3,990.46,swap,improve
1088,13,4391.78,3,990.46,swap,improve
1089,13,4379.67,3,990.46,move,improve
1090,13,4560.650000000001,3,990.46,2opt,acceptBad
1091,13,4494.7300000000005,3,990.46,swap,improve
1092,13,4534.84,3,990.46,2opt,acceptBad
1093,13,4509.460000000001,3,990.46,move,improve
1094,13,4809.469999999999,3,990.46,swap,acceptBad
1095,13,4678.87,3,990.46,2opt,improve
1096,13,4447.62,3,990.46,swap,improve
1097,13,4170.670000000001,3,990.46,move,improve
1098,13,4087.670000000001,3,990.46,move,improve
1099,13,4036.96,3,990.46,2opt,improve
1100,13,4059.8500000000013,3,990.46,2opt,acceptBad
1101,13,4060.59,3,990.46,swap,acceptBad
1102,13,4040.0300000000007,3,990.46,move,improve
1103,13,4040.0300000000007,3,990.46,move,improve
1104,13,4252.230000000001,3,990.46,swap,acceptBad
1105,13,4432.970000000001,3,990.46,swap,acceptBad
1106,13,4430.410000000001,3,990.46,swap,improve
1107,13,4427.48,3,990.46,move,improve
1108,13,4423.030000000001,3,990.46,move,improve
1109,13,4398.490000000001,3,990.46,swap,improve
1110,14,4753.910000000002,3,990.46,2opt,acceptBad
1111,14,4702.7300000000005,3,990.46,move,improve
1112,14,4694.960000000001,3,990.46,swap,improve
1113,14,4856.98,3,990.46,2opt,acceptBad
1114,14,5023.6,3,990.46,2opt,acceptBad
1115,14,4871.220000000001,3,990.46,move,improve
1116,14,4883.440000000001,3,990.46,swap,acceptBad
1117,14,4992.140000000001,3,990.46,swap,acceptBad
1118,14,4971.1900000000005,3,990.46,move,improve
1119,14,4989.789999999998,3,990.46,2opt,acceptBad
1120,14,5015.999999999998,3,990.46,swap,acceptBad
1121,14,5190.719999999998,3,990.46,swap,acceptBad
1122,14,5171.0599999999995,3,990.46,swap,improve
1123,14,5139.719999999999,3,990.46,move,improve
1124,14,5283.92,3,990.46,2opt,acceptBad
1125,14,5283.899999999998,3,990.46,move,improve
1126,14,5512.18,3,990.46,2opt,acceptBad
1127,14,5506.42,3,990.46,move,improve
1128,14,5464.790000000001,3,990.46,move,improve
1129,14,5243.170000000001,3,990.46,move,improve
1130,14,5436.77,3,990.46,2opt,acceptBad
1131,14,5290.4299999999985,3,990.46,2opt,improve
1132,14,5289.8899999999985,3,990.46,swap,improve
1133,14,5199.619999999998,3,990.46,swap,improve
1134,14,5214.969999999999,3,990.46,2opt,acceptBad
1135,14,5119.729999999998,3,990.46,move,improve
1136,14,5404.9400000000005,3,990.46,2opt,acceptBad
1137,15,5552.010000000002,3,990.46,2opt,acceptBad
1138,15,5516.010000000002,3,990.46,swap,improve
1139,15,5300.000000000002,3,990.46,move,improve
1140,15,5282.780000000001,3,990.46,move,improve
1141,15,5468.52,3,990.46,2opt,acceptBad
1142,15,5409.15,3,990.46,swap,improve
1143,15,5580.18,3,990.46,2opt,acceptBad
1144,15,5577.4400000000005,3,990.46,swap,improve
1145,15,5461.229999999999,3,990.46,move,improve
1146,15,5410.869999999999,3,990.46,move,improve
1147,15,5398.119999999999,3,990.46,move,improve
1148,15,5306.68,3,990.46,move,improve
1149,15,5369.21,3,990.46,2opt,acceptBad
1150,15,5320.360000000001,3,990.46,move,improve
1151,15,5320.360000000001,3,990.46,move,improve
1152,15,5335.8099999999995,3,990.46,swap,acceptBad
1153,15,5352.610000000001,3,990.46,swap,acceptBad
1154,15,5333.969999999999,3,990.46,swap,improve
1155,15,5253.76,3,990.46,move,improve
1156,15,5496.890000000002,3,990.46,2opt,acceptBad
1157,15,5398.050000000001,3,990.46,move,improve
1158,15,5407.9400000000005,3,990.46,swap,acceptBad
1159,15,5371.780000000001,3,990.46,move,improve
1160,15,5365.060000000001,3,990.46,move,improve
1161,15,5336.250000000002,3,990.46,move,improve
1162,15,5336.250000000002,3,990.46,move,improve
1163,15,5336.250000000002,3,990.46,2opt,notBad
1164,15,5120.600000000001,3,990.46,move,improve
1165,15,5108.040000000001,3,990.46,move,improve
1166,15,5084.57,3,990.46,move,improve
1167,15,5327.9000000000015,3,990.46,swap,acceptBad
1168,15,5422.910000000001,3,990.46,2opt,acceptBad
1169,15,5422.910000000001,3,990.46,2opt,improve
1170,15,5414.33,3,990.46,move,improve
1171,15,5276.48,3,990.46,move,improve
1172,15,5337.5,3,990.46,swap,acceptBad
1173,15,5280.4400000000005,3,990.46,2opt,improve
1174,15,5227.420000000002,3,990.46,swap,improve
1175,15,5374.92,3,990.46,2opt,acceptBad
1176,15,5294.910000000002,3,990.46,2opt,improve
1177,15,5298.820000000001,3,990.46,swap,acceptBad
1178,15,5043.280000000001,3,990.46,move,improve
1179,15,5042.260000000002,3,990.46,move,improve
1180,15,5042.260000000002,3,990.46,move,improve
1181,15,5122.140000000001,3,990.46,2opt,acceptBad
1182,15,5557.280000000001,3,990.46,swap,acceptBad
1183,15,5570.2800000000025,3,990.46,swap,acceptBad
1184,15,5582.270000000002,3,990.46,2opt,acceptBad
1185,15,5562.380000000003,3,990.46,swap,improve
1186,15,5561.590000000002,3,990.46,move,improve
1187,15,5585.090000000002,3,990.46,swap,acceptBad
1188,15,5531.410000000003,3,990.46,move,improve
1189,15,5531.490000000002,3,990.46,swap,acceptBad
1190,15,5457.680000000002,3,990.46,move,improve
1191,15,5554.220000000001,3,990.46,swap,acceptBad
1192,15,5495.540000000001,3,990.46,2opt,improve
1193,15,5501.99,3,990.46,swap,acceptBad
1194,15,5883.06,3,990.46,2opt,acceptBad
1195,15,5436.170000000001,3,990.46,2opt,improve
1196,15,5641.789999999999,3,990.46,2opt,acceptBad
1197,15,5428.9,3,990.46,move,improve
1198,15,5266.87,3,990.46,move,improve
1199,15,5338.52,3,990.46,2opt,acceptBad
1200,15,5382.0,3,990.46,2opt,acceptBad
1201,15,5381.4000000000015,3,990.46,2opt,improve
1202,15,5255.42,3,990.46,move,improve
1203,15,5358.030000000002,3,990.46,2opt,acceptBad
1204,15,5415.25,3,990.46,swap,acceptBad
1205,15,5475.360000000001,3,990.46,swap,acceptBad
1206,15,5449.4400000000005,3,990.46,move,improve
1207,15,5518.019999999999,3,990.46,2opt,acceptBad
1208,15,5555.369999999999,3,990.46,2opt,acceptBad
1209,15,5609.84,3,990.46,swap,acceptBad
1210,15,5600.18,3,990.46,move,improve
1211,15,5615.9400000000005,3,990.46,2opt,acceptBad
1212,15,5769.139999999999,3,990.46,2opt,acceptBad
1213,15,5810.42,3,990.46,swap,acceptBad
1214,15,5796.389999999999,3,990.46,swap,improve
1215,15,5796.389999999999,3,990.46,move,improve
1216,15,5813.189999999999,3,990.46,2opt,acceptBad
1217,15,5808.839999999999,3,990.46,swap,improve
1218,15,5755.029999999999,3,990.46,2opt,improve
1219,15,5755.029999999999,3,990.46,move,improve
1220,15,5666.579999999999,3,990.46,move,improve
1221,15,5644.419999999998,3,990.46,move,improve
1222,14,5264.269999999999,3,990.46,move,improve
1223,14,5399.57,3,990.46,2opt,acceptBad
1224,14,5384.18,3,990.46,swap,improve
1225,14,5212.17,3,990.46,2opt,improve
1226,14,5121.79,3,990.46,swap,improve
1227,14,4991.9400000000005,3,990.46,move,improve
1228,14,4992.360000000001,3,990.46,swap,acceptBad
1229,14,4988.610000000001,3,990.46,swap,improve
1230,14,4889.050000000001,3,990.46,2opt,improve
1231,14,4930.76,3,990.46,2opt,acceptBad
1232,14,4968.5700000000015,3,990.46,swap,acceptBad
1233,14,5011.790000000001,3,990.46,2opt,acceptBad
1234,14,4795.27,3,990.46,swap,improve
1235,14,4759.370000000001,3,990.46,swap,improve
1236,15,5029.7300000000005,3,990.46,2opt,acceptBad
1237,15,5092.8200000000015,3,990.46,2opt,acceptBad
1238,15,4854.650000000002,3,990.46,move,improve
1239,15,4837.5,3,990.46,swap,improve
1240,15,4651.870000000001,3,990.46,swap,improve
1241,15,4647.25,3,990.46,2opt,improve
1242,15,4646.560000000001,3,990.46,move,improve
1243,15,4790.54,3,990.46,swap,acceptBad
1244,15,4814.38,3,990.46,swap,acceptBad
1245,15,4831.960000000001,3,990.46,swap,acceptBad
1246,15,4676.92,3,990.46,move,improve
1247,15,4724.4400000000005,3,990.46,swap,acceptBad
1248,15,4605.460000000001,3,990.46,move,improve
1249,15,4873.94,3,990.46,swap,acceptBad
1250,15,4842.3,3,990.46,swap,improve
1251,15,4831.5,3,990.46,swap,improve
1252,15,4821.17,3,990.46,2opt,improve
1253,15,4821.1900000000005,3,990.46,2opt,acceptBad
1254,15,4877.24,3,990.46,swap,acceptBad
1255,15,4761.0,3,990.46,2opt,improve
1256,15,4571.959999999999,3,990.46,move,improve
1257,15,4532.0,3,990.46,move,improve
1258,15,4593.29,3,990.46,swap,acceptBad
1259,15,4587.8,3,990.46,swap,improve
1260,15,4639.1900000000005,3,990.46,swap,acceptBad
1261,15,4623.830000000002,3,990.46,move,improve
1262,15,4631.330000000002,3,990.46,move,acceptBad
1263,15,4558.030000000001,3,990.46,move,improve
1264,15,4608.810000000001,3,990.46,2opt,acceptBad
1265,15,4585.909999999999,3,990.46,move,improve
1266,15,4602.85,3,990.46,2opt,acceptBad
1267,15,4597.619999999999,3,990.46,2opt,improve
1268,15,4617.620000000001,3,990.46,2opt,acceptBad
1269,15,4773.360000000001,3,990.46,2opt,acceptBad
1270,15,4790.619999999999,3,990.46,swap,acceptBad
1271,15,4682.07,3,990.46,move,improve
1272,15,4679.47,3,990.46,swap,improve
1273,15,4597.61,3,990.46,move,improve
1274,15,4534.9400000000005,3,990.46,move,improve
1275,15,4551.219999999999,3,990.46,swap,acceptBad
1276,15,4508.649999999998,3,990.46,move,improve
1277,15,4494.939999999999,3,990.46,swap,improve
1278,15,4417.82,3,990.46,move,improve
1279,15,4395.639999999999,3,990.46,move,improve
1280,15,4410.959999999999,3,990.46,2opt,acceptBad
1281,15,4306.0199999999995,3,990.46,swap,improve
1282,15,4306.0199999999995,3,990.46,move,improve
1283,15,4328.07,3,990.46,swap,acceptBad
1284,15,4288.110000000001,3,990.46,2opt,improve
1285,15,4300.63,3,990.46,2opt,acceptBad
1286,15,4298.219999999999,3,990.46,swap,improve
1287,15,4225.5599999999995,3,990.46,move,improve
1288,15,4255.7300000000005,3,990.46,2opt,acceptBad
1289,15,4253.550000000001,3,990.46,swap,improve
1290,14,4110.5,3,990.46,2opt,improve
1291,14,4095.5600000000013,3,990.46,move,improve
1292,14,4177.82,3,990.46,2opt,acceptBad
1293,14,4050.21,3,990.46,move,improve
1294,14,4055.45,3,990.46,2opt,acceptBad
1295,14,4050.9700000000003,3,990.46,swap,improve
1296,14,3985.7500000000005,3,990.46,move,improve
1297,14,3990.8100000000013,3,990.46,2opt,acceptBad
1298,14,3969.6200000000017,3,990.46,move,improve
1299,14,3927.3200000000006,3,990.46,move,improve
1300,14,3960.979999999999,3,990.46,2opt,acceptBad
1301,13,3703.3499999999995,3,990.46,2opt,improve
1302,13,3675.1499999999996,3,990.46,move,improve
1303,13,3807.7200000000003,3,990.46,2opt,acceptBad
1304,13,3938.0200000000004,3,990.46,swap,acceptBad
1305,13,3932.2599999999993,3,990.46,2opt,improve
1306,13,4047.949999999999,3,990.46,2opt,acceptBad
1307,12,3640.4399999999996,3,990.46,move,improve
1308,12,3662.7799999999997,3,990.46,2opt,acceptBad
1309,12,3646.319999999999,3,990.46,2opt,improve
1310,12,3714.219999999999,3,990.46,swap,acceptBad
1311,12,3641.0699999999997,3,990.46,2opt,improve
1312,12,3659.8799999999997,3,990.46,2opt,acceptBad
1313,12,3590.1100000000006,3,990.46,swap,improve
1314,12,3464.16,3,990.46,move,improve
1315,12,3523.980000000001,3,990.46,swap,acceptBad
1316,12,3399.55,3,990.46,swap,improve
1317,12,3881.13,3,990.46,swap,acceptBad
1318,12,3947.32,3,990.46,swap,acceptBad
1319,12,3944.46,3,990.46,swap,improve
1320,12,3955.37,3,990.46,swap,acceptBad
1321,12,3944.46,3,990.46,swap,improve
1322,12,3890.5600000000004,3,990.46,2opt,improve
1323,12,3812.3000000000006,3,990.46,move,improve
1324,12,3836.9699999999993,3,990.46,2opt,acceptBad
1325,12,3835.4299999999994,3,990.46,swap,improve
1326,12,4018.1399999999994,3,990.46,swap,acceptBad
1327,12,3959.6099999999997,3,990.46,move,improve
1328,12,3981.26,3,990.46,swap,acceptBad
1329,12,3981.26,3,990.46,move,improve
1330,12,3982.3600000000006,3,990.46,2opt,acceptBad
1331,12,4038.5200000000004,3,990.46,swap,acceptBad
1332,12,4112.110000000001,3,990.46,swap,acceptBad
1333,12,4110.77,3,990.46,move,improve
1334,12,4074.23,3,990.46,move,improve
1335,12,4230.43,3,990.46,swap,acceptBad
1336,12,4217.289999999999,3,990.46,swap,improve
1337,13,4593.58,3,990.46,2opt,acceptBad
1338,13,4568.740000000001,3,990.46,swap,improve
1339,13,4424.660000000001,3,990.46,2opt,improve
1340,13,4424.660000000001,3,990.46,move,improve
1341,13,4404.1,3,990.46,move,improve
1342,13,4324.88,3,990.46,2opt,improve
1343,13,4267.49,3,990.46,2opt,improve
1344,13,4293.280000000001,3,990.46,swap,acceptBad
1345,13,4231.450000000001,3,990.46,2opt,improve
1346,13,4177.310000000001,3,990.46,move,improve
1347,13,4112.590000000001,3,990.46,move,improve
1348,13,4048.0600000000004,3,990.46,move,improve
1349,13,4143.19,3,990.46,swap,acceptBad
1350,12,3877.07,3,990.46,2opt,improve
1351,12,3920.82,3,990.46,swap,acceptBad
1352,12,4015.1200000000003,3,990.46,swap,acceptBad
1353,12,4025.5899999999997,3,990.46,swap,acceptBad
1354,12,4122.330000000001,3,990.46,2opt,acceptBad
1355,12,4112.34,3,990.46,swap,improve
1356,12,4043.3600000000006,3,990.46,swap,improve
1357,12,4228.76,3,990.46,swap,acceptBad
1358,12,4356.959999999999,3,990.46,2opt,acceptBad
1359,12,4370.449999999999,3,990.46,swap,acceptBad
1360,12,4412.050000000001,3,990.46,2opt,acceptBad
1361,12,4416.320000000001,3,990.46,swap,acceptBad
1362,12,4248.6500000000015,3,990.46,move,improve
1363,12,4164.43,3,990.46,move,improve
1364,12,4042.66,3,990.46,move,improve
1365,12,3951.58,3,990.46,move,improve
1366,12,4007.8200000000006,3,990.46,2opt,acceptBad
1367,12,4001.78,3,990.46,swap,improve
1368,12,4001.78,3,990.46,move,improve
1369,12,4055.5999999999995,3,990.46,2opt,acceptBad
1370,12,3988.3199999999997,3,990.46,swap,improve
1371,12,3988.3199999999997,3,990.46,2opt,notBad
1372,12,3988.3199999999997,3,990.46,move,improve
1373,12,4075.439999999999,3,990.46,swap,acceptBad
1374,12,4045.33,3,990.46,2opt,improve
1375,12,4094.8599999999997,3,990.46,2opt,acceptBad
1376,12,4119.91,3,990.46,swap,acceptBad
1377,12,4073.59,3,990.46,move,improve
1378,12,3941.35,3,990.46,move,improve
1379,12,3886.2499999999995,3,990.46,move,improve
1380,12,4196.580000000001,3,990.46,2opt,acceptBad
1381,12,4044.09,3,990.46,move,improve
1382,12,4044.09,3,990.46,2opt,improve
1383,12,4054.0900000000006,3,990.46,swap,acceptBad
1384,12,4026.03,3,990.46,2opt,improve
1385,12,3985.6899999999996,3,990.46,move,improve
1386,12,3941.0299999999993,3,990.46,move,improve
1387,12,3934.869999999999,3,990.46,2opt,improve
1388,12,3999.319999999999,3,990.46,swap,acceptBad
1389,12,3956.0,3,990.46,2opt,improve
1390,12,4050.3300000000004,3,990.46,swap,acceptBad
1391,12,3998.13,3,990.46,move,improve
1392,12,3975.5899999999992,3,990.46,move,improve
1393,12,3944.4999999999995,3,990.46,swap,improve
1394,12,3944.4999999999995,3,990.46,2opt,notBad
1395,11,3716.8500000000004,3,990.46,2opt,improve
1396,11,3531.3600000000006,3,990.46,swap,improve
1397,11,3492.2300000000005,3,990.46,move,improve
1398,11,3413.17,3,990.46,2opt,improve
1399,11,3582.3499999999995,3,990.46,2opt,acceptBad
1400,11,3633.72,3,990.46,2opt,acceptBad
1401,11,3638.05,3,990.46,swap,acceptBad
1402,11,3643.500000000001,3,990.46,2opt,acceptBad
1403,11,3617.0500000000006,3,990.46,move,improve
1404,11,3739.7299999999996,3,990.46,2opt,acceptBad
1405,11,3750.459999999999,3,990.46,2opt,acceptBad
1406,11,3669.8399999999992,3,990.46,move,improve
1407,11,3597.4299999999994,3,990.46,move,improve
1408,11,3634.9799999999996,3,990.46,swap,acceptBad
1409,11,3630.9300000000003,3,990.46,move,improve
1410,11,3766.9599999999996,3,990.46,2opt,acceptBad
1411,11,3575.7199999999993,3,990.46,move,improve
1412,11,3728.3599999999997,3,990.46,2opt,acceptBad
1413,11,3691.1800000000003,3,990.46,move,improve
1414,11,3740.8,3,990.46,2opt,acceptBad
1415,11,3777.87,3,990.46,swap,acceptBad
1416,11,3791.7200000000003,3,990.46,2opt,acceptBad
1417,11,3773.48,3,990.46,move,improve
1418,12,3996.84,3,990.46,2opt,acceptBad
1419,11,3719.11,3,990.46,move,improve
1420,11,3777.0099999999998,3,990.46,2opt,acceptBad
1421,11,3777.0099999999998,3,990.46,2opt,notBad
1422,11,3779.05,3,990.46,swap,acceptBad
1423,11,3777.85,3,990.46,move,improve
1424,11,3777.2200000000003,3,990.46,move,improve
1425,11,4110.35,3,990.46,2opt,acceptBad
1426,11,4182.91,3,990.46,swap,acceptBad
1427,11,4281.25,3,990.46,2opt,acceptBad
1428,11,4240.58,3,990.46,swap,improve
1429,11,4197.99,3,990.46,move,improve
1430,11,4143.389999999999,3,990.46,move,improve
1431,11,4051.3699999999994,3,990.46,move,improve
1432,11,4000.0699999999993,3,990.46,2opt,improve
1433,11,3943.529999999999,3,990.46,move,improve
1434,11,3855.79,3,990.46,2opt,improve
1435,11,3838.4799999999996,3,990.46,move,improve
1436,11,3845.479999999999,3,990.46,2opt,acceptBad
1437,11,3918.159999999999,3,990.46,swap,acceptBad
1438,11,3956.6000000000004,3,990.46,2opt,acceptBad
1439,11,4015.1399999999994,3,990.46,swap,acceptBad
1440,11,3860.5999999999995,3,990.46,move,improve
1441,11,3853.1,3,990.46,move,improve
1442,11,3866.239999999999,3,990.46,2opt,acceptBad
1443,11,3817.489999999999,3,990.46,move,improve
1444,11,3797.329999999998,3,990.46,move,improve
1445,11,3711.589999999999,3,990.46,2opt,improve
1446,11,3632.45,3,990.46,2opt,improve
1447,11,3632.45,3,990.46,move,improve
1448,11,3696.2399999999993,3,990.46,swap,acceptBad
1449,11,3713.2799999999993,3,990.46,2opt,acceptBad
1450,11,3702.099999999999,3,990.46,move,improve
1451,11,3729.8799999999997,3,990.46,2opt,acceptBad
1452,11,3693.8799999999997,3,990.46,swap,improve
1453,11,3729.8799999999997,3,990.46,swap,acceptBad
1454,11,3924.29,3,990.46,2opt,acceptBad
1455,11,3890.7799999999997,3,990.46,move,improve
1456,11,3741.0699999999993,3,990.46,swap,improve
1457,11,3733.419999999999,3,990.46,2opt,improve
1458,11,3744.039999999999,3,990.46,swap,acceptBad
1459,11,3744.039999999999,3,990.46,move,improve
1460,11,3804.6099999999997,3,990.46,2opt,acceptBad
1461,11,3804.6099999999997,3,990.46,move,improve
1462,11,3796.7100000000005,3,990.46,move,improve
1463,11,3796.6900000000005,3,990.46,move,improve
1464,11,3779.2300000000005,3,990.46,move,improve
1465,11,3776.949999999999,3,990.46,2opt,improve
1466,11,3787.3199999999993,3,990.46,move,acceptBad
1467,11,3592.139999999999,3,990.46,move,improve
1468,11,3531.409999999998,3,990.46,move,improve
1469,11,3519.5099999999975,3,990.46,move,improve
1470,11,3455.989999999999,3,990.46,move,improve
1471,11,3455.989999999999,3,990.46,move,improve
1472,11,3455.989999999999,3,990.46,2opt,notBad
1473,11,3455.989999999999,3,990.46,2opt,improve
1474,11,3455.989999999999,3,990.46,move,improve
1475,11,3499.3199999999997,3,990.46,2opt,acceptBad
1476,11,3486.64,3,990.46,move,improve
1477,11,3570.699999999999,3,990.46,2opt,acceptBad
1478,11,3661.619999999999,3,990.46,2opt,acceptBad
1479,11,3652.0799999999986,3,990.46,swap,improve
1480,11,3767.6599999999994,3,990.46,2opt,acceptBad
1481,11,3708.0199999999995,3,990.46,move,improve
1482,11,3697.3300000000004,3,990.46,swap,improve
1483,11,3753.05,3,990.46,swap,acceptBad
1484,11,3851.5499999999993,3,990.46,2opt,acceptBad
1485,11,3914.27,3,990.46,swap,acceptBad
1486,11,3880.3399999999997,3,990.46,2opt,improve
1487,11,3840.109999999999,3,990.46,2opt,improve
1488,10,3653.769999999999,3,990.46,2opt,improve
1489,10,3755.629999999999,3,990.46,swap,acceptBad
1490,10,3750.9099999999994,3,990.46,2opt,improve
1491,10,3594.33,3,990.46,move,improve
1492,10,3566.039999999999,3,990.46,move,improve
1493,10,3731.3999999999996,3,990.46,2opt,acceptBad
1494,10,3727.9799999999996,3,990.46,swap,improve
1495,10,3761.1800000000003,3,990.46,2opt,acceptBad
1496,10,3740.3200000000006,3,990.46,move,improve
1497,10,3720.1600000000008,3,990.46,swap,improve
1498,10,3719.42,3,990.46,swap,improve
1499,10,3832.09,3,990.46,2opt,acceptBad
1500,10,3828.3399999999992,3,990.46,move,improve
1501,10,3812.5399999999995,3,990.46,move,improve
1502,10,3811.6200000000003,3,990.46,move,improve
1503,10,3811.6200000000003,3,990.46,2opt,improve
1504,10,3769.2300000000005,3,990.46,move,improve
1505,10,3769.1900000000005,3,990.46,move,improve
1506,10,3690.870000000001,3,990.46,swap,improve
1507,10,3802.1100000000006,3,990.46,swap,acceptBad
1508,10,3775.96,3,990.46,move,improve
1509,10,3916.440000000001,3,990.46,2opt,acceptBad
1510,10,3992.1800000000003,3,990.46,swap,acceptBad
1511,10,4054.6199999999994,3,990.46,swap,acceptBad
1512,10,4096.3099999999995,3,990.46,2opt,acceptBad
1513,10,4034.5900000000006,3,990.46,move,improve
1514,10,4004.5500000000006,3,990.46,swap,improve
1515,10,4017.370000000001,3,990.46,swap,acceptBad
1516,11,4150.790000000001,3,990.46,2opt,acceptBad
1517,11,4144.630000000001,3,990.46,swap,improve
1518,11,4138.89,3,990.46,move,improve
1519,11,4223.93,3,990.46,2opt,acceptBad
1520,11,4260.47,3,990.46,swap,acceptBad
1521,11,4260.27,3,990.46,swap,improve
1522,11,4026.8500000000004,3,990.46,move,improve
1523,12,4284.93,3,990.46,2opt,acceptBad
1524,12,4202.52,3,990.46,move,improve
1525,12,4202.52,3,990.46,move,improve
1526,12,4244.72,3,990.46,2opt,acceptBad
1527,12,4255.040000000001,3,990.46,swap,acceptBad
1528,12,4213.43,3,990.46,2opt,improve
1529,12,4210.33,3,990.46,move,improve
1530,12,4235.17,3,990.46,swap,acceptBad
1531,12,4258.150000000001,3,990.46,swap,acceptBad
1532,12,4248.650000000001,3,990.46,move,improve
1533,12,4170.75,3,990.46,move,improve
1534,12,4209.41,3,990.46,swap,acceptBad
1535,12,4180.410000000001,3,990.46,swap,improve
1536,12,4017.16,3,990.46,move,improve
1537,12,4017.16,3,990.46,move,improve
1538,12,4232.580000000001,3,990.46,2opt,acceptBad
1539,12,4232.580000000001,3,990.46,move,improve
1540,12,4228.790000000002,3,990.46,2opt,improve
1541,12,4178.970000000001,3,990.46,move,improve
1542,12,4166.310000000001,3,990.46,move,improve
1543,12,4299.470000000001,3,990.46,swap,acceptBad
1544,12,4327.100000000001,3,990.46,2opt,acceptBad
1545,12,4373.840000000001,3,990.46,swap,acceptBad
1546,12,4380.330000000002,3,990.46,swap,acceptBad
1547,12,4401.03,3,990.46,2opt,acceptBad
1548,12,4183.040000000001,3,990.46,move,improve
1549,12,4370.42,3,990.46,swap,acceptBad
1550,12,4528.18,3,990.46,swap,acceptBad
1551,12,4528.18,3,990.46,move,improve
1552,12,4570.83,3,990.46,2opt,acceptBad
1553,12,4550.750000000001,3,990.46,move,improve
1554,12,4542.750000000001,3,990.46,move,improve
1555,12,4535.85,3,990.46,move,improve
1556,12,4422.81,3,990.46,swap,improve
1557,12,4349.25,3,990.46,move,improve
1558,12,4345.889999999999,3,990.46,move,improve
1559,12,4270.05,3,990.46,move,improve
1560,12,4194.41,3,990.46,move,improve
1561,12,4172.35,3,990.46,move,improve
1562,12,4172.35,3,990.46,2opt,notBad
1563,12,4149.330000000001,3,990.46,2opt,improve
1564,12,4149.330000000001,3,990.46,move,improve
1565,12,4106.35,3,990.46,2opt,improve
1566,12,4106.35,3,990.46,move,improve
1567,12,4128.870000000001,3,990.46,2opt,acceptBad
1568,12,4128.870000000001,3,990.46,move,improve
1569,12,4128.870000000001,3,990.46,2opt,notBad
1570,12,4119.570000000001,3,990.46,move,improve
1571,12,4119.570000000001,3,990.46,move,improve
1572,12,4168.67,3,990.46,2opt,acceptBad
1573,12,4115.73,3,990.46,move,improve
1574,12,4115.73,3,990.46,move,improve
1575,12,4115.4299999999985,3,990.46,swap,improve
1576,12,4110.169999999999,3,990.46,swap,improve
1577,12,4110.169999999999,3,990.46,2opt,notBad
1578,12,4169.2300000000005,3,990.46,2opt,acceptBad
1579,12,4169.2300000000005,3,990.46,move,improve
1580,12,4305.6900000000005,3,990.46,swap,acceptBad
1581,12,4146.67,3,990.46,move,improve
1582,12,4198.459999999999,3,990.46,swap,acceptBad
1583,12,4189.71,3,990.46,2opt,improve
1584,12,4193.08,3,990.46,swap,acceptBad
1585,12,4195.5,3,990.46,2opt,acceptBad
1586,12,4133.26,3,990.46,swap,improve
1587,12,4107.26,3,990.46,swap,improve
1588,12,4103.74,3,990.46,swap,improve
1589,12,4044.04,3,990.46,swap,improve
1590,12,4127.42,3,990.46,swap,acceptBad
1591,12,4127.459999999999,3,990.46,2opt,acceptBad
1592,12,4152.749999999999,3,990.46,swap,acceptBad
1593,12,4208.279999999999,3,990.46,swap,acceptBad
1594,12,4157.739999999999,3,990.46,move,improve
1595,12,4464.249999999999,3,990.46,swap,acceptBad
1596,12,4278.149999999999,3,990.46,move,improve
1597,13,4589.49,3,990.46,2opt,acceptBad
1598,13,4564.279999999999,3,990.46,move,improve
1599,13,4565.719999999999,3,990.46,swap,acceptBad
1600,13,4632.559999999999,3,990.46,swap,acceptBad
1601,13,4616.57,3,990.46,move,improve
1602,13,4565.8,3,990.46,swap,improve
1603,13,4529.36,3,990.46,2opt,improve
1604,13,4551.7699999999995,3,990.46,2opt,acceptBad
1605,13,4605.499999999998,3,990.46,2opt,acceptBad
1606,13,4684.01,3,990.46,2opt,acceptBad
1607,13,4632.170000000001,3,990.46,swap,improve
1608,13,4631.990000000001,3,990.46,swap,improve
1609,13,4631.990000000001,3,990.46,2opt,improve
1610,13,4631.990000000001,3,990.46,move,improve
1611,13,4655.880000000001,3,990.46,2opt,acceptBad
1612,13,4502.54,3,990.46,swap,improve
1613,13,4502.54,3,990.46,2opt,notBad
1614,13,4485.25,3,990.46,move,improve
1615,13,4348.6900000000005,3,990.46,move,improve
1616,13,4442.48,3,990.46,swap,acceptBad
1617,13,4390.07,3,990.46,2opt,improve
1618,13,4412.950000000001,3,990.46,2opt,acceptBad
1619,13,4451.639999999999,3,990.46,2opt,acceptBad
1620,13,4688.17,3,990.46,2opt,acceptBad
1621,13,4564.8099999999995,3,990.46,move,improve
1622,13,4629.98,3,990.46,2opt,acceptBad
1623,13,4629.98,3,990.46,2opt,notBad
1624,13,4597.7300000000005,3,990.46,move,improve
1625,13,4571.740000000001,3,990.46,move,improve
1626,13,4679.65,3,990.46,swap,acceptBad
1627,13,4554.05,3,990.46,move,improve
1628,13,4477.450000000001,3,990.46,move,improve
1629,13,4508.870000000001,3,990.46,swap,acceptBad
1630,13,4504.91,3,990.46,swap,improve
1631,13,4399.81,3,990.46,move,improve
1632,13,4403.43,3,990.46,2opt,acceptBad
1633,13,4589.3099999999995,3,990.46,2opt,acceptBad
1634,13,4589.3099999999995,3,990.46,move,improve
1635,13,4496.66,3,990.46,move,improve
1636,13,4429.670000000001,3,990.46,2opt,improve
1637,13,4429.670000000001,3,990.46,2opt,notBad
1638,13,4446.9800000000005,3,990.46,swap,acceptBad
1639,13,4407.26,3,990.46,swap,improve
1640,13,4556.79,3,990.46,swap,acceptBad
1641,13,4540.35,3,990.46,2opt,improve
1642,13,4559.76,3,990.46,2opt,acceptBad
1643,13,4581.110000000001,3,990.46,swap,acceptBad
1644,13,4581.110000000001,3,990.46,2opt,notBad
1645,13,4580.550000000001,3,990.46,2opt,improve
1646,13,4597.370000000001,3,990.46,swap,acceptBad
1647,13,4503.990000000001,3,990.46,move,improve
1648,13,4486.560000000001,3,990.46,move,improve
1649,13,4333.150000000001,3,990.46,move,improve
1650,13,4382.45,3,990.46,2opt,acceptBad
1651,13,4318.45,3,990.46,move,improve
1652,13,4316.110000000001,3,990.46,2opt,improve
1653,13,4265.640000000001,3,990.46,move,improve
1654,13,4286.34,3,990.46,2opt,acceptBad
1655,13,4316.04,3,990.46,2opt,acceptBad
1656,13,4593.95,3,990.46,swap,acceptBad
1657,13,4534.3099999999995,3,990.46,swap,improve
1658,13,4550.9,3,990.46,swap,acceptBad
1659,13,4550.9,3,990.46,2opt,notBad
1660,13,4702.2,3,990.46,swap,acceptBad
1661,13,4727.47,3,990.46,2opt,acceptBad
1662,13,4727.47,3,990.46,2opt,improve
1663,13,4760.879999999999,3,990.46,swap,acceptBad
1664,13,4570.57,3,990.46,2opt,improve
1665,13,4568.620000000001,3,990.46,swap,improve
1666,13,4735.97,3,990.46,swap,acceptBad
1667,13,4734.47,3,990.46,swap,improve
1668,13,4671.33,3,990.46,move,improve
1669,13,4671.33,3,990.46,2opt,notBad
1670,13,4767.81,3,990.46,2opt,acceptBad
1671,13,4682.310000000001,3,990.46,swap,improve
1672,13,4682.310000000001,3,990.46,2opt,notBad
1673,13,4682.060000000001,3,990.46,swap,improve
1674,13,4696.800000000001,3,990.46,swap,acceptBad
1675,13,4676.020000000001,3,990.46,2opt,improve
1676,13,4676.020000000001,3,990.46,2opt,notBad
1677,13,4698.970000000001,3,990.46,2opt,acceptBad
1678,13,4680.740000000002,3,990.46,move,improve
1679,13,4655.51,3,990.46,2opt,improve
1680,13,4654.910000000001,3,990.46,swap,improve
1681,13,4654.910000000001,3,990.46,2opt,notBad
1682,13,4853.220000000001,3,990.46,2opt,acceptBad
1683,13,4853.220000000001,3,990.46,2opt,notBad
1684,13,4797.860000000001,3,990.46,swap,improve
1685,13,4802.060000000001,3,990.46,swap,acceptBad
1686,13,4756.970000000001,3,990.46,swap,improve
1687,13,4623.290000000001,3,990.46,swap,improve
1688,13,4655.6900000000005,3,990.46,swap,acceptBad
1689,13,4894.580000000002,3,990.46,2opt,acceptBad
1690,13,4856.450000000002,3,990.46,move,improve
1691,13,4885.82,3,990.46,swap,acceptBad
1692,13,4999.3099999999995,3,990.46,swap,acceptBad
1693,13,4970.379999999999,3,990.46,move,improve
1694,13,4968.459999999999,3,990.46,2opt,improve
1695,13,4998.5199999999995,3,990.46,2opt,acceptBad
1696,13,4950.99,3,990.46,move,improve
1697,13,5104.960000000001,3,990.46,2opt,acceptBad
1698,13,4904.7699999999995,3,990.46,2opt,improve
1699,13,4743.949999999999,3,990.46,move,improve
1700,13,4708.829999999999,3,990.46,swap,improve
1701,13,4625.16,3,990.46,move,improve
1702,13,4662.779999999999,3,990.46,2opt,acceptBad
1703,13,4660.529999999999,3,990.46,swap,improve
1704,13,4673.989999999999,3,990.46,2opt,acceptBad
1705,13,4673.989999999999,3,990.46,2opt,improve
1706,13,4567.91,3,990.46,move,improve
1707,13,4583.039999999999,3,990.46,swap,acceptBad
1708,13,4698.060000000001,3,990.46,2opt,acceptBad
1709,13,4698.060000000001,3,990.46,2opt,notBad
1710,13,4561.600000000001,3,990.46,swap,improve
1711,13,4689.95,3,990.46,2opt,acceptBad
1712,13,4689.95,3,990.46,2opt,improve
1713,13,4689.95,3,990.46,2opt,notBad
1714,13,4693.7699999999995,3,990.46,2opt,acceptBad
1715,13,4693.7699999999995,3,990.46,2opt,notBad
1716,13,4609.98,3,990.46,move,improve
1717,13,4596.619999999999,3,990.46,move,improve
1718,13,4662.23,3,990.46,swap,acceptBad
1719,13,4952.4299999999985,3,990.46,swap,acceptBad
1720,13,4936.799999999998,3,990.46,move,improve
1721,13,4943.07,3,990.46,2opt,acceptBad
1722,13,4885.92,3,990.46,swap,improve
1723,13,4885.07,3,990.46,move,improve
1724,13,4994.200000000001,3,990.46,swap,acceptBad
1725,13,4947.12,3,990.46,move,improve
1726,13,4950.83,3,990.46,swap,acceptBad
1727,13,4950.35,3,990.46,move,improve
1728,13,4981.58,3,990.46,swap,acceptBad
1729,13,4791.620000000001,3,990.46,move,improve
1730,13,4650.610000000001,3,990.46,swap,improve
1731,13,4721.33,3,990.46,2opt,acceptBad
1732,13,4788.26,3,990.46,2opt,acceptBad
1733,13,4788.26,3,990.46,2opt,notBad
1734,13,4777.379999999999,3,990.46,2opt,improve
1735,13,4744.61,3,990.46,2opt,improve
1736,13,4778.269999999999,3,990.46,swap,acceptBad
1737,13,4683.139999999999,3,990.46,2opt,improve
1738,13,4713.489999999999,3,990.46,2opt,acceptBad
1739,13,4682.979999999999,3,990.46,move,improve
1740,13,4655.099999999999,3,990.46,move,improve
1741,13,4653.539999999999,3,990.46,swap,improve
1742,13,4638.24,3,990.46,swap,improve
1743,13,4638.24,3,990.46,2opt,notBad
1744,13,4638.24,3,990.46,move,improve
1745,13,4636.19,3,990.46,swap,improve
1746,13,4638.149999999999,3,990.46,swap,acceptBad
1747,13,4822.889999999999,3,990.46,swap,acceptBad
1748,13,4796.94,3,990.46,swap,improve
1749,13,4554.789999999999,3,990.46,move,improve
1750,13,4497.25,3,990.46,move,improve
1751,13,4496.369999999999,3,990.46,move,improve
1752,13,4496.369999999999,3,990.46,2opt,notBad
1753,13,4482.5599999999995,3,990.46,move,improve
1754,13,4498.209999999999,3,990.46,swap,acceptBad
1755,13,4370.539999999999,3,990.46,move,improve
1756,13,4397.73,3,990.46,swap,acceptBad
1757,13,4407.32,3,990.46,swap,acceptBad
1758,12,4200.23,3,990.46,2opt,improve
1759,12,4200.23,3,990.46,2opt,notBad
1760,12,4196.12,3,990.46,swap,improve
1761,12,4115.0199999999995,3,990.46,move,improve
1762,12,4251.2699999999995,3,990.46,swap,acceptBad
1763,12,4525.52,3,990.46,2opt,acceptBad
1764,12,4525.52,3,990.46,2opt,notBad
1765,12,4601.809999999998,3,990.46,2opt,acceptBad
1766,12,4546.119999999998,3,990.46,move,improve
1767,12,4545.539999999998,3,990.46,2opt,improve
1768,12,4544.719999999998,3,990.46,swap,improve
1769,12,4544.719999999998,3,990.46,2opt,notBad
1770,12,4429.139999999999,3,990.46,move,improve
1771,12,4494.459999999999,3,990.46,swap,acceptBad
1772,12,4465.089999999998,3,990.46,swap,improve
1773,12,4368.419999999999,3,990.46,swap,improve
1774,12,4322.219999999999,3,990.46,move,improve
1775,12,4079.1899999999996,3,990.46,move,improve
1776,12,4171.289999999999,3,990.46,swap,acceptBad
1777,12,3999.489999999999,3,990.46,move,improve
1778,12,3999.489999999999,3,990.46,swap,notBad
1779,12,4331.149999999998,3,990.46,swap,acceptBad
1780,12,4296.1399999999985,3,990.46,move,improve
1781,12,4042.7299999999996,3,990.46,2opt,improve
1782,12,3895.8099999999995,3,990.46,move,improve
1783,12,3841.4,3,990.46,move,improve
1784,12,3896.220000000001,3,990.46,2opt,acceptBad
1785,12,3858.76,3,990.46,move,improve
1786,12,3797.960000000001,3,990.46,move,improve
1787,12,3783.6400000000012,3,990.46,swap,improve
1788,11,3472.330000000001,3,990.46,move,improve
1789,11,3472.330000000001,3,990.46,2opt,notBad
1790,11,3471.3900000000003,3,990.46,move,improve
1791,11,3473.290000000001,3,990.46,swap,acceptBad
1792,11,3479.3600000000006,3,990.46,swap,acceptBad
1793,11,3454.1600000000003,3,990.46,move,improve
1794,11,3366.63,3,990.46,move,improve
1795,11,3365.83,3,990.46,2opt,improve
1796,11,3354.46,3,990.46,swap,improve
1797,11,3315.55,3,990.46,move,improve
1798,11,3314.5600000000004,3,990.46,move,improve
1799,11,3314.3900000000003,3,990.46,move,improve
1800,11,3297.44,3,990.46,move,improve
1801,11,3383.8299999999995,3,990.46,swap,acceptBad
1802,11,3433.6000000000004,3,990.46,2opt,acceptBad
1803,11,3400.3200000000006,3,990.46,move,improve
1804,11,3439.4900000000007,3,990.46,2opt,acceptBad
1805,11,3464.920000000001,3,990.46,2opt,acceptBad
1806,11,3606.8700000000017,3,990.46,swap,acceptBad
1807,11,3606.8700000000017,3,990.46,2opt,notBad
1808,11,3525.380000000002,3,990.46,move,improve
1809,11,3690.6200000000017,3,990.46,2opt,acceptBad
1810,11,3726.0299999999993,3,990.46,2opt,acceptBad
1811,11,3648.75,3,990.46,move,improve
1812,11,3543.6099999999988,3,990.46,2opt,improve
1813,11,3438.639999999999,3,990.46,move,improve
1814,11,3442.4799999999996,3,990.46,swap,acceptBad
1815,11,3421.4699999999993,3,990.46,move,improve
1816,11,3421.4699999999993,3,990.46,2opt,notBad
1817,11,3405.1499999999996,3,990.46,move,improve
1818,11,3488.6000000000004,3,990.46,2opt,acceptBad
1819,11,3488.6000000000004,3,990.46,2opt,notBad
1820,11,3488.6000000000004,3,990.46,move,improve
1821,11,3488.6000000000004,3,990.46,2opt,notBad
1822,11,3488.6000000000004,3,990.46,2opt,improve
1823,11,3488.6000000000004,3,990.46,move,improve
1824,11,3552.5799999999995,3,990.46,2opt,acceptBad
1825,11,3458.519999999999,3,990.46,move,improve
1826,11,3447.3599999999997,3,990.46,move,improve
1827,11,3443.76,3,990.46,move,improve
1828,11,3443.76,3,990.46,move,improve
1829,11,3417.4799999999996,3,990.46,move,improve
1830,11,3427.9299999999985,3,990.46,2opt,acceptBad
1831,11,3427.9299999999985,3,990.46,move,improve
1832,11,3427.9299999999985,3,990.46,2opt,notBad
1833,11,3417.349999999999,3,990.46,swap,improve
1834,11,3400.069999999999,3,990.46,move,improve
1835,11,3382.159999999999,3,990.46,move,improve
1836,11,3410.039999999999,3,990.46,swap,acceptBad
1837,11,3410.039999999999,3,990.46,2opt,notBad
1838,11,3405.16,3,990.46,swap,improve
1839,11,3435.1399999999994,3,990.46,swap,acceptBad
1840,11,3435.1399999999994,3,990.46,2opt,notBad
1841,11,3435.1399999999994,3,990.46,2opt,notBad
1842,11,3504.5599999999995,3,990.46,swap,acceptBad
1843,11,3505.1900000000005,3,990.46,2opt,acceptBad
1844,11,3498.2000000000007,3,990.46,move,improve
1845,11,3498.2000000000007,3,990.46,move,improve
1846,11,3498.2000000000007,3,990.46,2opt,notBad
1847,11,3463.55,3,990.46,2opt,improve
1848,11,3463.55,3,990.46,2opt,notBad
1849,11,3413.8100000000004,3,990.46,move,improve
1850,11,3484.8600000000006,3,990.46,swap,acceptBad
1851,11,3468.61,3,990.46,swap,improve
1852,11,3414.619999999999,3,990.46,2opt,improve
1853,11,3321.7699999999995,3,990.46,move,improve
1854,11,3321.7699999999995,3,990.46,2opt,notBad
1855,11,3329.1899999999996,3,990.46,swap,acceptBad
1856,11,3329.1899999999996,3,990.46,move,improve
1857,11,3329.1899999999996,3,990.46,2opt,notBad
1858,11,3456.9399999999996,3,990.46,swap,acceptBad
1859,11,3507.6099999999988,3,990.46,2opt,acceptBad
1860,11,3507.6099999999988,3,990.46,move,improve
1861,11,3489.8599999999997,3,990.46,move,improve
1862,11,3478.0899999999992,3,990.46,2opt,improve
1863,11,3471.6100000000006,3,990.46,2opt,improve
1864,11,3446.7200000000003,3,990.46,move,improve
1865,11,3446.7200000000003,3,990.46,2opt,notBad
1866,11,3469.3100000000004,3,990.46,2opt,acceptBad
1867,11,3460.7599999999993,3,990.46,2opt,improve
1868,11,3449.319999999999,3,990.46,move,improve
1869,11,3304.24,3,990.46,move,improve
1870,11,3304.24,3,990.46,move,improve
1871,11,3304.24,3,990.46,swap,notBad
1872,11,3344.7599999999993,3,990.46,swap,acceptBad
1873,11,3336.5499999999997,3,990.46,move,improve
1874,11,3264.8399999999992,3,990.46,swap,improve
1875,11,3264.8399999999992,3,990.46,2opt,notBad
1876,11,3193.0599999999986,3,990.46,move,improve
1877,11,3221.6499999999996,3,990.46,2opt,acceptBad
1878,11,3244.8999999999996,3,990.46,swap,acceptBad
1879,11,3211.0599999999995,3,990.46,swap,improve
1880,11,3200.1899999999996,3,990.46,swap,improve
1881,11,3157.9099999999994,3,990.46,move,improve
1882,11,3156.92,3,990.46,2opt,improve
1883,10,2790.210000000001,3,990.46,move,improve
1884,10,2764.9200000000005,3,990.46,swap,improve
1885,10,2731.7600000000007,3,990.46,move,improve
1886,10,2731.7600000000007,3,990.46,2opt,notBad
1887,10,2736.7200000000003,3,990.46,swap,acceptBad
1888,10,2736.7200000000003,3,990.46,2opt,notBad
1889,10,2731.1999999999994,3,990.46,swap,improve
1890,10,2686.22,3,990.46,2opt,improve
1891,10,2686.22,3,990.46,2opt,notBad
1892,10,2683.4199999999996,3,990.46,2opt,improve
1893,10,2642.9200000000005,3,990.46,2opt,improve
1894,10,2674.23,3,990.46,swap,acceptBad
1895,10,2674.23,3,990.46,2opt,notBad
1896,10,2650.829999999999,3,990.46,2opt,improve
1897,10,2562.1099999999988,3,990.46,move,improve
1898,10,2488.929999999999,3,990.46,move,improve
1899,10,2486.809999999999,3,990.46,move,improve
1900,10,2509.8899999999994,3,990.46,2opt,acceptBad
1901,10,3020.0899999999992,3,990.46,swap,acceptBad
1902,10,3017.5099999999993,3,990.46,swap,improve
1903,10,3017.5099999999993,3,990.46,2opt,improve
1904,9,2842.1,3,990.46,move,improve
1905,9,2842.1,3,990.46,2opt,notBad
1906,9,2842.1,3,990.46,2opt,notBad
1907,9,2849.3999999999996,3,990.46,swap,acceptBad
1908,9,2927.04,3,990.46,swap,acceptBad
1909,9,2989.05,3,990.46,2opt,acceptBad
1910,9,2989.05,3,990.46,move,improve
1911,9,2989.05,3,990.46,2opt,notBad
1912,9,2989.05,3,990.46,2opt,notBad
1913,9,2989.05,3,990.46,move,improve
1914,9,2979.2,3,990.46,move,improve
1915,9,2984.45,3,990.46,2opt,acceptBad
1916,9,3188.44,3,990.46,swap,acceptBad
1917,9,3160.09,3,990.46,2opt,improve
1918,9,3160.09,3,990.46,2opt,notBad
1919,9,3272.88,3,990.46,swap,acceptBad
1920,9,3268.8599999999997,3,990.46,move,improve
1921,9,3300.1199999999994,3,990.46,swap,acceptBad
1922,9,3245.2199999999993,3,990.46,2opt,improve
1923,9,3208.66,3,990.46,move,improve
1924,9,3159.6100000000006,3,990.46,2opt,improve
1925,9,3159.6100000000006,3,990.46,2opt,notBad
1926,9,3202.2000000000003,3,990.46,swap,acceptBad
1927,9,3221.36,3,990.46,2opt,acceptBad
1928,9,3288.3,3,990.46,2opt,acceptBad
1929,9,3236.8999999999996,3,990.46,swap,improve
1930,9,3262.8900000000003,3,990.46,swap,acceptBad
1931,9,3176.1600000000003,3,990.46,move,improve
1932,9,3150.9700000000003,3,990.46,swap,improve
1933,9,3143.99,3,990.46,move,improve
1934,9,3143.99,3,990.46,2opt,notBad
1935,9,3150.58,3,990.46,swap,acceptBad
1936,9,3205.9300000000003,3,990.46,2opt,acceptBad
1937,9,3205.9300000000003,3,990.46,2opt,notBad
1938,9,3171.7299999999996,3,990.46,2opt,improve
1939,9,3171.7299999999996,3,990.46,2opt,notBad
1940,9,3171.7299999999996,3,990.46,2opt,notBad
1941,9,3177.0499999999993,3,990.46,swap,acceptBad
1942,9,3142.04,3,990.46,swap,improve
1943,9,3132.6600000000003,3,990.46,move,improve
1944,9,3132.6600000000003,3,990.46,move,improve
1945,9,3142.1000000000004,3,990.46,2opt,acceptBad
1946,9,3046.7700000000004,3,990.46,swap,improve
1947,9,2976.09,3,990.46,swap,improve
1948,9,2870.94,3,990.46,2opt,improve
1949,9,2937.4300000000003,3,990.46,swap,acceptBad
1950,9,2958.01,3,990.46,swap,acceptBad
1951,9,2961.2500000000005,3,990.46,swap,acceptBad
1952,9,2961.2500000000005,3,990.46,move,improve
1953,9,3024.8100000000004,3,990.46,swap,acceptBad
1954,9,3051.3600000000006,3,990.46,swap,acceptBad
1955,9,3028.4499999999994,3,990.46,2opt,improve
1956,9,3018.0299999999997,3,990.46,move,improve
1957,9,2986.6999999999994,3,990.46,move,improve
1958,9,2986.6999999999994,3,990.46,move,improve
1959,9,2941.04,3,990.46,move,improve
1960,9,3017.83,3,990.46,2opt,acceptBad
1961,9,3099.34,3,990.46,swap,acceptBad
1962,9,3174.3699999999994,3,990.46,2opt,acceptBad
1963,9,3169.7699999999995,3,990.46,move,improve
1964,9,3169.7699999999995,3,990.46,move,improve
1965,9,3103.5999999999995,3,990.46,move,improve
1966,9,3078.6299999999997,3,990.46,move,improve
1967,9,3297.709999999999,3,990.46,swap,acceptBad
1968,9,3360.459999999999,3,990.46,swap,acceptBad
1969,9,3476.04,3,990.46,2opt,acceptBad
1970,9,3476.04,3,990.46,2opt,notBad
1971,9,3414.5300000000007,3,990.46,swap,improve
1972,9,3469.12,3,990.46,swap,acceptBad
1973,9,3372.13,3,990.46,move,improve
1974,9,3407.0299999999997,3,990.46,swap,acceptBad
1975,9,3398.59,3,990.46,swap,improve
1976,9,3309.15,3,990.46,swap,improve
1977,9,3309.15,3,990.46,swap,notBad
1978,9,3334.1099999999997,3,990.46,swap,acceptBad
1979,9,3334.1099999999997,3,990.46,move,improve
1980,9,3306.82,3,990.46,swap,improve
1981,9,3419.2299999999996,3,990.46,swap,acceptBad
1982,9,3431.63,3,990.46,swap,acceptBad
1983,9,3423.5499999999993,3,990.46,swap,improve
1984,9,3423.5499999999993,3,990.46,2opt,notBad
1985,9,3351.129999999999,3,990.46,move,improve
1986,9,3351.129999999999,3,990.46,move,improve
1987,9,3318.5,3,990.46,swap,improve
1988,9,3467.569999999999,3,990.46,swap,acceptBad
1989,9,3315.319999999999,3,990.46,2opt,improve
1990,9,3314.8199999999993,3,990.46,swap,improve
1991,9,3299.9699999999993,3,990.46,move,improve
1992,9,3290.8299999999995,3,990.46,move,improve
1993,9,3344.2599999999993,3,990.46,swap,acceptBad
1994,9,3315.0999999999995,3,990.46,2opt,improve
1995,9,3258.57,3,990.46,move,improve
1996,9,3351.05,3,990.46,swap,acceptBad
1997,9,3297.88,3,990.46,move,improve
1998,9,3291.5599999999995,3,990.46,move,improve
1999,9,3375.91,3,990.46,2opt,acceptBad
2000,9,3393.5299999999997,3,990.46,swap,acceptBad
2001,9,3462.67,3,990.46,swap,acceptBad
2002,9,3536.74,3,990.46,swap,acceptBad
2003,9,3453.309999999999,3,990.46,2opt,improve
2004,9,3453.309999999999,3,990.46,2opt,improve
2005,9,3453.309999999999,3,990.46,2opt,notBad
2006,9,3444.209999999999,3,990.46,swap,improve
2007,9,3430.93,3,990.46,swap,improve
2008,9,3488.9399999999996,3,990.46,2opt,acceptBad
2009,9,3405.18,3,990.46,move,improve
2010,9,3375.1400000000003,3,990.46,2opt,improve
2011,9,3375.1400000000003,3,990.46,2opt,notBad
2012,9,3233.0000000000005,3,990.46,move,improve
2013,9,3192.48,3,990.46,move,improve
2014,9,3206.79,3,990.46,swap,acceptBad
2015,9,3206.79,3,990.46,2opt,notBad
2016,9,3206.79,3,990.46,2opt,notBad
2017,9,3206.79,3,990.46,2opt,notBad
2018,9,3059.0,3,990.46,move,improve
2019,9,3059.0,3,990.46,2opt,notBad
2020,9,3140.3599999999997,3,990.46,2opt,acceptBad
2021,9,3140.3599999999997,3,990.46,2opt,notBad
2022,9,3140.99,3,990.46,swap,acceptBad
2023,9,3181.92,3,990.46,2opt,acceptBad
2024,9,3129.9999999999995,3,990.46,move,improve
2025,9,3118.7799999999997,3,990.46,swap,improve
2026,9,2915.1800000000003,3,990.46,move,improve
2027,9,2915.1800000000003,3,990.46,2opt,notBad
2028,9,2860.9300000000003,3,990.46,swap,improve
2029,9,3019.29,3,990.46,swap,acceptBad
2030,9,3088.8499999999995,3,990.46,swap,acceptBad
2031,9,3062.28,3,990.46,move,improve
2032,9,3077.9999999999995,3,990.46,2opt,acceptBad
2033,9,3191.1099999999997,3,990.46,swap,acceptBad
2034,9,3187.4999999999995,3,990.46,swap,improve
2035,9,3222.6899999999996,3,990.46,swap,acceptBad
2036,9,3179.6800000000003,3,990.46,2opt,improve
2037,9,3179.6800000000003,3,990.46,2opt,notBad
2038,9,3133.03,3,990.46,move,improve
2039,9,3133.03,3,990.46,2opt,notBad
2040,9,3032.63,3,990.46,move,improve
2041,9,2999.5699999999997,3,990.46,move,improve
2042,9,2999.5699999999997,3,990.46,2opt,notBad
2043,9,2952.9499999999994,3,990.46,move,improve
2044,9,2952.9499999999994,3,990.46,2opt,notBad
2045,9,2952.9499999999994,3,990.46,2opt,notBad
2046,9,2983.8199999999997,3,990.46,swap,acceptBad
2047,9,2950.85,3,990.46,move,improve
2048,9,2950.85,3,990.46,2opt,improve
2049,9,2973.04,3,990.46,swap,acceptBad
2050,9,2973.04,3,990.46,2opt,improve
2051,9,2973.04,3,990.46,2opt,notBad
2052,9,3040.09,3,990.46,swap,acceptBad
2053,9,3036.31,3,990.46,2opt,improve
2054,9,3009.17,3,990.46,move,improve
2055,9,3011.210000000001,3,990.46,swap,acceptBad
2056,9,2857.72,3,990.46,move,improve
2057,9,2856.5400000000004,3,990.46,move,improve
2058,9,2861.5800000000004,3,990.46,swap,acceptBad
2059,9,2755.1699999999996,3,990.46,swap,improve
2060,9,2755.1699999999996,3,990.46,2opt,notBad
2061,9,2699.17,3,990.46,move,improve
2062,9,2687.55,3,990.46,move,improve
2063,9,2687.55,3,990.46,2opt,notBad
2064,9,2679.01,3,990.46,move,improve
2065,9,2720.81,3,990.46,swap,acceptBad
2066,9,2662.84,3,990.46,move,improve
2067,9,2669.0699999999997,3,990.46,2opt,acceptBad
2068,9,2669.0699999999997,3,990.46,2opt,notBad
2069,9,2668.8599999999997,3,990.46,move,improve
2070,9,2668.8599999999997,3,990.46,2opt,notBad
2071,9,2668.8599999999997,3,990.46,move,improve
2072,9,2668.8599999999997,3,990.46,2opt,notBad
2073,9,2668.8599999999997,3,990.46,2opt,notBad
2074,9,2668.8599999999997,3,990.46,2opt,notBad
2075,9,2668.8599999999997,3,990.46,2opt,notBad
2076,9,2668.8599999999997,3,990.46,2opt,notBad
2077,9,2659.74,3,990.46,swap,improve
2078,9,2598.09,3,990.46,swap,improve
2079,9,2497.64,3,990.46,move,improve
2080,9,2497.64,3,990.46,2opt,notBad
2081,9,2448.13,3,990.46,move,improve
2082,9,2495.1600000000003,3,990.46,swap,acceptBad
2083,9,2636.34,3,990.46,swap,acceptBad
2084,9,2704.21,3,990.46,swap,acceptBad
2085,9,2698.4400000000005,3,990.46,move,improve
2086,9,2635.8900000000003,3,990.46,2opt,improve
2087,9,2570.3900000000003,3,990.46,2opt,improve
2088,9,2558.6500000000005,3,990.46,move,improve
2089,9,2550.7000000000003,3,990.46,move,improve
2090,9,2550.7000000000003,3,990.46,2opt,notBad
2091,9,2550.7000000000003,3,990.46,2opt,notBad
2092,9,2550.7000000000003,3,990.46,2opt,notBad
2093,9,2506.78,3,990.46,move,improve
2094,9,2425.34,3,990.46,move,improve
2095,9,2425.34,3,990.46,move,improve
2096,9,2451.3500000000004,3,990.46,swap,acceptBad
2097,9,2451.3500000000004,3,990.46,2opt,notBad
2098,9,2407.25,3,990.46,move,improve
2099,9,2407.17,3,990.46,move,improve
2100,9,2407.17,3,990.46,2opt,notBad
2101,9,2550.8700000000003,3,990.46,swap,acceptBad
2102,9,2550.8700000000003,3,990.46,2opt,notBad
2103,9,2571.69,3,990.46,swap,acceptBad
2104,9,2628.37,3,990.46,swap,acceptBad
2105,9,2632.58,3,990.46,2opt,acceptBad
2106,9,2632.58,3,990.46,2opt,notBad
2107,9,2634.459999999999,3,990.46,swap,acceptBad
2108,9,2634.459999999999,3,990.46,2opt,notBad
2109,9,2622.5799999999995,3,990.46,swap,improve
2110,9,2598.419999999999,3,990.46,swap,improve
2111,9,2598.419999999999,3,990.46,2opt,improve
2112,9,2571.2599999999993,3,990.46,2opt,improve
2113,9,2571.2599999999993,3,990.46,2opt,notBad
2114,9,2562.73,3,990.46,move,improve
2115,9,2594.2599999999998,3,990.46,2opt,acceptBad
2116,9,2632.4799999999996,3,990.46,2opt,acceptBad
2117,9,2558.2799999999997,3,990.46,move,improve
2118,9,2555.2299999999996,3,990.46,move,improve
2119,9,2552.3099999999995,3,990.46,swap,improve
2120,9,2524.5399999999995,3,990.46,move,improve
2121,9,2508.2599999999998,3,990.46,2opt,improve
2122,9,2508.2599999999998,3,990.46,move,improve
2123,9,2499.91,3,990.46,move,improve
2124,9,2499.91,3,990.46,swap,notBad
2125,9,2499.91,3,990.46,move,improve
2126,9,2499.91,3,990.46,2opt,notBad
2127,9,2499.91,3,990.46,move,improve
2128,9,2499.91,3,990.46,swap,notBad
2129,9,2486.42,3,990.46,swap,improve
2130,9,2512.15,3,990.46,swap,acceptBad
2131,9,2517.59,3,990.46,swap,acceptBad
2132,9,2511.95,3,990.46,move,improve
2133,9,2555.91,3,990.46,2opt,acceptBad
2134,9,2585.7999999999997,3,990.46,swap,acceptBad
2135,9,2568.5700000000006,3,990.46,2opt,improve
2136,9,2569.25,3,990.46,2opt,acceptBad
2137,9,2652.06,3,990.46,swap,acceptBad
2138,9,2652.06,3,990.46,2opt,notBad
2139,9,2652.06,3,990.46,2opt,notBad
2140,9,2595.45,3,990.46,move,improve
2141,9,2595.45,3,990.46,2opt,notBad
2142,9,2585.61,3,990.46,move,improve
2143,9,2484.4900000000002,3,990.46,2opt,improve
2144,9,2484.4900000000002,3,990.46,2opt,notBad
2145,9,2484.4900000000002,3,990.46,2opt,notBad
2146,9,2471.3899999999994,3,990.46,move,improve
2147,9,2471.3899999999994,3,990.46,swap,notBad
2148,9,2628.7999999999993,3,990.46,swap,acceptBad
2149,9,2608.929999999999,3,990.46,move,improve
2150,9,2608.929999999999,3,990.46,2opt,notBad
2151,9,2608.929999999999,3,990.46,2opt,notBad
2152,9,2617.5299999999997,3,990.46,swap,acceptBad
2153,9,2617.5299999999997,3,990.46,2opt,notBad
2154,9,2586.8100000000004,3,990.46,swap,improve
2155,9,2581.3999999999996,3,990.46,move,improve
2156,9,2581.3999999999996,3,990.46,2opt,notBad
2157,9,2549.7699999999995,3,990.46,move,improve
2158,9,2543.68,3,990.46,move,improve
2159,9,2618.12,3,990.46,swap,acceptBad
2160,9,2618.12,3,990.46,2opt,notBad
2161,9,2645.33,3,990.46,2opt,acceptBad
2162,9,2622.879999999999,3,990.46,move,improve
2163,9,2622.879999999999,3,990.46,2opt,notBad
2164,9,2622.879999999999,3,990.46,2opt,notBad
2165,9,2622.879999999999,3,990.46,2opt,notBad
2166,9,2622.879999999999,3,990.46,swap,notBad
2167,9,2566.83,3,990.46,2opt,improve
2168,9,2557.79,3,990.46,move,improve
2169,9,2451.73,3,990.46,move,improve
2170,9,2532.5199999999995,3,990.46,swap,acceptBad
2171,9,2532.5199999999995,3,990.46,move,improve
2172,9,2531.08,3,990.46,move,improve
2173,9,2546.8699999999994,3,990.46,swap,acceptBad
2174,9,2546.8699999999994,3,990.46,2opt,notBad
2175,9,2546.8699999999994,3,990.46,move,improve
2176,9,2532.9700000000003,3,990.46,move,improve
2177,9,2523.3900000000003,3,990.46,move,improve
2178,9,2536.7799999999997,3,990.46,swap,acceptBad
2179,9,2536.7799999999997,3,990.46,swap,notBad
2180,9,2534.6200000000003,3,990.46,2opt,improve
2181,9,2519.91,3,990.46,move,improve
2182,9,2553.3500000000004,3,990.46,swap,acceptBad
2183,9,2553.29,3,990.46,move,improve
2184,9,2524.8799999999997,3,990.46,move,improve
2185,9,2523.89,3,990.46,2opt,improve
2186,9,2459.49,3,990.46,2opt,improve
2187,9,2436.7299999999996,3,990.46,swap,improve
2188,9,2436.7299999999996,3,990.46,swap,notBad
2189,9,2418.94,3,990.46,2opt,improve
2190,9,2418.94,3,990.46,2opt,notBad
2191,9,2409.12,3,990.46,move,improve
2192,9,2446.93,3,990.46,2opt,acceptBad
2193,9,2426.84,3,990.46,move,improve
2194,9,2423.29,3,990.46,move,improve
2195,9,2306.83,3,990.46,move,improve
2196,9,2308.2,3,990.46,swap,acceptBad
2197,9,2316.54,3,990.46,swap,acceptBad
2198,9,2275.3700000000003,3,990.46,swap,improve
2199,9,2275.37,3,990.46,move,improve
2200,9,2275.37,3,990.46,move,improve
2201,9,2249.1500000000005,3,990.46,move,improve
2202,9,2263.98,3,990.46,swap,acceptBad
2203,9,2263.98,3,990.46,move,improve
2204,9,2238.01,3,990.46,swap,improve
2205,9,2238.01,3,990.46,swap,notBad
2206,9,2327.1300000000006,3,990.46,swap,acceptBad
2207,9,2393.4300000000003,3,990.46,swap,acceptBad
2208,9,2393.4300000000003,3,990.46,2opt,notBad
2209,9,2393.4300000000003,3,990.46,swap,notBad
2210,9,2299.1500000000005,3,990.46,move,improve
2211,9,2299.0300000000007,3,990.46,move,improve
2212,9,2306.370000000001,3,990.46,2opt,acceptBad
2213,9,2325.620000000001,3,990.46,swap,acceptBad
2214,8,2182.7700000000004,3,990.46,2opt,improve
2215,8,2296.19,3,990.46,swap,acceptBad
2216,8,2296.19,3,990.46,2opt,notBad
2217,8,2283.39,3,990.46,move,improve
2218,8,2256.39,3,990.46,2opt,improve
2219,8,2256.39,3,990.46,swap,notBad
2220,8,2254.5,3,990.46,move,improve
2221,8,2271.78,3,990.46,2opt,acceptBad
2222,8,2271.78,3,990.46,move,improve
2223,8,2208.9200000000005,3,990.46,swap,improve
2224,8,2193.62,3,990.46,move,improve
2225,8,2174.82,3,990.46,move,improve
2226,7,2036.0600000000004,3,990.46,move,improve
2227,7,2036.0600000000004,3,990.46,2opt,notBad
2228,7,2125.52,3,990.46,swap,acceptBad
2229,7,2117.5000000000005,3,990.46,move,improve
2230,7,2184.01,3,990.46,swap,acceptBad
2231,7,2136.0200000000004,3,990.46,swap,improve
2232,7,2147.0600000000004,3,990.46,2opt,acceptBad
2233,7,2147.0600000000004,3,990.46,2opt,notBad
2234,7,2147.0600000000004,3,990.46,2opt,notBad
2235,7,2137.3700000000003,3,990.46,move,improve
2236,7,2137.3700000000003,3,990.46,move,improve
2237,7,2133.36,3,990.46,move,improve
2238,7,2128.86,3,990.46,move,improve
2239,7,2160.0,3,990.46,swap,acceptBad
2240,7,2085.17,3,990.46,move,improve
2241,7,2085.17,3,990.46,swap,notBad
2242,7,2031.12,3,990.46,move,improve
2243,7,2009.43,3,990.46,swap,improve
2244,7,2009.43,3,990.46,2opt,notBad
2245,7,2094.6899999999996,3,990.46,swap,acceptBad
2246,7,2107.3799999999997,3,990.46,swap,acceptBad
2247,7,2040.33,3,990.46,2opt,improve
2248,7,2030.1299999999999,3,990.46,move,improve
2249,7,2044.2499999999998,3,990.46,swap,acceptBad
2250,7,2044.2499999999998,3,990.46,2opt,notBad
2251,7,1991.33,3,990.46,move,improve
2252,7,2070.5299999999997,3,990.46,swap,acceptBad
2253,7,2055.7999999999997,3,990.46,move,improve
2254,7,2055.7999999999997,3,990.46,2opt,notBad
2255,7,1998.5799999999997,3,990.46,move,improve
2256,7,1998.5799999999997,3,990.46,2opt,notBad
2257,7,2007.9399999999996,3,990.46,swap,acceptBad
2258,7,2007.9399999999996,3,990.46,2opt,notBad
2259,7,1989.2399999999993,3,990.46,move,improve
2260,7,1989.2399999999993,3,990.46,2opt,notBad
2261,7,1989.2399999999993,3,990.46,2opt,notBad
2262,7,1989.2399999999993,3,990.46,2opt,notBad
2263,7,2091.7799999999993,3,990.46,swap,acceptBad
2264,7,2063.6299999999997,3,990.46,2opt,improve
2265,7,2047.0399999999995,3,990.46,move,improve
2266,7,2103.5499999999997,3,990.46,swap,acceptBad
2267,7,2100.18,3,990.46,move,improve
2268,7,2138.6899999999996,3,990.46,2opt,acceptBad
2269,7,2138.6899999999996,3,990.46,move,improve
2270,7,2127.94,3,990.46,move,improve
2271,7,2009.01,3,990.46,move,improve
2272,7,1943.3700000000001,3,990.46,2opt,improve
2273,7,2005.7300000000002,3,990.46,2opt,acceptBad
2274,7,1980.26,3,990.46,move,improve
2275,7,1974.6999999999998,3,990.46,move,improve
2276,7,1920.1899999999996,3,990.46,move,improve
2277,7,1885.0099999999995,3,990.46,move,improve
2278,7,1885.0099999999995,3,990.46,2opt,notBad
2279,7,1885.0099999999995,3,990.46,2opt,notBad
2280,7,1961.48,3,990.46,swap,acceptBad
2281,7,1958.9499999999996,3,990.46,move,improve
2282,7,2113.24,3,990.46,swap,acceptBad
2283,7,2113.24,3,990.46,move,improve
2284,7,2113.5299999999997,3,990.46,swap,acceptBad
2285,7,2116.47,3,990.46,swap,acceptBad
2286,7,2115.59,3,990.46,move,improve
2287,7,2115.59,3,990.46,2opt,notBad
2288,7,2115.59,3,990.46,2opt,notBad
2289,7,2164.0699999999997,3,990.46,swap,acceptBad
2290,7,2164.0699999999997,3,990.46,move,improve
2291,7,2123.39,3,990.46,2opt,improve
2292,7,2126.5299999999997,3,990.46,swap,acceptBad
2293,7,2121.1399999999994,3,990.46,move,improve
2294,7,2087.0599999999995,3,990.46,move,improve
2295,7,2084.1899999999996,3,990.46,move,improve
2296,7,2084.1899999999996,3,990.46,swap,notBad
2297,7,2084.1899999999996,3,990.46,swap,notBad
2298,7,2050.9699999999993,3,990.46,swap,improve
2299,7,2031.8299999999995,3,990.46,swap,improve
2300,7,2031.8299999999995,3,990.46,swap,notBad
2301,7,2031.8299999999995,3,990.46,swap,notBad
2302,7,2031.8299999999995,3,990.46,2opt,notBad
2303,7,2007.0099999999998,3,990.46,move,improve
2304,7,1998.9999999999993,3,990.46,move,improve
2305,7,1967.7999999999995,3,990.46,move,improve
2306,7,1967.7999999999995,3,990.46,2opt,notBad
2307,7,1967.7999999999995,3,990.46,swap,notBad
2308,7,1967.7999999999995,3,990.46,2opt,notBad
2309,7,1967.7999999999995,3,990.46,move,improve
2310,7,1971.3999999999996,3,990.46,swap,acceptBad
2311,7,1971.3999999999996,3,990.46,2opt,notBad
2312,7,1967.5299999999995,3,990.46,swap,improve
2313,7,1967.5299999999995,3,990.46,swap,notBad
2314,7,1967.5299999999995,3,990.46,2opt,notBad
2315,7,2009.3499999999995,3,990.46,swap,acceptBad
2316,7,2009.3499999999995,3,990.46,2opt,notBad
2317,7,2001.5499999999995,3,990.46,swap,improve
2318,7,2001.5499999999995,3,990.46,move,improve
2319,7,2001.5499999999995,3,990.46,swap,notBad
2320,7,1967.4499999999996,3,990.46,move,improve
2321,7,2054.0899999999997,3,990.46,swap,acceptBad
2322,7,1968.9499999999998,3,990.46,2opt,improve
2323,7,1968.9499999999998,3,990.46,2opt,notBad
2324,7,1964.4399999999996,3,990.46,move,improve
2325,7,1890.5399999999995,3,990.46,move,improve
2326,7,1890.5399999999995,3,990.46,2opt,notBad
2327,7,1890.5399999999995,3,990.46,2opt,notBad
2328,7,1880.9399999999994,3,990.46,move,improve
2329,7,1879.2299999999998,3,990.46,2opt,improve
2330,7,1915.3,3,990.46,swap,acceptBad
2331,7,1915.3,3,990.46,swap,notBad
2332,7,1928.3799999999999,3,990.46,swap,acceptBad
2333,7,1898.52,3,990.46,move,improve
2334,7,1898.52,3,990.46,2opt,notBad
2335,7,1979.3699999999997,3,990.46,swap,acceptBad
2336,7,1971.6599999999999,3,990.46,move,improve
2337,7,1925.7899999999997,3,990.46,move,improve
2338,7,1906.62,3,990.46,move,improve
2339,7,1925.7299999999998,3,990.46,swap,acceptBad
2340,7,1848.79,3,990.46,move,improve
2341,7,1872.8600000000001,3,990.46,swap,acceptBad
2342,7,1835.8899999999999,3,990.46,move,improve
2343,7,1835.8899999999999,3,990.46,2opt,notBad
2344,7,1835.8899999999999,3,990.46,2opt,notBad
2345,7,1868.6599999999999,3,990.46,swap,acceptBad
2346,7,1865.85,3,990.46,move,improve
2347,7,1865.85,3,990.46,move,improve
2348,7,1781.31,3,990.46,move,improve
2349,7,1776.3400000000001,3,990.46,move,improve
2350,7,1776.3400000000001,3,990.46,2opt,notBad
2351,7,1776.3400000000001,3,990.46,2opt,notBad
2352,7,1771.15,3,990.46,move,improve
2353,7,1771.15,3,990.46,2opt,notBad
2354,7,1771.15,3,990.46,move,improve
2355,7,1771.15,3,990.46,2opt,notBad
2356,7,1771.15,3,990.46,swap,notBad
2357,7,1771.15,3,990.46,swap,notBad
2358,7,1771.15,3,990.46,move,improve
2359,7,1781.92,3,990.46,swap,acceptBad
2360,7,1781.92,3,990.46,2opt,notBad
2361,7,1781.92,3,990.46,move,improve
2362,7,1772.3399999999992,3,990.46,2opt,improve
2363,7,1774.6499999999996,3,990.46,2opt,acceptBad
2364,7,1772.8999999999996,3,990.46,move,improve
2365,7,1768.6299999999994,3,990.46,move,improve
2366,7,1759.2699999999995,3,990.46,move,improve
2367,7,1756.6999999999996,3,990.46,move,improve
2368,7,1756.6999999999996,3,990.46,swap,notBad
2369,7,1756.6999999999996,3,990.46,2opt,notBad
2370,7,1842.6099999999997,3,990.46,swap,acceptBad
2371,7,1832.1699999999996,3,990.46,move,improve
2372,7,1810.7099999999996,3,990.46,move,improve
2373,7,1810.7099999999996,3,990.46,swap,notBad
2374,7,1810.7099999999996,3,990.46,swap,notBad
2375,7,1810.7099999999996,3,990.46,2opt,notBad
2376,7,1816.7199999999998,3,990.46,swap,acceptBad
2377,7,1816.7199999999998,3,990.46,swap,notBad
2378,7,1801.4899999999998,3,990.46,move,improve
2379,7,1792.2199999999998,3,990.46,move,improve
2380,7,1792.2199999999998,3,990.46,2opt,notBad
2381,7,1832.6499999999999,3,990.46,swap,acceptBad
2382,7,1832.6499999999999,3,990.46,move,improve
2383,7,1822.35,3,990.46,move,improve
2384,7,1821.9399999999998,3,990.46,move,improve
2385,7,1821.52,3,990.46,move,improve
2386,7,1822.23,3,990.46,swap,acceptBad
2387,7,1891.92,3,990.46,swap,acceptBad
2388,7,1891.92,3,990.46,move,improve
2389,7,1908.7600000000002,3,990.46,swap,acceptBad
2390,7,1872.1,3,990.46,move,improve
2391,7,1958.9799999999998,3,990.46,swap,acceptBad
2392,7,1958.9799999999998,3,990.46,2opt,notBad
2393,7,1956.55,3,990.46,move,improve
2394,7,1960.3199999999997,3,990.46,swap,acceptBad
2395,7,1956.49,3,990.46,move,improve
2396,7,1956.49,3,990.46,move,improve
2397,7,1956.49,3,990.46,2opt,notBad
2398,7,1975.62,3,990.46,2opt,acceptBad
2399,7,1975.62,3,990.46,2opt,notBad
2400,7,1975.62,3,990.46,move,improve
2401,7,1933.0099999999998,3,990.46,swap,improve
2402,7,1862.8,3,990.46,2opt,improve
2403,7,1862.8,3,990.46,2opt,notBad
2404,7,1862.8,3,990.46,swap,notBad
2405,7,1862.8,3,990.46,swap,notBad
2406,7,1770.1299999999999,3,990.46,move,improve
2407,7,1752.88,3,990.46,move,improve
2408,7,1752.88,3,990.46,2opt,notBad
2409,7,1752.88,3,990.46,move,improve
2410,7,1677.3400000000001,3,990.46,move,improve
2411,7,1677.3400000000001,3,990.46,swap,notBad
2412,7,1613.1100000000004,3,990.46,move,improve
2413,7,1676.7400000000002,3,990.46,swap,acceptBad
2414,7,1676.7400000000002,3,990.46,2opt,notBad
2415,7,1676.7400000000002,3,990.46,swap,notBad
2416,7,1676.7400000000002,3,990.46,2opt,notBad
2417,7,1669.7800000000002,3,990.46,move,improve
2418,7,1669.7800000000002,3,990.46,2opt,notBad
2419,7,1669.7800000000002,3,990.46,swap,notBad
2420,7,1668.5200000000002,3,990.46,swap,improve
2421,7,1662.3200000000002,3,990.46,move,improve
2422,7,1657.67,3,990.46,move,improve
2423,7,1657.67,3,990.46,2opt,notBad
2424,7,1657.67,3,990.46,move,improve
2425,7,1657.67,3,990.46,move,improve
2426,7,1657.67,3,990.46,swap,notBad
2427,7,1657.67,3,990.46,2opt,notBad
2428,7,1614.8500000000004,3,990.46,move,improve
2429,7,1614.8500000000004,3,990.46,swap,notBad
2430,7,1614.8500000000004,3,990.46,move,improve
2431,7,1612.7500000000005,3,990.46,move,improve
2432,7,1612.7500000000005,3,990.46,2opt,notBad
2433,7,1612.7500000000005,3,990.46,2opt,notBad
2434,7,1612.7500000000005,3,990.46,2opt,notBad
2435,7,1612.7500000000005,3,990.46,swap,notBad
2436,7,1612.7500000000005,3,990.46,swap,notBad
2437,7,1612.7500000000005,3,990.46,swap,notBad
2438,7,1600.6600000000003,3,990.46,swap,improve
2439,7,1600.6600000000003,3,990.46,swap,notBad
2440,7,1660.18,3,990.46,swap,acceptBad
2441,7,1660.18,3,990.46,swap,notBad
2442,7,1660.1500000000003,3,990.46,move,improve
2443,7,1660.15,3,990.46,move,improve
2444,7,1660.15,3,990.46,swap,notBad
2445,7,1660.15,3,990.46,move,improve
2446,7,1619.2800000000002,3,990.46,move,improve
2447,7,1689.4200000000003,3,990.46,swap,acceptBad
2448,7,1689.4200000000003,3,990.46,2opt,notBad
2449,7,1689.4200000000003,3,990.46,2opt,improve
2450,7,1779.0100000000002,3,990.46,swap,acceptBad
2451,7,1779.0100000000002,3,990.46,swap,notBad
2452,7,1777.5300000000002,3,990.46,move,improve
2453,7,1678.1800000000003,3,990.46,move,improve
2454,7,1711.3600000000001,3,990.46,swap,acceptBad
2455,7,1701.0700000000002,3,990.46,swap,improve
2456,7,1701.0700000000002,3,990.46,2opt,notBad
2457,7,1684.52,3,990.46,move,improve
2458,7,1684.52,3,990.46,2opt,notBad
2459,7,1684.52,3,990.46,2opt,notBad
2460,7,1684.52,3,990.46,swap,notBad
2461,7,1684.52,3,990.46,swap,notBad
2462,7,1686.05,3,990.46,swap,acceptBad
2463,7,1776.7400000000002,3,990.46,swap,acceptBad
2464,7,1776.7400000000002,3,990.46,move,improve
2465,7,1776.7400000000002,3,990.46,2opt,notBad
2466,7,1776.7400000000002,3,990.46,swap,notBad
2467,7,1776.7400000000002,3,990.46,2opt,improve
2468,7,1802.99,3,990.46,swap,acceptBad
2469,6,1713.3,3,990.46,move,improve
2470,6,1713.3,3,990.46,2opt,notBad
2471,6,1712.3400000000001,3,990.46,move,improve
2472,6,1712.3400000000001,3,990.46,move,improve
2473,6,1757.8800000000003,3,990.46,swap,acceptBad
2474,6,1773.4900000000002,3,990.46,swap,acceptBad
2475,6,1773.4900000000002,3,990.46,swap,notBad
2476,6,1773.4900000000002,3,990.46,move,improve
2477,6,1771.75,3,990.46,move,improve
2478,6,1752.49,3,990.46,move,improve
2479,6,1673.3,3,990.46,move,improve
2480,6,1608.1399999999999,3,990.46,move,improve
2481,6,1608.1399999999999,3,990.46,2opt,notBad
2482,6,1615.9799999999998,3,990.46,swap,acceptBad
2483,6,1613.61,3,990.46,move,improve
2484,6,1595.09,3,990.46,2opt,improve
2485,6,1595.09,3,990.46,2opt,notBad
2486,6,1595.09,3,990.46,2opt,notBad
2487,6,1595.09,3,990.46,2opt,notBad
2488,6,1595.09,3,990.46,swap,notBad
2489,6,1517.8499999999997,3,990.46,swap,improve
2490,6,1517.8499999999997,3,990.46,2opt,notBad
2491,6,1517.8499999999997,3,990.46,2opt,notBad
2492,6,1517.8499999999997,3,990.46,2opt,notBad
2493,6,1517.8499999999997,3,990.46,swap,notBad
2494,6,1517.8499999999997,3,990.46,2opt,notBad
2495,6,1577.7399999999998,3,990.46,swap,acceptBad
2496,6,1577.7399999999998,3,990.46,swap,notBad
2497,6,1577.7399999999998,3,990.46,2opt,notBad
2498,6,1537.0799999999997,3,990.46,move,improve
2499,6,1531.1999999999996,3,990.46,swap,improve
2500,6,1530.0999999999997,3,990.46,swap,improve
2501,6,1530.0999999999997,3,990.46,2opt,notBad
2502,6,1530.0999999999997,3,990.46,2opt,notBad
2503,6,1530.0999999999997,3,990.46,2opt,notBad
2504,6,1559.8599999999994,3,990.46,swap,acceptBad
2505,6,1559.8599999999994,3,990.46,2opt,notBad
2506,6,1559.8599999999994,3,990.46,2opt,notBad
2507,6,1559.8599999999994,3,990.46,2opt,improve
2508,6,1559.8599999999994,3,990.46,swap,notBad
2509,6,1559.8599999999994,3,990.46,swap,notBad
2510,6,1548.5799999999995,3,990.46,move,improve
2511,6,1542.4599999999996,3,990.46,move,improve
2512,6,1537.0299999999993,3,990.46,move,improve
2513,6,1537.0299999999993,3,990.46,move,improve
2514,6,1537.0299999999993,3,990.46,2opt,notBad
2515,6,1530.6199999999994,3,990.46,move,improve
2516,6,1530.6199999999994,3,990.46,2opt,notBad
2517,6,1530.6199999999994,3,990.46,swap,notBad
2518,6,1510.0999999999995,3,990.46,swap,improve
2519,6,1510.0999999999995,3,990.46,move,improve
2520,6,1510.0999999999995,3,990.46,move,improve
2521,6,1510.0999999999995,3,990.46,2opt,notBad
2522,6,1510.0999999999995,3,990.46,2opt,notBad
2523,6,1510.0999999999995,3,990.46,swap,notBad
2524,6,1464.0599999999993,3,990.46,move,improve
2525,6,1461.4499999999991,3,990.46,move,improve
2526,6,1461.4499999999991,3,990.46,swap,notBad
2527,6,1461.4499999999991,3,990.46,swap,notBad
2528,6,1461.4499999999991,3,990.46,swap,notBad
2529,6,1461.4499999999991,3,990.46,2opt,notBad
2530,6,1461.4499999999991,3,990.46,swap,notBad
2531,6,1461.4499999999991,3,990.46,2opt,notBad
2532,6,1461.4499999999991,3,990.46,swap,notBad
2533,6,1461.4499999999991,3,990.46,swap,notBad
2534,6,1442.6499999999992,3,990.46,move,improve
2535,6,1442.6499999999992,3,990.46,swap,notBad
2536,6,1442.6499999999992,3,990.46,swap,notBad
2537,6,1442.6499999999992,3,990.46,move,improve
2538,6,1442.6499999999992,3,990.46,move,improve
2539,6,1442.6499999999992,3,990.46,move,improve
2540,6,1442.6499999999992,3,990.46,move,improve
2541,6,1442.6499999999992,3,990.46,move,improve
2542,6,1512.1499999999996,3,990.46,swap,acceptBad
2543,6,1524.1299999999997,3,990.46,swap,acceptBad
2544,6,1555.7499999999995,3,990.46,swap,acceptBad
2545,6,1555.7499999999995,3,990.46,move,improve
2546,6,1555.7499999999995,3,990.46,swap,notBad
2547,6,1555.7499999999995,3,990.46,swap,notBad
2548,6,1553.9099999999994,3,990.46,move,improve
2549,6,1553.9099999999994,3,990.46,swap,notBad
2550,6,1553.9099999999994,3,990.46,swap,notBad
2551,6,1589.4299999999996,3,990.46,swap,acceptBad
2552,6,1589.4299999999996,3,990.46,2opt,notBad
2553,6,1589.4299999999996,3,990.46,2opt,notBad
2554,6,1589.4299999999996,3,990.46,2opt,improve
2555,6,1527.9299999999994,3,990.46,move,improve
2556,6,1527.9299999999994,3,990.46,move,improve
2557,6,1527.9299999999994,3,990.46,2opt,notBad
2558,6,1518.0899999999995,3,990.46,move,improve
2559,6,1464.5899999999995,3,990.46,move,improve
2560,6,1470.4399999999996,3,990.46,swap,acceptBad
2561,6,1523.9899999999993,3,990.46,swap,acceptBad
2562,6,1523.9899999999993,3,990.46,2opt,notBad
2563,6,1516.0699999999995,3,990.46,move,improve
2564,6,1516.0699999999995,3,990.46,swap,notBad
2565,6,1516.0699999999995,3,990.46,move,improve
2566,6,1516.0699999999995,3,990.46,2opt,notBad
2567,6,1516.0699999999995,3,990.46,swap,notBad
2568,6,1516.0699999999995,3,990.46,move,improve
2569,6,1583.5699999999993,3,990.46,swap,acceptBad
2570,6,1539.5999999999997,3,990.46,move,improve
2571,6,1539.5999999999997,3,990.46,move,improve
2572,6,1539.5999999999997,3,990.46,swap,notBad
2573,6,1539.5999999999997,3,990.46,move,improve
2574,6,1539.5999999999997,3,990.46,swap,notBad
2575,6,1539.5199999999998,3,990.46,move,improve
2576,6,1539.5199999999998,3,990.46,swap,notBad
2577,6,1539.5199999999998,3,990.46,2opt,improve
2578,6,1539.4799999999998,3,990.46,move,improve
2579,6,1553.4399999999998,3,990.46,swap,acceptBad
2580,6,1553.4399999999998,3,990.46,2opt,notBad
2581,6,1561.2199999999998,3,990.46,swap,acceptBad
2582,6,1561.2199999999998,3,990.46,2opt,notBad
2583,6,1561.2199999999998,3,990.46,move,improve
2584,6,1595.66,3,990.46,swap,acceptBad
2585,6,1595.66,3,990.46,move,improve
2586,6,1595.66,3,990.46,move,improve
2587,6,1595.66,3,990.46,swap,notBad
2588,6,1594.5800000000002,3,990.46,move,improve
2589,6,1549.0800000000002,3,990.46,move,improve
2590,6,1549.0800000000002,3,990.46,swap,notBad
2591,6,1549.0800000000002,3,990.46,move,improve
2592,6,1549.0800000000002,3,990.46,move,improve
2593,6,1544.7299999999998,3,990.46,move,improve
2594,6,1562.59,3,990.46,swap,acceptBad
2595,6,1490.6299999999999,3,990.46,swap,improve
2596,6,1517.7199999999998,3,990.46,swap,acceptBad
2597,6,1517.7199999999998,3,990.46,2opt,notBad
2598,6,1517.7199999999998,3,990.46,2opt,notBad
2599,6,1539.0599999999997,3,990.46,swap,acceptBad
2600,6,1539.0599999999997,3,990.46,swap,notBad
2601,6,1539.33,3,990.46,2opt,acceptBad
2602,6,1532.6200000000001,3,990.46,move,improve
2603,6,1532.6200000000001,3,990.46,2opt,notBad
2604,6,1532.6200000000001,3,990.46,swap,notBad
2605,6,1532.6200000000001,3,990.46,2opt,notBad
2606,6,1532.6200000000001,3,990.46,2opt,notBad
2607,6,1532.6200000000001,3,990.46,2opt,notBad
2608,6,1532.6200000000001,3,990.46,2opt,notBad
2609,6,1532.6200000000001,3,990.46,2opt,improve
2610,6,1543.2299999999996,3,990.46,2opt,acceptBad
2611,6,1543.2299999999996,3,990.46,move,improve
2612,6,1543.2299999999996,3,990.46,2opt,notBad
2613,6,1542.6299999999997,3,990.46,move,improve
2614,6,1543.5599999999997,3,990.46,swap,acceptBad
2615,6,1543.5599999999997,3,990.46,move,improve
2616,6,1543.5599999999997,3,990.46,swap,notBad
2617,6,1543.5599999999997,3,990.46,move,improve
2618,6,1543.5599999999997,3,990.46,2opt,notBad
2619,6,1543.5599999999997,3,990.46,2opt,notBad
2620,6,1543.5599999999997,3,990.46,move,improve
2621,6,1543.5599999999997,3,990.46,2opt,notBad
2622,5,1474.7899999999997,3,990.46,move,improve
2623,5,1474.0899999999997,3,990.46,move,improve
2624,5,1474.0899999999997,3,990.46,2opt,notBad
2625,5,1468.5599999999997,3,990.46,move,improve
2626,5,1468.5599999999997,3,990.46,swap,notBad
2627,5,1468.5599999999997,3,990.46,move,improve
2628,5,1466.1799999999994,3,990.46,move,improve
2629,5,1466.1799999999994,3,990.46,move,improve
2630,5,1489.5,3,990.46,2opt,acceptBad
2631,5,1501.5599999999997,3,990.46,swap,acceptBad
2632,5,1501.5599999999997,3,990.46,2opt,notBad
2633,5,1491.1899999999998,3,990.46,move,improve
2634,5,1491.1899999999998,3,990.46,2opt,notBad
2635,5,1428.2099999999998,3,990.46,move,improve
2636,5,1428.2099999999998,3,990.46,2opt,notBad
2637,5,1436.2199999999998,3,990.46,swap,acceptBad
2638,5,1383.83,3,990.46,swap,improve
2639,5,1379.6,3,990.46,move,improve
2640,5,1375.8699999999997,3,990.46,swap,improve
2641,5,1375.8699999999997,3,990.46,2opt,notBad
2642,5,1375.8699999999997,3,990.46,swap,notBad
2643,5,1344.2799999999997,3,990.46,move,improve
2644,5,1340.4099999999996,3,990.46,move,improve
2645,5,1346.35,3,990.46,swap,acceptBad
2646,5,1356.9699999999998,3,990.46,swap,acceptBad
2647,5,1347.93,3,990.46,move,improve
2648,5,1347.93,3,990.46,swap,notBad
2649,5,1366.35,3,990.46,swap,acceptBad
2650,5,1366.35,3,990.46,swap,notBad
2651,5,1408.4399999999998,3,990.46,swap,acceptBad
2652,5,1408.4399999999998,3,990.46,move,improve
2653,5,1441.8600000000001,3,990.46,swap,acceptBad
2654,5,1432.59,3,990.46,move,improve
2655,5,1427.64,3,990.46,move,improve
2656,5,1423.75,3,990.46,move,improve
2657,5,1423.75,3,990.46,swap,notBad
2658,5,1423.75,3,990.46,swap,notBad
2659,5,1422.46,3,990.46,move,improve
2660,5,1422.46,3,990.46,2opt,improve
2661,5,1422.46,3,990.46,2opt,notBad
2662,5,1416.45,3,990.46,swap,improve
2663,5,1416.45,3,990.46,2opt,notBad
2664,5,1412.4100000000003,3,990.46,move,improve
2665,5,1412.4100000000003,3,990.46,swap,notBad
2666,5,1412.4100000000003,3,990.46,2opt,notBad
2667,5,1412.4100000000003,3,990.46,swap,notBad
2668,5,1412.4100000000003,3,990.46,2opt,notBad
2669,5,1418.08,3,990.46,swap,acceptBad
2670,5,1417.3600000000001,3,990.46,move,improve
2671,5,1417.3600000000001,3,990.46,move,improve
2672,5,1406.14,3,990.46,2opt,improve
2673,5,1406.14,3,990.46,move,improve
2674,5,1406.14,3,990.46,move,improve
2675,5,1394.1200000000003,3,990.46,move,improve
2676,5,1394.1200000000003,3,990.46,swap,notBad
2677,5,1394.1200000000003,3,990.46,2opt,notBad
2678,5,1394.1200000000003,3,990.46,2opt,notBad
2679,5,1394.1200000000003,3,990.46,swap,notBad
2680,5,1394.1200000000003,3,990.46,swap,notBad
2681,5,1325.7400000000002,3,990.46,move,improve
2682,5,1320.4500000000003,3,990.46,move,improve
2683,5,1320.4500000000003,3,990.46,move,improve
2684,5,1320.4500000000003,3,990.46,swap,notBad
2685,5,1320.4500000000003,3,990.46,swap,notBad
2686,5,1320.4500000000003,3,990.46,2opt,notBad
2687,5,1320.4500000000003,3,990.46,2opt,notBad
2688,5,1271.7900000000002,3,990.46,swap,improve
2689,5,1271.7900000000002,3,990.46,move,improve
2690,5,1288.2099999999998,3,990.46,2opt,acceptBad
2691,5,1288.2099999999998,3,990.46,swap,notBad
2692,5,1303.9499999999998,3,990.46,2opt,acceptBad
2693,5,1303.9499999999998,3,990.46,2opt,notBad
2694,5,1312.6699999999998,3,990.46,swap,acceptBad
2695,5,1312.6699999999998,3,990.46,2opt,notBad
2696,5,1309.7200000000003,3,990.46,move,improve
2697,5,1298.82,3,990.46,move,improve
2698,5,1298.82,3,990.46,move,improve
2699,5,1294.14,3,990.46,2opt,improve
2700,5,1294.14,3,990.46,2opt,notBad
2701,5,1294.14,3,990.46,move,improve
2702,5,1294.14,3,990.46,2opt,improve
2703,5,1294.49,3,990.46,swap,acceptBad
2704,5,1296.4400000000003,3,990.46,swap,acceptBad
2705,5,1281.7300000000002,3,990.46,move,improve
2706,5,1281.7300000000002,3,990.46,2opt,notBad
2707,5,1278.2200000000003,3,990.46,move,improve
2708,5,1266.9200000000003,3,990.46,move,improve
2709,5,1266.5600000000002,3,990.46,move,improve
2710,5,1266.5600000000002,3,990.46,2opt,notBad
2711,5,1266.5600000000002,3,990.46,move,improve
2712,5,1238.89,3,990.46,move,improve
2713,5,1238.89,3,990.46,swap,notBad
2714,5,1243.4199999999998,3,990.46,swap,acceptBad
2715,5,1243.4199999999998,3,990.46,2opt,notBad
2716,5,1235.69,3,990.46,move,improve
2717,5,1233.6899999999998,3,990.46,move,improve
2718,5,1233.6899999999998,3,990.46,swap,notBad
2719,5,1233.6899999999998,3,990.46,2opt,notBad
2720,5,1233.6899999999998,3,990.46,move,improve
2721,5,1180.5,3,990.46,move,improve
2722,5,1177.08,3,990.46,move,improve
2723,5,1177.08,3,990.46,move,improve
2724,5,1177.08,3,990.46,2opt,notBad
2725,5,1177.08,3,990.46,swap,notBad
2726,5,1177.08,3,990.46,swap,notBad
2727,5,1186.7199999999998,3,990.46,swap,acceptBad
2728,5,1203.4599999999998,3,990.46,swap,acceptBad
2729,5,1203.4599999999998,3,990.46,move,improve
2730,5,1203.4599999999998,3,990.46,2opt,notBad
2731,5,1203.4599999999998,3,990.46,move,improve
2732,5,1203.4599999999998,3,990.46,swap,notBad
2733,5,1203.4599999999998,3,990.46,2opt,improve
2734,5,1203.4599999999998,3,990.46,move,improve
2735,5,1203.4599999999998,3,990.46,swap,notBad
2736,5,1203.4599999999998,3,990.46,swap,notBad
2737,5,1221.45,3,990.46,swap,acceptBad
2738,5,1221.45,3,990.46,swap,notBad
2739,5,1221.45,3,990.46,swap,notBad
2740,5,1219.5199999999995,3,990.46,swap,improve
2741,5,1219.5199999999995,3,990.46,swap,notBad
2742,5,1219.5199999999995,3,990.46,2opt,notBad
2743,5,1219.5199999999995,3,990.46,2opt,notBad
2744,5,1242.4699999999996,3,990.46,swap,acceptBad
2745,5,1242.4699999999996,3,990.46,move,improve
2746,5,1242.4699999999996,3,990.46,swap,notBad
2747,5,1242.4699999999996,3,990.46,move,improve
2748,5,1242.4699999999996,3,990.46,2opt,improve
2749,5,1242.4699999999996,3,990.46,move,improve
2750,5,1242.4699999999996,3,990.46,2opt,notBad
2751,5,1242.4699999999996,3,990.46,swap,notBad
2752,5,1242.4699999999996,3,990.46,move,improve
2753,5,1234.9399999999998,3,990.46,move,improve
2754,5,1234.9399999999998,3,990.46,swap,notBad
2755,5,1234.9399999999998,3,990.46,move,improve
2756,5,1234.9399999999998,3,990.46,swap,notBad
2757,5,1217.7699999999998,3,990.46,move,improve
2758,5,1217.7699999999998,3,990.46,swap,notBad
2759,5,1217.7699999999998,3,990.46,swap,notBad
2760,5,1215.5899999999997,3,990.46,move,improve
2761,5,1215.5899999999997,3,990.46,2opt,notBad
2762,5,1215.5899999999997,3,990.46,2opt,notBad
2763,5,1215.5899999999997,3,990.46,2opt,notBad
2764,5,1215.5899999999997,3,990.46,2opt,notBad
2765,5,1215.5899999999997,3,990.46,swap,notBad
2766,5,1213.4899999999996,3,990.46,move,improve
2767,5,1248.5499999999997,3,990.46,swap,acceptBad
2768,5,1248.5499999999997,3,990.46,2opt,notBad
2769,5,1246.7199999999998,3,990.46,move,improve
2770,5,1246.7199999999998,3,990.46,2opt,notBad
2771,5,1262.9199999999998,3,990.46,swap,acceptBad
2772,5,1267.2599999999998,3,990.46,2opt,acceptBad
2773,5,1267.2599999999998,3,990.46,swap,notBad
2774,5,1267.2599999999998,3,990.46,2opt,notBad
2775,5,1267.2599999999998,3,990.46,2opt,notBad
2776,5,1258.4799999999998,3,990.46,move,improve
2777,5,1257.4899999999996,3,990.46,swap,improve
2778,5,1257.4899999999996,3,990.46,swap,notBad
2779,5,1260.6899999999996,3,990.46,swap,acceptBad
2780,5,1260.6899999999996,3,990.46,2opt,notBad
2781,5,1286.0199999999998,3,990.46,swap,acceptBad
2782,5,1287.6699999999996,3,990.46,swap,acceptBad
2783,5,1286.6799999999998,3,990.46,move,improve
2784,5,1296.27,3,990.46,swap,acceptBad
2785,5,1296.27,3,990.46,swap,notBad
2786,5,1241.1299999999999,3,990.46,move,improve
2787,5,1241.1299999999999,3,990.46,2opt,notBad
2788,5,1241.1299999999999,3,990.46,move,improve
2789,5,1241.1299999999999,3,990.46,2opt,notBad
2790,5,1237.04,3,990.46,move,improve
2791,5,1237.04,3,990.46,move,improve
2792,5,1237.04,3,990.46,2opt,notBad
2793,5,1227.69,3,990.46,move,improve
2794,5,1219.5600000000002,3,990.46,move,improve
2795,5,1219.5600000000002,3,990.46,move,improve
2796,5,1217.0600000000002,3,990.46,move,improve
2797,5,1217.0600000000002,3,990.46,2opt,notBad
2798,5,1217.0600000000002,3,990.46,2opt,improve
2799,5,1217.0600000000002,3,990.46,swap,notBad
2800,5,1190.6700000000003,3,990.46,move,improve
2801,5,1190.6700000000003,3,990.46,swap,notBad
2802,5,1190.6700000000003,3,990.46,swap,notBad
2803,5,1191.3200000000002,3,990.46,swap,acceptBad
2804,5,1191.3200000000002,3,990.46,move,improve
2805,5,1191.3300000000002,3,990.46,move,acceptBad
2806,5,1191.3300000000002,3,990.46,move,improve
2807,5,1179.5400000000002,3,990.46,move,improve
2808,5,1179.5400000000002,3,990.46,2opt,notBad
2809,5,1145.3300000000002,3,990.46,move,improve
2810,5,1151.43,3,990.46,swap,acceptBad
2811,5,1151.43,3,990.46,2opt,notBad
2812,5,1151.43,3,990.46,2opt,notBad
2813,5,1151.43,3,990.46,2opt,notBad
2814,5,1151.43,3,990.46,swap,notBad
2815,5,1151.43,3,990.46,swap,notBad
2816,5,1149.3200000000002,3,990.46,move,improve
2817,5,1149.3200000000002,3,990.46,swap,notBad
2818,5,1149.3200000000002,3,990.46,2opt,notBad
2819,5,1149.3200000000002,3,990.46,2opt,improve
2820,5,1164.5100000000002,3,990.46,2opt,acceptBad
2821,5,1164.5100000000002,3,990.46,2opt,notBad
2822,5,1191.67,3,990.46,swap,acceptBad
2823,5,1191.67,3,990.46,move,improve
2824,5,1191.67,3,990.46,2opt,notBad
2825,5,1191.67,3,990.46,swap,notBad
2826,5,1191.67,3,990.46,swap,notBad
2827,5,1191.67,3,990.46,move,improve
2828,5,1188.29,3,990.46,move,improve
2829,5,1188.29,3,990.46,move,improve
2830,5,1188.29,3,990.46,2opt,notBad
2831,5,1188.29,3,990.46,swap,notBad
2832,5,1188.29,3,990.46,move,improve
2833,5,1188.29,3,990.46,swap,notBad
2834,5,1188.29,3,990.46,2opt,notBad
2835,5,1188.29,3,990.46,swap,notBad
2836,5,1188.29,3,990.46,2opt,notBad
2837,5,1188.29,3,990.46,swap,notBad
2838,5,1188.29,3,990.46,swap,notBad
2839,5,1159.96,3,990.46,move,improve
2840,5,1159.96,3,990.46,2opt,notBad
2841,5,1159.96,3,990.46,swap,notBad
2842,5,1159.96,3,990.46,move,improve
2843,5,1154.43,3,990.46,move,improve
2844,5,1154.43,3,990.46,2opt,notBad
2845,5,1154.43,3,990.46,swap,notBad
2846,5,1154.43,3,990.46,2opt,notBad
2847,5,1154.43,3,990.46,move,improve
2848,5,1154.43,3,990.46,swap,notBad
2849,5,1154.43,3,990.46,2opt,notBad
2850,5,1154.43,3,990.46,swap,notBad
2851,5,1154.43,3,990.46,swap,notBad
2852,5,1154.43,3,990.46,2opt,notBad
2853,5,1147.55,3,990.46,move,improve
2854,5,1147.55,3,990.46,swap,notBad
2855,5,1147.55,3,990.46,2opt,notBad
2856,5,1148.53,3,990.46,swap,acceptBad
2857,5,1148.53,3,990.46,move,improve
2858,5,1148.53,3,990.46,2opt,notBad
2859,5,1148.53,3,990.46,2opt,notBad
2860,5,1148.53,3,990.46,2opt,notBad
2861,5,1127.7000000000003,3,990.46,move,improve
2862,5,1127.7000000000003,3,990.46,move,improve
2863,5,1116.2600000000002,3,990.46,move,improve
2864,5,1113.26,3,990.46,move,improve
2865,5,1113.26,3,990.46,move,improve
2866,5,1105.34,3,990.46,move,improve
2867,5,1101.01,3,990.46,move,improve
2868,5,1101.01,3,990.46,swap,notBad
2869,5,1101.01,3,990.46,swap,notBad
2870,5,1101.01,3,990.46,move,improve
2871,5,1090.71,3,990.46,move,improve
2872,5,1105.4900000000002,3,990.46,move,acceptBad
2873,5,1105.4900000000002,3,990.46,swap,notBad
2874,5,1105.4900000000002,3,990.46,swap,notBad
2875,5,1106.26,3,990.46,swap,acceptBad
2876,5,1063.17,3,990.46,swap,improve
2877,5,1063.17,3,990.46,2opt,notBad
2878,5,1063.17,3,990.46,2opt,notBad
2879,5,1063.1200000000001,3,990.46,move,improve
2880,5,1063.1200000000001,3,990.46,swap,notBad
2881,5,1063.1200000000001,3,990.46,swap,notBad
2882,5,1063.1200000000001,3,990.46,swap,notBad
2883,5,1062.31,3,990.46,move,improve
2884,5,1062.31,3,990.46,2opt,notBad
2885,5,1062.31,3,990.46,2opt,notBad
2886,5,1062.31,3,990.46,move,improve
2887,5,1062.31,3,990.46,2opt,notBad
2888,5,1062.31,3,990.46,swap,notBad
2889,5,1055.58,3,990.46,move,improve
2890,5,1059.65,3,990.46,swap,acceptBad
2891,5,1059.65,3,990.46,2opt,notBad
2892,5,1060.9800000000002,3,990.46,swap,acceptBad
2893,5,1060.9800000000002,3,990.46,2opt,improve
2894,5,1060.9800000000002,3,990.46,swap,notBad
2895,5,1060.9800000000002,3,990.46,swap,notBad
2896,5,1057.37,3,990.46,swap,improve
2897,5,1054.8500000000004,3,990.46,2opt,improve
2898,5,1054.8500000000004,3,990.46,swap,notBad
2899,5,1054.8500000000004,3,990.46,swap,notBad
2900,5,1054.8500000000004,3,990.46,2opt,notBad
2901,5,1048.1,3,990.46,move,improve
2902,5,1048.1,3,990.46,2opt,notBad
2903,5,1048.1,3,990.46,swap,notBad
2904,5,1048.1,3,990.46,2opt,notBad
2905,5,1048.1,3,990.46,move,improve
2906,5,1048.1,3,990.46,swap,notBad
2907,5,1048.1,3,990.46,2opt,notBad
2908,5,1048.1,3,990.46,2opt,notBad
2909,5,1048.1,3,990.46,2opt,notBad
2910,5,1048.1,3,990.46,move,improve
2911,5,1048.1,3,990.46,move,improve
2912,5,1050.2600000000002,3,990.46,swap,acceptBad
2913,5,1091.29,3,990.46,swap,acceptBad
2914,5,1091.29,3,990.46,2opt,notBad
2915,5,1091.29,3,990.46,2opt,notBad
2916,5,1087.31,3,990.46,swap,improve
2917,5,1079.3,3,990.46,move,improve
2918,5,1085.6,3,990.46,swap,acceptBad
2919,5,1085.6,3,990.46,2opt,notBad
2920,5,1085.6,3,990.46,2opt,notBad
2921,5,1085.6,3,990.46,swap,notBad
2922,5,1085.6,3,990.46,swap,notBad
2923,5,1085.6,3,990.46,move,improve
2924,5,1093.7400000000002,3,990.46,swap,acceptBad
2925,5,1093.7400000000002,3,990.46,move,improve
2926,5,1091.4,3,990.46,move,improve
2927,5,1091.4,3,990.46,2opt,notBad
2928,5,1087.1700000000003,3,990.46,move,improve
2929,5,1087.1700000000003,3,990.46,swap,notBad
2930,5,1087.1700000000003,3,990.46,2opt,notBad
2931,5,1085.1000000000001,3,990.46,move,improve
2932,5,1085.1000000000001,3,990.46,2opt,notBad
2933,5,1091.7000000000003,3,990.46,swap,acceptBad
2934,5,1091.7000000000003,3,990.46,2opt,notBad
2935,5,1091.7000000000003,3,990.46,swap,notBad
2936,5,1091.7000000000003,3,990.46,swap,notBad
2937,5,1091.7000000000003,3,990.46,move,improve
2938,5,1091.1400000000003,3,990.46,move,improve
2939,5,1091.1400000000003,3,990.46,move,improve
2940,5,1091.1400000000003,3,990.46,2opt,notBad
2941,5,1091.1400000000003,3,990.46,2opt,notBad
2942,5,1091.1400000000003,3,990.46,2opt,notBad
2943,5,1096.46,3,990.46,swap,acceptBad
2944,5,1096.46,3,990.46,swap,notBad
2945,5,1096.46,3,990.46,2opt,notBad
2946,5,1096.46,3,990.46,2opt,notBad
2947,5,1089.1100000000001,3,990.46,move,improve
2948,5,1090.4699999999998,3,990.46,2opt,acceptBad
2949,5,1090.4699999999998,3,990.46,2opt,notBad
2950,5,1090.4699999999998,3,990.46,swap,notBad
2951,5,1090.4699999999998,3,990.46,swap,notBad
2952,5,1090.4699999999998,3,990.46,2opt,notBad
2953,5,1095.4499999999998,3,990.46,swap,acceptBad
2954,5,1097.1999999999998,3,990.46,swap,acceptBad
2955,5,1097.1999999999998,3,990.46,swap,notBad
2956,5,1116.5499999999997,3,990.46,swap,acceptBad
2957,5,1108.4499999999998,3,990.46,move,improve
2958,5,1108.4499999999998,3,990.46,move,improve
2959,5,1092.6599999999999,3,990.46,move,improve
2960,5,1092.6599999999999,3,990.46,2opt,notBad
2961,5,1092.6599999999999,3,990.46,move,improve
2962,5,1092.6599999999999,3,990.46,2opt,notBad
2963,5,1092.6599999999999,3,990.46,2opt,notBad
2964,5,1092.6599999999999,3,990.46,2opt,notBad
2965,5,1092.6599999999999,3,990.46,2opt,notBad
2966,5,1092.6599999999999,3,990.46,swap,notBad
2967,5,1092.6599999999999,3,990.46,2opt,notBad
2968,5,1092.6599999999999,3,990.46,2opt,notBad
2969,5,1090.9499999999998,3,990.46,move,improve
2970,5,1090.9499999999998,3,990.46,2opt,notBad
2971,5,1090.9499999999998,3,990.46,2opt,notBad
2972,5,1090.9499999999998,3,990.46,swap,notBad
2973,5,1096.8,3,990.46,swap,acceptBad
2974,5,1095.95,3,990.46,move,improve
2975,5,1095.95,3,990.46,swap,notBad
2976,5,1095.95,3,990.46,2opt,notBad
2977,5,1095.95,3,990.46,2opt,notBad
2978,5,1087.6,3,990.46,move,improve
2979,5,1087.6,3,990.46,2opt,improve
2980,5,1094.2699999999998,3,990.46,2opt,acceptBad
2981,5,1094.2699999999998,3,990.46,swap,notBad
2982,5,1094.2699999999998,3,990.46,2opt,notBad
2983,5,1088.5299999999997,3,990.46,move,improve
2984,5,1086.1,3,990.46,2opt,improve
2985,5,1086.1,3,990.46,2opt,notBad
2986,5,1085.56,3,990.46,move,improve
2987,5,1080.39,3,990.46,swap,improve
2988,5,1080.39,3,990.46,2opt,notBad
2989,5,1080.39,3,990.46,move,improve
2990,5,1080.1700000000003,3,990.46,swap,improve
2991,5,1080.1700000000003,3,990.46,move,improve
2992,5,1026.46,3,990.46,2opt,improve
2993,5,1039.6,3,990.46,swap,acceptBad
2994,5,1039.6,3,990.46,2opt,notBad
2995,5,1039.6,3,990.46,swap,notBad
2996,5,1039.6,3,990.46,swap,notBad
2997,5,1039.6,3,990.46,2opt,notBad
2998,5,1039.6,3,990.46,swap,notBad
2999,5,1039.6,3,990.46,2opt,notBad
3000,5,1040.68,3,990.46,swap,acceptBad
3001,5,1040.68,3,990.46,swap,notBad
3002,5,1040.68,3,990.46,2opt,notBad
3003,5,1009.83,3,990.46,move,improve
3004,5,1009.83,3,990.46,2opt,notBad
3005,5,1009.83,3,990.46,swap,notBad
3006,5,1006.7199999999999,3,990.46,move,improve
3007,5,1006.7199999999999,3,990.46,2opt,notBad
3008,5,1005.3699999999999,3,990.46,move,improve
3009,5,1005.3699999999999,3,990.46,2opt,notBad
3010,5,998.1700000000001,3,990.46,2opt,improve
3011,5,998.1700000000001,3,990.46,2opt,notBad
3012,5,998.1700000000001,3,990.46,swap,notBad
3013,5,998.1700000000001,3,990.46,2opt,notBad
3014,5,995.9200000000001,3,990.46,move,improve
3015,5,988.19,5,988.19,move,newBest
3016,5,988.19,5,988.19,2opt,notBad
3017,5,988.19,5,988.19,2opt,notBad
3018,5,988.19,5,988.19,2opt,notBad
3019,5,988.1000000000001,5,988.1000000000001,move,newBest
3020,5,988.9500000000002,5,988.1000000000001,swap,acceptBad
3021,5,988.9500000000002,5,988.1000000000001,swap,notBad
3022,5,988.9500000000002,5,988.1000000000001,2opt,notBad
3023,5,988.9500000000002,5,988.1000000000001,2opt,notBad
3024,5,988.9500000000002,5,988.1000000000001,2opt,improve
3025,5,988.9500000000002,5,988.1000000000001,swap,notBad
3026,5,988.9500000000002,5,988.1000000000001,2opt,notBad
3027,5,988.9500000000002,5,988.1000000000001,move,improve
3028,5,988.9500000000002,5,988.1000000000001,2opt,notBad
3029,5,985.1000000000001,5,985.1000000000001,move,newBest
3030,5,997.5200000000001,5,985.1000000000001,swap,acceptBad
3031,5,997.5200000000001,5,985.1000000000001,swap,notBad
3032,5,997.5200000000001,5,985.1000000000001,swap,notBad
3033,5,997.5200000000001,5,985.1000000000001,swap,notBad
3034,5,997.5200000000001,5,985.1000000000001,2opt,notBad
3035,5,997.5200000000001,5,985.1000000000001,swap,notBad
3036,5,997.5200000000001,5,985.1000000000001,2opt,notBad
3037,5,995.7200000000003,5,985.1000000000001,move,improve
3038,5,995.7200000000003,5,985.1000000000001,swap,notBad
3039,5,995.7200000000003,5,985.1000000000001,swap,notBad
3040,5,995.7200000000003,5,985.1000000000001,swap,notBad
3041,5,995.7200000000003,5,985.1000000000001,2opt,notBad
3042,5,995.7200000000003,5,985.1000000000001,2opt,notBad
3043,5,995.7200000000003,5,985.1000000000001,move,improve
3044,5,987.0400000000002,5,985.1000000000001,move,improve
3045,5,987.0400000000002,5,985.1000000000001,swap,notBad
3046,5,987.0400000000002,5,985.1000000000001,2opt,notBad
3047,5,987.0400000000002,5,985.1000000000001,move,improve
3048,5,987.0400000000002,5,985.1000000000001,swap,notBad
3049,5,985.5400000000002,5,985.1000000000001,move,improve
3050,5,985.5400000000002,5,985.1000000000001,2opt,notBad
3051,5,980.3400000000001,5,980.3400000000001,move,newBest
3052,5,967.8000000000002,5,967.8000000000002,swap,newBest
3053,5,967.8000000000002,5,967.8000000000002,2opt,notBad
3054,5,967.8000000000002,5,967.8000000000002,2opt,notBad
3055,5,967.8000000000002,5,967.8000000000002,swap,notBad
3056,5,967.8000000000002,5,967.8000000000002,2opt,notBad
3057,5,967.0800000000002,5,967.0800000000002,move,newBest
3058,5,967.0800000000002,5,967.0800000000002,2opt,improve
3059,5,967.0800000000002,5,967.0800000000002,swap,notBad
3060,5,967.0800000000002,5,967.0800000000002,swap,notBad
3061,5,967.1400000000001,5,967.0800000000002,swap,acceptBad
3062,5,956.41,5,956.41,move,newBest
3063,5,956.41,5,956.41,2opt,notBad
3064,5,956.41,5,956.41,2opt,notBad
3065,5,956.41,5,956.41,2opt,notBad
3066,5,951.0400000000002,5,951.0400000000002,move,newBest
3067,5,951.0400000000002,5,951.0400000000002,2opt,notBad
3068,5,951.0400000000002,5,951.0400000000002,2opt,notBad
3069,5,951.0400000000002,5,951.0400000000002,move,improve
3070,5,951.0400000000002,5,951.0400000000002,swap,notBad
3071,5,951.0400000000002,5,951.0400000000002,move,improve
3072,5,951.0400000000002,5,951.0400000000002,2opt,notBad
3073,5,951.0400000000002,5,951.0400000000002,swap,notBad
3074,5,949.2200000000001,5,949.2200000000001,move,newBest
3075,5,949.2200000000001,5,949.2200000000001,swap,notBad
3076,5,949.2200000000001,5,949.2200000000001,2opt,notBad
3077,5,949.2200000000001,5,949.2200000000001,2opt,notBad
3078,5,953.4900000000001,5,949.2200000000001,swap,acceptBad
3079,5,952.7400000000001,5,949.2200000000001,move,improve
3080,5,952.7400000000001,5,949.2200000000001,move,improve
3081,5,952.7400000000001,5,949.2200000000001,2opt,notBad
3082,5,952.7400000000001,5,949.2200000000001,2opt,notBad
3083,5,952.7400000000001,5,949.2200000000001,2opt,notBad
3084,5,952.7400000000001,5,949.2200000000001,swap,notBad
3085,5,952.7400000000001,5,949.2200000000001,2opt,notBad
3086,5,952.7400000000001,5,949.2200000000001,2opt,notBad
3087,5,952.7400000000001,5,949.2200000000001,2opt,notBad
3088,5,952.7400000000001,5,949.2200000000001,move,improve
3089,5,976.1000000000001,5,949.2200000000001,swap,acceptBad
3090,5,976.1000000000001,5,949.2200000000001,move,improve
3091,5,976.1000000000001,5,949.2200000000001,2opt,notBad
3092,5,976.1000000000001,5,949.2200000000001,2opt,improve
3093,5,976.1000000000001,5,949.2200000000001,2opt,notBad
3094,5,976.1000000000001,5,949.2200000000001,move,improve
3095,5,976.1000000000001,5,949.2200000000001,2opt,notBad
3096,5,976.1000000000001,5,949.2200000000001,2opt,improve
3097,5,981.5100000000002,5,949.2200000000001,swap,acceptBad
3098,5,973.2200000000003,5,949.2200000000001,move,improve
3099,5,973.2200000000003,5,949.2200000000001,2opt,notBad
3100,5,973.2200000000003,5,949.2200000000001,2opt,notBad
3101,5,973.2200000000003,5,949.2200000000001,2opt,notBad
3102,5,973.2200000000003,5,949.2200000000001,swap,notBad
3103,5,979.2500000000003,5,949.2200000000001,swap,acceptBad
3104,5,979.2500000000003,5,949.2200000000001,move,improve
3105,5,979.2500000000003,5,949.2200000000001,move,improve
3106,5,979.2500000000003,5,949.2200000000001,2opt,notBad
3107,5,979.2500000000003,5,949.2200000000001,swap,notBad
3108,5,979.2500000000003,5,949.2200000000001,swap,notBad
3109,5,979.2500000000003,5,949.2200000000001,swap,notBad
3110,5,979.2500000000003,5,949.2200000000001,2opt,notBad
3111,5,979.2500000000003,5,949.2200000000001,swap,notBad
3112,5,979.2500000000003,5,949.2200000000001,2opt,improve
3113,5,974.28,5,949.2200000000001,2opt,improve
3114,5,974.28,5,949.2200000000001,move,improve
3115,5,974.28,5,949.2200000000001,move,improve
3116,5,974.28,5,949.2200000000001,2opt,notBad
3117,5,974.28,5,949.2200000000001,2opt,notBad
3118,5,974.28,5,949.2200000000001,move,improve
3119,5,974.28,5,949.2200000000001,swap,notBad
3120,5,974.28,5,949.2200000000001,swap,notBad
3121,5,974.28,5,949.2200000000001,swap,notBad
3122,5,972.6300000000001,5,949.2200000000001,move,improve
3123,5,979.6200000000001,5,949.2200000000001,swap,acceptBad
3124,5,979.6200000000001,5,949.2200000000001,move,improve
3125,5,979.6200000000001,5,949.2200000000001,swap,notBad
3126,5,979.6200000000001,5,949.2200000000001,move,improve
3127,5,979.6200000000001,5,949.2200000000001,2opt,notBad
3128,5,955.4800000000001,5,949.2200000000001,move,improve
3129,5,955.4800000000001,5,949.2200000000001,swap,notBad
3130,5,955.4800000000001,5,949.2200000000001,2opt,notBad
3131,5,955.4800000000001,5,949.2200000000001,2opt,notBad
3132,5,955.4800000000001,5,949.2200000000001,2opt,improve
3133,5,962.5000000000002,5,949.2200000000001,swap,acceptBad
3134,5,952.4000000000002,5,949.2200000000001,move,improve
3135,5,952.4000000000002,5,949.2200000000001,move,improve
3136,5,952.4000000000002,5,949.2200000000001,2opt,notBad
3137,5,950.5400000000002,5,949.2200000000001,move,improve
3138,5,950.5400000000002,5,949.2200000000001,move,improve
3139,5,950.4700000000001,5,949.2200000000001,move,improve
3140,5,950.4700000000001,5,949.2200000000001,2opt,notBad
3141,5,950.4700000000001,5,949.2200000000001,2opt,notBad
3142,5,950.2700000000001,5,949.2200000000001,move,improve
3143,5,950.2700000000001,5,949.2200000000001,2opt,notBad
3144,5,950.2700000000001,5,949.2200000000001,swap,notBad
3145,5,950.2700000000001,5,949.2200000000001,move,improve
3146,5,950.2700000000001,5,949.2200000000001,2opt,notBad
3147,5,950.2700000000001,5,949.2200000000001,2opt,improve
3148,5,950.2700000000001,5,949.2200000000001,2opt,notBad
3149,5,894.3000000000001,5,894.3000000000001,move,newBest
3150,5,894.3000000000001,5,894.3000000000001,move,notBad
3151,5,894.3000000000001,5,894.3000000000001,move,improve
3152,5,894.3000000000001,5,894.3000000000001,2opt,notBad
3153,5,894.3000000000001,5,894.3000000000001,2opt,notBad
3154,5,894.3000000000001,5,894.3000000000001,2opt,notBad
3155,5,891.6400000000001,5,891.6400000000001,move,newBest
3156,5,891.6400000000001,5,891.6400000000001,swap,notBad
3157,5,891.6400000000001,5,891.6400000000001,2opt,notBad
3158,5,891.6400000000001,5,891.6400000000001,move,improve
3159,5,891.28,5,891.28,move,newBest
3160,5,891.28,5,891.28,2opt,improve
3161,5,900.6399999999999,5,891.28,swap,acceptBad
3162,5,908.6199999999999,5,891.28,swap,acceptBad
3163,5,900.6099999999999,5,891.28,move,improve
3164,5,900.6099999999999,5,891.28,swap,notBad
3165,5,900.6099999999999,5,891.28,2opt,notBad
3166,5,900.6099999999999,5,891.28,2opt,notBad
3167,5,916.16,5,891.28,swap,acceptBad
3168,5,915.89,5,891.28,move,improve
3169,5,915.89,5,891.28,swap,notBad
3170,5,915.89,5,891.28,2opt,notBad
3171,5,915.89,5,891.28,swap,notBad
3172,5,915.89,5,891.28,2opt,notBad
3173,5,925.0099999999999,5,891.28,swap,acceptBad
3174,5,925.0099999999999,5,891.28,move,improve
3175,5,910.43,5,891.28,move,improve
3176,5,910.43,5,891.28,2opt,notBad
3177,5,907.01,5,891.28,move,improve
3178,5,907.01,5,891.28,move,improve
3179,5,917.27,5,891.28,swap,acceptBad
3180,5,917.27,5,891.28,move,improve
3181,5,917.27,5,891.28,2opt,notBad
3182,5,917.27,5,891.28,move,improve
3183,5,917.27,5,891.28,move,improve
3184,5,918.4699999999999,5,891.28,swap,acceptBad
3185,5,918.4699999999999,5,891.28,swap,notBad
3186,5,913.0599999999998,5,891.28,move,improve
3187,5,913.0599999999998,5,891.28,swap,notBad
3188,5,913.0599999999998,5,891.28,2opt,notBad
3189,5,913.0599999999998,5,891.28,swap,notBad
3190,5,907.7099999999998,5,891.28,move,improve
3191,5,907.7099999999998,5,891.28,2opt,notBad
3192,5,907.7099999999998,5,891.28,move,improve
3193,5,907.7099999999998,5,891.28,move,improve
3194,5,912.3899999999999,5,891.28,2opt,acceptBad
3195,5,906.9099999999999,5,891.28,move,improve
3196,5,906.9099999999999,5,891.28,2opt,notBad
3197,5,906.9099999999999,5,891.28,2opt,notBad
3198,5,906.9099999999999,5,891.28,2opt,notBad
3199,5,906.9099999999999,5,891.28,2opt,notBad
3200,5,906.6599999999999,5,891.28,move,improve
3201,5,907.0199999999999,5,891.28,2opt,acceptBad
3202,5,872.0999999999999,5,872.0999999999999,move,newBest
3203,5,861.5699999999999,5,861.5699999999999,move,newBest
3204,5,861.5699999999999,5,861.5699999999999,move,improve
3205,5,861.5699999999999,5,861.5699999999999,swap,notBad
3206,5,861.5699999999999,5,861.5699999999999,swap,notBad
3207,5,856.3299999999998,5,856.3299999999998,move,newBest
3208,5,863.5099999999999,5,856.3299999999998,swap,acceptBad
3209,5,863.5099999999999,5,856.3299999999998,2opt,notBad
3210,5,863.5099999999999,5,856.3299999999998,move,improve
3211,5,863.5099999999999,5,856.3299999999998,2opt,notBad
3212,5,863.5099999999999,5,856.3299999999998,2opt,notBad
3213,5,863.1499999999999,5,856.3299999999998,move,improve
3214,5,863.1499999999999,5,856.3299999999998,2opt,notBad
3215,5,863.1499999999999,5,856.3299999999998,move,improve
3216,5,863.1499999999999,5,856.3299999999998,swap,notBad
3217,5,863.1499999999999,5,856.3299999999998,move,improve
3218,5,863.1499999999999,5,856.3299999999998,swap,notBad
3219,5,863.1499999999999,5,856.3299999999998,2opt,notBad
3220,5,863.1499999999999,5,856.3299999999998,2opt,notBad
3221,5,863.1499999999999,5,856.3299999999998,2opt,notBad
3222,5,857.1199999999999,5,856.3299999999998,move,improve
3223,5,852.89,5,852.89,move,newBest
3224,5,852.89,5,852.89,move,improve
3225,5,860.36,5,852.89,swap,acceptBad
3226,5,860.36,5,852.89,2opt,notBad
3227,5,860.36,5,852.89,move,improve
3228,5,860.36,5,852.89,move,improve
3229,5,860.36,5,852.89,move,improve
3230,5,860.36,5,852.89,swap,notBad
3231,5,871.77,5,852.89,swap,acceptBad
3232,5,871.77,5,852.89,move,improve
3233,5,871.77,5,852.89,2opt,notBad
3234,5,872.8499999999999,5,852.89,swap,acceptBad
3235,5,872.8499999999999,5,852.89,2opt,notBad
3236,5,872.8499999999999,5,852.89,2opt,notBad
3237,5,870.51,5,852.89,move,improve
3238,5,870.51,5,852.89,move,improve
3239,5,870.51,5,852.89,2opt,notBad
3240,5,867.9699999999998,5,852.89,move,improve
3241,5,867.9699999999998,5,852.89,move,improve
3242,5,867.9699999999998,5,852.89,2opt,notBad
3243,5,867.9699999999998,5,852.89,swap,notBad
3244,5,867.9699999999998,5,852.89,swap,notBad
3245,5,867.9699999999998,5,852.89,2opt,notBad
3246,5,867.9699999999998,5,852.89,swap,notBad
3247,5,867.3399999999999,5,852.89,move,improve
3248,5,867.3399999999999,5,852.89,2opt,notBad
3249,5,867.3399999999999,5,852.89,swap,notBad
3250,5,867.3399999999999,5,852.89,swap,notBad
3251,5,867.3399999999999,5,852.89,swap,notBad
3252,5,867.3399999999999,5,852.89,swap,notBad
3253,5,866.78,5,852.89,move,improve
3254,5,866.78,5,852.89,swap,notBad
3255,5,866.78,5,852.89,swap,notBad
3256,5,866.78,5,852.89,swap,notBad
3257,5,866.78,5,852.89,swap,notBad
3258,5,861.67,5,852.89,move,improve
3259,5,861.67,5,852.89,2opt,improve
3260,5,858.38,5,852.89,move,improve
3261,5,858.38,5,852.89,move,improve
3262,5,858.38,5,852.89,2opt,improve
3263,5,858.38,5,852.89,swap,notBad
3264,5,858.38,5,852.89,2opt,notBad
3265,5,858.38,5,852.89,swap,notBad
3266,5,858.38,5,852.89,2opt,notBad
3267,5,858.38,5,852.89,move,improve
3268,5,858.38,5,852.89,move,improve
3269,5,858.77,5,852.89,swap,acceptBad
3270,5,858.77,5,852.89,swap,notBad
3271,5,858.77,5,852.89,2opt,notBad
3272,5,858.77,5,852.89,2opt,notBad
3273,5,858.77,5,852.89,2opt,notBad
3274,5,858.77,5,852.89,2opt,notBad
3275,5,858.77,5,852.89,2opt,notBad
3276,5,858.77,5,852.89,2opt,notBad
3277,5,856.1099999999999,5,852.89,swap,improve
3278,5,856.1099999999999,5,852.89,swap,notBad
3279,5,856.1099999999999,5,852.89,2opt,improve
3280,5,855.1999999999999,5,852.89,move,improve
3281,5,855.1999999999999,5,852.89,swap,notBad
3282,5,855.1999999999999,5,852.89,2opt,notBad
3283,5,855.1999999999999,5,852.89,2opt,notBad
3284,5,855.1999999999999,5,852.89,2opt,notBad
3285,5,855.1999999999999,5,852.89,swap,notBad
3286,5,855.1999999999999,5,852.89,2opt,notBad
3287,5,855.1999999999999,5,852.89,2opt,notBad
3288,5,862.95,5,852.89,swap,acceptBad
3289,5,862.95,5,852.89,move,improve
3290,5,862.95,5,852.89,2opt,notBad
3291,5,862.95,5,852.89,2opt,notBad
3292,5,862.95,5,852.89,swap,notBad
3293,5,861.69,5,852.89,swap,improve
3294,5,861.69,5,852.89,move,improve
3295,5,861.4800000000001,5,852.89,move,improve
3296,5,861.4800000000001,5,852.89,swap,notBad
3297,5,861.3800000000001,5,852.89,swap,improve
3298,5,861.3800000000001,5,852.89,2opt,notBad
3299,5,861.3800000000001,5,852.89,swap,notBad
3300,5,858.6800000000002,5,852.89,move,improve
3301,5,858.6800000000002,5,852.89,2opt,notBad
3302,5,858.6800000000002,5,852.89,move,notBad
3303,5,858.6800000000002,5,852.89,2opt,notBad
3304,5,858.6800000000002,5,852.89,2opt,notBad
3305,5,858.6800000000002,5,852.89,swap,notBad
3306,5,858.6800000000002,5,852.89,move,improve
3307,5,858.6800000000002,5,852.89,swap,notBad
3308,5,858.6800000000002,5,852.89,2opt,notBad
3309,5,858.0800000000003,5,852.89,move,improve
3310,5,858.0800000000003,5,852.89,swap,notBad
3311,5,858.0800000000003,5,852.89,swap,notBad
3312,5,858.0800000000003,5,852.89,2opt,notBad
3313,5,858.0800000000003,5,852.89,swap,notBad
3314,5,858.0800000000003,5,852.89,2opt,notBad
3315,5,858.0800000000003,5,852.89,move,improve
3316,5,858.0800000000003,5,852.89,2opt,improve
3317,5,858.0800000000003,5,852.89,swap,notBad
3318,5,848.9100000000002,5,848.9100000000002,move,newBest
3319,5,847.4000000000001,5,847.4000000000001,move,newBest
3320,5,847.4000000000001,5,847.4000000000001,swap,notBad
3321,5,847.4000000000001,5,847.4000000000001,move,improve
3322,5,847.4000000000001,5,847.4000000000001,swap,notBad
3323,5,847.4000000000001,5,847.4000000000001,swap,notBad
3324,5,847.4000000000001,5,847.4000000000001,swap,notBad
3325,5,847.4000000000001,5,847.4000000000001,2opt,notBad
3326,5,851.9000000000001,5,847.4000000000001,2opt,acceptBad
3327,5,857.9400000000002,5,847.4000000000001,swap,acceptBad
3328,5,857.9400000000002,5,847.4000000000001,swap,notBad
3329,5,857.9400000000002,5,847.4000000000001,2opt,notBad
3330,5,853.9700000000001,5,847.4000000000001,move,improve
3331,5,853.9700000000001,5,847.4000000000001,2opt,notBad
3332,5,853.9700000000001,5,847.4000000000001,2opt,notBad
3333,5,853.9700000000001,5,847.4000000000001,2opt,notBad
3334,5,853.83,5,847.4000000000001,move,improve
3335,5,853.83,5,847.4000000000001,2opt,notBad
3336,5,852.88,5,847.4000000000001,move,improve
3337,5,852.88,5,847.4000000000001,2opt,notBad
3338,5,852.88,5,847.4000000000001,move,improve
3339,5,850.1800000000002,5,847.4000000000001,move,improve
3340,5,850.1800000000002,5,847.4000000000001,2opt,notBad
3341,5,850.1800000000002,5,847.4000000000001,move,improve
3342,5,850.1800000000002,5,847.4000000000001,move,improve
3343,5,850.1800000000002,5,847.4000000000001,2opt,notBad
3344,5,850.1800000000002,5,847.4000000000001,2opt,notBad
3345,5,850.1800000000002,5,847.4000000000001,2opt,notBad
3346,5,850.1800000000002,5,847.4000000000001,swap,notBad
3347,5,850.1800000000002,5,847.4000000000001,move,improve
3348,5,849.2300000000001,5,847.4000000000001,move,improve
3349,5,849.2300000000001,5,847.4000000000001,swap,notBad
3350,5,849.2300000000001,5,847.4000000000001,swap,notBad
3351,5,849.2300000000001,5,847.4000000000001,swap,notBad
3352,5,849.2300000000001,5,847.4000000000001,swap,notBad
3353,5,849.2300000000001,5,847.4000000000001,2opt,notBad
3354,5,849.2300000000001,5,847.4000000000001,move,improve
3355,5,849.2300000000001,5,847.4000000000001,move,improve
3356,5,849.2300000000001,5,847.4000000000001,move,improve
3357,5,847.8200000000002,5,847.4000000000001,move,improve
3358,5,847.8200000000002,5,847.4000000000001,2opt,notBad
3359,5,847.8200000000002,5,847.4000000000001,move,improve
3360,5,846.3800000000001,5,846.3800000000001,move,newBest
3361,5,845.8400000000003,5,845.8400000000003,2opt,newBest
3362,5,845.8400000000003,5,845.8400000000003,swap,notBad
3363,5,845.8400000000003,5,845.8400000000003,2opt,notBad
3364,5,845.8400000000003,5,845.8400000000003,move,improve
3365,5,845.8400000000003,5,845.8400000000003,2opt,notBad
3366,5,845.8400000000003,5,845.8400000000003,move,improve
3367,5,839.9200000000002,5,839.9200000000002,move,newBest
3368,5,839.9200000000002,5,839.9200000000002,swap,notBad
3369,5,839.9200000000002,5,839.9200000000002,2opt,notBad
3370,5,839.9200000000002,5,839.9200000000002,move,improve
3371,5,839.9200000000002,5,839.9200000000002,2opt,notBad
3372,5,839.9200000000002,5,839.9200000000002,move,improve
3373,5,839.9200000000002,5,839.9200000000002,swap,notBad
3374,5,839.9200000000002,5,839.9200000000002,swap,notBad
3375,5,839.9200000000002,5,839.9200000000002,swap,notBad
3376,5,839.9200000000002,5,839.9200000000002,2opt,notBad
3377,5,850.2700000000002,5,839.9200000000002,swap,acceptBad
3378,5,842.9900000000001,5,839.9200000000002,move,improve
3379,5,842.9900000000001,5,839.9200000000002,2opt,notBad
3380,5,842.9900000000001,5,839.9200000000002,swap,notBad
3381,5,837.59,5,837.59,swap,newBest
3382,5,837.59,5,837.59,2opt,improve
3383,5,837.59,5,837.59,swap,notBad
3384,5,837.59,5,837.59,2opt,notBad
3385,5,837.59,5,837.59,move,improve
3386,5,837.59,5,837.59,swap,notBad
3387,5,836.0900000000001,5,836.0900000000001,move,newBest
3388,5,836.0900000000001,5,836.0900000000001,2opt,notBad
3389,5,836.0900000000001,5,836.0900000000001,swap,notBad
3390,5,846.8700000000002,5,836.0900000000001,swap,acceptBad
3391,5,845.3900000000002,5,836.0900000000001,move,improve
3392,5,845.3900000000002,5,836.0900000000001,2opt,notBad
3393,5,845.3900000000002,5,836.0900000000001,swap,notBad
3394,5,845.3900000000002,5,836.0900000000001,2opt,notBad
3395,5,845.3900000000002,5,836.0900000000001,swap,notBad
3396,5,827.6600000000002,5,827.6600000000002,move,newBest
3397,5,827.6600000000002,5,827.6600000000002,2opt,notBad
3398,5,827.6600000000002,5,827.6600000000002,move,improve
3399,5,827.6600000000002,5,827.6600000000002,2opt,notBad
3400,5,841.8200000000002,5,827.6600000000002,swap,acceptBad
3401,5,841.4300000000002,5,827.6600000000002,move,improve
3402,5,841.4300000000002,5,827.6600000000002,swap,notBad
3403,5,841.4300000000002,5,827.6600000000002,2opt,notBad
3404,5,841.4300000000002,5,827.6600000000002,2opt,notBad
3405,5,841.4300000000002,5,827.6600000000002,swap,notBad
3406,5,841.4300000000002,5,827.6600000000002,swap,notBad
3407,5,850.7000000000002,5,827.6600000000002,swap,acceptBad
3408,5,850.7000000000002,5,827.6600000000002,2opt,notBad
3409,5,849.7900000000001,5,827.6600000000002,swap,improve
3410,5,849.7900000000001,5,827.6600000000002,move,improve
3411,5,849.7900000000001,5,827.6600000000002,2opt,notBad
3412,5,849.7900000000001,5,827.6600000000002,swap,notBad
3413,5,849.7900000000001,5,827.6600000000002,2opt,notBad
3414,5,849.7900000000001,5,827.6600000000002,swap,notBad
3415,5,849.7900000000001,5,827.6600000000002,2opt,notBad
3416,5,849.7900000000001,5,827.6600000000002,swap,notBad
3417,5,849.7900000000001,5,827.6600000000002,2opt,notBad
3418,5,848.4400000000002,5,827.6600000000002,move,improve
3419,5,848.4400000000002,5,827.6600000000002,move,improve
3420,5,848.4400000000002,5,827.6600000000002,move,improve
3421,5,848.4400000000002,5,827.6600000000002,2opt,notBad
3422,5,848.4400000000002,5,827.6600000000002,swap,notBad
3423,5,838.7100000000002,5,827.6600000000002,move,improve
3424,5,837.6300000000001,5,827.6600000000002,move,improve
3425,5,837.6300000000001,5,827.6600000000002,move,improve
3426,5,852.4100000000002,5,827.6600000000002,swap,acceptBad
3427,5,852.4100000000002,5,827.6600000000002,swap,notBad
3428,5,868.6100000000001,5,827.6600000000002,swap,acceptBad
3429,5,868.6100000000001,5,827.6600000000002,swap,notBad
3430,5,868.6100000000001,5,827.6600000000002,swap,notBad
3431,5,868.6100000000001,5,827.6600000000002,move,improve
3432,5,868.6100000000001,5,827.6600000000002,swap,notBad
3433,5,868.6100000000001,5,827.6600000000002,2opt,notBad
3434,5,868.6100000000001,5,827.6600000000002,move,improve
3435,5,868.6100000000001,5,827.6600000000002,move,improve
3436,5,868.6100000000001,5,827.6600000000002,swap,notBad
3437,5,868.6100000000001,5,827.6600000000002,move,improve
3438,5,868.6100000000001,5,827.6600000000002,move,improve
3439,5,868.6100000000001,5,827.6600000000002,swap,notBad
3440,5,860.1700000000001,5,827.6600000000002,move,improve
3441,5,860.1700000000001,5,827.6600000000002,2opt,notBad
3442,5,860.1700000000001,5,827.6600000000002,2opt,notBad
3443,5,860.1700000000001,5,827.6600000000002,swap,notBad
3444,5,860.1700000000001,5,827.6600000000002,swap,notBad
3445,5,860.1700000000001,5,827.6600000000002,swap,notBad
3446,5,860.1700000000001,5,827.6600000000002,2opt,notBad
3447,5,860.1700000000001,5,827.6600000000002,move,improve
3448,5,855.6000000000001,5,827.6600000000002,move,improve
3449,5,855.6000000000001,5,827.6600000000002,move,improve
3450,5,855.6000000000001,5,827.6600000000002,2opt,notBad
3451,5,855.6000000000001,5,827.6600000000002,swap,notBad
3452,5,855.6000000000001,5,827.6600000000002,2opt,notBad
3453,5,855.6000000000001,5,827.6600000000002,move,notBad
3454,5,855.6000000000001,5,827.6600000000002,swap,notBad
3455,5,855.6000000000001,5,827.6600000000002,move,improve
3456,5,855.6000000000001,5,827.6600000000002,2opt,notBad
3457,5,855.6000000000001,5,827.6600000000002,move,improve
3458,5,855.6000000000001,5,827.6600000000002,move,improve
3459,5,855.6000000000001,5,827.6600000000002,2opt,notBad
3460,5,855.6000000000001,5,827.6600000000002,move,improve
3461,5,855.6000000000001,5,827.6600000000002,2opt,notBad
3462,5,855.6000000000001,5,827.6600000000002,2opt,notBad
3463,5,855.6000000000001,5,827.6600000000002,move,improve
3464,5,855.6000000000001,5,827.6600000000002,swap,notBad
3465,5,855.6000000000001,5,827.6600000000002,swap,notBad
3466,5,855.6000000000001,5,827.6600000000002,move,notBad
3467,5,855.6000000000001,5,827.6600000000002,swap,notBad
3468,5,855.6000000000001,5,827.6600000000002,swap,notBad
3469,5,855.6000000000001,5,827.6600000000002,move,improve
3470,5,855.6000000000001,5,827.6600000000002,swap,notBad
3471,5,855.6000000000001,5,827.6600000000002,move,improve
3472,5,855.6000000000001,5,827.6600000000002,move,improve
3473,5,850.6000000000001,5,827.6600000000002,move,improve
3474,5,850.6000000000001,5,827.6600000000002,swap,notBad
3475,5,850.6000000000001,5,827.6600000000002,2opt,notBad
3476,5,850.6000000000001,5,827.6600000000002,move,improve
3477,5,850.6000000000001,5,827.6600000000002,swap,notBad
3478,5,850.6000000000001,5,827.6600000000002,move,improve
3479,5,850.6000000000001,5,827.6600000000002,2opt,notBad
3480,5,850.6000000000001,5,827.6600000000002,move,improve
3481,5,850.6000000000001,5,827.6600000000002,2opt,notBad
3482,5,850.6000000000001,5,827.6600000000002,swap,notBad
3483,5,850.6000000000001,5,827.6600000000002,swap,notBad
3484,5,850.6000000000001,5,827.6600000000002,swap,notBad
3485,5,850.6000000000001,5,827.6600000000002,swap,notBad
3486,5,850.6000000000001,5,827.6600000000002,2opt,notBad
3487,5,866.23,5,827.6600000000002,swap,acceptBad
3488,5,866.23,5,827.6600000000002,move,notBad
3489,5,866.23,5,827.6600000000002,swap,notBad
3490,5,864.7,5,827.6600000000002,swap,improve
3491,5,864.7,5,827.6600000000002,move,notBad
3492,5,864.7,5,827.6600000000002,swap,notBad
3493,5,864.7,5,827.6600000000002,swap,notBad
3494,5,864.7,5,827.6600000000002,2opt,notBad
3495,5,864.7,5,827.6600000000002,2opt,notBad
3496,5,864.7,5,827.6600000000002,move,improve
3497,5,859.57,5,827.6600000000002,move,improve
3498,5,850.57,5,827.6600000000002,move,improve
3499,5,850.57,5,827.6600000000002,2opt,notBad
3500,5,850.57,5,827.6600000000002,move,improve
3501,5,850.57,5,827.6600000000002,swap,notBad
3502,5,850.57,5,827.6600000000002,2opt,notBad
3503,5,850.57,5,827.6600000000002,2opt,notBad
3504,5,846.1600000000001,5,827.6600000000002,move,improve
3505,5,846.1600000000001,5,827.6600000000002,swap,notBad
3506,5,846.1600000000001,5,827.6600000000002,2opt,notBad
3507,5,829.9600000000002,5,827.6600000000002,swap,improve
3508,5,829.9600000000002,5,827.6600000000002,2opt,notBad
3509,5,829.9600000000002,5,827.6600000000002,swap,notBad
3510,5,829.9600000000002,5,827.6600000000002,2opt,notBad
3511,5,829.9600000000002,5,827.6600000000002,move,improve
3512,5,841.1200000000001,5,827.6600000000002,swap,acceptBad
3513,5,841.1200000000001,5,827.6600000000002,swap,notBad
3514,5,841.1200000000001,5,827.6600000000002,move,improve
3515,5,841.1200000000001,5,827.6600000000002,move,improve
3516,5,841.1200000000001,5,827.6600000000002,2opt,notBad
3517,5,841.1200000000001,5,827.6600000000002,swap,notBad
3518,5,841.1200000000001,5,827.6600000000002,move,improve
3519,5,841.1200000000001,5,827.6600000000002,swap,notBad
3520,5,841.1200000000001,5,827.6600000000002,move,improve
3521,5,841.1200000000001,5,827.6600000000002,move,improve
3522,5,841.1200000000001,5,827.6600000000002,2opt,notBad
3523,5,841.1200000000001,5,827.6600000000002,2opt,notBad
3524,5,841.1200000000001,5,827.6600000000002,2opt,notBad
3525,5,841.1200000000001,5,827.6600000000002,2opt,notBad
3526,5,841.1200000000001,5,827.6600000000002,2opt,notBad
3527,5,841.1200000000001,5,827.6600000000002,2opt,notBad
3528,5,841.1200000000001,5,827.6600000000002,move,improve
3529,5,841.1200000000001,5,827.6600000000002,2opt,notBad
3530,5,841.1200000000001,5,827.6600000000002,move,improve
3531,5,834.5600000000003,5,827.6600000000002,move,improve
3532,5,834.5600000000003,5,827.6600000000002,swap,notBad
3533,5,832.2700000000002,5,827.6600000000002,move,improve
3534,5,832.2700000000002,5,827.6600000000002,2opt,notBad
3535,5,832.2700000000002,5,827.6600000000002,2opt,notBad
3536,5,832.2700000000002,5,827.6600000000002,move,improve
3537,5,832.2700000000002,5,827.6600000000002,move,improve
3538,5,832.2700000000002,5,827.6600000000002,2opt,notBad
3539,5,832.2700000000002,5,827.6600000000002,move,improve
3540,5,832.2700000000002,5,827.6600000000002,swap,notBad
3541,5,832.2700000000002,5,827.6600000000002,move,improve
3542,5,832.2700000000002,5,827.6600000000002,move,improve
3543,5,832.2700000000002,5,827.6600000000002,2opt,notBad
3544,5,832.2700000000002,5,827.6600000000002,swap,notBad
3545,5,832.2700000000002,5,827.6600000000002,2opt,notBad
3546,5,827.7600000000001,5,827.6600000000002,move,improve
3547,5,827.7600000000001,5,827.6600000000002,2opt,notBad
3548,5,827.7600000000001,5,827.6600000000002,swap,notBad
3549,5,827.7600000000001,5,827.6600000000002,2opt,notBad
3550,5,827.7600000000001,5,827.6600000000002,swap,notBad
3551,5,827.7600000000001,5,827.6600000000002,swap,notBad
3552,5,828.7600000000002,5,827.6600000000002,swap,acceptBad
3553,5,828.7600000000002,5,827.6600000000002,2opt,notBad
3554,5,828.7600000000002,5,827.6600000000002,2opt,notBad
3555,5,828.7600000000002,5,827.6600000000002,2opt,notBad
3556,5,828.7600000000002,5,827.6600000000002,move,improve
3557,5,828.7600000000002,5,827.6600000000002,move,improve
3558,5,828.7600000000002,5,827.6600000000002,swap,notBad
3559,5,828.7600000000002,5,827.6600000000002,2opt,notBad
3560,5,828.7600000000002,5,827.6600000000002,move,improve
3561,5,828.7600000000002,5,827.6600000000002,move,improve
3562,5,828.7600000000002,5,827.6600000000002,move,improve
3563,5,828.7600000000002,5,827.6600000000002,2opt,notBad
3564,5,828.7600000000002,5,827.6600000000002,2opt,notBad
3565,5,828.7600000000002,5,827.6600000000002,move,improve
3566,5,828.7600000000002,5,827.6600000000002,2opt,notBad
3567,5,828.7600000000002,5,827.6600000000002,swap,notBad
3568,5,828.7600000000002,5,827.6600000000002,move,improve
3569,5,828.7600000000002,5,827.6600000000002,2opt,notBad
3570,5,828.7600000000002,5,827.6600000000002,2opt,improve
3571,5,812.3200000000002,5,812.3200000000002,move,newBest
3572,5,812.3200000000002,5,812.3200000000002,2opt,notBad
3573,5,812.3200000000002,5,812.3200000000002,2opt,notBad
3574,5,812.3200000000002,5,812.3200000000002,2opt,notBad
3575,5,812.3200000000002,5,812.3200000000002,2opt,notBad
3576,5,812.3200000000002,5,812.3200000000002,swap,notBad
3577,5,812.3200000000002,5,812.3200000000002,move,improve
3578,5,812.3200000000002,5,812.3200000000002,move,improve
3579,5,788.4700000000001,5,788.4700000000001,move,newBest
3580,5,788.4700000000001,5,788.4700000000001,swap,notBad
3581,5,788.4700000000001,5,788.4700000000001,2opt,improve
3582,5,788.4700000000001,5,788.4700000000001,move,improve
3583,5,788.4700000000001,5,788.4700000000001,swap,notBad
3584,5,788.4700000000001,5,788.4700000000001,move,improve
3585,5,788.4700000000001,5,788.4700000000001,2opt,notBad
3586,5,788.4700000000001,5,788.4700000000001,move,improve
3587,5,788.4700000000001,5,788.4700000000001,swap,notBad
3588,5,788.4700000000001,5,788.4700000000001,2opt,notBad
3589,5,788.4700000000001,5,788.4700000000001,2opt,notBad
3590,5,788.4700000000001,5,788.4700000000001,move,improve
3591,5,788.4700000000001,5,788.4700000000001,2opt,notBad
3592,5,788.4700000000001,5,788.4700000000001,move,improve
3593,5,788.4700000000001,5,788.4700000000001,move,improve
3594,5,788.4700000000001,5,788.4700000000001,move,improve
3595,5,788.4700000000001,5,788.4700000000001,move,improve
3596,5,788.4700000000001,5,788.4700000000001,swap,notBad
3597,5,788.4700000000001,5,788.4700000000001,swap,notBad
3598,5,788.4700000000001,5,788.4700000000001,2opt,notBad
3599,5,788.4700000000001,5,788.4700000000001,swap,notBad
3600,5,788.4700000000001,5,788.4700000000001,swap,notBad
3601,5,788.4700000000001,5,788.4700000000001,move,improve
3602,5,788.4700000000001,5,788.4700000000001,2opt,notBad
3603,5,788.4700000000001,5,788.4700000000001,move,improve
3604,5,788.4700000000001,5,788.4700000000001,move,improve
3605,5,788.4700000000001,5,788.4700000000001,2opt,notBad
3606,5,788.4700000000001,5,788.4700000000001,2opt,improve
3607,5,788.4700000000001,5,788.4700000000001,move,improve
3608,5,788.4700000000001,5,788.4700000000001,swap,notBad
3609,5,788.4700000000001,5,788.4700000000001,swap,notBad
3610,5,786.5300000000001,5,786.5300000000001,move,newBest
3611,5,786.5300000000001,5,786.5300000000001,move,improve
3612,5,786.5300000000001,5,786.5300000000001,move,improve
3613,5,786.5300000000001,5,786.5300000000001,swap,notBad
3614,5,786.5300000000001,5,786.5300000000001,2opt,notBad
3615,5,791.8000000000002,5,786.5300000000001,swap,acceptBad
3616,5,791.8000000000002,5,786.5300000000001,swap,notBad
3617,5,791.8000000000002,5,786.5300000000001,2opt,notBad
3618,5,791.8000000000002,5,786.5300000000001,2opt,notBad
3619,5,791.8000000000002,5,786.5300000000001,2opt,notBad
3620,5,791.8000000000002,5,786.5300000000001,swap,notBad
3621,5,791.8000000000002,5,786.5300000000001,2opt,notBad
3622,5,798.0500000000001,5,786.5300000000001,swap,acceptBad
3623,5,807.7200000000003,5,786.5300000000001,swap,acceptBad
3624,5,807.7200000000003,5,786.5300000000001,2opt,notBad
3625,5,807.7200000000003,5,786.5300000000001,2opt,notBad
3626,5,807.7200000000003,5,786.5300000000001,move,improve
3627,5,807.7200000000003,5,786.5300000000001,2opt,improve
3628,5,807.7200000000003,5,786.5300000000001,swap,notBad
3629,5,806.2500000000002,5,786.5300000000001,move,improve
3630,5,806.2500000000002,5,786.5300000000001,2opt,notBad
3631,5,806.2500000000002,5,786.5300000000001,move,improve
3632,5,806.2500000000002,5,786.5300000000001,swap,notBad
3633,5,806.2500000000002,5,786.5300000000001,swap,notBad
3634,5,806.2500000000002,5,786.5300000000001,move,improve
3635,5,802.7100000000002,5,786.5300000000001,swap,improve
3636,5,802.7100000000002,5,786.5300000000001,2opt,improve
3637,5,802.7100000000002,5,786.5300000000001,2opt,notBad
3638,5,802.7100000000002,5,786.5300000000001,2opt,notBad
3639,5,802.7100000000002,5,786.5300000000001,swap,notBad
3640,5,802.7100000000002,5,786.5300000000001,move,improve
3641,5,802.7100000000002,5,786.5300000000001,swap,notBad
3642,5,802.7100000000002,5,786.5300000000001,2opt,notBad
3643,5,802.7100000000002,5,786.5300000000001,move,improve
3644,5,802.7100000000002,5,786.5300000000001,swap,notBad
3645,5,802.7100000000002,5,786.5300000000001,2opt,notBad
3646,5,800.7700000000001,5,786.5300000000001,move,improve
3647,5,800.7700000000001,5,786.5300000000001,move,improve
3648,5,800.7700000000001,5,786.5300000000001,swap,notBad
3649,5,799.1300000000002,5,786.5300000000001,move,improve
3650,5,799.1300000000002,5,786.5300000000001,2opt,notBad
3651,5,799.1300000000002,5,786.5300000000001,swap,notBad
3652,5,799.1300000000002,5,786.5300000000001,2opt,notBad
3653,5,799.1300000000002,5,786.5300000000001,swap,notBad
3654,5,799.1300000000002,5,786.5300000000001,swap,notBad
3655,5,799.1300000000002,5,786.5300000000001,move,improve
3656,5,799.1300000000002,5,786.5300000000001,swap,notBad
3657,5,799.1300000000002,5,786.5300000000001,swap,notBad
3658,5,799.1300000000002,5,786.5300000000001,2opt,notBad
3659,5,799.1300000000002,5,786.5300000000001,2opt,notBad
3660,5,799.1300000000002,5,786.5300000000001,2opt,notBad
3661,5,799.1300000000002,5,786.5300000000001,move,improve
3662,5,799.1300000000002,5,786.5300000000001,swap,notBad
3663,5,799.1300000000002,5,786.5300000000001,2opt,notBad
3664,5,799.1300000000002,5,786.5300000000001,2opt,notBad
3665,5,799.1300000000002,5,786.5300000000001,2opt,notBad
3666,5,799.1300000000002,5,786.5300000000001,move,improve
3667,5,799.1300000000002,5,786.5300000000001,2opt,notBad
3668,5,799.1300000000002,5,786.5300000000001,2opt,notBad
3669,5,809.5,5,786.5300000000001,swap,acceptBad
3670,5,809.5,5,786.5300000000001,2opt,notBad
3671,5,809.5,5,786.5300000000001,move,improve
3672,5,804.0300000000001,5,786.5300000000001,move,improve
3673,5,804.0300000000001,5,786.5300000000001,2opt,notBad
3674,5,804.0300000000001,5,786.5300000000001,swap,notBad
3675,5,804.0300000000001,5,786.5300000000001,2opt,notBad
3676,5,804.0300000000001,5,786.5300000000001,move,improve
3677,5,804.0300000000001,5,786.5300000000001,2opt,notBad
3678,5,804.0300000000001,5,786.5300000000001,swap,notBad
3679,5,804.0300000000001,5,786.5300000000001,2opt,notBad
3680,5,804.0300000000001,5,786.5300000000001,move,improve
3681,5,804.0300000000001,5,786.5300000000001,swap,notBad
3682,5,804.0300000000001,5,786.5300000000001,2opt,notBad
3683,5,804.0300000000001,5,786.5300000000001,move,improve
3684,5,804.0300000000001,5,786.5300000000001,2opt,notBad
3685,5,804.0300000000001,5,786.5300000000001,swap,notBad
3686,5,804.0300000000001,5,786.5300000000001,swap,notBad
3687,5,804.0300000000001,5,786.5300000000001,move,improve
3688,5,815.0799999999999,5,786.5300000000001,swap,acceptBad
3689,5,815.0799999999999,5,786.5300000000001,2opt,notBad
3690,5,818.38,5,786.5300000000001,swap,acceptBad
3691,5,818.38,5,786.5300000000001,move,improve
3692,5,818.38,5,786.5300000000001,swap,notBad
3693,5,818.38,5,786.5300000000001,2opt,notBad
3694,5,818.38,5,786.5300000000001,swap,notBad
3695,5,818.38,5,786.5300000000001,2opt,notBad
3696,5,818.38,5,786.5300000000001,swap,notBad
3697,5,807.9199999999998,5,786.5300000000001,move,improve
3698,5,807.9199999999998,5,786.5300000000001,swap,notBad
3699,5,807.9199999999998,5,786.5300000000001,swap,notBad
3700,5,803.06,5,786.5300000000001,move,improve
3701,5,803.06,5,786.5300000000001,2opt,improve
3702,5,802.43,5,786.5300000000001,move,improve
3703,5,802.43,5,786.5300000000001,swap,notBad
3704,5,802.43,5,786.5300000000001,move,improve
3705,5,802.43,5,786.5300000000001,swap,notBad
3706,5,801.26,5,786.5300000000001,move,improve
3707,5,801.26,5,786.5300000000001,2opt,notBad
3708,5,801.26,5,786.5300000000001,swap,notBad
3709,5,801.26,5,786.5300000000001,swap,notBad
3710,5,801.26,5,786.5300000000001,move,improve
3711,5,801.26,5,786.5300000000001,move,improve
3712,5,801.26,5,786.5300000000001,2opt,notBad
3713,5,801.26,5,786.5300000000001,move,improve
3714,5,801.26,5,786.5300000000001,2opt,notBad
3715,5,801.26,5,786.5300000000001,move,improve
3716,5,807.02,5,786.5300000000001,swap,acceptBad
3717,5,807.02,5,786.5300000000001,move,improve
3718,5,807.02,5,786.5300000000001,move,improve
3719,5,807.02,5,786.5300000000001,swap,notBad
3720,5,807.02,5,786.5300000000001,swap,notBad
3721,5,807.02,5,786.5300000000001,2opt,notBad
3722,5,807.02,5,786.5300000000001,swap,notBad
3723,5,807.02,5,786.5300000000001,2opt,notBad
3724,5,807.02,5,786.5300000000001,move,improve
3725,5,807.02,5,786.5300000000001,2opt,notBad
3726,5,807.02,5,786.5300000000001,2opt,notBad
3727,5,807.02,5,786.5300000000001,2opt,notBad
3728,5,806.66,5,786.5300000000001,move,improve
3729,5,797.9300000000001,5,786.5300000000001,move,improve
3730,5,797.9300000000001,5,786.5300000000001,2opt,notBad
3731,5,805.35,5,786.5300000000001,swap,acceptBad
3732,5,805.35,5,786.5300000000001,move,improve
3733,5,805.35,5,786.5300000000001,swap,notBad
3734,5,805.35,5,786.5300000000001,2opt,notBad
3735,5,805.35,5,786.5300000000001,swap,notBad
3736,5,805.35,5,786.5300000000001,swap,notBad
3737,5,805.35,5,786.5300000000001,move,improve
3738,4,787.1099999999999,4,787.1099999999999,2opt,newBest
3739,4,787.1099999999999,4,787.1099999999999,2opt,notBad
3740,4,785.4899999999998,4,785.4899999999998,move,newBest
3741,4,785.4899999999998,4,785.4899999999998,2opt,notBad
3742,4,785.4899999999998,4,785.4899999999998,move,improve
3743,4,785.4899999999998,4,785.4899999999998,move,improve
3744,4,785.4899999999998,4,785.4899999999998,2opt,notBad
3745,4,786.0299999999999,4,785.4899999999998,swap,acceptBad
3746,4,786.0299999999999,4,785.4899999999998,move,improve
3747,4,786.0299999999999,4,785.4899999999998,swap,notBad
3748,4,787.7399999999998,4,785.4899999999998,swap,acceptBad
3749,4,784.4399999999998,4,784.4399999999998,move,newBest
3750,4,784.4399999999998,4,784.4399999999998,swap,notBad
3751,4,784.4399999999998,4,784.4399999999998,swap,notBad
3752,4,784.4399999999998,4,784.4399999999998,move,improve
3753,4,784.4399999999998,4,784.4399999999998,2opt,notBad
3754,4,784.4399999999998,4,784.4399999999998,move,improve
3755,4,784.4399999999998,4,784.4399999999998,swap,notBad
3756,4,783.3999999999999,4,783.3999999999999,move,newBest
3757,4,783.3999999999999,4,783.3999999999999,2opt,notBad
3758,4,783.3999999999999,4,783.3999999999999,2opt,notBad
3759,4,783.3999999999999,4,783.3999999999999,2opt,notBad
3760,4,783.3999999999999,4,783.3999999999999,swap,notBad
3761,4,788.0399999999998,4,783.3999999999999,swap,acceptBad
3762,4,788.0399999999998,4,783.3999999999999,move,improve
3763,4,788.0399999999998,4,783.3999999999999,swap,notBad
3764,4,788.0399999999998,4,783.3999999999999,swap,notBad
3765,4,788.0399999999998,4,783.3999999999999,2opt,notBad
3766,4,788.0399999999998,4,783.3999999999999,move,improve
3767,4,788.0399999999998,4,783.3999999999999,move,improve
3768,4,788.0399999999998,4,783.3999999999999,swap,notBad
3769,4,788.0399999999998,4,783.3999999999999,move,improve
3770,4,788.0399999999998,4,783.3999999999999,2opt,notBad
3771,4,788.0399999999998,4,783.3999999999999,move,improve
3772,4,788.0399999999998,4,783.3999999999999,swap,notBad
3773,4,788.0399999999998,4,783.3999999999999,swap,notBad
3774,4,788.0399999999998,4,783.3999999999999,2opt,notBad
3775,4,788.0399999999998,4,783.3999999999999,swap,notBad
3776,4,796.4499999999999,4,783.3999999999999,move,acceptBad
3777,4,796.4499999999999,4,783.3999999999999,2opt,notBad
3778,4,796.4499999999999,4,783.3999999999999,2opt,notBad
3779,4,796.4499999999999,4,783.3999999999999,2opt,notBad
3780,4,796.4499999999999,4,783.3999999999999,2opt,notBad
3781,4,796.4499999999999,4,783.3999999999999,move,improve
3782,4,792.3,4,783.3999999999999,move,improve
3783,4,792.3,4,783.3999999999999,move,improve
3784,4,792.3,4,783.3999999999999,swap,notBad
3785,4,792.3,4,783.3999999999999,2opt,notBad
3786,4,792.3,4,783.3999999999999,2opt,notBad
3787,4,792.3,4,783.3999999999999,2opt,notBad
3788,4,792.3,4,783.3999999999999,2opt,notBad
3789,4,790.5899999999999,4,783.3999999999999,move,improve
3790,4,790.5899999999999,4,783.3999999999999,swap,notBad
3791,4,790.5899999999999,4,783.3999999999999,swap,notBad
3792,4,790.5899999999999,4,783.3999999999999,swap,notBad
3793,4,790.5899999999999,4,783.3999999999999,swap,notBad
3794,4,790.5899999999999,4,783.3999999999999,swap,notBad
3795,4,790.5899999999999,4,783.3999999999999,swap,notBad
3796,4,790.5899999999999,4,783.3999999999999,2opt,notBad
3797,4,790.5899999999999,4,783.3999999999999,move,improve
3798,4,790.5899999999999,4,783.3999999999999,2opt,notBad
3799,4,790.5899999999999,4,783.3999999999999,move,improve
3800,4,790.5899999999999,4,783.3999999999999,2opt,notBad
3801,4,790.5899999999999,4,783.3999999999999,move,improve
3802,4,790.5899999999999,4,783.3999999999999,swap,notBad
3803,4,790.5899999999999,4,783.3999999999999,move,improve
3804,4,790.5899999999999,4,783.3999999999999,2opt,notBad
3805,4,790.5899999999999,4,783.3999999999999,swap,notBad
3806,4,805.31,4,783.3999999999999,swap,acceptBad
3807,4,805.31,4,783.3999999999999,swap,notBad
3808,4,805.31,4,783.3999999999999,2opt,notBad
3809,4,805.31,4,783.3999999999999,2opt,notBad
3810,4,805.31,4,783.3999999999999,2opt,notBad
3811,4,805.31,4,783.3999999999999,swap,notBad
3812,4,810.08,4,783.3999999999999,2opt,acceptBad
3813,4,810.08,4,783.3999999999999,move,improve
3814,4,810.08,4,783.3999999999999,swap,notBad
3815,4,810.08,4,783.3999999999999,swap,notBad
3816,4,810.08,4,783.3999999999999,2opt,notBad
3817,4,810.08,4,783.3999999999999,swap,notBad
3818,4,810.08,4,783.3999999999999,swap,notBad
3819,4,810.08,4,783.3999999999999,2opt,notBad
3820,4,799.9199999999998,4,783.3999999999999,move,improve
3821,4,799.9199999999998,4,783.3999999999999,move,improve
3822,4,795.28,4,783.3999999999999,move,improve
3823,4,805.4499999999999,4,783.3999999999999,swap,acceptBad
3824,4,805.4499999999999,4,783.3999999999999,swap,notBad
3825,4,805.4499999999998,4,783.3999999999999,move,improve
3826,4,805.4499999999998,4,783.3999999999999,swap,notBad
3827,4,805.4499999999998,4,783.3999999999999,swap,notBad
3828,4,804.4699999999998,4,783.3999999999999,move,improve
3829,4,804.4699999999998,4,783.3999999999999,swap,notBad
3830,4,804.4699999999998,4,783.3999999999999,move,improve
3831,4,804.4699999999998,4,783.3999999999999,swap,notBad
3832,4,804.4699999999998,4,783.3999999999999,swap,notBad
3833,4,805.2899999999997,4,783.3999999999999,swap,acceptBad
3834,4,805.2899999999997,4,783.3999999999999,swap,notBad
3835,4,805.2899999999997,4,783.3999999999999,swap,notBad
3836,4,805.2899999999997,4,783.3999999999999,swap,notBad
3837,4,805.2899999999997,4,783.3999999999999,swap,notBad
3838,4,805.2899999999997,4,783.3999999999999,2opt,notBad
3839,4,805.2899999999997,4,783.3999999999999,2opt,notBad
3840,4,805.2899999999997,4,783.3999999999999,swap,notBad
3841,4,805.2899999999997,4,783.3999999999999,2opt,notBad
3842,4,805.2899999999997,4,783.3999999999999,2opt,notBad
3843,4,805.2899999999997,4,783.3999999999999,swap,notBad
3844,4,805.1299999999998,4,783.3999999999999,move,improve
3845,4,805.1299999999998,4,783.3999999999999,2opt,notBad
3846,4,805.1299999999998,4,783.3999999999999,move,improve
3847,4,805.1299999999998,4,783.3999999999999,2opt,notBad
3848,4,811.9699999999998,4,783.3999999999999,swap,acceptBad
3849,4,811.7299999999998,4,783.3999999999999,swap,improve
3850,4,811.7299999999998,4,783.3999999999999,swap,notBad
3851,4,811.7299999999998,4,783.3999999999999,move,improve
3852,4,811.7299999999998,4,783.3999999999999,move,improve
3853,4,811.7299999999998,4,783.3999999999999,swap,notBad
3854,4,811.7299999999998,4,783.3999999999999,move,improve
3855,4,811.7299999999998,4,783.3999999999999,move,improve
3856,4,811.7299999999998,4,783.3999999999999,swap,notBad
3857,4,811.7299999999998,4,783.3999999999999,swap,notBad
3858,4,811.7299999999998,4,783.3999999999999,move,improve
3859,4,813.0799999999998,4,783.3999999999999,swap,acceptBad
3860,4,804.7999999999998,4,783.3999999999999,move,improve
3861,4,803.4499999999998,4,783.3999999999999,move,improve
3862,4,803.4499999999998,4,783.3999999999999,swap,notBad
3863,4,803.4499999999998,4,783.3999999999999,swap,notBad
3864,4,799.2199999999999,4,783.3999999999999,move,improve
3865,4,799.2199999999999,4,783.3999999999999,swap,notBad
3866,4,792.79,4,783.3999999999999,move,improve
3867,4,791.7900000000001,4,783.3999999999999,move,improve
3868,4,793.4899999999999,4,783.3999999999999,swap,acceptBad
3869,4,793.4899999999999,4,783.3999999999999,2opt,notBad
3870,4,793.4899999999999,4,783.3999999999999,swap,notBad
3871,4,793.4899999999999,4,783.3999999999999,swap,notBad
3872,4,793.4899999999999,4,783.3999999999999,swap,notBad
3873,4,793.4899999999999,4,783.3999999999999,swap,notBad
3874,4,791.9899999999999,4,783.3999999999999,move,improve
3875,4,791.9899999999999,4,783.3999999999999,swap,notBad
3876,4,791.9899999999999,4,783.3999999999999,swap,notBad
3877,4,791.9899999999999,4,783.3999999999999,move,improve
3878,4,791.9899999999999,4,783.3999999999999,swap,notBad
3879,4,791.9899999999999,4,783.3999999999999,swap,notBad
3880,4,791.9899999999999,4,783.3999999999999,move,improve
3881,4,785.89,4,783.3999999999999,move,improve
3882,4,781.79,4,781.79,move,newBest
3883,4,781.79,4,781.79,2opt,notBad
3884,4,781.79,4,781.79,swap,notBad
3885,4,783.23,4,781.79,swap,acceptBad
3886,4,783.23,4,781.79,swap,notBad
3887,4,783.23,4,781.79,2opt,improve
3888,4,783.23,4,781.79,2opt,notBad
3889,4,783.23,4,781.79,swap,notBad
3890,4,783.23,4,781.79,swap,notBad
3891,4,783.23,4,781.79,2opt,notBad
3892,4,783.23,4,781.79,swap,notBad
3893,4,783.23,4,781.79,swap,notBad
3894,4,783.23,4,781.79,2opt,notBad
3895,4,783.23,4,781.79,swap,notBad
3896,4,783.23,4,781.79,2opt,notBad
3897,4,783.23,4,781.79,swap,notBad
3898,4,783.23,4,781.79,2opt,notBad
3899,4,783.23,4,781.79,2opt,notBad
3900,4,783.23,4,781.79,2opt,notBad
3901,4,783.23,4,781.79,move,improve
3902,4,783.23,4,781.79,2opt,notBad
3903,4,782.8699999999999,4,781.79,move,improve
3904,4,782.8699999999999,4,781.79,2opt,notBad
3905,4,782.8699999999999,4,781.79,move,improve
3906,4,797.39,4,781.79,swap,acceptBad
3907,4,799.7499999999999,4,781.79,move,acceptBad
3908,4,799.7499999999999,4,781.79,move,improve
3909,4,797.7099999999998,4,781.79,move,improve
3910,4,797.7099999999998,4,781.79,swap,notBad
3911,4,797.7099999999998,4,781.79,2opt,notBad
3912,4,797.7099999999998,4,781.79,2opt,notBad
3913,4,797.7099999999998,4,781.79,2opt,notBad
3914,4,806.4399999999998,4,781.79,swap,acceptBad
3915,4,806.4399999999998,4,781.79,swap,notBad
3916,4,806.4399999999998,4,781.79,2opt,notBad
3917,4,806.4399999999998,4,781.79,2opt,notBad
3918,4,803.4299999999998,4,781.79,move,improve
3919,4,803.4299999999998,4,781.79,2opt,notBad
3920,4,803.4299999999998,4,781.79,swap,notBad
3921,4,803.4299999999998,4,781.79,move,improve
3922,4,800.8499999999999,4,781.79,move,improve
3923,4,800.8499999999999,4,781.79,2opt,notBad
3924,4,800.8499999999999,4,781.79,move,improve
3925,4,791.9399999999998,4,781.79,move,improve
3926,4,791.9399999999998,4,781.79,swap,notBad
3927,4,785.4599999999998,4,781.79,move,improve
3928,4,785.4599999999998,4,781.79,2opt,notBad
3929,4,783.53,4,781.79,move,improve
3930,4,783.53,4,781.79,move,improve
3931,4,783.53,4,781.79,swap,notBad
3932,4,778.8499999999999,4,778.8499999999999,move,newBest
3933,4,778.8499999999999,4,778.8499999999999,2opt,notBad
3934,4,778.8499999999999,4,778.8499999999999,2opt,notBad
3935,4,776.0799999999999,4,776.0799999999999,move,newBest
3936,4,776.0799999999999,4,776.0799999999999,swap,notBad
3937,4,776.0799999999999,4,776.0799999999999,swap,notBad
3938,4,776.0799999999999,4,776.0799999999999,swap,notBad
3939,4,776.0799999999999,4,776.0799999999999,move,improve
3940,4,776.0799999999999,4,776.0799999999999,2opt,notBad
3941,4,776.0799999999999,4,776.0799999999999,move,improve
3942,4,776.0799999999999,4,776.0799999999999,2opt,notBad
3943,4,776.0799999999999,4,776.0799999999999,move,improve
3944,4,776.0799999999999,4,776.0799999999999,2opt,notBad
3945,4,776.0799999999999,4,776.0799999999999,move,improve
3946,4,786.64,4,776.0799999999999,swap,acceptBad
3947,4,786.64,4,776.0799999999999,move,improve
3948,4,786.64,4,776.0799999999999,2opt,notBad
3949,4,784.52,4,776.0799999999999,move,improve
3950,4,784.52,4,776.0799999999999,2opt,notBad
3951,4,784.52,4,776.0799999999999,2opt,notBad
3952,4,784.52,4,776.0799999999999,2opt,notBad
3953,4,784.52,4,776.0799999999999,swap,notBad
3954,4,784.52,4,776.0799999999999,2opt,notBad
3955,4,784.52,4,776.0799999999999,move,improve
3956,4,784.52,4,776.0799999999999,swap,notBad
3957,4,784.52,4,776.0799999999999,move,improve
3958,4,791.66,4,776.0799999999999,swap,acceptBad
3959,4,791.66,4,776.0799999999999,swap,notBad
3960,4,790.47,4,776.0799999999999,move,improve
3961,4,790.47,4,776.0799999999999,2opt,notBad
3962,4,790.47,4,776.0799999999999,swap,notBad
3963,4,790.47,4,776.0799999999999,2opt,notBad
3964,4,790.47,4,776.0799999999999,move,improve
3965,4,788.8499999999999,4,776.0799999999999,move,improve
3966,4,788.8499999999999,4,776.0799999999999,2opt,notBad
3967,4,788.8499999999999,4,776.0799999999999,2opt,notBad
3968,4,788.8499999999999,4,776.0799999999999,2opt,notBad
3969,4,787.2299999999998,4,776.0799999999999,move,improve
3970,4,787.2299999999998,4,776.0799999999999,2opt,notBad
3971,4,787.2299999999998,4,776.0799999999999,move,improve
3972,4,783.39,4,776.0799999999999,move,improve
3973,4,783.39,4,776.0799999999999,2opt,notBad
3974,4,783.39,4,776.0799999999999,2opt,notBad
3975,4,783.39,4,776.0799999999999,swap,notBad
3976,4,783.39,4,776.0799999999999,swap,notBad
3977,4,783.39,4,776.0799999999999,2opt,notBad
3978,4,777.7999999999998,4,776.0799999999999,move,improve
3979,4,777.7999999999998,4,776.0799999999999,swap,notBad
3980,4,777.7999999999998,4,776.0799999999999,swap,notBad
3981,4,777.7999999999998,4,776.0799999999999,swap,notBad
3982,4,777.7999999999998,4,776.0799999999999,swap,notBad
3983,4,777.7999999999998,4,776.0799999999999,move,improve
3984,4,777.7999999999998,4,776.0799999999999,swap,notBad
3985,4,777.7999999999998,4,776.0799999999999,2opt,notBad
3986,4,769.3999999999997,4,769.3999999999997,move,newBest
3987,4,769.3999999999997,4,769.3999999999997,move,improve
3988,4,769.3999999999997,4,769.3999999999997,2opt,notBad
3989,4,769.3999999999997,4,769.3999999999997,2opt,notBad
3990,4,769.3999999999997,4,769.3999999999997,2opt,notBad
3991,4,769.3999999999997,4,769.3999999999997,2opt,notBad
3992,4,769.3999999999997,4,769.3999999999997,move,improve
3993,4,769.3999999999997,4,769.3999999999997,swap,notBad
3994,4,782.3599999999998,4,769.3999999999997,swap,acceptBad
3995,4,782.3599999999998,4,769.3999999999997,move,improve
3996,4,782.3599999999998,4,769.3999999999997,swap,notBad
3997,4,782.3599999999998,4,769.3999999999997,2opt,notBad
3998,4,782.3599999999998,4,769.3999999999997,move,improve
3999,4,782.3599999999998,4,769.3999999999997,swap,notBad
4000,4,782.3599999999998,4,769.3999999999997,swap,notBad
4001,4,782.3599999999998,4,769.3999999999997,2opt,notBad
4002,4,790.4299999999998,4,769.3999999999997,swap,acceptBad
4003,4,790.4299999999998,4,769.3999999999997,move,improve
4004,4,790.4299999999998,4,769.3999999999997,move,improve
4005,4,790.4299999999998,4,769.3999999999997,2opt,notBad
4006,4,790.4299999999998,4,769.3999999999997,2opt,notBad
4007,4,790.4299999999998,4,769.3999999999997,swap,notBad
4008,4,790.4299999999998,4,769.3999999999997,2opt,notBad
4009,4,790.4299999999998,4,769.3999999999997,move,improve
4010,4,790.4299999999998,4,769.3999999999997,2opt,improve
4011,4,786.8699999999999,4,769.3999999999997,move,improve
4012,4,782.05,4,769.3999999999997,move,improve
4013,4,782.05,4,769.3999999999997,move,improve
4014,4,782.05,4,769.3999999999997,2opt,notBad
4015,4,782.05,4,769.3999999999997,move,improve
4016,4,782.05,4,769.3999999999997,swap,notBad
4017,4,782.05,4,769.3999999999997,move,improve
4018,4,780.5199999999999,4,769.3999999999997,move,improve
4019,4,778.3199999999998,4,769.3999999999997,move,improve
4020,4,778.3199999999998,4,769.3999999999997,swap,notBad
4021,4,778.3199999999998,4,769.3999999999997,move,improve
4022,4,778.3199999999998,4,769.3999999999997,swap,notBad
4023,4,778.3199999999998,4,769.3999999999997,2opt,notBad
4024,4,778.3199999999998,4,769.3999999999997,move,improve
4025,4,778.3199999999998,4,769.3999999999997,2opt,notBad
4026,4,778.3199999999998,4,769.3999999999997,swap,notBad
4027,4,778.3199999999998,4,769.3999999999997,2opt,notBad
4028,4,778.3199999999998,4,769.3999999999997,swap,notBad
4029,4,778.3199999999998,4,769.3999999999997,2opt,notBad
4030,4,787.5699999999998,4,769.3999999999997,swap,acceptBad
4031,4,787.5699999999998,4,769.3999999999997,swap,notBad
4032,4,787.5699999999998,4,769.3999999999997,2opt,notBad
4033,4,778.5099999999999,4,769.3999999999997,move,improve
4034,4,778.5099999999999,4,769.3999999999997,move,improve
4035,4,778.5099999999999,4,769.3999999999997,swap,notBad
4036,4,770.9599999999999,4,769.3999999999997,swap,improve
4037,4,770.9599999999999,4,769.3999999999997,move,improve
4038,4,770.9599999999999,4,769.3999999999997,move,improve
4039,4,770.9599999999999,4,769.3999999999997,swap,notBad
4040,4,770.9599999999999,4,769.3999999999997,move,improve
4041,4,770.9599999999999,4,769.3999999999997,swap,notBad
4042,4,767.64,4,767.64,move,newBest
4043,4,767.64,4,767.64,2opt,notBad
4044,4,763.5600000000001,4,763.5600000000001,move,newBest
4045,4,763.5600000000001,4,763.5600000000001,move,improve
4046,4,763.5600000000001,4,763.5600000000001,2opt,notBad
4047,4,763.5600000000001,4,763.5600000000001,2opt,notBad
4048,4,763.5600000000001,4,763.5600000000001,swap,notBad
4049,4,763.5600000000001,4,763.5600000000001,2opt,notBad
4050,4,763.5600000000001,4,763.5600000000001,2opt,notBad
4051,4,763.5600000000001,4,763.5600000000001,2opt,notBad
4052,4,763.5600000000001,4,763.5600000000001,swap,notBad
4053,4,763.5600000000001,4,763.5600000000001,2opt,notBad
4054,4,763.5600000000001,4,763.5600000000001,2opt,notBad
4055,4,763.3799999999999,4,763.3799999999999,move,newBest
4056,4,761.49,4,761.49,move,newBest
4057,4,761.49,4,761.49,swap,notBad
4058,4,761.49,4,761.49,2opt,notBad
4059,4,761.49,4,761.49,2opt,notBad
4060,4,761.49,4,761.49,2opt,notBad
4061,4,761.49,4,761.49,2opt,notBad
4062,4,761.49,4,761.49,swap,notBad
4063,4,761.07,4,761.07,move,newBest
4064,4,761.07,4,761.07,2opt,improve
4065,4,761.07,4,761.07,2opt,notBad
4066,4,761.07,4,761.07,move,improve
4067,4,761.07,4,761.07,2opt,notBad
4068,4,761.07,4,761.07,2opt,notBad
4069,4,761.07,4,761.07,move,improve
4070,4,761.07,4,761.07,2opt,notBad
4071,4,761.07,4,761.07,swap,notBad
4072,4,761.07,4,761.07,move,improve
4073,4,761.07,4,761.07,move,improve
4074,4,759.5500000000001,4,759.5500000000001,move,newBest
4075,4,759.5500000000001,4,759.5500000000001,move,improve
4076,4,759.5500000000001,4,759.5500000000001,2opt,improve
4077,4,759.5500000000001,4,759.5500000000001,swap,notBad
4078,4,759.5500000000001,4,759.5500000000001,2opt,notBad
4079,4,759.5500000000001,4,759.5500000000001,move,improve
4080,4,759.5500000000001,4,759.5500000000001,2opt,improve
4081,4,759.5500000000001,4,759.5500000000001,2opt,notBad
4082,4,759.5500000000001,4,759.5500000000001,2opt,notBad
4083,4,759.5500000000001,4,759.5500000000001,move,improve
4084,4,759.5500000000001,4,759.5500000000001,2opt,notBad
4085,4,764.11,4,759.5500000000001,swap,acceptBad
4086,4,764.11,4,759.5500000000001,move,improve
4087,4,764.11,4,759.5500000000001,move,improve
4088,4,764.11,4,759.5500000000001,2opt,notBad
4089,4,764.11,4,759.5500000000001,2opt,notBad
4090,4,764.03,4,759.5500000000001,move,improve
4091,4,764.03,4,759.5500000000001,2opt,notBad
4092,4,764.03,4,759.5500000000001,swap,notBad
4093,4,764.03,4,759.5500000000001,2opt,notBad
4094,4,764.03,4,759.5500000000001,2opt,notBad
4095,4,771.2,4,759.5500000000001,swap,acceptBad
4096,4,778.5799999999999,4,759.5500000000001,swap,acceptBad
4097,4,778.5799999999999,4,759.5500000000001,move,improve
4098,4,778.7900000000001,4,759.5500000000001,move,acceptBad
4099,4,778.0699999999999,4,759.5500000000001,move,improve
4100,4,778.0699999999999,4,759.5500000000001,swap,notBad
4101,4,778.0699999999999,4,759.5500000000001,swap,notBad
4102,4,778.0699999999999,4,759.5500000000001,2opt,notBad
4103,4,778.0699999999999,4,759.5500000000001,2opt,notBad
4104,4,778.0699999999999,4,759.5500000000001,2opt,notBad
4105,4,778.0699999999999,4,759.5500000000001,2opt,notBad
4106,4,790.1499999999999,4,759.5500000000001,swap,acceptBad
4107,4,790.1499999999999,4,759.5500000000001,2opt,notBad
4108,4,790.1499999999999,4,759.5500000000001,swap,notBad
4109,4,790.1499999999999,4,759.5500000000001,swap,notBad
4110,4,790.1499999999999,4,759.5500000000001,2opt,notBad
4111,4,790.1499999999999,4,759.5500000000001,swap,notBad
4112,4,790.1499999999999,4,759.5500000000001,swap,notBad
4113,4,790.1499999999999,4,759.5500000000001,2opt,notBad
4114,4,788.9499999999999,4,759.5500000000001,move,improve
4115,4,788.9499999999999,4,759.5500000000001,2opt,notBad
4116,4,788.9499999999999,4,759.5500000000001,swap,notBad
4117,4,788.9499999999999,4,759.5500000000001,swap,notBad
4118,4,788.9499999999999,4,759.5500000000001,swap,notBad
4119,4,785.8299999999999,4,759.5500000000001,move,improve
4120,4,785.8299999999999,4,759.5500000000001,2opt,notBad
4121,4,785.8299999999999,4,759.5500000000001,move,improve
4122,4,785.8299999999999,4,759.5500000000001,move,improve
4123,4,785.8299999999999,4,759.5500000000001,swap,notBad
4124,4,785.8299999999999,4,759.5500000000001,2opt,notBad
4125,4,785.8299999999999,4,759.5500000000001,2opt,notBad
4126,4,785.75,4,759.5500000000001,move,improve
4127,4,785.75,4,759.5500000000001,2opt,notBad
4128,4,785.75,4,759.5500000000001,move,improve
4129,4,785.75,4,759.5500000000001,swap,notBad
4130,4,785.75,4,759.5500000000001,swap,notBad
4131,4,785.75,4,759.5500000000001,swap,notBad
4132,4,785.75,4,759.5500000000001,2opt,notBad
4133,4,785.75,4,759.5500000000001,move,improve
4134,4,785.75,4,759.5500000000001,swap,notBad
4135,4,788.24,4,759.5500000000001,swap,acceptBad
4136,4,788.24,4,759.5500000000001,2opt,notBad
4137,4,788.24,4,759.5500000000001,move,improve
4138,4,788.24,4,759.5500000000001,move,improve
4139,4,788.24,4,759.5500000000001,2opt,notBad
4140,4,788.24,4,759.5500000000001,move,improve
4141,4,787.76,4,759.5500000000001,move,improve
4142,4,787.76,4,759.5500000000001,swap,notBad
4143,4,787.76,4,759.5500000000001,swap,notBad
4144,4,787.76,4,759.5500000000001,swap,notBad
4145,4,787.76,4,759.5500000000001,2opt,improve
4146,4,787.3299999999998,4,759.5500000000001,move,improve
4147,4,787.3299999999998,4,759.5500000000001,2opt,notBad
4148,4,787.3299999999998,4,759.5500000000001,move,improve
4149,4,787.3299999999998,4,759.5500000000001,swap,notBad
4150,4,787.3299999999998,4,759.5500000000001,2opt,notBad
4151,4,786.85,4,759.5500000000001,move,improve
4152,4,786.85,4,759.5500000000001,2opt,notBad
4153,4,786.85,4,759.5500000000001,2opt,notBad
4154,4,786.6899999999999,4,759.5500000000001,move,improve
4155,4,786.6899999999999,4,759.5500000000001,2opt,notBad
4156,4,786.6899999999999,4,759.5500000000001,swap,notBad
4157,4,786.6899999999999,4,759.5500000000001,swap,notBad
4158,4,786.6899999999999,4,759.5500000000001,move,improve
4159,4,786.6899999999999,4,759.5500000000001,swap,notBad
4160,4,786.7199999999999,4,759.5500000000001,swap,acceptBad
4161,4,781.86,4,759.5500000000001,move,improve
4162,4,781.86,4,759.5500000000001,swap,notBad
4163,4,781.86,4,759.5500000000001,2opt,notBad
4164,4,782.1599999999999,4,759.5500000000001,swap,acceptBad
4165,4,782.1599999999999,4,759.5500000000001,swap,notBad
4166,4,782.1599999999999,4,759.5500000000001,2opt,improve
4167,4,782.1599999999999,4,759.5500000000001,2opt,notBad
4168,4,782.1599999999999,4,759.5500000000001,swap,notBad
4169,4,782.1599999999999,4,759.5500000000001,swap,notBad
4170,4,782.1599999999999,4,759.5500000000001,2opt,notBad
4171,4,782.1599999999999,4,759.5500000000001,swap,notBad
4172,4,782.1599999999999,4,759.5500000000001,swap,notBad
4173,4,782.1599999999999,4,759.5500000000001,swap,notBad
4174,4,782.1599999999999,4,759.5500000000001,2opt,notBad
4175,4,782.1599999999999,4,759.5500000000001,move,improve
4176,4,782.1599999999999,4,759.5500000000001,move,improve
4177,4,782.1599999999999,4,759.5500000000001,swap,notBad
4178,4,782.1599999999999,4,759.5500000000001,swap,notBad
4179,4,782.1599999999999,4,759.5500000000001,swap,notBad
4180,4,782.1599999999999,4,759.5500000000001,2opt,improve
4181,4,782.1599999999999,4,759.5500000000001,swap,notBad
4182,4,782.1599999999999,4,759.5500000000001,move,improve
4183,4,782.1599999999999,4,759.5500000000001,2opt,notBad
4184,4,782.1599999999999,4,759.5500000000001,2opt,notBad
4185,4,780.7599999999999,4,759.5500000000001,move,improve
4186,4,780.7599999999999,4,759.5500000000001,2opt,notBad
4187,4,780.7599999999999,4,759.5500000000001,move,improve
4188,4,778.06,4,759.5500000000001,move,improve
4189,4,778.06,4,759.5500000000001,swap,notBad
4190,4,778.06,4,759.5500000000001,move,improve
4191,4,778.06,4,759.5500000000001,2opt,notBad
4192,4,778.06,4,759.5500000000001,2opt,notBad
4193,4,778.06,4,759.5500000000001,2opt,notBad
4194,4,778.06,4,759.5500000000001,move,improve
4195,4,775.2799999999999,4,759.5500000000001,move,improve
4196,4,775.2799999999999,4,759.5500000000001,swap,notBad
4197,4,775.2799999999999,4,759.5500000000001,swap,notBad
4198,4,763.7899999999998,4,759.5500000000001,move,improve
4199,4,763.7899999999998,4,759.5500000000001,swap,notBad
4200,4,763.7899999999998,4,759.5500000000001,2opt,notBad
4201,4,763.2499999999999,4,759.5500000000001,swap,improve
4202,4,763.2499999999999,4,759.5500000000001,2opt,notBad
4203,4,767.4499999999998,4,759.5500000000001,swap,acceptBad
4204,4,767.4499999999998,4,759.5500000000001,2opt,notBad
4205,4,777.15,4,759.5500000000001,swap,acceptBad
4206,4,777.15,4,759.5500000000001,2opt,notBad
4207,4,776.61,4,759.5500000000001,move,improve
4208,4,776.61,4,759.5500000000001,swap,notBad
4209,4,776.61,4,759.5500000000001,2opt,notBad
4210,4,776.61,4,759.5500000000001,2opt,notBad
4211,4,776.61,4,759.5500000000001,swap,notBad
4212,4,776.61,4,759.5500000000001,move,improve
4213,4,776.61,4,759.5500000000001,swap,notBad
4214,4,776.61,4,759.5500000000001,2opt,notBad
4215,4,776.61,4,759.5500000000001,swap,notBad
4216,4,771.9,4,759.5500000000001,swap,improve
4217,4,777.1199999999999,4,759.5500000000001,swap,acceptBad
4218,4,777.1199999999999,4,759.5500000000001,move,improve
4219,4,777.1199999999999,4,759.5500000000001,2opt,notBad
4220,4,779.0599999999998,4,759.5500000000001,swap,acceptBad
4221,4,779.0599999999998,4,759.5500000000001,swap,notBad
4222,4,779.0599999999998,4,759.5500000000001,move,improve
4223,4,779.0599999999998,4,759.5500000000001,swap,notBad
4224,4,779.0599999999998,4,759.5500000000001,2opt,notBad
4225,4,770.8399999999999,4,759.5500000000001,move,improve
4226,4,769.6899999999999,4,759.5500000000001,move,improve
4227,4,769.6899999999999,4,759.5500000000001,move,improve
4228,4,769.6899999999999,4,759.5500000000001,2opt,notBad
4229,4,769.6899999999999,4,759.5500000000001,swap,notBad
4230,4,769.6899999999999,4,759.5500000000001,move,improve
4231,4,769.6899999999999,4,759.5500000000001,2opt,notBad
4232,4,769.6899999999999,4,759.5500000000001,2opt,notBad
4233,4,769.6899999999999,4,759.5500000000001,2opt,notBad
4234,4,769.6899999999999,4,759.5500000000001,move,improve
4235,4,765.4899999999999,4,759.5500000000001,move,improve
4236,4,765.4899999999999,4,759.5500000000001,move,improve
4237,4,765.4899999999999,4,759.5500000000001,move,improve
4238,4,765.4899999999999,4,759.5500000000001,swap,notBad
4239,4,765.4899999999999,4,759.5500000000001,2opt,notBad
4240,4,765.4899999999999,4,759.5500000000001,swap,notBad
4241,4,765.4899999999999,4,759.5500000000001,move,improve
4242,4,765.4899999999999,4,759.5500000000001,swap,notBad
4243,4,765.4899999999999,4,759.5500000000001,2opt,notBad
4244,4,765.4899999999999,4,759.5500000000001,move,improve
4245,4,765.4899999999999,4,759.5500000000001,move,improve
4246,4,765.4899999999999,4,759.5500000000001,2opt,notBad
4247,4,782.4899999999999,4,759.5500000000001,swap,acceptBad
4248,4,782.4899999999999,4,759.5500000000001,swap,notBad
4249,4,782.4899999999999,4,759.5500000000001,2opt,notBad
4250,4,782.4899999999999,4,759.5500000000001,swap,notBad
4251,4,786.2499999999999,4,759.5500000000001,swap,acceptBad
4252,4,786.2499999999999,4,759.5500000000001,2opt,notBad
4253,4,786.2499999999999,4,759.5500000000001,move,improve
4254,4,786.2499999999999,4,759.5500000000001,swap,notBad
4255,4,791.3799999999999,4,759.5500000000001,swap,acceptBad
4256,4,791.3799999999999,4,759.5500000000001,2opt,notBad
4257,4,791.3799999999999,4,759.5500000000001,2opt,notBad
4258,4,791.3799999999999,4,759.5500000000001,2opt,notBad
4259,4,791.3799999999999,4,759.5500000000001,2opt,notBad
4260,4,791.3799999999999,4,759.5500000000001,swap,notBad
4261,4,790.1600000000001,4,759.5500000000001,move,improve
4262,4,784.2400000000001,4,759.5500000000001,move,improve
4263,4,784.2400000000001,4,759.5500000000001,swap,notBad
4264,4,784.2400000000001,4,759.5500000000001,2opt,notBad
4265,4,784.2400000000001,4,759.5500000000001,2opt,notBad
4266,4,784.2400000000001,4,759.5500000000001,2opt,notBad
4267,4,784.2400000000001,4,759.5500000000001,swap,notBad
4268,4,784.2400000000001,4,759.5500000000001,swap,notBad
4269,4,784.2400000000001,4,759.5500000000001,swap,notBad
4270,4,796.24,4,759.5500000000001,swap,acceptBad
4271,4,796.24,4,759.5500000000001,2opt,notBad
4272,4,796.24,4,759.5500000000001,move,improve
4273,4,796.24,4,759.5500000000001,swap,notBad
4274,4,796.24,4,759.5500000000001,swap,notBad
4275,4,796.24,4,759.5500000000001,swap,notBad
4276,4,796.24,4,759.5500000000001,swap,notBad
4277,4,795.1599999999999,4,759.5500000000001,move,improve
4278,4,795.1599999999999,4,759.5500000000001,swap,notBad
4279,4,795.1599999999999,4,759.5500000000001,move,improve
4280,4,792.01,4,759.5500000000001,move,improve
4281,4,791.47,4,759.5500000000001,move,improve
4282,4,791.47,4,759.5500000000001,2opt,notBad
4283,4,790.0100000000001,4,759.5500000000001,move,improve
4284,4,790.0100000000001,4,759.5500000000001,2opt,notBad
4285,4,790.0100000000001,4,759.5500000000001,move,improve
4286,4,790.0100000000001,4,759.5500000000001,2opt,notBad
4287,4,788.3900000000001,4,759.5500000000001,move,improve
4288,4,786.0900000000001,4,759.5500000000001,move,improve
4289,4,775.8300000000002,4,759.5500000000001,move,improve
4290,4,775.8300000000002,4,759.5500000000001,2opt,notBad
4291,4,775.8300000000002,4,759.5500000000001,swap,notBad
4292,4,775.8300000000002,4,759.5500000000001,swap,notBad
4293,4,761.8500000000001,4,759.5500000000001,move,improve
4294,4,761.8500000000001,4,759.5500000000001,2opt,notBad
4295,4,761.3399999999999,4,759.5500000000001,move,improve
4296,4,761.3399999999999,4,759.5500000000001,2opt,notBad
4297,4,761.3399999999999,4,759.5500000000001,2opt,notBad
4298,4,761.3399999999999,4,759.5500000000001,2opt,notBad
4299,4,761.3399999999999,4,759.5500000000001,swap,notBad
4300,4,761.3399999999999,4,759.5500000000001,swap,notBad
4301,4,765.6600000000001,4,759.5500000000001,swap,acceptBad
4302,4,765.6600000000001,4,759.5500000000001,2opt,notBad
4303,4,765.6600000000001,4,759.5500000000001,2opt,notBad
4304,4,765.6600000000001,4,759.5500000000001,2opt,notBad
4305,4,765.3,4,759.5500000000001,2opt,improve
4306,4,765.3,4,759.5500000000001,move,improve
4307,4,765.3,4,759.5500000000001,2opt,notBad
4308,4,764.5500000000001,4,759.5500000000001,move,improve
4309,4,757.53,4,757.53,move,newBest
4310,4,757.53,4,757.53,2opt,notBad
4311,4,757.4499999999999,4,757.4499999999999,move,newBest
4312,4,757.4499999999999,4,757.4499999999999,swap,notBad
4313,4,760.8900000000001,4,757.4499999999999,swap,acceptBad
4314,4,760.8900000000001,4,757.4499999999999,swap,notBad
4315,4,760.8900000000001,4,757.4499999999999,2opt,notBad
4316,4,751.5300000000001,4,751.5300000000001,swap,newBest
4317,4,751.5300000000001,4,751.5300000000001,move,improve
4318,4,751.5300000000001,4,751.5300000000001,move,improve
4319,4,751.5300000000001,4,751.5300000000001,2opt,notBad
4320,4,752.0699999999999,4,751.5300000000001,swap,acceptBad
4321,4,750.9300000000001,4,750.9300000000001,move,newBest
4322,4,750.9300000000001,4,750.9300000000001,swap,notBad
4323,4,750.9300000000001,4,750.9300000000001,move,improve
4324,4,750.9300000000001,4,750.9300000000001,swap,notBad
4325,4,750.0900000000001,4,750.0900000000001,move,newBest
4326,4,752.6500000000001,4,750.0900000000001,swap,acceptBad
4327,4,752.6500000000001,4,750.0900000000001,2opt,notBad
4328,4,752.6500000000001,4,750.0900000000001,move,improve
4329,4,752.6500000000001,4,750.0900000000001,move,improve
4330,4,752.6500000000001,4,750.0900000000001,swap,notBad
4331,4,752.6500000000001,4,750.0900000000001,2opt,notBad
4332,4,756.8100000000001,4,750.0900000000001,swap,acceptBad
4333,4,756.8100000000001,4,750.0900000000001,move,improve
4334,4,756.8100000000001,4,750.0900000000001,swap,notBad
4335,4,756.8100000000001,4,750.0900000000001,2opt,notBad
4336,4,756.8100000000001,4,750.0900000000001,2opt,notBad
4337,4,756.8100000000001,4,750.0900000000001,move,improve
4338,4,756.8100000000001,4,750.0900000000001,2opt,notBad
4339,4,756.8100000000001,4,750.0900000000001,move,improve
4340,4,751.95,4,750.0900000000001,move,improve
4341,4,751.95,4,750.0900000000001,swap,notBad
4342,4,751.95,4,750.0900000000001,swap,notBad
4343,4,764.82,4,750.0900000000001,swap,acceptBad
4344,4,764.82,4,750.0900000000001,swap,notBad
4345,4,764.82,4,750.0900000000001,move,improve
4346,4,764.82,4,750.0900000000001,2opt,notBad
4347,4,764.82,4,750.0900000000001,2opt,notBad
4348,4,764.82,4,750.0900000000001,swap,notBad
4349,4,777.6600000000001,4,750.0900000000001,swap,acceptBad
4350,4,777.6600000000001,4,750.0900000000001,swap,notBad
4351,4,777.6600000000001,4,750.0900000000001,swap,notBad
4352,4,777.6600000000001,4,750.0900000000001,2opt,notBad
4353,4,765.6899999999999,4,750.0900000000001,move,improve
4354,4,765.6899999999999,4,750.0900000000001,2opt,notBad
4355,4,765.6899999999999,4,750.0900000000001,2opt,notBad
4356,4,765.6899999999999,4,750.0900000000001,swap,notBad
4357,4,765.6899999999999,4,750.0900000000001,swap,notBad
4358,4,765.6899999999999,4,750.0900000000001,swap,notBad
4359,4,765.6899999999999,4,750.0900000000001,swap,notBad
4360,4,765.6899999999999,4,750.0900000000001,2opt,notBad
4361,4,765.6899999999999,4,750.0900000000001,swap,notBad
4362,4,765.6899999999999,4,750.0900000000001,2opt,notBad
4363,4,765.6899999999999,4,750.0900000000001,2opt,notBad
4364,4,765.6899999999999,4,750.0900000000001,swap,notBad
4365,4,765.6899999999999,4,750.0900000000001,2opt,notBad
4366,4,765.6899999999999,4,750.0900000000001,swap,notBad
4367,4,765.6899999999999,4,750.0900000000001,2opt,notBad
4368,4,768.27,4,750.0900000000001,swap,acceptBad
4369,4,768.27,4,750.0900000000001,2opt,notBad
4370,4,768.27,4,750.0900000000001,swap,notBad
4371,4,768.27,4,750.0900000000001,swap,notBad
4372,4,768.27,4,750.0900000000001,move,improve
4373,4,768.27,4,750.0900000000001,swap,notBad
4374,4,768.27,4,750.0900000000001,swap,notBad
4375,4,768.27,4,750.0900000000001,move,improve
4376,4,768.27,4,750.0900000000001,swap,notBad
4377,4,768.27,4,750.0900000000001,swap,notBad
4378,4,768.27,4,750.0900000000001,move,improve
4379,4,768.27,4,750.0900000000001,move,improve
4380,4,768.27,4,750.0900000000001,2opt,notBad
4381,4,768.27,4,750.0900000000001,move,improve
4382,4,758.1600000000001,4,750.0900000000001,move,improve
4383,4,758.1600000000001,4,750.0900000000001,2opt,notBad
4384,4,758.1600000000001,4,750.0900000000001,move,improve
4385,4,758.1600000000001,4,750.0900000000001,2opt,notBad
4386,4,758.1600000000001,4,750.0900000000001,move,improve
4387,4,756.81,4,750.0900000000001,move,improve
4388,4,756.81,4,750.0900000000001,2opt,notBad
4389,4,743.97,4,743.97,swap,newBest
4390,4,743.97,4,743.97,2opt,notBad
4391,4,743.97,4,743.97,2opt,notBad
4392,4,743.97,4,743.97,swap,notBad
4393,4,743.97,4,743.97,swap,notBad
4394,4,743.97,4,743.97,2opt,notBad
4395,4,743.97,4,743.97,move,improve
4396,4,743.97,4,743.97,swap,notBad
4397,4,743.97,4,743.97,2opt,notBad
4398,4,743.97,4,743.97,swap,notBad
4399,4,743.97,4,743.97,move,improve
4400,4,743.97,4,743.97,2opt,notBad
4401,4,742.9300000000001,4,742.9300000000001,move,newBest
4402,4,742.9300000000001,4,742.9300000000001,swap,notBad
4403,4,742.9300000000001,4,742.9300000000001,move,improve
4404,4,742.9300000000001,4,742.9300000000001,swap,notBad
4405,4,742.9300000000001,4,742.9300000000001,swap,notBad
4406,4,742.9300000000001,4,742.9300000000001,move,improve
4407,4,742.9300000000001,4,742.9300000000001,move,improve
4408,4,742.9300000000001,4,742.9300000000001,2opt,notBad
4409,4,742.9300000000001,4,742.9300000000001,swap,notBad
4410,4,742.9300000000001,4,742.9300000000001,move,improve
4411,4,742.9300000000001,4,742.9300000000001,2opt,notBad
4412,4,742.9300000000001,4,742.9300000000001,2opt,notBad
4413,4,742.9300000000001,4,742.9300000000001,move,improve
4414,4,742.9300000000001,4,742.9300000000001,move,improve
4415,4,742.9300000000001,4,742.9300000000001,swap,notBad
4416,4,742.9300000000001,4,742.9300000000001,swap,notBad
4417,4,742.9300000000001,4,742.9300000000001,swap,notBad
4418,4,742.9300000000001,4,742.9300000000001,2opt,notBad
4419,4,742.9300000000001,4,742.9300000000001,2opt,notBad
4420,4,742.9300000000001,4,742.9300000000001,2opt,notBad
4421,4,742.3000000000001,4,742.3000000000001,move,newBest
4422,4,742.3000000000001,4,742.3000000000001,2opt,notBad
4423,4,742.3000000000001,4,742.3000000000001,move,improve
4424,4,741.18,4,741.18,move,newBest
4425,4,741.18,4,741.18,swap,notBad
4426,4,741.18,4,741.18,swap,notBad
4427,4,741.18,4,741.18,2opt,notBad
4428,4,741.18,4,741.18,2opt,notBad
4429,4,741.18,4,741.18,2opt,improve
4430,4,741.18,4,741.18,move,improve
4431,4,741.18,4,741.18,move,improve
4432,4,741.18,4,741.18,swap,notBad
4433,4,741.18,4,741.18,swap,notBad
4434,4,741.18,4,741.18,move,improve
4435,4,741.18,4,741.18,2opt,notBad
4436,4,741.9900000000001,4,741.18,2opt,acceptBad
4437,4,741.9900000000001,4,741.18,2opt,notBad
4438,4,741.9900000000001,4,741.18,2opt,notBad
4439,4,741.9900000000001,4,741.18,swap,notBad
4440,4,741.45,4,741.18,move,improve
4441,4,741.45,4,741.18,swap,notBad
4442,4,741.45,4,741.18,move,improve
4443,4,741.45,4,741.18,move,improve
4444,4,741.45,4,741.18,move,improve
4445,4,741.45,4,741.18,move,improve
4446,4,735.7900000000002,4,735.7900000000002,move,newBest
4447,4,734.8299999999999,4,734.8299999999999,move,newBest
4448,4,734.8299999999999,4,734.8299999999999,swap,notBad
4449,4,734.8299999999999,4,734.8299999999999,2opt,notBad
4450,4,734.8299999999999,4,734.8299999999999,move,improve
4451,4,734.8299999999999,4,734.8299999999999,2opt,notBad
4452,4,734.8299999999999,4,734.8299999999999,2opt,notBad
4453,4,734.8299999999999,4,734.8299999999999,2opt,notBad
4454,4,734.8299999999999,4,734.8299999999999,move,improve
4455,4,734.8299999999999,4,734.8299999999999,move,improve
4456,4,733.69,4,733.69,move,newBest
4457,4,733.69,4,733.69,2opt,notBad
4458,4,733.69,4,733.69,swap,notBad
4459,4,740.21,4,733.69,swap,acceptBad
4460,4,740.21,4,733.69,2opt,notBad
4461,4,741.5899999999999,4,733.69,swap,acceptBad
4462,4,741.5899999999999,4,733.69,move,improve
4463,4,741.5300000000001,4,733.69,move,improve
4464,4,741.5300000000001,4,733.69,swap,notBad
4465,4,741.5300000000001,4,733.69,2opt,notBad
4466,4,741.5300000000001,4,733.69,swap,notBad
4467,4,736.9000000000001,4,733.69,move,improve
4468,4,735.8600000000001,4,733.69,move,improve
4469,4,732.6600000000001,4,732.6600000000001,move,newBest
4470,4,732.6600000000001,4,732.6600000000001,swap,notBad
4471,4,730.9000000000001,4,730.9000000000001,move,newBest
4472,4,730.9000000000001,4,730.9000000000001,move,improve
4473,4,730.9000000000001,4,730.9000000000001,swap,notBad
4474,4,730.9000000000001,4,730.9000000000001,swap,notBad
4475,4,730.9000000000001,4,730.9000000000001,swap,notBad
4476,4,730.9000000000001,4,730.9000000000001,move,improve
4477,4,730.9000000000001,4,730.9000000000001,2opt,notBad
4478,4,730.3000000000001,4,730.3000000000001,move,newBest
4479,4,730.3000000000001,4,730.3000000000001,2opt,notBad
4480,4,729.9400000000002,4,729.9400000000002,move,newBest
4481,4,739.7500000000001,4,729.9400000000002,swap,acceptBad
4482,4,739.7500000000001,4,729.9400000000002,2opt,notBad
4483,4,739.7500000000001,4,729.9400000000002,2opt,notBad
4484,4,739.7500000000001,4,729.9400000000002,swap,notBad
4485,4,745.4200000000001,4,729.9400000000002,swap,acceptBad
4486,4,745.4200000000001,4,729.9400000000002,move,improve
4487,4,745.4200000000001,4,729.9400000000002,move,improve
4488,4,745.4200000000001,4,729.9400000000002,2opt,notBad
4489,4,745.4200000000001,4,729.9400000000002,2opt,notBad
4490,4,745.4200000000001,4,729.9400000000002,swap,notBad
4491,4,745.4200000000001,4,729.9400000000002,2opt,notBad
4492,4,745.4200000000001,4,729.9400000000002,move,improve
4493,4,745.4200000000001,4,729.9400000000002,2opt,notBad
4494,4,745.4200000000001,4,729.9400000000002,2opt,notBad
4495,4,745.4200000000001,4,729.9400000000002,2opt,notBad
4496,4,745.4200000000001,4,729.9400000000002,2opt,notBad
4497,4,745.4200000000001,4,729.9400000000002,move,improve
4498,4,745.4200000000001,4,729.9400000000002,2opt,notBad
4499,4,745.4200000000001,4,729.9400000000002,2opt,notBad
4500,4,745.4200000000001,4,729.9400000000002,2opt,notBad
4501,4,745.4200000000001,4,729.9400000000002,move,improve
4502,4,751.9000000000001,4,729.9400000000002,swap,acceptBad
4503,4,751.9000000000001,4,729.9400000000002,2opt,notBad
4504,4,751.66,4,729.9400000000002,move,improve
4505,4,751.66,4,729.9400000000002,2opt,notBad
4506,4,751.66,4,729.9400000000002,swap,notBad
4507,4,751.66,4,729.9400000000002,2opt,notBad
4508,4,752.9,4,729.9400000000002,swap,acceptBad
4509,4,746.8,4,729.9400000000002,move,improve
4510,4,746.8,4,729.9400000000002,swap,notBad
4511,4,746.8,4,729.9400000000002,2opt,notBad
4512,4,746.8,4,729.9400000000002,swap,notBad
4513,4,746.8,4,729.9400000000002,move,improve
4514,4,746.8,4,729.9400000000002,move,improve
4515,4,746.8,4,729.9400000000002,swap,notBad
4516,4,746.8,4,729.9400000000002,swap,notBad
4517,4,743.22,4,729.9400000000002,move,improve
4518,4,739.65,4,729.9400000000002,swap,improve
4519,4,739.65,4,729.9400000000002,2opt,notBad
4520,4,739.65,4,729.9400000000002,2opt,notBad
4521,4,739.65,4,729.9400000000002,2opt,notBad
4522,4,739.65,4,729.9400000000002,2opt,notBad
4523,4,739.65,4,729.9400000000002,swap,notBad
4524,4,739.65,4,729.9400000000002,swap,notBad
4525,4,739.65,4,729.9400000000002,2opt,notBad
4526,4,739.65,4,729.9400000000002,swap,notBad
4527,4,739.65,4,729.9400000000002,2opt,notBad
4528,4,734.5199999999999,4,729.9400000000002,move,improve
4529,4,734.5199999999999,4,729.9400000000002,swap,notBad
4530,4,734.5199999999999,4,729.9400000000002,2opt,notBad
4531,4,740.61,4,729.9400000000002,move,acceptBad
4532,4,740.61,4,729.9400000000002,2opt,notBad
4533,4,740.61,4,729.9400000000002,move,improve
4534,4,739.62,4,729.9400000000002,move,improve
4535,4,739.62,4,729.9400000000002,swap,notBad
4536,4,739.62,4,729.9400000000002,2opt,notBad
4537,4,739.62,4,729.9400000000002,move,improve
4538,4,739.62,4,729.9400000000002,move,improve
4539,4,739.62,4,729.9400000000002,swap,notBad
4540,4,739.0400000000001,4,729.9400000000002,move,improve
4541,4,739.0400000000001,4,729.9400000000002,2opt,notBad
4542,4,739.0400000000001,4,729.9400000000002,swap,notBad
4543,4,739.0400000000001,4,729.9400000000002,swap,notBad
4544,4,739.0400000000001,4,729.9400000000002,move,improve
4545,4,739.0400000000001,4,729.9400000000002,2opt,notBad
4546,4,739.0400000000001,4,729.9400000000002,2opt,notBad
4547,4,739.0400000000001,4,729.9400000000002,2opt,notBad
4548,4,739.0400000000001,4,729.9400000000002,swap,notBad
4549,4,739.0400000000001,4,729.9400000000002,swap,notBad
4550,4,739.0400000000001,4,729.9400000000002,swap,notBad
4551,4,739.0400000000001,4,729.9400000000002,2opt,notBad
4552,4,739.0400000000001,4,729.9400000000002,2opt,notBad
4553,4,741.34,4,729.9400000000002,swap,acceptBad
4554,4,741.34,4,729.9400000000002,swap,notBad
4555,4,756.1399999999999,4,729.9400000000002,swap,acceptBad
4556,4,756.1399999999999,4,729.9400000000002,2opt,notBad
4557,4,750.46,4,729.9400000000002,move,improve
4558,4,750.46,4,729.9400000000002,swap,notBad
4559,4,744.9999999999999,4,729.9400000000002,move,improve
4560,4,744.9999999999999,4,729.9400000000002,2opt,notBad
4561,4,744.9999999999999,4,729.9400000000002,move,improve
4562,4,744.9999999999999,4,729.9400000000002,move,improve
4563,4,744.9999999999999,4,729.9400000000002,swap,notBad
4564,4,744.9999999999999,4,729.9400000000002,move,improve
4565,4,744.9999999999999,4,729.9400000000002,2opt,notBad
4566,4,744.9999999999999,4,729.9400000000002,swap,notBad
4567,4,744.9999999999999,4,729.9400000000002,2opt,notBad
4568,4,744.9999999999999,4,729.9400000000002,move,improve
4569,4,744.9999999999999,4,729.9400000000002,swap,notBad
4570,4,744.9999999999999,4,729.9400000000002,move,improve
4571,4,744.9999999999999,4,729.9400000000002,2opt,notBad
4572,4,744.9999999999999,4,729.9400000000002,swap,notBad
4573,4,744.9999999999999,4,729.9400000000002,2opt,notBad
4574,4,744.9999999999999,4,729.9400000000002,2opt,notBad
4575,4,744.9999999999999,4,729.9400000000002,swap,notBad
4576,4,744.9999999999999,4,729.9400000000002,swap,notBad
4577,4,744.9999999999999,4,729.9400000000002,move,improve
4578,4,744.9999999999999,4,729.9400000000002,2opt,notBad
4579,4,743.7199999999999,4,729.9400000000002,move,improve
4580,4,743.7199999999999,4,729.9400000000002,2opt,improve
4581,4,743.7199999999999,4,729.9400000000002,2opt,notBad
4582,4,726.9799999999999,4,726.9799999999999,move,newBest
4583,4,724.6800000000001,4,724.6800000000001,move,newBest
4584,4,724.6800000000001,4,724.6800000000001,swap,notBad
4585,4,724.3599999999999,4,724.3599999999999,move,newBest
4586,4,724.3599999999999,4,724.3599999999999,move,improve
4587,4,724.3599999999999,4,724.3599999999999,move,improve
4588,4,724.3599999999999,4,724.3599999999999,move,improve
4589,4,724.3599999999999,4,724.3599999999999,swap,notBad
4590,4,724.3599999999999,4,724.3599999999999,2opt,notBad
4591,4,724.3599999999999,4,724.3599999999999,2opt,notBad
4592,4,724.3599999999999,4,724.3599999999999,move,improve
4593,4,724.3599999999999,4,724.3599999999999,swap,notBad
4594,4,724.3599999999999,4,724.3599999999999,2opt,notBad
4595,4,724.3599999999999,4,724.3599999999999,2opt,notBad
4596,4,724.3599999999999,4,724.3599999999999,swap,notBad
4597,4,724.3599999999999,4,724.3599999999999,move,improve
4598,4,722.0399999999998,4,722.0399999999998,move,newBest
4599,4,722.0399999999998,4,722.0399999999998,move,improve
4600,4,722.0399999999998,4,722.0399999999998,swap,notBad
4601,4,722.0399999999998,4,722.0399999999998,move,improve
4602,4,722.0399999999998,4,722.0399999999998,swap,notBad
4603,4,722.0399999999998,4,722.0399999999998,move,improve
4604,4,722.0399999999998,4,722.0399999999998,2opt,notBad
4605,4,722.0399999999998,4,722.0399999999998,swap,notBad
4606,4,722.0399999999998,4,722.0399999999998,2opt,notBad
4607,4,722.0399999999998,4,722.0399999999998,swap,notBad
4608,4,722.0399999999998,4,722.0399999999998,move,improve
4609,4,722.0399999999998,4,722.0399999999998,swap,notBad
4610,4,731.72,4,722.0399999999998,swap,acceptBad
4611,4,731.72,4,722.0399999999998,2opt,notBad
4612,4,731.72,4,722.0399999999998,move,improve
4613,4,731.72,4,722.0399999999998,2opt,notBad
4614,4,731.72,4,722.0399999999998,2opt,notBad
4615,4,731.72,4,722.0399999999998,move,improve
4616,4,731.72,4,722.0399999999998,move,improve
4617,4,731.72,4,722.0399999999998,2opt,notBad
4618,4,731.72,4,722.0399999999998,move,improve
4619,4,731.72,4,722.0399999999998,move,improve
4620,4,731.72,4,722.0399999999998,move,improve
4621,4,731.72,4,722.0399999999998,swap,notBad
4622,4,731.72,4,722.0399999999998,move,improve
4623,4,731.72,4,722.0399999999998,2opt,notBad
4624,4,731.72,4,722.0399999999998,swap,notBad
4625,4,730.3699999999999,4,722.0399999999998,2opt,improve
4626,4,730.3699999999999,4,722.0399999999998,swap,notBad
4627,4,730.8199999999999,4,722.0399999999998,swap,acceptBad
4628,4,730.8199999999999,4,722.0399999999998,move,improve
4629,4,730.8199999999999,4,722.0399999999998,move,improve
4630,4,730.8199999999999,4,722.0399999999998,swap,notBad
4631,4,730.8199999999999,4,722.0399999999998,move,improve
4632,4,730.8199999999999,4,722.0399999999998,2opt,notBad
4633,4,730.8199999999999,4,722.0399999999998,move,improve
4634,4,730.8199999999999,4,722.0399999999998,swap,notBad
4635,4,730.8199999999999,4,722.0399999999998,2opt,notBad
4636,4,730.8199999999999,4,722.0399999999998,2opt,notBad
4637,4,730.8199999999999,4,722.0399999999998,move,improve
4638,4,723.41,4,722.0399999999998,move,improve
4639,4,723.41,4,722.0399999999998,2opt,notBad
4640,4,723.41,4,722.0399999999998,move,improve
4641,4,722.93,4,722.0399999999998,move,improve
4642,4,722.93,4,722.0399999999998,swap,notBad
4643,4,722.93,4,722.0399999999998,swap,notBad
4644,4,722.93,4,722.0399999999998,2opt,notBad
4645,4,722.93,4,722.0399999999998,swap,notBad
4646,4,722.93,4,722.0399999999998,move,improve
4647,4,722.93,4,722.0399999999998,2opt,notBad
4648,4,722.93,4,722.0399999999998,2opt,notBad
4649,4,722.93,4,722.0399999999998,move,improve
4650,4,722.93,4,722.0399999999998,move,improve
4651,4,722.93,4,722.0399999999998,move,improve
4652,4,722.93,4,722.0399999999998,2opt,notBad
4653,4,722.93,4,722.0399999999998,2opt,notBad
4654,4,722.93,4,722.0399999999998,2opt,notBad
4655,4,722.93,4,722.0399999999998,2opt,notBad
4656,4,722.93,4,722.0399999999998,swap,notBad
4657,4,724.7699999999999,4,722.0399999999998,swap,acceptBad
4658,4,724.7699999999999,4,722.0399999999998,2opt,notBad
4659,4,724.7699999999999,4,722.0399999999998,move,improve
4660,4,721.6499999999999,4,721.6499999999999,move,newBest
4661,4,721.6499999999999,4,721.6499999999999,2opt,improve
4662,4,721.6499999999999,4,721.6499999999999,swap,notBad
4663,4,715.1899999999999,4,715.1899999999999,move,newBest
4664,4,715.1899999999999,4,715.1899999999999,swap,notBad
4665,4,715.1899999999999,4,715.1899999999999,move,improve
4666,4,715.1899999999999,4,715.1899999999999,2opt,notBad
4667,4,715.1899999999999,4,715.1899999999999,move,improve
4668,4,715.1899999999999,4,715.1899999999999,move,improve
4669,4,715.1899999999999,4,715.1899999999999,swap,notBad
4670,4,715.1899999999999,4,715.1899999999999,2opt,improve
4671,4,715.1899999999999,4,715.1899999999999,swap,notBad
4672,4,715.1899999999999,4,715.1899999999999,swap,notBad
4673,4,715.1899999999999,4,715.1899999999999,2opt,notBad
4674,4,715.1899999999999,4,715.1899999999999,move,improve
4675,4,715.1899999999999,4,715.1899999999999,2opt,notBad
4676,4,715.1899999999999,4,715.1899999999999,move,improve
4677,4,715.1899999999999,4,715.1899999999999,swap,notBad
4678,4,715.1899999999999,4,715.1899999999999,2opt,notBad
4679,4,715.1899999999999,4,715.1899999999999,move,improve
4680,4,715.1899999999999,4,715.1899999999999,swap,notBad
4681,4,715.1899999999999,4,715.1899999999999,move,improve
4682,4,719.9599999999999,4,715.1899999999999,swap,acceptBad
4683,4,719.9599999999999,4,715.1899999999999,2opt,notBad
4684,4,719.9599999999999,4,715.1899999999999,swap,notBad
4685,4,719.9599999999999,4,715.1899999999999,swap,notBad
4686,4,719.9599999999999,4,715.1899999999999,move,improve
4687,4,719.9599999999999,4,715.1899999999999,2opt,notBad
4688,4,719.9599999999999,4,715.1899999999999,swap,notBad
4689,4,719.9599999999999,4,715.1899999999999,2opt,notBad
4690,4,719.9599999999999,4,715.1899999999999,swap,notBad
4691,4,719.9599999999999,4,715.1899999999999,2opt,notBad
4692,4,719.9599999999999,4,715.1899999999999,swap,notBad
4693,4,717.8,4,715.1899999999999,move,improve
4694,4,728.8099999999998,4,715.1899999999999,swap,acceptBad
4695,4,728.5299999999999,4,715.1899999999999,move,improve
4696,4,728.5299999999999,4,715.1899999999999,2opt,notBad
4697,4,728.5299999999999,4,715.1899999999999,swap,notBad
4698,4,728.5299999999999,4,715.1899999999999,swap,notBad
4699,4,728.5299999999999,4,715.1899999999999,2opt,notBad
4700,4,728.5299999999999,4,715.1899999999999,2opt,notBad
4701,4,728.5299999999999,4,715.1899999999999,2opt,improve
4702,4,728.5299999999999,4,715.1899999999999,move,improve
4703,4,727.3299999999998,4,715.1899999999999,move,improve
4704,4,727.3299999999998,4,715.1899999999999,swap,notBad
4705,4,727.3299999999998,4,715.1899999999999,2opt,notBad
4706,4,727.3299999999998,4,715.1899999999999,move,improve
4707,4,727.3299999999998,4,715.1899999999999,2opt,notBad
4708,4,727.3299999999998,4,715.1899999999999,swap,notBad
4709,4,727.3299999999998,4,715.1899999999999,swap,notBad
4710,4,724.4499999999998,4,715.1899999999999,swap,improve
4711,4,724.4499999999998,4,715.1899999999999,move,improve
4712,4,724.4499999999998,4,715.1899999999999,move,improve
4713,4,724.4499999999998,4,715.1899999999999,2opt,notBad
4714,4,667.1199999999999,4,667.1199999999999,move,newBest
4715,4,667.1199999999999,4,667.1199999999999,move,improve
4716,4,667.1199999999999,4,667.1199999999999,2opt,notBad
4717,4,667.1199999999999,4,667.1199999999999,2opt,notBad
4718,4,677.54,4,667.1199999999999,swap,acceptBad
4719,4,677.54,4,667.1199999999999,swap,notBad
4720,4,677.54,4,667.1199999999999,swap,notBad
4721,4,677.54,4,667.1199999999999,move,improve
4722,4,677.54,4,667.1199999999999,move,improve
4723,4,677.54,4,667.1199999999999,2opt,notBad
4724,4,677.54,4,667.1199999999999,swap,notBad
4725,4,671.3299999999999,4,667.1199999999999,move,improve
4726,4,671.3299999999999,4,667.1199999999999,move,improve
4727,4,671.3299999999999,4,667.1199999999999,move,improve
4728,4,671.2599999999999,4,667.1199999999999,move,improve
4729,4,671.2599999999999,4,667.1199999999999,2opt,notBad
4730,4,671.2599999999999,4,667.1199999999999,swap,notBad
4731,4,671.2599999999999,4,667.1199999999999,2opt,improve
4732,4,671.2599999999999,4,667.1199999999999,swap,notBad
4733,4,678.28,4,667.1199999999999,swap,acceptBad
4734,4,678.28,4,667.1199999999999,swap,notBad
4735,4,680.9799999999999,4,667.1199999999999,swap,acceptBad
4736,4,680.9799999999999,4,667.1199999999999,2opt,notBad
4737,4,680.9799999999999,4,667.1199999999999,swap,notBad
4738,4,680.9799999999999,4,667.1199999999999,swap,notBad
4739,4,680.9799999999999,4,667.1199999999999,swap,notBad
4740,4,678.28,4,667.1199999999999,move,improve
4741,4,678.28,4,667.1199999999999,2opt,notBad
4742,4,678.28,4,667.1199999999999,2opt,notBad
4743,4,678.28,4,667.1199999999999,2opt,notBad
4744,4,678.28,4,667.1199999999999,swap,notBad
4745,4,678.28,4,667.1199999999999,move,improve
4746,4,678.28,4,667.1199999999999,2opt,notBad
4747,4,678.28,4,667.1199999999999,move,improve
4748,4,678.28,4,667.1199999999999,move,improve
4749,4,678.28,4,667.1199999999999,2opt,notBad
4750,4,678.28,4,667.1199999999999,move,improve
4751,4,678.28,4,667.1199999999999,swap,notBad
4752,4,678.28,4,667.1199999999999,2opt,notBad
4753,4,678.28,4,667.1199999999999,2opt,notBad
4754,4,678.28,4,667.1199999999999,move,improve
4755,4,678.28,4,667.1199999999999,2opt,notBad
4756,4,678.28,4,667.1199999999999,move,improve
4757,4,678.28,4,667.1199999999999,move,improve
4758,4,678.28,4,667.1199999999999,swap,notBad
4759,4,676.1499999999999,4,667.1199999999999,move,improve
4760,4,676.1499999999999,4,667.1199999999999,swap,notBad
4761,4,676.1499999999999,4,667.1199999999999,2opt,notBad
4762,4,676.1499999999999,4,667.1199999999999,2opt,notBad
4763,4,676.1499999999999,4,667.1199999999999,swap,notBad
4764,4,676.1499999999999,4,667.1199999999999,move,improve
4765,4,676.1499999999999,4,667.1199999999999,2opt,notBad
4766,4,676.1499999999999,4,667.1199999999999,swap,notBad
4767,4,678.0099999999998,4,667.1199999999999,swap,acceptBad
4768,4,678.0099999999998,4,667.1199999999999,move,improve
4769,4,678.0099999999998,4,667.1199999999999,move,improve
4770,4,678.0099999999998,4,667.1199999999999,move,improve
4771,4,678.0099999999998,4,667.1199999999999,2opt,notBad
4772,4,678.0099999999998,4,667.1199999999999,swap,notBad
4773,4,678.0099999999998,4,667.1199999999999,move,improve
4774,4,673.3299999999999,4,667.1199999999999,move,improve
4775,4,673.3299999999999,4,667.1199999999999,swap,notBad
4776,4,673.3299999999999,4,667.1199999999999,2opt,notBad
4777,4,673.3299999999999,4,667.1199999999999,swap,notBad
4778,4,673.3299999999999,4,667.1199999999999,swap,notBad
4779,4,680.0799999999999,4,667.1199999999999,swap,acceptBad
4780,4,683.6799999999998,4,667.1199999999999,swap,acceptBad
4781,4,683.6799999999998,4,667.1199999999999,2opt,notBad
4782,4,683.6799999999998,4,667.1199999999999,move,improve
4783,4,683.6799999999998,4,667.1199999999999,swap,notBad
4784,4,683.6799999999998,4,667.1199999999999,move,improve
4785,4,683.6799999999998,4,667.1199999999999,2opt,notBad
4786,4,683.6799999999998,4,667.1199999999999,swap,notBad
4787,4,683.2299999999999,4,667.1199999999999,move,improve
4788,4,683.2299999999999,4,667.1199999999999,move,improve
4789,4,683.2299999999999,4,667.1199999999999,swap,notBad
4790,4,683.2299999999999,4,667.1199999999999,2opt,notBad
4791,4,683.2299999999999,4,667.1199999999999,2opt,notBad
4792,4,683.2299999999999,4,667.1199999999999,2opt,notBad
4793,4,683.2299999999999,4,667.1199999999999,2opt,notBad
4794,4,683.2299999999999,4,667.1199999999999,swap,notBad
4795,4,683.2299999999999,4,667.1199999999999,swap,notBad
4796,4,683.2299999999999,4,667.1199999999999,2opt,notBad
4797,4,683.2299999999999,4,667.1199999999999,swap,notBad
4798,4,683.2299999999999,4,667.1199999999999,2opt,improve
4799,4,683.2299999999999,4,667.1199999999999,2opt,notBad
4800,4,682.39,4,667.1199999999999,move,improve
4801,4,682.39,4,667.1199999999999,swap,notBad
4802,4,682.39,4,667.1199999999999,2opt,notBad
4803,4,682.39,4,667.1199999999999,2opt,notBad
4804,4,682.39,4,667.1199999999999,2opt,improve
4805,4,676.6299999999999,4,667.1199999999999,move,improve
4806,4,676.6299999999999,4,667.1199999999999,swap,notBad
4807,4,676.6299999999999,4,667.1199999999999,move,improve
4808,4,676.6299999999999,4,667.1199999999999,2opt,notBad
4809,4,676.6299999999999,4,667.1199999999999,swap,notBad
4810,4,676.6299999999999,4,667.1199999999999,2opt,notBad
4811,4,676.6299999999999,4,667.1199999999999,2opt,notBad
4812,4,676.6299999999999,4,667.1199999999999,swap,notBad
4813,4,676.6299999999999,4,667.1199999999999,move,improve
4814,4,676.6299999999999,4,667.1199999999999,swap,notBad
4815,4,676.6299999999999,4,667.1199999999999,2opt,notBad
4816,4,676.6299999999999,4,667.1199999999999,2opt,notBad
4817,4,674.3499999999999,4,667.1199999999999,move,improve
4818,4,674.3499999999999,4,667.1199999999999,2opt,notBad
4819,4,674.3499999999999,4,667.1199999999999,2opt,notBad
4820,4,674.3499999999999,4,667.1199999999999,2opt,notBad
4821,4,674.3499999999999,4,667.1199999999999,swap,notBad
4822,4,674.3499999999999,4,667.1199999999999,2opt,notBad
4823,4,674.3499999999999,4,667.1199999999999,swap,notBad
4824,4,674.3499999999999,4,667.1199999999999,move,improve
4825,4,674.3499999999999,4,667.1199999999999,swap,notBad
4826,4,674.3499999999999,4,667.1199999999999,move,improve
4827,4,674.3499999999999,4,667.1199999999999,swap,notBad
4828,4,674.3499999999999,4,667.1199999999999,2opt,notBad
4829,4,674.3499999999999,4,667.1199999999999,move,improve
4830,4,674.3499999999999,4,667.1199999999999,move,improve
4831,4,676.0300000000001,4,667.1199999999999,swap,acceptBad
4832,4,676.0300000000001,4,667.1199999999999,2opt,notBad
4833,4,676.0300000000001,4,667.1199999999999,2opt,notBad
4834,4,676.0300000000001,4,667.1199999999999,swap,notBad
4835,4,676.0300000000001,4,667.1199999999999,swap,notBad
4836,4,676.0300000000001,4,667.1199999999999,2opt,notBad
4837,4,676.0300000000001,4,667.1199999999999,2opt,notBad
4838,4,676.0300000000001,4,667.1199999999999,move,improve
4839,4,676.0300000000001,4,667.1199999999999,move,improve
4840,4,676.0300000000001,4,667.1199999999999,2opt,notBad
4841,4,676.0300000000001,4,667.1199999999999,2opt,notBad
4842,4,676.0300000000001,4,667.1199999999999,2opt,notBad
4843,4,676.0300000000001,4,667.1199999999999,swap,notBad
4844,4,676.0300000000001,4,667.1199999999999,2opt,notBad
4845,4,676.0300000000001,4,667.1199999999999,2opt,notBad
4846,4,676.0300000000001,4,667.1199999999999,move,improve
4847,4,676.0300000000001,4,667.1199999999999,swap,notBad
4848,4,676.0300000000001,4,667.1199999999999,2opt,notBad
4849,4,676.0300000000001,4,667.1199999999999,swap,notBad
4850,4,676.0300000000001,4,667.1199999999999,swap,notBad
4851,4,675.22,4,667.1199999999999,move,improve
4852,4,675.22,4,667.1199999999999,2opt,notBad
4853,4,675.22,4,667.1199999999999,swap,notBad
4854,4,675.22,4,667.1199999999999,move,improve
4855,4,675.22,4,667.1199999999999,swap,notBad
4856,4,675.22,4,667.1199999999999,move,improve
4857,4,675.22,4,667.1199999999999,move,improve
4858,4,675.22,4,667.1199999999999,2opt,notBad
4859,4,675.22,4,667.1199999999999,2opt,notBad
4860,4,675.22,4,667.1199999999999,2opt,improve
4861,4,675.22,4,667.1199999999999,swap,notBad
4862,4,675.22,4,667.1199999999999,2opt,notBad
4863,4,675.22,4,667.1199999999999,move,improve
4864,4,675.22,4,667.1199999999999,swap,notBad
4865,4,675.22,4,667.1199999999999,2opt,notBad
4866,4,675.22,4,667.1199999999999,2opt,notBad
4867,4,675.22,4,667.1199999999999,swap,notBad
4868,4,675.22,4,667.1199999999999,swap,notBad
4869,4,675.22,4,667.1199999999999,swap,notBad
4870,4,675.22,4,667.1199999999999,2opt,notBad
4871,4,675.22,4,667.1199999999999,swap,notBad
4872,4,675.22,4,667.1199999999999,2opt,notBad
4873,4,675.22,4,667.1199999999999,move,improve
4874,4,675.22,4,667.1199999999999,2opt,notBad
4875,4,675.22,4,667.1199999999999,move,improve
4876,4,664.52,4,664.52,move,newBest
4877,4,664.52,4,664.52,move,improve
4878,4,664.52,4,664.52,2opt,notBad
4879,4,664.52,4,664.52,swap,notBad
4880,4,662.18,4,662.18,move,newBest
4881,4,662.18,4,662.18,swap,notBad
4882,4,662.18,4,662.18,2opt,notBad
4883,4,662.18,4,662.18,move,improve
4884,4,662.18,4,662.18,swap,notBad
4885,4,662.18,4,662.18,swap,notBad
4886,4,662.18,4,662.18,2opt,notBad
4887,4,662.18,4,662.18,swap,notBad
4888,4,662.18,4,662.18,swap,notBad
4889,4,662.18,4,662.18,2opt,improve
4890,4,662.18,4,662.18,move,improve
4891,4,662.18,4,662.18,swap,notBad
4892,4,662.18,4,662.18,move,improve
4893,4,662.18,4,662.18,2opt,notBad
4894,4,662.18,4,662.18,swap,notBad
4895,4,662.18,4,662.18,swap,notBad
4896,4,662.18,4,662.18,swap,notBad
4897,4,662.18,4,662.18,swap,notBad
4898,4,662.18,4,662.18,swap,notBad
4899,4,662.18,4,662.18,swap,notBad
4900,4,654.88,4,654.88,move,newBest
4901,4,654.88,4,654.88,move,improve
4902,4,654.88,4,654.88,move,improve
4903,4,654.88,4,654.88,move,improve
4904,4,654.88,4,654.88,2opt,notBad
4905,4,654.88,4,654.88,swap,notBad
4906,4,654.88,4,654.88,swap,notBad
4907,4,654.88,4,654.88,2opt,notBad
4908,4,654.4799999999999,4,654.4799999999999,move,newBest
4909,4,654.4799999999999,4,654.4799999999999,2opt,notBad
4910,4,654.4799999999999,4,654.4799999999999,move,improve
4911,4,654.4799999999999,4,654.4799999999999,swap,notBad
4912,4,654.4799999999999,4,654.4799999999999,swap,notBad
4913,4,654.4799999999999,4,654.4799999999999,swap,notBad
4914,4,647.5499999999998,4,647.5499999999998,move,newBest
4915,4,647.5499999999998,4,647.5499999999998,move,improve
4916,4,647.5499999999998,4,647.5499999999998,swap,notBad
4917,4,647.5499999999998,4,647.5499999999998,swap,notBad
4918,4,647.5499999999998,4,647.5499999999998,2opt,notBad
4919,4,647.17,4,647.17,move,newBest
4920,4,647.17,4,647.17,swap,notBad
4921,4,647.17,4,647.17,swap,notBad
4922,4,647.17,4,647.17,move,improve
4923,4,647.17,4,647.17,swap,notBad
4924,4,647.17,4,647.17,swap,notBad
4925,4,647.17,4,647.17,swap,notBad
4926,4,647.17,4,647.17,2opt,notBad
4927,4,640.99,4,640.99,move,newBest
4928,4,640.99,4,640.99,2opt,notBad
4929,4,640.99,4,640.99,swap,notBad
4930,4,640.99,4,640.99,move,improve
4931,4,646.48,4,640.99,swap,acceptBad
4932,4,646.48,4,640.99,swap,notBad
4933,4,646.48,4,640.99,swap,notBad
4934,4,646.48,4,640.99,swap,notBad
4935,4,646.48,4,640.99,swap,notBad
4936,4,646.48,4,640.99,swap,notBad
4937,4,646.48,4,640.99,swap,notBad
4938,4,646.48,4,640.99,2opt,notBad
4939,4,656.6500000000001,4,640.99,move,acceptBad
4940,4,656.6500000000001,4,640.99,2opt,notBad
4941,4,658.37,4,640.99,swap,acceptBad
4942,4,657.47,4,640.99,move,improve
4943,4,657.0299999999999,4,640.99,move,improve
4944,4,657.0299999999999,4,640.99,2opt,notBad
4945,4,657.0299999999999,4,640.99,swap,notBad
4946,4,657.0299999999999,4,640.99,2opt,notBad
4947,4,657.0299999999999,4,640.99,2opt,notBad
4948,4,657.0299999999999,4,640.99,2opt,notBad
4949,4,657.0299999999999,4,640.99,2opt,notBad
4950,4,657.0299999999999,4,640.99,swap,notBad
4951,4,657.0299999999999,4,640.99,2opt,notBad
4952,4,657.0299999999999,4,640.99,swap,notBad
4953,4,657.0299999999999,4,640.99,swap,notBad
4954,4,657.0299999999999,4,640.99,swap,notBad
4955,4,657.0299999999999,4,640.99,move,improve
4956,4,657.0299999999999,4,640.99,swap,notBad
4957,4,657.0299999999999,4,640.99,2opt,notBad
4958,4,655.0799999999999,4,640.99,move,improve
4959,4,655.0799999999999,4,640.99,2opt,notBad
4960,4,655.0799999999999,4,640.99,swap,notBad
4961,4,655.0799999999999,4,640.99,2opt,notBad
4962,4,655.0799999999999,4,640.99,2opt,notBad
4963,4,655.0799999999999,4,640.99,2opt,notBad
4964,4,655.0799999999999,4,640.99,swap,notBad
4965,4,655.0799999999999,4,640.99,2opt,notBad
4966,4,655.0799999999999,4,640.99,2opt,notBad
4967,4,655.0799999999999,4,640.99,2opt,notBad
4968,4,653.4599999999998,4,640.99,move,improve
4969,4,653.4599999999998,4,640.99,2opt,notBad
4970,4,653.4599999999998,4,640.99,2opt,notBad
4971,4,653.4599999999998,4,640.99,swap,notBad
4972,4,653.4599999999998,4,640.99,swap,notBad
4973,4,653.4599999999998,4,640.99,swap,notBad
4974,4,653.4599999999998,4,640.99,swap,notBad
4975,4,653.4599999999998,4,640.99,swap,notBad
4976,4,653.4599999999998,4,640.99,swap,notBad
4977,4,653.4599999999998,4,640.99,move,improve
4978,4,653.4599999999998,4,640.99,move,improve
4979,4,653.1,4,640.99,move,improve
4980,4,653.1,4,640.99,swap,notBad
4981,4,653.1,4,640.99,swap,notBad
4982,4,653.1,4,640.99,move,improve
4983,4,653.1,4,640.99,swap,notBad
4984,4,653.1,4,640.99,swap,notBad
4985,4,653.1,4,640.99,move,improve
4986,4,653.1,4,640.99,move,improve
4987,4,653.1,4,640.99,2opt,notBad
4988,4,653.1,4,640.99,move,improve
4989,4,657.4200000000001,4,640.99,move,acceptBad
4990,4,630.46,4,630.46,move,newBest
4991,4,630.46,4,630.46,2opt,notBad
4992,4,630.46,4,630.46,swap,notBad
4993,4,630.46,4,630.46,swap,notBad
4994,4,630.46,4,630.46,2opt,notBad
4995,4,630.46,4,630.46,2opt,notBad
4996,4,630.46,4,630.46,swap,notBad
4997,4,630.46,4,630.46,swap,notBad
4998,4,626.8,4,626.8,move,newBest
4999,4,626.8,4,626.8,move,improve
5000,4,626.8,4,626.8,move,improve
5001,4,626.8,4,626.8,swap,notBad
5002,4,626.8,4,626.8,swap,notBad
5003,4,626.8,4,626.8,2opt,notBad
5004,4,626.8,4,626.8,move,improve
5005,4,623.83,4,623.83,move,newBest
5006,4,623.83,4,623.83,swap,notBad
5007,4,623.83,4,623.83,2opt,notBad
5008,4,623.83,4,623.83,move,improve
5009,4,623.83,4,623.83,move,improve
5010,4,623.83,4,623.83,2opt,notBad
5011,4,623.83,4,623.83,move,improve
5012,4,623.83,4,623.83,move,improve
5013,4,623.83,4,623.83,move,improve
5014,4,623.83,4,623.83,move,improve
5015,4,623.83,4,623.83,swap,notBad
5016,4,623.83,4,623.83,move,improve
5017,4,619.5099999999999,4,619.5099999999999,move,newBest
5018,4,619.5099999999999,4,619.5099999999999,swap,notBad
5019,4,619.5099999999999,4,619.5099999999999,swap,notBad
5020,4,619.5099999999999,4,619.5099999999999,2opt,notBad
5021,4,619.5099999999999,4,619.5099999999999,move,improve
5022,4,619.5099999999999,4,619.5099999999999,swap,notBad
5023,4,619.5099999999999,4,619.5099999999999,move,improve
5024,4,619.5099999999999,4,619.5099999999999,move,improve
5025,4,619.5099999999999,4,619.5099999999999,swap,notBad
5026,4,619.5099999999999,4,619.5099999999999,move,improve
5027,4,619.5099999999999,4,619.5099999999999,swap,notBad
5028,4,619.5099999999999,4,619.5099999999999,2opt,notBad
5029,4,627.01,4,619.5099999999999,swap,acceptBad
5030,4,627.01,4,619.5099999999999,swap,notBad
5031,4,627.01,4,619.5099999999999,move,improve
5032,4,627.01,4,619.5099999999999,move,improve
5033,4,627.37,4,619.5099999999999,2opt,acceptBad
5034,4,627.37,4,619.5099999999999,swap,notBad
5035,4,627.37,4,619.5099999999999,swap,notBad
5036,4,627.37,4,619.5099999999999,move,improve
5037,4,627.37,4,619.5099999999999,move,improve
5038,4,626.7199999999999,4,619.5099999999999,swap,improve
5039,4,626.7199999999999,4,619.5099999999999,2opt,notBad
5040,4,626.7199999999999,4,619.5099999999999,2opt,notBad
5041,4,626.7199999999999,4,619.5099999999999,move,improve
5042,4,626.7199999999999,4,619.5099999999999,swap,notBad
5043,4,626.7199999999999,4,619.5099999999999,swap,notBad
5044,4,626.7199999999999,4,619.5099999999999,swap,notBad
5045,4,626.7199999999999,4,619.5099999999999,2opt,notBad
5046,4,626.7199999999999,4,619.5099999999999,move,improve
5047,4,626.7199999999999,4,619.5099999999999,move,improve
5048,4,626.7199999999999,4,619.5099999999999,swap,notBad
5049,4,626.7199999999999,4,619.5099999999999,swap,notBad
5050,4,626.7199999999999,4,619.5099999999999,move,improve
5051,4,626.7199999999999,4,619.5099999999999,2opt,notBad
5052,4,626.7199999999999,4,619.5099999999999,move,improve
5053,4,622.56,4,619.5099999999999,move,improve
5054,4,622.56,4,619.5099999999999,move,improve
5055,4,622.56,4,619.5099999999999,2opt,notBad
5056,4,622.56,4,619.5099999999999,swap,notBad
5057,4,622.56,4,619.5099999999999,swap,notBad
5058,4,622.56,4,619.5099999999999,move,improve
5059,4,622.56,4,619.5099999999999,swap,notBad
5060,4,622.56,4,619.5099999999999,2opt,notBad
5061,4,622.56,4,619.5099999999999,2opt,notBad
5062,4,622.56,4,619.5099999999999,move,improve
5063,4,622.56,4,619.5099999999999,move,improve
5064,4,622.56,4,619.5099999999999,2opt,notBad
5065,4,622.56,4,619.5099999999999,2opt,notBad
5066,4,622.56,4,619.5099999999999,swap,notBad
5067,4,622.56,4,619.5099999999999,move,improve
5068,4,622.56,4,619.5099999999999,2opt,notBad
5069,4,622.56,4,619.5099999999999,move,improve
5070,4,622.56,4,619.5099999999999,swap,notBad
5071,4,622.56,4,619.5099999999999,move,improve
5072,4,622.56,4,619.5099999999999,2opt,notBad
5073,4,622.56,4,619.5099999999999,move,improve
5074,4,622.56,4,619.5099999999999,swap,notBad
5075,4,622.56,4,619.5099999999999,2opt,notBad
5076,4,622.56,4,619.5099999999999,swap,notBad
5077,4,622.56,4,619.5099999999999,swap,notBad
5078,4,622.56,4,619.5099999999999,swap,notBad
5079,4,622.56,4,619.5099999999999,swap,notBad
5080,4,622.56,4,619.5099999999999,2opt,notBad
5081,4,621.8499999999999,4,619.5099999999999,move,improve
5082,4,621.8499999999999,4,619.5099999999999,move,improve
5083,4,621.8499999999999,4,619.5099999999999,move,improve
5084,4,621.8499999999999,4,619.5099999999999,swap,notBad
5085,4,621.8499999999999,4,619.5099999999999,swap,notBad
5086,4,626.0099999999999,4,619.5099999999999,swap,acceptBad
5087,4,626.0099999999999,4,619.5099999999999,2opt,notBad
5088,4,626.0099999999999,4,619.5099999999999,swap,notBad
5089,4,626.0099999999999,4,619.5099999999999,move,improve
5090,4,626.0099999999999,4,619.5099999999999,move,improve
5091,4,626.0099999999999,4,619.5099999999999,move,improve
5092,4,626.0099999999999,4,619.5099999999999,2opt,notBad
5093,4,626.0099999999999,4,619.5099999999999,swap,notBad
5094,4,626.0099999999999,4,619.5099999999999,2opt,notBad
5095,4,626.0099999999999,4,619.5099999999999,2opt,notBad
5096,4,626.0099999999999,4,619.5099999999999,move,improve
5097,4,626.0099999999999,4,619.5099999999999,swap,notBad
5098,4,626.0099999999999,4,619.5099999999999,swap,notBad
5099,4,626.0099999999999,4,619.5099999999999,2opt,notBad
5100,4,626.0099999999999,4,619.5099999999999,swap,notBad
5101,4,626.0099999999999,4,619.5099999999999,move,improve
5102,4,626.0099999999999,4,619.5099999999999,swap,notBad
5103,4,626.0099999999999,4,619.5099999999999,swap,notBad
5104,4,626.0099999999999,4,619.5099999999999,move,improve
5105,4,626.0099999999999,4,619.5099999999999,2opt,notBad
5106,4,626.0099999999999,4,619.5099999999999,2opt,notBad
5107,4,626.0099999999999,4,619.5099999999999,swap,notBad
5108,4,626.0099999999999,4,619.5099999999999,swap,notBad
5109,4,626.0099999999999,4,619.5099999999999,move,improve
5110,4,626.0099999999999,4,619.5099999999999,swap,notBad
5111,4,626.0099999999999,4,619.5099999999999,move,improve
5112,4,626.0099999999999,4,619.5099999999999,swap,notBad
5113,4,626.0099999999999,4,619.5099999999999,2opt,notBad
5114,4,626.0099999999999,4,619.5099999999999,swap,notBad
5115,4,621.8499999999999,4,619.5099999999999,move,improve
5116,4,621.8499999999999,4,619.5099999999999,swap,notBad
5117,4,621.8499999999999,4,619.5099999999999,move,improve
5118,4,621.8499999999999,4,619.5099999999999,swap,notBad
5119,4,621.8499999999999,4,619.5099999999999,2opt,notBad
5120,4,621.8499999999999,4,619.5099999999999,move,improve
5121,4,621.8499999999999,4,619.5099999999999,move,improve
5122,4,621.8499999999999,4,619.5099999999999,move,improve
5123,4,621.8499999999999,4,619.5099999999999,swap,notBad
5124,4,621.8499999999999,4,619.5099999999999,swap,notBad
5125,4,621.8499999999999,4,619.5099999999999,move,improve
5126,4,621.8499999999999,4,619.5099999999999,move,improve
5127,4,621.8499999999999,4,619.5099999999999,swap,notBad
5128,4,621.8499999999999,4,619.5099999999999,2opt,notBad
5129,4,619.4499999999999,4,619.4499999999999,move,newBest
5130,4,616.84,4,616.84,move,newBest
5131,4,616.84,4,616.84,2opt,notBad
5132,4,616.84,4,616.84,swap,notBad
5133,4,616.84,4,616.84,2opt,notBad
5134,4,616.84,4,616.84,2opt,notBad
5135,4,616.84,4,616.84,move,improve
5136,4,616.84,4,616.84,2opt,notBad
5137,4,616.84,4,616.84,swap,notBad
5138,4,616.84,4,616.84,2opt,notBad
5139,4,616.84,4,616.84,2opt,improve
5140,4,616.84,4,616.84,2opt,notBad
5141,4,616.84,4,616.84,2opt,notBad
5142,4,621.95,4,616.84,move,acceptBad
5143,4,621.95,4,616.84,2opt,notBad
5144,4,621.95,4,616.84,move,improve
5145,4,622.49,4,616.84,swap,acceptBad
5146,4,622.49,4,616.84,swap,notBad
5147,4,622.49,4,616.84,2opt,notBad
5148,4,622.49,4,616.84,swap,notBad
5149,4,622.49,4,616.84,2opt,notBad
5150,4,622.49,4,616.84,swap,notBad
5151,4,622.49,4,616.84,move,improve
5152,4,622.49,4,616.84,swap,notBad
5153,4,622.49,4,616.84,move,improve
5154,4,622.49,4,616.84,swap,notBad
5155,4,622.49,4,616.84,2opt,notBad
5156,4,622.49,4,616.84,2opt,notBad
5157,4,622.49,4,616.84,move,improve
5158,4,622.49,4,616.84,2opt,notBad
5159,4,622.49,4,616.84,swap,notBad
5160,4,622.49,4,616.84,2opt,notBad
5161,4,622.49,4,616.84,move,improve
5162,4,622.49,4,616.84,2opt,notBad
5163,4,622.49,4,616.84,move,improve
5164,4,622.49,4,616.84,2opt,notBad
5165,4,622.49,4,616.84,swap,notBad
5166,4,622.49,4,616.84,2opt,notBad
5167,4,622.49,4,616.84,2opt,notBad
5168,4,622.49,4,616.84,swap,notBad
5169,4,622.49,4,616.84,swap,notBad
5170,4,622.49,4,616.84,move,improve
5171,4,622.49,4,616.84,move,improve
5172,4,622.49,4,616.84,2opt,notBad
5173,4,622.49,4,616.84,2opt,notBad
5174,4,622.49,4,616.84,move,improve
5175,4,622.49,4,616.84,swap,notBad
5176,4,622.49,4,616.84,2opt,notBad
5177,4,622.49,4,616.84,2opt,notBad
5178,4,622.49,4,616.84,2opt,notBad
5179,4,622.49,4,616.84,2opt,notBad
5180,4,622.49,4,616.84,2opt,notBad
5181,4,622.49,4,616.84,move,improve
5182,4,616.49,4,616.49,move,newBest
5183,4,616.49,4,616.49,2opt,notBad
5184,4,616.49,4,616.49,swap,notBad
5185,4,616.49,4,616.49,2opt,notBad
5186,4,616.49,4,616.49,move,improve
5187,4,616.49,4,616.49,move,improve
5188,4,616.49,4,616.49,swap,notBad
5189,4,616.49,4,616.49,2opt,notBad
5190,4,616.49,4,616.49,swap,notBad
5191,4,616.49,4,616.49,swap,notBad
5192,4,616.49,4,616.49,swap,notBad
5193,4,616.49,4,616.49,2opt,notBad
5194,4,616.49,4,616.49,swap,notBad
5195,4,616.49,4,616.49,2opt,notBad
5196,4,616.49,4,616.49,2opt,notBad
5197,4,616.49,4,616.49,move,improve
5198,4,616.49,4,616.49,2opt,notBad
5199,4,616.49,4,616.49,swap,notBad
5200,4,616.49,4,616.49,2opt,notBad
5201,4,616.49,4,616.49,swap,notBad
5202,4,616.49,4,616.49,2opt,notBad
5203,4,616.49,4,616.49,2opt,notBad
5204,4,616.49,4,616.49,2opt,notBad
5205,4,616.49,4,616.49,swap,notBad
5206,4,622.73,4,616.49,swap,acceptBad
5207,4,622.73,4,616.49,swap,notBad
5208,4,622.73,4,616.49,2opt,notBad
5209,4,622.73,4,616.49,move,improve
5210,4,622.73,4,616.49,move,improve
5211,4,622.73,4,616.49,2opt,notBad
5212,4,622.73,4,616.49,2opt,notBad
5213,4,622.73,4,616.49,move,improve
5214,4,622.73,4,616.49,move,improve
5215,4,622.73,4,616.49,2opt,notBad
5216,4,622.73,4,616.49,2opt,notBad
5217,4,622.73,4,616.49,swap,notBad
5218,4,622.73,4,616.49,move,improve
5219,4,622.73,4,616.49,move,improve
5220,4,622.73,4,616.49,swap,notBad
5221,4,622.73,4,616.49,move,improve
5222,4,622.73,4,616.49,move,improve
5223,4,622.73,4,616.49,2opt,notBad
5224,4,622.73,4,616.49,2opt,notBad
5225,4,622.73,4,616.49,swap,notBad
5226,4,622.73,4,616.49,2opt,notBad
5227,4,622.73,4,616.49,move,improve
5228,4,622.73,4,616.49,2opt,notBad
5229,4,622.73,4,616.49,move,improve
5230,4,622.73,4,616.49,swap,notBad
5231,4,622.73,4,616.49,move,improve
5232,4,622.73,4,616.49,2opt,notBad
5233,4,622.73,4,616.49,move,improve
5234,4,622.73,4,616.49,move,improve
5235,4,622.73,4,616.49,2opt,notBad
5236,4,622.73,4,616.49,move,improve
5237,4,621.95,4,616.49,move,improve
5238,4,621.95,4,616.49,swap,notBad
5239,4,621.35,4,616.49,move,improve
5240,4,621.35,4,616.49,swap,notBad
5241,4,621.35,4,616.49,2opt,notBad
5242,4,621.35,4,616.49,move,improve
5243,4,621.35,4,616.49,swap,notBad
5244,4,621.35,4,616.49,move,improve
5245,4,621.35,4,616.49,swap,notBad
5246,4,621.35,4,616.49,2opt,notBad
5247,4,627.0500000000001,4,616.49,swap,acceptBad
5248,4,627.0500000000001,4,616.49,2opt,notBad
5249,4,627.0500000000001,4,616.49,swap,notBad
5250,4,625.0100000000001,4,616.49,move,improve
5251,4,625.0100000000001,4,616.49,2opt,notBad
5252,4,625.0100000000001,4,616.49,move,improve
5253,4,625.0100000000001,4,616.49,2opt,improve
5254,4,625.0100000000001,4,616.49,move,improve
5255,4,625.0100000000001,4,616.49,2opt,notBad
5256,4,625.0100000000001,4,616.49,swap,notBad
5257,4,625.0100000000001,4,616.49,move,improve
5258,4,625.0100000000001,4,616.49,swap,notBad
5259,4,625.0100000000001,4,616.49,2opt,notBad
5260,4,625.0100000000001,4,616.49,move,improve
5261,4,625.0100000000001,4,616.49,2opt,notBad
5262,4,625.0100000000001,4,616.49,move,improve
5263,4,625.0100000000001,4,616.49,move,improve
5264,4,625.0100000000001,4,616.49,move,improve
5265,4,625.0100000000001,4,616.49,swap,notBad
5266,4,625.0100000000001,4,616.49,move,improve
5267,4,625.0100000000001,4,616.49,2opt,notBad
5268,4,625.0100000000001,4,616.49,move,improve
5269,4,625.0100000000001,4,616.49,2opt,notBad
5270,4,621.0500000000001,4,616.49,move,improve
5271,4,621.0500000000001,4,616.49,swap,notBad
5272,4,621.0500000000001,4,616.49,move,improve
5273,4,621.0500000000001,4,616.49,2opt,notBad
5274,4,621.0500000000001,4,616.49,move,improve
5275,4,621.0500000000001,4,616.49,2opt,notBad
5276,4,627.3499999999999,4,616.49,swap,acceptBad
5277,4,627.3499999999999,4,616.49,2opt,notBad
5278,4,627.3499999999999,4,616.49,move,improve
5279,4,621.65,4,616.49,move,improve
5280,4,621.65,4,616.49,swap,notBad
5281,4,621.4100000000001,4,616.49,move,improve
5282,4,621.4100000000001,4,616.49,move,improve
5283,4,621.4100000000001,4,616.49,2opt,improve
5284,4,621.4100000000001,4,616.49,swap,notBad
5285,4,621.4100000000001,4,616.49,move,improve
5286,4,623.75,4,616.49,swap,acceptBad
5287,4,623.75,4,616.49,move,improve
5288,4,595.58,4,595.58,move,newBest
5289,4,595.58,4,595.58,swap,notBad
5290,4,595.58,4,595.58,swap,notBad
5291,4,595.58,4,595.58,move,improve
5292,4,595.58,4,595.58,move,improve
5293,4,595.58,4,595.58,swap,notBad
5294,4,595.58,4,595.58,2opt,notBad
5295,4,595.58,4,595.58,move,improve
5296,4,595.58,4,595.58,swap,notBad
5297,4,595.58,4,595.58,2opt,notBad
5298,4,595.58,4,595.58,2opt,notBad
5299,4,595.58,4,595.58,2opt,notBad
5300,4,595.58,4,595.58,swap,notBad
5301,4,595.58,4,595.58,move,improve
5302,4,595.58,4,595.58,move,improve
5303,4,595.58,4,595.58,2opt,notBad
5304,4,595.58,4,595.58,2opt,notBad
5305,4,593.2400000000001,4,593.2400000000001,move,newBest
5306,4,593.2400000000001,4,593.2400000000001,swap,notBad
5307,4,593.2400000000001,4,593.2400000000001,2opt,notBad
5308,4,593.2400000000001,4,593.2400000000001,2opt,notBad
5309,4,593.2400000000001,4,593.2400000000001,swap,notBad
5310,4,593.2400000000001,4,593.2400000000001,2opt,improve
5311,4,593.2400000000001,4,593.2400000000001,move,improve
5312,4,593.2400000000001,4,593.2400000000001,swap,notBad
5313,4,593.2400000000001,4,593.2400000000001,move,improve
5314,4,593.2400000000001,4,593.2400000000001,swap,notBad
5315,4,593.2400000000001,4,593.2400000000001,swap,notBad
5316,4,593.2400000000001,4,593.2400000000001,2opt,notBad
5317,4,593.2400000000001,4,593.2400000000001,move,improve
5318,4,593.2400000000001,4,593.2400000000001,2opt,notBad
5319,4,593.2400000000001,4,593.2400000000001,swap,notBad
5320,4,593.2400000000001,4,593.2400000000001,move,improve
5321,4,595.58,4,593.2400000000001,swap,acceptBad
5322,4,595.58,4,593.2400000000001,swap,notBad
5323,4,595.58,4,593.2400000000001,2opt,notBad
5324,4,595.58,4,593.2400000000001,swap,notBad
5325,4,595.58,4,593.2400000000001,move,improve
5326,4,595.58,4,593.2400000000001,move,improve
5327,4,595.58,4,593.2400000000001,2opt,notBad
5328,4,595.58,4,593.2400000000001,move,improve
5329,4,595.58,4,593.2400000000001,2opt,notBad
5330,4,595.58,4,593.2400000000001,move,improve
5331,4,595.58,4,593.2400000000001,swap,notBad
5332,4,595.58,4,593.2400000000001,2opt,notBad
5333,4,595.58,4,593.2400000000001,move,improve
5334,4,595.58,4,593.2400000000001,swap,notBad
5335,4,595.58,4,593.2400000000001,2opt,notBad
5336,4,595.58,4,593.2400000000001,swap,notBad
5337,4,595.58,4,593.2400000000001,swap,notBad
5338,4,595.58,4,593.2400000000001,2opt,notBad
5339,4,595.58,4,593.2400000000001,2opt,notBad
5340,4,595.58,4,593.2400000000001,2opt,notBad
5341,4,595.58,4,593.2400000000001,move,improve
5342,4,595.58,4,593.2400000000001,2opt,notBad
5343,4,595.58,4,593.2400000000001,2opt,notBad
5344,4,595.58,4,593.2400000000001,2opt,notBad
5345,4,595.58,4,593.2400000000001,swap,notBad
5346,4,595.58,4,593.2400000000001,move,improve
5347,4,595.58,4,593.2400000000001,2opt,notBad
5348,4,595.58,4,593.2400000000001,2opt,notBad
5349,4,595.58,4,593.2400000000001,swap,notBad
5350,4,595.58,4,593.2400000000001,move,improve
5351,4,595.58,4,593.2400000000001,move,improve
5352,4,595.58,4,593.2400000000001,move,improve
5353,4,595.58,4,593.2400000000001,swap,notBad
5354,4,593.96,4,593.2400000000001,move,improve
5355,4,593.96,4,593.2400000000001,2opt,notBad
5356,4,593.96,4,593.2400000000001,2opt,notBad
5357,4,593.96,4,593.2400000000001,swap,notBad
5358,4,593.96,4,593.2400000000001,move,improve
5359,4,593.96,4,593.2400000000001,2opt,notBad
5360,4,593.96,4,593.2400000000001,move,improve
5361,4,593.96,4,593.2400000000001,2opt,notBad
5362,4,593.96,4,593.2400000000001,move,improve
5363,4,593.96,4,593.2400000000001,move,improve
5364,4,593.96,4,593.2400000000001,swap,notBad
5365,4,593.96,4,593.2400000000001,2opt,notBad
5366,4,593.96,4,593.2400000000001,swap,notBad
5367,4,593.96,4,593.2400000000001,move,improve
5368,4,593.96,4,593.2400000000001,swap,notBad
5369,4,593.96,4,593.2400000000001,move,improve
5370,4,593.96,4,593.2400000000001,2opt,improve
5371,4,588.7400000000002,4,588.7400000000002,move,newBest
5372,4,588.7400000000002,4,588.7400000000002,move,improve
5373,4,588.7400000000002,4,588.7400000000002,2opt,notBad
5374,4,588.7400000000002,4,588.7400000000002,swap,notBad
5375,4,588.7400000000002,4,588.7400000000002,swap,notBad
5376,4,588.7400000000002,4,588.7400000000002,2opt,notBad
5377,4,588.7400000000002,4,588.7400000000002,swap,notBad
5378,4,588.7400000000002,4,588.7400000000002,swap,notBad
5379,4,588.7400000000002,4,588.7400000000002,swap,notBad
5380,4,588.7400000000002,4,588.7400000000002,2opt,notBad
5381,4,588.7400000000002,4,588.7400000000002,swap,notBad
5382,4,588.7400000000002,4,588.7400000000002,move,improve
5383,4,588.7400000000002,4,588.7400000000002,move,improve
5384,4,588.7400000000002,4,588.7400000000002,swap,notBad
5385,4,588.7400000000002,4,588.7400000000002,2opt,notBad
5386,4,593.6600000000001,4,588.7400000000002,swap,acceptBad
5387,4,593.6600000000001,4,588.7400000000002,swap,notBad
5388,4,593.6600000000001,4,588.7400000000002,swap,notBad
5389,4,593.6600000000001,4,588.7400000000002,swap,notBad
5390,4,593.6600000000001,4,588.7400000000002,swap,notBad
5391,4,593.6600000000001,4,588.7400000000002,move,improve
5392,4,593.6600000000001,4,588.7400000000002,swap,notBad
5393,4,593.6600000000001,4,588.7400000000002,2opt,notBad
5394,4,593.6600000000001,4,588.7400000000002,2opt,notBad
5395,4,593.6600000000001,4,588.7400000000002,move,improve
5396,4,593.6600000000001,4,588.7400000000002,2opt,notBad
5397,4,593.6600000000001,4,588.7400000000002,move,improve
5398,4,593.6600000000001,4,588.7400000000002,move,improve
5399,4,593.6600000000001,4,588.7400000000002,2opt,notBad
5400,4,593.6600000000001,4,588.7400000000002,swap,notBad
5401,4,592.2800000000001,4,588.7400000000002,move,improve
5402,4,592.2800000000001,4,588.7400000000002,swap,notBad
5403,4,592.2800000000001,4,588.7400000000002,move,improve
5404,4,592.2800000000001,4,588.7400000000002,swap,notBad
5405,4,592.2800000000001,4,588.7400000000002,swap,notBad
5406,4,592.2800000000001,4,588.7400000000002,move,improve
5407,4,592.2800000000001,4,588.7400000000002,move,improve
5408,4,592.2800000000001,4,588.7400000000002,move,improve
5409,4,592.2800000000001,4,588.7400000000002,2opt,notBad
5410,4,592.2800000000001,4,588.7400000000002,2opt,notBad
5411,4,592.2800000000001,4,588.7400000000002,move,improve
5412,4,592.2800000000001,4,588.7400000000002,2opt,notBad
5413,4,592.2800000000001,4,588.7400000000002,move,improve
5414,4,592.2800000000001,4,588.7400000000002,2opt,notBad
5415,4,592.2800000000001,4,588.7400000000002,move,improve
5416,4,592.2800000000001,4,588.7400000000002,move,improve
5417,4,592.2800000000001,4,588.7400000000002,2opt,notBad
5418,4,592.24,4,588.7400000000002,move,improve
5419,4,592.24,4,588.7400000000002,swap,notBad
5420,4,592.24,4,588.7400000000002,move,improve
5421,4,592.24,4,588.7400000000002,move,improve
5422,4,592.24,4,588.7400000000002,2opt,notBad
5423,4,592.24,4,588.7400000000002,swap,notBad
5424,4,592.24,4,588.7400000000002,2opt,notBad
5425,4,592.24,4,588.7400000000002,move,improve
5426,4,592.24,4,588.7400000000002,2opt,notBad
5427,4,592.24,4,588.7400000000002,swap,notBad
5428,4,592.24,4,588.7400000000002,swap,notBad
5429,4,594.3199999999999,4,588.7400000000002,swap,acceptBad
5430,4,594.3199999999999,4,588.7400000000002,swap,notBad
5431,4,594.3199999999999,4,588.7400000000002,2opt,notBad
5432,4,594.3199999999999,4,588.7400000000002,swap,notBad
5433,4,594.3199999999999,4,588.7400000000002,swap,notBad
5434,4,594.3199999999999,4,588.7400000000002,2opt,improve
5435,4,594.3199999999999,4,588.7400000000002,move,improve
5436,4,587.7600000000001,4,587.7600000000001,move,newBest
5437,4,587.7600000000001,4,587.7600000000001,move,improve
5438,4,587.7600000000001,4,587.7600000000001,move,improve
5439,4,587.7600000000001,4,587.7600000000001,swap,notBad
5440,4,587.7600000000001,4,587.7600000000001,move,improve
5441,4,587.7600000000001,4,587.7600000000001,2opt,notBad
5442,4,587.7600000000001,4,587.7600000000001,2opt,notBad
5443,4,587.7600000000001,4,587.7600000000001,swap,notBad
5444,4,587.7600000000001,4,587.7600000000001,swap,notBad
5445,4,587.7600000000001,4,587.7600000000001,swap,notBad
5446,4,587.7600000000001,4,587.7600000000001,move,improve
5447,4,587.7600000000001,4,587.7600000000001,swap,notBad
5448,4,587.7600000000001,4,587.7600000000001,swap,notBad
5449,4,587.7600000000001,4,587.7600000000001,move,improve
5450,4,587.7600000000001,4,587.7600000000001,swap,notBad
5451,4,587.7600000000001,4,587.7600000000001,swap,notBad
5452,4,587.7600000000001,4,587.7600000000001,swap,notBad
5453,4,587.7600000000001,4,587.7600000000001,swap,notBad
5454,4,587.7600000000001,4,587.7600000000001,swap,notBad
5455,4,587.7600000000001,4,587.7600000000001,swap,notBad
5456,4,587.7600000000001,4,587.7600000000001,2opt,notBad
5457,4,587.7600000000001,4,587.7600000000001,swap,notBad
5458,4,587.7600000000001,4,587.7600000000001,move,improve
5459,4,587.7600000000001,4,587.7600000000001,swap,notBad
5460,4,587.7600000000001,4,587.7600000000001,2opt,notBad
5461,4,587.7600000000001,4,587.7600000000001,swap,notBad
5462,4,587.7600000000001,4,587.7600000000001,move,improve
5463,4,587.7600000000001,4,587.7600000000001,swap,notBad
5464,4,587.7600000000001,4,587.7600000000001,swap,notBad
5465,4,587.7600000000001,4,587.7600000000001,swap,notBad
5466,4,587.7600000000001,4,587.7600000000001,move,improve
5467,4,587.7600000000001,4,587.7600000000001,move,improve
5468,4,587.7600000000001,4,587.7600000000001,2opt,notBad
5469,4,587.7600000000001,4,587.7600000000001,move,improve
5470,4,587.7600000000001,4,587.7600000000001,move,improve
5471,4,587.7600000000001,4,587.7600000000001,2opt,notBad
5472,4,587.7600000000001,4,587.7600000000001,swap,notBad
5473,4,587.7600000000001,4,587.7600000000001,move,improve
5474,4,587.7600000000001,4,587.7600000000001,2opt,notBad
5475,4,587.7600000000001,4,587.7600000000001,move,improve
5476,4,584.7500000000001,4,584.7500000000001,swap,newBest
5477,4,584.7500000000001,4,584.7500000000001,move,improve
5478,4,584.7500000000001,4,584.7500000000001,move,improve
5479,4,584.7500000000001,4,584.7500000000001,move,improve
5480,4,584.7500000000001,4,584.7500000000001,move,improve
5481,4,584.7500000000001,4,584.7500000000001,move,improve
5482,4,584.7500000000001,4,584.7500000000001,2opt,notBad
5483,4,584.7500000000001,4,584.7500000000001,2opt,notBad
5484,4,582.4100000000001,4,582.4100000000001,move,newBest
5485,4,582.4100000000001,4,582.4100000000001,move,improve
5486,4,582.4100000000001,4,582.4100000000001,swap,notBad
5487,4,582.4100000000001,4,582.4100000000001,2opt,improve
5488,4,582.4100000000001,4,582.4100000000001,swap,notBad
5489,4,582.4100000000001,4,582.4100000000001,swap,notBad
5490,4,582.4100000000001,4,582.4100000000001,swap,notBad
5491,4,582.4100000000001,4,582.4100000000001,move,improve
5492,4,582.4100000000001,4,582.4100000000001,2opt,notBad
5493,4,582.4100000000001,4,582.4100000000001,2opt,notBad
5494,4,582.4100000000001,4,582.4100000000001,2opt,notBad
5495,4,582.4100000000001,4,582.4100000000001,2opt,notBad
5496,4,582.4100000000001,4,582.4100000000001,2opt,notBad
5497,4,582.4100000000001,4,582.4100000000001,move,improve
5498,4,582.4100000000001,4,582.4100000000001,move,improve
5499,4,582.4100000000001,4,582.4100000000001,swap,notBad
5500,4,582.4100000000001,4,582.4100000000001,swap,notBad
5501,4,582.4100000000001,4,582.4100000000001,2opt,notBad
5502,4,582.4100000000001,4,582.4100000000001,2opt,notBad
5503,4,582.4100000000001,4,582.4100000000001,swap,notBad
5504,4,582.4100000000001,4,582.4100000000001,move,improve
5505,4,582.4100000000001,4,582.4100000000001,2opt,notBad
5506,4,582.4100000000001,4,582.4100000000001,swap,notBad
5507,4,582.4100000000001,4,582.4100000000001,move,improve
5508,4,582.4100000000001,4,582.4100000000001,swap,notBad
5509,4,582.4100000000001,4,582.4100000000001,move,improve
5510,4,582.4100000000001,4,582.4100000000001,move,improve
5511,4,582.4100000000001,4,582.4100000000001,swap,notBad
5512,4,582.4100000000001,4,582.4100000000001,swap,notBad
5513,4,582.4100000000001,4,582.4100000000001,move,improve
5514,4,582.4100000000001,4,582.4100000000001,2opt,notBad
5515,4,582.4100000000001,4,582.4100000000001,swap,notBad
5516,4,582.4100000000001,4,582.4100000000001,2opt,notBad
5517,4,582.4100000000001,4,582.4100000000001,swap,notBad
5518,4,582.4100000000001,4,582.4100000000001,move,improve
5519,4,582.4100000000001,4,582.4100000000001,2opt,notBad
5520,4,582.4100000000001,4,582.4100000000001,move,improve
5521,4,582.4100000000001,4,582.4100000000001,2opt,notBad
5522,4,582.4100000000001,4,582.4100000000001,swap,notBad
5523,4,582.0500000000001,4,582.0500000000001,move,newBest
5524,4,582.0500000000001,4,582.0500000000001,move,improve
5525,4,582.0500000000001,4,582.0500000000001,move,improve
5526,4,582.0500000000001,4,582.0500000000001,move,improve
5527,4,582.0500000000001,4,582.0500000000001,move,improve
5528,4,582.0500000000001,4,582.0500000000001,2opt,notBad
5529,4,582.0500000000001,4,582.0500000000001,move,improve
5530,4,582.0500000000001,4,582.0500000000001,move,improve
5531,4,582.0500000000001,4,582.0500000000001,2opt,notBad
5532,4,582.0500000000001,4,582.0500000000001,2opt,improve
5533,4,582.0500000000001,4,582.0500000000001,move,improve
5534,4,582.0500000000001,4,582.0500000000001,2opt,notBad
5535,4,582.0500000000001,4,582.0500000000001,2opt,notBad
5536,4,580.4900000000001,4,580.4900000000001,move,newBest
5537,4,580.4900000000001,4,580.4900000000001,swap,notBad
5538,4,580.4900000000001,4,580.4900000000001,2opt,notBad
5539,4,580.4900000000001,4,580.4900000000001,move,improve
5540,4,580.4900000000001,4,580.4900000000001,move,improve
5541,4,580.4900000000001,4,580.4900000000001,swap,notBad
5542,4,580.4900000000001,4,580.4900000000001,2opt,notBad
5543,4,580.4900000000001,4,580.4900000000001,move,improve
5544,4,580.4900000000001,4,580.4900000000001,move,improve
5545,4,580.4900000000001,4,580.4900000000001,2opt,improve
5546,4,580.4900000000001,4,580.4900000000001,2opt,notBad
5547,4,580.4900000000001,4,580.4900000000001,swap,notBad
5548,4,585.83,4,580.4900000000001,swap,acceptBad
5549,4,585.83,4,580.4900000000001,2opt,notBad
5550,4,585.83,4,580.4900000000001,move,improve
5551,4,585.83,4,580.4900000000001,swap,notBad
5552,4,585.83,4,580.4900000000001,swap,notBad
5553,4,585.83,4,580.4900000000001,2opt,notBad
5554,4,585.83,4,580.4900000000001,move,improve
5555,4,585.83,4,580.4900000000001,2opt,improve
5556,4,590.96,4,580.4900000000001,move,acceptBad
5557,4,590.96,4,580.4900000000001,2opt,notBad
5558,4,590.96,4,580.4900000000001,swap,notBad
5559,4,590.96,4,580.4900000000001,2opt,notBad
5560,4,590.96,4,580.4900000000001,2opt,notBad
5561,4,590.96,4,580.4900000000001,move,improve
5562,4,590.96,4,580.4900000000001,2opt,notBad
5563,4,590.96,4,580.4900000000001,swap,notBad
5564,4,590.96,4,580.4900000000001,2opt,notBad
5565,4,590.96,4,580.4900000000001,2opt,notBad
5566,4,590.96,4,580.4900000000001,swap,notBad
5567,4,590.96,4,580.4900000000001,swap,notBad
5568,4,598.36,4,580.4900000000001,swap,acceptBad
5569,4,598.36,4,580.4900000000001,swap,notBad
5570,4,598.36,4,580.4900000000001,move,improve
5571,4,598.36,4,580.4900000000001,swap,notBad
5572,4,598.36,4,580.4900000000001,move,improve
5573,4,598.36,4,580.4900000000001,2opt,notBad
5574,4,598.36,4,580.4900000000001,2opt,notBad
5575,4,598.36,4,580.4900000000001,2opt,notBad
5576,4,598.36,4,580.4900000000001,move,improve
5577,4,598.36,4,580.4900000000001,swap,notBad
5578,4,598.36,4,580.4900000000001,2opt,notBad
5579,4,598.36,4,580.4900000000001,swap,notBad
5580,4,598.36,4,580.4900000000001,2opt,notBad
5581,4,598.36,4,580.4900000000001,swap,notBad
5582,4,598.36,4,580.4900000000001,move,improve
5583,4,598.36,4,580.4900000000001,2opt,notBad
5584,4,598.36,4,580.4900000000001,2opt,notBad
5585,4,598.36,4,580.4900000000001,move,improve
5586,4,597.1600000000001,4,580.4900000000001,move,improve
5587,4,597.1600000000001,4,580.4900000000001,2opt,notBad
5588,4,596.9100000000002,4,580.4900000000001,move,improve
5589,4,596.9100000000002,4,580.4900000000001,move,improve
5590,4,596.9100000000002,4,580.4900000000001,2opt,notBad
5591,4,596.9100000000002,4,580.4900000000001,2opt,notBad
5592,4,596.9100000000002,4,580.4900000000001,swap,notBad
5593,4,599.6700000000001,4,580.4900000000001,swap,acceptBad
5594,4,599.6700000000001,4,580.4900000000001,swap,notBad
5595,4,599.6700000000001,4,580.4900000000001,2opt,notBad
5596,4,599.6700000000001,4,580.4900000000001,swap,notBad
5597,4,599.6700000000001,4,580.4900000000001,move,improve
5598,4,599.6700000000001,4,580.4900000000001,2opt,notBad
5599,4,599.6700000000001,4,580.4900000000001,2opt,notBad
5600,4,599.6700000000001,4,580.4900000000001,2opt,notBad
5601,4,599.6700000000001,4,580.4900000000001,2opt,notBad
5602,4,599.6700000000001,4,580.4900000000001,2opt,notBad
5603,4,599.6700000000001,4,580.4900000000001,swap,notBad
5604,4,599.6700000000001,4,580.4900000000001,2opt,notBad
5605,4,599.6700000000001,4,580.4900000000001,2opt,notBad
5606,4,599.6700000000001,4,580.4900000000001,move,improve
5607,4,599.6700000000001,4,580.4900000000001,swap,notBad
5608,4,599.6700000000001,4,580.4900000000001,2opt,notBad
5609,4,596.49,4,580.4900000000001,move,improve
5610,4,596.49,4,580.4900000000001,swap,notBad
5611,4,596.49,4,580.4900000000001,2opt,notBad
5612,4,596.49,4,580.4900000000001,move,improve
5613,4,596.49,4,580.4900000000001,2opt,notBad
5614,4,596.49,4,580.4900000000001,2opt,notBad
5615,4,596.49,4,580.4900000000001,2opt,notBad
5616,4,596.49,4,580.4900000000001,swap,notBad
5617,4,596.49,4,580.4900000000001,swap,notBad
5618,4,596.49,4,580.4900000000001,2opt,notBad
5619,4,596.49,4,580.4900000000001,move,improve
5620,4,596.49,4,580.4900000000001,move,improve
5621,4,596.49,4,580.4900000000001,2opt,notBad
5622,4,596.49,4,580.4900000000001,swap,notBad
5623,4,593.73,4,580.4900000000001,move,improve
5624,4,593.73,4,580.4900000000001,swap,notBad
5625,4,593.73,4,580.4900000000001,2opt,notBad
5626,4,593.6700000000001,4,580.4900000000001,move,improve
5627,4,593.6700000000001,4,580.4900000000001,move,improve
5628,4,593.6700000000001,4,580.4900000000001,move,improve
5629,4,593.6700000000001,4,580.4900000000001,move,improve
5630,4,593.6700000000001,4,580.4900000000001,swap,notBad
5631,4,593.6700000000001,4,580.4900000000001,swap,notBad
5632,4,593.6700000000001,4,580.4900000000001,2opt,notBad
5633,4,593.6700000000001,4,580.4900000000001,2opt,notBad
5634,4,593.6700000000001,4,580.4900000000001,2opt,notBad
5635,4,593.6700000000001,4,580.4900000000001,swap,notBad
5636,4,593.6700000000001,4,580.4900000000001,2opt,notBad
5637,4,593.5500000000001,4,580.4900000000001,move,improve
5638,4,593.5500000000001,4,580.4900000000001,swap,notBad
5639,4,593.5500000000001,4,580.4900000000001,move,improve
5640,4,593.5500000000001,4,580.4900000000001,swap,notBad
5641,4,593.5500000000001,4,580.4900000000001,2opt,improve
5642,4,593.5500000000001,4,580.4900000000001,2opt,notBad
5643,4,593.5500000000001,4,580.4900000000001,2opt,notBad
5644,4,592.9500000000002,4,580.4900000000001,move,improve
5645,4,592.9500000000002,4,580.4900000000001,2opt,notBad
5646,4,592.9500000000002,4,580.4900000000001,swap,notBad
5647,4,592.9500000000002,4,580.4900000000001,move,improve
5648,4,592.9500000000002,4,580.4900000000001,2opt,notBad
5649,4,592.9500000000002,4,580.4900000000001,2opt,notBad
5650,4,592.9500000000002,4,580.4900000000001,move,improve
5651,4,592.9500000000002,4,580.4900000000001,swap,notBad
5652,4,592.9500000000002,4,580.4900000000001,swap,notBad
5653,4,592.9500000000002,4,580.4900000000001,move,improve
5654,4,592.9500000000002,4,580.4900000000001,2opt,notBad
5655,4,592.9500000000002,4,580.4900000000001,move,improve
5656,4,592.9500000000002,4,580.4900000000001,swap,notBad
5657,4,592.9500000000002,4,580.4900000000001,2opt,notBad
5658,4,592.9500000000002,4,580.4900000000001,swap,notBad
5659,4,592.9500000000002,4,580.4900000000001,swap,notBad
5660,4,592.9500000000002,4,580.4900000000001,move,improve
5661,4,592.9500000000002,4,580.4900000000001,2opt,notBad
5662,4,592.9500000000002,4,580.4900000000001,2opt,notBad
5663,4,592.9500000000002,4,580.4900000000001,swap,notBad
5664,4,592.9500000000002,4,580.4900000000001,2opt,notBad
5665,4,592.9500000000002,4,580.4900000000001,swap,notBad
5666,4,592.9500000000002,4,580.4900000000001,2opt,notBad
5667,4,592.9500000000002,4,580.4900000000001,move,improve
5668,4,592.9500000000002,4,580.4900000000001,move,improve
5669,4,592.9500000000002,4,580.4900000000001,swap,notBad
5670,4,592.9500000000002,4,580.4900000000001,2opt,notBad
5671,4,592.9500000000002,4,580.4900000000001,swap,notBad
5672,4,592.9500000000002,4,580.4900000000001,2opt,notBad
5673,4,592.9500000000002,4,580.4900000000001,swap,notBad
5674,4,592.9500000000002,4,580.4900000000001,swap,notBad
5675,4,592.9500000000002,4,580.4900000000001,move,improve
5676,4,592.9500000000002,4,580.4900000000001,move,improve
5677,4,592.9500000000002,4,580.4900000000001,move,improve
5678,4,592.9500000000002,4,580.4900000000001,2opt,notBad
5679,4,592.9500000000002,4,580.4900000000001,2opt,notBad
5680,4,592.9500000000002,4,580.4900000000001,swap,notBad
5681,4,587.7300000000001,4,580.4900000000001,move,improve
5682,4,587.7300000000001,4,580.4900000000001,move,improve
5683,4,587.7300000000001,4,580.4900000000001,2opt,notBad
5684,4,587.7300000000001,4,580.4900000000001,2opt,notBad
5685,4,587.7300000000001,4,580.4900000000001,2opt,notBad
5686,4,587.7300000000001,4,580.4900000000001,swap,notBad
5687,4,587.7300000000001,4,580.4900000000001,swap,notBad
5688,4,587.7300000000001,4,580.4900000000001,2opt,notBad
5689,4,587.7300000000001,4,580.4900000000001,move,improve
5690,4,587.7300000000001,4,580.4900000000001,move,improve
5691,4,587.1300000000001,4,580.4900000000001,move,improve
5692,4,587.1300000000001,4,580.4900000000001,move,improve
5693,4,587.1300000000001,4,580.4900000000001,2opt,notBad
5694,4,587.1300000000001,4,580.4900000000001,swap,notBad
5695,4,587.1300000000001,4,580.4900000000001,move,improve
5696,4,586.86,4,580.4900000000001,move,improve
5697,4,586.86,4,580.4900000000001,swap,notBad
5698,4,586.86,4,580.4900000000001,move,improve
5699,4,586.86,4,580.4900000000001,swap,notBad
5700,4,586.86,4,580.4900000000001,swap,notBad
5701,4,586.86,4,580.4900000000001,2opt,notBad
5702,4,586.86,4,580.4900000000001,swap,notBad
5703,4,586.86,4,580.4900000000001,move,improve
5704,4,586.86,4,580.4900000000001,2opt,improve
5705,4,586.86,4,580.4900000000001,swap,notBad
5706,4,586.86,4,580.4900000000001,swap,notBad
5707,4,586.86,4,580.4900000000001,move,improve
5708,4,583.5400000000001,4,580.4900000000001,move,improve
5709,4,584.1400000000001,4,580.4900000000001,move,acceptBad
5710,4,584.1400000000001,4,580.4900000000001,2opt,improve
5711,4,584.1400000000001,4,580.4900000000001,swap,notBad
5712,4,584.1400000000001,4,580.4900000000001,2opt,notBad
5713,4,584.1400000000001,4,580.4900000000001,2opt,notBad
5714,4,584.1400000000001,4,580.4900000000001,move,improve
5715,4,584.1400000000001,4,580.4900000000001,2opt,notBad
5716,4,584.1400000000001,4,580.4900000000001,move,improve
5717,4,584.1400000000001,4,580.4900000000001,2opt,notBad
5718,4,584.1400000000001,4,580.4900000000001,swap,notBad
5719,4,584.1400000000001,4,580.4900000000001,move,improve
5720,4,584.1400000000001,4,580.4900000000001,move,improve
5721,4,584.1400000000001,4,580.4900000000001,2opt,notBad
5722,4,584.1400000000001,4,580.4900000000001,swap,notBad
5723,4,584.1400000000001,4,580.4900000000001,2opt,notBad
5724,4,584.1400000000001,4,580.4900000000001,2opt,notBad
5725,4,584.1400000000001,4,580.4900000000001,2opt,notBad
5726,4,584.1400000000001,4,580.4900000000001,swap,notBad
5727,4,584.1400000000001,4,580.4900000000001,move,improve
5728,4,583.5400000000001,4,580.4900000000001,move,improve
5729,4,583.5400000000001,4,580.4900000000001,swap,notBad
5730,4,583.5400000000001,4,580.4900000000001,swap,notBad
5731,4,585.8800000000001,4,580.4900000000001,swap,acceptBad
5732,4,585.8800000000001,4,580.4900000000001,2opt,notBad
5733,4,585.8800000000001,4,580.4900000000001,swap,notBad
5734,4,585.8800000000001,4,580.4900000000001,2opt,notBad
5735,4,585.8800000000001,4,580.4900000000001,move,improve
5736,4,585.8800000000001,4,580.4900000000001,swap,notBad
5737,4,583.5400000000001,4,580.4900000000001,move,improve
5738,4,583.5400000000001,4,580.4900000000001,swap,notBad
5739,4,583.5400000000001,4,580.4900000000001,2opt,notBad
5740,4,583.5400000000001,4,580.4900000000001,swap,notBad
5741,4,583.5400000000001,4,580.4900000000001,move,improve
5742,4,583.5400000000001,4,580.4900000000001,2opt,notBad
5743,4,583.5400000000001,4,580.4900000000001,move,improve
5744,4,584.7,4,580.4900000000001,swap,acceptBad
5745,4,584.7,4,580.4900000000001,2opt,notBad
5746,4,584.7,4,580.4900000000001,move,improve
5747,4,584.7,4,580.4900000000001,swap,notBad
5748,4,584.7,4,580.4900000000001,move,improve
5749,4,584.7,4,580.4900000000001,swap,notBad
5750,4,584.7,4,580.4900000000001,move,improve
5751,4,584.7,4,580.4900000000001,move,improve
5752,4,584.7,4,580.4900000000001,swap,notBad
5753,4,584.7,4,580.4900000000001,2opt,notBad
5754,4,584.7,4,580.4900000000001,2opt,notBad
5755,4,584.7,4,580.4900000000001,2opt,notBad
5756,4,584.7,4,580.4900000000001,move,improve
5757,4,584.7,4,580.4900000000001,swap,notBad
5758,4,584.7,4,580.4900000000001,move,improve
5759,4,584.7,4,580.4900000000001,swap,notBad
5760,4,584.7,4,580.4900000000001,2opt,notBad
5761,4,584.7,4,580.4900000000001,2opt,notBad
5762,4,584.7,4,580.4900000000001,swap,notBad
5763,4,584.7,4,580.4900000000001,swap,notBad
5764,4,584.7,4,580.4900000000001,move,improve
5765,4,584.7,4,580.4900000000001,swap,notBad
5766,4,584.7,4,580.4900000000001,swap,notBad
5767,4,584.7,4,580.4900000000001,2opt,improve
5768,4,584.7,4,580.4900000000001,swap,notBad
5769,4,584.7,4,580.4900000000001,move,improve
5770,4,584.7,4,580.4900000000001,move,improve
5771,4,584.7,4,580.4900000000001,swap,notBad
5772,4,584.7,4,580.4900000000001,2opt,improve
5773,4,584.7,4,580.4900000000001,2opt,notBad
5774,4,584.7,4,580.4900000000001,swap,notBad
5775,4,584.7,4,580.4900000000001,swap,notBad
5776,4,584.7,4,580.4900000000001,move,improve
5777,4,584.7,4,580.4900000000001,swap,notBad
5778,4,584.7,4,580.4900000000001,2opt,notBad
5779,4,584.7,4,580.4900000000001,move,improve
5780,4,584.7,4,580.4900000000001,2opt,notBad
5781,4,584.7,4,580.4900000000001,move,improve
5782,4,584.7,4,580.4900000000001,2opt,notBad
5783,4,584.7,4,580.4900000000001,2opt,notBad
5784,4,584.7,4,580.4900000000001,2opt,improve
5785,4,584.7,4,580.4900000000001,2opt,notBad
5786,4,584.7,4,580.4900000000001,2opt,notBad
5787,4,584.7,4,580.4900000000001,2opt,notBad
5788,4,584.7,4,580.4900000000001,2opt,notBad
5789,4,584.7,4,580.4900000000001,2opt,notBad
5790,4,584.7,4,580.4900000000001,move,improve
5791,4,584.7,4,580.4900000000001,2opt,notBad
5792,4,584.7,4,580.4900000000001,2opt,notBad
5793,4,584.7,4,580.4900000000001,move,improve
5794,4,584.7,4,580.4900000000001,swap,notBad
5795,4,584.7,4,580.4900000000001,move,improve
5796,4,584.7,4,580.4900000000001,2opt,notBad
5797,4,583.5400000000001,4,580.4900000000001,move,improve
5798,4,583.5400000000001,4,580.4900000000001,move,improve
5799,4,583.5400000000001,4,580.4900000000001,swap,notBad
5800,4,583.5400000000001,4,580.4900000000001,2opt,notBad
5801,4,583.5400000000001,4,580.4900000000001,2opt,notBad
5802,4,583.5400000000001,4,580.4900000000001,swap,notBad
5803,4,583.5400000000001,4,580.4900000000001,2opt,notBad
5804,4,583.5400000000001,4,580.4900000000001,2opt,notBad
5805,4,581.26,4,580.4900000000001,move,improve
5806,4,581.26,4,580.4900000000001,move,improve
5807,4,581.26,4,580.4900000000001,2opt,notBad
5808,4,581.26,4,580.4900000000001,move,improve
5809,4,581.26,4,580.4900000000001,move,improve
5810,4,581.26,4,580.4900000000001,2opt,notBad
5811,4,581.26,4,580.4900000000001,2opt,notBad
5812,4,581.86,4,580.4900000000001,move,acceptBad
5813,4,581.86,4,580.4900000000001,move,improve
5814,4,581.86,4,580.4900000000001,move,improve
5815,4,581.86,4,580.4900000000001,2opt,notBad
5816,4,581.86,4,580.4900000000001,move,improve
5817,4,581.86,4,580.4900000000001,2opt,notBad
5818,4,581.86,4,580.4900000000001,swap,notBad
5819,4,581.86,4,580.4900000000001,2opt,notBad
5820,4,581.86,4,580.4900000000001,swap,notBad
5821,4,581.86,4,580.4900000000001,swap,notBad
5822,4,581.86,4,580.4900000000001,swap,notBad
5823,4,581.86,4,580.4900000000001,move,improve
5824,4,581.86,4,580.4900000000001,move,improve
5825,4,581.86,4,580.4900000000001,move,improve
5826,4,581.86,4,580.4900000000001,2opt,notBad
5827,4,581.86,4,580.4900000000001,move,improve
5828,4,581.86,4,580.4900000000001,move,improve
5829,4,581.86,4,580.4900000000001,2opt,notBad
5830,4,581.86,4,580.4900000000001,move,improve
5831,4,581.86,4,580.4900000000001,move,improve
5832,4,581.86,4,580.4900000000001,2opt,notBad
5833,4,581.86,4,580.4900000000001,2opt,notBad
5834,4,581.86,4,580.4900000000001,move,improve
5835,4,581.86,4,580.4900000000001,move,improve
5836,4,581.86,4,580.4900000000001,move,improve
5837,4,581.86,4,580.4900000000001,2opt,improve
5838,4,581.86,4,580.4900000000001,move,improve
5839,4,581.86,4,580.4900000000001,2opt,notBad
5840,4,581.86,4,580.4900000000001,move,improve
5841,4,581.86,4,580.4900000000001,move,improve
5842,4,581.86,4,580.4900000000001,move,improve
5843,4,581.86,4,580.4900000000001,swap,notBad
5844,4,581.86,4,580.4900000000001,2opt,notBad
5845,4,581.86,4,580.4900000000001,swap,notBad
5846,4,581.86,4,580.4900000000001,swap,notBad
5847,4,581.86,4,580.4900000000001,swap,notBad
5848,4,581.86,4,580.4900000000001,swap,notBad
5849,4,581.86,4,580.4900000000001,2opt,notBad
5850,4,581.86,4,580.4900000000001,move,improve
5851,4,581.86,4,580.4900000000001,2opt,notBad
5852,4,581.86,4,580.4900000000001,2opt,notBad
5853,4,581.86,4,580.4900000000001,swap,notBad
5854,4,581.86,4,580.4900000000001,2opt,notBad
5855,4,581.86,4,580.4900000000001,swap,notBad
5856,4,581.86,4,580.4900000000001,2opt,notBad
5857,4,581.86,4,580.4900000000001,2opt,notBad
5858,4,581.86,4,580.4900000000001,2opt,notBad
5859,4,581.86,4,580.4900000000001,swap,notBad
5860,4,581.86,4,580.4900000000001,swap,notBad
5861,4,581.86,4,580.4900000000001,swap,notBad
5862,4,581.86,4,580.4900000000001,swap,notBad
5863,4,581.86,4,580.4900000000001,swap,notBad
5864,4,581.86,4,580.4900000000001,swap,notBad
5865,4,581.86,4,580.4900000000001,move,improve
5866,4,581.86,4,580.4900000000001,swap,notBad
5867,4,581.86,4,580.4900000000001,move,improve
5868,4,581.86,4,580.4900000000001,2opt,notBad
5869,4,581.86,4,580.4900000000001,swap,notBad
5870,4,581.86,4,580.4900000000001,move,improve
5871,4,581.86,4,580.4900000000001,swap,notBad
5872,4,581.86,4,580.4900000000001,2opt,notBad
5873,4,581.86,4,580.4900000000001,swap,notBad
5874,4,581.86,4,580.4900000000001,swap,notBad
5875,4,581.86,4,580.4900000000001,swap,notBad
5876,4,581.86,4,580.4900000000001,2opt,notBad
5877,4,581.86,4,580.4900000000001,move,improve
5878,4,581.86,4,580.4900000000001,swap,notBad
5879,4,581.86,4,580.4900000000001,2opt,improve
5880,4,581.86,4,580.4900000000001,move,improve
5881,4,581.86,4,580.4900000000001,move,improve
5882,4,581.86,4,580.4900000000001,swap,notBad
5883,4,581.86,4,580.4900000000001,move,improve
5884,4,581.86,4,580.4900000000001,swap,notBad
5885,4,581.86,4,580.4900000000001,move,improve
5886,4,581.86,4,580.4900000000001,swap,notBad
5887,4,581.86,4,580.4900000000001,move,improve
5888,4,581.86,4,580.4900000000001,2opt,notBad
5889,4,581.86,4,580.4900000000001,move,improve
5890,4,581.86,4,580.4900000000001,swap,notBad
5891,4,581.86,4,580.4900000000001,move,improve
5892,4,581.86,4,580.4900000000001,swap,notBad
5893,4,581.86,4,580.4900000000001,2opt,notBad
5894,4,581.86,4,580.4900000000001,swap,notBad
5895,4,581.86,4,580.4900000000001,swap,notBad
5896,4,581.86,4,580.4900000000001,2opt,notBad
5897,4,581.86,4,580.4900000000001,2opt,notBad
5898,4,581.86,4,580.4900000000001,move,improve
5899,4,581.86,4,580.4900000000001,move,improve
5900,4,581.86,4,580.4900000000001,swap,notBad
5901,4,581.86,4,580.4900000000001,swap,notBad
5902,4,581.86,4,580.4900000000001,move,improve
5903,4,581.86,4,580.4900000000001,swap,notBad
5904,4,581.86,4,580.4900000000001,move,improve
5905,4,581.86,4,580.4900000000001,swap,notBad
5906,4,581.86,4,580.4900000000001,2opt,notBad
5907,4,581.86,4,580.4900000000001,move,improve
5908,4,581.86,4,580.4900000000001,swap,notBad
5909,4,581.86,4,580.4900000000001,2opt,notBad
5910,4,581.86,4,580.4900000000001,move,improve
5911,4,581.86,4,580.4900000000001,2opt,notBad
5912,4,581.86,4,580.4900000000001,move,improve
5913,4,581.86,4,580.4900000000001,2opt,notBad
5914,4,581.86,4,580.4900000000001,swap,notBad
5915,4,581.86,4,580.4900000000001,2opt,notBad
5916,4,581.86,4,580.4900000000001,2opt,notBad
5917,4,581.86,4,580.4900000000001,2opt,notBad
5918,4,581.86,4,580.4900000000001,2opt,improve
5919,4,581.86,4,580.4900000000001,swap,notBad
5920,4,581.86,4,580.4900000000001,move,improve
5921,4,581.86,4,580.4900000000001,move,improve
5922,4,581.86,4,580.4900000000001,swap,notBad
5923,4,581.86,4,580.4900000000001,move,improve
5924,4,581.86,4,580.4900000000001,2opt,notBad
5925,4,581.86,4,580.4900000000001,2opt,notBad
5926,4,581.86,4,580.4900000000001,swap,notBad
5927,4,581.86,4,580.4900000000001,swap,notBad
5928,4,581.86,4,580.4900000000001,2opt,notBad
5929,4,581.86,4,580.4900000000001,move,improve
5930,4,581.86,4,580.4900000000001,2opt,notBad
5931,4,581.86,4,580.4900000000001,swap,notBad
5932,4,581.86,4,580.4900000000001,2opt,notBad
5933,4,581.86,4,580.4900000000001,move,improve
5934,4,581.86,4,580.4900000000001,swap,notBad
5935,4,581.86,4,580.4900000000001,swap,notBad
5936,4,581.86,4,580.4900000000001,swap,notBad
5937,4,587.71,4,580.4900000000001,swap,acceptBad
5938,4,587.71,4,580.4900000000001,2opt,notBad
5939,4,590.2600000000001,4,580.4900000000001,swap,acceptBad
5940,4,590.2600000000001,4,580.4900000000001,swap,notBad
5941,4,590.2600000000001,4,580.4900000000001,2opt,improve
5942,4,590.2600000000001,4,580.4900000000001,move,improve
5943,4,590.2600000000001,4,580.4900000000001,swap,notBad
5944,4,590.2600000000001,4,580.4900000000001,move,improve
5945,4,590.2600000000001,4,580.4900000000001,swap,notBad
5946,4,590.2600000000001,4,580.4900000000001,move,improve
5947,4,590.2600000000001,4,580.4900000000001,move,improve
5948,4,590.2600000000001,4,580.4900000000001,move,improve
5949,4,590.2600000000001,4,580.4900000000001,swap,notBad
5950,4,590.2600000000001,4,580.4900000000001,swap,notBad
5951,4,590.2600000000001,4,580.4900000000001,move,improve
5952,4,590.2600000000001,4,580.4900000000001,move,improve
5953,4,590.2600000000001,4,580.4900000000001,move,improve
5954,4,593.74,4,580.4900000000001,swap,acceptBad
5955,4,593.74,4,580.4900000000001,swap,notBad
5956,4,593.74,4,580.4900000000001,2opt,notBad
5957,4,593.74,4,580.4900000000001,swap,notBad
5958,4,593.74,4,580.4900000000001,swap,notBad
5959,4,593.74,4,580.4900000000001,2opt,notBad
5960,4,590.2600000000001,4,580.4900000000001,move,improve
5961,4,590.2600000000001,4,580.4900000000001,swap,notBad
5962,4,590.2600000000001,4,580.4900000000001,move,improve
5963,4,590.2600000000001,4,580.4900000000001,move,improve
5964,4,590.2600000000001,4,580.4900000000001,move,improve
5965,4,590.2600000000001,4,580.4900000000001,2opt,notBad
5966,4,590.2600000000001,4,580.4900000000001,swap,notBad
5967,4,590.2600000000001,4,580.4900000000001,swap,notBad
5968,4,590.2600000000001,4,580.4900000000001,move,improve
5969,4,590.2600000000001,4,580.4900000000001,2opt,notBad
5970,4,590.2600000000001,4,580.4900000000001,2opt,notBad
5971,4,590.2600000000001,4,580.4900000000001,2opt,notBad
5972,4,590.2600000000001,4,580.4900000000001,2opt,notBad
5973,4,590.2600000000001,4,580.4900000000001,2opt,notBad
5974,4,590.2600000000001,4,580.4900000000001,2opt,notBad
5975,4,590.2600000000001,4,580.4900000000001,2opt,notBad
5976,4,590.2600000000001,4,580.4900000000001,move,improve
5977,4,590.2600000000001,4,580.4900000000001,move,improve
5978,4,590.2600000000001,4,580.4900000000001,move,improve
5979,4,590.2600000000001,4,580.4900000000001,swap,notBad
5980,4,590.2600000000001,4,580.4900000000001,2opt,notBad
5981,4,590.2600000000001,4,580.4900000000001,2opt,notBad
5982,4,590.2600000000001,4,580.4900000000001,move,improve
5983,4,590.2600000000001,4,580.4900000000001,swap,notBad
5984,4,590.2600000000001,4,580.4900000000001,swap,notBad
5985,4,590.2600000000001,4,580.4900000000001,swap,notBad
5986,4,590.2600000000001,4,580.4900000000001,2opt,notBad
5987,4,590.2600000000001,4,580.4900000000001,move,improve
5988,4,590.2600000000001,4,580.4900000000001,swap,notBad
5989,4,590.2600000000001,4,580.4900000000001,move,improve
5990,4,590.2600000000001,4,580.4900000000001,swap,notBad
5991,4,590.2600000000001,4,580.4900000000001,move,improve
5992,4,590.2600000000001,4,580.4900000000001,2opt,notBad
5993,4,590.2600000000001,4,580.4900000000001,2opt,improve
5994,4,590.2600000000001,4,580.4900000000001,move,improve
5995,4,590.2600000000001,4,580.4900000000001,move,improve
5996,4,590.2600000000001,4,580.4900000000001,2opt,notBad
5997,4,590.2600000000001,4,580.4900000000001,move,improve
5998,4,590.2600000000001,4,580.4900000000001,swap,notBad
5999,4,590.2600000000001,4,580.4900000000001,swap,notBad
6000,4,590.2600000000001,4,580.4900000000001,move,improve
6001,4,590.2600000000001,4,580.4900000000001,2opt,notBad
6002,4,589.0000000000001,4,580.4900000000001,move,improve
6003,4,589.0000000000001,4,580.4900000000001,2opt,notBad
6004,4,589.0000000000001,4,580.4900000000001,swap,notBad
6005,4,589.0000000000001,4,580.4900000000001,swap,notBad
6006,4,589.0000000000001,4,580.4900000000001,move,improve
6007,4,589.0000000000001,4,580.4900000000001,swap,notBad
6008,4,589.0000000000001,4,580.4900000000001,move,improve
6009,4,589.0000000000001,4,580.4900000000001,move,improve
6010,4,589.0000000000001,4,580.4900000000001,move,improve
6011,4,589.0000000000001,4,580.4900000000001,2opt,notBad
6012,4,589.0000000000001,4,580.4900000000001,swap,notBad
6013,4,589.0000000000001,4,580.4900000000001,swap,notBad
6014,4,589.0000000000001,4,580.4900000000001,swap,notBad
6015,4,589.0000000000001,4,580.4900000000001,2opt,improve
6016,4,589.0000000000001,4,580.4900000000001,swap,notBad
6017,4,589.0000000000001,4,580.4900000000001,2opt,notBad
6018,4,589.0000000000001,4,580.4900000000001,move,improve
6019,4,589.0000000000001,4,580.4900000000001,2opt,notBad
6020,4,589.0000000000001,4,580.4900000000001,swap,notBad
6021,4,589.0000000000001,4,580.4900000000001,2opt,notBad
6022,4,589.0000000000001,4,580.4900000000001,2opt,notBad
6023,4,589.0000000000001,4,580.4900000000001,move,improve
6024,4,589.0000000000001,4,580.4900000000001,swap,notBad
6025,4,589.0000000000001,4,580.4900000000001,2opt,notBad
6026,4,589.0000000000001,4,580.4900000000001,move,improve
6027,4,589.0000000000001,4,580.4900000000001,move,improve
6028,4,589.0000000000001,4,580.4900000000001,2opt,notBad
6029,4,589.0000000000001,4,580.4900000000001,move,improve
6030,4,589.0000000000001,4,580.4900000000001,swap,notBad
6031,4,589.0000000000001,4,580.4900000000001,2opt,notBad
6032,4,589.0000000000001,4,580.4900000000001,2opt,notBad
6033,4,589.0000000000001,4,580.4900000000001,swap,notBad
6034,4,589.0000000000001,4,580.4900000000001,swap,notBad
6035,4,589.0000000000001,4,580.4900000000001,swap,notBad
6036,4,589.0000000000001,4,580.4900000000001,2opt,notBad
6037,4,589.0000000000001,4,580.4900000000001,2opt,notBad
6038,4,589.0000000000001,4,580.4900000000001,swap,notBad
6039,4,589.0000000000001,4,580.4900000000001,swap,notBad
6040,4,589.0000000000001,4,580.4900000000001,swap,notBad
6041,4,589.0000000000001,4,580.4900000000001,swap,notBad
6042,4,589.0000000000001,4,580.4900000000001,2opt,improve
6043,4,589.0000000000001,4,580.4900000000001,2opt,notBad
6044,4,589.0000000000001,4,580.4900000000001,swap,notBad
6045,4,589.0000000000001,4,580.4900000000001,move,improve
6046,4,589.0000000000001,4,580.4900000000001,2opt,notBad
6047,4,589.0000000000001,4,580.4900000000001,move,improve
6048,4,589.0000000000001,4,580.4900000000001,2opt,notBad
6049,4,589.0000000000001,4,580.4900000000001,swap,notBad
6050,4,589.0000000000001,4,580.4900000000001,swap,notBad
6051,4,589.0000000000001,4,580.4900000000001,2opt,notBad
6052,4,589.0000000000001,4,580.4900000000001,2opt,notBad
6053,4,589.0000000000001,4,580.4900000000001,move,improve
6054,4,589.0000000000001,4,580.4900000000001,swap,notBad
6055,4,589.0000000000001,4,580.4900000000001,move,improve
6056,4,589.0000000000001,4,580.4900000000001,swap,notBad
6057,4,589.0000000000001,4,580.4900000000001,2opt,notBad
6058,4,588.4,4,580.4900000000001,move,improve
6059,4,588.4,4,580.4900000000001,swap,notBad
6060,4,588.4,4,580.4900000000001,swap,notBad
6061,4,588.4,4,580.4900000000001,swap,notBad
6062,4,588.4,4,580.4900000000001,swap,notBad
6063,4,588.4,4,580.4900000000001,2opt,notBad
6064,4,588.4,4,580.4900000000001,2opt,notBad
6065,4,588.4,4,580.4900000000001,2opt,notBad
6066,4,588.4,4,580.4900000000001,swap,notBad
6067,4,588.4,4,580.4900000000001,move,improve
6068,4,588.4,4,580.4900000000001,swap,notBad
6069,4,588.4,4,580.4900000000001,move,improve
6070,4,588.4,4,580.4900000000001,swap,notBad
6071,4,588.4,4,580.4900000000001,move,improve
6072,4,588.4,4,580.4900000000001,move,improve
6073,4,588.4,4,580.4900000000001,2opt,notBad
6074,4,588.4,4,580.4900000000001,move,improve
6075,4,588.4,4,580.4900000000001,swap,notBad
6076,4,588.4,4,580.4900000000001,2opt,notBad
6077,4,588.4,4,580.4900000000001,move,improve
6078,4,588.4,4,580.4900000000001,2opt,notBad
6079,4,588.4,4,580.4900000000001,swap,notBad
6080,4,588.4,4,580.4900000000001,2opt,notBad
6081,4,588.4,4,580.4900000000001,swap,notBad
6082,4,588.4,4,580.4900000000001,2opt,notBad
6083,4,588.4,4,580.4900000000001,swap,notBad
6084,4,588.4,4,580.4900000000001,2opt,notBad
6085,4,588.4,4,580.4900000000001,move,improve
6086,4,588.4,4,580.4900000000001,move,improve
6087,4,588.4,4,580.4900000000001,move,improve
6088,4,588.4,4,580.4900000000001,2opt,notBad
6089,4,588.4,4,580.4900000000001,swap,notBad
6090,4,588.4,4,580.4900000000001,move,improve
6091,4,588.4,4,580.4900000000001,2opt,notBad
6092,4,588.4,4,580.4900000000001,2opt,notBad
6093,4,588.4,4,580.4900000000001,swap,notBad
6094,4,588.4,4,580.4900000000001,swap,notBad
6095,4,588.4,4,580.4900000000001,2opt,notBad
6096,4,588.4,4,580.4900000000001,2opt,notBad
6097,4,591.37,4,580.4900000000001,swap,acceptBad
6098,4,591.37,4,580.4900000000001,swap,notBad
6099,4,591.37,4,580.4900000000001,2opt,notBad
6100,4,591.37,4,580.4900000000001,move,improve
6101,4,591.37,4,580.4900000000001,2opt,notBad
6102,4,591.37,4,580.4900000000001,2opt,notBad
6103,4,591.37,4,580.4900000000001,2opt,notBad
6104,4,591.37,4,580.4900000000001,move,improve
6105,4,591.37,4,580.4900000000001,2opt,notBad
6106,4,591.37,4,580.4900000000001,swap,notBad
6107,4,591.37,4,580.4900000000001,swap,notBad
6108,4,591.37,4,580.4900000000001,2opt,notBad
6109,4,591.37,4,580.4900000000001,swap,notBad
6110,4,591.37,4,580.4900000000001,move,improve
6111,4,591.37,4,580.4900000000001,2opt,notBad
6112,4,591.37,4,580.4900000000001,swap,notBad
6113,4,591.37,4,580.4900000000001,move,improve
6114,4,591.37,4,580.4900000000001,swap,notBad
6115,4,591.37,4,580.4900000000001,2opt,improve
6116,4,591.37,4,580.4900000000001,move,improve
6117,4,591.37,4,580.4900000000001,move,improve
6118,4,591.37,4,580.4900000000001,move,improve
6119,4,591.37,4,580.4900000000001,2opt,notBad
6120,4,591.37,4,580.4900000000001,2opt,notBad
6121,4,591.37,4,580.4900000000001,swap,notBad
6122,4,591.37,4,580.4900000000001,move,improve
6123,4,591.37,4,580.4900000000001,2opt,notBad
6124,4,591.37,4,580.4900000000001,swap,notBad
6125,4,591.37,4,580.4900000000001,2opt,notBad
6126,4,591.37,4,580.4900000000001,2opt,notBad
6127,4,591.37,4,580.4900000000001,swap,notBad
6128,4,591.37,4,580.4900000000001,2opt,notBad
6129,4,591.37,4,580.4900000000001,move,improve
6130,4,591.37,4,580.4900000000001,move,improve
6131,4,591.37,4,580.4900000000001,swap,notBad
6132,4,591.37,4,580.4900000000001,2opt,notBad
6133,4,591.37,4,580.4900000000001,swap,notBad
6134,4,591.37,4,580.4900000000001,swap,notBad
6135,4,591.37,4,580.4900000000001,move,improve
6136,4,591.37,4,580.4900000000001,2opt,notBad
6137,4,591.37,4,580.4900000000001,swap,notBad
6138,4,591.37,4,580.4900000000001,2opt,notBad
6139,4,591.37,4,580.4900000000001,swap,notBad
6140,4,591.37,4,580.4900000000001,move,improve
6141,4,591.37,4,580.4900000000001,swap,notBad
6142,4,591.37,4,580.4900000000001,2opt,notBad
6143,4,591.37,4,580.4900000000001,swap,notBad
6144,4,591.37,4,580.4900000000001,2opt,notBad
6145,4,591.37,4,580.4900000000001,move,improve
6146,4,591.37,4,580.4900000000001,2opt,notBad
6147,4,589.48,4,580.4900000000001,move,improve
6148,4,589.48,4,580.4900000000001,swap,notBad
6149,4,589.48,4,580.4900000000001,2opt,notBad
6150,4,589.48,4,580.4900000000001,swap,notBad
6151,4,589.48,4,580.4900000000001,move,improve
6152,4,589.48,4,580.4900000000001,move,improve
6153,4,589.48,4,580.4900000000001,2opt,notBad
6154,4,589.48,4,580.4900000000001,move,improve
6155,4,589.48,4,580.4900000000001,swap,notBad
6156,4,589.48,4,580.4900000000001,move,improve
6157,4,589.48,4,580.4900000000001,swap,notBad
6158,4,589.48,4,580.4900000000001,2opt,notBad
6159,4,589.48,4,580.4900000000001,2opt,notBad
6160,4,589.48,4,580.4900000000001,swap,notBad
6161,4,589.48,4,580.4900000000001,move,improve
6162,4,589.48,4,580.4900000000001,2opt,notBad
6163,4,589.48,4,580.4900000000001,swap,notBad
6164,4,589.48,4,580.4900000000001,2opt,notBad
6165,4,589.48,4,580.4900000000001,swap,notBad
6166,4,589.48,4,580.4900000000001,move,improve
6167,4,589.48,4,580.4900000000001,move,improve
6168,4,589.48,4,580.4900000000001,swap,notBad
6169,4,589.48,4,580.4900000000001,swap,notBad
6170,4,589.48,4,580.4900000000001,swap,notBad
6171,4,589.48,4,580.4900000000001,2opt,notBad
6172,4,589.48,4,580.4900000000001,move,improve
6173,4,589.48,4,580.4900000000001,swap,notBad
6174,4,589.48,4,580.4900000000001,move,improve
6175,4,589.48,4,580.4900000000001,move,improve
6176,4,589.48,4,580.4900000000001,swap,notBad
6177,4,589.48,4,580.4900000000001,2opt,notBad
6178,4,589.48,4,580.4900000000001,2opt,notBad
6179,4,589.48,4,580.4900000000001,move,improve
6180,4,589.48,4,580.4900000000001,2opt,notBad
6181,4,589.48,4,580.4900000000001,2opt,notBad
6182,4,589.48,4,580.4900000000001,2opt,notBad
6183,4,584.8900000000001,4,580.4900000000001,move,improve
6184,4,584.8900000000001,4,580.4900000000001,move,improve
6185,4,584.8900000000001,4,580.4900000000001,swap,notBad
6186,4,584.8900000000001,4,580.4900000000001,swap,notBad
6187,4,584.8900000000001,4,580.4900000000001,swap,notBad
6188,4,584.8900000000001,4,580.4900000000001,swap,notBad
6189,4,584.8900000000001,4,580.4900000000001,move,improve
6190,4,584.8900000000001,4,580.4900000000001,swap,notBad
6191,4,584.8900000000001,4,580.4900000000001,move,improve
6192,4,584.8900000000001,4,580.4900000000001,move,improve
6193,4,584.8900000000001,4,580.4900000000001,swap,notBad
6194,4,587.75,4,580.4900000000001,swap,acceptBad
6195,4,587.75,4,580.4900000000001,move,improve
6196,4,587.75,4,580.4900000000001,swap,notBad
6197,4,587.75,4,580.4900000000001,swap,notBad
6198,4,587.75,4,580.4900000000001,swap,notBad
6199,4,587.75,4,580.4900000000001,swap,notBad
6200,4,587.75,4,580.4900000000001,swap,notBad
6201,4,587.75,4,580.4900000000001,2opt,notBad
6202,4,587.75,4,580.4900000000001,move,improve
6203,4,591.35,4,580.4900000000001,swap,acceptBad
6204,4,591.35,4,580.4900000000001,2opt,notBad
6205,4,591.35,4,580.4900000000001,swap,notBad
6206,4,591.35,4,580.4900000000001,2opt,notBad
6207,4,591.35,4,580.4900000000001,move,improve
6208,4,591.35,4,580.4900000000001,2opt,notBad
6209,4,591.35,4,580.4900000000001,move,improve
6210,4,591.35,4,580.4900000000001,swap,notBad
6211,4,591.35,4,580.4900000000001,move,improve
6212,4,591.35,4,580.4900000000001,swap,notBad
6213,4,591.35,4,580.4900000000001,2opt,notBad
6214,4,591.35,4,580.4900000000001,2opt,notBad
6215,4,591.35,4,580.4900000000001,swap,notBad
6216,4,591.35,4,580.4900000000001,2opt,notBad
6217,4,591.35,4,580.4900000000001,swap,notBad
6218,4,591.35,4,580.4900000000001,2opt,notBad
6219,4,589.5400000000001,4,580.4900000000001,move,improve
6220,4,589.5400000000001,4,580.4900000000001,move,improve
6221,4,589.5400000000001,4,580.4900000000001,2opt,notBad
6222,4,589.5400000000001,4,580.4900000000001,move,improve
6223,4,589.5400000000001,4,580.4900000000001,swap,notBad
6224,4,589.5400000000001,4,580.4900000000001,swap,notBad
6225,4,589.5400000000001,4,580.4900000000001,move,improve
6226,4,589.5400000000001,4,580.4900000000001,move,improve
6227,4,589.5400000000001,4,580.4900000000001,move,improve
6228,4,588.02,4,580.4900000000001,move,improve
6229,4,588.02,4,580.4900000000001,move,improve
6230,4,588.02,4,580.4900000000001,move,improve
6231,4,588.02,4,580.4900000000001,move,improve
6232,4,588.02,4,580.4900000000001,2opt,notBad
6233,4,588.02,4,580.4900000000001,swap,notBad
6234,4,588.02,4,580.4900000000001,2opt,improve
6235,4,588.02,4,580.4900000000001,2opt,notBad
6236,4,588.02,4,580.4900000000001,2opt,notBad
6237,4,588.02,4,580.4900000000001,2opt,notBad
6238,4,588.02,4,580.4900000000001,move,improve
6239,4,588.02,4,580.4900000000001,swap,notBad
6240,4,588.02,4,580.4900000000001,2opt,notBad
6241,4,588.02,4,580.4900000000001,2opt,notBad
6242,4,588.02,4,580.4900000000001,2opt,notBad
6243,4,588.02,4,580.4900000000001,2opt,notBad
6244,4,588.02,4,580.4900000000001,2opt,notBad
6245,4,588.02,4,580.4900000000001,swap,notBad
6246,4,588.02,4,580.4900000000001,move,improve
6247,4,588.02,4,580.4900000000001,move,improve
6248,4,588.02,4,580.4900000000001,2opt,notBad
6249,4,588.02,4,580.4900000000001,2opt,notBad
6250,4,588.02,4,580.4900000000001,2opt,notBad
6251,4,586.6600000000001,4,580.4900000000001,move,improve
6252,4,586.6600000000001,4,580.4900000000001,move,improve
6253,4,589.54,4,580.4900000000001,swap,acceptBad
6254,4,589.54,4,580.4900000000001,2opt,notBad
6255,4,589.54,4,580.4900000000001,swap,notBad
6256,4,589.54,4,580.4900000000001,move,improve
6257,4,589.54,4,580.4900000000001,swap,notBad
6258,4,589.54,4,580.4900000000001,2opt,notBad
6259,4,589.54,4,580.4900000000001,swap,notBad
6260,4,589.54,4,580.4900000000001,2opt,notBad
6261,4,589.54,4,580.4900000000001,2opt,notBad
6262,4,589.54,4,580.4900000000001,move,improve
6263,4,589.54,4,580.4900000000001,move,improve
6264,4,589.54,4,580.4900000000001,2opt,notBad
6265,4,588.4,4,580.4900000000001,move,improve
6266,4,588.4,4,580.4900000000001,swap,notBad
6267,4,588.4,4,580.4900000000001,2opt,notBad
6268,4,588.4,4,580.4900000000001,move,improve
6269,4,588.4,4,580.4900000000001,move,improve
6270,4,588.4,4,580.4900000000001,2opt,notBad
6271,4,588.4,4,580.4900000000001,swap,notBad
6272,4,588.4,4,580.4900000000001,move,improve
6273,4,588.4,4,580.4900000000001,2opt,notBad
6274,4,588.4,4,580.4900000000001,swap,notBad
6275,4,588.4,4,580.4900000000001,swap,notBad
6276,4,588.4,4,580.4900000000001,move,improve
6277,4,588.4,4,580.4900000000001,2opt,notBad
6278,4,588.4,4,580.4900000000001,swap,notBad
6279,4,588.4,4,580.4900000000001,swap,notBad
6280,4,588.4,4,580.4900000000001,move,improve
6281,4,588.4,4,580.4900000000001,2opt,notBad
6282,4,588.4,4,580.4900000000001,swap,notBad
6283,4,588.4,4,580.4900000000001,2opt,notBad
6284,4,588.4,4,580.4900000000001,swap,notBad
6285,4,588.4,4,580.4900000000001,move,improve
6286,4,588.4,4,580.4900000000001,2opt,notBad
6287,4,588.4,4,580.4900000000001,2opt,notBad
6288,4,588.4,4,580.4900000000001,move,improve
6289,4,588.4,4,580.4900000000001,swap,notBad
6290,4,588.4,4,580.4900000000001,move,improve
6291,4,588.4,4,580.4900000000001,2opt,notBad
6292,4,588.4,4,580.4900000000001,swap,notBad
6293,4,588.4,4,580.4900000000001,move,improve
6294,4,588.4,4,580.4900000000001,move,improve
6295,4,588.4,4,580.4900000000001,swap,notBad
6296,4,588.4,4,580.4900000000001,swap,notBad
6297,4,588.4,4,580.4900000000001,move,improve
6298,4,588.4,4,580.4900000000001,2opt,notBad
6299,4,588.4,4,580.4900000000001,swap,notBad
6300,4,588.4,4,580.4900000000001,2opt,notBad
6301,4,588.21,4,580.4900000000001,move,improve
6302,4,588.21,4,580.4900000000001,2opt,notBad
6303,4,588.21,4,580.4900000000001,swap,notBad
6304,4,588.21,4,580.4900000000001,2opt,notBad
6305,4,587.9699999999999,4,580.4900000000001,swap,improve
6306,4,587.9699999999999,4,580.4900000000001,swap,notBad
6307,4,587.9699999999999,4,580.4900000000001,2opt,notBad
6308,4,587.9699999999999,4,580.4900000000001,swap,notBad
6309,4,587.9699999999999,4,580.4900000000001,swap,notBad
6310,4,587.9699999999999,4,580.4900000000001,2opt,notBad
6311,4,587.9699999999999,4,580.4900000000001,move,improve
6312,4,587.9699999999999,4,580.4900000000001,2opt,notBad
6313,4,587.9699999999999,4,580.4900000000001,move,improve
6314,4,585.5100000000001,4,580.4900000000001,move,improve
6315,4,585.5100000000001,4,580.4900000000001,2opt,notBad
6316,4,585.5100000000001,4,580.4900000000001,move,improve
6317,4,585.5100000000001,4,580.4900000000001,move,improve
6318,4,585.5100000000001,4,580.4900000000001,swap,notBad
6319,4,585.5100000000001,4,580.4900000000001,move,improve
6320,4,585.5100000000001,4,580.4900000000001,move,improve
6321,4,585.5100000000001,4,580.4900000000001,move,improve
6322,4,585.5100000000001,4,580.4900000000001,swap,notBad
6323,4,585.5100000000001,4,580.4900000000001,2opt,notBad
6324,4,585.5100000000001,4,580.4900000000001,2opt,notBad
6325,4,585.5100000000001,4,580.4900000000001,swap,notBad
6326,4,585.5100000000001,4,580.4900000000001,swap,notBad
6327,4,585.5100000000001,4,580.4900000000001,move,improve
6328,4,585.5100000000001,4,580.4900000000001,swap,notBad
6329,4,585.5100000000001,4,580.4900000000001,2opt,notBad
6330,4,585.5100000000001,4,580.4900000000001,swap,notBad
6331,4,585.5100000000001,4,580.4900000000001,move,improve
6332,4,585.5100000000001,4,580.4900000000001,2opt,improve
6333,4,585.5100000000001,4,580.4900000000001,2opt,notBad
6334,4,585.5100000000001,4,580.4900000000001,2opt,notBad
6335,4,585.5100000000001,4,580.4900000000001,swap,notBad
6336,4,585.5100000000001,4,580.4900000000001,move,improve
6337,4,585.5100000000001,4,580.4900000000001,2opt,notBad
6338,4,585.5100000000001,4,580.4900000000001,2opt,notBad
6339,4,585.5100000000001,4,580.4900000000001,2opt,notBad
6340,4,585.5100000000001,4,580.4900000000001,2opt,notBad
6341,4,585.5100000000001,4,580.4900000000001,swap,notBad
6342,4,585.5100000000001,4,580.4900000000001,swap,notBad
6343,4,585.5100000000001,4,580.4900000000001,2opt,notBad
6344,4,585.5100000000001,4,580.4900000000001,2opt,notBad
6345,4,585.5100000000001,4,580.4900000000001,2opt,notBad
6346,4,585.5100000000001,4,580.4900000000001,2opt,notBad
6347,4,585.5100000000001,4,580.4900000000001,move,improve
6348,4,585.5100000000001,4,580.4900000000001,2opt,notBad
6349,4,585.5100000000001,4,580.4900000000001,2opt,notBad
6350,4,585.5100000000001,4,580.4900000000001,move,improve
6351,4,585.5100000000001,4,580.4900000000001,2opt,notBad
6352,4,585.5100000000001,4,580.4900000000001,swap,notBad
6353,4,585.5100000000001,4,580.4900000000001,swap,notBad
6354,4,585.5100000000001,4,580.4900000000001,swap,notBad
6355,4,585.5100000000001,4,580.4900000000001,move,improve
6356,4,585.5100000000001,4,580.4900000000001,swap,notBad
6357,4,585.5100000000001,4,580.4900000000001,move,improve
6358,4,585.5100000000001,4,580.4900000000001,2opt,notBad
6359,4,587.81,4,580.4900000000001,swap,acceptBad
6360,4,587.81,4,580.4900000000001,2opt,notBad
6361,4,587.81,4,580.4900000000001,2opt,notBad
6362,4,587.81,4,580.4900000000001,move,improve
6363,4,587.81,4,580.4900000000001,move,improve
6364,4,587.81,4,580.4900000000001,2opt,notBad
6365,4,587.81,4,580.4900000000001,2opt,notBad
6366,4,587.81,4,580.4900000000001,2opt,notBad
6367,4,587.81,4,580.4900000000001,move,improve
6368,4,587.81,4,580.4900000000001,2opt,notBad
6369,4,587.81,4,580.4900000000001,swap,notBad
6370,4,587.81,4,580.4900000000001,swap,notBad
6371,4,587.81,4,580.4900000000001,2opt,notBad
6372,4,587.81,4,580.4900000000001,swap,notBad
6373,4,587.81,4,580.4900000000001,move,improve
6374,4,587.81,4,580.4900000000001,move,improve
6375,4,587.81,4,580.4900000000001,move,improve
6376,4,587.81,4,580.4900000000001,swap,notBad
6377,4,587.81,4,580.4900000000001,swap,notBad
6378,4,587.81,4,580.4900000000001,2opt,notBad
6379,4,588.41,4,580.4900000000001,move,acceptBad
6380,4,588.41,4,580.4900000000001,swap,notBad
6381,4,588.41,4,580.4900000000001,2opt,notBad
6382,4,588.41,4,580.4900000000001,swap,notBad
6383,4,588.41,4,580.4900000000001,move,improve
6384,4,588.41,4,580.4900000000001,2opt,notBad
6385,4,588.41,4,580.4900000000001,2opt,notBad
6386,4,588.41,4,580.4900000000001,swap,notBad
6387,4,588.41,4,580.4900000000001,2opt,improve
6388,4,588.41,4,580.4900000000001,swap,notBad
6389,4,588.41,4,580.4900000000001,2opt,notBad
6390,4,588.41,4,580.4900000000001,2opt,notBad
6391,4,588.41,4,580.4900000000001,swap,notBad
6392,4,588.41,4,580.4900000000001,2opt,notBad
6393,4,588.41,4,580.4900000000001,2opt,notBad
6394,4,588.41,4,580.4900000000001,swap,notBad
6395,4,588.41,4,580.4900000000001,2opt,notBad
6396,4,588.41,4,580.4900000000001,2opt,notBad
6397,4,586.11,4,580.4900000000001,move,improve
6398,4,585.5100000000002,4,580.4900000000001,move,improve
6399,4,585.5100000000002,4,580.4900000000001,move,improve
6400,4,585.5100000000002,4,580.4900000000001,swap,notBad
6401,4,585.5100000000002,4,580.4900000000001,2opt,notBad
6402,4,585.5100000000002,4,580.4900000000001,swap,notBad
6403,4,592.21,4,580.4900000000001,swap,acceptBad
6404,4,592.21,4,580.4900000000001,move,improve
6405,4,592.21,4,580.4900000000001,swap,notBad
6406,4,592.21,4,580.4900000000001,move,improve
6407,4,592.21,4,580.4900000000001,move,improve
6408,4,592.21,4,580.4900000000001,swap,notBad
6409,4,592.21,4,580.4900000000001,swap,notBad
6410,4,592.21,4,580.4900000000001,2opt,improve
6411,4,592.21,4,580.4900000000001,2opt,notBad
6412,4,592.21,4,580.4900000000001,move,improve
6413,4,592.21,4,580.4900000000001,move,improve
6414,4,592.21,4,580.4900000000001,swap,notBad
6415,4,592.21,4,580.4900000000001,2opt,notBad
6416,4,592.21,4,580.4900000000001,swap,notBad
6417,4,592.21,4,580.4900000000001,2opt,notBad
6418,4,592.21,4,580.4900000000001,2opt,notBad
6419,4,592.21,4,580.4900000000001,swap,notBad
6420,4,592.21,4,580.4900000000001,move,improve
6421,4,592.21,4,580.4900000000001,swap,notBad
6422,4,592.21,4,580.4900000000001,swap,notBad
6423,4,592.21,4,580.4900000000001,2opt,notBad
6424,4,592.21,4,580.4900000000001,2opt,notBad
6425,4,592.21,4,580.4900000000001,move,improve
6426,4,592.21,4,580.4900000000001,swap,notBad
6427,4,592.21,4,580.4900000000001,swap,notBad
6428,4,592.21,4,580.4900000000001,2opt,notBad
6429,4,592.21,4,580.4900000000001,move,improve
6430,4,592.21,4,580.4900000000001,swap,notBad
6431,4,592.21,4,580.4900000000001,swap,notBad
6432,4,592.21,4,580.4900000000001,move,improve
6433,4,592.21,4,580.4900000000001,move,improve
6434,4,592.21,4,580.4900000000001,2opt,improve
6435,4,592.21,4,580.4900000000001,move,improve
6436,4,592.21,4,580.4900000000001,2opt,notBad
6437,4,592.21,4,580.4900000000001,swap,notBad
6438,4,592.21,4,580.4900000000001,2opt,notBad
6439,4,592.21,4,580.4900000000001,move,improve
6440,4,592.21,4,580.4900000000001,swap,notBad
6441,4,592.21,4,580.4900000000001,swap,notBad
6442,4,592.21,4,580.4900000000001,move,improve
6443,4,592.21,4,580.4900000000001,move,improve
6444,4,592.21,4,580.4900000000001,2opt,notBad
6445,4,592.21,4,580.4900000000001,swap,notBad
6446,4,592.21,4,580.4900000000001,2opt,notBad
6447,4,592.21,4,580.4900000000001,2opt,notBad
6448,4,592.21,4,580.4900000000001,2opt,notBad
6449,4,592.21,4,580.4900000000001,swap,notBad
6450,4,592.21,4,580.4900000000001,swap,notBad
6451,4,592.21,4,580.4900000000001,move,improve
6452,4,591.61,4,580.4900000000001,move,improve
6453,4,591.61,4,580.4900000000001,2opt,notBad
6454,4,591.61,4,580.4900000000001,2opt,notBad
6455,4,591.61,4,580.4900000000001,swap,notBad
6456,4,591.61,4,580.4900000000001,swap,notBad
6457,4,591.61,4,580.4900000000001,swap,notBad
6458,4,591.61,4,580.4900000000001,swap,notBad
6459,4,591.61,4,580.4900000000001,swap,notBad
6460,4,591.61,4,580.4900000000001,2opt,notBad
6461,4,591.61,4,580.4900000000001,swap,notBad
6462,4,591.61,4,580.4900000000001,2opt,notBad
6463,4,589.0100000000001,4,580.4900000000001,move,improve
6464,4,589.0100000000001,4,580.4900000000001,swap,notBad
6465,4,589.0100000000001,4,580.4900000000001,2opt,notBad
6466,4,589.0100000000001,4,580.4900000000001,swap,notBad
6467,4,589.0100000000001,4,580.4900000000001,swap,notBad
6468,4,589.0100000000001,4,580.4900000000001,2opt,notBad
6469,4,589.0100000000001,4,580.4900000000001,swap,notBad
6470,4,589.0100000000001,4,580.4900000000001,swap,notBad
6471,4,589.0100000000001,4,580.4900000000001,move,improve
6472,4,589.0100000000001,4,580.4900000000001,swap,notBad
6473,4,589.0100000000001,4,580.4900000000001,move,improve
6474,4,589.0100000000001,4,580.4900000000001,swap,notBad
6475,4,589.0100000000001,4,580.4900000000001,move,improve
6476,4,589.0100000000001,4,580.4900000000001,move,improve
6477,4,589.61,4,580.4900000000001,move,acceptBad
6478,4,589.61,4,580.4900000000001,move,improve
6479,4,589.61,4,580.4900000000001,2opt,notBad
6480,4,589.61,4,580.4900000000001,move,improve
6481,4,589.61,4,580.4900000000001,2opt,notBad
6482,4,589.61,4,580.4900000000001,2opt,notBad
6483,4,589.61,4,580.4900000000001,2opt,notBad
6484,4,589.61,4,580.4900000000001,2opt,notBad
6485,4,589.61,4,580.4900000000001,move,improve
6486,4,589.61,4,580.4900000000001,2opt,notBad
6487,4,589.61,4,580.4900000000001,swap,notBad
6488,4,589.61,4,580.4900000000001,2opt,notBad
6489,4,589.61,4,580.4900000000001,swap,notBad
6490,4,589.61,4,580.4900000000001,swap,notBad
6491,4,589.61,4,580.4900000000001,move,improve
6492,4,589.61,4,580.4900000000001,2opt,notBad
6493,4,589.61,4,580.4900000000001,swap,notBad
6494,4,589.61,4,580.4900000000001,2opt,notBad
6495,4,588.98,4,580.4900000000001,move,improve
6496,4,588.98,4,580.4900000000001,2opt,improve
6497,4,588.98,4,580.4900000000001,swap,notBad
6498,4,588.98,4,580.4900000000001,2opt,notBad
6499,4,588.98,4,580.4900000000001,move,improve
6500,4,588.98,4,580.4900000000001,move,improve
6501,4,588.98,4,580.4900000000001,swap,notBad
6502,4,588.98,4,580.4900000000001,swap,notBad
6503,4,588.98,4,580.4900000000001,swap,notBad
6504,4,588.98,4,580.4900000000001,move,improve
6505,4,588.98,4,580.4900000000001,swap,notBad
6506,4,588.98,4,580.4900000000001,2opt,notBad
6507,4,588.98,4,580.4900000000001,move,improve
6508,4,588.98,4,580.4900000000001,2opt,notBad
6509,4,588.98,4,580.4900000000001,2opt,notBad
6510,4,588.98,4,580.4900000000001,move,improve
6511,4,588.98,4,580.4900000000001,swap,notBad
6512,4,588.98,4,580.4900000000001,swap,notBad
6513,4,588.98,4,580.4900000000001,2opt,notBad
6514,4,588.98,4,580.4900000000001,2opt,notBad
6515,4,588.9800000000001,4,580.4900000000001,move,acceptBad
6516,4,588.9800000000001,4,580.4900000000001,move,improve
6517,4,588.9800000000001,4,580.4900000000001,2opt,notBad
6518,4,588.9800000000001,4,580.4900000000001,swap,notBad
6519,4,588.9800000000001,4,580.4900000000001,move,improve
6520,4,588.9800000000001,4,580.4900000000001,2opt,improve
6521,4,588.9800000000001,4,580.4900000000001,swap,notBad
6522,4,588.9800000000001,4,580.4900000000001,2opt,notBad
6523,4,588.9800000000001,4,580.4900000000001,swap,notBad
6524,4,588.9800000000001,4,580.4900000000001,move,improve
6525,4,588.9800000000001,4,580.4900000000001,2opt,notBad
6526,4,588.9800000000001,4,580.4900000000001,swap,notBad
6527,4,588.9800000000001,4,580.4900000000001,2opt,notBad
6528,4,588.9800000000001,4,580.4900000000001,swap,notBad
6529,4,588.9800000000001,4,580.4900000000001,swap,notBad
6530,4,588.9800000000001,4,580.4900000000001,move,improve
6531,4,588.9800000000001,4,580.4900000000001,swap,notBad
6532,4,588.9800000000001,4,580.4900000000001,move,improve
6533,4,588.9800000000001,4,580.4900000000001,2opt,notBad
6534,4,588.9800000000001,4,580.4900000000001,move,improve
6535,4,588.9800000000001,4,580.4900000000001,2opt,notBad
6536,4,588.9800000000001,4,580.4900000000001,swap,notBad
6537,4,588.9800000000001,4,580.4900000000001,2opt,notBad
6538,4,588.9800000000001,4,580.4900000000001,move,improve
6539,4,588.9800000000001,4,580.4900000000001,swap,notBad
6540,4,588.9800000000001,4,580.4900000000001,2opt,notBad
6541,4,588.9800000000001,4,580.4900000000001,2opt,notBad
6542,4,588.2199999999999,4,580.4900000000001,move,improve
6543,4,588.2199999999999,4,580.4900000000001,2opt,notBad
6544,4,588.2199999999999,4,580.4900000000001,swap,notBad
6545,4,588.2199999999999,4,580.4900000000001,swap,notBad
6546,4,588.2199999999999,4,580.4900000000001,swap,notBad
6547,4,588.2199999999999,4,580.4900000000001,swap,notBad
6548,4,588.2199999999999,4,580.4900000000001,2opt,notBad
6549,4,588.2199999999999,4,580.4900000000001,swap,notBad
6550,4,588.2199999999999,4,580.4900000000001,swap,notBad
6551,4,588.2199999999999,4,580.4900000000001,move,improve
6552,4,588.2199999999999,4,580.4900000000001,2opt,notBad
6553,4,588.2199999999999,4,580.4900000000001,swap,notBad
6554,4,588.2199999999999,4,580.4900000000001,move,improve
6555,4,588.2199999999999,4,580.4900000000001,2opt,notBad
6556,4,588.2199999999999,4,580.4900000000001,move,improve
6557,4,588.2199999999999,4,580.4900000000001,2opt,notBad
6558,4,588.2199999999999,4,580.4900000000001,swap,notBad
6559,4,588.2199999999999,4,580.4900000000001,move,improve
6560,4,588.2199999999999,4,580.4900000000001,move,improve
6561,4,588.2199999999999,4,580.4900000000001,move,improve
6562,4,588.2199999999999,4,580.4900000000001,2opt,notBad
6563,4,588.2199999999999,4,580.4900000000001,move,improve
6564,4,588.2199999999999,4,580.4900000000001,swap,notBad
6565,4,588.2199999999999,4,580.4900000000001,swap,notBad
6566,4,588.2199999999999,4,580.4900000000001,2opt,notBad
6567,4,588.2199999999999,4,580.4900000000001,2opt,notBad
6568,4,588.2199999999999,4,580.4900000000001,2opt,notBad
6569,4,588.2199999999999,4,580.4900000000001,move,improve
6570,4,588.2199999999999,4,580.4900000000001,2opt,notBad
6571,4,588.2199999999999,4,580.4900000000001,move,improve
6572,4,588.2199999999999,4,580.4900000000001,swap,notBad
6573,4,588.2199999999999,4,580.4900000000001,swap,notBad
6574,4,588.2199999999999,4,580.4900000000001,2opt,notBad
6575,4,588.2199999999999,4,580.4900000000001,2opt,notBad
6576,4,588.2199999999999,4,580.4900000000001,2opt,notBad
6577,4,588.2199999999999,4,580.4900000000001,swap,notBad
6578,4,588.2199999999999,4,580.4900000000001,move,improve
6579,4,588.2199999999999,4,580.4900000000001,2opt,notBad
6580,4,588.2199999999999,4,580.4900000000001,move,improve
6581,4,588.2199999999999,4,580.4900000000001,move,improve
6582,4,588.2199999999999,4,580.4900000000001,swap,notBad
6583,4,588.2199999999999,4,580.4900000000001,swap,notBad
6584,4,588.2199999999999,4,580.4900000000001,2opt,notBad
6585,4,588.2199999999999,4,580.4900000000001,swap,notBad
6586,4,588.2199999999999,4,580.4900000000001,swap,notBad
6587,4,588.2199999999999,4,580.4900000000001,move,improve
6588,4,588.2199999999999,4,580.4900000000001,2opt,notBad
6589,4,588.2199999999999,4,580.4900000000001,2opt,notBad
6590,4,588.2199999999999,4,580.4900000000001,swap,notBad
6591,4,588.2199999999999,4,580.4900000000001,swap,notBad
6592,4,588.2199999999999,4,580.4900000000001,move,improve
6593,4,588.2199999999999,4,580.4900000000001,move,improve
6594,4,588.2199999999999,4,580.4900000000001,move,improve
6595,4,588.2199999999999,4,580.4900000000001,move,improve
6596,4,588.2199999999999,4,580.4900000000001,swap,notBad
6597,4,588.2199999999999,4,580.4900000000001,swap,notBad
6598,4,588.2199999999999,4,580.4900000000001,2opt,notBad
6599,4,588.2199999999999,4,580.4900000000001,swap,notBad
6600,4,588.2199999999999,4,580.4900000000001,move,improve
6601,4,588.2199999999999,4,580.4900000000001,swap,notBad
6602,4,588.2199999999999,4,580.4900000000001,move,improve
6603,4,588.2199999999999,4,580.4900000000001,move,improve
6604,4,588.2199999999999,4,580.4900000000001,swap,notBad
6605,4,588.2199999999999,4,580.4900000000001,move,improve
6606,4,588.2199999999999,4,580.4900000000001,move,improve
6607,4,588.2199999999999,4,580.4900000000001,swap,notBad
6608,4,588.2199999999999,4,580.4900000000001,move,improve
6609,4,588.2199999999999,4,580.4900000000001,2opt,notBad
6610,4,588.2199999999999,4,580.4900000000001,move,improve
6611,4,588.2199999999999,4,580.4900000000001,move,improve
6612,4,588.2199999999999,4,580.4900000000001,move,improve
6613,4,588.2199999999999,4,580.4900000000001,2opt,improve
6614,4,588.2199999999999,4,580.4900000000001,2opt,notBad
6615,4,588.2199999999999,4,580.4900000000001,move,improve
6616,4,588.2199999999999,4,580.4900000000001,2opt,notBad
6617,4,588.2199999999999,4,580.4900000000001,swap,notBad
6618,4,588.2199999999999,4,580.4900000000001,swap,notBad
6619,4,587.23,4,580.4900000000001,move,improve
6620,4,587.23,4,580.4900000000001,swap,notBad
6621,4,587.23,4,580.4900000000001,move,improve
6622,4,587.23,4,580.4900000000001,2opt,notBad
6623,4,587.23,4,580.4900000000001,2opt,improve
6624,4,587.23,4,580.4900000000001,2opt,notBad
6625,4,587.23,4,580.4900000000001,swap,notBad
6626,4,587.23,4,580.4900000000001,move,improve
6627,4,587.23,4,580.4900000000001,swap,notBad
6628,4,587.23,4,580.4900000000001,move,improve
6629,4,587.23,4,580.4900000000001,move,improve
6630,4,587.23,4,580.4900000000001,2opt,notBad
6631,4,587.23,4,580.4900000000001,swap,notBad
6632,4,587.23,4,580.4900000000001,swap,notBad
6633,4,587.23,4,580.4900000000001,2opt,notBad
6634,4,587.23,4,580.4900000000001,move,improve
6635,4,587.23,4,580.4900000000001,2opt,notBad
6636,4,587.23,4,580.4900000000001,move,improve
6637,4,587.23,4,580.4900000000001,swap,notBad
6638,4,587.23,4,580.4900000000001,swap,notBad
6639,4,591.37,4,580.4900000000001,swap,acceptBad
6640,4,591.37,4,580.4900000000001,swap,notBad
6641,4,591.37,4,580.4900000000001,move,improve
6642,4,591.37,4,580.4900000000001,swap,notBad
6643,4,591.37,4,580.4900000000001,move,improve
6644,4,591.37,4,580.4900000000001,2opt,notBad
6645,4,591.37,4,580.4900000000001,swap,notBad
6646,4,591.37,4,580.4900000000001,swap,notBad
6647,4,591.37,4,580.4900000000001,2opt,notBad
6648,4,591.37,4,580.4900000000001,move,improve
6649,4,591.37,4,580.4900000000001,move,improve
6650,4,591.37,4,580.4900000000001,swap,notBad
6651,4,591.37,4,580.4900000000001,2opt,notBad
6652,4,591.37,4,580.4900000000001,move,improve
6653,4,591.37,4,580.4900000000001,2opt,improve
6654,4,590.27,4,580.4900000000001,move,improve
6655,4,590.27,4,580.4900000000001,swap,notBad
6656,4,590.27,4,580.4900000000001,swap,notBad
6657,4,590.27,4,580.4900000000001,swap,notBad
6658,4,590.27,4,580.4900000000001,move,improve
6659,4,590.27,4,580.4900000000001,swap,notBad
6660,4,590.27,4,580.4900000000001,move,improve
6661,4,590.27,4,580.4900000000001,2opt,notBad
6662,4,590.27,4,580.4900000000001,2opt,improve
6663,4,590.27,4,580.4900000000001,swap,notBad
6664,4,590.27,4,580.4900000000001,move,improve
6665,4,590.27,4,580.4900000000001,swap,notBad
6666,4,590.27,4,580.4900000000001,swap,notBad
6667,4,590.27,4,580.4900000000001,move,improve
6668,4,590.27,4,580.4900000000001,swap,notBad
6669,4,590.27,4,580.4900000000001,move,improve
6670,4,590.27,4,580.4900000000001,move,improve
6671,4,590.27,4,580.4900000000001,swap,notBad
6672,4,590.27,4,580.4900000000001,swap,notBad
6673,4,590.27,4,580.4900000000001,move,improve
6674,4,590.27,4,580.4900000000001,2opt,notBad
6675,4,590.27,4,580.4900000000001,swap,notBad
6676,4,590.27,4,580.4900000000001,swap,notBad
6677,4,590.27,4,580.4900000000001,swap,notBad
6678,4,590.27,4,580.4900000000001,2opt,improve
6679,4,590.27,4,580.4900000000001,swap,notBad
6680,4,590.27,4,580.4900000000001,swap,notBad
6681,4,590.27,4,580.4900000000001,2opt,notBad
6682,4,590.27,4,580.4900000000001,swap,notBad
6683,4,590.27,4,580.4900000000001,2opt,notBad
6684,4,590.27,4,580.4900000000001,move,improve
6685,4,590.27,4,580.4900000000001,swap,notBad
6686,4,590.27,4,580.4900000000001,2opt,notBad
6687,4,590.27,4,580.4900000000001,2opt,notBad
6688,4,590.27,4,580.4900000000001,move,improve
6689,4,590.27,4,580.4900000000001,2opt,notBad
6690,4,590.27,4,580.4900000000001,2opt,notBad
6691,4,590.27,4,580.4900000000001,2opt,notBad
6692,4,590.27,4,580.4900000000001,swap,notBad
6693,4,590.27,4,580.4900000000001,2opt,notBad
6694,4,590.27,4,580.4900000000001,swap,notBad
6695,4,585.1300000000001,4,580.4900000000001,move,improve
6696,4,585.1300000000001,4,580.4900000000001,2opt,notBad
6697,4,585.1300000000001,4,580.4900000000001,2opt,notBad
6698,4,585.1300000000001,4,580.4900000000001,swap,notBad
6699,4,585.1300000000001,4,580.4900000000001,2opt,notBad
6700,4,585.1300000000001,4,580.4900000000001,2opt,notBad
6701,4,585.1300000000001,4,580.4900000000001,move,improve
6702,4,582.69,4,580.4900000000001,move,improve
6703,4,582.69,4,580.4900000000001,move,improve
6704,4,582.69,4,580.4900000000001,swap,notBad
6705,4,582.69,4,580.4900000000001,2opt,notBad
6706,4,582.69,4,580.4900000000001,swap,notBad
6707,4,582.69,4,580.4900000000001,swap,notBad
6708,4,582.69,4,580.4900000000001,2opt,notBad
6709,4,582.69,4,580.4900000000001,2opt,notBad
6710,4,582.69,4,580.4900000000001,2opt,improve
6711,4,582.69,4,580.4900000000001,2opt,notBad
6712,4,582.69,4,580.4900000000001,2opt,notBad
6713,4,582.69,4,580.4900000000001,2opt,notBad
6714,4,582.69,4,580.4900000000001,2opt,notBad
6715,4,582.69,4,580.4900000000001,move,improve
6716,4,582.69,4,580.4900000000001,swap,notBad
6717,4,582.69,4,580.4900000000001,move,improve
6718,4,582.69,4,580.4900000000001,2opt,notBad
6719,4,582.69,4,580.4900000000001,2opt,notBad
6720,4,582.69,4,580.4900000000001,2opt,notBad
6721,4,582.69,4,580.4900000000001,2opt,notBad
6722,4,582.69,4,580.4900000000001,swap,notBad
6723,4,582.69,4,580.4900000000001,swap,notBad
6724,4,582.69,4,580.4900000000001,move,improve
6725,4,583.71,4,580.4900000000001,swap,acceptBad
6726,4,583.71,4,580.4900000000001,2opt,notBad
6727,4,583.71,4,580.4900000000001,2opt,notBad
6728,4,583.71,4,580.4900000000001,2opt,notBad
6729,4,583.71,4,580.4900000000001,swap,notBad
6730,4,583.71,4,580.4900000000001,2opt,notBad
6731,4,583.71,4,580.4900000000001,2opt,notBad
6732,4,583.71,4,580.4900000000001,2opt,notBad
6733,4,583.71,4,580.4900000000001,swap,notBad
6734,4,585.24,4,580.4900000000001,swap,acceptBad
6735,4,585.24,4,580.4900000000001,2opt,notBad
6736,4,585.24,4,580.4900000000001,2opt,notBad
6737,4,585.24,4,580.4900000000001,move,improve
6738,4,585.24,4,580.4900000000001,move,improve
6739,4,585.24,4,580.4900000000001,2opt,notBad
6740,4,585.24,4,580.4900000000001,2opt,notBad
6741,4,588.6600000000001,4,580.4900000000001,swap,acceptBad
6742,4,588.6600000000001,4,580.4900000000001,2opt,notBad
6743,4,588.66,4,580.4900000000001,move,improve
6744,4,588.66,4,580.4900000000001,2opt,notBad
6745,4,588.66,4,580.4900000000001,2opt,notBad
6746,4,588.66,4,580.4900000000001,2opt,notBad
6747,4,588.66,4,580.4900000000001,swap,notBad
6748,4,588.66,4,580.4900000000001,2opt,improve
6749,4,588.66,4,580.4900000000001,move,improve
6750,4,588.66,4,580.4900000000001,move,improve
6751,4,588.66,4,580.4900000000001,move,improve
6752,4,588.66,4,580.4900000000001,2opt,notBad
6753,4,588.66,4,580.4900000000001,move,improve
6754,4,588.66,4,580.4900000000001,move,improve
6755,4,588.66,4,580.4900000000001,move,improve
6756,4,588.66,4,580.4900000000001,swap,notBad
6757,4,588.66,4,580.4900000000001,2opt,notBad
6758,4,588.66,4,580.4900000000001,2opt,notBad
6759,4,588.66,4,580.4900000000001,2opt,notBad
6760,4,588.66,4,580.4900000000001,2opt,notBad
6761,4,588.66,4,580.4900000000001,swap,notBad
6762,4,588.66,4,580.4900000000001,move,improve
6763,4,588.66,4,580.4900000000001,2opt,improve
6764,4,588.66,4,580.4900000000001,swap,notBad
6765,4,588.66,4,580.4900000000001,swap,notBad
6766,4,588.66,4,580.4900000000001,2opt,notBad
6767,4,588.66,4,580.4900000000001,2opt,notBad
6768,4,588.66,4,580.4900000000001,move,improve
6769,4,588.66,4,580.4900000000001,swap,notBad
6770,4,588.66,4,580.4900000000001,move,improve
6771,4,588.66,4,580.4900000000001,move,improve
6772,4,588.66,4,580.4900000000001,2opt,notBad
6773,4,588.66,4,580.4900000000001,move,improve
6774,4,588.1199999999999,4,580.4900000000001,move,improve
6775,4,588.1199999999999,4,580.4900000000001,swap,notBad
6776,4,589.72,4,580.4900000000001,swap,acceptBad
6777,4,589.72,4,580.4900000000001,move,improve
6778,4,589.72,4,580.4900000000001,swap,notBad
6779,4,589.72,4,580.4900000000001,2opt,notBad
6780,4,589.72,4,580.4900000000001,2opt,notBad
6781,4,589.72,4,580.4900000000001,2opt,notBad
6782,4,589.72,4,580.4900000000001,swap,notBad
6783,4,589.72,4,580.4900000000001,move,improve
6784,4,589.72,4,580.4900000000001,swap,notBad
6785,4,589.72,4,580.4900000000001,2opt,notBad
6786,4,588.36,4,580.4900000000001,move,improve
6787,4,588.36,4,580.4900000000001,2opt,notBad
6788,4,588.36,4,580.4900000000001,move,improve
6789,4,588.36,4,580.4900000000001,move,improve
6790,4,588.36,4,580.4900000000001,2opt,notBad
6791,4,588.12,4,580.4900000000001,move,improve
6792,4,588.12,4,580.4900000000001,swap,notBad
6793,4,588.12,4,580.4900000000001,2opt,notBad
6794,4,588.1200000000001,4,580.4900000000001,move,acceptBad
6795,4,588.1200000000001,4,580.4900000000001,swap,notBad
6796,4,585.24,4,580.4900000000001,move,improve
6797,4,585.24,4,580.4900000000001,swap,notBad
6798,4,585.24,4,580.4900000000001,swap,notBad
6799,4,585.24,4,580.4900000000001,2opt,notBad
6800,4,585.24,4,580.4900000000001,2opt,notBad
6801,4,585.24,4,580.4900000000001,swap,notBad
6802,4,585.24,4,580.4900000000001,2opt,notBad
6803,4,585.24,4,580.4900000000001,swap,notBad
6804,4,585.88,4,580.4900000000001,swap,acceptBad
6805,4,585.88,4,580.4900000000001,2opt,notBad
6806,4,585.88,4,580.4900000000001,move,improve
6807,4,585.88,4,580.4900000000001,swap,notBad
6808,4,585.88,4,580.4900000000001,2opt,notBad
6809,4,585.88,4,580.4900000000001,swap,notBad
6810,4,585.88,4,580.4900000000001,2opt,notBad
6811,4,585.88,4,580.4900000000001,move,improve
6812,4,585.88,4,580.4900000000001,swap,notBad
6813,4,585.88,4,580.4900000000001,2opt,notBad
6814,4,585.88,4,580.4900000000001,move,improve
6815,4,585.88,4,580.4900000000001,2opt,notBad
6816,4,585.88,4,580.4900000000001,2opt,notBad
6817,4,585.88,4,580.4900000000001,move,improve
6818,4,585.88,4,580.4900000000001,move,improve
6819,4,585.88,4,580.4900000000001,swap,notBad
6820,4,585.88,4,580.4900000000001,2opt,notBad
6821,4,585.88,4,580.4900000000001,swap,notBad
6822,4,585.88,4,580.4900000000001,2opt,notBad
6823,4,585.88,4,580.4900000000001,swap,notBad
6824,4,585.88,4,580.4900000000001,swap,notBad
6825,4,585.88,4,580.4900000000001,2opt,improve
6826,4,585.88,4,580.4900000000001,move,improve
6827,4,585.88,4,580.4900000000001,2opt,notBad
6828,4,585.88,4,580.4900000000001,swap,notBad
6829,4,585.88,4,580.4900000000001,swap,notBad
6830,4,585.88,4,580.4900000000001,2opt,notBad
6831,4,585.88,4,580.4900000000001,move,improve
6832,4,585.88,4,580.4900000000001,swap,notBad
6833,4,585.88,4,580.4900000000001,2opt,notBad
6834,4,585.24,4,580.4900000000001,move,improve
6835,4,585.24,4,580.4900000000001,2opt,notBad
6836,4,585.24,4,580.4900000000001,move,improve
6837,4,585.24,4,580.4900000000001,swap,notBad
6838,4,585.24,4,580.4900000000001,move,improve
6839,4,585.24,4,580.4900000000001,2opt,notBad
6840,4,585.24,4,580.4900000000001,2opt,notBad
6841,4,585.24,4,580.4900000000001,swap,notBad
6842,4,585.24,4,580.4900000000001,2opt,improve
6843,4,585.24,4,580.4900000000001,2opt,notBad
6844,4,585.24,4,580.4900000000001,2opt,notBad
6845,4,585.24,4,580.4900000000001,2opt,notBad
6846,4,585.24,4,580.4900000000001,move,improve
6847,4,585.24,4,580.4900000000001,2opt,notBad
6848,4,585.24,4,580.4900000000001,move,improve
6849,4,585.24,4,580.4900000000001,move,improve
6850,4,585.24,4,580.4900000000001,swap,notBad
6851,4,585.24,4,580.4900000000001,2opt,notBad
6852,4,583.68,4,580.4900000000001,move,improve
6853,4,583.68,4,580.4900000000001,swap,notBad
6854,4,583.68,4,580.4900000000001,swap,notBad
6855,4,583.68,4,580.4900000000001,swap,notBad
6856,4,583.68,4,580.4900000000001,move,improve
6857,4,583.68,4,580.4900000000001,swap,notBad
6858,4,583.68,4,580.4900000000001,move,improve
6859,4,583.68,4,580.4900000000001,2opt,notBad
6860,4,583.68,4,580.4900000000001,swap,notBad
6861,4,583.68,4,580.4900000000001,2opt,notBad
6862,4,583.68,4,580.4900000000001,swap,notBad
6863,4,583.68,4,580.4900000000001,swap,notBad
6864,4,583.68,4,580.4900000000001,move,improve
6865,4,583.68,4,580.4900000000001,swap,notBad
6866,4,583.68,4,580.4900000000001,swap,notBad
6867,4,583.68,4,580.4900000000001,2opt,notBad
6868,4,583.68,4,580.4900000000001,move,improve
6869,4,583.68,4,580.4900000000001,swap,notBad
6870,4,583.68,4,580.4900000000001,swap,notBad
6871,4,583.68,4,580.4900000000001,2opt,notBad
6872,4,583.68,4,580.4900000000001,move,improve
6873,4,583.68,4,580.4900000000001,swap,notBad
6874,4,583.68,4,580.4900000000001,move,improve
6875,4,583.68,4,580.4900000000001,move,improve
6876,4,583.68,4,580.4900000000001,move,improve
6877,4,583.68,4,580.4900000000001,swap,notBad
6878,4,583.68,4,580.4900000000001,move,improve
6879,4,583.68,4,580.4900000000001,move,improve
6880,4,583.68,4,580.4900000000001,swap,notBad
6881,4,583.68,4,580.4900000000001,move,improve
6882,4,583.68,4,580.4900000000001,2opt,notBad
6883,4,583.68,4,580.4900000000001,swap,notBad
6884,4,583.68,4,580.4900000000001,swap,notBad
6885,4,583.68,4,580.4900000000001,move,improve
6886,4,583.68,4,580.4900000000001,swap,notBad
6887,4,583.68,4,580.4900000000001,2opt,notBad
6888,4,583.68,4,580.4900000000001,swap,notBad
6889,4,583.68,4,580.4900000000001,swap,notBad
6890,4,583.68,4,580.4900000000001,move,improve
6891,4,583.68,4,580.4900000000001,2opt,notBad
6892,4,583.68,4,580.4900000000001,move,improve
6893,4,583.68,4,580.4900000000001,2opt,notBad
6894,4,583.68,4,580.4900000000001,swap,notBad
6895,4,583.68,4,580.4900000000001,move,improve
6896,4,583.68,4,580.4900000000001,move,improve
6897,4,583.68,4,580.4900000000001,swap,notBad
6898,4,583.68,4,580.4900000000001,swap,notBad
6899,4,583.68,4,580.4900000000001,2opt,notBad
6900,4,583.68,4,580.4900000000001,2opt,notBad
6901,4,583.68,4,580.4900000000001,move,improve
6902,4,583.68,4,580.4900000000001,2opt,notBad
6903,4,583.68,4,580.4900000000001,move,improve
6904,4,583.68,4,580.4900000000001,move,improve
6905,4,583.68,4,580.4900000000001,2opt,notBad
6906,4,583.68,4,580.4900000000001,2opt,notBad
6907,4,583.68,4,580.4900000000001,2opt,notBad
6908,4,583.68,4,580.4900000000001,move,improve
6909,4,583.68,4,580.4900000000001,move,improve
6910,4,583.68,4,580.4900000000001,move,improve
6911,4,584.58,4,580.4900000000001,swap,acceptBad
6912,4,584.58,4,580.4900000000001,move,improve
6913,4,584.58,4,580.4900000000001,move,improve
6914,4,584.58,4,580.4900000000001,swap,notBad
6915,4,584.58,4,580.4900000000001,2opt,notBad
6916,4,584.58,4,580.4900000000001,swap,notBad
6917,4,584.58,4,580.4900000000001,move,improve
6918,4,584.58,4,580.4900000000001,move,improve
6919,4,584.58,4,580.4900000000001,swap,notBad
6920,4,585.18,4,580.4900000000001,move,acceptBad
6921,4,585.18,4,580.4900000000001,swap,notBad
6922,4,585.18,4,580.4900000000001,swap,notBad
6923,4,585.18,4,580.4900000000001,2opt,notBad
6924,4,585.18,4,580.4900000000001,move,improve
6925,4,585.18,4,580.4900000000001,2opt,notBad
6926,4,585.18,4,580.4900000000001,2opt,notBad
6927,4,585.18,4,580.4900000000001,move,improve
6928,4,585.18,4,580.4900000000001,2opt,notBad
6929,4,585.18,4,580.4900000000001,swap,notBad
6930,4,585.18,4,580.4900000000001,move,improve
6931,4,585.18,4,580.4900000000001,swap,notBad
6932,4,585.18,4,580.4900000000001,2opt,notBad
6933,4,585.18,4,580.4900000000001,swap,notBad
6934,4,585.18,4,580.4900000000001,2opt,notBad
6935,4,585.18,4,580.4900000000001,move,improve
6936,4,585.18,4,580.4900000000001,move,improve
6937,4,585.18,4,580.4900000000001,2opt,notBad
6938,4,585.18,4,580.4900000000001,move,improve
6939,4,585.18,4,580.4900000000001,2opt,improve
6940,4,585.18,4,580.4900000000001,swap,notBad
6941,4,585.18,4,580.4900000000001,2opt,notBad
6942,4,585.18,4,580.4900000000001,2opt,notBad
6943,4,585.18,4,580.4900000000001,move,improve
6944,4,585.18,4,580.4900000000001,2opt,notBad
6945,4,585.18,4,580.4900000000001,2opt,improve
6946,4,585.18,4,580.4900000000001,swap,notBad
6947,4,585.18,4,580.4900000000001,move,improve
6948,4,585.18,4,580.4900000000001,2opt,notBad
6949,4,585.18,4,580.4900000000001,2opt,notBad
6950,4,585.18,4,580.4900000000001,swap,notBad
6951,4,585.18,4,580.4900000000001,move,improve
6952,4,585.18,4,580.4900000000001,swap,notBad
6953,4,585.18,4,580.4900000000001,swap,notBad
6954,4,585.18,4,580.4900000000001,2opt,notBad
6955,4,585.18,4,580.4900000000001,2opt,notBad
6956,4,585.18,4,580.4900000000001,swap,notBad
6957,4,585.18,4,580.4900000000001,move,improve
6958,4,585.18,4,580.4900000000001,2opt,notBad
6959,4,585.18,4,580.4900000000001,swap,notBad
6960,4,585.18,4,580.4900000000001,move,improve
6961,4,585.18,4,580.4900000000001,2opt,notBad
6962,4,585.18,4,580.4900000000001,2opt,notBad
6963,4,585.18,4,580.4900000000001,2opt,notBad
6964,4,585.18,4,580.4900000000001,swap,notBad
6965,4,585.18,4,580.4900000000001,move,improve
6966,4,585.18,4,580.4900000000001,move,improve
6967,4,585.18,4,580.4900000000001,move,improve
6968,4,585.18,4,580.4900000000001,move,improve
6969,4,585.18,4,580.4900000000001,2opt,notBad
6970,4,585.18,4,580.4900000000001,move,improve
6971,4,585.18,4,580.4900000000001,move,improve
6972,4,585.18,4,580.4900000000001,move,improve
6973,4,586.74,4,580.4900000000001,swap,acceptBad
6974,4,586.74,4,580.4900000000001,2opt,improve
6975,4,586.74,4,580.4900000000001,swap,notBad
6976,4,587.38,4,580.4900000000001,swap,acceptBad
6977,4,586.84,4,580.4900000000001,move,improve
6978,4,586.84,4,580.4900000000001,move,improve
6979,4,586.84,4,580.4900000000001,move,improve
6980,4,586.36,4,580.4900000000001,move,improve
6981,4,586.36,4,580.4900000000001,2opt,notBad
6982,4,586.36,4,580.4900000000001,2opt,notBad
6983,4,586.36,4,580.4900000000001,2opt,notBad
6984,4,586.36,4,580.4900000000001,move,improve
6985,4,586.36,4,580.4900000000001,move,improve
6986,4,586.36,4,580.4900000000001,2opt,notBad
6987,4,586.36,4,580.4900000000001,2opt,notBad
6988,4,586.36,4,580.4900000000001,swap,notBad
6989,4,586.36,4,580.4900000000001,swap,notBad
6990,4,586.36,4,580.4900000000001,2opt,improve
6991,4,585.06,4,580.4900000000001,move,improve
6992,4,585.06,4,580.4900000000001,move,improve
6993,4,585.06,4,580.4900000000001,swap,notBad
6994,4,585.06,4,580.4900000000001,swap,notBad
6995,4,585.06,4,580.4900000000001,move,improve
6996,4,585.06,4,580.4900000000001,swap,notBad
6997,4,585.06,4,580.4900000000001,move,improve
6998,4,585.06,4,580.4900000000001,swap,notBad
6999,4,585.06,4,580.4900000000001,swap,notBad
7000,4,585.06,4,580.4900000000001,move,improve
7001,4,585.06,4,580.4900000000001,swap,notBad
7002,4,585.06,4,580.4900000000001,2opt,notBad
7003,4,585.06,4,580.4900000000001,swap,notBad
7004,4,585.06,4,580.4900000000001,move,improve
7005,4,585.06,4,580.4900000000001,2opt,improve
7006,4,585.06,4,580.4900000000001,swap,notBad
7007,4,585.06,4,580.4900000000001,move,improve
7008,4,585.06,4,580.4900000000001,2opt,notBad
7009,4,585.06,4,580.4900000000001,2opt,notBad
7010,4,585.06,4,580.4900000000001,swap,notBad
7011,4,585.06,4,580.4900000000001,2opt,notBad
7012,4,585.06,4,580.4900000000001,2opt,notBad
7013,4,585.06,4,580.4900000000001,swap,notBad
7014,4,585.06,4,580.4900000000001,2opt,notBad
7015,4,585.06,4,580.4900000000001,swap,notBad
7016,4,585.06,4,580.4900000000001,move,improve
7017,4,585.06,4,580.4900000000001,swap,notBad
7018,4,585.06,4,580.4900000000001,move,improve
7019,4,585.06,4,580.4900000000001,swap,notBad
7020,4,585.06,4,580.4900000000001,2opt,notBad
7021,4,585.06,4,580.4900000000001,2opt,notBad
7022,4,585.06,4,580.4900000000001,2opt,notBad
7023,4,585.06,4,580.4900000000001,move,improve
7024,4,585.06,4,580.4900000000001,2opt,notBad
7025,4,585.06,4,580.4900000000001,move,improve
7026,4,585.06,4,580.4900000000001,move,improve
7027,4,585.06,4,580.4900000000001,move,improve
7028,4,585.06,4,580.4900000000001,2opt,notBad
7029,4,585.06,4,580.4900000000001,swap,notBad
7030,4,585.06,4,580.4900000000001,2opt,notBad
7031,4,585.06,4,580.4900000000001,2opt,notBad
7032,4,585.06,4,580.4900000000001,swap,notBad
7033,4,585.06,4,580.4900000000001,move,improve
7034,4,585.06,4,580.4900000000001,move,improve
7035,4,585.06,4,580.4900000000001,move,improve
7036,4,585.06,4,580.4900000000001,swap,notBad
7037,4,585.06,4,580.4900000000001,swap,notBad
7038,4,585.06,4,580.4900000000001,2opt,notBad
7039,4,585.06,4,580.4900000000001,swap,notBad
7040,4,585.06,4,580.4900000000001,move,improve
7041,4,585.06,4,580.4900000000001,swap,notBad
7042,4,585.06,4,580.4900000000001,swap,notBad
7043,4,585.06,4,580.4900000000001,2opt,notBad
7044,4,585.06,4,580.4900000000001,2opt,notBad
7045,4,585.06,4,580.4900000000001,swap,notBad
7046,4,585.06,4,580.4900000000001,swap,notBad
7047,4,585.06,4,580.4900000000001,2opt,notBad
7048,4,585.06,4,580.4900000000001,swap,notBad
7049,4,585.06,4,580.4900000000001,swap,notBad
7050,4,585.06,4,580.4900000000001,move,improve
7051,4,585.06,4,580.4900000000001,swap,notBad
7052,4,585.06,4,580.4900000000001,move,improve
7053,4,585.06,4,580.4900000000001,move,improve
7054,4,585.06,4,580.4900000000001,swap,notBad
7055,4,585.06,4,580.4900000000001,2opt,notBad
7056,4,585.06,4,580.4900000000001,move,improve
7057,4,585.06,4,580.4900000000001,2opt,notBad
7058,4,584.58,4,580.4900000000001,swap,improve
7059,4,584.58,4,580.4900000000001,move,improve
7060,4,584.58,4,580.4900000000001,swap,notBad
7061,4,584.58,4,580.4900000000001,2opt,notBad
7062,4,584.58,4,580.4900000000001,2opt,notBad
7063,4,584.58,4,580.4900000000001,move,improve
7064,4,584.58,4,580.4900000000001,move,improve
7065,4,584.58,4,580.4900000000001,swap,notBad
7066,4,584.58,4,580.4900000000001,move,improve
7067,4,584.58,4,580.4900000000001,swap,notBad
7068,4,584.58,4,580.4900000000001,2opt,notBad
7069,4,584.58,4,580.4900000000001,swap,notBad
7070,4,584.58,4,580.4900000000001,swap,notBad
7071,4,584.58,4,580.4900000000001,move,improve
7072,4,584.58,4,580.4900000000001,2opt,notBad
7073,4,584.58,4,580.4900000000001,swap,notBad
7074,4,584.58,4,580.4900000000001,2opt,notBad
7075,4,584.58,4,580.4900000000001,swap,notBad
7076,4,584.58,4,580.4900000000001,2opt,notBad
7077,4,584.58,4,580.4900000000001,swap,notBad
7078,4,584.58,4,580.4900000000001,2opt,notBad
7079,4,584.58,4,580.4900000000001,swap,notBad
7080,4,584.58,4,580.4900000000001,swap,notBad
7081,4,584.58,4,580.4900000000001,2opt,notBad
7082,4,584.58,4,580.4900000000001,move,improve
7083,4,584.58,4,580.4900000000001,2opt,improve
7084,4,584.58,4,580.4900000000001,swap,notBad
7085,4,584.58,4,580.4900000000001,2opt,notBad
7086,4,584.58,4,580.4900000000001,2opt,improve
7087,4,584.58,4,580.4900000000001,2opt,notBad
7088,4,584.58,4,580.4900000000001,move,improve
7089,4,584.58,4,580.4900000000001,swap,notBad
7090,4,584.58,4,580.4900000000001,2opt,notBad
7091,4,584.58,4,580.4900000000001,swap,notBad
7092,4,584.58,4,580.4900000000001,swap,notBad
7093,4,584.58,4,580.4900000000001,2opt,notBad
7094,4,584.58,4,580.4900000000001,2opt,notBad
7095,4,584.58,4,580.4900000000001,move,improve
7096,4,584.58,4,580.4900000000001,2opt,notBad
7097,4,584.58,4,580.4900000000001,swap,notBad
7098,4,584.58,4,580.4900000000001,swap,notBad
7099,4,584.58,4,580.4900000000001,move,improve
7100,4,584.58,4,580.4900000000001,swap,notBad
7101,4,584.58,4,580.4900000000001,swap,notBad
7102,4,584.58,4,580.4900000000001,2opt,notBad
7103,4,584.58,4,580.4900000000001,move,improve
7104,4,584.58,4,580.4900000000001,2opt,notBad
7105,4,584.58,4,580.4900000000001,move,improve
7106,4,584.58,4,580.4900000000001,move,improve
7107,4,584.58,4,580.4900000000001,swap,notBad
7108,4,583.5900000000001,4,580.4900000000001,move,improve
7109,4,583.5900000000001,4,580.4900000000001,2opt,notBad
7110,4,583.5900000000001,4,580.4900000000001,swap,notBad
7111,4,583.5900000000001,4,580.4900000000001,move,improve
7112,4,583.5900000000001,4,580.4900000000001,swap,notBad
7113,4,584.07,4,580.4900000000001,swap,acceptBad
7114,4,584.07,4,580.4900000000001,2opt,notBad
7115,4,584.07,4,580.4900000000001,swap,notBad
7116,4,584.07,4,580.4900000000001,move,improve
7117,4,584.07,4,580.4900000000001,2opt,notBad
7118,4,584.07,4,580.4900000000001,2opt,notBad
7119,4,584.07,4,580.4900000000001,swap,notBad
7120,4,584.07,4,580.4900000000001,swap,notBad
7121,4,584.07,4,580.4900000000001,swap,notBad
7122,4,584.07,4,580.4900000000001,swap,notBad
7123,4,584.07,4,580.4900000000001,swap,notBad
7124,4,584.07,4,580.4900000000001,move,improve
7125,4,584.07,4,580.4900000000001,2opt,improve
7126,4,584.07,4,580.4900000000001,move,improve
7127,4,584.07,4,580.4900000000001,swap,notBad
7128,4,584.07,4,580.4900000000001,2opt,notBad
7129,4,584.07,4,580.4900000000001,move,improve
7130,4,584.07,4,580.4900000000001,2opt,notBad
7131,4,584.07,4,580.4900000000001,move,improve
7132,4,584.07,4,580.4900000000001,move,improve
7133,4,584.07,4,580.4900000000001,2opt,notBad
7134,4,584.07,4,580.4900000000001,move,improve
7135,4,584.07,4,580.4900000000001,move,improve
7136,4,584.07,4,580.4900000000001,swap,notBad
7137,4,584.07,4,580.4900000000001,2opt,improve
7138,4,584.07,4,580.4900000000001,move,improve
7139,4,584.07,4,580.4900000000001,swap,notBad
7140,4,584.07,4,580.4900000000001,swap,notBad
7141,4,584.07,4,580.4900000000001,2opt,notBad
7142,4,584.07,4,580.4900000000001,swap,notBad
7143,4,584.07,4,580.4900000000001,swap,notBad
7144,4,584.07,4,580.4900000000001,2opt,notBad
7145,4,584.07,4,580.4900000000001,2opt,notBad
7146,4,584.07,4,580.4900000000001,move,improve
7147,4,584.07,4,580.4900000000001,2opt,notBad
7148,4,584.07,4,580.4900000000001,move,improve
7149,4,582.81,4,580.4900000000001,move,improve
7150,4,582.81,4,580.4900000000001,swap,notBad
7151,4,582.81,4,580.4900000000001,move,improve
7152,4,582.81,4,580.4900000000001,swap,notBad
7153,4,582.81,4,580.4900000000001,move,improve
7154,4,582.81,4,580.4900000000001,2opt,notBad
7155,4,582.81,4,580.4900000000001,swap,notBad
7156,4,582.81,4,580.4900000000001,move,improve
7157,4,582.81,4,580.4900000000001,swap,notBad
7158,4,582.81,4,580.4900000000001,swap,notBad
7159,4,582.81,4,580.4900000000001,move,improve
7160,4,582.81,4,580.4900000000001,swap,notBad
7161,4,582.81,4,580.4900000000001,swap,notBad
7162,4,582.81,4,580.4900000000001,move,improve
7163,4,582.81,4,580.4900000000001,swap,notBad
7164,4,582.81,4,580.4900000000001,2opt,notBad
7165,4,582.81,4,580.4900000000001,2opt,notBad
7166,4,582.81,4,580.4900000000001,2opt,improve
7167,4,582.81,4,580.4900000000001,swap,notBad
7168,4,582.81,4,580.4900000000001,move,improve
7169,4,581.91,4,580.4900000000001,move,improve
7170,4,581.91,4,580.4900000000001,move,improve
7171,4,581.91,4,580.4900000000001,move,improve
7172,4,581.91,4,580.4900000000001,move,improve
7173,4,581.91,4,580.4900000000001,2opt,notBad
7174,4,581.91,4,580.4900000000001,move,improve
7175,4,581.91,4,580.4900000000001,move,improve
7176,4,581.91,4,580.4900000000001,move,improve
7177,4,581.91,4,580.4900000000001,move,improve
7178,4,581.91,4,580.4900000000001,2opt,notBad
7179,4,584.3500000000001,4,580.4900000000001,swap,acceptBad
7180,4,584.3500000000001,4,580.4900000000001,move,improve
7181,4,584.3500000000001,4,580.4900000000001,swap,notBad
7182,4,584.3500000000001,4,580.4900000000001,move,improve
7183,4,584.3500000000001,4,580.4900000000001,move,improve
7184,4,584.3500000000001,4,580.4900000000001,move,improve
7185,4,584.3500000000001,4,580.4900000000001,2opt,notBad
7186,4,584.3500000000001,4,580.4900000000001,swap,notBad
7187,4,584.3500000000001,4,580.4900000000001,swap,notBad
7188,4,584.3500000000001,4,580.4900000000001,move,improve
7189,4,584.3500000000001,4,580.4900000000001,2opt,notBad
7190,4,584.3500000000001,4,580.4900000000001,move,improve
7191,4,584.3500000000001,4,580.4900000000001,2opt,notBad
7192,4,584.3500000000001,4,580.4900000000001,2opt,notBad
7193,4,584.3500000000001,4,580.4900000000001,2opt,improve
7194,4,584.3500000000001,4,580.4900000000001,swap,notBad
7195,4,584.3500000000001,4,580.4900000000001,swap,notBad
7196,4,584.3500000000001,4,580.4900000000001,move,improve
7197,4,584.3500000000001,4,580.4900000000001,2opt,notBad
7198,4,584.3500000000001,4,580.4900000000001,2opt,notBad
7199,4,584.3500000000001,4,580.4900000000001,move,improve
7200,4,584.3500000000001,4,580.4900000000001,2opt,notBad
7201,4,584.3500000000001,4,580.4900000000001,2opt,notBad
7202,4,584.3500000000001,4,580.4900000000001,swap,notBad
7203,4,584.3500000000001,4,580.4900000000001,move,improve
7204,4,584.3500000000001,4,580.4900000000001,2opt,notBad
7205,4,584.3500000000001,4,580.4900000000001,2opt,improve
7206,4,584.3500000000001,4,580.4900000000001,move,improve
7207,4,584.3500000000001,4,580.4900000000001,move,improve
7208,4,584.3500000000001,4,580.4900000000001,2opt,improve
7209,4,584.3500000000001,4,580.4900000000001,2opt,notBad
7210,4,584.3500000000001,4,580.4900000000001,move,improve
7211,4,584.3500000000001,4,580.4900000000001,move,improve
7212,4,584.3500000000001,4,580.4900000000001,swap,notBad
7213,4,584.3500000000001,4,580.4900000000001,2opt,notBad
7214,4,584.3500000000001,4,580.4900000000001,2opt,notBad
7215,4,584.3500000000001,4,580.4900000000001,move,improve
7216,4,584.3500000000001,4,580.4900000000001,move,improve
7217,4,584.3500000000001,4,580.4900000000001,swap,notBad
7218,4,584.3500000000001,4,580.4900000000001,move,improve
7219,4,584.3500000000001,4,580.4900000000001,move,improve
7220,4,584.3500000000001,4,580.4900000000001,move,improve
7221,4,584.3500000000001,4,580.4900000000001,swap,notBad
7222,4,584.3500000000001,4,580.4900000000001,swap,notBad
7223,4,584.3500000000001,4,580.4900000000001,2opt,notBad
7224,4,584.3500000000001,4,580.4900000000001,swap,notBad
7225,4,584.3500000000001,4,580.4900000000001,2opt,notBad
7226,4,584.3500000000001,4,580.4900000000001,2opt,notBad
7227,4,584.3500000000001,4,580.4900000000001,swap,notBad
7228,4,584.3500000000001,4,580.4900000000001,swap,notBad
7229,4,584.3500000000001,4,580.4900000000001,move,improve
7230,4,587.5500000000001,4,580.4900000000001,swap,acceptBad
7231,4,587.5500000000001,4,580.4900000000001,2opt,notBad
7232,4,587.5500000000001,4,580.4900000000001,swap,notBad
7233,4,587.5500000000001,4,580.4900000000001,move,improve
7234,4,587.5500000000001,4,580.4900000000001,2opt,notBad
7235,4,587.5500000000001,4,580.4900000000001,2opt,notBad
7236,4,587.5500000000001,4,580.4900000000001,swap,notBad
7237,4,587.5500000000001,4,580.4900000000001,2opt,notBad
7238,4,587.5500000000001,4,580.4900000000001,swap,notBad
7239,4,587.5500000000001,4,580.4900000000001,swap,notBad
7240,4,587.5500000000001,4,580.4900000000001,swap,notBad
7241,4,587.5500000000001,4,580.4900000000001,swap,notBad
7242,4,587.5500000000001,4,580.4900000000001,move,improve
7243,4,587.5500000000001,4,580.4900000000001,swap,notBad
7244,4,587.5500000000001,4,580.4900000000001,2opt,notBad
7245,4,587.5500000000001,4,580.4900000000001,move,improve
7246,4,587.5500000000001,4,580.4900000000001,move,improve
7247,4,587.5500000000001,4,580.4900000000001,move,improve
7248,4,587.5500000000001,4,580.4900000000001,swap,notBad
7249,4,587.5500000000001,4,580.4900000000001,2opt,notBad
7250,4,587.5500000000001,4,580.4900000000001,swap,notBad
7251,4,587.5500000000001,4,580.4900000000001,2opt,notBad
7252,4,587.5500000000001,4,580.4900000000001,move,improve
7253,4,587.5500000000001,4,580.4900000000001,swap,notBad
7254,4,587.5500000000001,4,580.4900000000001,2opt,improve
7255,4,587.5500000000001,4,580.4900000000001,move,improve
7256,4,587.5500000000001,4,580.4900000000001,2opt,notBad
7257,4,587.5500000000001,4,580.4900000000001,swap,notBad
7258,4,587.5500000000001,4,580.4900000000001,swap,notBad
7259,4,587.5500000000001,4,580.4900000000001,move,improve
7260,4,587.5500000000001,4,580.4900000000001,move,improve
7261,4,587.5500000000001,4,580.4900000000001,move,improve
7262,4,587.5500000000001,4,580.4900000000001,2opt,improve
7263,4,587.5500000000001,4,580.4900000000001,swap,notBad
7264,4,587.43,4,580.4900000000001,move,improve
7265,4,587.43,4,580.4900000000001,2opt,notBad
7266,4,587.43,4,580.4900000000001,move,improve
7267,4,587.43,4,580.4900000000001,swap,notBad
7268,4,585.03,4,580.4900000000001,move,improve
7269,4,585.03,4,580.4900000000001,2opt,notBad
7270,4,587.43,4,580.4900000000001,swap,acceptBad
7271,4,587.43,4,580.4900000000001,move,improve
7272,4,587.43,4,580.4900000000001,swap,notBad
7273,4,589.14,4,580.4900000000001,swap,acceptBad
7274,4,589.14,4,580.4900000000001,2opt,notBad
7275,4,589.14,4,580.4900000000001,move,improve
7276,4,587.43,4,580.4900000000001,move,improve
7277,4,587.43,4,580.4900000000001,2opt,notBad
7278,4,587.43,4,580.4900000000001,2opt,notBad
7279,4,587.43,4,580.4900000000001,swap,notBad
7280,4,587.43,4,580.4900000000001,swap,notBad
7281,4,587.43,4,580.4900000000001,move,improve
7282,4,587.43,4,580.4900000000001,move,improve
7283,4,587.43,4,580.4900000000001,swap,notBad
7284,4,587.43,4,580.4900000000001,2opt,notBad
7285,4,587.43,4,580.4900000000001,swap,notBad
7286,4,587.43,4,580.4900000000001,2opt,notBad
7287,4,587.43,4,580.4900000000001,swap,notBad
7288,4,587.43,4,580.4900000000001,swap,notBad
7289,4,587.43,4,580.4900000000001,move,improve
7290,4,587.43,4,580.4900000000001,2opt,notBad
7291,4,587.43,4,580.4900000000001,swap,notBad
7292,4,587.43,4,580.4900000000001,2opt,notBad
7293,4,587.43,4,580.4900000000001,move,improve
7294,4,587.43,4,580.4900000000001,2opt,notBad
7295,4,587.43,4,580.4900000000001,swap,notBad
7296,4,587.43,4,580.4900000000001,2opt,notBad
7297,4,587.43,4,580.4900000000001,2opt,notBad
7298,4,587.43,4,580.4900000000001,swap,notBad
7299,4,587.43,4,580.4900000000001,move,improve
7300,4,587.43,4,580.4900000000001,move,improve
7301,4,587.43,4,580.4900000000001,move,improve
7302,4,587.43,4,580.4900000000001,2opt,notBad
7303,4,587.43,4,580.4900000000001,swap,notBad
7304,4,587.43,4,580.4900000000001,move,improve
7305,4,587.43,4,580.4900000000001,2opt,improve
7306,4,587.43,4,580.4900000000001,swap,notBad
7307,4,587.43,4,580.4900000000001,move,improve
7308,4,587.43,4,580.4900000000001,move,improve
7309,4,587.43,4,580.4900000000001,move,improve
7310,4,587.43,4,580.4900000000001,2opt,notBad
7311,4,587.43,4,580.4900000000001,move,improve
7312,4,587.43,4,580.4900000000001,2opt,notBad
7313,4,587.43,4,580.4900000000001,swap,notBad
7314,4,587.43,4,580.4900000000001,move,improve
7315,4,587.43,4,580.4900000000001,2opt,notBad
7316,4,587.43,4,580.4900000000001,2opt,notBad
7317,4,587.43,4,580.4900000000001,swap,notBad
7318,4,587.43,4,580.4900000000001,2opt,notBad
7319,4,587.43,4,580.4900000000001,move,improve
7320,4,587.43,4,580.4900000000001,move,improve
7321,4,587.43,4,580.4900000000001,move,improve
7322,4,585.03,4,580.4900000000001,move,improve
7323,4,585.03,4,580.4900000000001,2opt,improve
7324,4,585.03,4,580.4900000000001,swap,notBad
7325,4,584.3500000000001,4,580.4900000000001,move,improve
7326,4,584.3500000000001,4,580.4900000000001,swap,notBad
7327,4,584.3500000000001,4,580.4900000000001,2opt,notBad
7328,4,584.3500000000001,4,580.4900000000001,2opt,notBad
7329,4,584.3500000000001,4,580.4900000000001,move,improve
7330,4,584.3500000000001,4,580.4900000000001,swap,notBad
7331,4,584.3500000000001,4,580.4900000000001,swap,notBad
7332,4,584.3500000000001,4,580.4900000000001,swap,notBad
7333,4,584.3500000000001,4,580.4900000000001,move,improve
7334,4,584.3500000000001,4,580.4900000000001,2opt,notBad
7335,4,584.3500000000001,4,580.4900000000001,move,improve
7336,4,584.3500000000001,4,580.4900000000001,swap,notBad
7337,4,584.3500000000001,4,580.4900000000001,move,improve
7338,4,584.3500000000001,4,580.4900000000001,move,improve
7339,4,586.6500000000001,4,580.4900000000001,swap,acceptBad
7340,4,586.6500000000001,4,580.4900000000001,swap,notBad
7341,4,586.6500000000001,4,580.4900000000001,2opt,notBad
7342,4,586.6500000000001,4,580.4900000000001,move,improve
7343,4,586.6500000000001,4,580.4900000000001,move,improve
7344,4,586.6500000000001,4,580.4900000000001,2opt,notBad
7345,4,586.6500000000001,4,580.4900000000001,move,improve
7346,4,586.6500000000001,4,580.4900000000001,move,improve
7347,4,586.6500000000001,4,580.4900000000001,swap,notBad
7348,4,586.6500000000001,4,580.4900000000001,2opt,notBad
7349,4,586.6500000000001,4,580.4900000000001,swap,notBad
7350,4,586.6500000000001,4,580.4900000000001,2opt,notBad
7351,4,586.6500000000001,4,580.4900000000001,move,improve
7352,4,586.6500000000001,4,580.4900000000001,swap,notBad
7353,4,586.6500000000001,4,580.4900000000001,move,improve
7354,4,586.6500000000001,4,580.4900000000001,swap,notBad
7355,4,586.6500000000001,4,580.4900000000001,2opt,notBad
7356,4,586.6500000000001,4,580.4900000000001,swap,notBad
7357,4,586.6500000000001,4,580.4900000000001,move,improve
7358,4,586.6500000000001,4,580.4900000000001,move,improve
7359,4,586.6500000000001,4,580.4900000000001,swap,notBad
7360,4,586.6500000000001,4,580.4900000000001,move,improve
7361,4,586.6500000000001,4,580.4900000000001,swap,notBad
7362,4,586.6500000000001,4,580.4900000000001,move,improve
7363,4,586.6500000000001,4,580.4900000000001,2opt,notBad
7364,4,586.6500000000001,4,580.4900000000001,move,improve
7365,4,586.6500000000001,4,580.4900000000001,swap,notBad
7366,4,586.6500000000001,4,580.4900000000001,2opt,improve
7367,4,586.6500000000001,4,580.4900000000001,move,improve
7368,4,586.6500000000001,4,580.4900000000001,swap,notBad
7369,4,586.6500000000001,4,580.4900000000001,move,improve
7370,4,586.6500000000001,4,580.4900000000001,2opt,notBad
7371,4,586.6500000000001,4,580.4900000000001,2opt,notBad
7372,4,586.6500000000001,4,580.4900000000001,2opt,notBad
7373,4,586.6500000000001,4,580.4900000000001,2opt,notBad
7374,4,586.6500000000001,4,580.4900000000001,swap,notBad
7375,4,586.6500000000001,4,580.4900000000001,move,improve
7376,4,586.6500000000001,4,580.4900000000001,swap,notBad
7377,4,586.6500000000001,4,580.4900000000001,swap,notBad
7378,4,586.6500000000001,4,580.4900000000001,swap,notBad
7379,4,586.6500000000001,4,580.4900000000001,2opt,notBad
7380,4,586.6500000000001,4,580.4900000000001,swap,notBad
7381,4,586.6500000000001,4,580.4900000000001,swap,notBad
7382,4,586.6500000000001,4,580.4900000000001,move,improve
7383,4,586.6500000000001,4,580.4900000000001,move,improve
7384,4,586.6500000000001,4,580.4900000000001,swap,notBad
7385,4,586.6500000000001,4,580.4900000000001,swap,notBad
7386,4,586.6500000000001,4,580.4900000000001,move,improve
7387,4,586.6500000000001,4,580.4900000000001,move,improve
7388,4,586.6500000000001,4,580.4900000000001,move,improve
7389,4,586.6500000000001,4,580.4900000000001,move,improve
7390,4,586.6500000000001,4,580.4900000000001,swap,notBad
7391,4,586.6500000000001,4,580.4900000000001,move,improve
7392,4,586.6500000000001,4,580.4900000000001,swap,notBad
7393,4,586.6500000000001,4,580.4900000000001,2opt,notBad
7394,4,586.6500000000001,4,580.4900000000001,swap,notBad
7395,4,586.6500000000001,4,580.4900000000001,swap,notBad
7396,4,586.6500000000001,4,580.4900000000001,swap,notBad
7397,4,586.6500000000001,4,580.4900000000001,2opt,notBad
7398,4,586.6500000000001,4,580.4900000000001,swap,notBad
7399,4,586.6500000000001,4,580.4900000000001,move,improve
7400,4,586.6500000000001,4,580.4900000000001,2opt,notBad
7401,4,586.6500000000001,4,580.4900000000001,2opt,notBad
7402,4,586.6500000000001,4,580.4900000000001,move,improve
7403,4,586.6500000000001,4,580.4900000000001,swap,notBad
7404,4,586.6500000000001,4,580.4900000000001,2opt,notBad
7405,4,586.6500000000001,4,580.4900000000001,move,improve
7406,4,586.6500000000001,4,580.4900000000001,swap,notBad
7407,4,586.6500000000001,4,580.4900000000001,move,improve
7408,4,586.6500000000001,4,580.4900000000001,swap,notBad
7409,4,586.6500000000001,4,580.4900000000001,move,improve
7410,4,586.6500000000001,4,580.4900000000001,swap,notBad
7411,4,586.6500000000001,4,580.4900000000001,2opt,notBad
7412,4,586.6500000000001,4,580.4900000000001,swap,notBad
7413,4,586.6500000000001,4,580.4900000000001,swap,notBad
7414,4,586.6500000000001,4,580.4900000000001,2opt,notBad
7415,4,586.6500000000001,4,580.4900000000001,move,improve
7416,4,586.6500000000001,4,580.4900000000001,move,improve
7417,4,586.6500000000001,4,580.4900000000001,move,improve
7418,4,586.6500000000001,4,580.4900000000001,swap,notBad
7419,4,586.6500000000001,4,580.4900000000001,swap,notBad
7420,4,586.6500000000001,4,580.4900000000001,2opt,notBad
7421,4,586.6500000000001,4,580.4900000000001,2opt,notBad
7422,4,586.6500000000001,4,580.4900000000001,move,improve
7423,4,586.6500000000001,4,580.4900000000001,swap,notBad
7424,4,586.6500000000001,4,580.4900000000001,swap,notBad
7425,4,586.6500000000001,4,580.4900000000001,2opt,notBad
7426,4,586.6500000000001,4,580.4900000000001,2opt,notBad
7427,4,586.6500000000001,4,580.4900000000001,swap,notBad
7428,4,586.6500000000001,4,580.4900000000001,swap,notBad
7429,4,586.6500000000001,4,580.4900000000001,2opt,notBad
7430,4,586.6500000000001,4,580.4900000000001,2opt,notBad
7431,4,586.6500000000001,4,580.4900000000001,move,improve
7432,4,586.6500000000001,4,580.4900000000001,swap,notBad
7433,4,586.6500000000001,4,580.4900000000001,2opt,notBad
7434,4,586.6500000000001,4,580.4900000000001,swap,notBad
7435,4,586.6500000000001,4,580.4900000000001,swap,notBad
7436,4,586.6500000000001,4,580.4900000000001,swap,notBad
7437,4,586.6500000000001,4,580.4900000000001,swap,notBad
7438,4,586.6500000000001,4,580.4900000000001,move,improve
7439,4,584.3500000000001,4,580.4900000000001,move,improve
7440,4,584.3500000000001,4,580.4900000000001,2opt,notBad
7441,4,584.3500000000001,4,580.4900000000001,swap,notBad
7442,4,584.3500000000001,4,580.4900000000001,move,improve
7443,4,584.3500000000001,4,580.4900000000001,2opt,notBad
7444,4,584.3500000000001,4,580.4900000000001,move,improve
7445,4,584.3500000000001,4,580.4900000000001,swap,notBad
7446,4,584.3500000000001,4,580.4900000000001,2opt,notBad
7447,4,584.3500000000001,4,580.4900000000001,move,improve
7448,4,584.3500000000001,4,580.4900000000001,swap,notBad
7449,4,584.3500000000001,4,580.4900000000001,swap,notBad
7450,4,584.3500000000001,4,580.4900000000001,swap,notBad
7451,4,584.3500000000001,4,580.4900000000001,2opt,notBad
7452,4,584.3500000000001,4,580.4900000000001,swap,notBad
7453,4,584.3500000000001,4,580.4900000000001,move,improve
7454,4,584.3500000000001,4,580.4900000000001,move,improve
7455,4,584.3500000000001,4,580.4900000000001,swap,notBad
7456,4,584.3500000000001,4,580.4900000000001,swap,notBad
7457,4,584.3500000000001,4,580.4900000000001,swap,notBad
7458,4,582.93,4,580.4900000000001,move,improve
7459,4,582.93,4,580.4900000000001,swap,notBad
7460,4,582.93,4,580.4900000000001,2opt,notBad
7461,4,582.93,4,580.4900000000001,move,improve
7462,4,582.93,4,580.4900000000001,2opt,notBad
7463,4,582.93,4,580.4900000000001,move,improve
7464,4,582.93,4,580.4900000000001,2opt,notBad
7465,4,581.91,4,580.4900000000001,move,improve
7466,4,581.91,4,580.4900000000001,move,improve
7467,4,581.91,4,580.4900000000001,move,improve
7468,4,581.91,4,580.4900000000001,2opt,notBad
7469,4,581.91,4,580.4900000000001,move,improve
7470,4,581.91,4,580.4900000000001,2opt,notBad
7471,4,581.91,4,580.4900000000001,move,improve
7472,4,581.91,4,580.4900000000001,swap,notBad
7473,4,581.91,4,580.4900000000001,2opt,notBad
7474,4,581.91,4,580.4900000000001,2opt,notBad
7475,4,581.91,4,580.4900000000001,2opt,notBad
7476,4,581.91,4,580.4900000000001,move,improve
7477,4,581.91,4,580.4900000000001,swap,notBad
7478,4,581.91,4,580.4900000000001,swap,notBad
7479,4,581.91,4,580.4900000000001,2opt,notBad
7480,4,581.91,4,580.4900000000001,swap,notBad
7481,4,581.91,4,580.4900000000001,swap,notBad
7482,4,581.91,4,580.4900000000001,move,improve
7483,4,581.91,4,580.4900000000001,2opt,notBad
7484,4,581.91,4,580.4900000000001,2opt,notBad
7485,4,581.91,4,580.4900000000001,2opt,notBad
7486,4,581.91,4,580.4900000000001,2opt,notBad
7487,4,581.91,4,580.4900000000001,swap,notBad
7488,4,581.91,4,580.4900000000001,swap,notBad
7489,4,581.91,4,580.4900000000001,2opt,notBad
7490,4,581.91,4,580.4900000000001,2opt,notBad
7491,4,581.91,4,580.4900000000001,move,improve
7492,4,581.91,4,580.4900000000001,2opt,notBad
7493,4,581.91,4,580.4900000000001,2opt,notBad
7494,4,581.91,4,580.4900000000001,2opt,notBad
7495,4,581.91,4,580.4900000000001,move,improve
7496,4,581.91,4,580.4900000000001,2opt,notBad
7497,4,581.91,4,580.4900000000001,swap,notBad
7498,4,581.91,4,580.4900000000001,move,improve
7499,4,582.51,4,580.4900000000001,move,acceptBad
7500,4,582.51,4,580.4900000000001,swap,notBad
7501,4,582.51,4,580.4900000000001,move,improve
7502,4,582.51,4,580.4900000000001,2opt,notBad
7503,4,582.51,4,580.4900000000001,swap,notBad
7504,4,582.51,4,580.4900000000001,move,improve
7505,4,582.51,4,580.4900000000001,2opt,notBad
7506,4,582.51,4,580.4900000000001,move,improve
7507,4,582.51,4,580.4900000000001,swap,notBad
7508,4,582.51,4,580.4900000000001,move,improve
7509,4,582.51,4,580.4900000000001,swap,notBad
7510,4,582.51,4,580.4900000000001,move,improve
7511,4,582.51,4,580.4900000000001,swap,notBad
7512,4,582.51,4,580.4900000000001,swap,notBad
7513,4,582.51,4,580.4900000000001,2opt,notBad
7514,4,582.51,4,580.4900000000001,move,improve
7515,4,582.51,4,580.4900000000001,move,improve
7516,4,582.51,4,580.4900000000001,2opt,notBad
7517,4,582.51,4,580.4900000000001,move,improve
7518,4,582.51,4,580.4900000000001,2opt,notBad
7519,4,582.51,4,580.4900000000001,move,improve
7520,4,582.51,4,580.4900000000001,2opt,notBad
7521,4,582.51,4,580.4900000000001,2opt,notBad
7522,4,582.51,4,580.4900000000001,2opt,notBad
7523,4,582.51,4,580.4900000000001,2opt,notBad
7524,4,582.51,4,580.4900000000001,2opt,notBad
7525,4,582.51,4,580.4900000000001,swap,notBad
7526,4,582.51,4,580.4900000000001,move,improve
7527,4,582.51,4,580.4900000000001,move,improve
7528,4,582.51,4,580.4900000000001,swap,notBad
7529,4,582.51,4,580.4900000000001,move,improve
7530,4,582.51,4,580.4900000000001,move,improve
7531,4,582.51,4,580.4900000000001,swap,notBad
7532,4,582.51,4,580.4900000000001,move,improve
7533,4,582.51,4,580.4900000000001,2opt,notBad
7534,4,582.51,4,580.4900000000001,2opt,notBad
7535,4,582.51,4,580.4900000000001,move,improve
7536,4,582.51,4,580.4900000000001,2opt,notBad
7537,4,582.51,4,580.4900000000001,2opt,notBad
7538,4,582.51,4,580.4900000000001,swap,notBad
7539,4,582.51,4,580.4900000000001,move,improve
7540,4,582.51,4,580.4900000000001,2opt,notBad
7541,4,582.51,4,580.4900000000001,move,improve
7542,4,582.51,4,580.4900000000001,swap,notBad
7543,4,582.51,4,580.4900000000001,2opt,notBad
7544,4,582.51,4,580.4900000000001,2opt,notBad
7545,4,582.51,4,580.4900000000001,swap,notBad
7546,4,582.51,4,580.4900000000001,swap,notBad
7547,4,582.51,4,580.4900000000001,swap,notBad
7548,4,582.51,4,580.4900000000001,move,improve
7549,4,582.51,4,580.4900000000001,move,improve
7550,4,582.51,4,580.4900000000001,2opt,notBad
7551,4,582.51,4,580.4900000000001,swap,notBad
7552,4,582.51,4,580.4900000000001,2opt,notBad
7553,4,582.51,4,580.4900000000001,swap,notBad
7554,4,582.51,4,580.4900000000001,swap,notBad
7555,4,582.51,4,580.4900000000001,move,improve
7556,4,582.51,4,580.4900000000001,swap,notBad
7557,4,582.51,4,580.4900000000001,move,improve
7558,4,582.51,4,580.4900000000001,swap,notBad
7559,4,582.51,4,580.4900000000001,swap,notBad
7560,4,582.51,4,580.4900000000001,swap,notBad
7561,4,582.51,4,580.4900000000001,move,improve
7562,4,582.51,4,580.4900000000001,move,improve
7563,4,582.51,4,580.4900000000001,2opt,notBad
7564,4,582.51,4,580.4900000000001,move,improve
7565,4,582.51,4,580.4900000000001,move,improve
7566,4,582.51,4,580.4900000000001,swap,notBad
7567,4,582.51,4,580.4900000000001,move,improve
7568,4,582.51,4,580.4900000000001,swap,notBad
7569,4,582.51,4,580.4900000000001,swap,notBad
7570,4,582.51,4,580.4900000000001,2opt,notBad
7571,4,582.51,4,580.4900000000001,swap,notBad
7572,4,582.51,4,580.4900000000001,move,improve
7573,4,582.51,4,580.4900000000001,move,improve
7574,4,582.51,4,580.4900000000001,swap,notBad
7575,4,582.51,4,580.4900000000001,move,improve
7576,4,582.51,4,580.4900000000001,swap,notBad
7577,4,582.51,4,580.4900000000001,swap,notBad
7578,4,582.51,4,580.4900000000001,swap,notBad
7579,4,582.51,4,580.4900000000001,swap,notBad
7580,4,582.51,4,580.4900000000001,move,improve
7581,4,582.51,4,580.4900000000001,2opt,notBad
7582,4,582.51,4,580.4900000000001,swap,notBad
7583,4,582.51,4,580.4900000000001,move,improve
7584,4,582.51,4,580.4900000000001,swap,notBad
7585,4,582.51,4,580.4900000000001,move,improve
7586,4,582.51,4,580.4900000000001,move,improve
7587,4,582.51,4,580.4900000000001,move,improve
7588,4,582.51,4,580.4900000000001,swap,notBad
7589,4,582.51,4,580.4900000000001,move,improve
7590,4,582.51,4,580.4900000000001,2opt,notBad
7591,4,582.51,4,580.4900000000001,swap,notBad
7592,4,582.51,4,580.4900000000001,move,improve
7593,4,582.51,4,580.4900000000001,swap,notBad
7594,4,582.51,4,580.4900000000001,2opt,notBad
7595,4,582.51,4,580.4900000000001,swap,notBad
7596,4,582.51,4,580.4900000000001,2opt,improve
7597,4,582.51,4,580.4900000000001,2opt,notBad
7598,4,582.51,4,580.4900000000001,swap,notBad
7599,4,582.51,4,580.4900000000001,move,improve
7600,4,582.51,4,580.4900000000001,swap,notBad
7601,4,582.51,4,580.4900000000001,2opt,notBad
7602,4,582.51,4,580.4900000000001,move,improve
7603,4,582.51,4,580.4900000000001,2opt,notBad
7604,4,582.51,4,580.4900000000001,swap,notBad
7605,4,582.51,4,580.4900000000001,move,improve
7606,4,582.51,4,580.4900000000001,swap,notBad
7607,4,582.51,4,580.4900000000001,swap,notBad
7608,4,582.51,4,580.4900000000001,swap,notBad
7609,4,582.51,4,580.4900000000001,move,improve
7610,4,582.51,4,580.4900000000001,2opt,notBad
7611,4,582.51,4,580.4900000000001,2opt,notBad
7612,4,582.51,4,580.4900000000001,move,improve
7613,4,582.51,4,580.4900000000001,move,improve
7614,4,582.51,4,580.4900000000001,swap,notBad
7615,4,582.51,4,580.4900000000001,2opt,notBad
7616,4,582.51,4,580.4900000000001,swap,notBad
7617,4,582.51,4,580.4900000000001,2opt,notBad
7618,4,582.51,4,580.4900000000001,2opt,notBad
7619,4,582.51,4,580.4900000000001,move,improve
7620,4,582.51,4,580.4900000000001,swap,notBad
7621,4,582.51,4,580.4900000000001,move,improve
7622,4,582.51,4,580.4900000000001,2opt,notBad
7623,4,582.51,4,580.4900000000001,swap,notBad
7624,4,582.51,4,580.4900000000001,swap,notBad
7625,4,582.51,4,580.4900000000001,swap,notBad
7626,4,582.51,4,580.4900000000001,move,improve
7627,4,582.51,4,580.4900000000001,swap,notBad
7628,4,582.51,4,580.4900000000001,move,improve
7629,4,582.51,4,580.4900000000001,swap,notBad
7630,4,582.51,4,580.4900000000001,2opt,notBad
7631,4,582.51,4,580.4900000000001,swap,notBad
7632,4,582.51,4,580.4900000000001,move,improve
7633,4,582.51,4,580.4900000000001,move,improve
7634,4,582.51,4,580.4900000000001,move,improve
7635,4,582.51,4,580.4900000000001,move,improve
7636,4,582.51,4,580.4900000000001,2opt,notBad
7637,4,582.51,4,580.4900000000001,swap,notBad
7638,4,582.51,4,580.4900000000001,move,improve
7639,4,582.51,4,580.4900000000001,move,improve
7640,4,582.51,4,580.4900000000001,swap,notBad
7641,4,582.51,4,580.4900000000001,move,improve
7642,4,582.51,4,580.4900000000001,2opt,notBad
7643,4,582.51,4,580.4900000000001,2opt,notBad
7644,4,582.51,4,580.4900000000001,swap,notBad
7645,4,582.51,4,580.4900000000001,move,improve
7646,4,582.51,4,580.4900000000001,2opt,improve
7647,4,582.51,4,580.4900000000001,swap,notBad
7648,4,582.51,4,580.4900000000001,move,improve
7649,4,582.51,4,580.4900000000001,swap,notBad
7650,4,582.51,4,580.4900000000001,2opt,notBad
7651,4,582.51,4,580.4900000000001,2opt,notBad
7652,4,582.51,4,580.4900000000001,swap,notBad
7653,4,582.51,4,580.4900000000001,2opt,improve
7654,4,582.51,4,580.4900000000001,move,improve
7655,4,582.51,4,580.4900000000001,swap,notBad
7656,4,582.51,4,580.4900000000001,2opt,notBad
7657,4,582.51,4,580.4900000000001,move,improve
7658,4,582.51,4,580.4900000000001,2opt,notBad
7659,4,582.51,4,580.4900000000001,2opt,notBad
7660,4,582.51,4,580.4900000000001,2opt,notBad
7661,4,582.51,4,580.4900000000001,2opt,notBad
7662,4,582.51,4,580.4900000000001,swap,notBad
7663,4,582.51,4,580.4900000000001,move,improve
7664,4,582.51,4,580.4900000000001,2opt,notBad
7665,4,582.51,4,580.4900000000001,2opt,notBad
7666,4,582.51,4,580.4900000000001,move,improve
7667,4,582.51,4,580.4900000000001,move,improve
7668,4,582.51,4,580.4900000000001,move,improve
7669,4,582.51,4,580.4900000000001,2opt,notBad
7670,4,582.51,4,580.4900000000001,swap,notBad
7671,4,582.51,4,580.4900000000001,swap,notBad
7672,4,582.51,4,580.4900000000001,move,improve
7673,4,582.51,4,580.4900000000001,2opt,notBad
7674,4,582.51,4,580.4900000000001,swap,notBad
7675,4,582.51,4,580.4900000000001,2opt,notBad
7676,4,582.51,4,580.4900000000001,2opt,notBad
7677,4,582.51,4,580.4900000000001,move,improve
7678,4,582.51,4,580.4900000000001,move,improve
7679,4,582.51,4,580.4900000000001,swap,notBad
7680,4,582.51,4,580.4900000000001,2opt,notBad
7681,4,582.51,4,580.4900000000001,swap,notBad
7682,4,582.51,4,580.4900000000001,move,improve
7683,4,582.51,4,580.4900000000001,move,improve
7684,4,582.51,4,580.4900000000001,2opt,notBad
7685,4,582.51,4,580.4900000000001,2opt,notBad
7686,4,582.51,4,580.4900000000001,move,improve
7687,4,582.51,4,580.4900000000001,2opt,notBad
7688,4,582.51,4,580.4900000000001,2opt,notBad
7689,4,582.51,4,580.4900000000001,move,improve
7690,4,582.51,4,580.4900000000001,2opt,notBad
7691,4,582.51,4,580.4900000000001,swap,notBad
7692,4,582.51,4,580.4900000000001,2opt,notBad
7693,4,582.51,4,580.4900000000001,swap,notBad
7694,4,582.51,4,580.4900000000001,2opt,notBad
7695,4,582.51,4,580.4900000000001,swap,notBad
7696,4,582.51,4,580.4900000000001,move,improve
7697,4,582.51,4,580.4900000000001,move,improve
7698,4,582.51,4,580.4900000000001,move,improve
7699,4,582.51,4,580.4900000000001,swap,notBad
7700,4,582.51,4,580.4900000000001,2opt,notBad
7701,4,582.51,4,580.4900000000001,move,improve
7702,4,582.51,4,580.4900000000001,move,improve
7703,4,582.51,4,580.4900000000001,move,improve
7704,4,584.8599999999999,4,580.4900000000001,swap,acceptBad
7705,4,584.8599999999999,4,580.4900000000001,2opt,notBad
7706,4,584.8599999999999,4,580.4900000000001,swap,notBad
7707,4,584.8599999999999,4,580.4900000000001,2opt,notBad
7708,4,584.8599999999999,4,580.4900000000001,move,improve
7709,4,584.8599999999999,4,580.4900000000001,2opt,notBad
7710,4,584.8599999999999,4,580.4900000000001,2opt,notBad
7711,4,584.8599999999999,4,580.4900000000001,swap,notBad
7712,4,584.8599999999999,4,580.4900000000001,move,improve
7713,4,584.8599999999999,4,580.4900000000001,move,improve
7714,4,584.8599999999999,4,580.4900000000001,move,improve
7715,4,584.8599999999999,4,580.4900000000001,swap,notBad
7716,4,584.8599999999999,4,580.4900000000001,2opt,notBad
7717,4,584.8599999999999,4,580.4900000000001,swap,notBad
7718,4,584.8599999999999,4,580.4900000000001,move,improve
7719,4,584.8599999999999,4,580.4900000000001,2opt,improve
7720,4,584.8599999999999,4,580.4900000000001,move,improve
7721,4,584.8599999999999,4,580.4900000000001,2opt,notBad
7722,4,584.8599999999999,4,580.4900000000001,swap,notBad
7723,4,584.8599999999999,4,580.4900000000001,swap,notBad
7724,4,584.8599999999999,4,580.4900000000001,swap,notBad
7725,4,584.8599999999999,4,580.4900000000001,move,improve
7726,4,584.8599999999999,4,580.4900000000001,swap,notBad
7727,4,584.8599999999999,4,580.4900000000001,2opt,notBad
7728,4,584.8599999999999,4,580.4900000000001,2opt,notBad
7729,4,584.8599999999999,4,580.4900000000001,swap,notBad
7730,4,584.8599999999999,4,580.4900000000001,2opt,notBad
7731,4,584.8599999999999,4,580.4900000000001,swap,notBad
7732,4,584.8599999999999,4,580.4900000000001,move,improve
7733,4,584.8599999999999,4,580.4900000000001,2opt,notBad
7734,4,584.8599999999999,4,580.4900000000001,2opt,notBad
7735,4,584.8599999999999,4,580.4900000000001,swap,notBad
7736,4,584.8599999999999,4,580.4900000000001,move,improve
7737,4,584.8599999999999,4,580.4900000000001,2opt,notBad
7738,4,584.8599999999999,4,580.4900000000001,move,improve
7739,4,584.8599999999999,4,580.4900000000001,2opt,notBad
7740,4,584.8599999999999,4,580.4900000000001,move,improve
7741,4,584.8599999999999,4,580.4900000000001,swap,notBad
7742,4,584.8599999999999,4,580.4900000000001,2opt,notBad
7743,4,582.51,4,580.4900000000001,move,improve
7744,4,582.51,4,580.4900000000001,move,improve
7745,4,582.51,4,580.4900000000001,2opt,improve
7746,4,582.51,4,580.4900000000001,2opt,notBad
7747,4,582.51,4,580.4900000000001,move,improve
7748,4,582.51,4,580.4900000000001,2opt,notBad
7749,4,582.51,4,580.4900000000001,swap,notBad
7750,4,582.51,4,580.4900000000001,move,improve
7751,4,582.51,4,580.4900000000001,2opt,notBad
7752,4,582.51,4,580.4900000000001,2opt,notBad
7753,4,582.51,4,580.4900000000001,move,improve
7754,4,582.51,4,580.4900000000001,swap,notBad
7755,4,582.51,4,580.4900000000001,move,improve
7756,4,582.51,4,580.4900000000001,swap,notBad
7757,4,582.51,4,580.4900000000001,move,improve
7758,4,582.51,4,580.4900000000001,2opt,notBad
7759,4,582.51,4,580.4900000000001,move,improve
7760,4,582.51,4,580.4900000000001,swap,notBad
7761,4,582.51,4,580.4900000000001,swap,notBad
7762,4,582.51,4,580.4900000000001,2opt,notBad
7763,4,582.51,4,580.4900000000001,move,improve
7764,4,582.51,4,580.4900000000001,2opt,notBad
7765,4,582.51,4,580.4900000000001,2opt,notBad
7766,4,582.51,4,580.4900000000001,swap,notBad
7767,4,582.51,4,580.4900000000001,swap,notBad
7768,4,582.51,4,580.4900000000001,move,improve
7769,4,581.91,4,580.4900000000001,swap,improve
7770,4,581.91,4,580.4900000000001,move,improve
7771,4,581.91,4,580.4900000000001,2opt,notBad
7772,4,581.91,4,580.4900000000001,2opt,notBad
7773,4,581.91,4,580.4900000000001,swap,notBad
7774,4,581.91,4,580.4900000000001,2opt,notBad
7775,4,584.8599999999999,4,580.4900000000001,swap,acceptBad
7776,4,586.1200000000001,4,580.4900000000001,swap,acceptBad
7777,4,586.1200000000001,4,580.4900000000001,move,improve
7778,4,586.1200000000001,4,580.4900000000001,swap,notBad
7779,4,586.1200000000001,4,580.4900000000001,2opt,notBad
7780,4,586.1200000000001,4,580.4900000000001,swap,notBad
7781,4,586.1200000000001,4,580.4900000000001,2opt,notBad
7782,4,586.1200000000001,4,580.4900000000001,2opt,notBad
7783,4,586.1200000000001,4,580.4900000000001,swap,notBad
7784,4,586.1200000000001,4,580.4900000000001,2opt,notBad
7785,4,586.1200000000001,4,580.4900000000001,2opt,improve
7786,4,586.1200000000001,4,580.4900000000001,swap,notBad
7787,4,586.1200000000001,4,580.4900000000001,move,improve
7788,4,586.1200000000001,4,580.4900000000001,2opt,notBad
7789,4,586.1200000000001,4,580.4900000000001,move,improve
7790,4,586.1200000000001,4,580.4900000000001,swap,notBad
7791,4,586.04,4,580.4900000000001,move,improve
7792,4,586.04,4,580.4900000000001,swap,notBad
7793,4,586.04,4,580.4900000000001,2opt,notBad
7794,4,586.04,4,580.4900000000001,move,improve
7795,4,586.04,4,580.4900000000001,move,improve
7796,4,586.04,4,580.4900000000001,move,improve
7797,4,586.04,4,580.4900000000001,swap,notBad
7798,4,586.04,4,580.4900000000001,2opt,notBad
7799,4,586.04,4,580.4900000000001,2opt,notBad
7800,4,586.04,4,580.4900000000001,swap,notBad
7801,4,586.04,4,580.4900000000001,2opt,notBad
7802,4,586.04,4,580.4900000000001,swap,notBad
7803,4,586.04,4,580.4900000000001,swap,notBad
7804,4,586.04,4,580.4900000000001,move,improve
7805,4,586.04,4,580.4900000000001,move,improve
7806,4,586.04,4,580.4900000000001,2opt,notBad
7807,4,586.04,4,580.4900000000001,2opt,notBad
7808,4,586.04,4,580.4900000000001,2opt,notBad
7809,4,586.04,4,580.4900000000001,2opt,notBad
7810,4,586.04,4,580.4900000000001,swap,notBad
7811,4,586.04,4,580.4900000000001,swap,notBad
7812,4,586.04,4,580.4900000000001,swap,notBad
7813,4,586.04,4,580.4900000000001,swap,notBad
7814,4,586.04,4,580.4900000000001,swap,notBad
7815,4,586.04,4,580.4900000000001,move,improve
7816,4,586.04,4,580.4900000000001,2opt,notBad
7817,4,586.04,4,580.4900000000001,2opt,notBad
7818,4,586.04,4,580.4900000000001,2opt,improve
7819,4,586.04,4,580.4900000000001,2opt,notBad
7820,4,586.04,4,580.4900000000001,swap,notBad
7821,4,586.04,4,580.4900000000001,swap,notBad
7822,4,586.04,4,580.4900000000001,2opt,notBad
7823,4,586.04,4,580.4900000000001,swap,notBad
7824,4,586.04,4,580.4900000000001,move,improve
7825,4,586.04,4,580.4900000000001,2opt,notBad
7826,4,586.04,4,580.4900000000001,2opt,notBad
7827,4,586.04,4,580.4900000000001,2opt,notBad
7828,4,586.64,4,580.4900000000001,move,acceptBad
7829,4,586.64,4,580.4900000000001,move,improve
7830,4,586.64,4,580.4900000000001,swap,notBad
7831,4,586.64,4,580.4900000000001,move,improve
7832,4,586.64,4,580.4900000000001,swap,notBad
7833,4,586.64,4,580.4900000000001,2opt,notBad
7834,4,586.64,4,580.4900000000001,2opt,notBad
7835,4,586.64,4,580.4900000000001,move,improve
7836,4,586.64,4,580.4900000000001,2opt,notBad
7837,4,586.04,4,580.4900000000001,move,improve
7838,4,586.04,4,580.4900000000001,move,improve
7839,4,586.04,4,580.4900000000001,2opt,notBad
7840,4,586.04,4,580.4900000000001,2opt,notBad
7841,4,586.04,4,580.4900000000001,swap,notBad
7842,4,586.04,4,580.4900000000001,move,improve
7843,4,586.04,4,580.4900000000001,swap,notBad
7844,4,585.14,4,580.4900000000001,move,improve
7845,4,585.14,4,580.4900000000001,2opt,notBad
7846,4,585.14,4,580.4900000000001,2opt,notBad
7847,4,585.14,4,580.4900000000001,2opt,notBad
7848,4,585.14,4,580.4900000000001,swap,notBad
7849,4,585.14,4,580.4900000000001,swap,notBad
7850,4,585.14,4,580.4900000000001,swap,notBad
7851,4,585.14,4,580.4900000000001,2opt,notBad
7852,4,585.14,4,580.4900000000001,move,improve
7853,4,585.14,4,580.4900000000001,move,improve
7854,4,585.14,4,580.4900000000001,move,improve
7855,4,585.14,4,580.4900000000001,move,improve
7856,4,585.14,4,580.4900000000001,swap,notBad
7857,4,585.14,4,580.4900000000001,swap,notBad
7858,4,585.14,4,580.4900000000001,2opt,notBad
7859,4,585.14,4,580.4900000000001,move,improve
7860,4,585.14,4,580.4900000000001,2opt,improve
7861,4,585.14,4,580.4900000000001,2opt,notBad
7862,4,585.14,4,580.4900000000001,2opt,notBad
7863,4,585.14,4,580.4900000000001,2opt,notBad
7864,4,585.14,4,580.4900000000001,move,improve
7865,4,585.14,4,580.4900000000001,2opt,notBad
7866,4,585.14,4,580.4900000000001,2opt,notBad
7867,4,585.14,4,580.4900000000001,2opt,notBad
7868,4,583.88,4,580.4900000000001,move,improve
7869,4,583.88,4,580.4900000000001,2opt,notBad
7870,4,583.88,4,580.4900000000001,move,improve
7871,4,583.88,4,580.4900000000001,2opt,notBad
7872,4,583.88,4,580.4900000000001,swap,notBad
7873,4,583.88,4,580.4900000000001,move,improve
7874,4,583.88,4,580.4900000000001,2opt,notBad
7875,4,583.88,4,580.4900000000001,swap,notBad
7876,4,583.88,4,580.4900000000001,swap,notBad
7877,4,583.88,4,580.4900000000001,move,improve
7878,4,583.88,4,580.4900000000001,2opt,notBad
7879,4,583.88,4,580.4900000000001,swap,notBad
7880,4,583.88,4,580.4900000000001,swap,notBad
7881,4,583.88,4,580.4900000000001,move,improve
7882,4,583.88,4,580.4900000000001,move,improve
7883,4,583.88,4,580.4900000000001,move,improve
7884,4,583.88,4,580.4900000000001,2opt,notBad
7885,4,583.88,4,580.4900000000001,move,improve
7886,4,583.88,4,580.4900000000001,2opt,notBad
7887,4,583.88,4,580.4900000000001,2opt,notBad
7888,4,583.88,4,580.4900000000001,swap,notBad
7889,4,583.88,4,580.4900000000001,move,improve
7890,4,583.88,4,580.4900000000001,2opt,notBad
7891,4,583.88,4,580.4900000000001,swap,notBad
7892,4,583.88,4,580.4900000000001,move,improve
7893,4,583.88,4,580.4900000000001,2opt,notBad
7894,4,583.88,4,580.4900000000001,move,improve
7895,4,583.88,4,580.4900000000001,swap,notBad
7896,4,583.88,4,580.4900000000001,swap,notBad
7897,4,583.88,4,580.4900000000001,2opt,improve
7898,4,583.88,4,580.4900000000001,move,improve
7899,4,583.88,4,580.4900000000001,swap,notBad
7900,4,583.88,4,580.4900000000001,2opt,notBad
7901,4,583.88,4,580.4900000000001,swap,notBad
7902,4,583.88,4,580.4900000000001,2opt,notBad
7903,4,583.88,4,580.4900000000001,2opt,notBad
7904,4,583.88,4,580.4900000000001,swap,notBad
7905,4,583.88,4,580.4900000000001,swap,notBad
7906,4,583.88,4,580.4900000000001,2opt,notBad
7907,4,583.88,4,580.4900000000001,swap,notBad
7908,4,583.88,4,580.4900000000001,2opt,notBad
7909,4,583.88,4,580.4900000000001,2opt,notBad
7910,4,583.88,4,580.4900000000001,swap,notBad
7911,4,583.88,4,580.4900000000001,move,improve
7912,4,583.88,4,580.4900000000001,swap,notBad
7913,4,583.88,4,580.4900000000001,move,improve
7914,4,583.88,4,580.4900000000001,2opt,notBad
7915,4,583.88,4,580.4900000000001,move,improve
7916,4,583.88,4,580.4900000000001,2opt,notBad
7917,4,583.88,4,580.4900000000001,swap,notBad
7918,4,583.88,4,580.4900000000001,move,improve
7919,4,583.88,4,580.4900000000001,swap,notBad
7920,4,583.88,4,580.4900000000001,move,improve
7921,4,583.88,4,580.4900000000001,move,improve
7922,4,583.88,4,580.4900000000001,2opt,improve
7923,4,583.88,4,580.4900000000001,2opt,notBad
7924,4,583.88,4,580.4900000000001,swap,notBad
7925,4,584.48,4,580.4900000000001,swap,acceptBad
7926,4,584.48,4,580.4900000000001,swap,notBad
7927,4,584.48,4,580.4900000000001,swap,notBad
7928,4,584.48,4,580.4900000000001,swap,notBad
7929,4,584.48,4,580.4900000000001,move,improve
7930,4,584.48,4,580.4900000000001,move,improve
7931,4,584.48,4,580.4900000000001,swap,notBad
7932,4,584.48,4,580.4900000000001,move,improve
7933,4,584.48,4,580.4900000000001,swap,notBad
7934,4,584.48,4,580.4900000000001,2opt,notBad
7935,4,584.48,4,580.4900000000001,2opt,notBad
7936,4,584.48,4,580.4900000000001,swap,notBad
7937,4,584.48,4,580.4900000000001,2opt,notBad
7938,4,584.48,4,580.4900000000001,swap,notBad
7939,4,584.48,4,580.4900000000001,swap,notBad
7940,4,584.48,4,580.4900000000001,move,improve
7941,4,584.48,4,580.4900000000001,2opt,notBad
7942,4,584.48,4,580.4900000000001,2opt,notBad
7943,4,584.48,4,580.4900000000001,2opt,notBad
7944,4,584.48,4,580.4900000000001,swap,notBad
7945,4,584.48,4,580.4900000000001,swap,notBad
7946,4,584.48,4,580.4900000000001,move,improve
7947,4,584.48,4,580.4900000000001,swap,notBad
7948,4,584.48,4,580.4900000000001,2opt,notBad
7949,4,584.48,4,580.4900000000001,move,improve
7950,4,584.48,4,580.4900000000001,swap,notBad
7951,4,584.48,4,580.4900000000001,swap,notBad
7952,4,584.48,4,580.4900000000001,move,improve
7953,4,584.48,4,580.4900000000001,move,improve
7954,4,584.48,4,580.4900000000001,2opt,notBad
7955,4,584.48,4,580.4900000000001,swap,notBad
7956,4,584.48,4,580.4900000000001,2opt,notBad
7957,4,584.48,4,580.4900000000001,move,improve
7958,4,584.48,4,580.4900000000001,2opt,notBad
7959,4,584.48,4,580.4900000000001,swap,notBad
7960,4,584.48,4,580.4900000000001,move,improve
7961,4,584.48,4,580.4900000000001,2opt,notBad
7962,4,587.12,4,580.4900000000001,swap,acceptBad
7963,4,587.12,4,580.4900000000001,move,improve
7964,4,587.12,4,580.4900000000001,move,improve
7965,4,587.12,4,580.4900000000001,2opt,notBad
7966,4,587.12,4,580.4900000000001,2opt,notBad
7967,4,587.12,4,580.4900000000001,2opt,improve
7968,4,587.12,4,580.4900000000001,move,improve
7969,4,587.12,4,580.4900000000001,move,improve
7970,4,587.12,4,580.4900000000001,swap,notBad
7971,4,587.12,4,580.4900000000001,move,improve
7972,4,587.12,4,580.4900000000001,swap,notBad
7973,4,587.12,4,580.4900000000001,2opt,notBad
7974,4,587.12,4,580.4900000000001,move,improve
7975,4,587.12,4,580.4900000000001,swap,notBad
7976,4,587.12,4,580.4900000000001,move,improve
7977,4,586.88,4,580.4900000000001,move,improve
7978,4,586.88,4,580.4900000000001,2opt,notBad
7979,4,586.88,4,580.4900000000001,2opt,improve
7980,4,586.88,4,580.4900000000001,swap,notBad
7981,4,586.88,4,580.4900000000001,swap,notBad
7982,4,586.88,4,580.4900000000001,move,improve
7983,4,586.88,4,580.4900000000001,2opt,notBad
7984,4,586.88,4,580.4900000000001,move,improve
7985,4,586.88,4,580.4900000000001,move,improve
7986,4,586.88,4,580.4900000000001,move,improve
7987,4,586.88,4,580.4900000000001,swap,notBad
7988,4,586.88,4,580.4900000000001,move,improve
7989,4,586.88,4,580.4900000000001,2opt,notBad
7990,4,586.88,4,580.4900000000001,2opt,improve
7991,4,586.88,4,580.4900000000001,move,improve
7992,4,586.88,4,580.4900000000001,swap,notBad
7993,4,586.88,4,580.4900000000001,2opt,notBad
7994,4,586.88,4,580.4900000000001,2opt,notBad
7995,4,586.88,4,580.4900000000001,move,improve
7996,4,586.88,4,580.4900000000001,2opt,notBad
7997,4,586.88,4,580.4900000000001,move,improve
7998,4,586.88,4,580.4900000000001,2opt,notBad
7999,4,586.88,4,580.4900000000001,2opt,notBad
8000,4,586.88,4,580.4900000000001,swap,notBad
8001,4,586.88,4,580.4900000000001,2opt,notBad
8002,4,586.88,4,580.4900000000001,swap,notBad
8003,4,586.88,4,580.4900000000001,swap,notBad
8004,4,586.88,4,580.4900000000001,swap,notBad
8005,4,586.88,4,580.4900000000001,swap,notBad
8006,4,586.88,4,580.4900000000001,move,improve
8007,4,586.88,4,580.4900000000001,swap,notBad
8008,4,586.88,4,580.4900000000001,move,improve
8009,4,586.88,4,580.4900000000001,swap,notBad
8010,4,586.88,4,580.4900000000001,2opt,notBad
8011,4,586.8800000000001,4,580.4900000000001,move,acceptBad
8012,4,586.8800000000001,4,580.4900000000001,swap,notBad
8013,4,586.8800000000001,4,580.4900000000001,2opt,notBad
8014,4,586.88,4,580.4900000000001,move,improve
8015,4,586.88,4,580.4900000000001,swap,notBad
8016,4,586.88,4,580.4900000000001,swap,notBad
8017,4,586.88,4,580.4900000000001,2opt,notBad
8018,4,586.88,4,580.4900000000001,move,improve
8019,4,586.88,4,580.4900000000001,swap,notBad
8020,4,586.88,4,580.4900000000001,move,improve
8021,4,586.88,4,580.4900000000001,move,improve
8022,4,586.88,4,580.4900000000001,move,improve
8023,4,586.88,4,580.4900000000001,2opt,notBad
8024,4,586.88,4,580.4900000000001,2opt,notBad
8025,4,586.88,4,580.4900000000001,2opt,notBad
8026,4,586.88,4,580.4900000000001,2opt,notBad
8027,4,586.88,4,580.4900000000001,swap,notBad
8028,4,586.88,4,580.4900000000001,2opt,notBad
8029,4,586.88,4,580.4900000000001,swap,notBad
8030,4,586.88,4,580.4900000000001,move,improve
8031,4,586.88,4,580.4900000000001,2opt,notBad
8032,4,586.88,4,580.4900000000001,move,improve
8033,4,586.88,4,580.4900000000001,2opt,notBad
8034,4,586.88,4,580.4900000000001,2opt,improve
8035,4,586.88,4,580.4900000000001,2opt,notBad
8036,4,586.88,4,580.4900000000001,2opt,notBad
8037,4,586.88,4,580.4900000000001,2opt,notBad
8038,4,586.88,4,580.4900000000001,2opt,improve
8039,4,586.88,4,580.4900000000001,move,improve
8040,4,586.88,4,580.4900000000001,swap,notBad
8041,4,586.88,4,580.4900000000001,move,improve
8042,4,586.88,4,580.4900000000001,2opt,notBad
8043,4,586.88,4,580.4900000000001,2opt,notBad
8044,4,586.88,4,580.4900000000001,2opt,notBad
8045,4,586.88,4,580.4900000000001,swap,notBad
8046,4,586.88,4,580.4900000000001,swap,notBad
8047,4,586.88,4,580.4900000000001,move,improve
8048,4,586.88,4,580.4900000000001,swap,notBad
8049,4,586.88,4,580.4900000000001,2opt,notBad
8050,4,586.88,4,580.4900000000001,swap,notBad
8051,4,586.88,4,580.4900000000001,move,improve
8052,4,586.88,4,580.4900000000001,swap,notBad
8053,4,586.88,4,580.4900000000001,2opt,notBad
8054,4,586.88,4,580.4900000000001,move,improve
8055,4,586.88,4,580.4900000000001,swap,notBad
8056,4,586.88,4,580.4900000000001,move,improve
8057,4,586.88,4,580.4900000000001,2opt,notBad
8058,4,586.88,4,580.4900000000001,2opt,notBad
8059,4,586.88,4,580.4900000000001,2opt,notBad
8060,4,586.88,4,580.4900000000001,swap,notBad
8061,4,586.88,4,580.4900000000001,swap,notBad
8062,4,586.88,4,580.4900000000001,swap,notBad
8063,4,586.88,4,580.4900000000001,swap,notBad
8064,4,586.88,4,580.4900000000001,move,improve
8065,4,586.88,4,580.4900000000001,2opt,notBad
8066,4,586.88,4,580.4900000000001,move,improve
8067,4,586.88,4,580.4900000000001,2opt,notBad
8068,4,586.88,4,580.4900000000001,move,improve
8069,4,586.88,4,580.4900000000001,2opt,notBad
8070,4,586.88,4,580.4900000000001,swap,notBad
8071,4,586.88,4,580.4900000000001,move,improve
8072,4,586.88,4,580.4900000000001,swap,notBad
8073,4,586.88,4,580.4900000000001,2opt,notBad
8074,4,588.08,4,580.4900000000001,swap,acceptBad
8075,4,588.08,4,580.4900000000001,swap,notBad
8076,4,588.08,4,580.4900000000001,swap,notBad
8077,4,588.08,4,580.4900000000001,swap,notBad
8078,4,588.08,4,580.4900000000001,2opt,notBad
8079,4,588.08,4,580.4900000000001,move,improve
8080,4,588.08,4,580.4900000000001,swap,notBad
8081,4,588.08,4,580.4900000000001,swap,notBad
8082,4,585.38,4,580.4900000000001,move,improve
8083,4,585.38,4,580.4900000000001,swap,notBad
8084,4,585.38,4,580.4900000000001,2opt,notBad
8085,4,585.38,4,580.4900000000001,2opt,notBad
8086,4,585.38,4,580.4900000000001,2opt,notBad
8087,4,585.38,4,580.4900000000001,swap,notBad
8088,4,585.38,4,580.4900000000001,move,improve
8089,4,585.38,4,580.4900000000001,move,improve
8090,4,585.38,4,580.4900000000001,swap,notBad
8091,4,585.38,4,580.4900000000001,move,improve
8092,4,585.38,4,580.4900000000001,swap,notBad
8093,4,585.38,4,580.4900000000001,2opt,notBad
8094,4,585.38,4,580.4900000000001,2opt,notBad
8095,4,585.38,4,580.4900000000001,move,improve
8096,4,585.38,4,580.4900000000001,move,improve
8097,4,585.16,4,580.4900000000001,move,improve
8098,4,585.16,4,580.4900000000001,2opt,notBad
8099,4,585.16,4,580.4900000000001,move,improve
8100,4,585.16,4,580.4900000000001,swap,notBad
8101,4,585.16,4,580.4900000000001,2opt,notBad
8102,4,585.16,4,580.4900000000001,move,improve
8103,4,585.16,4,580.4900000000001,swap,notBad
8104,4,585.16,4,580.4900000000001,swap,notBad
8105,4,585.16,4,580.4900000000001,2opt,notBad
8106,4,585.16,4,580.4900000000001,move,improve
8107,4,585.16,4,580.4900000000001,2opt,notBad
8108,4,585.16,4,580.4900000000001,2opt,notBad
8109,4,585.0200000000001,4,580.4900000000001,move,improve
8110,4,584.42,4,580.4900000000001,move,improve
8111,4,584.42,4,580.4900000000001,2opt,notBad
8112,4,584.42,4,580.4900000000001,move,improve
8113,4,584.42,4,580.4900000000001,2opt,notBad
8114,4,584.42,4,580.4900000000001,swap,notBad
8115,4,584.42,4,580.4900000000001,move,improve
8116,4,584.42,4,580.4900000000001,swap,notBad
8117,4,584.42,4,580.4900000000001,move,improve
8118,4,584.42,4,580.4900000000001,swap,notBad
8119,4,584.42,4,580.4900000000001,2opt,notBad
8120,4,584.42,4,580.4900000000001,move,improve
8121,4,584.42,4,580.4900000000001,2opt,notBad
8122,4,584.42,4,580.4900000000001,move,improve
8123,4,584.42,4,580.4900000000001,move,improve
8124,4,584.42,4,580.4900000000001,swap,notBad
8125,4,584.42,4,580.4900000000001,move,improve
8126,4,584.42,4,580.4900000000001,2opt,improve
8127,4,584.42,4,580.4900000000001,move,improve
8128,4,584.42,4,580.4900000000001,swap,notBad
8129,4,584.42,4,580.4900000000001,2opt,notBad
8130,4,584.42,4,580.4900000000001,2opt,notBad
8131,4,584.42,4,580.4900000000001,move,improve
8132,4,584.42,4,580.4900000000001,move,improve
8133,4,584.42,4,580.4900000000001,move,improve
8134,4,584.42,4,580.4900000000001,swap,notBad
8135,4,584.42,4,580.4900000000001,move,improve
8136,4,584.42,4,580.4900000000001,swap,notBad
8137,4,584.42,4,580.4900000000001,move,improve
8138,4,584.42,4,580.4900000000001,move,improve
8139,4,584.42,4,580.4900000000001,move,improve
8140,4,584.42,4,580.4900000000001,2opt,notBad
8141,4,584.42,4,580.4900000000001,move,improve
8142,4,584.42,4,580.4900000000001,2opt,notBad
8143,4,584.42,4,580.4900000000001,swap,notBad
8144,4,584.42,4,580.4900000000001,move,improve
8145,4,584.42,4,580.4900000000001,move,improve
8146,4,584.42,4,580.4900000000001,2opt,notBad
8147,4,584.42,4,580.4900000000001,swap,notBad
8148,4,584.42,4,580.4900000000001,2opt,notBad
8149,4,584.42,4,580.4900000000001,move,improve
8150,4,584.42,4,580.4900000000001,2opt,notBad
8151,4,584.42,4,580.4900000000001,move,improve
8152,4,584.42,4,580.4900000000001,move,improve
8153,4,584.42,4,580.4900000000001,move,improve
8154,4,584.42,4,580.4900000000001,2opt,notBad
8155,4,584.42,4,580.4900000000001,swap,notBad
8156,4,584.42,4,580.4900000000001,2opt,notBad
8157,4,584.42,4,580.4900000000001,2opt,notBad
8158,4,584.42,4,580.4900000000001,swap,notBad
8159,4,584.42,4,580.4900000000001,2opt,notBad
8160,4,584.42,4,580.4900000000001,move,improve
8161,4,583.5200000000001,4,580.4900000000001,move,improve
8162,4,583.5200000000001,4,580.4900000000001,swap,notBad
8163,4,583.5200000000001,4,580.4900000000001,2opt,notBad
8164,4,583.5200000000001,4,580.4900000000001,move,improve
8165,4,583.5200000000001,4,580.4900000000001,swap,notBad
8166,4,583.5200000000001,4,580.4900000000001,2opt,notBad
8167,4,583.5200000000001,4,580.4900000000001,2opt,notBad
8168,4,583.5200000000001,4,580.4900000000001,swap,notBad
8169,4,583.5200000000001,4,580.4900000000001,swap,notBad
8170,4,583.5200000000001,4,580.4900000000001,move,improve
8171,4,583.5200000000001,4,580.4900000000001,move,improve
8172,4,583.5200000000001,4,580.4900000000001,move,improve
8173,4,583.5200000000001,4,580.4900000000001,2opt,notBad
8174,4,583.5200000000001,4,580.4900000000001,2opt,notBad
8175,4,583.5200000000001,4,580.4900000000001,2opt,notBad
8176,4,583.5200000000001,4,580.4900000000001,move,improve
8177,4,583.5200000000001,4,580.4900000000001,2opt,notBad
8178,4,583.5200000000001,4,580.4900000000001,move,improve
8179,4,583.5200000000001,4,580.4900000000001,swap,notBad
8180,4,583.5200000000001,4,580.4900000000001,swap,notBad
8181,4,583.5200000000001,4,580.4900000000001,move,improve
8182,4,583.5200000000001,4,580.4900000000001,move,improve
8183,4,583.5200000000001,4,580.4900000000001,move,improve
8184,4,583.5200000000001,4,580.4900000000001,swap,notBad
8185,4,583.5200000000001,4,580.4900000000001,swap,notBad
8186,4,583.5200000000001,4,580.4900000000001,2opt,notBad
8187,4,583.5200000000001,4,580.4900000000001,2opt,notBad
8188,4,583.5200000000001,4,580.4900000000001,move,improve
8189,4,583.5200000000001,4,580.4900000000001,2opt,notBad
8190,4,583.5200000000001,4,580.4900000000001,2opt,notBad
8191,4,583.22,4,580.4900000000001,move,improve
8192,4,583.22,4,580.4900000000001,2opt,notBad
8193,4,583.22,4,580.4900000000001,2opt,notBad
8194,4,583.22,4,580.4900000000001,move,improve
8195,4,583.22,4,580.4900000000001,swap,notBad
8196,4,583.22,4,580.4900000000001,2opt,notBad
8197,4,583.22,4,580.4900000000001,swap,notBad
8198,4,583.22,4,580.4900000000001,2opt,notBad
8199,4,583.22,4,580.4900000000001,swap,notBad
8200,4,583.22,4,580.4900000000001,2opt,notBad
8201,4,583.22,4,580.4900000000001,swap,notBad
8202,4,583.22,4,580.4900000000001,move,improve
8203,4,583.22,4,580.4900000000001,swap,notBad
8204,4,583.22,4,580.4900000000001,2opt,notBad
8205,4,583.22,4,580.4900000000001,swap,notBad
8206,4,583.22,4,580.4900000000001,swap,notBad
8207,4,583.22,4,580.4900000000001,2opt,notBad
8208,4,583.22,4,580.4900000000001,2opt,notBad
8209,4,583.22,4,580.4900000000001,swap,notBad
8210,4,583.22,4,580.4900000000001,swap,notBad
8211,4,583.22,4,580.4900000000001,2opt,notBad
8212,4,583.22,4,580.4900000000001,2opt,notBad
8213,4,583.22,4,580.4900000000001,move,improve
8214,4,583.22,4,580.4900000000001,2opt,notBad
8215,4,583.22,4,580.4900000000001,2opt,notBad
8216,4,581.74,4,580.4900000000001,move,improve
8217,4,581.74,4,580.4900000000001,move,improve
8218,4,581.74,4,580.4900000000001,2opt,notBad
8219,4,581.74,4,580.4900000000001,2opt,notBad
8220,4,581.74,4,580.4900000000001,move,improve
8221,4,581.74,4,580.4900000000001,2opt,notBad
8222,4,581.74,4,580.4900000000001,2opt,notBad
8223,4,581.74,4,580.4900000000001,2opt,notBad
8224,4,581.74,4,580.4900000000001,swap,notBad
8225,4,581.74,4,580.4900000000001,move,improve
8226,4,581.74,4,580.4900000000001,move,improve
8227,4,581.74,4,580.4900000000001,swap,notBad
8228,4,581.74,4,580.4900000000001,move,improve
8229,4,581.74,4,580.4900000000001,move,improve
8230,4,581.74,4,580.4900000000001,swap,notBad
8231,4,581.74,4,580.4900000000001,2opt,notBad
8232,4,581.74,4,580.4900000000001,2opt,notBad
8233,4,581.74,4,580.4900000000001,swap,notBad
8234,4,581.74,4,580.4900000000001,swap,notBad
8235,4,581.74,4,580.4900000000001,move,improve
8236,4,581.74,4,580.4900000000001,swap,notBad
8237,4,581.74,4,580.4900000000001,2opt,notBad
8238,4,581.74,4,580.4900000000001,2opt,notBad
8239,4,581.74,4,580.4900000000001,2opt,notBad
8240,4,581.74,4,580.4900000000001,move,improve
8241,4,581.74,4,580.4900000000001,move,improve
8242,4,581.74,4,580.4900000000001,swap,notBad
8243,4,581.74,4,580.4900000000001,move,improve
8244,4,581.74,4,580.4900000000001,swap,notBad
8245,4,581.74,4,580.4900000000001,swap,notBad
8246,4,581.74,4,580.4900000000001,move,improve
8247,4,581.74,4,580.4900000000001,2opt,notBad
8248,4,581.74,4,580.4900000000001,2opt,notBad
8249,4,581.74,4,580.4900000000001,move,improve
8250,4,581.74,4,580.4900000000001,2opt,improve
8251,4,581.74,4,580.4900000000001,swap,notBad
8252,4,581.74,4,580.4900000000001,2opt,notBad
8253,4,581.74,4,580.4900000000001,move,improve
8254,4,581.74,4,580.4900000000001,swap,notBad
8255,4,581.74,4,580.4900000000001,2opt,notBad
8256,4,581.74,4,580.4900000000001,2opt,notBad
8257,4,581.74,4,580.4900000000001,2opt,notBad
8258,4,581.74,4,580.4900000000001,2opt,notBad
8259,4,581.74,4,580.4900000000001,move,improve
8260,4,581.74,4,580.4900000000001,swap,notBad
8261,4,581.74,4,580.4900000000001,2opt,notBad
8262,4,581.74,4,580.4900000000001,swap,notBad
8263,4,581.74,4,580.4900000000001,move,improve
8264,4,581.74,4,580.4900000000001,swap,notBad
8265,4,581.74,4,580.4900000000001,swap,notBad
8266,4,581.74,4,580.4900000000001,move,improve
8267,4,581.74,4,580.4900000000001,2opt,notBad
8268,4,581.74,4,580.4900000000001,move,improve
8269,4,581.74,4,580.4900000000001,2opt,notBad
8270,4,581.74,4,580.4900000000001,swap,notBad
8271,4,581.74,4,580.4900000000001,move,improve
8272,4,581.74,4,580.4900000000001,move,improve
8273,4,581.74,4,580.4900000000001,2opt,notBad
8274,4,581.74,4,580.4900000000001,2opt,notBad
8275,4,581.74,4,580.4900000000001,2opt,notBad
8276,4,581.74,4,580.4900000000001,swap,notBad
8277,4,581.74,4,580.4900000000001,move,improve
8278,4,581.74,4,580.4900000000001,2opt,notBad
8279,4,581.74,4,580.4900000000001,2opt,notBad
8280,4,581.74,4,580.4900000000001,2opt,notBad
8281,4,581.74,4,580.4900000000001,swap,notBad
8282,4,581.74,4,580.4900000000001,move,improve
8283,4,581.74,4,580.4900000000001,move,improve
8284,4,581.74,4,580.4900000000001,2opt,notBad
8285,4,581.74,4,580.4900000000001,2opt,notBad
8286,4,581.74,4,580.4900000000001,move,improve
8287,4,581.74,4,580.4900000000001,move,improve
8288,4,581.74,4,580.4900000000001,2opt,notBad
8289,4,581.74,4,580.4900000000001,move,improve
8290,4,581.74,4,580.4900000000001,move,improve
8291,4,581.74,4,580.4900000000001,swap,notBad
8292,4,581.74,4,580.4900000000001,move,improve
8293,4,581.74,4,580.4900000000001,swap,notBad
8294,4,581.74,4,580.4900000000001,swap,notBad
8295,4,581.74,4,580.4900000000001,move,improve
8296,4,581.74,4,580.4900000000001,swap,notBad
8297,4,581.74,4,580.4900000000001,swap,notBad
8298,4,581.74,4,580.4900000000001,2opt,notBad
8299,4,581.74,4,580.4900000000001,move,improve
8300,4,581.74,4,580.4900000000001,move,improve
8301,4,581.74,4,580.4900000000001,move,improve
8302,4,581.74,4,580.4900000000001,swap,notBad
8303,4,581.74,4,580.4900000000001,move,improve
8304,4,581.74,4,580.4900000000001,2opt,notBad
8305,4,581.74,4,580.4900000000001,swap,notBad
8306,4,581.74,4,580.4900000000001,move,improve
8307,4,581.74,4,580.4900000000001,move,improve
8308,4,581.74,4,580.4900000000001,move,improve
8309,4,581.74,4,580.4900000000001,move,improve
8310,4,581.74,4,580.4900000000001,2opt,notBad
8311,4,581.74,4,580.4900000000001,2opt,notBad
8312,4,581.74,4,580.4900000000001,2opt,notBad
8313,4,581.74,4,580.4900000000001,move,improve
8314,4,581.74,4,580.4900000000001,swap,notBad
8315,4,581.74,4,580.4900000000001,move,improve
8316,4,581.74,4,580.4900000000001,swap,notBad
8317,4,581.74,4,580.4900000000001,move,improve
8318,4,581.74,4,580.4900000000001,2opt,improve
8319,4,581.74,4,580.4900000000001,move,improve
8320,4,581.74,4,580.4900000000001,2opt,notBad
8321,4,581.74,4,580.4900000000001,swap,notBad
8322,4,581.74,4,580.4900000000001,2opt,notBad
8323,4,581.74,4,580.4900000000001,swap,notBad
8324,4,581.74,4,580.4900000000001,move,improve
8325,4,581.74,4,580.4900000000001,swap,notBad
8326,4,581.74,4,580.4900000000001,move,improve
8327,4,581.74,4,580.4900000000001,2opt,notBad
8328,4,581.74,4,580.4900000000001,2opt,notBad
8329,4,581.74,4,580.4900000000001,swap,notBad
8330,4,581.74,4,580.4900000000001,swap,notBad
8331,4,581.74,4,580.4900000000001,swap,notBad
8332,4,581.74,4,580.4900000000001,move,improve
8333,4,581.74,4,580.4900000000001,move,improve
8334,4,581.74,4,580.4900000000001,move,improve
8335,4,581.74,4,580.4900000000001,swap,notBad
8336,4,581.74,4,580.4900000000001,2opt,notBad
8337,4,581.74,4,580.4900000000001,2opt,notBad
8338,4,581.74,4,580.4900000000001,2opt,notBad
8339,4,581.74,4,580.4900000000001,swap,notBad
8340,4,581.74,4,580.4900000000001,swap,notBad
8341,4,581.74,4,580.4900000000001,2opt,notBad
8342,4,581.74,4,580.4900000000001,move,improve
8343,4,581.74,4,580.4900000000001,swap,notBad
8344,4,581.74,4,580.4900000000001,swap,notBad
8345,4,581.74,4,580.4900000000001,2opt,notBad
8346,4,581.74,4,580.4900000000001,move,improve
8347,4,581.74,4,580.4900000000001,2opt,notBad
8348,4,581.74,4,580.4900000000001,2opt,notBad
8349,4,581.74,4,580.4900000000001,move,improve
8350,4,581.74,4,580.4900000000001,2opt,notBad
8351,4,581.74,4,580.4900000000001,move,improve
8352,4,581.74,4,580.4900000000001,swap,notBad
8353,4,581.74,4,580.4900000000001,swap,notBad
8354,4,581.74,4,580.4900000000001,move,improve
8355,4,581.74,4,580.4900000000001,move,improve
8356,4,581.74,4,580.4900000000001,2opt,notBad
8357,4,581.74,4,580.4900000000001,2opt,notBad
8358,4,581.74,4,580.4900000000001,2opt,notBad
8359,4,581.74,4,580.4900000000001,move,improve
8360,4,581.74,4,580.4900000000001,move,improve
8361,4,581.74,4,580.4900000000001,move,improve
8362,4,581.74,4,580.4900000000001,2opt,improve
8363,4,581.74,4,580.4900000000001,2opt,improve
8364,4,581.74,4,580.4900000000001,swap,notBad
8365,4,581.74,4,580.4900000000001,2opt,notBad
8366,4,581.74,4,580.4900000000001,2opt,notBad
8367,4,581.74,4,580.4900000000001,swap,notBad
8368,4,581.74,4,580.4900000000001,swap,notBad
8369,4,581.74,4,580.4900000000001,swap,notBad
8370,4,581.74,4,580.4900000000001,2opt,notBad
8371,4,581.74,4,580.4900000000001,2opt,notBad
8372,4,581.74,4,580.4900000000001,swap,notBad
8373,4,581.74,4,580.4900000000001,move,improve
8374,4,581.74,4,580.4900000000001,move,improve
8375,4,581.74,4,580.4900000000001,2opt,notBad
8376,4,581.74,4,580.4900000000001,2opt,notBad
8377,4,581.74,4,580.4900000000001,swap,notBad
8378,4,581.74,4,580.4900000000001,move,improve
8379,4,581.74,4,580.4900000000001,2opt,notBad
8380,4,581.74,4,580.4900000000001,move,improve
8381,4,581.74,4,580.4900000000001,2opt,notBad
8382,4,581.74,4,580.4900000000001,swap,notBad
8383,4,581.74,4,580.4900000000001,2opt,notBad
8384,4,581.74,4,580.4900000000001,move,improve
8385,4,581.74,4,580.4900000000001,2opt,notBad
8386,4,581.74,4,580.4900000000001,move,improve
8387,4,581.74,4,580.4900000000001,swap,notBad
8388,4,581.74,4,580.4900000000001,2opt,notBad
8389,4,581.74,4,580.4900000000001,swap,notBad
8390,4,581.74,4,580.4900000000001,move,improve
8391,4,581.74,4,580.4900000000001,move,improve
8392,4,581.74,4,580.4900000000001,2opt,notBad
8393,4,581.74,4,580.4900000000001,swap,notBad
8394,4,581.74,4,580.4900000000001,swap,notBad
8395,4,581.74,4,580.4900000000001,move,improve
8396,4,581.74,4,580.4900000000001,swap,notBad
8397,4,581.74,4,580.4900000000001,swap,notBad
8398,4,581.74,4,580.4900000000001,swap,notBad
8399,4,581.74,4,580.4900000000001,2opt,notBad
8400,4,581.74,4,580.4900000000001,move,improve
8401,4,581.74,4,580.4900000000001,swap,notBad
8402,4,581.74,4,580.4900000000001,move,improve
8403,4,581.74,4,580.4900000000001,move,improve
8404,4,581.74,4,580.4900000000001,2opt,notBad
8405,4,581.74,4,580.4900000000001,2opt,notBad
8406,4,581.74,4,580.4900000000001,2opt,notBad
8407,4,581.74,4,580.4900000000001,swap,notBad
8408,4,581.74,4,580.4900000000001,move,improve
8409,4,581.74,4,580.4900000000001,swap,notBad
8410,4,581.74,4,580.4900000000001,2opt,notBad
8411,4,584.08,4,580.4900000000001,swap,acceptBad
8412,4,584.08,4,580.4900000000001,swap,notBad
8413,4,584.08,4,580.4900000000001,swap,notBad
8414,4,584.08,4,580.4900000000001,2opt,notBad
8415,4,584.08,4,580.4900000000001,swap,notBad
8416,4,584.08,4,580.4900000000001,swap,notBad
8417,4,584.08,4,580.4900000000001,swap,notBad
8418,4,584.08,4,580.4900000000001,move,improve
8419,4,584.08,4,580.4900000000001,2opt,notBad
8420,4,584.08,4,580.4900000000001,2opt,notBad
8421,4,584.08,4,580.4900000000001,move,improve
8422,4,584.08,4,580.4900000000001,2opt,notBad
8423,4,584.08,4,580.4900000000001,move,improve
8424,4,584.08,4,580.4900000000001,move,improve
8425,4,584.08,4,580.4900000000001,swap,notBad
8426,4,581.74,4,580.4900000000001,move,improve
8427,4,581.74,4,580.4900000000001,move,improve
8428,4,581.74,4,580.4900000000001,2opt,notBad
8429,4,581.74,4,580.4900000000001,swap,notBad
8430,4,581.74,4,580.4900000000001,swap,notBad
8431,4,581.74,4,580.4900000000001,move,improve
8432,4,581.74,4,580.4900000000001,swap,notBad
8433,4,581.74,4,580.4900000000001,2opt,notBad
8434,4,581.74,4,580.4900000000001,move,improve
8435,4,581.74,4,580.4900000000001,swap,notBad
8436,4,581.74,4,580.4900000000001,2opt,notBad
8437,4,581.74,4,580.4900000000001,move,improve
8438,4,581.74,4,580.4900000000001,swap,notBad
8439,4,581.74,4,580.4900000000001,2opt,notBad
8440,4,581.74,4,580.4900000000001,swap,notBad
8441,4,581.74,4,580.4900000000001,move,improve
8442,4,581.74,4,580.4900000000001,2opt,notBad
8443,4,581.74,4,580.4900000000001,swap,notBad
8444,4,581.74,4,580.4900000000001,swap,notBad
8445,4,581.74,4,580.4900000000001,2opt,notBad
8446,4,581.74,4,580.4900000000001,move,improve
8447,4,581.74,4,580.4900000000001,2opt,improve
8448,4,581.74,4,580.4900000000001,swap,notBad
8449,4,581.74,4,580.4900000000001,swap,notBad
8450,4,581.74,4,580.4900000000001,swap,notBad
8451,4,581.74,4,580.4900000000001,2opt,notBad
8452,4,581.74,4,580.4900000000001,swap,notBad
8453,4,581.74,4,580.4900000000001,2opt,notBad
8454,4,581.74,4,580.4900000000001,swap,notBad
8455,4,581.74,4,580.4900000000001,2opt,improve
8456,4,581.74,4,580.4900000000001,2opt,notBad
8457,4,581.74,4,580.4900000000001,move,improve
8458,4,581.74,4,580.4900000000001,move,improve
8459,4,581.74,4,580.4900000000001,swap,notBad
8460,4,581.74,4,580.4900000000001,swap,notBad
8461,4,581.74,4,580.4900000000001,swap,notBad
8462,4,581.74,4,580.4900000000001,2opt,notBad
8463,4,581.74,4,580.4900000000001,2opt,notBad
8464,4,581.74,4,580.4900000000001,2opt,notBad
8465,4,581.74,4,580.4900000000001,move,improve
8466,4,581.74,4,580.4900000000001,2opt,notBad
8467,4,581.74,4,580.4900000000001,swap,notBad
8468,4,581.74,4,580.4900000000001,2opt,notBad
8469,4,581.74,4,580.4900000000001,2opt,notBad
8470,4,581.74,4,580.4900000000001,move,improve
8471,4,581.74,4,580.4900000000001,swap,notBad
8472,4,581.74,4,580.4900000000001,2opt,notBad
8473,4,581.74,4,580.4900000000001,swap,notBad
8474,4,581.74,4,580.4900000000001,move,improve
8475,4,581.74,4,580.4900000000001,2opt,notBad
8476,4,581.74,4,580.4900000000001,move,improve
8477,4,581.74,4,580.4900000000001,move,improve
8478,4,581.74,4,580.4900000000001,2opt,notBad
8479,4,581.74,4,580.4900000000001,swap,notBad
8480,4,581.74,4,580.4900000000001,move,improve
8481,4,581.74,4,580.4900000000001,swap,notBad
8482,4,581.74,4,580.4900000000001,move,improve
8483,4,581.74,4,580.4900000000001,move,improve
8484,4,581.74,4,580.4900000000001,swap,notBad
8485,4,581.74,4,580.4900000000001,move,improve
8486,4,581.74,4,580.4900000000001,move,improve
8487,4,581.74,4,580.4900000000001,swap,notBad
8488,4,581.74,4,580.4900000000001,2opt,notBad
8489,4,581.74,4,580.4900000000001,2opt,notBad
8490,4,581.74,4,580.4900000000001,2opt,notBad
8491,4,581.74,4,580.4900000000001,2opt,notBad
8492,4,581.74,4,580.4900000000001,move,improve
8493,4,581.74,4,580.4900000000001,move,improve
8494,4,581.74,4,580.4900000000001,2opt,improve
8495,4,581.74,4,580.4900000000001,move,improve
8496,4,581.74,4,580.4900000000001,move,improve
8497,4,581.74,4,580.4900000000001,2opt,notBad
8498,4,581.74,4,580.4900000000001,2opt,notBad
8499,4,581.74,4,580.4900000000001,2opt,notBad
8500,4,581.74,4,580.4900000000001,2opt,notBad
8501,4,581.74,4,580.4900000000001,move,improve
8502,4,581.74,4,580.4900000000001,move,improve
8503,4,581.74,4,580.4900000000001,swap,notBad
8504,4,581.74,4,580.4900000000001,2opt,notBad
8505,4,581.74,4,580.4900000000001,move,improve
8506,4,581.74,4,580.4900000000001,2opt,notBad
8507,4,581.74,4,580.4900000000001,swap,notBad
8508,4,581.74,4,580.4900000000001,2opt,notBad
8509,4,581.74,4,580.4900000000001,swap,notBad
8510,4,581.74,4,580.4900000000001,move,improve
8511,4,581.74,4,580.4900000000001,swap,notBad
8512,4,581.74,4,580.4900000000001,swap,notBad
8513,4,581.74,4,580.4900000000001,move,improve
8514,4,581.74,4,580.4900000000001,move,improve
8515,4,581.74,4,580.4900000000001,2opt,notBad
8516,4,581.74,4,580.4900000000001,move,improve
8517,4,581.74,4,580.4900000000001,move,improve
8518,4,581.74,4,580.4900000000001,2opt,notBad
8519,4,581.74,4,580.4900000000001,2opt,notBad
8520,4,581.74,4,580.4900000000001,move,improve
8521,4,581.74,4,580.4900000000001,2opt,notBad
8522,4,581.74,4,580.4900000000001,2opt,notBad
8523,4,581.74,4,580.4900000000001,2opt,improve
8524,4,581.74,4,580.4900000000001,move,improve
8525,4,581.74,4,580.4900000000001,2opt,notBad
8526,4,581.74,4,580.4900000000001,swap,notBad
8527,4,581.74,4,580.4900000000001,move,improve
8528,4,581.74,4,580.4900000000001,2opt,notBad
8529,4,581.74,4,580.4900000000001,2opt,notBad
8530,4,581.74,4,580.4900000000001,swap,notBad
8531,4,581.74,4,580.4900000000001,move,improve
8532,4,581.74,4,580.4900000000001,2opt,notBad
8533,4,581.74,4,580.4900000000001,move,improve
8534,4,581.74,4,580.4900000000001,swap,notBad
8535,4,581.74,4,580.4900000000001,2opt,notBad
8536,4,581.74,4,580.4900000000001,2opt,notBad
8537,4,581.74,4,580.4900000000001,2opt,notBad
8538,4,581.74,4,580.4900000000001,move,improve
8539,4,581.74,4,580.4900000000001,swap,notBad
8540,4,581.74,4,580.4900000000001,2opt,notBad
8541,4,581.74,4,580.4900000000001,swap,notBad
8542,4,581.74,4,580.4900000000001,2opt,improve
8543,4,581.74,4,580.4900000000001,swap,notBad
8544,4,581.74,4,580.4900000000001,2opt,improve
8545,4,581.74,4,580.4900000000001,move,improve
8546,4,581.74,4,580.4900000000001,2opt,notBad
8547,4,581.74,4,580.4900000000001,2opt,improve
8548,4,581.74,4,580.4900000000001,move,improve
8549,4,581.74,4,580.4900000000001,move,improve
8550,4,581.74,4,580.4900000000001,swap,notBad
8551,4,581.74,4,580.4900000000001,swap,notBad
8552,4,581.74,4,580.4900000000001,move,improve
8553,4,581.74,4,580.4900000000001,move,improve
8554,4,581.74,4,580.4900000000001,move,improve
8555,4,581.74,4,580.4900000000001,2opt,notBad
8556,4,581.74,4,580.4900000000001,swap,notBad
8557,4,581.74,4,580.4900000000001,2opt,notBad
8558,4,581.74,4,580.4900000000001,2opt,notBad
8559,4,581.74,4,580.4900000000001,swap,notBad
8560,4,581.74,4,580.4900000000001,2opt,notBad
8561,4,581.74,4,580.4900000000001,move,improve
8562,4,581.74,4,580.4900000000001,move,improve
8563,4,581.74,4,580.4900000000001,swap,notBad
8564,4,581.74,4,580.4900000000001,swap,notBad
8565,4,581.74,4,580.4900000000001,2opt,notBad
8566,4,581.74,4,580.4900000000001,swap,notBad
8567,4,581.74,4,580.4900000000001,2opt,notBad
8568,4,581.74,4,580.4900000000001,move,improve
8569,4,581.74,4,580.4900000000001,swap,notBad
8570,4,581.74,4,580.4900000000001,swap,notBad
8571,4,581.74,4,580.4900000000001,move,improve
8572,4,581.74,4,580.4900000000001,swap,notBad
8573,4,581.74,4,580.4900000000001,swap,notBad
8574,4,581.74,4,580.4900000000001,2opt,notBad
8575,4,581.74,4,580.4900000000001,swap,notBad
8576,4,581.74,4,580.4900000000001,2opt,notBad
8577,4,581.74,4,580.4900000000001,2opt,notBad
8578,4,581.74,4,580.4900000000001,move,improve
8579,4,581.74,4,580.4900000000001,swap,notBad
8580,4,581.74,4,580.4900000000001,swap,notBad
8581,4,581.74,4,580.4900000000001,swap,notBad
8582,4,581.74,4,580.4900000000001,swap,notBad
8583,4,581.74,4,580.4900000000001,swap,notBad
8584,4,581.74,4,580.4900000000001,move,improve
8585,4,581.74,4,580.4900000000001,2opt,notBad
8586,4,581.74,4,580.4900000000001,swap,notBad
8587,4,581.74,4,580.4900000000001,swap,notBad
8588,4,581.74,4,580.4900000000001,move,improve
8589,4,581.74,4,580.4900000000001,2opt,notBad
8590,4,581.74,4,580.4900000000001,2opt,notBad
8591,4,581.74,4,580.4900000000001,move,improve
8592,4,581.74,4,580.4900000000001,2opt,notBad
8593,4,581.74,4,580.4900000000001,move,improve
8594,4,581.74,4,580.4900000000001,move,improve
8595,4,581.74,4,580.4900000000001,swap,notBad
8596,4,581.74,4,580.4900000000001,swap,notBad
8597,4,581.74,4,580.4900000000001,swap,notBad
8598,4,581.74,4,580.4900000000001,swap,notBad
8599,4,581.74,4,580.4900000000001,move,improve
8600,4,581.74,4,580.4900000000001,swap,notBad
8601,4,581.74,4,580.4900000000001,swap,notBad
8602,4,581.74,4,580.4900000000001,2opt,notBad
8603,4,581.74,4,580.4900000000001,move,improve
8604,4,581.74,4,580.4900000000001,move,improve
8605,4,581.74,4,580.4900000000001,2opt,notBad
8606,4,581.74,4,580.4900000000001,2opt,notBad
8607,4,581.74,4,580.4900000000001,move,improve
8608,4,581.74,4,580.4900000000001,2opt,notBad
8609,4,581.74,4,580.4900000000001,move,improve
8610,4,581.74,4,580.4900000000001,move,improve
8611,4,581.74,4,580.4900000000001,move,improve
8612,4,581.74,4,580.4900000000001,move,improve
8613,4,581.74,4,580.4900000000001,move,improve
8614,4,581.74,4,580.4900000000001,move,improve
8615,4,581.74,4,580.4900000000001,swap,notBad
8616,4,581.74,4,580.4900000000001,swap,notBad
8617,4,581.74,4,580.4900000000001,2opt,notBad
8618,4,581.74,4,580.4900000000001,swap,notBad
8619,4,581.74,4,580.4900000000001,swap,notBad
8620,4,581.74,4,580.4900000000001,2opt,notBad
8621,4,581.74,4,580.4900000000001,2opt,notBad
8622,4,581.74,4,580.4900000000001,move,improve
8623,4,581.74,4,580.4900000000001,2opt,notBad
8624,4,581.74,4,580.4900000000001,2opt,notBad
8625,4,581.74,4,580.4900000000001,2opt,improve
8626,4,581.74,4,580.4900000000001,swap,notBad
8627,4,581.74,4,580.4900000000001,swap,notBad
8628,4,581.74,4,580.4900000000001,swap,notBad
8629,4,581.74,4,580.4900000000001,swap,notBad
8630,4,581.74,4,580.4900000000001,swap,notBad
8631,4,581.74,4,580.4900000000001,swap,notBad
8632,4,581.74,4,580.4900000000001,2opt,improve
8633,4,581.74,4,580.4900000000001,2opt,notBad
8634,4,581.74,4,580.4900000000001,swap,notBad
8635,4,581.74,4,580.4900000000001,swap,notBad
8636,4,581.74,4,580.4900000000001,2opt,notBad
8637,4,581.74,4,580.4900000000001,move,improve
8638,4,581.74,4,580.4900000000001,move,improve
8639,4,581.74,4,580.4900000000001,move,improve
8640,4,581.74,4,580.4900000000001,swap,notBad
8641,4,581.74,4,580.4900000000001,move,improve
8642,4,581.74,4,580.4900000000001,move,improve
8643,4,581.74,4,580.4900000000001,swap,notBad
8644,4,581.74,4,580.4900000000001,swap,notBad
8645,4,581.74,4,580.4900000000001,swap,notBad
8646,4,581.74,4,580.4900000000001,2opt,notBad
8647,4,581.74,4,580.4900000000001,swap,notBad
8648,4,581.74,4,580.4900000000001,2opt,notBad
8649,4,581.74,4,580.4900000000001,2opt,notBad
8650,4,581.74,4,580.4900000000001,2opt,notBad
8651,4,581.74,4,580.4900000000001,move,improve
8652,4,581.74,4,580.4900000000001,swap,notBad
8653,4,581.74,4,580.4900000000001,move,improve
8654,4,581.74,4,580.4900000000001,move,improve
8655,4,581.74,4,580.4900000000001,swap,notBad
8656,4,581.74,4,580.4900000000001,swap,notBad
8657,4,581.74,4,580.4900000000001,move,improve
8658,4,581.74,4,580.4900000000001,2opt,notBad
8659,4,581.74,4,580.4900000000001,move,improve
8660,4,581.74,4,580.4900000000001,2opt,notBad
8661,4,581.74,4,580.4900000000001,move,improve
8662,4,581.74,4,580.4900000000001,move,improve
8663,4,581.74,4,580.4900000000001,move,improve
8664,4,581.74,4,580.4900000000001,move,improve
8665,4,581.74,4,580.4900000000001,move,improve
8666,4,581.74,4,580.4900000000001,move,improve
8667,4,581.74,4,580.4900000000001,swap,notBad
8668,4,581.74,4,580.4900000000001,2opt,notBad
8669,4,581.74,4,580.4900000000001,2opt,notBad
8670,4,581.74,4,580.4900000000001,2opt,notBad
8671,4,581.74,4,580.4900000000001,swap,notBad
8672,4,581.74,4,580.4900000000001,2opt,notBad
8673,4,581.74,4,580.4900000000001,swap,notBad
8674,4,581.74,4,580.4900000000001,2opt,notBad
8675,4,581.74,4,580.4900000000001,move,improve
8676,4,581.74,4,580.4900000000001,swap,notBad
8677,4,581.74,4,580.4900000000001,move,improve
8678,4,581.74,4,580.4900000000001,swap,notBad
8679,4,581.74,4,580.4900000000001,2opt,notBad
8680,4,581.74,4,580.4900000000001,move,improve
8681,4,581.74,4,580.4900000000001,2opt,notBad
8682,4,581.74,4,580.4900000000001,move,improve
8683,4,581.74,4,580.4900000000001,move,improve
8684,4,581.74,4,580.4900000000001,move,improve
8685,4,581.74,4,580.4900000000001,swap,notBad
8686,4,581.74,4,580.4900000000001,2opt,notBad
8687,4,581.74,4,580.4900000000001,2opt,notBad
8688,4,581.74,4,580.4900000000001,move,improve
8689,4,581.74,4,580.4900000000001,move,improve
8690,4,581.74,4,580.4900000000001,2opt,notBad
8691,4,581.74,4,580.4900000000001,move,improve
8692,4,581.74,4,580.4900000000001,move,improve
8693,4,581.74,4,580.4900000000001,2opt,notBad
8694,4,581.74,4,580.4900000000001,swap,notBad
8695,4,581.74,4,580.4900000000001,2opt,notBad
8696,4,581.74,4,580.4900000000001,swap,notBad
8697,4,581.74,4,580.4900000000001,2opt,notBad
8698,4,581.74,4,580.4900000000001,move,improve
8699,4,581.74,4,580.4900000000001,swap,notBad
8700,4,581.74,4,580.4900000000001,2opt,notBad
8701,4,581.74,4,580.4900000000001,2opt,notBad
8702,4,581.74,4,580.4900000000001,2opt,notBad
8703,4,581.74,4,580.4900000000001,2opt,notBad
8704,4,581.74,4,580.4900000000001,swap,notBad
8705,4,581.74,4,580.4900000000001,2opt,notBad
8706,4,581.74,4,580.4900000000001,swap,notBad
8707,4,581.74,4,580.4900000000001,move,improve
8708,4,581.74,4,580.4900000000001,swap,notBad
8709,4,581.74,4,580.4900000000001,swap,notBad
8710,4,581.74,4,580.4900000000001,swap,notBad
8711,4,581.74,4,580.4900000000001,2opt,notBad
8712,4,581.74,4,580.4900000000001,move,improve
8713,4,581.74,4,580.4900000000001,swap,notBad
8714,4,581.74,4,580.4900000000001,move,improve
8715,4,581.74,4,580.4900000000001,move,improve
8716,4,581.74,4,580.4900000000001,swap,notBad
8717,4,581.74,4,580.4900000000001,move,improve
8718,4,581.74,4,580.4900000000001,2opt,notBad
8719,4,581.74,4,580.4900000000001,move,improve
8720,4,581.74,4,580.4900000000001,2opt,notBad
8721,4,581.74,4,580.4900000000001,move,improve
8722,4,581.74,4,580.4900000000001,2opt,improve
8723,4,581.74,4,580.4900000000001,move,improve
8724,4,581.74,4,580.4900000000001,swap,notBad
8725,4,581.74,4,580.4900000000001,move,improve
8726,4,581.74,4,580.4900000000001,swap,notBad
8727,4,581.74,4,580.4900000000001,swap,notBad
8728,4,581.74,4,580.4900000000001,swap,notBad
8729,4,581.74,4,580.4900000000001,move,improve
8730,4,581.74,4,580.4900000000001,2opt,notBad
8731,4,581.74,4,580.4900000000001,move,improve
8732,4,581.74,4,580.4900000000001,2opt,notBad
8733,4,581.74,4,580.4900000000001,swap,notBad
8734,4,581.74,4,580.4900000000001,swap,notBad
8735,4,581.74,4,580.4900000000001,2opt,notBad
8736,4,581.74,4,580.4900000000001,move,improve
8737,4,581.74,4,580.4900000000001,swap,notBad
8738,4,581.74,4,580.4900000000001,swap,notBad
8739,4,581.74,4,580.4900000000001,2opt,notBad
8740,4,581.74,4,580.4900000000001,2opt,notBad
8741,4,581.74,4,580.4900000000001,2opt,notBad
8742,4,581.74,4,580.4900000000001,move,improve
8743,4,581.74,4,580.4900000000001,swap,notBad
8744,4,581.74,4,580.4900000000001,2opt,notBad
8745,4,581.74,4,580.4900000000001,2opt,notBad
8746,4,581.74,4,580.4900000000001,2opt,notBad
8747,4,581.74,4,580.4900000000001,move,improve
8748,4,581.74,4,580.4900000000001,move,improve
8749,4,581.74,4,580.4900000000001,move,improve
8750,4,581.74,4,580.4900000000001,move,improve
8751,4,581.74,4,580.4900000000001,swap,notBad
8752,4,581.74,4,580.4900000000001,move,improve
8753,4,581.74,4,580.4900000000001,2opt,notBad
8754,4,581.74,4,580.4900000000001,move,improve
8755,4,581.74,4,580.4900000000001,move,improve
8756,4,581.74,4,580.4900000000001,move,improve
8757,4,581.74,4,580.4900000000001,2opt,notBad
8758,4,581.74,4,580.4900000000001,swap,notBad
8759,4,581.74,4,580.4900000000001,2opt,notBad
8760,4,581.74,4,580.4900000000001,move,improve
8761,4,581.74,4,580.4900000000001,swap,notBad
8762,4,581.74,4,580.4900000000001,2opt,notBad
8763,4,581.74,4,580.4900000000001,move,improve
8764,4,581.74,4,580.4900000000001,move,improve
8765,4,581.74,4,580.4900000000001,swap,notBad
8766,4,581.74,4,580.4900000000001,2opt,notBad
8767,4,581.74,4,580.4900000000001,move,improve
8768,4,581.74,4,580.4900000000001,2opt,notBad
8769,4,581.74,4,580.4900000000001,move,improve
8770,4,581.74,4,580.4900000000001,swap,notBad
8771,4,581.74,4,580.4900000000001,move,improve
8772,4,581.74,4,580.4900000000001,2opt,notBad
8773,4,581.74,4,580.4900000000001,move,improve
8774,4,581.74,4,580.4900000000001,swap,notBad
8775,4,581.74,4,580.4900000000001,move,improve
8776,4,581.74,4,580.4900000000001,2opt,notBad
8777,4,581.74,4,580.4900000000001,swap,notBad
8778,4,581.74,4,580.4900000000001,move,improve
8779,4,581.74,4,580.4900000000001,move,improve
8780,4,581.74,4,580.4900000000001,move,improve
8781,4,581.74,4,580.4900000000001,swap,notBad
8782,4,581.74,4,580.4900000000001,2opt,notBad
8783,4,581.74,4,580.4900000000001,move,improve
8784,4,581.74,4,580.4900000000001,swap,notBad
8785,4,581.74,4,580.4900000000001,swap,notBad
8786,4,581.74,4,580.4900000000001,swap,notBad
8787,4,581.74,4,580.4900000000001,move,improve
8788,4,581.74,4,580.4900000000001,swap,notBad
8789,4,581.74,4,580.4900000000001,swap,notBad
8790,4,581.74,4,580.4900000000001,swap,notBad
8791,4,581.74,4,580.4900000000001,swap,notBad
8792,4,581.74,4,580.4900000000001,2opt,notBad
8793,4,581.74,4,580.4900000000001,2opt,notBad
8794,4,581.74,4,580.4900000000001,move,improve
8795,4,581.74,4,580.4900000000001,swap,notBad
8796,4,581.74,4,580.4900000000001,swap,notBad
8797,4,581.74,4,580.4900000000001,move,improve
8798,4,581.74,4,580.4900000000001,swap,notBad
8799,4,581.74,4,580.4900000000001,swap,notBad
8800,4,581.74,4,580.4900000000001,swap,notBad
8801,4,581.74,4,580.4900000000001,2opt,notBad
8802,4,581.74,4,580.4900000000001,swap,notBad
8803,4,581.74,4,580.4900000000001,2opt,notBad
8804,4,581.74,4,580.4900000000001,move,improve
8805,4,581.74,4,580.4900000000001,swap,notBad
8806,4,581.74,4,580.4900000000001,move,improve
8807,4,581.74,4,580.4900000000001,swap,notBad
8808,4,581.74,4,580.4900000000001,swap,notBad
8809,4,581.74,4,580.4900000000001,move,improve
8810,4,581.74,4,580.4900000000001,swap,notBad
8811,4,581.74,4,580.4900000000001,2opt,notBad
8812,4,581.74,4,580.4900000000001,swap,notBad
8813,4,582.34,4,580.4900000000001,move,acceptBad
8814,4,582.34,4,580.4900000000001,2opt,notBad
8815,4,582.34,4,580.4900000000001,2opt,notBad
8816,4,582.34,4,580.4900000000001,2opt,notBad
8817,4,582.34,4,580.4900000000001,move,improve
8818,4,582.34,4,580.4900000000001,move,improve
8819,4,582.34,4,580.4900000000001,swap,notBad
8820,4,582.34,4,580.4900000000001,move,improve
8821,4,582.34,4,580.4900000000001,2opt,notBad
8822,4,582.34,4,580.4900000000001,swap,notBad
8823,4,582.34,4,580.4900000000001,2opt,notBad
8824,4,582.34,4,580.4900000000001,2opt,improve
8825,4,582.34,4,580.4900000000001,move,improve
8826,4,582.34,4,580.4900000000001,2opt,notBad
8827,4,582.34,4,580.4900000000001,swap,notBad
8828,4,582.34,4,580.4900000000001,swap,notBad
8829,4,582.34,4,580.4900000000001,swap,notBad
8830,4,582.34,4,580.4900000000001,2opt,notBad
8831,4,582.34,4,580.4900000000001,move,improve
8832,4,582.34,4,580.4900000000001,swap,notBad
8833,4,582.34,4,580.4900000000001,swap,notBad
8834,4,582.34,4,580.4900000000001,move,improve
8835,4,582.34,4,580.4900000000001,2opt,notBad
8836,4,582.34,4,580.4900000000001,swap,notBad
8837,4,582.34,4,580.4900000000001,move,improve
8838,4,582.34,4,580.4900000000001,swap,notBad
8839,4,582.34,4,580.4900000000001,swap,notBad
8840,4,582.34,4,580.4900000000001,2opt,improve
8841,4,582.34,4,580.4900000000001,move,improve
8842,4,582.34,4,580.4900000000001,2opt,notBad
8843,4,582.34,4,580.4900000000001,swap,notBad
8844,4,582.34,4,580.4900000000001,2opt,notBad
8845,4,582.34,4,580.4900000000001,2opt,notBad
8846,4,582.34,4,580.4900000000001,swap,notBad
8847,4,582.34,4,580.4900000000001,move,improve
8848,4,582.34,4,580.4900000000001,move,improve
8849,4,582.34,4,580.4900000000001,2opt,notBad
8850,4,582.34,4,580.4900000000001,move,improve
8851,4,582.34,4,580.4900000000001,2opt,notBad
8852,4,582.34,4,580.4900000000001,move,improve
8853,4,582.34,4,580.4900000000001,2opt,notBad
8854,4,582.34,4,580.4900000000001,move,improve
8855,4,582.34,4,580.4900000000001,move,improve
8856,4,582.34,4,580.4900000000001,move,improve
8857,4,582.34,4,580.4900000000001,2opt,improve
8858,4,582.34,4,580.4900000000001,2opt,notBad
8859,4,582.34,4,580.4900000000001,2opt,notBad
8860,4,582.34,4,580.4900000000001,swap,notBad
8861,4,582.34,4,580.4900000000001,move,improve
8862,4,582.34,4,580.4900000000001,swap,notBad
8863,4,582.34,4,580.4900000000001,swap,notBad
8864,4,582.34,4,580.4900000000001,swap,notBad
8865,4,582.34,4,580.4900000000001,2opt,notBad
8866,4,582.34,4,580.4900000000001,swap,notBad
8867,4,582.34,4,580.4900000000001,move,improve
8868,4,582.34,4,580.4900000000001,move,improve
8869,4,582.34,4,580.4900000000001,move,improve
8870,4,582.34,4,580.4900000000001,2opt,notBad
8871,4,582.34,4,580.4900000000001,swap,notBad
8872,4,582.34,4,580.4900000000001,2opt,notBad
8873,4,582.34,4,580.4900000000001,move,improve
8874,4,582.34,4,580.4900000000001,2opt,notBad
8875,4,582.34,4,580.4900000000001,2opt,notBad
8876,4,582.34,4,580.4900000000001,2opt,notBad
8877,4,582.34,4,580.4900000000001,move,improve
8878,4,582.34,4,580.4900000000001,move,improve
8879,4,582.34,4,580.4900000000001,swap,notBad
8880,4,582.34,4,580.4900000000001,move,improve
8881,4,582.34,4,580.4900000000001,move,improve
8882,4,582.34,4,580.4900000000001,move,improve
8883,4,582.34,4,580.4900000000001,move,improve
8884,4,582.34,4,580.4900000000001,2opt,notBad
8885,4,582.34,4,580.4900000000001,2opt,notBad
8886,4,582.34,4,580.4900000000001,move,improve
8887,4,582.34,4,580.4900000000001,2opt,notBad
8888,4,582.34,4,580.4900000000001,2opt,notBad
8889,4,582.34,4,580.4900000000001,2opt,notBad
8890,4,582.34,4,580.4900000000001,2opt,notBad
8891,4,582.34,4,580.4900000000001,2opt,notBad
8892,4,582.34,4,580.4900000000001,move,improve
8893,4,582.34,4,580.4900000000001,swap,notBad
8894,4,582.34,4,580.4900000000001,move,improve
8895,4,582.34,4,580.4900000000001,swap,notBad
8896,4,582.34,4,580.4900000000001,2opt,notBad
8897,4,582.34,4,580.4900000000001,2opt,notBad
8898,4,582.34,4,580.4900000000001,move,improve
8899,4,582.34,4,580.4900000000001,2opt,notBad
8900,4,582.34,4,580.4900000000001,swap,notBad
8901,4,582.34,4,580.4900000000001,swap,notBad
8902,4,582.34,4,580.4900000000001,swap,notBad
8903,4,582.34,4,580.4900000000001,2opt,notBad
8904,4,582.34,4,580.4900000000001,move,improve
8905,4,582.34,4,580.4900000000001,move,improve
8906,4,582.34,4,580.4900000000001,swap,notBad
8907,4,582.34,4,580.4900000000001,2opt,improve
8908,4,582.34,4,580.4900000000001,swap,notBad
8909,4,582.34,4,580.4900000000001,swap,notBad
8910,4,582.34,4,580.4900000000001,move,improve
8911,4,582.34,4,580.4900000000001,2opt,notBad
8912,4,582.34,4,580.4900000000001,swap,notBad
8913,4,582.34,4,580.4900000000001,swap,notBad
8914,4,582.34,4,580.4900000000001,swap,notBad
8915,4,582.34,4,580.4900000000001,move,improve
8916,4,582.34,4,580.4900000000001,swap,notBad
8917,4,582.34,4,580.4900000000001,move,improve
8918,4,582.34,4,580.4900000000001,swap,notBad
8919,4,582.34,4,580.4900000000001,2opt,notBad
8920,4,582.34,4,580.4900000000001,2opt,notBad
8921,4,581.74,4,580.4900000000001,move,improve
8922,4,581.74,4,580.4900000000001,swap,notBad
8923,4,581.74,4,580.4900000000001,swap,notBad
8924,4,581.74,4,580.4900000000001,2opt,notBad
8925,4,581.74,4,580.4900000000001,move,improve
8926,4,581.74,4,580.4900000000001,2opt,notBad
8927,4,581.74,4,580.4900000000001,swap,notBad
8928,4,581.74,4,580.4900000000001,2opt,notBad
8929,4,581.74,4,580.4900000000001,2opt,notBad
8930,4,581.74,4,580.4900000000001,move,improve
8931,4,581.74,4,580.4900000000001,2opt,notBad
8932,4,581.74,4,580.4900000000001,2opt,notBad
8933,4,581.74,4,580.4900000000001,2opt,notBad
8934,4,581.74,4,580.4900000000001,swap,notBad
8935,4,581.74,4,580.4900000000001,2opt,notBad
8936,4,581.74,4,580.4900000000001,swap,notBad
8937,4,581.74,4,580.4900000000001,2opt,notBad
8938,4,581.74,4,580.4900000000001,move,improve
8939,4,581.74,4,580.4900000000001,2opt,notBad
8940,4,581.74,4,580.4900000000001,2opt,notBad
8941,4,581.74,4,580.4900000000001,2opt,notBad
8942,4,581.74,4,580.4900000000001,move,improve
8943,4,581.74,4,580.4900000000001,2opt,notBad
8944,4,581.74,4,580.4900000000001,2opt,notBad
8945,4,581.74,4,580.4900000000001,move,improve
8946,4,581.74,4,580.4900000000001,swap,notBad
8947,4,581.74,4,580.4900000000001,2opt,notBad
8948,4,581.74,4,580.4900000000001,2opt,notBad
8949,4,581.74,4,580.4900000000001,2opt,notBad
8950,4,581.74,4,580.4900000000001,2opt,improve
8951,4,581.74,4,580.4900000000001,move,improve
8952,4,581.74,4,580.4900000000001,swap,notBad
8953,4,581.74,4,580.4900000000001,swap,notBad
8954,4,581.74,4,580.4900000000001,2opt,notBad
8955,4,581.74,4,580.4900000000001,swap,notBad
8956,4,581.74,4,580.4900000000001,move,improve
8957,4,581.74,4,580.4900000000001,swap,notBad
8958,4,581.74,4,580.4900000000001,move,improve
8959,4,581.74,4,580.4900000000001,swap,notBad
8960,4,581.74,4,580.4900000000001,2opt,notBad
8961,4,581.74,4,580.4900000000001,swap,notBad
8962,4,581.74,4,580.4900000000001,swap,notBad
8963,4,581.74,4,580.4900000000001,2opt,improve
8964,4,581.74,4,580.4900000000001,swap,notBad
8965,4,581.74,4,580.4900000000001,move,improve
8966,4,581.74,4,580.4900000000001,2opt,notBad
8967,4,581.74,4,580.4900000000001,swap,notBad
8968,4,581.74,4,580.4900000000001,swap,notBad
8969,4,581.74,4,580.4900000000001,swap,notBad
8970,4,581.74,4,580.4900000000001,move,improve
8971,4,581.74,4,580.4900000000001,swap,notBad
8972,4,581.74,4,580.4900000000001,swap,notBad
8973,4,581.74,4,580.4900000000001,2opt,notBad
8974,4,581.74,4,580.4900000000001,swap,notBad
8975,4,581.74,4,580.4900000000001,move,improve
8976,4,581.74,4,580.4900000000001,swap,notBad
8977,4,581.74,4,580.4900000000001,move,improve
8978,4,581.74,4,580.4900000000001,2opt,notBad
8979,4,581.74,4,580.4900000000001,move,improve
8980,4,581.74,4,580.4900000000001,swap,notBad
8981,4,581.74,4,580.4900000000001,swap,notBad
8982,4,581.74,4,580.4900000000001,swap,notBad
8983,4,581.74,4,580.4900000000001,2opt,notBad
8984,4,581.74,4,580.4900000000001,swap,notBad
8985,4,581.74,4,580.4900000000001,move,improve
8986,4,581.74,4,580.4900000000001,2opt,notBad
8987,4,581.74,4,580.4900000000001,move,improve
8988,4,581.74,4,580.4900000000001,move,improve
8989,4,581.74,4,580.4900000000001,move,improve
8990,4,581.74,4,580.4900000000001,swap,notBad
8991,4,581.74,4,580.4900000000001,2opt,notBad
8992,4,581.74,4,580.4900000000001,move,improve
8993,4,581.74,4,580.4900000000001,2opt,notBad
8994,4,581.74,4,580.4900000000001,2opt,notBad
8995,4,581.74,4,580.4900000000001,swap,notBad
8996,4,581.74,4,580.4900000000001,swap,notBad
8997,4,581.74,4,580.4900000000001,2opt,notBad
8998,4,581.74,4,580.4900000000001,move,improve
8999,4,581.74,4,580.4900000000001,swap,notBad
9000,4,581.74,4,580.4900000000001,swap,notBad
9001,4,581.74,4,580.4900000000001,swap,notBad
9002,4,581.74,4,580.4900000000001,move,improve
9003,4,581.74,4,580.4900000000001,2opt,notBad
9004,4,581.74,4,580.4900000000001,2opt,notBad
9005,4,581.74,4,580.4900000000001,move,improve
9006,4,581.74,4,580.4900000000001,swap,notBad
9007,4,581.74,4,580.4900000000001,2opt,notBad
9008,4,581.74,4,580.4900000000001,move,improve
9009,4,581.74,4,580.4900000000001,2opt,notBad
9010,4,581.74,4,580.4900000000001,move,improve
9011,4,581.74,4,580.4900000000001,move,improve
9012,4,581.74,4,580.4900000000001,move,improve
9013,4,581.74,4,580.4900000000001,2opt,notBad
9014,4,581.74,4,580.4900000000001,move,improve
9015,4,581.74,4,580.4900000000001,2opt,notBad
9016,4,581.74,4,580.4900000000001,move,improve
9017,4,581.74,4,580.4900000000001,swap,notBad
9018,4,581.74,4,580.4900000000001,move,improve
9019,4,581.74,4,580.4900000000001,swap,notBad
9020,4,581.74,4,580.4900000000001,move,improve
9021,4,581.74,4,580.4900000000001,swap,notBad
9022,4,581.74,4,580.4900000000001,swap,notBad
9023,4,581.74,4,580.4900000000001,swap,notBad
9024,4,581.74,4,580.4900000000001,2opt,notBad
9025,4,581.74,4,580.4900000000001,swap,notBad
9026,4,581.74,4,580.4900000000001,move,improve
9027,4,581.74,4,580.4900000000001,2opt,notBad
9028,4,581.74,4,580.4900000000001,2opt,notBad
9029,4,581.74,4,580.4900000000001,move,improve
9030,4,581.74,4,580.4900000000001,swap,notBad
9031,4,581.74,4,580.4900000000001,move,improve
9032,4,581.74,4,580.4900000000001,2opt,notBad
9033,4,581.74,4,580.4900000000001,move,improve
9034,4,581.74,4,580.4900000000001,move,improve
9035,4,582.34,4,580.4900000000001,move,acceptBad
9036,4,582.34,4,580.4900000000001,swap,notBad
9037,4,582.34,4,580.4900000000001,swap,notBad
9038,4,582.34,4,580.4900000000001,2opt,notBad
9039,4,582.34,4,580.4900000000001,2opt,notBad
9040,4,582.34,4,580.4900000000001,swap,notBad
9041,4,582.34,4,580.4900000000001,swap,notBad
9042,4,582.34,4,580.4900000000001,move,improve
9043,4,582.34,4,580.4900000000001,swap,notBad
9044,4,582.34,4,580.4900000000001,swap,notBad
9045,4,582.34,4,580.4900000000001,swap,notBad
9046,4,582.34,4,580.4900000000001,move,improve
9047,4,582.34,4,580.4900000000001,move,improve
9048,4,582.34,4,580.4900000000001,move,improve
9049,4,582.34,4,580.4900000000001,swap,notBad
9050,4,582.34,4,580.4900000000001,move,improve
9051,4,582.34,4,580.4900000000001,move,improve
9052,4,582.34,4,580.4900000000001,swap,notBad
9053,4,582.34,4,580.4900000000001,swap,notBad
9054,4,582.34,4,580.4900000000001,2opt,notBad
9055,4,582.34,4,580.4900000000001,move,improve
9056,4,582.34,4,580.4900000000001,move,improve
9057,4,582.34,4,580.4900000000001,move,improve
9058,4,582.34,4,580.4900000000001,swap,notBad
9059,4,582.34,4,580.4900000000001,swap,notBad
9060,4,582.34,4,580.4900000000001,swap,notBad
9061,4,582.34,4,580.4900000000001,move,improve
9062,4,582.34,4,580.4900000000001,swap,notBad
9063,4,582.34,4,580.4900000000001,move,improve
9064,4,582.34,4,580.4900000000001,2opt,notBad
9065,4,582.34,4,580.4900000000001,swap,notBad
9066,4,582.34,4,580.4900000000001,2opt,notBad
9067,4,582.34,4,580.4900000000001,swap,notBad
9068,4,582.34,4,580.4900000000001,swap,notBad
9069,4,582.34,4,580.4900000000001,swap,notBad
9070,4,582.34,4,580.4900000000001,swap,notBad
9071,4,582.34,4,580.4900000000001,2opt,notBad
9072,4,582.34,4,580.4900000000001,2opt,notBad
9073,4,582.34,4,580.4900000000001,swap,notBad
9074,4,582.34,4,580.4900000000001,move,improve
9075,4,582.34,4,580.4900000000001,move,improve
9076,4,582.34,4,580.4900000000001,move,improve
9077,4,582.34,4,580.4900000000001,swap,notBad
9078,4,582.34,4,580.4900000000001,2opt,notBad
9079,4,582.34,4,580.4900000000001,move,improve
9080,4,582.34,4,580.4900000000001,swap,notBad
9081,4,582.34,4,580.4900000000001,2opt,notBad
9082,4,582.34,4,580.4900000000001,swap,notBad
9083,4,582.34,4,580.4900000000001,swap,notBad
9084,4,582.34,4,580.4900000000001,swap,notBad
9085,4,582.34,4,580.4900000000001,move,improve
9086,4,582.34,4,580.4900000000001,2opt,notBad
9087,4,582.34,4,580.4900000000001,move,improve
9088,4,582.34,4,580.4900000000001,move,improve
9089,4,582.34,4,580.4900000000001,move,improve
9090,4,582.34,4,580.4900000000001,move,improve
9091,4,582.34,4,580.4900000000001,2opt,notBad
9092,4,582.34,4,580.4900000000001,2opt,notBad
9093,4,582.34,4,580.4900000000001,2opt,notBad
9094,4,582.34,4,580.4900000000001,swap,notBad
9095,4,582.34,4,580.4900000000001,2opt,notBad
9096,4,582.34,4,580.4900000000001,2opt,improve
9097,4,582.34,4,580.4900000000001,move,improve
9098,4,582.34,4,580.4900000000001,2opt,notBad
9099,4,582.34,4,580.4900000000001,2opt,notBad
9100,4,582.34,4,580.4900000000001,2opt,notBad
9101,4,582.34,4,580.4900000000001,swap,notBad
9102,4,582.34,4,580.4900000000001,move,improve
9103,4,582.34,4,580.4900000000001,swap,notBad
9104,4,582.34,4,580.4900000000001,move,improve
9105,4,582.34,4,580.4900000000001,2opt,notBad
9106,4,582.34,4,580.4900000000001,2opt,notBad
9107,4,582.34,4,580.4900000000001,swap,notBad
9108,4,582.34,4,580.4900000000001,2opt,notBad
9109,4,582.34,4,580.4900000000001,swap,notBad
9110,4,582.34,4,580.4900000000001,swap,notBad
9111,4,582.34,4,580.4900000000001,swap,notBad
9112,4,582.34,4,580.4900000000001,move,improve
9113,4,582.34,4,580.4900000000001,2opt,notBad
9114,4,582.34,4,580.4900000000001,2opt,notBad
9115,4,582.34,4,580.4900000000001,move,improve
9116,4,582.34,4,580.4900000000001,swap,notBad
9117,4,582.34,4,580.4900000000001,2opt,notBad
9118,4,582.34,4,580.4900000000001,2opt,improve
9119,4,582.34,4,580.4900000000001,move,improve
9120,4,582.34,4,580.4900000000001,2opt,notBad
9121,4,582.34,4,580.4900000000001,2opt,notBad
9122,4,582.34,4,580.4900000000001,move,improve
9123,4,582.34,4,580.4900000000001,2opt,notBad
9124,4,582.34,4,580.4900000000001,2opt,notBad
9125,4,582.34,4,580.4900000000001,move,improve
9126,4,582.34,4,580.4900000000001,move,improve
9127,4,582.34,4,580.4900000000001,swap,notBad
9128,4,582.34,4,580.4900000000001,swap,notBad
9129,4,582.34,4,580.4900000000001,2opt,notBad
9130,4,582.34,4,580.4900000000001,2opt,notBad
9131,4,582.34,4,580.4900000000001,2opt,improve
9132,4,582.34,4,580.4900000000001,swap,notBad
9133,4,582.34,4,580.4900000000001,move,improve
9134,4,582.34,4,580.4900000000001,2opt,notBad
9135,4,582.34,4,580.4900000000001,swap,notBad
9136,4,582.34,4,580.4900000000001,swap,notBad
9137,4,582.34,4,580.4900000000001,move,improve
9138,4,582.34,4,580.4900000000001,swap,notBad
9139,4,582.34,4,580.4900000000001,swap,notBad
9140,4,582.34,4,580.4900000000001,swap,notBad
9141,4,582.34,4,580.4900000000001,move,improve
9142,4,581.74,4,580.4900000000001,move,improve
9143,4,581.74,4,580.4900000000001,2opt,notBad
9144,4,581.74,4,580.4900000000001,2opt,notBad
9145,4,581.74,4,580.4900000000001,swap,notBad
9146,4,581.74,4,580.4900000000001,swap,notBad
9147,4,581.74,4,580.4900000000001,2opt,notBad
9148,4,581.74,4,580.4900000000001,move,improve
9149,4,581.74,4,580.4900000000001,swap,notBad
9150,4,581.74,4,580.4900000000001,swap,notBad
9151,4,581.74,4,580.4900000000001,2opt,notBad
9152,4,581.74,4,580.4900000000001,move,improve
9153,4,581.74,4,580.4900000000001,move,improve
9154,4,581.74,4,580.4900000000001,move,improve
9155,4,581.74,4,580.4900000000001,move,improve
9156,4,581.74,4,580.4900000000001,move,improve
9157,4,581.74,4,580.4900000000001,2opt,notBad
9158,4,581.74,4,580.4900000000001,move,improve
9159,4,581.74,4,580.4900000000001,swap,notBad
9160,4,581.74,4,580.4900000000001,swap,notBad
9161,4,581.74,4,580.4900000000001,swap,notBad
9162,4,581.74,4,580.4900000000001,move,improve
9163,4,581.74,4,580.4900000000001,swap,notBad
9164,4,581.74,4,580.4900000000001,swap,notBad
9165,4,581.74,4,580.4900000000001,move,improve
9166,4,581.74,4,580.4900000000001,move,improve
9167,4,581.74,4,580.4900000000001,swap,notBad
9168,4,581.74,4,580.4900000000001,2opt,notBad
9169,4,581.74,4,580.4900000000001,2opt,notBad
9170,4,581.74,4,580.4900000000001,move,improve
9171,4,581.74,4,580.4900000000001,2opt,notBad
9172,4,581.74,4,580.4900000000001,move,improve
9173,4,581.74,4,580.4900000000001,move,improve
9174,4,581.74,4,580.4900000000001,swap,notBad
9175,4,581.74,4,580.4900000000001,swap,notBad
9176,4,581.74,4,580.4900000000001,swap,notBad
9177,4,581.74,4,580.4900000000001,2opt,notBad
9178,4,581.74,4,580.4900000000001,move,improve
9179,4,581.74,4,580.4900000000001,move,improve
9180,4,581.74,4,580.4900000000001,swap,notBad
9181,4,581.74,4,580.4900000000001,swap,notBad
9182,4,581.74,4,580.4900000000001,2opt,notBad
9183,4,581.74,4,580.4900000000001,2opt,notBad
9184,4,581.74,4,580.4900000000001,swap,notBad
9185,4,581.74,4,580.4900000000001,move,improve
9186,4,581.74,4,580.4900000000001,2opt,notBad
9187,4,581.74,4,580.4900000000001,swap,notBad
9188,4,581.74,4,580.4900000000001,swap,notBad
9189,4,581.74,4,580.4900000000001,swap,notBad
9190,4,581.74,4,580.4900000000001,2opt,notBad
9191,4,581.74,4,580.4900000000001,move,improve
9192,4,581.74,4,580.4900000000001,2opt,notBad
9193,4,581.74,4,580.4900000000001,move,improve
9194,4,581.74,4,580.4900000000001,move,improve
9195,4,581.74,4,580.4900000000001,2opt,notBad
9196,4,581.74,4,580.4900000000001,move,improve
9197,4,581.74,4,580.4900000000001,2opt,notBad
9198,4,581.74,4,580.4900000000001,2opt,notBad
9199,4,581.74,4,580.4900000000001,2opt,notBad
9200,4,581.74,4,580.4900000000001,swap,notBad
9201,4,581.74,4,580.4900000000001,2opt,notBad
9202,4,581.74,4,580.4900000000001,move,improve
9203,4,581.74,4,580.4900000000001,move,improve
9204,4,581.74,4,580.4900000000001,move,improve
9205,4,581.74,4,580.4900000000001,swap,notBad
9206,4,581.74,4,580.4900000000001,2opt,notBad
9207,4,581.74,4,580.4900000000001,2opt,notBad
9208,4,581.74,4,580.4900000000001,swap,notBad
9209,4,581.74,4,580.4900000000001,2opt,notBad
9210,4,581.74,4,580.4900000000001,swap,notBad
9211,4,581.74,4,580.4900000000001,swap,notBad
9212,4,581.74,4,580.4900000000001,swap,notBad
9213,4,581.74,4,580.4900000000001,swap,notBad
9214,4,581.74,4,580.4900000000001,swap,notBad
9215,4,581.74,4,580.4900000000001,2opt,notBad
9216,4,581.74,4,580.4900000000001,move,improve
9217,4,581.74,4,580.4900000000001,swap,notBad
9218,4,581.74,4,580.4900000000001,2opt,notBad
9219,4,581.74,4,580.4900000000001,move,improve
9220,4,581.74,4,580.4900000000001,swap,notBad
9221,4,581.74,4,580.4900000000001,swap,notBad
9222,4,581.74,4,580.4900000000001,move,improve
9223,4,581.74,4,580.4900000000001,swap,notBad
9224,4,581.74,4,580.4900000000001,2opt,notBad
9225,4,581.74,4,580.4900000000001,swap,notBad
9226,4,581.74,4,580.4900000000001,swap,notBad
9227,4,581.74,4,580.4900000000001,move,improve
9228,4,581.74,4,580.4900000000001,move,improve
9229,4,581.74,4,580.4900000000001,move,improve
9230,4,581.74,4,580.4900000000001,swap,notBad
9231,4,581.74,4,580.4900000000001,move,improve
9232,4,581.74,4,580.4900000000001,swap,notBad
9233,4,581.74,4,580.4900000000001,2opt,notBad
9234,4,581.74,4,580.4900000000001,swap,notBad
9235,4,581.74,4,580.4900000000001,move,improve
9236,4,581.74,4,580.4900000000001,swap,notBad
9237,4,581.74,4,580.4900000000001,2opt,notBad
9238,4,582.34,4,580.4900000000001,move,acceptBad
9239,4,582.34,4,580.4900000000001,move,improve
9240,4,582.34,4,580.4900000000001,swap,notBad
9241,4,582.34,4,580.4900000000001,move,improve
9242,4,582.34,4,580.4900000000001,2opt,notBad
9243,4,582.34,4,580.4900000000001,2opt,notBad
9244,4,582.34,4,580.4900000000001,move,improve
9245,4,582.34,4,580.4900000000001,swap,notBad
9246,4,582.34,4,580.4900000000001,move,improve
9247,4,582.34,4,580.4900000000001,2opt,notBad
9248,4,582.34,4,580.4900000000001,2opt,notBad
9249,4,582.34,4,580.4900000000001,swap,notBad
9250,4,582.34,4,580.4900000000001,swap,notBad
9251,4,582.34,4,580.4900000000001,2opt,notBad
9252,4,581.74,4,580.4900000000001,move,improve
9253,4,581.74,4,580.4900000000001,2opt,notBad
9254,4,581.74,4,580.4900000000001,2opt,notBad
9255,4,581.74,4,580.4900000000001,swap,notBad
9256,4,581.74,4,580.4900000000001,2opt,notBad
9257,4,581.74,4,580.4900000000001,swap,notBad
9258,4,581.74,4,580.4900000000001,2opt,notBad
9259,4,581.74,4,580.4900000000001,move,improve
9260,4,581.74,4,580.4900000000001,swap,notBad
9261,4,581.74,4,580.4900000000001,2opt,notBad
9262,4,581.74,4,580.4900000000001,move,improve
9263,4,581.74,4,580.4900000000001,move,improve
9264,4,581.74,4,580.4900000000001,move,improve
9265,4,581.74,4,580.4900000000001,2opt,notBad
9266,4,582.64,4,580.4900000000001,swap,acceptBad
9267,4,582.64,4,580.4900000000001,2opt,notBad
9268,4,582.64,4,580.4900000000001,move,improve
9269,4,582.64,4,580.4900000000001,swap,notBad
9270,4,582.64,4,580.4900000000001,2opt,notBad
9271,4,582.64,4,580.4900000000001,swap,notBad
9272,4,582.64,4,580.4900000000001,2opt,notBad
9273,4,582.64,4,580.4900000000001,move,improve
9274,4,582.64,4,580.4900000000001,swap,notBad
9275,4,581.74,4,580.4900000000001,move,improve
9276,4,581.74,4,580.4900000000001,swap,notBad
9277,4,581.74,4,580.4900000000001,move,improve
9278,4,581.74,4,580.4900000000001,swap,notBad
9279,4,581.74,4,580.4900000000001,2opt,notBad
9280,4,581.74,4,580.4900000000001,swap,notBad
9281,4,581.74,4,580.4900000000001,move,improve
9282,4,581.74,4,580.4900000000001,move,improve
9283,4,581.74,4,580.4900000000001,move,improve
9284,4,581.74,4,580.4900000000001,2opt,notBad
9285,4,581.74,4,580.4900000000001,move,improve
9286,4,581.74,4,580.4900000000001,2opt,notBad
9287,4,581.74,4,580.4900000000001,swap,notBad
9288,4,581.74,4,580.4900000000001,2opt,notBad
9289,4,581.74,4,580.4900000000001,swap,notBad
9290,4,581.74,4,580.4900000000001,2opt,notBad
9291,4,581.74,4,580.4900000000001,move,improve
9292,4,581.74,4,580.4900000000001,swap,notBad
9293,4,581.74,4,580.4900000000001,move,improve
9294,4,581.74,4,580.4900000000001,move,improve
9295,4,581.74,4,580.4900000000001,2opt,notBad
9296,4,581.74,4,580.4900000000001,2opt,notBad
9297,4,581.74,4,580.4900000000001,swap,notBad
9298,4,581.74,4,580.4900000000001,2opt,notBad
9299,4,581.74,4,580.4900000000001,swap,notBad
9300,4,581.74,4,580.4900000000001,swap,notBad
9301,4,581.74,4,580.4900000000001,move,improve
9302,4,581.74,4,580.4900000000001,swap,notBad
9303,4,581.74,4,580.4900000000001,move,improve
9304,4,581.74,4,580.4900000000001,2opt,notBad
9305,4,581.74,4,580.4900000000001,2opt,notBad
9306,4,581.74,4,580.4900000000001,swap,notBad
9307,4,581.74,4,580.4900000000001,2opt,notBad
9308,4,581.74,4,580.4900000000001,2opt,notBad
9309,4,581.74,4,580.4900000000001,swap,notBad
9310,4,581.74,4,580.4900000000001,2opt,notBad
9311,4,581.74,4,580.4900000000001,move,improve
9312,4,582.34,4,580.4900000000001,move,acceptBad
9313,4,582.34,4,580.4900000000001,2opt,notBad
9314,4,582.34,4,580.4900000000001,2opt,notBad
9315,4,582.34,4,580.4900000000001,move,improve
9316,4,582.34,4,580.4900000000001,move,improve
9317,4,582.34,4,580.4900000000001,move,improve
9318,4,582.34,4,580.4900000000001,2opt,improve
9319,4,582.34,4,580.4900000000001,2opt,notBad
9320,4,582.34,4,580.4900000000001,move,improve
9321,4,582.34,4,580.4900000000001,swap,notBad
9322,4,582.34,4,580.4900000000001,2opt,notBad
9323,4,582.34,4,580.4900000000001,2opt,notBad
9324,4,582.34,4,580.4900000000001,swap,notBad
9325,4,582.34,4,580.4900000000001,move,improve
9326,4,582.34,4,580.4900000000001,move,improve
9327,4,582.34,4,580.4900000000001,2opt,notBad
9328,4,582.34,4,580.4900000000001,move,improve
9329,4,582.34,4,580.4900000000001,swap,notBad
9330,4,582.34,4,580.4900000000001,2opt,notBad
9331,4,582.34,4,580.4900000000001,move,improve
9332,4,582.34,4,580.4900000000001,2opt,notBad
9333,4,582.34,4,580.4900000000001,swap,notBad
9334,4,582.34,4,580.4900000000001,2opt,notBad
9335,4,582.34,4,580.4900000000001,move,improve
9336,4,582.34,4,580.4900000000001,swap,notBad
9337,4,582.34,4,580.4900000000001,move,improve
9338,4,582.34,4,580.4900000000001,move,improve
9339,4,582.34,4,580.4900000000001,2opt,notBad
9340,4,582.34,4,580.4900000000001,2opt,notBad
9341,4,582.34,4,580.4900000000001,swap,notBad
9342,4,582.34,4,580.4900000000001,2opt,notBad
9343,4,582.34,4,580.4900000000001,move,improve
9344,4,582.34,4,580.4900000000001,2opt,notBad
9345,4,582.34,4,580.4900000000001,2opt,notBad
9346,4,582.34,4,580.4900000000001,swap,notBad
9347,4,582.34,4,580.4900000000001,move,improve
9348,4,582.34,4,580.4900000000001,swap,notBad
9349,4,582.34,4,580.4900000000001,2opt,improve
9350,4,582.34,4,580.4900000000001,2opt,notBad
9351,4,582.34,4,580.4900000000001,swap,notBad
9352,4,582.34,4,580.4900000000001,swap,notBad
9353,4,582.34,4,580.4900000000001,move,improve
9354,4,582.34,4,580.4900000000001,2opt,notBad
9355,4,582.34,4,580.4900000000001,move,improve
9356,4,582.34,4,580.4900000000001,swap,notBad
9357,4,582.34,4,580.4900000000001,move,improve
9358,4,582.34,4,580.4900000000001,2opt,notBad
9359,4,582.34,4,580.4900000000001,swap,notBad
9360,4,582.34,4,580.4900000000001,2opt,notBad
9361,4,582.34,4,580.4900000000001,2opt,notBad
9362,4,582.34,4,580.4900000000001,swap,notBad
9363,4,582.34,4,580.4900000000001,move,improve
9364,4,582.34,4,580.4900000000001,swap,notBad
9365,4,582.34,4,580.4900000000001,move,improve
9366,4,582.34,4,580.4900000000001,move,improve
9367,4,582.34,4,580.4900000000001,move,improve
9368,4,582.34,4,580.4900000000001,move,improve
9369,4,582.34,4,580.4900000000001,swap,notBad
9370,4,582.34,4,580.4900000000001,move,improve
9371,4,582.34,4,580.4900000000001,move,improve
9372,4,582.34,4,580.4900000000001,2opt,notBad
9373,4,582.34,4,580.4900000000001,swap,notBad
9374,4,582.34,4,580.4900000000001,2opt,notBad
9375,4,582.34,4,580.4900000000001,swap,notBad
9376,4,582.34,4,580.4900000000001,move,improve
9377,4,582.34,4,580.4900000000001,move,improve
9378,4,582.34,4,580.4900000000001,move,improve
9379,4,582.34,4,580.4900000000001,swap,notBad
9380,4,582.34,4,580.4900000000001,2opt,notBad
9381,4,582.34,4,580.4900000000001,move,improve
9382,4,582.34,4,580.4900000000001,swap,notBad
9383,4,582.34,4,580.4900000000001,2opt,notBad
9384,4,582.34,4,580.4900000000001,move,improve
9385,4,582.34,4,580.4900000000001,swap,notBad
9386,4,583.3599999999999,4,580.4900000000001,swap,acceptBad
9387,4,583.3599999999999,4,580.4900000000001,swap,notBad
9388,4,583.3599999999999,4,580.4900000000001,move,improve
9389,4,583.3599999999999,4,580.4900000000001,move,improve
9390,4,583.3599999999999,4,580.4900000000001,swap,notBad
9391,4,583.3599999999999,4,580.4900000000001,2opt,notBad
9392,4,583.3599999999999,4,580.4900000000001,2opt,notBad
9393,4,583.3599999999999,4,580.4900000000001,2opt,notBad
9394,4,583.3599999999999,4,580.4900000000001,2opt,notBad
9395,4,583.3599999999999,4,580.4900000000001,move,improve
9396,4,583.3599999999999,4,580.4900000000001,swap,notBad
9397,4,583.3599999999999,4,580.4900000000001,2opt,notBad
9398,4,583.3599999999999,4,580.4900000000001,move,improve
9399,4,583.3599999999999,4,580.4900000000001,move,improve
9400,4,583.3599999999999,4,580.4900000000001,2opt,notBad
9401,4,583.3599999999999,4,580.4900000000001,2opt,notBad
9402,4,583.3599999999999,4,580.4900000000001,swap,notBad
9403,4,583.3599999999999,4,580.4900000000001,2opt,notBad
9404,4,583.3599999999999,4,580.4900000000001,move,improve
9405,4,583.3599999999999,4,580.4900000000001,move,improve
9406,4,583.3599999999999,4,580.4900000000001,2opt,notBad
9407,4,583.3599999999999,4,580.4900000000001,swap,notBad
9408,4,583.3599999999999,4,580.4900000000001,swap,notBad
9409,4,583.3599999999999,4,580.4900000000001,swap,notBad
9410,4,583.3599999999999,4,580.4900000000001,move,improve
9411,4,583.3599999999999,4,580.4900000000001,swap,notBad
9412,4,583.3599999999999,4,580.4900000000001,swap,notBad
9413,4,583.3599999999999,4,580.4900000000001,2opt,notBad
9414,4,583.3599999999999,4,580.4900000000001,swap,notBad
9415,4,583.3599999999999,4,580.4900000000001,move,improve
9416,4,583.3599999999999,4,580.4900000000001,swap,notBad
9417,4,583.3599999999999,4,580.4900000000001,swap,notBad
9418,4,583.3599999999999,4,580.4900000000001,move,improve
9419,4,583.3599999999999,4,580.4900000000001,move,improve
9420,4,583.3599999999999,4,580.4900000000001,2opt,notBad
9421,4,583.3599999999999,4,580.4900000000001,move,improve
9422,4,583.3599999999999,4,580.4900000000001,move,improve
9423,4,583.3599999999999,4,580.4900000000001,2opt,notBad
9424,4,583.3599999999999,4,580.4900000000001,swap,notBad
9425,4,583.3599999999999,4,580.4900000000001,2opt,notBad
9426,4,583.3599999999999,4,580.4900000000001,2opt,notBad
9427,4,583.3599999999999,4,580.4900000000001,swap,notBad
9428,4,583.3599999999999,4,580.4900000000001,2opt,notBad
9429,4,583.3599999999999,4,580.4900000000001,swap,notBad
9430,4,583.3599999999999,4,580.4900000000001,swap,notBad
9431,4,583.3599999999999,4,580.4900000000001,swap,notBad
9432,4,583.3599999999999,4,580.4900000000001,swap,notBad
9433,4,583.3599999999999,4,580.4900000000001,2opt,notBad
9434,4,583.3599999999999,4,580.4900000000001,move,improve
9435,4,583.3599999999999,4,580.4900000000001,swap,notBad
9436,4,583.3599999999999,4,580.4900000000001,swap,notBad
9437,4,583.3599999999999,4,580.4900000000001,move,improve
9438,4,583.3599999999999,4,580.4900000000001,swap,notBad
9439,4,583.3599999999999,4,580.4900000000001,2opt,notBad
9440,4,583.3599999999999,4,580.4900000000001,swap,notBad
9441,4,583.3599999999999,4,580.4900000000001,swap,notBad
9442,4,583.3599999999999,4,580.4900000000001,swap,notBad
9443,4,583.3599999999999,4,580.4900000000001,2opt,notBad
9444,4,583.3599999999999,4,580.4900000000001,swap,notBad
9445,4,583.3599999999999,4,580.4900000000001,swap,notBad
9446,4,583.3599999999999,4,580.4900000000001,swap,notBad
9447,4,583.3599999999999,4,580.4900000000001,move,improve
9448,4,583.3599999999999,4,580.4900000000001,2opt,notBad
9449,4,583.3599999999999,4,580.4900000000001,swap,notBad
9450,4,583.3599999999999,4,580.4900000000001,move,improve
9451,4,583.3599999999999,4,580.4900000000001,swap,notBad
9452,4,583.3599999999999,4,580.4900000000001,move,improve
9453,4,583.3599999999999,4,580.4900000000001,2opt,notBad
9454,4,583.3599999999999,4,580.4900000000001,2opt,notBad
9455,4,583.3599999999999,4,580.4900000000001,move,improve
9456,4,583.3599999999999,4,580.4900000000001,2opt,notBad
9457,4,583.3599999999999,4,580.4900000000001,swap,notBad
9458,4,583.3599999999999,4,580.4900000000001,move,improve
9459,4,583.3599999999999,4,580.4900000000001,swap,notBad
9460,4,583.3599999999999,4,580.4900000000001,2opt,notBad
9461,4,583.3599999999999,4,580.4900000000001,swap,notBad
9462,4,583.3599999999999,4,580.4900000000001,swap,notBad
9463,4,583.3599999999999,4,580.4900000000001,swap,notBad
9464,4,583.3599999999999,4,580.4900000000001,move,improve
9465,4,583.3599999999999,4,580.4900000000001,move,improve
9466,4,583.3599999999999,4,580.4900000000001,move,improve
9467,4,583.3599999999999,4,580.4900000000001,move,improve
9468,4,583.3599999999999,4,580.4900000000001,swap,notBad
9469,4,583.3599999999999,4,580.4900000000001,swap,notBad
9470,4,583.3599999999999,4,580.4900000000001,2opt,notBad
9471,4,583.3599999999999,4,580.4900000000001,swap,notBad
9472,4,583.3599999999999,4,580.4900000000001,2opt,improve
9473,4,583.3599999999999,4,580.4900000000001,2opt,notBad
9474,4,583.3599999999999,4,580.4900000000001,swap,notBad
9475,4,583.3599999999999,4,580.4900000000001,swap,notBad
9476,4,583.3599999999999,4,580.4900000000001,move,improve
9477,4,583.3599999999999,4,580.4900000000001,swap,notBad
9478,4,583.3599999999999,4,580.4900000000001,2opt,improve
9479,4,583.3599999999999,4,580.4900000000001,swap,notBad
9480,4,583.3599999999999,4,580.4900000000001,2opt,notBad
9481,4,583.3599999999999,4,580.4900000000001,move,improve
9482,4,583.3599999999999,4,580.4900000000001,move,improve
9483,4,583.3599999999999,4,580.4900000000001,2opt,notBad
9484,4,583.3599999999999,4,580.4900000000001,2opt,improve
9485,4,583.3599999999999,4,580.4900000000001,move,improve
9486,4,583.3599999999999,4,580.4900000000001,move,improve
9487,4,583.3599999999999,4,580.4900000000001,2opt,notBad
9488,4,583.3599999999999,4,580.4900000000001,swap,notBad
9489,4,583.3599999999999,4,580.4900000000001,2opt,notBad
9490,4,582.7599999999999,4,580.4900000000001,move,improve
9491,4,582.7599999999999,4,580.4900000000001,swap,notBad
9492,4,582.7599999999999,4,580.4900000000001,swap,notBad
9493,4,582.7599999999999,4,580.4900000000001,2opt,notBad
9494,4,582.7599999999999,4,580.4900000000001,2opt,notBad
9495,4,582.7599999999999,4,580.4900000000001,move,improve
9496,4,582.7599999999999,4,580.4900000000001,move,improve
9497,4,582.7599999999999,4,580.4900000000001,swap,notBad
9498,4,582.7599999999999,4,580.4900000000001,swap,notBad
9499,4,582.7599999999999,4,580.4900000000001,2opt,notBad
9500,4,582.7599999999999,4,580.4900000000001,move,improve
9501,4,582.7599999999999,4,580.4900000000001,2opt,notBad
9502,4,582.7599999999999,4,580.4900000000001,move,improve
9503,4,582.7599999999999,4,580.4900000000001,move,improve
9504,4,582.7599999999999,4,580.4900000000001,2opt,improve
9505,4,582.7599999999999,4,580.4900000000001,move,improve
9506,4,582.7599999999999,4,580.4900000000001,move,improve
9507,4,582.7599999999999,4,580.4900000000001,2opt,notBad
9508,4,582.7599999999999,4,580.4900000000001,2opt,notBad
9509,4,582.7599999999999,4,580.4900000000001,move,improve
9510,4,582.7599999999999,4,580.4900000000001,2opt,notBad
9511,4,582.7599999999999,4,580.4900000000001,swap,notBad
9512,4,582.7599999999999,4,580.4900000000001,swap,notBad
9513,4,583.3599999999999,4,580.4900000000001,move,acceptBad
9514,4,583.3599999999999,4,580.4900000000001,move,improve
9515,4,583.3599999999999,4,580.4900000000001,move,improve
9516,4,583.3599999999999,4,580.4900000000001,2opt,notBad
9517,4,583.3599999999999,4,580.4900000000001,2opt,notBad
9518,4,583.3599999999999,4,580.4900000000001,move,improve
9519,4,583.3599999999999,4,580.4900000000001,2opt,notBad
9520,4,583.3599999999999,4,580.4900000000001,swap,notBad
9521,4,583.3599999999999,4,580.4900000000001,2opt,notBad
9522,4,583.3599999999999,4,580.4900000000001,2opt,notBad
9523,4,583.3599999999999,4,580.4900000000001,move,improve
9524,4,583.3599999999999,4,580.4900000000001,2opt,notBad
9525,4,583.3599999999999,4,580.4900000000001,move,improve
9526,4,583.3599999999999,4,580.4900000000001,2opt,improve
9527,4,583.3599999999999,4,580.4900000000001,swap,notBad
9528,4,583.3599999999999,4,580.4900000000001,2opt,notBad
9529,4,583.3599999999999,4,580.4900000000001,2opt,notBad
9530,4,583.3599999999999,4,580.4900000000001,move,improve
9531,4,583.3599999999999,4,580.4900000000001,2opt,improve
9532,4,583.3599999999999,4,580.4900000000001,swap,notBad
9533,4,583.3599999999999,4,580.4900000000001,2opt,notBad
9534,4,583.3599999999999,4,580.4900000000001,2opt,improve
9535,4,583.3599999999999,4,580.4900000000001,move,improve
9536,4,583.3599999999999,4,580.4900000000001,2opt,notBad
9537,4,583.3599999999999,4,580.4900000000001,move,improve
9538,4,583.3599999999999,4,580.4900000000001,swap,notBad
9539,4,583.3599999999999,4,580.4900000000001,2opt,improve
9540,4,583.3599999999999,4,580.4900000000001,move,improve
9541,4,583.3599999999999,4,580.4900000000001,2opt,notBad
9542,4,583.3599999999999,4,580.4900000000001,2opt,notBad
9543,4,583.3599999999999,4,580.4900000000001,move,improve
9544,4,583.3599999999999,4,580.4900000000001,swap,notBad
9545,4,583.3599999999999,4,580.4900000000001,swap,notBad
9546,4,583.3599999999999,4,580.4900000000001,move,improve
9547,4,583.3599999999999,4,580.4900000000001,move,improve
9548,4,583.3599999999999,4,580.4900000000001,2opt,notBad
9549,4,583.3599999999999,4,580.4900000000001,move,improve
9550,4,583.3599999999999,4,580.4900000000001,move,improve
9551,4,583.3599999999999,4,580.4900000000001,swap,notBad
9552,4,583.3599999999999,4,580.4900000000001,move,improve
9553,4,583.3599999999999,4,580.4900000000001,swap,notBad
9554,4,583.3599999999999,4,580.4900000000001,swap,notBad
9555,4,583.3599999999999,4,580.4900000000001,swap,notBad
9556,4,583.3599999999999,4,580.4900000000001,swap,notBad
9557,4,583.3599999999999,4,580.4900000000001,2opt,notBad
9558,4,583.3599999999999,4,580.4900000000001,swap,notBad
9559,4,583.3599999999999,4,580.4900000000001,move,improve
9560,4,583.3599999999999,4,580.4900000000001,move,improve
9561,4,583.3599999999999,4,580.4900000000001,2opt,notBad
9562,4,583.3599999999999,4,580.4900000000001,swap,notBad
9563,4,583.3599999999999,4,580.4900000000001,2opt,notBad
9564,4,583.3599999999999,4,580.4900000000001,2opt,notBad
9565,4,583.3599999999999,4,580.4900000000001,move,improve
9566,4,583.3599999999999,4,580.4900000000001,move,improve
9567,4,583.3599999999999,4,580.4900000000001,swap,notBad
9568,4,583.3599999999999,4,580.4900000000001,swap,notBad
9569,4,583.3599999999999,4,580.4900000000001,swap,notBad
9570,4,583.3599999999999,4,580.4900000000001,move,improve
9571,4,583.3599999999999,4,580.4900000000001,2opt,notBad
9572,4,583.3599999999999,4,580.4900000000001,swap,notBad
9573,4,583.3599999999999,4,580.4900000000001,2opt,notBad
9574,4,583.3599999999999,4,580.4900000000001,swap,notBad
9575,4,583.3599999999999,4,580.4900000000001,2opt,notBad
9576,4,583.3599999999999,4,580.4900000000001,swap,notBad
9577,4,583.3599999999999,4,580.4900000000001,2opt,notBad
9578,4,583.3599999999999,4,580.4900000000001,move,improve
9579,4,583.3599999999999,4,580.4900000000001,swap,notBad
9580,4,583.3599999999999,4,580.4900000000001,2opt,notBad
9581,4,583.3599999999999,4,580.4900000000001,swap,notBad
9582,4,583.3599999999999,4,580.4900000000001,swap,notBad
9583,4,583.3599999999999,4,580.4900000000001,swap,notBad
9584,4,583.3599999999999,4,580.4900000000001,move,improve
9585,4,583.3599999999999,4,580.4900000000001,2opt,notBad
9586,4,583.3599999999999,4,580.4900000000001,swap,notBad
9587,4,583.3599999999999,4,580.4900000000001,swap,notBad
9588,4,583.3599999999999,4,580.4900000000001,2opt,notBad
9589,4,583.3599999999999,4,580.4900000000001,move,improve
9590,4,583.3599999999999,4,580.4900000000001,swap,notBad
9591,4,582.34,4,580.4900000000001,move,improve
9592,4,582.34,4,580.4900000000001,move,improve
9593,4,582.34,4,580.4900000000001,move,improve
9594,4,582.34,4,580.4900000000001,move,improve
9595,4,582.34,4,580.4900000000001,swap,notBad
9596,4,582.34,4,580.4900000000001,2opt,notBad
9597,4,582.34,4,580.4900000000001,swap,notBad
9598,4,582.34,4,580.4900000000001,move,improve
9599,4,582.34,4,580.4900000000001,2opt,notBad
9600,4,582.34,4,580.4900000000001,move,improve
9601,4,582.34,4,580.4900000000001,2opt,notBad
9602,4,582.34,4,580.4900000000001,move,improve
9603,4,582.34,4,580.4900000000001,swap,notBad
9604,4,582.34,4,580.4900000000001,swap,notBad
9605,4,582.34,4,580.4900000000001,2opt,notBad
9606,4,582.34,4,580.4900000000001,2opt,notBad
9607,4,582.34,4,580.4900000000001,swap,notBad
9608,4,582.34,4,580.4900000000001,move,improve
9609,4,582.34,4,580.4900000000001,swap,notBad
9610,4,582.34,4,580.4900000000001,move,improve
9611,4,582.34,4,580.4900000000001,swap,notBad
9612,4,582.34,4,580.4900000000001,swap,notBad
9613,4,582.34,4,580.4900000000001,swap,notBad
9614,4,582.34,4,580.4900000000001,2opt,notBad
9615,4,582.34,4,580.4900000000001,swap,notBad
9616,4,582.34,4,580.4900000000001,swap,notBad
9617,4,582.34,4,580.4900000000001,2opt,notBad
9618,4,582.34,4,580.4900000000001,2opt,notBad
9619,4,582.34,4,580.4900000000001,2opt,notBad
9620,4,582.34,4,580.4900000000001,2opt,notBad
9621,4,582.34,4,580.4900000000001,2opt,notBad
9622,4,582.34,4,580.4900000000001,2opt,notBad
9623,4,582.34,4,580.4900000000001,swap,notBad
9624,4,582.34,4,580.4900000000001,move,improve
9625,4,582.34,4,580.4900000000001,swap,notBad
9626,4,582.34,4,580.4900000000001,2opt,notBad
9627,4,582.34,4,580.4900000000001,swap,notBad
9628,4,582.34,4,580.4900000000001,swap,notBad
9629,4,582.34,4,580.4900000000001,2opt,notBad
9630,4,582.34,4,580.4900000000001,2opt,notBad
9631,4,582.34,4,580.4900000000001,2opt,notBad
9632,4,582.34,4,580.4900000000001,swap,notBad
9633,4,582.34,4,580.4900000000001,move,improve
9634,4,582.34,4,580.4900000000001,swap,notBad
9635,4,582.34,4,580.4900000000001,move,improve
9636,4,582.34,4,580.4900000000001,swap,notBad
9637,4,582.34,4,580.4900000000001,move,improve
9638,4,582.34,4,580.4900000000001,swap,notBad
9639,4,582.34,4,580.4900000000001,2opt,notBad
9640,4,582.34,4,580.4900000000001,2opt,notBad
9641,4,582.34,4,580.4900000000001,2opt,improve
9642,4,582.34,4,580.4900000000001,2opt,notBad
9643,4,582.34,4,580.4900000000001,2opt,notBad
9644,4,582.34,4,580.4900000000001,2opt,notBad
9645,4,582.34,4,580.4900000000001,2opt,notBad
9646,4,582.34,4,580.4900000000001,2opt,notBad
9647,4,582.34,4,580.4900000000001,swap,notBad
9648,4,582.34,4,580.4900000000001,move,improve
9649,4,582.34,4,580.4900000000001,move,improve
9650,4,582.34,4,580.4900000000001,move,improve
9651,4,582.34,4,580.4900000000001,swap,notBad
9652,4,582.34,4,580.4900000000001,2opt,notBad
9653,4,582.34,4,580.4900000000001,swap,notBad
9654,4,581.74,4,580.4900000000001,move,improve
9655,4,581.74,4,580.4900000000001,2opt,notBad
9656,4,581.74,4,580.4900000000001,2opt,notBad
9657,4,581.74,4,580.4900000000001,swap,notBad
9658,4,581.74,4,580.4900000000001,move,improve
9659,4,581.74,4,580.4900000000001,move,improve
9660,4,581.74,4,580.4900000000001,swap,notBad
9661,4,581.74,4,580.4900000000001,2opt,notBad
9662,4,581.74,4,580.4900000000001,2opt,notBad
9663,4,581.74,4,580.4900000000001,swap,notBad
9664,4,581.74,4,580.4900000000001,2opt,notBad
9665,4,581.74,4,580.4900000000001,swap,notBad
9666,4,581.74,4,580.4900000000001,swap,notBad
9667,4,581.74,4,580.4900000000001,2opt,notBad
9668,4,581.74,4,580.4900000000001,swap,notBad
9669,4,581.74,4,580.4900000000001,move,improve
9670,4,581.74,4,580.4900000000001,swap,notBad
9671,4,581.74,4,580.4900000000001,swap,notBad
9672,4,582.34,4,580.4900000000001,move,acceptBad
9673,4,582.34,4,580.4900000000001,move,improve
9674,4,582.34,4,580.4900000000001,move,improve
9675,4,582.34,4,580.4900000000001,2opt,notBad
9676,4,582.34,4,580.4900000000001,move,improve
9677,4,582.34,4,580.4900000000001,swap,notBad
9678,4,582.34,4,580.4900000000001,move,improve
9679,4,582.34,4,580.4900000000001,2opt,notBad
9680,4,582.34,4,580.4900000000001,2opt,notBad
9681,4,582.34,4,580.4900000000001,2opt,improve
9682,4,582.34,4,580.4900000000001,2opt,notBad
9683,4,582.34,4,580.4900000000001,2opt,notBad
9684,4,582.34,4,580.4900000000001,move,improve
9685,4,582.34,4,580.4900000000001,swap,notBad
9686,4,582.34,4,580.4900000000001,move,improve
9687,4,582.34,4,580.4900000000001,2opt,notBad
9688,4,582.34,4,580.4900000000001,swap,notBad
9689,4,582.34,4,580.4900000000001,swap,notBad
9690,4,582.34,4,580.4900000000001,swap,notBad
9691,4,582.34,4,580.4900000000001,2opt,notBad
9692,4,582.34,4,580.4900000000001,2opt,notBad
9693,4,582.34,4,580.4900000000001,move,improve
9694,4,582.34,4,580.4900000000001,swap,notBad
9695,4,582.34,4,580.4900000000001,2opt,notBad
9696,4,582.34,4,580.4900000000001,swap,notBad
9697,4,582.34,4,580.4900000000001,swap,notBad
9698,4,582.34,4,580.4900000000001,swap,notBad
9699,4,582.34,4,580.4900000000001,2opt,notBad
9700,4,582.34,4,580.4900000000001,swap,notBad
9701,4,582.34,4,580.4900000000001,move,improve
9702,4,582.34,4,580.4900000000001,move,improve
9703,4,582.34,4,580.4900000000001,swap,notBad
9704,4,582.34,4,580.4900000000001,2opt,notBad
9705,4,582.34,4,580.4900000000001,move,improve
9706,4,582.34,4,580.4900000000001,2opt,notBad
9707,4,582.34,4,580.4900000000001,2opt,notBad
9708,4,582.34,4,580.4900000000001,move,improve
9709,4,582.34,4,580.4900000000001,swap,notBad
9710,4,582.34,4,580.4900000000001,2opt,notBad
9711,4,582.34,4,580.4900000000001,2opt,notBad
9712,4,582.34,4,580.4900000000001,swap,notBad
9713,4,582.34,4,580.4900000000001,2opt,improve
9714,4,582.34,4,580.4900000000001,move,improve
9715,4,582.34,4,580.4900000000001,2opt,notBad
9716,4,582.34,4,580.4900000000001,2opt,improve
9717,4,582.34,4,580.4900000000001,move,improve
9718,4,582.34,4,580.4900000000001,swap,notBad
9719,4,582.34,4,580.4900000000001,move,improve
9720,4,582.34,4,580.4900000000001,2opt,notBad
9721,4,582.34,4,580.4900000000001,2opt,notBad
9722,4,582.34,4,580.4900000000001,move,improve
9723,4,582.34,4,580.4900000000001,move,improve
9724,4,582.34,4,580.4900000000001,swap,notBad
9725,4,582.34,4,580.4900000000001,move,improve
9726,4,581.74,4,580.4900000000001,move,improve
9727,4,581.74,4,580.4900000000001,swap,notBad
9728,4,581.74,4,580.4900000000001,swap,notBad
9729,4,581.74,4,580.4900000000001,swap,notBad
9730,4,581.74,4,580.4900000000001,swap,notBad
9731,4,581.74,4,580.4900000000001,2opt,notBad
9732,4,581.74,4,580.4900000000001,move,improve
9733,4,581.74,4,580.4900000000001,move,improve
9734,4,581.74,4,580.4900000000001,2opt,notBad
9735,4,581.74,4,580.4900000000001,move,improve
9736,4,581.74,4,580.4900000000001,swap,notBad
9737,4,581.74,4,580.4900000000001,swap,notBad
9738,4,581.74,4,580.4900000000001,move,improve
9739,4,581.74,4,580.4900000000001,move,improve
9740,4,581.74,4,580.4900000000001,move,improve
9741,4,581.74,4,580.4900000000001,2opt,notBad
9742,4,581.74,4,580.4900000000001,2opt,notBad
9743,4,582.34,4,580.4900000000001,move,acceptBad
9744,4,582.34,4,580.4900000000001,move,improve
9745,4,582.34,4,580.4900000000001,swap,notBad
9746,4,582.34,4,580.4900000000001,swap,notBad
9747,4,582.34,4,580.4900000000001,2opt,notBad
9748,4,582.34,4,580.4900000000001,swap,notBad
9749,4,582.34,4,580.4900000000001,swap,notBad
9750,4,582.34,4,580.4900000000001,move,improve
9751,4,582.34,4,580.4900000000001,swap,notBad
9752,4,581.74,4,580.4900000000001,move,improve
9753,4,581.74,4,580.4900000000001,move,improve
9754,4,581.74,4,580.4900000000001,swap,notBad
9755,4,581.74,4,580.4900000000001,swap,notBad
9756,4,581.74,4,580.4900000000001,move,improve
9757,4,581.74,4,580.4900000000001,move,improve
9758,4,581.74,4,580.4900000000001,2opt,notBad
9759,4,581.74,4,580.4900000000001,move,improve
9760,4,581.74,4,580.4900000000001,swap,notBad
9761,4,581.74,4,580.4900000000001,swap,notBad
9762,4,581.74,4,580.4900000000001,move,improve
9763,4,581.74,4,580.4900000000001,2opt,notBad
9764,4,581.74,4,580.4900000000001,move,improve
9765,4,581.74,4,580.4900000000001,move,improve
9766,4,581.74,4,580.4900000000001,2opt,notBad
9767,4,581.74,4,580.4900000000001,swap,notBad
9768,4,581.74,4,580.4900000000001,2opt,notBad
9769,4,581.74,4,580.4900000000001,move,improve
9770,4,581.74,4,580.4900000000001,swap,notBad
9771,4,581.74,4,580.4900000000001,move,improve
9772,4,581.74,4,580.4900000000001,move,improve
9773,4,581.74,4,580.4900000000001,move,improve
9774,4,581.74,4,580.4900000000001,move,improve
9775,4,581.74,4,580.4900000000001,swap,notBad
9776,4,581.74,4,580.4900000000001,swap,notBad
9777,4,581.74,4,580.4900000000001,move,improve
9778,4,581.74,4,580.4900000000001,swap,notBad
9779,4,581.74,4,580.4900000000001,swap,notBad
9780,4,581.74,4,580.4900000000001,move,improve
9781,4,581.74,4,580.4900000000001,2opt,notBad
9782,4,581.74,4,580.4900000000001,2opt,notBad
9783,4,581.74,4,580.4900000000001,swap,notBad
9784,4,581.74,4,580.4900000000001,swap,notBad
9785,4,581.74,4,580.4900000000001,swap,notBad
9786,4,581.74,4,580.4900000000001,move,improve
9787,4,581.74,4,580.4900000000001,2opt,notBad
9788,4,581.74,4,580.4900000000001,move,improve
9789,4,581.74,4,580.4900000000001,2opt,notBad
9790,4,581.74,4,580.4900000000001,swap,notBad
9791,4,581.74,4,580.4900000000001,swap,notBad
9792,4,581.74,4,580.4900000000001,2opt,notBad
9793,4,581.74,4,580.4900000000001,swap,notBad
9794,4,581.74,4,580.4900000000001,2opt,notBad
9795,4,581.74,4,580.4900000000001,2opt,notBad
9796,4,581.74,4,580.4900000000001,swap,notBad
9797,4,581.74,4,580.4900000000001,move,improve
9798,4,581.74,4,580.4900000000001,swap,notBad
9799,4,581.74,4,580.4900000000001,swap,notBad
9800,4,581.74,4,580.4900000000001,move,improve
9801,4,581.74,4,580.4900000000001,swap,notBad
9802,4,581.74,4,580.4900000000001,swap,notBad
9803,4,581.74,4,580.4900000000001,swap,notBad
9804,4,581.74,4,580.4900000000001,move,improve
9805,4,581.74,4,580.4900000000001,swap,notBad
9806,4,581.74,4,580.4900000000001,swap,notBad
9807,4,581.74,4,580.4900000000001,move,improve
9808,4,581.74,4,580.4900000000001,2opt,notBad
9809,4,581.74,4,580.4900000000001,swap,notBad
9810,4,581.74,4,580.4900000000001,2opt,notBad
9811,4,581.74,4,580.4900000000001,move,improve
9812,4,581.74,4,580.4900000000001,2opt,notBad
9813,4,581.74,4,580.4900000000001,move,improve
9814,4,581.74,4,580.4900000000001,move,improve
9815,4,581.74,4,580.4900000000001,2opt,notBad
9816,4,581.74,4,580.4900000000001,move,improve
9817,4,581.74,4,580.4900000000001,move,improve
9818,4,581.74,4,580.4900000000001,move,improve
9819,4,583.3,4,580.4900000000001,swap,acceptBad
9820,4,583.3,4,580.4900000000001,move,improve
9821,4,583.3,4,580.4900000000001,2opt,notBad
9822,4,583.3,4,580.4900000000001,swap,notBad
9823,4,583.3,4,580.4900000000001,move,improve
9824,4,583.3,4,580.4900000000001,2opt,notBad
9825,4,583.3,4,580.4900000000001,move,improve
9826,4,583.3,4,580.4900000000001,move,improve
9827,4,583.3,4,580.4900000000001,2opt,notBad
9828,4,583.3,4,580.4900000000001,move,improve
9829,4,583.3,4,580.4900000000001,move,improve
9830,4,583.3,4,580.4900000000001,swap,notBad
9831,4,583.3,4,580.4900000000001,swap,notBad
9832,4,583.3,4,580.4900000000001,2opt,notBad
9833,4,583.3,4,580.4900000000001,move,improve
9834,4,583.3,4,580.4900000000001,swap,notBad
9835,4,583.3,4,580.4900000000001,swap,notBad
9836,4,583.3,4,580.4900000000001,move,improve
9837,4,583.3,4,580.4900000000001,swap,notBad
9838,4,583.3,4,580.4900000000001,swap,notBad
9839,4,583.3,4,580.4900000000001,2opt,notBad
9840,4,583.3,4,580.4900000000001,2opt,notBad
9841,4,583.3,4,580.4900000000001,2opt,notBad
9842,4,583.3,4,580.4900000000001,2opt,notBad
9843,4,583.3,4,580.4900000000001,2opt,notBad
9844,4,581.74,4,580.4900000000001,move,improve
9845,4,581.74,4,580.4900000000001,swap,notBad
9846,4,581.74,4,580.4900000000001,2opt,notBad
9847,4,581.74,4,580.4900000000001,move,improve
9848,4,581.74,4,580.4900000000001,move,improve
9849,4,581.74,4,580.4900000000001,2opt,notBad
9850,4,581.74,4,580.4900000000001,move,improve
9851,4,581.74,4,580.4900000000001,move,improve
9852,4,583.3,4,580.4900000000001,swap,acceptBad
9853,4,583.3,4,580.4900000000001,swap,notBad
9854,4,583.3,4,580.4900000000001,swap,notBad
9855,4,583.3,4,580.4900000000001,swap,notBad
9856,4,583.3,4,580.4900000000001,2opt,notBad
9857,4,583.3,4,580.4900000000001,2opt,notBad
9858,4,583.3,4,580.4900000000001,2opt,improve
9859,4,581.26,4,580.4900000000001,move,improve
9860,4,581.26,4,580.4900000000001,swap,notBad
9861,4,581.26,4,580.4900000000001,move,improve
9862,4,581.26,4,580.4900000000001,move,improve
9863,4,581.26,4,580.4900000000001,2opt,notBad
9864,4,581.26,4,580.4900000000001,2opt,notBad
9865,4,581.26,4,580.4900000000001,move,improve
9866,4,581.26,4,580.4900000000001,swap,notBad
9867,4,581.26,4,580.4900000000001,move,improve
9868,4,581.26,4,580.4900000000001,move,improve
9869,4,581.26,4,580.4900000000001,2opt,notBad
9870,4,581.26,4,580.4900000000001,swap,notBad
9871,4,581.26,4,580.4900000000001,2opt,notBad
9872,4,581.26,4,580.4900000000001,move,improve
9873,4,581.26,4,580.4900000000001,swap,notBad
9874,4,581.26,4,580.4900000000001,2opt,notBad
9875,4,581.26,4,580.4900000000001,swap,notBad
9876,4,581.26,4,580.4900000000001,2opt,notBad
9877,4,581.26,4,580.4900000000001,swap,notBad
9878,4,581.26,4,580.4900000000001,2opt,notBad
9879,4,581.26,4,580.4900000000001,swap,notBad
9880,4,581.26,4,580.4900000000001,2opt,notBad
9881,4,581.26,4,580.4900000000001,move,improve
9882,4,581.26,4,580.4900000000001,2opt,notBad
9883,4,581.26,4,580.4900000000001,2opt,notBad
9884,4,581.26,4,580.4900000000001,swap,notBad
9885,4,581.26,4,580.4900000000001,move,improve
9886,4,581.26,4,580.4900000000001,swap,notBad
9887,4,581.26,4,580.4900000000001,move,improve
9888,4,581.26,4,580.4900000000001,2opt,notBad
9889,4,581.26,4,580.4900000000001,move,improve
9890,4,581.26,4,580.4900000000001,move,improve
9891,4,581.26,4,580.4900000000001,2opt,notBad
9892,4,581.26,4,580.4900000000001,move,improve
9893,4,581.26,4,580.4900000000001,swap,notBad
9894,4,581.26,4,580.4900000000001,move,improve
9895,4,581.26,4,580.4900000000001,move,improve
9896,4,581.26,4,580.4900000000001,swap,notBad
9897,4,581.26,4,580.4900000000001,2opt,notBad
9898,4,581.26,4,580.4900000000001,move,improve
9899,4,581.26,4,580.4900000000001,move,improve
9900,4,581.26,4,580.4900000000001,move,improve
9901,4,581.26,4,580.4900000000001,swap,notBad
9902,4,581.26,4,580.4900000000001,move,improve
9903,4,581.26,4,580.4900000000001,2opt,notBad
9904,4,581.26,4,580.4900000000001,swap,notBad
9905,4,581.26,4,580.4900000000001,move,improve
9906,4,581.26,4,580.4900000000001,swap,notBad
9907,4,581.26,4,580.4900000000001,swap,notBad
9908,4,581.26,4,580.4900000000001,swap,notBad
9909,4,581.26,4,580.4900000000001,2opt,notBad
9910,4,581.26,4,580.4900000000001,2opt,notBad
9911,4,581.26,4,580.4900000000001,swap,notBad
9912,4,581.26,4,580.4900000000001,move,improve
9913,4,582.7400000000001,4,580.4900000000001,swap,acceptBad
9914,4,582.7400000000001,4,580.4900000000001,swap,notBad
9915,4,582.7400000000001,4,580.4900000000001,move,improve
9916,4,582.7400000000001,4,580.4900000000001,move,improve
9917,4,582.7400000000001,4,580.4900000000001,2opt,notBad
9918,4,582.7400000000001,4,580.4900000000001,2opt,notBad
9919,4,582.7400000000001,4,580.4900000000001,swap,notBad
9920,4,582.7400000000001,4,580.4900000000001,swap,notBad
9921,4,582.7400000000001,4,580.4900000000001,swap,notBad
9922,4,582.7400000000001,4,580.4900000000001,move,improve
9923,4,582.7400000000001,4,580.4900000000001,2opt,notBad
9924,4,582.7400000000001,4,580.4900000000001,swap,notBad
9925,4,582.7400000000001,4,580.4900000000001,move,improve
9926,4,582.7400000000001,4,580.4900000000001,move,improve
9927,4,582.7400000000001,4,580.4900000000001,move,improve
9928,4,582.7400000000001,4,580.4900000000001,2opt,notBad
9929,4,582.7400000000001,4,580.4900000000001,2opt,notBad
9930,4,582.7400000000001,4,580.4900000000001,2opt,notBad
9931,4,582.7400000000001,4,580.4900000000001,2opt,notBad
9932,4,582.7400000000001,4,580.4900000000001,move,improve
9933,4,582.7400000000001,4,580.4900000000001,move,improve
9934,4,582.7400000000001,4,580.4900000000001,move,improve
9935,4,582.7400000000001,4,580.4900000000001,2opt,notBad
9936,4,582.7400000000001,4,580.4900000000001,swap,notBad
9937,4,582.7400000000001,4,580.4900000000001,2opt,notBad
9938,4,582.7400000000001,4,580.4900000000001,move,improve
9939,4,582.7400000000001,4,580.4900000000001,2opt,notBad
9940,4,582.7400000000001,4,580.4900000000001,move,improve
9941,4,582.7400000000001,4,580.4900000000001,move,improve
9942,4,582.7400000000001,4,580.4900000000001,2opt,notBad
9943,4,582.7400000000001,4,580.4900000000001,move,improve
9944,4,582.7400000000001,4,580.4900000000001,move,improve
9945,4,582.7400000000001,4,580.4900000000001,move,improve
9946,4,582.7400000000001,4,580.4900000000001,2opt,notBad
9947,4,582.7400000000001,4,580.4900000000001,2opt,notBad
9948,4,582.7400000000001,4,580.4900000000001,2opt,notBad
9949,4,582.7400000000001,4,580.4900000000001,move,improve
9950,4,582.7400000000001,4,580.4900000000001,2opt,improve
9951,4,582.7400000000001,4,580.4900000000001,swap,notBad
9952,4,582.7400000000001,4,580.4900000000001,swap,notBad
9953,4,582.7400000000001,4,580.4900000000001,2opt,notBad
9954,4,582.7400000000001,4,580.4900000000001,move,improve
9955,4,582.7400000000001,4,580.4900000000001,2opt,notBad
9956,4,582.7400000000001,4,580.4900000000001,2opt,notBad
9957,4,582.7400000000001,4,580.4900000000001,swap,notBad
9958,4,582.7400000000001,4,580.4900000000001,2opt,notBad
9959,4,582.7400000000001,4,580.4900000000001,move,improve
9960,4,582.7400000000001,4,580.4900000000001,swap,notBad
9961,4,582.7400000000001,4,580.4900000000001,2opt,notBad
9962,4,582.7400000000001,4,580.4900000000001,2opt,improve
9963,4,582.7400000000001,4,580.4900000000001,swap,notBad
9964,4,582.7400000000001,4,580.4900000000001,2opt,notBad
9965,4,582.7400000000001,4,580.4900000000001,move,improve
9966,4,582.7400000000001,4,580.4900000000001,move,improve
9967,4,582.7400000000001,4,580.4900000000001,2opt,notBad
9968,4,582.7400000000001,4,580.4900000000001,2opt,notBad
9969,4,582.7400000000001,4,580.4900000000001,swap,notBad
9970,4,582.7400000000001,4,580.4900000000001,2opt,notBad
9971,4,582.7400000000001,4,580.4900000000001,swap,notBad
9972,4,582.7400000000001,4,580.4900000000001,2opt,notBad
9973,4,582.7400000000001,4,580.4900000000001,move,improve
9974,4,582.7400000000001,4,580.4900000000001,swap,notBad
9975,4,582.7400000000001,4,580.4900000000001,2opt,notBad
9976,4,582.7400000000001,4,580.4900000000001,swap,notBad
9977,4,582.7400000000001,4,580.4900000000001,move,improve
9978,4,582.7400000000001,4,580.4900000000001,move,improve
9979,4,582.7400000000001,4,580.4900000000001,2opt,notBad
9980,4,582.7400000000001,4,580.4900000000001,swap,notBad
9981,4,582.7400000000001,4,580.4900000000001,move,improve
9982,4,582.7400000000001,4,580.4900000000001,2opt,notBad
9983,4,582.7400000000001,4,580.4900000000001,move,improve
9984,4,582.7400000000001,4,580.4900000000001,2opt,notBad
9985,4,582.7400000000001,4,580.4900000000001,swap,notBad
9986,4,582.7400000000001,4,580.4900000000001,swap,notBad
9987,4,582.7400000000001,4,580.4900000000001,swap,notBad
9988,4,582.7400000000001,4,580.4900000000001,move,improve
9989,4,582.7400000000001,4,580.4900000000001,move,improve
9990,4,582.7400000000001,4,580.4900000000001,2opt,notBad
9991,4,582.7400000000001,4,580.4900000000001,swap,notBad
9992,4,582.7400000000001,4,580.4900000000001,move,improve
9993,4,582.7400000000001,4,580.4900000000001,move,improve
9994,4,582.7400000000001,4,580.4900000000001,move,improve
9995,4,582.7400000000001,4,580.4900000000001,swap,notBad
9996,4,582.7400000000001,4,580.4900000000001,swap,notBad
9997,4,582.7400000000001,4,580.4900000000001,2opt,notBad
9998,4,582.7400000000001,4,580.4900000000001,swap,notBad
9999,4,582.7400000000001,4,580.4900000000001,swap,notBad
10000,4,582.7400000000001,4,580.4900000000001,move,improve
10001,4,582.7400000000001,4,580.4900000000001,2opt,notBad
10002,4,582.7400000000001,4,580.4900000000001,move,improve
10003,4,583.3400000000001,4,580.4900000000001,move,acceptBad
10004,4,583.3400000000001,4,580.4900000000001,2opt,notBad
10005,4,583.3400000000001,4,580.4900000000001,swap,notBad
10006,4,583.3400000000001,4,580.4900000000001,2opt,notBad
10007,4,583.3400000000001,4,580.4900000000001,2opt,notBad
10008,4,583.3400000000001,4,580.4900000000001,swap,notBad
10009,4,583.3400000000001,4,580.4900000000001,swap,notBad
10010,4,583.3400000000001,4,580.4900000000001,move,improve
10011,4,583.3400000000001,4,580.4900000000001,move,improve
10012,4,583.3400000000001,4,580.4900000000001,swap,notBad
10013,4,583.3400000000001,4,580.4900000000001,2opt,notBad
10014,4,583.3400000000001,4,580.4900000000001,2opt,notBad
10015,4,583.3400000000001,4,580.4900000000001,move,improve
10016,4,583.3400000000001,4,580.4900000000001,swap,notBad
10017,4,583.3400000000001,4,580.4900000000001,swap,notBad
10018,4,583.3400000000001,4,580.4900000000001,swap,notBad
10019,4,583.3400000000001,4,580.4900000000001,2opt,notBad
10020,4,583.3400000000001,4,580.4900000000001,2opt,notBad
10021,4,583.3400000000001,4,580.4900000000001,2opt,notBad
10022,4,583.3400000000001,4,580.4900000000001,2opt,notBad
10023,4,583.3400000000001,4,580.4900000000001,2opt,notBad
10024,4,583.3400000000001,4,580.4900000000001,swap,notBad
10025,4,583.3400000000001,4,580.4900000000001,move,improve
10026,4,583.3400000000001,4,580.4900000000001,2opt,notBad
10027,4,583.3400000000001,4,580.4900000000001,move,improve
10028,4,583.3400000000001,4,580.4900000000001,swap,notBad
10029,4,583.3400000000001,4,580.4900000000001,move,improve
10030,4,583.3400000000001,4,580.4900000000001,move,improve
10031,4,583.3400000000001,4,580.4900000000001,move,improve
10032,4,583.3400000000001,4,580.4900000000001,move,improve
10033,4,583.3400000000001,4,580.4900000000001,2opt,notBad
10034,4,583.3400000000001,4,580.4900000000001,2opt,notBad
10035,4,583.3400000000001,4,580.4900000000001,2opt,notBad
10036,4,583.3400000000001,4,580.4900000000001,2opt,notBad
10037,4,583.3400000000001,4,580.4900000000001,move,improve
10038,4,581.86,4,580.4900000000001,move,improve
10039,4,581.86,4,580.4900000000001,swap,notBad
10040,4,581.86,4,580.4900000000001,2opt,notBad
10041,4,581.86,4,580.4900000000001,swap,notBad
10042,4,581.86,4,580.4900000000001,move,improve
10043,4,581.86,4,580.4900000000001,swap,notBad
10044,4,581.86,4,580.4900000000001,swap,notBad
10045,4,581.26,4,580.4900000000001,move,improve
10046,4,581.26,4,580.4900000000001,move,improve
10047,4,581.26,4,580.4900000000001,move,improve
10048,4,581.26,4,580.4900000000001,swap,notBad
10049,4,581.26,4,580.4900000000001,swap,notBad
10050,4,581.26,4,580.4900000000001,2opt,notBad
10051,4,581.26,4,580.4900000000001,move,improve
10052,4,581.26,4,580.4900000000001,move,improve
10053,4,581.26,4,580.4900000000001,swap,notBad
10054,4,581.26,4,580.4900000000001,move,improve
10055,4,581.26,4,580.4900000000001,move,improve
10056,4,581.26,4,580.4900000000001,swap,notBad
10057,4,581.26,4,580.4900000000001,swap,notBad
10058,4,581.26,4,580.4900000000001,move,improve
10059,4,581.26,4,580.4900000000001,move,improve
10060,4,581.26,4,580.4900000000001,move,improve
10061,4,581.26,4,580.4900000000001,move,improve
10062,4,581.26,4,580.4900000000001,move,improve
10063,4,581.26,4,580.4900000000001,swap,notBad
10064,4,581.26,4,580.4900000000001,move,improve
10065,4,581.26,4,580.4900000000001,swap,notBad
10066,4,581.26,4,580.4900000000001,move,improve
10067,4,581.26,4,580.4900000000001,2opt,notBad
10068,4,581.26,4,580.4900000000001,move,improve
10069,4,581.26,4,580.4900000000001,move,improve
10070,4,581.26,4,580.4900000000001,move,improve
10071,4,581.26,4,580.4900000000001,swap,notBad
10072,4,581.26,4,580.4900000000001,2opt,notBad
10073,4,581.26,4,580.4900000000001,swap,notBad
10074,4,581.26,4,580.4900000000001,swap,notBad
10075,4,581.26,4,580.4900000000001,2opt,notBad
10076,4,581.26,4,580.4900000000001,2opt,notBad
10077,4,581.26,4,580.4900000000001,swap,notBad
10078,4,581.26,4,580.4900000000001,2opt,notBad
10079,4,581.26,4,580.4900000000001,move,improve
10080,4,581.26,4,580.4900000000001,swap,notBad
10081,4,581.26,4,580.4900000000001,move,improve
10082,4,581.26,4,580.4900000000001,swap,notBad
10083,4,581.26,4,580.4900000000001,2opt,notBad
10084,4,581.26,4,580.4900000000001,move,improve
10085,4,581.26,4,580.4900000000001,move,improve
10086,4,581.26,4,580.4900000000001,2opt,notBad
10087,4,581.26,4,580.4900000000001,move,improve
10088,4,581.26,4,580.4900000000001,move,improve
10089,4,581.26,4,580.4900000000001,swap,notBad
10090,4,581.26,4,580.4900000000001,move,improve
10091,4,581.26,4,580.4900000000001,swap,notBad
10092,4,581.26,4,580.4900000000001,2opt,notBad
10093,4,581.26,4,580.4900000000001,move,improve
10094,4,581.26,4,580.4900000000001,swap,notBad
10095,4,581.26,4,580.4900000000001,swap,notBad
10096,4,581.26,4,580.4900000000001,2opt,improve
10097,4,581.26,4,580.4900000000001,swap,notBad
10098,4,581.26,4,580.4900000000001,swap,notBad
10099,4,581.26,4,580.4900000000001,2opt,notBad
10100,4,581.26,4,580.4900000000001,move,improve
10101,4,581.26,4,580.4900000000001,2opt,notBad
10102,4,581.26,4,580.4900000000001,move,improve
10103,4,581.26,4,580.4900000000001,2opt,notBad
10104,4,581.26,4,580.4900000000001,swap,notBad
10105,4,581.26,4,580.4900000000001,move,improve
10106,4,581.26,4,580.4900000000001,move,improve
10107,4,581.26,4,580.4900000000001,move,improve
10108,4,581.26,4,580.4900000000001,2opt,notBad
10109,4,581.26,4,580.4900000000001,swap,notBad
10110,4,581.26,4,580.4900000000001,2opt,notBad
10111,4,581.26,4,580.4900000000001,swap,notBad
10112,4,581.86,4,580.4900000000001,move,acceptBad
10113,4,581.86,4,580.4900000000001,move,improve
10114,4,581.86,4,580.4900000000001,2opt,notBad
10115,4,581.86,4,580.4900000000001,2opt,notBad
10116,4,581.26,4,580.4900000000001,move,improve
10117,4,581.26,4,580.4900000000001,swap,notBad
10118,4,581.26,4,580.4900000000001,2opt,notBad
10119,4,581.26,4,580.4900000000001,move,improve
10120,4,581.26,4,580.4900000000001,swap,notBad
10121,4,581.26,4,580.4900000000001,2opt,notBad
10122,4,581.26,4,580.4900000000001,swap,notBad
10123,4,581.26,4,580.4900000000001,move,improve
10124,4,581.26,4,580.4900000000001,swap,notBad
10125,4,581.26,4,580.4900000000001,move,improve
10126,4,581.26,4,580.4900000000001,swap,notBad
10127,4,581.26,4,580.4900000000001,2opt,notBad
10128,4,581.26,4,580.4900000000001,swap,notBad
10129,4,581.26,4,580.4900000000001,move,improve
10130,4,581.26,4,580.4900000000001,2opt,notBad
10131,4,581.26,4,580.4900000000001,swap,notBad
10132,4,581.26,4,580.4900000000001,move,improve
10133,4,581.26,4,580.4900000000001,swap,notBad
10134,4,581.26,4,580.4900000000001,2opt,notBad
10135,4,581.26,4,580.4900000000001,swap,notBad
10136,4,581.26,4,580.4900000000001,move,improve
10137,4,581.26,4,580.4900000000001,move,improve
10138,4,581.26,4,580.4900000000001,swap,notBad
10139,4,581.26,4,580.4900000000001,2opt,notBad
10140,4,581.26,4,580.4900000000001,move,improve
10141,4,581.26,4,580.4900000000001,2opt,notBad
10142,4,581.26,4,580.4900000000001,move,improve
10143,4,581.26,4,580.4900000000001,move,improve
10144,4,581.26,4,580.4900000000001,swap,notBad
10145,4,581.26,4,580.4900000000001,swap,notBad
10146,4,581.26,4,580.4900000000001,move,improve
10147,4,581.26,4,580.4900000000001,move,improve
10148,4,581.26,4,580.4900000000001,swap,notBad
10149,4,581.26,4,580.4900000000001,2opt,improve
10150,4,581.26,4,580.4900000000001,2opt,notBad
10151,4,581.26,4,580.4900000000001,move,improve
10152,4,581.26,4,580.4900000000001,swap,notBad
10153,4,581.26,4,580.4900000000001,swap,notBad
10154,4,581.26,4,580.4900000000001,2opt,notBad
10155,4,581.26,4,580.4900000000001,swap,notBad
10156,4,581.26,4,580.4900000000001,2opt,notBad
10157,4,581.26,4,580.4900000000001,move,improve
10158,4,581.26,4,580.4900000000001,move,improve
10159,4,581.26,4,580.4900000000001,2opt,notBad
10160,4,581.26,4,580.4900000000001,move,improve
10161,4,581.26,4,580.4900000000001,2opt,notBad
10162,4,581.26,4,580.4900000000001,2opt,notBad
10163,4,581.26,4,580.4900000000001,swap,notBad
10164,4,581.26,4,580.4900000000001,move,improve
10165,4,581.26,4,580.4900000000001,swap,notBad
10166,4,581.26,4,580.4900000000001,swap,notBad
10167,4,581.26,4,580.4900000000001,move,improve
10168,4,581.26,4,580.4900000000001,swap,notBad
10169,4,581.26,4,580.4900000000001,move,improve
10170,4,581.26,4,580.4900000000001,2opt,notBad
10171,4,581.26,4,580.4900000000001,2opt,notBad
10172,4,581.26,4,580.4900000000001,2opt,notBad
10173,4,581.26,4,580.4900000000001,swap,notBad
10174,4,581.26,4,580.4900000000001,swap,notBad
10175,4,581.26,4,580.4900000000001,swap,notBad
10176,4,581.26,4,580.4900000000001,move,improve
10177,4,581.26,4,580.4900000000001,2opt,notBad
10178,4,581.26,4,580.4900000000001,2opt,notBad
10179,4,581.26,4,580.4900000000001,move,improve
10180,4,581.26,4,580.4900000000001,move,improve
10181,4,581.26,4,580.4900000000001,move,improve
10182,4,581.26,4,580.4900000000001,swap,notBad
10183,4,581.26,4,580.4900000000001,2opt,notBad
10184,4,581.26,4,580.4900000000001,move,improve
10185,4,581.26,4,580.4900000000001,2opt,notBad
10186,4,581.26,4,580.4900000000001,2opt,notBad
10187,4,581.26,4,580.4900000000001,move,improve
10188,4,581.26,4,580.4900000000001,swap,notBad
10189,4,581.26,4,580.4900000000001,swap,notBad
10190,4,581.26,4,580.4900000000001,swap,notBad
10191,4,581.26,4,580.4900000000001,2opt,improve
10192,4,581.26,4,580.4900000000001,swap,notBad
10193,4,581.26,4,580.4900000000001,2opt,improve
10194,4,581.26,4,580.4900000000001,2opt,notBad
10195,4,581.26,4,580.4900000000001,swap,notBad
10196,4,581.26,4,580.4900000000001,swap,notBad
10197,4,581.26,4,580.4900000000001,move,improve
10198,4,581.26,4,580.4900000000001,2opt,notBad
10199,4,581.26,4,580.4900000000001,swap,notBad
10200,4,581.26,4,580.4900000000001,move,improve
10201,4,581.26,4,580.4900000000001,move,improve
10202,4,581.26,4,580.4900000000001,2opt,notBad
10203,4,581.26,4,580.4900000000001,move,improve
10204,4,581.26,4,580.4900000000001,move,improve
10205,4,581.26,4,580.4900000000001,2opt,notBad
10206,4,581.26,4,580.4900000000001,2opt,notBad
10207,4,581.26,4,580.4900000000001,2opt,improve
10208,4,581.26,4,580.4900000000001,move,improve
10209,4,581.26,4,580.4900000000001,2opt,notBad
10210,4,581.26,4,580.4900000000001,move,improve
10211,4,581.26,4,580.4900000000001,2opt,improve
10212,4,581.26,4,580.4900000000001,swap,notBad
10213,4,581.26,4,580.4900000000001,swap,notBad
10214,4,581.26,4,580.4900000000001,swap,notBad
10215,4,581.26,4,580.4900000000001,2opt,notBad
10216,4,581.26,4,580.4900000000001,2opt,notBad
10217,4,581.26,4,580.4900000000001,swap,notBad
10218,4,581.26,4,580.4900000000001,move,improve
10219,4,581.26,4,580.4900000000001,2opt,notBad
10220,4,581.26,4,580.4900000000001,move,improve
10221,4,581.26,4,580.4900000000001,swap,notBad
10222,4,581.26,4,580.4900000000001,move,improve
10223,4,581.26,4,580.4900000000001,swap,notBad
10224,4,581.26,4,580.4900000000001,swap,notBad
10225,4,581.26,4,580.4900000000001,2opt,notBad
10226,4,581.26,4,580.4900000000001,move,improve
10227,4,581.26,4,580.4900000000001,swap,notBad
10228,4,581.26,4,580.4900000000001,swap,notBad
10229,4,581.26,4,580.4900000000001,2opt,notBad
10230,4,581.26,4,580.4900000000001,swap,notBad
10231,4,581.26,4,580.4900000000001,2opt,notBad
10232,4,581.26,4,580.4900000000001,move,improve
10233,4,581.26,4,580.4900000000001,2opt,notBad
10234,4,581.26,4,580.4900000000001,2opt,notBad
10235,4,581.26,4,580.4900000000001,move,improve
10236,4,581.26,4,580.4900000000001,move,improve
10237,4,581.26,4,580.4900000000001,swap,notBad
10238,4,581.26,4,580.4900000000001,swap,notBad
10239,4,581.26,4,580.4900000000001,swap,notBad
10240,4,581.26,4,580.4900000000001,2opt,notBad
10241,4,581.26,4,580.4900000000001,move,improve
10242,4,581.26,4,580.4900000000001,move,improve
10243,4,581.26,4,580.4900000000001,move,improve
10244,4,581.26,4,580.4900000000001,swap,notBad
10245,4,581.26,4,580.4900000000001,move,improve
10246,4,581.26,4,580.4900000000001,swap,notBad
10247,4,581.26,4,580.4900000000001,move,improve
10248,4,581.26,4,580.4900000000001,move,improve
10249,4,581.26,4,580.4900000000001,move,improve
10250,4,581.26,4,580.4900000000001,2opt,notBad
10251,4,581.26,4,580.4900000000001,move,improve
10252,4,581.26,4,580.4900000000001,swap,notBad
10253,4,581.26,4,580.4900000000001,move,improve
10254,4,581.26,4,580.4900000000001,2opt,notBad
10255,4,581.26,4,580.4900000000001,move,improve
10256,4,581.26,4,580.4900000000001,2opt,notBad
10257,4,581.26,4,580.4900000000001,move,improve
10258,4,581.26,4,580.4900000000001,move,improve
10259,4,581.26,4,580.4900000000001,swap,notBad
10260,4,581.26,4,580.4900000000001,2opt,notBad
10261,4,581.26,4,580.4900000000001,2opt,notBad
10262,4,581.26,4,580.4900000000001,2opt,notBad
10263,4,581.26,4,580.4900000000001,move,improve
10264,4,581.26,4,580.4900000000001,2opt,notBad
10265,4,581.26,4,580.4900000000001,swap,notBad
10266,4,581.26,4,580.4900000000001,move,improve
10267,4,581.26,4,580.4900000000001,2opt,notBad
10268,4,581.26,4,580.4900000000001,swap,notBad
10269,4,581.26,4,580.4900000000001,2opt,notBad
10270,4,581.26,4,580.4900000000001,2opt,notBad
10271,4,581.26,4,580.4900000000001,2opt,notBad
10272,4,581.26,4,580.4900000000001,swap,notBad
10273,4,581.26,4,580.4900000000001,2opt,improve
10274,4,581.26,4,580.4900000000001,swap,notBad
10275,4,581.26,4,580.4900000000001,2opt,notBad
10276,4,581.26,4,580.4900000000001,move,improve
10277,4,581.26,4,580.4900000000001,move,improve
10278,4,581.26,4,580.4900000000001,move,improve
10279,4,581.26,4,580.4900000000001,2opt,notBad
10280,4,581.26,4,580.4900000000001,swap,notBad
10281,4,581.26,4,580.4900000000001,move,improve
10282,4,581.26,4,580.4900000000001,move,improve
10283,4,581.26,4,580.4900000000001,move,improve
10284,4,581.26,4,580.4900000000001,2opt,notBad
10285,4,581.26,4,580.4900000000001,swap,notBad
10286,4,581.26,4,580.4900000000001,2opt,notBad
10287,4,581.26,4,580.4900000000001,move,improve
10288,4,581.26,4,580.4900000000001,2opt,improve
10289,4,581.26,4,580.4900000000001,move,improve
10290,4,581.26,4,580.4900000000001,swap,notBad
10291,4,581.26,4,580.4900000000001,2opt,notBad
10292,4,581.26,4,580.4900000000001,2opt,notBad
10293,4,581.26,4,580.4900000000001,move,improve
10294,4,581.26,4,580.4900000000001,move,improve
10295,4,581.26,4,580.4900000000001,swap,notBad
10296,4,581.26,4,580.4900000000001,2opt,notBad
10297,4,581.26,4,580.4900000000001,swap,notBad
10298,4,581.26,4,580.4900000000001,swap,notBad
10299,4,581.26,4,580.4900000000001,move,improve
10300,4,581.26,4,580.4900000000001,move,improve
10301,4,581.26,4,580.4900000000001,swap,notBad
10302,4,581.26,4,580.4900000000001,move,improve
10303,4,581.26,4,580.4900000000001,2opt,notBad
10304,4,581.26,4,580.4900000000001,swap,notBad
10305,4,581.26,4,580.4900000000001,swap,notBad
10306,4,581.26,4,580.4900000000001,swap,notBad
10307,4,581.26,4,580.4900000000001,move,improve
10308,4,581.26,4,580.4900000000001,move,improve
10309,4,581.26,4,580.4900000000001,move,improve
10310,4,581.26,4,580.4900000000001,2opt,notBad
10311,4,581.26,4,580.4900000000001,2opt,notBad
10312,4,581.26,4,580.4900000000001,2opt,improve
10313,4,581.26,4,580.4900000000001,move,improve
10314,4,581.26,4,580.4900000000001,swap,notBad
10315,4,581.26,4,580.4900000000001,move,improve
10316,4,581.26,4,580.4900000000001,2opt,notBad
10317,4,581.26,4,580.4900000000001,2opt,notBad
10318,4,581.26,4,580.4900000000001,2opt,notBad
10319,4,581.26,4,580.4900000000001,move,improve
10320,4,581.26,4,580.4900000000001,move,improve
10321,4,581.26,4,580.4900000000001,2opt,notBad
10322,4,581.26,4,580.4900000000001,2opt,notBad
10323,4,581.26,4,580.4900000000001,move,improve
10324,4,581.26,4,580.4900000000001,2opt,notBad
10325,4,581.26,4,580.4900000000001,2opt,notBad
10326,4,581.26,4,580.4900000000001,move,improve
10327,4,581.26,4,580.4900000000001,swap,notBad
10328,4,581.26,4,580.4900000000001,2opt,notBad
10329,4,581.26,4,580.4900000000001,move,improve
10330,4,581.26,4,580.4900000000001,2opt,notBad
10331,4,581.26,4,580.4900000000001,swap,notBad
10332,4,581.26,4,580.4900000000001,2opt,improve
10333,4,581.26,4,580.4900000000001,swap,notBad
10334,4,581.26,4,580.4900000000001,move,improve
10335,4,581.26,4,580.4900000000001,move,improve
10336,4,581.26,4,580.4900000000001,move,improve
10337,4,581.26,4,580.4900000000001,move,improve
10338,4,581.26,4,580.4900000000001,move,improve
10339,4,581.26,4,580.4900000000001,swap,notBad
10340,4,581.26,4,580.4900000000001,move,improve
10341,4,581.26,4,580.4900000000001,2opt,notBad
10342,4,581.26,4,580.4900000000001,move,improve
10343,4,581.26,4,580.4900000000001,swap,notBad
10344,4,581.26,4,580.4900000000001,2opt,notBad
10345,4,581.26,4,580.4900000000001,2opt,notBad
10346,4,581.26,4,580.4900000000001,swap,notBad
10347,4,581.26,4,580.4900000000001,move,improve
10348,4,581.26,4,580.4900000000001,swap,notBad
10349,4,581.26,4,580.4900000000001,2opt,notBad
10350,4,581.26,4,580.4900000000001,swap,notBad
10351,4,581.26,4,580.4900000000001,2opt,notBad
10352,4,581.26,4,580.4900000000001,move,improve
10353,4,581.26,4,580.4900000000001,swap,notBad
10354,4,581.26,4,580.4900000000001,2opt,notBad
10355,4,581.26,4,580.4900000000001,2opt,notBad
10356,4,581.26,4,580.4900000000001,move,improve
10357,4,581.26,4,580.4900000000001,move,improve
10358,4,581.26,4,580.4900000000001,swap,notBad
10359,4,581.26,4,580.4900000000001,2opt,notBad
10360,4,581.26,4,580.4900000000001,move,improve
10361,4,581.26,4,580.4900000000001,move,improve
10362,4,581.26,4,580.4900000000001,move,improve
10363,4,581.26,4,580.4900000000001,move,improve
10364,4,581.26,4,580.4900000000001,2opt,notBad
10365,4,581.26,4,580.4900000000001,2opt,notBad
10366,4,581.26,4,580.4900000000001,swap,notBad
10367,4,581.26,4,580.4900000000001,2opt,notBad
10368,4,581.26,4,580.4900000000001,2opt,notBad
10369,4,581.26,4,580.4900000000001,move,improve
10370,4,581.26,4,580.4900000000001,2opt,notBad
10371,4,581.26,4,580.4900000000001,swap,notBad
10372,4,581.26,4,580.4900000000001,swap,notBad
10373,4,581.26,4,580.4900000000001,move,improve
10374,4,581.26,4,580.4900000000001,swap,notBad
10375,4,581.26,4,580.4900000000001,move,improve
10376,4,581.26,4,580.4900000000001,2opt,notBad
10377,4,581.26,4,580.4900000000001,move,improve
10378,4,581.26,4,580.4900000000001,move,improve
10379,4,581.26,4,580.4900000000001,2opt,notBad
10380,4,581.26,4,580.4900000000001,2opt,notBad
10381,4,581.26,4,580.4900000000001,move,improve
10382,4,581.26,4,580.4900000000001,swap,notBad
10383,4,581.26,4,580.4900000000001,move,improve
10384,4,581.26,4,580.4900000000001,swap,notBad
10385,4,581.26,4,580.4900000000001,2opt,notBad
10386,4,581.26,4,580.4900000000001,2opt,notBad
10387,4,581.26,4,580.4900000000001,move,improve
10388,4,581.26,4,580.4900000000001,move,improve
10389,4,581.26,4,580.4900000000001,move,improve
10390,4,581.26,4,580.4900000000001,2opt,notBad
10391,4,581.26,4,580.4900000000001,swap,notBad
10392,4,581.26,4,580.4900000000001,swap,notBad
10393,4,581.26,4,580.4900000000001,2opt,notBad
10394,4,581.26,4,580.4900000000001,move,improve
10395,4,581.26,4,580.4900000000001,2opt,notBad
10396,4,581.26,4,580.4900000000001,swap,notBad
10397,4,581.26,4,580.4900000000001,move,improve
10398,4,581.26,4,580.4900000000001,swap,notBad
10399,4,581.26,4,580.4900000000001,swap,notBad
10400,4,581.26,4,580.4900000000001,2opt,notBad
10401,4,581.26,4,580.4900000000001,2opt,notBad
10402,4,581.26,4,580.4900000000001,swap,notBad
10403,4,581.26,4,580.4900000000001,move,improve
10404,4,581.86,4,580.4900000000001,move,acceptBad
10405,4,581.86,4,580.4900000000001,swap,notBad
10406,4,581.86,4,580.4900000000001,2opt,notBad
10407,4,581.86,4,580.4900000000001,swap,notBad
10408,4,581.86,4,580.4900000000001,swap,notBad
10409,4,581.86,4,580.4900000000001,2opt,notBad
10410,4,581.86,4,580.4900000000001,2opt,notBad
10411,4,581.86,4,580.4900000000001,swap,notBad
10412,4,581.86,4,580.4900000000001,2opt,notBad
10413,4,581.86,4,580.4900000000001,move,improve
10414,4,581.86,4,580.4900000000001,swap,notBad
10415,4,581.86,4,580.4900000000001,move,improve
10416,4,581.86,4,580.4900000000001,swap,notBad
10417,4,581.86,4,580.4900000000001,move,improve
10418,4,581.86,4,580.4900000000001,swap,notBad
10419,4,581.86,4,580.4900000000001,move,improve
10420,4,581.86,4,580.4900000000001,swap,notBad
10421,4,581.86,4,580.4900000000001,move,improve
10422,4,581.86,4,580.4900000000001,2opt,notBad
10423,4,581.86,4,580.4900000000001,move,improve
10424,4,581.86,4,580.4900000000001,2opt,notBad
10425,4,581.86,4,580.4900000000001,2opt,notBad
10426,4,581.86,4,580.4900000000001,move,improve
10427,4,581.86,4,580.4900000000001,move,improve
10428,4,581.86,4,580.4900000000001,swap,notBad
10429,4,581.86,4,580.4900000000001,2opt,notBad
10430,4,581.86,4,580.4900000000001,2opt,notBad
10431,4,581.86,4,580.4900000000001,move,improve
10432,4,581.86,4,580.4900000000001,2opt,notBad
10433,4,581.86,4,580.4900000000001,2opt,notBad
10434,4,581.86,4,580.4900000000001,2opt,notBad
10435,4,581.86,4,580.4900000000001,2opt,notBad
10436,4,581.86,4,580.4900000000001,2opt,notBad
10437,4,581.86,4,580.4900000000001,move,improve
10438,4,581.86,4,580.4900000000001,swap,notBad
10439,4,581.86,4,580.4900000000001,swap,notBad
10440,4,581.86,4,580.4900000000001,swap,notBad
10441,4,581.86,4,580.4900000000001,2opt,notBad
10442,4,581.86,4,580.4900000000001,move,improve
10443,4,581.86,4,580.4900000000001,move,improve
10444,4,581.86,4,580.4900000000001,2opt,notBad
10445,4,581.86,4,580.4900000000001,swap,notBad
10446,4,581.86,4,580.4900000000001,swap,notBad
10447,4,581.86,4,580.4900000000001,move,improve
10448,4,581.86,4,580.4900000000001,move,improve
10449,4,581.86,4,580.4900000000001,swap,notBad
10450,4,581.86,4,580.4900000000001,move,improve
10451,4,581.86,4,580.4900000000001,move,improve
10452,4,581.86,4,580.4900000000001,move,improve
10453,4,581.86,4,580.4900000000001,move,improve
10454,4,581.86,4,580.4900000000001,move,improve
10455,4,581.86,4,580.4900000000001,2opt,notBad
10456,4,581.86,4,580.4900000000001,2opt,notBad
10457,4,581.86,4,580.4900000000001,2opt,notBad
10458,4,581.86,4,580.4900000000001,move,improve
10459,4,581.86,4,580.4900000000001,move,improve
10460,4,581.86,4,580.4900000000001,2opt,notBad
10461,4,581.86,4,580.4900000000001,swap,notBad
10462,4,581.86,4,580.4900000000001,swap,notBad
10463,4,581.86,4,580.4900000000001,swap,notBad
10464,4,581.86,4,580.4900000000001,move,improve
10465,4,581.86,4,580.4900000000001,move,improve
10466,4,581.86,4,580.4900000000001,swap,notBad
10467,4,581.86,4,580.4900000000001,2opt,notBad
10468,4,581.86,4,580.4900000000001,move,improve
10469,4,581.86,4,580.4900000000001,swap,notBad
10470,4,581.86,4,580.4900000000001,swap,notBad
10471,4,581.86,4,580.4900000000001,2opt,notBad
10472,4,581.86,4,580.4900000000001,2opt,improve
10473,4,581.86,4,580.4900000000001,2opt,improve
10474,4,581.86,4,580.4900000000001,swap,notBad
10475,4,581.86,4,580.4900000000001,move,improve
10476,4,581.86,4,580.4900000000001,swap,notBad
10477,4,581.86,4,580.4900000000001,swap,notBad
10478,4,581.86,4,580.4900000000001,2opt,notBad
10479,4,581.86,4,580.4900000000001,swap,notBad
10480,4,581.86,4,580.4900000000001,2opt,notBad
10481,4,581.86,4,580.4900000000001,swap,notBad
10482,4,581.86,4,580.4900000000001,swap,notBad
10483,4,581.86,4,580.4900000000001,move,improve
10484,4,581.86,4,580.4900000000001,move,improve
10485,4,581.86,4,580.4900000000001,2opt,improve
10486,4,581.86,4,580.4900000000001,swap,notBad
10487,4,581.86,4,580.4900000000001,2opt,improve
10488,4,581.86,4,580.4900000000001,2opt,notBad
10489,4,581.86,4,580.4900000000001,move,improve
10490,4,581.86,4,580.4900000000001,move,improve
10491,4,581.86,4,580.4900000000001,2opt,notBad
10492,4,581.86,4,580.4900000000001,2opt,notBad
10493,4,581.86,4,580.4900000000001,2opt,notBad
10494,4,581.86,4,580.4900000000001,move,improve
10495,4,581.86,4,580.4900000000001,swap,notBad
10496,4,581.86,4,580.4900000000001,move,improve
10497,4,581.86,4,580.4900000000001,2opt,notBad
10498,4,581.86,4,580.4900000000001,2opt,notBad
10499,4,581.86,4,580.4900000000001,2opt,notBad
10500,4,581.86,4,580.4900000000001,swap,notBad
10501,4,581.86,4,580.4900000000001,move,improve
10502,4,581.86,4,580.4900000000001,swap,notBad
10503,4,581.86,4,580.4900000000001,move,improve
10504,4,581.86,4,580.4900000000001,2opt,notBad
10505,4,581.86,4,580.4900000000001,move,improve
10506,4,581.86,4,580.4900000000001,move,improve
10507,4,581.86,4,580.4900000000001,move,improve
10508,4,581.86,4,580.4900000000001,2opt,notBad
10509,4,581.86,4,580.4900000000001,swap,notBad
10510,4,581.86,4,580.4900000000001,2opt,notBad
10511,4,581.86,4,580.4900000000001,move,improve
10512,4,581.86,4,580.4900000000001,move,improve
10513,4,581.86,4,580.4900000000001,swap,notBad
10514,4,581.86,4,580.4900000000001,swap,notBad
10515,4,581.86,4,580.4900000000001,swap,notBad
10516,4,581.86,4,580.4900000000001,2opt,notBad
10517,4,581.86,4,580.4900000000001,move,improve
10518,4,581.86,4,580.4900000000001,move,improve
10519,4,581.86,4,580.4900000000001,2opt,notBad
10520,4,581.86,4,580.4900000000001,move,improve
10521,4,581.86,4,580.4900000000001,swap,notBad
10522,4,581.86,4,580.4900000000001,move,improve
10523,4,581.86,4,580.4900000000001,2opt,notBad
10524,4,581.86,4,580.4900000000001,2opt,improve
10525,4,581.86,4,580.4900000000001,move,improve
10526,4,581.86,4,580.4900000000001,swap,notBad
10527,4,581.86,4,580.4900000000001,move,improve
10528,4,581.86,4,580.4900000000001,move,improve
10529,4,581.86,4,580.4900000000001,move,improve
10530,4,581.86,4,580.4900000000001,swap,notBad
10531,4,581.86,4,580.4900000000001,move,improve
10532,4,581.86,4,580.4900000000001,2opt,notBad
10533,4,581.86,4,580.4900000000001,2opt,notBad
10534,4,581.86,4,580.4900000000001,2opt,notBad
10535,4,581.86,4,580.4900000000001,move,improve
10536,4,581.86,4,580.4900000000001,move,improve
10537,4,581.86,4,580.4900000000001,2opt,notBad
10538,4,581.86,4,580.4900000000001,move,improve
10539,4,581.86,4,580.4900000000001,2opt,notBad
10540,4,581.86,4,580.4900000000001,move,improve
10541,4,581.86,4,580.4900000000001,swap,notBad
10542,4,581.86,4,580.4900000000001,move,improve
10543,4,581.86,4,580.4900000000001,swap,notBad
10544,4,581.86,4,580.4900000000001,swap,notBad
10545,4,581.86,4,580.4900000000001,2opt,notBad
10546,4,581.86,4,580.4900000000001,2opt,notBad
10547,4,581.86,4,580.4900000000001,2opt,notBad
10548,4,581.86,4,580.4900000000001,move,improve
10549,4,581.86,4,580.4900000000001,2opt,notBad
10550,4,581.86,4,580.4900000000001,move,improve
10551,4,581.86,4,580.4900000000001,2opt,notBad
10552,4,581.86,4,580.4900000000001,swap,notBad
10553,4,581.86,4,580.4900000000001,2opt,notBad
10554,4,581.86,4,580.4900000000001,2opt,notBad
10555,4,581.86,4,580.4900000000001,swap,notBad
10556,4,581.86,4,580.4900000000001,swap,notBad
10557,4,581.86,4,580.4900000000001,2opt,improve
10558,4,581.86,4,580.4900000000001,2opt,notBad
10559,4,581.86,4,580.4900000000001,2opt,notBad
10560,4,581.86,4,580.4900000000001,swap,notBad
10561,4,581.86,4,580.4900000000001,move,improve
10562,4,581.86,4,580.4900000000001,move,improve
10563,4,581.86,4,580.4900000000001,move,improve
10564,4,581.86,4,580.4900000000001,move,improve
10565,4,581.86,4,580.4900000000001,move,improve
10566,4,581.86,4,580.4900000000001,move,improve
10567,4,581.86,4,580.4900000000001,swap,notBad
10568,4,581.86,4,580.4900000000001,2opt,improve
10569,4,581.86,4,580.4900000000001,2opt,notBad
10570,4,581.86,4,580.4900000000001,2opt,notBad
10571,4,581.86,4,580.4900000000001,swap,notBad
10572,4,581.86,4,580.4900000000001,swap,notBad
10573,4,581.86,4,580.4900000000001,2opt,notBad
10574,4,581.86,4,580.4900000000001,2opt,notBad
10575,4,581.86,4,580.4900000000001,swap,notBad
10576,4,581.86,4,580.4900000000001,2opt,notBad
10577,4,581.86,4,580.4900000000001,move,improve
10578,4,581.86,4,580.4900000000001,swap,notBad
10579,4,581.86,4,580.4900000000001,swap,notBad
10580,4,581.86,4,580.4900000000001,2opt,notBad
10581,4,581.86,4,580.4900000000001,2opt,notBad
10582,4,581.86,4,580.4900000000001,move,improve
10583,4,581.86,4,580.4900000000001,move,improve
10584,4,581.86,4,580.4900000000001,swap,notBad
10585,4,581.86,4,580.4900000000001,swap,notBad
10586,4,581.86,4,580.4900000000001,swap,notBad
10587,4,581.86,4,580.4900000000001,2opt,notBad
10588,4,581.86,4,580.4900000000001,move,improve
10589,4,581.86,4,580.4900000000001,swap,notBad
10590,4,581.86,4,580.4900000000001,swap,notBad
10591,4,581.86,4,580.4900000000001,2opt,improve
10592,4,581.86,4,580.4900000000001,swap,notBad
10593,4,581.86,4,580.4900000000001,move,improve
10594,4,581.86,4,580.4900000000001,2opt,notBad
10595,4,581.86,4,580.4900000000001,2opt,notBad
10596,4,581.86,4,580.4900000000001,move,improve
10597,4,581.86,4,580.4900000000001,swap,notBad
10598,4,581.86,4,580.4900000000001,move,improve
10599,4,581.86,4,580.4900000000001,2opt,notBad
10600,4,581.86,4,580.4900000000001,swap,notBad
10601,4,581.86,4,580.4900000000001,swap,notBad
10602,4,581.86,4,580.4900000000001,swap,notBad
10603,4,581.86,4,580.4900000000001,move,improve
10604,4,581.86,4,580.4900000000001,2opt,notBad
10605,4,581.86,4,580.4900000000001,2opt,notBad
10606,4,581.86,4,580.4900000000001,swap,notBad
10607,4,581.86,4,580.4900000000001,swap,notBad
10608,4,581.86,4,580.4900000000001,2opt,notBad
10609,4,581.86,4,580.4900000000001,2opt,improve
10610,4,581.86,4,580.4900000000001,move,improve
10611,4,581.86,4,580.4900000000001,move,improve
10612,4,581.86,4,580.4900000000001,swap,notBad
10613,4,581.86,4,580.4900000000001,swap,notBad
10614,4,581.86,4,580.4900000000001,swap,notBad
10615,4,581.86,4,580.4900000000001,move,improve
10616,4,581.86,4,580.4900000000001,2opt,notBad
10617,4,581.86,4,580.4900000000001,swap,notBad
10618,4,581.86,4,580.4900000000001,2opt,notBad
10619,4,581.86,4,580.4900000000001,2opt,notBad
10620,4,581.86,4,580.4900000000001,swap,notBad
10621,4,581.86,4,580.4900000000001,2opt,notBad
10622,4,581.86,4,580.4900000000001,swap,notBad
10623,4,581.86,4,580.4900000000001,2opt,notBad
10624,4,581.86,4,580.4900000000001,2opt,notBad
10625,4,581.86,4,580.4900000000001,2opt,notBad
10626,4,581.86,4,580.4900000000001,2opt,notBad
10627,4,581.86,4,580.4900000000001,swap,notBad
10628,4,581.86,4,580.4900000000001,move,improve
10629,4,581.86,4,580.4900000000001,2opt,notBad
10630,4,581.86,4,580.4900000000001,2opt,notBad
10631,4,581.86,4,580.4900000000001,swap,notBad
10632,4,581.86,4,580.4900000000001,move,improve
10633,4,581.86,4,580.4900000000001,2opt,notBad
10634,4,581.86,4,580.4900000000001,move,improve
10635,4,581.86,4,580.4900000000001,2opt,notBad
10636,4,581.86,4,580.4900000000001,swap,notBad
10637,4,581.86,4,580.4900000000001,2opt,notBad
10638,4,581.86,4,580.4900000000001,move,improve
10639,4,581.86,4,580.4900000000001,move,improve
10640,4,581.86,4,580.4900000000001,swap,notBad
10641,4,581.86,4,580.4900000000001,2opt,notBad
10642,4,581.86,4,580.4900000000001,2opt,notBad
10643,4,581.86,4,580.4900000000001,2opt,notBad
10644,4,581.86,4,580.4900000000001,2opt,notBad
10645,4,581.86,4,580.4900000000001,move,improve
10646,4,581.86,4,580.4900000000001,2opt,notBad
10647,4,581.86,4,580.4900000000001,move,improve
10648,4,581.86,4,580.4900000000001,move,improve
10649,4,581.86,4,580.4900000000001,swap,notBad
10650,4,581.86,4,580.4900000000001,move,improve
10651,4,581.86,4,580.4900000000001,2opt,notBad
10652,4,581.86,4,580.4900000000001,swap,notBad
10653,4,581.86,4,580.4900000000001,move,improve
10654,4,581.86,4,580.4900000000001,2opt,notBad
10655,4,581.86,4,580.4900000000001,swap,notBad
10656,4,581.86,4,580.4900000000001,move,improve
10657,4,581.86,4,580.4900000000001,swap,notBad
10658,4,581.86,4,580.4900000000001,2opt,notBad
10659,4,581.86,4,580.4900000000001,swap,notBad
10660,4,581.86,4,580.4900000000001,move,improve
10661,4,581.86,4,580.4900000000001,swap,notBad
10662,4,581.86,4,580.4900000000001,move,improve
10663,4,581.86,4,580.4900000000001,swap,notBad
10664,4,581.86,4,580.4900000000001,move,improve
10665,4,581.86,4,580.4900000000001,2opt,notBad
10666,4,581.86,4,580.4900000000001,2opt,notBad
10667,4,581.86,4,580.4900000000001,2opt,notBad
10668,4,581.86,4,580.4900000000001,2opt,notBad
10669,4,581.86,4,580.4900000000001,move,improve
10670,4,581.86,4,580.4900000000001,move,improve
10671,4,581.86,4,580.4900000000001,2opt,improve
10672,4,581.86,4,580.4900000000001,2opt,notBad
10673,4,581.86,4,580.4900000000001,move,improve
10674,4,581.86,4,580.4900000000001,swap,notBad
10675,4,581.86,4,580.4900000000001,move,improve
10676,4,581.86,4,580.4900000000001,2opt,notBad
10677,4,581.86,4,580.4900000000001,2opt,notBad
10678,4,581.86,4,580.4900000000001,move,improve
10679,4,581.86,4,580.4900000000001,swap,notBad
10680,4,581.86,4,580.4900000000001,swap,notBad
10681,4,581.86,4,580.4900000000001,2opt,notBad
10682,4,581.86,4,580.4900000000001,2opt,notBad
10683,4,581.86,4,580.4900000000001,2opt,notBad
10684,4,581.86,4,580.4900000000001,move,improve
10685,4,581.86,4,580.4900000000001,2opt,notBad
10686,4,581.86,4,580.4900000000001,move,improve
10687,4,581.86,4,580.4900000000001,swap,notBad
10688,4,581.86,4,580.4900000000001,2opt,notBad
10689,4,581.86,4,580.4900000000001,2opt,notBad
10690,4,581.86,4,580.4900000000001,2opt,notBad
10691,4,581.86,4,580.4900000000001,2opt,notBad
10692,4,581.86,4,580.4900000000001,move,improve
10693,4,581.86,4,580.4900000000001,move,improve
10694,4,581.86,4,580.4900000000001,swap,notBad
10695,4,581.86,4,580.4900000000001,swap,notBad
10696,4,581.86,4,580.4900000000001,swap,notBad
10697,4,581.86,4,580.4900000000001,move,improve
10698,4,581.86,4,580.4900000000001,swap,notBad
10699,4,581.86,4,580.4900000000001,swap,notBad
10700,4,581.86,4,580.4900000000001,move,improve
10701,4,581.86,4,580.4900000000001,move,improve
10702,4,581.86,4,580.4900000000001,swap,notBad
10703,4,581.86,4,580.4900000000001,move,improve
10704,4,581.86,4,580.4900000000001,swap,notBad
10705,4,581.86,4,580.4900000000001,move,improve
10706,4,581.86,4,580.4900000000001,swap,notBad
10707,4,581.86,4,580.4900000000001,swap,notBad
10708,4,581.86,4,580.4900000000001,move,improve
10709,4,581.86,4,580.4900000000001,swap,notBad
10710,4,581.86,4,580.4900000000001,2opt,notBad
10711,4,581.86,4,580.4900000000001,swap,notBad
10712,4,581.86,4,580.4900000000001,swap,notBad
10713,4,581.86,4,580.4900000000001,move,improve
10714,4,581.86,4,580.4900000000001,2opt,notBad
10715,4,581.86,4,580.4900000000001,2opt,notBad
10716,4,581.86,4,580.4900000000001,2opt,notBad
10717,4,581.86,4,580.4900000000001,2opt,notBad
10718,4,581.86,4,580.4900000000001,swap,notBad
10719,4,581.86,4,580.4900000000001,move,improve
10720,4,581.86,4,580.4900000000001,2opt,notBad
10721,4,581.86,4,580.4900000000001,move,improve
10722,4,581.86,4,580.4900000000001,2opt,notBad
10723,4,581.86,4,580.4900000000001,swap,notBad
10724,4,581.86,4,580.4900000000001,2opt,notBad
10725,4,581.86,4,580.4900000000001,swap,notBad
10726,4,581.86,4,580.4900000000001,swap,notBad
10727,4,581.86,4,580.4900000000001,move,improve
10728,4,581.86,4,580.4900000000001,2opt,notBad
10729,4,581.86,4,580.4900000000001,swap,notBad
10730,4,581.86,4,580.4900000000001,swap,notBad
10731,4,581.86,4,580.4900000000001,swap,notBad
10732,4,581.86,4,580.4900000000001,swap,notBad
10733,4,581.86,4,580.4900000000001,swap,notBad
10734,4,581.86,4,580.4900000000001,move,improve
10735,4,581.86,4,580.4900000000001,move,improve
10736,4,581.86,4,580.4900000000001,move,improve
10737,4,581.86,4,580.4900000000001,move,improve
10738,4,581.86,4,580.4900000000001,2opt,notBad
10739,4,581.86,4,580.4900000000001,move,improve
10740,4,581.86,4,580.4900000000001,move,improve
10741,4,581.86,4,580.4900000000001,move,improve
10742,4,581.86,4,580.4900000000001,2opt,notBad
10743,4,581.86,4,580.4900000000001,swap,notBad
10744,4,581.86,4,580.4900000000001,swap,notBad
10745,4,581.86,4,580.4900000000001,move,improve
10746,4,581.86,4,580.4900000000001,2opt,notBad
10747,4,581.86,4,580.4900000000001,swap,notBad
10748,4,581.86,4,580.4900000000001,swap,notBad
10749,4,581.86,4,580.4900000000001,swap,notBad
10750,4,581.86,4,580.4900000000001,swap,notBad
10751,4,581.86,4,580.4900000000001,2opt,notBad
10752,4,581.86,4,580.4900000000001,swap,notBad
10753,4,581.86,4,580.4900000000001,2opt,notBad
10754,4,581.86,4,580.4900000000001,2opt,notBad
10755,4,581.86,4,580.4900000000001,move,improve
10756,4,581.86,4,580.4900000000001,2opt,notBad
10757,4,581.86,4,580.4900000000001,2opt,notBad
10758,4,581.86,4,580.4900000000001,move,improve
10759,4,581.86,4,580.4900000000001,2opt,notBad
10760,4,581.86,4,580.4900000000001,move,improve
10761,4,581.86,4,580.4900000000001,swap,notBad
10762,4,581.86,4,580.4900000000001,move,improve
10763,4,581.86,4,580.4900000000001,swap,notBad
10764,4,581.86,4,580.4900000000001,2opt,notBad
10765,4,581.86,4,580.4900000000001,2opt,notBad
10766,4,581.86,4,580.4900000000001,move,improve
10767,4,581.86,4,580.4900000000001,swap,notBad
10768,4,581.86,4,580.4900000000001,move,improve
10769,4,581.86,4,580.4900000000001,2opt,notBad
10770,4,581.86,4,580.4900000000001,move,improve
10771,4,581.86,4,580.4900000000001,2opt,notBad
10772,4,581.86,4,580.4900000000001,move,improve
10773,4,581.86,4,580.4900000000001,2opt,notBad
10774,4,581.86,4,580.4900000000001,2opt,notBad
10775,4,581.86,4,580.4900000000001,move,improve
10776,4,581.86,4,580.4900000000001,move,improve
10777,4,581.86,4,580.4900000000001,swap,notBad
10778,4,581.86,4,580.4900000000001,move,improve
10779,4,581.86,4,580.4900000000001,2opt,notBad
10780,4,581.86,4,580.4900000000001,2opt,notBad
10781,4,581.86,4,580.4900000000001,swap,notBad
10782,4,581.86,4,580.4900000000001,2opt,notBad
10783,4,581.86,4,580.4900000000001,2opt,notBad
10784,4,581.86,4,580.4900000000001,swap,notBad
10785,4,581.86,4,580.4900000000001,move,improve
10786,4,581.86,4,580.4900000000001,swap,notBad
10787,4,581.86,4,580.4900000000001,move,improve
10788,4,581.86,4,580.4900000000001,swap,notBad
10789,4,581.86,4,580.4900000000001,move,improve
10790,4,581.86,4,580.4900000000001,move,improve
10791,4,581.86,4,580.4900000000001,2opt,improve
10792,4,581.86,4,580.4900000000001,move,improve
10793,4,581.86,4,580.4900000000001,swap,notBad
10794,4,581.86,4,580.4900000000001,2opt,notBad
10795,4,581.86,4,580.4900000000001,move,improve
10796,4,581.86,4,580.4900000000001,swap,notBad
10797,4,581.86,4,580.4900000000001,move,improve
10798,4,581.86,4,580.4900000000001,2opt,notBad
10799,4,581.86,4,580.4900000000001,2opt,notBad
10800,4,581.86,4,580.4900000000001,2opt,notBad
10801,4,581.86,4,580.4900000000001,swap,notBad
10802,4,581.86,4,580.4900000000001,2opt,notBad
10803,4,581.86,4,580.4900000000001,2opt,notBad
10804,4,581.86,4,580.4900000000001,move,improve
10805,4,581.86,4,580.4900000000001,swap,notBad
10806,4,581.86,4,580.4900000000001,swap,notBad
10807,4,581.86,4,580.4900000000001,swap,notBad
10808,4,581.86,4,580.4900000000001,swap,notBad
10809,4,581.86,4,580.4900000000001,move,improve
10810,4,581.86,4,580.4900000000001,2opt,notBad
10811,4,581.86,4,580.4900000000001,move,improve
10812,4,581.86,4,580.4900000000001,2opt,notBad
10813,4,581.86,4,580.4900000000001,2opt,notBad
10814,4,581.86,4,580.4900000000001,swap,notBad
10815,4,581.86,4,580.4900000000001,2opt,notBad
10816,4,581.86,4,580.4900000000001,2opt,notBad
10817,4,581.86,4,580.4900000000001,swap,notBad
10818,4,581.86,4,580.4900000000001,2opt,notBad
10819,4,581.86,4,580.4900000000001,swap,notBad
10820,4,581.86,4,580.4900000000001,swap,notBad
10821,4,581.86,4,580.4900000000001,2opt,notBad
10822,4,581.86,4,580.4900000000001,swap,notBad
10823,4,581.86,4,580.4900000000001,swap,notBad
10824,4,581.86,4,580.4900000000001,swap,notBad
10825,4,581.86,4,580.4900000000001,swap,notBad
10826,4,581.86,4,580.4900000000001,move,improve
10827,4,581.86,4,580.4900000000001,swap,notBad
10828,4,581.86,4,580.4900000000001,2opt,notBad
10829,4,581.86,4,580.4900000000001,swap,notBad
10830,4,581.86,4,580.4900000000001,swap,notBad
10831,4,581.86,4,580.4900000000001,2opt,notBad
10832,4,581.86,4,580.4900000000001,move,improve
10833,4,581.86,4,580.4900000000001,swap,notBad
10834,4,581.86,4,580.4900000000001,2opt,notBad
10835,4,581.86,4,580.4900000000001,swap,notBad
10836,4,581.86,4,580.4900000000001,move,improve
10837,4,581.86,4,580.4900000000001,move,improve
10838,4,581.86,4,580.4900000000001,swap,notBad
10839,4,581.86,4,580.4900000000001,2opt,notBad
10840,4,581.86,4,580.4900000000001,move,improve
10841,4,581.86,4,580.4900000000001,swap,notBad
10842,4,581.86,4,580.4900000000001,2opt,notBad
10843,4,581.86,4,580.4900000000001,swap,notBad
10844,4,581.86,4,580.4900000000001,move,improve
10845,4,581.86,4,580.4900000000001,2opt,notBad
10846,4,581.86,4,580.4900000000001,move,improve
10847,4,581.86,4,580.4900000000001,move,improve
10848,4,581.86,4,580.4900000000001,2opt,notBad
10849,4,581.86,4,580.4900000000001,2opt,notBad
10850,4,581.86,4,580.4900000000001,move,improve
10851,4,581.86,4,580.4900000000001,2opt,improve
10852,4,581.86,4,580.4900000000001,swap,notBad
10853,4,581.86,4,580.4900000000001,2opt,notBad
10854,4,581.86,4,580.4900000000001,2opt,improve
10855,4,581.86,4,580.4900000000001,2opt,notBad
10856,4,582.88,4,580.4900000000001,swap,acceptBad
10857,4,582.88,4,580.4900000000001,move,improve
10858,4,582.88,4,580.4900000000001,move,improve
10859,4,582.88,4,580.4900000000001,2opt,notBad
10860,4,582.88,4,580.4900000000001,move,improve
10861,4,582.88,4,580.4900000000001,move,improve
10862,4,582.88,4,580.4900000000001,2opt,notBad
10863,4,582.88,4,580.4900000000001,2opt,notBad
10864,4,582.88,4,580.4900000000001,move,improve
10865,4,582.88,4,580.4900000000001,move,improve
10866,4,582.88,4,580.4900000000001,swap,notBad
10867,4,582.88,4,580.4900000000001,swap,notBad
10868,4,582.88,4,580.4900000000001,swap,notBad
10869,4,582.88,4,580.4900000000001,2opt,notBad
10870,4,582.88,4,580.4900000000001,2opt,improve
10871,4,582.88,4,580.4900000000001,2opt,notBad
10872,4,582.88,4,580.4900000000001,2opt,notBad
10873,4,582.88,4,580.4900000000001,swap,notBad
10874,4,582.88,4,580.4900000000001,2opt,notBad
10875,4,582.88,4,580.4900000000001,move,improve
10876,4,582.88,4,580.4900000000001,swap,notBad
10877,4,582.88,4,580.4900000000001,2opt,notBad
10878,4,582.88,4,580.4900000000001,swap,notBad
10879,4,582.88,4,580.4900000000001,swap,notBad
10880,4,582.88,4,580.4900000000001,2opt,notBad
10881,4,582.88,4,580.4900000000001,move,improve
10882,4,582.88,4,580.4900000000001,swap,notBad
10883,4,582.88,4,580.4900000000001,move,improve
10884,4,582.88,4,580.4900000000001,swap,notBad
10885,4,582.88,4,580.4900000000001,swap,notBad
10886,4,582.88,4,580.4900000000001,swap,notBad
10887,4,582.88,4,580.4900000000001,move,improve
10888,4,582.88,4,580.4900000000001,move,improve
10889,4,582.88,4,580.4900000000001,move,improve
10890,4,582.88,4,580.4900000000001,swap,notBad
10891,4,582.88,4,580.4900000000001,swap,notBad
10892,4,582.88,4,580.4900000000001,2opt,notBad
10893,4,582.88,4,580.4900000000001,2opt,notBad
10894,4,582.88,4,580.4900000000001,move,improve
10895,4,582.88,4,580.4900000000001,swap,notBad
10896,4,582.88,4,580.4900000000001,swap,notBad
10897,4,582.88,4,580.4900000000001,swap,notBad
10898,4,582.88,4,580.4900000000001,2opt,notBad
10899,4,582.88,4,580.4900000000001,swap,notBad
10900,4,582.88,4,580.4900000000001,2opt,notBad
10901,4,582.88,4,580.4900000000001,2opt,notBad
10902,4,582.88,4,580.4900000000001,swap,notBad
10903,4,582.88,4,580.4900000000001,move,improve
10904,4,582.88,4,580.4900000000001,swap,notBad
10905,4,582.88,4,580.4900000000001,2opt,notBad
10906,4,582.88,4,580.4900000000001,2opt,notBad
10907,4,582.88,4,580.4900000000001,move,improve
10908,4,582.28,4,580.4900000000001,move,improve
10909,4,582.28,4,580.4900000000001,move,improve
10910,4,582.28,4,580.4900000000001,swap,notBad
10911,4,582.28,4,580.4900000000001,swap,notBad
10912,4,582.28,4,580.4900000000001,2opt,notBad
10913,4,582.28,4,580.4900000000001,swap,notBad
10914,4,582.28,4,580.4900000000001,swap,notBad
10915,4,582.28,4,580.4900000000001,swap,notBad
10916,4,582.28,4,580.4900000000001,move,improve
10917,4,582.28,4,580.4900000000001,swap,notBad
10918,4,582.28,4,580.4900000000001,move,improve
10919,4,582.28,4,580.4900000000001,move,improve
10920,4,582.28,4,580.4900000000001,move,improve
10921,4,582.28,4,580.4900000000001,move,improve
10922,4,582.28,4,580.4900000000001,swap,notBad
10923,4,582.28,4,580.4900000000001,swap,notBad
10924,4,582.28,4,580.4900000000001,2opt,notBad
10925,4,582.28,4,580.4900000000001,move,improve
10926,4,582.28,4,580.4900000000001,move,improve
10927,4,582.28,4,580.4900000000001,2opt,notBad
10928,4,582.28,4,580.4900000000001,move,improve
10929,4,582.28,4,580.4900000000001,move,improve
10930,4,582.28,4,580.4900000000001,2opt,notBad
10931,4,582.28,4,580.4900000000001,move,improve
10932,4,582.28,4,580.4900000000001,2opt,notBad
10933,4,582.28,4,580.4900000000001,move,improve
10934,4,582.28,4,580.4900000000001,move,improve
10935,4,582.28,4,580.4900000000001,move,improve
10936,4,582.28,4,580.4900000000001,2opt,notBad
10937,4,582.28,4,580.4900000000001,swap,notBad
10938,4,582.28,4,580.4900000000001,swap,notBad
10939,4,582.28,4,580.4900000000001,move,improve
10940,4,582.28,4,580.4900000000001,move,improve
10941,4,582.28,4,580.4900000000001,move,improve
10942,4,582.28,4,580.4900000000001,swap,notBad
10943,4,582.28,4,580.4900000000001,swap,notBad
10944,4,582.28,4,580.4900000000001,swap,notBad
10945,4,582.28,4,580.4900000000001,move,improve
10946,4,582.28,4,580.4900000000001,swap,notBad
10947,4,582.28,4,580.4900000000001,swap,notBad
10948,4,582.28,4,580.4900000000001,swap,notBad
10949,4,582.28,4,580.4900000000001,move,improve
10950,4,582.28,4,580.4900000000001,2opt,notBad
10951,4,582.28,4,580.4900000000001,swap,notBad
10952,4,582.28,4,580.4900000000001,2opt,notBad
10953,4,582.28,4,580.4900000000001,swap,notBad
10954,4,582.28,4,580.4900000000001,2opt,notBad
10955,4,582.28,4,580.4900000000001,2opt,notBad
10956,4,582.28,4,580.4900000000001,2opt,notBad
10957,4,582.28,4,580.4900000000001,move,improve
10958,4,582.28,4,580.4900000000001,swap,notBad
10959,4,582.28,4,580.4900000000001,move,improve
10960,4,582.28,4,580.4900000000001,swap,notBad
10961,4,582.28,4,580.4900000000001,swap,notBad
10962,4,582.28,4,580.4900000000001,2opt,notBad
10963,4,582.28,4,580.4900000000001,swap,notBad
10964,4,582.28,4,580.4900000000001,2opt,notBad
10965,4,582.28,4,580.4900000000001,swap,notBad
10966,4,582.28,4,580.4900000000001,2opt,notBad
10967,4,582.28,4,580.4900000000001,2opt,notBad
10968,4,582.28,4,580.4900000000001,2opt,notBad
10969,4,582.28,4,580.4900000000001,move,improve
10970,4,582.28,4,580.4900000000001,swap,notBad
10971,4,582.28,4,580.4900000000001,2opt,notBad
10972,4,582.28,4,580.4900000000001,2opt,improve
10973,4,582.28,4,580.4900000000001,move,improve
10974,4,582.28,4,580.4900000000001,move,improve
10975,4,582.28,4,580.4900000000001,swap,notBad
10976,4,582.28,4,580.4900000000001,2opt,notBad
10977,4,582.28,4,580.4900000000001,2opt,notBad
10978,4,582.28,4,580.4900000000001,move,improve
10979,4,582.28,4,580.4900000000001,move,improve
10980,4,582.28,4,580.4900000000001,swap,notBad
10981,4,582.28,4,580.4900000000001,move,improve
10982,4,582.28,4,580.4900000000001,2opt,improve
10983,4,582.28,4,580.4900000000001,2opt,notBad
10984,4,582.28,4,580.4900000000001,swap,notBad
10985,4,582.28,4,580.4900000000001,2opt,notBad
10986,4,582.28,4,580.4900000000001,swap,notBad
10987,4,582.28,4,580.4900000000001,swap,notBad
10988,4,582.28,4,580.4900000000001,2opt,notBad
10989,4,582.28,4,580.4900000000001,move,improve
10990,4,582.28,4,580.4900000000001,move,improve
10991,4,582.28,4,580.4900000000001,move,improve
10992,4,582.28,4,580.4900000000001,2opt,notBad
10993,4,582.28,4,580.4900000000001,move,improve
10994,4,582.28,4,580.4900000000001,move,improve
10995,4,582.28,4,580.4900000000001,2opt,notBad
10996,4,582.28,4,580.4900000000001,move,improve
10997,4,582.28,4,580.4900000000001,2opt,notBad
10998,4,582.28,4,580.4900000000001,swap,notBad
10999,4,582.28,4,580.4900000000001,swap,notBad
11000,4,582.28,4,580.4900000000001,2opt,notBad
11001,4,582.28,4,580.4900000000001,move,improve
11002,4,582.28,4,580.4900000000001,swap,notBad
11003,4,582.28,4,580.4900000000001,swap,notBad
11004,4,582.28,4,580.4900000000001,swap,notBad
11005,4,582.28,4,580.4900000000001,2opt,notBad
11006,4,582.28,4,580.4900000000001,swap,notBad
11007,4,582.28,4,580.4900000000001,move,improve
11008,4,582.28,4,580.4900000000001,2opt,notBad
11009,4,582.28,4,580.4900000000001,swap,notBad
11010,4,582.28,4,580.4900000000001,swap,notBad
11011,4,582.28,4,580.4900000000001,2opt,notBad
11012,4,582.28,4,580.4900000000001,move,improve
11013,4,582.28,4,580.4900000000001,2opt,notBad
11014,4,582.28,4,580.4900000000001,2opt,notBad
11015,4,582.28,4,580.4900000000001,move,improve
11016,4,582.28,4,580.4900000000001,swap,notBad
11017,4,582.28,4,580.4900000000001,swap,notBad
11018,4,582.28,4,580.4900000000001,swap,notBad
11019,4,582.28,4,580.4900000000001,move,improve
11020,4,582.28,4,580.4900000000001,2opt,notBad
11021,4,582.28,4,580.4900000000001,swap,notBad
11022,4,582.28,4,580.4900000000001,move,improve
11023,4,582.28,4,580.4900000000001,swap,notBad
11024,4,582.28,4,580.4900000000001,move,improve
11025,4,582.28,4,580.4900000000001,move,improve
11026,4,582.28,4,580.4900000000001,swap,notBad
11027,4,582.28,4,580.4900000000001,swap,notBad
11028,4,582.28,4,580.4900000000001,2opt,notBad
11029,4,582.28,4,580.4900000000001,2opt,notBad
11030,4,582.28,4,580.4900000000001,swap,notBad
11031,4,582.28,4,580.4900000000001,move,improve
11032,4,582.28,4,580.4900000000001,move,improve
11033,4,582.28,4,580.4900000000001,move,improve
11034,4,582.28,4,580.4900000000001,move,improve
11035,4,582.28,4,580.4900000000001,2opt,notBad
11036,4,582.28,4,580.4900000000001,2opt,notBad
11037,4,582.28,4,580.4900000000001,swap,notBad
11038,4,582.28,4,580.4900000000001,move,improve
11039,4,582.28,4,580.4900000000001,move,improve
11040,4,582.28,4,580.4900000000001,2opt,notBad
11041,4,582.28,4,580.4900000000001,swap,notBad
11042,4,582.28,4,580.4900000000001,swap,notBad
11043,4,582.28,4,580.4900000000001,2opt,notBad
11044,4,582.28,4,580.4900000000001,2opt,improve
11045,4,582.28,4,580.4900000000001,2opt,notBad
11046,4,582.28,4,580.4900000000001,swap,notBad
11047,4,582.28,4,580.4900000000001,2opt,notBad
11048,4,582.28,4,580.4900000000001,2opt,improve
11049,4,582.28,4,580.4900000000001,2opt,notBad
11050,4,582.28,4,580.4900000000001,move,improve
11051,4,582.28,4,580.4900000000001,swap,notBad
11052,4,582.28,4,580.4900000000001,move,improve
11053,4,582.28,4,580.4900000000001,swap,notBad
11054,4,582.28,4,580.4900000000001,2opt,notBad
11055,4,582.28,4,580.4900000000001,swap,notBad
11056,4,582.28,4,580.4900000000001,swap,notBad
11057,4,582.28,4,580.4900000000001,swap,notBad
11058,4,582.28,4,580.4900000000001,2opt,notBad
11059,4,582.28,4,580.4900000000001,swap,notBad
11060,4,582.28,4,580.4900000000001,2opt,notBad
11061,4,582.28,4,580.4900000000001,2opt,notBad
11062,4,582.28,4,580.4900000000001,swap,notBad
11063,4,582.28,4,580.4900000000001,swap,notBad
11064,4,582.28,4,580.4900000000001,move,improve
11065,4,582.28,4,580.4900000000001,move,improve
11066,4,582.28,4,580.4900000000001,move,improve
11067,4,582.28,4,580.4900000000001,move,improve
11068,4,582.28,4,580.4900000000001,swap,notBad
11069,4,582.28,4,580.4900000000001,swap,notBad
11070,4,582.28,4,580.4900000000001,swap,notBad
11071,4,582.28,4,580.4900000000001,swap,notBad
11072,4,582.28,4,580.4900000000001,2opt,notBad
11073,4,582.28,4,580.4900000000001,swap,notBad
11074,4,582.28,4,580.4900000000001,move,improve
11075,4,582.28,4,580.4900000000001,swap,notBad
11076,4,582.28,4,580.4900000000001,move,improve
11077,4,582.28,4,580.4900000000001,swap,notBad
11078,4,582.28,4,580.4900000000001,move,improve
11079,4,582.28,4,580.4900000000001,2opt,notBad
11080,4,582.28,4,580.4900000000001,move,improve
11081,4,582.28,4,580.4900000000001,move,improve
11082,4,582.28,4,580.4900000000001,2opt,notBad
11083,4,582.28,4,580.4900000000001,move,improve
11084,4,582.28,4,580.4900000000001,swap,notBad
11085,4,582.28,4,580.4900000000001,2opt,notBad
11086,4,582.28,4,580.4900000000001,swap,notBad
11087,4,582.28,4,580.4900000000001,swap,notBad
11088,4,582.28,4,580.4900000000001,move,improve
11089,4,582.28,4,580.4900000000001,swap,notBad
11090,4,582.28,4,580.4900000000001,swap,notBad
11091,4,582.28,4,580.4900000000001,move,improve
11092,4,582.28,4,580.4900000000001,move,improve
11093,4,582.28,4,580.4900000000001,2opt,notBad
11094,4,582.28,4,580.4900000000001,move,improve
11095,4,582.28,4,580.4900000000001,move,improve
11096,4,582.28,4,580.4900000000001,move,improve
11097,4,582.28,4,580.4900000000001,2opt,notBad
11098,4,582.28,4,580.4900000000001,2opt,notBad
11099,4,582.28,4,580.4900000000001,2opt,notBad
11100,4,582.28,4,580.4900000000001,2opt,notBad
11101,4,582.28,4,580.4900000000001,swap,notBad
11102,4,582.28,4,580.4900000000001,move,improve
11103,4,582.28,4,580.4900000000001,move,improve
11104,4,582.28,4,580.4900000000001,move,improve
11105,4,582.28,4,580.4900000000001,move,improve
11106,4,582.28,4,580.4900000000001,move,improve
11107,4,582.28,4,580.4900000000001,2opt,notBad
11108,4,582.28,4,580.4900000000001,swap,notBad
11109,4,582.28,4,580.4900000000001,move,improve
11110,4,582.28,4,580.4900000000001,2opt,notBad
11111,4,582.28,4,580.4900000000001,2opt,notBad
11112,4,582.28,4,580.4900000000001,2opt,notBad
11113,4,582.28,4,580.4900000000001,swap,notBad
11114,4,582.28,4,580.4900000000001,2opt,notBad
11115,4,582.28,4,580.4900000000001,swap,notBad
11116,4,582.28,4,580.4900000000001,2opt,notBad
11117,4,582.28,4,580.4900000000001,move,improve
11118,4,582.28,4,580.4900000000001,move,improve
11119,4,582.28,4,580.4900000000001,move,improve
11120,4,582.28,4,580.4900000000001,move,improve
11121,4,582.28,4,580.4900000000001,swap,notBad
11122,4,582.28,4,580.4900000000001,2opt,notBad
11123,4,582.28,4,580.4900000000001,2opt,notBad
11124,4,582.28,4,580.4900000000001,2opt,notBad
11125,4,582.28,4,580.4900000000001,2opt,notBad
11126,4,581.26,4,580.4900000000001,move,improve
11127,4,581.26,4,580.4900000000001,2opt,notBad
11128,4,581.26,4,580.4900000000001,move,improve
11129,4,581.26,4,580.4900000000001,2opt,notBad
11130,4,581.26,4,580.4900000000001,2opt,notBad
11131,4,581.26,4,580.4900000000001,move,improve
11132,4,581.26,4,580.4900000000001,move,improve
11133,4,581.26,4,580.4900000000001,move,improve
11134,4,581.26,4,580.4900000000001,move,improve
11135,4,581.26,4,580.4900000000001,2opt,notBad
11136,4,581.26,4,580.4900000000001,swap,notBad
11137,4,581.26,4,580.4900000000001,move,improve
11138,4,581.26,4,580.4900000000001,move,improve
11139,4,581.26,4,580.4900000000001,swap,notBad
11140,4,581.26,4,580.4900000000001,move,improve
11141,4,581.26,4,580.4900000000001,2opt,notBad
11142,4,581.26,4,580.4900000000001,swap,notBad
11143,4,581.26,4,580.4900000000001,move,improve
11144,4,581.26,4,580.4900000000001,move,improve
11145,4,581.26,4,580.4900000000001,swap,notBad
11146,4,581.26,4,580.4900000000001,move,improve
11147,4,581.26,4,580.4900000000001,swap,notBad
11148,4,581.26,4,580.4900000000001,2opt,notBad
11149,4,581.26,4,580.4900000000001,swap,notBad
11150,4,581.26,4,580.4900000000001,swap,notBad
11151,4,581.26,4,580.4900000000001,2opt,improve
11152,4,581.26,4,580.4900000000001,move,improve
11153,4,581.26,4,580.4900000000001,swap,notBad
11154,4,581.26,4,580.4900000000001,swap,notBad
11155,4,581.26,4,580.4900000000001,swap,notBad
11156,4,581.26,4,580.4900000000001,swap,notBad
11157,4,581.26,4,580.4900000000001,move,improve
11158,4,581.26,4,580.4900000000001,2opt,notBad
11159,4,581.26,4,580.4900000000001,swap,notBad
11160,4,581.26,4,580.4900000000001,swap,notBad
11161,4,581.26,4,580.4900000000001,2opt,notBad
11162,4,581.26,4,580.4900000000001,swap,notBad
11163,4,581.26,4,580.4900000000001,move,improve
11164,4,581.26,4,580.4900000000001,move,improve
11165,4,581.26,4,580.4900000000001,move,improve
11166,4,581.26,4,580.4900000000001,move,improve
11167,4,581.26,4,580.4900000000001,swap,notBad
11168,4,581.26,4,580.4900000000001,2opt,notBad
11169,4,581.26,4,580.4900000000001,2opt,notBad
11170,4,581.26,4,580.4900000000001,2opt,notBad
11171,4,581.26,4,580.4900000000001,swap,notBad
11172,4,581.26,4,580.4900000000001,2opt,notBad
11173,4,581.26,4,580.4900000000001,2opt,notBad
11174,4,581.26,4,580.4900000000001,swap,notBad
11175,4,581.26,4,580.4900000000001,swap,notBad
11176,4,581.26,4,580.4900000000001,swap,notBad
11177,4,581.26,4,580.4900000000001,2opt,notBad
11178,4,581.26,4,580.4900000000001,2opt,improve
11179,4,581.26,4,580.4900000000001,2opt,notBad
11180,4,581.26,4,580.4900000000001,2opt,notBad
11181,4,581.26,4,580.4900000000001,move,improve
11182,4,581.26,4,580.4900000000001,2opt,notBad
11183,4,581.26,4,580.4900000000001,swap,notBad
11184,4,581.26,4,580.4900000000001,2opt,notBad
11185,4,581.26,4,580.4900000000001,move,improve
11186,4,581.26,4,580.4900000000001,2opt,notBad
11187,4,581.26,4,580.4900000000001,swap,notBad
11188,4,581.26,4,580.4900000000001,2opt,notBad
11189,4,581.26,4,580.4900000000001,swap,notBad
11190,4,581.26,4,580.4900000000001,2opt,improve
11191,4,581.26,4,580.4900000000001,swap,notBad
11192,4,581.26,4,580.4900000000001,swap,notBad
11193,4,581.26,4,580.4900000000001,2opt,notBad
11194,4,581.26,4,580.4900000000001,2opt,notBad
11195,4,581.26,4,580.4900000000001,move,improve
11196,4,581.26,4,580.4900000000001,swap,notBad
11197,4,581.26,4,580.4900000000001,move,improve
11198,4,581.26,4,580.4900000000001,swap,notBad
11199,4,581.26,4,580.4900000000001,2opt,notBad
11200,4,581.26,4,580.4900000000001,move,improve
11201,4,581.26,4,580.4900000000001,move,improve
11202,4,581.26,4,580.4900000000001,swap,notBad
11203,4,581.26,4,580.4900000000001,2opt,notBad
11204,4,581.26,4,580.4900000000001,swap,notBad
11205,4,581.26,4,580.4900000000001,2opt,improve
11206,4,581.26,4,580.4900000000001,2opt,notBad
11207,4,581.26,4,580.4900000000001,2opt,notBad
11208,4,581.26,4,580.4900000000001,move,improve
11209,4,581.26,4,580.4900000000001,swap,notBad
11210,4,581.26,4,580.4900000000001,move,improve
11211,4,581.26,4,580.4900000000001,swap,notBad
11212,4,581.26,4,580.4900000000001,move,improve
11213,4,581.26,4,580.4900000000001,move,improve
11214,4,581.26,4,580.4900000000001,2opt,notBad
11215,4,581.26,4,580.4900000000001,move,improve
11216,4,581.26,4,580.4900000000001,swap,notBad
11217,4,581.26,4,580.4900000000001,move,improve
11218,4,581.26,4,580.4900000000001,2opt,notBad
11219,4,581.26,4,580.4900000000001,swap,notBad
11220,4,581.26,4,580.4900000000001,2opt,notBad
11221,4,581.26,4,580.4900000000001,swap,notBad
11222,4,581.26,4,580.4900000000001,move,improve
11223,4,581.26,4,580.4900000000001,2opt,notBad
11224,4,581.26,4,580.4900000000001,swap,notBad
11225,4,581.26,4,580.4900000000001,move,improve
11226,4,581.26,4,580.4900000000001,move,improve
11227,4,581.26,4,580.4900000000001,move,improve
11228,4,581.26,4,580.4900000000001,swap,notBad
11229,4,581.26,4,580.4900000000001,move,improve
11230,4,581.26,4,580.4900000000001,2opt,notBad
11231,4,581.26,4,580.4900000000001,move,improve
11232,4,581.86,4,580.4900000000001,move,acceptBad
11233,4,581.86,4,580.4900000000001,swap,notBad
11234,4,581.86,4,580.4900000000001,move,improve
11235,4,581.86,4,580.4900000000001,2opt,notBad
11236,4,581.86,4,580.4900000000001,2opt,notBad
11237,4,581.86,4,580.4900000000001,move,improve
11238,4,581.86,4,580.4900000000001,2opt,improve
11239,4,581.86,4,580.4900000000001,move,improve
11240,4,581.86,4,580.4900000000001,swap,notBad
11241,4,581.86,4,580.4900000000001,swap,notBad
11242,4,581.86,4,580.4900000000001,2opt,notBad
11243,4,581.86,4,580.4900000000001,swap,notBad
11244,4,581.86,4,580.4900000000001,swap,notBad
11245,4,581.86,4,580.4900000000001,2opt,notBad
11246,4,581.86,4,580.4900000000001,move,improve
11247,4,581.86,4,580.4900000000001,swap,notBad
11248,4,581.86,4,580.4900000000001,swap,notBad
11249,4,581.86,4,580.4900000000001,move,improve
11250,4,581.86,4,580.4900000000001,swap,notBad
11251,4,581.86,4,580.4900000000001,move,improve
11252,4,581.86,4,580.4900000000001,2opt,notBad
11253,4,581.86,4,580.4900000000001,2opt,notBad
11254,4,581.86,4,580.4900000000001,move,improve
11255,4,581.86,4,580.4900000000001,move,improve
11256,4,581.86,4,580.4900000000001,2opt,notBad
11257,4,581.86,4,580.4900000000001,swap,notBad
11258,4,581.86,4,580.4900000000001,swap,notBad
11259,4,581.86,4,580.4900000000001,move,improve
11260,4,581.86,4,580.4900000000001,2opt,notBad
11261,4,581.86,4,580.4900000000001,swap,notBad
11262,4,581.86,4,580.4900000000001,2opt,notBad
11263,4,581.86,4,580.4900000000001,swap,notBad
11264,4,581.86,4,580.4900000000001,2opt,notBad
11265,4,581.86,4,580.4900000000001,2opt,notBad
11266,4,581.86,4,580.4900000000001,move,improve
11267,4,581.86,4,580.4900000000001,swap,notBad
11268,4,581.86,4,580.4900000000001,2opt,notBad
11269,4,581.86,4,580.4900000000001,move,improve
11270,4,581.86,4,580.4900000000001,swap,notBad
11271,4,581.86,4,580.4900000000001,swap,notBad
11272,4,581.86,4,580.4900000000001,move,improve
11273,4,581.86,4,580.4900000000001,swap,notBad
11274,4,581.86,4,580.4900000000001,2opt,notBad
11275,4,581.86,4,580.4900000000001,move,improve
11276,4,581.86,4,580.4900000000001,swap,notBad
11277,4,581.26,4,580.4900000000001,move,improve
11278,4,581.26,4,580.4900000000001,2opt,notBad
11279,4,581.26,4,580.4900000000001,swap,notBad
11280,4,581.26,4,580.4900000000001,swap,notBad
11281,4,581.26,4,580.4900000000001,2opt,notBad
11282,4,581.26,4,580.4900000000001,swap,notBad
11283,4,581.26,4,580.4900000000001,swap,notBad
11284,4,581.26,4,580.4900000000001,2opt,notBad
11285,4,581.26,4,580.4900000000001,2opt,notBad
11286,4,581.26,4,580.4900000000001,move,improve
11287,4,581.26,4,580.4900000000001,swap,notBad
11288,4,581.26,4,580.4900000000001,2opt,notBad
11289,4,581.26,4,580.4900000000001,swap,notBad
11290,4,581.26,4,580.4900000000001,2opt,notBad
11291,4,581.26,4,580.4900000000001,move,improve
11292,4,581.26,4,580.4900000000001,move,improve
11293,4,581.26,4,580.4900000000001,2opt,notBad
11294,4,581.26,4,580.4900000000001,move,improve
11295,4,581.26,4,580.4900000000001,move,improve
11296,4,581.26,4,580.4900000000001,swap,notBad
11297,4,581.26,4,580.4900000000001,2opt,notBad
11298,4,581.26,4,580.4900000000001,move,improve
11299,4,581.26,4,580.4900000000001,2opt,notBad
11300,4,581.26,4,580.4900000000001,move,improve
11301,4,581.26,4,580.4900000000001,swap,notBad
11302,4,581.26,4,580.4900000000001,2opt,notBad
11303,4,581.26,4,580.4900000000001,move,improve
11304,4,581.26,4,580.4900000000001,move,improve
11305,4,581.26,4,580.4900000000001,swap,notBad
11306,4,581.26,4,580.4900000000001,swap,notBad
11307,4,581.26,4,580.4900000000001,swap,notBad
11308,4,581.26,4,580.4900000000001,move,improve
11309,4,581.26,4,580.4900000000001,swap,notBad
11310,4,581.26,4,580.4900000000001,swap,notBad
11311,4,581.26,4,580.4900000000001,2opt,notBad
11312,4,581.26,4,580.4900000000001,2opt,notBad
11313,4,581.26,4,580.4900000000001,swap,notBad
11314,4,581.26,4,580.4900000000001,move,improve
11315,4,581.26,4,580.4900000000001,swap,notBad
11316,4,581.26,4,580.4900000000001,move,improve
11317,4,581.26,4,580.4900000000001,move,improve
11318,4,581.26,4,580.4900000000001,swap,notBad
11319,4,581.26,4,580.4900000000001,swap,notBad
11320,4,581.26,4,580.4900000000001,2opt,notBad
11321,4,581.26,4,580.4900000000001,swap,notBad
11322,4,581.26,4,580.4900000000001,2opt,notBad
11323,4,581.26,4,580.4900000000001,swap,notBad
11324,4,581.26,4,580.4900000000001,swap,notBad
11325,4,581.26,4,580.4900000000001,2opt,notBad
11326,4,581.26,4,580.4900000000001,move,improve
11327,4,581.26,4,580.4900000000001,move,improve
11328,4,581.26,4,580.4900000000001,swap,notBad
11329,4,581.26,4,580.4900000000001,swap,notBad
11330,4,581.26,4,580.4900000000001,2opt,improve
11331,4,581.26,4,580.4900000000001,move,improve
11332,4,581.26,4,580.4900000000001,2opt,notBad
11333,4,581.26,4,580.4900000000001,move,improve
11334,4,581.26,4,580.4900000000001,move,improve
11335,4,581.26,4,580.4900000000001,swap,notBad
11336,4,581.26,4,580.4900000000001,swap,notBad
11337,4,581.26,4,580.4900000000001,2opt,notBad
11338,4,581.26,4,580.4900000000001,2opt,notBad
11339,4,581.26,4,580.4900000000001,move,improve
11340,4,581.26,4,580.4900000000001,swap,notBad
11341,4,581.26,4,580.4900000000001,move,improve
11342,4,581.26,4,580.4900000000001,swap,notBad
11343,4,581.26,4,580.4900000000001,move,improve
11344,4,581.26,4,580.4900000000001,move,improve
11345,4,581.26,4,580.4900000000001,move,improve
11346,4,581.26,4,580.4900000000001,swap,notBad
11347,4,581.26,4,580.4900000000001,swap,notBad
11348,4,581.26,4,580.4900000000001,move,improve
11349,4,581.26,4,580.4900000000001,move,improve
11350,4,581.26,4,580.4900000000001,swap,notBad
11351,4,581.26,4,580.4900000000001,swap,notBad
11352,4,581.26,4,580.4900000000001,move,improve
11353,4,581.26,4,580.4900000000001,swap,notBad
11354,4,581.26,4,580.4900000000001,2opt,notBad
11355,4,581.26,4,580.4900000000001,move,improve
11356,4,581.26,4,580.4900000000001,2opt,notBad
11357,4,581.26,4,580.4900000000001,move,improve
11358,4,581.26,4,580.4900000000001,move,improve
11359,4,581.26,4,580.4900000000001,2opt,notBad
11360,4,581.26,4,580.4900000000001,2opt,notBad
11361,4,581.26,4,580.4900000000001,2opt,notBad
11362,4,581.26,4,580.4900000000001,2opt,notBad
11363,4,581.26,4,580.4900000000001,move,improve
11364,4,581.26,4,580.4900000000001,2opt,notBad
11365,4,581.26,4,580.4900000000001,2opt,notBad
11366,4,581.26,4,580.4900000000001,move,improve
11367,4,581.26,4,580.4900000000001,swap,notBad
11368,4,581.26,4,580.4900000000001,2opt,notBad
11369,4,581.26,4,580.4900000000001,2opt,notBad
11370,4,581.26,4,580.4900000000001,2opt,notBad
11371,4,581.26,4,580.4900000000001,move,improve
11372,4,581.26,4,580.4900000000001,move,improve
11373,4,581.26,4,580.4900000000001,2opt,notBad
11374,4,581.26,4,580.4900000000001,swap,notBad
11375,4,581.26,4,580.4900000000001,swap,notBad
11376,4,581.26,4,580.4900000000001,2opt,notBad
11377,4,581.26,4,580.4900000000001,2opt,notBad
11378,4,581.26,4,580.4900000000001,2opt,notBad
11379,4,581.26,4,580.4900000000001,move,improve
11380,4,581.26,4,580.4900000000001,swap,notBad
11381,4,581.26,4,580.4900000000001,move,improve
11382,4,581.26,4,580.4900000000001,swap,notBad
11383,4,581.26,4,580.4900000000001,move,improve
11384,4,581.26,4,580.4900000000001,2opt,notBad
11385,4,581.26,4,580.4900000000001,2opt,notBad
11386,4,581.26,4,580.4900000000001,move,improve
11387,4,581.26,4,580.4900000000001,swap,notBad
11388,4,581.26,4,580.4900000000001,move,improve
11389,4,581.26,4,580.4900000000001,2opt,notBad
11390,4,581.26,4,580.4900000000001,swap,notBad
11391,4,581.26,4,580.4900000000001,swap,notBad
11392,4,581.26,4,580.4900000000001,swap,notBad
11393,4,581.26,4,580.4900000000001,swap,notBad
11394,4,581.26,4,580.4900000000001,swap,notBad
11395,4,581.26,4,580.4900000000001,2opt,notBad
11396,4,581.26,4,580.4900000000001,move,improve
11397,4,581.26,4,580.4900000000001,2opt,notBad
11398,4,581.26,4,580.4900000000001,2opt,notBad
11399,4,581.26,4,580.4900000000001,move,improve
11400,4,581.26,4,580.4900000000001,2opt,notBad
11401,4,581.26,4,580.4900000000001,swap,notBad
11402,4,581.26,4,580.4900000000001,swap,notBad
11403,4,581.26,4,580.4900000000001,move,improve
11404,4,581.26,4,580.4900000000001,swap,notBad
11405,4,581.26,4,580.4900000000001,move,improve
11406,4,581.26,4,580.4900000000001,move,improve
11407,4,581.26,4,580.4900000000001,swap,notBad
11408,4,581.26,4,580.4900000000001,2opt,notBad
11409,4,581.26,4,580.4900000000001,swap,notBad
11410,4,581.26,4,580.4900000000001,move,improve
11411,4,581.26,4,580.4900000000001,swap,notBad
11412,4,581.26,4,580.4900000000001,swap,notBad
11413,4,581.26,4,580.4900000000001,2opt,notBad
11414,4,581.26,4,580.4900000000001,swap,notBad
11415,4,581.26,4,580.4900000000001,2opt,notBad
11416,4,581.26,4,580.4900000000001,swap,notBad
11417,4,581.26,4,580.4900000000001,move,improve
11418,4,581.26,4,580.4900000000001,2opt,notBad
11419,4,581.26,4,580.4900000000001,2opt,notBad
11420,4,581.26,4,580.4900000000001,move,improve
11421,4,581.26,4,580.4900000000001,2opt,notBad
11422,4,581.26,4,580.4900000000001,swap,notBad
11423,4,581.26,4,580.4900000000001,move,improve
11424,4,581.26,4,580.4900000000001,swap,notBad
11425,4,581.26,4,580.4900000000001,move,improve
11426,4,581.26,4,580.4900000000001,swap,notBad
11427,4,581.26,4,580.4900000000001,move,improve
11428,4,581.26,4,580.4900000000001,2opt,notBad
11429,4,581.26,4,580.4900000000001,move,improve
11430,4,581.26,4,580.4900000000001,swap,notBad
11431,4,581.26,4,580.4900000000001,move,improve
11432,4,581.26,4,580.4900000000001,move,improve
11433,4,581.26,4,580.4900000000001,2opt,improve
11434,4,581.26,4,580.4900000000001,move,improve
11435,4,581.26,4,580.4900000000001,2opt,notBad
11436,4,581.26,4,580.4900000000001,swap,notBad
11437,4,581.26,4,580.4900000000001,swap,notBad
11438,4,581.26,4,580.4900000000001,2opt,notBad
11439,4,581.26,4,580.4900000000001,2opt,notBad
11440,4,581.26,4,580.4900000000001,swap,notBad
11441,4,581.26,4,580.4900000000001,move,improve
11442,4,581.26,4,580.4900000000001,move,improve
11443,4,581.26,4,580.4900000000001,2opt,notBad
11444,4,581.26,4,580.4900000000001,2opt,notBad
11445,4,581.26,4,580.4900000000001,move,improve
11446,4,581.26,4,580.4900000000001,2opt,notBad
11447,4,581.26,4,580.4900000000001,swap,notBad
11448,4,581.26,4,580.4900000000001,2opt,notBad
11449,4,581.26,4,580.4900000000001,move,improve
11450,4,581.26,4,580.4900000000001,2opt,notBad
11451,4,581.26,4,580.4900000000001,2opt,notBad
11452,4,581.26,4,580.4900000000001,2opt,notBad
11453,4,581.26,4,580.4900000000001,move,improve
11454,4,581.26,4,580.4900000000001,swap,notBad
11455,4,581.26,4,580.4900000000001,move,improve
11456,4,581.26,4,580.4900000000001,2opt,notBad
11457,4,581.26,4,580.4900000000001,move,improve
11458,4,581.26,4,580.4900000000001,2opt,notBad
11459,4,581.26,4,580.4900000000001,2opt,notBad
11460,4,581.26,4,580.4900000000001,move,improve
11461,4,581.26,4,580.4900000000001,move,improve
11462,4,581.26,4,580.4900000000001,2opt,notBad
11463,4,581.26,4,580.4900000000001,swap,notBad
11464,4,581.26,4,580.4900000000001,move,improve
11465,4,581.26,4,580.4900000000001,2opt,notBad
11466,4,581.26,4,580.4900000000001,swap,notBad
11467,4,581.26,4,580.4900000000001,swap,notBad
11468,4,581.26,4,580.4900000000001,move,improve
11469,4,581.26,4,580.4900000000001,swap,notBad
11470,4,581.26,4,580.4900000000001,2opt,notBad
11471,4,581.26,4,580.4900000000001,move,improve
11472,4,581.26,4,580.4900000000001,swap,notBad
11473,4,581.26,4,580.4900000000001,move,improve
11474,4,581.26,4,580.4900000000001,2opt,notBad
11475,4,581.26,4,580.4900000000001,swap,notBad
11476,4,581.26,4,580.4900000000001,move,improve
11477,4,581.26,4,580.4900000000001,2opt,notBad
11478,4,581.26,4,580.4900000000001,2opt,notBad
11479,4,581.26,4,580.4900000000001,2opt,notBad
11480,4,581.26,4,580.4900000000001,2opt,notBad
11481,4,581.26,4,580.4900000000001,move,improve
11482,4,581.26,4,580.4900000000001,swap,notBad
11483,4,581.26,4,580.4900000000001,2opt,notBad
11484,4,581.26,4,580.4900000000001,move,improve
11485,4,581.26,4,580.4900000000001,move,improve
11486,4,581.26,4,580.4900000000001,move,improve
11487,4,581.26,4,580.4900000000001,2opt,notBad
11488,4,581.26,4,580.4900000000001,swap,notBad
11489,4,581.26,4,580.4900000000001,2opt,notBad
11490,4,581.26,4,580.4900000000001,move,improve
11491,4,581.26,4,580.4900000000001,2opt,notBad
11492,4,581.26,4,580.4900000000001,2opt,notBad
11493,4,581.26,4,580.4900000000001,2opt,notBad
11494,4,581.26,4,580.4900000000001,swap,notBad
11495,4,581.26,4,580.4900000000001,move,improve
11496,4,581.26,4,580.4900000000001,swap,notBad
11497,4,581.26,4,580.4900000000001,swap,notBad
11498,4,581.26,4,580.4900000000001,swap,notBad
11499,4,581.26,4,580.4900000000001,swap,notBad
11500,4,581.26,4,580.4900000000001,swap,notBad
11501,4,581.26,4,580.4900000000001,move,improve
11502,4,581.26,4,580.4900000000001,swap,notBad
11503,4,581.26,4,580.4900000000001,2opt,notBad
11504,4,581.26,4,580.4900000000001,swap,notBad
11505,4,581.26,4,580.4900000000001,move,improve
11506,4,581.26,4,580.4900000000001,2opt,notBad
11507,4,581.26,4,580.4900000000001,swap,notBad
11508,4,581.26,4,580.4900000000001,move,improve
11509,4,581.26,4,580.4900000000001,move,improve
11510,4,581.26,4,580.4900000000001,move,improve
11511,4,581.26,4,580.4900000000001,swap,notBad
11512,4,581.26,4,580.4900000000001,move,improve
11513,4,581.26,4,580.4900000000001,move,improve
11514,4,581.26,4,580.4900000000001,move,improve
11515,4,581.26,4,580.4900000000001,swap,notBad
11516,4,581.26,4,580.4900000000001,move,improve
11517,4,581.26,4,580.4900000000001,2opt,notBad
11518,4,581.26,4,580.4900000000001,swap,notBad
11519,4,581.26,4,580.4900000000001,move,improve
11520,4,581.26,4,580.4900000000001,2opt,notBad
11521,4,581.26,4,580.4900000000001,2opt,notBad
11522,4,581.26,4,580.4900000000001,swap,notBad
11523,4,581.26,4,580.4900000000001,move,improve
11524,4,581.26,4,580.4900000000001,move,improve
11525,4,581.26,4,580.4900000000001,2opt,notBad
11526,4,581.26,4,580.4900000000001,swap,notBad
11527,4,581.26,4,580.4900000000001,swap,notBad
11528,4,581.26,4,580.4900000000001,swap,notBad
11529,4,581.26,4,580.4900000000001,swap,notBad
11530,4,581.26,4,580.4900000000001,move,improve
11531,4,581.26,4,580.4900000000001,2opt,notBad
11532,4,581.26,4,580.4900000000001,swap,notBad
11533,4,581.26,4,580.4900000000001,move,improve
11534,4,581.26,4,580.4900000000001,2opt,notBad
11535,4,581.26,4,580.4900000000001,move,improve
11536,4,581.26,4,580.4900000000001,move,improve
11537,4,581.26,4,580.4900000000001,swap,notBad
11538,4,581.26,4,580.4900000000001,2opt,notBad
11539,4,581.26,4,580.4900000000001,2opt,notBad
11540,4,581.26,4,580.4900000000001,swap,notBad
11541,4,581.26,4,580.4900000000001,2opt,notBad
11542,4,581.26,4,580.4900000000001,2opt,notBad
11543,4,581.26,4,580.4900000000001,2opt,notBad
11544,4,581.26,4,580.4900000000001,swap,notBad
11545,4,581.26,4,580.4900000000001,swap,notBad
11546,4,581.26,4,580.4900000000001,2opt,notBad
11547,4,581.26,4,580.4900000000001,move,improve
11548,4,581.26,4,580.4900000000001,move,improve
11549,4,581.26,4,580.4900000000001,move,improve
11550,4,581.26,4,580.4900000000001,move,improve
11551,4,581.26,4,580.4900000000001,swap,notBad
11552,4,581.26,4,580.4900000000001,2opt,notBad
11553,4,581.26,4,580.4900000000001,swap,notBad
11554,4,581.26,4,580.4900000000001,swap,notBad
11555,4,581.26,4,580.4900000000001,2opt,notBad
11556,4,581.26,4,580.4900000000001,swap,notBad
11557,4,581.26,4,580.4900000000001,2opt,notBad
11558,4,581.26,4,580.4900000000001,move,improve
11559,4,581.26,4,580.4900000000001,move,improve
11560,4,581.26,4,580.4900000000001,move,improve
11561,4,581.26,4,580.4900000000001,move,improve
11562,4,581.26,4,580.4900000000001,move,improve
11563,4,581.26,4,580.4900000000001,move,improve
11564,4,581.26,4,580.4900000000001,swap,notBad
11565,4,581.26,4,580.4900000000001,2opt,notBad
11566,4,581.26,4,580.4900000000001,move,improve
11567,4,581.26,4,580.4900000000001,2opt,notBad
11568,4,581.26,4,580.4900000000001,swap,notBad
11569,4,581.26,4,580.4900000000001,2opt,notBad
11570,4,581.26,4,580.4900000000001,2opt,notBad
11571,4,581.26,4,580.4900000000001,swap,notBad
11572,4,581.26,4,580.4900000000001,swap,notBad
11573,4,581.26,4,580.4900000000001,swap,notBad
11574,4,581.26,4,580.4900000000001,swap,notBad
11575,4,581.26,4,580.4900000000001,move,improve
11576,4,581.26,4,580.4900000000001,swap,notBad
11577,4,581.26,4,580.4900000000001,move,improve
11578,4,581.26,4,580.4900000000001,2opt,notBad
11579,4,581.26,4,580.4900000000001,move,improve
11580,4,581.26,4,580.4900000000001,swap,notBad
11581,4,581.26,4,580.4900000000001,move,improve
11582,4,581.26,4,580.4900000000001,2opt,notBad
11583,4,581.26,4,580.4900000000001,move,improve
11584,4,581.26,4,580.4900000000001,2opt,notBad
11585,4,581.26,4,580.4900000000001,2opt,notBad
11586,4,581.26,4,580.4900000000001,move,improve
11587,4,581.26,4,580.4900000000001,move,improve
11588,4,581.26,4,580.4900000000001,move,improve
11589,4,581.26,4,580.4900000000001,swap,notBad
11590,4,581.26,4,580.4900000000001,move,improve
11591,4,581.26,4,580.4900000000001,2opt,notBad
11592,4,581.26,4,580.4900000000001,2opt,improve
11593,4,581.26,4,580.4900000000001,2opt,notBad
11594,4,581.26,4,580.4900000000001,swap,notBad
11595,4,581.26,4,580.4900000000001,2opt,notBad
11596,4,581.26,4,580.4900000000001,move,improve
11597,4,581.26,4,580.4900000000001,2opt,notBad
11598,4,581.26,4,580.4900000000001,swap,notBad
11599,4,581.26,4,580.4900000000001,2opt,notBad
11600,4,581.26,4,580.4900000000001,2opt,improve
11601,4,581.26,4,580.4900000000001,move,improve
11602,4,581.26,4,580.4900000000001,move,improve
11603,4,581.26,4,580.4900000000001,swap,notBad
11604,4,581.26,4,580.4900000000001,move,improve
11605,4,581.26,4,580.4900000000001,move,improve
11606,4,581.26,4,580.4900000000001,2opt,notBad
11607,4,581.26,4,580.4900000000001,swap,notBad
11608,4,581.26,4,580.4900000000001,move,improve
11609,4,581.26,4,580.4900000000001,swap,notBad
11610,4,581.26,4,580.4900000000001,2opt,notBad
11611,4,581.26,4,580.4900000000001,2opt,notBad
11612,4,581.26,4,580.4900000000001,swap,notBad
11613,4,581.26,4,580.4900000000001,swap,notBad
11614,4,581.26,4,580.4900000000001,2opt,notBad
11615,4,581.26,4,580.4900000000001,swap,notBad
11616,4,581.26,4,580.4900000000001,move,improve
11617,4,581.26,4,580.4900000000001,swap,notBad
11618,4,581.26,4,580.4900000000001,swap,notBad
11619,4,581.26,4,580.4900000000001,2opt,notBad
11620,4,581.26,4,580.4900000000001,move,improve
11621,4,581.26,4,580.4900000000001,move,improve
11622,4,581.26,4,580.4900000000001,2opt,notBad
11623,4,581.26,4,580.4900000000001,swap,notBad
11624,4,581.86,4,580.4900000000001,move,acceptBad
11625,4,581.86,4,580.4900000000001,2opt,notBad
11626,4,581.86,4,580.4900000000001,swap,notBad
11627,4,581.86,4,580.4900000000001,move,improve
11628,4,581.86,4,580.4900000000001,swap,notBad
11629,4,581.86,4,580.4900000000001,move,improve
11630,4,581.86,4,580.4900000000001,swap,notBad
11631,4,581.86,4,580.4900000000001,move,improve
11632,4,581.86,4,580.4900000000001,2opt,notBad
11633,4,581.86,4,580.4900000000001,move,improve
11634,4,581.86,4,580.4900000000001,2opt,notBad
11635,4,581.86,4,580.4900000000001,move,improve
11636,4,581.86,4,580.4900000000001,2opt,notBad
11637,4,581.86,4,580.4900000000001,2opt,notBad
11638,4,581.86,4,580.4900000000001,2opt,notBad
11639,4,581.86,4,580.4900000000001,swap,notBad
11640,4,581.86,4,580.4900000000001,move,improve
11641,4,581.86,4,580.4900000000001,move,improve
11642,4,581.86,4,580.4900000000001,move,improve
11643,4,581.86,4,580.4900000000001,2opt,improve
11644,4,581.86,4,580.4900000000001,move,improve
11645,4,581.86,4,580.4900000000001,2opt,notBad
11646,4,581.86,4,580.4900000000001,2opt,improve
11647,4,581.86,4,580.4900000000001,move,improve
11648,4,581.86,4,580.4900000000001,2opt,notBad
11649,4,581.86,4,580.4900000000001,2opt,notBad
11650,4,581.86,4,580.4900000000001,swap,notBad
11651,4,581.86,4,580.4900000000001,2opt,notBad
11652,4,581.86,4,580.4900000000001,2opt,notBad
11653,4,581.86,4,580.4900000000001,move,improve
11654,4,581.86,4,580.4900000000001,swap,notBad
11655,4,581.86,4,580.4900000000001,2opt,improve
11656,4,581.86,4,580.4900000000001,swap,notBad
11657,4,581.86,4,580.4900000000001,swap,notBad
11658,4,581.86,4,580.4900000000001,move,improve
11659,4,581.86,4,580.4900000000001,move,improve
11660,4,581.86,4,580.4900000000001,move,improve
11661,4,581.86,4,580.4900000000001,move,improve
11662,4,581.86,4,580.4900000000001,swap,notBad
11663,4,581.86,4,580.4900000000001,2opt,notBad
11664,4,581.86,4,580.4900000000001,2opt,notBad
11665,4,581.86,4,580.4900000000001,2opt,notBad
11666,4,581.86,4,580.4900000000001,swap,notBad
11667,4,581.86,4,580.4900000000001,move,improve
11668,4,581.86,4,580.4900000000001,move,improve
11669,4,581.86,4,580.4900000000001,2opt,improve
11670,4,581.86,4,580.4900000000001,swap,notBad
11671,4,581.86,4,580.4900000000001,swap,notBad
11672,4,581.86,4,580.4900000000001,2opt,notBad
11673,4,581.86,4,580.4900000000001,swap,notBad
11674,4,581.86,4,580.4900000000001,2opt,notBad
11675,4,581.86,4,580.4900000000001,swap,notBad
11676,4,581.86,4,580.4900000000001,2opt,notBad
11677,4,581.86,4,580.4900000000001,2opt,notBad
11678,4,581.86,4,580.4900000000001,swap,notBad
11679,4,581.86,4,580.4900000000001,2opt,notBad
11680,4,581.86,4,580.4900000000001,swap,notBad
11681,4,581.86,4,580.4900000000001,move,improve
11682,4,581.86,4,580.4900000000001,move,improve
11683,4,581.86,4,580.4900000000001,swap,notBad
11684,4,581.86,4,580.4900000000001,2opt,notBad
11685,4,581.86,4,580.4900000000001,swap,notBad
11686,4,581.86,4,580.4900000000001,swap,notBad
11687,4,581.86,4,580.4900000000001,2opt,notBad
11688,4,581.86,4,580.4900000000001,swap,notBad
11689,4,581.86,4,580.4900000000001,move,improve
11690,4,581.86,4,580.4900000000001,2opt,notBad
11691,4,581.86,4,580.4900000000001,swap,notBad
11692,4,581.86,4,580.4900000000001,move,improve
11693,4,581.86,4,580.4900000000001,2opt,notBad
11694,4,581.86,4,580.4900000000001,swap,notBad
11695,4,581.86,4,580.4900000000001,2opt,notBad
11696,4,581.86,4,580.4900000000001,move,improve
11697,4,581.86,4,580.4900000000001,2opt,notBad
11698,4,581.86,4,580.4900000000001,swap,notBad
11699,4,581.86,4,580.4900000000001,swap,notBad
11700,4,581.86,4,580.4900000000001,swap,notBad
11701,4,581.86,4,580.4900000000001,2opt,notBad
11702,4,581.86,4,580.4900000000001,2opt,improve
11703,4,581.86,4,580.4900000000001,move,improve
11704,4,581.86,4,580.4900000000001,swap,notBad
11705,4,581.86,4,580.4900000000001,move,improve
11706,4,581.86,4,580.4900000000001,swap,notBad
11707,4,581.86,4,580.4900000000001,move,improve
11708,4,581.86,4,580.4900000000001,swap,notBad
11709,4,581.86,4,580.4900000000001,swap,notBad
11710,4,581.86,4,580.4900000000001,swap,notBad
11711,4,581.86,4,580.4900000000001,move,improve
11712,4,581.86,4,580.4900000000001,move,improve
11713,4,581.86,4,580.4900000000001,2opt,notBad
11714,4,581.86,4,580.4900000000001,move,improve
11715,4,581.86,4,580.4900000000001,swap,notBad
11716,4,581.86,4,580.4900000000001,move,improve
11717,4,581.86,4,580.4900000000001,swap,notBad
11718,4,581.86,4,580.4900000000001,swap,notBad
11719,4,581.86,4,580.4900000000001,swap,notBad
11720,4,581.86,4,580.4900000000001,swap,notBad
11721,4,581.86,4,580.4900000000001,swap,notBad
11722,4,581.86,4,580.4900000000001,swap,notBad
11723,4,581.86,4,580.4900000000001,swap,notBad
11724,4,581.86,4,580.4900000000001,move,improve
11725,4,581.86,4,580.4900000000001,2opt,notBad
11726,4,581.86,4,580.4900000000001,swap,notBad
11727,4,581.86,4,580.4900000000001,2opt,notBad
11728,4,581.86,4,580.4900000000001,2opt,notBad
11729,4,581.86,4,580.4900000000001,move,improve
11730,4,581.86,4,580.4900000000001,swap,notBad
11731,4,581.86,4,580.4900000000001,2opt,notBad
11732,4,581.86,4,580.4900000000001,swap,notBad
11733,4,581.86,4,580.4900000000001,swap,notBad
11734,4,581.86,4,580.4900000000001,2opt,notBad
11735,4,581.86,4,580.4900000000001,move,improve
11736,4,581.86,4,580.4900000000001,2opt,notBad
11737,4,581.86,4,580.4900000000001,2opt,notBad
11738,4,581.86,4,580.4900000000001,2opt,notBad
11739,4,581.86,4,580.4900000000001,2opt,notBad
11740,4,581.86,4,580.4900000000001,2opt,notBad
11741,4,581.86,4,580.4900000000001,move,improve
11742,4,581.86,4,580.4900000000001,2opt,notBad
11743,4,581.86,4,580.4900000000001,move,improve
11744,4,581.86,4,580.4900000000001,move,improve
11745,4,581.86,4,580.4900000000001,move,improve
11746,4,581.86,4,580.4900000000001,2opt,notBad
11747,4,581.86,4,580.4900000000001,swap,notBad
11748,4,581.86,4,580.4900000000001,swap,notBad
11749,4,581.86,4,580.4900000000001,move,improve
11750,4,581.86,4,580.4900000000001,move,improve
11751,4,581.86,4,580.4900000000001,2opt,notBad
11752,4,581.86,4,580.4900000000001,2opt,notBad
11753,4,581.86,4,580.4900000000001,2opt,notBad
11754,4,581.86,4,580.4900000000001,move,improve
11755,4,581.86,4,580.4900000000001,swap,notBad
11756,4,581.86,4,580.4900000000001,move,improve
11757,4,581.86,4,580.4900000000001,swap,notBad
11758,4,581.86,4,580.4900000000001,2opt,notBad
11759,4,581.86,4,580.4900000000001,swap,notBad
11760,4,581.86,4,580.4900000000001,swap,notBad
11761,4,581.86,4,580.4900000000001,2opt,notBad
11762,4,581.86,4,580.4900000000001,move,improve
11763,4,581.86,4,580.4900000000001,2opt,notBad
11764,4,581.86,4,580.4900000000001,swap,notBad
11765,4,581.86,4,580.4900000000001,swap,notBad
11766,4,581.86,4,580.4900000000001,move,improve
11767,4,581.86,4,580.4900000000001,swap,notBad
11768,4,581.86,4,580.4900000000001,move,improve
11769,4,581.86,4,580.4900000000001,swap,notBad
11770,4,581.86,4,580.4900000000001,2opt,improve
11771,4,581.86,4,580.4900000000001,swap,notBad
11772,4,581.86,4,580.4900000000001,swap,notBad
11773,4,581.86,4,580.4900000000001,move,improve
11774,4,581.86,4,580.4900000000001,swap,notBad
11775,4,581.86,4,580.4900000000001,move,improve
11776,4,581.86,4,580.4900000000001,2opt,notBad
11777,4,581.86,4,580.4900000000001,move,improve
11778,4,581.86,4,580.4900000000001,swap,notBad
11779,4,581.86,4,580.4900000000001,move,improve
11780,4,581.86,4,580.4900000000001,swap,notBad
11781,4,581.86,4,580.4900000000001,2opt,notBad
11782,4,581.86,4,580.4900000000001,move,improve
11783,4,581.86,4,580.4900000000001,swap,notBad
11784,4,581.86,4,580.4900000000001,swap,notBad
11785,4,581.86,4,580.4900000000001,swap,notBad
11786,4,581.86,4,580.4900000000001,move,improve
11787,4,581.86,4,580.4900000000001,2opt,notBad
11788,4,581.86,4,580.4900000000001,2opt,notBad
11789,4,581.86,4,580.4900000000001,2opt,notBad
11790,4,581.86,4,580.4900000000001,swap,notBad
11791,4,581.86,4,580.4900000000001,swap,notBad
11792,4,581.86,4,580.4900000000001,move,improve
11793,4,581.86,4,580.4900000000001,move,improve
11794,4,581.86,4,580.4900000000001,move,improve
11795,4,581.86,4,580.4900000000001,2opt,notBad
11796,4,581.86,4,580.4900000000001,2opt,notBad
11797,4,581.86,4,580.4900000000001,2opt,notBad
11798,4,581.86,4,580.4900000000001,2opt,notBad
11799,4,581.86,4,580.4900000000001,swap,notBad
11800,4,581.86,4,580.4900000000001,swap,notBad
11801,4,581.86,4,580.4900000000001,2opt,improve
11802,4,581.86,4,580.4900000000001,move,improve
11803,4,581.86,4,580.4900000000001,move,improve
11804,4,581.86,4,580.4900000000001,swap,notBad
11805,4,581.86,4,580.4900000000001,swap,notBad
11806,4,581.86,4,580.4900000000001,move,improve
11807,4,581.86,4,580.4900000000001,2opt,notBad
11808,4,581.86,4,580.4900000000001,move,improve
11809,4,581.86,4,580.4900000000001,swap,notBad
11810,4,581.86,4,580.4900000000001,swap,notBad
11811,4,581.86,4,580.4900000000001,move,improve
11812,4,581.86,4,580.4900000000001,2opt,notBad
11813,4,581.86,4,580.4900000000001,move,improve
11814,4,581.86,4,580.4900000000001,2opt,notBad
11815,4,581.86,4,580.4900000000001,move,improve
11816,4,581.86,4,580.4900000000001,move,improve
11817,4,581.86,4,580.4900000000001,2opt,notBad
11818,4,581.86,4,580.4900000000001,swap,notBad
11819,4,581.86,4,580.4900000000001,swap,notBad
11820,4,581.86,4,580.4900000000001,2opt,notBad
11821,4,581.86,4,580.4900000000001,move,improve
11822,4,581.86,4,580.4900000000001,move,improve
11823,4,581.86,4,580.4900000000001,swap,notBad
11824,4,581.86,4,580.4900000000001,swap,notBad
11825,4,581.86,4,580.4900000000001,move,improve
11826,4,581.86,4,580.4900000000001,swap,notBad
11827,4,581.86,4,580.4900000000001,move,improve
11828,4,581.86,4,580.4900000000001,2opt,notBad
11829,4,581.86,4,580.4900000000001,move,improve
11830,4,581.86,4,580.4900000000001,move,improve
11831,4,581.86,4,580.4900000000001,2opt,notBad
11832,4,581.86,4,580.4900000000001,2opt,notBad
11833,4,581.86,4,580.4900000000001,move,improve
11834,4,581.86,4,580.4900000000001,move,improve
11835,4,581.86,4,580.4900000000001,move,improve
11836,4,581.86,4,580.4900000000001,2opt,notBad
11837,4,581.86,4,580.4900000000001,swap,notBad
11838,4,581.86,4,580.4900000000001,2opt,notBad
11839,4,581.86,4,580.4900000000001,move,improve
11840,4,581.86,4,580.4900000000001,swap,notBad
11841,4,581.86,4,580.4900000000001,move,improve
11842,4,581.86,4,580.4900000000001,2opt,notBad
11843,4,581.86,4,580.4900000000001,move,improve
11844,4,581.86,4,580.4900000000001,move,improve
11845,4,581.86,4,580.4900000000001,move,improve
11846,4,581.86,4,580.4900000000001,2opt,notBad
11847,4,581.86,4,580.4900000000001,swap,notBad
11848,4,581.86,4,580.4900000000001,swap,notBad
11849,4,581.86,4,580.4900000000001,move,improve
11850,4,581.86,4,580.4900000000001,move,improve
11851,4,581.86,4,580.4900000000001,move,improve
11852,4,581.86,4,580.4900000000001,move,improve
11853,4,581.86,4,580.4900000000001,2opt,notBad
11854,4,581.86,4,580.4900000000001,swap,notBad
11855,4,581.86,4,580.4900000000001,swap,notBad
11856,4,581.86,4,580.4900000000001,move,improve
11857,4,581.86,4,580.4900000000001,2opt,notBad
11858,4,581.86,4,580.4900000000001,move,improve
11859,4,581.86,4,580.4900000000001,2opt,notBad
11860,4,581.86,4,580.4900000000001,move,improve
11861,4,581.86,4,580.4900000000001,move,improve
11862,4,581.86,4,580.4900000000001,move,improve
11863,4,581.86,4,580.4900000000001,move,improve
11864,4,581.86,4,580.4900000000001,2opt,notBad
11865,4,581.86,4,580.4900000000001,swap,notBad
11866,4,581.86,4,580.4900000000001,2opt,notBad
11867,4,581.86,4,580.4900000000001,move,improve
11868,4,581.86,4,580.4900000000001,move,improve
11869,4,581.86,4,580.4900000000001,move,improve
11870,4,581.86,4,580.4900000000001,swap,notBad
11871,4,581.86,4,580.4900000000001,swap,notBad
11872,4,581.86,4,580.4900000000001,move,improve
11873,4,581.86,4,580.4900000000001,move,improve
11874,4,581.86,4,580.4900000000001,2opt,notBad
11875,4,581.86,4,580.4900000000001,swap,notBad
11876,4,581.86,4,580.4900000000001,move,improve
11877,4,581.86,4,580.4900000000001,move,improve
11878,4,581.86,4,580.4900000000001,swap,notBad
11879,4,581.86,4,580.4900000000001,move,improve
11880,4,581.86,4,580.4900000000001,move,improve
11881,4,581.86,4,580.4900000000001,2opt,notBad
11882,4,581.86,4,580.4900000000001,2opt,notBad
11883,4,581.86,4,580.4900000000001,2opt,notBad
11884,4,581.86,4,580.4900000000001,2opt,notBad
11885,4,581.86,4,580.4900000000001,2opt,notBad
11886,4,581.86,4,580.4900000000001,swap,notBad
11887,4,581.86,4,580.4900000000001,move,improve
11888,4,581.86,4,580.4900000000001,swap,notBad
11889,4,581.86,4,580.4900000000001,swap,notBad
11890,4,581.86,4,580.4900000000001,2opt,notBad
11891,4,581.86,4,580.4900000000001,2opt,notBad
11892,4,581.86,4,580.4900000000001,move,improve
11893,4,581.86,4,580.4900000000001,2opt,notBad
11894,4,582.3100000000001,4,580.4900000000001,swap,acceptBad
11895,4,582.3100000000001,4,580.4900000000001,move,improve
11896,4,582.3100000000001,4,580.4900000000001,swap,notBad
11897,4,582.3100000000001,4,580.4900000000001,2opt,notBad
11898,4,582.3100000000001,4,580.4900000000001,move,improve
11899,4,582.3100000000001,4,580.4900000000001,2opt,notBad
11900,4,582.3100000000001,4,580.4900000000001,move,improve
11901,4,582.3100000000001,4,580.4900000000001,move,improve
11902,4,582.3100000000001,4,580.4900000000001,2opt,notBad
11903,4,582.3100000000001,4,580.4900000000001,swap,notBad
11904,4,582.3100000000001,4,580.4900000000001,2opt,notBad
11905,4,582.3100000000001,4,580.4900000000001,move,improve
11906,4,582.3100000000001,4,580.4900000000001,2opt,improve
11907,4,582.3100000000001,4,580.4900000000001,2opt,notBad
11908,4,582.3100000000001,4,580.4900000000001,2opt,notBad
11909,4,582.3100000000001,4,580.4900000000001,move,improve
11910,4,582.3100000000001,4,580.4900000000001,move,improve
11911,4,582.3100000000001,4,580.4900000000001,move,improve
11912,4,582.3100000000001,4,580.4900000000001,swap,notBad
11913,4,582.3100000000001,4,580.4900000000001,2opt,notBad
11914,4,582.3100000000001,4,580.4900000000001,2opt,notBad
11915,4,582.3100000000001,4,580.4900000000001,swap,notBad
11916,4,582.3100000000001,4,580.4900000000001,move,improve
11917,4,582.3100000000001,4,580.4900000000001,move,improve
11918,4,582.3100000000001,4,580.4900000000001,2opt,notBad
11919,4,582.3100000000001,4,580.4900000000001,2opt,notBad
11920,4,582.3100000000001,4,580.4900000000001,2opt,notBad
11921,4,582.3100000000001,4,580.4900000000001,swap,notBad
11922,4,582.3100000000001,4,580.4900000000001,move,improve
11923,4,582.3100000000001,4,580.4900000000001,2opt,improve
11924,4,582.3100000000001,4,580.4900000000001,swap,notBad
11925,4,581.86,4,580.4900000000001,move,improve
11926,4,581.86,4,580.4900000000001,2opt,notBad
11927,4,581.86,4,580.4900000000001,swap,notBad
11928,4,581.86,4,580.4900000000001,move,improve
11929,4,581.86,4,580.4900000000001,swap,notBad
11930,4,581.86,4,580.4900000000001,2opt,notBad
11931,4,581.86,4,580.4900000000001,move,improve
11932,4,581.86,4,580.4900000000001,move,improve
11933,4,581.86,4,580.4900000000001,2opt,notBad
11934,4,581.86,4,580.4900000000001,swap,notBad
11935,4,581.86,4,580.4900000000001,swap,notBad
11936,4,581.86,4,580.4900000000001,2opt,notBad
11937,4,581.86,4,580.4900000000001,2opt,notBad
11938,4,581.86,4,580.4900000000001,2opt,notBad
11939,4,581.86,4,580.4900000000001,swap,notBad
11940,4,581.86,4,580.4900000000001,move,improve
11941,4,581.86,4,580.4900000000001,move,improve
11942,4,581.86,4,580.4900000000001,2opt,notBad
11943,4,581.86,4,580.4900000000001,2opt,notBad
11944,4,581.86,4,580.4900000000001,2opt,improve
11945,4,581.86,4,580.4900000000001,2opt,notBad
11946,4,581.86,4,580.4900000000001,swap,notBad
11947,4,581.86,4,580.4900000000001,2opt,notBad
11948,4,581.86,4,580.4900000000001,swap,notBad
11949,4,581.86,4,580.4900000000001,swap,notBad
11950,4,581.86,4,580.4900000000001,swap,notBad
11951,4,581.86,4,580.4900000000001,2opt,notBad
11952,4,581.86,4,580.4900000000001,move,improve
11953,4,581.86,4,580.4900000000001,move,improve
11954,4,581.86,4,580.4900000000001,move,improve
11955,4,581.86,4,580.4900000000001,swap,notBad
11956,4,581.86,4,580.4900000000001,2opt,notBad
11957,4,581.86,4,580.4900000000001,2opt,notBad
11958,4,581.86,4,580.4900000000001,move,improve
11959,4,581.86,4,580.4900000000001,move,improve
11960,4,581.86,4,580.4900000000001,swap,notBad
11961,4,581.86,4,580.4900000000001,swap,notBad
11962,4,581.26,4,580.4900000000001,move,improve
11963,4,581.26,4,580.4900000000001,move,improve
11964,4,581.26,4,580.4900000000001,swap,notBad
11965,4,581.26,4,580.4900000000001,move,improve
11966,4,581.26,4,580.4900000000001,2opt,notBad
11967,4,581.26,4,580.4900000000001,2opt,notBad
11968,4,581.26,4,580.4900000000001,move,improve
11969,4,581.26,4,580.4900000000001,swap,notBad
11970,4,581.26,4,580.4900000000001,2opt,notBad
11971,4,581.26,4,580.4900000000001,2opt,notBad
11972,4,581.26,4,580.4900000000001,swap,notBad
11973,4,581.26,4,580.4900000000001,swap,notBad
11974,4,581.26,4,580.4900000000001,swap,notBad
11975,4,581.26,4,580.4900000000001,2opt,notBad
11976,4,581.26,4,580.4900000000001,swap,notBad
11977,4,581.26,4,580.4900000000001,move,improve
11978,4,581.26,4,580.4900000000001,swap,notBad
11979,4,581.26,4,580.4900000000001,2opt,notBad
11980,4,581.26,4,580.4900000000001,swap,notBad
11981,4,581.26,4,580.4900000000001,move,improve
11982,4,581.26,4,580.4900000000001,move,improve
11983,4,581.26,4,580.4900000000001,swap,notBad
11984,4,581.26,4,580.4900000000001,swap,notBad
11985,4,581.26,4,580.4900000000001,2opt,improve
11986,4,581.26,4,580.4900000000001,move,improve
11987,4,581.26,4,580.4900000000001,2opt,notBad
11988,4,581.26,4,580.4900000000001,move,improve
11989,4,581.26,4,580.4900000000001,2opt,improve
11990,4,581.26,4,580.4900000000001,2opt,notBad
11991,4,581.26,4,580.4900000000001,move,improve
11992,4,581.26,4,580.4900000000001,swap,notBad
11993,4,581.26,4,580.4900000000001,swap,notBad
11994,4,581.26,4,580.4900000000001,move,improve
11995,4,581.26,4,580.4900000000001,swap,notBad
11996,4,581.26,4,580.4900000000001,swap,notBad
11997,4,581.26,4,580.4900000000001,move,improve
11998,4,581.26,4,580.4900000000001,2opt,notBad
11999,4,581.26,4,580.4900000000001,swap,notBad
12000,4,581.26,4,580.4900000000001,swap,notBad
12001,4,581.26,4,580.4900000000001,2opt,notBad
12002,4,581.26,4,580.4900000000001,swap,notBad
12003,4,581.26,4,580.4900000000001,swap,notBad
12004,4,581.26,4,580.4900000000001,swap,notBad
12005,4,581.26,4,580.4900000000001,2opt,notBad
12006,4,581.26,4,580.4900000000001,swap,notBad
12007,4,581.86,4,580.4900000000001,move,acceptBad
12008,4,581.86,4,580.4900000000001,swap,notBad
12009,4,581.86,4,580.4900000000001,swap,notBad
12010,4,581.86,4,580.4900000000001,move,improve
12011,4,581.86,4,580.4900000000001,move,improve
12012,4,581.86,4,580.4900000000001,2opt,notBad
12013,4,581.86,4,580.4900000000001,swap,notBad
12014,4,581.86,4,580.4900000000001,2opt,notBad
12015,4,581.86,4,580.4900000000001,2opt,notBad
12016,4,581.86,4,580.4900000000001,move,improve
12017,4,581.86,4,580.4900000000001,swap,notBad
12018,4,581.86,4,580.4900000000001,2opt,notBad
12019,4,581.86,4,580.4900000000001,2opt,notBad
12020,4,581.86,4,580.4900000000001,2opt,notBad
12021,4,581.86,4,580.4900000000001,2opt,notBad
12022,4,581.86,4,580.4900000000001,2opt,notBad
12023,4,581.86,4,580.4900000000001,swap,notBad
12024,4,581.86,4,580.4900000000001,move,improve
12025,4,581.86,4,580.4900000000001,move,improve
12026,4,581.86,4,580.4900000000001,move,improve
12027,4,581.86,4,580.4900000000001,2opt,notBad
12028,4,581.86,4,580.4900000000001,swap,notBad
12029,4,581.86,4,580.4900000000001,move,improve
12030,4,581.86,4,580.4900000000001,move,improve
12031,4,581.86,4,580.4900000000001,2opt,improve
12032,4,581.86,4,580.4900000000001,swap,notBad
12033,4,581.86,4,580.4900000000001,swap,notBad
12034,4,581.86,4,580.4900000000001,move,improve
12035,4,581.86,4,580.4900000000001,move,improve
12036,4,581.86,4,580.4900000000001,2opt,notBad
12037,4,581.86,4,580.4900000000001,swap,notBad
12038,4,581.86,4,580.4900000000001,2opt,notBad
12039,4,581.86,4,580.4900000000001,move,improve
12040,4,581.86,4,580.4900000000001,swap,notBad
12041,4,581.86,4,580.4900000000001,2opt,notBad
12042,4,581.86,4,580.4900000000001,swap,notBad
12043,4,581.86,4,580.4900000000001,2opt,notBad
12044,4,581.86,4,580.4900000000001,2opt,notBad
12045,4,581.86,4,580.4900000000001,move,improve
12046,4,581.86,4,580.4900000000001,2opt,notBad
12047,4,581.86,4,580.4900000000001,swap,notBad
12048,4,581.86,4,580.4900000000001,move,improve
12049,4,581.86,4,580.4900000000001,2opt,notBad
12050,4,581.86,4,580.4900000000001,swap,notBad
12051,4,581.86,4,580.4900000000001,move,improve
12052,4,581.86,4,580.4900000000001,swap,notBad
12053,4,581.26,4,580.4900000000001,move,improve
12054,4,581.26,4,580.4900000000001,swap,notBad
12055,4,581.26,4,580.4900000000001,move,improve
12056,4,581.26,4,580.4900000000001,move,improve
12057,4,581.26,4,580.4900000000001,swap,notBad
12058,4,581.26,4,580.4900000000001,swap,notBad
12059,4,581.26,4,580.4900000000001,swap,notBad
12060,4,581.26,4,580.4900000000001,2opt,notBad
12061,4,581.26,4,580.4900000000001,2opt,notBad
12062,4,581.26,4,580.4900000000001,move,improve
12063,4,581.26,4,580.4900000000001,swap,notBad
12064,4,581.26,4,580.4900000000001,2opt,notBad
12065,4,581.26,4,580.4900000000001,2opt,notBad
12066,4,581.26,4,580.4900000000001,move,improve
12067,4,581.26,4,580.4900000000001,swap,notBad
12068,4,581.26,4,580.4900000000001,swap,notBad
12069,4,581.26,4,580.4900000000001,2opt,notBad
12070,4,581.26,4,580.4900000000001,swap,notBad
12071,4,581.26,4,580.4900000000001,move,improve
12072,4,581.26,4,580.4900000000001,move,improve
12073,4,581.26,4,580.4900000000001,2opt,notBad
12074,4,581.26,4,580.4900000000001,move,improve
12075,4,581.26,4,580.4900000000001,swap,notBad
12076,4,581.26,4,580.4900000000001,move,improve
12077,4,581.26,4,580.4900000000001,2opt,notBad
12078,4,581.26,4,580.4900000000001,move,improve
12079,4,581.26,4,580.4900000000001,swap,notBad
12080,4,581.26,4,580.4900000000001,2opt,notBad
12081,4,581.26,4,580.4900000000001,2opt,notBad
12082,4,581.26,4,580.4900000000001,2opt,notBad
12083,4,581.26,4,580.4900000000001,move,improve
12084,4,581.26,4,580.4900000000001,move,improve
12085,4,581.26,4,580.4900000000001,2opt,notBad
12086,4,581.26,4,580.4900000000001,2opt,notBad
12087,4,581.26,4,580.4900000000001,move,improve
12088,4,581.26,4,580.4900000000001,2opt,notBad
12089,4,581.26,4,580.4900000000001,swap,notBad
12090,4,581.26,4,580.4900000000001,2opt,improve
12091,4,581.26,4,580.4900000000001,swap,notBad
12092,4,581.26,4,580.4900000000001,move,improve
12093,4,581.26,4,580.4900000000001,move,improve
12094,4,581.26,4,580.4900000000001,swap,notBad
12095,4,581.26,4,580.4900000000001,move,improve
12096,4,581.26,4,580.4900000000001,swap,notBad
12097,4,581.26,4,580.4900000000001,move,improve
12098,4,581.26,4,580.4900000000001,swap,notBad
12099,4,581.26,4,580.4900000000001,swap,notBad
12100,4,581.26,4,580.4900000000001,move,improve
12101,4,581.26,4,580.4900000000001,2opt,notBad
12102,4,581.26,4,580.4900000000001,2opt,notBad
12103,4,581.26,4,580.4900000000001,2opt,notBad
12104,4,581.26,4,580.4900000000001,swap,notBad
12105,4,581.26,4,580.4900000000001,move,improve
12106,4,581.26,4,580.4900000000001,move,improve
12107,4,581.26,4,580.4900000000001,move,improve
12108,4,581.26,4,580.4900000000001,2opt,notBad
12109,4,581.26,4,580.4900000000001,2opt,notBad
12110,4,581.26,4,580.4900000000001,2opt,notBad
12111,4,581.26,4,580.4900000000001,move,improve
12112,4,581.26,4,580.4900000000001,2opt,notBad
12113,4,581.26,4,580.4900000000001,swap,notBad
12114,4,581.26,4,580.4900000000001,2opt,notBad
12115,4,581.26,4,580.4900000000001,move,improve
12116,4,581.26,4,580.4900000000001,2opt,notBad
12117,4,581.26,4,580.4900000000001,2opt,notBad
12118,4,581.26,4,580.4900000000001,swap,notBad
12119,4,581.26,4,580.4900000000001,move,improve
12120,4,581.26,4,580.4900000000001,move,improve
12121,4,581.26,4,580.4900000000001,move,improve
12122,4,581.26,4,580.4900000000001,move,improve
12123,4,581.26,4,580.4900000000001,2opt,notBad
12124,4,581.26,4,580.4900000000001,swap,notBad
12125,4,581.26,4,580.4900000000001,swap,notBad
12126,4,581.26,4,580.4900000000001,move,improve
12127,4,581.26,4,580.4900000000001,swap,notBad
12128,4,581.26,4,580.4900000000001,move,improve
12129,4,581.26,4,580.4900000000001,swap,notBad
12130,4,581.26,4,580.4900000000001,swap,notBad
12131,4,581.26,4,580.4900000000001,move,improve
12132,4,581.26,4,580.4900000000001,2opt,improve
12133,4,581.26,4,580.4900000000001,swap,notBad
12134,4,581.26,4,580.4900000000001,swap,notBad
12135,4,581.26,4,580.4900000000001,swap,notBad
12136,4,581.26,4,580.4900000000001,move,improve
12137,4,581.26,4,580.4900000000001,move,improve
12138,4,581.26,4,580.4900000000001,2opt,notBad
12139,4,581.26,4,580.4900000000001,swap,notBad
12140,4,581.26,4,580.4900000000001,swap,notBad
12141,4,581.26,4,580.4900000000001,swap,notBad
12142,4,581.26,4,580.4900000000001,move,improve
12143,4,581.26,4,580.4900000000001,2opt,notBad
12144,4,581.26,4,580.4900000000001,2opt,notBad
12145,4,581.26,4,580.4900000000001,2opt,notBad
12146,4,581.26,4,580.4900000000001,2opt,notBad
12147,4,581.26,4,580.4900000000001,move,improve
12148,4,581.26,4,580.4900000000001,swap,notBad
12149,4,581.26,4,580.4900000000001,swap,notBad
12150,4,581.26,4,580.4900000000001,move,improve
12151,4,581.26,4,580.4900000000001,swap,notBad
12152,4,581.26,4,580.4900000000001,swap,notBad
12153,4,581.26,4,580.4900000000001,2opt,notBad
12154,4,581.26,4,580.4900000000001,2opt,notBad
12155,4,581.26,4,580.4900000000001,swap,notBad
12156,4,581.26,4,580.4900000000001,2opt,notBad
12157,4,581.26,4,580.4900000000001,swap,notBad
12158,4,581.26,4,580.4900000000001,2opt,notBad
12159,4,581.26,4,580.4900000000001,move,improve
12160,4,581.26,4,580.4900000000001,2opt,notBad
12161,4,581.26,4,580.4900000000001,move,improve
12162,4,581.26,4,580.4900000000001,move,improve
12163,4,581.26,4,580.4900000000001,2opt,notBad
12164,4,581.26,4,580.4900000000001,move,improve
12165,4,581.26,4,580.4900000000001,2opt,notBad
12166,4,581.26,4,580.4900000000001,swap,notBad
12167,4,581.26,4,580.4900000000001,move,improve
12168,4,581.26,4,580.4900000000001,2opt,notBad
12169,4,581.26,4,580.4900000000001,swap,notBad
12170,4,581.26,4,580.4900000000001,move,improve
12171,4,581.26,4,580.4900000000001,move,improve
12172,4,581.26,4,580.4900000000001,swap,notBad
12173,4,581.26,4,580.4900000000001,2opt,notBad
12174,4,581.26,4,580.4900000000001,2opt,notBad
12175,4,581.26,4,580.4900000000001,2opt,notBad
12176,4,581.26,4,580.4900000000001,swap,notBad
12177,4,581.26,4,580.4900000000001,swap,notBad
12178,4,581.26,4,580.4900000000001,swap,notBad
12179,4,581.26,4,580.4900000000001,move,improve
12180,4,581.26,4,580.4900000000001,2opt,notBad
12181,4,581.26,4,580.4900000000001,swap,notBad
12182,4,581.26,4,580.4900000000001,2opt,notBad
12183,4,581.26,4,580.4900000000001,move,improve
12184,4,581.26,4,580.4900000000001,swap,notBad
12185,4,581.26,4,580.4900000000001,move,improve
12186,4,581.26,4,580.4900000000001,2opt,notBad
12187,4,581.26,4,580.4900000000001,swap,notBad
12188,4,581.26,4,580.4900000000001,2opt,improve
12189,4,581.26,4,580.4900000000001,move,improve
12190,4,581.26,4,580.4900000000001,swap,notBad
12191,4,581.26,4,580.4900000000001,2opt,notBad
12192,4,581.26,4,580.4900000000001,2opt,notBad
12193,4,581.26,4,580.4900000000001,2opt,notBad
12194,4,581.26,4,580.4900000000001,swap,notBad
12195,4,581.26,4,580.4900000000001,swap,notBad
12196,4,581.26,4,580.4900000000001,swap,notBad
12197,4,581.26,4,580.4900000000001,2opt,improve
12198,4,581.26,4,580.4900000000001,2opt,notBad
12199,4,581.26,4,580.4900000000001,move,improve
12200,4,581.26,4,580.4900000000001,move,improve
12201,4,581.26,4,580.4900000000001,move,improve
12202,4,581.26,4,580.4900000000001,move,improve
12203,4,581.26,4,580.4900000000001,swap,notBad
12204,4,581.26,4,580.4900000000001,move,improve
12205,4,581.26,4,580.4900000000001,2opt,notBad
12206,4,581.26,4,580.4900000000001,move,improve
12207,4,581.26,4,580.4900000000001,swap,notBad
12208,4,581.26,4,580.4900000000001,2opt,notBad
12209,4,581.26,4,580.4900000000001,swap,notBad
12210,4,581.26,4,580.4900000000001,2opt,notBad
12211,4,581.26,4,580.4900000000001,move,improve
12212,4,581.26,4,580.4900000000001,2opt,notBad
12213,4,581.26,4,580.4900000000001,2opt,notBad
12214,4,581.26,4,580.4900000000001,swap,notBad
12215,4,581.26,4,580.4900000000001,swap,notBad
12216,4,581.26,4,580.4900000000001,2opt,notBad
12217,4,581.26,4,580.4900000000001,move,improve
12218,4,581.26,4,580.4900000000001,swap,notBad
12219,4,581.26,4,580.4900000000001,swap,notBad
12220,4,581.26,4,580.4900000000001,2opt,notBad
12221,4,581.26,4,580.4900000000001,2opt,notBad
12222,4,581.26,4,580.4900000000001,swap,notBad
12223,4,581.26,4,580.4900000000001,move,improve
12224,4,581.26,4,580.4900000000001,2opt,notBad
12225,4,581.26,4,580.4900000000001,2opt,improve
12226,4,581.26,4,580.4900000000001,swap,notBad
12227,4,581.26,4,580.4900000000001,move,improve
12228,4,581.26,4,580.4900000000001,move,improve
12229,4,581.26,4,580.4900000000001,move,improve
12230,4,581.26,4,580.4900000000001,2opt,notBad
12231,4,581.26,4,580.4900000000001,swap,notBad
12232,4,581.26,4,580.4900000000001,swap,notBad
12233,4,581.26,4,580.4900000000001,swap,notBad
12234,4,581.26,4,580.4900000000001,move,improve
12235,4,581.26,4,580.4900000000001,move,improve
12236,4,581.26,4,580.4900000000001,move,improve
12237,4,581.26,4,580.4900000000001,swap,notBad
12238,4,581.26,4,580.4900000000001,swap,notBad
12239,4,581.26,4,580.4900000000001,2opt,notBad
12240,4,581.26,4,580.4900000000001,move,improve
12241,4,581.26,4,580.4900000000001,move,improve
12242,4,581.26,4,580.4900000000001,move,improve
12243,4,581.26,4,580.4900000000001,move,improve
12244,4,581.26,4,580.4900000000001,swap,notBad
12245,4,581.26,4,580.4900000000001,swap,notBad
12246,4,581.26,4,580.4900000000001,2opt,notBad
12247,4,581.26,4,580.4900000000001,swap,notBad
12248,4,581.26,4,580.4900000000001,move,improve
12249,4,581.26,4,580.4900000000001,move,improve
12250,4,581.26,4,580.4900000000001,2opt,notBad
12251,4,581.26,4,580.4900000000001,move,improve
12252,4,581.26,4,580.4900000000001,2opt,notBad
12253,4,581.26,4,580.4900000000001,2opt,notBad
12254,4,581.26,4,580.4900000000001,swap,notBad
12255,4,581.26,4,580.4900000000001,swap,notBad
12256,4,581.26,4,580.4900000000001,2opt,notBad
12257,4,581.26,4,580.4900000000001,swap,notBad
12258,4,581.26,4,580.4900000000001,swap,notBad
12259,4,581.26,4,580.4900000000001,swap,notBad
12260,4,581.26,4,580.4900000000001,move,improve
12261,4,581.26,4,580.4900000000001,move,improve
12262,4,581.26,4,580.4900000000001,move,improve
12263,4,581.26,4,580.4900000000001,move,improve
12264,4,581.26,4,580.4900000000001,2opt,notBad
12265,4,581.26,4,580.4900000000001,swap,notBad
12266,4,581.26,4,580.4900000000001,2opt,notBad
12267,4,581.26,4,580.4900000000001,swap,notBad
12268,4,581.26,4,580.4900000000001,move,improve
12269,4,581.26,4,580.4900000000001,move,improve
12270,4,581.26,4,580.4900000000001,2opt,notBad
12271,4,581.26,4,580.4900000000001,move,improve
12272,4,581.26,4,580.4900000000001,swap,notBad
12273,4,581.26,4,580.4900000000001,2opt,notBad
12274,4,581.26,4,580.4900000000001,swap,notBad
12275,4,581.26,4,580.4900000000001,2opt,notBad
12276,4,581.26,4,580.4900000000001,move,improve
12277,4,581.26,4,580.4900000000001,move,improve
12278,4,581.26,4,580.4900000000001,2opt,notBad
12279,4,581.26,4,580.4900000000001,swap,notBad
12280,4,581.26,4,580.4900000000001,move,improve
12281,4,581.26,4,580.4900000000001,2opt,notBad
12282,4,581.26,4,580.4900000000001,move,improve
12283,4,581.26,4,580.4900000000001,2opt,notBad
12284,4,581.26,4,580.4900000000001,2opt,notBad
12285,4,581.26,4,580.4900000000001,swap,notBad
12286,4,581.26,4,580.4900000000001,swap,notBad
12287,4,581.26,4,580.4900000000001,move,improve
12288,4,581.26,4,580.4900000000001,move,improve
12289,4,581.26,4,580.4900000000001,move,improve
12290,4,581.26,4,580.4900000000001,2opt,notBad
12291,4,581.26,4,580.4900000000001,move,improve
12292,4,581.26,4,580.4900000000001,2opt,notBad
12293,4,581.26,4,580.4900000000001,move,improve
12294,4,581.26,4,580.4900000000001,2opt,notBad
12295,4,581.26,4,580.4900000000001,move,improve
12296,4,581.26,4,580.4900000000001,2opt,notBad
12297,4,581.26,4,580.4900000000001,move,improve
12298,4,581.26,4,580.4900000000001,move,improve
12299,4,581.26,4,580.4900000000001,swap,notBad
12300,4,581.26,4,580.4900000000001,2opt,notBad
12301,4,581.26,4,580.4900000000001,move,improve
12302,4,581.26,4,580.4900000000001,swap,notBad
12303,4,581.26,4,580.4900000000001,move,improve
12304,4,581.26,4,580.4900000000001,2opt,notBad
12305,4,581.26,4,580.4900000000001,move,improve
12306,4,581.26,4,580.4900000000001,swap,notBad
12307,4,581.26,4,580.4900000000001,swap,notBad
12308,4,581.26,4,580.4900000000001,move,improve
12309,4,581.26,4,580.4900000000001,2opt,notBad
12310,4,581.26,4,580.4900000000001,2opt,notBad
12311,4,581.26,4,580.4900000000001,swap,notBad
12312,4,581.74,4,580.4900000000001,swap,acceptBad
12313,4,581.74,4,580.4900000000001,2opt,notBad
12314,4,581.74,4,580.4900000000001,2opt,notBad
12315,4,581.74,4,580.4900000000001,move,improve
12316,4,581.74,4,580.4900000000001,move,improve
12317,4,581.74,4,580.4900000000001,swap,notBad
12318,4,581.74,4,580.4900000000001,move,improve
12319,4,581.74,4,580.4900000000001,2opt,notBad
12320,4,581.74,4,580.4900000000001,2opt,notBad
12321,4,581.74,4,580.4900000000001,swap,notBad
12322,4,581.74,4,580.4900000000001,2opt,improve
12323,4,581.74,4,580.4900000000001,2opt,notBad
12324,4,581.74,4,580.4900000000001,move,improve
12325,4,581.74,4,580.4900000000001,swap,notBad
12326,4,581.74,4,580.4900000000001,swap,notBad
12327,4,582.34,4,580.4900000000001,move,acceptBad
12328,4,582.34,4,580.4900000000001,2opt,notBad
12329,4,582.34,4,580.4900000000001,2opt,notBad
12330,4,582.34,4,580.4900000000001,swap,notBad
12331,4,582.34,4,580.4900000000001,2opt,notBad
12332,4,582.34,4,580.4900000000001,swap,notBad
12333,4,582.34,4,580.4900000000001,swap,notBad
12334,4,582.34,4,580.4900000000001,swap,notBad
12335,4,582.34,4,580.4900000000001,move,improve
12336,4,582.34,4,580.4900000000001,swap,notBad
12337,4,582.34,4,580.4900000000001,2opt,notBad
12338,4,582.34,4,580.4900000000001,move,improve
12339,4,582.34,4,580.4900000000001,move,improve
12340,4,582.34,4,580.4900000000001,move,improve
12341,4,582.34,4,580.4900000000001,2opt,notBad
12342,4,582.34,4,580.4900000000001,move,improve
12343,4,582.34,4,580.4900000000001,2opt,notBad
12344,4,582.34,4,580.4900000000001,move,improve
12345,4,582.34,4,580.4900000000001,swap,notBad
12346,4,582.34,4,580.4900000000001,swap,notBad
12347,4,582.34,4,580.4900000000001,move,improve
12348,4,582.34,4,580.4900000000001,2opt,notBad
12349,4,582.34,4,580.4900000000001,swap,notBad
12350,4,582.34,4,580.4900000000001,2opt,notBad
12351,4,582.34,4,580.4900000000001,2opt,notBad
12352,4,582.34,4,580.4900000000001,move,improve
12353,4,582.34,4,580.4900000000001,swap,notBad
12354,4,582.34,4,580.4900000000001,swap,notBad
12355,4,582.34,4,580.4900000000001,move,improve
12356,4,582.34,4,580.4900000000001,2opt,notBad
12357,4,582.34,4,580.4900000000001,2opt,notBad
12358,4,582.34,4,580.4900000000001,2opt,notBad
12359,4,582.34,4,580.4900000000001,2opt,notBad
12360,4,582.34,4,580.4900000000001,2opt,notBad
12361,4,582.34,4,580.4900000000001,2opt,notBad
12362,4,582.34,4,580.4900000000001,swap,notBad
12363,4,582.34,4,580.4900000000001,swap,notBad
12364,4,582.34,4,580.4900000000001,2opt,notBad
12365,4,582.34,4,580.4900000000001,move,improve
12366,4,582.34,4,580.4900000000001,move,improve
12367,4,582.34,4,580.4900000000001,move,improve
12368,4,582.34,4,580.4900000000001,move,improve
12369,4,582.34,4,580.4900000000001,move,improve
12370,4,582.34,4,580.4900000000001,swap,notBad
12371,4,582.34,4,580.4900000000001,swap,notBad
12372,4,582.34,4,580.4900000000001,swap,notBad
12373,4,582.34,4,580.4900000000001,swap,notBad
12374,4,582.34,4,580.4900000000001,2opt,notBad
12375,4,582.34,4,580.4900000000001,swap,notBad
12376,4,582.34,4,580.4900000000001,2opt,notBad
12377,4,582.34,4,580.4900000000001,move,improve
12378,4,582.34,4,580.4900000000001,swap,notBad
12379,4,582.34,4,580.4900000000001,2opt,notBad
12380,4,582.34,4,580.4900000000001,2opt,notBad
12381,4,582.34,4,580.4900000000001,2opt,notBad
12382,4,582.34,4,580.4900000000001,move,improve
12383,4,582.34,4,580.4900000000001,swap,notBad
12384,4,582.34,4,580.4900000000001,move,improve
12385,4,582.34,4,580.4900000000001,move,improve
12386,4,582.34,4,580.4900000000001,2opt,notBad
12387,4,582.34,4,580.4900000000001,2opt,improve
12388,4,582.34,4,580.4900000000001,move,improve
12389,4,582.34,4,580.4900000000001,2opt,notBad
12390,4,582.34,4,580.4900000000001,swap,notBad
12391,4,582.34,4,580.4900000000001,swap,notBad
12392,4,582.34,4,580.4900000000001,2opt,notBad
12393,4,582.34,4,580.4900000000001,swap,notBad
12394,4,582.34,4,580.4900000000001,swap,notBad
12395,4,582.34,4,580.4900000000001,move,improve
12396,4,582.34,4,580.4900000000001,move,improve
12397,4,582.34,4,580.4900000000001,move,improve
12398,4,582.34,4,580.4900000000001,move,improve
12399,4,582.34,4,580.4900000000001,move,improve
12400,4,582.34,4,580.4900000000001,move,improve
12401,4,582.34,4,580.4900000000001,move,improve
12402,4,582.34,4,580.4900000000001,swap,notBad
12403,4,582.34,4,580.4900000000001,swap,notBad
12404,4,582.34,4,580.4900000000001,swap,notBad
12405,4,582.34,4,580.4900000000001,swap,notBad
12406,4,582.34,4,580.4900000000001,2opt,notBad
12407,4,582.34,4,580.4900000000001,move,improve
12408,4,582.34,4,580.4900000000001,move,improve
12409,4,582.34,4,580.4900000000001,swap,notBad
12410,4,582.34,4,580.4900000000001,2opt,notBad
12411,4,582.34,4,580.4900000000001,move,improve
12412,4,582.34,4,580.4900000000001,swap,notBad
12413,4,582.34,4,580.4900000000001,2opt,notBad
12414,4,582.34,4,580.4900000000001,2opt,notBad
12415,4,582.34,4,580.4900000000001,move,improve
12416,4,582.34,4,580.4900000000001,2opt,notBad
12417,4,582.34,4,580.4900000000001,move,improve
12418,4,582.34,4,580.4900000000001,swap,notBad
12419,4,582.34,4,580.4900000000001,swap,notBad
12420,4,582.34,4,580.4900000000001,2opt,notBad
12421,4,582.34,4,580.4900000000001,move,improve
12422,4,582.34,4,580.4900000000001,2opt,improve
12423,4,582.34,4,580.4900000000001,swap,notBad
12424,4,582.34,4,580.4900000000001,move,improve
12425,4,582.34,4,580.4900000000001,2opt,notBad
12426,4,582.34,4,580.4900000000001,2opt,notBad
12427,4,582.34,4,580.4900000000001,swap,notBad
12428,4,582.34,4,580.4900000000001,move,improve
12429,4,582.34,4,580.4900000000001,move,improve
12430,4,582.34,4,580.4900000000001,2opt,notBad
12431,4,582.34,4,580.4900000000001,move,improve
12432,4,582.34,4,580.4900000000001,swap,notBad
12433,4,582.34,4,580.4900000000001,2opt,notBad
12434,4,582.34,4,580.4900000000001,move,improve
12435,4,582.34,4,580.4900000000001,move,improve
12436,4,582.34,4,580.4900000000001,swap,notBad
12437,4,582.34,4,580.4900000000001,move,improve
12438,4,582.34,4,580.4900000000001,swap,notBad
12439,4,582.34,4,580.4900000000001,swap,notBad
12440,4,582.34,4,580.4900000000001,move,improve
12441,4,582.34,4,580.4900000000001,swap,notBad
12442,4,582.34,4,580.4900000000001,move,improve
12443,4,582.34,4,580.4900000000001,move,improve
12444,4,582.34,4,580.4900000000001,2opt,improve
12445,4,582.34,4,580.4900000000001,2opt,notBad
12446,4,582.34,4,580.4900000000001,2opt,notBad
12447,4,582.34,4,580.4900000000001,swap,notBad
12448,4,582.34,4,580.4900000000001,move,improve
12449,4,582.34,4,580.4900000000001,swap,notBad
12450,4,582.34,4,580.4900000000001,move,improve
12451,4,582.34,4,580.4900000000001,swap,notBad
12452,4,582.34,4,580.4900000000001,2opt,notBad
12453,4,582.34,4,580.4900000000001,2opt,notBad
12454,4,582.34,4,580.4900000000001,swap,notBad
12455,4,582.34,4,580.4900000000001,2opt,notBad
12456,4,582.34,4,580.4900000000001,move,improve
12457,4,582.34,4,580.4900000000001,move,improve
12458,4,582.34,4,580.4900000000001,swap,notBad
12459,4,582.34,4,580.4900000000001,swap,notBad
12460,4,582.34,4,580.4900000000001,2opt,notBad
12461,4,582.34,4,580.4900000000001,move,improve
12462,4,582.34,4,580.4900000000001,2opt,notBad
12463,4,582.34,4,580.4900000000001,move,improve
12464,4,582.34,4,580.4900000000001,2opt,notBad
12465,4,582.34,4,580.4900000000001,move,improve
12466,4,582.34,4,580.4900000000001,move,improve
12467,4,582.34,4,580.4900000000001,swap,notBad
12468,4,582.34,4,580.4900000000001,2opt,notBad
12469,4,582.34,4,580.4900000000001,swap,notBad
12470,4,582.34,4,580.4900000000001,swap,notBad
12471,4,582.34,4,580.4900000000001,move,improve
12472,4,582.34,4,580.4900000000001,move,improve
12473,4,582.34,4,580.4900000000001,swap,notBad
12474,4,582.34,4,580.4900000000001,move,improve
12475,4,582.34,4,580.4900000000001,swap,notBad
12476,4,582.34,4,580.4900000000001,swap,notBad
12477,4,582.34,4,580.4900000000001,move,improve
12478,4,582.34,4,580.4900000000001,2opt,notBad
12479,4,582.34,4,580.4900000000001,swap,notBad
12480,4,582.34,4,580.4900000000001,2opt,notBad
12481,4,582.34,4,580.4900000000001,move,improve
12482,4,582.34,4,580.4900000000001,move,improve
12483,4,582.34,4,580.4900000000001,2opt,notBad
12484,4,582.34,4,580.4900000000001,move,improve
12485,4,582.34,4,580.4900000000001,swap,notBad
12486,4,582.34,4,580.4900000000001,move,improve
12487,4,582.34,4,580.4900000000001,2opt,notBad
12488,4,582.34,4,580.4900000000001,move,improve
12489,4,582.34,4,580.4900000000001,2opt,notBad
12490,4,582.34,4,580.4900000000001,swap,notBad
12491,4,582.34,4,580.4900000000001,move,improve
12492,4,582.34,4,580.4900000000001,2opt,notBad
12493,4,582.34,4,580.4900000000001,move,improve
12494,4,582.34,4,580.4900000000001,move,improve
12495,4,582.34,4,580.4900000000001,swap,notBad
12496,4,582.34,4,580.4900000000001,move,improve
12497,4,582.34,4,580.4900000000001,move,improve
12498,4,582.34,4,580.4900000000001,swap,notBad
12499,4,582.34,4,580.4900000000001,swap,notBad
12500,4,582.34,4,580.4900000000001,move,improve
12501,4,582.34,4,580.4900000000001,swap,notBad
12502,4,582.34,4,580.4900000000001,swap,notBad
12503,4,582.34,4,580.4900000000001,swap,notBad
12504,4,582.34,4,580.4900000000001,swap,notBad
12505,4,582.34,4,580.4900000000001,swap,notBad
12506,4,582.34,4,580.4900000000001,move,improve
12507,4,582.34,4,580.4900000000001,move,improve
12508,4,582.34,4,580.4900000000001,swap,notBad
12509,4,582.34,4,580.4900000000001,swap,notBad
12510,4,582.34,4,580.4900000000001,move,improve
12511,4,582.34,4,580.4900000000001,swap,notBad
12512,4,582.34,4,580.4900000000001,move,improve
12513,4,582.34,4,580.4900000000001,swap,notBad
12514,4,582.34,4,580.4900000000001,move,improve
12515,4,582.34,4,580.4900000000001,move,improve
12516,4,582.34,4,580.4900000000001,swap,notBad
12517,4,582.34,4,580.4900000000001,swap,notBad
12518,4,582.34,4,580.4900000000001,move,improve
12519,4,582.34,4,580.4900000000001,2opt,notBad
12520,4,582.34,4,580.4900000000001,move,improve
12521,4,582.34,4,580.4900000000001,2opt,notBad
12522,4,582.34,4,580.4900000000001,move,improve
12523,4,582.34,4,580.4900000000001,swap,notBad
12524,4,582.34,4,580.4900000000001,2opt,notBad
12525,4,582.34,4,580.4900000000001,2opt,notBad
12526,4,582.34,4,580.4900000000001,2opt,improve
12527,4,582.34,4,580.4900000000001,move,improve
12528,4,582.34,4,580.4900000000001,swap,notBad
12529,4,582.34,4,580.4900000000001,move,improve
12530,4,582.34,4,580.4900000000001,2opt,notBad
12531,4,582.34,4,580.4900000000001,2opt,notBad
12532,4,582.34,4,580.4900000000001,swap,notBad
12533,4,582.34,4,580.4900000000001,2opt,notBad
12534,4,582.34,4,580.4900000000001,move,improve
12535,4,582.34,4,580.4900000000001,swap,notBad
12536,4,582.34,4,580.4900000000001,2opt,notBad
12537,4,582.34,4,580.4900000000001,move,improve
12538,4,582.34,4,580.4900000000001,2opt,improve
12539,4,582.34,4,580.4900000000001,2opt,notBad
12540,4,582.34,4,580.4900000000001,2opt,notBad
12541,4,582.34,4,580.4900000000001,swap,notBad
12542,4,582.34,4,580.4900000000001,swap,notBad
12543,4,582.34,4,580.4900000000001,swap,notBad
12544,4,582.34,4,580.4900000000001,2opt,improve
12545,4,582.34,4,580.4900000000001,swap,notBad
12546,4,582.34,4,580.4900000000001,move,improve
12547,4,582.34,4,580.4900000000001,swap,notBad
12548,4,582.34,4,580.4900000000001,move,improve
12549,4,582.34,4,580.4900000000001,swap,notBad
12550,4,582.34,4,580.4900000000001,2opt,notBad
12551,4,582.34,4,580.4900000000001,move,improve
12552,4,582.34,4,580.4900000000001,move,improve
12553,4,582.34,4,580.4900000000001,2opt,notBad
12554,4,582.34,4,580.4900000000001,swap,notBad
12555,4,582.34,4,580.4900000000001,move,improve
12556,4,582.34,4,580.4900000000001,swap,notBad
12557,4,582.34,4,580.4900000000001,2opt,notBad
12558,4,582.34,4,580.4900000000001,swap,notBad
12559,4,582.34,4,580.4900000000001,move,improve
12560,4,582.34,4,580.4900000000001,2opt,notBad
12561,4,582.34,4,580.4900000000001,swap,notBad
12562,4,582.34,4,580.4900000000001,2opt,notBad
12563,4,582.34,4,580.4900000000001,swap,notBad
12564,4,582.34,4,580.4900000000001,move,improve
12565,4,582.34,4,580.4900000000001,2opt,notBad
12566,4,582.34,4,580.4900000000001,move,improve
12567,4,582.34,4,580.4900000000001,2opt,notBad
12568,4,582.34,4,580.4900000000001,move,improve
12569,4,582.34,4,580.4900000000001,move,improve
12570,4,582.34,4,580.4900000000001,2opt,improve
12571,4,582.34,4,580.4900000000001,swap,notBad
12572,4,582.34,4,580.4900000000001,swap,notBad
12573,4,582.34,4,580.4900000000001,2opt,notBad
12574,4,582.34,4,580.4900000000001,move,improve
12575,4,582.34,4,580.4900000000001,2opt,notBad
12576,4,582.34,4,580.4900000000001,move,improve
12577,4,582.34,4,580.4900000000001,swap,notBad
12578,4,582.34,4,580.4900000000001,2opt,notBad
12579,4,582.34,4,580.4900000000001,2opt,notBad
12580,4,582.34,4,580.4900000000001,2opt,notBad
12581,4,582.34,4,580.4900000000001,swap,notBad
12582,4,582.34,4,580.4900000000001,swap,notBad
12583,4,582.34,4,580.4900000000001,2opt,notBad
12584,4,582.34,4,580.4900000000001,swap,notBad
12585,4,582.34,4,580.4900000000001,swap,notBad
12586,4,582.34,4,580.4900000000001,2opt,notBad
12587,4,582.34,4,580.4900000000001,move,improve
12588,4,582.34,4,580.4900000000001,move,improve
12589,4,582.34,4,580.4900000000001,swap,notBad
12590,4,582.34,4,580.4900000000001,2opt,notBad
12591,4,582.34,4,580.4900000000001,swap,notBad
12592,4,582.34,4,580.4900000000001,swap,notBad
12593,4,582.34,4,580.4900000000001,2opt,notBad
12594,4,582.34,4,580.4900000000001,move,improve
12595,4,582.34,4,580.4900000000001,move,improve
12596,4,582.34,4,580.4900000000001,move,improve
12597,4,582.34,4,580.4900000000001,2opt,notBad
12598,4,582.34,4,580.4900000000001,2opt,notBad
12599,4,582.34,4,580.4900000000001,move,improve
12600,4,582.34,4,580.4900000000001,swap,notBad
12601,4,582.34,4,580.4900000000001,swap,notBad
12602,4,582.34,4,580.4900000000001,move,improve
12603,4,582.34,4,580.4900000000001,swap,notBad
12604,4,582.34,4,580.4900000000001,move,improve
12605,4,582.34,4,580.4900000000001,move,improve
12606,4,582.34,4,580.4900000000001,2opt,notBad
12607,4,582.34,4,580.4900000000001,2opt,notBad
12608,4,582.34,4,580.4900000000001,move,improve
12609,4,582.34,4,580.4900000000001,move,improve
12610,4,582.34,4,580.4900000000001,move,improve
12611,4,582.34,4,580.4900000000001,move,improve
12612,4,582.34,4,580.4900000000001,2opt,notBad
12613,4,582.34,4,580.4900000000001,swap,notBad
12614,4,582.34,4,580.4900000000001,2opt,notBad
12615,4,582.34,4,580.4900000000001,2opt,improve
12616,4,582.34,4,580.4900000000001,move,improve
12617,4,582.34,4,580.4900000000001,2opt,improve
12618,4,582.34,4,580.4900000000001,swap,notBad
12619,4,582.34,4,580.4900000000001,swap,notBad
12620,4,582.34,4,580.4900000000001,swap,notBad
12621,4,582.34,4,580.4900000000001,move,improve
12622,4,582.34,4,580.4900000000001,move,improve
12623,4,582.34,4,580.4900000000001,swap,notBad
12624,4,582.34,4,580.4900000000001,swap,notBad
12625,4,582.34,4,580.4900000000001,swap,notBad
12626,4,582.34,4,580.4900000000001,2opt,notBad
12627,4,582.34,4,580.4900000000001,2opt,notBad
12628,4,582.34,4,580.4900000000001,swap,notBad
12629,4,582.34,4,580.4900000000001,move,improve
12630,4,582.34,4,580.4900000000001,2opt,notBad
12631,4,582.34,4,580.4900000000001,2opt,notBad
12632,4,582.34,4,580.4900000000001,move,improve
12633,4,582.34,4,580.4900000000001,move,improve
12634,4,582.34,4,580.4900000000001,2opt,notBad
12635,4,582.34,4,580.4900000000001,2opt,notBad
12636,4,582.34,4,580.4900000000001,move,improve
12637,4,582.34,4,580.4900000000001,move,improve
12638,4,582.34,4,580.4900000000001,move,improve
12639,4,582.34,4,580.4900000000001,2opt,notBad
12640,4,582.34,4,580.4900000000001,2opt,notBad
12641,4,582.34,4,580.4900000000001,move,improve
12642,4,582.34,4,580.4900000000001,swap,notBad
12643,4,582.34,4,580.4900000000001,move,improve
12644,4,582.34,4,580.4900000000001,swap,notBad
12645,4,582.34,4,580.4900000000001,move,improve
12646,4,582.34,4,580.4900000000001,2opt,notBad
12647,4,582.34,4,580.4900000000001,2opt,notBad
12648,4,582.34,4,580.4900000000001,swap,notBad
12649,4,582.34,4,580.4900000000001,swap,notBad
12650,4,582.34,4,580.4900000000001,2opt,notBad
12651,4,582.34,4,580.4900000000001,swap,notBad
12652,4,582.34,4,580.4900000000001,swap,notBad
12653,4,582.34,4,580.4900000000001,move,improve
12654,4,582.34,4,580.4900000000001,move,improve
12655,4,582.34,4,580.4900000000001,2opt,notBad
12656,4,582.34,4,580.4900000000001,swap,notBad
12657,4,582.34,4,580.4900000000001,move,improve
12658,4,582.34,4,580.4900000000001,2opt,notBad
12659,4,582.34,4,580.4900000000001,swap,notBad
12660,4,582.34,4,580.4900000000001,swap,notBad
12661,4,582.34,4,580.4900000000001,2opt,notBad
12662,4,582.34,4,580.4900000000001,move,improve
12663,4,582.34,4,580.4900000000001,swap,notBad
12664,4,582.34,4,580.4900000000001,2opt,notBad
12665,4,582.34,4,580.4900000000001,2opt,notBad
12666,4,582.34,4,580.4900000000001,swap,notBad
12667,4,582.34,4,580.4900000000001,2opt,notBad
12668,4,582.34,4,580.4900000000001,2opt,notBad
12669,4,582.34,4,580.4900000000001,2opt,notBad
12670,4,582.34,4,580.4900000000001,move,improve
12671,4,582.34,4,580.4900000000001,swap,notBad
12672,4,582.34,4,580.4900000000001,swap,notBad
12673,4,582.34,4,580.4900000000001,move,improve
12674,4,582.34,4,580.4900000000001,move,improve
12675,4,582.34,4,580.4900000000001,2opt,notBad
12676,4,582.34,4,580.4900000000001,move,improve
12677,4,582.34,4,580.4900000000001,2opt,notBad
12678,4,582.34,4,580.4900000000001,swap,notBad
12679,4,582.34,4,580.4900000000001,2opt,notBad
12680,4,582.34,4,580.4900000000001,2opt,notBad
12681,4,582.34,4,580.4900000000001,swap,notBad
12682,4,582.34,4,580.4900000000001,2opt,notBad
12683,4,582.34,4,580.4900000000001,swap,notBad
12684,4,582.34,4,580.4900000000001,2opt,notBad
12685,4,582.34,4,580.4900000000001,move,improve
12686,4,582.34,4,580.4900000000001,move,improve
12687,4,582.34,4,580.4900000000001,move,improve
12688,4,582.34,4,580.4900000000001,move,improve
12689,4,582.34,4,580.4900000000001,move,improve
12690,4,582.34,4,580.4900000000001,swap,notBad
12691,4,582.34,4,580.4900000000001,2opt,notBad
12692,4,582.34,4,580.4900000000001,swap,notBad
12693,4,582.34,4,580.4900000000001,swap,notBad
12694,4,582.34,4,580.4900000000001,2opt,notBad
12695,4,582.34,4,580.4900000000001,swap,notBad
12696,4,582.34,4,580.4900000000001,swap,notBad
12697,4,582.34,4,580.4900000000001,move,improve
12698,4,581.74,4,580.4900000000001,move,improve
12699,4,581.74,4,580.4900000000001,move,improve
12700,4,581.74,4,580.4900000000001,swap,notBad
12701,4,581.74,4,580.4900000000001,swap,notBad
12702,4,581.74,4,580.4900000000001,swap,notBad
12703,4,581.74,4,580.4900000000001,move,improve
12704,4,581.74,4,580.4900000000001,swap,notBad
12705,4,581.74,4,580.4900000000001,2opt,notBad
12706,4,581.74,4,580.4900000000001,2opt,notBad
12707,4,581.74,4,580.4900000000001,move,improve
12708,4,581.74,4,580.4900000000001,move,improve
12709,4,581.74,4,580.4900000000001,move,improve
12710,4,581.74,4,580.4900000000001,move,improve
12711,4,581.74,4,580.4900000000001,move,improve
12712,4,581.74,4,580.4900000000001,move,improve
12713,4,581.74,4,580.4900000000001,swap,notBad
12714,4,581.74,4,580.4900000000001,2opt,notBad
12715,4,581.74,4,580.4900000000001,move,improve
12716,4,581.74,4,580.4900000000001,2opt,notBad
12717,4,581.74,4,580.4900000000001,2opt,notBad
12718,4,581.74,4,580.4900000000001,2opt,notBad
12719,4,581.74,4,580.4900000000001,swap,notBad
12720,4,581.74,4,580.4900000000001,2opt,notBad
12721,4,581.74,4,580.4900000000001,swap,notBad
12722,4,581.74,4,580.4900000000001,swap,notBad
12723,4,581.74,4,580.4900000000001,2opt,notBad
12724,4,581.74,4,580.4900000000001,move,improve
12725,4,581.74,4,580.4900000000001,2opt,improve
12726,4,581.74,4,580.4900000000001,2opt,notBad
12727,4,581.74,4,580.4900000000001,2opt,notBad
12728,4,581.74,4,580.4900000000001,move,improve
12729,4,581.74,4,580.4900000000001,2opt,notBad
12730,4,581.74,4,580.4900000000001,swap,notBad
12731,4,581.74,4,580.4900000000001,move,improve
12732,4,581.74,4,580.4900000000001,move,improve
12733,4,581.74,4,580.4900000000001,move,improve
12734,4,581.74,4,580.4900000000001,move,improve
12735,4,581.74,4,580.4900000000001,swap,notBad
12736,4,581.74,4,580.4900000000001,2opt,notBad
12737,4,581.74,4,580.4900000000001,2opt,improve
12738,4,581.74,4,580.4900000000001,swap,notBad
12739,4,581.74,4,580.4900000000001,2opt,notBad
12740,4,581.74,4,580.4900000000001,2opt,notBad
12741,4,581.74,4,580.4900000000001,2opt,notBad
12742,4,581.74,4,580.4900000000001,2opt,notBad
12743,4,581.74,4,580.4900000000001,move,improve
12744,4,581.74,4,580.4900000000001,move,improve
12745,4,581.74,4,580.4900000000001,swap,notBad
12746,4,581.74,4,580.4900000000001,2opt,notBad
12747,4,581.74,4,580.4900000000001,swap,notBad
12748,4,581.74,4,580.4900000000001,swap,notBad
12749,4,581.74,4,580.4900000000001,2opt,notBad
12750,4,581.74,4,580.4900000000001,move,improve
12751,4,581.74,4,580.4900000000001,2opt,notBad
12752,4,581.74,4,580.4900000000001,swap,notBad
12753,4,581.74,4,580.4900000000001,swap,notBad
12754,4,581.74,4,580.4900000000001,2opt,notBad
12755,4,581.74,4,580.4900000000001,swap,notBad
12756,4,581.74,4,580.4900000000001,swap,notBad
12757,4,581.74,4,580.4900000000001,2opt,notBad
12758,4,581.74,4,580.4900000000001,swap,notBad
12759,4,581.74,4,580.4900000000001,swap,notBad
12760,4,581.74,4,580.4900000000001,2opt,notBad
12761,4,581.74,4,580.4900000000001,swap,notBad
12762,4,581.74,4,580.4900000000001,swap,notBad
12763,4,581.74,4,580.4900000000001,move,improve
12764,4,581.74,4,580.4900000000001,2opt,notBad
12765,4,581.74,4,580.4900000000001,swap,notBad
12766,4,581.74,4,580.4900000000001,swap,notBad
12767,4,581.74,4,580.4900000000001,swap,notBad
12768,4,581.74,4,580.4900000000001,swap,notBad
12769,4,581.74,4,580.4900000000001,swap,notBad
12770,4,581.74,4,580.4900000000001,move,improve
12771,4,581.74,4,580.4900000000001,swap,notBad
12772,4,581.74,4,580.4900000000001,move,improve
12773,4,581.74,4,580.4900000000001,2opt,notBad
12774,4,581.74,4,580.4900000000001,swap,notBad
12775,4,581.74,4,580.4900000000001,swap,notBad
12776,4,581.74,4,580.4900000000001,move,improve
12777,4,581.74,4,580.4900000000001,move,improve
12778,4,581.74,4,580.4900000000001,swap,notBad
12779,4,581.74,4,580.4900000000001,swap,notBad
12780,4,581.74,4,580.4900000000001,2opt,notBad
12781,4,581.74,4,580.4900000000001,move,improve
12782,4,581.74,4,580.4900000000001,2opt,notBad
12783,4,581.74,4,580.4900000000001,move,improve
12784,4,581.74,4,580.4900000000001,move,improve
12785,4,581.74,4,580.4900000000001,swap,notBad
12786,4,581.74,4,580.4900000000001,move,improve
12787,4,581.74,4,580.4900000000001,2opt,notBad
12788,4,581.74,4,580.4900000000001,2opt,notBad
12789,4,581.74,4,580.4900000000001,2opt,notBad
12790,4,581.74,4,580.4900000000001,move,improve
12791,4,581.74,4,580.4900000000001,2opt,notBad
12792,4,581.74,4,580.4900000000001,move,improve
12793,4,581.74,4,580.4900000000001,2opt,notBad
12794,4,581.74,4,580.4900000000001,2opt,notBad
12795,4,581.74,4,580.4900000000001,move,improve
12796,4,581.74,4,580.4900000000001,2opt,notBad
12797,4,581.74,4,580.4900000000001,move,improve
12798,4,581.74,4,580.4900000000001,swap,notBad
12799,4,581.74,4,580.4900000000001,move,improve
12800,4,581.74,4,580.4900000000001,swap,notBad
12801,4,581.74,4,580.4900000000001,swap,notBad
12802,4,581.74,4,580.4900000000001,swap,notBad
12803,4,581.74,4,580.4900000000001,move,improve
12804,4,581.74,4,580.4900000000001,swap,notBad
12805,4,581.74,4,580.4900000000001,swap,notBad
12806,4,581.74,4,580.4900000000001,swap,notBad
12807,4,581.74,4,580.4900000000001,2opt,notBad
12808,4,581.74,4,580.4900000000001,swap,notBad
12809,4,581.74,4,580.4900000000001,move,improve
12810,4,581.74,4,580.4900000000001,2opt,notBad
12811,4,581.74,4,580.4900000000001,move,improve
12812,4,581.74,4,580.4900000000001,2opt,notBad
12813,4,581.74,4,580.4900000000001,swap,notBad
12814,4,581.74,4,580.4900000000001,swap,notBad
12815,4,581.74,4,580.4900000000001,2opt,notBad
12816,4,581.74,4,580.4900000000001,2opt,notBad
12817,4,581.74,4,580.4900000000001,2opt,notBad
12818,4,581.74,4,580.4900000000001,2opt,notBad
12819,4,581.74,4,580.4900000000001,swap,notBad
12820,4,581.74,4,580.4900000000001,swap,notBad
12821,4,581.74,4,580.4900000000001,2opt,notBad
12822,4,581.74,4,580.4900000000001,move,improve
12823,4,581.74,4,580.4900000000001,move,improve
12824,4,581.74,4,580.4900000000001,2opt,notBad
12825,4,581.74,4,580.4900000000001,swap,notBad
12826,4,581.74,4,580.4900000000001,swap,notBad
12827,4,581.74,4,580.4900000000001,move,improve
12828,4,581.74,4,580.4900000000001,2opt,notBad
12829,4,581.74,4,580.4900000000001,move,improve
12830,4,581.74,4,580.4900000000001,move,improve
12831,4,581.74,4,580.4900000000001,2opt,notBad
12832,4,581.74,4,580.4900000000001,2opt,notBad
12833,4,581.74,4,580.4900000000001,swap,notBad
12834,4,581.74,4,580.4900000000001,move,improve
12835,4,581.74,4,580.4900000000001,2opt,notBad
12836,4,581.74,4,580.4900000000001,swap,notBad
12837,4,581.74,4,580.4900000000001,swap,notBad
12838,4,581.74,4,580.4900000000001,2opt,notBad
12839,4,581.74,4,580.4900000000001,2opt,notBad
12840,4,581.74,4,580.4900000000001,move,improve
12841,4,581.74,4,580.4900000000001,2opt,notBad
12842,4,581.74,4,580.4900000000001,2opt,notBad
12843,4,581.74,4,580.4900000000001,swap,notBad
12844,4,581.74,4,580.4900000000001,move,improve
12845,4,581.74,4,580.4900000000001,2opt,notBad
12846,4,581.74,4,580.4900000000001,swap,notBad
12847,4,581.74,4,580.4900000000001,2opt,notBad
12848,4,581.74,4,580.4900000000001,swap,notBad
12849,4,581.74,4,580.4900000000001,2opt,notBad
12850,4,581.74,4,580.4900000000001,2opt,improve
12851,4,581.74,4,580.4900000000001,move,improve
12852,4,581.74,4,580.4900000000001,2opt,notBad
12853,4,581.74,4,580.4900000000001,move,improve
12854,4,581.74,4,580.4900000000001,swap,notBad
12855,4,581.74,4,580.4900000000001,2opt,notBad
12856,4,581.74,4,580.4900000000001,2opt,notBad
12857,4,581.74,4,580.4900000000001,2opt,notBad
12858,4,581.74,4,580.4900000000001,swap,notBad
12859,4,581.74,4,580.4900000000001,swap,notBad
12860,4,581.74,4,580.4900000000001,2opt,notBad
12861,4,581.74,4,580.4900000000001,swap,notBad
12862,4,581.74,4,580.4900000000001,swap,notBad
12863,4,581.74,4,580.4900000000001,swap,notBad
12864,4,581.74,4,580.4900000000001,2opt,notBad
12865,4,581.74,4,580.4900000000001,move,improve
12866,4,581.74,4,580.4900000000001,2opt,notBad
12867,4,581.74,4,580.4900000000001,swap,notBad
12868,4,581.74,4,580.4900000000001,swap,notBad
12869,4,581.74,4,580.4900000000001,move,improve
12870,4,581.74,4,580.4900000000001,2opt,notBad
12871,4,581.74,4,580.4900000000001,move,improve
12872,4,581.74,4,580.4900000000001,move,improve
12873,4,581.74,4,580.4900000000001,2opt,notBad
12874,4,581.74,4,580.4900000000001,swap,notBad
12875,4,581.74,4,580.4900000000001,swap,notBad
12876,4,581.74,4,580.4900000000001,move,improve
12877,4,581.74,4,580.4900000000001,2opt,notBad
12878,4,581.74,4,580.4900000000001,2opt,improve
12879,4,581.74,4,580.4900000000001,swap,notBad
12880,4,581.74,4,580.4900000000001,swap,notBad
12881,4,581.74,4,580.4900000000001,2opt,notBad
12882,4,581.74,4,580.4900000000001,move,improve
12883,4,581.74,4,580.4900000000001,2opt,notBad
12884,4,581.74,4,580.4900000000001,2opt,notBad
12885,4,581.74,4,580.4900000000001,swap,notBad
12886,4,581.74,4,580.4900000000001,move,improve
12887,4,581.74,4,580.4900000000001,move,improve
12888,4,581.74,4,580.4900000000001,2opt,notBad
12889,4,581.74,4,580.4900000000001,swap,notBad
12890,4,581.74,4,580.4900000000001,2opt,notBad
12891,4,581.74,4,580.4900000000001,move,improve
12892,4,581.74,4,580.4900000000001,2opt,notBad
12893,4,581.74,4,580.4900000000001,swap,notBad
12894,4,581.74,4,580.4900000000001,2opt,notBad
12895,4,581.74,4,580.4900000000001,swap,notBad
12896,4,581.74,4,580.4900000000001,2opt,notBad
12897,4,581.74,4,580.4900000000001,2opt,notBad
12898,4,581.74,4,580.4900000000001,move,improve
12899,4,581.74,4,580.4900000000001,move,improve
12900,4,581.74,4,580.4900000000001,2opt,notBad
12901,4,581.74,4,580.4900000000001,move,improve
12902,4,581.74,4,580.4900000000001,move,improve
12903,4,581.74,4,580.4900000000001,2opt,improve
12904,4,581.74,4,580.4900000000001,move,improve
12905,4,581.74,4,580.4900000000001,swap,notBad
12906,4,581.74,4,580.4900000000001,move,improve
12907,4,581.74,4,580.4900000000001,swap,notBad
12908,4,581.74,4,580.4900000000001,move,improve
12909,4,581.74,4,580.4900000000001,move,improve
12910,4,581.74,4,580.4900000000001,2opt,notBad
12911,4,581.74,4,580.4900000000001,swap,notBad
12912,4,581.74,4,580.4900000000001,move,improve
12913,4,581.74,4,580.4900000000001,2opt,notBad
12914,4,581.74,4,580.4900000000001,swap,notBad
12915,4,581.74,4,580.4900000000001,move,improve
12916,4,581.74,4,580.4900000000001,swap,notBad
12917,4,581.74,4,580.4900000000001,swap,notBad
12918,4,581.74,4,580.4900000000001,swap,notBad
12919,4,581.74,4,580.4900000000001,swap,notBad
12920,4,581.74,4,580.4900000000001,swap,notBad
12921,4,581.74,4,580.4900000000001,move,improve
12922,4,581.74,4,580.4900000000001,move,improve
12923,4,581.74,4,580.4900000000001,swap,notBad
12924,4,581.74,4,580.4900000000001,move,improve
12925,4,581.74,4,580.4900000000001,2opt,notBad
12926,4,581.74,4,580.4900000000001,2opt,notBad
12927,4,581.74,4,580.4900000000001,swap,notBad
12928,4,581.74,4,580.4900000000001,move,improve
12929,4,581.74,4,580.4900000000001,2opt,notBad
12930,4,581.74,4,580.4900000000001,swap,notBad
12931,4,581.74,4,580.4900000000001,move,improve
12932,4,581.74,4,580.4900000000001,swap,notBad
12933,4,581.74,4,580.4900000000001,move,improve
12934,4,581.74,4,580.4900000000001,2opt,notBad
12935,4,581.74,4,580.4900000000001,move,improve
12936,4,581.74,4,580.4900000000001,2opt,notBad
12937,4,581.74,4,580.4900000000001,2opt,notBad
12938,4,581.74,4,580.4900000000001,2opt,improve
12939,4,581.74,4,580.4900000000001,move,improve
12940,4,581.74,4,580.4900000000001,2opt,notBad
12941,4,581.74,4,580.4900000000001,2opt,notBad
12942,4,581.74,4,580.4900000000001,2opt,notBad
12943,4,581.74,4,580.4900000000001,move,improve
12944,4,581.74,4,580.4900000000001,swap,notBad
12945,4,581.74,4,580.4900000000001,move,improve
12946,4,581.74,4,580.4900000000001,2opt,notBad
12947,4,581.74,4,580.4900000000001,swap,notBad
12948,4,581.74,4,580.4900000000001,swap,notBad
12949,4,581.74,4,580.4900000000001,move,improve
12950,4,581.74,4,580.4900000000001,2opt,notBad
12951,4,581.74,4,580.4900000000001,2opt,notBad
12952,4,581.74,4,580.4900000000001,move,improve
12953,4,581.74,4,580.4900000000001,2opt,notBad
12954,4,581.74,4,580.4900000000001,swap,notBad
12955,4,581.74,4,580.4900000000001,2opt,notBad
12956,4,581.74,4,580.4900000000001,2opt,notBad
12957,4,581.74,4,580.4900000000001,2opt,notBad
12958,4,581.74,4,580.4900000000001,move,improve
12959,4,581.74,4,580.4900000000001,2opt,improve
12960,4,581.74,4,580.4900000000001,move,improve
12961,4,581.74,4,580.4900000000001,move,improve
12962,4,581.74,4,580.4900000000001,2opt,notBad
12963,4,581.74,4,580.4900000000001,2opt,notBad
12964,4,581.74,4,580.4900000000001,swap,notBad
12965,4,581.74,4,580.4900000000001,2opt,notBad
12966,4,581.74,4,580.4900000000001,swap,notBad
12967,4,581.74,4,580.4900000000001,2opt,notBad
12968,4,581.74,4,580.4900000000001,move,improve
12969,4,581.74,4,580.4900000000001,move,improve
12970,4,581.74,4,580.4900000000001,move,improve
12971,4,581.74,4,580.4900000000001,swap,notBad
12972,4,581.74,4,580.4900000000001,swap,notBad
12973,4,581.74,4,580.4900000000001,2opt,notBad
12974,4,581.74,4,580.4900000000001,2opt,notBad
12975,4,581.74,4,580.4900000000001,2opt,notBad
12976,4,581.74,4,580.4900000000001,swap,notBad
12977,4,581.74,4,580.4900000000001,swap,notBad
12978,4,581.74,4,580.4900000000001,move,improve
12979,4,581.74,4,580.4900000000001,move,improve
12980,4,581.74,4,580.4900000000001,2opt,notBad
12981,4,581.74,4,580.4900000000001,move,improve
12982,4,581.74,4,580.4900000000001,move,improve
12983,4,581.74,4,580.4900000000001,2opt,improve
12984,4,581.74,4,580.4900000000001,2opt,improve
12985,4,581.74,4,580.4900000000001,2opt,notBad
12986,4,581.74,4,580.4900000000001,swap,notBad
12987,4,581.74,4,580.4900000000001,swap,notBad
12988,4,581.74,4,580.4900000000001,2opt,notBad
12989,4,581.74,4,580.4900000000001,2opt,notBad
12990,4,581.74,4,580.4900000000001,swap,notBad
12991,4,581.74,4,580.4900000000001,swap,notBad
12992,4,582.34,4,580.4900000000001,move,acceptBad
12993,4,582.34,4,580.4900000000001,2opt,notBad
12994,4,582.34,4,580.4900000000001,swap,notBad
12995,4,582.34,4,580.4900000000001,swap,notBad
12996,4,582.34,4,580.4900000000001,move,improve
12997,4,582.34,4,580.4900000000001,move,improve
12998,4,582.34,4,580.4900000000001,move,improve
12999,4,582.34,4,580.4900000000001,swap,notBad
13000,4,582.34,4,580.4900000000001,swap,notBad
13001,4,582.34,4,580.4900000000001,swap,notBad
13002,4,582.34,4,580.4900000000001,2opt,notBad
13003,4,582.34,4,580.4900000000001,2opt,notBad
13004,4,582.34,4,580.4900000000001,move,improve
13005,4,582.34,4,580.4900000000001,swap,notBad
13006,4,582.34,4,580.4900000000001,move,improve
13007,4,582.34,4,580.4900000000001,move,improve
13008,4,582.34,4,580.4900000000001,move,improve
13009,4,582.34,4,580.4900000000001,move,improve
13010,4,582.34,4,580.4900000000001,move,improve
13011,4,582.34,4,580.4900000000001,swap,notBad
13012,4,582.34,4,580.4900000000001,swap,notBad
13013,4,582.34,4,580.4900000000001,swap,notBad
13014,4,582.34,4,580.4900000000001,swap,notBad
13015,4,582.34,4,580.4900000000001,swap,notBad
13016,4,582.34,4,580.4900000000001,swap,notBad
13017,4,582.34,4,580.4900000000001,move,improve
13018,4,582.34,4,580.4900000000001,2opt,notBad
13019,4,582.34,4,580.4900000000001,move,improve
13020,4,582.34,4,580.4900000000001,move,improve
13021,4,582.34,4,580.4900000000001,move,improve
13022,4,582.34,4,580.4900000000001,2opt,notBad
13023,4,582.34,4,580.4900000000001,move,improve
13024,4,582.34,4,580.4900000000001,2opt,improve
13025,4,582.34,4,580.4900000000001,swap,notBad
13026,4,582.34,4,580.4900000000001,2opt,notBad
13027,4,582.34,4,580.4900000000001,move,improve
13028,4,582.34,4,580.4900000000001,2opt,notBad
13029,4,582.34,4,580.4900000000001,move,improve
13030,4,582.34,4,580.4900000000001,move,improve
13031,4,582.34,4,580.4900000000001,2opt,improve
13032,4,582.34,4,580.4900000000001,swap,notBad
13033,4,582.34,4,580.4900000000001,2opt,notBad
13034,4,582.34,4,580.4900000000001,2opt,notBad
13035,4,582.34,4,580.4900000000001,move,improve
13036,4,582.34,4,580.4900000000001,swap,notBad
13037,4,582.34,4,580.4900000000001,2opt,notBad
13038,4,582.34,4,580.4900000000001,move,improve
13039,4,582.34,4,580.4900000000001,2opt,notBad
13040,4,582.34,4,580.4900000000001,2opt,notBad
13041,4,582.34,4,580.4900000000001,swap,notBad
13042,4,582.34,4,580.4900000000001,2opt,notBad
13043,4,582.34,4,580.4900000000001,move,improve
13044,4,582.34,4,580.4900000000001,swap,notBad
13045,4,582.34,4,580.4900000000001,swap,notBad
13046,4,582.34,4,580.4900000000001,move,improve
13047,4,582.34,4,580.4900000000001,2opt,notBad
13048,4,582.34,4,580.4900000000001,move,improve
13049,4,582.34,4,580.4900000000001,2opt,notBad
13050,4,582.34,4,580.4900000000001,2opt,notBad
13051,4,582.34,4,580.4900000000001,2opt,notBad
13052,4,582.34,4,580.4900000000001,move,improve
13053,4,582.34,4,580.4900000000001,move,improve
13054,4,582.34,4,580.4900000000001,move,improve
13055,4,582.34,4,580.4900000000001,move,improve
13056,4,582.34,4,580.4900000000001,move,improve
13057,4,582.34,4,580.4900000000001,swap,notBad
13058,4,582.34,4,580.4900000000001,swap,notBad
13059,4,582.34,4,580.4900000000001,move,improve
13060,4,582.34,4,580.4900000000001,swap,notBad
13061,4,582.34,4,580.4900000000001,2opt,notBad
13062,4,582.34,4,580.4900000000001,move,improve
13063,4,582.34,4,580.4900000000001,2opt,notBad
13064,4,582.34,4,580.4900000000001,swap,notBad
13065,4,582.34,4,580.4900000000001,move,improve
13066,4,582.34,4,580.4900000000001,swap,notBad
13067,4,582.34,4,580.4900000000001,2opt,notBad
13068,4,582.34,4,580.4900000000001,swap,notBad
13069,4,582.34,4,580.4900000000001,move,improve
13070,4,582.34,4,580.4900000000001,move,improve
13071,4,582.34,4,580.4900000000001,move,improve
13072,4,582.34,4,580.4900000000001,move,improve
13073,4,582.34,4,580.4900000000001,2opt,notBad
13074,4,582.34,4,580.4900000000001,2opt,notBad
13075,4,582.34,4,580.4900000000001,move,improve
13076,4,582.34,4,580.4900000000001,swap,notBad
13077,4,582.34,4,580.4900000000001,move,improve
13078,4,582.34,4,580.4900000000001,swap,notBad
13079,4,582.34,4,580.4900000000001,swap,notBad
13080,4,582.34,4,580.4900000000001,swap,notBad
13081,4,582.34,4,580.4900000000001,swap,notBad
13082,4,582.34,4,580.4900000000001,swap,notBad
13083,4,582.34,4,580.4900000000001,move,improve
13084,4,582.34,4,580.4900000000001,2opt,notBad
13085,4,582.34,4,580.4900000000001,move,improve
13086,4,582.34,4,580.4900000000001,2opt,notBad
13087,4,582.34,4,580.4900000000001,swap,notBad
13088,4,582.34,4,580.4900000000001,swap,notBad
13089,4,582.34,4,580.4900000000001,move,improve
13090,4,582.34,4,580.4900000000001,swap,notBad
13091,4,582.34,4,580.4900000000001,move,improve
13092,4,582.34,4,580.4900000000001,2opt,notBad
13093,4,582.34,4,580.4900000000001,swap,notBad
13094,4,582.34,4,580.4900000000001,move,improve
13095,4,582.34,4,580.4900000000001,2opt,notBad
13096,4,582.34,4,580.4900000000001,move,improve
13097,4,582.34,4,580.4900000000001,move,improve
13098,4,582.34,4,580.4900000000001,swap,notBad
13099,4,582.34,4,580.4900000000001,2opt,notBad
13100,4,582.34,4,580.4900000000001,swap,notBad
13101,4,582.34,4,580.4900000000001,2opt,notBad
13102,4,582.34,4,580.4900000000001,2opt,notBad
13103,4,582.34,4,580.4900000000001,2opt,notBad
13104,4,582.34,4,580.4900000000001,swap,notBad
13105,4,582.34,4,580.4900000000001,move,improve
13106,4,582.34,4,580.4900000000001,2opt,notBad
13107,4,582.34,4,580.4900000000001,move,improve
13108,4,582.34,4,580.4900000000001,2opt,notBad
13109,4,582.34,4,580.4900000000001,move,improve
13110,4,582.34,4,580.4900000000001,move,improve
13111,4,582.34,4,580.4900000000001,swap,notBad
13112,4,582.34,4,580.4900000000001,swap,notBad
13113,4,582.34,4,580.4900000000001,2opt,notBad
13114,4,582.34,4,580.4900000000001,swap,notBad
13115,4,582.34,4,580.4900000000001,swap,notBad
13116,4,582.34,4,580.4900000000001,swap,notBad
13117,4,582.34,4,580.4900000000001,move,improve
13118,4,582.34,4,580.4900000000001,swap,notBad
13119,4,582.34,4,580.4900000000001,swap,notBad
13120,4,582.34,4,580.4900000000001,swap,notBad
13121,4,582.34,4,580.4900000000001,2opt,notBad
13122,4,582.34,4,580.4900000000001,move,improve
13123,4,582.34,4,580.4900000000001,move,improve
13124,4,582.34,4,580.4900000000001,2opt,notBad
13125,4,582.34,4,580.4900000000001,2opt,notBad
13126,4,582.34,4,580.4900000000001,2opt,notBad
13127,4,582.34,4,580.4900000000001,2opt,notBad
13128,4,582.34,4,580.4900000000001,swap,notBad
13129,4,582.34,4,580.4900000000001,move,improve
13130,4,582.34,4,580.4900000000001,move,improve
13131,4,582.34,4,580.4900000000001,2opt,notBad
13132,4,582.34,4,580.4900000000001,2opt,notBad
13133,4,582.34,4,580.4900000000001,2opt,notBad
13134,4,582.34,4,580.4900000000001,swap,notBad
13135,4,582.34,4,580.4900000000001,2opt,notBad
13136,4,582.34,4,580.4900000000001,swap,notBad
13137,4,582.34,4,580.4900000000001,swap,notBad
13138,4,582.34,4,580.4900000000001,2opt,notBad
13139,4,582.34,4,580.4900000000001,move,improve
13140,4,582.34,4,580.4900000000001,swap,notBad
13141,4,582.34,4,580.4900000000001,move,improve
13142,4,582.34,4,580.4900000000001,2opt,notBad
13143,4,582.34,4,580.4900000000001,2opt,notBad
13144,4,582.34,4,580.4900000000001,2opt,notBad
13145,4,582.34,4,580.4900000000001,move,improve
13146,4,582.34,4,580.4900000000001,2opt,notBad
13147,4,582.34,4,580.4900000000001,swap,notBad
13148,4,582.34,4,580.4900000000001,2opt,notBad
13149,4,582.34,4,580.4900000000001,swap,notBad
13150,4,582.34,4,580.4900000000001,2opt,notBad
13151,4,582.34,4,580.4900000000001,2opt,notBad
13152,4,582.34,4,580.4900000000001,swap,notBad
13153,4,582.34,4,580.4900000000001,move,improve
13154,4,582.34,4,580.4900000000001,2opt,notBad
13155,4,582.34,4,580.4900000000001,2opt,notBad
13156,4,582.34,4,580.4900000000001,2opt,notBad
13157,4,582.34,4,580.4900000000001,2opt,notBad
13158,4,582.34,4,580.4900000000001,swap,notBad
13159,4,582.34,4,580.4900000000001,swap,notBad
13160,4,582.34,4,580.4900000000001,move,improve
13161,4,582.34,4,580.4900000000001,2opt,notBad
13162,4,582.34,4,580.4900000000001,move,improve
13163,4,582.34,4,580.4900000000001,2opt,notBad
13164,4,582.34,4,580.4900000000001,swap,notBad
13165,4,582.34,4,580.4900000000001,swap,notBad
13166,4,582.34,4,580.4900000000001,move,improve
13167,4,582.34,4,580.4900000000001,2opt,notBad
13168,4,582.34,4,580.4900000000001,2opt,notBad
13169,4,582.34,4,580.4900000000001,swap,notBad
13170,4,582.34,4,580.4900000000001,2opt,notBad
13171,4,582.34,4,580.4900000000001,swap,notBad
13172,4,582.34,4,580.4900000000001,move,improve
13173,4,582.34,4,580.4900000000001,2opt,notBad
13174,4,582.34,4,580.4900000000001,swap,notBad
13175,4,582.34,4,580.4900000000001,move,improve
13176,4,582.34,4,580.4900000000001,swap,notBad
13177,4,582.34,4,580.4900000000001,swap,notBad
13178,4,582.34,4,580.4900000000001,2opt,notBad
13179,4,582.34,4,580.4900000000001,swap,notBad
13180,4,582.34,4,580.4900000000001,move,improve
13181,4,582.34,4,580.4900000000001,swap,notBad
13182,4,582.34,4,580.4900000000001,2opt,notBad
13183,4,582.34,4,580.4900000000001,swap,notBad
13184,4,582.34,4,580.4900000000001,move,improve
13185,4,582.34,4,580.4900000000001,swap,notBad
13186,4,582.34,4,580.4900000000001,swap,notBad
13187,4,582.34,4,580.4900000000001,swap,notBad
13188,4,582.34,4,580.4900000000001,2opt,notBad
13189,4,582.34,4,580.4900000000001,swap,notBad
13190,4,582.34,4,580.4900000000001,swap,notBad
13191,4,582.34,4,580.4900000000001,swap,notBad
13192,4,582.34,4,580.4900000000001,swap,notBad
13193,4,582.34,4,580.4900000000001,2opt,notBad
13194,4,582.34,4,580.4900000000001,move,improve
13195,4,582.34,4,580.4900000000001,2opt,notBad
13196,4,582.34,4,580.4900000000001,swap,notBad
13197,4,582.34,4,580.4900000000001,swap,notBad
13198,4,582.34,4,580.4900000000001,swap,notBad
13199,4,582.34,4,580.4900000000001,swap,notBad
13200,4,582.34,4,580.4900000000001,move,improve
13201,4,582.34,4,580.4900000000001,2opt,notBad
13202,4,582.34,4,580.4900000000001,move,improve
13203,4,582.34,4,580.4900000000001,swap,notBad
13204,4,582.34,4,580.4900000000001,swap,notBad
13205,4,582.34,4,580.4900000000001,move,improve
13206,4,582.34,4,580.4900000000001,2opt,notBad
13207,4,582.34,4,580.4900000000001,swap,notBad
13208,4,582.34,4,580.4900000000001,move,improve
13209,4,582.34,4,580.4900000000001,2opt,notBad
13210,4,582.34,4,580.4900000000001,swap,notBad
13211,4,582.34,4,580.4900000000001,move,improve
13212,4,582.34,4,580.4900000000001,2opt,notBad
13213,4,582.34,4,580.4900000000001,move,improve
13214,4,582.34,4,580.4900000000001,swap,notBad
13215,4,582.34,4,580.4900000000001,2opt,notBad
13216,4,582.34,4,580.4900000000001,2opt,notBad
13217,4,582.34,4,580.4900000000001,move,improve
13218,4,582.34,4,580.4900000000001,swap,notBad
13219,4,582.34,4,580.4900000000001,swap,notBad
13220,4,582.34,4,580.4900000000001,2opt,notBad
13221,4,582.34,4,580.4900000000001,swap,notBad
13222,4,582.34,4,580.4900000000001,move,improve
13223,4,582.34,4,580.4900000000001,swap,notBad
13224,4,582.34,4,580.4900000000001,2opt,notBad
13225,4,582.34,4,580.4900000000001,swap,notBad
13226,4,582.34,4,580.4900000000001,2opt,notBad
13227,4,582.34,4,580.4900000000001,2opt,notBad
13228,4,582.34,4,580.4900000000001,swap,notBad
13229,4,582.34,4,580.4900000000001,2opt,notBad
13230,4,582.34,4,580.4900000000001,swap,notBad
13231,4,582.34,4,580.4900000000001,move,improve
13232,4,582.34,4,580.4900000000001,swap,notBad
13233,4,582.34,4,580.4900000000001,2opt,notBad
13234,4,582.34,4,580.4900000000001,swap,notBad
13235,4,582.34,4,580.4900000000001,swap,notBad
13236,4,582.34,4,580.4900000000001,2opt,notBad
13237,4,582.34,4,580.4900000000001,move,improve
13238,4,582.34,4,580.4900000000001,move,improve
13239,4,582.34,4,580.4900000000001,swap,notBad
13240,4,582.34,4,580.4900000000001,swap,notBad
13241,4,582.34,4,580.4900000000001,move,improve
13242,4,582.34,4,580.4900000000001,2opt,notBad
13243,4,582.34,4,580.4900000000001,move,improve
13244,4,582.34,4,580.4900000000001,2opt,notBad
13245,4,582.34,4,580.4900000000001,swap,notBad
13246,4,582.34,4,580.4900000000001,swap,notBad
13247,4,582.34,4,580.4900000000001,move,improve
13248,4,582.34,4,580.4900000000001,2opt,notBad
13249,4,582.34,4,580.4900000000001,move,improve
13250,4,582.34,4,580.4900000000001,move,improve
13251,4,582.34,4,580.4900000000001,2opt,notBad
13252,4,582.34,4,580.4900000000001,move,improve
13253,4,582.34,4,580.4900000000001,swap,notBad
13254,4,582.34,4,580.4900000000001,move,improve
13255,4,582.34,4,580.4900000000001,2opt,notBad
13256,4,582.34,4,580.4900000000001,swap,notBad
13257,4,582.34,4,580.4900000000001,move,improve
13258,4,582.34,4,580.4900000000001,swap,notBad
13259,4,582.34,4,580.4900000000001,2opt,notBad
13260,4,582.34,4,580.4900000000001,swap,notBad
13261,4,582.34,4,580.4900000000001,move,improve
13262,4,582.34,4,580.4900000000001,2opt,notBad
13263,4,582.34,4,580.4900000000001,move,improve
13264,4,582.34,4,580.4900000000001,swap,notBad
13265,4,582.34,4,580.4900000000001,swap,notBad
13266,4,582.34,4,580.4900000000001,swap,notBad
13267,4,582.34,4,580.4900000000001,2opt,notBad
13268,4,582.34,4,580.4900000000001,swap,notBad
13269,4,582.34,4,580.4900000000001,2opt,notBad
13270,4,582.34,4,580.4900000000001,swap,notBad
13271,4,582.34,4,580.4900000000001,move,improve
13272,4,582.34,4,580.4900000000001,2opt,notBad
13273,4,581.74,4,580.4900000000001,move,improve
13274,4,581.74,4,580.4900000000001,2opt,notBad
13275,4,581.74,4,580.4900000000001,move,improve
13276,4,581.74,4,580.4900000000001,2opt,notBad
13277,4,581.74,4,580.4900000000001,move,improve
13278,4,581.74,4,580.4900000000001,2opt,notBad
13279,4,581.74,4,580.4900000000001,move,improve
13280,4,581.74,4,580.4900000000001,2opt,notBad
13281,4,581.74,4,580.4900000000001,move,improve
13282,4,581.74,4,580.4900000000001,swap,notBad
13283,4,581.74,4,580.4900000000001,2opt,notBad
13284,4,581.74,4,580.4900000000001,move,improve
13285,4,581.74,4,580.4900000000001,swap,notBad
13286,4,581.74,4,580.4900000000001,2opt,notBad
13287,4,581.74,4,580.4900000000001,swap,notBad
13288,4,581.74,4,580.4900000000001,swap,notBad
13289,4,581.74,4,580.4900000000001,2opt,notBad
13290,4,581.74,4,580.4900000000001,move,improve
13291,4,581.74,4,580.4900000000001,move,improve
13292,4,581.74,4,580.4900000000001,2opt,notBad
13293,4,581.74,4,580.4900000000001,2opt,notBad
13294,4,581.74,4,580.4900000000001,move,improve
13295,4,581.74,4,580.4900000000001,swap,notBad
13296,4,581.74,4,580.4900000000001,2opt,notBad
13297,4,581.74,4,580.4900000000001,2opt,notBad
13298,4,581.74,4,580.4900000000001,move,improve
13299,4,581.74,4,580.4900000000001,move,improve
13300,4,581.74,4,580.4900000000001,swap,notBad
13301,4,581.74,4,580.4900000000001,2opt,notBad
13302,4,581.74,4,580.4900000000001,2opt,notBad
13303,4,581.74,4,580.4900000000001,move,improve
13304,4,581.74,4,580.4900000000001,swap,notBad
13305,4,581.74,4,580.4900000000001,move,improve
13306,4,581.74,4,580.4900000000001,move,improve
13307,4,581.74,4,580.4900000000001,2opt,notBad
13308,4,581.74,4,580.4900000000001,move,improve
13309,4,581.74,4,580.4900000000001,move,improve
13310,4,581.74,4,580.4900000000001,swap,notBad
13311,4,581.74,4,580.4900000000001,move,improve
13312,4,581.74,4,580.4900000000001,swap,notBad
13313,4,581.74,4,580.4900000000001,swap,notBad
13314,4,581.74,4,580.4900000000001,2opt,improve
13315,4,581.74,4,580.4900000000001,move,improve
13316,4,581.74,4,580.4900000000001,swap,notBad
13317,4,581.74,4,580.4900000000001,move,improve
13318,4,581.74,4,580.4900000000001,2opt,notBad
13319,4,581.74,4,580.4900000000001,move,improve
13320,4,581.74,4,580.4900000000001,swap,notBad
13321,4,581.74,4,580.4900000000001,move,improve
13322,4,581.74,4,580.4900000000001,move,improve
13323,4,581.74,4,580.4900000000001,swap,notBad
13324,4,581.74,4,580.4900000000001,swap,notBad
13325,4,581.74,4,580.4900000000001,swap,notBad
13326,4,581.74,4,580.4900000000001,2opt,notBad
13327,4,581.74,4,580.4900000000001,swap,notBad
13328,4,581.74,4,580.4900000000001,swap,notBad
13329,4,581.74,4,580.4900000000001,2opt,notBad
13330,4,581.74,4,580.4900000000001,2opt,notBad
13331,4,581.74,4,580.4900000000001,swap,notBad
13332,4,581.74,4,580.4900000000001,2opt,notBad
13333,4,581.74,4,580.4900000000001,move,improve
13334,4,581.74,4,580.4900000000001,move,improve
13335,4,581.74,4,580.4900000000001,2opt,notBad
13336,4,581.74,4,580.4900000000001,2opt,notBad
13337,4,581.74,4,580.4900000000001,move,improve
13338,4,581.74,4,580.4900000000001,move,improve
13339,4,581.74,4,580.4900000000001,swap,notBad
13340,4,581.74,4,580.4900000000001,move,improve
13341,4,581.74,4,580.4900000000001,move,improve
13342,4,581.74,4,580.4900000000001,swap,notBad
13343,4,581.74,4,580.4900000000001,swap,notBad
13344,4,581.74,4,580.4900000000001,swap,notBad
13345,4,581.74,4,580.4900000000001,move,improve
13346,4,581.74,4,580.4900000000001,2opt,notBad
13347,4,581.74,4,580.4900000000001,move,improve
13348,4,581.74,4,580.4900000000001,2opt,notBad
13349,4,581.74,4,580.4900000000001,2opt,notBad
13350,4,581.74,4,580.4900000000001,move,improve
13351,4,581.74,4,580.4900000000001,swap,notBad
13352,4,581.74,4,580.4900000000001,move,improve
13353,4,581.74,4,580.4900000000001,swap,notBad
13354,4,581.74,4,580.4900000000001,swap,notBad
13355,4,581.74,4,580.4900000000001,swap,notBad
13356,4,581.74,4,580.4900000000001,swap,notBad
13357,4,581.74,4,580.4900000000001,swap,notBad
13358,4,581.74,4,580.4900000000001,2opt,notBad
13359,4,581.74,4,580.4900000000001,2opt,notBad
13360,4,581.74,4,580.4900000000001,2opt,notBad
13361,4,581.74,4,580.4900000000001,2opt,notBad
13362,4,581.74,4,580.4900000000001,swap,notBad
13363,4,581.74,4,580.4900000000001,2opt,notBad
13364,4,581.74,4,580.4900000000001,move,improve
13365,4,581.74,4,580.4900000000001,swap,notBad
13366,4,581.74,4,580.4900000000001,swap,notBad
13367,4,581.74,4,580.4900000000001,swap,notBad
13368,4,581.74,4,580.4900000000001,move,improve
13369,4,581.74,4,580.4900000000001,swap,notBad
13370,4,581.74,4,580.4900000000001,2opt,notBad
13371,4,581.74,4,580.4900000000001,move,improve
13372,4,581.74,4,580.4900000000001,move,improve
13373,4,581.74,4,580.4900000000001,2opt,notBad
13374,4,581.74,4,580.4900000000001,move,improve
13375,4,581.74,4,580.4900000000001,2opt,notBad
13376,4,581.74,4,580.4900000000001,swap,notBad
13377,4,581.74,4,580.4900000000001,swap,notBad
13378,4,581.74,4,580.4900000000001,swap,notBad
13379,4,581.74,4,580.4900000000001,move,improve
13380,4,581.74,4,580.4900000000001,move,improve
13381,4,581.74,4,580.4900000000001,swap,notBad
13382,4,581.74,4,580.4900000000001,2opt,notBad
13383,4,581.74,4,580.4900000000001,swap,notBad
13384,4,581.74,4,580.4900000000001,move,improve
13385,4,581.74,4,580.4900000000001,swap,notBad
13386,4,581.74,4,580.4900000000001,2opt,notBad
13387,4,581.74,4,580.4900000000001,move,improve
13388,4,581.74,4,580.4900000000001,2opt,notBad
13389,4,581.74,4,580.4900000000001,swap,notBad
13390,4,581.74,4,580.4900000000001,swap,notBad
13391,4,581.74,4,580.4900000000001,move,improve
13392,4,581.74,4,580.4900000000001,move,improve
13393,4,582.34,4,580.4900000000001,move,acceptBad
13394,4,582.34,4,580.4900000000001,2opt,notBad
13395,4,582.34,4,580.4900000000001,move,improve
13396,4,582.34,4,580.4900000000001,swap,notBad
13397,4,582.34,4,580.4900000000001,2opt,notBad
13398,4,582.34,4,580.4900000000001,2opt,notBad
13399,4,582.34,4,580.4900000000001,swap,notBad
13400,4,582.34,4,580.4900000000001,move,improve
13401,4,582.34,4,580.4900000000001,2opt,notBad
13402,4,582.34,4,580.4900000000001,swap,notBad
13403,4,582.34,4,580.4900000000001,2opt,notBad
13404,4,582.34,4,580.4900000000001,2opt,notBad
13405,4,582.34,4,580.4900000000001,move,improve
13406,4,582.34,4,580.4900000000001,2opt,improve
13407,4,582.34,4,580.4900000000001,swap,notBad
13408,4,582.34,4,580.4900000000001,swap,notBad
13409,4,582.34,4,580.4900000000001,move,improve
13410,4,582.34,4,580.4900000000001,swap,notBad
13411,4,582.34,4,580.4900000000001,swap,notBad
13412,4,582.34,4,580.4900000000001,swap,notBad
13413,4,582.34,4,580.4900000000001,2opt,notBad
13414,4,582.34,4,580.4900000000001,move,improve
13415,4,582.34,4,580.4900000000001,swap,notBad
13416,4,582.34,4,580.4900000000001,move,improve
13417,4,582.34,4,580.4900000000001,2opt,notBad
13418,4,582.34,4,580.4900000000001,swap,notBad
13419,4,582.34,4,580.4900000000001,swap,notBad
13420,4,582.34,4,580.4900000000001,2opt,notBad
13421,4,582.34,4,580.4900000000001,move,improve
13422,4,582.34,4,580.4900000000001,move,improve
13423,4,582.34,4,580.4900000000001,swap,notBad
13424,4,582.34,4,580.4900000000001,2opt,notBad
13425,4,582.34,4,580.4900000000001,2opt,notBad
13426,4,582.34,4,580.4900000000001,2opt,notBad
13427,4,582.34,4,580.4900000000001,2opt,notBad
13428,4,582.34,4,580.4900000000001,swap,notBad
13429,4,582.34,4,580.4900000000001,move,improve
13430,4,582.34,4,580.4900000000001,swap,notBad
13431,4,582.34,4,580.4900000000001,move,improve
13432,4,582.34,4,580.4900000000001,2opt,notBad
13433,4,582.34,4,580.4900000000001,swap,notBad
13434,4,582.34,4,580.4900000000001,swap,notBad
13435,4,582.34,4,580.4900000000001,2opt,notBad
13436,4,582.34,4,580.4900000000001,move,improve
13437,4,582.34,4,580.4900000000001,move,improve
13438,4,582.34,4,580.4900000000001,swap,notBad
13439,4,582.34,4,580.4900000000001,2opt,notBad
13440,4,582.34,4,580.4900000000001,move,improve
13441,4,582.34,4,580.4900000000001,2opt,notBad
13442,4,582.34,4,580.4900000000001,2opt,notBad
13443,4,582.34,4,580.4900000000001,move,improve
13444,4,582.34,4,580.4900000000001,2opt,notBad
13445,4,582.34,4,580.4900000000001,2opt,notBad
13446,4,582.34,4,580.4900000000001,2opt,notBad
13447,4,582.34,4,580.4900000000001,move,improve
13448,4,582.34,4,580.4900000000001,swap,notBad
13449,4,582.34,4,580.4900000000001,move,improve
13450,4,582.34,4,580.4900000000001,2opt,notBad
13451,4,582.34,4,580.4900000000001,swap,notBad
13452,4,582.34,4,580.4900000000001,swap,notBad
13453,4,582.34,4,580.4900000000001,2opt,notBad
13454,4,582.34,4,580.4900000000001,swap,notBad
13455,4,582.34,4,580.4900000000001,swap,notBad
13456,4,582.34,4,580.4900000000001,2opt,notBad
13457,4,582.34,4,580.4900000000001,swap,notBad
13458,4,582.34,4,580.4900000000001,2opt,notBad
13459,4,582.34,4,580.4900000000001,move,improve
13460,4,582.34,4,580.4900000000001,2opt,notBad
13461,4,582.34,4,580.4900000000001,2opt,notBad
13462,4,582.34,4,580.4900000000001,swap,notBad
13463,4,582.34,4,580.4900000000001,swap,notBad
13464,4,582.34,4,580.4900000000001,2opt,notBad
13465,4,582.34,4,580.4900000000001,2opt,notBad
13466,4,582.34,4,580.4900000000001,move,improve
13467,4,582.34,4,580.4900000000001,2opt,notBad
13468,4,582.34,4,580.4900000000001,move,improve
13469,4,582.34,4,580.4900000000001,2opt,notBad
13470,4,582.34,4,580.4900000000001,swap,notBad
13471,4,582.34,4,580.4900000000001,swap,notBad
13472,4,582.34,4,580.4900000000001,2opt,notBad
13473,4,582.34,4,580.4900000000001,move,improve
13474,4,582.34,4,580.4900000000001,swap,notBad
13475,4,582.34,4,580.4900000000001,2opt,improve
13476,4,582.34,4,580.4900000000001,move,improve
13477,4,582.34,4,580.4900000000001,swap,notBad
13478,4,582.34,4,580.4900000000001,move,improve
13479,4,582.34,4,580.4900000000001,move,improve
13480,4,582.34,4,580.4900000000001,move,improve
13481,4,582.34,4,580.4900000000001,move,improve
13482,4,582.34,4,580.4900000000001,2opt,notBad
13483,4,582.34,4,580.4900000000001,swap,notBad
13484,4,582.34,4,580.4900000000001,move,improve
13485,4,582.34,4,580.4900000000001,2opt,notBad
13486,4,582.34,4,580.4900000000001,2opt,notBad
13487,4,582.34,4,580.4900000000001,swap,notBad
13488,4,582.34,4,580.4900000000001,move,improve
13489,4,582.34,4,580.4900000000001,move,improve
13490,4,582.34,4,580.4900000000001,swap,notBad
13491,4,582.34,4,580.4900000000001,swap,notBad
13492,4,582.34,4,580.4900000000001,2opt,notBad
13493,4,582.34,4,580.4900000000001,swap,notBad
13494,4,582.34,4,580.4900000000001,2opt,notBad
13495,4,582.34,4,580.4900000000001,swap,notBad
13496,4,582.34,4,580.4900000000001,move,improve
13497,4,582.34,4,580.4900000000001,2opt,notBad
13498,4,582.34,4,580.4900000000001,2opt,notBad
13499,4,582.34,4,580.4900000000001,move,improve
13500,4,582.34,4,580.4900000000001,move,improve
13501,4,582.34,4,580.4900000000001,2opt,notBad
13502,4,582.34,4,580.4900000000001,2opt,notBad
13503,4,582.34,4,580.4900000000001,move,improve
13504,4,582.34,4,580.4900000000001,move,improve
13505,4,582.34,4,580.4900000000001,2opt,notBad
13506,4,582.34,4,580.4900000000001,swap,notBad
13507,4,582.34,4,580.4900000000001,swap,notBad
13508,4,582.34,4,580.4900000000001,2opt,notBad
13509,4,582.34,4,580.4900000000001,swap,notBad
13510,4,582.34,4,580.4900000000001,swap,notBad
13511,4,582.34,4,580.4900000000001,swap,notBad
13512,4,582.34,4,580.4900000000001,move,improve
13513,4,582.34,4,580.4900000000001,move,improve
13514,4,582.34,4,580.4900000000001,swap,notBad
13515,4,582.34,4,580.4900000000001,move,improve
13516,4,582.34,4,580.4900000000001,2opt,notBad
13517,4,582.34,4,580.4900000000001,swap,notBad
13518,4,582.34,4,580.4900000000001,swap,notBad
13519,4,582.34,4,580.4900000000001,2opt,improve
13520,4,582.34,4,580.4900000000001,swap,notBad
13521,4,582.34,4,580.4900000000001,swap,notBad
13522,4,582.34,4,580.4900000000001,move,improve
13523,4,582.34,4,580.4900000000001,2opt,notBad
13524,4,582.34,4,580.4900000000001,swap,notBad
13525,4,582.34,4,580.4900000000001,2opt,notBad
13526,4,582.34,4,580.4900000000001,swap,notBad
13527,4,582.34,4,580.4900000000001,swap,notBad
13528,4,582.34,4,580.4900000000001,swap,notBad
13529,4,582.34,4,580.4900000000001,move,improve
13530,4,582.34,4,580.4900000000001,2opt,notBad
13531,4,582.34,4,580.4900000000001,2opt,improve
13532,4,582.34,4,580.4900000000001,move,improve
13533,4,582.34,4,580.4900000000001,2opt,notBad
13534,4,582.34,4,580.4900000000001,2opt,notBad
13535,4,582.34,4,580.4900000000001,swap,notBad
13536,4,582.34,4,580.4900000000001,move,improve
13537,4,582.34,4,580.4900000000001,2opt,improve
13538,4,582.34,4,580.4900000000001,swap,notBad
13539,4,582.34,4,580.4900000000001,move,improve
13540,4,582.34,4,580.4900000000001,2opt,notBad
13541,4,582.34,4,580.4900000000001,move,improve
13542,4,582.34,4,580.4900000000001,2opt,notBad
13543,4,582.34,4,580.4900000000001,2opt,notBad
13544,4,582.34,4,580.4900000000001,move,improve
13545,4,582.34,4,580.4900000000001,2opt,notBad
13546,4,582.34,4,580.4900000000001,2opt,notBad
13547,4,582.34,4,580.4900000000001,swap,notBad
13548,4,582.34,4,580.4900000000001,2opt,notBad
13549,4,582.34,4,580.4900000000001,move,improve
13550,4,582.34,4,580.4900000000001,2opt,notBad
13551,4,582.34,4,580.4900000000001,swap,notBad
13552,4,582.34,4,580.4900000000001,swap,notBad
13553,4,582.34,4,580.4900000000001,2opt,notBad
13554,4,582.34,4,580.4900000000001,2opt,notBad
13555,4,582.34,4,580.4900000000001,2opt,notBad
13556,4,582.34,4,580.4900000000001,move,improve
13557,4,582.34,4,580.4900000000001,swap,notBad
13558,4,582.34,4,580.4900000000001,2opt,notBad
13559,4,582.34,4,580.4900000000001,2opt,notBad
13560,4,582.34,4,580.4900000000001,move,improve
13561,4,582.34,4,580.4900000000001,move,improve
13562,4,582.34,4,580.4900000000001,swap,notBad
13563,4,582.34,4,580.4900000000001,move,improve
13564,4,582.34,4,580.4900000000001,2opt,notBad
13565,4,582.34,4,580.4900000000001,swap,notBad
13566,4,582.34,4,580.4900000000001,2opt,notBad
13567,4,582.34,4,580.4900000000001,move,improve
13568,4,582.34,4,580.4900000000001,swap,notBad
13569,4,582.34,4,580.4900000000001,2opt,notBad
13570,4,582.34,4,580.4900000000001,swap,notBad
13571,4,582.34,4,580.4900000000001,move,improve
13572,4,582.34,4,580.4900000000001,2opt,notBad
13573,4,582.34,4,580.4900000000001,2opt,notBad
13574,4,582.34,4,580.4900000000001,move,improve
13575,4,582.34,4,580.4900000000001,move,improve
13576,4,582.34,4,580.4900000000001,swap,notBad
13577,4,582.34,4,580.4900000000001,2opt,notBad
13578,4,582.34,4,580.4900000000001,2opt,notBad
13579,4,582.34,4,580.4900000000001,move,improve
13580,4,582.34,4,580.4900000000001,move,improve
13581,4,582.34,4,580.4900000000001,2opt,notBad
13582,4,582.34,4,580.4900000000001,2opt,improve
13583,4,582.34,4,580.4900000000001,swap,notBad
13584,4,582.34,4,580.4900000000001,move,improve
13585,4,582.34,4,580.4900000000001,move,improve
13586,4,582.34,4,580.4900000000001,swap,notBad
13587,4,582.34,4,580.4900000000001,2opt,notBad
13588,4,582.34,4,580.4900000000001,move,improve
13589,4,582.34,4,580.4900000000001,2opt,notBad
13590,4,582.34,4,580.4900000000001,swap,notBad
13591,4,582.34,4,580.4900000000001,swap,notBad
13592,4,582.34,4,580.4900000000001,swap,notBad
13593,4,582.34,4,580.4900000000001,2opt,notBad
13594,4,582.34,4,580.4900000000001,move,improve
13595,4,582.34,4,580.4900000000001,move,improve
13596,4,582.34,4,580.4900000000001,move,improve
13597,4,582.34,4,580.4900000000001,swap,notBad
13598,4,582.34,4,580.4900000000001,swap,notBad
13599,4,582.34,4,580.4900000000001,2opt,notBad
13600,4,582.34,4,580.4900000000001,2opt,notBad
13601,4,582.34,4,580.4900000000001,2opt,notBad
13602,4,582.34,4,580.4900000000001,swap,notBad
13603,4,582.34,4,580.4900000000001,move,improve
13604,4,582.34,4,580.4900000000001,2opt,notBad
13605,4,582.34,4,580.4900000000001,swap,notBad
13606,4,582.34,4,580.4900000000001,move,improve
13607,4,582.34,4,580.4900000000001,move,improve
13608,4,582.34,4,580.4900000000001,swap,notBad
13609,4,582.34,4,580.4900000000001,move,improve
13610,4,582.34,4,580.4900000000001,move,improve
13611,4,582.34,4,580.4900000000001,2opt,notBad
13612,4,582.34,4,580.4900000000001,2opt,notBad
13613,4,582.34,4,580.4900000000001,move,improve
13614,4,582.34,4,580.4900000000001,move,improve
13615,4,582.34,4,580.4900000000001,move,improve
13616,4,582.34,4,580.4900000000001,move,improve
13617,4,582.34,4,580.4900000000001,2opt,notBad
13618,4,582.34,4,580.4900000000001,move,improve
13619,4,582.34,4,580.4900000000001,2opt,notBad
13620,4,582.34,4,580.4900000000001,move,improve
13621,4,582.34,4,580.4900000000001,swap,notBad
13622,4,582.34,4,580.4900000000001,2opt,notBad
13623,4,582.34,4,580.4900000000001,swap,notBad
13624,4,582.34,4,580.4900000000001,swap,notBad
13625,4,582.34,4,580.4900000000001,swap,notBad
13626,4,582.34,4,580.4900000000001,swap,notBad
13627,4,582.34,4,580.4900000000001,2opt,notBad
13628,4,582.34,4,580.4900000000001,2opt,notBad
13629,4,582.34,4,580.4900000000001,swap,notBad
13630,4,582.34,4,580.4900000000001,move,improve
13631,4,582.34,4,580.4900000000001,move,improve
13632,4,582.34,4,580.4900000000001,2opt,notBad
13633,4,582.34,4,580.4900000000001,move,improve
13634,4,582.34,4,580.4900000000001,swap,notBad
13635,4,582.34,4,580.4900000000001,swap,notBad
13636,4,582.34,4,580.4900000000001,2opt,improve
13637,4,582.34,4,580.4900000000001,2opt,notBad
13638,4,582.34,4,580.4900000000001,2opt,notBad
13639,4,582.34,4,580.4900000000001,2opt,notBad
13640,4,582.34,4,580.4900000000001,move,improve
13641,4,582.34,4,580.4900000000001,swap,notBad
13642,4,582.34,4,580.4900000000001,move,improve
13643,4,582.34,4,580.4900000000001,2opt,notBad
13644,4,582.34,4,580.4900000000001,move,improve
13645,4,582.34,4,580.4900000000001,2opt,notBad
13646,4,582.34,4,580.4900000000001,2opt,notBad
13647,4,582.34,4,580.4900000000001,2opt,notBad
13648,4,582.34,4,580.4900000000001,2opt,notBad
13649,4,582.34,4,580.4900000000001,move,improve
13650,4,582.34,4,580.4900000000001,swap,notBad
13651,4,582.34,4,580.4900000000001,swap,notBad
13652,4,582.34,4,580.4900000000001,2opt,notBad
13653,4,582.34,4,580.4900000000001,swap,notBad
13654,4,582.34,4,580.4900000000001,swap,notBad
13655,4,582.34,4,580.4900000000001,swap,notBad
13656,4,582.34,4,580.4900000000001,swap,notBad
13657,4,582.34,4,580.4900000000001,2opt,notBad
13658,4,582.34,4,580.4900000000001,swap,notBad
13659,4,582.34,4,580.4900000000001,swap,notBad
13660,4,582.34,4,580.4900000000001,move,improve
13661,4,582.34,4,580.4900000000001,swap,notBad
13662,4,582.34,4,580.4900000000001,2opt,notBad
13663,4,582.34,4,580.4900000000001,swap,notBad
13664,4,582.34,4,580.4900000000001,swap,notBad
13665,4,582.34,4,580.4900000000001,move,improve
13666,4,582.34,4,580.4900000000001,move,improve
13667,4,582.34,4,580.4900000000001,swap,notBad
13668,4,582.34,4,580.4900000000001,move,improve
13669,4,582.34,4,580.4900000000001,swap,notBad
13670,4,582.34,4,580.4900000000001,2opt,notBad
13671,4,582.34,4,580.4900000000001,swap,notBad
13672,4,582.34,4,580.4900000000001,move,improve
13673,4,582.34,4,580.4900000000001,move,improve
13674,4,582.34,4,580.4900000000001,2opt,notBad
13675,4,582.34,4,580.4900000000001,move,improve
13676,4,582.34,4,580.4900000000001,swap,notBad
13677,4,582.34,4,580.4900000000001,move,improve
13678,4,582.34,4,580.4900000000001,2opt,notBad
13679,4,582.34,4,580.4900000000001,move,improve
13680,4,582.34,4,580.4900000000001,2opt,notBad
13681,4,582.34,4,580.4900000000001,move,improve
13682,4,582.34,4,580.4900000000001,2opt,notBad
13683,4,582.34,4,580.4900000000001,2opt,notBad
13684,4,582.34,4,580.4900000000001,2opt,notBad
13685,4,582.34,4,580.4900000000001,swap,notBad
13686,4,582.34,4,580.4900000000001,move,improve
13687,4,582.34,4,580.4900000000001,move,improve
13688,4,582.34,4,580.4900000000001,2opt,notBad
13689,4,582.34,4,580.4900000000001,2opt,notBad
13690,4,582.34,4,580.4900000000001,2opt,notBad
13691,4,582.34,4,580.4900000000001,swap,notBad
13692,4,582.34,4,580.4900000000001,move,improve
13693,4,582.34,4,580.4900000000001,2opt,notBad
13694,4,582.34,4,580.4900000000001,move,improve
13695,4,582.34,4,580.4900000000001,swap,notBad
13696,4,582.34,4,580.4900000000001,move,improve
13697,4,582.34,4,580.4900000000001,move,improve
13698,4,582.34,4,580.4900000000001,move,improve
13699,4,582.34,4,580.4900000000001,move,improve
13700,4,582.34,4,580.4900000000001,move,improve
13701,4,582.34,4,580.4900000000001,2opt,notBad
13702,4,582.34,4,580.4900000000001,2opt,notBad
13703,4,582.34,4,580.4900000000001,move,improve
13704,4,582.34,4,580.4900000000001,swap,notBad
13705,4,582.34,4,580.4900000000001,move,improve
13706,4,582.34,4,580.4900000000001,move,improve
13707,4,582.34,4,580.4900000000001,move,improve
13708,4,582.34,4,580.4900000000001,swap,notBad
13709,4,582.34,4,580.4900000000001,move,improve
13710,4,582.34,4,580.4900000000001,swap,notBad
13711,4,582.34,4,580.4900000000001,2opt,notBad
13712,4,582.34,4,580.4900000000001,swap,notBad
13713,4,582.34,4,580.4900000000001,move,improve
13714,4,582.34,4,580.4900000000001,2opt,notBad
13715,4,582.34,4,580.4900000000001,swap,notBad
13716,4,582.34,4,580.4900000000001,2opt,notBad
13717,4,582.34,4,580.4900000000001,move,improve
13718,4,582.34,4,580.4900000000001,move,improve
13719,4,582.34,4,580.4900000000001,swap,notBad
13720,4,582.34,4,580.4900000000001,move,improve
13721,4,582.34,4,580.4900000000001,2opt,notBad
13722,4,582.34,4,580.4900000000001,swap,notBad
13723,4,582.34,4,580.4900000000001,2opt,notBad
13724,4,582.34,4,580.4900000000001,2opt,notBad
13725,4,582.34,4,580.4900000000001,swap,notBad
13726,4,582.34,4,580.4900000000001,2opt,notBad
13727,4,582.34,4,580.4900000000001,2opt,notBad
13728,4,582.34,4,580.4900000000001,2opt,notBad
13729,4,582.34,4,580.4900000000001,2opt,notBad
13730,4,582.34,4,580.4900000000001,swap,notBad
13731,4,582.34,4,580.4900000000001,move,improve
13732,4,582.34,4,580.4900000000001,swap,notBad
13733,4,582.34,4,580.4900000000001,move,improve
13734,4,582.34,4,580.4900000000001,move,improve
13735,4,582.34,4,580.4900000000001,2opt,notBad
13736,4,582.34,4,580.4900000000001,swap,notBad
13737,4,582.34,4,580.4900000000001,2opt,notBad
13738,4,582.34,4,580.4900000000001,2opt,notBad
13739,4,582.34,4,580.4900000000001,swap,notBad
13740,4,582.34,4,580.4900000000001,2opt,notBad
13741,4,582.34,4,580.4900000000001,move,improve
13742,4,582.34,4,580.4900000000001,swap,notBad
13743,4,582.34,4,580.4900000000001,swap,notBad
13744,4,582.34,4,580.4900000000001,2opt,notBad
13745,4,582.34,4,580.4900000000001,swap,notBad
13746,4,582.34,4,580.4900000000001,move,improve
13747,4,582.34,4,580.4900000000001,swap,notBad
13748,4,582.34,4,580.4900000000001,move,improve
13749,4,582.34,4,580.4900000000001,2opt,notBad
13750,4,582.34,4,580.4900000000001,2opt,notBad
13751,4,582.34,4,580.4900000000001,2opt,notBad
13752,4,582.34,4,580.4900000000001,swap,notBad
13753,4,582.34,4,580.4900000000001,2opt,notBad
13754,4,582.34,4,580.4900000000001,move,improve
13755,4,582.34,4,580.4900000000001,move,improve
13756,4,582.34,4,580.4900000000001,swap,notBad
13757,4,582.34,4,580.4900000000001,swap,notBad
13758,4,582.34,4,580.4900000000001,move,improve
13759,4,582.34,4,580.4900000000001,move,improve
13760,4,582.34,4,580.4900000000001,move,improve
13761,4,582.34,4,580.4900000000001,swap,notBad
13762,4,582.34,4,580.4900000000001,swap,notBad
13763,4,582.34,4,580.4900000000001,move,improve
13764,4,582.34,4,580.4900000000001,swap,notBad
13765,4,582.34,4,580.4900000000001,2opt,notBad
13766,4,582.34,4,580.4900000000001,2opt,notBad
13767,4,582.34,4,580.4900000000001,swap,notBad
13768,4,582.34,4,580.4900000000001,swap,notBad
13769,4,582.34,4,580.4900000000001,2opt,notBad
13770,4,582.34,4,580.4900000000001,2opt,notBad
13771,4,582.34,4,580.4900000000001,move,improve
13772,4,582.34,4,580.4900000000001,2opt,improve
13773,4,582.34,4,580.4900000000001,2opt,notBad
13774,4,582.34,4,580.4900000000001,2opt,notBad
13775,4,582.34,4,580.4900000000001,move,improve
13776,4,582.34,4,580.4900000000001,swap,notBad
13777,4,582.34,4,580.4900000000001,swap,notBad
13778,4,582.34,4,580.4900000000001,move,improve
13779,4,582.34,4,580.4900000000001,swap,notBad
13780,4,582.34,4,580.4900000000001,2opt,notBad
13781,4,582.34,4,580.4900000000001,2opt,notBad
13782,4,582.34,4,580.4900000000001,2opt,notBad
13783,4,582.34,4,580.4900000000001,swap,notBad
13784,4,582.34,4,580.4900000000001,2opt,notBad
13785,4,582.34,4,580.4900000000001,move,improve
13786,4,582.34,4,580.4900000000001,move,improve
13787,4,582.34,4,580.4900000000001,move,improve
13788,4,582.34,4,580.4900000000001,swap,notBad
13789,4,582.34,4,580.4900000000001,move,improve
13790,4,582.34,4,580.4900000000001,2opt,notBad
13791,4,582.34,4,580.4900000000001,swap,notBad
13792,4,582.34,4,580.4900000000001,swap,notBad
13793,4,582.34,4,580.4900000000001,move,improve
13794,4,582.34,4,580.4900000000001,2opt,notBad
13795,4,582.34,4,580.4900000000001,move,improve
13796,4,582.34,4,580.4900000000001,swap,notBad
13797,4,582.34,4,580.4900000000001,2opt,notBad
13798,4,582.34,4,580.4900000000001,2opt,notBad
13799,4,582.34,4,580.4900000000001,swap,notBad
13800,4,582.34,4,580.4900000000001,move,improve
13801,4,582.34,4,580.4900000000001,2opt,notBad
13802,4,582.34,4,580.4900000000001,2opt,notBad
13803,4,582.34,4,580.4900000000001,swap,notBad
13804,4,582.34,4,580.4900000000001,move,improve
13805,4,582.34,4,580.4900000000001,move,improve
13806,4,582.34,4,580.4900000000001,swap,notBad
13807,4,582.34,4,580.4900000000001,2opt,notBad
13808,4,582.34,4,580.4900000000001,move,improve
13809,4,582.34,4,580.4900000000001,swap,notBad
13810,4,582.34,4,580.4900000000001,2opt,notBad
13811,4,582.34,4,580.4900000000001,swap,notBad
13812,4,582.34,4,580.4900000000001,swap,notBad
13813,4,582.34,4,580.4900000000001,2opt,notBad
13814,4,582.34,4,580.4900000000001,2opt,notBad
13815,4,582.34,4,580.4900000000001,move,improve
13816,4,582.34,4,580.4900000000001,move,improve
13817,4,582.34,4,580.4900000000001,move,improve
13818,4,582.34,4,580.4900000000001,swap,notBad
13819,4,582.34,4,580.4900000000001,2opt,notBad
13820,4,582.34,4,580.4900000000001,2opt,notBad
13821,4,581.74,4,580.4900000000001,move,improve
13822,4,581.74,4,580.4900000000001,2opt,notBad
13823,4,581.74,4,580.4900000000001,swap,notBad
13824,4,581.74,4,580.4900000000001,2opt,notBad
13825,4,581.74,4,580.4900000000001,move,improve
13826,4,581.74,4,580.4900000000001,swap,notBad
13827,4,581.74,4,580.4900000000001,swap,notBad
13828,4,581.74,4,580.4900000000001,swap,notBad
13829,4,581.74,4,580.4900000000001,2opt,notBad
13830,4,581.74,4,580.4900000000001,2opt,notBad
13831,4,581.74,4,580.4900000000001,move,improve
13832,4,581.74,4,580.4900000000001,move,improve
13833,4,581.74,4,580.4900000000001,swap,notBad
13834,4,581.74,4,580.4900000000001,2opt,notBad
13835,4,581.74,4,580.4900000000001,swap,notBad
13836,4,581.74,4,580.4900000000001,move,improve
13837,4,581.74,4,580.4900000000001,move,improve
13838,4,581.74,4,580.4900000000001,move,improve
13839,4,581.74,4,580.4900000000001,move,improve
13840,4,581.74,4,580.4900000000001,swap,notBad
13841,4,581.74,4,580.4900000000001,move,improve
13842,4,581.74,4,580.4900000000001,swap,notBad
13843,4,581.74,4,580.4900000000001,2opt,notBad
13844,4,581.74,4,580.4900000000001,swap,notBad
13845,4,581.74,4,580.4900000000001,move,improve
13846,4,581.74,4,580.4900000000001,2opt,notBad
13847,4,581.74,4,580.4900000000001,swap,notBad
13848,4,581.74,4,580.4900000000001,2opt,notBad
13849,4,581.74,4,580.4900000000001,swap,notBad
13850,4,581.74,4,580.4900000000001,swap,notBad
13851,4,581.74,4,580.4900000000001,move,improve
13852,4,581.74,4,580.4900000000001,move,improve
13853,4,581.74,4,580.4900000000001,move,improve
13854,4,581.74,4,580.4900000000001,2opt,notBad
13855,4,581.74,4,580.4900000000001,swap,notBad
13856,4,581.74,4,580.4900000000001,move,improve
13857,4,581.74,4,580.4900000000001,swap,notBad
13858,4,581.74,4,580.4900000000001,swap,notBad
13859,4,581.74,4,580.4900000000001,swap,notBad
13860,4,581.74,4,580.4900000000001,move,improve
13861,4,581.74,4,580.4900000000001,2opt,notBad
13862,4,581.74,4,580.4900000000001,swap,notBad
13863,4,581.74,4,580.4900000000001,move,improve
13864,4,581.74,4,580.4900000000001,swap,notBad
13865,4,581.74,4,580.4900000000001,swap,notBad
13866,4,581.74,4,580.4900000000001,2opt,notBad
13867,4,581.74,4,580.4900000000001,2opt,notBad
13868,4,581.74,4,580.4900000000001,move,improve
13869,4,581.74,4,580.4900000000001,swap,notBad
13870,4,581.74,4,580.4900000000001,2opt,notBad
13871,4,581.74,4,580.4900000000001,2opt,notBad
13872,4,581.74,4,580.4900000000001,move,improve
13873,4,581.74,4,580.4900000000001,swap,notBad
13874,4,581.74,4,580.4900000000001,2opt,notBad
13875,4,581.74,4,580.4900000000001,swap,notBad
13876,4,581.74,4,580.4900000000001,swap,notBad
13877,4,581.74,4,580.4900000000001,move,improve
13878,4,582.34,4,580.4900000000001,move,acceptBad
13879,4,582.34,4,580.4900000000001,swap,notBad
13880,4,582.34,4,580.4900000000001,2opt,notBad
13881,4,582.34,4,580.4900000000001,2opt,improve
13882,4,582.34,4,580.4900000000001,move,improve
13883,4,582.34,4,580.4900000000001,swap,notBad
13884,4,582.34,4,580.4900000000001,2opt,notBad
13885,4,582.34,4,580.4900000000001,move,improve
13886,4,582.34,4,580.4900000000001,swap,notBad
13887,4,582.34,4,580.4900000000001,swap,notBad
13888,4,582.34,4,580.4900000000001,swap,notBad
13889,4,582.34,4,580.4900000000001,move,improve
13890,4,582.34,4,580.4900000000001,move,improve
13891,4,582.34,4,580.4900000000001,swap,notBad
13892,4,582.34,4,580.4900000000001,swap,notBad
13893,4,582.34,4,580.4900000000001,2opt,notBad
13894,4,582.34,4,580.4900000000001,swap,notBad
13895,4,582.34,4,580.4900000000001,2opt,notBad
13896,4,582.34,4,580.4900000000001,2opt,notBad
13897,4,582.34,4,580.4900000000001,swap,notBad
13898,4,582.34,4,580.4900000000001,swap,notBad
13899,4,582.34,4,580.4900000000001,move,improve
13900,4,582.34,4,580.4900000000001,2opt,notBad
13901,4,582.34,4,580.4900000000001,2opt,improve
13902,4,582.34,4,580.4900000000001,swap,notBad
13903,4,582.34,4,580.4900000000001,2opt,notBad
13904,4,582.34,4,580.4900000000001,move,improve
13905,4,582.34,4,580.4900000000001,2opt,notBad
13906,4,582.34,4,580.4900000000001,swap,notBad
13907,4,582.34,4,580.4900000000001,2opt,notBad
13908,4,582.34,4,580.4900000000001,swap,notBad
13909,4,582.34,4,580.4900000000001,2opt,notBad
13910,4,582.34,4,580.4900000000001,2opt,notBad
13911,4,582.34,4,580.4900000000001,move,improve
13912,4,582.34,4,580.4900000000001,move,improve
13913,4,582.34,4,580.4900000000001,2opt,notBad
13914,4,582.34,4,580.4900000000001,2opt,notBad
13915,4,582.34,4,580.4900000000001,2opt,improve
13916,4,582.34,4,580.4900000000001,2opt,notBad
13917,4,582.34,4,580.4900000000001,move,improve
13918,4,582.34,4,580.4900000000001,move,improve
13919,4,582.34,4,580.4900000000001,swap,notBad
13920,4,582.34,4,580.4900000000001,swap,notBad
13921,4,582.34,4,580.4900000000001,swap,notBad
13922,4,582.34,4,580.4900000000001,swap,notBad
13923,4,582.34,4,580.4900000000001,swap,notBad
13924,4,582.34,4,580.4900000000001,move,improve
13925,4,582.34,4,580.4900000000001,2opt,notBad
13926,4,582.34,4,580.4900000000001,swap,notBad
13927,4,582.34,4,580.4900000000001,move,improve
13928,4,582.34,4,580.4900000000001,move,improve
13929,4,582.34,4,580.4900000000001,swap,notBad
13930,4,582.34,4,580.4900000000001,swap,notBad
13931,4,582.34,4,580.4900000000001,move,improve
13932,4,582.34,4,580.4900000000001,2opt,notBad
13933,4,582.34,4,580.4900000000001,2opt,notBad
13934,4,582.34,4,580.4900000000001,move,improve
13935,4,582.34,4,580.4900000000001,swap,notBad
13936,4,582.34,4,580.4900000000001,2opt,notBad
13937,4,582.34,4,580.4900000000001,2opt,notBad
13938,4,582.34,4,580.4900000000001,2opt,notBad
13939,4,582.34,4,580.4900000000001,swap,notBad
13940,4,582.34,4,580.4900000000001,2opt,notBad
13941,4,582.34,4,580.4900000000001,swap,notBad
13942,4,582.34,4,580.4900000000001,move,improve
13943,4,582.34,4,580.4900000000001,swap,notBad
13944,4,582.34,4,580.4900000000001,2opt,notBad
13945,4,582.34,4,580.4900000000001,2opt,improve
13946,4,582.34,4,580.4900000000001,move,improve
13947,4,582.34,4,580.4900000000001,2opt,notBad
13948,4,582.34,4,580.4900000000001,move,improve
13949,4,582.34,4,580.4900000000001,2opt,notBad
13950,4,582.34,4,580.4900000000001,2opt,notBad
13951,4,582.34,4,580.4900000000001,swap,notBad
13952,4,582.34,4,580.4900000000001,move,improve
13953,4,582.34,4,580.4900000000001,2opt,notBad
13954,4,582.34,4,580.4900000000001,move,improve
13955,4,582.34,4,580.4900000000001,move,improve
13956,4,582.34,4,580.4900000000001,swap,notBad
13957,4,582.34,4,580.4900000000001,2opt,notBad
13958,4,582.34,4,580.4900000000001,2opt,notBad
13959,4,582.34,4,580.4900000000001,2opt,improve
13960,4,582.34,4,580.4900000000001,move,improve
13961,4,582.34,4,580.4900000000001,move,improve
13962,4,582.34,4,580.4900000000001,2opt,notBad
13963,4,582.34,4,580.4900000000001,2opt,notBad
13964,4,582.34,4,580.4900000000001,2opt,notBad
13965,4,582.34,4,580.4900000000001,move,improve
13966,4,582.34,4,580.4900000000001,swap,notBad
13967,4,582.34,4,580.4900000000001,swap,notBad
13968,4,582.34,4,580.4900000000001,2opt,notBad
13969,4,582.34,4,580.4900000000001,swap,notBad
13970,4,582.34,4,580.4900000000001,2opt,notBad
13971,4,582.34,4,580.4900000000001,swap,notBad
13972,4,582.34,4,580.4900000000001,swap,notBad
13973,4,582.34,4,580.4900000000001,swap,notBad
13974,4,582.34,4,580.4900000000001,move,improve
13975,4,582.34,4,580.4900000000001,2opt,notBad
13976,4,582.34,4,580.4900000000001,swap,notBad
13977,4,582.34,4,580.4900000000001,swap,notBad
13978,4,582.34,4,580.4900000000001,move,improve
13979,4,582.34,4,580.4900000000001,move,improve
13980,4,582.34,4,580.4900000000001,2opt,notBad
13981,4,582.34,4,580.4900000000001,swap,notBad
13982,4,582.34,4,580.4900000000001,move,improve
13983,4,582.34,4,580.4900000000001,move,improve
13984,4,582.34,4,580.4900000000001,2opt,notBad
13985,4,582.34,4,580.4900000000001,2opt,notBad
13986,4,582.34,4,580.4900000000001,2opt,notBad
13987,4,582.34,4,580.4900000000001,2opt,notBad
13988,4,582.34,4,580.4900000000001,swap,notBad
13989,4,582.34,4,580.4900000000001,swap,notBad
13990,4,582.34,4,580.4900000000001,2opt,notBad
13991,4,582.34,4,580.4900000000001,move,improve
13992,4,582.34,4,580.4900000000001,swap,notBad
13993,4,582.34,4,580.4900000000001,swap,notBad
13994,4,582.34,4,580.4900000000001,2opt,notBad
13995,4,582.34,4,580.4900000000001,move,improve
13996,4,582.34,4,580.4900000000001,2opt,notBad
13997,4,582.34,4,580.4900000000001,move,improve
13998,4,582.34,4,580.4900000000001,swap,notBad
13999,4,582.34,4,580.4900000000001,swap,notBad
14000,4,582.34,4,580.4900000000001,2opt,improve
14001,4,582.34,4,580.4900000000001,2opt,improve
14002,4,582.34,4,580.4900000000001,swap,notBad
14003,4,582.34,4,580.4900000000001,2opt,improve
14004,4,582.34,4,580.4900000000001,2opt,notBad
14005,4,582.34,4,580.4900000000001,swap,notBad
14006,4,582.34,4,580.4900000000001,2opt,notBad
14007,4,582.34,4,580.4900000000001,2opt,notBad
14008,4,582.34,4,580.4900000000001,swap,notBad
14009,4,582.34,4,580.4900000000001,move,improve
14010,4,582.34,4,580.4900000000001,move,improve
14011,4,582.34,4,580.4900000000001,2opt,notBad
14012,4,582.34,4,580.4900000000001,2opt,notBad
14013,4,582.34,4,580.4900000000001,2opt,notBad
14014,4,582.34,4,580.4900000000001,swap,notBad
14015,4,582.34,4,580.4900000000001,swap,notBad
14016,4,582.34,4,580.4900000000001,2opt,notBad
14017,4,582.34,4,580.4900000000001,swap,notBad
14018,4,582.34,4,580.4900000000001,move,improve
14019,4,582.34,4,580.4900000000001,move,improve
14020,4,582.34,4,580.4900000000001,2opt,improve
14021,4,582.34,4,580.4900000000001,2opt,notBad
14022,4,582.34,4,580.4900000000001,swap,notBad
14023,4,582.34,4,580.4900000000001,swap,notBad
14024,4,582.34,4,580.4900000000001,swap,notBad
14025,4,582.34,4,580.4900000000001,swap,notBad
14026,4,582.34,4,580.4900000000001,2opt,notBad
14027,4,582.34,4,580.4900000000001,move,improve
14028,4,582.34,4,580.4900000000001,swap,notBad
14029,4,582.34,4,580.4900000000001,2opt,notBad
14030,4,582.34,4,580.4900000000001,swap,notBad
14031,4,582.34,4,580.4900000000001,2opt,notBad
14032,4,582.34,4,580.4900000000001,move,improve
14033,4,582.34,4,580.4900000000001,2opt,notBad
14034,4,582.34,4,580.4900000000001,swap,notBad
14035,4,582.34,4,580.4900000000001,swap,notBad
14036,4,582.34,4,580.4900000000001,move,improve
14037,4,582.34,4,580.4900000000001,swap,notBad
14038,4,582.34,4,580.4900000000001,move,improve
14039,4,582.34,4,580.4900000000001,2opt,notBad
14040,4,582.34,4,580.4900000000001,move,improve
14041,4,582.34,4,580.4900000000001,swap,notBad
14042,4,582.34,4,580.4900000000001,move,improve
14043,4,582.34,4,580.4900000000001,2opt,notBad
14044,4,582.34,4,580.4900000000001,swap,notBad
14045,4,582.34,4,580.4900000000001,2opt,notBad
14046,4,582.34,4,580.4900000000001,swap,notBad
14047,4,582.34,4,580.4900000000001,2opt,notBad
14048,4,582.34,4,580.4900000000001,move,improve
14049,4,582.34,4,580.4900000000001,move,improve
14050,4,582.34,4,580.4900000000001,move,improve
14051,4,582.34,4,580.4900000000001,swap,notBad
14052,4,582.34,4,580.4900000000001,move,improve
14053,4,582.34,4,580.4900000000001,2opt,notBad
14054,4,582.34,4,580.4900000000001,2opt,notBad
14055,4,582.34,4,580.4900000000001,swap,notBad
14056,4,582.34,4,580.4900000000001,2opt,notBad
14057,4,581.74,4,580.4900000000001,move,improve
14058,4,581.74,4,580.4900000000001,2opt,notBad
14059,4,581.74,4,580.4900000000001,2opt,notBad
14060,4,581.74,4,580.4900000000001,2opt,notBad
14061,4,581.74,4,580.4900000000001,swap,notBad
14062,4,581.74,4,580.4900000000001,2opt,notBad
14063,4,581.74,4,580.4900000000001,2opt,notBad
14064,4,581.74,4,580.4900000000001,swap,notBad
14065,4,581.74,4,580.4900000000001,swap,notBad
14066,4,581.74,4,580.4900000000001,2opt,notBad
14067,4,581.74,4,580.4900000000001,move,improve
14068,4,581.74,4,580.4900000000001,2opt,notBad
14069,4,581.74,4,580.4900000000001,swap,notBad
14070,4,581.74,4,580.4900000000001,move,improve
14071,4,581.74,4,580.4900000000001,2opt,notBad
14072,4,581.74,4,580.4900000000001,swap,notBad
14073,4,581.74,4,580.4900000000001,2opt,notBad
14074,4,581.74,4,580.4900000000001,move,improve
14075,4,581.74,4,580.4900000000001,2opt,notBad
14076,4,581.74,4,580.4900000000001,swap,notBad
14077,4,581.74,4,580.4900000000001,2opt,notBad
14078,4,581.74,4,580.4900000000001,swap,notBad
14079,4,581.74,4,580.4900000000001,move,improve
14080,4,581.74,4,580.4900000000001,2opt,notBad
14081,4,581.74,4,580.4900000000001,move,improve
14082,4,581.74,4,580.4900000000001,2opt,notBad
14083,4,581.74,4,580.4900000000001,move,improve
14084,4,582.34,4,580.4900000000001,move,acceptBad
14085,4,582.34,4,580.4900000000001,swap,notBad
14086,4,582.34,4,580.4900000000001,2opt,notBad
14087,4,582.34,4,580.4900000000001,2opt,notBad
14088,4,582.34,4,580.4900000000001,swap,notBad
14089,4,582.34,4,580.4900000000001,2opt,notBad
14090,4,582.34,4,580.4900000000001,move,improve
14091,4,582.34,4,580.4900000000001,move,improve
14092,4,582.34,4,580.4900000000001,move,improve
14093,4,582.34,4,580.4900000000001,swap,notBad
14094,4,582.34,4,580.4900000000001,swap,notBad
14095,4,582.34,4,580.4900000000001,2opt,notBad
14096,4,582.34,4,580.4900000000001,move,improve
14097,4,582.34,4,580.4900000000001,2opt,notBad
14098,4,582.34,4,580.4900000000001,swap,notBad
14099,4,582.34,4,580.4900000000001,2opt,notBad
14100,4,582.34,4,580.4900000000001,2opt,notBad
14101,4,582.34,4,580.4900000000001,swap,notBad
14102,4,582.34,4,580.4900000000001,swap,notBad
14103,4,582.34,4,580.4900000000001,move,improve
14104,4,582.34,4,580.4900000000001,swap,notBad
14105,4,582.34,4,580.4900000000001,swap,notBad
14106,4,582.34,4,580.4900000000001,2opt,notBad
14107,4,582.34,4,580.4900000000001,swap,notBad
14108,4,582.34,4,580.4900000000001,2opt,notBad
14109,4,582.34,4,580.4900000000001,move,improve
14110,4,582.34,4,580.4900000000001,2opt,notBad
14111,4,582.34,4,580.4900000000001,move,improve
14112,4,582.34,4,580.4900000000001,swap,notBad
14113,4,582.34,4,580.4900000000001,2opt,notBad
14114,4,582.34,4,580.4900000000001,2opt,notBad
14115,4,582.34,4,580.4900000000001,swap,notBad
14116,4,582.34,4,580.4900000000001,2opt,notBad
14117,4,582.34,4,580.4900000000001,2opt,notBad
14118,4,581.74,4,580.4900000000001,move,improve
14119,4,581.74,4,580.4900000000001,swap,notBad
14120,4,581.74,4,580.4900000000001,2opt,notBad
14121,4,581.74,4,580.4900000000001,move,improve
14122,4,581.74,4,580.4900000000001,2opt,notBad
14123,4,581.74,4,580.4900000000001,swap,notBad
14124,4,581.74,4,580.4900000000001,move,improve
14125,4,581.74,4,580.4900000000001,swap,notBad
14126,4,581.74,4,580.4900000000001,2opt,notBad
14127,4,581.74,4,580.4900000000001,move,improve
14128,4,581.74,4,580.4900000000001,swap,notBad
14129,4,581.74,4,580.4900000000001,move,improve
14130,4,581.74,4,580.4900000000001,move,improve
14131,4,581.74,4,580.4900000000001,2opt,notBad
14132,4,581.74,4,580.4900000000001,2opt,notBad
14133,4,581.74,4,580.4900000000001,2opt,notBad
14134,4,581.74,4,580.4900000000001,swap,notBad
14135,4,581.74,4,580.4900000000001,swap,notBad
14136,4,581.74,4,580.4900000000001,move,improve
14137,4,581.74,4,580.4900000000001,swap,notBad
14138,4,581.74,4,580.4900000000001,2opt,notBad
14139,4,581.74,4,580.4900000000001,2opt,notBad
14140,4,581.74,4,580.4900000000001,2opt,notBad
14141,4,581.74,4,580.4900000000001,2opt,notBad
14142,4,581.74,4,580.4900000000001,move,improve
14143,4,581.74,4,580.4900000000001,move,improve
14144,4,581.74,4,580.4900000000001,swap,notBad
14145,4,581.74,4,580.4900000000001,2opt,notBad
14146,4,581.74,4,580.4900000000001,2opt,notBad
14147,4,581.74,4,580.4900000000001,2opt,notBad
14148,4,581.74,4,580.4900000000001,swap,notBad
14149,4,581.74,4,580.4900000000001,move,improve
14150,4,581.74,4,580.4900000000001,2opt,notBad
14151,4,581.74,4,580.4900000000001,swap,notBad
14152,4,581.74,4,580.4900000000001,move,improve
14153,4,581.74,4,580.4900000000001,2opt,notBad
14154,4,581.74,4,580.4900000000001,swap,notBad
14155,4,581.74,4,580.4900000000001,2opt,notBad
14156,4,581.74,4,580.4900000000001,swap,notBad
14157,4,581.74,4,580.4900000000001,swap,notBad
14158,4,581.74,4,580.4900000000001,swap,notBad
14159,4,581.74,4,580.4900000000001,swap,notBad
14160,4,581.74,4,580.4900000000001,move,improve
14161,4,581.74,4,580.4900000000001,swap,notBad
14162,4,581.74,4,580.4900000000001,2opt,notBad
14163,4,581.74,4,580.4900000000001,swap,notBad
14164,4,581.74,4,580.4900000000001,2opt,improve
14165,4,581.74,4,580.4900000000001,swap,notBad
14166,4,581.74,4,580.4900000000001,move,improve
14167,4,581.74,4,580.4900000000001,move,improve
14168,4,581.74,4,580.4900000000001,swap,notBad
14169,4,581.74,4,580.4900000000001,2opt,notBad
14170,4,581.74,4,580.4900000000001,swap,notBad
14171,4,581.74,4,580.4900000000001,move,improve
14172,4,581.74,4,580.4900000000001,swap,notBad
14173,4,581.74,4,580.4900000000001,move,improve
14174,4,581.74,4,580.4900000000001,move,improve
14175,4,581.74,4,580.4900000000001,move,improve
14176,4,581.74,4,580.4900000000001,2opt,notBad
14177,4,581.74,4,580.4900000000001,2opt,notBad
14178,4,581.74,4,580.4900000000001,swap,notBad
14179,4,581.74,4,580.4900000000001,move,improve
14180,4,581.74,4,580.4900000000001,2opt,notBad
14181,4,581.74,4,580.4900000000001,2opt,notBad
14182,4,581.74,4,580.4900000000001,2opt,notBad
14183,4,581.74,4,580.4900000000001,move,improve
14184,4,581.74,4,580.4900000000001,swap,notBad
14185,4,581.74,4,580.4900000000001,move,improve
14186,4,581.74,4,580.4900000000001,swap,notBad
14187,4,581.74,4,580.4900000000001,move,improve
14188,4,581.74,4,580.4900000000001,swap,notBad
14189,4,581.74,4,580.4900000000001,swap,notBad
14190,4,581.74,4,580.4900000000001,2opt,notBad
14191,4,581.74,4,580.4900000000001,2opt,notBad
14192,4,581.74,4,580.4900000000001,swap,notBad
14193,4,581.74,4,580.4900000000001,move,improve
14194,4,581.74,4,580.4900000000001,2opt,notBad
14195,4,581.74,4,580.4900000000001,move,improve
14196,4,581.74,4,580.4900000000001,2opt,notBad
14197,4,581.74,4,580.4900000000001,swap,notBad
14198,4,581.74,4,580.4900000000001,swap,notBad
14199,4,581.74,4,580.4900000000001,2opt,notBad
14200,4,581.74,4,580.4900000000001,move,improve
14201,4,581.74,4,580.4900000000001,move,improve
14202,4,581.74,4,580.4900000000001,move,improve
14203,4,581.74,4,580.4900000000001,move,improve
14204,4,581.74,4,580.4900000000001,2opt,notBad
14205,4,581.74,4,580.4900000000001,2opt,improve
14206,4,581.74,4,580.4900000000001,swap,notBad
14207,4,581.74,4,580.4900000000001,2opt,notBad
14208,4,581.74,4,580.4900000000001,move,improve
14209,4,581.74,4,580.4900000000001,move,improve
14210,4,581.74,4,580.4900000000001,2opt,notBad
14211,4,581.74,4,580.4900000000001,swap,notBad
14212,4,581.74,4,580.4900000000001,move,improve
14213,4,581.74,4,580.4900000000001,swap,notBad
14214,4,581.74,4,580.4900000000001,2opt,notBad
14215,4,581.74,4,580.4900000000001,2opt,notBad
14216,4,581.74,4,580.4900000000001,move,improve
14217,4,581.74,4,580.4900000000001,move,improve
14218,4,581.74,4,580.4900000000001,swap,notBad
14219,4,581.74,4,580.4900000000001,swap,notBad
14220,4,581.74,4,580.4900000000001,swap,notBad
14221,4,581.74,4,580.4900000000001,swap,notBad
14222,4,581.74,4,580.4900000000001,swap,notBad
14223,4,581.74,4,580.4900000000001,move,improve
14224,4,581.74,4,580.4900000000001,2opt,notBad
14225,4,581.74,4,580.4900000000001,2opt,notBad
14226,4,581.74,4,580.4900000000001,move,improve
14227,4,581.74,4,580.4900000000001,swap,notBad
14228,4,581.74,4,580.4900000000001,move,improve
14229,4,581.74,4,580.4900000000001,swap,notBad
14230,4,581.74,4,580.4900000000001,2opt,notBad
14231,4,581.74,4,580.4900000000001,move,improve
14232,4,581.74,4,580.4900000000001,2opt,notBad
14233,4,581.74,4,580.4900000000001,move,improve
14234,4,581.74,4,580.4900000000001,swap,notBad
14235,4,581.74,4,580.4900000000001,2opt,notBad
14236,4,581.74,4,580.4900000000001,swap,notBad
14237,4,581.74,4,580.4900000000001,2opt,notBad
14238,4,581.74,4,580.4900000000001,swap,notBad
14239,4,581.74,4,580.4900000000001,swap,notBad
14240,4,581.74,4,580.4900000000001,swap,notBad
14241,4,581.74,4,580.4900000000001,swap,notBad
14242,4,581.74,4,580.4900000000001,move,improve
14243,4,581.74,4,580.4900000000001,move,improve
14244,4,581.74,4,580.4900000000001,swap,notBad
14245,4,581.74,4,580.4900000000001,2opt,improve
14246,4,581.74,4,580.4900000000001,swap,notBad
14247,4,581.74,4,580.4900000000001,2opt,notBad
14248,4,581.74,4,580.4900000000001,swap,notBad
14249,4,581.74,4,580.4900000000001,move,improve
14250,4,581.74,4,580.4900000000001,move,improve
14251,4,581.74,4,580.4900000000001,2opt,notBad
14252,4,581.74,4,580.4900000000001,move,improve
14253,4,581.74,4,580.4900000000001,swap,notBad
14254,4,581.74,4,580.4900000000001,swap,notBad
14255,4,581.74,4,580.4900000000001,swap,notBad
14256,4,581.74,4,580.4900000000001,move,improve
14257,4,581.74,4,580.4900000000001,swap,notBad
14258,4,581.74,4,580.4900000000001,2opt,notBad
14259,4,581.74,4,580.4900000000001,swap,notBad
14260,4,581.74,4,580.4900000000001,swap,notBad
14261,4,581.74,4,580.4900000000001,move,improve
14262,4,581.74,4,580.4900000000001,swap,notBad
14263,4,581.74,4,580.4900000000001,2opt,notBad
14264,4,581.74,4,580.4900000000001,swap,notBad
14265,4,581.74,4,580.4900000000001,move,improve
14266,4,581.74,4,580.4900000000001,2opt,notBad
14267,4,581.74,4,580.4900000000001,swap,notBad
14268,4,581.74,4,580.4900000000001,move,improve
14269,4,581.74,4,580.4900000000001,2opt,notBad
14270,4,581.74,4,580.4900000000001,2opt,notBad
14271,4,581.74,4,580.4900000000001,2opt,notBad
14272,4,581.74,4,580.4900000000001,2opt,notBad
14273,4,581.74,4,580.4900000000001,swap,notBad
14274,4,581.74,4,580.4900000000001,2opt,notBad
14275,4,581.74,4,580.4900000000001,swap,notBad
14276,4,581.74,4,580.4900000000001,move,improve
14277,4,581.74,4,580.4900000000001,move,improve
14278,4,581.74,4,580.4900000000001,2opt,notBad
14279,4,581.74,4,580.4900000000001,swap,notBad
14280,4,581.74,4,580.4900000000001,swap,notBad
14281,4,581.74,4,580.4900000000001,2opt,notBad
14282,4,581.74,4,580.4900000000001,2opt,notBad
14283,4,581.74,4,580.4900000000001,swap,notBad
14284,4,581.74,4,580.4900000000001,move,improve
14285,4,581.74,4,580.4900000000001,move,improve
14286,4,581.74,4,580.4900000000001,swap,notBad
14287,4,581.74,4,580.4900000000001,swap,notBad
14288,4,581.74,4,580.4900000000001,move,improve
14289,4,581.74,4,580.4900000000001,2opt,notBad
14290,4,581.74,4,580.4900000000001,2opt,notBad
14291,4,581.74,4,580.4900000000001,move,improve
14292,4,581.74,4,580.4900000000001,move,improve
14293,4,581.74,4,580.4900000000001,move,improve
14294,4,581.74,4,580.4900000000001,move,improve
14295,4,581.74,4,580.4900000000001,swap,notBad
14296,4,581.74,4,580.4900000000001,move,improve
14297,4,581.74,4,580.4900000000001,swap,notBad
14298,4,581.74,4,580.4900000000001,2opt,notBad
14299,4,581.74,4,580.4900000000001,move,improve
14300,4,581.74,4,580.4900000000001,2opt,notBad
14301,4,581.74,4,580.4900000000001,move,improve
14302,4,581.74,4,580.4900000000001,swap,notBad
14303,4,581.74,4,580.4900000000001,move,improve
14304,4,581.74,4,580.4900000000001,move,improve
14305,4,581.74,4,580.4900000000001,swap,notBad
14306,4,581.74,4,580.4900000000001,swap,notBad
14307,4,581.74,4,580.4900000000001,move,improve
14308,4,581.74,4,580.4900000000001,2opt,notBad
14309,4,581.74,4,580.4900000000001,swap,notBad
14310,4,581.74,4,580.4900000000001,2opt,notBad
14311,4,581.74,4,580.4900000000001,swap,notBad
14312,4,581.74,4,580.4900000000001,swap,notBad
14313,4,581.74,4,580.4900000000001,swap,notBad
14314,4,581.74,4,580.4900000000001,2opt,notBad
14315,4,581.74,4,580.4900000000001,move,improve
14316,4,581.74,4,580.4900000000001,swap,notBad
14317,4,581.74,4,580.4900000000001,swap,notBad
14318,4,581.74,4,580.4900000000001,swap,notBad
14319,4,581.74,4,580.4900000000001,swap,notBad
14320,4,581.74,4,580.4900000000001,move,improve
14321,4,581.74,4,580.4900000000001,2opt,notBad
14322,4,581.74,4,580.4900000000001,swap,notBad
14323,4,581.74,4,580.4900000000001,2opt,notBad
14324,4,581.74,4,580.4900000000001,2opt,notBad
14325,4,581.74,4,580.4900000000001,move,improve
14326,4,581.74,4,580.4900000000001,2opt,notBad
14327,4,581.74,4,580.4900000000001,swap,notBad
14328,4,581.74,4,580.4900000000001,2opt,notBad
14329,4,581.74,4,580.4900000000001,move,improve
14330,4,581.74,4,580.4900000000001,2opt,notBad
14331,4,581.74,4,580.4900000000001,swap,notBad
14332,4,581.74,4,580.4900000000001,2opt,notBad
14333,4,581.74,4,580.4900000000001,move,improve
14334,4,581.74,4,580.4900000000001,2opt,notBad
14335,4,581.74,4,580.4900000000001,swap,notBad
14336,4,581.74,4,580.4900000000001,2opt,notBad
14337,4,581.74,4,580.4900000000001,swap,notBad
14338,4,581.74,4,580.4900000000001,swap,notBad
14339,4,581.74,4,580.4900000000001,2opt,notBad
14340,4,581.74,4,580.4900000000001,swap,notBad
14341,4,581.74,4,580.4900000000001,swap,notBad
14342,4,581.74,4,580.4900000000001,2opt,notBad
14343,4,581.74,4,580.4900000000001,swap,notBad
14344,4,581.74,4,580.4900000000001,move,improve
14345,4,581.74,4,580.4900000000001,2opt,notBad
14346,4,581.74,4,580.4900000000001,move,improve
14347,4,581.74,4,580.4900000000001,swap,notBad
14348,4,582.34,4,580.4900000000001,swap,acceptBad
14349,4,582.34,4,580.4900000000001,move,improve
14350,4,582.34,4,580.4900000000001,2opt,improve
14351,4,582.34,4,580.4900000000001,2opt,notBad
14352,4,582.34,4,580.4900000000001,swap,notBad
14353,4,582.34,4,580.4900000000001,move,improve
14354,4,582.34,4,580.4900000000001,swap,notBad
14355,4,582.34,4,580.4900000000001,move,improve
14356,4,582.34,4,580.4900000000001,move,improve
14357,4,582.34,4,580.4900000000001,move,improve
14358,4,582.34,4,580.4900000000001,2opt,notBad
14359,4,582.34,4,580.4900000000001,swap,notBad
14360,4,582.34,4,580.4900000000001,move,improve
14361,4,582.34,4,580.4900000000001,swap,notBad
14362,4,582.34,4,580.4900000000001,swap,notBad
14363,4,582.34,4,580.4900000000001,2opt,notBad
14364,4,582.34,4,580.4900000000001,2opt,notBad
14365,4,582.34,4,580.4900000000001,move,improve
14366,4,582.34,4,580.4900000000001,move,improve
14367,4,582.34,4,580.4900000000001,2opt,notBad
14368,4,582.34,4,580.4900000000001,2opt,notBad
14369,4,582.34,4,580.4900000000001,swap,notBad
14370,4,582.34,4,580.4900000000001,2opt,notBad
14371,4,582.34,4,580.4900000000001,2opt,notBad
14372,4,582.34,4,580.4900000000001,move,improve
14373,4,582.34,4,580.4900000000001,swap,notBad
14374,4,582.34,4,580.4900000000001,move,improve
14375,4,582.34,4,580.4900000000001,move,improve
14376,4,582.34,4,580.4900000000001,swap,notBad
14377,4,582.34,4,580.4900000000001,move,improve
14378,4,582.34,4,580.4900000000001,swap,notBad
14379,4,582.34,4,580.4900000000001,move,improve
14380,4,582.34,4,580.4900000000001,move,improve
14381,4,582.34,4,580.4900000000001,2opt,notBad
14382,4,582.34,4,580.4900000000001,2opt,notBad
14383,4,582.34,4,580.4900000000001,2opt,notBad
14384,4,582.34,4,580.4900000000001,move,improve
14385,4,582.34,4,580.4900000000001,move,improve
14386,4,582.34,4,580.4900000000001,2opt,notBad
14387,4,582.34,4,580.4900000000001,swap,notBad
14388,4,582.34,4,580.4900000000001,move,improve
14389,4,582.34,4,580.4900000000001,2opt,notBad
14390,4,582.34,4,580.4900000000001,swap,notBad
14391,4,582.34,4,580.4900000000001,move,improve
14392,4,582.34,4,580.4900000000001,swap,notBad
14393,4,582.34,4,580.4900000000001,2opt,notBad
14394,4,582.34,4,580.4900000000001,2opt,notBad
14395,4,582.34,4,580.4900000000001,swap,notBad
14396,4,582.34,4,580.4900000000001,move,improve
14397,4,582.34,4,580.4900000000001,swap,notBad
14398,4,582.34,4,580.4900000000001,swap,notBad
14399,4,582.34,4,580.4900000000001,2opt,notBad
14400,4,582.34,4,580.4900000000001,swap,notBad
14401,4,582.34,4,580.4900000000001,swap,notBad
14402,4,582.34,4,580.4900000000001,2opt,notBad
14403,4,582.34,4,580.4900000000001,move,improve
14404,4,582.34,4,580.4900000000001,move,improve
14405,4,582.34,4,580.4900000000001,2opt,notBad
14406,4,582.34,4,580.4900000000001,2opt,notBad
14407,4,582.34,4,580.4900000000001,2opt,notBad
14408,4,582.34,4,580.4900000000001,2opt,improve
14409,4,582.34,4,580.4900000000001,swap,notBad
14410,4,582.34,4,580.4900000000001,move,improve
14411,4,582.34,4,580.4900000000001,2opt,notBad
14412,4,582.34,4,580.4900000000001,swap,notBad
14413,4,582.34,4,580.4900000000001,2opt,notBad
14414,4,582.34,4,580.4900000000001,swap,notBad
14415,4,582.34,4,580.4900000000001,swap,notBad
14416,4,582.34,4,580.4900000000001,2opt,notBad
14417,4,582.34,4,580.4900000000001,swap,notBad
14418,4,582.34,4,580.4900000000001,move,improve
14419,4,582.34,4,580.4900000000001,2opt,notBad
14420,4,582.34,4,580.4900000000001,2opt,notBad
14421,4,582.34,4,580.4900000000001,swap,notBad
14422,4,582.34,4,580.4900000000001,move,improve
14423,4,582.34,4,580.4900000000001,move,improve
14424,4,582.34,4,580.4900000000001,2opt,notBad
14425,4,582.34,4,580.4900000000001,2opt,notBad
14426,4,582.34,4,580.4900000000001,swap,notBad
14427,4,582.34,4,580.4900000000001,move,improve
14428,4,582.34,4,580.4900000000001,2opt,notBad
14429,4,582.34,4,580.4900000000001,swap,notBad
14430,4,582.34,4,580.4900000000001,2opt,notBad
14431,4,582.34,4,580.4900000000001,2opt,notBad
14432,4,582.34,4,580.4900000000001,swap,notBad
14433,4,582.34,4,580.4900000000001,move,improve
14434,4,582.34,4,580.4900000000001,2opt,notBad
14435,4,582.34,4,580.4900000000001,move,improve
14436,4,582.34,4,580.4900000000001,2opt,notBad
14437,4,582.34,4,580.4900000000001,move,improve
14438,4,582.34,4,580.4900000000001,move,improve
14439,4,582.34,4,580.4900000000001,move,improve
14440,4,582.34,4,580.4900000000001,2opt,notBad
14441,4,582.34,4,580.4900000000001,swap,notBad
14442,4,582.34,4,580.4900000000001,2opt,notBad
14443,4,582.34,4,580.4900000000001,move,improve
14444,4,582.34,4,580.4900000000001,move,improve
14445,4,582.34,4,580.4900000000001,2opt,notBad
14446,4,582.34,4,580.4900000000001,2opt,notBad
14447,4,582.34,4,580.4900000000001,2opt,notBad
14448,4,582.34,4,580.4900000000001,2opt,notBad
14449,4,582.34,4,580.4900000000001,swap,notBad
14450,4,582.34,4,580.4900000000001,swap,notBad
14451,4,582.34,4,580.4900000000001,swap,notBad
14452,4,582.34,4,580.4900000000001,swap,notBad
14453,4,582.34,4,580.4900000000001,swap,notBad
14454,4,582.34,4,580.4900000000001,swap,notBad
14455,4,582.34,4,580.4900000000001,swap,notBad
14456,4,582.34,4,580.4900000000001,move,improve
14457,4,582.34,4,580.4900000000001,move,improve
14458,4,582.34,4,580.4900000000001,2opt,notBad
14459,4,582.34,4,580.4900000000001,move,improve
14460,4,582.34,4,580.4900000000001,2opt,notBad
14461,4,582.34,4,580.4900000000001,move,improve
14462,4,582.34,4,580.4900000000001,2opt,notBad
14463,4,582.34,4,580.4900000000001,swap,notBad
14464,4,582.34,4,580.4900000000001,move,improve
14465,4,582.34,4,580.4900000000001,move,improve
14466,4,582.34,4,580.4900000000001,move,improve
14467,4,582.34,4,580.4900000000001,swap,notBad
14468,4,582.34,4,580.4900000000001,move,improve
14469,4,582.34,4,580.4900000000001,move,improve
14470,4,582.34,4,580.4900000000001,2opt,notBad
14471,4,582.34,4,580.4900000000001,move,improve
14472,4,582.34,4,580.4900000000001,2opt,notBad
14473,4,582.34,4,580.4900000000001,move,improve
14474,4,582.34,4,580.4900000000001,move,improve
14475,4,582.34,4,580.4900000000001,move,improve
14476,4,582.34,4,580.4900000000001,move,improve
14477,4,582.34,4,580.4900000000001,2opt,notBad
14478,4,582.34,4,580.4900000000001,move,improve
14479,4,582.34,4,580.4900000000001,move,improve
14480,4,582.34,4,580.4900000000001,swap,notBad
14481,4,582.34,4,580.4900000000001,move,improve
14482,4,582.34,4,580.4900000000001,move,improve
14483,4,582.34,4,580.4900000000001,2opt,notBad
14484,4,582.34,4,580.4900000000001,move,improve
14485,4,582.34,4,580.4900000000001,swap,notBad
14486,4,582.34,4,580.4900000000001,move,improve
14487,4,582.34,4,580.4900000000001,swap,notBad
14488,4,582.34,4,580.4900000000001,2opt,notBad
14489,4,582.34,4,580.4900000000001,swap,notBad
14490,4,582.34,4,580.4900000000001,move,improve
14491,4,582.34,4,580.4900000000001,2opt,notBad
14492,4,582.34,4,580.4900000000001,swap,notBad
14493,4,582.34,4,580.4900000000001,move,improve
14494,4,582.34,4,580.4900000000001,2opt,notBad
14495,4,582.34,4,580.4900000000001,move,improve
14496,4,582.34,4,580.4900000000001,move,improve
14497,4,582.34,4,580.4900000000001,2opt,notBad
14498,4,582.34,4,580.4900000000001,swap,notBad
14499,4,582.34,4,580.4900000000001,move,improve
14500,4,582.34,4,580.4900000000001,move,improve
14501,4,582.34,4,580.4900000000001,swap,notBad
14502,4,582.34,4,580.4900000000001,2opt,notBad
14503,4,582.34,4,580.4900000000001,swap,notBad
14504,4,582.34,4,580.4900000000001,move,improve
14505,4,582.34,4,580.4900000000001,2opt,notBad
14506,4,582.34,4,580.4900000000001,move,improve
14507,4,582.34,4,580.4900000000001,move,improve
14508,4,582.34,4,580.4900000000001,2opt,notBad
14509,4,582.34,4,580.4900000000001,2opt,notBad
14510,4,582.34,4,580.4900000000001,move,improve
14511,4,582.34,4,580.4900000000001,2opt,notBad
14512,4,582.34,4,580.4900000000001,swap,notBad
14513,4,582.34,4,580.4900000000001,swap,notBad
14514,4,582.34,4,580.4900000000001,2opt,notBad
14515,4,582.34,4,580.4900000000001,swap,notBad
14516,4,582.34,4,580.4900000000001,move,improve
14517,4,582.34,4,580.4900000000001,2opt,notBad
14518,4,582.34,4,580.4900000000001,2opt,notBad
14519,4,582.34,4,580.4900000000001,move,improve
14520,4,582.34,4,580.4900000000001,2opt,notBad
14521,4,582.34,4,580.4900000000001,2opt,notBad
14522,4,582.34,4,580.4900000000001,2opt,notBad
14523,4,582.34,4,580.4900000000001,move,improve
14524,4,582.34,4,580.4900000000001,move,improve
14525,4,582.34,4,580.4900000000001,move,improve
14526,4,582.34,4,580.4900000000001,2opt,notBad
14527,4,582.34,4,580.4900000000001,swap,notBad
14528,4,582.34,4,580.4900000000001,move,improve
14529,4,582.34,4,580.4900000000001,2opt,notBad
14530,4,582.34,4,580.4900000000001,2opt,notBad
14531,4,582.34,4,580.4900000000001,swap,notBad
14532,4,582.34,4,580.4900000000001,swap,notBad
14533,4,582.34,4,580.4900000000001,swap,notBad
14534,4,582.34,4,580.4900000000001,2opt,notBad
14535,4,582.34,4,580.4900000000001,swap,notBad
14536,4,582.34,4,580.4900000000001,move,improve
14537,4,582.34,4,580.4900000000001,2opt,notBad
14538,4,582.34,4,580.4900000000001,2opt,notBad
14539,4,582.34,4,580.4900000000001,swap,notBad
14540,4,582.34,4,580.4900000000001,move,improve
14541,4,582.34,4,580.4900000000001,swap,notBad
14542,4,582.34,4,580.4900000000001,swap,notBad
14543,4,582.34,4,580.4900000000001,move,improve
14544,4,582.34,4,580.4900000000001,move,improve
14545,4,582.34,4,580.4900000000001,swap,notBad
14546,4,582.34,4,580.4900000000001,2opt,notBad
14547,4,582.34,4,580.4900000000001,swap,notBad
14548,4,582.34,4,580.4900000000001,move,improve
14549,4,582.34,4,580.4900000000001,move,improve
14550,4,582.34,4,580.4900000000001,swap,notBad
14551,4,582.34,4,580.4900000000001,2opt,notBad
14552,4,582.34,4,580.4900000000001,2opt,notBad
14553,4,582.34,4,580.4900000000001,swap,notBad
14554,4,582.34,4,580.4900000000001,swap,notBad
14555,4,582.34,4,580.4900000000001,2opt,notBad
14556,4,582.34,4,580.4900000000001,2opt,notBad
14557,4,582.34,4,580.4900000000001,2opt,notBad
14558,4,582.34,4,580.4900000000001,move,improve
14559,4,582.34,4,580.4900000000001,2opt,notBad
14560,4,582.34,4,580.4900000000001,swap,notBad
14561,4,582.34,4,580.4900000000001,2opt,notBad
14562,4,582.7,4,580.4900000000001,swap,acceptBad
14563,4,582.7,4,580.4900000000001,move,improve
14564,4,582.7,4,580.4900000000001,2opt,notBad
14565,4,582.7,4,580.4900000000001,move,improve
14566,4,582.7,4,580.4900000000001,swap,notBad
14567,4,582.7,4,580.4900000000001,2opt,notBad
14568,4,582.7,4,580.4900000000001,move,improve
14569,4,582.7,4,580.4900000000001,2opt,notBad
14570,4,582.7,4,580.4900000000001,2opt,notBad
14571,4,582.7,4,580.4900000000001,move,improve
14572,4,582.7,4,580.4900000000001,swap,notBad
14573,4,582.7,4,580.4900000000001,swap,notBad
14574,4,582.7,4,580.4900000000001,swap,notBad
14575,4,582.7,4,580.4900000000001,swap,notBad
14576,4,582.7,4,580.4900000000001,swap,notBad
14577,4,582.7,4,580.4900000000001,move,improve
14578,4,582.7,4,580.4900000000001,2opt,notBad
14579,4,582.34,4,580.4900000000001,move,improve
14580,4,582.34,4,580.4900000000001,move,improve
14581,4,582.34,4,580.4900000000001,move,improve
14582,4,582.34,4,580.4900000000001,swap,notBad
14583,4,582.34,4,580.4900000000001,swap,notBad
14584,4,582.34,4,580.4900000000001,2opt,notBad
14585,4,582.34,4,580.4900000000001,2opt,notBad
14586,4,582.34,4,580.4900000000001,move,improve
14587,4,582.34,4,580.4900000000001,2opt,notBad
14588,4,582.34,4,580.4900000000001,2opt,notBad
14589,4,582.34,4,580.4900000000001,swap,notBad
14590,4,582.34,4,580.4900000000001,swap,notBad
14591,4,582.34,4,580.4900000000001,swap,notBad
14592,4,582.34,4,580.4900000000001,move,improve
14593,4,582.34,4,580.4900000000001,move,improve
14594,4,582.34,4,580.4900000000001,swap,notBad
14595,4,582.34,4,580.4900000000001,2opt,notBad
14596,4,582.34,4,580.4900000000001,2opt,notBad
14597,4,582.34,4,580.4900000000001,swap,notBad
14598,4,582.34,4,580.4900000000001,2opt,notBad
14599,4,582.34,4,580.4900000000001,swap,notBad
14600,4,582.34,4,580.4900000000001,2opt,notBad
14601,4,582.34,4,580.4900000000001,2opt,notBad
14602,4,582.34,4,580.4900000000001,move,improve
14603,4,582.34,4,580.4900000000001,swap,notBad
14604,4,582.34,4,580.4900000000001,2opt,notBad
14605,4,582.34,4,580.4900000000001,move,improve
14606,4,582.34,4,580.4900000000001,2opt,notBad
14607,4,582.34,4,580.4900000000001,move,improve
14608,4,582.34,4,580.4900000000001,2opt,notBad
14609,4,582.34,4,580.4900000000001,2opt,notBad
14610,4,582.34,4,580.4900000000001,move,improve
14611,4,582.34,4,580.4900000000001,move,improve
14612,4,582.34,4,580.4900000000001,2opt,notBad
14613,4,582.34,4,580.4900000000001,move,improve
14614,4,582.34,4,580.4900000000001,2opt,notBad
14615,4,582.34,4,580.4900000000001,2opt,notBad
14616,4,582.34,4,580.4900000000001,swap,notBad
14617,4,582.34,4,580.4900000000001,2opt,notBad
14618,4,582.34,4,580.4900000000001,2opt,notBad
14619,4,582.34,4,580.4900000000001,move,improve
14620,4,582.34,4,580.4900000000001,swap,notBad
14621,4,582.34,4,580.4900000000001,2opt,notBad
14622,4,582.34,4,580.4900000000001,swap,notBad
14623,4,582.34,4,580.4900000000001,swap,notBad
14624,4,582.34,4,580.4900000000001,swap,notBad
14625,4,582.34,4,580.4900000000001,2opt,notBad
14626,4,582.34,4,580.4900000000001,2opt,notBad
14627,4,582.34,4,580.4900000000001,move,improve
14628,4,582.34,4,580.4900000000001,swap,notBad
14629,4,582.34,4,580.4900000000001,swap,notBad
14630,4,582.34,4,580.4900000000001,swap,notBad
14631,4,582.34,4,580.4900000000001,move,improve
14632,4,582.34,4,580.4900000000001,move,improve
14633,4,582.34,4,580.4900000000001,2opt,notBad
14634,4,582.34,4,580.4900000000001,swap,notBad
14635,4,582.34,4,580.4900000000001,move,improve
14636,4,581.74,4,580.4900000000001,move,improve
14637,4,581.74,4,580.4900000000001,move,improve
14638,4,581.74,4,580.4900000000001,move,improve
14639,4,581.74,4,580.4900000000001,swap,notBad
14640,4,581.74,4,580.4900000000001,2opt,notBad
14641,4,581.74,4,580.4900000000001,swap,notBad
14642,4,581.74,4,580.4900000000001,move,improve
14643,4,581.74,4,580.4900000000001,move,improve
14644,4,581.74,4,580.4900000000001,2opt,notBad
14645,4,581.74,4,580.4900000000001,swap,notBad
14646,4,581.74,4,580.4900000000001,swap,notBad
14647,4,581.74,4,580.4900000000001,2opt,improve
14648,4,581.74,4,580.4900000000001,swap,notBad
14649,4,581.74,4,580.4900000000001,swap,notBad
14650,4,581.74,4,580.4900000000001,move,improve
14651,4,581.74,4,580.4900000000001,2opt,notBad
14652,4,581.74,4,580.4900000000001,move,improve
14653,4,581.74,4,580.4900000000001,2opt,notBad
14654,4,581.74,4,580.4900000000001,swap,notBad
14655,4,581.74,4,580.4900000000001,2opt,notBad
14656,4,581.74,4,580.4900000000001,swap,notBad
14657,4,581.74,4,580.4900000000001,swap,notBad
14658,4,581.74,4,580.4900000000001,move,improve
14659,4,581.74,4,580.4900000000001,move,improve
14660,4,581.74,4,580.4900000000001,move,improve
14661,4,581.74,4,580.4900000000001,swap,notBad
14662,4,581.74,4,580.4900000000001,swap,notBad
14663,4,581.74,4,580.4900000000001,swap,notBad
14664,4,581.74,4,580.4900000000001,move,improve
14665,4,581.74,4,580.4900000000001,2opt,improve
14666,4,581.74,4,580.4900000000001,2opt,notBad
14667,4,581.74,4,580.4900000000001,2opt,notBad
14668,4,581.74,4,580.4900000000001,move,improve
14669,4,581.74,4,580.4900000000001,swap,notBad
14670,4,581.74,4,580.4900000000001,move,improve
14671,4,581.74,4,580.4900000000001,swap,notBad
14672,4,581.74,4,580.4900000000001,move,improve
14673,4,581.74,4,580.4900000000001,swap,notBad
14674,4,581.74,4,580.4900000000001,2opt,notBad
14675,4,581.74,4,580.4900000000001,swap,notBad
14676,4,581.74,4,580.4900000000001,swap,notBad
14677,4,581.74,4,580.4900000000001,swap,notBad
14678,4,581.74,4,580.4900000000001,swap,notBad
14679,4,581.74,4,580.4900000000001,move,improve
14680,4,581.74,4,580.4900000000001,2opt,notBad
14681,4,581.74,4,580.4900000000001,2opt,notBad
14682,4,581.74,4,580.4900000000001,move,improve
14683,4,581.74,4,580.4900000000001,move,improve
14684,4,581.74,4,580.4900000000001,swap,notBad
14685,4,581.74,4,580.4900000000001,move,improve
14686,4,581.74,4,580.4900000000001,move,improve
14687,4,581.74,4,580.4900000000001,move,improve
14688,4,581.74,4,580.4900000000001,move,improve
14689,4,581.74,4,580.4900000000001,swap,notBad
14690,4,581.74,4,580.4900000000001,2opt,notBad
14691,4,581.74,4,580.4900000000001,2opt,improve
14692,4,581.74,4,580.4900000000001,move,improve
14693,4,581.74,4,580.4900000000001,2opt,notBad
14694,4,581.74,4,580.4900000000001,2opt,notBad
14695,4,581.74,4,580.4900000000001,swap,notBad
14696,4,581.74,4,580.4900000000001,2opt,notBad
14697,4,581.74,4,580.4900000000001,swap,notBad
14698,4,581.74,4,580.4900000000001,swap,notBad
14699,4,581.74,4,580.4900000000001,2opt,notBad
14700,4,581.74,4,580.4900000000001,2opt,notBad
14701,4,581.74,4,580.4900000000001,swap,notBad
14702,4,581.74,4,580.4900000000001,swap,notBad
14703,4,581.74,4,580.4900000000001,move,improve
14704,4,581.74,4,580.4900000000001,2opt,notBad
14705,4,581.74,4,580.4900000000001,move,improve
14706,4,581.74,4,580.4900000000001,2opt,notBad
14707,4,581.74,4,580.4900000000001,swap,notBad
14708,4,581.74,4,580.4900000000001,2opt,improve
14709,4,581.74,4,580.4900000000001,2opt,improve
14710,4,581.74,4,580.4900000000001,2opt,notBad
14711,4,581.74,4,580.4900000000001,2opt,notBad
14712,4,581.74,4,580.4900000000001,move,improve
14713,4,581.74,4,580.4900000000001,move,improve
14714,4,581.74,4,580.4900000000001,2opt,notBad
14715,4,581.74,4,580.4900000000001,move,improve
14716,4,581.74,4,580.4900000000001,2opt,notBad
14717,4,581.74,4,580.4900000000001,move,improve
14718,4,581.74,4,580.4900000000001,swap,notBad
14719,4,581.74,4,580.4900000000001,move,improve
14720,4,581.74,4,580.4900000000001,move,improve
14721,4,581.74,4,580.4900000000001,swap,notBad
14722,4,581.74,4,580.4900000000001,move,improve
14723,4,581.74,4,580.4900000000001,2opt,notBad
14724,4,581.74,4,580.4900000000001,move,improve
14725,4,581.74,4,580.4900000000001,swap,notBad
14726,4,581.74,4,580.4900000000001,move,improve
14727,4,581.74,4,580.4900000000001,swap,notBad
14728,4,581.74,4,580.4900000000001,swap,notBad
14729,4,581.74,4,580.4900000000001,move,improve
14730,4,581.74,4,580.4900000000001,swap,notBad
14731,4,581.74,4,580.4900000000001,2opt,notBad
14732,4,582.34,4,580.4900000000001,move,acceptBad
14733,4,582.34,4,580.4900000000001,move,improve
14734,4,582.34,4,580.4900000000001,move,improve
14735,4,582.34,4,580.4900000000001,2opt,notBad
14736,4,582.34,4,580.4900000000001,swap,notBad
14737,4,582.34,4,580.4900000000001,2opt,notBad
14738,4,582.34,4,580.4900000000001,swap,notBad
14739,4,582.34,4,580.4900000000001,swap,notBad
14740,4,582.34,4,580.4900000000001,move,improve
14741,4,582.34,4,580.4900000000001,swap,notBad
14742,4,582.34,4,580.4900000000001,2opt,notBad
14743,4,582.34,4,580.4900000000001,2opt,notBad
14744,4,582.34,4,580.4900000000001,2opt,notBad
14745,4,582.34,4,580.4900000000001,swap,notBad
14746,4,582.34,4,580.4900000000001,move,improve
14747,4,582.34,4,580.4900000000001,2opt,notBad
14748,4,582.34,4,580.4900000000001,move,improve
14749,4,582.34,4,580.4900000000001,2opt,improve
14750,4,582.34,4,580.4900000000001,move,improve
14751,4,582.34,4,580.4900000000001,swap,notBad
14752,4,582.34,4,580.4900000000001,swap,notBad
14753,4,582.34,4,580.4900000000001,move,improve
14754,4,582.34,4,580.4900000000001,2opt,notBad
14755,4,582.34,4,580.4900000000001,2opt,notBad
14756,4,582.34,4,580.4900000000001,2opt,notBad
14757,4,582.34,4,580.4900000000001,2opt,improve
14758,4,582.34,4,580.4900000000001,move,improve
14759,4,582.34,4,580.4900000000001,swap,notBad
14760,4,582.34,4,580.4900000000001,swap,notBad
14761,4,582.34,4,580.4900000000001,swap,notBad
14762,4,582.34,4,580.4900000000001,swap,notBad
14763,4,582.34,4,580.4900000000001,2opt,notBad
14764,4,582.34,4,580.4900000000001,swap,notBad
14765,4,582.34,4,580.4900000000001,move,improve
14766,4,582.34,4,580.4900000000001,move,improve
14767,4,582.34,4,580.4900000000001,move,improve
14768,4,582.34,4,580.4900000000001,2opt,notBad
14769,4,582.34,4,580.4900000000001,swap,notBad
14770,4,582.34,4,580.4900000000001,2opt,notBad
14771,4,582.34,4,580.4900000000001,2opt,notBad
14772,4,582.34,4,580.4900000000001,2opt,notBad
14773,4,582.34,4,580.4900000000001,2opt,notBad
14774,4,582.34,4,580.4900000000001,swap,notBad
14775,4,582.34,4,580.4900000000001,2opt,notBad
14776,4,582.34,4,580.4900000000001,2opt,improve
14777,4,582.34,4,580.4900000000001,swap,notBad
14778,4,582.34,4,580.4900000000001,move,improve
14779,4,582.34,4,580.4900000000001,2opt,notBad
14780,4,582.34,4,580.4900000000001,2opt,notBad
14781,4,582.34,4,580.4900000000001,swap,notBad
14782,4,582.34,4,580.4900000000001,swap,notBad
14783,4,582.34,4,580.4900000000001,move,improve
14784,4,582.34,4,580.4900000000001,swap,notBad
14785,4,582.34,4,580.4900000000001,2opt,notBad
14786,4,582.34,4,580.4900000000001,swap,notBad
14787,4,582.34,4,580.4900000000001,move,improve
14788,4,582.34,4,580.4900000000001,2opt,notBad
14789,4,582.34,4,580.4900000000001,swap,notBad
14790,4,582.34,4,580.4900000000001,move,improve
14791,4,582.34,4,580.4900000000001,move,improve
14792,4,582.34,4,580.4900000000001,swap,notBad
14793,4,582.34,4,580.4900000000001,2opt,notBad
14794,4,582.34,4,580.4900000000001,move,improve
14795,4,582.34,4,580.4900000000001,2opt,notBad
14796,4,582.34,4,580.4900000000001,move,improve
14797,4,582.34,4,580.4900000000001,move,improve
14798,4,582.34,4,580.4900000000001,move,improve
14799,4,582.34,4,580.4900000000001,2opt,notBad
14800,4,582.34,4,580.4900000000001,2opt,notBad
14801,4,582.34,4,580.4900000000001,2opt,notBad
14802,4,582.34,4,580.4900000000001,move,improve
14803,4,582.34,4,580.4900000000001,move,improve
14804,4,582.34,4,580.4900000000001,swap,notBad
14805,4,582.34,4,580.4900000000001,2opt,notBad
14806,4,582.34,4,580.4900000000001,swap,notBad
14807,4,582.34,4,580.4900000000001,2opt,notBad
14808,4,582.34,4,580.4900000000001,move,improve
14809,4,582.34,4,580.4900000000001,2opt,notBad
14810,4,582.34,4,580.4900000000001,move,improve
14811,4,582.34,4,580.4900000000001,swap,notBad
14812,4,582.34,4,580.4900000000001,move,improve
14813,4,582.34,4,580.4900000000001,2opt,notBad
14814,4,582.34,4,580.4900000000001,2opt,notBad
14815,4,582.34,4,580.4900000000001,2opt,notBad
14816,4,582.34,4,580.4900000000001,swap,notBad
14817,4,582.34,4,580.4900000000001,2opt,notBad
14818,4,582.34,4,580.4900000000001,2opt,notBad
14819,4,582.34,4,580.4900000000001,move,improve
14820,4,582.34,4,580.4900000000001,move,improve
14821,4,582.34,4,580.4900000000001,2opt,notBad
14822,4,582.34,4,580.4900000000001,swap,notBad
14823,4,582.34,4,580.4900000000001,move,improve
14824,4,582.34,4,580.4900000000001,move,improve
14825,4,582.34,4,580.4900000000001,move,improve
14826,4,582.34,4,580.4900000000001,2opt,notBad
14827,4,582.34,4,580.4900000000001,swap,notBad
14828,4,582.34,4,580.4900000000001,2opt,notBad
14829,4,582.34,4,580.4900000000001,move,improve
14830,4,582.34,4,580.4900000000001,swap,notBad
14831,4,582.34,4,580.4900000000001,move,improve
14832,4,582.34,4,580.4900000000001,swap,notBad
14833,4,582.34,4,580.4900000000001,2opt,notBad
14834,4,582.34,4,580.4900000000001,swap,notBad
14835,4,582.34,4,580.4900000000001,swap,notBad
14836,4,582.34,4,580.4900000000001,swap,notBad
14837,4,582.34,4,580.4900000000001,move,improve
14838,4,582.34,4,580.4900000000001,2opt,improve
14839,4,582.34,4,580.4900000000001,move,improve
14840,4,582.34,4,580.4900000000001,swap,notBad
14841,4,582.34,4,580.4900000000001,move,improve
14842,4,582.34,4,580.4900000000001,swap,notBad
14843,4,582.34,4,580.4900000000001,swap,notBad
14844,4,582.34,4,580.4900000000001,2opt,notBad
14845,4,582.34,4,580.4900000000001,move,improve
14846,4,582.34,4,580.4900000000001,move,improve
14847,4,582.34,4,580.4900000000001,2opt,notBad
14848,4,582.34,4,580.4900000000001,swap,notBad
14849,4,582.34,4,580.4900000000001,move,improve
14850,4,582.34,4,580.4900000000001,move,improve
14851,4,582.34,4,580.4900000000001,swap,notBad
14852,4,582.34,4,580.4900000000001,2opt,notBad
14853,4,582.34,4,580.4900000000001,move,improve
14854,4,582.34,4,580.4900000000001,2opt,notBad
14855,4,582.34,4,580.4900000000001,2opt,notBad
14856,4,582.34,4,580.4900000000001,move,improve
14857,4,582.34,4,580.4900000000001,2opt,notBad
14858,4,582.34,4,580.4900000000001,2opt,improve
14859,4,582.34,4,580.4900000000001,2opt,notBad
14860,4,582.34,4,580.4900000000001,2opt,notBad
14861,4,582.34,4,580.4900000000001,2opt,notBad
14862,4,582.34,4,580.4900000000001,move,improve
14863,4,582.34,4,580.4900000000001,swap,notBad
14864,4,582.34,4,580.4900000000001,swap,notBad
14865,4,582.34,4,580.4900000000001,2opt,notBad
14866,4,582.34,4,580.4900000000001,move,improve
14867,4,582.34,4,580.4900000000001,2opt,notBad
14868,4,582.34,4,580.4900000000001,2opt,notBad
14869,4,582.34,4,580.4900000000001,2opt,improve
14870,4,582.34,4,580.4900000000001,swap,notBad
14871,4,582.34,4,580.4900000000001,2opt,notBad
14872,4,582.34,4,580.4900000000001,2opt,notBad
14873,4,582.34,4,580.4900000000001,2opt,notBad
14874,4,582.34,4,580.4900000000001,swap,notBad
14875,4,582.34,4,580.4900000000001,2opt,notBad
14876,4,582.34,4,580.4900000000001,move,improve
14877,4,582.34,4,580.4900000000001,2opt,notBad
14878,4,582.34,4,580.4900000000001,swap,notBad
14879,4,582.34,4,580.4900000000001,move,improve
14880,4,582.34,4,580.4900000000001,move,improve
14881,4,582.34,4,580.4900000000001,2opt,notBad
14882,4,582.34,4,580.4900000000001,swap,notBad
14883,4,582.34,4,580.4900000000001,swap,notBad
14884,4,582.34,4,580.4900000000001,2opt,notBad
14885,4,582.34,4,580.4900000000001,swap,notBad
14886,4,582.34,4,580.4900000000001,swap,notBad
14887,4,582.34,4,580.4900000000001,2opt,notBad
14888,4,582.34,4,580.4900000000001,move,improve
14889,4,582.34,4,580.4900000000001,2opt,notBad
14890,4,582.34,4,580.4900000000001,move,improve
14891,4,582.34,4,580.4900000000001,swap,notBad
14892,4,582.34,4,580.4900000000001,swap,notBad
14893,4,582.34,4,580.4900000000001,move,improve
14894,4,582.34,4,580.4900000000001,2opt,notBad
14895,4,582.34,4,580.4900000000001,2opt,notBad
14896,4,582.34,4,580.4900000000001,2opt,notBad
14897,4,582.34,4,580.4900000000001,swap,notBad
14898,4,582.34,4,580.4900000000001,2opt,improve
14899,4,582.34,4,580.4900000000001,2opt,notBad
14900,4,582.34,4,580.4900000000001,2opt,notBad
14901,4,582.34,4,580.4900000000001,2opt,notBad
14902,4,582.34,4,580.4900000000001,swap,notBad
14903,4,582.34,4,580.4900000000001,move,improve
14904,4,582.34,4,580.4900000000001,2opt,notBad
14905,4,582.34,4,580.4900000000001,2opt,notBad
14906,4,581.74,4,580.4900000000001,move,improve
14907,4,581.74,4,580.4900000000001,move,improve
14908,4,581.74,4,580.4900000000001,2opt,notBad
14909,4,581.74,4,580.4900000000001,swap,notBad
14910,4,581.74,4,580.4900000000001,swap,notBad
14911,4,581.74,4,580.4900000000001,swap,notBad
14912,4,581.74,4,580.4900000000001,swap,notBad
14913,4,581.74,4,580.4900000000001,swap,notBad
14914,4,581.74,4,580.4900000000001,move,improve
14915,4,581.74,4,580.4900000000001,2opt,notBad
14916,4,581.74,4,580.4900000000001,2opt,improve
14917,4,581.74,4,580.4900000000001,2opt,notBad
14918,4,581.74,4,580.4900000000001,2opt,notBad
14919,4,582.34,4,580.4900000000001,move,acceptBad
14920,4,582.34,4,580.4900000000001,2opt,notBad
14921,4,582.34,4,580.4900000000001,2opt,notBad
14922,4,582.34,4,580.4900000000001,2opt,notBad
14923,4,582.34,4,580.4900000000001,swap,notBad
14924,4,582.34,4,580.4900000000001,move,improve
14925,4,582.34,4,580.4900000000001,swap,notBad
14926,4,582.34,4,580.4900000000001,swap,notBad
14927,4,582.34,4,580.4900000000001,swap,notBad
14928,4,582.34,4,580.4900000000001,swap,notBad
14929,4,582.34,4,580.4900000000001,2opt,notBad
14930,4,582.34,4,580.4900000000001,move,improve
14931,4,582.34,4,580.4900000000001,2opt,notBad
14932,4,582.34,4,580.4900000000001,2opt,notBad
14933,4,582.34,4,580.4900000000001,swap,notBad
14934,4,582.34,4,580.4900000000001,2opt,notBad
14935,4,582.34,4,580.4900000000001,2opt,notBad
14936,4,582.34,4,580.4900000000001,move,improve
14937,4,582.34,4,580.4900000000001,move,improve
14938,4,582.34,4,580.4900000000001,swap,notBad
14939,4,582.34,4,580.4900000000001,move,improve
14940,4,582.34,4,580.4900000000001,move,improve
14941,4,582.34,4,580.4900000000001,swap,notBad
14942,4,582.34,4,580.4900000000001,swap,notBad
14943,4,582.34,4,580.4900000000001,swap,notBad
14944,4,582.34,4,580.4900000000001,swap,notBad
14945,4,582.34,4,580.4900000000001,swap,notBad
14946,4,582.34,4,580.4900000000001,2opt,improve
14947,4,582.34,4,580.4900000000001,swap,notBad
14948,4,582.34,4,580.4900000000001,swap,notBad
14949,4,582.34,4,580.4900000000001,move,improve
14950,4,582.34,4,580.4900000000001,move,improve
14951,4,582.34,4,580.4900000000001,swap,notBad
14952,4,582.34,4,580.4900000000001,swap,notBad
14953,4,582.34,4,580.4900000000001,2opt,notBad
14954,4,582.34,4,580.4900000000001,move,improve
14955,4,582.34,4,580.4900000000001,swap,notBad
14956,4,582.34,4,580.4900000000001,swap,notBad
14957,4,582.34,4,580.4900000000001,swap,notBad
14958,4,582.34,4,580.4900000000001,2opt,notBad
14959,4,582.34,4,580.4900000000001,swap,notBad
14960,4,582.34,4,580.4900000000001,swap,notBad
14961,4,582.34,4,580.4900000000001,swap,notBad
14962,4,582.34,4,580.4900000000001,swap,notBad
14963,4,582.34,4,580.4900000000001,2opt,notBad
14964,4,582.34,4,580.4900000000001,move,improve
14965,4,582.34,4,580.4900000000001,swap,notBad
14966,4,582.34,4,580.4900000000001,swap,notBad
14967,4,582.34,4,580.4900000000001,swap,notBad
14968,4,582.34,4,580.4900000000001,2opt,notBad
14969,4,582.34,4,580.4900000000001,2opt,notBad
14970,4,582.34,4,580.4900000000001,2opt,notBad
14971,4,582.34,4,580.4900000000001,2opt,improve
14972,4,582.34,4,580.4900000000001,swap,notBad
14973,4,582.34,4,580.4900000000001,2opt,notBad
14974,4,582.34,4,580.4900000000001,move,improve
14975,4,582.34,4,580.4900000000001,move,improve
14976,4,582.34,4,580.4900000000001,swap,notBad
14977,4,582.34,4,580.4900000000001,2opt,notBad
14978,4,582.34,4,580.4900000000001,2opt,notBad
14979,4,582.34,4,580.4900000000001,2opt,notBad
14980,4,582.34,4,580.4900000000001,2opt,notBad
14981,4,582.34,4,580.4900000000001,move,improve
14982,4,582.34,4,580.4900000000001,move,improve
14983,4,582.34,4,580.4900000000001,move,improve
14984,4,582.34,4,580.4900000000001,2opt,notBad
14985,4,582.34,4,580.4900000000001,move,improve
14986,4,582.34,4,580.4900000000001,swap,notBad
14987,4,582.34,4,580.4900000000001,swap,notBad
14988,4,582.34,4,580.4900000000001,2opt,notBad
14989,4,582.34,4,580.4900000000001,move,improve
14990,4,582.34,4,580.4900000000001,2opt,notBad
14991,4,582.34,4,580.4900000000001,2opt,notBad
14992,4,582.34,4,580.4900000000001,2opt,notBad
14993,4,582.34,4,580.4900000000001,2opt,notBad
14994,4,582.34,4,580.4900000000001,swap,notBad
14995,4,582.34,4,580.4900000000001,swap,notBad
14996,4,582.34,4,580.4900000000001,swap,notBad
14997,4,582.34,4,580.4900000000001,move,improve
14998,4,582.34,4,580.4900000000001,swap,notBad
14999,4,582.34,4,580.4900000000001,2opt,notBad
15000,4,582.34,4,580.4900000000001,2opt,improve
15001,4,582.34,4,580.4900000000001,swap,notBad
15002,4,582.34,4,580.4900000000001,move,improve
15003,4,582.34,4,580.4900000000001,2opt,notBad
15004,4,582.34,4,580.4900000000001,2opt,notBad
15005,4,582.34,4,580.4900000000001,move,improve
15006,4,582.34,4,580.4900000000001,swap,notBad
15007,4,582.34,4,580.4900000000001,swap,notBad
15008,4,582.34,4,580.4900000000001,2opt,notBad
15009,4,582.34,4,580.4900000000001,move,improve
15010,4,582.34,4,580.4900000000001,move,improve
15011,4,582.34,4,580.4900000000001,move,improve
15012,4,582.34,4,580.4900000000001,move,improve
15013,4,582.34,4,580.4900000000001,move,improve
15014,4,582.34,4,580.4900000000001,2opt,notBad
15015,4,582.34,4,580.4900000000001,move,improve
15016,4,582.34,4,580.4900000000001,move,improve
15017,4,582.34,4,580.4900000000001,move,improve
15018,4,582.34,4,580.4900000000001,move,improve
15019,4,582.34,4,580.4900000000001,swap,notBad
15020,4,582.34,4,580.4900000000001,swap,notBad
15021,4,582.34,4,580.4900000000001,move,improve
15022,4,582.34,4,580.4900000000001,2opt,notBad
15023,4,582.34,4,580.4900000000001,move,improve
15024,4,582.34,4,580.4900000000001,swap,notBad
15025,4,582.34,4,580.4900000000001,swap,notBad
15026,4,582.34,4,580.4900000000001,move,improve
15027,4,582.34,4,580.4900000000001,2opt,notBad
15028,4,582.34,4,580.4900000000001,2opt,improve
15029,4,582.34,4,580.4900000000001,move,improve
15030,4,582.34,4,580.4900000000001,move,improve
15031,4,582.34,4,580.4900000000001,swap,notBad
15032,4,582.34,4,580.4900000000001,2opt,notBad
15033,4,582.34,4,580.4900000000001,swap,notBad
15034,4,582.34,4,580.4900000000001,2opt,notBad
15035,4,582.34,4,580.4900000000001,move,improve
15036,4,582.34,4,580.4900000000001,swap,notBad
15037,4,582.34,4,580.4900000000001,swap,notBad
15038,4,582.34,4,580.4900000000001,move,improve
15039,4,582.34,4,580.4900000000001,move,improve
15040,4,582.34,4,580.4900000000001,2opt,notBad
15041,4,582.34,4,580.4900000000001,2opt,notBad
15042,4,582.34,4,580.4900000000001,move,improve
15043,4,582.34,4,580.4900000000001,swap,notBad
15044,4,582.34,4,580.4900000000001,move,improve
15045,4,582.34,4,580.4900000000001,move,improve
15046,4,582.34,4,580.4900000000001,move,improve
15047,4,582.34,4,580.4900000000001,swap,notBad
15048,4,582.34,4,580.4900000000001,2opt,notBad
15049,4,582.34,4,580.4900000000001,swap,notBad
15050,4,582.34,4,580.4900000000001,swap,notBad
15051,4,582.34,4,580.4900000000001,move,improve
15052,4,582.34,4,580.4900000000001,move,improve
15053,4,582.34,4,580.4900000000001,swap,notBad
15054,4,582.34,4,580.4900000000001,move,improve
15055,4,582.34,4,580.4900000000001,move,improve
15056,4,582.34,4,580.4900000000001,swap,notBad
15057,4,582.34,4,580.4900000000001,move,improve
15058,4,582.34,4,580.4900000000001,2opt,notBad
15059,4,582.34,4,580.4900000000001,swap,notBad
15060,4,582.34,4,580.4900000000001,2opt,notBad
15061,4,582.34,4,580.4900000000001,2opt,improve
15062,4,582.34,4,580.4900000000001,move,improve
15063,4,582.34,4,580.4900000000001,swap,notBad
15064,4,582.34,4,580.4900000000001,2opt,notBad
15065,4,582.34,4,580.4900000000001,2opt,notBad
15066,4,582.34,4,580.4900000000001,swap,notBad
15067,4,582.34,4,580.4900000000001,2opt,notBad
15068,4,582.34,4,580.4900000000001,swap,notBad
15069,4,582.34,4,580.4900000000001,move,improve
15070,4,582.34,4,580.4900000000001,move,improve
15071,4,582.34,4,580.4900000000001,swap,notBad
15072,4,582.34,4,580.4900000000001,swap,notBad
15073,4,582.34,4,580.4900000000001,swap,notBad
15074,4,582.34,4,580.4900000000001,swap,notBad
15075,4,582.34,4,580.4900000000001,move,improve
15076,4,582.34,4,580.4900000000001,2opt,notBad
15077,4,582.34,4,580.4900000000001,2opt,notBad
15078,4,582.34,4,580.4900000000001,swap,notBad
15079,4,582.34,4,580.4900000000001,2opt,notBad
15080,4,582.34,4,580.4900000000001,swap,notBad
15081,4,581.74,4,580.4900000000001,move,improve
15082,4,581.74,4,580.4900000000001,swap,notBad
15083,4,581.74,4,580.4900000000001,swap,notBad
15084,4,581.74,4,580.4900000000001,2opt,notBad
15085,4,581.74,4,580.4900000000001,swap,notBad
15086,4,581.74,4,580.4900000000001,2opt,notBad
15087,4,581.74,4,580.4900000000001,2opt,notBad
15088,4,581.74,4,580.4900000000001,2opt,notBad
15089,4,581.74,4,580.4900000000001,swap,notBad
15090,4,581.74,4,580.4900000000001,move,improve
15091,4,581.74,4,580.4900000000001,swap,notBad
15092,4,581.74,4,580.4900000000001,2opt,notBad
15093,4,581.74,4,580.4900000000001,move,improve
15094,4,581.74,4,580.4900000000001,2opt,notBad
15095,4,581.74,4,580.4900000000001,2opt,notBad
15096,4,581.74,4,580.4900000000001,swap,notBad
15097,4,581.74,4,580.4900000000001,2opt,notBad
15098,4,581.74,4,580.4900000000001,move,improve
15099,4,581.74,4,580.4900000000001,move,improve
15100,4,581.74,4,580.4900000000001,move,improve
15101,4,581.74,4,580.4900000000001,move,improve
15102,4,581.74,4,580.4900000000001,swap,notBad
15103,4,581.74,4,580.4900000000001,move,improve
15104,4,581.74,4,580.4900000000001,swap,notBad
15105,4,581.74,4,580.4900000000001,2opt,notBad
15106,4,581.74,4,580.4900000000001,2opt,notBad
15107,4,581.74,4,580.4900000000001,swap,notBad
15108,4,581.74,4,580.4900000000001,2opt,notBad
15109,4,581.74,4,580.4900000000001,2opt,notBad
15110,4,581.74,4,580.4900000000001,2opt,notBad
15111,4,581.74,4,580.4900000000001,swap,notBad
15112,4,581.74,4,580.4900000000001,2opt,notBad
15113,4,581.74,4,580.4900000000001,swap,notBad
15114,4,581.74,4,580.4900000000001,2opt,notBad
15115,4,581.74,4,580.4900000000001,2opt,notBad
15116,4,581.74,4,580.4900000000001,2opt,improve
15117,4,581.74,4,580.4900000000001,2opt,notBad
15118,4,581.74,4,580.4900000000001,move,improve
15119,4,581.74,4,580.4900000000001,move,improve
15120,4,581.74,4,580.4900000000001,swap,notBad
15121,4,581.74,4,580.4900000000001,move,improve
15122,4,581.74,4,580.4900000000001,2opt,notBad
15123,4,581.74,4,580.4900000000001,2opt,notBad
15124,4,581.74,4,580.4900000000001,swap,notBad
15125,4,581.74,4,580.4900000000001,move,improve
15126,4,581.74,4,580.4900000000001,2opt,notBad
15127,4,581.74,4,580.4900000000001,2opt,notBad
15128,4,581.74,4,580.4900000000001,swap,notBad
15129,4,581.74,4,580.4900000000001,2opt,notBad
15130,4,581.74,4,580.4900000000001,swap,notBad
15131,4,581.74,4,580.4900000000001,swap,notBad
15132,4,581.74,4,580.4900000000001,move,improve
15133,4,581.74,4,580.4900000000001,swap,notBad
15134,4,581.74,4,580.4900000000001,move,improve
15135,4,581.74,4,580.4900000000001,2opt,notBad
15136,4,581.74,4,580.4900000000001,2opt,notBad
15137,4,581.74,4,580.4900000000001,swap,notBad
15138,4,581.74,4,580.4900000000001,move,improve
15139,4,581.74,4,580.4900000000001,move,improve
15140,4,581.74,4,580.4900000000001,move,improve
15141,4,581.74,4,580.4900000000001,2opt,notBad
15142,4,581.74,4,580.4900000000001,swap,notBad
15143,4,581.74,4,580.4900000000001,move,improve
15144,4,581.74,4,580.4900000000001,swap,notBad
15145,4,581.74,4,580.4900000000001,2opt,notBad
15146,4,581.74,4,580.4900000000001,swap,notBad
15147,4,581.74,4,580.4900000000001,2opt,improve
15148,4,581.74,4,580.4900000000001,2opt,notBad
15149,4,581.74,4,580.4900000000001,swap,notBad
15150,4,581.74,4,580.4900000000001,move,improve
15151,4,581.74,4,580.4900000000001,2opt,notBad
15152,4,581.74,4,580.4900000000001,2opt,notBad
15153,4,581.74,4,580.4900000000001,2opt,notBad
15154,4,581.74,4,580.4900000000001,swap,notBad
15155,4,581.74,4,580.4900000000001,move,improve
15156,4,581.74,4,580.4900000000001,2opt,notBad
15157,4,581.74,4,580.4900000000001,move,improve
15158,4,581.74,4,580.4900000000001,2opt,notBad
15159,4,581.74,4,580.4900000000001,move,improve
15160,4,581.74,4,580.4900000000001,swap,notBad
15161,4,581.74,4,580.4900000000001,swap,notBad
15162,4,581.74,4,580.4900000000001,move,improve
15163,4,581.74,4,580.4900000000001,move,improve
15164,4,581.74,4,580.4900000000001,move,improve
15165,4,581.74,4,580.4900000000001,move,improve
15166,4,581.74,4,580.4900000000001,swap,notBad
15167,4,581.74,4,580.4900000000001,2opt,notBad
15168,4,581.74,4,580.4900000000001,2opt,notBad
15169,4,581.74,4,580.4900000000001,2opt,notBad
15170,4,581.74,4,580.4900000000001,move,improve
15171,4,581.74,4,580.4900000000001,move,improve
15172,4,581.74,4,580.4900000000001,2opt,improve
15173,4,581.74,4,580.4900000000001,swap,notBad
15174,4,581.74,4,580.4900000000001,swap,notBad
15175,4,581.74,4,580.4900000000001,swap,notBad
15176,4,581.74,4,580.4900000000001,swap,notBad
15177,4,581.74,4,580.4900000000001,move,improve
15178,4,581.74,4,580.4900000000001,2opt,notBad
15179,4,581.74,4,580.4900000000001,swap,notBad
15180,4,581.74,4,580.4900000000001,swap,notBad
15181,4,581.74,4,580.4900000000001,swap,notBad
15182,4,581.74,4,580.4900000000001,2opt,improve
15183,4,581.74,4,580.4900000000001,swap,notBad
15184,4,581.74,4,580.4900000000001,move,improve
15185,4,581.74,4,580.4900000000001,2opt,notBad
15186,4,581.74,4,580.4900000000001,move,improve
15187,4,581.74,4,580.4900000000001,move,improve
15188,4,581.74,4,580.4900000000001,move,improve
15189,4,581.74,4,580.4900000000001,2opt,notBad
15190,4,581.74,4,580.4900000000001,move,improve
15191,4,581.74,4,580.4900000000001,swap,notBad
15192,4,581.74,4,580.4900000000001,swap,notBad
15193,4,581.74,4,580.4900000000001,swap,notBad
15194,4,581.74,4,580.4900000000001,swap,notBad
15195,4,581.74,4,580.4900000000001,move,improve
15196,4,581.74,4,580.4900000000001,2opt,notBad
15197,4,581.74,4,580.4900000000001,2opt,notBad
15198,4,581.74,4,580.4900000000001,swap,notBad
15199,4,581.74,4,580.4900000000001,move,improve
15200,4,581.74,4,580.4900000000001,move,improve
15201,4,581.74,4,580.4900000000001,move,improve
15202,4,581.74,4,580.4900000000001,move,improve
15203,4,581.74,4,580.4900000000001,move,improve
15204,4,581.74,4,580.4900000000001,swap,notBad
15205,4,581.74,4,580.4900000000001,swap,notBad
15206,4,581.74,4,580.4900000000001,2opt,notBad
15207,4,581.74,4,580.4900000000001,2opt,notBad
15208,4,581.74,4,580.4900000000001,swap,notBad
15209,4,581.74,4,580.4900000000001,2opt,notBad
15210,4,581.74,4,580.4900000000001,2opt,notBad
15211,4,581.74,4,580.4900000000001,move,improve
15212,4,581.74,4,580.4900000000001,move,improve
15213,4,581.74,4,580.4900000000001,2opt,notBad
15214,4,581.74,4,580.4900000000001,move,improve
15215,4,581.74,4,580.4900000000001,swap,notBad
15216,4,581.74,4,580.4900000000001,2opt,notBad
15217,4,581.74,4,580.4900000000001,swap,notBad
15218,4,581.74,4,580.4900000000001,move,improve
15219,4,581.74,4,580.4900000000001,move,improve
15220,4,581.74,4,580.4900000000001,2opt,notBad
15221,4,581.74,4,580.4900000000001,swap,notBad
15222,4,581.74,4,580.4900000000001,swap,notBad
15223,4,581.74,4,580.4900000000001,swap,notBad
15224,4,581.74,4,580.4900000000001,swap,notBad
15225,4,581.74,4,580.4900000000001,swap,notBad
15226,4,581.74,4,580.4900000000001,swap,notBad
15227,4,581.74,4,580.4900000000001,2opt,notBad
15228,4,581.74,4,580.4900000000001,move,improve
15229,4,581.74,4,580.4900000000001,move,improve
15230,4,581.74,4,580.4900000000001,swap,notBad
15231,4,581.74,4,580.4900000000001,move,improve
15232,4,581.74,4,580.4900000000001,swap,notBad
15233,4,581.74,4,580.4900000000001,2opt,notBad
15234,4,581.74,4,580.4900000000001,move,improve
15235,4,581.74,4,580.4900000000001,2opt,improve
15236,4,581.74,4,580.4900000000001,swap,notBad
15237,4,581.74,4,580.4900000000001,swap,notBad
15238,4,581.74,4,580.4900000000001,move,improve
15239,4,581.74,4,580.4900000000001,move,improve
15240,4,581.74,4,580.4900000000001,swap,notBad
15241,4,581.74,4,580.4900000000001,2opt,notBad
15242,4,581.74,4,580.4900000000001,swap,notBad
15243,4,581.74,4,580.4900000000001,swap,notBad
15244,4,581.74,4,580.4900000000001,move,improve
15245,4,581.74,4,580.4900000000001,2opt,notBad
15246,4,581.74,4,580.4900000000001,2opt,notBad
15247,4,581.74,4,580.4900000000001,2opt,improve
15248,4,581.74,4,580.4900000000001,swap,notBad
15249,4,581.74,4,580.4900000000001,move,improve
15250,4,581.74,4,580.4900000000001,move,improve
15251,4,581.74,4,580.4900000000001,swap,notBad
15252,4,581.74,4,580.4900000000001,swap,notBad
15253,4,581.74,4,580.4900000000001,move,improve
15254,4,581.74,4,580.4900000000001,move,improve
15255,4,581.74,4,580.4900000000001,move,improve
15256,4,581.74,4,580.4900000000001,swap,notBad
15257,4,581.74,4,580.4900000000001,swap,notBad
15258,4,581.74,4,580.4900000000001,swap,notBad
15259,4,581.74,4,580.4900000000001,2opt,notBad
15260,4,581.74,4,580.4900000000001,2opt,notBad
15261,4,581.74,4,580.4900000000001,move,improve
15262,4,581.74,4,580.4900000000001,swap,notBad
15263,4,581.74,4,580.4900000000001,swap,notBad
15264,4,581.74,4,580.4900000000001,2opt,notBad
15265,4,581.74,4,580.4900000000001,move,improve
15266,4,581.74,4,580.4900000000001,move,improve
15267,4,581.74,4,580.4900000000001,swap,notBad
15268,4,581.74,4,580.4900000000001,move,improve
15269,4,581.74,4,580.4900000000001,swap,notBad
15270,4,581.74,4,580.4900000000001,2opt,improve
15271,4,581.74,4,580.4900000000001,2opt,notBad
15272,4,581.74,4,580.4900000000001,2opt,notBad
15273,4,581.74,4,580.4900000000001,swap,notBad
15274,4,581.74,4,580.4900000000001,move,improve
15275,4,581.74,4,580.4900000000001,move,improve
15276,4,581.74,4,580.4900000000001,move,improve
15277,4,581.74,4,580.4900000000001,move,improve
15278,4,581.74,4,580.4900000000001,2opt,improve
15279,4,581.74,4,580.4900000000001,2opt,notBad
15280,4,581.74,4,580.4900000000001,move,improve
15281,4,581.74,4,580.4900000000001,swap,notBad
15282,4,581.74,4,580.4900000000001,move,improve
15283,4,581.74,4,580.4900000000001,move,improve
15284,4,581.74,4,580.4900000000001,swap,notBad
15285,4,581.74,4,580.4900000000001,move,improve
15286,4,581.74,4,580.4900000000001,swap,notBad
15287,4,581.74,4,580.4900000000001,2opt,notBad
15288,4,581.74,4,580.4900000000001,2opt,improve
15289,4,581.74,4,580.4900000000001,move,improve
15290,4,581.74,4,580.4900000000001,move,improve
15291,4,581.74,4,580.4900000000001,swap,notBad
15292,4,581.74,4,580.4900000000001,2opt,notBad
15293,4,581.74,4,580.4900000000001,move,improve
15294,4,581.74,4,580.4900000000001,move,improve
15295,4,581.74,4,580.4900000000001,swap,notBad
15296,4,581.74,4,580.4900000000001,swap,notBad
15297,4,581.74,4,580.4900000000001,2opt,notBad
15298,4,581.74,4,580.4900000000001,swap,notBad
15299,4,581.74,4,580.4900000000001,move,improve
15300,4,581.74,4,580.4900000000001,swap,notBad
15301,4,581.74,4,580.4900000000001,swap,notBad
15302,4,581.74,4,580.4900000000001,2opt,notBad
15303,4,581.74,4,580.4900000000001,2opt,notBad
15304,4,581.74,4,580.4900000000001,move,improve
15305,4,581.74,4,580.4900000000001,swap,notBad
15306,4,581.74,4,580.4900000000001,swap,notBad
15307,4,581.74,4,580.4900000000001,move,improve
15308,4,581.74,4,580.4900000000001,2opt,notBad
15309,4,581.74,4,580.4900000000001,2opt,notBad
15310,4,581.74,4,580.4900000000001,2opt,notBad
15311,4,581.74,4,580.4900000000001,move,improve
15312,4,581.74,4,580.4900000000001,move,improve
15313,4,581.74,4,580.4900000000001,move,improve
15314,4,581.74,4,580.4900000000001,2opt,notBad
15315,4,581.74,4,580.4900000000001,2opt,notBad
15316,4,581.74,4,580.4900000000001,2opt,notBad
15317,4,581.74,4,580.4900000000001,move,improve
15318,4,581.74,4,580.4900000000001,swap,notBad
15319,4,581.74,4,580.4900000000001,swap,notBad
15320,4,581.74,4,580.4900000000001,swap,notBad
15321,4,581.74,4,580.4900000000001,2opt,notBad
15322,4,581.74,4,580.4900000000001,swap,notBad
15323,4,581.74,4,580.4900000000001,swap,notBad
15324,4,581.74,4,580.4900000000001,2opt,notBad
15325,4,581.74,4,580.4900000000001,2opt,notBad
15326,4,581.74,4,580.4900000000001,move,improve
15327,4,581.74,4,580.4900000000001,swap,notBad
15328,4,581.74,4,580.4900000000001,2opt,notBad
15329,4,581.74,4,580.4900000000001,2opt,notBad
15330,4,581.74,4,580.4900000000001,move,improve
15331,4,581.74,4,580.4900000000001,2opt,notBad
15332,4,581.74,4,580.4900000000001,swap,notBad
15333,4,581.74,4,580.4900000000001,2opt,notBad
15334,4,581.74,4,580.4900000000001,swap,notBad
15335,4,581.74,4,580.4900000000001,move,improve
15336,4,581.74,4,580.4900000000001,swap,notBad
15337,4,581.74,4,580.4900000000001,swap,notBad
15338,4,581.74,4,580.4900000000001,swap,notBad
15339,4,581.74,4,580.4900000000001,swap,notBad
15340,4,581.74,4,580.4900000000001,2opt,notBad
15341,4,581.74,4,580.4900000000001,2opt,notBad
15342,4,581.74,4,580.4900000000001,2opt,notBad
15343,4,581.74,4,580.4900000000001,move,improve
15344,4,581.74,4,580.4900000000001,2opt,notBad
15345,4,581.74,4,580.4900000000001,swap,notBad
15346,4,581.74,4,580.4900000000001,2opt,notBad
15347,4,581.74,4,580.4900000000001,move,improve
15348,4,581.74,4,580.4900000000001,move,improve
15349,4,581.74,4,580.4900000000001,move,improve
15350,4,581.74,4,580.4900000000001,swap,notBad
15351,4,581.74,4,580.4900000000001,move,improve
15352,4,581.74,4,580.4900000000001,move,improve
15353,4,581.74,4,580.4900000000001,2opt,notBad
15354,4,581.74,4,580.4900000000001,move,improve
15355,4,581.74,4,580.4900000000001,2opt,notBad
15356,4,581.74,4,580.4900000000001,swap,notBad
15357,4,581.74,4,580.4900000000001,swap,notBad
15358,4,581.74,4,580.4900000000001,move,improve
15359,4,581.74,4,580.4900000000001,2opt,notBad
15360,4,581.74,4,580.4900000000001,2opt,notBad
15361,4,581.74,4,580.4900000000001,swap,notBad
15362,4,581.74,4,580.4900000000001,move,improve
15363,4,581.74,4,580.4900000000001,swap,notBad
15364,4,581.74,4,580.4900000000001,2opt,notBad
15365,4,581.74,4,580.4900000000001,2opt,notBad
15366,4,581.74,4,580.4900000000001,2opt,notBad
15367,4,581.74,4,580.4900000000001,2opt,notBad
15368,4,581.74,4,580.4900000000001,swap,notBad
15369,4,581.74,4,580.4900000000001,move,improve
15370,4,581.74,4,580.4900000000001,2opt,notBad
15371,4,581.74,4,580.4900000000001,swap,notBad
15372,4,581.74,4,580.4900000000001,2opt,notBad
15373,4,581.74,4,580.4900000000001,2opt,notBad
15374,4,581.74,4,580.4900000000001,2opt,notBad
15375,4,581.74,4,580.4900000000001,swap,notBad
15376,4,581.74,4,580.4900000000001,swap,notBad
15377,4,581.74,4,580.4900000000001,swap,notBad
15378,4,581.74,4,580.4900000000001,swap,notBad
15379,4,581.74,4,580.4900000000001,move,improve
15380,4,581.74,4,580.4900000000001,2opt,notBad
15381,4,581.74,4,580.4900000000001,swap,notBad
15382,4,581.74,4,580.4900000000001,swap,notBad
15383,4,581.74,4,580.4900000000001,move,improve
15384,4,581.74,4,580.4900000000001,swap,notBad
15385,4,581.74,4,580.4900000000001,move,improve
15386,4,581.74,4,580.4900000000001,2opt,notBad
15387,4,581.74,4,580.4900000000001,2opt,improve
15388,4,581.74,4,580.4900000000001,2opt,notBad
15389,4,581.74,4,580.4900000000001,swap,notBad
15390,4,581.74,4,580.4900000000001,swap,notBad
15391,4,581.74,4,580.4900000000001,move,improve
15392,4,581.74,4,580.4900000000001,swap,notBad
15393,4,581.74,4,580.4900000000001,2opt,notBad
15394,4,581.74,4,580.4900000000001,move,improve
15395,4,581.74,4,580.4900000000001,swap,notBad
15396,4,581.74,4,580.4900000000001,2opt,improve
15397,4,581.74,4,580.4900000000001,move,improve
15398,4,581.74,4,580.4900000000001,2opt,notBad
15399,4,581.74,4,580.4900000000001,swap,notBad
15400,4,581.74,4,580.4900000000001,swap,notBad
15401,4,581.74,4,580.4900000000001,swap,notBad
15402,4,581.74,4,580.4900000000001,2opt,notBad
15403,4,581.74,4,580.4900000000001,2opt,notBad
15404,4,581.74,4,580.4900000000001,swap,notBad
15405,4,581.74,4,580.4900000000001,2opt,notBad
15406,4,581.74,4,580.4900000000001,move,improve
15407,4,581.74,4,580.4900000000001,swap,notBad
15408,4,581.74,4,580.4900000000001,2opt,notBad
15409,4,581.74,4,580.4900000000001,move,improve
15410,4,581.74,4,580.4900000000001,swap,notBad
15411,4,581.74,4,580.4900000000001,2opt,notBad
15412,4,581.74,4,580.4900000000001,swap,notBad
15413,4,581.74,4,580.4900000000001,move,improve
15414,4,581.74,4,580.4900000000001,swap,notBad
15415,4,581.74,4,580.4900000000001,2opt,notBad
15416,4,581.74,4,580.4900000000001,2opt,notBad
15417,4,581.74,4,580.4900000000001,swap,notBad
15418,4,581.74,4,580.4900000000001,move,improve
15419,4,581.74,4,580.4900000000001,move,improve
15420,4,581.74,4,580.4900000000001,2opt,notBad
15421,4,581.74,4,580.4900000000001,swap,notBad
15422,4,581.74,4,580.4900000000001,swap,notBad
15423,4,581.74,4,580.4900000000001,move,improve
15424,4,581.74,4,580.4900000000001,swap,notBad
15425,4,581.74,4,580.4900000000001,move,improve
15426,4,581.74,4,580.4900000000001,swap,notBad
15427,4,581.74,4,580.4900000000001,swap,notBad
15428,4,581.74,4,580.4900000000001,move,improve
15429,4,581.74,4,580.4900000000001,2opt,notBad
15430,4,581.74,4,580.4900000000001,move,improve
15431,4,581.74,4,580.4900000000001,2opt,notBad
15432,4,581.74,4,580.4900000000001,move,improve
15433,4,581.74,4,580.4900000000001,swap,notBad
15434,4,581.74,4,580.4900000000001,move,improve
15435,4,581.74,4,580.4900000000001,2opt,improve
15436,4,581.74,4,580.4900000000001,swap,notBad
15437,4,581.74,4,580.4900000000001,swap,notBad
15438,4,581.74,4,580.4900000000001,2opt,notBad
15439,4,581.74,4,580.4900000000001,swap,notBad
15440,4,581.74,4,580.4900000000001,swap,notBad
15441,4,581.74,4,580.4900000000001,swap,notBad
15442,4,581.74,4,580.4900000000001,swap,notBad
15443,4,581.74,4,580.4900000000001,swap,notBad
15444,4,581.74,4,580.4900000000001,2opt,notBad
15445,4,581.74,4,580.4900000000001,swap,notBad
15446,4,581.74,4,580.4900000000001,swap,notBad
15447,4,581.74,4,580.4900000000001,2opt,notBad
15448,4,581.74,4,580.4900000000001,2opt,notBad
15449,4,581.74,4,580.4900000000001,swap,notBad
15450,4,581.74,4,580.4900000000001,swap,notBad
15451,4,581.74,4,580.4900000000001,swap,notBad
15452,4,581.74,4,580.4900000000001,swap,notBad
15453,4,581.74,4,580.4900000000001,move,improve
15454,4,581.74,4,580.4900000000001,move,improve
15455,4,581.74,4,580.4900000000001,swap,notBad
15456,4,581.74,4,580.4900000000001,move,improve
15457,4,581.74,4,580.4900000000001,swap,notBad
15458,4,581.74,4,580.4900000000001,2opt,notBad
15459,4,581.74,4,580.4900000000001,move,improve
15460,4,581.74,4,580.4900000000001,swap,notBad
15461,4,581.74,4,580.4900000000001,move,improve
15462,4,581.74,4,580.4900000000001,move,improve
15463,4,581.74,4,580.4900000000001,swap,notBad
15464,4,581.74,4,580.4900000000001,2opt,improve
15465,4,581.74,4,580.4900000000001,swap,notBad
15466,4,581.74,4,580.4900000000001,move,improve
15467,4,581.74,4,580.4900000000001,swap,notBad
15468,4,581.74,4,580.4900000000001,move,improve
15469,4,581.74,4,580.4900000000001,2opt,notBad
15470,4,581.74,4,580.4900000000001,move,improve
15471,4,581.74,4,580.4900000000001,move,improve
15472,4,581.74,4,580.4900000000001,2opt,notBad
15473,4,581.74,4,580.4900000000001,2opt,notBad
15474,4,581.74,4,580.4900000000001,2opt,notBad
15475,4,581.74,4,580.4900000000001,2opt,notBad
15476,4,581.74,4,580.4900000000001,swap,notBad
15477,4,581.74,4,580.4900000000001,move,improve
15478,4,581.74,4,580.4900000000001,2opt,notBad
15479,4,581.74,4,580.4900000000001,2opt,notBad
15480,4,581.74,4,580.4900000000001,swap,notBad
15481,4,581.74,4,580.4900000000001,swap,notBad
15482,4,582.34,4,580.4900000000001,move,acceptBad
15483,4,582.34,4,580.4900000000001,2opt,notBad
15484,4,582.34,4,580.4900000000001,2opt,notBad
15485,4,582.34,4,580.4900000000001,swap,notBad
15486,4,582.34,4,580.4900000000001,2opt,notBad
15487,4,582.34,4,580.4900000000001,swap,notBad
15488,4,582.34,4,580.4900000000001,swap,notBad
15489,4,582.34,4,580.4900000000001,2opt,notBad
15490,4,582.34,4,580.4900000000001,2opt,notBad
15491,4,582.34,4,580.4900000000001,move,improve
15492,4,582.34,4,580.4900000000001,move,improve
15493,4,582.34,4,580.4900000000001,move,improve
15494,4,582.34,4,580.4900000000001,2opt,notBad
15495,4,582.34,4,580.4900000000001,2opt,notBad
15496,4,582.34,4,580.4900000000001,2opt,improve
15497,4,582.34,4,580.4900000000001,2opt,notBad
15498,4,582.34,4,580.4900000000001,2opt,notBad
15499,4,582.34,4,580.4900000000001,2opt,notBad
15500,4,582.34,4,580.4900000000001,move,improve
15501,4,582.34,4,580.4900000000001,swap,notBad
15502,4,582.34,4,580.4900000000001,swap,notBad
15503,4,582.34,4,580.4900000000001,move,improve
15504,4,582.34,4,580.4900000000001,2opt,notBad
15505,4,582.34,4,580.4900000000001,swap,notBad
15506,4,582.34,4,580.4900000000001,swap,notBad
15507,4,582.34,4,580.4900000000001,2opt,notBad
15508,4,582.34,4,580.4900000000001,swap,notBad
15509,4,582.34,4,580.4900000000001,swap,notBad
15510,4,582.34,4,580.4900000000001,2opt,notBad
15511,4,582.34,4,580.4900000000001,2opt,notBad
15512,4,582.34,4,580.4900000000001,swap,notBad
15513,4,582.34,4,580.4900000000001,move,improve
15514,4,582.34,4,580.4900000000001,swap,notBad
15515,4,582.34,4,580.4900000000001,move,improve
15516,4,582.34,4,580.4900000000001,2opt,notBad
15517,4,582.34,4,580.4900000000001,swap,notBad
15518,4,582.34,4,580.4900000000001,move,improve
15519,4,582.34,4,580.4900000000001,move,improve
15520,4,582.34,4,580.4900000000001,swap,notBad
15521,4,582.34,4,580.4900000000001,2opt,notBad
15522,4,582.34,4,580.4900000000001,swap,notBad
15523,4,582.34,4,580.4900000000001,swap,notBad
15524,4,582.34,4,580.4900000000001,2opt,notBad
15525,4,582.34,4,580.4900000000001,move,improve
15526,4,582.34,4,580.4900000000001,swap,notBad
15527,4,582.34,4,580.4900000000001,move,improve
15528,4,582.34,4,580.4900000000001,2opt,notBad
15529,4,582.34,4,580.4900000000001,move,improve
15530,4,582.34,4,580.4900000000001,2opt,notBad
15531,4,582.34,4,580.4900000000001,swap,notBad
15532,4,582.34,4,580.4900000000001,2opt,improve
15533,4,582.34,4,580.4900000000001,2opt,notBad
15534,4,582.34,4,580.4900000000001,move,improve
15535,4,582.34,4,580.4900000000001,swap,notBad
15536,4,582.34,4,580.4900000000001,move,improve
15537,4,582.34,4,580.4900000000001,2opt,notBad
15538,4,582.34,4,580.4900000000001,2opt,notBad
15539,4,582.34,4,580.4900000000001,move,improve
15540,4,582.34,4,580.4900000000001,swap,notBad
15541,4,582.34,4,580.4900000000001,swap,notBad
15542,4,582.34,4,580.4900000000001,2opt,notBad
15543,4,582.34,4,580.4900000000001,move,improve
15544,4,582.34,4,580.4900000000001,swap,notBad
15545,4,582.34,4,580.4900000000001,swap,notBad
15546,4,582.34,4,580.4900000000001,swap,notBad
15547,4,582.34,4,580.4900000000001,move,improve
15548,4,582.34,4,580.4900000000001,2opt,notBad
15549,4,582.34,4,580.4900000000001,move,improve
15550,4,582.34,4,580.4900000000001,swap,notBad
15551,4,582.34,4,580.4900000000001,move,improve
15552,4,582.34,4,580.4900000000001,2opt,improve
15553,4,582.34,4,580.4900000000001,move,improve
15554,4,582.34,4,580.4900000000001,2opt,notBad
15555,4,582.34,4,580.4900000000001,swap,notBad
15556,4,582.34,4,580.4900000000001,2opt,notBad
15557,4,582.34,4,580.4900000000001,swap,notBad
15558,4,582.34,4,580.4900000000001,move,improve
15559,4,582.34,4,580.4900000000001,move,improve
15560,4,582.34,4,580.4900000000001,move,improve
15561,4,582.34,4,580.4900000000001,2opt,notBad
15562,4,582.34,4,580.4900000000001,swap,notBad
15563,4,582.34,4,580.4900000000001,swap,notBad
15564,4,582.34,4,580.4900000000001,2opt,notBad
15565,4,582.34,4,580.4900000000001,2opt,notBad
15566,4,582.34,4,580.4900000000001,move,improve
15567,4,582.34,4,580.4900000000001,swap,notBad
15568,4,582.34,4,580.4900000000001,2opt,notBad
15569,4,582.34,4,580.4900000000001,swap,notBad
15570,4,582.34,4,580.4900000000001,2opt,notBad
15571,4,582.34,4,580.4900000000001,swap,notBad
15572,4,582.34,4,580.4900000000001,swap,notBad
15573,4,582.34,4,580.4900000000001,2opt,notBad
15574,4,582.34,4,580.4900000000001,swap,notBad
15575,4,582.34,4,580.4900000000001,2opt,notBad
15576,4,582.34,4,580.4900000000001,2opt,improve
15577,4,582.34,4,580.4900000000001,2opt,notBad
15578,4,582.34,4,580.4900000000001,2opt,notBad
15579,4,582.34,4,580.4900000000001,2opt,notBad
15580,4,582.34,4,580.4900000000001,move,improve
15581,4,582.34,4,580.4900000000001,2opt,notBad
15582,4,582.34,4,580.4900000000001,move,improve
15583,4,582.34,4,580.4900000000001,move,improve
15584,4,582.34,4,580.4900000000001,2opt,notBad
15585,4,582.34,4,580.4900000000001,move,improve
15586,4,582.34,4,580.4900000000001,2opt,notBad
15587,4,582.34,4,580.4900000000001,swap,notBad
15588,4,582.34,4,580.4900000000001,move,improve
15589,4,582.34,4,580.4900000000001,2opt,notBad
15590,4,582.34,4,580.4900000000001,2opt,notBad
15591,4,582.34,4,580.4900000000001,swap,notBad
15592,4,582.34,4,580.4900000000001,2opt,notBad
15593,4,582.34,4,580.4900000000001,swap,notBad
15594,4,582.34,4,580.4900000000001,move,improve
15595,4,582.34,4,580.4900000000001,2opt,notBad
15596,4,582.34,4,580.4900000000001,move,improve
15597,4,582.34,4,580.4900000000001,swap,notBad
15598,4,582.34,4,580.4900000000001,move,improve
15599,4,582.34,4,580.4900000000001,swap,notBad
15600,4,582.34,4,580.4900000000001,swap,notBad
15601,4,582.34,4,580.4900000000001,move,improve
15602,4,582.34,4,580.4900000000001,swap,notBad
15603,4,582.34,4,580.4900000000001,move,improve
15604,4,582.34,4,580.4900000000001,move,improve
15605,4,582.34,4,580.4900000000001,move,improve
15606,4,582.34,4,580.4900000000001,2opt,notBad
15607,4,582.34,4,580.4900000000001,swap,notBad
15608,4,581.74,4,580.4900000000001,move,improve
15609,4,581.74,4,580.4900000000001,swap,notBad
15610,4,581.74,4,580.4900000000001,move,improve
15611,4,581.74,4,580.4900000000001,2opt,notBad
15612,4,581.74,4,580.4900000000001,swap,notBad
15613,4,581.74,4,580.4900000000001,move,improve
15614,4,581.74,4,580.4900000000001,move,improve
15615,4,581.74,4,580.4900000000001,swap,notBad
15616,4,581.74,4,580.4900000000001,move,improve
15617,4,581.74,4,580.4900000000001,2opt,notBad
15618,4,581.74,4,580.4900000000001,move,improve
15619,4,581.74,4,580.4900000000001,swap,notBad
15620,4,581.74,4,580.4900000000001,2opt,notBad
15621,4,581.74,4,580.4900000000001,2opt,notBad
15622,4,581.74,4,580.4900000000001,2opt,notBad
15623,4,581.74,4,580.4900000000001,2opt,notBad
15624,4,581.74,4,580.4900000000001,swap,notBad
15625,4,581.74,4,580.4900000000001,2opt,notBad
15626,4,581.74,4,580.4900000000001,move,improve
15627,4,581.74,4,580.4900000000001,move,improve
15628,4,581.74,4,580.4900000000001,swap,notBad
15629,4,581.74,4,580.4900000000001,move,improve
15630,4,581.74,4,580.4900000000001,move,improve
15631,4,581.74,4,580.4900000000001,2opt,notBad
15632,4,581.74,4,580.4900000000001,2opt,notBad
15633,4,581.74,4,580.4900000000001,swap,notBad
15634,4,581.74,4,580.4900000000001,move,improve
15635,4,581.74,4,580.4900000000001,2opt,notBad
15636,4,581.74,4,580.4900000000001,move,improve
15637,4,581.74,4,580.4900000000001,swap,notBad
15638,4,581.74,4,580.4900000000001,swap,notBad
15639,4,581.74,4,580.4900000000001,swap,notBad
15640,4,581.74,4,580.4900000000001,move,improve
15641,4,581.74,4,580.4900000000001,swap,notBad
15642,4,581.74,4,580.4900000000001,2opt,notBad
15643,4,581.74,4,580.4900000000001,2opt,notBad
15644,4,581.74,4,580.4900000000001,move,improve
15645,4,581.74,4,580.4900000000001,2opt,notBad
15646,4,581.74,4,580.4900000000001,move,improve
15647,4,581.74,4,580.4900000000001,swap,notBad
15648,4,581.74,4,580.4900000000001,move,improve
15649,4,581.74,4,580.4900000000001,2opt,notBad
15650,4,581.74,4,580.4900000000001,move,improve
15651,4,581.74,4,580.4900000000001,swap,notBad
15652,4,581.74,4,580.4900000000001,2opt,improve
15653,4,581.74,4,580.4900000000001,swap,notBad
15654,4,581.74,4,580.4900000000001,move,improve
15655,4,581.74,4,580.4900000000001,2opt,notBad
15656,4,581.74,4,580.4900000000001,swap,notBad
15657,4,581.74,4,580.4900000000001,swap,notBad
15658,4,581.74,4,580.4900000000001,2opt,notBad
15659,4,581.74,4,580.4900000000001,move,improve
15660,4,581.74,4,580.4900000000001,move,improve
15661,4,581.74,4,580.4900000000001,move,improve
15662,4,581.74,4,580.4900000000001,swap,notBad
15663,4,581.74,4,580.4900000000001,2opt,notBad
15664,4,581.74,4,580.4900000000001,swap,notBad
15665,4,581.74,4,580.4900000000001,2opt,notBad
15666,4,581.74,4,580.4900000000001,move,improve
15667,4,581.74,4,580.4900000000001,2opt,notBad
15668,4,581.74,4,580.4900000000001,2opt,notBad
15669,4,581.74,4,580.4900000000001,move,improve
15670,4,581.74,4,580.4900000000001,move,improve
15671,4,581.74,4,580.4900000000001,swap,notBad
15672,4,581.74,4,580.4900000000001,move,improve
15673,4,581.74,4,580.4900000000001,swap,notBad
15674,4,581.74,4,580.4900000000001,move,improve
15675,4,581.74,4,580.4900000000001,move,improve
15676,4,581.74,4,580.4900000000001,2opt,notBad
15677,4,581.74,4,580.4900000000001,2opt,notBad
15678,4,581.74,4,580.4900000000001,swap,notBad
15679,4,582.34,4,580.4900000000001,move,acceptBad
15680,4,582.34,4,580.4900000000001,swap,notBad
15681,4,582.34,4,580.4900000000001,move,improve
15682,4,582.34,4,580.4900000000001,swap,notBad
15683,4,582.34,4,580.4900000000001,move,improve
15684,4,582.34,4,580.4900000000001,2opt,notBad
15685,4,582.34,4,580.4900000000001,swap,notBad
15686,4,582.34,4,580.4900000000001,2opt,notBad
15687,4,582.34,4,580.4900000000001,swap,notBad
15688,4,582.34,4,580.4900000000001,2opt,notBad
15689,4,582.34,4,580.4900000000001,2opt,notBad
15690,4,582.34,4,580.4900000000001,2opt,notBad
15691,4,582.34,4,580.4900000000001,swap,notBad
15692,4,582.34,4,580.4900000000001,swap,notBad
15693,4,582.34,4,580.4900000000001,swap,notBad
15694,4,582.34,4,580.4900000000001,swap,notBad
15695,4,582.34,4,580.4900000000001,swap,notBad
15696,4,582.34,4,580.4900000000001,swap,notBad
15697,4,582.34,4,580.4900000000001,move,improve
15698,4,582.34,4,580.4900000000001,swap,notBad
15699,4,582.34,4,580.4900000000001,swap,notBad
15700,4,582.34,4,580.4900000000001,2opt,improve
15701,4,582.34,4,580.4900000000001,swap,notBad
15702,4,582.34,4,580.4900000000001,move,improve
15703,4,582.34,4,580.4900000000001,2opt,notBad
15704,4,582.34,4,580.4900000000001,2opt,improve
15705,4,582.34,4,580.4900000000001,2opt,notBad
15706,4,582.34,4,580.4900000000001,2opt,notBad
15707,4,582.34,4,580.4900000000001,swap,notBad
15708,4,582.34,4,580.4900000000001,swap,notBad
15709,4,582.34,4,580.4900000000001,2opt,notBad
15710,4,582.34,4,580.4900000000001,swap,notBad
15711,4,582.34,4,580.4900000000001,2opt,notBad
15712,4,582.34,4,580.4900000000001,swap,notBad
15713,4,582.34,4,580.4900000000001,swap,notBad
15714,4,582.34,4,580.4900000000001,swap,notBad
15715,4,582.34,4,580.4900000000001,swap,notBad
15716,4,582.34,4,580.4900000000001,2opt,notBad
15717,4,582.34,4,580.4900000000001,swap,notBad
15718,4,582.34,4,580.4900000000001,2opt,improve
15719,4,582.34,4,580.4900000000001,2opt,notBad
15720,4,582.34,4,580.4900000000001,2opt,notBad
15721,4,582.34,4,580.4900000000001,swap,notBad
15722,4,582.34,4,580.4900000000001,2opt,notBad
15723,4,582.34,4,580.4900000000001,swap,notBad
15724,4,582.34,4,580.4900000000001,move,improve
15725,4,582.34,4,580.4900000000001,2opt,notBad
15726,4,582.34,4,580.4900000000001,2opt,notBad
15727,4,582.34,4,580.4900000000001,swap,notBad
15728,4,582.34,4,580.4900000000001,2opt,notBad
15729,4,582.34,4,580.4900000000001,2opt,notBad
15730,4,582.34,4,580.4900000000001,move,improve
15731,4,582.34,4,580.4900000000001,move,improve
15732,4,582.34,4,580.4900000000001,2opt,notBad
15733,4,582.34,4,580.4900000000001,move,improve
15734,4,582.34,4,580.4900000000001,move,improve
15735,4,582.34,4,580.4900000000001,swap,notBad
15736,4,582.34,4,580.4900000000001,2opt,notBad
15737,4,582.34,4,580.4900000000001,swap,notBad
15738,4,582.34,4,580.4900000000001,move,improve
15739,4,582.34,4,580.4900000000001,2opt,notBad
15740,4,582.34,4,580.4900000000001,2opt,notBad
15741,4,582.34,4,580.4900000000001,2opt,notBad
15742,4,582.34,4,580.4900000000001,2opt,notBad
15743,4,582.34,4,580.4900000000001,swap,notBad
15744,4,582.34,4,580.4900000000001,2opt,notBad
15745,4,582.34,4,580.4900000000001,2opt,notBad
15746,4,582.34,4,580.4900000000001,2opt,notBad
15747,4,582.34,4,580.4900000000001,2opt,notBad
15748,4,582.34,4,580.4900000000001,2opt,notBad
15749,4,582.34,4,580.4900000000001,move,improve
15750,4,582.34,4,580.4900000000001,2opt,notBad
15751,4,582.34,4,580.4900000000001,swap,notBad
15752,4,582.34,4,580.4900000000001,2opt,notBad
15753,4,582.34,4,580.4900000000001,2opt,notBad
15754,4,582.34,4,580.4900000000001,2opt,notBad
15755,4,582.34,4,580.4900000000001,2opt,notBad
15756,4,582.34,4,580.4900000000001,2opt,notBad
15757,4,582.34,4,580.4900000000001,swap,notBad
15758,4,582.34,4,580.4900000000001,swap,notBad
15759,4,582.34,4,580.4900000000001,move,improve
15760,4,582.34,4,580.4900000000001,2opt,improve
15761,4,582.34,4,580.4900000000001,move,improve
15762,4,582.34,4,580.4900000000001,2opt,notBad
15763,4,582.34,4,580.4900000000001,move,improve
15764,4,582.34,4,580.4900000000001,move,improve
15765,4,582.34,4,580.4900000000001,2opt,notBad
15766,4,582.34,4,580.4900000000001,2opt,notBad
15767,4,582.34,4,580.4900000000001,swap,notBad
15768,4,582.34,4,580.4900000000001,2opt,notBad
15769,4,582.34,4,580.4900000000001,2opt,notBad
15770,4,582.34,4,580.4900000000001,swap,notBad
15771,4,582.34,4,580.4900000000001,2opt,notBad
15772,4,582.34,4,580.4900000000001,swap,notBad
15773,4,582.34,4,580.4900000000001,swap,notBad
15774,4,582.34,4,580.4900000000001,move,improve
15775,4,582.34,4,580.4900000000001,move,improve
15776,4,582.34,4,580.4900000000001,swap,notBad
15777,4,582.34,4,580.4900000000001,2opt,notBad
15778,4,582.34,4,580.4900000000001,move,improve
15779,4,582.34,4,580.4900000000001,move,improve
15780,4,582.34,4,580.4900000000001,swap,notBad
15781,4,582.34,4,580.4900000000001,2opt,notBad
15782,4,582.34,4,580.4900000000001,move,improve
15783,4,582.34,4,580.4900000000001,2opt,notBad
15784,4,582.34,4,580.4900000000001,swap,notBad
15785,4,582.34,4,580.4900000000001,2opt,notBad
15786,4,582.34,4,580.4900000000001,swap,notBad
15787,4,582.34,4,580.4900000000001,move,improve
15788,4,582.34,4,580.4900000000001,move,improve
15789,4,582.34,4,580.4900000000001,2opt,notBad
15790,4,582.34,4,580.4900000000001,swap,notBad
15791,4,582.34,4,580.4900000000001,move,improve
15792,4,582.34,4,580.4900000000001,2opt,notBad
15793,4,582.34,4,580.4900000000001,move,improve
15794,4,582.34,4,580.4900000000001,swap,notBad
15795,4,582.34,4,580.4900000000001,swap,notBad
15796,4,582.34,4,580.4900000000001,swap,notBad
15797,4,582.34,4,580.4900000000001,2opt,notBad
15798,4,582.34,4,580.4900000000001,2opt,notBad
15799,4,582.34,4,580.4900000000001,swap,notBad
15800,4,582.34,4,580.4900000000001,move,improve
15801,4,582.34,4,580.4900000000001,swap,notBad
15802,4,582.34,4,580.4900000000001,2opt,notBad
15803,4,582.34,4,580.4900000000001,move,improve
15804,4,582.34,4,580.4900000000001,swap,notBad
15805,4,582.34,4,580.4900000000001,move,improve
15806,4,581.74,4,580.4900000000001,move,improve
15807,4,581.74,4,580.4900000000001,2opt,notBad
15808,4,581.74,4,580.4900000000001,move,improve
15809,4,581.74,4,580.4900000000001,swap,notBad
15810,4,581.74,4,580.4900000000001,move,improve
15811,4,581.74,4,580.4900000000001,2opt,notBad
15812,4,581.74,4,580.4900000000001,swap,notBad
15813,4,581.74,4,580.4900000000001,swap,notBad
15814,4,581.74,4,580.4900000000001,2opt,notBad
15815,4,581.74,4,580.4900000000001,move,improve
15816,4,581.74,4,580.4900000000001,2opt,notBad
15817,4,581.74,4,580.4900000000001,swap,notBad
15818,4,581.74,4,580.4900000000001,swap,notBad
15819,4,581.74,4,580.4900000000001,swap,notBad
15820,4,581.74,4,580.4900000000001,swap,notBad
15821,4,581.74,4,580.4900000000001,swap,notBad
15822,4,581.74,4,580.4900000000001,move,improve
15823,4,581.74,4,580.4900000000001,2opt,notBad
15824,4,581.74,4,580.4900000000001,2opt,improve
15825,4,581.74,4,580.4900000000001,move,improve
15826,4,581.74,4,580.4900000000001,2opt,notBad
15827,4,581.74,4,580.4900000000001,move,improve
15828,4,581.74,4,580.4900000000001,2opt,notBad
15829,4,581.74,4,580.4900000000001,2opt,notBad
15830,4,581.74,4,580.4900000000001,swap,notBad
15831,4,581.74,4,580.4900000000001,move,improve
15832,4,581.74,4,580.4900000000001,move,improve
15833,4,581.74,4,580.4900000000001,swap,notBad
15834,4,581.74,4,580.4900000000001,move,improve
15835,4,581.74,4,580.4900000000001,2opt,notBad
15836,4,581.74,4,580.4900000000001,move,improve
15837,4,581.74,4,580.4900000000001,move,improve
15838,4,581.74,4,580.4900000000001,move,improve
15839,4,581.74,4,580.4900000000001,move,improve
15840,4,581.74,4,580.4900000000001,move,improve
15841,4,581.74,4,580.4900000000001,swap,notBad
15842,4,581.74,4,580.4900000000001,move,improve
15843,4,581.74,4,580.4900000000001,move,improve
15844,4,581.74,4,580.4900000000001,swap,notBad
15845,4,581.74,4,580.4900000000001,move,improve
15846,4,581.74,4,580.4900000000001,move,improve
15847,4,581.74,4,580.4900000000001,2opt,notBad
15848,4,581.74,4,580.4900000000001,2opt,notBad
15849,4,581.74,4,580.4900000000001,move,improve
15850,4,581.74,4,580.4900000000001,swap,notBad
15851,4,581.74,4,580.4900000000001,swap,notBad
15852,4,581.74,4,580.4900000000001,swap,notBad
15853,4,581.74,4,580.4900000000001,move,improve
15854,4,581.74,4,580.4900000000001,2opt,notBad
15855,4,581.74,4,580.4900000000001,swap,notBad
15856,4,581.74,4,580.4900000000001,2opt,improve
15857,4,581.74,4,580.4900000000001,swap,notBad
15858,4,581.74,4,580.4900000000001,swap,notBad
15859,4,581.74,4,580.4900000000001,swap,notBad
15860,4,581.74,4,580.4900000000001,swap,notBad
15861,4,581.74,4,580.4900000000001,2opt,notBad
15862,4,581.74,4,580.4900000000001,2opt,notBad
15863,4,581.74,4,580.4900000000001,move,improve
15864,4,581.74,4,580.4900000000001,move,improve
15865,4,581.74,4,580.4900000000001,move,improve
15866,4,581.74,4,580.4900000000001,move,improve
15867,4,581.74,4,580.4900000000001,move,improve
15868,4,581.74,4,580.4900000000001,swap,notBad
15869,4,581.74,4,580.4900000000001,2opt,notBad
15870,4,581.74,4,580.4900000000001,2opt,improve
15871,4,581.74,4,580.4900000000001,move,improve
15872,4,581.74,4,580.4900000000001,move,improve
15873,4,581.74,4,580.4900000000001,2opt,notBad
15874,4,581.74,4,580.4900000000001,2opt,notBad
15875,4,581.74,4,580.4900000000001,swap,notBad
15876,4,581.74,4,580.4900000000001,move,improve
15877,4,581.74,4,580.4900000000001,move,improve
15878,4,581.74,4,580.4900000000001,2opt,notBad
15879,4,581.74,4,580.4900000000001,2opt,notBad
15880,4,581.74,4,580.4900000000001,move,improve
15881,4,581.74,4,580.4900000000001,swap,notBad
15882,4,581.74,4,580.4900000000001,move,improve
15883,4,581.74,4,580.4900000000001,swap,notBad
15884,4,581.74,4,580.4900000000001,move,improve
15885,4,581.74,4,580.4900000000001,2opt,notBad
15886,4,581.74,4,580.4900000000001,move,improve
15887,4,581.74,4,580.4900000000001,move,improve
15888,4,581.74,4,580.4900000000001,2opt,notBad
15889,4,581.74,4,580.4900000000001,swap,notBad
15890,4,581.74,4,580.4900000000001,swap,notBad
15891,4,581.74,4,580.4900000000001,move,improve
15892,4,581.74,4,580.4900000000001,2opt,notBad
15893,4,581.74,4,580.4900000000001,swap,notBad
15894,4,581.74,4,580.4900000000001,2opt,notBad
15895,4,581.74,4,580.4900000000001,swap,notBad
15896,4,581.74,4,580.4900000000001,swap,notBad
15897,4,581.74,4,580.4900000000001,swap,notBad
15898,4,581.74,4,580.4900000000001,2opt,notBad
15899,4,581.26,4,580.4900000000001,swap,improve
15900,4,581.26,4,580.4900000000001,swap,notBad
15901,4,581.26,4,580.4900000000001,swap,notBad
15902,4,581.26,4,580.4900000000001,swap,notBad
15903,4,581.26,4,580.4900000000001,2opt,notBad
15904,4,581.26,4,580.4900000000001,2opt,notBad
15905,4,581.26,4,580.4900000000001,swap,notBad
15906,4,581.26,4,580.4900000000001,move,improve
15907,4,581.26,4,580.4900000000001,move,improve
15908,4,581.26,4,580.4900000000001,swap,notBad
15909,4,581.26,4,580.4900000000001,2opt,notBad
15910,4,581.26,4,580.4900000000001,move,improve
15911,4,581.26,4,580.4900000000001,2opt,notBad
15912,4,581.26,4,580.4900000000001,swap,notBad
15913,4,581.26,4,580.4900000000001,swap,notBad
15914,4,581.26,4,580.4900000000001,2opt,notBad
15915,4,581.26,4,580.4900000000001,2opt,notBad
15916,4,581.26,4,580.4900000000001,move,improve
15917,4,581.26,4,580.4900000000001,2opt,notBad
15918,4,581.26,4,580.4900000000001,2opt,notBad
15919,4,581.26,4,580.4900000000001,move,improve
15920,4,581.86,4,580.4900000000001,move,acceptBad
15921,4,581.86,4,580.4900000000001,2opt,notBad
15922,4,581.86,4,580.4900000000001,move,improve
15923,4,581.86,4,580.4900000000001,swap,notBad
15924,4,581.86,4,580.4900000000001,swap,notBad
15925,4,581.86,4,580.4900000000001,2opt,notBad
15926,4,581.86,4,580.4900000000001,2opt,notBad
15927,4,581.86,4,580.4900000000001,swap,notBad
15928,4,581.86,4,580.4900000000001,2opt,notBad
15929,4,581.86,4,580.4900000000001,move,improve
15930,4,581.86,4,580.4900000000001,move,improve
15931,4,581.86,4,580.4900000000001,2opt,improve
15932,4,581.86,4,580.4900000000001,swap,notBad
15933,4,581.86,4,580.4900000000001,swap,notBad
15934,4,581.86,4,580.4900000000001,swap,notBad
15935,4,581.86,4,580.4900000000001,move,improve
15936,4,581.86,4,580.4900000000001,2opt,notBad
15937,4,581.26,4,580.4900000000001,move,improve
15938,4,581.26,4,580.4900000000001,2opt,notBad
15939,4,581.26,4,580.4900000000001,2opt,notBad
15940,4,581.26,4,580.4900000000001,move,improve
15941,4,581.26,4,580.4900000000001,2opt,notBad
15942,4,581.26,4,580.4900000000001,move,improve
15943,4,581.26,4,580.4900000000001,swap,notBad
15944,4,581.26,4,580.4900000000001,2opt,notBad
15945,4,581.26,4,580.4900000000001,2opt,notBad
15946,4,581.26,4,580.4900000000001,2opt,notBad
15947,4,581.26,4,580.4900000000001,swap,notBad
15948,4,581.26,4,580.4900000000001,move,improve
15949,4,581.26,4,580.4900000000001,move,improve
15950,4,581.26,4,580.4900000000001,move,improve
15951,4,581.26,4,580.4900000000001,move,improve
15952,4,581.26,4,580.4900000000001,2opt,notBad
15953,4,581.26,4,580.4900000000001,move,improve
15954,4,581.26,4,580.4900000000001,swap,notBad
15955,4,581.26,4,580.4900000000001,2opt,notBad
15956,4,581.26,4,580.4900000000001,swap,notBad
15957,4,581.26,4,580.4900000000001,2opt,notBad
15958,4,581.26,4,580.4900000000001,swap,notBad
15959,4,581.26,4,580.4900000000001,2opt,notBad
15960,4,581.26,4,580.4900000000001,2opt,notBad
15961,4,581.26,4,580.4900000000001,2opt,notBad
15962,4,581.26,4,580.4900000000001,2opt,notBad
15963,4,581.26,4,580.4900000000001,swap,notBad
15964,4,581.26,4,580.4900000000001,swap,notBad
15965,4,581.26,4,580.4900000000001,2opt,notBad
15966,4,581.26,4,580.4900000000001,2opt,notBad
15967,4,581.26,4,580.4900000000001,swap,notBad
15968,4,581.26,4,580.4900000000001,2opt,notBad
15969,4,581.26,4,580.4900000000001,move,improve
15970,4,581.26,4,580.4900000000001,move,improve
15971,4,581.26,4,580.4900000000001,2opt,notBad
15972,4,581.26,4,580.4900000000001,2opt,notBad
15973,4,581.26,4,580.4900000000001,2opt,notBad
15974,4,581.26,4,580.4900000000001,2opt,notBad
15975,4,581.26,4,580.4900000000001,2opt,notBad
15976,4,581.26,4,580.4900000000001,swap,notBad
15977,4,581.26,4,580.4900000000001,move,improve
15978,4,581.86,4,580.4900000000001,move,acceptBad
15979,4,581.86,4,580.4900000000001,move,improve
15980,4,581.86,4,580.4900000000001,move,improve
15981,4,581.86,4,580.4900000000001,swap,notBad
15982,4,581.86,4,580.4900000000001,2opt,notBad
15983,4,581.86,4,580.4900000000001,move,improve
15984,4,581.86,4,580.4900000000001,move,improve
15985,4,581.86,4,580.4900000000001,swap,notBad
15986,4,581.86,4,580.4900000000001,swap,notBad
15987,4,581.86,4,580.4900000000001,move,improve
15988,4,581.86,4,580.4900000000001,2opt,notBad
15989,4,581.86,4,580.4900000000001,move,improve
15990,4,581.86,4,580.4900000000001,2opt,notBad
15991,4,581.86,4,580.4900000000001,2opt,notBad
15992,4,581.86,4,580.4900000000001,move,improve
15993,4,581.86,4,580.4900000000001,swap,notBad
15994,4,581.86,4,580.4900000000001,move,improve
15995,4,581.86,4,580.4900000000001,swap,notBad
15996,4,581.86,4,580.4900000000001,2opt,notBad
15997,4,581.86,4,580.4900000000001,move,improve
15998,4,581.86,4,580.4900000000001,swap,notBad
15999,4,581.86,4,580.4900000000001,2opt,notBad
16000,4,581.86,4,580.4900000000001,swap,notBad
16001,4,581.86,4,580.4900000000001,2opt,notBad
16002,4,581.86,4,580.4900000000001,move,improve
16003,4,581.86,4,580.4900000000001,move,improve
16004,4,581.86,4,580.4900000000001,swap,notBad
16005,4,581.86,4,580.4900000000001,2opt,notBad
16006,4,581.86,4,580.4900000000001,2opt,notBad
16007,4,581.26,4,580.4900000000001,move,improve
16008,4,581.26,4,580.4900000000001,move,improve
16009,4,581.26,4,580.4900000000001,2opt,notBad
16010,4,581.26,4,580.4900000000001,swap,notBad
16011,4,581.26,4,580.4900000000001,move,improve
16012,4,581.26,4,580.4900000000001,move,improve
16013,4,581.26,4,580.4900000000001,move,improve
16014,4,581.26,4,580.4900000000001,2opt,notBad
16015,4,581.26,4,580.4900000000001,swap,notBad
16016,4,581.26,4,580.4900000000001,2opt,notBad
16017,4,581.26,4,580.4900000000001,2opt,notBad
16018,4,581.26,4,580.4900000000001,2opt,notBad
16019,4,581.26,4,580.4900000000001,swap,notBad
16020,4,581.26,4,580.4900000000001,2opt,notBad
16021,4,581.26,4,580.4900000000001,2opt,notBad
16022,4,581.26,4,580.4900000000001,swap,notBad
16023,4,581.26,4,580.4900000000001,swap,notBad
16024,4,581.26,4,580.4900000000001,swap,notBad
16025,4,581.26,4,580.4900000000001,2opt,notBad
16026,4,581.26,4,580.4900000000001,move,improve
16027,4,581.26,4,580.4900000000001,move,improve
16028,4,581.26,4,580.4900000000001,move,improve
16029,4,581.26,4,580.4900000000001,swap,notBad
16030,4,581.26,4,580.4900000000001,swap,notBad
16031,4,581.26,4,580.4900000000001,move,improve
16032,4,581.26,4,580.4900000000001,2opt,notBad
16033,4,581.26,4,580.4900000000001,move,improve
16034,4,581.26,4,580.4900000000001,swap,notBad
16035,4,581.26,4,580.4900000000001,move,improve
16036,4,581.26,4,580.4900000000001,2opt,notBad
16037,4,581.26,4,580.4900000000001,swap,notBad
16038,4,581.26,4,580.4900000000001,2opt,notBad
16039,4,581.26,4,580.4900000000001,swap,notBad
16040,4,581.26,4,580.4900000000001,2opt,notBad
16041,4,581.26,4,580.4900000000001,move,improve
16042,4,581.26,4,580.4900000000001,move,improve
16043,4,581.26,4,580.4900000000001,move,improve
16044,4,581.26,4,580.4900000000001,move,improve
16045,4,581.26,4,580.4900000000001,2opt,notBad
16046,4,581.26,4,580.4900000000001,2opt,notBad
16047,4,581.26,4,580.4900000000001,swap,notBad
16048,4,581.26,4,580.4900000000001,2opt,notBad
16049,4,581.26,4,580.4900000000001,move,improve
16050,4,581.26,4,580.4900000000001,2opt,improve
16051,4,581.26,4,580.4900000000001,move,improve
16052,4,581.26,4,580.4900000000001,move,improve
16053,4,581.26,4,580.4900000000001,swap,notBad
16054,4,581.26,4,580.4900000000001,2opt,notBad
16055,4,581.26,4,580.4900000000001,swap,notBad
16056,4,581.26,4,580.4900000000001,swap,notBad
16057,4,581.26,4,580.4900000000001,2opt,notBad
16058,4,581.26,4,580.4900000000001,2opt,improve
16059,4,581.26,4,580.4900000000001,2opt,notBad
16060,4,581.26,4,580.4900000000001,2opt,notBad
16061,4,581.26,4,580.4900000000001,2opt,notBad
16062,4,581.26,4,580.4900000000001,2opt,notBad
16063,4,581.26,4,580.4900000000001,move,improve
16064,4,581.26,4,580.4900000000001,2opt,notBad
16065,4,581.26,4,580.4900000000001,2opt,improve
16066,4,581.26,4,580.4900000000001,move,improve
16067,4,581.26,4,580.4900000000001,move,improve
16068,4,581.26,4,580.4900000000001,swap,notBad
16069,4,581.26,4,580.4900000000001,swap,notBad
16070,4,581.26,4,580.4900000000001,move,improve
16071,4,581.26,4,580.4900000000001,move,improve
16072,4,581.26,4,580.4900000000001,2opt,notBad
16073,4,581.26,4,580.4900000000001,swap,notBad
16074,4,581.26,4,580.4900000000001,swap,notBad
16075,4,581.26,4,580.4900000000001,swap,notBad
16076,4,581.26,4,580.4900000000001,move,improve
16077,4,581.26,4,580.4900000000001,swap,notBad
16078,4,581.26,4,580.4900000000001,2opt,notBad
16079,4,581.26,4,580.4900000000001,move,improve
16080,4,581.26,4,580.4900000000001,move,improve
16081,4,581.26,4,580.4900000000001,2opt,notBad
16082,4,581.26,4,580.4900000000001,swap,notBad
16083,4,581.26,4,580.4900000000001,move,improve
16084,4,581.26,4,580.4900000000001,2opt,notBad
16085,4,581.26,4,580.4900000000001,2opt,notBad
16086,4,581.26,4,580.4900000000001,move,improve
16087,4,581.26,4,580.4900000000001,move,improve
16088,4,581.26,4,580.4900000000001,move,improve
16089,4,581.26,4,580.4900000000001,swap,notBad
16090,4,581.26,4,580.4900000000001,swap,notBad
16091,4,581.26,4,580.4900000000001,move,improve
16092,4,581.26,4,580.4900000000001,move,improve
16093,4,581.26,4,580.4900000000001,swap,notBad
16094,4,581.26,4,580.4900000000001,move,improve
16095,4,581.26,4,580.4900000000001,2opt,notBad
16096,4,581.26,4,580.4900000000001,swap,notBad
16097,4,581.26,4,580.4900000000001,swap,notBad
16098,4,581.26,4,580.4900000000001,2opt,notBad
16099,4,581.26,4,580.4900000000001,move,improve
16100,4,581.26,4,580.4900000000001,swap,notBad
16101,4,581.26,4,580.4900000000001,swap,notBad
16102,4,581.26,4,580.4900000000001,2opt,notBad
16103,4,581.26,4,580.4900000000001,2opt,notBad
16104,4,581.26,4,580.4900000000001,swap,notBad
16105,4,581.26,4,580.4900000000001,swap,notBad
16106,4,581.26,4,580.4900000000001,2opt,notBad
16107,4,581.26,4,580.4900000000001,2opt,notBad
16108,4,581.26,4,580.4900000000001,2opt,notBad
16109,4,581.26,4,580.4900000000001,move,improve
16110,4,581.26,4,580.4900000000001,move,improve
16111,4,581.26,4,580.4900000000001,swap,notBad
16112,4,581.26,4,580.4900000000001,swap,notBad
16113,4,581.26,4,580.4900000000001,2opt,improve
16114,4,581.26,4,580.4900000000001,2opt,notBad
16115,4,581.26,4,580.4900000000001,swap,notBad
16116,4,581.26,4,580.4900000000001,move,improve
16117,4,581.26,4,580.4900000000001,swap,notBad
16118,4,581.26,4,580.4900000000001,move,improve
16119,4,581.26,4,580.4900000000001,swap,notBad
16120,4,581.26,4,580.4900000000001,move,improve
16121,4,581.26,4,580.4900000000001,move,improve
16122,4,581.26,4,580.4900000000001,move,improve
16123,4,581.26,4,580.4900000000001,swap,notBad
16124,4,581.26,4,580.4900000000001,2opt,notBad
16125,4,581.26,4,580.4900000000001,swap,notBad
16126,4,581.26,4,580.4900000000001,move,improve
16127,4,581.26,4,580.4900000000001,move,improve
16128,4,581.26,4,580.4900000000001,move,improve
16129,4,581.26,4,580.4900000000001,2opt,notBad
16130,4,581.26,4,580.4900000000001,swap,notBad
16131,4,581.26,4,580.4900000000001,swap,notBad
16132,4,581.26,4,580.4900000000001,2opt,notBad
16133,4,581.26,4,580.4900000000001,2opt,notBad
16134,4,581.26,4,580.4900000000001,move,improve
16135,4,581.26,4,580.4900000000001,move,improve
16136,4,581.26,4,580.4900000000001,2opt,notBad
16137,4,581.26,4,580.4900000000001,swap,notBad
16138,4,581.26,4,580.4900000000001,swap,notBad
16139,4,581.26,4,580.4900000000001,2opt,notBad
16140,4,581.26,4,580.4900000000001,swap,notBad
16141,4,581.26,4,580.4900000000001,swap,notBad
16142,4,581.26,4,580.4900000000001,swap,notBad
16143,4,581.26,4,580.4900000000001,2opt,notBad
16144,4,581.26,4,580.4900000000001,swap,notBad
16145,4,581.26,4,580.4900000000001,swap,notBad
16146,4,581.26,4,580.4900000000001,2opt,notBad
16147,4,581.26,4,580.4900000000001,swap,notBad
16148,4,581.26,4,580.4900000000001,swap,notBad
16149,4,581.26,4,580.4900000000001,swap,notBad
16150,4,581.26,4,580.4900000000001,2opt,improve
16151,4,581.26,4,580.4900000000001,move,improve
16152,4,581.26,4,580.4900000000001,2opt,notBad
16153,4,581.26,4,580.4900000000001,move,improve
16154,4,581.26,4,580.4900000000001,2opt,notBad
16155,4,581.26,4,580.4900000000001,2opt,notBad
16156,4,581.26,4,580.4900000000001,swap,notBad
16157,4,581.26,4,580.4900000000001,move,notBad
16158,4,581.26,4,580.4900000000001,2opt,notBad
16159,4,581.26,4,580.4900000000001,swap,notBad
16160,4,581.26,4,580.4900000000001,2opt,notBad
16161,4,581.26,4,580.4900000000001,2opt,notBad
16162,4,581.26,4,580.4900000000001,move,improve
16163,4,581.26,4,580.4900000000001,2opt,notBad
16164,4,581.26,4,580.4900000000001,2opt,notBad
16165,4,581.26,4,580.4900000000001,swap,notBad
16166,4,581.26,4,580.4900000000001,swap,notBad
16167,4,581.26,4,580.4900000000001,2opt,improve
16168,4,581.26,4,580.4900000000001,swap,notBad
16169,4,581.26,4,580.4900000000001,2opt,notBad
16170,4,581.26,4,580.4900000000001,swap,notBad
16171,4,581.26,4,580.4900000000001,move,improve
16172,4,581.26,4,580.4900000000001,swap,notBad
16173,4,581.26,4,580.4900000000001,move,improve
16174,4,581.26,4,580.4900000000001,move,improve
16175,4,581.26,4,580.4900000000001,move,improve
16176,4,581.26,4,580.4900000000001,swap,notBad
16177,4,581.26,4,580.4900000000001,swap,notBad
16178,4,581.26,4,580.4900000000001,swap,notBad
16179,4,581.26,4,580.4900000000001,2opt,notBad
16180,4,581.26,4,580.4900000000001,2opt,notBad
16181,4,581.26,4,580.4900000000001,2opt,notBad
16182,4,581.26,4,580.4900000000001,move,improve
16183,4,581.26,4,580.4900000000001,move,improve
16184,4,581.26,4,580.4900000000001,2opt,notBad
16185,4,581.26,4,580.4900000000001,move,improve
16186,4,581.26,4,580.4900000000001,move,improve
16187,4,581.26,4,580.4900000000001,2opt,notBad
16188,4,581.26,4,580.4900000000001,2opt,notBad
16189,4,581.26,4,580.4900000000001,swap,notBad
16190,4,581.26,4,580.4900000000001,2opt,notBad
16191,4,581.26,4,580.4900000000001,move,improve
16192,4,581.26,4,580.4900000000001,swap,notBad
16193,4,581.26,4,580.4900000000001,move,improve
16194,4,581.26,4,580.4900000000001,2opt,improve
16195,4,581.26,4,580.4900000000001,swap,notBad
16196,4,581.26,4,580.4900000000001,2opt,notBad
16197,4,581.26,4,580.4900000000001,move,improve
16198,4,581.26,4,580.4900000000001,swap,notBad
16199,4,581.26,4,580.4900000000001,swap,notBad
16200,4,581.26,4,580.4900000000001,2opt,notBad
16201,4,581.26,4,580.4900000000001,move,improve
16202,4,581.26,4,580.4900000000001,2opt,notBad
16203,4,581.26,4,580.4900000000001,2opt,notBad
16204,4,581.26,4,580.4900000000001,2opt,notBad
16205,4,581.26,4,580.4900000000001,move,improve
16206,4,581.26,4,580.4900000000001,2opt,improve
16207,4,581.26,4,580.4900000000001,swap,notBad
16208,4,581.26,4,580.4900000000001,swap,notBad
16209,4,581.26,4,580.4900000000001,move,improve
16210,4,581.26,4,580.4900000000001,move,improve
16211,4,581.26,4,580.4900000000001,swap,notBad
16212,4,581.26,4,580.4900000000001,swap,notBad
16213,4,581.26,4,580.4900000000001,2opt,notBad
16214,4,581.26,4,580.4900000000001,move,improve
16215,4,581.26,4,580.4900000000001,swap,notBad
16216,4,581.26,4,580.4900000000001,move,improve
16217,4,581.26,4,580.4900000000001,move,improve
16218,4,581.26,4,580.4900000000001,move,improve
16219,4,581.26,4,580.4900000000001,swap,notBad
16220,4,581.26,4,580.4900000000001,move,improve
16221,4,581.26,4,580.4900000000001,2opt,notBad
16222,4,581.26,4,580.4900000000001,swap,notBad
16223,4,581.26,4,580.4900000000001,move,improve
16224,4,581.26,4,580.4900000000001,move,improve
16225,4,581.26,4,580.4900000000001,move,improve
16226,4,581.26,4,580.4900000000001,swap,notBad
16227,4,581.26,4,580.4900000000001,2opt,improve
16228,4,581.26,4,580.4900000000001,move,improve
16229,4,581.26,4,580.4900000000001,move,improve
16230,4,581.26,4,580.4900000000001,move,improve
16231,4,581.26,4,580.4900000000001,move,improve
16232,4,581.26,4,580.4900000000001,2opt,notBad
16233,4,581.26,4,580.4900000000001,2opt,notBad
16234,4,581.26,4,580.4900000000001,2opt,notBad
16235,4,581.26,4,580.4900000000001,2opt,improve
16236,4,581.26,4,580.4900000000001,2opt,notBad
16237,4,581.26,4,580.4900000000001,move,improve
16238,4,581.26,4,580.4900000000001,move,improve
16239,4,581.26,4,580.4900000000001,2opt,notBad
16240,4,581.26,4,580.4900000000001,move,improve
16241,4,581.26,4,580.4900000000001,move,improve
16242,4,581.26,4,580.4900000000001,move,improve
16243,4,581.26,4,580.4900000000001,swap,notBad
16244,4,581.26,4,580.4900000000001,move,improve
16245,4,581.26,4,580.4900000000001,move,improve
16246,4,581.26,4,580.4900000000001,2opt,notBad
16247,4,581.26,4,580.4900000000001,move,improve
16248,4,581.26,4,580.4900000000001,swap,notBad
16249,4,581.26,4,580.4900000000001,move,improve
16250,4,581.26,4,580.4900000000001,move,improve
16251,4,581.26,4,580.4900000000001,move,improve
16252,4,581.26,4,580.4900000000001,2opt,notBad
16253,4,581.26,4,580.4900000000001,move,improve
16254,4,581.26,4,580.4900000000001,move,improve
16255,4,581.26,4,580.4900000000001,swap,notBad
16256,4,581.26,4,580.4900000000001,swap,notBad
16257,4,581.26,4,580.4900000000001,swap,notBad
16258,4,581.26,4,580.4900000000001,swap,notBad
16259,4,581.26,4,580.4900000000001,swap,notBad
16260,4,581.26,4,580.4900000000001,2opt,notBad
16261,4,581.26,4,580.4900000000001,move,improve
16262,4,581.26,4,580.4900000000001,move,improve
16263,4,581.26,4,580.4900000000001,move,improve
16264,4,581.26,4,580.4900000000001,move,improve
16265,4,581.26,4,580.4900000000001,move,improve
16266,4,581.26,4,580.4900000000001,move,improve
16267,4,581.26,4,580.4900000000001,2opt,notBad
16268,4,581.26,4,580.4900000000001,2opt,notBad
16269,4,581.26,4,580.4900000000001,swap,notBad
16270,4,581.26,4,580.4900000000001,swap,notBad
16271,4,581.26,4,580.4900000000001,move,improve
16272,4,581.26,4,580.4900000000001,move,improve
16273,4,581.26,4,580.4900000000001,move,improve
16274,4,581.26,4,580.4900000000001,swap,notBad
16275,4,581.26,4,580.4900000000001,swap,notBad
16276,4,581.26,4,580.4900000000001,2opt,notBad
16277,4,581.26,4,580.4900000000001,2opt,notBad
16278,4,581.26,4,580.4900000000001,swap,notBad
16279,4,581.26,4,580.4900000000001,2opt,notBad
16280,4,581.26,4,580.4900000000001,2opt,notBad
16281,4,581.26,4,580.4900000000001,2opt,notBad
16282,4,581.26,4,580.4900000000001,2opt,notBad
16283,4,581.26,4,580.4900000000001,swap,notBad
16284,4,581.26,4,580.4900000000001,swap,notBad
16285,4,581.26,4,580.4900000000001,swap,notBad
16286,4,581.26,4,580.4900000000001,swap,notBad
16287,4,581.26,4,580.4900000000001,move,improve
16288,4,581.26,4,580.4900000000001,move,improve
16289,4,581.26,4,580.4900000000001,move,improve
16290,4,581.26,4,580.4900000000001,2opt,notBad
16291,4,581.26,4,580.4900000000001,swap,notBad
16292,4,581.26,4,580.4900000000001,swap,notBad
16293,4,581.26,4,580.4900000000001,move,improve
16294,4,581.26,4,580.4900000000001,move,improve
16295,4,581.26,4,580.4900000000001,swap,notBad
16296,4,581.26,4,580.4900000000001,swap,notBad
16297,4,581.26,4,580.4900000000001,swap,notBad
16298,4,581.26,4,580.4900000000001,swap,notBad
16299,4,581.26,4,580.4900000000001,2opt,notBad
16300,4,581.26,4,580.4900000000001,move,improve
16301,4,581.26,4,580.4900000000001,swap,notBad
16302,4,581.26,4,580.4900000000001,2opt,notBad
16303,4,581.26,4,580.4900000000001,swap,notBad
16304,4,581.26,4,580.4900000000001,swap,notBad
16305,4,581.26,4,580.4900000000001,move,improve
16306,4,581.26,4,580.4900000000001,move,improve
16307,4,581.86,4,580.4900000000001,move,acceptBad
16308,4,581.86,4,580.4900000000001,2opt,notBad
16309,4,581.86,4,580.4900000000001,2opt,notBad
16310,4,581.86,4,580.4900000000001,swap,notBad
16311,4,581.86,4,580.4900000000001,2opt,notBad
16312,4,581.86,4,580.4900000000001,move,improve
16313,4,581.86,4,580.4900000000001,swap,notBad
16314,4,581.86,4,580.4900000000001,swap,notBad
16315,4,581.86,4,580.4900000000001,2opt,notBad
16316,4,581.86,4,580.4900000000001,2opt,notBad
16317,4,581.86,4,580.4900000000001,2opt,notBad
16318,4,581.86,4,580.4900000000001,move,improve
16319,4,581.86,4,580.4900000000001,2opt,notBad
16320,4,581.86,4,580.4900000000001,swap,notBad
16321,4,581.86,4,580.4900000000001,2opt,notBad
16322,4,581.86,4,580.4900000000001,2opt,notBad
16323,4,581.86,4,580.4900000000001,2opt,notBad
16324,4,581.86,4,580.4900000000001,2opt,improve
16325,4,581.86,4,580.4900000000001,swap,notBad
16326,4,581.86,4,580.4900000000001,2opt,notBad
16327,4,581.86,4,580.4900000000001,2opt,notBad
16328,4,581.86,4,580.4900000000001,2opt,notBad
16329,4,581.86,4,580.4900000000001,move,improve
16330,4,581.86,4,580.4900000000001,2opt,notBad
16331,4,581.86,4,580.4900000000001,swap,notBad
16332,4,581.86,4,580.4900000000001,2opt,notBad
16333,4,581.86,4,580.4900000000001,swap,notBad
16334,4,581.86,4,580.4900000000001,move,improve
16335,4,581.86,4,580.4900000000001,move,improve
16336,4,581.86,4,580.4900000000001,move,improve
16337,4,581.86,4,580.4900000000001,swap,notBad
16338,4,581.86,4,580.4900000000001,swap,notBad
16339,4,581.86,4,580.4900000000001,2opt,notBad
16340,4,581.86,4,580.4900000000001,move,improve
16341,4,581.86,4,580.4900000000001,move,improve
16342,4,581.86,4,580.4900000000001,2opt,notBad
16343,4,581.86,4,580.4900000000001,2opt,notBad
16344,4,581.86,4,580.4900000000001,move,improve
16345,4,581.86,4,580.4900000000001,move,improve
16346,4,581.86,4,580.4900000000001,swap,notBad
16347,4,581.86,4,580.4900000000001,swap,notBad
16348,4,581.86,4,580.4900000000001,2opt,notBad
16349,4,581.86,4,580.4900000000001,swap,notBad
16350,4,581.86,4,580.4900000000001,swap,notBad
16351,4,581.86,4,580.4900000000001,2opt,notBad
16352,4,581.86,4,580.4900000000001,2opt,notBad
16353,4,581.86,4,580.4900000000001,move,improve
16354,4,581.86,4,580.4900000000001,swap,notBad
16355,4,581.86,4,580.4900000000001,swap,notBad
16356,4,581.86,4,580.4900000000001,2opt,notBad
16357,4,581.86,4,580.4900000000001,move,improve
16358,4,581.86,4,580.4900000000001,2opt,notBad
16359,4,581.86,4,580.4900000000001,move,improve
16360,4,581.86,4,580.4900000000001,2opt,notBad
16361,4,581.86,4,580.4900000000001,swap,notBad
16362,4,581.86,4,580.4900000000001,swap,notBad
16363,4,581.86,4,580.4900000000001,swap,notBad
16364,4,581.86,4,580.4900000000001,move,improve
16365,4,581.86,4,580.4900000000001,swap,notBad
16366,4,581.86,4,580.4900000000001,2opt,notBad
16367,4,581.86,4,580.4900000000001,2opt,notBad
16368,4,581.86,4,580.4900000000001,swap,notBad
16369,4,581.86,4,580.4900000000001,swap,notBad
16370,4,581.86,4,580.4900000000001,move,improve
16371,4,581.86,4,580.4900000000001,2opt,notBad
16372,4,581.86,4,580.4900000000001,2opt,notBad
16373,4,581.86,4,580.4900000000001,swap,notBad
16374,4,581.86,4,580.4900000000001,swap,notBad
16375,4,581.86,4,580.4900000000001,swap,notBad
16376,4,581.86,4,580.4900000000001,2opt,notBad
16377,4,581.86,4,580.4900000000001,2opt,notBad
16378,4,581.86,4,580.4900000000001,move,improve
16379,4,581.86,4,580.4900000000001,swap,notBad
16380,4,581.86,4,580.4900000000001,2opt,notBad
16381,4,581.86,4,580.4900000000001,move,improve
16382,4,581.86,4,580.4900000000001,2opt,notBad
16383,4,581.86,4,580.4900000000001,swap,notBad
16384,4,581.86,4,580.4900000000001,swap,notBad
16385,4,581.86,4,580.4900000000001,2opt,notBad
16386,4,581.86,4,580.4900000000001,swap,notBad
16387,4,581.86,4,580.4900000000001,2opt,notBad
16388,4,581.86,4,580.4900000000001,2opt,notBad
16389,4,581.86,4,580.4900000000001,swap,notBad
16390,4,581.86,4,580.4900000000001,swap,notBad
16391,4,581.86,4,580.4900000000001,2opt,notBad
16392,4,581.86,4,580.4900000000001,move,improve
16393,4,581.86,4,580.4900000000001,move,improve
16394,4,581.86,4,580.4900000000001,2opt,improve
16395,4,581.86,4,580.4900000000001,swap,notBad
16396,4,581.86,4,580.4900000000001,move,improve
16397,4,581.86,4,580.4900000000001,move,improve
16398,4,581.86,4,580.4900000000001,2opt,notBad
16399,4,581.86,4,580.4900000000001,2opt,notBad
16400,4,581.86,4,580.4900000000001,swap,notBad
16401,4,581.86,4,580.4900000000001,swap,notBad
16402,4,581.86,4,580.4900000000001,2opt,notBad
16403,4,581.86,4,580.4900000000001,swap,notBad
16404,4,581.86,4,580.4900000000001,move,improve
16405,4,581.26,4,580.4900000000001,move,improve
16406,4,581.26,4,580.4900000000001,2opt,notBad
16407,4,581.26,4,580.4900000000001,swap,notBad
16408,4,581.26,4,580.4900000000001,swap,notBad
16409,4,581.26,4,580.4900000000001,move,improve
16410,4,581.26,4,580.4900000000001,2opt,notBad
16411,4,581.26,4,580.4900000000001,swap,notBad
16412,4,581.26,4,580.4900000000001,2opt,notBad
16413,4,581.26,4,580.4900000000001,move,improve
16414,4,581.26,4,580.4900000000001,2opt,notBad
16415,4,581.26,4,580.4900000000001,swap,notBad
16416,4,581.26,4,580.4900000000001,2opt,notBad
16417,4,581.26,4,580.4900000000001,move,improve
16418,4,581.26,4,580.4900000000001,move,improve
16419,4,581.26,4,580.4900000000001,2opt,improve
16420,4,581.26,4,580.4900000000001,swap,notBad
16421,4,581.26,4,580.4900000000001,move,improve
16422,4,581.26,4,580.4900000000001,2opt,notBad
16423,4,581.26,4,580.4900000000001,move,improve
16424,4,581.26,4,580.4900000000001,move,improve
16425,4,581.26,4,580.4900000000001,move,improve
16426,4,581.26,4,580.4900000000001,move,improve
16427,4,581.26,4,580.4900000000001,2opt,notBad
16428,4,581.26,4,580.4900000000001,swap,notBad
16429,4,581.26,4,580.4900000000001,2opt,notBad
16430,4,581.26,4,580.4900000000001,2opt,notBad
16431,4,581.26,4,580.4900000000001,2opt,notBad
16432,4,581.26,4,580.4900000000001,move,improve
16433,4,581.26,4,580.4900000000001,move,improve
16434,4,581.26,4,580.4900000000001,swap,notBad
16435,4,581.26,4,580.4900000000001,2opt,notBad
16436,4,581.26,4,580.4900000000001,move,improve
16437,4,581.26,4,580.4900000000001,2opt,notBad
16438,4,581.26,4,580.4900000000001,2opt,notBad
16439,4,581.26,4,580.4900000000001,2opt,notBad
16440,4,581.26,4,580.4900000000001,2opt,improve
16441,4,581.26,4,580.4900000000001,swap,notBad
16442,4,581.26,4,580.4900000000001,move,improve
16443,4,581.26,4,580.4900000000001,2opt,notBad
16444,4,581.26,4,580.4900000000001,2opt,notBad
16445,4,581.26,4,580.4900000000001,swap,notBad
16446,4,581.26,4,580.4900000000001,move,improve
16447,4,581.26,4,580.4900000000001,2opt,notBad
16448,4,581.26,4,580.4900000000001,swap,notBad
16449,4,581.26,4,580.4900000000001,swap,notBad
16450,4,581.26,4,580.4900000000001,2opt,notBad
16451,4,581.26,4,580.4900000000001,swap,notBad
16452,4,581.26,4,580.4900000000001,move,improve
16453,4,581.26,4,580.4900000000001,move,improve
16454,4,581.26,4,580.4900000000001,2opt,notBad
16455,4,581.26,4,580.4900000000001,swap,notBad
16456,4,581.26,4,580.4900000000001,move,improve
16457,4,581.26,4,580.4900000000001,move,improve
16458,4,581.26,4,580.4900000000001,move,improve
16459,4,581.26,4,580.4900000000001,swap,notBad
16460,4,581.26,4,580.4900000000001,2opt,notBad
16461,4,581.26,4,580.4900000000001,move,improve
16462,4,581.26,4,580.4900000000001,move,improve
16463,4,581.26,4,580.4900000000001,swap,notBad
16464,4,581.26,4,580.4900000000001,swap,notBad
16465,4,581.26,4,580.4900000000001,2opt,notBad
16466,4,581.26,4,580.4900000000001,2opt,notBad
16467,4,581.26,4,580.4900000000001,move,improve
16468,4,581.26,4,580.4900000000001,move,improve
16469,4,581.26,4,580.4900000000001,2opt,notBad
16470,4,581.26,4,580.4900000000001,swap,notBad
16471,4,581.26,4,580.4900000000001,move,improve
16472,4,581.26,4,580.4900000000001,swap,notBad
16473,4,581.26,4,580.4900000000001,swap,notBad
16474,4,581.26,4,580.4900000000001,2opt,notBad
16475,4,581.26,4,580.4900000000001,2opt,notBad
16476,4,581.26,4,580.4900000000001,2opt,improve
16477,4,581.26,4,580.4900000000001,2opt,notBad
16478,4,581.26,4,580.4900000000001,2opt,notBad
16479,4,581.26,4,580.4900000000001,2opt,notBad
16480,4,581.26,4,580.4900000000001,2opt,notBad
16481,4,581.26,4,580.4900000000001,move,improve
16482,4,581.26,4,580.4900000000001,move,improve
16483,4,581.26,4,580.4900000000001,2opt,notBad
16484,4,581.26,4,580.4900000000001,2opt,notBad
16485,4,581.26,4,580.4900000000001,2opt,notBad
16486,4,581.26,4,580.4900000000001,swap,notBad
16487,4,581.26,4,580.4900000000001,move,improve
16488,4,581.26,4,580.4900000000001,2opt,notBad
16489,4,581.26,4,580.4900000000001,2opt,notBad
16490,4,581.26,4,580.4900000000001,move,improve
16491,4,581.26,4,580.4900000000001,2opt,notBad
16492,4,581.26,4,580.4900000000001,swap,notBad
16493,4,581.26,4,580.4900000000001,move,improve
16494,4,581.26,4,580.4900000000001,move,improve
16495,4,581.26,4,580.4900000000001,swap,notBad
16496,4,581.26,4,580.4900000000001,swap,notBad
16497,4,581.26,4,580.4900000000001,swap,notBad
16498,4,581.26,4,580.4900000000001,2opt,improve
16499,4,581.26,4,580.4900000000001,move,improve
16500,4,581.26,4,580.4900000000001,swap,notBad
16501,4,581.26,4,580.4900000000001,move,improve
16502,4,581.26,4,580.4900000000001,swap,notBad
16503,4,581.26,4,580.4900000000001,swap,notBad
16504,4,581.26,4,580.4900000000001,swap,notBad
16505,4,581.26,4,580.4900000000001,move,improve
16506,4,581.26,4,580.4900000000001,move,improve
16507,4,581.26,4,580.4900000000001,move,improve
16508,4,581.26,4,580.4900000000001,2opt,notBad
16509,4,581.26,4,580.4900000000001,move,improve
16510,4,581.26,4,580.4900000000001,move,improve
16511,4,581.26,4,580.4900000000001,swap,notBad
16512,4,581.26,4,580.4900000000001,2opt,notBad
16513,4,581.26,4,580.4900000000001,swap,notBad
16514,4,581.26,4,580.4900000000001,move,improve
16515,4,581.26,4,580.4900000000001,2opt,notBad
16516,4,581.26,4,580.4900000000001,2opt,notBad
16517,4,581.26,4,580.4900000000001,move,improve
16518,4,581.26,4,580.4900000000001,move,improve
16519,4,581.26,4,580.4900000000001,move,improve
16520,4,581.26,4,580.4900000000001,move,improve
16521,4,581.26,4,580.4900000000001,2opt,notBad
16522,4,581.26,4,580.4900000000001,swap,notBad
16523,4,581.26,4,580.4900000000001,swap,notBad
16524,4,581.26,4,580.4900000000001,2opt,notBad
16525,4,581.26,4,580.4900000000001,2opt,notBad
16526,4,581.26,4,580.4900000000001,move,improve
16527,4,581.26,4,580.4900000000001,move,improve
16528,4,581.26,4,580.4900000000001,move,improve
16529,4,581.26,4,580.4900000000001,2opt,notBad
16530,4,581.26,4,580.4900000000001,move,improve
16531,4,581.26,4,580.4900000000001,2opt,notBad
16532,4,581.26,4,580.4900000000001,swap,notBad
16533,4,581.26,4,580.4900000000001,swap,notBad
16534,4,581.26,4,580.4900000000001,swap,notBad
16535,4,581.26,4,580.4900000000001,swap,notBad
16536,4,581.26,4,580.4900000000001,2opt,notBad
16537,4,581.26,4,580.4900000000001,move,improve
16538,4,581.26,4,580.4900000000001,move,improve
16539,4,581.26,4,580.4900000000001,move,improve
16540,4,581.26,4,580.4900000000001,2opt,notBad
16541,4,581.26,4,580.4900000000001,move,improve
16542,4,581.26,4,580.4900000000001,2opt,notBad
16543,4,581.26,4,580.4900000000001,swap,notBad
16544,4,581.26,4,580.4900000000001,2opt,notBad
16545,4,581.26,4,580.4900000000001,2opt,notBad
16546,4,581.26,4,580.4900000000001,2opt,notBad
16547,4,581.26,4,580.4900000000001,move,improve
16548,4,581.26,4,580.4900000000001,swap,notBad
16549,4,581.26,4,580.4900000000001,move,improve
16550,4,581.26,4,580.4900000000001,2opt,notBad
16551,4,581.26,4,580.4900000000001,2opt,notBad
16552,4,581.26,4,580.4900000000001,swap,notBad
16553,4,581.26,4,580.4900000000001,swap,notBad
16554,4,581.26,4,580.4900000000001,swap,notBad
16555,4,581.26,4,580.4900000000001,2opt,notBad
16556,4,581.26,4,580.4900000000001,swap,notBad
16557,4,581.26,4,580.4900000000001,2opt,notBad
16558,4,581.26,4,580.4900000000001,swap,notBad
16559,4,581.26,4,580.4900000000001,move,improve
16560,4,581.26,4,580.4900000000001,2opt,notBad
16561,4,581.26,4,580.4900000000001,2opt,notBad
16562,4,581.26,4,580.4900000000001,swap,notBad
16563,4,581.26,4,580.4900000000001,swap,notBad
16564,4,581.26,4,580.4900000000001,2opt,notBad
16565,4,581.26,4,580.4900000000001,swap,notBad
16566,4,581.26,4,580.4900000000001,swap,notBad
16567,4,581.26,4,580.4900000000001,2opt,notBad
16568,4,581.26,4,580.4900000000001,2opt,notBad
16569,4,581.26,4,580.4900000000001,swap,notBad
16570,4,581.26,4,580.4900000000001,move,improve
16571,4,581.26,4,580.4900000000001,2opt,improve
16572,4,581.26,4,580.4900000000001,move,improve
16573,4,581.26,4,580.4900000000001,2opt,notBad
16574,4,581.26,4,580.4900000000001,move,improve
16575,4,581.26,4,580.4900000000001,swap,notBad
16576,4,581.26,4,580.4900000000001,swap,notBad
16577,4,581.26,4,580.4900000000001,move,improve
16578,4,581.26,4,580.4900000000001,swap,notBad
16579,4,581.26,4,580.4900000000001,2opt,notBad
16580,4,581.26,4,580.4900000000001,move,improve
16581,4,581.26,4,580.4900000000001,swap,notBad
16582,4,581.26,4,580.4900000000001,2opt,notBad
16583,4,581.26,4,580.4900000000001,swap,notBad
16584,4,581.26,4,580.4900000000001,move,improve
16585,4,581.26,4,580.4900000000001,move,improve
16586,4,581.26,4,580.4900000000001,move,improve
16587,4,581.26,4,580.4900000000001,move,improve
16588,4,581.26,4,580.4900000000001,move,improve
16589,4,581.26,4,580.4900000000001,move,improve
16590,4,581.26,4,580.4900000000001,move,improve
16591,4,581.26,4,580.4900000000001,move,improve
16592,4,581.26,4,580.4900000000001,2opt,notBad
16593,4,581.26,4,580.4900000000001,move,improve
16594,4,581.26,4,580.4900000000001,swap,notBad
16595,4,581.26,4,580.4900000000001,swap,notBad
16596,4,581.26,4,580.4900000000001,swap,notBad
16597,4,581.26,4,580.4900000000001,move,improve
16598,4,581.26,4,580.4900000000001,2opt,notBad
16599,4,581.26,4,580.4900000000001,move,improve
16600,4,581.26,4,580.4900000000001,swap,notBad
16601,4,581.26,4,580.4900000000001,swap,notBad
16602,4,581.26,4,580.4900000000001,swap,notBad
16603,4,581.26,4,580.4900000000001,move,improve
16604,4,581.26,4,580.4900000000001,move,improve
16605,4,581.26,4,580.4900000000001,swap,notBad
16606,4,581.26,4,580.4900000000001,move,improve
16607,4,581.26,4,580.4900000000001,2opt,notBad
16608,4,581.26,4,580.4900000000001,swap,notBad
16609,4,581.26,4,580.4900000000001,2opt,notBad
16610,4,581.26,4,580.4900000000001,move,improve
16611,4,581.26,4,580.4900000000001,swap,notBad
16612,4,581.26,4,580.4900000000001,swap,notBad
16613,4,581.26,4,580.4900000000001,swap,notBad
16614,4,581.26,4,580.4900000000001,swap,notBad
16615,4,581.26,4,580.4900000000001,2opt,notBad
16616,4,581.26,4,580.4900000000001,2opt,notBad
16617,4,581.26,4,580.4900000000001,2opt,improve
16618,4,581.26,4,580.4900000000001,swap,notBad
16619,4,581.26,4,580.4900000000001,swap,notBad
16620,4,581.26,4,580.4900000000001,swap,notBad
16621,4,581.26,4,580.4900000000001,swap,notBad
16622,4,581.26,4,580.4900000000001,move,improve
16623,4,581.26,4,580.4900000000001,move,improve
16624,4,581.26,4,580.4900000000001,swap,notBad
16625,4,581.26,4,580.4900000000001,2opt,notBad
16626,4,581.26,4,580.4900000000001,swap,notBad
16627,4,581.26,4,580.4900000000001,move,improve
16628,4,581.26,4,580.4900000000001,move,improve
16629,4,581.26,4,580.4900000000001,swap,notBad
16630,4,581.26,4,580.4900000000001,move,improve
16631,4,581.26,4,580.4900000000001,2opt,notBad
16632,4,581.26,4,580.4900000000001,move,improve
16633,4,581.26,4,580.4900000000001,move,improve
16634,4,581.26,4,580.4900000000001,2opt,notBad
16635,4,581.26,4,580.4900000000001,swap,notBad
16636,4,581.26,4,580.4900000000001,swap,notBad
16637,4,581.26,4,580.4900000000001,2opt,notBad
16638,4,581.26,4,580.4900000000001,2opt,notBad
16639,4,581.26,4,580.4900000000001,move,improve
16640,4,581.26,4,580.4900000000001,swap,notBad
16641,4,581.26,4,580.4900000000001,move,improve
16642,4,581.26,4,580.4900000000001,2opt,notBad
16643,4,581.26,4,580.4900000000001,swap,notBad
16644,4,581.26,4,580.4900000000001,2opt,notBad
16645,4,581.26,4,580.4900000000001,2opt,notBad
16646,4,581.26,4,580.4900000000001,2opt,notBad
16647,4,581.26,4,580.4900000000001,swap,notBad
16648,4,581.26,4,580.4900000000001,swap,notBad
16649,4,581.26,4,580.4900000000001,2opt,notBad
16650,4,581.26,4,580.4900000000001,swap,notBad
16651,4,581.26,4,580.4900000000001,2opt,notBad
16652,4,581.26,4,580.4900000000001,move,improve
16653,4,581.26,4,580.4900000000001,2opt,notBad
16654,4,581.26,4,580.4900000000001,2opt,notBad
16655,4,581.26,4,580.4900000000001,swap,notBad
16656,4,581.26,4,580.4900000000001,swap,notBad
16657,4,581.26,4,580.4900000000001,2opt,notBad
16658,4,581.26,4,580.4900000000001,2opt,notBad
16659,4,581.26,4,580.4900000000001,swap,notBad
16660,4,581.26,4,580.4900000000001,swap,notBad
16661,4,581.26,4,580.4900000000001,swap,notBad
16662,4,581.26,4,580.4900000000001,move,improve
16663,4,581.26,4,580.4900000000001,swap,notBad
16664,4,581.26,4,580.4900000000001,move,improve
16665,4,581.26,4,580.4900000000001,move,improve
16666,4,581.26,4,580.4900000000001,move,improve
16667,4,581.26,4,580.4900000000001,2opt,notBad
16668,4,581.26,4,580.4900000000001,swap,notBad
16669,4,581.26,4,580.4900000000001,move,improve
16670,4,581.26,4,580.4900000000001,move,improve
16671,4,581.26,4,580.4900000000001,2opt,notBad
16672,4,581.26,4,580.4900000000001,move,improve
16673,4,581.26,4,580.4900000000001,move,improve
16674,4,581.26,4,580.4900000000001,2opt,notBad
16675,4,581.26,4,580.4900000000001,move,improve
16676,4,581.26,4,580.4900000000001,move,improve
16677,4,581.26,4,580.4900000000001,move,improve
16678,4,581.26,4,580.4900000000001,2opt,notBad
16679,4,581.26,4,580.4900000000001,2opt,notBad
16680,4,581.26,4,580.4900000000001,swap,notBad
16681,4,581.26,4,580.4900000000001,2opt,notBad
16682,4,581.26,4,580.4900000000001,move,improve
16683,4,581.26,4,580.4900000000001,move,improve
16684,4,581.26,4,580.4900000000001,2opt,notBad
16685,4,581.26,4,580.4900000000001,move,improve
16686,4,581.26,4,580.4900000000001,move,improve
16687,4,581.26,4,580.4900000000001,swap,notBad
16688,4,581.26,4,580.4900000000001,swap,notBad
16689,4,581.26,4,580.4900000000001,2opt,notBad
16690,4,581.26,4,580.4900000000001,swap,notBad
16691,4,581.26,4,580.4900000000001,swap,notBad
16692,4,581.26,4,580.4900000000001,2opt,notBad
16693,4,581.26,4,580.4900000000001,move,improve
16694,4,581.26,4,580.4900000000001,2opt,notBad
16695,4,581.26,4,580.4900000000001,2opt,notBad
16696,4,581.26,4,580.4900000000001,move,improve
16697,4,581.26,4,580.4900000000001,2opt,notBad
16698,4,581.26,4,580.4900000000001,swap,notBad
16699,4,581.26,4,580.4900000000001,2opt,notBad
16700,4,581.26,4,580.4900000000001,move,improve
16701,4,581.26,4,580.4900000000001,2opt,notBad
16702,4,581.26,4,580.4900000000001,move,improve
16703,4,581.26,4,580.4900000000001,move,improve
16704,4,581.26,4,580.4900000000001,swap,notBad
16705,4,581.26,4,580.4900000000001,move,improve
16706,4,581.26,4,580.4900000000001,swap,notBad
16707,4,581.26,4,580.4900000000001,2opt,notBad
16708,4,581.26,4,580.4900000000001,2opt,notBad
16709,4,581.26,4,580.4900000000001,move,improve
16710,4,581.26,4,580.4900000000001,move,improve
16711,4,581.26,4,580.4900000000001,2opt,notBad
16712,4,581.26,4,580.4900000000001,swap,notBad
16713,4,581.26,4,580.4900000000001,2opt,notBad
16714,4,581.26,4,580.4900000000001,2opt,notBad
16715,4,581.26,4,580.4900000000001,swap,notBad
16716,4,581.26,4,580.4900000000001,2opt,notBad
16717,4,581.26,4,580.4900000000001,swap,notBad
16718,4,581.26,4,580.4900000000001,2opt,notBad
16719,4,581.26,4,580.4900000000001,2opt,notBad
16720,4,581.26,4,580.4900000000001,swap,notBad
16721,4,581.26,4,580.4900000000001,2opt,improve
16722,4,581.26,4,580.4900000000001,move,improve
16723,4,581.26,4,580.4900000000001,swap,notBad
16724,4,581.26,4,580.4900000000001,swap,notBad
16725,4,581.26,4,580.4900000000001,2opt,notBad
16726,4,581.26,4,580.4900000000001,swap,notBad
16727,4,581.26,4,580.4900000000001,move,improve
16728,4,581.26,4,580.4900000000001,swap,notBad
16729,4,581.26,4,580.4900000000001,2opt,notBad
16730,4,581.26,4,580.4900000000001,2opt,notBad
16731,4,581.26,4,580.4900000000001,move,improve
16732,4,581.26,4,580.4900000000001,swap,notBad
16733,4,581.26,4,580.4900000000001,2opt,notBad
16734,4,581.26,4,580.4900000000001,swap,notBad
16735,4,581.26,4,580.4900000000001,move,improve
16736,4,581.26,4,580.4900000000001,2opt,notBad
16737,4,581.26,4,580.4900000000001,2opt,notBad
16738,4,581.26,4,580.4900000000001,swap,notBad
16739,4,581.26,4,580.4900000000001,2opt,notBad
16740,4,581.26,4,580.4900000000001,2opt,notBad
16741,4,581.26,4,580.4900000000001,move,improve
16742,4,581.26,4,580.4900000000001,2opt,notBad
16743,4,581.26,4,580.4900000000001,move,improve
16744,4,581.26,4,580.4900000000001,2opt,notBad
16745,4,581.26,4,580.4900000000001,2opt,notBad
16746,4,581.26,4,580.4900000000001,move,improve
16747,4,581.26,4,580.4900000000001,swap,notBad
16748,4,581.26,4,580.4900000000001,swap,notBad
16749,4,581.26,4,580.4900000000001,move,improve
16750,4,581.26,4,580.4900000000001,2opt,improve
16751,4,581.26,4,580.4900000000001,2opt,notBad
16752,4,581.26,4,580.4900000000001,swap,notBad
16753,4,581.26,4,580.4900000000001,move,improve
16754,4,581.26,4,580.4900000000001,swap,notBad
16755,4,581.26,4,580.4900000000001,2opt,notBad
16756,4,581.26,4,580.4900000000001,2opt,notBad
16757,4,581.26,4,580.4900000000001,swap,notBad
16758,4,581.26,4,580.4900000000001,2opt,notBad
16759,4,581.26,4,580.4900000000001,move,improve
16760,4,581.26,4,580.4900000000001,2opt,notBad
16761,4,581.26,4,580.4900000000001,move,improve
16762,4,581.26,4,580.4900000000001,swap,notBad
16763,4,581.26,4,580.4900000000001,2opt,notBad
16764,4,581.26,4,580.4900000000001,2opt,notBad
16765,4,581.26,4,580.4900000000001,swap,notBad
16766,4,581.26,4,580.4900000000001,move,improve
16767,4,581.26,4,580.4900000000001,move,improve
16768,4,581.26,4,580.4900000000001,move,improve
16769,4,581.26,4,580.4900000000001,move,improve
16770,4,581.26,4,580.4900000000001,move,improve
16771,4,581.26,4,580.4900000000001,swap,notBad
16772,4,581.26,4,580.4900000000001,2opt,notBad
16773,4,581.26,4,580.4900000000001,move,improve
16774,4,581.26,4,580.4900000000001,2opt,notBad
16775,4,581.26,4,580.4900000000001,move,improve
16776,4,581.26,4,580.4900000000001,move,improve
16777,4,581.26,4,580.4900000000001,swap,notBad
16778,4,581.26,4,580.4900000000001,swap,notBad
16779,4,581.26,4,580.4900000000001,2opt,notBad
16780,4,581.26,4,580.4900000000001,2opt,notBad
16781,4,581.26,4,580.4900000000001,2opt,notBad
16782,4,581.26,4,580.4900000000001,move,improve
16783,4,581.26,4,580.4900000000001,swap,notBad
16784,4,581.26,4,580.4900000000001,swap,notBad
16785,4,581.26,4,580.4900000000001,2opt,notBad
16786,4,581.26,4,580.4900000000001,swap,notBad
16787,4,581.26,4,580.4900000000001,2opt,notBad
16788,4,581.26,4,580.4900000000001,2opt,improve
16789,4,581.26,4,580.4900000000001,swap,notBad
16790,4,581.26,4,580.4900000000001,2opt,notBad
16791,4,581.26,4,580.4900000000001,2opt,notBad
16792,4,581.26,4,580.4900000000001,2opt,notBad
16793,4,581.26,4,580.4900000000001,2opt,notBad
16794,4,581.26,4,580.4900000000001,move,improve
16795,4,581.26,4,580.4900000000001,move,improve
16796,4,581.26,4,580.4900000000001,2opt,notBad
16797,4,581.26,4,580.4900000000001,2opt,notBad
16798,4,581.26,4,580.4900000000001,2opt,notBad
16799,4,581.26,4,580.4900000000001,2opt,notBad
16800,4,581.26,4,580.4900000000001,2opt,improve
16801,4,581.26,4,580.4900000000001,move,improve
16802,4,581.26,4,580.4900000000001,swap,notBad
16803,4,581.26,4,580.4900000000001,swap,notBad
16804,4,581.26,4,580.4900000000001,2opt,notBad
16805,4,581.26,4,580.4900000000001,move,improve
16806,4,581.26,4,580.4900000000001,2opt,notBad
16807,4,581.26,4,580.4900000000001,swap,notBad
16808,4,581.26,4,580.4900000000001,swap,notBad
16809,4,581.26,4,580.4900000000001,2opt,notBad
16810,4,581.26,4,580.4900000000001,move,improve
16811,4,581.26,4,580.4900000000001,move,improve
16812,4,581.26,4,580.4900000000001,swap,notBad
16813,4,581.26,4,580.4900000000001,2opt,notBad
16814,4,581.26,4,580.4900000000001,move,improve
16815,4,581.26,4,580.4900000000001,move,improve
16816,4,581.26,4,580.4900000000001,2opt,notBad
16817,4,581.26,4,580.4900000000001,2opt,notBad
16818,4,581.26,4,580.4900000000001,move,improve
16819,4,581.26,4,580.4900000000001,2opt,notBad
16820,4,581.26,4,580.4900000000001,move,improve
16821,4,581.26,4,580.4900000000001,swap,notBad
16822,4,581.26,4,580.4900000000001,move,improve
16823,4,581.26,4,580.4900000000001,move,improve
16824,4,581.26,4,580.4900000000001,2opt,notBad
16825,4,581.26,4,580.4900000000001,swap,notBad
16826,4,581.26,4,580.4900000000001,2opt,notBad
16827,4,581.26,4,580.4900000000001,swap,notBad
16828,4,581.26,4,580.4900000000001,move,improve
16829,4,581.26,4,580.4900000000001,swap,notBad
16830,4,581.26,4,580.4900000000001,move,improve
16831,4,581.26,4,580.4900000000001,swap,notBad
16832,4,581.26,4,580.4900000000001,move,improve
16833,4,581.26,4,580.4900000000001,move,improve
16834,4,581.26,4,580.4900000000001,2opt,notBad
16835,4,581.26,4,580.4900000000001,swap,notBad
16836,4,581.26,4,580.4900000000001,2opt,improve
16837,4,581.26,4,580.4900000000001,swap,notBad
16838,4,581.26,4,580.4900000000001,2opt,notBad
16839,4,581.26,4,580.4900000000001,2opt,notBad
16840,4,581.26,4,580.4900000000001,2opt,notBad
16841,4,581.26,4,580.4900000000001,move,improve
16842,4,581.26,4,580.4900000000001,swap,notBad
16843,4,581.26,4,580.4900000000001,2opt,notBad
16844,4,581.26,4,580.4900000000001,move,improve
16845,4,581.26,4,580.4900000000001,swap,notBad
16846,4,581.26,4,580.4900000000001,move,improve
16847,4,581.26,4,580.4900000000001,2opt,notBad
16848,4,581.26,4,580.4900000000001,swap,notBad
16849,4,581.26,4,580.4900000000001,swap,notBad
16850,4,581.26,4,580.4900000000001,2opt,notBad
16851,4,581.26,4,580.4900000000001,2opt,notBad
16852,4,581.26,4,580.4900000000001,move,improve
16853,4,581.26,4,580.4900000000001,move,improve
16854,4,581.26,4,580.4900000000001,swap,notBad
16855,4,581.26,4,580.4900000000001,2opt,notBad
16856,4,581.26,4,580.4900000000001,move,improve
16857,4,581.26,4,580.4900000000001,2opt,notBad
16858,4,581.26,4,580.4900000000001,2opt,notBad
16859,4,581.26,4,580.4900000000001,swap,notBad
16860,4,581.26,4,580.4900000000001,swap,notBad
16861,4,581.26,4,580.4900000000001,swap,notBad
16862,4,581.26,4,580.4900000000001,swap,notBad
16863,4,581.26,4,580.4900000000001,move,improve
16864,4,581.26,4,580.4900000000001,2opt,notBad
16865,4,581.26,4,580.4900000000001,swap,notBad
16866,4,581.26,4,580.4900000000001,swap,notBad
16867,4,581.26,4,580.4900000000001,2opt,notBad
16868,4,581.26,4,580.4900000000001,2opt,notBad
16869,4,581.26,4,580.4900000000001,swap,notBad
16870,4,581.26,4,580.4900000000001,swap,notBad
16871,4,581.26,4,580.4900000000001,swap,notBad
16872,4,581.26,4,580.4900000000001,move,improve
16873,4,581.26,4,580.4900000000001,2opt,notBad
16874,4,581.26,4,580.4900000000001,2opt,notBad
16875,4,581.26,4,580.4900000000001,swap,notBad
16876,4,581.26,4,580.4900000000001,2opt,notBad
16877,4,581.26,4,580.4900000000001,move,improve
16878,4,581.26,4,580.4900000000001,swap,notBad
16879,4,581.26,4,580.4900000000001,move,improve
16880,4,581.26,4,580.4900000000001,swap,notBad
16881,4,581.26,4,580.4900000000001,move,improve
16882,4,581.26,4,580.4900000000001,swap,notBad
16883,4,581.26,4,580.4900000000001,move,improve
16884,4,581.26,4,580.4900000000001,2opt,notBad
16885,4,581.26,4,580.4900000000001,swap,notBad
16886,4,581.26,4,580.4900000000001,swap,notBad
16887,4,581.26,4,580.4900000000001,swap,notBad
16888,4,581.26,4,580.4900000000001,swap,notBad
16889,4,581.26,4,580.4900000000001,swap,notBad
16890,4,581.26,4,580.4900000000001,swap,notBad
16891,4,581.26,4,580.4900000000001,swap,notBad
16892,4,581.26,4,580.4900000000001,move,improve
16893,4,581.26,4,580.4900000000001,move,improve
16894,4,581.26,4,580.4900000000001,swap,notBad
16895,4,581.26,4,580.4900000000001,move,improve
16896,4,581.26,4,580.4900000000001,2opt,notBad
16897,4,581.26,4,580.4900000000001,2opt,notBad
16898,4,581.26,4,580.4900000000001,2opt,notBad
16899,4,581.26,4,580.4900000000001,move,improve
16900,4,581.26,4,580.4900000000001,move,improve
16901,4,581.26,4,580.4900000000001,swap,notBad
16902,4,581.26,4,580.4900000000001,move,improve
16903,4,581.26,4,580.4900000000001,2opt,notBad
16904,4,581.26,4,580.4900000000001,swap,notBad
16905,4,581.26,4,580.4900000000001,move,improve
16906,4,581.26,4,580.4900000000001,move,improve
16907,4,581.26,4,580.4900000000001,swap,notBad
16908,4,581.26,4,580.4900000000001,swap,notBad
16909,4,581.26,4,580.4900000000001,2opt,notBad
16910,4,581.26,4,580.4900000000001,2opt,notBad
16911,4,581.26,4,580.4900000000001,move,improve
16912,4,581.26,4,580.4900000000001,swap,notBad
16913,4,581.26,4,580.4900000000001,swap,notBad
16914,4,581.26,4,580.4900000000001,2opt,notBad
16915,4,581.26,4,580.4900000000001,move,improve
16916,4,581.26,4,580.4900000000001,swap,notBad
16917,4,581.26,4,580.4900000000001,move,improve
16918,4,581.26,4,580.4900000000001,swap,notBad
16919,4,581.26,4,580.4900000000001,move,improve
16920,4,581.26,4,580.4900000000001,move,improve
16921,4,581.26,4,580.4900000000001,swap,notBad
16922,4,581.26,4,580.4900000000001,swap,notBad
16923,4,581.26,4,580.4900000000001,swap,notBad
16924,4,581.26,4,580.4900000000001,move,improve
16925,4,581.26,4,580.4900000000001,swap,notBad
16926,4,581.26,4,580.4900000000001,move,improve
16927,4,581.26,4,580.4900000000001,2opt,notBad
16928,4,581.26,4,580.4900000000001,swap,notBad
16929,4,581.26,4,580.4900000000001,2opt,notBad
16930,4,581.26,4,580.4900000000001,swap,notBad
16931,4,581.26,4,580.4900000000001,move,improve
16932,4,581.26,4,580.4900000000001,swap,notBad
16933,4,581.26,4,580.4900000000001,move,improve
16934,4,581.26,4,580.4900000000001,swap,notBad
16935,4,581.26,4,580.4900000000001,2opt,notBad
16936,4,581.26,4,580.4900000000001,move,improve
16937,4,581.26,4,580.4900000000001,swap,notBad
16938,4,581.26,4,580.4900000000001,2opt,notBad
16939,4,581.26,4,580.4900000000001,2opt,notBad
16940,4,581.26,4,580.4900000000001,move,improve
16941,4,581.26,4,580.4900000000001,swap,notBad
16942,4,581.26,4,580.4900000000001,move,improve
16943,4,581.26,4,580.4900000000001,move,improve
16944,4,581.26,4,580.4900000000001,move,improve
16945,4,581.26,4,580.4900000000001,swap,notBad
16946,4,581.26,4,580.4900000000001,swap,notBad
16947,4,581.26,4,580.4900000000001,swap,notBad
16948,4,581.26,4,580.4900000000001,move,improve
16949,4,581.26,4,580.4900000000001,2opt,improve
16950,4,581.26,4,580.4900000000001,2opt,notBad
16951,4,581.26,4,580.4900000000001,swap,notBad
16952,4,581.26,4,580.4900000000001,move,improve
16953,4,581.26,4,580.4900000000001,move,improve
16954,4,581.26,4,580.4900000000001,swap,notBad
16955,4,581.26,4,580.4900000000001,swap,notBad
16956,4,581.26,4,580.4900000000001,move,improve
16957,4,581.26,4,580.4900000000001,move,improve
16958,4,581.26,4,580.4900000000001,move,improve
16959,4,581.26,4,580.4900000000001,2opt,notBad
16960,4,581.26,4,580.4900000000001,move,improve
16961,4,581.26,4,580.4900000000001,2opt,notBad
16962,4,581.26,4,580.4900000000001,2opt,notBad
16963,4,581.26,4,580.4900000000001,2opt,notBad
16964,4,581.26,4,580.4900000000001,move,improve
16965,4,581.26,4,580.4900000000001,move,improve
16966,4,581.26,4,580.4900000000001,2opt,notBad
16967,4,581.26,4,580.4900000000001,move,improve
16968,4,581.26,4,580.4900000000001,move,improve
16969,4,581.26,4,580.4900000000001,move,improve
16970,4,581.26,4,580.4900000000001,2opt,notBad
16971,4,581.26,4,580.4900000000001,2opt,notBad
16972,4,581.26,4,580.4900000000001,swap,notBad
16973,4,581.26,4,580.4900000000001,swap,notBad
16974,4,581.26,4,580.4900000000001,move,improve
16975,4,581.26,4,580.4900000000001,move,improve
16976,4,581.26,4,580.4900000000001,2opt,notBad
16977,4,581.26,4,580.4900000000001,move,improve
16978,4,581.26,4,580.4900000000001,move,improve
16979,4,581.26,4,580.4900000000001,swap,notBad
16980,4,581.26,4,580.4900000000001,2opt,notBad
16981,4,581.26,4,580.4900000000001,2opt,improve
16982,4,581.26,4,580.4900000000001,move,improve
16983,4,581.26,4,580.4900000000001,swap,notBad
16984,4,581.26,4,580.4900000000001,2opt,notBad
16985,4,581.26,4,580.4900000000001,swap,notBad
16986,4,581.26,4,580.4900000000001,2opt,notBad
16987,4,581.26,4,580.4900000000001,swap,notBad
16988,4,581.26,4,580.4900000000001,2opt,notBad
16989,4,581.26,4,580.4900000000001,2opt,notBad
16990,4,581.26,4,580.4900000000001,swap,notBad
16991,4,581.26,4,580.4900000000001,move,improve
16992,4,581.26,4,580.4900000000001,move,improve
16993,4,581.26,4,580.4900000000001,swap,notBad
16994,4,581.26,4,580.4900000000001,2opt,notBad
16995,4,581.26,4,580.4900000000001,swap,notBad
16996,4,581.26,4,580.4900000000001,move,improve
16997,4,581.26,4,580.4900000000001,2opt,notBad
16998,4,581.26,4,580.4900000000001,2opt,notBad
16999,4,581.26,4,580.4900000000001,swap,notBad
17000,4,581.26,4,580.4900000000001,swap,notBad
17001,4,581.26,4,580.4900000000001,move,improve
17002,4,581.26,4,580.4900000000001,swap,notBad
17003,4,581.26,4,580.4900000000001,2opt,notBad
17004,4,581.26,4,580.4900000000001,swap,notBad
17005,4,581.26,4,580.4900000000001,move,improve
17006,4,581.26,4,580.4900000000001,move,improve
17007,4,581.26,4,580.4900000000001,move,improve
17008,4,581.26,4,580.4900000000001,move,improve
17009,4,581.26,4,580.4900000000001,move,improve
17010,4,581.26,4,580.4900000000001,2opt,notBad
17011,4,581.26,4,580.4900000000001,move,improve
17012,4,581.26,4,580.4900000000001,move,improve
17013,4,581.26,4,580.4900000000001,move,improve
17014,4,581.26,4,580.4900000000001,move,improve
17015,4,581.26,4,580.4900000000001,2opt,notBad
17016,4,581.26,4,580.4900000000001,swap,notBad
17017,4,581.26,4,580.4900000000001,2opt,notBad
17018,4,581.26,4,580.4900000000001,move,improve
17019,4,581.26,4,580.4900000000001,2opt,notBad
17020,4,581.26,4,580.4900000000001,move,improve
17021,4,581.26,4,580.4900000000001,swap,notBad
17022,4,581.26,4,580.4900000000001,swap,notBad
17023,4,581.26,4,580.4900000000001,swap,notBad
17024,4,581.26,4,580.4900000000001,2opt,notBad
17025,4,581.26,4,580.4900000000001,2opt,improve
17026,4,581.26,4,580.4900000000001,move,improve
17027,4,581.26,4,580.4900000000001,move,improve
17028,4,581.26,4,580.4900000000001,move,improve
17029,4,581.26,4,580.4900000000001,2opt,notBad
17030,4,581.26,4,580.4900000000001,swap,notBad
17031,4,581.26,4,580.4900000000001,swap,notBad
17032,4,581.26,4,580.4900000000001,swap,notBad
17033,4,581.26,4,580.4900000000001,swap,notBad
17034,4,581.26,4,580.4900000000001,move,improve
17035,4,581.26,4,580.4900000000001,swap,notBad
17036,4,581.26,4,580.4900000000001,swap,notBad
17037,4,581.26,4,580.4900000000001,move,improve
17038,4,581.26,4,580.4900000000001,swap,notBad
17039,4,581.26,4,580.4900000000001,move,improve
17040,4,581.26,4,580.4900000000001,swap,notBad
17041,4,581.26,4,580.4900000000001,swap,notBad
17042,4,581.26,4,580.4900000000001,move,improve
17043,4,581.26,4,580.4900000000001,2opt,notBad
17044,4,581.26,4,580.4900000000001,2opt,notBad
17045,4,581.26,4,580.4900000000001,move,improve
17046,4,581.26,4,580.4900000000001,move,improve
17047,4,581.26,4,580.4900000000001,move,improve
17048,4,581.26,4,580.4900000000001,swap,notBad
17049,4,581.26,4,580.4900000000001,2opt,notBad
17050,4,581.26,4,580.4900000000001,move,improve
17051,4,581.26,4,580.4900000000001,move,improve
17052,4,581.26,4,580.4900000000001,swap,notBad
17053,4,581.26,4,580.4900000000001,2opt,improve
17054,4,581.26,4,580.4900000000001,move,improve
17055,4,581.26,4,580.4900000000001,move,improve
17056,4,581.26,4,580.4900000000001,swap,notBad
17057,4,581.26,4,580.4900000000001,swap,notBad
17058,4,581.26,4,580.4900000000001,move,improve
17059,4,581.26,4,580.4900000000001,move,improve
17060,4,581.26,4,580.4900000000001,swap,notBad
17061,4,581.26,4,580.4900000000001,move,improve
17062,4,581.26,4,580.4900000000001,move,improve
17063,4,581.26,4,580.4900000000001,swap,notBad
17064,4,581.26,4,580.4900000000001,2opt,notBad
17065,4,581.26,4,580.4900000000001,2opt,notBad
17066,4,581.26,4,580.4900000000001,move,improve
17067,4,581.26,4,580.4900000000001,move,improve
17068,4,581.26,4,580.4900000000001,move,improve
17069,4,581.26,4,580.4900000000001,move,improve
17070,4,581.26,4,580.4900000000001,2opt,notBad
17071,4,581.26,4,580.4900000000001,move,improve
17072,4,581.26,4,580.4900000000001,swap,notBad
17073,4,581.26,4,580.4900000000001,move,improve
17074,4,581.26,4,580.4900000000001,move,improve
17075,4,581.26,4,580.4900000000001,move,improve
17076,4,581.26,4,580.4900000000001,move,improve
17077,4,581.26,4,580.4900000000001,2opt,notBad
17078,4,581.26,4,580.4900000000001,move,improve
17079,4,581.26,4,580.4900000000001,swap,notBad
17080,4,581.26,4,580.4900000000001,2opt,notBad
17081,4,581.26,4,580.4900000000001,move,improve
17082,4,581.26,4,580.4900000000001,move,improve
17083,4,581.26,4,580.4900000000001,move,improve
17084,4,581.26,4,580.4900000000001,2opt,notBad
17085,4,581.26,4,580.4900000000001,swap,notBad
17086,4,581.26,4,580.4900000000001,swap,notBad
17087,4,581.26,4,580.4900000000001,2opt,notBad
17088,4,581.26,4,580.4900000000001,move,improve
17089,4,581.26,4,580.4900000000001,swap,notBad
17090,4,581.26,4,580.4900000000001,move,improve
17091,4,581.26,4,580.4900000000001,move,improve
17092,4,581.26,4,580.4900000000001,swap,notBad
17093,4,581.26,4,580.4900000000001,2opt,notBad
17094,4,581.26,4,580.4900000000001,2opt,notBad
17095,4,581.26,4,580.4900000000001,2opt,notBad
17096,4,581.26,4,580.4900000000001,2opt,notBad
17097,4,581.26,4,580.4900000000001,move,improve
17098,4,581.26,4,580.4900000000001,move,improve
17099,4,581.26,4,580.4900000000001,move,improve
17100,4,581.26,4,580.4900000000001,swap,notBad
17101,4,581.26,4,580.4900000000001,move,improve
17102,4,581.26,4,580.4900000000001,move,improve
17103,4,581.26,4,580.4900000000001,swap,notBad
17104,4,581.26,4,580.4900000000001,move,improve
17105,4,581.26,4,580.4900000000001,move,improve
17106,4,581.26,4,580.4900000000001,2opt,improve
17107,4,581.26,4,580.4900000000001,2opt,notBad
17108,4,581.26,4,580.4900000000001,move,improve
17109,4,581.26,4,580.4900000000001,swap,notBad
17110,4,581.26,4,580.4900000000001,2opt,notBad
17111,4,581.26,4,580.4900000000001,move,improve
17112,4,581.26,4,580.4900000000001,move,improve
17113,4,581.26,4,580.4900000000001,move,improve
17114,4,581.26,4,580.4900000000001,move,improve
17115,4,581.26,4,580.4900000000001,2opt,notBad
17116,4,581.26,4,580.4900000000001,2opt,notBad
17117,4,581.26,4,580.4900000000001,move,improve
17118,4,581.26,4,580.4900000000001,2opt,notBad
17119,4,581.26,4,580.4900000000001,move,notBad
17120,4,581.26,4,580.4900000000001,move,improve
17121,4,581.26,4,580.4900000000001,move,improve
17122,4,581.26,4,580.4900000000001,2opt,improve
17123,4,581.26,4,580.4900000000001,move,improve
17124,4,581.26,4,580.4900000000001,swap,notBad
17125,4,581.26,4,580.4900000000001,move,improve
17126,4,581.26,4,580.4900000000001,move,improve
17127,4,581.26,4,580.4900000000001,move,improve
17128,4,581.26,4,580.4900000000001,2opt,improve
17129,4,581.26,4,580.4900000000001,move,improve
17130,4,581.26,4,580.4900000000001,swap,notBad
17131,4,581.26,4,580.4900000000001,swap,notBad
17132,4,581.26,4,580.4900000000001,swap,notBad
17133,4,581.26,4,580.4900000000001,swap,notBad
17134,4,581.26,4,580.4900000000001,swap,notBad
17135,4,581.26,4,580.4900000000001,move,improve
17136,4,581.26,4,580.4900000000001,2opt,notBad
17137,4,581.26,4,580.4900000000001,2opt,notBad
17138,4,581.26,4,580.4900000000001,move,improve
17139,4,581.26,4,580.4900000000001,move,improve
17140,4,581.26,4,580.4900000000001,2opt,notBad
17141,4,581.26,4,580.4900000000001,2opt,notBad
17142,4,581.26,4,580.4900000000001,move,improve
17143,4,581.26,4,580.4900000000001,move,improve
17144,4,581.26,4,580.4900000000001,move,improve
17145,4,581.26,4,580.4900000000001,move,improve
17146,4,581.26,4,580.4900000000001,move,improve
17147,4,581.26,4,580.4900000000001,move,improve
17148,4,581.26,4,580.4900000000001,move,improve
17149,4,581.26,4,580.4900000000001,move,improve
17150,4,581.26,4,580.4900000000001,swap,notBad
17151,4,581.26,4,580.4900000000001,2opt,notBad
17152,4,581.26,4,580.4900000000001,2opt,notBad
17153,4,581.26,4,580.4900000000001,swap,notBad
17154,4,581.26,4,580.4900000000001,swap,notBad
17155,4,581.26,4,580.4900000000001,2opt,notBad
17156,4,581.26,4,580.4900000000001,move,improve
17157,4,581.26,4,580.4900000000001,move,improve
17158,4,581.26,4,580.4900000000001,2opt,notBad
17159,4,581.26,4,580.4900000000001,swap,notBad
17160,4,581.26,4,580.4900000000001,move,improve
17161,4,581.26,4,580.4900000000001,2opt,notBad
17162,4,581.26,4,580.4900000000001,2opt,notBad
17163,4,581.26,4,580.4900000000001,move,improve
17164,4,581.26,4,580.4900000000001,move,improve
17165,4,581.26,4,580.4900000000001,2opt,notBad
17166,4,581.26,4,580.4900000000001,swap,notBad
17167,4,581.26,4,580.4900000000001,move,improve
17168,4,581.26,4,580.4900000000001,swap,notBad
17169,4,581.26,4,580.4900000000001,2opt,notBad
17170,4,581.26,4,580.4900000000001,2opt,notBad
17171,4,581.26,4,580.4900000000001,move,improve
17172,4,581.26,4,580.4900000000001,2opt,improve
17173,4,581.26,4,580.4900000000001,swap,notBad
17174,4,581.26,4,580.4900000000001,move,improve
17175,4,581.26,4,580.4900000000001,2opt,notBad
17176,4,581.86,4,580.4900000000001,move,acceptBad
17177,4,581.86,4,580.4900000000001,swap,notBad
17178,4,581.86,4,580.4900000000001,swap,notBad
17179,4,581.86,4,580.4900000000001,swap,notBad
17180,4,581.86,4,580.4900000000001,2opt,notBad
17181,4,581.86,4,580.4900000000001,swap,notBad
17182,4,581.86,4,580.4900000000001,2opt,notBad
17183,4,581.86,4,580.4900000000001,swap,notBad
17184,4,581.86,4,580.4900000000001,2opt,notBad
17185,4,581.86,4,580.4900000000001,2opt,notBad
17186,4,581.86,4,580.4900000000001,swap,notBad
17187,4,581.86,4,580.4900000000001,swap,notBad
17188,4,581.86,4,580.4900000000001,swap,notBad
17189,4,581.86,4,580.4900000000001,2opt,notBad
17190,4,581.26,4,580.4900000000001,move,improve
17191,4,581.26,4,580.4900000000001,2opt,notBad
17192,4,581.26,4,580.4900000000001,2opt,notBad
17193,4,581.26,4,580.4900000000001,move,improve
17194,4,581.26,4,580.4900000000001,2opt,notBad
17195,4,581.26,4,580.4900000000001,2opt,notBad
17196,4,581.26,4,580.4900000000001,swap,notBad
17197,4,581.26,4,580.4900000000001,move,improve
17198,4,581.26,4,580.4900000000001,move,improve
17199,4,581.26,4,580.4900000000001,swap,notBad
17200,4,581.26,4,580.4900000000001,2opt,notBad
17201,4,581.26,4,580.4900000000001,swap,notBad
17202,4,581.26,4,580.4900000000001,swap,notBad
17203,4,581.26,4,580.4900000000001,move,improve
17204,4,581.26,4,580.4900000000001,swap,notBad
17205,4,581.26,4,580.4900000000001,swap,notBad
17206,4,581.26,4,580.4900000000001,swap,notBad
17207,4,581.26,4,580.4900000000001,swap,notBad
17208,4,581.26,4,580.4900000000001,move,improve
17209,4,581.26,4,580.4900000000001,2opt,notBad
17210,4,581.26,4,580.4900000000001,swap,notBad
17211,4,581.26,4,580.4900000000001,swap,notBad
17212,4,581.26,4,580.4900000000001,2opt,notBad
17213,4,581.26,4,580.4900000000001,move,improve
17214,4,581.26,4,580.4900000000001,move,improve
17215,4,581.26,4,580.4900000000001,swap,notBad
17216,4,581.26,4,580.4900000000001,move,improve
17217,4,581.26,4,580.4900000000001,swap,notBad
17218,4,581.26,4,580.4900000000001,swap,notBad
17219,4,581.26,4,580.4900000000001,2opt,notBad
17220,4,581.26,4,580.4900000000001,2opt,notBad
17221,4,581.26,4,580.4900000000001,move,improve
17222,4,581.26,4,580.4900000000001,2opt,notBad
17223,4,581.26,4,580.4900000000001,2opt,notBad
17224,4,581.26,4,580.4900000000001,2opt,notBad
17225,4,581.26,4,580.4900000000001,move,improve
17226,4,581.26,4,580.4900000000001,swap,notBad
17227,4,581.26,4,580.4900000000001,swap,notBad
17228,4,581.26,4,580.4900000000001,swap,notBad
17229,4,581.26,4,580.4900000000001,swap,notBad
17230,4,581.26,4,580.4900000000001,swap,notBad
17231,4,581.26,4,580.4900000000001,swap,notBad
17232,4,581.26,4,580.4900000000001,move,improve
17233,4,581.26,4,580.4900000000001,2opt,notBad
17234,4,581.26,4,580.4900000000001,swap,notBad
17235,4,581.26,4,580.4900000000001,move,improve
17236,4,581.26,4,580.4900000000001,swap,notBad
17237,4,581.26,4,580.4900000000001,swap,notBad
17238,4,581.26,4,580.4900000000001,move,improve
17239,4,581.26,4,580.4900000000001,move,improve
17240,4,581.26,4,580.4900000000001,move,improve
17241,4,581.26,4,580.4900000000001,move,improve
17242,4,581.26,4,580.4900000000001,move,improve
17243,4,581.26,4,580.4900000000001,swap,notBad
17244,4,581.26,4,580.4900000000001,move,improve
17245,4,581.26,4,580.4900000000001,swap,notBad
17246,4,581.26,4,580.4900000000001,2opt,notBad
17247,4,581.26,4,580.4900000000001,2opt,notBad
17248,4,581.26,4,580.4900000000001,move,improve
17249,4,581.26,4,580.4900000000001,swap,notBad
17250,4,581.26,4,580.4900000000001,2opt,notBad
17251,4,581.26,4,580.4900000000001,swap,notBad
17252,4,581.26,4,580.4900000000001,2opt,notBad
17253,4,581.26,4,580.4900000000001,2opt,notBad
17254,4,581.26,4,580.4900000000001,swap,notBad
17255,4,581.26,4,580.4900000000001,move,improve
17256,4,581.26,4,580.4900000000001,swap,notBad
17257,4,581.26,4,580.4900000000001,2opt,notBad
17258,4,581.26,4,580.4900000000001,swap,notBad
17259,4,581.26,4,580.4900000000001,2opt,notBad
17260,4,581.26,4,580.4900000000001,2opt,improve
17261,4,581.26,4,580.4900000000001,swap,notBad
17262,4,581.26,4,580.4900000000001,swap,notBad
17263,4,581.26,4,580.4900000000001,2opt,improve
17264,4,581.26,4,580.4900000000001,swap,notBad
17265,4,581.26,4,580.4900000000001,move,improve
17266,4,581.26,4,580.4900000000001,move,improve
17267,4,581.26,4,580.4900000000001,move,improve
17268,4,581.26,4,580.4900000000001,move,improve
17269,4,581.26,4,580.4900000000001,move,improve
17270,4,581.26,4,580.4900000000001,2opt,improve
17271,4,581.26,4,580.4900000000001,swap,notBad
17272,4,581.26,4,580.4900000000001,move,improve
17273,4,581.26,4,580.4900000000001,move,notBad
17274,4,581.26,4,580.4900000000001,swap,notBad
17275,4,581.26,4,580.4900000000001,move,improve
17276,4,581.26,4,580.4900000000001,2opt,notBad
17277,4,581.26,4,580.4900000000001,swap,notBad
17278,4,581.26,4,580.4900000000001,swap,notBad
17279,4,581.26,4,580.4900000000001,2opt,notBad
17280,4,581.26,4,580.4900000000001,move,improve
17281,4,581.26,4,580.4900000000001,swap,notBad
17282,4,581.26,4,580.4900000000001,2opt,improve
17283,4,581.26,4,580.4900000000001,2opt,notBad
17284,4,581.26,4,580.4900000000001,2opt,notBad
17285,4,581.26,4,580.4900000000001,2opt,notBad
17286,4,581.26,4,580.4900000000001,swap,notBad
17287,4,581.26,4,580.4900000000001,2opt,notBad
17288,4,581.26,4,580.4900000000001,move,improve
17289,4,581.26,4,580.4900000000001,move,improve
17290,4,581.26,4,580.4900000000001,swap,notBad
17291,4,581.26,4,580.4900000000001,move,improve
17292,4,581.26,4,580.4900000000001,swap,notBad
17293,4,581.26,4,580.4900000000001,move,improve
17294,4,581.26,4,580.4900000000001,swap,notBad
17295,4,581.26,4,580.4900000000001,swap,notBad
17296,4,581.26,4,580.4900000000001,2opt,improve
17297,4,581.26,4,580.4900000000001,move,improve
17298,4,581.26,4,580.4900000000001,swap,notBad
17299,4,581.26,4,580.4900000000001,move,improve
17300,4,581.26,4,580.4900000000001,move,improve
17301,4,581.26,4,580.4900000000001,move,improve
17302,4,581.26,4,580.4900000000001,2opt,notBad
17303,4,581.26,4,580.4900000000001,2opt,notBad
17304,4,581.26,4,580.4900000000001,2opt,notBad
17305,4,581.26,4,580.4900000000001,move,improve
17306,4,581.26,4,580.4900000000001,2opt,notBad
17307,4,581.26,4,580.4900000000001,swap,notBad
17308,4,581.26,4,580.4900000000001,2opt,notBad
17309,4,581.26,4,580.4900000000001,swap,notBad
17310,4,581.26,4,580.4900000000001,swap,notBad
17311,4,581.26,4,580.4900000000001,move,improve
17312,4,581.26,4,580.4900000000001,2opt,notBad
17313,4,581.86,4,580.4900000000001,move,acceptBad
17314,4,581.86,4,580.4900000000001,2opt,notBad
17315,4,581.86,4,580.4900000000001,move,improve
17316,4,581.86,4,580.4900000000001,move,improve
17317,4,581.86,4,580.4900000000001,swap,notBad
17318,4,581.86,4,580.4900000000001,2opt,notBad
17319,4,581.86,4,580.4900000000001,2opt,notBad
17320,4,581.86,4,580.4900000000001,swap,notBad
17321,4,581.86,4,580.4900000000001,swap,notBad
17322,4,581.86,4,580.4900000000001,2opt,notBad
17323,4,581.86,4,580.4900000000001,move,improve
17324,4,581.86,4,580.4900000000001,move,improve
17325,4,581.86,4,580.4900000000001,swap,notBad
17326,4,581.86,4,580.4900000000001,move,improve
17327,4,581.86,4,580.4900000000001,2opt,notBad
17328,4,581.86,4,580.4900000000001,2opt,notBad
17329,4,581.86,4,580.4900000000001,move,improve
17330,4,581.86,4,580.4900000000001,2opt,notBad
17331,4,581.86,4,580.4900000000001,move,improve
17332,4,581.86,4,580.4900000000001,move,improve
17333,4,581.86,4,580.4900000000001,2opt,notBad
17334,4,581.86,4,580.4900000000001,2opt,notBad
17335,4,581.86,4,580.4900000000001,move,improve
17336,4,581.86,4,580.4900000000001,swap,notBad
17337,4,581.86,4,580.4900000000001,move,improve
17338,4,581.86,4,580.4900000000001,swap,notBad
17339,4,581.86,4,580.4900000000001,2opt,notBad
17340,4,581.86,4,580.4900000000001,swap,notBad
17341,4,581.86,4,580.4900000000001,move,improve
17342,4,581.86,4,580.4900000000001,2opt,notBad
17343,4,581.86,4,580.4900000000001,swap,notBad
17344,4,581.86,4,580.4900000000001,swap,notBad
17345,4,581.86,4,580.4900000000001,2opt,improve
17346,4,581.86,4,580.4900000000001,swap,notBad
17347,4,581.86,4,580.4900000000001,swap,notBad
17348,4,581.86,4,580.4900000000001,2opt,notBad
17349,4,581.86,4,580.4900000000001,2opt,improve
17350,4,581.86,4,580.4900000000001,move,improve
17351,4,581.86,4,580.4900000000001,move,improve
17352,4,581.86,4,580.4900000000001,2opt,notBad
17353,4,581.86,4,580.4900000000001,2opt,notBad
17354,4,581.86,4,580.4900000000001,move,improve
17355,4,581.86,4,580.4900000000001,2opt,notBad
17356,4,581.86,4,580.4900000000001,swap,notBad
17357,4,581.86,4,580.4900000000001,swap,notBad
17358,4,581.86,4,580.4900000000001,swap,notBad
17359,4,581.86,4,580.4900000000001,swap,notBad
17360,4,581.86,4,580.4900000000001,2opt,improve
17361,4,581.86,4,580.4900000000001,swap,notBad
17362,4,581.86,4,580.4900000000001,2opt,notBad
17363,4,581.86,4,580.4900000000001,2opt,notBad
17364,4,581.86,4,580.4900000000001,swap,notBad
17365,4,581.86,4,580.4900000000001,2opt,notBad
17366,4,581.86,4,580.4900000000001,2opt,notBad
17367,4,581.86,4,580.4900000000001,move,improve
17368,4,581.86,4,580.4900000000001,2opt,notBad
17369,4,581.86,4,580.4900000000001,swap,notBad
17370,4,581.86,4,580.4900000000001,swap,notBad
17371,4,581.86,4,580.4900000000001,move,improve
17372,4,581.86,4,580.4900000000001,swap,notBad
17373,4,581.86,4,580.4900000000001,swap,notBad
17374,4,581.86,4,580.4900000000001,2opt,notBad
17375,4,581.86,4,580.4900000000001,swap,notBad
17376,4,581.86,4,580.4900000000001,2opt,notBad
17377,4,581.86,4,580.4900000000001,move,improve
17378,4,581.86,4,580.4900000000001,2opt,notBad
17379,4,581.86,4,580.4900000000001,swap,notBad
17380,4,581.86,4,580.4900000000001,2opt,improve
17381,4,581.86,4,580.4900000000001,move,improve
17382,4,581.86,4,580.4900000000001,move,improve
17383,4,581.86,4,580.4900000000001,move,improve
17384,4,581.86,4,580.4900000000001,swap,notBad
17385,4,581.86,4,580.4900000000001,2opt,notBad
17386,4,581.86,4,580.4900000000001,swap,notBad
17387,4,581.86,4,580.4900000000001,swap,notBad
17388,4,581.86,4,580.4900000000001,swap,notBad
17389,4,581.86,4,580.4900000000001,2opt,notBad
17390,4,581.86,4,580.4900000000001,2opt,notBad
17391,4,581.86,4,580.4900000000001,move,improve
17392,4,581.86,4,580.4900000000001,2opt,notBad
17393,4,581.86,4,580.4900000000001,2opt,notBad
17394,4,581.86,4,580.4900000000001,swap,notBad
17395,4,581.86,4,580.4900000000001,move,improve
17396,4,581.86,4,580.4900000000001,swap,notBad
17397,4,581.86,4,580.4900000000001,2opt,notBad
17398,4,581.86,4,580.4900000000001,move,improve
17399,4,581.86,4,580.4900000000001,swap,notBad
17400,4,581.86,4,580.4900000000001,2opt,notBad
17401,4,581.86,4,580.4900000000001,swap,notBad
17402,4,581.86,4,580.4900000000001,swap,notBad
17403,4,581.86,4,580.4900000000001,2opt,notBad
17404,4,581.86,4,580.4900000000001,2opt,notBad
17405,4,581.86,4,580.4900000000001,2opt,notBad
17406,4,581.86,4,580.4900000000001,swap,notBad
17407,4,581.86,4,580.4900000000001,swap,notBad
17408,4,581.86,4,580.4900000000001,2opt,notBad
17409,4,581.86,4,580.4900000000001,swap,notBad
17410,4,581.86,4,580.4900000000001,move,improve
17411,4,581.86,4,580.4900000000001,move,improve
17412,4,581.86,4,580.4900000000001,2opt,notBad
17413,4,581.86,4,580.4900000000001,move,improve
17414,4,581.86,4,580.4900000000001,move,improve
17415,4,581.86,4,580.4900000000001,move,improve
17416,4,581.86,4,580.4900000000001,2opt,notBad
17417,4,581.86,4,580.4900000000001,2opt,notBad
17418,4,581.86,4,580.4900000000001,move,improve
17419,4,581.86,4,580.4900000000001,2opt,notBad
17420,4,581.86,4,580.4900000000001,2opt,improve
17421,4,581.86,4,580.4900000000001,2opt,notBad
17422,4,581.86,4,580.4900000000001,swap,notBad
17423,4,581.86,4,580.4900000000001,2opt,notBad
17424,4,581.86,4,580.4900000000001,swap,notBad
17425,4,581.86,4,580.4900000000001,swap,notBad
17426,4,581.86,4,580.4900000000001,swap,notBad
17427,4,581.86,4,580.4900000000001,2opt,notBad
17428,4,581.86,4,580.4900000000001,swap,notBad
17429,4,581.86,4,580.4900000000001,swap,notBad
17430,4,581.86,4,580.4900000000001,swap,notBad
17431,4,581.86,4,580.4900000000001,2opt,notBad
17432,4,581.86,4,580.4900000000001,swap,notBad
17433,4,581.86,4,580.4900000000001,swap,notBad
17434,4,581.86,4,580.4900000000001,2opt,notBad
17435,4,581.86,4,580.4900000000001,move,improve
17436,4,581.86,4,580.4900000000001,2opt,notBad
17437,4,581.86,4,580.4900000000001,2opt,notBad
17438,4,581.86,4,580.4900000000001,move,improve
17439,4,581.86,4,580.4900000000001,move,improve
17440,4,581.86,4,580.4900000000001,move,improve
17441,4,581.86,4,580.4900000000001,2opt,notBad
17442,4,581.86,4,580.4900000000001,2opt,notBad
17443,4,581.86,4,580.4900000000001,2opt,notBad
17444,4,581.86,4,580.4900000000001,2opt,notBad
17445,4,581.86,4,580.4900000000001,move,improve
17446,4,581.86,4,580.4900000000001,swap,notBad
17447,4,581.86,4,580.4900000000001,swap,notBad
17448,4,581.86,4,580.4900000000001,move,improve
17449,4,581.86,4,580.4900000000001,2opt,notBad
17450,4,581.86,4,580.4900000000001,swap,notBad
17451,4,581.86,4,580.4900000000001,move,improve
17452,4,581.86,4,580.4900000000001,swap,notBad
17453,4,581.86,4,580.4900000000001,move,improve
17454,4,581.86,4,580.4900000000001,swap,notBad
17455,4,581.86,4,580.4900000000001,move,improve
17456,4,581.86,4,580.4900000000001,2opt,notBad
17457,4,581.86,4,580.4900000000001,swap,notBad
17458,4,581.86,4,580.4900000000001,move,improve
17459,4,581.86,4,580.4900000000001,2opt,notBad
17460,4,581.86,4,580.4900000000001,swap,notBad
17461,4,581.86,4,580.4900000000001,swap,notBad
17462,4,581.86,4,580.4900000000001,move,improve
17463,4,581.86,4,580.4900000000001,2opt,notBad
17464,4,581.86,4,580.4900000000001,swap,notBad
17465,4,581.86,4,580.4900000000001,swap,notBad
17466,4,581.86,4,580.4900000000001,move,improve
17467,4,581.86,4,580.4900000000001,2opt,notBad
17468,4,581.86,4,580.4900000000001,move,improve
17469,4,581.86,4,580.4900000000001,swap,notBad
17470,4,581.86,4,580.4900000000001,swap,notBad
17471,4,581.86,4,580.4900000000001,swap,notBad
17472,4,581.86,4,580.4900000000001,move,improve
17473,4,581.86,4,580.4900000000001,2opt,notBad
17474,4,581.86,4,580.4900000000001,move,improve
17475,4,581.86,4,580.4900000000001,swap,notBad
17476,4,581.86,4,580.4900000000001,swap,notBad
17477,4,581.86,4,580.4900000000001,swap,notBad
17478,4,581.86,4,580.4900000000001,swap,notBad
17479,4,581.86,4,580.4900000000001,swap,notBad
17480,4,581.86,4,580.4900000000001,move,improve
17481,4,581.86,4,580.4900000000001,move,improve
17482,4,581.86,4,580.4900000000001,move,improve
17483,4,581.86,4,580.4900000000001,swap,notBad
17484,4,581.86,4,580.4900000000001,move,improve
17485,4,581.86,4,580.4900000000001,2opt,notBad
17486,4,581.86,4,580.4900000000001,swap,notBad
17487,4,581.86,4,580.4900000000001,move,improve
17488,4,581.86,4,580.4900000000001,2opt,notBad
17489,4,581.86,4,580.4900000000001,2opt,notBad
17490,4,581.86,4,580.4900000000001,2opt,notBad
17491,4,581.86,4,580.4900000000001,move,improve
17492,4,581.86,4,580.4900000000001,2opt,notBad
17493,4,581.86,4,580.4900000000001,swap,notBad
17494,4,581.26,4,580.4900000000001,move,improve
17495,4,581.26,4,580.4900000000001,swap,notBad
17496,4,581.26,4,580.4900000000001,move,improve
17497,4,581.26,4,580.4900000000001,2opt,notBad
17498,4,581.26,4,580.4900000000001,2opt,notBad
17499,4,581.26,4,580.4900000000001,2opt,improve
17500,4,581.26,4,580.4900000000001,2opt,notBad
17501,4,581.26,4,580.4900000000001,2opt,notBad
17502,4,581.26,4,580.4900000000001,move,improve
17503,4,581.26,4,580.4900000000001,2opt,notBad
17504,4,581.26,4,580.4900000000001,swap,notBad
17505,4,581.26,4,580.4900000000001,swap,notBad
17506,4,581.26,4,580.4900000000001,2opt,notBad
17507,4,581.26,4,580.4900000000001,swap,notBad
17508,4,581.26,4,580.4900000000001,swap,notBad
17509,4,581.26,4,580.4900000000001,swap,notBad
17510,4,581.26,4,580.4900000000001,2opt,notBad
17511,4,581.26,4,580.4900000000001,move,improve
17512,4,581.26,4,580.4900000000001,2opt,notBad
17513,4,581.26,4,580.4900000000001,move,improve
17514,4,581.26,4,580.4900000000001,move,improve
17515,4,581.26,4,580.4900000000001,swap,notBad
17516,4,581.26,4,580.4900000000001,2opt,notBad
17517,4,581.26,4,580.4900000000001,swap,notBad
17518,4,581.26,4,580.4900000000001,move,improve
17519,4,581.26,4,580.4900000000001,move,improve
17520,4,581.26,4,580.4900000000001,move,improve
17521,4,581.26,4,580.4900000000001,move,improve
17522,4,581.26,4,580.4900000000001,move,improve
17523,4,581.26,4,580.4900000000001,move,improve
17524,4,581.26,4,580.4900000000001,2opt,improve
17525,4,581.26,4,580.4900000000001,swap,notBad
17526,4,581.26,4,580.4900000000001,swap,notBad
17527,4,581.26,4,580.4900000000001,move,improve
17528,4,581.26,4,580.4900000000001,swap,notBad
17529,4,581.26,4,580.4900000000001,move,improve
17530,4,581.26,4,580.4900000000001,move,improve
17531,4,581.26,4,580.4900000000001,swap,notBad
17532,4,581.26,4,580.4900000000001,swap,notBad
17533,4,581.26,4,580.4900000000001,2opt,notBad
17534,4,581.26,4,580.4900000000001,2opt,notBad
17535,4,581.26,4,580.4900000000001,swap,notBad
17536,4,581.26,4,580.4900000000001,2opt,notBad
17537,4,581.26,4,580.4900000000001,swap,notBad
17538,4,581.26,4,580.4900000000001,swap,notBad
17539,4,581.26,4,580.4900000000001,move,improve
17540,4,581.26,4,580.4900000000001,move,improve
17541,4,581.26,4,580.4900000000001,swap,notBad
17542,4,581.26,4,580.4900000000001,2opt,notBad
17543,4,581.26,4,580.4900000000001,move,improve
17544,4,581.26,4,580.4900000000001,2opt,notBad
17545,4,581.26,4,580.4900000000001,2opt,notBad
17546,4,581.26,4,580.4900000000001,move,improve
17547,4,581.26,4,580.4900000000001,2opt,notBad
17548,4,581.26,4,580.4900000000001,move,improve
17549,4,581.26,4,580.4900000000001,2opt,notBad
17550,4,581.26,4,580.4900000000001,swap,notBad
17551,4,581.26,4,580.4900000000001,swap,notBad
17552,4,581.26,4,580.4900000000001,2opt,notBad
17553,4,581.26,4,580.4900000000001,move,improve
17554,4,581.26,4,580.4900000000001,move,improve
17555,4,581.26,4,580.4900000000001,move,improve
17556,4,581.26,4,580.4900000000001,swap,notBad
17557,4,581.26,4,580.4900000000001,swap,notBad
17558,4,581.26,4,580.4900000000001,2opt,notBad
17559,4,581.26,4,580.4900000000001,2opt,notBad
17560,4,581.26,4,580.4900000000001,swap,notBad
17561,4,581.26,4,580.4900000000001,2opt,notBad
17562,4,581.26,4,580.4900000000001,2opt,notBad
17563,4,581.26,4,580.4900000000001,2opt,notBad
17564,4,581.26,4,580.4900000000001,move,improve
17565,4,581.26,4,580.4900000000001,2opt,notBad
17566,4,581.26,4,580.4900000000001,move,improve
17567,4,581.26,4,580.4900000000001,swap,notBad
17568,4,581.26,4,580.4900000000001,2opt,notBad
17569,4,581.26,4,580.4900000000001,2opt,notBad
17570,4,581.26,4,580.4900000000001,2opt,notBad
17571,4,581.26,4,580.4900000000001,swap,notBad
17572,4,581.26,4,580.4900000000001,2opt,notBad
17573,4,581.26,4,580.4900000000001,2opt,notBad
17574,4,581.26,4,580.4900000000001,move,improve
17575,4,581.26,4,580.4900000000001,move,improve
17576,4,581.26,4,580.4900000000001,move,improve
17577,4,581.26,4,580.4900000000001,swap,notBad
17578,4,581.26,4,580.4900000000001,2opt,notBad
17579,4,581.26,4,580.4900000000001,swap,notBad
17580,4,581.26,4,580.4900000000001,2opt,notBad
17581,4,581.26,4,580.4900000000001,move,improve
17582,4,581.26,4,580.4900000000001,swap,notBad
17583,4,581.26,4,580.4900000000001,move,improve
17584,4,581.26,4,580.4900000000001,move,improve
17585,4,581.26,4,580.4900000000001,swap,notBad
17586,4,581.26,4,580.4900000000001,swap,notBad
17587,4,581.26,4,580.4900000000001,2opt,notBad
17588,4,581.26,4,580.4900000000001,swap,notBad
17589,4,581.26,4,580.4900000000001,2opt,notBad
17590,4,581.26,4,580.4900000000001,2opt,notBad
17591,4,581.26,4,580.4900000000001,move,improve
17592,4,581.26,4,580.4900000000001,move,improve
17593,4,581.26,4,580.4900000000001,2opt,notBad
17594,4,581.26,4,580.4900000000001,swap,notBad
17595,4,581.26,4,580.4900000000001,move,improve
17596,4,581.26,4,580.4900000000001,swap,notBad
17597,4,581.26,4,580.4900000000001,2opt,notBad
17598,4,581.26,4,580.4900000000001,2opt,notBad
17599,4,581.26,4,580.4900000000001,2opt,notBad
17600,4,581.26,4,580.4900000000001,swap,notBad
17601,4,581.26,4,580.4900000000001,swap,notBad
17602,4,581.26,4,580.4900000000001,swap,notBad
17603,4,581.26,4,580.4900000000001,move,improve
17604,4,581.26,4,580.4900000000001,swap,notBad
17605,4,581.26,4,580.4900000000001,2opt,notBad
17606,4,581.26,4,580.4900000000001,move,improve
17607,4,581.26,4,580.4900000000001,move,improve
17608,4,581.26,4,580.4900000000001,2opt,notBad
17609,4,581.26,4,580.4900000000001,swap,notBad
17610,4,581.26,4,580.4900000000001,swap,notBad
17611,4,581.26,4,580.4900000000001,2opt,notBad
17612,4,581.26,4,580.4900000000001,move,improve
17613,4,581.26,4,580.4900000000001,move,improve
17614,4,581.26,4,580.4900000000001,move,improve
17615,4,581.26,4,580.4900000000001,2opt,notBad
17616,4,581.26,4,580.4900000000001,2opt,notBad
17617,4,581.26,4,580.4900000000001,swap,notBad
17618,4,581.26,4,580.4900000000001,move,improve
17619,4,581.26,4,580.4900000000001,move,improve
17620,4,581.26,4,580.4900000000001,move,improve
17621,4,581.26,4,580.4900000000001,2opt,notBad
17622,4,581.26,4,580.4900000000001,swap,notBad
17623,4,581.26,4,580.4900000000001,swap,notBad
17624,4,581.26,4,580.4900000000001,2opt,notBad
17625,4,581.26,4,580.4900000000001,swap,notBad
17626,4,581.26,4,580.4900000000001,2opt,notBad
17627,4,581.26,4,580.4900000000001,swap,notBad
17628,4,581.26,4,580.4900000000001,move,improve
17629,4,581.26,4,580.4900000000001,swap,notBad
17630,4,581.26,4,580.4900000000001,swap,notBad
17631,4,581.26,4,580.4900000000001,swap,notBad
17632,4,581.26,4,580.4900000000001,swap,notBad
17633,4,581.26,4,580.4900000000001,move,improve
17634,4,581.26,4,580.4900000000001,2opt,notBad
17635,4,581.26,4,580.4900000000001,2opt,notBad
17636,4,581.26,4,580.4900000000001,move,improve
17637,4,581.26,4,580.4900000000001,2opt,notBad
17638,4,581.26,4,580.4900000000001,move,improve
17639,4,581.26,4,580.4900000000001,move,improve
17640,4,581.26,4,580.4900000000001,swap,notBad
17641,4,581.26,4,580.4900000000001,move,improve
17642,4,581.26,4,580.4900000000001,2opt,notBad
17643,4,581.26,4,580.4900000000001,move,improve
17644,4,581.26,4,580.4900000000001,swap,notBad
17645,4,581.26,4,580.4900000000001,2opt,notBad
17646,4,581.26,4,580.4900000000001,2opt,notBad
17647,4,581.26,4,580.4900000000001,move,improve
17648,4,581.26,4,580.4900000000001,2opt,notBad
17649,4,581.26,4,580.4900000000001,move,improve
17650,4,581.26,4,580.4900000000001,move,improve
17651,4,581.26,4,580.4900000000001,2opt,notBad
17652,4,581.26,4,580.4900000000001,move,improve
17653,4,581.26,4,580.4900000000001,2opt,notBad
17654,4,581.26,4,580.4900000000001,2opt,improve
17655,4,581.26,4,580.4900000000001,2opt,notBad
17656,4,581.26,4,580.4900000000001,swap,notBad
17657,4,581.26,4,580.4900000000001,move,improve
17658,4,581.26,4,580.4900000000001,2opt,notBad
17659,4,581.26,4,580.4900000000001,move,improve
17660,4,581.26,4,580.4900000000001,move,notBad
17661,4,581.26,4,580.4900000000001,move,improve
17662,4,581.26,4,580.4900000000001,2opt,notBad
17663,4,581.26,4,580.4900000000001,move,improve
17664,4,581.26,4,580.4900000000001,move,improve
17665,4,581.26,4,580.4900000000001,swap,notBad
17666,4,581.26,4,580.4900000000001,2opt,notBad
17667,4,581.26,4,580.4900000000001,move,improve
17668,4,581.26,4,580.4900000000001,move,improve
17669,4,581.26,4,580.4900000000001,swap,notBad
17670,4,581.26,4,580.4900000000001,swap,notBad
17671,4,581.26,4,580.4900000000001,2opt,notBad
17672,4,581.26,4,580.4900000000001,move,improve
17673,4,581.26,4,580.4900000000001,swap,notBad
17674,4,581.26,4,580.4900000000001,2opt,improve
17675,4,581.26,4,580.4900000000001,move,improve
17676,4,581.26,4,580.4900000000001,swap,notBad
17677,4,581.26,4,580.4900000000001,swap,notBad
17678,4,581.26,4,580.4900000000001,swap,notBad
17679,4,581.26,4,580.4900000000001,move,improve
17680,4,581.26,4,580.4900000000001,2opt,notBad
17681,4,581.26,4,580.4900000000001,2opt,notBad
17682,4,581.26,4,580.4900000000001,move,improve
17683,4,581.26,4,580.4900000000001,move,improve
17684,4,581.26,4,580.4900000000001,swap,notBad
17685,4,581.26,4,580.4900000000001,move,improve
17686,4,581.26,4,580.4900000000001,2opt,notBad
17687,4,581.26,4,580.4900000000001,2opt,notBad
17688,4,581.26,4,580.4900000000001,swap,notBad
17689,4,581.26,4,580.4900000000001,2opt,notBad
17690,4,581.26,4,580.4900000000001,move,improve
17691,4,581.26,4,580.4900000000001,move,improve
17692,4,581.26,4,580.4900000000001,move,improve
17693,4,581.26,4,580.4900000000001,swap,notBad
17694,4,581.26,4,580.4900000000001,2opt,notBad
17695,4,581.26,4,580.4900000000001,2opt,notBad
17696,4,581.26,4,580.4900000000001,swap,notBad
17697,4,581.26,4,580.4900000000001,2opt,notBad
17698,4,581.26,4,580.4900000000001,move,improve
17699,4,581.26,4,580.4900000000001,2opt,notBad
17700,4,581.26,4,580.4900000000001,swap,notBad
17701,4,581.26,4,580.4900000000001,swap,notBad
17702,4,581.26,4,580.4900000000001,2opt,notBad
17703,4,581.26,4,580.4900000000001,swap,notBad
17704,4,581.26,4,580.4900000000001,swap,notBad
17705,4,581.26,4,580.4900000000001,move,improve
17706,4,581.26,4,580.4900000000001,2opt,notBad
17707,4,581.26,4,580.4900000000001,swap,notBad
17708,4,581.26,4,580.4900000000001,move,improve
17709,4,581.26,4,580.4900000000001,swap,notBad
17710,4,581.26,4,580.4900000000001,swap,notBad
17711,4,581.26,4,580.4900000000001,move,improve
17712,4,581.26,4,580.4900000000001,2opt,notBad
17713,4,581.26,4,580.4900000000001,move,improve
17714,4,581.26,4,580.4900000000001,move,improve
17715,4,581.26,4,580.4900000000001,2opt,notBad
17716,4,581.26,4,580.4900000000001,swap,notBad
17717,4,581.26,4,580.4900000000001,2opt,notBad
17718,4,581.26,4,580.4900000000001,swap,notBad
17719,4,581.26,4,580.4900000000001,swap,notBad
17720,4,581.26,4,580.4900000000001,2opt,notBad
17721,4,581.26,4,580.4900000000001,swap,notBad
17722,4,581.26,4,580.4900000000001,move,improve
17723,4,581.26,4,580.4900000000001,2opt,notBad
17724,4,581.26,4,580.4900000000001,move,improve
17725,4,581.26,4,580.4900000000001,swap,notBad
17726,4,581.26,4,580.4900000000001,swap,notBad
17727,4,581.26,4,580.4900000000001,2opt,improve
17728,4,581.26,4,580.4900000000001,move,improve
17729,4,581.26,4,580.4900000000001,swap,notBad
17730,4,581.26,4,580.4900000000001,swap,notBad
17731,4,581.26,4,580.4900000000001,2opt,notBad
17732,4,581.26,4,580.4900000000001,move,improve
17733,4,581.26,4,580.4900000000001,swap,notBad
17734,4,581.26,4,580.4900000000001,2opt,notBad
17735,4,581.26,4,580.4900000000001,swap,notBad
17736,4,581.26,4,580.4900000000001,move,improve
17737,4,581.26,4,580.4900000000001,2opt,notBad
17738,4,581.26,4,580.4900000000001,move,improve
17739,4,581.26,4,580.4900000000001,2opt,notBad
17740,4,581.26,4,580.4900000000001,swap,notBad
17741,4,581.26,4,580.4900000000001,swap,notBad
17742,4,581.26,4,580.4900000000001,swap,notBad
17743,4,581.26,4,580.4900000000001,2opt,notBad
17744,4,581.26,4,580.4900000000001,swap,notBad
17745,4,581.26,4,580.4900000000001,move,improve
17746,4,581.26,4,580.4900000000001,move,improve
17747,4,581.26,4,580.4900000000001,move,improve
17748,4,581.26,4,580.4900000000001,2opt,notBad
17749,4,581.26,4,580.4900000000001,move,improve
17750,4,581.26,4,580.4900000000001,2opt,notBad
17751,4,581.26,4,580.4900000000001,2opt,notBad
17752,4,581.26,4,580.4900000000001,2opt,notBad
17753,4,581.26,4,580.4900000000001,swap,notBad
17754,4,581.26,4,580.4900000000001,move,improve
17755,4,581.26,4,580.4900000000001,move,improve
17756,4,581.26,4,580.4900000000001,2opt,notBad
17757,4,581.26,4,580.4900000000001,move,improve
17758,4,581.26,4,580.4900000000001,move,improve
17759,4,581.26,4,580.4900000000001,swap,notBad
17760,4,581.26,4,580.4900000000001,swap,notBad
17761,4,581.26,4,580.4900000000001,move,improve
17762,4,581.26,4,580.4900000000001,move,improve
17763,4,581.26,4,580.4900000000001,2opt,notBad
17764,4,581.26,4,580.4900000000001,2opt,notBad
17765,4,581.26,4,580.4900000000001,swap,notBad
17766,4,581.26,4,580.4900000000001,2opt,notBad
17767,4,581.26,4,580.4900000000001,move,improve
17768,4,581.26,4,580.4900000000001,2opt,notBad
17769,4,581.26,4,580.4900000000001,2opt,notBad
17770,4,581.26,4,580.4900000000001,move,improve
17771,4,581.26,4,580.4900000000001,move,improve
17772,4,581.26,4,580.4900000000001,2opt,notBad
17773,4,581.26,4,580.4900000000001,swap,notBad
17774,4,581.26,4,580.4900000000001,move,improve
17775,4,581.26,4,580.4900000000001,swap,notBad
17776,4,581.26,4,580.4900000000001,move,improve
17777,4,581.26,4,580.4900000000001,move,improve
17778,4,581.26,4,580.4900000000001,swap,notBad
17779,4,581.26,4,580.4900000000001,2opt,notBad
17780,4,581.26,4,580.4900000000001,2opt,notBad
17781,4,581.26,4,580.4900000000001,2opt,notBad
17782,4,581.26,4,580.4900000000001,2opt,notBad
17783,4,581.26,4,580.4900000000001,move,improve
17784,4,581.26,4,580.4900000000001,move,improve
17785,4,581.26,4,580.4900000000001,swap,notBad
17786,4,581.26,4,580.4900000000001,swap,notBad
17787,4,581.26,4,580.4900000000001,2opt,notBad
17788,4,581.26,4,580.4900000000001,swap,notBad
17789,4,581.26,4,580.4900000000001,2opt,notBad
17790,4,581.26,4,580.4900000000001,swap,notBad
17791,4,581.26,4,580.4900000000001,2opt,notBad
17792,4,581.26,4,580.4900000000001,swap,notBad
17793,4,581.26,4,580.4900000000001,move,improve
17794,4,581.26,4,580.4900000000001,2opt,notBad
17795,4,581.26,4,580.4900000000001,swap,notBad
17796,4,581.26,4,580.4900000000001,swap,notBad
17797,4,581.86,4,580.4900000000001,move,acceptBad
17798,4,581.86,4,580.4900000000001,swap,notBad
17799,4,581.86,4,580.4900000000001,swap,notBad
17800,4,581.86,4,580.4900000000001,move,improve
17801,4,581.86,4,580.4900000000001,move,improve
17802,4,581.86,4,580.4900000000001,swap,notBad
17803,4,581.86,4,580.4900000000001,swap,notBad
17804,4,581.86,4,580.4900000000001,swap,notBad
17805,4,581.86,4,580.4900000000001,move,improve
17806,4,581.86,4,580.4900000000001,2opt,improve
17807,4,581.86,4,580.4900000000001,2opt,notBad
17808,4,581.86,4,580.4900000000001,move,improve
17809,4,581.86,4,580.4900000000001,move,improve
17810,4,581.86,4,580.4900000000001,2opt,notBad
17811,4,581.86,4,580.4900000000001,move,improve
17812,4,581.86,4,580.4900000000001,swap,notBad
17813,4,581.86,4,580.4900000000001,move,improve
17814,4,581.86,4,580.4900000000001,move,improve
17815,4,581.86,4,580.4900000000001,2opt,notBad
17816,4,581.86,4,580.4900000000001,2opt,notBad
17817,4,581.86,4,580.4900000000001,2opt,notBad
17818,4,581.86,4,580.4900000000001,move,improve
17819,4,581.86,4,580.4900000000001,swap,notBad
17820,4,581.86,4,580.4900000000001,swap,notBad
17821,4,581.86,4,580.4900000000001,swap,notBad
17822,4,581.86,4,580.4900000000001,swap,notBad
17823,4,581.86,4,580.4900000000001,2opt,notBad
17824,4,581.86,4,580.4900000000001,2opt,notBad
17825,4,581.86,4,580.4900000000001,move,improve
17826,4,581.86,4,580.4900000000001,swap,notBad
17827,4,581.86,4,580.4900000000001,2opt,notBad
17828,4,581.86,4,580.4900000000001,swap,notBad
17829,4,581.86,4,580.4900000000001,swap,notBad
17830,4,581.86,4,580.4900000000001,2opt,notBad
17831,4,581.86,4,580.4900000000001,2opt,notBad
17832,4,581.86,4,580.4900000000001,2opt,notBad
17833,4,581.86,4,580.4900000000001,swap,notBad
17834,4,581.86,4,580.4900000000001,2opt,notBad
17835,4,581.86,4,580.4900000000001,move,improve
17836,4,581.86,4,580.4900000000001,move,improve
17837,4,581.86,4,580.4900000000001,move,improve
17838,4,581.86,4,580.4900000000001,swap,notBad
17839,4,581.86,4,580.4900000000001,2opt,notBad
17840,4,581.86,4,580.4900000000001,2opt,notBad
17841,4,581.86,4,580.4900000000001,move,improve
17842,4,581.86,4,580.4900000000001,move,improve
17843,4,581.86,4,580.4900000000001,move,improve
17844,4,581.86,4,580.4900000000001,2opt,notBad
17845,4,581.86,4,580.4900000000001,2opt,notBad
17846,4,581.86,4,580.4900000000001,swap,notBad
17847,4,581.86,4,580.4900000000001,move,improve
17848,4,581.86,4,580.4900000000001,swap,notBad
17849,4,581.86,4,580.4900000000001,swap,notBad
17850,4,581.86,4,580.4900000000001,move,improve
17851,4,581.86,4,580.4900000000001,swap,notBad
17852,4,581.86,4,580.4900000000001,2opt,notBad
17853,4,581.86,4,580.4900000000001,2opt,notBad
17854,4,581.86,4,580.4900000000001,2opt,notBad
17855,4,581.86,4,580.4900000000001,swap,notBad
17856,4,581.86,4,580.4900000000001,2opt,notBad
17857,4,581.86,4,580.4900000000001,swap,notBad
17858,4,581.86,4,580.4900000000001,move,improve
17859,4,581.86,4,580.4900000000001,swap,notBad
17860,4,581.86,4,580.4900000000001,swap,notBad
17861,4,581.86,4,580.4900000000001,2opt,notBad
17862,4,581.86,4,580.4900000000001,swap,notBad
17863,4,581.86,4,580.4900000000001,swap,notBad
17864,4,581.86,4,580.4900000000001,2opt,notBad
17865,4,581.86,4,580.4900000000001,swap,notBad
17866,4,581.86,4,580.4900000000001,swap,notBad
17867,4,581.86,4,580.4900000000001,2opt,notBad
17868,4,581.86,4,580.4900000000001,2opt,notBad
17869,4,581.86,4,580.4900000000001,2opt,notBad
17870,4,581.86,4,580.4900000000001,swap,notBad
17871,4,581.86,4,580.4900000000001,swap,notBad
17872,4,581.86,4,580.4900000000001,move,improve
17873,4,581.86,4,580.4900000000001,2opt,notBad
17874,4,581.86,4,580.4900000000001,swap,notBad
17875,4,581.86,4,580.4900000000001,2opt,notBad
17876,4,581.86,4,580.4900000000001,swap,notBad
17877,4,581.86,4,580.4900000000001,move,improve
17878,4,581.86,4,580.4900000000001,2opt,notBad
17879,4,581.86,4,580.4900000000001,swap,notBad
17880,4,581.86,4,580.4900000000001,move,improve
17881,4,581.86,4,580.4900000000001,2opt,notBad
17882,4,581.86,4,580.4900000000001,move,improve
17883,4,581.86,4,580.4900000000001,swap,notBad
17884,4,581.86,4,580.4900000000001,swap,notBad
17885,4,581.86,4,580.4900000000001,2opt,notBad
17886,4,581.86,4,580.4900000000001,2opt,notBad
17887,4,581.86,4,580.4900000000001,move,improve
17888,4,581.86,4,580.4900000000001,swap,notBad
17889,4,581.86,4,580.4900000000001,swap,notBad
17890,4,581.86,4,580.4900000000001,swap,notBad
17891,4,581.86,4,580.4900000000001,move,improve
17892,4,581.86,4,580.4900000000001,2opt,notBad
17893,4,581.86,4,580.4900000000001,2opt,notBad
17894,4,581.86,4,580.4900000000001,2opt,notBad
17895,4,581.86,4,580.4900000000001,2opt,improve
17896,4,581.86,4,580.4900000000001,2opt,notBad
17897,4,581.86,4,580.4900000000001,swap,notBad
17898,4,581.86,4,580.4900000000001,swap,notBad
17899,4,581.86,4,580.4900000000001,swap,notBad
17900,4,581.86,4,580.4900000000001,2opt,notBad
17901,4,581.86,4,580.4900000000001,2opt,notBad
17902,4,581.86,4,580.4900000000001,move,improve
17903,4,581.86,4,580.4900000000001,swap,notBad
17904,4,581.86,4,580.4900000000001,move,improve
17905,4,581.86,4,580.4900000000001,move,improve
17906,4,581.86,4,580.4900000000001,2opt,notBad
17907,4,581.86,4,580.4900000000001,swap,notBad
17908,4,581.86,4,580.4900000000001,move,improve
17909,4,581.86,4,580.4900000000001,swap,notBad
17910,4,581.86,4,580.4900000000001,2opt,notBad
17911,4,581.86,4,580.4900000000001,2opt,notBad
17912,4,581.86,4,580.4900000000001,move,improve
17913,4,581.86,4,580.4900000000001,swap,notBad
17914,4,581.86,4,580.4900000000001,swap,notBad
17915,4,581.86,4,580.4900000000001,swap,notBad
17916,4,581.86,4,580.4900000000001,2opt,notBad
17917,4,581.86,4,580.4900000000001,swap,notBad
17918,4,581.86,4,580.4900000000001,2opt,notBad
17919,4,581.86,4,580.4900000000001,move,improve
17920,4,581.86,4,580.4900000000001,2opt,notBad
17921,4,581.86,4,580.4900000000001,swap,notBad
17922,4,581.86,4,580.4900000000001,move,improve
17923,4,581.86,4,580.4900000000001,move,improve
17924,4,581.86,4,580.4900000000001,2opt,notBad
17925,4,581.86,4,580.4900000000001,swap,notBad
17926,4,581.86,4,580.4900000000001,2opt,notBad
17927,4,581.86,4,580.4900000000001,swap,notBad
17928,4,581.86,4,580.4900000000001,2opt,notBad
17929,4,581.86,4,580.4900000000001,swap,notBad
17930,4,581.86,4,580.4900000000001,swap,notBad
17931,4,581.86,4,580.4900000000001,move,improve
17932,4,581.86,4,580.4900000000001,2opt,notBad
17933,4,581.86,4,580.4900000000001,2opt,notBad
17934,4,581.86,4,580.4900000000001,swap,notBad
17935,4,581.86,4,580.4900000000001,2opt,notBad
17936,4,581.86,4,580.4900000000001,2opt,notBad
17937,4,581.86,4,580.4900000000001,2opt,notBad
17938,4,581.86,4,580.4900000000001,2opt,notBad
17939,4,581.86,4,580.4900000000001,2opt,notBad
17940,4,581.86,4,580.4900000000001,2opt,notBad
17941,4,581.86,4,580.4900000000001,move,improve
17942,4,581.86,4,580.4900000000001,2opt,notBad
17943,4,581.86,4,580.4900000000001,2opt,notBad
17944,4,581.86,4,580.4900000000001,2opt,notBad
17945,4,581.86,4,580.4900000000001,swap,notBad
17946,4,581.86,4,580.4900000000001,swap,notBad
17947,4,581.86,4,580.4900000000001,swap,notBad
17948,4,581.86,4,580.4900000000001,2opt,notBad
17949,4,581.86,4,580.4900000000001,2opt,improve
17950,4,581.86,4,580.4900000000001,swap,notBad
17951,4,581.86,4,580.4900000000001,swap,notBad
17952,4,581.86,4,580.4900000000001,move,improve
17953,4,581.86,4,580.4900000000001,2opt,notBad
17954,4,581.86,4,580.4900000000001,2opt,notBad
17955,4,581.86,4,580.4900000000001,move,improve
17956,4,581.86,4,580.4900000000001,move,improve
17957,4,581.26,4,580.4900000000001,move,improve
17958,4,581.26,4,580.4900000000001,move,improve
17959,4,581.26,4,580.4900000000001,2opt,notBad
17960,4,581.26,4,580.4900000000001,move,improve
17961,4,581.26,4,580.4900000000001,2opt,notBad
17962,4,581.26,4,580.4900000000001,2opt,notBad
17963,4,581.26,4,580.4900000000001,2opt,notBad
17964,4,581.26,4,580.4900000000001,2opt,notBad
17965,4,581.26,4,580.4900000000001,2opt,notBad
17966,4,581.26,4,580.4900000000001,2opt,notBad
17967,4,581.26,4,580.4900000000001,2opt,notBad
17968,4,581.26,4,580.4900000000001,swap,notBad
17969,4,581.26,4,580.4900000000001,move,improve
17970,4,581.26,4,580.4900000000001,move,improve
17971,4,581.26,4,580.4900000000001,move,improve
17972,4,581.26,4,580.4900000000001,move,notBad
17973,4,581.26,4,580.4900000000001,move,improve
17974,4,581.26,4,580.4900000000001,move,improve
17975,4,581.26,4,580.4900000000001,2opt,notBad
17976,4,581.26,4,580.4900000000001,move,improve
17977,4,581.26,4,580.4900000000001,move,improve
17978,4,581.26,4,580.4900000000001,2opt,notBad
17979,4,581.26,4,580.4900000000001,swap,notBad
17980,4,581.26,4,580.4900000000001,move,improve
17981,4,581.26,4,580.4900000000001,swap,notBad
17982,4,581.26,4,580.4900000000001,2opt,notBad
17983,4,581.26,4,580.4900000000001,move,improve
17984,4,581.26,4,580.4900000000001,move,improve
17985,4,581.26,4,580.4900000000001,swap,notBad
17986,4,581.26,4,580.4900000000001,swap,notBad
17987,4,581.26,4,580.4900000000001,2opt,notBad
17988,4,581.26,4,580.4900000000001,swap,notBad
17989,4,581.26,4,580.4900000000001,2opt,notBad
17990,4,581.26,4,580.4900000000001,move,improve
17991,4,581.26,4,580.4900000000001,2opt,notBad
17992,4,581.26,4,580.4900000000001,swap,notBad
17993,4,581.26,4,580.4900000000001,swap,notBad
17994,4,581.26,4,580.4900000000001,swap,notBad
17995,4,581.26,4,580.4900000000001,move,improve
17996,4,581.26,4,580.4900000000001,2opt,notBad
17997,4,581.26,4,580.4900000000001,2opt,notBad
17998,4,581.26,4,580.4900000000001,swap,notBad
17999,4,581.26,4,580.4900000000001,move,improve
18000,4,581.26,4,580.4900000000001,swap,notBad
18001,4,581.26,4,580.4900000000001,2opt,notBad
18002,4,581.26,4,580.4900000000001,move,improve
18003,4,581.26,4,580.4900000000001,move,improve
18004,4,581.26,4,580.4900000000001,2opt,notBad
18005,4,581.26,4,580.4900000000001,2opt,notBad
18006,4,581.26,4,580.4900000000001,move,improve
18007,4,581.26,4,580.4900000000001,move,improve
18008,4,581.26,4,580.4900000000001,move,improve
18009,4,581.26,4,580.4900000000001,2opt,notBad
18010,4,581.26,4,580.4900000000001,2opt,notBad
18011,4,581.26,4,580.4900000000001,move,improve
18012,4,581.26,4,580.4900000000001,swap,notBad
18013,4,581.26,4,580.4900000000001,move,improve
18014,4,581.26,4,580.4900000000001,2opt,notBad
18015,4,581.26,4,580.4900000000001,move,improve
18016,4,581.26,4,580.4900000000001,swap,notBad
18017,4,581.26,4,580.4900000000001,swap,notBad
18018,4,581.26,4,580.4900000000001,move,improve
18019,4,581.26,4,580.4900000000001,move,improve
18020,4,581.26,4,580.4900000000001,move,improve
18021,4,581.26,4,580.4900000000001,move,improve
18022,4,581.26,4,580.4900000000001,2opt,notBad
18023,4,581.26,4,580.4900000000001,move,improve
18024,4,581.26,4,580.4900000000001,2opt,notBad
18025,4,581.26,4,580.4900000000001,move,improve
18026,4,581.26,4,580.4900000000001,2opt,notBad
18027,4,581.26,4,580.4900000000001,move,improve
18028,4,581.26,4,580.4900000000001,move,improve
18029,4,581.26,4,580.4900000000001,move,improve
18030,4,581.26,4,580.4900000000001,swap,notBad
18031,4,581.26,4,580.4900000000001,swap,notBad
18032,4,581.26,4,580.4900000000001,move,improve
18033,4,581.26,4,580.4900000000001,swap,notBad
18034,4,581.26,4,580.4900000000001,swap,notBad
18035,4,581.26,4,580.4900000000001,move,improve
18036,4,581.26,4,580.4900000000001,swap,notBad
18037,4,581.26,4,580.4900000000001,swap,notBad
18038,4,581.26,4,580.4900000000001,2opt,notBad
18039,4,581.26,4,580.4900000000001,swap,notBad
18040,4,581.26,4,580.4900000000001,2opt,notBad
18041,4,581.26,4,580.4900000000001,move,improve
18042,4,581.26,4,580.4900000000001,move,improve
18043,4,581.26,4,580.4900000000001,swap,notBad
18044,4,581.26,4,580.4900000000001,move,improve
18045,4,581.26,4,580.4900000000001,move,improve
18046,4,581.26,4,580.4900000000001,2opt,notBad
18047,4,581.26,4,580.4900000000001,swap,notBad
18048,4,581.26,4,580.4900000000001,swap,notBad
18049,4,581.26,4,580.4900000000001,swap,notBad
18050,4,581.26,4,580.4900000000001,swap,notBad
18051,4,581.26,4,580.4900000000001,swap,notBad
18052,4,581.26,4,580.4900000000001,swap,notBad
18053,4,581.26,4,580.4900000000001,swap,notBad
18054,4,581.26,4,580.4900000000001,swap,notBad
18055,4,581.26,4,580.4900000000001,swap,notBad
18056,4,581.26,4,580.4900000000001,swap,notBad
18057,4,581.26,4,580.4900000000001,2opt,improve
18058,4,581.26,4,580.4900000000001,2opt,notBad
18059,4,581.26,4,580.4900000000001,move,improve
18060,4,581.26,4,580.4900000000001,2opt,notBad
18061,4,581.26,4,580.4900000000001,swap,notBad
18062,4,581.26,4,580.4900000000001,swap,notBad
18063,4,581.26,4,580.4900000000001,move,improve
18064,4,581.26,4,580.4900000000001,2opt,notBad
18065,4,581.26,4,580.4900000000001,move,improve
18066,4,581.26,4,580.4900000000001,2opt,notBad
18067,4,581.26,4,580.4900000000001,move,improve
18068,4,581.26,4,580.4900000000001,swap,notBad
18069,4,581.26,4,580.4900000000001,move,improve
18070,4,581.26,4,580.4900000000001,swap,notBad
18071,4,581.26,4,580.4900000000001,2opt,notBad
18072,4,581.26,4,580.4900000000001,move,improve
18073,4,581.26,4,580.4900000000001,2opt,notBad
18074,4,581.26,4,580.4900000000001,swap,notBad
18075,4,581.26,4,580.4900000000001,swap,notBad
18076,4,581.26,4,580.4900000000001,2opt,notBad
18077,4,581.26,4,580.4900000000001,swap,notBad
18078,4,581.26,4,580.4900000000001,move,improve
18079,4,581.26,4,580.4900000000001,move,improve
18080,4,581.26,4,580.4900000000001,swap,notBad
18081,4,581.26,4,580.4900000000001,swap,notBad
18082,4,581.26,4,580.4900000000001,move,improve
18083,4,581.26,4,580.4900000000001,swap,notBad
18084,4,581.26,4,580.4900000000001,move,improve
18085,4,581.26,4,580.4900000000001,move,improve
18086,4,581.26,4,580.4900000000001,swap,notBad
18087,4,581.26,4,580.4900000000001,swap,notBad
18088,4,581.26,4,580.4900000000001,swap,notBad
18089,4,581.26,4,580.4900000000001,move,improve
18090,4,581.26,4,580.4900000000001,move,improve
18091,4,581.26,4,580.4900000000001,move,improve
18092,4,581.26,4,580.4900000000001,2opt,notBad
18093,4,581.26,4,580.4900000000001,swap,notBad
18094,4,581.26,4,580.4900000000001,2opt,notBad
18095,4,581.26,4,580.4900000000001,2opt,notBad
18096,4,581.26,4,580.4900000000001,2opt,notBad
18097,4,581.26,4,580.4900000000001,swap,notBad
18098,4,581.26,4,580.4900000000001,2opt,notBad
18099,4,581.26,4,580.4900000000001,swap,notBad
18100,4,581.26,4,580.4900000000001,move,improve
18101,4,581.26,4,580.4900000000001,2opt,notBad
18102,4,581.26,4,580.4900000000001,swap,notBad
18103,4,581.26,4,580.4900000000001,swap,notBad
18104,4,581.26,4,580.4900000000001,2opt,notBad
18105,4,581.26,4,580.4900000000001,2opt,notBad
18106,4,581.26,4,580.4900000000001,move,improve
18107,4,581.26,4,580.4900000000001,swap,notBad
18108,4,581.26,4,580.4900000000001,move,improve
18109,4,581.26,4,580.4900000000001,2opt,notBad
18110,4,581.26,4,580.4900000000001,swap,notBad
18111,4,581.26,4,580.4900000000001,2opt,notBad
18112,4,581.26,4,580.4900000000001,move,improve
18113,4,581.26,4,580.4900000000001,swap,notBad
18114,4,581.26,4,580.4900000000001,move,improve
18115,4,581.26,4,580.4900000000001,swap,notBad
18116,4,581.26,4,580.4900000000001,2opt,notBad
18117,4,581.26,4,580.4900000000001,swap,notBad
18118,4,581.26,4,580.4900000000001,swap,notBad
18119,4,581.26,4,580.4900000000001,2opt,notBad
18120,4,581.26,4,580.4900000000001,swap,notBad
18121,4,581.26,4,580.4900000000001,2opt,notBad
18122,4,581.26,4,580.4900000000001,swap,notBad
18123,4,581.26,4,580.4900000000001,swap,notBad
18124,4,581.26,4,580.4900000000001,move,improve
18125,4,581.26,4,580.4900000000001,2opt,notBad
18126,4,581.26,4,580.4900000000001,2opt,notBad
18127,4,581.26,4,580.4900000000001,2opt,notBad
18128,4,581.26,4,580.4900000000001,2opt,notBad
18129,4,581.26,4,580.4900000000001,2opt,notBad
18130,4,581.26,4,580.4900000000001,swap,notBad
18131,4,581.26,4,580.4900000000001,swap,notBad
18132,4,581.26,4,580.4900000000001,move,improve
18133,4,581.26,4,580.4900000000001,2opt,notBad
18134,4,581.26,4,580.4900000000001,2opt,notBad
18135,4,581.26,4,580.4900000000001,move,improve
18136,4,581.26,4,580.4900000000001,swap,notBad
18137,4,581.26,4,580.4900000000001,move,improve
18138,4,581.26,4,580.4900000000001,2opt,improve
18139,4,581.26,4,580.4900000000001,swap,notBad
18140,4,581.26,4,580.4900000000001,2opt,notBad
18141,4,581.26,4,580.4900000000001,move,improve
18142,4,581.26,4,580.4900000000001,2opt,notBad
18143,4,581.26,4,580.4900000000001,2opt,notBad
18144,4,581.26,4,580.4900000000001,move,improve
18145,4,581.26,4,580.4900000000001,swap,notBad
18146,4,581.26,4,580.4900000000001,move,improve
18147,4,581.26,4,580.4900000000001,move,improve
18148,4,581.26,4,580.4900000000001,2opt,notBad
18149,4,581.26,4,580.4900000000001,swap,notBad
18150,4,581.26,4,580.4900000000001,move,improve
18151,4,581.26,4,580.4900000000001,swap,notBad
18152,4,581.26,4,580.4900000000001,2opt,notBad
18153,4,581.26,4,580.4900000000001,swap,notBad
18154,4,581.26,4,580.4900000000001,move,improve
18155,4,581.26,4,580.4900000000001,move,improve
18156,4,581.26,4,580.4900000000001,swap,notBad
18157,4,581.26,4,580.4900000000001,swap,notBad
18158,4,581.26,4,580.4900000000001,move,improve
18159,4,581.26,4,580.4900000000001,2opt,notBad
18160,4,581.26,4,580.4900000000001,swap,notBad
18161,4,581.26,4,580.4900000000001,2opt,notBad
18162,4,581.26,4,580.4900000000001,move,improve
18163,4,581.26,4,580.4900000000001,move,improve
18164,4,581.26,4,580.4900000000001,move,improve
18165,4,581.26,4,580.4900000000001,swap,notBad
18166,4,581.26,4,580.4900000000001,move,improve
18167,4,581.26,4,580.4900000000001,2opt,notBad
18168,4,581.26,4,580.4900000000001,swap,notBad
18169,4,581.26,4,580.4900000000001,swap,notBad
18170,4,581.26,4,580.4900000000001,move,improve
18171,4,581.26,4,580.4900000000001,2opt,notBad
18172,4,581.26,4,580.4900000000001,2opt,notBad
18173,4,581.26,4,580.4900000000001,move,improve
18174,4,581.26,4,580.4900000000001,move,improve
18175,4,581.26,4,580.4900000000001,move,improve
18176,4,581.26,4,580.4900000000001,swap,notBad
18177,4,581.26,4,580.4900000000001,2opt,notBad
18178,4,581.26,4,580.4900000000001,2opt,notBad
18179,4,581.26,4,580.4900000000001,move,improve
18180,4,581.26,4,580.4900000000001,move,notBad
18181,4,581.26,4,580.4900000000001,move,improve
18182,4,581.26,4,580.4900000000001,move,improve
18183,4,581.26,4,580.4900000000001,move,improve
18184,4,581.26,4,580.4900000000001,move,improve
18185,4,581.26,4,580.4900000000001,move,improve
18186,4,581.26,4,580.4900000000001,2opt,notBad
18187,4,581.26,4,580.4900000000001,move,improve
18188,4,581.26,4,580.4900000000001,move,improve
18189,4,581.26,4,580.4900000000001,2opt,notBad
18190,4,581.26,4,580.4900000000001,move,improve
18191,4,581.26,4,580.4900000000001,move,improve
18192,4,581.26,4,580.4900000000001,2opt,notBad
18193,4,581.26,4,580.4900000000001,move,improve
18194,4,581.26,4,580.4900000000001,swap,notBad
18195,4,581.26,4,580.4900000000001,move,improve
18196,4,581.26,4,580.4900000000001,move,improve
18197,4,581.26,4,580.4900000000001,move,improve
18198,4,581.26,4,580.4900000000001,move,improve
18199,4,581.26,4,580.4900000000001,swap,notBad
18200,4,581.26,4,580.4900000000001,2opt,notBad
18201,4,581.26,4,580.4900000000001,move,improve
18202,4,581.26,4,580.4900000000001,move,improve
18203,4,581.26,4,580.4900000000001,move,improve
18204,4,581.26,4,580.4900000000001,2opt,notBad
18205,4,581.26,4,580.4900000000001,move,improve
18206,4,581.26,4,580.4900000000001,swap,notBad
18207,4,581.26,4,580.4900000000001,move,improve
18208,4,581.26,4,580.4900000000001,move,improve
18209,4,581.26,4,580.4900000000001,swap,notBad
18210,4,581.26,4,580.4900000000001,swap,notBad
18211,4,581.26,4,580.4900000000001,move,improve
18212,4,581.26,4,580.4900000000001,2opt,notBad
18213,4,581.26,4,580.4900000000001,move,improve
18214,4,581.26,4,580.4900000000001,swap,notBad
18215,4,581.26,4,580.4900000000001,swap,notBad
18216,4,581.26,4,580.4900000000001,move,improve
18217,4,581.26,4,580.4900000000001,move,improve
18218,4,581.26,4,580.4900000000001,swap,notBad
18219,4,581.26,4,580.4900000000001,2opt,notBad
18220,4,581.26,4,580.4900000000001,2opt,notBad
18221,4,581.26,4,580.4900000000001,move,improve
18222,4,581.26,4,580.4900000000001,move,improve
18223,4,581.26,4,580.4900000000001,move,improve
18224,4,581.26,4,580.4900000000001,swap,notBad
18225,4,581.26,4,580.4900000000001,2opt,improve
18226,4,581.26,4,580.4900000000001,swap,notBad
18227,4,581.26,4,580.4900000000001,swap,notBad
18228,4,581.26,4,580.4900000000001,2opt,notBad
18229,4,581.26,4,580.4900000000001,move,improve
18230,4,581.26,4,580.4900000000001,move,improve
18231,4,581.26,4,580.4900000000001,2opt,improve
18232,4,581.26,4,580.4900000000001,2opt,notBad
18233,4,581.26,4,580.4900000000001,2opt,notBad
18234,4,581.26,4,580.4900000000001,move,improve
18235,4,581.26,4,580.4900000000001,swap,notBad
18236,4,581.26,4,580.4900000000001,2opt,notBad
18237,4,581.26,4,580.4900000000001,swap,notBad
18238,4,581.26,4,580.4900000000001,move,improve
18239,4,581.26,4,580.4900000000001,swap,notBad
18240,4,581.26,4,580.4900000000001,2opt,notBad
18241,4,581.26,4,580.4900000000001,2opt,notBad
18242,4,581.26,4,580.4900000000001,2opt,notBad
18243,4,581.26,4,580.4900000000001,2opt,notBad
18244,4,581.26,4,580.4900000000001,swap,notBad
18245,4,581.26,4,580.4900000000001,swap,notBad
18246,4,581.26,4,580.4900000000001,swap,notBad
18247,4,581.26,4,580.4900000000001,2opt,notBad
18248,4,581.26,4,580.4900000000001,move,improve
18249,4,581.26,4,580.4900000000001,move,improve
18250,4,581.26,4,580.4900000000001,2opt,notBad
18251,4,581.26,4,580.4900000000001,2opt,notBad
18252,4,581.26,4,580.4900000000001,move,improve
18253,4,581.26,4,580.4900000000001,swap,notBad
18254,4,581.26,4,580.4900000000001,move,improve
18255,4,581.26,4,580.4900000000001,swap,notBad
18256,4,581.26,4,580.4900000000001,move,improve
18257,4,581.26,4,580.4900000000001,move,improve
18258,4,581.26,4,580.4900000000001,swap,notBad
18259,4,581.26,4,580.4900000000001,2opt,notBad
18260,4,581.26,4,580.4900000000001,move,improve
18261,4,581.26,4,580.4900000000001,swap,notBad
18262,4,581.26,4,580.4900000000001,swap,notBad
18263,4,581.26,4,580.4900000000001,swap,notBad
18264,4,581.26,4,580.4900000000001,swap,notBad
18265,4,581.26,4,580.4900000000001,swap,notBad
18266,4,581.26,4,580.4900000000001,2opt,notBad
18267,4,581.26,4,580.4900000000001,2opt,notBad
18268,4,581.26,4,580.4900000000001,move,improve
18269,4,581.26,4,580.4900000000001,move,improve
18270,4,581.26,4,580.4900000000001,2opt,notBad
18271,4,581.26,4,580.4900000000001,swap,notBad
18272,4,581.26,4,580.4900000000001,move,improve
18273,4,581.26,4,580.4900000000001,move,improve
18274,4,581.26,4,580.4900000000001,swap,notBad
18275,4,581.26,4,580.4900000000001,2opt,notBad
18276,4,581.26,4,580.4900000000001,swap,notBad
18277,4,581.26,4,580.4900000000001,swap,notBad
18278,4,581.26,4,580.4900000000001,2opt,improve
18279,4,581.26,4,580.4900000000001,move,improve
18280,4,581.26,4,580.4900000000001,2opt,improve
18281,4,581.26,4,580.4900000000001,move,improve
18282,4,581.26,4,580.4900000000001,move,improve
18283,4,581.26,4,580.4900000000001,2opt,notBad
18284,4,581.26,4,580.4900000000001,swap,notBad
18285,4,581.26,4,580.4900000000001,move,improve
18286,4,581.26,4,580.4900000000001,move,improve
18287,4,581.26,4,580.4900000000001,move,improve
18288,4,581.26,4,580.4900000000001,move,improve
18289,4,581.26,4,580.4900000000001,move,improve
18290,4,581.26,4,580.4900000000001,2opt,notBad
18291,4,581.26,4,580.4900000000001,swap,notBad
18292,4,581.26,4,580.4900000000001,move,improve
18293,4,581.26,4,580.4900000000001,move,improve
18294,4,581.26,4,580.4900000000001,2opt,notBad
18295,4,581.26,4,580.4900000000001,2opt,notBad
18296,4,581.26,4,580.4900000000001,move,improve
18297,4,581.26,4,580.4900000000001,2opt,notBad
18298,4,581.26,4,580.4900000000001,swap,notBad
18299,4,581.26,4,580.4900000000001,2opt,notBad
18300,4,581.26,4,580.4900000000001,2opt,notBad
18301,4,581.26,4,580.4900000000001,swap,notBad
18302,4,581.26,4,580.4900000000001,move,improve
18303,4,581.26,4,580.4900000000001,2opt,notBad
18304,4,581.26,4,580.4900000000001,2opt,notBad
18305,4,581.26,4,580.4900000000001,swap,notBad
18306,4,581.26,4,580.4900000000001,move,improve
18307,4,581.26,4,580.4900000000001,2opt,notBad
18308,4,581.26,4,580.4900000000001,2opt,notBad
18309,4,581.26,4,580.4900000000001,swap,notBad
18310,4,581.26,4,580.4900000000001,move,improve
18311,4,581.26,4,580.4900000000001,2opt,notBad
18312,4,581.26,4,580.4900000000001,2opt,notBad
18313,4,581.26,4,580.4900000000001,swap,notBad
18314,4,581.26,4,580.4900000000001,2opt,notBad
18315,4,581.26,4,580.4900000000001,2opt,notBad
18316,4,581.26,4,580.4900000000001,swap,notBad
18317,4,581.26,4,580.4900000000001,2opt,notBad
18318,4,581.26,4,580.4900000000001,swap,notBad
18319,4,581.26,4,580.4900000000001,swap,notBad
18320,4,581.26,4,580.4900000000001,2opt,notBad
18321,4,581.26,4,580.4900000000001,2opt,notBad
18322,4,581.26,4,580.4900000000001,swap,notBad
18323,4,581.26,4,580.4900000000001,swap,notBad
18324,4,581.26,4,580.4900000000001,swap,notBad
18325,4,581.26,4,580.4900000000001,2opt,notBad
18326,4,581.26,4,580.4900000000001,swap,notBad
18327,4,581.26,4,580.4900000000001,swap,notBad
18328,4,581.26,4,580.4900000000001,2opt,notBad
18329,4,581.26,4,580.4900000000001,swap,notBad
18330,4,581.26,4,580.4900000000001,2opt,notBad
18331,4,581.26,4,580.4900000000001,swap,notBad
18332,4,581.26,4,580.4900000000001,move,improve
18333,4,581.26,4,580.4900000000001,move,improve
18334,4,581.26,4,580.4900000000001,2opt,notBad
18335,4,581.26,4,580.4900000000001,move,improve
18336,4,581.26,4,580.4900000000001,move,improve
18337,4,581.26,4,580.4900000000001,swap,notBad
18338,4,581.26,4,580.4900000000001,2opt,notBad
18339,4,581.26,4,580.4900000000001,move,improve
18340,4,581.26,4,580.4900000000001,2opt,notBad
18341,4,581.26,4,580.4900000000001,2opt,notBad
18342,4,581.26,4,580.4900000000001,2opt,notBad
18343,4,581.26,4,580.4900000000001,swap,notBad
18344,4,581.26,4,580.4900000000001,swap,notBad
18345,4,581.26,4,580.4900000000001,swap,notBad
18346,4,581.26,4,580.4900000000001,2opt,notBad
18347,4,581.26,4,580.4900000000001,2opt,notBad
18348,4,581.26,4,580.4900000000001,move,improve
18349,4,581.26,4,580.4900000000001,move,improve
18350,4,581.26,4,580.4900000000001,move,improve
18351,4,581.26,4,580.4900000000001,move,improve
18352,4,581.26,4,580.4900000000001,2opt,notBad
18353,4,581.26,4,580.4900000000001,move,improve
18354,4,581.26,4,580.4900000000001,2opt,notBad
18355,4,581.26,4,580.4900000000001,2opt,notBad
18356,4,581.26,4,580.4900000000001,2opt,notBad
18357,4,581.26,4,580.4900000000001,2opt,notBad
18358,4,581.26,4,580.4900000000001,move,improve
18359,4,581.26,4,580.4900000000001,swap,notBad
18360,4,581.26,4,580.4900000000001,move,improve
18361,4,581.26,4,580.4900000000001,swap,notBad
18362,4,581.26,4,580.4900000000001,2opt,notBad
18363,4,581.26,4,580.4900000000001,2opt,notBad
18364,4,581.26,4,580.4900000000001,2opt,notBad
18365,4,581.26,4,580.4900000000001,swap,notBad
18366,4,581.26,4,580.4900000000001,move,improve
18367,4,581.26,4,580.4900000000001,swap,notBad
18368,4,581.26,4,580.4900000000001,swap,notBad
18369,4,581.26,4,580.4900000000001,move,improve
18370,4,581.26,4,580.4900000000001,2opt,notBad
18371,4,581.26,4,580.4900000000001,2opt,notBad
18372,4,581.26,4,580.4900000000001,move,improve
18373,4,581.26,4,580.4900000000001,2opt,notBad
18374,4,581.26,4,580.4900000000001,move,improve
18375,4,581.26,4,580.4900000000001,2opt,notBad
18376,4,581.26,4,580.4900000000001,move,improve
18377,4,581.26,4,580.4900000000001,swap,notBad
18378,4,581.26,4,580.4900000000001,move,improve
18379,4,581.26,4,580.4900000000001,swap,notBad
18380,4,581.26,4,580.4900000000001,2opt,notBad
18381,4,581.26,4,580.4900000000001,move,improve
18382,4,581.26,4,580.4900000000001,swap,notBad
18383,4,581.26,4,580.4900000000001,move,improve
18384,4,581.26,4,580.4900000000001,move,improve
18385,4,581.26,4,580.4900000000001,2opt,notBad
18386,4,581.26,4,580.4900000000001,2opt,notBad
18387,4,581.26,4,580.4900000000001,swap,notBad
18388,4,581.26,4,580.4900000000001,2opt,notBad
18389,4,581.26,4,580.4900000000001,swap,notBad
18390,4,581.26,4,580.4900000000001,swap,notBad
18391,4,581.26,4,580.4900000000001,2opt,notBad
18392,4,581.26,4,580.4900000000001,move,improve
18393,4,581.26,4,580.4900000000001,move,improve
18394,4,581.26,4,580.4900000000001,2opt,notBad
18395,4,581.26,4,580.4900000000001,swap,notBad
18396,4,581.26,4,580.4900000000001,swap,notBad
18397,4,581.26,4,580.4900000000001,move,improve
18398,4,581.26,4,580.4900000000001,2opt,notBad
18399,4,581.26,4,580.4900000000001,move,improve
18400,4,581.26,4,580.4900000000001,move,improve
18401,4,581.26,4,580.4900000000001,move,improve
18402,4,581.26,4,580.4900000000001,swap,notBad
18403,4,581.26,4,580.4900000000001,swap,notBad
18404,4,581.26,4,580.4900000000001,2opt,notBad
18405,4,581.26,4,580.4900000000001,swap,notBad
18406,4,581.26,4,580.4900000000001,2opt,notBad
18407,4,581.26,4,580.4900000000001,swap,notBad
18408,4,581.26,4,580.4900000000001,swap,notBad
18409,4,581.26,4,580.4900000000001,swap,notBad
18410,4,581.26,4,580.4900000000001,move,improve
18411,4,581.26,4,580.4900000000001,swap,notBad
18412,4,581.26,4,580.4900000000001,2opt,notBad
18413,4,581.26,4,580.4900000000001,swap,notBad
18414,4,581.26,4,580.4900000000001,move,improve
18415,4,581.26,4,580.4900000000001,swap,notBad
18416,4,581.26,4,580.4900000000001,swap,notBad
18417,4,581.26,4,580.4900000000001,swap,notBad
18418,4,581.26,4,580.4900000000001,swap,notBad
18419,4,581.26,4,580.4900000000001,move,improve
18420,4,581.26,4,580.4900000000001,swap,notBad
18421,4,581.26,4,580.4900000000001,move,improve
18422,4,581.26,4,580.4900000000001,2opt,notBad
18423,4,581.26,4,580.4900000000001,move,improve
18424,4,581.26,4,580.4900000000001,swap,notBad
18425,4,581.26,4,580.4900000000001,2opt,notBad
18426,4,581.26,4,580.4900000000001,swap,notBad
18427,4,581.26,4,580.4900000000001,swap,notBad
18428,4,581.26,4,580.4900000000001,move,improve
18429,4,581.26,4,580.4900000000001,2opt,notBad
18430,4,581.26,4,580.4900000000001,move,improve
18431,4,581.26,4,580.4900000000001,2opt,notBad
18432,4,581.26,4,580.4900000000001,swap,notBad
18433,4,581.26,4,580.4900000000001,move,improve
18434,4,581.26,4,580.4900000000001,swap,notBad
18435,4,581.26,4,580.4900000000001,swap,notBad
18436,4,581.26,4,580.4900000000001,move,improve
18437,4,581.26,4,580.4900000000001,swap,notBad
18438,4,581.26,4,580.4900000000001,swap,notBad
18439,4,581.26,4,580.4900000000001,2opt,notBad
18440,4,581.26,4,580.4900000000001,2opt,notBad
18441,4,581.26,4,580.4900000000001,move,improve
18442,4,581.26,4,580.4900000000001,move,improve
18443,4,581.26,4,580.4900000000001,move,improve
18444,4,581.26,4,580.4900000000001,move,improve
18445,4,581.26,4,580.4900000000001,swap,notBad
18446,4,581.26,4,580.4900000000001,move,improve
18447,4,581.26,4,580.4900000000001,2opt,notBad
18448,4,581.26,4,580.4900000000001,swap,notBad
18449,4,581.26,4,580.4900000000001,swap,notBad
18450,4,581.26,4,580.4900000000001,move,improve
18451,4,581.26,4,580.4900000000001,swap,notBad
18452,4,581.26,4,580.4900000000001,swap,notBad
18453,4,581.26,4,580.4900000000001,2opt,notBad
18454,4,581.26,4,580.4900000000001,move,improve
18455,4,581.26,4,580.4900000000001,swap,notBad
18456,4,581.26,4,580.4900000000001,move,improve
18457,4,581.26,4,580.4900000000001,swap,notBad
18458,4,581.26,4,580.4900000000001,move,improve
18459,4,581.26,4,580.4900000000001,move,improve
18460,4,581.26,4,580.4900000000001,2opt,notBad
18461,4,581.26,4,580.4900000000001,2opt,notBad
18462,4,581.26,4,580.4900000000001,2opt,notBad
18463,4,581.26,4,580.4900000000001,move,improve
18464,4,581.26,4,580.4900000000001,swap,notBad
18465,4,581.26,4,580.4900000000001,swap,notBad
18466,4,581.26,4,580.4900000000001,2opt,notBad
18467,4,581.26,4,580.4900000000001,2opt,notBad
18468,4,581.26,4,580.4900000000001,swap,notBad
18469,4,581.26,4,580.4900000000001,swap,notBad
18470,4,581.26,4,580.4900000000001,2opt,improve
18471,4,581.26,4,580.4900000000001,move,improve
18472,4,581.26,4,580.4900000000001,swap,notBad
18473,4,581.26,4,580.4900000000001,swap,notBad
18474,4,581.26,4,580.4900000000001,move,improve
18475,4,581.26,4,580.4900000000001,swap,notBad
18476,4,581.26,4,580.4900000000001,swap,notBad
18477,4,581.26,4,580.4900000000001,2opt,notBad
18478,4,581.26,4,580.4900000000001,move,improve
18479,4,581.26,4,580.4900000000001,2opt,notBad
18480,4,581.26,4,580.4900000000001,2opt,notBad
18481,4,581.26,4,580.4900000000001,swap,notBad
18482,4,581.26,4,580.4900000000001,move,improve
18483,4,581.26,4,580.4900000000001,swap,notBad
18484,4,581.26,4,580.4900000000001,move,improve
18485,4,581.26,4,580.4900000000001,2opt,notBad
18486,4,581.26,4,580.4900000000001,2opt,notBad
18487,4,581.26,4,580.4900000000001,move,improve
18488,4,581.26,4,580.4900000000001,swap,notBad
18489,4,581.26,4,580.4900000000001,swap,notBad
18490,4,581.26,4,580.4900000000001,move,improve
18491,4,581.26,4,580.4900000000001,move,improve
18492,4,581.26,4,580.4900000000001,swap,notBad
18493,4,581.26,4,580.4900000000001,swap,notBad
18494,4,581.26,4,580.4900000000001,move,improve
18495,4,581.26,4,580.4900000000001,move,improve
18496,4,581.26,4,580.4900000000001,move,improve
18497,4,581.26,4,580.4900000000001,swap,notBad
18498,4,581.26,4,580.4900000000001,2opt,notBad
18499,4,581.26,4,580.4900000000001,move,improve
18500,4,581.26,4,580.4900000000001,swap,notBad
18501,4,581.26,4,580.4900000000001,swap,notBad
18502,4,581.26,4,580.4900000000001,swap,notBad
18503,4,581.26,4,580.4900000000001,swap,notBad
18504,4,581.26,4,580.4900000000001,swap,notBad
18505,4,581.26,4,580.4900000000001,swap,notBad
18506,4,581.26,4,580.4900000000001,swap,notBad
18507,4,581.26,4,580.4900000000001,swap,notBad
18508,4,581.26,4,580.4900000000001,move,improve
18509,4,581.26,4,580.4900000000001,2opt,notBad
18510,4,581.26,4,580.4900000000001,swap,notBad
18511,4,581.26,4,580.4900000000001,swap,notBad
18512,4,581.26,4,580.4900000000001,move,improve
18513,4,581.26,4,580.4900000000001,2opt,notBad
18514,4,581.26,4,580.4900000000001,move,improve
18515,4,581.26,4,580.4900000000001,2opt,notBad
18516,4,581.26,4,580.4900000000001,2opt,notBad
18517,4,581.26,4,580.4900000000001,move,improve
18518,4,581.26,4,580.4900000000001,move,improve
18519,4,581.26,4,580.4900000000001,2opt,notBad
18520,4,581.26,4,580.4900000000001,2opt,notBad
18521,4,581.26,4,580.4900000000001,2opt,notBad
18522,4,581.26,4,580.4900000000001,swap,notBad
18523,4,581.26,4,580.4900000000001,2opt,notBad
18524,4,581.26,4,580.4900000000001,2opt,notBad
18525,4,581.26,4,580.4900000000001,2opt,notBad
18526,4,581.26,4,580.4900000000001,2opt,notBad
18527,4,581.26,4,580.4900000000001,swap,notBad
18528,4,581.26,4,580.4900000000001,2opt,notBad
18529,4,581.26,4,580.4900000000001,2opt,notBad
18530,4,581.26,4,580.4900000000001,move,improve
18531,4,581.26,4,580.4900000000001,2opt,notBad
18532,4,581.26,4,580.4900000000001,2opt,notBad
18533,4,581.26,4,580.4900000000001,move,improve
18534,4,581.26,4,580.4900000000001,2opt,notBad
18535,4,581.26,4,580.4900000000001,2opt,improve
18536,4,581.26,4,580.4900000000001,swap,notBad
18537,4,581.26,4,580.4900000000001,2opt,notBad
18538,4,581.26,4,580.4900000000001,move,improve
18539,4,581.26,4,580.4900000000001,2opt,notBad
18540,4,581.26,4,580.4900000000001,2opt,notBad
18541,4,581.26,4,580.4900000000001,2opt,improve
18542,4,581.26,4,580.4900000000001,move,improve
18543,4,581.26,4,580.4900000000001,swap,notBad
18544,4,581.26,4,580.4900000000001,move,improve
18545,4,581.26,4,580.4900000000001,swap,notBad
18546,4,581.26,4,580.4900000000001,swap,notBad
18547,4,581.26,4,580.4900000000001,move,improve
18548,4,581.26,4,580.4900000000001,swap,notBad
18549,4,581.26,4,580.4900000000001,2opt,notBad
18550,4,581.26,4,580.4900000000001,swap,notBad
18551,4,581.26,4,580.4900000000001,swap,notBad
18552,4,581.26,4,580.4900000000001,swap,notBad
18553,4,581.26,4,580.4900000000001,move,improve
18554,4,581.26,4,580.4900000000001,move,improve
18555,4,581.26,4,580.4900000000001,move,improve
18556,4,581.26,4,580.4900000000001,2opt,notBad
18557,4,581.26,4,580.4900000000001,2opt,notBad
18558,4,581.26,4,580.4900000000001,swap,notBad
18559,4,581.26,4,580.4900000000001,move,improve
18560,4,581.26,4,580.4900000000001,swap,notBad
18561,4,581.26,4,580.4900000000001,2opt,notBad
18562,4,581.26,4,580.4900000000001,swap,notBad
18563,4,581.26,4,580.4900000000001,move,improve
18564,4,581.26,4,580.4900000000001,2opt,notBad
18565,4,581.26,4,580.4900000000001,swap,notBad
18566,4,581.26,4,580.4900000000001,swap,notBad
18567,4,581.26,4,580.4900000000001,swap,notBad
18568,4,581.86,4,580.4900000000001,move,acceptBad
18569,4,581.86,4,580.4900000000001,2opt,notBad
18570,4,581.86,4,580.4900000000001,2opt,notBad
18571,4,581.86,4,580.4900000000001,2opt,notBad
18572,4,581.86,4,580.4900000000001,move,improve
18573,4,581.86,4,580.4900000000001,swap,notBad
18574,4,581.86,4,580.4900000000001,move,improve
18575,4,581.86,4,580.4900000000001,swap,notBad
18576,4,581.86,4,580.4900000000001,move,improve
18577,4,581.86,4,580.4900000000001,2opt,notBad
18578,4,581.86,4,580.4900000000001,2opt,notBad
18579,4,581.86,4,580.4900000000001,move,improve
18580,4,581.86,4,580.4900000000001,move,improve
18581,4,581.86,4,580.4900000000001,2opt,notBad
18582,4,581.86,4,580.4900000000001,move,improve
18583,4,581.86,4,580.4900000000001,swap,notBad
18584,4,581.86,4,580.4900000000001,move,improve
18585,4,581.86,4,580.4900000000001,swap,notBad
18586,4,581.86,4,580.4900000000001,swap,notBad
18587,4,581.86,4,580.4900000000001,move,improve
18588,4,581.86,4,580.4900000000001,2opt,notBad
18589,4,581.86,4,580.4900000000001,move,improve
18590,4,581.86,4,580.4900000000001,swap,notBad
18591,4,581.86,4,580.4900000000001,2opt,improve
18592,4,581.86,4,580.4900000000001,move,improve
18593,4,581.86,4,580.4900000000001,swap,notBad
18594,4,581.86,4,580.4900000000001,2opt,notBad
18595,4,581.86,4,580.4900000000001,move,improve
18596,4,581.86,4,580.4900000000001,swap,notBad
18597,4,581.86,4,580.4900000000001,move,improve
18598,4,581.86,4,580.4900000000001,move,improve
18599,4,581.86,4,580.4900000000001,2opt,notBad
18600,4,581.86,4,580.4900000000001,swap,notBad
18601,4,581.86,4,580.4900000000001,swap,notBad
18602,4,581.86,4,580.4900000000001,swap,notBad
18603,4,581.86,4,580.4900000000001,move,improve
18604,4,581.86,4,580.4900000000001,move,improve
18605,4,581.86,4,580.4900000000001,2opt,notBad
18606,4,581.86,4,580.4900000000001,2opt,notBad
18607,4,581.86,4,580.4900000000001,swap,notBad
18608,4,581.86,4,580.4900000000001,2opt,notBad
18609,4,581.86,4,580.4900000000001,move,improve
18610,4,581.86,4,580.4900000000001,swap,notBad
18611,4,581.86,4,580.4900000000001,move,improve
18612,4,581.26,4,580.4900000000001,move,improve
18613,4,581.26,4,580.4900000000001,move,improve
18614,4,581.26,4,580.4900000000001,2opt,notBad
18615,4,581.26,4,580.4900000000001,move,improve
18616,4,581.26,4,580.4900000000001,move,improve
18617,4,581.26,4,580.4900000000001,swap,notBad
18618,4,581.26,4,580.4900000000001,swap,notBad
18619,4,581.26,4,580.4900000000001,swap,notBad
18620,4,581.26,4,580.4900000000001,move,improve
18621,4,581.26,4,580.4900000000001,2opt,notBad
18622,4,581.26,4,580.4900000000001,2opt,notBad
18623,4,581.26,4,580.4900000000001,2opt,notBad
18624,4,581.26,4,580.4900000000001,move,improve
18625,4,581.26,4,580.4900000000001,move,improve
18626,4,581.26,4,580.4900000000001,move,improve
18627,4,581.26,4,580.4900000000001,2opt,notBad
18628,4,581.26,4,580.4900000000001,2opt,notBad
18629,4,581.26,4,580.4900000000001,swap,notBad
18630,4,581.26,4,580.4900000000001,move,improve
18631,4,581.26,4,580.4900000000001,2opt,notBad
18632,4,581.26,4,580.4900000000001,move,improve
18633,4,581.26,4,580.4900000000001,move,improve
18634,4,581.26,4,580.4900000000001,move,improve
18635,4,581.26,4,580.4900000000001,swap,notBad
18636,4,581.26,4,580.4900000000001,move,improve
18637,4,581.26,4,580.4900000000001,swap,notBad
18638,4,581.26,4,580.4900000000001,2opt,notBad
18639,4,581.26,4,580.4900000000001,2opt,notBad
18640,4,581.26,4,580.4900000000001,move,improve
18641,4,581.26,4,580.4900000000001,move,improve
18642,4,581.26,4,580.4900000000001,swap,notBad
18643,4,581.26,4,580.4900000000001,swap,notBad
18644,4,581.26,4,580.4900000000001,2opt,notBad
18645,4,581.26,4,580.4900000000001,move,improve
18646,4,581.26,4,580.4900000000001,swap,notBad
18647,4,581.26,4,580.4900000000001,move,improve
18648,4,581.26,4,580.4900000000001,swap,notBad
18649,4,581.26,4,580.4900000000001,move,improve
18650,4,581.26,4,580.4900000000001,move,improve
18651,4,581.26,4,580.4900000000001,2opt,improve
18652,4,581.26,4,580.4900000000001,move,improve
18653,4,581.26,4,580.4900000000001,2opt,notBad
18654,4,581.26,4,580.4900000000001,move,improve
18655,4,581.26,4,580.4900000000001,move,improve
18656,4,581.26,4,580.4900000000001,2opt,notBad
18657,4,581.26,4,580.4900000000001,move,improve
18658,4,581.26,4,580.4900000000001,2opt,notBad
18659,4,581.26,4,580.4900000000001,swap,notBad
18660,4,581.26,4,580.4900000000001,2opt,notBad
18661,4,581.26,4,580.4900000000001,swap,notBad
18662,4,581.26,4,580.4900000000001,2opt,notBad
18663,4,581.26,4,580.4900000000001,2opt,notBad
18664,4,581.26,4,580.4900000000001,swap,notBad
18665,4,581.26,4,580.4900000000001,swap,notBad
18666,4,581.26,4,580.4900000000001,2opt,notBad
18667,4,581.26,4,580.4900000000001,move,improve
18668,4,581.26,4,580.4900000000001,swap,notBad
18669,4,581.26,4,580.4900000000001,2opt,notBad
18670,4,581.26,4,580.4900000000001,move,improve
18671,4,581.26,4,580.4900000000001,swap,notBad
18672,4,581.26,4,580.4900000000001,swap,notBad
18673,4,581.26,4,580.4900000000001,move,improve
18674,4,581.26,4,580.4900000000001,2opt,notBad
18675,4,581.26,4,580.4900000000001,swap,notBad
18676,4,581.26,4,580.4900000000001,move,improve
18677,4,581.26,4,580.4900000000001,move,improve
18678,4,581.26,4,580.4900000000001,move,improve
18679,4,581.26,4,580.4900000000001,2opt,notBad
18680,4,581.26,4,580.4900000000001,move,improve
18681,4,581.26,4,580.4900000000001,swap,notBad
18682,4,581.26,4,580.4900000000001,2opt,notBad
18683,4,581.26,4,580.4900000000001,move,improve
18684,4,581.26,4,580.4900000000001,move,improve
18685,4,581.26,4,580.4900000000001,swap,notBad
18686,4,581.26,4,580.4900000000001,move,improve
18687,4,581.26,4,580.4900000000001,move,improve
18688,4,581.26,4,580.4900000000001,move,improve
18689,4,581.26,4,580.4900000000001,move,improve
18690,4,581.26,4,580.4900000000001,swap,notBad
18691,4,581.26,4,580.4900000000001,2opt,notBad
18692,4,581.26,4,580.4900000000001,swap,notBad
18693,4,581.26,4,580.4900000000001,2opt,notBad
18694,4,581.26,4,580.4900000000001,move,improve
18695,4,581.26,4,580.4900000000001,2opt,notBad
18696,4,581.26,4,580.4900000000001,move,improve
18697,4,581.26,4,580.4900000000001,swap,notBad
18698,4,581.26,4,580.4900000000001,move,improve
18699,4,581.26,4,580.4900000000001,2opt,notBad
18700,4,581.26,4,580.4900000000001,swap,notBad
18701,4,581.26,4,580.4900000000001,swap,notBad
18702,4,581.26,4,580.4900000000001,move,improve
18703,4,581.26,4,580.4900000000001,swap,notBad
18704,4,581.26,4,580.4900000000001,2opt,notBad
18705,4,581.26,4,580.4900000000001,2opt,notBad
18706,4,581.26,4,580.4900000000001,2opt,notBad
18707,4,581.26,4,580.4900000000001,swap,notBad
18708,4,581.26,4,580.4900000000001,move,improve
18709,4,581.26,4,580.4900000000001,2opt,notBad
18710,4,581.26,4,580.4900000000001,2opt,notBad
18711,4,581.26,4,580.4900000000001,swap,notBad
18712,4,581.26,4,580.4900000000001,move,improve
18713,4,581.26,4,580.4900000000001,2opt,notBad
18714,4,581.26,4,580.4900000000001,move,improve
18715,4,581.26,4,580.4900000000001,move,improve
18716,4,581.26,4,580.4900000000001,swap,notBad
18717,4,581.26,4,580.4900000000001,swap,notBad
18718,4,581.26,4,580.4900000000001,2opt,notBad
18719,4,581.26,4,580.4900000000001,swap,notBad
18720,4,581.26,4,580.4900000000001,swap,notBad
18721,4,581.26,4,580.4900000000001,swap,notBad
18722,4,581.26,4,580.4900000000001,swap,notBad
18723,4,581.26,4,580.4900000000001,swap,notBad
18724,4,581.26,4,580.4900000000001,swap,notBad
18725,4,581.26,4,580.4900000000001,swap,notBad
18726,4,581.26,4,580.4900000000001,2opt,notBad
18727,4,581.26,4,580.4900000000001,2opt,notBad
18728,4,581.26,4,580.4900000000001,move,improve
18729,4,581.26,4,580.4900000000001,2opt,notBad
18730,4,581.26,4,580.4900000000001,swap,notBad
18731,4,581.26,4,580.4900000000001,move,improve
18732,4,581.26,4,580.4900000000001,move,improve
18733,4,581.26,4,580.4900000000001,2opt,notBad
18734,4,581.26,4,580.4900000000001,move,improve
18735,4,581.26,4,580.4900000000001,2opt,notBad
18736,4,581.26,4,580.4900000000001,swap,notBad
18737,4,581.26,4,580.4900000000001,2opt,notBad
18738,4,581.26,4,580.4900000000001,swap,notBad
18739,4,581.26,4,580.4900000000001,move,improve
18740,4,581.26,4,580.4900000000001,swap,notBad
18741,4,581.26,4,580.4900000000001,2opt,notBad
18742,4,581.26,4,580.4900000000001,2opt,notBad
18743,4,581.26,4,580.4900000000001,move,improve
18744,4,581.26,4,580.4900000000001,move,improve
18745,4,581.26,4,580.4900000000001,move,improve
18746,4,581.26,4,580.4900000000001,move,improve
18747,4,581.26,4,580.4900000000001,swap,notBad
18748,4,581.26,4,580.4900000000001,2opt,notBad
18749,4,581.26,4,580.4900000000001,move,improve
18750,4,581.26,4,580.4900000000001,2opt,notBad
18751,4,581.26,4,580.4900000000001,2opt,notBad
18752,4,581.26,4,580.4900000000001,swap,notBad
18753,4,581.26,4,580.4900000000001,swap,notBad
18754,4,581.26,4,580.4900000000001,move,improve
18755,4,581.26,4,580.4900000000001,swap,notBad
18756,4,581.26,4,580.4900000000001,2opt,notBad
18757,4,581.26,4,580.4900000000001,move,improve
18758,4,581.26,4,580.4900000000001,2opt,notBad
18759,4,581.26,4,580.4900000000001,2opt,notBad
18760,4,581.26,4,580.4900000000001,swap,notBad
18761,4,581.26,4,580.4900000000001,2opt,notBad
18762,4,581.26,4,580.4900000000001,2opt,notBad
18763,4,581.26,4,580.4900000000001,move,improve
18764,4,581.26,4,580.4900000000001,move,improve
18765,4,581.26,4,580.4900000000001,move,improve
18766,4,581.26,4,580.4900000000001,swap,notBad
18767,4,581.26,4,580.4900000000001,2opt,notBad
18768,4,581.26,4,580.4900000000001,2opt,notBad
18769,4,581.26,4,580.4900000000001,2opt,notBad
18770,4,581.26,4,580.4900000000001,swap,notBad
18771,4,581.26,4,580.4900000000001,swap,notBad
18772,4,581.26,4,580.4900000000001,swap,notBad
18773,4,581.26,4,580.4900000000001,2opt,notBad
18774,4,581.26,4,580.4900000000001,move,improve
18775,4,581.26,4,580.4900000000001,swap,notBad
18776,4,581.26,4,580.4900000000001,move,improve
18777,4,581.26,4,580.4900000000001,swap,notBad
18778,4,581.26,4,580.4900000000001,move,improve
18779,4,581.26,4,580.4900000000001,move,improve
18780,4,581.26,4,580.4900000000001,move,improve
18781,4,581.26,4,580.4900000000001,swap,notBad
18782,4,581.26,4,580.4900000000001,2opt,notBad
18783,4,581.26,4,580.4900000000001,move,improve
18784,4,581.26,4,580.4900000000001,move,improve
18785,4,581.26,4,580.4900000000001,2opt,improve
18786,4,581.26,4,580.4900000000001,move,improve
18787,4,581.26,4,580.4900000000001,2opt,notBad
18788,4,581.26,4,580.4900000000001,move,improve
18789,4,581.26,4,580.4900000000001,swap,notBad
18790,4,581.26,4,580.4900000000001,2opt,improve
18791,4,581.26,4,580.4900000000001,swap,notBad
18792,4,581.26,4,580.4900000000001,move,improve
18793,4,581.26,4,580.4900000000001,swap,notBad
18794,4,581.26,4,580.4900000000001,move,improve
18795,4,581.26,4,580.4900000000001,2opt,notBad
18796,4,581.26,4,580.4900000000001,swap,notBad
18797,4,581.26,4,580.4900000000001,swap,notBad
18798,4,581.26,4,580.4900000000001,move,improve
18799,4,581.26,4,580.4900000000001,swap,notBad
18800,4,581.26,4,580.4900000000001,swap,notBad
18801,4,581.26,4,580.4900000000001,move,improve
18802,4,581.26,4,580.4900000000001,2opt,notBad
18803,4,581.26,4,580.4900000000001,swap,notBad
18804,4,581.26,4,580.4900000000001,move,improve
18805,4,581.26,4,580.4900000000001,move,improve
18806,4,581.26,4,580.4900000000001,move,improve
18807,4,581.26,4,580.4900000000001,swap,notBad
18808,4,581.26,4,580.4900000000001,swap,notBad
18809,4,581.26,4,580.4900000000001,2opt,notBad
18810,4,581.26,4,580.4900000000001,2opt,notBad
18811,4,581.26,4,580.4900000000001,2opt,notBad
18812,4,581.26,4,580.4900000000001,move,improve
18813,4,581.26,4,580.4900000000001,swap,notBad
18814,4,581.26,4,580.4900000000001,2opt,notBad
18815,4,581.26,4,580.4900000000001,swap,notBad
18816,4,581.26,4,580.4900000000001,2opt,improve
18817,4,581.26,4,580.4900000000001,2opt,notBad
18818,4,581.26,4,580.4900000000001,2opt,notBad
18819,4,581.26,4,580.4900000000001,swap,notBad
18820,4,581.26,4,580.4900000000001,2opt,notBad
18821,4,581.26,4,580.4900000000001,2opt,notBad
18822,4,581.26,4,580.4900000000001,2opt,notBad
18823,4,581.26,4,580.4900000000001,2opt,improve
18824,4,581.26,4,580.4900000000001,2opt,notBad
18825,4,581.26,4,580.4900000000001,swap,notBad
18826,4,581.26,4,580.4900000000001,2opt,improve
18827,4,581.26,4,580.4900000000001,2opt,notBad
18828,4,581.26,4,580.4900000000001,2opt,notBad
18829,4,581.26,4,580.4900000000001,move,improve
18830,4,581.26,4,580.4900000000001,move,improve
18831,4,581.26,4,580.4900000000001,swap,notBad
18832,4,581.26,4,580.4900000000001,move,improve
18833,4,581.26,4,580.4900000000001,2opt,notBad
18834,4,581.26,4,580.4900000000001,move,improve
18835,4,581.26,4,580.4900000000001,move,improve
18836,4,581.26,4,580.4900000000001,move,improve
18837,4,581.26,4,580.4900000000001,2opt,notBad
18838,4,581.26,4,580.4900000000001,2opt,notBad
18839,4,581.26,4,580.4900000000001,2opt,notBad
18840,4,581.26,4,580.4900000000001,move,improve
18841,4,581.26,4,580.4900000000001,move,improve
18842,4,581.26,4,580.4900000000001,move,improve
18843,4,581.26,4,580.4900000000001,move,improve
18844,4,581.26,4,580.4900000000001,2opt,notBad
18845,4,581.26,4,580.4900000000001,move,improve
18846,4,581.26,4,580.4900000000001,2opt,improve
18847,4,581.26,4,580.4900000000001,2opt,notBad
18848,4,581.26,4,580.4900000000001,swap,notBad
18849,4,581.26,4,580.4900000000001,swap,notBad
18850,4,581.26,4,580.4900000000001,move,improve
18851,4,581.26,4,580.4900000000001,move,improve
18852,4,581.26,4,580.4900000000001,move,improve
18853,4,581.26,4,580.4900000000001,2opt,notBad
18854,4,581.26,4,580.4900000000001,move,improve
18855,4,581.26,4,580.4900000000001,move,improve
18856,4,581.26,4,580.4900000000001,move,improve
18857,4,581.26,4,580.4900000000001,move,improve
18858,4,581.26,4,580.4900000000001,move,improve
18859,4,581.26,4,580.4900000000001,swap,notBad
18860,4,581.26,4,580.4900000000001,2opt,notBad
18861,4,581.26,4,580.4900000000001,swap,notBad
18862,4,581.26,4,580.4900000000001,2opt,notBad
18863,4,581.26,4,580.4900000000001,move,improve
18864,4,581.26,4,580.4900000000001,2opt,notBad
18865,4,581.26,4,580.4900000000001,2opt,notBad
18866,4,581.26,4,580.4900000000001,2opt,notBad
18867,4,581.26,4,580.4900000000001,2opt,notBad
18868,4,581.26,4,580.4900000000001,move,improve
18869,4,581.26,4,580.4900000000001,2opt,notBad
18870,4,581.26,4,580.4900000000001,move,improve
18871,4,581.26,4,580.4900000000001,move,improve
18872,4,581.26,4,580.4900000000001,2opt,notBad
18873,4,581.26,4,580.4900000000001,swap,notBad
18874,4,581.26,4,580.4900000000001,swap,notBad
18875,4,581.26,4,580.4900000000001,swap,notBad
18876,4,581.26,4,580.4900000000001,move,improve
18877,4,581.26,4,580.4900000000001,swap,notBad
18878,4,581.26,4,580.4900000000001,move,improve
18879,4,581.26,4,580.4900000000001,2opt,notBad
18880,4,581.26,4,580.4900000000001,swap,notBad
18881,4,581.26,4,580.4900000000001,2opt,notBad
18882,4,581.26,4,580.4900000000001,swap,notBad
18883,4,581.26,4,580.4900000000001,swap,notBad
18884,4,581.26,4,580.4900000000001,move,improve
18885,4,581.26,4,580.4900000000001,swap,notBad
18886,4,581.26,4,580.4900000000001,2opt,notBad
18887,4,581.26,4,580.4900000000001,move,improve
18888,4,581.26,4,580.4900000000001,2opt,notBad
18889,4,581.26,4,580.4900000000001,move,improve
18890,4,581.26,4,580.4900000000001,2opt,notBad
18891,4,581.26,4,580.4900000000001,2opt,notBad
18892,4,581.26,4,580.4900000000001,swap,notBad
18893,4,581.26,4,580.4900000000001,2opt,notBad
18894,4,581.26,4,580.4900000000001,move,improve
18895,4,581.26,4,580.4900000000001,swap,notBad
18896,4,581.26,4,580.4900000000001,swap,notBad
18897,4,581.26,4,580.4900000000001,2opt,notBad
18898,4,581.26,4,580.4900000000001,2opt,notBad
18899,4,581.26,4,580.4900000000001,2opt,notBad
18900,4,581.26,4,580.4900000000001,move,improve
18901,4,581.26,4,580.4900000000001,move,improve
18902,4,581.26,4,580.4900000000001,move,improve
18903,4,581.26,4,580.4900000000001,2opt,notBad
18904,4,581.26,4,580.4900000000001,2opt,notBad
18905,4,581.26,4,580.4900000000001,2opt,notBad
18906,4,581.26,4,580.4900000000001,2opt,notBad
18907,4,581.26,4,580.4900000000001,move,improve
18908,4,581.26,4,580.4900000000001,move,improve
18909,4,581.26,4,580.4900000000001,move,improve
18910,4,581.26,4,580.4900000000001,move,improve
18911,4,581.26,4,580.4900000000001,2opt,notBad
18912,4,581.26,4,580.4900000000001,swap,notBad
18913,4,581.26,4,580.4900000000001,2opt,improve
18914,4,581.26,4,580.4900000000001,2opt,notBad
18915,4,581.26,4,580.4900000000001,swap,notBad
18916,4,581.26,4,580.4900000000001,swap,notBad
18917,4,581.26,4,580.4900000000001,2opt,notBad
18918,4,581.26,4,580.4900000000001,2opt,notBad
18919,4,581.26,4,580.4900000000001,move,improve
18920,4,581.26,4,580.4900000000001,2opt,notBad
18921,4,581.26,4,580.4900000000001,2opt,notBad
18922,4,581.26,4,580.4900000000001,swap,notBad
18923,4,581.26,4,580.4900000000001,move,improve
18924,4,581.26,4,580.4900000000001,swap,notBad
18925,4,581.26,4,580.4900000000001,2opt,notBad
18926,4,581.26,4,580.4900000000001,swap,notBad
18927,4,581.26,4,580.4900000000001,2opt,notBad
18928,4,581.26,4,580.4900000000001,swap,notBad
18929,4,581.26,4,580.4900000000001,move,improve
18930,4,581.26,4,580.4900000000001,move,improve
18931,4,581.26,4,580.4900000000001,move,improve
18932,4,581.26,4,580.4900000000001,swap,notBad
18933,4,581.26,4,580.4900000000001,2opt,notBad
18934,4,581.26,4,580.4900000000001,2opt,notBad
18935,4,581.26,4,580.4900000000001,2opt,notBad
18936,4,581.26,4,580.4900000000001,swap,notBad
18937,4,581.26,4,580.4900000000001,2opt,notBad
18938,4,581.26,4,580.4900000000001,swap,notBad
18939,4,581.26,4,580.4900000000001,swap,notBad
18940,4,581.26,4,580.4900000000001,2opt,notBad
18941,4,581.26,4,580.4900000000001,swap,notBad
18942,4,581.26,4,580.4900000000001,move,improve
18943,4,581.26,4,580.4900000000001,move,improve
18944,4,581.26,4,580.4900000000001,move,improve
18945,4,581.26,4,580.4900000000001,swap,notBad
18946,4,581.26,4,580.4900000000001,move,improve
18947,4,581.26,4,580.4900000000001,move,improve
18948,4,581.26,4,580.4900000000001,2opt,notBad
18949,4,581.26,4,580.4900000000001,move,improve
18950,4,581.26,4,580.4900000000001,2opt,notBad
18951,4,581.26,4,580.4900000000001,2opt,notBad
18952,4,581.26,4,580.4900000000001,2opt,improve
18953,4,581.26,4,580.4900000000001,2opt,notBad
18954,4,581.26,4,580.4900000000001,swap,notBad
18955,4,581.26,4,580.4900000000001,move,improve
18956,4,581.26,4,580.4900000000001,move,improve
18957,4,581.26,4,580.4900000000001,swap,notBad
18958,4,581.26,4,580.4900000000001,2opt,notBad
18959,4,581.26,4,580.4900000000001,move,improve
18960,4,581.26,4,580.4900000000001,swap,notBad
18961,4,581.26,4,580.4900000000001,swap,notBad
18962,4,581.26,4,580.4900000000001,swap,notBad
18963,4,581.26,4,580.4900000000001,swap,notBad
18964,4,581.26,4,580.4900000000001,swap,notBad
18965,4,581.26,4,580.4900000000001,move,improve
18966,4,581.26,4,580.4900000000001,2opt,improve
18967,4,581.26,4,580.4900000000001,swap,notBad
18968,4,581.26,4,580.4900000000001,swap,notBad
18969,4,581.26,4,580.4900000000001,2opt,notBad
18970,4,581.26,4,580.4900000000001,2opt,notBad
18971,4,581.26,4,580.4900000000001,swap,notBad
18972,4,581.26,4,580.4900000000001,swap,notBad
18973,4,581.26,4,580.4900000000001,2opt,notBad
18974,4,581.26,4,580.4900000000001,2opt,notBad
18975,4,581.26,4,580.4900000000001,move,improve
18976,4,581.26,4,580.4900000000001,2opt,notBad
18977,4,581.26,4,580.4900000000001,2opt,notBad
18978,4,581.26,4,580.4900000000001,move,improve
18979,4,581.26,4,580.4900000000001,2opt,notBad
18980,4,581.26,4,580.4900000000001,swap,notBad
18981,4,581.26,4,580.4900000000001,swap,notBad
18982,4,581.26,4,580.4900000000001,swap,notBad
18983,4,581.26,4,580.4900000000001,move,improve
18984,4,581.26,4,580.4900000000001,swap,notBad
18985,4,581.26,4,580.4900000000001,2opt,notBad
18986,4,581.26,4,580.4900000000001,swap,notBad
18987,4,581.26,4,580.4900000000001,2opt,notBad
18988,4,581.26,4,580.4900000000001,move,improve
18989,4,581.26,4,580.4900000000001,swap,notBad
18990,4,581.26,4,580.4900000000001,2opt,notBad
18991,4,581.26,4,580.4900000000001,move,improve
18992,4,581.26,4,580.4900000000001,swap,notBad
18993,4,581.26,4,580.4900000000001,swap,notBad
18994,4,581.26,4,580.4900000000001,move,improve
18995,4,581.26,4,580.4900000000001,2opt,notBad
18996,4,581.26,4,580.4900000000001,swap,notBad
18997,4,581.26,4,580.4900000000001,move,improve
18998,4,581.26,4,580.4900000000001,swap,notBad
18999,4,581.26,4,580.4900000000001,swap,notBad
19000,4,581.26,4,580.4900000000001,2opt,notBad
19001,4,581.26,4,580.4900000000001,2opt,notBad
19002,4,581.26,4,580.4900000000001,move,improve
19003,4,581.26,4,580.4900000000001,move,improve
19004,4,581.26,4,580.4900000000001,2opt,notBad
19005,4,581.26,4,580.4900000000001,move,improve
19006,4,581.26,4,580.4900000000001,2opt,notBad
19007,4,581.26,4,580.4900000000001,move,improve
19008,4,581.26,4,580.4900000000001,move,improve
19009,4,581.26,4,580.4900000000001,move,improve
19010,4,581.26,4,580.4900000000001,move,improve
19011,4,581.26,4,580.4900000000001,move,improve
19012,4,581.26,4,580.4900000000001,move,improve
19013,4,581.26,4,580.4900000000001,swap,notBad
19014,4,581.26,4,580.4900000000001,move,improve
19015,4,581.26,4,580.4900000000001,move,improve
19016,4,581.26,4,580.4900000000001,2opt,notBad
19017,4,581.26,4,580.4900000000001,swap,notBad
19018,4,581.26,4,580.4900000000001,2opt,notBad
19019,4,581.26,4,580.4900000000001,2opt,notBad
19020,4,581.26,4,580.4900000000001,2opt,notBad
19021,4,581.26,4,580.4900000000001,2opt,notBad
19022,4,581.26,4,580.4900000000001,swap,notBad
19023,4,581.26,4,580.4900000000001,2opt,notBad
19024,4,581.26,4,580.4900000000001,swap,notBad
19025,4,581.26,4,580.4900000000001,swap,notBad
19026,4,581.26,4,580.4900000000001,2opt,notBad
19027,4,581.26,4,580.4900000000001,move,improve
19028,4,581.26,4,580.4900000000001,2opt,notBad
19029,4,581.26,4,580.4900000000001,move,improve
19030,4,581.26,4,580.4900000000001,swap,notBad
19031,4,581.26,4,580.4900000000001,swap,notBad
19032,4,581.26,4,580.4900000000001,move,improve
19033,4,581.26,4,580.4900000000001,2opt,notBad
19034,4,581.26,4,580.4900000000001,move,improve
19035,4,581.26,4,580.4900000000001,swap,notBad
19036,4,581.26,4,580.4900000000001,move,improve
19037,4,581.26,4,580.4900000000001,2opt,notBad
19038,4,581.26,4,580.4900000000001,2opt,notBad
19039,4,581.26,4,580.4900000000001,move,improve
19040,4,581.26,4,580.4900000000001,swap,notBad
19041,4,581.26,4,580.4900000000001,move,improve
19042,4,581.26,4,580.4900000000001,move,improve
19043,4,581.26,4,580.4900000000001,move,improve
19044,4,581.26,4,580.4900000000001,move,improve
19045,4,581.26,4,580.4900000000001,move,improve
19046,4,581.26,4,580.4900000000001,2opt,notBad
19047,4,581.26,4,580.4900000000001,move,improve
19048,4,581.26,4,580.4900000000001,move,improve
19049,4,581.26,4,580.4900000000001,swap,notBad
19050,4,581.26,4,580.4900000000001,2opt,notBad
19051,4,581.26,4,580.4900000000001,move,improve
19052,4,581.26,4,580.4900000000001,2opt,notBad
19053,4,581.26,4,580.4900000000001,move,improve
19054,4,581.26,4,580.4900000000001,2opt,notBad
19055,4,581.26,4,580.4900000000001,2opt,notBad
19056,4,581.26,4,580.4900000000001,move,improve
19057,4,581.26,4,580.4900000000001,swap,notBad
19058,4,581.26,4,580.4900000000001,swap,notBad
19059,4,581.26,4,580.4900000000001,swap,notBad
19060,4,581.26,4,580.4900000000001,2opt,notBad
19061,4,581.26,4,580.4900000000001,move,improve
19062,4,581.26,4,580.4900000000001,move,improve
19063,4,581.26,4,580.4900000000001,2opt,notBad
19064,4,581.26,4,580.4900000000001,swap,notBad
19065,4,581.26,4,580.4900000000001,2opt,notBad
19066,4,581.26,4,580.4900000000001,move,notBad
19067,4,581.26,4,580.4900000000001,move,improve
19068,4,581.26,4,580.4900000000001,swap,notBad
19069,4,581.26,4,580.4900000000001,swap,notBad
19070,4,581.26,4,580.4900000000001,move,improve
19071,4,581.26,4,580.4900000000001,swap,notBad
19072,4,581.26,4,580.4900000000001,swap,notBad
19073,4,581.26,4,580.4900000000001,swap,notBad
19074,4,581.26,4,580.4900000000001,swap,notBad
19075,4,581.26,4,580.4900000000001,swap,notBad
19076,4,581.26,4,580.4900000000001,swap,notBad
19077,4,581.26,4,580.4900000000001,2opt,notBad
19078,4,581.26,4,580.4900000000001,move,improve
19079,4,581.26,4,580.4900000000001,move,improve
19080,4,581.26,4,580.4900000000001,2opt,notBad
19081,4,581.26,4,580.4900000000001,2opt,notBad
19082,4,581.26,4,580.4900000000001,2opt,notBad
19083,4,581.26,4,580.4900000000001,move,improve
19084,4,581.26,4,580.4900000000001,2opt,notBad
19085,4,581.26,4,580.4900000000001,2opt,notBad
19086,4,581.26,4,580.4900000000001,swap,notBad
19087,4,581.26,4,580.4900000000001,2opt,notBad
19088,4,581.26,4,580.4900000000001,2opt,notBad
19089,4,581.26,4,580.4900000000001,swap,notBad
19090,4,581.26,4,580.4900000000001,swap,notBad
19091,4,581.26,4,580.4900000000001,2opt,notBad
19092,4,581.26,4,580.4900000000001,move,improve
19093,4,581.26,4,580.4900000000001,2opt,notBad
19094,4,581.26,4,580.4900000000001,move,improve
19095,4,581.26,4,580.4900000000001,move,improve
19096,4,581.26,4,580.4900000000001,move,improve
19097,4,581.26,4,580.4900000000001,swap,notBad
19098,4,581.26,4,580.4900000000001,2opt,notBad
19099,4,581.26,4,580.4900000000001,swap,notBad
19100,4,581.26,4,580.4900000000001,swap,notBad
19101,4,581.26,4,580.4900000000001,2opt,notBad
19102,4,581.26,4,580.4900000000001,2opt,notBad
19103,4,581.26,4,580.4900000000001,2opt,notBad
19104,4,581.26,4,580.4900000000001,2opt,notBad
19105,4,581.26,4,580.4900000000001,swap,notBad
19106,4,581.26,4,580.4900000000001,swap,notBad
19107,4,581.26,4,580.4900000000001,2opt,notBad
19108,4,581.26,4,580.4900000000001,swap,notBad
19109,4,581.26,4,580.4900000000001,swap,notBad
19110,4,581.26,4,580.4900000000001,move,improve
19111,4,581.26,4,580.4900000000001,2opt,notBad
19112,4,581.26,4,580.4900000000001,move,improve
19113,4,581.26,4,580.4900000000001,2opt,notBad
19114,4,581.26,4,580.4900000000001,swap,notBad
19115,4,581.26,4,580.4900000000001,swap,notBad
19116,4,581.26,4,580.4900000000001,swap,notBad
19117,4,581.26,4,580.4900000000001,move,improve
19118,4,581.26,4,580.4900000000001,move,improve
19119,4,581.26,4,580.4900000000001,2opt,improve
19120,4,581.26,4,580.4900000000001,swap,notBad
19121,4,581.26,4,580.4900000000001,move,improve
19122,4,581.26,4,580.4900000000001,move,improve
19123,4,581.26,4,580.4900000000001,swap,notBad
19124,4,581.26,4,580.4900000000001,2opt,notBad
19125,4,581.26,4,580.4900000000001,2opt,notBad
19126,4,581.26,4,580.4900000000001,swap,notBad
19127,4,581.26,4,580.4900000000001,swap,notBad
19128,4,581.26,4,580.4900000000001,move,improve
19129,4,581.26,4,580.4900000000001,move,improve
19130,4,581.26,4,580.4900000000001,swap,notBad
19131,4,581.26,4,580.4900000000001,move,improve
19132,4,581.26,4,580.4900000000001,swap,notBad
19133,4,581.26,4,580.4900000000001,2opt,notBad
19134,4,581.26,4,580.4900000000001,swap,notBad
19135,4,581.26,4,580.4900000000001,swap,notBad
19136,4,581.26,4,580.4900000000001,move,improve
19137,4,581.26,4,580.4900000000001,2opt,notBad
19138,4,581.26,4,580.4900000000001,move,improve
19139,4,581.26,4,580.4900000000001,move,improve
19140,4,581.26,4,580.4900000000001,swap,notBad
19141,4,581.26,4,580.4900000000001,2opt,notBad
19142,4,581.26,4,580.4900000000001,move,improve
19143,4,581.26,4,580.4900000000001,2opt,notBad
19144,4,581.26,4,580.4900000000001,swap,notBad
19145,4,581.26,4,580.4900000000001,2opt,notBad
19146,4,581.26,4,580.4900000000001,swap,notBad
19147,4,581.26,4,580.4900000000001,2opt,notBad
19148,4,581.26,4,580.4900000000001,2opt,notBad
19149,4,581.26,4,580.4900000000001,move,improve
19150,4,581.26,4,580.4900000000001,swap,notBad
19151,4,581.26,4,580.4900000000001,swap,notBad
19152,4,581.26,4,580.4900000000001,move,improve
19153,4,581.26,4,580.4900000000001,move,improve
19154,4,581.26,4,580.4900000000001,move,improve
19155,4,581.26,4,580.4900000000001,swap,notBad
19156,4,581.26,4,580.4900000000001,swap,notBad
19157,4,581.26,4,580.4900000000001,2opt,notBad
19158,4,581.26,4,580.4900000000001,move,improve
19159,4,581.26,4,580.4900000000001,move,improve
19160,4,581.26,4,580.4900000000001,2opt,notBad
19161,4,581.26,4,580.4900000000001,2opt,notBad
19162,4,581.26,4,580.4900000000001,2opt,notBad
19163,4,581.26,4,580.4900000000001,2opt,notBad
19164,4,581.26,4,580.4900000000001,2opt,notBad
19165,4,581.26,4,580.4900000000001,2opt,notBad
19166,4,581.26,4,580.4900000000001,move,improve
19167,4,581.26,4,580.4900000000001,2opt,notBad
19168,4,581.26,4,580.4900000000001,move,improve
19169,4,581.26,4,580.4900000000001,move,improve
19170,4,581.26,4,580.4900000000001,move,improve
19171,4,581.26,4,580.4900000000001,2opt,notBad
19172,4,581.26,4,580.4900000000001,swap,notBad
19173,4,581.26,4,580.4900000000001,swap,notBad
19174,4,581.26,4,580.4900000000001,2opt,notBad
19175,4,581.26,4,580.4900000000001,move,improve
19176,4,581.26,4,580.4900000000001,swap,notBad
19177,4,581.26,4,580.4900000000001,2opt,notBad
19178,4,581.26,4,580.4900000000001,swap,notBad
19179,4,581.26,4,580.4900000000001,move,improve
19180,4,581.26,4,580.4900000000001,move,improve
19181,4,581.26,4,580.4900000000001,2opt,notBad
19182,4,581.26,4,580.4900000000001,move,improve
19183,4,581.26,4,580.4900000000001,move,improve
19184,4,581.26,4,580.4900000000001,move,improve
19185,4,581.26,4,580.4900000000001,2opt,notBad
19186,4,581.26,4,580.4900000000001,2opt,notBad
19187,4,581.26,4,580.4900000000001,move,improve
19188,4,581.26,4,580.4900000000001,move,improve
19189,4,581.26,4,580.4900000000001,move,improve
19190,4,581.26,4,580.4900000000001,2opt,notBad
19191,4,581.26,4,580.4900000000001,swap,notBad
19192,4,581.26,4,580.4900000000001,2opt,notBad
19193,4,581.26,4,580.4900000000001,swap,notBad
19194,4,581.26,4,580.4900000000001,swap,notBad
19195,4,581.26,4,580.4900000000001,move,improve
19196,4,581.26,4,580.4900000000001,2opt,notBad
19197,4,581.26,4,580.4900000000001,2opt,notBad
19198,4,581.26,4,580.4900000000001,swap,notBad
19199,4,581.26,4,580.4900000000001,swap,notBad
19200,4,581.26,4,580.4900000000001,2opt,notBad
19201,4,581.26,4,580.4900000000001,swap,notBad
19202,4,581.26,4,580.4900000000001,move,improve
19203,4,581.26,4,580.4900000000001,move,improve
19204,4,581.26,4,580.4900000000001,2opt,notBad
19205,4,581.26,4,580.4900000000001,2opt,notBad
19206,4,581.26,4,580.4900000000001,swap,notBad
19207,4,581.26,4,580.4900000000001,move,improve
19208,4,581.26,4,580.4900000000001,move,improve
19209,4,581.26,4,580.4900000000001,move,improve
19210,4,581.26,4,580.4900000000001,2opt,notBad
19211,4,581.26,4,580.4900000000001,2opt,notBad
19212,4,581.26,4,580.4900000000001,move,improve
19213,4,581.26,4,580.4900000000001,swap,notBad
19214,4,581.26,4,580.4900000000001,swap,notBad
19215,4,581.26,4,580.4900000000001,swap,notBad
19216,4,581.26,4,580.4900000000001,2opt,notBad
19217,4,581.26,4,580.4900000000001,2opt,notBad
19218,4,581.26,4,580.4900000000001,move,improve
19219,4,581.26,4,580.4900000000001,move,improve
19220,4,581.26,4,580.4900000000001,move,improve
19221,4,581.26,4,580.4900000000001,swap,notBad
19222,4,581.26,4,580.4900000000001,swap,notBad
19223,4,581.26,4,580.4900000000001,2opt,notBad
19224,4,581.26,4,580.4900000000001,move,improve
19225,4,581.26,4,580.4900000000001,swap,notBad
19226,4,581.26,4,580.4900000000001,swap,notBad
19227,4,581.26,4,580.4900000000001,swap,notBad
19228,4,581.26,4,580.4900000000001,swap,notBad
19229,4,581.26,4,580.4900000000001,2opt,notBad
19230,4,581.26,4,580.4900000000001,2opt,notBad
19231,4,581.26,4,580.4900000000001,move,improve
19232,4,581.26,4,580.4900000000001,move,improve
19233,4,581.26,4,580.4900000000001,move,improve
19234,4,581.26,4,580.4900000000001,2opt,notBad
19235,4,581.26,4,580.4900000000001,swap,notBad
19236,4,581.26,4,580.4900000000001,swap,notBad
19237,4,581.26,4,580.4900000000001,2opt,notBad
19238,4,581.26,4,580.4900000000001,2opt,notBad
19239,4,581.26,4,580.4900000000001,swap,notBad
19240,4,581.26,4,580.4900000000001,swap,notBad
19241,4,581.26,4,580.4900000000001,2opt,notBad
19242,4,581.26,4,580.4900000000001,2opt,notBad
19243,4,581.26,4,580.4900000000001,swap,notBad
19244,4,581.26,4,580.4900000000001,move,improve
19245,4,581.26,4,580.4900000000001,swap,notBad
19246,4,581.26,4,580.4900000000001,move,improve
19247,4,581.26,4,580.4900000000001,2opt,notBad
19248,4,581.26,4,580.4900000000001,swap,notBad
19249,4,581.26,4,580.4900000000001,move,improve
19250,4,581.26,4,580.4900000000001,2opt,notBad
19251,4,581.26,4,580.4900000000001,2opt,notBad
19252,4,581.26,4,580.4900000000001,2opt,notBad
19253,4,581.26,4,580.4900000000001,swap,notBad
19254,4,581.26,4,580.4900000000001,move,improve
19255,4,581.26,4,580.4900000000001,2opt,notBad
19256,4,581.26,4,580.4900000000001,2opt,notBad
19257,4,581.26,4,580.4900000000001,move,improve
19258,4,581.26,4,580.4900000000001,2opt,notBad
19259,4,581.26,4,580.4900000000001,move,improve
19260,4,581.26,4,580.4900000000001,swap,notBad
19261,4,581.26,4,580.4900000000001,2opt,notBad
19262,4,581.26,4,580.4900000000001,2opt,notBad
19263,4,581.26,4,580.4900000000001,move,improve
19264,4,581.26,4,580.4900000000001,2opt,notBad
19265,4,581.26,4,580.4900000000001,swap,notBad
19266,4,581.26,4,580.4900000000001,move,improve
19267,4,581.26,4,580.4900000000001,2opt,notBad
19268,4,581.26,4,580.4900000000001,swap,notBad
19269,4,581.26,4,580.4900000000001,swap,notBad
19270,4,581.26,4,580.4900000000001,2opt,notBad
19271,4,581.26,4,580.4900000000001,swap,notBad
19272,4,581.26,4,580.4900000000001,swap,notBad
19273,4,581.26,4,580.4900000000001,move,improve
19274,4,581.26,4,580.4900000000001,swap,notBad
19275,4,581.26,4,580.4900000000001,swap,notBad
19276,4,581.26,4,580.4900000000001,swap,notBad
19277,4,581.26,4,580.4900000000001,move,improve
19278,4,581.26,4,580.4900000000001,swap,notBad
19279,4,581.26,4,580.4900000000001,2opt,notBad
19280,4,581.26,4,580.4900000000001,move,improve
19281,4,581.26,4,580.4900000000001,2opt,notBad
19282,4,581.26,4,580.4900000000001,2opt,notBad
19283,4,581.26,4,580.4900000000001,move,improve
19284,4,581.26,4,580.4900000000001,2opt,notBad
19285,4,581.26,4,580.4900000000001,swap,notBad
19286,4,581.26,4,580.4900000000001,swap,notBad
19287,4,581.26,4,580.4900000000001,2opt,notBad
19288,4,581.26,4,580.4900000000001,2opt,notBad
19289,4,581.26,4,580.4900000000001,move,improve
19290,4,581.26,4,580.4900000000001,swap,notBad
19291,4,581.26,4,580.4900000000001,swap,notBad
19292,4,581.26,4,580.4900000000001,swap,notBad
19293,4,581.26,4,580.4900000000001,2opt,improve
19294,4,581.26,4,580.4900000000001,swap,notBad
19295,4,581.26,4,580.4900000000001,2opt,notBad
19296,4,581.26,4,580.4900000000001,move,improve
19297,4,581.26,4,580.4900000000001,move,improve
19298,4,581.26,4,580.4900000000001,move,improve
19299,4,581.26,4,580.4900000000001,2opt,notBad
19300,4,581.26,4,580.4900000000001,move,improve
19301,4,581.26,4,580.4900000000001,2opt,notBad
19302,4,581.26,4,580.4900000000001,swap,notBad
19303,4,581.26,4,580.4900000000001,swap,notBad
19304,4,581.26,4,580.4900000000001,move,improve
19305,4,581.26,4,580.4900000000001,2opt,notBad
19306,4,581.26,4,580.4900000000001,move,improve
19307,4,581.26,4,580.4900000000001,move,improve
19308,4,581.26,4,580.4900000000001,move,improve
19309,4,581.26,4,580.4900000000001,2opt,notBad
19310,4,581.26,4,580.4900000000001,swap,notBad
19311,4,581.26,4,580.4900000000001,2opt,notBad
19312,4,581.26,4,580.4900000000001,2opt,notBad
19313,4,581.26,4,580.4900000000001,swap,notBad
19314,4,581.26,4,580.4900000000001,swap,notBad
19315,4,581.26,4,580.4900000000001,move,improve
19316,4,581.26,4,580.4900000000001,move,improve
19317,4,581.26,4,580.4900000000001,move,improve
19318,4,581.26,4,580.4900000000001,swap,notBad
19319,4,581.26,4,580.4900000000001,2opt,notBad
19320,4,581.26,4,580.4900000000001,2opt,notBad
19321,4,581.26,4,580.4900000000001,swap,notBad
19322,4,581.26,4,580.4900000000001,2opt,notBad
19323,4,581.26,4,580.4900000000001,move,improve
19324,4,581.26,4,580.4900000000001,swap,notBad
19325,4,581.26,4,580.4900000000001,2opt,notBad
19326,4,581.26,4,580.4900000000001,swap,notBad
19327,4,581.26,4,580.4900000000001,2opt,notBad
19328,4,581.26,4,580.4900000000001,swap,notBad
19329,4,581.26,4,580.4900000000001,swap,notBad
19330,4,581.26,4,580.4900000000001,move,improve
19331,4,581.26,4,580.4900000000001,move,improve
19332,4,581.26,4,580.4900000000001,2opt,notBad
19333,4,581.26,4,580.4900000000001,2opt,improve
19334,4,581.26,4,580.4900000000001,swap,notBad
19335,4,581.26,4,580.4900000000001,move,improve
19336,4,581.26,4,580.4900000000001,move,improve
19337,4,581.26,4,580.4900000000001,2opt,notBad
19338,4,581.26,4,580.4900000000001,2opt,notBad
19339,4,581.26,4,580.4900000000001,swap,notBad
19340,4,581.26,4,580.4900000000001,move,improve
19341,4,581.26,4,580.4900000000001,move,improve
19342,4,581.26,4,580.4900000000001,move,improve
19343,4,581.26,4,580.4900000000001,swap,notBad
19344,4,581.26,4,580.4900000000001,swap,notBad
19345,4,581.26,4,580.4900000000001,2opt,notBad
19346,4,581.26,4,580.4900000000001,swap,notBad
19347,4,581.26,4,580.4900000000001,swap,notBad
19348,4,581.26,4,580.4900000000001,2opt,notBad
19349,4,581.26,4,580.4900000000001,move,improve
19350,4,581.26,4,580.4900000000001,swap,notBad
19351,4,581.26,4,580.4900000000001,swap,notBad
19352,4,581.26,4,580.4900000000001,move,improve
19353,4,581.26,4,580.4900000000001,2opt,notBad
19354,4,581.26,4,580.4900000000001,move,improve
19355,4,581.26,4,580.4900000000001,move,improve
19356,4,581.26,4,580.4900000000001,swap,notBad
19357,4,581.26,4,580.4900000000001,swap,notBad
19358,4,581.26,4,580.4900000000001,move,improve
19359,4,581.26,4,580.4900000000001,2opt,notBad
19360,4,581.26,4,580.4900000000001,2opt,notBad
19361,4,581.26,4,580.4900000000001,swap,notBad
19362,4,581.26,4,580.4900000000001,move,improve
19363,4,581.26,4,580.4900000000001,swap,notBad
19364,4,581.26,4,580.4900000000001,move,improve
19365,4,581.26,4,580.4900000000001,2opt,notBad
19366,4,581.26,4,580.4900000000001,move,improve
19367,4,581.26,4,580.4900000000001,2opt,notBad
19368,4,581.26,4,580.4900000000001,2opt,notBad
19369,4,581.26,4,580.4900000000001,2opt,notBad
19370,4,581.26,4,580.4900000000001,2opt,notBad
19371,4,581.26,4,580.4900000000001,2opt,notBad
19372,4,581.26,4,580.4900000000001,move,improve
19373,4,581.26,4,580.4900000000001,2opt,notBad
19374,4,581.26,4,580.4900000000001,2opt,notBad
19375,4,581.26,4,580.4900000000001,2opt,notBad
19376,4,581.26,4,580.4900000000001,swap,notBad
19377,4,581.26,4,580.4900000000001,2opt,notBad
19378,4,581.26,4,580.4900000000001,move,improve
19379,4,581.26,4,580.4900000000001,2opt,notBad
19380,4,581.26,4,580.4900000000001,move,improve
19381,4,581.26,4,580.4900000000001,swap,notBad
19382,4,581.26,4,580.4900000000001,2opt,notBad
19383,4,581.26,4,580.4900000000001,2opt,notBad
19384,4,581.26,4,580.4900000000001,move,improve
19385,4,581.26,4,580.4900000000001,2opt,notBad
19386,4,581.26,4,580.4900000000001,2opt,notBad
19387,4,581.26,4,580.4900000000001,2opt,notBad
19388,4,581.26,4,580.4900000000001,2opt,notBad
19389,4,581.26,4,580.4900000000001,2opt,notBad
19390,4,581.26,4,580.4900000000001,move,improve
19391,4,581.26,4,580.4900000000001,swap,notBad
19392,4,581.26,4,580.4900000000001,move,improve
19393,4,581.26,4,580.4900000000001,2opt,notBad
19394,4,581.26,4,580.4900000000001,move,improve
19395,4,581.26,4,580.4900000000001,move,improve
19396,4,581.26,4,580.4900000000001,swap,notBad
19397,4,581.26,4,580.4900000000001,2opt,notBad
19398,4,581.26,4,580.4900000000001,move,improve
19399,4,581.26,4,580.4900000000001,swap,notBad
19400,4,581.26,4,580.4900000000001,swap,notBad
19401,4,581.26,4,580.4900000000001,swap,notBad
19402,4,581.26,4,580.4900000000001,swap,notBad
19403,4,581.26,4,580.4900000000001,move,improve
19404,4,581.26,4,580.4900000000001,move,improve
19405,4,581.26,4,580.4900000000001,swap,notBad
19406,4,581.26,4,580.4900000000001,2opt,notBad
19407,4,581.26,4,580.4900000000001,move,improve
19408,4,581.26,4,580.4900000000001,move,improve
19409,4,581.26,4,580.4900000000001,move,improve
19410,4,581.26,4,580.4900000000001,move,notBad
19411,4,581.26,4,580.4900000000001,swap,notBad
19412,4,581.26,4,580.4900000000001,swap,notBad
19413,4,581.26,4,580.4900000000001,2opt,notBad
19414,4,581.26,4,580.4900000000001,2opt,notBad
19415,4,581.26,4,580.4900000000001,move,improve
19416,4,581.26,4,580.4900000000001,move,improve
19417,4,581.26,4,580.4900000000001,2opt,notBad
19418,4,581.26,4,580.4900000000001,swap,notBad
19419,4,581.26,4,580.4900000000001,swap,notBad
19420,4,581.26,4,580.4900000000001,swap,notBad
19421,4,581.26,4,580.4900000000001,move,improve
19422,4,581.26,4,580.4900000000001,move,improve
19423,4,581.26,4,580.4900000000001,move,improve
19424,4,581.26,4,580.4900000000001,move,improve
19425,4,581.26,4,580.4900000000001,2opt,improve
19426,4,581.26,4,580.4900000000001,swap,notBad
19427,4,581.26,4,580.4900000000001,2opt,notBad
19428,4,581.26,4,580.4900000000001,move,improve
19429,4,581.26,4,580.4900000000001,2opt,notBad
19430,4,581.26,4,580.4900000000001,2opt,notBad
19431,4,581.26,4,580.4900000000001,2opt,notBad
19432,4,581.26,4,580.4900000000001,2opt,notBad
19433,4,581.26,4,580.4900000000001,move,improve
19434,4,581.26,4,580.4900000000001,move,improve
19435,4,581.26,4,580.4900000000001,2opt,notBad
19436,4,581.26,4,580.4900000000001,move,improve
19437,4,581.26,4,580.4900000000001,swap,notBad
19438,4,581.26,4,580.4900000000001,move,improve
19439,4,581.26,4,580.4900000000001,2opt,notBad
19440,4,581.26,4,580.4900000000001,2opt,notBad
19441,4,581.26,4,580.4900000000001,2opt,improve
19442,4,581.26,4,580.4900000000001,move,improve
19443,4,581.26,4,580.4900000000001,2opt,notBad
19444,4,581.26,4,580.4900000000001,2opt,notBad
19445,4,581.26,4,580.4900000000001,swap,notBad
19446,4,581.26,4,580.4900000000001,2opt,notBad
19447,4,581.26,4,580.4900000000001,2opt,notBad
19448,4,581.26,4,580.4900000000001,2opt,notBad
19449,4,581.26,4,580.4900000000001,move,improve
19450,4,581.26,4,580.4900000000001,2opt,notBad
19451,4,581.26,4,580.4900000000001,2opt,notBad
19452,4,581.26,4,580.4900000000001,2opt,notBad
19453,4,581.26,4,580.4900000000001,2opt,notBad
19454,4,581.26,4,580.4900000000001,swap,notBad
19455,4,581.26,4,580.4900000000001,move,improve
19456,4,581.26,4,580.4900000000001,move,improve
19457,4,581.26,4,580.4900000000001,move,improve
19458,4,581.26,4,580.4900000000001,move,improve
19459,4,581.26,4,580.4900000000001,move,improve
19460,4,581.26,4,580.4900000000001,swap,notBad
19461,4,581.26,4,580.4900000000001,move,improve
19462,4,581.26,4,580.4900000000001,2opt,notBad
19463,4,581.26,4,580.4900000000001,2opt,notBad
19464,4,581.26,4,580.4900000000001,swap,notBad
19465,4,581.26,4,580.4900000000001,2opt,notBad
19466,4,581.26,4,580.4900000000001,move,improve
19467,4,581.26,4,580.4900000000001,move,improve
19468,4,581.26,4,580.4900000000001,2opt,notBad
19469,4,581.26,4,580.4900000000001,swap,notBad
19470,4,581.26,4,580.4900000000001,swap,notBad
19471,4,581.26,4,580.4900000000001,move,improve
19472,4,581.26,4,580.4900000000001,2opt,notBad
19473,4,581.26,4,580.4900000000001,move,improve
19474,4,581.26,4,580.4900000000001,2opt,notBad
19475,4,581.26,4,580.4900000000001,2opt,notBad
19476,4,581.26,4,580.4900000000001,2opt,notBad
19477,4,581.26,4,580.4900000000001,swap,notBad
19478,4,581.26,4,580.4900000000001,move,improve
19479,4,581.26,4,580.4900000000001,swap,notBad
19480,4,581.26,4,580.4900000000001,swap,notBad
19481,4,581.26,4,580.4900000000001,move,improve
19482,4,581.26,4,580.4900000000001,2opt,notBad
19483,4,581.26,4,580.4900000000001,2opt,notBad
19484,4,581.26,4,580.4900000000001,move,improve
19485,4,581.26,4,580.4900000000001,2opt,notBad
19486,4,581.26,4,580.4900000000001,move,improve
19487,4,581.26,4,580.4900000000001,swap,notBad
19488,4,581.26,4,580.4900000000001,swap,notBad
19489,4,581.26,4,580.4900000000001,move,improve
19490,4,581.26,4,580.4900000000001,2opt,notBad
19491,4,581.26,4,580.4900000000001,2opt,notBad
19492,4,581.26,4,580.4900000000001,swap,notBad
19493,4,581.26,4,580.4900000000001,move,improve
19494,4,581.26,4,580.4900000000001,swap,notBad
19495,4,581.26,4,580.4900000000001,2opt,notBad
19496,4,581.26,4,580.4900000000001,move,improve
19497,4,581.26,4,580.4900000000001,move,improve
19498,4,581.26,4,580.4900000000001,move,improve
19499,4,581.26,4,580.4900000000001,2opt,notBad
19500,4,581.26,4,580.4900000000001,swap,notBad
19501,4,581.26,4,580.4900000000001,swap,notBad
19502,4,581.26,4,580.4900000000001,move,improve
19503,4,581.26,4,580.4900000000001,move,improve
19504,4,581.26,4,580.4900000000001,move,improve
19505,4,581.26,4,580.4900000000001,move,improve
19506,4,581.26,4,580.4900000000001,swap,notBad
19507,4,581.26,4,580.4900000000001,2opt,notBad
19508,4,581.26,4,580.4900000000001,move,improve
19509,4,581.26,4,580.4900000000001,swap,notBad
19510,4,581.26,4,580.4900000000001,2opt,notBad
19511,4,581.26,4,580.4900000000001,move,improve
19512,4,581.26,4,580.4900000000001,move,improve
19513,4,581.26,4,580.4900000000001,swap,notBad
19514,4,581.26,4,580.4900000000001,2opt,notBad
19515,4,581.26,4,580.4900000000001,2opt,notBad
19516,4,581.26,4,580.4900000000001,2opt,notBad
19517,4,581.26,4,580.4900000000001,swap,notBad
19518,4,581.26,4,580.4900000000001,2opt,notBad
19519,4,581.26,4,580.4900000000001,swap,notBad
19520,4,581.26,4,580.4900000000001,move,improve
19521,4,581.26,4,580.4900000000001,swap,notBad
19522,4,581.26,4,580.4900000000001,2opt,notBad
19523,4,581.26,4,580.4900000000001,move,improve
19524,4,581.26,4,580.4900000000001,move,improve
19525,4,581.26,4,580.4900000000001,move,improve
19526,4,581.26,4,580.4900000000001,move,improve
19527,4,581.26,4,580.4900000000001,move,improve
19528,4,581.26,4,580.4900000000001,swap,notBad
19529,4,581.26,4,580.4900000000001,move,improve
19530,4,581.26,4,580.4900000000001,move,improve
19531,4,581.26,4,580.4900000000001,2opt,notBad
19532,4,581.26,4,580.4900000000001,move,improve
19533,4,581.26,4,580.4900000000001,move,notBad
19534,4,581.26,4,580.4900000000001,2opt,notBad
19535,4,581.26,4,580.4900000000001,move,improve
19536,4,581.26,4,580.4900000000001,swap,notBad
19537,4,581.26,4,580.4900000000001,move,improve
19538,4,581.26,4,580.4900000000001,swap,notBad
19539,4,581.26,4,580.4900000000001,swap,notBad
19540,4,581.26,4,580.4900000000001,2opt,notBad
19541,4,581.26,4,580.4900000000001,2opt,notBad
19542,4,581.26,4,580.4900000000001,move,improve
19543,4,581.26,4,580.4900000000001,move,improve
19544,4,581.26,4,580.4900000000001,swap,notBad
19545,4,581.26,4,580.4900000000001,2opt,notBad
19546,4,581.26,4,580.4900000000001,swap,notBad
19547,4,581.26,4,580.4900000000001,swap,notBad
19548,4,581.26,4,580.4900000000001,move,improve
19549,4,581.26,4,580.4900000000001,move,improve
19550,4,581.26,4,580.4900000000001,move,improve
19551,4,581.26,4,580.4900000000001,move,improve
19552,4,581.26,4,580.4900000000001,move,improve
19553,4,581.26,4,580.4900000000001,2opt,notBad
19554,4,581.26,4,580.4900000000001,swap,notBad
19555,4,581.26,4,580.4900000000001,swap,notBad
19556,4,581.26,4,580.4900000000001,swap,notBad
19557,4,581.26,4,580.4900000000001,move,improve
19558,4,581.26,4,580.4900000000001,2opt,notBad
19559,4,581.26,4,580.4900000000001,move,improve
19560,4,581.26,4,580.4900000000001,move,improve
19561,4,581.26,4,580.4900000000001,move,improve
19562,4,581.26,4,580.4900000000001,move,improve
19563,4,581.26,4,580.4900000000001,swap,notBad
19564,4,581.26,4,580.4900000000001,move,improve
19565,4,581.26,4,580.4900000000001,move,improve
19566,4,581.26,4,580.4900000000001,swap,notBad
19567,4,581.26,4,580.4900000000001,move,improve
