i,vehi,obj,vehiBest,objBest,loFunc,note
1,6,1048.2800000000009,5,744.5400000000005,2opt,acceptBad
2,6,1048.3200000000008,5,744.5400000000005,2opt,acceptBad
3,6,692.8800000000001,6,692.8800000000001,move,newBest
4,6,820.9999999999999,6,692.8800000000001,2opt,acceptBad
5,6,740.2399999999994,6,692.8800000000001,move,improve
6,6,702.0999999999997,6,692.8800000000001,move,improve
7,7,2678.1600000000003,6,692.8800000000001,2opt,acceptBad
8,7,2540.86,6,692.8800000000001,2opt,improve
9,7,2689.6600000000008,6,692.8800000000001,2opt,acceptBad
10,7,1172.08,6,692.8800000000001,2opt,improve
11,7,1025.5799999999995,6,692.8800000000001,move,improve
12,7,1122.6399999999994,6,692.8800000000001,swap,acceptBad
13,7,1244.3399999999988,6,692.8800000000001,swap,acceptBad
14,7,1250.339999999999,6,692.8800000000001,swap,acceptBad
15,8,2852.94,6,692.8800000000001,2opt,acceptBad
16,8,2940.4,6,692.8800000000001,swap,acceptBad
17,8,2940.4,6,692.8800000000001,2opt,improve
18,8,2933.7799999999997,6,692.8800000000001,swap,improve
19,8,2992.9799999999996,6,692.8800000000001,2opt,acceptBad
20,8,2831.2799999999997,6,692.8800000000001,swap,improve
21,8,2829.28,6,692.8800000000001,move,improve
22,8,3013.020000000001,6,692.8800000000001,swap,acceptBad
23,8,3006.8200000000006,6,692.8800000000001,move,improve
24,8,2624.4399999999996,6,692.8800000000001,2opt,improve
25,8,2624.4399999999996,6,692.8800000000001,move,improve
26,8,2317.9199999999996,6,692.8800000000001,2opt,improve
27,8,2216.38,6,692.8800000000001,swap,improve
28,8,2343.94,6,692.8800000000001,swap,acceptBad
29,8,3161.8600000000006,6,692.8800000000001,2opt,acceptBad
30,8,3174.2799999999993,6,692.8800000000001,2opt,acceptBad
31,8,3041.0199999999995,6,692.8800000000001,move,improve
32,8,3042.5199999999995,6,692.8800000000001,swap,acceptBad
33,8,3044.899999999999,6,692.8800000000001,swap,acceptBad
34,8,3044.6800000000003,6,692.8800000000001,2opt,improve
35,8,3057.8599999999997,6,692.8800000000001,2opt,acceptBad
36,8,3061.7999999999997,6,692.8800000000001,swap,acceptBad
37,8,2566.5399999999995,6,692.8800000000001,move,improve
38,8,2532.9799999999996,6,692.8800000000001,swap,improve
39,8,2404.8999999999996,6,692.8800000000001,move,improve
40,8,2402.2200000000003,6,692.8800000000001,swap,improve
41,8,2384.58,6,692.8800000000001,swap,improve
42,8,3423.98,6,692.8800000000001,2opt,acceptBad
43,8,3797.4000000000015,6,692.8800000000001,2opt,acceptBad
44,8,3797.4000000000015,6,692.8800000000001,2opt,improve
45,8,3826.42,6,692.8800000000001,swap,acceptBad
46,8,3855.4600000000005,6,692.8800000000001,swap,acceptBad
47,9,4283.839999999999,6,692.8800000000001,2opt,acceptBad
48,10,6613.599999999999,6,692.8800000000001,2opt,acceptBad
49,10,6026.419999999996,6,692.8800000000001,move,improve
50,11,6773.599999999997,6,692.8800000000001,2opt,acceptBad
51,11,6773.599999999997,6,692.8800000000001,2opt,improve
52,11,6621.0999999999985,6,692.8800000000001,move,improve
53,11,7046.180000000001,6,692.8800000000001,swap,acceptBad
54,11,7039.52,6,692.8800000000001,move,improve
55,11,7038.960000000001,6,692.8800000000001,swap,improve
56,11,7399.040000000003,6,692.8800000000001,swap,acceptBad
57,11,10393.26,6,692.8800000000001,swap,acceptBad
58,12,12834.04,6,692.8800000000001,2opt,acceptBad
59,12,12862.960000000003,6,692.8800000000001,swap,acceptBad
60,12,11563.56,6,692.8800000000001,move,improve
61,12,12739.880000000005,6,692.8800000000001,2opt,acceptBad
62,12,10968.659999999998,6,692.8800000000001,2opt,improve
63,12,9845.520000000002,6,692.8800000000001,move,improve
64,12,8988.06,6,692.8800000000001,move,improve
65,12,8988.06,6,692.8800000000001,move,improve
66,12,8637.72,6,692.8800000000001,move,improve
67,12,8618.220000000003,6,692.8800000000001,swap,improve
68,12,8646.740000000003,6,692.8800000000001,move,acceptBad
69,12,8635.400000000003,6,692.8800000000001,move,improve
70,12,8635.400000000003,6,692.8800000000001,move,improve
71,12,8629.440000000004,6,692.8800000000001,2opt,improve
72,12,8630.380000000003,6,692.8800000000001,swap,acceptBad
73,12,8160.64,6,692.8800000000001,move,improve
74,12,8839.74,6,692.8800000000001,2opt,acceptBad
75,12,8784.199999999999,6,692.8800000000001,swap,improve
76,12,8994.880000000003,6,692.8800000000001,2opt,acceptBad
77,12,8991.659999999998,6,692.8800000000001,2opt,improve
78,12,9108.419999999998,6,692.8800000000001,swap,acceptBad
79,12,10208.899999999998,6,692.8800000000001,2opt,acceptBad
80,12,11449.380000000003,6,692.8800000000001,2opt,acceptBad
81,12,10200.160000000002,6,692.8800000000001,move,improve
82,12,9774.44,6,692.8800000000001,2opt,improve
83,12,9947.62,6,692.8800000000001,2opt,acceptBad
84,12,8886.500000000002,6,692.8800000000001,move,improve
85,12,8886.26,6,692.8800000000001,2opt,improve
86,12,8831.300000000003,6,692.8800000000001,move,improve
87,12,10498.060000000005,6,692.8800000000001,2opt,acceptBad
88,12,10498.680000000004,6,692.8800000000001,2opt,acceptBad
89,12,10516.480000000003,6,692.8800000000001,swap,acceptBad
90,12,7925.840000000002,6,692.8800000000001,move,improve
91,12,7965.620000000001,6,692.8800000000001,swap,acceptBad
92,12,8053.840000000001,6,692.8800000000001,swap,acceptBad
93,12,8044.800000000001,6,692.8800000000001,swap,improve
94,12,8474.38,6,692.8800000000001,2opt,acceptBad
95,12,8473.98,6,692.8800000000001,move,improve
96,12,8476.379999999997,6,692.8800000000001,swap,acceptBad
97,12,8474.439999999999,6,692.8800000000001,move,improve
98,12,8392.24,6,692.8800000000001,swap,improve
99,12,8390.26,6,692.8800000000001,move,improve
100,12,8404.38,6,692.8800000000001,swap,acceptBad
101,12,7699.720000000002,6,692.8800000000001,move,improve
102,12,7699.720000000002,6,692.8800000000001,move,improve
103,12,7699.720000000002,6,692.8800000000001,move,improve
104,12,7693.58,6,692.8800000000001,2opt,improve
105,12,7692.12,6,692.8800000000001,move,improve
106,13,7414.100000000002,6,692.8800000000001,2opt,improve
107,13,7309.820000000003,6,692.8800000000001,swap,improve
108,13,7309.740000000003,6,692.8800000000001,move,improve
109,13,7301.400000000003,6,692.8800000000001,move,improve
110,13,6682.980000000003,6,692.8800000000001,swap,improve
111,13,5720.900000000004,6,692.8800000000001,move,improve
112,13,5720.900000000004,6,692.8800000000001,move,improve
113,13,5749.720000000002,6,692.8800000000001,2opt,acceptBad
114,13,5207.400000000001,6,692.8800000000001,move,improve
115,13,7811.4000000000015,6,692.8800000000001,2opt,acceptBad
116,13,9643.4,6,692.8800000000001,swap,acceptBad
117,13,8640.000000000002,6,692.8800000000001,move,improve
118,13,9422.7,6,692.8800000000001,swap,acceptBad
119,13,9440.539999999999,6,692.8800000000001,swap,acceptBad
120,13,8103.680000000001,6,692.8800000000001,2opt,improve
121,13,8095.500000000002,6,692.8800000000001,move,improve
122,13,7797.080000000001,6,692.8800000000001,move,improve
123,13,7759.92,6,692.8800000000001,swap,improve
124,13,7728.96,6,692.8800000000001,swap,improve
125,13,7733.9400000000005,6,692.8800000000001,swap,acceptBad
126,13,7738.760000000001,6,692.8800000000001,2opt,acceptBad
127,13,7641.620000000002,6,692.8800000000001,move,improve
128,13,7863.580000000001,6,692.8800000000001,2opt,acceptBad
129,13,6201.8200000000015,6,692.8800000000001,move,improve
130,13,5484.220000000001,6,692.8800000000001,2opt,improve
131,13,8266.64,6,692.8800000000001,2opt,acceptBad
132,13,8387.920000000002,6,692.8800000000001,2opt,acceptBad
133,14,8962.28,6,692.8800000000001,2opt,acceptBad
134,14,8752.860000000002,6,692.8800000000001,2opt,improve
135,14,8753.559999999996,6,692.8800000000001,2opt,acceptBad
136,14,8002.3,6,692.8800000000001,move,improve
137,14,7357.26,6,692.8800000000001,move,improve
138,14,7349.56,6,692.8800000000001,move,improve
139,14,6808.580000000001,6,692.8800000000001,move,improve
140,14,6883.040000000002,6,692.8800000000001,swap,acceptBad
141,14,7720.12,6,692.8800000000001,2opt,acceptBad
142,14,7733.240000000002,6,692.8800000000001,swap,acceptBad
143,14,7578.360000000001,6,692.8800000000001,move,improve
144,14,7522.26,6,692.8800000000001,move,improve
145,14,7249.340000000002,6,692.8800000000001,2opt,improve
146,14,7249.340000000002,6,692.8800000000001,2opt,improve
147,14,7251.340000000004,6,692.8800000000001,swap,acceptBad
148,14,7083.780000000003,6,692.8800000000001,move,improve
149,14,6947.940000000002,6,692.8800000000001,2opt,improve
150,14,6947.58,6,692.8800000000001,2opt,improve
151,14,7538.699999999999,6,692.8800000000001,2opt,acceptBad
152,14,7682.100000000001,6,692.8800000000001,swap,acceptBad
153,14,7677.840000000001,6,692.8800000000001,move,improve
154,14,7633.54,6,692.8800000000001,2opt,improve
155,14,7633.54,6,692.8800000000001,move,improve
156,14,7883.019999999999,6,692.8800000000001,swap,acceptBad
157,14,7006.6200000000035,6,692.8800000000001,move,improve
158,14,7006.6200000000035,6,692.8800000000001,move,improve
159,13,5851.060000000004,6,692.8800000000001,move,improve
160,13,5851.060000000004,6,692.8800000000001,move,improve
161,13,5856.1600000000035,6,692.8800000000001,swap,acceptBad
162,13,5859.360000000003,6,692.8800000000001,swap,acceptBad
163,13,4563.4000000000015,6,692.8800000000001,move,improve
164,13,6095.9600000000055,6,692.8800000000001,swap,acceptBad
165,13,8546.180000000004,6,692.8800000000001,swap,acceptBad
166,13,8934.720000000005,6,692.8800000000001,2opt,acceptBad
167,13,9535.020000000006,6,692.8800000000001,swap,acceptBad
168,13,7487.720000000004,6,692.8800000000001,move,improve
169,13,6469.7000000000035,6,692.8800000000001,move,improve
170,13,6132.8600000000015,6,692.8800000000001,2opt,improve
171,13,6132.800000000001,6,692.8800000000001,move,improve
172,13,6131.580000000001,6,692.8800000000001,swap,improve
173,13,5400.500000000002,6,692.8800000000001,move,improve
174,13,5120.040000000004,6,692.8800000000001,swap,improve
175,13,5126.760000000002,6,692.8800000000001,2opt,acceptBad
176,14,11734.900000000005,6,692.8800000000001,2opt,acceptBad
177,14,10963.020000000002,6,692.8800000000001,move,improve
178,14,10960.46,6,692.8800000000001,2opt,improve
179,15,17757.92,6,692.8800000000001,2opt,acceptBad
180,15,19045.039999999997,6,692.8800000000001,2opt,acceptBad
181,15,17124.579999999994,6,692.8800000000001,move,improve
182,15,17126.119999999995,6,692.8800000000001,swap,acceptBad
183,15,14532.720000000007,6,692.8800000000001,2opt,improve
184,15,12999.140000000009,6,692.8800000000001,move,improve
185,15,12267.360000000004,6,692.8800000000001,swap,improve
186,16,15938.540000000005,6,692.8800000000001,2opt,acceptBad
187,16,17856.920000000002,6,692.8800000000001,2opt,acceptBad
188,16,18390.980000000003,6,692.8800000000001,2opt,acceptBad
189,16,18305.14,6,692.8800000000001,swap,improve
190,16,18309.280000000002,6,692.8800000000001,2opt,acceptBad
191,16,19261.020000000004,6,692.8800000000001,2opt,acceptBad
192,16,17950.66,6,692.8800000000001,move,improve
193,16,17437.860000000004,6,692.8800000000001,move,improve
194,16,17391.940000000006,6,692.8800000000001,move,improve
195,16,17630.700000000008,6,692.8800000000001,swap,acceptBad
196,15,12838.899999999992,6,692.8800000000001,move,improve
197,15,11977.1,6,692.8800000000001,move,improve
198,15,11410.520000000002,6,692.8800000000001,move,improve
199,15,11410.520000000002,6,692.8800000000001,move,improve
200,15,11519.140000000003,6,692.8800000000001,swap,acceptBad
201,15,10726.300000000003,6,692.8800000000001,move,improve
202,15,11912.72,6,692.8800000000001,swap,acceptBad
203,15,11912.72,6,692.8800000000001,move,improve
204,15,10613.160000000005,6,692.8800000000001,move,improve
205,15,11452.879999999997,6,692.8800000000001,2opt,acceptBad
206,15,12056.680000000002,6,692.8800000000001,swap,acceptBad
207,15,12016.240000000003,6,692.8800000000001,swap,improve
208,15,11596.860000000004,6,692.8800000000001,2opt,improve
209,15,11596.860000000004,6,692.8800000000001,move,improve
210,15,11567.960000000001,6,692.8800000000001,2opt,improve
211,15,11567.960000000001,6,692.8800000000001,move,improve
212,15,10803.460000000003,6,692.8800000000001,move,improve
213,15,10832.840000000004,6,692.8800000000001,swap,acceptBad
214,15,10833.220000000008,6,692.8800000000001,2opt,acceptBad
215,15,10933.400000000009,6,692.8800000000001,2opt,acceptBad
216,15,10401.260000000006,6,692.8800000000001,move,improve
217,15,10398.340000000004,6,692.8800000000001,move,improve
218,15,10819.040000000005,6,692.8800000000001,2opt,acceptBad
219,15,11001.080000000004,6,692.8800000000001,swap,acceptBad
220,15,10996.940000000004,6,692.8800000000001,swap,improve
221,16,18348.600000000006,6,692.8800000000001,2opt,acceptBad
222,16,18350.600000000006,6,692.8800000000001,swap,acceptBad
223,16,18137.500000000004,6,692.8800000000001,move,improve
224,16,17233.920000000002,6,692.8800000000001,move,improve
225,16,17302.700000000008,6,692.8800000000001,2opt,acceptBad
226,16,18372.059999999987,6,692.8800000000001,2opt,acceptBad
227,16,19025.81999999999,6,692.8800000000001,swap,acceptBad
228,16,22278.539999999986,6,692.8800000000001,swap,acceptBad
229,16,23144.839999999986,6,692.8800000000001,2opt,acceptBad
230,16,23868.320000000003,6,692.8800000000001,2opt,acceptBad
231,16,24020.780000000002,6,692.8800000000001,2opt,acceptBad
232,15,15242.320000000007,6,692.8800000000001,move,improve
233,15,16859.66,6,692.8800000000001,2opt,acceptBad
234,15,16190.020000000002,6,692.8800000000001,2opt,improve
235,15,16191.22,6,692.8800000000001,2opt,acceptBad
236,15,16796.219999999998,6,692.8800000000001,swap,acceptBad
237,15,17313.600000000006,6,692.8800000000001,swap,acceptBad
238,15,16357.500000000004,6,692.8800000000001,move,improve
239,15,16357.500000000004,6,692.8800000000001,move,improve
240,15,16355.460000000003,6,692.8800000000001,2opt,improve
241,15,17175.46,6,692.8800000000001,2opt,acceptBad
242,15,17175.46,6,692.8800000000001,move,improve
243,15,17179.68,6,692.8800000000001,2opt,acceptBad
244,15,17641.159999999996,6,692.8800000000001,swap,acceptBad
245,15,16700.820000000007,6,692.8800000000001,2opt,improve
246,14,13324.080000000002,6,692.8800000000001,move,improve
247,15,16083.480000000005,6,692.8800000000001,2opt,acceptBad
248,15,16083.480000000005,6,692.8800000000001,move,improve
249,15,16216.160000000005,6,692.8800000000001,swap,acceptBad
250,15,16190.56000000001,6,692.8800000000001,swap,improve
251,15,15626.400000000009,6,692.8800000000001,swap,improve
252,15,17405.960000000006,6,692.8800000000001,2opt,acceptBad
253,15,16422.720000000005,6,692.8800000000001,move,improve
254,15,16074.479999999998,6,692.8800000000001,2opt,improve
255,16,16258.479999999998,6,692.8800000000001,2opt,acceptBad
256,16,18699.66,6,692.8800000000001,2opt,acceptBad
257,16,18704.16,6,692.8800000000001,2opt,acceptBad
258,16,17308.859999999993,6,692.8800000000001,move,improve
259,16,17317.579999999998,6,692.8800000000001,swap,acceptBad
260,16,17916.680000000004,6,692.8800000000001,2opt,acceptBad
261,15,16255.260000000002,6,692.8800000000001,2opt,improve
262,15,18505.18,6,692.8800000000001,swap,acceptBad
263,15,17223.180000000004,6,692.8800000000001,move,improve
264,15,16350.059999999996,6,692.8800000000001,move,improve
265,15,16440.42,6,692.8800000000001,swap,acceptBad
266,15,16784.72,6,692.8800000000001,2opt,acceptBad
267,15,16761.68,6,692.8800000000001,swap,improve
268,15,15949.900000000007,6,692.8800000000001,move,improve
269,15,15949.900000000007,6,692.8800000000001,2opt,improve
270,15,17295.239999999994,6,692.8800000000001,2opt,acceptBad
271,15,19797.859999999997,6,692.8800000000001,swap,acceptBad
272,15,18408.379999999997,6,692.8800000000001,move,improve
273,15,16496.040000000015,6,692.8800000000001,move,improve
274,15,15749.460000000005,6,692.8800000000001,move,improve
275,15,13864.220000000005,6,692.8800000000001,move,improve
276,15,12275.020000000006,6,692.8800000000001,move,improve
277,15,12274.860000000006,6,692.8800000000001,swap,improve
278,15,13165.380000000003,6,692.8800000000001,2opt,acceptBad
279,15,13171.980000000003,6,692.8800000000001,swap,acceptBad
280,15,15634.36,6,692.8800000000001,2opt,acceptBad
281,15,15980.040000000003,6,692.8800000000001,swap,acceptBad
282,15,18774.500000000015,6,692.8800000000001,2opt,acceptBad
283,15,18767.380000000012,6,692.8800000000001,swap,improve
284,15,18374.52,6,692.8800000000001,2opt,improve
285,15,17478.440000000002,6,692.8800000000001,2opt,improve
286,15,16282.100000000006,6,692.8800000000001,move,improve
287,15,13707.959999999994,6,692.8800000000001,move,improve
288,15,13707.959999999994,6,692.8800000000001,move,improve
289,15,13706.779999999995,6,692.8800000000001,swap,improve
290,15,13072.199999999995,6,692.8800000000001,move,improve
291,15,13066.159999999996,6,692.8800000000001,swap,improve
292,15,13362.859999999999,6,692.8800000000001,swap,acceptBad
293,15,12099.839999999998,6,692.8800000000001,move,improve
294,15,11592.419999999998,6,692.8800000000001,move,improve
295,15,11577.179999999998,6,692.8800000000001,swap,improve
296,15,10897.66,6,692.8800000000001,move,improve
297,15,10367.18,6,692.8800000000001,2opt,improve
298,15,9817.599999999995,6,692.8800000000001,swap,improve
299,15,10621.679999999998,6,692.8800000000001,swap,acceptBad
300,15,10654.960000000003,6,692.8800000000001,2opt,acceptBad
301,15,9541.539999999999,6,692.8800000000001,move,improve
302,15,9536.759999999998,6,692.8800000000001,swap,improve
303,15,10207.739999999996,6,692.8800000000001,2opt,acceptBad
304,15,9593.060000000001,6,692.8800000000001,move,improve
305,15,9593.060000000001,6,692.8800000000001,move,improve
306,15,11097.7,6,692.8800000000001,swap,acceptBad
307,15,11617.259999999998,6,692.8800000000001,swap,acceptBad
308,15,8525.76,6,692.8800000000001,move,improve
309,15,8525.08,6,692.8800000000001,move,improve
310,15,8452.840000000002,6,692.8800000000001,2opt,improve
311,15,8097.320000000002,6,692.8800000000001,move,improve
312,15,9177.499999999998,6,692.8800000000001,2opt,acceptBad
313,15,9177.539999999997,6,692.8800000000001,2opt,acceptBad
314,15,9382.339999999998,6,692.8800000000001,swap,acceptBad
315,15,9515.34,6,692.8800000000001,2opt,acceptBad
316,15,9515.34,6,692.8800000000001,move,improve
317,15,12073.559999999998,6,692.8800000000001,move,acceptBad
318,15,10946.839999999998,6,692.8800000000001,move,improve
319,15,10945.859999999997,6,692.8800000000001,swap,improve
320,15,10945.859999999997,6,692.8800000000001,2opt,improve
321,15,10945.859999999997,6,692.8800000000001,2opt,notBad
322,15,11254.419999999996,6,692.8800000000001,2opt,acceptBad
323,15,11190.619999999994,6,692.8800000000001,2opt,improve
324,15,14254.099999999999,6,692.8800000000001,swap,acceptBad
325,15,12408.179999999997,6,692.8800000000001,move,improve
326,15,12413.039999999995,6,692.8800000000001,swap,acceptBad
327,15,12391.44,6,692.8800000000001,move,improve
328,15,12391.44,6,692.8800000000001,move,improve
329,15,12391.44,6,692.8800000000001,2opt,improve
330,15,12391.44,6,692.8800000000001,move,improve
331,15,12512.659999999994,6,692.8800000000001,swap,acceptBad
332,15,12512.659999999994,6,692.8800000000001,move,improve
333,15,11360.339999999995,6,692.8800000000001,move,improve
334,15,12840.999999999993,6,692.8800000000001,2opt,acceptBad
335,15,11780.179999999993,6,692.8800000000001,move,improve
336,15,11780.179999999993,6,692.8800000000001,move,improve
337,15,9243.559999999998,6,692.8800000000001,move,improve
338,15,9243.559999999998,6,692.8800000000001,move,improve
339,15,8945.679999999998,6,692.8800000000001,swap,improve
340,16,10574.819999999998,6,692.8800000000001,2opt,acceptBad
341,16,11927.699999999997,6,692.8800000000001,swap,acceptBad
342,17,15867.06,6,692.8800000000001,2opt,acceptBad
343,17,15867.059999999998,6,692.8800000000001,2opt,improve
344,17,12783.11999999999,6,692.8800000000001,move,improve
345,17,12943.71999999999,6,692.8800000000001,swap,acceptBad
346,17,12439.259999999997,6,692.8800000000001,move,improve
347,17,12439.259999999997,6,692.8800000000001,move,improve
348,17,12439.259999999997,6,692.8800000000001,move,improve
349,17,12438.559999999998,6,692.8800000000001,swap,improve
350,17,17836.499999999996,6,692.8800000000001,swap,acceptBad
351,17,17836.499999999996,6,692.8800000000001,2opt,improve
352,17,15612.0,6,692.8800000000001,move,improve
353,17,14742.260000000004,6,692.8800000000001,move,improve
354,17,14723.120000000003,6,692.8800000000001,swap,improve
355,17,14340.939999999999,6,692.8800000000001,move,improve
356,17,14340.939999999999,6,692.8800000000001,move,improve
357,18,18798.9,6,692.8800000000001,2opt,acceptBad
358,19,27321.219999999994,6,692.8800000000001,2opt,acceptBad
359,19,27652.819999999996,6,692.8800000000001,swap,acceptBad
360,19,25124.879999999997,6,692.8800000000001,move,improve
361,19,25124.879999999997,6,692.8800000000001,move,improve
362,19,25124.879999999997,6,692.8800000000001,move,improve
363,19,27661.919999999995,6,692.8800000000001,swap,acceptBad
364,19,29945.159999999953,6,692.8800000000001,2opt,acceptBad
365,19,29939.959999999995,6,692.8800000000001,2opt,improve
366,19,29756.139999999996,6,692.8800000000001,swap,improve
367,19,29756.139999999996,6,692.8800000000001,2opt,improve
368,18,24466.05999999999,6,692.8800000000001,move,improve
369,18,24461.99999999999,6,692.8800000000001,2opt,improve
370,18,24458.32,6,692.8800000000001,2opt,improve
371,17,20533.679999999997,6,692.8800000000001,move,improve
372,17,20225.94,6,692.8800000000001,2opt,improve
373,16,18932.38,6,692.8800000000001,2opt,improve
374,16,19215.159999999996,6,692.8800000000001,2opt,acceptBad
375,16,18489.700000000004,6,692.8800000000001,move,improve
376,16,18482.159999999996,6,692.8800000000001,move,improve
377,16,18482.159999999996,6,692.8800000000001,move,improve
378,16,18576.339999999986,6,692.8800000000001,2opt,acceptBad
379,16,18260.99999999999,6,692.8800000000001,move,improve
380,16,18253.179999999997,6,692.8800000000001,2opt,improve
381,16,16763.139999999992,6,692.8800000000001,move,improve
382,16,16720.599999999995,6,692.8800000000001,swap,improve
383,16,16720.599999999995,6,692.8800000000001,move,improve
384,16,16633.339999999997,6,692.8800000000001,move,improve
385,16,16767.039999999997,6,692.8800000000001,swap,acceptBad
386,16,19204.13999999999,6,692.8800000000001,2opt,acceptBad
387,16,19205.23999999999,6,692.8800000000001,swap,acceptBad
388,16,19202.93999999999,6,692.8800000000001,swap,improve
389,16,21696.359999999993,6,692.8800000000001,2opt,acceptBad
390,16,19356.799999999996,6,692.8800000000001,move,improve
391,16,19236.999999999993,6,692.8800000000001,2opt,improve
392,16,19234.599999999995,6,692.8800000000001,swap,improve
393,16,19239.479999999992,6,692.8800000000001,swap,acceptBad
394,16,20787.079999999984,6,692.8800000000001,swap,acceptBad
395,16,20369.500000000004,6,692.8800000000001,2opt,improve
396,16,19840.440000000006,6,692.8800000000001,swap,improve
397,16,19834.74,6,692.8800000000001,2opt,improve
398,16,17384.12,6,692.8800000000001,move,improve
399,16,17384.12,6,692.8800000000001,move,improve
400,16,17384.12,6,692.8800000000001,move,improve
401,16,17377.159999999996,6,692.8800000000001,swap,improve
402,17,25240.439999999995,6,692.8800000000001,2opt,acceptBad
403,17,25089.679999999993,6,692.8800000000001,swap,improve
404,17,25018.239999999994,6,692.8800000000001,2opt,improve
405,17,25759.9,6,692.8800000000001,2opt,acceptBad
406,16,18488.0,6,692.8800000000001,move,improve
407,16,15670.439999999997,6,692.8800000000001,move,improve
408,16,14454.680000000004,6,692.8800000000001,move,improve
409,16,14454.580000000004,6,692.8800000000001,swap,improve
410,16,14453.400000000001,6,692.8800000000001,2opt,improve
411,17,21672.339999999997,6,692.8800000000001,2opt,acceptBad
412,17,22594.399999999994,6,692.8800000000001,swap,acceptBad
413,17,22599.719999999998,6,692.8800000000001,swap,acceptBad
414,17,22599.719999999998,6,692.8800000000001,move,improve
415,17,22599.079999999994,6,692.8800000000001,swap,improve
416,17,22709.879999999994,6,692.8800000000001,swap,acceptBad
417,17,23057.74000000001,6,692.8800000000001,swap,acceptBad
418,17,21262.26000000001,6,692.8800000000001,move,improve
419,17,21421.240000000013,6,692.8800000000001,swap,acceptBad
420,17,20203.660000000003,6,692.8800000000001,move,improve
421,17,20173.480000000003,6,692.8800000000001,swap,improve
422,16,17977.120000000003,6,692.8800000000001,move,improve
423,16,17977.120000000003,6,692.8800000000001,move,improve
424,16,19050.420000000002,6,692.8800000000001,swap,acceptBad
425,16,19044.980000000003,6,692.8800000000001,2opt,improve
426,16,17925.300000000014,6,692.8800000000001,2opt,improve
427,16,17928.980000000014,6,692.8800000000001,2opt,acceptBad
428,16,16314.04,6,692.8800000000001,move,improve
429,16,14870.260000000006,6,692.8800000000001,move,improve
430,16,14875.940000000006,6,692.8800000000001,swap,acceptBad
431,16,14869.42000000001,6,692.8800000000001,2opt,improve
432,16,14874.820000000009,6,692.8800000000001,swap,acceptBad
433,16,14872.84000000001,6,692.8800000000001,2opt,improve
434,16,14872.92000000001,6,692.8800000000001,swap,acceptBad
435,16,14870.520000000004,6,692.8800000000001,2opt,improve
436,16,15539.760000000004,6,692.8800000000001,2opt,acceptBad
437,16,15398.020000000004,6,692.8800000000001,move,improve
438,16,15381.220000000007,6,692.8800000000001,2opt,improve
439,16,17248.820000000007,6,692.8800000000001,swap,acceptBad
440,16,17080.22,6,692.8800000000001,swap,improve
441,16,17080.22,6,692.8800000000001,move,improve
442,16,16099.980000000003,6,692.8800000000001,swap,improve
443,16,16099.980000000003,6,692.8800000000001,move,improve
444,16,16082.120000000004,6,692.8800000000001,swap,improve
445,16,16142.180000000006,6,692.8800000000001,swap,acceptBad
446,16,16141.620000000008,6,692.8800000000001,2opt,improve
447,16,18206.08000000001,6,692.8800000000001,move,acceptBad
448,16,19580.360000000008,6,692.8800000000001,2opt,acceptBad
449,16,19580.700000000004,6,692.8800000000001,2opt,acceptBad
450,16,20580.420000000006,6,692.8800000000001,swap,acceptBad
451,16,20432.82000000001,6,692.8800000000001,move,improve
452,16,20426.860000000008,6,692.8800000000001,swap,improve
453,16,15555.760000000007,6,692.8800000000001,move,improve
454,16,15421.280000000006,6,692.8800000000001,2opt,improve
455,15,12668.160000000007,6,692.8800000000001,move,improve
456,15,12015.620000000006,6,692.8800000000001,move,improve
457,15,12228.760000000006,6,692.8800000000001,2opt,acceptBad
458,15,11856.200000000008,6,692.8800000000001,swap,improve
459,15,11855.18,6,692.8800000000001,2opt,improve
460,15,12165.860000000004,6,692.8800000000001,swap,acceptBad
461,16,15980.779999999992,6,692.8800000000001,2opt,acceptBad
462,16,15980.640000000005,6,692.8800000000001,2opt,improve
463,16,14092.78,6,692.8800000000001,move,improve
464,16,17075.22000000001,6,692.8800000000001,swap,acceptBad
465,16,17083.480000000007,6,692.8800000000001,swap,acceptBad
466,16,17082.260000000002,6,692.8800000000001,2opt,improve
467,16,17082.260000000002,6,692.8800000000001,move,improve
468,16,21344.900000000005,6,692.8800000000001,swap,acceptBad
469,16,21286.56000000001,6,692.8800000000001,2opt,improve
470,16,20132.700000000004,6,692.8800000000001,move,improve
471,16,22918.4,6,692.8800000000001,swap,acceptBad
472,16,20959.459999999995,6,692.8800000000001,move,improve
473,16,19087.96,6,692.8800000000001,move,improve
474,16,18651.539999999997,6,692.8800000000001,2opt,improve
475,16,19277.559999999998,6,692.8800000000001,swap,acceptBad
476,16,19232.48,6,692.8800000000001,2opt,improve
477,16,19193.000000000004,6,692.8800000000001,swap,improve
478,16,17773.360000000008,6,692.8800000000001,move,improve
479,16,17771.080000000005,6,692.8800000000001,swap,improve
480,16,17125.120000000006,6,692.8800000000001,swap,improve
481,16,17259.200000000004,6,692.8800000000001,2opt,acceptBad
482,16,17310.879999999997,6,692.8800000000001,swap,acceptBad
483,16,16984.799999999992,6,692.8800000000001,swap,improve
484,15,14078.979999999994,6,692.8800000000001,2opt,improve
485,15,13917.379999999996,6,692.8800000000001,move,improve
486,15,13218.979999999996,6,692.8800000000001,swap,improve
487,15,13352.939999999997,6,692.8800000000001,swap,acceptBad
488,15,11767.319999999998,6,692.8800000000001,move,improve
489,15,10916.800000000003,6,692.8800000000001,move,improve
490,16,17113.140000000003,6,692.8800000000001,2opt,acceptBad
491,16,17113.140000000003,6,692.8800000000001,2opt,improve
492,16,17049.640000000007,6,692.8800000000001,swap,improve
493,16,17049.640000000007,6,692.8800000000001,move,improve
494,16,16764.380000000005,6,692.8800000000001,move,improve
495,15,14738.280000000002,6,692.8800000000001,move,improve
496,15,14782.240000000003,6,692.8800000000001,2opt,acceptBad
497,15,14634.440000000002,6,692.8800000000001,2opt,improve
498,15,14635.999999999998,6,692.8800000000001,2opt,acceptBad
499,15,14643.959999999997,6,692.8800000000001,2opt,acceptBad
500,16,16009.699999999997,6,692.8800000000001,2opt,acceptBad
501,16,17016.160000000003,6,692.8800000000001,2opt,acceptBad
502,16,17096.8,6,692.8800000000001,swap,acceptBad
503,16,14239.059999999998,6,692.8800000000001,move,improve
504,16,17972.0,6,692.8800000000001,swap,acceptBad
505,16,17972.0,6,692.8800000000001,move,improve
506,16,24253.0,6,692.8800000000001,swap,acceptBad
507,16,19920.6,6,692.8800000000001,move,improve
508,16,18176.61999999999,6,692.8800000000001,move,improve
509,16,17132.519999999993,6,692.8800000000001,swap,improve
510,16,15722.019999999999,6,692.8800000000001,swap,improve
511,16,16262.16,6,692.8800000000001,swap,acceptBad
512,16,16262.700000000004,6,692.8800000000001,2opt,acceptBad
513,16,16263.540000000005,6,692.8800000000001,swap,acceptBad
514,16,16166.36,6,692.8800000000001,2opt,improve
515,16,14442.62,6,692.8800000000001,move,improve
516,16,14231.940000000004,6,692.8800000000001,swap,improve
517,17,14557.940000000004,6,692.8800000000001,2opt,acceptBad
518,17,14558.960000000003,6,692.8800000000001,2opt,acceptBad
519,17,17856.660000000007,6,692.8800000000001,swap,acceptBad
520,17,16477.8,6,692.8800000000001,move,improve
521,17,16477.8,6,692.8800000000001,move,improve
522,17,16464.760000000002,6,692.8800000000001,move,improve
523,17,16464.760000000002,6,692.8800000000001,move,improve
524,17,18710.340000000004,6,692.8800000000001,2opt,acceptBad
525,17,18609.300000000003,6,692.8800000000001,swap,improve
526,17,18611.180000000008,6,692.8800000000001,2opt,acceptBad
527,17,17564.92,6,692.8800000000001,move,improve
528,17,16571.279999999995,6,692.8800000000001,move,improve
529,17,17559.359999999993,6,692.8800000000001,swap,acceptBad
530,17,18692.16,6,692.8800000000001,2opt,acceptBad
531,17,17831.4,6,692.8800000000001,move,improve
532,17,17831.4,6,692.8800000000001,move,improve
533,17,17531.64,6,692.8800000000001,swap,improve
534,17,17531.64,6,692.8800000000001,move,improve
535,17,18210.26,6,692.8800000000001,swap,acceptBad
536,17,19251.26,6,692.8800000000001,2opt,acceptBad
537,17,18334.419999999995,6,692.8800000000001,swap,improve
538,17,17184.61999999999,6,692.8800000000001,2opt,improve
539,17,17175.37999999999,6,692.8800000000001,swap,improve
540,17,17243.59999999999,6,692.8800000000001,swap,acceptBad
541,17,17243.59999999999,6,692.8800000000001,move,improve
542,17,17242.91999999999,6,692.8800000000001,swap,improve
543,17,17242.57999999999,6,692.8800000000001,2opt,improve
544,17,17430.519999999997,6,692.8800000000001,2opt,acceptBad
545,17,21957.919999999987,6,692.8800000000001,2opt,acceptBad
546,17,23244.71999999999,6,692.8800000000001,2opt,acceptBad
547,17,21940.639999999992,6,692.8800000000001,move,improve
548,17,24021.499999999985,6,692.8800000000001,2opt,acceptBad
549,17,24016.519999999997,6,692.8800000000001,2opt,improve
550,17,24777.05999999999,6,692.8800000000001,swap,acceptBad
551,17,24342.47999999998,6,692.8800000000001,move,improve
552,17,24103.539999999983,6,692.8800000000001,swap,improve
553,17,24058.23999999999,6,692.8800000000001,swap,improve
554,17,20832.13999999999,6,692.8800000000001,move,improve
555,17,20841.519999999986,6,692.8800000000001,swap,acceptBad
556,17,20841.519999999993,6,692.8800000000001,swap,acceptBad
557,17,20145.98,6,692.8800000000001,2opt,improve
558,17,19652.719999999994,6,692.8800000000001,2opt,improve
559,17,18830.199999999993,6,692.8800000000001,move,improve
560,17,18891.119999999995,6,692.8800000000001,swap,acceptBad
561,17,18711.71999999999,6,692.8800000000001,move,improve
562,17,17533.73999999999,6,692.8800000000001,2opt,improve
563,17,17528.03999999999,6,692.8800000000001,swap,improve
564,17,17372.57999999999,6,692.8800000000001,move,improve
565,17,17373.56,6,692.8800000000001,2opt,acceptBad
566,17,21548.199999999993,6,692.8800000000001,swap,acceptBad
567,17,25743.679999999993,6,692.8800000000001,swap,acceptBad
568,17,24328.54,6,692.8800000000001,move,improve
569,17,22757.019999999993,6,692.8800000000001,move,improve
570,17,22595.679999999997,6,692.8800000000001,swap,improve
571,17,18592.620000000003,6,692.8800000000001,move,improve
572,17,18940.16,6,692.8800000000001,2opt,acceptBad
573,17,18495.88,6,692.8800000000001,move,improve
574,17,19192.680000000004,6,692.8800000000001,swap,acceptBad
575,16,15238.160000000007,6,692.8800000000001,move,improve
576,16,15382.440000000004,6,692.8800000000001,swap,acceptBad
577,16,15999.499999999995,6,692.8800000000001,swap,acceptBad
578,16,16628.179999999997,6,692.8800000000001,2opt,acceptBad
579,16,16617.499999999996,6,692.8800000000001,swap,improve
580,16,16618.78,6,692.8800000000001,2opt,acceptBad
581,16,16621.3,6,692.8800000000001,2opt,acceptBad
582,16,16034.980000000001,6,692.8800000000001,move,improve
583,16,16330.76,6,692.8800000000001,swap,acceptBad
584,17,16793.379999999994,6,692.8800000000001,2opt,acceptBad
585,17,15813.860000000002,6,692.8800000000001,move,improve
586,17,15809.199999999997,6,692.8800000000001,2opt,improve
587,17,15811.159999999996,6,692.8800000000001,swap,acceptBad
588,16,13731.9,6,692.8800000000001,2opt,improve
589,16,15811.860000000004,6,692.8800000000001,swap,acceptBad
590,16,15809.980000000003,6,692.8800000000001,swap,improve
591,16,15809.980000000003,6,692.8800000000001,2opt,notBad
592,16,16059.460000000005,6,692.8800000000001,swap,acceptBad
593,16,14945.460000000006,6,692.8800000000001,move,improve
594,16,14945.360000000006,6,692.8800000000001,2opt,improve
595,17,18533.260000000002,6,692.8800000000001,2opt,acceptBad
596,17,20050.220000000005,6,692.8800000000001,2opt,acceptBad
597,17,20048.86,6,692.8800000000001,2opt,improve
598,17,23674.76,6,692.8800000000001,2opt,acceptBad
599,17,22221.680000000004,6,692.8800000000001,move,improve
600,17,22319.660000000003,6,692.8800000000001,swap,acceptBad
601,17,23527.98,6,692.8800000000001,2opt,acceptBad
602,17,24439.22000000001,6,692.8800000000001,swap,acceptBad
603,16,20119.06,6,692.8800000000001,move,improve
604,16,20528.9,6,692.8800000000001,2opt,acceptBad
605,16,19414.12000000001,6,692.8800000000001,move,improve
606,16,18581.340000000007,6,692.8800000000001,swap,improve
607,16,15632.760000000006,6,692.8800000000001,move,improve
608,15,14631.760000000004,6,692.8800000000001,2opt,improve
609,15,14418.880000000005,6,692.8800000000001,2opt,improve
610,15,14419.300000000003,6,692.8800000000001,swap,acceptBad
611,15,14419.300000000003,6,692.8800000000001,move,improve
612,15,11609.859999999999,6,692.8800000000001,move,improve
613,15,11309.739999999998,6,692.8800000000001,move,improve
614,15,11309.739999999998,6,692.8800000000001,move,improve
615,15,11314.66,6,692.8800000000001,2opt,acceptBad
616,15,12806.799999999996,6,692.8800000000001,swap,acceptBad
617,15,12806.799999999996,6,692.8800000000001,move,improve
618,15,13025.579999999998,6,692.8800000000001,swap,acceptBad
619,15,12957.64,6,692.8800000000001,swap,improve
620,15,12956.679999999998,6,692.8800000000001,swap,improve
621,15,12956.679999999998,6,692.8800000000001,move,improve
622,15,12630.119999999999,6,692.8800000000001,2opt,improve
623,15,12630.119999999997,6,692.8800000000001,move,improve
624,15,12714.219999999996,6,692.8800000000001,swap,acceptBad
625,15,11358.880000000001,6,692.8800000000001,move,improve
626,15,10630.0,6,692.8800000000001,move,improve
627,15,13212.860000000002,6,692.8800000000001,swap,acceptBad
628,15,14058.600000000006,6,692.8800000000001,2opt,acceptBad
629,15,14096.020000000002,6,692.8800000000001,2opt,acceptBad
630,15,14358.520000000004,6,692.8800000000001,swap,acceptBad
631,15,14358.52,6,692.8800000000001,swap,improve
632,14,9992.900000000003,6,692.8800000000001,move,improve
633,14,10182.160000000003,6,692.8800000000001,2opt,acceptBad
634,14,10182.020000000004,6,692.8800000000001,swap,improve
635,14,9275.020000000002,6,692.8800000000001,swap,improve
636,14,8758.920000000002,6,692.8800000000001,move,improve
637,15,13061.38,6,692.8800000000001,2opt,acceptBad
638,15,15356.440000000002,6,692.8800000000001,swap,acceptBad
639,15,15267.600000000004,6,692.8800000000001,swap,improve
640,15,15416.560000000001,6,692.8800000000001,swap,acceptBad
641,15,14984.18,6,692.8800000000001,swap,improve
642,15,15274.399999999994,6,692.8800000000001,swap,acceptBad
643,15,14531.719999999992,6,692.8800000000001,swap,improve
644,15,14530.239999999993,6,692.8800000000001,2opt,improve
645,15,14338.020000000002,6,692.8800000000001,swap,improve
646,14,13656.079999999998,6,692.8800000000001,2opt,improve
647,14,15121.239999999993,6,692.8800000000001,swap,acceptBad
648,14,14057.199999999997,6,692.8800000000001,move,improve
649,14,14037.179999999997,6,692.8800000000001,move,improve
650,14,14530.739999999998,6,692.8800000000001,2opt,acceptBad
651,14,16884.760000000002,6,692.8800000000001,2opt,acceptBad
652,14,16975.82,6,692.8800000000001,swap,acceptBad
653,14,14758.54,6,692.8800000000001,2opt,improve
654,14,14709.959999999997,6,692.8800000000001,2opt,improve
655,14,14520.200000000003,6,692.8800000000001,move,improve
656,14,14521.159999999996,6,692.8800000000001,2opt,acceptBad
657,14,13588.74,6,692.8800000000001,move,improve
658,14,14928.439999999999,6,692.8800000000001,swap,acceptBad
659,14,14449.5,6,692.8800000000001,swap,improve
660,14,14179.800000000003,6,692.8800000000001,move,improve
661,14,14179.800000000003,6,692.8800000000001,2opt,improve
662,14,14810.620000000003,6,692.8800000000001,2opt,acceptBad
663,14,14386.720000000005,6,692.8800000000001,2opt,improve
664,14,14342.780000000008,6,692.8800000000001,swap,improve
665,14,14340.460000000008,6,692.8800000000001,swap,improve
666,14,14337.120000000003,6,692.8800000000001,2opt,improve
667,14,13089.940000000002,6,692.8800000000001,move,improve
668,14,13091.320000000002,6,692.8800000000001,swap,acceptBad
669,14,13091.320000000002,6,692.8800000000001,2opt,notBad
670,14,12372.180000000004,6,692.8800000000001,move,improve
671,14,12364.940000000004,6,692.8800000000001,2opt,improve
672,14,12258.860000000006,6,692.8800000000001,2opt,improve
673,14,12258.860000000006,6,692.8800000000001,2opt,improve
674,14,12268.920000000006,6,692.8800000000001,swap,acceptBad
675,14,12271.480000000005,6,692.8800000000001,swap,acceptBad
676,14,12275.860000000008,6,692.8800000000001,2opt,acceptBad
677,14,12275.860000000008,6,692.8800000000001,swap,improve
678,14,12148.080000000007,6,692.8800000000001,move,improve
679,14,12093.739999999998,6,692.8800000000001,move,improve
680,14,11754.6,6,692.8800000000001,swap,improve
681,13,10999.599999999993,6,692.8800000000001,2opt,improve
682,13,11006.159999999993,6,692.8800000000001,swap,acceptBad
683,13,10638.899999999994,6,692.8800000000001,move,improve
684,13,10631.879999999996,6,692.8800000000001,swap,improve
685,13,10534.019999999999,6,692.8800000000001,2opt,improve
686,13,10534.019999999999,6,692.8800000000001,move,improve
687,13,10267.779999999997,6,692.8800000000001,move,improve
688,13,10175.66,6,692.8800000000001,swap,improve
689,13,10098.960000000001,6,692.8800000000001,swap,improve
690,13,10422.32,6,692.8800000000001,2opt,acceptBad
691,13,10423.679999999998,6,692.8800000000001,swap,acceptBad
692,13,10053.419999999998,6,692.8800000000001,2opt,improve
693,13,9752.64,6,692.8800000000001,swap,improve
694,13,8674.699999999999,6,692.8800000000001,move,improve
695,13,8226.52,6,692.8800000000001,2opt,improve
696,13,8228.1,6,692.8800000000001,swap,acceptBad
697,13,7386.279999999998,6,692.8800000000001,move,improve
698,13,5835.959999999998,6,692.8800000000001,move,improve
699,13,5860.359999999997,6,692.8800000000001,swap,acceptBad
700,13,6022.78,6,692.8800000000001,2opt,acceptBad
701,13,6018.1,6,692.8800000000001,swap,improve
702,13,5397.020000000002,6,692.8800000000001,move,improve
703,13,5397.020000000002,6,692.8800000000001,move,improve
704,12,5485.560000000002,6,692.8800000000001,2opt,acceptBad
705,12,5589.000000000003,6,692.8800000000001,swap,acceptBad
706,12,5581.300000000003,6,692.8800000000001,move,improve
707,12,5581.300000000003,6,692.8800000000001,move,improve
708,12,6342.380000000001,6,692.8800000000001,swap,acceptBad
709,12,6355.080000000002,6,692.8800000000001,swap,acceptBad
710,12,5880.320000000002,6,692.8800000000001,move,improve
711,12,5088.220000000003,6,692.8800000000001,2opt,improve
712,12,5086.040000000003,6,692.8800000000001,move,improve
713,12,5085.340000000002,6,692.8800000000001,2opt,improve
714,12,5076.040000000001,6,692.8800000000001,swap,improve
715,12,4914.700000000001,6,692.8800000000001,2opt,improve
716,12,4914.700000000001,6,692.8800000000001,move,improve
717,12,4562.8200000000015,6,692.8800000000001,swap,improve
718,12,4563.220000000001,6,692.8800000000001,swap,acceptBad
719,12,4413.500000000002,6,692.8800000000001,move,improve
720,12,4409.360000000002,6,692.8800000000001,move,improve
721,12,6323.98,6,692.8800000000001,2opt,acceptBad
722,12,6326.259999999999,6,692.8800000000001,swap,acceptBad
723,12,6322.960000000001,6,692.8800000000001,2opt,improve
724,12,5785.460000000001,6,692.8800000000001,move,improve
725,12,5359.3,6,692.8800000000001,move,improve
726,13,9229.62,6,692.8800000000001,2opt,acceptBad
727,13,9003.44,6,692.8800000000001,swap,improve
728,13,8803.64,6,692.8800000000001,move,improve
729,13,10375.76,6,692.8800000000001,swap,acceptBad
730,13,10388.98,6,692.8800000000001,swap,acceptBad
731,13,10389.019999999999,6,692.8800000000001,2opt,acceptBad
732,13,9483.02,6,692.8800000000001,move,improve
733,13,9835.199999999997,6,692.8800000000001,2opt,acceptBad
734,13,9836.659999999998,6,692.8800000000001,swap,acceptBad
735,13,9030.260000000004,6,692.8800000000001,move,improve
736,13,9030.260000000004,6,692.8800000000001,move,improve
737,13,8518.420000000002,6,692.8800000000001,2opt,improve
738,13,5941.219999999999,6,692.8800000000001,move,improve
739,13,5941.219999999999,6,692.8800000000001,move,improve
740,13,5929.16,6,692.8800000000001,swap,improve
741,13,5881.74,6,692.8800000000001,swap,improve
742,13,7125.280000000001,6,692.8800000000001,swap,acceptBad
743,13,8001.360000000002,6,692.8800000000001,swap,acceptBad
744,13,8017.180000000003,6,692.8800000000001,swap,acceptBad
745,13,6895.6,6,692.8800000000001,swap,improve
746,13,9239.160000000002,6,692.8800000000001,2opt,acceptBad
747,12,10352.020000000004,6,692.8800000000001,2opt,acceptBad
748,12,10962.36,6,692.8800000000001,2opt,acceptBad
749,12,10962.36,6,692.8800000000001,2opt,improve
750,12,10962.36,6,692.8800000000001,move,improve
751,12,10460.620000000003,6,692.8800000000001,move,improve
752,12,10248.900000000003,6,692.8800000000001,swap,improve
753,12,9346.160000000003,6,692.8800000000001,move,improve
754,12,9215.66,6,692.8800000000001,2opt,improve
755,12,9215.0,6,692.8800000000001,2opt,improve
756,12,9214.94,6,692.8800000000001,swap,improve
757,12,9220.040000000003,6,692.8800000000001,swap,acceptBad
758,12,7245.519999999998,6,692.8800000000001,move,improve
759,12,7134.7,6,692.8800000000001,move,improve
760,13,11735.82,6,692.8800000000001,2opt,acceptBad
761,13,11735.82,6,692.8800000000001,2opt,improve
762,13,12388.039999999999,6,692.8800000000001,2opt,acceptBad
763,13,12823.360000000002,6,692.8800000000001,2opt,acceptBad
764,13,12820.540000000003,6,692.8800000000001,swap,improve
765,13,11653.580000000002,6,692.8800000000001,move,improve
766,13,11685.86,6,692.8800000000001,swap,acceptBad
767,13,11933.960000000005,6,692.8800000000001,swap,acceptBad
768,13,10825.52,6,692.8800000000001,move,improve
769,13,10939.000000000004,6,692.8800000000001,swap,acceptBad
770,13,13599.620000000004,6,692.8800000000001,2opt,acceptBad
771,13,13657.720000000003,6,692.8800000000001,2opt,acceptBad
772,13,13206.660000000003,6,692.8800000000001,move,improve
773,13,12873.540000000003,6,692.8800000000001,2opt,improve
774,13,12873.040000000003,6,692.8800000000001,swap,improve
775,13,12872.180000000004,6,692.8800000000001,swap,improve
776,13,12868.460000000008,6,692.8800000000001,2opt,improve
777,13,12870.400000000007,6,692.8800000000001,2opt,acceptBad
778,13,11843.760000000004,6,692.8800000000001,move,improve
779,13,12455.520000000002,6,692.8800000000001,2opt,acceptBad
780,13,12456.080000000002,6,692.8800000000001,2opt,acceptBad
781,13,12414.18,6,692.8800000000001,2opt,improve
782,13,12415.619999999999,6,692.8800000000001,swap,acceptBad
783,13,11923.580000000004,6,692.8800000000001,move,improve
784,13,14063.840000000002,6,692.8800000000001,swap,acceptBad
785,13,13350.420000000004,6,692.8800000000001,swap,improve
786,13,13177.280000000008,6,692.8800000000001,move,improve
787,13,13038.120000000004,6,692.8800000000001,move,improve
788,13,12540.000000000002,6,692.8800000000001,swap,improve
789,13,12540.000000000002,6,692.8800000000001,2opt,notBad
790,14,13828.480000000005,6,692.8800000000001,2opt,acceptBad
791,14,13828.480000000005,6,692.8800000000001,move,improve
792,14,13822.120000000004,6,692.8800000000001,swap,improve
793,14,13828.180000000006,6,692.8800000000001,2opt,acceptBad
794,14,17157.499999999993,6,692.8800000000001,2opt,acceptBad
795,14,15001.839999999998,6,692.8800000000001,move,improve
796,14,15562.379999999992,6,692.8800000000001,2opt,acceptBad
797,14,15072.859999999993,6,692.8800000000001,swap,improve
798,14,15077.159999999994,6,692.8800000000001,swap,acceptBad
799,14,15081.499999999993,6,692.8800000000001,swap,acceptBad
800,14,15224.339999999995,6,692.8800000000001,swap,acceptBad
801,14,15224.339999999995,6,692.8800000000001,move,improve
802,15,15899.959999999992,6,692.8800000000001,2opt,acceptBad
803,15,15895.659999999993,6,692.8800000000001,swap,improve
804,15,15909.259999999993,6,692.8800000000001,swap,acceptBad
805,15,15698.16,6,692.8800000000001,2opt,improve
806,15,15822.119999999992,6,692.8800000000001,2opt,acceptBad
807,15,15063.699999999992,6,692.8800000000001,swap,improve
808,15,16758.29999999999,6,692.8800000000001,swap,acceptBad
809,15,18413.759999999984,6,692.8800000000001,swap,acceptBad
810,15,18430.239999999983,6,692.8800000000001,swap,acceptBad
811,15,18438.579999999984,6,692.8800000000001,swap,acceptBad
812,15,15560.87999999999,6,692.8800000000001,swap,improve
813,15,15560.87999999999,6,692.8800000000001,move,improve
814,15,15558.139999999992,6,692.8800000000001,2opt,improve
815,15,15546.459999999992,6,692.8800000000001,swap,improve
816,15,15541.659999999993,6,692.8800000000001,swap,improve
817,15,15532.599999999991,6,692.8800000000001,swap,improve
818,15,16526.17999999999,6,692.8800000000001,swap,acceptBad
819,15,16961.87999999999,6,692.8800000000001,swap,acceptBad
820,15,15722.839999999991,6,692.8800000000001,move,improve
821,15,16399.219999999994,6,692.8800000000001,swap,acceptBad
822,15,15092.35999999999,6,692.8800000000001,move,improve
823,15,14447.899999999996,6,692.8800000000001,move,improve
824,15,15076.539999999992,6,692.8800000000001,swap,acceptBad
825,15,14835.559999999998,6,692.8800000000001,swap,improve
826,15,14849.28,6,692.8800000000001,swap,acceptBad
827,15,14861.299999999996,6,692.8800000000001,swap,acceptBad
828,15,14775.839999999997,6,692.8800000000001,move,improve
829,16,15491.880000000001,6,692.8800000000001,2opt,acceptBad
830,16,15989.239999999998,6,692.8800000000001,swap,acceptBad
831,16,18335.899999999998,6,692.8800000000001,swap,acceptBad
832,16,15954.759999999995,6,692.8800000000001,move,improve
833,16,15953.899999999996,6,692.8800000000001,swap,improve
834,16,14842.039999999995,6,692.8800000000001,move,improve
835,16,14941.97999999999,6,692.8800000000001,swap,acceptBad
836,16,14941.720000000003,6,692.8800000000001,2opt,improve
837,16,14972.860000000002,6,692.8800000000001,move,acceptBad
838,16,14960.440000000006,6,692.8800000000001,swap,improve
839,16,14967.860000000006,6,692.8800000000001,swap,acceptBad
840,16,14969.300000000001,6,692.8800000000001,2opt,acceptBad
841,16,16394.300000000003,6,692.8800000000001,2opt,acceptBad
842,16,14979.260000000015,6,692.8800000000001,move,improve
843,16,13322.120000000003,6,692.8800000000001,swap,improve
844,16,13823.639999999998,6,692.8800000000001,2opt,acceptBad
845,16,13967.340000000002,6,692.8800000000001,swap,acceptBad
846,16,13934.640000000003,6,692.8800000000001,swap,improve
847,16,13934.280000000004,6,692.8800000000001,move,improve
848,16,13452.400000000005,6,692.8800000000001,move,improve
849,16,14865.380000000006,6,692.8800000000001,2opt,acceptBad
850,16,14865.380000000006,6,692.8800000000001,2opt,notBad
851,16,15117.9,6,692.8800000000001,2opt,acceptBad
852,16,17376.42,6,692.8800000000001,2opt,acceptBad
853,16,16431.12,6,692.8800000000001,2opt,improve
854,16,15103.479999999998,6,692.8800000000001,2opt,improve
855,16,15008.719999999996,6,692.8800000000001,swap,improve
856,16,19001.459999999995,6,692.8800000000001,swap,acceptBad
857,15,12847.760000000006,6,692.8800000000001,move,improve
858,15,12846.960000000006,6,692.8800000000001,2opt,improve
859,15,13392.16,6,692.8800000000001,swap,acceptBad
860,15,11428.780000000008,6,692.8800000000001,move,improve
861,15,10786.700000000006,6,692.8800000000001,move,improve
862,15,10667.320000000005,6,692.8800000000001,swap,improve
863,15,10663.540000000005,6,692.8800000000001,move,improve
864,15,9518.820000000002,6,692.8800000000001,move,improve
865,15,8592.460000000001,6,692.8800000000001,move,improve
866,15,8100.219999999999,6,692.8800000000001,move,improve
867,15,9332.960000000003,6,692.8800000000001,swap,acceptBad
868,15,9833.060000000001,6,692.8800000000001,2opt,acceptBad
869,15,11790.060000000003,6,692.8800000000001,swap,acceptBad
870,15,11891.820000000003,6,692.8800000000001,swap,acceptBad
871,15,11989.08,6,692.8800000000001,swap,acceptBad
872,15,11989.079999999998,6,692.8800000000001,2opt,improve
873,15,12140.140000000001,6,692.8800000000001,2opt,acceptBad
874,15,12014.939999999995,6,692.8800000000001,2opt,improve
875,15,11750.0,6,692.8800000000001,move,improve
876,15,10781.699999999993,6,692.8800000000001,move,improve
877,15,10087.459999999997,6,692.8800000000001,move,improve
878,15,11760.44,6,692.8800000000001,swap,acceptBad
879,15,11760.44,6,692.8800000000001,2opt,notBad
880,15,10720.48,6,692.8800000000001,move,improve
881,15,10720.48,6,692.8800000000001,move,improve
882,15,9873.92,6,692.8800000000001,move,improve
883,15,9873.92,6,692.8800000000001,2opt,notBad
884,15,9518.299999999994,6,692.8800000000001,move,improve
885,15,9520.599999999997,6,692.8800000000001,2opt,acceptBad
886,15,9756.079999999994,6,692.8800000000001,swap,acceptBad
887,15,9663.039999999995,6,692.8800000000001,move,improve
888,15,15335.860000000008,6,692.8800000000001,2opt,acceptBad
889,15,11816.240000000002,6,692.8800000000001,move,improve
890,15,11680.999999999998,6,692.8800000000001,move,improve
891,15,11108.540000000005,6,692.8800000000001,2opt,improve
892,15,11160.92,6,692.8800000000001,swap,acceptBad
893,15,10224.800000000007,6,692.8800000000001,move,improve
894,15,9809.060000000007,6,692.8800000000001,swap,improve
895,15,9809.060000000007,6,692.8800000000001,2opt,notBad
896,15,9806.140000000007,6,692.8800000000001,swap,improve
897,15,9802.800000000008,6,692.8800000000001,2opt,improve
898,15,9802.800000000008,6,692.8800000000001,move,improve
899,15,9802.880000000008,6,692.8800000000001,swap,acceptBad
900,15,9802.820000000009,6,692.8800000000001,move,improve
901,15,9931.120000000006,6,692.8800000000001,2opt,acceptBad
902,15,8450.700000000003,6,692.8800000000001,move,improve
903,15,8450.700000000003,6,692.8800000000001,2opt,notBad
904,15,8450.700000000003,6,692.8800000000001,2opt,improve
905,15,8679.440000000006,6,692.8800000000001,2opt,acceptBad
906,15,8695.640000000009,6,692.8800000000001,swap,acceptBad
907,15,8754.800000000008,6,692.8800000000001,swap,acceptBad
908,15,8178.540000000005,6,692.8800000000001,move,improve
909,15,12502.660000000002,6,692.8800000000001,2opt,acceptBad
910,15,13319.600000000002,6,692.8800000000001,swap,acceptBad
911,15,13319.460000000003,6,692.8800000000001,swap,improve
912,15,13433.180000000004,6,692.8800000000001,swap,acceptBad
913,15,13688.300000000005,6,692.8800000000001,2opt,acceptBad
914,15,13391.780000000004,6,692.8800000000001,swap,improve
915,15,12086.34,6,692.8800000000001,move,improve
916,15,12086.34,6,692.8800000000001,2opt,improve
917,15,9070.559999999998,6,692.8800000000001,move,improve
918,15,8953.339999999997,6,692.8800000000001,2opt,improve
919,15,7637.299999999999,6,692.8800000000001,move,improve
920,15,9216.24,6,692.8800000000001,swap,acceptBad
921,15,9275.12,6,692.8800000000001,swap,acceptBad
922,15,9276.219999999998,6,692.8800000000001,2opt,acceptBad
923,15,9912.159999999996,6,692.8800000000001,swap,acceptBad
924,15,9166.299999999997,6,692.8800000000001,move,improve
925,15,12004.619999999999,6,692.8800000000001,swap,acceptBad
926,15,12006.519999999999,6,692.8800000000001,swap,acceptBad
927,15,12007.359999999999,6,692.8800000000001,swap,acceptBad
928,15,9975.680000000002,6,692.8800000000001,move,improve
929,15,9978.72,6,692.8800000000001,2opt,acceptBad
930,15,10235.200000000003,6,692.8800000000001,2opt,acceptBad
931,15,10235.200000000003,6,692.8800000000001,2opt,improve
932,15,10235.200000000003,6,692.8800000000001,move,improve
933,15,10235.200000000003,6,692.8800000000001,move,improve
934,15,10235.200000000003,6,692.8800000000001,move,improve
935,15,10232.820000000002,6,692.8800000000001,2opt,improve
936,15,10232.820000000002,6,692.8800000000001,2opt,improve
937,15,10712.84,6,692.8800000000001,2opt,acceptBad
938,15,11012.960000000005,6,692.8800000000001,2opt,acceptBad
939,15,12622.360000000006,6,692.8800000000001,swap,acceptBad
940,15,13228.960000000006,6,692.8800000000001,swap,acceptBad
941,15,13292.260000000006,6,692.8800000000001,swap,acceptBad
942,15,12713.320000000007,6,692.8800000000001,move,improve
943,15,12714.800000000007,6,692.8800000000001,swap,acceptBad
944,15,12710.620000000006,6,692.8800000000001,move,improve
945,15,12710.620000000006,6,692.8800000000001,2opt,improve
946,15,12429.140000000009,6,692.8800000000001,move,improve
947,15,11506.700000000006,6,692.8800000000001,swap,improve
948,15,9805.620000000003,6,692.8800000000001,move,improve
949,15,9807.900000000001,6,692.8800000000001,swap,acceptBad
950,15,9801.62,6,692.8800000000001,2opt,improve
951,15,9801.180000000004,6,692.8800000000001,2opt,improve
952,15,9137.640000000003,6,692.8800000000001,2opt,improve
953,14,9615.060000000001,6,692.8800000000001,2opt,acceptBad
954,14,9615.060000000001,6,692.8800000000001,2opt,improve
955,14,9545.920000000002,6,692.8800000000001,swap,improve
956,14,8665.720000000003,6,692.8800000000001,move,improve
957,14,8657.180000000004,6,692.8800000000001,move,improve
958,14,8660.980000000003,6,692.8800000000001,swap,acceptBad
959,14,8660.880000000003,6,692.8800000000001,2opt,improve
960,14,8660.880000000003,6,692.8800000000001,2opt,notBad
961,14,8661.240000000002,6,692.8800000000001,2opt,acceptBad
962,14,8661.240000000002,6,692.8800000000001,move,improve
963,14,7914.16,6,692.8800000000001,move,improve
964,14,8228.34,6,692.8800000000001,2opt,acceptBad
965,14,6143.6,6,692.8800000000001,move,improve
966,14,6942.779999999999,6,692.8800000000001,move,acceptBad
967,14,7472.680000000004,6,692.8800000000001,swap,acceptBad
968,14,7180.82,6,692.8800000000001,move,improve
969,14,7170.120000000004,6,692.8800000000001,2opt,improve
970,14,7091.920000000005,6,692.8800000000001,move,improve
971,14,7091.600000000001,6,692.8800000000001,2opt,improve
972,14,7093.080000000001,6,692.8800000000001,swap,acceptBad
973,14,7099.080000000001,6,692.8800000000001,swap,acceptBad
974,14,7099.460000000001,6,692.8800000000001,2opt,acceptBad
975,14,7094.960000000001,6,692.8800000000001,move,improve
976,14,7087.760000000001,6,692.8800000000001,move,improve
977,14,7091.560000000001,6,692.8800000000001,2opt,acceptBad
978,14,7091.560000000001,6,692.8800000000001,2opt,improve
979,14,5618.12,6,692.8800000000001,move,improve
980,14,4833.900000000001,6,692.8800000000001,move,improve
981,14,4829.5,6,692.8800000000001,move,improve
982,14,7196.260000000001,6,692.8800000000001,swap,acceptBad
983,14,7190.240000000002,6,692.8800000000001,swap,improve
984,14,7174.920000000002,6,692.8800000000001,swap,improve
985,14,7176.080000000002,6,692.8800000000001,swap,acceptBad
986,14,7176.080000000002,6,692.8800000000001,move,improve
987,14,7742.140000000001,6,692.8800000000001,swap,acceptBad
988,14,7517.199999999998,6,692.8800000000001,2opt,improve
989,14,7517.4,6,692.8800000000001,2opt,acceptBad
990,14,7163.720000000002,6,692.8800000000001,move,improve
991,14,7157.520000000002,6,692.8800000000001,move,improve
992,14,12095.020000000002,6,692.8800000000001,swap,acceptBad
993,14,10892.400000000003,6,692.8800000000001,move,improve
994,14,9870.160000000002,6,692.8800000000001,swap,improve
995,14,9856.020000000004,6,692.8800000000001,2opt,improve
996,14,9928.620000000004,6,692.8800000000001,swap,acceptBad
997,14,8519.139999999998,6,692.8800000000001,move,improve
998,14,9658.779999999997,6,692.8800000000001,swap,acceptBad
999,14,9658.779999999997,6,692.8800000000001,move,improve
1000,14,9653.099999999995,6,692.8800000000001,2opt,improve
1001,14,9655.419999999996,6,692.8800000000001,2opt,acceptBad
1002,14,9548.740000000002,6,692.8800000000001,swap,improve
1003,14,8697.039999999999,6,692.8800000000001,move,improve
1004,14,8690.38,6,692.8800000000001,swap,improve
1005,14,8690.0,6,692.8800000000001,move,improve
1006,14,8690.0,6,692.8800000000001,2opt,notBad
1007,14,8785.44,6,692.8800000000001,swap,acceptBad
1008,14,7804.84,6,692.8800000000001,move,improve
1009,14,7804.84,6,692.8800000000001,2opt,notBad
1010,14,7614.86,6,692.8800000000001,swap,improve
1011,14,7624.380000000001,6,692.8800000000001,2opt,acceptBad
1012,14,7624.380000000001,6,692.8800000000001,2opt,notBad
1013,14,7624.380000000001,6,692.8800000000001,move,improve
1014,14,7624.760000000001,6,692.8800000000001,swap,acceptBad
1015,14,7630.760000000001,6,692.8800000000001,swap,acceptBad
1016,14,7620.080000000001,6,692.8800000000001,swap,improve
1017,14,6879.880000000001,6,692.8800000000001,move,improve
1018,14,7294.980000000001,6,692.8800000000001,swap,acceptBad
1019,14,7294.980000000001,6,692.8800000000001,2opt,improve
1020,14,7294.980000000001,6,692.8800000000001,move,improve
1021,14,7005.76,6,692.8800000000001,move,improve
1022,14,7005.76,6,692.8800000000001,move,improve
1023,14,6997.36,6,692.8800000000001,move,improve
1024,14,6971.04,6,692.8800000000001,move,improve
1025,14,6981.199999999999,6,692.8800000000001,2opt,acceptBad
1026,14,6981.199999999999,6,692.8800000000001,move,improve
1027,14,6975.359999999999,6,692.8800000000001,move,improve
1028,14,6975.359999999999,6,692.8800000000001,2opt,notBad
1029,14,6945.080000000001,6,692.8800000000001,move,improve
1030,14,6945.080000000001,6,692.8800000000001,move,improve
1031,14,6945.080000000001,6,692.8800000000001,move,improve
1032,14,6865.640000000001,6,692.8800000000001,swap,improve
1033,14,6865.640000000001,6,692.8800000000001,move,improve
1034,14,6865.640000000001,6,692.8800000000001,move,improve
1035,14,6868.380000000001,6,692.8800000000001,2opt,acceptBad
1036,14,6855.920000000001,6,692.8800000000001,move,improve
1037,14,6859.1,6,692.8800000000001,2opt,acceptBad
1038,14,6219.940000000002,6,692.8800000000001,move,improve
1039,14,6231.4000000000015,6,692.8800000000001,swap,acceptBad
1040,13,6036.440000000001,6,692.8800000000001,2opt,improve
1041,13,6852.680000000001,6,692.8800000000001,swap,acceptBad
1042,13,6852.680000000001,6,692.8800000000001,move,improve
1043,13,6845.540000000001,6,692.8800000000001,move,improve
1044,12,7010.720000000002,6,692.8800000000001,2opt,acceptBad
1045,12,7012.400000000002,6,692.8800000000001,2opt,acceptBad
1046,12,6824.880000000003,6,692.8800000000001,move,improve
1047,12,6817.320000000002,6,692.8800000000001,move,improve
1048,12,6830.3,6,692.8800000000001,swap,acceptBad
1049,12,6830.3,6,692.8800000000001,move,improve
1050,12,6830.3,6,692.8800000000001,2opt,notBad
1051,12,6823.680000000002,6,692.8800000000001,2opt,improve
1052,12,6823.680000000002,6,692.8800000000001,move,improve
1053,12,6823.680000000002,6,692.8800000000001,move,improve
1054,12,7166.380000000001,6,692.8800000000001,swap,acceptBad
1055,12,5637.320000000001,6,692.8800000000001,move,improve
1056,12,5637.320000000001,6,692.8800000000001,move,improve
1057,12,5636.64,6,692.8800000000001,swap,improve
1058,12,6475.480000000001,6,692.8800000000001,swap,acceptBad
1059,12,6475.58,6,692.8800000000001,swap,acceptBad
1060,12,6453.38,6,692.8800000000001,swap,improve
1061,12,6666.76,6,692.8800000000001,2opt,acceptBad
1062,12,6235.3200000000015,6,692.8800000000001,move,improve
1063,12,6767.3600000000015,6,692.8800000000001,swap,acceptBad
1064,12,6790.120000000001,6,692.8800000000001,swap,acceptBad
1065,12,6786.200000000002,6,692.8800000000001,2opt,improve
1066,12,6246.340000000001,6,692.8800000000001,move,improve
1067,12,4347.92,6,692.8800000000001,move,improve
1068,12,4347.92,6,692.8800000000001,2opt,improve
1069,12,8321.740000000002,6,692.8800000000001,swap,acceptBad
1070,12,7924.000000000002,6,692.8800000000001,move,improve
1071,12,7924.000000000002,6,692.8800000000001,move,improve
1072,12,8196.920000000002,6,692.8800000000001,swap,acceptBad
1073,12,8202.620000000003,6,692.8800000000001,swap,acceptBad
1074,12,8629.74,6,692.8800000000001,2opt,acceptBad
1075,12,8603.339999999998,6,692.8800000000001,swap,improve
1076,12,7618.96,6,692.8800000000001,move,improve
1077,12,6828.539999999999,6,692.8800000000001,move,improve
1078,12,6828.72,6,692.8800000000001,2opt,acceptBad
1079,12,6828.72,6,692.8800000000001,move,improve
1080,12,7153.580000000001,6,692.8800000000001,2opt,acceptBad
1081,12,6089.280000000001,6,692.8800000000001,move,improve
1082,12,5601.3200000000015,6,692.8800000000001,2opt,improve
1083,12,6424.8600000000015,6,692.8800000000001,swap,acceptBad
1084,12,5311.160000000001,6,692.8800000000001,move,improve
1085,12,5323.960000000002,6,692.8800000000001,swap,acceptBad
1086,12,5784.840000000001,6,692.8800000000001,swap,acceptBad
1087,12,7667.500000000001,6,692.8800000000001,swap,acceptBad
1088,12,7451.22,6,692.8800000000001,2opt,improve
1089,12,7450.54,6,692.8800000000001,swap,improve
1090,12,7458.280000000001,6,692.8800000000001,swap,acceptBad
1091,12,7391.72,6,692.8800000000001,swap,improve
1092,12,6534.800000000002,6,692.8800000000001,move,improve
1093,12,6650.3,6,692.8800000000001,2opt,acceptBad
1094,12,6711.840000000001,6,692.8800000000001,swap,acceptBad
1095,12,6711.560000000001,6,692.8800000000001,2opt,improve
1096,12,6357.26,6,692.8800000000001,move,improve
1097,12,6352.139999999999,6,692.8800000000001,swap,improve
1098,12,5501.499999999998,6,692.8800000000001,move,improve
1099,12,4136.38,6,692.8800000000001,move,improve
1100,12,4082.6600000000003,6,692.8800000000001,2opt,improve
1101,12,8137.4,6,692.8800000000001,swap,acceptBad
1102,12,6658.96,6,692.8800000000001,move,improve
1103,12,6536.899999999997,6,692.8800000000001,move,improve
1104,12,6541.2999999999965,6,692.8800000000001,swap,acceptBad
1105,12,6543.120000000001,6,692.8800000000001,2opt,acceptBad
1106,12,7426.8,6,692.8800000000001,swap,acceptBad
1107,12,7426.8,6,692.8800000000001,move,improve
1108,12,6603.639999999998,6,692.8800000000001,move,improve
1109,12,6378.279999999997,6,692.8800000000001,move,improve
1110,12,6591.179999999998,6,692.8800000000001,swap,acceptBad
1111,12,5750.199999999998,6,692.8800000000001,move,improve
1112,12,5669.139999999999,6,692.8800000000001,2opt,improve
1113,12,6184.759999999999,6,692.8800000000001,swap,acceptBad
1114,12,6185.579999999998,6,692.8800000000001,2opt,acceptBad
1115,12,6185.579999999998,6,692.8800000000001,move,improve
1116,12,5628.239999999997,6,692.8800000000001,move,improve
1117,12,5478.459999999997,6,692.8800000000001,move,improve
1118,12,5472.819999999999,6,692.8800000000001,2opt,improve
1119,12,5507.5999999999985,6,692.8800000000001,swap,acceptBad
1120,12,5507.5999999999985,6,692.8800000000001,2opt,notBad
1121,12,6960.839999999997,6,692.8800000000001,swap,acceptBad
1122,12,6960.839999999997,6,692.8800000000001,move,improve
1123,12,7064.459999999998,6,692.8800000000001,2opt,acceptBad
1124,12,7059.279999999999,6,692.8800000000001,swap,improve
1125,12,9231.879999999996,6,692.8800000000001,swap,acceptBad
1126,12,9230.979999999996,6,692.8800000000001,swap,improve
1127,12,9231.279999999999,6,692.8800000000001,2opt,acceptBad
1128,12,7557.959999999997,6,692.8800000000001,move,improve
1129,12,6367.74,6,692.8800000000001,move,improve
1130,12,6255.06,6,692.8800000000001,swap,improve
1131,12,6259.300000000001,6,692.8800000000001,swap,acceptBad
1132,12,6253.120000000001,6,692.8800000000001,move,improve
1133,12,6256.82,6,692.8800000000001,2opt,acceptBad
1134,12,6256.719999999999,6,692.8800000000001,move,improve
1135,12,6256.32,6,692.8800000000001,move,improve
1136,12,6256.5599999999995,6,692.8800000000001,2opt,acceptBad
1137,12,6248.58,6,692.8800000000001,move,improve
1138,12,6204.859999999999,6,692.8800000000001,move,improve
1139,12,6204.859999999999,6,692.8800000000001,2opt,improve
1140,12,6425.34,6,692.8800000000001,swap,acceptBad
1141,12,5699.200000000001,6,692.8800000000001,swap,improve
1142,12,5699.200000000001,6,692.8800000000001,2opt,notBad
1143,12,5705.759999999998,6,692.8800000000001,2opt,acceptBad
1144,12,5530.0,6,692.8800000000001,move,improve
1145,12,5531.520000000001,6,692.8800000000001,2opt,acceptBad
1146,12,5228.160000000002,6,692.8800000000001,move,improve
1147,12,6158.3600000000015,6,692.8800000000001,2opt,acceptBad
1148,12,7274.219999999998,6,692.8800000000001,2opt,acceptBad
1149,12,7268.339999999998,6,692.8800000000001,2opt,improve
1150,12,7272.819999999998,6,692.8800000000001,swap,acceptBad
1151,12,7111.219999999999,6,692.8800000000001,swap,improve
1152,12,6397.240000000002,6,692.8800000000001,move,improve
1153,12,6111.200000000001,6,692.8800000000001,2opt,improve
1154,12,6372.580000000003,6,692.8800000000001,2opt,acceptBad
1155,12,6228.920000000004,6,692.8800000000001,move,improve
1156,12,6228.820000000003,6,692.8800000000001,swap,improve
1157,12,6243.120000000001,6,692.8800000000001,2opt,acceptBad
1158,12,4405.820000000001,6,692.8800000000001,move,improve
1159,12,4399.660000000001,6,692.8800000000001,2opt,improve
1160,12,4444.26,6,692.8800000000001,2opt,acceptBad
1161,12,4440.580000000001,6,692.8800000000001,2opt,improve
1162,12,4440.580000000001,6,692.8800000000001,2opt,notBad
1163,12,4434.9400000000005,6,692.8800000000001,move,improve
1164,12,4438.580000000001,6,692.8800000000001,swap,acceptBad
1165,12,5712.060000000001,6,692.8800000000001,2opt,acceptBad
1166,13,6368.9000000000015,6,692.8800000000001,2opt,acceptBad
1167,13,6368.9000000000015,6,692.8800000000001,2opt,improve
1168,13,6373.560000000001,6,692.8800000000001,2opt,acceptBad
1169,13,6370.8600000000015,6,692.8800000000001,swap,improve
1170,13,6367.260000000001,6,692.8800000000001,move,improve
1171,13,8360.219999999998,6,692.8800000000001,2opt,acceptBad
1172,13,7406.82,6,692.8800000000001,move,improve
1173,13,7409.260000000001,6,692.8800000000001,2opt,acceptBad
1174,13,6443.7,6,692.8800000000001,move,improve
1175,13,6393.539999999999,6,692.8800000000001,move,improve
1176,13,5611.639999999999,6,692.8800000000001,move,improve
1177,13,6393.460000000001,6,692.8800000000001,swap,acceptBad
1178,13,8749.080000000002,6,692.8800000000001,2opt,acceptBad
1179,13,8751.460000000001,6,692.8800000000001,swap,acceptBad
1180,13,8468.78,6,692.8800000000001,swap,improve
1181,13,8471.880000000003,6,692.8800000000001,2opt,acceptBad
1182,13,8478.940000000002,6,692.8800000000001,2opt,acceptBad
1183,13,8478.940000000002,6,692.8800000000001,move,improve
1184,13,8435.86,6,692.8800000000001,swap,improve
1185,13,8254.620000000003,6,692.8800000000001,2opt,improve
1186,13,8254.620000000003,6,692.8800000000001,move,improve
1187,13,8254.620000000003,6,692.8800000000001,move,improve
1188,13,8251.96,6,692.8800000000001,2opt,improve
1189,13,10826.959999999997,6,692.8800000000001,swap,acceptBad
1190,13,10434.339999999998,6,692.8800000000001,2opt,improve
1191,13,10431.679999999998,6,692.8800000000001,swap,improve
1192,13,9956.039999999995,6,692.8800000000001,move,improve
1193,13,9961.779999999995,6,692.8800000000001,swap,acceptBad
1194,13,9725.839999999998,6,692.8800000000001,2opt,improve
1195,13,9725.839999999998,6,692.8800000000001,2opt,notBad
1196,13,9725.839999999998,6,692.8800000000001,2opt,notBad
1197,13,9608.919999999998,6,692.8800000000001,move,improve
1198,13,9559.719999999998,6,692.8800000000001,swap,improve
1199,13,9604.519999999999,6,692.8800000000001,swap,acceptBad
1200,13,9597.319999999998,6,692.8800000000001,move,improve
1201,13,9833.979999999998,6,692.8800000000001,2opt,acceptBad
1202,13,9895.539999999995,6,692.8800000000001,swap,acceptBad
1203,13,9889.659999999996,6,692.8800000000001,move,improve
1204,13,9945.979999999998,6,692.8800000000001,2opt,acceptBad
1205,13,9948.899999999998,6,692.8800000000001,swap,acceptBad
1206,13,9931.199999999999,6,692.8800000000001,2opt,improve
1207,13,9931.199999999999,6,692.8800000000001,move,improve
1208,13,10012.84,6,692.8800000000001,swap,acceptBad
1209,13,9182.200000000003,6,692.8800000000001,swap,improve
1210,13,8304.779999999999,6,692.8800000000001,move,improve
1211,13,6939.500000000001,6,692.8800000000001,move,improve
1212,13,6939.500000000001,6,692.8800000000001,2opt,notBad
1213,13,6939.500000000001,6,692.8800000000001,2opt,improve
1214,13,6776.700000000002,6,692.8800000000001,move,improve
1215,13,6693.600000000003,6,692.8800000000001,swap,improve
1216,13,6693.600000000003,6,692.8800000000001,2opt,notBad
1217,13,7111.54,6,692.8800000000001,swap,acceptBad
1218,13,7110.0199999999995,6,692.8800000000001,move,improve
1219,13,7146.019999999999,6,692.8800000000001,swap,acceptBad
1220,13,6885.740000000001,6,692.8800000000001,swap,improve
1221,13,7431.399999999999,6,692.8800000000001,swap,acceptBad
1222,13,7561.200000000004,6,692.8800000000001,2opt,acceptBad
1223,13,7561.200000000004,6,692.8800000000001,2opt,improve
1224,13,7472.280000000001,6,692.8800000000001,swap,improve
1225,13,7694.520000000004,6,692.8800000000001,2opt,acceptBad
1226,13,8117.8600000000015,6,692.8800000000001,swap,acceptBad
1227,13,8118.140000000001,6,692.8800000000001,swap,acceptBad
1228,12,6288.620000000002,6,692.8800000000001,move,improve
1229,12,6526.080000000003,6,692.8800000000001,swap,acceptBad
1230,12,7354.679999999999,6,692.8800000000001,swap,acceptBad
1231,12,6123.52,6,692.8800000000001,move,improve
1232,12,6123.52,6,692.8800000000001,move,improve
1233,12,5554.899999999998,6,692.8800000000001,move,improve
1234,12,5136.5,6,692.8800000000001,move,improve
1235,12,5137.86,6,692.8800000000001,swap,acceptBad
1236,12,5105.960000000001,6,692.8800000000001,swap,improve
1237,12,5097.300000000001,6,692.8800000000001,2opt,improve
1238,12,4873.100000000001,6,692.8800000000001,move,improve
1239,12,6099.200000000001,6,692.8800000000001,swap,acceptBad
1240,12,6096.780000000001,6,692.8800000000001,2opt,improve
1241,12,5494.139999999999,6,692.8800000000001,swap,improve
1242,12,5494.139999999999,6,692.8800000000001,2opt,notBad
1243,12,5494.139999999999,6,692.8800000000001,2opt,notBad
1244,12,5115.080000000002,6,692.8800000000001,move,improve
1245,12,4423.040000000001,6,692.8800000000001,swap,improve
1246,12,4314.460000000001,6,692.8800000000001,2opt,improve
1247,12,4314.460000000001,6,692.8800000000001,2opt,notBad
1248,12,4318.860000000001,6,692.8800000000001,2opt,acceptBad
1249,12,4305.280000000001,6,692.8800000000001,swap,improve
1250,12,4305.280000000001,6,692.8800000000001,move,improve
1251,12,4305.280000000001,6,692.8800000000001,move,improve
1252,11,4647.9000000000015,6,692.8800000000001,2opt,acceptBad
1253,11,4643.639999999999,6,692.8800000000001,move,improve
1254,11,4642.2,6,692.8800000000001,2opt,improve
1255,11,5047.580000000001,6,692.8800000000001,2opt,acceptBad
1256,11,5049.740000000001,6,692.8800000000001,swap,acceptBad
1257,11,4550.18,6,692.8800000000001,2opt,improve
1258,11,3995.000000000001,6,692.8800000000001,move,improve
1259,11,3992.180000000001,6,692.8800000000001,swap,improve
1260,11,3444.1600000000008,6,692.8800000000001,move,improve
1261,11,3442.640000000001,6,692.8800000000001,move,improve
1262,11,3613.6800000000007,6,692.8800000000001,swap,acceptBad
1263,11,3611.600000000001,6,692.8800000000001,move,improve
1264,11,4009.9000000000015,6,692.8800000000001,2opt,acceptBad
1265,11,4092.0200000000004,6,692.8800000000001,2opt,acceptBad
1266,11,4089.980000000002,6,692.8800000000001,2opt,improve
1267,11,2655.120000000001,6,692.8800000000001,move,improve
1268,11,3077.060000000001,6,692.8800000000001,swap,acceptBad
1269,11,3066.88,6,692.8800000000001,move,improve
1270,11,3070.1800000000003,6,692.8800000000001,swap,acceptBad
1271,11,3067.24,6,692.8800000000001,swap,improve
1272,11,3067.24,6,692.8800000000001,move,improve
1273,11,3077.28,6,692.8800000000001,2opt,acceptBad
1274,11,3077.28,6,692.8800000000001,2opt,improve
1275,11,3157.38,6,692.8800000000001,swap,acceptBad
1276,11,3151.7000000000003,6,692.8800000000001,swap,improve
1277,11,3203.2800000000016,6,692.8800000000001,swap,acceptBad
1278,11,4713.800000000001,6,692.8800000000001,swap,acceptBad
1279,11,4561.460000000002,6,692.8800000000001,swap,improve
1280,11,4590.260000000002,6,692.8800000000001,swap,acceptBad
1281,11,3035.000000000002,6,692.8800000000001,move,improve
1282,11,3035.000000000002,6,692.8800000000001,2opt,notBad
1283,11,3025.980000000001,6,692.8800000000001,swap,improve
1284,11,3025.980000000001,6,692.8800000000001,move,improve
1285,11,3025.980000000001,6,692.8800000000001,2opt,notBad
1286,11,2946.200000000001,6,692.8800000000001,swap,improve
1287,11,2316.66,6,692.8800000000001,move,improve
1288,11,2316.02,6,692.8800000000001,move,improve
1289,11,2319.24,6,692.8800000000001,2opt,acceptBad
1290,11,2406.84,6,692.8800000000001,swap,acceptBad
1291,11,2405.48,6,692.8800000000001,move,improve
1292,11,2418.22,6,692.8800000000001,swap,acceptBad
1293,11,2425.4000000000005,6,692.8800000000001,swap,acceptBad
1294,11,2425.16,6,692.8800000000001,2opt,improve
1295,11,2421.88,6,692.8800000000001,swap,improve
1296,11,2421.88,6,692.8800000000001,move,improve
1297,11,2412.0400000000004,6,692.8800000000001,swap,improve
1298,11,3383.1800000000003,6,692.8800000000001,2opt,acceptBad
1299,11,3443.08,6,692.8800000000001,swap,acceptBad
1300,11,3443.08,6,692.8800000000001,2opt,notBad
1301,11,4104.699999999999,6,692.8800000000001,swap,acceptBad
1302,11,4104.699999999999,6,692.8800000000001,2opt,notBad
1303,11,4106.259999999999,6,692.8800000000001,2opt,acceptBad
1304,11,4106.259999999999,6,692.8800000000001,2opt,notBad
1305,11,3900.74,6,692.8800000000001,move,improve
1306,12,4527.640000000001,6,692.8800000000001,2opt,acceptBad
1307,12,4527.640000000001,6,692.8800000000001,move,improve
1308,12,4527.640000000001,6,692.8800000000001,2opt,notBad
1309,12,3343.6800000000007,6,692.8800000000001,move,improve
1310,12,4153.360000000001,6,692.8800000000001,2opt,acceptBad
1311,12,4153.46,6,692.8800000000001,swap,acceptBad
1312,12,4973.659999999999,6,692.8800000000001,2opt,acceptBad
1313,12,5033.859999999999,6,692.8800000000001,2opt,acceptBad
1314,12,4896.719999999999,6,692.8800000000001,swap,improve
1315,12,4900.9,6,692.8800000000001,2opt,acceptBad
1316,12,4974.959999999999,6,692.8800000000001,swap,acceptBad
1317,12,4797.400000000001,6,692.8800000000001,2opt,improve
1318,12,4886.36,6,692.8800000000001,2opt,acceptBad
1319,12,4258.9800000000005,6,692.8800000000001,move,improve
1320,12,4281.579999999999,6,692.8800000000001,swap,acceptBad
1321,12,4190.880000000001,6,692.8800000000001,move,improve
1322,12,4078.8400000000006,6,692.8800000000001,move,improve
1323,12,4078.8400000000006,6,692.8800000000001,move,improve
1324,12,3194.100000000001,6,692.8800000000001,move,improve
1325,12,3165.860000000001,6,692.8800000000001,swap,improve
1326,12,3165.860000000001,6,692.8800000000001,move,improve
1327,12,3239.2000000000007,6,692.8800000000001,swap,acceptBad
1328,12,3239.3199999999997,6,692.8800000000001,2opt,acceptBad
1329,12,3239.3199999999997,6,692.8800000000001,2opt,notBad
1330,12,3218.079999999999,6,692.8800000000001,2opt,improve
1331,12,3211.88,6,692.8800000000001,2opt,improve
1332,12,3145.980000000001,6,692.8800000000001,swap,improve
1333,12,2798.3400000000006,6,692.8800000000001,move,improve
1334,12,2824.2200000000007,6,692.8800000000001,swap,acceptBad
1335,12,2826.7200000000007,6,692.8800000000001,swap,acceptBad
1336,12,2684.8799999999987,6,692.8800000000001,2opt,improve
1337,12,2684.8400000000006,6,692.8800000000001,2opt,improve
1338,12,3126.1400000000012,6,692.8800000000001,swap,acceptBad
1339,12,3126.1400000000012,6,692.8800000000001,2opt,notBad
1340,12,2625.2,6,692.8800000000001,move,improve
1341,12,3166.300000000001,6,692.8800000000001,swap,acceptBad
1342,12,3168.8400000000006,6,692.8800000000001,swap,acceptBad
1343,12,3161.220000000001,6,692.8800000000001,swap,improve
1344,12,3177.7000000000016,6,692.8800000000001,swap,acceptBad
1345,12,2986.840000000001,6,692.8800000000001,swap,improve
1346,12,2985.420000000001,6,692.8800000000001,swap,improve
1347,12,2980.560000000001,6,692.8800000000001,swap,improve
1348,12,2968.6800000000007,6,692.8800000000001,move,improve
1349,12,2968.900000000001,6,692.8800000000001,swap,acceptBad
1350,12,2968.8600000000006,6,692.8800000000001,move,improve
1351,12,2968.8600000000006,6,692.8800000000001,2opt,improve
1352,12,2968.8600000000006,6,692.8800000000001,swap,notBad
1353,12,2968.8600000000006,6,692.8800000000001,2opt,notBad
1354,12,2785.8600000000006,6,692.8800000000001,move,improve
1355,12,2785.0000000000005,6,692.8800000000001,swap,improve
1356,12,2785.0000000000005,6,692.8800000000001,2opt,notBad
1357,12,2783.080000000001,6,692.8800000000001,move,improve
1358,12,2932.7600000000007,6,692.8800000000001,swap,acceptBad
1359,12,3170.2400000000007,6,692.8800000000001,2opt,acceptBad
1360,12,3166.7800000000007,6,692.8800000000001,move,improve
1361,12,3166.7800000000007,6,692.8800000000001,2opt,notBad
1362,12,3166.7800000000007,6,692.8800000000001,2opt,improve
1363,12,3290.4,6,692.8800000000001,swap,acceptBad
1364,12,3265.039999999999,6,692.8800000000001,swap,improve
1365,12,3202.039999999999,6,692.8800000000001,move,improve
1366,12,3268.579999999999,6,692.8800000000001,swap,acceptBad
1367,12,3268.579999999999,6,692.8800000000001,2opt,notBad
1368,12,3268.4799999999996,6,692.8800000000001,2opt,improve
1369,12,3344.0400000000004,6,692.8800000000001,swap,acceptBad
1370,12,3349.9000000000005,6,692.8800000000001,swap,acceptBad
1371,12,3339.1,6,692.8800000000001,move,improve
1372,12,3123.4,6,692.8800000000001,move,improve
1373,12,3123.4,6,692.8800000000001,move,improve
1374,12,2940.64,6,692.8800000000001,move,improve
1375,12,3095.42,6,692.8800000000001,swap,acceptBad
1376,12,3133.0800000000013,6,692.8800000000001,swap,acceptBad
1377,12,3155.260000000002,6,692.8800000000001,swap,acceptBad
1378,12,2600.84,6,692.8800000000001,move,improve
1379,12,2600.84,6,692.8800000000001,move,improve
1380,12,2594.2200000000003,6,692.8800000000001,move,improve
1381,12,2593.94,6,692.8800000000001,move,improve
1382,12,2593.94,6,692.8800000000001,2opt,notBad
1383,12,2382.48,6,692.8800000000001,move,improve
1384,12,2382.48,6,692.8800000000001,2opt,notBad
1385,12,2381.86,6,692.8800000000001,swap,improve
1386,12,2381.86,6,692.8800000000001,move,improve
1387,12,5121.740000000001,6,692.8800000000001,swap,acceptBad
1388,12,5122.82,6,692.8800000000001,swap,acceptBad
1389,12,5128.6,6,692.8800000000001,2opt,acceptBad
1390,12,5128.3,6,692.8800000000001,move,improve
1391,12,4177.380000000001,6,692.8800000000001,move,improve
1392,12,4177.380000000001,6,692.8800000000001,move,improve
1393,12,3081.28,6,692.8800000000001,move,improve
1394,12,3333.5399999999995,6,692.8800000000001,swap,acceptBad
1395,12,3702.46,6,692.8800000000001,swap,acceptBad
1396,12,2898.0600000000004,6,692.8800000000001,move,improve
1397,12,3058.3399999999997,6,692.8800000000001,swap,acceptBad
1398,11,2369.1000000000004,6,692.8800000000001,move,improve
1399,11,2369.1000000000004,6,692.8800000000001,2opt,notBad
1400,11,2369.1000000000004,6,692.8800000000001,2opt,improve
1401,11,2186.94,6,692.8800000000001,move,improve
1402,11,2187.2999999999997,6,692.8800000000001,2opt,acceptBad
1403,11,2187.2999999999997,6,692.8800000000001,move,improve
1404,11,2226.96,6,692.8800000000001,2opt,acceptBad
1405,11,2181.2399999999993,6,692.8800000000001,move,improve
1406,11,2181.2399999999993,6,692.8800000000001,move,improve
1407,11,2300.199999999999,6,692.8800000000001,swap,acceptBad
1408,11,2300.199999999999,6,692.8800000000001,swap,notBad
1409,11,2298.979999999999,6,692.8800000000001,move,improve
1410,11,2117.759999999999,6,692.8800000000001,move,improve
1411,11,2118.6799999999976,6,692.8800000000001,2opt,acceptBad
1412,11,2118.6799999999976,6,692.8800000000001,2opt,improve
1413,11,1962.779999999998,6,692.8800000000001,2opt,improve
1414,11,1869.3599999999992,6,692.8800000000001,move,improve
1415,11,1869.3599999999992,6,692.8800000000001,2opt,notBad
1416,11,1870.939999999999,6,692.8800000000001,2opt,acceptBad
1417,11,2735.0199999999977,6,692.8800000000001,swap,acceptBad
1418,11,2359.2199999999984,6,692.8800000000001,2opt,improve
1419,11,2639.38,6,692.8800000000001,swap,acceptBad
1420,11,2433.86,6,692.8800000000001,move,improve
1421,11,2433.86,6,692.8800000000001,2opt,notBad
1422,11,2433.86,6,692.8800000000001,move,improve
1423,11,2436.6400000000003,6,692.8800000000001,swap,acceptBad
1424,11,2419.86,6,692.8800000000001,swap,improve
1425,11,2419.86,6,692.8800000000001,2opt,notBad
1426,11,2419.86,6,692.8800000000001,move,improve
1427,11,1659.3800000000008,6,692.8800000000001,move,improve
1428,11,1660.0600000000009,6,692.8800000000001,swap,acceptBad
1429,11,1660.0600000000009,6,692.8800000000001,move,improve
1430,11,2156.9600000000005,6,692.8800000000001,swap,acceptBad
1431,11,2505.0600000000004,6,692.8800000000001,2opt,acceptBad
1432,11,2505.0600000000004,6,692.8800000000001,2opt,notBad
1433,11,2671.1800000000003,6,692.8800000000001,swap,acceptBad
1434,11,2671.1800000000003,6,692.8800000000001,move,improve
1435,11,2631.1800000000007,6,692.8800000000001,move,improve
1436,11,2631.1800000000007,6,692.8800000000001,2opt,notBad
1437,11,2631.1800000000007,6,692.8800000000001,move,improve
1438,11,2631.1800000000007,6,692.8800000000001,2opt,notBad
1439,11,3375.100000000001,6,692.8800000000001,swap,acceptBad
1440,11,3375.100000000001,6,692.8800000000001,2opt,notBad
1441,11,3375.100000000001,6,692.8800000000001,2opt,notBad
1442,11,3368.480000000001,6,692.8800000000001,move,improve
1443,11,3664.6000000000004,6,692.8800000000001,swap,acceptBad
1444,11,2873.2200000000007,6,692.8800000000001,move,improve
1445,11,2873.2200000000007,6,692.8800000000001,2opt,notBad
1446,11,2873.2200000000007,6,692.8800000000001,move,improve
1447,11,2865.7800000000007,6,692.8800000000001,2opt,improve
1448,11,2507.740000000001,6,692.8800000000001,move,improve
1449,11,2511.1400000000012,6,692.8800000000001,swap,acceptBad
1450,11,2509.5400000000013,6,692.8800000000001,swap,improve
1451,11,1912.7200000000005,6,692.8800000000001,move,improve
1452,11,1907.0200000000004,6,692.8800000000001,move,improve
1453,11,1788.56,6,692.8800000000001,swap,improve
1454,11,1788.56,6,692.8800000000001,2opt,notBad
1455,11,1898.1199999999994,6,692.8800000000001,swap,acceptBad
1456,11,1898.1199999999994,6,692.8800000000001,move,improve
1457,11,1910.3999999999994,6,692.8800000000001,swap,acceptBad
1458,11,4093.2599999999993,6,692.8800000000001,swap,acceptBad
1459,11,3868.7800000000016,6,692.8800000000001,swap,improve
1460,11,4040.8600000000006,6,692.8800000000001,2opt,acceptBad
1461,11,3007.060000000001,6,692.8800000000001,move,improve
1462,11,3004.380000000001,6,692.8800000000001,move,improve
1463,11,3004.380000000001,6,692.8800000000001,move,improve
1464,11,3004.380000000001,6,692.8800000000001,move,improve
1465,11,3004.380000000001,6,692.8800000000001,move,improve
1466,11,3004.380000000001,6,692.8800000000001,move,improve
1467,11,3004.380000000001,6,692.8800000000001,move,improve
1468,11,2591.6000000000013,6,692.8800000000001,move,improve
1469,11,2497.04,6,692.8800000000001,swap,improve
1470,11,2498.38,6,692.8800000000001,swap,acceptBad
1471,11,3611.7000000000007,6,692.8800000000001,swap,acceptBad
1472,11,4913.3200000000015,6,692.8800000000001,swap,acceptBad
1473,11,4753.920000000003,6,692.8800000000001,move,improve
1474,11,4755.200000000003,6,692.8800000000001,2opt,acceptBad
1475,11,4594.180000000001,6,692.8800000000001,swap,improve
1476,11,4594.180000000001,6,692.8800000000001,2opt,notBad
1477,11,5282.420000000001,6,692.8800000000001,2opt,acceptBad
1478,11,5282.420000000001,6,692.8800000000001,2opt,notBad
1479,11,5282.420000000001,6,692.8800000000001,2opt,notBad
1480,11,4838.740000000002,6,692.8800000000001,move,improve
1481,11,4841.640000000001,6,692.8800000000001,swap,acceptBad
1482,11,4841.640000000001,6,692.8800000000001,2opt,notBad
1483,11,4841.640000000001,6,692.8800000000001,2opt,notBad
1484,11,4841.640000000001,6,692.8800000000001,2opt,notBad
1485,11,6098.700000000001,6,692.8800000000001,swap,acceptBad
1486,11,6096.4800000000005,6,692.8800000000001,swap,improve
1487,11,6207.64,6,692.8800000000001,swap,acceptBad
1488,11,6195.5,6,692.8800000000001,swap,improve
1489,11,5851.299999999999,6,692.8800000000001,swap,improve
1490,11,6151.520000000002,6,692.8800000000001,swap,acceptBad
1491,11,6147.56,6,692.8800000000001,2opt,improve
1492,11,6147.960000000001,6,692.8800000000001,2opt,acceptBad
1493,11,6144.100000000002,6,692.8800000000001,2opt,improve
1494,11,6132.860000000002,6,692.8800000000001,2opt,improve
1495,11,6132.860000000002,6,692.8800000000001,move,improve
1496,11,6375.120000000002,6,692.8800000000001,2opt,acceptBad
1497,11,5980.279999999999,6,692.8800000000001,move,improve
1498,11,5980.279999999999,6,692.8800000000001,move,improve
1499,11,5927.280000000001,6,692.8800000000001,swap,improve
1500,11,6924.620000000003,6,692.8800000000001,swap,acceptBad
1501,11,6924.620000000003,6,692.8800000000001,2opt,notBad
1502,11,6924.620000000003,6,692.8800000000001,2opt,improve
1503,11,6924.620000000003,6,692.8800000000001,move,improve
1504,11,6924.620000000003,6,692.8800000000001,2opt,notBad
1505,11,6666.360000000001,6,692.8800000000001,2opt,improve
1506,11,6668.100000000001,6,692.8800000000001,swap,acceptBad
1507,11,6666.720000000001,6,692.8800000000001,2opt,improve
1508,11,6662.700000000001,6,692.8800000000001,move,improve
1509,11,6095.9000000000015,6,692.8800000000001,move,improve
1510,11,6108.420000000002,6,692.8800000000001,2opt,acceptBad
1511,11,6102.039999999999,6,692.8800000000001,swap,improve
1512,11,6102.419999999998,6,692.8800000000001,swap,acceptBad
1513,11,6627.499999999998,6,692.8800000000001,2opt,acceptBad
1514,11,6708.660000000001,6,692.8800000000001,swap,acceptBad
1515,11,6060.180000000002,6,692.8800000000001,2opt,improve
1516,11,6060.180000000002,6,692.8800000000001,2opt,notBad
1517,11,5956.560000000001,6,692.8800000000001,move,improve
1518,11,5327.72,6,692.8800000000001,move,improve
1519,11,5328.860000000001,6,692.8800000000001,swap,acceptBad
1520,11,4930.960000000001,6,692.8800000000001,swap,improve
1521,11,4930.56,6,692.8800000000001,2opt,improve
1522,11,4904.06,6,692.8800000000001,2opt,improve
1523,11,4359.200000000001,6,692.8800000000001,2opt,improve
1524,11,4359.200000000001,6,692.8800000000001,move,improve
1525,11,4359.840000000001,6,692.8800000000001,swap,acceptBad
1526,11,4360.900000000001,6,692.8800000000001,swap,acceptBad
1527,11,4360.900000000001,6,692.8800000000001,2opt,notBad
1528,11,4822.360000000001,6,692.8800000000001,2opt,acceptBad
1529,11,4821.100000000002,6,692.8800000000001,swap,improve
1530,11,4821.100000000002,6,692.8800000000001,2opt,notBad
1531,11,4825.660000000002,6,692.8800000000001,2opt,acceptBad
1532,11,4825.660000000002,6,692.8800000000001,move,improve
1533,11,4827.160000000002,6,692.8800000000001,swap,acceptBad
1534,11,6160.040000000003,6,692.8800000000001,swap,acceptBad
1535,11,5899.920000000002,6,692.8800000000001,swap,improve
1536,11,5691.320000000003,6,692.8800000000001,swap,improve
1537,11,5676.1600000000035,6,692.8800000000001,swap,improve
1538,11,5676.1600000000035,6,692.8800000000001,2opt,improve
1539,11,6125.120000000001,6,692.8800000000001,swap,acceptBad
1540,11,5945.140000000001,6,692.8800000000001,swap,improve
1541,11,5946.46,6,692.8800000000001,swap,acceptBad
1542,11,5505.56,6,692.8800000000001,move,improve
1543,11,5124.640000000001,6,692.8800000000001,2opt,improve
1544,11,5132.500000000001,6,692.8800000000001,swap,acceptBad
1545,11,5607.200000000001,6,692.8800000000001,swap,acceptBad
1546,11,4901.000000000003,6,692.8800000000001,move,improve
1547,11,4901.000000000003,6,692.8800000000001,2opt,notBad
1548,11,4882.28,6,692.8800000000001,move,improve
1549,11,4827.560000000003,6,692.8800000000001,2opt,improve
1550,11,4216.360000000001,6,692.8800000000001,move,improve
1551,11,4246.919999999999,6,692.8800000000001,swap,acceptBad
1552,11,4246.919999999999,6,692.8800000000001,move,improve
1553,11,4171.239999999998,6,692.8800000000001,2opt,improve
1554,11,4401.54,6,692.8800000000001,swap,acceptBad
1555,11,4226.84,6,692.8800000000001,move,improve
1556,11,4611.299999999999,6,692.8800000000001,2opt,acceptBad
1557,11,4611.299999999999,6,692.8800000000001,2opt,improve
1558,11,4610.460000000001,6,692.8800000000001,2opt,improve
1559,11,4462.0599999999995,6,692.8800000000001,swap,improve
1560,11,4458.58,6,692.8800000000001,2opt,improve
1561,10,3655.6999999999994,6,692.8800000000001,move,improve
1562,10,3655.32,6,692.8800000000001,swap,improve
1563,10,3649.92,6,692.8800000000001,2opt,improve
1564,10,3555.3599999999997,6,692.8800000000001,swap,improve
1565,10,3555.3599999999997,6,692.8800000000001,move,improve
1566,10,3555.1800000000003,6,692.8800000000001,swap,improve
1567,10,3555.1800000000003,6,692.8800000000001,move,improve
1568,10,3701.5999999999995,6,692.8800000000001,swap,acceptBad
1569,10,3466.9599999999996,6,692.8800000000001,move,improve
1570,10,3508.6200000000003,6,692.8800000000001,swap,acceptBad
1571,10,2964.8000000000006,6,692.8800000000001,move,improve
1572,10,3052.26,6,692.8800000000001,swap,acceptBad
1573,10,3013.820000000001,6,692.8800000000001,move,improve
1574,10,3013.820000000001,6,692.8800000000001,move,improve
1575,10,3013.820000000001,6,692.8800000000001,2opt,notBad
1576,10,3013.820000000001,6,692.8800000000001,2opt,notBad
1577,10,2903.2799999999993,6,692.8800000000001,move,improve
1578,10,2911.0599999999995,6,692.8800000000001,2opt,acceptBad
1579,10,2911.0599999999995,6,692.8800000000001,2opt,improve
1580,10,2911.0599999999995,6,692.8800000000001,swap,notBad
1581,10,2910.1999999999994,6,692.8800000000001,move,improve
1582,10,3566.4399999999987,6,692.8800000000001,swap,acceptBad
1583,10,3566.4399999999987,6,692.8800000000001,2opt,improve
1584,10,3566.4399999999987,6,692.8800000000001,2opt,notBad
1585,10,3566.4399999999987,6,692.8800000000001,move,improve
1586,10,3593.94,6,692.8800000000001,2opt,acceptBad
1587,10,3593.94,6,692.8800000000001,move,improve
1588,10,3588.8800000000006,6,692.8800000000001,2opt,improve
1589,10,3588.8800000000006,6,692.8800000000001,move,improve
1590,10,3588.8800000000006,6,692.8800000000001,move,improve
1591,10,3590.0400000000004,6,692.8800000000001,swap,acceptBad
1592,10,3593.0200000000004,6,692.8800000000001,swap,acceptBad
1593,10,3593.0200000000004,6,692.8800000000001,2opt,notBad
1594,10,2880.4200000000014,6,692.8800000000001,move,improve
1595,10,2890.2600000000007,6,692.8800000000001,2opt,acceptBad
1596,10,2890.2600000000007,6,692.8800000000001,move,improve
1597,10,2890.7400000000002,6,692.8800000000001,2opt,acceptBad
1598,11,2507.72,6,692.8800000000001,2opt,improve
1599,11,2496.48,6,692.8800000000001,move,improve
1600,11,2504.6000000000004,6,692.8800000000001,swap,acceptBad
1601,11,2502.26,6,692.8800000000001,move,improve
1602,11,2500.9800000000005,6,692.8800000000001,swap,improve
1603,11,2522.900000000001,6,692.8800000000001,swap,acceptBad
1604,11,2513.78,6,692.8800000000001,move,improve
1605,11,2516.9200000000005,6,692.8800000000001,swap,acceptBad
1606,11,2897.3600000000015,6,692.8800000000001,swap,acceptBad
1607,11,2897.3600000000015,6,692.8800000000001,2opt,notBad
1608,11,2899.3600000000015,6,692.8800000000001,2opt,acceptBad
1609,11,2899.3600000000015,6,692.8800000000001,move,improve
1610,11,2891.5400000000013,6,692.8800000000001,move,improve
1611,11,2488.140000000001,6,692.8800000000001,move,improve
1612,11,2488.140000000001,6,692.8800000000001,move,improve
1613,11,2488.140000000001,6,692.8800000000001,move,improve
1614,11,2486.1200000000003,6,692.8800000000001,swap,improve
1615,11,2499.900000000001,6,692.8800000000001,2opt,acceptBad
1616,11,2315.0600000000004,6,692.8800000000001,move,improve
1617,11,2315.0600000000004,6,692.8800000000001,move,improve
1618,11,2303.1200000000003,6,692.8800000000001,2opt,improve
1619,11,2314.06,6,692.8800000000001,2opt,acceptBad
1620,11,2314.06,6,692.8800000000001,swap,notBad
1621,11,2302.06,6,692.8800000000001,swap,improve
1622,11,2276.4800000000005,6,692.8800000000001,swap,improve
1623,11,2276.4800000000005,6,692.8800000000001,swap,notBad
1624,11,2280.1199999999994,6,692.8800000000001,2opt,acceptBad
1625,11,2280.1199999999994,6,692.8800000000001,move,improve
1626,11,2279.9399999999996,6,692.8800000000001,move,improve
1627,11,2279.7,6,692.8800000000001,swap,improve
1628,11,2592.6599999999994,6,692.8800000000001,2opt,acceptBad
1629,11,2592.6599999999994,6,692.8800000000001,2opt,notBad
1630,11,2412.5599999999995,6,692.8800000000001,swap,improve
1631,11,2412.5599999999995,6,692.8800000000001,2opt,improve
1632,11,2413.2199999999993,6,692.8800000000001,swap,acceptBad
1633,11,2413.2199999999993,6,692.8800000000001,2opt,notBad
1634,11,2413.239999999999,6,692.8800000000001,2opt,acceptBad
1635,11,2413.239999999999,6,692.8800000000001,2opt,notBad
1636,11,2405.4399999999987,6,692.8800000000001,swap,improve
1637,11,2094.74,6,692.8800000000001,move,improve
1638,11,2087.3399999999997,6,692.8800000000001,move,improve
1639,11,2087.3399999999997,6,692.8800000000001,move,improve
1640,11,2062.1200000000003,6,692.8800000000001,move,improve
1641,11,2061.48,6,692.8800000000001,2opt,improve
1642,11,2061.48,6,692.8800000000001,2opt,notBad
1643,11,1966.5400000000006,6,692.8800000000001,move,improve
1644,11,2026.6799999999998,6,692.8800000000001,swap,acceptBad
1645,11,2026.6799999999998,6,692.8800000000001,2opt,notBad
1646,11,2026.5400000000004,6,692.8800000000001,swap,improve
1647,11,1882.9400000000005,6,692.8800000000001,move,improve
1648,11,1883.6400000000008,6,692.8800000000001,2opt,acceptBad
1649,11,1883.6400000000008,6,692.8800000000001,2opt,notBad
1650,11,1881.2200000000007,6,692.8800000000001,2opt,improve
1651,11,1886.240000000001,6,692.8800000000001,2opt,acceptBad
1652,11,1886.240000000001,6,692.8800000000001,2opt,notBad
1653,11,1886.240000000001,6,692.8800000000001,2opt,notBad
1654,11,1884.3400000000008,6,692.8800000000001,move,improve
1655,11,1884.3400000000008,6,692.8800000000001,2opt,notBad
1656,11,1865.2,6,692.8800000000001,move,improve
1657,11,1857.14,6,692.8800000000001,move,improve
1658,11,1857.1200000000001,6,692.8800000000001,swap,improve
1659,11,1857.4,6,692.8800000000001,swap,acceptBad
1660,11,1857.4,6,692.8800000000001,2opt,notBad
1661,11,1834.8200000000006,6,692.8800000000001,move,improve
1662,11,1834.8200000000006,6,692.8800000000001,move,improve
1663,11,1834.8200000000006,6,692.8800000000001,move,improve
1664,11,1834.8200000000006,6,692.8800000000001,move,improve
1665,11,1834.8200000000006,6,692.8800000000001,move,improve
1666,11,1829.1600000000005,6,692.8800000000001,swap,improve
1667,11,1829.1600000000005,6,692.8800000000001,move,improve
1668,11,1829.1600000000005,6,692.8800000000001,move,improve
1669,11,1944.9399999999996,6,692.8800000000001,swap,acceptBad
1670,11,1940.4999999999995,6,692.8800000000001,2opt,improve
1671,11,1937.9999999999995,6,692.8800000000001,swap,improve
1672,11,1937.1999999999996,6,692.8800000000001,move,improve
1673,11,1937.1999999999996,6,692.8800000000001,swap,notBad
1674,11,1802.0799999999995,6,692.8800000000001,swap,improve
1675,11,1802.0799999999995,6,692.8800000000001,move,improve
1676,11,1802.0799999999995,6,692.8800000000001,2opt,improve
1677,11,1810.94,6,692.8800000000001,2opt,acceptBad
1678,11,1813.02,6,692.8800000000001,2opt,acceptBad
1679,11,2189.519999999998,6,692.8800000000001,swap,acceptBad
1680,11,2189.519999999998,6,692.8800000000001,2opt,notBad
1681,11,2189.519999999998,6,692.8800000000001,move,improve
1682,11,1983.9799999999984,6,692.8800000000001,2opt,improve
1683,11,1983.9799999999984,6,692.8800000000001,2opt,notBad
1684,11,1983.9799999999984,6,692.8800000000001,2opt,notBad
1685,11,1983.9799999999984,6,692.8800000000001,2opt,notBad
1686,11,1984.019999999999,6,692.8800000000001,2opt,acceptBad
1687,11,1984.019999999999,6,692.8800000000001,2opt,notBad
1688,11,1983.859999999999,6,692.8800000000001,swap,improve
1689,11,1972.679999999999,6,692.8800000000001,move,improve
1690,11,1972.919999999999,6,692.8800000000001,swap,acceptBad
1691,11,1964.5199999999982,6,692.8800000000001,2opt,improve
1692,11,3547.8199999999983,6,692.8800000000001,swap,acceptBad
1693,11,3547.8199999999983,6,692.8800000000001,2opt,notBad
1694,11,3547.8199999999983,6,692.8800000000001,2opt,notBad
1695,11,3548.8599999999983,6,692.8800000000001,swap,acceptBad
1696,11,3572.399999999999,6,692.8800000000001,swap,acceptBad
1697,11,3566.78,6,692.8800000000001,swap,improve
1698,11,3566.78,6,692.8800000000001,move,improve
1699,11,3566.78,6,692.8800000000001,2opt,notBad
1700,11,3075.88,6,692.8800000000001,swap,improve
1701,11,3081.0400000000004,6,692.8800000000001,swap,acceptBad
1702,11,2990.7600000000007,6,692.8800000000001,swap,improve
1703,11,2991.1400000000003,6,692.8800000000001,swap,acceptBad
1704,11,2991.1400000000003,6,692.8800000000001,2opt,notBad
1705,11,2991.1400000000003,6,692.8800000000001,2opt,notBad
1706,11,3117.340000000001,6,692.8800000000001,swap,acceptBad
1707,11,3117.340000000001,6,692.8800000000001,2opt,notBad
1708,11,3118.76,6,692.8800000000001,2opt,acceptBad
1709,11,3117.82,6,692.8800000000001,move,improve
1710,11,3117.82,6,692.8800000000001,2opt,notBad
1711,11,3758.939999999999,6,692.8800000000001,swap,acceptBad
1712,11,3976.7199999999993,6,692.8800000000001,2opt,acceptBad
1713,11,3976.7599999999993,6,692.8800000000001,swap,acceptBad
1714,11,4443.720000000001,6,692.8800000000001,swap,acceptBad
1715,11,4444.360000000001,6,692.8800000000001,swap,acceptBad
1716,11,4447.780000000001,6,692.8800000000001,swap,acceptBad
1717,11,4447.780000000001,6,692.8800000000001,move,improve
1718,11,4444.360000000001,6,692.8800000000001,swap,improve
1719,11,4416.28,6,692.8800000000001,2opt,improve
1720,11,4438.78,6,692.8800000000001,2opt,acceptBad
1721,11,4447.22,6,692.8800000000001,swap,acceptBad
1722,11,3640.7200000000003,6,692.8800000000001,move,improve
1723,11,3802.779999999999,6,692.8800000000001,2opt,acceptBad
1724,11,3729.6199999999994,6,692.8800000000001,2opt,improve
1725,11,3727.2199999999993,6,692.8800000000001,move,improve
1726,11,3714.3999999999996,6,692.8800000000001,swap,improve
1727,11,3714.5399999999995,6,692.8800000000001,2opt,acceptBad
1728,11,3620.499999999998,6,692.8800000000001,move,improve
1729,11,3586.3199999999997,6,692.8800000000001,swap,improve
1730,11,3584.7999999999997,6,692.8800000000001,2opt,improve
1731,11,3580.14,6,692.8800000000001,2opt,improve
1732,11,3580.14,6,692.8800000000001,2opt,improve
1733,11,3673.8800000000006,6,692.8800000000001,swap,acceptBad
1734,11,3597.8200000000006,6,692.8800000000001,move,improve
1735,11,3602.3600000000006,6,692.8800000000001,2opt,acceptBad
1736,11,3603.3399999999997,6,692.8800000000001,swap,acceptBad
1737,11,3587.5800000000004,6,692.8800000000001,move,improve
1738,11,3512.999999999999,6,692.8800000000001,move,improve
1739,11,3512.999999999999,6,692.8800000000001,swap,notBad
1740,11,3660.6199999999994,6,692.8800000000001,swap,acceptBad
1741,11,3251.9399999999996,6,692.8800000000001,move,improve
1742,11,3322.7999999999993,6,692.8800000000001,2opt,acceptBad
1743,11,3322.7999999999993,6,692.8800000000001,2opt,notBad
1744,11,2942.2799999999997,6,692.8800000000001,move,improve
1745,11,2942.0,6,692.8800000000001,move,improve
1746,11,2944.6200000000003,6,692.8800000000001,2opt,acceptBad
1747,11,2932.9600000000005,6,692.8800000000001,move,improve
1748,11,2932.9600000000005,6,692.8800000000001,2opt,notBad
1749,11,2934.680000000001,6,692.8800000000001,2opt,acceptBad
1750,11,2934.1800000000007,6,692.8800000000001,2opt,improve
1751,11,2934.1800000000007,6,692.8800000000001,2opt,notBad
1752,11,2898.520000000001,6,692.8800000000001,move,improve
1753,11,2773.2200000000007,6,692.8800000000001,move,improve
1754,11,2861.640000000001,6,692.8800000000001,swap,acceptBad
1755,11,2861.640000000001,6,692.8800000000001,move,improve
1756,11,2861.640000000001,6,692.8800000000001,2opt,notBad
1757,11,2860.080000000001,6,692.8800000000001,swap,improve
1758,11,2860.080000000001,6,692.8800000000001,2opt,notBad
1759,11,2580.5600000000004,6,692.8800000000001,move,improve
1760,11,2581.6800000000003,6,692.8800000000001,swap,acceptBad
1761,11,2581.6800000000003,6,692.8800000000001,2opt,notBad
1762,11,2971.620000000001,6,692.8800000000001,swap,acceptBad
1763,11,2971.620000000001,6,692.8800000000001,2opt,notBad
1764,11,2858.32,6,692.8800000000001,swap,improve
1765,11,2916.1600000000003,6,692.8800000000001,swap,acceptBad
1766,11,2916.0200000000004,6,692.8800000000001,move,improve
1767,11,2916.0200000000004,6,692.8800000000001,move,improve
1768,11,2916.0200000000004,6,692.8800000000001,move,improve
1769,11,2914.7200000000003,6,692.8800000000001,swap,improve
1770,11,2818.6800000000003,6,692.8800000000001,move,improve
1771,11,2909.76,6,692.8800000000001,2opt,acceptBad
1772,11,2906.78,6,692.8800000000001,2opt,improve
1773,11,2995.7400000000002,6,692.8800000000001,2opt,acceptBad
1774,11,2990.92,6,692.8800000000001,2opt,improve
1775,11,2988.6000000000004,6,692.8800000000001,2opt,improve
1776,11,2914.76,6,692.8800000000001,move,improve
1777,11,2914.76,6,692.8800000000001,move,improve
1778,11,2646.54,6,692.8800000000001,move,improve
1779,11,2640.8999999999996,6,692.8800000000001,swap,improve
1780,11,2640.8999999999996,6,692.8800000000001,move,improve
1781,11,2640.8999999999996,6,692.8800000000001,move,improve
1782,11,2640.8999999999996,6,692.8800000000001,2opt,notBad
1783,11,2941.6400000000003,6,692.8800000000001,swap,acceptBad
1784,11,2941.6400000000003,6,692.8800000000001,2opt,notBad
1785,11,2941.2200000000007,6,692.8800000000001,swap,improve
1786,11,2954.72,6,692.8800000000001,swap,acceptBad
1787,11,2431.6600000000008,6,692.8800000000001,move,improve
1788,11,2499.0600000000004,6,692.8800000000001,2opt,acceptBad
1789,11,2494.3200000000006,6,692.8800000000001,2opt,improve
1790,11,2529.3200000000006,6,692.8800000000001,2opt,acceptBad
1791,11,2522.1400000000003,6,692.8800000000001,swap,improve
1792,11,2581.1,6,692.8800000000001,2opt,acceptBad
1793,11,2581.1,6,692.8800000000001,2opt,improve
1794,11,2480.74,6,692.8800000000001,2opt,improve
1795,11,2769.74,6,692.8800000000001,swap,acceptBad
1796,11,2692.2400000000002,6,692.8800000000001,move,improve
1797,11,2692.2400000000002,6,692.8800000000001,swap,notBad
1798,11,2690.1800000000003,6,692.8800000000001,2opt,improve
1799,11,2690.1799999999994,6,692.8800000000001,2opt,improve
1800,11,2689.2999999999993,6,692.8800000000001,swap,improve
1801,11,2700.54,6,692.8800000000001,swap,acceptBad
1802,11,2650.92,6,692.8800000000001,move,improve
1803,11,2642.6600000000003,6,692.8800000000001,move,improve
1804,11,2635.34,6,692.8800000000001,move,improve
1805,11,2633.32,6,692.8800000000001,swap,improve
1806,11,2633.32,6,692.8800000000001,2opt,notBad
1807,11,2633.32,6,692.8800000000001,2opt,notBad
1808,11,2702.44,6,692.8800000000001,swap,acceptBad
1809,11,2735.520000000001,6,692.8800000000001,2opt,acceptBad
1810,11,2787.5,6,692.8800000000001,swap,acceptBad
1811,11,3036.82,6,692.8800000000001,swap,acceptBad
1812,11,3093.219999999999,6,692.8800000000001,2opt,acceptBad
1813,11,2826.759999999999,6,692.8800000000001,2opt,improve
1814,11,3589.5999999999976,6,692.8800000000001,swap,acceptBad
1815,11,3589.5999999999976,6,692.8800000000001,2opt,notBad
1816,11,3589.1799999999985,6,692.8800000000001,2opt,improve
1817,11,3325.74,6,692.8800000000001,move,improve
1818,11,3325.74,6,692.8800000000001,move,improve
1819,11,3001.5799999999995,6,692.8800000000001,move,improve
1820,11,3001.4999999999995,6,692.8800000000001,move,improve
1821,11,3001.4999999999995,6,692.8800000000001,move,improve
1822,11,2995.1399999999994,6,692.8800000000001,move,improve
1823,11,2996.3199999999993,6,692.8800000000001,2opt,acceptBad
1824,11,2996.3199999999993,6,692.8800000000001,swap,notBad
1825,11,2822.2,6,692.8800000000001,2opt,improve
1826,11,2830.4399999999996,6,692.8800000000001,2opt,acceptBad
1827,11,2994.020000000001,6,692.8800000000001,2opt,acceptBad
1828,11,2994.020000000001,6,692.8800000000001,2opt,notBad
1829,11,2823.64,6,692.8800000000001,2opt,improve
1830,11,2811.0000000000005,6,692.8800000000001,swap,improve
1831,11,2811.0000000000005,6,692.8800000000001,2opt,notBad
1832,11,2813.2200000000003,6,692.8800000000001,2opt,acceptBad
1833,11,2813.2200000000003,6,692.8800000000001,move,improve
1834,11,3217.2999999999997,6,692.8800000000001,swap,acceptBad
1835,11,2393.6399999999994,6,692.8800000000001,move,improve
1836,11,2392.3199999999997,6,692.8800000000001,2opt,improve
1837,11,2393.580000000001,6,692.8800000000001,2opt,acceptBad
1838,11,2393.580000000001,6,692.8800000000001,2opt,notBad
1839,11,2395.000000000001,6,692.8800000000001,swap,acceptBad
1840,11,2395.000000000001,6,692.8800000000001,move,improve
1841,11,2387.860000000001,6,692.8800000000001,swap,improve
1842,11,2379.660000000001,6,692.8800000000001,move,improve
1843,11,2391.4,6,692.8800000000001,2opt,acceptBad
1844,11,2398.16,6,692.8800000000001,2opt,acceptBad
1845,11,2386.16,6,692.8800000000001,move,improve
1846,11,2399.6,6,692.8800000000001,2opt,acceptBad
1847,11,2589.5599999999986,6,692.8800000000001,swap,acceptBad
1848,11,2589.5599999999986,6,692.8800000000001,2opt,notBad
1849,11,2341.8599999999988,6,692.8800000000001,move,improve
1850,11,2341.8599999999988,6,692.8800000000001,2opt,notBad
1851,11,2287.3799999999997,6,692.8800000000001,move,improve
1852,11,2287.3799999999997,6,692.8800000000001,2opt,improve
1853,11,2236.54,6,692.8800000000001,move,improve
1854,11,2235.8799999999997,6,692.8800000000001,move,improve
1855,11,2235.3399999999997,6,692.8800000000001,move,improve
1856,11,2230.62,6,692.8800000000001,2opt,improve
1857,11,2230.62,6,692.8800000000001,move,notBad
1858,11,2230.62,6,692.8800000000001,2opt,notBad
1859,11,2227.92,6,692.8800000000001,move,improve
1860,11,2227.92,6,692.8800000000001,2opt,notBad
1861,11,2227.92,6,692.8800000000001,move,improve
1862,11,2227.92,6,692.8800000000001,swap,notBad
1863,11,2215.52,6,692.8800000000001,move,improve
1864,11,2221.06,6,692.8800000000001,swap,acceptBad
1865,11,2221.06,6,692.8800000000001,2opt,notBad
1866,11,2561.1399999999994,6,692.8800000000001,swap,acceptBad
1867,11,2574.42,6,692.8800000000001,2opt,acceptBad
1868,11,2574.42,6,692.8800000000001,2opt,improve
1869,11,2861.8600000000006,6,692.8800000000001,swap,acceptBad
1870,11,2861.8600000000006,6,692.8800000000001,move,improve
1871,11,2910.360000000001,6,692.8800000000001,swap,acceptBad
1872,11,2910.360000000001,6,692.8800000000001,move,improve
1873,11,2910.360000000001,6,692.8800000000001,swap,notBad
1874,11,2910.360000000001,6,692.8800000000001,2opt,notBad
1875,11,2910.360000000001,6,692.8800000000001,2opt,notBad
1876,11,2910.360000000001,6,692.8800000000001,2opt,notBad
1877,11,2911.200000000001,6,692.8800000000001,swap,acceptBad
1878,11,2913.0200000000004,6,692.8800000000001,2opt,acceptBad
1879,11,2634.9000000000005,6,692.8800000000001,2opt,improve
1880,11,2321.02,6,692.8800000000001,2opt,improve
1881,11,2321.02,6,692.8800000000001,2opt,notBad
1882,10,1541.88,6,692.8800000000001,move,improve
1883,10,1541.88,6,692.8800000000001,2opt,notBad
1884,10,2984.3200000000006,6,692.8800000000001,move,acceptBad
1885,10,2983.5000000000005,6,692.8800000000001,2opt,improve
1886,10,2997.260000000001,6,692.8800000000001,swap,acceptBad
1887,10,3071.54,6,692.8800000000001,swap,acceptBad
1888,10,3071.54,6,692.8800000000001,move,improve
1889,10,3071.54,6,692.8800000000001,move,improve
1890,10,2277.020000000001,6,692.8800000000001,move,improve
1891,10,1347.2400000000005,6,692.8800000000001,move,improve
1892,10,1347.2400000000005,6,692.8800000000001,2opt,notBad
1893,10,1355.7400000000002,6,692.8800000000001,2opt,acceptBad
1894,10,1355.7400000000002,6,692.8800000000001,2opt,notBad
1895,10,1350.8400000000001,6,692.8800000000001,swap,improve
1896,10,1249.4600000000005,6,692.8800000000001,move,improve
1897,10,1249.4600000000005,6,692.8800000000001,2opt,notBad
1898,10,1249.4600000000005,6,692.8800000000001,2opt,improve
1899,10,1359.7800000000007,6,692.8800000000001,swap,acceptBad
1900,10,1372.8000000000006,6,692.8800000000001,swap,acceptBad
1901,10,1372.8000000000006,6,692.8800000000001,move,improve
1902,10,1372.8000000000006,6,692.8800000000001,move,improve
1903,10,1372.8000000000006,6,692.8800000000001,move,improve
1904,10,1372.8000000000006,6,692.8800000000001,move,improve
1905,10,1469.2200000000012,6,692.8800000000001,2opt,acceptBad
1906,10,1464.4200000000017,6,692.8800000000001,swap,improve
1907,10,1464.4200000000017,6,692.8800000000001,2opt,notBad
1908,10,1516.5000000000011,6,692.8800000000001,swap,acceptBad
1909,10,1410.2000000000016,6,692.8800000000001,move,improve
1910,10,1410.9600000000014,6,692.8800000000001,swap,acceptBad
1911,10,1410.9600000000014,6,692.8800000000001,2opt,notBad
1912,10,1410.9600000000014,6,692.8800000000001,2opt,notBad
1913,10,1410.9600000000014,6,692.8800000000001,move,improve
1914,10,1485.0800000000017,6,692.8800000000001,swap,acceptBad
1915,10,1578.6800000000014,6,692.8800000000001,swap,acceptBad
1916,10,1577.8600000000015,6,692.8800000000001,2opt,improve
1917,10,1577.460000000001,6,692.8800000000001,2opt,improve
1918,10,1577.460000000001,6,692.8800000000001,swap,notBad
1919,10,1564.880000000001,6,692.8800000000001,swap,improve
1920,10,1522.9000000000012,6,692.8800000000001,swap,improve
1921,10,1522.9000000000012,6,692.8800000000001,move,improve
1922,10,1512.880000000001,6,692.8800000000001,swap,improve
1923,10,1512.880000000001,6,692.8800000000001,2opt,notBad
1924,10,1512.880000000001,6,692.8800000000001,move,improve
1925,10,1485.660000000001,6,692.8800000000001,swap,improve
1926,10,1389.9800000000012,6,692.8800000000001,swap,improve
1927,10,1389.9800000000012,6,692.8800000000001,move,improve
1928,10,1452.9400000000014,6,692.8800000000001,2opt,acceptBad
1929,10,1454.3000000000006,6,692.8800000000001,swap,acceptBad
1930,10,1454.3000000000006,6,692.8800000000001,2opt,notBad
1931,10,1459.160000000001,6,692.8800000000001,2opt,acceptBad
1932,10,1459.160000000001,6,692.8800000000001,2opt,notBad
1933,10,1459.160000000001,6,692.8800000000001,swap,notBad
1934,10,1459.160000000001,6,692.8800000000001,swap,notBad
1935,10,1457.8000000000006,6,692.8800000000001,2opt,improve
1936,10,1268.5800000000004,6,692.8800000000001,swap,improve
1937,10,1275.6000000000004,6,692.8800000000001,swap,acceptBad
1938,10,1238.7200000000003,6,692.8800000000001,swap,improve
1939,10,1151.1600000000005,6,692.8800000000001,move,improve
1940,10,1151.1600000000005,6,692.8800000000001,move,improve
1941,10,1102.9600000000005,6,692.8800000000001,move,improve
1942,10,1102.9600000000005,6,692.8800000000001,2opt,notBad
1943,10,1705.4400000000005,6,692.8800000000001,swap,acceptBad
1944,10,1566.0800000000013,6,692.8800000000001,move,improve
1945,10,1123.4800000000005,6,692.8800000000001,move,improve
1946,10,1172.6000000000004,6,692.8800000000001,swap,acceptBad
1947,10,1172.6000000000004,6,692.8800000000001,move,improve
1948,10,1172.6000000000004,6,692.8800000000001,2opt,improve
1949,10,1172.4200000000005,6,692.8800000000001,move,improve
1950,10,1166.3800000000003,6,692.8800000000001,move,improve
1951,10,1166.3800000000003,6,692.8800000000001,move,improve
1952,10,1232.7200000000007,6,692.8800000000001,2opt,acceptBad
1953,10,1291.2399999999996,6,692.8800000000001,swap,acceptBad
1954,10,1291.2399999999996,6,692.8800000000001,swap,notBad
1955,10,1099.3799999999992,6,692.8800000000001,move,improve
1956,10,1099.3799999999992,6,692.8800000000001,swap,notBad
1957,10,1029.839999999999,6,692.8800000000001,move,improve
1958,10,1029.839999999999,6,692.8800000000001,move,improve
1959,10,1029.839999999999,6,692.8800000000001,2opt,notBad
1960,10,1029.439999999999,6,692.8800000000001,2opt,improve
1961,10,1029.439999999999,6,692.8800000000001,move,improve
1962,10,1029.439999999999,6,692.8800000000001,2opt,notBad
1963,10,1029.0199999999988,6,692.8800000000001,2opt,improve
1964,10,1036.0799999999986,6,692.8800000000001,swap,acceptBad
1965,10,1036.0799999999986,6,692.8800000000001,move,improve
1966,10,1036.0799999999986,6,692.8800000000001,move,improve
1967,10,1036.0799999999986,6,692.8800000000001,move,improve
1968,10,1036.0799999999986,6,692.8800000000001,2opt,notBad
1969,10,1037.2399999999986,6,692.8800000000001,2opt,acceptBad
1970,10,1031.5599999999986,6,692.8800000000001,2opt,improve
1971,10,1028.3199999999986,6,692.8800000000001,move,improve
1972,10,1021.3199999999986,6,692.8800000000001,2opt,improve
1973,10,1009.6599999999988,6,692.8800000000001,move,improve
1974,10,1001.4199999999988,6,692.8800000000001,move,improve
1975,10,1204.799999999999,6,692.8800000000001,swap,acceptBad
1976,10,1157.6999999999994,6,692.8800000000001,move,improve
1977,10,1174.0199999999993,6,692.8800000000001,2opt,acceptBad
1978,10,1174.0199999999993,6,692.8800000000001,2opt,notBad
1979,10,1271.0599999999988,6,692.8800000000001,swap,acceptBad
1980,10,1405.9199999999998,6,692.8800000000001,swap,acceptBad
1981,10,1405.9199999999998,6,692.8800000000001,2opt,notBad
1982,10,1533.5199999999984,6,692.8800000000001,swap,acceptBad
1983,10,1540.3199999999988,6,692.8800000000001,2opt,acceptBad
1984,10,1540.3199999999988,6,692.8800000000001,2opt,notBad
1985,10,1365.499999999999,6,692.8800000000001,swap,improve
1986,10,1376.519999999999,6,692.8800000000001,swap,acceptBad
1987,10,1376.519999999999,6,692.8800000000001,move,improve
1988,10,1508.2599999999995,6,692.8800000000001,swap,acceptBad
1989,10,1402.0599999999988,6,692.8800000000001,swap,improve
1990,10,1604.4999999999993,6,692.8800000000001,2opt,acceptBad
1991,10,1604.4999999999993,6,692.8800000000001,swap,notBad
1992,10,1594.4199999999994,6,692.8800000000001,move,improve
1993,10,1594.4199999999994,6,692.8800000000001,move,improve
1994,10,1594.4199999999994,6,692.8800000000001,2opt,notBad
1995,10,1594.4199999999994,6,692.8800000000001,2opt,notBad
1996,10,1594.4199999999994,6,692.8800000000001,2opt,improve
1997,10,1594.4199999999994,6,692.8800000000001,swap,notBad
1998,10,1685.8799999999997,6,692.8800000000001,swap,acceptBad
1999,10,1685.3399999999995,6,692.8800000000001,swap,improve
2000,10,1683.3599999999997,6,692.8800000000001,swap,improve
2001,10,1683.3599999999997,6,692.8800000000001,swap,notBad
2002,10,1691.9199999999996,6,692.8800000000001,swap,acceptBad
2003,10,1691.9199999999996,6,692.8800000000001,swap,notBad
2004,10,1686.7799999999995,6,692.8800000000001,move,improve
2005,10,1686.7799999999995,6,692.8800000000001,move,improve
2006,10,1686.7799999999995,6,692.8800000000001,swap,notBad
2007,10,1686.7799999999995,6,692.8800000000001,swap,notBad
2008,10,1677.6999999999996,6,692.8800000000001,move,improve
2009,10,1677.6999999999996,6,692.8800000000001,2opt,notBad
2010,10,1677.6999999999996,6,692.8800000000001,move,improve
2011,10,1499.5799999999992,6,692.8800000000001,2opt,improve
2012,10,1223.2599999999995,6,692.8800000000001,swap,improve
2013,10,1337.7199999999996,6,692.8800000000001,swap,acceptBad
2014,10,1337.6599999999996,6,692.8800000000001,2opt,improve
2015,10,1329.7199999999996,6,692.8800000000001,2opt,improve
2016,10,1329.7199999999996,6,692.8800000000001,swap,notBad
2017,10,1329.7199999999996,6,692.8800000000001,2opt,notBad
2018,10,1329.7199999999996,6,692.8800000000001,swap,notBad
2019,10,1265.8999999999996,6,692.8800000000001,swap,improve
2020,10,1265.8999999999996,6,692.8800000000001,move,improve
2021,10,1362.4999999999993,6,692.8800000000001,swap,acceptBad
2022,10,1362.4999999999993,6,692.8800000000001,swap,notBad
2023,10,1363.9599999999996,6,692.8800000000001,swap,acceptBad
2024,10,1431.5600000000004,6,692.8800000000001,2opt,acceptBad
2025,10,1350.1799999999996,6,692.8800000000001,swap,improve
2026,10,1348.8799999999997,6,692.8800000000001,swap,improve
2027,10,1364.6799999999998,6,692.8800000000001,swap,acceptBad
2028,10,1364.6799999999998,6,692.8800000000001,2opt,notBad
2029,10,1289.0399999999997,6,692.8800000000001,2opt,improve
2030,10,1286.2399999999996,6,692.8800000000001,2opt,improve
2031,10,1286.1399999999996,6,692.8800000000001,swap,improve
2032,10,1286.0599999999997,6,692.8800000000001,swap,improve
2033,10,1548.339999999999,6,692.8800000000001,swap,acceptBad
2034,10,1288.2599999999998,6,692.8800000000001,move,improve
2035,10,1272.8999999999996,6,692.8800000000001,move,improve
2036,10,1272.8999999999996,6,692.8800000000001,move,improve
2037,10,1093.9600000000005,6,692.8800000000001,2opt,improve
2038,10,1093.9600000000005,6,692.8800000000001,swap,notBad
2039,10,1102.7200000000005,6,692.8800000000001,2opt,acceptBad
2040,10,1172.5200000000004,6,692.8800000000001,swap,acceptBad
2041,10,1204.04,6,692.8800000000001,2opt,acceptBad
2042,10,1204.04,6,692.8800000000001,move,improve
2043,10,1159.58,6,692.8800000000001,move,improve
2044,10,1159.06,6,692.8800000000001,move,improve
2045,10,1159.06,6,692.8800000000001,2opt,notBad
2046,10,1168.7400000000002,6,692.8800000000001,2opt,acceptBad
2047,10,1175.2200000000003,6,692.8800000000001,swap,acceptBad
2048,10,1092.66,6,692.8800000000001,move,improve
2049,10,1090.38,6,692.8800000000001,swap,improve
2050,10,1090.38,6,692.8800000000001,2opt,notBad
2051,10,1090.38,6,692.8800000000001,2opt,notBad
2052,10,1093.3600000000001,6,692.8800000000001,swap,acceptBad
2053,10,1095.2800000000002,6,692.8800000000001,swap,acceptBad
2054,10,1095.2800000000002,6,692.8800000000001,2opt,notBad
2055,10,1095.2800000000002,6,692.8800000000001,move,improve
2056,10,1095.2800000000002,6,692.8800000000001,move,improve
2057,10,1143.06,6,692.8800000000001,swap,acceptBad
2058,10,1135.1399999999999,6,692.8800000000001,move,improve
2059,10,1135.1399999999999,6,692.8800000000001,2opt,improve
2060,10,1225.4600000000003,6,692.8800000000001,2opt,acceptBad
2061,10,1225.4600000000003,6,692.8800000000001,2opt,notBad
2062,10,1223.4800000000002,6,692.8800000000001,swap,improve
2063,10,1054.9200000000003,6,692.8800000000001,move,improve
2064,10,1059.5200000000002,6,692.8800000000001,2opt,acceptBad
2065,10,1465.099999999999,6,692.8800000000001,swap,acceptBad
2066,10,1465.099999999999,6,692.8800000000001,swap,notBad
2067,10,1465.099999999999,6,692.8800000000001,2opt,notBad
2068,10,1457.9999999999989,6,692.8800000000001,swap,improve
2069,10,1453.7799999999988,6,692.8800000000001,swap,improve
2070,10,1453.7799999999988,6,692.8800000000001,2opt,notBad
2071,10,1252.1599999999996,6,692.8800000000001,swap,improve
2072,10,1291.9599999999998,6,692.8800000000001,swap,acceptBad
2073,10,1291.9599999999998,6,692.8800000000001,2opt,notBad
2074,10,1291.9599999999998,6,692.8800000000001,2opt,notBad
2075,10,1316.4799999999996,6,692.8800000000001,swap,acceptBad
2076,10,1317.52,6,692.8800000000001,2opt,acceptBad
2077,10,1321.2799999999997,6,692.8800000000001,swap,acceptBad
2078,10,1321.2799999999997,6,692.8800000000001,move,improve
2079,10,1321.2199999999998,6,692.8800000000001,2opt,improve
2080,10,1319.4399999999996,6,692.8800000000001,move,improve
2081,10,1319.4399999999996,6,692.8800000000001,move,improve
2082,10,1319.4399999999996,6,692.8800000000001,2opt,notBad
2083,10,1319.4399999999996,6,692.8800000000001,2opt,notBad
2084,10,1322.6199999999994,6,692.8800000000001,swap,acceptBad
2085,10,1322.6199999999994,6,692.8800000000001,move,improve
2086,10,1316.2999999999995,6,692.8800000000001,swap,improve
2087,10,1321.0799999999995,6,692.8800000000001,swap,acceptBad
2088,10,1321.0799999999995,6,692.8800000000001,swap,notBad
2089,10,1322.0799999999995,6,692.8800000000001,swap,acceptBad
2090,10,1320.0399999999995,6,692.8800000000001,swap,improve
2091,10,1319.3199999999995,6,692.8800000000001,move,improve
2092,10,1322.7999999999995,6,692.8800000000001,swap,acceptBad
2093,10,1298.1000000000006,6,692.8800000000001,swap,improve
2094,10,1298.1000000000006,6,692.8800000000001,2opt,notBad
2095,10,1376.4599999999996,6,692.8800000000001,2opt,acceptBad
2096,10,1376.4599999999996,6,692.8800000000001,2opt,notBad
2097,10,1373.8999999999996,6,692.8800000000001,2opt,improve
2098,10,1338.6599999999999,6,692.8800000000001,swap,improve
2099,10,1334.24,6,692.8800000000001,2opt,improve
2100,10,1334.24,6,692.8800000000001,move,improve
2101,10,1336.86,6,692.8800000000001,swap,acceptBad
2102,10,1331.4399999999998,6,692.8800000000001,swap,improve
2103,10,1332.48,6,692.8800000000001,2opt,acceptBad
2104,10,1284.4399999999996,6,692.8800000000001,move,improve
2105,10,1284.4399999999996,6,692.8800000000001,move,improve
2106,10,1245.5199999999995,6,692.8800000000001,swap,improve
2107,10,1245.5199999999995,6,692.8800000000001,move,improve
2108,10,1245.5199999999995,6,692.8800000000001,swap,notBad
2109,10,1245.5199999999995,6,692.8800000000001,move,improve
2110,10,1254.8399999999997,6,692.8800000000001,swap,acceptBad
2111,10,1245.7199999999996,6,692.8800000000001,move,improve
2112,10,1251.5399999999995,6,692.8800000000001,swap,acceptBad
2113,10,1038.2799999999997,6,692.8800000000001,swap,improve
2114,10,1043.5199999999998,6,692.8800000000001,2opt,acceptBad
2115,10,908.4999999999991,6,692.8800000000001,move,improve
2116,10,906.579999999999,6,692.8800000000001,swap,improve
2117,10,906.579999999999,6,692.8800000000001,move,improve
2118,10,906.579999999999,6,692.8800000000001,swap,notBad
2119,10,906.579999999999,6,692.8800000000001,move,improve
2120,10,1039.5999999999992,6,692.8800000000001,2opt,acceptBad
2121,10,1043.7199999999991,6,692.8800000000001,2opt,acceptBad
2122,10,970.3199999999999,6,692.8800000000001,swap,improve
2123,10,1188.98,6,692.8800000000001,swap,acceptBad
2124,10,1182.0600000000002,6,692.8800000000001,move,improve
2125,10,1341.98,6,692.8800000000001,swap,acceptBad
2126,10,1348.0,6,692.8800000000001,2opt,acceptBad
2127,10,1348.0,6,692.8800000000001,move,improve
2128,10,1349.66,6,692.8800000000001,2opt,acceptBad
2129,10,1349.66,6,692.8800000000001,move,improve
2130,10,1345.3600000000001,6,692.8800000000001,move,improve
2131,10,1691.0200000000002,6,692.8800000000001,swap,acceptBad
2132,10,1691.0200000000002,6,692.8800000000001,2opt,improve
2133,10,1533.6200000000003,6,692.8800000000001,move,improve
2134,10,1527.9600000000005,6,692.8800000000001,move,improve
2135,10,1527.9600000000005,6,692.8800000000001,move,improve
2136,10,1527.9600000000005,6,692.8800000000001,swap,notBad
2137,10,1528.5000000000005,6,692.8800000000001,swap,acceptBad
2138,10,1531.6600000000003,6,692.8800000000001,swap,acceptBad
2139,10,1531.6600000000003,6,692.8800000000001,2opt,notBad
2140,10,1537.780000000001,6,692.8800000000001,2opt,acceptBad
2141,10,1532.0200000000004,6,692.8800000000001,2opt,improve
2142,10,1543.0600000000009,6,692.8800000000001,2opt,acceptBad
2143,10,1543.0600000000009,6,692.8800000000001,2opt,notBad
2144,10,1551.640000000001,6,692.8800000000001,swap,acceptBad
2145,10,1563.4200000000012,6,692.8800000000001,swap,acceptBad
2146,10,1566.4600000000012,6,692.8800000000001,swap,acceptBad
2147,10,1567.3600000000015,6,692.8800000000001,2opt,acceptBad
2148,10,1567.3600000000015,6,692.8800000000001,2opt,notBad
2149,10,1567.3600000000015,6,692.8800000000001,2opt,notBad
2150,10,1561.1200000000017,6,692.8800000000001,move,improve
2151,10,1561.1200000000017,6,692.8800000000001,2opt,notBad
2152,10,1559.1800000000007,6,692.8800000000001,swap,improve
2153,10,1559.1800000000007,6,692.8800000000001,2opt,notBad
2154,10,1556.0800000000008,6,692.8800000000001,move,improve
2155,10,1562.5400000000009,6,692.8800000000001,swap,acceptBad
2156,10,1561.1600000000008,6,692.8800000000001,swap,improve
2157,10,1561.1600000000008,6,692.8800000000001,move,improve
2158,10,1561.1600000000008,6,692.8800000000001,2opt,notBad
2159,10,1561.1600000000008,6,692.8800000000001,swap,notBad
2160,10,1593.6000000000008,6,692.8800000000001,swap,acceptBad
2161,10,1594.5000000000005,6,692.8800000000001,2opt,acceptBad
2162,10,1594.5000000000005,6,692.8800000000001,move,improve
2163,10,1590.8600000000006,6,692.8800000000001,move,improve
2164,10,1585.9400000000005,6,692.8800000000001,move,improve
2165,10,1585.9400000000005,6,692.8800000000001,move,improve
2166,10,1585.9400000000005,6,692.8800000000001,2opt,notBad
2167,10,1585.9400000000005,6,692.8800000000001,swap,notBad
2168,10,1585.9400000000005,6,692.8800000000001,2opt,notBad
2169,10,1585.9400000000005,6,692.8800000000001,swap,notBad
2170,10,1582.7400000000005,6,692.8800000000001,2opt,improve
2171,10,710.2600000000001,6,692.8800000000001,move,improve
2172,10,710.2600000000001,6,692.8800000000001,swap,notBad
2173,10,712.0000000000002,6,692.8800000000001,2opt,acceptBad
2174,10,712.0000000000002,6,692.8800000000001,2opt,notBad
2175,10,712.0000000000002,6,692.8800000000001,2opt,notBad
2176,10,710.5200000000002,6,692.8800000000001,move,improve
2177,10,709.5600000000002,6,692.8800000000001,2opt,improve
2178,10,1016.3000000000003,6,692.8800000000001,swap,acceptBad
2179,10,1016.3000000000003,6,692.8800000000001,2opt,notBad
2180,10,1016.3000000000003,6,692.8800000000001,2opt,notBad
2181,10,1128.52,6,692.8800000000001,swap,acceptBad
2182,10,1134.72,6,692.8800000000001,swap,acceptBad
2183,10,1134.72,6,692.8800000000001,2opt,notBad
2184,10,957.8399999999995,6,692.8800000000001,move,improve
2185,10,957.8399999999995,6,692.8800000000001,2opt,notBad
2186,10,957.8399999999995,6,692.8800000000001,2opt,notBad
2187,10,957.8399999999995,6,692.8800000000001,2opt,notBad
2188,10,957.8399999999995,6,692.8800000000001,move,improve
2189,10,982.3399999999999,6,692.8800000000001,2opt,acceptBad
2190,10,982.0999999999999,6,692.8800000000001,move,improve
2191,10,982.1199999999999,6,692.8800000000001,swap,acceptBad
2192,10,1154.3599999999997,6,692.8800000000001,swap,acceptBad
2193,10,1154.3599999999997,6,692.8800000000001,2opt,improve
2194,10,1154.3999999999996,6,692.8800000000001,swap,acceptBad
2195,10,1219.18,6,692.8800000000001,swap,acceptBad
2196,10,1219.58,6,692.8800000000001,2opt,acceptBad
2197,10,1219.58,6,692.8800000000001,move,improve
2198,10,1219.1599999999999,6,692.8800000000001,2opt,improve
2199,10,1219.56,6,692.8800000000001,swap,acceptBad
2200,10,1219.56,6,692.8800000000001,2opt,notBad
2201,10,1221.44,6,692.8800000000001,2opt,acceptBad
2202,10,1221.44,6,692.8800000000001,2opt,notBad
2203,10,1221.44,6,692.8800000000001,2opt,notBad
2204,10,1221.44,6,692.8800000000001,swap,notBad
2205,10,1087.8400000000004,6,692.8800000000001,swap,improve
2206,10,1092.6200000000003,6,692.8800000000001,swap,acceptBad
2207,10,1086.8600000000004,6,692.8800000000001,swap,improve
2208,10,1086.8600000000004,6,692.8800000000001,2opt,improve
2209,10,1077.0400000000004,6,692.8800000000001,move,improve
2210,10,1068.8600000000004,6,692.8800000000001,move,improve
2211,10,1144.8600000000001,6,692.8800000000001,swap,acceptBad
2212,10,1144.8600000000001,6,692.8800000000001,2opt,notBad
2213,10,1155.4,6,692.8800000000001,swap,acceptBad
2214,10,1158.26,6,692.8800000000001,swap,acceptBad
2215,10,1130.7600000000002,6,692.8800000000001,move,improve
2216,10,1130.7600000000002,6,692.8800000000001,move,improve
2217,10,1130.7600000000002,6,692.8800000000001,2opt,notBad
2218,10,1083.8400000000004,6,692.8800000000001,move,improve
2219,10,1083.8400000000004,6,692.8800000000001,2opt,notBad
2220,10,1083.8400000000004,6,692.8800000000001,2opt,notBad
2221,10,1083.8400000000004,6,692.8800000000001,2opt,notBad
2222,10,1107.7200000000005,6,692.8800000000001,swap,acceptBad
2223,10,1107.6800000000003,6,692.8800000000001,move,improve
2224,10,943.7200000000003,6,692.8800000000001,swap,improve
2225,10,943.7200000000003,6,692.8800000000001,2opt,notBad
2226,10,943.7200000000003,6,692.8800000000001,2opt,notBad
2227,10,947.7200000000003,6,692.8800000000001,swap,acceptBad
2228,10,936.1600000000003,6,692.8800000000001,move,improve
2229,10,940.6000000000001,6,692.8800000000001,2opt,acceptBad
2230,10,939.5,6,692.8800000000001,move,improve
2231,10,939.5,6,692.8800000000001,2opt,improve
2232,10,939.32,6,692.8800000000001,2opt,improve
2233,10,939.32,6,692.8800000000001,move,improve
2234,10,932.1,6,692.8800000000001,move,improve
2235,10,932.1,6,692.8800000000001,2opt,notBad
2236,10,932.1,6,692.8800000000001,2opt,notBad
2237,10,931.6000000000001,6,692.8800000000001,2opt,improve
2238,10,934.7400000000001,6,692.8800000000001,swap,acceptBad
2239,10,934.7400000000001,6,692.8800000000001,2opt,improve
2240,10,934.7400000000001,6,692.8800000000001,move,improve
2241,10,934.7400000000001,6,692.8800000000001,swap,notBad
2242,10,934.7400000000001,6,692.8800000000001,2opt,notBad
2243,10,935.9600000000002,6,692.8800000000001,swap,acceptBad
2244,10,935.8800000000001,6,692.8800000000001,2opt,improve
2245,10,935.8800000000001,6,692.8800000000001,move,improve
2246,10,935.8800000000001,6,692.8800000000001,2opt,notBad
2247,10,923.5600000000001,6,692.8800000000001,move,improve
2248,10,887.0600000000001,6,692.8800000000001,swap,improve
2249,10,923.3999999999999,6,692.8800000000001,swap,acceptBad
2250,10,917.0999999999998,6,692.8800000000001,move,improve
2251,10,915.7599999999998,6,692.8800000000001,swap,improve
2252,10,915.7599999999998,6,692.8800000000001,2opt,notBad
2253,10,911.2199999999998,6,692.8800000000001,move,improve
2254,10,911.2199999999998,6,692.8800000000001,2opt,notBad
2255,10,918.1199999999999,6,692.8800000000001,2opt,acceptBad
2256,10,918.1199999999999,6,692.8800000000001,move,improve
2257,10,919.3599999999999,6,692.8800000000001,swap,acceptBad
2258,10,924.0199999999998,6,692.8800000000001,swap,acceptBad
2259,10,924.0199999999998,6,692.8800000000001,2opt,notBad
2260,10,924.0199999999998,6,692.8800000000001,2opt,notBad
2261,10,920.0799999999999,6,692.8800000000001,swap,improve
2262,10,920.0799999999999,6,692.8800000000001,2opt,notBad
2263,10,920.0799999999999,6,692.8800000000001,move,improve
2264,10,1083.8799999999999,6,692.8800000000001,swap,acceptBad
2265,10,1083.8799999999999,6,692.8800000000001,2opt,notBad
2266,10,1074.9799999999998,6,692.8800000000001,swap,improve
2267,10,1064.6199999999992,6,692.8800000000001,move,improve
2268,10,1064.6199999999992,6,692.8800000000001,swap,notBad
2269,10,1064.6199999999992,6,692.8800000000001,2opt,notBad
2270,10,1064.6199999999992,6,692.8800000000001,2opt,notBad
2271,10,1065.2399999999993,6,692.8800000000001,swap,acceptBad
2272,10,1065.2399999999993,6,692.8800000000001,move,improve
2273,10,921.7400000000009,6,692.8800000000001,move,improve
2274,10,921.7400000000009,6,692.8800000000001,swap,notBad
2275,10,918.200000000001,6,692.8800000000001,2opt,improve
2276,10,918.200000000001,6,692.8800000000001,swap,notBad
2277,10,918.200000000001,6,692.8800000000001,move,improve
2278,10,918.200000000001,6,692.8800000000001,move,improve
2279,10,920.5400000000009,6,692.8800000000001,2opt,acceptBad
2280,10,920.1200000000008,6,692.8800000000001,move,improve
2281,10,926.8800000000008,6,692.8800000000001,swap,acceptBad
2282,10,926.8800000000008,6,692.8800000000001,2opt,notBad
2283,10,926.8800000000008,6,692.8800000000001,move,improve
2284,10,922.1200000000008,6,692.8800000000001,2opt,improve
2285,10,922.1200000000008,6,692.8800000000001,swap,notBad
2286,10,922.1200000000008,6,692.8800000000001,swap,notBad
2287,10,922.1200000000008,6,692.8800000000001,move,improve
2288,10,914.6000000000008,6,692.8800000000001,swap,improve
2289,10,914.6000000000008,6,692.8800000000001,swap,notBad
2290,10,926.7,6,692.8800000000001,2opt,acceptBad
2291,10,926.7,6,692.8800000000001,move,improve
2292,10,938.1400000000008,6,692.8800000000001,swap,acceptBad
2293,10,938.1400000000008,6,692.8800000000001,move,improve
2294,10,938.1400000000008,6,692.8800000000001,2opt,notBad
2295,10,1105.2200000000012,6,692.8800000000001,swap,acceptBad
2296,10,1105.2200000000012,6,692.8800000000001,swap,notBad
2297,10,1104.9400000000014,6,692.8800000000001,swap,improve
2298,10,1104.9400000000014,6,692.8800000000001,swap,notBad
2299,10,1247.0200000000011,6,692.8800000000001,swap,acceptBad
2300,10,1247.0200000000011,6,692.8800000000001,move,improve
2301,10,1245.800000000001,6,692.8800000000001,move,improve
2302,10,1245.800000000001,6,692.8800000000001,swap,notBad
2303,10,1241.7000000000012,6,692.8800000000001,swap,improve
2304,10,1241.280000000001,6,692.8800000000001,swap,improve
2305,10,1237.300000000001,6,692.8800000000001,move,improve
2306,10,1003.4000000000005,6,692.8800000000001,move,improve
2307,10,1003.3800000000006,6,692.8800000000001,swap,improve
2308,10,1146.8200000000006,6,692.8800000000001,swap,acceptBad
2309,10,1148.0000000000007,6,692.8800000000001,swap,acceptBad
2310,10,1148.0000000000007,6,692.8800000000001,move,improve
2311,10,1217.8599999999997,6,692.8800000000001,swap,acceptBad
2312,10,1217.8599999999997,6,692.8800000000001,swap,notBad
2313,10,1219.6,6,692.8800000000001,swap,acceptBad
2314,10,1219.6,6,692.8800000000001,move,improve
2315,10,1212.9999999999998,6,692.8800000000001,move,improve
2316,10,1212.9999999999998,6,692.8800000000001,move,improve
2317,10,1212.9999999999998,6,692.8800000000001,move,improve
2318,10,1212.9999999999998,6,692.8800000000001,2opt,notBad
2319,10,1323.3999999999996,6,692.8800000000001,swap,acceptBad
2320,10,1323.3999999999996,6,692.8800000000001,2opt,improve
2321,10,1316.2399999999998,6,692.8800000000001,swap,improve
2322,10,1268.62,6,692.8800000000001,move,improve
2323,10,1268.62,6,692.8800000000001,2opt,improve
2324,10,1268.62,6,692.8800000000001,2opt,notBad
2325,10,1268.62,6,692.8800000000001,swap,notBad
2326,10,1266.9399999999998,6,692.8800000000001,swap,improve
2327,10,1275.4199999999998,6,692.8800000000001,swap,acceptBad
2328,10,1211.7399999999996,6,692.8800000000001,move,improve
2329,10,1195.58,6,692.8800000000001,move,improve
2330,10,1193.4399999999998,6,692.8800000000001,move,improve
2331,10,1193.4399999999998,6,692.8800000000001,swap,notBad
2332,10,1188.62,6,692.8800000000001,move,improve
2333,10,1188.62,6,692.8800000000001,move,improve
2334,10,1188.62,6,692.8800000000001,2opt,notBad
2335,10,1188.62,6,692.8800000000001,move,improve
2336,10,1186.28,6,692.8800000000001,move,improve
2337,10,1186.28,6,692.8800000000001,move,improve
2338,10,1186.28,6,692.8800000000001,2opt,notBad
2339,10,1186.28,6,692.8800000000001,move,improve
2340,10,1186.2799999999997,6,692.8800000000001,move,improve
2341,10,1186.2799999999997,6,692.8800000000001,move,improve
2342,10,1186.2799999999997,6,692.8800000000001,move,improve
2343,10,1186.2799999999997,6,692.8800000000001,2opt,improve
2344,10,1187.9399999999998,6,692.8800000000001,2opt,acceptBad
2345,10,1187.9399999999998,6,692.8800000000001,move,improve
2346,10,1175.9799999999998,6,692.8800000000001,move,improve
2347,10,1191.4999999999998,6,692.8800000000001,swap,acceptBad
2348,10,1221.5199999999998,6,692.8800000000001,swap,acceptBad
2349,10,1221.3799999999997,6,692.8800000000001,swap,improve
2350,10,1225.4399999999998,6,692.8800000000001,swap,acceptBad
2351,10,1225.62,6,692.8800000000001,swap,acceptBad
2352,10,1222.4599999999998,6,692.8800000000001,swap,improve
2353,10,1218.0599999999997,6,692.8800000000001,move,improve
2354,10,1218.0599999999997,6,692.8800000000001,move,improve
2355,10,1218.0599999999997,6,692.8800000000001,2opt,notBad
2356,10,1215.7399999999998,6,692.8800000000001,move,improve
2357,10,1215.7399999999998,6,692.8800000000001,2opt,notBad
2358,10,1409.5800000000002,6,692.8800000000001,swap,acceptBad
2359,10,1409.5800000000002,6,692.8800000000001,2opt,notBad
2360,10,1405.5600000000002,6,692.8800000000001,move,improve
2361,10,1405.5600000000002,6,692.8800000000001,2opt,improve
2362,10,1404.9000000000003,6,692.8800000000001,move,improve
2363,10,1404.9000000000003,6,692.8800000000001,move,improve
2364,10,1405.6399999999999,6,692.8800000000001,2opt,acceptBad
2365,10,1401.38,6,692.8800000000001,2opt,improve
2366,10,1401.38,6,692.8800000000001,2opt,notBad
2367,10,1401.38,6,692.8800000000001,move,improve
2368,10,1401.38,6,692.8800000000001,2opt,notBad
2369,10,1401.38,6,692.8800000000001,2opt,notBad
2370,10,1400.1200000000001,6,692.8800000000001,move,improve
2371,10,1400.1200000000001,6,692.8800000000001,2opt,notBad
2372,10,1400.1200000000001,6,692.8800000000001,2opt,improve
2373,10,1400.1200000000001,6,692.8800000000001,2opt,notBad
2374,10,1406.3799999999999,6,692.8800000000001,2opt,acceptBad
2375,10,1406.3799999999999,6,692.8800000000001,move,improve
2376,10,1406.3799999999999,6,692.8800000000001,2opt,notBad
2377,10,1405.6400000000003,6,692.8800000000001,2opt,improve
2378,10,1405.6400000000003,6,692.8800000000001,2opt,notBad
2379,10,1405.6400000000003,6,692.8800000000001,move,improve
2380,10,1397.4200000000003,6,692.8800000000001,move,improve
2381,10,1397.4200000000003,6,692.8800000000001,move,improve
2382,10,1397.4200000000003,6,692.8800000000001,move,improve
2383,10,1397.4200000000003,6,692.8800000000001,swap,notBad
2384,10,1397.4200000000003,6,692.8800000000001,swap,notBad
2385,10,1397.4200000000003,6,692.8800000000001,2opt,notBad
2386,10,1397.4200000000003,6,692.8800000000001,2opt,notBad
2387,10,1397.4200000000003,6,692.8800000000001,move,improve
2388,10,1391.6200000000003,6,692.8800000000001,move,improve
2389,10,1391.6200000000003,6,692.8800000000001,2opt,notBad
2390,10,1391.6200000000003,6,692.8800000000001,move,improve
2391,10,1413.1,6,692.8800000000001,swap,acceptBad
2392,10,1329.9199999999987,6,692.8800000000001,swap,improve
2393,10,1329.9199999999987,6,692.8800000000001,move,improve
2394,10,1334.6399999999985,6,692.8800000000001,swap,acceptBad
2395,10,1334.6399999999985,6,692.8800000000001,move,improve
2396,10,1256.7799999999988,6,692.8800000000001,swap,improve
2397,10,1299.1399999999992,6,692.8800000000001,swap,acceptBad
2398,10,1299.0799999999995,6,692.8800000000001,2opt,improve
2399,10,1299.0799999999995,6,692.8800000000001,2opt,notBad
2400,10,1357.8599999999988,6,692.8800000000001,swap,acceptBad
2401,10,1357.8599999999988,6,692.8800000000001,swap,notBad
2402,10,1357.8599999999988,6,692.8800000000001,swap,notBad
2403,10,1366.679999999999,6,692.8800000000001,swap,acceptBad
2404,10,1361.9399999999987,6,692.8800000000001,move,improve
2405,10,1361.9399999999987,6,692.8800000000001,2opt,notBad
2406,10,1361.9399999999987,6,692.8800000000001,2opt,improve
2407,10,1361.9399999999987,6,692.8800000000001,2opt,notBad
2408,10,1361.9399999999987,6,692.8800000000001,move,improve
2409,10,1361.9399999999987,6,692.8800000000001,swap,notBad
2410,10,1361.9399999999987,6,692.8800000000001,move,improve
2411,10,1350.0399999999993,6,692.8800000000001,swap,improve
2412,10,1363.7799999999997,6,692.8800000000001,2opt,acceptBad
2413,10,1360.8799999999997,6,692.8800000000001,swap,improve
2414,10,1360.8799999999997,6,692.8800000000001,2opt,notBad
2415,10,1360.8799999999997,6,692.8800000000001,2opt,notBad
2416,10,1360.8799999999997,6,692.8800000000001,2opt,improve
2417,10,1353.1999999999996,6,692.8800000000001,2opt,improve
2418,10,1121.9999999999993,6,692.8800000000001,move,improve
2419,10,1121.2999999999995,6,692.8800000000001,move,improve
2420,10,1120.0199999999995,6,692.8800000000001,move,improve
2421,10,1088.44,6,692.8800000000001,move,improve
2422,10,1088.44,6,692.8800000000001,2opt,notBad
2423,10,1043.3600000000001,6,692.8800000000001,move,improve
2424,10,1187.8999999999994,6,692.8800000000001,swap,acceptBad
2425,10,1187.8999999999994,6,692.8800000000001,move,improve
2426,10,1187.8999999999994,6,692.8800000000001,2opt,improve
2427,10,1074.3200000000002,6,692.8800000000001,2opt,improve
2428,10,1073.88,6,692.8800000000001,move,improve
2429,10,1073.88,6,692.8800000000001,2opt,notBad
2430,10,1073.88,6,692.8800000000001,2opt,notBad
2431,10,1073.88,6,692.8800000000001,2opt,notBad
2432,10,1073.88,6,692.8800000000001,2opt,notBad
2433,10,1073.88,6,692.8800000000001,move,improve
2434,10,1069.66,6,692.8800000000001,swap,improve
2435,10,1034.079999999999,6,692.8800000000001,swap,improve
2436,10,1110.0799999999988,6,692.8800000000001,swap,acceptBad
2437,10,1109.9199999999987,6,692.8800000000001,swap,improve
2438,10,1109.9199999999987,6,692.8800000000001,swap,notBad
2439,10,1114.1399999999987,6,692.8800000000001,swap,acceptBad
2440,10,1110.6999999999987,6,692.8800000000001,swap,improve
2441,10,1110.6999999999987,6,692.8800000000001,2opt,notBad
2442,10,1110.6999999999987,6,692.8800000000001,move,improve
2443,10,1110.1999999999987,6,692.8800000000001,move,improve
2444,10,1110.1999999999987,6,692.8800000000001,swap,notBad
2445,10,1110.1999999999987,6,692.8800000000001,move,improve
2446,10,1103.2599999999989,6,692.8800000000001,move,improve
2447,10,1136.9999999999986,6,692.8800000000001,swap,acceptBad
2448,10,1055.4399999999987,6,692.8800000000001,2opt,improve
2449,10,1066.3999999999987,6,692.8800000000001,swap,acceptBad
2450,10,1066.3999999999987,6,692.8800000000001,2opt,improve
2451,10,1063.2799999999988,6,692.8800000000001,move,improve
2452,10,1063.2799999999988,6,692.8800000000001,2opt,improve
2453,10,1057.9399999999987,6,692.8800000000001,swap,improve
2454,10,1057.9399999999987,6,692.8800000000001,move,improve
2455,10,1047.3999999999987,6,692.8800000000001,move,improve
2456,10,1060.0199999999986,6,692.8800000000001,2opt,acceptBad
2457,10,1020.8799999999995,6,692.8800000000001,move,improve
2458,10,1020.8799999999995,6,692.8800000000001,move,improve
2459,10,1013.3199999999995,6,692.8800000000001,move,improve
2460,10,1034.9999999999998,6,692.8800000000001,swap,acceptBad
2461,10,1035.5199999999998,6,692.8800000000001,swap,acceptBad
2462,10,1035.5199999999998,6,692.8800000000001,move,improve
2463,10,1067.22,6,692.8800000000001,swap,acceptBad
2464,10,1067.22,6,692.8800000000001,2opt,notBad
2465,10,1067.22,6,692.8800000000001,swap,notBad
2466,10,1067.22,6,692.8800000000001,2opt,notBad
2467,10,1060.8400000000001,6,692.8800000000001,swap,improve
2468,10,1061.22,6,692.8800000000001,2opt,acceptBad
2469,10,1056.5799999999995,6,692.8800000000001,swap,improve
2470,10,1056.5799999999995,6,692.8800000000001,2opt,improve
2471,10,1056.5799999999995,6,692.8800000000001,2opt,notBad
2472,10,1055.3399999999995,6,692.8800000000001,swap,improve
2473,10,1055.3399999999995,6,692.8800000000001,swap,notBad
2474,10,1054.9599999999996,6,692.8800000000001,2opt,improve
2475,10,1054.9599999999996,6,692.8800000000001,2opt,notBad
2476,10,1055.2199999999996,6,692.8800000000001,swap,acceptBad
2477,10,1055.2199999999996,6,692.8800000000001,2opt,notBad
2478,10,1055.2199999999996,6,692.8800000000001,swap,notBad
2479,10,1055.2199999999996,6,692.8800000000001,move,improve
2480,10,1055.2199999999996,6,692.8800000000001,2opt,notBad
2481,10,1055.6999999999996,6,692.8800000000001,2opt,acceptBad
2482,10,1049.8599999999997,6,692.8800000000001,2opt,improve
2483,10,1049.8599999999997,6,692.8800000000001,2opt,notBad
2484,10,1056.4399999999996,6,692.8800000000001,2opt,acceptBad
2485,10,1064.8199999999995,6,692.8800000000001,swap,acceptBad
2486,10,949.7599999999993,6,692.8800000000001,move,improve
2487,10,949.7599999999993,6,692.8800000000001,2opt,notBad
2488,10,862.6800000000001,6,692.8800000000001,move,improve
2489,10,862.6800000000001,6,692.8800000000001,2opt,notBad
2490,10,850.24,6,692.8800000000001,move,improve
2491,10,638.5800000000011,10,638.5800000000011,move,newBest
2492,10,638.0800000000008,10,638.0800000000008,move,newBest
2493,10,638.0800000000008,10,638.0800000000008,swap,notBad
2494,10,637.0200000000009,10,637.0200000000009,move,newBest
2495,10,622.0200000000009,10,622.0200000000009,2opt,newBest
2496,10,611.3000000000009,10,611.3000000000009,swap,newBest
2497,10,611.3000000000009,10,611.3000000000009,move,improve
2498,10,611.3000000000009,10,611.3000000000009,2opt,notBad
2499,10,613.1800000000009,10,611.3000000000009,2opt,acceptBad
2500,10,611.3000000000008,10,611.3000000000008,2opt,newBest
2501,10,613.4400000000007,10,611.3000000000008,swap,acceptBad
2502,10,613.4400000000007,10,611.3000000000008,2opt,notBad
2503,10,613.0800000000008,10,611.3000000000008,swap,improve
2504,10,612.8400000000008,10,611.3000000000008,move,improve
2505,10,612.8400000000008,10,611.3000000000008,2opt,improve
2506,10,608.180000000001,10,608.180000000001,2opt,newBest
2507,10,608.180000000001,10,608.180000000001,move,improve
2508,10,609.5200000000009,10,608.180000000001,2opt,acceptBad
2509,10,609.5200000000009,10,608.180000000001,2opt,notBad
2510,10,609.5200000000009,10,608.180000000001,move,improve
2511,10,609.5200000000009,10,608.180000000001,move,improve
2512,10,609.5200000000009,10,608.180000000001,swap,notBad
2513,10,609.300000000001,10,608.180000000001,move,improve
2514,10,609.300000000001,10,608.180000000001,2opt,notBad
2515,10,607.0800000000011,10,607.0800000000011,move,newBest
2516,10,601.480000000001,10,601.480000000001,move,newBest
2517,10,581.5200000000007,10,581.5200000000007,swap,newBest
2518,10,581.5200000000007,10,581.5200000000007,2opt,notBad
2519,10,581.5200000000007,10,581.5200000000007,move,improve
2520,10,581.5200000000007,10,581.5200000000007,2opt,notBad
2521,10,587.5200000000006,10,581.5200000000007,swap,acceptBad
2522,10,587.5200000000006,10,581.5200000000007,move,improve
2523,10,587.5200000000006,10,581.5200000000007,2opt,notBad
2524,10,587.5200000000006,10,581.5200000000007,swap,notBad
2525,10,587.5200000000006,10,581.5200000000007,2opt,notBad
2526,10,586.8000000000006,10,581.5200000000007,move,improve
2527,10,586.8000000000006,10,581.5200000000007,move,improve
2528,10,598.8400000000006,10,581.5200000000007,swap,acceptBad
2529,10,598.8400000000006,10,581.5200000000007,2opt,improve
2530,10,598.8400000000006,10,581.5200000000007,2opt,notBad
2531,10,598.1200000000007,10,581.5200000000007,swap,improve
2532,10,598.1200000000007,10,581.5200000000007,2opt,notBad
2533,10,598.1200000000007,10,581.5200000000007,move,improve
2534,10,598.1200000000007,10,581.5200000000007,2opt,notBad
2535,10,579.9600000000007,10,579.9600000000007,move,newBest
2536,10,579.9600000000007,10,579.9600000000007,swap,notBad
2537,10,579.9600000000007,10,579.9600000000007,move,improve
2538,10,579.9600000000007,10,579.9600000000007,swap,notBad
2539,10,579.9600000000007,10,579.9600000000007,2opt,notBad
2540,10,579.9600000000007,10,579.9600000000007,2opt,notBad
2541,10,577.1000000000007,10,577.1000000000007,move,newBest
2542,10,576.2200000000007,10,576.2200000000007,move,newBest
2543,10,577.8800000000006,10,576.2200000000007,swap,acceptBad
2544,10,577.8800000000006,10,576.2200000000007,swap,notBad
2545,10,577.8800000000006,10,576.2200000000007,2opt,improve
2546,10,577.8800000000006,10,576.2200000000007,2opt,notBad
2547,10,577.8800000000006,10,576.2200000000007,swap,notBad
2548,10,577.1400000000006,10,576.2200000000007,move,improve
2549,10,592.9000000000003,10,576.2200000000007,swap,acceptBad
2550,10,592.9000000000003,10,576.2200000000007,2opt,notBad
2551,10,587.8200000000002,10,576.2200000000007,2opt,improve
2552,10,588.9600000000002,10,576.2200000000007,2opt,acceptBad
2553,10,588.9600000000002,10,576.2200000000007,move,improve
2554,10,588.9600000000002,10,576.2200000000007,move,improve
2555,10,586.3200000000002,10,576.2200000000007,move,improve
2556,10,596.0400000000002,10,576.2200000000007,swap,acceptBad
2557,10,596.0400000000002,10,576.2200000000007,2opt,notBad
2558,10,596.0400000000002,10,576.2200000000007,swap,notBad
2559,10,596.0400000000002,10,576.2200000000007,swap,notBad
2560,10,597.7000000000002,10,576.2200000000007,swap,acceptBad
2561,10,597.7000000000002,10,576.2200000000007,2opt,notBad
2562,10,601.5200000000002,10,576.2200000000007,2opt,acceptBad
2563,10,603.4800000000001,10,576.2200000000007,2opt,acceptBad
2564,10,597.0600000000002,10,576.2200000000007,move,improve
2565,10,592.8200000000003,10,576.2200000000007,2opt,improve
2566,10,592.8200000000003,10,576.2200000000007,swap,notBad
2567,10,592.8200000000003,10,576.2200000000007,swap,notBad
2568,10,602.7400000000002,10,576.2200000000007,swap,acceptBad
2569,10,601.44,10,576.2200000000007,2opt,improve
2570,10,595.44,10,576.2200000000007,move,improve
2571,10,606.1800000000003,10,576.2200000000007,swap,acceptBad
2572,10,606.1800000000003,10,576.2200000000007,move,improve
2573,10,606.1800000000003,10,576.2200000000007,swap,notBad
2574,10,606.1800000000003,10,576.2200000000007,2opt,notBad
2575,10,612.9800000000005,10,576.2200000000007,2opt,acceptBad
2576,10,612.9800000000005,10,576.2200000000007,2opt,notBad
2577,10,612.9800000000005,10,576.2200000000007,move,improve
2578,10,612.9800000000005,10,576.2200000000007,swap,notBad
2579,10,612.9800000000005,10,576.2200000000007,swap,notBad
2580,10,612.9800000000005,10,576.2200000000007,2opt,notBad
2581,10,614.3000000000004,10,576.2200000000007,2opt,acceptBad
2582,10,614.3000000000004,10,576.2200000000007,move,improve
2583,10,614.3000000000004,10,576.2200000000007,move,improve
2584,10,614.3000000000004,10,576.2200000000007,2opt,notBad
2585,10,614.3000000000004,10,576.2200000000007,swap,notBad
2586,10,614.3000000000004,10,576.2200000000007,swap,notBad
2587,10,622.0400000000004,10,576.2200000000007,swap,acceptBad
2588,10,649.6600000000003,10,576.2200000000007,2opt,acceptBad
2589,10,666.8400000000004,10,576.2200000000007,swap,acceptBad
2590,10,666.8400000000004,10,576.2200000000007,move,improve
2591,10,666.1200000000003,10,576.2200000000007,move,improve
2592,10,666.1200000000003,10,576.2200000000007,2opt,notBad
2593,10,666.3800000000003,10,576.2200000000007,swap,acceptBad
2594,10,656.5200000000004,10,576.2200000000007,move,improve
2595,10,656.5200000000004,10,576.2200000000007,swap,notBad
2596,10,656.0600000000004,10,576.2200000000007,swap,improve
2597,10,656.0600000000004,10,576.2200000000007,move,improve
2598,10,656.0600000000004,10,576.2200000000007,move,improve
2599,10,653.2800000000004,10,576.2200000000007,move,improve
2600,10,653.2800000000004,10,576.2200000000007,swap,notBad
2601,10,636.6800000000003,10,576.2200000000007,move,improve
2602,10,635.6800000000003,10,576.2200000000007,swap,improve
2603,10,625.6400000000003,10,576.2200000000007,swap,improve
2604,10,625.6400000000003,10,576.2200000000007,2opt,improve
2605,10,625.6400000000003,10,576.2200000000007,swap,notBad
2606,10,625.6400000000003,10,576.2200000000007,2opt,notBad
2607,10,625.6400000000003,10,576.2200000000007,2opt,notBad
2608,10,625.6200000000003,10,576.2200000000007,swap,improve
2609,10,625.6200000000003,10,576.2200000000007,move,improve
2610,10,626.6600000000003,10,576.2200000000007,2opt,acceptBad
2611,10,628.4800000000002,10,576.2200000000007,2opt,acceptBad
2612,10,628.4800000000002,10,576.2200000000007,move,improve
2613,10,628.4800000000002,10,576.2200000000007,swap,notBad
2614,10,628.4800000000002,10,576.2200000000007,move,improve
2615,10,623.7800000000002,10,576.2200000000007,move,improve
2616,10,623.1800000000003,10,576.2200000000007,2opt,improve
2617,10,623.1800000000003,10,576.2200000000007,2opt,notBad
2618,10,623.1800000000003,10,576.2200000000007,2opt,notBad
2619,10,623.1800000000003,10,576.2200000000007,2opt,notBad
2620,10,623.1800000000003,10,576.2200000000007,2opt,notBad
2621,10,623.1800000000003,10,576.2200000000007,2opt,notBad
2622,10,623.1800000000003,10,576.2200000000007,2opt,improve
2623,10,623.1800000000003,10,576.2200000000007,2opt,notBad
2624,10,619.3800000000002,10,576.2200000000007,move,improve
2625,10,619.3800000000002,10,576.2200000000007,move,improve
2626,10,631.3200000000002,10,576.2200000000007,swap,acceptBad
2627,10,631.3200000000002,10,576.2200000000007,2opt,notBad
2628,10,630.8000000000002,10,576.2200000000007,move,improve
2629,10,623.4000000000003,10,576.2200000000007,swap,improve
2630,10,627.5600000000002,10,576.2200000000007,swap,acceptBad
2631,10,630.9000000000004,10,576.2200000000007,swap,acceptBad
2632,10,630.9000000000004,10,576.2200000000007,2opt,notBad
2633,10,622.8800000000005,10,576.2200000000007,move,improve
2634,10,620.3800000000006,10,576.2200000000007,swap,improve
2635,10,620.3800000000006,10,576.2200000000007,swap,notBad
2636,10,619.8000000000005,10,576.2200000000007,swap,improve
2637,10,619.8000000000005,10,576.2200000000007,2opt,notBad
2638,10,619.8000000000005,10,576.2200000000007,2opt,notBad
2639,10,619.8000000000005,10,576.2200000000007,swap,notBad
2640,10,619.8000000000005,10,576.2200000000007,2opt,notBad
2641,10,619.6600000000005,10,576.2200000000007,move,improve
2642,10,622.7800000000004,10,576.2200000000007,swap,acceptBad
2643,10,616.1600000000005,10,576.2200000000007,move,improve
2644,10,616.1600000000005,10,576.2200000000007,2opt,notBad
2645,10,612.3000000000005,10,576.2200000000007,swap,improve
2646,10,612.3000000000005,10,576.2200000000007,move,improve
2647,10,612.3000000000005,10,576.2200000000007,swap,notBad
2648,10,624.4000000000005,10,576.2200000000007,swap,acceptBad
2649,10,624.4000000000005,10,576.2200000000007,move,improve
2650,10,617.4600000000005,10,576.2200000000007,move,improve
2651,10,617.4600000000005,10,576.2200000000007,move,improve
2652,10,617.4600000000005,10,576.2200000000007,move,improve
2653,10,617.4600000000005,10,576.2200000000007,2opt,notBad
2654,10,617.4600000000005,10,576.2200000000007,2opt,improve
2655,10,617.4600000000005,10,576.2200000000007,2opt,notBad
2656,10,617.4600000000005,10,576.2200000000007,swap,notBad
2657,10,617.4600000000005,10,576.2200000000007,swap,notBad
2658,10,617.4600000000005,10,576.2200000000007,move,improve
2659,10,617.4600000000005,10,576.2200000000007,2opt,notBad
2660,10,615.9000000000005,10,576.2200000000007,move,improve
2661,10,615.9000000000005,10,576.2200000000007,2opt,notBad
2662,10,615.9000000000005,10,576.2200000000007,move,improve
2663,10,615.9000000000005,10,576.2200000000007,2opt,improve
2664,10,615.9000000000005,10,576.2200000000007,2opt,notBad
2665,10,615.9000000000005,10,576.2200000000007,move,improve
2666,10,615.9000000000005,10,576.2200000000007,2opt,notBad
2667,10,615.9000000000005,10,576.2200000000007,2opt,notBad
2668,10,615.9000000000005,10,576.2200000000007,swap,notBad
2669,10,615.9400000000005,10,576.2200000000007,swap,acceptBad
2670,10,619.0600000000005,10,576.2200000000007,swap,acceptBad
2671,10,619.0600000000005,10,576.2200000000007,swap,notBad
2672,10,619.0600000000005,10,576.2200000000007,move,improve
2673,10,614.5400000000005,10,576.2200000000007,2opt,improve
2674,10,614.5400000000005,10,576.2200000000007,2opt,notBad
2675,10,614.5400000000005,10,576.2200000000007,move,improve
2676,10,614.7000000000005,10,576.2200000000007,2opt,acceptBad
2677,10,614.7000000000005,10,576.2200000000007,2opt,notBad
2678,10,614.7000000000005,10,576.2200000000007,2opt,notBad
2679,10,614.7000000000005,10,576.2200000000007,move,improve
2680,10,614.7000000000005,10,576.2200000000007,2opt,notBad
2681,10,614.7000000000005,10,576.2200000000007,move,improve
2682,10,614.7000000000005,10,576.2200000000007,2opt,notBad
2683,10,627.5000000000006,10,576.2200000000007,2opt,acceptBad
2684,10,627.5000000000006,10,576.2200000000007,move,improve
2685,10,635.9400000000003,10,576.2200000000007,swap,acceptBad
2686,10,635.9400000000003,10,576.2200000000007,swap,notBad
2687,10,631.3000000000004,10,576.2200000000007,move,improve
2688,10,631.3000000000004,10,576.2200000000007,move,improve
2689,10,637.2400000000005,10,576.2200000000007,swap,acceptBad
2690,10,637.2400000000005,10,576.2200000000007,move,improve
2691,10,637.2400000000005,10,576.2200000000007,move,improve
2692,10,637.2400000000005,10,576.2200000000007,2opt,notBad
2693,10,629.1600000000003,10,576.2200000000007,swap,improve
2694,10,632.2600000000002,10,576.2200000000007,swap,acceptBad
2695,10,632.2600000000002,10,576.2200000000007,2opt,notBad
2696,10,632.2600000000002,10,576.2200000000007,2opt,notBad
2697,10,632.2600000000002,10,576.2200000000007,2opt,improve
2698,10,632.2600000000002,10,576.2200000000007,swap,notBad
2699,10,632.2600000000002,10,576.2200000000007,2opt,improve
2700,10,632.2600000000002,10,576.2200000000007,2opt,improve
2701,10,634.5200000000002,10,576.2200000000007,2opt,acceptBad
2702,10,634.5200000000002,10,576.2200000000007,2opt,notBad
2703,10,634.5200000000002,10,576.2200000000007,2opt,notBad
2704,10,634.5200000000002,10,576.2200000000007,2opt,notBad
2705,10,625.9600000000002,10,576.2200000000007,move,improve
2706,10,625.9600000000002,10,576.2200000000007,swap,notBad
2707,10,625.9600000000002,10,576.2200000000007,move,improve
2708,10,668.5599999999997,10,576.2200000000007,swap,acceptBad
2709,10,668.5599999999997,10,576.2200000000007,move,improve
2710,10,668.5599999999997,10,576.2200000000007,move,improve
2711,10,664.0199999999998,10,576.2200000000007,move,improve
2712,10,664.0199999999998,10,576.2200000000007,move,improve
2713,10,669.9799999999998,10,576.2200000000007,2opt,acceptBad
2714,10,669.9799999999998,10,576.2200000000007,swap,notBad
2715,10,669.9799999999998,10,576.2200000000007,move,improve
2716,10,665.2399999999997,10,576.2200000000007,swap,improve
2717,10,663.9999999999998,10,576.2200000000007,move,improve
2718,10,663.9999999999998,10,576.2200000000007,swap,notBad
2719,10,664.7399999999998,10,576.2200000000007,swap,acceptBad
2720,10,664.7399999999998,10,576.2200000000007,2opt,notBad
2721,10,664.7399999999998,10,576.2200000000007,2opt,notBad
2722,10,664.7399999999998,10,576.2200000000007,2opt,notBad
2723,10,655.5599999999997,10,576.2200000000007,move,improve
2724,10,651.5399999999997,10,576.2200000000007,move,improve
2725,10,651.5399999999997,10,576.2200000000007,2opt,improve
2726,10,651.5399999999997,10,576.2200000000007,move,improve
2727,10,651.5399999999997,10,576.2200000000007,move,improve
2728,10,651.4199999999997,10,576.2200000000007,move,improve
2729,10,651.4199999999997,10,576.2200000000007,swap,notBad
2730,10,651.4199999999997,10,576.2200000000007,swap,notBad
2731,10,651.4199999999997,10,576.2200000000007,2opt,notBad
2732,10,651.4199999999997,10,576.2200000000007,move,improve
2733,10,651.4199999999997,10,576.2200000000007,2opt,notBad
2734,10,651.4199999999997,10,576.2200000000007,move,improve
2735,10,651.4199999999997,10,576.2200000000007,move,improve
2736,10,651.4199999999997,10,576.2200000000007,2opt,notBad
2737,10,651.4199999999997,10,576.2200000000007,2opt,notBad
2738,10,684.6800000000003,10,576.2200000000007,swap,acceptBad
2739,10,684.4800000000002,10,576.2200000000007,move,improve
2740,10,678.5200000000002,10,576.2200000000007,move,improve
2741,10,678.5200000000002,10,576.2200000000007,swap,notBad
2742,10,680.4000000000003,10,576.2200000000007,2opt,acceptBad
2743,10,680.4000000000003,10,576.2200000000007,swap,notBad
2744,10,680.4000000000003,10,576.2200000000007,2opt,notBad
2745,10,680.4000000000003,10,576.2200000000007,2opt,notBad
2746,10,680.4000000000003,10,576.2200000000007,swap,notBad
2747,10,680.4000000000003,10,576.2200000000007,move,improve
2748,10,680.4000000000003,10,576.2200000000007,2opt,notBad
2749,10,667.9200000000003,10,576.2200000000007,move,improve
2750,10,667.9200000000003,10,576.2200000000007,2opt,notBad
2751,10,885.98,10,576.2200000000007,move,acceptBad
2752,10,885.98,10,576.2200000000007,move,improve
2753,10,885.98,10,576.2200000000007,2opt,notBad
2754,10,885.98,10,576.2200000000007,2opt,notBad
2755,10,885.98,10,576.2200000000007,2opt,improve
2756,10,904.5999999999999,10,576.2200000000007,2opt,acceptBad
2757,10,904.5999999999999,10,576.2200000000007,2opt,notBad
2758,10,904.5999999999999,10,576.2200000000007,move,improve
2759,10,904.5999999999999,10,576.2200000000007,2opt,notBad
2760,10,904.5999999999999,10,576.2200000000007,move,improve
2761,10,908.8,10,576.2200000000007,2opt,acceptBad
2762,10,908.8,10,576.2200000000007,2opt,notBad
2763,10,907.48,10,576.2200000000007,2opt,improve
2764,10,907.48,10,576.2200000000007,move,improve
2765,10,907.48,10,576.2200000000007,move,improve
2766,10,689.4200000000001,10,576.2200000000007,move,improve
2767,10,689.4200000000001,10,576.2200000000007,swap,notBad
2768,10,689.4200000000001,10,576.2200000000007,move,improve
2769,10,698.3600000000001,10,576.2200000000007,swap,acceptBad
2770,10,698.3600000000001,10,576.2200000000007,2opt,notBad
2771,10,696.0999999999998,10,576.2200000000007,move,improve
2772,10,693.1799999999998,10,576.2200000000007,move,improve
2773,10,693.1599999999999,10,576.2200000000007,move,improve
2774,10,693.1599999999999,10,576.2200000000007,move,improve
2775,10,708.5799999999997,10,576.2200000000007,2opt,acceptBad
2776,10,706.5999999999988,10,576.2200000000007,swap,improve
2777,10,708.5799999999997,10,576.2200000000007,swap,acceptBad
2778,10,708.5799999999997,10,576.2200000000007,2opt,notBad
2779,10,592.0200000000006,10,576.2200000000007,2opt,improve
2780,10,591.5200000000007,10,576.2200000000007,2opt,improve
2781,10,591.7800000000005,10,576.2200000000007,2opt,acceptBad
2782,10,591.7800000000005,10,576.2200000000007,move,improve
2783,10,591.7800000000005,10,576.2200000000007,move,improve
2784,10,586.7600000000006,10,576.2200000000007,2opt,improve
2785,10,586.7600000000006,10,576.2200000000007,2opt,notBad
2786,10,586.7600000000006,10,576.2200000000007,move,notBad
2787,10,586.4400000000005,10,576.2200000000007,swap,improve
2788,10,586.4400000000005,10,576.2200000000007,swap,notBad
2789,10,584.9400000000005,10,576.2200000000007,move,improve
2790,10,584.9400000000005,10,576.2200000000007,move,improve
2791,10,587.1000000000006,10,576.2200000000007,swap,acceptBad
2792,10,626.0999999999992,10,576.2200000000007,swap,acceptBad
2793,10,626.0999999999992,10,576.2200000000007,move,improve
2794,10,626.0999999999992,10,576.2200000000007,2opt,notBad
2795,10,626.0999999999992,10,576.2200000000007,2opt,notBad
2796,10,626.0999999999992,10,576.2200000000007,swap,notBad
2797,10,626.0999999999992,10,576.2200000000007,move,improve
2798,10,621.3999999999994,10,576.2200000000007,swap,improve
2799,10,621.3999999999994,10,576.2200000000007,move,improve
2800,10,621.3999999999994,10,576.2200000000007,move,improve
2801,10,621.3999999999994,10,576.2200000000007,2opt,notBad
2802,10,621.3999999999994,10,576.2200000000007,2opt,notBad
2803,10,621.3999999999994,10,576.2200000000007,2opt,notBad
2804,10,621.3199999999995,10,576.2200000000007,2opt,improve
2805,10,622.1199999999994,10,576.2200000000007,swap,acceptBad
2806,10,613.4799999999999,10,576.2200000000007,move,improve
2807,10,613.28,10,576.2200000000007,swap,improve
2808,10,613.52,10,576.2200000000007,2opt,acceptBad
2809,10,613.52,10,576.2200000000007,2opt,improve
2810,10,613.52,10,576.2200000000007,2opt,notBad
2811,10,611.6999999999998,10,576.2200000000007,move,improve
2812,10,611.6999999999998,10,576.2200000000007,swap,notBad
2813,10,612.9799999999998,10,576.2200000000007,2opt,acceptBad
2814,10,612.9799999999998,10,576.2200000000007,swap,notBad
2815,10,611.9999999999998,10,576.2200000000007,move,improve
2816,10,611.9999999999998,10,576.2200000000007,move,improve
2817,10,611.9999999999998,10,576.2200000000007,move,improve
2818,10,621.3000000000004,10,576.2200000000007,swap,acceptBad
2819,10,614.7000000000005,10,576.2200000000007,swap,improve
2820,10,614.7000000000005,10,576.2200000000007,swap,notBad
2821,10,614.7000000000005,10,576.2200000000007,2opt,notBad
2822,10,614.7000000000005,10,576.2200000000007,2opt,notBad
2823,10,650.8000000000004,10,576.2200000000007,swap,acceptBad
2824,10,650.8000000000004,10,576.2200000000007,2opt,notBad
2825,10,654.9600000000004,10,576.2200000000007,swap,acceptBad
2826,10,670.9000000000003,10,576.2200000000007,swap,acceptBad
2827,10,670.9000000000003,10,576.2200000000007,swap,notBad
2828,10,669.8599999999999,10,576.2200000000007,swap,improve
2829,10,669.8599999999999,10,576.2200000000007,move,improve
2830,10,669.8599999999999,10,576.2200000000007,2opt,notBad
2831,10,669.8599999999999,10,576.2200000000007,move,improve
2832,10,669.8599999999999,10,576.2200000000007,2opt,notBad
2833,10,669.3199999999999,10,576.2200000000007,2opt,improve
2834,10,669.3199999999999,10,576.2200000000007,2opt,notBad
2835,10,665.1199999999999,10,576.2200000000007,move,improve
2836,10,665.1199999999999,10,576.2200000000007,move,improve
2837,10,665.1199999999999,10,576.2200000000007,move,improve
2838,10,631.7400000000001,10,576.2200000000007,2opt,improve
2839,10,631.7400000000001,10,576.2200000000007,2opt,notBad
2840,10,631.7400000000001,10,576.2200000000007,2opt,notBad
2841,10,637.2,10,576.2200000000007,swap,acceptBad
2842,10,637.2,10,576.2200000000007,2opt,notBad
2843,10,622.26,10,576.2200000000007,move,improve
2844,10,624.8000000000001,10,576.2200000000007,swap,acceptBad
2845,10,624.8000000000001,10,576.2200000000007,2opt,notBad
2846,10,630.72,10,576.2200000000007,2opt,acceptBad
2847,10,550.5400000000006,10,550.5400000000006,move,newBest
2848,10,550.5400000000006,10,550.5400000000006,move,improve
2849,10,550.5400000000006,10,550.5400000000006,move,improve
2850,10,550.5400000000006,10,550.5400000000006,swap,notBad
2851,10,554.5200000000007,10,550.5400000000006,swap,acceptBad
2852,10,554.5200000000007,10,550.5400000000006,2opt,notBad
2853,10,566.360000000001,10,550.5400000000006,swap,acceptBad
2854,10,558.8400000000009,10,550.5400000000006,swap,improve
2855,10,558.8400000000009,10,550.5400000000006,move,improve
2856,10,558.8400000000009,10,550.5400000000006,2opt,notBad
2857,10,555.5600000000011,10,550.5400000000006,move,improve
2858,10,555.5600000000011,10,550.5400000000006,swap,notBad
2859,10,555.8200000000008,10,550.5400000000006,2opt,acceptBad
2860,10,555.8200000000008,10,550.5400000000006,swap,notBad
2861,10,555.2800000000009,10,550.5400000000006,swap,improve
2862,10,555.2800000000009,10,550.5400000000006,move,improve
2863,10,555.2800000000009,10,550.5400000000006,swap,notBad
2864,10,555.2800000000009,10,550.5400000000006,2opt,notBad
2865,10,555.2800000000009,10,550.5400000000006,2opt,notBad
2866,10,545.7400000000009,10,545.7400000000009,swap,newBest
2867,10,535.2200000000009,10,535.2200000000009,swap,newBest
2868,10,534.4400000000009,10,534.4400000000009,move,newBest
2869,10,534.4400000000009,10,534.4400000000009,swap,notBad
2870,10,534.4400000000009,10,534.4400000000009,move,improve
2871,10,534.4400000000009,10,534.4400000000009,move,improve
2872,10,534.4400000000009,10,534.4400000000009,move,improve
2873,10,534.4400000000009,10,534.4400000000009,2opt,notBad
2874,10,534.4400000000009,10,534.4400000000009,move,improve
2875,10,534.4400000000009,10,534.4400000000009,swap,notBad
2876,10,531.7800000000009,10,531.7800000000009,move,newBest
2877,10,531.7800000000009,10,531.7800000000009,2opt,notBad
2878,10,548.6800000000009,10,531.7800000000009,swap,acceptBad
2879,10,548.5200000000009,10,531.7800000000009,move,improve
2880,10,545.0400000000009,10,531.7800000000009,move,improve
2881,10,545.0400000000009,10,531.7800000000009,2opt,notBad
2882,10,540.860000000001,10,531.7800000000009,2opt,improve
2883,10,535.800000000001,10,531.7800000000009,move,improve
2884,10,535.800000000001,10,531.7800000000009,move,improve
2885,10,535.800000000001,10,531.7800000000009,move,improve
2886,10,535.800000000001,10,531.7800000000009,2opt,notBad
2887,10,535.800000000001,10,531.7800000000009,swap,notBad
2888,10,535.800000000001,10,531.7800000000009,2opt,notBad
2889,10,535.800000000001,10,531.7800000000009,swap,notBad
2890,10,511.50000000000097,10,511.50000000000097,move,newBest
2891,10,509.200000000001,10,509.200000000001,swap,newBest
2892,10,509.200000000001,10,509.200000000001,2opt,notBad
2893,10,509.50000000000097,10,509.200000000001,swap,acceptBad
2894,10,509.62000000000086,10,509.200000000001,2opt,acceptBad
2895,10,517.4400000000009,10,509.200000000001,swap,acceptBad
2896,10,517.4400000000009,10,509.200000000001,move,improve
2897,10,515.8200000000008,10,509.200000000001,move,improve
2898,10,507.7200000000009,10,507.7200000000009,move,newBest
2899,10,507.7200000000009,10,507.7200000000009,swap,notBad
2900,10,507.7200000000009,10,507.7200000000009,move,improve
2901,10,507.7200000000009,10,507.7200000000009,move,improve
2902,10,507.7200000000009,10,507.7200000000009,swap,notBad
2903,10,507.7200000000009,10,507.7200000000009,2opt,notBad
2904,10,507.7200000000009,10,507.7200000000009,2opt,notBad
2905,10,507.7200000000009,10,507.7200000000009,2opt,notBad
2906,10,507.7200000000009,10,507.7200000000009,2opt,notBad
2907,10,507.72000000000094,10,507.7200000000009,2opt,acceptBad
2908,10,507.72000000000094,10,507.7200000000009,swap,notBad
2909,10,514.380000000001,10,507.7200000000009,swap,acceptBad
2910,10,522.880000000001,10,507.7200000000009,swap,acceptBad
2911,10,526.7600000000009,10,507.7200000000009,swap,acceptBad
2912,10,521.960000000001,10,507.7200000000009,move,improve
2913,10,521.960000000001,10,507.7200000000009,move,improve
2914,10,521.660000000001,10,507.7200000000009,move,improve
2915,10,521.660000000001,10,507.7200000000009,swap,notBad
2916,10,521.660000000001,10,507.7200000000009,2opt,notBad
2917,10,527.3600000000009,10,507.7200000000009,2opt,acceptBad
2918,10,527.3600000000009,10,507.7200000000009,move,improve
2919,10,521.5600000000009,10,507.7200000000009,move,improve
2920,10,518.6200000000009,10,507.7200000000009,move,improve
2921,10,518.6200000000009,10,507.7200000000009,2opt,notBad
2922,10,518.6200000000009,10,507.7200000000009,move,improve
2923,10,518.6200000000009,10,507.7200000000009,move,improve
2924,10,518.6200000000009,10,507.7200000000009,move,improve
2925,10,528.320000000001,10,507.7200000000009,swap,acceptBad
2926,10,539.180000000001,10,507.7200000000009,swap,acceptBad
2927,10,542.820000000001,10,507.7200000000009,swap,acceptBad
2928,10,542.820000000001,10,507.7200000000009,swap,notBad
2929,10,542.800000000001,10,507.7200000000009,2opt,improve
2930,10,542.800000000001,10,507.7200000000009,2opt,notBad
2931,10,542.800000000001,10,507.7200000000009,swap,notBad
2932,10,542.800000000001,10,507.7200000000009,2opt,notBad
2933,10,542.800000000001,10,507.7200000000009,2opt,notBad
2934,10,536.5600000000009,10,507.7200000000009,swap,improve
2935,10,536.5600000000009,10,507.7200000000009,2opt,notBad
2936,10,536.5600000000009,10,507.7200000000009,2opt,notBad
2937,10,553.4800000000009,10,507.7200000000009,swap,acceptBad
2938,10,553.4800000000009,10,507.7200000000009,move,improve
2939,10,553.4800000000009,10,507.7200000000009,2opt,improve
2940,10,559.720000000001,10,507.7200000000009,swap,acceptBad
2941,10,553.380000000001,10,507.7200000000009,move,improve
2942,10,542.100000000001,10,507.7200000000009,move,improve
2943,10,539.800000000001,10,507.7200000000009,swap,improve
2944,10,539.640000000001,10,507.7200000000009,move,improve
2945,10,539.640000000001,10,507.7200000000009,swap,notBad
2946,10,539.640000000001,10,507.7200000000009,swap,notBad
2947,10,539.640000000001,10,507.7200000000009,swap,notBad
2948,10,539.640000000001,10,507.7200000000009,2opt,improve
2949,10,539.640000000001,10,507.7200000000009,swap,notBad
2950,10,540.040000000001,10,507.7200000000009,swap,acceptBad
2951,10,539.500000000001,10,507.7200000000009,move,improve
2952,10,539.500000000001,10,507.7200000000009,2opt,notBad
2953,10,539.500000000001,10,507.7200000000009,move,improve
2954,10,539.500000000001,10,507.7200000000009,2opt,notBad
2955,10,539.500000000001,10,507.7200000000009,2opt,notBad
2956,10,538.040000000001,10,507.7200000000009,swap,improve
2957,10,538.040000000001,10,507.7200000000009,2opt,notBad
2958,10,538.040000000001,10,507.7200000000009,move,improve
2959,10,538.040000000001,10,507.7200000000009,2opt,notBad
2960,10,538.040000000001,10,507.7200000000009,2opt,notBad
2961,10,538.040000000001,10,507.7200000000009,2opt,notBad
2962,10,538.040000000001,10,507.7200000000009,swap,notBad
2963,10,538.040000000001,10,507.7200000000009,swap,notBad
2964,10,538.040000000001,10,507.7200000000009,move,improve
2965,10,538.040000000001,10,507.7200000000009,move,improve
2966,10,538.040000000001,10,507.7200000000009,move,improve
2967,10,536.480000000001,10,507.7200000000009,swap,improve
2968,10,536.780000000001,10,507.7200000000009,swap,acceptBad
2969,10,587.1200000000008,10,507.7200000000009,swap,acceptBad
2970,10,587.1200000000008,10,507.7200000000009,move,improve
2971,10,587.1200000000008,10,507.7200000000009,swap,notBad
2972,10,582.4200000000003,10,507.7200000000009,swap,improve
2973,10,582.4200000000003,10,507.7200000000009,swap,notBad
2974,10,582.4200000000003,10,507.7200000000009,2opt,notBad
2975,10,575.5200000000004,10,507.7200000000009,move,improve
2976,10,581.8000000000004,10,507.7200000000009,swap,acceptBad
2977,10,581.8000000000004,10,507.7200000000009,swap,notBad
2978,10,584.2600000000002,10,507.7200000000009,2opt,acceptBad
2979,10,583.9400000000002,10,507.7200000000009,2opt,improve
2980,10,583.9400000000002,10,507.7200000000009,2opt,notBad
2981,10,583.9400000000002,10,507.7200000000009,move,improve
2982,10,583.9400000000002,10,507.7200000000009,swap,notBad
2983,10,550.8399999999998,10,507.7200000000009,move,improve
2984,10,550.8399999999998,10,507.7200000000009,2opt,notBad
2985,10,550.5399999999998,10,507.7200000000009,move,improve
2986,10,550.5399999999998,10,507.7200000000009,move,improve
2987,10,550.5399999999998,10,507.7200000000009,move,improve
2988,10,546.3799999999999,10,507.7200000000009,2opt,improve
2989,10,539.7399999999999,10,507.7200000000009,move,improve
2990,10,539.7399999999999,10,507.7200000000009,swap,notBad
2991,10,552.6199999999999,10,507.7200000000009,swap,acceptBad
2992,10,552.4999999999999,10,507.7200000000009,move,improve
2993,10,544.5199999999999,10,507.7200000000009,swap,improve
2994,10,532.0000000000002,10,507.7200000000009,swap,improve
2995,10,532.0000000000002,10,507.7200000000009,2opt,notBad
2996,10,532.0000000000002,10,507.7200000000009,2opt,notBad
2997,10,532.0400000000002,10,507.7200000000009,2opt,acceptBad
2998,10,532.0400000000002,10,507.7200000000009,swap,notBad
2999,10,532.0400000000002,10,507.7200000000009,swap,notBad
3000,10,531.3000000000002,10,507.7200000000009,move,improve
3001,10,531.8200000000003,10,507.7200000000009,swap,acceptBad
3002,10,531.8200000000003,10,507.7200000000009,swap,notBad
3003,10,531.8200000000003,10,507.7200000000009,2opt,notBad
3004,10,525.3200000000002,10,507.7200000000009,move,improve
3005,10,526.3400000000001,10,507.7200000000009,swap,acceptBad
3006,10,520.5000000000002,10,507.7200000000009,move,improve
3007,10,520.5000000000002,10,507.7200000000009,2opt,notBad
3008,10,520.5000000000002,10,507.7200000000009,2opt,notBad
3009,10,520.5000000000002,10,507.7200000000009,swap,notBad
3010,10,520.5000000000002,10,507.7200000000009,move,notBad
3011,10,542.2600000000008,10,507.7200000000009,swap,acceptBad
3012,10,542.2600000000008,10,507.7200000000009,move,improve
3013,10,542.2600000000008,10,507.7200000000009,2opt,improve
3014,10,542.2600000000008,10,507.7200000000009,swap,notBad
3015,10,542.2600000000008,10,507.7200000000009,move,improve
3016,10,542.2600000000008,10,507.7200000000009,swap,notBad
3017,10,542.2600000000008,10,507.7200000000009,swap,notBad
3018,10,531.5400000000009,10,507.7200000000009,move,improve
3019,10,525.8600000000005,10,507.7200000000009,move,improve
3020,10,513.6400000000006,10,507.7200000000009,2opt,improve
3021,10,513.6400000000006,10,507.7200000000009,move,improve
3022,10,520.4200000000005,10,507.7200000000009,swap,acceptBad
3023,10,527.5400000000004,10,507.7200000000009,swap,acceptBad
3024,10,527.5400000000004,10,507.7200000000009,move,improve
3025,10,527.5400000000004,10,507.7200000000009,2opt,notBad
3026,10,527.5400000000004,10,507.7200000000009,swap,notBad
3027,10,527.5400000000004,10,507.7200000000009,move,improve
3028,10,527.5400000000004,10,507.7200000000009,swap,notBad
3029,10,526.0600000000004,10,507.7200000000009,move,improve
3030,10,524.1400000000006,10,507.7200000000009,2opt,improve
3031,10,524.1400000000006,10,507.7200000000009,2opt,notBad
3032,10,524.1400000000006,10,507.7200000000009,swap,notBad
3033,10,524.1400000000006,10,507.7200000000009,2opt,notBad
3034,10,536.9200000000009,10,507.7200000000009,swap,acceptBad
3035,10,501.18000000000023,10,501.18000000000023,2opt,newBest
3036,10,501.18000000000023,10,501.18000000000023,move,notBad
3037,10,495.2400000000003,10,495.2400000000003,move,newBest
3038,10,495.2400000000003,10,495.2400000000003,swap,notBad
3039,10,495.16000000000025,10,495.16000000000025,move,newBest
3040,10,499.55999999999966,10,495.16000000000025,swap,acceptBad
3041,10,497.5199999999997,10,495.16000000000025,move,improve
3042,10,497.5199999999997,10,495.16000000000025,swap,notBad
3043,10,497.5199999999997,10,495.16000000000025,move,improve
3044,10,500.05999999999966,10,495.16000000000025,swap,acceptBad
3045,10,500.05999999999966,10,495.16000000000025,move,improve
3046,10,500.05999999999966,10,495.16000000000025,move,improve
3047,10,507.2799999999997,10,495.16000000000025,swap,acceptBad
3048,10,498.57999999999964,10,495.16000000000025,move,improve
3049,10,498.57999999999964,10,495.16000000000025,2opt,notBad
3050,10,498.57999999999964,10,495.16000000000025,2opt,notBad
3051,10,498.57999999999964,10,495.16000000000025,move,improve
3052,10,498.57999999999964,10,495.16000000000025,2opt,notBad
3053,10,498.57999999999964,10,495.16000000000025,2opt,notBad
3054,10,488.0399999999996,10,488.0399999999996,move,newBest
3055,10,488.0399999999996,10,488.0399999999996,2opt,notBad
3056,10,488.0399999999996,10,488.0399999999996,move,improve
3057,10,488.0399999999996,10,488.0399999999996,2opt,notBad
3058,10,488.0399999999996,10,488.0399999999996,2opt,notBad
3059,10,486.87999999999965,10,486.87999999999965,move,newBest
3060,10,479.11999999999966,10,479.11999999999966,move,newBest
3061,10,479.11999999999966,10,479.11999999999966,2opt,notBad
3062,10,479.11999999999966,10,479.11999999999966,move,improve
3063,10,479.11999999999966,10,479.11999999999966,2opt,notBad
3064,10,479.11999999999966,10,479.11999999999966,2opt,notBad
3065,10,503.27999999999867,10,479.11999999999966,swap,acceptBad
3066,10,510.4399999999993,10,479.11999999999966,swap,acceptBad
3067,10,518.8799999999993,10,479.11999999999966,swap,acceptBad
3068,10,518.8799999999993,10,479.11999999999966,swap,notBad
3069,10,518.8799999999993,10,479.11999999999966,move,improve
3070,10,518.8799999999993,10,479.11999999999966,2opt,notBad
3071,10,513.7799999999993,10,479.11999999999966,move,improve
3072,10,513.7799999999993,10,479.11999999999966,move,improve
3073,10,513.7799999999993,10,479.11999999999966,swap,notBad
3074,10,513.7799999999993,10,479.11999999999966,swap,notBad
3075,10,513.7799999999993,10,479.11999999999966,move,improve
3076,10,513.7799999999993,10,479.11999999999966,2opt,notBad
3077,10,513.7799999999993,10,479.11999999999966,move,improve
3078,10,512.2199999999993,10,479.11999999999966,swap,improve
3079,10,533.2999999999993,10,479.11999999999966,swap,acceptBad
3080,10,536.8799999999992,10,479.11999999999966,2opt,acceptBad
3081,10,530.7399999999993,10,479.11999999999966,move,improve
3082,10,530.7399999999993,10,479.11999999999966,2opt,notBad
3083,10,543.7999999999994,10,479.11999999999966,swap,acceptBad
3084,10,528.5200000000002,10,479.11999999999966,swap,improve
3085,10,528.5200000000002,10,479.11999999999966,2opt,notBad
3086,10,524.3600000000002,10,479.11999999999966,move,improve
3087,10,522.9800000000002,10,479.11999999999966,move,improve
3088,10,522.9800000000002,10,479.11999999999966,2opt,notBad
3089,10,522.9800000000002,10,479.11999999999966,swap,notBad
3090,10,522.9800000000002,10,479.11999999999966,move,improve
3091,10,522.9800000000002,10,479.11999999999966,2opt,notBad
3092,10,522.9800000000002,10,479.11999999999966,move,improve
3093,10,522.9800000000002,10,479.11999999999966,move,improve
3094,10,522.9800000000002,10,479.11999999999966,2opt,notBad
3095,10,522.9800000000002,10,479.11999999999966,2opt,notBad
3096,10,522.9800000000002,10,479.11999999999966,2opt,notBad
3097,10,522.9800000000002,10,479.11999999999966,2opt,improve
3098,10,522.9800000000002,10,479.11999999999966,2opt,improve
3099,10,522.9600000000003,10,479.11999999999966,2opt,improve
3100,10,522.9600000000003,10,479.11999999999966,move,improve
3101,10,519.2200000000004,10,479.11999999999966,swap,improve
3102,10,519.2200000000004,10,479.11999999999966,move,improve
3103,10,519.2200000000004,10,479.11999999999966,swap,notBad
3104,10,505.7600000000002,10,479.11999999999966,move,improve
3105,10,507.2000000000003,10,479.11999999999966,2opt,acceptBad
3106,10,507.2000000000003,10,479.11999999999966,2opt,notBad
3107,10,507.2000000000003,10,479.11999999999966,2opt,notBad
3108,10,507.2000000000003,10,479.11999999999966,swap,notBad
3109,10,551.6200000000015,10,479.11999999999966,swap,acceptBad
3110,10,550.1400000000015,10,479.11999999999966,move,improve
3111,10,550.1400000000015,10,479.11999999999966,move,improve
3112,10,550.9200000000014,10,479.11999999999966,2opt,acceptBad
3113,10,563.5200000000016,10,479.11999999999966,swap,acceptBad
3114,10,563.5200000000016,10,479.11999999999966,swap,notBad
3115,10,563.5200000000016,10,479.11999999999966,move,improve
3116,10,563.5200000000016,10,479.11999999999966,2opt,notBad
3117,10,563.5200000000016,10,479.11999999999966,2opt,notBad
3118,10,563.5200000000016,10,479.11999999999966,2opt,notBad
3119,10,572.7200000000016,10,479.11999999999966,2opt,acceptBad
3120,10,572.7200000000016,10,479.11999999999966,swap,notBad
3121,10,572.7200000000016,10,479.11999999999966,2opt,notBad
3122,10,565.0200000000007,10,479.11999999999966,move,improve
3123,10,565.0200000000007,10,479.11999999999966,swap,notBad
3124,10,560.4200000000005,10,479.11999999999966,swap,improve
3125,10,560.4200000000005,10,479.11999999999966,swap,notBad
3126,10,561.8600000000004,10,479.11999999999966,2opt,acceptBad
3127,10,477.38000000000113,10,477.38000000000113,swap,newBest
3128,10,477.24000000000103,10,477.24000000000103,2opt,newBest
3129,10,477.24000000000103,10,477.24000000000103,2opt,notBad
3130,10,477.24000000000103,10,477.24000000000103,2opt,notBad
3131,10,477.24000000000103,10,477.24000000000103,move,improve
3132,10,469.9200000000011,10,469.9200000000011,move,newBest
3133,10,469.9200000000011,10,469.9200000000011,swap,notBad
3134,10,469.9200000000011,10,469.9200000000011,move,improve
3135,10,470.6800000000012,10,469.9200000000011,2opt,acceptBad
3136,10,470.6800000000012,10,469.9200000000011,swap,notBad
3137,10,470.6800000000012,10,469.9200000000011,swap,notBad
3138,10,472.1400000000011,10,469.9200000000011,2opt,acceptBad
3139,10,476.6600000000011,10,469.9200000000011,2opt,acceptBad
3140,10,476.6600000000011,10,469.9200000000011,2opt,notBad
3141,10,473.98000000000104,10,469.9200000000011,move,improve
3142,10,472.58000000000106,10,469.9200000000011,move,improve
3143,10,469.5400000000011,10,469.5400000000011,move,newBest
3144,10,469.5400000000011,10,469.5400000000011,swap,notBad
3145,10,455.24000000000103,10,455.24000000000103,move,newBest
3146,10,453.48000000000104,10,453.48000000000104,2opt,newBest
3147,10,453.48000000000104,10,453.48000000000104,move,improve
3148,10,462.36000000000104,10,453.48000000000104,swap,acceptBad
3149,10,461.9400000000011,10,453.48000000000104,2opt,improve
3150,10,461.9400000000011,10,453.48000000000104,2opt,notBad
3151,10,461.9400000000011,10,453.48000000000104,swap,notBad
3152,10,461.9400000000011,10,453.48000000000104,move,improve
3153,10,463.4200000000011,10,453.48000000000104,2opt,acceptBad
3154,10,456.2800000000011,10,453.48000000000104,move,improve
3155,10,458.5800000000012,10,453.48000000000104,swap,acceptBad
3156,10,458.5800000000012,10,453.48000000000104,move,improve
3157,10,458.5800000000012,10,453.48000000000104,2opt,notBad
3158,10,457.3000000000012,10,453.48000000000104,2opt,improve
3159,10,457.3000000000012,10,453.48000000000104,2opt,notBad
3160,10,466.7600000000011,10,453.48000000000104,swap,acceptBad
3161,10,466.7600000000011,10,453.48000000000104,swap,notBad
3162,10,462.60000000000116,10,453.48000000000104,2opt,improve
3163,10,462.60000000000116,10,453.48000000000104,2opt,notBad
3164,10,462.60000000000116,10,453.48000000000104,swap,notBad
3165,10,462.60000000000116,10,453.48000000000104,swap,notBad
3166,10,462.60000000000116,10,453.48000000000104,move,improve
3167,10,450.72000000000116,10,450.72000000000116,move,newBest
3168,10,454.78000000000077,10,450.72000000000116,2opt,acceptBad
3169,10,454.6200000000007,10,450.72000000000116,2opt,improve
3170,10,454.6200000000007,10,450.72000000000116,2opt,notBad
3171,10,454.6200000000007,10,450.72000000000116,move,improve
3172,10,454.6200000000007,10,450.72000000000116,move,improve
3173,10,455.5000000000007,10,450.72000000000116,swap,acceptBad
3174,10,455.5000000000007,10,450.72000000000116,move,improve
3175,10,455.5000000000007,10,450.72000000000116,2opt,notBad
3176,10,455.5000000000007,10,450.72000000000116,2opt,notBad
3177,10,455.5000000000007,10,450.72000000000116,2opt,notBad
3178,10,455.5000000000007,10,450.72000000000116,2opt,notBad
3179,10,362.74000000000024,10,362.74000000000024,swap,newBest
3180,10,362.74000000000024,10,362.74000000000024,2opt,notBad
3181,10,356.9400000000002,10,356.9400000000002,swap,newBest
3182,10,351.6200000000003,10,351.6200000000003,move,newBest
3183,10,351.6200000000003,10,351.6200000000003,2opt,improve
3184,10,352.1600000000007,10,351.6200000000003,swap,acceptBad
3185,10,352.1600000000007,10,351.6200000000003,2opt,notBad
3186,10,352.1600000000007,10,351.6200000000003,2opt,notBad
3187,10,352.1600000000007,10,351.6200000000003,swap,notBad
3188,10,352.1600000000007,10,351.6200000000003,move,improve
3189,10,352.1600000000007,10,351.6200000000003,move,improve
3190,10,352.1600000000007,10,351.6200000000003,2opt,notBad
3191,10,363.92000000000064,10,351.6200000000003,swap,acceptBad
3192,10,364.7200000000007,10,351.6200000000003,2opt,acceptBad
3193,10,357.0200000000007,10,351.6200000000003,move,improve
3194,10,357.0200000000007,10,351.6200000000003,2opt,notBad
3195,10,358.08000000000067,10,351.6200000000003,2opt,acceptBad
3196,10,358.08000000000067,10,351.6200000000003,2opt,notBad
3197,10,353.3600000000007,10,351.6200000000003,move,improve
3198,10,353.3600000000007,10,351.6200000000003,swap,notBad
3199,10,353.2800000000007,10,351.6200000000003,move,improve
3200,10,352.7400000000007,10,351.6200000000003,move,improve
3201,10,346.0800000000007,10,346.0800000000007,move,newBest
3202,10,346.0800000000007,10,346.0800000000007,move,improve
3203,10,346.0800000000007,10,346.0800000000007,swap,notBad
3204,10,341.7600000000008,10,341.7600000000008,2opt,newBest
3205,10,341.7600000000008,10,341.7600000000008,swap,notBad
3206,10,347.8800000000008,10,341.7600000000008,swap,acceptBad
3207,10,363.4000000000007,10,341.7600000000008,2opt,acceptBad
3208,10,363.4000000000007,10,341.7600000000008,2opt,improve
3209,10,363.4000000000007,10,341.7600000000008,2opt,notBad
3210,10,363.4000000000007,10,341.7600000000008,2opt,notBad
3211,10,363.4000000000007,10,341.7600000000008,move,improve
3212,10,363.4000000000007,10,341.7600000000008,swap,notBad
3213,10,363.4600000000007,10,341.7600000000008,swap,acceptBad
3214,10,363.4600000000007,10,341.7600000000008,swap,notBad
3215,10,363.4600000000007,10,341.7600000000008,2opt,notBad
3216,10,363.4600000000007,10,341.7600000000008,move,improve
3217,10,363.4600000000007,10,341.7600000000008,swap,notBad
3218,10,363.4600000000007,10,341.7600000000008,2opt,notBad
3219,10,363.4600000000007,10,341.7600000000008,move,improve
3220,10,363.4600000000007,10,341.7600000000008,swap,notBad
3221,10,363.62000000000074,10,341.7600000000008,2opt,acceptBad
3222,10,362.18000000000075,10,341.7600000000008,2opt,improve
3223,10,362.18000000000075,10,341.7600000000008,swap,notBad
3224,10,362.18000000000075,10,341.7600000000008,swap,notBad
3225,10,362.18000000000075,10,341.7600000000008,move,improve
3226,10,362.18000000000075,10,341.7600000000008,move,improve
3227,10,362.18000000000075,10,341.7600000000008,swap,notBad
3228,10,361.9000000000007,10,341.7600000000008,move,improve
3229,10,361.9000000000007,10,341.7600000000008,move,improve
3230,10,361.9000000000007,10,341.7600000000008,2opt,notBad
3231,10,361.9000000000007,10,341.7600000000008,2opt,notBad
3232,10,361.9000000000007,10,341.7600000000008,swap,notBad
3233,10,359.94000000000085,10,341.7600000000008,2opt,improve
3234,10,359.94000000000085,10,341.7600000000008,move,improve
3235,10,359.94000000000085,10,341.7600000000008,move,improve
3236,10,359.94000000000085,10,341.7600000000008,2opt,notBad
3237,10,359.0000000000008,10,341.7600000000008,move,improve
3238,10,359.0000000000008,10,341.7600000000008,2opt,improve
3239,10,365.0600000000008,10,341.7600000000008,2opt,acceptBad
3240,10,365.0600000000008,10,341.7600000000008,2opt,notBad
3241,10,365.0600000000008,10,341.7600000000008,move,improve
3242,10,365.0600000000008,10,341.7600000000008,swap,notBad
3243,10,365.0600000000008,10,341.7600000000008,move,improve
3244,10,365.0600000000008,10,341.7600000000008,2opt,notBad
3245,10,365.0600000000008,10,341.7600000000008,move,improve
3246,10,354.1000000000008,10,341.7600000000008,move,improve
3247,10,354.1000000000008,10,341.7600000000008,2opt,notBad
3248,10,354.1000000000008,10,341.7600000000008,swap,notBad
3249,10,354.1000000000008,10,341.7600000000008,2opt,improve
3250,10,354.1000000000008,10,341.7600000000008,2opt,notBad
3251,10,354.04000000000076,10,341.7600000000008,move,improve
3252,10,367.44000000000074,10,341.7600000000008,swap,acceptBad
3253,10,367.44000000000074,10,341.7600000000008,2opt,notBad
3254,10,367.44000000000074,10,341.7600000000008,move,notBad
3255,10,367.44000000000074,10,341.7600000000008,move,improve
3256,10,367.44000000000074,10,341.7600000000008,move,improve
3257,10,367.44000000000074,10,341.7600000000008,move,improve
3258,10,367.44000000000074,10,341.7600000000008,2opt,notBad
3259,10,367.0800000000008,10,341.7600000000008,swap,improve
3260,10,361.9200000000007,10,341.7600000000008,move,improve
3261,10,361.9200000000007,10,341.7600000000008,swap,notBad
3262,10,361.9200000000007,10,341.7600000000008,move,improve
3263,10,361.9200000000007,10,341.7600000000008,swap,notBad
3264,10,361.9200000000007,10,341.7600000000008,move,improve
3265,10,361.50000000000074,10,341.7600000000008,move,improve
3266,10,363.12000000000074,10,341.7600000000008,swap,acceptBad
3267,10,362.86000000000075,10,341.7600000000008,swap,improve
3268,10,362.86000000000075,10,341.7600000000008,swap,notBad
3269,10,362.86000000000075,10,341.7600000000008,swap,notBad
3270,10,362.86000000000075,10,341.7600000000008,2opt,notBad
3271,10,361.12000000000074,10,341.7600000000008,move,improve
3272,10,361.12000000000074,10,341.7600000000008,2opt,improve
3273,10,357.16000000000076,10,341.7600000000008,move,improve
3274,10,357.16000000000076,10,341.7600000000008,2opt,notBad
3275,10,364.22000000000077,10,341.7600000000008,2opt,acceptBad
3276,10,364.22000000000077,10,341.7600000000008,swap,notBad
3277,10,377.3600000000007,10,341.7600000000008,swap,acceptBad
3278,10,377.3600000000007,10,341.7600000000008,2opt,notBad
3279,10,374.24000000000075,10,341.7600000000008,move,improve
3280,10,374.3200000000008,10,341.7600000000008,2opt,acceptBad
3281,10,374.3200000000008,10,341.7600000000008,2opt,notBad
3282,10,392.4400000000005,10,341.7600000000008,swap,acceptBad
3283,10,392.4400000000005,10,341.7600000000008,2opt,notBad
3284,10,392.1800000000004,10,341.7600000000008,swap,improve
3285,10,380.42000000000075,10,341.7600000000008,move,improve
3286,10,390.2800000000008,10,341.7600000000008,2opt,acceptBad
3287,10,390.2800000000008,10,341.7600000000008,2opt,improve
3288,10,390.2800000000008,10,341.7600000000008,2opt,notBad
3289,10,390.2800000000008,10,341.7600000000008,move,improve
3290,10,389.8800000000008,10,341.7600000000008,move,improve
3291,10,389.8800000000008,10,341.7600000000008,2opt,notBad
3292,10,389.8800000000008,10,341.7600000000008,swap,notBad
3293,10,389.88000000000073,10,341.7600000000008,move,improve
3294,10,389.88000000000073,10,341.7600000000008,swap,notBad
3295,10,389.8600000000008,10,341.7600000000008,move,improve
3296,10,389.8600000000008,10,341.7600000000008,swap,notBad
3297,10,389.8600000000008,10,341.7600000000008,2opt,notBad
3298,10,389.8600000000008,10,341.7600000000008,swap,notBad
3299,10,389.8600000000008,10,341.7600000000008,2opt,notBad
3300,10,389.7000000000008,10,341.7600000000008,2opt,improve
3301,10,389.7000000000008,10,341.7600000000008,move,improve
3302,10,384.1400000000008,10,341.7600000000008,2opt,improve
3303,10,384.1400000000008,10,341.7600000000008,2opt,improve
3304,10,384.1400000000008,10,341.7600000000008,2opt,notBad
3305,10,382.3800000000008,10,341.7600000000008,move,improve
3306,10,384.38000000000085,10,341.7600000000008,swap,acceptBad
3307,10,384.38000000000085,10,341.7600000000008,2opt,notBad
3308,10,384.38000000000085,10,341.7600000000008,swap,notBad
3309,10,385.3400000000008,10,341.7600000000008,swap,acceptBad
3310,10,385.32000000000085,10,341.7600000000008,swap,improve
3311,10,385.32000000000085,10,341.7600000000008,2opt,notBad
3312,10,385.32000000000085,10,341.7600000000008,swap,notBad
3313,10,385.32000000000085,10,341.7600000000008,2opt,notBad
3314,10,385.32000000000085,10,341.7600000000008,2opt,notBad
3315,10,385.30000000000086,10,341.7600000000008,move,improve
3316,10,385.30000000000086,10,341.7600000000008,2opt,notBad
3317,10,385.30000000000086,10,341.7600000000008,move,improve
3318,10,384.64000000000084,10,341.7600000000008,move,improve
3319,10,384.1800000000008,10,341.7600000000008,swap,improve
3320,10,384.9600000000008,10,341.7600000000008,swap,acceptBad
3321,10,395.140000000001,10,341.7600000000008,swap,acceptBad
3322,10,395.140000000001,10,341.7600000000008,2opt,notBad
3323,10,395.140000000001,10,341.7600000000008,2opt,notBad
3324,10,395.140000000001,10,341.7600000000008,move,improve
3325,10,395.140000000001,10,341.7600000000008,2opt,notBad
3326,10,395.140000000001,10,341.7600000000008,2opt,notBad
3327,10,395.140000000001,10,341.7600000000008,2opt,notBad
3328,10,395.140000000001,10,341.7600000000008,swap,notBad
3329,10,389.18000000000086,10,341.7600000000008,2opt,improve
3330,10,389.18000000000086,10,341.7600000000008,2opt,notBad
3331,10,389.18000000000086,10,341.7600000000008,move,improve
3332,10,389.18000000000086,10,341.7600000000008,2opt,notBad
3333,10,389.18000000000086,10,341.7600000000008,swap,notBad
3334,10,387.2600000000009,10,341.7600000000008,swap,improve
3335,10,387.2600000000009,10,341.7600000000008,2opt,notBad
3336,10,387.2600000000009,10,341.7600000000008,move,improve
3337,10,387.2600000000009,10,341.7600000000008,move,improve
3338,10,386.94000000000096,10,341.7600000000008,move,improve
3339,10,386.94000000000096,10,341.7600000000008,swap,notBad
3340,10,387.4200000000009,10,341.7600000000008,swap,acceptBad
3341,10,387.4200000000009,10,341.7600000000008,move,improve
3342,10,392.220000000001,10,341.7600000000008,swap,acceptBad
3343,10,420.9599999999999,10,341.7600000000008,swap,acceptBad
3344,10,420.9599999999999,10,341.7600000000008,2opt,notBad
3345,10,420.9599999999999,10,341.7600000000008,move,improve
3346,10,420.9599999999999,10,341.7600000000008,swap,notBad
3347,10,420.9599999999999,10,341.7600000000008,2opt,notBad
3348,10,429.7599999999999,10,341.7600000000008,swap,acceptBad
3349,10,420.2399999999999,10,341.7600000000008,move,improve
3350,10,405.6600000000008,10,341.7600000000008,move,improve
3351,10,397.78000000000145,10,341.7600000000008,swap,improve
3352,10,407.6200000000016,10,341.7600000000008,swap,acceptBad
3353,10,404.40000000000157,10,341.7600000000008,swap,improve
3354,10,404.40000000000157,10,341.7600000000008,swap,notBad
3355,10,404.40000000000157,10,341.7600000000008,2opt,notBad
3356,10,404.40000000000157,10,341.7600000000008,move,improve
3357,10,404.40000000000157,10,341.7600000000008,move,improve
3358,10,399.16000000000156,10,341.7600000000008,move,improve
3359,10,399.16000000000156,10,341.7600000000008,swap,notBad
3360,10,399.16000000000156,10,341.7600000000008,move,improve
3361,10,395.6200000000016,10,341.7600000000008,2opt,improve
3362,10,391.80000000000143,10,341.7600000000008,2opt,improve
3363,10,391.80000000000143,10,341.7600000000008,move,improve
3364,10,382.2200000000015,10,341.7600000000008,move,improve
3365,10,382.2200000000015,10,341.7600000000008,move,improve
3366,10,382.2200000000015,10,341.7600000000008,swap,notBad
3367,10,382.2200000000015,10,341.7600000000008,move,improve
3368,10,382.2200000000015,10,341.7600000000008,move,improve
3369,10,382.2200000000015,10,341.7600000000008,swap,notBad
3370,10,386.44000000000153,10,341.7600000000008,2opt,acceptBad
3371,10,386.44000000000153,10,341.7600000000008,swap,notBad
3372,10,381.94000000000153,10,341.7600000000008,move,improve
3373,10,371.4600000000015,10,341.7600000000008,move,improve
3374,10,371.4600000000015,10,341.7600000000008,move,improve
3375,10,371.4600000000015,10,341.7600000000008,2opt,notBad
3376,10,399.3400000000014,10,341.7600000000008,swap,acceptBad
3377,10,399.3400000000014,10,341.7600000000008,swap,notBad
3378,10,399.3400000000014,10,341.7600000000008,move,improve
3379,10,398.6600000000014,10,341.7600000000008,move,improve
3380,10,398.5400000000013,10,341.7600000000008,swap,improve
3381,10,398.5400000000013,10,341.7600000000008,move,improve
3382,10,392.6000000000014,10,341.7600000000008,move,improve
3383,10,392.6000000000014,10,341.7600000000008,swap,notBad
3384,10,392.50000000000136,10,341.7600000000008,move,improve
3385,10,392.28000000000134,10,341.7600000000008,2opt,improve
3386,10,392.28000000000134,10,341.7600000000008,swap,notBad
3387,10,386.08000000000135,10,341.7600000000008,swap,improve
3388,10,386.08000000000135,10,341.7600000000008,swap,notBad
3389,10,386.08000000000135,10,341.7600000000008,swap,notBad
3390,10,386.08000000000135,10,341.7600000000008,move,improve
3391,10,386.08000000000135,10,341.7600000000008,swap,notBad
3392,10,386.08000000000135,10,341.7600000000008,move,improve
3393,10,386.08000000000135,10,341.7600000000008,swap,notBad
3394,10,386.08000000000135,10,341.7600000000008,move,improve
3395,10,386.08000000000135,10,341.7600000000008,2opt,improve
3396,10,392.50000000000136,10,341.7600000000008,2opt,acceptBad
3397,10,392.50000000000136,10,341.7600000000008,2opt,notBad
3398,10,392.50000000000136,10,341.7600000000008,2opt,notBad
3399,10,395.10000000000133,10,341.7600000000008,2opt,acceptBad
3400,10,395.10000000000133,10,341.7600000000008,2opt,notBad
3401,10,395.0600000000013,10,341.7600000000008,move,improve
3402,10,395.0600000000013,10,341.7600000000008,2opt,notBad
3403,10,395.0600000000013,10,341.7600000000008,2opt,notBad
3404,10,395.0600000000013,10,341.7600000000008,2opt,notBad
3405,10,395.0600000000013,10,341.7600000000008,move,improve
3406,10,395.0600000000013,10,341.7600000000008,move,improve
3407,10,396.4200000000014,10,341.7600000000008,2opt,acceptBad
3408,10,395.9200000000014,10,341.7600000000008,move,improve
3409,10,395.9200000000014,10,341.7600000000008,move,improve
3410,10,395.9200000000014,10,341.7600000000008,move,improve
3411,10,397.58000000000135,10,341.7600000000008,2opt,acceptBad
3412,10,402.8800000000014,10,341.7600000000008,swap,acceptBad
3413,10,402.8800000000014,10,341.7600000000008,move,improve
3414,10,402.8800000000014,10,341.7600000000008,2opt,notBad
3415,10,402.8800000000014,10,341.7600000000008,move,improve
3416,10,395.1200000000014,10,341.7600000000008,move,improve
3417,10,395.1200000000014,10,341.7600000000008,swap,notBad
3418,10,393.6800000000014,10,341.7600000000008,move,improve
3419,10,389.56000000000137,10,341.7600000000008,move,improve
3420,10,389.5400000000014,10,341.7600000000008,move,improve
3421,10,389.5400000000014,10,341.7600000000008,move,improve
3422,10,389.5400000000014,10,341.7600000000008,2opt,notBad
3423,10,394.9800000000014,10,341.7600000000008,swap,acceptBad
3424,10,394.9800000000014,10,341.7600000000008,2opt,notBad
3425,10,394.8600000000014,10,341.7600000000008,move,improve
3426,10,402.5800000000014,10,341.7600000000008,2opt,acceptBad
3427,10,402.5800000000014,10,341.7600000000008,swap,notBad
3428,10,416.7400000000007,10,341.7600000000008,swap,acceptBad
3429,10,416.7400000000007,10,341.7600000000008,move,improve
3430,10,420.12000000000074,10,341.7600000000008,swap,acceptBad
3431,10,420.12000000000074,10,341.7600000000008,2opt,notBad
3432,10,420.12000000000074,10,341.7600000000008,move,improve
3433,10,420.12000000000074,10,341.7600000000008,2opt,notBad
3434,10,420.12000000000074,10,341.7600000000008,move,improve
3435,10,420.12000000000074,10,341.7600000000008,move,improve
3436,10,420.12000000000074,10,341.7600000000008,swap,notBad
3437,10,420.12000000000074,10,341.7600000000008,2opt,notBad
3438,10,429.72000000000054,10,341.7600000000008,2opt,acceptBad
3439,10,429.72000000000054,10,341.7600000000008,2opt,notBad
3440,10,429.72000000000054,10,341.7600000000008,move,improve
3441,10,425.20000000000056,10,341.7600000000008,2opt,improve
3442,10,415.28000000000054,10,341.7600000000008,move,improve
3443,10,415.28000000000054,10,341.7600000000008,swap,notBad
3444,10,409.30000000000047,10,341.7600000000008,move,improve
3445,10,410.7000000000004,10,341.7600000000008,2opt,acceptBad
3446,10,410.7000000000004,10,341.7600000000008,2opt,notBad
3447,10,410.7000000000004,10,341.7600000000008,2opt,notBad
3448,10,410.7000000000004,10,341.7600000000008,move,improve
3449,10,410.7000000000004,10,341.7600000000008,swap,notBad
3450,10,417.88000000000045,10,341.7600000000008,2opt,acceptBad
3451,10,417.88000000000045,10,341.7600000000008,2opt,notBad
3452,10,430.12000000000046,10,341.7600000000008,swap,acceptBad
3453,10,430.12000000000046,10,341.7600000000008,2opt,notBad
3454,10,428.5800000000005,10,341.7600000000008,2opt,improve
3455,10,428.5800000000005,10,341.7600000000008,2opt,notBad
3456,10,428.5800000000005,10,341.7600000000008,2opt,notBad
3457,10,428.5800000000005,10,341.7600000000008,move,improve
3458,10,428.5800000000005,10,341.7600000000008,move,improve
3459,10,427.36000000000047,10,341.7600000000008,swap,improve
3460,10,427.36000000000047,10,341.7600000000008,swap,notBad
3461,10,427.36000000000047,10,341.7600000000008,2opt,notBad
3462,10,427.36000000000047,10,341.7600000000008,2opt,notBad
3463,10,427.36000000000047,10,341.7600000000008,move,improve
3464,10,427.36000000000047,10,341.7600000000008,2opt,notBad
3465,10,427.36000000000047,10,341.7600000000008,move,improve
3466,10,427.36000000000047,10,341.7600000000008,move,improve
3467,10,427.36000000000047,10,341.7600000000008,2opt,notBad
3468,10,432.24000000000046,10,341.7600000000008,swap,acceptBad
3469,10,436.9200000000005,10,341.7600000000008,2opt,acceptBad
3470,10,429.36000000000047,10,341.7600000000008,move,improve
3471,10,443.7800000000004,10,341.7600000000008,swap,acceptBad
3472,10,450.24000000000046,10,341.7600000000008,swap,acceptBad
3473,10,449.5800000000005,10,341.7600000000008,2opt,improve
3474,10,449.5800000000005,10,341.7600000000008,move,improve
3475,10,449.5800000000005,10,341.7600000000008,move,improve
3476,10,449.1000000000005,10,341.7600000000008,swap,improve
3477,10,449.1000000000005,10,341.7600000000008,move,improve
3478,10,448.38000000000045,10,341.7600000000008,2opt,improve
3479,10,448.38000000000045,10,341.7600000000008,move,improve
3480,10,441.24000000000046,10,341.7600000000008,move,improve
3481,10,441.24000000000046,10,341.7600000000008,move,improve
3482,10,421.68000000000006,10,341.7600000000008,swap,improve
3483,10,419.3800000000001,10,341.7600000000008,swap,improve
3484,10,416.78,10,341.7600000000008,swap,improve
3485,10,416.78,10,341.7600000000008,move,improve
3486,10,416.78,10,341.7600000000008,move,improve
3487,10,411.74,10,341.7600000000008,2opt,improve
3488,10,411.74,10,341.7600000000008,2opt,notBad
3489,10,411.74,10,341.7600000000008,swap,notBad
3490,10,411.74,10,341.7600000000008,2opt,notBad
3491,10,411.74,10,341.7600000000008,swap,notBad
3492,10,411.74,10,341.7600000000008,2opt,notBad
3493,10,398.5599999999998,10,341.7600000000008,swap,improve
3494,10,398.5599999999998,10,341.7600000000008,move,improve
3495,10,400.9799999999996,10,341.7600000000008,2opt,acceptBad
3496,10,400.9799999999996,10,341.7600000000008,2opt,notBad
3497,10,400.9799999999996,10,341.7600000000008,swap,notBad
3498,10,400.9799999999996,10,341.7600000000008,swap,notBad
3499,10,400.5199999999997,10,341.7600000000008,swap,improve
3500,10,400.5199999999997,10,341.7600000000008,move,improve
3501,10,400.6199999999997,10,341.7600000000008,swap,acceptBad
3502,10,400.6199999999997,10,341.7600000000008,2opt,notBad
3503,10,400.6199999999997,10,341.7600000000008,2opt,improve
3504,10,399.6199999999997,10,341.7600000000008,move,improve
3505,10,399.6199999999997,10,341.7600000000008,2opt,notBad
3506,10,399.6199999999997,10,341.7600000000008,swap,notBad
3507,10,399.6199999999997,10,341.7600000000008,move,improve
3508,10,399.6199999999997,10,341.7600000000008,swap,notBad
3509,10,399.6199999999997,10,341.7600000000008,move,improve
3510,10,393.93999999999966,10,341.7600000000008,move,improve
3511,10,387.85999999999973,10,341.7600000000008,move,improve
3512,10,387.85999999999973,10,341.7600000000008,2opt,notBad
3513,10,387.85999999999973,10,341.7600000000008,swap,notBad
3514,10,380.7399999999997,10,341.7600000000008,move,improve
3515,10,380.7399999999997,10,341.7600000000008,swap,notBad
3516,10,380.7399999999997,10,341.7600000000008,swap,notBad
3517,10,380.7399999999997,10,341.7600000000008,2opt,notBad
3518,10,384.7999999999998,10,341.7600000000008,2opt,acceptBad
3519,10,384.7999999999998,10,341.7600000000008,move,improve
3520,10,384.7999999999998,10,341.7600000000008,move,notBad
3521,10,384.7999999999998,10,341.7600000000008,move,improve
3522,10,372.91999999999973,10,341.7600000000008,move,improve
3523,10,372.91999999999973,10,341.7600000000008,2opt,notBad
3524,10,372.91999999999973,10,341.7600000000008,swap,notBad
3525,10,365.37999999999977,10,341.7600000000008,move,improve
3526,10,365.37999999999977,10,341.7600000000008,move,improve
3527,10,358.5399999999998,10,341.7600000000008,move,improve
3528,10,364.4399999999998,10,341.7600000000008,swap,acceptBad
3529,10,364.4399999999998,10,341.7600000000008,swap,notBad
3530,10,363.5599999999999,10,341.7600000000008,move,improve
3531,10,370.3999999999998,10,341.7600000000008,swap,acceptBad
3532,10,370.3999999999998,10,341.7600000000008,swap,notBad
3533,10,358.8599999999999,10,341.7600000000008,swap,improve
3534,10,358.4599999999999,10,341.7600000000008,move,improve
3535,10,358.4599999999999,10,341.7600000000008,2opt,notBad
3536,10,358.4599999999999,10,341.7600000000008,2opt,notBad
3537,10,359.29999999999995,10,341.7600000000008,swap,acceptBad
3538,10,359.29999999999995,10,341.7600000000008,swap,notBad
3539,10,359.29999999999995,10,341.7600000000008,swap,notBad
3540,10,359.29999999999995,10,341.7600000000008,move,improve
3541,10,359.29999999999995,10,341.7600000000008,2opt,notBad
3542,10,359.29999999999995,10,341.7600000000008,swap,notBad
3543,10,359.29999999999995,10,341.7600000000008,2opt,improve
3544,10,359.29999999999995,10,341.7600000000008,move,improve
3545,10,350.7599999999999,10,341.7600000000008,move,improve
3546,10,350.7599999999999,10,341.7600000000008,swap,notBad
3547,10,350.7599999999999,10,341.7600000000008,swap,notBad
3548,10,350.7599999999999,10,341.7600000000008,move,improve
3549,10,354.1999999999999,10,341.7600000000008,swap,acceptBad
3550,10,354.1999999999999,10,341.7600000000008,move,notBad
3551,10,354.1999999999999,10,341.7600000000008,2opt,notBad
3552,10,354.1999999999999,10,341.7600000000008,2opt,notBad
3553,10,354.1999999999999,10,341.7600000000008,move,improve
3554,10,354.1999999999999,10,341.7600000000008,move,improve
3555,10,354.1999999999999,10,341.7600000000008,swap,notBad
3556,10,349.96000000000026,10,341.7600000000008,swap,improve
3557,10,370.38000000000045,10,341.7600000000008,swap,acceptBad
3558,10,370.38000000000045,10,341.7600000000008,swap,notBad
3559,10,375.3400000000005,10,341.7600000000008,swap,acceptBad
3560,10,375.3400000000005,10,341.7600000000008,swap,notBad
3561,10,375.3400000000005,10,341.7600000000008,swap,notBad
3562,10,374.68000000000046,10,341.7600000000008,move,improve
3563,10,374.68000000000046,10,341.7600000000008,move,improve
3564,10,374.64000000000044,10,341.7600000000008,move,improve
3565,10,372.7800000000002,10,341.7600000000008,move,improve
3566,10,376.7400000000002,10,341.7600000000008,swap,acceptBad
3567,10,376.7400000000002,10,341.7600000000008,swap,notBad
3568,10,376.7400000000002,10,341.7600000000008,move,improve
3569,10,376.92000000000024,10,341.7600000000008,swap,acceptBad
3570,10,376.92000000000024,10,341.7600000000008,swap,notBad
3571,10,376.92000000000024,10,341.7600000000008,2opt,notBad
3572,10,376.92000000000024,10,341.7600000000008,move,improve
3573,10,376.76000000000016,10,341.7600000000008,2opt,improve
3574,10,376.18000000000023,10,341.7600000000008,swap,improve
3575,10,376.18000000000023,10,341.7600000000008,move,improve
3576,10,376.18000000000023,10,341.7600000000008,2opt,notBad
3577,10,376.18000000000023,10,341.7600000000008,move,improve
3578,10,375.3600000000002,10,341.7600000000008,2opt,improve
3579,10,375.3600000000002,10,341.7600000000008,2opt,improve
3580,10,369.5400000000002,10,341.7600000000008,2opt,improve
3581,10,369.8200000000002,10,341.7600000000008,2opt,acceptBad
3582,10,369.8200000000002,10,341.7600000000008,swap,notBad
3583,10,369.82000000000016,10,341.7600000000008,swap,improve
3584,10,369.82000000000016,10,341.7600000000008,2opt,notBad
3585,10,372.4600000000005,10,341.7600000000008,2opt,acceptBad
3586,10,370.5200000000005,10,341.7600000000008,swap,improve
3587,10,370.5200000000005,10,341.7600000000008,move,improve
3588,10,370.5200000000005,10,341.7600000000008,swap,notBad
3589,10,370.5200000000005,10,341.7600000000008,move,improve
3590,10,370.5200000000005,10,341.7600000000008,2opt,notBad
3591,10,370.5200000000005,10,341.7600000000008,move,improve
3592,10,370.5200000000005,10,341.7600000000008,move,improve
3593,10,370.2400000000004,10,341.7600000000008,2opt,improve
3594,10,370.2400000000004,10,341.7600000000008,swap,notBad
3595,10,370.2400000000004,10,341.7600000000008,2opt,notBad
3596,10,370.2400000000004,10,341.7600000000008,2opt,notBad
3597,10,368.20000000000044,10,341.7600000000008,2opt,improve
3598,10,368.20000000000044,10,341.7600000000008,2opt,notBad
3599,10,368.20000000000044,10,341.7600000000008,2opt,improve
3600,10,368.20000000000044,10,341.7600000000008,swap,notBad
3601,10,366.2600000000002,10,341.7600000000008,move,improve
3602,10,366.2600000000002,10,341.7600000000008,2opt,notBad
3603,10,366.2600000000002,10,341.7600000000008,move,improve
3604,10,366.34000000000003,10,341.7600000000008,move,acceptBad
3605,10,366.34000000000003,10,341.7600000000008,swap,notBad
3606,10,366.34000000000003,10,341.7600000000008,2opt,notBad
3607,10,366.34000000000003,10,341.7600000000008,2opt,notBad
3608,10,366.34000000000003,10,341.7600000000008,2opt,notBad
3609,10,366.4000000000001,10,341.7600000000008,swap,acceptBad
3610,10,366.4000000000001,10,341.7600000000008,2opt,notBad
3611,10,366.4000000000001,10,341.7600000000008,2opt,notBad
3612,10,366.4000000000001,10,341.7600000000008,swap,notBad
3613,10,366.4000000000001,10,341.7600000000008,move,improve
3614,10,366.4000000000001,10,341.7600000000008,swap,notBad
3615,10,366.4000000000001,10,341.7600000000008,2opt,notBad
3616,10,365.68000000000006,10,341.7600000000008,move,improve
3617,10,365.68000000000006,10,341.7600000000008,2opt,notBad
3618,10,365.68000000000006,10,341.7600000000008,2opt,notBad
3619,10,372.1200000000001,10,341.7600000000008,swap,acceptBad
3620,10,372.1200000000001,10,341.7600000000008,move,improve
3621,10,372.1200000000001,10,341.7600000000008,move,improve
3622,10,372.1200000000001,10,341.7600000000008,move,improve
3623,10,366.6200000000001,10,341.7600000000008,move,improve
3624,10,366.6200000000001,10,341.7600000000008,2opt,notBad
3625,10,366.6200000000001,10,341.7600000000008,2opt,notBad
3626,10,372.58000000000004,10,341.7600000000008,swap,acceptBad
3627,10,372.58000000000004,10,341.7600000000008,2opt,notBad
3628,10,372.58000000000004,10,341.7600000000008,move,improve
3629,10,368.84000000000003,10,341.7600000000008,move,improve
3630,10,367.2200000000001,10,341.7600000000008,move,improve
3631,10,367.2200000000001,10,341.7600000000008,swap,notBad
3632,10,367.2200000000001,10,341.7600000000008,swap,notBad
3633,10,366.56000000000006,10,341.7600000000008,move,improve
3634,10,366.56000000000006,10,341.7600000000008,2opt,notBad
3635,10,366.56000000000006,10,341.7600000000008,move,improve
3636,10,366.56000000000006,10,341.7600000000008,2opt,notBad
3637,10,366.9200000000001,10,341.7600000000008,swap,acceptBad
3638,10,366.9200000000001,10,341.7600000000008,swap,notBad
3639,10,366.9200000000001,10,341.7600000000008,swap,notBad
3640,10,366.9200000000001,10,341.7600000000008,swap,notBad
3641,10,366.9200000000001,10,341.7600000000008,2opt,notBad
3642,10,366.72,10,341.7600000000008,move,improve
3643,10,366.72,10,341.7600000000008,swap,notBad
3644,10,366.72,10,341.7600000000008,2opt,notBad
3645,10,359.7200000000001,10,341.7600000000008,swap,improve
3646,10,359.7200000000001,10,341.7600000000008,swap,notBad
3647,10,359.7200000000001,10,341.7600000000008,swap,notBad
3648,10,359.7200000000001,10,341.7600000000008,swap,notBad
3649,10,359.7200000000001,10,341.7600000000008,2opt,notBad
3650,10,359.7200000000001,10,341.7600000000008,swap,notBad
3651,10,359.7200000000001,10,341.7600000000008,swap,notBad
3652,10,359.7200000000001,10,341.7600000000008,move,improve
3653,10,359.7200000000001,10,341.7600000000008,2opt,improve
3654,10,359.7200000000001,10,341.7600000000008,swap,notBad
3655,10,359.7200000000001,10,341.7600000000008,2opt,notBad
3656,10,359.5000000000001,10,341.7600000000008,move,improve
3657,10,359.5000000000001,10,341.7600000000008,2opt,notBad
3658,10,359.5000000000001,10,341.7600000000008,swap,notBad
3659,10,359.5000000000001,10,341.7600000000008,swap,notBad
3660,10,359.5000000000001,10,341.7600000000008,move,improve
3661,10,359.5000000000001,10,341.7600000000008,2opt,notBad
3662,10,359.5000000000001,10,341.7600000000008,move,improve
3663,10,359.5000000000001,10,341.7600000000008,2opt,notBad
3664,10,359.5000000000001,10,341.7600000000008,swap,notBad
3665,10,359.5000000000001,10,341.7600000000008,2opt,notBad
3666,10,375.7400000000001,10,341.7600000000008,swap,acceptBad
3667,10,375.7400000000001,10,341.7600000000008,2opt,notBad
3668,10,375.7400000000001,10,341.7600000000008,move,improve
3669,10,378.84,10,341.7600000000008,2opt,acceptBad
3670,10,378.8,10,341.7600000000008,move,improve
3671,10,370.4200000000001,10,341.7600000000008,move,improve
3672,10,376.62000000000006,10,341.7600000000008,swap,acceptBad
3673,10,376.62000000000006,10,341.7600000000008,move,improve
3674,10,384.22,10,341.7600000000008,swap,acceptBad
3675,10,384.22,10,341.7600000000008,2opt,improve
3676,10,384.22,10,341.7600000000008,2opt,notBad
3677,10,384.22,10,341.7600000000008,swap,notBad
3678,10,384.34,10,341.7600000000008,2opt,acceptBad
3679,10,390.88000000000045,10,341.7600000000008,swap,acceptBad
3680,10,390.88000000000045,10,341.7600000000008,2opt,improve
3681,10,390.88000000000045,10,341.7600000000008,2opt,notBad
3682,10,389.66000000000065,10,341.7600000000008,2opt,improve
3683,10,389.66000000000065,10,341.7600000000008,swap,notBad
3684,10,389.3600000000006,10,341.7600000000008,move,improve
3685,10,389.3600000000006,10,341.7600000000008,2opt,notBad
3686,10,389.1200000000006,10,341.7600000000008,move,improve
3687,10,389.1200000000006,10,341.7600000000008,move,improve
3688,10,388.8600000000006,10,341.7600000000008,swap,improve
3689,10,388.8600000000006,10,341.7600000000008,2opt,notBad
3690,10,388.8600000000006,10,341.7600000000008,move,improve
3691,10,391.54000000000065,10,341.7600000000008,swap,acceptBad
3692,10,389.9600000000006,10,341.7600000000008,move,improve
3693,10,389.9600000000006,10,341.7600000000008,2opt,notBad
3694,10,389.54000000000053,10,341.7600000000008,2opt,improve
3695,10,389.54000000000053,10,341.7600000000008,move,improve
3696,10,389.54000000000053,10,341.7600000000008,2opt,notBad
3697,10,389.54000000000053,10,341.7600000000008,swap,notBad
3698,10,389.54000000000053,10,341.7600000000008,2opt,notBad
3699,10,389.54000000000053,10,341.7600000000008,swap,notBad
3700,10,387.6000000000006,10,341.7600000000008,move,improve
3701,10,387.6000000000006,10,341.7600000000008,2opt,notBad
3702,10,387.6000000000006,10,341.7600000000008,swap,notBad
3703,10,387.6000000000006,10,341.7600000000008,move,improve
3704,10,387.6000000000006,10,341.7600000000008,move,improve
3705,10,384.6200000000006,10,341.7600000000008,move,improve
3706,10,375.76000000000056,10,341.7600000000008,move,improve
3707,10,385.8800000000001,10,341.7600000000008,swap,acceptBad
3708,10,381.24000000000007,10,341.7600000000008,swap,improve
3709,10,381.76000000000005,10,341.7600000000008,swap,acceptBad
3710,10,381.76000000000005,10,341.7600000000008,move,improve
3711,10,389.0,10,341.7600000000008,swap,acceptBad
3712,10,388.18000000000006,10,341.7600000000008,move,improve
3713,10,388.18000000000006,10,341.7600000000008,2opt,notBad
3714,10,388.18000000000006,10,341.7600000000008,2opt,notBad
3715,10,388.18000000000006,10,341.7600000000008,swap,notBad
3716,10,387.0599999999999,10,341.7600000000008,move,improve
3717,10,387.0599999999999,10,341.7600000000008,swap,notBad
3718,10,382.1399999999999,10,341.7600000000008,move,improve
3719,10,382.1399999999999,10,341.7600000000008,2opt,notBad
3720,10,382.1399999999999,10,341.7600000000008,move,improve
3721,10,382.1399999999999,10,341.7600000000008,move,improve
3722,10,382.1399999999999,10,341.7600000000008,swap,notBad
3723,10,382.1399999999999,10,341.7600000000008,2opt,improve
3724,10,382.1399999999999,10,341.7600000000008,2opt,notBad
3725,10,382.1399999999999,10,341.7600000000008,move,improve
3726,10,382.1399999999999,10,341.7600000000008,move,improve
3727,10,382.1399999999999,10,341.7600000000008,move,improve
3728,10,376.0999999999999,10,341.7600000000008,move,improve
3729,10,376.0999999999999,10,341.7600000000008,swap,notBad
3730,10,376.0999999999999,10,341.7600000000008,swap,notBad
3731,10,376.0999999999999,10,341.7600000000008,2opt,notBad
3732,10,376.0999999999999,10,341.7600000000008,2opt,notBad
3733,10,376.0999999999999,10,341.7600000000008,2opt,improve
3734,10,376.0999999999999,10,341.7600000000008,2opt,notBad
3735,10,376.0999999999999,10,341.7600000000008,move,improve
3736,10,375.99999999999994,10,341.7600000000008,swap,improve
3737,10,375.99999999999994,10,341.7600000000008,2opt,notBad
3738,10,375.99999999999994,10,341.7600000000008,swap,notBad
3739,10,375.99999999999994,10,341.7600000000008,2opt,notBad
3740,10,375.99999999999994,10,341.7600000000008,2opt,notBad
3741,10,375.99999999999994,10,341.7600000000008,move,improve
3742,10,375.99999999999994,10,341.7600000000008,2opt,improve
3743,10,375.99999999999994,10,341.7600000000008,2opt,notBad
3744,10,375.99999999999994,10,341.7600000000008,2opt,improve
3745,10,368.31999999999977,10,341.7600000000008,move,improve
3746,10,368.31999999999977,10,341.7600000000008,swap,notBad
3747,10,368.31999999999977,10,341.7600000000008,swap,notBad
3748,10,368.31999999999977,10,341.7600000000008,2opt,improve
3749,10,368.31999999999977,10,341.7600000000008,move,notBad
3750,10,368.31999999999977,10,341.7600000000008,move,improve
3751,10,362.86,10,341.7600000000008,swap,improve
3752,10,362.86,10,341.7600000000008,swap,notBad
3753,10,362.86,10,341.7600000000008,move,improve
3754,10,362.86,10,341.7600000000008,2opt,notBad
3755,10,362.91999999999996,10,341.7600000000008,swap,acceptBad
3756,10,362.91999999999996,10,341.7600000000008,2opt,improve
3757,10,362.91999999999996,10,341.7600000000008,2opt,notBad
3758,10,362.91999999999996,10,341.7600000000008,2opt,notBad
3759,10,362.91999999999996,10,341.7600000000008,2opt,notBad
3760,10,362.91999999999996,10,341.7600000000008,2opt,notBad
3761,10,362.91999999999996,10,341.7600000000008,move,improve
3762,10,362.91999999999996,10,341.7600000000008,swap,notBad
3763,10,362.91999999999996,10,341.7600000000008,2opt,notBad
3764,10,362.3400000000004,10,341.7600000000008,2opt,improve
3765,10,364.58000000000027,10,341.7600000000008,2opt,acceptBad
3766,10,364.58000000000027,10,341.7600000000008,move,improve
3767,10,363.1800000000003,10,341.7600000000008,move,improve
3768,10,363.1800000000003,10,341.7600000000008,swap,notBad
3769,10,363.24000000000024,10,341.7600000000008,swap,acceptBad
3770,10,363.24000000000024,10,341.7600000000008,2opt,notBad
3771,10,363.24000000000024,10,341.7600000000008,move,improve
3772,10,363.24000000000024,10,341.7600000000008,swap,notBad
3773,10,363.24000000000024,10,341.7600000000008,move,improve
3774,10,363.24000000000024,10,341.7600000000008,2opt,notBad
3775,10,363.24000000000024,10,341.7600000000008,2opt,notBad
3776,10,363.24000000000024,10,341.7600000000008,swap,notBad
3777,10,363.24000000000024,10,341.7600000000008,2opt,notBad
3778,10,363.24000000000024,10,341.7600000000008,move,improve
3779,10,376.06000000000034,10,341.7600000000008,swap,acceptBad
3780,10,376.06000000000034,10,341.7600000000008,swap,notBad
3781,10,376.06000000000034,10,341.7600000000008,2opt,notBad
3782,10,373.0600000000003,10,341.7600000000008,swap,improve
3783,10,373.0600000000003,10,341.7600000000008,2opt,notBad
3784,10,373.0600000000003,10,341.7600000000008,move,improve
3785,10,373.0600000000003,10,341.7600000000008,2opt,notBad
3786,10,373.0600000000003,10,341.7600000000008,move,improve
3787,10,373.0600000000003,10,341.7600000000008,2opt,notBad
3788,10,373.0600000000003,10,341.7600000000008,move,improve
3789,10,373.0600000000003,10,341.7600000000008,2opt,notBad
3790,10,373.0600000000003,10,341.7600000000008,move,improve
3791,10,373.0600000000003,10,341.7600000000008,2opt,notBad
3792,10,373.0600000000003,10,341.7600000000008,move,improve
3793,10,373.0600000000003,10,341.7600000000008,swap,notBad
3794,10,373.0600000000003,10,341.7600000000008,2opt,improve
3795,10,373.0600000000003,10,341.7600000000008,swap,notBad
3796,10,373.0600000000003,10,341.7600000000008,move,improve
3797,10,372.1000000000003,10,341.7600000000008,move,improve
3798,10,372.1000000000003,10,341.7600000000008,2opt,notBad
3799,10,372.1000000000003,10,341.7600000000008,swap,notBad
3800,10,361.44000000000034,10,341.7600000000008,2opt,improve
3801,10,361.44000000000034,10,341.7600000000008,swap,notBad
3802,10,365.7600000000003,10,341.7600000000008,2opt,acceptBad
3803,10,367.30000000000035,10,341.7600000000008,swap,acceptBad
3804,10,367.30000000000035,10,341.7600000000008,2opt,notBad
3805,10,367.30000000000035,10,341.7600000000008,move,improve
3806,10,367.30000000000035,10,341.7600000000008,2opt,notBad
3807,10,367.30000000000035,10,341.7600000000008,move,improve
3808,10,367.30000000000035,10,341.7600000000008,move,improve
3809,10,367.30000000000035,10,341.7600000000008,2opt,improve
3810,10,367.30000000000035,10,341.7600000000008,2opt,notBad
3811,10,366.6400000000002,10,341.7600000000008,swap,improve
3812,10,366.88000000000056,10,341.7600000000008,swap,acceptBad
3813,10,366.88000000000056,10,341.7600000000008,move,improve
3814,10,366.88000000000056,10,341.7600000000008,swap,notBad
3815,10,366.88000000000056,10,341.7600000000008,swap,notBad
3816,10,366.88000000000056,10,341.7600000000008,move,improve
3817,10,366.88000000000056,10,341.7600000000008,move,improve
3818,10,366.88000000000056,10,341.7600000000008,swap,notBad
3819,10,366.88000000000056,10,341.7600000000008,2opt,notBad
3820,10,366.88000000000056,10,341.7600000000008,2opt,notBad
3821,10,366.88000000000056,10,341.7600000000008,swap,notBad
3822,10,366.88000000000056,10,341.7600000000008,swap,notBad
3823,10,366.88000000000056,10,341.7600000000008,move,improve
3824,10,366.88000000000056,10,341.7600000000008,swap,notBad
3825,10,365.14000000000055,10,341.7600000000008,move,improve
3826,10,365.14000000000055,10,341.7600000000008,swap,notBad
3827,10,365.14000000000055,10,341.7600000000008,swap,notBad
3828,10,365.14000000000055,10,341.7600000000008,2opt,notBad
3829,10,365.14000000000055,10,341.7600000000008,move,improve
3830,10,365.14000000000055,10,341.7600000000008,move,improve
3831,10,365.14000000000055,10,341.7600000000008,move,improve
3832,10,362.64000000000055,10,341.7600000000008,move,improve
3833,10,362.64000000000055,10,341.7600000000008,swap,notBad
3834,10,362.64000000000055,10,341.7600000000008,move,improve
3835,10,362.64000000000055,10,341.7600000000008,2opt,notBad
3836,10,360.6800000000006,10,341.7600000000008,move,improve
3837,10,351.8200000000006,10,341.7600000000008,swap,improve
3838,10,351.8200000000006,10,341.7600000000008,2opt,notBad
3839,10,351.8200000000006,10,341.7600000000008,2opt,notBad
3840,10,351.8200000000006,10,341.7600000000008,swap,notBad
3841,10,351.8200000000006,10,341.7600000000008,2opt,notBad
3842,10,351.8200000000006,10,341.7600000000008,move,improve
3843,10,351.8200000000006,10,341.7600000000008,swap,notBad
3844,10,351.8200000000006,10,341.7600000000008,move,improve
3845,10,345.24000000000063,10,341.7600000000008,move,improve
3846,10,345.24000000000063,10,341.7600000000008,2opt,notBad
3847,10,345.24000000000063,10,341.7600000000008,2opt,notBad
3848,10,348.10000000000053,10,341.7600000000008,swap,acceptBad
3849,10,348.10000000000053,10,341.7600000000008,swap,notBad
3850,10,348.10000000000053,10,341.7600000000008,swap,notBad
3851,10,348.10000000000053,10,341.7600000000008,2opt,improve
3852,10,348.10000000000053,10,341.7600000000008,swap,notBad
3853,10,348.10000000000053,10,341.7600000000008,move,improve
3854,10,348.10000000000053,10,341.7600000000008,2opt,notBad
3855,10,348.10000000000053,10,341.7600000000008,2opt,notBad
3856,10,357.54000000000053,10,341.7600000000008,swap,acceptBad
3857,10,357.54000000000053,10,341.7600000000008,2opt,notBad
3858,10,357.54000000000053,10,341.7600000000008,swap,notBad
3859,10,357.54000000000053,10,341.7600000000008,2opt,notBad
3860,10,357.54000000000053,10,341.7600000000008,2opt,notBad
3861,10,357.6000000000006,10,341.7600000000008,2opt,acceptBad
3862,10,363.40000000000055,10,341.7600000000008,swap,acceptBad
3863,10,363.40000000000055,10,341.7600000000008,2opt,improve
3864,10,363.40000000000055,10,341.7600000000008,2opt,notBad
3865,10,363.40000000000055,10,341.7600000000008,2opt,notBad
3866,10,363.40000000000055,10,341.7600000000008,swap,notBad
3867,10,359.02000000000044,10,341.7600000000008,move,improve
3868,10,359.02000000000044,10,341.7600000000008,move,improve
3869,10,359.02000000000044,10,341.7600000000008,swap,notBad
3870,10,359.02000000000044,10,341.7600000000008,2opt,notBad
3871,10,354.1400000000004,10,341.7600000000008,swap,improve
3872,10,354.1400000000004,10,341.7600000000008,2opt,notBad
3873,10,354.1400000000004,10,341.7600000000008,2opt,notBad
3874,10,354.1400000000004,10,341.7600000000008,move,improve
3875,10,354.1400000000004,10,341.7600000000008,move,improve
3876,10,354.1400000000004,10,341.7600000000008,swap,notBad
3877,10,354.1400000000004,10,341.7600000000008,swap,notBad
3878,10,354.1400000000004,10,341.7600000000008,2opt,notBad
3879,10,347.4000000000005,10,341.7600000000008,move,improve
3880,10,347.4000000000005,10,341.7600000000008,2opt,notBad
3881,10,347.4000000000005,10,341.7600000000008,swap,notBad
3882,10,347.4000000000005,10,341.7600000000008,swap,notBad
3883,10,347.4000000000005,10,341.7600000000008,2opt,notBad
3884,10,347.4000000000005,10,341.7600000000008,move,improve
3885,10,347.4000000000005,10,341.7600000000008,2opt,notBad
3886,10,347.4000000000005,10,341.7600000000008,swap,notBad
3887,10,354.9800000000004,10,341.7600000000008,swap,acceptBad
3888,10,354.9800000000004,10,341.7600000000008,2opt,notBad
3889,10,354.9800000000004,10,341.7600000000008,2opt,improve
3890,10,354.02000000000044,10,341.7600000000008,swap,improve
3891,10,354.02000000000044,10,341.7600000000008,move,improve
3892,10,354.02000000000044,10,341.7600000000008,swap,notBad
3893,10,354.02000000000044,10,341.7600000000008,2opt,notBad
3894,10,354.02000000000044,10,341.7600000000008,2opt,notBad
3895,10,361.46000000000043,10,341.7600000000008,swap,acceptBad
3896,10,361.46000000000043,10,341.7600000000008,move,notBad
3897,10,365.56000000000006,10,341.7600000000008,swap,acceptBad
3898,10,365.56000000000006,10,341.7600000000008,move,improve
3899,10,361.9999999999998,10,341.7600000000008,move,improve
3900,10,362.9799999999997,10,341.7600000000008,swap,acceptBad
3901,10,362.9799999999997,10,341.7600000000008,move,improve
3902,10,357.44,10,341.7600000000008,move,improve
3903,10,357.44,10,341.7600000000008,swap,notBad
3904,10,357.44,10,341.7600000000008,2opt,notBad
3905,10,357.44,10,341.7600000000008,move,improve
3906,10,357.44,10,341.7600000000008,2opt,notBad
3907,10,357.44,10,341.7600000000008,move,improve
3908,10,357.44,10,341.7600000000008,move,improve
3909,10,357.24,10,341.7600000000008,move,improve
3910,10,357.24,10,341.7600000000008,swap,notBad
3911,10,347.62000000000006,10,341.7600000000008,move,improve
3912,10,349.04,10,341.7600000000008,swap,acceptBad
3913,10,349.04,10,341.7600000000008,2opt,notBad
3914,10,348.43999999999994,10,341.7600000000008,2opt,improve
3915,10,348.43999999999994,10,341.7600000000008,2opt,notBad
3916,10,348.43999999999994,10,341.7600000000008,2opt,notBad
3917,10,348.43999999999994,10,341.7600000000008,2opt,notBad
3918,10,348.43999999999994,10,341.7600000000008,2opt,improve
3919,10,348.43999999999994,10,341.7600000000008,2opt,improve
3920,10,339.4,10,339.4,move,newBest
3921,10,339.4,10,339.4,swap,notBad
3922,10,346.6600000000001,10,339.4,swap,acceptBad
3923,10,346.6600000000001,10,339.4,move,improve
3924,10,346.6600000000001,10,339.4,2opt,notBad
3925,10,346.6600000000001,10,339.4,2opt,notBad
3926,10,346.6600000000001,10,339.4,2opt,notBad
3927,10,346.6600000000001,10,339.4,move,improve
3928,10,346.6600000000001,10,339.4,2opt,notBad
3929,10,346.6600000000001,10,339.4,swap,notBad
3930,10,349.07999999999987,10,339.4,swap,acceptBad
3931,10,349.07999999999987,10,339.4,2opt,notBad
3932,10,349.07999999999987,10,339.4,move,improve
3933,10,349.07999999999987,10,339.4,2opt,notBad
3934,10,349.07999999999987,10,339.4,2opt,notBad
3935,10,349.07999999999987,10,339.4,2opt,notBad
3936,10,348.95999999999987,10,339.4,move,improve
3937,10,343.21999999999946,10,339.4,move,improve
3938,10,343.21999999999946,10,339.4,2opt,notBad
3939,10,343.21999999999946,10,339.4,move,improve
3940,10,343.21999999999946,10,339.4,move,improve
3941,10,343.21999999999946,10,339.4,swap,notBad
3942,10,343.21999999999946,10,339.4,swap,notBad
3943,10,349.39999999999986,10,339.4,swap,acceptBad
3944,10,349.39999999999986,10,339.4,2opt,notBad
3945,10,349.39999999999986,10,339.4,2opt,improve
3946,10,349.39999999999986,10,339.4,swap,notBad
3947,10,349.39999999999986,10,339.4,swap,notBad
3948,10,349.39999999999986,10,339.4,move,improve
3949,10,349.39999999999986,10,339.4,move,improve
3950,10,349.39999999999986,10,339.4,swap,notBad
3951,10,349.39999999999986,10,339.4,2opt,notBad
3952,10,349.39999999999986,10,339.4,swap,notBad
3953,10,349.39999999999986,10,339.4,swap,notBad
3954,10,349.39999999999986,10,339.4,move,notBad
3955,10,349.39999999999986,10,339.4,swap,notBad
3956,10,349.39999999999986,10,339.4,swap,notBad
3957,10,349.39999999999986,10,339.4,swap,notBad
3958,10,353.4599999999999,10,339.4,2opt,acceptBad
3959,10,353.4599999999999,10,339.4,move,improve
3960,10,353.4599999999999,10,339.4,2opt,notBad
3961,10,353.4599999999999,10,339.4,swap,notBad
3962,10,350.1799999999996,10,339.4,move,improve
3963,10,350.1799999999996,10,339.4,2opt,notBad
3964,10,350.1799999999996,10,339.4,move,improve
3965,10,350.1799999999996,10,339.4,move,improve
3966,10,350.1799999999996,10,339.4,swap,notBad
3967,10,350.1799999999996,10,339.4,2opt,notBad
3968,10,350.1799999999996,10,339.4,swap,notBad
3969,10,350.1799999999996,10,339.4,2opt,improve
3970,10,350.1799999999996,10,339.4,swap,notBad
3971,10,350.1799999999996,10,339.4,swap,notBad
3972,10,350.1799999999996,10,339.4,2opt,notBad
3973,10,350.1799999999996,10,339.4,2opt,notBad
3974,10,350.1799999999996,10,339.4,2opt,notBad
3975,10,347.95999999999987,10,339.4,move,improve
3976,10,347.95999999999987,10,339.4,move,improve
3977,10,344.65999999999974,10,339.4,move,improve
3978,10,344.65999999999974,10,339.4,swap,notBad
3979,10,344.65999999999974,10,339.4,move,improve
3980,10,344.65999999999974,10,339.4,2opt,notBad
3981,10,343.26,10,339.4,swap,improve
3982,10,343.26,10,339.4,move,improve
3983,10,343.26,10,339.4,move,improve
3984,10,343.26,10,339.4,2opt,notBad
3985,10,345.38,10,339.4,2opt,acceptBad
3986,10,345.38,10,339.4,move,improve
3987,10,345.38,10,339.4,move,improve
3988,10,345.38,10,339.4,move,improve
3989,10,345.38,10,339.4,swap,notBad
3990,10,345.38,10,339.4,2opt,notBad
3991,10,345.38,10,339.4,swap,notBad
3992,10,341.91999999999985,10,339.4,swap,improve
3993,10,342.0799999999998,10,339.4,swap,acceptBad
3994,10,342.0799999999998,10,339.4,move,improve
3995,10,342.0799999999998,10,339.4,2opt,notBad
3996,10,342.0799999999998,10,339.4,swap,notBad
3997,10,342.0799999999998,10,339.4,2opt,notBad
3998,10,342.0799999999998,10,339.4,2opt,improve
3999,10,342.0799999999998,10,339.4,move,improve
4000,10,342.0799999999998,10,339.4,swap,notBad
4001,10,342.0799999999998,10,339.4,2opt,notBad
4002,10,342.0799999999998,10,339.4,2opt,notBad
4003,10,342.0799999999998,10,339.4,2opt,notBad
4004,10,342.0799999999998,10,339.4,2opt,notBad
4005,10,340.8999999999997,10,339.4,move,improve
4006,10,340.8999999999997,10,339.4,move,improve
4007,10,344.8199999999997,10,339.4,swap,acceptBad
4008,10,347.27999999999975,10,339.4,2opt,acceptBad
4009,10,347.27999999999975,10,339.4,move,improve
4010,10,347.27999999999975,10,339.4,move,improve
4011,10,347.27999999999975,10,339.4,2opt,notBad
4012,10,347.27999999999975,10,339.4,swap,notBad
4013,10,347.27999999999975,10,339.4,swap,improve
4014,10,347.2399999999998,10,339.4,move,improve
4015,10,347.2399999999998,10,339.4,2opt,notBad
4016,10,347.2399999999998,10,339.4,move,improve
4017,10,347.0599999999997,10,339.4,move,improve
4018,10,347.0599999999997,10,339.4,move,improve
4019,10,347.0599999999997,10,339.4,2opt,notBad
4020,10,347.0599999999997,10,339.4,swap,notBad
4021,10,347.0599999999997,10,339.4,2opt,improve
4022,10,361.80000000000024,10,339.4,swap,acceptBad
4023,10,361.80000000000024,10,339.4,swap,notBad
4024,10,361.80000000000024,10,339.4,2opt,notBad
4025,10,361.80000000000024,10,339.4,2opt,notBad
4026,10,361.80000000000024,10,339.4,swap,notBad
4027,10,361.80000000000024,10,339.4,2opt,notBad
4028,10,361.80000000000024,10,339.4,swap,notBad
4029,10,361.80000000000024,10,339.4,swap,notBad
4030,10,361.80000000000024,10,339.4,2opt,notBad
4031,10,361.54000000000025,10,339.4,move,improve
4032,10,361.54000000000025,10,339.4,move,improve
4033,10,361.54000000000025,10,339.4,swap,notBad
4034,10,361.54000000000025,10,339.4,move,improve
4035,10,361.54000000000025,10,339.4,swap,notBad
4036,10,361.54000000000025,10,339.4,move,improve
4037,10,361.54000000000025,10,339.4,move,improve
4038,10,361.54000000000025,10,339.4,swap,notBad
4039,10,361.54000000000025,10,339.4,move,improve
4040,10,361.54000000000025,10,339.4,move,improve
4041,10,361.54000000000025,10,339.4,2opt,improve
4042,10,361.54000000000025,10,339.4,swap,notBad
4043,10,361.54000000000025,10,339.4,swap,notBad
4044,10,361.54000000000025,10,339.4,swap,improve
4045,10,361.54000000000025,10,339.4,move,improve
4046,10,361.54000000000025,10,339.4,move,improve
4047,10,361.54000000000025,10,339.4,move,improve
4048,10,361.54000000000025,10,339.4,2opt,notBad
4049,10,361.54000000000025,10,339.4,2opt,notBad
4050,10,361.54000000000025,10,339.4,swap,notBad
4051,10,361.54000000000025,10,339.4,swap,notBad
4052,10,361.54000000000025,10,339.4,move,improve
4053,10,361.54000000000025,10,339.4,move,improve
4054,10,361.54000000000025,10,339.4,2opt,notBad
4055,10,361.54000000000025,10,339.4,move,improve
4056,10,361.54000000000025,10,339.4,2opt,notBad
4057,10,361.54000000000025,10,339.4,2opt,notBad
4058,10,361.54000000000025,10,339.4,2opt,notBad
4059,10,361.54000000000025,10,339.4,2opt,notBad
4060,10,361.54000000000025,10,339.4,swap,notBad
4061,10,361.54000000000025,10,339.4,2opt,notBad
4062,10,361.54000000000025,10,339.4,2opt,notBad
4063,10,361.54000000000025,10,339.4,swap,notBad
4064,10,361.54000000000025,10,339.4,2opt,notBad
4065,10,361.54000000000025,10,339.4,swap,notBad
4066,10,361.54000000000025,10,339.4,2opt,notBad
4067,10,361.54000000000025,10,339.4,swap,notBad
4068,10,361.54000000000025,10,339.4,swap,notBad
4069,10,361.5800000000002,10,339.4,2opt,acceptBad
4070,10,361.5800000000002,10,339.4,move,improve
4071,10,361.5800000000002,10,339.4,swap,notBad
4072,10,361.5800000000002,10,339.4,move,improve
4073,10,361.5800000000002,10,339.4,2opt,improve
4074,10,361.5800000000002,10,339.4,swap,notBad
4075,10,361.5800000000002,10,339.4,2opt,notBad
4076,10,361.5800000000002,10,339.4,2opt,notBad
4077,10,358.0000000000002,10,339.4,2opt,improve
4078,10,358.0000000000002,10,339.4,2opt,notBad
4079,10,358.0000000000002,10,339.4,move,improve
4080,10,358.0000000000002,10,339.4,2opt,notBad
4081,10,358.0000000000002,10,339.4,2opt,notBad
4082,10,361.7600000000001,10,339.4,swap,acceptBad
4083,10,368.1800000000002,10,339.4,swap,acceptBad
4084,10,367.08000000000015,10,339.4,swap,improve
4085,10,367.08000000000015,10,339.4,move,improve
4086,10,367.3000000000002,10,339.4,swap,acceptBad
4087,10,367.3000000000002,10,339.4,swap,notBad
4088,10,367.3000000000002,10,339.4,2opt,notBad
4089,10,367.3000000000002,10,339.4,2opt,notBad
4090,10,367.3000000000002,10,339.4,move,improve
4091,10,367.3000000000002,10,339.4,move,improve
4092,10,367.3000000000002,10,339.4,swap,notBad
4093,10,367.3000000000002,10,339.4,2opt,notBad
4094,10,367.3000000000002,10,339.4,2opt,notBad
4095,10,367.3000000000002,10,339.4,move,improve
4096,10,367.3000000000002,10,339.4,move,improve
4097,10,367.3000000000002,10,339.4,swap,notBad
4098,10,367.3000000000002,10,339.4,move,improve
4099,10,362.5600000000002,10,339.4,swap,improve
4100,10,362.5600000000002,10,339.4,swap,notBad
4101,10,363.78000000000014,10,339.4,2opt,acceptBad
4102,10,356.6400000000001,10,339.4,swap,improve
4103,10,356.6400000000001,10,339.4,2opt,notBad
4104,10,356.6400000000001,10,339.4,swap,notBad
4105,10,356.6400000000001,10,339.4,2opt,notBad
4106,10,356.6400000000001,10,339.4,2opt,notBad
4107,10,354.1800000000001,10,339.4,move,improve
4108,10,353.48000000000013,10,339.4,move,improve
4109,10,352.92000000000013,10,339.4,move,improve
4110,10,352.92000000000013,10,339.4,2opt,notBad
4111,10,352.92000000000013,10,339.4,2opt,notBad
4112,10,352.24000000000007,10,339.4,2opt,improve
4113,10,352.24000000000007,10,339.4,swap,notBad
4114,10,352.24000000000007,10,339.4,2opt,notBad
4115,10,352.24000000000007,10,339.4,move,improve
4116,10,355.24000000000024,10,339.4,swap,acceptBad
4117,10,357.0400000000002,10,339.4,2opt,acceptBad
4118,10,357.0400000000002,10,339.4,swap,notBad
4119,10,357.0400000000002,10,339.4,swap,notBad
4120,10,357.0400000000002,10,339.4,2opt,notBad
4121,10,362.56000000000023,10,339.4,swap,acceptBad
4122,10,360.12000000000006,10,339.4,move,improve
4123,10,360.12000000000006,10,339.4,2opt,notBad
4124,10,360.12000000000006,10,339.4,2opt,notBad
4125,10,369.4600000000001,10,339.4,swap,acceptBad
4126,10,367.2000000000001,10,339.4,2opt,improve
4127,10,367.2000000000001,10,339.4,move,improve
4128,10,367.2000000000001,10,339.4,move,improve
4129,10,367.2000000000001,10,339.4,2opt,notBad
4130,10,367.2000000000001,10,339.4,2opt,notBad
4131,10,367.2000000000001,10,339.4,move,improve
4132,10,369.56000000000006,10,339.4,swap,acceptBad
4133,10,370.2400000000004,10,339.4,swap,acceptBad
4134,10,370.2400000000004,10,339.4,swap,notBad
4135,10,370.96000000000043,10,339.4,2opt,acceptBad
4136,10,370.96000000000043,10,339.4,move,notBad
4137,10,370.96000000000043,10,339.4,move,improve
4138,10,368.82000000000033,10,339.4,move,improve
4139,10,368.82000000000033,10,339.4,move,improve
4140,10,368.82000000000033,10,339.4,2opt,improve
4141,10,368.82000000000033,10,339.4,2opt,notBad
4142,10,361.3400000000003,10,339.4,move,improve
4143,10,361.3400000000003,10,339.4,move,improve
4144,10,361.3400000000003,10,339.4,swap,notBad
4145,10,361.3400000000003,10,339.4,move,improve
4146,10,361.3400000000003,10,339.4,2opt,notBad
4147,10,361.3400000000003,10,339.4,move,improve
4148,10,359.82000000000033,10,339.4,move,improve
4149,10,359.82000000000033,10,339.4,move,improve
4150,10,357.5200000000003,10,339.4,move,improve
4151,10,357.56000000000034,10,339.4,2opt,acceptBad
4152,10,357.56000000000034,10,339.4,move,improve
4153,10,357.56000000000034,10,339.4,move,improve
4154,10,357.56000000000034,10,339.4,2opt,notBad
4155,10,357.56000000000034,10,339.4,move,improve
4156,10,357.56000000000034,10,339.4,move,improve
4157,10,357.56000000000034,10,339.4,2opt,notBad
4158,10,357.56000000000034,10,339.4,swap,notBad
4159,10,357.56000000000034,10,339.4,move,improve
4160,10,357.56000000000034,10,339.4,2opt,notBad
4161,10,357.56000000000034,10,339.4,2opt,notBad
4162,10,357.56000000000034,10,339.4,swap,notBad
4163,10,357.56000000000034,10,339.4,swap,notBad
4164,10,357.9000000000004,10,339.4,2opt,acceptBad
4165,10,357.9000000000004,10,339.4,2opt,notBad
4166,10,357.9000000000004,10,339.4,move,improve
4167,10,357.9000000000004,10,339.4,move,improve
4168,10,357.9000000000004,10,339.4,swap,notBad
4169,10,357.82000000000056,10,339.4,move,improve
4170,10,357.82000000000056,10,339.4,2opt,notBad
4171,10,358.7200000000005,10,339.4,2opt,acceptBad
4172,10,358.7200000000005,10,339.4,swap,notBad
4173,10,358.7200000000005,10,339.4,2opt,notBad
4174,10,358.5200000000005,10,339.4,move,improve
4175,10,358.5200000000005,10,339.4,swap,notBad
4176,10,358.5200000000005,10,339.4,2opt,notBad
4177,10,358.5200000000005,10,339.4,swap,notBad
4178,10,358.5200000000005,10,339.4,swap,notBad
4179,10,362.34000000000054,10,339.4,swap,acceptBad
4180,10,362.34000000000054,10,339.4,swap,notBad
4181,10,362.34000000000054,10,339.4,2opt,notBad
4182,10,362.34000000000054,10,339.4,2opt,notBad
4183,10,362.34000000000054,10,339.4,move,improve
4184,10,362.34000000000054,10,339.4,swap,notBad
4185,10,362.48000000000053,10,339.4,swap,acceptBad
4186,10,362.48000000000053,10,339.4,2opt,notBad
4187,10,362.48000000000053,10,339.4,2opt,notBad
4188,10,362.48000000000053,10,339.4,move,improve
4189,10,362.48000000000053,10,339.4,2opt,improve
4190,10,362.48000000000053,10,339.4,2opt,notBad
4191,10,364.00000000000057,10,339.4,swap,acceptBad
4192,10,364.00000000000057,10,339.4,swap,notBad
4193,10,364.00000000000057,10,339.4,move,improve
4194,10,364.00000000000057,10,339.4,move,improve
4195,10,360.60000000000076,10,339.4,move,improve
4196,10,360.18000000000075,10,339.4,move,improve
4197,10,344.9800000000005,10,339.4,swap,improve
4198,10,344.9800000000005,10,339.4,move,improve
4199,10,344.9800000000005,10,339.4,2opt,improve
4200,10,344.9800000000005,10,339.4,2opt,notBad
4201,10,344.9800000000005,10,339.4,2opt,notBad
4202,10,344.9800000000005,10,339.4,swap,notBad
4203,10,344.9800000000005,10,339.4,2opt,notBad
4204,10,344.9800000000005,10,339.4,2opt,notBad
4205,10,344.9800000000005,10,339.4,2opt,notBad
4206,10,342.6600000000005,10,339.4,swap,improve
4207,10,342.6600000000005,10,339.4,2opt,notBad
4208,10,340.74000000000046,10,339.4,move,improve
4209,10,338.3600000000006,10,338.3600000000006,2opt,newBest
4210,10,338.3600000000006,10,338.3600000000006,move,improve
4211,10,345.6200000000006,10,338.3600000000006,swap,acceptBad
4212,10,345.6200000000006,10,338.3600000000006,2opt,notBad
4213,10,345.6200000000006,10,338.3600000000006,swap,notBad
4214,10,345.3400000000006,10,338.3600000000006,move,improve
4215,10,345.3400000000006,10,338.3600000000006,swap,notBad
4216,10,345.1200000000006,10,338.3600000000006,move,improve
4217,10,349.3600000000005,10,338.3600000000006,swap,acceptBad
4218,10,349.3600000000005,10,338.3600000000006,2opt,improve
4219,10,349.3200000000005,10,338.3600000000006,swap,improve
4220,10,349.3200000000005,10,338.3600000000006,2opt,notBad
4221,10,349.3200000000005,10,338.3600000000006,2opt,notBad
4222,10,349.3200000000005,10,338.3600000000006,2opt,notBad
4223,10,348.90000000000055,10,338.3600000000006,move,improve
4224,10,348.9400000000005,10,338.3600000000006,swap,acceptBad
4225,10,348.9400000000005,10,338.3600000000006,2opt,notBad
4226,10,347.7800000000006,10,338.3600000000006,move,improve
4227,10,347.7800000000006,10,338.3600000000006,2opt,notBad
4228,10,346.54000000000053,10,338.3600000000006,2opt,improve
4229,10,346.54000000000053,10,338.3600000000006,2opt,notBad
4230,10,341.72000000000054,10,338.3600000000006,move,improve
4231,10,341.72000000000054,10,338.3600000000006,swap,notBad
4232,10,341.72000000000054,10,338.3600000000006,swap,notBad
4233,10,341.72000000000054,10,338.3600000000006,2opt,improve
4234,10,341.72000000000054,10,338.3600000000006,2opt,notBad
4235,10,341.72000000000054,10,338.3600000000006,2opt,notBad
4236,10,341.2000000000005,10,338.3600000000006,move,improve
4237,10,341.2000000000005,10,338.3600000000006,2opt,notBad
4238,10,341.2000000000005,10,338.3600000000006,move,improve
4239,10,341.2000000000005,10,338.3600000000006,2opt,notBad
4240,10,341.2000000000005,10,338.3600000000006,move,improve
4241,10,341.2000000000005,10,338.3600000000006,2opt,notBad
4242,10,341.2000000000005,10,338.3600000000006,move,improve
4243,10,341.2000000000005,10,338.3600000000006,2opt,notBad
4244,10,340.5200000000002,10,338.3600000000006,swap,improve
4245,10,339.28000000000026,10,338.3600000000006,swap,improve
4246,10,339.28000000000026,10,338.3600000000006,move,improve
4247,10,339.28000000000026,10,338.3600000000006,swap,notBad
4248,10,338.9000000000002,10,338.3600000000006,move,improve
4249,10,338.9000000000002,10,338.3600000000006,move,improve
4250,10,338.9000000000002,10,338.3600000000006,move,improve
4251,10,338.8600000000003,10,338.3600000000006,swap,improve
4252,10,338.8600000000003,10,338.3600000000006,2opt,notBad
4253,10,338.8600000000003,10,338.3600000000006,move,improve
4254,10,338.8600000000003,10,338.3600000000006,2opt,improve
4255,10,338.8600000000003,10,338.3600000000006,move,improve
4256,10,338.8600000000003,10,338.3600000000006,2opt,notBad
4257,10,338.8600000000003,10,338.3600000000006,swap,notBad
4258,10,339.38000000000034,10,338.3600000000006,swap,acceptBad
4259,10,339.38000000000034,10,338.3600000000006,2opt,notBad
4260,10,339.38000000000034,10,338.3600000000006,move,improve
4261,10,339.82000000000033,10,338.3600000000006,swap,acceptBad
4262,10,339.82000000000033,10,338.3600000000006,2opt,notBad
4263,10,339.82000000000033,10,338.3600000000006,move,improve
4264,10,339.82000000000033,10,338.3600000000006,move,improve
4265,10,339.82000000000033,10,338.3600000000006,2opt,improve
4266,10,339.82000000000033,10,338.3600000000006,move,improve
4267,10,339.1600000000003,10,338.3600000000006,swap,improve
4268,10,339.1600000000003,10,338.3600000000006,2opt,notBad
4269,10,339.1600000000003,10,338.3600000000006,move,improve
4270,10,339.1600000000003,10,338.3600000000006,2opt,notBad
4271,10,339.1600000000003,10,338.3600000000006,swap,notBad
4272,10,339.1600000000003,10,338.3600000000006,swap,notBad
4273,10,339.1600000000003,10,338.3600000000006,swap,notBad
4274,10,339.1600000000003,10,338.3600000000006,move,improve
4275,10,339.1600000000003,10,338.3600000000006,swap,notBad
4276,10,339.1600000000003,10,338.3600000000006,move,improve
4277,10,339.0400000000003,10,338.3600000000006,2opt,improve
4278,10,338.8400000000003,10,338.3600000000006,move,improve
4279,10,338.8400000000003,10,338.3600000000006,swap,notBad
4280,10,338.8400000000003,10,338.3600000000006,2opt,notBad
4281,10,338.8400000000003,10,338.3600000000006,swap,notBad
4282,10,338.8400000000003,10,338.3600000000006,swap,notBad
4283,10,338.3000000000003,10,338.3000000000003,move,newBest
4284,10,341.9400000000003,10,338.3000000000003,swap,acceptBad
4285,10,341.9400000000003,10,338.3000000000003,2opt,notBad
4286,10,340.8000000000003,10,338.3000000000003,move,improve
4287,10,341.0800000000004,10,338.3000000000003,2opt,acceptBad
4288,10,341.0800000000004,10,338.3000000000003,swap,notBad
4289,10,341.0800000000004,10,338.3000000000003,2opt,notBad
4290,10,341.0800000000004,10,338.3000000000003,move,improve
4291,10,339.1200000000003,10,338.3000000000003,swap,improve
4292,10,339.3200000000003,10,338.3000000000003,2opt,acceptBad
4293,10,339.3200000000003,10,338.3000000000003,2opt,notBad
4294,10,339.3200000000003,10,338.3000000000003,swap,notBad
4295,10,339.3200000000003,10,338.3000000000003,move,improve
4296,10,339.0000000000002,10,338.3000000000003,swap,improve
4297,10,337.96000000000026,10,337.96000000000026,2opt,newBest
4298,10,337.96000000000026,10,337.96000000000026,2opt,notBad
4299,10,338.9400000000003,10,337.96000000000026,2opt,acceptBad
4300,10,334.5800000000003,10,334.5800000000003,swap,newBest
4301,10,334.5800000000003,10,334.5800000000003,2opt,notBad
4302,10,334.4200000000003,10,334.4200000000003,swap,newBest
4303,10,334.4200000000003,10,334.4200000000003,swap,notBad
4304,10,334.4200000000003,10,334.4200000000003,move,improve
4305,10,342.1400000000003,10,334.4200000000003,swap,acceptBad
4306,10,342.1400000000003,10,334.4200000000003,swap,notBad
4307,10,342.1400000000003,10,334.4200000000003,move,improve
4308,10,340.62000000000035,10,334.4200000000003,move,improve
4309,10,340.62000000000035,10,334.4200000000003,2opt,notBad
4310,10,340.62000000000035,10,334.4200000000003,2opt,notBad
4311,10,340.62000000000035,10,334.4200000000003,move,improve
4312,10,340.62000000000035,10,334.4200000000003,2opt,notBad
4313,10,340.62000000000035,10,334.4200000000003,move,improve
4314,10,340.36000000000035,10,334.4200000000003,2opt,improve
4315,10,340.36000000000035,10,334.4200000000003,2opt,notBad
4316,10,346.54000000000036,10,334.4200000000003,swap,acceptBad
4317,10,346.54000000000036,10,334.4200000000003,2opt,notBad
4318,10,346.4800000000003,10,334.4200000000003,move,improve
4319,10,346.4800000000003,10,334.4200000000003,2opt,improve
4320,10,346.4800000000003,10,334.4200000000003,move,improve
4321,10,346.4800000000003,10,334.4200000000003,move,improve
4322,10,346.4800000000003,10,334.4200000000003,move,improve
4323,10,346.4800000000003,10,334.4200000000003,move,improve
4324,10,341.5600000000003,10,334.4200000000003,move,improve
4325,10,341.5600000000003,10,334.4200000000003,2opt,notBad
4326,10,341.5600000000003,10,334.4200000000003,2opt,notBad
4327,10,341.52000000000027,10,334.4200000000003,move,improve
4328,10,336.72000000000025,10,334.4200000000003,move,improve
4329,10,334.1600000000003,10,334.1600000000003,swap,newBest
4330,10,334.0000000000003,10,334.0000000000003,move,newBest
4331,10,334.0000000000003,10,334.0000000000003,swap,notBad
4332,10,334.0000000000003,10,334.0000000000003,swap,notBad
4333,10,334.0000000000003,10,334.0000000000003,2opt,notBad
4334,10,326.6600000000003,10,326.6600000000003,2opt,newBest
4335,10,326.6600000000003,10,326.6600000000003,swap,notBad
4336,10,326.5800000000003,10,326.5800000000003,move,newBest
4337,10,326.5800000000003,10,326.5800000000003,move,improve
4338,10,326.5800000000003,10,326.5800000000003,swap,notBad
4339,10,326.5800000000003,10,326.5800000000003,swap,notBad
4340,10,317.5400000000003,10,317.5400000000003,move,newBest
4341,10,317.5400000000003,10,317.5400000000003,move,improve
4342,10,317.5400000000003,10,317.5400000000003,swap,notBad
4343,10,317.5400000000003,10,317.5400000000003,2opt,notBad
4344,10,317.5400000000003,10,317.5400000000003,move,improve
4345,10,317.5400000000003,10,317.5400000000003,2opt,notBad
4346,10,316.36000000000024,10,316.36000000000024,2opt,newBest
4347,10,316.36000000000024,10,316.36000000000024,2opt,notBad
4348,10,316.28000000000026,10,316.28000000000026,move,newBest
4349,10,316.28000000000026,10,316.28000000000026,2opt,notBad
4350,10,316.28000000000026,10,316.28000000000026,2opt,notBad
4351,10,316.28000000000026,10,316.28000000000026,swap,notBad
4352,10,316.28000000000026,10,316.28000000000026,swap,notBad
4353,10,316.28000000000026,10,316.28000000000026,swap,notBad
4354,10,316.28000000000026,10,316.28000000000026,2opt,improve
4355,10,314.02000000000015,10,314.02000000000015,move,newBest
4356,10,314.02000000000015,10,314.02000000000015,2opt,notBad
4357,10,314.02000000000015,10,314.02000000000015,2opt,notBad
4358,10,314.02000000000015,10,314.02000000000015,move,improve
4359,10,314.02000000000015,10,314.02000000000015,2opt,notBad
4360,10,314.02000000000015,10,314.02000000000015,move,improve
4361,10,314.02000000000015,10,314.02000000000015,swap,notBad
4362,10,313.96000000000015,10,313.96000000000015,move,newBest
4363,10,314.03999999999985,10,313.96000000000015,swap,acceptBad
4364,10,314.03999999999985,10,313.96000000000015,move,improve
4365,10,314.03999999999985,10,313.96000000000015,move,improve
4366,10,314.03999999999985,10,313.96000000000015,2opt,notBad
4367,10,319.7000000000001,10,313.96000000000015,swap,acceptBad
4368,10,319.7000000000001,10,313.96000000000015,2opt,notBad
4369,10,319.7000000000001,10,313.96000000000015,swap,notBad
4370,10,319.7000000000001,10,313.96000000000015,swap,notBad
4371,10,319.7000000000001,10,313.96000000000015,swap,notBad
4372,10,319.7000000000001,10,313.96000000000015,swap,notBad
4373,10,319.7000000000001,10,313.96000000000015,swap,notBad
4374,10,319.7000000000001,10,313.96000000000015,2opt,notBad
4375,10,319.7000000000001,10,313.96000000000015,swap,notBad
4376,10,319.7000000000001,10,313.96000000000015,2opt,notBad
4377,10,319.7000000000001,10,313.96000000000015,move,improve
4378,10,320.0799999999997,10,313.96000000000015,2opt,acceptBad
4379,10,320.0799999999997,10,313.96000000000015,2opt,notBad
4380,10,320.0799999999997,10,313.96000000000015,2opt,notBad
4381,10,320.0799999999997,10,313.96000000000015,2opt,notBad
4382,10,320.0799999999997,10,313.96000000000015,swap,notBad
4383,10,320.0799999999997,10,313.96000000000015,2opt,notBad
4384,10,320.0799999999997,10,313.96000000000015,move,improve
4385,10,320.0799999999997,10,313.96000000000015,2opt,notBad
4386,10,320.0799999999997,10,313.96000000000015,move,improve
4387,10,320.0799999999997,10,313.96000000000015,move,improve
4388,10,320.0799999999997,10,313.96000000000015,2opt,notBad
4389,10,318.93999999999966,10,313.96000000000015,move,improve
4390,10,318.93999999999966,10,313.96000000000015,swap,notBad
4391,10,318.11999999999966,10,313.96000000000015,move,improve
4392,10,318.71999999999935,10,313.96000000000015,swap,acceptBad
4393,10,319.27999999999986,10,313.96000000000015,swap,acceptBad
4394,10,319.27999999999986,10,313.96000000000015,move,improve
4395,10,319.27999999999986,10,313.96000000000015,move,improve
4396,10,319.27999999999986,10,313.96000000000015,2opt,notBad
4397,10,319.27999999999986,10,313.96000000000015,swap,notBad
4398,10,319.27999999999986,10,313.96000000000015,move,improve
4399,10,319.27999999999986,10,313.96000000000015,2opt,notBad
4400,10,319.27999999999986,10,313.96000000000015,2opt,notBad
4401,10,319.27999999999986,10,313.96000000000015,2opt,notBad
4402,10,319.27999999999986,10,313.96000000000015,2opt,notBad
4403,10,310.0800000000003,10,310.0800000000003,move,newBest
4404,10,308.82000000000033,10,308.82000000000033,move,newBest
4405,10,308.82000000000033,10,308.82000000000033,2opt,notBad
4406,10,308.82000000000033,10,308.82000000000033,move,improve
4407,10,308.82000000000033,10,308.82000000000033,swap,notBad
4408,10,308.82000000000033,10,308.82000000000033,move,improve
4409,10,308.82000000000033,10,308.82000000000033,move,improve
4410,10,308.82000000000033,10,308.82000000000033,swap,notBad
4411,10,308.82000000000033,10,308.82000000000033,2opt,notBad
4412,10,308.82000000000033,10,308.82000000000033,move,improve
4413,10,308.82000000000033,10,308.82000000000033,move,improve
4414,10,308.82000000000033,10,308.82000000000033,2opt,notBad
4415,10,308.82000000000033,10,308.82000000000033,2opt,notBad
4416,10,308.82000000000033,10,308.82000000000033,swap,notBad
4417,10,313.0000000000003,10,308.82000000000033,swap,acceptBad
4418,10,313.0000000000003,10,308.82000000000033,2opt,notBad
4419,10,313.0000000000003,10,308.82000000000033,swap,notBad
4420,10,313.0000000000003,10,308.82000000000033,2opt,notBad
4421,10,313.0000000000003,10,308.82000000000033,swap,notBad
4422,10,313.0000000000003,10,308.82000000000033,2opt,improve
4423,10,313.0000000000003,10,308.82000000000033,move,improve
4424,10,313.0000000000003,10,308.82000000000033,2opt,notBad
4425,10,313.0000000000003,10,308.82000000000033,2opt,notBad
4426,10,313.0000000000003,10,308.82000000000033,swap,notBad
4427,10,313.0000000000003,10,308.82000000000033,2opt,improve
4428,10,313.0000000000003,10,308.82000000000033,2opt,notBad
4429,10,313.0000000000003,10,308.82000000000033,move,improve
4430,10,313.0000000000003,10,308.82000000000033,move,improve
4431,10,313.0000000000003,10,308.82000000000033,2opt,notBad
4432,10,313.0000000000003,10,308.82000000000033,2opt,notBad
4433,10,313.0000000000003,10,308.82000000000033,2opt,improve
4434,10,313.0000000000003,10,308.82000000000033,move,improve
4435,10,313.5000000000003,10,308.82000000000033,swap,acceptBad
4436,10,313.5000000000003,10,308.82000000000033,move,improve
4437,10,318.4400000000003,10,308.82000000000033,swap,acceptBad
4438,10,318.4400000000003,10,308.82000000000033,swap,notBad
4439,10,318.4400000000003,10,308.82000000000033,swap,notBad
4440,10,318.4400000000003,10,308.82000000000033,2opt,notBad
4441,10,318.4400000000003,10,308.82000000000033,move,improve
4442,10,318.4400000000003,10,308.82000000000033,swap,notBad
4443,10,318.4400000000003,10,308.82000000000033,move,improve
4444,10,318.4400000000003,10,308.82000000000033,swap,notBad
4445,10,321.08000000000027,10,308.82000000000033,swap,acceptBad
4446,10,321.08000000000027,10,308.82000000000033,swap,notBad
4447,10,320.10000000000025,10,308.82000000000033,move,improve
4448,10,320.10000000000025,10,308.82000000000033,move,improve
4449,10,320.10000000000025,10,308.82000000000033,swap,notBad
4450,10,320.10000000000025,10,308.82000000000033,move,improve
4451,10,320.10000000000025,10,308.82000000000033,move,improve
4452,10,320.10000000000025,10,308.82000000000033,move,improve
4453,10,320.10000000000025,10,308.82000000000033,swap,notBad
4454,10,320.10000000000025,10,308.82000000000033,swap,notBad
4455,10,320.10000000000025,10,308.82000000000033,swap,notBad
4456,10,320.10000000000025,10,308.82000000000033,swap,notBad
4457,10,319.9000000000003,10,308.82000000000033,move,improve
4458,10,319.9000000000003,10,308.82000000000033,move,improve
4459,10,312.8600000000003,10,308.82000000000033,move,improve
4460,10,312.8600000000003,10,308.82000000000033,2opt,notBad
4461,10,312.8600000000003,10,308.82000000000033,2opt,notBad
4462,10,312.8600000000003,10,308.82000000000033,swap,notBad
4463,10,312.8600000000003,10,308.82000000000033,swap,notBad
4464,10,312.8600000000003,10,308.82000000000033,swap,notBad
4465,10,312.46000000000026,10,308.82000000000033,swap,improve
4466,10,312.46000000000026,10,308.82000000000033,2opt,notBad
4467,10,320.46000000000026,10,308.82000000000033,swap,acceptBad
4468,10,320.46000000000026,10,308.82000000000033,move,improve
4469,10,324.3200000000003,10,308.82000000000033,swap,acceptBad
4470,10,324.3200000000003,10,308.82000000000033,move,improve
4471,10,325.60000000000036,10,308.82000000000033,2opt,acceptBad
4472,10,325.9400000000003,10,308.82000000000033,2opt,acceptBad
4473,10,323.38000000000034,10,308.82000000000033,move,improve
4474,10,323.38000000000034,10,308.82000000000033,move,notBad
4475,10,323.38000000000034,10,308.82000000000033,2opt,improve
4476,10,323.38000000000034,10,308.82000000000033,swap,notBad
4477,10,323.38000000000034,10,308.82000000000033,move,improve
4478,10,323.38000000000034,10,308.82000000000033,swap,notBad
4479,10,323.38000000000034,10,308.82000000000033,swap,notBad
4480,10,323.38000000000034,10,308.82000000000033,swap,notBad
4481,10,323.38000000000034,10,308.82000000000033,swap,notBad
4482,10,323.38000000000034,10,308.82000000000033,move,improve
4483,10,323.38000000000034,10,308.82000000000033,swap,notBad
4484,10,323.38000000000034,10,308.82000000000033,move,improve
4485,10,323.38000000000034,10,308.82000000000033,move,improve
4486,10,323.38000000000034,10,308.82000000000033,swap,notBad
4487,10,323.38000000000034,10,308.82000000000033,move,improve
4488,10,322.0800000000003,10,308.82000000000033,swap,improve
4489,10,322.0800000000003,10,308.82000000000033,swap,notBad
4490,10,322.0800000000003,10,308.82000000000033,swap,notBad
4491,10,322.0800000000003,10,308.82000000000033,2opt,notBad
4492,10,322.0800000000003,10,308.82000000000033,2opt,notBad
4493,10,322.0800000000003,10,308.82000000000033,swap,notBad
4494,10,322.0800000000003,10,308.82000000000033,2opt,improve
4495,10,322.0800000000003,10,308.82000000000033,swap,notBad
4496,10,322.0800000000003,10,308.82000000000033,move,improve
4497,10,322.0800000000003,10,308.82000000000033,move,improve
4498,10,322.0800000000003,10,308.82000000000033,swap,notBad
4499,10,322.0800000000003,10,308.82000000000033,move,improve
4500,10,322.0800000000003,10,308.82000000000033,2opt,notBad
4501,10,321.3000000000003,10,308.82000000000033,move,improve
4502,10,321.3000000000003,10,308.82000000000033,swap,notBad
4503,10,321.5000000000003,10,308.82000000000033,swap,acceptBad
4504,10,321.80000000000035,10,308.82000000000033,2opt,acceptBad
4505,10,321.80000000000035,10,308.82000000000033,2opt,improve
4506,10,321.80000000000035,10,308.82000000000033,swap,notBad
4507,10,318.8200000000006,10,308.82000000000033,2opt,improve
4508,10,318.8200000000006,10,308.82000000000033,2opt,notBad
4509,10,317.20000000000067,10,308.82000000000033,move,improve
4510,10,309.1200000000007,10,308.82000000000033,move,improve
4511,10,308.7600000000006,10,308.7600000000006,move,newBest
4512,10,308.7600000000006,10,308.7600000000006,move,improve
4513,10,308.7600000000006,10,308.7600000000006,move,improve
4514,10,308.7600000000006,10,308.7600000000006,move,improve
4515,10,308.9000000000006,10,308.7600000000006,swap,acceptBad
4516,10,308.9000000000006,10,308.7600000000006,2opt,notBad
4517,10,307.4000000000006,10,307.4000000000006,move,newBest
4518,10,307.4000000000006,10,307.4000000000006,swap,notBad
4519,10,307.4000000000006,10,307.4000000000006,2opt,notBad
4520,10,307.4000000000006,10,307.4000000000006,swap,notBad
4521,10,305.4000000000006,10,305.4000000000006,swap,newBest
4522,10,305.4000000000006,10,305.4000000000006,move,improve
4523,10,305.4000000000006,10,305.4000000000006,2opt,notBad
4524,10,305.4000000000006,10,305.4000000000006,2opt,notBad
4525,10,304.5000000000006,10,304.5000000000006,move,newBest
4526,10,304.5000000000006,10,304.5000000000006,2opt,notBad
4527,10,304.5000000000006,10,304.5000000000006,move,improve
4528,10,304.5000000000006,10,304.5000000000006,2opt,notBad
4529,10,304.5000000000006,10,304.5000000000006,swap,notBad
4530,10,304.5000000000006,10,304.5000000000006,swap,notBad
4531,10,304.5000000000006,10,304.5000000000006,swap,notBad
4532,10,304.5000000000006,10,304.5000000000006,swap,notBad
4533,10,304.5000000000006,10,304.5000000000006,swap,notBad
4534,10,304.5000000000006,10,304.5000000000006,move,improve
4535,10,304.5000000000006,10,304.5000000000006,move,improve
4536,10,304.5000000000006,10,304.5000000000006,move,improve
4537,10,304.5000000000006,10,304.5000000000006,swap,notBad
4538,10,304.5000000000006,10,304.5000000000006,move,improve
4539,10,304.5000000000006,10,304.5000000000006,swap,notBad
4540,10,304.5000000000006,10,304.5000000000006,2opt,notBad
4541,10,304.5000000000006,10,304.5000000000006,move,improve
4542,10,304.5000000000006,10,304.5000000000006,move,improve
4543,10,304.5000000000006,10,304.5000000000006,swap,notBad
4544,10,304.5000000000006,10,304.5000000000006,2opt,notBad
4545,10,304.5000000000006,10,304.5000000000006,2opt,notBad
4546,10,303.0800000000006,10,303.0800000000006,move,newBest
4547,10,305.7000000000006,10,303.0800000000006,swap,acceptBad
4548,10,305.7000000000006,10,303.0800000000006,move,improve
4549,10,295.0200000000006,10,295.0200000000006,move,newBest
4550,10,295.0200000000006,10,295.0200000000006,move,improve
4551,10,295.0200000000006,10,295.0200000000006,2opt,improve
4552,10,295.0200000000006,10,295.0200000000006,move,improve
4553,10,295.0200000000006,10,295.0200000000006,move,improve
4554,10,295.0200000000006,10,295.0200000000006,swap,notBad
4555,10,295.0200000000006,10,295.0200000000006,2opt,notBad
4556,10,295.0200000000006,10,295.0200000000006,move,improve
4557,10,295.8200000000007,10,295.0200000000006,swap,acceptBad
4558,10,295.8200000000007,10,295.0200000000006,swap,notBad
4559,10,295.8200000000007,10,295.0200000000006,move,improve
4560,10,295.8200000000007,10,295.0200000000006,move,improve
4561,10,295.8200000000007,10,295.0200000000006,swap,notBad
4562,10,295.8200000000007,10,295.0200000000006,move,improve
4563,10,295.8200000000007,10,295.0200000000006,2opt,notBad
4564,10,295.8200000000007,10,295.0200000000006,move,improve
4565,10,295.8200000000007,10,295.0200000000006,swap,notBad
4566,10,295.8200000000007,10,295.0200000000006,2opt,notBad
4567,10,295.8200000000007,10,295.0200000000006,2opt,notBad
4568,10,295.8200000000007,10,295.0200000000006,swap,notBad
4569,10,295.8200000000007,10,295.0200000000006,move,improve
4570,10,295.8200000000007,10,295.0200000000006,2opt,notBad
4571,10,295.8200000000007,10,295.0200000000006,move,notBad
4572,10,295.8200000000007,10,295.0200000000006,2opt,notBad
4573,10,295.8200000000007,10,295.0200000000006,2opt,notBad
4574,10,295.8200000000007,10,295.0200000000006,2opt,notBad
4575,10,295.8200000000007,10,295.0200000000006,2opt,notBad
4576,10,295.8200000000007,10,295.0200000000006,2opt,notBad
4577,10,295.8200000000007,10,295.0200000000006,move,improve
4578,10,293.2000000000007,10,293.2000000000007,swap,newBest
4579,10,293.2000000000007,10,293.2000000000007,swap,notBad
4580,10,293.2000000000007,10,293.2000000000007,move,improve
4581,10,293.2000000000007,10,293.2000000000007,swap,notBad
4582,10,293.2000000000007,10,293.2000000000007,2opt,notBad
4583,10,293.2000000000007,10,293.2000000000007,move,improve
4584,10,293.2000000000007,10,293.2000000000007,2opt,improve
4585,10,293.2000000000007,10,293.2000000000007,2opt,notBad
4586,10,293.2000000000007,10,293.2000000000007,swap,notBad
4587,10,293.2000000000007,10,293.2000000000007,move,improve
4588,10,297.0000000000006,10,293.2000000000007,swap,acceptBad
4589,10,297.0000000000006,10,293.2000000000007,swap,notBad
4590,10,297.0000000000006,10,293.2000000000007,move,improve
4591,10,294.8200000000006,10,293.2000000000007,move,improve
4592,10,294.8200000000006,10,293.2000000000007,swap,notBad
4593,10,294.8200000000006,10,293.2000000000007,move,improve
4594,10,294.8200000000006,10,293.2000000000007,move,improve
4595,10,294.8200000000006,10,293.2000000000007,swap,notBad
4596,10,294.8200000000006,10,293.2000000000007,2opt,notBad
4597,10,294.8200000000006,10,293.2000000000007,2opt,notBad
4598,10,294.8200000000006,10,293.2000000000007,swap,notBad
4599,10,294.8200000000006,10,293.2000000000007,swap,notBad
4600,10,294.8200000000006,10,293.2000000000007,2opt,notBad
4601,10,294.8200000000006,10,293.2000000000007,swap,notBad
4602,10,294.5800000000004,10,293.2000000000007,swap,improve
4603,10,294.5800000000004,10,293.2000000000007,swap,notBad
4604,10,294.5800000000004,10,293.2000000000007,swap,notBad
4605,10,294.5800000000004,10,293.2000000000007,move,improve
4606,10,294.5800000000004,10,293.2000000000007,move,improve
4607,10,294.5800000000004,10,293.2000000000007,move,improve
4608,10,294.5800000000004,10,293.2000000000007,move,improve
4609,10,294.8200000000006,10,293.2000000000007,swap,acceptBad
4610,10,294.8200000000006,10,293.2000000000007,2opt,notBad
4611,10,294.8200000000006,10,293.2000000000007,2opt,notBad
4612,10,294.8200000000006,10,293.2000000000007,move,improve
4613,10,294.8200000000006,10,293.2000000000007,move,improve
4614,10,294.8200000000006,10,293.2000000000007,2opt,notBad
4615,10,294.8200000000006,10,293.2000000000007,move,improve
4616,10,294.8200000000006,10,293.2000000000007,move,improve
4617,10,294.8200000000006,10,293.2000000000007,move,improve
4618,10,294.8200000000006,10,293.2000000000007,move,improve
4619,10,294.8200000000006,10,293.2000000000007,move,improve
4620,10,294.8200000000006,10,293.2000000000007,2opt,improve
4621,10,294.8200000000006,10,293.2000000000007,2opt,notBad
4622,10,294.8200000000006,10,293.2000000000007,move,improve
4623,10,294.8200000000006,10,293.2000000000007,move,improve
4624,10,294.8200000000006,10,293.2000000000007,move,improve
4625,10,294.8200000000006,10,293.2000000000007,swap,notBad
4626,10,294.8200000000006,10,293.2000000000007,swap,notBad
4627,10,294.8200000000006,10,293.2000000000007,move,improve
4628,10,294.8200000000006,10,293.2000000000007,swap,notBad
4629,10,294.8200000000006,10,293.2000000000007,2opt,improve
4630,10,294.8200000000006,10,293.2000000000007,swap,notBad
4631,10,294.8200000000006,10,293.2000000000007,swap,notBad
4632,10,294.8200000000006,10,293.2000000000007,2opt,notBad
4633,10,295.9800000000007,10,293.2000000000007,2opt,acceptBad
4634,10,295.9400000000007,10,293.2000000000007,move,improve
4635,10,295.9400000000007,10,293.2000000000007,move,improve
4636,10,295.9400000000007,10,293.2000000000007,2opt,notBad
4637,10,295.9400000000007,10,293.2000000000007,swap,notBad
4638,10,295.9400000000007,10,293.2000000000007,move,improve
4639,10,295.9400000000007,10,293.2000000000007,2opt,notBad
4640,10,297.82000000000073,10,293.2000000000007,swap,acceptBad
4641,10,297.82000000000073,10,293.2000000000007,swap,notBad
4642,10,297.82000000000073,10,293.2000000000007,2opt,notBad
4643,10,297.82000000000073,10,293.2000000000007,move,improve
4644,10,297.82000000000073,10,293.2000000000007,2opt,notBad
4645,10,297.82000000000073,10,293.2000000000007,2opt,notBad
4646,10,297.82000000000073,10,293.2000000000007,2opt,notBad
4647,10,297.28000000000077,10,293.2000000000007,move,improve
4648,10,297.28000000000077,10,293.2000000000007,swap,notBad
4649,10,297.28000000000077,10,293.2000000000007,move,improve
4650,10,297.28000000000077,10,293.2000000000007,swap,notBad
4651,10,297.28000000000077,10,293.2000000000007,2opt,notBad
4652,10,298.46000000000066,10,293.2000000000007,2opt,acceptBad
4653,10,298.46000000000066,10,293.2000000000007,move,improve
4654,10,298.46000000000066,10,293.2000000000007,move,improve
4655,10,298.46000000000066,10,293.2000000000007,2opt,notBad
4656,10,298.46000000000066,10,293.2000000000007,swap,notBad
4657,10,304.58000000000067,10,293.2000000000007,swap,acceptBad
4658,10,304.58000000000067,10,293.2000000000007,2opt,notBad
4659,10,300.6200000000007,10,293.2000000000007,move,improve
4660,10,300.6200000000007,10,293.2000000000007,swap,notBad
4661,10,300.6200000000007,10,293.2000000000007,swap,notBad
4662,10,300.6200000000007,10,293.2000000000007,swap,notBad
4663,10,300.6200000000007,10,293.2000000000007,2opt,notBad
4664,10,300.6200000000007,10,293.2000000000007,2opt,notBad
4665,10,300.6200000000007,10,293.2000000000007,swap,notBad
4666,10,300.6200000000007,10,293.2000000000007,swap,notBad
4667,10,300.6200000000007,10,293.2000000000007,2opt,notBad
4668,10,300.6200000000007,10,293.2000000000007,2opt,notBad
4669,10,300.6200000000007,10,293.2000000000007,move,improve
4670,10,300.6200000000007,10,293.2000000000007,swap,notBad
4671,10,300.6200000000007,10,293.2000000000007,swap,notBad
4672,10,300.6200000000007,10,293.2000000000007,move,improve
4673,10,300.6200000000007,10,293.2000000000007,swap,notBad
4674,10,300.6200000000007,10,293.2000000000007,2opt,notBad
4675,10,300.6200000000007,10,293.2000000000007,move,improve
4676,10,300.6200000000007,10,293.2000000000007,move,improve
4677,10,300.6200000000007,10,293.2000000000007,move,improve
4678,10,300.6200000000007,10,293.2000000000007,2opt,notBad
4679,10,300.6200000000007,10,293.2000000000007,move,improve
4680,10,300.6200000000007,10,293.2000000000007,swap,notBad
4681,10,300.6200000000007,10,293.2000000000007,move,improve
4682,10,300.6200000000007,10,293.2000000000007,move,improve
4683,10,300.6200000000007,10,293.2000000000007,2opt,notBad
4684,10,300.6200000000007,10,293.2000000000007,2opt,notBad
4685,10,300.6200000000007,10,293.2000000000007,swap,notBad
4686,10,300.6200000000007,10,293.2000000000007,move,improve
4687,10,300.6200000000007,10,293.2000000000007,swap,notBad
4688,10,300.6200000000007,10,293.2000000000007,swap,notBad
4689,10,300.6200000000007,10,293.2000000000007,swap,notBad
4690,10,300.6200000000007,10,293.2000000000007,swap,notBad
4691,10,300.6200000000007,10,293.2000000000007,move,improve
4692,10,300.6200000000007,10,293.2000000000007,2opt,notBad
4693,10,300.6200000000007,10,293.2000000000007,2opt,notBad
4694,10,300.6200000000007,10,293.2000000000007,move,improve
4695,10,300.6200000000007,10,293.2000000000007,swap,notBad
4696,10,300.6200000000007,10,293.2000000000007,move,improve
4697,10,298.6600000000007,10,293.2000000000007,move,improve
4698,10,298.6600000000007,10,293.2000000000007,move,improve
4699,10,298.7600000000007,10,293.2000000000007,swap,acceptBad
4700,10,298.7600000000007,10,293.2000000000007,move,improve
4701,10,298.7600000000007,10,293.2000000000007,2opt,notBad
4702,10,298.7600000000007,10,293.2000000000007,2opt,notBad
4703,10,298.7600000000007,10,293.2000000000007,2opt,notBad
4704,10,298.7600000000007,10,293.2000000000007,2opt,notBad
4705,10,298.7600000000007,10,293.2000000000007,swap,notBad
4706,10,298.7600000000007,10,293.2000000000007,swap,notBad
4707,10,298.7600000000007,10,293.2000000000007,2opt,notBad
4708,10,298.7600000000007,10,293.2000000000007,swap,notBad
4709,10,298.7600000000007,10,293.2000000000007,move,improve
4710,10,298.7600000000007,10,293.2000000000007,move,improve
4711,10,298.7600000000007,10,293.2000000000007,move,improve
4712,10,298.7600000000007,10,293.2000000000007,2opt,notBad
4713,10,298.7600000000007,10,293.2000000000007,swap,notBad
4714,10,300.24000000000035,10,293.2000000000007,swap,acceptBad
4715,10,300.24000000000035,10,293.2000000000007,2opt,improve
4716,10,300.24000000000035,10,293.2000000000007,swap,notBad
4717,10,300.24000000000035,10,293.2000000000007,2opt,improve
4718,10,300.24000000000035,10,293.2000000000007,2opt,notBad
4719,10,300.24000000000035,10,293.2000000000007,swap,notBad
4720,10,300.24000000000035,10,293.2000000000007,2opt,notBad
4721,10,300.24000000000035,10,293.2000000000007,move,improve
4722,10,300.24000000000035,10,293.2000000000007,move,improve
4723,10,300.24000000000035,10,293.2000000000007,2opt,notBad
4724,10,298.76000000000033,10,293.2000000000007,move,improve
4725,10,298.76000000000033,10,293.2000000000007,2opt,improve
4726,10,298.76000000000033,10,293.2000000000007,swap,notBad
4727,10,298.76000000000033,10,293.2000000000007,move,improve
4728,10,298.76000000000033,10,293.2000000000007,swap,notBad
4729,10,298.76000000000033,10,293.2000000000007,move,improve
4730,10,298.76000000000033,10,293.2000000000007,move,notBad
4731,10,298.76000000000033,10,293.2000000000007,2opt,notBad
4732,10,298.76000000000033,10,293.2000000000007,swap,notBad
4733,10,298.76000000000033,10,293.2000000000007,swap,notBad
4734,10,298.76000000000033,10,293.2000000000007,move,improve
4735,10,298.76000000000033,10,293.2000000000007,2opt,notBad
4736,10,298.76000000000033,10,293.2000000000007,swap,notBad
4737,10,300.38000000000045,10,293.2000000000007,2opt,acceptBad
4738,10,300.38000000000045,10,293.2000000000007,swap,notBad
4739,10,300.38000000000045,10,293.2000000000007,swap,notBad
4740,10,300.38000000000045,10,293.2000000000007,move,improve
4741,10,300.38000000000045,10,293.2000000000007,swap,notBad
4742,10,300.38000000000045,10,293.2000000000007,swap,notBad
4743,10,300.38000000000045,10,293.2000000000007,2opt,notBad
4744,10,300.38000000000045,10,293.2000000000007,2opt,notBad
4745,10,300.38000000000045,10,293.2000000000007,2opt,notBad
4746,10,300.38000000000045,10,293.2000000000007,2opt,notBad
4747,10,300.38000000000045,10,293.2000000000007,2opt,notBad
4748,10,304.18000000000035,10,293.2000000000007,swap,acceptBad
4749,10,304.18000000000035,10,293.2000000000007,move,improve
4750,10,304.18000000000035,10,293.2000000000007,2opt,notBad
4751,10,304.18000000000035,10,293.2000000000007,move,improve
4752,10,304.18000000000035,10,293.2000000000007,move,improve
4753,10,304.18000000000035,10,293.2000000000007,move,improve
4754,10,304.18000000000035,10,293.2000000000007,move,improve
4755,10,304.18000000000035,10,293.2000000000007,2opt,notBad
4756,10,304.18000000000035,10,293.2000000000007,swap,notBad
4757,10,304.18000000000035,10,293.2000000000007,2opt,notBad
4758,10,304.18000000000035,10,293.2000000000007,swap,notBad
4759,10,304.18000000000035,10,293.2000000000007,swap,notBad
4760,10,304.18000000000035,10,293.2000000000007,swap,notBad
4761,10,304.18000000000035,10,293.2000000000007,move,improve
4762,10,304.18000000000035,10,293.2000000000007,swap,notBad
4763,10,304.60000000000036,10,293.2000000000007,swap,acceptBad
4764,10,304.60000000000036,10,293.2000000000007,swap,notBad
4765,10,304.5000000000003,10,293.2000000000007,move,improve
4766,10,304.5000000000003,10,293.2000000000007,move,improve
4767,10,304.5000000000003,10,293.2000000000007,swap,notBad
4768,10,304.5000000000003,10,293.2000000000007,2opt,notBad
4769,10,304.5000000000003,10,293.2000000000007,move,improve
4770,10,293.66000000000025,10,293.2000000000007,move,improve
4771,10,293.66000000000025,10,293.2000000000007,2opt,notBad
4772,10,293.66000000000025,10,293.2000000000007,2opt,notBad
4773,10,293.66000000000025,10,293.2000000000007,swap,notBad
4774,10,293.66000000000025,10,293.2000000000007,move,improve
4775,10,293.66000000000025,10,293.2000000000007,move,improve
4776,10,293.66000000000025,10,293.2000000000007,swap,notBad
4777,10,293.66000000000025,10,293.2000000000007,2opt,notBad
4778,10,293.66000000000025,10,293.2000000000007,move,improve
4779,10,293.66000000000025,10,293.2000000000007,2opt,notBad
4780,10,293.66000000000025,10,293.2000000000007,2opt,notBad
4781,10,299.3400000000006,10,293.2000000000007,swap,acceptBad
4782,10,299.3400000000006,10,293.2000000000007,move,improve
4783,10,299.3400000000006,10,293.2000000000007,swap,notBad
4784,10,299.3400000000006,10,293.2000000000007,move,improve
4785,10,299.9400000000001,10,293.2000000000007,swap,acceptBad
4786,10,299.9400000000001,10,293.2000000000007,swap,notBad
4787,10,299.9400000000001,10,293.2000000000007,move,improve
4788,10,299.9400000000001,10,293.2000000000007,swap,notBad
4789,10,299.9400000000001,10,293.2000000000007,2opt,notBad
4790,10,299.9400000000001,10,293.2000000000007,move,improve
4791,10,299.9400000000001,10,293.2000000000007,2opt,notBad
4792,10,299.9400000000001,10,293.2000000000007,move,improve
4793,10,299.9400000000001,10,293.2000000000007,2opt,notBad
4794,10,299.9400000000001,10,293.2000000000007,move,improve
4795,10,299.9400000000001,10,293.2000000000007,move,improve
4796,10,299.9400000000001,10,293.2000000000007,move,improve
4797,10,299.9400000000001,10,293.2000000000007,swap,notBad
4798,10,299.9400000000001,10,293.2000000000007,swap,notBad
4799,10,299.9400000000001,10,293.2000000000007,swap,notBad
4800,10,299.9400000000001,10,293.2000000000007,swap,notBad
4801,10,299.9400000000001,10,293.2000000000007,2opt,notBad
4802,10,299.9400000000001,10,293.2000000000007,move,improve
4803,10,299.9400000000001,10,293.2000000000007,2opt,notBad
4804,10,299.9400000000001,10,293.2000000000007,move,improve
4805,10,299.9400000000001,10,293.2000000000007,swap,notBad
4806,10,299.9400000000001,10,293.2000000000007,move,improve
4807,10,299.9400000000001,10,293.2000000000007,move,improve
4808,10,299.9400000000001,10,293.2000000000007,swap,notBad
4809,10,299.9400000000001,10,293.2000000000007,swap,notBad
4810,10,299.9400000000001,10,293.2000000000007,swap,notBad
4811,10,299.9400000000001,10,293.2000000000007,move,improve
4812,10,299.9400000000001,10,293.2000000000007,swap,notBad
4813,10,299.9400000000001,10,293.2000000000007,2opt,notBad
4814,10,299.9400000000001,10,293.2000000000007,2opt,notBad
4815,10,299.9400000000001,10,293.2000000000007,move,improve
4816,10,299.9400000000001,10,293.2000000000007,2opt,notBad
4817,10,299.9400000000001,10,293.2000000000007,2opt,notBad
4818,10,299.9400000000001,10,293.2000000000007,2opt,notBad
4819,10,299.9400000000001,10,293.2000000000007,swap,notBad
4820,10,299.9400000000001,10,293.2000000000007,2opt,improve
4821,10,299.9400000000001,10,293.2000000000007,swap,notBad
4822,10,299.9400000000001,10,293.2000000000007,2opt,notBad
4823,10,299.9400000000001,10,293.2000000000007,swap,notBad
4824,10,299.9400000000001,10,293.2000000000007,move,improve
4825,10,299.9400000000001,10,293.2000000000007,swap,notBad
4826,10,299.9400000000001,10,293.2000000000007,swap,notBad
4827,10,299.56,10,293.2000000000007,move,improve
4828,10,299.56,10,293.2000000000007,2opt,notBad
4829,10,299.56,10,293.2000000000007,2opt,notBad
4830,10,299.56,10,293.2000000000007,move,improve
4831,10,302.48000000000025,10,293.2000000000007,swap,acceptBad
4832,10,302.48000000000025,10,293.2000000000007,move,improve
4833,10,302.48000000000025,10,293.2000000000007,2opt,notBad
4834,10,302.48000000000025,10,293.2000000000007,2opt,improve
4835,10,302.48000000000025,10,293.2000000000007,swap,notBad
4836,10,302.48000000000025,10,293.2000000000007,move,improve
4837,10,302.48000000000025,10,293.2000000000007,2opt,notBad
4838,10,302.48000000000025,10,293.2000000000007,2opt,notBad
4839,10,302.48000000000025,10,293.2000000000007,move,improve
4840,10,302.48000000000025,10,293.2000000000007,move,improve
4841,10,302.48000000000025,10,293.2000000000007,2opt,notBad
4842,10,302.48000000000025,10,293.2000000000007,swap,notBad
4843,10,302.48000000000025,10,293.2000000000007,swap,notBad
4844,10,302.48000000000025,10,293.2000000000007,move,improve
4845,10,302.48000000000025,10,293.2000000000007,move,improve
4846,10,302.48000000000025,10,293.2000000000007,move,improve
4847,10,302.48000000000025,10,293.2000000000007,2opt,improve
4848,10,302.48000000000025,10,293.2000000000007,2opt,notBad
4849,10,302.48000000000025,10,293.2000000000007,2opt,notBad
4850,10,302.48000000000025,10,293.2000000000007,swap,notBad
4851,10,302.48000000000025,10,293.2000000000007,swap,notBad
4852,10,302.48000000000025,10,293.2000000000007,2opt,notBad
4853,10,302.48000000000025,10,293.2000000000007,swap,notBad
4854,10,302.48000000000025,10,293.2000000000007,move,improve
4855,10,302.48000000000025,10,293.2000000000007,move,improve
4856,10,302.48000000000025,10,293.2000000000007,2opt,notBad
4857,10,302.48000000000025,10,293.2000000000007,move,improve
4858,10,298.5000000000003,10,293.2000000000007,swap,improve
4859,10,298.5000000000003,10,293.2000000000007,2opt,notBad
4860,10,298.2200000000003,10,293.2000000000007,move,improve
4861,10,298.2200000000003,10,293.2000000000007,move,improve
4862,10,298.2200000000003,10,293.2000000000007,move,improve
4863,10,298.2200000000003,10,293.2000000000007,2opt,notBad
4864,10,298.2200000000003,10,293.2000000000007,2opt,notBad
4865,10,296.48000000000025,10,293.2000000000007,swap,improve
4866,10,296.48000000000025,10,293.2000000000007,2opt,notBad
4867,10,296.48000000000025,10,293.2000000000007,swap,notBad
4868,10,296.48000000000025,10,293.2000000000007,swap,notBad
4869,10,296.48000000000025,10,293.2000000000007,swap,notBad
4870,10,296.48000000000025,10,293.2000000000007,2opt,notBad
4871,10,296.48000000000025,10,293.2000000000007,swap,notBad
4872,10,296.48000000000025,10,293.2000000000007,2opt,notBad
4873,10,291.86000000000024,10,291.86000000000024,move,newBest
4874,10,291.86000000000024,10,291.86000000000024,move,improve
4875,10,291.86000000000024,10,291.86000000000024,2opt,notBad
4876,10,291.86000000000024,10,291.86000000000024,move,improve
4877,10,291.86000000000024,10,291.86000000000024,2opt,improve
4878,10,291.34000000000026,10,291.34000000000026,move,newBest
4879,10,291.34000000000026,10,291.34000000000026,2opt,notBad
4880,10,291.34000000000026,10,291.34000000000026,2opt,notBad
4881,10,291.34000000000026,10,291.34000000000026,move,improve
4882,10,291.34000000000026,10,291.34000000000026,move,improve
4883,10,291.34000000000026,10,291.34000000000026,2opt,notBad
4884,10,291.34000000000026,10,291.34000000000026,swap,notBad
4885,10,291.34000000000026,10,291.34000000000026,2opt,notBad
4886,10,291.34000000000026,10,291.34000000000026,2opt,notBad
4887,10,291.34000000000026,10,291.34000000000026,2opt,notBad
4888,10,291.34000000000026,10,291.34000000000026,2opt,notBad
4889,10,291.34000000000026,10,291.34000000000026,swap,notBad
4890,10,291.34000000000026,10,291.34000000000026,move,improve
4891,10,291.34000000000026,10,291.34000000000026,move,improve
4892,10,291.34000000000026,10,291.34000000000026,swap,notBad
4893,10,291.34000000000026,10,291.34000000000026,swap,notBad
4894,10,291.34000000000026,10,291.34000000000026,swap,notBad
4895,10,290.96000000000015,10,290.96000000000015,move,newBest
4896,10,290.96000000000015,10,290.96000000000015,swap,notBad
4897,10,290.96000000000015,10,290.96000000000015,2opt,notBad
4898,10,290.96000000000015,10,290.96000000000015,swap,notBad
4899,10,290.96000000000015,10,290.96000000000015,2opt,notBad
4900,10,290.96000000000015,10,290.96000000000015,2opt,notBad
4901,10,290.96000000000015,10,290.96000000000015,move,improve
4902,10,290.96000000000015,10,290.96000000000015,swap,notBad
4903,10,290.96000000000015,10,290.96000000000015,swap,notBad
4904,10,290.96000000000015,10,290.96000000000015,2opt,notBad
4905,10,290.96000000000015,10,290.96000000000015,2opt,notBad
4906,10,290.96000000000015,10,290.96000000000015,swap,notBad
4907,10,288.86000000000064,10,288.86000000000064,move,newBest
4908,10,288.86000000000064,10,288.86000000000064,swap,notBad
4909,10,288.86000000000064,10,288.86000000000064,move,improve
4910,10,288.86000000000064,10,288.86000000000064,swap,notBad
4911,10,288.86000000000064,10,288.86000000000064,move,improve
4912,10,288.86000000000064,10,288.86000000000064,move,improve
4913,10,288.86000000000064,10,288.86000000000064,move,improve
4914,10,288.86000000000064,10,288.86000000000064,swap,notBad
4915,10,288.86000000000064,10,288.86000000000064,swap,notBad
4916,10,288.86000000000064,10,288.86000000000064,2opt,notBad
4917,10,288.86000000000064,10,288.86000000000064,move,improve
4918,10,288.86000000000064,10,288.86000000000064,2opt,notBad
4919,10,288.86000000000064,10,288.86000000000064,swap,notBad
4920,10,288.86000000000064,10,288.86000000000064,swap,notBad
4921,10,288.3000000000002,10,288.3000000000002,swap,newBest
4922,10,288.3000000000002,10,288.3000000000002,2opt,improve
4923,10,288.3000000000002,10,288.3000000000002,swap,notBad
4924,10,288.3000000000002,10,288.3000000000002,swap,notBad
4925,10,288.3000000000002,10,288.3000000000002,2opt,notBad
4926,10,287.0000000000001,10,287.0000000000001,move,newBest
4927,10,287.0000000000001,10,287.0000000000001,2opt,improve
4928,10,287.0000000000001,10,287.0000000000001,swap,notBad
4929,10,287.0000000000001,10,287.0000000000001,2opt,notBad
4930,10,287.0000000000001,10,287.0000000000001,swap,notBad
4931,10,287.0000000000001,10,287.0000000000001,move,improve
4932,10,287.0000000000001,10,287.0000000000001,2opt,improve
4933,10,287.0000000000001,10,287.0000000000001,move,improve
4934,10,287.0000000000001,10,287.0000000000001,move,improve
4935,10,288.64000000000016,10,287.0000000000001,swap,acceptBad
4936,10,288.64000000000016,10,287.0000000000001,swap,notBad
4937,10,288.64000000000016,10,287.0000000000001,swap,notBad
4938,10,288.64000000000016,10,287.0000000000001,swap,notBad
4939,10,288.64000000000016,10,287.0000000000001,swap,notBad
4940,10,288.64000000000016,10,287.0000000000001,swap,notBad
4941,10,288.64000000000016,10,287.0000000000001,2opt,notBad
4942,10,288.64000000000016,10,287.0000000000001,2opt,notBad
4943,10,288.64000000000016,10,287.0000000000001,swap,notBad
4944,10,288.64000000000016,10,287.0000000000001,swap,notBad
4945,10,288.64000000000016,10,287.0000000000001,move,improve
4946,10,288.64000000000016,10,287.0000000000001,move,notBad
4947,10,288.64000000000016,10,287.0000000000001,move,improve
4948,10,288.64000000000016,10,287.0000000000001,swap,notBad
4949,10,288.64000000000016,10,287.0000000000001,swap,notBad
4950,10,288.64000000000016,10,287.0000000000001,2opt,improve
4951,10,288.64000000000016,10,287.0000000000001,move,improve
4952,10,288.64000000000016,10,287.0000000000001,swap,notBad
4953,10,288.64000000000016,10,287.0000000000001,move,improve
4954,10,288.64000000000016,10,287.0000000000001,swap,notBad
4955,10,288.64000000000016,10,287.0000000000001,swap,notBad
4956,10,288.64000000000016,10,287.0000000000001,swap,notBad
4957,10,288.64000000000016,10,287.0000000000001,move,improve
4958,10,288.64000000000016,10,287.0000000000001,2opt,notBad
4959,10,288.64000000000016,10,287.0000000000001,move,improve
4960,10,288.64000000000016,10,287.0000000000001,swap,notBad
4961,10,288.64000000000016,10,287.0000000000001,move,improve
4962,10,288.64000000000016,10,287.0000000000001,move,improve
4963,10,288.64000000000016,10,287.0000000000001,swap,notBad
4964,10,288.64000000000016,10,287.0000000000001,move,improve
4965,10,288.64000000000016,10,287.0000000000001,move,improve
4966,10,288.64000000000016,10,287.0000000000001,swap,notBad
4967,10,288.64000000000016,10,287.0000000000001,move,improve
4968,10,288.64000000000016,10,287.0000000000001,swap,notBad
4969,10,287.0000000000001,10,287.0000000000001,move,improve
4970,10,287.0000000000001,10,287.0000000000001,2opt,notBad
4971,10,287.0000000000001,10,287.0000000000001,2opt,notBad
4972,10,287.0000000000001,10,287.0000000000001,swap,notBad
4973,10,287.0000000000001,10,287.0000000000001,move,improve
4974,10,287.0000000000001,10,287.0000000000001,2opt,notBad
4975,10,287.0000000000001,10,287.0000000000001,2opt,notBad
4976,10,289.6200000000008,10,287.0000000000001,swap,acceptBad
4977,10,289.6200000000008,10,287.0000000000001,move,improve
4978,10,289.6200000000008,10,287.0000000000001,2opt,notBad
4979,10,289.6200000000008,10,287.0000000000001,move,improve
4980,10,291.2400000000008,10,287.0000000000001,swap,acceptBad
4981,10,289.5000000000006,10,287.0000000000001,move,improve
4982,10,289.5000000000006,10,287.0000000000001,2opt,improve
4983,10,289.5000000000006,10,287.0000000000001,2opt,notBad
4984,10,289.5000000000006,10,287.0000000000001,2opt,notBad
4985,10,289.5000000000006,10,287.0000000000001,swap,notBad
4986,10,289.5000000000006,10,287.0000000000001,swap,notBad
4987,10,289.5000000000006,10,287.0000000000001,2opt,notBad
4988,10,289.5000000000006,10,287.0000000000001,swap,notBad
4989,10,289.5000000000006,10,287.0000000000001,swap,notBad
4990,10,289.5000000000006,10,287.0000000000001,move,improve
4991,10,289.5000000000006,10,287.0000000000001,swap,notBad
4992,10,289.5000000000006,10,287.0000000000001,2opt,notBad
4993,10,289.5000000000006,10,287.0000000000001,swap,notBad
4994,10,289.5000000000006,10,287.0000000000001,2opt,notBad
4995,10,289.5000000000006,10,287.0000000000001,2opt,improve
4996,10,289.5000000000006,10,287.0000000000001,move,improve
4997,10,289.5000000000006,10,287.0000000000001,swap,notBad
4998,10,289.5000000000006,10,287.0000000000001,move,improve
4999,10,289.5000000000006,10,287.0000000000001,swap,notBad
5000,10,289.5000000000006,10,287.0000000000001,swap,notBad
5001,10,289.5000000000006,10,287.0000000000001,2opt,notBad
5002,10,289.5000000000006,10,287.0000000000001,move,improve
5003,10,289.5000000000006,10,287.0000000000001,swap,notBad
5004,10,289.5000000000006,10,287.0000000000001,2opt,notBad
5005,10,289.5000000000006,10,287.0000000000001,swap,notBad
5006,10,289.5000000000006,10,287.0000000000001,move,improve
5007,10,289.5000000000006,10,287.0000000000001,2opt,notBad
5008,10,289.5000000000006,10,287.0000000000001,2opt,improve
5009,10,289.5000000000006,10,287.0000000000001,swap,notBad
5010,10,289.5000000000006,10,287.0000000000001,swap,notBad
5011,10,289.5000000000006,10,287.0000000000001,move,improve
5012,10,289.5000000000006,10,287.0000000000001,move,improve
5013,10,289.5000000000006,10,287.0000000000001,move,improve
5014,10,289.5000000000006,10,287.0000000000001,move,improve
5015,10,289.5000000000006,10,287.0000000000001,2opt,notBad
5016,10,289.4000000000006,10,287.0000000000001,move,improve
5017,10,289.4000000000006,10,287.0000000000001,move,improve
5018,10,289.4000000000006,10,287.0000000000001,move,improve
5019,10,289.4000000000006,10,287.0000000000001,move,improve
5020,10,289.4000000000006,10,287.0000000000001,2opt,notBad
5021,10,289.4000000000006,10,287.0000000000001,2opt,notBad
5022,10,289.4000000000006,10,287.0000000000001,swap,notBad
5023,10,288.2199999999996,10,287.0000000000001,swap,improve
5024,10,288.2199999999996,10,287.0000000000001,move,improve
5025,10,288.2199999999996,10,287.0000000000001,move,improve
5026,10,288.2199999999996,10,287.0000000000001,2opt,notBad
5027,10,288.2199999999996,10,287.0000000000001,2opt,improve
5028,10,288.2199999999996,10,287.0000000000001,2opt,improve
5029,10,288.2199999999996,10,287.0000000000001,2opt,notBad
5030,10,288.2199999999996,10,287.0000000000001,2opt,notBad
5031,10,288.2199999999996,10,287.0000000000001,2opt,notBad
5032,10,287.9599999999998,10,287.0000000000001,move,improve
5033,10,287.9599999999998,10,287.0000000000001,swap,notBad
5034,10,287.9599999999998,10,287.0000000000001,2opt,notBad
5035,10,287.9599999999998,10,287.0000000000001,2opt,notBad
5036,10,287.9599999999998,10,287.0000000000001,2opt,notBad
5037,10,287.6599999999998,10,287.0000000000001,move,improve
5038,10,287.6599999999998,10,287.0000000000001,move,improve
5039,10,287.6599999999998,10,287.0000000000001,2opt,notBad
5040,10,287.6599999999998,10,287.0000000000001,swap,notBad
5041,10,287.6599999999998,10,287.0000000000001,swap,notBad
5042,10,287.6599999999998,10,287.0000000000001,swap,notBad
5043,10,287.6599999999998,10,287.0000000000001,2opt,notBad
5044,10,287.6599999999998,10,287.0000000000001,swap,notBad
5045,10,287.6599999999998,10,287.0000000000001,swap,notBad
5046,10,287.6599999999998,10,287.0000000000001,swap,notBad
5047,10,287.6599999999998,10,287.0000000000001,swap,notBad
5048,10,287.6599999999998,10,287.0000000000001,move,improve
5049,10,287.6599999999998,10,287.0000000000001,move,improve
5050,10,287.6599999999998,10,287.0000000000001,move,improve
5051,10,287.6599999999998,10,287.0000000000001,2opt,notBad
5052,10,287.6599999999998,10,287.0000000000001,swap,notBad
5053,10,287.6599999999998,10,287.0000000000001,swap,notBad
5054,10,287.3999999999998,10,287.0000000000001,swap,improve
5055,10,287.3999999999998,10,287.0000000000001,swap,notBad
5056,10,288.34000000000026,10,287.0000000000001,swap,acceptBad
5057,10,288.34000000000026,10,287.0000000000001,2opt,notBad
5058,10,288.34000000000026,10,287.0000000000001,2opt,notBad
5059,10,288.2200000000002,10,287.0000000000001,move,improve
5060,10,288.2200000000002,10,287.0000000000001,swap,notBad
5061,10,288.2200000000002,10,287.0000000000001,swap,notBad
5062,10,288.2200000000002,10,287.0000000000001,2opt,notBad
5063,10,288.2200000000002,10,287.0000000000001,swap,notBad
5064,10,288.2200000000002,10,287.0000000000001,move,improve
5065,10,288.2200000000002,10,287.0000000000001,2opt,notBad
5066,10,288.2200000000002,10,287.0000000000001,2opt,notBad
5067,10,288.2200000000002,10,287.0000000000001,2opt,notBad
5068,10,288.2200000000002,10,287.0000000000001,swap,notBad
5069,10,288.2200000000002,10,287.0000000000001,swap,notBad
5070,10,288.2200000000002,10,287.0000000000001,move,improve
5071,10,288.22000000000025,10,287.0000000000001,swap,acceptBad
5072,10,288.22000000000025,10,287.0000000000001,2opt,notBad
5073,10,288.22000000000025,10,287.0000000000001,swap,notBad
5074,10,288.22000000000025,10,287.0000000000001,2opt,notBad
5075,10,288.22000000000025,10,287.0000000000001,move,improve
5076,10,288.22000000000025,10,287.0000000000001,move,improve
5077,10,288.22000000000025,10,287.0000000000001,swap,notBad
5078,10,288.22000000000025,10,287.0000000000001,2opt,notBad
5079,10,288.22000000000025,10,287.0000000000001,swap,notBad
5080,10,288.22000000000025,10,287.0000000000001,swap,notBad
5081,10,288.22000000000025,10,287.0000000000001,swap,notBad
5082,10,288.22000000000025,10,287.0000000000001,2opt,notBad
5083,10,288.22000000000025,10,287.0000000000001,2opt,notBad
5084,10,288.22000000000025,10,287.0000000000001,2opt,notBad
5085,10,288.22000000000025,10,287.0000000000001,2opt,notBad
5086,10,288.22000000000025,10,287.0000000000001,move,improve
5087,10,288.22000000000025,10,287.0000000000001,2opt,notBad
5088,10,288.22000000000025,10,287.0000000000001,swap,notBad
5089,10,288.22000000000025,10,287.0000000000001,move,improve
5090,10,288.22000000000025,10,287.0000000000001,swap,notBad
5091,10,287.41999999999973,10,287.0000000000001,swap,improve
5092,10,287.41999999999973,10,287.0000000000001,move,improve
5093,10,287.41999999999973,10,287.0000000000001,2opt,notBad
5094,10,287.41999999999973,10,287.0000000000001,swap,notBad
5095,10,287.41999999999973,10,287.0000000000001,2opt,notBad
5096,10,287.41999999999973,10,287.0000000000001,swap,notBad
5097,10,287.41999999999973,10,287.0000000000001,swap,notBad
5098,10,286.4599999999997,10,286.4599999999997,move,newBest
5099,10,286.4599999999997,10,286.4599999999997,2opt,notBad
5100,10,286.4599999999997,10,286.4599999999997,move,improve
5101,10,286.4599999999997,10,286.4599999999997,swap,notBad
5102,10,286.4599999999997,10,286.4599999999997,swap,notBad
5103,10,286.4599999999997,10,286.4599999999997,swap,notBad
5104,10,286.4599999999997,10,286.4599999999997,swap,notBad
5105,10,286.4599999999997,10,286.4599999999997,swap,notBad
5106,10,286.4599999999997,10,286.4599999999997,swap,notBad
5107,10,286.4599999999997,10,286.4599999999997,2opt,notBad
5108,10,286.4599999999997,10,286.4599999999997,2opt,notBad
5109,10,286.4599999999997,10,286.4599999999997,move,improve
5110,10,286.4599999999997,10,286.4599999999997,swap,notBad
5111,10,286.4599999999997,10,286.4599999999997,2opt,notBad
5112,10,286.4599999999997,10,286.4599999999997,2opt,notBad
5113,10,286.4599999999997,10,286.4599999999997,2opt,notBad
5114,10,286.4599999999997,10,286.4599999999997,move,improve
5115,10,286.4599999999997,10,286.4599999999997,swap,notBad
5116,10,286.4599999999997,10,286.4599999999997,2opt,notBad
5117,10,286.4599999999997,10,286.4599999999997,2opt,notBad
5118,10,286.4599999999997,10,286.4599999999997,2opt,notBad
5119,10,286.4599999999997,10,286.4599999999997,2opt,notBad
5120,10,286.4599999999997,10,286.4599999999997,move,improve
5121,10,286.4599999999997,10,286.4599999999997,swap,notBad
5122,10,286.4599999999997,10,286.4599999999997,swap,notBad
5123,10,286.4599999999997,10,286.4599999999997,move,improve
5124,10,286.4599999999997,10,286.4599999999997,move,improve
5125,10,286.4599999999997,10,286.4599999999997,move,improve
5126,10,286.4599999999997,10,286.4599999999997,swap,notBad
5127,10,286.4599999999997,10,286.4599999999997,2opt,notBad
5128,10,286.4599999999997,10,286.4599999999997,move,improve
5129,10,286.4599999999997,10,286.4599999999997,move,improve
5130,10,286.4599999999997,10,286.4599999999997,2opt,improve
5131,10,286.4599999999997,10,286.4599999999997,move,improve
5132,10,286.4599999999997,10,286.4599999999997,move,improve
5133,10,286.4599999999997,10,286.4599999999997,move,improve
5134,10,286.4599999999997,10,286.4599999999997,2opt,notBad
5135,10,286.4599999999997,10,286.4599999999997,2opt,notBad
5136,10,286.4599999999997,10,286.4599999999997,2opt,notBad
5137,10,286.4599999999997,10,286.4599999999997,move,improve
5138,10,286.4599999999997,10,286.4599999999997,swap,notBad
5139,10,286.4599999999997,10,286.4599999999997,2opt,notBad
5140,10,286.4599999999997,10,286.4599999999997,2opt,notBad
5141,10,286.4599999999997,10,286.4599999999997,2opt,notBad
5142,10,286.4599999999997,10,286.4599999999997,swap,notBad
5143,10,286.4599999999997,10,286.4599999999997,2opt,notBad
5144,10,286.4599999999997,10,286.4599999999997,2opt,notBad
5145,10,286.4599999999997,10,286.4599999999997,swap,notBad
5146,10,286.4599999999997,10,286.4599999999997,2opt,notBad
5147,10,286.4599999999997,10,286.4599999999997,move,improve
5148,10,286.4599999999997,10,286.4599999999997,swap,notBad
5149,10,286.4599999999997,10,286.4599999999997,move,notBad
5150,10,286.4599999999997,10,286.4599999999997,move,improve
5151,10,286.4599999999997,10,286.4599999999997,2opt,notBad
5152,10,286.4599999999997,10,286.4599999999997,move,improve
5153,10,286.4599999999997,10,286.4599999999997,2opt,notBad
5154,10,286.4599999999997,10,286.4599999999997,move,improve
5155,10,286.4599999999997,10,286.4599999999997,swap,notBad
5156,10,286.4599999999997,10,286.4599999999997,move,improve
5157,10,286.4599999999997,10,286.4599999999997,swap,notBad
5158,10,286.4599999999997,10,286.4599999999997,swap,notBad
5159,10,286.4599999999997,10,286.4599999999997,swap,notBad
5160,10,286.4599999999997,10,286.4599999999997,2opt,notBad
5161,10,286.4599999999997,10,286.4599999999997,move,improve
5162,10,286.4599999999997,10,286.4599999999997,2opt,notBad
5163,10,286.4599999999997,10,286.4599999999997,move,improve
5164,10,286.4599999999997,10,286.4599999999997,move,improve
5165,10,286.4599999999997,10,286.4599999999997,move,improve
5166,10,286.4599999999997,10,286.4599999999997,2opt,notBad
5167,10,286.4599999999997,10,286.4599999999997,2opt,improve
5168,10,286.4599999999997,10,286.4599999999997,move,improve
5169,10,292.53999999999974,10,286.4599999999997,swap,acceptBad
5170,10,292.53999999999974,10,286.4599999999997,swap,notBad
5171,10,292.53999999999974,10,286.4599999999997,move,improve
5172,10,292.53999999999974,10,286.4599999999997,move,improve
5173,10,292.53999999999974,10,286.4599999999997,move,improve
5174,10,292.53999999999974,10,286.4599999999997,swap,notBad
5175,10,292.53999999999974,10,286.4599999999997,move,improve
5176,10,292.53999999999974,10,286.4599999999997,2opt,notBad
5177,10,292.53999999999974,10,286.4599999999997,move,improve
5178,10,292.53999999999974,10,286.4599999999997,move,improve
5179,10,292.53999999999974,10,286.4599999999997,2opt,notBad
5180,10,292.53999999999974,10,286.4599999999997,swap,notBad
5181,10,292.53999999999974,10,286.4599999999997,swap,notBad
5182,10,292.53999999999974,10,286.4599999999997,2opt,notBad
5183,10,292.53999999999974,10,286.4599999999997,2opt,notBad
5184,10,292.53999999999974,10,286.4599999999997,2opt,notBad
5185,10,292.53999999999974,10,286.4599999999997,move,improve
5186,10,292.7599999999997,10,286.4599999999997,swap,acceptBad
5187,10,292.7599999999997,10,286.4599999999997,swap,notBad
5188,10,292.7599999999997,10,286.4599999999997,swap,notBad
5189,10,292.7599999999997,10,286.4599999999997,move,improve
5190,10,292.53999999999974,10,286.4599999999997,move,improve
5191,10,292.53999999999974,10,286.4599999999997,swap,notBad
5192,10,292.53999999999974,10,286.4599999999997,2opt,notBad
5193,10,292.53999999999974,10,286.4599999999997,2opt,notBad
5194,10,292.53999999999974,10,286.4599999999997,swap,notBad
5195,10,292.53999999999974,10,286.4599999999997,move,improve
5196,10,292.53999999999974,10,286.4599999999997,2opt,notBad
5197,10,292.53999999999974,10,286.4599999999997,swap,notBad
5198,10,292.53999999999974,10,286.4599999999997,swap,notBad
5199,10,292.53999999999974,10,286.4599999999997,move,improve
5200,10,292.53999999999974,10,286.4599999999997,move,improve
5201,10,292.53999999999974,10,286.4599999999997,2opt,notBad
5202,10,292.53999999999974,10,286.4599999999997,swap,notBad
5203,10,292.53999999999974,10,286.4599999999997,move,improve
5204,10,292.53999999999974,10,286.4599999999997,move,improve
5205,10,292.53999999999974,10,286.4599999999997,2opt,notBad
5206,10,292.53999999999974,10,286.4599999999997,swap,notBad
5207,10,293.1200000000002,10,286.4599999999997,swap,acceptBad
5208,10,293.1200000000002,10,286.4599999999997,move,improve
5209,10,293.1200000000002,10,286.4599999999997,move,improve
5210,10,293.1200000000002,10,286.4599999999997,move,improve
5211,10,293.1200000000002,10,286.4599999999997,2opt,notBad
5212,10,293.1200000000002,10,286.4599999999997,move,notBad
5213,10,297.9199999999998,10,286.4599999999997,swap,acceptBad
5214,10,297.9199999999998,10,286.4599999999997,2opt,notBad
5215,10,297.9199999999998,10,286.4599999999997,swap,notBad
5216,10,297.9199999999998,10,286.4599999999997,move,improve
5217,10,297.9199999999998,10,286.4599999999997,2opt,improve
5218,10,297.9199999999998,10,286.4599999999997,2opt,notBad
5219,10,297.9199999999998,10,286.4599999999997,2opt,notBad
5220,10,297.9199999999998,10,286.4599999999997,swap,notBad
5221,10,297.9199999999998,10,286.4599999999997,move,improve
5222,10,297.9199999999998,10,286.4599999999997,move,improve
5223,10,297.9199999999998,10,286.4599999999997,swap,notBad
5224,10,297.9199999999998,10,286.4599999999997,2opt,notBad
5225,10,297.9199999999998,10,286.4599999999997,swap,notBad
5226,10,297.7999999999998,10,286.4599999999997,move,improve
5227,10,297.7999999999998,10,286.4599999999997,2opt,notBad
5228,10,297.7999999999998,10,286.4599999999997,2opt,notBad
5229,10,297.7999999999998,10,286.4599999999997,move,improve
5230,10,297.7999999999998,10,286.4599999999997,2opt,notBad
5231,10,297.7999999999998,10,286.4599999999997,2opt,notBad
5232,10,297.7999999999998,10,286.4599999999997,swap,notBad
5233,10,297.7999999999998,10,286.4599999999997,swap,notBad
5234,10,297.7999999999998,10,286.4599999999997,2opt,notBad
5235,10,297.7999999999998,10,286.4599999999997,swap,notBad
5236,10,297.7999999999998,10,286.4599999999997,2opt,notBad
5237,10,297.7999999999998,10,286.4599999999997,move,improve
5238,10,295.6400000000001,10,286.4599999999997,move,improve
5239,10,295.6400000000001,10,286.4599999999997,2opt,improve
5240,10,295.6400000000001,10,286.4599999999997,2opt,notBad
5241,10,295.6400000000001,10,286.4599999999997,move,improve
5242,10,295.6400000000001,10,286.4599999999997,2opt,notBad
5243,10,295.6400000000001,10,286.4599999999997,move,improve
5244,10,295.6400000000001,10,286.4599999999997,swap,notBad
5245,10,295.6400000000001,10,286.4599999999997,swap,improve
5246,10,295.6400000000001,10,286.4599999999997,swap,notBad
5247,10,295.6400000000001,10,286.4599999999997,swap,notBad
5248,10,295.6400000000001,10,286.4599999999997,move,improve
5249,10,295.6400000000001,10,286.4599999999997,2opt,notBad
5250,10,295.6400000000001,10,286.4599999999997,swap,notBad
5251,10,295.6400000000001,10,286.4599999999997,2opt,notBad
5252,10,295.6400000000001,10,286.4599999999997,move,improve
5253,10,295.6400000000001,10,286.4599999999997,2opt,notBad
5254,10,295.6400000000001,10,286.4599999999997,2opt,notBad
5255,10,295.6400000000001,10,286.4599999999997,swap,notBad
5256,10,295.6400000000001,10,286.4599999999997,swap,notBad
5257,10,295.6400000000001,10,286.4599999999997,swap,notBad
5258,10,295.6400000000001,10,286.4599999999997,move,improve
5259,10,295.6400000000001,10,286.4599999999997,swap,notBad
5260,10,295.6400000000001,10,286.4599999999997,swap,notBad
5261,10,295.6400000000001,10,286.4599999999997,move,improve
5262,10,295.6400000000001,10,286.4599999999997,move,improve
5263,10,295.6400000000001,10,286.4599999999997,move,improve
5264,10,295.6400000000001,10,286.4599999999997,swap,notBad
5265,10,295.6400000000001,10,286.4599999999997,2opt,improve
5266,10,295.6400000000001,10,286.4599999999997,swap,notBad
5267,10,295.6400000000001,10,286.4599999999997,2opt,notBad
5268,10,295.6400000000001,10,286.4599999999997,swap,notBad
5269,10,295.6400000000001,10,286.4599999999997,swap,notBad
5270,10,295.6400000000001,10,286.4599999999997,swap,notBad
5271,10,295.6400000000001,10,286.4599999999997,move,improve
5272,10,295.6400000000001,10,286.4599999999997,2opt,notBad
5273,10,295.6400000000001,10,286.4599999999997,swap,notBad
5274,10,300.62000000000006,10,286.4599999999997,swap,acceptBad
5275,10,298.70000000000016,10,286.4599999999997,move,improve
5276,10,298.70000000000016,10,286.4599999999997,move,improve
5277,10,298.70000000000016,10,286.4599999999997,2opt,notBad
5278,10,298.70000000000016,10,286.4599999999997,2opt,notBad
5279,10,298.70000000000016,10,286.4599999999997,move,improve
5280,10,298.70000000000016,10,286.4599999999997,swap,notBad
5281,10,298.70000000000016,10,286.4599999999997,2opt,notBad
5282,10,295.9600000000002,10,286.4599999999997,move,improve
5283,10,295.9600000000002,10,286.4599999999997,2opt,improve
5284,10,295.9600000000002,10,286.4599999999997,move,improve
5285,10,295.9600000000002,10,286.4599999999997,2opt,notBad
5286,10,295.9600000000002,10,286.4599999999997,2opt,notBad
5287,10,295.9600000000002,10,286.4599999999997,2opt,notBad
5288,10,295.9600000000002,10,286.4599999999997,swap,notBad
5289,10,295.9600000000002,10,286.4599999999997,move,improve
5290,10,295.9600000000002,10,286.4599999999997,swap,notBad
5291,10,295.9600000000002,10,286.4599999999997,move,improve
5292,10,295.9600000000002,10,286.4599999999997,move,improve
5293,10,295.9600000000002,10,286.4599999999997,move,improve
5294,10,295.9600000000002,10,286.4599999999997,2opt,notBad
5295,10,296.94000000000017,10,286.4599999999997,swap,acceptBad
5296,10,296.94000000000017,10,286.4599999999997,swap,notBad
5297,10,296.94000000000017,10,286.4599999999997,swap,notBad
5298,10,297.1800000000002,10,286.4599999999997,swap,acceptBad
5299,10,297.0400000000002,10,286.4599999999997,move,improve
5300,10,297.0400000000002,10,286.4599999999997,move,improve
5301,10,297.0400000000002,10,286.4599999999997,swap,notBad
5302,10,297.0400000000002,10,286.4599999999997,2opt,notBad
5303,10,297.0400000000002,10,286.4599999999997,move,improve
5304,10,297.0400000000002,10,286.4599999999997,2opt,notBad
5305,10,297.0400000000002,10,286.4599999999997,swap,notBad
5306,10,297.0400000000002,10,286.4599999999997,swap,notBad
5307,10,297.0400000000002,10,286.4599999999997,swap,notBad
5308,10,297.0400000000002,10,286.4599999999997,swap,notBad
5309,10,297.0400000000002,10,286.4599999999997,swap,notBad
5310,10,297.0400000000002,10,286.4599999999997,move,improve
5311,10,297.0400000000002,10,286.4599999999997,swap,notBad
5312,10,297.0400000000002,10,286.4599999999997,swap,notBad
5313,10,297.0400000000002,10,286.4599999999997,2opt,notBad
5314,10,297.0400000000002,10,286.4599999999997,move,improve
5315,10,297.0400000000002,10,286.4599999999997,2opt,notBad
5316,10,297.0400000000002,10,286.4599999999997,swap,notBad
5317,10,297.0400000000002,10,286.4599999999997,2opt,notBad
5318,10,297.0400000000002,10,286.4599999999997,move,improve
5319,10,296.8000000000002,10,286.4599999999997,move,improve
5320,10,296.8000000000002,10,286.4599999999997,swap,notBad
5321,10,296.8000000000002,10,286.4599999999997,swap,notBad
5322,10,296.8000000000002,10,286.4599999999997,swap,notBad
5323,10,296.8000000000002,10,286.4599999999997,2opt,notBad
5324,10,296.8000000000002,10,286.4599999999997,2opt,notBad
5325,10,296.8000000000002,10,286.4599999999997,move,improve
5326,10,296.8000000000002,10,286.4599999999997,move,improve
5327,10,296.8000000000002,10,286.4599999999997,2opt,notBad
5328,10,296.8000000000002,10,286.4599999999997,2opt,notBad
5329,10,296.58000000000015,10,286.4599999999997,move,improve
5330,10,299.32000000000016,10,286.4599999999997,swap,acceptBad
5331,10,299.32000000000016,10,286.4599999999997,swap,notBad
5332,10,299.32000000000016,10,286.4599999999997,2opt,notBad
5333,10,299.32000000000016,10,286.4599999999997,move,improve
5334,10,299.32000000000016,10,286.4599999999997,swap,notBad
5335,10,299.32000000000016,10,286.4599999999997,move,improve
5336,10,299.32000000000016,10,286.4599999999997,move,improve
5337,10,299.32000000000016,10,286.4599999999997,move,improve
5338,10,299.32000000000016,10,286.4599999999997,2opt,notBad
5339,10,299.32000000000016,10,286.4599999999997,swap,notBad
5340,10,299.32000000000016,10,286.4599999999997,move,improve
5341,10,299.32000000000016,10,286.4599999999997,2opt,notBad
5342,10,299.32000000000016,10,286.4599999999997,move,improve
5343,10,299.32000000000016,10,286.4599999999997,2opt,notBad
5344,10,299.32000000000016,10,286.4599999999997,2opt,notBad
5345,10,300.42000000000013,10,286.4599999999997,swap,acceptBad
5346,10,300.42000000000013,10,286.4599999999997,move,improve
5347,10,300.42000000000013,10,286.4599999999997,2opt,notBad
5348,10,300.42000000000013,10,286.4599999999997,swap,notBad
5349,10,300.42000000000013,10,286.4599999999997,swap,notBad
5350,10,301.6400000000002,10,286.4599999999997,swap,acceptBad
5351,10,301.6400000000002,10,286.4599999999997,2opt,notBad
5352,10,299.1000000000003,10,286.4599999999997,move,improve
5353,10,299.1000000000003,10,286.4599999999997,2opt,notBad
5354,10,299.1000000000003,10,286.4599999999997,swap,notBad
5355,10,299.1000000000003,10,286.4599999999997,swap,notBad
5356,10,297.24000000000035,10,286.4599999999997,move,improve
5357,10,297.24000000000035,10,286.4599999999997,2opt,notBad
5358,10,297.24000000000035,10,286.4599999999997,swap,notBad
5359,10,297.24000000000035,10,286.4599999999997,move,improve
5360,10,297.24000000000035,10,286.4599999999997,swap,notBad
5361,10,297.24000000000035,10,286.4599999999997,swap,notBad
5362,10,297.24000000000035,10,286.4599999999997,swap,notBad
5363,10,297.24000000000035,10,286.4599999999997,2opt,notBad
5364,10,297.24000000000035,10,286.4599999999997,move,improve
5365,10,297.24000000000035,10,286.4599999999997,2opt,notBad
5366,10,297.24000000000035,10,286.4599999999997,swap,notBad
5367,10,297.24000000000035,10,286.4599999999997,move,improve
5368,10,297.24000000000035,10,286.4599999999997,move,improve
5369,10,297.24000000000035,10,286.4599999999997,2opt,notBad
5370,10,297.24000000000035,10,286.4599999999997,2opt,notBad
5371,10,297.24000000000035,10,286.4599999999997,swap,notBad
5372,10,297.24000000000035,10,286.4599999999997,swap,notBad
5373,10,297.24000000000035,10,286.4599999999997,2opt,notBad
5374,10,297.24000000000035,10,286.4599999999997,2opt,notBad
5375,10,297.24000000000035,10,286.4599999999997,move,improve
5376,10,297.24000000000035,10,286.4599999999997,swap,notBad
5377,10,297.24000000000035,10,286.4599999999997,move,improve
5378,10,297.24000000000035,10,286.4599999999997,swap,notBad
5379,10,297.24000000000035,10,286.4599999999997,2opt,notBad
5380,10,294.54000000000013,10,286.4599999999997,move,improve
5381,10,294.54000000000013,10,286.4599999999997,swap,notBad
5382,10,294.54000000000013,10,286.4599999999997,2opt,notBad
5383,10,294.54000000000013,10,286.4599999999997,swap,notBad
5384,10,294.54000000000013,10,286.4599999999997,2opt,notBad
5385,10,294.54000000000013,10,286.4599999999997,swap,notBad
5386,10,294.54000000000013,10,286.4599999999997,2opt,notBad
5387,10,294.54000000000013,10,286.4599999999997,swap,notBad
5388,10,294.54000000000013,10,286.4599999999997,swap,notBad
5389,10,294.54000000000013,10,286.4599999999997,2opt,notBad
5390,10,294.54000000000013,10,286.4599999999997,move,improve
5391,10,294.54000000000013,10,286.4599999999997,2opt,notBad
5392,10,294.54000000000013,10,286.4599999999997,swap,notBad
5393,10,294.54000000000013,10,286.4599999999997,swap,notBad
5394,10,294.54000000000013,10,286.4599999999997,2opt,notBad
5395,10,294.54000000000013,10,286.4599999999997,2opt,notBad
5396,10,294.54000000000013,10,286.4599999999997,swap,notBad
5397,10,294.54000000000013,10,286.4599999999997,move,notBad
5398,10,293.1000000000001,10,286.4599999999997,swap,improve
5399,10,293.1000000000001,10,286.4599999999997,move,improve
5400,10,293.1000000000001,10,286.4599999999997,2opt,notBad
5401,10,293.1000000000001,10,286.4599999999997,2opt,notBad
5402,10,293.1000000000001,10,286.4599999999997,2opt,notBad
5403,10,293.1000000000001,10,286.4599999999997,swap,notBad
5404,10,293.1000000000001,10,286.4599999999997,2opt,notBad
5405,10,293.1000000000001,10,286.4599999999997,swap,notBad
5406,10,293.1000000000001,10,286.4599999999997,swap,notBad
5407,10,293.1000000000001,10,286.4599999999997,swap,notBad
5408,10,293.1000000000001,10,286.4599999999997,move,improve
5409,10,293.1000000000001,10,286.4599999999997,2opt,notBad
5410,10,293.1000000000001,10,286.4599999999997,swap,notBad
5411,10,293.1000000000001,10,286.4599999999997,swap,notBad
5412,10,293.1000000000001,10,286.4599999999997,move,improve
5413,10,293.1000000000001,10,286.4599999999997,swap,notBad
5414,10,293.1000000000001,10,286.4599999999997,2opt,notBad
5415,10,293.1000000000001,10,286.4599999999997,swap,notBad
5416,10,293.1000000000001,10,286.4599999999997,swap,notBad
5417,10,293.1000000000001,10,286.4599999999997,swap,notBad
5418,10,293.1000000000001,10,286.4599999999997,2opt,notBad
5419,10,293.1000000000001,10,286.4599999999997,swap,notBad
5420,10,293.1000000000001,10,286.4599999999997,move,improve
5421,10,293.1000000000001,10,286.4599999999997,swap,notBad
5422,10,293.4600000000001,10,286.4599999999997,swap,acceptBad
5423,10,293.4600000000001,10,286.4599999999997,move,improve
5424,10,293.4600000000001,10,286.4599999999997,swap,notBad
5425,10,293.4600000000001,10,286.4599999999997,2opt,notBad
5426,10,293.4600000000001,10,286.4599999999997,swap,notBad
5427,10,293.4600000000001,10,286.4599999999997,move,improve
5428,10,293.4600000000001,10,286.4599999999997,swap,notBad
5429,10,293.4600000000001,10,286.4599999999997,move,improve
5430,10,293.4600000000001,10,286.4599999999997,swap,notBad
5431,10,293.4600000000001,10,286.4599999999997,move,improve
5432,10,293.4600000000001,10,286.4599999999997,swap,notBad
5433,10,293.4600000000001,10,286.4599999999997,swap,notBad
5434,10,293.4600000000001,10,286.4599999999997,2opt,improve
5435,10,293.4600000000001,10,286.4599999999997,swap,notBad
5436,10,293.4600000000001,10,286.4599999999997,2opt,notBad
5437,10,293.4600000000001,10,286.4599999999997,move,improve
5438,10,293.4600000000001,10,286.4599999999997,2opt,notBad
5439,10,293.4600000000001,10,286.4599999999997,2opt,notBad
5440,10,293.4600000000001,10,286.4599999999997,swap,notBad
5441,10,293.4600000000001,10,286.4599999999997,2opt,notBad
5442,10,293.4600000000001,10,286.4599999999997,2opt,notBad
5443,10,294.5600000000001,10,286.4599999999997,swap,acceptBad
5444,10,294.5600000000001,10,286.4599999999997,2opt,notBad
5445,10,293.54000000000013,10,286.4599999999997,move,improve
5446,10,293.54000000000013,10,286.4599999999997,swap,notBad
5447,10,294.5000000000001,10,286.4599999999997,swap,acceptBad
5448,10,294.5000000000001,10,286.4599999999997,swap,notBad
5449,10,294.5000000000001,10,286.4599999999997,swap,notBad
5450,10,294.5000000000001,10,286.4599999999997,move,improve
5451,10,294.5000000000001,10,286.4599999999997,move,improve
5452,10,294.5000000000001,10,286.4599999999997,move,improve
5453,10,294.5000000000001,10,286.4599999999997,2opt,improve
5454,10,294.5000000000001,10,286.4599999999997,move,improve
5455,10,294.5000000000001,10,286.4599999999997,swap,notBad
5456,10,294.5000000000001,10,286.4599999999997,2opt,notBad
5457,10,294.5000000000001,10,286.4599999999997,swap,notBad
5458,10,294.5000000000001,10,286.4599999999997,2opt,notBad
5459,10,294.5000000000001,10,286.4599999999997,2opt,notBad
5460,10,294.5000000000001,10,286.4599999999997,swap,notBad
5461,10,294.5000000000001,10,286.4599999999997,swap,notBad
5462,10,294.5000000000001,10,286.4599999999997,2opt,notBad
5463,10,294.5000000000001,10,286.4599999999997,swap,notBad
5464,10,294.5000000000001,10,286.4599999999997,2opt,notBad
5465,10,294.5000000000001,10,286.4599999999997,move,improve
5466,10,294.5000000000001,10,286.4599999999997,move,improve
5467,10,294.5000000000001,10,286.4599999999997,2opt,notBad
5468,10,294.0399999999998,10,286.4599999999997,swap,improve
5469,10,294.0399999999998,10,286.4599999999997,swap,notBad
5470,10,293.9599999999998,10,286.4599999999997,move,improve
5471,10,293.9599999999998,10,286.4599999999997,2opt,notBad
5472,10,293.9599999999998,10,286.4599999999997,move,improve
5473,10,293.9599999999998,10,286.4599999999997,2opt,notBad
5474,10,293.9599999999998,10,286.4599999999997,swap,notBad
5475,10,293.9599999999998,10,286.4599999999997,swap,notBad
5476,10,293.9599999999998,10,286.4599999999997,move,improve
5477,10,293.9599999999998,10,286.4599999999997,2opt,notBad
5478,10,293.9599999999998,10,286.4599999999997,move,improve
5479,10,293.9599999999998,10,286.4599999999997,swap,notBad
5480,10,293.9599999999998,10,286.4599999999997,move,improve
5481,10,293.9599999999998,10,286.4599999999997,2opt,improve
5482,10,293.9599999999998,10,286.4599999999997,move,improve
5483,10,293.5999999999998,10,286.4599999999997,move,improve
5484,10,293.5999999999998,10,286.4599999999997,move,improve
5485,10,293.5999999999998,10,286.4599999999997,move,notBad
5486,10,293.5999999999998,10,286.4599999999997,2opt,notBad
5487,10,293.4999999999999,10,286.4599999999997,move,improve
5488,10,293.4999999999999,10,286.4599999999997,2opt,improve
5489,10,293.4999999999999,10,286.4599999999997,2opt,notBad
5490,10,293.4999999999999,10,286.4599999999997,move,improve
5491,10,295.21999999999974,10,286.4599999999997,swap,acceptBad
5492,10,295.21999999999974,10,286.4599999999997,move,improve
5493,10,295.21999999999974,10,286.4599999999997,swap,notBad
5494,10,295.21999999999974,10,286.4599999999997,move,improve
5495,10,294.08000000000004,10,286.4599999999997,move,improve
5496,10,294.08000000000004,10,286.4599999999997,move,improve
5497,10,294.08000000000004,10,286.4599999999997,move,improve
5498,10,294.08000000000004,10,286.4599999999997,swap,notBad
5499,10,294.08000000000004,10,286.4599999999997,2opt,notBad
5500,10,294.08000000000004,10,286.4599999999997,move,improve
5501,10,294.08000000000004,10,286.4599999999997,swap,notBad
5502,10,294.08000000000004,10,286.4599999999997,move,improve
5503,10,294.08000000000004,10,286.4599999999997,2opt,notBad
5504,10,293.8600000000003,10,286.4599999999997,move,improve
5505,10,293.8600000000003,10,286.4599999999997,swap,notBad
5506,10,293.8600000000003,10,286.4599999999997,move,improve
5507,10,293.8600000000003,10,286.4599999999997,swap,notBad
5508,10,293.8600000000003,10,286.4599999999997,move,improve
5509,10,293.8600000000003,10,286.4599999999997,move,improve
5510,10,293.8600000000003,10,286.4599999999997,move,improve
5511,10,293.8600000000003,10,286.4599999999997,move,improve
5512,10,293.8600000000003,10,286.4599999999997,move,improve
5513,10,293.8600000000003,10,286.4599999999997,move,improve
5514,10,293.8600000000003,10,286.4599999999997,move,improve
5515,10,293.8600000000003,10,286.4599999999997,swap,notBad
5516,10,293.8600000000003,10,286.4599999999997,2opt,notBad
5517,10,293.8600000000003,10,286.4599999999997,2opt,notBad
5518,10,293.8600000000003,10,286.4599999999997,move,improve
5519,10,293.8600000000003,10,286.4599999999997,swap,notBad
5520,10,293.8600000000003,10,286.4599999999997,2opt,notBad
5521,10,293.8600000000003,10,286.4599999999997,swap,notBad
5522,10,293.8600000000003,10,286.4599999999997,2opt,notBad
5523,10,293.8600000000003,10,286.4599999999997,2opt,notBad
5524,10,293.8600000000003,10,286.4599999999997,swap,notBad
5525,10,293.8600000000003,10,286.4599999999997,swap,notBad
5526,10,293.8600000000003,10,286.4599999999997,move,improve
5527,10,293.8600000000003,10,286.4599999999997,swap,notBad
5528,10,293.8600000000003,10,286.4599999999997,move,improve
5529,10,293.8600000000003,10,286.4599999999997,move,improve
5530,10,293.8600000000003,10,286.4599999999997,swap,notBad
5531,10,293.8600000000003,10,286.4599999999997,2opt,notBad
5532,10,297.2000000000003,10,286.4599999999997,swap,acceptBad
5533,10,297.2000000000003,10,286.4599999999997,2opt,notBad
5534,10,297.2000000000003,10,286.4599999999997,swap,notBad
5535,10,297.2000000000003,10,286.4599999999997,move,improve
5536,10,299.56000000000057,10,286.4599999999997,swap,acceptBad
5537,10,296.2200000000006,10,286.4599999999997,move,improve
5538,10,296.2200000000006,10,286.4599999999997,swap,notBad
5539,10,296.2200000000006,10,286.4599999999997,move,improve
5540,10,296.2200000000006,10,286.4599999999997,move,improve
5541,10,296.2200000000006,10,286.4599999999997,2opt,notBad
5542,10,296.2200000000006,10,286.4599999999997,2opt,notBad
5543,10,296.2200000000006,10,286.4599999999997,move,improve
5544,10,296.2200000000006,10,286.4599999999997,move,improve
5545,10,296.2200000000006,10,286.4599999999997,swap,notBad
5546,10,296.2200000000006,10,286.4599999999997,move,improve
5547,10,296.2200000000006,10,286.4599999999997,2opt,improve
5548,10,296.2200000000006,10,286.4599999999997,2opt,notBad
5549,10,296.2200000000006,10,286.4599999999997,move,improve
5550,10,296.2200000000006,10,286.4599999999997,move,improve
5551,10,296.2200000000006,10,286.4599999999997,2opt,notBad
5552,10,296.2200000000006,10,286.4599999999997,move,improve
5553,10,296.2200000000006,10,286.4599999999997,move,improve
5554,10,296.2200000000006,10,286.4599999999997,move,improve
5555,10,296.2200000000006,10,286.4599999999997,2opt,notBad
5556,10,293.8400000000004,10,286.4599999999997,move,improve
5557,10,293.8400000000004,10,286.4599999999997,swap,notBad
5558,10,293.8400000000004,10,286.4599999999997,move,improve
5559,10,293.8400000000004,10,286.4599999999997,move,improve
5560,10,293.8400000000004,10,286.4599999999997,2opt,notBad
5561,10,293.8400000000004,10,286.4599999999997,swap,notBad
5562,10,293.8400000000004,10,286.4599999999997,swap,notBad
5563,10,293.8400000000004,10,286.4599999999997,move,improve
5564,10,293.8400000000004,10,286.4599999999997,swap,notBad
5565,10,293.8400000000004,10,286.4599999999997,swap,notBad
5566,10,293.8400000000004,10,286.4599999999997,2opt,notBad
5567,10,293.8400000000004,10,286.4599999999997,swap,notBad
5568,10,293.8400000000004,10,286.4599999999997,swap,notBad
5569,10,293.8400000000004,10,286.4599999999997,2opt,notBad
5570,10,293.8400000000004,10,286.4599999999997,swap,notBad
5571,10,293.8400000000004,10,286.4599999999997,move,improve
5572,10,293.8400000000004,10,286.4599999999997,swap,notBad
5573,10,293.8400000000004,10,286.4599999999997,swap,notBad
5574,10,293.8400000000004,10,286.4599999999997,swap,notBad
5575,10,293.8400000000004,10,286.4599999999997,swap,notBad
5576,10,293.8400000000004,10,286.4599999999997,swap,notBad
5577,10,293.8400000000004,10,286.4599999999997,move,improve
5578,10,293.8400000000004,10,286.4599999999997,swap,notBad
5579,10,293.8400000000004,10,286.4599999999997,move,improve
5580,10,293.8400000000004,10,286.4599999999997,move,improve
5581,10,293.8400000000004,10,286.4599999999997,swap,notBad
5582,10,293.8400000000004,10,286.4599999999997,move,improve
5583,10,293.8400000000004,10,286.4599999999997,move,improve
5584,10,293.8400000000004,10,286.4599999999997,swap,notBad
5585,10,293.8400000000004,10,286.4599999999997,move,improve
5586,10,293.8400000000004,10,286.4599999999997,2opt,notBad
5587,10,293.8400000000004,10,286.4599999999997,move,improve
5588,10,293.8400000000004,10,286.4599999999997,move,improve
5589,10,293.8400000000004,10,286.4599999999997,2opt,notBad
5590,10,293.8400000000004,10,286.4599999999997,2opt,notBad
5591,10,293.8400000000004,10,286.4599999999997,2opt,notBad
5592,10,293.8400000000004,10,286.4599999999997,swap,notBad
5593,10,293.8400000000004,10,286.4599999999997,2opt,notBad
5594,10,293.8400000000004,10,286.4599999999997,swap,notBad
5595,10,293.8400000000004,10,286.4599999999997,2opt,notBad
5596,10,293.8400000000004,10,286.4599999999997,swap,notBad
5597,10,293.8400000000004,10,286.4599999999997,swap,notBad
5598,10,293.8400000000004,10,286.4599999999997,swap,notBad
5599,10,293.8400000000004,10,286.4599999999997,2opt,improve
5600,10,293.8400000000004,10,286.4599999999997,2opt,notBad
5601,10,293.8400000000004,10,286.4599999999997,2opt,notBad
5602,10,293.8400000000004,10,286.4599999999997,swap,notBad
5603,10,293.8400000000004,10,286.4599999999997,move,improve
5604,10,293.8400000000004,10,286.4599999999997,2opt,notBad
5605,10,293.8400000000004,10,286.4599999999997,2opt,notBad
5606,10,293.8400000000004,10,286.4599999999997,swap,notBad
5607,10,293.8400000000004,10,286.4599999999997,swap,notBad
5608,10,293.8400000000004,10,286.4599999999997,2opt,notBad
5609,10,293.8400000000004,10,286.4599999999997,move,improve
5610,10,293.8400000000004,10,286.4599999999997,move,improve
5611,10,293.8400000000004,10,286.4599999999997,2opt,notBad
5612,10,293.8400000000004,10,286.4599999999997,swap,notBad
5613,10,293.8400000000004,10,286.4599999999997,swap,notBad
5614,10,293.8400000000004,10,286.4599999999997,move,improve
5615,10,293.8400000000004,10,286.4599999999997,2opt,notBad
5616,10,293.8400000000004,10,286.4599999999997,2opt,notBad
5617,10,293.8400000000004,10,286.4599999999997,swap,notBad
5618,10,293.8400000000004,10,286.4599999999997,move,improve
5619,10,293.8400000000004,10,286.4599999999997,2opt,notBad
5620,10,293.8400000000004,10,286.4599999999997,swap,notBad
5621,10,293.8400000000004,10,286.4599999999997,swap,notBad
5622,10,293.8400000000004,10,286.4599999999997,2opt,notBad
5623,10,293.8400000000004,10,286.4599999999997,swap,notBad
5624,10,293.8400000000004,10,286.4599999999997,move,improve
5625,10,293.8400000000004,10,286.4599999999997,swap,notBad
5626,10,293.8400000000004,10,286.4599999999997,2opt,notBad
5627,10,293.8400000000004,10,286.4599999999997,move,improve
5628,10,293.8400000000004,10,286.4599999999997,swap,notBad
5629,10,293.8400000000004,10,286.4599999999997,swap,notBad
5630,10,293.8400000000004,10,286.4599999999997,move,improve
5631,10,293.8400000000004,10,286.4599999999997,move,improve
5632,10,293.8400000000004,10,286.4599999999997,move,improve
5633,10,293.8400000000004,10,286.4599999999997,move,improve
5634,10,295.3799999999998,10,286.4599999999997,swap,acceptBad
5635,10,295.3799999999998,10,286.4599999999997,move,improve
5636,10,295.3799999999998,10,286.4599999999997,move,improve
5637,10,295.3799999999998,10,286.4599999999997,2opt,notBad
5638,10,295.3799999999998,10,286.4599999999997,swap,notBad
5639,10,295.3799999999998,10,286.4599999999997,move,improve
5640,10,295.3799999999998,10,286.4599999999997,move,improve
5641,10,295.3799999999998,10,286.4599999999997,2opt,notBad
5642,10,295.3799999999998,10,286.4599999999997,move,improve
5643,10,295.27999999999986,10,286.4599999999997,move,improve
5644,10,295.27999999999986,10,286.4599999999997,swap,notBad
5645,10,295.27999999999986,10,286.4599999999997,2opt,notBad
5646,10,295.27999999999986,10,286.4599999999997,move,improve
5647,10,295.27999999999986,10,286.4599999999997,swap,notBad
5648,10,295.27999999999986,10,286.4599999999997,move,improve
5649,10,295.27999999999986,10,286.4599999999997,2opt,notBad
5650,10,295.27999999999986,10,286.4599999999997,move,improve
5651,10,295.27999999999986,10,286.4599999999997,swap,notBad
5652,10,295.27999999999986,10,286.4599999999997,swap,notBad
5653,10,295.27999999999986,10,286.4599999999997,swap,notBad
5654,10,295.27999999999986,10,286.4599999999997,2opt,notBad
5655,10,295.27999999999986,10,286.4599999999997,2opt,notBad
5656,10,295.27999999999986,10,286.4599999999997,move,improve
5657,10,295.27999999999986,10,286.4599999999997,2opt,improve
5658,10,295.27999999999986,10,286.4599999999997,2opt,notBad
5659,10,295.27999999999986,10,286.4599999999997,2opt,notBad
5660,10,295.27999999999986,10,286.4599999999997,move,improve
5661,10,295.27999999999986,10,286.4599999999997,2opt,notBad
5662,10,295.27999999999986,10,286.4599999999997,2opt,notBad
5663,10,295.27999999999986,10,286.4599999999997,swap,notBad
5664,10,295.27999999999986,10,286.4599999999997,swap,notBad
5665,10,295.27999999999986,10,286.4599999999997,move,improve
5666,10,295.27999999999986,10,286.4599999999997,2opt,notBad
5667,10,295.27999999999986,10,286.4599999999997,move,improve
5668,10,295.27999999999986,10,286.4599999999997,2opt,improve
5669,10,295.27999999999986,10,286.4599999999997,swap,notBad
5670,10,295.27999999999986,10,286.4599999999997,swap,notBad
5671,10,295.27999999999986,10,286.4599999999997,move,improve
5672,10,296.7199999999999,10,286.4599999999997,swap,acceptBad
5673,10,296.7199999999999,10,286.4599999999997,swap,notBad
5674,10,296.7199999999999,10,286.4599999999997,swap,notBad
5675,10,296.7199999999999,10,286.4599999999997,move,improve
5676,10,296.7199999999999,10,286.4599999999997,move,improve
5677,10,296.7199999999999,10,286.4599999999997,swap,notBad
5678,10,296.7199999999999,10,286.4599999999997,2opt,notBad
5679,10,296.7199999999999,10,286.4599999999997,swap,notBad
5680,10,296.7199999999999,10,286.4599999999997,move,improve
5681,10,296.7199999999999,10,286.4599999999997,move,improve
5682,10,296.7199999999999,10,286.4599999999997,2opt,notBad
5683,10,296.7199999999999,10,286.4599999999997,2opt,notBad
5684,10,296.7199999999999,10,286.4599999999997,2opt,notBad
5685,10,296.7199999999999,10,286.4599999999997,move,improve
5686,10,296.7199999999999,10,286.4599999999997,2opt,notBad
5687,10,296.7199999999999,10,286.4599999999997,move,improve
5688,10,296.7199999999999,10,286.4599999999997,2opt,notBad
5689,10,296.7199999999999,10,286.4599999999997,2opt,notBad
5690,10,296.7199999999999,10,286.4599999999997,swap,notBad
5691,10,296.7199999999999,10,286.4599999999997,move,improve
5692,10,296.7199999999999,10,286.4599999999997,move,improve
5693,10,296.7199999999999,10,286.4599999999997,2opt,notBad
5694,10,296.7199999999999,10,286.4599999999997,swap,notBad
5695,10,296.7199999999999,10,286.4599999999997,swap,notBad
5696,10,296.7199999999999,10,286.4599999999997,move,improve
5697,10,296.7199999999999,10,286.4599999999997,move,improve
5698,10,296.7199999999999,10,286.4599999999997,swap,notBad
5699,10,296.7199999999999,10,286.4599999999997,swap,notBad
5700,10,296.7199999999999,10,286.4599999999997,swap,notBad
5701,10,296.7199999999999,10,286.4599999999997,swap,notBad
5702,10,296.7199999999999,10,286.4599999999997,move,improve
5703,10,296.7199999999999,10,286.4599999999997,2opt,improve
5704,10,296.7199999999999,10,286.4599999999997,swap,notBad
5705,10,296.7199999999999,10,286.4599999999997,move,improve
5706,10,296.7199999999999,10,286.4599999999997,2opt,notBad
5707,10,296.7199999999999,10,286.4599999999997,swap,notBad
5708,10,296.7199999999999,10,286.4599999999997,swap,notBad
5709,10,296.7199999999999,10,286.4599999999997,move,improve
5710,10,296.7199999999999,10,286.4599999999997,swap,notBad
5711,10,296.7199999999999,10,286.4599999999997,move,improve
5712,10,296.7199999999999,10,286.4599999999997,move,improve
5713,10,296.7199999999999,10,286.4599999999997,move,improve
5714,10,296.7199999999999,10,286.4599999999997,swap,notBad
5715,10,296.7199999999999,10,286.4599999999997,swap,notBad
5716,10,296.7199999999999,10,286.4599999999997,swap,notBad
5717,10,296.7199999999999,10,286.4599999999997,2opt,notBad
5718,10,296.7199999999999,10,286.4599999999997,swap,notBad
5719,10,296.7199999999999,10,286.4599999999997,swap,notBad
5720,10,296.7199999999999,10,286.4599999999997,2opt,notBad
5721,10,296.7199999999999,10,286.4599999999997,move,improve
5722,10,296.7199999999999,10,286.4599999999997,swap,notBad
5723,10,295.5600000000001,10,286.4599999999997,swap,improve
5724,10,295.5600000000001,10,286.4599999999997,move,improve
5725,10,295.5600000000001,10,286.4599999999997,2opt,notBad
5726,10,293.7800000000002,10,286.4599999999997,swap,improve
5727,10,293.7800000000002,10,286.4599999999997,2opt,notBad
5728,10,293.7800000000002,10,286.4599999999997,swap,notBad
5729,10,293.7800000000002,10,286.4599999999997,2opt,notBad
5730,10,293.7800000000002,10,286.4599999999997,swap,notBad
5731,10,293.7800000000002,10,286.4599999999997,swap,notBad
5732,10,293.7800000000002,10,286.4599999999997,move,improve
5733,10,293.7800000000002,10,286.4599999999997,2opt,notBad
5734,10,293.7800000000002,10,286.4599999999997,2opt,notBad
5735,10,293.7800000000002,10,286.4599999999997,move,improve
5736,10,293.7800000000002,10,286.4599999999997,swap,notBad
5737,10,293.7800000000002,10,286.4599999999997,2opt,notBad
5738,10,293.7800000000002,10,286.4599999999997,move,improve
5739,10,293.7800000000002,10,286.4599999999997,swap,notBad
5740,10,293.7800000000002,10,286.4599999999997,2opt,notBad
5741,10,293.7800000000002,10,286.4599999999997,swap,notBad
5742,10,293.7800000000002,10,286.4599999999997,move,improve
5743,10,293.7800000000002,10,286.4599999999997,2opt,improve
5744,10,293.7800000000002,10,286.4599999999997,move,improve
5745,10,293.7800000000002,10,286.4599999999997,swap,notBad
5746,10,293.7800000000002,10,286.4599999999997,swap,notBad
5747,10,293.7800000000002,10,286.4599999999997,swap,notBad
5748,10,293.7800000000002,10,286.4599999999997,2opt,notBad
5749,10,293.7800000000002,10,286.4599999999997,2opt,notBad
5750,10,293.7800000000002,10,286.4599999999997,swap,notBad
5751,10,293.7800000000002,10,286.4599999999997,swap,notBad
5752,10,293.7800000000002,10,286.4599999999997,2opt,notBad
5753,10,293.7800000000002,10,286.4599999999997,2opt,improve
5754,10,293.7800000000002,10,286.4599999999997,swap,notBad
5755,10,293.7800000000002,10,286.4599999999997,2opt,notBad
5756,10,293.7800000000002,10,286.4599999999997,swap,notBad
5757,10,293.7800000000002,10,286.4599999999997,move,improve
5758,10,293.7800000000002,10,286.4599999999997,2opt,improve
5759,10,293.7800000000002,10,286.4599999999997,2opt,notBad
5760,10,293.7800000000002,10,286.4599999999997,swap,notBad
5761,10,293.7800000000002,10,286.4599999999997,2opt,notBad
5762,10,293.7800000000002,10,286.4599999999997,move,improve
5763,10,293.7800000000002,10,286.4599999999997,move,improve
5764,10,293.7800000000002,10,286.4599999999997,swap,notBad
5765,10,293.7800000000002,10,286.4599999999997,swap,improve
5766,10,293.7800000000002,10,286.4599999999997,swap,notBad
5767,10,293.7800000000002,10,286.4599999999997,2opt,improve
5768,10,293.7800000000002,10,286.4599999999997,move,improve
5769,10,293.7800000000002,10,286.4599999999997,swap,notBad
5770,10,293.7800000000002,10,286.4599999999997,swap,notBad
5771,10,293.7800000000002,10,286.4599999999997,2opt,improve
5772,10,293.7800000000002,10,286.4599999999997,2opt,notBad
5773,10,293.7800000000002,10,286.4599999999997,move,improve
5774,10,293.7800000000002,10,286.4599999999997,move,improve
5775,10,293.7800000000002,10,286.4599999999997,swap,notBad
5776,10,293.7800000000002,10,286.4599999999997,swap,notBad
5777,10,293.7800000000002,10,286.4599999999997,move,improve
5778,10,293.7800000000002,10,286.4599999999997,swap,notBad
5779,10,293.7800000000002,10,286.4599999999997,2opt,notBad
5780,10,293.7800000000002,10,286.4599999999997,2opt,notBad
5781,10,293.7800000000002,10,286.4599999999997,swap,notBad
5782,10,293.7800000000002,10,286.4599999999997,2opt,notBad
5783,10,293.7800000000002,10,286.4599999999997,2opt,notBad
5784,10,293.7800000000002,10,286.4599999999997,move,improve
5785,10,292.8200000000002,10,286.4599999999997,move,improve
5786,10,292.8200000000002,10,286.4599999999997,2opt,notBad
5787,10,292.8200000000002,10,286.4599999999997,swap,notBad
5788,10,292.8200000000002,10,286.4599999999997,2opt,notBad
5789,10,292.8200000000002,10,286.4599999999997,swap,notBad
5790,10,292.8200000000002,10,286.4599999999997,2opt,notBad
5791,10,292.8200000000002,10,286.4599999999997,swap,notBad
5792,10,292.8200000000002,10,286.4599999999997,move,improve
5793,10,292.8200000000002,10,286.4599999999997,move,improve
5794,10,292.8200000000002,10,286.4599999999997,move,improve
5795,10,292.8200000000002,10,286.4599999999997,move,improve
5796,10,292.8200000000002,10,286.4599999999997,2opt,improve
5797,10,292.8200000000002,10,286.4599999999997,2opt,notBad
5798,10,292.8200000000002,10,286.4599999999997,move,improve
5799,10,292.8200000000002,10,286.4599999999997,swap,notBad
5800,10,292.8200000000002,10,286.4599999999997,move,improve
5801,10,292.8200000000002,10,286.4599999999997,move,improve
5802,10,292.8200000000002,10,286.4599999999997,swap,notBad
5803,10,292.8200000000002,10,286.4599999999997,swap,notBad
5804,10,292.8200000000002,10,286.4599999999997,2opt,notBad
5805,10,292.8200000000002,10,286.4599999999997,swap,notBad
5806,10,292.8200000000002,10,286.4599999999997,move,improve
5807,10,292.8200000000002,10,286.4599999999997,2opt,notBad
5808,10,292.8200000000002,10,286.4599999999997,2opt,notBad
5809,10,292.8200000000002,10,286.4599999999997,move,notBad
5810,10,292.8200000000002,10,286.4599999999997,move,improve
5811,10,292.8200000000002,10,286.4599999999997,swap,notBad
5812,10,292.8200000000002,10,286.4599999999997,2opt,notBad
5813,10,292.8200000000002,10,286.4599999999997,move,improve
5814,10,292.8200000000002,10,286.4599999999997,2opt,notBad
5815,10,292.8200000000002,10,286.4599999999997,2opt,notBad
5816,10,292.8200000000002,10,286.4599999999997,swap,notBad
5817,10,292.8200000000002,10,286.4599999999997,2opt,notBad
5818,10,292.8200000000002,10,286.4599999999997,2opt,notBad
5819,10,294.0600000000002,10,286.4599999999997,swap,acceptBad
5820,10,294.0600000000002,10,286.4599999999997,move,improve
5821,10,294.0600000000002,10,286.4599999999997,move,improve
5822,10,294.0600000000002,10,286.4599999999997,move,improve
5823,10,294.0600000000002,10,286.4599999999997,move,improve
5824,10,294.0600000000002,10,286.4599999999997,2opt,notBad
5825,10,294.0600000000002,10,286.4599999999997,move,improve
5826,10,294.0600000000002,10,286.4599999999997,swap,notBad
5827,10,294.0600000000002,10,286.4599999999997,2opt,notBad
5828,10,294.0600000000002,10,286.4599999999997,2opt,notBad
5829,10,294.0600000000002,10,286.4599999999997,2opt,notBad
5830,10,294.0600000000002,10,286.4599999999997,move,improve
5831,10,294.0600000000002,10,286.4599999999997,swap,notBad
5832,10,294.0600000000002,10,286.4599999999997,swap,notBad
5833,10,294.0600000000002,10,286.4599999999997,move,improve
5834,10,294.0600000000002,10,286.4599999999997,move,improve
5835,10,294.0600000000002,10,286.4599999999997,swap,notBad
5836,10,294.0600000000002,10,286.4599999999997,2opt,notBad
5837,10,294.0600000000002,10,286.4599999999997,swap,notBad
5838,10,294.0600000000002,10,286.4599999999997,move,improve
5839,10,294.0600000000002,10,286.4599999999997,swap,notBad
5840,10,294.0600000000002,10,286.4599999999997,2opt,notBad
5841,10,294.0600000000002,10,286.4599999999997,move,improve
5842,10,294.0600000000002,10,286.4599999999997,swap,notBad
5843,10,294.0600000000002,10,286.4599999999997,2opt,notBad
5844,10,294.0600000000002,10,286.4599999999997,swap,notBad
5845,10,292.8200000000002,10,286.4599999999997,move,improve
5846,10,292.8200000000002,10,286.4599999999997,2opt,notBad
5847,10,292.8200000000002,10,286.4599999999997,2opt,improve
5848,10,292.8200000000002,10,286.4599999999997,2opt,notBad
5849,10,292.8200000000002,10,286.4599999999997,2opt,notBad
5850,10,292.8200000000002,10,286.4599999999997,move,improve
5851,10,292.8200000000002,10,286.4599999999997,move,improve
5852,10,292.8200000000002,10,286.4599999999997,2opt,notBad
5853,10,292.8200000000002,10,286.4599999999997,2opt,notBad
5854,10,292.8200000000002,10,286.4599999999997,swap,notBad
5855,10,292.8200000000002,10,286.4599999999997,swap,notBad
5856,10,292.8200000000002,10,286.4599999999997,2opt,notBad
5857,10,292.8200000000002,10,286.4599999999997,move,improve
5858,10,293.8000000000002,10,286.4599999999997,swap,acceptBad
5859,10,293.8000000000002,10,286.4599999999997,swap,notBad
5860,10,293.8000000000002,10,286.4599999999997,2opt,notBad
5861,10,293.8000000000002,10,286.4599999999997,2opt,notBad
5862,10,293.8000000000002,10,286.4599999999997,move,improve
5863,10,293.8000000000002,10,286.4599999999997,move,notBad
5864,10,293.8000000000002,10,286.4599999999997,move,improve
5865,10,293.8000000000002,10,286.4599999999997,2opt,notBad
5866,10,293.8000000000002,10,286.4599999999997,2opt,notBad
5867,10,293.8000000000002,10,286.4599999999997,move,improve
5868,10,293.8000000000002,10,286.4599999999997,swap,notBad
5869,10,293.8000000000002,10,286.4599999999997,move,improve
5870,10,293.8000000000002,10,286.4599999999997,2opt,notBad
5871,10,293.8000000000002,10,286.4599999999997,swap,notBad
5872,10,293.8000000000002,10,286.4599999999997,2opt,notBad
5873,10,292.7400000000002,10,286.4599999999997,move,improve
5874,10,292.7400000000002,10,286.4599999999997,2opt,notBad
5875,10,292.7400000000002,10,286.4599999999997,move,improve
5876,10,292.7400000000002,10,286.4599999999997,swap,notBad
5877,10,292.7400000000002,10,286.4599999999997,move,improve
5878,10,292.7400000000002,10,286.4599999999997,move,improve
5879,10,292.7400000000002,10,286.4599999999997,2opt,notBad
5880,10,292.7400000000002,10,286.4599999999997,2opt,notBad
5881,10,292.7400000000002,10,286.4599999999997,2opt,notBad
5882,10,292.60000000000025,10,286.4599999999997,2opt,improve
5883,10,292.60000000000025,10,286.4599999999997,move,improve
5884,10,289.5000000000002,10,286.4599999999997,move,improve
5885,10,289.5000000000002,10,286.4599999999997,swap,notBad
5886,10,289.5000000000002,10,286.4599999999997,swap,notBad
5887,10,289.5000000000002,10,286.4599999999997,2opt,notBad
5888,10,289.5000000000002,10,286.4599999999997,swap,notBad
5889,10,289.5000000000002,10,286.4599999999997,2opt,notBad
5890,10,289.5000000000002,10,286.4599999999997,swap,notBad
5891,10,289.5000000000002,10,286.4599999999997,2opt,notBad
5892,10,289.5000000000002,10,286.4599999999997,2opt,notBad
5893,10,289.5000000000002,10,286.4599999999997,2opt,notBad
5894,10,290.0000000000002,10,286.4599999999997,swap,acceptBad
5895,10,291.28000000000026,10,286.4599999999997,2opt,acceptBad
5896,10,291.28000000000026,10,286.4599999999997,swap,notBad
5897,10,291.28000000000026,10,286.4599999999997,swap,notBad
5898,10,289.80000000000024,10,286.4599999999997,move,improve
5899,10,289.80000000000024,10,286.4599999999997,move,improve
5900,10,289.80000000000024,10,286.4599999999997,swap,notBad
5901,10,289.80000000000024,10,286.4599999999997,2opt,notBad
5902,10,289.80000000000024,10,286.4599999999997,swap,notBad
5903,10,289.80000000000024,10,286.4599999999997,move,improve
5904,10,289.80000000000024,10,286.4599999999997,2opt,notBad
5905,10,289.80000000000024,10,286.4599999999997,move,improve
5906,10,289.48000000000025,10,286.4599999999997,move,improve
5907,10,289.48000000000025,10,286.4599999999997,2opt,notBad
5908,10,289.48000000000025,10,286.4599999999997,2opt,notBad
5909,10,289.48000000000025,10,286.4599999999997,move,improve
5910,10,289.48000000000025,10,286.4599999999997,swap,notBad
5911,10,289.48000000000025,10,286.4599999999997,swap,notBad
5912,10,289.48000000000025,10,286.4599999999997,swap,notBad
5913,10,289.48000000000025,10,286.4599999999997,move,improve
5914,10,289.48000000000025,10,286.4599999999997,2opt,notBad
5915,10,289.48000000000025,10,286.4599999999997,swap,notBad
5916,10,289.48000000000025,10,286.4599999999997,2opt,notBad
5917,10,289.48000000000025,10,286.4599999999997,move,improve
5918,10,289.48000000000025,10,286.4599999999997,swap,notBad
5919,10,289.48000000000025,10,286.4599999999997,move,improve
5920,10,289.48000000000025,10,286.4599999999997,2opt,notBad
5921,10,289.48000000000025,10,286.4599999999997,move,improve
5922,10,289.48000000000025,10,286.4599999999997,move,improve
5923,10,289.48000000000025,10,286.4599999999997,swap,notBad
5924,10,289.48000000000025,10,286.4599999999997,2opt,notBad
5925,10,289.48000000000025,10,286.4599999999997,2opt,notBad
5926,10,289.48000000000025,10,286.4599999999997,swap,notBad
5927,10,289.48000000000025,10,286.4599999999997,2opt,notBad
5928,10,289.48000000000025,10,286.4599999999997,swap,notBad
5929,10,289.48000000000025,10,286.4599999999997,swap,notBad
5930,10,289.48000000000025,10,286.4599999999997,swap,notBad
5931,10,289.48000000000025,10,286.4599999999997,move,improve
5932,10,289.48000000000025,10,286.4599999999997,swap,notBad
5933,10,289.48000000000025,10,286.4599999999997,move,improve
5934,10,289.48000000000025,10,286.4599999999997,swap,notBad
5935,10,289.48000000000025,10,286.4599999999997,move,improve
5936,10,289.48000000000025,10,286.4599999999997,move,improve
5937,10,289.48000000000025,10,286.4599999999997,swap,notBad
5938,10,289.48000000000025,10,286.4599999999997,swap,notBad
5939,10,289.48000000000025,10,286.4599999999997,2opt,notBad
5940,10,289.48000000000025,10,286.4599999999997,move,improve
5941,10,289.48000000000025,10,286.4599999999997,2opt,notBad
5942,10,289.48000000000025,10,286.4599999999997,move,improve
5943,10,289.48000000000025,10,286.4599999999997,move,improve
5944,10,289.48000000000025,10,286.4599999999997,swap,notBad
5945,10,289.48000000000025,10,286.4599999999997,swap,notBad
5946,10,289.48000000000025,10,286.4599999999997,2opt,notBad
5947,10,289.48000000000025,10,286.4599999999997,2opt,notBad
5948,10,285.06000000000023,10,285.06000000000023,move,newBest
5949,10,285.06000000000023,10,285.06000000000023,move,improve
5950,10,285.06000000000023,10,285.06000000000023,move,improve
5951,10,285.06000000000023,10,285.06000000000023,2opt,notBad
5952,10,285.06000000000023,10,285.06000000000023,move,improve
5953,10,285.06000000000023,10,285.06000000000023,move,improve
5954,10,285.06000000000023,10,285.06000000000023,2opt,notBad
5955,10,285.06000000000023,10,285.06000000000023,swap,notBad
5956,10,285.06000000000023,10,285.06000000000023,2opt,improve
5957,10,285.06000000000023,10,285.06000000000023,swap,notBad
5958,10,285.06000000000023,10,285.06000000000023,swap,notBad
5959,10,285.06000000000023,10,285.06000000000023,move,improve
5960,10,285.06000000000023,10,285.06000000000023,2opt,notBad
5961,10,285.06000000000023,10,285.06000000000023,2opt,notBad
5962,10,285.06000000000023,10,285.06000000000023,2opt,notBad
5963,10,285.06000000000023,10,285.06000000000023,move,improve
5964,10,285.06000000000023,10,285.06000000000023,2opt,notBad
5965,10,285.06000000000023,10,285.06000000000023,move,improve
5966,10,285.06000000000023,10,285.06000000000023,move,improve
5967,10,285.22000000000025,10,285.06000000000023,swap,acceptBad
5968,10,285.22000000000025,10,285.06000000000023,2opt,notBad
5969,10,285.22000000000025,10,285.06000000000023,2opt,notBad
5970,10,285.22000000000025,10,285.06000000000023,swap,notBad
5971,10,286.62000000000023,10,285.06000000000023,2opt,acceptBad
5972,10,286.62000000000023,10,285.06000000000023,move,improve
5973,10,286.62000000000023,10,285.06000000000023,move,improve
5974,10,286.62000000000023,10,285.06000000000023,2opt,notBad
5975,10,286.62000000000023,10,285.06000000000023,2opt,notBad
5976,10,286.62000000000023,10,285.06000000000023,2opt,notBad
5977,10,286.62000000000023,10,285.06000000000023,swap,notBad
5978,10,286.62000000000023,10,285.06000000000023,move,improve
5979,10,286.62000000000023,10,285.06000000000023,2opt,notBad
5980,10,286.62000000000023,10,285.06000000000023,move,improve
5981,10,286.62000000000023,10,285.06000000000023,move,improve
5982,10,286.62000000000023,10,285.06000000000023,move,improve
5983,10,286.53999999999996,10,285.06000000000023,move,improve
5984,10,286.53999999999996,10,285.06000000000023,move,improve
5985,10,286.53999999999996,10,285.06000000000023,swap,notBad
5986,10,286.53999999999996,10,285.06000000000023,swap,notBad
5987,10,286.53999999999996,10,285.06000000000023,move,improve
5988,10,286.53999999999996,10,285.06000000000023,swap,notBad
5989,10,286.53999999999996,10,285.06000000000023,2opt,improve
5990,10,286.53999999999996,10,285.06000000000023,2opt,notBad
5991,10,286.53999999999996,10,285.06000000000023,swap,notBad
5992,10,286.53999999999996,10,285.06000000000023,move,improve
5993,10,286.53999999999996,10,285.06000000000023,swap,notBad
5994,10,286.53999999999996,10,285.06000000000023,move,improve
5995,10,286.53999999999996,10,285.06000000000023,swap,notBad
5996,10,286.53999999999996,10,285.06000000000023,swap,notBad
5997,10,286.53999999999996,10,285.06000000000023,move,improve
5998,10,286.53999999999996,10,285.06000000000023,swap,notBad
5999,10,286.53999999999996,10,285.06000000000023,swap,notBad
6000,10,286.53999999999996,10,285.06000000000023,swap,notBad
6001,10,286.53999999999996,10,285.06000000000023,2opt,improve
6002,10,286.53999999999996,10,285.06000000000023,swap,notBad
6003,10,286.53999999999996,10,285.06000000000023,move,improve
6004,10,286.53999999999996,10,285.06000000000023,move,improve
6005,10,286.53999999999996,10,285.06000000000023,swap,notBad
6006,10,286.53999999999996,10,285.06000000000023,2opt,notBad
6007,10,286.53999999999996,10,285.06000000000023,2opt,notBad
6008,10,286.53999999999996,10,285.06000000000023,move,improve
6009,10,284.4999999999999,10,284.4999999999999,2opt,newBest
6010,10,284.4999999999999,10,284.4999999999999,swap,notBad
6011,10,284.4999999999999,10,284.4999999999999,swap,notBad
6012,10,284.4999999999999,10,284.4999999999999,move,improve
6013,10,284.4999999999999,10,284.4999999999999,2opt,notBad
6014,10,284.4999999999999,10,284.4999999999999,move,improve
6015,10,284.4999999999999,10,284.4999999999999,swap,notBad
6016,10,284.4999999999999,10,284.4999999999999,move,improve
6017,10,284.4999999999999,10,284.4999999999999,move,notBad
6018,10,284.4999999999999,10,284.4999999999999,move,improve
6019,10,284.4999999999999,10,284.4999999999999,move,improve
6020,10,284.4999999999999,10,284.4999999999999,2opt,notBad
6021,10,284.4999999999999,10,284.4999999999999,swap,notBad
6022,10,284.4999999999999,10,284.4999999999999,2opt,notBad
6023,10,284.4999999999999,10,284.4999999999999,swap,notBad
6024,10,285.6599999999995,10,284.4999999999999,swap,acceptBad
6025,10,285.6599999999995,10,284.4999999999999,move,improve
6026,10,285.6599999999995,10,284.4999999999999,swap,notBad
6027,10,285.6599999999995,10,284.4999999999999,move,improve
6028,10,285.6599999999995,10,284.4999999999999,swap,notBad
6029,10,285.6599999999995,10,284.4999999999999,2opt,notBad
6030,10,285.6599999999995,10,284.4999999999999,2opt,notBad
6031,10,285.6599999999995,10,284.4999999999999,move,notBad
6032,10,285.6599999999995,10,284.4999999999999,move,improve
6033,10,285.6599999999995,10,284.4999999999999,swap,notBad
6034,10,285.49999999999955,10,284.4999999999999,move,improve
6035,10,285.49999999999955,10,284.4999999999999,2opt,improve
6036,10,285.49999999999955,10,284.4999999999999,move,improve
6037,10,285.49999999999955,10,284.4999999999999,swap,notBad
6038,10,285.49999999999955,10,284.4999999999999,2opt,notBad
6039,10,285.49999999999955,10,284.4999999999999,2opt,notBad
6040,10,285.49999999999955,10,284.4999999999999,2opt,notBad
6041,10,285.49999999999955,10,284.4999999999999,swap,notBad
6042,10,285.49999999999955,10,284.4999999999999,move,improve
6043,10,285.49999999999955,10,284.4999999999999,move,improve
6044,10,285.49999999999955,10,284.4999999999999,2opt,notBad
6045,10,285.49999999999955,10,284.4999999999999,move,improve
6046,10,285.4399999999996,10,284.4999999999999,move,improve
6047,10,285.4399999999996,10,284.4999999999999,move,improve
6048,10,285.4399999999996,10,284.4999999999999,swap,notBad
6049,10,285.4399999999996,10,284.4999999999999,move,improve
6050,10,285.4399999999996,10,284.4999999999999,move,improve
6051,10,285.4399999999996,10,284.4999999999999,2opt,notBad
6052,10,285.4399999999996,10,284.4999999999999,swap,notBad
6053,10,285.4399999999996,10,284.4999999999999,2opt,notBad
6054,10,285.4399999999996,10,284.4999999999999,2opt,notBad
6055,10,285.4399999999996,10,284.4999999999999,2opt,notBad
6056,10,285.4399999999996,10,284.4999999999999,2opt,notBad
6057,10,285.4399999999996,10,284.4999999999999,move,improve
6058,10,285.4399999999996,10,284.4999999999999,move,improve
6059,10,285.4399999999996,10,284.4999999999999,swap,notBad
6060,10,285.4399999999996,10,284.4999999999999,swap,notBad
6061,10,285.4399999999996,10,284.4999999999999,2opt,notBad
6062,10,285.4399999999996,10,284.4999999999999,2opt,notBad
6063,10,285.4399999999996,10,284.4999999999999,2opt,notBad
6064,10,285.4399999999996,10,284.4999999999999,swap,notBad
6065,10,285.4399999999996,10,284.4999999999999,2opt,notBad
6066,10,285.4399999999996,10,284.4999999999999,swap,notBad
6067,10,285.4399999999996,10,284.4999999999999,move,improve
6068,10,285.4399999999996,10,284.4999999999999,move,improve
6069,10,285.4399999999996,10,284.4999999999999,move,improve
6070,10,285.4399999999996,10,284.4999999999999,2opt,notBad
6071,10,285.4399999999996,10,284.4999999999999,move,improve
6072,10,285.4399999999996,10,284.4999999999999,2opt,notBad
6073,10,285.4399999999996,10,284.4999999999999,swap,notBad
6074,10,285.4399999999996,10,284.4999999999999,move,improve
6075,10,285.4399999999996,10,284.4999999999999,2opt,notBad
6076,10,285.4399999999996,10,284.4999999999999,2opt,notBad
6077,10,284.1200000000001,10,284.1200000000001,move,newBest
6078,10,284.1200000000001,10,284.1200000000001,swap,notBad
6079,10,284.1200000000001,10,284.1200000000001,2opt,notBad
6080,10,284.1200000000001,10,284.1200000000001,move,improve
6081,10,284.1200000000001,10,284.1200000000001,swap,notBad
6082,10,284.1200000000001,10,284.1200000000001,2opt,improve
6083,10,284.1200000000001,10,284.1200000000001,swap,notBad
6084,10,284.1200000000001,10,284.1200000000001,2opt,notBad
6085,10,284.1200000000001,10,284.1200000000001,move,improve
6086,10,284.1200000000001,10,284.1200000000001,swap,notBad
6087,10,284.1200000000001,10,284.1200000000001,2opt,improve
6088,10,284.1200000000001,10,284.1200000000001,2opt,notBad
6089,10,284.1200000000001,10,284.1200000000001,swap,notBad
6090,10,284.1200000000001,10,284.1200000000001,move,improve
6091,10,284.1200000000001,10,284.1200000000001,swap,notBad
6092,10,284.1200000000001,10,284.1200000000001,move,improve
6093,10,284.1200000000001,10,284.1200000000001,2opt,notBad
6094,10,284.1200000000001,10,284.1200000000001,swap,notBad
6095,10,284.1200000000001,10,284.1200000000001,move,improve
6096,10,284.1200000000001,10,284.1200000000001,swap,notBad
6097,10,284.1200000000001,10,284.1200000000001,swap,notBad
6098,10,284.1200000000001,10,284.1200000000001,2opt,notBad
6099,10,284.1200000000001,10,284.1200000000001,move,improve
6100,10,284.1200000000001,10,284.1200000000001,swap,notBad
6101,10,284.1200000000001,10,284.1200000000001,2opt,notBad
6102,10,284.1200000000001,10,284.1200000000001,2opt,notBad
6103,10,284.1200000000001,10,284.1200000000001,move,improve
6104,10,284.1200000000001,10,284.1200000000001,2opt,notBad
6105,10,284.1200000000001,10,284.1200000000001,move,notBad
6106,10,284.1200000000001,10,284.1200000000001,swap,notBad
6107,10,284.1200000000001,10,284.1200000000001,move,improve
6108,10,284.1200000000001,10,284.1200000000001,swap,notBad
6109,10,284.1200000000001,10,284.1200000000001,2opt,notBad
6110,10,284.1200000000001,10,284.1200000000001,move,improve
6111,10,284.1200000000001,10,284.1200000000001,move,improve
6112,10,284.1200000000001,10,284.1200000000001,2opt,notBad
6113,10,284.1200000000001,10,284.1200000000001,move,improve
6114,10,284.1200000000001,10,284.1200000000001,swap,notBad
6115,10,284.1200000000001,10,284.1200000000001,swap,notBad
6116,10,284.1200000000001,10,284.1200000000001,2opt,improve
6117,10,284.1200000000001,10,284.1200000000001,2opt,notBad
6118,10,284.1200000000001,10,284.1200000000001,move,improve
6119,10,284.1200000000001,10,284.1200000000001,move,improve
6120,10,284.1200000000001,10,284.1200000000001,2opt,notBad
6121,10,284.1200000000001,10,284.1200000000001,move,improve
6122,10,284.1200000000001,10,284.1200000000001,2opt,notBad
6123,10,283.3599999999997,10,283.3599999999997,move,newBest
6124,10,283.3599999999997,10,283.3599999999997,move,improve
6125,10,283.3599999999997,10,283.3599999999997,swap,notBad
6126,10,283.3599999999997,10,283.3599999999997,move,improve
6127,10,283.3599999999997,10,283.3599999999997,move,improve
6128,10,283.3599999999997,10,283.3599999999997,move,improve
6129,10,283.3599999999997,10,283.3599999999997,move,improve
6130,10,283.3599999999997,10,283.3599999999997,2opt,notBad
6131,10,283.3599999999997,10,283.3599999999997,move,improve
6132,10,283.3599999999997,10,283.3599999999997,2opt,notBad
6133,10,283.3599999999997,10,283.3599999999997,swap,notBad
6134,10,283.3599999999997,10,283.3599999999997,swap,notBad
6135,10,283.3599999999997,10,283.3599999999997,move,improve
6136,10,283.3599999999997,10,283.3599999999997,2opt,notBad
6137,10,283.3599999999997,10,283.3599999999997,move,improve
6138,10,283.3599999999997,10,283.3599999999997,move,improve
6139,10,283.3599999999997,10,283.3599999999997,2opt,notBad
6140,10,283.3599999999997,10,283.3599999999997,2opt,notBad
6141,10,283.3599999999997,10,283.3599999999997,move,improve
6142,10,283.3599999999997,10,283.3599999999997,move,notBad
6143,10,283.3599999999997,10,283.3599999999997,move,improve
6144,10,283.3599999999997,10,283.3599999999997,2opt,notBad
6145,10,283.3599999999997,10,283.3599999999997,2opt,notBad
6146,10,283.3599999999997,10,283.3599999999997,2opt,notBad
6147,10,283.3599999999997,10,283.3599999999997,2opt,notBad
6148,10,283.3599999999997,10,283.3599999999997,swap,notBad
6149,10,283.3599999999997,10,283.3599999999997,2opt,notBad
6150,10,283.3599999999997,10,283.3599999999997,move,improve
6151,10,283.3599999999997,10,283.3599999999997,2opt,notBad
6152,10,282.7199999999997,10,282.7199999999997,swap,newBest
6153,10,282.7199999999997,10,282.7199999999997,move,improve
6154,10,282.7199999999997,10,282.7199999999997,move,notBad
6155,10,287.21999999999923,10,282.7199999999997,swap,acceptBad
6156,10,287.21999999999923,10,282.7199999999997,swap,notBad
6157,10,287.21999999999923,10,282.7199999999997,2opt,notBad
6158,10,287.21999999999923,10,282.7199999999997,swap,notBad
6159,10,287.21999999999923,10,282.7199999999997,2opt,notBad
6160,10,287.21999999999923,10,282.7199999999997,2opt,notBad
6161,10,287.21999999999923,10,282.7199999999997,2opt,notBad
6162,10,287.21999999999923,10,282.7199999999997,2opt,notBad
6163,10,283.299999999999,10,282.7199999999997,move,improve
6164,10,283.299999999999,10,282.7199999999997,2opt,notBad
6165,10,283.299999999999,10,282.7199999999997,2opt,notBad
6166,10,283.299999999999,10,282.7199999999997,move,improve
6167,10,283.299999999999,10,282.7199999999997,move,improve
6168,10,283.299999999999,10,282.7199999999997,swap,notBad
6169,10,283.299999999999,10,282.7199999999997,move,improve
6170,10,283.299999999999,10,282.7199999999997,move,improve
6171,10,283.299999999999,10,282.7199999999997,2opt,improve
6172,10,283.299999999999,10,282.7199999999997,2opt,notBad
6173,10,283.299999999999,10,282.7199999999997,move,notBad
6174,10,283.299999999999,10,282.7199999999997,swap,notBad
6175,10,283.299999999999,10,282.7199999999997,move,improve
6176,10,283.299999999999,10,282.7199999999997,move,improve
6177,10,283.299999999999,10,282.7199999999997,2opt,notBad
6178,10,283.299999999999,10,282.7199999999997,swap,notBad
6179,10,283.299999999999,10,282.7199999999997,swap,notBad
6180,10,283.299999999999,10,282.7199999999997,swap,notBad
6181,10,283.299999999999,10,282.7199999999997,swap,notBad
6182,10,283.299999999999,10,282.7199999999997,move,improve
6183,10,283.299999999999,10,282.7199999999997,move,improve
6184,10,280.8999999999991,10,280.8999999999991,move,newBest
6185,10,280.8999999999991,10,280.8999999999991,move,improve
6186,10,280.8999999999991,10,280.8999999999991,move,improve
6187,10,280.8999999999991,10,280.8999999999991,2opt,notBad
6188,10,280.8999999999991,10,280.8999999999991,swap,notBad
6189,10,280.8999999999991,10,280.8999999999991,swap,notBad
6190,10,280.8999999999991,10,280.8999999999991,swap,notBad
6191,10,280.8999999999991,10,280.8999999999991,move,improve
6192,10,280.8999999999991,10,280.8999999999991,2opt,improve
6193,10,280.8999999999991,10,280.8999999999991,move,improve
6194,10,282.679999999999,10,280.8999999999991,swap,acceptBad
6195,10,282.679999999999,10,280.8999999999991,2opt,improve
6196,10,282.679999999999,10,280.8999999999991,move,improve
6197,10,282.679999999999,10,280.8999999999991,swap,notBad
6198,10,282.679999999999,10,280.8999999999991,2opt,notBad
6199,10,282.679999999999,10,280.8999999999991,swap,notBad
6200,10,282.679999999999,10,280.8999999999991,2opt,notBad
6201,10,282.679999999999,10,280.8999999999991,2opt,improve
6202,10,282.679999999999,10,280.8999999999991,move,improve
6203,10,282.679999999999,10,280.8999999999991,2opt,notBad
6204,10,282.679999999999,10,280.8999999999991,2opt,improve
6205,10,282.679999999999,10,280.8999999999991,swap,notBad
6206,10,282.679999999999,10,280.8999999999991,swap,notBad
6207,10,282.679999999999,10,280.8999999999991,2opt,notBad
6208,10,282.679999999999,10,280.8999999999991,swap,notBad
6209,10,282.679999999999,10,280.8999999999991,2opt,notBad
6210,10,282.679999999999,10,280.8999999999991,swap,notBad
6211,10,282.679999999999,10,280.8999999999991,move,improve
6212,10,282.679999999999,10,280.8999999999991,swap,notBad
6213,10,282.679999999999,10,280.8999999999991,move,improve
6214,10,282.679999999999,10,280.8999999999991,2opt,notBad
6215,10,282.679999999999,10,280.8999999999991,move,improve
6216,10,282.679999999999,10,280.8999999999991,move,improve
6217,10,282.679999999999,10,280.8999999999991,2opt,notBad
6218,10,282.679999999999,10,280.8999999999991,2opt,notBad
6219,10,282.679999999999,10,280.8999999999991,move,improve
6220,10,282.679999999999,10,280.8999999999991,2opt,notBad
6221,10,282.679999999999,10,280.8999999999991,2opt,notBad
6222,10,282.679999999999,10,280.8999999999991,swap,notBad
6223,10,282.679999999999,10,280.8999999999991,move,improve
6224,10,282.679999999999,10,280.8999999999991,swap,notBad
6225,10,282.679999999999,10,280.8999999999991,swap,notBad
6226,10,282.679999999999,10,280.8999999999991,swap,notBad
6227,10,282.679999999999,10,280.8999999999991,2opt,improve
6228,10,282.679999999999,10,280.8999999999991,swap,notBad
6229,10,282.679999999999,10,280.8999999999991,move,improve
6230,10,282.679999999999,10,280.8999999999991,swap,notBad
6231,10,282.679999999999,10,280.8999999999991,move,improve
6232,10,282.679999999999,10,280.8999999999991,swap,notBad
6233,10,282.679999999999,10,280.8999999999991,swap,notBad
6234,10,282.679999999999,10,280.8999999999991,2opt,notBad
6235,10,282.679999999999,10,280.8999999999991,2opt,notBad
6236,10,282.679999999999,10,280.8999999999991,2opt,notBad
6237,10,282.679999999999,10,280.8999999999991,2opt,notBad
6238,10,281.4799999999995,10,280.8999999999991,move,improve
6239,10,281.4799999999995,10,280.8999999999991,swap,notBad
6240,10,281.4799999999995,10,280.8999999999991,move,improve
6241,10,281.4799999999995,10,280.8999999999991,swap,notBad
6242,10,281.4799999999995,10,280.8999999999991,swap,notBad
6243,10,281.4799999999995,10,280.8999999999991,move,improve
6244,10,281.4799999999995,10,280.8999999999991,2opt,notBad
6245,10,281.4799999999995,10,280.8999999999991,swap,notBad
6246,10,281.4799999999995,10,280.8999999999991,2opt,notBad
6247,10,281.4799999999995,10,280.8999999999991,2opt,notBad
6248,10,281.4799999999995,10,280.8999999999991,move,improve
6249,10,281.4799999999995,10,280.8999999999991,2opt,notBad
6250,10,280.01999999999964,10,280.01999999999964,move,newBest
6251,10,280.01999999999964,10,280.01999999999964,2opt,notBad
6252,10,283.39999999999947,10,280.01999999999964,swap,acceptBad
6253,10,283.39999999999947,10,280.01999999999964,2opt,improve
6254,10,283.39999999999947,10,280.01999999999964,move,improve
6255,10,283.39999999999947,10,280.01999999999964,swap,notBad
6256,10,283.39999999999947,10,280.01999999999964,swap,notBad
6257,10,283.39999999999947,10,280.01999999999964,2opt,notBad
6258,10,281.9999999999998,10,280.01999999999964,move,improve
6259,10,281.9999999999998,10,280.01999999999964,swap,notBad
6260,10,281.9999999999998,10,280.01999999999964,swap,notBad
6261,10,281.9999999999998,10,280.01999999999964,2opt,notBad
6262,10,281.9999999999998,10,280.01999999999964,swap,notBad
6263,10,281.9999999999998,10,280.01999999999964,move,improve
6264,10,281.9999999999998,10,280.01999999999964,swap,notBad
6265,10,281.9999999999998,10,280.01999999999964,swap,notBad
6266,10,281.9999999999998,10,280.01999999999964,2opt,notBad
6267,10,281.9999999999998,10,280.01999999999964,2opt,notBad
6268,10,281.9999999999998,10,280.01999999999964,2opt,notBad
6269,10,281.9999999999998,10,280.01999999999964,swap,notBad
6270,10,281.9999999999998,10,280.01999999999964,move,improve
6271,10,281.9999999999998,10,280.01999999999964,swap,notBad
6272,10,281.9999999999998,10,280.01999999999964,swap,notBad
6273,10,281.9999999999998,10,280.01999999999964,2opt,notBad
6274,10,281.9999999999998,10,280.01999999999964,swap,notBad
6275,10,281.9999999999998,10,280.01999999999964,move,improve
6276,10,281.9999999999998,10,280.01999999999964,move,improve
6277,10,281.9999999999998,10,280.01999999999964,swap,notBad
6278,10,281.9999999999998,10,280.01999999999964,swap,notBad
6279,10,281.9999999999998,10,280.01999999999964,2opt,improve
6280,10,281.9999999999998,10,280.01999999999964,2opt,notBad
6281,10,281.9999999999998,10,280.01999999999964,move,improve
6282,10,281.9999999999998,10,280.01999999999964,2opt,notBad
6283,10,281.9999999999998,10,280.01999999999964,move,improve
6284,10,281.9999999999998,10,280.01999999999964,2opt,notBad
6285,10,281.9999999999998,10,280.01999999999964,move,improve
6286,10,281.9999999999998,10,280.01999999999964,swap,notBad
6287,10,281.9999999999998,10,280.01999999999964,swap,notBad
6288,10,281.9999999999998,10,280.01999999999964,2opt,improve
6289,10,281.9999999999998,10,280.01999999999964,swap,notBad
6290,10,281.9999999999998,10,280.01999999999964,swap,notBad
6291,10,281.9999999999998,10,280.01999999999964,move,improve
6292,10,281.9999999999998,10,280.01999999999964,swap,notBad
6293,10,281.9999999999998,10,280.01999999999964,2opt,notBad
6294,10,281.9999999999998,10,280.01999999999964,2opt,notBad
6295,10,281.9999999999998,10,280.01999999999964,move,improve
6296,10,281.9999999999998,10,280.01999999999964,swap,notBad
6297,10,281.9999999999998,10,280.01999999999964,swap,notBad
6298,10,281.9999999999998,10,280.01999999999964,2opt,notBad
6299,10,281.9999999999998,10,280.01999999999964,2opt,improve
6300,10,281.9999999999998,10,280.01999999999964,swap,notBad
6301,10,281.9999999999998,10,280.01999999999964,swap,notBad
6302,10,281.9999999999998,10,280.01999999999964,swap,notBad
6303,10,281.9999999999998,10,280.01999999999964,move,improve
6304,10,281.9999999999998,10,280.01999999999964,2opt,notBad
6305,10,281.9999999999998,10,280.01999999999964,2opt,notBad
6306,10,281.9999999999998,10,280.01999999999964,2opt,notBad
6307,10,281.9999999999998,10,280.01999999999964,2opt,notBad
6308,10,281.9999999999998,10,280.01999999999964,swap,notBad
6309,10,281.9999999999998,10,280.01999999999964,swap,notBad
6310,10,281.9999999999998,10,280.01999999999964,move,improve
6311,10,281.9999999999998,10,280.01999999999964,move,improve
6312,10,281.9999999999998,10,280.01999999999964,move,improve
6313,10,281.9999999999998,10,280.01999999999964,swap,notBad
6314,10,281.9999999999998,10,280.01999999999964,swap,notBad
6315,10,281.9999999999998,10,280.01999999999964,move,improve
6316,10,281.9999999999998,10,280.01999999999964,2opt,notBad
6317,10,281.9999999999998,10,280.01999999999964,2opt,notBad
6318,10,281.9999999999998,10,280.01999999999964,2opt,notBad
6319,10,281.9999999999998,10,280.01999999999964,move,improve
6320,10,281.9999999999998,10,280.01999999999964,move,improve
6321,10,281.9999999999998,10,280.01999999999964,2opt,notBad
6322,10,281.9999999999998,10,280.01999999999964,2opt,improve
6323,10,281.9999999999998,10,280.01999999999964,swap,notBad
6324,10,281.9999999999998,10,280.01999999999964,move,improve
6325,10,281.9999999999998,10,280.01999999999964,move,improve
6326,10,281.9999999999998,10,280.01999999999964,swap,notBad
6327,10,281.9999999999998,10,280.01999999999964,swap,notBad
6328,10,281.9999999999998,10,280.01999999999964,move,improve
6329,10,281.9999999999998,10,280.01999999999964,2opt,improve
6330,10,281.9999999999998,10,280.01999999999964,swap,notBad
6331,10,281.9999999999998,10,280.01999999999964,move,improve
6332,10,281.9999999999998,10,280.01999999999964,swap,notBad
6333,10,281.9999999999998,10,280.01999999999964,2opt,notBad
6334,10,281.9999999999998,10,280.01999999999964,2opt,notBad
6335,10,281.9999999999998,10,280.01999999999964,2opt,notBad
6336,10,281.9999999999998,10,280.01999999999964,swap,notBad
6337,10,281.9999999999998,10,280.01999999999964,2opt,notBad
6338,10,281.9999999999998,10,280.01999999999964,swap,notBad
6339,10,281.9999999999998,10,280.01999999999964,swap,notBad
6340,10,281.9999999999998,10,280.01999999999964,move,improve
6341,10,281.9999999999998,10,280.01999999999964,move,improve
6342,10,281.9999999999998,10,280.01999999999964,2opt,notBad
6343,10,281.9999999999998,10,280.01999999999964,move,improve
6344,10,281.9999999999998,10,280.01999999999964,swap,notBad
6345,10,281.9999999999998,10,280.01999999999964,swap,notBad
6346,10,281.9999999999998,10,280.01999999999964,swap,notBad
6347,10,281.9999999999998,10,280.01999999999964,swap,notBad
6348,10,281.9999999999998,10,280.01999999999964,swap,notBad
6349,10,281.9999999999998,10,280.01999999999964,move,improve
6350,10,281.9999999999998,10,280.01999999999964,swap,notBad
6351,10,281.9999999999998,10,280.01999999999964,2opt,notBad
6352,10,281.9999999999998,10,280.01999999999964,2opt,notBad
6353,10,281.9999999999998,10,280.01999999999964,swap,notBad
6354,10,281.9999999999998,10,280.01999999999964,swap,notBad
6355,10,281.9999999999998,10,280.01999999999964,move,improve
6356,10,281.9999999999998,10,280.01999999999964,2opt,notBad
6357,10,281.9999999999998,10,280.01999999999964,move,improve
6358,10,281.9999999999998,10,280.01999999999964,move,improve
6359,10,281.9999999999998,10,280.01999999999964,2opt,notBad
6360,10,281.9999999999998,10,280.01999999999964,swap,notBad
6361,10,281.9999999999998,10,280.01999999999964,2opt,improve
6362,10,281.9999999999998,10,280.01999999999964,2opt,notBad
6363,10,281.9999999999998,10,280.01999999999964,move,improve
6364,10,281.9999999999998,10,280.01999999999964,swap,notBad
6365,10,281.9999999999998,10,280.01999999999964,move,improve
6366,10,281.9999999999998,10,280.01999999999964,swap,notBad
6367,10,281.9999999999998,10,280.01999999999964,swap,notBad
6368,10,281.9999999999998,10,280.01999999999964,move,improve
6369,10,281.9999999999998,10,280.01999999999964,move,notBad
6370,10,281.9999999999998,10,280.01999999999964,2opt,notBad
6371,10,281.9999999999998,10,280.01999999999964,move,improve
6372,10,281.9999999999998,10,280.01999999999964,2opt,notBad
6373,10,281.9999999999998,10,280.01999999999964,2opt,notBad
6374,10,281.9999999999998,10,280.01999999999964,2opt,notBad
6375,10,281.9999999999998,10,280.01999999999964,2opt,notBad
6376,10,281.9999999999998,10,280.01999999999964,move,improve
6377,10,281.9999999999998,10,280.01999999999964,2opt,notBad
6378,10,281.9999999999998,10,280.01999999999964,swap,notBad
6379,10,281.9999999999998,10,280.01999999999964,swap,notBad
6380,10,281.9999999999998,10,280.01999999999964,swap,notBad
6381,10,282.6199999999998,10,280.01999999999964,swap,acceptBad
6382,10,282.6199999999998,10,280.01999999999964,move,improve
6383,10,282.6199999999998,10,280.01999999999964,2opt,notBad
6384,10,282.6199999999998,10,280.01999999999964,move,improve
6385,10,282.6199999999998,10,280.01999999999964,move,improve
6386,10,282.6199999999998,10,280.01999999999964,2opt,notBad
6387,10,282.6199999999998,10,280.01999999999964,2opt,improve
6388,10,282.6199999999998,10,280.01999999999964,swap,notBad
6389,10,282.6199999999998,10,280.01999999999964,2opt,notBad
6390,10,282.6199999999998,10,280.01999999999964,2opt,notBad
6391,10,282.6199999999998,10,280.01999999999964,move,improve
6392,10,282.6199999999998,10,280.01999999999964,move,improve
6393,10,282.6199999999998,10,280.01999999999964,2opt,improve
6394,10,282.6199999999998,10,280.01999999999964,swap,notBad
6395,10,282.6199999999998,10,280.01999999999964,move,improve
6396,10,282.6199999999998,10,280.01999999999964,move,improve
6397,10,282.6199999999998,10,280.01999999999964,2opt,notBad
6398,10,282.6199999999998,10,280.01999999999964,swap,notBad
6399,10,282.6199999999998,10,280.01999999999964,swap,notBad
6400,10,282.6199999999998,10,280.01999999999964,2opt,notBad
6401,10,282.6199999999998,10,280.01999999999964,2opt,notBad
6402,10,282.6199999999998,10,280.01999999999964,2opt,notBad
6403,10,282.6199999999998,10,280.01999999999964,2opt,notBad
6404,10,282.6199999999998,10,280.01999999999964,move,improve
6405,10,282.6199999999998,10,280.01999999999964,move,improve
6406,10,282.6199999999998,10,280.01999999999964,2opt,notBad
6407,10,282.6199999999998,10,280.01999999999964,move,improve
6408,10,282.6199999999998,10,280.01999999999964,2opt,improve
6409,10,282.6199999999998,10,280.01999999999964,2opt,notBad
6410,10,282.6199999999998,10,280.01999999999964,swap,notBad
6411,10,282.6199999999998,10,280.01999999999964,2opt,notBad
6412,10,282.6199999999998,10,280.01999999999964,swap,notBad
6413,10,282.6199999999998,10,280.01999999999964,swap,notBad
6414,10,282.6199999999998,10,280.01999999999964,move,improve
6415,10,282.6199999999998,10,280.01999999999964,2opt,notBad
6416,10,282.6199999999998,10,280.01999999999964,move,improve
6417,10,282.6199999999998,10,280.01999999999964,swap,notBad
6418,10,282.6199999999998,10,280.01999999999964,move,improve
6419,10,282.6199999999998,10,280.01999999999964,swap,notBad
6420,10,282.6199999999998,10,280.01999999999964,move,improve
6421,10,282.6199999999998,10,280.01999999999964,2opt,notBad
6422,10,282.6199999999998,10,280.01999999999964,2opt,notBad
6423,10,282.6199999999998,10,280.01999999999964,swap,notBad
6424,10,282.6199999999998,10,280.01999999999964,swap,notBad
6425,10,282.6199999999998,10,280.01999999999964,swap,notBad
6426,10,282.6199999999998,10,280.01999999999964,swap,notBad
6427,10,282.6199999999998,10,280.01999999999964,2opt,notBad
6428,10,282.6199999999998,10,280.01999999999964,2opt,notBad
6429,10,282.6199999999998,10,280.01999999999964,move,notBad
6430,10,282.6199999999998,10,280.01999999999964,move,improve
6431,10,282.6199999999998,10,280.01999999999964,swap,notBad
6432,10,280.01999999999964,10,280.01999999999964,move,improve
6433,10,280.01999999999964,10,280.01999999999964,2opt,notBad
6434,10,280.01999999999964,10,280.01999999999964,2opt,notBad
6435,10,281.4799999999995,10,280.01999999999964,swap,acceptBad
6436,10,281.4799999999995,10,280.01999999999964,swap,notBad
6437,10,281.4799999999995,10,280.01999999999964,move,improve
6438,10,281.4799999999995,10,280.01999999999964,move,improve
6439,10,281.4799999999995,10,280.01999999999964,swap,notBad
6440,10,281.4799999999995,10,280.01999999999964,2opt,notBad
6441,10,281.4799999999995,10,280.01999999999964,2opt,notBad
6442,10,281.4799999999995,10,280.01999999999964,2opt,notBad
6443,10,281.4799999999995,10,280.01999999999964,2opt,notBad
6444,10,281.4799999999995,10,280.01999999999964,swap,notBad
6445,10,281.4799999999995,10,280.01999999999964,move,improve
6446,10,281.4799999999995,10,280.01999999999964,move,improve
6447,10,281.4799999999995,10,280.01999999999964,swap,notBad
6448,10,281.4799999999995,10,280.01999999999964,move,improve
6449,10,281.4799999999995,10,280.01999999999964,swap,notBad
6450,10,281.4799999999995,10,280.01999999999964,move,improve
6451,10,281.0599999999999,10,280.01999999999964,move,improve
6452,10,281.0599999999999,10,280.01999999999964,swap,notBad
6453,10,281.0599999999999,10,280.01999999999964,move,improve
6454,10,281.0599999999999,10,280.01999999999964,2opt,notBad
6455,10,281.0599999999999,10,280.01999999999964,swap,notBad
6456,10,281.0599999999999,10,280.01999999999964,2opt,notBad
6457,10,281.0599999999999,10,280.01999999999964,swap,notBad
6458,10,281.0599999999999,10,280.01999999999964,2opt,notBad
6459,10,281.0599999999999,10,280.01999999999964,move,improve
6460,10,281.0599999999999,10,280.01999999999964,swap,notBad
6461,10,281.0599999999999,10,280.01999999999964,swap,notBad
6462,10,281.0599999999999,10,280.01999999999964,2opt,notBad
6463,10,281.0599999999999,10,280.01999999999964,move,improve
6464,10,281.0599999999999,10,280.01999999999964,swap,notBad
6465,10,281.0599999999999,10,280.01999999999964,swap,notBad
6466,10,281.0599999999999,10,280.01999999999964,move,improve
6467,10,281.0599999999999,10,280.01999999999964,move,improve
6468,10,281.0599999999999,10,280.01999999999964,2opt,notBad
6469,10,281.0599999999999,10,280.01999999999964,move,improve
6470,10,281.0599999999999,10,280.01999999999964,2opt,improve
6471,10,281.0599999999999,10,280.01999999999964,swap,notBad
6472,10,281.0599999999999,10,280.01999999999964,2opt,notBad
6473,10,281.0599999999999,10,280.01999999999964,swap,notBad
6474,10,281.0599999999999,10,280.01999999999964,2opt,notBad
6475,10,281.0599999999999,10,280.01999999999964,move,improve
6476,10,281.0599999999999,10,280.01999999999964,move,improve
6477,10,281.0599999999999,10,280.01999999999964,swap,notBad
6478,10,281.0599999999999,10,280.01999999999964,2opt,notBad
6479,10,281.0599999999999,10,280.01999999999964,2opt,improve
6480,10,281.0599999999999,10,280.01999999999964,move,improve
6481,10,281.0599999999999,10,280.01999999999964,2opt,notBad
6482,10,281.0599999999999,10,280.01999999999964,2opt,notBad
6483,10,281.0599999999999,10,280.01999999999964,swap,notBad
6484,10,281.0599999999999,10,280.01999999999964,2opt,notBad
6485,10,281.0599999999999,10,280.01999999999964,move,improve
6486,10,281.0599999999999,10,280.01999999999964,move,improve
6487,10,281.0599999999999,10,280.01999999999964,move,improve
6488,10,281.0599999999999,10,280.01999999999964,swap,notBad
6489,10,281.0599999999999,10,280.01999999999964,2opt,notBad
6490,10,281.0599999999999,10,280.01999999999964,swap,notBad
6491,10,281.0599999999999,10,280.01999999999964,swap,notBad
6492,10,281.0599999999999,10,280.01999999999964,2opt,notBad
6493,10,281.0599999999999,10,280.01999999999964,swap,notBad
6494,10,281.0599999999999,10,280.01999999999964,move,improve
6495,10,281.0599999999999,10,280.01999999999964,move,improve
6496,10,281.0599999999999,10,280.01999999999964,move,improve
6497,10,281.0599999999999,10,280.01999999999964,move,improve
6498,10,281.0599999999999,10,280.01999999999964,move,improve
6499,10,281.0599999999999,10,280.01999999999964,swap,notBad
6500,10,281.0599999999999,10,280.01999999999964,move,improve
6501,10,281.0599999999999,10,280.01999999999964,swap,notBad
6502,10,281.0599999999999,10,280.01999999999964,move,improve
6503,10,281.0599999999999,10,280.01999999999964,2opt,notBad
6504,10,281.0599999999999,10,280.01999999999964,2opt,notBad
6505,10,281.0599999999999,10,280.01999999999964,move,improve
6506,10,281.0599999999999,10,280.01999999999964,swap,notBad
6507,10,281.0599999999999,10,280.01999999999964,move,improve
6508,10,281.0599999999999,10,280.01999999999964,2opt,notBad
6509,10,281.0599999999999,10,280.01999999999964,move,improve
6510,10,281.0599999999999,10,280.01999999999964,2opt,notBad
6511,10,281.0599999999999,10,280.01999999999964,2opt,notBad
6512,10,281.0599999999999,10,280.01999999999964,2opt,improve
6513,10,281.0599999999999,10,280.01999999999964,2opt,improve
6514,10,281.0599999999999,10,280.01999999999964,move,improve
6515,10,281.0599999999999,10,280.01999999999964,2opt,notBad
6516,10,281.0599999999999,10,280.01999999999964,swap,notBad
6517,10,281.0599999999999,10,280.01999999999964,move,improve
6518,10,281.0599999999999,10,280.01999999999964,move,improve
6519,10,281.0599999999999,10,280.01999999999964,2opt,improve
6520,10,281.0599999999999,10,280.01999999999964,move,improve
6521,10,281.0599999999999,10,280.01999999999964,2opt,notBad
6522,10,281.0599999999999,10,280.01999999999964,2opt,notBad
6523,10,281.0599999999999,10,280.01999999999964,swap,notBad
6524,10,281.0599999999999,10,280.01999999999964,swap,notBad
6525,10,281.0599999999999,10,280.01999999999964,2opt,notBad
6526,10,281.0599999999999,10,280.01999999999964,move,improve
6527,10,281.0599999999999,10,280.01999999999964,2opt,improve
6528,10,280.9399999999998,10,280.01999999999964,swap,improve
6529,10,280.9399999999998,10,280.01999999999964,swap,notBad
6530,10,280.9399999999998,10,280.01999999999964,move,improve
6531,10,280.9399999999998,10,280.01999999999964,move,improve
6532,10,279.31999999999977,10,279.31999999999977,move,newBest
6533,10,279.31999999999977,10,279.31999999999977,2opt,improve
6534,10,279.31999999999977,10,279.31999999999977,2opt,notBad
6535,10,279.31999999999977,10,279.31999999999977,move,improve
6536,10,279.31999999999977,10,279.31999999999977,swap,notBad
6537,10,279.31999999999977,10,279.31999999999977,2opt,notBad
6538,10,279.31999999999977,10,279.31999999999977,swap,notBad
6539,10,279.31999999999977,10,279.31999999999977,2opt,notBad
6540,10,279.31999999999977,10,279.31999999999977,swap,notBad
6541,10,279.31999999999977,10,279.31999999999977,2opt,notBad
6542,10,279.31999999999977,10,279.31999999999977,2opt,notBad
6543,10,279.31999999999977,10,279.31999999999977,swap,notBad
6544,10,279.31999999999977,10,279.31999999999977,swap,notBad
6545,10,279.31999999999977,10,279.31999999999977,move,improve
6546,10,279.31999999999977,10,279.31999999999977,swap,notBad
6547,10,279.31999999999977,10,279.31999999999977,2opt,notBad
6548,10,279.31999999999977,10,279.31999999999977,2opt,notBad
6549,10,279.31999999999977,10,279.31999999999977,move,improve
6550,10,279.31999999999977,10,279.31999999999977,move,improve
6551,10,279.31999999999977,10,279.31999999999977,swap,notBad
6552,10,279.31999999999977,10,279.31999999999977,swap,notBad
6553,10,279.31999999999977,10,279.31999999999977,swap,notBad
6554,10,279.31999999999977,10,279.31999999999977,2opt,notBad
6555,10,279.31999999999977,10,279.31999999999977,swap,notBad
6556,10,279.31999999999977,10,279.31999999999977,move,improve
6557,10,279.31999999999977,10,279.31999999999977,2opt,notBad
6558,10,279.31999999999977,10,279.31999999999977,move,improve
6559,10,279.31999999999977,10,279.31999999999977,2opt,notBad
6560,10,279.31999999999977,10,279.31999999999977,2opt,improve
6561,10,279.31999999999977,10,279.31999999999977,swap,notBad
6562,10,279.31999999999977,10,279.31999999999977,2opt,notBad
6563,10,279.31999999999977,10,279.31999999999977,swap,notBad
6564,10,279.31999999999977,10,279.31999999999977,move,improve
6565,10,279.31999999999977,10,279.31999999999977,2opt,notBad
6566,10,279.31999999999977,10,279.31999999999977,move,improve
6567,10,279.31999999999977,10,279.31999999999977,2opt,notBad
6568,10,279.31999999999977,10,279.31999999999977,move,improve
6569,10,279.31999999999977,10,279.31999999999977,move,improve
6570,10,279.31999999999977,10,279.31999999999977,swap,notBad
6571,10,279.31999999999977,10,279.31999999999977,move,improve
6572,10,279.31999999999977,10,279.31999999999977,2opt,notBad
6573,10,279.31999999999977,10,279.31999999999977,move,improve
6574,10,279.31999999999977,10,279.31999999999977,swap,notBad
6575,10,279.31999999999977,10,279.31999999999977,2opt,notBad
6576,10,279.31999999999977,10,279.31999999999977,swap,notBad
6577,10,279.31999999999977,10,279.31999999999977,2opt,notBad
6578,10,279.31999999999977,10,279.31999999999977,2opt,improve
6579,10,279.31999999999977,10,279.31999999999977,2opt,notBad
6580,10,279.31999999999977,10,279.31999999999977,2opt,notBad
6581,10,279.31999999999977,10,279.31999999999977,swap,notBad
6582,10,279.31999999999977,10,279.31999999999977,swap,notBad
6583,10,279.31999999999977,10,279.31999999999977,move,improve
6584,10,279.31999999999977,10,279.31999999999977,move,improve
6585,10,279.31999999999977,10,279.31999999999977,2opt,notBad
6586,10,279.31999999999977,10,279.31999999999977,2opt,notBad
6587,10,279.31999999999977,10,279.31999999999977,2opt,notBad
6588,10,279.31999999999977,10,279.31999999999977,2opt,notBad
6589,10,279.31999999999977,10,279.31999999999977,move,improve
6590,10,279.31999999999977,10,279.31999999999977,swap,notBad
6591,10,279.31999999999977,10,279.31999999999977,move,improve
6592,10,279.31999999999977,10,279.31999999999977,move,improve
6593,10,279.31999999999977,10,279.31999999999977,2opt,notBad
6594,10,279.31999999999977,10,279.31999999999977,move,improve
6595,10,279.31999999999977,10,279.31999999999977,swap,notBad
6596,10,279.31999999999977,10,279.31999999999977,move,improve
6597,10,279.31999999999977,10,279.31999999999977,swap,notBad
6598,10,279.31999999999977,10,279.31999999999977,swap,notBad
6599,10,279.31999999999977,10,279.31999999999977,swap,notBad
6600,10,279.31999999999977,10,279.31999999999977,swap,notBad
6601,10,279.31999999999977,10,279.31999999999977,swap,notBad
6602,10,279.31999999999977,10,279.31999999999977,swap,notBad
6603,10,279.31999999999977,10,279.31999999999977,2opt,notBad
6604,10,279.31999999999977,10,279.31999999999977,2opt,notBad
6605,10,279.31999999999977,10,279.31999999999977,move,improve
6606,10,279.31999999999977,10,279.31999999999977,2opt,notBad
6607,10,279.31999999999977,10,279.31999999999977,swap,notBad
6608,10,279.31999999999977,10,279.31999999999977,2opt,notBad
6609,10,279.31999999999977,10,279.31999999999977,swap,notBad
6610,10,279.31999999999977,10,279.31999999999977,2opt,improve
6611,10,279.31999999999977,10,279.31999999999977,move,improve
6612,10,279.31999999999977,10,279.31999999999977,move,improve
6613,10,279.31999999999977,10,279.31999999999977,swap,notBad
6614,10,279.31999999999977,10,279.31999999999977,2opt,notBad
6615,10,279.31999999999977,10,279.31999999999977,2opt,notBad
6616,10,279.31999999999977,10,279.31999999999977,swap,notBad
6617,10,279.31999999999977,10,279.31999999999977,move,improve
6618,10,279.31999999999977,10,279.31999999999977,swap,notBad
6619,10,279.31999999999977,10,279.31999999999977,move,improve
6620,10,279.51999999999975,10,279.31999999999977,swap,acceptBad
6621,10,279.51999999999975,10,279.31999999999977,2opt,notBad
6622,10,279.51999999999975,10,279.31999999999977,2opt,improve
6623,10,279.51999999999975,10,279.31999999999977,move,improve
6624,10,279.51999999999975,10,279.31999999999977,2opt,notBad
6625,10,279.51999999999975,10,279.31999999999977,2opt,notBad
6626,10,279.51999999999975,10,279.31999999999977,2opt,notBad
6627,10,279.51999999999975,10,279.31999999999977,swap,notBad
6628,10,279.51999999999975,10,279.31999999999977,swap,notBad
6629,10,279.51999999999975,10,279.31999999999977,2opt,notBad
6630,10,279.51999999999975,10,279.31999999999977,2opt,notBad
6631,10,279.51999999999975,10,279.31999999999977,swap,notBad
6632,10,279.51999999999975,10,279.31999999999977,move,improve
6633,10,279.51999999999975,10,279.31999999999977,move,improve
6634,10,279.51999999999975,10,279.31999999999977,move,improve
6635,10,279.4799999999998,10,279.31999999999977,move,improve
6636,10,279.4799999999998,10,279.31999999999977,2opt,improve
6637,10,279.4799999999998,10,279.31999999999977,swap,notBad
6638,10,279.4799999999998,10,279.31999999999977,swap,notBad
6639,10,279.4799999999998,10,279.31999999999977,2opt,notBad
6640,10,279.4799999999998,10,279.31999999999977,swap,notBad
6641,10,279.4799999999998,10,279.31999999999977,2opt,improve
6642,10,279.4799999999998,10,279.31999999999977,2opt,notBad
6643,10,279.4799999999998,10,279.31999999999977,2opt,notBad
6644,10,279.4799999999998,10,279.31999999999977,move,improve
6645,10,279.4799999999998,10,279.31999999999977,swap,notBad
6646,10,279.4799999999998,10,279.31999999999977,move,improve
6647,10,279.4799999999998,10,279.31999999999977,move,improve
6648,10,279.4799999999998,10,279.31999999999977,move,improve
6649,10,279.4799999999998,10,279.31999999999977,move,improve
6650,10,279.4799999999998,10,279.31999999999977,swap,notBad
6651,10,279.4799999999998,10,279.31999999999977,2opt,notBad
6652,10,279.4799999999998,10,279.31999999999977,2opt,notBad
6653,10,279.4799999999998,10,279.31999999999977,2opt,notBad
6654,10,279.4799999999998,10,279.31999999999977,2opt,notBad
6655,10,279.4799999999998,10,279.31999999999977,move,improve
6656,10,279.4799999999998,10,279.31999999999977,2opt,notBad
6657,10,279.4799999999998,10,279.31999999999977,move,improve
6658,10,279.4799999999998,10,279.31999999999977,move,improve
6659,10,279.4799999999998,10,279.31999999999977,2opt,notBad
6660,10,279.4799999999998,10,279.31999999999977,swap,notBad
6661,10,279.4799999999998,10,279.31999999999977,2opt,notBad
6662,10,279.4799999999998,10,279.31999999999977,2opt,notBad
6663,10,279.4799999999998,10,279.31999999999977,swap,notBad
6664,10,279.4799999999998,10,279.31999999999977,swap,notBad
6665,10,279.4799999999998,10,279.31999999999977,move,improve
6666,10,279.4799999999998,10,279.31999999999977,2opt,notBad
6667,10,279.4799999999998,10,279.31999999999977,2opt,notBad
6668,10,279.4799999999998,10,279.31999999999977,swap,notBad
6669,10,279.4799999999998,10,279.31999999999977,move,improve
6670,10,279.4799999999998,10,279.31999999999977,swap,notBad
6671,10,279.4799999999998,10,279.31999999999977,2opt,notBad
6672,10,279.4799999999998,10,279.31999999999977,swap,notBad
6673,10,279.4799999999998,10,279.31999999999977,swap,notBad
6674,10,279.4799999999998,10,279.31999999999977,2opt,notBad
6675,10,279.4799999999998,10,279.31999999999977,swap,notBad
6676,10,279.4799999999998,10,279.31999999999977,move,improve
6677,10,279.4799999999998,10,279.31999999999977,move,improve
6678,10,279.4799999999998,10,279.31999999999977,swap,notBad
6679,10,279.4799999999998,10,279.31999999999977,move,improve
6680,10,279.4799999999998,10,279.31999999999977,2opt,notBad
6681,10,279.4799999999998,10,279.31999999999977,2opt,notBad
6682,10,279.4799999999998,10,279.31999999999977,2opt,improve
6683,10,279.4799999999998,10,279.31999999999977,2opt,notBad
6684,10,279.4799999999998,10,279.31999999999977,move,improve
6685,10,279.4799999999998,10,279.31999999999977,swap,notBad
6686,10,279.4799999999998,10,279.31999999999977,swap,notBad
6687,10,279.4799999999998,10,279.31999999999977,move,improve
6688,10,279.4799999999998,10,279.31999999999977,2opt,notBad
6689,10,279.4799999999998,10,279.31999999999977,2opt,notBad
6690,10,279.4799999999998,10,279.31999999999977,swap,notBad
6691,10,279.4799999999998,10,279.31999999999977,swap,notBad
6692,10,279.4799999999998,10,279.31999999999977,2opt,notBad
6693,10,279.4799999999998,10,279.31999999999977,2opt,notBad
6694,10,279.4799999999998,10,279.31999999999977,2opt,notBad
6695,10,279.4799999999998,10,279.31999999999977,2opt,notBad
6696,10,279.4799999999998,10,279.31999999999977,move,improve
6697,10,279.31999999999977,10,279.31999999999977,move,improve
6698,10,279.31999999999977,10,279.31999999999977,2opt,notBad
6699,10,279.31999999999977,10,279.31999999999977,swap,notBad
6700,10,279.31999999999977,10,279.31999999999977,swap,notBad
6701,10,279.31999999999977,10,279.31999999999977,move,improve
6702,10,279.31999999999977,10,279.31999999999977,swap,notBad
6703,10,279.31999999999977,10,279.31999999999977,move,improve
6704,10,279.31999999999977,10,279.31999999999977,move,improve
6705,10,279.31999999999977,10,279.31999999999977,2opt,notBad
6706,10,279.31999999999977,10,279.31999999999977,swap,notBad
6707,10,279.31999999999977,10,279.31999999999977,2opt,notBad
6708,10,279.31999999999977,10,279.31999999999977,2opt,notBad
6709,10,279.31999999999977,10,279.31999999999977,swap,notBad
6710,10,279.31999999999977,10,279.31999999999977,swap,notBad
6711,10,279.31999999999977,10,279.31999999999977,2opt,notBad
6712,10,279.31999999999977,10,279.31999999999977,swap,notBad
6713,10,279.31999999999977,10,279.31999999999977,swap,notBad
6714,10,279.31999999999977,10,279.31999999999977,swap,notBad
6715,10,279.31999999999977,10,279.31999999999977,swap,notBad
6716,10,279.31999999999977,10,279.31999999999977,2opt,notBad
6717,10,279.31999999999977,10,279.31999999999977,2opt,notBad
6718,10,279.31999999999977,10,279.31999999999977,swap,notBad
6719,10,279.31999999999977,10,279.31999999999977,swap,notBad
6720,10,279.31999999999977,10,279.31999999999977,move,improve
6721,10,279.31999999999977,10,279.31999999999977,swap,notBad
6722,10,279.31999999999977,10,279.31999999999977,2opt,notBad
6723,10,279.31999999999977,10,279.31999999999977,swap,notBad
6724,10,279.31999999999977,10,279.31999999999977,move,improve
6725,10,279.31999999999977,10,279.31999999999977,swap,notBad
6726,10,279.31999999999977,10,279.31999999999977,move,improve
6727,10,279.31999999999977,10,279.31999999999977,2opt,notBad
6728,10,279.31999999999977,10,279.31999999999977,move,improve
6729,10,279.31999999999977,10,279.31999999999977,2opt,notBad
6730,10,279.31999999999977,10,279.31999999999977,2opt,notBad
6731,10,279.31999999999977,10,279.31999999999977,move,improve
6732,10,279.31999999999977,10,279.31999999999977,move,improve
6733,10,279.31999999999977,10,279.31999999999977,move,improve
6734,10,279.31999999999977,10,279.31999999999977,move,improve
6735,10,279.4799999999998,10,279.31999999999977,swap,acceptBad
6736,10,279.4799999999998,10,279.31999999999977,swap,notBad
6737,10,279.4799999999998,10,279.31999999999977,move,improve
6738,10,279.4799999999998,10,279.31999999999977,swap,notBad
6739,10,279.4799999999998,10,279.31999999999977,move,improve
6740,10,279.4799999999998,10,279.31999999999977,2opt,notBad
6741,10,279.4799999999998,10,279.31999999999977,2opt,notBad
6742,10,279.4799999999998,10,279.31999999999977,move,improve
6743,10,279.4799999999998,10,279.31999999999977,2opt,improve
6744,10,279.4799999999998,10,279.31999999999977,move,improve
6745,10,279.4799999999998,10,279.31999999999977,2opt,notBad
6746,10,279.4799999999998,10,279.31999999999977,2opt,notBad
6747,10,279.4799999999998,10,279.31999999999977,2opt,notBad
6748,10,279.4799999999998,10,279.31999999999977,swap,notBad
6749,10,279.4799999999998,10,279.31999999999977,swap,notBad
6750,10,279.4799999999998,10,279.31999999999977,move,notBad
6751,10,279.4799999999998,10,279.31999999999977,swap,notBad
6752,10,279.4799999999998,10,279.31999999999977,move,improve
6753,10,279.4799999999998,10,279.31999999999977,swap,notBad
6754,10,279.4799999999998,10,279.31999999999977,swap,notBad
6755,10,279.4799999999998,10,279.31999999999977,swap,notBad
6756,10,279.4799999999998,10,279.31999999999977,swap,notBad
6757,10,279.4799999999998,10,279.31999999999977,swap,notBad
6758,10,279.4799999999998,10,279.31999999999977,2opt,notBad
6759,10,279.4799999999998,10,279.31999999999977,swap,notBad
6760,10,279.4799999999998,10,279.31999999999977,move,improve
6761,10,279.4799999999998,10,279.31999999999977,2opt,notBad
6762,10,279.4799999999998,10,279.31999999999977,swap,notBad
6763,10,279.4799999999998,10,279.31999999999977,2opt,notBad
6764,10,279.4799999999998,10,279.31999999999977,swap,notBad
6765,10,279.4799999999998,10,279.31999999999977,move,improve
6766,10,279.4799999999998,10,279.31999999999977,2opt,notBad
6767,10,279.4799999999998,10,279.31999999999977,swap,notBad
6768,10,279.4799999999998,10,279.31999999999977,2opt,notBad
6769,10,279.4799999999998,10,279.31999999999977,2opt,notBad
6770,10,279.4799999999998,10,279.31999999999977,swap,notBad
6771,10,279.4799999999998,10,279.31999999999977,swap,notBad
6772,10,279.4799999999998,10,279.31999999999977,move,improve
6773,10,279.4799999999998,10,279.31999999999977,2opt,improve
6774,10,279.4799999999998,10,279.31999999999977,2opt,notBad
6775,10,279.4799999999998,10,279.31999999999977,2opt,notBad
6776,10,279.4799999999998,10,279.31999999999977,2opt,notBad
6777,10,279.4799999999998,10,279.31999999999977,2opt,notBad
6778,10,279.31999999999977,10,279.31999999999977,move,improve
6779,10,279.31999999999977,10,279.31999999999977,swap,notBad
6780,10,279.31999999999977,10,279.31999999999977,move,improve
6781,10,279.31999999999977,10,279.31999999999977,2opt,notBad
6782,10,279.31999999999977,10,279.31999999999977,2opt,notBad
6783,10,279.31999999999977,10,279.31999999999977,move,improve
6784,10,279.31999999999977,10,279.31999999999977,2opt,notBad
6785,10,279.31999999999977,10,279.31999999999977,move,improve
6786,10,279.31999999999977,10,279.31999999999977,move,improve
6787,10,279.31999999999977,10,279.31999999999977,2opt,notBad
6788,10,279.31999999999977,10,279.31999999999977,swap,notBad
6789,10,279.31999999999977,10,279.31999999999977,move,improve
6790,10,279.31999999999977,10,279.31999999999977,2opt,improve
6791,10,281.2999999999997,10,279.31999999999977,swap,acceptBad
6792,10,281.2999999999997,10,279.31999999999977,swap,notBad
6793,10,281.2999999999997,10,279.31999999999977,2opt,notBad
6794,10,281.2999999999997,10,279.31999999999977,move,improve
6795,10,281.2999999999997,10,279.31999999999977,swap,notBad
6796,10,281.2999999999997,10,279.31999999999977,swap,notBad
6797,10,281.2999999999997,10,279.31999999999977,move,improve
6798,10,281.2999999999997,10,279.31999999999977,move,improve
6799,10,281.2999999999997,10,279.31999999999977,swap,notBad
6800,10,281.2999999999997,10,279.31999999999977,2opt,improve
6801,10,281.2999999999997,10,279.31999999999977,swap,notBad
6802,10,281.2999999999997,10,279.31999999999977,2opt,notBad
6803,10,281.2999999999997,10,279.31999999999977,swap,notBad
6804,10,281.2999999999997,10,279.31999999999977,2opt,notBad
6805,10,281.2999999999997,10,279.31999999999977,move,improve
6806,10,281.2999999999997,10,279.31999999999977,swap,notBad
6807,10,281.2999999999997,10,279.31999999999977,2opt,notBad
6808,10,281.2999999999997,10,279.31999999999977,move,improve
6809,10,281.2999999999997,10,279.31999999999977,move,improve
6810,10,281.2999999999997,10,279.31999999999977,move,improve
6811,10,281.2999999999997,10,279.31999999999977,2opt,notBad
6812,10,281.2999999999997,10,279.31999999999977,2opt,notBad
6813,10,281.2999999999997,10,279.31999999999977,2opt,improve
6814,10,281.2999999999997,10,279.31999999999977,swap,notBad
6815,10,281.2999999999997,10,279.31999999999977,swap,notBad
6816,10,281.2999999999997,10,279.31999999999977,move,improve
6817,10,281.2999999999997,10,279.31999999999977,2opt,notBad
6818,10,281.2999999999997,10,279.31999999999977,2opt,notBad
6819,10,281.2999999999997,10,279.31999999999977,move,improve
6820,10,281.2999999999997,10,279.31999999999977,swap,notBad
6821,10,281.2999999999997,10,279.31999999999977,move,improve
6822,10,281.2999999999997,10,279.31999999999977,2opt,notBad
6823,10,281.2999999999997,10,279.31999999999977,swap,notBad
6824,10,281.2999999999997,10,279.31999999999977,move,improve
6825,10,281.2999999999997,10,279.31999999999977,2opt,notBad
6826,10,281.2999999999997,10,279.31999999999977,move,improve
6827,10,281.2999999999997,10,279.31999999999977,move,improve
6828,10,281.2999999999997,10,279.31999999999977,2opt,notBad
6829,10,281.2999999999997,10,279.31999999999977,swap,notBad
6830,10,281.2999999999997,10,279.31999999999977,move,improve
6831,10,281.2999999999997,10,279.31999999999977,move,improve
6832,10,281.2999999999997,10,279.31999999999977,2opt,notBad
6833,10,281.2999999999997,10,279.31999999999977,2opt,notBad
6834,10,281.2999999999997,10,279.31999999999977,2opt,notBad
6835,10,281.25999999999976,10,279.31999999999977,swap,improve
6836,10,281.25999999999976,10,279.31999999999977,swap,notBad
6837,10,281.25999999999976,10,279.31999999999977,2opt,notBad
6838,10,281.25999999999976,10,279.31999999999977,swap,notBad
6839,10,281.25999999999976,10,279.31999999999977,swap,notBad
6840,10,281.25999999999976,10,279.31999999999977,move,improve
6841,10,279.43999999999977,10,279.31999999999977,move,improve
6842,10,279.43999999999977,10,279.31999999999977,move,improve
6843,10,279.43999999999977,10,279.31999999999977,2opt,notBad
6844,10,279.43999999999977,10,279.31999999999977,2opt,notBad
6845,10,279.43999999999977,10,279.31999999999977,swap,notBad
6846,10,279.43999999999977,10,279.31999999999977,move,improve
6847,10,279.43999999999977,10,279.31999999999977,swap,notBad
6848,10,279.43999999999977,10,279.31999999999977,move,improve
6849,10,279.43999999999977,10,279.31999999999977,swap,notBad
6850,10,279.43999999999977,10,279.31999999999977,2opt,notBad
6851,10,279.43999999999977,10,279.31999999999977,move,improve
6852,10,279.43999999999977,10,279.31999999999977,2opt,notBad
6853,10,279.43999999999977,10,279.31999999999977,move,improve
6854,10,279.43999999999977,10,279.31999999999977,swap,notBad
6855,10,279.43999999999977,10,279.31999999999977,move,improve
6856,10,279.43999999999977,10,279.31999999999977,move,improve
6857,10,279.43999999999977,10,279.31999999999977,swap,notBad
6858,10,279.43999999999977,10,279.31999999999977,2opt,notBad
6859,10,279.43999999999977,10,279.31999999999977,move,improve
6860,10,279.43999999999977,10,279.31999999999977,swap,notBad
6861,10,279.43999999999977,10,279.31999999999977,move,improve
6862,10,279.43999999999977,10,279.31999999999977,swap,notBad
6863,10,279.43999999999977,10,279.31999999999977,swap,notBad
6864,10,279.43999999999977,10,279.31999999999977,move,improve
6865,10,279.43999999999977,10,279.31999999999977,move,improve
6866,10,279.43999999999977,10,279.31999999999977,swap,notBad
6867,10,279.43999999999977,10,279.31999999999977,2opt,notBad
6868,10,279.43999999999977,10,279.31999999999977,move,improve
6869,10,279.43999999999977,10,279.31999999999977,swap,notBad
6870,10,279.43999999999977,10,279.31999999999977,2opt,notBad
6871,10,279.43999999999977,10,279.31999999999977,swap,notBad
6872,10,279.43999999999977,10,279.31999999999977,2opt,notBad
6873,10,279.43999999999977,10,279.31999999999977,2opt,notBad
6874,10,279.43999999999977,10,279.31999999999977,2opt,notBad
6875,10,279.43999999999977,10,279.31999999999977,2opt,notBad
6876,10,279.43999999999977,10,279.31999999999977,2opt,notBad
6877,10,279.43999999999977,10,279.31999999999977,2opt,notBad
6878,10,279.43999999999977,10,279.31999999999977,2opt,notBad
6879,10,279.43999999999977,10,279.31999999999977,swap,notBad
6880,10,279.43999999999977,10,279.31999999999977,move,improve
6881,10,279.43999999999977,10,279.31999999999977,move,improve
6882,10,279.43999999999977,10,279.31999999999977,swap,notBad
6883,10,279.43999999999977,10,279.31999999999977,swap,notBad
6884,10,279.43999999999977,10,279.31999999999977,2opt,notBad
6885,10,279.43999999999977,10,279.31999999999977,move,improve
6886,10,279.43999999999977,10,279.31999999999977,swap,notBad
6887,10,279.43999999999977,10,279.31999999999977,2opt,notBad
6888,10,279.43999999999977,10,279.31999999999977,move,improve
6889,10,279.43999999999977,10,279.31999999999977,move,improve
6890,10,279.43999999999977,10,279.31999999999977,move,improve
6891,10,279.43999999999977,10,279.31999999999977,2opt,notBad
6892,10,279.43999999999977,10,279.31999999999977,2opt,notBad
6893,10,279.43999999999977,10,279.31999999999977,swap,notBad
6894,10,279.43999999999977,10,279.31999999999977,move,improve
6895,10,279.43999999999977,10,279.31999999999977,2opt,improve
6896,10,279.43999999999977,10,279.31999999999977,move,improve
6897,10,279.43999999999977,10,279.31999999999977,move,improve
6898,10,279.43999999999977,10,279.31999999999977,move,improve
6899,10,279.43999999999977,10,279.31999999999977,2opt,notBad
6900,10,279.43999999999977,10,279.31999999999977,2opt,notBad
6901,10,279.43999999999977,10,279.31999999999977,2opt,notBad
6902,10,279.43999999999977,10,279.31999999999977,swap,notBad
6903,10,279.43999999999977,10,279.31999999999977,2opt,notBad
6904,10,279.43999999999977,10,279.31999999999977,move,improve
6905,10,279.43999999999977,10,279.31999999999977,move,improve
6906,10,279.43999999999977,10,279.31999999999977,2opt,notBad
6907,10,279.43999999999977,10,279.31999999999977,swap,notBad
6908,10,279.43999999999977,10,279.31999999999977,move,improve
6909,10,279.43999999999977,10,279.31999999999977,2opt,notBad
6910,10,279.43999999999977,10,279.31999999999977,move,improve
6911,10,279.43999999999977,10,279.31999999999977,move,improve
6912,10,279.43999999999977,10,279.31999999999977,move,improve
6913,10,279.43999999999977,10,279.31999999999977,swap,notBad
6914,10,279.43999999999977,10,279.31999999999977,2opt,notBad
6915,10,279.43999999999977,10,279.31999999999977,move,notBad
6916,10,279.43999999999977,10,279.31999999999977,move,improve
6917,10,279.43999999999977,10,279.31999999999977,2opt,improve
6918,10,279.43999999999977,10,279.31999999999977,2opt,notBad
6919,10,279.43999999999977,10,279.31999999999977,move,improve
6920,10,279.43999999999977,10,279.31999999999977,swap,notBad
6921,10,279.43999999999977,10,279.31999999999977,swap,notBad
6922,10,279.43999999999977,10,279.31999999999977,move,improve
6923,10,279.43999999999977,10,279.31999999999977,move,improve
6924,10,279.43999999999977,10,279.31999999999977,2opt,notBad
6925,10,279.43999999999977,10,279.31999999999977,swap,notBad
6926,10,279.43999999999977,10,279.31999999999977,2opt,notBad
6927,10,279.43999999999977,10,279.31999999999977,move,improve
6928,10,279.43999999999977,10,279.31999999999977,swap,notBad
6929,10,279.43999999999977,10,279.31999999999977,2opt,notBad
6930,10,279.43999999999977,10,279.31999999999977,move,improve
6931,10,279.43999999999977,10,279.31999999999977,2opt,notBad
6932,10,279.43999999999977,10,279.31999999999977,move,improve
6933,10,279.43999999999977,10,279.31999999999977,move,improve
6934,10,279.43999999999977,10,279.31999999999977,2opt,notBad
6935,10,279.43999999999977,10,279.31999999999977,2opt,notBad
6936,10,279.43999999999977,10,279.31999999999977,move,improve
6937,10,279.43999999999977,10,279.31999999999977,swap,notBad
6938,10,279.43999999999977,10,279.31999999999977,2opt,notBad
6939,10,279.43999999999977,10,279.31999999999977,swap,notBad
6940,10,279.43999999999977,10,279.31999999999977,swap,notBad
6941,10,279.43999999999977,10,279.31999999999977,move,improve
6942,10,279.43999999999977,10,279.31999999999977,move,improve
6943,10,279.43999999999977,10,279.31999999999977,2opt,notBad
6944,10,279.43999999999977,10,279.31999999999977,move,improve
6945,10,279.43999999999977,10,279.31999999999977,2opt,notBad
6946,10,279.43999999999977,10,279.31999999999977,move,improve
6947,10,279.43999999999977,10,279.31999999999977,move,improve
6948,10,279.43999999999977,10,279.31999999999977,2opt,notBad
6949,10,279.43999999999977,10,279.31999999999977,2opt,notBad
6950,10,279.43999999999977,10,279.31999999999977,swap,notBad
6951,10,279.43999999999977,10,279.31999999999977,move,improve
6952,10,279.43999999999977,10,279.31999999999977,swap,notBad
6953,10,279.43999999999977,10,279.31999999999977,move,improve
6954,10,279.43999999999977,10,279.31999999999977,swap,notBad
6955,10,279.43999999999977,10,279.31999999999977,move,improve
6956,10,279.43999999999977,10,279.31999999999977,2opt,notBad
6957,10,279.43999999999977,10,279.31999999999977,swap,notBad
6958,10,279.43999999999977,10,279.31999999999977,2opt,notBad
6959,10,279.7999999999997,10,279.31999999999977,swap,acceptBad
6960,10,279.7999999999997,10,279.31999999999977,2opt,notBad
6961,10,279.7999999999997,10,279.31999999999977,move,improve
6962,10,279.7999999999997,10,279.31999999999977,move,improve
6963,10,279.7999999999997,10,279.31999999999977,move,improve
6964,10,279.7999999999997,10,279.31999999999977,move,improve
6965,10,279.7999999999997,10,279.31999999999977,2opt,notBad
6966,10,279.7999999999997,10,279.31999999999977,move,improve
6967,10,279.7999999999997,10,279.31999999999977,2opt,notBad
6968,10,279.7999999999997,10,279.31999999999977,swap,notBad
6969,10,279.7999999999997,10,279.31999999999977,swap,notBad
6970,10,279.7999999999997,10,279.31999999999977,swap,improve
6971,10,279.7999999999997,10,279.31999999999977,2opt,notBad
6972,10,279.7999999999997,10,279.31999999999977,move,improve
6973,10,279.7999999999997,10,279.31999999999977,move,improve
6974,10,279.7999999999997,10,279.31999999999977,move,improve
6975,10,279.7999999999997,10,279.31999999999977,2opt,notBad
6976,10,279.7999999999997,10,279.31999999999977,swap,notBad
6977,10,279.7999999999997,10,279.31999999999977,swap,notBad
6978,10,279.7999999999997,10,279.31999999999977,2opt,notBad
6979,10,279.7999999999997,10,279.31999999999977,2opt,notBad
6980,10,279.7999999999997,10,279.31999999999977,2opt,notBad
6981,10,279.7999999999997,10,279.31999999999977,2opt,notBad
6982,10,279.7999999999997,10,279.31999999999977,swap,notBad
6983,10,279.7999999999997,10,279.31999999999977,2opt,notBad
6984,10,279.7999999999997,10,279.31999999999977,2opt,notBad
6985,10,279.7999999999997,10,279.31999999999977,2opt,notBad
6986,10,279.7999999999997,10,279.31999999999977,move,improve
6987,10,280.7999999999997,10,279.31999999999977,2opt,acceptBad
6988,10,280.7999999999997,10,279.31999999999977,swap,notBad
6989,10,280.7999999999997,10,279.31999999999977,swap,notBad
6990,10,280.7999999999997,10,279.31999999999977,swap,notBad
6991,10,280.7999999999997,10,279.31999999999977,2opt,improve
6992,10,280.7999999999997,10,279.31999999999977,2opt,notBad
6993,10,280.7999999999997,10,279.31999999999977,swap,notBad
6994,10,280.7999999999997,10,279.31999999999977,swap,notBad
6995,10,280.7999999999997,10,279.31999999999977,2opt,notBad
6996,10,280.7999999999997,10,279.31999999999977,move,improve
6997,10,280.7999999999997,10,279.31999999999977,2opt,notBad
6998,10,280.7999999999997,10,279.31999999999977,2opt,notBad
6999,10,280.7999999999997,10,279.31999999999977,swap,notBad
7000,10,280.7999999999997,10,279.31999999999977,move,improve
7001,10,280.7999999999997,10,279.31999999999977,swap,notBad
7002,10,280.7999999999997,10,279.31999999999977,2opt,notBad
7003,10,280.7999999999997,10,279.31999999999977,2opt,notBad
7004,10,280.7999999999997,10,279.31999999999977,move,improve
7005,10,280.7999999999997,10,279.31999999999977,swap,notBad
7006,10,280.7999999999997,10,279.31999999999977,move,improve
7007,10,280.7999999999997,10,279.31999999999977,move,improve
7008,10,280.7999999999997,10,279.31999999999977,2opt,notBad
7009,10,280.7999999999997,10,279.31999999999977,swap,notBad
7010,10,280.7999999999997,10,279.31999999999977,move,improve
7011,10,280.7999999999997,10,279.31999999999977,swap,notBad
7012,10,280.7999999999997,10,279.31999999999977,move,improve
7013,10,280.7999999999997,10,279.31999999999977,move,improve
7014,10,280.7999999999997,10,279.31999999999977,move,improve
7015,10,280.7999999999997,10,279.31999999999977,swap,notBad
7016,10,280.7999999999997,10,279.31999999999977,move,improve
7017,10,280.7999999999997,10,279.31999999999977,2opt,notBad
7018,10,280.7999999999997,10,279.31999999999977,move,improve
7019,10,280.7999999999997,10,279.31999999999977,swap,notBad
7020,10,281.2399999999999,10,279.31999999999977,swap,acceptBad
7021,10,281.2399999999999,10,279.31999999999977,swap,notBad
7022,10,281.2399999999999,10,279.31999999999977,2opt,notBad
7023,10,281.2399999999999,10,279.31999999999977,move,improve
7024,10,281.2399999999999,10,279.31999999999977,2opt,notBad
7025,10,281.2399999999999,10,279.31999999999977,swap,notBad
7026,10,281.2399999999999,10,279.31999999999977,swap,notBad
7027,10,281.2399999999999,10,279.31999999999977,swap,notBad
7028,10,281.2399999999999,10,279.31999999999977,2opt,notBad
7029,10,281.2399999999999,10,279.31999999999977,2opt,notBad
7030,10,281.2399999999999,10,279.31999999999977,move,improve
7031,10,281.2399999999999,10,279.31999999999977,swap,notBad
7032,10,281.2399999999999,10,279.31999999999977,move,improve
7033,10,281.2399999999999,10,279.31999999999977,2opt,notBad
7034,10,281.2399999999999,10,279.31999999999977,swap,notBad
7035,10,281.2399999999999,10,279.31999999999977,move,improve
7036,10,281.2399999999999,10,279.31999999999977,move,improve
7037,10,281.2399999999999,10,279.31999999999977,swap,notBad
7038,10,281.2399999999999,10,279.31999999999977,2opt,notBad
7039,10,281.2399999999999,10,279.31999999999977,swap,notBad
7040,10,281.2399999999999,10,279.31999999999977,move,improve
7041,10,281.2399999999999,10,279.31999999999977,swap,notBad
7042,10,281.2399999999999,10,279.31999999999977,2opt,notBad
7043,10,281.2399999999999,10,279.31999999999977,move,improve
7044,10,281.2399999999999,10,279.31999999999977,2opt,notBad
7045,10,281.2399999999999,10,279.31999999999977,move,improve
7046,10,281.2399999999999,10,279.31999999999977,2opt,notBad
7047,10,281.2399999999999,10,279.31999999999977,2opt,notBad
7048,10,281.2399999999999,10,279.31999999999977,move,improve
7049,10,281.2399999999999,10,279.31999999999977,swap,notBad
7050,10,281.2399999999999,10,279.31999999999977,move,improve
7051,10,281.2399999999999,10,279.31999999999977,move,improve
7052,10,281.2399999999999,10,279.31999999999977,move,improve
7053,10,281.2399999999999,10,279.31999999999977,swap,notBad
7054,10,281.2399999999999,10,279.31999999999977,move,improve
7055,10,281.2399999999999,10,279.31999999999977,move,improve
7056,10,281.2399999999999,10,279.31999999999977,move,improve
7057,10,281.2399999999999,10,279.31999999999977,move,improve
7058,10,281.2399999999999,10,279.31999999999977,swap,notBad
7059,10,281.2399999999999,10,279.31999999999977,2opt,notBad
7060,10,281.2399999999999,10,279.31999999999977,move,improve
7061,10,281.2399999999999,10,279.31999999999977,move,improve
7062,10,281.2399999999999,10,279.31999999999977,move,improve
7063,10,281.2399999999999,10,279.31999999999977,swap,notBad
7064,10,281.2399999999999,10,279.31999999999977,2opt,notBad
7065,10,281.2399999999999,10,279.31999999999977,swap,notBad
7066,10,281.2399999999999,10,279.31999999999977,2opt,improve
7067,10,281.2399999999999,10,279.31999999999977,move,improve
7068,10,281.2399999999999,10,279.31999999999977,2opt,notBad
7069,10,281.2399999999999,10,279.31999999999977,swap,notBad
7070,10,281.2399999999999,10,279.31999999999977,swap,notBad
7071,10,281.2399999999999,10,279.31999999999977,2opt,notBad
7072,10,281.2399999999999,10,279.31999999999977,move,improve
7073,10,281.2399999999999,10,279.31999999999977,2opt,notBad
7074,10,281.2399999999999,10,279.31999999999977,move,improve
7075,10,281.2399999999999,10,279.31999999999977,move,improve
7076,10,281.2399999999999,10,279.31999999999977,2opt,notBad
7077,10,281.2399999999999,10,279.31999999999977,2opt,notBad
7078,10,281.2399999999999,10,279.31999999999977,move,improve
7079,10,281.2399999999999,10,279.31999999999977,move,improve
7080,10,281.2399999999999,10,279.31999999999977,move,improve
7081,10,281.2399999999999,10,279.31999999999977,2opt,notBad
7082,10,281.2399999999999,10,279.31999999999977,move,improve
7083,10,281.2399999999999,10,279.31999999999977,2opt,improve
7084,10,281.2399999999999,10,279.31999999999977,swap,notBad
7085,10,281.2399999999999,10,279.31999999999977,2opt,improve
7086,10,281.2399999999999,10,279.31999999999977,move,improve
7087,10,281.2399999999999,10,279.31999999999977,move,improve
7088,10,281.2399999999999,10,279.31999999999977,swap,notBad
7089,10,281.2399999999999,10,279.31999999999977,2opt,notBad
7090,10,281.2399999999999,10,279.31999999999977,2opt,improve
7091,10,281.2399999999999,10,279.31999999999977,move,improve
7092,10,281.2399999999999,10,279.31999999999977,move,improve
7093,10,281.2399999999999,10,279.31999999999977,move,improve
7094,10,281.2399999999999,10,279.31999999999977,2opt,notBad
7095,10,281.2399999999999,10,279.31999999999977,move,improve
7096,10,281.2399999999999,10,279.31999999999977,move,improve
7097,10,281.2399999999999,10,279.31999999999977,move,improve
7098,10,281.2399999999999,10,279.31999999999977,swap,notBad
7099,10,281.2399999999999,10,279.31999999999977,2opt,notBad
7100,10,281.2399999999999,10,279.31999999999977,2opt,notBad
7101,10,281.2399999999999,10,279.31999999999977,move,improve
7102,10,281.2399999999999,10,279.31999999999977,2opt,notBad
7103,10,281.2399999999999,10,279.31999999999977,2opt,notBad
7104,10,281.2399999999999,10,279.31999999999977,2opt,notBad
7105,10,281.2399999999999,10,279.31999999999977,move,improve
7106,10,281.2399999999999,10,279.31999999999977,2opt,notBad
7107,10,281.2399999999999,10,279.31999999999977,2opt,notBad
7108,10,281.2399999999999,10,279.31999999999977,swap,notBad
7109,10,281.2399999999999,10,279.31999999999977,2opt,notBad
7110,10,281.2399999999999,10,279.31999999999977,swap,notBad
7111,10,281.2399999999999,10,279.31999999999977,2opt,notBad
7112,10,281.2399999999999,10,279.31999999999977,swap,improve
7113,10,281.2399999999999,10,279.31999999999977,swap,notBad
7114,10,281.2399999999999,10,279.31999999999977,swap,notBad
7115,10,281.2399999999999,10,279.31999999999977,2opt,notBad
7116,10,281.2399999999999,10,279.31999999999977,move,improve
7117,10,281.2399999999999,10,279.31999999999977,2opt,notBad
7118,10,281.2399999999999,10,279.31999999999977,swap,notBad
7119,10,281.2399999999999,10,279.31999999999977,move,improve
7120,10,281.2399999999999,10,279.31999999999977,move,improve
7121,10,281.2399999999999,10,279.31999999999977,swap,notBad
7122,10,281.2399999999999,10,279.31999999999977,2opt,notBad
7123,10,281.2399999999999,10,279.31999999999977,swap,notBad
7124,10,281.2399999999999,10,279.31999999999977,swap,notBad
7125,10,281.2399999999999,10,279.31999999999977,2opt,notBad
7126,10,281.2399999999999,10,279.31999999999977,move,improve
7127,10,281.2399999999999,10,279.31999999999977,2opt,notBad
7128,10,281.2399999999999,10,279.31999999999977,swap,notBad
7129,10,281.2399999999999,10,279.31999999999977,swap,notBad
7130,10,281.2399999999999,10,279.31999999999977,move,improve
7131,10,281.2399999999999,10,279.31999999999977,2opt,notBad
7132,10,281.2399999999999,10,279.31999999999977,move,improve
7133,10,281.2399999999999,10,279.31999999999977,2opt,notBad
7134,10,281.2399999999999,10,279.31999999999977,2opt,notBad
7135,10,281.2399999999999,10,279.31999999999977,move,improve
7136,10,281.2399999999999,10,279.31999999999977,move,improve
7137,10,281.2399999999999,10,279.31999999999977,move,improve
7138,10,281.2399999999999,10,279.31999999999977,2opt,notBad
7139,10,281.2399999999999,10,279.31999999999977,swap,notBad
7140,10,281.2399999999999,10,279.31999999999977,2opt,notBad
7141,10,281.2399999999999,10,279.31999999999977,2opt,notBad
7142,10,281.2399999999999,10,279.31999999999977,2opt,notBad
7143,10,281.2399999999999,10,279.31999999999977,2opt,improve
7144,10,281.2399999999999,10,279.31999999999977,2opt,notBad
7145,10,281.2399999999999,10,279.31999999999977,move,improve
7146,10,281.2399999999999,10,279.31999999999977,2opt,notBad
7147,10,281.2399999999999,10,279.31999999999977,move,improve
7148,10,281.2399999999999,10,279.31999999999977,swap,notBad
7149,10,281.2399999999999,10,279.31999999999977,swap,notBad
7150,10,281.2399999999999,10,279.31999999999977,2opt,notBad
7151,10,281.2399999999999,10,279.31999999999977,swap,notBad
7152,10,280.8799999999999,10,279.31999999999977,move,improve
7153,10,280.8799999999999,10,279.31999999999977,swap,notBad
7154,10,280.8799999999999,10,279.31999999999977,move,improve
7155,10,280.8799999999999,10,279.31999999999977,move,improve
7156,10,280.8799999999999,10,279.31999999999977,2opt,notBad
7157,10,280.8799999999999,10,279.31999999999977,swap,notBad
7158,10,280.8799999999999,10,279.31999999999977,move,improve
7159,10,280.8799999999999,10,279.31999999999977,move,improve
7160,10,280.8799999999999,10,279.31999999999977,move,improve
7161,10,279.8799999999999,10,279.31999999999977,move,improve
7162,10,279.8799999999999,10,279.31999999999977,swap,notBad
7163,10,279.8799999999999,10,279.31999999999977,2opt,notBad
7164,10,279.8799999999999,10,279.31999999999977,2opt,notBad
7165,10,279.8799999999999,10,279.31999999999977,swap,notBad
7166,10,279.8799999999999,10,279.31999999999977,swap,notBad
7167,10,279.8799999999999,10,279.31999999999977,move,improve
7168,10,279.8799999999999,10,279.31999999999977,move,improve
7169,10,279.8799999999999,10,279.31999999999977,2opt,notBad
7170,10,279.8799999999999,10,279.31999999999977,swap,notBad
7171,10,279.8799999999999,10,279.31999999999977,move,improve
7172,10,279.8799999999999,10,279.31999999999977,move,improve
7173,10,279.8799999999999,10,279.31999999999977,swap,notBad
7174,10,279.8799999999999,10,279.31999999999977,move,improve
7175,10,279.8799999999999,10,279.31999999999977,2opt,notBad
7176,10,279.8799999999999,10,279.31999999999977,swap,notBad
7177,10,279.8799999999999,10,279.31999999999977,move,improve
7178,10,279.8799999999999,10,279.31999999999977,move,improve
7179,10,279.8799999999999,10,279.31999999999977,move,improve
7180,10,279.8799999999999,10,279.31999999999977,swap,notBad
7181,10,279.8799999999999,10,279.31999999999977,2opt,notBad
7182,10,279.8799999999999,10,279.31999999999977,swap,notBad
7183,10,279.8799999999999,10,279.31999999999977,swap,notBad
7184,10,279.8799999999999,10,279.31999999999977,swap,notBad
7185,10,279.8799999999999,10,279.31999999999977,swap,notBad
7186,10,279.8799999999999,10,279.31999999999977,move,improve
7187,10,279.8799999999999,10,279.31999999999977,move,improve
7188,10,279.8799999999999,10,279.31999999999977,swap,notBad
7189,10,279.8799999999999,10,279.31999999999977,2opt,notBad
7190,10,279.8799999999999,10,279.31999999999977,2opt,notBad
7191,10,279.8799999999999,10,279.31999999999977,2opt,notBad
7192,10,279.8799999999999,10,279.31999999999977,swap,notBad
7193,10,279.8799999999999,10,279.31999999999977,move,improve
7194,10,279.8799999999999,10,279.31999999999977,move,improve
7195,10,279.8799999999999,10,279.31999999999977,2opt,notBad
7196,10,279.8799999999999,10,279.31999999999977,swap,notBad
7197,10,279.8799999999999,10,279.31999999999977,2opt,notBad
7198,10,279.8799999999999,10,279.31999999999977,move,improve
7199,10,279.8799999999999,10,279.31999999999977,swap,notBad
7200,10,279.8799999999999,10,279.31999999999977,2opt,notBad
7201,10,279.8799999999999,10,279.31999999999977,move,improve
7202,10,279.8799999999999,10,279.31999999999977,swap,notBad
7203,10,279.8799999999999,10,279.31999999999977,2opt,notBad
7204,10,279.8799999999999,10,279.31999999999977,2opt,notBad
7205,10,279.8799999999999,10,279.31999999999977,swap,notBad
7206,10,279.8799999999999,10,279.31999999999977,2opt,improve
7207,10,279.8799999999999,10,279.31999999999977,move,improve
7208,10,279.8799999999999,10,279.31999999999977,move,improve
7209,10,279.8799999999999,10,279.31999999999977,move,improve
7210,10,279.8799999999999,10,279.31999999999977,2opt,notBad
7211,10,279.8799999999999,10,279.31999999999977,2opt,notBad
7212,10,279.8799999999999,10,279.31999999999977,swap,notBad
7213,10,279.8799999999999,10,279.31999999999977,move,improve
7214,10,279.8799999999999,10,279.31999999999977,swap,notBad
7215,10,279.8799999999999,10,279.31999999999977,2opt,improve
7216,10,279.8799999999999,10,279.31999999999977,move,improve
7217,10,279.8799999999999,10,279.31999999999977,move,improve
7218,10,279.8799999999999,10,279.31999999999977,2opt,notBad
7219,10,279.8799999999999,10,279.31999999999977,swap,notBad
7220,10,279.8799999999999,10,279.31999999999977,swap,notBad
7221,10,279.8799999999999,10,279.31999999999977,swap,notBad
7222,10,279.8799999999999,10,279.31999999999977,2opt,notBad
7223,10,279.8799999999999,10,279.31999999999977,move,improve
7224,10,279.8799999999999,10,279.31999999999977,move,improve
7225,10,279.8799999999999,10,279.31999999999977,swap,notBad
7226,10,279.8799999999999,10,279.31999999999977,swap,notBad
7227,10,279.8799999999999,10,279.31999999999977,swap,notBad
7228,10,279.8799999999999,10,279.31999999999977,swap,notBad
7229,10,279.8799999999999,10,279.31999999999977,move,improve
7230,10,279.8799999999999,10,279.31999999999977,2opt,notBad
7231,10,279.8799999999999,10,279.31999999999977,2opt,notBad
7232,10,279.8799999999999,10,279.31999999999977,move,improve
7233,10,279.8799999999999,10,279.31999999999977,move,improve
7234,10,279.8799999999999,10,279.31999999999977,move,improve
7235,10,279.8799999999999,10,279.31999999999977,2opt,notBad
7236,10,279.8799999999999,10,279.31999999999977,2opt,notBad
7237,10,279.8799999999999,10,279.31999999999977,swap,notBad
7238,10,279.8799999999999,10,279.31999999999977,move,improve
7239,10,279.8799999999999,10,279.31999999999977,2opt,notBad
7240,10,279.8799999999999,10,279.31999999999977,swap,notBad
7241,10,279.8799999999999,10,279.31999999999977,move,improve
7242,10,279.8799999999999,10,279.31999999999977,swap,notBad
7243,10,279.8799999999999,10,279.31999999999977,move,improve
7244,10,279.8799999999999,10,279.31999999999977,move,improve
7245,10,279.8799999999999,10,279.31999999999977,move,improve
7246,10,279.8799999999999,10,279.31999999999977,move,improve
7247,10,279.8799999999999,10,279.31999999999977,move,improve
7248,10,279.8799999999999,10,279.31999999999977,move,improve
7249,10,279.8799999999999,10,279.31999999999977,swap,notBad
7250,10,279.8799999999999,10,279.31999999999977,2opt,notBad
7251,10,279.8799999999999,10,279.31999999999977,2opt,notBad
7252,10,279.8799999999999,10,279.31999999999977,swap,notBad
7253,10,279.8799999999999,10,279.31999999999977,2opt,improve
7254,10,279.8799999999999,10,279.31999999999977,move,improve
7255,10,279.8799999999999,10,279.31999999999977,2opt,notBad
7256,10,279.8799999999999,10,279.31999999999977,2opt,notBad
7257,10,279.8799999999999,10,279.31999999999977,2opt,notBad
7258,10,279.8799999999999,10,279.31999999999977,move,improve
7259,10,279.8799999999999,10,279.31999999999977,2opt,notBad
7260,10,279.8799999999999,10,279.31999999999977,move,notBad
7261,10,279.8799999999999,10,279.31999999999977,2opt,notBad
7262,10,279.8799999999999,10,279.31999999999977,2opt,notBad
7263,10,279.8799999999999,10,279.31999999999977,swap,notBad
7264,10,279.8799999999999,10,279.31999999999977,swap,notBad
7265,10,279.8799999999999,10,279.31999999999977,swap,notBad
7266,10,279.8799999999999,10,279.31999999999977,2opt,notBad
7267,10,279.8799999999999,10,279.31999999999977,move,improve
7268,10,279.8799999999999,10,279.31999999999977,move,improve
7269,10,279.8799999999999,10,279.31999999999977,2opt,notBad
7270,10,279.8799999999999,10,279.31999999999977,swap,notBad
7271,10,279.8799999999999,10,279.31999999999977,swap,notBad
7272,10,279.8799999999999,10,279.31999999999977,2opt,notBad
7273,10,279.8799999999999,10,279.31999999999977,move,improve
7274,10,279.8799999999999,10,279.31999999999977,move,improve
7275,10,279.8799999999999,10,279.31999999999977,2opt,notBad
7276,10,279.8799999999999,10,279.31999999999977,move,improve
7277,10,279.8799999999999,10,279.31999999999977,swap,notBad
7278,10,279.8799999999999,10,279.31999999999977,move,improve
7279,10,279.8799999999999,10,279.31999999999977,move,improve
7280,10,279.8799999999999,10,279.31999999999977,swap,notBad
7281,10,279.8799999999999,10,279.31999999999977,move,improve
7282,10,279.8799999999999,10,279.31999999999977,swap,notBad
7283,10,279.8799999999999,10,279.31999999999977,2opt,notBad
7284,10,279.8799999999999,10,279.31999999999977,move,improve
7285,10,279.8799999999999,10,279.31999999999977,move,improve
7286,10,279.8799999999999,10,279.31999999999977,swap,notBad
7287,10,279.8799999999999,10,279.31999999999977,move,improve
7288,10,279.8799999999999,10,279.31999999999977,swap,notBad
7289,10,279.8799999999999,10,279.31999999999977,move,improve
7290,10,279.8799999999999,10,279.31999999999977,swap,notBad
7291,10,279.8799999999999,10,279.31999999999977,move,improve
7292,10,279.8799999999999,10,279.31999999999977,swap,notBad
7293,10,279.8799999999999,10,279.31999999999977,swap,notBad
7294,10,279.8799999999999,10,279.31999999999977,swap,notBad
7295,10,279.8799999999999,10,279.31999999999977,swap,notBad
7296,10,279.8799999999999,10,279.31999999999977,2opt,notBad
7297,10,279.8799999999999,10,279.31999999999977,2opt,notBad
7298,10,279.8799999999999,10,279.31999999999977,2opt,notBad
7299,10,279.8799999999999,10,279.31999999999977,move,improve
7300,10,279.8799999999999,10,279.31999999999977,swap,notBad
7301,10,279.8799999999999,10,279.31999999999977,swap,notBad
7302,10,279.8799999999999,10,279.31999999999977,2opt,improve
7303,10,279.8799999999999,10,279.31999999999977,move,improve
7304,10,279.8799999999999,10,279.31999999999977,move,improve
7305,10,279.8799999999999,10,279.31999999999977,move,improve
7306,10,279.8799999999999,10,279.31999999999977,2opt,notBad
7307,10,279.8799999999999,10,279.31999999999977,2opt,improve
7308,10,279.8799999999999,10,279.31999999999977,swap,notBad
7309,10,279.8799999999999,10,279.31999999999977,swap,notBad
7310,10,279.8799999999999,10,279.31999999999977,move,improve
7311,10,279.8799999999999,10,279.31999999999977,2opt,notBad
7312,10,279.8799999999999,10,279.31999999999977,move,improve
7313,10,279.8799999999999,10,279.31999999999977,move,improve
7314,10,279.8799999999999,10,279.31999999999977,swap,notBad
7315,10,279.8799999999999,10,279.31999999999977,swap,notBad
7316,10,279.8799999999999,10,279.31999999999977,2opt,notBad
7317,10,280.2399999999999,10,279.31999999999977,swap,acceptBad
7318,10,280.2399999999999,10,279.31999999999977,swap,notBad
7319,10,280.2399999999999,10,279.31999999999977,move,improve
7320,10,280.2399999999999,10,279.31999999999977,2opt,notBad
7321,10,280.2399999999999,10,279.31999999999977,2opt,notBad
7322,10,280.2399999999999,10,279.31999999999977,2opt,notBad
7323,10,280.2399999999999,10,279.31999999999977,swap,notBad
7324,10,280.2399999999999,10,279.31999999999977,move,improve
7325,10,280.2399999999999,10,279.31999999999977,2opt,notBad
7326,10,280.2399999999999,10,279.31999999999977,2opt,notBad
7327,10,280.2399999999999,10,279.31999999999977,swap,notBad
7328,10,280.2399999999999,10,279.31999999999977,move,improve
7329,10,280.2399999999999,10,279.31999999999977,swap,notBad
7330,10,280.2399999999999,10,279.31999999999977,move,improve
7331,10,280.2399999999999,10,279.31999999999977,swap,notBad
7332,10,280.2399999999999,10,279.31999999999977,swap,notBad
7333,10,280.8599999999999,10,279.31999999999977,swap,acceptBad
7334,10,280.8599999999999,10,279.31999999999977,swap,notBad
7335,10,280.4999999999999,10,279.31999999999977,move,improve
7336,10,280.4999999999999,10,279.31999999999977,swap,notBad
7337,10,280.4999999999999,10,279.31999999999977,swap,notBad
7338,10,280.4999999999999,10,279.31999999999977,move,improve
7339,10,280.4999999999999,10,279.31999999999977,2opt,notBad
7340,10,280.4999999999999,10,279.31999999999977,move,improve
7341,10,280.4999999999999,10,279.31999999999977,swap,notBad
7342,10,280.4999999999999,10,279.31999999999977,swap,notBad
7343,10,280.4999999999999,10,279.31999999999977,move,improve
7344,10,280.4999999999999,10,279.31999999999977,2opt,notBad
7345,10,280.4999999999999,10,279.31999999999977,2opt,notBad
7346,10,280.4999999999999,10,279.31999999999977,2opt,notBad
7347,10,280.4999999999999,10,279.31999999999977,move,improve
7348,10,280.4999999999999,10,279.31999999999977,2opt,notBad
7349,10,280.4999999999999,10,279.31999999999977,move,improve
7350,10,280.4999999999999,10,279.31999999999977,2opt,notBad
7351,10,280.4999999999999,10,279.31999999999977,2opt,notBad
7352,10,280.4999999999999,10,279.31999999999977,move,improve
7353,10,280.4999999999999,10,279.31999999999977,2opt,notBad
7354,10,280.4999999999999,10,279.31999999999977,swap,notBad
7355,10,280.4999999999999,10,279.31999999999977,move,improve
7356,10,280.4999999999999,10,279.31999999999977,2opt,notBad
7357,10,280.4999999999999,10,279.31999999999977,move,improve
7358,10,280.4999999999999,10,279.31999999999977,swap,notBad
7359,10,280.4999999999999,10,279.31999999999977,move,improve
7360,10,280.4999999999999,10,279.31999999999977,swap,notBad
7361,10,280.4999999999999,10,279.31999999999977,move,improve
7362,10,280.4999999999999,10,279.31999999999977,2opt,notBad
7363,10,280.4999999999999,10,279.31999999999977,swap,notBad
7364,10,280.4999999999999,10,279.31999999999977,2opt,notBad
7365,10,280.4999999999999,10,279.31999999999977,move,improve
7366,10,280.4999999999999,10,279.31999999999977,move,improve
7367,10,280.4999999999999,10,279.31999999999977,swap,notBad
7368,10,280.4999999999999,10,279.31999999999977,move,improve
7369,10,280.4999999999999,10,279.31999999999977,swap,notBad
7370,10,280.4999999999999,10,279.31999999999977,swap,notBad
7371,10,279.8799999999999,10,279.31999999999977,swap,improve
7372,10,279.8799999999999,10,279.31999999999977,2opt,improve
7373,10,279.8799999999999,10,279.31999999999977,2opt,notBad
7374,10,279.8799999999999,10,279.31999999999977,swap,notBad
7375,10,279.8799999999999,10,279.31999999999977,2opt,notBad
7376,10,279.8799999999999,10,279.31999999999977,swap,notBad
7377,10,279.8799999999999,10,279.31999999999977,2opt,notBad
7378,10,279.8799999999999,10,279.31999999999977,2opt,notBad
7379,10,279.8799999999999,10,279.31999999999977,2opt,notBad
7380,10,279.8799999999999,10,279.31999999999977,move,improve
7381,10,279.8799999999999,10,279.31999999999977,2opt,notBad
7382,10,279.8799999999999,10,279.31999999999977,move,improve
7383,10,279.8799999999999,10,279.31999999999977,2opt,notBad
7384,10,279.8799999999999,10,279.31999999999977,move,improve
7385,10,279.8799999999999,10,279.31999999999977,move,improve
7386,10,279.8799999999999,10,279.31999999999977,swap,notBad
7387,10,279.8799999999999,10,279.31999999999977,move,improve
7388,10,279.8799999999999,10,279.31999999999977,swap,notBad
7389,10,279.8799999999999,10,279.31999999999977,swap,notBad
7390,10,279.8799999999999,10,279.31999999999977,2opt,improve
7391,10,279.8799999999999,10,279.31999999999977,swap,notBad
7392,10,279.8799999999999,10,279.31999999999977,move,improve
7393,10,279.8799999999999,10,279.31999999999977,move,improve
7394,10,279.8799999999999,10,279.31999999999977,swap,notBad
7395,10,279.8799999999999,10,279.31999999999977,swap,notBad
7396,10,280.13999999999965,10,279.31999999999977,swap,acceptBad
7397,10,280.13999999999965,10,279.31999999999977,2opt,notBad
7398,10,280.13999999999965,10,279.31999999999977,move,improve
7399,10,280.13999999999965,10,279.31999999999977,2opt,notBad
7400,10,280.13999999999965,10,279.31999999999977,2opt,notBad
7401,10,280.13999999999965,10,279.31999999999977,swap,notBad
7402,10,280.13999999999965,10,279.31999999999977,2opt,notBad
7403,10,280.13999999999965,10,279.31999999999977,2opt,notBad
7404,10,280.13999999999965,10,279.31999999999977,2opt,notBad
7405,10,280.13999999999965,10,279.31999999999977,2opt,notBad
7406,10,280.13999999999965,10,279.31999999999977,2opt,notBad
7407,10,280.13999999999965,10,279.31999999999977,2opt,improve
7408,10,280.13999999999965,10,279.31999999999977,2opt,notBad
7409,10,280.13999999999965,10,279.31999999999977,2opt,notBad
7410,10,280.13999999999965,10,279.31999999999977,2opt,notBad
7411,10,280.13999999999965,10,279.31999999999977,swap,notBad
7412,10,280.13999999999965,10,279.31999999999977,move,improve
7413,10,280.13999999999965,10,279.31999999999977,move,improve
7414,10,280.13999999999965,10,279.31999999999977,swap,notBad
7415,10,280.13999999999965,10,279.31999999999977,move,improve
7416,10,280.13999999999965,10,279.31999999999977,swap,notBad
7417,10,280.13999999999965,10,279.31999999999977,move,improve
7418,10,280.13999999999965,10,279.31999999999977,2opt,notBad
7419,10,280.13999999999965,10,279.31999999999977,move,improve
7420,10,280.13999999999965,10,279.31999999999977,move,improve
7421,10,280.13999999999965,10,279.31999999999977,2opt,notBad
7422,10,280.13999999999965,10,279.31999999999977,2opt,notBad
7423,10,279.69999999999953,10,279.31999999999977,swap,improve
7424,10,279.69999999999953,10,279.31999999999977,move,improve
7425,10,279.69999999999953,10,279.31999999999977,move,improve
7426,10,279.69999999999953,10,279.31999999999977,2opt,notBad
7427,10,279.69999999999953,10,279.31999999999977,2opt,notBad
7428,10,279.69999999999953,10,279.31999999999977,move,improve
7429,10,279.69999999999953,10,279.31999999999977,move,improve
7430,10,279.69999999999953,10,279.31999999999977,2opt,notBad
7431,10,279.69999999999953,10,279.31999999999977,move,improve
7432,10,279.69999999999953,10,279.31999999999977,move,improve
7433,10,279.69999999999953,10,279.31999999999977,swap,notBad
7434,10,279.69999999999953,10,279.31999999999977,move,improve
7435,10,279.69999999999953,10,279.31999999999977,move,improve
7436,10,279.69999999999953,10,279.31999999999977,2opt,notBad
7437,10,279.69999999999953,10,279.31999999999977,2opt,notBad
7438,10,279.69999999999953,10,279.31999999999977,move,improve
7439,10,279.69999999999953,10,279.31999999999977,move,improve
7440,10,279.69999999999953,10,279.31999999999977,move,improve
7441,10,279.69999999999953,10,279.31999999999977,move,improve
7442,10,279.69999999999953,10,279.31999999999977,move,notBad
7443,10,279.69999999999953,10,279.31999999999977,move,improve
7444,10,279.69999999999953,10,279.31999999999977,swap,notBad
7445,10,279.69999999999953,10,279.31999999999977,move,improve
7446,10,279.69999999999953,10,279.31999999999977,move,improve
7447,10,279.69999999999953,10,279.31999999999977,2opt,notBad
7448,10,279.69999999999953,10,279.31999999999977,swap,notBad
7449,10,279.69999999999953,10,279.31999999999977,swap,notBad
7450,10,279.69999999999953,10,279.31999999999977,swap,notBad
7451,10,279.69999999999953,10,279.31999999999977,move,improve
7452,10,279.69999999999953,10,279.31999999999977,swap,notBad
7453,10,279.69999999999953,10,279.31999999999977,2opt,notBad
7454,10,279.69999999999953,10,279.31999999999977,move,improve
7455,10,279.69999999999953,10,279.31999999999977,move,improve
7456,10,279.69999999999953,10,279.31999999999977,swap,notBad
7457,10,279.69999999999953,10,279.31999999999977,swap,notBad
7458,10,279.69999999999953,10,279.31999999999977,2opt,notBad
7459,10,279.69999999999953,10,279.31999999999977,2opt,notBad
7460,10,279.69999999999953,10,279.31999999999977,move,improve
7461,10,279.69999999999953,10,279.31999999999977,2opt,notBad
7462,10,279.69999999999953,10,279.31999999999977,swap,notBad
7463,10,279.69999999999953,10,279.31999999999977,move,improve
7464,10,279.69999999999953,10,279.31999999999977,2opt,notBad
7465,10,279.69999999999953,10,279.31999999999977,swap,notBad
7466,10,279.69999999999953,10,279.31999999999977,2opt,notBad
7467,10,279.69999999999953,10,279.31999999999977,2opt,notBad
7468,10,279.69999999999953,10,279.31999999999977,move,improve
7469,10,279.69999999999953,10,279.31999999999977,swap,notBad
7470,10,279.69999999999953,10,279.31999999999977,swap,notBad
7471,10,279.69999999999953,10,279.31999999999977,move,improve
7472,10,279.69999999999953,10,279.31999999999977,move,improve
7473,10,279.69999999999953,10,279.31999999999977,swap,notBad
7474,10,279.69999999999953,10,279.31999999999977,move,improve
7475,10,279.69999999999953,10,279.31999999999977,swap,notBad
7476,10,279.69999999999953,10,279.31999999999977,2opt,notBad
7477,10,279.69999999999953,10,279.31999999999977,swap,notBad
7478,10,279.69999999999953,10,279.31999999999977,swap,notBad
7479,10,279.69999999999953,10,279.31999999999977,swap,notBad
7480,10,279.69999999999953,10,279.31999999999977,2opt,notBad
7481,10,279.69999999999953,10,279.31999999999977,move,improve
7482,10,279.69999999999953,10,279.31999999999977,swap,notBad
7483,10,279.69999999999953,10,279.31999999999977,2opt,notBad
7484,10,279.69999999999953,10,279.31999999999977,swap,notBad
7485,10,279.69999999999953,10,279.31999999999977,2opt,improve
7486,10,279.69999999999953,10,279.31999999999977,2opt,notBad
7487,10,279.69999999999953,10,279.31999999999977,swap,notBad
7488,10,279.69999999999953,10,279.31999999999977,move,improve
7489,10,279.69999999999953,10,279.31999999999977,swap,notBad
7490,10,279.69999999999953,10,279.31999999999977,swap,notBad
7491,10,279.69999999999953,10,279.31999999999977,move,improve
7492,10,279.69999999999953,10,279.31999999999977,swap,notBad
7493,10,279.69999999999953,10,279.31999999999977,move,improve
7494,10,279.69999999999953,10,279.31999999999977,move,improve
7495,10,279.69999999999953,10,279.31999999999977,2opt,notBad
7496,10,279.69999999999953,10,279.31999999999977,move,improve
7497,10,279.69999999999953,10,279.31999999999977,move,improve
7498,10,279.69999999999953,10,279.31999999999977,swap,notBad
7499,10,279.69999999999953,10,279.31999999999977,2opt,notBad
7500,10,279.69999999999953,10,279.31999999999977,move,improve
7501,10,279.69999999999953,10,279.31999999999977,swap,notBad
7502,10,279.69999999999953,10,279.31999999999977,2opt,notBad
7503,10,279.69999999999953,10,279.31999999999977,move,improve
7504,10,279.69999999999953,10,279.31999999999977,move,improve
7505,10,279.69999999999953,10,279.31999999999977,2opt,notBad
7506,10,279.69999999999953,10,279.31999999999977,move,improve
7507,10,279.69999999999953,10,279.31999999999977,swap,notBad
7508,10,279.69999999999953,10,279.31999999999977,swap,notBad
7509,10,279.69999999999953,10,279.31999999999977,swap,notBad
7510,10,279.69999999999953,10,279.31999999999977,swap,notBad
7511,10,279.69999999999953,10,279.31999999999977,swap,notBad
7512,10,279.69999999999953,10,279.31999999999977,swap,notBad
7513,10,279.69999999999953,10,279.31999999999977,move,improve
7514,10,279.69999999999953,10,279.31999999999977,move,improve
7515,10,279.69999999999953,10,279.31999999999977,move,improve
7516,10,279.69999999999953,10,279.31999999999977,2opt,notBad
7517,10,279.69999999999953,10,279.31999999999977,swap,notBad
7518,10,279.69999999999953,10,279.31999999999977,move,improve
7519,10,279.69999999999953,10,279.31999999999977,2opt,notBad
7520,10,279.43999999999977,10,279.31999999999977,move,improve
7521,10,279.43999999999977,10,279.31999999999977,2opt,notBad
7522,10,279.43999999999977,10,279.31999999999977,move,improve
7523,10,279.43999999999977,10,279.31999999999977,move,improve
7524,10,279.43999999999977,10,279.31999999999977,2opt,notBad
7525,10,279.43999999999977,10,279.31999999999977,2opt,notBad
7526,10,279.43999999999977,10,279.31999999999977,swap,notBad
7527,10,279.43999999999977,10,279.31999999999977,2opt,notBad
7528,10,279.43999999999977,10,279.31999999999977,swap,notBad
7529,10,279.43999999999977,10,279.31999999999977,move,improve
7530,10,279.43999999999977,10,279.31999999999977,move,improve
7531,10,279.43999999999977,10,279.31999999999977,2opt,notBad
7532,10,279.43999999999977,10,279.31999999999977,move,improve
7533,10,279.43999999999977,10,279.31999999999977,move,improve
7534,10,279.43999999999977,10,279.31999999999977,move,improve
7535,10,279.43999999999977,10,279.31999999999977,2opt,notBad
7536,10,279.43999999999977,10,279.31999999999977,2opt,notBad
7537,10,279.43999999999977,10,279.31999999999977,2opt,notBad
7538,10,279.43999999999977,10,279.31999999999977,2opt,notBad
7539,10,279.43999999999977,10,279.31999999999977,swap,notBad
7540,10,279.43999999999977,10,279.31999999999977,move,improve
7541,10,279.43999999999977,10,279.31999999999977,swap,notBad
7542,10,279.43999999999977,10,279.31999999999977,move,improve
7543,10,279.43999999999977,10,279.31999999999977,move,improve
7544,10,279.43999999999977,10,279.31999999999977,swap,notBad
7545,10,279.43999999999977,10,279.31999999999977,2opt,notBad
7546,10,279.43999999999977,10,279.31999999999977,move,improve
7547,10,279.43999999999977,10,279.31999999999977,move,improve
7548,10,279.43999999999977,10,279.31999999999977,move,improve
7549,10,279.43999999999977,10,279.31999999999977,swap,notBad
7550,10,279.43999999999977,10,279.31999999999977,2opt,notBad
7551,10,279.43999999999977,10,279.31999999999977,swap,notBad
7552,10,279.43999999999977,10,279.31999999999977,2opt,improve
7553,10,279.43999999999977,10,279.31999999999977,2opt,improve
7554,10,279.43999999999977,10,279.31999999999977,swap,notBad
7555,10,279.43999999999977,10,279.31999999999977,2opt,notBad
7556,10,279.43999999999977,10,279.31999999999977,2opt,notBad
7557,10,279.43999999999977,10,279.31999999999977,swap,notBad
7558,10,279.43999999999977,10,279.31999999999977,2opt,notBad
7559,10,279.43999999999977,10,279.31999999999977,2opt,notBad
7560,10,279.43999999999977,10,279.31999999999977,move,improve
7561,10,279.43999999999977,10,279.31999999999977,move,improve
7562,10,279.43999999999977,10,279.31999999999977,swap,notBad
7563,10,279.43999999999977,10,279.31999999999977,move,improve
7564,10,279.7999999999997,10,279.31999999999977,swap,acceptBad
7565,10,279.7999999999997,10,279.31999999999977,2opt,notBad
7566,10,279.7999999999997,10,279.31999999999977,move,improve
7567,10,279.7999999999997,10,279.31999999999977,move,improve
7568,10,279.7999999999997,10,279.31999999999977,swap,notBad
7569,10,279.7999999999997,10,279.31999999999977,move,improve
7570,10,279.7999999999997,10,279.31999999999977,move,improve
7571,10,279.7999999999997,10,279.31999999999977,2opt,notBad
7572,10,279.7999999999997,10,279.31999999999977,move,improve
7573,10,279.7999999999997,10,279.31999999999977,move,improve
7574,10,279.7999999999997,10,279.31999999999977,swap,notBad
7575,10,279.7999999999997,10,279.31999999999977,swap,notBad
7576,10,279.7999999999997,10,279.31999999999977,2opt,improve
7577,10,279.7999999999997,10,279.31999999999977,2opt,notBad
7578,10,279.7999999999997,10,279.31999999999977,swap,notBad
7579,10,279.7999999999997,10,279.31999999999977,2opt,notBad
7580,10,279.7999999999997,10,279.31999999999977,2opt,notBad
7581,10,279.7999999999997,10,279.31999999999977,2opt,notBad
7582,10,279.7999999999997,10,279.31999999999977,swap,notBad
7583,10,279.7999999999997,10,279.31999999999977,2opt,notBad
7584,10,279.7999999999997,10,279.31999999999977,2opt,notBad
7585,10,279.7999999999997,10,279.31999999999977,2opt,notBad
7586,10,279.43999999999977,10,279.31999999999977,move,improve
7587,10,279.43999999999977,10,279.31999999999977,move,improve
7588,10,279.43999999999977,10,279.31999999999977,swap,notBad
7589,10,279.43999999999977,10,279.31999999999977,swap,notBad
7590,10,279.43999999999977,10,279.31999999999977,swap,notBad
7591,10,279.43999999999977,10,279.31999999999977,2opt,notBad
7592,10,279.43999999999977,10,279.31999999999977,2opt,notBad
7593,10,279.43999999999977,10,279.31999999999977,2opt,notBad
7594,10,279.43999999999977,10,279.31999999999977,move,improve
7595,10,279.43999999999977,10,279.31999999999977,swap,notBad
7596,10,279.43999999999977,10,279.31999999999977,2opt,notBad
7597,10,279.43999999999977,10,279.31999999999977,2opt,notBad
7598,10,279.43999999999977,10,279.31999999999977,2opt,improve
7599,10,279.43999999999977,10,279.31999999999977,move,improve
7600,10,279.43999999999977,10,279.31999999999977,swap,notBad
7601,10,279.43999999999977,10,279.31999999999977,swap,notBad
7602,10,279.43999999999977,10,279.31999999999977,move,improve
7603,10,279.43999999999977,10,279.31999999999977,move,improve
7604,10,279.43999999999977,10,279.31999999999977,move,improve
7605,10,279.43999999999977,10,279.31999999999977,move,improve
7606,10,279.43999999999977,10,279.31999999999977,move,improve
7607,10,279.43999999999977,10,279.31999999999977,swap,notBad
7608,10,279.43999999999977,10,279.31999999999977,move,improve
7609,10,279.43999999999977,10,279.31999999999977,swap,notBad
7610,10,279.43999999999977,10,279.31999999999977,2opt,improve
7611,10,279.43999999999977,10,279.31999999999977,swap,notBad
7612,10,279.43999999999977,10,279.31999999999977,2opt,improve
7613,10,279.43999999999977,10,279.31999999999977,2opt,notBad
7614,10,279.43999999999977,10,279.31999999999977,2opt,notBad
7615,10,279.43999999999977,10,279.31999999999977,move,improve
7616,10,279.43999999999977,10,279.31999999999977,move,improve
7617,10,279.43999999999977,10,279.31999999999977,move,improve
7618,10,279.43999999999977,10,279.31999999999977,move,improve
7619,10,279.43999999999977,10,279.31999999999977,move,improve
7620,10,279.43999999999977,10,279.31999999999977,move,improve
7621,10,279.43999999999977,10,279.31999999999977,swap,notBad
7622,10,279.43999999999977,10,279.31999999999977,swap,notBad
7623,10,279.43999999999977,10,279.31999999999977,move,improve
7624,10,279.43999999999977,10,279.31999999999977,2opt,notBad
7625,10,279.43999999999977,10,279.31999999999977,move,improve
7626,10,279.43999999999977,10,279.31999999999977,move,improve
7627,10,279.43999999999977,10,279.31999999999977,swap,notBad
7628,10,279.43999999999977,10,279.31999999999977,move,improve
7629,10,279.43999999999977,10,279.31999999999977,2opt,notBad
7630,10,279.43999999999977,10,279.31999999999977,swap,notBad
7631,10,279.43999999999977,10,279.31999999999977,swap,notBad
7632,10,279.43999999999977,10,279.31999999999977,swap,notBad
7633,10,279.43999999999977,10,279.31999999999977,2opt,notBad
7634,10,279.43999999999977,10,279.31999999999977,swap,notBad
7635,10,279.43999999999977,10,279.31999999999977,move,improve
7636,10,279.43999999999977,10,279.31999999999977,swap,notBad
7637,10,279.43999999999977,10,279.31999999999977,move,improve
7638,10,279.43999999999977,10,279.31999999999977,swap,notBad
7639,10,279.43999999999977,10,279.31999999999977,swap,notBad
7640,10,279.43999999999977,10,279.31999999999977,swap,notBad
7641,10,279.43999999999977,10,279.31999999999977,2opt,notBad
7642,10,279.43999999999977,10,279.31999999999977,swap,notBad
7643,10,279.43999999999977,10,279.31999999999977,swap,notBad
7644,10,279.43999999999977,10,279.31999999999977,2opt,improve
7645,10,279.43999999999977,10,279.31999999999977,2opt,notBad
7646,10,279.43999999999977,10,279.31999999999977,2opt,notBad
7647,10,279.43999999999977,10,279.31999999999977,move,improve
7648,10,279.43999999999977,10,279.31999999999977,swap,notBad
7649,10,279.43999999999977,10,279.31999999999977,swap,notBad
7650,10,279.43999999999977,10,279.31999999999977,2opt,notBad
7651,10,279.43999999999977,10,279.31999999999977,2opt,notBad
7652,10,279.43999999999977,10,279.31999999999977,2opt,notBad
7653,10,279.43999999999977,10,279.31999999999977,move,improve
7654,10,279.43999999999977,10,279.31999999999977,swap,notBad
7655,10,279.43999999999977,10,279.31999999999977,2opt,notBad
7656,10,279.43999999999977,10,279.31999999999977,move,improve
7657,10,279.43999999999977,10,279.31999999999977,2opt,notBad
7658,10,279.43999999999977,10,279.31999999999977,swap,notBad
7659,10,279.43999999999977,10,279.31999999999977,swap,notBad
7660,10,279.43999999999977,10,279.31999999999977,2opt,notBad
7661,10,279.43999999999977,10,279.31999999999977,swap,notBad
7662,10,279.43999999999977,10,279.31999999999977,move,improve
7663,10,279.43999999999977,10,279.31999999999977,2opt,notBad
7664,10,279.43999999999977,10,279.31999999999977,2opt,improve
7665,10,279.43999999999977,10,279.31999999999977,2opt,notBad
7666,10,279.43999999999977,10,279.31999999999977,2opt,notBad
7667,10,279.43999999999977,10,279.31999999999977,swap,notBad
7668,10,279.43999999999977,10,279.31999999999977,2opt,notBad
7669,10,279.43999999999977,10,279.31999999999977,swap,notBad
7670,10,279.43999999999977,10,279.31999999999977,2opt,notBad
7671,10,279.43999999999977,10,279.31999999999977,swap,notBad
7672,10,279.43999999999977,10,279.31999999999977,swap,notBad
7673,10,279.43999999999977,10,279.31999999999977,swap,notBad
7674,10,279.43999999999977,10,279.31999999999977,move,improve
7675,10,279.43999999999977,10,279.31999999999977,move,improve
7676,10,279.43999999999977,10,279.31999999999977,swap,notBad
7677,10,279.43999999999977,10,279.31999999999977,2opt,notBad
7678,10,279.43999999999977,10,279.31999999999977,2opt,notBad
7679,10,279.43999999999977,10,279.31999999999977,swap,notBad
7680,10,279.43999999999977,10,279.31999999999977,swap,notBad
7681,10,279.43999999999977,10,279.31999999999977,2opt,notBad
7682,10,279.43999999999977,10,279.31999999999977,2opt,notBad
7683,10,279.43999999999977,10,279.31999999999977,2opt,notBad
7684,10,279.43999999999977,10,279.31999999999977,move,improve
7685,10,279.43999999999977,10,279.31999999999977,swap,notBad
7686,10,279.43999999999977,10,279.31999999999977,move,improve
7687,10,279.43999999999977,10,279.31999999999977,move,improve
7688,10,279.43999999999977,10,279.31999999999977,2opt,notBad
7689,10,279.43999999999977,10,279.31999999999977,move,improve
7690,10,279.43999999999977,10,279.31999999999977,2opt,notBad
7691,10,280.0599999999998,10,279.31999999999977,swap,acceptBad
7692,10,280.0599999999998,10,279.31999999999977,2opt,notBad
7693,10,280.0599999999998,10,279.31999999999977,2opt,notBad
7694,10,280.0599999999998,10,279.31999999999977,swap,notBad
7695,10,280.0599999999998,10,279.31999999999977,move,improve
7696,10,280.0599999999998,10,279.31999999999977,2opt,notBad
7697,10,280.0599999999998,10,279.31999999999977,2opt,improve
7698,10,280.0599999999998,10,279.31999999999977,move,improve
7699,10,280.0599999999998,10,279.31999999999977,2opt,notBad
7700,10,280.0599999999998,10,279.31999999999977,swap,notBad
7701,10,280.0599999999998,10,279.31999999999977,move,improve
7702,10,280.0599999999998,10,279.31999999999977,move,improve
7703,10,280.0599999999998,10,279.31999999999977,swap,notBad
7704,10,280.0599999999998,10,279.31999999999977,2opt,notBad
7705,10,280.0599999999998,10,279.31999999999977,move,improve
7706,10,280.0599999999998,10,279.31999999999977,swap,notBad
7707,10,280.0599999999998,10,279.31999999999977,swap,notBad
7708,10,280.0599999999998,10,279.31999999999977,move,improve
7709,10,280.0599999999998,10,279.31999999999977,swap,notBad
7710,10,280.0599999999998,10,279.31999999999977,2opt,notBad
7711,10,280.0599999999998,10,279.31999999999977,move,improve
7712,10,280.0599999999998,10,279.31999999999977,2opt,notBad
7713,10,280.0599999999998,10,279.31999999999977,swap,notBad
7714,10,280.0599999999998,10,279.31999999999977,2opt,notBad
7715,10,280.0599999999998,10,279.31999999999977,2opt,improve
7716,10,280.0599999999998,10,279.31999999999977,2opt,notBad
7717,10,280.0599999999998,10,279.31999999999977,move,improve
7718,10,280.0599999999998,10,279.31999999999977,move,improve
7719,10,280.0599999999998,10,279.31999999999977,2opt,notBad
7720,10,280.0599999999998,10,279.31999999999977,swap,notBad
7721,10,280.0599999999998,10,279.31999999999977,move,improve
7722,10,280.0599999999998,10,279.31999999999977,move,improve
7723,10,280.0599999999998,10,279.31999999999977,swap,notBad
7724,10,280.0599999999998,10,279.31999999999977,2opt,notBad
7725,10,280.0599999999998,10,279.31999999999977,2opt,notBad
7726,10,280.0599999999998,10,279.31999999999977,swap,notBad
7727,10,280.0599999999998,10,279.31999999999977,move,improve
7728,10,280.0599999999998,10,279.31999999999977,2opt,notBad
7729,10,280.0599999999998,10,279.31999999999977,swap,notBad
7730,10,280.0599999999998,10,279.31999999999977,move,improve
7731,10,280.0599999999998,10,279.31999999999977,move,improve
7732,10,280.0599999999998,10,279.31999999999977,move,improve
7733,10,280.0599999999998,10,279.31999999999977,move,improve
7734,10,280.0599999999998,10,279.31999999999977,swap,notBad
7735,10,280.0599999999998,10,279.31999999999977,move,improve
7736,10,280.0599999999998,10,279.31999999999977,2opt,notBad
7737,10,280.0599999999998,10,279.31999999999977,2opt,notBad
7738,10,280.0599999999998,10,279.31999999999977,2opt,notBad
7739,10,280.0599999999998,10,279.31999999999977,move,improve
7740,10,280.0599999999998,10,279.31999999999977,swap,notBad
7741,10,280.0599999999998,10,279.31999999999977,move,improve
7742,10,280.0599999999998,10,279.31999999999977,2opt,notBad
7743,10,280.0599999999998,10,279.31999999999977,swap,notBad
7744,10,280.0599999999998,10,279.31999999999977,move,improve
7745,10,280.0599999999998,10,279.31999999999977,2opt,notBad
7746,10,280.0599999999998,10,279.31999999999977,swap,notBad
7747,10,280.0599999999998,10,279.31999999999977,2opt,notBad
7748,10,280.0599999999998,10,279.31999999999977,2opt,notBad
7749,10,280.0599999999998,10,279.31999999999977,swap,notBad
7750,10,280.0599999999998,10,279.31999999999977,swap,notBad
7751,10,280.0599999999998,10,279.31999999999977,2opt,notBad
7752,10,280.0599999999998,10,279.31999999999977,2opt,notBad
7753,10,280.0599999999998,10,279.31999999999977,swap,notBad
7754,10,280.0599999999998,10,279.31999999999977,move,improve
7755,10,280.0599999999998,10,279.31999999999977,2opt,notBad
7756,10,280.0599999999998,10,279.31999999999977,2opt,notBad
7757,10,280.0599999999998,10,279.31999999999977,2opt,notBad
7758,10,280.0599999999998,10,279.31999999999977,2opt,notBad
7759,10,280.0599999999998,10,279.31999999999977,move,improve
7760,10,280.0599999999998,10,279.31999999999977,2opt,notBad
7761,10,280.0599999999998,10,279.31999999999977,swap,notBad
7762,10,280.0599999999998,10,279.31999999999977,move,notBad
7763,10,280.0599999999998,10,279.31999999999977,swap,notBad
7764,10,280.0599999999998,10,279.31999999999977,2opt,notBad
7765,10,280.0599999999998,10,279.31999999999977,2opt,notBad
7766,10,280.0599999999998,10,279.31999999999977,2opt,notBad
7767,10,280.0599999999998,10,279.31999999999977,2opt,notBad
7768,10,280.0599999999998,10,279.31999999999977,swap,notBad
7769,10,280.0599999999998,10,279.31999999999977,swap,notBad
7770,10,280.0599999999998,10,279.31999999999977,2opt,notBad
7771,10,280.0599999999998,10,279.31999999999977,swap,notBad
7772,10,280.0599999999998,10,279.31999999999977,2opt,notBad
7773,10,280.0599999999998,10,279.31999999999977,2opt,notBad
7774,10,280.0599999999998,10,279.31999999999977,2opt,notBad
7775,10,280.0599999999998,10,279.31999999999977,swap,notBad
7776,10,280.0599999999998,10,279.31999999999977,2opt,notBad
7777,10,280.0599999999998,10,279.31999999999977,2opt,notBad
7778,10,280.0599999999998,10,279.31999999999977,swap,notBad
7779,10,280.0599999999998,10,279.31999999999977,move,improve
7780,10,280.0599999999998,10,279.31999999999977,swap,notBad
7781,10,280.0599999999998,10,279.31999999999977,move,improve
7782,10,280.0599999999998,10,279.31999999999977,swap,notBad
7783,10,280.0599999999998,10,279.31999999999977,2opt,notBad
7784,10,280.0599999999998,10,279.31999999999977,2opt,notBad
7785,10,280.0599999999998,10,279.31999999999977,swap,notBad
7786,10,280.0599999999998,10,279.31999999999977,2opt,notBad
7787,10,280.0599999999998,10,279.31999999999977,2opt,notBad
7788,10,280.0599999999998,10,279.31999999999977,move,improve
7789,10,280.0599999999998,10,279.31999999999977,move,improve
7790,10,280.0599999999998,10,279.31999999999977,move,improve
7791,10,280.0599999999998,10,279.31999999999977,swap,notBad
7792,10,280.0599999999998,10,279.31999999999977,2opt,notBad
7793,10,280.0599999999998,10,279.31999999999977,2opt,notBad
7794,10,280.0599999999998,10,279.31999999999977,2opt,notBad
7795,10,280.0599999999998,10,279.31999999999977,move,improve
7796,10,280.0599999999998,10,279.31999999999977,2opt,improve
7797,10,280.0599999999998,10,279.31999999999977,move,improve
7798,10,280.0599999999998,10,279.31999999999977,swap,notBad
7799,10,280.0599999999998,10,279.31999999999977,swap,notBad
7800,10,280.0599999999998,10,279.31999999999977,swap,notBad
7801,10,280.0599999999998,10,279.31999999999977,2opt,notBad
7802,10,281.67999999999984,10,279.31999999999977,swap,acceptBad
7803,10,281.67999999999984,10,279.31999999999977,swap,notBad
7804,10,281.67999999999984,10,279.31999999999977,2opt,notBad
7805,10,281.67999999999984,10,279.31999999999977,move,improve
7806,10,281.67999999999984,10,279.31999999999977,2opt,notBad
7807,10,281.67999999999984,10,279.31999999999977,swap,notBad
7808,10,281.67999999999984,10,279.31999999999977,move,improve
7809,10,281.67999999999984,10,279.31999999999977,2opt,notBad
7810,10,281.67999999999984,10,279.31999999999977,move,improve
7811,10,281.67999999999984,10,279.31999999999977,2opt,notBad
7812,10,281.67999999999984,10,279.31999999999977,2opt,notBad
7813,10,281.67999999999984,10,279.31999999999977,2opt,notBad
7814,10,281.67999999999984,10,279.31999999999977,move,improve
7815,10,281.67999999999984,10,279.31999999999977,2opt,notBad
7816,10,281.67999999999984,10,279.31999999999977,2opt,notBad
7817,10,281.67999999999984,10,279.31999999999977,2opt,improve
7818,10,281.67999999999984,10,279.31999999999977,2opt,notBad
7819,10,281.67999999999984,10,279.31999999999977,2opt,notBad
7820,10,281.67999999999984,10,279.31999999999977,swap,notBad
7821,10,281.67999999999984,10,279.31999999999977,move,improve
7822,10,281.67999999999984,10,279.31999999999977,move,improve
7823,10,281.67999999999984,10,279.31999999999977,move,improve
7824,10,281.67999999999984,10,279.31999999999977,2opt,notBad
7825,10,281.67999999999984,10,279.31999999999977,2opt,notBad
7826,10,281.67999999999984,10,279.31999999999977,move,improve
7827,10,281.67999999999984,10,279.31999999999977,move,improve
7828,10,281.67999999999984,10,279.31999999999977,2opt,notBad
7829,10,281.67999999999984,10,279.31999999999977,2opt,notBad
7830,10,281.67999999999984,10,279.31999999999977,2opt,notBad
7831,10,281.67999999999984,10,279.31999999999977,move,improve
7832,10,281.67999999999984,10,279.31999999999977,move,improve
7833,10,281.67999999999984,10,279.31999999999977,move,improve
7834,10,281.67999999999984,10,279.31999999999977,2opt,notBad
7835,10,281.67999999999984,10,279.31999999999977,swap,notBad
7836,10,281.67999999999984,10,279.31999999999977,2opt,notBad
7837,10,281.67999999999984,10,279.31999999999977,move,notBad
7838,10,281.67999999999984,10,279.31999999999977,swap,notBad
7839,10,281.67999999999984,10,279.31999999999977,2opt,notBad
7840,10,281.67999999999984,10,279.31999999999977,move,notBad
7841,10,281.67999999999984,10,279.31999999999977,swap,notBad
7842,10,281.67999999999984,10,279.31999999999977,swap,notBad
7843,10,281.67999999999984,10,279.31999999999977,swap,notBad
7844,10,281.67999999999984,10,279.31999999999977,2opt,notBad
7845,10,281.67999999999984,10,279.31999999999977,2opt,notBad
7846,10,281.67999999999984,10,279.31999999999977,2opt,notBad
7847,10,281.67999999999984,10,279.31999999999977,swap,notBad
7848,10,281.67999999999984,10,279.31999999999977,swap,notBad
7849,10,281.67999999999984,10,279.31999999999977,swap,notBad
7850,10,281.67999999999984,10,279.31999999999977,swap,notBad
7851,10,281.67999999999984,10,279.31999999999977,move,improve
7852,10,281.67999999999984,10,279.31999999999977,move,improve
7853,10,281.67999999999984,10,279.31999999999977,move,improve
7854,10,281.67999999999984,10,279.31999999999977,swap,notBad
7855,10,281.67999999999984,10,279.31999999999977,swap,notBad
7856,10,281.67999999999984,10,279.31999999999977,swap,notBad
7857,10,281.67999999999984,10,279.31999999999977,move,improve
7858,10,281.67999999999984,10,279.31999999999977,2opt,notBad
7859,10,281.67999999999984,10,279.31999999999977,swap,notBad
7860,10,281.67999999999984,10,279.31999999999977,swap,notBad
7861,10,281.67999999999984,10,279.31999999999977,swap,notBad
7862,10,281.67999999999984,10,279.31999999999977,2opt,notBad
7863,10,281.67999999999984,10,279.31999999999977,swap,notBad
7864,10,281.67999999999984,10,279.31999999999977,move,improve
7865,10,281.67999999999984,10,279.31999999999977,2opt,improve
7866,10,281.67999999999984,10,279.31999999999977,swap,notBad
7867,10,281.67999999999984,10,279.31999999999977,2opt,notBad
7868,10,281.67999999999984,10,279.31999999999977,move,improve
7869,10,281.67999999999984,10,279.31999999999977,2opt,improve
7870,10,281.67999999999984,10,279.31999999999977,swap,notBad
7871,10,281.67999999999984,10,279.31999999999977,move,improve
7872,10,281.67999999999984,10,279.31999999999977,2opt,notBad
7873,10,281.67999999999984,10,279.31999999999977,2opt,notBad
7874,10,281.67999999999984,10,279.31999999999977,2opt,notBad
7875,10,281.67999999999984,10,279.31999999999977,swap,notBad
7876,10,281.67999999999984,10,279.31999999999977,2opt,notBad
7877,10,281.67999999999984,10,279.31999999999977,2opt,notBad
7878,10,281.67999999999984,10,279.31999999999977,swap,notBad
7879,10,281.67999999999984,10,279.31999999999977,swap,notBad
7880,10,281.67999999999984,10,279.31999999999977,swap,notBad
7881,10,281.67999999999984,10,279.31999999999977,2opt,notBad
7882,10,281.67999999999984,10,279.31999999999977,move,improve
7883,10,281.67999999999984,10,279.31999999999977,swap,notBad
7884,10,281.67999999999984,10,279.31999999999977,move,improve
7885,10,281.67999999999984,10,279.31999999999977,swap,notBad
7886,10,281.63999999999976,10,279.31999999999977,move,improve
7887,10,281.63999999999976,10,279.31999999999977,move,improve
7888,10,281.63999999999976,10,279.31999999999977,swap,notBad
7889,10,281.63999999999976,10,279.31999999999977,2opt,notBad
7890,10,281.63999999999976,10,279.31999999999977,2opt,notBad
7891,10,281.63999999999976,10,279.31999999999977,2opt,notBad
7892,10,281.63999999999976,10,279.31999999999977,swap,notBad
7893,10,281.63999999999976,10,279.31999999999977,2opt,notBad
7894,10,281.63999999999976,10,279.31999999999977,move,improve
7895,10,281.63999999999976,10,279.31999999999977,2opt,notBad
7896,10,281.63999999999976,10,279.31999999999977,2opt,notBad
7897,10,281.63999999999976,10,279.31999999999977,swap,notBad
7898,10,281.63999999999976,10,279.31999999999977,2opt,notBad
7899,10,281.63999999999976,10,279.31999999999977,move,improve
7900,10,281.63999999999976,10,279.31999999999977,2opt,notBad
7901,10,281.63999999999976,10,279.31999999999977,2opt,notBad
7902,10,281.63999999999976,10,279.31999999999977,move,improve
7903,10,281.63999999999976,10,279.31999999999977,2opt,notBad
7904,10,281.63999999999976,10,279.31999999999977,swap,notBad
7905,10,281.63999999999976,10,279.31999999999977,swap,notBad
7906,10,281.63999999999976,10,279.31999999999977,swap,notBad
7907,10,281.63999999999976,10,279.31999999999977,swap,notBad
7908,10,281.63999999999976,10,279.31999999999977,2opt,notBad
7909,10,281.63999999999976,10,279.31999999999977,2opt,notBad
7910,10,281.63999999999976,10,279.31999999999977,swap,notBad
7911,10,281.63999999999976,10,279.31999999999977,swap,notBad
7912,10,281.63999999999976,10,279.31999999999977,2opt,notBad
7913,10,281.63999999999976,10,279.31999999999977,swap,notBad
7914,10,281.63999999999976,10,279.31999999999977,2opt,notBad
7915,10,281.63999999999976,10,279.31999999999977,move,improve
7916,10,281.63999999999976,10,279.31999999999977,2opt,notBad
7917,10,281.63999999999976,10,279.31999999999977,move,improve
7918,10,281.63999999999976,10,279.31999999999977,move,improve
7919,10,280.8199999999997,10,279.31999999999977,swap,improve
7920,10,280.8199999999997,10,279.31999999999977,move,improve
7921,10,280.8199999999997,10,279.31999999999977,swap,notBad
7922,10,280.8199999999997,10,279.31999999999977,move,improve
7923,10,280.8199999999997,10,279.31999999999977,2opt,notBad
7924,10,280.8199999999997,10,279.31999999999977,move,improve
7925,10,280.8199999999997,10,279.31999999999977,swap,notBad
7926,10,280.8199999999997,10,279.31999999999977,move,improve
7927,10,280.8199999999997,10,279.31999999999977,2opt,notBad
7928,10,280.8199999999997,10,279.31999999999977,2opt,notBad
7929,10,280.8199999999997,10,279.31999999999977,swap,notBad
7930,10,280.8199999999997,10,279.31999999999977,swap,notBad
7931,10,280.8199999999997,10,279.31999999999977,move,notBad
7932,10,280.8199999999997,10,279.31999999999977,swap,notBad
7933,10,280.8199999999997,10,279.31999999999977,move,improve
7934,10,280.8199999999997,10,279.31999999999977,2opt,notBad
7935,10,280.8199999999997,10,279.31999999999977,2opt,notBad
7936,10,280.8199999999997,10,279.31999999999977,move,improve
7937,10,280.8199999999997,10,279.31999999999977,move,improve
7938,10,280.8199999999997,10,279.31999999999977,move,improve
7939,10,280.8199999999997,10,279.31999999999977,2opt,notBad
7940,10,280.8199999999997,10,279.31999999999977,swap,notBad
7941,10,280.8199999999997,10,279.31999999999977,move,improve
7942,10,280.8199999999997,10,279.31999999999977,move,improve
7943,10,280.8199999999997,10,279.31999999999977,2opt,notBad
7944,10,280.8199999999997,10,279.31999999999977,swap,notBad
7945,10,280.8199999999997,10,279.31999999999977,2opt,notBad
7946,10,280.8199999999997,10,279.31999999999977,move,improve
7947,10,280.8199999999997,10,279.31999999999977,move,improve
7948,10,280.8199999999997,10,279.31999999999977,2opt,notBad
7949,10,280.8199999999997,10,279.31999999999977,move,improve
7950,10,280.8199999999997,10,279.31999999999977,2opt,notBad
7951,10,280.8199999999997,10,279.31999999999977,2opt,notBad
7952,10,280.8199999999997,10,279.31999999999977,2opt,notBad
7953,10,280.8199999999997,10,279.31999999999977,swap,notBad
7954,10,280.8199999999997,10,279.31999999999977,swap,notBad
7955,10,280.8199999999997,10,279.31999999999977,2opt,notBad
7956,10,280.8199999999997,10,279.31999999999977,swap,notBad
7957,10,280.8199999999997,10,279.31999999999977,2opt,notBad
7958,10,280.8199999999997,10,279.31999999999977,move,improve
7959,10,282.14000000000027,10,279.31999999999977,swap,acceptBad
7960,10,282.14000000000027,10,279.31999999999977,move,improve
7961,10,282.14000000000027,10,279.31999999999977,2opt,notBad
7962,10,282.14000000000027,10,279.31999999999977,swap,notBad
7963,10,282.14000000000027,10,279.31999999999977,2opt,notBad
7964,10,282.14000000000027,10,279.31999999999977,swap,notBad
7965,10,282.14000000000027,10,279.31999999999977,move,improve
7966,10,282.14000000000027,10,279.31999999999977,2opt,notBad
7967,10,282.14000000000027,10,279.31999999999977,swap,notBad
7968,10,282.14000000000027,10,279.31999999999977,move,improve
7969,10,282.14000000000027,10,279.31999999999977,swap,notBad
7970,10,282.14000000000027,10,279.31999999999977,2opt,notBad
7971,10,282.14000000000027,10,279.31999999999977,swap,notBad
7972,10,282.14000000000027,10,279.31999999999977,swap,notBad
7973,10,282.14000000000027,10,279.31999999999977,2opt,notBad
7974,10,282.14000000000027,10,279.31999999999977,swap,notBad
7975,10,282.14000000000027,10,279.31999999999977,2opt,notBad
7976,10,282.14000000000027,10,279.31999999999977,swap,notBad
7977,10,282.14000000000027,10,279.31999999999977,move,improve
7978,10,282.14000000000027,10,279.31999999999977,move,improve
7979,10,282.14000000000027,10,279.31999999999977,move,improve
7980,10,282.14000000000027,10,279.31999999999977,move,improve
7981,10,282.14000000000027,10,279.31999999999977,2opt,notBad
7982,10,281.60000000000076,10,279.31999999999977,move,improve
7983,10,281.60000000000076,10,279.31999999999977,2opt,notBad
7984,10,281.60000000000076,10,279.31999999999977,2opt,notBad
7985,10,281.60000000000076,10,279.31999999999977,move,improve
7986,10,281.60000000000076,10,279.31999999999977,swap,notBad
7987,10,281.60000000000076,10,279.31999999999977,move,improve
7988,10,281.60000000000076,10,279.31999999999977,swap,notBad
7989,10,281.60000000000076,10,279.31999999999977,2opt,improve
7990,10,280.98000000000076,10,279.31999999999977,swap,improve
7991,10,280.98000000000076,10,279.31999999999977,move,improve
7992,10,280.98000000000076,10,279.31999999999977,move,improve
7993,10,280.98000000000076,10,279.31999999999977,swap,notBad
7994,10,280.98000000000076,10,279.31999999999977,move,improve
7995,10,280.98000000000076,10,279.31999999999977,2opt,improve
7996,10,280.98000000000076,10,279.31999999999977,swap,notBad
7997,10,280.98000000000076,10,279.31999999999977,2opt,notBad
7998,10,280.98000000000076,10,279.31999999999977,2opt,notBad
7999,10,280.98000000000076,10,279.31999999999977,move,notBad
8000,10,280.98000000000076,10,279.31999999999977,2opt,notBad
8001,10,280.98000000000076,10,279.31999999999977,move,improve
8002,10,280.98000000000076,10,279.31999999999977,2opt,notBad
8003,10,280.98000000000076,10,279.31999999999977,move,improve
8004,10,280.98000000000076,10,279.31999999999977,swap,notBad
8005,10,280.98000000000076,10,279.31999999999977,swap,notBad
8006,10,280.98000000000076,10,279.31999999999977,2opt,notBad
8007,10,280.98000000000076,10,279.31999999999977,swap,notBad
8008,10,280.98000000000076,10,279.31999999999977,swap,notBad
8009,10,280.98000000000076,10,279.31999999999977,2opt,notBad
8010,10,280.98000000000076,10,279.31999999999977,swap,notBad
8011,10,280.98000000000076,10,279.31999999999977,2opt,notBad
8012,10,280.98000000000076,10,279.31999999999977,swap,notBad
8013,10,280.98000000000076,10,279.31999999999977,swap,notBad
8014,10,280.98000000000076,10,279.31999999999977,move,improve
8015,10,280.98000000000076,10,279.31999999999977,move,improve
8016,10,280.98000000000076,10,279.31999999999977,move,improve
8017,10,280.98000000000076,10,279.31999999999977,move,improve
8018,10,280.98000000000076,10,279.31999999999977,swap,notBad
8019,10,280.98000000000025,10,279.31999999999977,move,improve
8020,10,280.98000000000025,10,279.31999999999977,swap,notBad
8021,10,280.98000000000025,10,279.31999999999977,swap,notBad
8022,10,280.98000000000025,10,279.31999999999977,move,improve
8023,10,280.98000000000025,10,279.31999999999977,2opt,notBad
8024,10,280.98000000000025,10,279.31999999999977,move,improve
8025,10,280.98000000000025,10,279.31999999999977,swap,notBad
8026,10,280.98000000000025,10,279.31999999999977,swap,notBad
8027,10,280.98000000000025,10,279.31999999999977,2opt,notBad
8028,10,280.98000000000025,10,279.31999999999977,swap,notBad
8029,10,280.98000000000025,10,279.31999999999977,swap,notBad
8030,10,280.98000000000025,10,279.31999999999977,2opt,notBad
8031,10,280.98000000000025,10,279.31999999999977,move,improve
8032,10,280.98000000000025,10,279.31999999999977,swap,notBad
8033,10,280.98000000000025,10,279.31999999999977,2opt,notBad
8034,10,280.98000000000025,10,279.31999999999977,move,improve
8035,10,280.98000000000025,10,279.31999999999977,swap,notBad
8036,10,280.98000000000025,10,279.31999999999977,swap,notBad
8037,10,280.98000000000025,10,279.31999999999977,swap,notBad
8038,10,280.98000000000025,10,279.31999999999977,move,improve
8039,10,280.98000000000025,10,279.31999999999977,swap,notBad
8040,10,280.98000000000025,10,279.31999999999977,2opt,notBad
8041,10,280.98000000000025,10,279.31999999999977,2opt,notBad
8042,10,280.98000000000025,10,279.31999999999977,swap,notBad
8043,10,280.98000000000025,10,279.31999999999977,2opt,notBad
8044,10,280.98000000000025,10,279.31999999999977,2opt,notBad
8045,10,280.98000000000025,10,279.31999999999977,2opt,improve
8046,10,280.98000000000025,10,279.31999999999977,move,improve
8047,10,280.98000000000025,10,279.31999999999977,2opt,notBad
8048,10,280.98000000000025,10,279.31999999999977,2opt,notBad
8049,10,280.98000000000025,10,279.31999999999977,move,improve
8050,10,280.98000000000025,10,279.31999999999977,move,improve
8051,10,280.98000000000025,10,279.31999999999977,move,improve
8052,10,280.98000000000025,10,279.31999999999977,swap,notBad
8053,10,280.98000000000025,10,279.31999999999977,move,improve
8054,10,280.98000000000025,10,279.31999999999977,2opt,notBad
8055,10,280.98000000000025,10,279.31999999999977,swap,notBad
8056,10,280.98000000000025,10,279.31999999999977,2opt,notBad
8057,10,280.98000000000025,10,279.31999999999977,swap,notBad
8058,10,280.98000000000025,10,279.31999999999977,swap,notBad
8059,10,280.98000000000025,10,279.31999999999977,swap,notBad
8060,10,280.98000000000025,10,279.31999999999977,swap,notBad
8061,10,280.98000000000025,10,279.31999999999977,swap,notBad
8062,10,280.98000000000025,10,279.31999999999977,move,improve
8063,10,280.98000000000025,10,279.31999999999977,swap,notBad
8064,10,280.98000000000025,10,279.31999999999977,move,improve
8065,10,280.98000000000025,10,279.31999999999977,move,improve
8066,10,280.98000000000025,10,279.31999999999977,2opt,notBad
8067,10,282.1599999999992,10,279.31999999999977,swap,acceptBad
8068,10,282.1599999999992,10,279.31999999999977,swap,notBad
8069,10,282.1599999999992,10,279.31999999999977,move,improve
8070,10,282.1599999999992,10,279.31999999999977,swap,notBad
8071,10,282.1599999999992,10,279.31999999999977,2opt,notBad
8072,10,282.1599999999992,10,279.31999999999977,swap,notBad
8073,10,282.1599999999992,10,279.31999999999977,2opt,improve
8074,10,282.1599999999992,10,279.31999999999977,move,improve
8075,10,282.1599999999992,10,279.31999999999977,2opt,notBad
8076,10,280.71999999999935,10,279.31999999999977,swap,improve
8077,10,280.71999999999935,10,279.31999999999977,2opt,notBad
8078,10,280.71999999999935,10,279.31999999999977,2opt,notBad
8079,10,280.71999999999935,10,279.31999999999977,swap,notBad
8080,10,280.71999999999935,10,279.31999999999977,move,improve
8081,10,280.71999999999935,10,279.31999999999977,swap,notBad
8082,10,280.71999999999935,10,279.31999999999977,move,improve
8083,10,280.71999999999935,10,279.31999999999977,move,improve
8084,10,280.71999999999935,10,279.31999999999977,2opt,notBad
8085,10,280.71999999999935,10,279.31999999999977,2opt,notBad
8086,10,280.71999999999935,10,279.31999999999977,swap,notBad
8087,10,280.71999999999935,10,279.31999999999977,swap,notBad
8088,10,280.71999999999935,10,279.31999999999977,move,improve
8089,10,280.71999999999935,10,279.31999999999977,2opt,notBad
8090,10,280.71999999999935,10,279.31999999999977,swap,notBad
8091,10,280.71999999999935,10,279.31999999999977,move,improve
8092,10,280.71999999999935,10,279.31999999999977,2opt,notBad
8093,10,280.71999999999935,10,279.31999999999977,swap,notBad
8094,10,280.71999999999935,10,279.31999999999977,move,improve
8095,10,280.71999999999935,10,279.31999999999977,2opt,improve
8096,10,280.71999999999935,10,279.31999999999977,2opt,notBad
8097,10,280.71999999999935,10,279.31999999999977,swap,notBad
8098,10,280.71999999999935,10,279.31999999999977,move,improve
8099,10,280.71999999999935,10,279.31999999999977,2opt,notBad
8100,10,280.71999999999935,10,279.31999999999977,swap,notBad
8101,10,280.71999999999935,10,279.31999999999977,2opt,notBad
8102,10,280.71999999999935,10,279.31999999999977,swap,notBad
8103,10,280.71999999999935,10,279.31999999999977,move,improve
8104,10,280.71999999999935,10,279.31999999999977,swap,notBad
8105,10,280.71999999999935,10,279.31999999999977,move,improve
8106,10,280.71999999999935,10,279.31999999999977,swap,notBad
8107,10,280.71999999999935,10,279.31999999999977,swap,notBad
8108,10,280.71999999999935,10,279.31999999999977,move,improve
8109,10,279.95999999999935,10,279.31999999999977,move,improve
8110,10,279.95999999999935,10,279.31999999999977,swap,notBad
8111,10,279.95999999999935,10,279.31999999999977,2opt,notBad
8112,10,279.95999999999935,10,279.31999999999977,swap,notBad
8113,10,279.95999999999935,10,279.31999999999977,2opt,notBad
8114,10,279.95999999999935,10,279.31999999999977,2opt,improve
8115,10,279.95999999999935,10,279.31999999999977,swap,notBad
8116,10,279.95999999999935,10,279.31999999999977,2opt,notBad
8117,10,279.95999999999935,10,279.31999999999977,move,improve
8118,10,279.95999999999935,10,279.31999999999977,2opt,notBad
8119,10,279.95999999999935,10,279.31999999999977,2opt,notBad
8120,10,279.95999999999935,10,279.31999999999977,2opt,notBad
8121,10,279.95999999999935,10,279.31999999999977,2opt,improve
8122,10,279.95999999999935,10,279.31999999999977,move,notBad
8123,10,279.95999999999935,10,279.31999999999977,swap,notBad
8124,10,279.95999999999935,10,279.31999999999977,move,improve
8125,10,279.95999999999935,10,279.31999999999977,swap,notBad
8126,10,279.95999999999935,10,279.31999999999977,swap,notBad
8127,10,279.95999999999935,10,279.31999999999977,2opt,improve
8128,10,279.95999999999935,10,279.31999999999977,move,improve
8129,10,279.95999999999935,10,279.31999999999977,swap,notBad
8130,10,279.95999999999935,10,279.31999999999977,2opt,notBad
8131,10,279.95999999999935,10,279.31999999999977,move,improve
8132,10,279.91999999999933,10,279.31999999999977,move,improve
8133,10,279.91999999999933,10,279.31999999999977,move,improve
8134,10,279.91999999999933,10,279.31999999999977,swap,notBad
8135,10,279.91999999999933,10,279.31999999999977,move,improve
8136,10,279.91999999999933,10,279.31999999999977,move,improve
8137,10,279.91999999999933,10,279.31999999999977,move,improve
8138,10,279.91999999999933,10,279.31999999999977,2opt,notBad
8139,10,279.91999999999933,10,279.31999999999977,swap,notBad
8140,10,279.91999999999933,10,279.31999999999977,move,improve
8141,10,279.91999999999933,10,279.31999999999977,swap,notBad
8142,10,279.91999999999933,10,279.31999999999977,2opt,notBad
8143,10,279.91999999999933,10,279.31999999999977,swap,notBad
8144,10,279.91999999999933,10,279.31999999999977,move,improve
8145,10,279.91999999999933,10,279.31999999999977,2opt,notBad
8146,10,279.91999999999933,10,279.31999999999977,move,improve
8147,10,279.91999999999933,10,279.31999999999977,move,improve
8148,10,279.91999999999933,10,279.31999999999977,2opt,notBad
8149,10,279.91999999999933,10,279.31999999999977,swap,notBad
8150,10,279.91999999999933,10,279.31999999999977,swap,notBad
8151,10,279.91999999999933,10,279.31999999999977,swap,notBad
8152,10,279.91999999999933,10,279.31999999999977,swap,notBad
8153,10,279.91999999999933,10,279.31999999999977,swap,notBad
8154,10,279.91999999999933,10,279.31999999999977,move,improve
8155,10,279.91999999999933,10,279.31999999999977,swap,notBad
8156,10,279.91999999999933,10,279.31999999999977,2opt,notBad
8157,10,279.91999999999933,10,279.31999999999977,swap,notBad
8158,10,279.91999999999933,10,279.31999999999977,swap,notBad
8159,10,279.91999999999933,10,279.31999999999977,2opt,notBad
8160,10,279.91999999999933,10,279.31999999999977,move,improve
8161,10,279.91999999999933,10,279.31999999999977,move,improve
8162,10,279.91999999999933,10,279.31999999999977,2opt,notBad
8163,10,279.91999999999933,10,279.31999999999977,move,improve
8164,10,279.91999999999933,10,279.31999999999977,2opt,notBad
8165,10,279.91999999999933,10,279.31999999999977,move,improve
8166,10,279.91999999999933,10,279.31999999999977,move,improve
8167,10,279.91999999999933,10,279.31999999999977,move,improve
8168,10,279.91999999999933,10,279.31999999999977,2opt,notBad
8169,10,279.91999999999933,10,279.31999999999977,2opt,notBad
8170,10,279.91999999999933,10,279.31999999999977,2opt,notBad
8171,10,279.91999999999933,10,279.31999999999977,move,improve
8172,10,279.91999999999933,10,279.31999999999977,move,improve
8173,10,279.91999999999933,10,279.31999999999977,swap,notBad
8174,10,279.91999999999933,10,279.31999999999977,swap,notBad
8175,10,279.91999999999933,10,279.31999999999977,swap,notBad
8176,10,279.91999999999933,10,279.31999999999977,move,improve
8177,10,279.91999999999933,10,279.31999999999977,move,improve
8178,10,279.91999999999933,10,279.31999999999977,2opt,notBad
8179,10,279.91999999999933,10,279.31999999999977,2opt,notBad
8180,10,279.91999999999933,10,279.31999999999977,2opt,notBad
8181,10,279.91999999999933,10,279.31999999999977,move,improve
8182,10,279.91999999999933,10,279.31999999999977,2opt,notBad
8183,10,279.91999999999933,10,279.31999999999977,swap,notBad
8184,10,279.91999999999933,10,279.31999999999977,2opt,notBad
8185,10,279.91999999999933,10,279.31999999999977,swap,notBad
8186,10,279.91999999999933,10,279.31999999999977,2opt,notBad
8187,10,279.91999999999933,10,279.31999999999977,swap,notBad
8188,10,279.91999999999933,10,279.31999999999977,swap,notBad
8189,10,279.91999999999933,10,279.31999999999977,move,improve
8190,10,279.91999999999933,10,279.31999999999977,move,improve
8191,10,279.91999999999933,10,279.31999999999977,2opt,improve
8192,10,279.91999999999933,10,279.31999999999977,2opt,notBad
8193,10,279.91999999999933,10,279.31999999999977,2opt,notBad
8194,10,279.91999999999933,10,279.31999999999977,move,improve
8195,10,279.91999999999933,10,279.31999999999977,swap,notBad
8196,10,279.91999999999933,10,279.31999999999977,move,improve
8197,10,279.91999999999933,10,279.31999999999977,move,improve
8198,10,279.91999999999933,10,279.31999999999977,move,improve
8199,10,279.91999999999933,10,279.31999999999977,move,improve
8200,10,279.91999999999933,10,279.31999999999977,swap,notBad
8201,10,279.91999999999933,10,279.31999999999977,2opt,notBad
8202,10,279.91999999999933,10,279.31999999999977,move,improve
8203,10,279.91999999999933,10,279.31999999999977,2opt,notBad
8204,10,279.91999999999933,10,279.31999999999977,swap,notBad
8205,10,279.91999999999933,10,279.31999999999977,move,improve
8206,10,279.91999999999933,10,279.31999999999977,2opt,notBad
8207,10,279.91999999999933,10,279.31999999999977,2opt,notBad
8208,10,279.91999999999933,10,279.31999999999977,move,improve
8209,10,279.91999999999933,10,279.31999999999977,move,improve
8210,10,279.91999999999933,10,279.31999999999977,move,improve
8211,10,279.91999999999933,10,279.31999999999977,swap,notBad
8212,10,279.91999999999933,10,279.31999999999977,move,improve
8213,10,279.91999999999933,10,279.31999999999977,2opt,notBad
8214,10,279.91999999999933,10,279.31999999999977,move,improve
8215,10,279.91999999999933,10,279.31999999999977,2opt,notBad
8216,10,279.91999999999933,10,279.31999999999977,move,improve
8217,10,279.91999999999933,10,279.31999999999977,swap,notBad
8218,10,279.91999999999933,10,279.31999999999977,2opt,notBad
8219,10,279.91999999999933,10,279.31999999999977,move,improve
8220,10,279.91999999999933,10,279.31999999999977,2opt,notBad
8221,10,279.91999999999933,10,279.31999999999977,swap,notBad
8222,10,279.91999999999933,10,279.31999999999977,2opt,notBad
8223,10,279.91999999999933,10,279.31999999999977,swap,notBad
8224,10,279.91999999999933,10,279.31999999999977,2opt,notBad
8225,10,279.91999999999933,10,279.31999999999977,swap,notBad
8226,10,279.91999999999933,10,279.31999999999977,swap,notBad
8227,10,279.91999999999933,10,279.31999999999977,2opt,notBad
8228,10,279.91999999999933,10,279.31999999999977,move,improve
8229,10,279.91999999999933,10,279.31999999999977,swap,notBad
8230,10,279.91999999999933,10,279.31999999999977,move,improve
8231,10,279.91999999999933,10,279.31999999999977,2opt,notBad
8232,10,279.91999999999933,10,279.31999999999977,swap,notBad
8233,10,279.91999999999933,10,279.31999999999977,swap,notBad
8234,10,279.91999999999933,10,279.31999999999977,2opt,notBad
8235,10,279.91999999999933,10,279.31999999999977,move,improve
8236,10,279.91999999999933,10,279.31999999999977,move,improve
8237,10,279.91999999999933,10,279.31999999999977,move,improve
8238,10,279.91999999999933,10,279.31999999999977,swap,notBad
8239,10,279.91999999999933,10,279.31999999999977,2opt,notBad
8240,10,279.91999999999933,10,279.31999999999977,move,improve
8241,10,279.91999999999933,10,279.31999999999977,move,improve
8242,10,279.91999999999933,10,279.31999999999977,move,improve
8243,10,279.91999999999933,10,279.31999999999977,2opt,notBad
8244,10,279.91999999999933,10,279.31999999999977,swap,notBad
8245,10,279.91999999999933,10,279.31999999999977,move,improve
8246,10,279.91999999999933,10,279.31999999999977,swap,notBad
8247,10,279.91999999999933,10,279.31999999999977,swap,notBad
8248,10,279.91999999999933,10,279.31999999999977,swap,notBad
8249,10,279.91999999999933,10,279.31999999999977,swap,notBad
8250,10,279.91999999999933,10,279.31999999999977,move,improve
8251,10,279.91999999999933,10,279.31999999999977,move,improve
8252,10,279.91999999999933,10,279.31999999999977,move,improve
8253,10,279.91999999999933,10,279.31999999999977,swap,notBad
8254,10,279.91999999999933,10,279.31999999999977,swap,notBad
8255,10,279.91999999999933,10,279.31999999999977,swap,notBad
8256,10,279.91999999999933,10,279.31999999999977,move,improve
8257,10,279.91999999999933,10,279.31999999999977,move,improve
8258,10,279.91999999999933,10,279.31999999999977,move,improve
8259,10,279.91999999999933,10,279.31999999999977,swap,notBad
8260,10,279.91999999999933,10,279.31999999999977,2opt,notBad
8261,10,279.91999999999933,10,279.31999999999977,2opt,notBad
8262,10,279.91999999999933,10,279.31999999999977,move,improve
8263,10,279.91999999999933,10,279.31999999999977,move,improve
8264,10,279.91999999999933,10,279.31999999999977,move,improve
8265,10,279.91999999999933,10,279.31999999999977,swap,notBad
8266,10,279.91999999999933,10,279.31999999999977,swap,notBad
8267,10,279.91999999999933,10,279.31999999999977,move,improve
8268,10,279.91999999999933,10,279.31999999999977,move,improve
8269,10,279.91999999999933,10,279.31999999999977,2opt,notBad
8270,10,279.91999999999933,10,279.31999999999977,swap,notBad
8271,10,279.91999999999933,10,279.31999999999977,move,improve
8272,10,279.91999999999933,10,279.31999999999977,move,improve
8273,10,279.91999999999933,10,279.31999999999977,2opt,improve
8274,10,279.91999999999933,10,279.31999999999977,2opt,notBad
8275,10,279.91999999999933,10,279.31999999999977,swap,notBad
8276,10,279.91999999999933,10,279.31999999999977,swap,notBad
8277,10,279.91999999999933,10,279.31999999999977,move,improve
8278,10,279.91999999999933,10,279.31999999999977,2opt,notBad
8279,10,279.91999999999933,10,279.31999999999977,2opt,notBad
8280,10,279.91999999999933,10,279.31999999999977,2opt,notBad
8281,10,279.91999999999933,10,279.31999999999977,2opt,notBad
8282,10,279.91999999999933,10,279.31999999999977,move,improve
8283,10,279.91999999999933,10,279.31999999999977,move,improve
8284,10,279.91999999999933,10,279.31999999999977,move,improve
8285,10,279.91999999999933,10,279.31999999999977,move,improve
8286,10,279.91999999999933,10,279.31999999999977,move,improve
8287,10,279.91999999999933,10,279.31999999999977,2opt,notBad
8288,10,279.91999999999933,10,279.31999999999977,swap,notBad
8289,10,281.19999999999936,10,279.31999999999977,swap,acceptBad
8290,10,281.19999999999936,10,279.31999999999977,2opt,notBad
8291,10,281.19999999999936,10,279.31999999999977,2opt,notBad
8292,10,281.19999999999936,10,279.31999999999977,2opt,notBad
8293,10,281.19999999999936,10,279.31999999999977,2opt,notBad
8294,10,281.19999999999936,10,279.31999999999977,2opt,notBad
8295,10,281.19999999999936,10,279.31999999999977,2opt,notBad
8296,10,281.19999999999936,10,279.31999999999977,swap,notBad
8297,10,281.19999999999936,10,279.31999999999977,2opt,notBad
8298,10,281.19999999999936,10,279.31999999999977,move,improve
8299,10,281.19999999999936,10,279.31999999999977,move,improve
8300,10,281.19999999999936,10,279.31999999999977,move,improve
8301,10,281.19999999999936,10,279.31999999999977,2opt,notBad
8302,10,281.19999999999936,10,279.31999999999977,2opt,notBad
8303,10,281.19999999999936,10,279.31999999999977,move,improve
8304,10,281.19999999999936,10,279.31999999999977,2opt,notBad
8305,10,281.19999999999936,10,279.31999999999977,swap,notBad
8306,10,281.19999999999936,10,279.31999999999977,swap,notBad
8307,10,281.19999999999936,10,279.31999999999977,2opt,notBad
8308,10,281.19999999999936,10,279.31999999999977,swap,notBad
8309,10,281.19999999999936,10,279.31999999999977,move,improve
8310,10,281.19999999999936,10,279.31999999999977,swap,notBad
8311,10,281.19999999999936,10,279.31999999999977,2opt,notBad
8312,10,281.19999999999936,10,279.31999999999977,2opt,notBad
8313,10,281.19999999999936,10,279.31999999999977,swap,notBad
8314,10,281.19999999999936,10,279.31999999999977,2opt,improve
8315,10,281.19999999999936,10,279.31999999999977,swap,notBad
8316,10,281.19999999999936,10,279.31999999999977,2opt,notBad
8317,10,281.19999999999936,10,279.31999999999977,move,improve
8318,10,281.19999999999936,10,279.31999999999977,move,improve
8319,10,281.19999999999936,10,279.31999999999977,2opt,notBad
8320,10,281.19999999999936,10,279.31999999999977,2opt,notBad
8321,10,281.19999999999936,10,279.31999999999977,2opt,notBad
8322,10,281.19999999999936,10,279.31999999999977,move,improve
8323,10,281.19999999999936,10,279.31999999999977,2opt,notBad
8324,10,281.19999999999936,10,279.31999999999977,move,improve
8325,10,281.19999999999936,10,279.31999999999977,2opt,notBad
8326,10,281.19999999999936,10,279.31999999999977,move,improve
8327,10,281.19999999999936,10,279.31999999999977,swap,notBad
8328,10,281.19999999999936,10,279.31999999999977,2opt,notBad
8329,10,281.19999999999936,10,279.31999999999977,move,improve
8330,10,281.19999999999936,10,279.31999999999977,swap,notBad
8331,10,281.19999999999936,10,279.31999999999977,2opt,notBad
8332,10,281.19999999999936,10,279.31999999999977,swap,notBad
8333,10,281.19999999999936,10,279.31999999999977,move,improve
8334,10,281.19999999999936,10,279.31999999999977,move,improve
8335,10,281.19999999999936,10,279.31999999999977,2opt,notBad
8336,10,281.19999999999936,10,279.31999999999977,2opt,notBad
8337,10,281.19999999999936,10,279.31999999999977,2opt,notBad
8338,10,281.19999999999936,10,279.31999999999977,move,improve
8339,10,281.19999999999936,10,279.31999999999977,move,improve
8340,10,281.19999999999936,10,279.31999999999977,swap,notBad
8341,10,281.19999999999936,10,279.31999999999977,2opt,improve
8342,10,281.19999999999936,10,279.31999999999977,2opt,notBad
8343,10,281.19999999999936,10,279.31999999999977,2opt,notBad
8344,10,281.19999999999936,10,279.31999999999977,swap,notBad
8345,10,281.19999999999936,10,279.31999999999977,swap,notBad
8346,10,281.19999999999936,10,279.31999999999977,move,improve
8347,10,281.19999999999936,10,279.31999999999977,move,improve
8348,10,281.19999999999936,10,279.31999999999977,2opt,notBad
8349,10,281.19999999999936,10,279.31999999999977,move,improve
8350,10,281.19999999999936,10,279.31999999999977,2opt,improve
8351,10,281.19999999999936,10,279.31999999999977,move,improve
8352,10,281.19999999999936,10,279.31999999999977,2opt,improve
8353,10,281.19999999999936,10,279.31999999999977,move,improve
8354,10,281.19999999999936,10,279.31999999999977,swap,notBad
8355,10,281.19999999999936,10,279.31999999999977,2opt,notBad
8356,10,281.19999999999936,10,279.31999999999977,swap,notBad
8357,10,281.19999999999936,10,279.31999999999977,2opt,notBad
8358,10,281.19999999999936,10,279.31999999999977,swap,notBad
8359,10,281.19999999999936,10,279.31999999999977,2opt,notBad
8360,10,281.19999999999936,10,279.31999999999977,move,improve
8361,10,281.19999999999936,10,279.31999999999977,swap,notBad
8362,10,281.19999999999936,10,279.31999999999977,move,improve
8363,10,281.19999999999936,10,279.31999999999977,move,improve
8364,10,281.8399999999994,10,279.31999999999977,swap,acceptBad
8365,10,281.8399999999994,10,279.31999999999977,2opt,notBad
8366,10,281.8399999999994,10,279.31999999999977,2opt,notBad
8367,10,281.8399999999994,10,279.31999999999977,swap,notBad
8368,10,281.8399999999994,10,279.31999999999977,swap,notBad
8369,10,281.8399999999994,10,279.31999999999977,move,improve
8370,10,281.8399999999994,10,279.31999999999977,move,improve
8371,10,281.8399999999994,10,279.31999999999977,swap,notBad
8372,10,281.8399999999994,10,279.31999999999977,swap,notBad
8373,10,281.8399999999994,10,279.31999999999977,swap,notBad
8374,10,281.8399999999994,10,279.31999999999977,swap,notBad
8375,10,281.8399999999994,10,279.31999999999977,swap,notBad
8376,10,281.8399999999994,10,279.31999999999977,2opt,notBad
8377,10,281.8399999999994,10,279.31999999999977,swap,notBad
8378,10,281.8399999999994,10,279.31999999999977,2opt,notBad
8379,10,282.27999999999946,10,279.31999999999977,swap,acceptBad
8380,10,280.97999999999945,10,279.31999999999977,swap,improve
8381,10,280.97999999999945,10,279.31999999999977,swap,notBad
8382,10,280.97999999999945,10,279.31999999999977,2opt,improve
8383,10,280.97999999999945,10,279.31999999999977,swap,notBad
8384,10,280.97999999999945,10,279.31999999999977,move,improve
8385,10,280.97999999999945,10,279.31999999999977,swap,notBad
8386,10,280.97999999999945,10,279.31999999999977,swap,improve
8387,10,280.97999999999945,10,279.31999999999977,move,improve
8388,10,280.97999999999945,10,279.31999999999977,move,improve
8389,10,280.97999999999945,10,279.31999999999977,move,improve
8390,10,280.97999999999945,10,279.31999999999977,2opt,notBad
8391,10,280.97999999999945,10,279.31999999999977,move,improve
8392,10,280.97999999999945,10,279.31999999999977,2opt,notBad
8393,10,280.97999999999945,10,279.31999999999977,move,improve
8394,10,280.97999999999945,10,279.31999999999977,2opt,notBad
8395,10,280.97999999999945,10,279.31999999999977,2opt,notBad
8396,10,280.97999999999945,10,279.31999999999977,move,improve
8397,10,280.97999999999945,10,279.31999999999977,move,improve
8398,10,280.97999999999945,10,279.31999999999977,move,improve
8399,10,280.97999999999945,10,279.31999999999977,2opt,improve
8400,10,280.97999999999945,10,279.31999999999977,2opt,improve
8401,10,280.97999999999945,10,279.31999999999977,2opt,notBad
8402,10,280.97999999999945,10,279.31999999999977,swap,notBad
8403,10,280.97999999999945,10,279.31999999999977,move,improve
8404,10,280.97999999999945,10,279.31999999999977,2opt,notBad
8405,10,280.97999999999945,10,279.31999999999977,2opt,notBad
8406,10,280.97999999999945,10,279.31999999999977,swap,notBad
8407,10,280.97999999999945,10,279.31999999999977,move,improve
8408,10,280.97999999999945,10,279.31999999999977,2opt,notBad
8409,10,280.97999999999945,10,279.31999999999977,2opt,notBad
8410,10,280.97999999999945,10,279.31999999999977,swap,notBad
8411,10,280.97999999999945,10,279.31999999999977,move,improve
8412,10,280.97999999999945,10,279.31999999999977,swap,notBad
8413,10,280.97999999999945,10,279.31999999999977,2opt,notBad
8414,10,280.97999999999945,10,279.31999999999977,move,improve
8415,10,280.97999999999945,10,279.31999999999977,swap,notBad
8416,10,280.97999999999945,10,279.31999999999977,2opt,notBad
8417,10,280.97999999999945,10,279.31999999999977,move,improve
8418,10,280.97999999999945,10,279.31999999999977,2opt,improve
8419,10,280.97999999999945,10,279.31999999999977,swap,notBad
8420,10,280.97999999999945,10,279.31999999999977,2opt,notBad
8421,10,280.97999999999945,10,279.31999999999977,swap,notBad
8422,10,280.97999999999945,10,279.31999999999977,2opt,notBad
8423,10,280.97999999999945,10,279.31999999999977,swap,notBad
8424,10,280.97999999999945,10,279.31999999999977,2opt,notBad
8425,10,280.97999999999945,10,279.31999999999977,swap,notBad
8426,10,280.97999999999945,10,279.31999999999977,2opt,notBad
8427,10,280.97999999999945,10,279.31999999999977,move,improve
8428,10,280.97999999999945,10,279.31999999999977,2opt,notBad
8429,10,280.97999999999945,10,279.31999999999977,move,improve
8430,10,280.97999999999945,10,279.31999999999977,move,improve
8431,10,280.97999999999945,10,279.31999999999977,2opt,notBad
8432,10,280.97999999999945,10,279.31999999999977,swap,notBad
8433,10,280.97999999999945,10,279.31999999999977,2opt,improve
8434,10,280.97999999999945,10,279.31999999999977,swap,notBad
8435,10,280.97999999999945,10,279.31999999999977,swap,notBad
8436,10,280.97999999999945,10,279.31999999999977,swap,notBad
8437,10,280.97999999999945,10,279.31999999999977,move,improve
8438,10,280.97999999999945,10,279.31999999999977,move,improve
8439,10,280.97999999999945,10,279.31999999999977,swap,notBad
8440,10,280.97999999999945,10,279.31999999999977,swap,notBad
8441,10,280.97999999999945,10,279.31999999999977,swap,notBad
8442,10,280.97999999999945,10,279.31999999999977,2opt,notBad
8443,10,280.97999999999945,10,279.31999999999977,move,improve
8444,10,280.97999999999945,10,279.31999999999977,move,improve
8445,10,280.97999999999945,10,279.31999999999977,move,improve
8446,10,280.97999999999945,10,279.31999999999977,move,improve
8447,10,280.97999999999945,10,279.31999999999977,move,improve
8448,10,280.97999999999945,10,279.31999999999977,move,improve
8449,10,280.97999999999945,10,279.31999999999977,swap,notBad
8450,10,280.97999999999945,10,279.31999999999977,move,improve
8451,10,280.97999999999945,10,279.31999999999977,2opt,notBad
8452,10,280.35999999999945,10,279.31999999999977,swap,improve
8453,10,280.35999999999945,10,279.31999999999977,swap,notBad
8454,10,280.35999999999945,10,279.31999999999977,2opt,notBad
8455,10,280.35999999999945,10,279.31999999999977,2opt,notBad
8456,10,280.35999999999945,10,279.31999999999977,2opt,notBad
8457,10,280.35999999999945,10,279.31999999999977,move,improve
8458,10,280.35999999999945,10,279.31999999999977,move,improve
8459,10,280.35999999999945,10,279.31999999999977,move,improve
8460,10,280.35999999999945,10,279.31999999999977,move,improve
8461,10,280.35999999999945,10,279.31999999999977,swap,notBad
8462,10,280.35999999999945,10,279.31999999999977,swap,notBad
8463,10,280.35999999999945,10,279.31999999999977,move,improve
8464,10,280.35999999999945,10,279.31999999999977,move,improve
8465,10,280.35999999999945,10,279.31999999999977,move,improve
8466,10,280.35999999999945,10,279.31999999999977,2opt,notBad
8467,10,280.35999999999945,10,279.31999999999977,swap,notBad
8468,10,280.35999999999945,10,279.31999999999977,2opt,notBad
8469,10,280.35999999999945,10,279.31999999999977,2opt,notBad
8470,10,280.35999999999945,10,279.31999999999977,swap,notBad
8471,10,280.35999999999945,10,279.31999999999977,move,improve
8472,10,280.35999999999945,10,279.31999999999977,move,improve
8473,10,280.35999999999945,10,279.31999999999977,move,improve
8474,10,280.35999999999945,10,279.31999999999977,2opt,notBad
8475,10,280.35999999999945,10,279.31999999999977,2opt,notBad
8476,10,280.35999999999945,10,279.31999999999977,2opt,notBad
8477,10,280.35999999999945,10,279.31999999999977,move,notBad
8478,10,280.35999999999945,10,279.31999999999977,move,improve
8479,10,280.35999999999945,10,279.31999999999977,move,improve
8480,10,280.35999999999945,10,279.31999999999977,2opt,notBad
8481,10,280.35999999999945,10,279.31999999999977,2opt,notBad
8482,10,280.35999999999945,10,279.31999999999977,move,improve
8483,10,280.35999999999945,10,279.31999999999977,swap,notBad
8484,10,280.35999999999945,10,279.31999999999977,swap,notBad
8485,10,280.35999999999945,10,279.31999999999977,swap,notBad
8486,10,280.35999999999945,10,279.31999999999977,swap,notBad
8487,10,280.35999999999945,10,279.31999999999977,swap,notBad
8488,10,280.35999999999945,10,279.31999999999977,2opt,notBad
8489,10,280.35999999999945,10,279.31999999999977,2opt,notBad
8490,10,280.35999999999945,10,279.31999999999977,move,improve
8491,10,280.35999999999945,10,279.31999999999977,move,improve
8492,10,280.35999999999945,10,279.31999999999977,move,improve
8493,10,280.35999999999945,10,279.31999999999977,2opt,notBad
8494,10,280.35999999999945,10,279.31999999999977,move,improve
8495,10,280.35999999999945,10,279.31999999999977,move,improve
8496,10,280.35999999999945,10,279.31999999999977,move,improve
8497,10,280.35999999999945,10,279.31999999999977,move,improve
8498,10,280.35999999999945,10,279.31999999999977,move,improve
8499,10,280.35999999999945,10,279.31999999999977,swap,notBad
8500,10,280.35999999999945,10,279.31999999999977,move,improve
8501,10,280.35999999999945,10,279.31999999999977,swap,notBad
8502,10,280.35999999999945,10,279.31999999999977,2opt,notBad
8503,10,280.35999999999945,10,279.31999999999977,swap,notBad
8504,10,280.35999999999945,10,279.31999999999977,swap,notBad
8505,10,280.35999999999945,10,279.31999999999977,move,improve
8506,10,280.35999999999945,10,279.31999999999977,swap,notBad
8507,10,280.35999999999945,10,279.31999999999977,2opt,notBad
8508,10,280.35999999999945,10,279.31999999999977,move,improve
8509,10,280.35999999999945,10,279.31999999999977,swap,notBad
8510,10,280.35999999999945,10,279.31999999999977,move,improve
8511,10,280.35999999999945,10,279.31999999999977,move,improve
8512,10,280.35999999999945,10,279.31999999999977,move,improve
8513,10,280.35999999999945,10,279.31999999999977,2opt,notBad
8514,10,280.35999999999945,10,279.31999999999977,swap,notBad
8515,10,280.35999999999945,10,279.31999999999977,swap,notBad
8516,10,280.35999999999945,10,279.31999999999977,swap,notBad
8517,10,280.35999999999945,10,279.31999999999977,move,improve
8518,10,280.35999999999945,10,279.31999999999977,swap,notBad
8519,10,280.35999999999945,10,279.31999999999977,2opt,notBad
8520,10,280.35999999999945,10,279.31999999999977,swap,notBad
8521,10,280.35999999999945,10,279.31999999999977,swap,notBad
8522,10,280.35999999999945,10,279.31999999999977,2opt,notBad
8523,10,280.35999999999945,10,279.31999999999977,move,improve
8524,10,280.35999999999945,10,279.31999999999977,move,improve
8525,10,280.35999999999945,10,279.31999999999977,swap,notBad
8526,10,280.35999999999945,10,279.31999999999977,2opt,notBad
8527,10,280.35999999999945,10,279.31999999999977,swap,notBad
8528,10,280.35999999999945,10,279.31999999999977,swap,notBad
8529,10,280.35999999999945,10,279.31999999999977,move,improve
8530,10,280.35999999999945,10,279.31999999999977,move,improve
8531,10,280.35999999999945,10,279.31999999999977,move,improve
8532,10,280.35999999999945,10,279.31999999999977,2opt,notBad
8533,10,280.35999999999945,10,279.31999999999977,move,improve
8534,10,280.35999999999945,10,279.31999999999977,move,improve
8535,10,280.35999999999945,10,279.31999999999977,move,improve
8536,10,280.35999999999945,10,279.31999999999977,move,improve
8537,10,280.35999999999945,10,279.31999999999977,swap,notBad
8538,10,280.35999999999945,10,279.31999999999977,swap,notBad
8539,10,280.35999999999945,10,279.31999999999977,swap,notBad
8540,10,280.35999999999945,10,279.31999999999977,swap,notBad
8541,10,280.35999999999945,10,279.31999999999977,swap,notBad
8542,10,280.35999999999945,10,279.31999999999977,swap,notBad
8543,10,280.35999999999945,10,279.31999999999977,swap,notBad
8544,10,280.35999999999945,10,279.31999999999977,2opt,notBad
8545,10,280.35999999999945,10,279.31999999999977,2opt,notBad
8546,10,280.35999999999945,10,279.31999999999977,swap,notBad
8547,10,280.35999999999945,10,279.31999999999977,2opt,notBad
8548,10,280.35999999999945,10,279.31999999999977,swap,notBad
8549,10,280.35999999999945,10,279.31999999999977,move,improve
8550,10,280.35999999999945,10,279.31999999999977,swap,notBad
8551,10,280.35999999999945,10,279.31999999999977,2opt,notBad
8552,10,280.35999999999945,10,279.31999999999977,move,improve
8553,10,280.35999999999945,10,279.31999999999977,2opt,notBad
8554,10,280.35999999999945,10,279.31999999999977,swap,notBad
8555,10,280.35999999999945,10,279.31999999999977,2opt,notBad
8556,10,280.35999999999945,10,279.31999999999977,move,improve
8557,10,280.35999999999945,10,279.31999999999977,swap,notBad
8558,10,280.35999999999945,10,279.31999999999977,swap,notBad
8559,10,280.35999999999945,10,279.31999999999977,2opt,notBad
8560,10,280.35999999999945,10,279.31999999999977,move,improve
8561,10,280.35999999999945,10,279.31999999999977,2opt,notBad
8562,10,280.35999999999945,10,279.31999999999977,2opt,notBad
8563,10,280.35999999999945,10,279.31999999999977,swap,notBad
8564,10,280.35999999999945,10,279.31999999999977,swap,notBad
8565,10,280.35999999999945,10,279.31999999999977,2opt,notBad
8566,10,280.35999999999945,10,279.31999999999977,2opt,notBad
8567,10,280.35999999999945,10,279.31999999999977,move,improve
8568,10,280.35999999999945,10,279.31999999999977,move,improve
8569,10,280.35999999999945,10,279.31999999999977,move,notBad
8570,10,280.35999999999945,10,279.31999999999977,2opt,notBad
8571,10,280.35999999999945,10,279.31999999999977,move,improve
8572,10,280.35999999999945,10,279.31999999999977,swap,notBad
8573,10,280.35999999999945,10,279.31999999999977,swap,notBad
8574,10,280.35999999999945,10,279.31999999999977,2opt,notBad
8575,10,280.35999999999945,10,279.31999999999977,swap,notBad
8576,10,280.35999999999945,10,279.31999999999977,move,improve
8577,10,280.35999999999945,10,279.31999999999977,swap,notBad
8578,10,280.35999999999945,10,279.31999999999977,2opt,notBad
8579,10,280.35999999999945,10,279.31999999999977,swap,notBad
8580,10,280.35999999999945,10,279.31999999999977,2opt,notBad
8581,10,280.35999999999945,10,279.31999999999977,move,improve
8582,10,280.35999999999945,10,279.31999999999977,swap,notBad
8583,10,280.35999999999945,10,279.31999999999977,move,improve
8584,10,280.35999999999945,10,279.31999999999977,move,improve
8585,10,280.35999999999945,10,279.31999999999977,move,improve
8586,10,280.35999999999945,10,279.31999999999977,swap,notBad
8587,10,280.35999999999945,10,279.31999999999977,swap,notBad
8588,10,280.35999999999945,10,279.31999999999977,2opt,notBad
8589,10,280.35999999999945,10,279.31999999999977,move,improve
8590,10,280.35999999999945,10,279.31999999999977,move,improve
8591,10,280.35999999999945,10,279.31999999999977,2opt,improve
8592,10,280.35999999999945,10,279.31999999999977,move,improve
8593,10,280.35999999999945,10,279.31999999999977,move,improve
8594,10,280.35999999999945,10,279.31999999999977,2opt,notBad
8595,10,280.35999999999945,10,279.31999999999977,move,improve
8596,10,280.35999999999945,10,279.31999999999977,move,improve
8597,10,280.35999999999945,10,279.31999999999977,swap,notBad
8598,10,280.35999999999945,10,279.31999999999977,2opt,notBad
8599,10,280.35999999999945,10,279.31999999999977,move,improve
8600,10,280.35999999999945,10,279.31999999999977,2opt,notBad
8601,10,280.35999999999945,10,279.31999999999977,move,improve
8602,10,280.35999999999945,10,279.31999999999977,swap,notBad
8603,10,280.35999999999945,10,279.31999999999977,2opt,notBad
8604,10,280.35999999999945,10,279.31999999999977,move,improve
8605,10,280.35999999999945,10,279.31999999999977,swap,notBad
8606,10,280.35999999999945,10,279.31999999999977,swap,notBad
8607,10,280.35999999999945,10,279.31999999999977,move,improve
8608,10,280.35999999999945,10,279.31999999999977,move,improve
8609,10,280.35999999999945,10,279.31999999999977,move,improve
8610,10,280.35999999999945,10,279.31999999999977,swap,notBad
8611,10,280.35999999999945,10,279.31999999999977,move,improve
8612,10,280.35999999999945,10,279.31999999999977,2opt,notBad
8613,10,280.35999999999945,10,279.31999999999977,swap,notBad
8614,10,280.35999999999945,10,279.31999999999977,2opt,notBad
8615,10,280.35999999999945,10,279.31999999999977,swap,notBad
8616,10,280.35999999999945,10,279.31999999999977,2opt,notBad
8617,10,280.35999999999945,10,279.31999999999977,move,improve
8618,10,280.35999999999945,10,279.31999999999977,2opt,notBad
8619,10,280.35999999999945,10,279.31999999999977,swap,notBad
8620,10,280.35999999999945,10,279.31999999999977,move,improve
8621,10,280.35999999999945,10,279.31999999999977,move,improve
8622,10,280.35999999999945,10,279.31999999999977,move,improve
8623,10,280.3599999999997,10,279.31999999999977,swap,acceptBad
8624,10,280.3599999999997,10,279.31999999999977,move,improve
8625,10,280.3599999999997,10,279.31999999999977,swap,notBad
8626,10,280.3599999999997,10,279.31999999999977,move,improve
8627,10,280.3599999999997,10,279.31999999999977,2opt,notBad
8628,10,280.3599999999997,10,279.31999999999977,2opt,notBad
8629,10,280.3599999999997,10,279.31999999999977,swap,notBad
8630,10,280.3599999999997,10,279.31999999999977,move,improve
8631,10,280.3599999999997,10,279.31999999999977,move,improve
8632,10,280.3599999999997,10,279.31999999999977,move,improve
8633,10,280.3599999999997,10,279.31999999999977,swap,notBad
8634,10,280.3599999999997,10,279.31999999999977,2opt,notBad
8635,10,280.3599999999997,10,279.31999999999977,2opt,notBad
8636,10,280.3599999999997,10,279.31999999999977,move,improve
8637,10,280.3599999999997,10,279.31999999999977,move,improve
8638,10,280.3599999999997,10,279.31999999999977,2opt,notBad
8639,10,280.3599999999997,10,279.31999999999977,swap,notBad
8640,10,280.3599999999997,10,279.31999999999977,swap,notBad
8641,10,280.3599999999995,10,279.31999999999977,move,improve
8642,10,281.32000000000005,10,279.31999999999977,swap,acceptBad
8643,10,281.32000000000005,10,279.31999999999977,swap,notBad
8644,10,281.32000000000005,10,279.31999999999977,move,improve
8645,10,281.32000000000005,10,279.31999999999977,move,improve
8646,10,281.32000000000005,10,279.31999999999977,2opt,notBad
8647,10,281.32000000000005,10,279.31999999999977,2opt,notBad
8648,10,281.32000000000005,10,279.31999999999977,swap,notBad
8649,10,281.32000000000005,10,279.31999999999977,2opt,notBad
8650,10,281.32000000000005,10,279.31999999999977,move,improve
8651,10,281.32000000000005,10,279.31999999999977,swap,notBad
8652,10,281.32000000000005,10,279.31999999999977,move,improve
8653,10,281.32000000000005,10,279.31999999999977,2opt,notBad
8654,10,281.32000000000005,10,279.31999999999977,move,improve
8655,10,281.32000000000005,10,279.31999999999977,2opt,notBad
8656,10,281.32000000000005,10,279.31999999999977,2opt,notBad
8657,10,281.32000000000005,10,279.31999999999977,swap,notBad
8658,10,281.32000000000005,10,279.31999999999977,move,improve
8659,10,281.32000000000005,10,279.31999999999977,swap,notBad
8660,10,281.32000000000005,10,279.31999999999977,2opt,notBad
8661,10,281.32000000000005,10,279.31999999999977,2opt,notBad
8662,10,281.32000000000005,10,279.31999999999977,swap,notBad
8663,10,281.32000000000005,10,279.31999999999977,2opt,notBad
8664,10,281.32000000000005,10,279.31999999999977,swap,notBad
8665,10,281.32000000000005,10,279.31999999999977,move,improve
8666,10,281.32000000000005,10,279.31999999999977,2opt,notBad
8667,10,281.32000000000005,10,279.31999999999977,swap,notBad
8668,10,281.32000000000005,10,279.31999999999977,move,improve
8669,10,281.32000000000005,10,279.31999999999977,2opt,notBad
8670,10,281.32000000000005,10,279.31999999999977,move,improve
8671,10,281.32000000000005,10,279.31999999999977,swap,notBad
8672,10,281.32000000000005,10,279.31999999999977,2opt,notBad
8673,10,280.78000000000054,10,279.31999999999977,move,improve
8674,10,280.78000000000054,10,279.31999999999977,swap,notBad
8675,10,280.78000000000054,10,279.31999999999977,swap,notBad
8676,10,280.78000000000054,10,279.31999999999977,swap,notBad
8677,10,280.78000000000054,10,279.31999999999977,2opt,notBad
8678,10,280.78000000000054,10,279.31999999999977,2opt,improve
8679,10,280.78000000000054,10,279.31999999999977,swap,notBad
8680,10,280.78000000000054,10,279.31999999999977,move,improve
8681,10,280.78000000000054,10,279.31999999999977,2opt,notBad
8682,10,280.78000000000054,10,279.31999999999977,2opt,notBad
8683,10,280.78000000000054,10,279.31999999999977,move,improve
8684,10,280.78000000000054,10,279.31999999999977,swap,notBad
8685,10,280.78000000000054,10,279.31999999999977,move,improve
8686,10,280.78000000000054,10,279.31999999999977,move,notBad
8687,10,280.78000000000054,10,279.31999999999977,move,improve
8688,10,280.78000000000054,10,279.31999999999977,swap,notBad
8689,10,280.78000000000054,10,279.31999999999977,move,improve
8690,10,280.78000000000054,10,279.31999999999977,swap,notBad
8691,10,281.82000000000056,10,279.31999999999977,swap,acceptBad
8692,10,281.82000000000056,10,279.31999999999977,swap,notBad
8693,10,281.82000000000056,10,279.31999999999977,2opt,notBad
8694,10,281.82000000000056,10,279.31999999999977,2opt,notBad
8695,10,281.6800000000001,10,279.31999999999977,swap,improve
8696,10,281.66000000000014,10,279.31999999999977,move,improve
8697,10,281.66000000000014,10,279.31999999999977,swap,notBad
8698,10,281.66000000000014,10,279.31999999999977,move,improve
8699,10,281.66000000000014,10,279.31999999999977,swap,notBad
8700,10,281.66000000000014,10,279.31999999999977,move,improve
8701,10,281.66000000000014,10,279.31999999999977,2opt,notBad
8702,10,281.66000000000014,10,279.31999999999977,move,improve
8703,10,281.66000000000014,10,279.31999999999977,swap,notBad
8704,10,281.66000000000014,10,279.31999999999977,move,improve
8705,10,281.66000000000014,10,279.31999999999977,move,improve
8706,10,281.66000000000014,10,279.31999999999977,move,improve
8707,10,281.66000000000014,10,279.31999999999977,2opt,notBad
8708,10,281.66000000000014,10,279.31999999999977,swap,notBad
8709,10,281.66000000000014,10,279.31999999999977,move,improve
8710,10,281.66000000000014,10,279.31999999999977,move,improve
8711,10,281.66000000000014,10,279.31999999999977,swap,notBad
8712,10,281.66000000000014,10,279.31999999999977,swap,notBad
8713,10,281.66000000000014,10,279.31999999999977,move,improve
8714,10,281.66000000000014,10,279.31999999999977,2opt,notBad
8715,10,281.66000000000014,10,279.31999999999977,move,notBad
8716,10,281.66000000000014,10,279.31999999999977,2opt,notBad
8717,10,280.6400000000001,10,279.31999999999977,move,improve
8718,10,280.6400000000001,10,279.31999999999977,swap,notBad
8719,10,280.6400000000001,10,279.31999999999977,swap,notBad
8720,10,280.6400000000001,10,279.31999999999977,2opt,notBad
8721,10,280.6400000000001,10,279.31999999999977,swap,notBad
8722,10,280.6400000000001,10,279.31999999999977,2opt,improve
8723,10,280.6400000000001,10,279.31999999999977,2opt,notBad
8724,10,280.6400000000001,10,279.31999999999977,2opt,notBad
8725,10,280.6400000000001,10,279.31999999999977,2opt,notBad
8726,10,280.6400000000001,10,279.31999999999977,2opt,notBad
8727,10,280.6400000000001,10,279.31999999999977,swap,notBad
8728,10,280.6400000000001,10,279.31999999999977,2opt,notBad
8729,10,280.6400000000001,10,279.31999999999977,2opt,notBad
8730,10,280.6400000000001,10,279.31999999999977,swap,notBad
8731,10,280.6400000000001,10,279.31999999999977,swap,notBad
8732,10,280.6400000000001,10,279.31999999999977,move,improve
8733,10,280.6400000000001,10,279.31999999999977,move,improve
8734,10,280.6400000000001,10,279.31999999999977,swap,notBad
8735,10,280.6400000000001,10,279.31999999999977,2opt,notBad
8736,10,280.6400000000001,10,279.31999999999977,swap,notBad
8737,10,280.6400000000001,10,279.31999999999977,2opt,notBad
8738,10,280.6400000000001,10,279.31999999999977,move,improve
8739,10,280.6400000000001,10,279.31999999999977,swap,notBad
8740,10,280.6400000000001,10,279.31999999999977,2opt,notBad
8741,10,280.6400000000001,10,279.31999999999977,move,notBad
8742,10,280.6400000000001,10,279.31999999999977,swap,notBad
8743,10,280.6400000000001,10,279.31999999999977,swap,notBad
8744,10,280.6400000000001,10,279.31999999999977,swap,notBad
8745,10,280.6400000000001,10,279.31999999999977,move,improve
8746,10,280.6400000000001,10,279.31999999999977,move,improve
8747,10,280.6400000000001,10,279.31999999999977,move,improve
8748,10,280.6400000000001,10,279.31999999999977,swap,notBad
8749,10,280.6400000000001,10,279.31999999999977,swap,notBad
8750,10,280.6400000000001,10,279.31999999999977,swap,notBad
8751,10,280.6400000000001,10,279.31999999999977,swap,notBad
8752,10,280.6400000000001,10,279.31999999999977,swap,notBad
8753,10,280.6400000000001,10,279.31999999999977,2opt,notBad
8754,10,280.6400000000001,10,279.31999999999977,move,improve
8755,10,280.6400000000001,10,279.31999999999977,2opt,notBad
8756,10,280.6400000000001,10,279.31999999999977,swap,notBad
8757,10,280.52000000000004,10,279.31999999999977,swap,improve
8758,10,280.52000000000004,10,279.31999999999977,2opt,notBad
8759,10,280.52000000000004,10,279.31999999999977,move,improve
8760,10,280.52000000000004,10,279.31999999999977,swap,notBad
8761,10,280.52000000000004,10,279.31999999999977,swap,notBad
8762,10,280.52000000000004,10,279.31999999999977,swap,notBad
8763,10,280.52000000000004,10,279.31999999999977,move,improve
8764,10,280.52000000000004,10,279.31999999999977,2opt,notBad
8765,10,280.52000000000004,10,279.31999999999977,move,improve
8766,10,280.52000000000004,10,279.31999999999977,swap,notBad
8767,10,280.52000000000004,10,279.31999999999977,move,improve
8768,10,280.52000000000004,10,279.31999999999977,2opt,notBad
8769,10,280.52000000000004,10,279.31999999999977,swap,notBad
8770,10,280.52000000000004,10,279.31999999999977,2opt,notBad
8771,10,280.52000000000004,10,279.31999999999977,move,improve
8772,10,280.52000000000004,10,279.31999999999977,swap,notBad
8773,10,280.52000000000004,10,279.31999999999977,swap,notBad
8774,10,280.52000000000004,10,279.31999999999977,2opt,improve
8775,10,280.52000000000004,10,279.31999999999977,2opt,notBad
8776,10,280.52000000000004,10,279.31999999999977,swap,notBad
8777,10,280.52000000000004,10,279.31999999999977,move,improve
8778,10,280.52000000000004,10,279.31999999999977,2opt,notBad
8779,10,280.52000000000004,10,279.31999999999977,move,improve
8780,10,280.52000000000004,10,279.31999999999977,swap,notBad
8781,10,280.52000000000004,10,279.31999999999977,move,improve
8782,10,280.52000000000004,10,279.31999999999977,2opt,notBad
8783,10,280.52000000000004,10,279.31999999999977,move,improve
8784,10,280.52000000000004,10,279.31999999999977,swap,notBad
8785,10,280.52000000000004,10,279.31999999999977,2opt,notBad
8786,10,280.52000000000004,10,279.31999999999977,2opt,notBad
8787,10,280.52000000000004,10,279.31999999999977,swap,notBad
8788,10,280.52000000000004,10,279.31999999999977,move,improve
8789,10,280.52000000000004,10,279.31999999999977,move,improve
8790,10,280.52000000000004,10,279.31999999999977,swap,notBad
8791,10,280.52000000000004,10,279.31999999999977,move,improve
8792,10,280.52000000000004,10,279.31999999999977,2opt,notBad
8793,10,280.52000000000004,10,279.31999999999977,move,improve
8794,10,280.52000000000004,10,279.31999999999977,2opt,notBad
8795,10,280.52000000000004,10,279.31999999999977,swap,notBad
8796,10,280.52000000000004,10,279.31999999999977,move,improve
8797,10,280.52000000000004,10,279.31999999999977,swap,notBad
8798,10,280.52000000000004,10,279.31999999999977,swap,notBad
8799,10,280.52000000000004,10,279.31999999999977,move,improve
8800,10,280.52000000000004,10,279.31999999999977,swap,notBad
8801,10,280.52000000000004,10,279.31999999999977,2opt,notBad
8802,10,280.52000000000004,10,279.31999999999977,move,improve
8803,10,280.52000000000004,10,279.31999999999977,move,improve
8804,10,280.52000000000004,10,279.31999999999977,move,improve
8805,10,280.52000000000004,10,279.31999999999977,2opt,notBad
8806,10,280.52000000000004,10,279.31999999999977,swap,notBad
8807,10,280.52000000000004,10,279.31999999999977,swap,notBad
8808,10,280.52000000000004,10,279.31999999999977,move,improve
8809,10,280.52000000000004,10,279.31999999999977,2opt,notBad
8810,10,280.52000000000004,10,279.31999999999977,swap,notBad
8811,10,280.52000000000004,10,279.31999999999977,move,improve
8812,10,280.52000000000004,10,279.31999999999977,2opt,notBad
8813,10,280.52000000000004,10,279.31999999999977,swap,notBad
8814,10,280.52000000000004,10,279.31999999999977,move,improve
8815,10,280.52000000000004,10,279.31999999999977,2opt,notBad
8816,10,280.52000000000004,10,279.31999999999977,2opt,notBad
8817,10,280.52000000000004,10,279.31999999999977,move,improve
8818,10,280.52000000000004,10,279.31999999999977,move,improve
8819,10,280.52000000000004,10,279.31999999999977,move,improve
8820,10,280.52000000000004,10,279.31999999999977,move,improve
8821,10,280.52000000000004,10,279.31999999999977,2opt,notBad
8822,10,280.52000000000004,10,279.31999999999977,swap,notBad
8823,10,280.52000000000004,10,279.31999999999977,swap,notBad
8824,10,280.52000000000004,10,279.31999999999977,2opt,notBad
8825,10,280.52000000000004,10,279.31999999999977,2opt,notBad
8826,10,280.52000000000004,10,279.31999999999977,swap,notBad
8827,10,280.52000000000004,10,279.31999999999977,move,improve
8828,10,280.52000000000004,10,279.31999999999977,2opt,notBad
8829,10,280.52000000000004,10,279.31999999999977,move,improve
8830,10,280.52000000000004,10,279.31999999999977,2opt,notBad
8831,10,280.52000000000004,10,279.31999999999977,2opt,notBad
8832,10,280.52000000000004,10,279.31999999999977,swap,notBad
8833,10,280.52000000000004,10,279.31999999999977,move,improve
8834,10,280.52000000000004,10,279.31999999999977,2opt,improve
8835,10,280.52000000000004,10,279.31999999999977,swap,notBad
8836,10,280.52000000000004,10,279.31999999999977,swap,notBad
8837,10,280.52000000000004,10,279.31999999999977,swap,notBad
8838,10,280.52000000000004,10,279.31999999999977,2opt,notBad
8839,10,280.52000000000004,10,279.31999999999977,swap,notBad
8840,10,280.52000000000004,10,279.31999999999977,2opt,notBad
8841,10,280.52000000000004,10,279.31999999999977,2opt,notBad
8842,10,280.52000000000004,10,279.31999999999977,move,improve
8843,10,280.52000000000004,10,279.31999999999977,2opt,notBad
8844,10,280.52000000000004,10,279.31999999999977,move,improve
8845,10,280.52000000000004,10,279.31999999999977,move,improve
8846,10,280.52000000000004,10,279.31999999999977,2opt,notBad
8847,10,280.52000000000004,10,279.31999999999977,2opt,notBad
8848,10,280.52000000000004,10,279.31999999999977,swap,notBad
8849,10,280.52000000000004,10,279.31999999999977,move,improve
8850,10,280.52000000000004,10,279.31999999999977,move,improve
8851,10,280.52000000000004,10,279.31999999999977,2opt,notBad
8852,10,280.52000000000004,10,279.31999999999977,2opt,notBad
8853,10,280.52000000000004,10,279.31999999999977,swap,notBad
8854,10,280.52000000000004,10,279.31999999999977,move,improve
8855,10,280.52000000000004,10,279.31999999999977,2opt,notBad
8856,10,280.52000000000004,10,279.31999999999977,move,improve
8857,10,280.52000000000004,10,279.31999999999977,swap,notBad
8858,10,280.52000000000004,10,279.31999999999977,swap,notBad
8859,10,280.52000000000004,10,279.31999999999977,swap,notBad
8860,10,280.52000000000004,10,279.31999999999977,move,improve
8861,10,280.52000000000004,10,279.31999999999977,swap,notBad
8862,10,280.52000000000004,10,279.31999999999977,swap,notBad
8863,10,280.52000000000004,10,279.31999999999977,move,improve
8864,10,280.52000000000004,10,279.31999999999977,swap,notBad
8865,10,280.52000000000004,10,279.31999999999977,2opt,notBad
8866,10,280.52000000000004,10,279.31999999999977,2opt,notBad
8867,10,280.52000000000004,10,279.31999999999977,2opt,notBad
8868,10,280.52000000000004,10,279.31999999999977,swap,notBad
8869,10,280.52000000000004,10,279.31999999999977,2opt,notBad
8870,10,280.52000000000004,10,279.31999999999977,move,improve
8871,10,280.52000000000004,10,279.31999999999977,move,improve
8872,10,280.52000000000004,10,279.31999999999977,swap,notBad
8873,10,280.52000000000004,10,279.31999999999977,move,improve
8874,10,280.52000000000004,10,279.31999999999977,swap,notBad
8875,10,280.52000000000004,10,279.31999999999977,2opt,notBad
8876,10,280.52000000000004,10,279.31999999999977,move,improve
8877,10,280.52000000000004,10,279.31999999999977,2opt,improve
8878,10,280.52000000000004,10,279.31999999999977,2opt,notBad
8879,10,280.52000000000004,10,279.31999999999977,swap,notBad
8880,10,280.52000000000004,10,279.31999999999977,swap,notBad
8881,10,280.52000000000004,10,279.31999999999977,move,improve
8882,10,280.52000000000004,10,279.31999999999977,move,improve
8883,10,280.52000000000004,10,279.31999999999977,2opt,notBad
8884,10,280.52000000000004,10,279.31999999999977,2opt,notBad
8885,10,280.52000000000004,10,279.31999999999977,2opt,notBad
8886,10,280.52000000000004,10,279.31999999999977,move,improve
8887,10,280.52000000000004,10,279.31999999999977,swap,notBad
8888,10,280.52000000000004,10,279.31999999999977,swap,notBad
8889,10,280.52000000000004,10,279.31999999999977,swap,notBad
8890,10,280.52000000000004,10,279.31999999999977,2opt,notBad
8891,10,280.52000000000004,10,279.31999999999977,2opt,notBad
8892,10,280.52000000000004,10,279.31999999999977,2opt,notBad
8893,10,280.52000000000004,10,279.31999999999977,swap,notBad
8894,10,280.52000000000004,10,279.31999999999977,move,improve
8895,10,280.52000000000004,10,279.31999999999977,move,improve
8896,10,280.52000000000004,10,279.31999999999977,2opt,notBad
8897,10,280.52000000000004,10,279.31999999999977,2opt,notBad
8898,10,280.52000000000004,10,279.31999999999977,swap,notBad
8899,10,280.52000000000004,10,279.31999999999977,swap,notBad
8900,10,280.52000000000004,10,279.31999999999977,move,improve
8901,10,280.52000000000004,10,279.31999999999977,2opt,notBad
8902,10,280.52000000000004,10,279.31999999999977,swap,notBad
8903,10,280.52000000000004,10,279.31999999999977,move,improve
8904,10,280.52000000000004,10,279.31999999999977,move,improve
8905,10,280.52000000000004,10,279.31999999999977,swap,notBad
8906,10,280.52000000000004,10,279.31999999999977,swap,notBad
8907,10,280.52000000000004,10,279.31999999999977,move,improve
8908,10,280.52000000000004,10,279.31999999999977,move,improve
8909,10,280.6400000000001,10,279.31999999999977,swap,acceptBad
8910,10,280.6400000000001,10,279.31999999999977,2opt,notBad
8911,10,280.6400000000001,10,279.31999999999977,2opt,notBad
8912,10,280.6400000000001,10,279.31999999999977,move,improve
8913,10,280.6400000000001,10,279.31999999999977,move,improve
8914,10,280.6400000000001,10,279.31999999999977,2opt,notBad
8915,10,280.6400000000001,10,279.31999999999977,move,improve
8916,10,280.6400000000001,10,279.31999999999977,2opt,notBad
8917,10,280.6400000000001,10,279.31999999999977,2opt,notBad
8918,10,280.6400000000001,10,279.31999999999977,2opt,notBad
8919,10,280.6400000000001,10,279.31999999999977,swap,notBad
8920,10,280.6400000000001,10,279.31999999999977,move,improve
8921,10,280.6400000000001,10,279.31999999999977,swap,notBad
8922,10,280.6400000000001,10,279.31999999999977,2opt,improve
8923,10,280.6400000000001,10,279.31999999999977,move,improve
8924,10,280.6400000000001,10,279.31999999999977,move,improve
8925,10,280.6400000000001,10,279.31999999999977,2opt,notBad
8926,10,280.6400000000001,10,279.31999999999977,swap,notBad
8927,10,280.6400000000001,10,279.31999999999977,move,improve
8928,10,280.6400000000001,10,279.31999999999977,swap,notBad
8929,10,280.6400000000001,10,279.31999999999977,2opt,notBad
8930,10,280.6400000000001,10,279.31999999999977,move,improve
8931,10,280.6400000000001,10,279.31999999999977,swap,notBad
8932,10,280.6400000000001,10,279.31999999999977,swap,notBad
8933,10,280.6400000000001,10,279.31999999999977,move,improve
8934,10,280.6400000000001,10,279.31999999999977,2opt,notBad
8935,10,280.6400000000001,10,279.31999999999977,move,improve
8936,10,280.6400000000001,10,279.31999999999977,2opt,improve
8937,10,280.6400000000001,10,279.31999999999977,swap,notBad
8938,10,280.6400000000001,10,279.31999999999977,move,improve
8939,10,280.6400000000001,10,279.31999999999977,swap,notBad
8940,10,280.6400000000001,10,279.31999999999977,swap,notBad
8941,10,280.6400000000001,10,279.31999999999977,move,improve
8942,10,280.6400000000001,10,279.31999999999977,swap,notBad
8943,10,280.6400000000001,10,279.31999999999977,move,improve
8944,10,280.6400000000001,10,279.31999999999977,swap,notBad
8945,10,280.6400000000001,10,279.31999999999977,move,improve
8946,10,280.6400000000001,10,279.31999999999977,move,improve
8947,10,280.6400000000001,10,279.31999999999977,swap,notBad
8948,10,280.6400000000001,10,279.31999999999977,2opt,notBad
8949,10,280.6400000000001,10,279.31999999999977,move,improve
8950,10,280.6400000000001,10,279.31999999999977,move,improve
8951,10,280.6400000000001,10,279.31999999999977,swap,notBad
8952,10,280.6400000000001,10,279.31999999999977,swap,notBad
8953,10,280.6400000000001,10,279.31999999999977,move,improve
8954,10,280.6400000000001,10,279.31999999999977,swap,notBad
8955,10,280.6400000000001,10,279.31999999999977,2opt,notBad
8956,10,280.6400000000001,10,279.31999999999977,2opt,notBad
8957,10,280.6400000000001,10,279.31999999999977,swap,notBad
8958,10,280.6400000000001,10,279.31999999999977,move,improve
8959,10,280.6400000000001,10,279.31999999999977,swap,notBad
8960,10,280.6400000000001,10,279.31999999999977,move,improve
8961,10,280.6400000000001,10,279.31999999999977,2opt,notBad
8962,10,280.6400000000001,10,279.31999999999977,move,improve
8963,10,280.6400000000001,10,279.31999999999977,2opt,notBad
8964,10,280.6400000000001,10,279.31999999999977,2opt,notBad
8965,10,280.6400000000001,10,279.31999999999977,swap,notBad
8966,10,280.6400000000001,10,279.31999999999977,2opt,notBad
8967,10,280.6400000000001,10,279.31999999999977,move,improve
8968,10,280.6400000000001,10,279.31999999999977,2opt,notBad
8969,10,280.6400000000001,10,279.31999999999977,swap,notBad
8970,10,280.6400000000001,10,279.31999999999977,swap,notBad
8971,10,280.6400000000001,10,279.31999999999977,move,improve
8972,10,280.6400000000001,10,279.31999999999977,swap,notBad
8973,10,280.6400000000001,10,279.31999999999977,2opt,improve
8974,10,280.6400000000001,10,279.31999999999977,move,improve
8975,10,280.6400000000001,10,279.31999999999977,swap,notBad
8976,10,280.6400000000001,10,279.31999999999977,2opt,notBad
8977,10,280.6400000000001,10,279.31999999999977,swap,notBad
8978,10,280.6400000000001,10,279.31999999999977,swap,notBad
8979,10,280.6400000000001,10,279.31999999999977,2opt,notBad
8980,10,280.6400000000001,10,279.31999999999977,2opt,notBad
8981,10,280.6400000000001,10,279.31999999999977,move,improve
8982,10,280.6400000000001,10,279.31999999999977,swap,notBad
8983,10,280.6400000000001,10,279.31999999999977,swap,notBad
8984,10,280.6400000000001,10,279.31999999999977,2opt,improve
8985,10,280.6400000000001,10,279.31999999999977,2opt,notBad
8986,10,280.6400000000001,10,279.31999999999977,swap,notBad
8987,10,280.6400000000001,10,279.31999999999977,move,improve
8988,10,280.6400000000001,10,279.31999999999977,move,improve
8989,10,280.52000000000004,10,279.31999999999977,swap,improve
8990,10,280.52000000000004,10,279.31999999999977,move,improve
8991,10,280.52000000000004,10,279.31999999999977,2opt,notBad
8992,10,280.52000000000004,10,279.31999999999977,2opt,notBad
8993,10,280.52000000000004,10,279.31999999999977,move,improve
8994,10,280.52000000000004,10,279.31999999999977,swap,notBad
8995,10,280.52000000000004,10,279.31999999999977,swap,notBad
8996,10,280.52000000000004,10,279.31999999999977,swap,notBad
8997,10,280.52000000000004,10,279.31999999999977,move,improve
8998,10,280.52000000000004,10,279.31999999999977,2opt,notBad
8999,10,280.52000000000004,10,279.31999999999977,2opt,notBad
9000,10,280.52000000000004,10,279.31999999999977,move,improve
9001,10,280.52000000000004,10,279.31999999999977,move,improve
9002,10,280.52000000000004,10,279.31999999999977,move,improve
9003,10,280.52000000000004,10,279.31999999999977,move,improve
9004,10,280.52000000000004,10,279.31999999999977,2opt,notBad
9005,10,280.52000000000004,10,279.31999999999977,2opt,notBad
9006,10,280.52000000000004,10,279.31999999999977,swap,notBad
9007,10,280.52000000000004,10,279.31999999999977,swap,notBad
9008,10,280.52000000000004,10,279.31999999999977,move,improve
9009,10,280.52000000000004,10,279.31999999999977,move,improve
9010,10,280.52000000000004,10,279.31999999999977,2opt,notBad
9011,10,280.87999999999994,10,279.31999999999977,swap,acceptBad
9012,10,280.87999999999994,10,279.31999999999977,swap,notBad
9013,10,280.87999999999994,10,279.31999999999977,swap,notBad
9014,10,280.87999999999994,10,279.31999999999977,move,improve
9015,10,280.87999999999994,10,279.31999999999977,move,notBad
9016,10,280.87999999999994,10,279.31999999999977,move,improve
9017,10,280.87999999999994,10,279.31999999999977,2opt,notBad
9018,10,280.87999999999994,10,279.31999999999977,2opt,notBad
9019,10,280.87999999999994,10,279.31999999999977,2opt,notBad
9020,10,280.87999999999994,10,279.31999999999977,move,improve
9021,10,280.87999999999994,10,279.31999999999977,swap,notBad
9022,10,280.87999999999994,10,279.31999999999977,swap,notBad
9023,10,280.87999999999994,10,279.31999999999977,2opt,notBad
9024,10,280.87999999999994,10,279.31999999999977,move,improve
9025,10,280.87999999999994,10,279.31999999999977,2opt,improve
9026,10,280.87999999999994,10,279.31999999999977,swap,notBad
9027,10,280.87999999999994,10,279.31999999999977,2opt,improve
9028,10,280.87999999999994,10,279.31999999999977,swap,notBad
9029,10,280.87999999999994,10,279.31999999999977,move,improve
9030,10,280.87999999999994,10,279.31999999999977,swap,notBad
9031,10,280.87999999999994,10,279.31999999999977,swap,notBad
9032,10,280.87999999999994,10,279.31999999999977,move,improve
9033,10,280.87999999999994,10,279.31999999999977,swap,notBad
9034,10,280.87999999999994,10,279.31999999999977,move,improve
9035,10,280.87999999999994,10,279.31999999999977,swap,notBad
9036,10,280.87999999999994,10,279.31999999999977,2opt,notBad
9037,10,280.87999999999994,10,279.31999999999977,swap,notBad
9038,10,280.87999999999994,10,279.31999999999977,swap,notBad
9039,10,280.87999999999994,10,279.31999999999977,move,improve
9040,10,280.87999999999994,10,279.31999999999977,2opt,notBad
9041,10,280.87999999999994,10,279.31999999999977,move,improve
9042,10,280.87999999999994,10,279.31999999999977,swap,notBad
9043,10,280.87999999999994,10,279.31999999999977,move,improve
9044,10,280.87999999999994,10,279.31999999999977,2opt,notBad
9045,10,280.87999999999994,10,279.31999999999977,swap,notBad
9046,10,280.87999999999994,10,279.31999999999977,2opt,notBad
9047,10,280.87999999999994,10,279.31999999999977,swap,notBad
9048,10,280.87999999999994,10,279.31999999999977,2opt,notBad
9049,10,280.87999999999994,10,279.31999999999977,move,improve
9050,10,280.87999999999994,10,279.31999999999977,2opt,notBad
9051,10,280.87999999999994,10,279.31999999999977,2opt,notBad
9052,10,280.87999999999994,10,279.31999999999977,move,improve
9053,10,280.87999999999994,10,279.31999999999977,swap,notBad
9054,10,280.87999999999994,10,279.31999999999977,2opt,notBad
9055,10,280.87999999999994,10,279.31999999999977,swap,notBad
9056,10,280.87999999999994,10,279.31999999999977,2opt,improve
9057,10,280.87999999999994,10,279.31999999999977,swap,notBad
9058,10,280.91999999999996,10,279.31999999999977,swap,acceptBad
9059,10,280.91999999999996,10,279.31999999999977,move,improve
9060,10,280.91999999999996,10,279.31999999999977,2opt,notBad
9061,10,280.91999999999996,10,279.31999999999977,2opt,notBad
9062,10,280.91999999999996,10,279.31999999999977,move,improve
9063,10,280.91999999999996,10,279.31999999999977,swap,notBad
9064,10,280.91999999999996,10,279.31999999999977,swap,notBad
9065,10,280.91999999999996,10,279.31999999999977,2opt,improve
9066,10,280.91999999999996,10,279.31999999999977,swap,notBad
9067,10,280.91999999999996,10,279.31999999999977,2opt,notBad
9068,10,280.91999999999996,10,279.31999999999977,move,improve
9069,10,280.91999999999996,10,279.31999999999977,swap,notBad
9070,10,280.91999999999996,10,279.31999999999977,move,improve
9071,10,280.91999999999996,10,279.31999999999977,2opt,notBad
9072,10,280.91999999999996,10,279.31999999999977,swap,notBad
9073,10,280.91999999999996,10,279.31999999999977,2opt,notBad
9074,10,280.91999999999996,10,279.31999999999977,2opt,notBad
9075,10,280.91999999999996,10,279.31999999999977,move,improve
9076,10,280.91999999999996,10,279.31999999999977,move,improve
9077,10,280.91999999999996,10,279.31999999999977,move,improve
9078,10,280.91999999999996,10,279.31999999999977,move,improve
9079,10,280.91999999999996,10,279.31999999999977,swap,notBad
9080,10,280.91999999999996,10,279.31999999999977,2opt,notBad
9081,10,280.91999999999996,10,279.31999999999977,2opt,notBad
9082,10,280.56000000000006,10,279.31999999999977,move,improve
9083,10,281.6000000000001,10,279.31999999999977,swap,acceptBad
9084,10,281.6000000000001,10,279.31999999999977,swap,notBad
9085,10,281.6000000000001,10,279.31999999999977,swap,notBad
9086,10,281.6000000000001,10,279.31999999999977,swap,notBad
9087,10,281.6000000000001,10,279.31999999999977,swap,notBad
9088,10,281.6000000000001,10,279.31999999999977,move,improve
9089,10,281.6000000000001,10,279.31999999999977,move,improve
9090,10,281.6000000000001,10,279.31999999999977,swap,notBad
9091,10,281.6000000000001,10,279.31999999999977,swap,notBad
9092,10,281.6000000000001,10,279.31999999999977,2opt,notBad
9093,10,281.6000000000001,10,279.31999999999977,move,improve
9094,10,281.6000000000001,10,279.31999999999977,swap,notBad
9095,10,281.6000000000001,10,279.31999999999977,swap,notBad
9096,10,281.6000000000001,10,279.31999999999977,swap,notBad
9097,10,281.6000000000001,10,279.31999999999977,swap,notBad
9098,10,281.6000000000001,10,279.31999999999977,2opt,notBad
9099,10,281.6000000000001,10,279.31999999999977,move,improve
9100,10,281.6000000000001,10,279.31999999999977,move,improve
9101,10,281.6000000000001,10,279.31999999999977,swap,notBad
9102,10,281.6000000000001,10,279.31999999999977,move,improve
9103,10,281.6000000000001,10,279.31999999999977,swap,notBad
9104,10,281.6000000000001,10,279.31999999999977,2opt,notBad
9105,10,281.6000000000001,10,279.31999999999977,move,improve
9106,10,281.6000000000001,10,279.31999999999977,move,improve
9107,10,281.6000000000001,10,279.31999999999977,2opt,notBad
9108,10,281.6000000000001,10,279.31999999999977,2opt,improve
9109,10,281.6000000000001,10,279.31999999999977,move,improve
9110,10,281.6000000000001,10,279.31999999999977,2opt,improve
9111,10,281.6000000000001,10,279.31999999999977,2opt,notBad
9112,10,281.6000000000001,10,279.31999999999977,2opt,notBad
9113,10,281.6000000000001,10,279.31999999999977,move,improve
9114,10,281.6000000000001,10,279.31999999999977,move,improve
9115,10,281.6000000000001,10,279.31999999999977,move,improve
9116,10,281.6000000000001,10,279.31999999999977,2opt,notBad
9117,10,281.6000000000001,10,279.31999999999977,move,improve
9118,10,281.6000000000001,10,279.31999999999977,2opt,notBad
9119,10,281.6000000000001,10,279.31999999999977,move,improve
9120,10,281.6000000000001,10,279.31999999999977,move,improve
9121,10,281.6000000000001,10,279.31999999999977,swap,notBad
9122,10,281.6000000000001,10,279.31999999999977,2opt,notBad
9123,10,281.6000000000001,10,279.31999999999977,2opt,notBad
9124,10,281.6000000000001,10,279.31999999999977,2opt,notBad
9125,10,281.6000000000001,10,279.31999999999977,move,improve
9126,10,281.6000000000001,10,279.31999999999977,swap,notBad
9127,10,281.6000000000001,10,279.31999999999977,move,improve
9128,10,281.6000000000001,10,279.31999999999977,swap,notBad
9129,10,281.6000000000001,10,279.31999999999977,2opt,notBad
9130,10,281.6000000000001,10,279.31999999999977,move,improve
9131,10,281.6000000000001,10,279.31999999999977,swap,notBad
9132,10,281.6000000000001,10,279.31999999999977,2opt,notBad
9133,10,281.6000000000001,10,279.31999999999977,2opt,notBad
9134,10,281.6000000000001,10,279.31999999999977,move,improve
9135,10,281.6000000000001,10,279.31999999999977,2opt,notBad
9136,10,281.6000000000001,10,279.31999999999977,2opt,notBad
9137,10,281.6000000000001,10,279.31999999999977,swap,notBad
9138,10,281.6000000000001,10,279.31999999999977,2opt,notBad
9139,10,281.6000000000001,10,279.31999999999977,2opt,notBad
9140,10,281.6000000000001,10,279.31999999999977,2opt,notBad
9141,10,280.56000000000006,10,279.31999999999977,swap,improve
9142,10,280.56000000000006,10,279.31999999999977,2opt,improve
9143,10,280.56000000000006,10,279.31999999999977,swap,notBad
9144,10,280.52000000000004,10,279.31999999999977,move,improve
9145,10,280.52000000000004,10,279.31999999999977,swap,notBad
9146,10,280.52000000000004,10,279.31999999999977,swap,notBad
9147,10,280.52000000000004,10,279.31999999999977,swap,notBad
9148,10,280.52000000000004,10,279.31999999999977,swap,notBad
9149,10,280.52000000000004,10,279.31999999999977,swap,notBad
9150,10,280.52000000000004,10,279.31999999999977,move,improve
9151,10,280.52000000000004,10,279.31999999999977,swap,notBad
9152,10,280.52000000000004,10,279.31999999999977,2opt,notBad
9153,10,280.52000000000004,10,279.31999999999977,move,improve
9154,10,280.52000000000004,10,279.31999999999977,move,improve
9155,10,280.52000000000004,10,279.31999999999977,2opt,notBad
9156,10,280.52000000000004,10,279.31999999999977,move,improve
9157,10,280.52000000000004,10,279.31999999999977,swap,notBad
9158,10,280.52000000000004,10,279.31999999999977,move,improve
9159,10,280.52000000000004,10,279.31999999999977,move,improve
9160,10,280.52000000000004,10,279.31999999999977,2opt,notBad
9161,10,280.52000000000004,10,279.31999999999977,2opt,notBad
9162,10,280.52000000000004,10,279.31999999999977,swap,notBad
9163,10,280.52000000000004,10,279.31999999999977,2opt,notBad
9164,10,280.52000000000004,10,279.31999999999977,2opt,notBad
9165,10,280.52000000000004,10,279.31999999999977,swap,notBad
9166,10,280.52000000000004,10,279.31999999999977,move,improve
9167,10,280.52000000000004,10,279.31999999999977,swap,notBad
9168,10,280.52000000000004,10,279.31999999999977,move,improve
9169,10,280.52000000000004,10,279.31999999999977,move,improve
9170,10,280.52000000000004,10,279.31999999999977,swap,notBad
9171,10,280.52000000000004,10,279.31999999999977,2opt,notBad
9172,10,280.52000000000004,10,279.31999999999977,2opt,notBad
9173,10,280.52000000000004,10,279.31999999999977,2opt,notBad
9174,10,280.52000000000004,10,279.31999999999977,swap,notBad
9175,10,280.52000000000004,10,279.31999999999977,2opt,improve
9176,10,280.52000000000004,10,279.31999999999977,move,improve
9177,10,280.52000000000004,10,279.31999999999977,2opt,notBad
9178,10,280.52000000000004,10,279.31999999999977,move,improve
9179,10,280.52000000000004,10,279.31999999999977,swap,notBad
9180,10,280.52000000000004,10,279.31999999999977,move,improve
9181,10,280.52000000000004,10,279.31999999999977,move,improve
9182,10,280.52000000000004,10,279.31999999999977,2opt,notBad
9183,10,280.52000000000004,10,279.31999999999977,swap,notBad
9184,10,280.52000000000004,10,279.31999999999977,swap,notBad
9185,10,281.2,10,279.31999999999977,swap,acceptBad
9186,10,281.2,10,279.31999999999977,2opt,notBad
9187,10,281.2,10,279.31999999999977,swap,notBad
9188,10,281.2,10,279.31999999999977,2opt,notBad
9189,10,281.2,10,279.31999999999977,move,improve
9190,10,281.2,10,279.31999999999977,swap,notBad
9191,10,281.2,10,279.31999999999977,move,improve
9192,10,281.2,10,279.31999999999977,swap,notBad
9193,10,281.2,10,279.31999999999977,move,improve
9194,10,281.2,10,279.31999999999977,2opt,notBad
9195,10,281.2,10,279.31999999999977,move,improve
9196,10,281.2,10,279.31999999999977,2opt,notBad
9197,10,280.91999999999996,10,279.31999999999977,swap,improve
9198,10,280.91999999999996,10,279.31999999999977,swap,notBad
9199,10,280.91999999999996,10,279.31999999999977,move,improve
9200,10,280.91999999999996,10,279.31999999999977,2opt,notBad
9201,10,280.91999999999996,10,279.31999999999977,swap,notBad
9202,10,280.91999999999996,10,279.31999999999977,swap,notBad
9203,10,280.91999999999996,10,279.31999999999977,move,improve
9204,10,280.91999999999996,10,279.31999999999977,move,improve
9205,10,280.91999999999996,10,279.31999999999977,2opt,notBad
9206,10,280.91999999999996,10,279.31999999999977,swap,notBad
9207,10,280.91999999999996,10,279.31999999999977,swap,notBad
9208,10,280.91999999999996,10,279.31999999999977,2opt,notBad
9209,10,280.91999999999996,10,279.31999999999977,2opt,notBad
9210,10,280.91999999999996,10,279.31999999999977,2opt,notBad
9211,10,280.91999999999996,10,279.31999999999977,move,improve
9212,10,280.91999999999996,10,279.31999999999977,swap,notBad
9213,10,280.91999999999996,10,279.31999999999977,2opt,notBad
9214,10,280.91999999999996,10,279.31999999999977,move,improve
9215,10,280.91999999999996,10,279.31999999999977,swap,notBad
9216,10,280.91999999999996,10,279.31999999999977,move,notBad
9217,10,280.91999999999996,10,279.31999999999977,swap,notBad
9218,10,280.91999999999996,10,279.31999999999977,2opt,notBad
9219,10,280.91999999999996,10,279.31999999999977,2opt,notBad
9220,10,280.91999999999996,10,279.31999999999977,swap,notBad
9221,10,280.91999999999996,10,279.31999999999977,move,improve
9222,10,280.91999999999996,10,279.31999999999977,2opt,notBad
9223,10,280.91999999999996,10,279.31999999999977,swap,notBad
9224,10,280.91999999999996,10,279.31999999999977,2opt,notBad
9225,10,280.91999999999996,10,279.31999999999977,move,improve
9226,10,280.91999999999996,10,279.31999999999977,2opt,notBad
9227,10,280.91999999999996,10,279.31999999999977,swap,notBad
9228,10,280.91999999999996,10,279.31999999999977,swap,notBad
9229,10,280.91999999999996,10,279.31999999999977,swap,notBad
9230,10,280.91999999999996,10,279.31999999999977,move,improve
9231,10,280.91999999999996,10,279.31999999999977,2opt,notBad
9232,10,280.91999999999996,10,279.31999999999977,swap,notBad
9233,10,280.91999999999996,10,279.31999999999977,2opt,notBad
9234,10,280.91999999999996,10,279.31999999999977,swap,notBad
9235,10,280.91999999999996,10,279.31999999999977,move,improve
9236,10,280.91999999999996,10,279.31999999999977,move,improve
9237,10,280.91999999999996,10,279.31999999999977,2opt,notBad
9238,10,280.91999999999996,10,279.31999999999977,2opt,notBad
9239,10,280.91999999999996,10,279.31999999999977,swap,notBad
9240,10,280.91999999999996,10,279.31999999999977,2opt,notBad
9241,10,280.91999999999996,10,279.31999999999977,move,improve
9242,10,280.91999999999996,10,279.31999999999977,2opt,notBad
9243,10,280.91999999999996,10,279.31999999999977,move,improve
9244,10,280.91999999999996,10,279.31999999999977,2opt,notBad
9245,10,280.91999999999996,10,279.31999999999977,swap,notBad
9246,10,280.91999999999996,10,279.31999999999977,move,improve
9247,10,280.91999999999996,10,279.31999999999977,swap,notBad
9248,10,280.91999999999996,10,279.31999999999977,move,improve
9249,10,280.91999999999996,10,279.31999999999977,move,improve
9250,10,280.91999999999996,10,279.31999999999977,2opt,improve
9251,10,280.91999999999996,10,279.31999999999977,move,improve
9252,10,280.91999999999996,10,279.31999999999977,swap,notBad
9253,10,280.91999999999996,10,279.31999999999977,swap,notBad
9254,10,280.91999999999996,10,279.31999999999977,2opt,notBad
9255,10,280.91999999999996,10,279.31999999999977,swap,notBad
9256,10,280.91999999999996,10,279.31999999999977,swap,notBad
9257,10,280.91999999999996,10,279.31999999999977,swap,notBad
9258,10,280.91999999999996,10,279.31999999999977,2opt,notBad
9259,10,280.91999999999996,10,279.31999999999977,swap,notBad
9260,10,280.91999999999996,10,279.31999999999977,2opt,notBad
9261,10,280.91999999999996,10,279.31999999999977,move,improve
9262,10,280.91999999999996,10,279.31999999999977,swap,notBad
9263,10,280.91999999999996,10,279.31999999999977,move,improve
9264,10,280.91999999999996,10,279.31999999999977,swap,notBad
9265,10,280.91999999999996,10,279.31999999999977,move,improve
9266,10,280.91999999999996,10,279.31999999999977,swap,notBad
9267,10,280.91999999999996,10,279.31999999999977,2opt,notBad
9268,10,280.91999999999996,10,279.31999999999977,2opt,notBad
9269,10,280.91999999999996,10,279.31999999999977,swap,notBad
9270,10,280.91999999999996,10,279.31999999999977,2opt,notBad
9271,10,280.91999999999996,10,279.31999999999977,2opt,notBad
9272,10,280.91999999999996,10,279.31999999999977,swap,notBad
9273,10,280.91999999999996,10,279.31999999999977,swap,notBad
9274,10,280.91999999999996,10,279.31999999999977,2opt,notBad
9275,10,280.91999999999996,10,279.31999999999977,2opt,notBad
9276,10,280.91999999999996,10,279.31999999999977,move,improve
9277,10,280.91999999999996,10,279.31999999999977,swap,notBad
9278,10,280.91999999999996,10,279.31999999999977,2opt,notBad
9279,10,280.91999999999996,10,279.31999999999977,move,improve
9280,10,280.91999999999996,10,279.31999999999977,move,improve
9281,10,280.91999999999996,10,279.31999999999977,swap,notBad
9282,10,280.91999999999996,10,279.31999999999977,2opt,notBad
9283,10,280.91999999999996,10,279.31999999999977,move,improve
9284,10,280.91999999999996,10,279.31999999999977,swap,notBad
9285,10,280.91999999999996,10,279.31999999999977,move,improve
9286,10,280.91999999999996,10,279.31999999999977,swap,notBad
9287,10,280.91999999999996,10,279.31999999999977,move,improve
9288,10,280.91999999999996,10,279.31999999999977,2opt,notBad
9289,10,280.91999999999996,10,279.31999999999977,swap,notBad
9290,10,280.91999999999996,10,279.31999999999977,2opt,improve
9291,10,280.91999999999996,10,279.31999999999977,swap,notBad
9292,10,280.91999999999996,10,279.31999999999977,move,improve
9293,10,280.91999999999996,10,279.31999999999977,move,improve
9294,10,280.91999999999996,10,279.31999999999977,move,improve
9295,10,280.91999999999996,10,279.31999999999977,move,improve
9296,10,280.91999999999996,10,279.31999999999977,move,improve
9297,10,280.91999999999996,10,279.31999999999977,2opt,notBad
9298,10,280.91999999999996,10,279.31999999999977,swap,notBad
9299,10,280.91999999999996,10,279.31999999999977,move,improve
9300,10,280.91999999999996,10,279.31999999999977,move,improve
9301,10,280.91999999999996,10,279.31999999999977,swap,notBad
9302,10,280.91999999999996,10,279.31999999999977,move,improve
9303,10,280.91999999999996,10,279.31999999999977,swap,notBad
9304,10,280.91999999999996,10,279.31999999999977,move,improve
9305,10,280.91999999999996,10,279.31999999999977,move,improve
9306,10,280.91999999999996,10,279.31999999999977,swap,notBad
9307,10,280.91999999999996,10,279.31999999999977,2opt,notBad
9308,10,280.91999999999996,10,279.31999999999977,swap,notBad
9309,10,280.91999999999996,10,279.31999999999977,swap,notBad
9310,10,280.91999999999996,10,279.31999999999977,2opt,improve
9311,10,280.91999999999996,10,279.31999999999977,move,improve
9312,10,280.91999999999996,10,279.31999999999977,swap,notBad
9313,10,280.91999999999996,10,279.31999999999977,2opt,notBad
9314,10,280.91999999999996,10,279.31999999999977,swap,notBad
9315,10,280.91999999999996,10,279.31999999999977,move,improve
9316,10,280.91999999999996,10,279.31999999999977,2opt,notBad
9317,10,280.91999999999996,10,279.31999999999977,2opt,notBad
9318,10,280.91999999999996,10,279.31999999999977,swap,notBad
9319,10,280.91999999999996,10,279.31999999999977,2opt,notBad
9320,10,280.91999999999996,10,279.31999999999977,swap,notBad
9321,10,280.91999999999996,10,279.31999999999977,2opt,notBad
9322,10,280.91999999999996,10,279.31999999999977,2opt,notBad
9323,10,280.91999999999996,10,279.31999999999977,2opt,notBad
9324,10,280.91999999999996,10,279.31999999999977,swap,notBad
9325,10,280.91999999999996,10,279.31999999999977,2opt,notBad
9326,10,280.91999999999996,10,279.31999999999977,move,improve
9327,10,280.91999999999996,10,279.31999999999977,2opt,notBad
9328,10,280.91999999999996,10,279.31999999999977,2opt,notBad
9329,10,280.91999999999996,10,279.31999999999977,2opt,notBad
9330,10,280.91999999999996,10,279.31999999999977,swap,notBad
9331,10,280.91999999999996,10,279.31999999999977,swap,notBad
9332,10,280.91999999999996,10,279.31999999999977,swap,notBad
9333,10,280.91999999999996,10,279.31999999999977,move,improve
9334,10,280.91999999999996,10,279.31999999999977,move,improve
9335,10,280.91999999999996,10,279.31999999999977,2opt,notBad
9336,10,280.91999999999996,10,279.31999999999977,swap,notBad
9337,10,280.91999999999996,10,279.31999999999977,move,improve
9338,10,280.91999999999996,10,279.31999999999977,2opt,notBad
9339,10,280.91999999999996,10,279.31999999999977,move,improve
9340,10,280.91999999999996,10,279.31999999999977,swap,notBad
9341,10,280.91999999999996,10,279.31999999999977,swap,notBad
9342,10,280.91999999999996,10,279.31999999999977,swap,notBad
9343,10,280.91999999999996,10,279.31999999999977,swap,notBad
9344,10,280.91999999999996,10,279.31999999999977,2opt,notBad
9345,10,280.91999999999996,10,279.31999999999977,swap,notBad
9346,10,280.91999999999996,10,279.31999999999977,swap,notBad
9347,10,280.91999999999996,10,279.31999999999977,move,improve
9348,10,280.91999999999996,10,279.31999999999977,2opt,notBad
9349,10,280.91999999999996,10,279.31999999999977,swap,notBad
9350,10,281.04,10,279.31999999999977,swap,acceptBad
9351,10,281.04,10,279.31999999999977,swap,notBad
9352,10,281.04,10,279.31999999999977,move,improve
9353,10,281.04,10,279.31999999999977,swap,notBad
9354,10,281.04,10,279.31999999999977,move,improve
9355,10,281.04,10,279.31999999999977,move,improve
9356,10,281.04,10,279.31999999999977,move,improve
9357,10,281.04,10,279.31999999999977,swap,notBad
9358,10,281.04,10,279.31999999999977,move,improve
9359,10,281.04,10,279.31999999999977,swap,notBad
9360,10,281.68000000000006,10,279.31999999999977,swap,acceptBad
9361,10,281.68000000000006,10,279.31999999999977,2opt,improve
9362,10,281.68000000000006,10,279.31999999999977,swap,notBad
9363,10,281.68000000000006,10,279.31999999999977,2opt,notBad
9364,10,281.68000000000006,10,279.31999999999977,swap,notBad
9365,10,281.68000000000006,10,279.31999999999977,swap,notBad
9366,10,281.68000000000006,10,279.31999999999977,swap,notBad
9367,10,281.68000000000006,10,279.31999999999977,swap,notBad
9368,10,281.68000000000006,10,279.31999999999977,2opt,notBad
9369,10,281.68000000000006,10,279.31999999999977,move,improve
9370,10,281.68000000000006,10,279.31999999999977,2opt,notBad
9371,10,281.68000000000006,10,279.31999999999977,swap,notBad
9372,10,281.68000000000006,10,279.31999999999977,move,improve
9373,10,281.68000000000006,10,279.31999999999977,swap,notBad
9374,10,281.68000000000006,10,279.31999999999977,swap,notBad
9375,10,281.68000000000006,10,279.31999999999977,2opt,notBad
9376,10,281.68000000000006,10,279.31999999999977,2opt,notBad
9377,10,281.68000000000006,10,279.31999999999977,move,improve
9378,10,281.68000000000006,10,279.31999999999977,swap,notBad
9379,10,281.68000000000006,10,279.31999999999977,move,improve
9380,10,281.68000000000006,10,279.31999999999977,2opt,notBad
9381,10,281.68000000000006,10,279.31999999999977,swap,notBad
9382,10,281.68000000000006,10,279.31999999999977,swap,notBad
9383,10,281.68000000000006,10,279.31999999999977,2opt,notBad
9384,10,281.68000000000006,10,279.31999999999977,move,improve
9385,10,281.68000000000006,10,279.31999999999977,move,improve
9386,10,281.68000000000006,10,279.31999999999977,2opt,notBad
9387,10,281.68000000000006,10,279.31999999999977,2opt,improve
9388,10,281.68000000000006,10,279.31999999999977,swap,notBad
9389,10,281.68000000000006,10,279.31999999999977,move,improve
9390,10,281.68000000000006,10,279.31999999999977,swap,notBad
9391,10,281.68000000000006,10,279.31999999999977,swap,notBad
9392,10,281.68000000000006,10,279.31999999999977,2opt,notBad
9393,10,281.68000000000006,10,279.31999999999977,move,improve
9394,10,281.68000000000006,10,279.31999999999977,2opt,notBad
9395,10,281.68000000000006,10,279.31999999999977,move,improve
9396,10,281.68000000000006,10,279.31999999999977,swap,notBad
9397,10,281.68000000000006,10,279.31999999999977,swap,notBad
9398,10,281.68000000000006,10,279.31999999999977,swap,notBad
9399,10,281.68000000000006,10,279.31999999999977,move,improve
9400,10,281.3000000000004,10,279.31999999999977,move,improve
9401,10,281.3000000000004,10,279.31999999999977,move,improve
9402,10,281.3000000000004,10,279.31999999999977,swap,notBad
9403,10,281.3000000000004,10,279.31999999999977,swap,notBad
9404,10,281.3000000000004,10,279.31999999999977,2opt,notBad
9405,10,281.3000000000004,10,279.31999999999977,2opt,notBad
9406,10,281.3000000000004,10,279.31999999999977,move,improve
9407,10,281.3000000000004,10,279.31999999999977,2opt,notBad
9408,10,281.3400000000004,10,279.31999999999977,2opt,acceptBad
9409,10,281.3400000000004,10,279.31999999999977,swap,notBad
9410,10,281.3400000000004,10,279.31999999999977,swap,notBad
9411,10,281.3400000000004,10,279.31999999999977,move,improve
9412,10,281.3400000000004,10,279.31999999999977,move,improve
9413,10,281.3400000000004,10,279.31999999999977,2opt,notBad
9414,10,281.3400000000004,10,279.31999999999977,move,improve
9415,10,281.3400000000004,10,279.31999999999977,2opt,notBad
9416,10,281.3400000000004,10,279.31999999999977,move,improve
9417,10,281.3400000000004,10,279.31999999999977,2opt,notBad
9418,10,281.3400000000004,10,279.31999999999977,move,improve
9419,10,281.3400000000004,10,279.31999999999977,swap,notBad
9420,10,281.3400000000004,10,279.31999999999977,swap,notBad
9421,10,281.3400000000004,10,279.31999999999977,2opt,improve
9422,10,281.3400000000004,10,279.31999999999977,2opt,improve
9423,10,281.3400000000004,10,279.31999999999977,move,improve
9424,10,281.3400000000004,10,279.31999999999977,2opt,notBad
9425,10,281.3400000000004,10,279.31999999999977,move,improve
9426,10,281.3400000000004,10,279.31999999999977,swap,notBad
9427,10,281.3400000000004,10,279.31999999999977,2opt,notBad
9428,10,281.3400000000004,10,279.31999999999977,swap,notBad
9429,10,281.3400000000004,10,279.31999999999977,2opt,notBad
9430,10,281.3400000000004,10,279.31999999999977,2opt,improve
9431,10,281.3400000000004,10,279.31999999999977,2opt,notBad
9432,10,281.3400000000004,10,279.31999999999977,swap,notBad
9433,10,281.3400000000004,10,279.31999999999977,2opt,notBad
9434,10,281.3400000000004,10,279.31999999999977,swap,notBad
9435,10,281.3400000000004,10,279.31999999999977,swap,notBad
9436,10,281.3400000000004,10,279.31999999999977,move,improve
9437,10,281.3400000000004,10,279.31999999999977,move,improve
9438,10,281.3000000000004,10,279.31999999999977,move,improve
9439,10,281.3000000000004,10,279.31999999999977,2opt,improve
9440,10,281.3000000000004,10,279.31999999999977,move,improve
9441,10,281.3000000000004,10,279.31999999999977,2opt,notBad
9442,10,281.3000000000002,10,279.31999999999977,move,improve
9443,10,281.3000000000002,10,279.31999999999977,2opt,notBad
9444,10,281.3000000000002,10,279.31999999999977,swap,notBad
9445,10,281.3000000000002,10,279.31999999999977,move,improve
9446,10,281.3000000000002,10,279.31999999999977,swap,notBad
9447,10,281.3000000000002,10,279.31999999999977,swap,notBad
9448,10,281.3000000000002,10,279.31999999999977,2opt,notBad
9449,10,281.3000000000002,10,279.31999999999977,move,improve
9450,10,281.3000000000002,10,279.31999999999977,move,improve
9451,10,281.3000000000002,10,279.31999999999977,move,improve
9452,10,281.3000000000002,10,279.31999999999977,2opt,notBad
9453,10,281.3000000000002,10,279.31999999999977,2opt,notBad
9454,10,281.3000000000002,10,279.31999999999977,swap,notBad
9455,10,281.3000000000002,10,279.31999999999977,move,improve
9456,10,280.6600000000002,10,279.31999999999977,swap,improve
9457,10,280.6600000000002,10,279.31999999999977,2opt,notBad
9458,10,280.6600000000002,10,279.31999999999977,swap,notBad
9459,10,280.6600000000002,10,279.31999999999977,swap,notBad
9460,10,280.6600000000002,10,279.31999999999977,swap,notBad
9461,10,280.6600000000002,10,279.31999999999977,move,improve
9462,10,280.6600000000002,10,279.31999999999977,2opt,notBad
9463,10,280.6600000000002,10,279.31999999999977,swap,notBad
9464,10,280.6600000000002,10,279.31999999999977,2opt,notBad
9465,10,280.6600000000002,10,279.31999999999977,2opt,notBad
9466,10,280.6600000000002,10,279.31999999999977,2opt,notBad
9467,10,280.6600000000002,10,279.31999999999977,2opt,notBad
9468,10,280.6600000000002,10,279.31999999999977,swap,notBad
9469,10,280.6600000000002,10,279.31999999999977,move,notBad
9470,10,280.6600000000002,10,279.31999999999977,2opt,notBad
9471,10,280.6600000000002,10,279.31999999999977,move,improve
9472,10,280.6600000000002,10,279.31999999999977,move,improve
9473,10,280.6600000000002,10,279.31999999999977,2opt,notBad
9474,10,280.6600000000002,10,279.31999999999977,move,notBad
9475,10,280.6600000000002,10,279.31999999999977,2opt,notBad
9476,10,280.6600000000002,10,279.31999999999977,swap,notBad
9477,10,280.6600000000002,10,279.31999999999977,move,improve
9478,10,280.6600000000002,10,279.31999999999977,swap,notBad
9479,10,280.6600000000002,10,279.31999999999977,move,improve
9480,10,280.6600000000002,10,279.31999999999977,2opt,notBad
9481,10,280.6600000000002,10,279.31999999999977,swap,notBad
9482,10,280.6600000000002,10,279.31999999999977,swap,notBad
9483,10,280.6600000000002,10,279.31999999999977,swap,notBad
9484,10,280.6600000000002,10,279.31999999999977,move,improve
9485,10,280.6600000000002,10,279.31999999999977,2opt,notBad
9486,10,280.6600000000002,10,279.31999999999977,2opt,notBad
9487,10,280.6600000000002,10,279.31999999999977,2opt,improve
9488,10,280.6600000000002,10,279.31999999999977,2opt,notBad
9489,10,280.6600000000002,10,279.31999999999977,2opt,notBad
9490,10,280.6600000000002,10,279.31999999999977,2opt,notBad
9491,10,280.6600000000002,10,279.31999999999977,2opt,notBad
9492,10,280.6600000000002,10,279.31999999999977,move,improve
9493,10,280.6600000000002,10,279.31999999999977,move,improve
9494,10,280.6600000000002,10,279.31999999999977,move,improve
9495,10,280.6600000000002,10,279.31999999999977,2opt,notBad
9496,10,280.6600000000002,10,279.31999999999977,2opt,notBad
9497,10,280.6600000000002,10,279.31999999999977,move,improve
9498,10,280.6600000000002,10,279.31999999999977,2opt,notBad
9499,10,280.6600000000002,10,279.31999999999977,swap,notBad
9500,10,280.6600000000002,10,279.31999999999977,move,improve
9501,10,280.6600000000002,10,279.31999999999977,swap,notBad
9502,10,280.6600000000002,10,279.31999999999977,move,improve
9503,10,280.6600000000002,10,279.31999999999977,move,improve
9504,10,280.6600000000002,10,279.31999999999977,2opt,notBad
9505,10,280.6600000000002,10,279.31999999999977,2opt,notBad
9506,10,280.6600000000002,10,279.31999999999977,swap,notBad
9507,10,280.6600000000002,10,279.31999999999977,2opt,notBad
9508,10,280.6600000000002,10,279.31999999999977,move,improve
9509,10,280.6600000000002,10,279.31999999999977,move,improve
9510,10,280.6600000000002,10,279.31999999999977,move,notBad
9511,10,280.6600000000002,10,279.31999999999977,move,improve
9512,10,280.6600000000002,10,279.31999999999977,2opt,improve
9513,10,280.6600000000002,10,279.31999999999977,swap,notBad
9514,10,280.6600000000002,10,279.31999999999977,move,improve
9515,10,280.6600000000002,10,279.31999999999977,2opt,notBad
9516,10,280.6600000000002,10,279.31999999999977,move,improve
9517,10,280.6600000000002,10,279.31999999999977,swap,notBad
9518,10,280.6600000000002,10,279.31999999999977,swap,notBad
9519,10,280.6600000000002,10,279.31999999999977,2opt,notBad
9520,10,280.6600000000002,10,279.31999999999977,2opt,notBad
9521,10,280.6600000000002,10,279.31999999999977,swap,notBad
9522,10,280.6600000000002,10,279.31999999999977,move,improve
9523,10,280.6600000000002,10,279.31999999999977,move,improve
9524,10,280.6600000000002,10,279.31999999999977,2opt,notBad
9525,10,280.6600000000002,10,279.31999999999977,move,improve
9526,10,280.6600000000002,10,279.31999999999977,swap,notBad
9527,10,280.6600000000002,10,279.31999999999977,swap,notBad
9528,10,280.6600000000002,10,279.31999999999977,swap,notBad
9529,10,280.6600000000002,10,279.31999999999977,swap,notBad
9530,10,280.6600000000002,10,279.31999999999977,2opt,notBad
9531,10,280.6600000000002,10,279.31999999999977,swap,notBad
9532,10,280.6600000000002,10,279.31999999999977,2opt,notBad
9533,10,280.6600000000002,10,279.31999999999977,2opt,notBad
9534,10,280.6600000000002,10,279.31999999999977,2opt,notBad
9535,10,280.6600000000002,10,279.31999999999977,move,improve
9536,10,280.6600000000002,10,279.31999999999977,2opt,notBad
9537,10,280.6600000000002,10,279.31999999999977,2opt,notBad
9538,10,280.6600000000002,10,279.31999999999977,2opt,notBad
9539,10,280.6600000000002,10,279.31999999999977,swap,notBad
9540,10,280.6600000000002,10,279.31999999999977,move,improve
9541,10,280.6600000000002,10,279.31999999999977,2opt,notBad
9542,10,280.6600000000002,10,279.31999999999977,swap,notBad
9543,10,280.6600000000002,10,279.31999999999977,move,improve
9544,10,280.6600000000002,10,279.31999999999977,2opt,improve
9545,10,280.6600000000002,10,279.31999999999977,move,improve
9546,10,280.6600000000002,10,279.31999999999977,2opt,notBad
9547,10,280.6600000000002,10,279.31999999999977,swap,notBad
9548,10,280.6600000000002,10,279.31999999999977,swap,notBad
9549,10,280.6600000000002,10,279.31999999999977,2opt,improve
9550,10,280.6600000000002,10,279.31999999999977,move,improve
9551,10,280.6600000000002,10,279.31999999999977,2opt,improve
9552,10,280.6600000000002,10,279.31999999999977,swap,notBad
9553,10,281.3000000000002,10,279.31999999999977,swap,acceptBad
9554,10,281.3000000000002,10,279.31999999999977,2opt,notBad
9555,10,281.3000000000002,10,279.31999999999977,swap,notBad
9556,10,281.3000000000002,10,279.31999999999977,2opt,notBad
9557,10,281.3000000000002,10,279.31999999999977,2opt,notBad
9558,10,281.3000000000002,10,279.31999999999977,2opt,improve
9559,10,281.3000000000002,10,279.31999999999977,swap,notBad
9560,10,281.3000000000002,10,279.31999999999977,move,improve
9561,10,281.3000000000002,10,279.31999999999977,swap,notBad
9562,10,281.3000000000002,10,279.31999999999977,2opt,notBad
9563,10,281.3000000000002,10,279.31999999999977,swap,notBad
9564,10,281.3000000000002,10,279.31999999999977,2opt,notBad
9565,10,281.3000000000002,10,279.31999999999977,swap,notBad
9566,10,281.3000000000002,10,279.31999999999977,swap,notBad
9567,10,281.3000000000002,10,279.31999999999977,move,notBad
9568,10,281.3000000000002,10,279.31999999999977,swap,notBad
9569,10,281.3000000000002,10,279.31999999999977,swap,notBad
9570,10,281.3000000000002,10,279.31999999999977,move,improve
9571,10,281.3000000000002,10,279.31999999999977,move,improve
9572,10,281.3000000000002,10,279.31999999999977,2opt,improve
9573,10,281.3000000000002,10,279.31999999999977,2opt,notBad
9574,10,281.3000000000002,10,279.31999999999977,move,improve
9575,10,281.3000000000002,10,279.31999999999977,2opt,notBad
9576,10,281.3000000000002,10,279.31999999999977,swap,notBad
9577,10,281.3000000000002,10,279.31999999999977,2opt,notBad
9578,10,281.3000000000002,10,279.31999999999977,swap,notBad
9579,10,281.3000000000002,10,279.31999999999977,swap,notBad
9580,10,281.3000000000002,10,279.31999999999977,swap,notBad
9581,10,281.3000000000002,10,279.31999999999977,2opt,notBad
9582,10,281.3000000000002,10,279.31999999999977,swap,notBad
9583,10,281.3000000000002,10,279.31999999999977,swap,notBad
9584,10,281.3000000000002,10,279.31999999999977,2opt,notBad
9585,10,281.3000000000002,10,279.31999999999977,move,improve
9586,10,281.3000000000002,10,279.31999999999977,swap,notBad
9587,10,281.3000000000002,10,279.31999999999977,swap,notBad
9588,10,281.3000000000002,10,279.31999999999977,swap,notBad
9589,10,281.3000000000002,10,279.31999999999977,swap,notBad
9590,10,281.3000000000002,10,279.31999999999977,2opt,notBad
9591,10,281.3000000000002,10,279.31999999999977,swap,notBad
9592,10,281.3000000000002,10,279.31999999999977,2opt,notBad
9593,10,281.3000000000002,10,279.31999999999977,swap,improve
9594,10,281.3000000000002,10,279.31999999999977,swap,notBad
9595,10,281.3000000000002,10,279.31999999999977,2opt,notBad
9596,10,281.3000000000002,10,279.31999999999977,swap,notBad
9597,10,281.3000000000002,10,279.31999999999977,2opt,notBad
9598,10,281.3000000000002,10,279.31999999999977,move,improve
9599,10,281.3000000000002,10,279.31999999999977,move,improve
9600,10,281.3000000000002,10,279.31999999999977,move,improve
9601,10,281.3000000000002,10,279.31999999999977,move,improve
9602,10,281.3000000000002,10,279.31999999999977,move,improve
9603,10,281.3000000000002,10,279.31999999999977,swap,notBad
9604,10,281.3000000000002,10,279.31999999999977,swap,notBad
9605,10,281.3000000000002,10,279.31999999999977,2opt,notBad
9606,10,281.3000000000002,10,279.31999999999977,2opt,improve
9607,10,281.3000000000002,10,279.31999999999977,swap,notBad
9608,10,281.3000000000002,10,279.31999999999977,swap,notBad
9609,10,281.3000000000002,10,279.31999999999977,move,improve
9610,10,281.3000000000002,10,279.31999999999977,move,improve
9611,10,281.3000000000002,10,279.31999999999977,swap,notBad
9612,10,281.3000000000002,10,279.31999999999977,swap,notBad
9613,10,281.3000000000002,10,279.31999999999977,swap,notBad
9614,10,281.3000000000002,10,279.31999999999977,swap,notBad
9615,10,281.3000000000002,10,279.31999999999977,2opt,notBad
9616,10,280.6600000000002,10,279.31999999999977,swap,improve
9617,10,280.6600000000002,10,279.31999999999977,move,improve
9618,10,280.6600000000002,10,279.31999999999977,2opt,notBad
9619,10,280.6600000000002,10,279.31999999999977,move,improve
9620,10,280.6600000000002,10,279.31999999999977,swap,notBad
9621,10,280.6600000000002,10,279.31999999999977,2opt,notBad
9622,10,280.6600000000002,10,279.31999999999977,swap,notBad
9623,10,280.6600000000002,10,279.31999999999977,move,improve
9624,10,280.6600000000002,10,279.31999999999977,2opt,improve
9625,10,280.6600000000002,10,279.31999999999977,2opt,notBad
9626,10,280.6600000000002,10,279.31999999999977,swap,notBad
9627,10,280.6600000000002,10,279.31999999999977,2opt,notBad
9628,10,280.6600000000002,10,279.31999999999977,2opt,improve
9629,10,280.6600000000002,10,279.31999999999977,2opt,improve
9630,10,280.6600000000002,10,279.31999999999977,move,improve
9631,10,280.6600000000002,10,279.31999999999977,move,improve
9632,10,280.6600000000002,10,279.31999999999977,2opt,notBad
9633,10,280.6600000000002,10,279.31999999999977,swap,notBad
9634,10,280.6600000000002,10,279.31999999999977,swap,notBad
9635,10,280.6600000000002,10,279.31999999999977,swap,notBad
9636,10,280.6600000000002,10,279.31999999999977,move,improve
9637,10,280.6600000000002,10,279.31999999999977,swap,notBad
9638,10,280.6600000000002,10,279.31999999999977,2opt,notBad
9639,10,280.6600000000002,10,279.31999999999977,2opt,notBad
9640,10,280.6600000000002,10,279.31999999999977,2opt,notBad
9641,10,280.6600000000002,10,279.31999999999977,move,improve
9642,10,280.6600000000002,10,279.31999999999977,move,improve
9643,10,280.6600000000002,10,279.31999999999977,move,improve
9644,10,280.6600000000002,10,279.31999999999977,move,notBad
9645,10,280.6600000000002,10,279.31999999999977,swap,notBad
9646,10,280.6600000000002,10,279.31999999999977,move,improve
9647,10,280.6600000000002,10,279.31999999999977,swap,notBad
9648,10,280.6600000000002,10,279.31999999999977,move,improve
9649,10,280.6600000000002,10,279.31999999999977,move,improve
9650,10,280.6600000000002,10,279.31999999999977,move,improve
9651,10,280.6600000000002,10,279.31999999999977,swap,notBad
9652,10,280.6600000000002,10,279.31999999999977,move,improve
9653,10,280.6600000000002,10,279.31999999999977,swap,notBad
9654,10,280.23999999999967,10,279.31999999999977,swap,improve
9655,10,280.23999999999967,10,279.31999999999977,move,improve
9656,10,280.23999999999967,10,279.31999999999977,swap,notBad
9657,10,280.23999999999967,10,279.31999999999977,swap,notBad
9658,10,280.23999999999967,10,279.31999999999977,swap,notBad
9659,10,280.23999999999967,10,279.31999999999977,swap,notBad
9660,10,280.23999999999967,10,279.31999999999977,move,improve
9661,10,280.23999999999967,10,279.31999999999977,swap,notBad
9662,10,280.23999999999967,10,279.31999999999977,2opt,notBad
9663,10,280.23999999999967,10,279.31999999999977,move,improve
9664,10,280.23999999999967,10,279.31999999999977,move,improve
9665,10,280.23999999999967,10,279.31999999999977,swap,notBad
9666,10,280.23999999999967,10,279.31999999999977,2opt,notBad
9667,10,280.23999999999967,10,279.31999999999977,2opt,notBad
9668,10,280.23999999999967,10,279.31999999999977,move,improve
9669,10,280.23999999999967,10,279.31999999999977,move,improve
9670,10,280.23999999999967,10,279.31999999999977,move,improve
9671,10,280.23999999999967,10,279.31999999999977,2opt,notBad
9672,10,280.23999999999967,10,279.31999999999977,swap,notBad
9673,10,280.23999999999967,10,279.31999999999977,2opt,notBad
9674,10,280.23999999999967,10,279.31999999999977,move,improve
9675,10,280.23999999999967,10,279.31999999999977,move,improve
9676,10,280.23999999999967,10,279.31999999999977,swap,notBad
9677,10,280.23999999999967,10,279.31999999999977,2opt,improve
9678,10,280.23999999999967,10,279.31999999999977,swap,notBad
9679,10,280.23999999999967,10,279.31999999999977,2opt,notBad
9680,10,280.23999999999967,10,279.31999999999977,swap,notBad
9681,10,280.23999999999967,10,279.31999999999977,swap,notBad
9682,10,280.23999999999967,10,279.31999999999977,move,improve
9683,10,280.23999999999967,10,279.31999999999977,2opt,notBad
9684,10,280.23999999999967,10,279.31999999999977,move,improve
9685,10,280.23999999999967,10,279.31999999999977,move,improve
9686,10,280.23999999999967,10,279.31999999999977,swap,notBad
9687,10,280.23999999999967,10,279.31999999999977,swap,notBad
9688,10,280.23999999999967,10,279.31999999999977,2opt,notBad
9689,10,280.23999999999967,10,279.31999999999977,move,improve
9690,10,280.23999999999967,10,279.31999999999977,swap,notBad
9691,10,280.23999999999967,10,279.31999999999977,swap,notBad
9692,10,280.23999999999967,10,279.31999999999977,2opt,notBad
9693,10,280.23999999999967,10,279.31999999999977,move,improve
9694,10,280.23999999999967,10,279.31999999999977,swap,improve
9695,10,280.23999999999967,10,279.31999999999977,move,improve
9696,10,280.2399999999995,10,279.31999999999977,move,improve
9697,10,280.2399999999995,10,279.31999999999977,2opt,notBad
9698,10,280.2399999999995,10,279.31999999999977,move,improve
9699,10,280.2399999999995,10,279.31999999999977,move,improve
9700,10,280.2399999999995,10,279.31999999999977,2opt,notBad
9701,10,280.2399999999995,10,279.31999999999977,move,improve
9702,10,280.2399999999995,10,279.31999999999977,move,improve
9703,10,280.2399999999995,10,279.31999999999977,move,improve
9704,10,280.2399999999995,10,279.31999999999977,2opt,notBad
9705,10,280.2399999999995,10,279.31999999999977,2opt,notBad
9706,10,280.2399999999995,10,279.31999999999977,swap,notBad
9707,10,280.2399999999995,10,279.31999999999977,move,improve
9708,10,280.2399999999995,10,279.31999999999977,2opt,notBad
9709,10,280.2399999999995,10,279.31999999999977,move,improve
9710,10,280.2399999999995,10,279.31999999999977,swap,notBad
9711,10,280.2399999999995,10,279.31999999999977,2opt,notBad
9712,10,280.2399999999995,10,279.31999999999977,2opt,notBad
9713,10,280.2399999999995,10,279.31999999999977,2opt,notBad
9714,10,280.2399999999995,10,279.31999999999977,move,improve
9715,10,280.2399999999995,10,279.31999999999977,move,improve
9716,10,280.2399999999995,10,279.31999999999977,2opt,notBad
9717,10,280.2399999999995,10,279.31999999999977,2opt,notBad
9718,10,280.2399999999995,10,279.31999999999977,2opt,notBad
9719,10,280.2399999999995,10,279.31999999999977,move,improve
9720,10,280.2399999999995,10,279.31999999999977,move,improve
9721,10,280.2399999999995,10,279.31999999999977,swap,notBad
9722,10,280.2399999999995,10,279.31999999999977,move,improve
9723,10,280.2399999999995,10,279.31999999999977,move,improve
9724,10,280.2399999999995,10,279.31999999999977,move,improve
9725,10,280.2399999999995,10,279.31999999999977,swap,improve
9726,10,280.2399999999995,10,279.31999999999977,move,improve
9727,10,280.2399999999995,10,279.31999999999977,swap,notBad
9728,10,280.2399999999995,10,279.31999999999977,swap,notBad
9729,10,280.2399999999995,10,279.31999999999977,2opt,notBad
9730,10,280.2399999999995,10,279.31999999999977,swap,notBad
9731,10,280.2399999999995,10,279.31999999999977,2opt,notBad
9732,10,280.2399999999995,10,279.31999999999977,move,improve
9733,10,280.2399999999995,10,279.31999999999977,swap,notBad
9734,10,280.4399999999997,10,279.31999999999977,swap,acceptBad
9735,10,280.4399999999997,10,279.31999999999977,2opt,improve
9736,10,280.4399999999997,10,279.31999999999977,2opt,notBad
9737,10,280.4399999999997,10,279.31999999999977,2opt,notBad
9738,10,280.4399999999997,10,279.31999999999977,2opt,notBad
9739,10,280.4399999999997,10,279.31999999999977,2opt,notBad
9740,10,280.4399999999997,10,279.31999999999977,swap,notBad
9741,10,280.4399999999997,10,279.31999999999977,move,improve
9742,10,280.4399999999997,10,279.31999999999977,swap,notBad
9743,10,280.4399999999997,10,279.31999999999977,swap,notBad
9744,10,280.4399999999997,10,279.31999999999977,2opt,notBad
9745,10,280.4399999999997,10,279.31999999999977,move,improve
9746,10,280.7599999999997,10,279.31999999999977,swap,acceptBad
9747,10,280.7599999999997,10,279.31999999999977,move,improve
9748,10,280.7599999999997,10,279.31999999999977,2opt,notBad
9749,10,280.7599999999997,10,279.31999999999977,2opt,notBad
9750,10,280.7599999999997,10,279.31999999999977,move,improve
9751,10,280.7599999999997,10,279.31999999999977,2opt,notBad
9752,10,280.7599999999997,10,279.31999999999977,2opt,notBad
9753,10,280.7599999999997,10,279.31999999999977,swap,notBad
9754,10,280.7599999999997,10,279.31999999999977,move,improve
9755,10,280.7599999999997,10,279.31999999999977,2opt,notBad
9756,10,280.7599999999997,10,279.31999999999977,swap,notBad
9757,10,280.7599999999997,10,279.31999999999977,2opt,notBad
9758,10,280.7599999999997,10,279.31999999999977,2opt,notBad
9759,10,280.7599999999997,10,279.31999999999977,2opt,notBad
9760,10,280.7599999999997,10,279.31999999999977,swap,notBad
9761,10,280.7599999999997,10,279.31999999999977,move,improve
9762,10,280.7599999999997,10,279.31999999999977,2opt,notBad
9763,10,280.7599999999997,10,279.31999999999977,swap,notBad
9764,10,280.7599999999997,10,279.31999999999977,move,improve
9765,10,280.7599999999997,10,279.31999999999977,2opt,notBad
9766,10,280.7599999999997,10,279.31999999999977,move,improve
9767,10,280.7599999999997,10,279.31999999999977,2opt,improve
9768,10,280.7599999999997,10,279.31999999999977,2opt,improve
9769,10,280.7599999999997,10,279.31999999999977,2opt,notBad
9770,10,280.7599999999997,10,279.31999999999977,2opt,notBad
9771,10,280.7599999999997,10,279.31999999999977,2opt,notBad
9772,10,280.7599999999997,10,279.31999999999977,move,improve
9773,10,280.7599999999997,10,279.31999999999977,move,improve
9774,10,280.7599999999997,10,279.31999999999977,swap,notBad
9775,10,280.7599999999997,10,279.31999999999977,2opt,improve
9776,10,280.7599999999997,10,279.31999999999977,2opt,notBad
9777,10,280.7599999999997,10,279.31999999999977,2opt,notBad
9778,10,280.7599999999997,10,279.31999999999977,2opt,improve
9779,10,280.7599999999997,10,279.31999999999977,move,improve
9780,10,280.7599999999997,10,279.31999999999977,move,improve
9781,10,280.7599999999997,10,279.31999999999977,swap,notBad
9782,10,280.7599999999997,10,279.31999999999977,move,improve
9783,10,280.7599999999997,10,279.31999999999977,move,improve
9784,10,280.7599999999997,10,279.31999999999977,move,improve
9785,10,280.7599999999997,10,279.31999999999977,2opt,notBad
9786,10,280.7599999999997,10,279.31999999999977,swap,notBad
9787,10,280.7599999999997,10,279.31999999999977,move,improve
9788,10,280.7599999999997,10,279.31999999999977,move,improve
9789,10,280.7599999999997,10,279.31999999999977,swap,notBad
9790,10,280.7599999999997,10,279.31999999999977,move,improve
9791,10,280.7599999999997,10,279.31999999999977,swap,notBad
9792,10,280.7599999999997,10,279.31999999999977,swap,notBad
9793,10,280.7599999999997,10,279.31999999999977,move,improve
9794,10,280.7599999999997,10,279.31999999999977,move,improve
9795,10,280.7599999999997,10,279.31999999999977,swap,notBad
9796,10,280.7599999999997,10,279.31999999999977,swap,notBad
9797,10,280.7599999999997,10,279.31999999999977,2opt,notBad
9798,10,280.7599999999997,10,279.31999999999977,swap,notBad
9799,10,280.7599999999997,10,279.31999999999977,move,improve
9800,10,280.7599999999997,10,279.31999999999977,move,improve
9801,10,280.7599999999997,10,279.31999999999977,2opt,improve
9802,10,280.7599999999997,10,279.31999999999977,move,improve
9803,10,280.7599999999997,10,279.31999999999977,2opt,notBad
9804,10,280.7599999999997,10,279.31999999999977,move,improve
9805,10,280.55999999999966,10,279.31999999999977,move,improve
9806,10,280.55999999999966,10,279.31999999999977,move,improve
9807,10,280.55999999999966,10,279.31999999999977,2opt,notBad
9808,10,280.55999999999966,10,279.31999999999977,move,improve
9809,10,280.55999999999966,10,279.31999999999977,2opt,notBad
9810,10,280.55999999999966,10,279.31999999999977,2opt,notBad
9811,10,280.55999999999966,10,279.31999999999977,2opt,notBad
9812,10,280.55999999999966,10,279.31999999999977,swap,notBad
9813,10,280.55999999999966,10,279.31999999999977,swap,notBad
9814,10,280.55999999999966,10,279.31999999999977,move,improve
9815,10,280.55999999999966,10,279.31999999999977,move,improve
9816,10,280.55999999999966,10,279.31999999999977,2opt,notBad
9817,10,280.55999999999966,10,279.31999999999977,2opt,notBad
9818,10,280.55999999999966,10,279.31999999999977,2opt,notBad
9819,10,280.55999999999966,10,279.31999999999977,swap,notBad
9820,10,280.5599999999995,10,279.31999999999977,move,improve
9821,10,280.5599999999995,10,279.31999999999977,swap,notBad
9822,10,280.5599999999995,10,279.31999999999977,swap,notBad
9823,10,280.5599999999995,10,279.31999999999977,move,improve
9824,10,280.5599999999995,10,279.31999999999977,2opt,improve
9825,10,280.5599999999995,10,279.31999999999977,swap,notBad
9826,10,280.5599999999995,10,279.31999999999977,move,improve
9827,10,280.5599999999995,10,279.31999999999977,move,improve
9828,10,280.5599999999995,10,279.31999999999977,2opt,notBad
9829,10,280.5599999999995,10,279.31999999999977,move,improve
9830,10,280.5599999999995,10,279.31999999999977,2opt,notBad
9831,10,280.5599999999995,10,279.31999999999977,2opt,notBad
9832,10,280.5599999999995,10,279.31999999999977,swap,notBad
9833,10,280.5599999999995,10,279.31999999999977,move,improve
9834,10,280.5599999999995,10,279.31999999999977,2opt,notBad
9835,10,280.5599999999995,10,279.31999999999977,move,improve
9836,10,280.5599999999995,10,279.31999999999977,swap,notBad
9837,10,280.5599999999995,10,279.31999999999977,2opt,notBad
9838,10,280.5599999999995,10,279.31999999999977,swap,notBad
9839,10,280.5599999999995,10,279.31999999999977,move,improve
9840,10,280.5599999999995,10,279.31999999999977,move,improve
9841,10,280.5599999999995,10,279.31999999999977,2opt,notBad
9842,10,280.5599999999995,10,279.31999999999977,move,improve
9843,10,280.5599999999995,10,279.31999999999977,move,improve
9844,10,280.5599999999995,10,279.31999999999977,2opt,notBad
9845,10,280.5599999999995,10,279.31999999999977,2opt,notBad
9846,10,280.5599999999995,10,279.31999999999977,swap,notBad
9847,10,280.5599999999995,10,279.31999999999977,2opt,notBad
9848,10,280.5599999999995,10,279.31999999999977,move,improve
9849,10,280.5599999999995,10,279.31999999999977,swap,notBad
9850,10,280.5599999999995,10,279.31999999999977,swap,notBad
9851,10,280.5599999999995,10,279.31999999999977,swap,notBad
9852,10,280.5599999999995,10,279.31999999999977,swap,notBad
9853,10,280.5599999999995,10,279.31999999999977,swap,notBad
9854,10,280.5599999999995,10,279.31999999999977,2opt,notBad
9855,10,280.5599999999995,10,279.31999999999977,swap,notBad
9856,10,280.5599999999995,10,279.31999999999977,swap,notBad
9857,10,280.5599999999995,10,279.31999999999977,2opt,notBad
9858,10,280.5599999999995,10,279.31999999999977,move,notBad
9859,10,280.5599999999995,10,279.31999999999977,swap,notBad
9860,10,280.5599999999995,10,279.31999999999977,move,improve
9861,10,280.5599999999995,10,279.31999999999977,swap,notBad
9862,10,280.5599999999995,10,279.31999999999977,2opt,notBad
9863,10,280.5599999999995,10,279.31999999999977,move,improve
9864,10,280.5599999999995,10,279.31999999999977,move,improve
9865,10,280.5599999999995,10,279.31999999999977,2opt,notBad
9866,10,280.5599999999995,10,279.31999999999977,move,improve
9867,10,280.5599999999995,10,279.31999999999977,2opt,notBad
9868,10,280.5599999999995,10,279.31999999999977,swap,notBad
9869,10,280.5599999999995,10,279.31999999999977,move,improve
9870,10,280.5599999999995,10,279.31999999999977,2opt,notBad
9871,10,280.5599999999995,10,279.31999999999977,swap,notBad
9872,10,280.5599999999995,10,279.31999999999977,swap,notBad
9873,10,280.5599999999995,10,279.31999999999977,swap,notBad
9874,10,280.5599999999995,10,279.31999999999977,2opt,notBad
9875,10,280.5599999999995,10,279.31999999999977,move,improve
9876,10,280.5599999999995,10,279.31999999999977,2opt,notBad
9877,10,280.5599999999995,10,279.31999999999977,2opt,notBad
9878,10,280.5599999999995,10,279.31999999999977,swap,notBad
9879,10,280.5599999999995,10,279.31999999999977,swap,notBad
9880,10,280.5599999999995,10,279.31999999999977,2opt,notBad
9881,10,280.5599999999995,10,279.31999999999977,move,improve
9882,10,280.5599999999995,10,279.31999999999977,move,improve
9883,10,280.5599999999995,10,279.31999999999977,swap,notBad
9884,10,280.5599999999995,10,279.31999999999977,move,improve
9885,10,280.5599999999995,10,279.31999999999977,swap,notBad
9886,10,280.5599999999995,10,279.31999999999977,2opt,improve
9887,10,280.5599999999995,10,279.31999999999977,move,improve
9888,10,280.5599999999995,10,279.31999999999977,move,improve
9889,10,280.5599999999995,10,279.31999999999977,swap,notBad
9890,10,280.5599999999995,10,279.31999999999977,swap,notBad
9891,10,280.5599999999995,10,279.31999999999977,2opt,notBad
9892,10,280.5599999999995,10,279.31999999999977,move,improve
9893,10,280.5599999999995,10,279.31999999999977,2opt,notBad
9894,10,280.5599999999995,10,279.31999999999977,move,improve
9895,10,280.5599999999995,10,279.31999999999977,2opt,notBad
9896,10,280.5599999999995,10,279.31999999999977,2opt,notBad
9897,10,280.5599999999995,10,279.31999999999977,move,improve
9898,10,280.5599999999995,10,279.31999999999977,2opt,notBad
9899,10,280.5599999999995,10,279.31999999999977,move,improve
9900,10,280.5599999999995,10,279.31999999999977,move,improve
9901,10,280.5599999999995,10,279.31999999999977,move,improve
9902,10,280.5599999999995,10,279.31999999999977,swap,notBad
9903,10,280.5599999999995,10,279.31999999999977,swap,notBad
9904,10,280.5599999999995,10,279.31999999999977,swap,notBad
9905,10,280.5599999999995,10,279.31999999999977,2opt,notBad
9906,10,280.5599999999995,10,279.31999999999977,swap,notBad
9907,10,280.5599999999995,10,279.31999999999977,2opt,notBad
9908,10,280.5599999999995,10,279.31999999999977,2opt,notBad
9909,10,280.5599999999995,10,279.31999999999977,2opt,notBad
9910,10,280.5599999999995,10,279.31999999999977,2opt,notBad
9911,10,280.5599999999995,10,279.31999999999977,2opt,notBad
9912,10,280.5599999999995,10,279.31999999999977,move,improve
9913,10,280.5599999999995,10,279.31999999999977,swap,notBad
9914,10,280.5599999999995,10,279.31999999999977,2opt,notBad
9915,10,280.5599999999995,10,279.31999999999977,swap,notBad
9916,10,280.5599999999995,10,279.31999999999977,swap,notBad
9917,10,280.5599999999995,10,279.31999999999977,move,improve
9918,10,280.5599999999995,10,279.31999999999977,move,improve
9919,10,280.5599999999995,10,279.31999999999977,swap,notBad
9920,10,280.5200000000001,10,279.31999999999977,swap,improve
9921,10,280.5200000000001,10,279.31999999999977,2opt,notBad
9922,10,280.5200000000001,10,279.31999999999977,move,improve
9923,10,280.5199999999999,10,279.31999999999977,move,improve
9924,10,280.5199999999999,10,279.31999999999977,move,improve
9925,10,280.5199999999999,10,279.31999999999977,move,improve
9926,10,280.5199999999999,10,279.31999999999977,2opt,notBad
9927,10,280.5199999999999,10,279.31999999999977,2opt,notBad
9928,10,280.5199999999999,10,279.31999999999977,swap,notBad
9929,10,280.5199999999999,10,279.31999999999977,move,improve
9930,10,280.5199999999999,10,279.31999999999977,swap,notBad
9931,10,280.5199999999999,10,279.31999999999977,move,improve
9932,10,280.5199999999999,10,279.31999999999977,swap,notBad
9933,10,280.5199999999999,10,279.31999999999977,swap,notBad
9934,10,280.5199999999999,10,279.31999999999977,2opt,notBad
9935,10,280.5199999999999,10,279.31999999999977,move,improve
9936,10,280.5199999999999,10,279.31999999999977,swap,notBad
9937,10,280.5199999999999,10,279.31999999999977,swap,notBad
9938,10,280.5199999999999,10,279.31999999999977,swap,notBad
9939,10,280.5199999999999,10,279.31999999999977,2opt,improve
9940,10,280.5199999999999,10,279.31999999999977,move,improve
9941,10,280.5199999999999,10,279.31999999999977,move,improve
9942,10,280.5199999999999,10,279.31999999999977,swap,notBad
9943,10,280.5199999999999,10,279.31999999999977,move,improve
9944,10,280.5199999999999,10,279.31999999999977,swap,notBad
9945,10,280.5199999999999,10,279.31999999999977,2opt,notBad
9946,10,280.5199999999999,10,279.31999999999977,swap,notBad
9947,10,280.5199999999999,10,279.31999999999977,move,improve
9948,10,280.5199999999999,10,279.31999999999977,2opt,notBad
9949,10,280.5199999999999,10,279.31999999999977,2opt,notBad
9950,10,280.5199999999999,10,279.31999999999977,move,improve
9951,10,280.5199999999999,10,279.31999999999977,move,improve
9952,10,280.5199999999999,10,279.31999999999977,swap,notBad
9953,10,280.5199999999999,10,279.31999999999977,swap,notBad
9954,10,280.5199999999999,10,279.31999999999977,swap,notBad
9955,10,280.5199999999999,10,279.31999999999977,swap,notBad
9956,10,280.5199999999999,10,279.31999999999977,move,improve
9957,10,280.5199999999999,10,279.31999999999977,move,improve
9958,10,280.5199999999999,10,279.31999999999977,swap,notBad
9959,10,280.5199999999999,10,279.31999999999977,swap,notBad
9960,10,280.5199999999999,10,279.31999999999977,swap,notBad
9961,10,280.5199999999999,10,279.31999999999977,swap,notBad
9962,10,280.5199999999999,10,279.31999999999977,2opt,notBad
9963,10,280.5199999999999,10,279.31999999999977,swap,notBad
9964,10,280.5199999999999,10,279.31999999999977,swap,notBad
9965,10,280.5199999999999,10,279.31999999999977,2opt,notBad
9966,10,280.5199999999999,10,279.31999999999977,2opt,notBad
9967,10,280.5199999999999,10,279.31999999999977,move,improve
9968,10,280.5199999999999,10,279.31999999999977,move,improve
9969,10,280.5199999999999,10,279.31999999999977,swap,notBad
9970,10,280.5199999999999,10,279.31999999999977,move,improve
9971,10,280.5199999999999,10,279.31999999999977,move,improve
9972,10,280.5199999999999,10,279.31999999999977,move,improve
9973,10,280.5199999999999,10,279.31999999999977,move,improve
9974,10,280.5199999999999,10,279.31999999999977,2opt,notBad
9975,10,280.5199999999999,10,279.31999999999977,move,improve
9976,10,280.5199999999999,10,279.31999999999977,swap,notBad
9977,10,280.5199999999999,10,279.31999999999977,swap,notBad
9978,10,280.5199999999999,10,279.31999999999977,2opt,notBad
9979,10,280.5199999999999,10,279.31999999999977,2opt,notBad
9980,10,280.5199999999999,10,279.31999999999977,move,improve
9981,10,280.5199999999999,10,279.31999999999977,2opt,notBad
9982,10,280.5199999999999,10,279.31999999999977,swap,notBad
9983,10,280.5199999999999,10,279.31999999999977,2opt,notBad
9984,10,280.5199999999999,10,279.31999999999977,move,improve
9985,10,280.5199999999999,10,279.31999999999977,move,improve
9986,10,280.5199999999999,10,279.31999999999977,swap,notBad
9987,10,280.5199999999999,10,279.31999999999977,2opt,notBad
9988,10,280.5199999999999,10,279.31999999999977,2opt,notBad
9989,10,280.5199999999999,10,279.31999999999977,swap,notBad
9990,10,280.5199999999999,10,279.31999999999977,2opt,notBad
9991,10,280.5199999999999,10,279.31999999999977,move,improve
9992,10,280.5199999999999,10,279.31999999999977,swap,notBad
9993,10,280.5199999999999,10,279.31999999999977,2opt,notBad
9994,10,280.5199999999999,10,279.31999999999977,move,improve
9995,10,280.5199999999999,10,279.31999999999977,swap,notBad
9996,10,280.5199999999999,10,279.31999999999977,swap,notBad
9997,10,280.5199999999999,10,279.31999999999977,2opt,notBad
9998,10,280.5199999999999,10,279.31999999999977,swap,notBad
9999,10,280.5199999999999,10,279.31999999999977,2opt,notBad
10000,10,280.5199999999999,10,279.31999999999977,2opt,notBad
10001,10,280.5199999999999,10,279.31999999999977,swap,notBad
10002,10,280.5199999999999,10,279.31999999999977,2opt,notBad
10003,10,280.5199999999999,10,279.31999999999977,move,improve
10004,10,280.5199999999999,10,279.31999999999977,2opt,notBad
10005,10,280.5199999999999,10,279.31999999999977,swap,notBad
10006,10,280.5199999999999,10,279.31999999999977,swap,notBad
10007,10,280.5199999999999,10,279.31999999999977,2opt,notBad
10008,10,280.5199999999999,10,279.31999999999977,swap,notBad
10009,10,280.5199999999999,10,279.31999999999977,2opt,notBad
10010,10,280.5199999999999,10,279.31999999999977,2opt,notBad
10011,10,280.5199999999999,10,279.31999999999977,swap,notBad
10012,10,280.5199999999999,10,279.31999999999977,swap,notBad
10013,10,280.5199999999999,10,279.31999999999977,swap,notBad
10014,10,280.5199999999999,10,279.31999999999977,swap,notBad
10015,10,280.5199999999999,10,279.31999999999977,swap,notBad
10016,10,280.5199999999999,10,279.31999999999977,move,improve
10017,10,280.5199999999999,10,279.31999999999977,move,improve
10018,10,280.5199999999999,10,279.31999999999977,swap,notBad
10019,10,280.5199999999999,10,279.31999999999977,2opt,notBad
10020,10,280.5199999999999,10,279.31999999999977,swap,improve
10021,10,280.5199999999999,10,279.31999999999977,swap,notBad
10022,10,280.5199999999999,10,279.31999999999977,2opt,notBad
10023,10,280.5199999999999,10,279.31999999999977,2opt,notBad
10024,10,280.5199999999999,10,279.31999999999977,2opt,notBad
10025,10,280.5199999999999,10,279.31999999999977,swap,notBad
10026,10,280.5199999999999,10,279.31999999999977,2opt,notBad
10027,10,280.5199999999999,10,279.31999999999977,swap,notBad
10028,10,280.5199999999999,10,279.31999999999977,move,improve
10029,10,280.5199999999999,10,279.31999999999977,swap,notBad
10030,10,280.5199999999999,10,279.31999999999977,move,improve
10031,10,280.5199999999999,10,279.31999999999977,swap,notBad
10032,10,280.5199999999999,10,279.31999999999977,move,improve
10033,10,280.5199999999999,10,279.31999999999977,move,improve
10034,10,280.5199999999999,10,279.31999999999977,2opt,notBad
10035,10,280.5199999999999,10,279.31999999999977,2opt,notBad
10036,10,280.5199999999999,10,279.31999999999977,move,improve
10037,10,280.5199999999999,10,279.31999999999977,2opt,improve
10038,10,280.5199999999999,10,279.31999999999977,move,improve
10039,10,280.5199999999999,10,279.31999999999977,2opt,notBad
10040,10,280.5199999999999,10,279.31999999999977,move,improve
10041,10,280.5199999999999,10,279.31999999999977,move,improve
10042,10,280.5199999999999,10,279.31999999999977,2opt,notBad
10043,10,280.5199999999999,10,279.31999999999977,2opt,notBad
10044,10,280.5199999999999,10,279.31999999999977,move,improve
10045,10,280.5199999999999,10,279.31999999999977,move,improve
10046,10,280.5199999999999,10,279.31999999999977,2opt,notBad
10047,10,280.5199999999999,10,279.31999999999977,swap,notBad
10048,10,280.5199999999999,10,279.31999999999977,2opt,notBad
10049,10,280.5199999999999,10,279.31999999999977,move,improve
10050,10,280.5199999999999,10,279.31999999999977,2opt,notBad
10051,10,280.5199999999999,10,279.31999999999977,swap,notBad
10052,10,280.5199999999999,10,279.31999999999977,move,improve
10053,10,280.5199999999999,10,279.31999999999977,move,improve
10054,10,280.5199999999999,10,279.31999999999977,2opt,notBad
10055,10,280.5199999999999,10,279.31999999999977,move,improve
10056,10,280.5199999999999,10,279.31999999999977,move,improve
10057,10,280.5199999999999,10,279.31999999999977,move,improve
10058,10,280.5199999999999,10,279.31999999999977,2opt,notBad
10059,10,280.5199999999999,10,279.31999999999977,swap,notBad
10060,10,280.5199999999999,10,279.31999999999977,move,improve
10061,10,280.5199999999999,10,279.31999999999977,move,improve
10062,10,280.5199999999999,10,279.31999999999977,move,improve
10063,10,280.5199999999999,10,279.31999999999977,move,improve
10064,10,280.5199999999999,10,279.31999999999977,2opt,notBad
10065,10,280.5199999999999,10,279.31999999999977,swap,notBad
10066,10,280.5199999999999,10,279.31999999999977,swap,notBad
10067,10,280.5199999999999,10,279.31999999999977,move,improve
10068,10,280.5199999999999,10,279.31999999999977,swap,notBad
10069,10,280.5199999999999,10,279.31999999999977,move,improve
10070,10,280.5199999999999,10,279.31999999999977,2opt,notBad
10071,10,280.5199999999999,10,279.31999999999977,move,improve
10072,10,280.5199999999999,10,279.31999999999977,swap,notBad
10073,10,280.5199999999999,10,279.31999999999977,swap,notBad
10074,10,280.5199999999999,10,279.31999999999977,2opt,notBad
10075,10,280.5199999999999,10,279.31999999999977,swap,notBad
10076,10,280.5199999999999,10,279.31999999999977,move,notBad
10077,10,280.5199999999999,10,279.31999999999977,swap,notBad
10078,10,280.5199999999999,10,279.31999999999977,2opt,notBad
10079,10,280.5199999999999,10,279.31999999999977,swap,notBad
10080,10,280.5199999999999,10,279.31999999999977,2opt,notBad
10081,10,280.5199999999999,10,279.31999999999977,2opt,notBad
10082,10,280.5199999999999,10,279.31999999999977,swap,notBad
10083,10,280.5199999999999,10,279.31999999999977,2opt,notBad
10084,10,280.5199999999999,10,279.31999999999977,2opt,notBad
10085,10,280.5199999999999,10,279.31999999999977,move,improve
10086,10,280.5199999999999,10,279.31999999999977,swap,notBad
10087,10,280.5199999999999,10,279.31999999999977,2opt,notBad
10088,10,280.5199999999999,10,279.31999999999977,move,improve
10089,10,280.5199999999999,10,279.31999999999977,swap,notBad
10090,10,280.5199999999999,10,279.31999999999977,2opt,improve
10091,10,280.5199999999999,10,279.31999999999977,2opt,notBad
10092,10,280.5199999999999,10,279.31999999999977,swap,notBad
10093,10,280.5199999999999,10,279.31999999999977,move,improve
10094,10,280.5199999999999,10,279.31999999999977,2opt,notBad
10095,10,280.5199999999999,10,279.31999999999977,2opt,notBad
10096,10,280.5199999999999,10,279.31999999999977,move,improve
10097,10,280.5199999999999,10,279.31999999999977,2opt,notBad
10098,10,280.5199999999999,10,279.31999999999977,move,improve
10099,10,280.5199999999999,10,279.31999999999977,2opt,notBad
10100,10,280.5199999999999,10,279.31999999999977,move,improve
10101,10,280.5199999999999,10,279.31999999999977,2opt,notBad
10102,10,280.5199999999999,10,279.31999999999977,2opt,notBad
10103,10,280.5199999999999,10,279.31999999999977,2opt,notBad
10104,10,280.5199999999999,10,279.31999999999977,swap,notBad
10105,10,280.5199999999999,10,279.31999999999977,move,improve
10106,10,280.6600000000002,10,279.31999999999977,swap,acceptBad
10107,10,280.6600000000002,10,279.31999999999977,move,improve
10108,10,280.6600000000002,10,279.31999999999977,swap,notBad
10109,10,280.6600000000002,10,279.31999999999977,move,improve
10110,10,280.6600000000002,10,279.31999999999977,swap,notBad
10111,10,280.6600000000002,10,279.31999999999977,2opt,notBad
10112,10,280.6600000000002,10,279.31999999999977,2opt,notBad
10113,10,280.6600000000002,10,279.31999999999977,move,improve
10114,10,280.6600000000002,10,279.31999999999977,2opt,notBad
10115,10,280.6600000000002,10,279.31999999999977,2opt,notBad
10116,10,280.6600000000002,10,279.31999999999977,2opt,notBad
10117,10,280.6600000000002,10,279.31999999999977,move,improve
10118,10,280.6600000000002,10,279.31999999999977,swap,notBad
10119,10,280.6600000000002,10,279.31999999999977,move,improve
10120,10,280.6600000000002,10,279.31999999999977,move,improve
10121,10,280.6600000000002,10,279.31999999999977,swap,notBad
10122,10,280.6600000000002,10,279.31999999999977,swap,notBad
10123,10,280.6600000000002,10,279.31999999999977,swap,notBad
10124,10,280.6600000000002,10,279.31999999999977,move,improve
10125,10,280.6600000000002,10,279.31999999999977,2opt,notBad
10126,10,280.6600000000002,10,279.31999999999977,move,notBad
10127,10,280.6600000000002,10,279.31999999999977,move,improve
10128,10,280.6600000000002,10,279.31999999999977,swap,notBad
10129,10,280.6600000000002,10,279.31999999999977,move,improve
10130,10,280.6600000000002,10,279.31999999999977,move,improve
10131,10,280.6600000000002,10,279.31999999999977,swap,notBad
10132,10,280.6600000000002,10,279.31999999999977,2opt,notBad
10133,10,280.6600000000002,10,279.31999999999977,move,improve
10134,10,280.6600000000002,10,279.31999999999977,2opt,notBad
10135,10,280.6600000000002,10,279.31999999999977,swap,notBad
10136,10,280.6600000000002,10,279.31999999999977,2opt,notBad
10137,10,280.6600000000002,10,279.31999999999977,2opt,notBad
10138,10,280.6600000000002,10,279.31999999999977,2opt,notBad
10139,10,280.6600000000002,10,279.31999999999977,swap,notBad
10140,10,280.6600000000002,10,279.31999999999977,swap,notBad
10141,10,280.6600000000002,10,279.31999999999977,move,improve
10142,10,280.6600000000002,10,279.31999999999977,move,improve
10143,10,280.6600000000002,10,279.31999999999977,2opt,notBad
10144,10,280.6600000000002,10,279.31999999999977,2opt,notBad
10145,10,280.6600000000002,10,279.31999999999977,swap,notBad
10146,10,280.6600000000002,10,279.31999999999977,2opt,notBad
10147,10,280.6600000000002,10,279.31999999999977,move,improve
10148,10,280.6600000000002,10,279.31999999999977,2opt,notBad
10149,10,280.6600000000002,10,279.31999999999977,2opt,notBad
10150,10,280.6600000000002,10,279.31999999999977,2opt,notBad
10151,10,280.6600000000002,10,279.31999999999977,move,improve
10152,10,280.6600000000002,10,279.31999999999977,swap,notBad
10153,10,280.6600000000002,10,279.31999999999977,move,improve
10154,10,280.6600000000002,10,279.31999999999977,swap,notBad
10155,10,280.6600000000002,10,279.31999999999977,move,improve
10156,10,280.6600000000002,10,279.31999999999977,2opt,notBad
10157,10,280.6600000000002,10,279.31999999999977,swap,notBad
10158,10,280.6600000000002,10,279.31999999999977,move,improve
10159,10,280.6600000000002,10,279.31999999999977,2opt,improve
10160,10,280.6600000000002,10,279.31999999999977,2opt,notBad
10161,10,280.6600000000002,10,279.31999999999977,move,improve
10162,10,280.6600000000002,10,279.31999999999977,move,improve
10163,10,280.6600000000002,10,279.31999999999977,move,improve
10164,10,280.6600000000002,10,279.31999999999977,2opt,notBad
10165,10,280.6600000000002,10,279.31999999999977,move,improve
10166,10,280.6600000000002,10,279.31999999999977,2opt,notBad
10167,10,280.6600000000002,10,279.31999999999977,move,improve
10168,10,280.6600000000002,10,279.31999999999977,2opt,notBad
10169,10,280.6600000000002,10,279.31999999999977,2opt,notBad
10170,10,280.6600000000002,10,279.31999999999977,2opt,notBad
10171,10,280.6600000000002,10,279.31999999999977,move,improve
10172,10,280.6600000000002,10,279.31999999999977,2opt,notBad
10173,10,280.6600000000002,10,279.31999999999977,2opt,notBad
10174,10,280.6600000000002,10,279.31999999999977,2opt,notBad
10175,10,280.6600000000002,10,279.31999999999977,2opt,improve
10176,10,280.6600000000002,10,279.31999999999977,2opt,notBad
10177,10,280.6600000000002,10,279.31999999999977,move,improve
10178,10,280.6600000000002,10,279.31999999999977,swap,notBad
10179,10,280.6600000000002,10,279.31999999999977,move,improve
10180,10,280.6600000000002,10,279.31999999999977,2opt,notBad
10181,10,280.6600000000002,10,279.31999999999977,move,improve
10182,10,280.6600000000002,10,279.31999999999977,2opt,notBad
10183,10,280.6600000000002,10,279.31999999999977,move,improve
10184,10,280.6600000000002,10,279.31999999999977,swap,notBad
10185,10,280.6600000000002,10,279.31999999999977,2opt,notBad
10186,10,280.6600000000002,10,279.31999999999977,2opt,notBad
10187,10,280.6600000000002,10,279.31999999999977,swap,notBad
10188,10,280.6600000000002,10,279.31999999999977,2opt,notBad
10189,10,280.6600000000002,10,279.31999999999977,swap,notBad
10190,10,280.6600000000002,10,279.31999999999977,move,improve
10191,10,280.6600000000002,10,279.31999999999977,swap,notBad
10192,10,280.6600000000002,10,279.31999999999977,swap,notBad
10193,10,280.6600000000002,10,279.31999999999977,move,improve
10194,10,280.6600000000002,10,279.31999999999977,2opt,notBad
10195,10,280.6600000000002,10,279.31999999999977,swap,notBad
10196,10,280.6600000000002,10,279.31999999999977,2opt,notBad
10197,10,280.6600000000002,10,279.31999999999977,swap,notBad
10198,10,280.6600000000002,10,279.31999999999977,move,improve
10199,10,280.6600000000002,10,279.31999999999977,move,improve
10200,10,280.6600000000002,10,279.31999999999977,2opt,notBad
10201,10,280.6600000000002,10,279.31999999999977,2opt,notBad
10202,10,280.6600000000002,10,279.31999999999977,2opt,notBad
10203,10,280.6600000000002,10,279.31999999999977,move,improve
10204,10,280.6600000000002,10,279.31999999999977,move,improve
10205,10,280.6600000000002,10,279.31999999999977,move,improve
10206,10,280.6600000000002,10,279.31999999999977,2opt,notBad
10207,10,280.6600000000002,10,279.31999999999977,swap,notBad
10208,10,280.6600000000002,10,279.31999999999977,2opt,notBad
10209,10,280.6600000000002,10,279.31999999999977,move,improve
10210,10,280.6600000000002,10,279.31999999999977,2opt,notBad
10211,10,280.6600000000002,10,279.31999999999977,2opt,improve
10212,10,280.6600000000002,10,279.31999999999977,move,improve
10213,10,280.6600000000002,10,279.31999999999977,2opt,notBad
10214,10,280.6600000000002,10,279.31999999999977,2opt,notBad
10215,10,280.6600000000002,10,279.31999999999977,2opt,notBad
10216,10,280.6600000000002,10,279.31999999999977,move,improve
10217,10,280.6600000000002,10,279.31999999999977,2opt,notBad
10218,10,280.6600000000002,10,279.31999999999977,move,improve
10219,10,280.6600000000002,10,279.31999999999977,swap,notBad
10220,10,280.6600000000002,10,279.31999999999977,2opt,notBad
10221,10,280.6600000000002,10,279.31999999999977,2opt,notBad
10222,10,280.6600000000002,10,279.31999999999977,swap,notBad
10223,10,280.6600000000002,10,279.31999999999977,swap,notBad
10224,10,280.6600000000002,10,279.31999999999977,2opt,notBad
10225,10,280.6600000000002,10,279.31999999999977,swap,notBad
10226,10,280.6600000000002,10,279.31999999999977,2opt,notBad
10227,10,280.6600000000002,10,279.31999999999977,2opt,notBad
10228,10,280.6600000000002,10,279.31999999999977,swap,notBad
10229,10,280.6600000000002,10,279.31999999999977,swap,notBad
10230,10,280.6600000000002,10,279.31999999999977,move,improve
10231,10,280.6600000000002,10,279.31999999999977,move,improve
10232,10,280.6600000000002,10,279.31999999999977,swap,notBad
10233,10,280.6600000000002,10,279.31999999999977,2opt,notBad
10234,10,280.6600000000002,10,279.31999999999977,2opt,notBad
10235,10,280.6600000000002,10,279.31999999999977,2opt,notBad
10236,10,280.6600000000002,10,279.31999999999977,2opt,notBad
10237,10,280.6600000000002,10,279.31999999999977,move,improve
10238,10,280.6600000000002,10,279.31999999999977,2opt,notBad
10239,10,280.6600000000002,10,279.31999999999977,2opt,notBad
10240,10,280.6600000000002,10,279.31999999999977,2opt,notBad
10241,10,280.6600000000002,10,279.31999999999977,swap,notBad
10242,10,280.6600000000002,10,279.31999999999977,2opt,notBad
10243,10,280.6600000000002,10,279.31999999999977,swap,notBad
10244,10,280.6600000000002,10,279.31999999999977,move,improve
10245,10,280.6600000000002,10,279.31999999999977,move,improve
10246,10,280.6600000000002,10,279.31999999999977,swap,notBad
10247,10,280.6600000000002,10,279.31999999999977,swap,notBad
10248,10,280.6600000000002,10,279.31999999999977,move,improve
10249,10,280.6600000000002,10,279.31999999999977,swap,notBad
10250,10,280.6600000000002,10,279.31999999999977,2opt,notBad
10251,10,280.6600000000002,10,279.31999999999977,swap,notBad
10252,10,280.6600000000002,10,279.31999999999977,2opt,improve
10253,10,280.6600000000002,10,279.31999999999977,2opt,notBad
10254,10,280.6600000000002,10,279.31999999999977,move,improve
10255,10,280.6600000000002,10,279.31999999999977,swap,notBad
10256,10,280.6600000000002,10,279.31999999999977,swap,notBad
10257,10,280.6600000000002,10,279.31999999999977,swap,notBad
10258,10,280.6600000000002,10,279.31999999999977,swap,notBad
10259,10,280.6600000000002,10,279.31999999999977,swap,notBad
10260,10,280.6600000000002,10,279.31999999999977,swap,notBad
10261,10,280.6600000000002,10,279.31999999999977,2opt,notBad
10262,10,280.6600000000002,10,279.31999999999977,2opt,notBad
10263,10,280.6600000000002,10,279.31999999999977,2opt,notBad
10264,10,280.6600000000002,10,279.31999999999977,swap,notBad
10265,10,280.6600000000002,10,279.31999999999977,2opt,notBad
10266,10,280.6600000000002,10,279.31999999999977,2opt,notBad
10267,10,280.6600000000002,10,279.31999999999977,move,improve
10268,10,280.6600000000002,10,279.31999999999977,2opt,notBad
10269,10,280.6600000000002,10,279.31999999999977,2opt,notBad
10270,10,280.6600000000002,10,279.31999999999977,swap,notBad
10271,10,280.6600000000002,10,279.31999999999977,move,improve
10272,10,280.6600000000002,10,279.31999999999977,swap,notBad
10273,10,280.6600000000002,10,279.31999999999977,2opt,notBad
10274,10,280.6600000000002,10,279.31999999999977,2opt,notBad
10275,10,280.6600000000002,10,279.31999999999977,swap,notBad
10276,10,280.6600000000002,10,279.31999999999977,2opt,notBad
10277,10,280.6600000000002,10,279.31999999999977,move,improve
10278,10,280.6600000000002,10,279.31999999999977,swap,notBad
10279,10,280.6600000000002,10,279.31999999999977,swap,notBad
10280,10,280.6600000000002,10,279.31999999999977,swap,notBad
10281,10,280.6600000000002,10,279.31999999999977,move,improve
10282,10,280.6600000000002,10,279.31999999999977,2opt,notBad
10283,10,280.6600000000002,10,279.31999999999977,move,improve
10284,10,280.6600000000002,10,279.31999999999977,swap,notBad
10285,10,280.6600000000002,10,279.31999999999977,swap,notBad
10286,10,280.6600000000002,10,279.31999999999977,move,improve
10287,10,280.6600000000002,10,279.31999999999977,swap,notBad
10288,10,280.6600000000002,10,279.31999999999977,2opt,notBad
10289,10,280.6600000000002,10,279.31999999999977,2opt,improve
10290,10,280.6600000000002,10,279.31999999999977,2opt,notBad
10291,10,280.6600000000002,10,279.31999999999977,swap,notBad
10292,10,280.6600000000002,10,279.31999999999977,2opt,improve
10293,10,280.6600000000002,10,279.31999999999977,2opt,notBad
10294,10,280.6600000000002,10,279.31999999999977,swap,notBad
10295,10,280.6600000000002,10,279.31999999999977,swap,notBad
10296,10,280.6600000000002,10,279.31999999999977,move,improve
10297,10,280.6600000000002,10,279.31999999999977,move,improve
10298,10,280.6600000000002,10,279.31999999999977,swap,notBad
10299,10,280.6600000000002,10,279.31999999999977,2opt,notBad
10300,10,280.6600000000002,10,279.31999999999977,swap,notBad
10301,10,280.6600000000002,10,279.31999999999977,2opt,notBad
10302,10,280.6600000000002,10,279.31999999999977,swap,notBad
10303,10,280.6600000000002,10,279.31999999999977,move,improve
10304,10,280.6600000000002,10,279.31999999999977,move,improve
10305,10,280.6600000000002,10,279.31999999999977,swap,notBad
10306,10,280.6600000000002,10,279.31999999999977,move,improve
10307,10,280.6600000000002,10,279.31999999999977,move,improve
10308,10,280.6600000000002,10,279.31999999999977,move,improve
10309,10,280.6600000000002,10,279.31999999999977,swap,notBad
10310,10,280.6600000000002,10,279.31999999999977,2opt,notBad
10311,10,280.6600000000002,10,279.31999999999977,swap,notBad
10312,10,280.6600000000002,10,279.31999999999977,move,improve
10313,10,280.6600000000002,10,279.31999999999977,swap,notBad
10314,10,280.6600000000002,10,279.31999999999977,swap,notBad
10315,10,280.6600000000002,10,279.31999999999977,move,improve
10316,10,280.6600000000002,10,279.31999999999977,move,improve
10317,10,280.6600000000002,10,279.31999999999977,swap,notBad
10318,10,280.6600000000002,10,279.31999999999977,swap,notBad
10319,10,280.6600000000002,10,279.31999999999977,swap,notBad
10320,10,280.6600000000002,10,279.31999999999977,move,improve
10321,10,280.6600000000002,10,279.31999999999977,2opt,notBad
10322,10,280.6600000000002,10,279.31999999999977,swap,notBad
10323,10,280.6600000000002,10,279.31999999999977,move,improve
10324,10,280.6600000000002,10,279.31999999999977,move,improve
10325,10,280.6600000000002,10,279.31999999999977,move,improve
10326,10,280.6600000000002,10,279.31999999999977,2opt,notBad
10327,10,280.6600000000002,10,279.31999999999977,move,improve
10328,10,280.6600000000002,10,279.31999999999977,move,improve
10329,10,280.6600000000002,10,279.31999999999977,swap,notBad
10330,10,280.6600000000002,10,279.31999999999977,swap,notBad
10331,10,280.6600000000002,10,279.31999999999977,swap,notBad
10332,10,280.6600000000002,10,279.31999999999977,move,improve
10333,10,280.6600000000002,10,279.31999999999977,2opt,notBad
10334,10,280.6600000000002,10,279.31999999999977,2opt,notBad
10335,10,280.6600000000002,10,279.31999999999977,move,improve
10336,10,280.6600000000002,10,279.31999999999977,move,improve
10337,10,280.6600000000002,10,279.31999999999977,swap,notBad
10338,10,280.6600000000002,10,279.31999999999977,move,improve
10339,10,280.6600000000002,10,279.31999999999977,2opt,notBad
10340,10,280.6600000000002,10,279.31999999999977,move,improve
10341,10,280.6600000000002,10,279.31999999999977,move,improve
10342,10,280.6600000000002,10,279.31999999999977,move,improve
10343,10,280.6600000000002,10,279.31999999999977,2opt,notBad
10344,10,280.6600000000002,10,279.31999999999977,2opt,notBad
10345,10,280.6600000000002,10,279.31999999999977,2opt,notBad
10346,10,280.6600000000002,10,279.31999999999977,swap,notBad
10347,10,280.6600000000002,10,279.31999999999977,2opt,notBad
10348,10,280.6600000000002,10,279.31999999999977,swap,notBad
10349,10,280.6600000000002,10,279.31999999999977,swap,notBad
10350,10,280.6600000000002,10,279.31999999999977,swap,notBad
10351,10,280.6600000000002,10,279.31999999999977,move,improve
10352,10,280.6600000000002,10,279.31999999999977,move,notBad
10353,10,280.6600000000002,10,279.31999999999977,move,improve
10354,10,280.6600000000002,10,279.31999999999977,swap,notBad
10355,10,280.6600000000002,10,279.31999999999977,swap,notBad
10356,10,280.6600000000002,10,279.31999999999977,2opt,improve
10357,10,280.6600000000002,10,279.31999999999977,move,improve
10358,10,280.6600000000002,10,279.31999999999977,move,notBad
10359,10,280.6600000000002,10,279.31999999999977,swap,notBad
10360,10,280.6600000000002,10,279.31999999999977,2opt,notBad
10361,10,280.6600000000002,10,279.31999999999977,2opt,notBad
10362,10,280.6600000000002,10,279.31999999999977,move,improve
10363,10,280.6600000000002,10,279.31999999999977,move,improve
10364,10,280.6600000000002,10,279.31999999999977,move,improve
10365,10,280.6600000000002,10,279.31999999999977,swap,notBad
10366,10,280.6600000000002,10,279.31999999999977,2opt,improve
10367,10,280.6600000000002,10,279.31999999999977,2opt,improve
10368,10,280.6600000000002,10,279.31999999999977,move,improve
10369,10,280.6600000000002,10,279.31999999999977,2opt,notBad
10370,10,280.6600000000002,10,279.31999999999977,move,improve
10371,10,280.6600000000002,10,279.31999999999977,move,improve
10372,10,280.6600000000002,10,279.31999999999977,swap,notBad
10373,10,280.6600000000002,10,279.31999999999977,move,improve
10374,10,280.6600000000002,10,279.31999999999977,2opt,notBad
10375,10,280.6600000000002,10,279.31999999999977,2opt,notBad
10376,10,280.6600000000002,10,279.31999999999977,move,improve
10377,10,280.6600000000002,10,279.31999999999977,swap,notBad
10378,10,280.6600000000002,10,279.31999999999977,move,improve
10379,10,280.6600000000002,10,279.31999999999977,2opt,notBad
10380,10,280.6600000000002,10,279.31999999999977,2opt,improve
10381,10,280.6600000000002,10,279.31999999999977,move,improve
10382,10,280.6600000000002,10,279.31999999999977,move,improve
10383,10,280.6600000000002,10,279.31999999999977,2opt,notBad
10384,10,280.6600000000002,10,279.31999999999977,move,improve
10385,10,280.6600000000002,10,279.31999999999977,2opt,notBad
10386,10,280.6600000000002,10,279.31999999999977,swap,notBad
10387,10,280.6600000000002,10,279.31999999999977,move,improve
10388,10,280.6600000000002,10,279.31999999999977,move,improve
10389,10,280.6600000000002,10,279.31999999999977,swap,notBad
10390,10,280.6600000000002,10,279.31999999999977,swap,notBad
10391,10,280.6600000000002,10,279.31999999999977,move,improve
10392,10,280.6600000000002,10,279.31999999999977,2opt,notBad
10393,10,280.6600000000002,10,279.31999999999977,2opt,notBad
10394,10,280.6600000000002,10,279.31999999999977,move,improve
10395,10,280.6600000000002,10,279.31999999999977,2opt,notBad
10396,10,280.6600000000002,10,279.31999999999977,swap,notBad
10397,10,280.6600000000002,10,279.31999999999977,move,improve
10398,10,280.6600000000002,10,279.31999999999977,move,improve
10399,10,280.6600000000002,10,279.31999999999977,2opt,notBad
10400,10,280.6600000000002,10,279.31999999999977,2opt,notBad
10401,10,280.6600000000002,10,279.31999999999977,swap,notBad
10402,10,280.6600000000002,10,279.31999999999977,2opt,notBad
10403,10,280.6600000000002,10,279.31999999999977,move,improve
10404,10,280.6600000000002,10,279.31999999999977,swap,notBad
10405,10,280.6600000000002,10,279.31999999999977,swap,notBad
10406,10,280.6600000000002,10,279.31999999999977,2opt,notBad
10407,10,280.6600000000002,10,279.31999999999977,swap,notBad
10408,10,280.6600000000002,10,279.31999999999977,move,improve
10409,10,280.6600000000002,10,279.31999999999977,swap,notBad
10410,10,280.6600000000002,10,279.31999999999977,2opt,improve
10411,10,280.6600000000002,10,279.31999999999977,2opt,improve
10412,10,280.6600000000002,10,279.31999999999977,swap,notBad
10413,10,280.6600000000002,10,279.31999999999977,2opt,improve
10414,10,280.6600000000002,10,279.31999999999977,move,improve
10415,10,280.6600000000002,10,279.31999999999977,2opt,notBad
10416,10,280.6600000000002,10,279.31999999999977,move,improve
10417,10,280.6600000000002,10,279.31999999999977,move,improve
10418,10,280.6600000000002,10,279.31999999999977,swap,notBad
10419,10,280.6600000000002,10,279.31999999999977,move,improve
10420,10,280.6600000000002,10,279.31999999999977,2opt,improve
10421,10,280.6600000000002,10,279.31999999999977,swap,notBad
10422,10,280.6600000000002,10,279.31999999999977,2opt,improve
10423,10,280.6600000000002,10,279.31999999999977,move,improve
10424,10,280.6600000000002,10,279.31999999999977,2opt,notBad
10425,10,280.6600000000002,10,279.31999999999977,move,improve
10426,10,280.6600000000002,10,279.31999999999977,move,improve
10427,10,280.6600000000002,10,279.31999999999977,2opt,notBad
10428,10,280.6600000000002,10,279.31999999999977,move,improve
10429,10,280.6600000000002,10,279.31999999999977,swap,notBad
10430,10,280.6600000000002,10,279.31999999999977,swap,notBad
10431,10,280.6600000000002,10,279.31999999999977,2opt,notBad
10432,10,280.6600000000002,10,279.31999999999977,move,improve
10433,10,280.6600000000002,10,279.31999999999977,2opt,notBad
10434,10,280.6600000000002,10,279.31999999999977,swap,notBad
10435,10,280.6600000000002,10,279.31999999999977,move,improve
10436,10,280.6600000000002,10,279.31999999999977,2opt,notBad
10437,10,280.6600000000002,10,279.31999999999977,swap,notBad
10438,10,280.6600000000002,10,279.31999999999977,2opt,notBad
10439,10,280.6600000000002,10,279.31999999999977,swap,notBad
10440,10,280.6600000000002,10,279.31999999999977,2opt,notBad
10441,10,280.6600000000002,10,279.31999999999977,2opt,notBad
10442,10,280.6600000000002,10,279.31999999999977,move,improve
10443,10,280.6600000000002,10,279.31999999999977,2opt,notBad
10444,10,280.6600000000002,10,279.31999999999977,2opt,notBad
10445,10,280.6600000000002,10,279.31999999999977,move,improve
10446,10,280.6600000000002,10,279.31999999999977,2opt,notBad
10447,10,280.6600000000002,10,279.31999999999977,2opt,notBad
10448,10,280.6600000000002,10,279.31999999999977,swap,notBad
10449,10,280.6600000000002,10,279.31999999999977,swap,notBad
10450,10,280.6600000000002,10,279.31999999999977,move,improve
10451,10,280.6600000000002,10,279.31999999999977,move,improve
10452,10,280.6600000000002,10,279.31999999999977,move,improve
10453,10,280.6600000000002,10,279.31999999999977,move,improve
10454,10,280.6600000000002,10,279.31999999999977,swap,notBad
10455,10,280.6600000000002,10,279.31999999999977,move,improve
10456,10,280.6600000000002,10,279.31999999999977,swap,notBad
10457,10,280.6600000000002,10,279.31999999999977,swap,notBad
10458,10,280.6600000000002,10,279.31999999999977,move,improve
10459,10,280.6600000000002,10,279.31999999999977,move,improve
10460,10,280.6600000000002,10,279.31999999999977,2opt,notBad
10461,10,280.6600000000002,10,279.31999999999977,swap,notBad
10462,10,280.6600000000002,10,279.31999999999977,move,improve
10463,10,280.6600000000002,10,279.31999999999977,move,improve
10464,10,280.6600000000002,10,279.31999999999977,swap,notBad
10465,10,280.6600000000002,10,279.31999999999977,swap,notBad
10466,10,280.6600000000002,10,279.31999999999977,move,improve
10467,10,280.6600000000002,10,279.31999999999977,2opt,notBad
10468,10,280.6600000000002,10,279.31999999999977,move,improve
10469,10,280.6600000000002,10,279.31999999999977,swap,notBad
10470,10,280.6600000000002,10,279.31999999999977,swap,notBad
10471,10,280.6600000000002,10,279.31999999999977,move,improve
10472,10,280.6600000000002,10,279.31999999999977,2opt,notBad
10473,10,280.6600000000002,10,279.31999999999977,swap,notBad
10474,10,280.6600000000002,10,279.31999999999977,2opt,notBad
10475,10,280.6600000000002,10,279.31999999999977,2opt,improve
10476,10,280.6600000000002,10,279.31999999999977,2opt,notBad
10477,10,280.6600000000002,10,279.31999999999977,swap,notBad
10478,10,280.6600000000002,10,279.31999999999977,2opt,notBad
10479,10,280.6600000000002,10,279.31999999999977,swap,notBad
10480,10,280.6600000000002,10,279.31999999999977,move,improve
10481,10,280.6600000000002,10,279.31999999999977,2opt,notBad
10482,10,280.6600000000002,10,279.31999999999977,swap,notBad
10483,10,280.6600000000002,10,279.31999999999977,2opt,notBad
10484,10,280.6600000000002,10,279.31999999999977,move,improve
10485,10,280.6600000000002,10,279.31999999999977,swap,notBad
10486,10,280.6600000000002,10,279.31999999999977,move,improve
10487,10,280.6600000000002,10,279.31999999999977,2opt,notBad
10488,10,280.6600000000002,10,279.31999999999977,move,improve
10489,10,280.6600000000002,10,279.31999999999977,2opt,improve
10490,10,280.6600000000002,10,279.31999999999977,swap,notBad
10491,10,280.6600000000002,10,279.31999999999977,2opt,notBad
10492,10,280.6600000000002,10,279.31999999999977,2opt,notBad
10493,10,280.6600000000002,10,279.31999999999977,move,improve
10494,10,280.6600000000002,10,279.31999999999977,move,improve
10495,10,280.6600000000002,10,279.31999999999977,move,improve
10496,10,280.6600000000002,10,279.31999999999977,swap,notBad
10497,10,280.6600000000002,10,279.31999999999977,swap,improve
10498,10,280.6600000000002,10,279.31999999999977,2opt,notBad
10499,10,280.6600000000002,10,279.31999999999977,move,improve
10500,10,280.6600000000002,10,279.31999999999977,2opt,notBad
10501,10,280.6600000000002,10,279.31999999999977,2opt,notBad
10502,10,280.6600000000002,10,279.31999999999977,move,improve
10503,10,280.6600000000002,10,279.31999999999977,swap,notBad
10504,10,280.6600000000002,10,279.31999999999977,move,improve
10505,10,280.6600000000002,10,279.31999999999977,move,improve
10506,10,280.6600000000002,10,279.31999999999977,2opt,notBad
10507,10,280.6600000000002,10,279.31999999999977,2opt,notBad
10508,10,280.6600000000002,10,279.31999999999977,swap,notBad
10509,10,280.6600000000002,10,279.31999999999977,swap,notBad
10510,10,280.6600000000002,10,279.31999999999977,swap,notBad
10511,10,280.6600000000002,10,279.31999999999977,swap,notBad
10512,10,280.6600000000002,10,279.31999999999977,2opt,notBad
10513,10,280.6600000000002,10,279.31999999999977,2opt,notBad
10514,10,280.6600000000002,10,279.31999999999977,move,improve
10515,10,280.6600000000002,10,279.31999999999977,2opt,notBad
10516,10,280.6600000000002,10,279.31999999999977,move,improve
10517,10,280.6600000000002,10,279.31999999999977,move,improve
10518,10,280.6600000000002,10,279.31999999999977,move,improve
10519,10,280.6600000000002,10,279.31999999999977,swap,notBad
10520,10,280.6600000000002,10,279.31999999999977,move,improve
10521,10,280.6600000000002,10,279.31999999999977,swap,notBad
10522,10,280.6600000000002,10,279.31999999999977,move,improve
10523,10,280.6600000000002,10,279.31999999999977,move,improve
10524,10,280.6600000000002,10,279.31999999999977,swap,notBad
10525,10,280.6600000000002,10,279.31999999999977,swap,notBad
10526,10,280.6600000000002,10,279.31999999999977,2opt,notBad
10527,10,280.6600000000002,10,279.31999999999977,move,improve
10528,10,280.6600000000002,10,279.31999999999977,swap,notBad
10529,10,280.6600000000002,10,279.31999999999977,move,improve
10530,10,280.6600000000002,10,279.31999999999977,2opt,notBad
10531,10,280.6600000000002,10,279.31999999999977,2opt,notBad
10532,10,280.6600000000002,10,279.31999999999977,move,improve
10533,10,280.6600000000002,10,279.31999999999977,2opt,notBad
10534,10,280.6600000000002,10,279.31999999999977,swap,notBad
10535,10,280.6600000000002,10,279.31999999999977,move,improve
10536,10,280.6600000000002,10,279.31999999999977,2opt,improve
10537,10,280.6600000000002,10,279.31999999999977,2opt,notBad
10538,10,280.6600000000002,10,279.31999999999977,move,improve
10539,10,280.6600000000002,10,279.31999999999977,move,improve
10540,10,280.6600000000002,10,279.31999999999977,2opt,notBad
10541,10,280.6600000000002,10,279.31999999999977,2opt,notBad
10542,10,280.6600000000002,10,279.31999999999977,2opt,notBad
10543,10,280.6600000000002,10,279.31999999999977,2opt,notBad
10544,10,280.6600000000002,10,279.31999999999977,move,improve
10545,10,280.6600000000002,10,279.31999999999977,swap,notBad
10546,10,280.6600000000002,10,279.31999999999977,2opt,notBad
10547,10,281.0200000000002,10,279.31999999999977,swap,acceptBad
10548,10,281.0200000000002,10,279.31999999999977,2opt,notBad
10549,10,281.0200000000002,10,279.31999999999977,2opt,notBad
10550,10,281.0200000000002,10,279.31999999999977,move,improve
10551,10,281.0200000000002,10,279.31999999999977,move,improve
10552,10,281.0200000000002,10,279.31999999999977,move,improve
10553,10,281.0200000000002,10,279.31999999999977,2opt,improve
10554,10,281.0200000000002,10,279.31999999999977,2opt,notBad
10555,10,281.0200000000002,10,279.31999999999977,move,improve
10556,10,281.0200000000002,10,279.31999999999977,swap,notBad
10557,10,281.0200000000002,10,279.31999999999977,2opt,notBad
10558,10,281.0200000000002,10,279.31999999999977,2opt,notBad
10559,10,281.0200000000002,10,279.31999999999977,move,improve
10560,10,281.0200000000002,10,279.31999999999977,2opt,notBad
10561,10,281.0200000000002,10,279.31999999999977,2opt,improve
10562,10,281.0200000000002,10,279.31999999999977,swap,notBad
10563,10,281.0200000000002,10,279.31999999999977,move,improve
10564,10,280.55999999999995,10,279.31999999999977,swap,improve
10565,10,280.55999999999995,10,279.31999999999977,2opt,notBad
10566,10,280.55999999999995,10,279.31999999999977,move,improve
10567,10,280.55999999999995,10,279.31999999999977,2opt,notBad
10568,10,280.55999999999995,10,279.31999999999977,move,improve
10569,10,280.55999999999995,10,279.31999999999977,move,improve
10570,10,280.55999999999995,10,279.31999999999977,swap,notBad
10571,10,280.55999999999995,10,279.31999999999977,swap,notBad
10572,10,280.55999999999995,10,279.31999999999977,2opt,notBad
10573,10,280.55999999999995,10,279.31999999999977,2opt,notBad
10574,10,280.55999999999995,10,279.31999999999977,2opt,notBad
10575,10,280.55999999999995,10,279.31999999999977,2opt,notBad
10576,10,280.55999999999995,10,279.31999999999977,2opt,notBad
10577,10,280.55999999999995,10,279.31999999999977,2opt,notBad
10578,10,280.55999999999995,10,279.31999999999977,move,improve
10579,10,280.55999999999995,10,279.31999999999977,2opt,notBad
10580,10,280.55999999999995,10,279.31999999999977,swap,notBad
10581,10,280.55999999999995,10,279.31999999999977,2opt,notBad
10582,10,281.19999999999993,10,279.31999999999977,swap,acceptBad
10583,10,281.19999999999993,10,279.31999999999977,swap,notBad
10584,10,281.19999999999993,10,279.31999999999977,swap,notBad
10585,10,281.19999999999993,10,279.31999999999977,swap,notBad
10586,10,281.19999999999993,10,279.31999999999977,swap,notBad
10587,10,281.19999999999993,10,279.31999999999977,swap,notBad
10588,10,281.19999999999993,10,279.31999999999977,2opt,improve
10589,10,281.19999999999993,10,279.31999999999977,2opt,improve
10590,10,281.19999999999993,10,279.31999999999977,swap,notBad
10591,10,281.19999999999993,10,279.31999999999977,swap,notBad
10592,10,281.19999999999993,10,279.31999999999977,swap,notBad
10593,10,281.19999999999993,10,279.31999999999977,2opt,notBad
10594,10,281.19999999999993,10,279.31999999999977,swap,notBad
10595,10,281.19999999999993,10,279.31999999999977,2opt,notBad
10596,10,281.19999999999993,10,279.31999999999977,2opt,notBad
10597,10,281.19999999999993,10,279.31999999999977,move,notBad
10598,10,281.19999999999993,10,279.31999999999977,2opt,notBad
10599,10,281.19999999999993,10,279.31999999999977,move,notBad
10600,10,281.19999999999993,10,279.31999999999977,swap,notBad
10601,10,281.19999999999993,10,279.31999999999977,swap,notBad
10602,10,281.19999999999993,10,279.31999999999977,swap,notBad
10603,10,281.19999999999993,10,279.31999999999977,move,improve
10604,10,281.19999999999993,10,279.31999999999977,2opt,notBad
10605,10,281.19999999999993,10,279.31999999999977,swap,notBad
10606,10,281.19999999999993,10,279.31999999999977,2opt,improve
10607,10,281.19999999999993,10,279.31999999999977,move,improve
10608,10,281.19999999999993,10,279.31999999999977,move,improve
10609,10,281.19999999999993,10,279.31999999999977,2opt,notBad
10610,10,281.19999999999993,10,279.31999999999977,2opt,notBad
10611,10,281.19999999999993,10,279.31999999999977,swap,notBad
10612,10,281.19999999999993,10,279.31999999999977,move,improve
10613,10,281.19999999999993,10,279.31999999999977,swap,notBad
10614,10,281.19999999999993,10,279.31999999999977,2opt,notBad
10615,10,281.19999999999993,10,279.31999999999977,2opt,notBad
10616,10,281.19999999999993,10,279.31999999999977,swap,notBad
10617,10,281.19999999999993,10,279.31999999999977,2opt,notBad
10618,10,281.19999999999993,10,279.31999999999977,swap,notBad
10619,10,281.19999999999993,10,279.31999999999977,swap,notBad
10620,10,281.19999999999993,10,279.31999999999977,2opt,notBad
10621,10,281.19999999999993,10,279.31999999999977,move,improve
10622,10,281.19999999999993,10,279.31999999999977,move,improve
10623,10,281.19999999999993,10,279.31999999999977,2opt,notBad
10624,10,281.19999999999993,10,279.31999999999977,2opt,notBad
10625,10,281.19999999999993,10,279.31999999999977,swap,notBad
10626,10,281.19999999999993,10,279.31999999999977,swap,notBad
10627,10,281.19999999999993,10,279.31999999999977,swap,notBad
10628,10,281.19999999999993,10,279.31999999999977,2opt,improve
10629,10,281.19999999999993,10,279.31999999999977,swap,notBad
10630,10,281.19999999999993,10,279.31999999999977,swap,notBad
10631,10,281.19999999999993,10,279.31999999999977,2opt,notBad
10632,10,281.19999999999993,10,279.31999999999977,2opt,notBad
10633,10,281.19999999999993,10,279.31999999999977,swap,notBad
10634,10,281.19999999999993,10,279.31999999999977,move,improve
10635,10,281.19999999999993,10,279.31999999999977,move,improve
10636,10,281.19999999999993,10,279.31999999999977,move,improve
10637,10,281.19999999999993,10,279.31999999999977,swap,notBad
10638,10,281.19999999999993,10,279.31999999999977,2opt,notBad
10639,10,281.19999999999993,10,279.31999999999977,move,improve
10640,10,281.19999999999993,10,279.31999999999977,move,improve
10641,10,281.19999999999993,10,279.31999999999977,2opt,notBad
10642,10,281.19999999999993,10,279.31999999999977,move,improve
10643,10,281.19999999999993,10,279.31999999999977,swap,notBad
10644,10,281.19999999999993,10,279.31999999999977,move,improve
10645,10,281.19999999999993,10,279.31999999999977,2opt,notBad
10646,10,281.19999999999993,10,279.31999999999977,2opt,improve
10647,10,281.19999999999993,10,279.31999999999977,move,improve
10648,10,281.19999999999993,10,279.31999999999977,2opt,notBad
10649,10,281.19999999999993,10,279.31999999999977,move,improve
10650,10,281.15999999999997,10,279.31999999999977,move,improve
10651,10,281.15999999999997,10,279.31999999999977,2opt,notBad
10652,10,281.15999999999997,10,279.31999999999977,2opt,notBad
10653,10,281.15999999999997,10,279.31999999999977,swap,notBad
10654,10,281.15999999999997,10,279.31999999999977,2opt,improve
10655,10,281.15999999999997,10,279.31999999999977,move,improve
10656,10,281.15999999999997,10,279.31999999999977,2opt,notBad
10657,10,281.15999999999997,10,279.31999999999977,2opt,notBad
10658,10,281.15999999999997,10,279.31999999999977,2opt,notBad
10659,10,281.15999999999997,10,279.31999999999977,2opt,notBad
10660,10,281.15999999999997,10,279.31999999999977,swap,notBad
10661,10,281.15999999999997,10,279.31999999999977,move,improve
10662,10,281.15999999999997,10,279.31999999999977,2opt,notBad
10663,10,281.15999999999997,10,279.31999999999977,move,improve
10664,10,281.15999999999997,10,279.31999999999977,swap,notBad
10665,10,281.15999999999997,10,279.31999999999977,move,improve
10666,10,281.15999999999997,10,279.31999999999977,2opt,notBad
10667,10,281.15999999999997,10,279.31999999999977,swap,notBad
10668,10,281.15999999999997,10,279.31999999999977,swap,notBad
10669,10,281.15999999999997,10,279.31999999999977,2opt,notBad
10670,10,281.15999999999997,10,279.31999999999977,swap,notBad
10671,10,281.15999999999997,10,279.31999999999977,move,improve
10672,10,281.15999999999997,10,279.31999999999977,move,improve
10673,10,281.15999999999997,10,279.31999999999977,swap,notBad
10674,10,281.15999999999997,10,279.31999999999977,swap,notBad
10675,10,281.15999999999997,10,279.31999999999977,2opt,notBad
10676,10,281.15999999999997,10,279.31999999999977,2opt,notBad
10677,10,281.15999999999997,10,279.31999999999977,move,improve
10678,10,281.15999999999997,10,279.31999999999977,move,improve
10679,10,281.15999999999997,10,279.31999999999977,2opt,notBad
10680,10,281.15999999999997,10,279.31999999999977,swap,notBad
10681,10,281.15999999999997,10,279.31999999999977,swap,notBad
10682,10,281.15999999999997,10,279.31999999999977,move,improve
10683,10,281.15999999999997,10,279.31999999999977,move,improve
10684,10,281.15999999999997,10,279.31999999999977,2opt,notBad
10685,10,281.15999999999997,10,279.31999999999977,swap,notBad
10686,10,281.15999999999997,10,279.31999999999977,swap,notBad
10687,10,281.15999999999997,10,279.31999999999977,2opt,notBad
10688,10,281.15999999999997,10,279.31999999999977,2opt,notBad
10689,10,281.15999999999997,10,279.31999999999977,move,improve
10690,10,281.15999999999997,10,279.31999999999977,move,improve
10691,10,281.15999999999997,10,279.31999999999977,2opt,notBad
10692,10,281.15999999999997,10,279.31999999999977,2opt,notBad
10693,10,281.15999999999997,10,279.31999999999977,swap,notBad
10694,10,281.15999999999997,10,279.31999999999977,move,improve
10695,10,281.15999999999997,10,279.31999999999977,2opt,notBad
10696,10,281.15999999999997,10,279.31999999999977,move,improve
10697,10,281.15999999999997,10,279.31999999999977,2opt,notBad
10698,10,281.15999999999997,10,279.31999999999977,swap,notBad
10699,10,281.15999999999997,10,279.31999999999977,2opt,notBad
10700,10,281.15999999999997,10,279.31999999999977,move,improve
10701,10,281.15999999999997,10,279.31999999999977,2opt,notBad
10702,10,281.15999999999997,10,279.31999999999977,move,improve
10703,10,281.15999999999997,10,279.31999999999977,swap,notBad
10704,10,281.15999999999997,10,279.31999999999977,swap,notBad
10705,10,281.15999999999997,10,279.31999999999977,move,improve
10706,10,281.15999999999997,10,279.31999999999977,2opt,notBad
10707,10,281.15999999999997,10,279.31999999999977,move,improve
10708,10,281.15999999999997,10,279.31999999999977,2opt,notBad
10709,10,281.15999999999997,10,279.31999999999977,swap,notBad
10710,10,281.15999999999997,10,279.31999999999977,2opt,notBad
10711,10,281.15999999999997,10,279.31999999999977,move,improve
10712,10,281.15999999999997,10,279.31999999999977,2opt,notBad
10713,10,281.15999999999997,10,279.31999999999977,move,improve
10714,10,281.15999999999997,10,279.31999999999977,swap,notBad
10715,10,281.15999999999997,10,279.31999999999977,2opt,improve
10716,10,281.15999999999997,10,279.31999999999977,swap,notBad
10717,10,281.15999999999997,10,279.31999999999977,2opt,notBad
10718,10,281.15999999999997,10,279.31999999999977,swap,notBad
10719,10,281.15999999999997,10,279.31999999999977,2opt,notBad
10720,10,281.15999999999997,10,279.31999999999977,swap,notBad
10721,10,281.15999999999997,10,279.31999999999977,move,improve
10722,10,281.15999999999997,10,279.31999999999977,swap,notBad
10723,10,281.15999999999997,10,279.31999999999977,swap,notBad
10724,10,281.15999999999997,10,279.31999999999977,2opt,improve
10725,10,281.15999999999997,10,279.31999999999977,move,improve
10726,10,281.15999999999997,10,279.31999999999977,2opt,notBad
10727,10,281.15999999999997,10,279.31999999999977,2opt,notBad
10728,10,281.15999999999997,10,279.31999999999977,swap,notBad
10729,10,281.15999999999997,10,279.31999999999977,2opt,notBad
10730,10,281.15999999999997,10,279.31999999999977,2opt,notBad
10731,10,281.15999999999997,10,279.31999999999977,move,improve
10732,10,281.15999999999997,10,279.31999999999977,swap,notBad
10733,10,281.15999999999997,10,279.31999999999977,move,improve
10734,10,281.15999999999997,10,279.31999999999977,move,improve
10735,10,281.15999999999997,10,279.31999999999977,2opt,notBad
10736,10,281.15999999999997,10,279.31999999999977,2opt,notBad
10737,10,281.15999999999997,10,279.31999999999977,move,improve
10738,10,281.15999999999997,10,279.31999999999977,2opt,notBad
10739,10,281.15999999999997,10,279.31999999999977,2opt,notBad
10740,10,281.15999999999997,10,279.31999999999977,move,improve
10741,10,281.15999999999997,10,279.31999999999977,swap,notBad
10742,10,281.15999999999997,10,279.31999999999977,swap,notBad
10743,10,281.15999999999997,10,279.31999999999977,swap,notBad
10744,10,281.15999999999997,10,279.31999999999977,move,improve
10745,10,281.15999999999997,10,279.31999999999977,swap,notBad
10746,10,281.15999999999997,10,279.31999999999977,2opt,notBad
10747,10,281.15999999999997,10,279.31999999999977,swap,notBad
10748,10,281.15999999999997,10,279.31999999999977,move,improve
10749,10,281.15999999999997,10,279.31999999999977,swap,notBad
10750,10,281.15999999999997,10,279.31999999999977,2opt,notBad
10751,10,281.15999999999997,10,279.31999999999977,2opt,notBad
10752,10,281.15999999999997,10,279.31999999999977,2opt,improve
10753,10,281.15999999999997,10,279.31999999999977,swap,notBad
10754,10,281.15999999999997,10,279.31999999999977,move,improve
10755,10,281.15999999999997,10,279.31999999999977,2opt,improve
10756,10,281.1999999999997,10,279.31999999999977,swap,acceptBad
10757,10,281.1999999999997,10,279.31999999999977,move,improve
10758,10,281.1999999999997,10,279.31999999999977,2opt,notBad
10759,10,281.1999999999997,10,279.31999999999977,2opt,notBad
10760,10,281.1999999999997,10,279.31999999999977,move,improve
10761,10,281.1999999999997,10,279.31999999999977,swap,notBad
10762,10,281.1999999999997,10,279.31999999999977,swap,notBad
10763,10,281.1999999999997,10,279.31999999999977,swap,notBad
10764,10,281.1999999999997,10,279.31999999999977,move,improve
10765,10,281.1999999999997,10,279.31999999999977,move,improve
10766,10,281.1999999999997,10,279.31999999999977,swap,notBad
10767,10,281.1999999999997,10,279.31999999999977,2opt,notBad
10768,10,281.1999999999997,10,279.31999999999977,2opt,notBad
10769,10,281.1999999999997,10,279.31999999999977,2opt,notBad
10770,10,281.1999999999997,10,279.31999999999977,move,improve
10771,10,281.1999999999997,10,279.31999999999977,swap,notBad
10772,10,281.1999999999997,10,279.31999999999977,2opt,notBad
10773,10,281.1999999999997,10,279.31999999999977,swap,notBad
10774,10,281.1999999999997,10,279.31999999999977,swap,notBad
10775,10,281.1999999999997,10,279.31999999999977,move,notBad
10776,10,281.1999999999997,10,279.31999999999977,2opt,notBad
10777,10,281.1999999999995,10,279.31999999999977,move,improve
10778,10,281.1999999999995,10,279.31999999999977,2opt,notBad
10779,10,276.79999999999956,10,276.79999999999956,2opt,newBest
10780,10,276.79999999999956,10,276.79999999999956,2opt,notBad
10781,10,276.79999999999956,10,276.79999999999956,move,improve
10782,10,276.79999999999956,10,276.79999999999956,move,improve
10783,10,276.79999999999956,10,276.79999999999956,move,improve
10784,10,276.79999999999956,10,276.79999999999956,2opt,notBad
10785,10,276.79999999999956,10,276.79999999999956,2opt,notBad
10786,10,276.79999999999956,10,276.79999999999956,move,improve
10787,10,276.79999999999956,10,276.79999999999956,2opt,notBad
10788,10,276.79999999999956,10,276.79999999999956,swap,notBad
10789,10,276.79999999999956,10,276.79999999999956,move,improve
10790,10,276.79999999999956,10,276.79999999999956,swap,notBad
10791,10,276.79999999999956,10,276.79999999999956,move,improve
10792,10,276.79999999999956,10,276.79999999999956,swap,notBad
10793,10,276.79999999999956,10,276.79999999999956,move,improve
10794,10,276.79999999999956,10,276.79999999999956,2opt,notBad
10795,10,276.79999999999956,10,276.79999999999956,move,improve
10796,10,276.79999999999956,10,276.79999999999956,2opt,notBad
10797,10,276.79999999999956,10,276.79999999999956,2opt,notBad
10798,10,276.79999999999956,10,276.79999999999956,swap,notBad
10799,10,276.79999999999956,10,276.79999999999956,move,improve
10800,10,276.79999999999956,10,276.79999999999956,2opt,notBad
10801,10,276.79999999999956,10,276.79999999999956,swap,notBad
10802,10,276.79999999999956,10,276.79999999999956,move,improve
10803,10,276.79999999999956,10,276.79999999999956,2opt,notBad
10804,10,276.79999999999956,10,276.79999999999956,swap,notBad
10805,10,276.79999999999956,10,276.79999999999956,move,improve
10806,10,276.79999999999956,10,276.79999999999956,2opt,notBad
10807,10,276.79999999999956,10,276.79999999999956,move,improve
10808,10,276.79999999999956,10,276.79999999999956,move,improve
10809,10,276.79999999999956,10,276.79999999999956,swap,notBad
10810,10,276.79999999999956,10,276.79999999999956,2opt,notBad
10811,10,276.79999999999956,10,276.79999999999956,2opt,notBad
10812,10,276.79999999999956,10,276.79999999999956,2opt,notBad
10813,10,276.79999999999956,10,276.79999999999956,swap,notBad
10814,10,276.79999999999956,10,276.79999999999956,move,improve
10815,10,276.79999999999956,10,276.79999999999956,swap,notBad
10816,10,276.79999999999956,10,276.79999999999956,2opt,notBad
10817,10,276.79999999999956,10,276.79999999999956,swap,notBad
10818,10,276.79999999999956,10,276.79999999999956,move,improve
10819,10,276.79999999999956,10,276.79999999999956,2opt,notBad
10820,10,276.79999999999956,10,276.79999999999956,2opt,notBad
10821,10,276.79999999999956,10,276.79999999999956,swap,notBad
10822,10,276.79999999999956,10,276.79999999999956,2opt,improve
10823,10,276.79999999999956,10,276.79999999999956,2opt,notBad
10824,10,276.79999999999956,10,276.79999999999956,swap,notBad
10825,10,276.79999999999956,10,276.79999999999956,swap,notBad
10826,10,276.79999999999956,10,276.79999999999956,2opt,improve
10827,10,276.79999999999956,10,276.79999999999956,swap,notBad
10828,10,276.79999999999956,10,276.79999999999956,2opt,notBad
10829,10,276.79999999999956,10,276.79999999999956,2opt,notBad
10830,10,276.79999999999956,10,276.79999999999956,move,improve
10831,10,276.79999999999956,10,276.79999999999956,2opt,notBad
10832,10,276.79999999999956,10,276.79999999999956,move,improve
10833,10,276.79999999999956,10,276.79999999999956,swap,notBad
10834,10,276.79999999999956,10,276.79999999999956,2opt,notBad
10835,10,276.79999999999956,10,276.79999999999956,2opt,notBad
10836,10,276.79999999999956,10,276.79999999999956,2opt,notBad
10837,10,276.79999999999956,10,276.79999999999956,move,improve
10838,10,276.79999999999956,10,276.79999999999956,move,improve
10839,10,276.79999999999956,10,276.79999999999956,move,improve
10840,10,276.79999999999956,10,276.79999999999956,swap,notBad
10841,10,276.79999999999956,10,276.79999999999956,move,improve
10842,10,276.79999999999956,10,276.79999999999956,swap,notBad
10843,10,276.79999999999956,10,276.79999999999956,swap,notBad
10844,10,276.79999999999956,10,276.79999999999956,swap,notBad
10845,10,276.79999999999956,10,276.79999999999956,move,improve
10846,10,276.79999999999956,10,276.79999999999956,2opt,improve
10847,10,276.79999999999956,10,276.79999999999956,move,improve
10848,10,276.79999999999956,10,276.79999999999956,move,improve
10849,10,276.79999999999956,10,276.79999999999956,move,improve
10850,10,276.79999999999956,10,276.79999999999956,2opt,notBad
10851,10,276.79999999999956,10,276.79999999999956,move,improve
10852,10,276.79999999999956,10,276.79999999999956,swap,notBad
10853,10,276.79999999999956,10,276.79999999999956,swap,notBad
10854,10,276.79999999999956,10,276.79999999999956,2opt,notBad
10855,10,276.79999999999956,10,276.79999999999956,2opt,notBad
10856,10,276.79999999999956,10,276.79999999999956,swap,notBad
10857,10,276.79999999999956,10,276.79999999999956,move,improve
10858,10,276.79999999999956,10,276.79999999999956,move,improve
10859,10,276.79999999999956,10,276.79999999999956,move,improve
10860,10,276.79999999999956,10,276.79999999999956,2opt,improve
10861,10,276.79999999999956,10,276.79999999999956,2opt,notBad
10862,10,276.79999999999956,10,276.79999999999956,swap,notBad
10863,10,276.79999999999956,10,276.79999999999956,swap,notBad
10864,10,276.79999999999956,10,276.79999999999956,2opt,notBad
10865,10,276.79999999999956,10,276.79999999999956,swap,notBad
10866,10,276.79999999999956,10,276.79999999999956,2opt,notBad
10867,10,276.79999999999956,10,276.79999999999956,2opt,notBad
10868,10,276.79999999999956,10,276.79999999999956,swap,notBad
10869,10,276.79999999999956,10,276.79999999999956,2opt,notBad
10870,10,276.79999999999956,10,276.79999999999956,swap,notBad
10871,10,276.79999999999956,10,276.79999999999956,2opt,notBad
10872,10,276.79999999999956,10,276.79999999999956,2opt,notBad
10873,10,276.79999999999956,10,276.79999999999956,swap,notBad
10874,10,276.79999999999956,10,276.79999999999956,swap,notBad
10875,10,276.79999999999956,10,276.79999999999956,2opt,notBad
10876,10,276.79999999999956,10,276.79999999999956,swap,notBad
10877,10,276.79999999999956,10,276.79999999999956,swap,notBad
10878,10,276.79999999999956,10,276.79999999999956,move,improve
10879,10,276.79999999999956,10,276.79999999999956,swap,notBad
10880,10,276.7600000000002,10,276.7600000000002,swap,newBest
10881,10,276.7600000000002,10,276.7600000000002,2opt,notBad
10882,10,276.7600000000002,10,276.7600000000002,2opt,notBad
10883,10,276.7600000000002,10,276.7600000000002,move,improve
10884,10,276.7600000000002,10,276.7600000000002,move,improve
10885,10,276.7600000000002,10,276.7600000000002,2opt,notBad
10886,10,276.7600000000002,10,276.7600000000002,swap,notBad
10887,10,276.7600000000002,10,276.7600000000002,move,improve
10888,10,276.7600000000002,10,276.7600000000002,2opt,notBad
10889,10,276.7600000000002,10,276.7600000000002,2opt,notBad
10890,10,276.7600000000002,10,276.7600000000002,move,improve
10891,10,276.7600000000002,10,276.7600000000002,swap,notBad
10892,10,276.7600000000002,10,276.7600000000002,2opt,notBad
10893,10,276.7600000000002,10,276.7600000000002,2opt,notBad
10894,10,276.7600000000002,10,276.7600000000002,move,improve
10895,10,276.7600000000002,10,276.7600000000002,2opt,notBad
10896,10,276.7600000000002,10,276.7600000000002,swap,notBad
10897,10,276.7600000000002,10,276.7600000000002,2opt,notBad
10898,10,276.7600000000002,10,276.7600000000002,move,improve
10899,10,276.7600000000002,10,276.7600000000002,2opt,notBad
10900,10,276.7600000000002,10,276.7600000000002,2opt,notBad
10901,10,276.7600000000002,10,276.7600000000002,swap,notBad
10902,10,276.7600000000002,10,276.7600000000002,2opt,improve
10903,10,276.7600000000002,10,276.7600000000002,move,improve
10904,10,276.7600000000002,10,276.7600000000002,2opt,notBad
10905,10,276.7600000000002,10,276.7600000000002,swap,notBad
10906,10,276.7600000000002,10,276.7600000000002,move,improve
10907,10,276.7600000000002,10,276.7600000000002,move,improve
10908,10,276.7600000000002,10,276.7600000000002,swap,notBad
10909,10,276.7600000000002,10,276.7600000000002,move,improve
10910,10,276.7600000000002,10,276.7600000000002,move,improve
10911,10,276.7600000000002,10,276.7600000000002,2opt,notBad
10912,10,276.7600000000002,10,276.7600000000002,swap,notBad
10913,10,276.7600000000002,10,276.7600000000002,swap,notBad
10914,10,276.7600000000002,10,276.7600000000002,swap,notBad
10915,10,276.7600000000002,10,276.7600000000002,swap,notBad
10916,10,276.7600000000002,10,276.7600000000002,swap,notBad
10917,10,276.7600000000002,10,276.7600000000002,2opt,improve
10918,10,276.7600000000002,10,276.7600000000002,swap,notBad
10919,10,276.7600000000002,10,276.7600000000002,swap,notBad
10920,10,276.7600000000002,10,276.7600000000002,2opt,notBad
10921,10,276.7600000000002,10,276.7600000000002,2opt,improve
10922,10,276.7600000000002,10,276.7600000000002,swap,notBad
10923,10,276.7600000000002,10,276.7600000000002,swap,notBad
10924,10,276.7600000000002,10,276.7600000000002,swap,notBad
10925,10,276.7600000000002,10,276.7600000000002,2opt,notBad
10926,10,276.7600000000002,10,276.7600000000002,move,improve
10927,10,276.7600000000002,10,276.7600000000002,move,improve
10928,10,276.7600000000002,10,276.7600000000002,move,improve
10929,10,274.9200000000002,10,274.9200000000002,move,newBest
10930,10,274.9200000000002,10,274.9200000000002,move,improve
10931,10,274.9200000000002,10,274.9200000000002,swap,notBad
10932,10,274.9200000000002,10,274.9200000000002,2opt,notBad
10933,10,274.9200000000002,10,274.9200000000002,move,improve
10934,10,274.9200000000002,10,274.9200000000002,2opt,notBad
10935,10,274.9200000000002,10,274.9200000000002,move,improve
10936,10,274.9200000000002,10,274.9200000000002,2opt,notBad
10937,10,274.9200000000002,10,274.9200000000002,swap,notBad
10938,10,274.9200000000002,10,274.9200000000002,swap,notBad
10939,10,274.9200000000002,10,274.9200000000002,swap,notBad
10940,10,274.9200000000002,10,274.9200000000002,swap,notBad
10941,10,274.9200000000002,10,274.9200000000002,move,improve
10942,10,274.9200000000002,10,274.9200000000002,2opt,notBad
10943,10,274.9200000000002,10,274.9200000000002,move,improve
10944,10,274.9200000000002,10,274.9200000000002,2opt,notBad
10945,10,274.9200000000002,10,274.9200000000002,swap,notBad
10946,10,274.9200000000002,10,274.9200000000002,move,improve
10947,10,274.9200000000002,10,274.9200000000002,2opt,notBad
10948,10,274.9200000000002,10,274.9200000000002,move,improve
10949,10,274.9200000000002,10,274.9200000000002,move,improve
10950,10,274.9200000000002,10,274.9200000000002,swap,notBad
10951,10,274.9200000000002,10,274.9200000000002,2opt,notBad
10952,10,274.9200000000002,10,274.9200000000002,swap,notBad
10953,10,274.9200000000002,10,274.9200000000002,2opt,notBad
10954,10,274.9200000000002,10,274.9200000000002,2opt,notBad
10955,10,274.9200000000002,10,274.9200000000002,swap,notBad
10956,10,274.9200000000002,10,274.9200000000002,swap,improve
10957,10,274.9200000000002,10,274.9200000000002,swap,notBad
10958,10,274.9200000000002,10,274.9200000000002,2opt,notBad
10959,10,274.9200000000002,10,274.9200000000002,move,improve
10960,10,274.9200000000002,10,274.9200000000002,swap,notBad
10961,10,274.9200000000002,10,274.9200000000002,move,improve
10962,10,274.9200000000002,10,274.9200000000002,swap,notBad
10963,10,274.9200000000002,10,274.9200000000002,2opt,notBad
10964,10,274.9200000000002,10,274.9200000000002,move,improve
10965,10,274.9200000000002,10,274.9200000000002,swap,notBad
10966,10,274.9200000000002,10,274.9200000000002,swap,notBad
10967,10,274.9200000000002,10,274.9200000000002,swap,notBad
10968,10,274.9200000000002,10,274.9200000000002,swap,notBad
10969,10,274.9200000000002,10,274.9200000000002,swap,notBad
10970,10,274.9200000000002,10,274.9200000000002,move,improve
10971,10,274.9200000000002,10,274.9200000000002,swap,notBad
10972,10,274.9200000000002,10,274.9200000000002,move,improve
10973,10,274.91999999999996,10,274.91999999999996,move,newBest
10974,10,274.91999999999996,10,274.91999999999996,move,improve
10975,10,274.91999999999996,10,274.91999999999996,move,improve
10976,10,274.91999999999996,10,274.91999999999996,move,improve
10977,10,274.91999999999996,10,274.91999999999996,swap,notBad
10978,10,274.91999999999996,10,274.91999999999996,swap,notBad
10979,10,274.91999999999996,10,274.91999999999996,2opt,notBad
10980,10,274.91999999999996,10,274.91999999999996,move,improve
10981,10,274.91999999999996,10,274.91999999999996,2opt,notBad
10982,10,274.91999999999996,10,274.91999999999996,2opt,notBad
10983,10,274.91999999999996,10,274.91999999999996,swap,notBad
10984,10,274.91999999999996,10,274.91999999999996,move,improve
10985,10,274.91999999999996,10,274.91999999999996,swap,notBad
10986,10,274.91999999999996,10,274.91999999999996,swap,notBad
10987,10,274.91999999999996,10,274.91999999999996,move,improve
10988,10,274.91999999999996,10,274.91999999999996,2opt,notBad
10989,10,274.91999999999996,10,274.91999999999996,swap,notBad
10990,10,274.91999999999996,10,274.91999999999996,swap,notBad
10991,10,274.91999999999996,10,274.91999999999996,move,improve
10992,10,274.91999999999996,10,274.91999999999996,2opt,notBad
10993,10,274.91999999999996,10,274.91999999999996,swap,notBad
10994,10,274.91999999999996,10,274.91999999999996,move,improve
10995,10,274.91999999999996,10,274.91999999999996,2opt,notBad
10996,10,274.91999999999996,10,274.91999999999996,2opt,notBad
10997,10,274.91999999999996,10,274.91999999999996,move,improve
10998,10,274.91999999999996,10,274.91999999999996,move,improve
10999,10,274.91999999999996,10,274.91999999999996,2opt,improve
11000,10,274.91999999999996,10,274.91999999999996,swap,notBad
11001,10,275.14,10,274.91999999999996,swap,acceptBad
11002,10,275.14,10,274.91999999999996,swap,notBad
11003,10,275.14,10,274.91999999999996,move,notBad
11004,10,275.14,10,274.91999999999996,move,improve
11005,10,275.14,10,274.91999999999996,swap,notBad
11006,10,275.14,10,274.91999999999996,swap,notBad
11007,10,275.14,10,274.91999999999996,swap,notBad
11008,10,275.14,10,274.91999999999996,swap,notBad
11009,10,275.14,10,274.91999999999996,swap,notBad
11010,10,275.14,10,274.91999999999996,move,improve
11011,10,275.14,10,274.91999999999996,move,improve
11012,10,275.14,10,274.91999999999996,2opt,notBad
11013,10,275.14,10,274.91999999999996,move,improve
11014,10,275.14,10,274.91999999999996,2opt,notBad
11015,10,275.14,10,274.91999999999996,move,improve
11016,10,275.14,10,274.91999999999996,2opt,notBad
11017,10,275.14,10,274.91999999999996,swap,notBad
11018,10,275.14,10,274.91999999999996,swap,notBad
11019,10,275.14,10,274.91999999999996,swap,notBad
11020,10,275.14,10,274.91999999999996,swap,notBad
11021,10,275.14,10,274.91999999999996,swap,notBad
11022,10,275.14,10,274.91999999999996,2opt,notBad
11023,10,275.14,10,274.91999999999996,2opt,notBad
11024,10,275.14,10,274.91999999999996,2opt,improve
11025,10,275.14,10,274.91999999999996,swap,notBad
11026,10,275.14,10,274.91999999999996,2opt,notBad
11027,10,275.14,10,274.91999999999996,swap,notBad
11028,10,275.14,10,274.91999999999996,move,improve
11029,10,275.14,10,274.91999999999996,2opt,notBad
11030,10,275.14,10,274.91999999999996,2opt,notBad
11031,10,275.14,10,274.91999999999996,2opt,notBad
11032,10,275.14,10,274.91999999999996,2opt,notBad
11033,10,275.14,10,274.91999999999996,2opt,notBad
11034,10,275.14,10,274.91999999999996,swap,notBad
11035,10,275.14,10,274.91999999999996,move,improve
11036,10,275.14,10,274.91999999999996,move,improve
11037,10,275.14,10,274.91999999999996,move,improve
11038,10,275.14,10,274.91999999999996,2opt,notBad
11039,10,275.14,10,274.91999999999996,move,improve
11040,10,275.14,10,274.91999999999996,move,improve
11041,10,275.14,10,274.91999999999996,2opt,notBad
11042,10,275.14,10,274.91999999999996,move,improve
11043,10,275.14,10,274.91999999999996,swap,notBad
11044,10,275.14,10,274.91999999999996,swap,notBad
11045,10,275.14,10,274.91999999999996,swap,improve
11046,10,275.14,10,274.91999999999996,2opt,notBad
11047,10,275.14,10,274.91999999999996,swap,notBad
11048,10,275.14,10,274.91999999999996,swap,notBad
11049,10,275.12,10,274.91999999999996,move,improve
11050,10,275.12,10,274.91999999999996,move,improve
11051,10,275.12,10,274.91999999999996,2opt,notBad
11052,10,275.12,10,274.91999999999996,move,improve
11053,10,275.12,10,274.91999999999996,swap,notBad
11054,10,275.12,10,274.91999999999996,2opt,notBad
11055,10,275.12,10,274.91999999999996,swap,notBad
11056,10,275.12,10,274.91999999999996,move,improve
11057,10,275.12,10,274.91999999999996,2opt,notBad
11058,10,275.12,10,274.91999999999996,move,improve
11059,10,275.12,10,274.91999999999996,2opt,notBad
11060,10,275.12,10,274.91999999999996,2opt,notBad
11061,10,275.12,10,274.91999999999996,2opt,notBad
11062,10,275.12,10,274.91999999999996,swap,notBad
11063,10,275.12,10,274.91999999999996,2opt,notBad
11064,10,275.12,10,274.91999999999996,swap,notBad
11065,10,275.12,10,274.91999999999996,2opt,notBad
11066,10,275.12,10,274.91999999999996,2opt,notBad
11067,10,275.12,10,274.91999999999996,2opt,notBad
11068,10,275.12,10,274.91999999999996,move,improve
11069,10,275.12,10,274.91999999999996,swap,notBad
11070,10,275.12,10,274.91999999999996,move,improve
11071,10,275.12,10,274.91999999999996,2opt,improve
11072,10,275.12,10,274.91999999999996,move,improve
11073,10,275.12,10,274.91999999999996,move,improve
11074,10,275.12,10,274.91999999999996,swap,notBad
11075,10,275.12,10,274.91999999999996,swap,notBad
11076,10,275.12,10,274.91999999999996,move,improve
11077,10,275.12,10,274.91999999999996,swap,notBad
11078,10,275.12,10,274.91999999999996,swap,notBad
11079,10,275.12,10,274.91999999999996,2opt,notBad
11080,10,275.12,10,274.91999999999996,2opt,notBad
11081,10,275.12,10,274.91999999999996,move,improve
11082,10,275.12,10,274.91999999999996,move,improve
11083,10,275.12,10,274.91999999999996,swap,notBad
11084,10,275.12,10,274.91999999999996,2opt,notBad
11085,10,275.12,10,274.91999999999996,2opt,notBad
11086,10,275.12,10,274.91999999999996,swap,notBad
11087,10,275.12,10,274.91999999999996,swap,notBad
11088,10,275.12,10,274.91999999999996,2opt,notBad
11089,10,275.12,10,274.91999999999996,swap,notBad
11090,10,275.12,10,274.91999999999996,move,improve
11091,10,275.12,10,274.91999999999996,move,improve
11092,10,275.12,10,274.91999999999996,2opt,notBad
11093,10,275.12,10,274.91999999999996,swap,notBad
11094,10,275.12,10,274.91999999999996,2opt,notBad
11095,10,275.12,10,274.91999999999996,swap,notBad
11096,10,275.12,10,274.91999999999996,swap,notBad
11097,10,275.12,10,274.91999999999996,move,improve
11098,10,275.12,10,274.91999999999996,2opt,notBad
11099,10,275.12,10,274.91999999999996,move,improve
11100,10,275.12,10,274.91999999999996,2opt,notBad
11101,10,275.12,10,274.91999999999996,swap,notBad
11102,10,275.12,10,274.91999999999996,2opt,notBad
11103,10,275.12,10,274.91999999999996,swap,notBad
11104,10,275.12,10,274.91999999999996,move,improve
11105,10,275.12,10,274.91999999999996,2opt,notBad
11106,10,275.12,10,274.91999999999996,move,improve
11107,10,275.12,10,274.91999999999996,swap,notBad
11108,10,275.12,10,274.91999999999996,swap,notBad
11109,10,275.12,10,274.91999999999996,move,improve
11110,10,275.12,10,274.91999999999996,move,improve
11111,10,275.12,10,274.91999999999996,move,improve
11112,10,275.12,10,274.91999999999996,swap,notBad
11113,10,275.12,10,274.91999999999996,swap,notBad
11114,10,275.12,10,274.91999999999996,move,improve
11115,10,275.12,10,274.91999999999996,move,improve
11116,10,275.12,10,274.91999999999996,2opt,improve
11117,10,275.12,10,274.91999999999996,move,improve
11118,10,275.12,10,274.91999999999996,swap,notBad
11119,10,275.12,10,274.91999999999996,swap,notBad
11120,10,275.12,10,274.91999999999996,move,improve
11121,10,275.12,10,274.91999999999996,move,improve
11122,10,275.12,10,274.91999999999996,2opt,notBad
11123,10,275.12,10,274.91999999999996,move,improve
11124,10,275.12,10,274.91999999999996,swap,notBad
11125,10,275.12,10,274.91999999999996,move,improve
11126,10,275.12,10,274.91999999999996,2opt,notBad
11127,10,275.12,10,274.91999999999996,move,improve
11128,10,275.12,10,274.91999999999996,move,improve
11129,10,275.12,10,274.91999999999996,move,improve
11130,10,275.12,10,274.91999999999996,swap,notBad
11131,10,275.12,10,274.91999999999996,swap,notBad
11132,10,275.12,10,274.91999999999996,move,improve
11133,10,275.12,10,274.91999999999996,swap,notBad
11134,10,275.12,10,274.91999999999996,2opt,notBad
11135,10,275.12,10,274.91999999999996,move,improve
11136,10,275.12,10,274.91999999999996,swap,notBad
11137,10,275.12,10,274.91999999999996,2opt,notBad
11138,10,275.12,10,274.91999999999996,2opt,notBad
11139,10,275.12,10,274.91999999999996,2opt,notBad
11140,10,275.12,10,274.91999999999996,swap,notBad
11141,10,275.12,10,274.91999999999996,2opt,improve
11142,10,275.12,10,274.91999999999996,2opt,notBad
11143,10,275.12,10,274.91999999999996,2opt,improve
11144,10,275.0000000000001,10,274.91999999999996,swap,improve
11145,10,275.0000000000001,10,274.91999999999996,swap,notBad
11146,10,275.0000000000001,10,274.91999999999996,2opt,notBad
11147,10,275.0000000000001,10,274.91999999999996,swap,notBad
11148,10,275.0000000000001,10,274.91999999999996,move,improve
11149,10,275.0000000000001,10,274.91999999999996,move,improve
11150,10,275.0000000000001,10,274.91999999999996,2opt,notBad
11151,10,275.0000000000001,10,274.91999999999996,2opt,notBad
11152,10,275.0000000000001,10,274.91999999999996,swap,notBad
11153,10,275.0000000000001,10,274.91999999999996,swap,notBad
11154,10,275.0000000000001,10,274.91999999999996,2opt,notBad
11155,10,275.0000000000001,10,274.91999999999996,2opt,notBad
11156,10,275.0000000000001,10,274.91999999999996,2opt,notBad
11157,10,275.0000000000001,10,274.91999999999996,2opt,notBad
11158,10,275.0000000000001,10,274.91999999999996,2opt,improve
11159,10,275.0000000000001,10,274.91999999999996,move,improve
11160,10,275.0000000000001,10,274.91999999999996,2opt,notBad
11161,10,275.0000000000001,10,274.91999999999996,2opt,notBad
11162,10,275.0000000000001,10,274.91999999999996,move,improve
11163,10,275.0000000000001,10,274.91999999999996,move,improve
11164,10,275.0000000000001,10,274.91999999999996,2opt,notBad
11165,10,275.0000000000001,10,274.91999999999996,move,improve
11166,10,275.0000000000001,10,274.91999999999996,move,improve
11167,10,275.0000000000001,10,274.91999999999996,move,improve
11168,10,275.0000000000001,10,274.91999999999996,move,improve
11169,10,275.0000000000001,10,274.91999999999996,swap,notBad
11170,10,275.0000000000001,10,274.91999999999996,move,improve
11171,10,275.0000000000001,10,274.91999999999996,swap,notBad
11172,10,275.0000000000001,10,274.91999999999996,2opt,notBad
11173,10,275.0000000000001,10,274.91999999999996,move,improve
11174,10,275.0000000000001,10,274.91999999999996,2opt,notBad
11175,10,275.0000000000001,10,274.91999999999996,2opt,notBad
11176,10,275.0000000000001,10,274.91999999999996,move,improve
11177,10,275.0000000000001,10,274.91999999999996,swap,notBad
11178,10,275.0000000000001,10,274.91999999999996,swap,notBad
11179,10,275.0000000000001,10,274.91999999999996,2opt,notBad
11180,10,275.0000000000001,10,274.91999999999996,2opt,notBad
11181,10,275.0000000000001,10,274.91999999999996,swap,notBad
11182,10,275.0000000000001,10,274.91999999999996,move,improve
11183,10,275.0000000000001,10,274.91999999999996,swap,notBad
11184,10,275.0000000000001,10,274.91999999999996,2opt,notBad
11185,10,275.0000000000001,10,274.91999999999996,swap,notBad
11186,10,275.0000000000001,10,274.91999999999996,swap,notBad
11187,10,275.0000000000001,10,274.91999999999996,swap,notBad
11188,10,275.0000000000001,10,274.91999999999996,swap,notBad
11189,10,275.0000000000001,10,274.91999999999996,2opt,notBad
11190,10,275.0000000000001,10,274.91999999999996,move,improve
11191,10,275.0000000000001,10,274.91999999999996,2opt,notBad
11192,10,275.0000000000001,10,274.91999999999996,swap,notBad
11193,10,275.0000000000001,10,274.91999999999996,2opt,notBad
11194,10,275.0000000000001,10,274.91999999999996,move,improve
11195,10,275.0000000000001,10,274.91999999999996,move,notBad
11196,10,275.0000000000001,10,274.91999999999996,2opt,notBad
11197,10,275.0000000000001,10,274.91999999999996,move,improve
11198,10,275.0000000000001,10,274.91999999999996,swap,notBad
11199,10,275.0000000000001,10,274.91999999999996,move,improve
11200,10,275.0000000000001,10,274.91999999999996,2opt,notBad
11201,10,275.0000000000001,10,274.91999999999996,2opt,notBad
11202,10,275.0000000000001,10,274.91999999999996,swap,notBad
11203,10,275.0000000000001,10,274.91999999999996,2opt,notBad
11204,10,275.0000000000001,10,274.91999999999996,2opt,notBad
11205,10,275.0000000000001,10,274.91999999999996,move,improve
11206,10,275.0000000000001,10,274.91999999999996,move,improve
11207,10,275.0000000000001,10,274.91999999999996,swap,notBad
11208,10,275.0000000000001,10,274.91999999999996,move,improve
11209,10,275.0000000000001,10,274.91999999999996,2opt,notBad
11210,10,275.0000000000001,10,274.91999999999996,2opt,notBad
11211,10,275.0000000000001,10,274.91999999999996,swap,notBad
11212,10,275.0000000000001,10,274.91999999999996,2opt,notBad
11213,10,275.0000000000001,10,274.91999999999996,2opt,notBad
11214,10,275.0000000000001,10,274.91999999999996,2opt,notBad
11215,10,275.0000000000001,10,274.91999999999996,move,improve
11216,10,275.0000000000001,10,274.91999999999996,2opt,notBad
11217,10,275.0000000000001,10,274.91999999999996,2opt,notBad
11218,10,275.0000000000001,10,274.91999999999996,swap,notBad
11219,10,275.0000000000001,10,274.91999999999996,swap,notBad
11220,10,275.0000000000001,10,274.91999999999996,swap,notBad
11221,10,275.0000000000001,10,274.91999999999996,swap,notBad
11222,10,275.0000000000001,10,274.91999999999996,2opt,improve
11223,10,275.0000000000001,10,274.91999999999996,swap,notBad
11224,10,275.0000000000001,10,274.91999999999996,move,improve
11225,10,275.0000000000001,10,274.91999999999996,2opt,notBad
11226,10,275.0000000000001,10,274.91999999999996,swap,notBad
11227,10,275.0000000000001,10,274.91999999999996,2opt,notBad
11228,10,275.0000000000001,10,274.91999999999996,move,improve
11229,10,275.0000000000001,10,274.91999999999996,2opt,notBad
11230,10,275.0000000000001,10,274.91999999999996,move,improve
11231,10,275.0000000000001,10,274.91999999999996,move,improve
11232,10,275.0000000000001,10,274.91999999999996,move,improve
11233,10,275.0000000000001,10,274.91999999999996,move,improve
11234,10,275.0000000000001,10,274.91999999999996,swap,notBad
11235,10,275.0000000000001,10,274.91999999999996,2opt,notBad
11236,10,275.0000000000001,10,274.91999999999996,2opt,notBad
11237,10,275.0000000000001,10,274.91999999999996,swap,notBad
11238,10,275.0000000000001,10,274.91999999999996,2opt,notBad
11239,10,275.0000000000001,10,274.91999999999996,swap,notBad
11240,10,275.0000000000001,10,274.91999999999996,2opt,improve
11241,10,275.0000000000001,10,274.91999999999996,move,improve
11242,10,275.0000000000001,10,274.91999999999996,2opt,notBad
11243,10,275.0000000000001,10,274.91999999999996,2opt,notBad
11244,10,275.0000000000001,10,274.91999999999996,move,improve
11245,10,275.0000000000001,10,274.91999999999996,move,improve
11246,10,275.0000000000001,10,274.91999999999996,2opt,notBad
11247,10,275.0000000000001,10,274.91999999999996,2opt,notBad
11248,10,275.0000000000001,10,274.91999999999996,swap,notBad
11249,10,275.0000000000001,10,274.91999999999996,swap,notBad
11250,10,275.0000000000001,10,274.91999999999996,2opt,notBad
11251,10,275.0000000000001,10,274.91999999999996,move,improve
11252,10,275.0000000000001,10,274.91999999999996,move,improve
11253,10,275.0000000000001,10,274.91999999999996,swap,notBad
11254,10,275.0000000000001,10,274.91999999999996,2opt,notBad
11255,10,275.0000000000001,10,274.91999999999996,swap,notBad
11256,10,275.0000000000001,10,274.91999999999996,move,improve
11257,10,275.0000000000001,10,274.91999999999996,move,improve
11258,10,275.0000000000001,10,274.91999999999996,2opt,notBad
11259,10,275.0000000000001,10,274.91999999999996,2opt,notBad
11260,10,275.0000000000001,10,274.91999999999996,2opt,notBad
11261,10,275.0000000000001,10,274.91999999999996,2opt,notBad
11262,10,275.0000000000001,10,274.91999999999996,2opt,notBad
11263,10,275.0000000000001,10,274.91999999999996,2opt,notBad
11264,10,275.0000000000001,10,274.91999999999996,move,improve
11265,10,275.0000000000001,10,274.91999999999996,2opt,notBad
11266,10,275.0000000000001,10,274.91999999999996,move,improve
11267,10,275.0000000000001,10,274.91999999999996,swap,notBad
11268,10,275.0000000000001,10,274.91999999999996,move,improve
11269,10,275.0000000000001,10,274.91999999999996,2opt,notBad
11270,10,275.0000000000001,10,274.91999999999996,2opt,notBad
11271,10,275.0000000000001,10,274.91999999999996,2opt,improve
11272,10,275.0000000000001,10,274.91999999999996,move,notBad
11273,10,275.0000000000001,10,274.91999999999996,2opt,notBad
11274,10,275.0000000000001,10,274.91999999999996,2opt,notBad
11275,10,275.0000000000001,10,274.91999999999996,move,improve
11276,10,275.0000000000001,10,274.91999999999996,swap,notBad
11277,10,275.0000000000001,10,274.91999999999996,move,improve
11278,10,275.0000000000001,10,274.91999999999996,swap,notBad
11279,10,275.0000000000001,10,274.91999999999996,move,improve
11280,10,275.0000000000001,10,274.91999999999996,move,improve
11281,10,275.0000000000001,10,274.91999999999996,move,improve
11282,10,275.0000000000001,10,274.91999999999996,move,improve
11283,10,275.0000000000001,10,274.91999999999996,2opt,notBad
11284,10,275.0000000000001,10,274.91999999999996,move,improve
11285,10,275.0000000000001,10,274.91999999999996,swap,notBad
11286,10,275.0000000000001,10,274.91999999999996,2opt,notBad
11287,10,275.0000000000001,10,274.91999999999996,swap,notBad
11288,10,275.0000000000001,10,274.91999999999996,2opt,notBad
11289,10,275.0000000000001,10,274.91999999999996,swap,notBad
11290,10,275.0000000000001,10,274.91999999999996,move,improve
11291,10,275.0000000000001,10,274.91999999999996,2opt,notBad
11292,10,275.0000000000001,10,274.91999999999996,2opt,notBad
11293,10,275.0000000000001,10,274.91999999999996,2opt,notBad
11294,10,275.0000000000001,10,274.91999999999996,swap,notBad
11295,10,275.0000000000001,10,274.91999999999996,2opt,notBad
11296,10,275.0000000000001,10,274.91999999999996,2opt,notBad
11297,10,275.0000000000001,10,274.91999999999996,move,improve
11298,10,275.0000000000001,10,274.91999999999996,swap,notBad
11299,10,275.0000000000001,10,274.91999999999996,2opt,notBad
11300,10,275.0000000000001,10,274.91999999999996,swap,notBad
11301,10,275.0000000000001,10,274.91999999999996,move,improve
11302,10,275.0000000000001,10,274.91999999999996,2opt,notBad
11303,10,275.0000000000001,10,274.91999999999996,move,improve
11304,10,275.0000000000001,10,274.91999999999996,move,improve
11305,10,275.0000000000001,10,274.91999999999996,move,improve
11306,10,275.0000000000001,10,274.91999999999996,swap,notBad
11307,10,275.0000000000001,10,274.91999999999996,move,improve
11308,10,275.0000000000001,10,274.91999999999996,2opt,notBad
11309,10,275.0000000000001,10,274.91999999999996,swap,notBad
11310,10,275.0000000000001,10,274.91999999999996,2opt,notBad
11311,10,275.0000000000001,10,274.91999999999996,2opt,notBad
11312,10,275.0000000000001,10,274.91999999999996,swap,notBad
11313,10,275.0000000000001,10,274.91999999999996,swap,notBad
11314,10,275.0000000000001,10,274.91999999999996,2opt,notBad
11315,10,275.0000000000001,10,274.91999999999996,move,improve
11316,10,275.0000000000001,10,274.91999999999996,2opt,notBad
11317,10,275.0000000000001,10,274.91999999999996,2opt,notBad
11318,10,275.0000000000001,10,274.91999999999996,2opt,notBad
11319,10,275.0000000000001,10,274.91999999999996,swap,notBad
11320,10,275.0000000000001,10,274.91999999999996,swap,notBad
11321,10,275.0000000000001,10,274.91999999999996,swap,notBad
11322,10,275.0000000000001,10,274.91999999999996,move,improve
11323,10,275.0000000000001,10,274.91999999999996,swap,notBad
11324,10,275.0000000000001,10,274.91999999999996,move,improve
11325,10,275.0000000000001,10,274.91999999999996,2opt,notBad
11326,10,275.0000000000001,10,274.91999999999996,move,improve
11327,10,275.0000000000001,10,274.91999999999996,move,improve
11328,10,275.0000000000001,10,274.91999999999996,move,improve
11329,10,275.0000000000001,10,274.91999999999996,2opt,notBad
11330,10,275.0000000000001,10,274.91999999999996,2opt,notBad
11331,10,275.0400000000002,10,274.91999999999996,swap,acceptBad
11332,10,275.0400000000002,10,274.91999999999996,move,improve
11333,10,275.0400000000002,10,274.91999999999996,swap,notBad
11334,10,275.0400000000002,10,274.91999999999996,swap,notBad
11335,10,275.0400000000002,10,274.91999999999996,move,improve
11336,10,275.0400000000002,10,274.91999999999996,swap,notBad
11337,10,275.0400000000002,10,274.91999999999996,2opt,notBad
11338,10,275.1600000000002,10,274.91999999999996,swap,acceptBad
11339,10,275.1600000000002,10,274.91999999999996,swap,notBad
11340,10,275.1600000000002,10,274.91999999999996,move,improve
11341,10,275.1600000000002,10,274.91999999999996,move,improve
11342,10,275.1600000000002,10,274.91999999999996,move,improve
11343,10,275.1600000000002,10,274.91999999999996,move,improve
11344,10,275.1600000000002,10,274.91999999999996,move,improve
11345,10,275.1600000000002,10,274.91999999999996,swap,notBad
11346,10,275.1600000000002,10,274.91999999999996,2opt,notBad
11347,10,275.1600000000002,10,274.91999999999996,2opt,notBad
11348,10,275.1600000000002,10,274.91999999999996,2opt,notBad
11349,10,275.1600000000002,10,274.91999999999996,swap,notBad
11350,10,275.1600000000002,10,274.91999999999996,move,improve
11351,10,275.1600000000002,10,274.91999999999996,move,improve
11352,10,275.1600000000002,10,274.91999999999996,move,improve
11353,10,275.1600000000002,10,274.91999999999996,move,improve
11354,10,275.1600000000002,10,274.91999999999996,move,improve
11355,10,275.1600000000002,10,274.91999999999996,swap,notBad
11356,10,275.1600000000002,10,274.91999999999996,2opt,notBad
11357,10,275.1600000000002,10,274.91999999999996,swap,notBad
11358,10,275.1600000000002,10,274.91999999999996,2opt,improve
11359,10,275.1600000000002,10,274.91999999999996,swap,notBad
11360,10,275.1600000000002,10,274.91999999999996,2opt,notBad
11361,10,275.1600000000002,10,274.91999999999996,move,improve
11362,10,275.1600000000002,10,274.91999999999996,2opt,notBad
11363,10,275.1600000000002,10,274.91999999999996,swap,notBad
11364,10,275.1600000000002,10,274.91999999999996,swap,notBad
11365,10,275.1600000000002,10,274.91999999999996,swap,notBad
11366,10,275.1600000000002,10,274.91999999999996,2opt,notBad
11367,10,275.1600000000002,10,274.91999999999996,swap,notBad
11368,10,275.1600000000002,10,274.91999999999996,2opt,notBad
11369,10,275.1600000000002,10,274.91999999999996,swap,notBad
11370,10,275.1600000000002,10,274.91999999999996,2opt,notBad
11371,10,275.1600000000002,10,274.91999999999996,2opt,notBad
11372,10,275.1600000000002,10,274.91999999999996,swap,notBad
11373,10,275.1600000000002,10,274.91999999999996,2opt,notBad
11374,10,275.1600000000002,10,274.91999999999996,move,notBad
11375,10,275.1600000000002,10,274.91999999999996,move,improve
11376,10,275.1600000000002,10,274.91999999999996,swap,notBad
11377,10,275.1600000000002,10,274.91999999999996,2opt,notBad
11378,10,275.1600000000002,10,274.91999999999996,move,improve
11379,10,275.1200000000002,10,274.91999999999996,move,improve
11380,10,275.1200000000002,10,274.91999999999996,move,improve
11381,10,275.1200000000002,10,274.91999999999996,2opt,notBad
11382,10,275.1200000000002,10,274.91999999999996,move,improve
11383,10,275.1200000000002,10,274.91999999999996,swap,notBad
11384,10,275.1200000000002,10,274.91999999999996,move,improve
11385,10,275.1200000000002,10,274.91999999999996,move,improve
11386,10,275.1200000000002,10,274.91999999999996,move,improve
11387,10,275.1200000000002,10,274.91999999999996,2opt,notBad
11388,10,275.1200000000002,10,274.91999999999996,move,improve
11389,10,275.1200000000002,10,274.91999999999996,2opt,notBad
11390,10,275.1200000000002,10,274.91999999999996,swap,notBad
11391,10,275.1200000000002,10,274.91999999999996,2opt,notBad
11392,10,275.1200000000002,10,274.91999999999996,2opt,notBad
11393,10,275.1200000000002,10,274.91999999999996,move,improve
11394,10,275.1200000000002,10,274.91999999999996,2opt,notBad
11395,10,275.1200000000002,10,274.91999999999996,2opt,notBad
11396,10,275.1200000000002,10,274.91999999999996,2opt,notBad
11397,10,275.1200000000002,10,274.91999999999996,swap,notBad
11398,10,275.1200000000002,10,274.91999999999996,2opt,notBad
11399,10,275.1200000000002,10,274.91999999999996,2opt,notBad
11400,10,275.1200000000002,10,274.91999999999996,swap,notBad
11401,10,275.1200000000002,10,274.91999999999996,2opt,notBad
11402,10,275.1200000000002,10,274.91999999999996,swap,notBad
11403,10,275.1200000000002,10,274.91999999999996,2opt,notBad
11404,10,275.1200000000002,10,274.91999999999996,move,improve
11405,10,275.1200000000002,10,274.91999999999996,move,improve
11406,10,275.1200000000002,10,274.91999999999996,swap,notBad
11407,10,275.1200000000002,10,274.91999999999996,move,improve
11408,10,275.1200000000002,10,274.91999999999996,move,improve
11409,10,275.1200000000002,10,274.91999999999996,2opt,notBad
11410,10,275.1200000000002,10,274.91999999999996,move,improve
11411,10,275.1200000000002,10,274.91999999999996,2opt,notBad
11412,10,275.1200000000002,10,274.91999999999996,2opt,notBad
11413,10,275.1200000000002,10,274.91999999999996,move,improve
11414,10,275.1200000000002,10,274.91999999999996,2opt,notBad
11415,10,275.1200000000002,10,274.91999999999996,2opt,notBad
11416,10,275.1200000000002,10,274.91999999999996,move,improve
11417,10,275.1200000000002,10,274.91999999999996,2opt,notBad
11418,10,275.1200000000002,10,274.91999999999996,move,improve
11419,10,275.1200000000002,10,274.91999999999996,2opt,notBad
11420,10,275.1200000000002,10,274.91999999999996,swap,notBad
11421,10,275.1200000000002,10,274.91999999999996,move,improve
11422,10,275.1200000000002,10,274.91999999999996,move,improve
11423,10,275.1200000000002,10,274.91999999999996,move,improve
11424,10,275.1200000000002,10,274.91999999999996,move,improve
11425,10,275.1200000000002,10,274.91999999999996,swap,notBad
11426,10,275.1200000000002,10,274.91999999999996,swap,notBad
11427,10,275.1200000000002,10,274.91999999999996,move,improve
11428,10,275.1200000000002,10,274.91999999999996,2opt,notBad
11429,10,275.1200000000002,10,274.91999999999996,move,improve
11430,10,275.1200000000002,10,274.91999999999996,swap,notBad
11431,10,275.1200000000002,10,274.91999999999996,swap,notBad
11432,10,275.1200000000002,10,274.91999999999996,move,improve
11433,10,275.1200000000002,10,274.91999999999996,2opt,improve
11434,10,275.1200000000002,10,274.91999999999996,move,improve
11435,10,275.1200000000002,10,274.91999999999996,swap,notBad
11436,10,275.1200000000002,10,274.91999999999996,2opt,notBad
11437,10,275.1200000000002,10,274.91999999999996,2opt,improve
11438,10,275.1200000000002,10,274.91999999999996,2opt,notBad
11439,10,275.1200000000002,10,274.91999999999996,swap,notBad
11440,10,275.1200000000002,10,274.91999999999996,2opt,notBad
11441,10,275.1200000000002,10,274.91999999999996,move,improve
11442,10,275.1200000000002,10,274.91999999999996,swap,notBad
11443,10,275.1200000000002,10,274.91999999999996,2opt,notBad
11444,10,275.1200000000002,10,274.91999999999996,2opt,notBad
11445,10,275.1200000000002,10,274.91999999999996,2opt,notBad
11446,10,275.1200000000002,10,274.91999999999996,2opt,notBad
11447,10,275.1200000000002,10,274.91999999999996,2opt,notBad
11448,10,275.1200000000002,10,274.91999999999996,2opt,notBad
11449,10,275.1200000000002,10,274.91999999999996,swap,notBad
11450,10,275.1200000000002,10,274.91999999999996,2opt,notBad
11451,10,275.1200000000002,10,274.91999999999996,2opt,improve
11452,10,275.1200000000002,10,274.91999999999996,2opt,notBad
11453,10,275.1200000000002,10,274.91999999999996,2opt,notBad
11454,10,275.1200000000002,10,274.91999999999996,swap,notBad
11455,10,275.1200000000002,10,274.91999999999996,2opt,notBad
11456,10,275.1200000000002,10,274.91999999999996,2opt,notBad
11457,10,275.1200000000002,10,274.91999999999996,move,improve
11458,10,275.1200000000002,10,274.91999999999996,move,improve
11459,10,275.1200000000002,10,274.91999999999996,move,improve
11460,10,275.1200000000002,10,274.91999999999996,swap,notBad
11461,10,275.1200000000002,10,274.91999999999996,move,improve
11462,10,275.1200000000002,10,274.91999999999996,2opt,notBad
11463,10,275.1200000000002,10,274.91999999999996,2opt,improve
11464,10,275.1200000000002,10,274.91999999999996,move,improve
11465,10,275.1200000000002,10,274.91999999999996,2opt,notBad
11466,10,275.1200000000002,10,274.91999999999996,2opt,notBad
11467,10,275.1200000000002,10,274.91999999999996,move,improve
11468,10,275.1200000000002,10,274.91999999999996,2opt,notBad
11469,10,275.1200000000002,10,274.91999999999996,swap,notBad
11470,10,275.1200000000002,10,274.91999999999996,move,improve
11471,10,275.1200000000002,10,274.91999999999996,2opt,improve
11472,10,275.1200000000002,10,274.91999999999996,move,improve
11473,10,275.1200000000002,10,274.91999999999996,swap,notBad
11474,10,275.1200000000002,10,274.91999999999996,swap,notBad
11475,10,275.1200000000002,10,274.91999999999996,2opt,improve
11476,10,275.1200000000002,10,274.91999999999996,2opt,notBad
11477,10,275.1200000000002,10,274.91999999999996,2opt,notBad
11478,10,275.1200000000002,10,274.91999999999996,swap,notBad
11479,10,275.1200000000002,10,274.91999999999996,2opt,notBad
11480,10,275.1200000000002,10,274.91999999999996,swap,notBad
11481,10,275.1200000000002,10,274.91999999999996,swap,notBad
11482,10,275.1200000000002,10,274.91999999999996,2opt,improve
11483,10,275.1200000000002,10,274.91999999999996,move,improve
11484,10,275.1200000000002,10,274.91999999999996,2opt,notBad
11485,10,275.1200000000002,10,274.91999999999996,2opt,notBad
11486,10,275.1200000000002,10,274.91999999999996,swap,notBad
11487,10,275.1200000000002,10,274.91999999999996,move,improve
11488,10,275.1200000000002,10,274.91999999999996,move,improve
11489,10,275.1200000000002,10,274.91999999999996,2opt,improve
11490,10,275.1200000000002,10,274.91999999999996,move,improve
11491,10,275.1200000000002,10,274.91999999999996,2opt,notBad
11492,10,275.1200000000002,10,274.91999999999996,move,improve
11493,10,275.1200000000002,10,274.91999999999996,move,improve
11494,10,275.1200000000002,10,274.91999999999996,swap,notBad
11495,10,275.1200000000002,10,274.91999999999996,swap,notBad
11496,10,275.1200000000002,10,274.91999999999996,2opt,notBad
11497,10,275.1200000000002,10,274.91999999999996,2opt,notBad
11498,10,275.1200000000002,10,274.91999999999996,2opt,notBad
11499,10,275.1200000000002,10,274.91999999999996,2opt,notBad
11500,10,275.1200000000002,10,274.91999999999996,2opt,notBad
11501,10,275.1200000000002,10,274.91999999999996,2opt,notBad
11502,10,275.1200000000002,10,274.91999999999996,move,improve
11503,10,275.1200000000002,10,274.91999999999996,move,improve
11504,10,275.1200000000002,10,274.91999999999996,move,improve
11505,10,275.1200000000002,10,274.91999999999996,swap,notBad
11506,10,275.1200000000002,10,274.91999999999996,swap,notBad
11507,10,275.12,10,274.91999999999996,move,improve
11508,10,275.12,10,274.91999999999996,move,improve
11509,10,275.12,10,274.91999999999996,move,improve
11510,10,275.12,10,274.91999999999996,move,improve
11511,10,275.12,10,274.91999999999996,swap,notBad
11512,10,275.12,10,274.91999999999996,swap,notBad
11513,10,275.12,10,274.91999999999996,swap,improve
11514,10,275.12,10,274.91999999999996,move,improve
11515,10,275.12,10,274.91999999999996,move,improve
11516,10,275.12,10,274.91999999999996,swap,notBad
11517,10,275.12,10,274.91999999999996,move,improve
11518,10,275.12,10,274.91999999999996,2opt,notBad
11519,10,275.12,10,274.91999999999996,move,improve
11520,10,275.15999999999974,10,274.91999999999996,swap,acceptBad
11521,10,275.15999999999974,10,274.91999999999996,move,improve
11522,10,275.15999999999974,10,274.91999999999996,move,improve
11523,10,275.15999999999974,10,274.91999999999996,move,improve
11524,10,275.15999999999974,10,274.91999999999996,2opt,notBad
11525,10,275.15999999999974,10,274.91999999999996,move,improve
11526,10,275.15999999999974,10,274.91999999999996,2opt,notBad
11527,10,275.15999999999974,10,274.91999999999996,swap,notBad
11528,10,275.15999999999974,10,274.91999999999996,swap,notBad
11529,10,275.15999999999974,10,274.91999999999996,2opt,notBad
11530,10,275.15999999999974,10,274.91999999999996,move,improve
11531,10,275.15999999999974,10,274.91999999999996,swap,notBad
11532,10,275.15999999999974,10,274.91999999999996,2opt,notBad
11533,10,275.15999999999974,10,274.91999999999996,move,improve
11534,10,275.15999999999974,10,274.91999999999996,2opt,notBad
11535,10,275.15999999999974,10,274.91999999999996,2opt,notBad
11536,10,275.15999999999974,10,274.91999999999996,2opt,notBad
11537,10,275.15999999999974,10,274.91999999999996,move,improve
11538,10,275.15999999999974,10,274.91999999999996,2opt,notBad
11539,10,275.15999999999974,10,274.91999999999996,swap,notBad
11540,10,275.15999999999974,10,274.91999999999996,move,improve
11541,10,275.15999999999974,10,274.91999999999996,move,improve
11542,10,275.15999999999974,10,274.91999999999996,swap,notBad
11543,10,275.15999999999974,10,274.91999999999996,2opt,notBad
11544,10,275.15999999999974,10,274.91999999999996,swap,notBad
11545,10,275.15999999999974,10,274.91999999999996,swap,notBad
11546,10,275.15999999999974,10,274.91999999999996,swap,notBad
11547,10,275.15999999999974,10,274.91999999999996,move,improve
11548,10,275.15999999999974,10,274.91999999999996,swap,notBad
11549,10,275.15999999999974,10,274.91999999999996,2opt,notBad
11550,10,275.15999999999974,10,274.91999999999996,2opt,notBad
11551,10,275.15999999999974,10,274.91999999999996,move,improve
11552,10,275.15999999999974,10,274.91999999999996,move,improve
11553,10,275.15999999999974,10,274.91999999999996,move,improve
11554,10,275.15999999999974,10,274.91999999999996,move,improve
11555,10,275.15999999999974,10,274.91999999999996,swap,notBad
11556,10,275.15999999999974,10,274.91999999999996,2opt,notBad
11557,10,275.15999999999974,10,274.91999999999996,move,improve
11558,10,275.15999999999974,10,274.91999999999996,move,improve
11559,10,275.15999999999974,10,274.91999999999996,2opt,notBad
11560,10,275.15999999999974,10,274.91999999999996,move,improve
11561,10,275.15999999999974,10,274.91999999999996,move,improve
11562,10,275.15999999999974,10,274.91999999999996,swap,notBad
11563,10,275.15999999999974,10,274.91999999999996,move,improve
11564,10,275.15999999999974,10,274.91999999999996,move,improve
11565,10,275.15999999999974,10,274.91999999999996,move,improve
11566,10,275.15999999999974,10,274.91999999999996,swap,notBad
11567,10,275.15999999999974,10,274.91999999999996,move,improve
11568,10,275.15999999999974,10,274.91999999999996,2opt,notBad
11569,10,275.15999999999974,10,274.91999999999996,2opt,notBad
11570,10,275.15999999999974,10,274.91999999999996,2opt,notBad
11571,10,275.15999999999974,10,274.91999999999996,move,improve
11572,10,275.15999999999974,10,274.91999999999996,swap,notBad
11573,10,275.15999999999974,10,274.91999999999996,swap,notBad
11574,10,275.15999999999974,10,274.91999999999996,2opt,notBad
11575,10,275.15999999999974,10,274.91999999999996,2opt,notBad
11576,10,275.15999999999974,10,274.91999999999996,2opt,notBad
11577,10,275.15999999999974,10,274.91999999999996,swap,notBad
11578,10,275.15999999999974,10,274.91999999999996,swap,notBad
11579,10,275.15999999999974,10,274.91999999999996,swap,notBad
11580,10,275.15999999999974,10,274.91999999999996,2opt,notBad
11581,10,275.15999999999974,10,274.91999999999996,2opt,notBad
11582,10,275.15999999999974,10,274.91999999999996,move,improve
11583,10,274.8399999999998,10,274.8399999999998,swap,newBest
11584,10,274.8399999999998,10,274.8399999999998,move,improve
11585,10,274.8399999999998,10,274.8399999999998,2opt,improve
11586,10,274.8399999999998,10,274.8399999999998,2opt,notBad
11587,10,274.8399999999998,10,274.8399999999998,swap,notBad
11588,10,274.8399999999998,10,274.8399999999998,move,improve
11589,10,274.8399999999998,10,274.8399999999998,swap,notBad
11590,10,274.8399999999998,10,274.8399999999998,2opt,notBad
11591,10,274.8399999999998,10,274.8399999999998,swap,notBad
11592,10,274.8399999999998,10,274.8399999999998,move,improve
11593,10,274.8399999999998,10,274.8399999999998,swap,notBad
11594,10,274.8399999999998,10,274.8399999999998,2opt,notBad
11595,10,274.8399999999998,10,274.8399999999998,2opt,notBad
11596,10,274.8399999999998,10,274.8399999999998,2opt,notBad
11597,10,274.8399999999998,10,274.8399999999998,swap,notBad
11598,10,274.8399999999998,10,274.8399999999998,2opt,notBad
11599,10,274.8399999999998,10,274.8399999999998,swap,notBad
11600,10,274.39999999999986,10,274.39999999999986,swap,newBest
11601,10,274.39999999999986,10,274.39999999999986,2opt,notBad
11602,10,274.39999999999986,10,274.39999999999986,move,improve
11603,10,274.39999999999986,10,274.39999999999986,swap,notBad
11604,10,274.39999999999986,10,274.39999999999986,move,improve
11605,10,274.39999999999986,10,274.39999999999986,move,improve
11606,10,274.39999999999986,10,274.39999999999986,2opt,improve
11607,10,274.39999999999986,10,274.39999999999986,swap,notBad
11608,10,274.39999999999986,10,274.39999999999986,swap,notBad
11609,10,274.39999999999986,10,274.39999999999986,swap,notBad
11610,10,274.39999999999986,10,274.39999999999986,move,improve
11611,10,274.39999999999986,10,274.39999999999986,swap,notBad
11612,10,274.39999999999986,10,274.39999999999986,2opt,notBad
11613,10,274.39999999999986,10,274.39999999999986,move,improve
11614,10,274.39999999999986,10,274.39999999999986,move,improve
11615,10,274.39999999999986,10,274.39999999999986,move,improve
11616,10,274.39999999999986,10,274.39999999999986,2opt,notBad
11617,10,274.39999999999986,10,274.39999999999986,move,improve
11618,10,274.39999999999986,10,274.39999999999986,move,improve
11619,10,274.39999999999986,10,274.39999999999986,move,improve
11620,10,274.39999999999986,10,274.39999999999986,move,improve
11621,10,274.39999999999986,10,274.39999999999986,2opt,notBad
11622,10,274.39999999999986,10,274.39999999999986,2opt,improve
11623,10,274.39999999999986,10,274.39999999999986,2opt,improve
11624,10,274.39999999999986,10,274.39999999999986,move,improve
11625,10,274.39999999999986,10,274.39999999999986,2opt,notBad
11626,10,274.39999999999986,10,274.39999999999986,move,improve
11627,10,274.39999999999986,10,274.39999999999986,move,improve
11628,10,274.39999999999986,10,274.39999999999986,2opt,improve
11629,10,274.39999999999986,10,274.39999999999986,move,notBad
11630,10,274.39999999999986,10,274.39999999999986,2opt,notBad
11631,10,274.39999999999986,10,274.39999999999986,2opt,notBad
11632,10,274.39999999999986,10,274.39999999999986,2opt,notBad
11633,10,274.39999999999986,10,274.39999999999986,move,improve
11634,10,274.39999999999986,10,274.39999999999986,move,improve
11635,10,274.39999999999986,10,274.39999999999986,swap,notBad
11636,10,274.39999999999986,10,274.39999999999986,move,improve
11637,10,274.39999999999986,10,274.39999999999986,2opt,notBad
11638,10,274.39999999999986,10,274.39999999999986,move,improve
11639,10,274.39999999999986,10,274.39999999999986,move,improve
11640,10,274.39999999999986,10,274.39999999999986,2opt,notBad
11641,10,274.39999999999986,10,274.39999999999986,move,improve
11642,10,274.39999999999986,10,274.39999999999986,move,improve
11643,10,274.39999999999986,10,274.39999999999986,2opt,improve
11644,10,274.39999999999986,10,274.39999999999986,2opt,notBad
11645,10,274.39999999999986,10,274.39999999999986,swap,notBad
11646,10,274.39999999999986,10,274.39999999999986,2opt,notBad
11647,10,274.39999999999986,10,274.39999999999986,2opt,notBad
11648,10,274.39999999999986,10,274.39999999999986,2opt,notBad
11649,10,274.39999999999986,10,274.39999999999986,swap,notBad
11650,10,274.39999999999986,10,274.39999999999986,swap,notBad
11651,10,274.39999999999986,10,274.39999999999986,move,improve
11652,10,274.39999999999986,10,274.39999999999986,swap,notBad
11653,10,274.39999999999986,10,274.39999999999986,move,improve
11654,10,274.39999999999986,10,274.39999999999986,2opt,notBad
11655,10,274.39999999999986,10,274.39999999999986,2opt,improve
11656,10,274.39999999999986,10,274.39999999999986,move,improve
11657,10,274.39999999999986,10,274.39999999999986,2opt,notBad
11658,10,274.39999999999986,10,274.39999999999986,swap,improve
11659,10,274.39999999999986,10,274.39999999999986,swap,notBad
11660,10,274.39999999999947,10,274.39999999999947,move,newBest
11661,10,274.39999999999947,10,274.39999999999947,move,improve
11662,10,274.39999999999947,10,274.39999999999947,move,improve
11663,10,274.39999999999947,10,274.39999999999947,move,improve
11664,10,274.39999999999947,10,274.39999999999947,2opt,notBad
11665,10,274.39999999999947,10,274.39999999999947,swap,notBad
11666,10,274.1999999999995,10,274.1999999999995,move,newBest
11667,10,274.1999999999995,10,274.1999999999995,2opt,notBad
11668,10,274.1999999999995,10,274.1999999999995,swap,notBad
11669,10,274.1999999999995,10,274.1999999999995,swap,notBad
11670,10,274.1999999999995,10,274.1999999999995,2opt,notBad
11671,10,274.1999999999995,10,274.1999999999995,move,improve
11672,10,274.1999999999995,10,274.1999999999995,move,improve
11673,10,274.1999999999995,10,274.1999999999995,2opt,notBad
11674,10,274.1999999999995,10,274.1999999999995,move,improve
11675,10,274.1999999999995,10,274.1999999999995,move,improve
11676,10,274.1999999999995,10,274.1999999999995,swap,notBad
11677,10,274.1999999999995,10,274.1999999999995,move,improve
11678,10,274.1999999999995,10,274.1999999999995,move,improve
11679,10,274.1999999999995,10,274.1999999999995,move,improve
11680,10,274.1999999999995,10,274.1999999999995,move,improve
11681,10,274.1999999999995,10,274.1999999999995,2opt,improve
11682,10,274.1999999999995,10,274.1999999999995,2opt,notBad
11683,10,274.1999999999995,10,274.1999999999995,move,improve
11684,10,274.1999999999995,10,274.1999999999995,move,notBad
11685,10,274.1999999999995,10,274.1999999999995,2opt,notBad
11686,10,274.1999999999995,10,274.1999999999995,move,improve
11687,10,274.1999999999995,10,274.1999999999995,move,improve
11688,10,274.1999999999995,10,274.1999999999995,swap,notBad
11689,10,274.1999999999995,10,274.1999999999995,2opt,notBad
11690,10,274.1999999999995,10,274.1999999999995,move,improve
11691,10,274.1999999999995,10,274.1999999999995,swap,notBad
11692,10,274.1999999999995,10,274.1999999999995,move,improve
11693,10,274.1999999999995,10,274.1999999999995,move,improve
11694,10,274.1999999999995,10,274.1999999999995,swap,notBad
11695,10,274.1999999999995,10,274.1999999999995,2opt,notBad
11696,10,274.1999999999995,10,274.1999999999995,2opt,notBad
11697,10,274.1999999999995,10,274.1999999999995,move,improve
11698,10,274.1999999999995,10,274.1999999999995,2opt,improve
11699,10,274.1999999999995,10,274.1999999999995,swap,notBad
11700,10,274.1999999999995,10,274.1999999999995,swap,notBad
11701,10,274.1999999999995,10,274.1999999999995,2opt,improve
11702,10,274.1999999999995,10,274.1999999999995,2opt,notBad
11703,10,274.1999999999995,10,274.1999999999995,swap,notBad
11704,10,274.1999999999995,10,274.1999999999995,2opt,notBad
11705,10,274.1999999999995,10,274.1999999999995,2opt,improve
11706,10,274.1999999999995,10,274.1999999999995,swap,notBad
11707,10,274.1999999999995,10,274.1999999999995,2opt,notBad
11708,10,274.1999999999995,10,274.1999999999995,swap,notBad
11709,10,274.1999999999995,10,274.1999999999995,move,improve
11710,10,274.1999999999995,10,274.1999999999995,2opt,notBad
11711,10,274.1999999999995,10,274.1999999999995,move,improve
11712,10,274.1999999999995,10,274.1999999999995,2opt,notBad
11713,10,274.1999999999995,10,274.1999999999995,swap,notBad
11714,10,274.1999999999995,10,274.1999999999995,swap,notBad
11715,10,274.1999999999995,10,274.1999999999995,swap,notBad
11716,10,274.1999999999995,10,274.1999999999995,move,improve
11717,10,274.1999999999995,10,274.1999999999995,2opt,notBad
11718,10,274.1999999999995,10,274.1999999999995,swap,notBad
11719,10,274.1999999999995,10,274.1999999999995,2opt,improve
11720,10,274.1999999999995,10,274.1999999999995,swap,notBad
11721,10,274.1999999999995,10,274.1999999999995,2opt,improve
11722,10,274.1999999999995,10,274.1999999999995,swap,notBad
11723,10,274.1999999999995,10,274.1999999999995,2opt,notBad
11724,10,274.1999999999995,10,274.1999999999995,2opt,notBad
11725,10,274.1999999999995,10,274.1999999999995,swap,notBad
11726,10,274.1999999999995,10,274.1999999999995,swap,notBad
11727,10,274.1999999999995,10,274.1999999999995,move,improve
11728,10,274.1999999999995,10,274.1999999999995,move,improve
11729,10,274.1999999999995,10,274.1999999999995,2opt,notBad
11730,10,274.1999999999995,10,274.1999999999995,2opt,notBad
11731,10,274.1999999999995,10,274.1999999999995,swap,notBad
11732,10,274.1999999999995,10,274.1999999999995,move,improve
11733,10,274.1999999999995,10,274.1999999999995,move,improve
11734,10,274.1999999999995,10,274.1999999999995,swap,notBad
11735,10,274.1999999999995,10,274.1999999999995,move,improve
11736,10,274.1999999999995,10,274.1999999999995,2opt,notBad
11737,10,274.1999999999995,10,274.1999999999995,2opt,notBad
11738,10,274.1999999999995,10,274.1999999999995,move,improve
11739,10,274.1999999999995,10,274.1999999999995,swap,notBad
11740,10,274.1999999999995,10,274.1999999999995,move,improve
11741,10,274.1999999999995,10,274.1999999999995,2opt,notBad
11742,10,274.1999999999995,10,274.1999999999995,2opt,notBad
11743,10,274.1999999999995,10,274.1999999999995,move,improve
11744,10,274.1999999999995,10,274.1999999999995,move,improve
11745,10,274.1999999999995,10,274.1999999999995,move,improve
11746,10,274.1999999999995,10,274.1999999999995,2opt,notBad
11747,10,274.1999999999995,10,274.1999999999995,swap,notBad
11748,10,274.1999999999995,10,274.1999999999995,move,improve
11749,10,274.1999999999995,10,274.1999999999995,move,improve
11750,10,274.1999999999995,10,274.1999999999995,swap,notBad
11751,10,274.1999999999995,10,274.1999999999995,move,improve
11752,10,274.1999999999995,10,274.1999999999995,2opt,notBad
11753,10,274.1999999999995,10,274.1999999999995,2opt,notBad
11754,10,274.1999999999995,10,274.1999999999995,move,improve
11755,10,274.1999999999995,10,274.1999999999995,2opt,notBad
11756,10,274.1999999999995,10,274.1999999999995,move,improve
11757,10,274.1999999999995,10,274.1999999999995,move,improve
11758,10,274.1999999999995,10,274.1999999999995,move,improve
11759,10,274.1999999999995,10,274.1999999999995,swap,notBad
11760,10,274.1999999999995,10,274.1999999999995,move,improve
11761,10,274.1999999999995,10,274.1999999999995,swap,notBad
11762,10,274.1999999999995,10,274.1999999999995,move,improve
11763,10,274.1999999999995,10,274.1999999999995,move,improve
11764,10,274.1999999999995,10,274.1999999999995,2opt,notBad
11765,10,274.1999999999995,10,274.1999999999995,swap,notBad
11766,10,274.1999999999995,10,274.1999999999995,2opt,notBad
11767,10,274.1999999999995,10,274.1999999999995,2opt,notBad
11768,10,274.1999999999995,10,274.1999999999995,move,improve
11769,10,274.1999999999995,10,274.1999999999995,2opt,notBad
11770,10,274.1999999999995,10,274.1999999999995,2opt,notBad
11771,10,274.1999999999995,10,274.1999999999995,swap,notBad
11772,10,274.1999999999995,10,274.1999999999995,swap,notBad
11773,10,274.1999999999995,10,274.1999999999995,move,improve
11774,10,274.1999999999995,10,274.1999999999995,2opt,notBad
11775,10,274.1999999999995,10,274.1999999999995,2opt,notBad
11776,10,274.1999999999995,10,274.1999999999995,move,improve
11777,10,274.1999999999995,10,274.1999999999995,move,improve
11778,10,274.1999999999995,10,274.1999999999995,swap,notBad
11779,10,274.1999999999995,10,274.1999999999995,2opt,notBad
11780,10,274.1999999999995,10,274.1999999999995,2opt,notBad
11781,10,274.1999999999995,10,274.1999999999995,2opt,notBad
11782,10,274.1999999999995,10,274.1999999999995,swap,notBad
11783,10,274.1999999999995,10,274.1999999999995,swap,notBad
11784,10,274.1999999999995,10,274.1999999999995,swap,notBad
11785,10,274.1999999999995,10,274.1999999999995,swap,notBad
11786,10,274.1999999999995,10,274.1999999999995,2opt,notBad
11787,10,274.1999999999995,10,274.1999999999995,2opt,notBad
11788,10,274.1999999999995,10,274.1999999999995,swap,notBad
11789,10,274.1999999999995,10,274.1999999999995,2opt,notBad
11790,10,274.1999999999995,10,274.1999999999995,move,improve
11791,10,274.1999999999995,10,274.1999999999995,swap,notBad
11792,10,274.1999999999995,10,274.1999999999995,swap,notBad
11793,10,274.1999999999995,10,274.1999999999995,swap,notBad
11794,10,274.1999999999995,10,274.1999999999995,2opt,notBad
11795,10,274.1999999999995,10,274.1999999999995,swap,notBad
11796,10,274.1999999999995,10,274.1999999999995,swap,notBad
11797,10,274.1999999999995,10,274.1999999999995,2opt,improve
11798,10,274.1999999999995,10,274.1999999999995,swap,notBad
11799,10,274.1999999999995,10,274.1999999999995,2opt,notBad
11800,10,274.1999999999995,10,274.1999999999995,move,improve
11801,10,274.1999999999995,10,274.1999999999995,swap,notBad
11802,10,274.1999999999995,10,274.1999999999995,move,improve
11803,10,274.1999999999995,10,274.1999999999995,move,improve
11804,10,274.1999999999995,10,274.1999999999995,2opt,notBad
11805,10,274.1999999999995,10,274.1999999999995,2opt,notBad
11806,10,274.1999999999995,10,274.1999999999995,2opt,notBad
11807,10,274.1999999999995,10,274.1999999999995,swap,notBad
11808,10,274.1999999999995,10,274.1999999999995,swap,notBad
11809,10,274.1999999999995,10,274.1999999999995,2opt,notBad
11810,10,274.1999999999995,10,274.1999999999995,swap,notBad
11811,10,274.1999999999995,10,274.1999999999995,swap,notBad
11812,10,274.1999999999995,10,274.1999999999995,move,improve
11813,10,274.1999999999995,10,274.1999999999995,swap,notBad
11814,10,274.1999999999995,10,274.1999999999995,2opt,notBad
11815,10,274.1999999999995,10,274.1999999999995,swap,notBad
11816,10,274.1999999999995,10,274.1999999999995,move,improve
11817,10,274.1999999999995,10,274.1999999999995,2opt,notBad
11818,10,274.1999999999995,10,274.1999999999995,move,improve
11819,10,274.1999999999995,10,274.1999999999995,2opt,notBad
11820,10,274.1999999999995,10,274.1999999999995,swap,notBad
11821,10,274.1999999999995,10,274.1999999999995,swap,improve
11822,10,274.1999999999995,10,274.1999999999995,move,improve
11823,10,274.1999999999995,10,274.1999999999995,swap,notBad
11824,10,274.1999999999995,10,274.1999999999995,swap,notBad
11825,10,274.1999999999995,10,274.1999999999995,2opt,notBad
11826,10,274.1999999999995,10,274.1999999999995,move,improve
11827,10,274.1999999999995,10,274.1999999999995,swap,notBad
11828,10,274.1999999999995,10,274.1999999999995,2opt,improve
11829,10,274.1999999999995,10,274.1999999999995,move,improve
11830,10,274.1999999999995,10,274.1999999999995,move,improve
11831,10,274.1999999999995,10,274.1999999999995,2opt,notBad
11832,10,274.1999999999995,10,274.1999999999995,2opt,notBad
11833,10,274.1999999999995,10,274.1999999999995,swap,notBad
11834,10,274.1999999999995,10,274.1999999999995,swap,notBad
11835,10,274.1999999999995,10,274.1999999999995,2opt,improve
11836,10,274.1999999999995,10,274.1999999999995,2opt,notBad
11837,10,274.1999999999995,10,274.1999999999995,swap,notBad
11838,10,274.1999999999995,10,274.1999999999995,swap,notBad
11839,10,274.1999999999995,10,274.1999999999995,2opt,notBad
11840,10,274.1999999999995,10,274.1999999999995,2opt,notBad
11841,10,274.1999999999995,10,274.1999999999995,2opt,notBad
11842,10,274.1999999999995,10,274.1999999999995,swap,improve
11843,10,274.1999999999995,10,274.1999999999995,2opt,notBad
11844,10,274.1999999999995,10,274.1999999999995,move,improve
11845,10,274.1999999999995,10,274.1999999999995,2opt,improve
11846,10,274.1999999999995,10,274.1999999999995,move,improve
11847,10,274.1999999999995,10,274.1999999999995,move,improve
11848,10,274.1999999999995,10,274.1999999999995,2opt,improve
11849,10,274.1999999999995,10,274.1999999999995,swap,notBad
11850,10,274.1999999999995,10,274.1999999999995,move,improve
11851,10,274.1999999999995,10,274.1999999999995,2opt,notBad
11852,10,274.1999999999995,10,274.1999999999995,swap,notBad
11853,10,274.1999999999995,10,274.1999999999995,move,improve
11854,10,274.1999999999995,10,274.1999999999995,swap,notBad
11855,10,274.1999999999995,10,274.1999999999995,move,improve
11856,10,274.1999999999995,10,274.1999999999995,2opt,notBad
11857,10,274.1999999999995,10,274.1999999999995,swap,notBad
11858,10,274.1999999999995,10,274.1999999999995,2opt,notBad
11859,10,274.1999999999995,10,274.1999999999995,move,improve
11860,10,274.1999999999995,10,274.1999999999995,2opt,notBad
11861,10,274.1999999999995,10,274.1999999999995,swap,notBad
11862,10,274.1999999999995,10,274.1999999999995,move,improve
11863,10,274.1999999999995,10,274.1999999999995,swap,notBad
11864,10,274.1999999999995,10,274.1999999999995,2opt,notBad
11865,10,274.1999999999995,10,274.1999999999995,swap,notBad
11866,10,274.1999999999995,10,274.1999999999995,move,improve
11867,10,274.1999999999995,10,274.1999999999995,move,improve
11868,10,274.1999999999995,10,274.1999999999995,move,improve
11869,10,274.1999999999995,10,274.1999999999995,swap,notBad
11870,10,274.1999999999995,10,274.1999999999995,swap,notBad
11871,10,274.1999999999995,10,274.1999999999995,move,improve
11872,10,274.1999999999995,10,274.1999999999995,swap,notBad
11873,10,274.1999999999995,10,274.1999999999995,move,improve
11874,10,274.1999999999995,10,274.1999999999995,move,improve
11875,10,274.1999999999995,10,274.1999999999995,swap,notBad
11876,10,274.1999999999995,10,274.1999999999995,swap,notBad
11877,10,274.1999999999995,10,274.1999999999995,2opt,notBad
11878,10,274.1999999999995,10,274.1999999999995,move,improve
11879,10,274.1999999999995,10,274.1999999999995,swap,notBad
11880,10,274.1999999999995,10,274.1999999999995,move,improve
11881,10,274.1999999999995,10,274.1999999999995,swap,notBad
11882,10,274.1999999999995,10,274.1999999999995,2opt,notBad
11883,10,274.1999999999995,10,274.1999999999995,move,improve
11884,10,274.1999999999995,10,274.1999999999995,move,improve
11885,10,274.1999999999995,10,274.1999999999995,2opt,notBad
11886,10,274.1999999999995,10,274.1999999999995,move,improve
11887,10,274.1999999999995,10,274.1999999999995,move,improve
11888,10,274.1999999999995,10,274.1999999999995,move,improve
11889,10,274.1999999999995,10,274.1999999999995,2opt,improve
11890,10,274.1999999999995,10,274.1999999999995,move,improve
11891,10,274.1999999999995,10,274.1999999999995,2opt,notBad
11892,10,274.1999999999995,10,274.1999999999995,swap,notBad
11893,10,274.1999999999995,10,274.1999999999995,swap,notBad
11894,10,274.1999999999995,10,274.1999999999995,2opt,notBad
11895,10,274.1999999999995,10,274.1999999999995,2opt,notBad
11896,10,274.1999999999995,10,274.1999999999995,move,improve
11897,10,274.1999999999995,10,274.1999999999995,2opt,notBad
11898,10,274.1999999999995,10,274.1999999999995,2opt,notBad
11899,10,274.1999999999995,10,274.1999999999995,swap,notBad
11900,10,274.1999999999995,10,274.1999999999995,swap,notBad
11901,10,274.1999999999995,10,274.1999999999995,move,improve
11902,10,274.1999999999995,10,274.1999999999995,2opt,notBad
11903,10,274.1999999999995,10,274.1999999999995,swap,notBad
11904,10,274.1999999999995,10,274.1999999999995,2opt,notBad
11905,10,274.1999999999995,10,274.1999999999995,2opt,notBad
11906,10,274.1999999999995,10,274.1999999999995,swap,notBad
11907,10,274.1999999999995,10,274.1999999999995,move,improve
11908,10,274.1999999999995,10,274.1999999999995,2opt,notBad
11909,10,274.1999999999995,10,274.1999999999995,move,improve
11910,10,274.1999999999995,10,274.1999999999995,2opt,improve
11911,10,274.1999999999995,10,274.1999999999995,move,improve
11912,10,274.1999999999995,10,274.1999999999995,2opt,improve
11913,10,274.1999999999995,10,274.1999999999995,move,improve
11914,10,274.1999999999995,10,274.1999999999995,2opt,notBad
11915,10,274.1999999999995,10,274.1999999999995,2opt,notBad
11916,10,274.1999999999995,10,274.1999999999995,2opt,improve
11917,10,274.1999999999995,10,274.1999999999995,swap,notBad
11918,10,274.1999999999995,10,274.1999999999995,2opt,notBad
11919,10,274.1999999999995,10,274.1999999999995,2opt,notBad
11920,10,274.1999999999995,10,274.1999999999995,move,improve
11921,10,274.1999999999995,10,274.1999999999995,move,improve
11922,10,274.1999999999995,10,274.1999999999995,2opt,notBad
11923,10,274.1999999999995,10,274.1999999999995,2opt,improve
11924,10,274.1999999999995,10,274.1999999999995,move,improve
11925,10,274.1999999999995,10,274.1999999999995,2opt,notBad
11926,10,274.1999999999995,10,274.1999999999995,swap,notBad
11927,10,274.1999999999995,10,274.1999999999995,swap,notBad
11928,10,274.1999999999995,10,274.1999999999995,move,improve
11929,10,274.1999999999995,10,274.1999999999995,swap,notBad
11930,10,274.1999999999995,10,274.1999999999995,move,notBad
11931,10,274.1999999999995,10,274.1999999999995,swap,notBad
11932,10,274.1999999999995,10,274.1999999999995,swap,notBad
11933,10,274.1999999999995,10,274.1999999999995,swap,notBad
11934,10,274.1999999999995,10,274.1999999999995,swap,notBad
11935,10,274.1999999999995,10,274.1999999999995,move,improve
11936,10,274.1999999999995,10,274.1999999999995,2opt,notBad
11937,10,274.1999999999995,10,274.1999999999995,2opt,notBad
11938,10,274.1999999999995,10,274.1999999999995,move,improve
11939,10,274.1999999999995,10,274.1999999999995,2opt,improve
11940,10,274.1999999999995,10,274.1999999999995,swap,notBad
11941,10,274.1999999999995,10,274.1999999999995,2opt,notBad
11942,10,274.1999999999995,10,274.1999999999995,swap,notBad
11943,10,274.1999999999995,10,274.1999999999995,move,improve
11944,10,274.1999999999995,10,274.1999999999995,2opt,notBad
11945,10,274.1999999999995,10,274.1999999999995,2opt,notBad
11946,10,274.1999999999995,10,274.1999999999995,2opt,notBad
11947,10,274.1999999999995,10,274.1999999999995,move,improve
11948,10,274.1999999999995,10,274.1999999999995,swap,notBad
11949,10,274.1999999999995,10,274.1999999999995,2opt,notBad
11950,10,274.1999999999995,10,274.1999999999995,swap,notBad
11951,10,274.1999999999995,10,274.1999999999995,swap,notBad
11952,10,274.1999999999995,10,274.1999999999995,2opt,notBad
11953,10,274.1999999999995,10,274.1999999999995,2opt,notBad
11954,10,274.1999999999995,10,274.1999999999995,2opt,notBad
11955,10,274.1999999999995,10,274.1999999999995,swap,notBad
11956,10,274.1999999999995,10,274.1999999999995,2opt,notBad
11957,10,274.1999999999995,10,274.1999999999995,move,improve
11958,10,274.1999999999995,10,274.1999999999995,move,improve
11959,10,274.1999999999995,10,274.1999999999995,2opt,notBad
11960,10,274.1999999999995,10,274.1999999999995,2opt,notBad
11961,10,274.1999999999995,10,274.1999999999995,swap,notBad
11962,10,274.1999999999995,10,274.1999999999995,2opt,notBad
11963,10,274.1999999999995,10,274.1999999999995,2opt,improve
11964,10,274.1999999999995,10,274.1999999999995,move,improve
11965,10,274.1999999999995,10,274.1999999999995,2opt,notBad
11966,10,274.1999999999995,10,274.1999999999995,swap,notBad
11967,10,274.1999999999995,10,274.1999999999995,move,improve
11968,10,274.1999999999995,10,274.1999999999995,move,improve
11969,10,274.1999999999995,10,274.1999999999995,2opt,notBad
11970,10,274.1999999999995,10,274.1999999999995,move,improve
11971,10,274.1999999999995,10,274.1999999999995,2opt,notBad
11972,10,274.1999999999995,10,274.1999999999995,2opt,notBad
11973,10,274.1999999999995,10,274.1999999999995,swap,notBad
11974,10,274.1999999999995,10,274.1999999999995,move,improve
11975,10,274.1999999999995,10,274.1999999999995,move,improve
11976,10,274.1999999999995,10,274.1999999999995,swap,notBad
11977,10,274.1999999999995,10,274.1999999999995,2opt,notBad
11978,10,274.1999999999995,10,274.1999999999995,2opt,notBad
11979,10,274.1999999999995,10,274.1999999999995,2opt,notBad
11980,10,274.1999999999995,10,274.1999999999995,swap,notBad
11981,10,274.1999999999995,10,274.1999999999995,2opt,notBad
11982,10,274.1999999999995,10,274.1999999999995,swap,notBad
11983,10,274.1999999999995,10,274.1999999999995,2opt,notBad
11984,10,274.1999999999995,10,274.1999999999995,move,improve
11985,10,274.1999999999995,10,274.1999999999995,swap,notBad
11986,10,274.1999999999995,10,274.1999999999995,2opt,notBad
11987,10,274.1999999999995,10,274.1999999999995,move,improve
11988,10,274.1999999999995,10,274.1999999999995,move,improve
11989,10,274.1999999999995,10,274.1999999999995,move,improve
11990,10,274.1999999999995,10,274.1999999999995,move,improve
11991,10,274.1999999999995,10,274.1999999999995,2opt,notBad
11992,10,274.1999999999995,10,274.1999999999995,2opt,notBad
11993,10,274.1999999999995,10,274.1999999999995,move,improve
11994,10,274.1999999999995,10,274.1999999999995,swap,notBad
11995,10,274.1999999999995,10,274.1999999999995,swap,notBad
11996,10,274.1999999999995,10,274.1999999999995,swap,notBad
11997,10,274.1999999999995,10,274.1999999999995,move,improve
11998,10,274.1999999999995,10,274.1999999999995,2opt,notBad
11999,10,274.1999999999995,10,274.1999999999995,2opt,notBad
12000,10,274.1999999999995,10,274.1999999999995,swap,notBad
12001,10,274.1999999999995,10,274.1999999999995,2opt,notBad
12002,10,274.1999999999995,10,274.1999999999995,2opt,notBad
12003,10,274.1999999999995,10,274.1999999999995,move,improve
12004,10,274.1999999999995,10,274.1999999999995,move,improve
12005,10,274.1999999999995,10,274.1999999999995,2opt,improve
12006,10,274.1999999999995,10,274.1999999999995,swap,notBad
12007,10,274.1999999999995,10,274.1999999999995,move,improve
12008,10,274.63999999999953,10,274.1999999999995,swap,acceptBad
12009,10,274.63999999999953,10,274.1999999999995,2opt,notBad
12010,10,274.63999999999953,10,274.1999999999995,swap,notBad
12011,10,274.63999999999953,10,274.1999999999995,swap,notBad
12012,10,274.63999999999953,10,274.1999999999995,2opt,notBad
12013,10,274.63999999999953,10,274.1999999999995,move,improve
12014,10,274.63999999999953,10,274.1999999999995,swap,notBad
12015,10,274.63999999999953,10,274.1999999999995,swap,notBad
12016,10,274.63999999999953,10,274.1999999999995,swap,notBad
12017,10,274.63999999999953,10,274.1999999999995,move,improve
12018,10,274.63999999999953,10,274.1999999999995,swap,notBad
12019,10,274.63999999999953,10,274.1999999999995,move,improve
12020,10,274.63999999999953,10,274.1999999999995,move,improve
12021,10,274.63999999999953,10,274.1999999999995,2opt,notBad
12022,10,274.63999999999953,10,274.1999999999995,move,improve
12023,10,274.63999999999953,10,274.1999999999995,swap,notBad
12024,10,274.63999999999953,10,274.1999999999995,move,improve
12025,10,274.63999999999953,10,274.1999999999995,move,improve
12026,10,274.63999999999953,10,274.1999999999995,2opt,notBad
12027,10,274.63999999999953,10,274.1999999999995,move,improve
12028,10,274.63999999999953,10,274.1999999999995,swap,notBad
12029,10,274.63999999999953,10,274.1999999999995,2opt,notBad
12030,10,274.63999999999953,10,274.1999999999995,2opt,notBad
12031,10,274.63999999999953,10,274.1999999999995,move,improve
12032,10,274.63999999999953,10,274.1999999999995,move,improve
12033,10,274.63999999999953,10,274.1999999999995,2opt,notBad
12034,10,274.63999999999953,10,274.1999999999995,2opt,notBad
12035,10,274.63999999999953,10,274.1999999999995,move,improve
12036,10,274.63999999999953,10,274.1999999999995,move,improve
12037,10,274.63999999999953,10,274.1999999999995,2opt,notBad
12038,10,274.63999999999953,10,274.1999999999995,2opt,improve
12039,10,274.63999999999953,10,274.1999999999995,2opt,notBad
12040,10,274.63999999999953,10,274.1999999999995,move,improve
12041,10,274.63999999999953,10,274.1999999999995,swap,notBad
12042,10,274.63999999999953,10,274.1999999999995,move,improve
12043,10,274.63999999999953,10,274.1999999999995,swap,notBad
12044,10,274.63999999999953,10,274.1999999999995,2opt,notBad
12045,10,274.63999999999953,10,274.1999999999995,move,improve
12046,10,274.63999999999953,10,274.1999999999995,2opt,notBad
12047,10,274.63999999999953,10,274.1999999999995,2opt,notBad
12048,10,274.63999999999953,10,274.1999999999995,swap,notBad
12049,10,274.63999999999953,10,274.1999999999995,2opt,notBad
12050,10,274.63999999999953,10,274.1999999999995,swap,notBad
12051,10,274.63999999999953,10,274.1999999999995,2opt,notBad
12052,10,274.63999999999953,10,274.1999999999995,move,improve
12053,10,274.63999999999953,10,274.1999999999995,swap,notBad
12054,10,274.63999999999953,10,274.1999999999995,swap,notBad
12055,10,274.63999999999953,10,274.1999999999995,2opt,notBad
12056,10,274.63999999999953,10,274.1999999999995,2opt,improve
12057,10,274.63999999999953,10,274.1999999999995,swap,notBad
12058,10,274.63999999999953,10,274.1999999999995,2opt,notBad
12059,10,274.63999999999953,10,274.1999999999995,swap,notBad
12060,10,274.63999999999953,10,274.1999999999995,move,improve
12061,10,274.63999999999953,10,274.1999999999995,move,improve
12062,10,274.63999999999953,10,274.1999999999995,swap,notBad
12063,10,274.63999999999953,10,274.1999999999995,move,improve
12064,10,274.63999999999953,10,274.1999999999995,2opt,notBad
12065,10,274.63999999999953,10,274.1999999999995,move,improve
12066,10,274.63999999999953,10,274.1999999999995,swap,notBad
12067,10,274.63999999999953,10,274.1999999999995,move,notBad
12068,10,274.63999999999953,10,274.1999999999995,move,improve
12069,10,274.63999999999953,10,274.1999999999995,move,improve
12070,10,274.63999999999953,10,274.1999999999995,move,improve
12071,10,274.63999999999953,10,274.1999999999995,swap,notBad
12072,10,274.63999999999953,10,274.1999999999995,swap,notBad
12073,10,274.63999999999953,10,274.1999999999995,2opt,notBad
12074,10,274.63999999999953,10,274.1999999999995,move,improve
12075,10,274.63999999999953,10,274.1999999999995,2opt,improve
12076,10,274.63999999999953,10,274.1999999999995,2opt,notBad
12077,10,274.63999999999953,10,274.1999999999995,2opt,notBad
12078,10,274.63999999999953,10,274.1999999999995,2opt,notBad
12079,10,274.63999999999953,10,274.1999999999995,swap,notBad
12080,10,274.63999999999953,10,274.1999999999995,swap,notBad
12081,10,274.63999999999953,10,274.1999999999995,move,improve
12082,10,274.63999999999953,10,274.1999999999995,2opt,improve
12083,10,274.63999999999953,10,274.1999999999995,move,improve
12084,10,274.63999999999953,10,274.1999999999995,swap,notBad
12085,10,274.63999999999953,10,274.1999999999995,2opt,improve
12086,10,274.63999999999953,10,274.1999999999995,swap,notBad
12087,10,274.63999999999953,10,274.1999999999995,swap,notBad
12088,10,274.63999999999953,10,274.1999999999995,swap,notBad
12089,10,274.63999999999953,10,274.1999999999995,2opt,notBad
12090,10,274.63999999999953,10,274.1999999999995,2opt,notBad
12091,10,274.63999999999953,10,274.1999999999995,move,improve
12092,10,274.63999999999953,10,274.1999999999995,2opt,improve
12093,10,274.63999999999953,10,274.1999999999995,swap,notBad
12094,10,274.63999999999953,10,274.1999999999995,move,improve
12095,10,274.63999999999953,10,274.1999999999995,move,improve
12096,10,274.63999999999953,10,274.1999999999995,2opt,notBad
12097,10,274.63999999999953,10,274.1999999999995,2opt,notBad
12098,10,274.63999999999953,10,274.1999999999995,2opt,notBad
12099,10,274.63999999999953,10,274.1999999999995,move,improve
12100,10,274.63999999999953,10,274.1999999999995,swap,notBad
12101,10,274.63999999999953,10,274.1999999999995,move,improve
12102,10,274.63999999999953,10,274.1999999999995,swap,notBad
12103,10,274.63999999999953,10,274.1999999999995,swap,notBad
12104,10,274.63999999999953,10,274.1999999999995,2opt,notBad
12105,10,274.63999999999953,10,274.1999999999995,2opt,notBad
12106,10,274.63999999999953,10,274.1999999999995,move,improve
12107,10,274.63999999999953,10,274.1999999999995,move,improve
12108,10,274.63999999999953,10,274.1999999999995,swap,notBad
12109,10,274.63999999999953,10,274.1999999999995,swap,notBad
12110,10,274.63999999999953,10,274.1999999999995,move,improve
12111,10,274.63999999999953,10,274.1999999999995,move,improve
12112,10,274.63999999999953,10,274.1999999999995,move,improve
12113,10,274.63999999999953,10,274.1999999999995,swap,notBad
12114,10,274.63999999999953,10,274.1999999999995,2opt,notBad
12115,10,274.63999999999953,10,274.1999999999995,swap,notBad
12116,10,274.63999999999953,10,274.1999999999995,swap,notBad
12117,10,274.63999999999953,10,274.1999999999995,swap,notBad
12118,10,274.63999999999953,10,274.1999999999995,2opt,notBad
12119,10,274.63999999999953,10,274.1999999999995,swap,notBad
12120,10,274.63999999999953,10,274.1999999999995,move,improve
12121,10,274.63999999999953,10,274.1999999999995,2opt,improve
12122,10,274.63999999999953,10,274.1999999999995,swap,notBad
12123,10,274.63999999999953,10,274.1999999999995,move,improve
12124,10,274.63999999999953,10,274.1999999999995,2opt,notBad
12125,10,274.63999999999953,10,274.1999999999995,move,improve
12126,10,274.63999999999953,10,274.1999999999995,swap,notBad
12127,10,274.63999999999953,10,274.1999999999995,2opt,notBad
12128,10,274.63999999999953,10,274.1999999999995,2opt,notBad
12129,10,274.63999999999953,10,274.1999999999995,move,improve
12130,10,274.63999999999953,10,274.1999999999995,move,improve
12131,10,274.63999999999953,10,274.1999999999995,move,improve
12132,10,274.63999999999953,10,274.1999999999995,move,improve
12133,10,274.63999999999953,10,274.1999999999995,2opt,notBad
12134,10,274.63999999999953,10,274.1999999999995,move,improve
12135,10,274.63999999999953,10,274.1999999999995,move,improve
12136,10,274.63999999999953,10,274.1999999999995,move,improve
12137,10,274.63999999999953,10,274.1999999999995,2opt,notBad
12138,10,274.63999999999953,10,274.1999999999995,swap,notBad
12139,10,274.63999999999953,10,274.1999999999995,2opt,improve
12140,10,274.63999999999953,10,274.1999999999995,2opt,notBad
12141,10,274.63999999999953,10,274.1999999999995,swap,notBad
12142,10,274.63999999999953,10,274.1999999999995,2opt,notBad
12143,10,274.63999999999953,10,274.1999999999995,move,improve
12144,10,274.63999999999953,10,274.1999999999995,swap,notBad
12145,10,274.63999999999953,10,274.1999999999995,move,improve
12146,10,274.63999999999953,10,274.1999999999995,move,improve
12147,10,274.63999999999953,10,274.1999999999995,swap,notBad
12148,10,274.63999999999953,10,274.1999999999995,swap,notBad
12149,10,274.63999999999953,10,274.1999999999995,2opt,notBad
12150,10,274.63999999999953,10,274.1999999999995,swap,notBad
12151,10,274.63999999999953,10,274.1999999999995,move,improve
12152,10,274.63999999999953,10,274.1999999999995,swap,notBad
12153,10,274.63999999999953,10,274.1999999999995,move,improve
12154,10,274.63999999999953,10,274.1999999999995,2opt,notBad
12155,10,274.63999999999953,10,274.1999999999995,move,improve
12156,10,274.63999999999953,10,274.1999999999995,2opt,notBad
12157,10,274.63999999999953,10,274.1999999999995,2opt,notBad
12158,10,274.63999999999953,10,274.1999999999995,2opt,notBad
12159,10,274.63999999999953,10,274.1999999999995,move,improve
12160,10,274.63999999999953,10,274.1999999999995,swap,notBad
12161,10,274.63999999999953,10,274.1999999999995,swap,notBad
12162,10,274.63999999999953,10,274.1999999999995,move,improve
12163,10,274.63999999999953,10,274.1999999999995,move,improve
12164,10,274.63999999999953,10,274.1999999999995,move,improve
12165,10,274.63999999999953,10,274.1999999999995,2opt,notBad
12166,10,274.63999999999953,10,274.1999999999995,swap,notBad
12167,10,274.63999999999953,10,274.1999999999995,swap,notBad
12168,10,274.63999999999953,10,274.1999999999995,2opt,notBad
12169,10,274.63999999999953,10,274.1999999999995,2opt,notBad
12170,10,274.63999999999953,10,274.1999999999995,swap,notBad
12171,10,274.63999999999953,10,274.1999999999995,swap,notBad
12172,10,274.63999999999953,10,274.1999999999995,move,improve
12173,10,274.63999999999953,10,274.1999999999995,2opt,notBad
12174,10,274.63999999999953,10,274.1999999999995,swap,notBad
12175,10,274.63999999999953,10,274.1999999999995,2opt,notBad
12176,10,274.63999999999953,10,274.1999999999995,move,improve
12177,10,274.63999999999953,10,274.1999999999995,move,improve
12178,10,274.63999999999953,10,274.1999999999995,move,improve
12179,10,274.63999999999953,10,274.1999999999995,2opt,notBad
12180,10,274.63999999999953,10,274.1999999999995,move,improve
12181,10,274.63999999999953,10,274.1999999999995,move,improve
12182,10,274.63999999999953,10,274.1999999999995,2opt,notBad
12183,10,274.63999999999953,10,274.1999999999995,swap,notBad
12184,10,274.63999999999953,10,274.1999999999995,move,notBad
12185,10,274.63999999999953,10,274.1999999999995,swap,notBad
12186,10,274.63999999999953,10,274.1999999999995,swap,notBad
12187,10,274.63999999999953,10,274.1999999999995,2opt,notBad
12188,10,274.63999999999953,10,274.1999999999995,2opt,notBad
12189,10,274.63999999999953,10,274.1999999999995,move,improve
12190,10,274.63999999999953,10,274.1999999999995,move,improve
12191,10,274.63999999999953,10,274.1999999999995,swap,notBad
12192,10,274.63999999999953,10,274.1999999999995,swap,notBad
12193,10,274.63999999999953,10,274.1999999999995,move,improve
12194,10,274.63999999999953,10,274.1999999999995,2opt,improve
12195,10,274.63999999999953,10,274.1999999999995,swap,notBad
12196,10,274.63999999999953,10,274.1999999999995,move,improve
12197,10,274.63999999999953,10,274.1999999999995,2opt,notBad
12198,10,274.63999999999953,10,274.1999999999995,2opt,notBad
12199,10,274.63999999999953,10,274.1999999999995,swap,notBad
12200,10,274.63999999999953,10,274.1999999999995,swap,notBad
12201,10,274.63999999999953,10,274.1999999999995,2opt,improve
12202,10,274.63999999999953,10,274.1999999999995,2opt,improve
12203,10,274.63999999999953,10,274.1999999999995,move,improve
12204,10,274.63999999999953,10,274.1999999999995,swap,notBad
12205,10,274.63999999999953,10,274.1999999999995,swap,notBad
12206,10,274.63999999999953,10,274.1999999999995,2opt,notBad
12207,10,274.63999999999953,10,274.1999999999995,2opt,notBad
12208,10,274.63999999999953,10,274.1999999999995,move,improve
12209,10,274.63999999999953,10,274.1999999999995,move,improve
12210,10,274.63999999999953,10,274.1999999999995,move,improve
12211,10,274.63999999999953,10,274.1999999999995,swap,notBad
12212,10,274.63999999999953,10,274.1999999999995,2opt,notBad
12213,10,274.63999999999953,10,274.1999999999995,2opt,notBad
12214,10,274.63999999999953,10,274.1999999999995,2opt,notBad
12215,10,274.63999999999953,10,274.1999999999995,swap,notBad
12216,10,274.63999999999953,10,274.1999999999995,move,improve
12217,10,274.63999999999953,10,274.1999999999995,swap,notBad
12218,10,274.63999999999953,10,274.1999999999995,swap,notBad
12219,10,274.63999999999953,10,274.1999999999995,2opt,notBad
12220,10,274.63999999999953,10,274.1999999999995,2opt,notBad
12221,10,274.63999999999953,10,274.1999999999995,move,improve
12222,10,274.63999999999953,10,274.1999999999995,move,improve
12223,10,274.63999999999953,10,274.1999999999995,2opt,notBad
12224,10,274.63999999999953,10,274.1999999999995,2opt,notBad
12225,10,274.63999999999953,10,274.1999999999995,2opt,notBad
12226,10,274.63999999999953,10,274.1999999999995,move,improve
12227,10,274.63999999999953,10,274.1999999999995,swap,notBad
12228,10,274.63999999999953,10,274.1999999999995,2opt,notBad
12229,10,274.63999999999953,10,274.1999999999995,move,improve
12230,10,274.63999999999953,10,274.1999999999995,swap,notBad
12231,10,274.63999999999953,10,274.1999999999995,move,improve
12232,10,274.63999999999953,10,274.1999999999995,swap,notBad
12233,10,274.63999999999953,10,274.1999999999995,2opt,notBad
12234,10,274.63999999999953,10,274.1999999999995,2opt,notBad
12235,10,274.63999999999953,10,274.1999999999995,2opt,notBad
12236,10,274.63999999999953,10,274.1999999999995,swap,notBad
12237,10,274.63999999999953,10,274.1999999999995,swap,notBad
12238,10,274.63999999999953,10,274.1999999999995,swap,notBad
12239,10,274.63999999999953,10,274.1999999999995,swap,notBad
12240,10,274.63999999999953,10,274.1999999999995,move,improve
12241,10,274.63999999999953,10,274.1999999999995,swap,notBad
12242,10,274.63999999999953,10,274.1999999999995,2opt,notBad
12243,10,274.63999999999953,10,274.1999999999995,move,improve
12244,10,274.63999999999953,10,274.1999999999995,2opt,notBad
12245,10,274.63999999999953,10,274.1999999999995,move,improve
12246,10,274.63999999999953,10,274.1999999999995,move,improve
12247,10,274.63999999999953,10,274.1999999999995,2opt,notBad
12248,10,274.63999999999953,10,274.1999999999995,swap,notBad
12249,10,274.63999999999953,10,274.1999999999995,move,improve
12250,10,274.63999999999953,10,274.1999999999995,move,improve
12251,10,274.63999999999953,10,274.1999999999995,move,improve
12252,10,274.63999999999953,10,274.1999999999995,move,improve
12253,10,274.63999999999953,10,274.1999999999995,move,improve
12254,10,274.63999999999953,10,274.1999999999995,2opt,notBad
12255,10,274.63999999999953,10,274.1999999999995,swap,notBad
12256,10,274.63999999999953,10,274.1999999999995,move,improve
12257,10,274.63999999999953,10,274.1999999999995,2opt,notBad
12258,10,274.63999999999953,10,274.1999999999995,2opt,notBad
12259,10,274.63999999999953,10,274.1999999999995,2opt,notBad
12260,10,274.63999999999953,10,274.1999999999995,swap,notBad
12261,10,274.63999999999953,10,274.1999999999995,move,improve
12262,10,274.63999999999953,10,274.1999999999995,swap,notBad
12263,10,274.63999999999953,10,274.1999999999995,swap,notBad
12264,10,274.63999999999953,10,274.1999999999995,move,improve
12265,10,274.63999999999953,10,274.1999999999995,2opt,notBad
12266,10,274.63999999999953,10,274.1999999999995,move,improve
12267,10,274.63999999999953,10,274.1999999999995,move,improve
12268,10,274.63999999999953,10,274.1999999999995,move,improve
12269,10,274.63999999999953,10,274.1999999999995,2opt,notBad
12270,10,274.63999999999953,10,274.1999999999995,2opt,notBad
12271,10,274.63999999999953,10,274.1999999999995,2opt,notBad
12272,10,274.63999999999953,10,274.1999999999995,swap,notBad
12273,10,274.63999999999953,10,274.1999999999995,move,improve
12274,10,274.63999999999953,10,274.1999999999995,move,improve
12275,10,274.63999999999953,10,274.1999999999995,move,improve
12276,10,274.63999999999953,10,274.1999999999995,swap,notBad
12277,10,274.63999999999953,10,274.1999999999995,2opt,notBad
12278,10,274.63999999999953,10,274.1999999999995,2opt,notBad
12279,10,274.63999999999953,10,274.1999999999995,move,improve
12280,10,274.63999999999953,10,274.1999999999995,swap,notBad
12281,10,274.63999999999953,10,274.1999999999995,move,improve
12282,10,274.63999999999953,10,274.1999999999995,move,improve
12283,10,274.63999999999953,10,274.1999999999995,2opt,notBad
12284,10,274.63999999999953,10,274.1999999999995,move,improve
12285,10,274.63999999999953,10,274.1999999999995,move,improve
12286,10,274.9600000000002,10,274.1999999999995,swap,acceptBad
12287,10,274.9600000000002,10,274.1999999999995,move,improve
12288,10,274.9600000000002,10,274.1999999999995,2opt,notBad
12289,10,274.9600000000002,10,274.1999999999995,move,improve
12290,10,274.9600000000002,10,274.1999999999995,move,improve
12291,10,274.9600000000002,10,274.1999999999995,2opt,notBad
12292,10,274.9600000000002,10,274.1999999999995,2opt,notBad
12293,10,274.9600000000002,10,274.1999999999995,move,improve
12294,10,274.9600000000002,10,274.1999999999995,move,improve
12295,10,274.9600000000002,10,274.1999999999995,2opt,notBad
12296,10,274.9600000000002,10,274.1999999999995,swap,notBad
12297,10,274.9600000000002,10,274.1999999999995,swap,notBad
12298,10,274.9600000000002,10,274.1999999999995,swap,notBad
12299,10,274.9600000000002,10,274.1999999999995,move,improve
12300,10,274.9600000000002,10,274.1999999999995,swap,notBad
12301,10,274.9600000000002,10,274.1999999999995,move,improve
12302,10,274.9600000000002,10,274.1999999999995,2opt,notBad
12303,10,274.9600000000002,10,274.1999999999995,2opt,notBad
12304,10,274.9600000000002,10,274.1999999999995,2opt,notBad
12305,10,274.9600000000002,10,274.1999999999995,swap,notBad
12306,10,274.9600000000002,10,274.1999999999995,swap,notBad
12307,10,274.9600000000002,10,274.1999999999995,2opt,notBad
12308,10,274.9600000000002,10,274.1999999999995,swap,notBad
12309,10,274.9600000000002,10,274.1999999999995,swap,notBad
12310,10,274.9600000000002,10,274.1999999999995,move,improve
12311,10,274.63999999999953,10,274.1999999999995,swap,improve
12312,10,274.63999999999953,10,274.1999999999995,swap,notBad
12313,10,274.63999999999953,10,274.1999999999995,swap,notBad
12314,10,274.63999999999953,10,274.1999999999995,move,improve
12315,10,274.63999999999953,10,274.1999999999995,swap,notBad
12316,10,274.63999999999953,10,274.1999999999995,move,improve
12317,10,274.63999999999953,10,274.1999999999995,swap,notBad
12318,10,274.63999999999953,10,274.1999999999995,move,improve
12319,10,274.63999999999953,10,274.1999999999995,swap,notBad
12320,10,274.63999999999953,10,274.1999999999995,swap,notBad
12321,10,274.63999999999953,10,274.1999999999995,move,improve
12322,10,274.63999999999953,10,274.1999999999995,2opt,notBad
12323,10,274.63999999999953,10,274.1999999999995,swap,notBad
12324,10,274.63999999999953,10,274.1999999999995,move,improve
12325,10,274.63999999999953,10,274.1999999999995,move,improve
12326,10,274.63999999999953,10,274.1999999999995,2opt,notBad
12327,10,274.63999999999953,10,274.1999999999995,2opt,notBad
12328,10,274.63999999999953,10,274.1999999999995,swap,notBad
12329,10,274.63999999999953,10,274.1999999999995,move,improve
12330,10,274.63999999999953,10,274.1999999999995,swap,notBad
12331,10,274.63999999999953,10,274.1999999999995,move,improve
12332,10,274.63999999999953,10,274.1999999999995,2opt,improve
12333,10,274.63999999999953,10,274.1999999999995,swap,notBad
12334,10,274.63999999999953,10,274.1999999999995,move,improve
12335,10,274.63999999999953,10,274.1999999999995,2opt,notBad
12336,10,274.63999999999953,10,274.1999999999995,move,improve
12337,10,274.63999999999953,10,274.1999999999995,swap,notBad
12338,10,274.63999999999953,10,274.1999999999995,move,improve
12339,10,274.63999999999953,10,274.1999999999995,move,improve
12340,10,274.63999999999953,10,274.1999999999995,swap,notBad
12341,10,274.63999999999953,10,274.1999999999995,2opt,improve
12342,10,274.63999999999953,10,274.1999999999995,move,improve
12343,10,274.63999999999953,10,274.1999999999995,move,improve
12344,10,274.63999999999953,10,274.1999999999995,move,improve
12345,10,274.63999999999953,10,274.1999999999995,2opt,improve
12346,10,274.63999999999953,10,274.1999999999995,2opt,notBad
12347,10,274.63999999999953,10,274.1999999999995,swap,notBad
12348,10,274.63999999999953,10,274.1999999999995,swap,notBad
12349,10,274.63999999999953,10,274.1999999999995,move,improve
12350,10,274.63999999999953,10,274.1999999999995,move,improve
12351,10,274.63999999999953,10,274.1999999999995,swap,notBad
12352,10,274.63999999999953,10,274.1999999999995,move,improve
12353,10,274.63999999999953,10,274.1999999999995,2opt,notBad
12354,10,274.63999999999953,10,274.1999999999995,2opt,notBad
12355,10,274.63999999999953,10,274.1999999999995,swap,notBad
12356,10,274.63999999999953,10,274.1999999999995,2opt,notBad
12357,10,274.63999999999953,10,274.1999999999995,swap,notBad
12358,10,274.63999999999953,10,274.1999999999995,2opt,notBad
12359,10,274.63999999999953,10,274.1999999999995,2opt,notBad
12360,10,274.63999999999953,10,274.1999999999995,swap,notBad
12361,10,274.63999999999953,10,274.1999999999995,move,improve
12362,10,274.63999999999953,10,274.1999999999995,move,improve
12363,10,274.63999999999953,10,274.1999999999995,move,improve
12364,10,274.63999999999953,10,274.1999999999995,swap,notBad
12365,10,274.63999999999953,10,274.1999999999995,2opt,notBad
12366,10,274.63999999999953,10,274.1999999999995,move,improve
12367,10,274.63999999999953,10,274.1999999999995,2opt,notBad
12368,10,274.63999999999953,10,274.1999999999995,move,improve
12369,10,274.9600000000002,10,274.1999999999995,swap,acceptBad
12370,10,274.9600000000002,10,274.1999999999995,2opt,notBad
12371,10,274.9600000000002,10,274.1999999999995,move,improve
12372,10,274.9600000000002,10,274.1999999999995,move,improve
12373,10,274.9600000000002,10,274.1999999999995,swap,notBad
12374,10,274.9600000000002,10,274.1999999999995,2opt,notBad
12375,10,274.9600000000002,10,274.1999999999995,move,improve
12376,10,274.9600000000002,10,274.1999999999995,2opt,notBad
12377,10,274.9600000000002,10,274.1999999999995,swap,notBad
12378,10,274.9600000000002,10,274.1999999999995,swap,notBad
12379,10,274.9600000000002,10,274.1999999999995,2opt,notBad
12380,10,274.9600000000002,10,274.1999999999995,swap,notBad
12381,10,274.9600000000002,10,274.1999999999995,2opt,improve
12382,10,274.9600000000002,10,274.1999999999995,2opt,notBad
12383,10,274.9600000000002,10,274.1999999999995,swap,notBad
12384,10,274.9600000000002,10,274.1999999999995,swap,notBad
12385,10,274.9600000000002,10,274.1999999999995,move,improve
12386,10,274.9600000000002,10,274.1999999999995,swap,notBad
12387,10,274.9600000000002,10,274.1999999999995,swap,notBad
12388,10,274.9600000000002,10,274.1999999999995,swap,notBad
12389,10,274.9600000000002,10,274.1999999999995,swap,notBad
12390,10,274.9600000000002,10,274.1999999999995,move,improve
12391,10,274.9600000000002,10,274.1999999999995,swap,notBad
12392,10,274.9600000000002,10,274.1999999999995,move,improve
12393,10,274.9600000000002,10,274.1999999999995,move,improve
12394,10,274.9600000000002,10,274.1999999999995,move,improve
12395,10,274.9600000000002,10,274.1999999999995,move,improve
12396,10,274.9600000000002,10,274.1999999999995,2opt,notBad
12397,10,274.9600000000002,10,274.1999999999995,swap,notBad
12398,10,274.9600000000002,10,274.1999999999995,2opt,notBad
12399,10,274.9600000000002,10,274.1999999999995,2opt,notBad
12400,10,274.9200000000002,10,274.1999999999995,move,improve
12401,10,274.9200000000002,10,274.1999999999995,2opt,notBad
12402,10,274.9200000000002,10,274.1999999999995,2opt,notBad
12403,10,274.9200000000002,10,274.1999999999995,move,improve
12404,10,274.9200000000002,10,274.1999999999995,2opt,notBad
12405,10,274.9200000000002,10,274.1999999999995,move,improve
12406,10,274.9200000000002,10,274.1999999999995,move,improve
12407,10,274.9200000000002,10,274.1999999999995,swap,notBad
12408,10,274.9200000000002,10,274.1999999999995,swap,notBad
12409,10,274.9200000000002,10,274.1999999999995,swap,notBad
12410,10,274.9200000000002,10,274.1999999999995,2opt,notBad
12411,10,274.9200000000002,10,274.1999999999995,move,improve
12412,10,274.9200000000002,10,274.1999999999995,move,improve
12413,10,274.9200000000002,10,274.1999999999995,move,improve
12414,10,274.9200000000002,10,274.1999999999995,move,improve
12415,10,274.9200000000002,10,274.1999999999995,2opt,notBad
12416,10,274.9200000000002,10,274.1999999999995,move,improve
12417,10,274.9200000000002,10,274.1999999999995,move,improve
12418,10,274.9200000000002,10,274.1999999999995,swap,notBad
12419,10,274.9200000000002,10,274.1999999999995,move,improve
12420,10,274.9200000000002,10,274.1999999999995,move,improve
12421,10,274.9200000000002,10,274.1999999999995,2opt,notBad
12422,10,274.9200000000002,10,274.1999999999995,move,improve
12423,10,274.9200000000002,10,274.1999999999995,swap,notBad
12424,10,274.9200000000002,10,274.1999999999995,move,improve
12425,10,274.9200000000002,10,274.1999999999995,swap,notBad
12426,10,274.9200000000002,10,274.1999999999995,2opt,notBad
12427,10,274.9200000000002,10,274.1999999999995,move,improve
12428,10,274.9200000000002,10,274.1999999999995,2opt,notBad
12429,10,274.9200000000002,10,274.1999999999995,swap,notBad
12430,10,274.91999999999996,10,274.1999999999995,move,improve
12431,10,274.91999999999996,10,274.1999999999995,move,improve
12432,10,274.91999999999996,10,274.1999999999995,swap,notBad
12433,10,274.91999999999996,10,274.1999999999995,move,improve
12434,10,274.91999999999996,10,274.1999999999995,2opt,notBad
12435,10,274.91999999999996,10,274.1999999999995,swap,notBad
12436,10,274.91999999999996,10,274.1999999999995,move,improve
12437,10,274.91999999999996,10,274.1999999999995,swap,notBad
12438,10,274.91999999999996,10,274.1999999999995,swap,notBad
12439,10,274.91999999999996,10,274.1999999999995,swap,notBad
12440,10,274.91999999999996,10,274.1999999999995,2opt,improve
12441,10,274.91999999999996,10,274.1999999999995,swap,notBad
12442,10,274.91999999999996,10,274.1999999999995,2opt,notBad
12443,10,274.91999999999996,10,274.1999999999995,swap,improve
12444,10,274.91999999999996,10,274.1999999999995,swap,notBad
12445,10,274.91999999999996,10,274.1999999999995,move,improve
12446,10,274.91999999999996,10,274.1999999999995,move,improve
12447,10,274.91999999999996,10,274.1999999999995,move,improve
12448,10,274.91999999999996,10,274.1999999999995,move,improve
12449,10,274.91999999999996,10,274.1999999999995,swap,notBad
12450,10,274.91999999999996,10,274.1999999999995,2opt,improve
12451,10,274.91999999999996,10,274.1999999999995,move,improve
12452,10,274.91999999999996,10,274.1999999999995,2opt,notBad
12453,10,274.91999999999996,10,274.1999999999995,move,improve
12454,10,274.91999999999996,10,274.1999999999995,move,improve
12455,10,274.91999999999996,10,274.1999999999995,swap,notBad
12456,10,274.91999999999996,10,274.1999999999995,2opt,notBad
12457,10,274.91999999999996,10,274.1999999999995,2opt,notBad
12458,10,274.91999999999996,10,274.1999999999995,2opt,notBad
12459,10,274.91999999999996,10,274.1999999999995,move,improve
12460,10,274.91999999999996,10,274.1999999999995,2opt,notBad
12461,10,274.91999999999996,10,274.1999999999995,move,improve
12462,10,274.91999999999996,10,274.1999999999995,2opt,notBad
12463,10,274.91999999999996,10,274.1999999999995,move,improve
12464,10,274.91999999999996,10,274.1999999999995,swap,notBad
12465,10,274.91999999999996,10,274.1999999999995,move,improve
12466,10,274.91999999999996,10,274.1999999999995,move,improve
12467,10,274.91999999999996,10,274.1999999999995,2opt,notBad
12468,10,274.91999999999996,10,274.1999999999995,2opt,improve
12469,10,274.91999999999996,10,274.1999999999995,swap,notBad
12470,10,274.91999999999996,10,274.1999999999995,2opt,notBad
12471,10,274.91999999999996,10,274.1999999999995,move,improve
12472,10,274.91999999999996,10,274.1999999999995,swap,notBad
12473,10,274.91999999999996,10,274.1999999999995,2opt,notBad
12474,10,274.91999999999996,10,274.1999999999995,move,improve
12475,10,274.91999999999996,10,274.1999999999995,swap,notBad
12476,10,274.91999999999996,10,274.1999999999995,move,improve
12477,10,274.91999999999996,10,274.1999999999995,swap,notBad
12478,10,274.91999999999996,10,274.1999999999995,2opt,notBad
12479,10,274.91999999999996,10,274.1999999999995,2opt,notBad
12480,10,274.91999999999996,10,274.1999999999995,swap,notBad
12481,10,274.91999999999996,10,274.1999999999995,2opt,notBad
12482,10,274.91999999999996,10,274.1999999999995,move,improve
12483,10,274.91999999999996,10,274.1999999999995,swap,notBad
12484,10,274.91999999999996,10,274.1999999999995,swap,notBad
12485,10,274.91999999999996,10,274.1999999999995,2opt,improve
12486,10,274.91999999999996,10,274.1999999999995,move,improve
12487,10,274.91999999999996,10,274.1999999999995,move,improve
12488,10,274.91999999999996,10,274.1999999999995,2opt,improve
12489,10,274.91999999999996,10,274.1999999999995,swap,notBad
12490,10,274.91999999999996,10,274.1999999999995,move,improve
12491,10,274.91999999999996,10,274.1999999999995,swap,notBad
12492,10,274.91999999999996,10,274.1999999999995,move,improve
12493,10,274.91999999999996,10,274.1999999999995,2opt,notBad
12494,10,274.91999999999996,10,274.1999999999995,move,improve
12495,10,274.91999999999996,10,274.1999999999995,move,improve
12496,10,274.91999999999996,10,274.1999999999995,swap,notBad
12497,10,274.91999999999996,10,274.1999999999995,2opt,notBad
12498,10,274.91999999999996,10,274.1999999999995,2opt,notBad
12499,10,274.91999999999996,10,274.1999999999995,move,improve
12500,10,274.91999999999996,10,274.1999999999995,move,improve
12501,10,274.91999999999996,10,274.1999999999995,swap,notBad
12502,10,274.91999999999996,10,274.1999999999995,move,improve
12503,10,274.91999999999996,10,274.1999999999995,move,improve
12504,10,274.91999999999996,10,274.1999999999995,2opt,notBad
12505,10,274.91999999999996,10,274.1999999999995,move,improve
12506,10,274.91999999999996,10,274.1999999999995,swap,notBad
12507,10,274.91999999999996,10,274.1999999999995,swap,notBad
12508,10,274.91999999999996,10,274.1999999999995,swap,notBad
12509,10,274.91999999999996,10,274.1999999999995,swap,notBad
12510,10,274.91999999999996,10,274.1999999999995,2opt,notBad
12511,10,274.91999999999996,10,274.1999999999995,swap,notBad
12512,10,274.91999999999996,10,274.1999999999995,2opt,notBad
12513,10,274.96000000000004,10,274.1999999999995,swap,acceptBad
12514,10,274.96000000000004,10,274.1999999999995,swap,notBad
12515,10,274.96000000000004,10,274.1999999999995,swap,notBad
12516,10,274.96000000000004,10,274.1999999999995,swap,notBad
12517,10,274.96000000000004,10,274.1999999999995,swap,notBad
12518,10,274.96000000000004,10,274.1999999999995,2opt,notBad
12519,10,274.96000000000004,10,274.1999999999995,swap,notBad
12520,10,274.96000000000004,10,274.1999999999995,2opt,notBad
12521,10,274.96000000000004,10,274.1999999999995,swap,notBad
12522,10,274.96000000000004,10,274.1999999999995,swap,notBad
12523,10,274.96000000000004,10,274.1999999999995,move,improve
12524,10,274.96000000000004,10,274.1999999999995,2opt,notBad
12525,10,274.96000000000004,10,274.1999999999995,move,improve
12526,10,274.96000000000004,10,274.1999999999995,move,improve
12527,10,274.96000000000004,10,274.1999999999995,2opt,notBad
12528,10,274.96000000000004,10,274.1999999999995,2opt,notBad
12529,10,274.96000000000004,10,274.1999999999995,2opt,improve
12530,10,274.96000000000004,10,274.1999999999995,2opt,notBad
12531,10,274.96000000000004,10,274.1999999999995,2opt,notBad
12532,10,274.96000000000004,10,274.1999999999995,move,improve
12533,10,274.96000000000004,10,274.1999999999995,swap,notBad
12534,10,274.96000000000004,10,274.1999999999995,2opt,notBad
12535,10,274.96000000000004,10,274.1999999999995,2opt,notBad
12536,10,274.96000000000004,10,274.1999999999995,2opt,notBad
12537,10,274.96000000000004,10,274.1999999999995,swap,notBad
12538,10,274.96000000000004,10,274.1999999999995,move,improve
12539,10,274.96000000000004,10,274.1999999999995,swap,notBad
12540,10,274.96000000000004,10,274.1999999999995,move,improve
12541,10,274.96000000000004,10,274.1999999999995,swap,notBad
12542,10,274.96000000000004,10,274.1999999999995,move,improve
12543,10,274.96000000000004,10,274.1999999999995,move,improve
12544,10,274.96000000000004,10,274.1999999999995,move,improve
12545,10,274.96000000000004,10,274.1999999999995,swap,notBad
12546,10,274.96000000000004,10,274.1999999999995,swap,notBad
12547,10,274.96000000000004,10,274.1999999999995,move,improve
12548,10,274.96000000000004,10,274.1999999999995,move,improve
12549,10,274.96000000000004,10,274.1999999999995,swap,notBad
12550,10,274.96000000000004,10,274.1999999999995,swap,notBad
12551,10,274.96000000000004,10,274.1999999999995,move,improve
12552,10,274.96000000000004,10,274.1999999999995,2opt,improve
12553,10,274.96000000000004,10,274.1999999999995,swap,notBad
12554,10,274.96000000000004,10,274.1999999999995,2opt,notBad
12555,10,274.96000000000004,10,274.1999999999995,2opt,notBad
12556,10,274.96000000000004,10,274.1999999999995,move,improve
12557,10,274.96000000000004,10,274.1999999999995,2opt,notBad
12558,10,274.96000000000004,10,274.1999999999995,move,improve
12559,10,274.96000000000004,10,274.1999999999995,move,improve
12560,10,274.96000000000004,10,274.1999999999995,move,improve
12561,10,274.96000000000004,10,274.1999999999995,swap,notBad
12562,10,274.96000000000004,10,274.1999999999995,move,improve
12563,10,274.96000000000004,10,274.1999999999995,move,improve
12564,10,274.96000000000004,10,274.1999999999995,swap,notBad
12565,10,274.96000000000004,10,274.1999999999995,2opt,notBad
12566,10,274.96000000000004,10,274.1999999999995,2opt,improve
12567,10,274.96000000000004,10,274.1999999999995,swap,notBad
12568,10,274.96000000000004,10,274.1999999999995,move,improve
12569,10,274.96000000000004,10,274.1999999999995,2opt,notBad
12570,10,274.96000000000004,10,274.1999999999995,2opt,notBad
12571,10,274.96000000000004,10,274.1999999999995,move,improve
12572,10,274.96000000000004,10,274.1999999999995,2opt,notBad
12573,10,274.96000000000004,10,274.1999999999995,move,improve
12574,10,274.96000000000004,10,274.1999999999995,swap,notBad
12575,10,274.96000000000004,10,274.1999999999995,move,improve
12576,10,274.96000000000004,10,274.1999999999995,move,improve
12577,10,274.96000000000004,10,274.1999999999995,swap,notBad
12578,10,274.96000000000004,10,274.1999999999995,move,improve
12579,10,274.96000000000004,10,274.1999999999995,move,improve
12580,10,274.96000000000004,10,274.1999999999995,swap,notBad
12581,10,274.96000000000004,10,274.1999999999995,2opt,improve
12582,10,274.96000000000004,10,274.1999999999995,swap,notBad
12583,10,274.96000000000004,10,274.1999999999995,2opt,notBad
12584,10,274.96000000000004,10,274.1999999999995,move,improve
12585,10,274.96000000000004,10,274.1999999999995,move,improve
12586,10,274.96000000000004,10,274.1999999999995,move,improve
12587,10,274.96000000000004,10,274.1999999999995,move,improve
12588,10,274.96000000000004,10,274.1999999999995,swap,notBad
12589,10,274.96000000000004,10,274.1999999999995,move,improve
12590,10,274.96000000000004,10,274.1999999999995,swap,notBad
12591,10,274.96000000000004,10,274.1999999999995,move,improve
12592,10,274.96000000000004,10,274.1999999999995,move,improve
12593,10,274.96000000000004,10,274.1999999999995,2opt,notBad
12594,10,274.96000000000004,10,274.1999999999995,move,improve
12595,10,274.96000000000004,10,274.1999999999995,2opt,notBad
12596,10,274.96000000000004,10,274.1999999999995,swap,notBad
12597,10,274.96000000000004,10,274.1999999999995,swap,notBad
12598,10,274.96000000000004,10,274.1999999999995,swap,notBad
12599,10,274.96000000000004,10,274.1999999999995,2opt,notBad
12600,10,274.96000000000004,10,274.1999999999995,move,improve
12601,10,274.96000000000004,10,274.1999999999995,move,improve
12602,10,274.96000000000004,10,274.1999999999995,move,improve
12603,10,274.96000000000004,10,274.1999999999995,2opt,notBad
12604,10,274.96000000000004,10,274.1999999999995,move,improve
12605,10,274.96000000000004,10,274.1999999999995,move,improve
12606,10,274.96000000000004,10,274.1999999999995,swap,notBad
12607,10,274.96000000000004,10,274.1999999999995,swap,notBad
12608,10,274.96000000000004,10,274.1999999999995,move,improve
12609,10,274.96000000000004,10,274.1999999999995,swap,notBad
12610,10,274.96000000000004,10,274.1999999999995,move,improve
12611,10,274.96000000000004,10,274.1999999999995,move,improve
12612,10,274.96000000000004,10,274.1999999999995,move,improve
12613,10,274.96000000000004,10,274.1999999999995,move,improve
12614,10,274.96000000000004,10,274.1999999999995,2opt,notBad
12615,10,274.96000000000004,10,274.1999999999995,2opt,notBad
12616,10,274.96000000000004,10,274.1999999999995,swap,notBad
12617,10,274.96000000000004,10,274.1999999999995,2opt,improve
12618,10,274.96000000000004,10,274.1999999999995,swap,notBad
12619,10,274.96000000000004,10,274.1999999999995,swap,notBad
12620,10,274.96000000000004,10,274.1999999999995,move,improve
12621,10,274.96000000000004,10,274.1999999999995,2opt,notBad
12622,10,274.96000000000004,10,274.1999999999995,2opt,notBad
12623,10,274.96000000000004,10,274.1999999999995,move,improve
12624,10,274.96000000000004,10,274.1999999999995,swap,notBad
12625,10,274.96000000000004,10,274.1999999999995,move,improve
12626,10,274.96000000000004,10,274.1999999999995,move,improve
12627,10,274.96000000000004,10,274.1999999999995,swap,notBad
12628,10,274.96000000000004,10,274.1999999999995,2opt,notBad
12629,10,274.91999999999996,10,274.1999999999995,move,improve
12630,10,274.91999999999996,10,274.1999999999995,2opt,notBad
12631,10,274.91999999999996,10,274.1999999999995,move,improve
12632,10,274.91999999999996,10,274.1999999999995,2opt,improve
12633,10,274.91999999999996,10,274.1999999999995,swap,notBad
12634,10,274.91999999999996,10,274.1999999999995,swap,notBad
12635,10,274.91999999999996,10,274.1999999999995,swap,notBad
12636,10,274.91999999999996,10,274.1999999999995,2opt,notBad
12637,10,274.91999999999996,10,274.1999999999995,2opt,notBad
12638,10,274.91999999999996,10,274.1999999999995,move,improve
12639,10,274.91999999999996,10,274.1999999999995,move,improve
12640,10,274.91999999999996,10,274.1999999999995,move,improve
12641,10,274.91999999999996,10,274.1999999999995,move,improve
12642,10,274.91999999999996,10,274.1999999999995,move,improve
12643,10,274.91999999999996,10,274.1999999999995,move,improve
12644,10,274.91999999999996,10,274.1999999999995,swap,notBad
12645,10,274.91999999999996,10,274.1999999999995,swap,notBad
12646,10,274.91999999999996,10,274.1999999999995,swap,notBad
12647,10,274.91999999999996,10,274.1999999999995,move,improve
12648,10,274.91999999999996,10,274.1999999999995,swap,notBad
12649,10,274.91999999999996,10,274.1999999999995,swap,notBad
12650,10,274.91999999999996,10,274.1999999999995,move,improve
12651,10,274.91999999999996,10,274.1999999999995,swap,notBad
12652,10,274.91999999999996,10,274.1999999999995,swap,notBad
12653,10,274.91999999999996,10,274.1999999999995,move,improve
12654,10,274.91999999999996,10,274.1999999999995,swap,notBad
12655,10,274.91999999999996,10,274.1999999999995,2opt,notBad
12656,10,274.91999999999996,10,274.1999999999995,swap,notBad
12657,10,274.91999999999996,10,274.1999999999995,swap,notBad
12658,10,274.91999999999996,10,274.1999999999995,move,improve
12659,10,274.91999999999996,10,274.1999999999995,swap,notBad
12660,10,274.91999999999996,10,274.1999999999995,swap,notBad
12661,10,274.91999999999996,10,274.1999999999995,2opt,improve
12662,10,274.91999999999996,10,274.1999999999995,swap,notBad
12663,10,274.91999999999996,10,274.1999999999995,move,improve
12664,10,274.91999999999996,10,274.1999999999995,2opt,improve
12665,10,274.91999999999996,10,274.1999999999995,move,improve
12666,10,274.91999999999996,10,274.1999999999995,move,improve
12667,10,274.91999999999996,10,274.1999999999995,swap,notBad
12668,10,274.91999999999996,10,274.1999999999995,swap,notBad
12669,10,274.91999999999996,10,274.1999999999995,2opt,notBad
12670,10,274.91999999999996,10,274.1999999999995,move,improve
12671,10,274.91999999999996,10,274.1999999999995,move,improve
12672,10,274.91999999999996,10,274.1999999999995,2opt,notBad
12673,10,274.91999999999996,10,274.1999999999995,2opt,notBad
12674,10,274.91999999999996,10,274.1999999999995,move,improve
12675,10,274.91999999999996,10,274.1999999999995,2opt,notBad
12676,10,274.91999999999996,10,274.1999999999995,2opt,notBad
12677,10,274.91999999999996,10,274.1999999999995,move,improve
12678,10,274.91999999999996,10,274.1999999999995,swap,notBad
12679,10,274.91999999999996,10,274.1999999999995,move,improve
12680,10,274.91999999999996,10,274.1999999999995,swap,notBad
12681,10,274.91999999999996,10,274.1999999999995,swap,notBad
12682,10,274.91999999999996,10,274.1999999999995,2opt,notBad
12683,10,274.91999999999996,10,274.1999999999995,2opt,notBad
12684,10,274.91999999999996,10,274.1999999999995,swap,notBad
12685,10,274.91999999999996,10,274.1999999999995,2opt,notBad
12686,10,274.91999999999996,10,274.1999999999995,2opt,notBad
12687,10,274.91999999999996,10,274.1999999999995,2opt,improve
12688,10,274.91999999999996,10,274.1999999999995,2opt,notBad
12689,10,274.91999999999996,10,274.1999999999995,2opt,notBad
12690,10,274.91999999999996,10,274.1999999999995,move,improve
12691,10,274.91999999999996,10,274.1999999999995,swap,notBad
12692,10,274.91999999999996,10,274.1999999999995,move,improve
12693,10,274.91999999999996,10,274.1999999999995,2opt,notBad
12694,10,274.91999999999996,10,274.1999999999995,2opt,notBad
12695,10,274.91999999999996,10,274.1999999999995,swap,notBad
12696,10,274.91999999999996,10,274.1999999999995,move,improve
12697,10,274.91999999999996,10,274.1999999999995,move,improve
12698,10,274.91999999999996,10,274.1999999999995,2opt,notBad
12699,10,274.91999999999996,10,274.1999999999995,2opt,improve
12700,10,274.91999999999996,10,274.1999999999995,move,improve
12701,10,274.91999999999996,10,274.1999999999995,2opt,notBad
12702,10,274.91999999999996,10,274.1999999999995,swap,notBad
12703,10,274.91999999999996,10,274.1999999999995,2opt,notBad
12704,10,274.91999999999996,10,274.1999999999995,swap,notBad
12705,10,274.91999999999996,10,274.1999999999995,move,improve
12706,10,274.91999999999996,10,274.1999999999995,2opt,notBad
12707,10,274.91999999999996,10,274.1999999999995,move,improve
12708,10,274.91999999999996,10,274.1999999999995,swap,notBad
12709,10,274.91999999999996,10,274.1999999999995,2opt,notBad
12710,10,274.91999999999996,10,274.1999999999995,move,improve
12711,10,274.91999999999996,10,274.1999999999995,2opt,notBad
12712,10,274.91999999999996,10,274.1999999999995,2opt,notBad
12713,10,274.91999999999996,10,274.1999999999995,move,improve
12714,10,274.91999999999996,10,274.1999999999995,swap,notBad
12715,10,274.91999999999996,10,274.1999999999995,move,improve
12716,10,274.91999999999996,10,274.1999999999995,move,improve
12717,10,274.91999999999996,10,274.1999999999995,swap,notBad
12718,10,274.91999999999996,10,274.1999999999995,move,improve
12719,10,274.91999999999996,10,274.1999999999995,swap,notBad
12720,10,274.91999999999996,10,274.1999999999995,move,improve
12721,10,274.91999999999996,10,274.1999999999995,2opt,improve
12722,10,274.91999999999996,10,274.1999999999995,move,improve
12723,10,274.91999999999996,10,274.1999999999995,move,improve
12724,10,274.91999999999996,10,274.1999999999995,2opt,notBad
12725,10,274.91999999999996,10,274.1999999999995,move,improve
12726,10,274.91999999999996,10,274.1999999999995,2opt,notBad
12727,10,274.91999999999996,10,274.1999999999995,swap,notBad
12728,10,274.91999999999996,10,274.1999999999995,move,improve
12729,10,274.91999999999996,10,274.1999999999995,move,improve
12730,10,274.91999999999996,10,274.1999999999995,2opt,notBad
12731,10,274.91999999999996,10,274.1999999999995,swap,notBad
12732,10,274.91999999999996,10,274.1999999999995,swap,notBad
12733,10,274.91999999999996,10,274.1999999999995,move,improve
12734,10,274.91999999999996,10,274.1999999999995,2opt,notBad
12735,10,274.91999999999996,10,274.1999999999995,2opt,notBad
12736,10,274.91999999999996,10,274.1999999999995,move,improve
12737,10,274.91999999999996,10,274.1999999999995,move,improve
12738,10,274.91999999999996,10,274.1999999999995,2opt,notBad
12739,10,274.95999999999975,10,274.1999999999995,swap,acceptBad
12740,10,274.95999999999975,10,274.1999999999995,move,improve
12741,10,274.95999999999975,10,274.1999999999995,swap,notBad
12742,10,274.95999999999975,10,274.1999999999995,2opt,notBad
12743,10,274.95999999999975,10,274.1999999999995,move,improve
12744,10,274.95999999999975,10,274.1999999999995,move,improve
12745,10,274.95999999999975,10,274.1999999999995,swap,notBad
12746,10,274.95999999999975,10,274.1999999999995,swap,notBad
12747,10,274.95999999999975,10,274.1999999999995,2opt,notBad
12748,10,274.95999999999975,10,274.1999999999995,2opt,notBad
12749,10,274.95999999999975,10,274.1999999999995,swap,notBad
12750,10,274.95999999999975,10,274.1999999999995,move,improve
12751,10,274.95999999999975,10,274.1999999999995,2opt,improve
12752,10,274.95999999999975,10,274.1999999999995,2opt,improve
12753,10,274.95999999999975,10,274.1999999999995,2opt,notBad
12754,10,274.95999999999975,10,274.1999999999995,move,improve
12755,10,274.95999999999975,10,274.1999999999995,swap,notBad
12756,10,274.95999999999975,10,274.1999999999995,2opt,notBad
12757,10,274.95999999999975,10,274.1999999999995,swap,notBad
12758,10,274.95999999999975,10,274.1999999999995,2opt,improve
12759,10,274.95999999999975,10,274.1999999999995,move,improve
12760,10,274.95999999999975,10,274.1999999999995,swap,notBad
12761,10,274.95999999999975,10,274.1999999999995,2opt,notBad
12762,10,274.95999999999975,10,274.1999999999995,move,improve
12763,10,274.95999999999975,10,274.1999999999995,2opt,notBad
12764,10,274.9599999999996,10,274.1999999999995,move,improve
12765,10,274.9599999999996,10,274.1999999999995,move,improve
12766,10,274.9599999999996,10,274.1999999999995,2opt,notBad
12767,10,274.9599999999996,10,274.1999999999995,move,improve
12768,10,274.9599999999996,10,274.1999999999995,2opt,notBad
12769,10,274.9599999999996,10,274.1999999999995,swap,notBad
12770,10,274.9599999999996,10,274.1999999999995,swap,notBad
12771,10,274.9599999999995,10,274.1999999999995,move,improve
12772,10,274.9599999999995,10,274.1999999999995,2opt,notBad
12773,10,274.9599999999995,10,274.1999999999995,move,improve
12774,10,274.9599999999995,10,274.1999999999995,swap,notBad
12775,10,274.9599999999995,10,274.1999999999995,2opt,notBad
12776,10,274.9599999999995,10,274.1999999999995,2opt,notBad
12777,10,274.9599999999995,10,274.1999999999995,2opt,improve
12778,10,274.9599999999995,10,274.1999999999995,swap,notBad
12779,10,274.9599999999995,10,274.1999999999995,move,improve
12780,10,274.9599999999995,10,274.1999999999995,2opt,improve
12781,10,274.9599999999995,10,274.1999999999995,2opt,improve
12782,10,274.9599999999995,10,274.1999999999995,2opt,notBad
12783,10,274.9599999999995,10,274.1999999999995,2opt,notBad
12784,10,274.9599999999995,10,274.1999999999995,move,improve
12785,10,274.9599999999995,10,274.1999999999995,swap,notBad
12786,10,274.9599999999995,10,274.1999999999995,swap,notBad
12787,10,274.9599999999995,10,274.1999999999995,move,improve
12788,10,274.9599999999995,10,274.1999999999995,move,improve
12789,10,274.9599999999995,10,274.1999999999995,move,improve
12790,10,274.9599999999995,10,274.1999999999995,move,improve
12791,10,274.9599999999995,10,274.1999999999995,move,improve
12792,10,274.9599999999995,10,274.1999999999995,move,improve
12793,10,274.9599999999995,10,274.1999999999995,move,improve
12794,10,274.9599999999995,10,274.1999999999995,swap,notBad
12795,10,274.9599999999995,10,274.1999999999995,2opt,notBad
12796,10,274.9599999999995,10,274.1999999999995,move,improve
12797,10,274.9599999999995,10,274.1999999999995,swap,notBad
12798,10,274.9599999999995,10,274.1999999999995,swap,notBad
12799,10,274.9599999999995,10,274.1999999999995,swap,notBad
12800,10,274.9599999999995,10,274.1999999999995,move,improve
12801,10,274.9599999999995,10,274.1999999999995,swap,notBad
12802,10,274.9599999999995,10,274.1999999999995,move,improve
12803,10,274.9599999999995,10,274.1999999999995,move,improve
12804,10,274.9599999999995,10,274.1999999999995,2opt,notBad
12805,10,274.9599999999995,10,274.1999999999995,swap,notBad
12806,10,274.9599999999995,10,274.1999999999995,2opt,notBad
12807,10,274.9599999999995,10,274.1999999999995,move,improve
12808,10,274.9599999999995,10,274.1999999999995,move,improve
12809,10,274.9599999999995,10,274.1999999999995,2opt,notBad
12810,10,274.9599999999995,10,274.1999999999995,swap,notBad
12811,10,274.9599999999995,10,274.1999999999995,2opt,notBad
12812,10,274.9599999999995,10,274.1999999999995,swap,notBad
12813,10,274.9599999999995,10,274.1999999999995,2opt,notBad
12814,10,274.9599999999995,10,274.1999999999995,swap,notBad
12815,10,274.9599999999995,10,274.1999999999995,swap,notBad
12816,10,274.9599999999995,10,274.1999999999995,swap,notBad
12817,10,274.9599999999995,10,274.1999999999995,2opt,notBad
12818,10,274.9599999999995,10,274.1999999999995,2opt,notBad
12819,10,274.9599999999995,10,274.1999999999995,swap,notBad
12820,10,274.9599999999995,10,274.1999999999995,2opt,notBad
12821,10,274.9599999999995,10,274.1999999999995,2opt,notBad
12822,10,274.9599999999995,10,274.1999999999995,move,improve
12823,10,274.9599999999995,10,274.1999999999995,swap,notBad
12824,10,274.9599999999995,10,274.1999999999995,move,improve
12825,10,274.9599999999995,10,274.1999999999995,2opt,notBad
12826,10,274.63999999999953,10,274.1999999999995,move,improve
12827,10,274.63999999999953,10,274.1999999999995,move,improve
12828,10,274.63999999999953,10,274.1999999999995,swap,notBad
12829,10,274.63999999999953,10,274.1999999999995,move,improve
12830,10,274.63999999999953,10,274.1999999999995,2opt,notBad
12831,10,274.63999999999953,10,274.1999999999995,2opt,notBad
12832,10,274.63999999999953,10,274.1999999999995,swap,notBad
12833,10,274.9599999999995,10,274.1999999999995,swap,acceptBad
12834,10,274.9599999999995,10,274.1999999999995,move,improve
12835,10,274.9599999999995,10,274.1999999999995,2opt,notBad
12836,10,274.9599999999995,10,274.1999999999995,swap,notBad
12837,10,274.9599999999995,10,274.1999999999995,move,improve
12838,10,274.9599999999995,10,274.1999999999995,move,improve
12839,10,274.9599999999995,10,274.1999999999995,move,improve
12840,10,274.9599999999995,10,274.1999999999995,swap,notBad
12841,10,274.9599999999995,10,274.1999999999995,move,improve
12842,10,274.9599999999995,10,274.1999999999995,2opt,notBad
12843,10,274.9599999999995,10,274.1999999999995,swap,notBad
12844,10,274.9599999999995,10,274.1999999999995,2opt,notBad
12845,10,274.9599999999995,10,274.1999999999995,swap,notBad
12846,10,274.9599999999995,10,274.1999999999995,move,improve
12847,10,274.9599999999995,10,274.1999999999995,move,improve
12848,10,274.63999999999953,10,274.1999999999995,move,improve
12849,10,274.63999999999953,10,274.1999999999995,move,improve
12850,10,274.63999999999953,10,274.1999999999995,2opt,notBad
12851,10,274.63999999999953,10,274.1999999999995,2opt,notBad
12852,10,274.63999999999953,10,274.1999999999995,2opt,notBad
12853,10,274.63999999999953,10,274.1999999999995,swap,notBad
12854,10,274.63999999999953,10,274.1999999999995,2opt,notBad
12855,10,274.63999999999953,10,274.1999999999995,move,improve
12856,10,274.63999999999953,10,274.1999999999995,swap,notBad
12857,10,274.63999999999953,10,274.1999999999995,2opt,notBad
12858,10,274.63999999999953,10,274.1999999999995,swap,notBad
12859,10,274.63999999999976,10,274.1999999999995,swap,acceptBad
12860,10,274.63999999999976,10,274.1999999999995,2opt,notBad
12861,10,274.63999999999976,10,274.1999999999995,2opt,notBad
12862,10,274.63999999999976,10,274.1999999999995,swap,notBad
12863,10,274.63999999999976,10,274.1999999999995,2opt,notBad
12864,10,274.63999999999976,10,274.1999999999995,swap,notBad
12865,10,274.63999999999976,10,274.1999999999995,swap,notBad
12866,10,274.63999999999976,10,274.1999999999995,2opt,notBad
12867,10,274.63999999999976,10,274.1999999999995,2opt,notBad
12868,10,274.63999999999976,10,274.1999999999995,2opt,notBad
12869,10,274.63999999999976,10,274.1999999999995,2opt,notBad
12870,10,274.63999999999976,10,274.1999999999995,2opt,improve
12871,10,274.63999999999976,10,274.1999999999995,2opt,notBad
12872,10,274.63999999999976,10,274.1999999999995,2opt,notBad
12873,10,274.63999999999976,10,274.1999999999995,move,improve
12874,10,274.63999999999976,10,274.1999999999995,2opt,notBad
12875,10,274.63999999999976,10,274.1999999999995,swap,notBad
12876,10,274.63999999999976,10,274.1999999999995,move,improve
12877,10,274.63999999999976,10,274.1999999999995,2opt,notBad
12878,10,274.63999999999953,10,274.1999999999995,move,improve
12879,10,274.63999999999953,10,274.1999999999995,move,improve
12880,10,274.63999999999953,10,274.1999999999995,swap,notBad
12881,10,274.63999999999953,10,274.1999999999995,swap,notBad
12882,10,274.63999999999953,10,274.1999999999995,2opt,notBad
12883,10,274.63999999999953,10,274.1999999999995,swap,notBad
12884,10,274.63999999999953,10,274.1999999999995,swap,notBad
12885,10,274.63999999999953,10,274.1999999999995,move,improve
12886,10,274.63999999999953,10,274.1999999999995,swap,notBad
12887,10,274.63999999999953,10,274.1999999999995,move,improve
12888,10,274.63999999999953,10,274.1999999999995,swap,notBad
12889,10,274.63999999999953,10,274.1999999999995,move,improve
12890,10,274.63999999999953,10,274.1999999999995,swap,notBad
12891,10,274.63999999999953,10,274.1999999999995,swap,notBad
12892,10,274.63999999999953,10,274.1999999999995,move,improve
12893,10,274.63999999999953,10,274.1999999999995,swap,notBad
12894,10,274.63999999999953,10,274.1999999999995,move,improve
12895,10,274.63999999999953,10,274.1999999999995,move,improve
12896,10,274.63999999999953,10,274.1999999999995,2opt,notBad
12897,10,274.63999999999953,10,274.1999999999995,move,improve
12898,10,274.63999999999953,10,274.1999999999995,move,improve
12899,10,274.63999999999953,10,274.1999999999995,swap,notBad
12900,10,274.8399999999998,10,274.1999999999995,swap,acceptBad
12901,10,274.8399999999998,10,274.1999999999995,move,improve
12902,10,274.8399999999998,10,274.1999999999995,move,improve
12903,10,274.8399999999998,10,274.1999999999995,move,improve
12904,10,274.8399999999998,10,274.1999999999995,swap,notBad
12905,10,274.8399999999998,10,274.1999999999995,2opt,notBad
12906,10,274.8399999999998,10,274.1999999999995,move,improve
12907,10,274.8399999999998,10,274.1999999999995,swap,notBad
12908,10,274.8399999999998,10,274.1999999999995,move,improve
12909,10,274.8399999999998,10,274.1999999999995,move,improve
12910,10,274.8399999999998,10,274.1999999999995,2opt,notBad
12911,10,274.8399999999998,10,274.1999999999995,2opt,notBad
12912,10,274.8399999999998,10,274.1999999999995,2opt,notBad
12913,10,274.8399999999998,10,274.1999999999995,move,improve
12914,10,274.8399999999998,10,274.1999999999995,swap,notBad
12915,10,274.8399999999998,10,274.1999999999995,2opt,notBad
12916,10,274.8399999999998,10,274.1999999999995,move,improve
12917,10,274.8399999999998,10,274.1999999999995,swap,notBad
12918,10,274.8399999999998,10,274.1999999999995,2opt,notBad
12919,10,274.8399999999998,10,274.1999999999995,swap,notBad
12920,10,274.8399999999998,10,274.1999999999995,swap,notBad
12921,10,274.8399999999998,10,274.1999999999995,2opt,notBad
12922,10,274.8399999999998,10,274.1999999999995,2opt,notBad
12923,10,274.8399999999998,10,274.1999999999995,move,improve
12924,10,274.8399999999998,10,274.1999999999995,swap,notBad
12925,10,274.63999999999953,10,274.1999999999995,move,improve
12926,10,274.63999999999953,10,274.1999999999995,2opt,notBad
12927,10,274.63999999999953,10,274.1999999999995,2opt,improve
12928,10,274.63999999999953,10,274.1999999999995,swap,notBad
12929,10,274.63999999999953,10,274.1999999999995,swap,notBad
12930,10,274.63999999999953,10,274.1999999999995,move,improve
12931,10,274.63999999999953,10,274.1999999999995,2opt,notBad
12932,10,274.63999999999953,10,274.1999999999995,2opt,notBad
12933,10,274.63999999999953,10,274.1999999999995,move,improve
12934,10,274.63999999999953,10,274.1999999999995,swap,notBad
12935,10,274.63999999999953,10,274.1999999999995,2opt,notBad
12936,10,274.63999999999953,10,274.1999999999995,2opt,notBad
12937,10,274.63999999999953,10,274.1999999999995,2opt,notBad
12938,10,274.63999999999953,10,274.1999999999995,move,improve
12939,10,274.63999999999953,10,274.1999999999995,2opt,notBad
12940,10,274.63999999999953,10,274.1999999999995,move,improve
12941,10,274.63999999999953,10,274.1999999999995,2opt,notBad
12942,10,274.63999999999953,10,274.1999999999995,2opt,notBad
12943,10,274.63999999999953,10,274.1999999999995,2opt,notBad
12944,10,274.63999999999953,10,274.1999999999995,swap,notBad
12945,10,274.63999999999953,10,274.1999999999995,swap,notBad
12946,10,274.63999999999953,10,274.1999999999995,swap,notBad
12947,10,274.63999999999953,10,274.1999999999995,2opt,notBad
12948,10,274.63999999999953,10,274.1999999999995,2opt,notBad
12949,10,274.63999999999953,10,274.1999999999995,swap,notBad
12950,10,274.63999999999953,10,274.1999999999995,move,improve
12951,10,274.63999999999953,10,274.1999999999995,move,improve
12952,10,274.63999999999953,10,274.1999999999995,2opt,notBad
12953,10,274.63999999999953,10,274.1999999999995,move,improve
12954,10,274.63999999999953,10,274.1999999999995,move,improve
12955,10,274.63999999999953,10,274.1999999999995,2opt,improve
12956,10,274.63999999999953,10,274.1999999999995,2opt,notBad
12957,10,274.63999999999953,10,274.1999999999995,move,improve
12958,10,274.63999999999953,10,274.1999999999995,swap,notBad
12959,10,274.63999999999953,10,274.1999999999995,move,improve
12960,10,274.63999999999953,10,274.1999999999995,swap,notBad
12961,10,274.63999999999953,10,274.1999999999995,swap,notBad
12962,10,274.63999999999953,10,274.1999999999995,swap,notBad
12963,10,274.63999999999953,10,274.1999999999995,swap,notBad
12964,10,274.63999999999953,10,274.1999999999995,move,improve
12965,10,274.63999999999953,10,274.1999999999995,move,improve
12966,10,274.63999999999953,10,274.1999999999995,move,improve
12967,10,274.63999999999953,10,274.1999999999995,swap,notBad
12968,10,274.63999999999953,10,274.1999999999995,swap,notBad
12969,10,274.63999999999953,10,274.1999999999995,move,improve
12970,10,274.63999999999953,10,274.1999999999995,2opt,notBad
12971,10,274.63999999999953,10,274.1999999999995,2opt,notBad
12972,10,274.63999999999953,10,274.1999999999995,move,improve
12973,10,274.63999999999953,10,274.1999999999995,2opt,notBad
12974,10,274.63999999999953,10,274.1999999999995,2opt,notBad
12975,10,274.63999999999953,10,274.1999999999995,swap,notBad
12976,10,274.63999999999953,10,274.1999999999995,move,improve
12977,10,274.63999999999953,10,274.1999999999995,move,improve
12978,10,274.63999999999953,10,274.1999999999995,swap,notBad
12979,10,274.63999999999953,10,274.1999999999995,move,improve
12980,10,274.63999999999953,10,274.1999999999995,move,improve
12981,10,274.63999999999953,10,274.1999999999995,2opt,notBad
12982,10,274.63999999999953,10,274.1999999999995,swap,notBad
12983,10,274.63999999999953,10,274.1999999999995,move,improve
12984,10,274.63999999999953,10,274.1999999999995,move,improve
12985,10,274.63999999999953,10,274.1999999999995,2opt,notBad
12986,10,274.63999999999953,10,274.1999999999995,swap,notBad
12987,10,274.63999999999953,10,274.1999999999995,move,improve
12988,10,274.63999999999953,10,274.1999999999995,swap,notBad
12989,10,274.63999999999953,10,274.1999999999995,move,improve
12990,10,274.63999999999953,10,274.1999999999995,swap,notBad
12991,10,274.63999999999953,10,274.1999999999995,2opt,notBad
12992,10,274.63999999999953,10,274.1999999999995,2opt,improve
12993,10,274.63999999999953,10,274.1999999999995,2opt,notBad
12994,10,274.63999999999953,10,274.1999999999995,swap,notBad
12995,10,274.63999999999953,10,274.1999999999995,swap,notBad
12996,10,274.63999999999953,10,274.1999999999995,2opt,notBad
12997,10,274.63999999999953,10,274.1999999999995,swap,notBad
12998,10,274.63999999999953,10,274.1999999999995,move,improve
12999,10,274.63999999999953,10,274.1999999999995,2opt,notBad
13000,10,274.63999999999953,10,274.1999999999995,move,improve
13001,10,274.63999999999953,10,274.1999999999995,swap,notBad
13002,10,274.63999999999953,10,274.1999999999995,2opt,notBad
13003,10,274.63999999999953,10,274.1999999999995,move,improve
13004,10,274.63999999999953,10,274.1999999999995,move,improve
13005,10,274.6399999999996,10,274.1999999999995,swap,acceptBad
13006,10,274.6399999999996,10,274.1999999999995,swap,notBad
13007,10,274.6399999999996,10,274.1999999999995,2opt,notBad
13008,10,274.6399999999996,10,274.1999999999995,swap,notBad
13009,10,274.6399999999996,10,274.1999999999995,swap,notBad
13010,10,274.6399999999996,10,274.1999999999995,move,improve
13011,10,274.6399999999996,10,274.1999999999995,move,improve
13012,10,274.6399999999996,10,274.1999999999995,swap,notBad
13013,10,274.6399999999996,10,274.1999999999995,swap,notBad
13014,10,274.6399999999996,10,274.1999999999995,move,improve
13015,10,274.6399999999996,10,274.1999999999995,move,improve
13016,10,274.6399999999996,10,274.1999999999995,move,improve
13017,10,274.6399999999996,10,274.1999999999995,2opt,notBad
13018,10,274.6399999999996,10,274.1999999999995,2opt,notBad
13019,10,274.6399999999996,10,274.1999999999995,2opt,notBad
13020,10,274.6399999999996,10,274.1999999999995,move,improve
13021,10,274.6399999999996,10,274.1999999999995,swap,notBad
13022,10,274.6399999999996,10,274.1999999999995,2opt,notBad
13023,10,274.6399999999996,10,274.1999999999995,swap,notBad
13024,10,274.6399999999996,10,274.1999999999995,2opt,notBad
13025,10,274.6399999999996,10,274.1999999999995,move,improve
13026,10,274.6399999999996,10,274.1999999999995,move,improve
13027,10,274.6399999999996,10,274.1999999999995,move,improve
13028,10,274.6399999999996,10,274.1999999999995,2opt,notBad
13029,10,274.6399999999996,10,274.1999999999995,2opt,notBad
13030,10,274.6399999999996,10,274.1999999999995,move,notBad
13031,10,274.6399999999996,10,274.1999999999995,move,improve
13032,10,274.6399999999996,10,274.1999999999995,swap,notBad
13033,10,274.6399999999996,10,274.1999999999995,swap,notBad
13034,10,274.6399999999996,10,274.1999999999995,move,improve
13035,10,274.6399999999996,10,274.1999999999995,move,improve
13036,10,274.6399999999996,10,274.1999999999995,2opt,notBad
13037,10,274.6399999999996,10,274.1999999999995,swap,notBad
13038,10,274.6399999999996,10,274.1999999999995,2opt,notBad
13039,10,274.6399999999996,10,274.1999999999995,swap,notBad
13040,10,274.6399999999996,10,274.1999999999995,2opt,notBad
13041,10,274.6399999999996,10,274.1999999999995,2opt,notBad
13042,10,274.6399999999996,10,274.1999999999995,swap,notBad
13043,10,274.6399999999996,10,274.1999999999995,swap,notBad
13044,10,274.6399999999996,10,274.1999999999995,swap,notBad
13045,10,274.6399999999996,10,274.1999999999995,move,improve
13046,10,274.6399999999996,10,274.1999999999995,2opt,improve
13047,10,274.6399999999996,10,274.1999999999995,move,improve
13048,10,274.6399999999996,10,274.1999999999995,move,improve
13049,10,274.6399999999996,10,274.1999999999995,2opt,notBad
13050,10,274.6399999999996,10,274.1999999999995,move,improve
13051,10,274.6399999999996,10,274.1999999999995,move,improve
13052,10,274.6399999999996,10,274.1999999999995,move,improve
13053,10,274.6399999999996,10,274.1999999999995,2opt,notBad
13054,10,274.6399999999996,10,274.1999999999995,swap,notBad
13055,10,274.6399999999996,10,274.1999999999995,2opt,notBad
13056,10,274.6399999999996,10,274.1999999999995,move,improve
13057,10,274.6399999999996,10,274.1999999999995,2opt,notBad
13058,10,274.6399999999996,10,274.1999999999995,swap,notBad
13059,10,274.6399999999996,10,274.1999999999995,swap,notBad
13060,10,274.6399999999996,10,274.1999999999995,swap,notBad
13061,10,274.6399999999996,10,274.1999999999995,2opt,notBad
13062,10,274.6399999999996,10,274.1999999999995,move,improve
13063,10,274.6399999999996,10,274.1999999999995,move,improve
13064,10,274.6399999999996,10,274.1999999999995,2opt,notBad
13065,10,274.6399999999996,10,274.1999999999995,swap,notBad
13066,10,274.6399999999996,10,274.1999999999995,swap,notBad
13067,10,274.6399999999996,10,274.1999999999995,move,improve
13068,10,274.6399999999996,10,274.1999999999995,move,improve
13069,10,274.6399999999996,10,274.1999999999995,move,improve
13070,10,274.6399999999996,10,274.1999999999995,move,improve
13071,10,274.6399999999996,10,274.1999999999995,swap,notBad
13072,10,274.9599999999996,10,274.1999999999995,swap,acceptBad
13073,10,274.9599999999996,10,274.1999999999995,2opt,notBad
13074,10,274.9599999999996,10,274.1999999999995,move,improve
13075,10,274.9599999999996,10,274.1999999999995,move,improve
13076,10,274.9599999999996,10,274.1999999999995,2opt,notBad
13077,10,274.9599999999996,10,274.1999999999995,move,improve
13078,10,274.9599999999996,10,274.1999999999995,2opt,notBad
13079,10,274.9599999999996,10,274.1999999999995,move,improve
13080,10,274.9599999999996,10,274.1999999999995,move,improve
13081,10,274.9599999999996,10,274.1999999999995,2opt,improve
13082,10,274.9599999999996,10,274.1999999999995,swap,notBad
13083,10,274.9599999999996,10,274.1999999999995,move,improve
13084,10,274.9599999999996,10,274.1999999999995,2opt,notBad
13085,10,274.9599999999996,10,274.1999999999995,move,improve
13086,10,274.9599999999996,10,274.1999999999995,swap,notBad
13087,10,274.9599999999996,10,274.1999999999995,swap,notBad
13088,10,274.9599999999996,10,274.1999999999995,swap,notBad
13089,10,274.9599999999996,10,274.1999999999995,swap,notBad
13090,10,274.9599999999996,10,274.1999999999995,move,improve
13091,10,274.9599999999996,10,274.1999999999995,move,improve
13092,10,274.9599999999996,10,274.1999999999995,swap,notBad
13093,10,274.9599999999996,10,274.1999999999995,move,improve
13094,10,274.9599999999996,10,274.1999999999995,2opt,notBad
13095,10,274.9599999999996,10,274.1999999999995,2opt,notBad
13096,10,274.9599999999996,10,274.1999999999995,move,improve
13097,10,274.9599999999996,10,274.1999999999995,move,improve
13098,10,274.9599999999996,10,274.1999999999995,2opt,notBad
13099,10,274.9599999999996,10,274.1999999999995,2opt,improve
13100,10,274.9599999999996,10,274.1999999999995,2opt,notBad
13101,10,274.9599999999996,10,274.1999999999995,swap,notBad
13102,10,274.9599999999996,10,274.1999999999995,2opt,notBad
13103,10,274.9599999999996,10,274.1999999999995,2opt,notBad
13104,10,274.9599999999996,10,274.1999999999995,2opt,improve
13105,10,274.9599999999996,10,274.1999999999995,swap,notBad
13106,10,274.9599999999996,10,274.1999999999995,2opt,notBad
13107,10,274.9599999999996,10,274.1999999999995,swap,notBad
13108,10,274.9599999999996,10,274.1999999999995,move,notBad
13109,10,274.9599999999996,10,274.1999999999995,2opt,notBad
13110,10,274.9599999999996,10,274.1999999999995,2opt,notBad
13111,10,274.9599999999996,10,274.1999999999995,move,improve
13112,10,274.9599999999996,10,274.1999999999995,2opt,notBad
13113,10,274.9599999999996,10,274.1999999999995,swap,notBad
13114,10,274.9599999999996,10,274.1999999999995,2opt,notBad
13115,10,274.9599999999996,10,274.1999999999995,swap,notBad
13116,10,274.9599999999996,10,274.1999999999995,swap,notBad
13117,10,274.9599999999996,10,274.1999999999995,2opt,notBad
13118,10,274.9599999999996,10,274.1999999999995,move,improve
13119,10,274.9599999999996,10,274.1999999999995,move,improve
13120,10,274.9599999999996,10,274.1999999999995,move,improve
13121,10,274.9599999999996,10,274.1999999999995,2opt,notBad
13122,10,274.9599999999996,10,274.1999999999995,swap,notBad
13123,10,274.9599999999996,10,274.1999999999995,2opt,improve
13124,10,274.9599999999996,10,274.1999999999995,move,improve
13125,10,274.9599999999996,10,274.1999999999995,2opt,notBad
13126,10,274.9599999999996,10,274.1999999999995,2opt,notBad
13127,10,274.9599999999996,10,274.1999999999995,2opt,improve
13128,10,274.9599999999996,10,274.1999999999995,2opt,notBad
13129,10,274.9599999999996,10,274.1999999999995,2opt,notBad
13130,10,274.9599999999996,10,274.1999999999995,swap,notBad
13131,10,274.9599999999996,10,274.1999999999995,move,improve
13132,10,274.9599999999996,10,274.1999999999995,2opt,improve
13133,10,274.9599999999996,10,274.1999999999995,move,improve
13134,10,274.9599999999996,10,274.1999999999995,swap,improve
13135,10,274.9599999999996,10,274.1999999999995,move,improve
13136,10,274.9599999999996,10,274.1999999999995,2opt,notBad
13137,10,274.9599999999996,10,274.1999999999995,move,improve
13138,10,274.9599999999996,10,274.1999999999995,2opt,notBad
13139,10,274.9599999999996,10,274.1999999999995,2opt,improve
13140,10,274.9599999999996,10,274.1999999999995,2opt,notBad
13141,10,274.9599999999996,10,274.1999999999995,2opt,notBad
13142,10,274.9599999999996,10,274.1999999999995,2opt,notBad
13143,10,274.9599999999996,10,274.1999999999995,2opt,notBad
13144,10,274.9599999999996,10,274.1999999999995,move,improve
13145,10,274.9599999999996,10,274.1999999999995,move,improve
13146,10,274.9599999999996,10,274.1999999999995,move,improve
13147,10,274.9599999999996,10,274.1999999999995,2opt,notBad
13148,10,274.9599999999996,10,274.1999999999995,2opt,notBad
13149,10,275.1799999999996,10,274.1999999999995,swap,acceptBad
13150,10,275.1799999999996,10,274.1999999999995,move,improve
13151,10,275.1799999999996,10,274.1999999999995,2opt,notBad
13152,10,275.1799999999996,10,274.1999999999995,2opt,notBad
13153,10,275.1799999999996,10,274.1999999999995,swap,notBad
13154,10,275.1799999999996,10,274.1999999999995,2opt,notBad
13155,10,275.1799999999996,10,274.1999999999995,move,improve
13156,10,275.1799999999996,10,274.1999999999995,swap,notBad
13157,10,275.1799999999996,10,274.1999999999995,swap,notBad
13158,10,275.1799999999996,10,274.1999999999995,move,improve
13159,10,275.1799999999996,10,274.1999999999995,2opt,notBad
13160,10,275.1799999999996,10,274.1999999999995,swap,notBad
13161,10,275.1799999999996,10,274.1999999999995,move,improve
13162,10,275.1799999999996,10,274.1999999999995,2opt,improve
13163,10,275.1799999999996,10,274.1999999999995,move,improve
13164,10,275.1799999999996,10,274.1999999999995,swap,notBad
13165,10,275.1799999999996,10,274.1999999999995,2opt,notBad
13166,10,275.1799999999996,10,274.1999999999995,move,improve
13167,10,275.1799999999996,10,274.1999999999995,2opt,improve
13168,10,275.1799999999996,10,274.1999999999995,swap,notBad
13169,10,275.1799999999996,10,274.1999999999995,swap,notBad
13170,10,275.1799999999996,10,274.1999999999995,swap,notBad
13171,10,275.1799999999996,10,274.1999999999995,swap,notBad
13172,10,275.37999999999977,10,274.1999999999995,swap,acceptBad
13173,10,275.37999999999977,10,274.1999999999995,move,improve
13174,10,275.37999999999977,10,274.1999999999995,swap,notBad
13175,10,275.37999999999977,10,274.1999999999995,swap,notBad
13176,10,275.37999999999977,10,274.1999999999995,2opt,notBad
13177,10,275.05999999999983,10,274.1999999999995,move,improve
13178,10,275.05999999999983,10,274.1999999999995,move,improve
13179,10,275.05999999999983,10,274.1999999999995,move,improve
13180,10,275.05999999999983,10,274.1999999999995,swap,notBad
13181,10,275.05999999999983,10,274.1999999999995,swap,notBad
13182,10,275.05999999999983,10,274.1999999999995,2opt,notBad
13183,10,275.05999999999983,10,274.1999999999995,move,improve
13184,10,275.05999999999983,10,274.1999999999995,move,notBad
13185,10,275.0399999999998,10,274.1999999999995,move,improve
13186,10,275.0399999999998,10,274.1999999999995,swap,notBad
13187,10,275.0399999999998,10,274.1999999999995,swap,notBad
13188,10,275.0399999999998,10,274.1999999999995,move,improve
13189,10,274.5999999999997,10,274.1999999999995,swap,improve
13190,10,274.5999999999997,10,274.1999999999995,move,improve
13191,10,274.5999999999997,10,274.1999999999995,2opt,notBad
13192,10,274.5999999999997,10,274.1999999999995,swap,notBad
13193,10,274.5999999999997,10,274.1999999999995,2opt,notBad
13194,10,274.5999999999997,10,274.1999999999995,move,improve
13195,10,274.5999999999997,10,274.1999999999995,swap,notBad
13196,10,274.5999999999997,10,274.1999999999995,move,improve
13197,10,274.5999999999997,10,274.1999999999995,move,improve
13198,10,274.5999999999997,10,274.1999999999995,move,improve
13199,10,274.5999999999997,10,274.1999999999995,2opt,notBad
13200,10,274.5999999999997,10,274.1999999999995,move,improve
13201,10,274.5999999999997,10,274.1999999999995,2opt,notBad
13202,10,274.5999999999997,10,274.1999999999995,swap,notBad
13203,10,274.5999999999997,10,274.1999999999995,swap,improve
13204,10,274.5999999999997,10,274.1999999999995,2opt,notBad
13205,10,274.5999999999997,10,274.1999999999995,2opt,notBad
13206,10,274.5999999999997,10,274.1999999999995,2opt,notBad
13207,10,274.5999999999997,10,274.1999999999995,2opt,notBad
13208,10,274.5999999999997,10,274.1999999999995,2opt,notBad
13209,10,274.5999999999997,10,274.1999999999995,move,improve
13210,10,274.5999999999997,10,274.1999999999995,move,improve
13211,10,274.5999999999997,10,274.1999999999995,2opt,notBad
13212,10,274.5999999999997,10,274.1999999999995,2opt,notBad
13213,10,274.5999999999997,10,274.1999999999995,move,improve
13214,10,274.5999999999997,10,274.1999999999995,move,improve
13215,10,274.5999999999997,10,274.1999999999995,move,improve
13216,10,274.5999999999997,10,274.1999999999995,swap,notBad
13217,10,274.5999999999997,10,274.1999999999995,move,improve
13218,10,274.5999999999997,10,274.1999999999995,swap,notBad
13219,10,274.5999999999997,10,274.1999999999995,swap,notBad
13220,10,274.5999999999997,10,274.1999999999995,2opt,notBad
13221,10,274.5999999999997,10,274.1999999999995,2opt,notBad
13222,10,274.5999999999997,10,274.1999999999995,move,improve
13223,10,274.5999999999997,10,274.1999999999995,move,improve
13224,10,274.5999999999997,10,274.1999999999995,2opt,notBad
13225,10,274.5999999999997,10,274.1999999999995,2opt,notBad
13226,10,274.5999999999997,10,274.1999999999995,swap,notBad
13227,10,274.5999999999997,10,274.1999999999995,swap,notBad
13228,10,274.5999999999997,10,274.1999999999995,2opt,notBad
13229,10,274.5999999999997,10,274.1999999999995,move,improve
13230,10,274.5999999999997,10,274.1999999999995,move,improve
13231,10,274.5999999999997,10,274.1999999999995,2opt,notBad
13232,10,274.5999999999997,10,274.1999999999995,2opt,improve
13233,10,274.5999999999997,10,274.1999999999995,move,improve
13234,10,274.5999999999997,10,274.1999999999995,swap,notBad
13235,10,274.5999999999997,10,274.1999999999995,2opt,notBad
13236,10,274.5999999999997,10,274.1999999999995,2opt,notBad
13237,10,274.5999999999997,10,274.1999999999995,swap,notBad
13238,10,274.5999999999997,10,274.1999999999995,move,improve
13239,10,274.3999999999994,10,274.1999999999995,move,improve
13240,10,274.3999999999994,10,274.1999999999995,2opt,improve
13241,10,274.3999999999994,10,274.1999999999995,move,improve
13242,10,274.3999999999994,10,274.1999999999995,move,improve
13243,10,274.3999999999994,10,274.1999999999995,2opt,notBad
13244,10,274.3999999999994,10,274.1999999999995,2opt,notBad
13245,10,274.3999999999994,10,274.1999999999995,move,improve
13246,10,274.3999999999994,10,274.1999999999995,swap,notBad
13247,10,274.3999999999994,10,274.1999999999995,move,improve
13248,10,274.3999999999994,10,274.1999999999995,swap,notBad
13249,10,274.3999999999994,10,274.1999999999995,move,improve
13250,10,274.3999999999994,10,274.1999999999995,2opt,notBad
13251,10,274.3999999999994,10,274.1999999999995,move,improve
13252,10,274.3999999999994,10,274.1999999999995,2opt,notBad
13253,10,274.3999999999994,10,274.1999999999995,2opt,notBad
13254,10,274.3999999999994,10,274.1999999999995,move,notBad
13255,10,274.3999999999994,10,274.1999999999995,2opt,notBad
13256,10,274.3999999999994,10,274.1999999999995,2opt,notBad
13257,10,274.3999999999994,10,274.1999999999995,move,improve
13258,10,274.3999999999994,10,274.1999999999995,swap,notBad
13259,10,274.3999999999994,10,274.1999999999995,move,improve
13260,10,274.3999999999994,10,274.1999999999995,swap,notBad
13261,10,274.3999999999994,10,274.1999999999995,swap,notBad
13262,10,274.3999999999994,10,274.1999999999995,move,improve
13263,10,274.3999999999994,10,274.1999999999995,move,improve
13264,10,274.3999999999994,10,274.1999999999995,swap,notBad
13265,10,274.3999999999994,10,274.1999999999995,2opt,notBad
13266,10,274.3999999999994,10,274.1999999999995,swap,notBad
13267,10,274.3999999999994,10,274.1999999999995,move,improve
13268,10,274.3999999999994,10,274.1999999999995,move,improve
13269,10,274.3999999999994,10,274.1999999999995,move,improve
13270,10,274.3999999999994,10,274.1999999999995,move,improve
13271,10,274.3999999999994,10,274.1999999999995,swap,notBad
13272,10,274.3999999999994,10,274.1999999999995,move,improve
13273,10,274.3999999999994,10,274.1999999999995,swap,notBad
13274,10,274.3999999999994,10,274.1999999999995,move,improve
13275,10,274.3999999999994,10,274.1999999999995,move,improve
13276,10,274.3999999999994,10,274.1999999999995,move,improve
13277,10,274.3999999999994,10,274.1999999999995,2opt,notBad
13278,10,274.3999999999994,10,274.1999999999995,swap,notBad
13279,10,274.3999999999994,10,274.1999999999995,2opt,notBad
13280,10,274.3999999999994,10,274.1999999999995,2opt,notBad
13281,10,274.3999999999994,10,274.1999999999995,move,improve
13282,10,274.3999999999994,10,274.1999999999995,2opt,notBad
13283,10,274.3999999999994,10,274.1999999999995,2opt,notBad
13284,10,274.3999999999994,10,274.1999999999995,swap,notBad
13285,10,274.3999999999994,10,274.1999999999995,move,improve
13286,10,274.3999999999994,10,274.1999999999995,move,improve
13287,10,274.3999999999994,10,274.1999999999995,move,improve
13288,10,274.3999999999994,10,274.1999999999995,move,improve
13289,10,274.3999999999994,10,274.1999999999995,swap,notBad
13290,10,274.3999999999994,10,274.1999999999995,swap,notBad
13291,10,274.3999999999994,10,274.1999999999995,2opt,notBad
13292,10,274.3999999999994,10,274.1999999999995,swap,notBad
13293,10,274.3999999999994,10,274.1999999999995,2opt,notBad
13294,10,274.3999999999994,10,274.1999999999995,swap,notBad
13295,10,274.3999999999994,10,274.1999999999995,move,improve
13296,10,274.3999999999994,10,274.1999999999995,move,notBad
13297,10,274.3999999999994,10,274.1999999999995,swap,notBad
13298,10,274.3999999999994,10,274.1999999999995,move,improve
13299,10,274.3999999999994,10,274.1999999999995,swap,notBad
13300,10,274.3999999999994,10,274.1999999999995,move,improve
13301,10,274.3999999999994,10,274.1999999999995,swap,notBad
13302,10,274.3999999999994,10,274.1999999999995,2opt,notBad
13303,10,274.3999999999994,10,274.1999999999995,swap,notBad
13304,10,274.3999999999994,10,274.1999999999995,2opt,notBad
13305,10,274.3999999999994,10,274.1999999999995,2opt,notBad
13306,10,274.3999999999994,10,274.1999999999995,move,improve
13307,10,274.3999999999994,10,274.1999999999995,swap,notBad
13308,10,274.3999999999994,10,274.1999999999995,move,improve
13309,10,274.3999999999994,10,274.1999999999995,move,improve
13310,10,274.3999999999994,10,274.1999999999995,swap,notBad
13311,10,274.3999999999994,10,274.1999999999995,swap,notBad
13312,10,274.3999999999994,10,274.1999999999995,move,improve
13313,10,274.3999999999994,10,274.1999999999995,move,improve
13314,10,274.3999999999994,10,274.1999999999995,2opt,notBad
13315,10,274.3999999999994,10,274.1999999999995,move,improve
13316,10,274.3999999999994,10,274.1999999999995,move,improve
13317,10,274.3999999999994,10,274.1999999999995,swap,notBad
13318,10,274.3999999999994,10,274.1999999999995,swap,notBad
13319,10,274.3999999999994,10,274.1999999999995,2opt,notBad
13320,10,274.3999999999994,10,274.1999999999995,swap,notBad
13321,10,274.3999999999994,10,274.1999999999995,move,notBad
13322,10,274.3999999999994,10,274.1999999999995,move,improve
13323,10,274.3999999999994,10,274.1999999999995,swap,notBad
13324,10,274.3999999999994,10,274.1999999999995,2opt,notBad
13325,10,274.3999999999994,10,274.1999999999995,2opt,improve
13326,10,274.3999999999994,10,274.1999999999995,move,improve
13327,10,274.3999999999994,10,274.1999999999995,swap,notBad
13328,10,274.3999999999994,10,274.1999999999995,move,improve
13329,10,274.3999999999994,10,274.1999999999995,2opt,notBad
13330,10,274.3999999999994,10,274.1999999999995,swap,notBad
13331,10,274.3999999999994,10,274.1999999999995,move,improve
13332,10,274.3999999999994,10,274.1999999999995,move,improve
13333,10,274.3999999999994,10,274.1999999999995,swap,notBad
13334,10,274.3999999999994,10,274.1999999999995,swap,notBad
13335,10,274.3999999999994,10,274.1999999999995,swap,notBad
13336,10,274.3999999999994,10,274.1999999999995,2opt,notBad
13337,10,274.3999999999994,10,274.1999999999995,move,improve
13338,10,274.3999999999994,10,274.1999999999995,2opt,improve
13339,10,274.3999999999994,10,274.1999999999995,2opt,notBad
13340,10,274.3999999999994,10,274.1999999999995,2opt,notBad
13341,10,274.3999999999994,10,274.1999999999995,swap,notBad
13342,10,274.3999999999994,10,274.1999999999995,move,improve
13343,10,274.3999999999994,10,274.1999999999995,2opt,notBad
13344,10,274.3999999999994,10,274.1999999999995,2opt,notBad
13345,10,274.3999999999994,10,274.1999999999995,move,improve
13346,10,274.3999999999994,10,274.1999999999995,move,improve
13347,10,274.3999999999994,10,274.1999999999995,move,improve
13348,10,274.3999999999994,10,274.1999999999995,2opt,notBad
13349,10,274.3999999999994,10,274.1999999999995,swap,notBad
13350,10,274.3999999999994,10,274.1999999999995,2opt,notBad
13351,10,274.3999999999994,10,274.1999999999995,2opt,notBad
13352,10,274.3999999999994,10,274.1999999999995,2opt,notBad
13353,10,274.3999999999994,10,274.1999999999995,move,improve
13354,10,274.3999999999994,10,274.1999999999995,2opt,notBad
13355,10,274.3999999999994,10,274.1999999999995,2opt,notBad
13356,10,274.3999999999994,10,274.1999999999995,move,improve
13357,10,274.3999999999994,10,274.1999999999995,2opt,notBad
13358,10,274.3999999999994,10,274.1999999999995,2opt,improve
13359,10,274.3999999999994,10,274.1999999999995,2opt,notBad
13360,10,274.3999999999994,10,274.1999999999995,move,improve
13361,10,274.3999999999994,10,274.1999999999995,swap,notBad
13362,10,274.3999999999994,10,274.1999999999995,2opt,notBad
13363,10,274.3999999999994,10,274.1999999999995,move,improve
13364,10,274.3999999999994,10,274.1999999999995,move,improve
13365,10,274.3999999999994,10,274.1999999999995,2opt,notBad
13366,10,274.3999999999994,10,274.1999999999995,2opt,notBad
13367,10,274.3999999999994,10,274.1999999999995,swap,notBad
13368,10,274.3999999999994,10,274.1999999999995,move,improve
13369,10,274.3999999999994,10,274.1999999999995,2opt,notBad
13370,10,274.3999999999994,10,274.1999999999995,2opt,notBad
13371,10,274.3999999999994,10,274.1999999999995,2opt,notBad
13372,10,274.3999999999994,10,274.1999999999995,move,improve
13373,10,274.3999999999994,10,274.1999999999995,swap,notBad
13374,10,274.3999999999994,10,274.1999999999995,2opt,notBad
13375,10,274.3999999999994,10,274.1999999999995,swap,notBad
13376,10,274.3999999999994,10,274.1999999999995,swap,notBad
13377,10,274.3999999999994,10,274.1999999999995,move,improve
13378,10,274.3999999999994,10,274.1999999999995,2opt,notBad
13379,10,274.3999999999994,10,274.1999999999995,swap,notBad
13380,10,274.3999999999994,10,274.1999999999995,move,improve
13381,10,274.3999999999994,10,274.1999999999995,move,improve
13382,10,274.3999999999994,10,274.1999999999995,move,improve
13383,10,274.3999999999994,10,274.1999999999995,move,improve
13384,10,274.3999999999994,10,274.1999999999995,move,improve
13385,10,274.3999999999994,10,274.1999999999995,swap,notBad
13386,10,274.3999999999994,10,274.1999999999995,2opt,notBad
13387,10,274.3999999999994,10,274.1999999999995,move,improve
13388,10,274.3999999999994,10,274.1999999999995,2opt,notBad
13389,10,274.3999999999994,10,274.1999999999995,2opt,improve
13390,10,274.3999999999994,10,274.1999999999995,2opt,notBad
13391,10,274.3999999999994,10,274.1999999999995,move,improve
13392,10,274.3999999999994,10,274.1999999999995,2opt,notBad
13393,10,274.3999999999994,10,274.1999999999995,move,improve
13394,10,274.3999999999994,10,274.1999999999995,2opt,notBad
13395,10,274.3999999999994,10,274.1999999999995,swap,notBad
13396,10,274.3999999999994,10,274.1999999999995,2opt,notBad
13397,10,274.3999999999994,10,274.1999999999995,swap,notBad
13398,10,274.3999999999994,10,274.1999999999995,move,improve
13399,10,274.3999999999994,10,274.1999999999995,swap,notBad
13400,10,274.3999999999994,10,274.1999999999995,swap,notBad
13401,10,274.3999999999994,10,274.1999999999995,2opt,notBad
13402,10,274.3999999999994,10,274.1999999999995,move,improve
13403,10,274.3999999999994,10,274.1999999999995,move,improve
13404,10,274.3999999999994,10,274.1999999999995,2opt,notBad
13405,10,274.3999999999994,10,274.1999999999995,2opt,notBad
13406,10,274.3999999999994,10,274.1999999999995,swap,improve
13407,10,274.3999999999994,10,274.1999999999995,2opt,notBad
13408,10,274.3999999999994,10,274.1999999999995,2opt,notBad
13409,10,274.3999999999994,10,274.1999999999995,move,improve
13410,10,274.3999999999994,10,274.1999999999995,swap,notBad
13411,10,274.3999999999994,10,274.1999999999995,move,improve
13412,10,274.3999999999994,10,274.1999999999995,swap,notBad
13413,10,274.3999999999994,10,274.1999999999995,2opt,notBad
13414,10,274.3999999999994,10,274.1999999999995,2opt,improve
13415,10,274.3999999999994,10,274.1999999999995,swap,notBad
13416,10,274.3999999999994,10,274.1999999999995,swap,notBad
13417,10,274.3999999999994,10,274.1999999999995,2opt,notBad
13418,10,274.3999999999994,10,274.1999999999995,move,improve
13419,10,274.3999999999994,10,274.1999999999995,2opt,notBad
13420,10,274.3999999999994,10,274.1999999999995,2opt,notBad
13421,10,274.3999999999994,10,274.1999999999995,2opt,notBad
13422,10,274.3999999999994,10,274.1999999999995,move,improve
13423,10,274.3999999999994,10,274.1999999999995,swap,notBad
13424,10,274.3999999999994,10,274.1999999999995,swap,notBad
13425,10,274.3999999999994,10,274.1999999999995,2opt,notBad
13426,10,274.3999999999994,10,274.1999999999995,swap,notBad
13427,10,274.3999999999994,10,274.1999999999995,2opt,notBad
13428,10,274.3999999999994,10,274.1999999999995,swap,notBad
13429,10,274.3999999999994,10,274.1999999999995,swap,notBad
13430,10,274.3999999999994,10,274.1999999999995,swap,notBad
13431,10,274.3999999999994,10,274.1999999999995,move,improve
13432,10,274.3999999999994,10,274.1999999999995,swap,notBad
13433,10,274.3999999999994,10,274.1999999999995,2opt,notBad
13434,10,274.3999999999994,10,274.1999999999995,2opt,notBad
13435,10,274.3999999999994,10,274.1999999999995,move,improve
13436,10,274.3999999999994,10,274.1999999999995,move,improve
13437,10,274.3999999999994,10,274.1999999999995,move,improve
13438,10,274.3999999999994,10,274.1999999999995,2opt,notBad
13439,10,274.3999999999994,10,274.1999999999995,swap,notBad
13440,10,274.3999999999994,10,274.1999999999995,2opt,notBad
13441,10,274.3999999999994,10,274.1999999999995,swap,notBad
13442,10,274.3999999999994,10,274.1999999999995,2opt,improve
13443,10,274.3999999999994,10,274.1999999999995,swap,notBad
13444,10,274.3999999999994,10,274.1999999999995,move,improve
13445,10,274.3999999999994,10,274.1999999999995,move,improve
13446,10,274.39999999999947,10,274.1999999999995,swap,acceptBad
13447,10,274.39999999999947,10,274.1999999999995,move,improve
13448,10,274.39999999999947,10,274.1999999999995,move,improve
13449,10,274.39999999999947,10,274.1999999999995,2opt,notBad
13450,10,274.39999999999947,10,274.1999999999995,move,improve
13451,10,274.39999999999947,10,274.1999999999995,2opt,notBad
13452,10,274.39999999999947,10,274.1999999999995,2opt,notBad
13453,10,274.39999999999947,10,274.1999999999995,swap,notBad
13454,10,274.39999999999947,10,274.1999999999995,2opt,notBad
13455,10,274.39999999999947,10,274.1999999999995,move,improve
13456,10,274.39999999999947,10,274.1999999999995,move,improve
13457,10,274.39999999999947,10,274.1999999999995,swap,notBad
13458,10,274.39999999999947,10,274.1999999999995,swap,notBad
13459,10,274.39999999999947,10,274.1999999999995,swap,notBad
13460,10,274.39999999999947,10,274.1999999999995,move,improve
13461,10,274.39999999999947,10,274.1999999999995,swap,notBad
13462,10,274.39999999999947,10,274.1999999999995,2opt,notBad
13463,10,274.39999999999947,10,274.1999999999995,swap,improve
13464,10,274.39999999999947,10,274.1999999999995,move,improve
13465,10,274.39999999999947,10,274.1999999999995,2opt,notBad
13466,10,274.39999999999947,10,274.1999999999995,move,improve
13467,10,274.39999999999947,10,274.1999999999995,move,improve
13468,10,274.39999999999947,10,274.1999999999995,move,improve
13469,10,274.39999999999947,10,274.1999999999995,move,improve
13470,10,274.39999999999947,10,274.1999999999995,2opt,improve
13471,10,274.39999999999947,10,274.1999999999995,swap,notBad
13472,10,274.39999999999947,10,274.1999999999995,move,improve
13473,10,274.39999999999947,10,274.1999999999995,move,improve
13474,10,274.39999999999947,10,274.1999999999995,swap,notBad
13475,10,274.39999999999947,10,274.1999999999995,move,improve
13476,10,274.39999999999947,10,274.1999999999995,swap,notBad
13477,10,274.39999999999947,10,274.1999999999995,move,improve
13478,10,274.39999999999947,10,274.1999999999995,swap,notBad
13479,10,274.39999999999947,10,274.1999999999995,move,improve
13480,10,274.3999999999994,10,274.1999999999995,move,improve
13481,10,274.3999999999994,10,274.1999999999995,2opt,notBad
13482,10,274.3999999999994,10,274.1999999999995,move,improve
13483,10,274.3999999999994,10,274.1999999999995,move,improve
13484,10,274.3999999999994,10,274.1999999999995,2opt,notBad
13485,10,274.3999999999994,10,274.1999999999995,move,improve
13486,10,274.3999999999994,10,274.1999999999995,swap,notBad
13487,10,274.3999999999994,10,274.1999999999995,2opt,notBad
13488,10,274.3999999999994,10,274.1999999999995,2opt,notBad
13489,10,274.3999999999994,10,274.1999999999995,2opt,notBad
13490,10,274.3999999999994,10,274.1999999999995,2opt,notBad
13491,10,274.3999999999994,10,274.1999999999995,move,improve
13492,10,274.3999999999994,10,274.1999999999995,move,improve
13493,10,274.3999999999994,10,274.1999999999995,swap,notBad
13494,10,274.3999999999994,10,274.1999999999995,swap,notBad
13495,10,274.3999999999994,10,274.1999999999995,move,improve
13496,10,274.3999999999994,10,274.1999999999995,move,improve
13497,10,274.3999999999994,10,274.1999999999995,swap,notBad
13498,10,274.3999999999994,10,274.1999999999995,move,improve
13499,10,274.3999999999994,10,274.1999999999995,swap,notBad
13500,10,274.3999999999994,10,274.1999999999995,swap,notBad
13501,10,274.3999999999994,10,274.1999999999995,swap,notBad
13502,10,274.3999999999994,10,274.1999999999995,2opt,notBad
13503,10,274.3999999999994,10,274.1999999999995,move,improve
13504,10,274.3999999999994,10,274.1999999999995,move,improve
13505,10,274.3999999999994,10,274.1999999999995,swap,notBad
13506,10,274.3999999999994,10,274.1999999999995,2opt,notBad
13507,10,274.3999999999994,10,274.1999999999995,move,improve
13508,10,274.3999999999994,10,274.1999999999995,move,improve
13509,10,274.3999999999994,10,274.1999999999995,swap,notBad
13510,10,274.3999999999994,10,274.1999999999995,2opt,notBad
13511,10,274.3999999999994,10,274.1999999999995,swap,notBad
13512,10,274.3999999999994,10,274.1999999999995,2opt,improve
13513,10,274.3999999999994,10,274.1999999999995,move,improve
13514,10,274.3999999999994,10,274.1999999999995,swap,notBad
13515,10,274.3999999999994,10,274.1999999999995,swap,notBad
13516,10,274.3999999999994,10,274.1999999999995,move,improve
13517,10,274.3999999999994,10,274.1999999999995,move,improve
13518,10,274.3999999999994,10,274.1999999999995,swap,notBad
13519,10,274.3999999999994,10,274.1999999999995,move,improve
13520,10,274.3999999999994,10,274.1999999999995,swap,notBad
13521,10,274.3999999999994,10,274.1999999999995,swap,notBad
13522,10,274.3999999999994,10,274.1999999999995,swap,notBad
13523,10,274.3999999999994,10,274.1999999999995,swap,notBad
13524,10,274.3999999999994,10,274.1999999999995,move,improve
13525,10,274.3999999999994,10,274.1999999999995,swap,notBad
13526,10,274.3999999999994,10,274.1999999999995,move,improve
13527,10,274.3999999999994,10,274.1999999999995,move,improve
13528,10,274.3999999999994,10,274.1999999999995,swap,improve
13529,10,274.3999999999994,10,274.1999999999995,move,improve
13530,10,274.3999999999994,10,274.1999999999995,move,improve
13531,10,274.3999999999994,10,274.1999999999995,move,improve
13532,10,274.3999999999994,10,274.1999999999995,2opt,notBad
13533,10,274.3999999999994,10,274.1999999999995,move,improve
13534,10,274.3999999999994,10,274.1999999999995,swap,notBad
13535,10,274.3999999999994,10,274.1999999999995,swap,notBad
13536,10,274.3999999999994,10,274.1999999999995,swap,notBad
13537,10,274.3999999999994,10,274.1999999999995,swap,notBad
13538,10,274.3999999999994,10,274.1999999999995,2opt,notBad
13539,10,274.3999999999994,10,274.1999999999995,move,improve
13540,10,274.3999999999994,10,274.1999999999995,2opt,notBad
13541,10,274.3999999999994,10,274.1999999999995,move,improve
13542,10,274.3999999999994,10,274.1999999999995,move,improve
13543,10,274.3999999999994,10,274.1999999999995,swap,notBad
13544,10,274.3999999999994,10,274.1999999999995,move,improve
13545,10,274.3999999999994,10,274.1999999999995,2opt,notBad
13546,10,274.3999999999994,10,274.1999999999995,swap,notBad
13547,10,274.3999999999994,10,274.1999999999995,swap,notBad
13548,10,274.3999999999994,10,274.1999999999995,swap,notBad
13549,10,274.3999999999994,10,274.1999999999995,2opt,improve
13550,10,274.3999999999994,10,274.1999999999995,swap,notBad
13551,10,274.3999999999994,10,274.1999999999995,swap,notBad
13552,10,274.3999999999994,10,274.1999999999995,2opt,notBad
13553,10,274.3999999999994,10,274.1999999999995,swap,notBad
13554,10,274.3999999999994,10,274.1999999999995,2opt,notBad
13555,10,274.3999999999994,10,274.1999999999995,swap,notBad
13556,10,274.3999999999994,10,274.1999999999995,move,improve
13557,10,274.3999999999994,10,274.1999999999995,move,improve
13558,10,274.3999999999994,10,274.1999999999995,2opt,notBad
13559,10,274.3999999999994,10,274.1999999999995,swap,notBad
13560,10,274.3999999999994,10,274.1999999999995,move,improve
13561,10,274.3999999999994,10,274.1999999999995,move,improve
13562,10,274.3999999999994,10,274.1999999999995,move,improve
13563,10,274.3999999999994,10,274.1999999999995,2opt,notBad
13564,10,274.3999999999994,10,274.1999999999995,swap,notBad
13565,10,274.3999999999994,10,274.1999999999995,2opt,notBad
13566,10,274.3999999999994,10,274.1999999999995,move,improve
13567,10,274.3999999999994,10,274.1999999999995,swap,notBad
13568,10,274.3999999999994,10,274.1999999999995,move,improve
13569,10,274.3999999999994,10,274.1999999999995,swap,notBad
13570,10,274.3999999999994,10,274.1999999999995,2opt,notBad
13571,10,274.3999999999994,10,274.1999999999995,2opt,notBad
13572,10,274.3999999999994,10,274.1999999999995,2opt,notBad
13573,10,274.3999999999994,10,274.1999999999995,2opt,notBad
13574,10,274.3999999999994,10,274.1999999999995,2opt,notBad
13575,10,274.3999999999994,10,274.1999999999995,move,improve
13576,10,274.3999999999994,10,274.1999999999995,move,improve
13577,10,274.3999999999994,10,274.1999999999995,move,improve
13578,10,274.3999999999994,10,274.1999999999995,swap,notBad
13579,10,274.3999999999994,10,274.1999999999995,move,improve
13580,10,274.3999999999994,10,274.1999999999995,move,improve
13581,10,274.3999999999994,10,274.1999999999995,move,improve
13582,10,274.3999999999994,10,274.1999999999995,2opt,notBad
13583,10,274.3999999999994,10,274.1999999999995,swap,notBad
13584,10,274.3999999999994,10,274.1999999999995,2opt,notBad
13585,10,274.3999999999994,10,274.1999999999995,2opt,notBad
13586,10,274.3999999999994,10,274.1999999999995,2opt,improve
13587,10,274.3999999999994,10,274.1999999999995,swap,notBad
13588,10,274.3999999999994,10,274.1999999999995,2opt,notBad
13589,10,274.3999999999994,10,274.1999999999995,move,improve
13590,10,274.3999999999994,10,274.1999999999995,2opt,notBad
13591,10,274.3999999999994,10,274.1999999999995,2opt,notBad
13592,10,274.3999999999994,10,274.1999999999995,move,improve
13593,10,274.3999999999994,10,274.1999999999995,2opt,notBad
13594,10,274.3999999999994,10,274.1999999999995,move,improve
13595,10,274.3999999999994,10,274.1999999999995,move,improve
13596,10,274.3999999999994,10,274.1999999999995,2opt,notBad
13597,10,274.3999999999994,10,274.1999999999995,move,improve
13598,10,274.3999999999994,10,274.1999999999995,move,improve
13599,10,274.3999999999994,10,274.1999999999995,2opt,notBad
13600,10,274.3999999999994,10,274.1999999999995,move,improve
13601,10,274.3999999999994,10,274.1999999999995,move,improve
13602,10,274.3999999999994,10,274.1999999999995,2opt,notBad
13603,10,274.3999999999994,10,274.1999999999995,move,improve
13604,10,274.3999999999994,10,274.1999999999995,move,improve
13605,10,274.3999999999994,10,274.1999999999995,2opt,improve
13606,10,274.3999999999994,10,274.1999999999995,move,improve
13607,10,274.3999999999994,10,274.1999999999995,2opt,notBad
13608,10,274.3999999999994,10,274.1999999999995,move,improve
13609,10,274.3999999999994,10,274.1999999999995,swap,notBad
13610,10,274.3999999999994,10,274.1999999999995,move,improve
13611,10,274.3999999999994,10,274.1999999999995,swap,notBad
13612,10,274.3999999999994,10,274.1999999999995,swap,notBad
13613,10,274.3999999999994,10,274.1999999999995,swap,notBad
13614,10,274.3999999999994,10,274.1999999999995,move,improve
13615,10,274.3999999999994,10,274.1999999999995,swap,notBad
13616,10,274.3999999999994,10,274.1999999999995,2opt,notBad
13617,10,274.3999999999994,10,274.1999999999995,swap,notBad
13618,10,274.3999999999994,10,274.1999999999995,move,improve
13619,10,274.3999999999994,10,274.1999999999995,2opt,notBad
13620,10,274.3999999999994,10,274.1999999999995,2opt,notBad
13621,10,274.3999999999994,10,274.1999999999995,move,improve
13622,10,274.3999999999994,10,274.1999999999995,move,improve
13623,10,274.3999999999994,10,274.1999999999995,2opt,notBad
13624,10,274.3999999999994,10,274.1999999999995,2opt,notBad
13625,10,274.3999999999994,10,274.1999999999995,move,improve
13626,10,274.3999999999994,10,274.1999999999995,move,improve
13627,10,274.3999999999994,10,274.1999999999995,swap,notBad
13628,10,274.3999999999994,10,274.1999999999995,swap,notBad
13629,10,274.3999999999994,10,274.1999999999995,swap,notBad
13630,10,274.3999999999994,10,274.1999999999995,2opt,improve
13631,10,274.3999999999994,10,274.1999999999995,swap,notBad
13632,10,274.3999999999994,10,274.1999999999995,swap,notBad
13633,10,274.3999999999994,10,274.1999999999995,swap,notBad
13634,10,274.3999999999994,10,274.1999999999995,swap,notBad
13635,10,274.3999999999994,10,274.1999999999995,move,improve
13636,10,274.3999999999994,10,274.1999999999995,move,improve
13637,10,274.3999999999994,10,274.1999999999995,swap,notBad
13638,10,274.3999999999994,10,274.1999999999995,swap,notBad
13639,10,274.3999999999994,10,274.1999999999995,2opt,notBad
13640,10,274.3999999999994,10,274.1999999999995,swap,notBad
13641,10,274.3999999999994,10,274.1999999999995,2opt,notBad
13642,10,274.3999999999994,10,274.1999999999995,move,improve
13643,10,274.3999999999994,10,274.1999999999995,swap,notBad
13644,10,274.3999999999994,10,274.1999999999995,move,improve
13645,10,274.3999999999994,10,274.1999999999995,move,improve
13646,10,274.3999999999994,10,274.1999999999995,move,improve
13647,10,274.3999999999994,10,274.1999999999995,2opt,notBad
13648,10,274.3999999999994,10,274.1999999999995,move,improve
13649,10,274.3999999999994,10,274.1999999999995,2opt,notBad
13650,10,274.3999999999994,10,274.1999999999995,2opt,notBad
13651,10,274.3999999999994,10,274.1999999999995,swap,notBad
13652,10,274.3999999999994,10,274.1999999999995,swap,notBad
13653,10,274.3999999999994,10,274.1999999999995,swap,notBad
13654,10,274.3999999999994,10,274.1999999999995,2opt,notBad
13655,10,274.3999999999994,10,274.1999999999995,swap,notBad
13656,10,274.3999999999994,10,274.1999999999995,2opt,notBad
13657,10,274.3999999999994,10,274.1999999999995,move,improve
13658,10,274.3999999999994,10,274.1999999999995,move,improve
13659,10,274.3999999999994,10,274.1999999999995,2opt,notBad
13660,10,274.3999999999994,10,274.1999999999995,move,improve
13661,10,274.3999999999994,10,274.1999999999995,swap,notBad
13662,10,274.3999999999994,10,274.1999999999995,move,improve
13663,10,274.3999999999994,10,274.1999999999995,2opt,notBad
13664,10,274.3999999999994,10,274.1999999999995,swap,notBad
13665,10,274.3999999999994,10,274.1999999999995,swap,notBad
13666,10,274.3999999999994,10,274.1999999999995,swap,notBad
13667,10,274.3999999999994,10,274.1999999999995,move,improve
13668,10,274.3999999999994,10,274.1999999999995,2opt,notBad
13669,10,274.3999999999994,10,274.1999999999995,2opt,notBad
13670,10,274.3999999999994,10,274.1999999999995,swap,notBad
13671,10,274.3999999999994,10,274.1999999999995,swap,notBad
13672,10,274.3999999999994,10,274.1999999999995,2opt,notBad
13673,10,274.3999999999994,10,274.1999999999995,2opt,notBad
13674,10,274.3999999999994,10,274.1999999999995,swap,notBad
13675,10,274.3999999999994,10,274.1999999999995,move,improve
13676,10,274.3999999999994,10,274.1999999999995,move,improve
13677,10,274.3999999999994,10,274.1999999999995,2opt,notBad
13678,10,274.3999999999994,10,274.1999999999995,2opt,improve
13679,10,274.3999999999994,10,274.1999999999995,swap,notBad
13680,10,274.3999999999994,10,274.1999999999995,move,improve
13681,10,274.3999999999994,10,274.1999999999995,swap,notBad
13682,10,274.3999999999994,10,274.1999999999995,swap,notBad
13683,10,274.3999999999994,10,274.1999999999995,2opt,notBad
13684,10,274.3999999999994,10,274.1999999999995,move,improve
13685,10,274.3999999999994,10,274.1999999999995,swap,notBad
13686,10,274.3999999999994,10,274.1999999999995,2opt,notBad
13687,10,274.3999999999994,10,274.1999999999995,swap,notBad
13688,10,274.3999999999994,10,274.1999999999995,move,improve
13689,10,274.3999999999994,10,274.1999999999995,swap,notBad
13690,10,274.3999999999994,10,274.1999999999995,2opt,notBad
13691,10,274.3999999999994,10,274.1999999999995,2opt,notBad
13692,10,274.3999999999994,10,274.1999999999995,move,improve
13693,10,274.3999999999994,10,274.1999999999995,move,improve
13694,10,274.3999999999994,10,274.1999999999995,move,improve
13695,10,274.3999999999994,10,274.1999999999995,swap,notBad
13696,10,274.3999999999994,10,274.1999999999995,move,improve
13697,10,274.3999999999994,10,274.1999999999995,2opt,notBad
13698,10,274.3999999999994,10,274.1999999999995,2opt,notBad
13699,10,274.3999999999994,10,274.1999999999995,2opt,notBad
13700,10,274.3999999999994,10,274.1999999999995,move,improve
13701,10,274.3999999999994,10,274.1999999999995,swap,notBad
13702,10,274.3999999999994,10,274.1999999999995,move,improve
13703,10,274.3999999999994,10,274.1999999999995,2opt,notBad
13704,10,274.3999999999994,10,274.1999999999995,2opt,notBad
13705,10,274.3999999999994,10,274.1999999999995,move,improve
13706,10,274.3999999999994,10,274.1999999999995,move,improve
13707,10,274.3999999999994,10,274.1999999999995,move,improve
13708,10,274.3999999999994,10,274.1999999999995,move,improve
13709,10,274.3999999999994,10,274.1999999999995,swap,notBad
13710,10,274.71999999999946,10,274.1999999999995,swap,acceptBad
13711,10,274.71999999999946,10,274.1999999999995,2opt,notBad
13712,10,274.71999999999946,10,274.1999999999995,2opt,notBad
13713,10,274.71999999999946,10,274.1999999999995,swap,improve
13714,10,274.71999999999946,10,274.1999999999995,2opt,notBad
13715,10,274.71999999999946,10,274.1999999999995,swap,notBad
13716,10,274.71999999999946,10,274.1999999999995,move,improve
13717,10,274.71999999999946,10,274.1999999999995,2opt,notBad
13718,10,274.71999999999946,10,274.1999999999995,swap,notBad
13719,10,274.71999999999946,10,274.1999999999995,swap,notBad
13720,10,274.71999999999946,10,274.1999999999995,move,improve
13721,10,274.71999999999946,10,274.1999999999995,2opt,improve
13722,10,274.71999999999946,10,274.1999999999995,swap,notBad
13723,10,274.71999999999946,10,274.1999999999995,swap,notBad
13724,10,274.71999999999946,10,274.1999999999995,swap,notBad
13725,10,274.71999999999946,10,274.1999999999995,swap,notBad
13726,10,274.71999999999946,10,274.1999999999995,2opt,notBad
13727,10,274.71999999999946,10,274.1999999999995,move,improve
13728,10,274.71999999999946,10,274.1999999999995,2opt,notBad
13729,10,274.71999999999946,10,274.1999999999995,swap,notBad
13730,10,274.71999999999946,10,274.1999999999995,swap,notBad
13731,10,274.3999999999994,10,274.1999999999995,move,improve
13732,10,274.3999999999994,10,274.1999999999995,swap,notBad
13733,10,274.3999999999994,10,274.1999999999995,move,improve
13734,10,274.3999999999994,10,274.1999999999995,swap,notBad
13735,10,274.3999999999994,10,274.1999999999995,2opt,notBad
13736,10,274.3999999999994,10,274.1999999999995,move,improve
13737,10,274.3999999999994,10,274.1999999999995,2opt,notBad
13738,10,274.3999999999994,10,274.1999999999995,move,improve
13739,10,274.3999999999994,10,274.1999999999995,2opt,notBad
13740,10,274.3999999999994,10,274.1999999999995,move,improve
13741,10,274.3999999999994,10,274.1999999999995,move,improve
13742,10,274.3999999999994,10,274.1999999999995,2opt,notBad
13743,10,274.3999999999994,10,274.1999999999995,swap,notBad
13744,10,274.3999999999994,10,274.1999999999995,move,improve
13745,10,274.3999999999994,10,274.1999999999995,swap,notBad
13746,10,274.3999999999994,10,274.1999999999995,move,improve
13747,10,274.3999999999994,10,274.1999999999995,2opt,notBad
13748,10,274.3999999999994,10,274.1999999999995,move,improve
13749,10,274.3999999999994,10,274.1999999999995,move,improve
13750,10,274.3999999999994,10,274.1999999999995,2opt,notBad
13751,10,274.3999999999994,10,274.1999999999995,2opt,notBad
13752,10,274.3999999999994,10,274.1999999999995,2opt,notBad
13753,10,274.3999999999994,10,274.1999999999995,2opt,improve
13754,10,274.3999999999994,10,274.1999999999995,2opt,notBad
13755,10,274.3999999999994,10,274.1999999999995,move,improve
13756,10,274.3999999999994,10,274.1999999999995,move,improve
13757,10,274.3999999999994,10,274.1999999999995,move,improve
13758,10,274.3999999999994,10,274.1999999999995,swap,notBad
13759,10,274.3999999999994,10,274.1999999999995,2opt,notBad
13760,10,274.3999999999994,10,274.1999999999995,2opt,notBad
13761,10,274.3999999999994,10,274.1999999999995,move,improve
13762,10,274.3999999999994,10,274.1999999999995,2opt,notBad
13763,10,274.3999999999994,10,274.1999999999995,move,improve
13764,10,274.3999999999994,10,274.1999999999995,2opt,improve
13765,10,274.1999999999995,10,274.1999999999995,move,improve
13766,10,274.1999999999995,10,274.1999999999995,2opt,notBad
13767,10,274.1999999999995,10,274.1999999999995,swap,notBad
13768,10,274.1999999999995,10,274.1999999999995,move,improve
13769,10,274.1999999999995,10,274.1999999999995,swap,notBad
13770,10,274.1999999999995,10,274.1999999999995,swap,notBad
13771,10,274.1999999999995,10,274.1999999999995,2opt,notBad
13772,10,274.1999999999995,10,274.1999999999995,move,improve
13773,10,274.1999999999995,10,274.1999999999995,move,improve
13774,10,274.1999999999995,10,274.1999999999995,2opt,notBad
13775,10,274.1999999999995,10,274.1999999999995,swap,notBad
13776,10,274.1999999999995,10,274.1999999999995,swap,notBad
13777,10,274.1999999999995,10,274.1999999999995,swap,notBad
13778,10,274.1999999999995,10,274.1999999999995,move,improve
13779,10,274.1999999999995,10,274.1999999999995,move,improve
13780,10,274.1999999999995,10,274.1999999999995,swap,notBad
13781,10,274.1999999999995,10,274.1999999999995,swap,notBad
13782,10,274.1999999999995,10,274.1999999999995,2opt,improve
13783,10,274.1999999999995,10,274.1999999999995,move,improve
13784,10,274.1999999999995,10,274.1999999999995,2opt,notBad
13785,10,274.1999999999995,10,274.1999999999995,2opt,notBad
13786,10,274.1999999999995,10,274.1999999999995,swap,notBad
13787,10,274.1999999999995,10,274.1999999999995,move,improve
13788,10,274.1999999999995,10,274.1999999999995,move,improve
13789,10,274.1999999999995,10,274.1999999999995,2opt,notBad
13790,10,274.1999999999995,10,274.1999999999995,swap,notBad
13791,10,274.1999999999995,10,274.1999999999995,move,improve
13792,10,274.1999999999995,10,274.1999999999995,move,improve
13793,10,274.1999999999995,10,274.1999999999995,move,improve
13794,10,274.1999999999995,10,274.1999999999995,2opt,notBad
13795,10,274.1999999999995,10,274.1999999999995,move,improve
13796,10,274.1999999999995,10,274.1999999999995,move,improve
13797,10,274.1999999999995,10,274.1999999999995,2opt,notBad
13798,10,274.1999999999995,10,274.1999999999995,swap,notBad
13799,10,274.1999999999995,10,274.1999999999995,2opt,notBad
13800,10,274.1999999999995,10,274.1999999999995,2opt,notBad
13801,10,274.1999999999995,10,274.1999999999995,move,improve
13802,10,274.1999999999995,10,274.1999999999995,move,improve
13803,10,274.1999999999995,10,274.1999999999995,move,improve
13804,10,274.1999999999995,10,274.1999999999995,2opt,notBad
13805,10,274.1999999999995,10,274.1999999999995,swap,notBad
13806,10,274.1999999999995,10,274.1999999999995,move,improve
13807,10,274.1999999999995,10,274.1999999999995,move,improve
13808,10,274.1999999999995,10,274.1999999999995,move,improve
13809,10,274.1999999999995,10,274.1999999999995,2opt,notBad
13810,10,274.1999999999995,10,274.1999999999995,move,improve
13811,10,274.1999999999995,10,274.1999999999995,2opt,notBad
13812,10,274.1999999999995,10,274.1999999999995,move,improve
13813,10,274.1999999999995,10,274.1999999999995,2opt,notBad
13814,10,274.1999999999995,10,274.1999999999995,swap,notBad
13815,10,274.1999999999995,10,274.1999999999995,move,improve
13816,10,274.1999999999995,10,274.1999999999995,2opt,notBad
13817,10,274.1999999999995,10,274.1999999999995,move,improve
13818,10,274.1999999999995,10,274.1999999999995,move,improve
13819,10,274.1999999999995,10,274.1999999999995,move,improve
13820,10,274.1999999999995,10,274.1999999999995,move,improve
13821,10,274.1999999999995,10,274.1999999999995,move,improve
13822,10,274.1999999999995,10,274.1999999999995,2opt,notBad
13823,10,274.1999999999995,10,274.1999999999995,2opt,notBad
13824,10,274.1999999999995,10,274.1999999999995,move,improve
13825,10,274.1999999999995,10,274.1999999999995,2opt,notBad
13826,10,274.1999999999995,10,274.1999999999995,move,improve
13827,10,274.1999999999995,10,274.1999999999995,swap,notBad
13828,10,274.1999999999995,10,274.1999999999995,move,improve
13829,10,274.1999999999995,10,274.1999999999995,2opt,improve
13830,10,274.1999999999995,10,274.1999999999995,swap,notBad
13831,10,274.1999999999995,10,274.1999999999995,swap,notBad
13832,10,274.1999999999995,10,274.1999999999995,swap,notBad
13833,10,274.1999999999995,10,274.1999999999995,swap,notBad
13834,10,274.1999999999995,10,274.1999999999995,move,improve
13835,10,274.1999999999995,10,274.1999999999995,move,improve
13836,10,274.1999999999995,10,274.1999999999995,move,improve
13837,10,274.1999999999995,10,274.1999999999995,2opt,notBad
13838,10,274.1999999999995,10,274.1999999999995,move,improve
13839,10,274.1999999999995,10,274.1999999999995,2opt,improve
13840,10,274.1999999999995,10,274.1999999999995,swap,notBad
13841,10,274.1999999999995,10,274.1999999999995,2opt,notBad
13842,10,274.1999999999995,10,274.1999999999995,swap,notBad
13843,10,274.1999999999995,10,274.1999999999995,swap,notBad
13844,10,274.1999999999995,10,274.1999999999995,move,improve
13845,10,274.1999999999995,10,274.1999999999995,2opt,notBad
13846,10,274.1999999999995,10,274.1999999999995,swap,notBad
13847,10,274.1999999999995,10,274.1999999999995,swap,notBad
13848,10,274.1999999999995,10,274.1999999999995,2opt,notBad
13849,10,274.1999999999995,10,274.1999999999995,2opt,notBad
13850,10,274.1999999999995,10,274.1999999999995,2opt,notBad
13851,10,274.1999999999995,10,274.1999999999995,2opt,improve
13852,10,274.1999999999995,10,274.1999999999995,move,improve
13853,10,274.1999999999995,10,274.1999999999995,2opt,notBad
13854,10,274.1999999999995,10,274.1999999999995,move,improve
13855,10,274.1999999999995,10,274.1999999999995,move,improve
13856,10,274.1999999999995,10,274.1999999999995,2opt,notBad
13857,10,274.1999999999995,10,274.1999999999995,2opt,notBad
13858,10,274.1999999999995,10,274.1999999999995,swap,notBad
13859,10,274.1999999999995,10,274.1999999999995,swap,notBad
13860,10,274.1999999999995,10,274.1999999999995,2opt,notBad
13861,10,274.1999999999995,10,274.1999999999995,swap,notBad
13862,10,274.1999999999995,10,274.1999999999995,move,improve
13863,10,274.1999999999995,10,274.1999999999995,swap,notBad
13864,10,274.1999999999995,10,274.1999999999995,2opt,notBad
13865,10,274.1999999999995,10,274.1999999999995,2opt,notBad
13866,10,274.1999999999995,10,274.1999999999995,move,improve
13867,10,274.1999999999995,10,274.1999999999995,2opt,notBad
13868,10,274.1999999999995,10,274.1999999999995,move,improve
13869,10,274.1999999999995,10,274.1999999999995,2opt,notBad
13870,10,274.1999999999995,10,274.1999999999995,move,improve
13871,10,274.1999999999998,10,274.1999999999995,swap,acceptBad
13872,10,274.1999999999998,10,274.1999999999995,swap,notBad
13873,10,274.1999999999998,10,274.1999999999995,2opt,notBad
13874,10,274.1999999999998,10,274.1999999999995,2opt,notBad
13875,10,274.1999999999998,10,274.1999999999995,swap,notBad
13876,10,274.1999999999998,10,274.1999999999995,2opt,notBad
13877,10,274.1999999999998,10,274.1999999999995,swap,notBad
13878,10,274.1999999999998,10,274.1999999999995,swap,notBad
13879,10,274.1999999999998,10,274.1999999999995,2opt,notBad
13880,10,274.1999999999998,10,274.1999999999995,move,improve
13881,10,274.1999999999998,10,274.1999999999995,2opt,notBad
13882,10,274.1999999999998,10,274.1999999999995,move,improve
13883,10,274.1999999999998,10,274.1999999999995,2opt,notBad
13884,10,274.1999999999998,10,274.1999999999995,2opt,notBad
13885,10,274.1999999999995,10,274.1999999999995,move,improve
13886,10,274.1999999999995,10,274.1999999999995,swap,improve
13887,10,274.1999999999995,10,274.1999999999995,swap,notBad
13888,10,274.1999999999995,10,274.1999999999995,swap,notBad
13889,10,274.1999999999995,10,274.1999999999995,swap,notBad
13890,10,274.1999999999995,10,274.1999999999995,2opt,improve
13891,10,274.1999999999995,10,274.1999999999995,2opt,notBad
13892,10,274.1999999999995,10,274.1999999999995,2opt,notBad
13893,10,274.1999999999995,10,274.1999999999995,2opt,notBad
13894,10,274.1999999999995,10,274.1999999999995,swap,notBad
13895,10,274.1999999999995,10,274.1999999999995,swap,notBad
13896,10,274.1999999999995,10,274.1999999999995,2opt,notBad
13897,10,274.1999999999995,10,274.1999999999995,swap,notBad
13898,10,274.1999999999995,10,274.1999999999995,swap,notBad
13899,10,274.1999999999995,10,274.1999999999995,2opt,notBad
13900,10,274.1999999999995,10,274.1999999999995,move,improve
13901,10,274.1999999999995,10,274.1999999999995,move,improve
13902,10,274.1999999999995,10,274.1999999999995,move,improve
13903,10,274.1999999999995,10,274.1999999999995,swap,notBad
13904,10,274.1999999999995,10,274.1999999999995,swap,notBad
13905,10,274.1999999999995,10,274.1999999999995,move,improve
13906,10,274.1999999999995,10,274.1999999999995,move,improve
13907,10,274.39999999999964,10,274.1999999999995,swap,acceptBad
13908,10,274.39999999999964,10,274.1999999999995,move,improve
13909,10,274.39999999999964,10,274.1999999999995,move,improve
13910,10,274.39999999999964,10,274.1999999999995,2opt,notBad
13911,10,274.39999999999964,10,274.1999999999995,move,improve
13912,10,274.39999999999964,10,274.1999999999995,move,improve
13913,10,274.39999999999964,10,274.1999999999995,move,improve
13914,10,274.39999999999964,10,274.1999999999995,2opt,notBad
13915,10,274.39999999999964,10,274.1999999999995,swap,notBad
13916,10,274.39999999999964,10,274.1999999999995,move,improve
13917,10,274.39999999999964,10,274.1999999999995,swap,notBad
13918,10,274.39999999999964,10,274.1999999999995,2opt,notBad
13919,10,274.39999999999964,10,274.1999999999995,move,improve
13920,10,274.39999999999964,10,274.1999999999995,move,improve
13921,10,274.39999999999964,10,274.1999999999995,2opt,improve
13922,10,274.39999999999964,10,274.1999999999995,2opt,notBad
13923,10,274.39999999999964,10,274.1999999999995,2opt,notBad
13924,10,274.39999999999964,10,274.1999999999995,swap,notBad
13925,10,274.39999999999964,10,274.1999999999995,swap,notBad
13926,10,274.39999999999964,10,274.1999999999995,2opt,notBad
13927,10,274.39999999999964,10,274.1999999999995,2opt,notBad
13928,10,274.39999999999964,10,274.1999999999995,move,improve
13929,10,274.39999999999964,10,274.1999999999995,2opt,improve
13930,10,274.39999999999964,10,274.1999999999995,move,improve
13931,10,274.39999999999964,10,274.1999999999995,move,improve
13932,10,274.39999999999964,10,274.1999999999995,2opt,notBad
13933,10,274.39999999999964,10,274.1999999999995,2opt,notBad
13934,10,274.39999999999964,10,274.1999999999995,swap,notBad
13935,10,274.39999999999964,10,274.1999999999995,2opt,notBad
13936,10,274.39999999999964,10,274.1999999999995,move,improve
13937,10,274.39999999999964,10,274.1999999999995,swap,notBad
13938,10,274.39999999999964,10,274.1999999999995,swap,notBad
13939,10,274.39999999999964,10,274.1999999999995,swap,notBad
13940,10,274.39999999999964,10,274.1999999999995,swap,notBad
13941,10,274.39999999999964,10,274.1999999999995,move,improve
13942,10,274.39999999999964,10,274.1999999999995,move,improve
13943,10,274.39999999999964,10,274.1999999999995,2opt,notBad
13944,10,274.39999999999964,10,274.1999999999995,swap,notBad
13945,10,274.39999999999964,10,274.1999999999995,2opt,notBad
13946,10,274.39999999999964,10,274.1999999999995,move,improve
13947,10,274.39999999999964,10,274.1999999999995,move,improve
13948,10,274.39999999999964,10,274.1999999999995,move,improve
13949,10,274.39999999999964,10,274.1999999999995,2opt,notBad
13950,10,274.39999999999964,10,274.1999999999995,swap,notBad
13951,10,274.39999999999964,10,274.1999999999995,2opt,notBad
13952,10,274.39999999999964,10,274.1999999999995,move,improve
13953,10,274.39999999999964,10,274.1999999999995,move,improve
13954,10,274.39999999999964,10,274.1999999999995,swap,notBad
13955,10,274.39999999999964,10,274.1999999999995,move,improve
13956,10,274.39999999999964,10,274.1999999999995,2opt,notBad
13957,10,274.39999999999964,10,274.1999999999995,move,improve
13958,10,274.39999999999964,10,274.1999999999995,2opt,notBad
13959,10,274.39999999999964,10,274.1999999999995,move,improve
13960,10,274.39999999999964,10,274.1999999999995,swap,notBad
13961,10,274.39999999999964,10,274.1999999999995,move,improve
13962,10,274.39999999999964,10,274.1999999999995,2opt,notBad
13963,10,274.39999999999964,10,274.1999999999995,swap,notBad
13964,10,274.39999999999964,10,274.1999999999995,2opt,notBad
13965,10,274.39999999999964,10,274.1999999999995,move,improve
13966,10,274.39999999999964,10,274.1999999999995,swap,notBad
13967,10,274.39999999999964,10,274.1999999999995,move,improve
13968,10,274.39999999999964,10,274.1999999999995,swap,notBad
13969,10,274.39999999999964,10,274.1999999999995,2opt,notBad
13970,10,274.1999999999995,10,274.1999999999995,move,improve
13971,10,274.1999999999995,10,274.1999999999995,move,improve
13972,10,274.1999999999995,10,274.1999999999995,2opt,notBad
13973,10,274.1999999999995,10,274.1999999999995,swap,notBad
13974,10,274.1999999999995,10,274.1999999999995,swap,notBad
13975,10,274.39999999999964,10,274.1999999999995,swap,acceptBad
13976,10,274.39999999999964,10,274.1999999999995,2opt,improve
13977,10,274.39999999999964,10,274.1999999999995,swap,notBad
13978,10,274.39999999999964,10,274.1999999999995,2opt,notBad
13979,10,274.39999999999964,10,274.1999999999995,2opt,improve
13980,10,274.39999999999964,10,274.1999999999995,swap,notBad
13981,10,274.39999999999964,10,274.1999999999995,swap,notBad
13982,10,274.39999999999964,10,274.1999999999995,move,improve
13983,10,274.39999999999964,10,274.1999999999995,move,improve
13984,10,274.39999999999964,10,274.1999999999995,swap,notBad
13985,10,274.39999999999964,10,274.1999999999995,2opt,improve
13986,10,274.39999999999964,10,274.1999999999995,move,improve
13987,10,274.39999999999964,10,274.1999999999995,2opt,notBad
13988,10,274.39999999999964,10,274.1999999999995,swap,notBad
13989,10,274.39999999999964,10,274.1999999999995,swap,notBad
13990,10,274.39999999999964,10,274.1999999999995,swap,notBad
13991,10,274.39999999999964,10,274.1999999999995,2opt,notBad
13992,10,274.39999999999964,10,274.1999999999995,move,improve
13993,10,274.39999999999964,10,274.1999999999995,2opt,notBad
13994,10,274.39999999999964,10,274.1999999999995,move,improve
13995,10,274.39999999999964,10,274.1999999999995,swap,notBad
13996,10,274.1999999999995,10,274.1999999999995,move,improve
13997,10,274.1999999999995,10,274.1999999999995,swap,notBad
13998,10,274.1999999999995,10,274.1999999999995,move,improve
13999,10,274.1999999999995,10,274.1999999999995,2opt,improve
14000,10,274.1999999999995,10,274.1999999999995,2opt,notBad
14001,10,274.1999999999995,10,274.1999999999995,2opt,notBad
14002,10,274.1999999999995,10,274.1999999999995,move,improve
14003,10,274.1999999999995,10,274.1999999999995,swap,notBad
14004,10,274.1999999999995,10,274.1999999999995,2opt,notBad
14005,10,274.1999999999995,10,274.1999999999995,2opt,notBad
14006,10,274.1999999999995,10,274.1999999999995,move,improve
14007,10,274.1999999999995,10,274.1999999999995,move,improve
14008,10,274.1999999999995,10,274.1999999999995,move,improve
14009,10,274.1999999999995,10,274.1999999999995,move,improve
14010,10,274.1999999999995,10,274.1999999999995,2opt,notBad
14011,10,274.1999999999995,10,274.1999999999995,2opt,notBad
14012,10,274.1999999999995,10,274.1999999999995,move,improve
14013,10,274.1999999999995,10,274.1999999999995,move,improve
14014,10,274.1999999999995,10,274.1999999999995,move,improve
14015,10,274.1999999999995,10,274.1999999999995,swap,notBad
14016,10,274.1999999999995,10,274.1999999999995,move,improve
14017,10,274.1999999999995,10,274.1999999999995,swap,notBad
14018,10,274.1999999999995,10,274.1999999999995,swap,notBad
14019,10,274.1999999999995,10,274.1999999999995,move,improve
14020,10,274.1999999999995,10,274.1999999999995,swap,notBad
14021,10,274.1999999999995,10,274.1999999999995,move,improve
14022,10,274.1999999999995,10,274.1999999999995,swap,notBad
14023,10,274.1999999999995,10,274.1999999999995,swap,notBad
14024,10,274.1999999999995,10,274.1999999999995,2opt,notBad
14025,10,274.1999999999995,10,274.1999999999995,swap,notBad
14026,10,274.1999999999995,10,274.1999999999995,move,improve
14027,10,274.1999999999995,10,274.1999999999995,move,improve
14028,10,274.1999999999995,10,274.1999999999995,move,improve
14029,10,274.1999999999995,10,274.1999999999995,move,improve
14030,10,274.1999999999995,10,274.1999999999995,move,improve
14031,10,274.1999999999995,10,274.1999999999995,swap,notBad
14032,10,274.1999999999995,10,274.1999999999995,swap,notBad
14033,10,274.1999999999995,10,274.1999999999995,swap,notBad
14034,10,274.1999999999995,10,274.1999999999995,move,improve
14035,10,274.1999999999995,10,274.1999999999995,move,notBad
14036,10,274.1999999999995,10,274.1999999999995,2opt,notBad
14037,10,274.1999999999995,10,274.1999999999995,2opt,notBad
14038,10,274.1999999999995,10,274.1999999999995,2opt,notBad
14039,10,274.1999999999995,10,274.1999999999995,move,improve
14040,10,274.1999999999995,10,274.1999999999995,swap,notBad
14041,10,274.1999999999995,10,274.1999999999995,move,improve
14042,10,274.1999999999995,10,274.1999999999995,move,improve
14043,10,274.1999999999995,10,274.1999999999995,move,improve
14044,10,274.1999999999995,10,274.1999999999995,swap,notBad
14045,10,274.1999999999995,10,274.1999999999995,move,improve
14046,10,274.1999999999995,10,274.1999999999995,move,improve
14047,10,274.1999999999995,10,274.1999999999995,swap,notBad
14048,10,274.1999999999995,10,274.1999999999995,swap,notBad
14049,10,274.1999999999995,10,274.1999999999995,swap,notBad
14050,10,274.1999999999995,10,274.1999999999995,swap,notBad
14051,10,274.1999999999995,10,274.1999999999995,2opt,notBad
14052,10,274.1999999999995,10,274.1999999999995,move,improve
14053,10,274.1999999999995,10,274.1999999999995,2opt,notBad
14054,10,274.1999999999995,10,274.1999999999995,swap,notBad
14055,10,274.1999999999995,10,274.1999999999995,swap,notBad
14056,10,274.1999999999995,10,274.1999999999995,move,improve
14057,10,274.1999999999995,10,274.1999999999995,swap,notBad
14058,10,274.1999999999995,10,274.1999999999995,2opt,notBad
14059,10,274.1999999999995,10,274.1999999999995,2opt,notBad
14060,10,274.1999999999995,10,274.1999999999995,swap,notBad
14061,10,274.1999999999995,10,274.1999999999995,swap,notBad
14062,10,274.1999999999995,10,274.1999999999995,move,improve
14063,10,274.1999999999995,10,274.1999999999995,2opt,notBad
14064,10,274.1999999999995,10,274.1999999999995,swap,notBad
14065,10,274.1999999999995,10,274.1999999999995,swap,notBad
14066,10,274.1999999999995,10,274.1999999999995,swap,notBad
14067,10,274.1999999999995,10,274.1999999999995,move,improve
14068,10,274.1999999999995,10,274.1999999999995,2opt,notBad
14069,10,274.1999999999995,10,274.1999999999995,move,improve
14070,10,274.1999999999995,10,274.1999999999995,move,improve
14071,10,274.1999999999995,10,274.1999999999995,swap,notBad
14072,10,274.1999999999995,10,274.1999999999995,move,improve
14073,10,274.1999999999995,10,274.1999999999995,swap,notBad
14074,10,274.1999999999995,10,274.1999999999995,swap,notBad
14075,10,274.1999999999995,10,274.1999999999995,swap,notBad
14076,10,274.1999999999995,10,274.1999999999995,2opt,improve
14077,10,274.1999999999995,10,274.1999999999995,2opt,notBad
14078,10,274.1999999999995,10,274.1999999999995,swap,notBad
14079,10,274.1999999999995,10,274.1999999999995,move,improve
14080,10,274.1999999999995,10,274.1999999999995,swap,notBad
14081,10,274.1999999999995,10,274.1999999999995,2opt,notBad
14082,10,274.1999999999995,10,274.1999999999995,swap,notBad
14083,10,274.1999999999995,10,274.1999999999995,2opt,notBad
14084,10,274.1999999999995,10,274.1999999999995,2opt,notBad
14085,10,274.1999999999995,10,274.1999999999995,swap,notBad
14086,10,274.1999999999995,10,274.1999999999995,swap,notBad
14087,10,274.1999999999995,10,274.1999999999995,2opt,notBad
14088,10,274.1999999999995,10,274.1999999999995,swap,notBad
14089,10,274.1999999999995,10,274.1999999999995,move,improve
14090,10,274.1999999999995,10,274.1999999999995,swap,notBad
14091,10,274.1999999999995,10,274.1999999999995,move,improve
14092,10,274.1999999999995,10,274.1999999999995,move,improve
14093,10,274.1999999999995,10,274.1999999999995,move,improve
14094,10,274.1999999999995,10,274.1999999999995,2opt,notBad
14095,10,274.1999999999995,10,274.1999999999995,move,improve
14096,10,274.1999999999995,10,274.1999999999995,swap,notBad
14097,10,274.1999999999995,10,274.1999999999995,swap,notBad
14098,10,274.1999999999995,10,274.1999999999995,swap,notBad
14099,10,274.1999999999995,10,274.1999999999995,move,improve
14100,10,274.1999999999995,10,274.1999999999995,move,improve
14101,10,274.1999999999995,10,274.1999999999995,2opt,notBad
14102,10,274.1999999999995,10,274.1999999999995,move,improve
14103,10,274.1999999999995,10,274.1999999999995,2opt,notBad
14104,10,274.1999999999995,10,274.1999999999995,move,improve
14105,10,274.1999999999995,10,274.1999999999995,swap,notBad
14106,10,274.1999999999995,10,274.1999999999995,2opt,improve
14107,10,274.1999999999995,10,274.1999999999995,2opt,notBad
14108,10,274.1999999999995,10,274.1999999999995,2opt,notBad
14109,10,274.1999999999995,10,274.1999999999995,move,improve
14110,10,274.1999999999995,10,274.1999999999995,2opt,notBad
14111,10,274.1999999999995,10,274.1999999999995,swap,notBad
14112,10,274.1999999999995,10,274.1999999999995,swap,notBad
14113,10,274.1999999999995,10,274.1999999999995,swap,notBad
14114,10,274.1999999999995,10,274.1999999999995,2opt,improve
14115,10,274.1999999999995,10,274.1999999999995,move,improve
14116,10,274.1999999999995,10,274.1999999999995,move,improve
14117,10,274.1999999999995,10,274.1999999999995,2opt,notBad
14118,10,274.1999999999995,10,274.1999999999995,swap,notBad
14119,10,274.1999999999995,10,274.1999999999995,swap,notBad
14120,10,274.1999999999995,10,274.1999999999995,move,improve
14121,10,274.1999999999995,10,274.1999999999995,move,improve
14122,10,274.1999999999995,10,274.1999999999995,swap,notBad
14123,10,274.1999999999995,10,274.1999999999995,move,improve
14124,10,274.1999999999995,10,274.1999999999995,2opt,notBad
14125,10,274.1999999999995,10,274.1999999999995,move,improve
14126,10,274.1999999999995,10,274.1999999999995,move,improve
14127,10,274.1999999999995,10,274.1999999999995,move,improve
14128,10,274.1999999999995,10,274.1999999999995,move,improve
14129,10,274.1999999999995,10,274.1999999999995,move,improve
14130,10,274.1999999999995,10,274.1999999999995,2opt,notBad
14131,10,274.1999999999995,10,274.1999999999995,move,improve
14132,10,274.1999999999995,10,274.1999999999995,2opt,improve
14133,10,274.1999999999995,10,274.1999999999995,move,improve
14134,10,274.1999999999995,10,274.1999999999995,2opt,notBad
14135,10,274.1999999999995,10,274.1999999999995,swap,notBad
14136,10,274.1999999999995,10,274.1999999999995,2opt,notBad
14137,10,274.1999999999995,10,274.1999999999995,swap,notBad
14138,10,274.1999999999995,10,274.1999999999995,swap,notBad
14139,10,274.1999999999995,10,274.1999999999995,move,improve
14140,10,274.1999999999995,10,274.1999999999995,2opt,notBad
14141,10,274.1999999999995,10,274.1999999999995,swap,notBad
14142,10,274.1999999999995,10,274.1999999999995,move,improve
14143,10,274.1999999999995,10,274.1999999999995,move,improve
14144,10,274.1999999999995,10,274.1999999999995,move,improve
14145,10,274.1999999999995,10,274.1999999999995,swap,notBad
14146,10,274.1999999999995,10,274.1999999999995,swap,notBad
14147,10,274.1999999999995,10,274.1999999999995,move,improve
14148,10,274.1999999999995,10,274.1999999999995,2opt,notBad
14149,10,274.1999999999995,10,274.1999999999995,move,improve
14150,10,274.1999999999995,10,274.1999999999995,2opt,notBad
14151,10,274.1999999999995,10,274.1999999999995,move,improve
14152,10,274.1999999999995,10,274.1999999999995,move,improve
14153,10,274.1999999999995,10,274.1999999999995,move,improve
14154,10,274.1999999999995,10,274.1999999999995,move,improve
14155,10,274.1999999999995,10,274.1999999999995,move,improve
14156,10,274.1999999999995,10,274.1999999999995,move,improve
14157,10,274.1999999999995,10,274.1999999999995,swap,notBad
14158,10,274.1999999999995,10,274.1999999999995,swap,notBad
14159,10,274.1999999999995,10,274.1999999999995,2opt,notBad
14160,10,274.1999999999995,10,274.1999999999995,swap,notBad
14161,10,274.1999999999995,10,274.1999999999995,swap,notBad
14162,10,274.1999999999995,10,274.1999999999995,swap,notBad
14163,10,274.1999999999995,10,274.1999999999995,swap,notBad
14164,10,274.1999999999995,10,274.1999999999995,2opt,notBad
14165,10,274.1999999999995,10,274.1999999999995,2opt,notBad
14166,10,274.1999999999995,10,274.1999999999995,move,improve
14167,10,274.1999999999995,10,274.1999999999995,move,improve
14168,10,274.1999999999995,10,274.1999999999995,move,notBad
14169,10,274.1999999999995,10,274.1999999999995,2opt,notBad
14170,10,274.1999999999995,10,274.1999999999995,move,improve
14171,10,274.1999999999995,10,274.1999999999995,2opt,notBad
14172,10,274.1999999999995,10,274.1999999999995,move,improve
14173,10,274.1999999999995,10,274.1999999999995,swap,notBad
14174,10,274.1999999999995,10,274.1999999999995,move,improve
14175,10,274.1999999999995,10,274.1999999999995,2opt,notBad
14176,10,274.1999999999995,10,274.1999999999995,2opt,notBad
14177,10,274.1999999999995,10,274.1999999999995,2opt,notBad
14178,10,274.1999999999995,10,274.1999999999995,swap,notBad
14179,10,274.1999999999995,10,274.1999999999995,2opt,notBad
14180,10,274.1999999999995,10,274.1999999999995,2opt,notBad
14181,10,274.1999999999995,10,274.1999999999995,move,improve
14182,10,274.1999999999995,10,274.1999999999995,move,improve
14183,10,274.1999999999995,10,274.1999999999995,swap,notBad
14184,10,274.1999999999995,10,274.1999999999995,swap,notBad
14185,10,274.1999999999995,10,274.1999999999995,2opt,notBad
14186,10,274.1999999999995,10,274.1999999999995,2opt,notBad
14187,10,274.1999999999995,10,274.1999999999995,move,improve
14188,10,274.1999999999995,10,274.1999999999995,move,improve
14189,10,274.1999999999995,10,274.1999999999995,swap,notBad
14190,10,274.1999999999995,10,274.1999999999995,move,improve
14191,10,274.1999999999995,10,274.1999999999995,2opt,notBad
14192,10,274.1999999999995,10,274.1999999999995,2opt,notBad
14193,10,274.1999999999995,10,274.1999999999995,swap,notBad
14194,10,274.1999999999995,10,274.1999999999995,move,improve
14195,10,274.1999999999995,10,274.1999999999995,2opt,improve
14196,10,274.1999999999995,10,274.1999999999995,swap,notBad
14197,10,274.1999999999995,10,274.1999999999995,swap,notBad
14198,10,274.1999999999995,10,274.1999999999995,2opt,notBad
14199,10,274.1999999999995,10,274.1999999999995,2opt,notBad
14200,10,274.1999999999995,10,274.1999999999995,move,improve
14201,10,274.1999999999995,10,274.1999999999995,move,improve
14202,10,274.1999999999995,10,274.1999999999995,2opt,notBad
14203,10,274.1999999999995,10,274.1999999999995,2opt,notBad
14204,10,274.1999999999995,10,274.1999999999995,2opt,notBad
14205,10,274.1999999999995,10,274.1999999999995,2opt,notBad
14206,10,274.1999999999995,10,274.1999999999995,swap,notBad
14207,10,274.1999999999995,10,274.1999999999995,move,improve
14208,10,274.1999999999995,10,274.1999999999995,move,improve
14209,10,274.1999999999995,10,274.1999999999995,swap,notBad
14210,10,274.1999999999995,10,274.1999999999995,move,improve
14211,10,274.1999999999995,10,274.1999999999995,swap,notBad
14212,10,274.1999999999995,10,274.1999999999995,swap,notBad
14213,10,274.1999999999995,10,274.1999999999995,swap,notBad
14214,10,274.1999999999995,10,274.1999999999995,2opt,notBad
14215,10,274.1999999999995,10,274.1999999999995,swap,notBad
14216,10,274.1999999999995,10,274.1999999999995,swap,notBad
14217,10,274.1999999999995,10,274.1999999999995,move,improve
14218,10,274.1999999999995,10,274.1999999999995,swap,notBad
14219,10,274.1999999999995,10,274.1999999999995,swap,notBad
14220,10,274.1999999999995,10,274.1999999999995,2opt,notBad
14221,10,274.1999999999995,10,274.1999999999995,2opt,notBad
14222,10,274.1999999999995,10,274.1999999999995,swap,notBad
14223,10,274.1999999999995,10,274.1999999999995,swap,notBad
14224,10,274.1999999999995,10,274.1999999999995,2opt,improve
14225,10,274.1999999999995,10,274.1999999999995,2opt,notBad
14226,10,274.1999999999995,10,274.1999999999995,swap,notBad
14227,10,274.1999999999995,10,274.1999999999995,move,improve
14228,10,274.1999999999995,10,274.1999999999995,2opt,notBad
14229,10,274.1999999999995,10,274.1999999999995,2opt,notBad
14230,10,274.1999999999995,10,274.1999999999995,2opt,notBad
14231,10,274.1999999999995,10,274.1999999999995,2opt,notBad
14232,10,274.1999999999995,10,274.1999999999995,swap,improve
14233,10,274.1999999999995,10,274.1999999999995,move,improve
14234,10,274.1999999999995,10,274.1999999999995,2opt,notBad
14235,10,274.1999999999995,10,274.1999999999995,swap,notBad
14236,10,274.1999999999995,10,274.1999999999995,move,improve
14237,10,274.1999999999995,10,274.1999999999995,move,improve
14238,10,274.1999999999995,10,274.1999999999995,swap,notBad
14239,10,274.1999999999995,10,274.1999999999995,swap,notBad
14240,10,274.1999999999995,10,274.1999999999995,swap,notBad
14241,10,274.1999999999995,10,274.1999999999995,2opt,notBad
14242,10,274.1999999999995,10,274.1999999999995,swap,notBad
14243,10,274.1999999999995,10,274.1999999999995,swap,notBad
14244,10,274.1999999999995,10,274.1999999999995,move,improve
14245,10,274.1999999999995,10,274.1999999999995,move,improve
14246,10,274.1999999999995,10,274.1999999999995,swap,notBad
14247,10,274.1999999999995,10,274.1999999999995,move,improve
14248,10,274.1999999999995,10,274.1999999999995,swap,notBad
14249,10,274.1999999999995,10,274.1999999999995,swap,notBad
14250,10,274.1999999999995,10,274.1999999999995,2opt,notBad
14251,10,274.1999999999995,10,274.1999999999995,2opt,improve
14252,10,274.1999999999995,10,274.1999999999995,move,improve
14253,10,274.1999999999995,10,274.1999999999995,move,improve
14254,10,274.1999999999995,10,274.1999999999995,move,improve
14255,10,274.1999999999995,10,274.1999999999995,swap,notBad
14256,10,274.1999999999995,10,274.1999999999995,2opt,notBad
14257,10,274.1999999999995,10,274.1999999999995,2opt,notBad
14258,10,274.1999999999995,10,274.1999999999995,2opt,notBad
14259,10,274.1999999999995,10,274.1999999999995,2opt,notBad
14260,10,274.1999999999995,10,274.1999999999995,2opt,notBad
14261,10,274.1999999999995,10,274.1999999999995,move,improve
14262,10,274.1999999999995,10,274.1999999999995,move,improve
14263,10,274.1999999999995,10,274.1999999999995,move,improve
14264,10,274.1999999999995,10,274.1999999999995,move,improve
14265,10,274.1999999999995,10,274.1999999999995,2opt,notBad
14266,10,274.1999999999995,10,274.1999999999995,swap,notBad
14267,10,274.1999999999995,10,274.1999999999995,swap,notBad
14268,10,274.1999999999995,10,274.1999999999995,move,improve
14269,10,274.1999999999995,10,274.1999999999995,2opt,notBad
14270,10,274.1999999999995,10,274.1999999999995,swap,notBad
14271,10,274.1999999999995,10,274.1999999999995,swap,notBad
14272,10,274.1999999999995,10,274.1999999999995,2opt,notBad
14273,10,274.1999999999995,10,274.1999999999995,2opt,notBad
14274,10,274.1999999999995,10,274.1999999999995,swap,notBad
14275,10,274.1999999999995,10,274.1999999999995,move,improve
14276,10,274.1999999999995,10,274.1999999999995,move,improve
14277,10,274.1999999999995,10,274.1999999999995,move,improve
14278,10,274.1999999999995,10,274.1999999999995,move,improve
14279,10,274.1999999999995,10,274.1999999999995,move,improve
14280,10,274.1999999999995,10,274.1999999999995,move,improve
14281,10,274.1999999999995,10,274.1999999999995,2opt,notBad
14282,10,274.1999999999995,10,274.1999999999995,swap,notBad
14283,10,274.1999999999995,10,274.1999999999995,swap,notBad
14284,10,274.1999999999995,10,274.1999999999995,2opt,notBad
14285,10,274.1999999999995,10,274.1999999999995,swap,notBad
14286,10,274.1999999999995,10,274.1999999999995,2opt,notBad
14287,10,274.1999999999995,10,274.1999999999995,move,improve
14288,10,274.1999999999995,10,274.1999999999995,swap,notBad
14289,10,274.1999999999995,10,274.1999999999995,swap,notBad
14290,10,274.1999999999995,10,274.1999999999995,2opt,improve
14291,10,274.1999999999995,10,274.1999999999995,swap,notBad
14292,10,274.1999999999995,10,274.1999999999995,move,improve
14293,10,274.1999999999995,10,274.1999999999995,swap,notBad
14294,10,274.1999999999995,10,274.1999999999995,2opt,notBad
14295,10,274.1999999999995,10,274.1999999999995,swap,notBad
14296,10,274.1999999999995,10,274.1999999999995,swap,notBad
14297,10,274.1999999999995,10,274.1999999999995,2opt,notBad
14298,10,274.1999999999995,10,274.1999999999995,move,notBad
14299,10,274.1999999999995,10,274.1999999999995,swap,notBad
14300,10,274.1999999999995,10,274.1999999999995,move,improve
14301,10,274.1999999999995,10,274.1999999999995,2opt,notBad
14302,10,274.1999999999995,10,274.1999999999995,2opt,notBad
14303,10,274.1999999999995,10,274.1999999999995,swap,notBad
14304,10,274.1999999999995,10,274.1999999999995,2opt,notBad
14305,10,274.1999999999995,10,274.1999999999995,2opt,notBad
14306,10,274.1999999999995,10,274.1999999999995,move,improve
14307,10,274.1999999999995,10,274.1999999999995,move,improve
14308,10,274.1999999999995,10,274.1999999999995,swap,notBad
14309,10,274.1999999999995,10,274.1999999999995,swap,notBad
14310,10,274.1999999999995,10,274.1999999999995,move,improve
14311,10,274.1999999999995,10,274.1999999999995,swap,notBad
14312,10,274.1999999999995,10,274.1999999999995,move,improve
14313,10,274.1999999999995,10,274.1999999999995,swap,notBad
14314,10,274.1999999999995,10,274.1999999999995,move,improve
14315,10,274.1999999999995,10,274.1999999999995,swap,notBad
14316,10,274.1999999999995,10,274.1999999999995,move,improve
14317,10,274.1999999999995,10,274.1999999999995,move,improve
14318,10,274.1999999999995,10,274.1999999999995,2opt,notBad
14319,10,274.1999999999995,10,274.1999999999995,2opt,notBad
14320,10,274.1999999999995,10,274.1999999999995,move,improve
14321,10,274.1999999999995,10,274.1999999999995,2opt,notBad
14322,10,274.1999999999995,10,274.1999999999995,2opt,notBad
14323,10,274.1999999999995,10,274.1999999999995,swap,notBad
14324,10,274.1999999999995,10,274.1999999999995,move,improve
14325,10,274.1999999999995,10,274.1999999999995,move,improve
14326,10,274.1999999999995,10,274.1999999999995,move,improve
14327,10,274.1999999999995,10,274.1999999999995,move,improve
14328,10,274.1999999999995,10,274.1999999999995,move,improve
14329,10,274.1999999999995,10,274.1999999999995,move,improve
14330,10,274.1999999999995,10,274.1999999999995,2opt,improve
14331,10,274.1999999999995,10,274.1999999999995,2opt,notBad
14332,10,274.1999999999995,10,274.1999999999995,2opt,notBad
14333,10,274.1999999999995,10,274.1999999999995,move,improve
14334,10,274.1999999999995,10,274.1999999999995,move,improve
14335,10,274.1999999999995,10,274.1999999999995,2opt,notBad
14336,10,274.1999999999995,10,274.1999999999995,2opt,notBad
14337,10,274.1999999999995,10,274.1999999999995,move,improve
14338,10,274.1999999999995,10,274.1999999999995,swap,notBad
14339,10,274.1999999999995,10,274.1999999999995,swap,notBad
14340,10,274.1999999999995,10,274.1999999999995,swap,notBad
14341,10,274.1999999999995,10,274.1999999999995,2opt,improve
14342,10,274.1999999999995,10,274.1999999999995,move,improve
14343,10,274.1999999999995,10,274.1999999999995,move,improve
14344,10,274.1999999999995,10,274.1999999999995,move,improve
14345,10,274.1999999999995,10,274.1999999999995,2opt,notBad
14346,10,274.1999999999995,10,274.1999999999995,move,improve
14347,10,274.1999999999995,10,274.1999999999995,2opt,notBad
14348,10,274.1999999999995,10,274.1999999999995,swap,notBad
14349,10,274.1999999999995,10,274.1999999999995,2opt,notBad
14350,10,274.1999999999995,10,274.1999999999995,move,improve
14351,10,274.1999999999995,10,274.1999999999995,swap,notBad
14352,10,274.1999999999995,10,274.1999999999995,2opt,notBad
14353,10,274.1999999999995,10,274.1999999999995,move,improve
14354,10,274.1999999999995,10,274.1999999999995,swap,notBad
14355,10,274.1999999999995,10,274.1999999999995,swap,notBad
14356,10,274.1999999999995,10,274.1999999999995,2opt,notBad
14357,10,274.1999999999995,10,274.1999999999995,2opt,notBad
14358,10,274.1999999999995,10,274.1999999999995,swap,notBad
14359,10,274.1999999999995,10,274.1999999999995,move,improve
14360,10,274.1999999999995,10,274.1999999999995,swap,notBad
14361,10,274.1999999999995,10,274.1999999999995,swap,notBad
14362,10,274.1999999999995,10,274.1999999999995,swap,notBad
14363,10,274.1999999999995,10,274.1999999999995,swap,notBad
14364,10,274.1999999999995,10,274.1999999999995,move,notBad
14365,10,274.1999999999995,10,274.1999999999995,2opt,notBad
14366,10,274.1999999999995,10,274.1999999999995,move,improve
14367,10,274.1999999999995,10,274.1999999999995,swap,notBad
14368,10,274.1999999999995,10,274.1999999999995,2opt,notBad
14369,10,274.1999999999995,10,274.1999999999995,swap,notBad
14370,10,274.1999999999995,10,274.1999999999995,swap,notBad
14371,10,274.1999999999995,10,274.1999999999995,swap,notBad
14372,10,274.1999999999995,10,274.1999999999995,2opt,notBad
14373,10,274.1999999999995,10,274.1999999999995,move,improve
14374,10,274.1999999999995,10,274.1999999999995,2opt,notBad
14375,10,274.1999999999995,10,274.1999999999995,swap,notBad
14376,10,274.1999999999995,10,274.1999999999995,move,improve
14377,10,274.1999999999995,10,274.1999999999995,move,improve
14378,10,274.1999999999995,10,274.1999999999995,2opt,notBad
14379,10,274.1999999999995,10,274.1999999999995,2opt,notBad
14380,10,274.1999999999995,10,274.1999999999995,swap,notBad
14381,10,274.1999999999995,10,274.1999999999995,2opt,notBad
14382,10,274.1999999999995,10,274.1999999999995,swap,notBad
14383,10,274.1999999999995,10,274.1999999999995,swap,notBad
14384,10,274.1999999999995,10,274.1999999999995,2opt,notBad
14385,10,274.1999999999995,10,274.1999999999995,swap,notBad
14386,10,274.1999999999995,10,274.1999999999995,move,improve
14387,10,274.1999999999995,10,274.1999999999995,swap,notBad
14388,10,274.1999999999995,10,274.1999999999995,2opt,notBad
14389,10,274.1999999999995,10,274.1999999999995,swap,notBad
14390,10,274.1999999999995,10,274.1999999999995,2opt,notBad
14391,10,274.1999999999995,10,274.1999999999995,move,improve
14392,10,274.1999999999995,10,274.1999999999995,2opt,notBad
14393,10,274.1999999999995,10,274.1999999999995,2opt,notBad
14394,10,274.1999999999995,10,274.1999999999995,move,improve
14395,10,274.1999999999995,10,274.1999999999995,move,improve
14396,10,274.1999999999995,10,274.1999999999995,2opt,notBad
14397,10,274.1999999999995,10,274.1999999999995,move,improve
14398,10,274.1999999999995,10,274.1999999999995,swap,notBad
14399,10,274.1999999999995,10,274.1999999999995,swap,notBad
14400,10,274.1999999999995,10,274.1999999999995,swap,notBad
14401,10,274.1999999999995,10,274.1999999999995,move,improve
14402,10,274.1999999999995,10,274.1999999999995,2opt,notBad
14403,10,274.1999999999995,10,274.1999999999995,move,improve
14404,10,274.1999999999995,10,274.1999999999995,swap,notBad
14405,10,274.1999999999995,10,274.1999999999995,swap,notBad
14406,10,274.1999999999995,10,274.1999999999995,swap,notBad
14407,10,274.1999999999995,10,274.1999999999995,move,improve
14408,10,274.1999999999995,10,274.1999999999995,swap,notBad
14409,10,274.1999999999995,10,274.1999999999995,move,improve
14410,10,274.1999999999995,10,274.1999999999995,move,improve
14411,10,274.1999999999995,10,274.1999999999995,move,improve
14412,10,274.1999999999995,10,274.1999999999995,2opt,notBad
14413,10,274.1999999999995,10,274.1999999999995,2opt,notBad
14414,10,274.1999999999995,10,274.1999999999995,swap,notBad
14415,10,274.1999999999995,10,274.1999999999995,swap,notBad
14416,10,274.1999999999995,10,274.1999999999995,2opt,notBad
14417,10,274.1999999999995,10,274.1999999999995,move,improve
14418,10,274.1999999999995,10,274.1999999999995,move,improve
14419,10,274.4199999999995,10,274.1999999999995,swap,acceptBad
14420,10,274.4199999999995,10,274.1999999999995,2opt,notBad
14421,10,274.4199999999995,10,274.1999999999995,2opt,notBad
14422,10,274.4199999999995,10,274.1999999999995,move,improve
14423,10,274.4199999999995,10,274.1999999999995,move,improve
14424,10,274.4199999999995,10,274.1999999999995,swap,notBad
14425,10,274.39999999999947,10,274.1999999999995,move,improve
14426,10,274.39999999999947,10,274.1999999999995,move,improve
14427,10,274.39999999999947,10,274.1999999999995,swap,notBad
14428,10,274.39999999999947,10,274.1999999999995,move,improve
14429,10,274.39999999999947,10,274.1999999999995,2opt,notBad
14430,10,274.39999999999947,10,274.1999999999995,move,improve
14431,10,274.39999999999947,10,274.1999999999995,2opt,notBad
14432,10,274.39999999999947,10,274.1999999999995,swap,notBad
14433,10,274.39999999999947,10,274.1999999999995,swap,notBad
14434,10,274.39999999999947,10,274.1999999999995,2opt,notBad
14435,10,274.39999999999947,10,274.1999999999995,move,improve
14436,10,274.39999999999947,10,274.1999999999995,2opt,notBad
14437,10,274.39999999999947,10,274.1999999999995,2opt,notBad
14438,10,274.39999999999947,10,274.1999999999995,swap,notBad
14439,10,274.39999999999947,10,274.1999999999995,move,improve
14440,10,274.39999999999947,10,274.1999999999995,move,improve
14441,10,274.39999999999947,10,274.1999999999995,swap,notBad
14442,10,274.39999999999947,10,274.1999999999995,move,improve
14443,10,274.39999999999947,10,274.1999999999995,swap,notBad
14444,10,274.39999999999947,10,274.1999999999995,swap,notBad
14445,10,274.39999999999947,10,274.1999999999995,move,improve
14446,10,274.39999999999947,10,274.1999999999995,move,improve
14447,10,274.39999999999947,10,274.1999999999995,move,improve
14448,10,274.39999999999947,10,274.1999999999995,2opt,notBad
14449,10,274.3999999999994,10,274.1999999999995,move,improve
14450,10,274.3999999999994,10,274.1999999999995,move,improve
14451,10,274.3999999999994,10,274.1999999999995,swap,notBad
14452,10,274.3999999999994,10,274.1999999999995,swap,notBad
14453,10,274.3999999999994,10,274.1999999999995,2opt,notBad
14454,10,274.3999999999994,10,274.1999999999995,swap,notBad
14455,10,274.3999999999994,10,274.1999999999995,2opt,notBad
14456,10,274.3999999999994,10,274.1999999999995,swap,notBad
14457,10,274.3999999999994,10,274.1999999999995,swap,notBad
14458,10,274.3999999999994,10,274.1999999999995,swap,notBad
14459,10,274.3999999999994,10,274.1999999999995,swap,notBad
14460,10,274.3999999999994,10,274.1999999999995,2opt,notBad
14461,10,274.3999999999994,10,274.1999999999995,move,improve
14462,10,274.3999999999994,10,274.1999999999995,2opt,notBad
14463,10,274.3999999999994,10,274.1999999999995,2opt,notBad
14464,10,274.3999999999994,10,274.1999999999995,move,improve
14465,10,274.3999999999994,10,274.1999999999995,2opt,notBad
14466,10,274.3999999999994,10,274.1999999999995,swap,notBad
14467,10,274.3999999999994,10,274.1999999999995,move,improve
14468,10,274.3999999999994,10,274.1999999999995,move,improve
14469,10,274.3999999999994,10,274.1999999999995,2opt,notBad
14470,10,274.3999999999994,10,274.1999999999995,2opt,improve
14471,10,274.3999999999994,10,274.1999999999995,move,improve
14472,10,274.3999999999994,10,274.1999999999995,move,improve
14473,10,274.3999999999994,10,274.1999999999995,2opt,notBad
14474,10,274.3999999999994,10,274.1999999999995,move,improve
14475,10,274.3999999999994,10,274.1999999999995,swap,notBad
14476,10,274.3999999999994,10,274.1999999999995,move,improve
14477,10,274.3999999999994,10,274.1999999999995,2opt,notBad
14478,10,274.3999999999994,10,274.1999999999995,swap,notBad
14479,10,274.3999999999994,10,274.1999999999995,swap,notBad
14480,10,274.3999999999994,10,274.1999999999995,2opt,notBad
14481,10,274.3999999999994,10,274.1999999999995,swap,notBad
14482,10,274.3999999999994,10,274.1999999999995,move,improve
14483,10,274.3999999999994,10,274.1999999999995,2opt,improve
14484,10,274.3999999999994,10,274.1999999999995,swap,notBad
14485,10,274.3999999999994,10,274.1999999999995,swap,notBad
14486,10,274.3999999999994,10,274.1999999999995,swap,notBad
14487,10,274.3999999999994,10,274.1999999999995,move,improve
14488,10,274.3999999999994,10,274.1999999999995,move,improve
14489,10,274.3999999999994,10,274.1999999999995,2opt,notBad
14490,10,274.3999999999994,10,274.1999999999995,move,improve
14491,10,274.3999999999994,10,274.1999999999995,2opt,notBad
14492,10,274.3999999999994,10,274.1999999999995,2opt,notBad
14493,10,274.3999999999994,10,274.1999999999995,move,improve
14494,10,274.3999999999994,10,274.1999999999995,move,improve
14495,10,274.3999999999994,10,274.1999999999995,2opt,notBad
14496,10,274.3999999999994,10,274.1999999999995,move,improve
14497,10,274.3999999999994,10,274.1999999999995,swap,notBad
14498,10,274.3999999999994,10,274.1999999999995,swap,notBad
14499,10,274.3999999999994,10,274.1999999999995,2opt,notBad
14500,10,274.3999999999994,10,274.1999999999995,2opt,notBad
14501,10,274.3999999999994,10,274.1999999999995,swap,notBad
14502,10,274.3999999999994,10,274.1999999999995,move,improve
14503,10,274.3999999999994,10,274.1999999999995,swap,notBad
14504,10,274.3999999999994,10,274.1999999999995,swap,notBad
14505,10,274.3999999999994,10,274.1999999999995,2opt,notBad
14506,10,274.3999999999994,10,274.1999999999995,move,improve
14507,10,274.3999999999994,10,274.1999999999995,swap,notBad
14508,10,274.3999999999994,10,274.1999999999995,2opt,improve
14509,10,274.3999999999994,10,274.1999999999995,move,improve
14510,10,274.3999999999994,10,274.1999999999995,2opt,notBad
14511,10,274.3999999999994,10,274.1999999999995,swap,notBad
14512,10,274.3999999999994,10,274.1999999999995,move,improve
14513,10,274.3999999999994,10,274.1999999999995,move,improve
14514,10,274.3999999999994,10,274.1999999999995,swap,notBad
14515,10,274.3999999999994,10,274.1999999999995,move,improve
14516,10,274.3999999999994,10,274.1999999999995,swap,notBad
14517,10,274.3999999999994,10,274.1999999999995,move,improve
14518,10,274.3999999999994,10,274.1999999999995,2opt,notBad
14519,10,274.3999999999994,10,274.1999999999995,move,improve
14520,10,274.3999999999994,10,274.1999999999995,move,improve
14521,10,274.3999999999994,10,274.1999999999995,2opt,notBad
14522,10,274.3999999999994,10,274.1999999999995,move,improve
14523,10,274.3999999999994,10,274.1999999999995,2opt,notBad
14524,10,274.1999999999995,10,274.1999999999995,move,improve
14525,10,274.1999999999995,10,274.1999999999995,move,improve
14526,10,274.1999999999995,10,274.1999999999995,move,notBad
14527,10,274.1999999999995,10,274.1999999999995,move,improve
14528,10,274.1999999999995,10,274.1999999999995,move,improve
14529,10,274.1999999999995,10,274.1999999999995,move,improve
14530,10,274.1999999999995,10,274.1999999999995,move,improve
14531,10,274.1999999999995,10,274.1999999999995,swap,notBad
14532,10,274.1999999999995,10,274.1999999999995,swap,notBad
14533,10,274.1999999999995,10,274.1999999999995,move,improve
14534,10,274.1999999999995,10,274.1999999999995,swap,notBad
14535,10,274.1999999999995,10,274.1999999999995,2opt,notBad
14536,10,274.1999999999995,10,274.1999999999995,swap,notBad
14537,10,274.1999999999995,10,274.1999999999995,swap,notBad
14538,10,274.1999999999995,10,274.1999999999995,swap,notBad
14539,10,274.1999999999995,10,274.1999999999995,2opt,notBad
14540,10,274.1999999999995,10,274.1999999999995,move,improve
14541,10,274.1999999999995,10,274.1999999999995,2opt,improve
14542,10,274.1999999999995,10,274.1999999999995,2opt,improve
14543,10,274.1999999999995,10,274.1999999999995,2opt,notBad
14544,10,274.1999999999995,10,274.1999999999995,swap,notBad
14545,10,274.1999999999995,10,274.1999999999995,move,improve
14546,10,274.1999999999995,10,274.1999999999995,2opt,notBad
14547,10,274.1999999999995,10,274.1999999999995,move,improve
14548,10,274.1999999999995,10,274.1999999999995,2opt,notBad
14549,10,274.1999999999995,10,274.1999999999995,move,improve
14550,10,274.1999999999995,10,274.1999999999995,2opt,notBad
14551,10,274.1999999999995,10,274.1999999999995,swap,notBad
14552,10,274.1999999999995,10,274.1999999999995,swap,notBad
14553,10,274.1999999999995,10,274.1999999999995,move,improve
14554,10,274.1999999999995,10,274.1999999999995,swap,notBad
14555,10,274.1999999999995,10,274.1999999999995,swap,notBad
14556,10,274.1999999999995,10,274.1999999999995,swap,notBad
14557,10,274.1999999999995,10,274.1999999999995,move,improve
14558,10,274.1999999999995,10,274.1999999999995,move,improve
14559,10,274.1999999999995,10,274.1999999999995,swap,notBad
14560,10,274.1999999999995,10,274.1999999999995,2opt,notBad
14561,10,274.1999999999995,10,274.1999999999995,2opt,notBad
14562,10,273.9399999999995,10,273.9399999999995,swap,newBest
14563,10,273.9399999999995,10,273.9399999999995,swap,notBad
14564,10,273.9399999999995,10,273.9399999999995,swap,notBad
14565,10,273.9399999999995,10,273.9399999999995,2opt,notBad
14566,10,273.9399999999995,10,273.9399999999995,2opt,notBad
14567,10,273.9399999999995,10,273.9399999999995,swap,notBad
14568,10,273.9399999999995,10,273.9399999999995,swap,notBad
14569,10,273.9399999999995,10,273.9399999999995,2opt,notBad
14570,10,273.9399999999995,10,273.9399999999995,swap,notBad
14571,10,273.9399999999995,10,273.9399999999995,move,improve
14572,10,273.9399999999995,10,273.9399999999995,2opt,notBad
14573,10,273.9399999999995,10,273.9399999999995,move,improve
14574,10,273.9399999999995,10,273.9399999999995,move,improve
14575,10,273.9399999999995,10,273.9399999999995,2opt,notBad
14576,10,273.9399999999995,10,273.9399999999995,move,improve
14577,10,273.9399999999995,10,273.9399999999995,swap,notBad
14578,10,273.9399999999995,10,273.9399999999995,move,improve
14579,10,273.9399999999995,10,273.9399999999995,2opt,notBad
14580,10,273.9399999999995,10,273.9399999999995,move,improve
14581,10,273.9399999999995,10,273.9399999999995,2opt,notBad
14582,10,273.9399999999995,10,273.9399999999995,move,improve
14583,10,273.9399999999995,10,273.9399999999995,2opt,notBad
14584,10,273.9399999999995,10,273.9399999999995,swap,notBad
14585,10,273.9399999999995,10,273.9399999999995,swap,notBad
14586,10,273.9399999999995,10,273.9399999999995,move,improve
14587,10,273.9399999999995,10,273.9399999999995,swap,notBad
14588,10,273.9399999999995,10,273.9399999999995,move,improve
14589,10,273.9399999999995,10,273.9399999999995,move,improve
14590,10,273.9399999999995,10,273.9399999999995,2opt,notBad
14591,10,273.9399999999995,10,273.9399999999995,swap,notBad
14592,10,273.9399999999995,10,273.9399999999995,swap,notBad
14593,10,273.9399999999995,10,273.9399999999995,2opt,notBad
14594,10,273.9399999999995,10,273.9399999999995,swap,notBad
14595,10,273.9399999999995,10,273.9399999999995,2opt,improve
14596,10,273.9399999999995,10,273.9399999999995,move,improve
14597,10,274.15999999999946,10,273.9399999999995,swap,acceptBad
14598,10,274.15999999999946,10,273.9399999999995,swap,notBad
14599,10,274.15999999999946,10,273.9399999999995,swap,notBad
14600,10,274.15999999999946,10,273.9399999999995,2opt,notBad
14601,10,274.15999999999946,10,273.9399999999995,move,improve
14602,10,274.15999999999946,10,273.9399999999995,2opt,notBad
14603,10,274.15999999999946,10,273.9399999999995,swap,notBad
14604,10,274.15999999999946,10,273.9399999999995,swap,notBad
14605,10,274.15999999999946,10,273.9399999999995,swap,notBad
14606,10,274.15999999999946,10,273.9399999999995,swap,notBad
14607,10,274.15999999999946,10,273.9399999999995,swap,notBad
14608,10,274.15999999999946,10,273.9399999999995,2opt,notBad
14609,10,274.15999999999985,10,273.9399999999995,swap,acceptBad
14610,10,274.15999999999985,10,273.9399999999995,2opt,notBad
14611,10,274.15999999999985,10,273.9399999999995,swap,notBad
14612,10,274.15999999999985,10,273.9399999999995,move,improve
14613,10,274.15999999999985,10,273.9399999999995,2opt,notBad
14614,10,274.15999999999985,10,273.9399999999995,swap,notBad
14615,10,274.13999999999976,10,273.9399999999995,move,improve
14616,10,274.13999999999976,10,273.9399999999995,2opt,notBad
14617,10,274.13999999999976,10,273.9399999999995,2opt,notBad
14618,10,274.13999999999976,10,273.9399999999995,2opt,notBad
14619,10,274.13999999999976,10,273.9399999999995,2opt,notBad
14620,10,274.13999999999976,10,273.9399999999995,swap,notBad
14621,10,274.13999999999976,10,273.9399999999995,swap,notBad
14622,10,274.13999999999976,10,273.9399999999995,move,improve
14623,10,274.13999999999976,10,273.9399999999995,swap,notBad
14624,10,274.13999999999976,10,273.9399999999995,swap,notBad
14625,10,274.13999999999976,10,273.9399999999995,swap,notBad
14626,10,274.13999999999976,10,273.9399999999995,2opt,notBad
14627,10,274.13999999999976,10,273.9399999999995,2opt,notBad
14628,10,274.13999999999976,10,273.9399999999995,2opt,notBad
14629,10,274.13999999999976,10,273.9399999999995,swap,notBad
14630,10,274.13999999999976,10,273.9399999999995,swap,notBad
14631,10,274.13999999999976,10,273.9399999999995,move,improve
14632,10,274.13999999999976,10,273.9399999999995,move,improve
14633,10,274.13999999999976,10,273.9399999999995,swap,notBad
14634,10,274.13999999999976,10,273.9399999999995,swap,notBad
14635,10,274.13999999999976,10,273.9399999999995,swap,notBad
14636,10,274.13999999999976,10,273.9399999999995,swap,notBad
14637,10,274.13999999999976,10,273.9399999999995,2opt,notBad
14638,10,274.13999999999976,10,273.9399999999995,2opt,notBad
14639,10,274.13999999999976,10,273.9399999999995,swap,notBad
14640,10,274.13999999999976,10,273.9399999999995,swap,notBad
14641,10,274.13999999999976,10,273.9399999999995,2opt,notBad
14642,10,274.13999999999976,10,273.9399999999995,move,improve
14643,10,274.13999999999976,10,273.9399999999995,swap,notBad
14644,10,274.13999999999976,10,273.9399999999995,move,improve
14645,10,274.13999999999976,10,273.9399999999995,swap,notBad
14646,10,274.13999999999976,10,273.9399999999995,swap,notBad
14647,10,274.13999999999976,10,273.9399999999995,swap,notBad
14648,10,274.13999999999976,10,273.9399999999995,swap,notBad
14649,10,274.13999999999976,10,273.9399999999995,move,improve
14650,10,274.13999999999976,10,273.9399999999995,swap,notBad
14651,10,274.13999999999976,10,273.9399999999995,swap,notBad
14652,10,274.13999999999976,10,273.9399999999995,2opt,notBad
14653,10,274.13999999999976,10,273.9399999999995,2opt,notBad
14654,10,274.13999999999976,10,273.9399999999995,swap,notBad
14655,10,274.13999999999976,10,273.9399999999995,move,improve
14656,10,274.13999999999976,10,273.9399999999995,move,improve
14657,10,274.13999999999976,10,273.9399999999995,swap,notBad
14658,10,274.13999999999976,10,273.9399999999995,swap,notBad
14659,10,274.13999999999976,10,273.9399999999995,swap,notBad
14660,10,274.13999999999976,10,273.9399999999995,move,improve
14661,10,274.13999999999976,10,273.9399999999995,swap,notBad
14662,10,274.13999999999976,10,273.9399999999995,swap,notBad
14663,10,274.13999999999976,10,273.9399999999995,move,improve
14664,10,274.13999999999976,10,273.9399999999995,move,improve
14665,10,274.13999999999976,10,273.9399999999995,swap,notBad
14666,10,274.13999999999976,10,273.9399999999995,move,improve
14667,10,274.13999999999976,10,273.9399999999995,move,improve
14668,10,274.13999999999976,10,273.9399999999995,move,improve
14669,10,274.13999999999976,10,273.9399999999995,2opt,notBad
14670,10,274.13999999999976,10,273.9399999999995,swap,notBad
14671,10,274.13999999999976,10,273.9399999999995,2opt,notBad
14672,10,274.13999999999976,10,273.9399999999995,2opt,notBad
14673,10,274.13999999999976,10,273.9399999999995,swap,notBad
14674,10,274.13999999999976,10,273.9399999999995,2opt,notBad
14675,10,274.13999999999976,10,273.9399999999995,move,improve
14676,10,274.13999999999976,10,273.9399999999995,swap,notBad
14677,10,274.13999999999976,10,273.9399999999995,move,improve
14678,10,274.13999999999976,10,273.9399999999995,2opt,notBad
14679,10,274.13999999999976,10,273.9399999999995,2opt,notBad
14680,10,274.13999999999976,10,273.9399999999995,2opt,notBad
14681,10,274.13999999999976,10,273.9399999999995,swap,notBad
14682,10,274.13999999999976,10,273.9399999999995,2opt,notBad
14683,10,274.13999999999976,10,273.9399999999995,move,improve
14684,10,274.13999999999976,10,273.9399999999995,swap,notBad
14685,10,274.13999999999976,10,273.9399999999995,swap,notBad
14686,10,274.13999999999976,10,273.9399999999995,move,improve
14687,10,274.13999999999976,10,273.9399999999995,move,improve
14688,10,274.13999999999976,10,273.9399999999995,move,improve
14689,10,274.13999999999976,10,273.9399999999995,move,improve
14690,10,274.1399999999994,10,273.9399999999995,move,improve
14691,10,274.1399999999994,10,273.9399999999995,2opt,notBad
14692,10,274.1399999999994,10,273.9399999999995,move,improve
14693,10,274.1399999999994,10,273.9399999999995,move,improve
14694,10,274.1399999999994,10,273.9399999999995,swap,notBad
14695,10,274.1399999999994,10,273.9399999999995,2opt,notBad
14696,10,274.1399999999994,10,273.9399999999995,2opt,improve
14697,10,274.1399999999994,10,273.9399999999995,2opt,notBad
14698,10,274.1399999999994,10,273.9399999999995,2opt,notBad
14699,10,274.1399999999994,10,273.9399999999995,2opt,notBad
14700,10,274.1399999999994,10,273.9399999999995,2opt,notBad
14701,10,274.1399999999994,10,273.9399999999995,2opt,notBad
14702,10,274.1399999999994,10,273.9399999999995,2opt,notBad
14703,10,274.1399999999994,10,273.9399999999995,move,improve
14704,10,274.1399999999994,10,273.9399999999995,move,improve
14705,10,274.1399999999994,10,273.9399999999995,swap,notBad
14706,10,274.1399999999994,10,273.9399999999995,2opt,notBad
14707,10,274.1399999999994,10,273.9399999999995,move,improve
14708,10,274.1399999999994,10,273.9399999999995,2opt,notBad
14709,10,274.1399999999994,10,273.9399999999995,2opt,notBad
14710,10,274.1399999999994,10,273.9399999999995,swap,notBad
14711,10,274.1399999999994,10,273.9399999999995,swap,notBad
14712,10,274.1399999999994,10,273.9399999999995,move,improve
14713,10,274.1399999999994,10,273.9399999999995,swap,notBad
14714,10,274.1399999999994,10,273.9399999999995,2opt,notBad
14715,10,274.1399999999994,10,273.9399999999995,move,improve
14716,10,274.1399999999994,10,273.9399999999995,swap,notBad
14717,10,274.1399999999994,10,273.9399999999995,move,notBad
14718,10,274.1399999999994,10,273.9399999999995,move,notBad
14719,10,274.1399999999994,10,273.9399999999995,move,improve
14720,10,274.1399999999994,10,273.9399999999995,2opt,notBad
14721,10,274.1399999999994,10,273.9399999999995,2opt,notBad
14722,10,274.1399999999994,10,273.9399999999995,2opt,improve
14723,10,274.1399999999994,10,273.9399999999995,swap,notBad
14724,10,274.1399999999994,10,273.9399999999995,2opt,notBad
14725,10,274.1399999999994,10,273.9399999999995,2opt,notBad
14726,10,274.1399999999994,10,273.9399999999995,move,improve
14727,10,274.1399999999994,10,273.9399999999995,swap,notBad
14728,10,274.1399999999994,10,273.9399999999995,swap,notBad
14729,10,274.1399999999994,10,273.9399999999995,swap,notBad
14730,10,274.1399999999994,10,273.9399999999995,swap,improve
14731,10,274.1399999999994,10,273.9399999999995,move,improve
14732,10,274.1399999999994,10,273.9399999999995,move,improve
14733,10,274.1399999999994,10,273.9399999999995,move,improve
14734,10,274.1399999999994,10,273.9399999999995,2opt,notBad
14735,10,274.1399999999994,10,273.9399999999995,move,improve
14736,10,274.1399999999994,10,273.9399999999995,move,improve
14737,10,274.1399999999994,10,273.9399999999995,move,improve
14738,10,274.1399999999994,10,273.9399999999995,swap,notBad
14739,10,274.1399999999994,10,273.9399999999995,move,improve
14740,10,274.1399999999994,10,273.9399999999995,swap,notBad
14741,10,274.1399999999994,10,273.9399999999995,2opt,notBad
14742,10,274.1399999999994,10,273.9399999999995,swap,notBad
14743,10,274.1399999999994,10,273.9399999999995,move,improve
14744,10,274.1399999999994,10,273.9399999999995,swap,notBad
14745,10,274.1399999999994,10,273.9399999999995,move,improve
14746,10,274.1399999999994,10,273.9399999999995,2opt,notBad
14747,10,274.1399999999994,10,273.9399999999995,2opt,notBad
14748,10,274.1399999999994,10,273.9399999999995,move,improve
14749,10,274.1399999999994,10,273.9399999999995,swap,notBad
14750,10,274.1399999999994,10,273.9399999999995,move,improve
14751,10,274.1399999999994,10,273.9399999999995,move,improve
14752,10,274.1399999999994,10,273.9399999999995,2opt,notBad
14753,10,274.1399999999994,10,273.9399999999995,move,improve
14754,10,274.1399999999994,10,273.9399999999995,2opt,notBad
14755,10,274.1399999999994,10,273.9399999999995,swap,notBad
14756,10,274.1399999999994,10,273.9399999999995,swap,notBad
14757,10,274.1399999999994,10,273.9399999999995,move,improve
14758,10,274.1399999999994,10,273.9399999999995,2opt,notBad
14759,10,274.1399999999994,10,273.9399999999995,2opt,notBad
14760,10,274.1399999999994,10,273.9399999999995,move,improve
14761,10,274.1399999999994,10,273.9399999999995,swap,notBad
14762,10,274.1399999999994,10,273.9399999999995,2opt,notBad
14763,10,274.3999999999994,10,273.9399999999995,swap,acceptBad
14764,10,274.3999999999994,10,273.9399999999995,2opt,notBad
14765,10,274.3999999999994,10,273.9399999999995,swap,notBad
14766,10,274.3999999999994,10,273.9399999999995,swap,notBad
14767,10,274.3999999999994,10,273.9399999999995,move,improve
14768,10,274.3999999999994,10,273.9399999999995,2opt,notBad
14769,10,274.3999999999994,10,273.9399999999995,2opt,notBad
14770,10,274.3999999999994,10,273.9399999999995,swap,notBad
14771,10,274.3999999999994,10,273.9399999999995,2opt,notBad
14772,10,274.3999999999994,10,273.9399999999995,move,improve
14773,10,274.3999999999994,10,273.9399999999995,2opt,notBad
14774,10,274.3999999999994,10,273.9399999999995,2opt,notBad
14775,10,274.3999999999994,10,273.9399999999995,2opt,notBad
14776,10,274.3999999999994,10,273.9399999999995,2opt,notBad
14777,10,274.3999999999994,10,273.9399999999995,2opt,notBad
14778,10,274.3999999999994,10,273.9399999999995,move,improve
14779,10,274.3999999999994,10,273.9399999999995,swap,notBad
14780,10,274.3999999999994,10,273.9399999999995,swap,notBad
14781,10,274.3999999999994,10,273.9399999999995,2opt,notBad
14782,10,274.3999999999994,10,273.9399999999995,move,improve
14783,10,274.3999999999994,10,273.9399999999995,move,improve
14784,10,274.3999999999994,10,273.9399999999995,2opt,notBad
14785,10,274.3999999999994,10,273.9399999999995,swap,notBad
14786,10,274.3999999999994,10,273.9399999999995,move,improve
14787,10,274.3999999999994,10,273.9399999999995,move,improve
14788,10,274.3999999999994,10,273.9399999999995,swap,notBad
14789,10,274.3999999999994,10,273.9399999999995,2opt,notBad
14790,10,274.3999999999994,10,273.9399999999995,move,improve
14791,10,274.3999999999994,10,273.9399999999995,swap,notBad
14792,10,274.3999999999994,10,273.9399999999995,2opt,notBad
14793,10,274.3999999999994,10,273.9399999999995,2opt,notBad
14794,10,274.3999999999994,10,273.9399999999995,2opt,notBad
14795,10,274.3999999999994,10,273.9399999999995,2opt,notBad
14796,10,274.3999999999994,10,273.9399999999995,2opt,notBad
14797,10,274.3999999999994,10,273.9399999999995,swap,notBad
14798,10,274.3999999999994,10,273.9399999999995,move,improve
14799,10,274.3999999999994,10,273.9399999999995,2opt,notBad
14800,10,274.3999999999994,10,273.9399999999995,move,improve
14801,10,274.3999999999994,10,273.9399999999995,move,improve
14802,10,274.3999999999994,10,273.9399999999995,move,improve
14803,10,274.3999999999994,10,273.9399999999995,move,improve
14804,10,274.3999999999994,10,273.9399999999995,move,improve
14805,10,274.3999999999994,10,273.9399999999995,move,improve
14806,10,274.3999999999994,10,273.9399999999995,swap,notBad
14807,10,274.3999999999994,10,273.9399999999995,move,improve
14808,10,274.3999999999994,10,273.9399999999995,2opt,notBad
14809,10,274.3999999999994,10,273.9399999999995,swap,notBad
14810,10,274.3999999999994,10,273.9399999999995,swap,notBad
14811,10,274.3999999999994,10,273.9399999999995,2opt,notBad
14812,10,274.3999999999994,10,273.9399999999995,move,improve
14813,10,274.3999999999994,10,273.9399999999995,swap,notBad
14814,10,274.3999999999994,10,273.9399999999995,move,improve
14815,10,274.3999999999994,10,273.9399999999995,swap,notBad
14816,10,274.3999999999994,10,273.9399999999995,2opt,notBad
14817,10,274.3999999999994,10,273.9399999999995,swap,notBad
14818,10,274.3999999999994,10,273.9399999999995,swap,notBad
14819,10,274.3999999999994,10,273.9399999999995,swap,notBad
14820,10,274.3999999999994,10,273.9399999999995,2opt,improve
14821,10,274.3999999999994,10,273.9399999999995,swap,notBad
14822,10,274.3999999999994,10,273.9399999999995,swap,notBad
14823,10,274.3999999999994,10,273.9399999999995,2opt,notBad
14824,10,274.3999999999994,10,273.9399999999995,2opt,notBad
14825,10,274.3999999999994,10,273.9399999999995,2opt,notBad
14826,10,274.3999999999994,10,273.9399999999995,move,improve
14827,10,274.3999999999994,10,273.9399999999995,2opt,notBad
14828,10,274.3999999999994,10,273.9399999999995,swap,notBad
14829,10,274.3999999999994,10,273.9399999999995,move,improve
14830,10,274.3999999999994,10,273.9399999999995,move,improve
14831,10,274.3999999999994,10,273.9399999999995,2opt,notBad
14832,10,274.3999999999994,10,273.9399999999995,move,improve
14833,10,274.3999999999994,10,273.9399999999995,swap,notBad
14834,10,274.3999999999994,10,273.9399999999995,move,improve
14835,10,274.3999999999994,10,273.9399999999995,swap,notBad
14836,10,274.3999999999994,10,273.9399999999995,move,improve
14837,10,274.3999999999994,10,273.9399999999995,move,improve
14838,10,274.3999999999994,10,273.9399999999995,move,improve
14839,10,274.3999999999994,10,273.9399999999995,swap,notBad
14840,10,274.3999999999994,10,273.9399999999995,2opt,notBad
14841,10,274.3999999999994,10,273.9399999999995,2opt,improve
14842,10,274.3999999999994,10,273.9399999999995,swap,notBad
14843,10,274.3999999999994,10,273.9399999999995,move,improve
14844,10,274.3999999999994,10,273.9399999999995,swap,notBad
14845,10,274.3999999999994,10,273.9399999999995,2opt,notBad
14846,10,274.3999999999994,10,273.9399999999995,2opt,improve
14847,10,274.3999999999994,10,273.9399999999995,2opt,notBad
14848,10,274.3999999999994,10,273.9399999999995,swap,notBad
14849,10,274.3999999999994,10,273.9399999999995,move,improve
14850,10,274.3999999999994,10,273.9399999999995,2opt,notBad
14851,10,274.3999999999994,10,273.9399999999995,swap,notBad
14852,10,274.3999999999994,10,273.9399999999995,swap,notBad
14853,10,274.3999999999994,10,273.9399999999995,2opt,notBad
14854,10,274.3999999999994,10,273.9399999999995,swap,notBad
14855,10,274.3999999999994,10,273.9399999999995,move,improve
14856,10,274.3999999999994,10,273.9399999999995,2opt,notBad
14857,10,274.3999999999994,10,273.9399999999995,2opt,notBad
14858,10,274.3999999999994,10,273.9399999999995,move,improve
14859,10,274.3999999999994,10,273.9399999999995,move,improve
14860,10,274.3999999999994,10,273.9399999999995,2opt,notBad
14861,10,274.3999999999994,10,273.9399999999995,swap,notBad
14862,10,274.3999999999994,10,273.9399999999995,swap,notBad
14863,10,274.3999999999994,10,273.9399999999995,move,improve
14864,10,274.3999999999994,10,273.9399999999995,swap,notBad
14865,10,274.3999999999994,10,273.9399999999995,2opt,notBad
14866,10,274.3999999999994,10,273.9399999999995,move,improve
14867,10,274.3999999999994,10,273.9399999999995,swap,notBad
14868,10,274.3999999999994,10,273.9399999999995,swap,notBad
14869,10,274.3999999999994,10,273.9399999999995,swap,notBad
14870,10,274.1999999999995,10,273.9399999999995,move,improve
14871,10,274.1999999999995,10,273.9399999999995,move,improve
14872,10,274.1999999999995,10,273.9399999999995,swap,notBad
14873,10,274.1999999999995,10,273.9399999999995,move,improve
14874,10,274.1999999999995,10,273.9399999999995,swap,notBad
14875,10,274.1999999999995,10,273.9399999999995,move,improve
14876,10,274.1999999999995,10,273.9399999999995,2opt,notBad
14877,10,274.1999999999995,10,273.9399999999995,move,improve
14878,10,274.1999999999995,10,273.9399999999995,2opt,notBad
14879,10,274.1999999999995,10,273.9399999999995,2opt,notBad
14880,10,274.1999999999995,10,273.9399999999995,2opt,notBad
14881,10,274.1999999999995,10,273.9399999999995,2opt,notBad
14882,10,274.1999999999995,10,273.9399999999995,swap,notBad
14883,10,274.1999999999995,10,273.9399999999995,move,improve
14884,10,274.1999999999995,10,273.9399999999995,2opt,notBad
14885,10,274.1999999999995,10,273.9399999999995,2opt,notBad
14886,10,274.1999999999995,10,273.9399999999995,2opt,notBad
14887,10,274.1999999999995,10,273.9399999999995,swap,notBad
14888,10,274.1999999999995,10,273.9399999999995,2opt,notBad
14889,10,274.1999999999995,10,273.9399999999995,swap,notBad
14890,10,274.1999999999995,10,273.9399999999995,swap,notBad
14891,10,274.1999999999995,10,273.9399999999995,2opt,notBad
14892,10,274.1999999999995,10,273.9399999999995,move,improve
14893,10,274.1999999999995,10,273.9399999999995,swap,notBad
14894,10,274.1999999999995,10,273.9399999999995,2opt,notBad
14895,10,274.1999999999995,10,273.9399999999995,2opt,notBad
14896,10,274.1999999999995,10,273.9399999999995,swap,notBad
14897,10,274.1999999999995,10,273.9399999999995,2opt,notBad
14898,10,274.1999999999995,10,273.9399999999995,swap,notBad
14899,10,274.1999999999995,10,273.9399999999995,2opt,notBad
14900,10,274.1999999999995,10,273.9399999999995,2opt,notBad
14901,10,274.1999999999995,10,273.9399999999995,swap,notBad
14902,10,274.1999999999995,10,273.9399999999995,move,improve
14903,10,274.1999999999995,10,273.9399999999995,move,improve
14904,10,274.1999999999995,10,273.9399999999995,2opt,notBad
14905,10,274.1999999999995,10,273.9399999999995,swap,notBad
14906,10,274.1999999999995,10,273.9399999999995,move,improve
14907,10,274.1999999999995,10,273.9399999999995,move,improve
14908,10,274.1999999999995,10,273.9399999999995,swap,notBad
14909,10,274.1999999999995,10,273.9399999999995,swap,notBad
14910,10,274.1999999999995,10,273.9399999999995,move,improve
14911,10,274.1999999999995,10,273.9399999999995,swap,notBad
14912,10,274.1999999999995,10,273.9399999999995,2opt,improve
14913,10,274.1999999999995,10,273.9399999999995,move,improve
14914,10,274.1999999999995,10,273.9399999999995,2opt,notBad
14915,10,274.1999999999995,10,273.9399999999995,swap,notBad
14916,10,274.1999999999995,10,273.9399999999995,swap,notBad
14917,10,274.1999999999995,10,273.9399999999995,move,improve
14918,10,274.1999999999995,10,273.9399999999995,move,improve
14919,10,274.1999999999995,10,273.9399999999995,2opt,notBad
14920,10,274.1999999999995,10,273.9399999999995,move,improve
14921,10,274.1999999999995,10,273.9399999999995,2opt,notBad
14922,10,274.1999999999995,10,273.9399999999995,2opt,notBad
14923,10,274.1999999999995,10,273.9399999999995,move,improve
14924,10,274.1999999999995,10,273.9399999999995,2opt,notBad
14925,10,274.1999999999995,10,273.9399999999995,swap,notBad
14926,10,274.1999999999995,10,273.9399999999995,move,improve
14927,10,274.1999999999995,10,273.9399999999995,swap,notBad
14928,10,274.1999999999995,10,273.9399999999995,swap,notBad
14929,10,274.1999999999995,10,273.9399999999995,move,improve
14930,10,274.1999999999995,10,273.9399999999995,swap,notBad
14931,10,274.1999999999995,10,273.9399999999995,2opt,notBad
14932,10,274.1999999999995,10,273.9399999999995,2opt,notBad
14933,10,274.1999999999995,10,273.9399999999995,swap,notBad
14934,10,274.1999999999995,10,273.9399999999995,2opt,notBad
14935,10,274.1999999999995,10,273.9399999999995,move,improve
14936,10,274.1999999999995,10,273.9399999999995,move,improve
14937,10,274.1999999999995,10,273.9399999999995,2opt,notBad
14938,10,274.1999999999995,10,273.9399999999995,2opt,notBad
14939,10,274.1999999999995,10,273.9399999999995,swap,notBad
14940,10,274.1999999999995,10,273.9399999999995,2opt,notBad
14941,10,274.1999999999995,10,273.9399999999995,move,improve
14942,10,274.1999999999995,10,273.9399999999995,move,improve
14943,10,274.1999999999995,10,273.9399999999995,swap,improve
14944,10,274.1999999999995,10,273.9399999999995,swap,notBad
14945,10,274.1999999999995,10,273.9399999999995,move,improve
14946,10,274.1999999999995,10,273.9399999999995,swap,notBad
14947,10,274.1999999999995,10,273.9399999999995,move,improve
14948,10,274.1999999999995,10,273.9399999999995,swap,notBad
14949,10,274.1999999999995,10,273.9399999999995,swap,notBad
14950,10,274.1999999999995,10,273.9399999999995,swap,notBad
14951,10,274.1999999999995,10,273.9399999999995,2opt,notBad
14952,10,274.1999999999995,10,273.9399999999995,move,improve
14953,10,274.1999999999995,10,273.9399999999995,2opt,notBad
14954,10,274.1999999999995,10,273.9399999999995,swap,notBad
14955,10,274.1999999999995,10,273.9399999999995,swap,notBad
14956,10,274.1999999999995,10,273.9399999999995,2opt,improve
14957,10,274.1999999999995,10,273.9399999999995,swap,notBad
14958,10,274.1999999999995,10,273.9399999999995,2opt,notBad
14959,10,274.1999999999995,10,273.9399999999995,move,improve
14960,10,274.1999999999995,10,273.9399999999995,swap,notBad
14961,10,274.1999999999995,10,273.9399999999995,move,improve
14962,10,274.1999999999995,10,273.9399999999995,swap,notBad
14963,10,274.1999999999995,10,273.9399999999995,move,improve
14964,10,274.1999999999995,10,273.9399999999995,2opt,notBad
14965,10,274.1999999999995,10,273.9399999999995,2opt,notBad
14966,10,274.1999999999995,10,273.9399999999995,move,improve
14967,10,274.1999999999995,10,273.9399999999995,swap,notBad
14968,10,274.1999999999995,10,273.9399999999995,2opt,notBad
14969,10,274.1999999999995,10,273.9399999999995,2opt,notBad
14970,10,274.1999999999995,10,273.9399999999995,move,improve
14971,10,274.1999999999995,10,273.9399999999995,2opt,notBad
14972,10,274.1999999999995,10,273.9399999999995,swap,notBad
14973,10,274.1999999999995,10,273.9399999999995,2opt,notBad
14974,10,274.1999999999995,10,273.9399999999995,move,improve
14975,10,274.1999999999995,10,273.9399999999995,move,improve
14976,10,274.1999999999995,10,273.9399999999995,swap,notBad
14977,10,274.1999999999995,10,273.9399999999995,swap,notBad
14978,10,274.1999999999995,10,273.9399999999995,2opt,improve
14979,10,274.1999999999995,10,273.9399999999995,2opt,notBad
14980,10,274.1999999999995,10,273.9399999999995,swap,notBad
14981,10,274.1999999999995,10,273.9399999999995,2opt,notBad
14982,10,274.1999999999995,10,273.9399999999995,2opt,notBad
14983,10,274.1999999999995,10,273.9399999999995,2opt,notBad
14984,10,274.1999999999995,10,273.9399999999995,swap,notBad
14985,10,274.1999999999995,10,273.9399999999995,swap,notBad
14986,10,274.1999999999995,10,273.9399999999995,swap,notBad
14987,10,274.1999999999995,10,273.9399999999995,swap,notBad
14988,10,274.1999999999995,10,273.9399999999995,2opt,notBad
14989,10,274.1999999999995,10,273.9399999999995,move,improve
14990,10,274.1999999999995,10,273.9399999999995,2opt,notBad
14991,10,274.1999999999995,10,273.9399999999995,move,improve
14992,10,274.1999999999995,10,273.9399999999995,2opt,notBad
14993,10,274.1999999999995,10,273.9399999999995,2opt,notBad
14994,10,274.1999999999995,10,273.9399999999995,swap,notBad
14995,10,274.1999999999995,10,273.9399999999995,swap,notBad
14996,10,274.1999999999995,10,273.9399999999995,move,improve
14997,10,274.1999999999995,10,273.9399999999995,swap,notBad
14998,10,274.1999999999995,10,273.9399999999995,2opt,notBad
14999,10,274.1999999999995,10,273.9399999999995,swap,notBad
15000,10,274.1999999999995,10,273.9399999999995,move,improve
15001,10,274.1999999999995,10,273.9399999999995,move,improve
15002,10,274.1999999999995,10,273.9399999999995,swap,notBad
15003,10,274.1999999999995,10,273.9399999999995,move,notBad
15004,10,274.1999999999995,10,273.9399999999995,2opt,notBad
15005,10,274.1999999999995,10,273.9399999999995,swap,notBad
15006,10,274.1999999999995,10,273.9399999999995,swap,notBad
15007,10,274.1999999999995,10,273.9399999999995,swap,notBad
15008,10,274.1999999999995,10,273.9399999999995,swap,notBad
15009,10,274.1999999999995,10,273.9399999999995,swap,notBad
15010,10,274.1999999999995,10,273.9399999999995,2opt,notBad
15011,10,274.1999999999995,10,273.9399999999995,swap,notBad
15012,10,274.1999999999995,10,273.9399999999995,swap,notBad
15013,10,274.1999999999995,10,273.9399999999995,2opt,notBad
15014,10,274.1999999999995,10,273.9399999999995,2opt,notBad
15015,10,274.1999999999995,10,273.9399999999995,swap,notBad
15016,10,274.1999999999995,10,273.9399999999995,swap,notBad
15017,10,274.1999999999995,10,273.9399999999995,swap,notBad
15018,10,274.1999999999995,10,273.9399999999995,move,improve
15019,10,274.1999999999995,10,273.9399999999995,2opt,notBad
15020,10,274.1999999999995,10,273.9399999999995,swap,notBad
15021,10,274.1999999999995,10,273.9399999999995,move,improve
15022,10,274.1999999999995,10,273.9399999999995,2opt,notBad
15023,10,274.1999999999995,10,273.9399999999995,move,improve
15024,10,274.1999999999995,10,273.9399999999995,2opt,notBad
15025,10,274.1999999999995,10,273.9399999999995,move,improve
15026,10,274.1999999999995,10,273.9399999999995,move,improve
15027,10,274.1999999999995,10,273.9399999999995,swap,notBad
15028,10,274.1999999999995,10,273.9399999999995,move,improve
15029,10,274.1999999999995,10,273.9399999999995,2opt,notBad
15030,10,274.1999999999995,10,273.9399999999995,swap,notBad
15031,10,274.1999999999995,10,273.9399999999995,swap,notBad
15032,10,274.1999999999995,10,273.9399999999995,2opt,notBad
15033,10,274.1999999999995,10,273.9399999999995,swap,notBad
15034,10,274.1999999999995,10,273.9399999999995,move,improve
15035,10,274.1999999999995,10,273.9399999999995,swap,notBad
15036,10,274.1999999999995,10,273.9399999999995,2opt,notBad
15037,10,274.1999999999995,10,273.9399999999995,2opt,notBad
15038,10,274.1999999999995,10,273.9399999999995,swap,notBad
15039,10,274.1999999999995,10,273.9399999999995,swap,notBad
15040,10,274.1999999999995,10,273.9399999999995,swap,notBad
15041,10,274.1999999999995,10,273.9399999999995,swap,notBad
15042,10,274.1999999999995,10,273.9399999999995,move,improve
15043,10,274.1999999999995,10,273.9399999999995,2opt,notBad
15044,10,274.1999999999995,10,273.9399999999995,move,improve
15045,10,274.1999999999995,10,273.9399999999995,2opt,notBad
15046,10,274.1999999999995,10,273.9399999999995,2opt,notBad
15047,10,274.1999999999995,10,273.9399999999995,2opt,notBad
15048,10,274.1999999999995,10,273.9399999999995,2opt,notBad
15049,10,274.1999999999995,10,273.9399999999995,2opt,notBad
15050,10,274.1999999999995,10,273.9399999999995,2opt,notBad
15051,10,274.1999999999995,10,273.9399999999995,swap,notBad
15052,10,274.1999999999995,10,273.9399999999995,swap,notBad
15053,10,274.1999999999995,10,273.9399999999995,2opt,notBad
15054,10,274.1999999999995,10,273.9399999999995,move,improve
15055,10,274.1999999999995,10,273.9399999999995,2opt,notBad
15056,10,274.1999999999995,10,273.9399999999995,swap,notBad
15057,10,274.1999999999995,10,273.9399999999995,2opt,notBad
15058,10,274.1999999999995,10,273.9399999999995,2opt,notBad
15059,10,274.1999999999995,10,273.9399999999995,swap,notBad
15060,10,274.1999999999995,10,273.9399999999995,move,improve
15061,10,274.1999999999995,10,273.9399999999995,move,improve
15062,10,274.1999999999995,10,273.9399999999995,swap,notBad
15063,10,274.1999999999995,10,273.9399999999995,swap,notBad
15064,10,274.1999999999995,10,273.9399999999995,move,improve
15065,10,274.1999999999995,10,273.9399999999995,swap,notBad
15066,10,274.1999999999995,10,273.9399999999995,swap,notBad
15067,10,274.1999999999995,10,273.9399999999995,swap,notBad
15068,10,274.1999999999995,10,273.9399999999995,swap,notBad
15069,10,274.1999999999995,10,273.9399999999995,2opt,notBad
15070,10,274.1999999999995,10,273.9399999999995,2opt,notBad
15071,10,274.1999999999995,10,273.9399999999995,move,improve
15072,10,274.1999999999995,10,273.9399999999995,move,improve
15073,10,274.1999999999995,10,273.9399999999995,2opt,notBad
15074,10,274.1999999999995,10,273.9399999999995,2opt,notBad
15075,10,274.1999999999995,10,273.9399999999995,2opt,notBad
15076,10,274.1999999999995,10,273.9399999999995,swap,notBad
15077,10,274.1999999999995,10,273.9399999999995,move,improve
15078,10,274.1999999999995,10,273.9399999999995,move,improve
15079,10,274.1999999999995,10,273.9399999999995,move,improve
15080,10,274.1999999999995,10,273.9399999999995,swap,notBad
15081,10,274.1999999999995,10,273.9399999999995,2opt,notBad
15082,10,274.1999999999995,10,273.9399999999995,2opt,notBad
15083,10,274.1999999999995,10,273.9399999999995,move,improve
15084,10,274.1999999999995,10,273.9399999999995,2opt,improve
15085,10,274.1999999999995,10,273.9399999999995,swap,notBad
15086,10,274.1999999999995,10,273.9399999999995,2opt,notBad
15087,10,274.1999999999995,10,273.9399999999995,swap,notBad
15088,10,274.1999999999995,10,273.9399999999995,move,improve
15089,10,274.1999999999995,10,273.9399999999995,2opt,notBad
15090,10,274.1999999999995,10,273.9399999999995,2opt,notBad
15091,10,274.1999999999995,10,273.9399999999995,2opt,notBad
15092,10,274.1999999999995,10,273.9399999999995,swap,notBad
15093,10,274.1999999999995,10,273.9399999999995,swap,notBad
15094,10,274.1999999999995,10,273.9399999999995,swap,notBad
15095,10,274.1999999999995,10,273.9399999999995,swap,notBad
15096,10,274.1999999999995,10,273.9399999999995,swap,notBad
15097,10,274.1999999999995,10,273.9399999999995,move,improve
15098,10,274.1999999999995,10,273.9399999999995,swap,notBad
15099,10,274.1999999999995,10,273.9399999999995,move,improve
15100,10,274.1999999999995,10,273.9399999999995,move,improve
15101,10,274.1999999999995,10,273.9399999999995,swap,notBad
15102,10,274.1999999999995,10,273.9399999999995,2opt,notBad
15103,10,274.1999999999995,10,273.9399999999995,swap,notBad
15104,10,274.1999999999995,10,273.9399999999995,2opt,notBad
15105,10,274.1999999999995,10,273.9399999999995,2opt,notBad
15106,10,274.1999999999995,10,273.9399999999995,2opt,notBad
15107,10,274.1999999999995,10,273.9399999999995,swap,notBad
15108,10,274.1999999999995,10,273.9399999999995,swap,notBad
15109,10,274.1999999999995,10,273.9399999999995,swap,notBad
15110,10,274.1999999999995,10,273.9399999999995,2opt,notBad
15111,10,274.1999999999995,10,273.9399999999995,swap,notBad
15112,10,274.1999999999995,10,273.9399999999995,2opt,notBad
15113,10,274.1999999999995,10,273.9399999999995,swap,notBad
15114,10,274.1999999999995,10,273.9399999999995,swap,notBad
15115,10,274.1999999999995,10,273.9399999999995,swap,notBad
15116,10,274.1999999999995,10,273.9399999999995,2opt,improve
15117,10,274.1999999999995,10,273.9399999999995,swap,notBad
15118,10,274.1999999999995,10,273.9399999999995,swap,improve
15119,10,274.1999999999995,10,273.9399999999995,2opt,notBad
15120,10,274.1999999999995,10,273.9399999999995,swap,notBad
15121,10,274.1999999999995,10,273.9399999999995,swap,notBad
15122,10,274.1999999999995,10,273.9399999999995,swap,notBad
15123,10,274.1999999999995,10,273.9399999999995,move,improve
15124,10,274.1999999999995,10,273.9399999999995,move,improve
15125,10,274.1999999999995,10,273.9399999999995,2opt,notBad
15126,10,274.1999999999995,10,273.9399999999995,swap,notBad
15127,10,274.1999999999995,10,273.9399999999995,move,improve
15128,10,274.1999999999995,10,273.9399999999995,swap,notBad
15129,10,274.1999999999995,10,273.9399999999995,swap,notBad
15130,10,274.1999999999995,10,273.9399999999995,2opt,notBad
15131,10,274.1999999999995,10,273.9399999999995,2opt,notBad
15132,10,274.1999999999995,10,273.9399999999995,2opt,notBad
15133,10,274.1999999999995,10,273.9399999999995,swap,notBad
15134,10,274.1999999999995,10,273.9399999999995,move,improve
15135,10,274.1999999999995,10,273.9399999999995,move,improve
15136,10,274.1999999999995,10,273.9399999999995,move,improve
15137,10,274.1999999999995,10,273.9399999999995,swap,improve
15138,10,274.1999999999995,10,273.9399999999995,swap,notBad
15139,10,274.1999999999995,10,273.9399999999995,swap,notBad
15140,10,274.1999999999995,10,273.9399999999995,swap,notBad
15141,10,274.1999999999995,10,273.9399999999995,swap,notBad
15142,10,274.1999999999995,10,273.9399999999995,move,improve
15143,10,274.1999999999995,10,273.9399999999995,move,improve
15144,10,274.1999999999995,10,273.9399999999995,swap,notBad
15145,10,274.1999999999995,10,273.9399999999995,2opt,notBad
15146,10,274.1999999999995,10,273.9399999999995,move,improve
15147,10,274.1999999999995,10,273.9399999999995,move,improve
15148,10,274.1999999999995,10,273.9399999999995,swap,notBad
15149,10,274.1999999999995,10,273.9399999999995,swap,notBad
15150,10,274.1999999999995,10,273.9399999999995,move,improve
15151,10,274.1999999999995,10,273.9399999999995,move,improve
15152,10,274.1999999999995,10,273.9399999999995,2opt,notBad
15153,10,274.1999999999995,10,273.9399999999995,move,improve
15154,10,274.1999999999995,10,273.9399999999995,move,improve
15155,10,274.1999999999995,10,273.9399999999995,2opt,notBad
15156,10,274.1999999999995,10,273.9399999999995,swap,notBad
15157,10,274.1999999999995,10,273.9399999999995,move,improve
15158,10,274.1999999999995,10,273.9399999999995,swap,notBad
15159,10,274.1999999999995,10,273.9399999999995,move,improve
15160,10,274.1999999999995,10,273.9399999999995,swap,notBad
15161,10,274.1999999999995,10,273.9399999999995,move,improve
15162,10,274.1999999999995,10,273.9399999999995,2opt,notBad
15163,10,274.1999999999995,10,273.9399999999995,2opt,notBad
15164,10,274.1999999999995,10,273.9399999999995,move,improve
15165,10,274.1999999999995,10,273.9399999999995,2opt,notBad
15166,10,274.1999999999995,10,273.9399999999995,2opt,notBad
15167,10,274.1999999999995,10,273.9399999999995,move,improve
15168,10,274.1999999999995,10,273.9399999999995,2opt,notBad
15169,10,274.1999999999995,10,273.9399999999995,move,improve
15170,10,274.1999999999995,10,273.9399999999995,2opt,notBad
15171,10,274.1999999999995,10,273.9399999999995,move,improve
15172,10,274.1999999999995,10,273.9399999999995,2opt,notBad
15173,10,274.1999999999995,10,273.9399999999995,move,improve
15174,10,274.1999999999995,10,273.9399999999995,swap,notBad
15175,10,274.1999999999995,10,273.9399999999995,swap,notBad
15176,10,274.1999999999995,10,273.9399999999995,swap,notBad
15177,10,274.1999999999995,10,273.9399999999995,2opt,notBad
15178,10,274.1999999999995,10,273.9399999999995,2opt,improve
15179,10,274.1999999999995,10,273.9399999999995,move,improve
15180,10,274.1999999999995,10,273.9399999999995,swap,notBad
15181,10,274.1999999999995,10,273.9399999999995,swap,notBad
15182,10,274.1999999999995,10,273.9399999999995,swap,notBad
15183,10,274.1999999999995,10,273.9399999999995,2opt,notBad
15184,10,274.1999999999995,10,273.9399999999995,swap,notBad
15185,10,274.1999999999995,10,273.9399999999995,move,improve
15186,10,274.1999999999995,10,273.9399999999995,2opt,notBad
15187,10,274.1999999999995,10,273.9399999999995,swap,notBad
15188,10,274.1999999999995,10,273.9399999999995,move,improve
15189,10,274.1999999999995,10,273.9399999999995,swap,notBad
15190,10,274.1999999999995,10,273.9399999999995,move,improve
15191,10,274.1999999999995,10,273.9399999999995,2opt,notBad
15192,10,274.1999999999995,10,273.9399999999995,swap,notBad
15193,10,274.1999999999995,10,273.9399999999995,move,improve
15194,10,274.1999999999995,10,273.9399999999995,2opt,notBad
15195,10,274.1999999999995,10,273.9399999999995,2opt,notBad
15196,10,274.1999999999995,10,273.9399999999995,2opt,improve
15197,10,274.1999999999995,10,273.9399999999995,move,improve
15198,10,274.1999999999995,10,273.9399999999995,swap,notBad
15199,10,274.1999999999995,10,273.9399999999995,2opt,notBad
15200,10,274.1999999999995,10,273.9399999999995,swap,notBad
15201,10,274.1999999999995,10,273.9399999999995,swap,notBad
15202,10,274.1999999999995,10,273.9399999999995,move,improve
15203,10,274.1999999999995,10,273.9399999999995,swap,notBad
15204,10,274.1999999999995,10,273.9399999999995,move,improve
15205,10,274.1999999999995,10,273.9399999999995,swap,notBad
15206,10,274.1999999999995,10,273.9399999999995,swap,notBad
15207,10,274.1999999999995,10,273.9399999999995,2opt,notBad
15208,10,274.1999999999995,10,273.9399999999995,2opt,notBad
15209,10,274.1999999999995,10,273.9399999999995,move,improve
15210,10,274.1999999999995,10,273.9399999999995,move,improve
15211,10,274.1999999999995,10,273.9399999999995,swap,notBad
15212,10,274.1999999999995,10,273.9399999999995,2opt,notBad
15213,10,274.1999999999995,10,273.9399999999995,swap,notBad
15214,10,274.1999999999995,10,273.9399999999995,2opt,notBad
15215,10,274.1999999999995,10,273.9399999999995,2opt,improve
15216,10,274.1999999999995,10,273.9399999999995,swap,notBad
15217,10,274.1999999999995,10,273.9399999999995,move,improve
15218,10,274.1999999999995,10,273.9399999999995,swap,notBad
15219,10,274.1999999999995,10,273.9399999999995,swap,notBad
15220,10,274.1999999999995,10,273.9399999999995,swap,notBad
15221,10,274.1999999999995,10,273.9399999999995,swap,notBad
15222,10,274.1999999999995,10,273.9399999999995,move,improve
15223,10,274.1999999999995,10,273.9399999999995,swap,notBad
15224,10,274.1999999999995,10,273.9399999999995,move,improve
15225,10,274.1999999999995,10,273.9399999999995,2opt,notBad
15226,10,274.1999999999995,10,273.9399999999995,2opt,notBad
15227,10,274.1999999999995,10,273.9399999999995,move,improve
15228,10,274.1999999999995,10,273.9399999999995,move,improve
15229,10,274.1999999999995,10,273.9399999999995,move,improve
15230,10,274.1999999999995,10,273.9399999999995,move,improve
15231,10,274.1999999999995,10,273.9399999999995,swap,notBad
15232,10,274.1999999999995,10,273.9399999999995,swap,notBad
15233,10,274.1999999999995,10,273.9399999999995,swap,notBad
15234,10,274.1999999999995,10,273.9399999999995,swap,notBad
15235,10,274.1999999999995,10,273.9399999999995,swap,notBad
15236,10,274.1999999999995,10,273.9399999999995,move,improve
15237,10,274.1999999999995,10,273.9399999999995,move,improve
15238,10,274.1999999999995,10,273.9399999999995,2opt,notBad
15239,10,274.1999999999995,10,273.9399999999995,2opt,notBad
15240,10,274.1999999999995,10,273.9399999999995,swap,notBad
15241,10,274.1999999999995,10,273.9399999999995,move,improve
15242,10,274.1999999999995,10,273.9399999999995,swap,notBad
15243,10,274.1999999999995,10,273.9399999999995,move,improve
15244,10,274.1999999999995,10,273.9399999999995,move,improve
15245,10,274.1999999999995,10,273.9399999999995,swap,notBad
15246,10,274.1999999999995,10,273.9399999999995,2opt,notBad
15247,10,274.1999999999995,10,273.9399999999995,move,improve
15248,10,274.1999999999995,10,273.9399999999995,2opt,notBad
15249,10,274.1999999999995,10,273.9399999999995,swap,notBad
15250,10,274.1999999999995,10,273.9399999999995,swap,notBad
15251,10,274.1999999999995,10,273.9399999999995,2opt,improve
15252,10,274.1999999999995,10,273.9399999999995,move,improve
15253,10,274.1999999999995,10,273.9399999999995,move,improve
15254,10,274.1999999999995,10,273.9399999999995,2opt,notBad
15255,10,274.1999999999995,10,273.9399999999995,move,improve
15256,10,274.1999999999995,10,273.9399999999995,move,improve
15257,10,274.1999999999995,10,273.9399999999995,move,improve
15258,10,274.1999999999995,10,273.9399999999995,2opt,notBad
15259,10,274.1999999999995,10,273.9399999999995,move,improve
15260,10,274.1999999999995,10,273.9399999999995,2opt,notBad
15261,10,274.1999999999995,10,273.9399999999995,move,improve
15262,10,274.1999999999995,10,273.9399999999995,swap,improve
15263,10,274.1999999999995,10,273.9399999999995,swap,notBad
15264,10,274.1999999999995,10,273.9399999999995,2opt,notBad
15265,10,274.1999999999995,10,273.9399999999995,move,improve
15266,10,274.1999999999995,10,273.9399999999995,move,improve
15267,10,274.1999999999995,10,273.9399999999995,2opt,notBad
15268,10,274.1999999999995,10,273.9399999999995,2opt,notBad
15269,10,274.1999999999995,10,273.9399999999995,swap,notBad
15270,10,274.1999999999995,10,273.9399999999995,swap,notBad
15271,10,274.1999999999995,10,273.9399999999995,2opt,notBad
15272,10,274.1999999999995,10,273.9399999999995,move,improve
15273,10,274.1999999999995,10,273.9399999999995,move,improve
15274,10,274.1999999999995,10,273.9399999999995,swap,notBad
15275,10,274.1999999999995,10,273.9399999999995,2opt,notBad
15276,10,274.1999999999995,10,273.9399999999995,swap,notBad
15277,10,274.1999999999995,10,273.9399999999995,move,improve
15278,10,274.1999999999995,10,273.9399999999995,2opt,notBad
15279,10,274.1999999999995,10,273.9399999999995,2opt,notBad
15280,10,274.1999999999995,10,273.9399999999995,2opt,notBad
15281,10,274.1999999999995,10,273.9399999999995,move,improve
15282,10,274.1999999999995,10,273.9399999999995,move,improve
15283,10,274.1999999999995,10,273.9399999999995,2opt,notBad
15284,10,274.1999999999995,10,273.9399999999995,swap,notBad
15285,10,274.1999999999995,10,273.9399999999995,2opt,notBad
15286,10,274.1999999999995,10,273.9399999999995,swap,notBad
15287,10,274.1999999999995,10,273.9399999999995,2opt,notBad
15288,10,274.1999999999995,10,273.9399999999995,swap,notBad
15289,10,274.1999999999995,10,273.9399999999995,swap,notBad
15290,10,274.1999999999995,10,273.9399999999995,2opt,notBad
15291,10,274.1999999999995,10,273.9399999999995,2opt,notBad
15292,10,274.1999999999995,10,273.9399999999995,move,improve
15293,10,274.1999999999995,10,273.9399999999995,move,notBad
15294,10,274.1999999999995,10,273.9399999999995,move,improve
15295,10,274.1999999999995,10,273.9399999999995,swap,notBad
15296,10,274.1999999999995,10,273.9399999999995,2opt,notBad
15297,10,274.1999999999995,10,273.9399999999995,2opt,notBad
15298,10,274.1999999999995,10,273.9399999999995,2opt,notBad
15299,10,274.1999999999995,10,273.9399999999995,move,improve
15300,10,274.1999999999995,10,273.9399999999995,2opt,notBad
15301,10,274.1999999999995,10,273.9399999999995,2opt,notBad
15302,10,274.1999999999995,10,273.9399999999995,move,improve
15303,10,274.1999999999995,10,273.9399999999995,swap,notBad
15304,10,274.1999999999995,10,273.9399999999995,move,improve
15305,10,274.1999999999995,10,273.9399999999995,move,improve
15306,10,274.1999999999995,10,273.9399999999995,swap,notBad
15307,10,274.1999999999995,10,273.9399999999995,swap,notBad
15308,10,274.1999999999995,10,273.9399999999995,2opt,notBad
15309,10,274.1999999999995,10,273.9399999999995,swap,notBad
15310,10,274.1999999999995,10,273.9399999999995,2opt,notBad
15311,10,274.1999999999995,10,273.9399999999995,move,improve
15312,10,274.1999999999995,10,273.9399999999995,swap,notBad
15313,10,274.1999999999995,10,273.9399999999995,swap,notBad
15314,10,274.1999999999995,10,273.9399999999995,swap,notBad
15315,10,274.1999999999995,10,273.9399999999995,swap,notBad
15316,10,274.1999999999995,10,273.9399999999995,2opt,notBad
15317,10,274.1999999999995,10,273.9399999999995,move,improve
15318,10,274.1999999999995,10,273.9399999999995,move,improve
15319,10,274.1999999999995,10,273.9399999999995,swap,notBad
15320,10,274.1999999999995,10,273.9399999999995,move,improve
15321,10,274.1999999999995,10,273.9399999999995,2opt,notBad
15322,10,274.1999999999995,10,273.9399999999995,swap,notBad
15323,10,274.1999999999995,10,273.9399999999995,move,improve
15324,10,274.1999999999995,10,273.9399999999995,move,improve
15325,10,274.1999999999995,10,273.9399999999995,swap,notBad
15326,10,274.1999999999995,10,273.9399999999995,move,improve
15327,10,274.1999999999995,10,273.9399999999995,swap,notBad
15328,10,274.1999999999995,10,273.9399999999995,move,improve
15329,10,274.1999999999995,10,273.9399999999995,2opt,notBad
15330,10,274.1999999999995,10,273.9399999999995,swap,notBad
15331,10,274.1999999999995,10,273.9399999999995,move,improve
15332,10,274.1999999999995,10,273.9399999999995,2opt,improve
15333,10,274.1999999999995,10,273.9399999999995,move,improve
15334,10,274.1999999999995,10,273.9399999999995,2opt,notBad
15335,10,274.1999999999995,10,273.9399999999995,swap,notBad
15336,10,274.1999999999995,10,273.9399999999995,2opt,improve
15337,10,274.1999999999995,10,273.9399999999995,2opt,notBad
15338,10,274.1999999999995,10,273.9399999999995,swap,notBad
15339,10,274.1999999999995,10,273.9399999999995,2opt,notBad
15340,10,274.1999999999995,10,273.9399999999995,2opt,notBad
15341,10,274.1999999999995,10,273.9399999999995,move,improve
15342,10,274.1999999999995,10,273.9399999999995,swap,notBad
15343,10,274.1999999999995,10,273.9399999999995,2opt,notBad
15344,10,274.1999999999995,10,273.9399999999995,2opt,notBad
15345,10,274.1999999999995,10,273.9399999999995,2opt,notBad
15346,10,274.1999999999995,10,273.9399999999995,move,improve
15347,10,274.1999999999995,10,273.9399999999995,swap,notBad
15348,10,274.1999999999995,10,273.9399999999995,move,improve
15349,10,274.1999999999995,10,273.9399999999995,2opt,notBad
15350,10,274.1999999999995,10,273.9399999999995,2opt,notBad
15351,10,274.1999999999995,10,273.9399999999995,move,improve
15352,10,274.1999999999995,10,273.9399999999995,2opt,notBad
15353,10,274.1999999999995,10,273.9399999999995,2opt,notBad
15354,10,274.1999999999995,10,273.9399999999995,swap,notBad
15355,10,274.1999999999995,10,273.9399999999995,swap,notBad
15356,10,274.1999999999995,10,273.9399999999995,2opt,notBad
15357,10,274.1999999999995,10,273.9399999999995,2opt,notBad
15358,10,274.1999999999995,10,273.9399999999995,swap,notBad
15359,10,274.1999999999995,10,273.9399999999995,2opt,notBad
15360,10,274.1999999999995,10,273.9399999999995,2opt,notBad
15361,10,274.1999999999995,10,273.9399999999995,2opt,notBad
15362,10,274.1999999999995,10,273.9399999999995,move,improve
15363,10,274.1999999999995,10,273.9399999999995,2opt,notBad
15364,10,274.1999999999995,10,273.9399999999995,2opt,improve
15365,10,274.1999999999995,10,273.9399999999995,move,improve
15366,10,274.1999999999995,10,273.9399999999995,move,improve
15367,10,274.1999999999995,10,273.9399999999995,swap,notBad
15368,10,274.1999999999995,10,273.9399999999995,move,improve
15369,10,274.1999999999995,10,273.9399999999995,2opt,notBad
15370,10,274.1999999999995,10,273.9399999999995,2opt,notBad
15371,10,274.1999999999995,10,273.9399999999995,move,improve
15372,10,274.1999999999995,10,273.9399999999995,move,improve
15373,10,274.1999999999995,10,273.9399999999995,2opt,notBad
15374,10,274.1999999999995,10,273.9399999999995,swap,notBad
15375,10,274.1999999999995,10,273.9399999999995,swap,notBad
15376,10,274.1999999999995,10,273.9399999999995,swap,notBad
15377,10,274.1999999999995,10,273.9399999999995,move,improve
15378,10,274.1999999999995,10,273.9399999999995,2opt,notBad
15379,10,274.1999999999995,10,273.9399999999995,2opt,notBad
15380,10,274.1999999999995,10,273.9399999999995,2opt,notBad
15381,10,274.1999999999995,10,273.9399999999995,swap,notBad
15382,10,274.1999999999995,10,273.9399999999995,2opt,notBad
15383,10,274.1999999999995,10,273.9399999999995,2opt,notBad
15384,10,274.1999999999995,10,273.9399999999995,move,improve
15385,10,274.1999999999995,10,273.9399999999995,2opt,notBad
15386,10,274.1999999999995,10,273.9399999999995,swap,notBad
15387,10,274.1999999999995,10,273.9399999999995,swap,notBad
15388,10,274.1999999999995,10,273.9399999999995,2opt,notBad
15389,10,274.1999999999995,10,273.9399999999995,swap,notBad
15390,10,274.1999999999995,10,273.9399999999995,2opt,notBad
15391,10,274.1999999999995,10,273.9399999999995,swap,notBad
15392,10,274.1999999999995,10,273.9399999999995,move,improve
15393,10,274.1999999999995,10,273.9399999999995,swap,notBad
15394,10,274.1999999999995,10,273.9399999999995,move,improve
15395,10,274.1999999999995,10,273.9399999999995,2opt,notBad
15396,10,274.1999999999995,10,273.9399999999995,swap,notBad
15397,10,274.1999999999995,10,273.9399999999995,2opt,notBad
15398,10,274.1999999999995,10,273.9399999999995,swap,notBad
15399,10,274.1999999999995,10,273.9399999999995,move,notBad
15400,10,274.1999999999995,10,273.9399999999995,swap,notBad
15401,10,274.1999999999995,10,273.9399999999995,move,improve
15402,10,274.1999999999995,10,273.9399999999995,swap,notBad
15403,10,274.1999999999995,10,273.9399999999995,move,improve
15404,10,274.1999999999995,10,273.9399999999995,2opt,notBad
15405,10,274.1999999999995,10,273.9399999999995,2opt,notBad
15406,10,274.1999999999995,10,273.9399999999995,move,improve
15407,10,274.1999999999995,10,273.9399999999995,swap,notBad
15408,10,274.1999999999995,10,273.9399999999995,swap,notBad
15409,10,274.1999999999995,10,273.9399999999995,move,improve
15410,10,274.1999999999995,10,273.9399999999995,swap,notBad
15411,10,274.1999999999995,10,273.9399999999995,move,improve
15412,10,274.1999999999995,10,273.9399999999995,2opt,notBad
15413,10,274.1999999999995,10,273.9399999999995,2opt,notBad
15414,10,274.1999999999995,10,273.9399999999995,move,improve
15415,10,274.1999999999995,10,273.9399999999995,swap,notBad
15416,10,274.1999999999995,10,273.9399999999995,move,improve
15417,10,274.1999999999995,10,273.9399999999995,swap,notBad
15418,10,274.1999999999995,10,273.9399999999995,move,improve
15419,10,274.1999999999995,10,273.9399999999995,2opt,notBad
15420,10,274.1999999999995,10,273.9399999999995,move,improve
15421,10,274.1999999999995,10,273.9399999999995,swap,notBad
15422,10,274.1999999999995,10,273.9399999999995,2opt,notBad
15423,10,274.1999999999995,10,273.9399999999995,2opt,improve
15424,10,274.1999999999995,10,273.9399999999995,2opt,notBad
15425,10,274.1999999999995,10,273.9399999999995,swap,notBad
15426,10,274.1999999999995,10,273.9399999999995,2opt,notBad
15427,10,274.1999999999995,10,273.9399999999995,swap,notBad
15428,10,274.1999999999995,10,273.9399999999995,swap,notBad
15429,10,274.1999999999995,10,273.9399999999995,move,improve
15430,10,274.1999999999995,10,273.9399999999995,2opt,notBad
15431,10,274.1999999999995,10,273.9399999999995,move,improve
15432,10,274.1999999999995,10,273.9399999999995,swap,notBad
15433,10,274.1999999999995,10,273.9399999999995,swap,notBad
15434,10,274.1999999999995,10,273.9399999999995,swap,notBad
15435,10,274.1999999999995,10,273.9399999999995,swap,notBad
15436,10,274.1999999999995,10,273.9399999999995,2opt,notBad
15437,10,274.1999999999995,10,273.9399999999995,swap,notBad
15438,10,274.1999999999995,10,273.9399999999995,move,improve
15439,10,274.1999999999995,10,273.9399999999995,2opt,notBad
15440,10,274.1999999999995,10,273.9399999999995,swap,notBad
15441,10,274.1999999999995,10,273.9399999999995,2opt,improve
15442,10,274.1999999999995,10,273.9399999999995,2opt,notBad
15443,10,274.1999999999995,10,273.9399999999995,2opt,notBad
15444,10,274.1999999999995,10,273.9399999999995,2opt,notBad
15445,10,274.1999999999995,10,273.9399999999995,swap,notBad
15446,10,274.1999999999995,10,273.9399999999995,move,improve
15447,10,274.1999999999995,10,273.9399999999995,move,improve
15448,10,274.1999999999995,10,273.9399999999995,2opt,notBad
15449,10,274.1999999999995,10,273.9399999999995,move,improve
15450,10,274.1999999999995,10,273.9399999999995,2opt,notBad
15451,10,274.1999999999995,10,273.9399999999995,swap,notBad
15452,10,274.1999999999995,10,273.9399999999995,swap,notBad
15453,10,274.1999999999995,10,273.9399999999995,2opt,notBad
15454,10,274.1999999999995,10,273.9399999999995,swap,notBad
15455,10,274.1999999999995,10,273.9399999999995,move,improve
15456,10,274.1999999999995,10,273.9399999999995,move,improve
15457,10,274.1999999999995,10,273.9399999999995,swap,notBad
15458,10,274.1999999999995,10,273.9399999999995,swap,notBad
15459,10,274.1999999999995,10,273.9399999999995,2opt,improve
15460,10,274.1999999999995,10,273.9399999999995,move,improve
15461,10,274.1999999999995,10,273.9399999999995,move,improve
15462,10,274.1999999999995,10,273.9399999999995,2opt,notBad
15463,10,274.1999999999995,10,273.9399999999995,move,improve
15464,10,274.1999999999995,10,273.9399999999995,swap,notBad
15465,10,274.1999999999995,10,273.9399999999995,move,improve
15466,10,274.1999999999995,10,273.9399999999995,2opt,notBad
15467,10,274.1999999999995,10,273.9399999999995,swap,notBad
15468,10,274.1999999999995,10,273.9399999999995,swap,notBad
15469,10,274.1999999999995,10,273.9399999999995,swap,notBad
15470,10,274.1999999999995,10,273.9399999999995,swap,notBad
15471,10,274.1999999999995,10,273.9399999999995,move,improve
15472,10,274.1999999999995,10,273.9399999999995,move,improve
15473,10,274.1999999999995,10,273.9399999999995,2opt,notBad
15474,10,274.1999999999995,10,273.9399999999995,swap,notBad
15475,10,274.1999999999995,10,273.9399999999995,move,improve
15476,10,274.1999999999995,10,273.9399999999995,move,improve
15477,10,274.1999999999995,10,273.9399999999995,move,improve
15478,10,274.1999999999995,10,273.9399999999995,swap,notBad
15479,10,274.1999999999995,10,273.9399999999995,2opt,notBad
15480,10,274.1999999999995,10,273.9399999999995,swap,notBad
15481,10,274.1999999999995,10,273.9399999999995,move,improve
15482,10,274.1999999999995,10,273.9399999999995,swap,notBad
15483,10,274.1999999999995,10,273.9399999999995,move,improve
15484,10,274.1999999999995,10,273.9399999999995,swap,notBad
15485,10,274.1999999999995,10,273.9399999999995,swap,notBad
15486,10,274.1999999999995,10,273.9399999999995,move,improve
15487,10,274.1999999999995,10,273.9399999999995,move,improve
15488,10,274.1999999999995,10,273.9399999999995,swap,notBad
15489,10,274.1999999999995,10,273.9399999999995,2opt,notBad
15490,10,274.1999999999995,10,273.9399999999995,2opt,notBad
15491,10,274.1999999999995,10,273.9399999999995,move,improve
15492,10,274.1999999999995,10,273.9399999999995,swap,notBad
15493,10,274.1999999999995,10,273.9399999999995,swap,notBad
15494,10,274.1999999999995,10,273.9399999999995,2opt,notBad
15495,10,274.1999999999995,10,273.9399999999995,swap,notBad
15496,10,274.1999999999995,10,273.9399999999995,2opt,notBad
15497,10,274.1999999999995,10,273.9399999999995,2opt,notBad
15498,10,274.1999999999995,10,273.9399999999995,move,improve
15499,10,274.1999999999995,10,273.9399999999995,swap,notBad
15500,10,274.1999999999995,10,273.9399999999995,swap,notBad
15501,10,274.1999999999995,10,273.9399999999995,swap,notBad
15502,10,274.1999999999995,10,273.9399999999995,swap,notBad
15503,10,274.1999999999995,10,273.9399999999995,swap,notBad
15504,10,274.1999999999995,10,273.9399999999995,swap,notBad
15505,10,274.1999999999995,10,273.9399999999995,2opt,notBad
15506,10,274.1999999999995,10,273.9399999999995,2opt,notBad
15507,10,274.1999999999995,10,273.9399999999995,move,improve
15508,10,274.1999999999995,10,273.9399999999995,swap,notBad
15509,10,274.1999999999995,10,273.9399999999995,swap,notBad
15510,10,274.1999999999995,10,273.9399999999995,swap,notBad
15511,10,274.1999999999995,10,273.9399999999995,move,improve
15512,10,274.1999999999995,10,273.9399999999995,move,improve
15513,10,274.1999999999995,10,273.9399999999995,2opt,notBad
15514,10,274.1999999999995,10,273.9399999999995,swap,notBad
15515,10,274.1999999999995,10,273.9399999999995,swap,notBad
15516,10,274.1999999999995,10,273.9399999999995,2opt,notBad
15517,10,274.1999999999995,10,273.9399999999995,move,improve
15518,10,274.1999999999995,10,273.9399999999995,swap,notBad
15519,10,274.1999999999995,10,273.9399999999995,move,improve
15520,10,274.1999999999995,10,273.9399999999995,move,notBad
15521,10,274.1999999999995,10,273.9399999999995,2opt,notBad
15522,10,274.1999999999995,10,273.9399999999995,swap,notBad
15523,10,274.1999999999995,10,273.9399999999995,swap,notBad
15524,10,274.1999999999995,10,273.9399999999995,move,improve
15525,10,274.1999999999995,10,273.9399999999995,2opt,improve
15526,10,274.1999999999995,10,273.9399999999995,move,improve
15527,10,274.1999999999995,10,273.9399999999995,swap,notBad
15528,10,274.1999999999995,10,273.9399999999995,swap,notBad
15529,10,274.1999999999995,10,273.9399999999995,swap,notBad
15530,10,274.1999999999995,10,273.9399999999995,move,improve
15531,10,274.1999999999995,10,273.9399999999995,swap,notBad
15532,10,274.1999999999995,10,273.9399999999995,move,improve
15533,10,274.1999999999995,10,273.9399999999995,swap,notBad
15534,10,274.1999999999995,10,273.9399999999995,move,improve
15535,10,274.1999999999995,10,273.9399999999995,move,improve
15536,10,274.1999999999995,10,273.9399999999995,move,improve
15537,10,274.1999999999995,10,273.9399999999995,move,improve
15538,10,274.1999999999995,10,273.9399999999995,move,improve
15539,10,274.1999999999995,10,273.9399999999995,move,improve
15540,10,274.1999999999995,10,273.9399999999995,move,improve
15541,10,274.1999999999995,10,273.9399999999995,swap,notBad
15542,10,274.1999999999995,10,273.9399999999995,swap,notBad
15543,10,274.1999999999995,10,273.9399999999995,move,improve
15544,10,274.1999999999995,10,273.9399999999995,move,improve
15545,10,274.1999999999995,10,273.9399999999995,swap,notBad
15546,10,274.1999999999995,10,273.9399999999995,move,improve
15547,10,274.1999999999995,10,273.9399999999995,move,improve
15548,10,274.1999999999995,10,273.9399999999995,swap,notBad
15549,10,274.1999999999995,10,273.9399999999995,swap,notBad
15550,10,274.1999999999995,10,273.9399999999995,swap,notBad
15551,10,274.1999999999995,10,273.9399999999995,move,improve
15552,10,274.1999999999995,10,273.9399999999995,2opt,notBad
15553,10,274.1999999999995,10,273.9399999999995,swap,notBad
15554,10,274.1999999999995,10,273.9399999999995,swap,notBad
15555,10,274.1999999999995,10,273.9399999999995,move,improve
15556,10,274.1999999999995,10,273.9399999999995,2opt,notBad
15557,10,274.1999999999995,10,273.9399999999995,move,improve
15558,10,274.1999999999995,10,273.9399999999995,move,notBad
15559,10,274.1999999999995,10,273.9399999999995,move,improve
15560,10,274.1999999999995,10,273.9399999999995,move,improve
15561,10,274.1999999999995,10,273.9399999999995,swap,notBad
15562,10,274.1999999999995,10,273.9399999999995,2opt,notBad
15563,10,274.1999999999995,10,273.9399999999995,2opt,notBad
15564,10,274.1999999999995,10,273.9399999999995,swap,notBad
15565,10,274.1999999999995,10,273.9399999999995,swap,notBad
15566,10,274.1999999999995,10,273.9399999999995,swap,notBad
15567,10,274.1999999999995,10,273.9399999999995,2opt,notBad
15568,10,274.1999999999995,10,273.9399999999995,swap,notBad
15569,10,274.1999999999995,10,273.9399999999995,2opt,notBad
15570,10,274.1999999999995,10,273.9399999999995,2opt,improve
15571,10,274.1999999999995,10,273.9399999999995,2opt,notBad
15572,10,274.1999999999995,10,273.9399999999995,swap,notBad
15573,10,274.1999999999995,10,273.9399999999995,2opt,notBad
15574,10,274.1999999999995,10,273.9399999999995,2opt,notBad
15575,10,274.1999999999995,10,273.9399999999995,2opt,notBad
15576,10,274.1999999999995,10,273.9399999999995,swap,improve
15577,10,274.1999999999995,10,273.9399999999995,2opt,notBad
15578,10,274.1999999999995,10,273.9399999999995,2opt,notBad
15579,10,274.1999999999995,10,273.9399999999995,move,improve
15580,10,274.1999999999995,10,273.9399999999995,move,improve
15581,10,274.1999999999995,10,273.9399999999995,2opt,notBad
15582,10,274.1999999999995,10,273.9399999999995,2opt,notBad
15583,10,274.1999999999995,10,273.9399999999995,swap,notBad
15584,10,274.1999999999995,10,273.9399999999995,swap,notBad
15585,10,274.1999999999995,10,273.9399999999995,swap,notBad
15586,10,274.1999999999995,10,273.9399999999995,swap,notBad
15587,10,274.1999999999995,10,273.9399999999995,2opt,notBad
15588,10,274.1999999999995,10,273.9399999999995,move,improve
15589,10,274.1999999999995,10,273.9399999999995,move,improve
15590,10,274.1999999999995,10,273.9399999999995,swap,notBad
15591,10,274.1999999999995,10,273.9399999999995,2opt,notBad
15592,10,274.1999999999995,10,273.9399999999995,2opt,notBad
15593,10,274.1999999999995,10,273.9399999999995,move,improve
15594,10,274.1999999999995,10,273.9399999999995,swap,notBad
15595,10,274.1999999999995,10,273.9399999999995,swap,notBad
15596,10,274.1999999999995,10,273.9399999999995,2opt,notBad
15597,10,274.1999999999995,10,273.9399999999995,move,improve
15598,10,274.1999999999995,10,273.9399999999995,2opt,improve
15599,10,274.1999999999995,10,273.9399999999995,2opt,notBad
15600,10,274.1999999999995,10,273.9399999999995,swap,notBad
15601,10,274.1999999999995,10,273.9399999999995,2opt,notBad
15602,10,274.1999999999995,10,273.9399999999995,2opt,notBad
15603,10,274.1999999999995,10,273.9399999999995,2opt,improve
15604,10,274.1999999999995,10,273.9399999999995,swap,notBad
15605,10,274.1999999999995,10,273.9399999999995,move,improve
15606,10,274.1999999999995,10,273.9399999999995,swap,notBad
15607,10,274.1999999999995,10,273.9399999999995,move,improve
15608,10,274.1999999999995,10,273.9399999999995,swap,notBad
15609,10,274.1999999999995,10,273.9399999999995,move,improve
15610,10,274.1999999999995,10,273.9399999999995,2opt,notBad
15611,10,274.1999999999995,10,273.9399999999995,2opt,improve
15612,10,274.1999999999995,10,273.9399999999995,move,improve
15613,10,274.1999999999995,10,273.9399999999995,swap,notBad
15614,10,274.1999999999995,10,273.9399999999995,swap,notBad
15615,10,274.3999999999997,10,273.9399999999995,swap,acceptBad
15616,10,274.3999999999997,10,273.9399999999995,2opt,notBad
15617,10,274.3999999999997,10,273.9399999999995,2opt,notBad
15618,10,274.3999999999997,10,273.9399999999995,swap,notBad
15619,10,274.3999999999997,10,273.9399999999995,2opt,notBad
15620,10,274.3999999999997,10,273.9399999999995,move,improve
15621,10,274.3999999999997,10,273.9399999999995,move,improve
15622,10,274.3999999999997,10,273.9399999999995,swap,notBad
15623,10,274.3999999999997,10,273.9399999999995,move,improve
15624,10,274.3999999999997,10,273.9399999999995,swap,notBad
15625,10,274.3999999999997,10,273.9399999999995,swap,notBad
15626,10,274.3999999999997,10,273.9399999999995,swap,notBad
15627,10,274.3999999999997,10,273.9399999999995,move,improve
15628,10,274.3999999999997,10,273.9399999999995,2opt,notBad
15629,10,274.3999999999997,10,273.9399999999995,2opt,notBad
15630,10,274.3999999999997,10,273.9399999999995,swap,notBad
15631,10,274.3999999999997,10,273.9399999999995,swap,notBad
15632,10,274.3999999999997,10,273.9399999999995,move,notBad
15633,10,274.3999999999997,10,273.9399999999995,2opt,notBad
15634,10,274.3999999999997,10,273.9399999999995,swap,notBad
15635,10,274.3999999999997,10,273.9399999999995,swap,notBad
15636,10,274.3999999999997,10,273.9399999999995,swap,notBad
15637,10,274.3999999999997,10,273.9399999999995,move,improve
15638,10,274.3999999999997,10,273.9399999999995,swap,notBad
15639,10,274.3999999999997,10,273.9399999999995,2opt,notBad
15640,10,274.3999999999997,10,273.9399999999995,swap,notBad
15641,10,274.3999999999997,10,273.9399999999995,move,improve
15642,10,274.3999999999997,10,273.9399999999995,move,improve
15643,10,274.3999999999997,10,273.9399999999995,move,notBad
15644,10,274.3999999999997,10,273.9399999999995,2opt,improve
15645,10,274.3999999999997,10,273.9399999999995,move,improve
15646,10,274.3999999999997,10,273.9399999999995,swap,notBad
15647,10,274.3999999999997,10,273.9399999999995,move,improve
15648,10,274.3999999999997,10,273.9399999999995,2opt,notBad
15649,10,274.3999999999997,10,273.9399999999995,2opt,notBad
15650,10,274.3999999999997,10,273.9399999999995,swap,notBad
15651,10,274.3999999999997,10,273.9399999999995,2opt,notBad
15652,10,274.3999999999997,10,273.9399999999995,move,improve
15653,10,274.3999999999997,10,273.9399999999995,move,improve
15654,10,274.3999999999997,10,273.9399999999995,2opt,notBad
15655,10,274.3999999999997,10,273.9399999999995,2opt,notBad
15656,10,274.3999999999997,10,273.9399999999995,move,improve
15657,10,274.3999999999997,10,273.9399999999995,move,improve
15658,10,274.3999999999997,10,273.9399999999995,swap,notBad
15659,10,274.3999999999997,10,273.9399999999995,move,improve
15660,10,274.3999999999997,10,273.9399999999995,swap,notBad
15661,10,274.3999999999997,10,273.9399999999995,swap,notBad
15662,10,274.3999999999997,10,273.9399999999995,2opt,notBad
15663,10,274.3999999999997,10,273.9399999999995,move,improve
15664,10,274.3999999999997,10,273.9399999999995,swap,notBad
15665,10,274.3999999999997,10,273.9399999999995,swap,notBad
15666,10,274.3999999999997,10,273.9399999999995,swap,notBad
15667,10,274.3999999999997,10,273.9399999999995,2opt,notBad
15668,10,274.3999999999997,10,273.9399999999995,2opt,notBad
15669,10,274.3999999999997,10,273.9399999999995,swap,notBad
15670,10,274.3999999999997,10,273.9399999999995,move,improve
15671,10,274.3999999999997,10,273.9399999999995,2opt,notBad
15672,10,274.3999999999997,10,273.9399999999995,2opt,notBad
15673,10,274.3999999999997,10,273.9399999999995,2opt,notBad
15674,10,274.3999999999997,10,273.9399999999995,swap,notBad
15675,10,274.3999999999997,10,273.9399999999995,move,improve
15676,10,274.3999999999997,10,273.9399999999995,move,improve
15677,10,274.3999999999997,10,273.9399999999995,move,improve
15678,10,274.3999999999997,10,273.9399999999995,2opt,notBad
15679,10,274.3999999999997,10,273.9399999999995,2opt,notBad
15680,10,274.3999999999997,10,273.9399999999995,move,improve
15681,10,274.3999999999997,10,273.9399999999995,2opt,notBad
15682,10,274.3999999999997,10,273.9399999999995,2opt,notBad
15683,10,274.3999999999997,10,273.9399999999995,2opt,notBad
15684,10,274.3999999999997,10,273.9399999999995,2opt,notBad
15685,10,274.3999999999997,10,273.9399999999995,move,improve
15686,10,274.3999999999997,10,273.9399999999995,2opt,notBad
15687,10,274.3999999999997,10,273.9399999999995,swap,notBad
15688,10,274.3999999999997,10,273.9399999999995,swap,notBad
15689,10,274.3999999999997,10,273.9399999999995,2opt,notBad
15690,10,274.3999999999997,10,273.9399999999995,swap,notBad
15691,10,274.3999999999997,10,273.9399999999995,move,improve
15692,10,274.3999999999997,10,273.9399999999995,2opt,notBad
15693,10,274.3999999999997,10,273.9399999999995,2opt,notBad
15694,10,274.3999999999997,10,273.9399999999995,2opt,improve
15695,10,274.3999999999997,10,273.9399999999995,move,improve
15696,10,274.3999999999997,10,273.9399999999995,2opt,notBad
15697,10,274.61999999999966,10,273.9399999999995,swap,acceptBad
15698,10,274.61999999999966,10,273.9399999999995,2opt,notBad
15699,10,274.61999999999966,10,273.9399999999995,2opt,notBad
15700,10,274.61999999999966,10,273.9399999999995,move,improve
15701,10,274.61999999999966,10,273.9399999999995,2opt,improve
15702,10,274.61999999999966,10,273.9399999999995,swap,notBad
15703,10,274.61999999999966,10,273.9399999999995,swap,notBad
15704,10,274.61999999999966,10,273.9399999999995,move,improve
15705,10,274.61999999999966,10,273.9399999999995,swap,notBad
15706,10,274.61999999999966,10,273.9399999999995,2opt,notBad
15707,10,274.61999999999966,10,273.9399999999995,2opt,improve
15708,10,274.61999999999966,10,273.9399999999995,2opt,notBad
15709,10,274.61999999999966,10,273.9399999999995,move,improve
15710,10,274.61999999999966,10,273.9399999999995,2opt,notBad
15711,10,274.61999999999966,10,273.9399999999995,swap,notBad
15712,10,274.61999999999966,10,273.9399999999995,move,improve
15713,10,274.61999999999966,10,273.9399999999995,move,improve
15714,10,274.61999999999966,10,273.9399999999995,2opt,improve
15715,10,274.61999999999966,10,273.9399999999995,swap,notBad
15716,10,274.61999999999966,10,273.9399999999995,2opt,notBad
15717,10,274.61999999999966,10,273.9399999999995,2opt,improve
15718,10,274.61999999999966,10,273.9399999999995,2opt,notBad
15719,10,274.61999999999966,10,273.9399999999995,swap,notBad
15720,10,274.61999999999966,10,273.9399999999995,2opt,notBad
15721,10,274.61999999999966,10,273.9399999999995,swap,notBad
15722,10,274.61999999999966,10,273.9399999999995,move,improve
15723,10,274.61999999999966,10,273.9399999999995,swap,notBad
15724,10,274.61999999999966,10,273.9399999999995,move,improve
15725,10,274.61999999999966,10,273.9399999999995,2opt,notBad
15726,10,274.61999999999966,10,273.9399999999995,2opt,improve
15727,10,274.61999999999966,10,273.9399999999995,swap,notBad
15728,10,274.61999999999966,10,273.9399999999995,2opt,notBad
15729,10,274.61999999999966,10,273.9399999999995,swap,notBad
15730,10,274.61999999999966,10,273.9399999999995,swap,notBad
15731,10,274.61999999999966,10,273.9399999999995,2opt,improve
15732,10,274.4199999999995,10,273.9399999999995,move,improve
15733,10,274.4199999999995,10,273.9399999999995,move,improve
15734,10,274.4199999999995,10,273.9399999999995,2opt,notBad
15735,10,274.4199999999995,10,273.9399999999995,move,improve
15736,10,274.4199999999995,10,273.9399999999995,swap,notBad
15737,10,274.4199999999995,10,273.9399999999995,swap,notBad
15738,10,274.4199999999995,10,273.9399999999995,move,improve
15739,10,274.4199999999995,10,273.9399999999995,2opt,improve
15740,10,274.4199999999995,10,273.9399999999995,2opt,notBad
15741,10,274.4199999999995,10,273.9399999999995,swap,notBad
15742,10,274.4199999999995,10,273.9399999999995,2opt,notBad
15743,10,274.4199999999995,10,273.9399999999995,swap,notBad
15744,10,274.4199999999995,10,273.9399999999995,2opt,improve
15745,10,274.4199999999995,10,273.9399999999995,move,improve
15746,10,274.4199999999995,10,273.9399999999995,2opt,notBad
15747,10,274.4199999999995,10,273.9399999999995,swap,notBad
15748,10,274.4199999999995,10,273.9399999999995,2opt,notBad
15749,10,274.4199999999995,10,273.9399999999995,swap,notBad
15750,10,274.4199999999995,10,273.9399999999995,move,improve
15751,10,274.4199999999995,10,273.9399999999995,2opt,notBad
15752,10,274.4199999999995,10,273.9399999999995,2opt,improve
15753,10,274.4199999999995,10,273.9399999999995,2opt,notBad
15754,10,274.4199999999995,10,273.9399999999995,2opt,notBad
15755,10,274.4199999999995,10,273.9399999999995,swap,notBad
15756,10,274.4199999999995,10,273.9399999999995,2opt,notBad
15757,10,274.4199999999995,10,273.9399999999995,swap,notBad
15758,10,274.4199999999995,10,273.9399999999995,swap,notBad
15759,10,274.4199999999995,10,273.9399999999995,move,improve
15760,10,274.4199999999995,10,273.9399999999995,swap,notBad
15761,10,274.4199999999995,10,273.9399999999995,swap,notBad
15762,10,274.4199999999995,10,273.9399999999995,2opt,improve
15763,10,274.4199999999995,10,273.9399999999995,move,improve
15764,10,274.4199999999995,10,273.9399999999995,swap,notBad
15765,10,274.4199999999995,10,273.9399999999995,swap,notBad
15766,10,274.4199999999995,10,273.9399999999995,2opt,notBad
15767,10,274.4199999999995,10,273.9399999999995,swap,notBad
15768,10,274.4199999999995,10,273.9399999999995,move,improve
15769,10,274.4199999999995,10,273.9399999999995,move,improve
15770,10,274.4199999999995,10,273.9399999999995,2opt,notBad
15771,10,274.4199999999995,10,273.9399999999995,move,improve
15772,10,274.4199999999995,10,273.9399999999995,swap,notBad
15773,10,274.4199999999995,10,273.9399999999995,2opt,notBad
15774,10,274.4199999999995,10,273.9399999999995,move,improve
15775,10,274.4199999999995,10,273.9399999999995,move,improve
15776,10,274.4199999999995,10,273.9399999999995,move,improve
15777,10,274.4199999999995,10,273.9399999999995,move,improve
15778,10,274.4199999999995,10,273.9399999999995,2opt,notBad
15779,10,274.4199999999995,10,273.9399999999995,move,improve
15780,10,274.4199999999995,10,273.9399999999995,swap,notBad
15781,10,274.4199999999995,10,273.9399999999995,2opt,notBad
15782,10,274.4199999999995,10,273.9399999999995,2opt,notBad
15783,10,274.4199999999995,10,273.9399999999995,2opt,notBad
15784,10,274.4199999999995,10,273.9399999999995,swap,notBad
15785,10,274.4199999999995,10,273.9399999999995,swap,notBad
15786,10,274.4199999999995,10,273.9399999999995,swap,notBad
15787,10,274.4199999999995,10,273.9399999999995,swap,notBad
15788,10,274.4199999999995,10,273.9399999999995,2opt,improve
15789,10,274.4199999999995,10,273.9399999999995,move,improve
15790,10,274.4199999999995,10,273.9399999999995,move,improve
15791,10,274.4199999999995,10,273.9399999999995,2opt,improve
15792,10,274.4199999999995,10,273.9399999999995,2opt,notBad
15793,10,274.4199999999995,10,273.9399999999995,2opt,improve
15794,10,274.4199999999995,10,273.9399999999995,swap,notBad
15795,10,274.4199999999995,10,273.9399999999995,2opt,improve
15796,10,274.4199999999995,10,273.9399999999995,swap,notBad
15797,10,274.4199999999995,10,273.9399999999995,move,improve
15798,10,274.4199999999995,10,273.9399999999995,swap,notBad
15799,10,274.4199999999995,10,273.9399999999995,swap,notBad
15800,10,274.4199999999995,10,273.9399999999995,swap,notBad
15801,10,274.4199999999995,10,273.9399999999995,2opt,notBad
15802,10,274.4199999999995,10,273.9399999999995,swap,notBad
15803,10,274.4199999999995,10,273.9399999999995,move,improve
15804,10,274.4199999999995,10,273.9399999999995,swap,notBad
15805,10,274.4199999999995,10,273.9399999999995,2opt,notBad
15806,10,274.4199999999995,10,273.9399999999995,move,improve
15807,10,274.4199999999995,10,273.9399999999995,swap,notBad
15808,10,274.4199999999995,10,273.9399999999995,move,improve
15809,10,274.4199999999995,10,273.9399999999995,2opt,improve
15810,10,274.4199999999995,10,273.9399999999995,move,improve
15811,10,274.4199999999995,10,273.9399999999995,2opt,notBad
15812,10,274.1999999999995,10,273.9399999999995,swap,improve
15813,10,274.1999999999995,10,273.9399999999995,2opt,notBad
15814,10,274.1999999999995,10,273.9399999999995,move,improve
15815,10,274.1999999999995,10,273.9399999999995,2opt,improve
15816,10,274.1999999999995,10,273.9399999999995,move,improve
15817,10,274.1999999999995,10,273.9399999999995,swap,notBad
15818,10,274.1999999999995,10,273.9399999999995,move,improve
15819,10,274.1999999999995,10,273.9399999999995,swap,notBad
15820,10,274.1999999999995,10,273.9399999999995,2opt,notBad
15821,10,274.1999999999995,10,273.9399999999995,move,improve
15822,10,274.1999999999995,10,273.9399999999995,2opt,notBad
15823,10,274.1999999999995,10,273.9399999999995,2opt,notBad
15824,10,274.1999999999995,10,273.9399999999995,2opt,notBad
15825,10,274.1999999999995,10,273.9399999999995,move,improve
15826,10,274.1999999999995,10,273.9399999999995,swap,notBad
15827,10,274.1999999999995,10,273.9399999999995,swap,notBad
15828,10,274.1999999999995,10,273.9399999999995,swap,notBad
15829,10,274.1999999999995,10,273.9399999999995,swap,notBad
15830,10,274.1999999999995,10,273.9399999999995,move,improve
15831,10,274.1999999999995,10,273.9399999999995,swap,notBad
15832,10,274.1999999999995,10,273.9399999999995,swap,notBad
15833,10,274.1999999999995,10,273.9399999999995,2opt,notBad
15834,10,274.1999999999995,10,273.9399999999995,swap,notBad
15835,10,274.1999999999995,10,273.9399999999995,2opt,notBad
15836,10,274.1999999999995,10,273.9399999999995,swap,notBad
15837,10,274.1999999999995,10,273.9399999999995,swap,notBad
15838,10,274.1999999999995,10,273.9399999999995,swap,notBad
15839,10,274.1999999999995,10,273.9399999999995,move,improve
15840,10,274.1999999999995,10,273.9399999999995,2opt,notBad
15841,10,274.1999999999995,10,273.9399999999995,swap,notBad
15842,10,274.1999999999995,10,273.9399999999995,swap,notBad
15843,10,274.1999999999995,10,273.9399999999995,2opt,notBad
15844,10,274.1999999999995,10,273.9399999999995,2opt,notBad
15845,10,274.1999999999995,10,273.9399999999995,move,improve
15846,10,274.1999999999995,10,273.9399999999995,swap,notBad
15847,10,274.1999999999995,10,273.9399999999995,move,improve
15848,10,274.1999999999995,10,273.9399999999995,2opt,notBad
15849,10,274.1999999999995,10,273.9399999999995,move,improve
15850,10,274.1999999999995,10,273.9399999999995,move,improve
15851,10,274.1999999999995,10,273.9399999999995,2opt,improve
15852,10,274.1999999999995,10,273.9399999999995,swap,notBad
15853,10,274.1999999999995,10,273.9399999999995,2opt,notBad
15854,10,274.1999999999995,10,273.9399999999995,move,improve
15855,10,274.1999999999995,10,273.9399999999995,swap,notBad
15856,10,274.1999999999995,10,273.9399999999995,2opt,notBad
15857,10,274.1999999999995,10,273.9399999999995,2opt,notBad
15858,10,274.1999999999995,10,273.9399999999995,swap,notBad
15859,10,274.1999999999995,10,273.9399999999995,move,improve
15860,10,274.1999999999995,10,273.9399999999995,swap,notBad
15861,10,274.1999999999995,10,273.9399999999995,2opt,notBad
15862,10,274.1999999999995,10,273.9399999999995,move,improve
15863,10,274.1999999999995,10,273.9399999999995,swap,notBad
15864,10,274.1999999999995,10,273.9399999999995,2opt,notBad
15865,10,274.1999999999995,10,273.9399999999995,swap,notBad
15866,10,274.1999999999995,10,273.9399999999995,move,improve
15867,10,274.1999999999995,10,273.9399999999995,move,improve
15868,10,274.1999999999995,10,273.9399999999995,move,improve
15869,10,274.1999999999995,10,273.9399999999995,swap,notBad
15870,10,274.1999999999995,10,273.9399999999995,swap,notBad
15871,10,274.1999999999995,10,273.9399999999995,move,improve
15872,10,274.1999999999995,10,273.9399999999995,2opt,notBad
15873,10,274.1999999999995,10,273.9399999999995,move,improve
15874,10,274.1999999999995,10,273.9399999999995,2opt,notBad
15875,10,274.1999999999995,10,273.9399999999995,2opt,notBad
15876,10,274.1999999999995,10,273.9399999999995,move,improve
15877,10,274.1999999999995,10,273.9399999999995,swap,notBad
15878,10,274.1999999999995,10,273.9399999999995,2opt,notBad
15879,10,274.1999999999995,10,273.9399999999995,move,improve
15880,10,274.1999999999995,10,273.9399999999995,move,improve
15881,10,274.1999999999995,10,273.9399999999995,2opt,notBad
15882,10,274.1999999999995,10,273.9399999999995,move,improve
15883,10,274.1999999999995,10,273.9399999999995,2opt,notBad
15884,10,274.1999999999995,10,273.9399999999995,2opt,notBad
15885,10,274.1999999999995,10,273.9399999999995,2opt,notBad
15886,10,274.1999999999995,10,273.9399999999995,move,improve
15887,10,274.1999999999995,10,273.9399999999995,2opt,notBad
15888,10,274.1999999999995,10,273.9399999999995,2opt,notBad
15889,10,274.1999999999995,10,273.9399999999995,2opt,notBad
15890,10,274.1999999999995,10,273.9399999999995,swap,notBad
15891,10,274.1999999999995,10,273.9399999999995,swap,notBad
15892,10,274.1999999999995,10,273.9399999999995,move,improve
15893,10,274.1999999999995,10,273.9399999999995,swap,notBad
15894,10,274.1999999999995,10,273.9399999999995,swap,notBad
15895,10,274.1999999999995,10,273.9399999999995,move,improve
15896,10,274.1999999999995,10,273.9399999999995,swap,notBad
15897,10,274.1999999999995,10,273.9399999999995,move,improve
15898,10,274.1999999999995,10,273.9399999999995,2opt,improve
15899,10,274.1999999999995,10,273.9399999999995,swap,notBad
15900,10,274.1999999999995,10,273.9399999999995,move,improve
15901,10,274.1999999999995,10,273.9399999999995,swap,notBad
15902,10,274.1999999999995,10,273.9399999999995,2opt,notBad
15903,10,274.1999999999995,10,273.9399999999995,move,improve
15904,10,274.1999999999995,10,273.9399999999995,2opt,notBad
15905,10,274.1999999999995,10,273.9399999999995,move,improve
15906,10,274.1999999999995,10,273.9399999999995,2opt,notBad
15907,10,274.1999999999995,10,273.9399999999995,swap,notBad
15908,10,274.1999999999995,10,273.9399999999995,move,improve
15909,10,274.1999999999995,10,273.9399999999995,swap,notBad
15910,10,274.1999999999995,10,273.9399999999995,2opt,notBad
15911,10,274.1999999999995,10,273.9399999999995,2opt,notBad
15912,10,274.1999999999995,10,273.9399999999995,swap,notBad
15913,10,274.1999999999995,10,273.9399999999995,2opt,notBad
15914,10,274.1999999999995,10,273.9399999999995,2opt,notBad
15915,10,274.1999999999995,10,273.9399999999995,swap,notBad
15916,10,274.1999999999995,10,273.9399999999995,2opt,notBad
15917,10,274.1999999999995,10,273.9399999999995,2opt,notBad
15918,10,274.1999999999995,10,273.9399999999995,swap,notBad
15919,10,274.1999999999995,10,273.9399999999995,swap,notBad
15920,10,274.1999999999995,10,273.9399999999995,2opt,improve
15921,10,274.1999999999995,10,273.9399999999995,2opt,notBad
15922,10,274.1999999999995,10,273.9399999999995,swap,notBad
15923,10,274.1999999999995,10,273.9399999999995,move,improve
15924,10,274.1999999999995,10,273.9399999999995,2opt,notBad
15925,10,274.1999999999995,10,273.9399999999995,move,improve
15926,10,274.1999999999995,10,273.9399999999995,move,improve
15927,10,274.1999999999995,10,273.9399999999995,swap,notBad
15928,10,274.1999999999995,10,273.9399999999995,move,improve
15929,10,274.1999999999995,10,273.9399999999995,move,improve
15930,10,274.1999999999995,10,273.9399999999995,move,improve
15931,10,274.1999999999995,10,273.9399999999995,move,improve
15932,10,274.1999999999995,10,273.9399999999995,swap,notBad
15933,10,274.1999999999995,10,273.9399999999995,move,improve
15934,10,274.1999999999995,10,273.9399999999995,2opt,notBad
15935,10,274.1999999999995,10,273.9399999999995,move,improve
15936,10,274.1999999999995,10,273.9399999999995,move,improve
15937,10,274.1999999999995,10,273.9399999999995,swap,notBad
15938,10,274.1999999999995,10,273.9399999999995,2opt,notBad
15939,10,274.1999999999995,10,273.9399999999995,swap,notBad
15940,10,274.1999999999995,10,273.9399999999995,swap,notBad
15941,10,274.1999999999995,10,273.9399999999995,swap,notBad
15942,10,274.1999999999995,10,273.9399999999995,swap,notBad
15943,10,274.1999999999995,10,273.9399999999995,swap,notBad
15944,10,274.1999999999995,10,273.9399999999995,2opt,notBad
15945,10,274.1999999999995,10,273.9399999999995,2opt,improve
15946,10,274.1999999999995,10,273.9399999999995,swap,notBad
15947,10,274.1999999999995,10,273.9399999999995,2opt,notBad
15948,10,274.1999999999995,10,273.9399999999995,move,improve
15949,10,274.1999999999995,10,273.9399999999995,move,improve
15950,10,274.1999999999995,10,273.9399999999995,2opt,notBad
15951,10,274.1999999999995,10,273.9399999999995,swap,notBad
15952,10,274.1999999999995,10,273.9399999999995,2opt,notBad
15953,10,274.1999999999995,10,273.9399999999995,2opt,notBad
15954,10,274.1999999999995,10,273.9399999999995,2opt,notBad
15955,10,274.1999999999995,10,273.9399999999995,move,improve
15956,10,274.1999999999995,10,273.9399999999995,move,improve
15957,10,274.1999999999995,10,273.9399999999995,2opt,notBad
15958,10,274.1999999999995,10,273.9399999999995,2opt,notBad
15959,10,274.1999999999995,10,273.9399999999995,swap,notBad
15960,10,274.1999999999995,10,273.9399999999995,2opt,notBad
15961,10,274.1999999999995,10,273.9399999999995,swap,notBad
15962,10,274.1999999999995,10,273.9399999999995,move,improve
15963,10,274.1999999999995,10,273.9399999999995,move,improve
15964,10,274.1999999999995,10,273.9399999999995,2opt,improve
15965,10,274.1999999999995,10,273.9399999999995,2opt,notBad
15966,10,274.1999999999995,10,273.9399999999995,2opt,notBad
15967,10,274.1999999999995,10,273.9399999999995,2opt,notBad
15968,10,274.1999999999995,10,273.9399999999995,2opt,notBad
15969,10,274.1999999999995,10,273.9399999999995,move,improve
15970,10,274.1999999999995,10,273.9399999999995,swap,notBad
15971,10,274.1999999999995,10,273.9399999999995,move,improve
15972,10,274.1999999999995,10,273.9399999999995,2opt,improve
15973,10,274.1999999999995,10,273.9399999999995,move,improve
15974,10,274.1999999999995,10,273.9399999999995,move,improve
15975,10,274.1999999999995,10,273.9399999999995,2opt,notBad
15976,10,274.1999999999995,10,273.9399999999995,swap,notBad
15977,10,274.1999999999995,10,273.9399999999995,move,improve
15978,10,274.1999999999995,10,273.9399999999995,move,improve
15979,10,274.1999999999995,10,273.9399999999995,swap,notBad
15980,10,274.1999999999995,10,273.9399999999995,swap,notBad
15981,10,274.1999999999995,10,273.9399999999995,move,improve
15982,10,274.1999999999995,10,273.9399999999995,swap,notBad
15983,10,274.1999999999995,10,273.9399999999995,swap,notBad
15984,10,274.1999999999995,10,273.9399999999995,move,improve
15985,10,274.1999999999995,10,273.9399999999995,swap,notBad
15986,10,274.1999999999995,10,273.9399999999995,move,improve
15987,10,274.1999999999995,10,273.9399999999995,move,improve
15988,10,274.1999999999995,10,273.9399999999995,swap,notBad
15989,10,274.1999999999995,10,273.9399999999995,swap,notBad
15990,10,274.1999999999995,10,273.9399999999995,2opt,notBad
15991,10,274.1999999999995,10,273.9399999999995,2opt,notBad
15992,10,274.1999999999995,10,273.9399999999995,2opt,notBad
15993,10,274.1999999999995,10,273.9399999999995,move,improve
15994,10,274.1999999999995,10,273.9399999999995,2opt,notBad
15995,10,274.1999999999995,10,273.9399999999995,2opt,notBad
15996,10,274.1999999999995,10,273.9399999999995,swap,notBad
15997,10,274.1999999999995,10,273.9399999999995,swap,notBad
15998,10,274.1999999999995,10,273.9399999999995,swap,notBad
15999,10,274.1999999999995,10,273.9399999999995,move,improve
16000,10,274.1999999999995,10,273.9399999999995,swap,notBad
16001,10,274.1999999999995,10,273.9399999999995,move,improve
16002,10,274.1999999999995,10,273.9399999999995,2opt,notBad
16003,10,274.1999999999995,10,273.9399999999995,move,improve
16004,10,274.1999999999995,10,273.9399999999995,move,notBad
16005,10,274.1999999999995,10,273.9399999999995,swap,notBad
16006,10,274.1999999999995,10,273.9399999999995,move,improve
16007,10,274.1999999999995,10,273.9399999999995,2opt,notBad
16008,10,274.1999999999995,10,273.9399999999995,2opt,notBad
16009,10,274.1999999999995,10,273.9399999999995,2opt,notBad
16010,10,274.1999999999995,10,273.9399999999995,move,improve
16011,10,274.1999999999995,10,273.9399999999995,swap,notBad
16012,10,274.1999999999995,10,273.9399999999995,2opt,notBad
16013,10,274.1999999999995,10,273.9399999999995,swap,notBad
16014,10,274.1999999999995,10,273.9399999999995,swap,notBad
16015,10,274.1999999999995,10,273.9399999999995,swap,notBad
16016,10,274.1999999999995,10,273.9399999999995,2opt,notBad
16017,10,274.1999999999995,10,273.9399999999995,swap,notBad
16018,10,274.1999999999995,10,273.9399999999995,2opt,notBad
16019,10,274.1999999999995,10,273.9399999999995,swap,notBad
16020,10,274.1999999999995,10,273.9399999999995,2opt,improve
16021,10,274.1999999999995,10,273.9399999999995,move,improve
16022,10,274.1999999999995,10,273.9399999999995,move,improve
16023,10,274.1999999999995,10,273.9399999999995,swap,notBad
16024,10,274.1999999999995,10,273.9399999999995,move,improve
16025,10,274.1999999999995,10,273.9399999999995,move,improve
16026,10,274.1999999999995,10,273.9399999999995,2opt,notBad
16027,10,274.1999999999995,10,273.9399999999995,move,improve
16028,10,274.1999999999995,10,273.9399999999995,swap,notBad
16029,10,274.1999999999995,10,273.9399999999995,2opt,notBad
16030,10,274.1999999999995,10,273.9399999999995,2opt,notBad
16031,10,274.1999999999995,10,273.9399999999995,2opt,notBad
16032,10,274.1999999999995,10,273.9399999999995,move,improve
16033,10,274.1999999999995,10,273.9399999999995,move,improve
16034,10,274.1999999999995,10,273.9399999999995,move,improve
16035,10,274.1999999999995,10,273.9399999999995,swap,notBad
16036,10,274.1999999999995,10,273.9399999999995,2opt,improve
16037,10,274.1999999999995,10,273.9399999999995,swap,notBad
16038,10,274.1999999999995,10,273.9399999999995,move,improve
16039,10,274.1999999999995,10,273.9399999999995,swap,notBad
16040,10,274.1999999999995,10,273.9399999999995,move,improve
16041,10,274.1999999999995,10,273.9399999999995,2opt,notBad
16042,10,274.1999999999995,10,273.9399999999995,swap,notBad
16043,10,274.1999999999995,10,273.9399999999995,2opt,notBad
16044,10,274.1999999999995,10,273.9399999999995,2opt,notBad
16045,10,274.1999999999995,10,273.9399999999995,2opt,notBad
16046,10,274.1999999999995,10,273.9399999999995,2opt,notBad
16047,10,274.1999999999995,10,273.9399999999995,2opt,improve
16048,10,274.1999999999995,10,273.9399999999995,2opt,notBad
16049,10,274.1999999999995,10,273.9399999999995,move,improve
16050,10,274.1999999999995,10,273.9399999999995,2opt,notBad
16051,10,274.1999999999995,10,273.9399999999995,2opt,notBad
16052,10,274.1999999999995,10,273.9399999999995,swap,notBad
16053,10,274.1999999999995,10,273.9399999999995,2opt,notBad
16054,10,274.1999999999995,10,273.9399999999995,move,improve
16055,10,274.1999999999995,10,273.9399999999995,swap,notBad
16056,10,274.1999999999995,10,273.9399999999995,move,improve
16057,10,274.1999999999995,10,273.9399999999995,2opt,notBad
16058,10,274.1999999999995,10,273.9399999999995,2opt,notBad
16059,10,274.1999999999995,10,273.9399999999995,swap,notBad
16060,10,274.1999999999995,10,273.9399999999995,2opt,notBad
16061,10,274.1999999999995,10,273.9399999999995,swap,notBad
16062,10,274.1999999999995,10,273.9399999999995,swap,notBad
16063,10,274.1999999999995,10,273.9399999999995,move,improve
16064,10,274.1999999999995,10,273.9399999999995,swap,notBad
16065,10,274.1999999999995,10,273.9399999999995,swap,notBad
16066,10,274.1999999999995,10,273.9399999999995,swap,notBad
16067,10,274.1999999999995,10,273.9399999999995,2opt,notBad
16068,10,274.1999999999995,10,273.9399999999995,move,improve
16069,10,274.1999999999995,10,273.9399999999995,swap,notBad
16070,10,274.1999999999995,10,273.9399999999995,swap,notBad
16071,10,274.1999999999995,10,273.9399999999995,move,improve
16072,10,274.1999999999995,10,273.9399999999995,move,improve
16073,10,274.1999999999995,10,273.9399999999995,move,improve
16074,10,274.1999999999995,10,273.9399999999995,move,notBad
16075,10,274.1999999999995,10,273.9399999999995,move,improve
16076,10,274.1999999999995,10,273.9399999999995,move,improve
16077,10,274.1999999999995,10,273.9399999999995,swap,notBad
16078,10,274.1999999999995,10,273.9399999999995,swap,notBad
16079,10,274.1999999999995,10,273.9399999999995,2opt,improve
16080,10,274.1999999999995,10,273.9399999999995,swap,notBad
16081,10,274.1999999999995,10,273.9399999999995,swap,notBad
16082,10,274.1999999999995,10,273.9399999999995,swap,notBad
16083,10,274.1999999999995,10,273.9399999999995,move,improve
16084,10,274.1999999999995,10,273.9399999999995,2opt,notBad
16085,10,274.1999999999995,10,273.9399999999995,2opt,notBad
16086,10,274.1999999999995,10,273.9399999999995,2opt,notBad
16087,10,274.1999999999995,10,273.9399999999995,swap,notBad
16088,10,274.1999999999995,10,273.9399999999995,2opt,notBad
16089,10,274.1999999999995,10,273.9399999999995,move,improve
16090,10,274.1999999999995,10,273.9399999999995,move,improve
16091,10,274.1999999999995,10,273.9399999999995,swap,notBad
16092,10,274.1999999999995,10,273.9399999999995,move,improve
16093,10,274.1999999999995,10,273.9399999999995,2opt,notBad
16094,10,274.1999999999995,10,273.9399999999995,move,improve
16095,10,274.1999999999995,10,273.9399999999995,swap,notBad
16096,10,274.1999999999995,10,273.9399999999995,move,improve
16097,10,274.1999999999995,10,273.9399999999995,2opt,notBad
16098,10,274.1999999999995,10,273.9399999999995,swap,notBad
16099,10,274.1999999999995,10,273.9399999999995,move,improve
16100,10,274.1999999999995,10,273.9399999999995,2opt,notBad
16101,10,274.1999999999995,10,273.9399999999995,move,improve
16102,10,274.1999999999995,10,273.9399999999995,2opt,notBad
16103,10,274.1999999999995,10,273.9399999999995,2opt,notBad
16104,10,274.1999999999995,10,273.9399999999995,2opt,improve
16105,10,274.1999999999995,10,273.9399999999995,move,improve
16106,10,274.1999999999995,10,273.9399999999995,swap,notBad
16107,10,274.1999999999995,10,273.9399999999995,swap,notBad
16108,10,274.1999999999995,10,273.9399999999995,swap,notBad
16109,10,274.1999999999995,10,273.9399999999995,move,improve
16110,10,274.1999999999995,10,273.9399999999995,2opt,notBad
16111,10,274.1999999999995,10,273.9399999999995,move,improve
16112,10,274.1999999999995,10,273.9399999999995,move,improve
16113,10,274.1999999999995,10,273.9399999999995,move,improve
16114,10,274.1999999999995,10,273.9399999999995,move,improve
16115,10,274.1999999999995,10,273.9399999999995,move,improve
16116,10,274.1999999999995,10,273.9399999999995,2opt,notBad
16117,10,274.1999999999995,10,273.9399999999995,move,improve
16118,10,274.1999999999995,10,273.9399999999995,2opt,notBad
16119,10,274.1999999999995,10,273.9399999999995,2opt,improve
16120,10,274.1999999999995,10,273.9399999999995,2opt,improve
16121,10,274.1999999999995,10,273.9399999999995,swap,notBad
16122,10,274.1999999999995,10,273.9399999999995,2opt,notBad
16123,10,274.1999999999995,10,273.9399999999995,swap,notBad
16124,10,274.1999999999995,10,273.9399999999995,2opt,notBad
16125,10,274.1999999999995,10,273.9399999999995,move,improve
16126,10,274.1999999999995,10,273.9399999999995,2opt,notBad
16127,10,274.1999999999995,10,273.9399999999995,move,improve
16128,10,274.1999999999995,10,273.9399999999995,2opt,notBad
16129,10,274.1999999999995,10,273.9399999999995,2opt,notBad
16130,10,274.1999999999995,10,273.9399999999995,move,improve
16131,10,274.1999999999995,10,273.9399999999995,swap,notBad
16132,10,274.1999999999995,10,273.9399999999995,swap,notBad
16133,10,274.1999999999995,10,273.9399999999995,2opt,notBad
16134,10,274.1999999999995,10,273.9399999999995,move,improve
16135,10,274.1999999999995,10,273.9399999999995,2opt,notBad
16136,10,274.1999999999995,10,273.9399999999995,move,improve
16137,10,274.1999999999995,10,273.9399999999995,move,improve
16138,10,274.1999999999995,10,273.9399999999995,swap,notBad
16139,10,274.1999999999995,10,273.9399999999995,2opt,notBad
16140,10,274.1999999999995,10,273.9399999999995,move,improve
16141,10,274.1999999999995,10,273.9399999999995,move,improve
16142,10,274.1999999999995,10,273.9399999999995,move,improve
16143,10,274.1999999999995,10,273.9399999999995,2opt,notBad
16144,10,274.1999999999995,10,273.9399999999995,move,improve
16145,10,274.1999999999995,10,273.9399999999995,swap,notBad
16146,10,274.1999999999995,10,273.9399999999995,swap,notBad
16147,10,274.1999999999995,10,273.9399999999995,swap,notBad
16148,10,274.1999999999995,10,273.9399999999995,swap,notBad
16149,10,274.1999999999995,10,273.9399999999995,move,improve
16150,10,274.1999999999995,10,273.9399999999995,swap,notBad
16151,10,274.1999999999995,10,273.9399999999995,swap,notBad
16152,10,274.1999999999995,10,273.9399999999995,move,improve
16153,10,274.1999999999995,10,273.9399999999995,2opt,notBad
16154,10,274.1999999999995,10,273.9399999999995,move,improve
16155,10,274.1999999999995,10,273.9399999999995,2opt,notBad
16156,10,274.1999999999995,10,273.9399999999995,2opt,notBad
16157,10,274.1999999999995,10,273.9399999999995,swap,notBad
16158,10,274.1999999999995,10,273.9399999999995,2opt,notBad
16159,10,274.1999999999995,10,273.9399999999995,move,improve
16160,10,274.1999999999995,10,273.9399999999995,move,improve
16161,10,274.1999999999995,10,273.9399999999995,swap,notBad
16162,10,274.1999999999995,10,273.9399999999995,swap,notBad
16163,10,274.1999999999995,10,273.9399999999995,2opt,notBad
16164,10,274.1999999999995,10,273.9399999999995,move,improve
16165,10,274.1999999999995,10,273.9399999999995,move,improve
16166,10,274.1999999999995,10,273.9399999999995,move,improve
16167,10,274.1999999999995,10,273.9399999999995,move,improve
16168,10,274.1999999999995,10,273.9399999999995,2opt,notBad
16169,10,274.1999999999995,10,273.9399999999995,2opt,notBad
16170,10,274.1999999999995,10,273.9399999999995,move,improve
16171,10,274.1999999999995,10,273.9399999999995,swap,notBad
16172,10,274.1999999999995,10,273.9399999999995,move,improve
16173,10,274.1999999999995,10,273.9399999999995,2opt,notBad
16174,10,274.1999999999995,10,273.9399999999995,move,improve
16175,10,274.1999999999995,10,273.9399999999995,move,improve
16176,10,274.1999999999995,10,273.9399999999995,swap,notBad
16177,10,274.1999999999995,10,273.9399999999995,move,improve
16178,10,274.1999999999995,10,273.9399999999995,2opt,improve
16179,10,274.1999999999995,10,273.9399999999995,swap,notBad
16180,10,274.1999999999995,10,273.9399999999995,swap,notBad
16181,10,274.1999999999995,10,273.9399999999995,swap,notBad
16182,10,274.1999999999995,10,273.9399999999995,2opt,notBad
16183,10,274.1999999999995,10,273.9399999999995,2opt,notBad
16184,10,274.1999999999995,10,273.9399999999995,swap,notBad
16185,10,274.1999999999995,10,273.9399999999995,swap,notBad
16186,10,274.1999999999995,10,273.9399999999995,2opt,notBad
16187,10,274.1999999999995,10,273.9399999999995,swap,notBad
16188,10,274.1999999999995,10,273.9399999999995,2opt,notBad
16189,10,274.1999999999995,10,273.9399999999995,2opt,notBad
16190,10,274.1999999999995,10,273.9399999999995,move,improve
16191,10,274.1999999999995,10,273.9399999999995,swap,notBad
16192,10,274.1999999999995,10,273.9399999999995,2opt,notBad
16193,10,274.1999999999995,10,273.9399999999995,move,improve
16194,10,274.1999999999995,10,273.9399999999995,swap,notBad
16195,10,274.1999999999995,10,273.9399999999995,2opt,notBad
16196,10,274.1999999999995,10,273.9399999999995,move,improve
16197,10,274.1999999999995,10,273.9399999999995,move,improve
16198,10,274.1999999999995,10,273.9399999999995,2opt,improve
16199,10,274.1999999999995,10,273.9399999999995,2opt,notBad
16200,10,274.1999999999995,10,273.9399999999995,2opt,notBad
16201,10,274.1999999999995,10,273.9399999999995,swap,improve
16202,10,274.1999999999995,10,273.9399999999995,swap,notBad
16203,10,274.1999999999995,10,273.9399999999995,move,improve
16204,10,274.1999999999995,10,273.9399999999995,2opt,notBad
16205,10,274.1999999999995,10,273.9399999999995,2opt,notBad
16206,10,274.1999999999995,10,273.9399999999995,2opt,notBad
16207,10,274.1999999999995,10,273.9399999999995,2opt,notBad
16208,10,274.1999999999995,10,273.9399999999995,2opt,notBad
16209,10,274.1999999999995,10,273.9399999999995,move,improve
16210,10,274.1999999999995,10,273.9399999999995,move,improve
16211,10,274.1999999999995,10,273.9399999999995,swap,notBad
16212,10,274.1999999999995,10,273.9399999999995,2opt,notBad
16213,10,274.1999999999995,10,273.9399999999995,swap,notBad
16214,10,274.1999999999995,10,273.9399999999995,swap,notBad
16215,10,274.1999999999995,10,273.9399999999995,swap,notBad
16216,10,274.1999999999995,10,273.9399999999995,swap,notBad
16217,10,274.1999999999995,10,273.9399999999995,2opt,improve
16218,10,274.1999999999995,10,273.9399999999995,move,improve
16219,10,274.1999999999995,10,273.9399999999995,move,improve
16220,10,274.1999999999995,10,273.9399999999995,2opt,notBad
16221,10,274.1999999999995,10,273.9399999999995,move,improve
16222,10,274.1999999999995,10,273.9399999999995,swap,improve
16223,10,274.1999999999995,10,273.9399999999995,swap,notBad
16224,10,274.1999999999995,10,273.9399999999995,move,improve
16225,10,274.1999999999995,10,273.9399999999995,move,improve
16226,10,274.1999999999995,10,273.9399999999995,swap,notBad
16227,10,274.1999999999995,10,273.9399999999995,swap,notBad
16228,10,274.1999999999995,10,273.9399999999995,swap,notBad
16229,10,274.1999999999995,10,273.9399999999995,2opt,notBad
16230,10,274.1999999999995,10,273.9399999999995,move,improve
16231,10,274.1999999999995,10,273.9399999999995,2opt,notBad
16232,10,274.1999999999995,10,273.9399999999995,2opt,notBad
16233,10,274.1999999999995,10,273.9399999999995,swap,notBad
16234,10,274.1999999999995,10,273.9399999999995,move,improve
16235,10,274.1999999999995,10,273.9399999999995,swap,notBad
16236,10,274.1999999999995,10,273.9399999999995,2opt,notBad
16237,10,274.1999999999995,10,273.9399999999995,swap,notBad
16238,10,274.1999999999995,10,273.9399999999995,2opt,notBad
16239,10,274.1999999999995,10,273.9399999999995,swap,notBad
16240,10,274.1999999999995,10,273.9399999999995,swap,notBad
16241,10,274.1999999999995,10,273.9399999999995,move,improve
16242,10,274.1999999999995,10,273.9399999999995,move,improve
16243,10,274.1999999999995,10,273.9399999999995,move,improve
16244,10,274.1999999999995,10,273.9399999999995,move,improve
16245,10,274.1999999999995,10,273.9399999999995,move,improve
16246,10,274.1999999999995,10,273.9399999999995,swap,notBad
16247,10,274.1999999999995,10,273.9399999999995,move,improve
16248,10,274.1999999999995,10,273.9399999999995,2opt,improve
16249,10,274.1999999999995,10,273.9399999999995,swap,notBad
16250,10,274.1999999999995,10,273.9399999999995,swap,notBad
16251,10,274.1999999999995,10,273.9399999999995,move,improve
16252,10,274.1999999999995,10,273.9399999999995,move,improve
16253,10,274.1999999999995,10,273.9399999999995,move,improve
16254,10,274.1999999999995,10,273.9399999999995,2opt,notBad
16255,10,274.1999999999995,10,273.9399999999995,2opt,notBad
16256,10,274.1999999999995,10,273.9399999999995,2opt,notBad
16257,10,274.1999999999995,10,273.9399999999995,move,improve
16258,10,274.1999999999995,10,273.9399999999995,swap,notBad
16259,10,274.1999999999995,10,273.9399999999995,swap,notBad
16260,10,274.1999999999995,10,273.9399999999995,move,improve
16261,10,274.1999999999995,10,273.9399999999995,2opt,improve
16262,10,274.1999999999995,10,273.9399999999995,move,improve
16263,10,274.1999999999995,10,273.9399999999995,swap,notBad
16264,10,273.9399999999995,10,273.9399999999995,swap,improve
16265,10,273.9399999999995,10,273.9399999999995,move,improve
16266,10,273.9399999999995,10,273.9399999999995,swap,notBad
16267,10,273.9399999999995,10,273.9399999999995,swap,notBad
16268,10,273.9399999999995,10,273.9399999999995,move,improve
16269,10,273.9399999999995,10,273.9399999999995,move,improve
16270,10,273.9399999999995,10,273.9399999999995,swap,notBad
16271,10,273.9399999999995,10,273.9399999999995,move,improve
16272,10,273.9399999999995,10,273.9399999999995,swap,notBad
16273,10,273.9399999999995,10,273.9399999999995,swap,notBad
16274,10,273.9399999999995,10,273.9399999999995,2opt,notBad
16275,10,273.9399999999995,10,273.9399999999995,swap,notBad
16276,10,273.9399999999995,10,273.9399999999995,swap,notBad
16277,10,273.9399999999995,10,273.9399999999995,swap,notBad
16278,10,273.9399999999995,10,273.9399999999995,swap,notBad
16279,10,273.9399999999995,10,273.9399999999995,swap,notBad
16280,10,273.9399999999995,10,273.9399999999995,2opt,notBad
16281,10,273.9399999999995,10,273.9399999999995,move,improve
16282,10,273.9399999999995,10,273.9399999999995,2opt,notBad
16283,10,273.9399999999995,10,273.9399999999995,move,improve
16284,10,273.9399999999995,10,273.9399999999995,swap,notBad
16285,10,273.9399999999995,10,273.9399999999995,2opt,notBad
16286,10,273.9399999999995,10,273.9399999999995,2opt,notBad
16287,10,273.9399999999995,10,273.9399999999995,move,improve
16288,10,273.9399999999995,10,273.9399999999995,2opt,notBad
16289,10,273.9399999999995,10,273.9399999999995,2opt,notBad
16290,10,273.9399999999995,10,273.9399999999995,swap,notBad
16291,10,273.9399999999995,10,273.9399999999995,move,improve
16292,10,273.9399999999995,10,273.9399999999995,2opt,notBad
16293,10,273.9399999999995,10,273.9399999999995,swap,notBad
16294,10,273.9399999999995,10,273.9399999999995,2opt,notBad
16295,10,273.9399999999995,10,273.9399999999995,swap,notBad
16296,10,273.9399999999995,10,273.9399999999995,swap,notBad
16297,10,273.9399999999995,10,273.9399999999995,swap,notBad
16298,10,273.9399999999995,10,273.9399999999995,2opt,notBad
16299,10,273.9399999999995,10,273.9399999999995,2opt,notBad
16300,10,273.9399999999995,10,273.9399999999995,move,improve
16301,10,273.9399999999995,10,273.9399999999995,2opt,notBad
16302,10,273.9399999999995,10,273.9399999999995,move,improve
16303,10,273.9399999999995,10,273.9399999999995,swap,notBad
16304,10,273.9399999999995,10,273.9399999999995,swap,notBad
16305,10,273.9399999999995,10,273.9399999999995,2opt,notBad
16306,10,273.9399999999995,10,273.9399999999995,swap,notBad
16307,10,273.9399999999995,10,273.9399999999995,2opt,notBad
16308,10,273.9399999999995,10,273.9399999999995,move,improve
16309,10,273.9399999999995,10,273.9399999999995,2opt,notBad
16310,10,273.9399999999995,10,273.9399999999995,move,improve
16311,10,273.9399999999995,10,273.9399999999995,2opt,notBad
16312,10,273.9399999999995,10,273.9399999999995,move,improve
16313,10,273.9399999999995,10,273.9399999999995,swap,notBad
16314,10,273.9399999999995,10,273.9399999999995,swap,notBad
16315,10,273.9399999999995,10,273.9399999999995,move,improve
16316,10,273.9399999999995,10,273.9399999999995,move,improve
16317,10,273.9399999999995,10,273.9399999999995,2opt,notBad
16318,10,273.9399999999995,10,273.9399999999995,2opt,notBad
16319,10,273.9399999999995,10,273.9399999999995,2opt,notBad
16320,10,273.9399999999995,10,273.9399999999995,move,improve
16321,10,273.9399999999995,10,273.9399999999995,swap,notBad
16322,10,273.9399999999995,10,273.9399999999995,2opt,notBad
16323,10,273.9399999999995,10,273.9399999999995,move,improve
16324,10,273.9399999999995,10,273.9399999999995,2opt,notBad
16325,10,273.9399999999995,10,273.9399999999995,2opt,notBad
16326,10,273.9399999999995,10,273.9399999999995,move,improve
16327,10,273.9399999999995,10,273.9399999999995,swap,notBad
16328,10,273.9399999999995,10,273.9399999999995,move,improve
16329,10,273.9399999999995,10,273.9399999999995,2opt,notBad
16330,10,273.9399999999995,10,273.9399999999995,move,improve
16331,10,273.9399999999995,10,273.9399999999995,swap,notBad
16332,10,273.9399999999995,10,273.9399999999995,2opt,notBad
16333,10,273.9399999999995,10,273.9399999999995,2opt,notBad
16334,10,273.9399999999995,10,273.9399999999995,move,improve
16335,10,273.9399999999995,10,273.9399999999995,swap,notBad
16336,10,273.9399999999995,10,273.9399999999995,2opt,notBad
16337,10,273.9399999999995,10,273.9399999999995,2opt,notBad
16338,10,273.9399999999995,10,273.9399999999995,swap,notBad
16339,10,273.9399999999995,10,273.9399999999995,2opt,notBad
16340,10,273.9399999999995,10,273.9399999999995,2opt,improve
16341,10,273.9399999999995,10,273.9399999999995,swap,notBad
16342,10,273.9399999999995,10,273.9399999999995,move,improve
16343,10,273.9399999999995,10,273.9399999999995,swap,notBad
16344,10,273.9399999999995,10,273.9399999999995,swap,notBad
16345,10,273.9399999999995,10,273.9399999999995,swap,notBad
16346,10,273.9399999999995,10,273.9399999999995,2opt,notBad
16347,10,273.9399999999995,10,273.9399999999995,2opt,notBad
16348,10,273.9399999999995,10,273.9399999999995,swap,notBad
16349,10,273.9399999999995,10,273.9399999999995,2opt,notBad
16350,10,273.9399999999995,10,273.9399999999995,2opt,notBad
16351,10,273.9399999999995,10,273.9399999999995,2opt,notBad
16352,10,273.9399999999995,10,273.9399999999995,2opt,notBad
16353,10,274.1999999999995,10,273.9399999999995,swap,acceptBad
16354,10,274.1999999999995,10,273.9399999999995,swap,notBad
16355,10,274.1999999999995,10,273.9399999999995,2opt,improve
16356,10,274.1999999999995,10,273.9399999999995,move,improve
16357,10,274.1999999999995,10,273.9399999999995,move,improve
16358,10,274.1999999999995,10,273.9399999999995,move,improve
16359,10,274.1999999999995,10,273.9399999999995,move,improve
16360,10,274.1999999999995,10,273.9399999999995,move,improve
16361,10,274.1999999999995,10,273.9399999999995,swap,notBad
16362,10,274.1999999999995,10,273.9399999999995,2opt,notBad
16363,10,274.1999999999995,10,273.9399999999995,move,improve
16364,10,274.1999999999995,10,273.9399999999995,2opt,notBad
16365,10,274.1999999999995,10,273.9399999999995,move,improve
16366,10,274.1999999999995,10,273.9399999999995,swap,notBad
16367,10,274.1999999999995,10,273.9399999999995,swap,notBad
16368,10,274.1999999999995,10,273.9399999999995,swap,notBad
16369,10,274.1999999999995,10,273.9399999999995,2opt,notBad
16370,10,274.1999999999995,10,273.9399999999995,move,improve
16371,10,274.1999999999995,10,273.9399999999995,2opt,notBad
16372,10,274.1999999999995,10,273.9399999999995,swap,notBad
16373,10,274.1999999999995,10,273.9399999999995,swap,notBad
16374,10,274.1999999999995,10,273.9399999999995,2opt,notBad
16375,10,274.1999999999995,10,273.9399999999995,swap,notBad
16376,10,274.1999999999995,10,273.9399999999995,move,improve
16377,10,274.1999999999995,10,273.9399999999995,2opt,improve
16378,10,274.1999999999995,10,273.9399999999995,swap,notBad
16379,10,274.1999999999995,10,273.9399999999995,move,improve
16380,10,274.1999999999995,10,273.9399999999995,move,improve
16381,10,274.1999999999995,10,273.9399999999995,swap,notBad
16382,10,274.1999999999995,10,273.9399999999995,move,improve
16383,10,274.1999999999995,10,273.9399999999995,swap,notBad
16384,10,274.1999999999995,10,273.9399999999995,2opt,improve
16385,10,274.1999999999995,10,273.9399999999995,2opt,notBad
16386,10,274.1999999999995,10,273.9399999999995,2opt,notBad
16387,10,274.1999999999995,10,273.9399999999995,2opt,notBad
16388,10,274.1999999999995,10,273.9399999999995,2opt,notBad
16389,10,274.1999999999995,10,273.9399999999995,move,improve
16390,10,274.1999999999995,10,273.9399999999995,2opt,notBad
16391,10,274.1999999999995,10,273.9399999999995,2opt,notBad
16392,10,274.1999999999995,10,273.9399999999995,2opt,notBad
16393,10,274.1999999999995,10,273.9399999999995,2opt,notBad
16394,10,274.1999999999995,10,273.9399999999995,move,improve
16395,10,274.1999999999995,10,273.9399999999995,2opt,notBad
16396,10,274.1999999999995,10,273.9399999999995,swap,notBad
16397,10,274.1999999999995,10,273.9399999999995,swap,notBad
16398,10,274.1999999999995,10,273.9399999999995,move,improve
16399,10,274.1999999999995,10,273.9399999999995,2opt,notBad
16400,10,274.1999999999995,10,273.9399999999995,move,improve
16401,10,274.1999999999995,10,273.9399999999995,move,improve
16402,10,274.1999999999995,10,273.9399999999995,move,improve
16403,10,274.1999999999995,10,273.9399999999995,swap,notBad
16404,10,274.1999999999995,10,273.9399999999995,swap,notBad
16405,10,274.1999999999995,10,273.9399999999995,move,improve
16406,10,274.1999999999995,10,273.9399999999995,2opt,notBad
16407,10,274.1999999999995,10,273.9399999999995,move,improve
16408,10,274.1999999999995,10,273.9399999999995,swap,notBad
16409,10,274.1999999999995,10,273.9399999999995,swap,notBad
16410,10,274.1999999999995,10,273.9399999999995,2opt,notBad
16411,10,274.1999999999995,10,273.9399999999995,2opt,notBad
16412,10,274.1999999999995,10,273.9399999999995,move,improve
16413,10,274.1999999999995,10,273.9399999999995,2opt,notBad
16414,10,274.1999999999995,10,273.9399999999995,swap,notBad
16415,10,274.1999999999995,10,273.9399999999995,swap,notBad
16416,10,274.1999999999995,10,273.9399999999995,2opt,improve
16417,10,274.1999999999995,10,273.9399999999995,move,improve
16418,10,274.1999999999995,10,273.9399999999995,move,improve
16419,10,274.1999999999995,10,273.9399999999995,2opt,notBad
16420,10,274.1999999999995,10,273.9399999999995,move,improve
16421,10,274.1999999999995,10,273.9399999999995,2opt,notBad
16422,10,274.1999999999995,10,273.9399999999995,swap,notBad
16423,10,274.1999999999995,10,273.9399999999995,move,improve
16424,10,274.1999999999995,10,273.9399999999995,move,improve
16425,10,274.1999999999995,10,273.9399999999995,2opt,notBad
16426,10,274.1999999999995,10,273.9399999999995,swap,notBad
16427,10,274.1999999999995,10,273.9399999999995,swap,notBad
16428,10,274.1999999999995,10,273.9399999999995,swap,notBad
16429,10,274.1999999999995,10,273.9399999999995,swap,notBad
16430,10,274.1999999999995,10,273.9399999999995,swap,notBad
16431,10,274.1999999999995,10,273.9399999999995,2opt,improve
16432,10,274.1999999999995,10,273.9399999999995,2opt,notBad
16433,10,274.1999999999995,10,273.9399999999995,move,improve
16434,10,274.1999999999995,10,273.9399999999995,swap,notBad
16435,10,274.1999999999995,10,273.9399999999995,swap,notBad
16436,10,274.1999999999995,10,273.9399999999995,swap,notBad
16437,10,274.1999999999995,10,273.9399999999995,swap,notBad
16438,10,274.1999999999995,10,273.9399999999995,move,improve
16439,10,274.1999999999995,10,273.9399999999995,2opt,notBad
16440,10,274.1999999999995,10,273.9399999999995,2opt,notBad
16441,10,274.1999999999995,10,273.9399999999995,swap,notBad
16442,10,274.1999999999995,10,273.9399999999995,2opt,notBad
16443,10,274.1999999999995,10,273.9399999999995,move,improve
16444,10,274.1999999999995,10,273.9399999999995,2opt,notBad
16445,10,274.1999999999995,10,273.9399999999995,move,improve
16446,10,274.1999999999995,10,273.9399999999995,move,improve
16447,10,274.1999999999995,10,273.9399999999995,2opt,notBad
16448,10,274.1999999999995,10,273.9399999999995,2opt,notBad
16449,10,274.1999999999995,10,273.9399999999995,move,improve
16450,10,274.1999999999995,10,273.9399999999995,swap,notBad
16451,10,274.1999999999995,10,273.9399999999995,move,improve
16452,10,274.1999999999995,10,273.9399999999995,2opt,notBad
16453,10,274.1999999999995,10,273.9399999999995,move,improve
16454,10,274.1999999999995,10,273.9399999999995,swap,notBad
16455,10,274.1999999999995,10,273.9399999999995,2opt,notBad
16456,10,274.1999999999995,10,273.9399999999995,swap,notBad
16457,10,274.1999999999995,10,273.9399999999995,move,improve
16458,10,274.1999999999995,10,273.9399999999995,move,improve
16459,10,274.1999999999995,10,273.9399999999995,swap,notBad
16460,10,274.1999999999995,10,273.9399999999995,2opt,notBad
16461,10,274.1999999999995,10,273.9399999999995,swap,notBad
16462,10,274.1999999999995,10,273.9399999999995,2opt,notBad
16463,10,274.1999999999995,10,273.9399999999995,swap,notBad
16464,10,274.1999999999995,10,273.9399999999995,swap,notBad
16465,10,274.1999999999995,10,273.9399999999995,2opt,notBad
16466,10,274.1999999999995,10,273.9399999999995,move,improve
16467,10,274.1999999999995,10,273.9399999999995,2opt,notBad
16468,10,274.1999999999995,10,273.9399999999995,2opt,notBad
16469,10,274.1999999999995,10,273.9399999999995,move,improve
16470,10,274.1999999999995,10,273.9399999999995,move,improve
16471,10,274.1999999999995,10,273.9399999999995,move,improve
16472,10,274.1999999999995,10,273.9399999999995,2opt,notBad
16473,10,274.1999999999995,10,273.9399999999995,2opt,notBad
16474,10,274.1999999999995,10,273.9399999999995,2opt,notBad
16475,10,274.1999999999995,10,273.9399999999995,2opt,notBad
16476,10,274.1999999999995,10,273.9399999999995,2opt,notBad
16477,10,274.1999999999995,10,273.9399999999995,swap,notBad
16478,10,274.1999999999995,10,273.9399999999995,move,improve
16479,10,274.1999999999995,10,273.9399999999995,2opt,improve
16480,10,274.1999999999995,10,273.9399999999995,2opt,notBad
16481,10,274.1999999999995,10,273.9399999999995,move,improve
16482,10,274.1999999999995,10,273.9399999999995,move,improve
16483,10,274.1999999999995,10,273.9399999999995,swap,notBad
16484,10,274.1999999999995,10,273.9399999999995,2opt,notBad
16485,10,274.1999999999995,10,273.9399999999995,move,improve
16486,10,274.1999999999995,10,273.9399999999995,swap,notBad
16487,10,274.1999999999995,10,273.9399999999995,swap,notBad
16488,10,274.1999999999995,10,273.9399999999995,move,improve
16489,10,274.1999999999995,10,273.9399999999995,swap,notBad
16490,10,274.1999999999995,10,273.9399999999995,2opt,improve
16491,10,274.1999999999995,10,273.9399999999995,2opt,notBad
16492,10,274.1999999999995,10,273.9399999999995,2opt,notBad
16493,10,274.1999999999995,10,273.9399999999995,move,improve
16494,10,274.1999999999995,10,273.9399999999995,2opt,notBad
16495,10,274.1999999999995,10,273.9399999999995,swap,notBad
16496,10,274.1999999999995,10,273.9399999999995,2opt,notBad
16497,10,274.1999999999995,10,273.9399999999995,2opt,notBad
16498,10,274.1999999999995,10,273.9399999999995,move,notBad
16499,10,274.1999999999995,10,273.9399999999995,move,improve
16500,10,274.1999999999995,10,273.9399999999995,2opt,improve
16501,10,274.1999999999995,10,273.9399999999995,move,improve
16502,10,274.1999999999995,10,273.9399999999995,swap,notBad
16503,10,274.1999999999995,10,273.9399999999995,move,improve
16504,10,274.1999999999995,10,273.9399999999995,move,improve
16505,10,274.1999999999995,10,273.9399999999995,2opt,notBad
16506,10,274.1999999999995,10,273.9399999999995,move,improve
16507,10,274.1999999999995,10,273.9399999999995,swap,notBad
16508,10,274.1999999999995,10,273.9399999999995,move,improve
16509,10,274.1999999999995,10,273.9399999999995,swap,notBad
16510,10,274.1999999999995,10,273.9399999999995,move,improve
16511,10,274.1999999999995,10,273.9399999999995,2opt,improve
16512,10,274.1999999999995,10,273.9399999999995,swap,improve
16513,10,274.1999999999995,10,273.9399999999995,2opt,notBad
16514,10,274.1999999999995,10,273.9399999999995,swap,notBad
16515,10,274.1999999999995,10,273.9399999999995,swap,notBad
16516,10,274.1999999999995,10,273.9399999999995,swap,notBad
16517,10,274.1999999999995,10,273.9399999999995,2opt,improve
16518,10,274.1999999999995,10,273.9399999999995,swap,notBad
16519,10,274.1999999999995,10,273.9399999999995,move,improve
16520,10,274.1999999999995,10,273.9399999999995,move,improve
16521,10,274.1999999999995,10,273.9399999999995,move,improve
16522,10,274.1999999999995,10,273.9399999999995,move,improve
16523,10,274.1999999999995,10,273.9399999999995,swap,notBad
16524,10,274.1999999999995,10,273.9399999999995,swap,notBad
16525,10,274.1999999999995,10,273.9399999999995,2opt,notBad
16526,10,274.1999999999995,10,273.9399999999995,swap,notBad
16527,10,274.1999999999995,10,273.9399999999995,swap,notBad
16528,10,274.1999999999995,10,273.9399999999995,swap,notBad
16529,10,274.1999999999995,10,273.9399999999995,move,improve
16530,10,274.1999999999995,10,273.9399999999995,move,improve
16531,10,274.1999999999995,10,273.9399999999995,swap,notBad
16532,10,274.1999999999995,10,273.9399999999995,2opt,notBad
16533,10,274.1999999999995,10,273.9399999999995,swap,notBad
16534,10,274.1999999999995,10,273.9399999999995,move,improve
16535,10,274.1999999999995,10,273.9399999999995,swap,notBad
16536,10,274.1999999999995,10,273.9399999999995,move,improve
16537,10,274.1999999999995,10,273.9399999999995,move,improve
16538,10,274.1999999999995,10,273.9399999999995,swap,notBad
16539,10,274.1999999999995,10,273.9399999999995,swap,notBad
16540,10,274.1999999999995,10,273.9399999999995,move,improve
16541,10,274.1999999999995,10,273.9399999999995,2opt,notBad
16542,10,274.1999999999995,10,273.9399999999995,2opt,notBad
16543,10,274.1999999999995,10,273.9399999999995,move,improve
16544,10,274.1999999999995,10,273.9399999999995,move,improve
16545,10,274.1999999999995,10,273.9399999999995,swap,notBad
16546,10,274.1999999999995,10,273.9399999999995,swap,notBad
16547,10,274.1999999999995,10,273.9399999999995,swap,notBad
16548,10,274.1999999999995,10,273.9399999999995,move,improve
16549,10,274.1999999999995,10,273.9399999999995,move,improve
16550,10,274.1999999999995,10,273.9399999999995,swap,notBad
16551,10,274.1999999999995,10,273.9399999999995,2opt,improve
16552,10,274.1999999999995,10,273.9399999999995,swap,notBad
16553,10,274.1999999999995,10,273.9399999999995,swap,notBad
16554,10,274.1999999999995,10,273.9399999999995,swap,notBad
16555,10,274.1999999999995,10,273.9399999999995,2opt,notBad
16556,10,274.1999999999995,10,273.9399999999995,move,improve
16557,10,274.1999999999995,10,273.9399999999995,swap,notBad
16558,10,274.1999999999995,10,273.9399999999995,move,improve
16559,10,274.1999999999995,10,273.9399999999995,swap,notBad
16560,10,274.1999999999995,10,273.9399999999995,2opt,notBad
16561,10,274.1999999999995,10,273.9399999999995,move,improve
16562,10,274.1999999999995,10,273.9399999999995,move,improve
16563,10,274.1999999999995,10,273.9399999999995,2opt,notBad
16564,10,274.1999999999995,10,273.9399999999995,2opt,notBad
16565,10,274.1999999999995,10,273.9399999999995,2opt,notBad
16566,10,274.1999999999995,10,273.9399999999995,2opt,notBad
16567,10,274.1999999999995,10,273.9399999999995,2opt,notBad
16568,10,274.1999999999995,10,273.9399999999995,swap,notBad
16569,10,274.1999999999995,10,273.9399999999995,move,improve
16570,10,274.1999999999995,10,273.9399999999995,2opt,notBad
16571,10,274.1999999999995,10,273.9399999999995,swap,notBad
16572,10,274.1999999999995,10,273.9399999999995,swap,notBad
16573,10,274.1999999999995,10,273.9399999999995,swap,notBad
16574,10,274.1999999999995,10,273.9399999999995,2opt,notBad
16575,10,274.1999999999995,10,273.9399999999995,move,improve
16576,10,274.1999999999995,10,273.9399999999995,move,improve
16577,10,274.1999999999995,10,273.9399999999995,move,improve
16578,10,274.1999999999995,10,273.9399999999995,2opt,notBad
16579,10,274.1999999999995,10,273.9399999999995,move,improve
16580,10,274.1999999999995,10,273.9399999999995,2opt,notBad
16581,10,274.1999999999995,10,273.9399999999995,2opt,notBad
16582,10,274.1999999999995,10,273.9399999999995,move,improve
16583,10,274.1999999999995,10,273.9399999999995,2opt,notBad
16584,10,274.1999999999995,10,273.9399999999995,swap,notBad
16585,10,274.1999999999995,10,273.9399999999995,swap,notBad
16586,10,274.1999999999995,10,273.9399999999995,2opt,notBad
16587,10,274.1999999999995,10,273.9399999999995,move,improve
16588,10,274.1999999999995,10,273.9399999999995,2opt,notBad
16589,10,274.1999999999995,10,273.9399999999995,move,improve
16590,10,274.1999999999995,10,273.9399999999995,swap,notBad
16591,10,274.1999999999995,10,273.9399999999995,2opt,notBad
16592,10,274.1999999999995,10,273.9399999999995,swap,notBad
16593,10,274.1999999999995,10,273.9399999999995,swap,notBad
16594,10,274.1999999999995,10,273.9399999999995,move,improve
16595,10,274.1999999999995,10,273.9399999999995,swap,notBad
16596,10,274.1999999999995,10,273.9399999999995,2opt,improve
16597,10,274.1999999999995,10,273.9399999999995,move,improve
16598,10,274.1999999999995,10,273.9399999999995,move,improve
16599,10,274.1999999999995,10,273.9399999999995,move,improve
16600,10,274.1999999999995,10,273.9399999999995,move,improve
16601,10,274.1999999999995,10,273.9399999999995,move,improve
16602,10,274.1999999999995,10,273.9399999999995,swap,notBad
16603,10,274.1999999999995,10,273.9399999999995,2opt,improve
16604,10,274.1999999999995,10,273.9399999999995,move,improve
16605,10,274.1999999999995,10,273.9399999999995,move,improve
16606,10,274.1999999999995,10,273.9399999999995,2opt,notBad
16607,10,274.1999999999995,10,273.9399999999995,2opt,notBad
16608,10,274.1999999999995,10,273.9399999999995,2opt,notBad
16609,10,274.1999999999995,10,273.9399999999995,move,improve
16610,10,274.1999999999995,10,273.9399999999995,swap,notBad
16611,10,274.1999999999995,10,273.9399999999995,2opt,notBad
16612,10,274.1999999999995,10,273.9399999999995,swap,notBad
16613,10,274.1999999999995,10,273.9399999999995,2opt,notBad
16614,10,274.1999999999995,10,273.9399999999995,move,improve
16615,10,274.1999999999995,10,273.9399999999995,move,improve
16616,10,274.1999999999995,10,273.9399999999995,swap,notBad
16617,10,274.1999999999995,10,273.9399999999995,move,improve
16618,10,274.1999999999995,10,273.9399999999995,swap,notBad
16619,10,274.1999999999995,10,273.9399999999995,swap,notBad
16620,10,274.1999999999995,10,273.9399999999995,2opt,notBad
16621,10,274.1999999999995,10,273.9399999999995,move,improve
16622,10,274.1999999999995,10,273.9399999999995,move,improve
16623,10,274.1999999999995,10,273.9399999999995,move,improve
16624,10,274.1999999999995,10,273.9399999999995,move,improve
16625,10,274.1999999999995,10,273.9399999999995,2opt,notBad
16626,10,274.1999999999995,10,273.9399999999995,move,improve
16627,10,274.1999999999995,10,273.9399999999995,2opt,improve
16628,10,274.1999999999995,10,273.9399999999995,swap,notBad
16629,10,274.1999999999995,10,273.9399999999995,move,improve
16630,10,274.1999999999995,10,273.9399999999995,swap,notBad
16631,10,274.1999999999995,10,273.9399999999995,2opt,notBad
16632,10,274.1999999999995,10,273.9399999999995,2opt,notBad
16633,10,274.1999999999995,10,273.9399999999995,2opt,notBad
16634,10,274.1999999999995,10,273.9399999999995,move,improve
16635,10,274.1999999999995,10,273.9399999999995,2opt,notBad
16636,10,274.1999999999995,10,273.9399999999995,swap,notBad
16637,10,274.1999999999995,10,273.9399999999995,move,improve
16638,10,274.1999999999995,10,273.9399999999995,move,improve
16639,10,274.1999999999995,10,273.9399999999995,2opt,notBad
16640,10,274.1999999999995,10,273.9399999999995,2opt,notBad
16641,10,274.1999999999995,10,273.9399999999995,2opt,notBad
16642,10,274.1999999999995,10,273.9399999999995,swap,notBad
16643,10,274.1999999999995,10,273.9399999999995,swap,notBad
16644,10,274.1999999999995,10,273.9399999999995,2opt,notBad
16645,10,274.1999999999995,10,273.9399999999995,swap,notBad
16646,10,274.1999999999995,10,273.9399999999995,move,improve
16647,10,274.1999999999995,10,273.9399999999995,swap,notBad
16648,10,274.1999999999995,10,273.9399999999995,move,improve
16649,10,274.1999999999995,10,273.9399999999995,move,improve
16650,10,274.1999999999995,10,273.9399999999995,2opt,notBad
16651,10,274.1999999999995,10,273.9399999999995,move,improve
16652,10,274.1999999999995,10,273.9399999999995,move,improve
16653,10,274.1999999999995,10,273.9399999999995,2opt,notBad
16654,10,274.1999999999995,10,273.9399999999995,2opt,notBad
16655,10,274.1999999999995,10,273.9399999999995,2opt,improve
16656,10,274.1999999999995,10,273.9399999999995,swap,notBad
16657,10,274.1999999999995,10,273.9399999999995,2opt,notBad
16658,10,274.1999999999995,10,273.9399999999995,move,improve
16659,10,274.1999999999995,10,273.9399999999995,2opt,notBad
16660,10,274.1999999999995,10,273.9399999999995,move,improve
16661,10,274.1999999999995,10,273.9399999999995,move,improve
16662,10,274.1999999999995,10,273.9399999999995,2opt,notBad
16663,10,274.1999999999995,10,273.9399999999995,swap,notBad
16664,10,274.1999999999995,10,273.9399999999995,2opt,notBad
16665,10,274.1999999999995,10,273.9399999999995,2opt,improve
16666,10,274.1999999999995,10,273.9399999999995,swap,notBad
16667,10,274.1999999999995,10,273.9399999999995,move,improve
16668,10,274.1999999999995,10,273.9399999999995,2opt,notBad
16669,10,274.1999999999995,10,273.9399999999995,swap,notBad
16670,10,274.1999999999995,10,273.9399999999995,move,improve
16671,10,274.1999999999995,10,273.9399999999995,2opt,notBad
16672,10,274.1999999999995,10,273.9399999999995,swap,notBad
16673,10,274.1999999999995,10,273.9399999999995,swap,notBad
16674,10,274.1999999999995,10,273.9399999999995,move,improve
16675,10,274.1999999999995,10,273.9399999999995,swap,notBad
16676,10,274.1999999999995,10,273.9399999999995,swap,notBad
16677,10,274.1999999999995,10,273.9399999999995,swap,notBad
16678,10,274.1999999999995,10,273.9399999999995,2opt,notBad
16679,10,274.1999999999995,10,273.9399999999995,swap,notBad
16680,10,274.1999999999995,10,273.9399999999995,2opt,notBad
16681,10,274.1999999999995,10,273.9399999999995,2opt,notBad
16682,10,274.1999999999995,10,273.9399999999995,move,improve
16683,10,274.1999999999995,10,273.9399999999995,swap,notBad
16684,10,274.1999999999995,10,273.9399999999995,swap,notBad
16685,10,274.1999999999995,10,273.9399999999995,2opt,notBad
16686,10,274.1999999999995,10,273.9399999999995,swap,notBad
16687,10,274.1999999999995,10,273.9399999999995,move,improve
16688,10,274.1999999999995,10,273.9399999999995,2opt,notBad
16689,10,274.1999999999995,10,273.9399999999995,move,improve
16690,10,274.1999999999995,10,273.9399999999995,move,improve
16691,10,274.1999999999995,10,273.9399999999995,move,improve
16692,10,274.1999999999995,10,273.9399999999995,move,improve
16693,10,274.1999999999995,10,273.9399999999995,swap,notBad
16694,10,274.1999999999995,10,273.9399999999995,swap,notBad
16695,10,274.1999999999995,10,273.9399999999995,move,improve
16696,10,274.1999999999995,10,273.9399999999995,2opt,notBad
16697,10,274.1999999999995,10,273.9399999999995,move,improve
16698,10,274.1999999999995,10,273.9399999999995,2opt,notBad
16699,10,274.1999999999995,10,273.9399999999995,2opt,notBad
16700,10,274.1999999999995,10,273.9399999999995,move,improve
16701,10,274.1999999999995,10,273.9399999999995,move,improve
16702,10,274.1999999999995,10,273.9399999999995,2opt,notBad
16703,10,274.1999999999995,10,273.9399999999995,2opt,improve
16704,10,274.1999999999995,10,273.9399999999995,swap,notBad
16705,10,274.1999999999995,10,273.9399999999995,2opt,notBad
16706,10,274.1999999999995,10,273.9399999999995,2opt,notBad
16707,10,274.1999999999995,10,273.9399999999995,swap,notBad
16708,10,274.1999999999995,10,273.9399999999995,2opt,notBad
16709,10,274.1999999999995,10,273.9399999999995,2opt,notBad
16710,10,274.1999999999995,10,273.9399999999995,move,improve
16711,10,274.1999999999995,10,273.9399999999995,2opt,notBad
16712,10,274.1999999999995,10,273.9399999999995,move,improve
16713,10,274.1999999999995,10,273.9399999999995,swap,notBad
16714,10,274.1999999999995,10,273.9399999999995,move,improve
16715,10,274.1999999999995,10,273.9399999999995,move,improve
16716,10,274.1999999999995,10,273.9399999999995,2opt,notBad
16717,10,274.1999999999995,10,273.9399999999995,swap,notBad
16718,10,274.1999999999995,10,273.9399999999995,2opt,notBad
16719,10,274.1999999999995,10,273.9399999999995,swap,notBad
16720,10,274.1999999999995,10,273.9399999999995,move,improve
16721,10,274.1999999999995,10,273.9399999999995,swap,notBad
16722,10,274.1999999999995,10,273.9399999999995,move,improve
16723,10,274.1999999999995,10,273.9399999999995,2opt,notBad
16724,10,274.1999999999995,10,273.9399999999995,move,improve
16725,10,274.1999999999995,10,273.9399999999995,swap,notBad
16726,10,274.1999999999995,10,273.9399999999995,move,improve
16727,10,274.1999999999995,10,273.9399999999995,swap,notBad
16728,10,274.1999999999995,10,273.9399999999995,move,improve
16729,10,274.1999999999995,10,273.9399999999995,2opt,notBad
16730,10,274.1999999999995,10,273.9399999999995,2opt,notBad
16731,10,274.1999999999995,10,273.9399999999995,move,improve
16732,10,274.1999999999995,10,273.9399999999995,move,improve
16733,10,274.1999999999995,10,273.9399999999995,2opt,improve
16734,10,274.1999999999995,10,273.9399999999995,move,improve
16735,10,274.1999999999995,10,273.9399999999995,2opt,notBad
16736,10,274.1999999999995,10,273.9399999999995,move,improve
16737,10,274.1999999999995,10,273.9399999999995,move,improve
16738,10,274.1999999999995,10,273.9399999999995,2opt,notBad
16739,10,274.1999999999995,10,273.9399999999995,swap,notBad
16740,10,274.1999999999995,10,273.9399999999995,move,improve
16741,10,274.1999999999995,10,273.9399999999995,swap,notBad
16742,10,274.1999999999995,10,273.9399999999995,move,improve
16743,10,274.1999999999995,10,273.9399999999995,2opt,notBad
16744,10,274.1999999999995,10,273.9399999999995,2opt,notBad
16745,10,274.1999999999995,10,273.9399999999995,2opt,notBad
16746,10,274.1999999999995,10,273.9399999999995,2opt,notBad
16747,10,274.1999999999995,10,273.9399999999995,swap,notBad
16748,10,274.1999999999995,10,273.9399999999995,swap,notBad
16749,10,274.1999999999995,10,273.9399999999995,swap,notBad
16750,10,274.1999999999995,10,273.9399999999995,swap,notBad
16751,10,274.1999999999995,10,273.9399999999995,2opt,notBad
16752,10,274.1999999999995,10,273.9399999999995,2opt,notBad
16753,10,274.1999999999995,10,273.9399999999995,2opt,notBad
16754,10,274.1999999999995,10,273.9399999999995,2opt,notBad
16755,10,274.1999999999995,10,273.9399999999995,2opt,notBad
16756,10,274.1999999999995,10,273.9399999999995,2opt,notBad
16757,10,274.1999999999995,10,273.9399999999995,move,improve
16758,10,274.1999999999995,10,273.9399999999995,swap,notBad
16759,10,274.1999999999995,10,273.9399999999995,2opt,notBad
16760,10,274.1999999999995,10,273.9399999999995,swap,notBad
16761,10,274.1999999999995,10,273.9399999999995,swap,notBad
16762,10,274.1999999999995,10,273.9399999999995,swap,notBad
16763,10,274.3999999999997,10,273.9399999999995,swap,acceptBad
16764,10,274.3999999999997,10,273.9399999999995,swap,notBad
16765,10,274.3999999999997,10,273.9399999999995,swap,notBad
16766,10,274.3999999999997,10,273.9399999999995,swap,notBad
16767,10,274.3999999999997,10,273.9399999999995,2opt,notBad
16768,10,274.3999999999997,10,273.9399999999995,swap,notBad
16769,10,274.3999999999997,10,273.9399999999995,2opt,notBad
16770,10,274.3999999999997,10,273.9399999999995,move,improve
16771,10,274.3999999999997,10,273.9399999999995,move,improve
16772,10,274.3999999999997,10,273.9399999999995,2opt,notBad
16773,10,274.3999999999997,10,273.9399999999995,swap,notBad
16774,10,274.3999999999997,10,273.9399999999995,2opt,notBad
16775,10,274.3999999999997,10,273.9399999999995,move,improve
16776,10,274.3999999999997,10,273.9399999999995,2opt,notBad
16777,10,274.3999999999997,10,273.9399999999995,move,improve
16778,10,274.3999999999997,10,273.9399999999995,move,improve
16779,10,274.3999999999997,10,273.9399999999995,move,improve
16780,10,274.3999999999997,10,273.9399999999995,2opt,improve
16781,10,274.3999999999997,10,273.9399999999995,move,improve
16782,10,274.3999999999997,10,273.9399999999995,2opt,notBad
16783,10,274.3999999999997,10,273.9399999999995,2opt,notBad
16784,10,274.3999999999997,10,273.9399999999995,move,improve
16785,10,274.3999999999997,10,273.9399999999995,move,improve
16786,10,274.3999999999997,10,273.9399999999995,2opt,notBad
16787,10,274.3999999999997,10,273.9399999999995,2opt,improve
16788,10,274.3999999999997,10,273.9399999999995,2opt,notBad
16789,10,274.3999999999997,10,273.9399999999995,swap,notBad
16790,10,274.3999999999997,10,273.9399999999995,swap,notBad
16791,10,274.3999999999997,10,273.9399999999995,swap,notBad
16792,10,274.3999999999997,10,273.9399999999995,2opt,notBad
16793,10,274.3999999999997,10,273.9399999999995,2opt,notBad
16794,10,274.3999999999997,10,273.9399999999995,2opt,notBad
16795,10,274.3999999999997,10,273.9399999999995,2opt,notBad
16796,10,274.3999999999997,10,273.9399999999995,swap,notBad
16797,10,274.3999999999997,10,273.9399999999995,2opt,improve
16798,10,274.3999999999997,10,273.9399999999995,2opt,notBad
16799,10,274.3999999999997,10,273.9399999999995,move,improve
16800,10,274.3999999999997,10,273.9399999999995,swap,notBad
16801,10,274.3999999999997,10,273.9399999999995,swap,notBad
16802,10,274.3999999999997,10,273.9399999999995,2opt,notBad
16803,10,274.3999999999997,10,273.9399999999995,swap,notBad
16804,10,274.3999999999997,10,273.9399999999995,move,improve
16805,10,274.3999999999997,10,273.9399999999995,2opt,notBad
16806,10,274.3999999999997,10,273.9399999999995,2opt,notBad
16807,10,274.3999999999997,10,273.9399999999995,2opt,notBad
16808,10,274.3999999999997,10,273.9399999999995,2opt,notBad
16809,10,274.3999999999997,10,273.9399999999995,move,improve
16810,10,274.3999999999997,10,273.9399999999995,swap,notBad
16811,10,274.3999999999997,10,273.9399999999995,swap,notBad
16812,10,274.3999999999997,10,273.9399999999995,swap,notBad
16813,10,274.3999999999997,10,273.9399999999995,move,improve
16814,10,274.3999999999997,10,273.9399999999995,swap,notBad
16815,10,274.3999999999997,10,273.9399999999995,2opt,notBad
16816,10,274.3999999999997,10,273.9399999999995,swap,notBad
16817,10,274.3999999999997,10,273.9399999999995,2opt,notBad
16818,10,274.3999999999997,10,273.9399999999995,move,improve
16819,10,274.3999999999997,10,273.9399999999995,swap,notBad
16820,10,274.3999999999997,10,273.9399999999995,move,improve
16821,10,274.3999999999997,10,273.9399999999995,2opt,notBad
16822,10,274.3999999999997,10,273.9399999999995,move,improve
16823,10,274.3999999999997,10,273.9399999999995,swap,notBad
16824,10,274.39999999999964,10,273.9399999999995,move,improve
16825,10,274.39999999999964,10,273.9399999999995,2opt,notBad
16826,10,274.39999999999964,10,273.9399999999995,move,improve
16827,10,274.39999999999964,10,273.9399999999995,swap,notBad
16828,10,274.39999999999964,10,273.9399999999995,move,improve
16829,10,274.39999999999964,10,273.9399999999995,swap,notBad
16830,10,274.39999999999964,10,273.9399999999995,swap,notBad
16831,10,274.39999999999964,10,273.9399999999995,swap,notBad
16832,10,274.39999999999964,10,273.9399999999995,move,improve
16833,10,274.39999999999964,10,273.9399999999995,2opt,notBad
16834,10,274.39999999999964,10,273.9399999999995,swap,notBad
16835,10,274.39999999999964,10,273.9399999999995,swap,notBad
16836,10,274.39999999999964,10,273.9399999999995,move,improve
16837,10,274.39999999999964,10,273.9399999999995,2opt,notBad
16838,10,274.39999999999964,10,273.9399999999995,2opt,notBad
16839,10,274.39999999999964,10,273.9399999999995,swap,notBad
16840,10,274.39999999999964,10,273.9399999999995,move,improve
16841,10,274.39999999999964,10,273.9399999999995,swap,notBad
16842,10,274.39999999999964,10,273.9399999999995,2opt,notBad
16843,10,274.39999999999964,10,273.9399999999995,move,improve
16844,10,274.39999999999964,10,273.9399999999995,move,improve
16845,10,274.39999999999964,10,273.9399999999995,2opt,notBad
16846,10,274.39999999999964,10,273.9399999999995,2opt,notBad
16847,10,274.39999999999964,10,273.9399999999995,move,improve
16848,10,274.39999999999964,10,273.9399999999995,move,improve
16849,10,274.39999999999964,10,273.9399999999995,swap,notBad
16850,10,274.39999999999964,10,273.9399999999995,swap,notBad
16851,10,274.39999999999964,10,273.9399999999995,move,improve
16852,10,274.39999999999964,10,273.9399999999995,2opt,improve
16853,10,274.39999999999964,10,273.9399999999995,move,improve
16854,10,274.39999999999964,10,273.9399999999995,move,improve
16855,10,274.39999999999964,10,273.9399999999995,2opt,notBad
16856,10,274.39999999999964,10,273.9399999999995,swap,notBad
16857,10,274.39999999999964,10,273.9399999999995,swap,notBad
16858,10,274.39999999999964,10,273.9399999999995,swap,notBad
16859,10,274.39999999999964,10,273.9399999999995,swap,notBad
16860,10,274.39999999999964,10,273.9399999999995,move,improve
16861,10,274.39999999999964,10,273.9399999999995,2opt,notBad
16862,10,274.39999999999964,10,273.9399999999995,swap,notBad
16863,10,274.39999999999964,10,273.9399999999995,move,improve
16864,10,274.39999999999964,10,273.9399999999995,move,improve
16865,10,274.39999999999964,10,273.9399999999995,move,improve
16866,10,274.39999999999964,10,273.9399999999995,move,improve
16867,10,274.39999999999964,10,273.9399999999995,2opt,notBad
16868,10,274.39999999999964,10,273.9399999999995,swap,notBad
16869,10,274.39999999999964,10,273.9399999999995,move,improve
16870,10,274.39999999999964,10,273.9399999999995,swap,notBad
16871,10,274.39999999999964,10,273.9399999999995,swap,notBad
16872,10,274.39999999999964,10,273.9399999999995,swap,notBad
16873,10,274.39999999999964,10,273.9399999999995,2opt,improve
16874,10,274.39999999999964,10,273.9399999999995,swap,notBad
16875,10,274.39999999999964,10,273.9399999999995,2opt,notBad
16876,10,274.39999999999964,10,273.9399999999995,move,improve
16877,10,274.39999999999964,10,273.9399999999995,swap,notBad
16878,10,274.39999999999964,10,273.9399999999995,move,improve
16879,10,274.39999999999964,10,273.9399999999995,move,improve
16880,10,274.39999999999964,10,273.9399999999995,swap,notBad
16881,10,274.39999999999964,10,273.9399999999995,swap,notBad
16882,10,274.39999999999964,10,273.9399999999995,swap,notBad
16883,10,274.39999999999964,10,273.9399999999995,2opt,notBad
16884,10,274.39999999999964,10,273.9399999999995,2opt,notBad
16885,10,274.39999999999964,10,273.9399999999995,swap,notBad
16886,10,274.39999999999964,10,273.9399999999995,swap,notBad
16887,10,274.39999999999964,10,273.9399999999995,2opt,improve
16888,10,274.39999999999964,10,273.9399999999995,2opt,notBad
16889,10,274.39999999999964,10,273.9399999999995,2opt,notBad
16890,10,274.39999999999964,10,273.9399999999995,2opt,notBad
16891,10,274.39999999999964,10,273.9399999999995,swap,notBad
16892,10,274.39999999999964,10,273.9399999999995,swap,notBad
16893,10,274.39999999999964,10,273.9399999999995,swap,notBad
16894,10,274.39999999999964,10,273.9399999999995,2opt,notBad
16895,10,274.39999999999964,10,273.9399999999995,swap,notBad
16896,10,274.39999999999964,10,273.9399999999995,move,improve
16897,10,274.39999999999964,10,273.9399999999995,2opt,notBad
16898,10,274.39999999999964,10,273.9399999999995,2opt,notBad
16899,10,274.39999999999964,10,273.9399999999995,2opt,notBad
16900,10,274.39999999999964,10,273.9399999999995,2opt,notBad
16901,10,274.39999999999964,10,273.9399999999995,move,improve
16902,10,274.39999999999964,10,273.9399999999995,move,improve
16903,10,274.39999999999964,10,273.9399999999995,2opt,notBad
16904,10,274.39999999999964,10,273.9399999999995,2opt,notBad
16905,10,274.39999999999964,10,273.9399999999995,swap,notBad
16906,10,274.39999999999964,10,273.9399999999995,move,improve
16907,10,274.39999999999964,10,273.9399999999995,move,improve
16908,10,274.39999999999964,10,273.9399999999995,2opt,notBad
16909,10,274.39999999999964,10,273.9399999999995,swap,notBad
16910,10,274.39999999999964,10,273.9399999999995,2opt,notBad
16911,10,274.39999999999964,10,273.9399999999995,move,notBad
16912,10,274.39999999999964,10,273.9399999999995,2opt,notBad
16913,10,274.39999999999964,10,273.9399999999995,2opt,notBad
16914,10,274.39999999999964,10,273.9399999999995,2opt,notBad
16915,10,274.39999999999964,10,273.9399999999995,swap,notBad
16916,10,274.39999999999964,10,273.9399999999995,swap,notBad
16917,10,274.39999999999964,10,273.9399999999995,move,improve
16918,10,274.39999999999964,10,273.9399999999995,2opt,improve
16919,10,274.39999999999964,10,273.9399999999995,2opt,notBad
16920,10,274.39999999999964,10,273.9399999999995,swap,notBad
16921,10,274.39999999999964,10,273.9399999999995,move,improve
16922,10,274.39999999999964,10,273.9399999999995,2opt,notBad
16923,10,274.1999999999998,10,273.9399999999995,move,improve
16924,10,274.1999999999998,10,273.9399999999995,swap,notBad
16925,10,274.1999999999998,10,273.9399999999995,move,improve
16926,10,274.1999999999998,10,273.9399999999995,swap,notBad
16927,10,274.1999999999998,10,273.9399999999995,swap,notBad
16928,10,274.1999999999998,10,273.9399999999995,move,improve
16929,10,274.1999999999998,10,273.9399999999995,move,improve
16930,10,274.1999999999998,10,273.9399999999995,swap,notBad
16931,10,274.1999999999998,10,273.9399999999995,move,improve
16932,10,274.1999999999998,10,273.9399999999995,move,improve
16933,10,274.1999999999998,10,273.9399999999995,swap,notBad
16934,10,274.1999999999998,10,273.9399999999995,move,improve
16935,10,274.1999999999998,10,273.9399999999995,swap,notBad
16936,10,274.1999999999998,10,273.9399999999995,move,improve
16937,10,274.1999999999998,10,273.9399999999995,move,improve
16938,10,274.1999999999998,10,273.9399999999995,2opt,improve
16939,10,274.1999999999998,10,273.9399999999995,move,improve
16940,10,274.1999999999998,10,273.9399999999995,2opt,notBad
16941,10,274.1999999999998,10,273.9399999999995,swap,notBad
16942,10,274.1999999999998,10,273.9399999999995,2opt,notBad
16943,10,274.1999999999998,10,273.9399999999995,2opt,notBad
16944,10,274.1999999999998,10,273.9399999999995,swap,notBad
16945,10,274.1999999999998,10,273.9399999999995,move,improve
16946,10,274.1999999999998,10,273.9399999999995,2opt,notBad
16947,10,274.1999999999998,10,273.9399999999995,swap,notBad
16948,10,274.1999999999998,10,273.9399999999995,move,improve
16949,10,274.1999999999998,10,273.9399999999995,2opt,notBad
16950,10,274.1999999999998,10,273.9399999999995,swap,notBad
16951,10,274.1999999999998,10,273.9399999999995,swap,notBad
16952,10,274.1999999999998,10,273.9399999999995,move,improve
16953,10,274.1999999999998,10,273.9399999999995,swap,notBad
16954,10,274.1999999999998,10,273.9399999999995,move,improve
16955,10,274.1999999999998,10,273.9399999999995,move,improve
16956,10,274.1999999999998,10,273.9399999999995,swap,notBad
16957,10,274.1999999999998,10,273.9399999999995,2opt,notBad
16958,10,274.1999999999998,10,273.9399999999995,2opt,notBad
16959,10,274.1999999999998,10,273.9399999999995,2opt,notBad
16960,10,274.1999999999998,10,273.9399999999995,2opt,notBad
16961,10,274.1999999999998,10,273.9399999999995,2opt,notBad
16962,10,274.1999999999998,10,273.9399999999995,move,improve
16963,10,274.1999999999998,10,273.9399999999995,swap,notBad
16964,10,274.1999999999998,10,273.9399999999995,move,improve
16965,10,274.1999999999998,10,273.9399999999995,2opt,notBad
16966,10,274.1999999999998,10,273.9399999999995,2opt,notBad
16967,10,274.1999999999998,10,273.9399999999995,move,improve
16968,10,274.1999999999998,10,273.9399999999995,swap,notBad
16969,10,274.1999999999998,10,273.9399999999995,2opt,notBad
16970,10,274.1999999999998,10,273.9399999999995,2opt,notBad
16971,10,274.1999999999998,10,273.9399999999995,2opt,notBad
16972,10,274.1999999999998,10,273.9399999999995,2opt,notBad
16973,10,274.1999999999998,10,273.9399999999995,2opt,notBad
16974,10,274.1999999999998,10,273.9399999999995,swap,notBad
16975,10,274.1999999999998,10,273.9399999999995,swap,notBad
16976,10,274.1999999999998,10,273.9399999999995,2opt,notBad
16977,10,274.1999999999998,10,273.9399999999995,2opt,notBad
16978,10,274.1999999999998,10,273.9399999999995,swap,notBad
16979,10,274.1999999999998,10,273.9399999999995,swap,notBad
16980,10,274.1999999999998,10,273.9399999999995,move,improve
16981,10,274.1999999999998,10,273.9399999999995,swap,notBad
16982,10,274.1999999999998,10,273.9399999999995,swap,notBad
16983,10,274.1999999999998,10,273.9399999999995,2opt,notBad
16984,10,274.1999999999998,10,273.9399999999995,swap,notBad
16985,10,274.1999999999998,10,273.9399999999995,move,improve
16986,10,274.1999999999998,10,273.9399999999995,swap,notBad
16987,10,274.1999999999998,10,273.9399999999995,move,improve
16988,10,274.1999999999995,10,273.9399999999995,swap,improve
16989,10,274.1999999999995,10,273.9399999999995,swap,notBad
16990,10,274.1999999999995,10,273.9399999999995,move,improve
16991,10,274.1999999999995,10,273.9399999999995,move,improve
16992,10,274.1999999999995,10,273.9399999999995,move,improve
16993,10,274.1999999999995,10,273.9399999999995,move,improve
16994,10,274.1999999999995,10,273.9399999999995,swap,notBad
16995,10,274.1999999999995,10,273.9399999999995,move,improve
16996,10,274.1999999999995,10,273.9399999999995,move,improve
16997,10,274.1999999999995,10,273.9399999999995,swap,notBad
16998,10,274.1999999999995,10,273.9399999999995,swap,notBad
16999,10,274.1999999999995,10,273.9399999999995,move,improve
17000,10,274.1999999999995,10,273.9399999999995,2opt,notBad
17001,10,274.1999999999995,10,273.9399999999995,move,improve
17002,10,274.1999999999995,10,273.9399999999995,move,improve
17003,10,274.1999999999995,10,273.9399999999995,move,improve
17004,10,274.1999999999995,10,273.9399999999995,swap,notBad
17005,10,274.1999999999995,10,273.9399999999995,move,improve
17006,10,274.1999999999995,10,273.9399999999995,2opt,notBad
17007,10,274.1999999999995,10,273.9399999999995,2opt,notBad
17008,10,274.1999999999995,10,273.9399999999995,swap,notBad
17009,10,274.1999999999995,10,273.9399999999995,swap,notBad
17010,10,274.1999999999995,10,273.9399999999995,move,improve
17011,10,274.1999999999995,10,273.9399999999995,2opt,notBad
17012,10,274.1999999999995,10,273.9399999999995,move,improve
17013,10,274.1999999999995,10,273.9399999999995,swap,notBad
17014,10,274.1999999999995,10,273.9399999999995,move,improve
17015,10,274.1999999999995,10,273.9399999999995,move,improve
17016,10,274.1999999999995,10,273.9399999999995,swap,notBad
17017,10,274.1999999999995,10,273.9399999999995,swap,notBad
17018,10,274.1999999999995,10,273.9399999999995,move,improve
17019,10,274.1999999999995,10,273.9399999999995,move,improve
17020,10,274.1999999999995,10,273.9399999999995,2opt,improve
17021,10,274.1999999999995,10,273.9399999999995,move,improve
17022,10,274.1999999999995,10,273.9399999999995,2opt,notBad
17023,10,274.1999999999995,10,273.9399999999995,swap,notBad
17024,10,274.1999999999995,10,273.9399999999995,swap,notBad
17025,10,274.1999999999995,10,273.9399999999995,2opt,notBad
17026,10,274.1999999999995,10,273.9399999999995,swap,notBad
17027,10,274.1999999999995,10,273.9399999999995,move,improve
17028,10,274.1999999999995,10,273.9399999999995,swap,notBad
17029,10,274.1999999999995,10,273.9399999999995,swap,notBad
17030,10,274.1999999999995,10,273.9399999999995,swap,notBad
17031,10,274.1999999999995,10,273.9399999999995,2opt,notBad
17032,10,274.1999999999995,10,273.9399999999995,swap,notBad
17033,10,274.1999999999995,10,273.9399999999995,2opt,improve
17034,10,274.1999999999995,10,273.9399999999995,swap,notBad
17035,10,274.1999999999995,10,273.9399999999995,move,improve
17036,10,274.1999999999995,10,273.9399999999995,2opt,notBad
17037,10,274.1999999999995,10,273.9399999999995,swap,notBad
17038,10,274.1999999999995,10,273.9399999999995,swap,notBad
17039,10,274.1999999999995,10,273.9399999999995,swap,notBad
17040,10,274.1999999999995,10,273.9399999999995,2opt,notBad
17041,10,274.1999999999995,10,273.9399999999995,move,improve
17042,10,274.1999999999995,10,273.9399999999995,2opt,notBad
17043,10,274.1999999999995,10,273.9399999999995,2opt,notBad
17044,10,274.1999999999995,10,273.9399999999995,2opt,notBad
17045,10,274.1999999999995,10,273.9399999999995,move,improve
17046,10,274.1999999999995,10,273.9399999999995,2opt,improve
17047,10,274.1999999999995,10,273.9399999999995,swap,notBad
17048,10,274.1999999999995,10,273.9399999999995,2opt,notBad
17049,10,274.1999999999995,10,273.9399999999995,swap,notBad
17050,10,274.1999999999995,10,273.9399999999995,swap,notBad
17051,10,274.1999999999995,10,273.9399999999995,move,improve
17052,10,274.1999999999995,10,273.9399999999995,move,improve
17053,10,274.1999999999995,10,273.9399999999995,2opt,improve
17054,10,274.1999999999995,10,273.9399999999995,move,improve
17055,10,274.1999999999995,10,273.9399999999995,move,notBad
17056,10,274.1999999999995,10,273.9399999999995,move,improve
17057,10,274.1999999999995,10,273.9399999999995,2opt,notBad
17058,10,274.1999999999995,10,273.9399999999995,2opt,notBad
17059,10,274.1999999999995,10,273.9399999999995,move,improve
17060,10,274.1999999999995,10,273.9399999999995,2opt,notBad
17061,10,274.1999999999995,10,273.9399999999995,2opt,notBad
17062,10,274.1999999999995,10,273.9399999999995,move,improve
17063,10,274.1999999999995,10,273.9399999999995,2opt,notBad
17064,10,274.1999999999995,10,273.9399999999995,move,improve
17065,10,274.1999999999995,10,273.9399999999995,swap,notBad
17066,10,274.1999999999995,10,273.9399999999995,2opt,notBad
17067,10,274.1999999999995,10,273.9399999999995,swap,notBad
17068,10,274.1999999999995,10,273.9399999999995,2opt,notBad
17069,10,274.1999999999995,10,273.9399999999995,swap,notBad
17070,10,274.1999999999995,10,273.9399999999995,swap,notBad
17071,10,274.1999999999995,10,273.9399999999995,swap,notBad
17072,10,274.1999999999995,10,273.9399999999995,move,improve
17073,10,274.1999999999995,10,273.9399999999995,move,improve
17074,10,274.1999999999995,10,273.9399999999995,move,notBad
17075,10,274.1999999999995,10,273.9399999999995,swap,notBad
17076,10,274.1999999999995,10,273.9399999999995,2opt,notBad
17077,10,274.1999999999995,10,273.9399999999995,move,improve
17078,10,274.1999999999995,10,273.9399999999995,2opt,notBad
17079,10,274.1999999999995,10,273.9399999999995,2opt,notBad
17080,10,274.1999999999995,10,273.9399999999995,2opt,notBad
17081,10,274.1999999999995,10,273.9399999999995,2opt,improve
17082,10,274.1999999999995,10,273.9399999999995,2opt,notBad
17083,10,274.1999999999995,10,273.9399999999995,move,improve
17084,10,274.1999999999995,10,273.9399999999995,2opt,notBad
17085,10,274.1999999999995,10,273.9399999999995,swap,notBad
17086,10,274.1999999999995,10,273.9399999999995,swap,notBad
17087,10,274.1999999999995,10,273.9399999999995,swap,notBad
17088,10,274.1999999999995,10,273.9399999999995,move,improve
17089,10,274.1999999999995,10,273.9399999999995,2opt,notBad
17090,10,274.1999999999995,10,273.9399999999995,move,improve
17091,10,274.1999999999995,10,273.9399999999995,swap,notBad
17092,10,274.1999999999995,10,273.9399999999995,move,notBad
17093,10,274.1999999999995,10,273.9399999999995,2opt,improve
17094,10,274.1999999999995,10,273.9399999999995,move,improve
17095,10,274.1999999999995,10,273.9399999999995,move,improve
17096,10,274.1999999999995,10,273.9399999999995,move,improve
17097,10,274.1999999999995,10,273.9399999999995,move,improve
17098,10,274.1999999999995,10,273.9399999999995,2opt,notBad
17099,10,274.1999999999995,10,273.9399999999995,swap,notBad
17100,10,274.1999999999995,10,273.9399999999995,move,improve
17101,10,274.1999999999995,10,273.9399999999995,swap,notBad
17102,10,274.1999999999995,10,273.9399999999995,move,improve
17103,10,274.1999999999995,10,273.9399999999995,swap,notBad
17104,10,274.1999999999995,10,273.9399999999995,move,improve
17105,10,274.1999999999995,10,273.9399999999995,move,improve
17106,10,274.1999999999995,10,273.9399999999995,move,improve
17107,10,274.1999999999995,10,273.9399999999995,move,improve
17108,10,274.1999999999995,10,273.9399999999995,move,improve
17109,10,274.1999999999995,10,273.9399999999995,swap,notBad
17110,10,274.1999999999995,10,273.9399999999995,2opt,notBad
17111,10,274.1999999999995,10,273.9399999999995,2opt,notBad
17112,10,274.1999999999995,10,273.9399999999995,move,improve
17113,10,274.1999999999995,10,273.9399999999995,swap,notBad
17114,10,274.1999999999995,10,273.9399999999995,move,improve
17115,10,274.1999999999995,10,273.9399999999995,swap,notBad
17116,10,274.1999999999995,10,273.9399999999995,2opt,notBad
17117,10,274.1999999999995,10,273.9399999999995,swap,notBad
17118,10,274.1999999999995,10,273.9399999999995,move,improve
17119,10,274.1999999999995,10,273.9399999999995,2opt,notBad
17120,10,274.1999999999995,10,273.9399999999995,move,improve
17121,10,274.1999999999995,10,273.9399999999995,2opt,notBad
17122,10,274.1999999999995,10,273.9399999999995,move,improve
17123,10,274.1999999999995,10,273.9399999999995,2opt,notBad
17124,10,274.1999999999995,10,273.9399999999995,move,improve
17125,10,274.1999999999995,10,273.9399999999995,move,improve
17126,10,274.1999999999995,10,273.9399999999995,2opt,notBad
17127,10,274.1999999999995,10,273.9399999999995,move,improve
17128,10,274.1999999999995,10,273.9399999999995,2opt,notBad
17129,10,274.1999999999995,10,273.9399999999995,2opt,notBad
17130,10,274.1999999999995,10,273.9399999999995,2opt,notBad
17131,10,274.1999999999995,10,273.9399999999995,swap,notBad
17132,10,274.1999999999995,10,273.9399999999995,2opt,notBad
17133,10,274.1999999999995,10,273.9399999999995,swap,notBad
17134,10,274.1999999999995,10,273.9399999999995,swap,notBad
17135,10,274.1999999999995,10,273.9399999999995,2opt,notBad
17136,10,274.1999999999995,10,273.9399999999995,move,improve
17137,10,274.1999999999995,10,273.9399999999995,2opt,improve
17138,10,274.1999999999995,10,273.9399999999995,swap,notBad
17139,10,274.1999999999995,10,273.9399999999995,move,improve
17140,10,274.1999999999995,10,273.9399999999995,move,improve
17141,10,274.1999999999995,10,273.9399999999995,move,improve
17142,10,274.1999999999995,10,273.9399999999995,swap,notBad
17143,10,274.1999999999995,10,273.9399999999995,2opt,notBad
17144,10,274.1999999999995,10,273.9399999999995,2opt,notBad
17145,10,274.1999999999995,10,273.9399999999995,move,improve
17146,10,274.1999999999995,10,273.9399999999995,swap,notBad
17147,10,274.1999999999995,10,273.9399999999995,swap,notBad
17148,10,274.1999999999995,10,273.9399999999995,move,improve
17149,10,274.1999999999995,10,273.9399999999995,swap,notBad
17150,10,274.1999999999995,10,273.9399999999995,swap,notBad
17151,10,274.1999999999995,10,273.9399999999995,move,improve
17152,10,274.1999999999995,10,273.9399999999995,swap,notBad
17153,10,274.1999999999995,10,273.9399999999995,swap,notBad
17154,10,274.1999999999995,10,273.9399999999995,2opt,improve
17155,10,274.1999999999995,10,273.9399999999995,swap,notBad
17156,10,274.1999999999995,10,273.9399999999995,move,improve
17157,10,274.1999999999995,10,273.9399999999995,move,improve
17158,10,274.1999999999995,10,273.9399999999995,move,improve
17159,10,274.1999999999995,10,273.9399999999995,2opt,notBad
17160,10,274.1999999999995,10,273.9399999999995,move,improve
17161,10,274.1999999999995,10,273.9399999999995,2opt,notBad
17162,10,274.1999999999995,10,273.9399999999995,swap,notBad
17163,10,274.1999999999995,10,273.9399999999995,2opt,notBad
17164,10,274.1999999999995,10,273.9399999999995,move,improve
17165,10,274.1999999999995,10,273.9399999999995,2opt,notBad
17166,10,274.1999999999995,10,273.9399999999995,move,notBad
17167,10,274.1999999999995,10,273.9399999999995,2opt,notBad
17168,10,274.1999999999995,10,273.9399999999995,swap,notBad
17169,10,274.1999999999995,10,273.9399999999995,2opt,improve
17170,10,274.1999999999995,10,273.9399999999995,2opt,notBad
17171,10,274.1999999999995,10,273.9399999999995,2opt,notBad
17172,10,274.1999999999995,10,273.9399999999995,2opt,notBad
17173,10,274.1999999999995,10,273.9399999999995,2opt,notBad
17174,10,274.1999999999995,10,273.9399999999995,2opt,notBad
17175,10,274.1999999999995,10,273.9399999999995,move,improve
17176,10,274.1999999999995,10,273.9399999999995,move,improve
17177,10,274.1999999999995,10,273.9399999999995,move,improve
17178,10,274.1999999999995,10,273.9399999999995,2opt,notBad
17179,10,274.1999999999995,10,273.9399999999995,2opt,notBad
17180,10,274.1999999999995,10,273.9399999999995,move,improve
17181,10,274.1999999999995,10,273.9399999999995,move,improve
17182,10,274.1999999999995,10,273.9399999999995,swap,notBad
17183,10,274.1999999999995,10,273.9399999999995,move,improve
17184,10,274.1999999999995,10,273.9399999999995,2opt,notBad
17185,10,274.1999999999995,10,273.9399999999995,move,improve
17186,10,274.1999999999995,10,273.9399999999995,2opt,notBad
17187,10,274.1999999999995,10,273.9399999999995,move,improve
17188,10,274.1999999999995,10,273.9399999999995,2opt,notBad
17189,10,274.1999999999995,10,273.9399999999995,move,improve
17190,10,274.1999999999995,10,273.9399999999995,2opt,improve
17191,10,274.1999999999995,10,273.9399999999995,swap,notBad
17192,10,274.1999999999995,10,273.9399999999995,move,improve
17193,10,274.1999999999995,10,273.9399999999995,move,improve
17194,10,274.1999999999995,10,273.9399999999995,move,improve
17195,10,274.1999999999995,10,273.9399999999995,move,improve
17196,10,274.1999999999995,10,273.9399999999995,2opt,notBad
17197,10,274.1999999999995,10,273.9399999999995,move,improve
17198,10,274.1999999999995,10,273.9399999999995,swap,notBad
17199,10,274.1999999999995,10,273.9399999999995,2opt,notBad
17200,10,274.1999999999995,10,273.9399999999995,swap,notBad
17201,10,274.1999999999995,10,273.9399999999995,2opt,notBad
17202,10,274.1999999999995,10,273.9399999999995,swap,notBad
17203,10,274.1999999999995,10,273.9399999999995,swap,notBad
17204,10,274.1999999999995,10,273.9399999999995,move,improve
17205,10,274.1999999999995,10,273.9399999999995,swap,notBad
17206,10,274.1999999999995,10,273.9399999999995,swap,notBad
17207,10,274.1999999999995,10,273.9399999999995,swap,notBad
17208,10,274.1999999999995,10,273.9399999999995,move,improve
17209,10,274.1999999999995,10,273.9399999999995,swap,notBad
17210,10,274.1999999999995,10,273.9399999999995,swap,notBad
17211,10,274.1999999999995,10,273.9399999999995,swap,notBad
17212,10,274.1999999999995,10,273.9399999999995,2opt,notBad
17213,10,274.1999999999995,10,273.9399999999995,move,improve
17214,10,274.1999999999995,10,273.9399999999995,move,improve
17215,10,274.1999999999995,10,273.9399999999995,move,improve
17216,10,274.1999999999995,10,273.9399999999995,2opt,notBad
17217,10,274.1999999999995,10,273.9399999999995,swap,notBad
17218,10,274.1999999999995,10,273.9399999999995,move,improve
17219,10,274.1999999999995,10,273.9399999999995,swap,notBad
17220,10,274.1999999999995,10,273.9399999999995,2opt,notBad
17221,10,274.1999999999995,10,273.9399999999995,move,improve
17222,10,274.1999999999995,10,273.9399999999995,swap,notBad
17223,10,274.1999999999995,10,273.9399999999995,move,improve
17224,10,274.1999999999995,10,273.9399999999995,2opt,notBad
17225,10,274.1999999999995,10,273.9399999999995,move,improve
17226,10,274.1999999999995,10,273.9399999999995,2opt,improve
17227,10,274.1999999999995,10,273.9399999999995,swap,notBad
17228,10,274.1999999999995,10,273.9399999999995,2opt,notBad
17229,10,274.1999999999995,10,273.9399999999995,2opt,notBad
17230,10,274.1999999999995,10,273.9399999999995,swap,notBad
17231,10,274.1999999999995,10,273.9399999999995,2opt,notBad
17232,10,274.1999999999995,10,273.9399999999995,2opt,notBad
17233,10,274.1999999999995,10,273.9399999999995,swap,notBad
17234,10,274.1999999999995,10,273.9399999999995,move,improve
17235,10,274.1999999999995,10,273.9399999999995,swap,notBad
17236,10,274.1999999999995,10,273.9399999999995,2opt,improve
17237,10,274.1999999999995,10,273.9399999999995,move,improve
17238,10,274.1999999999995,10,273.9399999999995,move,improve
17239,10,274.1999999999995,10,273.9399999999995,move,improve
17240,10,274.1999999999995,10,273.9399999999995,swap,notBad
17241,10,274.1999999999995,10,273.9399999999995,swap,notBad
17242,10,274.1999999999995,10,273.9399999999995,swap,notBad
17243,10,274.1999999999995,10,273.9399999999995,2opt,notBad
17244,10,274.1999999999995,10,273.9399999999995,2opt,notBad
17245,10,274.1999999999995,10,273.9399999999995,move,improve
17246,10,274.1999999999995,10,273.9399999999995,move,improve
17247,10,274.1999999999995,10,273.9399999999995,2opt,notBad
17248,10,274.1999999999995,10,273.9399999999995,swap,notBad
17249,10,274.1999999999995,10,273.9399999999995,move,notBad
17250,10,274.1999999999995,10,273.9399999999995,move,improve
17251,10,274.1999999999995,10,273.9399999999995,swap,notBad
17252,10,274.1999999999995,10,273.9399999999995,swap,notBad
17253,10,274.1999999999995,10,273.9399999999995,move,improve
17254,10,274.1999999999995,10,273.9399999999995,2opt,improve
17255,10,274.1999999999995,10,273.9399999999995,move,improve
17256,10,274.1999999999995,10,273.9399999999995,swap,notBad
17257,10,274.1999999999995,10,273.9399999999995,move,improve
17258,10,274.1999999999995,10,273.9399999999995,2opt,notBad
17259,10,274.1999999999995,10,273.9399999999995,2opt,notBad
17260,10,274.1999999999995,10,273.9399999999995,swap,notBad
17261,10,274.1999999999995,10,273.9399999999995,2opt,notBad
17262,10,274.1999999999995,10,273.9399999999995,swap,notBad
17263,10,274.1999999999995,10,273.9399999999995,2opt,notBad
17264,10,274.1999999999995,10,273.9399999999995,2opt,notBad
17265,10,274.1999999999995,10,273.9399999999995,2opt,notBad
17266,10,274.1999999999995,10,273.9399999999995,swap,improve
17267,10,274.1999999999995,10,273.9399999999995,swap,notBad
17268,10,274.1999999999995,10,273.9399999999995,2opt,notBad
17269,10,274.1999999999995,10,273.9399999999995,move,improve
17270,10,274.1999999999995,10,273.9399999999995,2opt,notBad
17271,10,274.1999999999995,10,273.9399999999995,move,improve
17272,10,274.1999999999995,10,273.9399999999995,move,improve
17273,10,274.1999999999995,10,273.9399999999995,2opt,notBad
17274,10,274.1999999999995,10,273.9399999999995,swap,notBad
17275,10,274.1999999999995,10,273.9399999999995,2opt,notBad
17276,10,274.1999999999995,10,273.9399999999995,move,improve
17277,10,274.1999999999995,10,273.9399999999995,swap,notBad
17278,10,274.1999999999995,10,273.9399999999995,move,improve
17279,10,274.1999999999995,10,273.9399999999995,move,improve
17280,10,274.1999999999995,10,273.9399999999995,swap,notBad
17281,10,274.1999999999995,10,273.9399999999995,swap,notBad
17282,10,274.1999999999995,10,273.9399999999995,move,improve
17283,10,274.1999999999995,10,273.9399999999995,swap,notBad
17284,10,274.1999999999995,10,273.9399999999995,swap,notBad
17285,10,274.1999999999995,10,273.9399999999995,swap,notBad
17286,10,274.1999999999995,10,273.9399999999995,2opt,notBad
17287,10,274.1999999999995,10,273.9399999999995,2opt,notBad
17288,10,274.1999999999995,10,273.9399999999995,swap,notBad
17289,10,274.1999999999995,10,273.9399999999995,2opt,notBad
17290,10,274.1999999999995,10,273.9399999999995,swap,notBad
17291,10,274.1999999999995,10,273.9399999999995,2opt,notBad
17292,10,274.1999999999995,10,273.9399999999995,swap,notBad
17293,10,274.1999999999995,10,273.9399999999995,swap,notBad
17294,10,274.1999999999995,10,273.9399999999995,move,improve
17295,10,274.1999999999995,10,273.9399999999995,move,improve
17296,10,274.1999999999995,10,273.9399999999995,move,improve
17297,10,274.1999999999995,10,273.9399999999995,move,improve
17298,10,274.1999999999995,10,273.9399999999995,swap,notBad
17299,10,274.1999999999995,10,273.9399999999995,swap,notBad
17300,10,274.1999999999995,10,273.9399999999995,swap,notBad
17301,10,274.1999999999995,10,273.9399999999995,move,improve
17302,10,274.1999999999995,10,273.9399999999995,move,improve
17303,10,274.1999999999995,10,273.9399999999995,2opt,notBad
17304,10,274.1999999999995,10,273.9399999999995,2opt,notBad
17305,10,274.1999999999995,10,273.9399999999995,swap,notBad
17306,10,274.1999999999995,10,273.9399999999995,swap,notBad
17307,10,274.1999999999995,10,273.9399999999995,swap,notBad
17308,10,274.1999999999995,10,273.9399999999995,2opt,notBad
17309,10,274.1999999999995,10,273.9399999999995,2opt,notBad
17310,10,274.1999999999995,10,273.9399999999995,move,improve
17311,10,274.1999999999995,10,273.9399999999995,2opt,notBad
17312,10,274.1999999999995,10,273.9399999999995,2opt,notBad
17313,10,274.1999999999995,10,273.9399999999995,2opt,notBad
17314,10,274.1999999999995,10,273.9399999999995,2opt,notBad
17315,10,274.1999999999995,10,273.9399999999995,2opt,notBad
17316,10,274.1999999999995,10,273.9399999999995,2opt,notBad
17317,10,274.1999999999995,10,273.9399999999995,2opt,notBad
17318,10,274.1999999999995,10,273.9399999999995,swap,notBad
17319,10,274.1999999999995,10,273.9399999999995,swap,notBad
17320,10,274.1999999999995,10,273.9399999999995,swap,notBad
17321,10,274.1999999999995,10,273.9399999999995,2opt,notBad
17322,10,274.1999999999995,10,273.9399999999995,move,improve
17323,10,274.1999999999995,10,273.9399999999995,2opt,notBad
17324,10,274.1999999999995,10,273.9399999999995,move,improve
17325,10,274.1999999999995,10,273.9399999999995,2opt,notBad
17326,10,274.1999999999995,10,273.9399999999995,swap,notBad
17327,10,274.1999999999995,10,273.9399999999995,swap,notBad
17328,10,274.1999999999995,10,273.9399999999995,swap,notBad
17329,10,274.1999999999995,10,273.9399999999995,swap,notBad
17330,10,274.1999999999995,10,273.9399999999995,move,improve
17331,10,274.1999999999995,10,273.9399999999995,swap,notBad
17332,10,274.1999999999995,10,273.9399999999995,swap,notBad
17333,10,274.1999999999995,10,273.9399999999995,2opt,notBad
17334,10,274.1999999999995,10,273.9399999999995,2opt,notBad
17335,10,274.1999999999995,10,273.9399999999995,swap,notBad
17336,10,274.1999999999995,10,273.9399999999995,swap,notBad
17337,10,274.1999999999995,10,273.9399999999995,move,improve
17338,10,274.1999999999995,10,273.9399999999995,swap,notBad
17339,10,274.1999999999995,10,273.9399999999995,swap,notBad
17340,10,274.1999999999995,10,273.9399999999995,swap,notBad
17341,10,274.1999999999995,10,273.9399999999995,swap,notBad
17342,10,274.1999999999995,10,273.9399999999995,2opt,notBad
17343,10,274.1999999999995,10,273.9399999999995,2opt,notBad
17344,10,274.1999999999995,10,273.9399999999995,2opt,notBad
17345,10,274.1999999999995,10,273.9399999999995,swap,notBad
17346,10,274.1999999999995,10,273.9399999999995,move,improve
17347,10,274.1999999999995,10,273.9399999999995,2opt,notBad
17348,10,274.1999999999995,10,273.9399999999995,swap,notBad
17349,10,274.1999999999995,10,273.9399999999995,move,improve
17350,10,274.1999999999995,10,273.9399999999995,swap,notBad
17351,10,274.1999999999995,10,273.9399999999995,2opt,notBad
17352,10,274.1999999999995,10,273.9399999999995,2opt,notBad
17353,10,274.1999999999995,10,273.9399999999995,move,improve
17354,10,274.1999999999995,10,273.9399999999995,move,improve
17355,10,274.1999999999995,10,273.9399999999995,2opt,notBad
17356,10,274.1999999999995,10,273.9399999999995,move,notBad
17357,10,274.1999999999995,10,273.9399999999995,swap,notBad
17358,10,274.1999999999995,10,273.9399999999995,2opt,notBad
17359,10,274.1999999999995,10,273.9399999999995,2opt,notBad
17360,10,274.1999999999995,10,273.9399999999995,move,improve
17361,10,274.1999999999995,10,273.9399999999995,2opt,notBad
17362,10,274.1999999999995,10,273.9399999999995,2opt,notBad
17363,10,274.1999999999995,10,273.9399999999995,swap,notBad
17364,10,274.1999999999995,10,273.9399999999995,2opt,notBad
17365,10,274.1999999999995,10,273.9399999999995,move,improve
17366,10,274.1999999999995,10,273.9399999999995,2opt,improve
17367,10,274.1999999999995,10,273.9399999999995,2opt,improve
17368,10,274.1999999999995,10,273.9399999999995,move,improve
17369,10,274.1999999999995,10,273.9399999999995,2opt,notBad
17370,10,274.1999999999995,10,273.9399999999995,swap,notBad
17371,10,274.1999999999995,10,273.9399999999995,move,improve
17372,10,274.1999999999995,10,273.9399999999995,move,improve
17373,10,274.1999999999995,10,273.9399999999995,2opt,notBad
17374,10,274.1999999999995,10,273.9399999999995,2opt,notBad
17375,10,274.1999999999995,10,273.9399999999995,2opt,notBad
17376,10,274.1999999999995,10,273.9399999999995,move,improve
17377,10,274.1999999999995,10,273.9399999999995,swap,notBad
17378,10,274.1999999999995,10,273.9399999999995,move,improve
17379,10,274.1999999999995,10,273.9399999999995,2opt,notBad
17380,10,274.1999999999995,10,273.9399999999995,swap,notBad
17381,10,274.1999999999995,10,273.9399999999995,2opt,notBad
17382,10,274.1999999999995,10,273.9399999999995,move,improve
17383,10,274.1999999999995,10,273.9399999999995,2opt,notBad
17384,10,274.1999999999995,10,273.9399999999995,swap,notBad
17385,10,274.1999999999995,10,273.9399999999995,move,improve
17386,10,274.1999999999995,10,273.9399999999995,2opt,notBad
17387,10,274.1999999999995,10,273.9399999999995,2opt,notBad
17388,10,274.1999999999995,10,273.9399999999995,swap,notBad
17389,10,274.1999999999995,10,273.9399999999995,move,improve
17390,10,274.1999999999995,10,273.9399999999995,move,improve
17391,10,274.1999999999995,10,273.9399999999995,2opt,notBad
17392,10,274.1999999999995,10,273.9399999999995,move,improve
17393,10,274.1999999999995,10,273.9399999999995,move,improve
17394,10,274.1999999999995,10,273.9399999999995,2opt,notBad
17395,10,274.1999999999995,10,273.9399999999995,swap,notBad
17396,10,274.1999999999995,10,273.9399999999995,swap,notBad
17397,10,274.1999999999995,10,273.9399999999995,move,improve
17398,10,274.1999999999995,10,273.9399999999995,swap,notBad
17399,10,274.1999999999995,10,273.9399999999995,2opt,notBad
17400,10,274.1999999999995,10,273.9399999999995,move,improve
17401,10,274.1999999999995,10,273.9399999999995,2opt,notBad
17402,10,274.1999999999995,10,273.9399999999995,move,improve
17403,10,274.1999999999995,10,273.9399999999995,swap,notBad
17404,10,274.1999999999995,10,273.9399999999995,2opt,notBad
17405,10,274.1999999999995,10,273.9399999999995,swap,notBad
17406,10,274.1999999999995,10,273.9399999999995,swap,notBad
17407,10,274.1999999999995,10,273.9399999999995,move,improve
17408,10,274.1999999999995,10,273.9399999999995,2opt,notBad
17409,10,274.1999999999995,10,273.9399999999995,2opt,notBad
17410,10,274.1999999999995,10,273.9399999999995,2opt,notBad
17411,10,274.1999999999995,10,273.9399999999995,move,improve
17412,10,274.1999999999995,10,273.9399999999995,2opt,notBad
17413,10,274.1999999999995,10,273.9399999999995,move,improve
17414,10,274.1999999999995,10,273.9399999999995,move,improve
17415,10,274.1999999999995,10,273.9399999999995,2opt,notBad
17416,10,274.1999999999995,10,273.9399999999995,swap,notBad
17417,10,274.1999999999995,10,273.9399999999995,swap,notBad
17418,10,274.1999999999995,10,273.9399999999995,2opt,notBad
17419,10,274.1999999999995,10,273.9399999999995,move,improve
17420,10,274.1999999999995,10,273.9399999999995,2opt,notBad
17421,10,274.1999999999995,10,273.9399999999995,2opt,notBad
17422,10,274.1999999999995,10,273.9399999999995,2opt,notBad
17423,10,274.1999999999995,10,273.9399999999995,swap,notBad
17424,10,274.1999999999995,10,273.9399999999995,2opt,notBad
17425,10,274.1999999999995,10,273.9399999999995,move,improve
17426,10,274.1999999999995,10,273.9399999999995,2opt,notBad
17427,10,274.1999999999995,10,273.9399999999995,swap,notBad
17428,10,274.1999999999995,10,273.9399999999995,move,improve
17429,10,274.1999999999995,10,273.9399999999995,move,improve
17430,10,274.1999999999995,10,273.9399999999995,move,improve
17431,10,274.1999999999995,10,273.9399999999995,move,improve
17432,10,274.1999999999995,10,273.9399999999995,2opt,notBad
17433,10,274.1999999999995,10,273.9399999999995,move,improve
17434,10,274.1999999999995,10,273.9399999999995,swap,notBad
17435,10,274.1999999999995,10,273.9399999999995,move,improve
17436,10,274.1999999999995,10,273.9399999999995,swap,notBad
17437,10,274.1999999999995,10,273.9399999999995,2opt,notBad
17438,10,274.1999999999995,10,273.9399999999995,swap,notBad
17439,10,274.1999999999995,10,273.9399999999995,swap,notBad
17440,10,274.1999999999995,10,273.9399999999995,swap,notBad
17441,10,274.1999999999995,10,273.9399999999995,swap,notBad
17442,10,274.1999999999995,10,273.9399999999995,move,improve
17443,10,274.1999999999995,10,273.9399999999995,move,improve
17444,10,274.1999999999995,10,273.9399999999995,move,improve
17445,10,274.1999999999995,10,273.9399999999995,2opt,notBad
17446,10,274.1999999999995,10,273.9399999999995,move,improve
17447,10,274.1999999999995,10,273.9399999999995,2opt,notBad
17448,10,274.1999999999995,10,273.9399999999995,swap,notBad
17449,10,274.1999999999995,10,273.9399999999995,2opt,notBad
17450,10,274.1999999999995,10,273.9399999999995,swap,notBad
17451,10,274.1999999999995,10,273.9399999999995,swap,notBad
17452,10,274.1999999999995,10,273.9399999999995,move,improve
17453,10,274.1999999999995,10,273.9399999999995,2opt,notBad
17454,10,274.1999999999995,10,273.9399999999995,move,improve
17455,10,274.1999999999995,10,273.9399999999995,2opt,notBad
17456,10,274.1999999999995,10,273.9399999999995,move,improve
17457,10,274.1999999999995,10,273.9399999999995,2opt,notBad
17458,10,274.1999999999995,10,273.9399999999995,2opt,notBad
17459,10,274.1999999999995,10,273.9399999999995,swap,notBad
17460,10,274.1999999999995,10,273.9399999999995,move,improve
17461,10,274.1999999999995,10,273.9399999999995,swap,notBad
17462,10,274.1999999999995,10,273.9399999999995,swap,notBad
17463,10,274.1999999999995,10,273.9399999999995,swap,notBad
17464,10,274.1999999999995,10,273.9399999999995,move,improve
17465,10,274.1999999999995,10,273.9399999999995,move,improve
17466,10,274.1999999999995,10,273.9399999999995,2opt,notBad
17467,10,274.1999999999995,10,273.9399999999995,move,improve
17468,10,274.1999999999995,10,273.9399999999995,2opt,notBad
17469,10,274.1999999999995,10,273.9399999999995,2opt,notBad
17470,10,274.1999999999995,10,273.9399999999995,2opt,notBad
17471,10,274.1999999999995,10,273.9399999999995,move,notBad
17472,10,274.1999999999995,10,273.9399999999995,swap,notBad
17473,10,274.1999999999995,10,273.9399999999995,2opt,notBad
17474,10,274.1999999999995,10,273.9399999999995,2opt,notBad
17475,10,274.1999999999995,10,273.9399999999995,2opt,notBad
17476,10,274.1999999999995,10,273.9399999999995,move,improve
17477,10,274.1999999999995,10,273.9399999999995,2opt,improve
17478,10,274.1999999999995,10,273.9399999999995,move,improve
17479,10,274.1999999999995,10,273.9399999999995,move,improve
17480,10,274.1999999999995,10,273.9399999999995,swap,notBad
17481,10,274.1999999999995,10,273.9399999999995,swap,notBad
17482,10,274.1999999999995,10,273.9399999999995,swap,notBad
17483,10,274.1999999999995,10,273.9399999999995,swap,notBad
17484,10,274.1999999999995,10,273.9399999999995,2opt,notBad
17485,10,274.1999999999995,10,273.9399999999995,move,improve
17486,10,274.1999999999995,10,273.9399999999995,swap,notBad
17487,10,274.1999999999995,10,273.9399999999995,swap,notBad
17488,10,274.1999999999995,10,273.9399999999995,2opt,notBad
17489,10,274.1999999999995,10,273.9399999999995,2opt,notBad
17490,10,274.1999999999995,10,273.9399999999995,2opt,notBad
17491,10,274.1999999999995,10,273.9399999999995,swap,notBad
17492,10,274.1999999999995,10,273.9399999999995,2opt,notBad
17493,10,274.1999999999995,10,273.9399999999995,move,improve
17494,10,274.1999999999995,10,273.9399999999995,2opt,notBad
17495,10,274.1999999999995,10,273.9399999999995,swap,notBad
17496,10,274.1999999999995,10,273.9399999999995,swap,notBad
17497,10,274.1999999999995,10,273.9399999999995,2opt,notBad
17498,10,274.1999999999995,10,273.9399999999995,move,improve
17499,10,274.1999999999995,10,273.9399999999995,move,improve
17500,10,274.1999999999995,10,273.9399999999995,swap,notBad
17501,10,274.1999999999995,10,273.9399999999995,move,improve
17502,10,274.1999999999995,10,273.9399999999995,move,improve
17503,10,274.1999999999995,10,273.9399999999995,swap,notBad
17504,10,274.1999999999995,10,273.9399999999995,move,improve
17505,10,274.1999999999995,10,273.9399999999995,2opt,notBad
17506,10,274.1999999999995,10,273.9399999999995,swap,notBad
17507,10,274.1999999999995,10,273.9399999999995,move,improve
17508,10,274.1999999999995,10,273.9399999999995,swap,notBad
17509,10,274.1999999999995,10,273.9399999999995,swap,notBad
17510,10,274.1999999999995,10,273.9399999999995,swap,notBad
17511,10,274.1999999999995,10,273.9399999999995,2opt,notBad
17512,10,274.1999999999995,10,273.9399999999995,swap,notBad
17513,10,274.1999999999995,10,273.9399999999995,move,improve
17514,10,274.1999999999995,10,273.9399999999995,2opt,improve
17515,10,274.1999999999995,10,273.9399999999995,2opt,notBad
17516,10,274.1999999999995,10,273.9399999999995,2opt,notBad
17517,10,274.1999999999995,10,273.9399999999995,swap,notBad
17518,10,274.1999999999995,10,273.9399999999995,move,improve
17519,10,274.1999999999995,10,273.9399999999995,move,improve
17520,10,274.1999999999995,10,273.9399999999995,2opt,notBad
17521,10,274.1999999999995,10,273.9399999999995,2opt,notBad
17522,10,274.1999999999995,10,273.9399999999995,2opt,notBad
17523,10,274.1999999999995,10,273.9399999999995,move,improve
17524,10,274.1999999999995,10,273.9399999999995,2opt,notBad
17525,10,274.1999999999995,10,273.9399999999995,move,improve
17526,10,274.1999999999995,10,273.9399999999995,move,improve
17527,10,274.1999999999995,10,273.9399999999995,2opt,improve
17528,10,274.1999999999995,10,273.9399999999995,2opt,notBad
17529,10,274.1999999999995,10,273.9399999999995,2opt,notBad
17530,10,274.1999999999995,10,273.9399999999995,swap,notBad
17531,10,274.1999999999995,10,273.9399999999995,swap,notBad
17532,10,274.1999999999995,10,273.9399999999995,swap,notBad
17533,10,274.1999999999995,10,273.9399999999995,move,improve
17534,10,274.1999999999995,10,273.9399999999995,move,improve
17535,10,274.1999999999995,10,273.9399999999995,swap,notBad
17536,10,274.1999999999995,10,273.9399999999995,2opt,notBad
17537,10,274.1999999999995,10,273.9399999999995,move,improve
17538,10,274.1999999999995,10,273.9399999999995,swap,notBad
17539,10,274.1999999999995,10,273.9399999999995,move,improve
17540,10,274.1999999999995,10,273.9399999999995,2opt,notBad
17541,10,274.1999999999995,10,273.9399999999995,move,improve
17542,10,274.1999999999995,10,273.9399999999995,swap,notBad
17543,10,274.1999999999995,10,273.9399999999995,2opt,notBad
17544,10,274.1999999999995,10,273.9399999999995,2opt,improve
17545,10,274.1999999999995,10,273.9399999999995,move,improve
17546,10,274.1999999999995,10,273.9399999999995,move,improve
17547,10,274.1999999999995,10,273.9399999999995,2opt,notBad
17548,10,274.1999999999995,10,273.9399999999995,2opt,notBad
17549,10,274.1999999999995,10,273.9399999999995,swap,notBad
17550,10,274.1999999999995,10,273.9399999999995,move,improve
17551,10,274.1999999999995,10,273.9399999999995,2opt,notBad
17552,10,274.1999999999995,10,273.9399999999995,2opt,notBad
17553,10,274.1999999999995,10,273.9399999999995,2opt,notBad
17554,10,274.1999999999995,10,273.9399999999995,move,improve
17555,10,274.1999999999995,10,273.9399999999995,2opt,improve
17556,10,274.1999999999995,10,273.9399999999995,swap,notBad
17557,10,274.1999999999995,10,273.9399999999995,2opt,improve
17558,10,274.1999999999995,10,273.9399999999995,move,improve
17559,10,274.1999999999995,10,273.9399999999995,move,improve
17560,10,274.1999999999995,10,273.9399999999995,swap,notBad
17561,10,274.1999999999995,10,273.9399999999995,2opt,notBad
17562,10,274.1999999999995,10,273.9399999999995,2opt,notBad
17563,10,274.1999999999995,10,273.9399999999995,2opt,notBad
17564,10,274.1999999999995,10,273.9399999999995,move,improve
17565,10,274.1999999999995,10,273.9399999999995,2opt,notBad
17566,10,274.1999999999995,10,273.9399999999995,swap,notBad
17567,10,274.1999999999995,10,273.9399999999995,swap,notBad
17568,10,274.1999999999995,10,273.9399999999995,swap,notBad
17569,10,274.1999999999995,10,273.9399999999995,swap,notBad
17570,10,274.1999999999995,10,273.9399999999995,move,improve
17571,10,274.1999999999995,10,273.9399999999995,move,improve
17572,10,274.1999999999995,10,273.9399999999995,swap,notBad
17573,10,274.1999999999995,10,273.9399999999995,move,improve
17574,10,274.1999999999995,10,273.9399999999995,2opt,notBad
17575,10,274.1999999999995,10,273.9399999999995,2opt,notBad
17576,10,274.1999999999995,10,273.9399999999995,swap,notBad
17577,10,274.1999999999995,10,273.9399999999995,swap,notBad
17578,10,274.1999999999995,10,273.9399999999995,move,improve
17579,10,274.1999999999995,10,273.9399999999995,2opt,notBad
17580,10,274.1999999999995,10,273.9399999999995,2opt,notBad
17581,10,274.1999999999995,10,273.9399999999995,2opt,notBad
17582,10,274.1999999999995,10,273.9399999999995,2opt,notBad
17583,10,274.1999999999995,10,273.9399999999995,swap,notBad
17584,10,274.1999999999995,10,273.9399999999995,move,improve
17585,10,274.1999999999995,10,273.9399999999995,swap,notBad
17586,10,274.1999999999995,10,273.9399999999995,2opt,notBad
17587,10,274.1999999999995,10,273.9399999999995,move,improve
17588,10,274.1999999999995,10,273.9399999999995,move,improve
17589,10,274.1999999999995,10,273.9399999999995,swap,notBad
17590,10,274.1999999999995,10,273.9399999999995,swap,notBad
17591,10,274.1999999999995,10,273.9399999999995,move,improve
17592,10,274.1999999999995,10,273.9399999999995,move,improve
17593,10,274.1999999999995,10,273.9399999999995,swap,notBad
17594,10,274.1999999999995,10,273.9399999999995,swap,notBad
17595,10,274.1999999999995,10,273.9399999999995,move,improve
17596,10,274.1999999999995,10,273.9399999999995,swap,notBad
17597,10,274.1999999999995,10,273.9399999999995,swap,notBad
17598,10,274.1999999999995,10,273.9399999999995,move,improve
17599,10,274.1999999999995,10,273.9399999999995,2opt,notBad
17600,10,274.1999999999995,10,273.9399999999995,2opt,notBad
17601,10,274.1999999999995,10,273.9399999999995,move,improve
17602,10,274.1999999999995,10,273.9399999999995,swap,notBad
17603,10,274.1999999999995,10,273.9399999999995,move,improve
17604,10,274.1999999999995,10,273.9399999999995,2opt,notBad
17605,10,274.1999999999995,10,273.9399999999995,move,improve
17606,10,274.1999999999995,10,273.9399999999995,2opt,notBad
17607,10,274.1999999999995,10,273.9399999999995,move,improve
17608,10,274.1999999999995,10,273.9399999999995,move,improve
17609,10,274.1999999999995,10,273.9399999999995,2opt,notBad
17610,10,274.1999999999995,10,273.9399999999995,swap,notBad
17611,10,274.1999999999995,10,273.9399999999995,swap,notBad
17612,10,274.1999999999995,10,273.9399999999995,2opt,notBad
17613,10,274.1999999999995,10,273.9399999999995,move,improve
17614,10,274.1999999999995,10,273.9399999999995,swap,notBad
17615,10,274.1999999999995,10,273.9399999999995,move,improve
17616,10,274.1999999999995,10,273.9399999999995,move,improve
17617,10,274.1999999999995,10,273.9399999999995,swap,notBad
17618,10,274.1999999999995,10,273.9399999999995,swap,notBad
17619,10,274.1999999999995,10,273.9399999999995,move,improve
17620,10,274.1999999999995,10,273.9399999999995,2opt,notBad
17621,10,274.1999999999995,10,273.9399999999995,2opt,notBad
17622,10,274.1999999999995,10,273.9399999999995,move,improve
17623,10,274.1999999999995,10,273.9399999999995,move,improve
17624,10,274.1999999999995,10,273.9399999999995,move,improve
17625,10,274.1999999999995,10,273.9399999999995,swap,notBad
17626,10,274.1999999999995,10,273.9399999999995,2opt,notBad
17627,10,274.1999999999995,10,273.9399999999995,2opt,improve
17628,10,274.1999999999995,10,273.9399999999995,swap,notBad
17629,10,274.1999999999995,10,273.9399999999995,swap,notBad
17630,10,274.1999999999995,10,273.9399999999995,swap,notBad
17631,10,274.1999999999995,10,273.9399999999995,swap,notBad
17632,10,274.1999999999995,10,273.9399999999995,2opt,notBad
17633,10,274.1999999999995,10,273.9399999999995,2opt,notBad
17634,10,274.1999999999995,10,273.9399999999995,move,improve
17635,10,274.1999999999995,10,273.9399999999995,swap,notBad
17636,10,274.1999999999995,10,273.9399999999995,2opt,notBad
17637,10,274.1999999999995,10,273.9399999999995,2opt,notBad
17638,10,274.1999999999995,10,273.9399999999995,swap,notBad
17639,10,274.1999999999995,10,273.9399999999995,move,improve
17640,10,274.1999999999995,10,273.9399999999995,move,improve
17641,10,274.1999999999995,10,273.9399999999995,swap,notBad
17642,10,274.1999999999995,10,273.9399999999995,2opt,notBad
17643,10,274.1999999999995,10,273.9399999999995,2opt,notBad
17644,10,274.1999999999995,10,273.9399999999995,2opt,improve
17645,10,274.1999999999995,10,273.9399999999995,swap,notBad
17646,10,274.1999999999995,10,273.9399999999995,move,improve
17647,10,274.1999999999995,10,273.9399999999995,2opt,notBad
17648,10,274.1999999999995,10,273.9399999999995,swap,notBad
17649,10,274.1999999999995,10,273.9399999999995,swap,notBad
17650,10,274.1999999999995,10,273.9399999999995,2opt,notBad
17651,10,274.1999999999995,10,273.9399999999995,move,improve
17652,10,274.1999999999995,10,273.9399999999995,move,improve
17653,10,274.1999999999995,10,273.9399999999995,move,improve
17654,10,274.1999999999995,10,273.9399999999995,swap,notBad
17655,10,274.1999999999995,10,273.9399999999995,move,improve
17656,10,274.1999999999995,10,273.9399999999995,swap,notBad
17657,10,274.1999999999995,10,273.9399999999995,swap,notBad
17658,10,274.1999999999995,10,273.9399999999995,move,improve
17659,10,274.1999999999995,10,273.9399999999995,swap,notBad
17660,10,274.1999999999995,10,273.9399999999995,move,improve
17661,10,274.1999999999995,10,273.9399999999995,move,improve
17662,10,274.1999999999995,10,273.9399999999995,2opt,notBad
17663,10,274.1999999999995,10,273.9399999999995,2opt,improve
17664,10,274.1999999999995,10,273.9399999999995,swap,notBad
17665,10,274.1999999999995,10,273.9399999999995,move,improve
17666,10,274.1999999999995,10,273.9399999999995,move,improve
17667,10,274.1999999999995,10,273.9399999999995,2opt,notBad
17668,10,274.1999999999995,10,273.9399999999995,2opt,improve
17669,10,274.1999999999995,10,273.9399999999995,move,improve
17670,10,274.1999999999995,10,273.9399999999995,swap,notBad
17671,10,274.1999999999995,10,273.9399999999995,move,improve
17672,10,274.1999999999995,10,273.9399999999995,swap,notBad
17673,10,274.1999999999995,10,273.9399999999995,2opt,notBad
17674,10,274.1999999999995,10,273.9399999999995,move,improve
17675,10,274.1999999999995,10,273.9399999999995,swap,notBad
17676,10,274.1999999999995,10,273.9399999999995,move,improve
17677,10,274.1999999999995,10,273.9399999999995,move,improve
17678,10,274.1999999999995,10,273.9399999999995,2opt,notBad
17679,10,274.1999999999995,10,273.9399999999995,2opt,notBad
17680,10,274.1999999999995,10,273.9399999999995,swap,notBad
17681,10,274.1999999999995,10,273.9399999999995,swap,notBad
17682,10,274.1999999999995,10,273.9399999999995,2opt,notBad
17683,10,274.1999999999995,10,273.9399999999995,swap,notBad
17684,10,274.1999999999995,10,273.9399999999995,swap,notBad
17685,10,274.1999999999995,10,273.9399999999995,swap,notBad
17686,10,274.1999999999995,10,273.9399999999995,2opt,improve
17687,10,274.1999999999995,10,273.9399999999995,swap,improve
17688,10,274.1999999999995,10,273.9399999999995,swap,notBad
17689,10,274.1999999999995,10,273.9399999999995,swap,notBad
17690,10,274.1999999999995,10,273.9399999999995,swap,notBad
17691,10,274.1999999999995,10,273.9399999999995,move,improve
17692,10,274.1999999999995,10,273.9399999999995,swap,notBad
17693,10,274.1999999999995,10,273.9399999999995,swap,notBad
17694,10,274.1999999999995,10,273.9399999999995,move,improve
17695,10,274.1999999999995,10,273.9399999999995,swap,notBad
17696,10,274.1999999999995,10,273.9399999999995,move,improve
17697,10,274.1999999999995,10,273.9399999999995,swap,notBad
17698,10,274.1999999999995,10,273.9399999999995,2opt,notBad
17699,10,274.1999999999995,10,273.9399999999995,move,improve
17700,10,274.1999999999995,10,273.9399999999995,move,improve
17701,10,274.1999999999995,10,273.9399999999995,move,improve
17702,10,274.1999999999995,10,273.9399999999995,swap,notBad
17703,10,274.1999999999995,10,273.9399999999995,2opt,notBad
17704,10,274.1999999999995,10,273.9399999999995,swap,notBad
17705,10,274.1999999999995,10,273.9399999999995,2opt,improve
17706,10,273.9399999999995,10,273.9399999999995,swap,improve
17707,10,273.9399999999995,10,273.9399999999995,swap,notBad
17708,10,273.9399999999995,10,273.9399999999995,2opt,notBad
17709,10,273.9399999999995,10,273.9399999999995,move,improve
17710,10,273.9399999999995,10,273.9399999999995,2opt,notBad
17711,10,273.9399999999995,10,273.9399999999995,2opt,notBad
17712,10,273.9399999999995,10,273.9399999999995,2opt,notBad
17713,10,273.9399999999995,10,273.9399999999995,2opt,improve
17714,10,273.9399999999995,10,273.9399999999995,move,improve
17715,10,273.9399999999995,10,273.9399999999995,move,improve
17716,10,273.9399999999995,10,273.9399999999995,move,improve
17717,10,273.9399999999995,10,273.9399999999995,2opt,notBad
17718,10,273.9399999999995,10,273.9399999999995,move,improve
17719,10,273.9399999999995,10,273.9399999999995,2opt,notBad
17720,10,273.9399999999995,10,273.9399999999995,swap,notBad
17721,10,273.9399999999995,10,273.9399999999995,move,improve
17722,10,273.9399999999995,10,273.9399999999995,swap,notBad
17723,10,273.93999999999943,10,273.93999999999943,move,newBest
17724,10,273.93999999999943,10,273.93999999999943,move,improve
17725,10,273.93999999999943,10,273.93999999999943,move,improve
17726,10,273.93999999999943,10,273.93999999999943,swap,notBad
17727,10,273.93999999999943,10,273.93999999999943,swap,notBad
17728,10,273.93999999999943,10,273.93999999999943,swap,notBad
17729,10,273.93999999999943,10,273.93999999999943,move,improve
17730,10,273.93999999999943,10,273.93999999999943,move,improve
17731,10,273.93999999999943,10,273.93999999999943,move,improve
17732,10,273.93999999999943,10,273.93999999999943,2opt,notBad
17733,10,273.93999999999943,10,273.93999999999943,2opt,improve
17734,10,273.93999999999943,10,273.93999999999943,2opt,notBad
17735,10,273.93999999999943,10,273.93999999999943,2opt,notBad
17736,10,273.93999999999943,10,273.93999999999943,move,improve
17737,10,273.93999999999943,10,273.93999999999943,swap,notBad
17738,10,273.93999999999943,10,273.93999999999943,2opt,notBad
17739,10,273.93999999999943,10,273.93999999999943,move,improve
17740,10,273.93999999999943,10,273.93999999999943,move,improve
17741,10,273.93999999999943,10,273.93999999999943,2opt,notBad
17742,10,273.93999999999943,10,273.93999999999943,move,improve
17743,10,273.93999999999943,10,273.93999999999943,swap,notBad
17744,10,273.93999999999943,10,273.93999999999943,move,improve
17745,10,273.93999999999943,10,273.93999999999943,2opt,notBad
17746,10,273.93999999999943,10,273.93999999999943,swap,notBad
17747,10,273.93999999999943,10,273.93999999999943,move,improve
17748,10,273.93999999999943,10,273.93999999999943,move,improve
17749,10,273.93999999999943,10,273.93999999999943,swap,notBad
17750,10,273.93999999999943,10,273.93999999999943,move,improve
17751,10,273.93999999999943,10,273.93999999999943,swap,notBad
17752,10,273.93999999999943,10,273.93999999999943,2opt,notBad
17753,10,273.93999999999943,10,273.93999999999943,2opt,notBad
17754,10,273.93999999999943,10,273.93999999999943,swap,notBad
17755,10,273.93999999999943,10,273.93999999999943,swap,notBad
17756,10,273.93999999999943,10,273.93999999999943,2opt,notBad
17757,10,273.93999999999943,10,273.93999999999943,2opt,notBad
17758,10,273.93999999999943,10,273.93999999999943,move,improve
17759,10,273.93999999999943,10,273.93999999999943,move,improve
17760,10,273.93999999999943,10,273.93999999999943,swap,notBad
17761,10,273.93999999999943,10,273.93999999999943,move,improve
17762,10,273.93999999999943,10,273.93999999999943,move,improve
17763,10,273.93999999999943,10,273.93999999999943,move,improve
17764,10,273.93999999999943,10,273.93999999999943,2opt,notBad
17765,10,273.93999999999943,10,273.93999999999943,2opt,improve
17766,10,273.93999999999943,10,273.93999999999943,move,improve
17767,10,273.93999999999943,10,273.93999999999943,move,improve
17768,10,273.93999999999943,10,273.93999999999943,swap,notBad
17769,10,273.93999999999943,10,273.93999999999943,move,improve
17770,10,273.93999999999943,10,273.93999999999943,move,improve
17771,10,273.93999999999943,10,273.93999999999943,2opt,notBad
17772,10,273.93999999999943,10,273.93999999999943,swap,notBad
17773,10,273.93999999999943,10,273.93999999999943,2opt,improve
17774,10,273.93999999999943,10,273.93999999999943,move,improve
17775,10,273.93999999999943,10,273.93999999999943,2opt,notBad
17776,10,273.93999999999943,10,273.93999999999943,2opt,notBad
17777,10,273.93999999999943,10,273.93999999999943,2opt,notBad
17778,10,273.93999999999943,10,273.93999999999943,2opt,notBad
17779,10,273.93999999999943,10,273.93999999999943,2opt,notBad
17780,10,273.93999999999943,10,273.93999999999943,swap,notBad
17781,10,273.93999999999943,10,273.93999999999943,2opt,notBad
17782,10,273.93999999999943,10,273.93999999999943,2opt,notBad
17783,10,273.93999999999943,10,273.93999999999943,2opt,notBad
17784,10,273.93999999999943,10,273.93999999999943,move,improve
17785,10,273.93999999999943,10,273.93999999999943,swap,notBad
17786,10,273.93999999999943,10,273.93999999999943,2opt,notBad
17787,10,273.93999999999943,10,273.93999999999943,move,improve
17788,10,273.93999999999943,10,273.93999999999943,move,improve
17789,10,273.93999999999943,10,273.93999999999943,move,improve
17790,10,273.93999999999943,10,273.93999999999943,move,improve
17791,10,273.93999999999943,10,273.93999999999943,move,improve
17792,10,273.93999999999943,10,273.93999999999943,move,improve
17793,10,273.93999999999943,10,273.93999999999943,move,improve
17794,10,273.93999999999943,10,273.93999999999943,2opt,notBad
17795,10,273.93999999999943,10,273.93999999999943,move,improve
17796,10,273.93999999999943,10,273.93999999999943,move,notBad
17797,10,273.93999999999943,10,273.93999999999943,2opt,notBad
17798,10,273.93999999999943,10,273.93999999999943,swap,notBad
17799,10,273.93999999999943,10,273.93999999999943,move,improve
17800,10,273.93999999999943,10,273.93999999999943,2opt,notBad
17801,10,273.93999999999943,10,273.93999999999943,swap,notBad
17802,10,273.93999999999943,10,273.93999999999943,swap,notBad
17803,10,273.93999999999943,10,273.93999999999943,move,improve
17804,10,273.93999999999943,10,273.93999999999943,swap,notBad
17805,10,273.93999999999943,10,273.93999999999943,move,improve
17806,10,273.93999999999943,10,273.93999999999943,2opt,notBad
17807,10,273.93999999999943,10,273.93999999999943,2opt,notBad
17808,10,273.93999999999943,10,273.93999999999943,2opt,notBad
17809,10,273.93999999999943,10,273.93999999999943,2opt,notBad
17810,10,273.93999999999943,10,273.93999999999943,swap,notBad
17811,10,273.93999999999943,10,273.93999999999943,2opt,notBad
17812,10,273.93999999999943,10,273.93999999999943,move,improve
17813,10,273.93999999999943,10,273.93999999999943,move,improve
17814,10,273.93999999999943,10,273.93999999999943,2opt,notBad
17815,10,273.93999999999943,10,273.93999999999943,swap,notBad
17816,10,273.93999999999943,10,273.93999999999943,swap,notBad
17817,10,273.93999999999943,10,273.93999999999943,2opt,notBad
17818,10,273.93999999999943,10,273.93999999999943,swap,notBad
17819,10,273.93999999999943,10,273.93999999999943,2opt,notBad
17820,10,273.93999999999943,10,273.93999999999943,swap,notBad
17821,10,273.93999999999943,10,273.93999999999943,move,improve
17822,10,273.93999999999943,10,273.93999999999943,swap,notBad
17823,10,273.93999999999943,10,273.93999999999943,2opt,notBad
17824,10,273.93999999999943,10,273.93999999999943,2opt,notBad
17825,10,273.93999999999943,10,273.93999999999943,swap,notBad
17826,10,273.93999999999943,10,273.93999999999943,move,improve
17827,10,273.93999999999943,10,273.93999999999943,move,improve
17828,10,273.93999999999943,10,273.93999999999943,swap,notBad
17829,10,273.93999999999943,10,273.93999999999943,swap,notBad
17830,10,273.93999999999943,10,273.93999999999943,swap,notBad
17831,10,273.93999999999943,10,273.93999999999943,2opt,notBad
17832,10,273.93999999999943,10,273.93999999999943,move,improve
17833,10,273.93999999999943,10,273.93999999999943,move,improve
17834,10,273.93999999999943,10,273.93999999999943,swap,notBad
17835,10,273.93999999999943,10,273.93999999999943,swap,notBad
17836,10,273.93999999999943,10,273.93999999999943,move,improve
17837,10,273.93999999999943,10,273.93999999999943,2opt,notBad
17838,10,273.93999999999943,10,273.93999999999943,2opt,notBad
17839,10,273.93999999999943,10,273.93999999999943,2opt,notBad
17840,10,273.93999999999943,10,273.93999999999943,2opt,notBad
17841,10,273.93999999999943,10,273.93999999999943,2opt,notBad
17842,10,273.93999999999943,10,273.93999999999943,move,notBad
17843,10,273.93999999999943,10,273.93999999999943,2opt,improve
17844,10,273.93999999999943,10,273.93999999999943,swap,notBad
17845,10,273.93999999999943,10,273.93999999999943,swap,notBad
17846,10,273.93999999999943,10,273.93999999999943,2opt,notBad
17847,10,273.93999999999943,10,273.93999999999943,2opt,improve
17848,10,273.93999999999943,10,273.93999999999943,2opt,notBad
17849,10,273.93999999999943,10,273.93999999999943,2opt,notBad
17850,10,273.93999999999943,10,273.93999999999943,move,improve
17851,10,273.93999999999943,10,273.93999999999943,move,improve
17852,10,273.93999999999943,10,273.93999999999943,swap,notBad
17853,10,273.93999999999943,10,273.93999999999943,swap,notBad
17854,10,273.93999999999943,10,273.93999999999943,move,improve
17855,10,273.93999999999943,10,273.93999999999943,swap,notBad
17856,10,273.93999999999943,10,273.93999999999943,2opt,notBad
17857,10,273.93999999999943,10,273.93999999999943,move,improve
17858,10,273.93999999999943,10,273.93999999999943,2opt,notBad
17859,10,273.93999999999943,10,273.93999999999943,move,improve
17860,10,273.93999999999943,10,273.93999999999943,2opt,notBad
17861,10,273.93999999999943,10,273.93999999999943,move,improve
17862,10,273.93999999999943,10,273.93999999999943,swap,notBad
17863,10,273.93999999999943,10,273.93999999999943,2opt,notBad
17864,10,273.93999999999943,10,273.93999999999943,swap,notBad
17865,10,273.93999999999943,10,273.93999999999943,move,improve
17866,10,273.93999999999943,10,273.93999999999943,swap,notBad
17867,10,273.93999999999943,10,273.93999999999943,move,improve
17868,10,273.93999999999943,10,273.93999999999943,2opt,notBad
17869,10,273.93999999999943,10,273.93999999999943,swap,notBad
17870,10,273.93999999999943,10,273.93999999999943,move,improve
17871,10,273.93999999999943,10,273.93999999999943,2opt,notBad
17872,10,273.93999999999943,10,273.93999999999943,swap,notBad
17873,10,273.93999999999943,10,273.93999999999943,swap,notBad
17874,10,273.93999999999943,10,273.93999999999943,swap,notBad
17875,10,273.93999999999943,10,273.93999999999943,move,improve
17876,10,273.93999999999943,10,273.93999999999943,2opt,notBad
17877,10,273.93999999999943,10,273.93999999999943,move,improve
17878,10,273.93999999999943,10,273.93999999999943,2opt,notBad
17879,10,273.93999999999943,10,273.93999999999943,2opt,notBad
17880,10,273.93999999999943,10,273.93999999999943,2opt,notBad
17881,10,273.93999999999943,10,273.93999999999943,move,improve
17882,10,273.93999999999943,10,273.93999999999943,swap,notBad
17883,10,273.93999999999943,10,273.93999999999943,move,improve
17884,10,273.93999999999943,10,273.93999999999943,move,improve
17885,10,273.93999999999943,10,273.93999999999943,2opt,notBad
17886,10,273.93999999999943,10,273.93999999999943,swap,notBad
17887,10,273.93999999999943,10,273.93999999999943,swap,notBad
17888,10,273.93999999999943,10,273.93999999999943,swap,notBad
17889,10,273.93999999999943,10,273.93999999999943,move,improve
17890,10,273.93999999999943,10,273.93999999999943,swap,improve
17891,10,273.93999999999943,10,273.93999999999943,move,improve
17892,10,273.93999999999943,10,273.93999999999943,swap,notBad
17893,10,273.93999999999943,10,273.93999999999943,swap,notBad
17894,10,273.93999999999943,10,273.93999999999943,swap,notBad
17895,10,273.93999999999943,10,273.93999999999943,move,improve
17896,10,273.93999999999943,10,273.93999999999943,swap,notBad
17897,10,273.93999999999943,10,273.93999999999943,2opt,notBad
17898,10,273.93999999999943,10,273.93999999999943,swap,notBad
17899,10,273.93999999999943,10,273.93999999999943,2opt,notBad
17900,10,273.93999999999943,10,273.93999999999943,move,improve
17901,10,273.93999999999943,10,273.93999999999943,swap,notBad
17902,10,273.93999999999943,10,273.93999999999943,swap,notBad
17903,10,273.93999999999943,10,273.93999999999943,swap,notBad
17904,10,273.93999999999943,10,273.93999999999943,2opt,notBad
17905,10,273.93999999999943,10,273.93999999999943,2opt,notBad
17906,10,273.93999999999943,10,273.93999999999943,swap,notBad
17907,10,273.93999999999943,10,273.93999999999943,move,improve
17908,10,273.93999999999943,10,273.93999999999943,move,improve
17909,10,273.93999999999943,10,273.93999999999943,swap,notBad
17910,10,273.93999999999943,10,273.93999999999943,move,improve
17911,10,273.93999999999943,10,273.93999999999943,move,improve
17912,10,273.93999999999943,10,273.93999999999943,2opt,notBad
17913,10,273.93999999999943,10,273.93999999999943,swap,notBad
17914,10,273.93999999999943,10,273.93999999999943,move,improve
17915,10,273.93999999999943,10,273.93999999999943,swap,notBad
17916,10,273.93999999999943,10,273.93999999999943,2opt,notBad
17917,10,273.93999999999943,10,273.93999999999943,2opt,notBad
17918,10,273.93999999999943,10,273.93999999999943,move,improve
17919,10,273.93999999999943,10,273.93999999999943,2opt,notBad
17920,10,273.93999999999943,10,273.93999999999943,move,improve
17921,10,273.93999999999943,10,273.93999999999943,2opt,notBad
17922,10,273.93999999999943,10,273.93999999999943,2opt,notBad
17923,10,273.93999999999943,10,273.93999999999943,move,improve
17924,10,273.93999999999943,10,273.93999999999943,2opt,notBad
17925,10,273.93999999999943,10,273.93999999999943,2opt,notBad
17926,10,273.93999999999943,10,273.93999999999943,swap,notBad
17927,10,273.93999999999943,10,273.93999999999943,2opt,notBad
17928,10,273.93999999999943,10,273.93999999999943,swap,notBad
17929,10,273.93999999999943,10,273.93999999999943,swap,notBad
17930,10,273.93999999999943,10,273.93999999999943,move,improve
17931,10,273.93999999999943,10,273.93999999999943,swap,notBad
17932,10,273.93999999999943,10,273.93999999999943,swap,notBad
17933,10,273.93999999999943,10,273.93999999999943,swap,notBad
17934,10,273.93999999999943,10,273.93999999999943,swap,notBad
17935,10,273.93999999999943,10,273.93999999999943,2opt,notBad
17936,10,273.93999999999943,10,273.93999999999943,move,improve
17937,10,273.93999999999943,10,273.93999999999943,swap,notBad
17938,10,273.93999999999943,10,273.93999999999943,move,improve
17939,10,273.93999999999943,10,273.93999999999943,swap,notBad
17940,10,273.93999999999943,10,273.93999999999943,2opt,notBad
17941,10,273.93999999999943,10,273.93999999999943,2opt,notBad
17942,10,273.93999999999943,10,273.93999999999943,move,improve
17943,10,273.93999999999943,10,273.93999999999943,swap,notBad
17944,10,273.93999999999943,10,273.93999999999943,2opt,notBad
17945,10,273.93999999999943,10,273.93999999999943,swap,notBad
17946,10,273.93999999999943,10,273.93999999999943,2opt,improve
17947,10,273.93999999999943,10,273.93999999999943,2opt,notBad
17948,10,273.93999999999943,10,273.93999999999943,move,improve
17949,10,273.93999999999943,10,273.93999999999943,move,improve
17950,10,273.93999999999943,10,273.93999999999943,swap,notBad
17951,10,273.93999999999943,10,273.93999999999943,swap,improve
17952,10,273.93999999999943,10,273.93999999999943,2opt,notBad
17953,10,273.93999999999943,10,273.93999999999943,2opt,improve
17954,10,273.93999999999943,10,273.93999999999943,2opt,notBad
17955,10,273.93999999999943,10,273.93999999999943,swap,notBad
17956,10,273.93999999999943,10,273.93999999999943,swap,notBad
17957,10,273.93999999999943,10,273.93999999999943,2opt,notBad
17958,10,273.93999999999943,10,273.93999999999943,2opt,notBad
17959,10,273.93999999999943,10,273.93999999999943,move,improve
17960,10,273.93999999999943,10,273.93999999999943,2opt,notBad
17961,10,273.93999999999943,10,273.93999999999943,swap,notBad
17962,10,273.93999999999943,10,273.93999999999943,2opt,notBad
17963,10,273.93999999999943,10,273.93999999999943,swap,notBad
17964,10,273.93999999999943,10,273.93999999999943,swap,notBad
17965,10,273.93999999999943,10,273.93999999999943,move,improve
17966,10,273.93999999999943,10,273.93999999999943,swap,notBad
17967,10,273.93999999999943,10,273.93999999999943,move,improve
17968,10,273.93999999999943,10,273.93999999999943,move,improve
17969,10,273.93999999999943,10,273.93999999999943,move,improve
17970,10,273.93999999999943,10,273.93999999999943,2opt,notBad
17971,10,273.93999999999943,10,273.93999999999943,2opt,notBad
17972,10,273.93999999999943,10,273.93999999999943,swap,notBad
17973,10,273.93999999999943,10,273.93999999999943,2opt,notBad
17974,10,273.93999999999943,10,273.93999999999943,2opt,notBad
17975,10,273.93999999999943,10,273.93999999999943,2opt,notBad
17976,10,273.93999999999943,10,273.93999999999943,swap,notBad
17977,10,273.93999999999943,10,273.93999999999943,move,improve
17978,10,273.93999999999943,10,273.93999999999943,move,improve
17979,10,273.93999999999943,10,273.93999999999943,move,improve
17980,10,273.93999999999943,10,273.93999999999943,swap,notBad
17981,10,273.93999999999943,10,273.93999999999943,swap,notBad
17982,10,273.93999999999943,10,273.93999999999943,move,improve
17983,10,273.93999999999943,10,273.93999999999943,2opt,notBad
17984,10,273.93999999999943,10,273.93999999999943,swap,notBad
17985,10,273.93999999999943,10,273.93999999999943,move,improve
17986,10,273.93999999999943,10,273.93999999999943,2opt,notBad
17987,10,273.93999999999943,10,273.93999999999943,move,improve
17988,10,273.93999999999943,10,273.93999999999943,2opt,notBad
17989,10,273.93999999999943,10,273.93999999999943,swap,notBad
17990,10,273.93999999999943,10,273.93999999999943,move,improve
17991,10,273.93999999999943,10,273.93999999999943,2opt,notBad
17992,10,273.93999999999943,10,273.93999999999943,swap,notBad
17993,10,273.93999999999943,10,273.93999999999943,2opt,notBad
17994,10,273.93999999999943,10,273.93999999999943,move,improve
17995,10,273.93999999999943,10,273.93999999999943,2opt,notBad
17996,10,273.93999999999943,10,273.93999999999943,2opt,notBad
17997,10,273.93999999999943,10,273.93999999999943,2opt,notBad
17998,10,273.93999999999943,10,273.93999999999943,swap,notBad
17999,10,273.93999999999943,10,273.93999999999943,move,improve
18000,10,273.93999999999943,10,273.93999999999943,move,improve
18001,10,273.93999999999943,10,273.93999999999943,swap,notBad
18002,10,273.93999999999943,10,273.93999999999943,2opt,notBad
18003,10,273.93999999999943,10,273.93999999999943,2opt,notBad
18004,10,273.93999999999943,10,273.93999999999943,2opt,improve
18005,10,273.93999999999943,10,273.93999999999943,2opt,notBad
18006,10,273.93999999999943,10,273.93999999999943,move,improve
18007,10,273.93999999999943,10,273.93999999999943,move,improve
18008,10,273.93999999999943,10,273.93999999999943,2opt,notBad
18009,10,273.93999999999943,10,273.93999999999943,swap,notBad
18010,10,273.93999999999943,10,273.93999999999943,move,improve
18011,10,273.93999999999943,10,273.93999999999943,swap,notBad
18012,10,273.93999999999943,10,273.93999999999943,move,improve
18013,10,273.93999999999943,10,273.93999999999943,move,improve
18014,10,273.93999999999943,10,273.93999999999943,move,improve
18015,10,273.93999999999943,10,273.93999999999943,2opt,notBad
18016,10,273.93999999999943,10,273.93999999999943,move,improve
18017,10,273.93999999999943,10,273.93999999999943,swap,notBad
18018,10,273.93999999999943,10,273.93999999999943,2opt,notBad
18019,10,273.93999999999943,10,273.93999999999943,swap,notBad
18020,10,273.93999999999943,10,273.93999999999943,swap,notBad
18021,10,273.93999999999943,10,273.93999999999943,2opt,improve
18022,10,273.93999999999943,10,273.93999999999943,2opt,notBad
18023,10,273.93999999999943,10,273.93999999999943,move,improve
18024,10,273.93999999999943,10,273.93999999999943,move,improve
18025,10,273.93999999999943,10,273.93999999999943,swap,notBad
18026,10,273.93999999999943,10,273.93999999999943,2opt,notBad
18027,10,273.93999999999943,10,273.93999999999943,swap,notBad
18028,10,273.93999999999943,10,273.93999999999943,2opt,notBad
18029,10,273.93999999999943,10,273.93999999999943,move,improve
18030,10,273.93999999999943,10,273.93999999999943,move,improve
18031,10,273.93999999999943,10,273.93999999999943,2opt,notBad
18032,10,273.93999999999943,10,273.93999999999943,2opt,notBad
18033,10,273.93999999999943,10,273.93999999999943,swap,notBad
18034,10,273.93999999999943,10,273.93999999999943,swap,notBad
18035,10,273.93999999999943,10,273.93999999999943,swap,notBad
18036,10,273.93999999999943,10,273.93999999999943,move,improve
18037,10,273.93999999999943,10,273.93999999999943,2opt,notBad
18038,10,273.93999999999943,10,273.93999999999943,2opt,notBad
18039,10,273.93999999999943,10,273.93999999999943,move,improve
18040,10,273.93999999999943,10,273.93999999999943,move,improve
18041,10,273.93999999999943,10,273.93999999999943,swap,notBad
18042,10,273.93999999999943,10,273.93999999999943,move,improve
18043,10,273.93999999999943,10,273.93999999999943,swap,notBad
18044,10,273.93999999999943,10,273.93999999999943,2opt,notBad
18045,10,273.93999999999943,10,273.93999999999943,2opt,notBad
18046,10,273.93999999999943,10,273.93999999999943,move,improve
18047,10,273.93999999999943,10,273.93999999999943,move,improve
18048,10,273.93999999999943,10,273.93999999999943,swap,notBad
18049,10,273.93999999999943,10,273.93999999999943,move,improve
18050,10,273.93999999999943,10,273.93999999999943,move,improve
18051,10,273.93999999999943,10,273.93999999999943,swap,notBad
18052,10,273.93999999999943,10,273.93999999999943,2opt,notBad
18053,10,273.93999999999943,10,273.93999999999943,move,improve
18054,10,273.93999999999943,10,273.93999999999943,swap,notBad
18055,10,273.93999999999943,10,273.93999999999943,swap,notBad
18056,10,273.93999999999943,10,273.93999999999943,move,improve
18057,10,273.93999999999943,10,273.93999999999943,move,improve
18058,10,273.93999999999943,10,273.93999999999943,2opt,improve
18059,10,273.93999999999943,10,273.93999999999943,2opt,notBad
18060,10,273.93999999999943,10,273.93999999999943,move,improve
18061,10,273.93999999999943,10,273.93999999999943,2opt,notBad
18062,10,273.93999999999943,10,273.93999999999943,2opt,notBad
18063,10,273.93999999999943,10,273.93999999999943,2opt,notBad
18064,10,273.93999999999943,10,273.93999999999943,move,improve
18065,10,273.93999999999943,10,273.93999999999943,swap,notBad
18066,10,273.93999999999943,10,273.93999999999943,2opt,notBad
18067,10,273.93999999999943,10,273.93999999999943,swap,notBad
18068,10,273.93999999999943,10,273.93999999999943,swap,notBad
18069,10,273.93999999999943,10,273.93999999999943,swap,notBad
18070,10,273.93999999999943,10,273.93999999999943,swap,notBad
18071,10,273.93999999999943,10,273.93999999999943,swap,notBad
18072,10,273.93999999999943,10,273.93999999999943,2opt,notBad
18073,10,273.93999999999943,10,273.93999999999943,swap,notBad
18074,10,273.93999999999943,10,273.93999999999943,2opt,notBad
18075,10,273.93999999999943,10,273.93999999999943,2opt,notBad
18076,10,273.93999999999943,10,273.93999999999943,2opt,notBad
18077,10,273.93999999999943,10,273.93999999999943,swap,notBad
18078,10,273.93999999999943,10,273.93999999999943,move,improve
18079,10,273.93999999999943,10,273.93999999999943,swap,notBad
18080,10,273.93999999999943,10,273.93999999999943,2opt,notBad
18081,10,273.93999999999943,10,273.93999999999943,2opt,improve
18082,10,273.93999999999943,10,273.93999999999943,swap,notBad
18083,10,273.93999999999943,10,273.93999999999943,2opt,notBad
18084,10,273.93999999999943,10,273.93999999999943,move,improve
18085,10,273.93999999999943,10,273.93999999999943,move,improve
18086,10,273.93999999999943,10,273.93999999999943,2opt,notBad
18087,10,273.93999999999943,10,273.93999999999943,2opt,notBad
18088,10,273.93999999999943,10,273.93999999999943,move,improve
18089,10,273.93999999999943,10,273.93999999999943,swap,notBad
18090,10,273.93999999999943,10,273.93999999999943,move,improve
18091,10,273.93999999999943,10,273.93999999999943,swap,notBad
18092,10,273.93999999999943,10,273.93999999999943,2opt,notBad
18093,10,273.93999999999943,10,273.93999999999943,move,improve
18094,10,273.93999999999943,10,273.93999999999943,swap,notBad
18095,10,273.93999999999943,10,273.93999999999943,move,improve
18096,10,273.93999999999943,10,273.93999999999943,swap,notBad
18097,10,273.93999999999943,10,273.93999999999943,swap,notBad
18098,10,273.93999999999943,10,273.93999999999943,swap,notBad
18099,10,273.93999999999943,10,273.93999999999943,2opt,notBad
18100,10,273.93999999999943,10,273.93999999999943,2opt,notBad
18101,10,273.93999999999943,10,273.93999999999943,2opt,improve
18102,10,273.93999999999943,10,273.93999999999943,swap,notBad
18103,10,273.93999999999943,10,273.93999999999943,2opt,notBad
18104,10,273.93999999999943,10,273.93999999999943,2opt,notBad
18105,10,273.93999999999943,10,273.93999999999943,2opt,notBad
18106,10,273.93999999999943,10,273.93999999999943,swap,notBad
18107,10,273.93999999999943,10,273.93999999999943,move,improve
18108,10,273.93999999999943,10,273.93999999999943,move,improve
18109,10,273.93999999999943,10,273.93999999999943,swap,notBad
18110,10,273.93999999999943,10,273.93999999999943,move,improve
18111,10,273.93999999999943,10,273.93999999999943,swap,notBad
18112,10,273.93999999999943,10,273.93999999999943,move,improve
18113,10,273.93999999999943,10,273.93999999999943,move,improve
18114,10,273.93999999999943,10,273.93999999999943,swap,notBad
18115,10,273.93999999999943,10,273.93999999999943,move,improve
18116,10,273.93999999999943,10,273.93999999999943,swap,notBad
18117,10,273.93999999999943,10,273.93999999999943,swap,notBad
18118,10,273.93999999999943,10,273.93999999999943,move,improve
18119,10,273.93999999999943,10,273.93999999999943,2opt,improve
18120,10,273.93999999999943,10,273.93999999999943,swap,notBad
18121,10,273.93999999999943,10,273.93999999999943,move,improve
18122,10,273.93999999999943,10,273.93999999999943,move,improve
18123,10,273.93999999999943,10,273.93999999999943,swap,notBad
18124,10,273.93999999999943,10,273.93999999999943,move,improve
18125,10,273.93999999999943,10,273.93999999999943,swap,notBad
18126,10,273.93999999999943,10,273.93999999999943,move,improve
18127,10,273.93999999999943,10,273.93999999999943,move,improve
18128,10,273.93999999999943,10,273.93999999999943,move,improve
18129,10,273.93999999999943,10,273.93999999999943,swap,notBad
18130,10,273.93999999999943,10,273.93999999999943,move,improve
18131,10,273.93999999999943,10,273.93999999999943,swap,notBad
18132,10,273.93999999999943,10,273.93999999999943,swap,notBad
18133,10,273.93999999999943,10,273.93999999999943,swap,notBad
18134,10,273.93999999999943,10,273.93999999999943,move,improve
18135,10,273.93999999999943,10,273.93999999999943,swap,notBad
18136,10,273.93999999999943,10,273.93999999999943,move,notBad
18137,10,273.93999999999943,10,273.93999999999943,move,improve
18138,10,273.93999999999943,10,273.93999999999943,move,improve
18139,10,273.93999999999943,10,273.93999999999943,swap,notBad
18140,10,273.93999999999943,10,273.93999999999943,2opt,notBad
18141,10,273.93999999999943,10,273.93999999999943,move,improve
18142,10,273.93999999999943,10,273.93999999999943,swap,notBad
18143,10,273.93999999999943,10,273.93999999999943,move,improve
18144,10,273.93999999999943,10,273.93999999999943,2opt,notBad
18145,10,273.93999999999943,10,273.93999999999943,2opt,notBad
18146,10,273.93999999999943,10,273.93999999999943,swap,notBad
18147,10,273.93999999999943,10,273.93999999999943,swap,notBad
18148,10,273.93999999999943,10,273.93999999999943,2opt,notBad
18149,10,273.93999999999943,10,273.93999999999943,swap,notBad
18150,10,273.93999999999943,10,273.93999999999943,swap,notBad
18151,10,273.93999999999943,10,273.93999999999943,move,improve
18152,10,273.93999999999943,10,273.93999999999943,swap,notBad
18153,10,273.93999999999943,10,273.93999999999943,swap,notBad
18154,10,273.93999999999943,10,273.93999999999943,2opt,notBad
18155,10,273.93999999999943,10,273.93999999999943,move,improve
18156,10,273.93999999999943,10,273.93999999999943,2opt,notBad
18157,10,273.93999999999943,10,273.93999999999943,2opt,notBad
18158,10,273.93999999999943,10,273.93999999999943,swap,notBad
18159,10,273.93999999999943,10,273.93999999999943,swap,notBad
18160,10,273.93999999999943,10,273.93999999999943,swap,notBad
18161,10,273.93999999999943,10,273.93999999999943,move,improve
18162,10,273.93999999999943,10,273.93999999999943,swap,notBad
18163,10,273.93999999999943,10,273.93999999999943,2opt,notBad
18164,10,273.93999999999943,10,273.93999999999943,move,improve
18165,10,273.93999999999943,10,273.93999999999943,2opt,notBad
18166,10,273.93999999999943,10,273.93999999999943,swap,notBad
18167,10,273.93999999999943,10,273.93999999999943,move,improve
18168,10,273.93999999999943,10,273.93999999999943,swap,notBad
18169,10,273.93999999999943,10,273.93999999999943,2opt,improve
18170,10,273.93999999999943,10,273.93999999999943,2opt,notBad
18171,10,273.93999999999943,10,273.93999999999943,move,improve
18172,10,273.93999999999943,10,273.93999999999943,move,improve
18173,10,273.93999999999943,10,273.93999999999943,swap,notBad
18174,10,273.93999999999943,10,273.93999999999943,swap,notBad
18175,10,273.93999999999943,10,273.93999999999943,2opt,notBad
18176,10,273.93999999999943,10,273.93999999999943,2opt,notBad
18177,10,273.93999999999943,10,273.93999999999943,2opt,notBad
18178,10,273.93999999999943,10,273.93999999999943,2opt,notBad
18179,10,273.93999999999943,10,273.93999999999943,swap,notBad
18180,10,273.93999999999943,10,273.93999999999943,move,improve
18181,10,273.93999999999943,10,273.93999999999943,2opt,notBad
18182,10,273.93999999999943,10,273.93999999999943,swap,notBad
18183,10,273.93999999999943,10,273.93999999999943,move,improve
18184,10,273.93999999999943,10,273.93999999999943,2opt,notBad
18185,10,273.93999999999943,10,273.93999999999943,move,improve
18186,10,273.93999999999943,10,273.93999999999943,swap,improve
18187,10,273.93999999999943,10,273.93999999999943,2opt,notBad
18188,10,273.93999999999943,10,273.93999999999943,swap,notBad
18189,10,273.93999999999943,10,273.93999999999943,move,improve
18190,10,273.93999999999943,10,273.93999999999943,swap,notBad
18191,10,273.93999999999943,10,273.93999999999943,move,improve
18192,10,273.93999999999943,10,273.93999999999943,2opt,notBad
18193,10,273.93999999999943,10,273.93999999999943,2opt,notBad
18194,10,273.93999999999943,10,273.93999999999943,swap,notBad
18195,10,273.93999999999943,10,273.93999999999943,swap,notBad
18196,10,273.93999999999943,10,273.93999999999943,move,improve
18197,10,273.93999999999943,10,273.93999999999943,move,improve
18198,10,273.93999999999943,10,273.93999999999943,2opt,notBad
18199,10,273.93999999999943,10,273.93999999999943,2opt,improve
18200,10,273.93999999999943,10,273.93999999999943,2opt,notBad
18201,10,273.93999999999943,10,273.93999999999943,swap,notBad
18202,10,273.93999999999943,10,273.93999999999943,2opt,notBad
18203,10,273.93999999999943,10,273.93999999999943,swap,notBad
18204,10,273.93999999999943,10,273.93999999999943,2opt,notBad
18205,10,273.93999999999943,10,273.93999999999943,move,improve
18206,10,273.93999999999943,10,273.93999999999943,2opt,notBad
18207,10,273.93999999999943,10,273.93999999999943,swap,notBad
18208,10,273.93999999999943,10,273.93999999999943,swap,notBad
18209,10,273.93999999999943,10,273.93999999999943,2opt,notBad
18210,10,273.93999999999943,10,273.93999999999943,swap,notBad
18211,10,273.93999999999943,10,273.93999999999943,move,improve
18212,10,273.93999999999943,10,273.93999999999943,swap,notBad
18213,10,273.93999999999943,10,273.93999999999943,swap,notBad
18214,10,273.93999999999943,10,273.93999999999943,swap,notBad
18215,10,273.93999999999943,10,273.93999999999943,move,improve
18216,10,273.93999999999943,10,273.93999999999943,swap,notBad
18217,10,273.93999999999943,10,273.93999999999943,swap,notBad
18218,10,273.93999999999943,10,273.93999999999943,move,improve
18219,10,273.93999999999943,10,273.93999999999943,move,improve
18220,10,273.93999999999943,10,273.93999999999943,move,improve
18221,10,273.93999999999943,10,273.93999999999943,move,improve
18222,10,273.93999999999943,10,273.93999999999943,2opt,notBad
18223,10,273.93999999999943,10,273.93999999999943,2opt,notBad
18224,10,273.93999999999943,10,273.93999999999943,move,improve
18225,10,273.93999999999943,10,273.93999999999943,move,improve
18226,10,273.93999999999943,10,273.93999999999943,2opt,notBad
18227,10,273.93999999999943,10,273.93999999999943,move,improve
18228,10,273.93999999999943,10,273.93999999999943,2opt,notBad
18229,10,273.93999999999943,10,273.93999999999943,swap,notBad
18230,10,273.93999999999943,10,273.93999999999943,move,improve
18231,10,273.93999999999943,10,273.93999999999943,2opt,notBad
18232,10,273.93999999999943,10,273.93999999999943,swap,notBad
18233,10,273.93999999999943,10,273.93999999999943,move,improve
18234,10,273.93999999999943,10,273.93999999999943,move,improve
18235,10,273.93999999999943,10,273.93999999999943,swap,notBad
18236,10,273.93999999999943,10,273.93999999999943,2opt,improve
18237,10,273.93999999999943,10,273.93999999999943,2opt,notBad
18238,10,273.93999999999943,10,273.93999999999943,move,improve
18239,10,273.93999999999943,10,273.93999999999943,2opt,notBad
18240,10,273.93999999999943,10,273.93999999999943,move,improve
18241,10,273.93999999999943,10,273.93999999999943,swap,notBad
18242,10,273.93999999999943,10,273.93999999999943,swap,notBad
18243,10,273.93999999999943,10,273.93999999999943,move,improve
18244,10,273.93999999999943,10,273.93999999999943,swap,notBad
18245,10,273.93999999999943,10,273.93999999999943,move,improve
18246,10,273.93999999999943,10,273.93999999999943,move,improve
18247,10,273.93999999999943,10,273.93999999999943,2opt,notBad
18248,10,273.93999999999943,10,273.93999999999943,swap,notBad
18249,10,273.93999999999943,10,273.93999999999943,2opt,notBad
18250,10,273.93999999999943,10,273.93999999999943,2opt,improve
18251,10,273.93999999999943,10,273.93999999999943,2opt,notBad
18252,10,273.93999999999943,10,273.93999999999943,swap,notBad
18253,10,273.93999999999943,10,273.93999999999943,2opt,notBad
18254,10,273.93999999999943,10,273.93999999999943,swap,notBad
18255,10,273.93999999999943,10,273.93999999999943,2opt,notBad
18256,10,273.93999999999943,10,273.93999999999943,move,improve
18257,10,273.93999999999943,10,273.93999999999943,move,improve
18258,10,273.93999999999943,10,273.93999999999943,move,improve
18259,10,273.93999999999943,10,273.93999999999943,move,improve
18260,10,273.93999999999943,10,273.93999999999943,swap,notBad
18261,10,273.93999999999943,10,273.93999999999943,move,improve
18262,10,273.93999999999943,10,273.93999999999943,move,improve
18263,10,273.93999999999943,10,273.93999999999943,move,improve
18264,10,273.93999999999943,10,273.93999999999943,move,improve
18265,10,273.93999999999943,10,273.93999999999943,swap,notBad
18266,10,273.93999999999943,10,273.93999999999943,move,improve
18267,10,273.93999999999943,10,273.93999999999943,swap,notBad
18268,10,273.93999999999943,10,273.93999999999943,swap,notBad
18269,10,273.93999999999943,10,273.93999999999943,move,improve
18270,10,273.93999999999943,10,273.93999999999943,2opt,improve
18271,10,273.93999999999943,10,273.93999999999943,2opt,notBad
18272,10,273.93999999999943,10,273.93999999999943,swap,notBad
18273,10,273.93999999999943,10,273.93999999999943,2opt,notBad
18274,10,273.93999999999943,10,273.93999999999943,move,improve
18275,10,273.93999999999943,10,273.93999999999943,swap,notBad
18276,10,273.93999999999943,10,273.93999999999943,2opt,notBad
18277,10,273.93999999999943,10,273.93999999999943,2opt,notBad
18278,10,273.93999999999943,10,273.93999999999943,move,improve
18279,10,273.93999999999943,10,273.93999999999943,2opt,notBad
18280,10,273.93999999999943,10,273.93999999999943,swap,notBad
18281,10,273.93999999999943,10,273.93999999999943,swap,notBad
18282,10,273.93999999999943,10,273.93999999999943,move,improve
18283,10,273.93999999999943,10,273.93999999999943,move,notBad
18284,10,273.93999999999943,10,273.93999999999943,2opt,notBad
18285,10,273.93999999999943,10,273.93999999999943,move,improve
18286,10,273.93999999999943,10,273.93999999999943,swap,notBad
18287,10,273.93999999999943,10,273.93999999999943,move,improve
18288,10,273.93999999999943,10,273.93999999999943,move,improve
18289,10,273.93999999999943,10,273.93999999999943,swap,notBad
18290,10,273.93999999999943,10,273.93999999999943,2opt,notBad
18291,10,273.93999999999943,10,273.93999999999943,2opt,notBad
18292,10,273.93999999999943,10,273.93999999999943,swap,notBad
18293,10,273.93999999999943,10,273.93999999999943,swap,notBad
18294,10,273.93999999999943,10,273.93999999999943,2opt,notBad
18295,10,273.93999999999943,10,273.93999999999943,2opt,notBad
18296,10,273.93999999999943,10,273.93999999999943,swap,notBad
18297,10,273.93999999999943,10,273.93999999999943,move,improve
18298,10,273.93999999999943,10,273.93999999999943,move,improve
18299,10,273.93999999999943,10,273.93999999999943,move,improve
18300,10,273.93999999999943,10,273.93999999999943,2opt,notBad
18301,10,273.93999999999943,10,273.93999999999943,swap,notBad
18302,10,273.93999999999943,10,273.93999999999943,2opt,notBad
18303,10,273.93999999999943,10,273.93999999999943,2opt,notBad
18304,10,273.93999999999943,10,273.93999999999943,swap,notBad
18305,10,273.93999999999943,10,273.93999999999943,swap,notBad
18306,10,273.93999999999943,10,273.93999999999943,swap,notBad
18307,10,273.93999999999943,10,273.93999999999943,2opt,notBad
18308,10,273.93999999999943,10,273.93999999999943,move,improve
18309,10,273.93999999999943,10,273.93999999999943,move,improve
18310,10,273.93999999999943,10,273.93999999999943,swap,notBad
18311,10,273.93999999999943,10,273.93999999999943,2opt,notBad
18312,10,273.93999999999943,10,273.93999999999943,swap,notBad
18313,10,273.93999999999943,10,273.93999999999943,2opt,notBad
18314,10,273.93999999999943,10,273.93999999999943,swap,notBad
18315,10,273.93999999999943,10,273.93999999999943,move,improve
18316,10,273.93999999999943,10,273.93999999999943,swap,notBad
18317,10,273.93999999999943,10,273.93999999999943,swap,notBad
18318,10,273.93999999999943,10,273.93999999999943,swap,notBad
18319,10,273.93999999999943,10,273.93999999999943,move,improve
18320,10,273.93999999999943,10,273.93999999999943,2opt,notBad
18321,10,273.93999999999943,10,273.93999999999943,2opt,notBad
18322,10,273.93999999999943,10,273.93999999999943,2opt,notBad
18323,10,273.93999999999943,10,273.93999999999943,swap,notBad
18324,10,273.93999999999943,10,273.93999999999943,swap,notBad
18325,10,273.9399999999995,10,273.93999999999943,swap,acceptBad
18326,10,273.9399999999995,10,273.93999999999943,move,improve
18327,10,273.9399999999995,10,273.93999999999943,move,improve
18328,10,273.9399999999995,10,273.93999999999943,move,improve
18329,10,273.9399999999995,10,273.93999999999943,2opt,improve
18330,10,273.9399999999995,10,273.93999999999943,2opt,notBad
18331,10,273.9399999999995,10,273.93999999999943,swap,notBad
18332,10,273.9399999999995,10,273.93999999999943,move,improve
18333,10,273.9399999999995,10,273.93999999999943,2opt,notBad
18334,10,273.9399999999995,10,273.93999999999943,2opt,notBad
18335,10,273.9399999999995,10,273.93999999999943,swap,notBad
18336,10,273.9399999999995,10,273.93999999999943,2opt,notBad
18337,10,273.9399999999995,10,273.93999999999943,2opt,improve
18338,10,273.9399999999995,10,273.93999999999943,move,improve
18339,10,273.9399999999995,10,273.93999999999943,swap,notBad
18340,10,273.9399999999995,10,273.93999999999943,swap,notBad
18341,10,273.9399999999995,10,273.93999999999943,2opt,notBad
18342,10,273.9399999999995,10,273.93999999999943,move,improve
18343,10,273.9399999999995,10,273.93999999999943,move,improve
18344,10,273.9399999999995,10,273.93999999999943,swap,notBad
18345,10,273.9399999999998,10,273.93999999999943,swap,acceptBad
18346,10,273.9399999999998,10,273.93999999999943,swap,notBad
18347,10,273.9399999999998,10,273.93999999999943,swap,notBad
18348,10,273.9399999999998,10,273.93999999999943,swap,notBad
18349,10,273.9399999999998,10,273.93999999999943,move,improve
18350,10,273.9399999999998,10,273.93999999999943,move,improve
18351,10,273.9399999999998,10,273.93999999999943,2opt,notBad
18352,10,273.9399999999998,10,273.93999999999943,2opt,improve
18353,10,273.9399999999998,10,273.93999999999943,move,improve
18354,10,273.9399999999998,10,273.93999999999943,move,improve
18355,10,273.9399999999998,10,273.93999999999943,2opt,notBad
18356,10,273.9399999999998,10,273.93999999999943,move,improve
18357,10,273.9399999999998,10,273.93999999999943,2opt,improve
18358,10,273.9399999999998,10,273.93999999999943,move,improve
18359,10,273.9399999999998,10,273.93999999999943,swap,notBad
18360,10,273.9399999999998,10,273.93999999999943,swap,notBad
18361,10,273.9399999999998,10,273.93999999999943,move,improve
18362,10,273.9399999999998,10,273.93999999999943,2opt,notBad
18363,10,273.9399999999998,10,273.93999999999943,swap,notBad
18364,10,273.9399999999998,10,273.93999999999943,2opt,notBad
18365,10,273.9399999999998,10,273.93999999999943,2opt,notBad
18366,10,273.9399999999998,10,273.93999999999943,move,improve
18367,10,273.9399999999998,10,273.93999999999943,swap,notBad
18368,10,273.9399999999998,10,273.93999999999943,2opt,notBad
18369,10,273.9399999999998,10,273.93999999999943,swap,notBad
18370,10,273.9399999999998,10,273.93999999999943,move,improve
18371,10,273.9399999999998,10,273.93999999999943,swap,notBad
18372,10,273.9399999999998,10,273.93999999999943,move,improve
18373,10,273.9399999999998,10,273.93999999999943,swap,notBad
18374,10,273.9399999999998,10,273.93999999999943,2opt,notBad
18375,10,273.9399999999998,10,273.93999999999943,move,improve
18376,10,273.9399999999998,10,273.93999999999943,2opt,improve
18377,10,273.9399999999998,10,273.93999999999943,swap,notBad
18378,10,273.9399999999998,10,273.93999999999943,move,improve
18379,10,273.9399999999998,10,273.93999999999943,2opt,notBad
18380,10,273.9399999999998,10,273.93999999999943,move,improve
18381,10,273.9399999999998,10,273.93999999999943,move,improve
18382,10,273.9399999999998,10,273.93999999999943,2opt,notBad
18383,10,273.9399999999998,10,273.93999999999943,swap,notBad
18384,10,273.9399999999998,10,273.93999999999943,2opt,notBad
18385,10,273.9399999999998,10,273.93999999999943,swap,notBad
18386,10,273.9399999999998,10,273.93999999999943,2opt,notBad
18387,10,273.9399999999998,10,273.93999999999943,2opt,notBad
18388,10,273.9399999999998,10,273.93999999999943,2opt,notBad
18389,10,273.9399999999998,10,273.93999999999943,swap,notBad
18390,10,273.9399999999998,10,273.93999999999943,move,improve
18391,10,273.9399999999998,10,273.93999999999943,2opt,notBad
18392,10,273.9399999999998,10,273.93999999999943,swap,notBad
18393,10,273.9399999999998,10,273.93999999999943,2opt,notBad
18394,10,273.9399999999998,10,273.93999999999943,move,improve
18395,10,273.9399999999998,10,273.93999999999943,2opt,notBad
18396,10,273.9399999999998,10,273.93999999999943,swap,notBad
18397,10,273.9399999999998,10,273.93999999999943,2opt,notBad
18398,10,273.9399999999998,10,273.93999999999943,move,improve
18399,10,273.9399999999998,10,273.93999999999943,move,improve
18400,10,273.9399999999998,10,273.93999999999943,swap,notBad
18401,10,273.9399999999998,10,273.93999999999943,move,improve
18402,10,273.9399999999998,10,273.93999999999943,move,improve
18403,10,273.9399999999998,10,273.93999999999943,swap,notBad
18404,10,273.9399999999998,10,273.93999999999943,2opt,notBad
18405,10,273.9399999999998,10,273.93999999999943,move,improve
18406,10,273.9399999999998,10,273.93999999999943,swap,notBad
18407,10,273.9399999999998,10,273.93999999999943,move,improve
18408,10,273.93999999999943,10,273.93999999999943,move,improve
18409,10,273.93999999999943,10,273.93999999999943,swap,notBad
18410,10,273.93999999999943,10,273.93999999999943,2opt,notBad
18411,10,273.93999999999943,10,273.93999999999943,swap,notBad
18412,10,273.93999999999943,10,273.93999999999943,2opt,notBad
18413,10,273.93999999999943,10,273.93999999999943,move,improve
18414,10,273.93999999999943,10,273.93999999999943,swap,notBad
18415,10,273.93999999999943,10,273.93999999999943,swap,notBad
18416,10,273.93999999999943,10,273.93999999999943,2opt,notBad
18417,10,273.93999999999943,10,273.93999999999943,move,improve
18418,10,273.93999999999943,10,273.93999999999943,move,improve
18419,10,273.93999999999943,10,273.93999999999943,move,improve
18420,10,273.93999999999943,10,273.93999999999943,swap,notBad
18421,10,273.93999999999943,10,273.93999999999943,swap,notBad
18422,10,273.93999999999943,10,273.93999999999943,2opt,notBad
18423,10,273.93999999999943,10,273.93999999999943,move,improve
18424,10,273.93999999999943,10,273.93999999999943,swap,notBad
18425,10,273.93999999999943,10,273.93999999999943,move,improve
18426,10,273.93999999999943,10,273.93999999999943,move,improve
18427,10,273.93999999999943,10,273.93999999999943,2opt,improve
18428,10,273.93999999999943,10,273.93999999999943,move,improve
18429,10,273.93999999999943,10,273.93999999999943,move,improve
18430,10,273.93999999999943,10,273.93999999999943,2opt,improve
18431,10,273.93999999999943,10,273.93999999999943,swap,notBad
18432,10,273.93999999999943,10,273.93999999999943,swap,notBad
18433,10,273.93999999999943,10,273.93999999999943,move,improve
18434,10,273.93999999999943,10,273.93999999999943,swap,notBad
18435,10,273.93999999999943,10,273.93999999999943,move,improve
18436,10,273.93999999999943,10,273.93999999999943,swap,notBad
18437,10,273.93999999999943,10,273.93999999999943,2opt,notBad
18438,10,273.93999999999943,10,273.93999999999943,2opt,notBad
18439,10,273.93999999999943,10,273.93999999999943,swap,notBad
18440,10,273.93999999999943,10,273.93999999999943,move,improve
18441,10,273.93999999999943,10,273.93999999999943,swap,notBad
18442,10,273.93999999999943,10,273.93999999999943,move,improve
18443,10,273.93999999999943,10,273.93999999999943,2opt,notBad
18444,10,273.93999999999943,10,273.93999999999943,swap,notBad
18445,10,273.93999999999943,10,273.93999999999943,2opt,notBad
18446,10,273.93999999999943,10,273.93999999999943,2opt,notBad
18447,10,273.93999999999943,10,273.93999999999943,swap,notBad
18448,10,273.93999999999943,10,273.93999999999943,swap,notBad
18449,10,273.93999999999943,10,273.93999999999943,swap,notBad
18450,10,273.93999999999943,10,273.93999999999943,swap,notBad
18451,10,273.93999999999943,10,273.93999999999943,2opt,notBad
18452,10,273.93999999999943,10,273.93999999999943,move,improve
18453,10,273.93999999999943,10,273.93999999999943,2opt,notBad
18454,10,273.93999999999943,10,273.93999999999943,move,improve
18455,10,273.93999999999943,10,273.93999999999943,swap,notBad
18456,10,273.93999999999943,10,273.93999999999943,move,improve
18457,10,273.93999999999943,10,273.93999999999943,swap,notBad
18458,10,273.93999999999943,10,273.93999999999943,move,improve
18459,10,273.93999999999943,10,273.93999999999943,move,improve
18460,10,273.93999999999943,10,273.93999999999943,move,improve
18461,10,273.93999999999943,10,273.93999999999943,swap,notBad
18462,10,273.93999999999943,10,273.93999999999943,swap,notBad
18463,10,273.93999999999943,10,273.93999999999943,2opt,notBad
18464,10,273.93999999999943,10,273.93999999999943,move,improve
18465,10,273.93999999999943,10,273.93999999999943,move,improve
18466,10,273.93999999999943,10,273.93999999999943,swap,notBad
18467,10,273.93999999999943,10,273.93999999999943,move,improve
18468,10,273.93999999999943,10,273.93999999999943,2opt,notBad
18469,10,273.93999999999943,10,273.93999999999943,swap,notBad
18470,10,273.93999999999943,10,273.93999999999943,2opt,notBad
18471,10,273.93999999999943,10,273.93999999999943,swap,notBad
18472,10,273.93999999999943,10,273.93999999999943,2opt,notBad
18473,10,273.93999999999943,10,273.93999999999943,swap,notBad
18474,10,273.93999999999943,10,273.93999999999943,swap,notBad
18475,10,273.93999999999943,10,273.93999999999943,2opt,improve
18476,10,273.93999999999943,10,273.93999999999943,move,improve
18477,10,273.93999999999943,10,273.93999999999943,move,improve
18478,10,273.93999999999943,10,273.93999999999943,swap,notBad
18479,10,273.93999999999943,10,273.93999999999943,move,improve
18480,10,273.93999999999943,10,273.93999999999943,2opt,notBad
18481,10,273.93999999999943,10,273.93999999999943,move,improve
18482,10,273.93999999999943,10,273.93999999999943,2opt,notBad
18483,10,273.93999999999943,10,273.93999999999943,move,improve
18484,10,273.93999999999943,10,273.93999999999943,2opt,notBad
18485,10,273.93999999999943,10,273.93999999999943,swap,notBad
18486,10,273.93999999999943,10,273.93999999999943,2opt,notBad
18487,10,273.93999999999943,10,273.93999999999943,move,improve
18488,10,273.93999999999943,10,273.93999999999943,swap,notBad
18489,10,273.93999999999943,10,273.93999999999943,swap,notBad
18490,10,273.93999999999943,10,273.93999999999943,2opt,notBad
18491,10,273.93999999999943,10,273.93999999999943,swap,improve
18492,10,273.93999999999943,10,273.93999999999943,move,improve
18493,10,273.93999999999943,10,273.93999999999943,swap,notBad
18494,10,273.93999999999943,10,273.93999999999943,2opt,notBad
18495,10,273.93999999999943,10,273.93999999999943,swap,notBad
18496,10,273.93999999999943,10,273.93999999999943,swap,notBad
18497,10,273.93999999999943,10,273.93999999999943,swap,notBad
18498,10,273.93999999999943,10,273.93999999999943,move,improve
18499,10,273.93999999999943,10,273.93999999999943,swap,notBad
18500,10,273.93999999999943,10,273.93999999999943,2opt,notBad
18501,10,273.93999999999943,10,273.93999999999943,swap,notBad
18502,10,273.93999999999943,10,273.93999999999943,swap,notBad
18503,10,273.93999999999943,10,273.93999999999943,swap,notBad
18504,10,273.93999999999943,10,273.93999999999943,2opt,notBad
18505,10,273.93999999999943,10,273.93999999999943,swap,notBad
18506,10,273.93999999999943,10,273.93999999999943,swap,notBad
18507,10,273.93999999999943,10,273.93999999999943,swap,notBad
18508,10,273.93999999999943,10,273.93999999999943,swap,notBad
18509,10,273.93999999999943,10,273.93999999999943,swap,notBad
18510,10,273.93999999999943,10,273.93999999999943,2opt,notBad
18511,10,273.93999999999943,10,273.93999999999943,move,improve
18512,10,273.93999999999943,10,273.93999999999943,move,improve
18513,10,273.93999999999943,10,273.93999999999943,swap,notBad
18514,10,273.93999999999943,10,273.93999999999943,move,improve
18515,10,273.93999999999943,10,273.93999999999943,swap,notBad
18516,10,273.93999999999943,10,273.93999999999943,2opt,notBad
18517,10,273.93999999999943,10,273.93999999999943,move,improve
18518,10,273.93999999999943,10,273.93999999999943,2opt,notBad
18519,10,273.93999999999943,10,273.93999999999943,move,improve
18520,10,273.93999999999943,10,273.93999999999943,2opt,notBad
18521,10,273.93999999999943,10,273.93999999999943,move,improve
18522,10,273.93999999999943,10,273.93999999999943,2opt,notBad
18523,10,273.93999999999943,10,273.93999999999943,swap,notBad
18524,10,273.93999999999943,10,273.93999999999943,move,improve
18525,10,273.93999999999943,10,273.93999999999943,move,improve
18526,10,273.93999999999943,10,273.93999999999943,swap,notBad
18527,10,273.93999999999943,10,273.93999999999943,move,improve
18528,10,273.93999999999943,10,273.93999999999943,move,improve
18529,10,273.93999999999943,10,273.93999999999943,2opt,notBad
18530,10,273.93999999999943,10,273.93999999999943,2opt,notBad
18531,10,273.93999999999943,10,273.93999999999943,move,improve
18532,10,273.93999999999943,10,273.93999999999943,move,improve
18533,10,273.93999999999943,10,273.93999999999943,move,improve
18534,10,273.93999999999943,10,273.93999999999943,2opt,notBad
18535,10,273.93999999999943,10,273.93999999999943,swap,notBad
18536,10,273.93999999999943,10,273.93999999999943,move,improve
18537,10,273.9399999999995,10,273.93999999999943,swap,acceptBad
18538,10,273.9399999999995,10,273.93999999999943,2opt,notBad
18539,10,273.9399999999995,10,273.93999999999943,swap,notBad
18540,10,273.9399999999995,10,273.93999999999943,move,improve
18541,10,273.9399999999995,10,273.93999999999943,move,improve
18542,10,273.9399999999995,10,273.93999999999943,swap,notBad
18543,10,273.93999999999943,10,273.93999999999943,move,improve
18544,10,273.93999999999943,10,273.93999999999943,move,improve
18545,10,273.93999999999943,10,273.93999999999943,swap,notBad
18546,10,273.93999999999943,10,273.93999999999943,swap,notBad
18547,10,273.93999999999943,10,273.93999999999943,2opt,notBad
18548,10,273.93999999999943,10,273.93999999999943,swap,notBad
18549,10,273.93999999999943,10,273.93999999999943,swap,notBad
18550,10,273.93999999999943,10,273.93999999999943,move,improve
18551,10,273.93999999999943,10,273.93999999999943,2opt,notBad
18552,10,273.93999999999943,10,273.93999999999943,swap,notBad
18553,10,273.93999999999943,10,273.93999999999943,2opt,improve
18554,10,273.93999999999943,10,273.93999999999943,2opt,notBad
18555,10,273.93999999999943,10,273.93999999999943,swap,notBad
18556,10,273.93999999999943,10,273.93999999999943,2opt,notBad
18557,10,273.93999999999943,10,273.93999999999943,2opt,notBad
18558,10,273.93999999999943,10,273.93999999999943,swap,notBad
18559,10,273.93999999999943,10,273.93999999999943,swap,notBad
18560,10,273.93999999999943,10,273.93999999999943,2opt,notBad
18561,10,273.93999999999943,10,273.93999999999943,swap,notBad
18562,10,273.93999999999943,10,273.93999999999943,swap,improve
18563,10,273.93999999999943,10,273.93999999999943,2opt,notBad
18564,10,273.93999999999943,10,273.93999999999943,2opt,notBad
18565,10,273.93999999999943,10,273.93999999999943,2opt,notBad
18566,10,273.93999999999943,10,273.93999999999943,move,improve
18567,10,273.93999999999943,10,273.93999999999943,swap,notBad
18568,10,273.93999999999943,10,273.93999999999943,2opt,notBad
18569,10,273.93999999999943,10,273.93999999999943,2opt,notBad
18570,10,273.93999999999943,10,273.93999999999943,swap,notBad
18571,10,273.93999999999943,10,273.93999999999943,2opt,notBad
18572,10,273.93999999999943,10,273.93999999999943,move,improve
18573,10,273.93999999999943,10,273.93999999999943,2opt,notBad
18574,10,273.93999999999943,10,273.93999999999943,2opt,improve
18575,10,273.93999999999943,10,273.93999999999943,swap,notBad
18576,10,273.93999999999943,10,273.93999999999943,2opt,notBad
18577,10,273.93999999999943,10,273.93999999999943,2opt,notBad
18578,10,273.93999999999943,10,273.93999999999943,move,improve
18579,10,273.93999999999943,10,273.93999999999943,2opt,notBad
18580,10,273.93999999999943,10,273.93999999999943,swap,notBad
18581,10,273.93999999999943,10,273.93999999999943,2opt,notBad
18582,10,273.93999999999943,10,273.93999999999943,move,improve
18583,10,273.93999999999943,10,273.93999999999943,swap,notBad
18584,10,273.93999999999943,10,273.93999999999943,swap,notBad
18585,10,273.93999999999943,10,273.93999999999943,2opt,notBad
18586,10,273.93999999999943,10,273.93999999999943,swap,notBad
18587,10,273.93999999999943,10,273.93999999999943,swap,notBad
18588,10,273.93999999999943,10,273.93999999999943,2opt,notBad
18589,10,273.93999999999943,10,273.93999999999943,swap,notBad
18590,10,273.93999999999943,10,273.93999999999943,swap,notBad
18591,10,273.93999999999943,10,273.93999999999943,swap,notBad
18592,10,273.93999999999943,10,273.93999999999943,move,improve
18593,10,273.93999999999943,10,273.93999999999943,move,improve
18594,10,273.93999999999943,10,273.93999999999943,2opt,notBad
18595,10,273.93999999999943,10,273.93999999999943,2opt,notBad
18596,10,273.93999999999943,10,273.93999999999943,move,improve
18597,10,273.93999999999943,10,273.93999999999943,move,improve
18598,10,273.93999999999943,10,273.93999999999943,move,improve
18599,10,273.93999999999943,10,273.93999999999943,2opt,notBad
18600,10,273.93999999999943,10,273.93999999999943,2opt,notBad
18601,10,273.93999999999943,10,273.93999999999943,move,improve
18602,10,273.93999999999943,10,273.93999999999943,move,improve
18603,10,273.93999999999943,10,273.93999999999943,move,improve
18604,10,273.93999999999943,10,273.93999999999943,2opt,notBad
18605,10,273.9399999999995,10,273.93999999999943,swap,acceptBad
18606,10,273.9399999999995,10,273.93999999999943,swap,notBad
18607,10,273.9399999999995,10,273.93999999999943,2opt,notBad
18608,10,273.9399999999995,10,273.93999999999943,2opt,notBad
18609,10,273.9399999999995,10,273.93999999999943,swap,notBad
18610,10,273.9399999999995,10,273.93999999999943,swap,notBad
18611,10,273.9399999999995,10,273.93999999999943,2opt,notBad
18612,10,273.9399999999995,10,273.93999999999943,move,improve
18613,10,273.9399999999995,10,273.93999999999943,move,improve
18614,10,273.9399999999995,10,273.93999999999943,2opt,improve
18615,10,273.9399999999995,10,273.93999999999943,2opt,notBad
18616,10,273.9399999999995,10,273.93999999999943,swap,notBad
18617,10,273.9399999999995,10,273.93999999999943,move,improve
18618,10,273.9399999999995,10,273.93999999999943,2opt,notBad
18619,10,273.9399999999995,10,273.93999999999943,2opt,notBad
18620,10,273.9399999999995,10,273.93999999999943,2opt,notBad
18621,10,273.9399999999995,10,273.93999999999943,move,improve
18622,10,273.9399999999995,10,273.93999999999943,swap,notBad
18623,10,273.9399999999995,10,273.93999999999943,2opt,notBad
18624,10,273.9399999999995,10,273.93999999999943,2opt,improve
18625,10,273.9399999999995,10,273.93999999999943,2opt,notBad
18626,10,273.9399999999995,10,273.93999999999943,move,improve
18627,10,273.9399999999995,10,273.93999999999943,2opt,notBad
18628,10,273.9399999999995,10,273.93999999999943,swap,notBad
18629,10,273.9399999999995,10,273.93999999999943,move,improve
18630,10,273.9399999999995,10,273.93999999999943,move,improve
18631,10,273.9399999999995,10,273.93999999999943,swap,notBad
18632,10,273.9399999999995,10,273.93999999999943,swap,notBad
18633,10,273.9399999999995,10,273.93999999999943,move,improve
18634,10,273.9399999999995,10,273.93999999999943,move,improve
18635,10,273.9399999999995,10,273.93999999999943,2opt,notBad
18636,10,273.9399999999995,10,273.93999999999943,2opt,notBad
18637,10,273.9399999999995,10,273.93999999999943,move,improve
18638,10,273.9399999999995,10,273.93999999999943,2opt,notBad
18639,10,273.9399999999995,10,273.93999999999943,swap,notBad
18640,10,273.9399999999995,10,273.93999999999943,swap,notBad
18641,10,273.9399999999995,10,273.93999999999943,2opt,notBad
18642,10,273.9399999999995,10,273.93999999999943,swap,notBad
18643,10,273.9399999999995,10,273.93999999999943,swap,notBad
18644,10,273.9399999999995,10,273.93999999999943,move,improve
18645,10,273.9399999999995,10,273.93999999999943,swap,notBad
18646,10,273.9399999999995,10,273.93999999999943,2opt,notBad
18647,10,273.9399999999995,10,273.93999999999943,2opt,notBad
18648,10,273.9399999999995,10,273.93999999999943,swap,notBad
18649,10,273.9399999999995,10,273.93999999999943,swap,notBad
18650,10,273.9399999999995,10,273.93999999999943,2opt,notBad
18651,10,273.9399999999995,10,273.93999999999943,swap,notBad
18652,10,273.9399999999995,10,273.93999999999943,move,notBad
18653,10,273.9399999999995,10,273.93999999999943,move,improve
18654,10,273.9399999999995,10,273.93999999999943,2opt,notBad
18655,10,273.9399999999995,10,273.93999999999943,swap,notBad
18656,10,273.9399999999995,10,273.93999999999943,2opt,notBad
18657,10,273.9399999999995,10,273.93999999999943,swap,notBad
18658,10,273.9399999999995,10,273.93999999999943,2opt,notBad
18659,10,273.9399999999995,10,273.93999999999943,2opt,notBad
18660,10,273.9399999999995,10,273.93999999999943,swap,notBad
18661,10,273.9399999999995,10,273.93999999999943,move,improve
18662,10,273.9399999999995,10,273.93999999999943,swap,notBad
18663,10,273.9399999999995,10,273.93999999999943,2opt,notBad
18664,10,273.9399999999995,10,273.93999999999943,swap,notBad
18665,10,273.9399999999995,10,273.93999999999943,2opt,notBad
18666,10,273.9399999999995,10,273.93999999999943,2opt,notBad
18667,10,273.9399999999995,10,273.93999999999943,2opt,notBad
18668,10,273.9399999999995,10,273.93999999999943,2opt,notBad
18669,10,273.9399999999995,10,273.93999999999943,swap,notBad
18670,10,273.9399999999995,10,273.93999999999943,move,improve
18671,10,273.9399999999995,10,273.93999999999943,2opt,notBad
18672,10,273.9399999999995,10,273.93999999999943,move,improve
18673,10,273.9399999999995,10,273.93999999999943,2opt,notBad
18674,10,273.9399999999995,10,273.93999999999943,swap,notBad
18675,10,273.9399999999995,10,273.93999999999943,swap,notBad
18676,10,273.9399999999995,10,273.93999999999943,swap,notBad
18677,10,273.9399999999995,10,273.93999999999943,swap,notBad
18678,10,273.9399999999995,10,273.93999999999943,move,improve
18679,10,273.9399999999995,10,273.93999999999943,2opt,notBad
18680,10,273.9399999999995,10,273.93999999999943,move,improve
18681,10,273.9399999999995,10,273.93999999999943,move,improve
18682,10,273.9399999999995,10,273.93999999999943,move,improve
18683,10,273.9399999999995,10,273.93999999999943,swap,notBad
18684,10,273.9399999999995,10,273.93999999999943,swap,notBad
18685,10,273.9399999999995,10,273.93999999999943,move,improve
18686,10,273.9399999999995,10,273.93999999999943,swap,notBad
18687,10,273.9399999999995,10,273.93999999999943,swap,notBad
18688,10,273.9399999999995,10,273.93999999999943,2opt,notBad
18689,10,273.9399999999995,10,273.93999999999943,swap,notBad
18690,10,273.9399999999995,10,273.93999999999943,move,improve
18691,10,273.9399999999995,10,273.93999999999943,swap,notBad
18692,10,273.9399999999995,10,273.93999999999943,move,improve
18693,10,273.9399999999995,10,273.93999999999943,swap,notBad
18694,10,273.9399999999995,10,273.93999999999943,2opt,notBad
18695,10,273.9399999999995,10,273.93999999999943,2opt,notBad
18696,10,273.9399999999995,10,273.93999999999943,move,improve
18697,10,273.9399999999995,10,273.93999999999943,2opt,improve
18698,10,273.9399999999995,10,273.93999999999943,2opt,notBad
18699,10,273.9399999999995,10,273.93999999999943,2opt,improve
18700,10,273.9399999999995,10,273.93999999999943,swap,notBad
18701,10,273.9399999999995,10,273.93999999999943,2opt,notBad
18702,10,273.9399999999995,10,273.93999999999943,2opt,notBad
18703,10,273.9399999999995,10,273.93999999999943,swap,notBad
18704,10,273.9399999999995,10,273.93999999999943,move,improve
18705,10,273.9399999999995,10,273.93999999999943,move,improve
18706,10,273.9399999999995,10,273.93999999999943,2opt,notBad
18707,10,273.93999999999943,10,273.93999999999943,move,improve
18708,10,273.93999999999943,10,273.93999999999943,2opt,notBad
18709,10,273.9399999999995,10,273.93999999999943,swap,acceptBad
18710,10,273.9399999999995,10,273.93999999999943,move,improve
18711,10,273.9399999999995,10,273.93999999999943,2opt,notBad
18712,10,273.9399999999995,10,273.93999999999943,swap,notBad
18713,10,273.9399999999995,10,273.93999999999943,2opt,notBad
18714,10,273.9399999999995,10,273.93999999999943,2opt,notBad
18715,10,273.9399999999995,10,273.93999999999943,move,improve
18716,10,273.9399999999995,10,273.93999999999943,2opt,notBad
18717,10,273.9399999999995,10,273.93999999999943,move,improve
18718,10,273.9399999999995,10,273.93999999999943,2opt,notBad
18719,10,273.9399999999995,10,273.93999999999943,2opt,notBad
18720,10,273.9399999999995,10,273.93999999999943,2opt,notBad
18721,10,273.9399999999995,10,273.93999999999943,move,improve
18722,10,273.9399999999995,10,273.93999999999943,2opt,improve
18723,10,273.9399999999995,10,273.93999999999943,2opt,notBad
18724,10,273.9399999999995,10,273.93999999999943,move,improve
18725,10,273.9399999999995,10,273.93999999999943,swap,notBad
18726,10,273.9399999999995,10,273.93999999999943,move,improve
18727,10,273.9399999999995,10,273.93999999999943,2opt,notBad
18728,10,273.9399999999995,10,273.93999999999943,move,notBad
18729,10,273.9399999999995,10,273.93999999999943,swap,notBad
18730,10,273.9399999999995,10,273.93999999999943,swap,notBad
18731,10,273.9399999999995,10,273.93999999999943,2opt,notBad
18732,10,273.9399999999995,10,273.93999999999943,swap,notBad
18733,10,273.9399999999995,10,273.93999999999943,swap,notBad
18734,10,273.9399999999995,10,273.93999999999943,move,improve
18735,10,273.9399999999995,10,273.93999999999943,swap,notBad
18736,10,273.9399999999995,10,273.93999999999943,2opt,notBad
18737,10,273.93999999999943,10,273.93999999999943,move,improve
18738,10,273.93999999999943,10,273.93999999999943,2opt,notBad
18739,10,273.93999999999943,10,273.93999999999943,move,improve
18740,10,273.93999999999943,10,273.93999999999943,2opt,notBad
18741,10,273.93999999999943,10,273.93999999999943,move,improve
18742,10,273.93999999999943,10,273.93999999999943,swap,notBad
18743,10,273.93999999999943,10,273.93999999999943,2opt,notBad
18744,10,273.93999999999943,10,273.93999999999943,swap,notBad
18745,10,273.93999999999943,10,273.93999999999943,move,improve
18746,10,273.93999999999943,10,273.93999999999943,2opt,notBad
18747,10,273.93999999999943,10,273.93999999999943,2opt,notBad
18748,10,273.93999999999943,10,273.93999999999943,move,improve
18749,10,273.93999999999943,10,273.93999999999943,2opt,notBad
18750,10,273.93999999999943,10,273.93999999999943,2opt,notBad
18751,10,273.93999999999943,10,273.93999999999943,move,improve
18752,10,273.93999999999943,10,273.93999999999943,move,improve
18753,10,273.93999999999943,10,273.93999999999943,2opt,notBad
18754,10,273.93999999999943,10,273.93999999999943,2opt,notBad
18755,10,273.93999999999943,10,273.93999999999943,move,improve
18756,10,273.93999999999943,10,273.93999999999943,2opt,notBad
18757,10,273.93999999999943,10,273.93999999999943,2opt,notBad
18758,10,273.93999999999943,10,273.93999999999943,2opt,notBad
18759,10,273.93999999999943,10,273.93999999999943,swap,notBad
18760,10,273.93999999999943,10,273.93999999999943,swap,notBad
18761,10,273.93999999999943,10,273.93999999999943,move,improve
18762,10,273.93999999999943,10,273.93999999999943,move,improve
18763,10,273.93999999999943,10,273.93999999999943,2opt,notBad
18764,10,273.93999999999943,10,273.93999999999943,move,improve
18765,10,273.93999999999943,10,273.93999999999943,move,improve
18766,10,273.93999999999943,10,273.93999999999943,swap,notBad
18767,10,273.93999999999943,10,273.93999999999943,move,improve
18768,10,273.93999999999943,10,273.93999999999943,swap,notBad
18769,10,273.93999999999943,10,273.93999999999943,move,improve
18770,10,273.93999999999943,10,273.93999999999943,swap,notBad
18771,10,273.93999999999943,10,273.93999999999943,2opt,improve
18772,10,273.93999999999943,10,273.93999999999943,2opt,notBad
18773,10,273.93999999999943,10,273.93999999999943,swap,notBad
18774,10,273.93999999999943,10,273.93999999999943,2opt,notBad
18775,10,273.93999999999943,10,273.93999999999943,move,improve
18776,10,273.93999999999943,10,273.93999999999943,move,improve
18777,10,273.93999999999943,10,273.93999999999943,2opt,notBad
18778,10,273.93999999999943,10,273.93999999999943,2opt,notBad
18779,10,273.93999999999943,10,273.93999999999943,2opt,notBad
18780,10,273.93999999999943,10,273.93999999999943,2opt,notBad
18781,10,273.93999999999943,10,273.93999999999943,2opt,improve
18782,10,273.93999999999943,10,273.93999999999943,move,improve
18783,10,273.93999999999943,10,273.93999999999943,swap,notBad
18784,10,273.93999999999943,10,273.93999999999943,move,improve
18785,10,273.93999999999943,10,273.93999999999943,2opt,notBad
18786,10,273.93999999999943,10,273.93999999999943,2opt,notBad
18787,10,273.93999999999943,10,273.93999999999943,2opt,improve
18788,10,273.93999999999943,10,273.93999999999943,2opt,notBad
18789,10,273.93999999999943,10,273.93999999999943,swap,notBad
18790,10,273.93999999999943,10,273.93999999999943,2opt,improve
18791,10,273.93999999999943,10,273.93999999999943,2opt,notBad
18792,10,273.93999999999943,10,273.93999999999943,move,improve
18793,10,273.93999999999943,10,273.93999999999943,swap,notBad
18794,10,273.93999999999943,10,273.93999999999943,move,improve
18795,10,273.93999999999943,10,273.93999999999943,move,improve
18796,10,273.93999999999943,10,273.93999999999943,move,improve
18797,10,273.93999999999943,10,273.93999999999943,2opt,notBad
18798,10,273.93999999999943,10,273.93999999999943,swap,notBad
18799,10,273.93999999999943,10,273.93999999999943,move,improve
18800,10,273.93999999999943,10,273.93999999999943,swap,notBad
18801,10,273.93999999999943,10,273.93999999999943,swap,notBad
18802,10,273.93999999999943,10,273.93999999999943,2opt,notBad
18803,10,273.93999999999943,10,273.93999999999943,move,improve
18804,10,273.93999999999943,10,273.93999999999943,move,improve
18805,10,273.93999999999943,10,273.93999999999943,move,improve
18806,10,273.93999999999943,10,273.93999999999943,2opt,notBad
18807,10,273.93999999999943,10,273.93999999999943,swap,notBad
18808,10,273.93999999999943,10,273.93999999999943,2opt,notBad
18809,10,273.93999999999943,10,273.93999999999943,move,improve
18810,10,273.93999999999943,10,273.93999999999943,move,improve
18811,10,273.93999999999943,10,273.93999999999943,2opt,notBad
18812,10,273.93999999999943,10,273.93999999999943,move,improve
18813,10,273.93999999999943,10,273.93999999999943,move,improve
18814,10,273.93999999999943,10,273.93999999999943,swap,notBad
18815,10,273.93999999999943,10,273.93999999999943,2opt,notBad
18816,10,273.93999999999943,10,273.93999999999943,2opt,notBad
18817,10,273.93999999999943,10,273.93999999999943,swap,notBad
18818,10,273.93999999999943,10,273.93999999999943,move,improve
18819,10,273.93999999999943,10,273.93999999999943,swap,notBad
18820,10,273.93999999999943,10,273.93999999999943,move,improve
18821,10,273.93999999999943,10,273.93999999999943,move,improve
18822,10,273.93999999999943,10,273.93999999999943,2opt,notBad
18823,10,273.93999999999943,10,273.93999999999943,2opt,notBad
18824,10,273.93999999999943,10,273.93999999999943,move,improve
18825,10,273.93999999999943,10,273.93999999999943,swap,notBad
18826,10,273.93999999999943,10,273.93999999999943,move,improve
18827,10,273.93999999999943,10,273.93999999999943,swap,notBad
18828,10,273.93999999999943,10,273.93999999999943,move,improve
18829,10,273.93999999999943,10,273.93999999999943,swap,notBad
18830,10,273.93999999999943,10,273.93999999999943,move,improve
18831,10,273.93999999999943,10,273.93999999999943,swap,notBad
18832,10,273.93999999999943,10,273.93999999999943,move,improve
18833,10,273.93999999999943,10,273.93999999999943,swap,notBad
18834,10,273.93999999999943,10,273.93999999999943,swap,notBad
18835,10,273.93999999999943,10,273.93999999999943,move,improve
18836,10,273.93999999999943,10,273.93999999999943,move,improve
18837,10,273.93999999999943,10,273.93999999999943,move,improve
18838,10,273.93999999999943,10,273.93999999999943,2opt,notBad
18839,10,273.93999999999943,10,273.93999999999943,swap,notBad
18840,10,273.93999999999943,10,273.93999999999943,swap,notBad
18841,10,273.93999999999943,10,273.93999999999943,swap,notBad
18842,10,273.93999999999943,10,273.93999999999943,2opt,notBad
18843,10,273.93999999999943,10,273.93999999999943,move,improve
18844,10,273.93999999999943,10,273.93999999999943,move,improve
18845,10,273.93999999999943,10,273.93999999999943,move,improve
18846,10,273.93999999999943,10,273.93999999999943,move,improve
18847,10,273.93999999999943,10,273.93999999999943,swap,notBad
18848,10,273.93999999999943,10,273.93999999999943,move,improve
18849,10,273.93999999999943,10,273.93999999999943,swap,notBad
18850,10,273.93999999999943,10,273.93999999999943,2opt,notBad
18851,10,273.93999999999943,10,273.93999999999943,2opt,notBad
18852,10,273.93999999999943,10,273.93999999999943,2opt,notBad
18853,10,273.93999999999943,10,273.93999999999943,swap,notBad
18854,10,273.93999999999943,10,273.93999999999943,swap,notBad
18855,10,273.93999999999943,10,273.93999999999943,swap,notBad
18856,10,273.93999999999943,10,273.93999999999943,2opt,notBad
18857,10,273.93999999999943,10,273.93999999999943,2opt,notBad
18858,10,273.93999999999943,10,273.93999999999943,move,improve
18859,10,273.93999999999943,10,273.93999999999943,2opt,improve
18860,10,273.93999999999943,10,273.93999999999943,move,improve
18861,10,273.93999999999943,10,273.93999999999943,move,improve
18862,10,273.93999999999943,10,273.93999999999943,2opt,notBad
18863,10,273.93999999999943,10,273.93999999999943,2opt,improve
18864,10,273.93999999999943,10,273.93999999999943,move,improve
18865,10,273.93999999999943,10,273.93999999999943,2opt,notBad
18866,10,273.93999999999943,10,273.93999999999943,2opt,notBad
18867,10,273.93999999999943,10,273.93999999999943,2opt,notBad
18868,10,273.93999999999943,10,273.93999999999943,swap,notBad
18869,10,273.93999999999943,10,273.93999999999943,move,improve
18870,10,273.93999999999943,10,273.93999999999943,swap,notBad
18871,10,273.93999999999943,10,273.93999999999943,2opt,notBad
18872,10,273.93999999999943,10,273.93999999999943,swap,notBad
18873,10,273.93999999999943,10,273.93999999999943,2opt,notBad
18874,10,273.93999999999943,10,273.93999999999943,move,improve
18875,10,273.93999999999943,10,273.93999999999943,swap,notBad
18876,10,273.93999999999943,10,273.93999999999943,2opt,notBad
18877,10,273.93999999999943,10,273.93999999999943,2opt,notBad
18878,10,273.93999999999943,10,273.93999999999943,swap,notBad
18879,10,273.93999999999943,10,273.93999999999943,move,improve
18880,10,273.93999999999943,10,273.93999999999943,2opt,notBad
18881,10,273.93999999999943,10,273.93999999999943,move,improve
18882,10,273.93999999999943,10,273.93999999999943,swap,notBad
18883,10,273.93999999999943,10,273.93999999999943,move,improve
18884,10,273.93999999999943,10,273.93999999999943,swap,notBad
18885,10,273.93999999999943,10,273.93999999999943,2opt,notBad
18886,10,273.93999999999943,10,273.93999999999943,swap,notBad
18887,10,273.93999999999943,10,273.93999999999943,move,improve
18888,10,273.93999999999943,10,273.93999999999943,move,notBad
18889,10,273.93999999999943,10,273.93999999999943,move,improve
18890,10,273.93999999999943,10,273.93999999999943,swap,notBad
18891,10,273.93999999999943,10,273.93999999999943,move,improve
18892,10,273.93999999999943,10,273.93999999999943,2opt,notBad
18893,10,273.93999999999943,10,273.93999999999943,swap,notBad
18894,10,273.93999999999943,10,273.93999999999943,2opt,notBad
18895,10,273.93999999999943,10,273.93999999999943,move,improve
18896,10,273.93999999999943,10,273.93999999999943,move,improve
18897,10,273.93999999999943,10,273.93999999999943,move,improve
18898,10,273.93999999999943,10,273.93999999999943,move,improve
18899,10,273.93999999999943,10,273.93999999999943,move,improve
18900,10,273.93999999999943,10,273.93999999999943,swap,notBad
18901,10,273.93999999999943,10,273.93999999999943,2opt,notBad
18902,10,273.93999999999943,10,273.93999999999943,2opt,notBad
18903,10,273.93999999999943,10,273.93999999999943,2opt,notBad
18904,10,273.93999999999943,10,273.93999999999943,move,improve
18905,10,273.93999999999943,10,273.93999999999943,move,improve
18906,10,273.93999999999943,10,273.93999999999943,swap,notBad
18907,10,273.93999999999943,10,273.93999999999943,move,improve
18908,10,273.93999999999943,10,273.93999999999943,2opt,notBad
18909,10,273.93999999999943,10,273.93999999999943,swap,notBad
18910,10,273.93999999999943,10,273.93999999999943,2opt,improve
18911,10,273.93999999999943,10,273.93999999999943,move,improve
18912,10,273.93999999999943,10,273.93999999999943,2opt,notBad
18913,10,273.93999999999943,10,273.93999999999943,2opt,notBad
18914,10,273.93999999999943,10,273.93999999999943,2opt,notBad
18915,10,273.93999999999943,10,273.93999999999943,swap,notBad
18916,10,273.93999999999943,10,273.93999999999943,2opt,notBad
18917,10,273.93999999999943,10,273.93999999999943,2opt,notBad
18918,10,273.93999999999943,10,273.93999999999943,2opt,notBad
18919,10,273.93999999999943,10,273.93999999999943,2opt,notBad
18920,10,273.93999999999943,10,273.93999999999943,swap,notBad
18921,10,273.93999999999943,10,273.93999999999943,move,improve
18922,10,273.93999999999943,10,273.93999999999943,2opt,notBad
18923,10,273.93999999999943,10,273.93999999999943,move,improve
18924,10,273.93999999999943,10,273.93999999999943,2opt,notBad
18925,10,273.93999999999943,10,273.93999999999943,move,improve
18926,10,273.93999999999943,10,273.93999999999943,swap,notBad
18927,10,273.93999999999943,10,273.93999999999943,move,improve
18928,10,273.93999999999943,10,273.93999999999943,move,improve
18929,10,273.93999999999943,10,273.93999999999943,2opt,notBad
18930,10,273.93999999999943,10,273.93999999999943,move,improve
18931,10,273.93999999999943,10,273.93999999999943,swap,notBad
18932,10,273.93999999999943,10,273.93999999999943,move,improve
18933,10,273.93999999999943,10,273.93999999999943,swap,notBad
18934,10,273.93999999999943,10,273.93999999999943,2opt,notBad
18935,10,273.93999999999943,10,273.93999999999943,swap,notBad
18936,10,273.93999999999943,10,273.93999999999943,2opt,improve
18937,10,273.93999999999943,10,273.93999999999943,move,improve
18938,10,273.93999999999943,10,273.93999999999943,2opt,notBad
18939,10,273.93999999999943,10,273.93999999999943,swap,notBad
18940,10,273.93999999999943,10,273.93999999999943,move,improve
18941,10,273.93999999999943,10,273.93999999999943,2opt,notBad
18942,10,273.93999999999943,10,273.93999999999943,2opt,notBad
18943,10,273.93999999999943,10,273.93999999999943,2opt,notBad
18944,10,273.93999999999943,10,273.93999999999943,2opt,notBad
18945,10,273.93999999999943,10,273.93999999999943,swap,notBad
18946,10,273.93999999999943,10,273.93999999999943,2opt,improve
18947,10,273.93999999999943,10,273.93999999999943,2opt,notBad
18948,10,273.93999999999943,10,273.93999999999943,move,improve
18949,10,273.93999999999943,10,273.93999999999943,move,improve
18950,10,273.93999999999943,10,273.93999999999943,move,improve
18951,10,273.93999999999943,10,273.93999999999943,2opt,notBad
18952,10,273.93999999999943,10,273.93999999999943,swap,notBad
18953,10,273.93999999999943,10,273.93999999999943,swap,notBad
18954,10,273.93999999999943,10,273.93999999999943,2opt,notBad
18955,10,273.93999999999943,10,273.93999999999943,move,improve
18956,10,273.93999999999943,10,273.93999999999943,move,improve
18957,10,273.93999999999943,10,273.93999999999943,swap,notBad
18958,10,273.93999999999943,10,273.93999999999943,move,improve
18959,10,273.93999999999943,10,273.93999999999943,move,improve
18960,10,273.93999999999943,10,273.93999999999943,swap,notBad
18961,10,273.93999999999943,10,273.93999999999943,2opt,notBad
18962,10,273.93999999999943,10,273.93999999999943,move,improve
18963,10,273.93999999999943,10,273.93999999999943,move,improve
18964,10,273.93999999999943,10,273.93999999999943,swap,notBad
18965,10,273.93999999999943,10,273.93999999999943,move,improve
18966,10,273.93999999999943,10,273.93999999999943,2opt,notBad
18967,10,273.93999999999943,10,273.93999999999943,move,improve
18968,10,273.93999999999943,10,273.93999999999943,swap,notBad
18969,10,273.93999999999943,10,273.93999999999943,move,improve
18970,10,273.93999999999943,10,273.93999999999943,move,improve
18971,10,273.93999999999943,10,273.93999999999943,move,improve
18972,10,273.93999999999943,10,273.93999999999943,move,improve
18973,10,273.93999999999943,10,273.93999999999943,move,improve
18974,10,273.93999999999943,10,273.93999999999943,swap,notBad
18975,10,273.93999999999943,10,273.93999999999943,swap,notBad
18976,10,273.93999999999943,10,273.93999999999943,2opt,notBad
18977,10,273.93999999999943,10,273.93999999999943,move,improve
18978,10,273.93999999999943,10,273.93999999999943,move,improve
18979,10,273.93999999999943,10,273.93999999999943,2opt,notBad
18980,10,273.93999999999943,10,273.93999999999943,swap,notBad
18981,10,273.93999999999943,10,273.93999999999943,move,improve
18982,10,273.93999999999943,10,273.93999999999943,move,improve
18983,10,273.93999999999943,10,273.93999999999943,move,improve
18984,10,273.93999999999943,10,273.93999999999943,swap,notBad
18985,10,273.93999999999943,10,273.93999999999943,2opt,notBad
18986,10,273.93999999999943,10,273.93999999999943,move,improve
18987,10,273.93999999999943,10,273.93999999999943,swap,notBad
18988,10,273.93999999999943,10,273.93999999999943,swap,notBad
18989,10,273.93999999999943,10,273.93999999999943,move,improve
18990,10,273.93999999999943,10,273.93999999999943,move,improve
18991,10,273.93999999999943,10,273.93999999999943,swap,notBad
18992,10,273.93999999999943,10,273.93999999999943,swap,notBad
18993,10,273.93999999999943,10,273.93999999999943,swap,notBad
18994,10,273.93999999999943,10,273.93999999999943,move,improve
18995,10,273.93999999999943,10,273.93999999999943,swap,improve
18996,10,273.93999999999943,10,273.93999999999943,2opt,improve
18997,10,273.93999999999943,10,273.93999999999943,swap,notBad
18998,10,273.93999999999943,10,273.93999999999943,move,improve
18999,10,273.93999999999943,10,273.93999999999943,move,improve
19000,10,273.93999999999943,10,273.93999999999943,2opt,notBad
19001,10,273.93999999999943,10,273.93999999999943,swap,notBad
19002,10,273.93999999999943,10,273.93999999999943,2opt,notBad
19003,10,273.93999999999943,10,273.93999999999943,swap,notBad
19004,10,273.93999999999943,10,273.93999999999943,move,notBad
19005,10,273.93999999999943,10,273.93999999999943,move,improve
19006,10,273.93999999999943,10,273.93999999999943,swap,notBad
19007,10,273.93999999999943,10,273.93999999999943,move,improve
19008,10,273.93999999999943,10,273.93999999999943,2opt,notBad
19009,10,273.93999999999943,10,273.93999999999943,2opt,notBad
19010,10,273.93999999999943,10,273.93999999999943,2opt,notBad
19011,10,273.93999999999943,10,273.93999999999943,move,improve
19012,10,273.93999999999943,10,273.93999999999943,2opt,notBad
19013,10,273.93999999999943,10,273.93999999999943,2opt,notBad
19014,10,273.93999999999943,10,273.93999999999943,2opt,notBad
19015,10,273.93999999999943,10,273.93999999999943,2opt,notBad
19016,10,273.93999999999943,10,273.93999999999943,swap,notBad
19017,10,273.93999999999943,10,273.93999999999943,move,improve
19018,10,273.93999999999943,10,273.93999999999943,swap,notBad
19019,10,273.93999999999943,10,273.93999999999943,swap,notBad
19020,10,273.93999999999943,10,273.93999999999943,move,improve
19021,10,273.93999999999943,10,273.93999999999943,move,improve
19022,10,273.93999999999943,10,273.93999999999943,2opt,notBad
19023,10,273.93999999999943,10,273.93999999999943,2opt,notBad
19024,10,273.93999999999943,10,273.93999999999943,swap,notBad
19025,10,273.93999999999943,10,273.93999999999943,2opt,notBad
19026,10,273.93999999999943,10,273.93999999999943,move,improve
19027,10,273.93999999999943,10,273.93999999999943,swap,notBad
19028,10,273.93999999999943,10,273.93999999999943,move,improve
19029,10,273.93999999999943,10,273.93999999999943,2opt,notBad
19030,10,273.9399999999998,10,273.93999999999943,swap,acceptBad
19031,10,273.9399999999998,10,273.93999999999943,swap,notBad
19032,10,273.9399999999998,10,273.93999999999943,2opt,notBad
19033,10,273.9399999999998,10,273.93999999999943,swap,notBad
19034,10,273.9399999999998,10,273.93999999999943,swap,notBad
19035,10,273.9399999999998,10,273.93999999999943,move,improve
19036,10,273.9399999999998,10,273.93999999999943,2opt,notBad
19037,10,273.9399999999998,10,273.93999999999943,move,improve
19038,10,273.9399999999998,10,273.93999999999943,2opt,notBad
19039,10,273.9399999999998,10,273.93999999999943,move,improve
19040,10,273.9399999999998,10,273.93999999999943,swap,notBad
19041,10,273.9399999999998,10,273.93999999999943,2opt,improve
19042,10,273.9399999999998,10,273.93999999999943,move,improve
19043,10,273.9399999999998,10,273.93999999999943,swap,notBad
19044,10,273.9399999999998,10,273.93999999999943,swap,notBad
19045,10,273.9399999999998,10,273.93999999999943,2opt,notBad
19046,10,273.9399999999998,10,273.93999999999943,2opt,notBad
19047,10,273.9399999999998,10,273.93999999999943,2opt,notBad
19048,10,273.9399999999998,10,273.93999999999943,2opt,notBad
19049,10,273.9399999999998,10,273.93999999999943,swap,notBad
19050,10,273.9399999999998,10,273.93999999999943,2opt,improve
19051,10,273.9399999999998,10,273.93999999999943,move,improve
19052,10,273.9399999999998,10,273.93999999999943,move,improve
19053,10,273.9399999999998,10,273.93999999999943,2opt,notBad
19054,10,273.9399999999998,10,273.93999999999943,swap,notBad
19055,10,273.9399999999998,10,273.93999999999943,move,improve
19056,10,273.9399999999998,10,273.93999999999943,2opt,notBad
19057,10,273.9399999999998,10,273.93999999999943,move,improve
19058,10,273.9399999999998,10,273.93999999999943,2opt,improve
19059,10,273.9399999999998,10,273.93999999999943,swap,notBad
19060,10,273.9399999999998,10,273.93999999999943,swap,notBad
19061,10,273.9399999999998,10,273.93999999999943,2opt,notBad
19062,10,273.9399999999998,10,273.93999999999943,swap,notBad
19063,10,273.9399999999998,10,273.93999999999943,swap,notBad
19064,10,273.9399999999998,10,273.93999999999943,move,improve
19065,10,273.9399999999998,10,273.93999999999943,swap,notBad
19066,10,273.9399999999998,10,273.93999999999943,2opt,notBad
19067,10,273.9399999999998,10,273.93999999999943,2opt,notBad
19068,10,273.9399999999998,10,273.93999999999943,2opt,notBad
19069,10,273.9399999999998,10,273.93999999999943,move,improve
19070,10,273.9399999999998,10,273.93999999999943,move,improve
19071,10,273.9399999999998,10,273.93999999999943,2opt,notBad
19072,10,273.9399999999998,10,273.93999999999943,move,improve
19073,10,273.9399999999998,10,273.93999999999943,swap,notBad
19074,10,273.9399999999998,10,273.93999999999943,move,improve
19075,10,273.9399999999998,10,273.93999999999943,move,improve
19076,10,273.9399999999998,10,273.93999999999943,swap,notBad
19077,10,273.9399999999998,10,273.93999999999943,swap,notBad
19078,10,273.9399999999998,10,273.93999999999943,2opt,notBad
19079,10,273.9399999999998,10,273.93999999999943,2opt,notBad
19080,10,273.9399999999998,10,273.93999999999943,move,improve
19081,10,273.9399999999998,10,273.93999999999943,move,improve
19082,10,273.9399999999998,10,273.93999999999943,swap,notBad
19083,10,273.9399999999998,10,273.93999999999943,swap,notBad
19084,10,273.9399999999998,10,273.93999999999943,swap,notBad
19085,10,273.9399999999998,10,273.93999999999943,move,improve
19086,10,273.9399999999998,10,273.93999999999943,2opt,improve
19087,10,273.9399999999998,10,273.93999999999943,swap,notBad
19088,10,273.9399999999998,10,273.93999999999943,swap,notBad
19089,10,273.9399999999998,10,273.93999999999943,move,improve
19090,10,273.9399999999998,10,273.93999999999943,swap,notBad
19091,10,273.9399999999998,10,273.93999999999943,2opt,notBad
19092,10,273.9399999999998,10,273.93999999999943,swap,notBad
19093,10,273.9399999999998,10,273.93999999999943,swap,notBad
19094,10,273.9399999999998,10,273.93999999999943,swap,notBad
19095,10,273.9399999999998,10,273.93999999999943,move,improve
19096,10,273.9399999999998,10,273.93999999999943,swap,notBad
19097,10,273.9399999999998,10,273.93999999999943,2opt,improve
19098,10,273.9399999999998,10,273.93999999999943,2opt,notBad
19099,10,273.9399999999998,10,273.93999999999943,2opt,notBad
19100,10,273.9399999999998,10,273.93999999999943,swap,notBad
19101,10,273.9399999999998,10,273.93999999999943,2opt,notBad
19102,10,273.9399999999998,10,273.93999999999943,2opt,notBad
19103,10,273.9399999999998,10,273.93999999999943,swap,notBad
19104,10,273.9399999999998,10,273.93999999999943,swap,notBad
19105,10,273.9399999999998,10,273.93999999999943,move,improve
19106,10,273.9399999999998,10,273.93999999999943,move,improve
19107,10,273.9399999999998,10,273.93999999999943,2opt,notBad
19108,10,273.9399999999998,10,273.93999999999943,2opt,notBad
19109,10,273.9399999999998,10,273.93999999999943,2opt,notBad
19110,10,273.9399999999998,10,273.93999999999943,swap,notBad
19111,10,273.9399999999998,10,273.93999999999943,2opt,notBad
19112,10,273.9399999999998,10,273.93999999999943,swap,notBad
19113,10,273.9399999999998,10,273.93999999999943,move,improve
19114,10,273.9399999999998,10,273.93999999999943,2opt,notBad
19115,10,273.9399999999998,10,273.93999999999943,move,improve
19116,10,273.9399999999998,10,273.93999999999943,swap,notBad
19117,10,273.9399999999998,10,273.93999999999943,move,improve
19118,10,273.9399999999998,10,273.93999999999943,2opt,notBad
19119,10,273.9399999999998,10,273.93999999999943,swap,notBad
19120,10,273.9399999999998,10,273.93999999999943,swap,notBad
19121,10,273.9399999999998,10,273.93999999999943,swap,notBad
19122,10,273.9399999999998,10,273.93999999999943,2opt,notBad
19123,10,273.9399999999998,10,273.93999999999943,2opt,notBad
19124,10,273.9399999999998,10,273.93999999999943,swap,notBad
19125,10,273.9399999999998,10,273.93999999999943,2opt,notBad
19126,10,273.9399999999998,10,273.93999999999943,2opt,notBad
19127,10,273.9399999999998,10,273.93999999999943,2opt,notBad
19128,10,273.9399999999998,10,273.93999999999943,2opt,notBad
19129,10,273.9399999999998,10,273.93999999999943,move,improve
19130,10,273.9399999999998,10,273.93999999999943,move,improve
19131,10,273.9399999999998,10,273.93999999999943,swap,notBad
19132,10,273.9399999999998,10,273.93999999999943,move,improve
19133,10,273.9399999999998,10,273.93999999999943,swap,notBad
19134,10,273.9399999999998,10,273.93999999999943,2opt,notBad
19135,10,273.9399999999998,10,273.93999999999943,swap,notBad
19136,10,273.9399999999998,10,273.93999999999943,move,improve
19137,10,273.9399999999998,10,273.93999999999943,swap,notBad
19138,10,273.9399999999998,10,273.93999999999943,move,improve
19139,10,273.9399999999998,10,273.93999999999943,move,improve
19140,10,273.9399999999998,10,273.93999999999943,2opt,notBad
19141,10,273.9399999999998,10,273.93999999999943,move,improve
19142,10,273.9399999999998,10,273.93999999999943,swap,notBad
19143,10,273.9399999999998,10,273.93999999999943,move,improve
19144,10,273.9399999999998,10,273.93999999999943,2opt,notBad
19145,10,273.9399999999998,10,273.93999999999943,move,improve
19146,10,273.9399999999998,10,273.93999999999943,2opt,notBad
19147,10,273.9399999999998,10,273.93999999999943,move,improve
19148,10,273.9399999999998,10,273.93999999999943,move,improve
19149,10,273.9399999999998,10,273.93999999999943,move,improve
19150,10,273.9399999999998,10,273.93999999999943,2opt,notBad
19151,10,273.9399999999998,10,273.93999999999943,2opt,notBad
19152,10,273.9399999999998,10,273.93999999999943,swap,notBad
19153,10,273.9399999999998,10,273.93999999999943,2opt,notBad
19154,10,273.9399999999998,10,273.93999999999943,swap,notBad
19155,10,273.9399999999998,10,273.93999999999943,swap,notBad
19156,10,273.9399999999998,10,273.93999999999943,move,improve
19157,10,273.9399999999998,10,273.93999999999943,move,improve
19158,10,273.9399999999998,10,273.93999999999943,2opt,notBad
19159,10,273.9399999999998,10,273.93999999999943,swap,notBad
19160,10,273.9399999999998,10,273.93999999999943,2opt,notBad
19161,10,273.9399999999998,10,273.93999999999943,move,improve
19162,10,273.9399999999998,10,273.93999999999943,move,improve
19163,10,273.9399999999998,10,273.93999999999943,swap,notBad
19164,10,273.9399999999998,10,273.93999999999943,2opt,improve
19165,10,273.9399999999998,10,273.93999999999943,2opt,notBad
19166,10,273.9399999999998,10,273.93999999999943,swap,notBad
19167,10,273.9399999999998,10,273.93999999999943,swap,notBad
19168,10,273.9399999999998,10,273.93999999999943,swap,notBad
19169,10,273.9399999999998,10,273.93999999999943,swap,notBad
19170,10,273.9399999999998,10,273.93999999999943,2opt,notBad
19171,10,273.9399999999998,10,273.93999999999943,move,improve
19172,10,273.9399999999998,10,273.93999999999943,move,improve
19173,10,273.9399999999998,10,273.93999999999943,swap,notBad
19174,10,273.9399999999998,10,273.93999999999943,move,improve
19175,10,273.9399999999998,10,273.93999999999943,swap,notBad
19176,10,273.9399999999998,10,273.93999999999943,move,improve
19177,10,273.9399999999998,10,273.93999999999943,swap,notBad
19178,10,273.9399999999998,10,273.93999999999943,move,improve
19179,10,273.9399999999998,10,273.93999999999943,swap,notBad
19180,10,273.9399999999998,10,273.93999999999943,move,improve
19181,10,273.9399999999998,10,273.93999999999943,move,improve
19182,10,273.9399999999998,10,273.93999999999943,swap,notBad
19183,10,273.9399999999998,10,273.93999999999943,2opt,notBad
19184,10,273.93999999999943,10,273.93999999999943,move,improve
19185,10,273.93999999999943,10,273.93999999999943,move,improve
19186,10,273.93999999999943,10,273.93999999999943,2opt,notBad
19187,10,273.93999999999943,10,273.93999999999943,swap,notBad
19188,10,273.93999999999943,10,273.93999999999943,swap,notBad
19189,10,273.93999999999943,10,273.93999999999943,2opt,notBad
19190,10,273.93999999999943,10,273.93999999999943,2opt,notBad
19191,10,273.93999999999943,10,273.93999999999943,move,improve
19192,10,273.93999999999943,10,273.93999999999943,swap,notBad
19193,10,273.93999999999943,10,273.93999999999943,2opt,improve
19194,10,273.93999999999943,10,273.93999999999943,move,improve
19195,10,273.93999999999943,10,273.93999999999943,swap,notBad
19196,10,273.93999999999943,10,273.93999999999943,swap,notBad
19197,10,273.93999999999943,10,273.93999999999943,move,improve
19198,10,273.93999999999943,10,273.93999999999943,2opt,improve
19199,10,273.93999999999943,10,273.93999999999943,swap,notBad
19200,10,273.93999999999943,10,273.93999999999943,swap,notBad
19201,10,273.93999999999943,10,273.93999999999943,2opt,notBad
19202,10,273.93999999999943,10,273.93999999999943,move,improve
19203,10,273.93999999999943,10,273.93999999999943,move,improve
19204,10,273.93999999999943,10,273.93999999999943,move,improve
19205,10,273.93999999999943,10,273.93999999999943,move,improve
19206,10,273.93999999999943,10,273.93999999999943,swap,notBad
19207,10,273.93999999999943,10,273.93999999999943,move,improve
19208,10,273.93999999999943,10,273.93999999999943,move,improve
19209,10,273.93999999999943,10,273.93999999999943,move,improve
19210,10,273.93999999999943,10,273.93999999999943,move,improve
19211,10,273.93999999999943,10,273.93999999999943,move,improve
19212,10,273.93999999999943,10,273.93999999999943,move,improve
19213,10,273.93999999999943,10,273.93999999999943,move,improve
19214,10,273.93999999999943,10,273.93999999999943,2opt,notBad
19215,10,273.93999999999943,10,273.93999999999943,2opt,notBad
19216,10,273.93999999999943,10,273.93999999999943,swap,notBad
19217,10,273.93999999999943,10,273.93999999999943,move,improve
19218,10,273.93999999999943,10,273.93999999999943,2opt,notBad
19219,10,273.93999999999943,10,273.93999999999943,move,improve
19220,10,273.93999999999943,10,273.93999999999943,move,improve
19221,10,273.93999999999943,10,273.93999999999943,swap,notBad
19222,10,273.93999999999943,10,273.93999999999943,swap,notBad
19223,10,273.93999999999943,10,273.93999999999943,2opt,notBad
19224,10,273.93999999999943,10,273.93999999999943,2opt,improve
19225,10,273.93999999999943,10,273.93999999999943,move,improve
19226,10,273.93999999999943,10,273.93999999999943,swap,notBad
19227,10,273.93999999999943,10,273.93999999999943,move,improve
19228,10,273.93999999999943,10,273.93999999999943,swap,notBad
19229,10,273.93999999999943,10,273.93999999999943,move,improve
19230,10,273.93999999999943,10,273.93999999999943,2opt,notBad
19231,10,273.93999999999943,10,273.93999999999943,move,improve
19232,10,273.93999999999943,10,273.93999999999943,move,improve
19233,10,273.93999999999943,10,273.93999999999943,2opt,notBad
19234,10,273.93999999999943,10,273.93999999999943,swap,notBad
19235,10,273.93999999999943,10,273.93999999999943,swap,notBad
19236,10,273.93999999999943,10,273.93999999999943,2opt,notBad
19237,10,273.93999999999943,10,273.93999999999943,2opt,notBad
19238,10,273.93999999999943,10,273.93999999999943,move,improve
19239,10,273.93999999999943,10,273.93999999999943,move,improve
19240,10,273.93999999999943,10,273.93999999999943,swap,notBad
19241,10,273.93999999999943,10,273.93999999999943,swap,notBad
19242,10,273.93999999999943,10,273.93999999999943,2opt,notBad
19243,10,273.93999999999943,10,273.93999999999943,swap,notBad
19244,10,273.93999999999943,10,273.93999999999943,2opt,notBad
19245,10,273.93999999999943,10,273.93999999999943,move,improve
19246,10,273.93999999999943,10,273.93999999999943,2opt,notBad
19247,10,273.93999999999943,10,273.93999999999943,move,improve
19248,10,273.93999999999943,10,273.93999999999943,swap,notBad
19249,10,273.93999999999943,10,273.93999999999943,swap,notBad
19250,10,273.93999999999943,10,273.93999999999943,move,improve
19251,10,273.93999999999943,10,273.93999999999943,swap,notBad
19252,10,273.93999999999943,10,273.93999999999943,move,improve
19253,10,273.93999999999943,10,273.93999999999943,swap,notBad
19254,10,273.93999999999943,10,273.93999999999943,2opt,notBad
19255,10,273.93999999999943,10,273.93999999999943,2opt,notBad
19256,10,273.93999999999943,10,273.93999999999943,move,improve
19257,10,273.93999999999943,10,273.93999999999943,2opt,notBad
19258,10,273.93999999999943,10,273.93999999999943,swap,notBad
19259,10,273.93999999999943,10,273.93999999999943,2opt,notBad
19260,10,273.93999999999943,10,273.93999999999943,swap,notBad
19261,10,273.93999999999943,10,273.93999999999943,2opt,notBad
19262,10,273.93999999999943,10,273.93999999999943,swap,notBad
19263,10,273.93999999999943,10,273.93999999999943,move,improve
19264,10,273.93999999999943,10,273.93999999999943,swap,notBad
19265,10,273.93999999999943,10,273.93999999999943,2opt,notBad
19266,10,273.93999999999943,10,273.93999999999943,2opt,notBad
19267,10,273.93999999999943,10,273.93999999999943,2opt,notBad
19268,10,273.93999999999943,10,273.93999999999943,move,improve
19269,10,273.93999999999943,10,273.93999999999943,2opt,notBad
19270,10,273.93999999999943,10,273.93999999999943,swap,notBad
19271,10,273.93999999999943,10,273.93999999999943,swap,notBad
19272,10,273.93999999999943,10,273.93999999999943,move,improve
19273,10,273.93999999999943,10,273.93999999999943,move,improve
19274,10,273.93999999999943,10,273.93999999999943,swap,notBad
19275,10,273.93999999999943,10,273.93999999999943,swap,notBad
19276,10,273.93999999999943,10,273.93999999999943,swap,notBad
19277,10,273.93999999999943,10,273.93999999999943,move,improve
19278,10,273.93999999999943,10,273.93999999999943,move,improve
19279,10,273.93999999999943,10,273.93999999999943,move,improve
19280,10,273.93999999999943,10,273.93999999999943,2opt,notBad
19281,10,273.93999999999943,10,273.93999999999943,swap,notBad
19282,10,273.93999999999943,10,273.93999999999943,move,improve
19283,10,273.93999999999943,10,273.93999999999943,2opt,notBad
19284,10,273.93999999999943,10,273.93999999999943,2opt,notBad
19285,10,273.93999999999943,10,273.93999999999943,2opt,notBad
19286,10,273.93999999999943,10,273.93999999999943,move,improve
19287,10,273.93999999999943,10,273.93999999999943,2opt,notBad
19288,10,273.93999999999943,10,273.93999999999943,move,improve
19289,10,273.93999999999943,10,273.93999999999943,2opt,notBad
19290,10,273.93999999999943,10,273.93999999999943,swap,notBad
19291,10,273.93999999999943,10,273.93999999999943,swap,notBad
19292,10,273.93999999999943,10,273.93999999999943,swap,notBad
19293,10,273.93999999999943,10,273.93999999999943,move,improve
19294,10,273.93999999999943,10,273.93999999999943,2opt,notBad
19295,10,273.93999999999943,10,273.93999999999943,move,improve
19296,10,273.93999999999943,10,273.93999999999943,swap,notBad
19297,10,273.93999999999943,10,273.93999999999943,2opt,notBad
19298,10,273.93999999999943,10,273.93999999999943,2opt,notBad
19299,10,273.93999999999943,10,273.93999999999943,move,improve
19300,10,273.93999999999943,10,273.93999999999943,move,improve
19301,10,273.93999999999943,10,273.93999999999943,2opt,notBad
19302,10,273.93999999999943,10,273.93999999999943,swap,notBad
19303,10,273.93999999999943,10,273.93999999999943,move,improve
19304,10,273.93999999999943,10,273.93999999999943,move,improve
19305,10,273.93999999999943,10,273.93999999999943,swap,notBad
19306,10,273.93999999999943,10,273.93999999999943,2opt,notBad
19307,10,273.93999999999943,10,273.93999999999943,move,improve
19308,10,273.93999999999943,10,273.93999999999943,move,improve
19309,10,273.93999999999943,10,273.93999999999943,swap,notBad
19310,10,273.93999999999943,10,273.93999999999943,move,improve
19311,10,273.93999999999943,10,273.93999999999943,2opt,notBad
19312,10,273.93999999999943,10,273.93999999999943,move,improve
19313,10,273.93999999999943,10,273.93999999999943,swap,notBad
19314,10,273.93999999999943,10,273.93999999999943,move,improve
19315,10,273.93999999999943,10,273.93999999999943,2opt,notBad
19316,10,273.93999999999943,10,273.93999999999943,2opt,notBad
19317,10,273.93999999999943,10,273.93999999999943,move,improve
19318,10,273.93999999999943,10,273.93999999999943,move,improve
19319,10,273.93999999999943,10,273.93999999999943,2opt,improve
19320,10,273.93999999999943,10,273.93999999999943,2opt,notBad
19321,10,273.93999999999943,10,273.93999999999943,2opt,notBad
19322,10,273.93999999999943,10,273.93999999999943,move,improve
19323,10,273.93999999999943,10,273.93999999999943,move,improve
19324,10,273.93999999999943,10,273.93999999999943,swap,notBad
19325,10,273.93999999999943,10,273.93999999999943,swap,notBad
19326,10,273.93999999999943,10,273.93999999999943,swap,notBad
19327,10,273.93999999999943,10,273.93999999999943,swap,notBad
19328,10,273.93999999999943,10,273.93999999999943,2opt,notBad
19329,10,273.93999999999943,10,273.93999999999943,move,improve
19330,10,273.93999999999943,10,273.93999999999943,2opt,notBad
19331,10,273.93999999999943,10,273.93999999999943,move,improve
19332,10,273.93999999999943,10,273.93999999999943,swap,notBad
19333,10,273.93999999999943,10,273.93999999999943,move,improve
19334,10,273.93999999999943,10,273.93999999999943,move,improve
19335,10,273.93999999999943,10,273.93999999999943,move,improve
19336,10,273.93999999999943,10,273.93999999999943,swap,notBad
19337,10,273.93999999999943,10,273.93999999999943,swap,notBad
19338,10,273.93999999999943,10,273.93999999999943,move,improve
19339,10,273.93999999999943,10,273.93999999999943,2opt,notBad
19340,10,273.93999999999943,10,273.93999999999943,2opt,notBad
19341,10,273.93999999999943,10,273.93999999999943,swap,notBad
19342,10,273.93999999999943,10,273.93999999999943,move,improve
19343,10,273.93999999999943,10,273.93999999999943,move,improve
19344,10,273.93999999999943,10,273.93999999999943,swap,notBad
19345,10,273.93999999999943,10,273.93999999999943,swap,notBad
19346,10,273.93999999999943,10,273.93999999999943,2opt,improve
19347,10,273.93999999999943,10,273.93999999999943,swap,notBad
19348,10,273.93999999999943,10,273.93999999999943,swap,notBad
19349,10,273.93999999999943,10,273.93999999999943,2opt,notBad
19350,10,273.93999999999943,10,273.93999999999943,2opt,notBad
19351,10,273.93999999999943,10,273.93999999999943,move,improve
19352,10,273.93999999999943,10,273.93999999999943,swap,notBad
19353,10,273.93999999999943,10,273.93999999999943,swap,notBad
19354,10,273.93999999999943,10,273.93999999999943,2opt,notBad
19355,10,273.93999999999943,10,273.93999999999943,move,improve
19356,10,273.93999999999943,10,273.93999999999943,2opt,notBad
19357,10,273.93999999999943,10,273.93999999999943,move,improve
19358,10,273.93999999999943,10,273.93999999999943,move,improve
19359,10,273.93999999999943,10,273.93999999999943,2opt,notBad
19360,10,273.93999999999943,10,273.93999999999943,swap,notBad
19361,10,273.93999999999943,10,273.93999999999943,2opt,notBad
19362,10,273.93999999999943,10,273.93999999999943,swap,notBad
19363,10,273.93999999999943,10,273.93999999999943,2opt,improve
19364,10,273.93999999999943,10,273.93999999999943,swap,notBad
19365,10,273.93999999999943,10,273.93999999999943,2opt,notBad
19366,10,273.93999999999943,10,273.93999999999943,2opt,notBad
19367,10,273.93999999999943,10,273.93999999999943,move,improve
19368,10,273.93999999999943,10,273.93999999999943,swap,notBad
19369,10,273.93999999999943,10,273.93999999999943,swap,notBad
19370,10,273.93999999999943,10,273.93999999999943,swap,notBad
19371,10,273.93999999999943,10,273.93999999999943,swap,notBad
19372,10,273.93999999999943,10,273.93999999999943,swap,notBad
19373,10,273.93999999999943,10,273.93999999999943,2opt,notBad
19374,10,273.93999999999943,10,273.93999999999943,move,improve
19375,10,273.93999999999943,10,273.93999999999943,move,improve
19376,10,273.93999999999943,10,273.93999999999943,swap,notBad
19377,10,273.93999999999943,10,273.93999999999943,swap,notBad
19378,10,273.93999999999943,10,273.93999999999943,swap,notBad
19379,10,273.93999999999943,10,273.93999999999943,move,improve
19380,10,273.93999999999943,10,273.93999999999943,move,improve
19381,10,273.93999999999943,10,273.93999999999943,2opt,notBad
19382,10,273.93999999999943,10,273.93999999999943,swap,notBad
19383,10,273.93999999999943,10,273.93999999999943,swap,notBad
19384,10,273.93999999999943,10,273.93999999999943,2opt,improve
19385,10,273.93999999999943,10,273.93999999999943,swap,notBad
19386,10,273.93999999999943,10,273.93999999999943,2opt,notBad
19387,10,273.93999999999943,10,273.93999999999943,2opt,notBad
19388,10,273.93999999999943,10,273.93999999999943,2opt,notBad
19389,10,273.93999999999943,10,273.93999999999943,swap,notBad
19390,10,273.93999999999943,10,273.93999999999943,move,improve
19391,10,273.93999999999943,10,273.93999999999943,move,improve
19392,10,273.93999999999943,10,273.93999999999943,swap,notBad
19393,10,273.93999999999943,10,273.93999999999943,swap,notBad
19394,10,273.93999999999943,10,273.93999999999943,swap,notBad
19395,10,273.93999999999943,10,273.93999999999943,move,improve
19396,10,273.93999999999943,10,273.93999999999943,swap,notBad
19397,10,273.93999999999943,10,273.93999999999943,swap,notBad
19398,10,273.93999999999943,10,273.93999999999943,swap,notBad
19399,10,273.93999999999943,10,273.93999999999943,swap,notBad
19400,10,273.93999999999943,10,273.93999999999943,move,improve
19401,10,273.93999999999943,10,273.93999999999943,move,improve
19402,10,273.93999999999943,10,273.93999999999943,2opt,notBad
19403,10,273.93999999999943,10,273.93999999999943,move,improve
19404,10,273.93999999999943,10,273.93999999999943,swap,notBad
19405,10,273.93999999999943,10,273.93999999999943,swap,notBad
19406,10,273.93999999999943,10,273.93999999999943,swap,notBad
19407,10,273.93999999999943,10,273.93999999999943,swap,notBad
19408,10,273.93999999999943,10,273.93999999999943,2opt,notBad
19409,10,273.93999999999943,10,273.93999999999943,move,improve
19410,10,273.93999999999943,10,273.93999999999943,move,improve
19411,10,273.93999999999943,10,273.93999999999943,swap,notBad
19412,10,273.93999999999943,10,273.93999999999943,swap,notBad
19413,10,273.93999999999943,10,273.93999999999943,2opt,notBad
19414,10,273.93999999999943,10,273.93999999999943,2opt,notBad
19415,10,273.93999999999943,10,273.93999999999943,swap,notBad
19416,10,273.93999999999943,10,273.93999999999943,move,improve
19417,10,273.93999999999943,10,273.93999999999943,2opt,notBad
19418,10,273.93999999999943,10,273.93999999999943,swap,notBad
19419,10,273.93999999999943,10,273.93999999999943,2opt,notBad
19420,10,273.93999999999943,10,273.93999999999943,2opt,notBad
19421,10,273.93999999999943,10,273.93999999999943,2opt,notBad
19422,10,273.93999999999943,10,273.93999999999943,swap,improve
19423,10,273.93999999999943,10,273.93999999999943,swap,notBad
19424,10,273.93999999999943,10,273.93999999999943,move,improve
19425,10,273.93999999999943,10,273.93999999999943,swap,notBad
19426,10,273.93999999999943,10,273.93999999999943,move,improve
19427,10,273.93999999999943,10,273.93999999999943,move,improve
19428,10,273.93999999999943,10,273.93999999999943,move,improve
19429,10,273.93999999999943,10,273.93999999999943,2opt,notBad
19430,10,273.93999999999943,10,273.93999999999943,move,improve
19431,10,273.93999999999943,10,273.93999999999943,move,improve
19432,10,273.93999999999943,10,273.93999999999943,move,improve
19433,10,273.93999999999943,10,273.93999999999943,move,improve
19434,10,273.93999999999943,10,273.93999999999943,swap,notBad
19435,10,273.93999999999943,10,273.93999999999943,2opt,notBad
19436,10,273.93999999999943,10,273.93999999999943,move,improve
19437,10,273.93999999999943,10,273.93999999999943,move,improve
19438,10,273.93999999999943,10,273.93999999999943,swap,notBad
19439,10,273.93999999999943,10,273.93999999999943,2opt,notBad
19440,10,273.93999999999943,10,273.93999999999943,swap,improve
19441,10,273.93999999999943,10,273.93999999999943,move,improve
19442,10,273.93999999999943,10,273.93999999999943,move,improve
19443,10,273.93999999999943,10,273.93999999999943,swap,notBad
19444,10,273.93999999999943,10,273.93999999999943,2opt,improve
19445,10,273.93999999999943,10,273.93999999999943,2opt,notBad
19446,10,273.93999999999943,10,273.93999999999943,2opt,notBad
19447,10,273.93999999999943,10,273.93999999999943,swap,notBad
19448,10,273.93999999999943,10,273.93999999999943,move,improve
19449,10,273.93999999999943,10,273.93999999999943,swap,notBad
19450,10,273.93999999999943,10,273.93999999999943,move,improve
19451,10,273.93999999999943,10,273.93999999999943,swap,notBad
19452,10,273.93999999999943,10,273.93999999999943,2opt,notBad
19453,10,273.93999999999943,10,273.93999999999943,move,notBad
19454,10,273.93999999999943,10,273.93999999999943,2opt,improve
19455,10,273.93999999999943,10,273.93999999999943,2opt,notBad
19456,10,273.93999999999943,10,273.93999999999943,swap,notBad
19457,10,273.93999999999943,10,273.93999999999943,swap,notBad
19458,10,273.93999999999943,10,273.93999999999943,2opt,notBad
19459,10,273.93999999999943,10,273.93999999999943,move,improve
19460,10,273.93999999999943,10,273.93999999999943,2opt,notBad
19461,10,273.93999999999943,10,273.93999999999943,move,improve
19462,10,273.93999999999943,10,273.93999999999943,swap,notBad
19463,10,273.93999999999943,10,273.93999999999943,move,improve
19464,10,273.93999999999943,10,273.93999999999943,2opt,notBad
19465,10,273.93999999999943,10,273.93999999999943,swap,notBad
19466,10,273.93999999999943,10,273.93999999999943,swap,notBad
19467,10,273.93999999999943,10,273.93999999999943,swap,notBad
19468,10,273.93999999999943,10,273.93999999999943,swap,notBad
19469,10,273.93999999999943,10,273.93999999999943,swap,notBad
19470,10,273.93999999999943,10,273.93999999999943,2opt,notBad
19471,10,273.93999999999943,10,273.93999999999943,swap,notBad
19472,10,273.93999999999943,10,273.93999999999943,swap,notBad
19473,10,273.93999999999943,10,273.93999999999943,move,improve
19474,10,273.93999999999943,10,273.93999999999943,move,improve
19475,10,273.93999999999943,10,273.93999999999943,swap,notBad
19476,10,273.93999999999943,10,273.93999999999943,move,improve
19477,10,273.93999999999943,10,273.93999999999943,2opt,notBad
19478,10,273.93999999999943,10,273.93999999999943,swap,notBad
19479,10,273.93999999999943,10,273.93999999999943,move,improve
19480,10,273.93999999999943,10,273.93999999999943,swap,notBad
19481,10,273.93999999999943,10,273.93999999999943,swap,notBad
19482,10,273.93999999999943,10,273.93999999999943,2opt,notBad
19483,10,273.93999999999943,10,273.93999999999943,2opt,notBad
19484,10,273.93999999999943,10,273.93999999999943,2opt,improve
19485,10,273.93999999999943,10,273.93999999999943,move,improve
19486,10,273.93999999999943,10,273.93999999999943,swap,notBad
19487,10,273.93999999999943,10,273.93999999999943,move,improve
19488,10,273.93999999999943,10,273.93999999999943,swap,notBad
19489,10,273.93999999999943,10,273.93999999999943,swap,notBad
19490,10,273.93999999999943,10,273.93999999999943,swap,notBad
19491,10,273.93999999999943,10,273.93999999999943,swap,notBad
19492,10,273.93999999999943,10,273.93999999999943,swap,notBad
19493,10,273.93999999999943,10,273.93999999999943,move,improve
19494,10,273.93999999999943,10,273.93999999999943,move,improve
19495,10,273.93999999999943,10,273.93999999999943,swap,notBad
19496,10,273.93999999999943,10,273.93999999999943,move,improve
19497,10,273.93999999999943,10,273.93999999999943,swap,notBad
19498,10,273.93999999999943,10,273.93999999999943,move,improve
19499,10,273.93999999999943,10,273.93999999999943,move,notBad
19500,10,273.93999999999943,10,273.93999999999943,swap,notBad
19501,10,273.93999999999943,10,273.93999999999943,2opt,improve
19502,10,273.93999999999943,10,273.93999999999943,2opt,notBad
19503,10,273.93999999999943,10,273.93999999999943,move,improve
19504,10,273.93999999999943,10,273.93999999999943,move,improve
19505,10,273.93999999999943,10,273.93999999999943,swap,notBad
19506,10,273.93999999999943,10,273.93999999999943,2opt,notBad
19507,10,273.93999999999943,10,273.93999999999943,swap,notBad
19508,10,273.93999999999943,10,273.93999999999943,swap,notBad
19509,10,273.93999999999943,10,273.93999999999943,2opt,notBad
19510,10,273.93999999999943,10,273.93999999999943,move,improve
19511,10,273.93999999999943,10,273.93999999999943,swap,notBad
19512,10,273.93999999999943,10,273.93999999999943,2opt,notBad
19513,10,273.93999999999943,10,273.93999999999943,2opt,notBad
19514,10,273.93999999999943,10,273.93999999999943,move,improve
19515,10,273.93999999999943,10,273.93999999999943,swap,notBad
19516,10,273.93999999999943,10,273.93999999999943,move,improve
19517,10,273.93999999999943,10,273.93999999999943,2opt,notBad
19518,10,273.93999999999943,10,273.93999999999943,2opt,notBad
19519,10,273.93999999999943,10,273.93999999999943,move,improve
19520,10,273.93999999999943,10,273.93999999999943,swap,notBad
19521,10,273.93999999999943,10,273.93999999999943,2opt,notBad
19522,10,273.93999999999943,10,273.93999999999943,move,improve
19523,10,273.93999999999943,10,273.93999999999943,move,notBad
19524,10,273.93999999999943,10,273.93999999999943,swap,notBad
19525,10,273.93999999999943,10,273.93999999999943,swap,notBad
19526,10,273.93999999999943,10,273.93999999999943,swap,notBad
19527,10,273.93999999999943,10,273.93999999999943,2opt,improve
19528,10,273.93999999999943,10,273.93999999999943,swap,notBad
19529,10,273.93999999999943,10,273.93999999999943,2opt,notBad
19530,10,273.93999999999943,10,273.93999999999943,move,improve
19531,10,273.93999999999943,10,273.93999999999943,swap,notBad
19532,10,273.93999999999943,10,273.93999999999943,move,improve
19533,10,273.93999999999943,10,273.93999999999943,swap,notBad
19534,10,273.93999999999943,10,273.93999999999943,2opt,notBad
19535,10,273.93999999999943,10,273.93999999999943,move,improve
19536,10,273.93999999999943,10,273.93999999999943,2opt,notBad
19537,10,273.93999999999943,10,273.93999999999943,swap,notBad
19538,10,273.93999999999943,10,273.93999999999943,move,improve
19539,10,273.93999999999943,10,273.93999999999943,2opt,notBad
19540,10,273.93999999999943,10,273.93999999999943,move,improve
19541,10,273.93999999999943,10,273.93999999999943,swap,notBad
19542,10,273.93999999999943,10,273.93999999999943,swap,notBad
19543,10,273.93999999999943,10,273.93999999999943,move,improve
19544,10,273.93999999999943,10,273.93999999999943,2opt,notBad
19545,10,273.93999999999943,10,273.93999999999943,swap,notBad
19546,10,273.93999999999943,10,273.93999999999943,swap,notBad
19547,10,273.93999999999943,10,273.93999999999943,2opt,improve
19548,10,273.93999999999943,10,273.93999999999943,swap,notBad
19549,10,273.93999999999943,10,273.93999999999943,move,improve
19550,10,273.93999999999943,10,273.93999999999943,2opt,notBad
19551,10,273.93999999999943,10,273.93999999999943,swap,notBad
19552,10,273.93999999999943,10,273.93999999999943,2opt,notBad
19553,10,273.93999999999943,10,273.93999999999943,2opt,notBad
19554,10,273.93999999999943,10,273.93999999999943,move,improve
19555,10,273.93999999999943,10,273.93999999999943,swap,notBad
19556,10,273.93999999999943,10,273.93999999999943,2opt,improve
19557,10,273.93999999999943,10,273.93999999999943,2opt,notBad
19558,10,273.93999999999943,10,273.93999999999943,2opt,notBad
19559,10,273.93999999999943,10,273.93999999999943,move,improve
19560,10,273.93999999999943,10,273.93999999999943,2opt,notBad
19561,10,273.93999999999943,10,273.93999999999943,move,improve
19562,10,273.93999999999943,10,273.93999999999943,2opt,notBad
19563,10,273.93999999999943,10,273.93999999999943,swap,notBad
19564,10,273.93999999999943,10,273.93999999999943,swap,notBad
19565,10,273.93999999999943,10,273.93999999999943,2opt,notBad
19566,10,273.93999999999943,10,273.93999999999943,2opt,notBad
19567,10,273.93999999999943,10,273.93999999999943,move,improve
19568,10,273.93999999999943,10,273.93999999999943,2opt,notBad
19569,10,273.93999999999943,10,273.93999999999943,2opt,notBad
19570,10,273.93999999999943,10,273.93999999999943,move,improve
19571,10,273.93999999999943,10,273.93999999999943,swap,notBad
19572,10,273.93999999999943,10,273.93999999999943,move,improve
19573,10,273.93999999999943,10,273.93999999999943,swap,notBad
19574,10,273.93999999999943,10,273.93999999999943,swap,notBad
19575,10,273.93999999999943,10,273.93999999999943,2opt,notBad
19576,10,273.93999999999943,10,273.93999999999943,swap,notBad
19577,10,273.93999999999943,10,273.93999999999943,swap,notBad
19578,10,273.93999999999943,10,273.93999999999943,swap,notBad
19579,10,273.93999999999943,10,273.93999999999943,swap,notBad
19580,10,273.93999999999943,10,273.93999999999943,2opt,notBad
19581,10,273.93999999999943,10,273.93999999999943,move,improve
19582,10,273.93999999999943,10,273.93999999999943,2opt,notBad
19583,10,273.93999999999943,10,273.93999999999943,move,improve
19584,10,273.93999999999943,10,273.93999999999943,swap,notBad
19585,10,273.93999999999943,10,273.93999999999943,swap,notBad
19586,10,273.93999999999943,10,273.93999999999943,2opt,notBad
19587,10,273.93999999999943,10,273.93999999999943,2opt,notBad
19588,10,273.93999999999943,10,273.93999999999943,swap,notBad
19589,10,273.93999999999943,10,273.93999999999943,move,improve
19590,10,273.93999999999943,10,273.93999999999943,2opt,notBad
19591,10,273.93999999999943,10,273.93999999999943,swap,notBad
19592,10,273.93999999999943,10,273.93999999999943,swap,notBad
19593,10,273.93999999999943,10,273.93999999999943,swap,notBad
19594,10,273.93999999999943,10,273.93999999999943,move,improve
19595,10,273.93999999999943,10,273.93999999999943,swap,notBad
19596,10,273.93999999999943,10,273.93999999999943,swap,notBad
19597,10,273.93999999999943,10,273.93999999999943,2opt,notBad
19598,10,273.93999999999943,10,273.93999999999943,move,improve
19599,10,273.93999999999943,10,273.93999999999943,2opt,notBad
19600,10,273.93999999999943,10,273.93999999999943,2opt,improve
19601,10,273.93999999999943,10,273.93999999999943,swap,notBad
19602,10,273.93999999999943,10,273.93999999999943,move,improve
19603,10,273.93999999999943,10,273.93999999999943,swap,notBad
19604,10,273.93999999999943,10,273.93999999999943,swap,notBad
19605,10,273.93999999999943,10,273.93999999999943,swap,notBad
19606,10,273.93999999999943,10,273.93999999999943,2opt,notBad
19607,10,273.93999999999943,10,273.93999999999943,swap,notBad
19608,10,273.93999999999943,10,273.93999999999943,swap,notBad
19609,10,273.93999999999943,10,273.93999999999943,2opt,notBad
19610,10,273.93999999999943,10,273.93999999999943,2opt,notBad
19611,10,273.93999999999943,10,273.93999999999943,2opt,notBad
19612,10,273.93999999999943,10,273.93999999999943,move,improve
19613,10,273.93999999999943,10,273.93999999999943,2opt,notBad
19614,10,273.93999999999943,10,273.93999999999943,swap,notBad
19615,10,273.93999999999943,10,273.93999999999943,move,improve
19616,10,273.93999999999943,10,273.93999999999943,move,improve
19617,10,273.93999999999943,10,273.93999999999943,swap,notBad
19618,10,273.93999999999943,10,273.93999999999943,2opt,notBad
19619,10,273.93999999999943,10,273.93999999999943,move,improve
19620,10,273.93999999999943,10,273.93999999999943,2opt,notBad
19621,10,273.93999999999943,10,273.93999999999943,move,improve
19622,10,273.93999999999943,10,273.93999999999943,swap,notBad
19623,10,273.93999999999943,10,273.93999999999943,swap,notBad
19624,10,273.93999999999943,10,273.93999999999943,swap,notBad
19625,10,273.93999999999943,10,273.93999999999943,swap,notBad
19626,10,273.93999999999943,10,273.93999999999943,2opt,notBad
19627,10,273.93999999999943,10,273.93999999999943,2opt,notBad
19628,10,273.93999999999943,10,273.93999999999943,2opt,improve
19629,10,273.93999999999943,10,273.93999999999943,2opt,notBad
19630,10,273.93999999999943,10,273.93999999999943,2opt,notBad
19631,10,273.93999999999943,10,273.93999999999943,2opt,notBad
19632,10,273.93999999999943,10,273.93999999999943,swap,notBad
19633,10,273.93999999999943,10,273.93999999999943,move,improve
19634,10,273.93999999999943,10,273.93999999999943,swap,notBad
19635,10,273.93999999999943,10,273.93999999999943,2opt,notBad
19636,10,273.93999999999943,10,273.93999999999943,move,improve
19637,10,273.93999999999943,10,273.93999999999943,swap,notBad
19638,10,273.93999999999943,10,273.93999999999943,2opt,notBad
19639,10,273.93999999999943,10,273.93999999999943,move,improve
19640,10,273.93999999999943,10,273.93999999999943,move,improve
19641,10,273.93999999999943,10,273.93999999999943,swap,notBad
19642,10,273.93999999999943,10,273.93999999999943,2opt,notBad
19643,10,273.93999999999943,10,273.93999999999943,move,improve
19644,10,273.93999999999943,10,273.93999999999943,swap,notBad
19645,10,273.93999999999943,10,273.93999999999943,move,improve
19646,10,273.93999999999943,10,273.93999999999943,swap,notBad
19647,10,273.93999999999943,10,273.93999999999943,2opt,notBad
19648,10,273.93999999999943,10,273.93999999999943,swap,notBad
19649,10,273.93999999999943,10,273.93999999999943,2opt,notBad
19650,10,273.93999999999943,10,273.93999999999943,2opt,notBad
19651,10,273.93999999999943,10,273.93999999999943,move,improve
19652,10,273.93999999999943,10,273.93999999999943,move,improve
19653,10,273.93999999999943,10,273.93999999999943,swap,notBad
19654,10,273.93999999999943,10,273.93999999999943,swap,notBad
19655,10,273.93999999999943,10,273.93999999999943,2opt,notBad
19656,10,273.93999999999943,10,273.93999999999943,2opt,notBad
19657,10,273.93999999999943,10,273.93999999999943,move,improve
19658,10,273.93999999999943,10,273.93999999999943,2opt,notBad
19659,10,273.93999999999943,10,273.93999999999943,swap,notBad
19660,10,273.93999999999943,10,273.93999999999943,swap,notBad
19661,10,273.93999999999943,10,273.93999999999943,2opt,notBad
19662,10,273.93999999999943,10,273.93999999999943,move,improve
19663,10,273.93999999999943,10,273.93999999999943,move,improve
19664,10,273.93999999999943,10,273.93999999999943,swap,notBad
19665,10,273.93999999999943,10,273.93999999999943,2opt,notBad
19666,10,273.93999999999943,10,273.93999999999943,swap,notBad
19667,10,273.93999999999943,10,273.93999999999943,swap,notBad
19668,10,273.93999999999943,10,273.93999999999943,2opt,notBad
19669,10,273.93999999999943,10,273.93999999999943,swap,notBad
19670,10,273.93999999999943,10,273.93999999999943,move,improve
19671,10,273.93999999999943,10,273.93999999999943,swap,notBad
19672,10,273.93999999999943,10,273.93999999999943,2opt,improve
19673,10,273.93999999999943,10,273.93999999999943,swap,notBad
19674,10,273.93999999999943,10,273.93999999999943,swap,notBad
19675,10,273.93999999999943,10,273.93999999999943,swap,notBad
19676,10,273.93999999999943,10,273.93999999999943,2opt,improve
19677,10,273.93999999999943,10,273.93999999999943,2opt,notBad
19678,10,273.93999999999943,10,273.93999999999943,move,improve
19679,10,273.93999999999943,10,273.93999999999943,move,improve
19680,10,273.93999999999943,10,273.93999999999943,swap,notBad
19681,10,273.93999999999943,10,273.93999999999943,move,improve
19682,10,273.93999999999943,10,273.93999999999943,2opt,notBad
19683,10,273.93999999999943,10,273.93999999999943,2opt,notBad
19684,10,273.93999999999943,10,273.93999999999943,2opt,notBad
19685,10,273.93999999999943,10,273.93999999999943,move,improve
19686,10,273.93999999999943,10,273.93999999999943,2opt,notBad
19687,10,273.93999999999943,10,273.93999999999943,move,improve
19688,10,273.93999999999943,10,273.93999999999943,swap,notBad
19689,10,273.93999999999943,10,273.93999999999943,swap,notBad
19690,10,273.93999999999943,10,273.93999999999943,swap,notBad
19691,10,273.93999999999943,10,273.93999999999943,swap,notBad
19692,10,273.93999999999943,10,273.93999999999943,swap,notBad
19693,10,273.93999999999943,10,273.93999999999943,swap,notBad
19694,10,273.93999999999943,10,273.93999999999943,swap,notBad
19695,10,273.93999999999943,10,273.93999999999943,2opt,notBad
19696,10,273.93999999999943,10,273.93999999999943,swap,notBad
19697,10,273.93999999999943,10,273.93999999999943,2opt,notBad
19698,10,273.93999999999943,10,273.93999999999943,swap,notBad
19699,10,273.93999999999943,10,273.93999999999943,swap,notBad
19700,10,273.93999999999943,10,273.93999999999943,swap,notBad
19701,10,273.93999999999943,10,273.93999999999943,2opt,notBad
19702,10,273.93999999999943,10,273.93999999999943,2opt,improve
19703,10,273.93999999999943,10,273.93999999999943,2opt,notBad
19704,10,273.93999999999943,10,273.93999999999943,2opt,improve
19705,10,273.93999999999943,10,273.93999999999943,swap,notBad
19706,10,273.93999999999943,10,273.93999999999943,2opt,notBad
19707,10,273.93999999999943,10,273.93999999999943,move,improve
19708,10,273.93999999999943,10,273.93999999999943,move,improve
19709,10,273.93999999999943,10,273.93999999999943,move,improve
19710,10,273.93999999999943,10,273.93999999999943,move,improve
19711,10,273.93999999999943,10,273.93999999999943,2opt,notBad
19712,10,273.93999999999943,10,273.93999999999943,2opt,notBad
19713,10,273.93999999999943,10,273.93999999999943,swap,notBad
19714,10,273.93999999999943,10,273.93999999999943,swap,notBad
19715,10,273.93999999999943,10,273.93999999999943,move,improve
19716,10,273.93999999999943,10,273.93999999999943,swap,notBad
19717,10,273.93999999999943,10,273.93999999999943,move,improve
19718,10,273.93999999999943,10,273.93999999999943,2opt,notBad
19719,10,273.93999999999943,10,273.93999999999943,move,improve
19720,10,273.93999999999943,10,273.93999999999943,2opt,notBad
19721,10,273.93999999999943,10,273.93999999999943,move,improve
19722,10,273.93999999999943,10,273.93999999999943,2opt,improve
19723,10,273.93999999999943,10,273.93999999999943,swap,notBad
19724,10,273.93999999999943,10,273.93999999999943,move,improve
19725,10,273.93999999999943,10,273.93999999999943,2opt,notBad
19726,10,273.93999999999943,10,273.93999999999943,move,improve
19727,10,273.93999999999943,10,273.93999999999943,swap,notBad
19728,10,273.93999999999943,10,273.93999999999943,swap,notBad
19729,10,273.93999999999943,10,273.93999999999943,move,improve
19730,10,273.93999999999943,10,273.93999999999943,swap,notBad
19731,10,273.9399999999995,10,273.93999999999943,swap,acceptBad
19732,10,273.9399999999995,10,273.93999999999943,move,improve
19733,10,273.9399999999995,10,273.93999999999943,2opt,notBad
19734,10,273.9399999999995,10,273.93999999999943,move,improve
19735,10,273.9399999999995,10,273.93999999999943,swap,notBad
19736,10,273.9399999999995,10,273.93999999999943,swap,notBad
19737,10,273.9399999999995,10,273.93999999999943,2opt,notBad
19738,10,273.9399999999995,10,273.93999999999943,2opt,notBad
19739,10,273.9399999999995,10,273.93999999999943,move,improve
19740,10,273.9399999999995,10,273.93999999999943,swap,notBad
19741,10,273.9399999999995,10,273.93999999999943,swap,notBad
19742,10,273.9399999999995,10,273.93999999999943,move,improve
19743,10,273.9399999999995,10,273.93999999999943,swap,notBad
19744,10,273.9399999999995,10,273.93999999999943,move,improve
19745,10,273.9399999999995,10,273.93999999999943,2opt,improve
19746,10,273.9399999999995,10,273.93999999999943,move,improve
19747,10,273.9399999999995,10,273.93999999999943,2opt,notBad
19748,10,273.9399999999995,10,273.93999999999943,2opt,notBad
19749,10,273.9399999999995,10,273.93999999999943,swap,notBad
19750,10,273.9399999999995,10,273.93999999999943,swap,notBad
19751,10,273.9399999999995,10,273.93999999999943,move,improve
19752,10,273.9399999999995,10,273.93999999999943,move,improve
19753,10,273.9399999999995,10,273.93999999999943,2opt,notBad
19754,10,273.9399999999995,10,273.93999999999943,swap,notBad
19755,10,273.9399999999995,10,273.93999999999943,2opt,notBad
19756,10,273.9399999999995,10,273.93999999999943,2opt,notBad
19757,10,273.9399999999995,10,273.93999999999943,2opt,notBad
19758,10,273.9399999999995,10,273.93999999999943,move,improve
19759,10,273.9399999999995,10,273.93999999999943,2opt,notBad
19760,10,273.9399999999995,10,273.93999999999943,move,improve
19761,10,273.9399999999995,10,273.93999999999943,swap,notBad
19762,10,273.9399999999995,10,273.93999999999943,2opt,improve
19763,10,273.9399999999995,10,273.93999999999943,move,improve
19764,10,273.9399999999995,10,273.93999999999943,swap,notBad
19765,10,273.9399999999995,10,273.93999999999943,move,improve
19766,10,273.9399999999995,10,273.93999999999943,move,improve
19767,10,273.9399999999995,10,273.93999999999943,2opt,notBad
19768,10,273.9399999999995,10,273.93999999999943,2opt,notBad
19769,10,273.9399999999995,10,273.93999999999943,swap,notBad
19770,10,273.9399999999995,10,273.93999999999943,swap,notBad
19771,10,273.9399999999995,10,273.93999999999943,2opt,notBad
19772,10,273.9399999999995,10,273.93999999999943,swap,notBad
19773,10,273.9399999999995,10,273.93999999999943,move,improve
19774,10,273.9399999999995,10,273.93999999999943,swap,notBad
19775,10,273.9399999999995,10,273.93999999999943,move,improve
19776,10,273.9399999999995,10,273.93999999999943,move,improve
19777,10,273.9399999999995,10,273.93999999999943,move,improve
19778,10,273.9399999999995,10,273.93999999999943,2opt,notBad
19779,10,273.9399999999995,10,273.93999999999943,move,improve
19780,10,273.93999999999943,10,273.93999999999943,move,improve
19781,10,273.93999999999943,10,273.93999999999943,move,improve
19782,10,273.93999999999943,10,273.93999999999943,move,improve
19783,10,273.93999999999943,10,273.93999999999943,move,improve
19784,10,273.93999999999943,10,273.93999999999943,swap,notBad
19785,10,273.93999999999943,10,273.93999999999943,swap,notBad
19786,10,273.93999999999943,10,273.93999999999943,2opt,notBad
19787,10,273.93999999999943,10,273.93999999999943,move,improve
19788,10,273.93999999999943,10,273.93999999999943,2opt,notBad
19789,10,273.93999999999943,10,273.93999999999943,swap,notBad
19790,10,273.93999999999943,10,273.93999999999943,2opt,notBad
19791,10,273.93999999999943,10,273.93999999999943,move,improve
19792,10,273.93999999999943,10,273.93999999999943,move,improve
19793,10,273.93999999999943,10,273.93999999999943,2opt,notBad
19794,10,273.93999999999943,10,273.93999999999943,2opt,notBad
19795,10,273.93999999999943,10,273.93999999999943,2opt,notBad
19796,10,273.93999999999943,10,273.93999999999943,move,improve
19797,10,273.93999999999943,10,273.93999999999943,move,improve
19798,10,273.93999999999943,10,273.93999999999943,swap,notBad
19799,10,273.93999999999943,10,273.93999999999943,swap,notBad
19800,10,273.93999999999943,10,273.93999999999943,swap,notBad
19801,10,273.93999999999943,10,273.93999999999943,swap,notBad
19802,10,273.93999999999943,10,273.93999999999943,swap,notBad
19803,10,273.93999999999943,10,273.93999999999943,move,improve
19804,10,273.93999999999943,10,273.93999999999943,move,improve
19805,10,273.93999999999943,10,273.93999999999943,move,improve
19806,10,273.93999999999943,10,273.93999999999943,swap,notBad
19807,10,273.93999999999943,10,273.93999999999943,swap,notBad
19808,10,273.93999999999943,10,273.93999999999943,move,improve
19809,10,273.93999999999943,10,273.93999999999943,move,improve
19810,10,273.93999999999943,10,273.93999999999943,swap,notBad
19811,10,273.93999999999943,10,273.93999999999943,move,improve
19812,10,273.93999999999943,10,273.93999999999943,move,improve
19813,10,273.93999999999943,10,273.93999999999943,move,improve
19814,10,273.93999999999943,10,273.93999999999943,swap,notBad
19815,10,273.93999999999943,10,273.93999999999943,move,improve
19816,10,273.93999999999943,10,273.93999999999943,move,improve
19817,10,273.93999999999943,10,273.93999999999943,2opt,improve
19818,10,273.93999999999943,10,273.93999999999943,move,improve
19819,10,273.93999999999943,10,273.93999999999943,move,improve
19820,10,273.93999999999943,10,273.93999999999943,swap,notBad
19821,10,273.93999999999943,10,273.93999999999943,move,improve
19822,10,273.93999999999943,10,273.93999999999943,2opt,notBad
19823,10,273.93999999999943,10,273.93999999999943,move,improve
19824,10,273.93999999999943,10,273.93999999999943,swap,notBad
19825,10,273.93999999999943,10,273.93999999999943,move,improve
19826,10,273.93999999999943,10,273.93999999999943,move,improve
19827,10,273.93999999999943,10,273.93999999999943,swap,notBad
19828,10,273.93999999999943,10,273.93999999999943,2opt,improve
19829,10,273.93999999999943,10,273.93999999999943,move,improve
19830,10,273.93999999999943,10,273.93999999999943,move,improve
19831,10,273.93999999999943,10,273.93999999999943,2opt,notBad
19832,10,273.93999999999943,10,273.93999999999943,2opt,notBad
19833,10,273.93999999999943,10,273.93999999999943,2opt,notBad
19834,10,273.93999999999943,10,273.93999999999943,2opt,notBad
19835,10,273.93999999999943,10,273.93999999999943,swap,notBad
19836,10,273.93999999999943,10,273.93999999999943,2opt,notBad
19837,10,273.93999999999943,10,273.93999999999943,swap,notBad
19838,10,273.93999999999943,10,273.93999999999943,move,improve
19839,10,273.93999999999943,10,273.93999999999943,swap,notBad
19840,10,273.93999999999943,10,273.93999999999943,2opt,notBad
19841,10,273.93999999999943,10,273.93999999999943,2opt,notBad
19842,10,273.93999999999943,10,273.93999999999943,swap,notBad
19843,10,273.93999999999943,10,273.93999999999943,swap,notBad
19844,10,273.93999999999943,10,273.93999999999943,2opt,notBad
19845,10,273.93999999999943,10,273.93999999999943,move,improve
19846,10,273.93999999999943,10,273.93999999999943,swap,notBad
19847,10,273.93999999999943,10,273.93999999999943,move,improve
19848,10,273.93999999999943,10,273.93999999999943,swap,notBad
19849,10,273.93999999999943,10,273.93999999999943,move,improve
19850,10,273.93999999999943,10,273.93999999999943,move,improve
19851,10,273.93999999999943,10,273.93999999999943,move,improve
19852,10,273.93999999999943,10,273.93999999999943,2opt,notBad
19853,10,273.93999999999943,10,273.93999999999943,swap,notBad
19854,10,273.93999999999943,10,273.93999999999943,move,improve
19855,10,273.93999999999943,10,273.93999999999943,move,improve
19856,10,273.93999999999943,10,273.93999999999943,move,improve
19857,10,273.93999999999943,10,273.93999999999943,move,improve
19858,10,273.93999999999943,10,273.93999999999943,swap,notBad
19859,10,273.93999999999943,10,273.93999999999943,2opt,improve
19860,10,273.93999999999943,10,273.93999999999943,swap,notBad
19861,10,273.93999999999943,10,273.93999999999943,swap,notBad
19862,10,273.93999999999943,10,273.93999999999943,move,improve
19863,10,273.93999999999943,10,273.93999999999943,move,improve
19864,10,273.93999999999943,10,273.93999999999943,2opt,notBad
19865,10,273.93999999999943,10,273.93999999999943,swap,notBad
19866,10,273.93999999999943,10,273.93999999999943,2opt,notBad
19867,10,273.93999999999943,10,273.93999999999943,2opt,notBad
19868,10,273.93999999999943,10,273.93999999999943,2opt,notBad
19869,10,273.93999999999943,10,273.93999999999943,2opt,notBad
19870,10,273.93999999999943,10,273.93999999999943,move,improve
19871,10,273.93999999999943,10,273.93999999999943,2opt,notBad
19872,10,273.93999999999943,10,273.93999999999943,2opt,notBad
19873,10,273.93999999999943,10,273.93999999999943,move,improve
19874,10,273.93999999999943,10,273.93999999999943,move,improve
19875,10,273.93999999999943,10,273.93999999999943,2opt,improve
19876,10,273.93999999999943,10,273.93999999999943,swap,notBad
19877,10,273.93999999999943,10,273.93999999999943,2opt,notBad
19878,10,273.93999999999943,10,273.93999999999943,move,improve
19879,10,273.93999999999943,10,273.93999999999943,2opt,notBad
19880,10,273.93999999999943,10,273.93999999999943,swap,notBad
19881,10,273.93999999999943,10,273.93999999999943,move,improve
19882,10,273.93999999999943,10,273.93999999999943,2opt,notBad
19883,10,273.93999999999943,10,273.93999999999943,move,improve
19884,10,273.93999999999943,10,273.93999999999943,move,improve
19885,10,273.93999999999943,10,273.93999999999943,2opt,notBad
19886,10,273.93999999999943,10,273.93999999999943,swap,notBad
19887,10,273.93999999999943,10,273.93999999999943,2opt,notBad
19888,10,273.93999999999943,10,273.93999999999943,2opt,notBad
19889,10,273.93999999999943,10,273.93999999999943,swap,notBad
19890,10,273.93999999999943,10,273.93999999999943,swap,notBad
19891,10,273.93999999999943,10,273.93999999999943,swap,notBad
19892,10,273.93999999999943,10,273.93999999999943,move,improve
19893,10,273.93999999999943,10,273.93999999999943,2opt,notBad
19894,10,273.93999999999943,10,273.93999999999943,move,improve
19895,10,273.93999999999943,10,273.93999999999943,2opt,notBad
19896,10,273.93999999999943,10,273.93999999999943,2opt,notBad
19897,10,273.93999999999943,10,273.93999999999943,swap,notBad
19898,10,273.93999999999943,10,273.93999999999943,move,improve
19899,10,273.93999999999943,10,273.93999999999943,swap,notBad
19900,10,273.93999999999943,10,273.93999999999943,swap,notBad
19901,10,273.93999999999943,10,273.93999999999943,swap,notBad
19902,10,273.93999999999943,10,273.93999999999943,swap,notBad
19903,10,273.93999999999943,10,273.93999999999943,move,improve
19904,10,273.93999999999943,10,273.93999999999943,move,improve
19905,10,273.93999999999943,10,273.93999999999943,swap,notBad
19906,10,273.93999999999943,10,273.93999999999943,2opt,notBad
19907,10,273.93999999999943,10,273.93999999999943,swap,notBad
19908,10,273.93999999999943,10,273.93999999999943,swap,notBad
19909,10,273.93999999999943,10,273.93999999999943,swap,notBad
19910,10,273.93999999999943,10,273.93999999999943,2opt,notBad
19911,10,273.93999999999943,10,273.93999999999943,2opt,notBad
19912,10,273.93999999999943,10,273.93999999999943,2opt,notBad
19913,10,273.93999999999943,10,273.93999999999943,move,improve
19914,10,273.93999999999943,10,273.93999999999943,move,improve
19915,10,273.93999999999943,10,273.93999999999943,swap,notBad
19916,10,273.93999999999943,10,273.93999999999943,move,improve
19917,10,273.93999999999943,10,273.93999999999943,move,improve
19918,10,273.93999999999943,10,273.93999999999943,move,improve
19919,10,273.93999999999943,10,273.93999999999943,swap,notBad
19920,10,273.93999999999943,10,273.93999999999943,2opt,notBad
19921,10,273.93999999999943,10,273.93999999999943,swap,notBad
19922,10,273.93999999999943,10,273.93999999999943,2opt,notBad
19923,10,273.93999999999943,10,273.93999999999943,move,improve
19924,10,273.93999999999943,10,273.93999999999943,move,improve
19925,10,273.93999999999943,10,273.93999999999943,swap,notBad
19926,10,273.93999999999943,10,273.93999999999943,move,improve
19927,10,273.93999999999943,10,273.93999999999943,swap,notBad
19928,10,273.93999999999943,10,273.93999999999943,move,improve
19929,10,273.93999999999943,10,273.93999999999943,move,improve
19930,10,273.93999999999943,10,273.93999999999943,move,improve
19931,10,273.93999999999943,10,273.93999999999943,swap,notBad
19932,10,273.93999999999943,10,273.93999999999943,2opt,notBad
19933,10,273.93999999999943,10,273.93999999999943,move,improve
19934,10,273.93999999999943,10,273.93999999999943,move,improve
19935,10,273.93999999999943,10,273.93999999999943,2opt,notBad
19936,10,273.93999999999943,10,273.93999999999943,swap,notBad
19937,10,273.93999999999943,10,273.93999999999943,move,improve
19938,10,273.93999999999943,10,273.93999999999943,swap,notBad
19939,10,273.93999999999943,10,273.93999999999943,move,improve
19940,10,273.93999999999943,10,273.93999999999943,swap,notBad
19941,10,273.93999999999943,10,273.93999999999943,2opt,notBad
19942,10,273.93999999999943,10,273.93999999999943,2opt,notBad
19943,10,273.93999999999943,10,273.93999999999943,2opt,notBad
19944,10,273.93999999999943,10,273.93999999999943,2opt,improve
19945,10,273.93999999999943,10,273.93999999999943,swap,notBad
19946,10,273.93999999999943,10,273.93999999999943,swap,notBad
19947,10,273.93999999999943,10,273.93999999999943,move,improve
19948,10,273.93999999999943,10,273.93999999999943,swap,notBad
19949,10,273.93999999999943,10,273.93999999999943,move,improve
19950,10,273.93999999999943,10,273.93999999999943,move,improve
19951,10,273.93999999999943,10,273.93999999999943,2opt,notBad
19952,10,273.93999999999943,10,273.93999999999943,move,improve
19953,10,273.93999999999943,10,273.93999999999943,move,improve
19954,10,273.93999999999943,10,273.93999999999943,move,improve
19955,10,273.93999999999943,10,273.93999999999943,move,improve
19956,10,273.93999999999943,10,273.93999999999943,swap,notBad
19957,10,273.93999999999943,10,273.93999999999943,2opt,notBad
19958,10,273.93999999999943,10,273.93999999999943,swap,notBad
19959,10,273.93999999999943,10,273.93999999999943,move,improve
19960,10,273.93999999999943,10,273.93999999999943,2opt,notBad
19961,10,273.93999999999943,10,273.93999999999943,2opt,notBad
19962,10,273.93999999999943,10,273.93999999999943,move,improve
19963,10,273.93999999999943,10,273.93999999999943,2opt,notBad
19964,10,273.93999999999943,10,273.93999999999943,swap,notBad
19965,10,273.93999999999943,10,273.93999999999943,swap,notBad
19966,10,273.93999999999943,10,273.93999999999943,swap,notBad
19967,10,273.93999999999943,10,273.93999999999943,move,improve
19968,10,273.93999999999943,10,273.93999999999943,move,improve
19969,10,273.93999999999943,10,273.93999999999943,move,improve
19970,10,273.93999999999943,10,273.93999999999943,2opt,notBad
19971,10,273.93999999999943,10,273.93999999999943,swap,notBad
19972,10,273.93999999999943,10,273.93999999999943,2opt,notBad
19973,10,273.93999999999943,10,273.93999999999943,2opt,notBad
19974,10,273.93999999999943,10,273.93999999999943,move,improve
19975,10,273.93999999999943,10,273.93999999999943,swap,notBad
19976,10,273.93999999999943,10,273.93999999999943,swap,notBad
19977,10,273.93999999999943,10,273.93999999999943,move,improve
19978,10,273.93999999999943,10,273.93999999999943,move,improve
19979,10,273.93999999999943,10,273.93999999999943,move,improve
19980,10,273.93999999999943,10,273.93999999999943,move,improve
19981,10,273.93999999999943,10,273.93999999999943,move,improve
19982,10,273.93999999999943,10,273.93999999999943,swap,notBad
19983,10,273.93999999999943,10,273.93999999999943,swap,notBad
19984,10,273.93999999999943,10,273.93999999999943,2opt,notBad
19985,10,273.93999999999943,10,273.93999999999943,move,improve
19986,10,273.93999999999943,10,273.93999999999943,move,improve
19987,10,273.93999999999943,10,273.93999999999943,move,improve
19988,10,273.93999999999943,10,273.93999999999943,swap,notBad
19989,10,273.93999999999943,10,273.93999999999943,2opt,notBad
19990,10,273.93999999999943,10,273.93999999999943,move,improve
19991,10,273.93999999999943,10,273.93999999999943,2opt,notBad
19992,10,273.93999999999943,10,273.93999999999943,2opt,notBad
19993,10,273.93999999999943,10,273.93999999999943,2opt,notBad
19994,10,273.93999999999943,10,273.93999999999943,2opt,notBad
19995,10,273.93999999999943,10,273.93999999999943,swap,notBad
19996,10,273.93999999999943,10,273.93999999999943,2opt,notBad
19997,10,273.93999999999943,10,273.93999999999943,swap,notBad
19998,10,273.93999999999943,10,273.93999999999943,move,improve
19999,10,273.93999999999943,10,273.93999999999943,move,improve
