i,vehi,obj,vehiBest,objBest,loFunc,note
1,6,1707.3000000000002,6,1707.3000000000002,move,improve
2,6,1707.0000000000002,6,1707.0000000000002,move,newBest
3,6,1707.0000000000002,6,1707.0000000000002,move,improve
4,7,1780.9,6,1707.0000000000002,2opt,acceptBad
5,7,1810.1000000000001,6,1707.0000000000002,swap,acceptBad
6,7,1810.1000000000001,6,1707.0000000000002,2opt,improve
7,8,1862.8000000000002,6,1707.0000000000002,2opt,acceptBad
8,9,1966.8000000000002,6,1707.0000000000002,2opt,acceptBad
9,9,1999.8000000000002,6,1707.0000000000002,swap,acceptBad
10,9,1999.8000000000002,6,1707.0000000000002,move,improve
11,9,2004.2,6,1707.0000000000002,2opt,acceptBad
12,9,2017.8,6,1707.0000000000002,swap,acceptBad
13,9,2017.8,6,1707.0000000000002,move,improve
14,9,2017.8,6,1707.0000000000002,move,improve
15,9,2017.8,6,1707.0000000000002,2opt,improve
16,9,2021.7,6,1707.0000000000002,move,acceptBad
17,10,2052.8,6,1707.0000000000002,2opt,acceptBad
18,10,2036.8,6,1707.0000000000002,swap,improve
19,10,2035.3999999999999,6,1707.0000000000002,move,improve
20,10,2022.8,6,1707.0000000000002,move,improve
21,10,2011.5,6,1707.0000000000002,move,improve
22,10,1998.6999999999998,6,1707.0000000000002,2opt,improve
23,10,2215.8999999999996,6,1707.0000000000002,swap,acceptBad
24,10,2273.2999999999993,6,1707.0000000000002,swap,acceptBad
25,10,2311.599999999999,6,1707.0000000000002,swap,acceptBad
26,10,2311.099999999999,6,1707.0000000000002,move,improve
27,10,2306.499999999999,6,1707.0000000000002,move,improve
28,10,2359.7999999999984,6,1707.0000000000002,2opt,acceptBad
29,10,2382.2999999999984,6,1707.0000000000002,swap,acceptBad
30,10,2507.7999999999984,6,1707.0000000000002,swap,acceptBad
31,10,2411.3999999999983,6,1707.0000000000002,move,improve
32,10,2439.6999999999985,6,1707.0000000000002,swap,acceptBad
33,10,2437.8999999999983,6,1707.0000000000002,move,improve
34,11,2527.2999999999975,6,1707.0000000000002,2opt,acceptBad
35,11,2527.2999999999975,6,1707.0000000000002,2opt,improve
36,12,2642.9999999999977,6,1707.0000000000002,2opt,acceptBad
37,12,2642.9999999999977,6,1707.0000000000002,move,improve
38,12,2679.2999999999975,6,1707.0000000000002,swap,acceptBad
39,12,2700.699999999997,6,1707.0000000000002,swap,acceptBad
40,12,2716.4999999999973,6,1707.0000000000002,swap,acceptBad
41,13,2845.799999999997,6,1707.0000000000002,2opt,acceptBad
42,13,2845.799999999997,6,1707.0000000000002,2opt,improve
43,13,2817.4999999999973,6,1707.0000000000002,move,improve
44,13,2819.1999999999975,6,1707.0000000000002,swap,acceptBad
45,13,2935.599999999997,6,1707.0000000000002,swap,acceptBad
46,13,2935.599999999997,6,1707.0000000000002,2opt,improve
47,13,2962.0999999999976,6,1707.0000000000002,swap,acceptBad
48,13,3132.4999999999977,6,1707.0000000000002,swap,acceptBad
49,13,2988.499999999998,6,1707.0000000000002,move,improve
50,13,2988.499999999998,6,1707.0000000000002,2opt,improve
51,13,2983.699999999998,6,1707.0000000000002,move,improve
52,13,2983.699999999998,6,1707.0000000000002,move,improve
53,13,3025.199999999998,6,1707.0000000000002,swap,acceptBad
54,13,3091.999999999998,6,1707.0000000000002,swap,acceptBad
55,13,3072.9999999999977,6,1707.0000000000002,move,improve
56,13,3069.299999999998,6,1707.0000000000002,move,improve
57,13,3133.6999999999985,6,1707.0000000000002,swap,acceptBad
58,13,3158.4999999999986,6,1707.0000000000002,2opt,acceptBad
59,13,3174.499999999999,6,1707.0000000000002,swap,acceptBad
60,13,3170.399999999999,6,1707.0000000000002,swap,improve
61,13,3260.1999999999994,6,1707.0000000000002,swap,acceptBad
62,14,3288.399999999999,6,1707.0000000000002,2opt,acceptBad
63,14,3332.1999999999994,6,1707.0000000000002,swap,acceptBad
64,14,3332.1999999999994,6,1707.0000000000002,move,improve
65,14,3274.499999999999,6,1707.0000000000002,swap,improve
66,14,3238.9999999999995,6,1707.0000000000002,move,improve
67,14,3292.999999999999,6,1707.0000000000002,swap,acceptBad
68,15,3333.9999999999995,6,1707.0000000000002,2opt,acceptBad
69,15,3395.6999999999994,6,1707.0000000000002,2opt,acceptBad
70,15,3335.2999999999984,6,1707.0000000000002,move,improve
71,15,3360.199999999999,6,1707.0000000000002,2opt,acceptBad
72,15,3552.8999999999983,6,1707.0000000000002,swap,acceptBad
73,15,3678.499999999998,6,1707.0000000000002,2opt,acceptBad
74,15,3677.9999999999977,6,1707.0000000000002,2opt,improve
75,15,3680.6999999999985,6,1707.0000000000002,swap,acceptBad
76,15,3680.6999999999985,6,1707.0000000000002,move,improve
77,15,3634.8999999999987,6,1707.0000000000002,2opt,improve
78,15,3592.3999999999983,6,1707.0000000000002,swap,improve
79,15,3592.0999999999985,6,1707.0000000000002,move,improve
80,15,3591.199999999998,6,1707.0000000000002,swap,improve
81,16,3699.399999999998,6,1707.0000000000002,2opt,acceptBad
82,16,3767.099999999999,6,1707.0000000000002,2opt,acceptBad
83,16,3705.2999999999993,6,1707.0000000000002,swap,improve
84,16,3707.8999999999996,6,1707.0000000000002,2opt,acceptBad
85,16,3655.2999999999993,6,1707.0000000000002,swap,improve
86,16,3769.099999999999,6,1707.0000000000002,swap,acceptBad
87,16,3819.2999999999997,6,1707.0000000000002,swap,acceptBad
88,16,3858.0,6,1707.0000000000002,2opt,acceptBad
89,16,3926.2000000000003,6,1707.0000000000002,2opt,acceptBad
90,16,3924.2999999999997,6,1707.0000000000002,swap,improve
91,16,3919.6,6,1707.0000000000002,2opt,improve
92,16,3919.6,6,1707.0000000000002,2opt,improve
93,16,3919.6,6,1707.0000000000002,2opt,improve
94,16,3906.9999999999995,6,1707.0000000000002,move,improve
95,16,3945.2999999999993,6,1707.0000000000002,2opt,acceptBad
96,16,3933.899999999999,6,1707.0000000000002,2opt,improve
97,16,3932.6999999999994,6,1707.0000000000002,swap,improve
98,16,3936.099999999999,6,1707.0000000000002,2opt,acceptBad
99,16,3869.599999999999,6,1707.0000000000002,move,improve
100,16,3913.599999999999,6,1707.0000000000002,swap,acceptBad
101,16,3937.8999999999987,6,1707.0000000000002,swap,acceptBad
102,16,3957.9999999999986,6,1707.0000000000002,2opt,acceptBad
103,16,3962.3999999999987,6,1707.0000000000002,2opt,acceptBad
104,16,3950.1999999999985,6,1707.0000000000002,move,improve
105,16,3951.299999999999,6,1707.0000000000002,2opt,acceptBad
106,16,3938.999999999999,6,1707.0000000000002,swap,improve
107,16,3874.599999999999,6,1707.0000000000002,move,improve
108,16,3832.6999999999985,6,1707.0000000000002,2opt,improve
109,16,3945.2999999999984,6,1707.0000000000002,2opt,acceptBad
110,16,3936.899999999998,6,1707.0000000000002,move,improve
111,16,3932.199999999998,6,1707.0000000000002,move,improve
112,16,3913.799999999998,6,1707.0000000000002,move,improve
113,16,3813.3999999999983,6,1707.0000000000002,move,improve
114,16,3734.2999999999984,6,1707.0000000000002,2opt,improve
115,16,3724.1999999999985,6,1707.0000000000002,swap,improve
116,16,3738.799999999999,6,1707.0000000000002,2opt,acceptBad
117,16,3724.6999999999985,6,1707.0000000000002,2opt,improve
118,16,3732.199999999999,6,1707.0000000000002,swap,acceptBad
119,16,3720.499999999999,6,1707.0000000000002,move,improve
120,16,3712.999999999999,6,1707.0000000000002,move,improve
121,16,3645.299999999999,6,1707.0000000000002,move,improve
122,16,3602.5999999999985,6,1707.0000000000002,move,improve
123,16,3645.999999999999,6,1707.0000000000002,swap,acceptBad
124,16,3673.3999999999987,6,1707.0000000000002,2opt,acceptBad
125,16,3742.3999999999983,6,1707.0000000000002,2opt,acceptBad
126,16,3740.0999999999985,6,1707.0000000000002,move,improve
127,16,3740.0999999999985,6,1707.0000000000002,2opt,improve
128,16,3760.8999999999987,6,1707.0000000000002,swap,acceptBad
129,16,3827.799999999998,6,1707.0000000000002,swap,acceptBad
130,16,3873.999999999998,6,1707.0000000000002,2opt,acceptBad
131,16,3974.8999999999983,6,1707.0000000000002,swap,acceptBad
132,16,3975.2999999999984,6,1707.0000000000002,2opt,acceptBad
133,16,3978.0999999999985,6,1707.0000000000002,swap,acceptBad
134,16,3946.4999999999986,6,1707.0000000000002,swap,improve
135,16,3922.7999999999984,6,1707.0000000000002,swap,improve
136,16,3958.9999999999986,6,1707.0000000000002,2opt,acceptBad
137,16,3936.8999999999987,6,1707.0000000000002,swap,improve
138,16,3937.9999999999986,6,1707.0000000000002,swap,acceptBad
139,16,3938.3999999999987,6,1707.0000000000002,swap,acceptBad
140,16,3873.999999999999,6,1707.0000000000002,move,improve
141,16,3864.599999999999,6,1707.0000000000002,move,improve
142,16,3838.999999999999,6,1707.0000000000002,move,improve
143,16,3810.099999999999,6,1707.0000000000002,move,improve
144,16,3914.199999999999,6,1707.0000000000002,swap,acceptBad
145,17,3943.699999999999,6,1707.0000000000002,2opt,acceptBad
146,17,3950.699999999999,6,1707.0000000000002,2opt,acceptBad
147,17,3950.699999999999,6,1707.0000000000002,move,improve
148,17,3984.7999999999993,6,1707.0000000000002,swap,acceptBad
149,17,3897.2999999999997,6,1707.0000000000002,move,improve
150,17,3892.7,6,1707.0000000000002,move,improve
151,17,3843.5999999999995,6,1707.0000000000002,move,improve
152,17,3901.999999999999,6,1707.0000000000002,swap,acceptBad
153,17,3901.999999999999,6,1707.0000000000002,move,improve
154,17,4005.599999999999,6,1707.0000000000002,swap,acceptBad
155,17,3989.6999999999994,6,1707.0000000000002,2opt,improve
156,17,4026.799999999999,6,1707.0000000000002,2opt,acceptBad
157,17,4060.3999999999983,6,1707.0000000000002,2opt,acceptBad
158,17,4136.199999999999,6,1707.0000000000002,swap,acceptBad
159,17,4109.799999999998,6,1707.0000000000002,swap,improve
160,17,4111.399999999999,6,1707.0000000000002,2opt,acceptBad
161,17,4126.0999999999985,6,1707.0000000000002,swap,acceptBad
162,17,4089.0999999999995,6,1707.0000000000002,2opt,improve
163,17,4088.4999999999995,6,1707.0000000000002,move,improve
164,17,4123.5,6,1707.0000000000002,2opt,acceptBad
165,17,4190.099999999999,6,1707.0000000000002,2opt,acceptBad
166,17,4243.4,6,1707.0000000000002,swap,acceptBad
167,17,4183.3,6,1707.0000000000002,move,improve
168,17,4140.2,6,1707.0000000000002,move,improve
169,17,4135.499999999999,6,1707.0000000000002,2opt,improve
170,17,4122.499999999999,6,1707.0000000000002,move,improve
171,17,4019.8999999999983,6,1707.0000000000002,2opt,improve
172,17,4014.0999999999985,6,1707.0000000000002,2opt,improve
173,17,4033.2999999999997,6,1707.0000000000002,2opt,acceptBad
174,17,3986.7999999999997,6,1707.0000000000002,move,improve
175,17,3986.7999999999997,6,1707.0000000000002,move,improve
176,17,3997.4,6,1707.0000000000002,2opt,acceptBad
177,17,4016.6,6,1707.0000000000002,swap,acceptBad
178,17,3990.0,6,1707.0000000000002,swap,improve
179,17,4043.7999999999997,6,1707.0000000000002,swap,acceptBad
180,17,4011.2,6,1707.0000000000002,2opt,improve
181,17,4011.2,6,1707.0000000000002,2opt,improve
182,17,4062.4,6,1707.0000000000002,swap,acceptBad
183,17,4158.600000000001,6,1707.0000000000002,swap,acceptBad
184,17,4158.600000000001,6,1707.0000000000002,2opt,improve
185,17,4130.9,6,1707.0000000000002,move,improve
186,17,4121.899999999999,6,1707.0000000000002,2opt,improve
187,17,4155.599999999999,6,1707.0000000000002,2opt,acceptBad
188,18,4223.799999999999,6,1707.0000000000002,2opt,acceptBad
189,18,4215.299999999999,6,1707.0000000000002,move,improve
190,18,4232.8,6,1707.0000000000002,swap,acceptBad
191,18,4245.4,6,1707.0000000000002,swap,acceptBad
192,18,4201.5999999999985,6,1707.0000000000002,move,improve
193,18,4144.899999999999,6,1707.0000000000002,move,improve
194,18,4136.5999999999985,6,1707.0000000000002,move,improve
195,18,4164.799999999997,6,1707.0000000000002,2opt,acceptBad
196,18,4164.2,6,1707.0000000000002,2opt,improve
197,18,4159.7,6,1707.0000000000002,move,improve
198,18,4145.8,6,1707.0000000000002,swap,improve
199,18,4152.8,6,1707.0000000000002,swap,acceptBad
200,18,4152.3,6,1707.0000000000002,move,improve
201,18,4116.099999999999,6,1707.0000000000002,2opt,improve
202,18,4122.599999999999,6,1707.0000000000002,swap,acceptBad
203,18,4143.299999999999,6,1707.0000000000002,2opt,acceptBad
204,18,4111.799999999999,6,1707.0000000000002,swap,improve
205,18,4128.9,6,1707.0000000000002,swap,acceptBad
206,18,4115.999999999998,6,1707.0000000000002,2opt,improve
207,19,4115.5999999999985,6,1707.0000000000002,2opt,improve
208,19,4114.499999999998,6,1707.0000000000002,move,improve
209,19,4073.199999999998,6,1707.0000000000002,move,improve
210,19,4047.0999999999985,6,1707.0000000000002,move,improve
211,19,4045.6999999999985,6,1707.0000000000002,move,improve
212,19,4018.6999999999985,6,1707.0000000000002,2opt,improve
213,19,4005.699999999999,6,1707.0000000000002,swap,improve
214,19,4024.699999999999,6,1707.0000000000002,swap,acceptBad
215,19,4104.9,6,1707.0000000000002,2opt,acceptBad
216,19,4208.299999999999,6,1707.0000000000002,swap,acceptBad
217,19,4229.9,6,1707.0000000000002,swap,acceptBad
218,19,4221.199999999999,6,1707.0000000000002,move,improve
219,19,4221.199999999999,6,1707.0000000000002,move,improve
220,19,4219.499999999999,6,1707.0000000000002,move,improve
221,19,4248.699999999999,6,1707.0000000000002,2opt,acceptBad
222,19,4252.799999999998,6,1707.0000000000002,2opt,acceptBad
223,19,4243.900000000001,6,1707.0000000000002,2opt,improve
224,19,4210.8,6,1707.0000000000002,move,improve
225,19,4284.799999999999,6,1707.0000000000002,2opt,acceptBad
226,19,4248.399999999998,6,1707.0000000000002,2opt,improve
227,19,4261.499999999998,6,1707.0000000000002,2opt,acceptBad
228,19,4268.999999999998,6,1707.0000000000002,swap,acceptBad
229,19,4318.699999999998,6,1707.0000000000002,2opt,acceptBad
230,19,4316.699999999998,6,1707.0000000000002,move,improve
231,19,4377.199999999996,6,1707.0000000000002,2opt,acceptBad
232,19,4372.599999999997,6,1707.0000000000002,move,improve
233,19,4337.199999999996,6,1707.0000000000002,move,improve
234,19,4321.399999999997,6,1707.0000000000002,move,improve
235,19,4361.899999999997,6,1707.0000000000002,swap,acceptBad
236,19,4301.999999999997,6,1707.0000000000002,move,improve
237,19,4289.299999999998,6,1707.0000000000002,2opt,improve
238,19,4276.499999999998,6,1707.0000000000002,2opt,improve
239,19,4260.699999999998,6,1707.0000000000002,swap,improve
240,20,4345.299999999998,6,1707.0000000000002,2opt,acceptBad
241,20,4340.299999999999,6,1707.0000000000002,move,improve
242,20,4402.799999999998,6,1707.0000000000002,swap,acceptBad
243,20,4399.299999999998,6,1707.0000000000002,move,improve
244,20,4326.399999999999,6,1707.0000000000002,move,improve
245,20,4366.699999999999,6,1707.0000000000002,swap,acceptBad
246,20,4330.299999999999,6,1707.0000000000002,move,improve
247,20,4288.999999999999,6,1707.0000000000002,swap,improve
248,20,4250.4,6,1707.0000000000002,move,improve
249,20,4256.400000000001,6,1707.0000000000002,2opt,acceptBad
250,20,4194.899999999999,6,1707.0000000000002,swap,improve
251,20,4337.899999999999,6,1707.0000000000002,swap,acceptBad
252,20,4322.899999999999,6,1707.0000000000002,move,improve
253,20,4343.0999999999985,6,1707.0000000000002,2opt,acceptBad
254,20,4340.499999999999,6,1707.0000000000002,move,improve
255,20,4378.899999999998,6,1707.0000000000002,2opt,acceptBad
256,20,4367.999999999999,6,1707.0000000000002,2opt,improve
257,20,4367.799999999999,6,1707.0000000000002,swap,improve
258,21,4441.199999999999,6,1707.0000000000002,2opt,acceptBad
259,21,4506.399999999999,6,1707.0000000000002,swap,acceptBad
260,21,4505.499999999998,6,1707.0000000000002,move,improve
261,22,4514.999999999998,6,1707.0000000000002,2opt,acceptBad
262,23,4502.5999999999985,6,1707.0000000000002,2opt,improve
263,23,4550.899999999998,6,1707.0000000000002,swap,acceptBad
264,23,4582.0999999999985,6,1707.0000000000002,swap,acceptBad
265,23,4594.299999999998,6,1707.0000000000002,swap,acceptBad
266,23,4647.499999999999,6,1707.0000000000002,swap,acceptBad
267,23,4610.499999999998,6,1707.0000000000002,swap,improve
268,23,4652.5999999999985,6,1707.0000000000002,2opt,acceptBad
269,23,4587.399999999999,6,1707.0000000000002,move,improve
270,23,4493.999999999998,6,1707.0000000000002,move,improve
271,23,4492.699999999999,6,1707.0000000000002,move,improve
272,23,4492.699999999999,6,1707.0000000000002,move,improve
273,23,4453.199999999998,6,1707.0000000000002,2opt,improve
274,23,4455.599999999998,6,1707.0000000000002,2opt,acceptBad
275,23,4479.899999999997,6,1707.0000000000002,2opt,acceptBad
276,23,4444.199999999997,6,1707.0000000000002,move,improve
277,23,4443.999999999997,6,1707.0000000000002,move,improve
278,23,4579.2999999999965,6,1707.0000000000002,swap,acceptBad
279,23,4520.9,6,1707.0000000000002,2opt,improve
280,23,4541.099999999999,6,1707.0000000000002,swap,acceptBad
281,23,4537.199999999999,6,1707.0000000000002,move,improve
282,23,4522.299999999999,6,1707.0000000000002,move,improve
283,23,4462.499999999999,6,1707.0000000000002,move,improve
284,23,4449.199999999999,6,1707.0000000000002,swap,improve
285,23,4380.699999999999,6,1707.0000000000002,move,improve
286,23,4384.0999999999985,6,1707.0000000000002,2opt,acceptBad
287,23,4373.699999999999,6,1707.0000000000002,move,improve
288,23,4430.600000000001,6,1707.0000000000002,2opt,acceptBad
289,23,4420.6,6,1707.0000000000002,swap,improve
290,23,4394.700000000001,6,1707.0000000000002,move,improve
291,23,4407.4000000000015,6,1707.0000000000002,swap,acceptBad
292,23,4389.800000000001,6,1707.0000000000002,move,improve
293,23,4338.1,6,1707.0000000000002,move,improve
294,23,4265.100000000001,6,1707.0000000000002,move,improve
295,23,4303.400000000001,6,1707.0000000000002,2opt,acceptBad
296,23,4330.900000000001,6,1707.0000000000002,swap,acceptBad
297,24,4329.1,6,1707.0000000000002,2opt,improve
298,24,4329.1,6,1707.0000000000002,move,improve
299,24,4277.2,6,1707.0000000000002,move,improve
300,24,4251.099999999999,6,1707.0000000000002,2opt,improve
301,24,4258.999999999999,6,1707.0000000000002,swap,acceptBad
302,24,4329.6,6,1707.0000000000002,swap,acceptBad
303,24,4257.099999999999,6,1707.0000000000002,swap,improve
304,24,4257.6,6,1707.0000000000002,2opt,acceptBad
305,24,4250.400000000001,6,1707.0000000000002,move,improve
306,24,4274.5,6,1707.0000000000002,swap,acceptBad
307,24,4193.5,6,1707.0000000000002,move,improve
308,24,4191.3,6,1707.0000000000002,swap,improve
309,24,4230.9,6,1707.0000000000002,2opt,acceptBad
310,24,4172.5,6,1707.0000000000002,swap,improve
311,24,4141.6,6,1707.0000000000002,move,improve
312,24,4132.799999999999,6,1707.0000000000002,2opt,improve
313,24,4150.7,6,1707.0000000000002,2opt,acceptBad
314,24,4378.799999999999,6,1707.0000000000002,swap,acceptBad
315,24,4421.099999999999,6,1707.0000000000002,swap,acceptBad
316,24,4385.8,6,1707.0000000000002,2opt,improve
317,24,4385.8,6,1707.0000000000002,move,improve
318,24,4384.600000000001,6,1707.0000000000002,2opt,improve
319,24,4410.3,6,1707.0000000000002,2opt,acceptBad
320,24,4410.3,6,1707.0000000000002,move,improve
321,24,4419.200000000001,6,1707.0000000000002,2opt,acceptBad
322,24,4416.899999999999,6,1707.0000000000002,2opt,improve
323,24,4412.8,6,1707.0000000000002,2opt,improve
324,24,4412.8,6,1707.0000000000002,move,improve
325,24,4408.799999999999,6,1707.0000000000002,2opt,improve
326,24,4408.0999999999985,6,1707.0000000000002,2opt,improve
327,24,4452.099999999999,6,1707.0000000000002,2opt,acceptBad
328,24,4429.699999999999,6,1707.0000000000002,swap,improve
329,24,4425.299999999999,6,1707.0000000000002,move,improve
330,24,4431.6,6,1707.0000000000002,2opt,acceptBad
331,24,4442.900000000001,6,1707.0000000000002,swap,acceptBad
332,24,4416.200000000001,6,1707.0000000000002,move,improve
333,24,4417.1,6,1707.0000000000002,2opt,acceptBad
334,24,4373.199999999998,6,1707.0000000000002,2opt,improve
335,24,4367.499999999997,6,1707.0000000000002,swap,improve
336,24,4343.899999999998,6,1707.0000000000002,move,improve
337,24,4328.599999999999,6,1707.0000000000002,2opt,improve
338,24,4325.700000000001,6,1707.0000000000002,2opt,improve
339,24,4360.300000000001,6,1707.0000000000002,2opt,acceptBad
340,24,4359.800000000001,6,1707.0000000000002,move,improve
341,24,4386.899999999999,6,1707.0000000000002,2opt,acceptBad
342,24,4334.299999999998,6,1707.0000000000002,move,improve
343,24,4312.699999999999,6,1707.0000000000002,move,improve
344,24,4299.0999999999985,6,1707.0000000000002,swap,improve
345,24,4299.0999999999985,6,1707.0000000000002,move,improve
346,24,4256.199999999999,6,1707.0000000000002,move,improve
347,24,4263.199999999999,6,1707.0000000000002,swap,acceptBad
348,24,4213.399999999999,6,1707.0000000000002,move,improve
349,24,4202.499999999999,6,1707.0000000000002,move,improve
350,24,4200.799999999998,6,1707.0000000000002,swap,improve
351,24,4256.299999999998,6,1707.0000000000002,2opt,acceptBad
352,24,4205.199999999999,6,1707.0000000000002,move,improve
353,24,4300.699999999999,6,1707.0000000000002,swap,acceptBad
354,24,4224.799999999999,6,1707.0000000000002,move,improve
355,24,4258.900000000001,6,1707.0000000000002,2opt,acceptBad
356,24,4240.799999999999,6,1707.0000000000002,2opt,improve
357,24,4308.4,6,1707.0000000000002,swap,acceptBad
358,24,4279.699999999999,6,1707.0000000000002,move,improve
359,24,4279.699999999999,6,1707.0000000000002,move,improve
360,24,4170.199999999999,6,1707.0000000000002,move,improve
361,24,4195.399999999999,6,1707.0000000000002,2opt,acceptBad
362,24,4232.299999999998,6,1707.0000000000002,swap,acceptBad
363,24,4288.199999999998,6,1707.0000000000002,swap,acceptBad
364,24,4285.899999999998,6,1707.0000000000002,move,improve
365,24,4262.199999999998,6,1707.0000000000002,swap,improve
366,24,4252.899999999998,6,1707.0000000000002,move,improve
367,24,4180.5999999999985,6,1707.0000000000002,move,improve
368,24,4178.0,6,1707.0000000000002,2opt,improve
369,24,4192.799999999999,6,1707.0000000000002,swap,acceptBad
370,24,4133.8,6,1707.0000000000002,swap,improve
371,24,4133.200000000001,6,1707.0000000000002,move,improve
372,24,4133.0,6,1707.0000000000002,2opt,improve
373,24,4148.4,6,1707.0000000000002,swap,acceptBad
374,24,4199.4,6,1707.0000000000002,2opt,acceptBad
375,24,4246.0,6,1707.0000000000002,2opt,acceptBad
376,24,4246.400000000001,6,1707.0000000000002,2opt,acceptBad
377,24,4259.200000000001,6,1707.0000000000002,swap,acceptBad
378,24,4226.799999999999,6,1707.0000000000002,move,improve
379,24,4169.4,6,1707.0000000000002,move,improve
380,24,4162.9,6,1707.0000000000002,swap,improve
381,24,4149.4,6,1707.0000000000002,2opt,improve
382,24,4155.399999999999,6,1707.0000000000002,2opt,acceptBad
383,24,4154.1,6,1707.0000000000002,2opt,improve
384,24,4230.400000000001,6,1707.0000000000002,swap,acceptBad
385,24,4257.800000000001,6,1707.0000000000002,swap,acceptBad
386,24,4263.799999999999,6,1707.0000000000002,2opt,acceptBad
387,24,4296.499999999999,6,1707.0000000000002,2opt,acceptBad
388,24,4295.999999999999,6,1707.0000000000002,swap,improve
389,23,4228.999999999999,6,1707.0000000000002,move,improve
390,23,4249.2,6,1707.0000000000002,2opt,acceptBad
391,23,4284.199999999999,6,1707.0000000000002,2opt,acceptBad
392,23,4243.499999999998,6,1707.0000000000002,move,improve
393,23,4193.299999999998,6,1707.0000000000002,2opt,improve
394,23,4205.200000000001,6,1707.0000000000002,2opt,acceptBad
395,23,4187.800000000001,6,1707.0000000000002,move,improve
396,23,4277.600000000001,6,1707.0000000000002,swap,acceptBad
397,23,4232.200000000001,6,1707.0000000000002,move,improve
398,23,4228.3,6,1707.0000000000002,move,improve
399,23,4178.0,6,1707.0000000000002,2opt,improve
400,23,4200.5,6,1707.0000000000002,swap,acceptBad
401,23,4171.299999999999,6,1707.0000000000002,swap,improve
402,23,4159.999999999998,6,1707.0000000000002,move,improve
403,23,4257.599999999999,6,1707.0000000000002,swap,acceptBad
404,23,4235.399999999999,6,1707.0000000000002,move,improve
405,23,4241.1,6,1707.0000000000002,2opt,acceptBad
406,23,4271.200000000001,6,1707.0000000000002,swap,acceptBad
407,23,4271.200000000001,6,1707.0000000000002,move,improve
408,23,4332.4000000000015,6,1707.0000000000002,swap,acceptBad
409,23,4342.000000000001,6,1707.0000000000002,swap,acceptBad
410,23,4336.500000000001,6,1707.0000000000002,swap,improve
411,23,4438.700000000001,6,1707.0000000000002,swap,acceptBad
412,23,4437.300000000001,6,1707.0000000000002,2opt,improve
413,23,4369.900000000001,6,1707.0000000000002,move,improve
414,23,4316.8,6,1707.0000000000002,swap,improve
415,23,4310.1,6,1707.0000000000002,move,improve
416,23,4297.999999999999,6,1707.0000000000002,2opt,improve
417,23,4271.599999999999,6,1707.0000000000002,2opt,improve
418,23,4264.1,6,1707.0000000000002,swap,improve
419,23,4256.8,6,1707.0000000000002,move,improve
420,23,4255.7,6,1707.0000000000002,2opt,improve
421,23,4290.399999999999,6,1707.0000000000002,swap,acceptBad
422,23,4245.399999999999,6,1707.0000000000002,swap,improve
423,23,4212.399999999999,6,1707.0000000000002,swap,improve
424,23,4197.899999999999,6,1707.0000000000002,move,improve
425,23,4216.799999999999,6,1707.0000000000002,swap,acceptBad
426,23,4186.599999999999,6,1707.0000000000002,move,improve
427,23,4195.699999999999,6,1707.0000000000002,2opt,acceptBad
428,23,4148.799999999999,6,1707.0000000000002,move,improve
429,24,4190.000000000001,6,1707.0000000000002,2opt,acceptBad
430,24,4314.300000000002,6,1707.0000000000002,swap,acceptBad
431,24,4314.200000000002,6,1707.0000000000002,move,improve
432,24,4288.500000000001,6,1707.0000000000002,move,improve
433,24,4328.599999999998,6,1707.0000000000002,2opt,acceptBad
434,24,4221.899999999999,6,1707.0000000000002,move,improve
435,24,4152.0999999999985,6,1707.0000000000002,move,improve
436,24,4253.699999999999,6,1707.0000000000002,swap,acceptBad
437,23,4164.399999999999,6,1707.0000000000002,move,improve
438,23,4164.399999999999,6,1707.0000000000002,move,improve
439,23,4244.0999999999985,6,1707.0000000000002,2opt,acceptBad
440,23,4194.799999999998,6,1707.0000000000002,swap,improve
441,23,4205.999999999998,6,1707.0000000000002,swap,acceptBad
442,23,4177.199999999999,6,1707.0000000000002,move,improve
443,23,4171.199999999999,6,1707.0000000000002,2opt,improve
444,23,4216.099999999998,6,1707.0000000000002,swap,acceptBad
445,23,4203.099999999998,6,1707.0000000000002,2opt,improve
446,24,4280.799999999998,6,1707.0000000000002,2opt,acceptBad
447,24,4334.299999999997,6,1707.0000000000002,2opt,acceptBad
448,24,4366.899999999998,6,1707.0000000000002,swap,acceptBad
449,24,4316.299999999998,6,1707.0000000000002,move,improve
450,24,4294.899999999999,6,1707.0000000000002,2opt,improve
451,24,4286.499999999999,6,1707.0000000000002,swap,improve
452,24,4326.999999999998,6,1707.0000000000002,swap,acceptBad
453,24,4331.5999999999985,6,1707.0000000000002,2opt,acceptBad
454,24,4281.099999999998,6,1707.0000000000002,move,improve
455,24,4283.699999999998,6,1707.0000000000002,swap,acceptBad
456,24,4290.799999999997,6,1707.0000000000002,swap,acceptBad
457,24,4293.199999999999,6,1707.0000000000002,2opt,acceptBad
458,24,4308.199999999999,6,1707.0000000000002,swap,acceptBad
459,23,4284.0999999999985,6,1707.0000000000002,move,improve
460,23,4260.699999999999,6,1707.0000000000002,move,improve
461,23,4260.699999999999,6,1707.0000000000002,move,improve
462,23,4223.299999999999,6,1707.0000000000002,move,improve
463,23,4223.299999999999,6,1707.0000000000002,move,improve
464,23,4162.599999999999,6,1707.0000000000002,move,improve
465,23,4255.799999999999,6,1707.0000000000002,swap,acceptBad
466,23,4357.299999999999,6,1707.0000000000002,swap,acceptBad
467,23,4300.999999999999,6,1707.0000000000002,2opt,improve
468,22,4297.299999999998,6,1707.0000000000002,2opt,improve
469,22,4364.199999999999,6,1707.0000000000002,2opt,acceptBad
470,22,4411.7,6,1707.0000000000002,swap,acceptBad
471,22,4410.999999999998,6,1707.0000000000002,2opt,improve
472,22,4420.699999999999,6,1707.0000000000002,swap,acceptBad
473,22,4385.999999999998,6,1707.0000000000002,move,improve
474,22,4377.5999999999985,6,1707.0000000000002,move,improve
475,22,4318.399999999999,6,1707.0000000000002,move,improve
476,22,4363.4,6,1707.0000000000002,2opt,acceptBad
477,22,4300.9,6,1707.0000000000002,swap,improve
478,22,4331.3,6,1707.0000000000002,swap,acceptBad
479,22,4279.2,6,1707.0000000000002,move,improve
480,22,4262.399999999999,6,1707.0000000000002,move,improve
481,22,4258.599999999999,6,1707.0000000000002,move,improve
482,22,4298.299999999999,6,1707.0000000000002,swap,acceptBad
483,22,4298.299999999999,6,1707.0000000000002,move,improve
484,22,4251.699999999999,6,1707.0000000000002,move,improve
485,22,4317.099999999999,6,1707.0000000000002,swap,acceptBad
486,22,4317.099999999999,6,1707.0000000000002,move,improve
487,21,4276.599999999999,6,1707.0000000000002,2opt,improve
488,21,4276.499999999999,6,1707.0000000000002,move,improve
489,21,4297.899999999997,6,1707.0000000000002,2opt,acceptBad
490,21,4301.800000000001,6,1707.0000000000002,2opt,acceptBad
491,21,4288.799999999999,6,1707.0000000000002,2opt,improve
492,21,4280.5999999999985,6,1707.0000000000002,2opt,improve
493,21,4210.499999999998,6,1707.0000000000002,move,improve
494,21,4151.599999999998,6,1707.0000000000002,move,improve
495,21,4026.999999999997,6,1707.0000000000002,move,improve
496,21,4032.599999999997,6,1707.0000000000002,2opt,acceptBad
497,21,4032.599999999997,6,1707.0000000000002,move,improve
498,21,4032.599999999997,6,1707.0000000000002,move,improve
499,21,4116.299999999997,6,1707.0000000000002,swap,acceptBad
500,21,4116.1,6,1707.0000000000002,2opt,improve
501,21,4184.1,6,1707.0000000000002,2opt,acceptBad
502,21,4186.2,6,1707.0000000000002,2opt,acceptBad
503,21,4150.8,6,1707.0000000000002,move,improve
504,21,4158.0,6,1707.0000000000002,swap,acceptBad
505,21,4161.3,6,1707.0000000000002,2opt,acceptBad
506,21,4196.299999999999,6,1707.0000000000002,2opt,acceptBad
507,21,4209.999999999999,6,1707.0000000000002,swap,acceptBad
508,21,4181.099999999999,6,1707.0000000000002,swap,improve
509,21,4269.5,6,1707.0000000000002,swap,acceptBad
510,21,4268.7,6,1707.0000000000002,move,improve
511,21,4264.5,6,1707.0000000000002,swap,improve
512,21,4251.299999999999,6,1707.0000000000002,swap,improve
513,21,4209.499999999999,6,1707.0000000000002,move,improve
514,21,4129.899999999999,6,1707.0000000000002,swap,improve
515,21,4088.7999999999993,6,1707.0000000000002,move,improve
516,21,4060.9999999999986,6,1707.0000000000002,2opt,improve
517,21,4043.7999999999984,6,1707.0000000000002,swap,improve
518,21,4089.4999999999986,6,1707.0000000000002,2opt,acceptBad
519,21,4089.4999999999986,6,1707.0000000000002,move,improve
520,21,4047.0999999999985,6,1707.0000000000002,move,improve
521,21,4013.299999999999,6,1707.0000000000002,move,improve
522,21,4004.999999999999,6,1707.0000000000002,move,improve
523,21,4076.699999999999,6,1707.0000000000002,2opt,acceptBad
524,21,4063.3999999999987,6,1707.0000000000002,move,improve
525,21,4092.0999999999985,6,1707.0000000000002,swap,acceptBad
526,21,4079.1999999999985,6,1707.0000000000002,swap,improve
527,21,4060.0999999999995,6,1707.0000000000002,2opt,improve
528,21,4034.4999999999986,6,1707.0000000000002,2opt,improve
529,21,4012.3999999999987,6,1707.0000000000002,2opt,improve
530,21,3991.8999999999987,6,1707.0000000000002,move,improve
531,21,3984.4999999999995,6,1707.0000000000002,2opt,improve
532,21,4001.599999999999,6,1707.0000000000002,2opt,acceptBad
533,21,3995.099999999999,6,1707.0000000000002,move,improve
534,21,4049.6999999999985,6,1707.0000000000002,swap,acceptBad
535,21,4041.399999999999,6,1707.0000000000002,2opt,improve
536,21,3933.399999999999,6,1707.0000000000002,2opt,improve
537,21,3944.099999999999,6,1707.0000000000002,swap,acceptBad
538,21,3900.4999999999995,6,1707.0000000000002,move,improve
539,21,3900.8999999999996,6,1707.0000000000002,swap,acceptBad
540,21,3914.7999999999997,6,1707.0000000000002,2opt,acceptBad
541,21,4016.3000000000006,6,1707.0000000000002,2opt,acceptBad
542,22,4162.700000000001,6,1707.0000000000002,2opt,acceptBad
543,22,4158.3,6,1707.0000000000002,move,improve
544,22,4175.0,6,1707.0000000000002,swap,acceptBad
545,22,4186.7,6,1707.0000000000002,swap,acceptBad
546,22,4150.6,6,1707.0000000000002,move,improve
547,22,4137.5,6,1707.0000000000002,2opt,improve
548,22,4142.599999999999,6,1707.0000000000002,2opt,acceptBad
549,22,4096.699999999999,6,1707.0000000000002,move,improve
550,22,4134.2,6,1707.0000000000002,2opt,acceptBad
551,22,4153.2,6,1707.0000000000002,swap,acceptBad
552,22,4139.499999999999,6,1707.0000000000002,move,improve
553,22,4125.299999999999,6,1707.0000000000002,2opt,improve
554,22,4125.299999999999,6,1707.0000000000002,move,improve
555,21,4084.2000000000003,6,1707.0000000000002,move,improve
556,21,4036.7000000000003,6,1707.0000000000002,move,improve
557,21,4046.3000000000006,6,1707.0000000000002,swap,acceptBad
558,21,3993.7000000000007,6,1707.0000000000002,move,improve
559,21,4011.3000000000006,6,1707.0000000000002,2opt,acceptBad
560,21,4008.9000000000005,6,1707.0000000000002,move,improve
561,21,3960.9000000000005,6,1707.0000000000002,swap,improve
562,21,4019.1000000000004,6,1707.0000000000002,2opt,acceptBad
563,21,3994.8999999999996,6,1707.0000000000002,move,improve
564,21,3989.6000000000013,6,1707.0000000000002,2opt,improve
565,21,3991.400000000001,6,1707.0000000000002,2opt,acceptBad
566,21,4005.7000000000016,6,1707.0000000000002,swap,acceptBad
567,21,3987.2000000000016,6,1707.0000000000002,swap,improve
568,21,3987.2000000000016,6,1707.0000000000002,move,improve
569,21,3954.0000000000014,6,1707.0000000000002,move,improve
570,21,3950.800000000001,6,1707.0000000000002,swap,improve
571,21,3905.0000000000005,6,1707.0000000000002,move,improve
572,21,4005.600000000001,6,1707.0000000000002,swap,acceptBad
573,21,3975.4000000000005,6,1707.0000000000002,move,improve
574,21,3975.500000000001,6,1707.0000000000002,2opt,acceptBad
575,21,3940.100000000001,6,1707.0000000000002,swap,improve
576,21,3863.9000000000005,6,1707.0000000000002,move,improve
577,21,3797.6000000000013,6,1707.0000000000002,swap,improve
578,21,3903.9000000000015,6,1707.0000000000002,2opt,acceptBad
579,21,3903.9000000000015,6,1707.0000000000002,move,improve
580,21,3903.9000000000015,6,1707.0000000000002,move,improve
581,21,4020.300000000001,6,1707.0000000000002,swap,acceptBad
582,21,4013.400000000001,6,1707.0000000000002,move,improve
583,22,3960.5000000000014,6,1707.0000000000002,2opt,improve
584,22,3957.1000000000017,6,1707.0000000000002,swap,improve
585,22,4063.300000000001,6,1707.0000000000002,2opt,acceptBad
586,22,4031.0000000000014,6,1707.0000000000002,move,improve
587,22,3996.300000000001,6,1707.0000000000002,swap,improve
588,22,4087.5,6,1707.0000000000002,2opt,acceptBad
589,22,4140.099999999999,6,1707.0000000000002,2opt,acceptBad
590,22,4199.599999999999,6,1707.0000000000002,swap,acceptBad
591,22,4209.4,6,1707.0000000000002,swap,acceptBad
592,22,4243.4,6,1707.0000000000002,2opt,acceptBad
593,22,4233.4,6,1707.0000000000002,move,improve
594,22,4241.2,6,1707.0000000000002,swap,acceptBad
595,22,4273.7,6,1707.0000000000002,swap,acceptBad
596,22,4284.5,6,1707.0000000000002,swap,acceptBad
597,22,4287.7,6,1707.0000000000002,swap,acceptBad
598,22,4287.7,6,1707.0000000000002,move,improve
599,22,4272.599999999999,6,1707.0000000000002,swap,improve
600,22,4241.500000000001,6,1707.0000000000002,2opt,improve
601,22,4224.000000000001,6,1707.0000000000002,move,improve
602,22,4222.700000000001,6,1707.0000000000002,move,improve
603,22,4123.7,6,1707.0000000000002,move,improve
604,22,4165.399999999999,6,1707.0000000000002,2opt,acceptBad
605,22,4096.899999999999,6,1707.0000000000002,move,improve
606,22,4116.0999999999985,6,1707.0000000000002,swap,acceptBad
607,22,4050.2999999999993,6,1707.0000000000002,move,improve
608,22,4100.199999999999,6,1707.0000000000002,2opt,acceptBad
609,22,4207.399999999999,6,1707.0000000000002,swap,acceptBad
610,23,4288.599999999999,6,1707.0000000000002,2opt,acceptBad
611,23,4354.099999999999,6,1707.0000000000002,swap,acceptBad
612,23,4322.699999999999,6,1707.0000000000002,move,improve
613,23,4314.599999999997,6,1707.0000000000002,2opt,improve
614,23,4338.900000000001,6,1707.0000000000002,2opt,acceptBad
615,23,4326.599999999999,6,1707.0000000000002,2opt,improve
616,23,4288.299999999999,6,1707.0000000000002,swap,improve
617,23,4318.2,6,1707.0000000000002,swap,acceptBad
618,23,4335.799999999999,6,1707.0000000000002,swap,acceptBad
619,23,4334.0999999999985,6,1707.0000000000002,2opt,improve
620,23,4369.4,6,1707.0000000000002,2opt,acceptBad
621,23,4360.8,6,1707.0000000000002,swap,improve
622,23,4341.3,6,1707.0000000000002,move,improve
623,23,4309.399999999999,6,1707.0000000000002,2opt,improve
624,24,4372.799999999999,6,1707.0000000000002,2opt,acceptBad
625,24,4370.2,6,1707.0000000000002,move,improve
626,24,4408.799999999998,6,1707.0000000000002,2opt,acceptBad
627,24,4418.299999999998,6,1707.0000000000002,swap,acceptBad
628,24,4383.299999999998,6,1707.0000000000002,move,improve
629,24,4362.299999999999,6,1707.0000000000002,2opt,improve
630,24,4402.399999999999,6,1707.0000000000002,2opt,acceptBad
631,24,4392.299999999997,6,1707.0000000000002,2opt,improve
632,24,4309.899999999997,6,1707.0000000000002,move,improve
633,24,4309.899999999997,6,1707.0000000000002,move,improve
634,24,4344.599999999998,6,1707.0000000000002,2opt,acceptBad
635,24,4341.599999999998,6,1707.0000000000002,move,improve
636,24,4317.199999999997,6,1707.0000000000002,move,improve
637,24,4268.899999999997,6,1707.0000000000002,swap,improve
638,24,4267.399999999997,6,1707.0000000000002,move,improve
639,24,4312.799999999997,6,1707.0000000000002,swap,acceptBad
640,24,4311.899999999998,6,1707.0000000000002,2opt,improve
641,24,4300.499999999998,6,1707.0000000000002,move,improve
642,24,4314.899999999997,6,1707.0000000000002,2opt,acceptBad
643,24,4289.499999999997,6,1707.0000000000002,2opt,improve
644,24,4287.999999999997,6,1707.0000000000002,move,improve
645,24,4325.499999999999,6,1707.0000000000002,2opt,acceptBad
646,24,4314.899999999998,6,1707.0000000000002,2opt,improve
647,24,4314.399999999999,6,1707.0000000000002,2opt,improve
648,24,4339.899999999999,6,1707.0000000000002,swap,acceptBad
649,24,4333.399999999999,6,1707.0000000000002,move,improve
650,24,4292.499999999998,6,1707.0000000000002,swap,improve
651,24,4250.0999999999985,6,1707.0000000000002,swap,improve
652,24,4186.599999999998,6,1707.0000000000002,move,improve
653,24,4240.099999999998,6,1707.0000000000002,swap,acceptBad
654,24,4240.099999999998,6,1707.0000000000002,move,improve
655,24,4272.999999999998,6,1707.0000000000002,swap,acceptBad
656,24,4283.199999999999,6,1707.0000000000002,2opt,acceptBad
657,24,4283.099999999997,6,1707.0000000000002,2opt,improve
658,24,4275.599999999997,6,1707.0000000000002,move,improve
659,24,4230.699999999997,6,1707.0000000000002,move,improve
660,23,4200.999999999998,6,1707.0000000000002,2opt,improve
661,23,4111.5999999999985,6,1707.0000000000002,swap,improve
662,23,4101.699999999999,6,1707.0000000000002,move,improve
663,23,4064.699999999999,6,1707.0000000000002,swap,improve
664,23,4064.699999999999,6,1707.0000000000002,2opt,improve
665,23,4175.499999999999,6,1707.0000000000002,swap,acceptBad
666,23,4316.099999999999,6,1707.0000000000002,swap,acceptBad
667,23,4238.4,6,1707.0000000000002,2opt,improve
668,23,4153.599999999999,6,1707.0000000000002,move,improve
669,23,4161.799999999999,6,1707.0000000000002,swap,acceptBad
670,23,4208.299999999999,6,1707.0000000000002,swap,acceptBad
671,23,4226.399999999999,6,1707.0000000000002,swap,acceptBad
672,23,4217.099999999999,6,1707.0000000000002,move,improve
673,23,4217.099999999999,6,1707.0000000000002,move,improve
674,23,4238.399999999999,6,1707.0000000000002,swap,acceptBad
675,23,4301.499999999997,6,1707.0000000000002,2opt,acceptBad
676,23,4308.900000000001,6,1707.0000000000002,2opt,acceptBad
677,23,4362.499999999999,6,1707.0000000000002,swap,acceptBad
678,23,4357.499999999999,6,1707.0000000000002,move,improve
679,23,4356.7,6,1707.0000000000002,swap,improve
680,23,4382.499999999999,6,1707.0000000000002,swap,acceptBad
681,23,4546.499999999999,6,1707.0000000000002,2opt,acceptBad
682,23,4516.599999999999,6,1707.0000000000002,swap,improve
683,23,4516.4,6,1707.0000000000002,move,improve
684,23,4507.999999999999,6,1707.0000000000002,move,improve
685,23,4507.999999999999,6,1707.0000000000002,2opt,improve
686,23,4478.799999999999,6,1707.0000000000002,move,improve
687,23,4478.799999999999,6,1707.0000000000002,move,improve
688,23,4393.899999999998,6,1707.0000000000002,move,improve
689,23,4378.099999999998,6,1707.0000000000002,move,improve
690,23,4378.099999999998,6,1707.0000000000002,move,improve
691,23,4363.7,6,1707.0000000000002,2opt,improve
692,23,4375.0,6,1707.0000000000002,swap,acceptBad
693,23,4375.0,6,1707.0000000000002,move,improve
694,23,4383.599999999999,6,1707.0000000000002,swap,acceptBad
695,23,4381.999999999999,6,1707.0000000000002,swap,improve
696,23,4347.1,6,1707.0000000000002,2opt,improve
697,23,4347.599999999999,6,1707.0000000000002,swap,acceptBad
698,23,4394.799999999999,6,1707.0000000000002,2opt,acceptBad
699,23,4367.399999999999,6,1707.0000000000002,move,improve
700,23,4367.299999999998,6,1707.0000000000002,move,improve
701,23,4368.299999999998,6,1707.0000000000002,swap,acceptBad
702,23,4298.899999999999,6,1707.0000000000002,move,improve
703,23,4324.399999999999,6,1707.0000000000002,swap,acceptBad
704,23,4389.299999999999,6,1707.0000000000002,swap,acceptBad
705,23,4340.799999999998,6,1707.0000000000002,swap,improve
706,24,4366.899999999999,6,1707.0000000000002,2opt,acceptBad
707,24,4387.799999999999,6,1707.0000000000002,swap,acceptBad
708,24,4303.499999999999,6,1707.0000000000002,move,improve
709,24,4303.499999999999,6,1707.0000000000002,move,improve
710,24,4287.299999999998,6,1707.0000000000002,2opt,improve
711,24,4291.499999999998,6,1707.0000000000002,2opt,acceptBad
712,24,4328.599999999998,6,1707.0000000000002,2opt,acceptBad
713,24,4366.499999999999,6,1707.0000000000002,2opt,acceptBad
714,23,4325.799999999999,6,1707.0000000000002,move,improve
715,23,4360.999999999998,6,1707.0000000000002,2opt,acceptBad
716,23,4386.199999999998,6,1707.0000000000002,swap,acceptBad
717,23,4384.299999999997,6,1707.0000000000002,move,improve
718,23,4355.999999999997,6,1707.0000000000002,swap,improve
719,23,4321.399999999997,6,1707.0000000000002,move,improve
720,23,4313.399999999998,6,1707.0000000000002,move,improve
721,23,4370.099999999997,6,1707.0000000000002,swap,acceptBad
722,23,4308.899999999998,6,1707.0000000000002,move,improve
723,23,4236.799999999997,6,1707.0000000000002,move,improve
724,23,4379.299999999997,6,1707.0000000000002,swap,acceptBad
725,23,4374.499999999998,6,1707.0000000000002,2opt,improve
726,23,4408.999999999998,6,1707.0000000000002,swap,acceptBad
727,22,4382.399999999999,6,1707.0000000000002,2opt,improve
728,22,4291.299999999997,6,1707.0000000000002,swap,improve
729,22,4344.499999999997,6,1707.0000000000002,swap,acceptBad
730,22,4351.599999999998,6,1707.0000000000002,2opt,acceptBad
731,22,4359.299999999997,6,1707.0000000000002,swap,acceptBad
732,22,4342.999999999997,6,1707.0000000000002,2opt,improve
733,22,4358.199999999998,6,1707.0000000000002,2opt,acceptBad
734,22,4455.199999999999,6,1707.0000000000002,swap,acceptBad
735,22,4399.699999999999,6,1707.0000000000002,swap,improve
736,22,4395.799999999998,6,1707.0000000000002,2opt,improve
737,22,4338.799999999998,6,1707.0000000000002,2opt,improve
738,22,4324.599999999998,6,1707.0000000000002,swap,improve
739,22,4322.199999999998,6,1707.0000000000002,move,improve
740,22,4391.0999999999985,6,1707.0000000000002,swap,acceptBad
741,22,4485.599999999998,6,1707.0000000000002,2opt,acceptBad
742,22,4411.299999999997,6,1707.0000000000002,move,improve
743,22,4342.699999999998,6,1707.0000000000002,swap,improve
744,22,4378.999999999998,6,1707.0000000000002,swap,acceptBad
745,22,4378.999999999998,6,1707.0000000000002,move,improve
746,22,4287.299999999998,6,1707.0000000000002,swap,improve
747,22,4277.899999999999,6,1707.0000000000002,move,improve
748,22,4250.499999999998,6,1707.0000000000002,swap,improve
749,22,4350.899999999999,6,1707.0000000000002,swap,acceptBad
750,22,4321.199999999998,6,1707.0000000000002,swap,improve
751,22,4360.499999999998,6,1707.0000000000002,swap,acceptBad
752,22,4324.8,6,1707.0000000000002,2opt,improve
753,22,4332.699999999999,6,1707.0000000000002,2opt,acceptBad
754,22,4322.699999999998,6,1707.0000000000002,swap,improve
755,22,4325.799999999998,6,1707.0000000000002,swap,acceptBad
756,22,4324.799999999998,6,1707.0000000000002,move,improve
757,22,4324.699999999998,6,1707.0000000000002,move,improve
758,22,4357.699999999998,6,1707.0000000000002,2opt,acceptBad
759,22,4357.699999999998,6,1707.0000000000002,move,improve
760,22,4408.899999999998,6,1707.0000000000002,swap,acceptBad
761,22,4397.399999999998,6,1707.0000000000002,2opt,improve
762,22,4427.299999999997,6,1707.0000000000002,swap,acceptBad
763,22,4422.899999999998,6,1707.0000000000002,move,improve
764,22,4420.0999999999985,6,1707.0000000000002,move,improve
765,22,4373.499999999998,6,1707.0000000000002,swap,improve
766,22,4323.799999999998,6,1707.0000000000002,2opt,improve
767,22,4355.299999999998,6,1707.0000000000002,swap,acceptBad
768,22,4297.399999999998,6,1707.0000000000002,swap,improve
769,22,4453.899999999999,6,1707.0000000000002,swap,acceptBad
770,22,4472.699999999999,6,1707.0000000000002,swap,acceptBad
771,22,4488.4,6,1707.0000000000002,2opt,acceptBad
772,22,4442.499999999999,6,1707.0000000000002,move,improve
773,22,4495.5999999999985,6,1707.0000000000002,swap,acceptBad
774,22,4507.199999999997,6,1707.0000000000002,2opt,acceptBad
775,22,4538.5999999999985,6,1707.0000000000002,2opt,acceptBad
776,22,4622.0999999999985,6,1707.0000000000002,swap,acceptBad
777,22,4641.899999999998,6,1707.0000000000002,swap,acceptBad
778,22,4606.199999999996,6,1707.0000000000002,2opt,improve
779,22,4528.699999999997,6,1707.0000000000002,move,improve
780,22,4537.099999999999,6,1707.0000000000002,2opt,acceptBad
781,22,4536.999999999999,6,1707.0000000000002,move,improve
782,22,4547.499999999999,6,1707.0000000000002,2opt,acceptBad
783,22,4539.699999999999,6,1707.0000000000002,swap,improve
784,22,4520.899999999998,6,1707.0000000000002,2opt,improve
785,22,4410.199999999998,6,1707.0000000000002,move,improve
786,22,4422.700000000001,6,1707.0000000000002,2opt,acceptBad
787,22,4405.1,6,1707.0000000000002,move,improve
788,22,4403.900000000001,6,1707.0000000000002,move,improve
789,22,4346.200000000001,6,1707.0000000000002,move,improve
790,22,4277.200000000001,6,1707.0000000000002,move,improve
791,22,4254.600000000001,6,1707.0000000000002,2opt,improve
792,22,4268.9000000000015,6,1707.0000000000002,swap,acceptBad
793,22,4255.9000000000015,6,1707.0000000000002,swap,improve
794,22,4246.4000000000015,6,1707.0000000000002,swap,improve
795,22,4279.200000000001,6,1707.0000000000002,2opt,acceptBad
796,22,4296.799999999999,6,1707.0000000000002,2opt,acceptBad
797,22,4360.799999999999,6,1707.0000000000002,swap,acceptBad
798,22,4409.8,6,1707.0000000000002,2opt,acceptBad
799,22,4401.0,6,1707.0000000000002,move,improve
800,22,4395.5,6,1707.0000000000002,swap,improve
801,22,4431.5,6,1707.0000000000002,swap,acceptBad
802,21,4350.3,6,1707.0000000000002,move,improve
803,21,4404.0999999999985,6,1707.0000000000002,2opt,acceptBad
804,21,4403.000000000001,6,1707.0000000000002,2opt,improve
805,21,4407.299999999998,6,1707.0000000000002,2opt,acceptBad
806,21,4420.999999999998,6,1707.0000000000002,swap,acceptBad
807,21,4453.399999999999,6,1707.0000000000002,swap,acceptBad
808,21,4498.299999999998,6,1707.0000000000002,swap,acceptBad
809,21,4533.399999999998,6,1707.0000000000002,2opt,acceptBad
810,21,4562.0999999999985,6,1707.0000000000002,swap,acceptBad
811,21,4564.699999999998,6,1707.0000000000002,2opt,acceptBad
812,21,4540.099999999998,6,1707.0000000000002,move,improve
813,21,4542.499999999997,6,1707.0000000000002,swap,acceptBad
814,22,4582.699999999999,6,1707.0000000000002,2opt,acceptBad
815,22,4495.699999999999,6,1707.0000000000002,move,improve
816,22,4486.099999999999,6,1707.0000000000002,2opt,improve
817,22,4478.199999999999,6,1707.0000000000002,move,improve
818,22,4475.2,6,1707.0000000000002,swap,improve
819,22,4484.399999999999,6,1707.0000000000002,2opt,acceptBad
820,22,4464.899999999999,6,1707.0000000000002,2opt,improve
821,22,4416.9,6,1707.0000000000002,move,improve
822,22,4356.3,6,1707.0000000000002,move,improve
823,22,4338.400000000001,6,1707.0000000000002,move,improve
824,22,4244.200000000001,6,1707.0000000000002,move,improve
825,22,4238.400000000001,6,1707.0000000000002,move,improve
826,22,4158.200000000001,6,1707.0000000000002,move,improve
827,22,4158.1,6,1707.0000000000002,move,improve
828,22,4104.499999999998,6,1707.0000000000002,2opt,improve
829,22,4161.699999999998,6,1707.0000000000002,2opt,acceptBad
830,22,4192.799999999998,6,1707.0000000000002,swap,acceptBad
831,22,4192.799999999998,6,1707.0000000000002,2opt,improve
832,22,4237.0999999999985,6,1707.0000000000002,swap,acceptBad
833,22,4355.899999999999,6,1707.0000000000002,swap,acceptBad
834,22,4420.000000000001,6,1707.0000000000002,2opt,acceptBad
835,22,4420.000000000001,6,1707.0000000000002,2opt,improve
836,23,4537.300000000001,6,1707.0000000000002,2opt,acceptBad
837,23,4531.300000000001,6,1707.0000000000002,move,improve
838,23,4562.799999999998,6,1707.0000000000002,2opt,acceptBad
839,23,4618.299999999998,6,1707.0000000000002,swap,acceptBad
840,22,4591.499999999999,6,1707.0000000000002,move,improve
841,22,4597.299999999999,6,1707.0000000000002,2opt,acceptBad
842,23,4644.299999999999,6,1707.0000000000002,2opt,acceptBad
843,23,4635.5,6,1707.0000000000002,2opt,improve
844,23,4586.099999999999,6,1707.0000000000002,swap,improve
845,23,4678.599999999999,6,1707.0000000000002,swap,acceptBad
846,23,4685.500000000001,6,1707.0000000000002,2opt,acceptBad
847,23,4623.800000000001,6,1707.0000000000002,2opt,improve
848,23,4642.299999999997,6,1707.0000000000002,2opt,acceptBad
849,23,4726.599999999998,6,1707.0000000000002,swap,acceptBad
850,23,4726.599999999998,6,1707.0000000000002,move,improve
851,23,4758.199999999998,6,1707.0000000000002,swap,acceptBad
852,23,4797.300000000001,6,1707.0000000000002,2opt,acceptBad
853,23,4775.9000000000015,6,1707.0000000000002,move,improve
854,23,4770.700000000002,6,1707.0000000000002,swap,improve
855,23,4796.400000000001,6,1707.0000000000002,swap,acceptBad
856,23,4786.700000000001,6,1707.0000000000002,2opt,improve
857,23,4765.000000000001,6,1707.0000000000002,2opt,improve
858,23,4742.999999999998,6,1707.0000000000002,2opt,improve
859,23,4757.799999999999,6,1707.0000000000002,2opt,acceptBad
860,23,4755.599999999999,6,1707.0000000000002,move,improve
861,23,4786.500000000002,6,1707.0000000000002,2opt,acceptBad
862,23,4806.200000000003,6,1707.0000000000002,swap,acceptBad
863,23,4805.100000000002,6,1707.0000000000002,swap,improve
864,23,4698.300000000001,6,1707.0000000000002,move,improve
865,23,4663.6,6,1707.0000000000002,move,improve
866,22,4577.4,6,1707.0000000000002,move,improve
867,22,4574.4,6,1707.0000000000002,swap,improve
868,22,4566.5,6,1707.0000000000002,2opt,improve
869,22,4561.7,6,1707.0000000000002,move,improve
870,23,4597.7,6,1707.0000000000002,2opt,acceptBad
871,23,4591.3,6,1707.0000000000002,swap,improve
872,23,4576.499999999998,6,1707.0000000000002,2opt,improve
873,23,4547.0,6,1707.0000000000002,2opt,improve
874,23,4542.500000000001,6,1707.0000000000002,swap,improve
875,23,4541.199999999999,6,1707.0000000000002,2opt,improve
876,23,4506.4,6,1707.0000000000002,move,improve
877,23,4502.1,6,1707.0000000000002,swap,improve
878,23,4494.6,6,1707.0000000000002,move,improve
879,23,4468.3,6,1707.0000000000002,move,improve
880,23,4474.0,6,1707.0000000000002,2opt,acceptBad
881,23,4463.900000000001,6,1707.0000000000002,swap,improve
882,24,4463.499999999998,6,1707.0000000000002,2opt,improve
883,24,4461.499999999998,6,1707.0000000000002,move,improve
884,24,4396.299999999998,6,1707.0000000000002,move,improve
885,24,4334.4,6,1707.0000000000002,swap,improve
886,24,4314.9,6,1707.0000000000002,move,improve
887,24,4308.3,6,1707.0000000000002,2opt,improve
888,24,4395.8,6,1707.0000000000002,2opt,acceptBad
889,24,4395.7,6,1707.0000000000002,move,improve
890,24,4444.6,6,1707.0000000000002,2opt,acceptBad
891,24,4604.400000000001,6,1707.0000000000002,swap,acceptBad
892,25,4708.6,6,1707.0000000000002,2opt,acceptBad
893,25,4706.599999999999,6,1707.0000000000002,swap,improve
894,24,4666.699999999999,6,1707.0000000000002,move,improve
895,24,4666.2,6,1707.0000000000002,move,improve
896,24,4668.2,6,1707.0000000000002,2opt,acceptBad
897,24,4668.2,6,1707.0000000000002,move,improve
898,24,4697.0,6,1707.0000000000002,2opt,acceptBad
899,24,4666.9,6,1707.0000000000002,swap,improve
900,24,4614.799999999999,6,1707.0000000000002,move,improve
901,24,4585.7,6,1707.0000000000002,move,improve
902,23,4515.7,6,1707.0000000000002,move,improve
903,23,4529.000000000001,6,1707.0000000000002,swap,acceptBad
904,23,4582.7,6,1707.0000000000002,2opt,acceptBad
905,23,4518.5,6,1707.0000000000002,swap,improve
906,23,4518.5,6,1707.0000000000002,move,improve
907,23,4492.0,6,1707.0000000000002,swap,improve
908,23,4480.299999999999,6,1707.0000000000002,swap,improve
909,23,4423.900000000001,6,1707.0000000000002,2opt,improve
910,23,4305.2,6,1707.0000000000002,move,improve
911,23,4415.900000000001,6,1707.0000000000002,swap,acceptBad
912,23,4374.699999999999,6,1707.0000000000002,move,improve
913,23,4319.099999999999,6,1707.0000000000002,move,improve
914,23,4372.7,6,1707.0000000000002,swap,acceptBad
915,23,4372.4,6,1707.0000000000002,swap,improve
916,23,4412.399999999999,6,1707.0000000000002,swap,acceptBad
917,23,4427.200000000001,6,1707.0000000000002,2opt,acceptBad
918,23,4522.3,6,1707.0000000000002,swap,acceptBad
919,23,4517.900000000001,6,1707.0000000000002,2opt,improve
920,23,4509.199999999999,6,1707.0000000000002,2opt,improve
921,23,4467.899999999999,6,1707.0000000000002,2opt,improve
922,23,4431.799999999998,6,1707.0000000000002,move,improve
923,23,4369.599999999999,6,1707.0000000000002,move,improve
924,23,4357.899999999999,6,1707.0000000000002,swap,improve
925,23,4354.299999999997,6,1707.0000000000002,2opt,improve
926,23,4372.099999999998,6,1707.0000000000002,2opt,acceptBad
927,23,4383.599999999998,6,1707.0000000000002,2opt,acceptBad
928,23,4360.199999999998,6,1707.0000000000002,move,improve
929,23,4355.899999999999,6,1707.0000000000002,move,improve
930,23,4354.999999999998,6,1707.0000000000002,swap,improve
931,23,4354.899999999999,6,1707.0000000000002,move,improve
932,23,4376.099999999999,6,1707.0000000000002,2opt,acceptBad
933,23,4413.399999999997,6,1707.0000000000002,2opt,acceptBad
934,23,4357.499999999997,6,1707.0000000000002,swap,improve
935,23,4377.499999999999,6,1707.0000000000002,2opt,acceptBad
936,24,4380.5999999999985,6,1707.0000000000002,2opt,acceptBad
937,24,4368.699999999998,6,1707.0000000000002,swap,improve
938,24,4366.299999999998,6,1707.0000000000002,move,improve
939,24,4364.799999999998,6,1707.0000000000002,move,improve
940,24,4375.9,6,1707.0000000000002,2opt,acceptBad
941,24,4355.499999999997,6,1707.0000000000002,2opt,improve
942,24,4296.999999999998,6,1707.0000000000002,move,improve
943,24,4239.099999999998,6,1707.0000000000002,swap,improve
944,24,4237.799999999998,6,1707.0000000000002,2opt,improve
945,24,4307.5999999999985,6,1707.0000000000002,swap,acceptBad
946,24,4282.699999999999,6,1707.0000000000002,2opt,improve
947,24,4291.899999999999,6,1707.0000000000002,swap,acceptBad
948,24,4285.299999999999,6,1707.0000000000002,swap,improve
949,24,4252.299999999999,6,1707.0000000000002,move,improve
950,24,4248.699999999999,6,1707.0000000000002,move,improve
951,24,4212.199999999999,6,1707.0000000000002,move,improve
952,24,4242.7,6,1707.0000000000002,swap,acceptBad
953,24,4241.799999999999,6,1707.0000000000002,move,improve
954,24,4274.499999999998,6,1707.0000000000002,2opt,acceptBad
955,24,4275.5999999999985,6,1707.0000000000002,swap,acceptBad
956,24,4238.4000000000015,6,1707.0000000000002,2opt,improve
957,24,4305.200000000001,6,1707.0000000000002,swap,acceptBad
958,24,4276.299999999999,6,1707.0000000000002,2opt,improve
959,24,4246.399999999999,6,1707.0000000000002,move,improve
960,24,4295.199999999999,6,1707.0000000000002,swap,acceptBad
961,24,4245.299999999998,6,1707.0000000000002,move,improve
962,24,4308.599999999998,6,1707.0000000000002,2opt,acceptBad
963,23,4280.5999999999985,6,1707.0000000000002,move,improve
964,23,4287.699999999997,6,1707.0000000000002,2opt,acceptBad
965,23,4247.399999999998,6,1707.0000000000002,move,improve
966,23,4240.999999999998,6,1707.0000000000002,2opt,improve
967,23,4240.999999999998,6,1707.0000000000002,2opt,notBad
968,22,4162.699999999998,6,1707.0000000000002,move,improve
969,22,4168.199999999998,6,1707.0000000000002,2opt,acceptBad
970,22,4132.799999999998,6,1707.0000000000002,move,improve
971,22,4132.799999999998,6,1707.0000000000002,move,improve
972,22,4053.299999999998,6,1707.0000000000002,move,improve
973,22,4082.3999999999983,6,1707.0000000000002,swap,acceptBad
974,22,4163.199999999998,6,1707.0000000000002,swap,acceptBad
975,22,4157.499999999999,6,1707.0000000000002,move,improve
976,22,4204.2,6,1707.0000000000002,2opt,acceptBad
977,22,4204.2,6,1707.0000000000002,swap,improve
978,22,4258.599999999999,6,1707.0000000000002,2opt,acceptBad
979,22,4254.4,6,1707.0000000000002,move,improve
980,22,4309.0,6,1707.0000000000002,swap,acceptBad
981,22,4305.3,6,1707.0000000000002,move,improve
982,22,4271.8,6,1707.0000000000002,move,improve
983,22,4345.599999999999,6,1707.0000000000002,2opt,acceptBad
984,22,4357.699999999998,6,1707.0000000000002,2opt,acceptBad
985,22,4356.499999999998,6,1707.0000000000002,2opt,improve
986,22,4396.499999999998,6,1707.0000000000002,2opt,acceptBad
987,22,4394.399999999999,6,1707.0000000000002,move,improve
988,22,4382.699999999998,6,1707.0000000000002,move,improve
989,22,4383.799999999999,6,1707.0000000000002,2opt,acceptBad
990,22,4361.5999999999985,6,1707.0000000000002,move,improve
991,22,4332.199999999999,6,1707.0000000000002,swap,improve
992,22,4316.099999999999,6,1707.0000000000002,move,improve
993,22,4289.699999999999,6,1707.0000000000002,move,improve
994,22,4228.799999999999,6,1707.0000000000002,move,improve
995,22,4284.099999999999,6,1707.0000000000002,2opt,acceptBad
996,22,4398.0999999999985,6,1707.0000000000002,2opt,acceptBad
997,22,4401.499999999999,6,1707.0000000000002,2opt,acceptBad
998,22,4372.399999999998,6,1707.0000000000002,2opt,improve
999,22,4403.999999999998,6,1707.0000000000002,swap,acceptBad
1000,22,4549.299999999997,6,1707.0000000000002,swap,acceptBad
1001,22,4445.799999999999,6,1707.0000000000002,2opt,improve
1002,22,4350.2,6,1707.0000000000002,move,improve
1003,22,4376.4,6,1707.0000000000002,swap,acceptBad
1004,22,4274.199999999999,6,1707.0000000000002,move,improve
1005,22,4268.099999999999,6,1707.0000000000002,swap,improve
1006,22,4297.199999999999,6,1707.0000000000002,swap,acceptBad
1007,22,4222.0999999999985,6,1707.0000000000002,move,improve
1008,22,4260.7,6,1707.0000000000002,swap,acceptBad
1009,22,4199.399999999999,6,1707.0000000000002,move,improve
1010,22,4207.400000000001,6,1707.0000000000002,2opt,acceptBad
1011,22,4205.399999999999,6,1707.0000000000002,swap,improve
1012,22,4188.399999999999,6,1707.0000000000002,move,improve
1013,21,4121.399999999999,6,1707.0000000000002,move,improve
1014,21,4088.8999999999996,6,1707.0000000000002,move,improve
1015,21,4088.8999999999987,6,1707.0000000000002,2opt,improve
1016,21,4078.8999999999983,6,1707.0000000000002,2opt,improve
1017,21,4097.499999999998,6,1707.0000000000002,2opt,acceptBad
1018,21,4064.299999999999,6,1707.0000000000002,move,improve
1019,21,4033.4999999999986,6,1707.0000000000002,move,improve
1020,21,4033.4999999999986,6,1707.0000000000002,move,improve
1021,21,4005.0999999999985,6,1707.0000000000002,2opt,improve
1022,21,3997.5999999999985,6,1707.0000000000002,move,improve
1023,21,3997.5999999999985,6,1707.0000000000002,move,improve
1024,21,4020.6999999999985,6,1707.0000000000002,swap,acceptBad
1025,21,4053.8999999999983,6,1707.0000000000002,2opt,acceptBad
1026,21,4050.2999999999984,6,1707.0000000000002,move,improve
1027,21,4050.2999999999984,6,1707.0000000000002,move,improve
1028,21,4059.6999999999985,6,1707.0000000000002,swap,acceptBad
1029,21,4030.9999999999986,6,1707.0000000000002,move,improve
1030,21,4067.3999999999983,6,1707.0000000000002,swap,acceptBad
1031,21,4003.8999999999987,6,1707.0000000000002,move,improve
1032,21,3902.8999999999987,6,1707.0000000000002,move,improve
1033,21,3916.3,6,1707.0000000000002,2opt,acceptBad
1034,21,3861.7000000000003,6,1707.0000000000002,move,improve
1035,21,3862.4999999999986,6,1707.0000000000002,2opt,acceptBad
1036,22,3965.799999999999,6,1707.0000000000002,2opt,acceptBad
1037,23,3935.3999999999987,6,1707.0000000000002,2opt,improve
1038,23,3906.5999999999985,6,1707.0000000000002,move,improve
1039,23,3942.699999999999,6,1707.0000000000002,2opt,acceptBad
1040,23,4057.6999999999985,6,1707.0000000000002,2opt,acceptBad
1041,23,4048.999999999998,6,1707.0000000000002,swap,improve
1042,23,4077.1999999999985,6,1707.0000000000002,swap,acceptBad
1043,23,4117.199999999999,6,1707.0000000000002,2opt,acceptBad
1044,23,4093.7999999999984,6,1707.0000000000002,swap,improve
1045,23,4116.299999999999,6,1707.0000000000002,swap,acceptBad
1046,23,4008.299999999999,6,1707.0000000000002,move,improve
1047,22,4007.599999999999,6,1707.0000000000002,2opt,improve
1048,23,4084.399999999999,6,1707.0000000000002,2opt,acceptBad
1049,23,4085.0999999999985,6,1707.0000000000002,2opt,acceptBad
1050,23,4092.3999999999987,6,1707.0000000000002,2opt,acceptBad
1051,23,4092.199999999999,6,1707.0000000000002,2opt,improve
1052,23,4092.199999999999,6,1707.0000000000002,move,improve
1053,23,4115.999999999999,6,1707.0000000000002,swap,acceptBad
1054,23,4099.5999999999985,6,1707.0000000000002,2opt,improve
1055,23,4094.4999999999977,6,1707.0000000000002,move,improve
1056,23,4126.299999999997,6,1707.0000000000002,2opt,acceptBad
1057,23,4107.099999999998,6,1707.0000000000002,move,improve
1058,23,4121.499999999996,6,1707.0000000000002,swap,acceptBad
1059,23,4009.5999999999967,6,1707.0000000000002,move,improve
1060,23,3955.6999999999975,6,1707.0000000000002,move,improve
1061,23,3976.3999999999983,6,1707.0000000000002,2opt,acceptBad
1062,23,3964.9999999999986,6,1707.0000000000002,swap,improve
1063,23,3947.299999999998,6,1707.0000000000002,2opt,improve
1064,23,3951.4999999999977,6,1707.0000000000002,2opt,acceptBad
1065,23,3940.199999999998,6,1707.0000000000002,move,improve
1066,23,3939.499999999998,6,1707.0000000000002,move,improve
1067,23,4001.3999999999987,6,1707.0000000000002,swap,acceptBad
1068,23,4033.199999999999,6,1707.0000000000002,swap,acceptBad
1069,23,4060.7999999999993,6,1707.0000000000002,2opt,acceptBad
1070,23,3982.2999999999993,6,1707.0000000000002,swap,improve
1071,22,3900.699999999999,6,1707.0000000000002,move,improve
1072,22,3858.3999999999987,6,1707.0000000000002,move,improve
1073,22,3800.399999999999,6,1707.0000000000002,move,improve
1074,22,3799.7999999999993,6,1707.0000000000002,swap,improve
1075,22,3838.699999999998,6,1707.0000000000002,2opt,acceptBad
1076,22,3834.4999999999977,6,1707.0000000000002,2opt,improve
1077,22,3832.0999999999976,6,1707.0000000000002,swap,improve
1078,22,3896.099999999997,6,1707.0000000000002,2opt,acceptBad
1079,22,3928.4999999999977,6,1707.0000000000002,swap,acceptBad
1080,22,3922.7999999999975,6,1707.0000000000002,swap,improve
1081,22,3986.3999999999974,6,1707.0000000000002,2opt,acceptBad
1082,22,3917.8999999999983,6,1707.0000000000002,move,improve
1083,23,3884.3999999999987,6,1707.0000000000002,2opt,improve
1084,23,3896.5999999999985,6,1707.0000000000002,swap,acceptBad
1085,23,3894.9999999999986,6,1707.0000000000002,swap,improve
1086,23,3835.1999999999985,6,1707.0000000000002,move,improve
1087,23,3835.3999999999987,6,1707.0000000000002,swap,acceptBad
1088,23,3838.7999999999997,6,1707.0000000000002,2opt,acceptBad
1089,23,3838.7999999999997,6,1707.0000000000002,move,improve
1090,23,3971.999999999999,6,1707.0000000000002,swap,acceptBad
1091,23,4008.7999999999993,6,1707.0000000000002,swap,acceptBad
1092,23,3935.3999999999996,6,1707.0000000000002,move,improve
1093,23,4000.8999999999996,6,1707.0000000000002,2opt,acceptBad
1094,23,4096.0,6,1707.0000000000002,swap,acceptBad
1095,23,4096.0,6,1707.0000000000002,move,improve
1096,23,4079.3,6,1707.0000000000002,swap,improve
1097,23,4052.3,6,1707.0000000000002,2opt,improve
1098,23,4118.9,6,1707.0000000000002,2opt,acceptBad
1099,23,4188.4,6,1707.0000000000002,swap,acceptBad
1100,23,4060.699999999999,6,1707.0000000000002,swap,improve
1101,23,4040.699999999999,6,1707.0000000000002,2opt,improve
1102,23,4055.799999999999,6,1707.0000000000002,swap,acceptBad
1103,23,4074.1999999999994,6,1707.0000000000002,2opt,acceptBad
1104,23,4074.1999999999994,6,1707.0000000000002,move,improve
1105,23,4091.999999999999,6,1707.0000000000002,swap,acceptBad
1106,23,4081.099999999999,6,1707.0000000000002,swap,improve
1107,23,4090.6999999999994,6,1707.0000000000002,swap,acceptBad
1108,23,4042.899999999999,6,1707.0000000000002,move,improve
1109,23,4052.0999999999995,6,1707.0000000000002,2opt,acceptBad
1110,23,4051.9999999999995,6,1707.0000000000002,swap,improve
1111,23,3950.4999999999995,6,1707.0000000000002,swap,improve
1112,23,4124.299999999999,6,1707.0000000000002,swap,acceptBad
1113,23,4159.199999999999,6,1707.0000000000002,2opt,acceptBad
1114,23,4177.0999999999985,6,1707.0000000000002,swap,acceptBad
1115,23,4184.799999999999,6,1707.0000000000002,swap,acceptBad
1116,23,4271.2,6,1707.0000000000002,swap,acceptBad
1117,23,4294.099999999999,6,1707.0000000000002,2opt,acceptBad
1118,23,4363.7,6,1707.0000000000002,swap,acceptBad
1119,23,4361.799999999999,6,1707.0000000000002,move,improve
1120,23,4293.6,6,1707.0000000000002,2opt,improve
1121,23,4286.5,6,1707.0000000000002,swap,improve
1122,23,4260.0,6,1707.0000000000002,swap,improve
1123,24,4287.1,6,1707.0000000000002,2opt,acceptBad
1124,24,4307.9,6,1707.0000000000002,swap,acceptBad
1125,24,4340.9,6,1707.0000000000002,swap,acceptBad
1126,24,4281.7,6,1707.0000000000002,swap,improve
1127,24,4258.2,6,1707.0000000000002,2opt,improve
1128,24,4237.799999999999,6,1707.0000000000002,move,improve
1129,24,4150.799999999998,6,1707.0000000000002,move,improve
1130,24,4118.399999999999,6,1707.0000000000002,swap,improve
1131,24,4136.799999999998,6,1707.0000000000002,2opt,acceptBad
1132,23,4128.899999999998,6,1707.0000000000002,2opt,improve
1133,23,4163.899999999998,6,1707.0000000000002,2opt,acceptBad
1134,23,4193.199999999998,6,1707.0000000000002,swap,acceptBad
1135,23,4122.299999999997,6,1707.0000000000002,move,improve
1136,23,4151.399999999998,6,1707.0000000000002,swap,acceptBad
1137,23,4133.099999999998,6,1707.0000000000002,swap,improve
1138,23,4172.499999999997,6,1707.0000000000002,2opt,acceptBad
1139,23,4221.799999999998,6,1707.0000000000002,2opt,acceptBad
1140,23,4295.899999999998,6,1707.0000000000002,swap,acceptBad
1141,23,4290.299999999999,6,1707.0000000000002,2opt,improve
1142,23,4341.999999999999,6,1707.0000000000002,2opt,acceptBad
1143,23,4334.199999999999,6,1707.0000000000002,swap,improve
1144,23,4451.599999999999,6,1707.0000000000002,swap,acceptBad
1145,23,4434.299999999998,6,1707.0000000000002,2opt,improve
1146,23,4415.3,6,1707.0000000000002,2opt,improve
1147,23,4451.700000000001,6,1707.0000000000002,swap,acceptBad
1148,23,4451.7,6,1707.0000000000002,move,improve
1149,23,4451.7,6,1707.0000000000002,move,improve
1150,23,4488.899999999999,6,1707.0000000000002,2opt,acceptBad
1151,23,4485.299999999998,6,1707.0000000000002,move,improve
1152,23,4424.499999999999,6,1707.0000000000002,move,improve
1153,23,4385.199999999999,6,1707.0000000000002,move,improve
1154,23,4393.199999999999,6,1707.0000000000002,2opt,acceptBad
1155,23,4352.5999999999985,6,1707.0000000000002,2opt,improve
1156,23,4394.5999999999985,6,1707.0000000000002,2opt,acceptBad
1157,23,4446.099999999997,6,1707.0000000000002,2opt,acceptBad
1158,23,4513.399999999997,6,1707.0000000000002,swap,acceptBad
1159,23,4513.399999999997,6,1707.0000000000002,move,improve
1160,23,4550.699999999999,6,1707.0000000000002,2opt,acceptBad
1161,23,4425.999999999999,6,1707.0000000000002,move,improve
1162,23,4447.399999999998,6,1707.0000000000002,2opt,acceptBad
1163,23,4439.299999999998,6,1707.0000000000002,move,improve
1164,23,4442.399999999998,6,1707.0000000000002,2opt,acceptBad
1165,23,4457.299999999997,6,1707.0000000000002,swap,acceptBad
1166,23,4457.299999999997,6,1707.0000000000002,move,improve
1167,23,4400.799999999997,6,1707.0000000000002,move,improve
1168,23,4339.099999999998,6,1707.0000000000002,move,improve
1169,23,4291.899999999999,6,1707.0000000000002,move,improve
1170,23,4298.099999999999,6,1707.0000000000002,2opt,acceptBad
1171,23,4258.7,6,1707.0000000000002,move,improve
1172,23,4255.499999999999,6,1707.0000000000002,move,improve
1173,23,4175.499999999999,6,1707.0000000000002,move,improve
1174,23,4160.5999999999985,6,1707.0000000000002,move,improve
1175,23,4148.5999999999985,6,1707.0000000000002,move,improve
1176,23,4132.9,6,1707.0000000000002,move,improve
1177,24,4251.7,6,1707.0000000000002,2opt,acceptBad
1178,24,4368.7,6,1707.0000000000002,swap,acceptBad
1179,24,4394.299999999999,6,1707.0000000000002,swap,acceptBad
1180,24,4388.5999999999985,6,1707.0000000000002,2opt,improve
1181,24,4291.5999999999985,6,1707.0000000000002,move,improve
1182,24,4313.5999999999985,6,1707.0000000000002,swap,acceptBad
1183,24,4298.399999999999,6,1707.0000000000002,swap,improve
1184,24,4321.399999999999,6,1707.0000000000002,swap,acceptBad
1185,24,4315.0999999999985,6,1707.0000000000002,move,improve
1186,24,4309.399999999999,6,1707.0000000000002,swap,improve
1187,24,4348.499999999998,6,1707.0000000000002,2opt,acceptBad
1188,24,4370.699999999998,6,1707.0000000000002,2opt,acceptBad
1189,24,4365.199999999998,6,1707.0000000000002,2opt,improve
1190,24,4356.299999999998,6,1707.0000000000002,move,improve
1191,24,4356.299999999998,6,1707.0000000000002,swap,improve
1192,24,4355.199999999999,6,1707.0000000000002,2opt,improve
1193,24,4346.4,6,1707.0000000000002,swap,improve
1194,24,4439.199999999999,6,1707.0000000000002,swap,acceptBad
1195,24,4386.0,6,1707.0000000000002,move,improve
1196,24,4337.2,6,1707.0000000000002,move,improve
1197,24,4337.2,6,1707.0000000000002,move,improve
1198,25,4373.0999999999985,6,1707.0000000000002,2opt,acceptBad
1199,24,4360.899999999997,6,1707.0000000000002,2opt,improve
1200,24,4312.399999999997,6,1707.0000000000002,move,improve
1201,24,4315.699999999998,6,1707.0000000000002,2opt,acceptBad
1202,24,4374.399999999998,6,1707.0000000000002,swap,acceptBad
1203,24,4411.199999999999,6,1707.0000000000002,swap,acceptBad
1204,24,4343.399999999998,6,1707.0000000000002,move,improve
1205,24,4336.499999999998,6,1707.0000000000002,move,improve
1206,24,4349.799999999997,6,1707.0000000000002,2opt,acceptBad
1207,24,4378.999999999997,6,1707.0000000000002,swap,acceptBad
1208,24,4285.199999999998,6,1707.0000000000002,move,improve
1209,24,4285.199999999998,6,1707.0000000000002,move,improve
1210,24,4249.699999999997,6,1707.0000000000002,swap,improve
1211,24,4249.2999999999965,6,1707.0000000000002,swap,improve
1212,24,4214.399999999997,6,1707.0000000000002,2opt,improve
1213,24,4244.499999999998,6,1707.0000000000002,2opt,acceptBad
1214,24,4279.999999999997,6,1707.0000000000002,2opt,acceptBad
1215,24,4275.199999999999,6,1707.0000000000002,2opt,improve
1216,24,4274.399999999999,6,1707.0000000000002,move,improve
1217,24,4274.399999999999,6,1707.0000000000002,move,improve
1218,24,4274.399999999999,6,1707.0000000000002,move,improve
1219,24,4274.399999999999,6,1707.0000000000002,move,improve
1220,24,4247.499999999999,6,1707.0000000000002,2opt,improve
1221,24,4211.499999999999,6,1707.0000000000002,move,improve
1222,24,4206.500000000001,6,1707.0000000000002,2opt,improve
1223,24,4201.9000000000015,6,1707.0000000000002,move,improve
1224,24,4208.3,6,1707.0000000000002,2opt,acceptBad
1225,24,4232.6,6,1707.0000000000002,swap,acceptBad
1226,24,4158.1,6,1707.0000000000002,move,improve
1227,24,4136.5,6,1707.0000000000002,2opt,improve
1228,24,4117.2,6,1707.0000000000002,swap,improve
1229,24,4123.5,6,1707.0000000000002,swap,acceptBad
1230,24,4094.6999999999994,6,1707.0000000000002,2opt,improve
1231,24,4175.499999999999,6,1707.0000000000002,swap,acceptBad
1232,24,4175.499999999999,6,1707.0000000000002,move,improve
1233,24,4175.499999999999,6,1707.0000000000002,move,improve
1234,24,4121.299999999999,6,1707.0000000000002,move,improve
1235,24,4100.299999999999,6,1707.0000000000002,2opt,improve
1236,24,4128.099999999999,6,1707.0000000000002,2opt,acceptBad
1237,24,4223.699999999999,6,1707.0000000000002,2opt,acceptBad
1238,24,4255.299999999999,6,1707.0000000000002,2opt,acceptBad
1239,24,4237.799999999999,6,1707.0000000000002,move,improve
1240,24,4195.9,6,1707.0000000000002,swap,improve
1241,24,4213.999999999999,6,1707.0000000000002,swap,acceptBad
1242,24,4213.999999999999,6,1707.0000000000002,move,improve
1243,24,4241.5999999999985,6,1707.0000000000002,2opt,acceptBad
1244,24,4233.5999999999985,6,1707.0000000000002,swap,improve
1245,24,4196.5999999999985,6,1707.0000000000002,swap,improve
1246,24,4143.099999999998,6,1707.0000000000002,move,improve
1247,24,4142.199999999999,6,1707.0000000000002,2opt,improve
1248,24,4102.499999999999,6,1707.0000000000002,2opt,improve
1249,24,4102.699999999998,6,1707.0000000000002,2opt,acceptBad
1250,24,4102.699999999998,6,1707.0000000000002,move,improve
1251,24,4142.899999999998,6,1707.0000000000002,2opt,acceptBad
1252,24,4142.899999999998,6,1707.0000000000002,move,improve
1253,24,4095.5999999999976,6,1707.0000000000002,move,improve
1254,24,4173.799999999998,6,1707.0000000000002,2opt,acceptBad
1255,24,4160.699999999999,6,1707.0000000000002,move,improve
1256,24,4221.6,6,1707.0000000000002,2opt,acceptBad
1257,24,4183.200000000001,6,1707.0000000000002,swap,improve
1258,24,4177.500000000001,6,1707.0000000000002,move,improve
1259,24,4129.9,6,1707.0000000000002,swap,improve
1260,24,4051.9,6,1707.0000000000002,move,improve
1261,24,3998.1,6,1707.0000000000002,move,improve
1262,24,3998.1,6,1707.0000000000002,2opt,notBad
1263,24,3970.9,6,1707.0000000000002,move,improve
1264,24,3986.0000000000005,6,1707.0000000000002,swap,acceptBad
1265,24,3941.500000000001,6,1707.0000000000002,swap,improve
1266,24,3940.3000000000006,6,1707.0000000000002,swap,improve
1267,24,3904.9000000000005,6,1707.0000000000002,move,improve
1268,24,3830.0000000000005,6,1707.0000000000002,move,improve
1269,24,3806.6000000000004,6,1707.0000000000002,move,improve
1270,24,3798.6999999999994,6,1707.0000000000002,2opt,improve
1271,24,3741.999999999999,6,1707.0000000000002,move,improve
1272,24,3705.4999999999986,6,1707.0000000000002,move,improve
1273,24,3805.599999999998,6,1707.0000000000002,2opt,acceptBad
1274,24,3819.0,6,1707.0000000000002,2opt,acceptBad
1275,24,3795.7,6,1707.0000000000002,swap,improve
1276,24,3941.1999999999994,6,1707.0000000000002,swap,acceptBad
1277,24,4020.399999999999,6,1707.0000000000002,swap,acceptBad
1278,24,4015.699999999999,6,1707.0000000000002,swap,improve
1279,24,4096.999999999999,6,1707.0000000000002,swap,acceptBad
1280,24,4091.9999999999986,6,1707.0000000000002,move,improve
1281,24,4130.999999999999,6,1707.0000000000002,swap,acceptBad
1282,24,4154.0,6,1707.0000000000002,swap,acceptBad
1283,24,4160.499999999999,6,1707.0000000000002,swap,acceptBad
1284,24,4151.599999999999,6,1707.0000000000002,move,improve
1285,24,4138.299999999999,6,1707.0000000000002,swap,improve
1286,24,4136.099999999999,6,1707.0000000000002,move,improve
1287,24,4132.9,6,1707.0000000000002,2opt,improve
1288,23,4132.0,6,1707.0000000000002,2opt,improve
1289,23,4128.599999999998,6,1707.0000000000002,2opt,improve
1290,23,4025.999999999998,6,1707.0000000000002,swap,improve
1291,23,4120.499999999998,6,1707.0000000000002,swap,acceptBad
1292,23,4120.399999999998,6,1707.0000000000002,move,improve
1293,23,4146.499999999999,6,1707.0000000000002,2opt,acceptBad
1294,23,4141.799999999998,6,1707.0000000000002,move,improve
1295,23,3972.3999999999996,6,1707.0000000000002,swap,improve
1296,23,3983.3999999999996,6,1707.0000000000002,2opt,acceptBad
1297,23,3983.3999999999996,6,1707.0000000000002,2opt,improve
1298,23,4092.7999999999993,6,1707.0000000000002,swap,acceptBad
1299,23,4092.3999999999996,6,1707.0000000000002,swap,improve
1300,23,4165.8,6,1707.0000000000002,swap,acceptBad
1301,23,4382.099999999999,6,1707.0000000000002,swap,acceptBad
1302,23,4365.0999999999985,6,1707.0000000000002,move,improve
1303,23,4361.5999999999985,6,1707.0000000000002,2opt,improve
1304,22,4320.399999999999,6,1707.0000000000002,move,improve
1305,22,4320.399999999999,6,1707.0000000000002,move,improve
1306,22,4113.5,6,1707.0000000000002,swap,improve
1307,22,4123.600000000001,6,1707.0000000000002,2opt,acceptBad
1308,22,4213.200000000001,6,1707.0000000000002,swap,acceptBad
1309,22,4213.200000000001,6,1707.0000000000002,move,improve
1310,22,4188.1,6,1707.0000000000002,move,improve
1311,22,4256.200000000002,6,1707.0000000000002,swap,acceptBad
1312,22,4278.999999999999,6,1707.0000000000002,2opt,acceptBad
1313,22,4252.699999999999,6,1707.0000000000002,move,improve
1314,22,4254.3,6,1707.0000000000002,2opt,acceptBad
1315,22,4342.800000000001,6,1707.0000000000002,swap,acceptBad
1316,22,4279.500000000001,6,1707.0000000000002,move,improve
1317,22,4279.500000000001,6,1707.0000000000002,move,improve
1318,22,4213.800000000001,6,1707.0000000000002,move,improve
1319,22,4203.500000000001,6,1707.0000000000002,2opt,improve
1320,23,4207.2,6,1707.0000000000002,2opt,acceptBad
1321,23,4209.4,6,1707.0000000000002,swap,acceptBad
1322,23,4202.3,6,1707.0000000000002,swap,improve
1323,23,4311.3,6,1707.0000000000002,swap,acceptBad
1324,23,4300.0,6,1707.0000000000002,swap,improve
1325,23,4239.4,6,1707.0000000000002,swap,improve
1326,23,4252.0999999999985,6,1707.0000000000002,2opt,acceptBad
1327,23,4219.399999999999,6,1707.0000000000002,move,improve
1328,23,4214.599999999999,6,1707.0000000000002,move,improve
1329,23,4168.199999999999,6,1707.0000000000002,move,improve
1330,23,4190.699999999998,6,1707.0000000000002,swap,acceptBad
1331,23,4190.399999999999,6,1707.0000000000002,move,improve
1332,23,4161.899999999999,6,1707.0000000000002,swap,improve
1333,23,4112.199999999999,6,1707.0000000000002,move,improve
1334,23,4130.899999999999,6,1707.0000000000002,2opt,acceptBad
1335,23,4253.199999999998,6,1707.0000000000002,2opt,acceptBad
1336,23,4294.899999999999,6,1707.0000000000002,2opt,acceptBad
1337,23,4292.799999999999,6,1707.0000000000002,move,improve
1338,23,4237.699999999999,6,1707.0000000000002,move,improve
1339,23,4243.0999999999985,6,1707.0000000000002,swap,acceptBad
1340,23,4264.699999999999,6,1707.0000000000002,swap,acceptBad
1341,23,4254.299999999999,6,1707.0000000000002,move,improve
1342,23,4245.899999999999,6,1707.0000000000002,move,improve
1343,23,4216.299999999997,6,1707.0000000000002,2opt,improve
1344,23,4215.999999999998,6,1707.0000000000002,swap,improve
1345,23,4195.499999999998,6,1707.0000000000002,2opt,improve
1346,23,4196.299999999998,6,1707.0000000000002,swap,acceptBad
1347,24,4247.699999999998,6,1707.0000000000002,2opt,acceptBad
1348,24,4318.299999999998,6,1707.0000000000002,swap,acceptBad
1349,24,4313.899999999999,6,1707.0000000000002,move,improve
1350,24,4391.399999999999,6,1707.0000000000002,2opt,acceptBad
1351,24,4391.199999999998,6,1707.0000000000002,move,improve
1352,24,4435.299999999998,6,1707.0000000000002,swap,acceptBad
1353,24,4444.5999999999985,6,1707.0000000000002,2opt,acceptBad
1354,24,4497.199999999999,6,1707.0000000000002,swap,acceptBad
1355,24,4519.499999999999,6,1707.0000000000002,2opt,acceptBad
1356,24,4483.499999999999,6,1707.0000000000002,move,improve
1357,24,4481.499999999999,6,1707.0000000000002,2opt,improve
1358,24,4602.399999999999,6,1707.0000000000002,swap,acceptBad
1359,24,4652.4,6,1707.0000000000002,swap,acceptBad
1360,24,4621.999999999999,6,1707.0000000000002,move,improve
1361,24,4626.699999999999,6,1707.0000000000002,swap,acceptBad
1362,24,4693.4,6,1707.0000000000002,swap,acceptBad
1363,24,4686.2,6,1707.0000000000002,swap,improve
1364,24,4635.299999999999,6,1707.0000000000002,move,improve
1365,24,4604.0,6,1707.0000000000002,swap,improve
1366,24,4525.5,6,1707.0000000000002,swap,improve
1367,24,4552.399999999999,6,1707.0000000000002,2opt,acceptBad
1368,24,4553.0999999999985,6,1707.0000000000002,swap,acceptBad
1369,24,4564.399999999998,6,1707.0000000000002,2opt,acceptBad
1370,24,4561.999999999998,6,1707.0000000000002,swap,improve
1371,24,4673.499999999998,6,1707.0000000000002,swap,acceptBad
1372,24,4649.199999999998,6,1707.0000000000002,swap,improve
1373,24,4683.199999999999,6,1707.0000000000002,2opt,acceptBad
1374,24,4680.799999999998,6,1707.0000000000002,move,improve
1375,24,4669.5999999999985,6,1707.0000000000002,move,improve
1376,25,4677.699999999999,6,1707.0000000000002,2opt,acceptBad
1377,25,4673.399999999999,6,1707.0000000000002,2opt,improve
1378,25,4688.499999999998,6,1707.0000000000002,2opt,acceptBad
1379,25,4675.299999999998,6,1707.0000000000002,2opt,improve
1380,25,4684.999999999998,6,1707.0000000000002,swap,acceptBad
1381,25,4666.199999999998,6,1707.0000000000002,move,improve
1382,25,4648.199999999998,6,1707.0000000000002,move,improve
1383,25,4667.099999999999,6,1707.0000000000002,2opt,acceptBad
1384,25,4667.099999999999,6,1707.0000000000002,2opt,notBad
1385,25,4677.200000000001,6,1707.0000000000002,2opt,acceptBad
1386,25,4676.5,6,1707.0000000000002,move,improve
1387,25,4552.0,6,1707.0000000000002,swap,improve
1388,25,4604.5,6,1707.0000000000002,2opt,acceptBad
1389,25,4669.399999999998,6,1707.0000000000002,2opt,acceptBad
1390,25,4669.399999999998,6,1707.0000000000002,move,improve
1391,25,4635.999999999998,6,1707.0000000000002,swap,improve
1392,25,4652.499999999997,6,1707.0000000000002,swap,acceptBad
1393,25,4594.899999999998,6,1707.0000000000002,swap,improve
1394,25,4531.699999999998,6,1707.0000000000002,swap,improve
1395,25,4538.4,6,1707.0000000000002,2opt,acceptBad
1396,25,4535.3,6,1707.0000000000002,move,improve
1397,25,4530.299999999998,6,1707.0000000000002,2opt,improve
1398,25,4516.599999999998,6,1707.0000000000002,move,improve
1399,25,4439.099999999998,6,1707.0000000000002,move,improve
1400,25,4438.999999999998,6,1707.0000000000002,move,improve
1401,25,4417.999999999998,6,1707.0000000000002,2opt,improve
1402,25,4385.899999999999,6,1707.0000000000002,move,improve
1403,25,4383.699999999999,6,1707.0000000000002,move,improve
1404,25,4378.899999999999,6,1707.0000000000002,move,improve
1405,26,4426.399999999999,6,1707.0000000000002,2opt,acceptBad
1406,26,4393.799999999998,6,1707.0000000000002,move,improve
1407,26,4386.899999999998,6,1707.0000000000002,swap,improve
1408,26,4432.0,6,1707.0000000000002,2opt,acceptBad
1409,26,4361.599999999999,6,1707.0000000000002,move,improve
1410,26,4378.7,6,1707.0000000000002,swap,acceptBad
1411,26,4341.099999999999,6,1707.0000000000002,swap,improve
1412,26,4315.299999999999,6,1707.0000000000002,move,improve
1413,26,4317.9,6,1707.0000000000002,2opt,acceptBad
1414,26,4285.599999999999,6,1707.0000000000002,2opt,improve
1415,26,4209.8,6,1707.0000000000002,move,improve
1416,26,4267.8,6,1707.0000000000002,swap,acceptBad
1417,26,4206.9,6,1707.0000000000002,move,improve
1418,26,4206.9,6,1707.0000000000002,move,improve
1419,26,4152.9,6,1707.0000000000002,2opt,improve
1420,26,4152.7,6,1707.0000000000002,move,improve
1421,26,4103.0999999999985,6,1707.0000000000002,move,improve
1422,26,4103.0999999999985,6,1707.0000000000002,move,improve
1423,26,4095.3999999999987,6,1707.0000000000002,swap,improve
1424,26,4134.899999999999,6,1707.0000000000002,swap,acceptBad
1425,26,4146.599999999999,6,1707.0000000000002,swap,acceptBad
1426,26,4132.5999999999985,6,1707.0000000000002,move,improve
1427,26,4053.699999999999,6,1707.0000000000002,move,improve
1428,26,4070.3999999999983,6,1707.0000000000002,2opt,acceptBad
1429,26,4074.1999999999985,6,1707.0000000000002,2opt,acceptBad
1430,26,4069.8999999999983,6,1707.0000000000002,move,improve
1431,26,4078.899999999998,6,1707.0000000000002,swap,acceptBad
1432,26,4112.799999999998,6,1707.0000000000002,swap,acceptBad
1433,25,4047.4999999999986,6,1707.0000000000002,move,improve
1434,25,4026.099999999998,6,1707.0000000000002,move,improve
1435,25,3848.499999999999,6,1707.0000000000002,swap,improve
1436,25,3845.8999999999983,6,1707.0000000000002,swap,improve
1437,25,3881.800000000001,6,1707.0000000000002,2opt,acceptBad
1438,25,3966.5,6,1707.0000000000002,2opt,acceptBad
1439,25,3966.5,6,1707.0000000000002,move,improve
1440,25,3966.5,6,1707.0000000000002,2opt,notBad
1441,25,4024.7000000000003,6,1707.0000000000002,swap,acceptBad
1442,25,4012.5000000000005,6,1707.0000000000002,move,improve
1443,24,3973.400000000001,6,1707.0000000000002,move,improve
1444,24,4073.300000000001,6,1707.0000000000002,swap,acceptBad
1445,24,4068.6000000000004,6,1707.0000000000002,2opt,improve
1446,24,4068.6,6,1707.0000000000002,swap,improve
1447,24,4068.6,6,1707.0000000000002,move,improve
1448,24,4075.7,6,1707.0000000000002,2opt,acceptBad
1449,24,4105.799999999999,6,1707.0000000000002,swap,acceptBad
1450,24,4125.9,6,1707.0000000000002,2opt,acceptBad
1451,24,4146.9,6,1707.0000000000002,swap,acceptBad
1452,24,4140.999999999999,6,1707.0000000000002,move,improve
1453,24,4137.999999999999,6,1707.0000000000002,move,improve
1454,24,4149.0999999999985,6,1707.0000000000002,2opt,acceptBad
1455,24,4079.3999999999987,6,1707.0000000000002,move,improve
1456,24,4070.499999999999,6,1707.0000000000002,2opt,improve
1457,24,4135.499999999999,6,1707.0000000000002,2opt,acceptBad
1458,24,4082.8999999999987,6,1707.0000000000002,swap,improve
1459,24,4024.2999999999984,6,1707.0000000000002,move,improve
1460,24,4092.8999999999983,6,1707.0000000000002,2opt,acceptBad
1461,24,4045.699999999998,6,1707.0000000000002,move,improve
1462,24,4010.6999999999985,6,1707.0000000000002,2opt,improve
1463,23,3938.6999999999975,6,1707.0000000000002,2opt,improve
1464,23,3933.6999999999975,6,1707.0000000000002,move,improve
1465,23,3937.0999999999985,6,1707.0000000000002,2opt,acceptBad
1466,23,3931.599999999999,6,1707.0000000000002,move,improve
1467,23,3929.8999999999987,6,1707.0000000000002,move,improve
1468,23,3868.7999999999984,6,1707.0000000000002,2opt,improve
1469,23,3901.299999999999,6,1707.0000000000002,swap,acceptBad
1470,23,3956.199999999998,6,1707.0000000000002,swap,acceptBad
1471,23,3976.4999999999977,6,1707.0000000000002,swap,acceptBad
1472,23,3953.5999999999976,6,1707.0000000000002,swap,improve
1473,23,4017.3999999999974,6,1707.0000000000002,2opt,acceptBad
1474,23,3947.5999999999976,6,1707.0000000000002,move,improve
1475,23,3921.0999999999976,6,1707.0000000000002,2opt,improve
1476,23,3932.599999999997,6,1707.0000000000002,swap,acceptBad
1477,23,3895.4999999999973,6,1707.0000000000002,move,improve
1478,23,3877.2999999999975,6,1707.0000000000002,swap,improve
1479,23,3907.3999999999974,6,1707.0000000000002,swap,acceptBad
1480,23,3906.299999999997,6,1707.0000000000002,move,improve
1481,23,3969.8999999999987,6,1707.0000000000002,2opt,acceptBad
1482,23,3969.899999999999,6,1707.0000000000002,swap,acceptBad
1483,23,3934.999999999999,6,1707.0000000000002,2opt,improve
1484,23,3980.8000000000006,6,1707.0000000000002,2opt,acceptBad
1485,23,3938.3,6,1707.0000000000002,2opt,improve
1486,23,3942.9,6,1707.0000000000002,swap,acceptBad
1487,23,3942.9,6,1707.0000000000002,2opt,notBad
1488,23,3935.6,6,1707.0000000000002,move,improve
1489,23,3868.6,6,1707.0000000000002,swap,improve
1490,23,3913.7000000000003,6,1707.0000000000002,swap,acceptBad
1491,23,3930.8,6,1707.0000000000002,2opt,acceptBad
1492,23,3943.9,6,1707.0000000000002,2opt,acceptBad
1493,23,3974.8999999999996,6,1707.0000000000002,swap,acceptBad
1494,23,3974.8999999999996,6,1707.0000000000002,move,improve
1495,23,4113.400000000001,6,1707.0000000000002,swap,acceptBad
1496,23,4074.599999999999,6,1707.0000000000002,move,improve
1497,24,4020.8999999999987,6,1707.0000000000002,2opt,improve
1498,24,3879.599999999999,6,1707.0000000000002,move,improve
1499,24,3871.9999999999995,6,1707.0000000000002,move,improve
1500,23,3803.6999999999994,6,1707.0000000000002,move,improve
1501,23,3810.2999999999993,6,1707.0000000000002,2opt,acceptBad
1502,23,3926.199999999999,6,1707.0000000000002,swap,acceptBad
1503,23,3928.299999999999,6,1707.0000000000002,2opt,acceptBad
1504,23,3995.0999999999995,6,1707.0000000000002,2opt,acceptBad
1505,23,4019.8999999999996,6,1707.0000000000002,swap,acceptBad
1506,23,3972.399999999999,6,1707.0000000000002,swap,improve
1507,23,3975.5999999999995,6,1707.0000000000002,swap,acceptBad
1508,23,3888.799999999999,6,1707.0000000000002,move,improve
1509,23,3936.6999999999985,6,1707.0000000000002,2opt,acceptBad
1510,23,3927.2999999999984,6,1707.0000000000002,swap,improve
1511,23,3927.2999999999984,6,1707.0000000000002,move,improve
1512,23,3923.1999999999985,6,1707.0000000000002,move,improve
1513,23,3963.899999999998,6,1707.0000000000002,swap,acceptBad
1514,23,4019.3999999999974,6,1707.0000000000002,2opt,acceptBad
1515,23,4028.799999999998,6,1707.0000000000002,swap,acceptBad
1516,23,4026.3999999999983,6,1707.0000000000002,move,improve
1517,23,4025.7999999999984,6,1707.0000000000002,move,improve
1518,23,4026.4999999999986,6,1707.0000000000002,swap,acceptBad
1519,23,3992.4999999999986,6,1707.0000000000002,move,improve
1520,23,3994.9999999999986,6,1707.0000000000002,swap,acceptBad
1521,23,4133.699999999998,6,1707.0000000000002,swap,acceptBad
1522,23,4173.5999999999985,6,1707.0000000000002,2opt,acceptBad
1523,23,4146.299999999999,6,1707.0000000000002,move,improve
1524,23,4185.199999999999,6,1707.0000000000002,swap,acceptBad
1525,23,4184.199999999999,6,1707.0000000000002,swap,improve
1526,23,4184.199999999999,6,1707.0000000000002,move,improve
1527,23,4206.0999999999985,6,1707.0000000000002,swap,acceptBad
1528,23,4177.199999999999,6,1707.0000000000002,move,improve
1529,23,4246.699999999999,6,1707.0000000000002,2opt,acceptBad
1530,23,4211.599999999999,6,1707.0000000000002,move,improve
1531,23,4189.599999999999,6,1707.0000000000002,move,improve
1532,23,4184.999999999999,6,1707.0000000000002,move,improve
1533,23,4102.5,6,1707.0000000000002,move,improve
1534,23,4120.4,6,1707.0000000000002,2opt,acceptBad
1535,23,4118.999999999999,6,1707.0000000000002,move,improve
1536,23,4060.7999999999984,6,1707.0000000000002,move,improve
1537,23,4024.699999999998,6,1707.0000000000002,swap,improve
1538,23,4024.699999999998,6,1707.0000000000002,2opt,improve
1539,23,4030.9999999999977,6,1707.0000000000002,2opt,acceptBad
1540,23,4033.4999999999973,6,1707.0000000000002,swap,acceptBad
1541,23,4025.6999999999975,6,1707.0000000000002,move,improve
1542,23,4098.899999999997,6,1707.0000000000002,2opt,acceptBad
1543,23,4096.899999999997,6,1707.0000000000002,move,improve
1544,23,4034.9999999999977,6,1707.0000000000002,move,improve
1545,23,4034.9999999999977,6,1707.0000000000002,move,improve
1546,23,4038.2999999999975,6,1707.0000000000002,swap,acceptBad
1547,23,4059.5999999999976,6,1707.0000000000002,2opt,acceptBad
1548,23,4143.799999999998,6,1707.0000000000002,2opt,acceptBad
1549,23,4153.699999999998,6,1707.0000000000002,2opt,acceptBad
1550,23,4116.999999999997,6,1707.0000000000002,move,improve
1551,23,4022.2999999999975,6,1707.0000000000002,swap,improve
1552,23,3993.699999999998,6,1707.0000000000002,move,improve
1553,23,4010.5999999999985,6,1707.0000000000002,swap,acceptBad
1554,23,4010.5999999999985,6,1707.0000000000002,swap,improve
1555,23,4010.3999999999983,6,1707.0000000000002,move,improve
1556,24,4000.8999999999983,6,1707.0000000000002,2opt,improve
1557,24,4030.799999999999,6,1707.0000000000002,swap,acceptBad
1558,24,4040.3999999999983,6,1707.0000000000002,swap,acceptBad
1559,24,4013.8999999999983,6,1707.0000000000002,move,improve
1560,24,4001.7999999999984,6,1707.0000000000002,swap,improve
1561,24,4015.2999999999984,6,1707.0000000000002,swap,acceptBad
1562,24,3989.799999999998,6,1707.0000000000002,swap,improve
1563,24,3894.699999999998,6,1707.0000000000002,move,improve
1564,24,3831.099999999998,6,1707.0000000000002,move,improve
1565,24,3898.099999999997,6,1707.0000000000002,swap,acceptBad
1566,25,3948.7999999999975,6,1707.0000000000002,2opt,acceptBad
1567,25,4107.799999999998,6,1707.0000000000002,swap,acceptBad
1568,25,4107.599999999998,6,1707.0000000000002,swap,improve
1569,25,4069.4999999999973,6,1707.0000000000002,swap,improve
1570,25,4129.499999999997,6,1707.0000000000002,swap,acceptBad
1571,24,4048.299999999997,6,1707.0000000000002,move,improve
1572,24,4045.999999999997,6,1707.0000000000002,2opt,improve
1573,24,4032.4999999999973,6,1707.0000000000002,2opt,improve
1574,24,4025.8999999999974,6,1707.0000000000002,move,improve
1575,24,4084.2999999999975,6,1707.0000000000002,2opt,acceptBad
1576,24,4226.999999999999,6,1707.0000000000002,2opt,acceptBad
1577,24,4146.999999999998,6,1707.0000000000002,move,improve
1578,24,4107.799999999997,6,1707.0000000000002,move,improve
1579,24,4097.399999999998,6,1707.0000000000002,move,improve
1580,24,4067.8999999999974,6,1707.0000000000002,move,improve
1581,24,4065.8999999999974,6,1707.0000000000002,move,improve
1582,24,4065.8999999999974,6,1707.0000000000002,move,improve
1583,24,4065.8999999999974,6,1707.0000000000002,move,improve
1584,24,3999.9999999999973,6,1707.0000000000002,move,improve
1585,24,4077.1999999999975,6,1707.0000000000002,swap,acceptBad
1586,24,4121.099999999998,6,1707.0000000000002,swap,acceptBad
1587,24,4108.099999999998,6,1707.0000000000002,swap,improve
1588,24,4107.499999999998,6,1707.0000000000002,2opt,improve
1589,24,4049.2999999999984,6,1707.0000000000002,move,improve
1590,24,4124.999999999997,6,1707.0000000000002,2opt,acceptBad
1591,24,4124.899999999998,6,1707.0000000000002,swap,improve
1592,24,4075.9999999999986,6,1707.0000000000002,move,improve
1593,24,4071.4999999999977,6,1707.0000000000002,2opt,improve
1594,24,4056.2999999999965,6,1707.0000000000002,2opt,improve
1595,23,3979.899999999997,6,1707.0000000000002,move,improve
1596,23,4004.399999999997,6,1707.0000000000002,swap,acceptBad
1597,23,4002.799999999997,6,1707.0000000000002,move,improve
1598,23,3989.5999999999967,6,1707.0000000000002,swap,improve
1599,23,4018.8999999999974,6,1707.0000000000002,swap,acceptBad
1600,23,4130.999999999998,6,1707.0000000000002,2opt,acceptBad
1601,23,4139.899999999999,6,1707.0000000000002,swap,acceptBad
1602,23,4139.899999999999,6,1707.0000000000002,move,improve
1603,24,4173.999999999998,6,1707.0000000000002,2opt,acceptBad
1604,24,4173.999999999998,6,1707.0000000000002,move,improve
1605,24,4307.0999999999985,6,1707.0000000000002,swap,acceptBad
1606,24,4307.0999999999985,6,1707.0000000000002,move,improve
1607,24,4253.699999999998,6,1707.0000000000002,move,improve
1608,24,4274.0999999999985,6,1707.0000000000002,swap,acceptBad
1609,24,4274.0999999999985,6,1707.0000000000002,move,improve
1610,24,4230.699999999998,6,1707.0000000000002,swap,improve
1611,24,4230.699999999998,6,1707.0000000000002,move,improve
1612,24,4249.299999999998,6,1707.0000000000002,swap,acceptBad
1613,24,4256.399999999999,6,1707.0000000000002,swap,acceptBad
1614,24,4232.299999999998,6,1707.0000000000002,move,improve
1615,25,4254.399999999999,6,1707.0000000000002,2opt,acceptBad
1616,25,4316.9,6,1707.0000000000002,swap,acceptBad
1617,25,4291.799999999998,6,1707.0000000000002,2opt,improve
1618,25,4262.299999999998,6,1707.0000000000002,move,improve
1619,25,4215.999999999997,6,1707.0000000000002,2opt,improve
1620,25,4215.999999999997,6,1707.0000000000002,2opt,notBad
1621,25,4225.599999999997,6,1707.0000000000002,swap,acceptBad
1622,25,4206.299999999997,6,1707.0000000000002,swap,improve
1623,25,4223.799999999997,6,1707.0000000000002,swap,acceptBad
1624,25,4163.499999999997,6,1707.0000000000002,move,improve
1625,25,4161.499999999998,6,1707.0000000000002,2opt,improve
1626,25,4151.999999999998,6,1707.0000000000002,move,improve
1627,25,4216.699999999998,6,1707.0000000000002,swap,acceptBad
1628,25,4149.699999999998,6,1707.0000000000002,move,improve
1629,25,4139.099999999998,6,1707.0000000000002,swap,improve
1630,25,4061.299999999998,6,1707.0000000000002,2opt,improve
1631,25,4172.899999999998,6,1707.0000000000002,2opt,acceptBad
1632,25,4186.999999999998,6,1707.0000000000002,2opt,acceptBad
1633,25,4159.399999999997,6,1707.0000000000002,2opt,improve
1634,25,4163.899999999998,6,1707.0000000000002,2opt,acceptBad
1635,25,4166.899999999999,6,1707.0000000000002,2opt,acceptBad
1636,25,4132.0,6,1707.0000000000002,2opt,improve
1637,25,4132.0,6,1707.0000000000002,move,improve
1638,25,4097.2,6,1707.0000000000002,2opt,improve
1639,25,4058.2999999999993,6,1707.0000000000002,move,improve
1640,25,4076.2999999999993,6,1707.0000000000002,2opt,acceptBad
1641,25,3969.899999999999,6,1707.0000000000002,swap,improve
1642,25,3900.7999999999993,6,1707.0000000000002,move,improve
1643,25,3900.7999999999993,6,1707.0000000000002,move,improve
1644,25,3966.1999999999985,6,1707.0000000000002,2opt,acceptBad
1645,25,4016.299999999999,6,1707.0000000000002,swap,acceptBad
1646,25,3999.3999999999987,6,1707.0000000000002,2opt,improve
1647,25,3967.599999999999,6,1707.0000000000002,move,improve
1648,25,3967.599999999999,6,1707.0000000000002,2opt,notBad
1649,25,3971.5999999999985,6,1707.0000000000002,2opt,acceptBad
1650,25,3969.299999999999,6,1707.0000000000002,move,improve
1651,25,3965.099999999999,6,1707.0000000000002,move,improve
1652,24,3945.899999999999,6,1707.0000000000002,move,improve
1653,24,3980.599999999999,6,1707.0000000000002,swap,acceptBad
1654,24,3975.899999999999,6,1707.0000000000002,move,improve
1655,24,3950.5000000000005,6,1707.0000000000002,2opt,improve
1656,24,3983.9,6,1707.0000000000002,swap,acceptBad
1657,24,3920.8000000000006,6,1707.0000000000002,move,improve
1658,24,3955.3,6,1707.0000000000002,2opt,acceptBad
1659,24,3955.3,6,1707.0000000000002,move,improve
1660,24,3934.6000000000004,6,1707.0000000000002,move,improve
1661,24,3934.2000000000007,6,1707.0000000000002,move,improve
1662,24,3936.9999999999995,6,1707.0000000000002,2opt,acceptBad
1663,24,3999.599999999999,6,1707.0000000000002,swap,acceptBad
1664,24,3923.4999999999986,6,1707.0000000000002,move,improve
1665,24,3878.1999999999985,6,1707.0000000000002,swap,improve
1666,24,3817.599999999999,6,1707.0000000000002,move,improve
1667,24,3769.099999999999,6,1707.0000000000002,move,improve
1668,24,3764.599999999999,6,1707.0000000000002,move,improve
1669,24,3708.199999999999,6,1707.0000000000002,move,improve
1670,24,3683.499999999999,6,1707.0000000000002,move,improve
1671,24,3661.2000000000003,6,1707.0000000000002,2opt,improve
1672,24,3668.2000000000003,6,1707.0000000000002,swap,acceptBad
1673,24,3642.8,6,1707.0000000000002,move,improve
1674,24,3700.9999999999995,6,1707.0000000000002,2opt,acceptBad
1675,24,3746.2,6,1707.0000000000002,swap,acceptBad
1676,24,3797.8,6,1707.0000000000002,2opt,acceptBad
1677,24,3754.0000000000005,6,1707.0000000000002,move,improve
1678,24,3721.9000000000005,6,1707.0000000000002,swap,improve
1679,24,3736.4000000000005,6,1707.0000000000002,2opt,acceptBad
1680,24,3848.7999999999997,6,1707.0000000000002,swap,acceptBad
1681,24,3864.8999999999996,6,1707.0000000000002,2opt,acceptBad
1682,24,3878.2999999999997,6,1707.0000000000002,2opt,acceptBad
1683,24,3878.2999999999997,6,1707.0000000000002,2opt,notBad
1684,24,3926.0000000000005,6,1707.0000000000002,2opt,acceptBad
1685,24,3956.999999999999,6,1707.0000000000002,2opt,acceptBad
1686,24,3887.7999999999993,6,1707.0000000000002,move,improve
1687,24,3870.6999999999994,6,1707.0000000000002,move,improve
1688,24,3886.9,6,1707.0000000000002,swap,acceptBad
1689,24,3979.8999999999996,6,1707.0000000000002,2opt,acceptBad
1690,24,3974.7999999999993,6,1707.0000000000002,swap,improve
1691,24,3943.6999999999994,6,1707.0000000000002,swap,improve
1692,24,3919.6999999999994,6,1707.0000000000002,swap,improve
1693,24,3934.5999999999995,6,1707.0000000000002,swap,acceptBad
1694,24,3933.7999999999993,6,1707.0000000000002,move,improve
1695,24,3924.599999999999,6,1707.0000000000002,swap,improve
1696,24,3860.1999999999985,6,1707.0000000000002,move,improve
1697,24,3839.8999999999987,6,1707.0000000000002,swap,improve
1698,24,3838.4999999999986,6,1707.0000000000002,move,improve
1699,24,3878.599999999999,6,1707.0000000000002,2opt,acceptBad
1700,24,3878.599999999999,6,1707.0000000000002,move,improve
1701,24,3906.799999999999,6,1707.0000000000002,swap,acceptBad
1702,24,3853.999999999999,6,1707.0000000000002,move,improve
1703,24,3848.599999999999,6,1707.0000000000002,2opt,improve
1704,24,3876.999999999999,6,1707.0000000000002,2opt,acceptBad
1705,24,3848.5999999999985,6,1707.0000000000002,swap,improve
1706,24,3852.7,6,1707.0000000000002,2opt,acceptBad
1707,24,3877.299999999999,6,1707.0000000000002,swap,acceptBad
1708,24,3876.399999999999,6,1707.0000000000002,move,improve
1709,23,3875.6999999999994,6,1707.0000000000002,2opt,improve
1710,23,3838.7999999999993,6,1707.0000000000002,2opt,improve
1711,23,3816.799999999999,6,1707.0000000000002,move,improve
1712,23,3813.4999999999995,6,1707.0000000000002,2opt,improve
1713,23,3812.2,6,1707.0000000000002,move,improve
1714,23,3971.6000000000004,6,1707.0000000000002,swap,acceptBad
1715,23,3964.9999999999995,6,1707.0000000000002,2opt,improve
1716,23,3964.9999999999995,6,1707.0000000000002,2opt,notBad
1717,23,3957.9999999999995,6,1707.0000000000002,move,improve
1718,23,3978.0999999999995,6,1707.0000000000002,swap,acceptBad
1719,23,3978.0999999999995,6,1707.0000000000002,2opt,improve
1720,23,4015.7999999999993,6,1707.0000000000002,swap,acceptBad
1721,23,4172.499999999999,6,1707.0000000000002,swap,acceptBad
1722,23,4172.499999999999,6,1707.0000000000002,2opt,notBad
1723,23,4317.799999999999,6,1707.0000000000002,swap,acceptBad
1724,23,4317.799999999999,6,1707.0000000000002,move,improve
1725,23,4317.799999999999,6,1707.0000000000002,move,improve
1726,23,4309.2,6,1707.0000000000002,move,improve
1727,23,4246.699999999999,6,1707.0000000000002,move,improve
1728,23,4205.799999999999,6,1707.0000000000002,2opt,improve
1729,23,4200.9,6,1707.0000000000002,move,improve
1730,23,4207.8,6,1707.0000000000002,2opt,acceptBad
1731,23,4135.1,6,1707.0000000000002,swap,improve
1732,23,4204.3,6,1707.0000000000002,swap,acceptBad
1733,23,4223.0,6,1707.0000000000002,swap,acceptBad
1734,23,4217.5,6,1707.0000000000002,move,improve
1735,23,4226.200000000001,6,1707.0000000000002,swap,acceptBad
1736,23,4225.400000000001,6,1707.0000000000002,move,improve
1737,23,4243.400000000001,6,1707.0000000000002,swap,acceptBad
1738,23,4317.0,6,1707.0000000000002,2opt,acceptBad
1739,23,4334.599999999999,6,1707.0000000000002,swap,acceptBad
1740,23,4368.099999999999,6,1707.0000000000002,swap,acceptBad
1741,23,4445.499999999999,6,1707.0000000000002,swap,acceptBad
1742,23,4441.5999999999985,6,1707.0000000000002,move,improve
1743,24,4390.799999999999,6,1707.0000000000002,2opt,improve
1744,24,4290.8,6,1707.0000000000002,2opt,improve
1745,24,4254.599999999999,6,1707.0000000000002,swap,improve
1746,24,4219.799999999998,6,1707.0000000000002,move,improve
1747,24,4189.099999999999,6,1707.0000000000002,move,improve
1748,24,4224.499999999998,6,1707.0000000000002,2opt,acceptBad
1749,24,4265.899999999998,6,1707.0000000000002,swap,acceptBad
1750,24,4237.099999999998,6,1707.0000000000002,2opt,improve
1751,24,4236.999999999997,6,1707.0000000000002,move,improve
1752,24,4216.699999999998,6,1707.0000000000002,swap,improve
1753,24,4203.199999999998,6,1707.0000000000002,move,improve
1754,24,4203.199999999998,6,1707.0000000000002,2opt,notBad
1755,24,4231.199999999997,6,1707.0000000000002,swap,acceptBad
1756,24,4194.399999999999,6,1707.0000000000002,2opt,improve
1757,24,4126.5999999999985,6,1707.0000000000002,move,improve
1758,24,4085.5999999999985,6,1707.0000000000002,move,improve
1759,24,4163.999999999999,6,1707.0000000000002,swap,acceptBad
1760,24,4110.499999999999,6,1707.0000000000002,move,improve
1761,24,4099.0999999999985,6,1707.0000000000002,swap,improve
1762,24,4132.899999999999,6,1707.0000000000002,swap,acceptBad
1763,24,4167.199999999999,6,1707.0000000000002,2opt,acceptBad
1764,24,4224.199999999999,6,1707.0000000000002,2opt,acceptBad
1765,24,4271.599999999999,6,1707.0000000000002,swap,acceptBad
1766,24,4253.4,6,1707.0000000000002,2opt,improve
1767,24,4287.499999999998,6,1707.0000000000002,2opt,acceptBad
1768,24,4183.199999999999,6,1707.0000000000002,move,improve
1769,24,4155.799999999999,6,1707.0000000000002,swap,improve
1770,24,4168.799999999999,6,1707.0000000000002,2opt,acceptBad
1771,24,4168.799999999999,6,1707.0000000000002,swap,improve
1772,24,4173.399999999999,6,1707.0000000000002,swap,acceptBad
1773,24,4166.199999999999,6,1707.0000000000002,move,improve
1774,24,4211.999999999997,6,1707.0000000000002,2opt,acceptBad
1775,24,4200.799999999997,6,1707.0000000000002,move,improve
1776,24,4174.999999999997,6,1707.0000000000002,move,improve
1777,24,4258.199999999998,6,1707.0000000000002,swap,acceptBad
1778,24,4268.299999999998,6,1707.0000000000002,2opt,acceptBad
1779,24,4263.699999999997,6,1707.0000000000002,2opt,improve
1780,24,4263.699999999997,6,1707.0000000000002,move,improve
1781,24,4311.299999999998,6,1707.0000000000002,swap,acceptBad
1782,24,4362.299999999998,6,1707.0000000000002,swap,acceptBad
1783,24,4284.999999999998,6,1707.0000000000002,move,improve
1784,24,4261.9000000000015,6,1707.0000000000002,2opt,improve
1785,24,4348.699999999999,6,1707.0000000000002,2opt,acceptBad
1786,24,4299.799999999999,6,1707.0000000000002,move,improve
1787,24,4296.5,6,1707.0000000000002,move,improve
1788,24,4218.8,6,1707.0000000000002,move,improve
1789,24,4259.6,6,1707.0000000000002,swap,acceptBad
1790,24,4317.799999999999,6,1707.0000000000002,2opt,acceptBad
1791,24,4327.7,6,1707.0000000000002,swap,acceptBad
1792,24,4334.9,6,1707.0000000000002,swap,acceptBad
1793,24,4256.0999999999985,6,1707.0000000000002,2opt,improve
1794,24,4247.299999999999,6,1707.0000000000002,swap,improve
1795,24,4218.499999999999,6,1707.0000000000002,move,improve
1796,24,4249.5999999999985,6,1707.0000000000002,2opt,acceptBad
1797,24,4249.5999999999985,6,1707.0000000000002,move,improve
1798,24,4194.599999999999,6,1707.0000000000002,move,improve
1799,24,4122.2,6,1707.0000000000002,move,improve
1800,24,4044.0,6,1707.0000000000002,move,improve
1801,24,4068.7999999999997,6,1707.0000000000002,2opt,acceptBad
1802,24,4068.7999999999997,6,1707.0000000000002,move,improve
1803,24,4019.4999999999995,6,1707.0000000000002,2opt,improve
1804,24,4058.999999999999,6,1707.0000000000002,swap,acceptBad
1805,24,4049.9999999999995,6,1707.0000000000002,2opt,improve
1806,24,4050.899999999999,6,1707.0000000000002,swap,acceptBad
1807,24,4109.499999999999,6,1707.0000000000002,swap,acceptBad
1808,24,4161.8,6,1707.0000000000002,swap,acceptBad
1809,24,4193.599999999999,6,1707.0000000000002,swap,acceptBad
1810,24,4090.8,6,1707.0000000000002,swap,improve
1811,24,4226.699999999999,6,1707.0000000000002,swap,acceptBad
1812,24,4252.499999999998,6,1707.0000000000002,swap,acceptBad
1813,24,4307.300000000001,6,1707.0000000000002,2opt,acceptBad
1814,24,4307.9000000000015,6,1707.0000000000002,swap,acceptBad
1815,24,4281.3,6,1707.0000000000002,swap,improve
1816,24,4293.600000000001,6,1707.0000000000002,2opt,acceptBad
1817,24,4293.600000000001,6,1707.0000000000002,2opt,notBad
1818,24,4293.600000000001,6,1707.0000000000002,2opt,notBad
1819,23,4261.3,6,1707.0000000000002,2opt,improve
1820,23,4258.1,6,1707.0000000000002,move,improve
1821,23,4255.3,6,1707.0000000000002,move,improve
1822,23,4262.400000000001,6,1707.0000000000002,swap,acceptBad
1823,23,4258.3,6,1707.0000000000002,move,improve
1824,23,4373.099999999999,6,1707.0000000000002,swap,acceptBad
1825,23,4349.9,6,1707.0000000000002,move,improve
1826,23,4349.9,6,1707.0000000000002,2opt,notBad
1827,23,4346.499999999999,6,1707.0000000000002,move,improve
1828,23,4423.4,6,1707.0000000000002,swap,acceptBad
1829,23,4412.599999999999,6,1707.0000000000002,move,improve
1830,23,4412.499999999999,6,1707.0000000000002,swap,improve
1831,23,4439.900000000001,6,1707.0000000000002,2opt,acceptBad
1832,23,4385.7,6,1707.0000000000002,2opt,improve
1833,23,4385.7,6,1707.0000000000002,2opt,notBad
1834,23,4387.4,6,1707.0000000000002,2opt,acceptBad
1835,23,4365.299999999999,6,1707.0000000000002,swap,improve
1836,23,4367.5,6,1707.0000000000002,2opt,acceptBad
1837,23,4337.800000000001,6,1707.0000000000002,move,improve
1838,23,4325.100000000001,6,1707.0000000000002,2opt,improve
1839,23,4326.2,6,1707.0000000000002,2opt,acceptBad
1840,23,4292.099999999999,6,1707.0000000000002,swap,improve
1841,23,4278.899999999999,6,1707.0000000000002,move,improve
1842,22,4263.699999999999,6,1707.0000000000002,move,improve
1843,22,4237.5999999999985,6,1707.0000000000002,swap,improve
1844,22,4272.599999999999,6,1707.0000000000002,2opt,acceptBad
1845,22,4272.599999999999,6,1707.0000000000002,move,improve
1846,22,4233.899999999999,6,1707.0000000000002,move,improve
1847,22,4227.999999999999,6,1707.0000000000002,move,improve
1848,22,4211.899999999999,6,1707.0000000000002,swap,improve
1849,22,4143.399999999999,6,1707.0000000000002,move,improve
1850,22,4143.399999999999,6,1707.0000000000002,move,improve
1851,22,4250.0999999999985,6,1707.0000000000002,swap,acceptBad
1852,22,4264.899999999999,6,1707.0000000000002,swap,acceptBad
1853,22,4292.399999999999,6,1707.0000000000002,swap,acceptBad
1854,22,4455.499999999997,6,1707.0000000000002,swap,acceptBad
1855,22,4476.799999999997,6,1707.0000000000002,swap,acceptBad
1856,22,4480.299999999997,6,1707.0000000000002,swap,acceptBad
1857,22,4388.899999999998,6,1707.0000000000002,swap,improve
1858,22,4427.7999999999965,6,1707.0000000000002,swap,acceptBad
1859,22,4396.999999999997,6,1707.0000000000002,move,improve
1860,22,4382.199999999997,6,1707.0000000000002,move,improve
1861,22,4408.7,6,1707.0000000000002,2opt,acceptBad
1862,22,4392.799999999999,6,1707.0000000000002,swap,improve
1863,22,4505.1,6,1707.0000000000002,swap,acceptBad
1864,22,4581.400000000001,6,1707.0000000000002,swap,acceptBad
1865,22,4530.799999999998,6,1707.0000000000002,2opt,improve
1866,22,4569.399999999999,6,1707.0000000000002,swap,acceptBad
1867,22,4598.9,6,1707.0000000000002,2opt,acceptBad
1868,22,4555.799999999999,6,1707.0000000000002,move,improve
1869,22,4555.799999999999,6,1707.0000000000002,move,improve
1870,22,4537.2,6,1707.0000000000002,move,improve
1871,22,4512.5999999999985,6,1707.0000000000002,2opt,improve
1872,22,4540.999999999999,6,1707.0000000000002,swap,acceptBad
1873,22,4550.500000000002,6,1707.0000000000002,2opt,acceptBad
1874,22,4550.500000000002,6,1707.0000000000002,move,improve
1875,22,4617.600000000002,6,1707.0000000000002,swap,acceptBad
1876,22,4668.400000000002,6,1707.0000000000002,swap,acceptBad
1877,22,4674.999999999999,6,1707.0000000000002,2opt,acceptBad
1878,22,4674.999999999999,6,1707.0000000000002,2opt,notBad
1879,22,4689.299999999999,6,1707.0000000000002,swap,acceptBad
1880,22,4747.699999999999,6,1707.0000000000002,swap,acceptBad
1881,22,4700.0999999999985,6,1707.0000000000002,move,improve
1882,22,4700.299999999998,6,1707.0000000000002,2opt,acceptBad
1883,22,4621.499999999997,6,1707.0000000000002,swap,improve
1884,22,4611.899999999999,6,1707.0000000000002,2opt,improve
1885,22,4615.799999999999,6,1707.0000000000002,swap,acceptBad
1886,22,4598.799999999999,6,1707.0000000000002,swap,improve
1887,23,4667.999999999998,6,1707.0000000000002,2opt,acceptBad
1888,23,4729.299999999998,6,1707.0000000000002,2opt,acceptBad
1889,23,4762.399999999999,6,1707.0000000000002,2opt,acceptBad
1890,23,4742.999999999999,6,1707.0000000000002,move,improve
1891,23,4731.799999999999,6,1707.0000000000002,swap,improve
1892,23,4659.199999999999,6,1707.0000000000002,move,improve
1893,23,4627.999999999999,6,1707.0000000000002,2opt,improve
1894,23,4626.400000000001,6,1707.0000000000002,2opt,improve
1895,23,4610.5,6,1707.0000000000002,move,improve
1896,23,4499.700000000001,6,1707.0000000000002,move,improve
1897,23,4496.8,6,1707.0000000000002,swap,improve
1898,23,4496.8,6,1707.0000000000002,move,improve
1899,23,4496.8,6,1707.0000000000002,2opt,notBad
1900,23,4510.5,6,1707.0000000000002,swap,acceptBad
1901,23,4490.900000000001,6,1707.0000000000002,move,improve
1902,23,4534.3,6,1707.0000000000002,swap,acceptBad
1903,23,4515.699999999999,6,1707.0000000000002,2opt,improve
1904,23,4550.699999999998,6,1707.0000000000002,swap,acceptBad
1905,22,4475.5999999999985,6,1707.0000000000002,2opt,improve
1906,22,4456.5,6,1707.0000000000002,2opt,improve
1907,22,4406.400000000001,6,1707.0000000000002,move,improve
1908,22,4406.400000000001,6,1707.0000000000002,2opt,notBad
1909,22,4456.400000000001,6,1707.0000000000002,swap,acceptBad
1910,22,4456.400000000001,6,1707.0000000000002,swap,notBad
1911,22,4456.400000000001,6,1707.0000000000002,move,improve
1912,22,4457.299999999997,6,1707.0000000000002,2opt,acceptBad
1913,22,4403.499999999998,6,1707.0000000000002,move,improve
1914,22,4413.499999999998,6,1707.0000000000002,swap,acceptBad
1915,22,4430.9,6,1707.0000000000002,2opt,acceptBad
1916,22,4374.899999999999,6,1707.0000000000002,move,improve
1917,22,4376.399999999999,6,1707.0000000000002,2opt,acceptBad
1918,22,4340.499999999999,6,1707.0000000000002,2opt,improve
1919,22,4340.499999999999,6,1707.0000000000002,move,improve
1920,22,4367.499999999999,6,1707.0000000000002,swap,acceptBad
1921,22,4367.499999999999,6,1707.0000000000002,move,improve
1922,21,4340.900000000001,6,1707.0000000000002,2opt,improve
1923,21,4353.9000000000015,6,1707.0000000000002,swap,acceptBad
1924,21,4346.8,6,1707.0000000000002,swap,improve
1925,21,4272.1,6,1707.0000000000002,move,improve
1926,21,4259.1,6,1707.0000000000002,move,improve
1927,21,4238.700000000001,6,1707.0000000000002,swap,improve
1928,21,4282.5,6,1707.0000000000002,2opt,acceptBad
1929,21,4298.400000000001,6,1707.0000000000002,swap,acceptBad
1930,21,4339.5,6,1707.0000000000002,swap,acceptBad
1931,21,4327.1,6,1707.0000000000002,move,improve
1932,21,4328.199999999998,6,1707.0000000000002,2opt,acceptBad
1933,21,4328.199999999998,6,1707.0000000000002,move,improve
1934,21,4329.599999999998,6,1707.0000000000002,swap,acceptBad
1935,21,4329.599999999998,6,1707.0000000000002,2opt,notBad
1936,20,4322.699999999998,6,1707.0000000000002,2opt,improve
1937,20,4269.5999999999985,6,1707.0000000000002,2opt,improve
1938,20,4291.0999999999985,6,1707.0000000000002,swap,acceptBad
1939,20,4350.5999999999985,6,1707.0000000000002,swap,acceptBad
1940,20,4395.999999999998,6,1707.0000000000002,swap,acceptBad
1941,20,4402.5999999999985,6,1707.0000000000002,swap,acceptBad
1942,19,4390.799999999998,6,1707.0000000000002,2opt,improve
1943,19,4415.899999999998,6,1707.0000000000002,swap,acceptBad
1944,19,4445.799999999999,6,1707.0000000000002,2opt,acceptBad
1945,19,4386.199999999999,6,1707.0000000000002,2opt,improve
1946,19,4358.5999999999985,6,1707.0000000000002,move,improve
1947,19,4335.699999999998,6,1707.0000000000002,swap,improve
1948,19,4381.6,6,1707.0000000000002,2opt,acceptBad
1949,19,4371.5,6,1707.0000000000002,swap,improve
1950,19,4362.799999999999,6,1707.0000000000002,swap,improve
1951,19,4351.299999999999,6,1707.0000000000002,2opt,improve
1952,19,4321.9,6,1707.0000000000002,move,improve
1953,19,4321.9,6,1707.0000000000002,2opt,improve
1954,19,4316.0,6,1707.0000000000002,2opt,improve
1955,19,4370.099999999998,6,1707.0000000000002,2opt,acceptBad
1956,19,4349.299999999998,6,1707.0000000000002,move,improve
1957,19,4329.399999999998,6,1707.0000000000002,move,improve
1958,19,4312.799999999997,6,1707.0000000000002,2opt,improve
1959,19,4253.399999999999,6,1707.0000000000002,2opt,improve
1960,19,4222.299999999998,6,1707.0000000000002,move,improve
1961,19,4206.499999999999,6,1707.0000000000002,move,improve
1962,19,4197.999999999999,6,1707.0000000000002,move,improve
1963,19,4197.999999999999,6,1707.0000000000002,move,improve
1964,19,4163.999999999999,6,1707.0000000000002,move,improve
1965,19,4222.599999999999,6,1707.0000000000002,swap,acceptBad
1966,19,4222.599999999999,6,1707.0000000000002,2opt,notBad
1967,19,4232.600000000001,6,1707.0000000000002,2opt,acceptBad
1968,19,4267.800000000001,6,1707.0000000000002,swap,acceptBad
1969,19,4271.300000000001,6,1707.0000000000002,swap,acceptBad
1970,19,4341.8,6,1707.0000000000002,swap,acceptBad
1971,19,4306.200000000001,6,1707.0000000000002,move,improve
1972,19,4242.700000000001,6,1707.0000000000002,move,improve
1973,20,4280.1,6,1707.0000000000002,2opt,acceptBad
1974,20,4287.299999999999,6,1707.0000000000002,2opt,acceptBad
1975,20,4300.099999999999,6,1707.0000000000002,swap,acceptBad
1976,20,4282.399999999999,6,1707.0000000000002,2opt,improve
1977,20,4252.699999999999,6,1707.0000000000002,move,improve
1978,20,4252.199999999998,6,1707.0000000000002,move,improve
1979,20,4237.299999999998,6,1707.0000000000002,move,improve
1980,20,4316.699999999999,6,1707.0000000000002,swap,acceptBad
1981,20,4230.999999999999,6,1707.0000000000002,2opt,improve
1982,20,4210.599999999999,6,1707.0000000000002,move,improve
1983,20,4208.3,6,1707.0000000000002,swap,improve
1984,20,4238.7,6,1707.0000000000002,2opt,acceptBad
1985,20,4279.6,6,1707.0000000000002,2opt,acceptBad
1986,20,4279.6,6,1707.0000000000002,2opt,improve
1987,20,4278.9,6,1707.0000000000002,2opt,improve
1988,20,4284.2,6,1707.0000000000002,swap,acceptBad
1989,20,4290.2,6,1707.0000000000002,2opt,acceptBad
1990,20,4300.1,6,1707.0000000000002,swap,acceptBad
1991,20,4305.700000000001,6,1707.0000000000002,swap,acceptBad
1992,20,4305.700000000001,6,1707.0000000000002,2opt,notBad
1993,20,4305.700000000001,6,1707.0000000000002,2opt,notBad
1994,20,4257.000000000001,6,1707.0000000000002,swap,improve
1995,20,4257.000000000001,6,1707.0000000000002,move,improve
1996,20,4247.100000000001,6,1707.0000000000002,move,improve
1997,20,4239.9,6,1707.0000000000002,2opt,improve
1998,20,4220.3,6,1707.0000000000002,move,improve
1999,20,4193.199999999999,6,1707.0000000000002,move,improve
2000,20,4250.799999999999,6,1707.0000000000002,swap,acceptBad
2001,20,4272.600000000001,6,1707.0000000000002,2opt,acceptBad
2002,20,4254.700000000002,6,1707.0000000000002,move,improve
2003,20,4227.300000000001,6,1707.0000000000002,swap,improve
2004,20,4174.700000000001,6,1707.0000000000002,swap,improve
2005,20,4174.700000000001,6,1707.0000000000002,move,improve
2006,20,4095.8000000000006,6,1707.0000000000002,move,improve
2007,20,4066.300000000001,6,1707.0000000000002,move,improve
2008,20,4076.300000000001,6,1707.0000000000002,swap,acceptBad
2009,20,4012.600000000001,6,1707.0000000000002,move,improve
2010,20,3976.3000000000006,6,1707.0000000000002,2opt,improve
2011,20,3968.000000000001,6,1707.0000000000002,move,improve
2012,20,3864.500000000001,6,1707.0000000000002,move,improve
2013,20,3864.500000000001,6,1707.0000000000002,2opt,improve
2014,20,3894.7000000000003,6,1707.0000000000002,2opt,acceptBad
2015,20,3879.7,6,1707.0000000000002,move,improve
2016,20,3879.7,6,1707.0000000000002,2opt,notBad
2017,20,3868.0999999999995,6,1707.0000000000002,move,improve
2018,20,3869.1,6,1707.0000000000002,2opt,acceptBad
2019,20,3862.8,6,1707.0000000000002,swap,improve
2020,20,3875.8000000000006,6,1707.0000000000002,swap,acceptBad
2021,20,3869.2000000000007,6,1707.0000000000002,move,improve
2022,20,3918.600000000001,6,1707.0000000000002,swap,acceptBad
2023,20,3950.100000000001,6,1707.0000000000002,swap,acceptBad
2024,20,3918.1000000000004,6,1707.0000000000002,swap,improve
2025,20,3908.8,6,1707.0000000000002,move,improve
2026,20,3929.6,6,1707.0000000000002,swap,acceptBad
2027,20,3940.6,6,1707.0000000000002,2opt,acceptBad
2028,20,3919.6,6,1707.0000000000002,swap,improve
2029,20,3919.6,6,1707.0000000000002,2opt,notBad
2030,20,3919.6,6,1707.0000000000002,move,improve
2031,20,3813.8,6,1707.0000000000002,move,improve
2032,20,3835.3,6,1707.0000000000002,2opt,acceptBad
2033,20,3839.4,6,1707.0000000000002,swap,acceptBad
2034,20,3882.1,6,1707.0000000000002,swap,acceptBad
2035,20,3839.1,6,1707.0000000000002,2opt,improve
2036,20,3815.7999999999993,6,1707.0000000000002,2opt,improve
2037,20,3815.7999999999993,6,1707.0000000000002,2opt,notBad
2038,20,3903.199999999999,6,1707.0000000000002,swap,acceptBad
2039,20,3948.099999999999,6,1707.0000000000002,swap,acceptBad
2040,20,3948.099999999999,6,1707.0000000000002,2opt,notBad
2041,20,3949.4999999999986,6,1707.0000000000002,2opt,acceptBad
2042,20,3949.199999999999,6,1707.0000000000002,move,improve
2043,20,3979.399999999999,6,1707.0000000000002,swap,acceptBad
2044,20,3933.299999999999,6,1707.0000000000002,move,improve
2045,20,3906.5999999999995,6,1707.0000000000002,move,improve
2046,20,3908.2999999999993,6,1707.0000000000002,swap,acceptBad
2047,20,3942.9999999999995,6,1707.0000000000002,swap,acceptBad
2048,20,3942.399999999999,6,1707.0000000000002,move,improve
2049,20,3942.399999999999,6,1707.0000000000002,2opt,notBad
2050,20,3942.399999999999,6,1707.0000000000002,2opt,notBad
2051,20,3906.2999999999993,6,1707.0000000000002,2opt,improve
2052,20,3919.8999999999996,6,1707.0000000000002,2opt,acceptBad
2053,20,3875.2999999999993,6,1707.0000000000002,2opt,improve
2054,20,3871.4999999999995,6,1707.0000000000002,move,improve
2055,20,3826.9999999999995,6,1707.0000000000002,move,improve
2056,20,3827.099999999999,6,1707.0000000000002,2opt,acceptBad
2057,20,3827.099999999999,6,1707.0000000000002,2opt,notBad
2058,20,3827.099999999999,6,1707.0000000000002,move,improve
2059,20,3792.6999999999994,6,1707.0000000000002,2opt,improve
2060,20,3911.6999999999994,6,1707.0000000000002,swap,acceptBad
2061,20,3911.1,6,1707.0000000000002,2opt,improve
2062,20,3911.1,6,1707.0000000000002,move,improve
2063,20,3893.8999999999996,6,1707.0000000000002,2opt,improve
2064,20,3866.6000000000004,6,1707.0000000000002,2opt,improve
2065,20,3862.9000000000005,6,1707.0000000000002,move,improve
2066,20,3858.5000000000005,6,1707.0000000000002,2opt,improve
2067,20,3850.499999999999,6,1707.0000000000002,2opt,improve
2068,20,3908.5999999999985,6,1707.0000000000002,swap,acceptBad
2069,20,3901.0999999999985,6,1707.0000000000002,2opt,improve
2070,20,3894.9999999999986,6,1707.0000000000002,move,improve
2071,20,3879.299999999999,6,1707.0000000000002,move,improve
2072,20,3888.600000000001,6,1707.0000000000002,2opt,acceptBad
2073,20,3818.2000000000007,6,1707.0000000000002,move,improve
2074,20,3808.8999999999983,6,1707.0000000000002,2opt,improve
2075,20,3809.4999999999995,6,1707.0000000000002,2opt,acceptBad
2076,20,3800.599999999999,6,1707.0000000000002,move,improve
2077,20,3816.399999999999,6,1707.0000000000002,swap,acceptBad
2078,20,3812.2999999999984,6,1707.0000000000002,swap,improve
2079,20,3815.699999999999,6,1707.0000000000002,swap,acceptBad
2080,20,3850.299999999999,6,1707.0000000000002,swap,acceptBad
2081,20,3831.799999999999,6,1707.0000000000002,move,improve
2082,20,3809.4999999999986,6,1707.0000000000002,move,improve
2083,20,3778.699999999999,6,1707.0000000000002,2opt,improve
2084,20,3724.8999999999987,6,1707.0000000000002,2opt,improve
2085,20,3714.2999999999984,6,1707.0000000000002,move,improve
2086,20,3714.2999999999984,6,1707.0000000000002,2opt,notBad
2087,20,3714.2999999999984,6,1707.0000000000002,2opt,notBad
2088,20,3725.999999999998,6,1707.0000000000002,2opt,acceptBad
2089,20,3724.7999999999984,6,1707.0000000000002,move,improve
2090,20,3724.7999999999984,6,1707.0000000000002,swap,notBad
2091,20,3717.1999999999985,6,1707.0000000000002,2opt,improve
2092,20,3715.099999999999,6,1707.0000000000002,2opt,improve
2093,20,3708.4999999999986,6,1707.0000000000002,move,improve
2094,20,3701.299999999999,6,1707.0000000000002,swap,improve
2095,20,3638.9999999999986,6,1707.0000000000002,move,improve
2096,20,3639.0999999999985,6,1707.0000000000002,swap,acceptBad
2097,20,3672.3999999999987,6,1707.0000000000002,swap,acceptBad
2098,20,3682.6999999999994,6,1707.0000000000002,2opt,acceptBad
2099,20,3665.799999999999,6,1707.0000000000002,move,improve
2100,20,3691.5999999999995,6,1707.0000000000002,swap,acceptBad
2101,20,3748.899999999999,6,1707.0000000000002,swap,acceptBad
2102,20,3685.199999999999,6,1707.0000000000002,swap,improve
2103,20,3678.9999999999986,6,1707.0000000000002,move,improve
2104,20,3678.9999999999986,6,1707.0000000000002,2opt,notBad
2105,20,3705.199999999999,6,1707.0000000000002,2opt,acceptBad
2106,20,3707.8999999999987,6,1707.0000000000002,swap,acceptBad
2107,20,3697.4999999999986,6,1707.0000000000002,swap,improve
2108,20,3697.4999999999986,6,1707.0000000000002,2opt,improve
2109,20,3687.0999999999985,6,1707.0000000000002,move,improve
2110,20,3684.199999999998,6,1707.0000000000002,swap,improve
2111,20,3680.499999999998,6,1707.0000000000002,move,improve
2112,20,3646.499999999998,6,1707.0000000000002,2opt,improve
2113,20,3628.699999999998,6,1707.0000000000002,swap,improve
2114,20,3628.699999999998,6,1707.0000000000002,swap,improve
2115,20,3631.8999999999987,6,1707.0000000000002,swap,acceptBad
2116,20,3672.2999999999984,6,1707.0000000000002,swap,acceptBad
2117,20,3672.2999999999984,6,1707.0000000000002,2opt,notBad
2118,20,3701.099999999999,6,1707.0000000000002,2opt,acceptBad
2119,20,3701.099999999999,6,1707.0000000000002,2opt,notBad
2120,20,3667.499999999999,6,1707.0000000000002,move,improve
2121,20,3667.499999999999,6,1707.0000000000002,swap,notBad
2122,20,3735.199999999999,6,1707.0000000000002,swap,acceptBad
2123,20,3771.0999999999985,6,1707.0000000000002,swap,acceptBad
2124,20,3819.899999999999,6,1707.0000000000002,swap,acceptBad
2125,20,3846.899999999999,6,1707.0000000000002,2opt,acceptBad
2126,20,3873.799999999999,6,1707.0000000000002,swap,acceptBad
2127,20,3798.599999999999,6,1707.0000000000002,move,improve
2128,19,3727.799999999999,6,1707.0000000000002,move,improve
2129,19,3746.399999999998,6,1707.0000000000002,2opt,acceptBad
2130,19,3711.699999999998,6,1707.0000000000002,move,improve
2131,19,3689.3999999999983,6,1707.0000000000002,move,improve
2132,19,3693.3999999999983,6,1707.0000000000002,swap,acceptBad
2133,19,3727.899999999999,6,1707.0000000000002,2opt,acceptBad
2134,19,3696.8000000000006,6,1707.0000000000002,2opt,improve
2135,19,3676.6999999999994,6,1707.0000000000002,2opt,improve
2136,19,3676.6999999999994,6,1707.0000000000002,swap,notBad
2137,19,3676.6999999999994,6,1707.0000000000002,swap,notBad
2138,19,3636.999999999999,6,1707.0000000000002,swap,improve
2139,19,3636.999999999999,6,1707.0000000000002,move,improve
2140,19,3571.899999999999,6,1707.0000000000002,move,improve
2141,19,3528.1999999999994,6,1707.0000000000002,swap,improve
2142,19,3528.1999999999994,6,1707.0000000000002,2opt,notBad
2143,19,3528.1999999999994,6,1707.0000000000002,2opt,notBad
2144,19,3528.1999999999994,6,1707.0000000000002,2opt,notBad
2145,19,3528.1999999999994,6,1707.0000000000002,2opt,notBad
2146,19,3528.1999999999994,6,1707.0000000000002,2opt,notBad
2147,19,3537.1999999999994,6,1707.0000000000002,2opt,acceptBad
2148,19,3526.699999999999,6,1707.0000000000002,move,improve
2149,19,3526.699999999999,6,1707.0000000000002,move,improve
2150,19,3526.699999999999,6,1707.0000000000002,swap,notBad
2151,19,3526.699999999999,6,1707.0000000000002,swap,notBad
2152,19,3526.699999999999,6,1707.0000000000002,2opt,notBad
2153,19,3520.0999999999985,6,1707.0000000000002,swap,improve
2154,19,3520.0999999999985,6,1707.0000000000002,move,improve
2155,19,3508.0999999999985,6,1707.0000000000002,move,improve
2156,19,3507.2999999999984,6,1707.0000000000002,move,improve
2157,19,3507.2999999999984,6,1707.0000000000002,2opt,notBad
2158,19,3566.5999999999985,6,1707.0000000000002,swap,acceptBad
2159,19,3568.7999999999984,6,1707.0000000000002,2opt,acceptBad
2160,19,3564.999999999999,6,1707.0000000000002,swap,improve
2161,19,3625.699999999999,6,1707.0000000000002,swap,acceptBad
2162,19,3625.699999999999,6,1707.0000000000002,swap,notBad
2163,19,3625.699999999999,6,1707.0000000000002,move,improve
2164,19,3629.099999999999,6,1707.0000000000002,2opt,acceptBad
2165,19,3629.099999999999,6,1707.0000000000002,2opt,notBad
2166,19,3613.5999999999985,6,1707.0000000000002,move,improve
2167,19,3547.799999999999,6,1707.0000000000002,move,improve
2168,19,3547.799999999999,6,1707.0000000000002,move,improve
2169,19,3560.3999999999987,6,1707.0000000000002,2opt,acceptBad
2170,19,3586.299999999999,6,1707.0000000000002,swap,acceptBad
2171,19,3590.899999999999,6,1707.0000000000002,2opt,acceptBad
2172,19,3654.699999999999,6,1707.0000000000002,swap,acceptBad
2173,19,3629.9999999999995,6,1707.0000000000002,2opt,improve
2174,19,3586.9999999999995,6,1707.0000000000002,move,improve
2175,19,3571.9999999999995,6,1707.0000000000002,move,improve
2176,19,3568.7999999999993,6,1707.0000000000002,move,improve
2177,19,3607.0,6,1707.0000000000002,2opt,acceptBad
2178,19,3595.7999999999997,6,1707.0000000000002,swap,improve
2179,19,3557.2,6,1707.0000000000002,move,improve
2180,19,3542.7,6,1707.0000000000002,move,improve
2181,19,3542.7,6,1707.0000000000002,move,improve
2182,19,3589.4000000000005,6,1707.0000000000002,swap,acceptBad
2183,19,3580.5999999999985,6,1707.0000000000002,2opt,improve
2184,19,3578.8999999999983,6,1707.0000000000002,move,improve
2185,19,3624.399999999998,6,1707.0000000000002,swap,acceptBad
2186,19,3624.399999999998,6,1707.0000000000002,swap,notBad
2187,19,3624.399999999998,6,1707.0000000000002,2opt,notBad
2188,19,3626.499999999998,6,1707.0000000000002,2opt,acceptBad
2189,19,3610.299999999999,6,1707.0000000000002,move,improve
2190,19,3660.2999999999984,6,1707.0000000000002,swap,acceptBad
2191,19,3660.2999999999984,6,1707.0000000000002,swap,notBad
2192,19,3706.399999999998,6,1707.0000000000002,swap,acceptBad
2193,19,3708.2999999999984,6,1707.0000000000002,2opt,acceptBad
2194,19,3649.6999999999985,6,1707.0000000000002,move,improve
2195,19,3649.6999999999985,6,1707.0000000000002,swap,notBad
2196,19,3630.6999999999985,6,1707.0000000000002,move,improve
2197,19,3630.6999999999985,6,1707.0000000000002,2opt,notBad
2198,19,3630.6999999999985,6,1707.0000000000002,2opt,notBad
2199,19,3635.799999999999,6,1707.0000000000002,swap,acceptBad
2200,19,3623.299999999998,6,1707.0000000000002,move,improve
2201,19,3616.5999999999985,6,1707.0000000000002,move,improve
2202,19,3628.3,6,1707.0000000000002,2opt,acceptBad
2203,19,3562.1,6,1707.0000000000002,move,improve
2204,19,3562.1,6,1707.0000000000002,2opt,notBad
2205,19,3562.1,6,1707.0000000000002,move,improve
2206,19,3562.1,6,1707.0000000000002,2opt,improve
2207,19,3556.9999999999986,6,1707.0000000000002,2opt,improve
2208,19,3557.4999999999995,6,1707.0000000000002,2opt,acceptBad
2209,19,3539.7999999999997,6,1707.0000000000002,move,improve
2210,19,3503.9999999999995,6,1707.0000000000002,move,improve
2211,19,3503.9999999999995,6,1707.0000000000002,move,improve
2212,19,3502.299999999998,6,1707.0000000000002,2opt,improve
2213,19,3502.299999999998,6,1707.0000000000002,swap,notBad
2214,19,3498.2999999999984,6,1707.0000000000002,swap,improve
2215,19,3471.3999999999983,6,1707.0000000000002,move,improve
2216,19,3455.8999999999983,6,1707.0000000000002,2opt,improve
2217,19,3455.8999999999983,6,1707.0000000000002,2opt,notBad
2218,19,3473.799999999999,6,1707.0000000000002,swap,acceptBad
2219,19,3471.0999999999995,6,1707.0000000000002,2opt,improve
2220,19,3471.0999999999995,6,1707.0000000000002,2opt,notBad
2221,19,3437.7999999999997,6,1707.0000000000002,move,improve
2222,19,3376.4,6,1707.0000000000002,move,improve
2223,19,3360.2999999999997,6,1707.0000000000002,swap,improve
2224,19,3360.2999999999997,6,1707.0000000000002,2opt,notBad
2225,19,3360.2999999999997,6,1707.0000000000002,swap,notBad
2226,19,3288.7,6,1707.0000000000002,move,improve
2227,19,3288.7,6,1707.0000000000002,swap,notBad
2228,19,3341.7,6,1707.0000000000002,swap,acceptBad
2229,19,3341.7,6,1707.0000000000002,swap,notBad
2230,19,3375.899999999999,6,1707.0000000000002,2opt,acceptBad
2231,19,3375.899999999999,6,1707.0000000000002,move,improve
2232,19,3375.899999999999,6,1707.0000000000002,2opt,notBad
2233,19,3419.7999999999997,6,1707.0000000000002,swap,acceptBad
2234,19,3413.6999999999994,6,1707.0000000000002,move,improve
2235,19,3425.9999999999995,6,1707.0000000000002,swap,acceptBad
2236,19,3467.300000000002,6,1707.0000000000002,2opt,acceptBad
2237,19,3561.300000000002,6,1707.0000000000002,swap,acceptBad
2238,19,3561.300000000002,6,1707.0000000000002,2opt,notBad
2239,19,3573.799999999999,6,1707.0000000000002,2opt,acceptBad
2240,19,3543.6999999999975,6,1707.0000000000002,2opt,improve
2241,19,3525.4000000000005,6,1707.0000000000002,2opt,improve
2242,19,3525.4000000000005,6,1707.0000000000002,swap,notBad
2243,19,3524.6000000000004,6,1707.0000000000002,move,improve
2244,19,3524.6000000000004,6,1707.0000000000002,2opt,notBad
2245,19,3524.6000000000004,6,1707.0000000000002,2opt,improve
2246,19,3524.6000000000004,6,1707.0000000000002,move,improve
2247,19,3500.7000000000003,6,1707.0000000000002,move,improve
2248,19,3500.7000000000003,6,1707.0000000000002,2opt,notBad
2249,19,3500.7000000000003,6,1707.0000000000002,2opt,notBad
2250,20,3529.9000000000005,6,1707.0000000000002,2opt,acceptBad
2251,20,3435.7000000000007,6,1707.0000000000002,move,improve
2252,20,3435.7000000000007,6,1707.0000000000002,2opt,notBad
2253,20,3435.7000000000007,6,1707.0000000000002,swap,notBad
2254,20,3472.600000000001,6,1707.0000000000002,swap,acceptBad
2255,20,3472.600000000001,6,1707.0000000000002,move,improve
2256,20,3462.4,6,1707.0000000000002,2opt,improve
2257,20,3462.4,6,1707.0000000000002,move,improve
2258,20,3457.5,6,1707.0000000000002,move,improve
2259,20,3410.4,6,1707.0000000000002,move,improve
2260,20,3404.2,6,1707.0000000000002,move,improve
2261,20,3345.1,6,1707.0000000000002,move,improve
2262,20,3344.8999999999996,6,1707.0000000000002,move,improve
2263,20,3336.2999999999997,6,1707.0000000000002,move,improve
2264,20,3326.4000000000005,6,1707.0000000000002,2opt,improve
2265,20,3332.7999999999975,6,1707.0000000000002,2opt,acceptBad
2266,20,3305.8999999999974,6,1707.0000000000002,move,improve
2267,20,3350.7999999999975,6,1707.0000000000002,swap,acceptBad
2268,20,3332.6999999999975,6,1707.0000000000002,move,improve
2269,20,3334.199999999999,6,1707.0000000000002,2opt,acceptBad
2270,20,3329.3999999999987,6,1707.0000000000002,swap,improve
2271,20,3324.699999999999,6,1707.0000000000002,move,improve
2272,20,3324.699999999999,6,1707.0000000000002,swap,notBad
2273,20,3319.999999999998,6,1707.0000000000002,2opt,improve
2274,20,3322.499999999999,6,1707.0000000000002,2opt,acceptBad
2275,20,3322.499999999999,6,1707.0000000000002,swap,notBad
2276,20,3319.3999999999987,6,1707.0000000000002,move,improve
2277,20,3235.799999999999,6,1707.0000000000002,move,improve
2278,20,3214.299999999998,6,1707.0000000000002,2opt,improve
2279,20,3214.299999999998,6,1707.0000000000002,swap,notBad
2280,20,3214.299999999998,6,1707.0000000000002,swap,notBad
2281,20,3214.299999999998,6,1707.0000000000002,2opt,notBad
2282,20,3211.799999999998,6,1707.0000000000002,move,improve
2283,20,3211.799999999998,6,1707.0000000000002,2opt,notBad
2284,20,3207.599999999998,6,1707.0000000000002,move,improve
2285,20,3225.2999999999993,6,1707.0000000000002,2opt,acceptBad
2286,20,3221.2999999999993,6,1707.0000000000002,move,improve
2287,20,3221.2999999999993,6,1707.0000000000002,move,improve
2288,20,3195.999999999999,6,1707.0000000000002,move,improve
2289,20,3195.999999999999,6,1707.0000000000002,swap,notBad
2290,20,3171.999999999999,6,1707.0000000000002,move,improve
2291,20,3152.099999999999,6,1707.0000000000002,2opt,improve
2292,20,3164.4999999999986,6,1707.0000000000002,2opt,acceptBad
2293,20,3164.4999999999986,6,1707.0000000000002,2opt,notBad
2294,20,3150.3999999999987,6,1707.0000000000002,swap,improve
2295,20,3150.0999999999985,6,1707.0000000000002,move,improve
2296,20,3145.8999999999987,6,1707.0000000000002,move,improve
2297,20,3130.7999999999984,6,1707.0000000000002,swap,improve
2298,20,3111.6999999999985,6,1707.0000000000002,move,improve
2299,20,3092.5999999999985,6,1707.0000000000002,move,improve
2300,20,3092.5999999999985,6,1707.0000000000002,swap,notBad
2301,20,3154.499999999999,6,1707.0000000000002,swap,acceptBad
2302,20,3147.2,6,1707.0000000000002,2opt,improve
2303,20,3147.2,6,1707.0000000000002,2opt,notBad
2304,20,3149.899999999999,6,1707.0000000000002,2opt,acceptBad
2305,20,3149.899999999999,6,1707.0000000000002,move,improve
2306,20,3149.899999999999,6,1707.0000000000002,move,improve
2307,20,3202.499999999999,6,1707.0000000000002,swap,acceptBad
2308,20,3122.099999999999,6,1707.0000000000002,move,improve
2309,20,3109.0000000000005,6,1707.0000000000002,2opt,improve
2310,20,3109.0000000000005,6,1707.0000000000002,swap,notBad
2311,20,3109.0000000000005,6,1707.0000000000002,move,improve
2312,20,3074.2000000000003,6,1707.0000000000002,move,improve
2313,20,3042.8,6,1707.0000000000002,move,improve
2314,20,3018.4,6,1707.0000000000002,move,improve
2315,20,3018.4,6,1707.0000000000002,2opt,notBad
2316,20,3018.4,6,1707.0000000000002,2opt,notBad
2317,20,3018.4,6,1707.0000000000002,swap,notBad
2318,20,3018.4,6,1707.0000000000002,swap,notBad
2319,20,3018.4,6,1707.0000000000002,2opt,notBad
2320,20,3005.199999999999,6,1707.0000000000002,2opt,improve
2321,20,3085.199999999999,6,1707.0000000000002,swap,acceptBad
2322,20,3085.199999999999,6,1707.0000000000002,move,improve
2323,20,3085.199999999999,6,1707.0000000000002,move,improve
2324,20,3121.9999999999986,6,1707.0000000000002,swap,acceptBad
2325,20,3121.9999999999986,6,1707.0000000000002,2opt,notBad
2326,20,3121.9999999999986,6,1707.0000000000002,2opt,notBad
2327,20,3121.9999999999986,6,1707.0000000000002,swap,notBad
2328,20,3121.9999999999986,6,1707.0000000000002,swap,notBad
2329,20,3105.2999999999984,6,1707.0000000000002,move,improve
2330,20,3126.3999999999987,6,1707.0000000000002,swap,acceptBad
2331,19,3104.199999999999,6,1707.0000000000002,move,improve
2332,19,3114.6999999999985,6,1707.0000000000002,swap,acceptBad
2333,19,3096.599999999998,6,1707.0000000000002,swap,improve
2334,19,3096.599999999998,6,1707.0000000000002,2opt,notBad
2335,19,3165.499999999998,6,1707.0000000000002,swap,acceptBad
2336,19,3154.599999999998,6,1707.0000000000002,swap,improve
2337,19,3154.599999999998,6,1707.0000000000002,move,improve
2338,19,3169.999999999998,6,1707.0000000000002,swap,acceptBad
2339,19,3169.999999999998,6,1707.0000000000002,2opt,notBad
2340,19,3169.999999999998,6,1707.0000000000002,swap,notBad
2341,19,3169.999999999998,6,1707.0000000000002,2opt,notBad
2342,19,3148.3999999999983,6,1707.0000000000002,2opt,improve
2343,19,3148.3999999999983,6,1707.0000000000002,2opt,notBad
2344,19,3141.099999999998,6,1707.0000000000002,swap,improve
2345,19,3141.099999999998,6,1707.0000000000002,2opt,notBad
2346,19,3195.2999999999984,6,1707.0000000000002,swap,acceptBad
2347,19,3195.2999999999984,6,1707.0000000000002,move,improve
2348,19,3248.7999999999984,6,1707.0000000000002,swap,acceptBad
2349,19,3243.4999999999977,6,1707.0000000000002,2opt,improve
2350,19,3243.4999999999977,6,1707.0000000000002,swap,notBad
2351,19,3234.7999999999975,6,1707.0000000000002,move,improve
2352,19,3246.599999999997,6,1707.0000000000002,swap,acceptBad
2353,19,3246.599999999997,6,1707.0000000000002,2opt,notBad
2354,19,3246.599999999997,6,1707.0000000000002,2opt,notBad
2355,19,3244.9999999999973,6,1707.0000000000002,move,improve
2356,19,3243.299999999997,6,1707.0000000000002,move,improve
2357,19,3243.299999999997,6,1707.0000000000002,2opt,notBad
2358,19,3215.0999999999967,6,1707.0000000000002,move,improve
2359,19,3210.899999999997,6,1707.0000000000002,swap,improve
2360,19,3210.899999999997,6,1707.0000000000002,swap,notBad
2361,19,3207.399999999997,6,1707.0000000000002,swap,improve
2362,19,3207.0999999999967,6,1707.0000000000002,move,improve
2363,19,3119.9999999999973,6,1707.0000000000002,move,improve
2364,19,3117.599999999998,6,1707.0000000000002,2opt,improve
2365,19,3116.3999999999983,6,1707.0000000000002,move,improve
2366,19,3116.3999999999983,6,1707.0000000000002,move,improve
2367,19,3116.3999999999983,6,1707.0000000000002,move,improve
2368,19,3142.9999999999986,6,1707.0000000000002,2opt,acceptBad
2369,19,3142.9999999999986,6,1707.0000000000002,2opt,notBad
2370,18,3125.4999999999986,6,1707.0000000000002,move,improve
2371,18,3125.4999999999986,6,1707.0000000000002,swap,notBad
2372,18,3125.4999999999986,6,1707.0000000000002,2opt,notBad
2373,18,3107.1999999999994,6,1707.0000000000002,2opt,improve
2374,18,3088.7999999999984,6,1707.0000000000002,2opt,improve
2375,18,3112.0999999999985,6,1707.0000000000002,swap,acceptBad
2376,18,3054.6999999999985,6,1707.0000000000002,move,improve
2377,18,3050.8999999999987,6,1707.0000000000002,move,improve
2378,18,3064.599999999999,6,1707.0000000000002,swap,acceptBad
2379,18,3009.299999999999,6,1707.0000000000002,swap,improve
2380,18,3055.699999999999,6,1707.0000000000002,swap,acceptBad
2381,18,3055.699999999999,6,1707.0000000000002,2opt,notBad
2382,18,3055.699999999999,6,1707.0000000000002,swap,notBad
2383,18,3127.599999999999,6,1707.0000000000002,swap,acceptBad
2384,18,3127.599999999999,6,1707.0000000000002,2opt,notBad
2385,18,3127.599999999999,6,1707.0000000000002,2opt,notBad
2386,18,3127.599999999999,6,1707.0000000000002,move,improve
2387,18,3127.599999999999,6,1707.0000000000002,2opt,notBad
2388,18,3127.599999999999,6,1707.0000000000002,move,improve
2389,18,3123.199999999999,6,1707.0000000000002,move,improve
2390,18,3117.8999999999987,6,1707.0000000000002,move,improve
2391,18,3117.8999999999987,6,1707.0000000000002,2opt,notBad
2392,18,3117.8999999999987,6,1707.0000000000002,2opt,notBad
2393,18,3117.8999999999987,6,1707.0000000000002,swap,notBad
2394,18,3101.0999999999985,6,1707.0000000000002,swap,improve
2395,18,3151.6999999999985,6,1707.0000000000002,swap,acceptBad
2396,18,3151.6999999999985,6,1707.0000000000002,swap,notBad
2397,18,3151.6999999999985,6,1707.0000000000002,2opt,notBad
2398,18,3149.5999999999985,6,1707.0000000000002,move,improve
2399,18,3149.5999999999985,6,1707.0000000000002,2opt,notBad
2400,18,3169.799999999999,6,1707.0000000000002,swap,acceptBad
2401,18,3106.1999999999985,6,1707.0000000000002,move,improve
2402,18,3097.8999999999987,6,1707.0000000000002,move,improve
2403,18,3097.8999999999987,6,1707.0000000000002,2opt,notBad
2404,18,3137.7999999999984,6,1707.0000000000002,swap,acceptBad
2405,18,3137.7999999999984,6,1707.0000000000002,swap,notBad
2406,18,3152.1999999999985,6,1707.0000000000002,swap,acceptBad
2407,18,3048.999999999998,6,1707.0000000000002,move,improve
2408,18,3048.999999999998,6,1707.0000000000002,2opt,notBad
2409,18,3043.8999999999983,6,1707.0000000000002,move,improve
2410,18,3030.5999999999985,6,1707.0000000000002,2opt,improve
2411,18,3011.699999999998,6,1707.0000000000002,move,improve
2412,18,3003.899999999998,6,1707.0000000000002,move,improve
2413,18,3003.899999999998,6,1707.0000000000002,swap,notBad
2414,18,3003.899999999998,6,1707.0000000000002,swap,notBad
2415,18,3003.5999999999976,6,1707.0000000000002,move,improve
2416,18,3003.5999999999976,6,1707.0000000000002,2opt,notBad
2417,18,3003.5999999999976,6,1707.0000000000002,swap,notBad
2418,18,3010.199999999998,6,1707.0000000000002,2opt,acceptBad
2419,18,3010.199999999998,6,1707.0000000000002,swap,notBad
2420,18,2990.099999999998,6,1707.0000000000002,swap,improve
2421,18,2964.4999999999995,6,1707.0000000000002,2opt,improve
2422,18,3021.0999999999995,6,1707.0000000000002,swap,acceptBad
2423,18,3054.8999999999996,6,1707.0000000000002,swap,acceptBad
2424,18,3053.8999999999996,6,1707.0000000000002,move,improve
2425,18,3052.2,6,1707.0000000000002,move,improve
2426,18,3052.2,6,1707.0000000000002,move,improve
2427,18,3030.7999999999997,6,1707.0000000000002,move,improve
2428,18,3030.7999999999997,6,1707.0000000000002,2opt,notBad
2429,18,3030.7999999999997,6,1707.0000000000002,swap,notBad
2430,18,3030.399999999999,6,1707.0000000000002,2opt,improve
2431,18,3060.199999999999,6,1707.0000000000002,swap,acceptBad
2432,18,3060.199999999999,6,1707.0000000000002,move,improve
2433,18,3060.199999999999,6,1707.0000000000002,swap,notBad
2434,18,3060.199999999999,6,1707.0000000000002,2opt,notBad
2435,18,3060.199999999999,6,1707.0000000000002,swap,notBad
2436,18,3060.199999999999,6,1707.0000000000002,2opt,notBad
2437,18,3043.499999999999,6,1707.0000000000002,move,improve
2438,18,3043.499999999999,6,1707.0000000000002,move,improve
2439,18,3043.499999999999,6,1707.0000000000002,2opt,notBad
2440,18,3076.999999999999,6,1707.0000000000002,swap,acceptBad
2441,18,3076.999999999999,6,1707.0000000000002,2opt,notBad
2442,18,3036.099999999999,6,1707.0000000000002,move,improve
2443,18,3087.499999999999,6,1707.0000000000002,swap,acceptBad
2444,18,3127.299999999999,6,1707.0000000000002,swap,acceptBad
2445,18,3127.299999999999,6,1707.0000000000002,2opt,notBad
2446,18,3127.299999999999,6,1707.0000000000002,2opt,notBad
2447,17,3120.699999999999,6,1707.0000000000002,2opt,improve
2448,17,3118.8999999999987,6,1707.0000000000002,2opt,improve
2449,17,3163.9999999999986,6,1707.0000000000002,swap,acceptBad
2450,17,3164.099999999999,6,1707.0000000000002,swap,acceptBad
2451,17,3164.099999999999,6,1707.0000000000002,swap,notBad
2452,17,3164.099999999999,6,1707.0000000000002,2opt,notBad
2453,17,3164.099999999999,6,1707.0000000000002,2opt,notBad
2454,17,3164.099999999999,6,1707.0000000000002,move,improve
2455,17,3174.4999999999986,6,1707.0000000000002,swap,acceptBad
2456,17,3174.4999999999986,6,1707.0000000000002,swap,notBad
2457,17,3174.4999999999986,6,1707.0000000000002,move,improve
2458,17,3171.6999999999985,6,1707.0000000000002,2opt,improve
2459,17,3159.499999999998,6,1707.0000000000002,move,improve
2460,17,3159.499999999998,6,1707.0000000000002,2opt,notBad
2461,17,3159.499999999998,6,1707.0000000000002,2opt,notBad
2462,17,3152.199999999998,6,1707.0000000000002,2opt,improve
2463,17,3152.199999999998,6,1707.0000000000002,2opt,notBad
2464,17,3165.399999999998,6,1707.0000000000002,2opt,acceptBad
2465,17,3165.399999999998,6,1707.0000000000002,2opt,notBad
2466,17,3122.0999999999976,6,1707.0000000000002,move,improve
2467,17,3101.299999999998,6,1707.0000000000002,move,improve
2468,17,3101.299999999998,6,1707.0000000000002,2opt,notBad
2469,17,3101.299999999998,6,1707.0000000000002,swap,notBad
2470,17,3055.2999999999984,6,1707.0000000000002,swap,improve
2471,17,3055.2999999999984,6,1707.0000000000002,2opt,notBad
2472,17,3055.2999999999984,6,1707.0000000000002,2opt,notBad
2473,17,3024.2999999999993,6,1707.0000000000002,2opt,improve
2474,17,3024.2999999999993,6,1707.0000000000002,move,improve
2475,17,3024.2999999999993,6,1707.0000000000002,swap,notBad
2476,17,3023.6999999999994,6,1707.0000000000002,move,improve
2477,17,3023.6999999999994,6,1707.0000000000002,move,improve
2478,17,3023.6999999999994,6,1707.0000000000002,swap,notBad
2479,17,3023.6999999999994,6,1707.0000000000002,2opt,notBad
2480,17,3023.6999999999994,6,1707.0000000000002,2opt,notBad
2481,17,3041.6999999999994,6,1707.0000000000002,swap,acceptBad
2482,17,3076.7999999999993,6,1707.0000000000002,swap,acceptBad
2483,17,3032.1999999999994,6,1707.0000000000002,move,improve
2484,17,3032.1999999999994,6,1707.0000000000002,2opt,notBad
2485,17,2999.9999999999995,6,1707.0000000000002,move,improve
2486,17,2978.399999999999,6,1707.0000000000002,2opt,improve
2487,17,2972.599999999999,6,1707.0000000000002,2opt,improve
2488,17,2953.799999999999,6,1707.0000000000002,swap,improve
2489,17,2953.799999999999,6,1707.0000000000002,swap,notBad
2490,17,2953.799999999999,6,1707.0000000000002,swap,notBad
2491,17,2952.199999999999,6,1707.0000000000002,move,improve
2492,17,2943.6999999999994,6,1707.0000000000002,move,improve
2493,17,2926.8999999999996,6,1707.0000000000002,2opt,improve
2494,17,2926.8999999999996,6,1707.0000000000002,move,improve
2495,17,2926.8999999999996,6,1707.0000000000002,move,improve
2496,17,2917.6999999999994,6,1707.0000000000002,move,improve
2497,17,2917.6999999999994,6,1707.0000000000002,move,improve
2498,17,2917.6999999999994,6,1707.0000000000002,2opt,notBad
2499,17,2917.6999999999994,6,1707.0000000000002,2opt,notBad
2500,17,2917.6999999999994,6,1707.0000000000002,2opt,notBad
2501,17,2917.6999999999994,6,1707.0000000000002,2opt,notBad
2502,17,2945.099999999999,6,1707.0000000000002,swap,acceptBad
2503,17,2945.099999999999,6,1707.0000000000002,move,improve
2504,17,2892.1999999999994,6,1707.0000000000002,move,improve
2505,17,2889.399999999999,6,1707.0000000000002,move,improve
2506,17,2889.399999999999,6,1707.0000000000002,swap,notBad
2507,17,2910.2999999999993,6,1707.0000000000002,swap,acceptBad
2508,17,2910.2999999999993,6,1707.0000000000002,swap,notBad
2509,17,2914.299999999999,6,1707.0000000000002,2opt,acceptBad
2510,17,2940.999999999999,6,1707.0000000000002,swap,acceptBad
2511,17,2940.999999999999,6,1707.0000000000002,2opt,notBad
2512,17,2949.8999999999987,6,1707.0000000000002,swap,acceptBad
2513,17,2949.8999999999987,6,1707.0000000000002,2opt,notBad
2514,17,2908.299999999999,6,1707.0000000000002,move,improve
2515,17,2898.199999999999,6,1707.0000000000002,move,improve
2516,17,2864.2999999999984,6,1707.0000000000002,move,improve
2517,17,2850.3999999999987,6,1707.0000000000002,move,improve
2518,17,2821.5999999999995,6,1707.0000000000002,2opt,improve
2519,17,2821.5999999999995,6,1707.0000000000002,2opt,notBad
2520,17,2821.5999999999995,6,1707.0000000000002,2opt,notBad
2521,17,2821.5999999999995,6,1707.0000000000002,move,improve
2522,17,2821.5999999999995,6,1707.0000000000002,move,improve
2523,17,2837.6999999999994,6,1707.0000000000002,swap,acceptBad
2524,17,2837.6999999999994,6,1707.0000000000002,2opt,notBad
2525,17,2837.6999999999994,6,1707.0000000000002,move,improve
2526,17,2798.7999999999984,6,1707.0000000000002,swap,improve
2527,17,2798.7999999999984,6,1707.0000000000002,2opt,notBad
2528,17,2798.7999999999984,6,1707.0000000000002,2opt,improve
2529,17,2816.299999999999,6,1707.0000000000002,swap,acceptBad
2530,17,2749.1999999999985,6,1707.0000000000002,move,improve
2531,17,2749.1999999999985,6,1707.0000000000002,swap,notBad
2532,17,2755.8999999999987,6,1707.0000000000002,2opt,acceptBad
2533,17,2755.8999999999987,6,1707.0000000000002,move,improve
2534,17,2755.8999999999987,6,1707.0000000000002,swap,notBad
2535,17,2755.8999999999987,6,1707.0000000000002,move,improve
2536,17,2698.999999999999,6,1707.0000000000002,move,improve
2537,17,2698.999999999999,6,1707.0000000000002,2opt,notBad
2538,17,2698.999999999999,6,1707.0000000000002,swap,notBad
2539,17,2740.2999999999984,6,1707.0000000000002,swap,acceptBad
2540,17,2738.7999999999984,6,1707.0000000000002,move,improve
2541,17,2719.9999999999977,6,1707.0000000000002,move,improve
2542,17,2719.9999999999977,6,1707.0000000000002,swap,notBad
2543,17,2719.9999999999977,6,1707.0000000000002,move,improve
2544,17,2738.5999999999976,6,1707.0000000000002,swap,acceptBad
2545,17,2770.5999999999976,6,1707.0000000000002,swap,acceptBad
2546,17,2770.5999999999976,6,1707.0000000000002,swap,notBad
2547,17,2767.3999999999974,6,1707.0000000000002,move,improve
2548,17,2757.7999999999975,6,1707.0000000000002,swap,improve
2549,17,2789.5999999999976,6,1707.0000000000002,swap,acceptBad
2550,17,2789.5999999999976,6,1707.0000000000002,2opt,notBad
2551,17,2770.6999999999975,6,1707.0000000000002,move,improve
2552,17,2776.0999999999985,6,1707.0000000000002,2opt,acceptBad
2553,16,2701.699999999999,6,1707.0000000000002,move,improve
2554,16,2701.6999999999994,6,1707.0000000000002,swap,acceptBad
2555,16,2701.6999999999994,6,1707.0000000000002,2opt,notBad
2556,16,2701.6999999999994,6,1707.0000000000002,move,improve
2557,16,2701.6999999999994,6,1707.0000000000002,2opt,notBad
2558,16,2697.099999999999,6,1707.0000000000002,move,improve
2559,16,2697.099999999999,6,1707.0000000000002,2opt,notBad
2560,16,2711.7999999999993,6,1707.0000000000002,swap,acceptBad
2561,16,2687.4999999999977,6,1707.0000000000002,2opt,improve
2562,16,2687.4999999999977,6,1707.0000000000002,2opt,notBad
2563,16,2681.799999999998,6,1707.0000000000002,move,improve
2564,16,2666.899999999998,6,1707.0000000000002,move,improve
2565,16,2670.899999999998,6,1707.0000000000002,swap,acceptBad
2566,16,2670.899999999998,6,1707.0000000000002,move,improve
2567,16,2688.899999999998,6,1707.0000000000002,swap,acceptBad
2568,16,2688.899999999998,6,1707.0000000000002,2opt,notBad
2569,16,2688.899999999998,6,1707.0000000000002,2opt,notBad
2570,16,2688.899999999998,6,1707.0000000000002,2opt,notBad
2571,16,2688.899999999998,6,1707.0000000000002,swap,notBad
2572,16,2688.9999999999977,6,1707.0000000000002,swap,acceptBad
2573,16,2688.9999999999977,6,1707.0000000000002,swap,notBad
2574,16,2688.9999999999977,6,1707.0000000000002,swap,notBad
2575,16,2671.499999999998,6,1707.0000000000002,2opt,improve
2576,16,2671.499999999998,6,1707.0000000000002,2opt,notBad
2577,16,2669.499999999998,6,1707.0000000000002,move,improve
2578,16,2669.499999999998,6,1707.0000000000002,2opt,notBad
2579,16,2669.499999999998,6,1707.0000000000002,2opt,notBad
2580,16,2669.499999999998,6,1707.0000000000002,2opt,notBad
2581,16,2669.499999999998,6,1707.0000000000002,2opt,notBad
2582,16,2669.199999999998,6,1707.0000000000002,move,improve
2583,16,2669.199999999998,6,1707.0000000000002,2opt,notBad
2584,16,2669.4999999999977,6,1707.0000000000002,swap,acceptBad
2585,16,2644.4999999999977,6,1707.0000000000002,move,improve
2586,16,2644.4999999999977,6,1707.0000000000002,swap,notBad
2587,16,2644.4999999999977,6,1707.0000000000002,move,improve
2588,16,2644.4999999999977,6,1707.0000000000002,swap,notBad
2589,16,2644.4999999999977,6,1707.0000000000002,swap,notBad
2590,16,2644.4999999999977,6,1707.0000000000002,move,improve
2591,16,2646.4999999999977,6,1707.0000000000002,swap,acceptBad
2592,16,2646.4999999999977,6,1707.0000000000002,swap,notBad
2593,16,2646.4999999999977,6,1707.0000000000002,2opt,notBad
2594,16,2638.9999999999977,6,1707.0000000000002,swap,improve
2595,16,2638.9999999999977,6,1707.0000000000002,swap,notBad
2596,16,2638.9999999999977,6,1707.0000000000002,move,improve
2597,16,2628.2999999999975,6,1707.0000000000002,move,improve
2598,16,2616.699999999998,6,1707.0000000000002,move,improve
2599,16,2554.299999999998,6,1707.0000000000002,move,improve
2600,16,2558.4999999999986,6,1707.0000000000002,swap,acceptBad
2601,16,2548.699999999999,6,1707.0000000000002,move,improve
2602,16,2595.8999999999983,6,1707.0000000000002,swap,acceptBad
2603,16,2571.1999999999975,6,1707.0000000000002,move,improve
2604,16,2570.799999999997,6,1707.0000000000002,move,improve
2605,16,2562.2999999999975,6,1707.0000000000002,move,improve
2606,16,2562.2999999999975,6,1707.0000000000002,swap,notBad
2607,16,2562.2999999999975,6,1707.0000000000002,2opt,notBad
2608,16,2562.2999999999975,6,1707.0000000000002,move,improve
2609,16,2547.7999999999975,6,1707.0000000000002,move,improve
2610,15,2507.399999999998,6,1707.0000000000002,move,improve
2611,15,2507.399999999998,6,1707.0000000000002,2opt,notBad
2612,15,2494.5999999999976,6,1707.0000000000002,move,improve
2613,15,2494.5999999999976,6,1707.0000000000002,2opt,improve
2614,15,2494.5999999999976,6,1707.0000000000002,2opt,notBad
2615,15,2497.499999999998,6,1707.0000000000002,swap,acceptBad
2616,15,2407.599999999998,6,1707.0000000000002,move,improve
2617,15,2368.8999999999987,6,1707.0000000000002,move,improve
2618,15,2392.5999999999985,6,1707.0000000000002,swap,acceptBad
2619,15,2370.4999999999986,6,1707.0000000000002,move,improve
2620,15,2370.4999999999986,6,1707.0000000000002,swap,notBad
2621,15,2365.1999999999985,6,1707.0000000000002,move,improve
2622,15,2365.1999999999985,6,1707.0000000000002,swap,notBad
2623,15,2365.1999999999985,6,1707.0000000000002,2opt,notBad
2624,15,2355.9999999999986,6,1707.0000000000002,move,improve
2625,15,2355.9999999999986,6,1707.0000000000002,swap,notBad
2626,15,2355.9999999999986,6,1707.0000000000002,2opt,notBad
2627,15,2355.9999999999986,6,1707.0000000000002,move,improve
2628,15,2355.9999999999986,6,1707.0000000000002,2opt,notBad
2629,15,2402.4999999999986,6,1707.0000000000002,swap,acceptBad
2630,15,2398.4999999999986,6,1707.0000000000002,move,improve
2631,15,2398.4999999999986,6,1707.0000000000002,2opt,notBad
2632,15,2393.3999999999987,6,1707.0000000000002,move,improve
2633,15,2393.3999999999987,6,1707.0000000000002,move,improve
2634,15,2393.3999999999987,6,1707.0000000000002,2opt,notBad
2635,15,2393.3999999999987,6,1707.0000000000002,swap,notBad
2636,15,2394.799999999999,6,1707.0000000000002,swap,acceptBad
2637,15,2378.599999999999,6,1707.0000000000002,2opt,improve
2638,15,2378.599999999999,6,1707.0000000000002,swap,notBad
2639,15,2378.599999999999,6,1707.0000000000002,swap,notBad
2640,15,2378.599999999999,6,1707.0000000000002,2opt,notBad
2641,15,2379.6999999999994,6,1707.0000000000002,swap,acceptBad
2642,15,2406.2999999999993,6,1707.0000000000002,swap,acceptBad
2643,15,2401.199999999999,6,1707.0000000000002,move,improve
2644,15,2401.199999999999,6,1707.0000000000002,swap,notBad
2645,15,2401.199999999999,6,1707.0000000000002,2opt,notBad
2646,15,2401.199999999999,6,1707.0000000000002,2opt,notBad
2647,15,2395.0999999999995,6,1707.0000000000002,move,improve
2648,15,2395.0999999999995,6,1707.0000000000002,swap,notBad
2649,15,2395.0999999999995,6,1707.0000000000002,move,improve
2650,15,2395.0999999999995,6,1707.0000000000002,move,improve
2651,15,2395.0999999999995,6,1707.0000000000002,2opt,notBad
2652,15,2395.0999999999995,6,1707.0000000000002,swap,notBad
2653,15,2380.899999999999,6,1707.0000000000002,move,improve
2654,15,2380.899999999999,6,1707.0000000000002,swap,notBad
2655,15,2380.899999999999,6,1707.0000000000002,move,improve
2656,15,2380.899999999999,6,1707.0000000000002,2opt,notBad
2657,15,2379.999999999999,6,1707.0000000000002,move,improve
2658,15,2376.099999999999,6,1707.0000000000002,move,improve
2659,15,2376.099999999999,6,1707.0000000000002,swap,notBad
2660,15,2372.199999999999,6,1707.0000000000002,2opt,improve
2661,15,2371.099999999999,6,1707.0000000000002,move,improve
2662,15,2365.9999999999986,6,1707.0000000000002,move,improve
2663,15,2365.9999999999986,6,1707.0000000000002,2opt,notBad
2664,15,2362.199999999999,6,1707.0000000000002,swap,improve
2665,15,2361.699999999999,6,1707.0000000000002,move,improve
2666,15,2361.699999999999,6,1707.0000000000002,move,improve
2667,15,2361.599999999999,6,1707.0000000000002,move,improve
2668,15,2361.599999999999,6,1707.0000000000002,2opt,notBad
2669,15,2361.599999999999,6,1707.0000000000002,2opt,notBad
2670,15,2361.599999999999,6,1707.0000000000002,2opt,notBad
2671,15,2361.599999999999,6,1707.0000000000002,move,improve
2672,15,2361.599999999999,6,1707.0000000000002,2opt,notBad
2673,15,2346.199999999999,6,1707.0000000000002,move,improve
2674,15,2346.199999999999,6,1707.0000000000002,swap,notBad
2675,15,2346.199999999999,6,1707.0000000000002,move,improve
2676,15,2346.199999999999,6,1707.0000000000002,swap,notBad
2677,15,2338.199999999999,6,1707.0000000000002,swap,improve
2678,15,2338.199999999999,6,1707.0000000000002,move,improve
2679,15,2337.299999999999,6,1707.0000000000002,move,improve
2680,15,2337.299999999999,6,1707.0000000000002,2opt,improve
2681,15,2337.299999999999,6,1707.0000000000002,2opt,notBad
2682,15,2337.299999999999,6,1707.0000000000002,move,improve
2683,15,2346.6,6,1707.0000000000002,2opt,acceptBad
2684,15,2339.7999999999997,6,1707.0000000000002,swap,improve
2685,15,2331.7,6,1707.0000000000002,move,improve
2686,15,2337.2000000000003,6,1707.0000000000002,swap,acceptBad
2687,15,2337.2000000000003,6,1707.0000000000002,2opt,notBad
2688,15,2337.2000000000003,6,1707.0000000000002,2opt,notBad
2689,15,2330.7000000000003,6,1707.0000000000002,move,improve
2690,15,2330.7000000000003,6,1707.0000000000002,2opt,notBad
2691,15,2330.7000000000003,6,1707.0000000000002,2opt,notBad
2692,15,2316.9,6,1707.0000000000002,move,improve
2693,15,2291.6000000000004,6,1707.0000000000002,swap,improve
2694,15,2291.6000000000004,6,1707.0000000000002,swap,notBad
2695,15,2291.6000000000004,6,1707.0000000000002,swap,notBad
2696,15,2268.2999999999997,6,1707.0000000000002,move,improve
2697,15,2268.2999999999997,6,1707.0000000000002,swap,improve
2698,15,2268.2999999999997,6,1707.0000000000002,2opt,notBad
2699,15,2268.2999999999997,6,1707.0000000000002,swap,notBad
2700,15,2268.2999999999997,6,1707.0000000000002,2opt,notBad
2701,15,2271.6000000000004,6,1707.0000000000002,2opt,acceptBad
2702,15,2272.7000000000003,6,1707.0000000000002,swap,acceptBad
2703,15,2242.4,6,1707.0000000000002,move,improve
2704,15,2239.4,6,1707.0000000000002,move,improve
2705,15,2239.4,6,1707.0000000000002,2opt,notBad
2706,15,2239.4,6,1707.0000000000002,swap,notBad
2707,15,2239.4,6,1707.0000000000002,2opt,notBad
2708,15,2239.4,6,1707.0000000000002,2opt,notBad
2709,15,2239.4,6,1707.0000000000002,swap,notBad
2710,15,2239.4,6,1707.0000000000002,move,improve
2711,15,2239.4,6,1707.0000000000002,2opt,notBad
2712,15,2239.4,6,1707.0000000000002,2opt,notBad
2713,15,2235.9,6,1707.0000000000002,move,improve
2714,15,2235.9,6,1707.0000000000002,move,improve
2715,15,2235.9,6,1707.0000000000002,2opt,notBad
2716,15,2199.4,6,1707.0000000000002,move,improve
2717,15,2199.4,6,1707.0000000000002,2opt,notBad
2718,15,2199.4,6,1707.0000000000002,swap,notBad
2719,15,2199.4,6,1707.0000000000002,move,improve
2720,15,2184.8999999999996,6,1707.0000000000002,2opt,improve
2721,15,2194.7,6,1707.0000000000002,swap,acceptBad
2722,15,2194.7,6,1707.0000000000002,2opt,notBad
2723,14,2172.0999999999995,6,1707.0000000000002,2opt,improve
2724,14,2172.0999999999995,6,1707.0000000000002,move,improve
2725,14,2160.4999999999995,6,1707.0000000000002,move,improve
2726,14,2160.4999999999995,6,1707.0000000000002,swap,notBad
2727,14,2157.9,6,1707.0000000000002,swap,improve
2728,14,2161.1,6,1707.0000000000002,swap,acceptBad
2729,14,2161.1,6,1707.0000000000002,move,improve
2730,14,2161.1,6,1707.0000000000002,move,improve
2731,14,2161.1,6,1707.0000000000002,move,improve
2732,14,2184.2999999999997,6,1707.0000000000002,swap,acceptBad
2733,14,2183.7,6,1707.0000000000002,move,improve
2734,14,2213.2,6,1707.0000000000002,swap,acceptBad
2735,14,2213.2,6,1707.0000000000002,swap,notBad
2736,14,2213.2,6,1707.0000000000002,swap,notBad
2737,14,2251.1999999999994,6,1707.0000000000002,swap,acceptBad
2738,14,2251.1999999999994,6,1707.0000000000002,2opt,notBad
2739,14,2251.1999999999994,6,1707.0000000000002,move,improve
2740,14,2249.7999999999993,6,1707.0000000000002,move,improve
2741,14,2249.7999999999993,6,1707.0000000000002,move,improve
2742,14,2249.7999999999993,6,1707.0000000000002,swap,notBad
2743,14,2249.7999999999993,6,1707.0000000000002,2opt,notBad
2744,14,2249.7999999999993,6,1707.0000000000002,2opt,notBad
2745,14,2249.7999999999993,6,1707.0000000000002,swap,notBad
2746,14,2249.7999999999993,6,1707.0000000000002,2opt,notBad
2747,14,2249.7999999999993,6,1707.0000000000002,move,improve
2748,14,2255.5999999999995,6,1707.0000000000002,swap,acceptBad
2749,14,2255.5999999999995,6,1707.0000000000002,2opt,notBad
2750,14,2255.5999999999995,6,1707.0000000000002,move,improve
2751,14,2255.5999999999995,6,1707.0000000000002,swap,notBad
2752,14,2255.5999999999995,6,1707.0000000000002,move,improve
2753,14,2261.5999999999995,6,1707.0000000000002,swap,acceptBad
2754,14,2261.5999999999995,6,1707.0000000000002,swap,notBad
2755,14,2253.3999999999996,6,1707.0000000000002,move,improve
2756,14,2253.3999999999996,6,1707.0000000000002,swap,notBad
2757,14,2249.7999999999993,6,1707.0000000000002,move,improve
2758,14,2249.7999999999993,6,1707.0000000000002,swap,notBad
2759,14,2261.3999999999996,6,1707.0000000000002,swap,acceptBad
2760,14,2261.3999999999996,6,1707.0000000000002,2opt,notBad
2761,14,2269.6999999999994,6,1707.0000000000002,swap,acceptBad
2762,14,2269.6999999999994,6,1707.0000000000002,2opt,notBad
2763,14,2269.6999999999994,6,1707.0000000000002,swap,notBad
2764,14,2269.6999999999994,6,1707.0000000000002,move,improve
2765,14,2269.6999999999994,6,1707.0000000000002,2opt,notBad
2766,14,2269.6999999999994,6,1707.0000000000002,2opt,notBad
2767,14,2269.6999999999994,6,1707.0000000000002,move,improve
2768,14,2269.6999999999994,6,1707.0000000000002,swap,notBad
2769,14,2287.0999999999995,6,1707.0000000000002,2opt,acceptBad
2770,14,2287.0999999999995,6,1707.0000000000002,swap,notBad
2771,14,2283.3999999999996,6,1707.0000000000002,move,improve
2772,14,2283.3999999999996,6,1707.0000000000002,swap,notBad
2773,14,2283.3999999999996,6,1707.0000000000002,swap,notBad
2774,14,2283.3999999999996,6,1707.0000000000002,swap,notBad
2775,14,2310.6,6,1707.0000000000002,swap,acceptBad
2776,14,2310.6,6,1707.0000000000002,2opt,notBad
2777,14,2310.6,6,1707.0000000000002,swap,notBad
2778,14,2310.6,6,1707.0000000000002,swap,notBad
2779,14,2310.6,6,1707.0000000000002,swap,notBad
2780,14,2256.8999999999996,6,1707.0000000000002,move,improve
2781,14,2256.8999999999996,6,1707.0000000000002,move,improve
2782,14,2256.8999999999996,6,1707.0000000000002,swap,notBad
2783,14,2256.8999999999996,6,1707.0000000000002,2opt,notBad
2784,14,2196.4999999999995,6,1707.0000000000002,move,improve
2785,14,2196.4999999999995,6,1707.0000000000002,2opt,notBad
2786,14,2207.3999999999996,6,1707.0000000000002,2opt,acceptBad
2787,14,2225.7,6,1707.0000000000002,swap,acceptBad
2788,14,2225.7,6,1707.0000000000002,move,improve
2789,14,2225.7,6,1707.0000000000002,2opt,notBad
2790,14,2225.7,6,1707.0000000000002,swap,notBad
2791,14,2186.1,6,1707.0000000000002,2opt,improve
2792,14,2153.3999999999996,6,1707.0000000000002,move,improve
2793,14,2151.2999999999997,6,1707.0000000000002,move,improve
2794,14,2151.2999999999997,6,1707.0000000000002,move,improve
2795,14,2136.7,6,1707.0000000000002,move,improve
2796,14,2136.7,6,1707.0000000000002,swap,notBad
2797,14,2134.7,6,1707.0000000000002,move,improve
2798,14,2134.4999999999995,6,1707.0000000000002,move,improve
2799,14,2132.7,6,1707.0000000000002,move,improve
2800,14,2132.7,6,1707.0000000000002,swap,notBad
2801,14,2132.7,6,1707.0000000000002,2opt,notBad
2802,14,2132.0999999999995,6,1707.0000000000002,move,improve
2803,14,2132.0999999999995,6,1707.0000000000002,swap,notBad
2804,14,2144.2999999999997,6,1707.0000000000002,swap,acceptBad
2805,14,2144.2999999999997,6,1707.0000000000002,2opt,improve
2806,14,2144.2999999999997,6,1707.0000000000002,2opt,notBad
2807,14,2144.2999999999997,6,1707.0000000000002,swap,notBad
2808,14,2102.7,6,1707.0000000000002,swap,improve
2809,14,2102.7,6,1707.0000000000002,swap,notBad
2810,14,2102.7,6,1707.0000000000002,swap,notBad
2811,14,2102.7,6,1707.0000000000002,2opt,notBad
2812,14,2094.599999999999,6,1707.0000000000002,2opt,improve
2813,14,2094.599999999999,6,1707.0000000000002,2opt,notBad
2814,14,2094.599999999999,6,1707.0000000000002,2opt,notBad
2815,14,2094.599999999999,6,1707.0000000000002,2opt,notBad
2816,14,2093.699999999999,6,1707.0000000000002,move,improve
2817,14,2093.099999999999,6,1707.0000000000002,move,improve
2818,14,2093.099999999999,6,1707.0000000000002,swap,notBad
2819,14,2093.099999999999,6,1707.0000000000002,2opt,notBad
2820,14,2093.099999999999,6,1707.0000000000002,swap,notBad
2821,14,2093.099999999999,6,1707.0000000000002,2opt,notBad
2822,14,2093.099999999999,6,1707.0000000000002,2opt,notBad
2823,14,2093.099999999999,6,1707.0000000000002,move,improve
2824,14,2076.199999999999,6,1707.0000000000002,swap,improve
2825,14,2076.199999999999,6,1707.0000000000002,2opt,notBad
2826,14,2076.199999999999,6,1707.0000000000002,move,improve
2827,14,2076.199999999999,6,1707.0000000000002,2opt,improve
2828,14,2076.199999999999,6,1707.0000000000002,move,improve
2829,14,2076.199999999999,6,1707.0000000000002,move,improve
2830,14,2076.199999999999,6,1707.0000000000002,swap,notBad
2831,14,2076.199999999999,6,1707.0000000000002,2opt,notBad
2832,14,2079.699999999999,6,1707.0000000000002,swap,acceptBad
2833,14,2079.699999999999,6,1707.0000000000002,2opt,notBad
2834,14,2079.699999999999,6,1707.0000000000002,2opt,notBad
2835,14,2079.699999999999,6,1707.0000000000002,2opt,notBad
2836,14,2079.699999999999,6,1707.0000000000002,swap,notBad
2837,14,2079.699999999999,6,1707.0000000000002,swap,notBad
2838,14,2079.699999999999,6,1707.0000000000002,2opt,notBad
2839,14,2079.699999999999,6,1707.0000000000002,2opt,notBad
2840,14,2091.899999999999,6,1707.0000000000002,swap,acceptBad
2841,14,2098.499999999999,6,1707.0000000000002,swap,acceptBad
2842,14,2098.499999999999,6,1707.0000000000002,swap,notBad
2843,14,2098.499999999999,6,1707.0000000000002,2opt,notBad
2844,14,2098.499999999999,6,1707.0000000000002,swap,notBad
2845,14,2098.499999999999,6,1707.0000000000002,swap,notBad
2846,14,2099.999999999999,6,1707.0000000000002,swap,acceptBad
2847,14,2099.999999999999,6,1707.0000000000002,2opt,notBad
2848,14,2099.999999999999,6,1707.0000000000002,swap,notBad
2849,14,2099.999999999999,6,1707.0000000000002,swap,notBad
2850,14,2094.1999999999994,6,1707.0000000000002,move,improve
2851,14,2094.1999999999994,6,1707.0000000000002,swap,notBad
2852,14,2094.1999999999994,6,1707.0000000000002,move,improve
2853,14,2094.1999999999994,6,1707.0000000000002,2opt,notBad
2854,14,2089.799999999999,6,1707.0000000000002,move,improve
2855,14,2089.799999999999,6,1707.0000000000002,2opt,notBad
2856,14,2089.799999999999,6,1707.0000000000002,swap,notBad
2857,14,2089.799999999999,6,1707.0000000000002,2opt,notBad
2858,14,2089.799999999999,6,1707.0000000000002,2opt,notBad
2859,14,2089.799999999999,6,1707.0000000000002,2opt,notBad
2860,14,2089.799999999999,6,1707.0000000000002,move,improve
2861,14,2089.799999999999,6,1707.0000000000002,swap,notBad
2862,14,2089.799999999999,6,1707.0000000000002,2opt,notBad
2863,14,2097.399999999999,6,1707.0000000000002,swap,acceptBad
2864,14,2097.399999999999,6,1707.0000000000002,move,improve
2865,14,2097.399999999999,6,1707.0000000000002,swap,notBad
2866,14,2097.399999999999,6,1707.0000000000002,2opt,notBad
2867,14,2097.399999999999,6,1707.0000000000002,2opt,improve
2868,14,2105.8999999999987,6,1707.0000000000002,swap,acceptBad
2869,14,2105.8999999999987,6,1707.0000000000002,move,improve
2870,14,2105.8999999999987,6,1707.0000000000002,move,improve
2871,14,2105.8999999999987,6,1707.0000000000002,2opt,notBad
2872,14,2105.8999999999987,6,1707.0000000000002,swap,notBad
2873,14,2105.8999999999987,6,1707.0000000000002,2opt,notBad
2874,14,2105.8999999999987,6,1707.0000000000002,2opt,notBad
2875,14,2104.8999999999987,6,1707.0000000000002,move,improve
2876,14,2104.8999999999987,6,1707.0000000000002,move,improve
2877,14,2105.6999999999994,6,1707.0000000000002,2opt,acceptBad
2878,14,2105.6999999999994,6,1707.0000000000002,2opt,notBad
2879,14,2093.399999999999,6,1707.0000000000002,move,improve
2880,14,2093.399999999999,6,1707.0000000000002,swap,notBad
2881,14,2087.1999999999994,6,1707.0000000000002,move,improve
2882,14,2087.1999999999994,6,1707.0000000000002,move,improve
2883,14,2087.1999999999994,6,1707.0000000000002,2opt,notBad
2884,14,2108.399999999999,6,1707.0000000000002,swap,acceptBad
2885,14,2108.399999999999,6,1707.0000000000002,swap,notBad
2886,14,2108.399999999999,6,1707.0000000000002,swap,notBad
2887,14,2108.399999999999,6,1707.0000000000002,swap,notBad
2888,14,2112.199999999999,6,1707.0000000000002,swap,acceptBad
2889,14,2112.199999999999,6,1707.0000000000002,move,improve
2890,14,2112.199999999999,6,1707.0000000000002,move,improve
2891,14,2117.999999999999,6,1707.0000000000002,2opt,acceptBad
2892,14,2117.999999999999,6,1707.0000000000002,2opt,notBad
2893,14,2119.9999999999995,6,1707.0000000000002,swap,acceptBad
2894,14,2119.1999999999994,6,1707.0000000000002,move,improve
2895,14,2119.1999999999994,6,1707.0000000000002,move,improve
2896,14,2119.1999999999994,6,1707.0000000000002,swap,notBad
2897,14,2119.1999999999994,6,1707.0000000000002,2opt,notBad
2898,14,2119.1999999999994,6,1707.0000000000002,swap,notBad
2899,14,2119.1999999999994,6,1707.0000000000002,swap,notBad
2900,14,2119.1999999999994,6,1707.0000000000002,2opt,notBad
2901,14,2119.1999999999994,6,1707.0000000000002,move,improve
2902,14,2119.1999999999994,6,1707.0000000000002,2opt,notBad
2903,14,2118.699999999999,6,1707.0000000000002,move,improve
2904,14,2118.699999999999,6,1707.0000000000002,2opt,notBad
2905,14,2118.699999999999,6,1707.0000000000002,2opt,notBad
2906,14,2141.1999999999994,6,1707.0000000000002,swap,acceptBad
2907,14,2141.1999999999994,6,1707.0000000000002,2opt,notBad
2908,14,2141.1999999999994,6,1707.0000000000002,2opt,notBad
2909,14,2140.2999999999993,6,1707.0000000000002,swap,improve
2910,14,2140.2999999999993,6,1707.0000000000002,2opt,notBad
2911,14,2138.3999999999996,6,1707.0000000000002,move,improve
2912,14,2151.399999999999,6,1707.0000000000002,2opt,acceptBad
2913,14,2147.9999999999986,6,1707.0000000000002,move,improve
2914,14,2138.199999999999,6,1707.0000000000002,move,improve
2915,14,2101.699999999999,6,1707.0000000000002,2opt,improve
2916,14,2101.699999999999,6,1707.0000000000002,move,improve
2917,14,2101.699999999999,6,1707.0000000000002,2opt,notBad
2918,14,2101.699999999999,6,1707.0000000000002,2opt,notBad
2919,14,2101.599999999999,6,1707.0000000000002,move,improve
2920,14,2101.599999999999,6,1707.0000000000002,move,improve
2921,14,2095.6999999999994,6,1707.0000000000002,move,improve
2922,14,2064.5999999999995,6,1707.0000000000002,move,improve
2923,14,2064.5999999999995,6,1707.0000000000002,2opt,notBad
2924,14,2064.5999999999995,6,1707.0000000000002,2opt,notBad
2925,14,2064.5999999999995,6,1707.0000000000002,2opt,notBad
2926,14,2054.0999999999995,6,1707.0000000000002,move,improve
2927,14,2054.0999999999995,6,1707.0000000000002,swap,notBad
2928,14,2054.0999999999995,6,1707.0000000000002,2opt,notBad
2929,14,2054.0999999999995,6,1707.0000000000002,move,improve
2930,14,2054.0999999999995,6,1707.0000000000002,swap,notBad
2931,14,2054.0999999999995,6,1707.0000000000002,2opt,notBad
2932,14,2054.0999999999995,6,1707.0000000000002,swap,notBad
2933,14,2054.0999999999995,6,1707.0000000000002,swap,notBad
2934,14,2054.0999999999995,6,1707.0000000000002,move,improve
2935,14,2031.1999999999998,6,1707.0000000000002,move,improve
2936,14,2031.1999999999998,6,1707.0000000000002,2opt,notBad
2937,14,2031.1999999999998,6,1707.0000000000002,2opt,notBad
2938,14,2015.9999999999998,6,1707.0000000000002,move,improve
2939,14,2000.3,6,1707.0000000000002,move,improve
2940,14,1999.5,6,1707.0000000000002,move,improve
2941,14,1999.5,6,1707.0000000000002,swap,notBad
2942,14,1999.5,6,1707.0000000000002,move,improve
2943,14,1999.5,6,1707.0000000000002,2opt,notBad
2944,14,1999.5,6,1707.0000000000002,move,improve
2945,14,1999.5,6,1707.0000000000002,2opt,notBad
2946,14,1999.5,6,1707.0000000000002,2opt,notBad
2947,14,1999.5,6,1707.0000000000002,swap,notBad
2948,14,1999.5,6,1707.0000000000002,swap,notBad
2949,14,1999.5,6,1707.0000000000002,2opt,notBad
2950,14,1999.5,6,1707.0000000000002,swap,notBad
2951,14,1999.5,6,1707.0000000000002,2opt,notBad
2952,14,1986.3,6,1707.0000000000002,move,improve
2953,14,1986.3,6,1707.0000000000002,move,improve
2954,14,1986.3,6,1707.0000000000002,2opt,notBad
2955,14,1986.3,6,1707.0000000000002,swap,notBad
2956,14,1986.3,6,1707.0000000000002,2opt,notBad
2957,14,1986.3,6,1707.0000000000002,swap,notBad
2958,14,1977.8,6,1707.0000000000002,move,improve
2959,14,1981.7,6,1707.0000000000002,2opt,acceptBad
2960,14,1980.4000000000003,6,1707.0000000000002,move,improve
2961,14,1980.4000000000003,6,1707.0000000000002,move,improve
2962,14,1980.4000000000003,6,1707.0000000000002,move,improve
2963,14,1991.1000000000001,6,1707.0000000000002,swap,acceptBad
2964,14,1991.1000000000001,6,1707.0000000000002,2opt,notBad
2965,14,1991.1000000000001,6,1707.0000000000002,swap,notBad
2966,13,1973.0,6,1707.0000000000002,move,improve
2967,13,1973.0,6,1707.0000000000002,move,improve
2968,13,1970.6,6,1707.0000000000002,move,improve
2969,13,1970.6,6,1707.0000000000002,move,improve
2970,13,1970.6,6,1707.0000000000002,move,improve
2971,13,1970.6,6,1707.0000000000002,2opt,notBad
2972,13,1970.6,6,1707.0000000000002,2opt,notBad
2973,13,1970.6,6,1707.0000000000002,move,improve
2974,13,1970.6,6,1707.0000000000002,swap,notBad
2975,13,1970.6,6,1707.0000000000002,move,improve
2976,13,1970.6,6,1707.0000000000002,2opt,notBad
2977,13,1969.3,6,1707.0000000000002,move,improve
2978,13,1952.0000000000002,6,1707.0000000000002,move,improve
2979,13,1952.0000000000002,6,1707.0000000000002,swap,notBad
2980,13,1952.0000000000002,6,1707.0000000000002,swap,notBad
2981,13,1952.0000000000002,6,1707.0000000000002,move,improve
2982,13,1952.0000000000002,6,1707.0000000000002,2opt,improve
2983,13,1952.0000000000002,6,1707.0000000000002,2opt,notBad
2984,13,1952.0000000000002,6,1707.0000000000002,swap,notBad
2985,13,1952.0000000000002,6,1707.0000000000002,move,improve
2986,13,1953.9,6,1707.0000000000002,2opt,acceptBad
2987,13,1953.9,6,1707.0000000000002,2opt,improve
2988,13,1920.1000000000001,6,1707.0000000000002,move,improve
2989,13,1920.1000000000001,6,1707.0000000000002,move,improve
2990,13,1923.5,6,1707.0000000000002,swap,acceptBad
2991,13,1923.5,6,1707.0000000000002,swap,notBad
2992,13,1923.5,6,1707.0000000000002,move,improve
2993,13,1923.5,6,1707.0000000000002,2opt,notBad
2994,13,1923.5,6,1707.0000000000002,2opt,notBad
2995,13,1923.5,6,1707.0000000000002,move,improve
2996,13,1919.1999999999998,6,1707.0000000000002,move,improve
2997,13,1911.7,6,1707.0000000000002,2opt,improve
2998,13,1911.7,6,1707.0000000000002,2opt,improve
2999,13,1911.7,6,1707.0000000000002,swap,notBad
3000,13,1911.7,6,1707.0000000000002,2opt,notBad
3001,13,1911.7,6,1707.0000000000002,swap,notBad
3002,13,1911.7,6,1707.0000000000002,2opt,notBad
3003,13,1911.7,6,1707.0000000000002,swap,notBad
3004,13,1911.7,6,1707.0000000000002,swap,notBad
3005,13,1911.7,6,1707.0000000000002,move,improve
3006,13,1911.7,6,1707.0000000000002,2opt,improve
3007,13,1911.7,6,1707.0000000000002,2opt,notBad
3008,13,1911.7,6,1707.0000000000002,move,improve
3009,13,1911.7,6,1707.0000000000002,2opt,notBad
3010,13,1911.4,6,1707.0000000000002,move,improve
3011,13,1911.4,6,1707.0000000000002,swap,notBad
3012,13,1911.4,6,1707.0000000000002,move,improve
3013,13,1911.4,6,1707.0000000000002,2opt,notBad
3014,13,1911.4,6,1707.0000000000002,move,improve
3015,13,1911.4,6,1707.0000000000002,move,improve
3016,13,1911.4,6,1707.0000000000002,2opt,notBad
3017,13,1911.4,6,1707.0000000000002,move,improve
3018,13,1911.4,6,1707.0000000000002,move,improve
3019,13,1911.4,6,1707.0000000000002,move,improve
3020,13,1910.5,6,1707.0000000000002,move,improve
3021,13,1906.7000000000003,6,1707.0000000000002,swap,improve
3022,13,1906.7000000000003,6,1707.0000000000002,2opt,notBad
3023,13,1906.7000000000003,6,1707.0000000000002,2opt,notBad
3024,13,1906.7000000000003,6,1707.0000000000002,2opt,notBad
3025,13,1906.7000000000003,6,1707.0000000000002,2opt,notBad
3026,13,1906.7000000000003,6,1707.0000000000002,2opt,notBad
3027,13,1906.7000000000003,6,1707.0000000000002,move,improve
3028,13,1906.7000000000003,6,1707.0000000000002,swap,notBad
3029,13,1906.7000000000003,6,1707.0000000000002,move,improve
3030,13,1906.7000000000003,6,1707.0000000000002,2opt,notBad
3031,13,1906.7000000000003,6,1707.0000000000002,2opt,notBad
3032,13,1906.7000000000003,6,1707.0000000000002,2opt,notBad
3033,13,1906.7000000000003,6,1707.0000000000002,move,improve
3034,13,1906.7000000000003,6,1707.0000000000002,swap,notBad
3035,13,1906.7000000000003,6,1707.0000000000002,move,improve
3036,13,1906.7000000000003,6,1707.0000000000002,move,improve
3037,13,1906.7000000000003,6,1707.0000000000002,2opt,improve
3038,13,1906.7000000000003,6,1707.0000000000002,2opt,notBad
3039,13,1906.7000000000003,6,1707.0000000000002,2opt,notBad
3040,13,1906.7000000000003,6,1707.0000000000002,move,improve
3041,13,1912.1999999999998,6,1707.0000000000002,2opt,acceptBad
3042,13,1912.1999999999998,6,1707.0000000000002,2opt,notBad
3043,13,1912.1999999999998,6,1707.0000000000002,swap,notBad
3044,13,1912.1999999999998,6,1707.0000000000002,2opt,notBad
3045,13,1912.1999999999998,6,1707.0000000000002,2opt,notBad
3046,13,1915.9999999999998,6,1707.0000000000002,swap,acceptBad
3047,13,1915.9999999999998,6,1707.0000000000002,2opt,notBad
3048,13,1915.9999999999998,6,1707.0000000000002,2opt,notBad
3049,13,1915.9999999999998,6,1707.0000000000002,swap,notBad
3050,13,1886.0999999999997,6,1707.0000000000002,move,improve
3051,13,1886.0999999999997,6,1707.0000000000002,move,improve
3052,13,1886.0999999999997,6,1707.0000000000002,swap,notBad
3053,13,1886.0999999999997,6,1707.0000000000002,swap,notBad
3054,13,1886.0999999999997,6,1707.0000000000002,2opt,notBad
3055,13,1886.0999999999997,6,1707.0000000000002,2opt,notBad
3056,13,1886.0999999999997,6,1707.0000000000002,2opt,notBad
3057,13,1904.4999999999998,6,1707.0000000000002,swap,acceptBad
3058,13,1904.4999999999998,6,1707.0000000000002,swap,notBad
3059,13,1904.4999999999998,6,1707.0000000000002,move,improve
3060,13,1904.4999999999998,6,1707.0000000000002,move,improve
3061,13,1904.4999999999998,6,1707.0000000000002,swap,notBad
3062,13,1904.4999999999998,6,1707.0000000000002,swap,notBad
3063,13,1904.4999999999998,6,1707.0000000000002,swap,notBad
3064,13,1904.4999999999998,6,1707.0000000000002,2opt,improve
3065,13,1904.4999999999998,6,1707.0000000000002,2opt,notBad
3066,13,1904.4999999999998,6,1707.0000000000002,2opt,notBad
3067,13,1904.4999999999998,6,1707.0000000000002,swap,notBad
3068,13,1904.4999999999998,6,1707.0000000000002,swap,notBad
3069,13,1904.4999999999998,6,1707.0000000000002,2opt,notBad
3070,13,1904.4999999999998,6,1707.0000000000002,2opt,notBad
3071,13,1904.4999999999998,6,1707.0000000000002,swap,notBad
3072,13,1899.0,6,1707.0000000000002,2opt,improve
3073,13,1899.0,6,1707.0000000000002,2opt,notBad
3074,13,1899.0,6,1707.0000000000002,2opt,notBad
3075,13,1899.0,6,1707.0000000000002,move,improve
3076,13,1899.0,6,1707.0000000000002,2opt,notBad
3077,13,1899.0,6,1707.0000000000002,move,improve
3078,13,1899.0,6,1707.0000000000002,move,improve
3079,13,1899.0,6,1707.0000000000002,move,improve
3080,13,1899.0,6,1707.0000000000002,2opt,notBad
3081,13,1899.0,6,1707.0000000000002,swap,notBad
3082,13,1906.7000000000003,6,1707.0000000000002,swap,acceptBad
3083,13,1882.5000000000005,6,1707.0000000000002,move,improve
3084,13,1882.5000000000005,6,1707.0000000000002,move,improve
3085,13,1881.9000000000003,6,1707.0000000000002,move,improve
3086,13,1886.9000000000003,6,1707.0000000000002,swap,acceptBad
3087,13,1886.9000000000003,6,1707.0000000000002,swap,notBad
3088,13,1886.9000000000003,6,1707.0000000000002,move,improve
3089,13,1886.9000000000003,6,1707.0000000000002,swap,notBad
3090,13,1886.9000000000003,6,1707.0000000000002,2opt,notBad
3091,13,1886.9000000000003,6,1707.0000000000002,swap,notBad
3092,13,1886.9000000000003,6,1707.0000000000002,2opt,notBad
3093,13,1886.9000000000003,6,1707.0000000000002,2opt,notBad
3094,13,1886.9000000000003,6,1707.0000000000002,2opt,notBad
3095,13,1887.7,6,1707.0000000000002,2opt,acceptBad
3096,13,1887.7,6,1707.0000000000002,swap,notBad
3097,13,1887.7,6,1707.0000000000002,move,improve
3098,13,1887.7,6,1707.0000000000002,2opt,notBad
3099,13,1887.7,6,1707.0000000000002,swap,notBad
3100,13,1880.5,6,1707.0000000000002,move,improve
3101,13,1880.5,6,1707.0000000000002,2opt,notBad
3102,13,1880.5,6,1707.0000000000002,swap,notBad
3103,13,1880.5,6,1707.0000000000002,2opt,notBad
3104,13,1880.5,6,1707.0000000000002,2opt,notBad
3105,13,1880.5,6,1707.0000000000002,move,improve
3106,13,1880.5,6,1707.0000000000002,2opt,notBad
3107,13,1880.5,6,1707.0000000000002,2opt,notBad
3108,13,1885.0,6,1707.0000000000002,2opt,acceptBad
3109,13,1885.0,6,1707.0000000000002,2opt,notBad
3110,13,1885.0,6,1707.0000000000002,swap,notBad
3111,13,1883.4,6,1707.0000000000002,move,improve
3112,13,1883.4,6,1707.0000000000002,move,improve
3113,13,1883.4,6,1707.0000000000002,move,improve
3114,13,1883.4,6,1707.0000000000002,move,improve
3115,13,1883.4,6,1707.0000000000002,2opt,notBad
3116,13,1876.8,6,1707.0000000000002,move,improve
3117,13,1876.8,6,1707.0000000000002,swap,notBad
3118,13,1876.8,6,1707.0000000000002,2opt,notBad
3119,13,1876.8,6,1707.0000000000002,move,improve
3120,13,1869.9999999999998,6,1707.0000000000002,move,improve
3121,13,1869.9999999999998,6,1707.0000000000002,move,improve
3122,13,1869.9999999999998,6,1707.0000000000002,2opt,improve
3123,13,1869.9999999999998,6,1707.0000000000002,swap,notBad
3124,13,1869.9999999999998,6,1707.0000000000002,swap,notBad
3125,13,1869.9999999999998,6,1707.0000000000002,2opt,notBad
3126,13,1869.1999999999998,6,1707.0000000000002,move,improve
3127,13,1869.1999999999998,6,1707.0000000000002,swap,notBad
3128,13,1869.1999999999998,6,1707.0000000000002,move,improve
3129,13,1869.1999999999998,6,1707.0000000000002,swap,notBad
3130,13,1869.1999999999998,6,1707.0000000000002,2opt,notBad
3131,13,1869.1999999999998,6,1707.0000000000002,2opt,notBad
3132,13,1869.1999999999998,6,1707.0000000000002,2opt,notBad
3133,13,1869.1999999999998,6,1707.0000000000002,swap,notBad
3134,13,1869.1999999999998,6,1707.0000000000002,2opt,notBad
3135,13,1869.1999999999998,6,1707.0000000000002,2opt,notBad
3136,13,1869.1999999999998,6,1707.0000000000002,swap,notBad
3137,13,1869.1999999999998,6,1707.0000000000002,2opt,notBad
3138,13,1867.6999999999998,6,1707.0000000000002,move,improve
3139,13,1867.6999999999998,6,1707.0000000000002,2opt,notBad
3140,13,1867.6999999999998,6,1707.0000000000002,swap,notBad
3141,13,1867.6999999999998,6,1707.0000000000002,swap,notBad
3142,13,1867.6999999999998,6,1707.0000000000002,swap,notBad
3143,13,1867.6999999999998,6,1707.0000000000002,swap,notBad
3144,13,1867.6999999999998,6,1707.0000000000002,swap,notBad
3145,13,1867.6999999999998,6,1707.0000000000002,swap,notBad
3146,13,1867.6999999999998,6,1707.0000000000002,2opt,notBad
3147,13,1862.6999999999998,6,1707.0000000000002,move,improve
3148,13,1862.6999999999998,6,1707.0000000000002,move,improve
3149,13,1884.6,6,1707.0000000000002,swap,acceptBad
3150,13,1884.6,6,1707.0000000000002,swap,notBad
3151,13,1884.6,6,1707.0000000000002,swap,notBad
3152,13,1884.6,6,1707.0000000000002,move,improve
3153,13,1884.6,6,1707.0000000000002,2opt,notBad
3154,13,1884.6,6,1707.0000000000002,move,improve
3155,13,1884.6,6,1707.0000000000002,2opt,notBad
3156,13,1884.6,6,1707.0000000000002,2opt,notBad
3157,13,1884.6,6,1707.0000000000002,2opt,notBad
3158,13,1884.6,6,1707.0000000000002,swap,notBad
3159,13,1884.6,6,1707.0000000000002,move,improve
3160,13,1882.8999999999999,6,1707.0000000000002,move,improve
3161,13,1882.8999999999999,6,1707.0000000000002,swap,notBad
3162,13,1882.8999999999999,6,1707.0000000000002,move,improve
3163,13,1882.8999999999999,6,1707.0000000000002,swap,notBad
3164,13,1882.8999999999999,6,1707.0000000000002,2opt,notBad
3165,13,1882.8999999999999,6,1707.0000000000002,swap,notBad
3166,13,1882.8999999999999,6,1707.0000000000002,move,improve
3167,13,1882.8999999999999,6,1707.0000000000002,swap,notBad
3168,13,1899.6999999999998,6,1707.0000000000002,swap,acceptBad
3169,13,1899.6999999999998,6,1707.0000000000002,2opt,notBad
3170,13,1899.6999999999998,6,1707.0000000000002,2opt,notBad
3171,13,1884.1999999999998,6,1707.0000000000002,swap,improve
3172,13,1841.6000000000001,6,1707.0000000000002,move,improve
3173,13,1841.6000000000001,6,1707.0000000000002,swap,notBad
3174,13,1841.6000000000001,6,1707.0000000000002,2opt,notBad
3175,13,1841.8000000000004,6,1707.0000000000002,2opt,acceptBad
3176,13,1841.8000000000004,6,1707.0000000000002,2opt,notBad
3177,13,1841.8000000000004,6,1707.0000000000002,move,improve
3178,13,1841.8000000000004,6,1707.0000000000002,swap,notBad
3179,13,1841.8000000000004,6,1707.0000000000002,move,improve
3180,13,1827.4000000000003,6,1707.0000000000002,move,improve
3181,13,1827.4000000000003,6,1707.0000000000002,move,improve
3182,13,1827.4000000000003,6,1707.0000000000002,2opt,notBad
3183,13,1828.5000000000002,6,1707.0000000000002,swap,acceptBad
3184,13,1828.5000000000002,6,1707.0000000000002,move,improve
3185,13,1821.6000000000004,6,1707.0000000000002,move,improve
3186,13,1821.6000000000004,6,1707.0000000000002,swap,notBad
3187,13,1821.6000000000004,6,1707.0000000000002,swap,notBad
3188,13,1821.6000000000004,6,1707.0000000000002,move,improve
3189,13,1821.6000000000004,6,1707.0000000000002,move,improve
3190,13,1821.6000000000004,6,1707.0000000000002,move,improve
3191,13,1821.6000000000004,6,1707.0000000000002,2opt,notBad
3192,13,1821.6000000000004,6,1707.0000000000002,move,improve
3193,13,1821.6000000000004,6,1707.0000000000002,swap,notBad
3194,13,1821.6000000000004,6,1707.0000000000002,move,improve
3195,13,1821.6000000000004,6,1707.0000000000002,swap,notBad
3196,13,1791.5000000000005,6,1707.0000000000002,move,improve
3197,13,1791.5000000000005,6,1707.0000000000002,2opt,notBad
3198,13,1791.5000000000005,6,1707.0000000000002,swap,notBad
3199,13,1796.5000000000002,6,1707.0000000000002,2opt,acceptBad
3200,13,1796.5000000000002,6,1707.0000000000002,2opt,notBad
3201,13,1796.5000000000002,6,1707.0000000000002,swap,notBad
3202,13,1796.5000000000002,6,1707.0000000000002,move,improve
3203,13,1796.5000000000002,6,1707.0000000000002,swap,notBad
3204,13,1796.5000000000002,6,1707.0000000000002,swap,notBad
3205,13,1796.5000000000002,6,1707.0000000000002,swap,notBad
3206,13,1796.4000000000003,6,1707.0000000000002,move,improve
3207,13,1796.4000000000003,6,1707.0000000000002,2opt,notBad
3208,13,1796.4000000000003,6,1707.0000000000002,swap,notBad
3209,13,1794.1000000000004,6,1707.0000000000002,move,improve
3210,13,1798.4000000000003,6,1707.0000000000002,swap,acceptBad
3211,13,1798.4000000000003,6,1707.0000000000002,2opt,notBad
3212,13,1798.4000000000003,6,1707.0000000000002,swap,notBad
3213,13,1798.4000000000003,6,1707.0000000000002,swap,notBad
3214,13,1798.4000000000003,6,1707.0000000000002,2opt,notBad
3215,13,1798.4000000000003,6,1707.0000000000002,swap,notBad
3216,13,1761.3000000000002,6,1707.0000000000002,move,improve
3217,13,1761.3000000000002,6,1707.0000000000002,move,improve
3218,13,1763.2000000000003,6,1707.0000000000002,swap,acceptBad
3219,13,1781.8000000000002,6,1707.0000000000002,swap,acceptBad
3220,13,1781.8000000000002,6,1707.0000000000002,swap,notBad
3221,13,1781.8000000000002,6,1707.0000000000002,2opt,notBad
3222,13,1781.8000000000002,6,1707.0000000000002,2opt,notBad
3223,13,1781.8000000000002,6,1707.0000000000002,swap,notBad
3224,13,1781.8000000000002,6,1707.0000000000002,move,improve
3225,13,1781.8000000000002,6,1707.0000000000002,move,improve
3226,13,1773.9,6,1707.0000000000002,move,improve
3227,13,1773.9,6,1707.0000000000002,2opt,notBad
3228,13,1773.9,6,1707.0000000000002,2opt,notBad
3229,13,1773.9,6,1707.0000000000002,swap,notBad
3230,13,1773.9,6,1707.0000000000002,swap,notBad
3231,13,1773.9,6,1707.0000000000002,swap,notBad
3232,13,1773.3,6,1707.0000000000002,move,improve
3233,13,1773.3,6,1707.0000000000002,swap,notBad
3234,13,1773.3,6,1707.0000000000002,swap,notBad
3235,13,1773.3,6,1707.0000000000002,move,improve
3236,13,1773.3,6,1707.0000000000002,move,improve
3237,13,1773.3,6,1707.0000000000002,swap,notBad
3238,13,1767.7,6,1707.0000000000002,move,improve
3239,13,1769.5,6,1707.0000000000002,move,acceptBad
3240,13,1769.3999999999996,6,1707.0000000000002,move,improve
3241,13,1769.3999999999996,6,1707.0000000000002,move,improve
3242,13,1769.3999999999996,6,1707.0000000000002,swap,notBad
3243,13,1769.3999999999996,6,1707.0000000000002,move,improve
3244,13,1769.3999999999996,6,1707.0000000000002,2opt,notBad
3245,13,1769.3999999999996,6,1707.0000000000002,2opt,notBad
3246,13,1769.3999999999996,6,1707.0000000000002,swap,notBad
3247,13,1769.3999999999996,6,1707.0000000000002,move,improve
3248,13,1769.3999999999996,6,1707.0000000000002,2opt,notBad
3249,13,1769.3999999999996,6,1707.0000000000002,2opt,notBad
3250,13,1769.3999999999996,6,1707.0000000000002,2opt,notBad
3251,13,1769.3999999999996,6,1707.0000000000002,swap,notBad
3252,13,1769.3999999999996,6,1707.0000000000002,2opt,notBad
3253,13,1769.3999999999996,6,1707.0000000000002,2opt,notBad
3254,13,1769.3999999999996,6,1707.0000000000002,2opt,notBad
3255,13,1769.3999999999996,6,1707.0000000000002,move,improve
3256,13,1760.6999999999998,6,1707.0000000000002,swap,improve
3257,13,1751.6,6,1707.0000000000002,swap,improve
3258,13,1751.6,6,1707.0000000000002,2opt,notBad
3259,13,1751.6,6,1707.0000000000002,2opt,notBad
3260,13,1751.6,6,1707.0000000000002,swap,notBad
3261,13,1751.6,6,1707.0000000000002,swap,notBad
3262,13,1751.6,6,1707.0000000000002,2opt,notBad
3263,13,1751.6,6,1707.0000000000002,2opt,notBad
3264,13,1751.6,6,1707.0000000000002,swap,notBad
3265,13,1751.6,6,1707.0000000000002,swap,notBad
3266,13,1751.1999999999998,6,1707.0000000000002,move,improve
3267,13,1746.8999999999999,6,1707.0000000000002,move,improve
3268,13,1746.8999999999999,6,1707.0000000000002,move,improve
3269,13,1746.8999999999999,6,1707.0000000000002,2opt,notBad
3270,13,1746.8999999999999,6,1707.0000000000002,swap,notBad
3271,13,1746.8999999999999,6,1707.0000000000002,move,improve
3272,13,1746.8999999999999,6,1707.0000000000002,2opt,notBad
3273,13,1738.6,6,1707.0000000000002,move,improve
3274,13,1738.6,6,1707.0000000000002,2opt,notBad
3275,13,1738.6,6,1707.0000000000002,swap,notBad
3276,13,1738.6,6,1707.0000000000002,swap,notBad
3277,13,1738.6,6,1707.0000000000002,2opt,notBad
3278,13,1739.6,6,1707.0000000000002,swap,acceptBad
3279,13,1739.6,6,1707.0000000000002,2opt,notBad
3280,13,1739.6,6,1707.0000000000002,2opt,notBad
3281,13,1739.6,6,1707.0000000000002,move,improve
3282,13,1739.6,6,1707.0000000000002,swap,notBad
3283,13,1742.0999999999997,6,1707.0000000000002,2opt,acceptBad
3284,13,1742.0999999999997,6,1707.0000000000002,2opt,notBad
3285,13,1742.0999999999997,6,1707.0000000000002,2opt,notBad
3286,13,1742.0999999999997,6,1707.0000000000002,move,improve
3287,13,1742.0999999999997,6,1707.0000000000002,swap,notBad
3288,13,1742.0999999999997,6,1707.0000000000002,swap,notBad
3289,13,1739.9999999999998,6,1707.0000000000002,move,improve
3290,13,1739.9999999999998,6,1707.0000000000002,2opt,notBad
3291,13,1739.9999999999998,6,1707.0000000000002,2opt,notBad
3292,13,1739.9999999999998,6,1707.0000000000002,swap,notBad
3293,13,1739.9999999999998,6,1707.0000000000002,2opt,notBad
3294,13,1739.9999999999998,6,1707.0000000000002,2opt,improve
3295,13,1739.9999999999998,6,1707.0000000000002,move,improve
3296,13,1739.9999999999998,6,1707.0000000000002,swap,notBad
3297,13,1739.9999999999998,6,1707.0000000000002,2opt,notBad
3298,13,1739.9999999999998,6,1707.0000000000002,swap,notBad
3299,13,1739.9999999999998,6,1707.0000000000002,move,improve
3300,13,1739.9999999999998,6,1707.0000000000002,move,improve
3301,13,1739.9999999999998,6,1707.0000000000002,2opt,notBad
3302,13,1739.9999999999998,6,1707.0000000000002,2opt,notBad
3303,13,1738.5999999999997,6,1707.0000000000002,move,improve
3304,13,1738.5999999999997,6,1707.0000000000002,2opt,notBad
3305,13,1738.5999999999997,6,1707.0000000000002,2opt,notBad
3306,13,1738.5999999999997,6,1707.0000000000002,2opt,notBad
3307,13,1738.5999999999997,6,1707.0000000000002,2opt,notBad
3308,13,1738.5999999999997,6,1707.0000000000002,move,improve
3309,13,1735.3999999999994,6,1707.0000000000002,move,improve
3310,13,1730.1999999999996,6,1707.0000000000002,move,improve
3311,13,1730.1999999999996,6,1707.0000000000002,move,improve
3312,13,1730.6999999999996,6,1707.0000000000002,move,acceptBad
3313,13,1730.6999999999996,6,1707.0000000000002,swap,notBad
3314,13,1730.6999999999996,6,1707.0000000000002,2opt,notBad
3315,13,1730.6999999999996,6,1707.0000000000002,swap,notBad
3316,13,1730.6999999999996,6,1707.0000000000002,2opt,notBad
3317,13,1730.6999999999996,6,1707.0000000000002,swap,notBad
3318,13,1730.6999999999996,6,1707.0000000000002,swap,notBad
3319,13,1730.6999999999996,6,1707.0000000000002,swap,notBad
3320,13,1730.6999999999996,6,1707.0000000000002,move,improve
3321,13,1730.6999999999996,6,1707.0000000000002,2opt,notBad
3322,13,1730.6999999999996,6,1707.0000000000002,2opt,notBad
3323,13,1730.6999999999996,6,1707.0000000000002,2opt,notBad
3324,13,1730.6999999999996,6,1707.0000000000002,2opt,notBad
3325,13,1730.6999999999996,6,1707.0000000000002,swap,notBad
3326,13,1730.6999999999996,6,1707.0000000000002,swap,notBad
3327,13,1730.1999999999996,6,1707.0000000000002,move,improve
3328,13,1730.1999999999996,6,1707.0000000000002,2opt,notBad
3329,13,1730.1999999999996,6,1707.0000000000002,swap,notBad
3330,13,1730.1999999999996,6,1707.0000000000002,swap,notBad
3331,13,1730.1999999999996,6,1707.0000000000002,2opt,notBad
3332,13,1730.1999999999996,6,1707.0000000000002,2opt,notBad
3333,13,1730.1999999999996,6,1707.0000000000002,2opt,notBad
3334,13,1730.1999999999996,6,1707.0000000000002,2opt,notBad
3335,13,1730.1999999999996,6,1707.0000000000002,move,improve
3336,13,1730.1999999999996,6,1707.0000000000002,2opt,notBad
3337,13,1730.1999999999996,6,1707.0000000000002,2opt,notBad
3338,13,1730.1999999999996,6,1707.0000000000002,swap,notBad
3339,13,1730.1999999999996,6,1707.0000000000002,move,improve
3340,13,1735.8999999999996,6,1707.0000000000002,swap,acceptBad
3341,13,1735.8999999999996,6,1707.0000000000002,swap,notBad
3342,13,1735.8999999999996,6,1707.0000000000002,2opt,notBad
3343,13,1734.0999999999997,6,1707.0000000000002,move,improve
3344,13,1739.0999999999997,6,1707.0000000000002,move,acceptBad
3345,13,1739.0999999999997,6,1707.0000000000002,move,improve
3346,13,1739.0999999999997,6,1707.0000000000002,move,improve
3347,13,1739.0999999999997,6,1707.0000000000002,2opt,notBad
3348,13,1730.3999999999996,6,1707.0000000000002,move,improve
3349,13,1730.3999999999996,6,1707.0000000000002,swap,notBad
3350,13,1730.3999999999996,6,1707.0000000000002,move,improve
3351,13,1730.3999999999996,6,1707.0000000000002,swap,notBad
3352,13,1730.3999999999996,6,1707.0000000000002,swap,notBad
3353,13,1729.0999999999997,6,1707.0000000000002,move,improve
3354,13,1732.9999999999998,6,1707.0000000000002,2opt,acceptBad
3355,13,1732.9999999999998,6,1707.0000000000002,swap,notBad
3356,13,1732.9999999999998,6,1707.0000000000002,move,improve
3357,13,1732.9999999999998,6,1707.0000000000002,2opt,notBad
3358,13,1732.9999999999998,6,1707.0000000000002,move,improve
3359,13,1732.9999999999998,6,1707.0000000000002,2opt,notBad
3360,13,1732.9999999999998,6,1707.0000000000002,2opt,notBad
3361,13,1732.9999999999998,6,1707.0000000000002,2opt,notBad
3362,13,1732.9999999999998,6,1707.0000000000002,move,improve
3363,13,1720.1999999999998,6,1707.0000000000002,move,improve
3364,13,1720.1999999999998,6,1707.0000000000002,move,improve
3365,13,1720.1999999999998,6,1707.0000000000002,swap,notBad
3366,13,1720.1999999999998,6,1707.0000000000002,2opt,notBad
3367,13,1721.4999999999998,6,1707.0000000000002,swap,acceptBad
3368,13,1721.4999999999998,6,1707.0000000000002,2opt,notBad
3369,13,1721.4999999999998,6,1707.0000000000002,2opt,notBad
3370,13,1721.4999999999998,6,1707.0000000000002,move,improve
3371,13,1721.4999999999998,6,1707.0000000000002,2opt,notBad
3372,13,1721.4999999999998,6,1707.0000000000002,2opt,notBad
3373,13,1721.4999999999998,6,1707.0000000000002,2opt,notBad
3374,13,1721.4999999999998,6,1707.0000000000002,2opt,notBad
3375,13,1721.4999999999998,6,1707.0000000000002,2opt,notBad
3376,13,1721.4999999999998,6,1707.0000000000002,2opt,notBad
3377,13,1721.4999999999998,6,1707.0000000000002,move,improve
3378,13,1721.4999999999998,6,1707.0000000000002,swap,notBad
3379,13,1721.4999999999998,6,1707.0000000000002,2opt,notBad
3380,13,1721.4999999999998,6,1707.0000000000002,swap,notBad
3381,13,1721.4999999999998,6,1707.0000000000002,move,improve
3382,13,1721.4999999999998,6,1707.0000000000002,move,improve
3383,13,1721.4999999999998,6,1707.0000000000002,move,improve
3384,13,1721.4999999999998,6,1707.0000000000002,2opt,notBad
3385,13,1721.4999999999998,6,1707.0000000000002,move,improve
3386,13,1721.4999999999998,6,1707.0000000000002,move,improve
3387,13,1721.4999999999998,6,1707.0000000000002,move,improve
3388,13,1720.5999999999997,6,1707.0000000000002,swap,improve
3389,13,1720.5999999999997,6,1707.0000000000002,2opt,notBad
3390,13,1720.5999999999997,6,1707.0000000000002,swap,notBad
3391,13,1720.5999999999997,6,1707.0000000000002,swap,notBad
3392,13,1720.5999999999997,6,1707.0000000000002,swap,notBad
3393,13,1720.5999999999997,6,1707.0000000000002,move,improve
3394,13,1720.5999999999997,6,1707.0000000000002,swap,notBad
3395,13,1720.5999999999997,6,1707.0000000000002,move,improve
3396,13,1702.8999999999996,13,1702.8999999999996,move,newBest
3397,13,1702.8999999999996,13,1702.8999999999996,2opt,notBad
3398,13,1702.8999999999996,13,1702.8999999999996,2opt,notBad
3399,13,1702.8999999999996,13,1702.8999999999996,move,improve
3400,13,1702.8999999999996,13,1702.8999999999996,2opt,notBad
3401,13,1704.0,13,1702.8999999999996,2opt,acceptBad
3402,13,1704.0,13,1702.8999999999996,move,improve
3403,13,1704.0,13,1702.8999999999996,swap,notBad
3404,13,1700.1000000000001,13,1700.1000000000001,move,newBest
3405,13,1700.1000000000001,13,1700.1000000000001,2opt,notBad
3406,13,1697.9,13,1697.9,move,newBest
3407,13,1697.9,13,1697.9,swap,notBad
3408,13,1697.9,13,1697.9,swap,notBad
3409,13,1697.9,13,1697.9,2opt,notBad
3410,13,1697.9,13,1697.9,swap,notBad
3411,13,1697.9,13,1697.9,move,improve
3412,13,1697.9,13,1697.9,swap,notBad
3413,13,1697.9,13,1697.9,move,improve
3414,13,1697.9,13,1697.9,2opt,notBad
3415,13,1697.9,13,1697.9,swap,notBad
3416,13,1697.9,13,1697.9,2opt,notBad
3417,13,1697.5000000000002,13,1697.5000000000002,swap,newBest
3418,13,1697.5000000000002,13,1697.5000000000002,move,improve
3419,13,1697.5000000000002,13,1697.5000000000002,swap,notBad
3420,13,1697.5000000000002,13,1697.5000000000002,swap,notBad
3421,13,1697.5000000000002,13,1697.5000000000002,2opt,improve
3422,13,1697.5000000000002,13,1697.5000000000002,2opt,notBad
3423,13,1697.5000000000002,13,1697.5000000000002,move,improve
3424,13,1697.5000000000002,13,1697.5000000000002,move,improve
3425,13,1697.5000000000002,13,1697.5000000000002,move,improve
3426,13,1697.5000000000002,13,1697.5000000000002,2opt,improve
3427,13,1697.5000000000002,13,1697.5000000000002,2opt,notBad
3428,13,1697.5000000000002,13,1697.5000000000002,move,improve
3429,13,1697.5000000000002,13,1697.5000000000002,2opt,notBad
3430,13,1712.2000000000003,13,1697.5000000000002,swap,acceptBad
3431,13,1712.2000000000003,13,1697.5000000000002,2opt,notBad
3432,13,1712.2000000000003,13,1697.5000000000002,swap,notBad
3433,13,1712.2000000000003,13,1697.5000000000002,move,improve
3434,13,1712.2000000000003,13,1697.5000000000002,swap,notBad
3435,13,1712.2000000000003,13,1697.5000000000002,2opt,notBad
3436,13,1712.2000000000003,13,1697.5000000000002,move,improve
3437,13,1712.2000000000003,13,1697.5000000000002,2opt,notBad
3438,13,1712.2000000000003,13,1697.5000000000002,2opt,notBad
3439,13,1712.2000000000003,13,1697.5000000000002,2opt,notBad
3440,13,1721.9000000000003,13,1697.5000000000002,swap,acceptBad
3441,13,1721.9000000000003,13,1697.5000000000002,swap,notBad
3442,13,1713.6000000000001,13,1697.5000000000002,move,improve
3443,13,1713.6000000000001,13,1697.5000000000002,swap,notBad
3444,13,1713.6000000000001,13,1697.5000000000002,2opt,notBad
3445,13,1713.6000000000001,13,1697.5000000000002,move,improve
3446,13,1713.6000000000001,13,1697.5000000000002,move,improve
3447,13,1713.6000000000001,13,1697.5000000000002,swap,notBad
3448,13,1713.6000000000001,13,1697.5000000000002,2opt,notBad
3449,13,1721.0000000000002,13,1697.5000000000002,swap,acceptBad
3450,13,1721.0000000000002,13,1697.5000000000002,swap,notBad
3451,13,1721.0000000000002,13,1697.5000000000002,swap,notBad
3452,13,1721.0000000000002,13,1697.5000000000002,swap,notBad
3453,13,1721.0000000000002,13,1697.5000000000002,move,improve
3454,13,1721.0000000000002,13,1697.5000000000002,move,improve
3455,13,1718.1000000000001,13,1697.5000000000002,move,improve
3456,13,1718.1000000000001,13,1697.5000000000002,move,improve
3457,13,1718.1000000000001,13,1697.5000000000002,2opt,notBad
3458,13,1715.9,13,1697.5000000000002,move,improve
3459,13,1715.9,13,1697.5000000000002,move,improve
3460,13,1715.9,13,1697.5000000000002,2opt,notBad
3461,13,1715.9,13,1697.5000000000002,swap,notBad
3462,13,1715.9,13,1697.5000000000002,swap,notBad
3463,13,1715.9,13,1697.5000000000002,2opt,notBad
3464,13,1715.9,13,1697.5000000000002,swap,notBad
3465,13,1715.9,13,1697.5000000000002,2opt,notBad
3466,13,1715.9,13,1697.5000000000002,move,improve
3467,13,1715.9,13,1697.5000000000002,2opt,notBad
3468,13,1715.9,13,1697.5000000000002,2opt,notBad
3469,13,1706.1000000000001,13,1697.5000000000002,move,improve
3470,13,1706.1000000000001,13,1697.5000000000002,2opt,notBad
3471,13,1706.1000000000001,13,1697.5000000000002,move,improve
3472,13,1706.1000000000001,13,1697.5000000000002,2opt,notBad
3473,13,1706.1000000000001,13,1697.5000000000002,move,improve
3474,13,1706.1000000000001,13,1697.5000000000002,2opt,notBad
3475,13,1706.1000000000001,13,1697.5000000000002,2opt,notBad
3476,13,1706.1000000000001,13,1697.5000000000002,2opt,notBad
3477,13,1706.1000000000001,13,1697.5000000000002,2opt,notBad
3478,13,1705.3000000000002,13,1697.5000000000002,move,improve
3479,13,1705.3000000000002,13,1697.5000000000002,2opt,notBad
3480,13,1705.3000000000002,13,1697.5000000000002,2opt,notBad
3481,13,1708.8,13,1697.5000000000002,swap,acceptBad
3482,13,1680.4,13,1680.4,move,newBest
3483,13,1680.4,13,1680.4,move,improve
3484,13,1680.4,13,1680.4,swap,notBad
3485,13,1680.4,13,1680.4,2opt,notBad
3486,13,1676.5000000000002,13,1676.5000000000002,move,newBest
3487,13,1676.1000000000001,13,1676.1000000000001,move,newBest
3488,13,1676.1000000000001,13,1676.1000000000001,2opt,notBad
3489,13,1676.1000000000001,13,1676.1000000000001,2opt,notBad
3490,13,1676.1000000000001,13,1676.1000000000001,swap,notBad
3491,13,1676.1000000000001,13,1676.1000000000001,move,improve
3492,13,1676.1000000000001,13,1676.1000000000001,2opt,notBad
3493,13,1676.1000000000001,13,1676.1000000000001,2opt,notBad
3494,13,1676.1000000000001,13,1676.1000000000001,move,improve
3495,13,1674.1000000000001,13,1674.1000000000001,move,newBest
3496,13,1679.3,13,1674.1000000000001,2opt,acceptBad
3497,13,1675.6999999999996,13,1674.1000000000001,move,improve
3498,13,1675.6999999999996,13,1674.1000000000001,2opt,notBad
3499,13,1675.6999999999996,13,1674.1000000000001,swap,notBad
3500,13,1675.6999999999996,13,1674.1000000000001,2opt,notBad
3501,13,1675.6999999999996,13,1674.1000000000001,2opt,notBad
3502,13,1675.6999999999996,13,1674.1000000000001,2opt,notBad
3503,13,1670.1,13,1670.1,move,newBest
3504,13,1668.3000000000002,13,1668.3000000000002,move,newBest
3505,13,1668.3000000000002,13,1668.3000000000002,swap,notBad
3506,13,1668.3000000000002,13,1668.3000000000002,swap,notBad
3507,13,1668.3000000000002,13,1668.3000000000002,swap,notBad
3508,13,1668.3000000000002,13,1668.3000000000002,swap,notBad
3509,13,1678.4,13,1668.3000000000002,swap,acceptBad
3510,13,1678.4,13,1668.3000000000002,swap,notBad
3511,13,1678.4,13,1668.3000000000002,move,improve
3512,13,1678.4,13,1668.3000000000002,move,improve
3513,13,1678.4,13,1668.3000000000002,move,improve
3514,13,1678.4,13,1668.3000000000002,move,improve
3515,13,1678.4,13,1668.3000000000002,2opt,notBad
3516,13,1678.4,13,1668.3000000000002,2opt,notBad
3517,13,1678.4,13,1668.3000000000002,swap,notBad
3518,13,1678.4,13,1668.3000000000002,move,improve
3519,13,1673.9,13,1668.3000000000002,move,improve
3520,13,1673.9,13,1668.3000000000002,2opt,notBad
3521,13,1673.9,13,1668.3000000000002,2opt,notBad
3522,13,1673.9,13,1668.3000000000002,swap,notBad
3523,13,1673.9,13,1668.3000000000002,2opt,notBad
3524,13,1687.3000000000002,13,1668.3000000000002,swap,acceptBad
3525,13,1687.3000000000002,13,1668.3000000000002,swap,notBad
3526,13,1687.3000000000002,13,1668.3000000000002,move,improve
3527,13,1687.3000000000002,13,1668.3000000000002,swap,notBad
3528,13,1687.3000000000002,13,1668.3000000000002,swap,notBad
3529,13,1687.3000000000002,13,1668.3000000000002,move,improve
3530,13,1705.3999999999999,13,1668.3000000000002,swap,acceptBad
3531,13,1705.3999999999999,13,1668.3000000000002,2opt,notBad
3532,13,1705.3999999999999,13,1668.3000000000002,move,improve
3533,13,1705.3999999999999,13,1668.3000000000002,swap,notBad
3534,13,1705.3999999999999,13,1668.3000000000002,swap,notBad
3535,13,1703.8999999999999,13,1668.3000000000002,move,improve
3536,13,1703.8999999999999,13,1668.3000000000002,move,improve
3537,13,1703.8999999999999,13,1668.3000000000002,move,improve
3538,13,1703.8999999999999,13,1668.3000000000002,swap,notBad
3539,13,1703.8999999999999,13,1668.3000000000002,swap,notBad
3540,13,1703.8999999999999,13,1668.3000000000002,swap,notBad
3541,13,1702.7,13,1668.3000000000002,move,improve
3542,13,1702.7,13,1668.3000000000002,2opt,notBad
3543,13,1702.7,13,1668.3000000000002,swap,notBad
3544,13,1702.7,13,1668.3000000000002,swap,notBad
3545,13,1715.8999999999999,13,1668.3000000000002,swap,acceptBad
3546,13,1728.6,13,1668.3000000000002,swap,acceptBad
3547,13,1728.6,13,1668.3000000000002,move,improve
3548,13,1720.6,13,1668.3000000000002,2opt,improve
3549,13,1720.6,13,1668.3000000000002,2opt,notBad
3550,13,1720.6,13,1668.3000000000002,swap,notBad
3551,13,1720.6,13,1668.3000000000002,move,improve
3552,13,1717.7999999999997,13,1668.3000000000002,move,improve
3553,13,1717.7999999999997,13,1668.3000000000002,2opt,notBad
3554,13,1717.4999999999995,13,1668.3000000000002,move,improve
3555,13,1717.4999999999995,13,1668.3000000000002,2opt,notBad
3556,13,1717.4999999999995,13,1668.3000000000002,move,improve
3557,13,1719.2999999999997,13,1668.3000000000002,swap,acceptBad
3558,13,1719.2999999999997,13,1668.3000000000002,2opt,notBad
3559,13,1719.2999999999997,13,1668.3000000000002,swap,notBad
3560,13,1719.2999999999997,13,1668.3000000000002,move,improve
3561,13,1719.2999999999997,13,1668.3000000000002,swap,notBad
3562,13,1714.6,13,1668.3000000000002,move,improve
3563,13,1714.6,13,1668.3000000000002,swap,notBad
3564,13,1714.6,13,1668.3000000000002,move,improve
3565,13,1714.6,13,1668.3000000000002,swap,notBad
3566,13,1714.6,13,1668.3000000000002,swap,notBad
3567,13,1714.6,13,1668.3000000000002,move,improve
3568,13,1714.6,13,1668.3000000000002,2opt,notBad
3569,13,1714.6,13,1668.3000000000002,swap,notBad
3570,13,1714.6,13,1668.3000000000002,2opt,notBad
3571,13,1714.6,13,1668.3000000000002,move,improve
3572,12,1706.1,13,1668.3000000000002,move,improve
3573,12,1717.9999999999998,13,1668.3000000000002,swap,acceptBad
3574,12,1717.9999999999998,13,1668.3000000000002,swap,notBad
3575,12,1717.9999999999998,13,1668.3000000000002,move,improve
3576,12,1717.9999999999998,13,1668.3000000000002,2opt,notBad
3577,12,1717.9999999999998,13,1668.3000000000002,swap,notBad
3578,12,1717.9999999999998,13,1668.3000000000002,2opt,notBad
3579,12,1706.1,13,1668.3000000000002,move,improve
3580,12,1706.1,13,1668.3000000000002,2opt,notBad
3581,12,1700.8,13,1668.3000000000002,2opt,improve
3582,12,1700.8,13,1668.3000000000002,move,improve
3583,12,1700.8,13,1668.3000000000002,move,improve
3584,12,1697.8999999999999,13,1668.3000000000002,move,improve
3585,12,1697.8999999999999,13,1668.3000000000002,swap,notBad
3586,12,1697.8999999999999,13,1668.3000000000002,move,improve
3587,12,1697.8999999999999,13,1668.3000000000002,move,improve
3588,12,1686.4999999999998,13,1668.3000000000002,move,improve
3589,12,1686.4999999999998,13,1668.3000000000002,swap,notBad
3590,12,1669.4999999999998,13,1668.3000000000002,move,improve
3591,12,1640.1999999999996,12,1640.1999999999996,move,newBest
3592,12,1640.1999999999996,12,1640.1999999999996,move,improve
3593,12,1640.1999999999996,12,1640.1999999999996,swap,notBad
3594,12,1640.1999999999996,12,1640.1999999999996,2opt,notBad
3595,12,1640.1999999999996,12,1640.1999999999996,move,improve
3596,12,1640.1999999999996,12,1640.1999999999996,2opt,notBad
3597,12,1643.7999999999997,12,1640.1999999999996,swap,acceptBad
3598,12,1643.7999999999997,12,1640.1999999999996,move,improve
3599,12,1633.6999999999998,12,1633.6999999999998,swap,newBest
3600,12,1633.6999999999998,12,1633.6999999999998,2opt,notBad
3601,12,1633.6999999999998,12,1633.6999999999998,swap,notBad
3602,12,1633.6999999999998,12,1633.6999999999998,2opt,notBad
3603,12,1633.6999999999998,12,1633.6999999999998,2opt,notBad
3604,12,1633.6999999999998,12,1633.6999999999998,swap,notBad
3605,12,1633.6999999999998,12,1633.6999999999998,2opt,notBad
3606,12,1631.8999999999996,12,1631.8999999999996,move,newBest
3607,12,1631.8999999999996,12,1631.8999999999996,2opt,notBad
3608,12,1631.8999999999996,12,1631.8999999999996,2opt,notBad
3609,12,1631.8999999999996,12,1631.8999999999996,2opt,notBad
3610,12,1631.8999999999996,12,1631.8999999999996,move,improve
3611,12,1631.8999999999996,12,1631.8999999999996,swap,notBad
3612,12,1631.8999999999996,12,1631.8999999999996,2opt,notBad
3613,12,1631.8999999999996,12,1631.8999999999996,move,improve
3614,12,1644.2999999999997,12,1631.8999999999996,swap,acceptBad
3615,12,1642.6999999999994,12,1631.8999999999996,move,improve
3616,12,1642.6999999999994,12,1631.8999999999996,2opt,notBad
3617,12,1642.6999999999994,12,1631.8999999999996,move,improve
3618,12,1642.6999999999994,12,1631.8999999999996,move,improve
3619,12,1642.6999999999994,12,1631.8999999999996,2opt,notBad
3620,12,1642.6999999999994,12,1631.8999999999996,2opt,notBad
3621,12,1642.6999999999994,12,1631.8999999999996,2opt,notBad
3622,12,1642.6999999999994,12,1631.8999999999996,swap,notBad
3623,12,1642.6999999999994,12,1631.8999999999996,swap,notBad
3624,12,1642.6999999999994,12,1631.8999999999996,2opt,notBad
3625,12,1642.6999999999994,12,1631.8999999999996,2opt,notBad
3626,12,1642.6999999999994,12,1631.8999999999996,2opt,improve
3627,12,1642.6999999999994,12,1631.8999999999996,2opt,notBad
3628,12,1644.3999999999996,12,1631.8999999999996,swap,acceptBad
3629,12,1644.3999999999996,12,1631.8999999999996,2opt,notBad
3630,12,1644.3999999999996,12,1631.8999999999996,2opt,notBad
3631,12,1644.3999999999996,12,1631.8999999999996,move,improve
3632,12,1644.3999999999996,12,1631.8999999999996,move,improve
3633,12,1644.3999999999996,12,1631.8999999999996,swap,notBad
3634,12,1644.3999999999996,12,1631.8999999999996,swap,notBad
3635,12,1644.3999999999996,12,1631.8999999999996,move,improve
3636,12,1644.3999999999996,12,1631.8999999999996,move,improve
3637,12,1636.7999999999995,12,1631.8999999999996,move,improve
3638,12,1636.7999999999995,12,1631.8999999999996,swap,notBad
3639,12,1636.7999999999995,12,1631.8999999999996,move,improve
3640,12,1636.7999999999995,12,1631.8999999999996,2opt,notBad
3641,12,1636.7999999999995,12,1631.8999999999996,move,improve
3642,12,1636.7999999999995,12,1631.8999999999996,move,improve
3643,12,1636.7999999999995,12,1631.8999999999996,2opt,notBad
3644,12,1625.7999999999995,12,1625.7999999999995,move,newBest
3645,12,1625.7999999999995,12,1625.7999999999995,2opt,notBad
3646,12,1625.7999999999995,12,1625.7999999999995,swap,notBad
3647,12,1625.7999999999995,12,1625.7999999999995,move,improve
3648,12,1625.7999999999995,12,1625.7999999999995,swap,notBad
3649,12,1630.6999999999996,12,1625.7999999999995,swap,acceptBad
3650,12,1630.6999999999996,12,1625.7999999999995,2opt,notBad
3651,12,1630.6999999999996,12,1625.7999999999995,2opt,notBad
3652,12,1630.6999999999996,12,1625.7999999999995,move,improve
3653,12,1591.6999999999998,12,1591.6999999999998,move,newBest
3654,12,1591.6999999999998,12,1591.6999999999998,2opt,notBad
3655,12,1591.6999999999998,12,1591.6999999999998,swap,notBad
3656,12,1591.6999999999998,12,1591.6999999999998,swap,notBad
3657,12,1591.6999999999998,12,1591.6999999999998,swap,notBad
3658,12,1591.6999999999998,12,1591.6999999999998,swap,notBad
3659,12,1591.6999999999998,12,1591.6999999999998,2opt,notBad
3660,12,1583.5999999999997,12,1583.5999999999997,move,newBest
3661,12,1583.5999999999997,12,1583.5999999999997,2opt,improve
3662,12,1583.5999999999997,12,1583.5999999999997,2opt,notBad
3663,12,1583.5999999999997,12,1583.5999999999997,swap,notBad
3664,12,1577.6999999999998,12,1577.6999999999998,move,newBest
3665,12,1577.6999999999998,12,1577.6999999999998,swap,notBad
3666,12,1577.6999999999998,12,1577.6999999999998,2opt,notBad
3667,12,1577.6999999999998,12,1577.6999999999998,2opt,notBad
3668,12,1577.6999999999998,12,1577.6999999999998,move,improve
3669,12,1577.6999999999998,12,1577.6999999999998,2opt,notBad
3670,12,1577.6999999999998,12,1577.6999999999998,2opt,notBad
3671,12,1577.6999999999998,12,1577.6999999999998,2opt,notBad
3672,12,1567.1999999999991,12,1567.1999999999991,2opt,newBest
3673,12,1567.1999999999991,12,1567.1999999999991,2opt,improve
3674,12,1567.1999999999991,12,1567.1999999999991,move,improve
3675,12,1567.1999999999991,12,1567.1999999999991,move,improve
3676,12,1567.1999999999991,12,1567.1999999999991,swap,notBad
3677,12,1563.999999999999,12,1563.999999999999,move,newBest
3678,12,1561.499999999999,12,1561.499999999999,move,newBest
3679,12,1561.499999999999,12,1561.499999999999,2opt,notBad
3680,12,1561.499999999999,12,1561.499999999999,move,improve
3681,12,1558.399999999999,12,1558.399999999999,move,newBest
3682,12,1558.399999999999,12,1558.399999999999,2opt,notBad
3683,12,1558.399999999999,12,1558.399999999999,2opt,notBad
3684,12,1558.399999999999,12,1558.399999999999,2opt,notBad
3685,12,1558.399999999999,12,1558.399999999999,move,improve
3686,12,1558.399999999999,12,1558.399999999999,2opt,notBad
3687,12,1558.399999999999,12,1558.399999999999,2opt,notBad
3688,12,1558.399999999999,12,1558.399999999999,2opt,notBad
3689,12,1558.399999999999,12,1558.399999999999,swap,notBad
3690,12,1558.399999999999,12,1558.399999999999,move,improve
3691,12,1558.399999999999,12,1558.399999999999,2opt,notBad
3692,12,1558.399999999999,12,1558.399999999999,2opt,notBad
3693,12,1558.399999999999,12,1558.399999999999,swap,notBad
3694,12,1558.399999999999,12,1558.399999999999,2opt,notBad
3695,12,1558.399999999999,12,1558.399999999999,swap,notBad
3696,12,1558.399999999999,12,1558.399999999999,2opt,notBad
3697,12,1558.399999999999,12,1558.399999999999,2opt,notBad
3698,12,1558.399999999999,12,1558.399999999999,2opt,notBad
3699,12,1558.399999999999,12,1558.399999999999,swap,notBad
3700,12,1558.399999999999,12,1558.399999999999,move,improve
3701,12,1558.399999999999,12,1558.399999999999,2opt,notBad
3702,12,1558.399999999999,12,1558.399999999999,swap,notBad
3703,12,1558.399999999999,12,1558.399999999999,swap,notBad
3704,12,1558.399999999999,12,1558.399999999999,2opt,notBad
3705,12,1558.399999999999,12,1558.399999999999,2opt,notBad
3706,12,1558.399999999999,12,1558.399999999999,2opt,notBad
3707,12,1558.399999999999,12,1558.399999999999,swap,notBad
3708,12,1558.399999999999,12,1558.399999999999,2opt,notBad
3709,12,1558.399999999999,12,1558.399999999999,move,improve
3710,12,1558.399999999999,12,1558.399999999999,move,improve
3711,12,1558.399999999999,12,1558.399999999999,swap,notBad
3712,12,1558.399999999999,12,1558.399999999999,2opt,notBad
3713,12,1566.6999999999991,12,1558.399999999999,swap,acceptBad
3714,12,1566.6999999999991,12,1558.399999999999,2opt,notBad
3715,12,1566.6999999999991,12,1558.399999999999,2opt,notBad
3716,12,1561.099999999999,12,1558.399999999999,move,improve
3717,12,1561.099999999999,12,1558.399999999999,swap,notBad
3718,12,1561.099999999999,12,1558.399999999999,2opt,notBad
3719,12,1561.099999999999,12,1558.399999999999,swap,notBad
3720,12,1561.099999999999,12,1558.399999999999,swap,notBad
3721,12,1561.099999999999,12,1558.399999999999,2opt,notBad
3722,12,1561.099999999999,12,1558.399999999999,2opt,notBad
3723,12,1561.099999999999,12,1558.399999999999,2opt,notBad
3724,12,1561.099999999999,12,1558.399999999999,move,improve
3725,12,1561.099999999999,12,1558.399999999999,swap,notBad
3726,12,1561.099999999999,12,1558.399999999999,2opt,notBad
3727,12,1561.099999999999,12,1558.399999999999,move,improve
3728,12,1561.099999999999,12,1558.399999999999,2opt,notBad
3729,12,1569.699999999999,12,1558.399999999999,swap,acceptBad
3730,12,1569.699999999999,12,1558.399999999999,2opt,notBad
3731,12,1569.699999999999,12,1558.399999999999,move,improve
3732,12,1569.699999999999,12,1558.399999999999,swap,notBad
3733,12,1569.699999999999,12,1558.399999999999,2opt,notBad
3734,12,1569.699999999999,12,1558.399999999999,move,improve
3735,12,1569.699999999999,12,1558.399999999999,swap,notBad
3736,12,1569.699999999999,12,1558.399999999999,swap,notBad
3737,12,1569.699999999999,12,1558.399999999999,2opt,notBad
3738,12,1569.699999999999,12,1558.399999999999,move,improve
3739,12,1569.699999999999,12,1558.399999999999,2opt,notBad
3740,12,1569.699999999999,12,1558.399999999999,swap,notBad
3741,12,1569.699999999999,12,1558.399999999999,2opt,notBad
3742,12,1569.699999999999,12,1558.399999999999,swap,notBad
3743,12,1569.699999999999,12,1558.399999999999,2opt,notBad
3744,12,1569.699999999999,12,1558.399999999999,swap,notBad
3745,12,1569.699999999999,12,1558.399999999999,2opt,notBad
3746,12,1569.699999999999,12,1558.399999999999,2opt,notBad
3747,12,1569.699999999999,12,1558.399999999999,2opt,notBad
3748,12,1569.699999999999,12,1558.399999999999,move,improve
3749,12,1569.699999999999,12,1558.399999999999,2opt,notBad
3750,12,1569.699999999999,12,1558.399999999999,swap,notBad
3751,12,1569.699999999999,12,1558.399999999999,2opt,improve
3752,12,1569.699999999999,12,1558.399999999999,2opt,notBad
3753,12,1569.699999999999,12,1558.399999999999,move,improve
3754,12,1569.699999999999,12,1558.399999999999,2opt,notBad
3755,12,1569.699999999999,12,1558.399999999999,move,improve
3756,12,1569.699999999999,12,1558.399999999999,move,improve
3757,12,1569.699999999999,12,1558.399999999999,2opt,notBad
3758,12,1569.699999999999,12,1558.399999999999,swap,notBad
3759,12,1569.699999999999,12,1558.399999999999,2opt,notBad
3760,12,1569.699999999999,12,1558.399999999999,2opt,notBad
3761,12,1569.699999999999,12,1558.399999999999,2opt,notBad
3762,12,1569.699999999999,12,1558.399999999999,move,improve
3763,12,1569.699999999999,12,1558.399999999999,move,improve
3764,12,1569.699999999999,12,1558.399999999999,2opt,notBad
3765,12,1569.699999999999,12,1558.399999999999,2opt,notBad
3766,12,1569.699999999999,12,1558.399999999999,swap,notBad
3767,12,1569.699999999999,12,1558.399999999999,2opt,notBad
3768,12,1569.699999999999,12,1558.399999999999,swap,notBad
3769,12,1569.699999999999,12,1558.399999999999,swap,notBad
3770,12,1569.699999999999,12,1558.399999999999,2opt,notBad
3771,12,1568.5999999999988,12,1558.399999999999,move,improve
3772,12,1573.9999999999989,12,1558.399999999999,swap,acceptBad
3773,12,1573.9999999999989,12,1558.399999999999,move,improve
3774,12,1573.9999999999989,12,1558.399999999999,2opt,notBad
3775,12,1573.9999999999989,12,1558.399999999999,2opt,notBad
3776,12,1573.9999999999989,12,1558.399999999999,2opt,notBad
3777,12,1573.9999999999989,12,1558.399999999999,move,improve
3778,12,1573.9999999999989,12,1558.399999999999,swap,notBad
3779,12,1573.9999999999989,12,1558.399999999999,move,improve
3780,12,1573.9999999999989,12,1558.399999999999,swap,notBad
3781,12,1535.5999999999988,12,1535.5999999999988,move,newBest
3782,12,1537.7999999999988,12,1535.5999999999988,swap,acceptBad
3783,12,1537.7999999999988,12,1535.5999999999988,move,improve
3784,12,1537.7999999999988,12,1535.5999999999988,2opt,improve
3785,12,1529.899999999999,12,1529.899999999999,move,newBest
3786,12,1523.299999999999,12,1523.299999999999,move,newBest
3787,12,1523.299999999999,12,1523.299999999999,2opt,notBad
3788,12,1523.299999999999,12,1523.299999999999,move,improve
3789,12,1523.299999999999,12,1523.299999999999,swap,notBad
3790,12,1523.299999999999,12,1523.299999999999,2opt,notBad
3791,12,1523.299999999999,12,1523.299999999999,2opt,improve
3792,12,1523.299999999999,12,1523.299999999999,2opt,notBad
3793,12,1523.299999999999,12,1523.299999999999,move,improve
3794,12,1523.299999999999,12,1523.299999999999,2opt,notBad
3795,12,1523.299999999999,12,1523.299999999999,move,improve
3796,12,1523.299999999999,12,1523.299999999999,2opt,notBad
3797,12,1523.099999999999,12,1523.099999999999,move,newBest
3798,12,1523.099999999999,12,1523.099999999999,move,improve
3799,12,1511.8999999999992,12,1511.8999999999992,move,newBest
3800,12,1511.8999999999992,12,1511.8999999999992,2opt,notBad
3801,12,1511.8999999999992,12,1511.8999999999992,2opt,notBad
3802,12,1510.3999999999992,12,1510.3999999999992,move,newBest
3803,12,1510.3999999999992,12,1510.3999999999992,2opt,notBad
3804,12,1510.3999999999992,12,1510.3999999999992,2opt,notBad
3805,12,1510.3999999999992,12,1510.3999999999992,move,improve
3806,12,1510.3999999999992,12,1510.3999999999992,swap,notBad
3807,12,1510.3999999999992,12,1510.3999999999992,2opt,improve
3808,12,1510.3999999999992,12,1510.3999999999992,2opt,notBad
3809,12,1510.3999999999992,12,1510.3999999999992,swap,notBad
3810,12,1510.3999999999992,12,1510.3999999999992,swap,notBad
3811,12,1510.3999999999992,12,1510.3999999999992,2opt,notBad
3812,12,1510.3999999999992,12,1510.3999999999992,swap,notBad
3813,12,1510.3999999999992,12,1510.3999999999992,move,improve
3814,12,1510.3999999999992,12,1510.3999999999992,swap,notBad
3815,12,1510.3999999999992,12,1510.3999999999992,move,improve
3816,12,1506.1999999999991,12,1506.1999999999991,swap,newBest
3817,12,1506.1999999999991,12,1506.1999999999991,2opt,notBad
3818,12,1506.1999999999991,12,1506.1999999999991,swap,notBad
3819,12,1506.1999999999991,12,1506.1999999999991,2opt,notBad
3820,12,1506.1999999999991,12,1506.1999999999991,move,improve
3821,12,1506.1999999999991,12,1506.1999999999991,swap,notBad
3822,12,1506.1999999999991,12,1506.1999999999991,2opt,notBad
3823,12,1506.1999999999991,12,1506.1999999999991,2opt,notBad
3824,12,1503.999999999999,12,1503.999999999999,move,newBest
3825,12,1503.999999999999,12,1503.999999999999,2opt,notBad
3826,12,1503.999999999999,12,1503.999999999999,move,improve
3827,12,1503.999999999999,12,1503.999999999999,2opt,notBad
3828,12,1503.999999999999,12,1503.999999999999,swap,notBad
3829,12,1503.999999999999,12,1503.999999999999,2opt,notBad
3830,12,1507.4999999999993,12,1503.999999999999,swap,acceptBad
3831,12,1507.4999999999993,12,1503.999999999999,2opt,notBad
3832,12,1519.499999999999,12,1503.999999999999,swap,acceptBad
3833,12,1519.499999999999,12,1503.999999999999,2opt,notBad
3834,12,1519.499999999999,12,1503.999999999999,2opt,improve
3835,12,1519.499999999999,12,1503.999999999999,move,improve
3836,12,1519.499999999999,12,1503.999999999999,2opt,notBad
3837,12,1519.499999999999,12,1503.999999999999,2opt,notBad
3838,12,1519.499999999999,12,1503.999999999999,2opt,notBad
3839,12,1519.499999999999,12,1503.999999999999,move,improve
3840,12,1528.399999999999,12,1503.999999999999,swap,acceptBad
3841,12,1528.1999999999991,12,1503.999999999999,move,improve
3842,12,1528.1999999999991,12,1503.999999999999,2opt,notBad
3843,12,1528.1999999999991,12,1503.999999999999,2opt,notBad
3844,12,1528.1999999999991,12,1503.999999999999,2opt,notBad
3845,12,1528.1999999999991,12,1503.999999999999,move,improve
3846,12,1527.799999999999,12,1503.999999999999,move,improve
3847,12,1527.799999999999,12,1503.999999999999,2opt,notBad
3848,12,1523.899999999999,12,1503.999999999999,move,improve
3849,12,1532.199999999999,12,1503.999999999999,swap,acceptBad
3850,12,1532.199999999999,12,1503.999999999999,move,improve
3851,12,1532.199999999999,12,1503.999999999999,2opt,notBad
3852,12,1532.199999999999,12,1503.999999999999,move,improve
3853,12,1532.199999999999,12,1503.999999999999,swap,notBad
3854,12,1532.199999999999,12,1503.999999999999,swap,notBad
3855,12,1532.199999999999,12,1503.999999999999,2opt,notBad
3856,12,1531.899999999999,12,1503.999999999999,move,improve
3857,12,1531.899999999999,12,1503.999999999999,move,improve
3858,12,1531.899999999999,12,1503.999999999999,swap,notBad
3859,12,1531.899999999999,12,1503.999999999999,swap,notBad
3860,12,1531.899999999999,12,1503.999999999999,swap,notBad
3861,12,1531.899999999999,12,1503.999999999999,move,improve
3862,12,1531.899999999999,12,1503.999999999999,2opt,notBad
3863,12,1531.899999999999,12,1503.999999999999,swap,notBad
3864,12,1531.899999999999,12,1503.999999999999,2opt,notBad
3865,12,1531.899999999999,12,1503.999999999999,swap,notBad
3866,12,1531.899999999999,12,1503.999999999999,2opt,notBad
3867,12,1531.899999999999,12,1503.999999999999,2opt,notBad
3868,12,1531.899999999999,12,1503.999999999999,swap,notBad
3869,12,1531.899999999999,12,1503.999999999999,move,improve
3870,12,1531.399999999999,12,1503.999999999999,move,improve
3871,12,1521.399999999999,12,1503.999999999999,move,improve
3872,12,1521.399999999999,12,1503.999999999999,swap,notBad
3873,12,1521.399999999999,12,1503.999999999999,swap,notBad
3874,12,1521.399999999999,12,1503.999999999999,2opt,notBad
3875,12,1521.399999999999,12,1503.999999999999,swap,notBad
3876,12,1521.399999999999,12,1503.999999999999,swap,notBad
3877,12,1521.399999999999,12,1503.999999999999,2opt,notBad
3878,12,1521.399999999999,12,1503.999999999999,2opt,notBad
3879,12,1521.399999999999,12,1503.999999999999,move,improve
3880,12,1521.399999999999,12,1503.999999999999,2opt,notBad
3881,12,1521.399999999999,12,1503.999999999999,2opt,notBad
3882,12,1521.399999999999,12,1503.999999999999,swap,notBad
3883,12,1521.399999999999,12,1503.999999999999,move,improve
3884,12,1521.399999999999,12,1503.999999999999,move,improve
3885,12,1521.399999999999,12,1503.999999999999,2opt,improve
3886,12,1523.0999999999988,12,1503.999999999999,swap,acceptBad
3887,12,1523.0999999999988,12,1503.999999999999,move,improve
3888,12,1534.899999999999,12,1503.999999999999,swap,acceptBad
3889,12,1534.899999999999,12,1503.999999999999,move,improve
3890,12,1534.899999999999,12,1503.999999999999,move,improve
3891,12,1534.899999999999,12,1503.999999999999,move,improve
3892,12,1534.899999999999,12,1503.999999999999,2opt,notBad
3893,12,1534.899999999999,12,1503.999999999999,2opt,notBad
3894,12,1534.899999999999,12,1503.999999999999,swap,notBad
3895,12,1536.599999999999,12,1503.999999999999,swap,acceptBad
3896,12,1536.599999999999,12,1503.999999999999,2opt,notBad
3897,12,1536.599999999999,12,1503.999999999999,2opt,notBad
3898,12,1536.599999999999,12,1503.999999999999,swap,notBad
3899,12,1536.599999999999,12,1503.999999999999,swap,notBad
3900,12,1536.599999999999,12,1503.999999999999,move,improve
3901,12,1536.599999999999,12,1503.999999999999,2opt,notBad
3902,12,1536.599999999999,12,1503.999999999999,2opt,notBad
3903,12,1536.599999999999,12,1503.999999999999,2opt,improve
3904,12,1536.599999999999,12,1503.999999999999,swap,notBad
3905,12,1536.599999999999,12,1503.999999999999,swap,notBad
3906,12,1536.599999999999,12,1503.999999999999,move,improve
3907,12,1536.599999999999,12,1503.999999999999,move,improve
3908,12,1527.5999999999992,12,1503.999999999999,move,improve
3909,12,1527.5999999999992,12,1503.999999999999,swap,notBad
3910,12,1527.5999999999992,12,1503.999999999999,2opt,notBad
3911,12,1527.5999999999992,12,1503.999999999999,move,improve
3912,12,1527.5999999999992,12,1503.999999999999,swap,notBad
3913,12,1527.5999999999992,12,1503.999999999999,2opt,notBad
3914,12,1527.5999999999992,12,1503.999999999999,2opt,notBad
3915,12,1527.5999999999992,12,1503.999999999999,move,improve
3916,12,1527.5999999999992,12,1503.999999999999,swap,notBad
3917,12,1527.5999999999992,12,1503.999999999999,move,improve
3918,12,1527.5999999999992,12,1503.999999999999,move,improve
3919,12,1527.5999999999992,12,1503.999999999999,move,improve
3920,12,1527.5999999999992,12,1503.999999999999,2opt,notBad
3921,12,1527.5999999999992,12,1503.999999999999,2opt,notBad
3922,12,1527.5999999999992,12,1503.999999999999,2opt,notBad
3923,12,1527.5999999999992,12,1503.999999999999,swap,notBad
3924,12,1527.5999999999992,12,1503.999999999999,swap,notBad
3925,12,1527.5999999999992,12,1503.999999999999,2opt,notBad
3926,12,1527.5999999999992,12,1503.999999999999,2opt,notBad
3927,12,1522.4999999999993,12,1503.999999999999,move,improve
3928,12,1522.4999999999993,12,1503.999999999999,2opt,notBad
3929,12,1522.4999999999993,12,1503.999999999999,2opt,notBad
3930,12,1522.4999999999993,12,1503.999999999999,2opt,notBad
3931,12,1522.4999999999993,12,1503.999999999999,2opt,notBad
3932,12,1522.4999999999993,12,1503.999999999999,move,improve
3933,12,1522.4999999999993,12,1503.999999999999,swap,notBad
3934,12,1522.4999999999993,12,1503.999999999999,move,improve
3935,12,1522.4999999999993,12,1503.999999999999,move,improve
3936,12,1522.4999999999993,12,1503.999999999999,2opt,notBad
3937,12,1522.4999999999993,12,1503.999999999999,swap,notBad
3938,12,1522.4999999999993,12,1503.999999999999,2opt,notBad
3939,12,1522.4999999999993,12,1503.999999999999,move,improve
3940,12,1522.4999999999993,12,1503.999999999999,2opt,notBad
3941,12,1522.4999999999993,12,1503.999999999999,swap,notBad
3942,12,1515.5999999999992,12,1503.999999999999,move,improve
3943,12,1515.5999999999992,12,1503.999999999999,2opt,notBad
3944,12,1515.5999999999992,12,1503.999999999999,move,improve
3945,12,1515.5999999999992,12,1503.999999999999,2opt,notBad
3946,12,1515.5999999999992,12,1503.999999999999,move,improve
3947,12,1508.5999999999992,12,1503.999999999999,move,improve
3948,12,1508.5999999999992,12,1503.999999999999,2opt,notBad
3949,12,1508.5999999999992,12,1503.999999999999,swap,notBad
3950,12,1508.5999999999992,12,1503.999999999999,swap,notBad
3951,12,1508.5999999999992,12,1503.999999999999,swap,notBad
3952,12,1508.5999999999992,12,1503.999999999999,swap,notBad
3953,12,1508.5999999999992,12,1503.999999999999,2opt,notBad
3954,12,1508.5999999999992,12,1503.999999999999,2opt,notBad
3955,12,1514.9999999999993,12,1503.999999999999,swap,acceptBad
3956,12,1510.6999999999991,12,1503.999999999999,swap,improve
3957,12,1510.6999999999991,12,1503.999999999999,swap,notBad
3958,12,1510.6999999999991,12,1503.999999999999,swap,notBad
3959,12,1498.4999999999993,12,1498.4999999999993,move,newBest
3960,12,1498.4999999999993,12,1498.4999999999993,swap,notBad
3961,12,1498.4999999999993,12,1498.4999999999993,2opt,notBad
3962,12,1498.4999999999993,12,1498.4999999999993,swap,notBad
3963,12,1497.0999999999992,12,1497.0999999999992,move,newBest
3964,12,1496.4999999999993,12,1496.4999999999993,move,newBest
3965,12,1496.4999999999993,12,1496.4999999999993,2opt,notBad
3966,12,1496.4999999999993,12,1496.4999999999993,move,improve
3967,12,1496.4999999999993,12,1496.4999999999993,move,improve
3968,12,1496.4999999999993,12,1496.4999999999993,2opt,notBad
3969,12,1496.4999999999993,12,1496.4999999999993,swap,notBad
3970,12,1496.4999999999993,12,1496.4999999999993,move,improve
3971,12,1496.4999999999993,12,1496.4999999999993,swap,notBad
3972,12,1496.4999999999993,12,1496.4999999999993,swap,notBad
3973,12,1496.4999999999993,12,1496.4999999999993,move,improve
3974,12,1496.4999999999993,12,1496.4999999999993,swap,notBad
3975,12,1496.4999999999993,12,1496.4999999999993,move,improve
3976,12,1496.4999999999993,12,1496.4999999999993,move,improve
3977,12,1490.9999999999993,12,1490.9999999999993,move,newBest
3978,12,1490.9999999999993,12,1490.9999999999993,move,improve
3979,12,1490.9999999999993,12,1490.9999999999993,move,improve
3980,12,1484.2999999999993,12,1484.2999999999993,move,newBest
3981,12,1484.2999999999993,12,1484.2999999999993,move,improve
3982,12,1484.2999999999993,12,1484.2999999999993,swap,notBad
3983,12,1484.2999999999993,12,1484.2999999999993,move,improve
3984,12,1484.2999999999993,12,1484.2999999999993,move,improve
3985,12,1484.2999999999993,12,1484.2999999999993,2opt,notBad
3986,12,1484.2999999999993,12,1484.2999999999993,move,improve
3987,12,1484.2999999999993,12,1484.2999999999993,swap,notBad
3988,12,1484.2999999999993,12,1484.2999999999993,swap,notBad
3989,12,1484.2999999999993,12,1484.2999999999993,move,improve
3990,12,1484.2999999999993,12,1484.2999999999993,swap,notBad
3991,12,1484.2999999999993,12,1484.2999999999993,2opt,notBad
3992,12,1484.2999999999993,12,1484.2999999999993,move,improve
3993,12,1484.2999999999993,12,1484.2999999999993,2opt,notBad
3994,12,1484.2999999999993,12,1484.2999999999993,swap,notBad
3995,12,1484.2999999999993,12,1484.2999999999993,2opt,notBad
3996,12,1484.2999999999993,12,1484.2999999999993,2opt,notBad
3997,12,1484.2999999999993,12,1484.2999999999993,2opt,notBad
3998,12,1484.2999999999993,12,1484.2999999999993,2opt,notBad
3999,12,1484.2999999999993,12,1484.2999999999993,swap,notBad
4000,12,1478.4999999999993,12,1478.4999999999993,move,newBest
4001,12,1478.4999999999993,12,1478.4999999999993,swap,notBad
4002,12,1478.4999999999993,12,1478.4999999999993,move,improve
4003,12,1478.4999999999993,12,1478.4999999999993,2opt,notBad
4004,12,1478.4999999999993,12,1478.4999999999993,move,improve
4005,12,1478.4999999999993,12,1478.4999999999993,swap,notBad
4006,12,1478.4999999999993,12,1478.4999999999993,2opt,notBad
4007,12,1478.4999999999993,12,1478.4999999999993,swap,notBad
4008,12,1478.4999999999993,12,1478.4999999999993,swap,notBad
4009,12,1478.4999999999993,12,1478.4999999999993,swap,notBad
4010,12,1478.4999999999993,12,1478.4999999999993,move,improve
4011,12,1478.4999999999993,12,1478.4999999999993,2opt,notBad
4012,12,1478.4999999999993,12,1478.4999999999993,swap,notBad
4013,12,1478.4999999999993,12,1478.4999999999993,2opt,notBad
4014,12,1478.4999999999993,12,1478.4999999999993,swap,notBad
4015,12,1478.4999999999993,12,1478.4999999999993,move,improve
4016,12,1478.4999999999993,12,1478.4999999999993,move,improve
4017,12,1478.4999999999993,12,1478.4999999999993,2opt,notBad
4018,12,1478.4999999999993,12,1478.4999999999993,swap,notBad
4019,12,1478.4999999999993,12,1478.4999999999993,2opt,notBad
4020,12,1478.4999999999993,12,1478.4999999999993,2opt,improve
4021,12,1478.4999999999993,12,1478.4999999999993,2opt,notBad
4022,12,1488.7999999999993,12,1478.4999999999993,swap,acceptBad
4023,12,1488.7999999999993,12,1478.4999999999993,move,improve
4024,12,1488.7999999999993,12,1478.4999999999993,move,improve
4025,12,1488.7999999999993,12,1478.4999999999993,swap,notBad
4026,12,1488.7999999999993,12,1478.4999999999993,2opt,notBad
4027,12,1488.7999999999993,12,1478.4999999999993,swap,notBad
4028,12,1488.7999999999993,12,1478.4999999999993,2opt,notBad
4029,12,1488.7999999999993,12,1478.4999999999993,2opt,notBad
4030,12,1488.7999999999993,12,1478.4999999999993,move,improve
4031,12,1488.7999999999993,12,1478.4999999999993,2opt,notBad
4032,12,1488.7999999999993,12,1478.4999999999993,2opt,notBad
4033,12,1488.7999999999993,12,1478.4999999999993,move,improve
4034,12,1488.7999999999993,12,1478.4999999999993,swap,notBad
4035,12,1488.7999999999993,12,1478.4999999999993,swap,notBad
4036,12,1488.7999999999993,12,1478.4999999999993,swap,notBad
4037,12,1492.8999999999994,12,1478.4999999999993,swap,acceptBad
4038,12,1492.7999999999995,12,1478.4999999999993,move,improve
4039,12,1492.7999999999995,12,1478.4999999999993,move,improve
4040,12,1492.7999999999995,12,1478.4999999999993,move,improve
4041,12,1492.7999999999995,12,1478.4999999999993,swap,notBad
4042,12,1492.7999999999995,12,1478.4999999999993,move,improve
4043,12,1492.7999999999995,12,1478.4999999999993,swap,notBad
4044,12,1492.7999999999995,12,1478.4999999999993,move,improve
4045,12,1492.7999999999995,12,1478.4999999999993,2opt,notBad
4046,12,1492.7999999999995,12,1478.4999999999993,2opt,notBad
4047,12,1492.7999999999995,12,1478.4999999999993,swap,notBad
4048,12,1492.7999999999995,12,1478.4999999999993,swap,notBad
4049,12,1492.7999999999995,12,1478.4999999999993,move,improve
4050,12,1492.7999999999995,12,1478.4999999999993,2opt,notBad
4051,12,1492.7999999999995,12,1478.4999999999993,2opt,notBad
4052,12,1492.7999999999995,12,1478.4999999999993,2opt,notBad
4053,12,1492.7999999999995,12,1478.4999999999993,2opt,notBad
4054,12,1492.7999999999995,12,1478.4999999999993,swap,notBad
4055,12,1492.7999999999995,12,1478.4999999999993,move,improve
4056,12,1492.7999999999995,12,1478.4999999999993,swap,notBad
4057,12,1492.7999999999995,12,1478.4999999999993,swap,notBad
4058,12,1492.7999999999995,12,1478.4999999999993,swap,notBad
4059,12,1492.7999999999995,12,1478.4999999999993,2opt,improve
4060,12,1492.7999999999995,12,1478.4999999999993,2opt,notBad
4061,12,1492.7999999999995,12,1478.4999999999993,swap,notBad
4062,12,1492.7999999999995,12,1478.4999999999993,2opt,notBad
4063,12,1492.7999999999995,12,1478.4999999999993,2opt,notBad
4064,12,1489.8999999999996,12,1478.4999999999993,move,improve
4065,12,1489.8999999999996,12,1478.4999999999993,move,improve
4066,12,1489.8999999999996,12,1478.4999999999993,move,improve
4067,12,1489.8999999999996,12,1478.4999999999993,move,improve
4068,12,1489.8999999999996,12,1478.4999999999993,2opt,notBad
4069,12,1489.8999999999996,12,1478.4999999999993,2opt,notBad
4070,12,1489.8999999999996,12,1478.4999999999993,2opt,notBad
4071,12,1489.8999999999996,12,1478.4999999999993,swap,notBad
4072,12,1489.8999999999996,12,1478.4999999999993,2opt,notBad
4073,12,1489.8999999999996,12,1478.4999999999993,move,improve
4074,12,1489.8999999999996,12,1478.4999999999993,move,improve
4075,12,1489.8999999999996,12,1478.4999999999993,swap,notBad
4076,12,1489.8999999999996,12,1478.4999999999993,2opt,notBad
4077,12,1489.8999999999996,12,1478.4999999999993,2opt,notBad
4078,12,1489.8999999999996,12,1478.4999999999993,move,improve
4079,12,1489.8999999999996,12,1478.4999999999993,swap,notBad
4080,12,1489.8999999999996,12,1478.4999999999993,2opt,notBad
4081,12,1489.8999999999996,12,1478.4999999999993,swap,notBad
4082,12,1482.3999999999996,12,1478.4999999999993,move,improve
4083,12,1479.8999999999999,12,1478.4999999999993,move,improve
4084,12,1479.8999999999999,12,1478.4999999999993,swap,notBad
4085,12,1473.8999999999999,12,1473.8999999999999,move,newBest
4086,12,1473.8999999999999,12,1473.8999999999999,move,improve
4087,12,1473.8999999999999,12,1473.8999999999999,swap,notBad
4088,12,1473.8999999999999,12,1473.8999999999999,2opt,notBad
4089,12,1473.8999999999999,12,1473.8999999999999,2opt,notBad
4090,12,1473.8999999999999,12,1473.8999999999999,2opt,notBad
4091,12,1473.8999999999999,12,1473.8999999999999,swap,notBad
4092,12,1473.8999999999999,12,1473.8999999999999,move,improve
4093,12,1473.8999999999999,12,1473.8999999999999,2opt,notBad
4094,12,1473.8999999999999,12,1473.8999999999999,2opt,notBad
4095,12,1473.8999999999999,12,1473.8999999999999,swap,notBad
4096,12,1473.8999999999999,12,1473.8999999999999,move,improve
4097,12,1473.8999999999999,12,1473.8999999999999,swap,notBad
4098,12,1473.8999999999999,12,1473.8999999999999,2opt,notBad
4099,12,1471.6999999999998,12,1471.6999999999998,move,newBest
4100,12,1471.6999999999998,12,1471.6999999999998,2opt,notBad
4101,12,1471.6999999999998,12,1471.6999999999998,2opt,notBad
4102,12,1471.6999999999998,12,1471.6999999999998,swap,notBad
4103,12,1471.6999999999998,12,1471.6999999999998,2opt,notBad
4104,12,1471.6999999999998,12,1471.6999999999998,swap,notBad
4105,12,1471.6999999999998,12,1471.6999999999998,swap,notBad
4106,12,1471.6999999999998,12,1471.6999999999998,swap,notBad
4107,12,1470.6,12,1470.6,2opt,newBest
4108,12,1470.6,12,1470.6,swap,notBad
4109,12,1470.6,12,1470.6,2opt,notBad
4110,12,1470.6,12,1470.6,2opt,notBad
4111,12,1466.6,12,1466.6,swap,newBest
4112,12,1466.6,12,1466.6,move,improve
4113,12,1463.6999999999998,12,1463.6999999999998,move,newBest
4114,12,1463.6999999999998,12,1463.6999999999998,move,improve
4115,12,1463.6999999999998,12,1463.6999999999998,swap,notBad
4116,12,1463.6999999999998,12,1463.6999999999998,swap,notBad
4117,12,1463.6999999999998,12,1463.6999999999998,2opt,notBad
4118,12,1463.6999999999998,12,1463.6999999999998,2opt,notBad
4119,12,1463.6999999999998,12,1463.6999999999998,move,improve
4120,12,1463.6999999999998,12,1463.6999999999998,swap,notBad
4121,12,1463.6999999999998,12,1463.6999999999998,swap,notBad
4122,12,1463.6999999999998,12,1463.6999999999998,2opt,notBad
4123,12,1463.6999999999998,12,1463.6999999999998,2opt,notBad
4124,12,1463.6999999999998,12,1463.6999999999998,2opt,notBad
4125,12,1463.6999999999998,12,1463.6999999999998,swap,notBad
4126,12,1463.6999999999998,12,1463.6999999999998,swap,notBad
4127,12,1463.6999999999998,12,1463.6999999999998,2opt,notBad
4128,12,1463.6999999999998,12,1463.6999999999998,2opt,notBad
4129,12,1463.6999999999998,12,1463.6999999999998,swap,notBad
4130,12,1463.6999999999998,12,1463.6999999999998,2opt,notBad
4131,12,1463.6999999999998,12,1463.6999999999998,2opt,notBad
4132,12,1463.6999999999998,12,1463.6999999999998,2opt,notBad
4133,12,1463.6999999999998,12,1463.6999999999998,2opt,notBad
4134,12,1463.6999999999998,12,1463.6999999999998,swap,notBad
4135,12,1463.6999999999998,12,1463.6999999999998,move,improve
4136,12,1463.6999999999998,12,1463.6999999999998,swap,notBad
4137,12,1463.6999999999998,12,1463.6999999999998,2opt,notBad
4138,12,1463.6999999999998,12,1463.6999999999998,move,improve
4139,12,1463.6999999999998,12,1463.6999999999998,swap,notBad
4140,12,1463.6999999999998,12,1463.6999999999998,swap,notBad
4141,12,1463.6999999999998,12,1463.6999999999998,2opt,notBad
4142,12,1463.6999999999998,12,1463.6999999999998,2opt,notBad
4143,12,1463.6999999999998,12,1463.6999999999998,swap,notBad
4144,12,1463.6999999999998,12,1463.6999999999998,2opt,notBad
4145,12,1463.6999999999998,12,1463.6999999999998,swap,notBad
4146,12,1463.6999999999998,12,1463.6999999999998,2opt,notBad
4147,12,1463.6999999999998,12,1463.6999999999998,move,improve
4148,12,1463.6999999999998,12,1463.6999999999998,swap,notBad
4149,12,1463.6999999999998,12,1463.6999999999998,swap,notBad
4150,12,1463.6999999999998,12,1463.6999999999998,swap,notBad
4151,12,1463.6999999999998,12,1463.6999999999998,swap,notBad
4152,12,1463.6999999999998,12,1463.6999999999998,move,improve
4153,12,1463.6999999999998,12,1463.6999999999998,2opt,notBad
4154,12,1463.6999999999998,12,1463.6999999999998,2opt,notBad
4155,12,1463.6999999999998,12,1463.6999999999998,move,improve
4156,12,1463.6999999999998,12,1463.6999999999998,move,improve
4157,12,1463.6999999999998,12,1463.6999999999998,2opt,improve
4158,12,1463.6999999999998,12,1463.6999999999998,2opt,notBad
4159,12,1463.6999999999998,12,1463.6999999999998,swap,notBad
4160,12,1463.6999999999998,12,1463.6999999999998,swap,notBad
4161,12,1463.6999999999998,12,1463.6999999999998,2opt,notBad
4162,12,1463.6999999999998,12,1463.6999999999998,2opt,notBad
4163,12,1461.3,12,1461.3,swap,newBest
4164,12,1461.3,12,1461.3,swap,notBad
4165,12,1461.3,12,1461.3,2opt,notBad
4166,12,1461.3,12,1461.3,move,improve
4167,12,1461.3,12,1461.3,swap,notBad
4168,12,1461.3,12,1461.3,move,improve
4169,12,1461.3,12,1461.3,2opt,notBad
4170,12,1461.3,12,1461.3,2opt,notBad
4171,12,1443.3,12,1443.3,move,newBest
4172,12,1443.3,12,1443.3,swap,notBad
4173,12,1443.3,12,1443.3,swap,notBad
4174,12,1443.3,12,1443.3,2opt,notBad
4175,12,1443.3,12,1443.3,move,improve
4176,12,1443.3,12,1443.3,swap,notBad
4177,12,1437.1999999999998,12,1437.1999999999998,move,newBest
4178,12,1437.1999999999998,12,1437.1999999999998,swap,notBad
4179,12,1437.1999999999998,12,1437.1999999999998,move,improve
4180,12,1437.1999999999998,12,1437.1999999999998,swap,notBad
4181,12,1436.3999999999999,12,1436.3999999999999,swap,newBest
4182,12,1436.3999999999999,12,1436.3999999999999,move,improve
4183,12,1436.3999999999999,12,1436.3999999999999,2opt,notBad
4184,12,1436.3999999999999,12,1436.3999999999999,2opt,notBad
4185,12,1436.3999999999999,12,1436.3999999999999,2opt,notBad
4186,12,1436.3999999999999,12,1436.3999999999999,move,improve
4187,12,1436.3999999999999,12,1436.3999999999999,2opt,notBad
4188,12,1436.3999999999999,12,1436.3999999999999,move,improve
4189,12,1430.5999999999997,12,1430.5999999999997,move,newBest
4190,12,1430.5999999999997,12,1430.5999999999997,swap,notBad
4191,12,1430.5999999999997,12,1430.5999999999997,2opt,notBad
4192,12,1430.5999999999997,12,1430.5999999999997,2opt,notBad
4193,12,1430.5999999999997,12,1430.5999999999997,2opt,notBad
4194,12,1430.5999999999997,12,1430.5999999999997,move,improve
4195,12,1430.5999999999997,12,1430.5999999999997,swap,notBad
4196,12,1430.5999999999997,12,1430.5999999999997,swap,notBad
4197,12,1430.5999999999997,12,1430.5999999999997,move,improve
4198,12,1430.5999999999997,12,1430.5999999999997,swap,notBad
4199,12,1429.6,12,1429.6,move,newBest
4200,12,1429.6,12,1429.6,swap,notBad
4201,12,1424.6,12,1424.6,2opt,newBest
4202,12,1424.4999999999998,12,1424.4999999999998,move,newBest
4203,12,1424.4999999999998,12,1424.4999999999998,2opt,notBad
4204,12,1424.4999999999998,12,1424.4999999999998,move,improve
4205,12,1424.4999999999998,12,1424.4999999999998,2opt,notBad
4206,12,1424.4999999999998,12,1424.4999999999998,2opt,notBad
4207,12,1424.4999999999998,12,1424.4999999999998,swap,notBad
4208,12,1424.4999999999998,12,1424.4999999999998,swap,notBad
4209,12,1424.0,12,1424.0,move,newBest
4210,12,1424.0,12,1424.0,2opt,notBad
4211,12,1424.0,12,1424.0,2opt,notBad
4212,12,1424.0,12,1424.0,2opt,notBad
4213,12,1425.8,12,1424.0,swap,acceptBad
4214,12,1425.8,12,1424.0,2opt,notBad
4215,12,1427.9999999999995,12,1424.0,2opt,acceptBad
4216,12,1435.4999999999995,12,1424.0,swap,acceptBad
4217,12,1435.4999999999995,12,1424.0,swap,notBad
4218,12,1435.4999999999995,12,1424.0,2opt,notBad
4219,12,1435.4999999999995,12,1424.0,move,improve
4220,12,1435.4999999999995,12,1424.0,move,improve
4221,12,1435.4999999999995,12,1424.0,2opt,notBad
4222,12,1435.4999999999995,12,1424.0,2opt,notBad
4223,12,1435.4999999999995,12,1424.0,2opt,notBad
4224,12,1435.4999999999995,12,1424.0,move,improve
4225,12,1435.4999999999995,12,1424.0,2opt,improve
4226,12,1435.4999999999995,12,1424.0,2opt,notBad
4227,12,1435.4999999999995,12,1424.0,2opt,notBad
4228,12,1430.5999999999995,12,1424.0,move,improve
4229,12,1430.5999999999995,12,1424.0,swap,notBad
4230,12,1430.5999999999995,12,1424.0,2opt,notBad
4231,12,1430.5999999999995,12,1424.0,swap,notBad
4232,12,1430.5999999999995,12,1424.0,2opt,notBad
4233,12,1430.5999999999995,12,1424.0,swap,notBad
4234,12,1430.5999999999995,12,1424.0,2opt,notBad
4235,12,1430.5999999999995,12,1424.0,move,improve
4236,12,1427.6999999999994,12,1424.0,move,improve
4237,12,1427.6999999999994,12,1424.0,move,improve
4238,12,1427.6999999999994,12,1424.0,2opt,notBad
4239,12,1427.6999999999994,12,1424.0,move,improve
4240,12,1427.6999999999994,12,1424.0,swap,notBad
4241,12,1427.6999999999994,12,1424.0,2opt,notBad
4242,12,1425.9999999999993,12,1424.0,move,improve
4243,12,1425.5999999999992,12,1424.0,move,improve
4244,12,1425.5999999999992,12,1424.0,2opt,notBad
4245,12,1425.5999999999992,12,1424.0,move,improve
4246,12,1425.5999999999992,12,1424.0,2opt,notBad
4247,12,1425.5999999999992,12,1424.0,swap,notBad
4248,12,1425.5999999999992,12,1424.0,move,improve
4249,12,1425.5999999999992,12,1424.0,move,improve
4250,12,1425.5999999999992,12,1424.0,swap,notBad
4251,12,1425.5999999999992,12,1424.0,2opt,notBad
4252,12,1424.6999999999994,12,1424.0,move,improve
4253,12,1424.6999999999994,12,1424.0,move,improve
4254,12,1424.6999999999994,12,1424.0,2opt,notBad
4255,12,1424.6999999999994,12,1424.0,2opt,improve
4256,12,1424.6999999999994,12,1424.0,2opt,notBad
4257,12,1424.6999999999994,12,1424.0,move,improve
4258,12,1424.6999999999994,12,1424.0,2opt,notBad
4259,12,1424.6999999999994,12,1424.0,move,improve
4260,12,1424.6999999999994,12,1424.0,swap,notBad
4261,12,1424.6999999999994,12,1424.0,move,improve
4262,12,1424.6999999999994,12,1424.0,2opt,notBad
4263,12,1424.6999999999994,12,1424.0,swap,notBad
4264,12,1424.6999999999994,12,1424.0,swap,notBad
4265,12,1424.6999999999994,12,1424.0,swap,notBad
4266,12,1424.6999999999994,12,1424.0,move,improve
4267,12,1424.6999999999994,12,1424.0,swap,notBad
4268,12,1424.6999999999994,12,1424.0,2opt,notBad
4269,12,1436.4999999999993,12,1424.0,swap,acceptBad
4270,12,1436.4999999999993,12,1424.0,2opt,notBad
4271,12,1436.4999999999993,12,1424.0,swap,notBad
4272,12,1436.4999999999993,12,1424.0,swap,notBad
4273,12,1436.4999999999993,12,1424.0,2opt,notBad
4274,12,1436.4999999999993,12,1424.0,swap,notBad
4275,12,1436.4999999999993,12,1424.0,swap,notBad
4276,12,1415.3999999999994,12,1415.3999999999994,move,newBest
4277,12,1415.3999999999994,12,1415.3999999999994,move,improve
4278,12,1415.3999999999994,12,1415.3999999999994,2opt,notBad
4279,12,1415.3999999999994,12,1415.3999999999994,swap,notBad
4280,12,1413.4999999999993,12,1413.4999999999993,move,newBest
4281,12,1413.4999999999993,12,1413.4999999999993,move,improve
4282,12,1413.4999999999993,12,1413.4999999999993,2opt,notBad
4283,12,1413.4999999999993,12,1413.4999999999993,2opt,notBad
4284,12,1413.4999999999993,12,1413.4999999999993,move,improve
4285,12,1413.4999999999993,12,1413.4999999999993,swap,notBad
4286,12,1413.4999999999993,12,1413.4999999999993,swap,notBad
4287,12,1413.4999999999993,12,1413.4999999999993,swap,notBad
4288,12,1413.4999999999993,12,1413.4999999999993,2opt,notBad
4289,12,1413.4999999999993,12,1413.4999999999993,swap,notBad
4290,12,1413.4999999999993,12,1413.4999999999993,move,improve
4291,12,1413.4999999999993,12,1413.4999999999993,swap,notBad
4292,12,1413.4999999999993,12,1413.4999999999993,swap,notBad
4293,12,1413.4999999999993,12,1413.4999999999993,2opt,notBad
4294,12,1413.4999999999993,12,1413.4999999999993,move,improve
4295,12,1413.4999999999993,12,1413.4999999999993,2opt,notBad
4296,12,1413.4999999999993,12,1413.4999999999993,2opt,improve
4297,12,1413.4999999999993,12,1413.4999999999993,move,improve
4298,12,1413.4999999999993,12,1413.4999999999993,swap,notBad
4299,12,1402.5000000000005,12,1402.5000000000005,2opt,newBest
4300,12,1402.5000000000005,12,1402.5000000000005,move,improve
4301,12,1402.5000000000005,12,1402.5000000000005,2opt,notBad
4302,12,1402.5000000000005,12,1402.5000000000005,2opt,improve
4303,12,1394.2000000000005,12,1394.2000000000005,move,newBest
4304,12,1394.2000000000005,12,1394.2000000000005,swap,notBad
4305,12,1394.2000000000005,12,1394.2000000000005,move,improve
4306,12,1394.2000000000005,12,1394.2000000000005,move,improve
4307,12,1394.2000000000005,12,1394.2000000000005,swap,notBad
4308,12,1394.2000000000005,12,1394.2000000000005,move,improve
4309,12,1394.2000000000005,12,1394.2000000000005,2opt,notBad
4310,12,1394.2000000000005,12,1394.2000000000005,swap,notBad
4311,12,1394.2000000000005,12,1394.2000000000005,swap,notBad
4312,12,1394.2000000000005,12,1394.2000000000005,swap,notBad
4313,12,1394.2000000000005,12,1394.2000000000005,2opt,notBad
4314,12,1394.2000000000005,12,1394.2000000000005,2opt,notBad
4315,12,1394.2000000000005,12,1394.2000000000005,2opt,notBad
4316,12,1394.2000000000005,12,1394.2000000000005,2opt,notBad
4317,12,1394.2000000000005,12,1394.2000000000005,swap,notBad
4318,12,1394.2000000000005,12,1394.2000000000005,swap,notBad
4319,12,1394.2000000000005,12,1394.2000000000005,2opt,notBad
4320,12,1394.2000000000005,12,1394.2000000000005,2opt,notBad
4321,12,1394.2000000000005,12,1394.2000000000005,swap,notBad
4322,12,1394.2000000000005,12,1394.2000000000005,swap,notBad
4323,12,1394.2000000000005,12,1394.2000000000005,2opt,notBad
4324,12,1394.2000000000005,12,1394.2000000000005,move,improve
4325,12,1394.2000000000005,12,1394.2000000000005,swap,notBad
4326,12,1394.2000000000005,12,1394.2000000000005,2opt,notBad
4327,12,1394.2000000000005,12,1394.2000000000005,2opt,improve
4328,12,1390.0000000000005,12,1390.0000000000005,move,newBest
4329,12,1390.0000000000005,12,1390.0000000000005,move,improve
4330,12,1390.0000000000005,12,1390.0000000000005,move,improve
4331,12,1390.0000000000005,12,1390.0000000000005,move,improve
4332,12,1390.0000000000005,12,1390.0000000000005,2opt,notBad
4333,12,1390.0000000000005,12,1390.0000000000005,move,improve
4334,12,1390.0000000000005,12,1390.0000000000005,2opt,notBad
4335,12,1390.0000000000005,12,1390.0000000000005,move,improve
4336,12,1390.0000000000005,12,1390.0000000000005,2opt,notBad
4337,12,1390.0000000000005,12,1390.0000000000005,swap,notBad
4338,12,1390.0000000000005,12,1390.0000000000005,move,improve
4339,12,1390.0000000000005,12,1390.0000000000005,swap,notBad
4340,12,1390.0000000000005,12,1390.0000000000005,swap,notBad
4341,12,1390.0000000000005,12,1390.0000000000005,swap,notBad
4342,12,1390.0000000000005,12,1390.0000000000005,2opt,notBad
4343,12,1390.0000000000005,12,1390.0000000000005,move,improve
4344,12,1390.0000000000005,12,1390.0000000000005,swap,notBad
4345,12,1392.8000000000004,12,1390.0000000000005,swap,acceptBad
4346,12,1392.8000000000004,12,1390.0000000000005,2opt,notBad
4347,12,1392.8000000000004,12,1390.0000000000005,swap,notBad
4348,12,1392.8000000000004,12,1390.0000000000005,swap,notBad
4349,12,1392.8000000000004,12,1390.0000000000005,swap,notBad
4350,12,1392.8000000000004,12,1390.0000000000005,swap,notBad
4351,12,1391.0000000000005,12,1390.0000000000005,move,improve
4352,12,1386.3000000000004,12,1386.3000000000004,move,newBest
4353,12,1386.3000000000004,12,1386.3000000000004,swap,notBad
4354,12,1386.3000000000004,12,1386.3000000000004,2opt,notBad
4355,12,1386.3000000000004,12,1386.3000000000004,swap,notBad
4356,12,1378.7000000000003,12,1378.7000000000003,move,newBest
4357,12,1378.7000000000003,12,1378.7000000000003,move,improve
4358,12,1378.7000000000003,12,1378.7000000000003,swap,notBad
4359,12,1378.7000000000003,12,1378.7000000000003,2opt,notBad
4360,12,1378.7000000000003,12,1378.7000000000003,2opt,notBad
4361,12,1378.7000000000003,12,1378.7000000000003,move,improve
4362,12,1378.7000000000003,12,1378.7000000000003,swap,notBad
4363,12,1378.7000000000003,12,1378.7000000000003,2opt,notBad
4364,12,1378.7000000000003,12,1378.7000000000003,move,improve
4365,12,1378.7000000000003,12,1378.7000000000003,swap,notBad
4366,12,1378.7000000000003,12,1378.7000000000003,swap,notBad
4367,12,1378.7000000000003,12,1378.7000000000003,swap,notBad
4368,12,1378.7000000000003,12,1378.7000000000003,move,improve
4369,12,1378.7000000000003,12,1378.7000000000003,swap,notBad
4370,12,1378.7000000000003,12,1378.7000000000003,move,improve
4371,12,1378.7000000000003,12,1378.7000000000003,swap,notBad
4372,12,1378.7000000000003,12,1378.7000000000003,move,improve
4373,12,1378.7000000000003,12,1378.7000000000003,2opt,notBad
4374,12,1378.7000000000003,12,1378.7000000000003,swap,notBad
4375,12,1378.7000000000003,12,1378.7000000000003,swap,notBad
4376,12,1378.7000000000003,12,1378.7000000000003,swap,notBad
4377,12,1378.7000000000003,12,1378.7000000000003,swap,notBad
4378,12,1378.7000000000003,12,1378.7000000000003,move,improve
4379,12,1378.7000000000003,12,1378.7000000000003,swap,notBad
4380,12,1378.7000000000003,12,1378.7000000000003,swap,notBad
4381,12,1378.7000000000003,12,1378.7000000000003,2opt,notBad
4382,12,1378.7000000000003,12,1378.7000000000003,move,improve
4383,12,1378.7000000000003,12,1378.7000000000003,2opt,notBad
4384,12,1378.7000000000003,12,1378.7000000000003,swap,notBad
4385,12,1378.7000000000003,12,1378.7000000000003,swap,notBad
4386,12,1378.7000000000003,12,1378.7000000000003,2opt,notBad
4387,12,1378.7000000000003,12,1378.7000000000003,2opt,notBad
4388,12,1378.7000000000003,12,1378.7000000000003,swap,notBad
4389,12,1378.7000000000003,12,1378.7000000000003,swap,notBad
4390,12,1378.7000000000003,12,1378.7000000000003,2opt,notBad
4391,12,1378.7000000000003,12,1378.7000000000003,2opt,notBad
4392,12,1378.7000000000003,12,1378.7000000000003,2opt,notBad
4393,12,1378.7000000000003,12,1378.7000000000003,swap,notBad
4394,12,1378.7000000000003,12,1378.7000000000003,swap,notBad
4395,12,1378.7000000000003,12,1378.7000000000003,move,improve
4396,12,1378.7000000000003,12,1378.7000000000003,move,improve
4397,12,1378.7000000000003,12,1378.7000000000003,move,improve
4398,12,1378.7000000000003,12,1378.7000000000003,swap,notBad
4399,12,1378.7000000000003,12,1378.7000000000003,2opt,notBad
4400,12,1378.7000000000003,12,1378.7000000000003,move,improve
4401,12,1378.7000000000003,12,1378.7000000000003,swap,notBad
4402,12,1378.7000000000003,12,1378.7000000000003,swap,notBad
4403,12,1378.7000000000003,12,1378.7000000000003,2opt,notBad
4404,12,1378.7000000000003,12,1378.7000000000003,move,improve
4405,12,1378.7000000000003,12,1378.7000000000003,swap,notBad
4406,12,1378.7000000000003,12,1378.7000000000003,swap,notBad
4407,12,1378.7000000000003,12,1378.7000000000003,2opt,notBad
4408,12,1378.7000000000003,12,1378.7000000000003,move,improve
4409,12,1378.7000000000003,12,1378.7000000000003,swap,notBad
4410,12,1378.7000000000003,12,1378.7000000000003,move,improve
4411,12,1378.7000000000003,12,1378.7000000000003,2opt,notBad
4412,12,1378.7000000000003,12,1378.7000000000003,swap,notBad
4413,12,1378.7000000000003,12,1378.7000000000003,swap,notBad
4414,12,1378.7000000000003,12,1378.7000000000003,swap,notBad
4415,12,1382.5000000000005,12,1378.7000000000003,swap,acceptBad
4416,12,1382.5000000000005,12,1378.7000000000003,move,improve
4417,12,1382.5000000000005,12,1378.7000000000003,move,improve
4418,12,1382.5000000000005,12,1378.7000000000003,2opt,notBad
4419,12,1382.5000000000005,12,1378.7000000000003,swap,notBad
4420,12,1382.5000000000005,12,1378.7000000000003,swap,notBad
4421,12,1379.3000000000004,12,1378.7000000000003,move,improve
4422,12,1379.3000000000004,12,1378.7000000000003,move,improve
4423,12,1379.3000000000004,12,1378.7000000000003,2opt,notBad
4424,12,1383.3000000000004,12,1378.7000000000003,swap,acceptBad
4425,12,1383.3000000000004,12,1378.7000000000003,2opt,notBad
4426,12,1383.3000000000004,12,1378.7000000000003,swap,notBad
4427,12,1383.3000000000004,12,1378.7000000000003,2opt,notBad
4428,12,1383.3000000000004,12,1378.7000000000003,swap,notBad
4429,12,1383.3000000000004,12,1378.7000000000003,2opt,notBad
4430,12,1383.3000000000004,12,1378.7000000000003,2opt,notBad
4431,12,1383.3000000000004,12,1378.7000000000003,2opt,notBad
4432,12,1383.3000000000004,12,1378.7000000000003,move,improve
4433,12,1383.3000000000004,12,1378.7000000000003,move,improve
4434,12,1383.3000000000004,12,1378.7000000000003,swap,notBad
4435,12,1383.3000000000004,12,1378.7000000000003,swap,notBad
4436,12,1383.3000000000004,12,1378.7000000000003,2opt,notBad
4437,12,1383.3000000000004,12,1378.7000000000003,2opt,notBad
4438,12,1390.5000000000005,12,1378.7000000000003,swap,acceptBad
4439,12,1390.5000000000005,12,1378.7000000000003,2opt,notBad
4440,12,1390.5000000000005,12,1378.7000000000003,2opt,notBad
4441,12,1390.5000000000005,12,1378.7000000000003,2opt,notBad
4442,12,1390.5000000000005,12,1378.7000000000003,swap,notBad
4443,12,1390.5000000000005,12,1378.7000000000003,2opt,notBad
4444,12,1390.5000000000005,12,1378.7000000000003,swap,notBad
4445,12,1390.5000000000005,12,1378.7000000000003,2opt,notBad
4446,12,1390.5000000000005,12,1378.7000000000003,move,improve
4447,12,1386.2000000000003,12,1378.7000000000003,move,improve
4448,12,1386.2000000000003,12,1378.7000000000003,swap,notBad
4449,12,1386.2000000000003,12,1378.7000000000003,swap,notBad
4450,12,1386.2000000000003,12,1378.7000000000003,2opt,notBad
4451,12,1386.2000000000003,12,1378.7000000000003,2opt,notBad
4452,12,1386.2000000000003,12,1378.7000000000003,2opt,notBad
4453,12,1386.2000000000003,12,1378.7000000000003,swap,notBad
4454,12,1386.2000000000003,12,1378.7000000000003,move,improve
4455,12,1386.2000000000003,12,1378.7000000000003,2opt,notBad
4456,12,1375.0000000000002,12,1375.0000000000002,move,newBest
4457,12,1382.3000000000002,12,1375.0000000000002,swap,acceptBad
4458,12,1387.1000000000004,12,1375.0000000000002,swap,acceptBad
4459,12,1387.1000000000004,12,1375.0000000000002,swap,notBad
4460,12,1387.1000000000004,12,1375.0000000000002,move,improve
4461,12,1387.1000000000004,12,1375.0000000000002,2opt,notBad
4462,12,1387.1000000000004,12,1375.0000000000002,move,improve
4463,12,1387.1000000000004,12,1375.0000000000002,2opt,notBad
4464,12,1387.1000000000004,12,1375.0000000000002,2opt,notBad
4465,12,1387.1000000000004,12,1375.0000000000002,move,improve
4466,12,1387.1000000000004,12,1375.0000000000002,swap,notBad
4467,12,1387.3000000000002,12,1375.0000000000002,swap,acceptBad
4468,12,1383.9,12,1375.0000000000002,move,improve
4469,12,1383.9,12,1375.0000000000002,move,improve
4470,12,1383.9,12,1375.0000000000002,move,improve
4471,12,1383.9,12,1375.0000000000002,2opt,notBad
4472,12,1383.9,12,1375.0000000000002,swap,notBad
4473,12,1383.9,12,1375.0000000000002,move,improve
4474,12,1383.9,12,1375.0000000000002,swap,notBad
4475,12,1381.3000000000002,12,1375.0000000000002,move,improve
4476,12,1380.8000000000002,12,1375.0000000000002,move,improve
4477,12,1380.8000000000002,12,1375.0000000000002,swap,notBad
4478,12,1380.8000000000002,12,1375.0000000000002,move,improve
4479,12,1373.4000000000003,12,1373.4000000000003,move,newBest
4480,12,1375.3000000000002,12,1373.4000000000003,swap,acceptBad
4481,12,1375.3000000000002,12,1373.4000000000003,swap,notBad
4482,12,1375.3000000000002,12,1373.4000000000003,2opt,notBad
4483,12,1375.3000000000002,12,1373.4000000000003,move,improve
4484,12,1374.8000000000002,12,1373.4000000000003,move,improve
4485,12,1374.8000000000002,12,1373.4000000000003,swap,notBad
4486,12,1374.8000000000002,12,1373.4000000000003,2opt,notBad
4487,12,1374.8000000000002,12,1373.4000000000003,2opt,notBad
4488,12,1374.8000000000002,12,1373.4000000000003,2opt,notBad
4489,12,1374.8000000000002,12,1373.4000000000003,2opt,notBad
4490,12,1374.8000000000002,12,1373.4000000000003,move,improve
4491,12,1374.8000000000002,12,1373.4000000000003,move,improve
4492,12,1374.8000000000002,12,1373.4000000000003,move,improve
4493,12,1374.8000000000002,12,1373.4000000000003,2opt,notBad
4494,12,1374.8000000000002,12,1373.4000000000003,2opt,notBad
4495,12,1374.8000000000002,12,1373.4000000000003,move,improve
4496,12,1374.8000000000002,12,1373.4000000000003,2opt,notBad
4497,12,1374.8000000000002,12,1373.4000000000003,move,improve
4498,12,1374.8000000000002,12,1373.4000000000003,2opt,notBad
4499,12,1374.8000000000002,12,1373.4000000000003,swap,notBad
4500,12,1374.8000000000002,12,1373.4000000000003,swap,notBad
4501,12,1374.8000000000002,12,1373.4000000000003,swap,notBad
4502,12,1374.8000000000002,12,1373.4000000000003,move,improve
4503,12,1374.8000000000002,12,1373.4000000000003,2opt,notBad
4504,12,1374.8000000000002,12,1373.4000000000003,2opt,notBad
4505,12,1370.2,12,1370.2,move,newBest
4506,12,1370.2,12,1370.2,2opt,notBad
4507,12,1370.2,12,1370.2,2opt,notBad
4508,12,1370.2,12,1370.2,move,improve
4509,12,1370.2,12,1370.2,move,improve
4510,12,1370.2,12,1370.2,swap,notBad
4511,12,1370.2,12,1370.2,swap,notBad
4512,12,1370.2,12,1370.2,2opt,notBad
4513,12,1370.2,12,1370.2,2opt,notBad
4514,12,1370.2,12,1370.2,2opt,improve
4515,12,1370.2,12,1370.2,swap,notBad
4516,12,1370.2,12,1370.2,move,improve
4517,12,1370.2,12,1370.2,2opt,notBad
4518,12,1370.2,12,1370.2,move,improve
4519,12,1370.2,12,1370.2,swap,notBad
4520,12,1370.2,12,1370.2,move,improve
4521,12,1370.2,12,1370.2,move,improve
4522,12,1370.2,12,1370.2,move,improve
4523,12,1370.2,12,1370.2,move,improve
4524,12,1370.2,12,1370.2,swap,notBad
4525,12,1370.2,12,1370.2,2opt,notBad
4526,12,1370.2,12,1370.2,move,improve
4527,12,1370.2,12,1370.2,2opt,notBad
4528,12,1370.2,12,1370.2,move,improve
4529,12,1370.2,12,1370.2,2opt,notBad
4530,12,1370.2,12,1370.2,move,improve
4531,12,1370.2,12,1370.2,move,improve
4532,12,1370.2,12,1370.2,2opt,notBad
4533,12,1370.2,12,1370.2,2opt,notBad
4534,12,1370.2,12,1370.2,swap,notBad
4535,12,1370.2,12,1370.2,swap,notBad
4536,12,1370.2,12,1370.2,2opt,notBad
4537,12,1370.2,12,1370.2,swap,notBad
4538,12,1370.2,12,1370.2,move,improve
4539,12,1370.2,12,1370.2,swap,notBad
4540,12,1370.2,12,1370.2,move,improve
4541,12,1370.2,12,1370.2,swap,notBad
4542,12,1370.2,12,1370.2,move,improve
4543,12,1370.2,12,1370.2,2opt,notBad
4544,12,1370.2,12,1370.2,move,improve
4545,12,1370.2,12,1370.2,swap,notBad
4546,12,1370.2,12,1370.2,2opt,notBad
4547,12,1370.2,12,1370.2,2opt,notBad
4548,12,1370.2,12,1370.2,2opt,notBad
4549,12,1370.2,12,1370.2,2opt,notBad
4550,12,1370.2,12,1370.2,swap,notBad
4551,12,1370.2,12,1370.2,2opt,notBad
4552,12,1370.2,12,1370.2,move,improve
4553,12,1370.2,12,1370.2,2opt,notBad
4554,12,1370.2,12,1370.2,2opt,notBad
4555,12,1370.2,12,1370.2,swap,notBad
4556,12,1370.2,12,1370.2,2opt,notBad
4557,12,1370.2,12,1370.2,2opt,notBad
4558,12,1371.5000000000002,12,1370.2,swap,acceptBad
4559,12,1371.5000000000002,12,1370.2,swap,notBad
4560,12,1371.5000000000002,12,1370.2,2opt,notBad
4561,12,1371.5000000000002,12,1370.2,2opt,notBad
4562,12,1371.5000000000002,12,1370.2,2opt,notBad
4563,12,1371.5000000000002,12,1370.2,swap,notBad
4564,12,1371.5000000000002,12,1370.2,move,improve
4565,12,1371.5000000000002,12,1370.2,move,improve
4566,12,1371.5000000000002,12,1370.2,swap,notBad
4567,12,1371.5000000000002,12,1370.2,swap,notBad
4568,12,1371.5000000000002,12,1370.2,swap,notBad
4569,12,1371.5000000000002,12,1370.2,2opt,notBad
4570,12,1371.5000000000002,12,1370.2,2opt,notBad
4571,12,1371.5000000000002,12,1370.2,2opt,notBad
4572,12,1371.5000000000002,12,1370.2,move,improve
4573,12,1371.5000000000002,12,1370.2,move,improve
4574,12,1370.2,12,1370.2,move,improve
4575,12,1370.2,12,1370.2,2opt,notBad
4576,12,1370.2,12,1370.2,swap,notBad
4577,12,1370.2,12,1370.2,2opt,notBad
4578,12,1370.2,12,1370.2,move,improve
4579,12,1370.2,12,1370.2,move,improve
4580,12,1369.9,12,1369.9,move,newBest
4581,12,1369.9,12,1369.9,2opt,notBad
4582,12,1369.9,12,1369.9,swap,notBad
4583,12,1369.9,12,1369.9,2opt,notBad
4584,12,1369.9,12,1369.9,2opt,notBad
4585,12,1369.9,12,1369.9,move,improve
4586,12,1369.9,12,1369.9,move,improve
4587,12,1369.9,12,1369.9,2opt,notBad
4588,12,1369.3,12,1369.3,move,newBest
4589,12,1369.3,12,1369.3,move,improve
4590,12,1369.3,12,1369.3,move,improve
4591,12,1369.3,12,1369.3,swap,notBad
4592,12,1369.3,12,1369.3,swap,notBad
4593,12,1369.3,12,1369.3,swap,notBad
4594,12,1369.3,12,1369.3,move,improve
4595,12,1369.3,12,1369.3,move,improve
4596,12,1368.8,12,1368.8,move,newBest
4597,12,1368.8,12,1368.8,swap,notBad
4598,12,1368.8,12,1368.8,swap,notBad
4599,12,1368.8,12,1368.8,swap,notBad
4600,12,1368.8,12,1368.8,swap,notBad
4601,12,1368.8,12,1368.8,move,improve
4602,12,1371.6000000000001,12,1368.8,swap,acceptBad
4603,12,1371.6000000000001,12,1368.8,2opt,notBad
4604,12,1371.6000000000001,12,1368.8,2opt,notBad
4605,12,1371.6000000000001,12,1368.8,swap,notBad
4606,12,1371.6000000000001,12,1368.8,2opt,notBad
4607,12,1371.6000000000001,12,1368.8,2opt,notBad
4608,12,1371.6000000000001,12,1368.8,move,improve
4609,12,1371.6000000000001,12,1368.8,2opt,notBad
4610,12,1371.6000000000001,12,1368.8,swap,notBad
4611,12,1371.6000000000001,12,1368.8,swap,notBad
4612,12,1371.6000000000001,12,1368.8,2opt,notBad
4613,12,1371.6000000000001,12,1368.8,swap,notBad
4614,12,1371.6000000000001,12,1368.8,move,improve
4615,12,1371.6000000000001,12,1368.8,2opt,notBad
4616,12,1371.6000000000001,12,1368.8,2opt,notBad
4617,12,1366.8000000000002,12,1366.8000000000002,move,newBest
4618,12,1373.9,12,1366.8000000000002,swap,acceptBad
4619,12,1373.9,12,1366.8000000000002,2opt,notBad
4620,12,1373.9,12,1366.8000000000002,swap,notBad
4621,12,1373.9,12,1366.8000000000002,2opt,notBad
4622,12,1373.9,12,1366.8000000000002,move,improve
4623,12,1373.9,12,1366.8000000000002,move,improve
4624,12,1373.9,12,1366.8000000000002,2opt,notBad
4625,12,1373.9,12,1366.8000000000002,swap,notBad
4626,12,1373.9,12,1366.8000000000002,2opt,improve
4627,12,1373.9,12,1366.8000000000002,swap,notBad
4628,12,1373.9,12,1366.8000000000002,move,improve
4629,12,1373.9,12,1366.8000000000002,2opt,notBad
4630,12,1373.9,12,1366.8000000000002,move,improve
4631,12,1373.9,12,1366.8000000000002,2opt,notBad
4632,12,1373.9,12,1366.8000000000002,2opt,notBad
4633,12,1373.9,12,1366.8000000000002,move,improve
4634,12,1373.9,12,1366.8000000000002,swap,notBad
4635,12,1369.9,12,1366.8000000000002,swap,improve
4636,12,1369.9,12,1366.8000000000002,swap,notBad
4637,12,1369.9,12,1366.8000000000002,swap,notBad
4638,12,1369.9,12,1366.8000000000002,2opt,improve
4639,12,1369.9,12,1366.8000000000002,move,improve
4640,12,1369.9,12,1366.8000000000002,swap,notBad
4641,12,1369.9,12,1366.8000000000002,move,improve
4642,12,1369.9,12,1366.8000000000002,2opt,notBad
4643,12,1369.9,12,1366.8000000000002,2opt,notBad
4644,12,1369.9,12,1366.8000000000002,swap,notBad
4645,12,1369.9,12,1366.8000000000002,move,improve
4646,12,1368.9,12,1366.8000000000002,move,improve
4647,12,1368.9,12,1366.8000000000002,move,improve
4648,12,1368.9,12,1366.8000000000002,move,improve
4649,12,1368.9,12,1366.8000000000002,2opt,notBad
4650,12,1368.3,12,1366.8000000000002,move,improve
4651,12,1368.3,12,1366.8000000000002,move,improve
4652,12,1368.3,12,1366.8000000000002,swap,notBad
4653,12,1368.3,12,1366.8000000000002,swap,notBad
4654,12,1368.3,12,1366.8000000000002,swap,notBad
4655,12,1368.3,12,1366.8000000000002,move,improve
4656,12,1368.3,12,1366.8000000000002,move,improve
4657,12,1368.3,12,1366.8000000000002,2opt,notBad
4658,12,1368.3,12,1366.8000000000002,swap,notBad
4659,12,1367.9,12,1366.8000000000002,move,improve
4660,12,1367.9,12,1366.8000000000002,swap,notBad
4661,12,1367.9,12,1366.8000000000002,2opt,notBad
4662,12,1367.9,12,1366.8000000000002,swap,notBad
4663,12,1367.9,12,1366.8000000000002,move,improve
4664,12,1367.9,12,1366.8000000000002,swap,notBad
4665,12,1367.9,12,1366.8000000000002,move,improve
4666,12,1367.9,12,1366.8000000000002,move,improve
4667,12,1364.0000000000002,12,1364.0000000000002,move,newBest
4668,12,1364.0000000000002,12,1364.0000000000002,move,improve
4669,12,1364.0000000000002,12,1364.0000000000002,swap,notBad
4670,12,1364.0000000000002,12,1364.0000000000002,2opt,improve
4671,12,1364.0000000000002,12,1364.0000000000002,2opt,notBad
4672,12,1364.0000000000002,12,1364.0000000000002,swap,notBad
4673,12,1362.0000000000002,12,1362.0000000000002,move,newBest
4674,12,1362.0000000000002,12,1362.0000000000002,swap,notBad
4675,12,1362.0000000000002,12,1362.0000000000002,move,improve
4676,12,1362.0000000000002,12,1362.0000000000002,2opt,notBad
4677,12,1362.0000000000002,12,1362.0000000000002,swap,notBad
4678,12,1362.0000000000002,12,1362.0000000000002,2opt,notBad
4679,12,1362.0000000000002,12,1362.0000000000002,swap,notBad
4680,12,1362.0000000000002,12,1362.0000000000002,swap,notBad
4681,12,1362.0000000000002,12,1362.0000000000002,swap,notBad
4682,12,1362.0000000000002,12,1362.0000000000002,2opt,notBad
4683,12,1362.0000000000002,12,1362.0000000000002,2opt,notBad
4684,12,1362.0000000000002,12,1362.0000000000002,2opt,notBad
4685,12,1362.0000000000002,12,1362.0000000000002,swap,notBad
4686,12,1362.0000000000002,12,1362.0000000000002,swap,notBad
4687,12,1362.0000000000002,12,1362.0000000000002,move,improve
4688,12,1362.0000000000002,12,1362.0000000000002,swap,notBad
4689,12,1355.8000000000002,12,1355.8000000000002,move,newBest
4690,12,1355.8000000000002,12,1355.8000000000002,move,improve
4691,12,1355.8000000000002,12,1355.8000000000002,swap,notBad
4692,12,1355.8000000000002,12,1355.8000000000002,swap,notBad
4693,12,1355.8000000000002,12,1355.8000000000002,move,improve
4694,12,1355.8000000000002,12,1355.8000000000002,move,improve
4695,12,1355.8000000000002,12,1355.8000000000002,swap,notBad
4696,12,1355.8000000000002,12,1355.8000000000002,swap,notBad
4697,12,1350.0,12,1350.0,move,newBest
4698,12,1350.0,12,1350.0,swap,notBad
4699,12,1350.0,12,1350.0,move,improve
4700,12,1350.0,12,1350.0,swap,notBad
4701,12,1350.0,12,1350.0,swap,notBad
4702,12,1350.0,12,1350.0,move,improve
4703,12,1350.0,12,1350.0,move,improve
4704,12,1350.0,12,1350.0,2opt,notBad
4705,12,1350.0,12,1350.0,swap,notBad
4706,12,1353.8,12,1350.0,swap,acceptBad
4707,12,1353.8,12,1350.0,2opt,notBad
4708,12,1353.8,12,1350.0,move,improve
4709,12,1353.8,12,1350.0,swap,notBad
4710,12,1354.3,12,1350.0,move,acceptBad
4711,12,1354.3,12,1350.0,swap,notBad
4712,12,1353.8,12,1350.0,move,improve
4713,12,1353.8,12,1350.0,swap,notBad
4714,12,1353.8,12,1350.0,2opt,notBad
4715,12,1353.8,12,1350.0,swap,notBad
4716,12,1353.8,12,1350.0,move,improve
4717,12,1353.8,12,1350.0,swap,notBad
4718,12,1353.8,12,1350.0,swap,notBad
4719,12,1353.8,12,1350.0,2opt,notBad
4720,12,1353.8,12,1350.0,move,improve
4721,12,1353.8,12,1350.0,swap,notBad
4722,12,1353.8,12,1350.0,move,improve
4723,12,1353.8,12,1350.0,move,improve
4724,12,1353.8,12,1350.0,swap,notBad
4725,12,1353.8,12,1350.0,move,improve
4726,12,1353.8,12,1350.0,swap,notBad
4727,12,1353.8,12,1350.0,2opt,notBad
4728,12,1353.8,12,1350.0,2opt,notBad
4729,12,1353.8,12,1350.0,2opt,notBad
4730,12,1353.8,12,1350.0,move,improve
4731,12,1353.8,12,1350.0,2opt,improve
4732,12,1353.8,12,1350.0,2opt,improve
4733,12,1353.8,12,1350.0,swap,notBad
4734,12,1353.8,12,1350.0,2opt,notBad
4735,12,1353.6999999999998,12,1350.0,move,improve
4736,12,1353.6999999999998,12,1350.0,move,improve
4737,12,1353.6999999999998,12,1350.0,2opt,notBad
4738,12,1353.6999999999998,12,1350.0,2opt,notBad
4739,12,1353.6999999999998,12,1350.0,2opt,notBad
4740,12,1353.6999999999998,12,1350.0,swap,notBad
4741,12,1353.6999999999998,12,1350.0,2opt,notBad
4742,12,1355.5,12,1350.0,swap,acceptBad
4743,12,1355.5,12,1350.0,move,improve
4744,12,1355.5,12,1350.0,swap,notBad
4745,12,1355.5,12,1350.0,move,improve
4746,12,1355.5,12,1350.0,swap,notBad
4747,12,1355.5,12,1350.0,2opt,notBad
4748,12,1355.5,12,1350.0,swap,notBad
4749,12,1355.5,12,1350.0,swap,notBad
4750,12,1355.5,12,1350.0,move,improve
4751,12,1355.5,12,1350.0,2opt,notBad
4752,12,1355.5,12,1350.0,2opt,notBad
4753,12,1355.5,12,1350.0,swap,notBad
4754,12,1355.5,12,1350.0,swap,notBad
4755,12,1355.5,12,1350.0,swap,notBad
4756,12,1355.5,12,1350.0,move,improve
4757,12,1355.5,12,1350.0,move,improve
4758,12,1355.5,12,1350.0,swap,notBad
4759,12,1355.5,12,1350.0,2opt,notBad
4760,12,1355.5,12,1350.0,swap,notBad
4761,12,1355.5,12,1350.0,2opt,notBad
4762,12,1355.5,12,1350.0,2opt,notBad
4763,12,1355.5,12,1350.0,2opt,notBad
4764,12,1355.5,12,1350.0,move,improve
4765,12,1355.5,12,1350.0,swap,notBad
4766,12,1355.5,12,1350.0,move,improve
4767,12,1355.5,12,1350.0,2opt,notBad
4768,12,1355.5,12,1350.0,2opt,notBad
4769,12,1355.5,12,1350.0,2opt,notBad
4770,12,1355.5,12,1350.0,2opt,notBad
4771,12,1355.5,12,1350.0,move,improve
4772,12,1355.5,12,1350.0,swap,notBad
4773,12,1355.5,12,1350.0,move,improve
4774,12,1355.5,12,1350.0,move,improve
4775,12,1355.5,12,1350.0,move,improve
4776,12,1355.5,12,1350.0,swap,notBad
4777,12,1355.5,12,1350.0,move,improve
4778,12,1355.5,12,1350.0,swap,notBad
4779,12,1355.4,12,1350.0,move,improve
4780,12,1355.4,12,1350.0,2opt,notBad
4781,12,1355.4,12,1350.0,2opt,notBad
4782,12,1355.4,12,1350.0,2opt,notBad
4783,12,1355.4,12,1350.0,2opt,improve
4784,12,1355.4,12,1350.0,2opt,notBad
4785,12,1355.4,12,1350.0,swap,notBad
4786,12,1355.4,12,1350.0,swap,notBad
4787,12,1355.4,12,1350.0,2opt,notBad
4788,12,1356.9,12,1350.0,swap,acceptBad
4789,12,1358.8,12,1350.0,swap,acceptBad
4790,12,1358.8,12,1350.0,move,improve
4791,12,1358.8,12,1350.0,swap,notBad
4792,12,1358.8,12,1350.0,move,improve
4793,12,1358.8,12,1350.0,2opt,improve
4794,12,1358.8,12,1350.0,swap,notBad
4795,12,1358.8,12,1350.0,swap,notBad
4796,12,1358.3999999999999,12,1350.0,move,improve
4797,12,1358.3999999999999,12,1350.0,swap,notBad
4798,12,1358.3999999999999,12,1350.0,move,improve
4799,12,1358.3999999999999,12,1350.0,2opt,notBad
4800,12,1358.3999999999999,12,1350.0,swap,notBad
4801,12,1358.3999999999999,12,1350.0,swap,notBad
4802,12,1358.3999999999999,12,1350.0,2opt,notBad
4803,12,1358.3999999999999,12,1350.0,move,improve
4804,12,1358.3999999999999,12,1350.0,2opt,improve
4805,12,1358.3999999999999,12,1350.0,move,improve
4806,12,1358.3999999999999,12,1350.0,swap,notBad
4807,12,1358.3999999999999,12,1350.0,2opt,notBad
4808,12,1358.3999999999999,12,1350.0,2opt,notBad
4809,12,1358.3999999999999,12,1350.0,2opt,notBad
4810,12,1358.3999999999999,12,1350.0,2opt,notBad
4811,12,1358.3999999999999,12,1350.0,swap,notBad
4812,12,1358.3999999999999,12,1350.0,move,improve
4813,12,1358.3999999999999,12,1350.0,swap,notBad
4814,12,1358.3999999999999,12,1350.0,swap,notBad
4815,12,1358.3999999999999,12,1350.0,move,improve
4816,12,1358.3999999999999,12,1350.0,2opt,notBad
4817,12,1358.3999999999999,12,1350.0,move,improve
4818,12,1358.3999999999999,12,1350.0,2opt,notBad
4819,12,1358.3999999999999,12,1350.0,2opt,notBad
4820,12,1358.3999999999999,12,1350.0,2opt,notBad
4821,12,1358.3999999999999,12,1350.0,move,improve
4822,12,1358.3999999999999,12,1350.0,2opt,notBad
4823,12,1358.3999999999999,12,1350.0,swap,notBad
4824,12,1358.3999999999999,12,1350.0,move,improve
4825,12,1358.3999999999999,12,1350.0,2opt,notBad
4826,12,1358.3999999999999,12,1350.0,move,improve
4827,12,1358.3999999999999,12,1350.0,2opt,notBad
4828,12,1358.3999999999999,12,1350.0,2opt,improve
4829,12,1358.3999999999999,12,1350.0,move,improve
4830,12,1358.3999999999999,12,1350.0,swap,notBad
4831,12,1358.3999999999999,12,1350.0,2opt,notBad
4832,12,1358.3999999999999,12,1350.0,2opt,improve
4833,12,1358.3999999999999,12,1350.0,move,improve
4834,12,1358.3999999999999,12,1350.0,2opt,notBad
4835,12,1352.3999999999999,12,1350.0,2opt,improve
4836,12,1352.3999999999999,12,1350.0,2opt,notBad
4837,12,1352.3999999999999,12,1350.0,2opt,notBad
4838,12,1352.3999999999999,12,1350.0,swap,notBad
4839,12,1352.3999999999999,12,1350.0,2opt,notBad
4840,12,1352.3999999999999,12,1350.0,swap,notBad
4841,12,1352.3999999999999,12,1350.0,swap,notBad
4842,12,1352.3999999999999,12,1350.0,2opt,notBad
4843,12,1352.3999999999999,12,1350.0,swap,notBad
4844,12,1352.3999999999999,12,1350.0,2opt,notBad
4845,12,1352.3999999999999,12,1350.0,move,improve
4846,12,1352.3999999999999,12,1350.0,move,improve
4847,12,1352.3999999999999,12,1350.0,move,improve
4848,12,1352.3999999999999,12,1350.0,2opt,notBad
4849,12,1352.3999999999999,12,1350.0,2opt,notBad
4850,12,1352.3999999999999,12,1350.0,swap,notBad
4851,12,1352.3999999999999,12,1350.0,2opt,notBad
4852,12,1352.3999999999999,12,1350.0,2opt,notBad
4853,12,1352.3999999999999,12,1350.0,2opt,notBad
4854,12,1352.3999999999999,12,1350.0,move,improve
4855,12,1352.3999999999999,12,1350.0,move,improve
4856,12,1352.3999999999999,12,1350.0,move,improve
4857,12,1352.3999999999999,12,1350.0,2opt,notBad
4858,12,1352.3999999999999,12,1350.0,move,improve
4859,12,1352.3999999999999,12,1350.0,2opt,notBad
4860,12,1352.3999999999999,12,1350.0,2opt,notBad
4861,12,1352.3999999999999,12,1350.0,move,improve
4862,12,1352.3999999999999,12,1350.0,swap,notBad
4863,12,1352.3999999999999,12,1350.0,swap,notBad
4864,12,1352.3999999999999,12,1350.0,move,improve
4865,12,1348.5,12,1348.5,move,newBest
4866,12,1348.5,12,1348.5,move,improve
4867,12,1348.5,12,1348.5,2opt,notBad
4868,12,1348.5,12,1348.5,move,improve
4869,12,1348.5,12,1348.5,2opt,notBad
4870,12,1348.5,12,1348.5,2opt,notBad
4871,12,1348.5,12,1348.5,2opt,notBad
4872,12,1348.5,12,1348.5,move,improve
4873,12,1348.5,12,1348.5,swap,notBad
4874,12,1348.5,12,1348.5,2opt,improve
4875,12,1348.5,12,1348.5,swap,notBad
4876,12,1348.5,12,1348.5,swap,notBad
4877,12,1348.5,12,1348.5,2opt,notBad
4878,12,1348.5,12,1348.5,swap,notBad
4879,12,1348.5,12,1348.5,2opt,notBad
4880,12,1348.5,12,1348.5,swap,notBad
4881,12,1348.5,12,1348.5,move,improve
4882,12,1348.5,12,1348.5,swap,notBad
4883,12,1348.5,12,1348.5,2opt,notBad
4884,12,1348.5,12,1348.5,swap,notBad
4885,12,1348.5,12,1348.5,swap,notBad
4886,12,1348.5,12,1348.5,swap,notBad
4887,12,1348.5,12,1348.5,move,improve
4888,12,1348.5,12,1348.5,move,improve
4889,12,1348.5,12,1348.5,move,improve
4890,12,1348.5,12,1348.5,2opt,notBad
4891,12,1348.5,12,1348.5,swap,notBad
4892,12,1348.5,12,1348.5,2opt,notBad
4893,12,1348.5,12,1348.5,swap,notBad
4894,12,1348.5,12,1348.5,swap,notBad
4895,12,1348.5,12,1348.5,2opt,notBad
4896,12,1348.5,12,1348.5,move,improve
4897,12,1348.5,12,1348.5,swap,notBad
4898,12,1348.5,12,1348.5,2opt,notBad
4899,12,1348.5,12,1348.5,2opt,notBad
4900,12,1348.5,12,1348.5,2opt,notBad
4901,12,1348.5,12,1348.5,2opt,notBad
4902,12,1348.5,12,1348.5,move,improve
4903,12,1348.5,12,1348.5,swap,notBad
4904,12,1348.5,12,1348.5,move,improve
4905,12,1348.5,12,1348.5,2opt,notBad
4906,12,1348.5,12,1348.5,swap,notBad
4907,12,1353.3,12,1348.5,swap,acceptBad
4908,12,1353.3,12,1348.5,2opt,notBad
4909,12,1353.3,12,1348.5,move,improve
4910,12,1353.3,12,1348.5,move,improve
4911,12,1353.3,12,1348.5,move,improve
4912,12,1353.3,12,1348.5,move,improve
4913,12,1353.3,12,1348.5,swap,notBad
4914,12,1353.3,12,1348.5,move,improve
4915,12,1346.3,12,1346.3,move,newBest
4916,12,1346.3,12,1346.3,2opt,notBad
4917,12,1346.3,12,1346.3,move,improve
4918,12,1346.3,12,1346.3,swap,notBad
4919,12,1346.3,12,1346.3,move,improve
4920,12,1346.3,12,1346.3,2opt,notBad
4921,12,1346.3,12,1346.3,swap,notBad
4922,12,1346.3,12,1346.3,2opt,notBad
4923,12,1346.3,12,1346.3,2opt,notBad
4924,12,1346.3,12,1346.3,2opt,notBad
4925,12,1346.3,12,1346.3,move,improve
4926,12,1342.2000000000003,12,1342.2000000000003,move,newBest
4927,12,1342.2000000000003,12,1342.2000000000003,2opt,notBad
4928,12,1342.2000000000003,12,1342.2000000000003,2opt,notBad
4929,12,1342.2000000000003,12,1342.2000000000003,2opt,notBad
4930,12,1342.2000000000003,12,1342.2000000000003,move,improve
4931,12,1342.2000000000003,12,1342.2000000000003,swap,notBad
4932,12,1342.2000000000003,12,1342.2000000000003,2opt,notBad
4933,12,1342.2000000000003,12,1342.2000000000003,swap,notBad
4934,12,1342.2000000000003,12,1342.2000000000003,2opt,notBad
4935,12,1342.2000000000003,12,1342.2000000000003,move,improve
4936,12,1342.2000000000003,12,1342.2000000000003,move,improve
4937,12,1342.2000000000003,12,1342.2000000000003,2opt,notBad
4938,12,1342.2000000000003,12,1342.2000000000003,2opt,notBad
4939,12,1342.2000000000003,12,1342.2000000000003,2opt,notBad
4940,12,1342.2000000000003,12,1342.2000000000003,move,improve
4941,12,1342.2000000000003,12,1342.2000000000003,2opt,notBad
4942,12,1342.2000000000003,12,1342.2000000000003,2opt,notBad
4943,12,1342.2000000000003,12,1342.2000000000003,2opt,notBad
4944,12,1342.2000000000003,12,1342.2000000000003,move,improve
4945,12,1342.2000000000003,12,1342.2000000000003,swap,notBad
4946,12,1342.2000000000003,12,1342.2000000000003,swap,notBad
4947,12,1342.2000000000003,12,1342.2000000000003,swap,notBad
4948,12,1342.2000000000003,12,1342.2000000000003,move,improve
4949,12,1342.2000000000003,12,1342.2000000000003,move,improve
4950,12,1342.2000000000003,12,1342.2000000000003,move,improve
4951,12,1337.4,12,1337.4,move,newBest
4952,12,1337.4,12,1337.4,swap,notBad
4953,12,1337.4,12,1337.4,2opt,notBad
4954,12,1337.4,12,1337.4,move,improve
4955,12,1337.4,12,1337.4,move,improve
4956,12,1337.4,12,1337.4,2opt,notBad
4957,12,1337.4,12,1337.4,2opt,notBad
4958,12,1337.4,12,1337.4,2opt,notBad
4959,12,1337.4,12,1337.4,swap,notBad
4960,12,1337.4,12,1337.4,2opt,notBad
4961,12,1337.4,12,1337.4,2opt,notBad
4962,12,1337.4,12,1337.4,2opt,notBad
4963,12,1337.4,12,1337.4,move,improve
4964,12,1337.4,12,1337.4,2opt,notBad
4965,12,1337.4,12,1337.4,move,improve
4966,12,1337.4,12,1337.4,2opt,notBad
4967,12,1337.4,12,1337.4,2opt,notBad
4968,12,1337.4,12,1337.4,move,improve
4969,12,1337.4,12,1337.4,swap,notBad
4970,12,1337.4,12,1337.4,move,improve
4971,12,1337.4,12,1337.4,swap,notBad
4972,12,1337.4,12,1337.4,move,improve
4973,12,1337.4,12,1337.4,2opt,notBad
4974,12,1337.4,12,1337.4,move,improve
4975,12,1337.4,12,1337.4,move,improve
4976,12,1337.4,12,1337.4,move,improve
4977,12,1337.4,12,1337.4,move,improve
4978,12,1337.4,12,1337.4,2opt,notBad
4979,12,1337.4,12,1337.4,swap,notBad
4980,12,1337.4,12,1337.4,move,improve
4981,12,1337.4,12,1337.4,2opt,notBad
4982,12,1337.4,12,1337.4,move,improve
4983,12,1337.4,12,1337.4,2opt,notBad
4984,12,1337.4,12,1337.4,move,improve
4985,12,1337.4,12,1337.4,2opt,notBad
4986,12,1335.5000000000002,12,1335.5000000000002,swap,newBest
4987,12,1335.5000000000002,12,1335.5000000000002,2opt,notBad
4988,12,1335.5000000000002,12,1335.5000000000002,swap,notBad
4989,12,1335.5000000000002,12,1335.5000000000002,2opt,notBad
4990,12,1335.5000000000002,12,1335.5000000000002,swap,notBad
4991,12,1335.5000000000002,12,1335.5000000000002,move,improve
4992,12,1335.5000000000002,12,1335.5000000000002,swap,notBad
4993,12,1335.5000000000002,12,1335.5000000000002,move,improve
4994,12,1335.5000000000002,12,1335.5000000000002,2opt,notBad
4995,12,1335.5000000000002,12,1335.5000000000002,move,improve
4996,12,1335.5000000000002,12,1335.5000000000002,swap,notBad
4997,12,1335.5000000000002,12,1335.5000000000002,2opt,notBad
4998,12,1335.5000000000002,12,1335.5000000000002,2opt,notBad
4999,12,1335.5000000000002,12,1335.5000000000002,2opt,notBad
5000,12,1335.5000000000002,12,1335.5000000000002,move,improve
5001,12,1335.5000000000002,12,1335.5000000000002,2opt,notBad
5002,12,1335.5000000000002,12,1335.5000000000002,move,improve
5003,12,1335.5000000000002,12,1335.5000000000002,swap,notBad
5004,12,1335.5000000000002,12,1335.5000000000002,move,improve
5005,12,1335.5000000000002,12,1335.5000000000002,2opt,notBad
5006,12,1335.5000000000002,12,1335.5000000000002,swap,notBad
5007,12,1335.5000000000002,12,1335.5000000000002,swap,notBad
5008,12,1335.5000000000002,12,1335.5000000000002,2opt,notBad
5009,12,1335.5000000000002,12,1335.5000000000002,2opt,notBad
5010,12,1335.5000000000002,12,1335.5000000000002,move,improve
5011,12,1335.5000000000002,12,1335.5000000000002,move,improve
5012,12,1335.5000000000002,12,1335.5000000000002,2opt,notBad
5013,12,1335.5000000000002,12,1335.5000000000002,move,improve
5014,12,1335.5000000000002,12,1335.5000000000002,move,improve
5015,12,1335.5000000000002,12,1335.5000000000002,move,improve
5016,12,1335.5000000000002,12,1335.5000000000002,move,improve
5017,12,1335.5000000000002,12,1335.5000000000002,2opt,notBad
5018,12,1335.5000000000002,12,1335.5000000000002,swap,notBad
5019,12,1335.5000000000002,12,1335.5000000000002,swap,notBad
5020,12,1335.5000000000002,12,1335.5000000000002,move,improve
5021,12,1335.5000000000002,12,1335.5000000000002,swap,notBad
5022,12,1335.5000000000002,12,1335.5000000000002,move,improve
5023,12,1335.5000000000002,12,1335.5000000000002,move,improve
5024,12,1335.5000000000002,12,1335.5000000000002,swap,notBad
5025,12,1335.5000000000002,12,1335.5000000000002,swap,notBad
5026,12,1335.5000000000002,12,1335.5000000000002,swap,notBad
5027,12,1335.5000000000002,12,1335.5000000000002,move,improve
5028,12,1335.5000000000002,12,1335.5000000000002,move,improve
5029,11,1324.8000000000002,11,1324.8000000000002,move,newBest
5030,11,1324.8000000000002,11,1324.8000000000002,2opt,improve
5031,11,1324.8000000000002,11,1324.8000000000002,swap,notBad
5032,11,1324.8000000000002,11,1324.8000000000002,2opt,improve
5033,11,1324.8000000000002,11,1324.8000000000002,move,improve
5034,11,1324.8000000000002,11,1324.8000000000002,move,improve
5035,11,1324.8000000000002,11,1324.8000000000002,2opt,notBad
5036,11,1324.8000000000002,11,1324.8000000000002,move,improve
5037,11,1324.8000000000002,11,1324.8000000000002,swap,notBad
5038,11,1324.8000000000002,11,1324.8000000000002,swap,notBad
5039,11,1324.8000000000002,11,1324.8000000000002,2opt,notBad
5040,11,1324.8000000000002,11,1324.8000000000002,swap,notBad
5041,11,1324.8000000000002,11,1324.8000000000002,swap,notBad
5042,11,1324.8000000000002,11,1324.8000000000002,2opt,notBad
5043,11,1324.8000000000002,11,1324.8000000000002,swap,notBad
5044,11,1324.8000000000002,11,1324.8000000000002,swap,notBad
5045,11,1324.8000000000002,11,1324.8000000000002,2opt,notBad
5046,11,1324.8000000000002,11,1324.8000000000002,2opt,notBad
5047,11,1324.8000000000002,11,1324.8000000000002,swap,notBad
5048,11,1324.8000000000002,11,1324.8000000000002,swap,notBad
5049,11,1324.8000000000002,11,1324.8000000000002,2opt,notBad
5050,11,1324.8000000000002,11,1324.8000000000002,2opt,notBad
5051,11,1324.8000000000002,11,1324.8000000000002,swap,notBad
5052,11,1331.8000000000002,11,1324.8000000000002,swap,acceptBad
5053,11,1331.8000000000002,11,1324.8000000000002,swap,notBad
5054,11,1331.8000000000002,11,1324.8000000000002,swap,notBad
5055,11,1331.8000000000002,11,1324.8000000000002,2opt,notBad
5056,11,1331.8000000000002,11,1324.8000000000002,2opt,notBad
5057,11,1335.8000000000002,11,1324.8000000000002,swap,acceptBad
5058,11,1335.8000000000002,11,1324.8000000000002,swap,notBad
5059,11,1335.8000000000002,11,1324.8000000000002,move,improve
5060,11,1335.8000000000002,11,1324.8000000000002,swap,notBad
5061,11,1335.8000000000002,11,1324.8000000000002,swap,notBad
5062,11,1335.8000000000002,11,1324.8000000000002,2opt,notBad
5063,11,1335.8000000000002,11,1324.8000000000002,2opt,notBad
5064,11,1335.8000000000002,11,1324.8000000000002,move,improve
5065,11,1335.8000000000002,11,1324.8000000000002,move,improve
5066,11,1335.8000000000002,11,1324.8000000000002,swap,notBad
5067,11,1335.8000000000002,11,1324.8000000000002,move,improve
5068,11,1331.8000000000002,11,1324.8000000000002,move,improve
5069,11,1331.8000000000002,11,1324.8000000000002,2opt,notBad
5070,11,1331.8000000000002,11,1324.8000000000002,move,improve
5071,11,1331.8000000000002,11,1324.8000000000002,swap,notBad
5072,11,1331.8000000000002,11,1324.8000000000002,swap,notBad
5073,11,1331.8000000000002,11,1324.8000000000002,2opt,notBad
5074,11,1331.8000000000002,11,1324.8000000000002,swap,notBad
5075,11,1331.8000000000002,11,1324.8000000000002,swap,notBad
5076,11,1331.8000000000002,11,1324.8000000000002,2opt,notBad
5077,11,1331.8000000000002,11,1324.8000000000002,2opt,improve
5078,11,1331.8000000000002,11,1324.8000000000002,2opt,notBad
5079,11,1331.8000000000002,11,1324.8000000000002,swap,notBad
5080,11,1331.8000000000002,11,1324.8000000000002,move,improve
5081,11,1331.8000000000002,11,1324.8000000000002,2opt,notBad
5082,11,1331.8000000000002,11,1324.8000000000002,move,improve
5083,11,1331.8000000000002,11,1324.8000000000002,swap,notBad
5084,11,1331.8000000000002,11,1324.8000000000002,move,improve
5085,11,1331.8000000000002,11,1324.8000000000002,swap,notBad
5086,11,1331.8000000000002,11,1324.8000000000002,2opt,notBad
5087,11,1331.8000000000002,11,1324.8000000000002,swap,notBad
5088,11,1331.8000000000002,11,1324.8000000000002,swap,notBad
5089,11,1331.8000000000002,11,1324.8000000000002,move,improve
5090,11,1331.8000000000002,11,1324.8000000000002,move,improve
5091,11,1331.8000000000002,11,1324.8000000000002,swap,notBad
5092,11,1331.8000000000002,11,1324.8000000000002,2opt,notBad
5093,11,1331.8000000000002,11,1324.8000000000002,2opt,notBad
5094,11,1331.8000000000002,11,1324.8000000000002,2opt,notBad
5095,11,1331.8000000000002,11,1324.8000000000002,2opt,notBad
5096,11,1331.8000000000002,11,1324.8000000000002,2opt,notBad
5097,11,1331.8000000000002,11,1324.8000000000002,2opt,notBad
5098,11,1331.8000000000002,11,1324.8000000000002,2opt,notBad
5099,11,1331.8000000000002,11,1324.8000000000002,swap,notBad
5100,11,1331.8000000000002,11,1324.8000000000002,2opt,notBad
5101,11,1331.8000000000002,11,1324.8000000000002,2opt,notBad
5102,11,1331.8000000000002,11,1324.8000000000002,move,improve
5103,11,1331.8000000000002,11,1324.8000000000002,2opt,notBad
5104,11,1331.8000000000002,11,1324.8000000000002,move,improve
5105,11,1331.8000000000002,11,1324.8000000000002,swap,notBad
5106,11,1331.8000000000002,11,1324.8000000000002,2opt,notBad
5107,11,1331.8000000000002,11,1324.8000000000002,2opt,notBad
5108,11,1331.8000000000002,11,1324.8000000000002,2opt,notBad
5109,11,1331.8000000000002,11,1324.8000000000002,move,improve
5110,11,1331.8000000000002,11,1324.8000000000002,swap,notBad
5111,11,1331.8000000000002,11,1324.8000000000002,2opt,notBad
5112,11,1328.3,11,1324.8000000000002,2opt,improve
5113,11,1328.3,11,1324.8000000000002,swap,notBad
5114,11,1328.3,11,1324.8000000000002,swap,notBad
5115,11,1328.3,11,1324.8000000000002,swap,notBad
5116,11,1328.3,11,1324.8000000000002,2opt,notBad
5117,11,1336.4,11,1324.8000000000002,swap,acceptBad
5118,11,1336.4,11,1324.8000000000002,move,improve
5119,11,1336.4,11,1324.8000000000002,swap,notBad
5120,11,1336.4,11,1324.8000000000002,2opt,notBad
5121,11,1336.4,11,1324.8000000000002,2opt,notBad
5122,11,1336.4,11,1324.8000000000002,swap,notBad
5123,11,1336.4,11,1324.8000000000002,2opt,notBad
5124,11,1336.4,11,1324.8000000000002,move,improve
5125,11,1336.4,11,1324.8000000000002,move,improve
5126,11,1336.4,11,1324.8000000000002,2opt,notBad
5127,11,1336.4,11,1324.8000000000002,2opt,notBad
5128,11,1336.4,11,1324.8000000000002,2opt,notBad
5129,11,1336.4,11,1324.8000000000002,swap,notBad
5130,11,1342.8,11,1324.8000000000002,swap,acceptBad
5131,11,1342.8,11,1324.8000000000002,swap,notBad
5132,11,1342.8,11,1324.8000000000002,2opt,notBad
5133,11,1342.8,11,1324.8000000000002,swap,notBad
5134,11,1342.8,11,1324.8000000000002,move,improve
5135,11,1342.8,11,1324.8000000000002,swap,notBad
5136,11,1344.1,11,1324.8000000000002,2opt,acceptBad
5137,11,1344.1,11,1324.8000000000002,swap,notBad
5138,11,1344.1,11,1324.8000000000002,2opt,notBad
5139,11,1344.1,11,1324.8000000000002,2opt,notBad
5140,11,1344.1,11,1324.8000000000002,move,improve
5141,11,1344.1,11,1324.8000000000002,2opt,notBad
5142,11,1344.1,11,1324.8000000000002,move,improve
5143,11,1344.1,11,1324.8000000000002,2opt,notBad
5144,11,1344.1,11,1324.8000000000002,swap,notBad
5145,11,1344.1,11,1324.8000000000002,move,improve
5146,11,1344.1,11,1324.8000000000002,2opt,notBad
5147,11,1344.1,11,1324.8000000000002,swap,notBad
5148,11,1344.1,11,1324.8000000000002,swap,notBad
5149,11,1344.1,11,1324.8000000000002,move,improve
5150,11,1343.2,11,1324.8000000000002,move,improve
5151,11,1343.2,11,1324.8000000000002,swap,notBad
5152,11,1343.2,11,1324.8000000000002,move,improve
5153,11,1343.2,11,1324.8000000000002,swap,notBad
5154,11,1343.2,11,1324.8000000000002,swap,notBad
5155,11,1343.2,11,1324.8000000000002,2opt,notBad
5156,11,1343.2,11,1324.8000000000002,move,improve
5157,11,1343.2,11,1324.8000000000002,2opt,notBad
5158,11,1343.2,11,1324.8000000000002,swap,notBad
5159,11,1343.2,11,1324.8000000000002,swap,notBad
5160,11,1343.2,11,1324.8000000000002,2opt,notBad
5161,11,1338.1999999999998,11,1324.8000000000002,2opt,improve
5162,11,1338.1999999999998,11,1324.8000000000002,move,improve
5163,11,1338.1999999999998,11,1324.8000000000002,swap,notBad
5164,11,1338.1999999999998,11,1324.8000000000002,swap,notBad
5165,11,1338.1999999999998,11,1324.8000000000002,2opt,notBad
5166,11,1338.1999999999998,11,1324.8000000000002,2opt,notBad
5167,11,1336.9999999999998,11,1324.8000000000002,move,improve
5168,11,1336.9999999999998,11,1324.8000000000002,2opt,notBad
5169,11,1336.9999999999998,11,1324.8000000000002,swap,notBad
5170,11,1336.9999999999998,11,1324.8000000000002,move,improve
5171,11,1336.9999999999998,11,1324.8000000000002,swap,notBad
5172,11,1336.9999999999998,11,1324.8000000000002,2opt,notBad
5173,11,1336.9999999999998,11,1324.8000000000002,2opt,notBad
5174,11,1335.4999999999998,11,1324.8000000000002,move,improve
5175,11,1335.4999999999998,11,1324.8000000000002,2opt,notBad
5176,11,1335.4999999999998,11,1324.8000000000002,move,improve
5177,11,1335.4999999999998,11,1324.8000000000002,swap,notBad
5178,11,1335.4999999999998,11,1324.8000000000002,move,improve
5179,11,1335.4999999999998,11,1324.8000000000002,move,improve
5180,11,1335.4999999999998,11,1324.8000000000002,swap,notBad
5181,11,1335.4999999999998,11,1324.8000000000002,2opt,notBad
5182,11,1335.4999999999998,11,1324.8000000000002,2opt,notBad
5183,11,1335.4999999999998,11,1324.8000000000002,move,improve
5184,11,1335.4999999999998,11,1324.8000000000002,2opt,notBad
5185,11,1335.4999999999998,11,1324.8000000000002,2opt,notBad
5186,11,1335.4999999999998,11,1324.8000000000002,move,improve
5187,11,1335.4999999999998,11,1324.8000000000002,move,improve
5188,11,1335.4999999999998,11,1324.8000000000002,swap,notBad
5189,11,1335.4999999999998,11,1324.8000000000002,move,improve
5190,11,1335.4999999999998,11,1324.8000000000002,2opt,notBad
5191,11,1335.4999999999998,11,1324.8000000000002,swap,notBad
5192,11,1335.4999999999998,11,1324.8000000000002,2opt,notBad
5193,11,1335.4999999999998,11,1324.8000000000002,swap,notBad
5194,11,1335.4999999999998,11,1324.8000000000002,2opt,notBad
5195,11,1335.4999999999998,11,1324.8000000000002,2opt,notBad
5196,11,1335.4999999999998,11,1324.8000000000002,move,improve
5197,11,1335.4999999999998,11,1324.8000000000002,move,improve
5198,11,1335.4999999999998,11,1324.8000000000002,swap,notBad
5199,11,1335.4999999999998,11,1324.8000000000002,2opt,notBad
5200,11,1335.4999999999998,11,1324.8000000000002,move,improve
5201,11,1335.4999999999998,11,1324.8000000000002,2opt,improve
5202,11,1335.4999999999998,11,1324.8000000000002,swap,notBad
5203,11,1335.4999999999998,11,1324.8000000000002,2opt,notBad
5204,11,1335.4999999999998,11,1324.8000000000002,2opt,notBad
5205,11,1335.4999999999998,11,1324.8000000000002,2opt,notBad
5206,11,1335.4999999999998,11,1324.8000000000002,swap,notBad
5207,11,1335.4999999999998,11,1324.8000000000002,2opt,notBad
5208,11,1335.4999999999998,11,1324.8000000000002,swap,notBad
5209,11,1335.4999999999998,11,1324.8000000000002,swap,notBad
5210,11,1335.4999999999998,11,1324.8000000000002,swap,notBad
5211,11,1335.4999999999998,11,1324.8000000000002,2opt,improve
5212,11,1335.4999999999998,11,1324.8000000000002,2opt,notBad
5213,11,1334.6,11,1324.8000000000002,swap,improve
5214,11,1334.6,11,1324.8000000000002,2opt,notBad
5215,11,1334.6,11,1324.8000000000002,2opt,improve
5216,11,1334.6,11,1324.8000000000002,2opt,notBad
5217,11,1334.6,11,1324.8000000000002,move,improve
5218,11,1334.6,11,1324.8000000000002,swap,notBad
5219,11,1334.6,11,1324.8000000000002,swap,notBad
5220,11,1334.6,11,1324.8000000000002,2opt,improve
5221,11,1334.6,11,1324.8000000000002,move,improve
5222,11,1334.6,11,1324.8000000000002,2opt,notBad
5223,11,1334.6,11,1324.8000000000002,swap,notBad
5224,11,1334.6,11,1324.8000000000002,2opt,notBad
5225,11,1334.6,11,1324.8000000000002,move,notBad
5226,11,1334.6,11,1324.8000000000002,move,improve
5227,11,1334.6,11,1324.8000000000002,swap,notBad
5228,11,1334.6,11,1324.8000000000002,swap,notBad
5229,11,1334.6,11,1324.8000000000002,swap,notBad
5230,11,1334.6,11,1324.8000000000002,2opt,notBad
5231,11,1334.6,11,1324.8000000000002,2opt,notBad
5232,11,1334.6,11,1324.8000000000002,2opt,notBad
5233,11,1334.6,11,1324.8000000000002,swap,notBad
5234,11,1334.6,11,1324.8000000000002,2opt,notBad
5235,11,1334.6,11,1324.8000000000002,2opt,notBad
5236,11,1334.6,11,1324.8000000000002,2opt,notBad
5237,11,1334.6,11,1324.8000000000002,swap,notBad
5238,11,1334.6,11,1324.8000000000002,2opt,improve
5239,11,1334.6,11,1324.8000000000002,2opt,notBad
5240,11,1334.6,11,1324.8000000000002,2opt,notBad
5241,11,1334.6,11,1324.8000000000002,2opt,notBad
5242,11,1334.6,11,1324.8000000000002,move,improve
5243,11,1334.6,11,1324.8000000000002,2opt,notBad
5244,11,1334.6,11,1324.8000000000002,2opt,notBad
5245,11,1334.6,11,1324.8000000000002,move,improve
5246,11,1334.6,11,1324.8000000000002,move,improve
5247,11,1334.6,11,1324.8000000000002,move,improve
5248,11,1334.6,11,1324.8000000000002,2opt,notBad
5249,11,1334.6,11,1324.8000000000002,swap,notBad
5250,11,1334.6,11,1324.8000000000002,swap,notBad
5251,11,1334.6,11,1324.8000000000002,move,improve
5252,11,1334.6,11,1324.8000000000002,swap,notBad
5253,11,1334.6,11,1324.8000000000002,2opt,notBad
5254,11,1334.6,11,1324.8000000000002,2opt,notBad
5255,11,1334.6,11,1324.8000000000002,move,improve
5256,11,1334.6,11,1324.8000000000002,swap,notBad
5257,11,1334.6,11,1324.8000000000002,swap,notBad
5258,11,1334.6,11,1324.8000000000002,move,improve
5259,11,1334.6,11,1324.8000000000002,swap,notBad
5260,11,1334.6,11,1324.8000000000002,2opt,notBad
5261,11,1334.6,11,1324.8000000000002,move,improve
5262,11,1334.6,11,1324.8000000000002,2opt,notBad
5263,11,1334.6,11,1324.8000000000002,2opt,notBad
5264,11,1334.6,11,1324.8000000000002,move,improve
5265,11,1334.6,11,1324.8000000000002,swap,notBad
5266,11,1334.6,11,1324.8000000000002,swap,notBad
5267,11,1334.6,11,1324.8000000000002,move,improve
5268,11,1334.6,11,1324.8000000000002,swap,notBad
5269,11,1334.6,11,1324.8000000000002,move,improve
5270,11,1334.6,11,1324.8000000000002,2opt,notBad
5271,11,1334.6,11,1324.8000000000002,swap,notBad
5272,11,1334.6,11,1324.8000000000002,swap,notBad
5273,11,1334.6,11,1324.8000000000002,2opt,notBad
5274,11,1334.6,11,1324.8000000000002,move,improve
5275,11,1334.6,11,1324.8000000000002,move,improve
5276,11,1334.6,11,1324.8000000000002,move,improve
5277,11,1334.6,11,1324.8000000000002,swap,notBad
5278,11,1334.6,11,1324.8000000000002,move,improve
5279,11,1334.6,11,1324.8000000000002,swap,notBad
5280,11,1334.6,11,1324.8000000000002,move,improve
5281,11,1334.6,11,1324.8000000000002,move,improve
5282,11,1343.3999999999999,11,1324.8000000000002,swap,acceptBad
5283,11,1343.3999999999999,11,1324.8000000000002,swap,notBad
5284,11,1343.3999999999999,11,1324.8000000000002,move,improve
5285,11,1342.8999999999999,11,1324.8000000000002,move,improve
5286,11,1337.3999999999999,11,1324.8000000000002,move,improve
5287,11,1337.3999999999999,11,1324.8000000000002,swap,notBad
5288,11,1337.3999999999999,11,1324.8000000000002,move,improve
5289,11,1337.3999999999999,11,1324.8000000000002,2opt,notBad
5290,11,1321.6,11,1321.6,move,newBest
5291,11,1321.6,11,1321.6,move,improve
5292,11,1321.6,11,1321.6,swap,notBad
5293,11,1321.6,11,1321.6,move,improve
5294,11,1321.6,11,1321.6,swap,notBad
5295,11,1321.6,11,1321.6,2opt,improve
5296,11,1321.6,11,1321.6,swap,notBad
5297,11,1321.6,11,1321.6,move,improve
5298,11,1321.6,11,1321.6,2opt,notBad
5299,11,1321.6,11,1321.6,2opt,notBad
5300,11,1321.6,11,1321.6,2opt,notBad
5301,11,1321.6,11,1321.6,2opt,notBad
5302,11,1321.6,11,1321.6,2opt,notBad
5303,11,1321.6,11,1321.6,2opt,notBad
5304,11,1321.6,11,1321.6,swap,notBad
5305,11,1321.6,11,1321.6,swap,notBad
5306,11,1321.6,11,1321.6,move,improve
5307,11,1321.6,11,1321.6,move,improve
5308,11,1321.6,11,1321.6,move,improve
5309,11,1321.6,11,1321.6,2opt,notBad
5310,11,1321.6,11,1321.6,2opt,notBad
5311,11,1321.6,11,1321.6,2opt,notBad
5312,10,1314.1999999999998,10,1314.1999999999998,move,newBest
5313,10,1314.1999999999998,10,1314.1999999999998,swap,notBad
5314,10,1314.1999999999998,10,1314.1999999999998,2opt,improve
5315,10,1314.1999999999998,10,1314.1999999999998,swap,notBad
5316,10,1314.1999999999998,10,1314.1999999999998,2opt,notBad
5317,10,1314.1999999999998,10,1314.1999999999998,2opt,notBad
5318,10,1314.1999999999998,10,1314.1999999999998,move,improve
5319,10,1314.1999999999998,10,1314.1999999999998,2opt,notBad
5320,10,1314.1999999999998,10,1314.1999999999998,swap,notBad
5321,10,1314.1999999999998,10,1314.1999999999998,move,improve
5322,10,1314.1999999999998,10,1314.1999999999998,2opt,notBad
5323,10,1314.1999999999998,10,1314.1999999999998,swap,notBad
5324,10,1314.1999999999998,10,1314.1999999999998,swap,notBad
5325,10,1314.1999999999998,10,1314.1999999999998,2opt,notBad
5326,10,1314.1999999999998,10,1314.1999999999998,move,improve
5327,10,1314.1999999999998,10,1314.1999999999998,swap,notBad
5328,10,1314.1999999999998,10,1314.1999999999998,2opt,notBad
5329,10,1314.1999999999998,10,1314.1999999999998,move,improve
5330,10,1314.1999999999998,10,1314.1999999999998,move,improve
5331,10,1311.7999999999997,10,1311.7999999999997,move,newBest
5332,10,1311.7999999999997,10,1311.7999999999997,2opt,notBad
5333,10,1311.7999999999997,10,1311.7999999999997,move,improve
5334,10,1311.7999999999997,10,1311.7999999999997,move,improve
5335,10,1311.7999999999997,10,1311.7999999999997,move,improve
5336,10,1313.1,10,1311.7999999999997,swap,acceptBad
5337,10,1313.1,10,1311.7999999999997,move,improve
5338,10,1313.1,10,1311.7999999999997,move,improve
5339,10,1313.1,10,1311.7999999999997,2opt,notBad
5340,10,1313.1,10,1311.7999999999997,swap,notBad
5341,10,1313.1,10,1311.7999999999997,swap,notBad
5342,10,1313.1,10,1311.7999999999997,2opt,notBad
5343,10,1313.1,10,1311.7999999999997,swap,notBad
5344,10,1313.1,10,1311.7999999999997,move,improve
5345,10,1313.1,10,1311.7999999999997,move,improve
5346,10,1313.1,10,1311.7999999999997,swap,notBad
5347,10,1313.1,10,1311.7999999999997,move,improve
5348,10,1313.1,10,1311.7999999999997,2opt,notBad
5349,10,1313.1,10,1311.7999999999997,2opt,notBad
5350,10,1311.6,10,1311.6,move,newBest
5351,10,1311.6,10,1311.6,swap,notBad
5352,10,1311.6,10,1311.6,2opt,notBad
5353,10,1311.6,10,1311.6,2opt,notBad
5354,10,1311.6,10,1311.6,2opt,notBad
5355,10,1311.6,10,1311.6,2opt,notBad
5356,10,1311.6,10,1311.6,move,improve
5357,10,1311.6,10,1311.6,move,improve
5358,10,1318.1999999999998,10,1311.6,swap,acceptBad
5359,10,1318.1999999999998,10,1311.6,2opt,notBad
5360,10,1318.1999999999998,10,1311.6,swap,notBad
5361,10,1318.1999999999998,10,1311.6,2opt,improve
5362,10,1318.1999999999998,10,1311.6,2opt,improve
5363,10,1323.9999999999998,10,1311.6,swap,acceptBad
5364,10,1323.9999999999998,10,1311.6,move,improve
5365,10,1323.9999999999998,10,1311.6,swap,notBad
5366,10,1328.6999999999998,10,1311.6,swap,acceptBad
5367,10,1328.6999999999998,10,1311.6,move,improve
5368,10,1328.6999999999998,10,1311.6,2opt,notBad
5369,10,1335.8999999999999,10,1311.6,swap,acceptBad
5370,10,1335.8999999999999,10,1311.6,swap,notBad
5371,10,1335.8999999999999,10,1311.6,2opt,notBad
5372,10,1335.8999999999999,10,1311.6,2opt,notBad
5373,10,1335.8999999999999,10,1311.6,2opt,notBad
5374,10,1335.8999999999999,10,1311.6,move,improve
5375,10,1335.8999999999999,10,1311.6,move,improve
5376,10,1335.8999999999999,10,1311.6,swap,notBad
5377,10,1331.1999999999998,10,1311.6,move,improve
5378,10,1331.1999999999998,10,1311.6,move,improve
5379,10,1331.1999999999998,10,1311.6,move,improve
5380,10,1331.1999999999998,10,1311.6,2opt,notBad
5381,10,1331.1999999999998,10,1311.6,2opt,notBad
5382,10,1331.1999999999998,10,1311.6,2opt,notBad
5383,10,1331.1999999999998,10,1311.6,2opt,notBad
5384,10,1331.1999999999998,10,1311.6,swap,notBad
5385,10,1331.1999999999998,10,1311.6,move,improve
5386,10,1331.1999999999998,10,1311.6,2opt,notBad
5387,10,1331.1999999999998,10,1311.6,2opt,notBad
5388,10,1331.1999999999998,10,1311.6,2opt,notBad
5389,10,1331.1999999999998,10,1311.6,swap,notBad
5390,10,1331.1999999999998,10,1311.6,2opt,notBad
5391,10,1331.1999999999998,10,1311.6,swap,notBad
5392,10,1331.1999999999998,10,1311.6,swap,notBad
5393,10,1331.1999999999998,10,1311.6,2opt,notBad
5394,10,1331.1999999999998,10,1311.6,move,improve
5395,10,1331.1999999999998,10,1311.6,swap,notBad
5396,10,1331.1999999999998,10,1311.6,2opt,notBad
5397,10,1331.1999999999998,10,1311.6,2opt,notBad
5398,10,1331.1999999999998,10,1311.6,swap,notBad
5399,10,1331.1999999999998,10,1311.6,2opt,notBad
5400,10,1329.3999999999999,10,1311.6,move,improve
5401,10,1329.3999999999999,10,1311.6,swap,notBad
5402,10,1329.3999999999999,10,1311.6,swap,notBad
5403,10,1329.3999999999999,10,1311.6,swap,notBad
5404,10,1329.3999999999999,10,1311.6,swap,notBad
5405,10,1329.3999999999999,10,1311.6,swap,notBad
5406,10,1329.3999999999999,10,1311.6,move,improve
5407,10,1329.3999999999999,10,1311.6,swap,notBad
5408,10,1329.3999999999999,10,1311.6,2opt,notBad
5409,10,1324.4999999999998,10,1311.6,move,improve
5410,10,1324.4999999999998,10,1311.6,swap,notBad
5411,10,1324.4999999999998,10,1311.6,move,improve
5412,10,1324.4999999999998,10,1311.6,swap,notBad
5413,10,1324.4999999999998,10,1311.6,2opt,notBad
5414,10,1324.4999999999998,10,1311.6,move,improve
5415,10,1324.4999999999998,10,1311.6,2opt,notBad
5416,10,1324.4999999999998,10,1311.6,swap,notBad
5417,10,1324.4999999999998,10,1311.6,2opt,notBad
5418,10,1324.4999999999998,10,1311.6,swap,notBad
5419,10,1324.4999999999998,10,1311.6,2opt,notBad
5420,10,1324.4999999999998,10,1311.6,swap,notBad
5421,10,1324.4999999999998,10,1311.6,2opt,notBad
5422,10,1324.4999999999998,10,1311.6,2opt,notBad
5423,10,1324.4999999999998,10,1311.6,move,improve
5424,10,1324.4999999999998,10,1311.6,swap,notBad
5425,10,1324.4999999999998,10,1311.6,swap,notBad
5426,10,1324.4999999999998,10,1311.6,move,improve
5427,10,1317.8999999999996,10,1311.6,move,improve
5428,10,1301.8,10,1301.8,move,newBest
5429,10,1301.8,10,1301.8,swap,notBad
5430,10,1301.8,10,1301.8,move,improve
5431,10,1301.8,10,1301.8,2opt,notBad
5432,10,1301.8,10,1301.8,move,improve
5433,10,1301.8,10,1301.8,2opt,notBad
5434,10,1301.8,10,1301.8,swap,notBad
5435,10,1301.8,10,1301.8,move,improve
5436,10,1301.8,10,1301.8,swap,notBad
5437,10,1301.8,10,1301.8,2opt,notBad
5438,10,1301.8,10,1301.8,swap,notBad
5439,10,1301.8,10,1301.8,move,improve
5440,10,1301.8,10,1301.8,2opt,notBad
5441,10,1301.8,10,1301.8,move,improve
5442,10,1301.8,10,1301.8,swap,notBad
5443,10,1301.8,10,1301.8,swap,notBad
5444,10,1301.8,10,1301.8,swap,notBad
5445,10,1306.1999999999998,10,1301.8,swap,acceptBad
5446,10,1306.1999999999998,10,1301.8,swap,notBad
5447,10,1306.1999999999998,10,1301.8,move,improve
5448,10,1306.1999999999998,10,1301.8,2opt,notBad
5449,10,1306.1999999999998,10,1301.8,2opt,notBad
5450,10,1306.1999999999998,10,1301.8,2opt,notBad
5451,10,1306.1999999999998,10,1301.8,2opt,notBad
5452,10,1306.1999999999998,10,1301.8,move,improve
5453,10,1306.1999999999998,10,1301.8,move,improve
5454,10,1306.1999999999998,10,1301.8,2opt,notBad
5455,10,1306.1999999999998,10,1301.8,swap,notBad
5456,10,1306.1999999999998,10,1301.8,swap,notBad
5457,10,1306.1999999999998,10,1301.8,move,improve
5458,10,1306.1999999999998,10,1301.8,swap,notBad
5459,10,1306.1999999999998,10,1301.8,swap,notBad
5460,10,1306.1999999999998,10,1301.8,swap,notBad
5461,10,1306.1999999999998,10,1301.8,swap,notBad
5462,10,1306.1999999999998,10,1301.8,move,improve
5463,10,1306.1999999999998,10,1301.8,swap,notBad
5464,10,1306.1999999999998,10,1301.8,swap,notBad
5465,10,1306.1999999999998,10,1301.8,swap,notBad
5466,10,1306.1999999999998,10,1301.8,swap,notBad
5467,10,1300.8999999999999,10,1300.8999999999999,move,newBest
5468,10,1300.8999999999999,10,1300.8999999999999,swap,notBad
5469,10,1300.8999999999999,10,1300.8999999999999,2opt,notBad
5470,10,1300.8999999999999,10,1300.8999999999999,swap,notBad
5471,10,1300.8999999999999,10,1300.8999999999999,swap,notBad
5472,10,1300.8999999999999,10,1300.8999999999999,2opt,notBad
5473,10,1300.8999999999999,10,1300.8999999999999,swap,notBad
5474,10,1300.8999999999999,10,1300.8999999999999,swap,notBad
5475,10,1300.8999999999999,10,1300.8999999999999,2opt,notBad
5476,10,1300.8999999999999,10,1300.8999999999999,2opt,notBad
5477,10,1300.8999999999999,10,1300.8999999999999,swap,notBad
5478,10,1300.8999999999999,10,1300.8999999999999,swap,notBad
5479,10,1300.8999999999999,10,1300.8999999999999,move,improve
5480,10,1300.8999999999999,10,1300.8999999999999,swap,notBad
5481,10,1300.8999999999999,10,1300.8999999999999,move,improve
5482,10,1300.8999999999999,10,1300.8999999999999,move,improve
5483,10,1300.8999999999999,10,1300.8999999999999,2opt,notBad
5484,10,1300.8999999999999,10,1300.8999999999999,swap,notBad
5485,10,1300.8999999999999,10,1300.8999999999999,2opt,notBad
5486,10,1300.8999999999999,10,1300.8999999999999,2opt,notBad
5487,10,1300.8999999999999,10,1300.8999999999999,swap,notBad
5488,10,1300.8999999999999,10,1300.8999999999999,swap,notBad
5489,10,1300.8999999999999,10,1300.8999999999999,move,improve
5490,10,1300.8999999999999,10,1300.8999999999999,swap,notBad
5491,10,1300.8999999999999,10,1300.8999999999999,2opt,notBad
5492,10,1300.8999999999999,10,1300.8999999999999,move,improve
5493,10,1300.8999999999999,10,1300.8999999999999,swap,notBad
5494,10,1300.8999999999999,10,1300.8999999999999,move,improve
5495,10,1300.8999999999999,10,1300.8999999999999,2opt,notBad
5496,10,1300.8999999999999,10,1300.8999999999999,2opt,notBad
5497,10,1300.8999999999999,10,1300.8999999999999,2opt,notBad
5498,10,1300.8999999999999,10,1300.8999999999999,2opt,notBad
5499,10,1300.8999999999999,10,1300.8999999999999,swap,notBad
5500,10,1300.8999999999999,10,1300.8999999999999,swap,notBad
5501,10,1300.8999999999999,10,1300.8999999999999,swap,notBad
5502,10,1300.8999999999999,10,1300.8999999999999,move,improve
5503,10,1300.8999999999999,10,1300.8999999999999,swap,notBad
5504,10,1300.8999999999999,10,1300.8999999999999,swap,notBad
5505,10,1300.8999999999999,10,1300.8999999999999,2opt,notBad
5506,10,1296.7,10,1296.7,move,newBest
5507,10,1296.7,10,1296.7,move,improve
5508,10,1296.7,10,1296.7,move,improve
5509,10,1296.7,10,1296.7,move,improve
5510,10,1296.7,10,1296.7,move,improve
5511,10,1296.7,10,1296.7,2opt,notBad
5512,10,1296.7,10,1296.7,2opt,notBad
5513,10,1296.7,10,1296.7,move,improve
5514,10,1296.7,10,1296.7,swap,notBad
5515,10,1296.7,10,1296.7,2opt,notBad
5516,10,1296.7,10,1296.7,swap,notBad
5517,10,1296.7,10,1296.7,2opt,notBad
5518,10,1296.7,10,1296.7,swap,notBad
5519,10,1296.7,10,1296.7,swap,notBad
5520,10,1296.7,10,1296.7,2opt,notBad
5521,10,1296.7,10,1296.7,move,improve
5522,10,1296.7,10,1296.7,move,improve
5523,10,1296.7,10,1296.7,2opt,improve
5524,10,1296.7,10,1296.7,swap,notBad
5525,10,1296.7,10,1296.7,2opt,notBad
5526,10,1296.7,10,1296.7,2opt,notBad
5527,10,1296.7,10,1296.7,2opt,improve
5528,10,1289.4,10,1289.4,move,newBest
5529,10,1289.4,10,1289.4,swap,notBad
5530,10,1289.4,10,1289.4,move,improve
5531,10,1289.4,10,1289.4,swap,notBad
5532,10,1289.4,10,1289.4,swap,notBad
5533,10,1289.4,10,1289.4,move,improve
5534,10,1289.4,10,1289.4,2opt,notBad
5535,10,1289.4,10,1289.4,swap,notBad
5536,10,1289.4,10,1289.4,move,improve
5537,10,1289.4,10,1289.4,move,improve
5538,10,1289.4,10,1289.4,swap,notBad
5539,10,1289.4,10,1289.4,swap,notBad
5540,10,1291.2,10,1289.4,swap,acceptBad
5541,10,1291.2,10,1289.4,2opt,notBad
5542,10,1291.2,10,1289.4,2opt,notBad
5543,10,1291.2,10,1289.4,move,improve
5544,10,1291.2,10,1289.4,swap,notBad
5545,10,1291.2,10,1289.4,swap,notBad
5546,10,1291.2,10,1289.4,move,improve
5547,10,1291.2,10,1289.4,swap,notBad
5548,10,1291.2,10,1289.4,swap,notBad
5549,10,1291.2,10,1289.4,swap,notBad
5550,10,1291.2,10,1289.4,swap,notBad
5551,10,1291.2,10,1289.4,move,improve
5552,10,1291.2,10,1289.4,2opt,notBad
5553,10,1291.2,10,1289.4,move,improve
5554,10,1291.2,10,1289.4,move,improve
5555,10,1291.2,10,1289.4,2opt,notBad
5556,10,1291.2,10,1289.4,move,improve
5557,10,1291.2,10,1289.4,2opt,notBad
5558,10,1291.2,10,1289.4,move,improve
5559,10,1291.2,10,1289.4,swap,notBad
5560,10,1291.2,10,1289.4,move,improve
5561,10,1291.2,10,1289.4,2opt,notBad
5562,10,1291.2,10,1289.4,2opt,notBad
5563,10,1291.2,10,1289.4,move,improve
5564,10,1291.2,10,1289.4,move,improve
5565,10,1291.2,10,1289.4,2opt,notBad
5566,10,1291.2,10,1289.4,2opt,notBad
5567,10,1291.2,10,1289.4,move,improve
5568,10,1291.2,10,1289.4,2opt,notBad
5569,10,1291.2,10,1289.4,2opt,notBad
5570,10,1291.2,10,1289.4,2opt,notBad
5571,10,1291.2,10,1289.4,swap,notBad
5572,10,1291.2,10,1289.4,move,improve
5573,10,1291.2,10,1289.4,move,improve
5574,10,1291.2,10,1289.4,2opt,notBad
5575,10,1291.2,10,1289.4,move,improve
5576,10,1291.2,10,1289.4,move,improve
5577,10,1291.2,10,1289.4,swap,notBad
5578,10,1291.2,10,1289.4,2opt,notBad
5579,10,1291.2,10,1289.4,2opt,notBad
5580,10,1291.2,10,1289.4,2opt,notBad
5581,10,1291.2,10,1289.4,swap,notBad
5582,10,1291.2,10,1289.4,swap,notBad
5583,10,1291.2,10,1289.4,swap,notBad
5584,10,1291.2,10,1289.4,2opt,notBad
5585,10,1291.2,10,1289.4,2opt,notBad
5586,10,1291.2,10,1289.4,move,improve
5587,10,1291.2,10,1289.4,swap,notBad
5588,10,1291.2,10,1289.4,move,improve
5589,10,1291.2,10,1289.4,2opt,notBad
5590,10,1291.2,10,1289.4,swap,notBad
5591,10,1291.2,10,1289.4,move,improve
5592,10,1291.2,10,1289.4,2opt,notBad
5593,10,1291.2,10,1289.4,move,improve
5594,10,1291.2,10,1289.4,swap,notBad
5595,10,1291.2,10,1289.4,swap,notBad
5596,10,1291.2,10,1289.4,swap,notBad
5597,10,1291.2,10,1289.4,swap,notBad
5598,10,1291.2,10,1289.4,move,improve
5599,10,1291.2,10,1289.4,2opt,notBad
5600,10,1291.2,10,1289.4,swap,notBad
5601,10,1291.2,10,1289.4,2opt,notBad
5602,10,1291.2,10,1289.4,swap,notBad
5603,10,1291.2,10,1289.4,2opt,notBad
5604,10,1291.2,10,1289.4,swap,notBad
5605,10,1291.2,10,1289.4,2opt,notBad
5606,10,1291.2,10,1289.4,swap,notBad
5607,10,1291.2,10,1289.4,move,improve
5608,10,1291.2,10,1289.4,2opt,notBad
5609,10,1291.2,10,1289.4,swap,notBad
5610,10,1291.2,10,1289.4,swap,notBad
5611,10,1291.2,10,1289.4,swap,notBad
5612,10,1289.4,10,1289.4,move,improve
5613,10,1289.4,10,1289.4,move,improve
5614,10,1289.4,10,1289.4,2opt,notBad
5615,10,1289.4,10,1289.4,2opt,notBad
5616,10,1289.4,10,1289.4,move,improve
5617,10,1289.4,10,1289.4,swap,notBad
5618,10,1289.4,10,1289.4,swap,notBad
5619,10,1289.4,10,1289.4,2opt,notBad
5620,10,1289.4,10,1289.4,swap,notBad
5621,10,1289.4,10,1289.4,move,improve
5622,10,1289.4,10,1289.4,move,improve
5623,10,1289.4,10,1289.4,move,improve
5624,10,1289.4,10,1289.4,move,improve
5625,10,1289.4,10,1289.4,2opt,notBad
5626,10,1289.4,10,1289.4,move,improve
5627,10,1289.4,10,1289.4,swap,notBad
5628,10,1289.4,10,1289.4,2opt,notBad
5629,10,1289.4,10,1289.4,move,improve
5630,10,1289.4,10,1289.4,swap,notBad
5631,10,1289.4,10,1289.4,2opt,notBad
5632,10,1289.4,10,1289.4,2opt,notBad
5633,10,1289.4,10,1289.4,swap,notBad
5634,10,1288.4,10,1288.4,move,newBest
5635,10,1288.4,10,1288.4,2opt,notBad
5636,10,1288.4,10,1288.4,move,improve
5637,10,1288.4,10,1288.4,2opt,notBad
5638,10,1292.4,10,1288.4,swap,acceptBad
5639,10,1292.4,10,1288.4,move,improve
5640,10,1292.4,10,1288.4,swap,notBad
5641,10,1292.4,10,1288.4,move,improve
5642,10,1292.4,10,1288.4,move,improve
5643,10,1292.4,10,1288.4,move,improve
5644,10,1292.4,10,1288.4,2opt,notBad
5645,10,1292.4,10,1288.4,swap,notBad
5646,10,1292.4,10,1288.4,2opt,improve
5647,10,1292.4,10,1288.4,2opt,notBad
5648,10,1292.4,10,1288.4,move,improve
5649,10,1292.4,10,1288.4,move,improve
5650,10,1292.4,10,1288.4,swap,notBad
5651,10,1292.4,10,1288.4,move,improve
5652,10,1292.4,10,1288.4,move,improve
5653,10,1292.4,10,1288.4,move,improve
5654,10,1292.4,10,1288.4,move,improve
5655,10,1292.4,10,1288.4,move,improve
5656,10,1292.4,10,1288.4,2opt,notBad
5657,10,1292.4,10,1288.4,swap,notBad
5658,10,1292.4,10,1288.4,swap,notBad
5659,10,1292.4,10,1288.4,move,improve
5660,10,1292.4,10,1288.4,swap,notBad
5661,10,1292.4,10,1288.4,move,improve
5662,10,1292.4,10,1288.4,swap,notBad
5663,10,1292.4,10,1288.4,move,improve
5664,10,1292.4,10,1288.4,move,improve
5665,10,1292.4,10,1288.4,swap,notBad
5666,10,1292.4,10,1288.4,2opt,notBad
5667,10,1292.4,10,1288.4,swap,notBad
5668,10,1292.4,10,1288.4,swap,notBad
5669,10,1292.4,10,1288.4,move,improve
5670,10,1292.4,10,1288.4,2opt,improve
5671,10,1292.4,10,1288.4,2opt,notBad
5672,10,1292.4,10,1288.4,swap,notBad
5673,10,1292.4,10,1288.4,2opt,improve
5674,10,1292.4,10,1288.4,move,notBad
5675,10,1292.4,10,1288.4,swap,notBad
5676,10,1292.4,10,1288.4,swap,notBad
5677,10,1295.5,10,1288.4,swap,acceptBad
5678,10,1295.5,10,1288.4,2opt,notBad
5679,10,1295.5,10,1288.4,2opt,notBad
5680,10,1295.5,10,1288.4,swap,notBad
5681,10,1292.4,10,1288.4,move,improve
5682,10,1292.4,10,1288.4,swap,notBad
5683,10,1292.4,10,1288.4,2opt,notBad
5684,10,1292.4,10,1288.4,2opt,notBad
5685,10,1292.4,10,1288.4,move,improve
5686,10,1292.4,10,1288.4,2opt,notBad
5687,10,1292.4,10,1288.4,move,improve
5688,10,1292.4,10,1288.4,move,improve
5689,10,1292.4,10,1288.4,swap,notBad
5690,10,1292.4,10,1288.4,swap,notBad
5691,10,1292.4,10,1288.4,move,improve
5692,10,1292.4,10,1288.4,move,improve
5693,10,1292.4,10,1288.4,2opt,notBad
5694,10,1292.4,10,1288.4,swap,notBad
5695,10,1292.4,10,1288.4,swap,notBad
5696,10,1292.4,10,1288.4,swap,notBad
5697,10,1292.4,10,1288.4,move,improve
5698,10,1292.4,10,1288.4,2opt,notBad
5699,10,1292.4,10,1288.4,swap,notBad
5700,10,1292.4,10,1288.4,swap,notBad
5701,10,1292.4,10,1288.4,move,improve
5702,10,1292.4,10,1288.4,swap,notBad
5703,10,1292.4,10,1288.4,move,improve
5704,10,1291.1000000000001,10,1288.4,swap,improve
5705,10,1291.1000000000001,10,1288.4,2opt,notBad
5706,10,1291.1000000000001,10,1288.4,swap,notBad
5707,10,1291.1000000000001,10,1288.4,swap,notBad
5708,10,1291.1000000000001,10,1288.4,move,improve
5709,10,1291.1000000000001,10,1288.4,2opt,notBad
5710,10,1291.1000000000001,10,1288.4,swap,notBad
5711,10,1291.1000000000001,10,1288.4,swap,notBad
5712,10,1291.1000000000001,10,1288.4,2opt,notBad
5713,10,1291.1000000000001,10,1288.4,swap,notBad
5714,10,1291.1000000000001,10,1288.4,2opt,notBad
5715,10,1291.1000000000001,10,1288.4,2opt,notBad
5716,10,1291.1000000000001,10,1288.4,swap,notBad
5717,10,1291.1000000000001,10,1288.4,2opt,notBad
5718,10,1291.1000000000001,10,1288.4,2opt,notBad
5719,10,1291.1000000000001,10,1288.4,move,improve
5720,10,1291.1000000000001,10,1288.4,move,improve
5721,10,1291.1000000000001,10,1288.4,move,improve
5722,10,1291.1000000000001,10,1288.4,move,improve
5723,10,1291.1000000000001,10,1288.4,move,improve
5724,10,1291.1000000000001,10,1288.4,2opt,notBad
5725,10,1291.1000000000001,10,1288.4,move,improve
5726,10,1291.1000000000001,10,1288.4,move,improve
5727,10,1291.1000000000001,10,1288.4,move,improve
5728,10,1291.1000000000001,10,1288.4,swap,notBad
5729,10,1291.1000000000001,10,1288.4,move,improve
5730,10,1291.1000000000001,10,1288.4,2opt,notBad
5731,10,1291.1000000000001,10,1288.4,2opt,notBad
5732,10,1291.1000000000001,10,1288.4,2opt,notBad
5733,10,1291.1000000000001,10,1288.4,swap,notBad
5734,10,1291.1000000000001,10,1288.4,swap,notBad
5735,10,1291.1000000000001,10,1288.4,swap,notBad
5736,10,1291.1000000000001,10,1288.4,swap,notBad
5737,10,1291.1000000000001,10,1288.4,2opt,notBad
5738,10,1291.1000000000001,10,1288.4,swap,notBad
5739,10,1291.1000000000001,10,1288.4,swap,notBad
5740,10,1291.1000000000001,10,1288.4,swap,notBad
5741,10,1291.1000000000001,10,1288.4,move,improve
5742,10,1291.1000000000001,10,1288.4,swap,notBad
5743,10,1291.1000000000001,10,1288.4,2opt,notBad
5744,10,1291.1000000000001,10,1288.4,move,improve
5745,10,1291.1000000000001,10,1288.4,swap,notBad
5746,10,1291.1000000000001,10,1288.4,move,improve
5747,10,1291.1000000000001,10,1288.4,swap,notBad
5748,10,1291.1000000000001,10,1288.4,move,improve
5749,10,1291.1000000000001,10,1288.4,move,improve
5750,10,1291.1000000000001,10,1288.4,swap,notBad
5751,10,1291.1000000000001,10,1288.4,2opt,improve
5752,10,1291.1000000000001,10,1288.4,2opt,notBad
5753,10,1291.1000000000001,10,1288.4,swap,notBad
5754,10,1291.1000000000001,10,1288.4,swap,notBad
5755,10,1291.1000000000001,10,1288.4,2opt,notBad
5756,10,1291.1000000000001,10,1288.4,move,improve
5757,10,1291.1000000000001,10,1288.4,move,improve
5758,10,1291.1000000000001,10,1288.4,move,improve
5759,10,1291.1000000000001,10,1288.4,2opt,notBad
5760,10,1291.1000000000001,10,1288.4,swap,notBad
5761,10,1291.1000000000001,10,1288.4,2opt,notBad
5762,10,1291.1000000000001,10,1288.4,2opt,notBad
5763,10,1291.1000000000001,10,1288.4,2opt,notBad
5764,10,1291.1000000000001,10,1288.4,swap,notBad
5765,10,1291.1000000000001,10,1288.4,swap,notBad
5766,10,1291.1000000000001,10,1288.4,move,improve
5767,10,1291.1000000000001,10,1288.4,2opt,notBad
5768,10,1291.1000000000001,10,1288.4,move,improve
5769,10,1291.1000000000001,10,1288.4,move,improve
5770,10,1291.1000000000001,10,1288.4,move,improve
5771,10,1291.1000000000001,10,1288.4,2opt,notBad
5772,10,1291.1000000000001,10,1288.4,swap,notBad
5773,10,1291.1000000000001,10,1288.4,move,improve
5774,10,1291.1000000000001,10,1288.4,2opt,notBad
5775,10,1291.1000000000001,10,1288.4,swap,notBad
5776,10,1291.1000000000001,10,1288.4,swap,notBad
5777,10,1291.1000000000001,10,1288.4,swap,notBad
5778,10,1291.1000000000001,10,1288.4,move,improve
5779,10,1291.1000000000001,10,1288.4,swap,notBad
5780,10,1291.1000000000001,10,1288.4,move,improve
5781,10,1291.1000000000001,10,1288.4,2opt,notBad
5782,10,1291.1000000000001,10,1288.4,move,improve
5783,10,1291.1000000000001,10,1288.4,move,improve
5784,10,1291.1000000000001,10,1288.4,2opt,notBad
5785,10,1291.1000000000001,10,1288.4,move,improve
5786,10,1291.1000000000001,10,1288.4,move,improve
5787,10,1291.1000000000001,10,1288.4,2opt,improve
5788,10,1291.1000000000001,10,1288.4,move,improve
5789,10,1291.1000000000001,10,1288.4,2opt,notBad
5790,10,1291.1000000000001,10,1288.4,2opt,notBad
5791,10,1291.1000000000001,10,1288.4,2opt,notBad
5792,10,1291.1000000000001,10,1288.4,swap,notBad
5793,10,1291.1000000000001,10,1288.4,2opt,notBad
5794,10,1291.1000000000001,10,1288.4,2opt,notBad
5795,10,1291.1000000000001,10,1288.4,2opt,notBad
5796,10,1291.1000000000001,10,1288.4,2opt,notBad
5797,10,1291.1000000000001,10,1288.4,move,improve
5798,10,1291.1000000000001,10,1288.4,2opt,notBad
5799,10,1291.1000000000001,10,1288.4,move,improve
5800,10,1291.1000000000001,10,1288.4,2opt,notBad
5801,10,1291.1000000000001,10,1288.4,move,improve
5802,10,1291.1000000000001,10,1288.4,2opt,notBad
5803,10,1291.1000000000001,10,1288.4,move,improve
5804,10,1291.1000000000001,10,1288.4,move,improve
5805,10,1291.1000000000001,10,1288.4,move,improve
5806,10,1291.1000000000001,10,1288.4,2opt,notBad
5807,10,1291.1000000000001,10,1288.4,swap,notBad
5808,10,1291.1000000000001,10,1288.4,move,improve
5809,10,1291.1000000000001,10,1288.4,swap,notBad
5810,10,1291.1000000000001,10,1288.4,move,improve
5811,10,1291.1000000000001,10,1288.4,move,improve
5812,10,1291.1000000000001,10,1288.4,2opt,notBad
5813,10,1291.1000000000001,10,1288.4,2opt,notBad
5814,10,1291.1000000000001,10,1288.4,move,improve
5815,10,1291.1000000000001,10,1288.4,2opt,notBad
5816,10,1291.1000000000001,10,1288.4,swap,notBad
5817,10,1291.1000000000001,10,1288.4,swap,notBad
5818,10,1291.1000000000001,10,1288.4,2opt,improve
5819,10,1291.1000000000001,10,1288.4,2opt,notBad
5820,10,1291.1000000000001,10,1288.4,2opt,notBad
5821,10,1291.1000000000001,10,1288.4,move,improve
5822,10,1291.1000000000001,10,1288.4,swap,notBad
5823,10,1291.1000000000001,10,1288.4,2opt,notBad
5824,10,1291.1000000000001,10,1288.4,move,improve
5825,10,1291.1000000000001,10,1288.4,move,improve
5826,10,1291.1000000000001,10,1288.4,swap,notBad
5827,10,1291.1000000000001,10,1288.4,2opt,notBad
5828,10,1291.1000000000001,10,1288.4,2opt,notBad
5829,10,1291.1000000000001,10,1288.4,move,improve
5830,10,1291.1000000000001,10,1288.4,move,improve
5831,10,1291.1000000000001,10,1288.4,move,improve
5832,10,1291.1000000000001,10,1288.4,swap,notBad
5833,10,1291.1000000000001,10,1288.4,2opt,notBad
5834,10,1291.1000000000001,10,1288.4,2opt,notBad
5835,10,1291.1000000000001,10,1288.4,2opt,notBad
5836,10,1291.1000000000001,10,1288.4,swap,notBad
5837,10,1291.1000000000001,10,1288.4,2opt,notBad
5838,10,1291.1000000000001,10,1288.4,2opt,notBad
5839,10,1291.1000000000001,10,1288.4,move,improve
5840,10,1291.1000000000001,10,1288.4,swap,notBad
5841,10,1291.1000000000001,10,1288.4,2opt,notBad
5842,10,1291.1000000000001,10,1288.4,2opt,notBad
5843,10,1291.1000000000001,10,1288.4,swap,notBad
5844,10,1291.1000000000001,10,1288.4,move,improve
5845,10,1291.1000000000001,10,1288.4,2opt,notBad
5846,10,1291.1000000000001,10,1288.4,move,improve
5847,10,1291.1000000000001,10,1288.4,2opt,notBad
5848,10,1291.1000000000001,10,1288.4,2opt,notBad
5849,10,1291.1000000000001,10,1288.4,2opt,notBad
5850,10,1291.1000000000001,10,1288.4,move,improve
5851,10,1291.1000000000001,10,1288.4,2opt,notBad
5852,10,1291.1000000000001,10,1288.4,move,improve
5853,10,1291.1000000000001,10,1288.4,move,improve
5854,10,1291.1000000000001,10,1288.4,2opt,notBad
5855,10,1291.1000000000001,10,1288.4,swap,notBad
5856,10,1291.1000000000001,10,1288.4,move,improve
5857,10,1291.1000000000001,10,1288.4,move,improve
5858,10,1291.1000000000001,10,1288.4,swap,notBad
5859,10,1291.1000000000001,10,1288.4,move,improve
5860,10,1291.1000000000001,10,1288.4,move,improve
5861,10,1291.1000000000001,10,1288.4,move,improve
5862,10,1291.1000000000001,10,1288.4,swap,notBad
5863,10,1291.1000000000001,10,1288.4,swap,notBad
5864,10,1291.1000000000001,10,1288.4,swap,notBad
5865,10,1291.1000000000001,10,1288.4,2opt,notBad
5866,10,1291.1000000000001,10,1288.4,swap,notBad
5867,10,1291.1000000000001,10,1288.4,2opt,notBad
5868,10,1291.1000000000001,10,1288.4,swap,notBad
5869,10,1291.1000000000001,10,1288.4,2opt,notBad
5870,10,1291.1000000000001,10,1288.4,move,improve
5871,10,1291.1000000000001,10,1288.4,2opt,notBad
5872,10,1291.1000000000001,10,1288.4,swap,notBad
5873,10,1291.1000000000001,10,1288.4,2opt,notBad
5874,10,1291.1000000000001,10,1288.4,swap,notBad
5875,10,1291.1000000000001,10,1288.4,swap,notBad
5876,10,1291.1000000000001,10,1288.4,swap,notBad
5877,10,1291.1000000000001,10,1288.4,move,improve
5878,10,1291.1000000000001,10,1288.4,move,improve
5879,10,1291.1000000000001,10,1288.4,swap,notBad
5880,10,1291.1000000000001,10,1288.4,2opt,notBad
5881,10,1291.1000000000001,10,1288.4,swap,notBad
5882,10,1291.1000000000001,10,1288.4,swap,notBad
5883,10,1291.1000000000001,10,1288.4,move,improve
5884,10,1291.1000000000001,10,1288.4,swap,notBad
5885,10,1291.1000000000001,10,1288.4,swap,notBad
5886,10,1291.1000000000001,10,1288.4,2opt,notBad
5887,10,1291.1000000000001,10,1288.4,swap,notBad
5888,10,1291.1000000000001,10,1288.4,swap,notBad
5889,10,1291.1000000000001,10,1288.4,2opt,notBad
5890,10,1291.1000000000001,10,1288.4,swap,notBad
5891,10,1291.1000000000001,10,1288.4,2opt,notBad
5892,10,1291.1000000000001,10,1288.4,move,improve
5893,10,1291.1000000000001,10,1288.4,move,improve
5894,10,1291.1000000000001,10,1288.4,2opt,notBad
5895,10,1291.1000000000001,10,1288.4,move,improve
5896,10,1291.1000000000001,10,1288.4,swap,notBad
5897,10,1291.1000000000001,10,1288.4,swap,notBad
5898,10,1291.1000000000001,10,1288.4,2opt,notBad
5899,10,1291.1000000000001,10,1288.4,2opt,notBad
5900,10,1291.1000000000001,10,1288.4,2opt,notBad
5901,10,1291.1000000000001,10,1288.4,move,improve
5902,10,1291.1000000000001,10,1288.4,swap,notBad
5903,10,1291.1000000000001,10,1288.4,2opt,notBad
5904,10,1291.1000000000001,10,1288.4,swap,notBad
5905,10,1291.1000000000001,10,1288.4,swap,notBad
5906,10,1291.1000000000001,10,1288.4,2opt,notBad
5907,10,1291.1000000000001,10,1288.4,swap,notBad
5908,10,1291.1000000000001,10,1288.4,move,improve
5909,10,1291.1000000000001,10,1288.4,2opt,notBad
5910,10,1291.1000000000001,10,1288.4,move,improve
5911,10,1291.1000000000001,10,1288.4,swap,notBad
5912,10,1291.1000000000001,10,1288.4,move,improve
5913,10,1291.1000000000001,10,1288.4,move,improve
5914,10,1291.1000000000001,10,1288.4,swap,notBad
5915,10,1291.1000000000001,10,1288.4,swap,notBad
5916,10,1291.1000000000001,10,1288.4,2opt,notBad
5917,10,1291.1000000000001,10,1288.4,2opt,notBad
5918,10,1291.1000000000001,10,1288.4,2opt,improve
5919,10,1291.1000000000001,10,1288.4,move,improve
5920,10,1291.1000000000001,10,1288.4,swap,notBad
5921,10,1291.1000000000001,10,1288.4,move,improve
5922,10,1291.1000000000001,10,1288.4,move,improve
5923,10,1291.1000000000001,10,1288.4,2opt,notBad
5924,10,1291.1000000000001,10,1288.4,swap,notBad
5925,10,1291.1000000000001,10,1288.4,move,improve
5926,10,1291.1000000000001,10,1288.4,2opt,notBad
5927,10,1291.1000000000001,10,1288.4,move,improve
5928,10,1291.1000000000001,10,1288.4,2opt,notBad
5929,10,1291.1000000000001,10,1288.4,move,improve
5930,10,1291.1000000000001,10,1288.4,swap,notBad
5931,10,1291.1000000000001,10,1288.4,move,improve
5932,10,1291.1000000000001,10,1288.4,move,improve
5933,10,1291.1000000000001,10,1288.4,2opt,improve
5934,10,1291.1000000000001,10,1288.4,swap,notBad
5935,10,1291.1000000000001,10,1288.4,move,improve
5936,10,1291.1000000000001,10,1288.4,move,improve
5937,10,1291.1000000000001,10,1288.4,swap,notBad
5938,10,1291.1000000000001,10,1288.4,move,improve
5939,10,1291.1000000000001,10,1288.4,move,improve
5940,10,1291.1000000000001,10,1288.4,swap,notBad
5941,10,1291.1000000000001,10,1288.4,move,improve
5942,10,1291.1000000000001,10,1288.4,2opt,notBad
5943,10,1291.1000000000001,10,1288.4,2opt,notBad
5944,10,1291.1000000000001,10,1288.4,move,improve
5945,10,1291.1000000000001,10,1288.4,2opt,notBad
5946,10,1291.1000000000001,10,1288.4,move,improve
5947,10,1291.1000000000001,10,1288.4,2opt,notBad
5948,10,1291.1000000000001,10,1288.4,move,improve
5949,10,1291.1000000000001,10,1288.4,move,improve
5950,10,1291.1000000000001,10,1288.4,move,improve
5951,10,1291.1000000000001,10,1288.4,swap,notBad
5952,10,1291.1000000000001,10,1288.4,2opt,notBad
5953,10,1291.1000000000001,10,1288.4,swap,notBad
5954,10,1291.1000000000001,10,1288.4,move,improve
5955,10,1291.1000000000001,10,1288.4,2opt,notBad
5956,10,1291.1000000000001,10,1288.4,move,improve
5957,10,1291.1000000000001,10,1288.4,move,improve
5958,10,1291.1000000000001,10,1288.4,swap,notBad
5959,10,1287.1000000000001,10,1287.1000000000001,move,newBest
5960,10,1287.1000000000001,10,1287.1000000000001,move,improve
5961,10,1287.1000000000001,10,1287.1000000000001,move,improve
5962,10,1287.1000000000001,10,1287.1000000000001,2opt,notBad
5963,10,1287.1000000000001,10,1287.1000000000001,move,improve
5964,10,1287.1000000000001,10,1287.1000000000001,move,improve
5965,10,1287.1000000000001,10,1287.1000000000001,swap,notBad
5966,10,1287.1000000000001,10,1287.1000000000001,2opt,notBad
5967,10,1287.1000000000001,10,1287.1000000000001,2opt,notBad
5968,10,1287.1000000000001,10,1287.1000000000001,swap,notBad
5969,10,1287.1000000000001,10,1287.1000000000001,swap,notBad
5970,10,1287.1000000000001,10,1287.1000000000001,2opt,notBad
5971,10,1287.1000000000001,10,1287.1000000000001,2opt,notBad
5972,10,1287.1000000000001,10,1287.1000000000001,2opt,improve
5973,10,1287.1000000000001,10,1287.1000000000001,move,improve
5974,10,1287.1000000000001,10,1287.1000000000001,2opt,notBad
5975,10,1287.1000000000001,10,1287.1000000000001,move,improve
5976,10,1287.1000000000001,10,1287.1000000000001,move,improve
5977,10,1287.1000000000001,10,1287.1000000000001,swap,notBad
5978,10,1287.1000000000001,10,1287.1000000000001,swap,notBad
5979,10,1287.1000000000001,10,1287.1000000000001,swap,notBad
5980,10,1287.1000000000001,10,1287.1000000000001,move,improve
5981,10,1287.1000000000001,10,1287.1000000000001,2opt,notBad
5982,10,1287.1000000000001,10,1287.1000000000001,2opt,notBad
5983,10,1287.1000000000001,10,1287.1000000000001,move,improve
5984,10,1287.1000000000001,10,1287.1000000000001,2opt,notBad
5985,10,1287.1000000000001,10,1287.1000000000001,swap,notBad
5986,10,1287.1000000000001,10,1287.1000000000001,move,improve
5987,10,1287.1000000000001,10,1287.1000000000001,2opt,notBad
5988,10,1287.1000000000001,10,1287.1000000000001,2opt,notBad
5989,10,1287.1000000000001,10,1287.1000000000001,2opt,notBad
5990,10,1287.1000000000001,10,1287.1000000000001,move,improve
5991,10,1287.1000000000001,10,1287.1000000000001,swap,notBad
5992,10,1287.1000000000001,10,1287.1000000000001,move,improve
5993,10,1287.1000000000001,10,1287.1000000000001,2opt,notBad
5994,10,1287.1000000000001,10,1287.1000000000001,2opt,notBad
5995,10,1287.1000000000001,10,1287.1000000000001,swap,notBad
5996,10,1287.1000000000001,10,1287.1000000000001,move,improve
5997,10,1287.1000000000001,10,1287.1000000000001,move,improve
5998,10,1287.1000000000001,10,1287.1000000000001,2opt,notBad
5999,10,1287.1000000000001,10,1287.1000000000001,move,improve
6000,10,1287.1000000000001,10,1287.1000000000001,move,improve
6001,10,1287.1000000000001,10,1287.1000000000001,2opt,notBad
6002,10,1287.1000000000001,10,1287.1000000000001,swap,notBad
6003,10,1287.1000000000001,10,1287.1000000000001,2opt,notBad
6004,10,1287.1000000000001,10,1287.1000000000001,swap,notBad
6005,10,1287.1000000000001,10,1287.1000000000001,swap,notBad
6006,10,1287.1000000000001,10,1287.1000000000001,2opt,notBad
6007,10,1287.1000000000001,10,1287.1000000000001,swap,notBad
6008,10,1287.1000000000001,10,1287.1000000000001,move,improve
6009,10,1287.1000000000001,10,1287.1000000000001,2opt,notBad
6010,10,1287.1000000000001,10,1287.1000000000001,swap,notBad
6011,10,1287.1000000000001,10,1287.1000000000001,move,improve
6012,10,1287.1000000000001,10,1287.1000000000001,swap,notBad
6013,10,1287.1000000000001,10,1287.1000000000001,move,improve
6014,10,1287.1000000000001,10,1287.1000000000001,swap,notBad
6015,10,1287.1000000000001,10,1287.1000000000001,move,improve
6016,10,1287.1000000000001,10,1287.1000000000001,swap,notBad
6017,10,1287.1000000000001,10,1287.1000000000001,2opt,notBad
6018,10,1287.1000000000001,10,1287.1000000000001,swap,notBad
6019,10,1287.1000000000001,10,1287.1000000000001,2opt,notBad
6020,10,1287.1000000000001,10,1287.1000000000001,2opt,notBad
6021,10,1287.1000000000001,10,1287.1000000000001,move,improve
6022,10,1287.1000000000001,10,1287.1000000000001,2opt,notBad
6023,10,1287.1000000000001,10,1287.1000000000001,move,improve
6024,10,1287.1000000000001,10,1287.1000000000001,2opt,notBad
6025,10,1287.1000000000001,10,1287.1000000000001,swap,notBad
6026,10,1287.1000000000001,10,1287.1000000000001,swap,notBad
6027,10,1287.1000000000001,10,1287.1000000000001,swap,notBad
6028,10,1287.1000000000001,10,1287.1000000000001,2opt,notBad
6029,10,1287.1000000000001,10,1287.1000000000001,swap,notBad
6030,10,1287.1000000000001,10,1287.1000000000001,swap,notBad
6031,10,1287.1000000000001,10,1287.1000000000001,move,improve
6032,10,1287.1000000000001,10,1287.1000000000001,move,improve
6033,10,1287.1000000000001,10,1287.1000000000001,move,improve
6034,10,1288.4,10,1287.1000000000001,swap,acceptBad
6035,10,1288.4,10,1287.1000000000001,swap,notBad
6036,10,1288.4,10,1287.1000000000001,move,improve
6037,10,1288.4,10,1287.1000000000001,2opt,notBad
6038,10,1288.4,10,1287.1000000000001,2opt,notBad
6039,10,1288.4,10,1287.1000000000001,2opt,notBad
6040,10,1288.4,10,1287.1000000000001,swap,notBad
6041,10,1288.4,10,1287.1000000000001,2opt,notBad
6042,10,1288.4,10,1287.1000000000001,move,improve
6043,10,1288.4,10,1287.1000000000001,2opt,notBad
6044,10,1288.4,10,1287.1000000000001,swap,notBad
6045,10,1288.4,10,1287.1000000000001,move,improve
6046,10,1288.4,10,1287.1000000000001,move,improve
6047,10,1288.4,10,1287.1000000000001,swap,notBad
6048,10,1289.2000000000003,10,1287.1000000000001,swap,acceptBad
6049,10,1289.2000000000003,10,1287.1000000000001,swap,notBad
6050,10,1289.2000000000003,10,1287.1000000000001,move,improve
6051,10,1289.2000000000003,10,1287.1000000000001,2opt,notBad
6052,10,1289.2000000000003,10,1287.1000000000001,2opt,notBad
6053,10,1289.2000000000003,10,1287.1000000000001,2opt,notBad
6054,10,1289.2000000000003,10,1287.1000000000001,swap,notBad
6055,10,1289.2000000000003,10,1287.1000000000001,move,improve
6056,10,1289.2000000000003,10,1287.1000000000001,2opt,notBad
6057,10,1289.2000000000003,10,1287.1000000000001,move,improve
6058,10,1289.2000000000003,10,1287.1000000000001,swap,notBad
6059,10,1289.2000000000003,10,1287.1000000000001,swap,notBad
6060,10,1289.2000000000003,10,1287.1000000000001,2opt,notBad
6061,10,1289.2000000000003,10,1287.1000000000001,2opt,improve
6062,10,1289.2000000000003,10,1287.1000000000001,swap,notBad
6063,10,1289.2000000000003,10,1287.1000000000001,move,improve
6064,10,1289.2000000000003,10,1287.1000000000001,swap,notBad
6065,10,1289.2000000000003,10,1287.1000000000001,2opt,notBad
6066,10,1289.2000000000003,10,1287.1000000000001,move,improve
6067,10,1289.2000000000003,10,1287.1000000000001,2opt,improve
6068,10,1289.2000000000003,10,1287.1000000000001,move,improve
6069,10,1289.2000000000003,10,1287.1000000000001,2opt,notBad
6070,10,1289.2000000000003,10,1287.1000000000001,2opt,notBad
6071,10,1289.2000000000003,10,1287.1000000000001,2opt,notBad
6072,10,1289.2000000000003,10,1287.1000000000001,move,improve
6073,10,1289.2000000000003,10,1287.1000000000001,move,improve
6074,10,1289.2000000000003,10,1287.1000000000001,swap,notBad
6075,10,1289.2000000000003,10,1287.1000000000001,move,improve
6076,10,1289.2000000000003,10,1287.1000000000001,2opt,improve
6077,10,1289.2000000000003,10,1287.1000000000001,move,improve
6078,10,1289.2000000000003,10,1287.1000000000001,2opt,notBad
6079,10,1289.2000000000003,10,1287.1000000000001,2opt,notBad
6080,10,1289.2000000000003,10,1287.1000000000001,2opt,notBad
6081,10,1289.2000000000003,10,1287.1000000000001,swap,notBad
6082,10,1289.2000000000003,10,1287.1000000000001,swap,notBad
6083,10,1289.2000000000003,10,1287.1000000000001,swap,notBad
6084,10,1289.2000000000003,10,1287.1000000000001,2opt,notBad
6085,10,1289.2000000000003,10,1287.1000000000001,swap,notBad
6086,10,1289.2000000000003,10,1287.1000000000001,move,improve
6087,10,1289.2000000000003,10,1287.1000000000001,swap,notBad
6088,10,1289.2000000000003,10,1287.1000000000001,move,improve
6089,10,1289.2000000000003,10,1287.1000000000001,move,improve
6090,10,1289.2000000000003,10,1287.1000000000001,2opt,notBad
6091,10,1289.2000000000003,10,1287.1000000000001,move,improve
6092,10,1289.2000000000003,10,1287.1000000000001,2opt,notBad
6093,10,1288.8000000000002,10,1287.1000000000001,move,improve
6094,10,1288.8000000000002,10,1287.1000000000001,swap,notBad
6095,10,1288.8000000000002,10,1287.1000000000001,move,improve
6096,10,1288.8000000000002,10,1287.1000000000001,2opt,notBad
6097,10,1288.8000000000002,10,1287.1000000000001,swap,notBad
6098,10,1288.8000000000002,10,1287.1000000000001,2opt,notBad
6099,10,1288.8000000000002,10,1287.1000000000001,swap,notBad
6100,10,1288.8000000000002,10,1287.1000000000001,move,improve
6101,10,1288.8000000000002,10,1287.1000000000001,move,improve
6102,10,1288.8000000000002,10,1287.1000000000001,move,improve
6103,10,1288.8000000000002,10,1287.1000000000001,move,improve
6104,10,1288.8000000000002,10,1287.1000000000001,swap,notBad
6105,10,1288.8000000000002,10,1287.1000000000001,2opt,notBad
6106,10,1288.8000000000002,10,1287.1000000000001,move,improve
6107,10,1288.8000000000002,10,1287.1000000000001,2opt,notBad
6108,10,1288.8000000000002,10,1287.1000000000001,2opt,notBad
6109,10,1288.8000000000002,10,1287.1000000000001,2opt,notBad
6110,10,1288.8000000000002,10,1287.1000000000001,2opt,notBad
6111,10,1288.8000000000002,10,1287.1000000000001,move,improve
6112,10,1288.8000000000002,10,1287.1000000000001,swap,notBad
6113,10,1288.8000000000002,10,1287.1000000000001,move,improve
6114,10,1288.8000000000002,10,1287.1000000000001,2opt,notBad
6115,10,1288.8000000000002,10,1287.1000000000001,2opt,notBad
6116,10,1288.8000000000002,10,1287.1000000000001,swap,notBad
6117,10,1288.8000000000002,10,1287.1000000000001,swap,notBad
6118,10,1288.8000000000002,10,1287.1000000000001,2opt,notBad
6119,10,1288.0,10,1287.1000000000001,swap,improve
6120,10,1288.0,10,1287.1000000000001,swap,notBad
6121,10,1288.0,10,1287.1000000000001,move,improve
6122,10,1288.0,10,1287.1000000000001,swap,notBad
6123,10,1288.0,10,1287.1000000000001,move,improve
6124,10,1288.0,10,1287.1000000000001,move,improve
6125,10,1288.0,10,1287.1000000000001,2opt,notBad
6126,10,1288.0,10,1287.1000000000001,swap,notBad
6127,10,1288.0,10,1287.1000000000001,move,improve
6128,10,1288.0,10,1287.1000000000001,move,improve
6129,10,1288.0,10,1287.1000000000001,swap,notBad
6130,10,1288.0,10,1287.1000000000001,2opt,notBad
6131,10,1288.0,10,1287.1000000000001,2opt,notBad
6132,10,1288.0,10,1287.1000000000001,2opt,notBad
6133,10,1288.0,10,1287.1000000000001,swap,notBad
6134,10,1288.0,10,1287.1000000000001,2opt,notBad
6135,10,1288.0,10,1287.1000000000001,move,improve
6136,10,1288.0,10,1287.1000000000001,swap,notBad
6137,10,1288.0,10,1287.1000000000001,2opt,notBad
6138,10,1288.0,10,1287.1000000000001,move,improve
6139,10,1288.0,10,1287.1000000000001,swap,notBad
6140,10,1288.0,10,1287.1000000000001,2opt,notBad
6141,10,1288.0,10,1287.1000000000001,2opt,notBad
6142,10,1288.0,10,1287.1000000000001,2opt,notBad
6143,10,1288.0,10,1287.1000000000001,2opt,notBad
6144,10,1288.0,10,1287.1000000000001,move,improve
6145,10,1288.0,10,1287.1000000000001,2opt,notBad
6146,10,1288.0,10,1287.1000000000001,2opt,notBad
6147,10,1288.0,10,1287.1000000000001,2opt,notBad
6148,10,1288.0,10,1287.1000000000001,2opt,notBad
6149,10,1288.0,10,1287.1000000000001,swap,notBad
6150,10,1288.0,10,1287.1000000000001,swap,notBad
6151,10,1288.0,10,1287.1000000000001,move,improve
6152,10,1288.0,10,1287.1000000000001,swap,notBad
6153,10,1288.0,10,1287.1000000000001,swap,notBad
6154,10,1288.0,10,1287.1000000000001,move,improve
6155,10,1288.0,10,1287.1000000000001,swap,notBad
6156,10,1288.0,10,1287.1000000000001,2opt,notBad
6157,10,1288.0,10,1287.1000000000001,move,improve
6158,10,1288.0,10,1287.1000000000001,2opt,notBad
6159,10,1288.0,10,1287.1000000000001,swap,notBad
6160,10,1288.0,10,1287.1000000000001,move,improve
6161,10,1288.0,10,1287.1000000000001,move,improve
6162,10,1288.0,10,1287.1000000000001,move,improve
6163,10,1288.0,10,1287.1000000000001,2opt,notBad
6164,10,1288.0,10,1287.1000000000001,2opt,notBad
6165,10,1288.0,10,1287.1000000000001,swap,notBad
6166,10,1288.0,10,1287.1000000000001,swap,notBad
6167,10,1288.0,10,1287.1000000000001,2opt,notBad
6168,10,1288.0,10,1287.1000000000001,2opt,notBad
6169,10,1288.0,10,1287.1000000000001,swap,notBad
6170,10,1288.0,10,1287.1000000000001,2opt,notBad
6171,10,1288.0,10,1287.1000000000001,move,improve
6172,10,1288.0,10,1287.1000000000001,swap,notBad
6173,10,1288.0,10,1287.1000000000001,2opt,improve
6174,10,1288.0,10,1287.1000000000001,swap,notBad
6175,10,1288.0,10,1287.1000000000001,move,improve
6176,10,1288.0,10,1287.1000000000001,swap,notBad
6177,10,1288.0,10,1287.1000000000001,swap,notBad
6178,10,1288.0,10,1287.1000000000001,2opt,notBad
6179,10,1288.0,10,1287.1000000000001,2opt,improve
6180,10,1288.0,10,1287.1000000000001,2opt,notBad
6181,10,1288.0,10,1287.1000000000001,swap,notBad
6182,10,1288.0,10,1287.1000000000001,swap,notBad
6183,10,1288.0,10,1287.1000000000001,swap,notBad
6184,10,1288.0,10,1287.1000000000001,2opt,notBad
6185,10,1288.0,10,1287.1000000000001,2opt,notBad
6186,10,1288.0,10,1287.1000000000001,swap,notBad
6187,10,1288.0,10,1287.1000000000001,swap,notBad
6188,10,1288.0,10,1287.1000000000001,swap,notBad
6189,10,1288.0,10,1287.1000000000001,swap,notBad
6190,10,1288.0,10,1287.1000000000001,2opt,notBad
6191,10,1288.0,10,1287.1000000000001,swap,notBad
6192,10,1288.0,10,1287.1000000000001,2opt,notBad
6193,10,1288.0,10,1287.1000000000001,move,improve
6194,10,1288.0,10,1287.1000000000001,2opt,notBad
6195,10,1288.0,10,1287.1000000000001,2opt,notBad
6196,10,1288.0,10,1287.1000000000001,swap,notBad
6197,10,1288.0,10,1287.1000000000001,move,improve
6198,10,1288.0,10,1287.1000000000001,2opt,notBad
6199,10,1288.0,10,1287.1000000000001,move,improve
6200,10,1288.0,10,1287.1000000000001,2opt,notBad
6201,10,1288.0,10,1287.1000000000001,move,improve
6202,10,1288.0,10,1287.1000000000001,swap,notBad
6203,10,1288.0,10,1287.1000000000001,move,improve
6204,10,1288.0,10,1287.1000000000001,move,improve
6205,10,1288.0,10,1287.1000000000001,swap,notBad
6206,10,1288.0,10,1287.1000000000001,2opt,notBad
6207,10,1288.0,10,1287.1000000000001,2opt,notBad
6208,10,1288.0,10,1287.1000000000001,2opt,notBad
6209,10,1288.0,10,1287.1000000000001,2opt,notBad
6210,10,1288.0,10,1287.1000000000001,move,improve
6211,10,1288.0,10,1287.1000000000001,2opt,notBad
6212,10,1288.0,10,1287.1000000000001,move,improve
6213,10,1288.0,10,1287.1000000000001,move,improve
6214,10,1288.0,10,1287.1000000000001,swap,notBad
6215,10,1288.0,10,1287.1000000000001,move,improve
6216,10,1288.0,10,1287.1000000000001,move,improve
6217,10,1288.0,10,1287.1000000000001,move,improve
6218,10,1288.0,10,1287.1000000000001,2opt,notBad
6219,10,1288.0,10,1287.1000000000001,2opt,notBad
6220,10,1288.0,10,1287.1000000000001,move,notBad
6221,10,1288.0,10,1287.1000000000001,2opt,notBad
6222,10,1288.0,10,1287.1000000000001,2opt,notBad
6223,10,1288.0,10,1287.1000000000001,swap,notBad
6224,10,1288.0,10,1287.1000000000001,2opt,notBad
6225,10,1288.0,10,1287.1000000000001,2opt,notBad
6226,10,1288.0,10,1287.1000000000001,move,improve
6227,10,1288.0,10,1287.1000000000001,swap,notBad
6228,10,1288.0,10,1287.1000000000001,move,improve
6229,10,1288.0,10,1287.1000000000001,move,improve
6230,10,1288.0,10,1287.1000000000001,2opt,notBad
6231,10,1288.0,10,1287.1000000000001,swap,notBad
6232,10,1288.0,10,1287.1000000000001,2opt,improve
6233,10,1288.0,10,1287.1000000000001,move,improve
6234,10,1288.0,10,1287.1000000000001,move,improve
6235,10,1288.0,10,1287.1000000000001,2opt,notBad
6236,10,1288.0,10,1287.1000000000001,2opt,notBad
6237,10,1288.0,10,1287.1000000000001,swap,notBad
6238,10,1288.0,10,1287.1000000000001,move,improve
6239,10,1288.0,10,1287.1000000000001,move,improve
6240,10,1288.0,10,1287.1000000000001,2opt,notBad
6241,10,1288.0,10,1287.1000000000001,swap,notBad
6242,10,1288.0,10,1287.1000000000001,move,improve
6243,10,1288.0,10,1287.1000000000001,swap,notBad
6244,10,1288.0,10,1287.1000000000001,swap,notBad
6245,10,1288.0,10,1287.1000000000001,move,improve
6246,10,1288.0,10,1287.1000000000001,move,improve
6247,10,1288.0,10,1287.1000000000001,2opt,notBad
6248,10,1288.0,10,1287.1000000000001,swap,notBad
6249,10,1288.0,10,1287.1000000000001,2opt,notBad
6250,10,1288.0,10,1287.1000000000001,swap,notBad
6251,10,1288.0,10,1287.1000000000001,swap,notBad
6252,10,1286.7,10,1286.7,swap,newBest
6253,10,1286.7,10,1286.7,swap,notBad
6254,10,1286.7,10,1286.7,2opt,notBad
6255,10,1286.7,10,1286.7,move,improve
6256,10,1286.7,10,1286.7,2opt,notBad
6257,10,1286.7,10,1286.7,2opt,notBad
6258,10,1286.7,10,1286.7,move,improve
6259,10,1286.7,10,1286.7,2opt,notBad
6260,10,1286.7,10,1286.7,2opt,notBad
6261,10,1286.7,10,1286.7,move,improve
6262,10,1286.7,10,1286.7,2opt,notBad
6263,10,1286.7,10,1286.7,2opt,notBad
6264,10,1286.7,10,1286.7,2opt,improve
6265,10,1286.7,10,1286.7,2opt,notBad
6266,10,1286.7,10,1286.7,move,improve
6267,10,1286.7,10,1286.7,swap,notBad
6268,10,1286.7,10,1286.7,swap,notBad
6269,10,1286.7,10,1286.7,2opt,notBad
6270,10,1286.7,10,1286.7,2opt,notBad
6271,10,1286.7,10,1286.7,2opt,notBad
6272,10,1286.7,10,1286.7,swap,notBad
6273,10,1286.7,10,1286.7,swap,notBad
6274,10,1286.7,10,1286.7,move,improve
6275,10,1286.7,10,1286.7,swap,notBad
6276,10,1286.7,10,1286.7,2opt,notBad
6277,10,1286.7,10,1286.7,2opt,notBad
6278,10,1286.7,10,1286.7,move,improve
6279,10,1286.7,10,1286.7,2opt,improve
6280,10,1286.7,10,1286.7,2opt,notBad
6281,10,1286.7,10,1286.7,move,improve
6282,10,1286.7,10,1286.7,swap,notBad
6283,10,1286.7,10,1286.7,move,improve
6284,10,1286.7,10,1286.7,2opt,improve
6285,10,1286.7,10,1286.7,2opt,notBad
6286,10,1286.7,10,1286.7,swap,notBad
6287,10,1286.7,10,1286.7,2opt,notBad
6288,10,1286.7,10,1286.7,move,improve
6289,10,1286.7,10,1286.7,2opt,notBad
6290,10,1286.7,10,1286.7,swap,notBad
6291,10,1286.7,10,1286.7,move,improve
6292,10,1286.7,10,1286.7,2opt,notBad
6293,10,1286.7,10,1286.7,swap,notBad
6294,10,1286.7,10,1286.7,2opt,notBad
6295,10,1286.7,10,1286.7,swap,notBad
6296,10,1286.7,10,1286.7,move,improve
6297,10,1286.7,10,1286.7,swap,notBad
6298,10,1286.7,10,1286.7,move,improve
6299,10,1286.7,10,1286.7,2opt,notBad
6300,10,1286.7,10,1286.7,swap,notBad
6301,10,1286.7,10,1286.7,move,improve
6302,10,1286.7,10,1286.7,2opt,notBad
6303,10,1286.7,10,1286.7,move,improve
6304,10,1286.7,10,1286.7,2opt,notBad
6305,10,1286.7,10,1286.7,2opt,notBad
6306,10,1286.7,10,1286.7,move,improve
6307,10,1286.7,10,1286.7,swap,notBad
6308,10,1286.7,10,1286.7,move,improve
6309,10,1286.7,10,1286.7,swap,notBad
6310,10,1286.7,10,1286.7,2opt,notBad
6311,10,1286.7,10,1286.7,2opt,notBad
6312,10,1286.7,10,1286.7,2opt,notBad
6313,10,1286.7,10,1286.7,2opt,notBad
6314,10,1286.7,10,1286.7,swap,notBad
6315,10,1286.7,10,1286.7,2opt,notBad
6316,10,1286.7,10,1286.7,move,improve
6317,10,1286.7,10,1286.7,move,improve
6318,10,1286.7,10,1286.7,move,improve
6319,10,1286.7,10,1286.7,move,improve
6320,10,1286.7,10,1286.7,2opt,notBad
6321,10,1287.6,10,1286.7,swap,acceptBad
6322,10,1287.6,10,1286.7,move,improve
6323,10,1287.6,10,1286.7,move,improve
6324,10,1287.6,10,1286.7,move,improve
6325,10,1287.6,10,1286.7,move,improve
6326,10,1287.6,10,1286.7,move,improve
6327,10,1287.6,10,1286.7,2opt,improve
6328,10,1287.6,10,1286.7,2opt,notBad
6329,10,1287.6,10,1286.7,move,improve
6330,10,1287.6,10,1286.7,move,improve
6331,10,1287.6,10,1286.7,move,improve
6332,10,1287.6,10,1286.7,swap,notBad
6333,10,1287.6,10,1286.7,swap,notBad
6334,10,1287.6,10,1286.7,move,improve
6335,10,1287.6,10,1286.7,move,improve
6336,10,1287.6,10,1286.7,move,improve
6337,10,1287.6,10,1286.7,2opt,notBad
6338,10,1287.6,10,1286.7,2opt,notBad
6339,10,1287.6,10,1286.7,swap,notBad
6340,10,1289.2,10,1286.7,swap,acceptBad
6341,10,1289.2,10,1286.7,2opt,notBad
6342,10,1289.2,10,1286.7,2opt,notBad
6343,10,1287.6,10,1286.7,move,improve
6344,10,1287.6,10,1286.7,2opt,notBad
6345,10,1287.6,10,1286.7,2opt,notBad
6346,10,1287.6,10,1286.7,move,improve
6347,10,1287.6,10,1286.7,swap,notBad
6348,10,1287.6,10,1286.7,swap,notBad
6349,10,1287.6,10,1286.7,2opt,notBad
6350,10,1287.6,10,1286.7,move,improve
6351,10,1287.6,10,1286.7,2opt,improve
6352,10,1287.6,10,1286.7,2opt,notBad
6353,10,1287.6,10,1286.7,2opt,notBad
6354,10,1287.6,10,1286.7,move,improve
6355,10,1287.6,10,1286.7,move,improve
6356,10,1287.6,10,1286.7,swap,notBad
6357,10,1287.6,10,1286.7,swap,notBad
6358,10,1287.6,10,1286.7,move,improve
6359,10,1287.6,10,1286.7,swap,notBad
6360,10,1291.8,10,1286.7,swap,acceptBad
6361,10,1291.8,10,1286.7,swap,notBad
6362,10,1291.8,10,1286.7,move,improve
6363,10,1291.8,10,1286.7,swap,notBad
6364,10,1291.8,10,1286.7,move,improve
6365,10,1291.8,10,1286.7,swap,notBad
6366,10,1291.8,10,1286.7,2opt,notBad
6367,10,1291.8,10,1286.7,2opt,notBad
6368,10,1291.8,10,1286.7,2opt,notBad
6369,10,1291.8,10,1286.7,swap,notBad
6370,10,1291.8,10,1286.7,move,improve
6371,10,1291.8,10,1286.7,move,improve
6372,10,1291.8,10,1286.7,2opt,notBad
6373,10,1291.8,10,1286.7,move,improve
6374,10,1291.8,10,1286.7,swap,notBad
6375,10,1291.8,10,1286.7,2opt,notBad
6376,10,1291.8,10,1286.7,swap,notBad
6377,10,1291.8,10,1286.7,2opt,notBad
6378,10,1291.8,10,1286.7,2opt,notBad
6379,10,1291.8,10,1286.7,swap,notBad
6380,10,1291.8,10,1286.7,2opt,notBad
6381,10,1291.8,10,1286.7,swap,notBad
6382,10,1291.8,10,1286.7,swap,notBad
6383,10,1291.8,10,1286.7,2opt,notBad
6384,10,1291.8,10,1286.7,swap,notBad
6385,10,1291.8,10,1286.7,swap,notBad
6386,10,1291.8,10,1286.7,2opt,notBad
6387,10,1291.8,10,1286.7,swap,notBad
6388,10,1291.8,10,1286.7,2opt,notBad
6389,10,1291.8,10,1286.7,swap,notBad
6390,10,1291.8,10,1286.7,2opt,notBad
6391,10,1291.8,10,1286.7,swap,notBad
6392,10,1291.8,10,1286.7,2opt,notBad
6393,10,1291.8,10,1286.7,2opt,notBad
6394,10,1291.8,10,1286.7,2opt,notBad
6395,10,1291.8,10,1286.7,swap,notBad
6396,10,1291.8,10,1286.7,swap,notBad
6397,10,1291.8,10,1286.7,swap,notBad
6398,10,1291.8,10,1286.7,2opt,notBad
6399,10,1291.8,10,1286.7,move,improve
6400,10,1291.8,10,1286.7,move,improve
6401,10,1291.8,10,1286.7,swap,notBad
6402,10,1291.8,10,1286.7,move,improve
6403,10,1291.8,10,1286.7,2opt,notBad
6404,10,1291.8,10,1286.7,swap,notBad
6405,10,1291.8,10,1286.7,swap,notBad
6406,10,1291.8,10,1286.7,move,improve
6407,10,1291.8,10,1286.7,2opt,notBad
6408,10,1291.8,10,1286.7,2opt,notBad
6409,10,1291.8,10,1286.7,move,improve
6410,10,1291.8,10,1286.7,move,improve
6411,10,1291.8,10,1286.7,move,improve
6412,10,1291.8,10,1286.7,swap,notBad
6413,10,1291.8,10,1286.7,move,improve
6414,10,1291.8,10,1286.7,swap,notBad
6415,10,1291.8,10,1286.7,swap,notBad
6416,10,1291.8,10,1286.7,2opt,notBad
6417,10,1291.8,10,1286.7,move,improve
6418,10,1291.8,10,1286.7,swap,notBad
6419,10,1291.8,10,1286.7,2opt,notBad
6420,10,1291.8,10,1286.7,move,improve
6421,10,1291.8,10,1286.7,move,improve
6422,10,1291.8,10,1286.7,swap,notBad
6423,10,1291.8,10,1286.7,swap,notBad
6424,10,1291.8,10,1286.7,swap,notBad
6425,10,1291.8,10,1286.7,move,improve
6426,10,1291.8,10,1286.7,swap,notBad
6427,10,1291.8,10,1286.7,move,improve
6428,10,1291.8,10,1286.7,move,improve
6429,10,1291.8,10,1286.7,move,improve
6430,10,1291.8,10,1286.7,swap,notBad
6431,10,1291.8,10,1286.7,move,improve
6432,10,1291.8,10,1286.7,move,improve
6433,10,1291.8,10,1286.7,2opt,improve
6434,10,1291.8,10,1286.7,move,improve
6435,10,1291.8,10,1286.7,swap,notBad
6436,10,1291.8,10,1286.7,swap,notBad
6437,10,1291.8,10,1286.7,swap,notBad
6438,10,1291.8,10,1286.7,swap,notBad
6439,10,1291.8,10,1286.7,2opt,notBad
6440,10,1291.8,10,1286.7,2opt,notBad
6441,10,1291.8,10,1286.7,2opt,notBad
6442,10,1291.8,10,1286.7,swap,notBad
6443,10,1291.8,10,1286.7,2opt,notBad
6444,10,1291.8,10,1286.7,move,improve
6445,10,1291.8,10,1286.7,move,improve
6446,10,1291.8,10,1286.7,2opt,notBad
6447,10,1291.8,10,1286.7,2opt,notBad
6448,10,1291.8,10,1286.7,move,improve
6449,10,1291.8,10,1286.7,move,improve
6450,10,1291.8,10,1286.7,2opt,improve
6451,10,1291.8,10,1286.7,swap,notBad
6452,10,1291.8,10,1286.7,2opt,notBad
6453,10,1291.8,10,1286.7,swap,notBad
6454,10,1291.8,10,1286.7,move,improve
6455,10,1291.8,10,1286.7,move,improve
6456,10,1291.8,10,1286.7,2opt,improve
6457,10,1291.8,10,1286.7,swap,notBad
6458,10,1291.8,10,1286.7,move,improve
6459,10,1291.8,10,1286.7,swap,notBad
6460,10,1291.8,10,1286.7,move,improve
6461,10,1291.8,10,1286.7,swap,notBad
6462,10,1291.8,10,1286.7,2opt,notBad
6463,10,1291.8,10,1286.7,swap,notBad
6464,10,1291.8,10,1286.7,2opt,notBad
6465,10,1291.8,10,1286.7,2opt,improve
6466,10,1291.8,10,1286.7,move,improve
6467,10,1291.8,10,1286.7,swap,notBad
6468,10,1291.8,10,1286.7,move,improve
6469,10,1291.8,10,1286.7,swap,notBad
6470,10,1291.8,10,1286.7,2opt,notBad
6471,10,1293.3999999999999,10,1286.7,swap,acceptBad
6472,10,1293.3999999999999,10,1286.7,swap,notBad
6473,10,1293.3999999999999,10,1286.7,swap,notBad
6474,10,1293.3999999999999,10,1286.7,move,improve
6475,10,1293.3999999999999,10,1286.7,2opt,notBad
6476,10,1293.3999999999999,10,1286.7,swap,notBad
6477,10,1293.3999999999999,10,1286.7,2opt,notBad
6478,10,1293.3999999999999,10,1286.7,2opt,notBad
6479,10,1293.3999999999999,10,1286.7,2opt,notBad
6480,10,1293.3999999999999,10,1286.7,swap,notBad
6481,10,1293.3999999999999,10,1286.7,2opt,notBad
6482,10,1293.3999999999999,10,1286.7,2opt,notBad
6483,10,1293.3999999999999,10,1286.7,swap,notBad
6484,10,1293.3999999999999,10,1286.7,2opt,notBad
6485,10,1293.3999999999999,10,1286.7,move,improve
6486,10,1293.3999999999999,10,1286.7,swap,notBad
6487,10,1293.3999999999999,10,1286.7,2opt,notBad
6488,10,1293.3999999999999,10,1286.7,2opt,notBad
6489,10,1293.3999999999999,10,1286.7,2opt,notBad
6490,10,1293.3999999999999,10,1286.7,2opt,notBad
6491,10,1293.3999999999999,10,1286.7,2opt,notBad
6492,10,1293.3999999999999,10,1286.7,swap,notBad
6493,10,1293.3999999999999,10,1286.7,move,improve
6494,10,1293.3999999999999,10,1286.7,2opt,notBad
6495,10,1293.3999999999999,10,1286.7,2opt,notBad
6496,10,1293.3999999999999,10,1286.7,swap,notBad
6497,10,1293.3999999999999,10,1286.7,2opt,improve
6498,10,1293.3999999999999,10,1286.7,move,improve
6499,10,1293.3999999999999,10,1286.7,swap,notBad
6500,10,1293.3999999999999,10,1286.7,2opt,notBad
6501,10,1293.3999999999999,10,1286.7,move,improve
6502,10,1293.3999999999999,10,1286.7,swap,notBad
6503,10,1293.3999999999999,10,1286.7,move,improve
6504,10,1293.3999999999999,10,1286.7,swap,notBad
6505,10,1293.3999999999999,10,1286.7,swap,notBad
6506,10,1293.3999999999999,10,1286.7,swap,notBad
6507,10,1293.3999999999999,10,1286.7,move,improve
6508,10,1293.3999999999999,10,1286.7,2opt,notBad
6509,10,1293.3999999999999,10,1286.7,2opt,notBad
6510,10,1293.3999999999999,10,1286.7,swap,notBad
6511,10,1293.3999999999999,10,1286.7,swap,notBad
6512,10,1293.3999999999999,10,1286.7,move,improve
6513,10,1293.3999999999999,10,1286.7,2opt,notBad
6514,10,1293.3999999999999,10,1286.7,swap,notBad
6515,10,1293.3999999999999,10,1286.7,move,improve
6516,10,1293.3999999999999,10,1286.7,2opt,notBad
6517,10,1293.3999999999999,10,1286.7,swap,notBad
6518,10,1293.3999999999999,10,1286.7,move,improve
6519,10,1293.3999999999999,10,1286.7,2opt,notBad
6520,10,1293.3999999999999,10,1286.7,move,improve
6521,10,1293.3999999999999,10,1286.7,2opt,notBad
6522,10,1293.3999999999999,10,1286.7,2opt,improve
6523,10,1293.3999999999999,10,1286.7,2opt,improve
6524,10,1296.0,10,1286.7,swap,acceptBad
6525,10,1296.0,10,1286.7,move,improve
6526,10,1296.0,10,1286.7,swap,notBad
6527,10,1296.0,10,1286.7,swap,notBad
6528,10,1296.0,10,1286.7,2opt,notBad
6529,10,1296.0,10,1286.7,swap,notBad
6530,10,1296.0,10,1286.7,swap,notBad
6531,10,1296.0,10,1286.7,move,improve
6532,10,1296.0,10,1286.7,move,improve
6533,10,1296.0,10,1286.7,2opt,notBad
6534,10,1296.0,10,1286.7,2opt,notBad
6535,10,1296.0,10,1286.7,move,improve
6536,10,1296.0,10,1286.7,2opt,improve
6537,10,1296.0,10,1286.7,2opt,improve
6538,10,1296.0,10,1286.7,2opt,notBad
6539,10,1296.0,10,1286.7,swap,notBad
6540,10,1296.0,10,1286.7,2opt,notBad
6541,10,1295.1,10,1286.7,move,improve
6542,10,1295.1,10,1286.7,swap,notBad
6543,10,1295.1,10,1286.7,move,improve
6544,10,1295.1,10,1286.7,swap,notBad
6545,10,1293.5,10,1286.7,move,improve
6546,10,1293.5,10,1286.7,swap,notBad
6547,10,1293.5,10,1286.7,move,improve
6548,10,1293.5,10,1286.7,swap,notBad
6549,10,1293.5,10,1286.7,swap,notBad
6550,10,1293.5,10,1286.7,swap,notBad
6551,10,1293.5,10,1286.7,move,improve
6552,10,1293.5,10,1286.7,move,improve
6553,10,1293.5,10,1286.7,swap,notBad
6554,10,1293.5,10,1286.7,2opt,notBad
6555,10,1293.5,10,1286.7,move,improve
6556,10,1293.5,10,1286.7,swap,notBad
6557,10,1293.5,10,1286.7,2opt,notBad
6558,10,1293.5,10,1286.7,2opt,notBad
6559,10,1293.5,10,1286.7,2opt,notBad
6560,10,1293.5,10,1286.7,2opt,notBad
6561,10,1293.5,10,1286.7,2opt,notBad
6562,10,1293.5,10,1286.7,swap,notBad
6563,10,1293.5,10,1286.7,move,improve
6564,10,1293.5,10,1286.7,swap,notBad
6565,10,1293.5,10,1286.7,move,improve
6566,10,1293.5,10,1286.7,2opt,notBad
6567,10,1293.5,10,1286.7,2opt,notBad
6568,10,1293.5,10,1286.7,move,notBad
6569,10,1293.0,10,1286.7,swap,improve
6570,10,1293.0,10,1286.7,2opt,notBad
6571,10,1293.0,10,1286.7,swap,notBad
6572,10,1293.0,10,1286.7,swap,notBad
6573,10,1293.0,10,1286.7,2opt,notBad
6574,10,1293.0,10,1286.7,move,improve
6575,10,1293.0,10,1286.7,swap,notBad
6576,10,1293.0,10,1286.7,move,improve
6577,10,1293.0,10,1286.7,move,improve
6578,10,1293.0,10,1286.7,2opt,notBad
6579,10,1293.0,10,1286.7,move,improve
6580,10,1293.0,10,1286.7,move,improve
6581,10,1293.0,10,1286.7,swap,notBad
6582,10,1293.0,10,1286.7,move,improve
6583,10,1293.0,10,1286.7,swap,notBad
6584,10,1293.0,10,1286.7,move,improve
6585,10,1293.0,10,1286.7,2opt,improve
6586,10,1293.0,10,1286.7,swap,notBad
6587,10,1293.0,10,1286.7,2opt,notBad
6588,10,1293.0,10,1286.7,swap,notBad
6589,10,1293.0,10,1286.7,swap,notBad
6590,10,1293.0,10,1286.7,swap,notBad
6591,10,1293.0,10,1286.7,move,improve
6592,10,1293.0,10,1286.7,swap,notBad
6593,10,1293.0,10,1286.7,swap,notBad
6594,10,1293.0,10,1286.7,move,improve
6595,10,1293.0,10,1286.7,2opt,notBad
6596,10,1293.0,10,1286.7,swap,notBad
6597,10,1293.0,10,1286.7,swap,notBad
6598,10,1293.0,10,1286.7,swap,notBad
6599,10,1293.0,10,1286.7,2opt,notBad
6600,10,1293.0,10,1286.7,move,improve
6601,10,1293.0,10,1286.7,swap,notBad
6602,10,1293.0,10,1286.7,move,improve
6603,10,1293.0,10,1286.7,swap,notBad
6604,10,1293.0,10,1286.7,2opt,notBad
6605,10,1293.0,10,1286.7,2opt,improve
6606,10,1293.0,10,1286.7,2opt,improve
6607,10,1293.0,10,1286.7,swap,notBad
6608,10,1293.0,10,1286.7,2opt,notBad
6609,10,1293.0,10,1286.7,move,improve
6610,10,1293.0,10,1286.7,swap,notBad
6611,10,1293.0,10,1286.7,swap,notBad
6612,10,1293.0,10,1286.7,move,improve
6613,10,1293.0,10,1286.7,swap,notBad
6614,10,1293.0,10,1286.7,move,improve
6615,10,1293.0,10,1286.7,move,improve
6616,10,1293.0,10,1286.7,2opt,notBad
6617,10,1290.5,10,1286.7,move,improve
6618,10,1290.5,10,1286.7,move,improve
6619,10,1290.5,10,1286.7,move,improve
6620,10,1290.5,10,1286.7,2opt,notBad
6621,10,1290.5,10,1286.7,2opt,notBad
6622,10,1290.5,10,1286.7,swap,notBad
6623,10,1290.5,10,1286.7,move,improve
6624,10,1290.5,10,1286.7,move,improve
6625,10,1290.5,10,1286.7,2opt,notBad
6626,10,1290.5,10,1286.7,2opt,notBad
6627,10,1288.9,10,1286.7,move,improve
6628,10,1288.9,10,1286.7,2opt,notBad
6629,10,1288.9,10,1286.7,2opt,notBad
6630,10,1288.9,10,1286.7,swap,notBad
6631,10,1288.9,10,1286.7,2opt,notBad
6632,10,1288.9,10,1286.7,move,improve
6633,10,1288.9,10,1286.7,move,improve
6634,10,1288.9,10,1286.7,2opt,notBad
6635,10,1288.9,10,1286.7,move,improve
6636,10,1288.9,10,1286.7,2opt,notBad
6637,10,1288.9,10,1286.7,move,improve
6638,10,1288.9,10,1286.7,swap,notBad
6639,10,1288.9,10,1286.7,swap,notBad
6640,10,1288.9,10,1286.7,move,improve
6641,10,1288.9,10,1286.7,move,improve
6642,10,1288.9,10,1286.7,move,improve
6643,10,1288.9,10,1286.7,swap,notBad
6644,10,1288.9,10,1286.7,swap,notBad
6645,10,1288.9,10,1286.7,2opt,notBad
6646,10,1288.9,10,1286.7,move,improve
6647,10,1288.9,10,1286.7,swap,notBad
6648,10,1288.9,10,1286.7,2opt,notBad
6649,10,1288.9,10,1286.7,2opt,notBad
6650,10,1288.9,10,1286.7,move,improve
6651,10,1288.9,10,1286.7,2opt,notBad
6652,10,1288.9,10,1286.7,move,improve
6653,10,1288.9,10,1286.7,2opt,notBad
6654,10,1288.9,10,1286.7,swap,notBad
6655,10,1288.9,10,1286.7,2opt,notBad
6656,10,1288.9,10,1286.7,move,improve
6657,10,1288.9,10,1286.7,2opt,notBad
6658,10,1288.9,10,1286.7,2opt,notBad
6659,10,1288.9,10,1286.7,swap,notBad
6660,10,1288.9,10,1286.7,swap,notBad
6661,10,1288.9,10,1286.7,move,improve
6662,10,1288.9,10,1286.7,2opt,notBad
6663,10,1288.9,10,1286.7,move,improve
6664,10,1288.9,10,1286.7,move,improve
6665,10,1288.9,10,1286.7,2opt,notBad
6666,10,1290.8999999999999,10,1286.7,swap,acceptBad
6667,10,1290.8999999999999,10,1286.7,swap,notBad
6668,10,1290.8999999999999,10,1286.7,2opt,notBad
6669,10,1290.8999999999999,10,1286.7,move,improve
6670,10,1290.8999999999999,10,1286.7,move,improve
6671,10,1290.8999999999999,10,1286.7,2opt,notBad
6672,10,1290.8999999999999,10,1286.7,swap,notBad
6673,10,1290.8999999999999,10,1286.7,swap,notBad
6674,10,1290.8999999999999,10,1286.7,move,improve
6675,10,1290.8999999999999,10,1286.7,move,improve
6676,10,1290.8999999999999,10,1286.7,2opt,notBad
6677,10,1290.8999999999999,10,1286.7,swap,notBad
6678,10,1290.8999999999999,10,1286.7,swap,notBad
6679,10,1290.8999999999999,10,1286.7,move,improve
6680,10,1290.8999999999999,10,1286.7,swap,notBad
6681,10,1290.8999999999999,10,1286.7,2opt,notBad
6682,10,1290.8999999999999,10,1286.7,2opt,notBad
6683,10,1290.8999999999999,10,1286.7,swap,notBad
6684,10,1290.8999999999999,10,1286.7,swap,notBad
6685,10,1290.8999999999999,10,1286.7,move,improve
6686,10,1288.9,10,1286.7,move,improve
6687,10,1288.9,10,1286.7,2opt,notBad
6688,10,1288.9,10,1286.7,2opt,notBad
6689,10,1288.9,10,1286.7,2opt,notBad
6690,10,1288.9,10,1286.7,2opt,notBad
6691,10,1288.9,10,1286.7,move,improve
6692,10,1288.9,10,1286.7,swap,notBad
6693,10,1288.9,10,1286.7,2opt,notBad
6694,10,1288.9,10,1286.7,2opt,notBad
6695,10,1288.9,10,1286.7,2opt,notBad
6696,10,1288.9,10,1286.7,swap,notBad
6697,10,1288.9,10,1286.7,move,improve
6698,10,1288.9,10,1286.7,swap,notBad
6699,10,1288.9,10,1286.7,2opt,notBad
6700,10,1288.9,10,1286.7,move,improve
6701,10,1288.9,10,1286.7,swap,notBad
6702,10,1288.9,10,1286.7,2opt,notBad
6703,10,1288.9,10,1286.7,swap,notBad
6704,10,1288.9,10,1286.7,2opt,notBad
6705,10,1288.9,10,1286.7,swap,notBad
6706,10,1288.9,10,1286.7,move,improve
6707,10,1288.9,10,1286.7,2opt,notBad
6708,10,1288.9,10,1286.7,move,improve
6709,10,1288.9,10,1286.7,2opt,notBad
6710,10,1288.9,10,1286.7,swap,notBad
6711,10,1288.9,10,1286.7,move,improve
6712,10,1288.9,10,1286.7,move,improve
6713,10,1288.9,10,1286.7,move,improve
6714,10,1288.9,10,1286.7,2opt,notBad
6715,10,1288.9,10,1286.7,move,improve
6716,10,1288.9,10,1286.7,2opt,notBad
6717,10,1288.9,10,1286.7,move,improve
6718,10,1288.9,10,1286.7,move,improve
6719,10,1288.9,10,1286.7,2opt,notBad
6720,10,1288.9,10,1286.7,move,improve
6721,10,1288.9,10,1286.7,swap,notBad
6722,10,1288.9,10,1286.7,move,improve
6723,10,1288.9,10,1286.7,2opt,notBad
6724,10,1288.9,10,1286.7,swap,notBad
6725,10,1288.9,10,1286.7,swap,notBad
6726,10,1288.9,10,1286.7,2opt,notBad
6727,10,1288.9,10,1286.7,2opt,notBad
6728,10,1288.9,10,1286.7,move,improve
6729,10,1288.9,10,1286.7,move,improve
6730,10,1288.9,10,1286.7,swap,notBad
6731,10,1288.9,10,1286.7,swap,notBad
6732,10,1287.7,10,1286.7,move,improve
6733,10,1287.7,10,1286.7,2opt,notBad
6734,10,1287.7,10,1286.7,2opt,notBad
6735,10,1287.7,10,1286.7,2opt,notBad
6736,10,1287.7,10,1286.7,move,improve
6737,10,1287.7,10,1286.7,2opt,notBad
6738,10,1287.7,10,1286.7,move,improve
6739,10,1287.7,10,1286.7,2opt,notBad
6740,10,1287.7,10,1286.7,swap,notBad
6741,10,1287.7,10,1286.7,swap,notBad
6742,10,1287.7,10,1286.7,swap,notBad
6743,10,1287.7,10,1286.7,move,improve
6744,10,1287.7,10,1286.7,swap,notBad
6745,10,1287.7,10,1286.7,2opt,improve
6746,10,1287.7,10,1286.7,move,improve
6747,10,1287.7,10,1286.7,move,improve
6748,10,1287.7,10,1286.7,swap,notBad
6749,10,1287.7,10,1286.7,2opt,notBad
6750,10,1287.7,10,1286.7,2opt,notBad
6751,10,1287.7,10,1286.7,2opt,notBad
6752,10,1287.7,10,1286.7,move,improve
6753,10,1287.7,10,1286.7,2opt,notBad
6754,10,1287.7,10,1286.7,swap,notBad
6755,10,1287.7,10,1286.7,2opt,notBad
6756,10,1287.7,10,1286.7,2opt,notBad
6757,10,1287.7,10,1286.7,2opt,notBad
6758,10,1287.7,10,1286.7,move,improve
6759,10,1287.7,10,1286.7,move,improve
6760,10,1287.7,10,1286.7,swap,notBad
6761,10,1287.7,10,1286.7,swap,notBad
6762,10,1287.7,10,1286.7,move,improve
6763,10,1287.7,10,1286.7,move,improve
6764,10,1287.7,10,1286.7,swap,notBad
6765,10,1287.7,10,1286.7,move,improve
6766,10,1287.7,10,1286.7,swap,notBad
6767,10,1287.7,10,1286.7,move,improve
6768,10,1287.7,10,1286.7,swap,notBad
6769,10,1287.7,10,1286.7,2opt,notBad
6770,10,1287.7,10,1286.7,swap,notBad
6771,10,1287.7,10,1286.7,swap,notBad
6772,10,1287.7,10,1286.7,move,improve
6773,10,1287.7,10,1286.7,move,improve
6774,10,1287.7,10,1286.7,swap,notBad
6775,10,1287.7,10,1286.7,move,improve
6776,10,1287.7,10,1286.7,swap,notBad
6777,10,1287.7,10,1286.7,move,improve
6778,10,1287.7,10,1286.7,move,improve
6779,10,1287.7,10,1286.7,2opt,notBad
6780,10,1287.7,10,1286.7,swap,notBad
6781,10,1287.7,10,1286.7,move,improve
6782,10,1287.7,10,1286.7,move,improve
6783,10,1287.7,10,1286.7,swap,notBad
6784,10,1287.7,10,1286.7,move,improve
6785,10,1287.7,10,1286.7,move,improve
6786,10,1287.7,10,1286.7,move,improve
6787,10,1287.7,10,1286.7,swap,notBad
6788,10,1287.7,10,1286.7,swap,notBad
6789,10,1287.7,10,1286.7,2opt,notBad
6790,10,1287.7,10,1286.7,move,improve
6791,10,1287.7,10,1286.7,move,improve
6792,10,1287.7,10,1286.7,swap,notBad
6793,10,1287.7,10,1286.7,swap,notBad
6794,10,1287.7,10,1286.7,swap,notBad
6795,10,1287.7,10,1286.7,2opt,notBad
6796,10,1287.7,10,1286.7,2opt,notBad
6797,10,1287.7,10,1286.7,swap,notBad
6798,10,1287.7,10,1286.7,2opt,notBad
6799,10,1287.7,10,1286.7,move,improve
6800,10,1287.7,10,1286.7,2opt,notBad
6801,10,1287.7,10,1286.7,2opt,notBad
6802,10,1287.7,10,1286.7,swap,notBad
6803,10,1287.7,10,1286.7,swap,notBad
6804,10,1287.7,10,1286.7,2opt,notBad
6805,10,1287.7,10,1286.7,move,improve
6806,10,1287.7,10,1286.7,swap,notBad
6807,10,1287.7,10,1286.7,2opt,improve
6808,10,1287.7,10,1286.7,move,improve
6809,10,1287.7,10,1286.7,swap,notBad
6810,10,1287.7,10,1286.7,move,improve
6811,10,1287.7,10,1286.7,2opt,notBad
6812,10,1287.7,10,1286.7,2opt,notBad
6813,10,1287.7,10,1286.7,swap,notBad
6814,10,1287.7,10,1286.7,swap,notBad
6815,10,1287.7,10,1286.7,swap,notBad
6816,10,1287.7,10,1286.7,move,improve
6817,10,1287.7,10,1286.7,swap,notBad
6818,10,1287.7,10,1286.7,move,improve
6819,10,1287.7,10,1286.7,2opt,notBad
6820,10,1287.7,10,1286.7,move,improve
6821,10,1287.7,10,1286.7,swap,notBad
6822,10,1287.7,10,1286.7,swap,notBad
6823,10,1287.7,10,1286.7,swap,notBad
6824,10,1287.7,10,1286.7,swap,notBad
6825,10,1287.7,10,1286.7,swap,notBad
6826,10,1287.7,10,1286.7,swap,notBad
6827,10,1287.7,10,1286.7,2opt,notBad
6828,10,1287.7,10,1286.7,move,improve
6829,10,1287.7,10,1286.7,move,improve
6830,10,1287.7,10,1286.7,2opt,notBad
6831,10,1287.7,10,1286.7,move,improve
6832,10,1287.7,10,1286.7,move,improve
6833,10,1287.7,10,1286.7,swap,notBad
6834,10,1287.7,10,1286.7,swap,notBad
6835,10,1287.7,10,1286.7,swap,notBad
6836,10,1287.7,10,1286.7,2opt,notBad
6837,10,1287.7,10,1286.7,2opt,notBad
6838,10,1287.7,10,1286.7,2opt,notBad
6839,10,1287.7,10,1286.7,swap,notBad
6840,10,1287.7,10,1286.7,move,improve
6841,10,1287.7,10,1286.7,2opt,notBad
6842,10,1287.7,10,1286.7,move,improve
6843,10,1287.7,10,1286.7,swap,notBad
6844,10,1287.7,10,1286.7,2opt,notBad
6845,10,1287.7,10,1286.7,move,improve
6846,10,1287.7,10,1286.7,move,improve
6847,10,1287.7,10,1286.7,swap,notBad
6848,10,1287.7,10,1286.7,2opt,notBad
6849,10,1287.7,10,1286.7,swap,notBad
6850,10,1287.7,10,1286.7,move,improve
6851,10,1287.7,10,1286.7,move,improve
6852,10,1287.7,10,1286.7,2opt,notBad
6853,10,1287.7,10,1286.7,2opt,notBad
6854,10,1287.7,10,1286.7,swap,notBad
6855,10,1287.7,10,1286.7,swap,notBad
6856,10,1287.7,10,1286.7,move,improve
6857,10,1287.7,10,1286.7,2opt,notBad
6858,10,1287.7,10,1286.7,move,improve
6859,10,1287.7,10,1286.7,move,improve
6860,10,1287.7,10,1286.7,swap,notBad
6861,10,1287.7,10,1286.7,move,notBad
6862,10,1287.7,10,1286.7,2opt,notBad
6863,10,1287.7,10,1286.7,move,improve
6864,10,1287.7,10,1286.7,swap,notBad
6865,10,1287.7,10,1286.7,swap,notBad
6866,10,1287.7,10,1286.7,move,improve
6867,10,1287.7,10,1286.7,move,improve
6868,10,1287.7,10,1286.7,swap,notBad
6869,10,1287.7,10,1286.7,swap,notBad
6870,10,1287.7,10,1286.7,2opt,notBad
6871,10,1287.7,10,1286.7,move,improve
6872,10,1287.7,10,1286.7,move,improve
6873,10,1287.7,10,1286.7,2opt,notBad
6874,10,1287.7,10,1286.7,move,improve
6875,10,1287.7,10,1286.7,move,improve
6876,10,1287.7,10,1286.7,2opt,notBad
6877,10,1287.7,10,1286.7,move,improve
6878,10,1287.7,10,1286.7,move,improve
6879,10,1287.7,10,1286.7,move,improve
6880,10,1287.7,10,1286.7,move,improve
6881,10,1287.7,10,1286.7,move,improve
6882,10,1287.7,10,1286.7,2opt,notBad
6883,10,1287.7,10,1286.7,move,improve
6884,10,1287.7,10,1286.7,swap,notBad
6885,10,1287.7,10,1286.7,2opt,notBad
6886,10,1287.7,10,1286.7,move,improve
6887,10,1287.7,10,1286.7,2opt,notBad
6888,10,1287.7,10,1286.7,move,improve
6889,10,1287.7,10,1286.7,swap,notBad
6890,10,1287.7,10,1286.7,swap,notBad
6891,10,1287.7,10,1286.7,2opt,notBad
6892,10,1287.7,10,1286.7,2opt,notBad
6893,10,1287.7,10,1286.7,move,improve
6894,10,1287.7,10,1286.7,swap,notBad
6895,10,1287.7,10,1286.7,2opt,notBad
6896,10,1287.7,10,1286.7,swap,notBad
6897,10,1287.7,10,1286.7,swap,notBad
6898,10,1287.7,10,1286.7,move,improve
6899,10,1287.7,10,1286.7,2opt,notBad
6900,10,1287.7,10,1286.7,swap,notBad
6901,10,1287.7,10,1286.7,swap,notBad
6902,10,1287.7,10,1286.7,2opt,notBad
6903,10,1287.7,10,1286.7,2opt,notBad
6904,10,1287.7,10,1286.7,swap,notBad
6905,10,1287.7,10,1286.7,swap,notBad
6906,10,1287.7,10,1286.7,2opt,improve
6907,10,1287.7,10,1286.7,2opt,notBad
6908,10,1287.7,10,1286.7,2opt,improve
6909,10,1287.7,10,1286.7,swap,notBad
6910,10,1287.7,10,1286.7,2opt,notBad
6911,10,1287.7,10,1286.7,swap,notBad
6912,10,1287.7,10,1286.7,move,improve
6913,10,1287.7,10,1286.7,move,improve
6914,10,1287.7,10,1286.7,2opt,notBad
6915,10,1287.7,10,1286.7,move,improve
6916,10,1287.7,10,1286.7,swap,notBad
6917,10,1287.7,10,1286.7,2opt,notBad
6918,10,1287.7,10,1286.7,move,improve
6919,10,1286.7,10,1286.7,move,improve
6920,10,1286.7,10,1286.7,move,improve
6921,10,1286.7,10,1286.7,swap,notBad
6922,10,1286.7,10,1286.7,swap,notBad
6923,10,1286.7,10,1286.7,2opt,notBad
6924,10,1286.7,10,1286.7,move,improve
6925,10,1286.7,10,1286.7,swap,notBad
6926,10,1286.7,10,1286.7,2opt,notBad
6927,10,1286.7,10,1286.7,move,improve
6928,10,1286.7,10,1286.7,swap,notBad
6929,10,1286.7,10,1286.7,move,improve
6930,10,1286.7,10,1286.7,2opt,notBad
6931,10,1286.7,10,1286.7,swap,notBad
6932,10,1286.7,10,1286.7,2opt,notBad
6933,10,1286.7,10,1286.7,move,improve
6934,10,1286.7,10,1286.7,2opt,notBad
6935,10,1286.7,10,1286.7,swap,notBad
6936,10,1286.7,10,1286.7,2opt,notBad
6937,10,1286.7,10,1286.7,2opt,notBad
6938,10,1286.7,10,1286.7,move,improve
6939,10,1286.7,10,1286.7,move,improve
6940,10,1286.7,10,1286.7,swap,notBad
6941,10,1286.7,10,1286.7,move,improve
6942,10,1286.7,10,1286.7,2opt,notBad
6943,10,1286.7,10,1286.7,2opt,notBad
6944,10,1286.7,10,1286.7,2opt,notBad
6945,10,1286.7,10,1286.7,swap,notBad
6946,10,1286.7,10,1286.7,move,improve
6947,10,1286.7,10,1286.7,2opt,notBad
6948,10,1286.7,10,1286.7,move,improve
6949,10,1286.7,10,1286.7,swap,notBad
6950,10,1286.7,10,1286.7,swap,notBad
6951,10,1286.7,10,1286.7,swap,notBad
6952,10,1286.7,10,1286.7,move,improve
6953,10,1286.7,10,1286.7,swap,notBad
6954,10,1286.7,10,1286.7,2opt,improve
6955,10,1286.7,10,1286.7,move,improve
6956,10,1286.7,10,1286.7,2opt,notBad
6957,10,1286.7,10,1286.7,swap,notBad
6958,10,1286.7,10,1286.7,move,improve
6959,10,1286.7,10,1286.7,move,improve
6960,10,1286.7,10,1286.7,swap,notBad
6961,10,1286.7,10,1286.7,2opt,notBad
6962,10,1286.7,10,1286.7,2opt,notBad
6963,10,1286.7,10,1286.7,move,improve
6964,10,1286.7,10,1286.7,2opt,notBad
6965,10,1286.7,10,1286.7,move,improve
6966,10,1286.7,10,1286.7,2opt,notBad
6967,10,1286.7,10,1286.7,move,improve
6968,10,1286.7,10,1286.7,2opt,notBad
6969,10,1286.7,10,1286.7,swap,notBad
6970,10,1286.7,10,1286.7,2opt,notBad
6971,10,1286.7,10,1286.7,2opt,notBad
6972,10,1286.7,10,1286.7,move,improve
6973,10,1286.7,10,1286.7,move,improve
6974,10,1286.7,10,1286.7,2opt,notBad
6975,10,1286.7,10,1286.7,swap,notBad
6976,10,1286.7,10,1286.7,move,notBad
6977,10,1286.7,10,1286.7,2opt,notBad
6978,10,1286.7,10,1286.7,2opt,notBad
6979,10,1286.7,10,1286.7,move,improve
6980,10,1286.7,10,1286.7,move,improve
6981,10,1286.7,10,1286.7,swap,notBad
6982,10,1286.7,10,1286.7,2opt,notBad
6983,10,1286.7,10,1286.7,move,improve
6984,10,1286.7,10,1286.7,swap,notBad
6985,10,1286.7,10,1286.7,swap,notBad
6986,10,1286.7,10,1286.7,2opt,notBad
6987,10,1286.7,10,1286.7,2opt,notBad
6988,10,1286.7,10,1286.7,move,improve
6989,10,1286.7,10,1286.7,swap,notBad
6990,10,1286.7,10,1286.7,move,improve
6991,10,1286.7,10,1286.7,move,improve
6992,10,1286.7,10,1286.7,2opt,notBad
6993,10,1286.7,10,1286.7,swap,notBad
6994,10,1286.7,10,1286.7,move,improve
6995,10,1286.7,10,1286.7,swap,notBad
6996,10,1286.7,10,1286.7,2opt,notBad
6997,10,1286.7,10,1286.7,move,improve
6998,10,1286.7,10,1286.7,2opt,notBad
6999,10,1286.7,10,1286.7,move,improve
7000,10,1286.7,10,1286.7,move,improve
7001,10,1286.7,10,1286.7,move,improve
7002,10,1286.7,10,1286.7,move,improve
7003,10,1286.7,10,1286.7,2opt,notBad
7004,10,1286.7,10,1286.7,swap,notBad
7005,10,1286.7,10,1286.7,swap,notBad
7006,10,1286.7,10,1286.7,swap,notBad
7007,10,1286.7,10,1286.7,swap,notBad
7008,10,1286.7,10,1286.7,move,improve
7009,10,1286.7,10,1286.7,move,improve
7010,10,1286.7,10,1286.7,swap,notBad
7011,10,1286.7,10,1286.7,swap,notBad
7012,10,1286.7,10,1286.7,swap,notBad
7013,10,1286.7,10,1286.7,move,improve
7014,10,1286.7,10,1286.7,move,improve
7015,10,1286.7,10,1286.7,move,improve
7016,10,1286.7,10,1286.7,swap,notBad
7017,10,1286.7,10,1286.7,move,improve
7018,10,1286.7,10,1286.7,swap,notBad
7019,10,1286.7,10,1286.7,move,improve
7020,10,1286.7,10,1286.7,swap,notBad
7021,10,1286.7,10,1286.7,move,improve
7022,10,1286.7,10,1286.7,move,improve
7023,10,1286.7,10,1286.7,swap,notBad
7024,10,1286.7,10,1286.7,move,improve
7025,10,1286.7,10,1286.7,move,improve
7026,10,1286.7,10,1286.7,swap,notBad
7027,10,1286.7,10,1286.7,2opt,notBad
7028,10,1286.7,10,1286.7,move,improve
7029,10,1286.7,10,1286.7,2opt,notBad
7030,10,1286.7,10,1286.7,move,improve
7031,10,1286.7,10,1286.7,2opt,notBad
7032,10,1286.7,10,1286.7,swap,notBad
7033,10,1286.7,10,1286.7,swap,notBad
7034,10,1286.7,10,1286.7,2opt,notBad
7035,10,1286.7,10,1286.7,swap,notBad
7036,10,1286.7,10,1286.7,2opt,notBad
7037,10,1286.7,10,1286.7,2opt,notBad
7038,10,1286.7,10,1286.7,2opt,notBad
7039,10,1286.7,10,1286.7,move,improve
7040,10,1286.7,10,1286.7,2opt,notBad
7041,10,1286.7,10,1286.7,2opt,notBad
7042,10,1286.7,10,1286.7,move,improve
7043,10,1286.7,10,1286.7,move,improve
7044,10,1286.7,10,1286.7,2opt,notBad
7045,10,1286.7,10,1286.7,2opt,notBad
7046,10,1286.7,10,1286.7,2opt,notBad
7047,10,1286.7,10,1286.7,move,improve
7048,10,1286.7,10,1286.7,swap,notBad
7049,10,1286.7,10,1286.7,2opt,notBad
7050,10,1286.6000000000001,10,1286.6000000000001,swap,newBest
7051,10,1286.6000000000001,10,1286.6000000000001,2opt,notBad
7052,10,1286.6000000000001,10,1286.6000000000001,swap,notBad
7053,10,1286.6000000000001,10,1286.6000000000001,2opt,notBad
7054,10,1286.6000000000001,10,1286.6000000000001,2opt,notBad
7055,10,1286.6000000000001,10,1286.6000000000001,move,improve
7056,10,1286.6000000000001,10,1286.6000000000001,2opt,notBad
7057,10,1286.6000000000001,10,1286.6000000000001,2opt,notBad
7058,10,1286.6000000000001,10,1286.6000000000001,2opt,notBad
7059,10,1286.6000000000001,10,1286.6000000000001,move,improve
7060,10,1286.6000000000001,10,1286.6000000000001,swap,notBad
7061,10,1286.6000000000001,10,1286.6000000000001,move,improve
7062,10,1286.6000000000001,10,1286.6000000000001,swap,notBad
7063,10,1286.6000000000001,10,1286.6000000000001,move,improve
7064,10,1286.6000000000001,10,1286.6000000000001,swap,notBad
7065,10,1286.6000000000001,10,1286.6000000000001,move,improve
7066,10,1286.6000000000001,10,1286.6000000000001,2opt,improve
7067,10,1286.6000000000001,10,1286.6000000000001,move,improve
7068,10,1286.6000000000001,10,1286.6000000000001,move,improve
7069,10,1286.6000000000001,10,1286.6000000000001,2opt,notBad
7070,10,1286.6000000000001,10,1286.6000000000001,2opt,notBad
7071,10,1286.6000000000001,10,1286.6000000000001,swap,notBad
7072,10,1286.6000000000001,10,1286.6000000000001,move,improve
7073,10,1286.6000000000001,10,1286.6000000000001,move,improve
7074,10,1286.6000000000001,10,1286.6000000000001,move,improve
7075,10,1286.6000000000001,10,1286.6000000000001,2opt,notBad
7076,10,1286.6000000000001,10,1286.6000000000001,2opt,notBad
7077,10,1286.6000000000001,10,1286.6000000000001,2opt,notBad
7078,10,1286.6000000000001,10,1286.6000000000001,swap,notBad
7079,10,1286.6000000000001,10,1286.6000000000001,move,improve
7080,10,1286.6000000000001,10,1286.6000000000001,move,improve
7081,10,1286.6000000000001,10,1286.6000000000001,swap,notBad
7082,10,1286.6000000000001,10,1286.6000000000001,2opt,notBad
7083,10,1286.6000000000001,10,1286.6000000000001,swap,notBad
7084,10,1286.6000000000001,10,1286.6000000000001,move,improve
7085,10,1286.6000000000001,10,1286.6000000000001,move,improve
7086,10,1286.6000000000001,10,1286.6000000000001,move,improve
7087,10,1286.6000000000001,10,1286.6000000000001,move,improve
7088,10,1286.6000000000001,10,1286.6000000000001,2opt,notBad
7089,10,1286.6000000000001,10,1286.6000000000001,swap,notBad
7090,10,1286.6000000000001,10,1286.6000000000001,2opt,notBad
7091,10,1286.6000000000001,10,1286.6000000000001,2opt,notBad
7092,10,1286.6000000000001,10,1286.6000000000001,swap,notBad
7093,10,1286.6000000000001,10,1286.6000000000001,2opt,notBad
7094,10,1286.6000000000001,10,1286.6000000000001,2opt,notBad
7095,10,1286.6000000000001,10,1286.6000000000001,move,improve
7096,10,1286.6000000000001,10,1286.6000000000001,2opt,notBad
7097,10,1286.6000000000001,10,1286.6000000000001,move,improve
7098,10,1286.6000000000001,10,1286.6000000000001,swap,notBad
7099,10,1286.6000000000001,10,1286.6000000000001,swap,notBad
7100,10,1286.6000000000001,10,1286.6000000000001,2opt,notBad
7101,10,1286.6000000000001,10,1286.6000000000001,swap,notBad
7102,10,1286.6000000000001,10,1286.6000000000001,swap,notBad
7103,10,1286.6000000000001,10,1286.6000000000001,move,improve
7104,10,1286.6000000000001,10,1286.6000000000001,2opt,notBad
7105,10,1286.6000000000001,10,1286.6000000000001,2opt,notBad
7106,10,1286.6000000000001,10,1286.6000000000001,2opt,notBad
7107,10,1286.6000000000001,10,1286.6000000000001,2opt,notBad
7108,10,1286.6000000000001,10,1286.6000000000001,2opt,notBad
7109,10,1286.6000000000001,10,1286.6000000000001,swap,notBad
7110,10,1286.6000000000001,10,1286.6000000000001,swap,notBad
7111,10,1286.6000000000001,10,1286.6000000000001,2opt,notBad
7112,10,1286.6000000000001,10,1286.6000000000001,swap,notBad
7113,10,1286.6000000000001,10,1286.6000000000001,move,improve
7114,10,1286.6000000000001,10,1286.6000000000001,2opt,notBad
7115,10,1286.6000000000001,10,1286.6000000000001,swap,notBad
7116,10,1286.6000000000001,10,1286.6000000000001,move,improve
7117,10,1286.6000000000001,10,1286.6000000000001,2opt,notBad
7118,10,1286.6000000000001,10,1286.6000000000001,move,improve
7119,10,1286.6000000000001,10,1286.6000000000001,swap,notBad
7120,10,1286.6000000000001,10,1286.6000000000001,swap,notBad
7121,10,1286.6000000000001,10,1286.6000000000001,swap,notBad
7122,10,1286.6000000000001,10,1286.6000000000001,2opt,notBad
7123,10,1286.6000000000001,10,1286.6000000000001,2opt,notBad
7124,10,1286.6000000000001,10,1286.6000000000001,2opt,notBad
7125,10,1286.6000000000001,10,1286.6000000000001,move,improve
7126,10,1286.6000000000001,10,1286.6000000000001,swap,notBad
7127,10,1286.6000000000001,10,1286.6000000000001,move,improve
7128,10,1286.6000000000001,10,1286.6000000000001,move,improve
7129,10,1286.6000000000001,10,1286.6000000000001,2opt,notBad
7130,10,1286.6000000000001,10,1286.6000000000001,move,improve
7131,10,1286.6000000000001,10,1286.6000000000001,2opt,notBad
7132,10,1286.6000000000001,10,1286.6000000000001,move,improve
7133,10,1286.6000000000001,10,1286.6000000000001,move,improve
7134,10,1286.6000000000001,10,1286.6000000000001,move,improve
7135,10,1286.6000000000001,10,1286.6000000000001,swap,notBad
7136,10,1286.6000000000001,10,1286.6000000000001,swap,notBad
7137,10,1286.6000000000001,10,1286.6000000000001,move,improve
7138,10,1286.6000000000001,10,1286.6000000000001,move,improve
7139,10,1286.6000000000001,10,1286.6000000000001,swap,notBad
7140,10,1286.6000000000001,10,1286.6000000000001,2opt,notBad
7141,10,1286.6000000000001,10,1286.6000000000001,2opt,notBad
7142,10,1286.6000000000001,10,1286.6000000000001,move,improve
7143,10,1286.6000000000001,10,1286.6000000000001,swap,notBad
7144,10,1286.6000000000001,10,1286.6000000000001,2opt,notBad
7145,10,1286.6000000000001,10,1286.6000000000001,move,improve
7146,10,1286.6000000000001,10,1286.6000000000001,2opt,notBad
7147,10,1286.6000000000001,10,1286.6000000000001,2opt,notBad
7148,10,1286.6000000000001,10,1286.6000000000001,move,improve
7149,10,1286.6000000000001,10,1286.6000000000001,move,improve
7150,10,1286.6000000000001,10,1286.6000000000001,2opt,notBad
7151,10,1286.6000000000001,10,1286.6000000000001,move,improve
7152,10,1286.6000000000001,10,1286.6000000000001,move,improve
7153,10,1286.6000000000001,10,1286.6000000000001,2opt,notBad
7154,10,1286.6000000000001,10,1286.6000000000001,2opt,notBad
7155,10,1286.6000000000001,10,1286.6000000000001,move,improve
7156,10,1286.6000000000001,10,1286.6000000000001,move,improve
7157,10,1286.6000000000001,10,1286.6000000000001,2opt,notBad
7158,10,1286.6000000000001,10,1286.6000000000001,move,improve
7159,10,1286.6000000000001,10,1286.6000000000001,swap,notBad
7160,10,1286.6000000000001,10,1286.6000000000001,2opt,notBad
7161,10,1286.6000000000001,10,1286.6000000000001,move,improve
7162,10,1286.6000000000001,10,1286.6000000000001,move,improve
7163,10,1286.6000000000001,10,1286.6000000000001,2opt,notBad
7164,10,1286.6000000000001,10,1286.6000000000001,2opt,notBad
7165,10,1286.6000000000001,10,1286.6000000000001,2opt,notBad
7166,10,1286.6000000000001,10,1286.6000000000001,move,improve
7167,10,1286.6000000000001,10,1286.6000000000001,2opt,improve
7168,10,1286.6000000000001,10,1286.6000000000001,swap,notBad
7169,10,1286.6000000000001,10,1286.6000000000001,swap,notBad
7170,10,1286.6000000000001,10,1286.6000000000001,swap,notBad
7171,10,1286.6000000000001,10,1286.6000000000001,2opt,notBad
7172,10,1286.6000000000001,10,1286.6000000000001,move,improve
7173,10,1286.6000000000001,10,1286.6000000000001,2opt,notBad
7174,10,1286.6000000000001,10,1286.6000000000001,swap,notBad
7175,10,1286.6000000000001,10,1286.6000000000001,2opt,notBad
7176,10,1286.6000000000001,10,1286.6000000000001,swap,notBad
7177,10,1286.6000000000001,10,1286.6000000000001,swap,notBad
7178,10,1286.6000000000001,10,1286.6000000000001,swap,notBad
7179,10,1286.6000000000001,10,1286.6000000000001,move,improve
7180,10,1286.6000000000001,10,1286.6000000000001,swap,notBad
7181,10,1286.6000000000001,10,1286.6000000000001,2opt,notBad
7182,10,1286.6000000000001,10,1286.6000000000001,move,improve
7183,10,1286.6000000000001,10,1286.6000000000001,move,improve
7184,10,1286.6000000000001,10,1286.6000000000001,2opt,notBad
7185,10,1286.6000000000001,10,1286.6000000000001,2opt,notBad
7186,10,1286.6000000000001,10,1286.6000000000001,swap,notBad
7187,10,1286.6000000000001,10,1286.6000000000001,2opt,notBad
7188,10,1286.6000000000001,10,1286.6000000000001,move,improve
7189,10,1286.6000000000001,10,1286.6000000000001,move,improve
7190,10,1286.6000000000001,10,1286.6000000000001,move,improve
7191,10,1286.6000000000001,10,1286.6000000000001,2opt,notBad
7192,10,1286.6000000000001,10,1286.6000000000001,swap,notBad
7193,10,1286.6000000000001,10,1286.6000000000001,2opt,notBad
7194,10,1286.6000000000001,10,1286.6000000000001,move,improve
7195,10,1286.6000000000001,10,1286.6000000000001,swap,notBad
7196,10,1286.6000000000001,10,1286.6000000000001,swap,notBad
7197,10,1286.6000000000001,10,1286.6000000000001,move,improve
7198,10,1286.6000000000001,10,1286.6000000000001,move,improve
7199,10,1286.6000000000001,10,1286.6000000000001,move,improve
7200,10,1286.6000000000001,10,1286.6000000000001,2opt,notBad
7201,10,1286.6000000000001,10,1286.6000000000001,swap,notBad
7202,10,1286.6000000000001,10,1286.6000000000001,2opt,notBad
7203,10,1286.6000000000001,10,1286.6000000000001,2opt,notBad
7204,10,1286.6000000000001,10,1286.6000000000001,move,improve
7205,10,1286.6000000000001,10,1286.6000000000001,2opt,notBad
7206,10,1286.6000000000001,10,1286.6000000000001,move,improve
7207,10,1286.6000000000001,10,1286.6000000000001,2opt,notBad
7208,10,1286.6000000000001,10,1286.6000000000001,move,improve
7209,10,1286.6000000000001,10,1286.6000000000001,swap,notBad
7210,10,1286.6000000000001,10,1286.6000000000001,swap,notBad
7211,10,1286.6000000000001,10,1286.6000000000001,move,improve
7212,10,1286.6000000000001,10,1286.6000000000001,swap,notBad
7213,10,1286.6000000000001,10,1286.6000000000001,2opt,notBad
7214,10,1286.6000000000001,10,1286.6000000000001,2opt,notBad
7215,10,1286.6000000000001,10,1286.6000000000001,2opt,notBad
7216,10,1286.6000000000001,10,1286.6000000000001,move,improve
7217,10,1286.6000000000001,10,1286.6000000000001,swap,notBad
7218,10,1286.6000000000001,10,1286.6000000000001,swap,notBad
7219,10,1286.6000000000001,10,1286.6000000000001,swap,notBad
7220,10,1286.6000000000001,10,1286.6000000000001,move,improve
7221,10,1286.6000000000001,10,1286.6000000000001,move,improve
7222,10,1286.6000000000001,10,1286.6000000000001,swap,notBad
7223,10,1286.6000000000001,10,1286.6000000000001,swap,notBad
7224,10,1286.6000000000001,10,1286.6000000000001,2opt,improve
7225,10,1286.6000000000001,10,1286.6000000000001,2opt,notBad
7226,10,1286.6000000000001,10,1286.6000000000001,swap,notBad
7227,10,1286.6000000000001,10,1286.6000000000001,move,improve
7228,10,1286.6000000000001,10,1286.6000000000001,swap,notBad
7229,10,1286.6000000000001,10,1286.6000000000001,swap,notBad
7230,10,1286.6000000000001,10,1286.6000000000001,move,improve
7231,10,1286.6000000000001,10,1286.6000000000001,swap,notBad
7232,10,1286.6000000000001,10,1286.6000000000001,swap,notBad
7233,10,1286.6000000000001,10,1286.6000000000001,move,improve
7234,10,1286.6000000000001,10,1286.6000000000001,2opt,notBad
7235,10,1286.6000000000001,10,1286.6000000000001,move,improve
7236,10,1286.6000000000001,10,1286.6000000000001,move,improve
7237,10,1286.6000000000001,10,1286.6000000000001,move,improve
7238,10,1286.6000000000001,10,1286.6000000000001,move,improve
7239,10,1286.6000000000001,10,1286.6000000000001,swap,notBad
7240,10,1286.6000000000001,10,1286.6000000000001,move,improve
7241,10,1286.6000000000001,10,1286.6000000000001,move,improve
7242,10,1286.6000000000001,10,1286.6000000000001,move,improve
7243,10,1286.6000000000001,10,1286.6000000000001,2opt,notBad
7244,10,1286.6000000000001,10,1286.6000000000001,2opt,notBad
7245,10,1286.6000000000001,10,1286.6000000000001,2opt,notBad
7246,10,1290.0,10,1286.6000000000001,swap,acceptBad
7247,10,1286.6000000000001,10,1286.6000000000001,move,improve
7248,10,1286.6000000000001,10,1286.6000000000001,swap,notBad
7249,10,1286.6000000000001,10,1286.6000000000001,swap,notBad
7250,10,1286.6000000000001,10,1286.6000000000001,move,improve
7251,10,1286.6000000000001,10,1286.6000000000001,2opt,notBad
7252,10,1286.6000000000001,10,1286.6000000000001,2opt,notBad
7253,10,1286.6000000000001,10,1286.6000000000001,swap,notBad
7254,10,1286.6000000000001,10,1286.6000000000001,swap,notBad
7255,10,1286.6000000000001,10,1286.6000000000001,2opt,improve
7256,10,1286.6000000000001,10,1286.6000000000001,swap,notBad
7257,10,1286.6000000000001,10,1286.6000000000001,2opt,notBad
7258,10,1286.6000000000001,10,1286.6000000000001,swap,notBad
7259,10,1286.6000000000001,10,1286.6000000000001,2opt,notBad
7260,10,1286.6000000000001,10,1286.6000000000001,move,improve
7261,10,1286.6000000000001,10,1286.6000000000001,move,improve
7262,10,1286.6000000000001,10,1286.6000000000001,swap,notBad
7263,10,1286.6000000000001,10,1286.6000000000001,swap,notBad
7264,10,1286.6000000000001,10,1286.6000000000001,swap,notBad
7265,10,1286.6000000000001,10,1286.6000000000001,swap,notBad
7266,10,1286.6000000000001,10,1286.6000000000001,swap,notBad
7267,10,1286.6000000000001,10,1286.6000000000001,move,improve
7268,10,1286.6000000000001,10,1286.6000000000001,swap,notBad
7269,10,1286.6000000000001,10,1286.6000000000001,swap,notBad
7270,10,1286.6000000000001,10,1286.6000000000001,2opt,notBad
7271,10,1286.6000000000001,10,1286.6000000000001,move,improve
7272,10,1286.6000000000001,10,1286.6000000000001,2opt,notBad
7273,10,1286.6000000000001,10,1286.6000000000001,move,improve
7274,10,1286.6000000000001,10,1286.6000000000001,2opt,notBad
7275,10,1286.6000000000001,10,1286.6000000000001,swap,notBad
7276,10,1286.6000000000001,10,1286.6000000000001,2opt,notBad
7277,10,1286.6000000000001,10,1286.6000000000001,move,improve
7278,10,1286.6000000000001,10,1286.6000000000001,2opt,notBad
7279,10,1286.6000000000001,10,1286.6000000000001,move,improve
7280,10,1286.6000000000001,10,1286.6000000000001,swap,notBad
7281,10,1286.6000000000001,10,1286.6000000000001,move,improve
7282,10,1286.6000000000001,10,1286.6000000000001,swap,notBad
7283,10,1286.6000000000001,10,1286.6000000000001,2opt,notBad
7284,10,1286.6000000000001,10,1286.6000000000001,swap,notBad
7285,10,1286.6000000000001,10,1286.6000000000001,2opt,notBad
7286,10,1286.6000000000001,10,1286.6000000000001,swap,notBad
7287,10,1286.6000000000001,10,1286.6000000000001,swap,notBad
7288,10,1286.6000000000001,10,1286.6000000000001,swap,notBad
7289,10,1286.6000000000001,10,1286.6000000000001,move,improve
7290,10,1286.6000000000001,10,1286.6000000000001,move,improve
7291,10,1286.6000000000001,10,1286.6000000000001,move,improve
7292,10,1286.6000000000001,10,1286.6000000000001,move,improve
7293,10,1286.6000000000001,10,1286.6000000000001,swap,notBad
7294,10,1286.6000000000001,10,1286.6000000000001,2opt,improve
7295,10,1286.6000000000001,10,1286.6000000000001,move,improve
7296,10,1286.6000000000001,10,1286.6000000000001,2opt,notBad
7297,10,1286.6000000000001,10,1286.6000000000001,2opt,notBad
7298,10,1286.6000000000001,10,1286.6000000000001,2opt,notBad
7299,10,1286.6000000000001,10,1286.6000000000001,swap,notBad
7300,10,1286.6000000000001,10,1286.6000000000001,2opt,notBad
7301,10,1286.6000000000001,10,1286.6000000000001,move,improve
7302,10,1286.6000000000001,10,1286.6000000000001,swap,notBad
7303,10,1286.6000000000001,10,1286.6000000000001,2opt,notBad
7304,10,1286.6000000000001,10,1286.6000000000001,move,improve
7305,10,1286.6000000000001,10,1286.6000000000001,2opt,notBad
7306,10,1286.6000000000001,10,1286.6000000000001,move,improve
7307,10,1286.6000000000001,10,1286.6000000000001,swap,notBad
7308,10,1286.6000000000001,10,1286.6000000000001,move,improve
7309,10,1286.6000000000001,10,1286.6000000000001,move,improve
7310,10,1286.6000000000001,10,1286.6000000000001,2opt,notBad
7311,10,1286.6000000000001,10,1286.6000000000001,swap,notBad
7312,10,1286.6000000000001,10,1286.6000000000001,2opt,notBad
7313,10,1286.6000000000001,10,1286.6000000000001,move,improve
7314,10,1286.6000000000001,10,1286.6000000000001,move,improve
7315,10,1286.6000000000001,10,1286.6000000000001,swap,notBad
7316,10,1286.6000000000001,10,1286.6000000000001,move,improve
7317,10,1286.6000000000001,10,1286.6000000000001,2opt,notBad
7318,10,1286.6000000000001,10,1286.6000000000001,move,improve
7319,10,1286.6000000000001,10,1286.6000000000001,swap,notBad
7320,10,1286.6000000000001,10,1286.6000000000001,2opt,notBad
7321,10,1286.6000000000001,10,1286.6000000000001,move,improve
7322,10,1286.6000000000001,10,1286.6000000000001,2opt,notBad
7323,10,1286.6000000000001,10,1286.6000000000001,swap,notBad
7324,10,1286.6000000000001,10,1286.6000000000001,move,improve
7325,10,1286.6000000000001,10,1286.6000000000001,swap,notBad
7326,10,1286.6000000000001,10,1286.6000000000001,2opt,notBad
7327,10,1286.6000000000001,10,1286.6000000000001,2opt,notBad
7328,10,1286.6000000000001,10,1286.6000000000001,swap,notBad
7329,10,1286.6000000000001,10,1286.6000000000001,move,improve
7330,10,1286.6000000000001,10,1286.6000000000001,swap,notBad
7331,10,1286.6000000000001,10,1286.6000000000001,2opt,notBad
7332,10,1286.6000000000001,10,1286.6000000000001,2opt,notBad
7333,10,1286.6000000000001,10,1286.6000000000001,2opt,notBad
7334,10,1286.6000000000001,10,1286.6000000000001,2opt,notBad
7335,10,1286.6000000000001,10,1286.6000000000001,swap,notBad
7336,10,1286.6000000000001,10,1286.6000000000001,2opt,notBad
7337,10,1286.6000000000001,10,1286.6000000000001,swap,notBad
7338,10,1286.6000000000001,10,1286.6000000000001,2opt,improve
7339,10,1286.6000000000001,10,1286.6000000000001,swap,notBad
7340,10,1286.6000000000001,10,1286.6000000000001,swap,notBad
7341,10,1286.6000000000001,10,1286.6000000000001,swap,notBad
7342,10,1286.6000000000001,10,1286.6000000000001,move,improve
7343,10,1286.6000000000001,10,1286.6000000000001,2opt,notBad
7344,10,1286.6000000000001,10,1286.6000000000001,move,improve
7345,10,1286.6000000000001,10,1286.6000000000001,move,improve
7346,10,1286.6000000000001,10,1286.6000000000001,swap,notBad
7347,10,1286.6000000000001,10,1286.6000000000001,move,improve
7348,10,1286.6000000000001,10,1286.6000000000001,2opt,notBad
7349,10,1286.6000000000001,10,1286.6000000000001,swap,notBad
7350,10,1286.6000000000001,10,1286.6000000000001,2opt,notBad
7351,10,1286.6000000000001,10,1286.6000000000001,swap,notBad
7352,10,1286.6000000000001,10,1286.6000000000001,swap,notBad
7353,10,1286.6000000000001,10,1286.6000000000001,2opt,notBad
7354,10,1286.6000000000001,10,1286.6000000000001,swap,notBad
7355,10,1286.6000000000001,10,1286.6000000000001,2opt,notBad
7356,10,1286.6000000000001,10,1286.6000000000001,move,improve
7357,10,1286.6000000000001,10,1286.6000000000001,move,improve
7358,10,1286.6000000000001,10,1286.6000000000001,move,improve
7359,10,1286.6000000000001,10,1286.6000000000001,move,improve
7360,10,1286.6000000000001,10,1286.6000000000001,move,improve
7361,10,1286.6000000000001,10,1286.6000000000001,swap,notBad
7362,10,1286.6000000000001,10,1286.6000000000001,move,improve
7363,10,1286.6000000000001,10,1286.6000000000001,2opt,notBad
7364,10,1286.6000000000001,10,1286.6000000000001,swap,notBad
7365,10,1286.6000000000001,10,1286.6000000000001,move,improve
7366,10,1286.6000000000001,10,1286.6000000000001,move,improve
7367,10,1286.6000000000001,10,1286.6000000000001,2opt,notBad
7368,10,1286.6000000000001,10,1286.6000000000001,swap,notBad
7369,10,1286.6000000000001,10,1286.6000000000001,move,improve
7370,10,1286.6000000000001,10,1286.6000000000001,2opt,notBad
7371,10,1286.6000000000001,10,1286.6000000000001,swap,notBad
7372,10,1286.6000000000001,10,1286.6000000000001,2opt,notBad
7373,10,1286.6000000000001,10,1286.6000000000001,move,improve
7374,10,1286.6000000000001,10,1286.6000000000001,2opt,notBad
7375,10,1286.6000000000001,10,1286.6000000000001,2opt,notBad
7376,10,1286.6000000000001,10,1286.6000000000001,swap,notBad
7377,10,1286.6000000000001,10,1286.6000000000001,swap,notBad
7378,10,1286.6000000000001,10,1286.6000000000001,swap,notBad
7379,10,1286.6000000000001,10,1286.6000000000001,swap,notBad
7380,10,1286.6000000000001,10,1286.6000000000001,2opt,notBad
7381,10,1286.6000000000001,10,1286.6000000000001,move,improve
7382,10,1286.6000000000001,10,1286.6000000000001,swap,notBad
7383,10,1286.6000000000001,10,1286.6000000000001,move,improve
7384,10,1286.6000000000001,10,1286.6000000000001,swap,notBad
7385,10,1286.6000000000001,10,1286.6000000000001,move,improve
7386,10,1286.6000000000001,10,1286.6000000000001,move,improve
7387,10,1286.6000000000001,10,1286.6000000000001,move,improve
7388,10,1286.6000000000001,10,1286.6000000000001,move,improve
7389,10,1286.6000000000001,10,1286.6000000000001,2opt,notBad
7390,10,1286.6000000000001,10,1286.6000000000001,move,improve
7391,10,1286.6000000000001,10,1286.6000000000001,move,improve
7392,10,1286.6000000000001,10,1286.6000000000001,swap,notBad
7393,10,1286.6000000000001,10,1286.6000000000001,swap,notBad
7394,10,1286.6000000000001,10,1286.6000000000001,2opt,notBad
7395,10,1286.6000000000001,10,1286.6000000000001,swap,notBad
7396,10,1286.6000000000001,10,1286.6000000000001,2opt,improve
7397,10,1286.6000000000001,10,1286.6000000000001,swap,notBad
7398,10,1286.6000000000001,10,1286.6000000000001,swap,notBad
7399,10,1286.6000000000001,10,1286.6000000000001,swap,notBad
7400,10,1286.6000000000001,10,1286.6000000000001,swap,notBad
7401,10,1286.6000000000001,10,1286.6000000000001,2opt,notBad
7402,10,1286.6000000000001,10,1286.6000000000001,2opt,notBad
7403,10,1286.6000000000001,10,1286.6000000000001,swap,notBad
7404,10,1286.6000000000001,10,1286.6000000000001,swap,notBad
7405,10,1286.6000000000001,10,1286.6000000000001,swap,notBad
7406,10,1286.6000000000001,10,1286.6000000000001,move,improve
7407,10,1286.6000000000001,10,1286.6000000000001,2opt,notBad
7408,10,1286.6000000000001,10,1286.6000000000001,move,improve
7409,10,1286.6000000000001,10,1286.6000000000001,move,improve
7410,10,1286.6000000000001,10,1286.6000000000001,2opt,notBad
7411,10,1286.6000000000001,10,1286.6000000000001,move,improve
7412,10,1286.6000000000001,10,1286.6000000000001,2opt,notBad
7413,10,1286.6000000000001,10,1286.6000000000001,2opt,notBad
7414,10,1286.6000000000001,10,1286.6000000000001,swap,notBad
7415,10,1286.6000000000001,10,1286.6000000000001,move,improve
7416,10,1286.6000000000001,10,1286.6000000000001,swap,notBad
7417,10,1286.6000000000001,10,1286.6000000000001,2opt,notBad
7418,10,1286.6000000000001,10,1286.6000000000001,2opt,notBad
7419,10,1286.6000000000001,10,1286.6000000000001,2opt,notBad
7420,10,1286.6000000000001,10,1286.6000000000001,move,improve
7421,10,1286.6000000000001,10,1286.6000000000001,2opt,notBad
7422,10,1286.6000000000001,10,1286.6000000000001,move,improve
7423,10,1286.6000000000001,10,1286.6000000000001,swap,notBad
7424,10,1286.6000000000001,10,1286.6000000000001,2opt,notBad
7425,10,1286.6000000000001,10,1286.6000000000001,2opt,notBad
7426,10,1286.6000000000001,10,1286.6000000000001,move,improve
7427,10,1286.6000000000001,10,1286.6000000000001,move,improve
7428,10,1286.6000000000001,10,1286.6000000000001,swap,notBad
7429,10,1286.6000000000001,10,1286.6000000000001,swap,notBad
7430,10,1286.6000000000001,10,1286.6000000000001,2opt,notBad
7431,10,1286.6000000000001,10,1286.6000000000001,move,improve
7432,10,1286.6000000000001,10,1286.6000000000001,2opt,notBad
7433,10,1286.6000000000001,10,1286.6000000000001,move,improve
7434,10,1286.6000000000001,10,1286.6000000000001,move,improve
7435,10,1286.6000000000001,10,1286.6000000000001,swap,notBad
7436,10,1286.6000000000001,10,1286.6000000000001,2opt,notBad
7437,10,1286.6000000000001,10,1286.6000000000001,swap,notBad
7438,10,1286.6000000000001,10,1286.6000000000001,swap,notBad
7439,10,1286.6000000000001,10,1286.6000000000001,2opt,notBad
7440,10,1286.6000000000001,10,1286.6000000000001,swap,notBad
7441,10,1286.6000000000001,10,1286.6000000000001,2opt,notBad
7442,10,1286.6000000000001,10,1286.6000000000001,2opt,notBad
7443,10,1286.6000000000001,10,1286.6000000000001,swap,notBad
7444,10,1286.6000000000001,10,1286.6000000000001,move,improve
7445,10,1286.6000000000001,10,1286.6000000000001,2opt,notBad
7446,10,1286.6000000000001,10,1286.6000000000001,2opt,notBad
7447,10,1286.6000000000001,10,1286.6000000000001,move,improve
7448,10,1286.6000000000001,10,1286.6000000000001,2opt,notBad
7449,10,1286.6000000000001,10,1286.6000000000001,swap,notBad
7450,10,1286.6000000000001,10,1286.6000000000001,move,improve
7451,10,1286.6000000000001,10,1286.6000000000001,2opt,notBad
7452,10,1286.6000000000001,10,1286.6000000000001,move,improve
7453,10,1286.6000000000001,10,1286.6000000000001,swap,notBad
7454,10,1286.6000000000001,10,1286.6000000000001,2opt,notBad
7455,10,1286.6000000000001,10,1286.6000000000001,move,improve
7456,10,1286.6000000000001,10,1286.6000000000001,swap,notBad
7457,10,1286.6000000000001,10,1286.6000000000001,move,improve
7458,10,1286.6000000000001,10,1286.6000000000001,swap,notBad
7459,10,1286.6000000000001,10,1286.6000000000001,swap,notBad
7460,10,1286.6000000000001,10,1286.6000000000001,2opt,notBad
7461,10,1286.6000000000001,10,1286.6000000000001,swap,notBad
7462,10,1286.6000000000001,10,1286.6000000000001,swap,notBad
7463,10,1286.6000000000001,10,1286.6000000000001,move,improve
7464,10,1286.6000000000001,10,1286.6000000000001,move,improve
7465,10,1286.6000000000001,10,1286.6000000000001,swap,notBad
7466,10,1286.6000000000001,10,1286.6000000000001,swap,notBad
7467,10,1286.6000000000001,10,1286.6000000000001,swap,notBad
7468,10,1286.6000000000001,10,1286.6000000000001,2opt,notBad
7469,10,1286.6000000000001,10,1286.6000000000001,swap,notBad
7470,10,1286.6000000000001,10,1286.6000000000001,move,improve
7471,10,1286.6000000000001,10,1286.6000000000001,swap,notBad
7472,10,1287.9,10,1286.6000000000001,swap,acceptBad
7473,10,1287.9,10,1286.6000000000001,2opt,notBad
7474,10,1287.9,10,1286.6000000000001,move,improve
7475,10,1287.9,10,1286.6000000000001,swap,notBad
7476,10,1287.9,10,1286.6000000000001,2opt,notBad
7477,10,1287.9,10,1286.6000000000001,move,improve
7478,10,1287.9,10,1286.6000000000001,2opt,notBad
7479,10,1287.9,10,1286.6000000000001,swap,notBad
7480,10,1287.9,10,1286.6000000000001,move,improve
7481,10,1287.9,10,1286.6000000000001,2opt,notBad
7482,10,1287.9,10,1286.6000000000001,swap,notBad
7483,10,1287.9,10,1286.6000000000001,swap,notBad
7484,10,1287.9,10,1286.6000000000001,move,improve
7485,10,1287.9,10,1286.6000000000001,move,improve
7486,10,1287.9,10,1286.6000000000001,swap,notBad
7487,10,1287.9,10,1286.6000000000001,2opt,notBad
7488,10,1287.9,10,1286.6000000000001,swap,notBad
7489,10,1287.9,10,1286.6000000000001,2opt,notBad
7490,10,1287.9,10,1286.6000000000001,swap,notBad
7491,10,1287.9,10,1286.6000000000001,move,improve
7492,10,1287.9,10,1286.6000000000001,2opt,notBad
7493,10,1288.7000000000003,10,1286.6000000000001,swap,acceptBad
7494,10,1288.7000000000003,10,1286.6000000000001,swap,notBad
7495,10,1288.7000000000003,10,1286.6000000000001,2opt,notBad
7496,10,1288.7000000000003,10,1286.6000000000001,move,improve
7497,10,1288.7000000000003,10,1286.6000000000001,swap,notBad
7498,10,1288.7000000000003,10,1286.6000000000001,move,improve
7499,10,1288.7000000000003,10,1286.6000000000001,move,improve
7500,10,1288.7000000000003,10,1286.6000000000001,swap,notBad
7501,10,1292.7000000000003,10,1286.6000000000001,swap,acceptBad
7502,10,1292.7000000000003,10,1286.6000000000001,move,improve
7503,10,1292.7000000000003,10,1286.6000000000001,swap,notBad
7504,10,1292.7000000000003,10,1286.6000000000001,move,improve
7505,10,1292.7000000000003,10,1286.6000000000001,swap,notBad
7506,10,1292.7000000000003,10,1286.6000000000001,swap,notBad
7507,10,1292.7000000000003,10,1286.6000000000001,2opt,notBad
7508,10,1292.7000000000003,10,1286.6000000000001,move,improve
7509,10,1292.7000000000003,10,1286.6000000000001,swap,notBad
7510,10,1292.7000000000003,10,1286.6000000000001,move,improve
7511,10,1292.7000000000003,10,1286.6000000000001,swap,notBad
7512,10,1292.7000000000003,10,1286.6000000000001,2opt,notBad
7513,10,1292.7000000000003,10,1286.6000000000001,2opt,notBad
7514,10,1292.7000000000003,10,1286.6000000000001,2opt,improve
7515,10,1292.7000000000003,10,1286.6000000000001,2opt,notBad
7516,10,1292.7000000000003,10,1286.6000000000001,swap,notBad
7517,10,1292.7000000000003,10,1286.6000000000001,move,improve
7518,10,1292.7000000000003,10,1286.6000000000001,swap,notBad
7519,10,1292.7000000000003,10,1286.6000000000001,swap,notBad
7520,10,1292.7000000000003,10,1286.6000000000001,2opt,notBad
7521,10,1292.7000000000003,10,1286.6000000000001,move,improve
7522,10,1292.7000000000003,10,1286.6000000000001,swap,notBad
7523,10,1292.7000000000003,10,1286.6000000000001,move,notBad
7524,10,1292.7000000000003,10,1286.6000000000001,move,improve
7525,10,1292.7000000000003,10,1286.6000000000001,move,improve
7526,10,1292.7000000000003,10,1286.6000000000001,move,improve
7527,10,1292.7000000000003,10,1286.6000000000001,move,improve
7528,10,1292.7000000000003,10,1286.6000000000001,move,improve
7529,10,1292.7000000000003,10,1286.6000000000001,2opt,notBad
7530,10,1292.7000000000003,10,1286.6000000000001,swap,notBad
7531,10,1292.7000000000003,10,1286.6000000000001,move,improve
7532,10,1292.7000000000003,10,1286.6000000000001,move,improve
7533,10,1292.7000000000003,10,1286.6000000000001,swap,notBad
7534,10,1292.7000000000003,10,1286.6000000000001,2opt,notBad
7535,10,1292.7000000000003,10,1286.6000000000001,swap,notBad
7536,10,1292.7000000000003,10,1286.6000000000001,swap,notBad
7537,10,1292.7000000000003,10,1286.6000000000001,move,improve
7538,10,1292.7000000000003,10,1286.6000000000001,move,improve
7539,10,1292.7000000000003,10,1286.6000000000001,move,notBad
7540,10,1292.7000000000003,10,1286.6000000000001,2opt,notBad
7541,10,1292.7000000000003,10,1286.6000000000001,swap,notBad
7542,10,1292.7000000000003,10,1286.6000000000001,swap,notBad
7543,10,1292.7000000000003,10,1286.6000000000001,2opt,notBad
7544,10,1291.8999999999999,10,1286.6000000000001,2opt,improve
7545,10,1291.8999999999999,10,1286.6000000000001,2opt,notBad
7546,10,1291.8999999999999,10,1286.6000000000001,2opt,notBad
7547,10,1291.8999999999999,10,1286.6000000000001,2opt,notBad
7548,10,1291.8999999999999,10,1286.6000000000001,swap,notBad
7549,10,1291.8999999999999,10,1286.6000000000001,2opt,notBad
7550,10,1291.8999999999999,10,1286.6000000000001,2opt,notBad
7551,10,1291.8999999999999,10,1286.6000000000001,swap,notBad
7552,10,1291.8999999999999,10,1286.6000000000001,move,improve
7553,10,1291.8999999999999,10,1286.6000000000001,move,improve
7554,10,1291.8999999999999,10,1286.6000000000001,swap,notBad
7555,10,1291.8999999999999,10,1286.6000000000001,swap,notBad
7556,10,1291.8999999999999,10,1286.6000000000001,move,improve
7557,10,1291.8999999999999,10,1286.6000000000001,move,improve
7558,10,1291.8999999999999,10,1286.6000000000001,swap,notBad
7559,10,1291.8999999999999,10,1286.6000000000001,move,improve
7560,10,1291.8999999999999,10,1286.6000000000001,swap,notBad
7561,10,1291.8999999999999,10,1286.6000000000001,move,improve
7562,10,1291.8999999999999,10,1286.6000000000001,2opt,notBad
7563,10,1291.8999999999999,10,1286.6000000000001,move,improve
7564,10,1291.8999999999999,10,1286.6000000000001,swap,notBad
7565,10,1291.8999999999999,10,1286.6000000000001,move,improve
7566,10,1291.8999999999999,10,1286.6000000000001,2opt,notBad
7567,10,1291.8999999999999,10,1286.6000000000001,move,improve
7568,10,1292.6999999999998,10,1286.6000000000001,swap,acceptBad
7569,10,1292.6999999999998,10,1286.6000000000001,move,improve
7570,10,1292.6999999999998,10,1286.6000000000001,move,improve
7571,10,1292.6999999999998,10,1286.6000000000001,swap,notBad
7572,10,1292.6999999999998,10,1286.6000000000001,move,improve
7573,10,1292.6999999999998,10,1286.6000000000001,swap,notBad
7574,10,1292.6999999999998,10,1286.6000000000001,2opt,notBad
7575,10,1292.6999999999998,10,1286.6000000000001,2opt,notBad
7576,10,1292.6999999999998,10,1286.6000000000001,2opt,notBad
7577,10,1292.6999999999998,10,1286.6000000000001,move,improve
7578,10,1292.6999999999998,10,1286.6000000000001,swap,notBad
7579,10,1292.6999999999998,10,1286.6000000000001,swap,notBad
7580,10,1292.6999999999998,10,1286.6000000000001,move,improve
7581,10,1292.6999999999998,10,1286.6000000000001,move,improve
7582,10,1292.6999999999998,10,1286.6000000000001,swap,notBad
7583,10,1297.4,10,1286.6000000000001,swap,acceptBad
7584,10,1297.4,10,1286.6000000000001,move,improve
7585,10,1297.4,10,1286.6000000000001,swap,notBad
7586,10,1297.4,10,1286.6000000000001,2opt,notBad
7587,10,1297.4,10,1286.6000000000001,2opt,notBad
7588,10,1297.4,10,1286.6000000000001,2opt,notBad
7589,10,1297.4,10,1286.6000000000001,move,improve
7590,10,1297.4,10,1286.6000000000001,move,improve
7591,10,1297.4,10,1286.6000000000001,2opt,notBad
7592,10,1297.4,10,1286.6000000000001,2opt,notBad
7593,10,1297.4,10,1286.6000000000001,move,improve
7594,10,1297.4,10,1286.6000000000001,2opt,notBad
7595,10,1297.4,10,1286.6000000000001,2opt,notBad
7596,10,1297.4,10,1286.6000000000001,swap,notBad
7597,10,1297.4,10,1286.6000000000001,swap,notBad
7598,10,1297.4,10,1286.6000000000001,swap,notBad
7599,10,1297.4,10,1286.6000000000001,swap,notBad
7600,10,1297.4,10,1286.6000000000001,swap,notBad
7601,10,1297.4,10,1286.6000000000001,move,improve
7602,10,1297.4,10,1286.6000000000001,2opt,notBad
7603,10,1297.4,10,1286.6000000000001,2opt,notBad
7604,10,1297.4,10,1286.6000000000001,move,improve
7605,10,1297.4,10,1286.6000000000001,2opt,notBad
7606,10,1297.4,10,1286.6000000000001,2opt,improve
7607,10,1297.4,10,1286.6000000000001,move,improve
7608,10,1297.4,10,1286.6000000000001,move,improve
7609,10,1297.4,10,1286.6000000000001,swap,notBad
7610,10,1297.4,10,1286.6000000000001,swap,notBad
7611,10,1297.4,10,1286.6000000000001,move,improve
7612,10,1297.4,10,1286.6000000000001,2opt,notBad
7613,10,1297.4,10,1286.6000000000001,move,improve
7614,10,1297.4,10,1286.6000000000001,move,improve
7615,10,1297.4,10,1286.6000000000001,swap,notBad
7616,10,1297.4,10,1286.6000000000001,swap,notBad
7617,10,1297.4,10,1286.6000000000001,2opt,notBad
7618,10,1297.4,10,1286.6000000000001,swap,notBad
7619,10,1297.4,10,1286.6000000000001,2opt,notBad
7620,10,1297.4,10,1286.6000000000001,2opt,notBad
7621,10,1297.4,10,1286.6000000000001,move,improve
7622,10,1297.4,10,1286.6000000000001,swap,notBad
7623,10,1297.4,10,1286.6000000000001,2opt,improve
7624,10,1297.4,10,1286.6000000000001,2opt,notBad
7625,10,1297.4,10,1286.6000000000001,move,improve
7626,10,1297.4,10,1286.6000000000001,2opt,notBad
7627,10,1297.4,10,1286.6000000000001,swap,notBad
7628,10,1297.4,10,1286.6000000000001,2opt,notBad
7629,10,1297.4,10,1286.6000000000001,2opt,notBad
7630,10,1297.4,10,1286.6000000000001,move,improve
7631,10,1297.4,10,1286.6000000000001,swap,notBad
7632,10,1297.4,10,1286.6000000000001,move,improve
7633,10,1297.4,10,1286.6000000000001,2opt,notBad
7634,10,1297.4,10,1286.6000000000001,move,improve
7635,10,1297.4,10,1286.6000000000001,2opt,notBad
7636,10,1297.4,10,1286.6000000000001,move,improve
7637,10,1297.4,10,1286.6000000000001,move,improve
7638,10,1297.4,10,1286.6000000000001,move,improve
7639,10,1297.4,10,1286.6000000000001,2opt,notBad
7640,10,1297.4,10,1286.6000000000001,move,improve
7641,10,1297.4,10,1286.6000000000001,move,improve
7642,10,1297.4,10,1286.6000000000001,move,improve
7643,10,1297.4,10,1286.6000000000001,2opt,notBad
7644,10,1297.4,10,1286.6000000000001,2opt,notBad
7645,10,1297.4,10,1286.6000000000001,swap,notBad
7646,10,1297.4,10,1286.6000000000001,move,improve
7647,10,1297.4,10,1286.6000000000001,move,improve
7648,10,1297.4,10,1286.6000000000001,move,improve
7649,10,1297.4,10,1286.6000000000001,2opt,notBad
7650,10,1297.4,10,1286.6000000000001,2opt,notBad
7651,10,1297.4,10,1286.6000000000001,move,improve
7652,10,1297.4,10,1286.6000000000001,2opt,notBad
7653,10,1297.4,10,1286.6000000000001,2opt,notBad
7654,10,1297.4,10,1286.6000000000001,swap,notBad
7655,10,1297.4,10,1286.6000000000001,move,improve
7656,10,1297.4,10,1286.6000000000001,2opt,notBad
7657,10,1297.4,10,1286.6000000000001,2opt,notBad
7658,10,1297.4,10,1286.6000000000001,move,improve
7659,10,1297.4,10,1286.6000000000001,move,improve
7660,10,1297.4,10,1286.6000000000001,2opt,notBad
7661,10,1296.6000000000001,10,1286.6000000000001,move,improve
7662,10,1296.6000000000001,10,1286.6000000000001,swap,notBad
7663,10,1296.6000000000001,10,1286.6000000000001,swap,notBad
7664,10,1296.6000000000001,10,1286.6000000000001,move,improve
7665,10,1296.6000000000001,10,1286.6000000000001,swap,notBad
7666,10,1296.6000000000001,10,1286.6000000000001,2opt,notBad
7667,10,1296.6000000000001,10,1286.6000000000001,2opt,notBad
7668,10,1296.6000000000001,10,1286.6000000000001,move,improve
7669,10,1296.6000000000001,10,1286.6000000000001,swap,notBad
7670,10,1296.6000000000001,10,1286.6000000000001,move,improve
7671,10,1296.6000000000001,10,1286.6000000000001,2opt,notBad
7672,10,1296.6000000000001,10,1286.6000000000001,swap,notBad
7673,10,1296.6000000000001,10,1286.6000000000001,move,improve
7674,10,1296.6000000000001,10,1286.6000000000001,move,improve
7675,10,1296.6000000000001,10,1286.6000000000001,move,improve
7676,10,1296.6000000000001,10,1286.6000000000001,2opt,notBad
7677,10,1296.6000000000001,10,1286.6000000000001,2opt,notBad
7678,10,1296.6000000000001,10,1286.6000000000001,move,improve
7679,10,1296.6000000000001,10,1286.6000000000001,swap,notBad
7680,10,1296.6000000000001,10,1286.6000000000001,move,improve
7681,10,1296.6000000000001,10,1286.6000000000001,swap,notBad
7682,10,1296.6000000000001,10,1286.6000000000001,move,improve
7683,10,1296.6000000000001,10,1286.6000000000001,2opt,notBad
7684,10,1296.6000000000001,10,1286.6000000000001,2opt,notBad
7685,10,1296.6000000000001,10,1286.6000000000001,swap,notBad
7686,10,1296.6000000000001,10,1286.6000000000001,swap,notBad
7687,10,1296.6000000000001,10,1286.6000000000001,2opt,notBad
7688,10,1296.6000000000001,10,1286.6000000000001,swap,notBad
7689,10,1296.6000000000001,10,1286.6000000000001,2opt,notBad
7690,10,1296.6000000000001,10,1286.6000000000001,move,improve
7691,10,1296.6000000000001,10,1286.6000000000001,swap,notBad
7692,10,1296.6000000000001,10,1286.6000000000001,swap,notBad
7693,10,1296.6000000000001,10,1286.6000000000001,move,improve
7694,10,1296.6000000000001,10,1286.6000000000001,move,improve
7695,10,1296.6000000000001,10,1286.6000000000001,2opt,notBad
7696,10,1296.6000000000001,10,1286.6000000000001,swap,notBad
7697,10,1296.6000000000001,10,1286.6000000000001,move,improve
7698,10,1296.6000000000001,10,1286.6000000000001,move,improve
7699,10,1296.6000000000001,10,1286.6000000000001,move,improve
7700,10,1296.6000000000001,10,1286.6000000000001,move,improve
7701,10,1296.6000000000001,10,1286.6000000000001,move,improve
7702,10,1296.6000000000001,10,1286.6000000000001,2opt,notBad
7703,10,1296.6000000000001,10,1286.6000000000001,2opt,improve
7704,10,1292.6000000000001,10,1286.6000000000001,move,improve
7705,10,1292.6000000000001,10,1286.6000000000001,swap,notBad
7706,10,1292.6000000000001,10,1286.6000000000001,move,improve
7707,10,1292.6000000000001,10,1286.6000000000001,move,improve
7708,10,1292.6000000000001,10,1286.6000000000001,swap,notBad
7709,10,1292.6000000000001,10,1286.6000000000001,2opt,notBad
7710,10,1295.2000000000003,10,1286.6000000000001,swap,acceptBad
7711,10,1295.2000000000003,10,1286.6000000000001,swap,notBad
7712,10,1295.2000000000003,10,1286.6000000000001,move,improve
7713,10,1295.2000000000003,10,1286.6000000000001,2opt,notBad
7714,10,1295.2000000000003,10,1286.6000000000001,swap,notBad
7715,10,1295.2000000000003,10,1286.6000000000001,swap,notBad
7716,10,1295.2000000000003,10,1286.6000000000001,move,improve
7717,10,1295.2000000000003,10,1286.6000000000001,swap,notBad
7718,10,1295.2000000000003,10,1286.6000000000001,2opt,notBad
7719,10,1295.2000000000003,10,1286.6000000000001,move,improve
7720,10,1295.2000000000003,10,1286.6000000000001,move,improve
7721,10,1295.2000000000003,10,1286.6000000000001,swap,notBad
7722,10,1295.2,10,1286.6000000000001,move,improve
7723,10,1295.2,10,1286.6000000000001,swap,notBad
7724,10,1295.2,10,1286.6000000000001,swap,notBad
7725,10,1295.2,10,1286.6000000000001,move,improve
7726,10,1295.2,10,1286.6000000000001,swap,notBad
7727,10,1295.2,10,1286.6000000000001,swap,notBad
7728,10,1295.2,10,1286.6000000000001,swap,notBad
7729,10,1295.2,10,1286.6000000000001,swap,notBad
7730,10,1295.2,10,1286.6000000000001,swap,notBad
7731,10,1295.2,10,1286.6000000000001,swap,notBad
7732,10,1295.2,10,1286.6000000000001,2opt,notBad
7733,10,1295.2,10,1286.6000000000001,swap,notBad
7734,10,1295.2,10,1286.6000000000001,2opt,notBad
7735,10,1295.2,10,1286.6000000000001,swap,notBad
7736,10,1295.2,10,1286.6000000000001,2opt,notBad
7737,10,1295.2,10,1286.6000000000001,swap,notBad
7738,10,1295.2,10,1286.6000000000001,2opt,notBad
7739,10,1295.2,10,1286.6000000000001,2opt,notBad
7740,10,1295.2,10,1286.6000000000001,2opt,improve
7741,10,1295.2,10,1286.6000000000001,swap,notBad
7742,10,1295.2,10,1286.6000000000001,swap,notBad
7743,10,1295.2,10,1286.6000000000001,swap,notBad
7744,10,1295.2,10,1286.6000000000001,swap,notBad
7745,10,1295.2,10,1286.6000000000001,move,improve
7746,10,1295.2,10,1286.6000000000001,2opt,notBad
7747,10,1295.2,10,1286.6000000000001,swap,notBad
7748,10,1295.2,10,1286.6000000000001,move,improve
7749,10,1295.2,10,1286.6000000000001,2opt,notBad
7750,10,1296.0,10,1286.6000000000001,2opt,acceptBad
7751,10,1296.0,10,1286.6000000000001,swap,notBad
7752,10,1296.0,10,1286.6000000000001,2opt,notBad
7753,10,1296.0,10,1286.6000000000001,swap,notBad
7754,10,1296.0,10,1286.6000000000001,2opt,notBad
7755,10,1296.0,10,1286.6000000000001,2opt,notBad
7756,10,1296.0,10,1286.6000000000001,move,improve
7757,10,1296.0,10,1286.6000000000001,swap,notBad
7758,10,1296.0,10,1286.6000000000001,swap,notBad
7759,10,1296.0,10,1286.6000000000001,2opt,notBad
7760,10,1296.0,10,1286.6000000000001,swap,notBad
7761,10,1296.0,10,1286.6000000000001,2opt,notBad
7762,10,1296.0,10,1286.6000000000001,swap,notBad
7763,10,1296.0,10,1286.6000000000001,move,improve
7764,10,1296.0,10,1286.6000000000001,2opt,notBad
7765,10,1296.0,10,1286.6000000000001,move,improve
7766,10,1296.0,10,1286.6000000000001,2opt,notBad
7767,10,1296.0,10,1286.6000000000001,move,improve
7768,10,1296.0,10,1286.6000000000001,move,improve
7769,10,1296.0,10,1286.6000000000001,move,improve
7770,10,1296.0,10,1286.6000000000001,2opt,notBad
7771,10,1296.0,10,1286.6000000000001,2opt,notBad
7772,10,1296.0,10,1286.6000000000001,move,improve
7773,10,1296.0,10,1286.6000000000001,2opt,notBad
7774,10,1296.0,10,1286.6000000000001,swap,notBad
7775,10,1296.0,10,1286.6000000000001,move,improve
7776,10,1296.0,10,1286.6000000000001,2opt,notBad
7777,10,1296.0,10,1286.6000000000001,swap,notBad
7778,10,1296.0,10,1286.6000000000001,swap,notBad
7779,10,1296.0,10,1286.6000000000001,2opt,notBad
7780,10,1296.0,10,1286.6000000000001,2opt,notBad
7781,10,1296.0,10,1286.6000000000001,swap,notBad
7782,10,1296.0,10,1286.6000000000001,move,improve
7783,10,1296.0,10,1286.6000000000001,move,improve
7784,10,1298.5,10,1286.6000000000001,swap,acceptBad
7785,10,1298.5,10,1286.6000000000001,2opt,notBad
7786,10,1298.5,10,1286.6000000000001,move,improve
7787,10,1298.5,10,1286.6000000000001,move,improve
7788,10,1298.5,10,1286.6000000000001,2opt,notBad
7789,10,1298.5,10,1286.6000000000001,2opt,notBad
7790,10,1298.5,10,1286.6000000000001,move,improve
7791,10,1298.5,10,1286.6000000000001,move,improve
7792,10,1298.5,10,1286.6000000000001,move,improve
7793,10,1298.5,10,1286.6000000000001,move,improve
7794,10,1298.5,10,1286.6000000000001,2opt,notBad
7795,10,1298.5,10,1286.6000000000001,2opt,notBad
7796,10,1298.5,10,1286.6000000000001,swap,notBad
7797,10,1298.5,10,1286.6000000000001,move,improve
7798,10,1298.5,10,1286.6000000000001,swap,notBad
7799,10,1298.5,10,1286.6000000000001,move,improve
7800,10,1296.9,10,1286.6000000000001,move,improve
7801,10,1296.9,10,1286.6000000000001,swap,notBad
7802,10,1296.9,10,1286.6000000000001,swap,notBad
7803,10,1296.9,10,1286.6000000000001,move,improve
7804,10,1296.9,10,1286.6000000000001,move,improve
7805,10,1296.9,10,1286.6000000000001,move,improve
7806,10,1296.9,10,1286.6000000000001,2opt,notBad
7807,10,1296.9,10,1286.6000000000001,2opt,notBad
7808,10,1296.9,10,1286.6000000000001,2opt,notBad
7809,10,1296.9,10,1286.6000000000001,swap,notBad
7810,10,1296.9,10,1286.6000000000001,move,improve
7811,10,1296.9,10,1286.6000000000001,2opt,notBad
7812,10,1296.9,10,1286.6000000000001,swap,notBad
7813,10,1296.9,10,1286.6000000000001,2opt,notBad
7814,10,1296.9,10,1286.6000000000001,move,improve
7815,10,1296.9,10,1286.6000000000001,move,improve
7816,10,1296.9,10,1286.6000000000001,move,improve
7817,10,1296.9,10,1286.6000000000001,swap,notBad
7818,10,1296.9,10,1286.6000000000001,2opt,notBad
7819,10,1296.9,10,1286.6000000000001,move,improve
7820,10,1296.9,10,1286.6000000000001,swap,notBad
7821,10,1296.9,10,1286.6000000000001,move,improve
7822,10,1296.9,10,1286.6000000000001,swap,notBad
7823,10,1296.9,10,1286.6000000000001,move,improve
7824,10,1296.9,10,1286.6000000000001,2opt,notBad
7825,10,1296.9,10,1286.6000000000001,move,improve
7826,10,1296.9,10,1286.6000000000001,2opt,notBad
7827,10,1296.9,10,1286.6000000000001,swap,notBad
7828,10,1296.9,10,1286.6000000000001,swap,notBad
7829,10,1296.9,10,1286.6000000000001,2opt,notBad
7830,10,1296.9,10,1286.6000000000001,2opt,notBad
7831,10,1296.9,10,1286.6000000000001,swap,notBad
7832,10,1292.2,10,1286.6000000000001,move,improve
7833,10,1292.2,10,1286.6000000000001,move,improve
7834,10,1292.2,10,1286.6000000000001,move,improve
7835,10,1292.2,10,1286.6000000000001,move,improve
7836,10,1292.2,10,1286.6000000000001,2opt,notBad
7837,10,1292.2,10,1286.6000000000001,2opt,notBad
7838,10,1292.2,10,1286.6000000000001,move,improve
7839,10,1292.2,10,1286.6000000000001,swap,notBad
7840,10,1292.2,10,1286.6000000000001,swap,notBad
7841,10,1292.2,10,1286.6000000000001,2opt,notBad
7842,10,1292.2,10,1286.6000000000001,swap,notBad
7843,10,1293.1000000000001,10,1286.6000000000001,swap,acceptBad
7844,10,1293.1000000000001,10,1286.6000000000001,move,improve
7845,10,1293.1000000000001,10,1286.6000000000001,move,improve
7846,10,1293.1000000000001,10,1286.6000000000001,2opt,notBad
7847,10,1293.1000000000001,10,1286.6000000000001,2opt,notBad
7848,10,1293.1000000000001,10,1286.6000000000001,move,improve
7849,10,1293.1000000000001,10,1286.6000000000001,2opt,notBad
7850,10,1293.1000000000001,10,1286.6000000000001,move,improve
7851,10,1293.1000000000001,10,1286.6000000000001,swap,notBad
7852,10,1293.1000000000001,10,1286.6000000000001,2opt,notBad
7853,10,1293.1000000000001,10,1286.6000000000001,2opt,notBad
7854,10,1296.2,10,1286.6000000000001,swap,acceptBad
7855,10,1296.2,10,1286.6000000000001,move,improve
7856,10,1296.2,10,1286.6000000000001,swap,notBad
7857,10,1296.2,10,1286.6000000000001,2opt,notBad
7858,10,1295.3999999999999,10,1286.6000000000001,move,improve
7859,10,1295.3999999999999,10,1286.6000000000001,2opt,notBad
7860,10,1295.3999999999999,10,1286.6000000000001,move,improve
7861,10,1295.3999999999999,10,1286.6000000000001,2opt,improve
7862,10,1295.3999999999999,10,1286.6000000000001,swap,notBad
7863,10,1295.3999999999999,10,1286.6000000000001,move,improve
7864,10,1295.3999999999999,10,1286.6000000000001,2opt,notBad
7865,10,1295.3999999999999,10,1286.6000000000001,swap,notBad
7866,10,1295.3999999999999,10,1286.6000000000001,2opt,notBad
7867,10,1295.3999999999999,10,1286.6000000000001,swap,notBad
7868,10,1295.3999999999999,10,1286.6000000000001,2opt,notBad
7869,10,1295.3999999999999,10,1286.6000000000001,2opt,notBad
7870,10,1295.3999999999999,10,1286.6000000000001,swap,notBad
7871,10,1295.3999999999999,10,1286.6000000000001,move,improve
7872,10,1295.3999999999999,10,1286.6000000000001,move,improve
7873,10,1295.3999999999999,10,1286.6000000000001,swap,notBad
7874,10,1295.3999999999999,10,1286.6000000000001,swap,notBad
7875,10,1295.3999999999999,10,1286.6000000000001,swap,notBad
7876,10,1295.3999999999999,10,1286.6000000000001,move,improve
7877,10,1295.3999999999999,10,1286.6000000000001,2opt,improve
7878,10,1295.3999999999999,10,1286.6000000000001,2opt,notBad
7879,10,1295.3999999999999,10,1286.6000000000001,2opt,notBad
7880,10,1295.3999999999999,10,1286.6000000000001,move,improve
7881,10,1295.3999999999999,10,1286.6000000000001,2opt,notBad
7882,10,1295.3999999999999,10,1286.6000000000001,2opt,notBad
7883,10,1295.3999999999999,10,1286.6000000000001,swap,notBad
7884,10,1294.1,10,1286.6000000000001,swap,improve
7885,10,1294.1,10,1286.6000000000001,swap,notBad
7886,10,1294.1,10,1286.6000000000001,2opt,notBad
7887,10,1294.1,10,1286.6000000000001,move,improve
7888,10,1294.1,10,1286.6000000000001,move,improve
7889,10,1294.1,10,1286.6000000000001,2opt,notBad
7890,10,1291.0,10,1286.6000000000001,move,improve
7891,10,1291.0,10,1286.6000000000001,2opt,notBad
7892,10,1291.0,10,1286.6000000000001,move,improve
7893,10,1291.0,10,1286.6000000000001,swap,notBad
7894,10,1291.0,10,1286.6000000000001,swap,notBad
7895,10,1291.0,10,1286.6000000000001,move,improve
7896,10,1291.0,10,1286.6000000000001,2opt,notBad
7897,10,1291.0,10,1286.6000000000001,swap,notBad
7898,10,1291.0,10,1286.6000000000001,swap,notBad
7899,10,1291.0,10,1286.6000000000001,move,improve
7900,10,1291.0,10,1286.6000000000001,2opt,notBad
7901,10,1291.0,10,1286.6000000000001,2opt,notBad
7902,10,1291.0,10,1286.6000000000001,move,improve
7903,10,1291.0,10,1286.6000000000001,swap,notBad
7904,10,1291.0,10,1286.6000000000001,move,improve
7905,10,1291.0,10,1286.6000000000001,swap,notBad
7906,10,1291.0,10,1286.6000000000001,swap,notBad
7907,10,1291.0,10,1286.6000000000001,2opt,improve
7908,10,1291.0,10,1286.6000000000001,swap,notBad
7909,10,1291.0,10,1286.6000000000001,move,improve
7910,10,1291.0,10,1286.6000000000001,swap,notBad
7911,10,1291.0,10,1286.6000000000001,swap,notBad
7912,10,1291.0,10,1286.6000000000001,move,improve
7913,10,1291.0,10,1286.6000000000001,swap,notBad
7914,10,1284.8000000000002,10,1284.8000000000002,move,newBest
7915,10,1284.8000000000002,10,1284.8000000000002,move,improve
7916,10,1284.8000000000002,10,1284.8000000000002,2opt,notBad
7917,10,1284.8000000000002,10,1284.8000000000002,move,improve
7918,10,1283.0000000000002,10,1283.0000000000002,move,newBest
7919,10,1283.0000000000002,10,1283.0000000000002,swap,notBad
7920,10,1283.0000000000002,10,1283.0000000000002,swap,notBad
7921,10,1283.0000000000002,10,1283.0000000000002,2opt,notBad
7922,10,1283.0000000000002,10,1283.0000000000002,2opt,improve
7923,10,1283.0000000000002,10,1283.0000000000002,swap,notBad
7924,10,1283.0000000000002,10,1283.0000000000002,swap,notBad
7925,10,1283.0000000000002,10,1283.0000000000002,swap,notBad
7926,10,1283.0000000000002,10,1283.0000000000002,move,improve
7927,10,1283.0000000000002,10,1283.0000000000002,move,improve
7928,10,1283.0000000000002,10,1283.0000000000002,move,improve
7929,10,1283.0000000000002,10,1283.0000000000002,swap,notBad
7930,10,1283.0000000000002,10,1283.0000000000002,2opt,notBad
7931,10,1283.0000000000002,10,1283.0000000000002,move,improve
7932,10,1283.0000000000002,10,1283.0000000000002,2opt,notBad
7933,10,1283.0000000000002,10,1283.0000000000002,swap,notBad
7934,10,1283.0000000000002,10,1283.0000000000002,swap,notBad
7935,10,1283.0000000000002,10,1283.0000000000002,swap,notBad
7936,10,1283.0000000000002,10,1283.0000000000002,2opt,notBad
7937,10,1283.0000000000002,10,1283.0000000000002,swap,notBad
7938,10,1283.0000000000002,10,1283.0000000000002,move,improve
7939,10,1283.0000000000002,10,1283.0000000000002,move,improve
7940,10,1283.0000000000002,10,1283.0000000000002,2opt,notBad
7941,10,1283.0000000000002,10,1283.0000000000002,2opt,improve
7942,10,1283.0000000000002,10,1283.0000000000002,swap,notBad
7943,10,1283.0000000000002,10,1283.0000000000002,2opt,notBad
7944,10,1283.0000000000002,10,1283.0000000000002,swap,notBad
7945,10,1283.0000000000002,10,1283.0000000000002,move,improve
7946,10,1283.0000000000002,10,1283.0000000000002,move,improve
7947,10,1283.0000000000002,10,1283.0000000000002,move,improve
7948,10,1283.0000000000002,10,1283.0000000000002,2opt,notBad
7949,10,1283.0000000000002,10,1283.0000000000002,2opt,notBad
7950,10,1283.0000000000002,10,1283.0000000000002,2opt,notBad
7951,10,1283.0000000000002,10,1283.0000000000002,swap,notBad
7952,10,1283.0000000000002,10,1283.0000000000002,move,improve
7953,10,1283.0000000000002,10,1283.0000000000002,move,improve
7954,10,1283.0000000000002,10,1283.0000000000002,swap,notBad
7955,10,1283.0000000000002,10,1283.0000000000002,2opt,notBad
7956,10,1283.0000000000002,10,1283.0000000000002,2opt,notBad
7957,10,1283.0000000000002,10,1283.0000000000002,2opt,notBad
7958,10,1283.0000000000002,10,1283.0000000000002,move,improve
7959,10,1283.0000000000002,10,1283.0000000000002,swap,notBad
7960,10,1283.0000000000002,10,1283.0000000000002,move,improve
7961,10,1283.0000000000002,10,1283.0000000000002,move,improve
7962,10,1283.0000000000002,10,1283.0000000000002,move,improve
7963,10,1283.0000000000002,10,1283.0000000000002,move,improve
7964,10,1283.0000000000002,10,1283.0000000000002,swap,notBad
7965,10,1283.0000000000002,10,1283.0000000000002,swap,notBad
7966,10,1283.0000000000002,10,1283.0000000000002,move,improve
7967,10,1283.0000000000002,10,1283.0000000000002,swap,notBad
7968,10,1283.0000000000002,10,1283.0000000000002,2opt,notBad
7969,10,1283.0000000000002,10,1283.0000000000002,swap,notBad
7970,10,1283.0000000000002,10,1283.0000000000002,move,improve
7971,10,1283.0000000000002,10,1283.0000000000002,move,improve
7972,10,1283.0000000000002,10,1283.0000000000002,move,improve
7973,10,1283.0000000000002,10,1283.0000000000002,move,improve
7974,10,1283.0000000000002,10,1283.0000000000002,swap,notBad
7975,10,1283.0000000000002,10,1283.0000000000002,swap,notBad
7976,10,1283.0000000000002,10,1283.0000000000002,move,improve
7977,10,1283.0000000000002,10,1283.0000000000002,2opt,notBad
7978,10,1283.0000000000002,10,1283.0000000000002,move,improve
7979,10,1283.0000000000002,10,1283.0000000000002,swap,notBad
7980,10,1283.0000000000002,10,1283.0000000000002,move,improve
7981,10,1283.0000000000002,10,1283.0000000000002,move,improve
7982,10,1282.8000000000002,10,1282.8000000000002,move,newBest
7983,10,1282.8000000000002,10,1282.8000000000002,move,improve
7984,10,1282.8000000000002,10,1282.8000000000002,move,improve
7985,10,1282.8000000000002,10,1282.8000000000002,swap,notBad
7986,10,1282.8000000000002,10,1282.8000000000002,2opt,notBad
7987,10,1282.8000000000002,10,1282.8000000000002,swap,notBad
7988,10,1282.8000000000002,10,1282.8000000000002,swap,notBad
7989,10,1282.8000000000002,10,1282.8000000000002,swap,notBad
7990,10,1282.8000000000002,10,1282.8000000000002,move,improve
7991,10,1282.8000000000002,10,1282.8000000000002,2opt,notBad
7992,10,1282.8000000000002,10,1282.8000000000002,move,improve
7993,10,1282.8000000000002,10,1282.8000000000002,move,improve
7994,10,1282.8000000000002,10,1282.8000000000002,2opt,notBad
7995,10,1282.8000000000002,10,1282.8000000000002,move,improve
7996,10,1282.8000000000002,10,1282.8000000000002,2opt,notBad
7997,10,1282.8000000000002,10,1282.8000000000002,move,improve
7998,10,1282.8000000000002,10,1282.8000000000002,swap,notBad
7999,10,1282.8000000000002,10,1282.8000000000002,swap,notBad
8000,10,1282.8000000000002,10,1282.8000000000002,2opt,notBad
8001,10,1282.8000000000002,10,1282.8000000000002,2opt,notBad
8002,10,1282.8000000000002,10,1282.8000000000002,2opt,notBad
8003,10,1282.8000000000002,10,1282.8000000000002,2opt,notBad
8004,10,1282.8000000000002,10,1282.8000000000002,swap,notBad
8005,10,1282.8000000000002,10,1282.8000000000002,swap,notBad
8006,10,1282.8000000000002,10,1282.8000000000002,move,improve
8007,10,1282.8000000000002,10,1282.8000000000002,move,improve
8008,10,1282.8000000000002,10,1282.8000000000002,2opt,notBad
8009,10,1282.8000000000002,10,1282.8000000000002,move,improve
8010,10,1282.8000000000002,10,1282.8000000000002,swap,notBad
8011,10,1282.8000000000002,10,1282.8000000000002,move,improve
8012,10,1282.8000000000002,10,1282.8000000000002,swap,notBad
8013,10,1282.8000000000002,10,1282.8000000000002,2opt,notBad
8014,10,1282.8000000000002,10,1282.8000000000002,move,improve
8015,10,1282.8000000000002,10,1282.8000000000002,swap,notBad
8016,10,1282.8000000000002,10,1282.8000000000002,swap,notBad
8017,10,1282.8000000000002,10,1282.8000000000002,move,improve
8018,10,1282.8000000000002,10,1282.8000000000002,move,improve
8019,10,1282.8000000000002,10,1282.8000000000002,swap,notBad
8020,10,1284.4000000000003,10,1282.8000000000002,swap,acceptBad
8021,10,1284.4000000000003,10,1282.8000000000002,swap,notBad
8022,10,1284.4000000000003,10,1282.8000000000002,move,improve
8023,10,1284.4000000000003,10,1282.8000000000002,2opt,notBad
8024,10,1284.4000000000003,10,1282.8000000000002,2opt,notBad
8025,10,1284.4000000000003,10,1282.8000000000002,swap,notBad
8026,10,1283.5000000000002,10,1282.8000000000002,move,improve
8027,10,1283.5000000000002,10,1282.8000000000002,move,improve
8028,10,1283.5000000000002,10,1282.8000000000002,2opt,notBad
8029,10,1283.5000000000002,10,1282.8000000000002,swap,notBad
8030,10,1283.5000000000002,10,1282.8000000000002,swap,notBad
8031,10,1283.5000000000002,10,1282.8000000000002,swap,notBad
8032,10,1283.5000000000002,10,1282.8000000000002,2opt,notBad
8033,10,1283.5000000000002,10,1282.8000000000002,2opt,notBad
8034,10,1283.5000000000002,10,1282.8000000000002,move,improve
8035,10,1283.5000000000002,10,1282.8000000000002,move,improve
8036,10,1283.5000000000002,10,1282.8000000000002,move,improve
8037,10,1283.5000000000002,10,1282.8000000000002,move,improve
8038,10,1283.5000000000002,10,1282.8000000000002,swap,notBad
8039,10,1283.5000000000002,10,1282.8000000000002,move,improve
8040,10,1283.5000000000002,10,1282.8000000000002,move,improve
8041,10,1283.5000000000002,10,1282.8000000000002,2opt,notBad
8042,10,1283.5000000000002,10,1282.8000000000002,swap,notBad
8043,10,1283.5000000000002,10,1282.8000000000002,swap,notBad
8044,10,1283.5000000000002,10,1282.8000000000002,swap,notBad
8045,10,1283.5000000000002,10,1282.8000000000002,2opt,notBad
8046,10,1285.5000000000002,10,1282.8000000000002,swap,acceptBad
8047,10,1287.2,10,1282.8000000000002,swap,acceptBad
8048,10,1287.2,10,1282.8000000000002,move,improve
8049,10,1287.2,10,1282.8000000000002,swap,notBad
8050,10,1287.2,10,1282.8000000000002,swap,notBad
8051,10,1287.2,10,1282.8000000000002,2opt,notBad
8052,10,1287.2,10,1282.8000000000002,2opt,notBad
8053,10,1287.2,10,1282.8000000000002,move,improve
8054,10,1287.2,10,1282.8000000000002,move,improve
8055,10,1287.2,10,1282.8000000000002,move,improve
8056,10,1287.2,10,1282.8000000000002,swap,notBad
8057,10,1287.2,10,1282.8000000000002,2opt,notBad
8058,10,1287.2,10,1282.8000000000002,swap,notBad
8059,10,1287.2,10,1282.8000000000002,2opt,improve
8060,10,1287.2,10,1282.8000000000002,swap,notBad
8061,10,1287.2,10,1282.8000000000002,2opt,notBad
8062,10,1287.2,10,1282.8000000000002,move,improve
8063,10,1287.2,10,1282.8000000000002,swap,notBad
8064,10,1287.2,10,1282.8000000000002,2opt,notBad
8065,10,1287.2,10,1282.8000000000002,swap,notBad
8066,10,1287.2,10,1282.8000000000002,2opt,notBad
8067,10,1287.2,10,1282.8000000000002,swap,notBad
8068,10,1287.2,10,1282.8000000000002,2opt,notBad
8069,10,1287.2,10,1282.8000000000002,move,improve
8070,10,1287.2,10,1282.8000000000002,move,improve
8071,10,1287.2,10,1282.8000000000002,2opt,notBad
8072,10,1287.2,10,1282.8000000000002,move,improve
8073,10,1287.2,10,1282.8000000000002,2opt,notBad
8074,10,1287.2,10,1282.8000000000002,2opt,notBad
8075,10,1287.2,10,1282.8000000000002,2opt,notBad
8076,10,1288.5,10,1282.8000000000002,swap,acceptBad
8077,10,1286.8,10,1282.8000000000002,move,improve
8078,10,1286.8,10,1282.8000000000002,swap,notBad
8079,10,1286.8,10,1282.8000000000002,2opt,notBad
8080,10,1286.8,10,1282.8000000000002,move,improve
8081,10,1286.8,10,1282.8000000000002,move,improve
8082,10,1286.8,10,1282.8000000000002,swap,notBad
8083,10,1286.8,10,1282.8000000000002,swap,notBad
8084,10,1286.8,10,1282.8000000000002,move,improve
8085,10,1286.8,10,1282.8000000000002,move,improve
8086,10,1285.2,10,1282.8000000000002,move,improve
8087,10,1285.2,10,1282.8000000000002,2opt,notBad
8088,10,1285.2,10,1282.8000000000002,2opt,notBad
8089,10,1285.2,10,1282.8000000000002,2opt,notBad
8090,10,1285.2,10,1282.8000000000002,2opt,notBad
8091,10,1285.2,10,1282.8000000000002,swap,notBad
8092,10,1285.2,10,1282.8000000000002,move,improve
8093,10,1285.2,10,1282.8000000000002,swap,notBad
8094,10,1285.2,10,1282.8000000000002,2opt,notBad
8095,10,1285.2,10,1282.8000000000002,move,improve
8096,10,1285.2,10,1282.8000000000002,2opt,notBad
8097,10,1285.2,10,1282.8000000000002,move,improve
8098,10,1285.2,10,1282.8000000000002,move,improve
8099,10,1285.2,10,1282.8000000000002,move,improve
8100,10,1285.2,10,1282.8000000000002,swap,notBad
8101,10,1285.2,10,1282.8000000000002,move,improve
8102,10,1285.2,10,1282.8000000000002,move,improve
8103,10,1285.2,10,1282.8000000000002,swap,notBad
8104,10,1285.2,10,1282.8000000000002,2opt,notBad
8105,10,1285.2,10,1282.8000000000002,swap,notBad
8106,10,1285.2,10,1282.8000000000002,swap,notBad
8107,10,1285.2,10,1282.8000000000002,2opt,notBad
8108,10,1285.2,10,1282.8000000000002,move,improve
8109,10,1287.5,10,1282.8000000000002,swap,acceptBad
8110,10,1287.5,10,1282.8000000000002,move,improve
8111,10,1287.5,10,1282.8000000000002,swap,notBad
8112,10,1287.5,10,1282.8000000000002,swap,notBad
8113,10,1287.5,10,1282.8000000000002,move,improve
8114,10,1287.5,10,1282.8000000000002,move,improve
8115,10,1287.5,10,1282.8000000000002,2opt,notBad
8116,10,1287.5,10,1282.8000000000002,2opt,notBad
8117,10,1285.2,10,1282.8000000000002,move,improve
8118,10,1285.2,10,1282.8000000000002,2opt,improve
8119,10,1285.2,10,1282.8000000000002,swap,notBad
8120,10,1285.2,10,1282.8000000000002,move,improve
8121,10,1285.2,10,1282.8000000000002,2opt,notBad
8122,10,1285.2,10,1282.8000000000002,swap,notBad
8123,10,1285.2,10,1282.8000000000002,swap,notBad
8124,10,1285.2,10,1282.8000000000002,2opt,notBad
8125,10,1283.5,10,1282.8000000000002,move,improve
8126,10,1283.5,10,1282.8000000000002,move,improve
8127,10,1283.5,10,1282.8000000000002,swap,notBad
8128,10,1283.5,10,1282.8000000000002,swap,notBad
8129,10,1283.5,10,1282.8000000000002,2opt,notBad
8130,10,1283.5,10,1282.8000000000002,2opt,notBad
8131,10,1283.5,10,1282.8000000000002,move,improve
8132,10,1283.5,10,1282.8000000000002,swap,notBad
8133,10,1283.5,10,1282.8000000000002,move,improve
8134,10,1283.5,10,1282.8000000000002,2opt,notBad
8135,10,1283.5,10,1282.8000000000002,2opt,notBad
8136,10,1283.5,10,1282.8000000000002,swap,notBad
8137,10,1283.5,10,1282.8000000000002,swap,notBad
8138,10,1283.5,10,1282.8000000000002,swap,notBad
8139,10,1283.5,10,1282.8000000000002,2opt,notBad
8140,10,1283.5,10,1282.8000000000002,swap,notBad
8141,10,1283.5,10,1282.8000000000002,swap,notBad
8142,10,1283.5,10,1282.8000000000002,2opt,notBad
8143,10,1283.5,10,1282.8000000000002,move,improve
8144,10,1283.5,10,1282.8000000000002,move,improve
8145,10,1283.5,10,1282.8000000000002,2opt,notBad
8146,10,1283.5,10,1282.8000000000002,move,improve
8147,10,1283.5,10,1282.8000000000002,move,improve
8148,10,1283.5,10,1282.8000000000002,2opt,notBad
8149,10,1283.5,10,1282.8000000000002,swap,notBad
8150,10,1283.5,10,1282.8000000000002,move,improve
8151,10,1283.5,10,1282.8000000000002,move,improve
8152,10,1283.5,10,1282.8000000000002,2opt,notBad
8153,10,1283.5,10,1282.8000000000002,2opt,notBad
8154,10,1283.5,10,1282.8000000000002,2opt,notBad
8155,10,1283.5,10,1282.8000000000002,2opt,notBad
8156,10,1283.5,10,1282.8000000000002,swap,notBad
8157,10,1283.5,10,1282.8000000000002,swap,notBad
8158,10,1283.5,10,1282.8000000000002,2opt,notBad
8159,10,1283.5,10,1282.8000000000002,2opt,improve
8160,10,1283.5,10,1282.8000000000002,swap,notBad
8161,10,1287.6999999999998,10,1282.8000000000002,move,acceptBad
8162,10,1287.6999999999998,10,1282.8000000000002,move,improve
8163,10,1287.6999999999998,10,1282.8000000000002,swap,notBad
8164,10,1287.6999999999998,10,1282.8000000000002,2opt,notBad
8165,10,1287.6999999999998,10,1282.8000000000002,2opt,notBad
8166,10,1287.6999999999998,10,1282.8000000000002,move,improve
8167,10,1287.6999999999998,10,1282.8000000000002,swap,notBad
8168,10,1287.6999999999998,10,1282.8000000000002,move,improve
8169,10,1287.6999999999998,10,1282.8000000000002,swap,notBad
8170,10,1287.6999999999998,10,1282.8000000000002,swap,notBad
8171,10,1287.6999999999998,10,1282.8000000000002,move,improve
8172,10,1287.6999999999998,10,1282.8000000000002,2opt,notBad
8173,10,1287.6999999999998,10,1282.8000000000002,swap,notBad
8174,10,1287.6999999999998,10,1282.8000000000002,move,improve
8175,10,1287.6999999999998,10,1282.8000000000002,2opt,notBad
8176,10,1287.6999999999998,10,1282.8000000000002,move,improve
8177,10,1287.6999999999998,10,1282.8000000000002,move,improve
8178,10,1287.6999999999998,10,1282.8000000000002,swap,notBad
8179,10,1287.6999999999998,10,1282.8000000000002,2opt,notBad
8180,10,1287.6999999999998,10,1282.8000000000002,move,improve
8181,10,1287.6999999999998,10,1282.8000000000002,swap,notBad
8182,10,1287.6999999999998,10,1282.8000000000002,swap,notBad
8183,10,1287.6999999999998,10,1282.8000000000002,2opt,notBad
8184,10,1287.6999999999998,10,1282.8000000000002,swap,notBad
8185,10,1287.6999999999998,10,1282.8000000000002,2opt,notBad
8186,10,1287.6999999999998,10,1282.8000000000002,move,improve
8187,10,1287.6999999999998,10,1282.8000000000002,swap,notBad
8188,10,1287.6999999999998,10,1282.8000000000002,2opt,notBad
8189,10,1287.6999999999998,10,1282.8000000000002,move,improve
8190,10,1287.6999999999998,10,1282.8000000000002,swap,notBad
8191,10,1287.6999999999998,10,1282.8000000000002,swap,notBad
8192,10,1287.6999999999998,10,1282.8000000000002,swap,notBad
8193,10,1287.6999999999998,10,1282.8000000000002,move,improve
8194,10,1287.6999999999998,10,1282.8000000000002,move,improve
8195,10,1287.6999999999998,10,1282.8000000000002,2opt,notBad
8196,10,1287.6999999999998,10,1282.8000000000002,move,improve
8197,10,1287.6999999999998,10,1282.8000000000002,swap,notBad
8198,10,1287.6999999999998,10,1282.8000000000002,move,improve
8199,10,1287.6999999999998,10,1282.8000000000002,2opt,notBad
8200,10,1287.6999999999998,10,1282.8000000000002,2opt,notBad
8201,10,1287.6999999999998,10,1282.8000000000002,move,improve
8202,10,1287.6999999999998,10,1282.8000000000002,2opt,notBad
8203,10,1287.6999999999998,10,1282.8000000000002,move,improve
8204,10,1287.6999999999998,10,1282.8000000000002,2opt,notBad
8205,10,1287.6999999999998,10,1282.8000000000002,move,improve
8206,10,1287.6999999999998,10,1282.8000000000002,move,improve
8207,10,1287.6999999999998,10,1282.8000000000002,2opt,notBad
8208,10,1287.6999999999998,10,1282.8000000000002,swap,notBad
8209,10,1287.6999999999998,10,1282.8000000000002,swap,notBad
8210,10,1287.6999999999998,10,1282.8000000000002,move,improve
8211,10,1287.6999999999998,10,1282.8000000000002,2opt,notBad
8212,10,1287.6999999999998,10,1282.8000000000002,2opt,notBad
8213,10,1287.6999999999998,10,1282.8000000000002,move,improve
8214,10,1287.6999999999998,10,1282.8000000000002,swap,notBad
8215,10,1287.6999999999998,10,1282.8000000000002,move,improve
8216,10,1287.6999999999998,10,1282.8000000000002,swap,notBad
8217,10,1287.6999999999998,10,1282.8000000000002,move,improve
8218,10,1287.6999999999998,10,1282.8000000000002,swap,notBad
8219,10,1287.6999999999998,10,1282.8000000000002,swap,notBad
8220,10,1287.6999999999998,10,1282.8000000000002,move,improve
8221,10,1287.6999999999998,10,1282.8000000000002,swap,notBad
8222,10,1287.6999999999998,10,1282.8000000000002,swap,notBad
8223,10,1287.6999999999998,10,1282.8000000000002,swap,notBad
8224,10,1287.6999999999998,10,1282.8000000000002,swap,notBad
8225,10,1287.6999999999998,10,1282.8000000000002,2opt,notBad
8226,10,1287.6999999999998,10,1282.8000000000002,2opt,notBad
8227,10,1287.6999999999998,10,1282.8000000000002,2opt,notBad
8228,10,1287.6999999999998,10,1282.8000000000002,swap,notBad
8229,10,1287.6999999999998,10,1282.8000000000002,move,improve
8230,10,1287.6999999999998,10,1282.8000000000002,move,improve
8231,10,1287.6999999999998,10,1282.8000000000002,swap,notBad
8232,10,1287.6999999999998,10,1282.8000000000002,move,improve
8233,10,1287.6999999999998,10,1282.8000000000002,2opt,notBad
8234,10,1287.6999999999998,10,1282.8000000000002,move,improve
8235,10,1287.6999999999998,10,1282.8000000000002,move,improve
8236,10,1287.6999999999998,10,1282.8000000000002,2opt,notBad
8237,10,1287.6999999999998,10,1282.8000000000002,swap,notBad
8238,10,1287.6999999999998,10,1282.8000000000002,move,improve
8239,10,1287.6999999999998,10,1282.8000000000002,swap,notBad
8240,10,1287.6999999999998,10,1282.8000000000002,move,improve
8241,10,1287.6999999999998,10,1282.8000000000002,swap,notBad
8242,10,1287.6999999999998,10,1282.8000000000002,2opt,notBad
8243,10,1287.6999999999998,10,1282.8000000000002,swap,notBad
8244,10,1287.6999999999998,10,1282.8000000000002,2opt,notBad
8245,10,1287.6999999999998,10,1282.8000000000002,2opt,notBad
8246,10,1287.6999999999998,10,1282.8000000000002,2opt,notBad
8247,10,1287.6999999999998,10,1282.8000000000002,move,improve
8248,10,1287.6999999999998,10,1282.8000000000002,swap,notBad
8249,10,1287.6999999999998,10,1282.8000000000002,swap,notBad
8250,10,1287.6999999999998,10,1282.8000000000002,swap,notBad
8251,10,1287.6999999999998,10,1282.8000000000002,move,improve
8252,10,1287.6999999999998,10,1282.8000000000002,2opt,notBad
8253,10,1287.6999999999998,10,1282.8000000000002,swap,notBad
8254,10,1287.6999999999998,10,1282.8000000000002,move,improve
8255,10,1287.6999999999998,10,1282.8000000000002,2opt,notBad
8256,10,1287.6999999999998,10,1282.8000000000002,swap,notBad
8257,10,1287.6999999999998,10,1282.8000000000002,swap,notBad
8258,10,1287.6999999999998,10,1282.8000000000002,2opt,improve
8259,10,1287.6999999999998,10,1282.8000000000002,move,improve
8260,10,1287.6999999999998,10,1282.8000000000002,2opt,notBad
8261,10,1287.6999999999998,10,1282.8000000000002,2opt,notBad
8262,10,1287.6999999999998,10,1282.8000000000002,move,improve
8263,10,1287.6999999999998,10,1282.8000000000002,2opt,notBad
8264,10,1287.6999999999998,10,1282.8000000000002,swap,notBad
8265,10,1287.6999999999998,10,1282.8000000000002,swap,notBad
8266,10,1287.6999999999998,10,1282.8000000000002,2opt,notBad
8267,10,1287.6999999999998,10,1282.8000000000002,swap,notBad
8268,10,1287.6999999999998,10,1282.8000000000002,move,improve
8269,10,1287.6999999999998,10,1282.8000000000002,swap,notBad
8270,10,1287.6999999999998,10,1282.8000000000002,move,improve
8271,10,1287.6999999999998,10,1282.8000000000002,move,improve
8272,10,1287.6999999999998,10,1282.8000000000002,swap,notBad
8273,10,1287.6999999999998,10,1282.8000000000002,2opt,notBad
8274,10,1287.6999999999998,10,1282.8000000000002,move,improve
8275,10,1287.6999999999998,10,1282.8000000000002,swap,notBad
8276,10,1287.6999999999998,10,1282.8000000000002,swap,notBad
8277,10,1287.6999999999998,10,1282.8000000000002,move,improve
8278,10,1287.6999999999998,10,1282.8000000000002,2opt,notBad
8279,10,1287.6999999999998,10,1282.8000000000002,swap,notBad
8280,10,1287.6999999999998,10,1282.8000000000002,swap,notBad
8281,10,1287.6999999999998,10,1282.8000000000002,2opt,notBad
8282,10,1287.6999999999998,10,1282.8000000000002,swap,notBad
8283,10,1287.6999999999998,10,1282.8000000000002,2opt,notBad
8284,10,1287.6999999999998,10,1282.8000000000002,2opt,notBad
8285,10,1287.6999999999998,10,1282.8000000000002,swap,notBad
8286,10,1287.6999999999998,10,1282.8000000000002,swap,notBad
8287,10,1287.6999999999998,10,1282.8000000000002,swap,notBad
8288,10,1287.6999999999998,10,1282.8000000000002,swap,notBad
8289,10,1287.6999999999998,10,1282.8000000000002,move,improve
8290,10,1287.6999999999998,10,1282.8000000000002,2opt,notBad
8291,10,1287.6999999999998,10,1282.8000000000002,move,improve
8292,10,1287.6999999999998,10,1282.8000000000002,move,improve
8293,10,1287.6999999999998,10,1282.8000000000002,2opt,notBad
8294,10,1287.6999999999998,10,1282.8000000000002,move,improve
8295,10,1287.6999999999998,10,1282.8000000000002,move,improve
8296,10,1287.6999999999998,10,1282.8000000000002,swap,notBad
8297,10,1287.6999999999998,10,1282.8000000000002,move,improve
8298,10,1287.6999999999998,10,1282.8000000000002,move,improve
8299,10,1287.6999999999998,10,1282.8000000000002,move,improve
8300,10,1287.6999999999998,10,1282.8000000000002,move,improve
8301,10,1287.6999999999998,10,1282.8000000000002,move,improve
8302,10,1287.6999999999998,10,1282.8000000000002,move,improve
8303,10,1287.6999999999998,10,1282.8000000000002,2opt,notBad
8304,10,1287.6999999999998,10,1282.8000000000002,2opt,notBad
8305,10,1287.6999999999998,10,1282.8000000000002,2opt,notBad
8306,10,1287.6999999999998,10,1282.8000000000002,move,improve
8307,10,1287.6999999999998,10,1282.8000000000002,2opt,notBad
8308,10,1287.6999999999998,10,1282.8000000000002,2opt,notBad
8309,10,1287.6999999999998,10,1282.8000000000002,2opt,notBad
8310,10,1287.6999999999998,10,1282.8000000000002,2opt,notBad
8311,10,1287.6999999999998,10,1282.8000000000002,2opt,notBad
8312,10,1287.6999999999998,10,1282.8000000000002,move,improve
8313,10,1287.6999999999998,10,1282.8000000000002,move,improve
8314,10,1287.6999999999998,10,1282.8000000000002,swap,notBad
8315,10,1287.6999999999998,10,1282.8000000000002,2opt,notBad
8316,10,1287.6999999999998,10,1282.8000000000002,swap,notBad
8317,10,1287.6999999999998,10,1282.8000000000002,move,improve
8318,10,1287.6999999999998,10,1282.8000000000002,move,improve
8319,10,1287.6999999999998,10,1282.8000000000002,swap,notBad
8320,10,1287.6999999999998,10,1282.8000000000002,move,improve
8321,10,1289.4999999999998,10,1282.8000000000002,move,acceptBad
8322,10,1289.4999999999998,10,1282.8000000000002,2opt,notBad
8323,10,1289.4999999999998,10,1282.8000000000002,2opt,notBad
8324,10,1289.4999999999998,10,1282.8000000000002,swap,notBad
8325,10,1289.4999999999998,10,1282.8000000000002,swap,notBad
8326,10,1289.4999999999998,10,1282.8000000000002,2opt,notBad
8327,10,1289.4999999999998,10,1282.8000000000002,2opt,notBad
8328,10,1289.4999999999998,10,1282.8000000000002,2opt,improve
8329,10,1289.4999999999998,10,1282.8000000000002,swap,notBad
8330,10,1289.4999999999998,10,1282.8000000000002,2opt,notBad
8331,10,1289.4999999999998,10,1282.8000000000002,2opt,notBad
8332,10,1289.4999999999998,10,1282.8000000000002,swap,notBad
8333,10,1289.4999999999998,10,1282.8000000000002,swap,notBad
8334,10,1289.4999999999998,10,1282.8000000000002,2opt,notBad
8335,10,1289.4999999999998,10,1282.8000000000002,move,improve
8336,10,1289.4999999999998,10,1282.8000000000002,swap,notBad
8337,10,1289.4999999999998,10,1282.8000000000002,2opt,notBad
8338,10,1290.2999999999997,10,1282.8000000000002,swap,acceptBad
8339,10,1290.2999999999997,10,1282.8000000000002,move,improve
8340,10,1290.2999999999997,10,1282.8000000000002,2opt,improve
8341,10,1290.2999999999997,10,1282.8000000000002,move,improve
8342,10,1290.2999999999997,10,1282.8000000000002,move,improve
8343,10,1290.2999999999997,10,1282.8000000000002,2opt,notBad
8344,10,1290.2999999999997,10,1282.8000000000002,2opt,notBad
8345,10,1290.2999999999997,10,1282.8000000000002,move,improve
8346,10,1290.2999999999997,10,1282.8000000000002,2opt,notBad
8347,10,1290.2999999999997,10,1282.8000000000002,move,improve
8348,10,1290.2999999999997,10,1282.8000000000002,2opt,notBad
8349,10,1290.2999999999997,10,1282.8000000000002,move,improve
8350,10,1290.2999999999997,10,1282.8000000000002,2opt,improve
8351,10,1290.2999999999997,10,1282.8000000000002,swap,notBad
8352,10,1290.2999999999997,10,1282.8000000000002,2opt,notBad
8353,10,1290.2999999999997,10,1282.8000000000002,2opt,notBad
8354,10,1290.2999999999997,10,1282.8000000000002,swap,notBad
8355,10,1290.2999999999997,10,1282.8000000000002,swap,notBad
8356,10,1290.2999999999997,10,1282.8000000000002,2opt,notBad
8357,10,1290.2999999999997,10,1282.8000000000002,move,improve
8358,10,1290.2999999999997,10,1282.8000000000002,swap,notBad
8359,10,1290.2999999999997,10,1282.8000000000002,swap,notBad
8360,10,1290.2999999999997,10,1282.8000000000002,move,improve
8361,10,1290.2999999999997,10,1282.8000000000002,move,improve
8362,10,1290.2999999999997,10,1282.8000000000002,2opt,notBad
8363,10,1290.2999999999997,10,1282.8000000000002,swap,notBad
8364,10,1290.2999999999997,10,1282.8000000000002,swap,notBad
8365,10,1290.2999999999997,10,1282.8000000000002,2opt,notBad
8366,10,1290.2999999999997,10,1282.8000000000002,move,improve
8367,10,1290.2999999999997,10,1282.8000000000002,2opt,notBad
8368,10,1290.2999999999997,10,1282.8000000000002,2opt,notBad
8369,10,1290.2999999999997,10,1282.8000000000002,2opt,notBad
8370,10,1290.2999999999997,10,1282.8000000000002,2opt,notBad
8371,10,1290.2999999999997,10,1282.8000000000002,move,improve
8372,10,1290.2999999999997,10,1282.8000000000002,swap,notBad
8373,10,1290.2999999999997,10,1282.8000000000002,move,improve
8374,10,1290.2999999999997,10,1282.8000000000002,move,improve
8375,10,1290.2999999999997,10,1282.8000000000002,swap,notBad
8376,10,1290.2999999999997,10,1282.8000000000002,swap,notBad
8377,10,1290.2999999999997,10,1282.8000000000002,swap,notBad
8378,10,1290.2999999999997,10,1282.8000000000002,swap,notBad
8379,10,1290.2999999999997,10,1282.8000000000002,move,improve
8380,10,1290.2999999999997,10,1282.8000000000002,2opt,improve
8381,10,1290.2999999999997,10,1282.8000000000002,swap,notBad
8382,10,1290.2999999999997,10,1282.8000000000002,swap,notBad
8383,10,1290.2999999999997,10,1282.8000000000002,move,improve
8384,10,1290.2999999999997,10,1282.8000000000002,2opt,notBad
8385,10,1290.2999999999997,10,1282.8000000000002,swap,notBad
8386,10,1289.4999999999998,10,1282.8000000000002,move,improve
8387,10,1289.4999999999998,10,1282.8000000000002,2opt,notBad
8388,10,1289.4999999999998,10,1282.8000000000002,swap,notBad
8389,10,1289.4999999999998,10,1282.8000000000002,move,improve
8390,10,1289.4999999999998,10,1282.8000000000002,move,improve
8391,10,1289.4999999999998,10,1282.8000000000002,move,improve
8392,10,1289.4999999999998,10,1282.8000000000002,swap,notBad
8393,10,1289.4999999999998,10,1282.8000000000002,move,improve
8394,10,1289.4999999999998,10,1282.8000000000002,swap,notBad
8395,10,1289.4999999999998,10,1282.8000000000002,2opt,notBad
8396,10,1289.4999999999998,10,1282.8000000000002,swap,notBad
8397,10,1289.4999999999998,10,1282.8000000000002,swap,notBad
8398,10,1289.4999999999998,10,1282.8000000000002,swap,notBad
8399,10,1289.4999999999998,10,1282.8000000000002,move,improve
8400,10,1289.4999999999998,10,1282.8000000000002,2opt,notBad
8401,10,1289.4999999999998,10,1282.8000000000002,swap,notBad
8402,10,1289.4999999999998,10,1282.8000000000002,swap,notBad
8403,10,1289.4999999999998,10,1282.8000000000002,swap,notBad
8404,10,1289.4999999999998,10,1282.8000000000002,2opt,notBad
8405,10,1289.4999999999998,10,1282.8000000000002,swap,notBad
8406,10,1289.4999999999998,10,1282.8000000000002,2opt,notBad
8407,10,1289.4999999999998,10,1282.8000000000002,swap,notBad
8408,10,1289.4999999999998,10,1282.8000000000002,2opt,notBad
8409,10,1289.4999999999998,10,1282.8000000000002,2opt,notBad
8410,10,1289.4999999999998,10,1282.8000000000002,move,improve
8411,10,1289.4999999999998,10,1282.8000000000002,move,improve
8412,10,1289.4999999999998,10,1282.8000000000002,2opt,notBad
8413,10,1289.4999999999998,10,1282.8000000000002,2opt,notBad
8414,10,1289.4999999999998,10,1282.8000000000002,swap,notBad
8415,10,1289.4999999999998,10,1282.8000000000002,move,improve
8416,10,1289.4999999999998,10,1282.8000000000002,swap,notBad
8417,10,1289.4999999999998,10,1282.8000000000002,swap,notBad
8418,10,1289.4999999999998,10,1282.8000000000002,2opt,notBad
8419,10,1289.4999999999998,10,1282.8000000000002,swap,notBad
8420,10,1289.4999999999998,10,1282.8000000000002,2opt,notBad
8421,10,1289.4999999999998,10,1282.8000000000002,move,improve
8422,10,1289.4999999999998,10,1282.8000000000002,swap,notBad
8423,10,1289.4999999999998,10,1282.8000000000002,move,improve
8424,10,1289.4999999999998,10,1282.8000000000002,move,improve
8425,10,1289.4999999999998,10,1282.8000000000002,swap,notBad
8426,10,1289.4999999999998,10,1282.8000000000002,move,improve
8427,10,1289.4999999999998,10,1282.8000000000002,2opt,notBad
8428,10,1289.4999999999998,10,1282.8000000000002,2opt,notBad
8429,10,1289.4999999999998,10,1282.8000000000002,swap,notBad
8430,10,1289.4999999999998,10,1282.8000000000002,move,improve
8431,10,1289.4999999999998,10,1282.8000000000002,2opt,notBad
8432,10,1289.4999999999998,10,1282.8000000000002,2opt,notBad
8433,10,1289.4999999999998,10,1282.8000000000002,swap,notBad
8434,10,1289.4999999999998,10,1282.8000000000002,2opt,notBad
8435,10,1289.4999999999998,10,1282.8000000000002,swap,notBad
8436,10,1289.4999999999998,10,1282.8000000000002,move,improve
8437,10,1289.4999999999998,10,1282.8000000000002,2opt,notBad
8438,10,1289.4999999999998,10,1282.8000000000002,move,improve
8439,10,1289.4999999999998,10,1282.8000000000002,swap,notBad
8440,10,1289.4999999999998,10,1282.8000000000002,move,improve
8441,10,1289.4999999999998,10,1282.8000000000002,2opt,notBad
8442,10,1289.4999999999998,10,1282.8000000000002,move,improve
8443,10,1289.4999999999998,10,1282.8000000000002,2opt,notBad
8444,10,1289.4999999999998,10,1282.8000000000002,2opt,notBad
8445,10,1289.4999999999998,10,1282.8000000000002,2opt,improve
8446,10,1289.4999999999998,10,1282.8000000000002,2opt,notBad
8447,10,1289.4999999999998,10,1282.8000000000002,move,improve
8448,10,1289.4999999999998,10,1282.8000000000002,2opt,notBad
8449,10,1289.4999999999998,10,1282.8000000000002,swap,notBad
8450,10,1289.4999999999998,10,1282.8000000000002,2opt,improve
8451,10,1289.4999999999998,10,1282.8000000000002,swap,notBad
8452,10,1289.4999999999998,10,1282.8000000000002,move,improve
8453,10,1289.4999999999998,10,1282.8000000000002,swap,notBad
8454,10,1289.4999999999998,10,1282.8000000000002,swap,notBad
8455,10,1289.4999999999998,10,1282.8000000000002,2opt,notBad
8456,10,1289.4999999999998,10,1282.8000000000002,move,improve
8457,10,1289.4999999999998,10,1282.8000000000002,2opt,notBad
8458,10,1289.4999999999998,10,1282.8000000000002,move,improve
8459,10,1289.4999999999998,10,1282.8000000000002,swap,notBad
8460,10,1289.4999999999998,10,1282.8000000000002,2opt,notBad
8461,10,1289.4999999999998,10,1282.8000000000002,2opt,notBad
8462,10,1289.4999999999998,10,1282.8000000000002,2opt,notBad
8463,10,1289.4999999999998,10,1282.8000000000002,move,improve
8464,10,1289.4999999999998,10,1282.8000000000002,swap,notBad
8465,10,1289.4999999999998,10,1282.8000000000002,2opt,notBad
8466,10,1289.4999999999998,10,1282.8000000000002,swap,notBad
8467,10,1289.4999999999998,10,1282.8000000000002,2opt,notBad
8468,10,1289.4999999999998,10,1282.8000000000002,2opt,notBad
8469,10,1289.4999999999998,10,1282.8000000000002,2opt,notBad
8470,10,1289.4999999999998,10,1282.8000000000002,move,improve
8471,10,1289.4999999999998,10,1282.8000000000002,move,improve
8472,10,1289.4999999999998,10,1282.8000000000002,2opt,notBad
8473,10,1289.4999999999998,10,1282.8000000000002,move,improve
8474,10,1289.4999999999998,10,1282.8000000000002,swap,notBad
8475,10,1289.4999999999998,10,1282.8000000000002,move,improve
8476,10,1289.4999999999998,10,1282.8000000000002,2opt,notBad
8477,10,1289.4999999999998,10,1282.8000000000002,swap,notBad
8478,10,1289.4999999999998,10,1282.8000000000002,swap,notBad
8479,10,1289.4999999999998,10,1282.8000000000002,swap,notBad
8480,10,1289.4999999999998,10,1282.8000000000002,2opt,improve
8481,10,1289.4999999999998,10,1282.8000000000002,swap,notBad
8482,10,1289.4999999999998,10,1282.8000000000002,move,improve
8483,10,1289.4999999999998,10,1282.8000000000002,move,improve
8484,10,1289.4999999999998,10,1282.8000000000002,swap,notBad
8485,10,1289.4999999999998,10,1282.8000000000002,2opt,notBad
8486,10,1289.4999999999998,10,1282.8000000000002,swap,notBad
8487,10,1289.4999999999998,10,1282.8000000000002,2opt,notBad
8488,10,1289.4999999999998,10,1282.8000000000002,swap,notBad
8489,10,1289.4999999999998,10,1282.8000000000002,2opt,notBad
8490,10,1289.4999999999998,10,1282.8000000000002,swap,notBad
8491,10,1289.4999999999998,10,1282.8000000000002,move,improve
8492,10,1289.4999999999998,10,1282.8000000000002,move,improve
8493,10,1289.4999999999998,10,1282.8000000000002,2opt,notBad
8494,10,1289.4999999999998,10,1282.8000000000002,swap,notBad
8495,10,1289.4999999999998,10,1282.8000000000002,swap,notBad
8496,10,1289.4999999999998,10,1282.8000000000002,move,improve
8497,10,1289.4999999999998,10,1282.8000000000002,2opt,notBad
8498,10,1289.4999999999998,10,1282.8000000000002,2opt,notBad
8499,10,1289.4999999999998,10,1282.8000000000002,2opt,notBad
8500,10,1289.4999999999998,10,1282.8000000000002,move,improve
8501,10,1289.4999999999998,10,1282.8000000000002,2opt,notBad
8502,10,1289.4999999999998,10,1282.8000000000002,swap,notBad
8503,10,1289.4999999999998,10,1282.8000000000002,move,improve
8504,10,1289.4999999999998,10,1282.8000000000002,2opt,notBad
8505,10,1289.4999999999998,10,1282.8000000000002,swap,notBad
8506,10,1289.4999999999998,10,1282.8000000000002,move,improve
8507,10,1289.4999999999998,10,1282.8000000000002,swap,notBad
8508,10,1289.4999999999998,10,1282.8000000000002,swap,notBad
8509,10,1289.4999999999998,10,1282.8000000000002,2opt,notBad
8510,10,1289.4999999999998,10,1282.8000000000002,move,improve
8511,10,1289.4999999999998,10,1282.8000000000002,2opt,notBad
8512,10,1289.4999999999998,10,1282.8000000000002,move,improve
8513,10,1289.4999999999998,10,1282.8000000000002,swap,notBad
8514,10,1289.4999999999998,10,1282.8000000000002,swap,notBad
8515,10,1289.4999999999998,10,1282.8000000000002,swap,notBad
8516,10,1289.4999999999998,10,1282.8000000000002,swap,notBad
8517,10,1289.4999999999998,10,1282.8000000000002,swap,notBad
8518,10,1289.4999999999998,10,1282.8000000000002,swap,notBad
8519,10,1289.4999999999998,10,1282.8000000000002,2opt,notBad
8520,10,1289.4999999999998,10,1282.8000000000002,2opt,notBad
8521,10,1289.4999999999998,10,1282.8000000000002,move,improve
8522,10,1289.4999999999998,10,1282.8000000000002,move,improve
8523,10,1289.4999999999998,10,1282.8000000000002,move,improve
8524,10,1289.4999999999998,10,1282.8000000000002,move,improve
8525,10,1289.4999999999998,10,1282.8000000000002,move,improve
8526,10,1289.4999999999998,10,1282.8000000000002,move,improve
8527,10,1289.4999999999998,10,1282.8000000000002,move,improve
8528,10,1289.4999999999998,10,1282.8000000000002,move,improve
8529,10,1289.4999999999998,10,1282.8000000000002,2opt,notBad
8530,10,1289.4999999999998,10,1282.8000000000002,move,improve
8531,10,1289.4999999999998,10,1282.8000000000002,swap,notBad
8532,10,1289.4999999999998,10,1282.8000000000002,move,improve
8533,10,1289.4999999999998,10,1282.8000000000002,2opt,notBad
8534,10,1289.4999999999998,10,1282.8000000000002,2opt,notBad
8535,10,1289.4999999999998,10,1282.8000000000002,move,improve
8536,10,1289.4999999999998,10,1282.8000000000002,swap,notBad
8537,10,1289.4999999999998,10,1282.8000000000002,swap,notBad
8538,10,1289.4999999999998,10,1282.8000000000002,move,improve
8539,10,1289.4999999999998,10,1282.8000000000002,move,improve
8540,10,1289.4999999999998,10,1282.8000000000002,move,improve
8541,10,1289.4999999999998,10,1282.8000000000002,2opt,notBad
8542,10,1289.4999999999998,10,1282.8000000000002,2opt,notBad
8543,10,1289.4999999999998,10,1282.8000000000002,2opt,notBad
8544,10,1289.4999999999998,10,1282.8000000000002,move,improve
8545,10,1289.4999999999998,10,1282.8000000000002,2opt,improve
8546,10,1289.4999999999998,10,1282.8000000000002,2opt,notBad
8547,10,1289.4999999999998,10,1282.8000000000002,swap,notBad
8548,10,1289.4999999999998,10,1282.8000000000002,2opt,notBad
8549,10,1289.4999999999998,10,1282.8000000000002,move,improve
8550,10,1289.4999999999998,10,1282.8000000000002,move,improve
8551,10,1289.4999999999998,10,1282.8000000000002,swap,notBad
8552,10,1289.4999999999998,10,1282.8000000000002,swap,notBad
8553,10,1289.4999999999998,10,1282.8000000000002,2opt,notBad
8554,10,1289.4999999999998,10,1282.8000000000002,swap,notBad
8555,10,1289.4999999999998,10,1282.8000000000002,move,improve
8556,10,1289.4999999999998,10,1282.8000000000002,move,improve
8557,10,1289.4999999999998,10,1282.8000000000002,move,improve
8558,10,1289.4999999999998,10,1282.8000000000002,swap,notBad
8559,10,1289.4999999999998,10,1282.8000000000002,swap,notBad
8560,10,1289.4999999999998,10,1282.8000000000002,move,improve
8561,10,1289.4999999999998,10,1282.8000000000002,swap,notBad
8562,10,1289.4999999999998,10,1282.8000000000002,2opt,notBad
8563,10,1289.4999999999998,10,1282.8000000000002,2opt,notBad
8564,10,1289.4999999999998,10,1282.8000000000002,swap,notBad
8565,10,1289.4999999999998,10,1282.8000000000002,move,improve
8566,10,1289.4999999999998,10,1282.8000000000002,move,improve
8567,10,1289.4999999999998,10,1282.8000000000002,2opt,notBad
8568,10,1289.4999999999998,10,1282.8000000000002,2opt,notBad
8569,10,1289.4999999999998,10,1282.8000000000002,swap,notBad
8570,10,1289.4999999999998,10,1282.8000000000002,move,improve
8571,10,1289.4999999999998,10,1282.8000000000002,2opt,notBad
8572,10,1289.4999999999998,10,1282.8000000000002,swap,notBad
8573,10,1289.4999999999998,10,1282.8000000000002,swap,notBad
8574,10,1289.4999999999998,10,1282.8000000000002,2opt,notBad
8575,10,1289.4999999999998,10,1282.8000000000002,move,improve
8576,10,1289.4999999999998,10,1282.8000000000002,move,improve
8577,10,1289.4999999999998,10,1282.8000000000002,swap,notBad
8578,10,1289.4999999999998,10,1282.8000000000002,swap,notBad
8579,10,1289.4999999999998,10,1282.8000000000002,swap,notBad
8580,10,1289.4999999999998,10,1282.8000000000002,move,improve
8581,10,1289.4999999999998,10,1282.8000000000002,swap,notBad
8582,10,1289.4999999999998,10,1282.8000000000002,swap,notBad
8583,10,1289.4999999999998,10,1282.8000000000002,2opt,notBad
8584,10,1289.4999999999998,10,1282.8000000000002,move,improve
8585,10,1289.4999999999998,10,1282.8000000000002,swap,notBad
8586,10,1289.4999999999998,10,1282.8000000000002,2opt,notBad
8587,10,1289.4999999999998,10,1282.8000000000002,2opt,notBad
8588,10,1289.4999999999998,10,1282.8000000000002,move,improve
8589,10,1289.4999999999998,10,1282.8000000000002,move,improve
8590,10,1289.4999999999998,10,1282.8000000000002,2opt,notBad
8591,10,1289.4999999999998,10,1282.8000000000002,move,improve
8592,10,1289.4999999999998,10,1282.8000000000002,2opt,notBad
8593,10,1289.4999999999998,10,1282.8000000000002,swap,notBad
8594,10,1289.4999999999998,10,1282.8000000000002,swap,notBad
8595,10,1289.4999999999998,10,1282.8000000000002,2opt,notBad
8596,10,1289.4999999999998,10,1282.8000000000002,swap,notBad
8597,10,1289.4999999999998,10,1282.8000000000002,swap,notBad
8598,10,1289.4999999999998,10,1282.8000000000002,2opt,improve
8599,10,1289.4999999999998,10,1282.8000000000002,2opt,improve
8600,10,1289.4999999999998,10,1282.8000000000002,2opt,notBad
8601,10,1289.4999999999998,10,1282.8000000000002,swap,notBad
8602,10,1289.4999999999998,10,1282.8000000000002,swap,notBad
8603,10,1289.4999999999998,10,1282.8000000000002,move,improve
8604,10,1289.4999999999998,10,1282.8000000000002,swap,notBad
8605,10,1289.4999999999998,10,1282.8000000000002,move,improve
8606,10,1289.4999999999998,10,1282.8000000000002,swap,notBad
8607,10,1289.4999999999998,10,1282.8000000000002,2opt,notBad
8608,10,1289.4999999999998,10,1282.8000000000002,2opt,notBad
8609,10,1289.4999999999998,10,1282.8000000000002,2opt,notBad
8610,10,1289.4999999999998,10,1282.8000000000002,2opt,notBad
8611,10,1289.4999999999998,10,1282.8000000000002,swap,notBad
8612,10,1289.4999999999998,10,1282.8000000000002,swap,notBad
8613,10,1289.4999999999998,10,1282.8000000000002,move,improve
8614,10,1289.4999999999998,10,1282.8000000000002,swap,notBad
8615,10,1289.4999999999998,10,1282.8000000000002,move,improve
8616,10,1289.4999999999998,10,1282.8000000000002,swap,notBad
8617,10,1289.4999999999998,10,1282.8000000000002,2opt,notBad
8618,10,1289.4999999999998,10,1282.8000000000002,2opt,notBad
8619,10,1289.4999999999998,10,1282.8000000000002,swap,notBad
8620,10,1289.4999999999998,10,1282.8000000000002,2opt,notBad
8621,10,1289.4999999999998,10,1282.8000000000002,2opt,notBad
8622,10,1289.4999999999998,10,1282.8000000000002,swap,notBad
8623,10,1289.4999999999998,10,1282.8000000000002,move,improve
8624,10,1289.4999999999998,10,1282.8000000000002,move,improve
8625,10,1289.4999999999998,10,1282.8000000000002,swap,notBad
8626,10,1289.4999999999998,10,1282.8000000000002,swap,notBad
8627,10,1289.4999999999998,10,1282.8000000000002,swap,notBad
8628,10,1289.4999999999998,10,1282.8000000000002,swap,notBad
8629,10,1289.4999999999998,10,1282.8000000000002,move,improve
8630,10,1289.4999999999998,10,1282.8000000000002,move,improve
8631,10,1289.4999999999998,10,1282.8000000000002,2opt,notBad
8632,10,1289.4999999999998,10,1282.8000000000002,2opt,notBad
8633,10,1289.4999999999998,10,1282.8000000000002,2opt,notBad
8634,10,1289.4999999999998,10,1282.8000000000002,swap,notBad
8635,10,1289.4999999999998,10,1282.8000000000002,2opt,notBad
8636,10,1289.4999999999998,10,1282.8000000000002,2opt,notBad
8637,10,1289.4999999999998,10,1282.8000000000002,swap,notBad
8638,10,1289.4999999999998,10,1282.8000000000002,2opt,notBad
8639,10,1289.4999999999998,10,1282.8000000000002,move,improve
8640,10,1289.4999999999998,10,1282.8000000000002,swap,notBad
8641,10,1289.4999999999998,10,1282.8000000000002,swap,notBad
8642,10,1289.4999999999998,10,1282.8000000000002,2opt,notBad
8643,10,1289.4999999999998,10,1282.8000000000002,move,improve
8644,10,1289.4999999999998,10,1282.8000000000002,move,improve
8645,10,1289.4999999999998,10,1282.8000000000002,swap,notBad
8646,10,1289.4999999999998,10,1282.8000000000002,2opt,notBad
8647,10,1289.4999999999998,10,1282.8000000000002,2opt,notBad
8648,10,1289.4999999999998,10,1282.8000000000002,swap,notBad
8649,10,1289.4999999999998,10,1282.8000000000002,move,improve
8650,10,1289.4999999999998,10,1282.8000000000002,2opt,notBad
8651,10,1289.4999999999998,10,1282.8000000000002,swap,notBad
8652,10,1289.4999999999998,10,1282.8000000000002,move,improve
8653,10,1289.4999999999998,10,1282.8000000000002,2opt,notBad
8654,10,1289.4999999999998,10,1282.8000000000002,2opt,improve
8655,10,1289.4999999999998,10,1282.8000000000002,move,improve
8656,10,1289.4999999999998,10,1282.8000000000002,2opt,notBad
8657,10,1289.4999999999998,10,1282.8000000000002,2opt,notBad
8658,10,1289.4999999999998,10,1282.8000000000002,move,improve
8659,10,1289.4999999999998,10,1282.8000000000002,2opt,notBad
8660,10,1289.4999999999998,10,1282.8000000000002,move,improve
8661,10,1289.4999999999998,10,1282.8000000000002,swap,notBad
8662,10,1289.4999999999998,10,1282.8000000000002,swap,notBad
8663,10,1289.4999999999998,10,1282.8000000000002,move,improve
8664,10,1289.4999999999998,10,1282.8000000000002,move,improve
8665,10,1289.4999999999998,10,1282.8000000000002,2opt,notBad
8666,10,1289.4999999999998,10,1282.8000000000002,swap,notBad
8667,10,1289.4999999999998,10,1282.8000000000002,swap,notBad
8668,10,1289.4999999999998,10,1282.8000000000002,swap,notBad
8669,10,1289.4999999999998,10,1282.8000000000002,move,improve
8670,10,1289.4999999999998,10,1282.8000000000002,2opt,improve
8671,10,1289.4999999999998,10,1282.8000000000002,2opt,notBad
8672,10,1289.4999999999998,10,1282.8000000000002,move,improve
8673,10,1289.4999999999998,10,1282.8000000000002,2opt,notBad
8674,10,1289.4999999999998,10,1282.8000000000002,2opt,notBad
8675,10,1289.4999999999998,10,1282.8000000000002,2opt,notBad
8676,10,1289.4999999999998,10,1282.8000000000002,move,improve
8677,10,1289.4999999999998,10,1282.8000000000002,move,improve
8678,10,1289.4999999999998,10,1282.8000000000002,move,improve
8679,10,1289.4999999999998,10,1282.8000000000002,2opt,notBad
8680,10,1289.4999999999998,10,1282.8000000000002,2opt,notBad
8681,10,1289.4999999999998,10,1282.8000000000002,2opt,improve
8682,10,1289.4999999999998,10,1282.8000000000002,2opt,notBad
8683,10,1289.4999999999998,10,1282.8000000000002,2opt,notBad
8684,10,1289.4999999999998,10,1282.8000000000002,move,improve
8685,10,1289.4999999999998,10,1282.8000000000002,swap,notBad
8686,10,1289.4999999999998,10,1282.8000000000002,swap,notBad
8687,10,1289.4999999999998,10,1282.8000000000002,swap,notBad
8688,10,1289.4999999999998,10,1282.8000000000002,move,improve
8689,10,1289.4999999999998,10,1282.8000000000002,swap,notBad
8690,10,1289.4999999999998,10,1282.8000000000002,2opt,notBad
8691,10,1289.4999999999998,10,1282.8000000000002,move,improve
8692,10,1289.4999999999998,10,1282.8000000000002,swap,notBad
8693,10,1289.4999999999998,10,1282.8000000000002,swap,notBad
8694,10,1289.4999999999998,10,1282.8000000000002,move,improve
8695,10,1289.4999999999998,10,1282.8000000000002,2opt,notBad
8696,10,1287.6999999999998,10,1282.8000000000002,move,improve
8697,10,1287.6999999999998,10,1282.8000000000002,swap,notBad
8698,10,1287.6999999999998,10,1282.8000000000002,swap,notBad
8699,10,1287.6999999999998,10,1282.8000000000002,2opt,notBad
8700,10,1287.6999999999998,10,1282.8000000000002,2opt,notBad
8701,10,1287.6999999999998,10,1282.8000000000002,move,improve
8702,10,1287.6999999999998,10,1282.8000000000002,move,improve
8703,10,1287.6999999999998,10,1282.8000000000002,move,improve
8704,10,1287.6999999999998,10,1282.8000000000002,2opt,notBad
8705,10,1287.6999999999998,10,1282.8000000000002,2opt,notBad
8706,10,1287.6999999999998,10,1282.8000000000002,2opt,notBad
8707,10,1287.6999999999998,10,1282.8000000000002,2opt,notBad
8708,10,1287.6999999999998,10,1282.8000000000002,2opt,notBad
8709,10,1287.6999999999998,10,1282.8000000000002,swap,notBad
8710,10,1287.6999999999998,10,1282.8000000000002,move,improve
8711,10,1287.6999999999998,10,1282.8000000000002,move,improve
8712,10,1287.6999999999998,10,1282.8000000000002,swap,notBad
8713,10,1287.6999999999998,10,1282.8000000000002,swap,notBad
8714,10,1287.6999999999998,10,1282.8000000000002,2opt,notBad
8715,10,1287.6999999999998,10,1282.8000000000002,2opt,notBad
8716,10,1287.6999999999998,10,1282.8000000000002,swap,notBad
8717,10,1287.6999999999998,10,1282.8000000000002,swap,notBad
8718,10,1287.6999999999998,10,1282.8000000000002,2opt,notBad
8719,10,1287.6999999999998,10,1282.8000000000002,2opt,notBad
8720,10,1287.6999999999998,10,1282.8000000000002,swap,notBad
8721,10,1287.6999999999998,10,1282.8000000000002,move,improve
8722,10,1287.6999999999998,10,1282.8000000000002,move,improve
8723,10,1287.6999999999998,10,1282.8000000000002,swap,notBad
8724,10,1287.6999999999998,10,1282.8000000000002,move,improve
8725,10,1287.6999999999998,10,1282.8000000000002,swap,notBad
8726,10,1287.6999999999998,10,1282.8000000000002,move,improve
8727,10,1287.6999999999998,10,1282.8000000000002,swap,notBad
8728,10,1287.6999999999998,10,1282.8000000000002,swap,notBad
8729,10,1287.6999999999998,10,1282.8000000000002,2opt,notBad
8730,10,1287.6999999999998,10,1282.8000000000002,move,improve
8731,10,1287.6999999999998,10,1282.8000000000002,2opt,notBad
8732,10,1287.6999999999998,10,1282.8000000000002,swap,notBad
8733,10,1289.4999999999998,10,1282.8000000000002,swap,acceptBad
8734,10,1289.4999999999998,10,1282.8000000000002,swap,notBad
8735,10,1289.4999999999998,10,1282.8000000000002,2opt,notBad
8736,10,1289.4999999999998,10,1282.8000000000002,swap,notBad
8737,10,1289.4999999999998,10,1282.8000000000002,swap,notBad
8738,10,1289.4999999999998,10,1282.8000000000002,swap,notBad
8739,10,1289.4999999999998,10,1282.8000000000002,move,improve
8740,10,1289.4999999999998,10,1282.8000000000002,2opt,notBad
8741,10,1289.4999999999998,10,1282.8000000000002,2opt,notBad
8742,10,1289.4999999999998,10,1282.8000000000002,swap,notBad
8743,10,1289.4999999999998,10,1282.8000000000002,swap,notBad
8744,10,1289.4999999999998,10,1282.8000000000002,swap,notBad
8745,10,1289.4999999999998,10,1282.8000000000002,move,improve
8746,10,1289.4999999999998,10,1282.8000000000002,swap,notBad
8747,10,1289.4999999999998,10,1282.8000000000002,swap,notBad
8748,10,1289.4999999999998,10,1282.8000000000002,2opt,improve
8749,10,1289.4999999999998,10,1282.8000000000002,swap,notBad
8750,10,1289.4999999999998,10,1282.8000000000002,move,improve
8751,10,1289.4999999999998,10,1282.8000000000002,swap,notBad
8752,10,1289.4999999999998,10,1282.8000000000002,2opt,notBad
8753,10,1289.4999999999998,10,1282.8000000000002,swap,notBad
8754,10,1289.4999999999998,10,1282.8000000000002,move,improve
8755,10,1289.4999999999998,10,1282.8000000000002,2opt,notBad
8756,10,1289.4999999999998,10,1282.8000000000002,move,improve
8757,10,1289.4999999999998,10,1282.8000000000002,move,improve
8758,10,1289.4999999999998,10,1282.8000000000002,2opt,notBad
8759,10,1289.4999999999998,10,1282.8000000000002,swap,notBad
8760,10,1289.4999999999998,10,1282.8000000000002,move,improve
8761,10,1289.4999999999998,10,1282.8000000000002,2opt,notBad
8762,10,1289.4999999999998,10,1282.8000000000002,swap,notBad
8763,10,1289.4999999999998,10,1282.8000000000002,move,improve
8764,10,1289.4999999999998,10,1282.8000000000002,2opt,notBad
8765,10,1289.4999999999998,10,1282.8000000000002,2opt,notBad
8766,10,1289.4999999999998,10,1282.8000000000002,swap,notBad
8767,10,1289.4999999999998,10,1282.8000000000002,swap,notBad
8768,10,1289.4999999999998,10,1282.8000000000002,move,improve
8769,10,1289.4999999999998,10,1282.8000000000002,move,improve
8770,10,1289.4999999999998,10,1282.8000000000002,swap,notBad
8771,10,1289.4999999999998,10,1282.8000000000002,2opt,notBad
8772,10,1289.4999999999998,10,1282.8000000000002,move,improve
8773,10,1289.4999999999998,10,1282.8000000000002,swap,notBad
8774,10,1289.4999999999998,10,1282.8000000000002,move,improve
8775,10,1289.4999999999998,10,1282.8000000000002,move,improve
8776,10,1289.4999999999998,10,1282.8000000000002,2opt,notBad
8777,10,1289.4999999999998,10,1282.8000000000002,move,improve
8778,10,1289.4999999999998,10,1282.8000000000002,move,improve
8779,10,1289.4999999999998,10,1282.8000000000002,2opt,notBad
8780,10,1289.4999999999998,10,1282.8000000000002,move,improve
8781,10,1289.4999999999998,10,1282.8000000000002,swap,notBad
8782,10,1289.4999999999998,10,1282.8000000000002,2opt,notBad
8783,10,1289.4999999999998,10,1282.8000000000002,move,improve
8784,10,1289.4999999999998,10,1282.8000000000002,2opt,notBad
8785,10,1289.4999999999998,10,1282.8000000000002,move,improve
8786,10,1289.4999999999998,10,1282.8000000000002,2opt,notBad
8787,10,1289.4999999999998,10,1282.8000000000002,swap,notBad
8788,10,1289.4999999999998,10,1282.8000000000002,2opt,notBad
8789,10,1289.4999999999998,10,1282.8000000000002,2opt,notBad
8790,10,1289.4999999999998,10,1282.8000000000002,move,improve
8791,10,1289.4999999999998,10,1282.8000000000002,move,improve
8792,10,1289.4999999999998,10,1282.8000000000002,move,improve
8793,10,1289.4999999999998,10,1282.8000000000002,move,improve
8794,10,1289.4999999999998,10,1282.8000000000002,move,improve
8795,10,1289.4999999999998,10,1282.8000000000002,2opt,notBad
8796,10,1289.4999999999998,10,1282.8000000000002,2opt,notBad
8797,10,1289.4999999999998,10,1282.8000000000002,move,improve
8798,10,1289.4999999999998,10,1282.8000000000002,2opt,notBad
8799,10,1289.4999999999998,10,1282.8000000000002,swap,notBad
8800,10,1289.4999999999998,10,1282.8000000000002,2opt,notBad
8801,10,1289.4999999999998,10,1282.8000000000002,2opt,notBad
8802,10,1289.4999999999998,10,1282.8000000000002,2opt,notBad
8803,10,1289.4999999999998,10,1282.8000000000002,swap,notBad
8804,10,1289.4999999999998,10,1282.8000000000002,swap,notBad
8805,10,1289.4999999999998,10,1282.8000000000002,move,improve
8806,10,1289.4999999999998,10,1282.8000000000002,swap,notBad
8807,10,1289.4999999999998,10,1282.8000000000002,move,improve
8808,10,1289.4999999999998,10,1282.8000000000002,swap,notBad
8809,10,1289.4999999999998,10,1282.8000000000002,swap,notBad
8810,10,1289.4999999999998,10,1282.8000000000002,2opt,notBad
8811,10,1289.4999999999998,10,1282.8000000000002,2opt,notBad
8812,10,1289.4999999999998,10,1282.8000000000002,2opt,improve
8813,10,1289.4999999999998,10,1282.8000000000002,swap,notBad
8814,10,1289.4999999999998,10,1282.8000000000002,2opt,notBad
8815,10,1289.4999999999998,10,1282.8000000000002,move,improve
8816,10,1289.4999999999998,10,1282.8000000000002,2opt,notBad
8817,10,1289.4999999999998,10,1282.8000000000002,swap,notBad
8818,10,1289.4999999999998,10,1282.8000000000002,2opt,notBad
8819,10,1289.4999999999998,10,1282.8000000000002,2opt,notBad
8820,10,1289.4999999999998,10,1282.8000000000002,move,improve
8821,10,1289.4999999999998,10,1282.8000000000002,move,improve
8822,10,1289.4999999999998,10,1282.8000000000002,move,improve
8823,10,1289.4999999999998,10,1282.8000000000002,swap,notBad
8824,10,1289.4999999999998,10,1282.8000000000002,move,improve
8825,10,1289.4999999999998,10,1282.8000000000002,swap,notBad
8826,10,1289.4999999999998,10,1282.8000000000002,move,improve
8827,10,1289.4999999999998,10,1282.8000000000002,swap,notBad
8828,10,1289.4999999999998,10,1282.8000000000002,swap,notBad
8829,10,1289.4999999999998,10,1282.8000000000002,2opt,notBad
8830,10,1289.4999999999998,10,1282.8000000000002,2opt,notBad
8831,10,1289.4999999999998,10,1282.8000000000002,move,improve
8832,10,1289.4999999999998,10,1282.8000000000002,2opt,notBad
8833,10,1289.4999999999998,10,1282.8000000000002,swap,notBad
8834,10,1289.4999999999998,10,1282.8000000000002,move,improve
8835,10,1289.4999999999998,10,1282.8000000000002,2opt,notBad
8836,10,1289.4999999999998,10,1282.8000000000002,move,improve
8837,10,1289.4999999999998,10,1282.8000000000002,move,improve
8838,10,1289.4999999999998,10,1282.8000000000002,2opt,improve
8839,10,1289.4999999999998,10,1282.8000000000002,2opt,notBad
8840,10,1289.4999999999998,10,1282.8000000000002,swap,notBad
8841,10,1289.4999999999998,10,1282.8000000000002,move,improve
8842,10,1289.4999999999998,10,1282.8000000000002,2opt,notBad
8843,10,1289.4999999999998,10,1282.8000000000002,swap,notBad
8844,10,1289.4999999999998,10,1282.8000000000002,swap,notBad
8845,10,1289.4999999999998,10,1282.8000000000002,swap,notBad
8846,10,1289.4999999999998,10,1282.8000000000002,2opt,notBad
8847,10,1289.4999999999998,10,1282.8000000000002,swap,notBad
8848,10,1289.4999999999998,10,1282.8000000000002,move,improve
8849,10,1289.4999999999998,10,1282.8000000000002,swap,improve
8850,10,1289.4999999999998,10,1282.8000000000002,swap,notBad
8851,10,1289.4999999999998,10,1282.8000000000002,2opt,notBad
8852,10,1289.4999999999998,10,1282.8000000000002,swap,notBad
8853,10,1289.4999999999998,10,1282.8000000000002,swap,notBad
8854,10,1289.4999999999998,10,1282.8000000000002,move,improve
8855,10,1289.4999999999998,10,1282.8000000000002,move,improve
8856,10,1289.4999999999998,10,1282.8000000000002,2opt,improve
8857,10,1289.4999999999998,10,1282.8000000000002,2opt,notBad
8858,10,1289.4999999999998,10,1282.8000000000002,2opt,notBad
8859,10,1289.4999999999998,10,1282.8000000000002,2opt,notBad
8860,10,1289.4999999999998,10,1282.8000000000002,2opt,notBad
8861,10,1289.4999999999998,10,1282.8000000000002,swap,notBad
8862,10,1289.4999999999998,10,1282.8000000000002,2opt,notBad
8863,10,1289.4999999999998,10,1282.8000000000002,2opt,notBad
8864,10,1289.4999999999998,10,1282.8000000000002,swap,notBad
8865,10,1289.4999999999998,10,1282.8000000000002,move,improve
8866,10,1289.4999999999998,10,1282.8000000000002,move,improve
8867,10,1289.4999999999998,10,1282.8000000000002,swap,notBad
8868,10,1289.4999999999998,10,1282.8000000000002,swap,notBad
8869,10,1289.4999999999998,10,1282.8000000000002,move,improve
8870,10,1289.4999999999998,10,1282.8000000000002,swap,notBad
8871,10,1289.4999999999998,10,1282.8000000000002,move,improve
8872,10,1289.4999999999998,10,1282.8000000000002,2opt,notBad
8873,10,1289.4999999999998,10,1282.8000000000002,move,improve
8874,10,1289.4999999999998,10,1282.8000000000002,move,improve
8875,10,1289.4999999999998,10,1282.8000000000002,move,improve
8876,10,1289.4999999999998,10,1282.8000000000002,swap,notBad
8877,10,1289.4999999999998,10,1282.8000000000002,2opt,notBad
8878,10,1289.4999999999998,10,1282.8000000000002,2opt,notBad
8879,10,1286.3999999999996,10,1282.8000000000002,move,improve
8880,10,1286.3999999999996,10,1282.8000000000002,2opt,notBad
8881,10,1286.3999999999996,10,1282.8000000000002,swap,notBad
8882,10,1286.3999999999996,10,1282.8000000000002,move,improve
8883,10,1286.3999999999996,10,1282.8000000000002,swap,notBad
8884,10,1286.3999999999996,10,1282.8000000000002,move,improve
8885,10,1286.3999999999996,10,1282.8000000000002,2opt,notBad
8886,10,1286.3999999999996,10,1282.8000000000002,swap,notBad
8887,10,1286.3999999999996,10,1282.8000000000002,move,improve
8888,10,1286.3999999999996,10,1282.8000000000002,swap,notBad
8889,10,1286.3999999999996,10,1282.8000000000002,move,improve
8890,10,1286.3999999999996,10,1282.8000000000002,2opt,notBad
8891,10,1286.3999999999996,10,1282.8000000000002,move,improve
8892,10,1286.3999999999996,10,1282.8000000000002,2opt,notBad
8893,10,1286.3999999999996,10,1282.8000000000002,2opt,notBad
8894,10,1286.3999999999996,10,1282.8000000000002,swap,notBad
8895,10,1286.3999999999996,10,1282.8000000000002,2opt,notBad
8896,10,1286.3999999999996,10,1282.8000000000002,swap,notBad
8897,10,1286.3999999999996,10,1282.8000000000002,2opt,notBad
8898,10,1286.3999999999996,10,1282.8000000000002,2opt,notBad
8899,10,1286.3999999999996,10,1282.8000000000002,2opt,notBad
8900,10,1286.3999999999996,10,1282.8000000000002,2opt,notBad
8901,10,1286.3999999999996,10,1282.8000000000002,swap,notBad
8902,10,1286.3999999999996,10,1282.8000000000002,move,improve
8903,10,1286.3999999999996,10,1282.8000000000002,move,improve
8904,10,1286.3999999999996,10,1282.8000000000002,move,improve
8905,10,1286.3999999999996,10,1282.8000000000002,2opt,notBad
8906,10,1286.3999999999996,10,1282.8000000000002,2opt,notBad
8907,10,1286.3999999999996,10,1282.8000000000002,move,improve
8908,10,1286.3999999999996,10,1282.8000000000002,move,improve
8909,10,1286.3999999999996,10,1282.8000000000002,swap,notBad
8910,10,1286.3999999999996,10,1282.8000000000002,swap,notBad
8911,10,1286.3999999999996,10,1282.8000000000002,2opt,notBad
8912,10,1286.3999999999996,10,1282.8000000000002,2opt,notBad
8913,10,1286.3999999999996,10,1282.8000000000002,move,improve
8914,10,1286.3999999999996,10,1282.8000000000002,move,improve
8915,10,1286.3999999999996,10,1282.8000000000002,move,improve
8916,10,1286.3999999999996,10,1282.8000000000002,swap,notBad
8917,10,1286.3999999999996,10,1282.8000000000002,move,improve
8918,10,1286.3999999999996,10,1282.8000000000002,move,improve
8919,10,1286.3999999999996,10,1282.8000000000002,swap,notBad
8920,10,1286.3999999999996,10,1282.8000000000002,2opt,improve
8921,10,1286.3999999999996,10,1282.8000000000002,swap,notBad
8922,10,1286.3999999999996,10,1282.8000000000002,swap,notBad
8923,10,1286.3999999999996,10,1282.8000000000002,swap,notBad
8924,10,1286.3999999999996,10,1282.8000000000002,swap,notBad
8925,10,1286.3999999999996,10,1282.8000000000002,move,improve
8926,10,1286.3999999999996,10,1282.8000000000002,move,improve
8927,10,1286.3999999999996,10,1282.8000000000002,2opt,notBad
8928,10,1286.3999999999996,10,1282.8000000000002,move,improve
8929,10,1286.3999999999996,10,1282.8000000000002,2opt,notBad
8930,10,1286.3999999999996,10,1282.8000000000002,move,improve
8931,10,1286.3999999999996,10,1282.8000000000002,swap,notBad
8932,10,1286.3999999999996,10,1282.8000000000002,swap,notBad
8933,10,1286.3999999999996,10,1282.8000000000002,2opt,notBad
8934,10,1286.3999999999996,10,1282.8000000000002,swap,notBad
8935,10,1286.3999999999996,10,1282.8000000000002,2opt,notBad
8936,10,1286.3999999999996,10,1282.8000000000002,2opt,notBad
8937,10,1286.3999999999996,10,1282.8000000000002,move,improve
8938,10,1286.3999999999996,10,1282.8000000000002,move,improve
8939,10,1286.3999999999996,10,1282.8000000000002,move,improve
8940,10,1286.3999999999996,10,1282.8000000000002,2opt,notBad
8941,10,1286.3999999999996,10,1282.8000000000002,swap,notBad
8942,10,1286.3999999999996,10,1282.8000000000002,swap,notBad
8943,10,1286.3999999999996,10,1282.8000000000002,move,improve
8944,10,1286.3999999999996,10,1282.8000000000002,2opt,notBad
8945,10,1286.3999999999996,10,1282.8000000000002,swap,notBad
8946,10,1286.3999999999996,10,1282.8000000000002,move,improve
8947,10,1286.3999999999996,10,1282.8000000000002,move,improve
8948,10,1287.6999999999998,10,1282.8000000000002,swap,acceptBad
8949,10,1287.6999999999998,10,1282.8000000000002,2opt,notBad
8950,10,1287.6999999999998,10,1282.8000000000002,swap,notBad
8951,10,1287.6999999999998,10,1282.8000000000002,move,improve
8952,10,1287.6999999999998,10,1282.8000000000002,move,improve
8953,10,1287.6999999999998,10,1282.8000000000002,swap,notBad
8954,10,1287.6999999999998,10,1282.8000000000002,move,improve
8955,10,1287.6999999999998,10,1282.8000000000002,move,improve
8956,10,1287.6999999999998,10,1282.8000000000002,move,improve
8957,10,1287.6999999999998,10,1282.8000000000002,swap,notBad
8958,10,1287.6999999999998,10,1282.8000000000002,swap,notBad
8959,10,1287.6999999999998,10,1282.8000000000002,swap,notBad
8960,10,1287.6999999999998,10,1282.8000000000002,move,improve
8961,10,1287.6999999999998,10,1282.8000000000002,move,improve
8962,10,1287.6999999999998,10,1282.8000000000002,2opt,notBad
8963,10,1287.6999999999998,10,1282.8000000000002,2opt,notBad
8964,10,1287.6999999999998,10,1282.8000000000002,swap,notBad
8965,10,1287.6999999999998,10,1282.8000000000002,move,improve
8966,10,1287.6999999999998,10,1282.8000000000002,2opt,notBad
8967,10,1287.6999999999998,10,1282.8000000000002,swap,notBad
8968,10,1287.6999999999998,10,1282.8000000000002,2opt,notBad
8969,10,1287.6999999999998,10,1282.8000000000002,2opt,notBad
8970,10,1287.6999999999998,10,1282.8000000000002,2opt,notBad
8971,10,1286.3999999999996,10,1282.8000000000002,move,improve
8972,10,1286.3999999999996,10,1282.8000000000002,swap,notBad
8973,10,1286.3999999999996,10,1282.8000000000002,swap,notBad
8974,10,1286.3999999999996,10,1282.8000000000002,2opt,notBad
8975,10,1286.3999999999996,10,1282.8000000000002,move,improve
8976,10,1286.3999999999996,10,1282.8000000000002,move,improve
8977,10,1286.3999999999996,10,1282.8000000000002,swap,notBad
8978,10,1286.3999999999996,10,1282.8000000000002,move,improve
8979,10,1286.3999999999996,10,1282.8000000000002,swap,notBad
8980,10,1286.3999999999996,10,1282.8000000000002,swap,notBad
8981,10,1286.3999999999996,10,1282.8000000000002,move,improve
8982,10,1286.3999999999996,10,1282.8000000000002,2opt,notBad
8983,10,1286.3999999999996,10,1282.8000000000002,move,improve
8984,10,1286.3999999999996,10,1282.8000000000002,2opt,notBad
8985,10,1286.3999999999996,10,1282.8000000000002,2opt,notBad
8986,10,1286.3999999999996,10,1282.8000000000002,move,improve
8987,10,1286.3999999999996,10,1282.8000000000002,2opt,notBad
8988,10,1286.3999999999996,10,1282.8000000000002,move,improve
8989,10,1286.3999999999996,10,1282.8000000000002,swap,notBad
8990,10,1286.3999999999996,10,1282.8000000000002,swap,notBad
8991,10,1286.3999999999996,10,1282.8000000000002,move,improve
8992,10,1286.3999999999996,10,1282.8000000000002,move,improve
8993,10,1286.3999999999996,10,1282.8000000000002,swap,notBad
8994,10,1286.3999999999996,10,1282.8000000000002,move,improve
8995,10,1286.3999999999996,10,1282.8000000000002,swap,notBad
8996,10,1286.3999999999996,10,1282.8000000000002,2opt,notBad
8997,10,1286.3999999999996,10,1282.8000000000002,2opt,notBad
8998,10,1286.3999999999996,10,1282.8000000000002,move,improve
8999,10,1286.3999999999996,10,1282.8000000000002,swap,notBad
9000,10,1286.3999999999996,10,1282.8000000000002,move,improve
9001,10,1286.3999999999996,10,1282.8000000000002,2opt,notBad
9002,10,1286.3999999999996,10,1282.8000000000002,move,improve
9003,10,1286.3999999999996,10,1282.8000000000002,move,improve
9004,10,1286.3999999999996,10,1282.8000000000002,swap,notBad
9005,10,1286.3999999999996,10,1282.8000000000002,move,improve
9006,10,1286.3999999999996,10,1282.8000000000002,2opt,notBad
9007,10,1286.3999999999996,10,1282.8000000000002,move,improve
9008,10,1286.3999999999996,10,1282.8000000000002,swap,notBad
9009,10,1286.3999999999996,10,1282.8000000000002,swap,notBad
9010,10,1286.3999999999996,10,1282.8000000000002,move,improve
9011,10,1286.3999999999996,10,1282.8000000000002,2opt,notBad
9012,10,1286.3999999999996,10,1282.8000000000002,swap,notBad
9013,10,1286.3999999999996,10,1282.8000000000002,swap,notBad
9014,10,1286.3999999999996,10,1282.8000000000002,2opt,notBad
9015,10,1286.3999999999996,10,1282.8000000000002,2opt,notBad
9016,10,1286.3999999999996,10,1282.8000000000002,move,improve
9017,10,1286.3999999999996,10,1282.8000000000002,2opt,notBad
9018,10,1286.3999999999996,10,1282.8000000000002,move,improve
9019,10,1286.3999999999996,10,1282.8000000000002,move,improve
9020,10,1286.3999999999996,10,1282.8000000000002,2opt,notBad
9021,10,1286.3999999999996,10,1282.8000000000002,swap,notBad
9022,10,1286.3999999999996,10,1282.8000000000002,move,improve
9023,10,1286.3999999999996,10,1282.8000000000002,move,improve
9024,10,1286.3999999999996,10,1282.8000000000002,2opt,notBad
9025,10,1286.3999999999996,10,1282.8000000000002,move,improve
9026,10,1286.3999999999996,10,1282.8000000000002,2opt,notBad
9027,10,1286.3999999999996,10,1282.8000000000002,move,improve
9028,10,1286.3999999999996,10,1282.8000000000002,2opt,improve
9029,10,1286.3999999999996,10,1282.8000000000002,swap,notBad
9030,10,1286.3999999999996,10,1282.8000000000002,2opt,notBad
9031,10,1286.3999999999996,10,1282.8000000000002,2opt,notBad
9032,10,1286.3999999999996,10,1282.8000000000002,swap,notBad
9033,10,1286.3999999999996,10,1282.8000000000002,2opt,notBad
9034,10,1286.3999999999996,10,1282.8000000000002,move,improve
9035,10,1286.3999999999996,10,1282.8000000000002,2opt,notBad
9036,10,1286.3999999999996,10,1282.8000000000002,move,improve
9037,10,1286.3999999999996,10,1282.8000000000002,swap,notBad
9038,10,1286.3999999999996,10,1282.8000000000002,swap,notBad
9039,10,1286.3999999999996,10,1282.8000000000002,move,improve
9040,10,1286.3999999999996,10,1282.8000000000002,2opt,notBad
9041,10,1286.3999999999996,10,1282.8000000000002,move,improve
9042,10,1286.3999999999996,10,1282.8000000000002,2opt,notBad
9043,10,1286.3999999999996,10,1282.8000000000002,2opt,notBad
9044,10,1286.3999999999996,10,1282.8000000000002,swap,notBad
9045,10,1286.3999999999996,10,1282.8000000000002,move,improve
9046,10,1286.3999999999996,10,1282.8000000000002,swap,notBad
9047,10,1286.3999999999996,10,1282.8000000000002,move,improve
9048,10,1286.3999999999996,10,1282.8000000000002,swap,notBad
9049,10,1286.3999999999996,10,1282.8000000000002,swap,notBad
9050,10,1286.3999999999996,10,1282.8000000000002,swap,notBad
9051,10,1286.3999999999996,10,1282.8000000000002,move,improve
9052,10,1286.3999999999996,10,1282.8000000000002,swap,notBad
9053,10,1286.3999999999996,10,1282.8000000000002,swap,notBad
9054,10,1286.3999999999996,10,1282.8000000000002,move,improve
9055,10,1286.3999999999996,10,1282.8000000000002,move,improve
9056,10,1286.3999999999996,10,1282.8000000000002,2opt,notBad
9057,10,1286.3999999999996,10,1282.8000000000002,move,improve
9058,10,1286.3999999999996,10,1282.8000000000002,swap,notBad
9059,10,1286.3999999999996,10,1282.8000000000002,2opt,notBad
9060,10,1286.3999999999996,10,1282.8000000000002,swap,notBad
9061,10,1286.3999999999996,10,1282.8000000000002,move,improve
9062,10,1286.3999999999996,10,1282.8000000000002,swap,notBad
9063,10,1286.3999999999996,10,1282.8000000000002,swap,notBad
9064,10,1286.3999999999996,10,1282.8000000000002,move,improve
9065,10,1286.3999999999996,10,1282.8000000000002,swap,notBad
9066,10,1286.3999999999996,10,1282.8000000000002,move,improve
9067,10,1286.3999999999996,10,1282.8000000000002,2opt,notBad
9068,10,1286.3999999999996,10,1282.8000000000002,move,improve
9069,10,1286.3999999999996,10,1282.8000000000002,2opt,notBad
9070,10,1286.3999999999996,10,1282.8000000000002,swap,notBad
9071,10,1286.3999999999996,10,1282.8000000000002,swap,notBad
9072,10,1286.3999999999996,10,1282.8000000000002,move,improve
9073,10,1286.3999999999996,10,1282.8000000000002,move,improve
9074,10,1286.3999999999996,10,1282.8000000000002,swap,notBad
9075,10,1286.3999999999996,10,1282.8000000000002,swap,notBad
9076,10,1286.3999999999996,10,1282.8000000000002,2opt,improve
9077,10,1286.3999999999996,10,1282.8000000000002,2opt,notBad
9078,10,1286.3999999999996,10,1282.8000000000002,swap,notBad
9079,10,1286.3999999999996,10,1282.8000000000002,2opt,notBad
9080,10,1286.3999999999996,10,1282.8000000000002,swap,notBad
9081,10,1286.3999999999996,10,1282.8000000000002,swap,notBad
9082,10,1286.3999999999996,10,1282.8000000000002,swap,notBad
9083,10,1286.3999999999996,10,1282.8000000000002,2opt,notBad
9084,10,1286.3999999999996,10,1282.8000000000002,move,improve
9085,10,1286.3999999999996,10,1282.8000000000002,move,improve
9086,10,1286.3999999999996,10,1282.8000000000002,swap,notBad
9087,10,1286.3999999999996,10,1282.8000000000002,swap,notBad
9088,10,1286.3999999999996,10,1282.8000000000002,2opt,notBad
9089,10,1286.3999999999996,10,1282.8000000000002,swap,notBad
9090,10,1286.3999999999996,10,1282.8000000000002,move,improve
9091,10,1286.3999999999996,10,1282.8000000000002,2opt,notBad
9092,10,1286.3999999999996,10,1282.8000000000002,2opt,improve
9093,10,1286.3999999999996,10,1282.8000000000002,move,improve
9094,10,1286.3999999999996,10,1282.8000000000002,2opt,notBad
9095,10,1286.3999999999996,10,1282.8000000000002,swap,notBad
9096,10,1286.3999999999996,10,1282.8000000000002,swap,notBad
9097,10,1286.3999999999996,10,1282.8000000000002,move,improve
9098,10,1286.3999999999996,10,1282.8000000000002,swap,notBad
9099,10,1286.3999999999996,10,1282.8000000000002,swap,notBad
9100,10,1286.3999999999996,10,1282.8000000000002,2opt,notBad
9101,10,1286.3999999999996,10,1282.8000000000002,2opt,notBad
9102,10,1286.3999999999996,10,1282.8000000000002,2opt,notBad
9103,10,1286.3999999999996,10,1282.8000000000002,move,improve
9104,10,1286.3999999999996,10,1282.8000000000002,2opt,notBad
9105,10,1286.3999999999996,10,1282.8000000000002,2opt,notBad
9106,10,1286.3999999999996,10,1282.8000000000002,2opt,notBad
9107,10,1286.3999999999996,10,1282.8000000000002,2opt,notBad
9108,10,1286.3999999999996,10,1282.8000000000002,2opt,notBad
9109,10,1286.3999999999996,10,1282.8000000000002,2opt,notBad
9110,10,1286.3999999999996,10,1282.8000000000002,move,improve
9111,10,1287.6999999999996,10,1282.8000000000002,swap,acceptBad
9112,10,1287.6999999999996,10,1282.8000000000002,swap,notBad
9113,10,1287.6999999999996,10,1282.8000000000002,swap,notBad
9114,10,1287.6999999999996,10,1282.8000000000002,move,improve
9115,10,1286.3999999999994,10,1282.8000000000002,2opt,improve
9116,10,1286.3999999999994,10,1282.8000000000002,move,improve
9117,10,1286.3999999999994,10,1282.8000000000002,swap,notBad
9118,10,1286.3999999999994,10,1282.8000000000002,move,improve
9119,10,1286.3999999999994,10,1282.8000000000002,swap,notBad
9120,10,1286.3999999999994,10,1282.8000000000002,move,improve
9121,10,1286.3999999999994,10,1282.8000000000002,swap,notBad
9122,10,1286.3999999999994,10,1282.8000000000002,2opt,notBad
9123,10,1286.3999999999994,10,1282.8000000000002,2opt,notBad
9124,10,1286.3999999999994,10,1282.8000000000002,move,improve
9125,10,1286.3999999999994,10,1282.8000000000002,move,improve
9126,10,1286.3999999999994,10,1282.8000000000002,move,improve
9127,10,1286.3999999999994,10,1282.8000000000002,move,improve
9128,10,1286.3999999999994,10,1282.8000000000002,swap,notBad
9129,10,1286.3999999999994,10,1282.8000000000002,move,improve
9130,10,1286.3999999999994,10,1282.8000000000002,swap,notBad
9131,10,1286.3999999999994,10,1282.8000000000002,move,improve
9132,10,1286.3999999999994,10,1282.8000000000002,swap,notBad
9133,10,1286.3999999999994,10,1282.8000000000002,swap,notBad
9134,10,1286.3999999999994,10,1282.8000000000002,swap,notBad
9135,10,1286.3999999999994,10,1282.8000000000002,move,improve
9136,10,1286.3999999999994,10,1282.8000000000002,move,improve
9137,10,1286.3999999999994,10,1282.8000000000002,move,improve
9138,10,1286.3999999999994,10,1282.8000000000002,swap,notBad
9139,10,1286.3999999999994,10,1282.8000000000002,2opt,notBad
9140,10,1286.3999999999994,10,1282.8000000000002,2opt,notBad
9141,10,1286.3999999999994,10,1282.8000000000002,move,improve
9142,10,1286.3999999999994,10,1282.8000000000002,swap,notBad
9143,10,1286.3999999999994,10,1282.8000000000002,2opt,notBad
9144,10,1286.3999999999994,10,1282.8000000000002,swap,notBad
9145,10,1286.3999999999994,10,1282.8000000000002,2opt,notBad
9146,10,1286.3999999999994,10,1282.8000000000002,swap,notBad
9147,10,1286.3999999999994,10,1282.8000000000002,swap,notBad
9148,10,1286.3999999999994,10,1282.8000000000002,2opt,notBad
9149,10,1286.3999999999994,10,1282.8000000000002,2opt,notBad
9150,10,1286.3999999999994,10,1282.8000000000002,swap,notBad
9151,10,1286.3999999999994,10,1282.8000000000002,move,improve
9152,10,1286.3999999999994,10,1282.8000000000002,move,improve
9153,10,1286.3999999999994,10,1282.8000000000002,move,improve
9154,10,1286.3999999999994,10,1282.8000000000002,2opt,notBad
9155,10,1286.3999999999994,10,1282.8000000000002,swap,notBad
9156,10,1286.3999999999994,10,1282.8000000000002,swap,notBad
9157,10,1286.3999999999994,10,1282.8000000000002,swap,notBad
9158,10,1286.3999999999994,10,1282.8000000000002,swap,notBad
9159,10,1286.3999999999994,10,1282.8000000000002,2opt,notBad
9160,10,1286.3999999999994,10,1282.8000000000002,2opt,notBad
9161,10,1286.3999999999994,10,1282.8000000000002,move,improve
9162,10,1286.3999999999994,10,1282.8000000000002,swap,notBad
9163,10,1286.3999999999994,10,1282.8000000000002,swap,notBad
9164,10,1286.3999999999994,10,1282.8000000000002,move,improve
9165,10,1286.3999999999994,10,1282.8000000000002,2opt,notBad
9166,10,1286.3999999999994,10,1282.8000000000002,move,improve
9167,10,1286.3999999999994,10,1282.8000000000002,swap,notBad
9168,10,1286.3999999999994,10,1282.8000000000002,2opt,notBad
9169,10,1286.3999999999994,10,1282.8000000000002,move,improve
9170,10,1286.3999999999994,10,1282.8000000000002,swap,notBad
9171,10,1286.3999999999994,10,1282.8000000000002,move,improve
9172,10,1286.3999999999994,10,1282.8000000000002,move,improve
9173,10,1286.3999999999994,10,1282.8000000000002,swap,notBad
9174,10,1286.3999999999994,10,1282.8000000000002,swap,notBad
9175,10,1286.3999999999994,10,1282.8000000000002,2opt,notBad
9176,10,1286.3999999999994,10,1282.8000000000002,2opt,notBad
9177,10,1286.3999999999994,10,1282.8000000000002,move,improve
9178,10,1286.3999999999994,10,1282.8000000000002,move,improve
9179,10,1286.3999999999994,10,1282.8000000000002,swap,notBad
9180,10,1286.3999999999994,10,1282.8000000000002,move,improve
9181,10,1286.3999999999994,10,1282.8000000000002,swap,notBad
9182,10,1286.3999999999994,10,1282.8000000000002,2opt,notBad
9183,10,1286.3999999999994,10,1282.8000000000002,move,improve
9184,10,1286.3999999999994,10,1282.8000000000002,move,improve
9185,10,1286.3999999999994,10,1282.8000000000002,2opt,notBad
9186,10,1286.3999999999994,10,1282.8000000000002,move,improve
9187,10,1286.3999999999994,10,1282.8000000000002,move,improve
9188,10,1286.3999999999994,10,1282.8000000000002,move,improve
9189,10,1282.1999999999998,10,1282.1999999999998,move,newBest
9190,10,1282.1999999999998,10,1282.1999999999998,swap,notBad
9191,10,1282.1999999999998,10,1282.1999999999998,2opt,notBad
9192,10,1282.1999999999998,10,1282.1999999999998,2opt,notBad
9193,10,1282.1999999999998,10,1282.1999999999998,swap,notBad
9194,10,1282.1999999999998,10,1282.1999999999998,move,improve
9195,10,1282.1999999999998,10,1282.1999999999998,move,improve
9196,10,1282.1999999999998,10,1282.1999999999998,swap,notBad
9197,10,1282.1999999999998,10,1282.1999999999998,swap,notBad
9198,10,1282.1999999999998,10,1282.1999999999998,2opt,notBad
9199,10,1282.1999999999998,10,1282.1999999999998,swap,notBad
9200,10,1282.1999999999998,10,1282.1999999999998,move,improve
9201,10,1282.1999999999998,10,1282.1999999999998,move,improve
9202,10,1282.1999999999998,10,1282.1999999999998,2opt,notBad
9203,10,1282.1999999999998,10,1282.1999999999998,2opt,notBad
9204,10,1282.1999999999998,10,1282.1999999999998,2opt,notBad
9205,10,1282.1999999999998,10,1282.1999999999998,2opt,notBad
9206,10,1282.1999999999998,10,1282.1999999999998,swap,notBad
9207,10,1282.1999999999998,10,1282.1999999999998,2opt,notBad
9208,10,1282.1999999999998,10,1282.1999999999998,move,improve
9209,10,1282.1999999999998,10,1282.1999999999998,swap,notBad
9210,10,1282.1999999999998,10,1282.1999999999998,swap,notBad
9211,10,1282.1999999999998,10,1282.1999999999998,move,improve
9212,10,1282.1999999999998,10,1282.1999999999998,2opt,notBad
9213,10,1282.1999999999998,10,1282.1999999999998,2opt,notBad
9214,10,1282.1999999999998,10,1282.1999999999998,swap,notBad
9215,10,1282.1999999999998,10,1282.1999999999998,move,improve
9216,10,1282.1999999999998,10,1282.1999999999998,move,improve
9217,10,1282.1999999999998,10,1282.1999999999998,move,improve
9218,10,1282.1999999999998,10,1282.1999999999998,move,improve
9219,10,1282.1999999999998,10,1282.1999999999998,2opt,notBad
9220,10,1282.1999999999998,10,1282.1999999999998,swap,notBad
9221,10,1282.1999999999998,10,1282.1999999999998,swap,notBad
9222,10,1282.1999999999998,10,1282.1999999999998,move,improve
9223,10,1282.1999999999998,10,1282.1999999999998,move,improve
9224,10,1282.1999999999998,10,1282.1999999999998,swap,notBad
9225,10,1282.1999999999998,10,1282.1999999999998,swap,notBad
9226,10,1282.1999999999998,10,1282.1999999999998,swap,notBad
9227,10,1282.1999999999998,10,1282.1999999999998,swap,notBad
9228,10,1282.1999999999998,10,1282.1999999999998,move,improve
9229,10,1282.1999999999998,10,1282.1999999999998,swap,notBad
9230,10,1282.1999999999998,10,1282.1999999999998,move,improve
9231,10,1282.1999999999998,10,1282.1999999999998,2opt,notBad
9232,10,1282.1999999999998,10,1282.1999999999998,2opt,notBad
9233,10,1282.1999999999998,10,1282.1999999999998,move,improve
9234,10,1282.1999999999998,10,1282.1999999999998,move,improve
9235,10,1282.1999999999998,10,1282.1999999999998,move,improve
9236,10,1282.1999999999998,10,1282.1999999999998,swap,notBad
9237,10,1282.1999999999998,10,1282.1999999999998,2opt,notBad
9238,10,1282.1999999999998,10,1282.1999999999998,move,improve
9239,10,1282.1999999999998,10,1282.1999999999998,2opt,notBad
9240,10,1282.1999999999998,10,1282.1999999999998,move,improve
9241,10,1282.1999999999998,10,1282.1999999999998,2opt,notBad
9242,10,1282.1999999999998,10,1282.1999999999998,2opt,notBad
9243,10,1282.1999999999998,10,1282.1999999999998,move,improve
9244,10,1282.1999999999998,10,1282.1999999999998,move,improve
9245,10,1282.1999999999998,10,1282.1999999999998,swap,notBad
9246,10,1282.1999999999998,10,1282.1999999999998,swap,notBad
9247,10,1282.1999999999998,10,1282.1999999999998,swap,notBad
9248,10,1282.1999999999998,10,1282.1999999999998,swap,notBad
9249,10,1282.1999999999998,10,1282.1999999999998,2opt,notBad
9250,10,1282.1999999999998,10,1282.1999999999998,2opt,notBad
9251,10,1282.1999999999998,10,1282.1999999999998,2opt,notBad
9252,10,1282.1999999999998,10,1282.1999999999998,move,improve
9253,10,1282.1999999999998,10,1282.1999999999998,2opt,notBad
9254,10,1282.1999999999998,10,1282.1999999999998,2opt,notBad
9255,10,1282.1999999999998,10,1282.1999999999998,move,improve
9256,10,1282.1999999999998,10,1282.1999999999998,move,improve
9257,10,1282.1999999999998,10,1282.1999999999998,move,improve
9258,10,1282.1999999999998,10,1282.1999999999998,swap,notBad
9259,10,1282.1999999999998,10,1282.1999999999998,move,improve
9260,10,1282.1999999999998,10,1282.1999999999998,move,improve
9261,10,1282.1999999999998,10,1282.1999999999998,swap,notBad
9262,10,1282.1999999999998,10,1282.1999999999998,move,improve
9263,10,1282.1999999999998,10,1282.1999999999998,move,improve
9264,10,1282.1999999999998,10,1282.1999999999998,2opt,notBad
9265,10,1282.1999999999998,10,1282.1999999999998,move,improve
9266,10,1282.1999999999998,10,1282.1999999999998,2opt,notBad
9267,10,1282.1999999999998,10,1282.1999999999998,2opt,notBad
9268,10,1282.1999999999998,10,1282.1999999999998,2opt,notBad
9269,10,1282.1999999999998,10,1282.1999999999998,swap,notBad
9270,10,1282.1999999999998,10,1282.1999999999998,move,improve
9271,10,1282.1999999999998,10,1282.1999999999998,move,improve
9272,10,1282.1999999999998,10,1282.1999999999998,move,improve
9273,10,1282.1999999999998,10,1282.1999999999998,2opt,improve
9274,10,1282.1999999999998,10,1282.1999999999998,swap,notBad
9275,10,1282.1999999999998,10,1282.1999999999998,move,improve
9276,10,1282.1999999999998,10,1282.1999999999998,swap,notBad
9277,10,1282.1999999999998,10,1282.1999999999998,2opt,notBad
9278,10,1282.1999999999998,10,1282.1999999999998,move,improve
9279,10,1282.1999999999998,10,1282.1999999999998,move,improve
9280,10,1282.1999999999998,10,1282.1999999999998,2opt,notBad
9281,10,1282.1999999999998,10,1282.1999999999998,move,improve
9282,10,1282.1999999999998,10,1282.1999999999998,move,improve
9283,10,1282.1999999999998,10,1282.1999999999998,swap,notBad
9284,10,1282.1999999999998,10,1282.1999999999998,2opt,notBad
9285,10,1282.1999999999998,10,1282.1999999999998,move,improve
9286,10,1282.1999999999998,10,1282.1999999999998,move,improve
9287,10,1282.1999999999998,10,1282.1999999999998,swap,notBad
9288,10,1282.1999999999998,10,1282.1999999999998,swap,notBad
9289,10,1282.1999999999998,10,1282.1999999999998,move,improve
9290,10,1282.1999999999998,10,1282.1999999999998,move,improve
9291,10,1282.1999999999998,10,1282.1999999999998,swap,notBad
9292,10,1282.1999999999998,10,1282.1999999999998,move,improve
9293,10,1282.1999999999998,10,1282.1999999999998,move,improve
9294,10,1282.1999999999998,10,1282.1999999999998,swap,notBad
9295,10,1283.4999999999998,10,1282.1999999999998,swap,acceptBad
9296,10,1283.4999999999998,10,1282.1999999999998,2opt,notBad
9297,10,1283.4999999999998,10,1282.1999999999998,swap,notBad
9298,10,1283.4999999999998,10,1282.1999999999998,swap,notBad
9299,10,1283.4999999999998,10,1282.1999999999998,move,improve
9300,10,1283.4999999999998,10,1282.1999999999998,move,improve
9301,10,1283.4999999999998,10,1282.1999999999998,move,improve
9302,10,1283.4999999999998,10,1282.1999999999998,move,improve
9303,10,1283.4999999999998,10,1282.1999999999998,swap,notBad
9304,10,1283.4999999999998,10,1282.1999999999998,move,improve
9305,10,1283.4999999999998,10,1282.1999999999998,swap,notBad
9306,10,1283.4999999999998,10,1282.1999999999998,move,improve
9307,10,1283.4999999999998,10,1282.1999999999998,2opt,notBad
9308,10,1283.4999999999998,10,1282.1999999999998,move,improve
9309,10,1283.4999999999998,10,1282.1999999999998,move,improve
9310,10,1283.4999999999998,10,1282.1999999999998,move,improve
9311,10,1283.4999999999998,10,1282.1999999999998,swap,notBad
9312,10,1283.4999999999998,10,1282.1999999999998,swap,notBad
9313,10,1283.4999999999998,10,1282.1999999999998,move,improve
9314,10,1283.4999999999998,10,1282.1999999999998,2opt,notBad
9315,10,1283.4999999999998,10,1282.1999999999998,2opt,notBad
9316,10,1283.4999999999998,10,1282.1999999999998,move,improve
9317,10,1283.4999999999998,10,1282.1999999999998,2opt,notBad
9318,10,1283.4999999999998,10,1282.1999999999998,swap,notBad
9319,10,1283.4999999999998,10,1282.1999999999998,swap,notBad
9320,10,1283.4999999999998,10,1282.1999999999998,move,improve
9321,10,1283.4999999999998,10,1282.1999999999998,swap,notBad
9322,10,1283.4999999999998,10,1282.1999999999998,swap,notBad
9323,10,1283.4999999999998,10,1282.1999999999998,swap,notBad
9324,10,1283.4999999999998,10,1282.1999999999998,2opt,notBad
9325,10,1283.4999999999998,10,1282.1999999999998,move,improve
9326,10,1283.4999999999998,10,1282.1999999999998,2opt,notBad
9327,10,1283.4999999999998,10,1282.1999999999998,swap,notBad
9328,10,1283.4999999999998,10,1282.1999999999998,2opt,notBad
9329,10,1283.4999999999998,10,1282.1999999999998,2opt,notBad
9330,10,1283.4999999999998,10,1282.1999999999998,2opt,notBad
9331,10,1283.4999999999998,10,1282.1999999999998,move,improve
9332,10,1283.4999999999998,10,1282.1999999999998,2opt,notBad
9333,10,1283.4999999999998,10,1282.1999999999998,move,improve
9334,10,1283.4999999999998,10,1282.1999999999998,swap,notBad
9335,10,1283.4999999999998,10,1282.1999999999998,2opt,improve
9336,10,1283.4999999999998,10,1282.1999999999998,move,improve
9337,10,1283.4999999999998,10,1282.1999999999998,2opt,notBad
9338,10,1283.4999999999998,10,1282.1999999999998,move,improve
9339,10,1283.4999999999998,10,1282.1999999999998,2opt,improve
9340,10,1283.4999999999998,10,1282.1999999999998,2opt,notBad
9341,10,1283.4999999999998,10,1282.1999999999998,move,improve
9342,10,1283.4999999999998,10,1282.1999999999998,move,improve
9343,10,1283.4999999999998,10,1282.1999999999998,2opt,notBad
9344,10,1283.4999999999998,10,1282.1999999999998,move,improve
9345,10,1283.4999999999998,10,1282.1999999999998,2opt,notBad
9346,10,1283.4999999999998,10,1282.1999999999998,move,improve
9347,10,1283.4999999999998,10,1282.1999999999998,swap,notBad
9348,10,1283.4999999999998,10,1282.1999999999998,swap,notBad
9349,10,1283.4999999999998,10,1282.1999999999998,2opt,notBad
9350,10,1283.4999999999998,10,1282.1999999999998,swap,notBad
9351,10,1283.4999999999998,10,1282.1999999999998,swap,notBad
9352,10,1283.4999999999998,10,1282.1999999999998,swap,notBad
9353,10,1283.4999999999998,10,1282.1999999999998,2opt,notBad
9354,10,1283.4999999999998,10,1282.1999999999998,swap,notBad
9355,10,1283.4999999999998,10,1282.1999999999998,move,improve
9356,10,1283.4999999999998,10,1282.1999999999998,move,improve
9357,10,1283.4999999999998,10,1282.1999999999998,move,improve
9358,10,1283.4999999999998,10,1282.1999999999998,2opt,notBad
9359,10,1283.4999999999998,10,1282.1999999999998,2opt,notBad
9360,10,1283.4999999999998,10,1282.1999999999998,swap,notBad
9361,10,1283.4999999999998,10,1282.1999999999998,move,improve
9362,10,1283.4999999999998,10,1282.1999999999998,move,improve
9363,10,1283.4999999999998,10,1282.1999999999998,2opt,notBad
9364,10,1283.4999999999998,10,1282.1999999999998,move,improve
9365,10,1283.4999999999998,10,1282.1999999999998,2opt,notBad
9366,10,1283.4999999999998,10,1282.1999999999998,swap,notBad
9367,10,1283.4999999999998,10,1282.1999999999998,move,improve
9368,10,1283.4999999999998,10,1282.1999999999998,2opt,notBad
9369,10,1283.4999999999998,10,1282.1999999999998,move,improve
9370,10,1283.4999999999998,10,1282.1999999999998,swap,notBad
9371,10,1283.4999999999998,10,1282.1999999999998,swap,notBad
9372,10,1283.4999999999998,10,1282.1999999999998,move,improve
9373,10,1283.4999999999998,10,1282.1999999999998,move,improve
9374,10,1283.4999999999998,10,1282.1999999999998,2opt,notBad
9375,10,1283.4999999999998,10,1282.1999999999998,move,improve
9376,10,1283.4999999999998,10,1282.1999999999998,move,improve
9377,10,1283.4999999999998,10,1282.1999999999998,2opt,notBad
9378,10,1283.4999999999998,10,1282.1999999999998,move,improve
9379,10,1283.4999999999998,10,1282.1999999999998,swap,notBad
9380,10,1283.4999999999998,10,1282.1999999999998,move,improve
9381,10,1283.4999999999998,10,1282.1999999999998,move,improve
9382,10,1283.4999999999998,10,1282.1999999999998,swap,notBad
9383,10,1283.4999999999998,10,1282.1999999999998,2opt,notBad
9384,10,1283.4999999999998,10,1282.1999999999998,2opt,notBad
9385,10,1283.4999999999998,10,1282.1999999999998,swap,notBad
9386,10,1283.4999999999998,10,1282.1999999999998,swap,notBad
9387,10,1283.4999999999998,10,1282.1999999999998,move,improve
9388,10,1283.4999999999998,10,1282.1999999999998,swap,notBad
9389,10,1283.4999999999998,10,1282.1999999999998,swap,notBad
9390,10,1283.4999999999998,10,1282.1999999999998,swap,notBad
9391,10,1283.4999999999998,10,1282.1999999999998,move,improve
9392,10,1283.4999999999998,10,1282.1999999999998,move,improve
9393,10,1283.4999999999998,10,1282.1999999999998,swap,notBad
9394,10,1283.4999999999998,10,1282.1999999999998,2opt,notBad
9395,10,1283.4999999999998,10,1282.1999999999998,move,improve
9396,10,1283.4999999999998,10,1282.1999999999998,swap,notBad
9397,10,1283.4999999999998,10,1282.1999999999998,swap,notBad
9398,10,1283.4999999999998,10,1282.1999999999998,swap,notBad
9399,10,1283.4999999999998,10,1282.1999999999998,move,improve
9400,10,1283.4999999999998,10,1282.1999999999998,move,improve
9401,10,1283.4999999999998,10,1282.1999999999998,move,improve
9402,10,1283.4999999999998,10,1282.1999999999998,swap,notBad
9403,10,1283.4999999999998,10,1282.1999999999998,2opt,notBad
9404,10,1283.4999999999998,10,1282.1999999999998,2opt,notBad
9405,10,1283.4999999999998,10,1282.1999999999998,2opt,notBad
9406,10,1283.4999999999998,10,1282.1999999999998,move,improve
9407,10,1284.2999999999997,10,1282.1999999999998,swap,acceptBad
9408,10,1284.2999999999997,10,1282.1999999999998,swap,notBad
9409,10,1284.2999999999997,10,1282.1999999999998,2opt,notBad
9410,10,1284.2999999999997,10,1282.1999999999998,2opt,notBad
9411,10,1284.2999999999997,10,1282.1999999999998,move,improve
9412,10,1284.2999999999997,10,1282.1999999999998,swap,notBad
9413,10,1284.2999999999997,10,1282.1999999999998,swap,notBad
9414,10,1284.2999999999997,10,1282.1999999999998,2opt,notBad
9415,10,1284.2999999999997,10,1282.1999999999998,swap,notBad
9416,10,1284.2999999999997,10,1282.1999999999998,move,improve
9417,10,1284.2999999999997,10,1282.1999999999998,2opt,notBad
9418,10,1284.2999999999997,10,1282.1999999999998,swap,notBad
9419,10,1284.2999999999997,10,1282.1999999999998,swap,notBad
9420,10,1288.9999999999995,10,1282.1999999999998,move,acceptBad
9421,10,1288.9999999999995,10,1282.1999999999998,move,improve
9422,10,1288.9999999999995,10,1282.1999999999998,swap,notBad
9423,10,1288.9999999999995,10,1282.1999999999998,swap,notBad
9424,10,1288.9999999999995,10,1282.1999999999998,swap,notBad
9425,10,1288.1999999999998,10,1282.1999999999998,swap,improve
9426,10,1288.1999999999998,10,1282.1999999999998,swap,notBad
9427,10,1288.1999999999998,10,1282.1999999999998,move,improve
9428,10,1288.1999999999998,10,1282.1999999999998,swap,notBad
9429,10,1288.1999999999998,10,1282.1999999999998,move,improve
9430,10,1288.1999999999998,10,1282.1999999999998,move,improve
9431,10,1288.1999999999998,10,1282.1999999999998,swap,notBad
9432,10,1288.1999999999998,10,1282.1999999999998,2opt,notBad
9433,10,1288.1999999999998,10,1282.1999999999998,move,improve
9434,10,1288.1999999999998,10,1282.1999999999998,swap,notBad
9435,10,1288.1999999999998,10,1282.1999999999998,move,improve
9436,10,1288.1999999999998,10,1282.1999999999998,2opt,notBad
9437,10,1288.1999999999998,10,1282.1999999999998,2opt,notBad
9438,10,1288.1999999999998,10,1282.1999999999998,2opt,notBad
9439,10,1288.1999999999998,10,1282.1999999999998,2opt,notBad
9440,10,1288.1999999999998,10,1282.1999999999998,move,improve
9441,10,1288.1999999999998,10,1282.1999999999998,swap,notBad
9442,10,1288.1999999999998,10,1282.1999999999998,2opt,notBad
9443,10,1288.1999999999998,10,1282.1999999999998,2opt,notBad
9444,10,1288.1999999999998,10,1282.1999999999998,move,improve
9445,10,1288.1999999999998,10,1282.1999999999998,move,improve
9446,10,1288.1999999999998,10,1282.1999999999998,move,improve
9447,10,1288.1999999999998,10,1282.1999999999998,2opt,notBad
9448,10,1288.1999999999998,10,1282.1999999999998,2opt,notBad
9449,10,1288.1999999999998,10,1282.1999999999998,swap,notBad
9450,10,1288.1999999999998,10,1282.1999999999998,swap,notBad
9451,10,1288.1999999999998,10,1282.1999999999998,2opt,notBad
9452,10,1288.1999999999998,10,1282.1999999999998,2opt,notBad
9453,10,1288.1999999999998,10,1282.1999999999998,2opt,notBad
9454,10,1288.1999999999998,10,1282.1999999999998,swap,notBad
9455,10,1288.1999999999998,10,1282.1999999999998,swap,notBad
9456,10,1288.1999999999998,10,1282.1999999999998,swap,notBad
9457,10,1287.1999999999998,10,1282.1999999999998,move,improve
9458,10,1287.1999999999998,10,1282.1999999999998,move,improve
9459,10,1287.1999999999998,10,1282.1999999999998,move,improve
9460,10,1287.1999999999998,10,1282.1999999999998,swap,notBad
9461,10,1287.1999999999998,10,1282.1999999999998,swap,notBad
9462,10,1287.1999999999998,10,1282.1999999999998,swap,notBad
9463,10,1287.1999999999998,10,1282.1999999999998,move,improve
9464,10,1287.1999999999998,10,1282.1999999999998,2opt,notBad
9465,10,1287.1999999999998,10,1282.1999999999998,move,improve
9466,10,1287.1999999999998,10,1282.1999999999998,move,improve
9467,10,1287.1999999999998,10,1282.1999999999998,2opt,notBad
9468,10,1287.1999999999998,10,1282.1999999999998,2opt,notBad
9469,10,1287.1999999999998,10,1282.1999999999998,move,improve
9470,10,1287.1999999999998,10,1282.1999999999998,2opt,notBad
9471,10,1287.1999999999998,10,1282.1999999999998,swap,notBad
9472,10,1287.1999999999998,10,1282.1999999999998,move,improve
9473,10,1287.1999999999998,10,1282.1999999999998,move,improve
9474,10,1287.1999999999998,10,1282.1999999999998,move,improve
9475,10,1287.1999999999998,10,1282.1999999999998,2opt,notBad
9476,10,1287.1999999999998,10,1282.1999999999998,2opt,notBad
9477,10,1287.1999999999998,10,1282.1999999999998,move,improve
9478,10,1287.1999999999998,10,1282.1999999999998,swap,notBad
9479,10,1287.1999999999998,10,1282.1999999999998,2opt,notBad
9480,10,1287.1999999999998,10,1282.1999999999998,2opt,notBad
9481,10,1287.1999999999998,10,1282.1999999999998,2opt,notBad
9482,10,1287.1999999999998,10,1282.1999999999998,2opt,notBad
9483,10,1287.1999999999998,10,1282.1999999999998,swap,notBad
9484,10,1287.1999999999998,10,1282.1999999999998,move,improve
9485,10,1287.1999999999998,10,1282.1999999999998,swap,notBad
9486,10,1287.1999999999998,10,1282.1999999999998,move,improve
9487,10,1287.1999999999998,10,1282.1999999999998,2opt,notBad
9488,10,1287.1999999999998,10,1282.1999999999998,2opt,notBad
9489,10,1287.1999999999998,10,1282.1999999999998,2opt,notBad
9490,10,1287.1999999999998,10,1282.1999999999998,move,improve
9491,10,1287.1999999999998,10,1282.1999999999998,move,improve
9492,10,1287.1999999999998,10,1282.1999999999998,move,improve
9493,10,1287.1999999999998,10,1282.1999999999998,move,improve
9494,10,1287.1999999999998,10,1282.1999999999998,swap,notBad
9495,10,1287.1999999999998,10,1282.1999999999998,swap,notBad
9496,10,1287.1999999999998,10,1282.1999999999998,2opt,notBad
9497,10,1287.1999999999998,10,1282.1999999999998,move,improve
9498,10,1287.1999999999998,10,1282.1999999999998,swap,notBad
9499,10,1287.1999999999998,10,1282.1999999999998,swap,notBad
9500,10,1287.1999999999998,10,1282.1999999999998,2opt,notBad
9501,10,1287.1999999999998,10,1282.1999999999998,2opt,notBad
9502,10,1287.1999999999998,10,1282.1999999999998,2opt,notBad
9503,10,1287.1999999999998,10,1282.1999999999998,swap,notBad
9504,10,1287.1999999999998,10,1282.1999999999998,move,improve
9505,10,1287.1999999999998,10,1282.1999999999998,swap,notBad
9506,10,1287.1999999999998,10,1282.1999999999998,swap,notBad
9507,10,1287.1999999999998,10,1282.1999999999998,2opt,notBad
9508,10,1287.1999999999998,10,1282.1999999999998,move,improve
9509,10,1287.1999999999998,10,1282.1999999999998,move,improve
9510,10,1287.1999999999998,10,1282.1999999999998,swap,notBad
9511,10,1287.1999999999998,10,1282.1999999999998,2opt,notBad
9512,10,1287.1999999999998,10,1282.1999999999998,move,improve
9513,10,1287.1999999999998,10,1282.1999999999998,move,improve
9514,10,1287.1999999999998,10,1282.1999999999998,swap,notBad
9515,10,1287.1999999999998,10,1282.1999999999998,swap,notBad
9516,10,1287.1999999999998,10,1282.1999999999998,2opt,notBad
9517,10,1288.3999999999996,10,1282.1999999999998,swap,acceptBad
9518,10,1288.3999999999996,10,1282.1999999999998,2opt,improve
9519,10,1288.3999999999996,10,1282.1999999999998,move,improve
9520,10,1288.3999999999996,10,1282.1999999999998,2opt,notBad
9521,10,1288.3999999999996,10,1282.1999999999998,move,improve
9522,10,1288.3999999999996,10,1282.1999999999998,swap,notBad
9523,10,1288.3999999999996,10,1282.1999999999998,swap,notBad
9524,10,1288.3999999999996,10,1282.1999999999998,2opt,improve
9525,10,1288.3999999999996,10,1282.1999999999998,swap,notBad
9526,10,1288.3999999999996,10,1282.1999999999998,swap,notBad
9527,10,1288.3999999999996,10,1282.1999999999998,swap,notBad
9528,10,1288.3999999999996,10,1282.1999999999998,move,improve
9529,10,1288.3999999999996,10,1282.1999999999998,swap,notBad
9530,10,1288.3999999999996,10,1282.1999999999998,swap,notBad
9531,10,1288.3999999999996,10,1282.1999999999998,2opt,notBad
9532,10,1288.3999999999996,10,1282.1999999999998,move,improve
9533,10,1288.3999999999996,10,1282.1999999999998,swap,notBad
9534,10,1288.3999999999996,10,1282.1999999999998,move,improve
9535,10,1288.3999999999996,10,1282.1999999999998,move,improve
9536,10,1288.3999999999996,10,1282.1999999999998,2opt,notBad
9537,10,1288.3999999999996,10,1282.1999999999998,2opt,notBad
9538,10,1288.3999999999996,10,1282.1999999999998,2opt,notBad
9539,10,1288.3999999999996,10,1282.1999999999998,2opt,notBad
9540,10,1288.3999999999996,10,1282.1999999999998,2opt,notBad
9541,10,1288.3999999999996,10,1282.1999999999998,swap,notBad
9542,10,1288.3999999999996,10,1282.1999999999998,2opt,notBad
9543,10,1288.3999999999996,10,1282.1999999999998,2opt,notBad
9544,10,1288.3999999999996,10,1282.1999999999998,move,improve
9545,10,1288.3999999999996,10,1282.1999999999998,2opt,notBad
9546,10,1288.3999999999996,10,1282.1999999999998,move,improve
9547,10,1288.3999999999996,10,1282.1999999999998,swap,notBad
9548,10,1288.3999999999996,10,1282.1999999999998,2opt,notBad
9549,10,1288.3999999999996,10,1282.1999999999998,2opt,improve
9550,10,1288.3999999999996,10,1282.1999999999998,move,improve
9551,10,1288.3999999999996,10,1282.1999999999998,swap,notBad
9552,10,1288.3999999999996,10,1282.1999999999998,swap,notBad
9553,10,1288.3999999999996,10,1282.1999999999998,swap,notBad
9554,10,1288.3999999999996,10,1282.1999999999998,swap,notBad
9555,10,1288.3999999999996,10,1282.1999999999998,2opt,notBad
9556,10,1288.3999999999996,10,1282.1999999999998,move,improve
9557,10,1288.3999999999996,10,1282.1999999999998,move,improve
9558,10,1288.3999999999996,10,1282.1999999999998,move,improve
9559,10,1288.3999999999996,10,1282.1999999999998,move,improve
9560,10,1288.3999999999996,10,1282.1999999999998,2opt,improve
9561,10,1288.3999999999996,10,1282.1999999999998,swap,notBad
9562,10,1288.3999999999996,10,1282.1999999999998,swap,notBad
9563,10,1288.3999999999996,10,1282.1999999999998,2opt,notBad
9564,10,1288.3999999999996,10,1282.1999999999998,swap,notBad
9565,10,1288.3999999999996,10,1282.1999999999998,move,improve
9566,10,1288.3999999999996,10,1282.1999999999998,move,improve
9567,10,1288.3999999999996,10,1282.1999999999998,swap,notBad
9568,10,1288.3999999999996,10,1282.1999999999998,swap,notBad
9569,10,1288.3999999999996,10,1282.1999999999998,move,improve
9570,10,1288.3999999999996,10,1282.1999999999998,move,improve
9571,10,1288.3999999999996,10,1282.1999999999998,swap,notBad
9572,10,1288.3999999999996,10,1282.1999999999998,move,improve
9573,10,1288.3999999999996,10,1282.1999999999998,move,improve
9574,10,1288.3999999999996,10,1282.1999999999998,2opt,notBad
9575,10,1288.3999999999996,10,1282.1999999999998,move,improve
9576,10,1288.3999999999996,10,1282.1999999999998,swap,notBad
9577,10,1288.3999999999996,10,1282.1999999999998,2opt,notBad
9578,10,1288.3999999999996,10,1282.1999999999998,2opt,notBad
9579,10,1288.3999999999996,10,1282.1999999999998,2opt,notBad
9580,10,1288.3999999999996,10,1282.1999999999998,swap,notBad
9581,10,1288.3999999999996,10,1282.1999999999998,2opt,notBad
9582,10,1288.3999999999996,10,1282.1999999999998,move,improve
9583,10,1288.3999999999996,10,1282.1999999999998,swap,notBad
9584,10,1288.3999999999996,10,1282.1999999999998,swap,notBad
9585,10,1288.3999999999996,10,1282.1999999999998,swap,notBad
9586,10,1288.3999999999996,10,1282.1999999999998,move,improve
9587,10,1288.3999999999996,10,1282.1999999999998,move,improve
9588,10,1288.3999999999996,10,1282.1999999999998,swap,notBad
9589,10,1288.3999999999996,10,1282.1999999999998,move,improve
9590,10,1288.3999999999996,10,1282.1999999999998,2opt,notBad
9591,10,1288.3999999999996,10,1282.1999999999998,move,improve
9592,10,1288.3999999999996,10,1282.1999999999998,swap,notBad
9593,10,1288.3999999999996,10,1282.1999999999998,move,improve
9594,10,1288.3999999999996,10,1282.1999999999998,move,improve
9595,10,1288.3999999999996,10,1282.1999999999998,move,improve
9596,10,1288.3999999999996,10,1282.1999999999998,2opt,notBad
9597,10,1288.3999999999996,10,1282.1999999999998,swap,notBad
9598,10,1288.3999999999996,10,1282.1999999999998,move,improve
9599,10,1288.3999999999996,10,1282.1999999999998,swap,notBad
9600,10,1288.3999999999996,10,1282.1999999999998,swap,notBad
9601,10,1288.3999999999996,10,1282.1999999999998,2opt,notBad
9602,10,1288.3999999999996,10,1282.1999999999998,swap,notBad
9603,10,1288.3999999999996,10,1282.1999999999998,2opt,notBad
9604,10,1288.3999999999996,10,1282.1999999999998,2opt,notBad
9605,10,1288.3999999999996,10,1282.1999999999998,swap,notBad
9606,10,1288.3999999999996,10,1282.1999999999998,move,improve
9607,10,1288.3999999999996,10,1282.1999999999998,swap,notBad
9608,10,1288.3999999999996,10,1282.1999999999998,2opt,notBad
9609,10,1288.3999999999996,10,1282.1999999999998,2opt,notBad
9610,10,1288.3999999999996,10,1282.1999999999998,move,improve
9611,10,1288.3999999999996,10,1282.1999999999998,2opt,notBad
9612,10,1288.3999999999996,10,1282.1999999999998,move,improve
9613,10,1288.3999999999996,10,1282.1999999999998,move,improve
9614,10,1288.3999999999996,10,1282.1999999999998,move,improve
9615,10,1288.3999999999996,10,1282.1999999999998,swap,notBad
9616,10,1288.3999999999996,10,1282.1999999999998,move,improve
9617,10,1288.3999999999996,10,1282.1999999999998,move,improve
9618,10,1288.3999999999996,10,1282.1999999999998,2opt,notBad
9619,10,1288.3999999999996,10,1282.1999999999998,2opt,notBad
9620,10,1288.3999999999996,10,1282.1999999999998,move,improve
9621,10,1288.3999999999996,10,1282.1999999999998,2opt,improve
9622,10,1288.3999999999996,10,1282.1999999999998,2opt,notBad
9623,10,1288.3999999999996,10,1282.1999999999998,2opt,notBad
9624,10,1288.3999999999996,10,1282.1999999999998,2opt,notBad
9625,10,1288.3999999999996,10,1282.1999999999998,2opt,notBad
9626,10,1288.3999999999996,10,1282.1999999999998,swap,notBad
9627,10,1288.3999999999996,10,1282.1999999999998,move,improve
9628,10,1288.3999999999996,10,1282.1999999999998,move,improve
9629,10,1288.3999999999996,10,1282.1999999999998,swap,notBad
9630,10,1287.1999999999998,10,1282.1999999999998,move,improve
9631,10,1287.1999999999998,10,1282.1999999999998,move,improve
9632,10,1287.1999999999998,10,1282.1999999999998,move,improve
9633,10,1287.1999999999998,10,1282.1999999999998,move,improve
9634,10,1287.1999999999998,10,1282.1999999999998,move,improve
9635,10,1287.1999999999998,10,1282.1999999999998,swap,notBad
9636,10,1287.1999999999998,10,1282.1999999999998,2opt,notBad
9637,10,1287.1999999999998,10,1282.1999999999998,swap,notBad
9638,10,1287.1999999999998,10,1282.1999999999998,2opt,notBad
9639,10,1287.1999999999998,10,1282.1999999999998,move,improve
9640,10,1287.1999999999998,10,1282.1999999999998,move,improve
9641,10,1287.1999999999998,10,1282.1999999999998,move,improve
9642,10,1287.1999999999998,10,1282.1999999999998,2opt,notBad
9643,10,1287.1999999999998,10,1282.1999999999998,2opt,notBad
9644,10,1287.1999999999998,10,1282.1999999999998,2opt,notBad
9645,10,1287.1999999999998,10,1282.1999999999998,swap,notBad
9646,10,1287.1999999999998,10,1282.1999999999998,swap,notBad
9647,10,1287.1999999999998,10,1282.1999999999998,move,improve
9648,10,1287.1999999999998,10,1282.1999999999998,swap,notBad
9649,10,1287.1999999999998,10,1282.1999999999998,swap,notBad
9650,10,1287.1999999999998,10,1282.1999999999998,swap,notBad
9651,10,1287.1999999999998,10,1282.1999999999998,2opt,notBad
9652,10,1287.1999999999998,10,1282.1999999999998,move,improve
9653,10,1287.1999999999998,10,1282.1999999999998,2opt,notBad
9654,10,1287.1999999999998,10,1282.1999999999998,swap,notBad
9655,10,1287.1999999999998,10,1282.1999999999998,move,improve
9656,10,1287.1999999999998,10,1282.1999999999998,2opt,notBad
9657,10,1287.1999999999998,10,1282.1999999999998,move,improve
9658,10,1287.1999999999998,10,1282.1999999999998,swap,notBad
9659,10,1287.1999999999998,10,1282.1999999999998,swap,notBad
9660,10,1287.1999999999998,10,1282.1999999999998,2opt,notBad
9661,10,1287.1999999999998,10,1282.1999999999998,2opt,notBad
9662,10,1287.1999999999998,10,1282.1999999999998,move,improve
9663,10,1287.1999999999998,10,1282.1999999999998,swap,notBad
9664,10,1287.1999999999998,10,1282.1999999999998,2opt,notBad
9665,10,1287.1999999999998,10,1282.1999999999998,move,improve
9666,10,1287.1999999999998,10,1282.1999999999998,2opt,notBad
9667,10,1287.1999999999998,10,1282.1999999999998,2opt,notBad
9668,10,1287.1999999999998,10,1282.1999999999998,2opt,notBad
9669,10,1287.1999999999998,10,1282.1999999999998,move,improve
9670,10,1287.1999999999998,10,1282.1999999999998,2opt,notBad
9671,10,1287.1999999999998,10,1282.1999999999998,move,improve
9672,10,1287.1999999999998,10,1282.1999999999998,swap,notBad
9673,10,1287.1999999999998,10,1282.1999999999998,move,improve
9674,10,1287.1999999999998,10,1282.1999999999998,swap,notBad
9675,10,1287.1999999999998,10,1282.1999999999998,2opt,notBad
9676,10,1287.1999999999998,10,1282.1999999999998,2opt,notBad
9677,10,1287.1999999999998,10,1282.1999999999998,2opt,notBad
9678,10,1287.1999999999998,10,1282.1999999999998,2opt,notBad
9679,10,1287.1999999999998,10,1282.1999999999998,move,improve
9680,10,1287.1999999999998,10,1282.1999999999998,move,improve
9681,10,1287.1999999999998,10,1282.1999999999998,move,improve
9682,10,1287.1999999999998,10,1282.1999999999998,move,improve
9683,10,1287.1999999999998,10,1282.1999999999998,2opt,notBad
9684,10,1287.1999999999998,10,1282.1999999999998,move,improve
9685,10,1287.1999999999998,10,1282.1999999999998,swap,notBad
9686,10,1287.1999999999998,10,1282.1999999999998,2opt,notBad
9687,10,1287.1999999999998,10,1282.1999999999998,move,improve
9688,10,1287.1999999999998,10,1282.1999999999998,move,improve
9689,10,1287.1999999999998,10,1282.1999999999998,swap,notBad
9690,10,1287.1999999999998,10,1282.1999999999998,move,improve
9691,10,1287.1999999999998,10,1282.1999999999998,move,improve
9692,10,1287.1999999999998,10,1282.1999999999998,swap,notBad
9693,10,1287.1999999999998,10,1282.1999999999998,swap,notBad
9694,10,1287.1999999999998,10,1282.1999999999998,2opt,notBad
9695,10,1287.1999999999998,10,1282.1999999999998,move,improve
9696,10,1287.1999999999998,10,1282.1999999999998,move,improve
9697,10,1287.1999999999998,10,1282.1999999999998,2opt,notBad
9698,10,1287.1999999999998,10,1282.1999999999998,swap,notBad
9699,10,1287.1999999999998,10,1282.1999999999998,move,improve
9700,10,1287.1999999999998,10,1282.1999999999998,move,improve
9701,10,1287.1999999999998,10,1282.1999999999998,2opt,notBad
9702,10,1287.1999999999998,10,1282.1999999999998,move,improve
9703,10,1287.1999999999998,10,1282.1999999999998,move,improve
9704,10,1287.1999999999998,10,1282.1999999999998,move,improve
9705,10,1287.1999999999998,10,1282.1999999999998,swap,notBad
9706,10,1287.1999999999998,10,1282.1999999999998,2opt,notBad
9707,10,1287.1999999999998,10,1282.1999999999998,swap,notBad
9708,10,1287.1999999999998,10,1282.1999999999998,swap,notBad
9709,10,1287.1999999999998,10,1282.1999999999998,swap,notBad
9710,10,1287.1999999999998,10,1282.1999999999998,2opt,notBad
9711,10,1287.1999999999998,10,1282.1999999999998,move,improve
9712,10,1287.1999999999998,10,1282.1999999999998,swap,notBad
9713,10,1287.1999999999998,10,1282.1999999999998,move,improve
9714,10,1287.1999999999998,10,1282.1999999999998,move,improve
9715,10,1287.1999999999998,10,1282.1999999999998,2opt,notBad
9716,10,1287.1999999999998,10,1282.1999999999998,swap,notBad
9717,10,1287.1999999999998,10,1282.1999999999998,move,improve
9718,10,1287.1999999999998,10,1282.1999999999998,move,improve
9719,10,1287.1999999999998,10,1282.1999999999998,2opt,notBad
9720,10,1287.1999999999998,10,1282.1999999999998,2opt,notBad
9721,10,1287.1999999999998,10,1282.1999999999998,swap,notBad
9722,10,1287.1999999999998,10,1282.1999999999998,move,improve
9723,10,1287.1999999999998,10,1282.1999999999998,move,improve
9724,10,1287.1999999999998,10,1282.1999999999998,move,improve
9725,10,1287.1999999999998,10,1282.1999999999998,swap,notBad
9726,10,1287.1999999999998,10,1282.1999999999998,swap,notBad
9727,10,1287.1999999999998,10,1282.1999999999998,move,improve
9728,10,1287.1999999999998,10,1282.1999999999998,2opt,notBad
9729,10,1287.1999999999998,10,1282.1999999999998,2opt,notBad
9730,10,1287.1999999999998,10,1282.1999999999998,swap,notBad
9731,10,1287.1999999999998,10,1282.1999999999998,move,improve
9732,10,1287.1999999999998,10,1282.1999999999998,swap,notBad
9733,10,1287.1999999999998,10,1282.1999999999998,swap,notBad
9734,10,1287.1999999999998,10,1282.1999999999998,2opt,notBad
9735,10,1287.1999999999998,10,1282.1999999999998,move,improve
9736,10,1287.1999999999998,10,1282.1999999999998,2opt,notBad
9737,10,1287.1999999999998,10,1282.1999999999998,swap,notBad
9738,10,1287.1999999999998,10,1282.1999999999998,2opt,notBad
9739,10,1287.1999999999998,10,1282.1999999999998,move,improve
9740,10,1287.1999999999998,10,1282.1999999999998,swap,notBad
9741,10,1287.1999999999998,10,1282.1999999999998,swap,notBad
9742,10,1287.1999999999998,10,1282.1999999999998,2opt,notBad
9743,10,1287.1999999999998,10,1282.1999999999998,2opt,notBad
9744,10,1287.1999999999998,10,1282.1999999999998,move,improve
9745,10,1287.1999999999998,10,1282.1999999999998,move,improve
9746,10,1287.1999999999998,10,1282.1999999999998,2opt,notBad
9747,10,1287.1999999999998,10,1282.1999999999998,swap,notBad
9748,10,1287.1999999999998,10,1282.1999999999998,swap,notBad
9749,10,1287.1999999999998,10,1282.1999999999998,swap,notBad
9750,10,1287.1999999999998,10,1282.1999999999998,move,improve
9751,10,1287.1999999999998,10,1282.1999999999998,2opt,notBad
9752,10,1287.1999999999998,10,1282.1999999999998,swap,notBad
9753,10,1287.1999999999998,10,1282.1999999999998,move,improve
9754,10,1287.1999999999998,10,1282.1999999999998,2opt,notBad
9755,10,1287.1999999999998,10,1282.1999999999998,swap,notBad
9756,10,1287.1999999999998,10,1282.1999999999998,2opt,notBad
9757,10,1287.1999999999998,10,1282.1999999999998,swap,notBad
9758,10,1287.1999999999998,10,1282.1999999999998,2opt,notBad
9759,10,1287.1999999999998,10,1282.1999999999998,move,improve
9760,10,1287.1999999999998,10,1282.1999999999998,swap,notBad
9761,10,1287.1999999999998,10,1282.1999999999998,swap,notBad
9762,10,1287.1999999999998,10,1282.1999999999998,2opt,notBad
9763,10,1287.1999999999998,10,1282.1999999999998,swap,notBad
9764,10,1287.1999999999998,10,1282.1999999999998,move,improve
9765,10,1287.1999999999998,10,1282.1999999999998,2opt,notBad
9766,10,1287.1999999999998,10,1282.1999999999998,swap,notBad
9767,10,1287.1999999999998,10,1282.1999999999998,move,improve
9768,10,1287.1999999999998,10,1282.1999999999998,2opt,notBad
9769,10,1287.1999999999998,10,1282.1999999999998,swap,notBad
9770,10,1287.1999999999998,10,1282.1999999999998,2opt,notBad
9771,10,1287.1999999999998,10,1282.1999999999998,2opt,notBad
9772,10,1287.1999999999998,10,1282.1999999999998,move,improve
9773,10,1287.1999999999998,10,1282.1999999999998,move,improve
9774,10,1287.1999999999998,10,1282.1999999999998,2opt,notBad
9775,10,1287.1999999999998,10,1282.1999999999998,2opt,notBad
9776,10,1287.1999999999998,10,1282.1999999999998,2opt,notBad
9777,10,1287.1999999999998,10,1282.1999999999998,2opt,notBad
9778,10,1287.1999999999998,10,1282.1999999999998,2opt,notBad
9779,10,1287.1999999999998,10,1282.1999999999998,move,improve
9780,10,1287.1999999999998,10,1282.1999999999998,move,improve
9781,10,1287.1999999999998,10,1282.1999999999998,swap,notBad
9782,10,1287.1999999999998,10,1282.1999999999998,swap,notBad
9783,10,1287.1999999999998,10,1282.1999999999998,2opt,improve
9784,10,1287.1999999999998,10,1282.1999999999998,swap,notBad
9785,10,1287.1999999999998,10,1282.1999999999998,move,improve
9786,10,1287.1999999999998,10,1282.1999999999998,swap,notBad
9787,10,1287.1999999999998,10,1282.1999999999998,2opt,notBad
9788,10,1287.1999999999998,10,1282.1999999999998,2opt,notBad
9789,10,1287.1999999999998,10,1282.1999999999998,move,improve
9790,10,1287.1999999999998,10,1282.1999999999998,2opt,notBad
9791,10,1287.1999999999998,10,1282.1999999999998,move,improve
9792,10,1287.1999999999998,10,1282.1999999999998,move,improve
9793,10,1287.1999999999998,10,1282.1999999999998,swap,notBad
9794,10,1287.1999999999998,10,1282.1999999999998,swap,notBad
9795,10,1287.1999999999998,10,1282.1999999999998,2opt,notBad
9796,10,1287.1999999999998,10,1282.1999999999998,swap,notBad
9797,10,1287.1999999999998,10,1282.1999999999998,move,improve
9798,10,1287.1999999999998,10,1282.1999999999998,swap,notBad
9799,10,1287.1999999999998,10,1282.1999999999998,move,improve
9800,10,1287.1999999999998,10,1282.1999999999998,swap,notBad
9801,10,1287.1999999999998,10,1282.1999999999998,swap,notBad
9802,10,1287.1999999999998,10,1282.1999999999998,swap,notBad
9803,10,1287.1999999999998,10,1282.1999999999998,swap,notBad
9804,10,1287.1999999999998,10,1282.1999999999998,move,improve
9805,10,1287.1999999999998,10,1282.1999999999998,2opt,notBad
9806,10,1287.1999999999998,10,1282.1999999999998,move,improve
9807,10,1287.1999999999998,10,1282.1999999999998,2opt,notBad
9808,10,1287.1999999999998,10,1282.1999999999998,2opt,notBad
9809,10,1287.1999999999998,10,1282.1999999999998,swap,notBad
9810,10,1287.1999999999998,10,1282.1999999999998,swap,notBad
9811,10,1287.1999999999998,10,1282.1999999999998,2opt,notBad
9812,10,1287.1999999999998,10,1282.1999999999998,swap,notBad
9813,10,1287.1999999999998,10,1282.1999999999998,move,improve
9814,10,1287.1999999999998,10,1282.1999999999998,2opt,notBad
9815,10,1287.1999999999998,10,1282.1999999999998,move,improve
9816,10,1287.1999999999998,10,1282.1999999999998,move,improve
9817,10,1287.1999999999998,10,1282.1999999999998,2opt,improve
9818,10,1287.1999999999998,10,1282.1999999999998,swap,notBad
9819,10,1287.1999999999998,10,1282.1999999999998,move,improve
9820,10,1287.1999999999998,10,1282.1999999999998,swap,notBad
9821,10,1287.1999999999998,10,1282.1999999999998,move,improve
9822,10,1287.1999999999998,10,1282.1999999999998,move,improve
9823,10,1287.1999999999998,10,1282.1999999999998,move,improve
9824,10,1287.1999999999998,10,1282.1999999999998,swap,notBad
9825,10,1287.1999999999998,10,1282.1999999999998,2opt,notBad
9826,10,1287.1999999999998,10,1282.1999999999998,move,improve
9827,10,1287.1999999999998,10,1282.1999999999998,move,improve
9828,10,1287.1999999999998,10,1282.1999999999998,move,improve
9829,10,1287.1999999999998,10,1282.1999999999998,move,improve
9830,10,1287.1999999999998,10,1282.1999999999998,swap,notBad
9831,10,1287.1999999999998,10,1282.1999999999998,swap,notBad
9832,10,1287.1999999999998,10,1282.1999999999998,2opt,notBad
9833,10,1287.1999999999998,10,1282.1999999999998,swap,notBad
9834,10,1287.1999999999998,10,1282.1999999999998,move,improve
9835,10,1287.1999999999998,10,1282.1999999999998,move,improve
9836,10,1287.1999999999998,10,1282.1999999999998,move,improve
9837,10,1287.1999999999998,10,1282.1999999999998,2opt,notBad
9838,10,1287.1999999999998,10,1282.1999999999998,move,improve
9839,10,1287.1999999999998,10,1282.1999999999998,2opt,notBad
9840,10,1287.1999999999998,10,1282.1999999999998,2opt,improve
9841,10,1287.1999999999998,10,1282.1999999999998,move,improve
9842,10,1287.1999999999998,10,1282.1999999999998,2opt,notBad
9843,10,1287.1999999999998,10,1282.1999999999998,move,improve
9844,10,1287.1999999999998,10,1282.1999999999998,move,improve
9845,10,1287.1999999999998,10,1282.1999999999998,swap,notBad
9846,10,1287.1999999999998,10,1282.1999999999998,2opt,notBad
9847,10,1287.1999999999998,10,1282.1999999999998,2opt,notBad
9848,10,1287.1999999999998,10,1282.1999999999998,move,improve
9849,10,1287.1999999999998,10,1282.1999999999998,move,improve
9850,10,1287.1999999999998,10,1282.1999999999998,2opt,notBad
9851,10,1287.1999999999998,10,1282.1999999999998,2opt,notBad
9852,10,1287.1999999999998,10,1282.1999999999998,swap,notBad
9853,10,1287.1999999999998,10,1282.1999999999998,move,improve
9854,10,1287.1999999999998,10,1282.1999999999998,move,improve
9855,10,1287.1999999999998,10,1282.1999999999998,2opt,notBad
9856,10,1287.1999999999998,10,1282.1999999999998,2opt,notBad
9857,10,1287.1999999999998,10,1282.1999999999998,move,improve
9858,10,1287.1999999999998,10,1282.1999999999998,swap,notBad
9859,10,1287.1999999999998,10,1282.1999999999998,swap,notBad
9860,10,1287.1999999999998,10,1282.1999999999998,move,improve
9861,10,1287.1999999999998,10,1282.1999999999998,swap,notBad
9862,10,1287.1999999999998,10,1282.1999999999998,swap,notBad
9863,10,1287.1999999999998,10,1282.1999999999998,move,improve
9864,10,1287.1999999999998,10,1282.1999999999998,move,improve
9865,10,1287.1999999999998,10,1282.1999999999998,2opt,notBad
9866,10,1287.1999999999998,10,1282.1999999999998,move,improve
9867,10,1287.1999999999998,10,1282.1999999999998,2opt,notBad
9868,10,1287.1999999999998,10,1282.1999999999998,2opt,notBad
9869,10,1287.1999999999998,10,1282.1999999999998,swap,notBad
9870,10,1287.1999999999998,10,1282.1999999999998,move,improve
9871,10,1287.1999999999998,10,1282.1999999999998,2opt,notBad
9872,10,1287.1999999999998,10,1282.1999999999998,move,improve
9873,10,1287.1999999999998,10,1282.1999999999998,move,improve
9874,10,1287.1999999999998,10,1282.1999999999998,move,improve
9875,10,1287.1999999999998,10,1282.1999999999998,swap,notBad
9876,10,1287.1999999999998,10,1282.1999999999998,swap,notBad
9877,10,1287.1999999999998,10,1282.1999999999998,2opt,notBad
9878,10,1287.1999999999998,10,1282.1999999999998,2opt,notBad
9879,10,1287.1999999999998,10,1282.1999999999998,move,improve
9880,10,1287.1999999999998,10,1282.1999999999998,move,improve
9881,10,1287.1999999999998,10,1282.1999999999998,swap,notBad
9882,10,1287.1999999999998,10,1282.1999999999998,2opt,notBad
9883,10,1287.1999999999998,10,1282.1999999999998,swap,notBad
9884,10,1287.1999999999998,10,1282.1999999999998,move,improve
9885,10,1287.1999999999998,10,1282.1999999999998,swap,notBad
9886,10,1287.1999999999998,10,1282.1999999999998,swap,notBad
9887,10,1287.1999999999998,10,1282.1999999999998,swap,notBad
9888,10,1287.1999999999998,10,1282.1999999999998,move,improve
9889,10,1287.1999999999998,10,1282.1999999999998,move,improve
9890,10,1287.1999999999998,10,1282.1999999999998,2opt,notBad
9891,10,1287.1999999999998,10,1282.1999999999998,swap,notBad
9892,10,1287.1999999999998,10,1282.1999999999998,swap,notBad
9893,10,1287.1999999999998,10,1282.1999999999998,move,improve
9894,10,1287.1999999999998,10,1282.1999999999998,move,improve
9895,10,1287.1999999999998,10,1282.1999999999998,swap,notBad
9896,10,1287.1999999999998,10,1282.1999999999998,swap,notBad
9897,10,1287.1999999999998,10,1282.1999999999998,move,improve
9898,10,1287.1999999999998,10,1282.1999999999998,swap,notBad
9899,10,1287.1999999999998,10,1282.1999999999998,swap,notBad
9900,10,1287.1999999999998,10,1282.1999999999998,swap,notBad
9901,10,1287.1999999999998,10,1282.1999999999998,2opt,notBad
9902,10,1287.1999999999998,10,1282.1999999999998,move,improve
9903,10,1287.1999999999998,10,1282.1999999999998,move,improve
9904,10,1287.1999999999998,10,1282.1999999999998,2opt,notBad
9905,10,1287.1999999999998,10,1282.1999999999998,move,improve
9906,10,1287.1999999999998,10,1282.1999999999998,move,improve
9907,10,1287.1999999999998,10,1282.1999999999998,move,improve
9908,10,1287.1999999999998,10,1282.1999999999998,move,improve
9909,10,1287.1999999999998,10,1282.1999999999998,swap,notBad
9910,10,1287.1999999999998,10,1282.1999999999998,2opt,notBad
9911,10,1287.1999999999998,10,1282.1999999999998,swap,notBad
9912,10,1287.1999999999998,10,1282.1999999999998,move,improve
9913,10,1287.1999999999998,10,1282.1999999999998,2opt,notBad
9914,10,1287.1999999999998,10,1282.1999999999998,2opt,notBad
9915,10,1287.1999999999998,10,1282.1999999999998,2opt,notBad
9916,10,1287.1999999999998,10,1282.1999999999998,2opt,notBad
9917,10,1287.1999999999998,10,1282.1999999999998,move,improve
9918,10,1287.1999999999998,10,1282.1999999999998,swap,notBad
9919,10,1287.1999999999998,10,1282.1999999999998,2opt,notBad
9920,10,1287.1999999999998,10,1282.1999999999998,2opt,improve
9921,10,1287.1999999999998,10,1282.1999999999998,swap,notBad
9922,10,1287.1999999999998,10,1282.1999999999998,2opt,notBad
9923,10,1287.1999999999998,10,1282.1999999999998,2opt,notBad
9924,10,1287.1999999999998,10,1282.1999999999998,2opt,notBad
9925,10,1287.1999999999998,10,1282.1999999999998,swap,notBad
9926,10,1287.1999999999998,10,1282.1999999999998,swap,notBad
9927,10,1287.1999999999998,10,1282.1999999999998,swap,notBad
9928,10,1287.1999999999998,10,1282.1999999999998,2opt,notBad
9929,10,1287.1999999999998,10,1282.1999999999998,swap,notBad
9930,10,1287.1999999999998,10,1282.1999999999998,swap,notBad
9931,10,1287.1999999999998,10,1282.1999999999998,swap,notBad
9932,10,1287.1999999999998,10,1282.1999999999998,move,improve
9933,10,1287.1999999999998,10,1282.1999999999998,move,improve
9934,10,1287.1999999999998,10,1282.1999999999998,move,improve
9935,10,1287.1999999999998,10,1282.1999999999998,swap,notBad
9936,10,1287.1999999999998,10,1282.1999999999998,swap,notBad
9937,10,1287.1999999999998,10,1282.1999999999998,move,improve
9938,10,1287.1999999999998,10,1282.1999999999998,move,improve
9939,10,1287.1999999999998,10,1282.1999999999998,swap,notBad
9940,10,1287.1999999999998,10,1282.1999999999998,move,improve
9941,10,1287.1999999999998,10,1282.1999999999998,2opt,improve
9942,10,1287.1999999999998,10,1282.1999999999998,swap,notBad
9943,10,1287.1999999999998,10,1282.1999999999998,move,improve
9944,10,1287.1999999999998,10,1282.1999999999998,swap,notBad
9945,10,1287.1999999999998,10,1282.1999999999998,move,improve
9946,10,1287.1999999999998,10,1282.1999999999998,2opt,improve
9947,10,1287.1999999999998,10,1282.1999999999998,2opt,notBad
9948,10,1287.1999999999998,10,1282.1999999999998,2opt,notBad
9949,10,1287.1999999999998,10,1282.1999999999998,move,improve
9950,10,1287.1999999999998,10,1282.1999999999998,2opt,notBad
9951,10,1287.1999999999998,10,1282.1999999999998,2opt,notBad
9952,10,1287.1999999999998,10,1282.1999999999998,move,improve
9953,10,1287.1999999999998,10,1282.1999999999998,move,improve
9954,10,1287.1999999999998,10,1282.1999999999998,swap,notBad
9955,10,1287.1999999999998,10,1282.1999999999998,move,improve
9956,10,1287.1999999999998,10,1282.1999999999998,move,improve
9957,10,1287.1999999999998,10,1282.1999999999998,move,improve
9958,10,1287.1999999999998,10,1282.1999999999998,2opt,notBad
9959,10,1287.1999999999998,10,1282.1999999999998,swap,notBad
9960,10,1287.1999999999998,10,1282.1999999999998,2opt,notBad
9961,10,1287.1999999999998,10,1282.1999999999998,move,improve
9962,10,1287.1999999999998,10,1282.1999999999998,swap,notBad
9963,10,1287.1999999999998,10,1282.1999999999998,swap,notBad
9964,10,1287.1999999999998,10,1282.1999999999998,move,improve
9965,10,1287.1999999999998,10,1282.1999999999998,move,improve
9966,10,1287.1999999999998,10,1282.1999999999998,2opt,notBad
9967,10,1287.1999999999998,10,1282.1999999999998,move,improve
9968,10,1287.1999999999998,10,1282.1999999999998,swap,notBad
9969,10,1287.1999999999998,10,1282.1999999999998,move,improve
9970,10,1287.1999999999998,10,1282.1999999999998,2opt,notBad
9971,10,1287.1999999999998,10,1282.1999999999998,move,improve
9972,10,1287.1999999999998,10,1282.1999999999998,move,improve
9973,10,1287.1999999999998,10,1282.1999999999998,2opt,notBad
9974,10,1287.1999999999998,10,1282.1999999999998,move,improve
9975,10,1287.1999999999998,10,1282.1999999999998,swap,notBad
9976,10,1287.1999999999998,10,1282.1999999999998,swap,notBad
9977,10,1287.1999999999998,10,1282.1999999999998,2opt,notBad
9978,10,1287.1999999999998,10,1282.1999999999998,2opt,notBad
9979,10,1287.1999999999998,10,1282.1999999999998,2opt,notBad
9980,10,1287.1999999999998,10,1282.1999999999998,2opt,notBad
9981,10,1287.1999999999998,10,1282.1999999999998,2opt,notBad
9982,10,1287.1999999999998,10,1282.1999999999998,swap,notBad
9983,10,1287.1999999999998,10,1282.1999999999998,swap,notBad
9984,10,1287.1999999999998,10,1282.1999999999998,2opt,notBad
9985,10,1287.1999999999998,10,1282.1999999999998,2opt,notBad
9986,10,1287.1999999999998,10,1282.1999999999998,swap,notBad
9987,10,1287.1999999999998,10,1282.1999999999998,move,improve
9988,10,1287.1999999999998,10,1282.1999999999998,swap,notBad
9989,10,1287.1999999999998,10,1282.1999999999998,move,improve
9990,10,1287.1999999999998,10,1282.1999999999998,swap,notBad
9991,10,1287.1999999999998,10,1282.1999999999998,2opt,notBad
9992,10,1287.1999999999998,10,1282.1999999999998,swap,notBad
9993,10,1287.1999999999998,10,1282.1999999999998,2opt,notBad
9994,10,1287.1999999999998,10,1282.1999999999998,move,improve
9995,10,1287.1999999999998,10,1282.1999999999998,move,improve
9996,10,1287.1999999999998,10,1282.1999999999998,2opt,notBad
9997,10,1287.1999999999998,10,1282.1999999999998,swap,notBad
9998,10,1287.1999999999998,10,1282.1999999999998,2opt,notBad
9999,10,1287.1999999999998,10,1282.1999999999998,2opt,notBad
10000,10,1287.1999999999998,10,1282.1999999999998,move,improve
10001,10,1287.1999999999998,10,1282.1999999999998,2opt,notBad
10002,10,1287.1999999999998,10,1282.1999999999998,move,improve
10003,10,1287.1999999999998,10,1282.1999999999998,move,improve
10004,10,1287.1999999999998,10,1282.1999999999998,2opt,notBad
10005,10,1287.1999999999998,10,1282.1999999999998,swap,notBad
10006,10,1287.1999999999998,10,1282.1999999999998,swap,notBad
10007,10,1287.1999999999998,10,1282.1999999999998,swap,notBad
10008,10,1287.1999999999998,10,1282.1999999999998,move,improve
10009,10,1287.1999999999998,10,1282.1999999999998,swap,notBad
10010,10,1287.1999999999998,10,1282.1999999999998,move,improve
10011,10,1287.1999999999998,10,1282.1999999999998,swap,notBad
10012,10,1287.1999999999998,10,1282.1999999999998,move,improve
10013,10,1287.1999999999998,10,1282.1999999999998,2opt,notBad
10014,10,1287.1999999999998,10,1282.1999999999998,2opt,notBad
10015,10,1287.1999999999998,10,1282.1999999999998,2opt,notBad
10016,10,1287.1999999999998,10,1282.1999999999998,move,improve
10017,10,1287.1999999999998,10,1282.1999999999998,2opt,notBad
10018,10,1287.1999999999998,10,1282.1999999999998,move,improve
10019,10,1287.1999999999998,10,1282.1999999999998,move,improve
10020,10,1287.1999999999998,10,1282.1999999999998,2opt,notBad
10021,10,1287.1999999999998,10,1282.1999999999998,2opt,notBad
10022,10,1287.1999999999998,10,1282.1999999999998,2opt,notBad
10023,10,1287.1999999999998,10,1282.1999999999998,move,improve
10024,10,1287.1999999999998,10,1282.1999999999998,move,improve
10025,10,1287.1999999999998,10,1282.1999999999998,2opt,notBad
10026,10,1287.1999999999998,10,1282.1999999999998,swap,notBad
10027,10,1287.1999999999998,10,1282.1999999999998,2opt,notBad
10028,10,1285.8999999999996,10,1282.1999999999998,swap,improve
10029,10,1285.8999999999996,10,1282.1999999999998,swap,notBad
10030,10,1285.8999999999996,10,1282.1999999999998,swap,notBad
10031,10,1285.8999999999996,10,1282.1999999999998,2opt,notBad
10032,10,1285.8999999999996,10,1282.1999999999998,move,improve
10033,10,1285.8999999999996,10,1282.1999999999998,2opt,notBad
10034,10,1285.8999999999996,10,1282.1999999999998,move,improve
10035,10,1285.8999999999996,10,1282.1999999999998,move,improve
10036,10,1285.8999999999996,10,1282.1999999999998,2opt,notBad
10037,10,1285.8999999999996,10,1282.1999999999998,2opt,notBad
10038,10,1285.8999999999996,10,1282.1999999999998,2opt,notBad
10039,10,1285.8999999999996,10,1282.1999999999998,move,improve
10040,10,1285.8999999999996,10,1282.1999999999998,swap,notBad
10041,10,1285.8999999999996,10,1282.1999999999998,move,improve
10042,10,1285.8999999999996,10,1282.1999999999998,2opt,notBad
10043,10,1285.8999999999996,10,1282.1999999999998,swap,notBad
10044,10,1285.8999999999996,10,1282.1999999999998,move,improve
10045,10,1285.8999999999996,10,1282.1999999999998,move,improve
10046,10,1285.8999999999996,10,1282.1999999999998,move,improve
10047,10,1285.8999999999996,10,1282.1999999999998,2opt,improve
10048,10,1285.8999999999996,10,1282.1999999999998,move,improve
10049,10,1285.8999999999996,10,1282.1999999999998,move,improve
10050,10,1285.8999999999996,10,1282.1999999999998,move,improve
10051,10,1285.8999999999996,10,1282.1999999999998,2opt,notBad
10052,10,1285.8999999999996,10,1282.1999999999998,2opt,notBad
10053,10,1285.8999999999996,10,1282.1999999999998,2opt,notBad
10054,10,1285.8999999999996,10,1282.1999999999998,move,improve
10055,10,1285.8999999999996,10,1282.1999999999998,2opt,notBad
10056,10,1285.8999999999996,10,1282.1999999999998,2opt,notBad
10057,10,1285.8999999999996,10,1282.1999999999998,move,improve
10058,10,1285.8999999999996,10,1282.1999999999998,swap,notBad
10059,10,1285.8999999999996,10,1282.1999999999998,2opt,notBad
10060,10,1285.8999999999996,10,1282.1999999999998,swap,notBad
10061,10,1285.8999999999996,10,1282.1999999999998,swap,notBad
10062,10,1285.8999999999996,10,1282.1999999999998,move,improve
10063,10,1285.8999999999996,10,1282.1999999999998,move,improve
10064,10,1285.8999999999996,10,1282.1999999999998,swap,notBad
10065,10,1285.8999999999996,10,1282.1999999999998,2opt,notBad
10066,10,1285.8999999999996,10,1282.1999999999998,move,improve
10067,10,1285.8999999999996,10,1282.1999999999998,2opt,notBad
10068,10,1285.8999999999996,10,1282.1999999999998,swap,notBad
10069,10,1285.8999999999996,10,1282.1999999999998,2opt,notBad
10070,10,1285.8999999999996,10,1282.1999999999998,2opt,notBad
10071,10,1285.8999999999996,10,1282.1999999999998,2opt,notBad
10072,10,1285.8999999999996,10,1282.1999999999998,swap,notBad
10073,10,1285.8999999999996,10,1282.1999999999998,move,improve
10074,10,1285.8999999999996,10,1282.1999999999998,swap,notBad
10075,10,1285.8999999999996,10,1282.1999999999998,move,improve
10076,10,1285.8999999999996,10,1282.1999999999998,move,improve
10077,10,1285.8999999999996,10,1282.1999999999998,swap,notBad
10078,10,1285.8999999999996,10,1282.1999999999998,2opt,notBad
10079,10,1285.8999999999996,10,1282.1999999999998,move,improve
10080,10,1285.8999999999996,10,1282.1999999999998,swap,notBad
10081,10,1285.8999999999996,10,1282.1999999999998,swap,notBad
10082,10,1285.8999999999996,10,1282.1999999999998,2opt,notBad
10083,10,1285.8999999999996,10,1282.1999999999998,2opt,notBad
10084,10,1285.8999999999996,10,1282.1999999999998,move,improve
10085,10,1285.8999999999996,10,1282.1999999999998,move,improve
10086,10,1285.8999999999996,10,1282.1999999999998,swap,notBad
10087,10,1285.8999999999996,10,1282.1999999999998,2opt,notBad
10088,10,1285.8999999999996,10,1282.1999999999998,swap,notBad
10089,10,1285.8999999999996,10,1282.1999999999998,2opt,notBad
10090,10,1285.8999999999996,10,1282.1999999999998,move,improve
10091,10,1285.8999999999996,10,1282.1999999999998,2opt,notBad
10092,10,1285.8999999999996,10,1282.1999999999998,2opt,notBad
10093,10,1285.8999999999996,10,1282.1999999999998,2opt,notBad
10094,10,1285.8999999999996,10,1282.1999999999998,2opt,notBad
10095,10,1285.8999999999996,10,1282.1999999999998,2opt,notBad
10096,10,1285.8999999999996,10,1282.1999999999998,swap,notBad
10097,10,1285.8999999999996,10,1282.1999999999998,move,improve
10098,10,1285.8999999999996,10,1282.1999999999998,move,improve
10099,10,1285.8999999999996,10,1282.1999999999998,move,improve
10100,10,1285.8999999999996,10,1282.1999999999998,2opt,notBad
10101,10,1285.8999999999996,10,1282.1999999999998,swap,notBad
10102,10,1285.8999999999996,10,1282.1999999999998,swap,notBad
10103,10,1285.8999999999996,10,1282.1999999999998,move,improve
10104,10,1285.8999999999996,10,1282.1999999999998,swap,notBad
10105,10,1285.8999999999996,10,1282.1999999999998,swap,notBad
10106,10,1285.8999999999996,10,1282.1999999999998,2opt,notBad
10107,10,1285.8999999999996,10,1282.1999999999998,swap,notBad
10108,10,1285.8999999999996,10,1282.1999999999998,move,improve
10109,10,1285.8999999999996,10,1282.1999999999998,swap,notBad
10110,10,1285.8999999999996,10,1282.1999999999998,move,improve
10111,10,1285.8999999999996,10,1282.1999999999998,swap,notBad
10112,10,1285.8999999999996,10,1282.1999999999998,2opt,notBad
10113,10,1285.8999999999996,10,1282.1999999999998,swap,notBad
10114,10,1285.8999999999996,10,1282.1999999999998,2opt,notBad
10115,10,1285.8999999999996,10,1282.1999999999998,2opt,notBad
10116,10,1285.8999999999996,10,1282.1999999999998,2opt,notBad
10117,10,1285.8999999999996,10,1282.1999999999998,2opt,notBad
10118,10,1285.8999999999996,10,1282.1999999999998,move,improve
10119,10,1285.8999999999996,10,1282.1999999999998,move,improve
10120,10,1285.8999999999996,10,1282.1999999999998,move,improve
10121,10,1285.8999999999996,10,1282.1999999999998,swap,notBad
10122,10,1285.8999999999996,10,1282.1999999999998,2opt,notBad
10123,10,1285.8999999999996,10,1282.1999999999998,2opt,notBad
10124,10,1285.8999999999996,10,1282.1999999999998,move,improve
10125,10,1285.8999999999996,10,1282.1999999999998,move,improve
10126,10,1285.8999999999996,10,1282.1999999999998,2opt,notBad
10127,10,1285.8999999999996,10,1282.1999999999998,move,improve
10128,10,1285.8999999999996,10,1282.1999999999998,swap,notBad
10129,10,1285.8999999999996,10,1282.1999999999998,2opt,notBad
10130,10,1285.8999999999996,10,1282.1999999999998,2opt,notBad
10131,10,1285.8999999999996,10,1282.1999999999998,move,improve
10132,10,1285.8999999999996,10,1282.1999999999998,2opt,notBad
10133,10,1285.8999999999996,10,1282.1999999999998,move,improve
10134,10,1285.8999999999996,10,1282.1999999999998,swap,notBad
10135,10,1285.8999999999996,10,1282.1999999999998,swap,notBad
10136,10,1285.8999999999996,10,1282.1999999999998,2opt,notBad
10137,10,1285.8999999999996,10,1282.1999999999998,swap,notBad
10138,10,1285.8999999999996,10,1282.1999999999998,move,improve
10139,10,1285.8999999999996,10,1282.1999999999998,move,improve
10140,10,1285.8999999999996,10,1282.1999999999998,swap,notBad
10141,10,1285.8999999999996,10,1282.1999999999998,move,improve
10142,10,1285.8999999999996,10,1282.1999999999998,swap,notBad
10143,10,1285.8999999999996,10,1282.1999999999998,swap,notBad
10144,10,1285.8999999999996,10,1282.1999999999998,move,improve
10145,10,1285.8999999999996,10,1282.1999999999998,swap,notBad
10146,10,1285.8999999999996,10,1282.1999999999998,move,improve
10147,10,1285.8999999999996,10,1282.1999999999998,swap,notBad
10148,10,1285.8999999999996,10,1282.1999999999998,2opt,notBad
10149,10,1285.8999999999996,10,1282.1999999999998,2opt,notBad
10150,10,1285.8999999999996,10,1282.1999999999998,swap,notBad
10151,10,1285.8999999999996,10,1282.1999999999998,move,improve
10152,10,1285.8999999999996,10,1282.1999999999998,swap,notBad
10153,10,1285.8999999999996,10,1282.1999999999998,move,improve
10154,10,1285.8999999999996,10,1282.1999999999998,2opt,notBad
10155,10,1285.8999999999996,10,1282.1999999999998,swap,notBad
10156,10,1285.8999999999996,10,1282.1999999999998,2opt,notBad
10157,10,1285.8999999999996,10,1282.1999999999998,2opt,notBad
10158,10,1285.8999999999996,10,1282.1999999999998,move,improve
10159,10,1285.8999999999996,10,1282.1999999999998,swap,notBad
10160,10,1285.8999999999996,10,1282.1999999999998,swap,notBad
10161,10,1285.8999999999996,10,1282.1999999999998,2opt,notBad
10162,10,1285.8999999999996,10,1282.1999999999998,2opt,notBad
10163,10,1285.8999999999996,10,1282.1999999999998,move,improve
10164,10,1285.8999999999996,10,1282.1999999999998,swap,notBad
10165,10,1285.8999999999996,10,1282.1999999999998,2opt,notBad
10166,10,1285.8999999999996,10,1282.1999999999998,2opt,notBad
10167,10,1285.8999999999996,10,1282.1999999999998,swap,notBad
10168,10,1285.8999999999996,10,1282.1999999999998,move,improve
10169,10,1285.8999999999996,10,1282.1999999999998,move,improve
10170,10,1285.8999999999996,10,1282.1999999999998,swap,notBad
10171,10,1285.8999999999996,10,1282.1999999999998,2opt,notBad
10172,10,1285.8999999999996,10,1282.1999999999998,2opt,notBad
10173,10,1285.8999999999996,10,1282.1999999999998,2opt,notBad
10174,10,1285.8999999999996,10,1282.1999999999998,2opt,notBad
10175,10,1285.8999999999996,10,1282.1999999999998,swap,notBad
10176,10,1285.8999999999996,10,1282.1999999999998,move,improve
10177,10,1285.8999999999996,10,1282.1999999999998,move,improve
10178,10,1285.8999999999996,10,1282.1999999999998,swap,notBad
10179,10,1285.8999999999996,10,1282.1999999999998,swap,notBad
10180,10,1285.8999999999996,10,1282.1999999999998,2opt,notBad
10181,10,1285.8999999999996,10,1282.1999999999998,2opt,notBad
10182,10,1285.8999999999996,10,1282.1999999999998,swap,notBad
10183,10,1285.8999999999996,10,1282.1999999999998,move,improve
10184,10,1285.8999999999996,10,1282.1999999999998,2opt,notBad
10185,10,1285.8999999999996,10,1282.1999999999998,swap,notBad
10186,10,1285.8999999999996,10,1282.1999999999998,swap,notBad
10187,10,1285.8999999999996,10,1282.1999999999998,swap,notBad
10188,10,1285.8999999999996,10,1282.1999999999998,swap,notBad
10189,10,1285.8999999999996,10,1282.1999999999998,2opt,notBad
10190,10,1285.8999999999996,10,1282.1999999999998,swap,notBad
10191,10,1285.8999999999996,10,1282.1999999999998,2opt,notBad
10192,10,1285.8999999999996,10,1282.1999999999998,move,improve
10193,10,1285.8999999999996,10,1282.1999999999998,swap,notBad
10194,10,1285.8999999999996,10,1282.1999999999998,move,improve
10195,10,1285.8999999999996,10,1282.1999999999998,swap,notBad
10196,10,1285.8999999999996,10,1282.1999999999998,2opt,notBad
10197,10,1285.8999999999996,10,1282.1999999999998,move,improve
10198,10,1285.8999999999996,10,1282.1999999999998,2opt,notBad
10199,10,1285.8999999999996,10,1282.1999999999998,2opt,notBad
10200,10,1285.8999999999996,10,1282.1999999999998,move,improve
10201,10,1285.8999999999996,10,1282.1999999999998,move,improve
10202,10,1285.8999999999996,10,1282.1999999999998,swap,notBad
10203,10,1285.8999999999996,10,1282.1999999999998,swap,notBad
10204,10,1285.8999999999996,10,1282.1999999999998,2opt,notBad
10205,10,1285.8999999999996,10,1282.1999999999998,swap,notBad
10206,10,1285.8999999999996,10,1282.1999999999998,swap,notBad
10207,10,1285.8999999999996,10,1282.1999999999998,2opt,notBad
10208,10,1285.8999999999996,10,1282.1999999999998,2opt,notBad
10209,10,1285.8999999999996,10,1282.1999999999998,2opt,notBad
10210,10,1285.8999999999996,10,1282.1999999999998,2opt,notBad
10211,10,1285.8999999999996,10,1282.1999999999998,swap,notBad
10212,10,1285.8999999999996,10,1282.1999999999998,swap,notBad
10213,10,1285.8999999999996,10,1282.1999999999998,2opt,notBad
10214,10,1285.8999999999996,10,1282.1999999999998,2opt,notBad
10215,10,1285.8999999999996,10,1282.1999999999998,2opt,notBad
10216,10,1285.8999999999996,10,1282.1999999999998,move,improve
10217,10,1285.8999999999996,10,1282.1999999999998,2opt,notBad
10218,10,1285.8999999999996,10,1282.1999999999998,swap,notBad
10219,10,1285.8999999999996,10,1282.1999999999998,move,improve
10220,10,1285.8999999999996,10,1282.1999999999998,2opt,notBad
10221,10,1285.8999999999996,10,1282.1999999999998,swap,notBad
10222,10,1285.8999999999996,10,1282.1999999999998,swap,notBad
10223,10,1285.8999999999996,10,1282.1999999999998,move,improve
10224,10,1285.8999999999996,10,1282.1999999999998,move,improve
10225,10,1285.8999999999996,10,1282.1999999999998,2opt,notBad
10226,10,1285.8999999999996,10,1282.1999999999998,move,improve
10227,10,1285.8999999999996,10,1282.1999999999998,move,improve
10228,10,1285.8999999999996,10,1282.1999999999998,swap,notBad
10229,10,1285.8999999999996,10,1282.1999999999998,move,improve
10230,10,1285.8999999999996,10,1282.1999999999998,swap,notBad
10231,10,1285.8999999999996,10,1282.1999999999998,move,improve
10232,10,1285.8999999999996,10,1282.1999999999998,2opt,notBad
10233,10,1285.8999999999996,10,1282.1999999999998,2opt,notBad
10234,10,1285.8999999999996,10,1282.1999999999998,move,improve
10235,10,1285.8999999999996,10,1282.1999999999998,2opt,notBad
10236,10,1285.8999999999996,10,1282.1999999999998,swap,notBad
10237,10,1285.8999999999996,10,1282.1999999999998,swap,notBad
10238,10,1285.8999999999996,10,1282.1999999999998,swap,notBad
10239,10,1285.8999999999996,10,1282.1999999999998,move,improve
10240,10,1285.8999999999996,10,1282.1999999999998,2opt,notBad
10241,10,1285.8999999999996,10,1282.1999999999998,move,improve
10242,10,1285.8999999999996,10,1282.1999999999998,swap,notBad
10243,10,1285.8999999999996,10,1282.1999999999998,2opt,notBad
10244,10,1285.8999999999996,10,1282.1999999999998,swap,notBad
10245,10,1285.8999999999996,10,1282.1999999999998,swap,notBad
10246,10,1285.8999999999996,10,1282.1999999999998,2opt,notBad
10247,10,1285.8999999999996,10,1282.1999999999998,move,improve
10248,10,1285.8999999999996,10,1282.1999999999998,swap,notBad
10249,10,1285.8999999999996,10,1282.1999999999998,2opt,notBad
10250,10,1285.8999999999996,10,1282.1999999999998,swap,notBad
10251,10,1285.8999999999996,10,1282.1999999999998,swap,notBad
10252,10,1285.8999999999996,10,1282.1999999999998,swap,notBad
10253,10,1285.8999999999996,10,1282.1999999999998,swap,notBad
10254,10,1285.8999999999996,10,1282.1999999999998,move,improve
10255,10,1285.8999999999996,10,1282.1999999999998,swap,notBad
10256,10,1285.8999999999996,10,1282.1999999999998,move,improve
10257,10,1285.8999999999996,10,1282.1999999999998,move,improve
10258,10,1285.8999999999996,10,1282.1999999999998,2opt,improve
10259,10,1285.8999999999996,10,1282.1999999999998,swap,notBad
10260,10,1285.8999999999996,10,1282.1999999999998,swap,notBad
10261,10,1285.8999999999996,10,1282.1999999999998,swap,notBad
10262,10,1285.8999999999996,10,1282.1999999999998,move,improve
10263,10,1285.8999999999996,10,1282.1999999999998,move,improve
10264,10,1285.8999999999996,10,1282.1999999999998,move,improve
10265,10,1285.8999999999996,10,1282.1999999999998,swap,notBad
10266,10,1285.8999999999996,10,1282.1999999999998,move,improve
10267,10,1285.8999999999996,10,1282.1999999999998,2opt,notBad
10268,10,1285.8999999999996,10,1282.1999999999998,swap,notBad
10269,10,1285.8999999999996,10,1282.1999999999998,swap,notBad
10270,10,1285.8999999999996,10,1282.1999999999998,2opt,notBad
10271,10,1285.8999999999996,10,1282.1999999999998,swap,notBad
10272,10,1285.8999999999996,10,1282.1999999999998,move,improve
10273,10,1285.8999999999996,10,1282.1999999999998,swap,notBad
10274,10,1285.8999999999996,10,1282.1999999999998,swap,notBad
10275,10,1285.8999999999996,10,1282.1999999999998,swap,notBad
10276,10,1285.8999999999996,10,1282.1999999999998,swap,notBad
10277,10,1285.8999999999996,10,1282.1999999999998,move,improve
10278,10,1285.8999999999996,10,1282.1999999999998,move,improve
10279,10,1285.8999999999996,10,1282.1999999999998,2opt,notBad
10280,10,1285.8999999999996,10,1282.1999999999998,swap,notBad
10281,10,1285.8999999999996,10,1282.1999999999998,2opt,notBad
10282,10,1285.8999999999996,10,1282.1999999999998,2opt,notBad
10283,10,1285.8999999999996,10,1282.1999999999998,move,improve
10284,10,1285.8999999999996,10,1282.1999999999998,move,improve
10285,10,1285.8999999999996,10,1282.1999999999998,move,improve
10286,10,1285.8999999999996,10,1282.1999999999998,move,improve
10287,10,1285.8999999999996,10,1282.1999999999998,swap,notBad
10288,10,1285.8999999999996,10,1282.1999999999998,move,improve
10289,10,1285.8999999999996,10,1282.1999999999998,2opt,notBad
10290,10,1285.8999999999996,10,1282.1999999999998,2opt,notBad
10291,10,1285.8999999999996,10,1282.1999999999998,2opt,notBad
10292,10,1285.8999999999996,10,1282.1999999999998,swap,notBad
10293,10,1285.8999999999996,10,1282.1999999999998,move,improve
10294,10,1285.8999999999996,10,1282.1999999999998,swap,notBad
10295,10,1285.8999999999996,10,1282.1999999999998,swap,notBad
10296,10,1285.8999999999996,10,1282.1999999999998,swap,notBad
10297,10,1285.8999999999996,10,1282.1999999999998,move,improve
10298,10,1285.8999999999996,10,1282.1999999999998,swap,notBad
10299,10,1285.8999999999996,10,1282.1999999999998,2opt,improve
10300,10,1285.8999999999996,10,1282.1999999999998,swap,notBad
10301,10,1285.8999999999996,10,1282.1999999999998,swap,notBad
10302,10,1285.8999999999996,10,1282.1999999999998,move,improve
10303,10,1285.8999999999996,10,1282.1999999999998,2opt,notBad
10304,10,1285.8999999999996,10,1282.1999999999998,swap,notBad
10305,10,1285.8999999999996,10,1282.1999999999998,swap,notBad
10306,10,1285.8999999999996,10,1282.1999999999998,move,improve
10307,10,1285.8999999999996,10,1282.1999999999998,2opt,notBad
10308,10,1285.8999999999996,10,1282.1999999999998,move,improve
10309,10,1285.8999999999996,10,1282.1999999999998,2opt,notBad
10310,10,1285.8999999999996,10,1282.1999999999998,2opt,notBad
10311,10,1285.8999999999996,10,1282.1999999999998,move,improve
10312,10,1285.8999999999996,10,1282.1999999999998,2opt,notBad
10313,10,1285.8999999999996,10,1282.1999999999998,swap,notBad
10314,10,1285.8999999999996,10,1282.1999999999998,swap,notBad
10315,10,1285.8999999999996,10,1282.1999999999998,2opt,notBad
10316,10,1285.8999999999996,10,1282.1999999999998,swap,notBad
10317,10,1285.8999999999996,10,1282.1999999999998,2opt,notBad
10318,10,1285.8999999999996,10,1282.1999999999998,move,improve
10319,10,1285.8999999999996,10,1282.1999999999998,2opt,notBad
10320,10,1285.8999999999996,10,1282.1999999999998,move,improve
10321,10,1285.8999999999996,10,1282.1999999999998,move,improve
10322,10,1285.8999999999996,10,1282.1999999999998,swap,notBad
10323,10,1285.8999999999996,10,1282.1999999999998,move,improve
10324,10,1285.8999999999996,10,1282.1999999999998,2opt,improve
10325,10,1285.8999999999996,10,1282.1999999999998,2opt,notBad
10326,10,1285.8999999999996,10,1282.1999999999998,swap,notBad
10327,10,1285.8999999999996,10,1282.1999999999998,2opt,notBad
10328,10,1285.8999999999996,10,1282.1999999999998,swap,notBad
10329,10,1285.8999999999996,10,1282.1999999999998,move,improve
10330,10,1287.5999999999997,10,1282.1999999999998,swap,acceptBad
10331,10,1287.5999999999997,10,1282.1999999999998,move,improve
10332,10,1287.5999999999997,10,1282.1999999999998,move,improve
10333,10,1287.5999999999997,10,1282.1999999999998,swap,notBad
10334,10,1287.5999999999997,10,1282.1999999999998,2opt,notBad
10335,10,1287.5999999999997,10,1282.1999999999998,2opt,notBad
10336,10,1287.5999999999997,10,1282.1999999999998,2opt,notBad
10337,10,1287.5999999999997,10,1282.1999999999998,2opt,notBad
10338,10,1287.5999999999997,10,1282.1999999999998,swap,notBad
10339,10,1287.5999999999997,10,1282.1999999999998,2opt,notBad
10340,10,1287.5999999999997,10,1282.1999999999998,move,improve
10341,10,1287.5999999999997,10,1282.1999999999998,2opt,notBad
10342,10,1287.5999999999997,10,1282.1999999999998,swap,notBad
10343,10,1287.5999999999997,10,1282.1999999999998,move,improve
10344,10,1287.5999999999997,10,1282.1999999999998,move,improve
10345,10,1287.5999999999997,10,1282.1999999999998,2opt,notBad
10346,10,1287.5999999999997,10,1282.1999999999998,2opt,notBad
10347,10,1287.5999999999997,10,1282.1999999999998,move,improve
10348,10,1287.5999999999997,10,1282.1999999999998,move,improve
10349,10,1287.5999999999997,10,1282.1999999999998,swap,notBad
10350,10,1287.5999999999997,10,1282.1999999999998,move,improve
10351,10,1287.5999999999997,10,1282.1999999999998,move,improve
10352,10,1287.5999999999997,10,1282.1999999999998,swap,notBad
10353,10,1287.5999999999997,10,1282.1999999999998,move,improve
10354,10,1287.5999999999997,10,1282.1999999999998,move,improve
10355,10,1287.5999999999997,10,1282.1999999999998,swap,notBad
10356,10,1287.5999999999997,10,1282.1999999999998,2opt,notBad
10357,10,1287.5999999999997,10,1282.1999999999998,move,improve
10358,10,1287.5999999999997,10,1282.1999999999998,2opt,notBad
10359,10,1287.5999999999997,10,1282.1999999999998,move,improve
10360,10,1287.5999999999997,10,1282.1999999999998,2opt,notBad
10361,10,1287.5999999999997,10,1282.1999999999998,2opt,notBad
10362,10,1287.5999999999997,10,1282.1999999999998,swap,notBad
10363,10,1287.5999999999997,10,1282.1999999999998,move,improve
10364,10,1287.5999999999997,10,1282.1999999999998,move,improve
10365,10,1287.5999999999997,10,1282.1999999999998,move,improve
10366,10,1287.5999999999997,10,1282.1999999999998,move,improve
10367,10,1287.5999999999997,10,1282.1999999999998,2opt,notBad
10368,10,1287.5999999999997,10,1282.1999999999998,2opt,notBad
10369,10,1287.5999999999997,10,1282.1999999999998,move,improve
10370,10,1287.5999999999997,10,1282.1999999999998,move,improve
10371,10,1288.3999999999999,10,1282.1999999999998,swap,acceptBad
10372,10,1288.3999999999999,10,1282.1999999999998,2opt,notBad
10373,10,1288.3999999999999,10,1282.1999999999998,move,improve
10374,10,1288.3999999999999,10,1282.1999999999998,move,improve
10375,10,1288.3999999999999,10,1282.1999999999998,2opt,notBad
10376,10,1288.3999999999999,10,1282.1999999999998,swap,notBad
10377,10,1288.3999999999999,10,1282.1999999999998,swap,notBad
10378,10,1288.3999999999999,10,1282.1999999999998,2opt,notBad
10379,10,1288.3999999999999,10,1282.1999999999998,move,improve
10380,10,1288.3999999999999,10,1282.1999999999998,2opt,notBad
10381,10,1288.3999999999999,10,1282.1999999999998,2opt,notBad
10382,10,1288.3999999999999,10,1282.1999999999998,2opt,notBad
10383,10,1288.3999999999999,10,1282.1999999999998,move,improve
10384,10,1288.3999999999999,10,1282.1999999999998,move,improve
10385,10,1288.3999999999999,10,1282.1999999999998,move,improve
10386,10,1288.3999999999999,10,1282.1999999999998,swap,notBad
10387,10,1288.3999999999999,10,1282.1999999999998,swap,notBad
10388,10,1288.3999999999999,10,1282.1999999999998,swap,notBad
10389,10,1288.3999999999999,10,1282.1999999999998,move,improve
10390,10,1288.3999999999999,10,1282.1999999999998,swap,notBad
10391,10,1288.3999999999999,10,1282.1999999999998,2opt,notBad
10392,10,1288.3999999999999,10,1282.1999999999998,swap,notBad
10393,10,1288.3999999999999,10,1282.1999999999998,2opt,notBad
10394,10,1288.3999999999999,10,1282.1999999999998,2opt,notBad
10395,10,1288.3999999999999,10,1282.1999999999998,move,improve
10396,10,1288.3999999999999,10,1282.1999999999998,move,improve
10397,10,1288.3999999999999,10,1282.1999999999998,2opt,notBad
10398,10,1288.3999999999999,10,1282.1999999999998,swap,notBad
10399,10,1288.3999999999999,10,1282.1999999999998,2opt,notBad
10400,10,1288.3999999999999,10,1282.1999999999998,swap,notBad
10401,10,1288.3999999999999,10,1282.1999999999998,2opt,notBad
10402,10,1288.3999999999999,10,1282.1999999999998,swap,notBad
10403,10,1288.3999999999999,10,1282.1999999999998,swap,notBad
10404,10,1288.3999999999999,10,1282.1999999999998,move,improve
10405,10,1288.3999999999999,10,1282.1999999999998,move,improve
10406,10,1288.3999999999999,10,1282.1999999999998,2opt,notBad
10407,10,1288.3999999999999,10,1282.1999999999998,swap,notBad
10408,10,1288.3999999999999,10,1282.1999999999998,2opt,notBad
10409,10,1288.3999999999999,10,1282.1999999999998,2opt,notBad
10410,10,1288.3999999999999,10,1282.1999999999998,2opt,notBad
10411,10,1288.3999999999999,10,1282.1999999999998,move,improve
10412,10,1288.3999999999999,10,1282.1999999999998,2opt,notBad
10413,10,1288.3999999999999,10,1282.1999999999998,swap,notBad
10414,10,1288.3999999999999,10,1282.1999999999998,move,improve
10415,10,1288.3999999999999,10,1282.1999999999998,move,improve
10416,10,1288.3999999999999,10,1282.1999999999998,swap,notBad
10417,10,1288.3999999999999,10,1282.1999999999998,move,improve
10418,10,1288.3999999999999,10,1282.1999999999998,2opt,notBad
10419,10,1288.3999999999999,10,1282.1999999999998,swap,notBad
10420,10,1288.3999999999999,10,1282.1999999999998,2opt,improve
10421,10,1288.3999999999999,10,1282.1999999999998,swap,notBad
10422,10,1288.3999999999999,10,1282.1999999999998,swap,notBad
10423,10,1288.3999999999999,10,1282.1999999999998,2opt,notBad
10424,10,1288.3999999999999,10,1282.1999999999998,2opt,notBad
10425,10,1288.3999999999999,10,1282.1999999999998,move,improve
10426,10,1288.3999999999999,10,1282.1999999999998,move,improve
10427,10,1288.3999999999999,10,1282.1999999999998,2opt,notBad
10428,10,1288.3999999999999,10,1282.1999999999998,swap,notBad
10429,10,1288.3999999999999,10,1282.1999999999998,2opt,notBad
10430,10,1288.3999999999999,10,1282.1999999999998,2opt,notBad
10431,10,1288.3999999999999,10,1282.1999999999998,swap,notBad
10432,10,1288.3999999999999,10,1282.1999999999998,2opt,notBad
10433,10,1288.3999999999999,10,1282.1999999999998,2opt,notBad
10434,10,1288.3999999999999,10,1282.1999999999998,swap,notBad
10435,10,1288.3999999999999,10,1282.1999999999998,move,improve
10436,10,1288.3999999999999,10,1282.1999999999998,move,improve
10437,10,1288.3999999999999,10,1282.1999999999998,2opt,notBad
10438,10,1288.3999999999999,10,1282.1999999999998,2opt,notBad
10439,10,1288.3999999999999,10,1282.1999999999998,2opt,notBad
10440,10,1288.3999999999999,10,1282.1999999999998,2opt,notBad
10441,10,1288.3999999999999,10,1282.1999999999998,move,improve
10442,10,1288.3999999999999,10,1282.1999999999998,move,improve
10443,10,1288.3999999999999,10,1282.1999999999998,2opt,notBad
10444,10,1288.3999999999999,10,1282.1999999999998,2opt,notBad
10445,10,1288.3999999999999,10,1282.1999999999998,2opt,notBad
10446,10,1288.3999999999999,10,1282.1999999999998,2opt,improve
10447,10,1288.3999999999999,10,1282.1999999999998,swap,notBad
10448,10,1288.3999999999999,10,1282.1999999999998,move,improve
10449,10,1288.3999999999999,10,1282.1999999999998,2opt,improve
10450,10,1288.3999999999999,10,1282.1999999999998,2opt,notBad
10451,10,1288.3999999999999,10,1282.1999999999998,swap,notBad
10452,10,1288.3999999999999,10,1282.1999999999998,move,improve
10453,10,1288.3999999999999,10,1282.1999999999998,swap,notBad
10454,10,1288.3999999999999,10,1282.1999999999998,move,improve
10455,10,1288.3999999999999,10,1282.1999999999998,move,improve
10456,10,1288.3999999999999,10,1282.1999999999998,2opt,improve
10457,10,1288.3999999999999,10,1282.1999999999998,2opt,notBad
10458,10,1288.3999999999999,10,1282.1999999999998,move,improve
10459,10,1288.3999999999999,10,1282.1999999999998,move,improve
10460,10,1288.3999999999999,10,1282.1999999999998,move,improve
10461,10,1288.3999999999999,10,1282.1999999999998,swap,notBad
10462,10,1288.3999999999999,10,1282.1999999999998,2opt,notBad
10463,10,1288.3999999999999,10,1282.1999999999998,2opt,notBad
10464,10,1288.3999999999999,10,1282.1999999999998,2opt,notBad
10465,10,1288.3999999999999,10,1282.1999999999998,move,improve
10466,10,1288.3999999999999,10,1282.1999999999998,swap,notBad
10467,10,1288.3999999999999,10,1282.1999999999998,2opt,notBad
10468,10,1288.3999999999999,10,1282.1999999999998,move,improve
10469,10,1288.3999999999999,10,1282.1999999999998,move,improve
10470,10,1288.3999999999999,10,1282.1999999999998,swap,notBad
10471,10,1288.3999999999999,10,1282.1999999999998,2opt,notBad
10472,10,1288.3999999999999,10,1282.1999999999998,2opt,notBad
10473,10,1288.3999999999999,10,1282.1999999999998,swap,notBad
10474,10,1288.3999999999999,10,1282.1999999999998,swap,notBad
10475,10,1288.3999999999999,10,1282.1999999999998,2opt,notBad
10476,10,1288.3999999999999,10,1282.1999999999998,swap,notBad
10477,10,1288.3999999999999,10,1282.1999999999998,swap,notBad
10478,10,1288.3999999999999,10,1282.1999999999998,swap,notBad
10479,10,1288.3999999999999,10,1282.1999999999998,move,improve
10480,10,1288.3999999999999,10,1282.1999999999998,2opt,notBad
10481,10,1288.3999999999999,10,1282.1999999999998,move,improve
10482,10,1288.3999999999999,10,1282.1999999999998,2opt,notBad
10483,10,1288.3999999999999,10,1282.1999999999998,2opt,notBad
10484,10,1288.3999999999999,10,1282.1999999999998,swap,notBad
10485,10,1288.3999999999999,10,1282.1999999999998,move,improve
10486,10,1288.3999999999999,10,1282.1999999999998,move,improve
10487,10,1288.3999999999999,10,1282.1999999999998,2opt,notBad
10488,10,1288.3999999999999,10,1282.1999999999998,move,improve
10489,10,1288.3999999999999,10,1282.1999999999998,2opt,notBad
10490,10,1288.3999999999999,10,1282.1999999999998,move,improve
10491,10,1288.3999999999999,10,1282.1999999999998,swap,notBad
10492,10,1288.3999999999999,10,1282.1999999999998,move,improve
10493,10,1288.3999999999999,10,1282.1999999999998,swap,notBad
10494,10,1288.3999999999999,10,1282.1999999999998,2opt,notBad
10495,10,1288.3999999999999,10,1282.1999999999998,move,improve
10496,10,1288.3999999999999,10,1282.1999999999998,move,improve
10497,10,1288.3999999999999,10,1282.1999999999998,swap,notBad
10498,10,1288.3999999999999,10,1282.1999999999998,2opt,notBad
10499,10,1288.3999999999999,10,1282.1999999999998,2opt,notBad
10500,10,1288.3999999999999,10,1282.1999999999998,2opt,improve
10501,10,1288.3999999999999,10,1282.1999999999998,move,improve
10502,10,1288.3999999999999,10,1282.1999999999998,move,improve
10503,10,1288.3999999999999,10,1282.1999999999998,2opt,notBad
10504,10,1288.3999999999999,10,1282.1999999999998,2opt,notBad
10505,10,1288.3999999999999,10,1282.1999999999998,swap,notBad
10506,10,1288.3999999999999,10,1282.1999999999998,swap,notBad
10507,10,1288.3999999999999,10,1282.1999999999998,move,improve
10508,10,1288.3999999999999,10,1282.1999999999998,swap,notBad
10509,10,1288.3999999999999,10,1282.1999999999998,2opt,notBad
10510,10,1288.3999999999999,10,1282.1999999999998,2opt,notBad
10511,10,1288.3999999999999,10,1282.1999999999998,2opt,notBad
10512,10,1288.3999999999999,10,1282.1999999999998,2opt,notBad
10513,10,1288.3999999999999,10,1282.1999999999998,move,improve
10514,10,1288.3999999999999,10,1282.1999999999998,2opt,notBad
10515,10,1288.3999999999999,10,1282.1999999999998,move,improve
10516,10,1288.3999999999999,10,1282.1999999999998,swap,notBad
10517,10,1288.3999999999999,10,1282.1999999999998,move,improve
10518,10,1288.3999999999999,10,1282.1999999999998,swap,notBad
10519,10,1288.3999999999999,10,1282.1999999999998,move,improve
10520,10,1288.3999999999999,10,1282.1999999999998,2opt,notBad
10521,10,1288.3999999999999,10,1282.1999999999998,2opt,notBad
10522,10,1288.3999999999999,10,1282.1999999999998,swap,notBad
10523,10,1288.3999999999999,10,1282.1999999999998,move,improve
10524,10,1288.3999999999999,10,1282.1999999999998,swap,notBad
10525,10,1288.3999999999999,10,1282.1999999999998,2opt,improve
10526,10,1288.3999999999999,10,1282.1999999999998,2opt,notBad
10527,10,1288.3999999999999,10,1282.1999999999998,move,improve
10528,10,1288.3999999999999,10,1282.1999999999998,swap,notBad
10529,10,1288.3999999999999,10,1282.1999999999998,swap,notBad
10530,10,1288.3999999999999,10,1282.1999999999998,swap,notBad
10531,10,1288.3999999999999,10,1282.1999999999998,move,improve
10532,10,1288.3999999999999,10,1282.1999999999998,move,improve
10533,10,1288.3999999999999,10,1282.1999999999998,2opt,notBad
10534,10,1288.3999999999999,10,1282.1999999999998,move,improve
10535,10,1288.3999999999999,10,1282.1999999999998,move,improve
10536,10,1288.3999999999999,10,1282.1999999999998,2opt,notBad
10537,10,1288.3999999999999,10,1282.1999999999998,swap,notBad
10538,10,1288.3999999999999,10,1282.1999999999998,move,improve
10539,10,1288.3999999999999,10,1282.1999999999998,swap,notBad
10540,10,1288.3999999999999,10,1282.1999999999998,swap,notBad
10541,10,1288.3999999999999,10,1282.1999999999998,2opt,notBad
10542,10,1288.3999999999999,10,1282.1999999999998,move,improve
10543,10,1288.3999999999999,10,1282.1999999999998,move,improve
10544,10,1288.3999999999999,10,1282.1999999999998,swap,notBad
10545,10,1288.3999999999999,10,1282.1999999999998,move,improve
10546,10,1288.3999999999999,10,1282.1999999999998,swap,notBad
10547,10,1288.3999999999999,10,1282.1999999999998,move,improve
10548,10,1288.3999999999999,10,1282.1999999999998,move,improve
10549,10,1288.3999999999999,10,1282.1999999999998,swap,notBad
10550,10,1288.3999999999999,10,1282.1999999999998,swap,notBad
10551,10,1288.3999999999999,10,1282.1999999999998,2opt,notBad
10552,10,1288.3999999999999,10,1282.1999999999998,move,improve
10553,10,1288.3999999999999,10,1282.1999999999998,move,improve
10554,10,1288.3999999999999,10,1282.1999999999998,move,improve
10555,10,1288.3999999999999,10,1282.1999999999998,2opt,notBad
10556,10,1288.3999999999999,10,1282.1999999999998,move,improve
10557,10,1288.3999999999999,10,1282.1999999999998,2opt,notBad
10558,10,1288.3999999999999,10,1282.1999999999998,move,improve
10559,10,1288.3999999999999,10,1282.1999999999998,move,improve
10560,10,1288.3999999999999,10,1282.1999999999998,move,improve
10561,10,1288.3999999999999,10,1282.1999999999998,swap,notBad
10562,10,1287.8999999999999,10,1282.1999999999998,move,improve
10563,10,1287.8999999999999,10,1282.1999999999998,2opt,notBad
10564,10,1287.8999999999999,10,1282.1999999999998,move,improve
10565,10,1287.8999999999999,10,1282.1999999999998,2opt,notBad
10566,10,1287.8999999999999,10,1282.1999999999998,2opt,notBad
10567,10,1287.8999999999999,10,1282.1999999999998,swap,notBad
10568,10,1287.8999999999999,10,1282.1999999999998,2opt,notBad
10569,10,1287.8999999999999,10,1282.1999999999998,move,improve
10570,10,1287.8999999999999,10,1282.1999999999998,move,improve
10571,10,1287.8999999999999,10,1282.1999999999998,2opt,notBad
10572,10,1287.8999999999999,10,1282.1999999999998,swap,notBad
10573,10,1287.8999999999999,10,1282.1999999999998,swap,notBad
10574,10,1287.8999999999999,10,1282.1999999999998,2opt,notBad
10575,10,1287.8999999999999,10,1282.1999999999998,swap,notBad
10576,10,1287.8999999999999,10,1282.1999999999998,2opt,notBad
10577,10,1289.2,10,1282.1999999999998,swap,acceptBad
10578,10,1289.2,10,1282.1999999999998,2opt,notBad
10579,10,1289.2,10,1282.1999999999998,swap,notBad
10580,10,1289.2,10,1282.1999999999998,swap,notBad
10581,10,1289.2,10,1282.1999999999998,move,improve
10582,10,1289.2,10,1282.1999999999998,move,improve
10583,10,1289.2,10,1282.1999999999998,move,improve
10584,10,1289.2,10,1282.1999999999998,swap,notBad
10585,10,1289.2,10,1282.1999999999998,swap,notBad
10586,10,1268.4,10,1268.4,2opt,newBest
10587,10,1268.4,10,1268.4,2opt,notBad
10588,10,1268.4,10,1268.4,swap,notBad
10589,10,1268.4,10,1268.4,swap,notBad
10590,10,1268.4,10,1268.4,2opt,notBad
10591,10,1268.4,10,1268.4,swap,notBad
10592,10,1268.4,10,1268.4,move,improve
10593,10,1268.4,10,1268.4,swap,notBad
10594,10,1268.4,10,1268.4,2opt,notBad
10595,10,1268.4,10,1268.4,2opt,notBad
10596,10,1268.4,10,1268.4,swap,notBad
10597,10,1268.4,10,1268.4,move,improve
10598,10,1268.4,10,1268.4,2opt,improve
10599,10,1268.4,10,1268.4,2opt,improve
10600,10,1268.4,10,1268.4,move,improve
10601,10,1268.4,10,1268.4,2opt,notBad
10602,10,1268.4,10,1268.4,2opt,notBad
10603,10,1268.4,10,1268.4,2opt,notBad
10604,10,1268.4,10,1268.4,move,improve
10605,10,1268.4,10,1268.4,swap,notBad
10606,10,1268.4,10,1268.4,2opt,improve
10607,10,1268.4,10,1268.4,move,improve
10608,10,1268.4,10,1268.4,2opt,improve
10609,10,1268.4,10,1268.4,2opt,notBad
10610,10,1268.4,10,1268.4,swap,notBad
10611,10,1268.4,10,1268.4,2opt,notBad
10612,10,1268.4,10,1268.4,move,improve
10613,10,1268.4,10,1268.4,swap,notBad
10614,10,1268.4,10,1268.4,swap,notBad
10615,10,1268.4,10,1268.4,2opt,notBad
10616,10,1268.4,10,1268.4,swap,notBad
10617,10,1268.4,10,1268.4,2opt,notBad
10618,10,1268.4,10,1268.4,move,improve
10619,10,1268.4,10,1268.4,2opt,notBad
10620,10,1268.4,10,1268.4,2opt,notBad
10621,10,1268.4,10,1268.4,2opt,notBad
10622,10,1268.4,10,1268.4,2opt,notBad
10623,10,1268.4,10,1268.4,move,improve
10624,10,1268.4,10,1268.4,move,improve
10625,10,1268.4,10,1268.4,move,improve
10626,10,1268.4,10,1268.4,swap,notBad
10627,10,1268.4,10,1268.4,move,improve
10628,10,1268.4,10,1268.4,move,improve
10629,10,1268.4,10,1268.4,swap,notBad
10630,10,1268.4,10,1268.4,swap,notBad
10631,10,1268.4,10,1268.4,2opt,notBad
10632,10,1269.3000000000002,10,1268.4,swap,acceptBad
10633,10,1269.3000000000002,10,1268.4,2opt,notBad
10634,10,1269.3000000000002,10,1268.4,2opt,notBad
10635,10,1269.3000000000002,10,1268.4,move,improve
10636,10,1269.3000000000002,10,1268.4,move,improve
10637,10,1269.3000000000002,10,1268.4,2opt,notBad
10638,10,1269.3000000000002,10,1268.4,swap,notBad
10639,10,1269.3000000000002,10,1268.4,swap,notBad
10640,10,1269.3000000000002,10,1268.4,swap,notBad
10641,10,1269.3000000000002,10,1268.4,swap,notBad
10642,10,1269.3000000000002,10,1268.4,2opt,notBad
10643,10,1269.3000000000002,10,1268.4,swap,notBad
10644,10,1269.3000000000002,10,1268.4,move,improve
10645,10,1269.3000000000002,10,1268.4,2opt,notBad
10646,10,1269.3000000000002,10,1268.4,move,improve
10647,10,1269.3000000000002,10,1268.4,move,improve
10648,10,1269.3000000000002,10,1268.4,swap,notBad
10649,10,1269.3000000000002,10,1268.4,swap,notBad
10650,10,1269.3000000000002,10,1268.4,swap,notBad
10651,10,1269.3000000000002,10,1268.4,move,improve
10652,10,1269.3000000000002,10,1268.4,2opt,notBad
10653,10,1269.3000000000002,10,1268.4,2opt,notBad
10654,10,1269.3000000000002,10,1268.4,swap,notBad
10655,10,1269.3000000000002,10,1268.4,move,improve
10656,10,1269.3000000000002,10,1268.4,swap,notBad
10657,10,1269.3000000000002,10,1268.4,move,improve
10658,10,1269.3000000000002,10,1268.4,2opt,notBad
10659,10,1269.3000000000002,10,1268.4,swap,notBad
10660,10,1269.3000000000002,10,1268.4,swap,notBad
10661,10,1269.3000000000002,10,1268.4,swap,notBad
10662,10,1269.3000000000002,10,1268.4,move,improve
10663,10,1269.3000000000002,10,1268.4,move,improve
10664,10,1269.3000000000002,10,1268.4,swap,notBad
10665,10,1269.3000000000002,10,1268.4,move,improve
10666,10,1269.3000000000002,10,1268.4,swap,notBad
10667,10,1269.3000000000002,10,1268.4,move,improve
10668,10,1269.3000000000002,10,1268.4,move,improve
10669,10,1268.4,10,1268.4,swap,improve
10670,10,1268.4,10,1268.4,swap,notBad
10671,10,1268.4,10,1268.4,move,improve
10672,10,1266.9000000000003,10,1266.9000000000003,move,newBest
10673,10,1266.9000000000003,10,1266.9000000000003,swap,notBad
10674,10,1266.9000000000003,10,1266.9000000000003,move,improve
10675,10,1266.9000000000003,10,1266.9000000000003,swap,notBad
10676,10,1266.9000000000003,10,1266.9000000000003,2opt,notBad
10677,10,1266.9000000000003,10,1266.9000000000003,swap,notBad
10678,10,1266.9000000000003,10,1266.9000000000003,move,improve
10679,10,1266.9000000000003,10,1266.9000000000003,2opt,notBad
10680,10,1266.9000000000003,10,1266.9000000000003,move,improve
10681,10,1266.9000000000003,10,1266.9000000000003,swap,notBad
10682,10,1266.9000000000003,10,1266.9000000000003,swap,notBad
10683,10,1266.9000000000003,10,1266.9000000000003,move,improve
10684,10,1266.9000000000003,10,1266.9000000000003,2opt,notBad
10685,10,1266.9000000000003,10,1266.9000000000003,2opt,notBad
10686,10,1262.2000000000003,10,1262.2000000000003,move,newBest
10687,10,1262.2000000000003,10,1262.2000000000003,2opt,notBad
10688,10,1262.2000000000003,10,1262.2000000000003,2opt,improve
10689,10,1262.2000000000003,10,1262.2000000000003,move,improve
10690,10,1262.2000000000003,10,1262.2000000000003,move,improve
10691,10,1262.2000000000003,10,1262.2000000000003,move,improve
10692,10,1262.2000000000003,10,1262.2000000000003,swap,notBad
10693,10,1262.2000000000003,10,1262.2000000000003,swap,notBad
10694,10,1262.2000000000003,10,1262.2000000000003,move,improve
10695,10,1262.2000000000003,10,1262.2000000000003,2opt,notBad
10696,10,1262.2000000000003,10,1262.2000000000003,move,improve
10697,10,1262.2000000000003,10,1262.2000000000003,move,improve
10698,10,1262.2000000000003,10,1262.2000000000003,move,improve
10699,10,1262.2000000000003,10,1262.2000000000003,2opt,notBad
10700,10,1262.2000000000003,10,1262.2000000000003,swap,notBad
10701,10,1262.2000000000003,10,1262.2000000000003,swap,notBad
10702,10,1262.2000000000003,10,1262.2000000000003,swap,notBad
10703,10,1262.2000000000003,10,1262.2000000000003,move,improve
10704,10,1262.2000000000003,10,1262.2000000000003,move,improve
10705,10,1262.2000000000003,10,1262.2000000000003,2opt,notBad
10706,10,1262.2000000000003,10,1262.2000000000003,2opt,notBad
10707,10,1262.2000000000003,10,1262.2000000000003,swap,notBad
10708,10,1262.2000000000003,10,1262.2000000000003,swap,notBad
10709,10,1262.2000000000003,10,1262.2000000000003,2opt,notBad
10710,10,1262.2000000000003,10,1262.2000000000003,2opt,notBad
10711,10,1262.2000000000003,10,1262.2000000000003,swap,notBad
10712,10,1262.2000000000003,10,1262.2000000000003,2opt,notBad
10713,10,1262.2000000000003,10,1262.2000000000003,2opt,improve
10714,10,1262.2000000000003,10,1262.2000000000003,swap,notBad
10715,10,1262.2000000000003,10,1262.2000000000003,2opt,notBad
10716,10,1262.2000000000003,10,1262.2000000000003,2opt,notBad
10717,10,1262.2000000000003,10,1262.2000000000003,move,improve
10718,10,1262.2000000000003,10,1262.2000000000003,move,improve
10719,10,1262.2000000000003,10,1262.2000000000003,move,improve
10720,10,1262.2000000000003,10,1262.2000000000003,swap,notBad
10721,10,1262.2000000000003,10,1262.2000000000003,2opt,notBad
10722,10,1262.2000000000003,10,1262.2000000000003,move,improve
10723,10,1262.2000000000003,10,1262.2000000000003,2opt,notBad
10724,10,1262.2000000000003,10,1262.2000000000003,swap,notBad
10725,10,1262.2000000000003,10,1262.2000000000003,2opt,notBad
10726,10,1262.2000000000003,10,1262.2000000000003,move,improve
10727,10,1262.2000000000003,10,1262.2000000000003,2opt,notBad
10728,10,1262.2000000000003,10,1262.2000000000003,swap,notBad
10729,10,1262.2000000000003,10,1262.2000000000003,2opt,notBad
10730,10,1262.2000000000003,10,1262.2000000000003,swap,notBad
10731,10,1262.2000000000003,10,1262.2000000000003,swap,notBad
10732,10,1262.2000000000003,10,1262.2000000000003,2opt,notBad
10733,10,1262.2000000000003,10,1262.2000000000003,swap,notBad
10734,10,1262.2000000000003,10,1262.2000000000003,move,improve
10735,10,1262.2000000000003,10,1262.2000000000003,move,improve
10736,10,1262.2000000000003,10,1262.2000000000003,move,improve
10737,10,1262.2000000000003,10,1262.2000000000003,move,improve
10738,10,1262.2000000000003,10,1262.2000000000003,swap,notBad
10739,10,1262.2000000000003,10,1262.2000000000003,2opt,notBad
10740,10,1262.2000000000003,10,1262.2000000000003,swap,notBad
10741,10,1262.2000000000003,10,1262.2000000000003,swap,notBad
10742,10,1262.2000000000003,10,1262.2000000000003,2opt,notBad
10743,10,1262.2000000000003,10,1262.2000000000003,swap,notBad
10744,10,1262.2000000000003,10,1262.2000000000003,swap,notBad
10745,10,1262.2000000000003,10,1262.2000000000003,2opt,notBad
10746,10,1262.2000000000003,10,1262.2000000000003,move,improve
10747,10,1262.2000000000003,10,1262.2000000000003,2opt,notBad
10748,10,1262.2000000000003,10,1262.2000000000003,2opt,notBad
10749,10,1262.2000000000003,10,1262.2000000000003,swap,notBad
10750,10,1262.2000000000003,10,1262.2000000000003,move,improve
10751,10,1262.2000000000003,10,1262.2000000000003,move,improve
10752,10,1262.2000000000003,10,1262.2000000000003,move,improve
10753,10,1262.2000000000003,10,1262.2000000000003,move,improve
10754,10,1262.2000000000003,10,1262.2000000000003,swap,notBad
10755,10,1262.2000000000003,10,1262.2000000000003,swap,notBad
10756,10,1262.2000000000003,10,1262.2000000000003,move,improve
10757,10,1262.2000000000003,10,1262.2000000000003,swap,notBad
10758,10,1262.2000000000003,10,1262.2000000000003,move,improve
10759,10,1261.3000000000004,10,1261.3000000000004,move,newBest
10760,10,1261.3000000000004,10,1261.3000000000004,swap,notBad
10761,10,1261.3000000000004,10,1261.3000000000004,2opt,improve
10762,10,1261.3000000000004,10,1261.3000000000004,swap,notBad
10763,10,1261.3000000000004,10,1261.3000000000004,move,improve
10764,10,1261.3000000000004,10,1261.3000000000004,2opt,notBad
10765,10,1261.3000000000004,10,1261.3000000000004,2opt,notBad
10766,10,1261.3000000000004,10,1261.3000000000004,move,improve
10767,10,1261.3000000000004,10,1261.3000000000004,2opt,notBad
10768,10,1261.3000000000004,10,1261.3000000000004,move,improve
10769,10,1261.3000000000004,10,1261.3000000000004,swap,notBad
10770,10,1261.3000000000004,10,1261.3000000000004,move,improve
10771,10,1261.3000000000004,10,1261.3000000000004,move,improve
10772,10,1261.3000000000004,10,1261.3000000000004,2opt,improve
10773,10,1261.3000000000004,10,1261.3000000000004,2opt,notBad
10774,10,1261.3000000000004,10,1261.3000000000004,swap,notBad
10775,10,1261.3000000000004,10,1261.3000000000004,move,improve
10776,10,1261.3000000000004,10,1261.3000000000004,2opt,notBad
10777,10,1261.3000000000004,10,1261.3000000000004,swap,notBad
10778,10,1261.3000000000004,10,1261.3000000000004,swap,notBad
10779,10,1261.3000000000004,10,1261.3000000000004,swap,notBad
10780,10,1261.3000000000004,10,1261.3000000000004,move,improve
10781,10,1261.3000000000004,10,1261.3000000000004,move,improve
10782,10,1261.3000000000004,10,1261.3000000000004,swap,notBad
10783,10,1261.3000000000004,10,1261.3000000000004,move,improve
10784,10,1261.3000000000004,10,1261.3000000000004,move,improve
10785,10,1262.5000000000005,10,1261.3000000000004,move,acceptBad
10786,10,1262.5000000000005,10,1261.3000000000004,swap,notBad
10787,10,1262.5000000000005,10,1261.3000000000004,2opt,notBad
10788,10,1262.5000000000005,10,1261.3000000000004,2opt,notBad
10789,10,1262.5000000000005,10,1261.3000000000004,2opt,notBad
10790,10,1262.5000000000005,10,1261.3000000000004,move,improve
10791,10,1262.5000000000005,10,1261.3000000000004,swap,notBad
10792,10,1262.5000000000005,10,1261.3000000000004,2opt,notBad
10793,10,1262.5000000000005,10,1261.3000000000004,move,improve
10794,10,1262.5000000000005,10,1261.3000000000004,move,improve
10795,10,1262.5000000000005,10,1261.3000000000004,move,improve
10796,10,1262.5000000000005,10,1261.3000000000004,2opt,notBad
10797,10,1262.5000000000005,10,1261.3000000000004,swap,notBad
10798,10,1262.5000000000005,10,1261.3000000000004,swap,notBad
10799,10,1262.5000000000005,10,1261.3000000000004,move,improve
10800,10,1262.1000000000004,10,1261.3000000000004,move,improve
10801,10,1262.1000000000004,10,1261.3000000000004,2opt,notBad
10802,10,1262.1000000000004,10,1261.3000000000004,2opt,notBad
10803,10,1262.1000000000004,10,1261.3000000000004,2opt,notBad
10804,10,1262.1000000000004,10,1261.3000000000004,swap,notBad
10805,10,1262.1000000000004,10,1261.3000000000004,swap,notBad
10806,10,1262.1000000000004,10,1261.3000000000004,2opt,notBad
10807,10,1262.1000000000004,10,1261.3000000000004,swap,notBad
10808,10,1262.1000000000004,10,1261.3000000000004,2opt,notBad
10809,10,1262.1000000000004,10,1261.3000000000004,2opt,notBad
10810,10,1262.1000000000004,10,1261.3000000000004,move,improve
10811,10,1262.1000000000004,10,1261.3000000000004,2opt,notBad
10812,10,1262.1000000000004,10,1261.3000000000004,2opt,notBad
10813,10,1262.1000000000004,10,1261.3000000000004,swap,notBad
10814,10,1262.1000000000004,10,1261.3000000000004,2opt,notBad
10815,10,1262.1000000000004,10,1261.3000000000004,2opt,notBad
10816,10,1262.1000000000004,10,1261.3000000000004,swap,notBad
10817,10,1262.1000000000004,10,1261.3000000000004,move,improve
10818,10,1262.1000000000004,10,1261.3000000000004,2opt,notBad
10819,10,1262.1000000000004,10,1261.3000000000004,move,improve
10820,10,1262.1000000000004,10,1261.3000000000004,move,improve
10821,10,1262.1000000000004,10,1261.3000000000004,swap,notBad
10822,10,1262.1000000000004,10,1261.3000000000004,2opt,notBad
10823,10,1262.1000000000004,10,1261.3000000000004,swap,notBad
10824,10,1262.1000000000004,10,1261.3000000000004,2opt,notBad
10825,10,1262.1000000000004,10,1261.3000000000004,move,improve
10826,10,1262.1000000000004,10,1261.3000000000004,2opt,notBad
10827,10,1262.1000000000004,10,1261.3000000000004,2opt,notBad
10828,10,1262.1000000000004,10,1261.3000000000004,move,improve
10829,10,1262.1000000000004,10,1261.3000000000004,swap,notBad
10830,10,1262.1000000000004,10,1261.3000000000004,move,improve
10831,10,1262.1000000000004,10,1261.3000000000004,swap,notBad
10832,10,1262.1000000000004,10,1261.3000000000004,2opt,notBad
10833,10,1262.1000000000004,10,1261.3000000000004,2opt,notBad
10834,10,1262.1000000000004,10,1261.3000000000004,2opt,notBad
10835,10,1262.1000000000004,10,1261.3000000000004,swap,notBad
10836,10,1262.1000000000004,10,1261.3000000000004,swap,notBad
10837,10,1262.1000000000004,10,1261.3000000000004,2opt,notBad
10838,10,1262.1000000000004,10,1261.3000000000004,move,improve
10839,10,1262.1000000000004,10,1261.3000000000004,move,improve
10840,10,1262.1000000000004,10,1261.3000000000004,swap,notBad
10841,10,1262.1000000000004,10,1261.3000000000004,swap,notBad
10842,10,1262.1000000000004,10,1261.3000000000004,swap,notBad
10843,10,1262.1000000000004,10,1261.3000000000004,2opt,notBad
10844,10,1262.1000000000004,10,1261.3000000000004,2opt,notBad
10845,10,1262.1000000000004,10,1261.3000000000004,swap,notBad
10846,10,1262.1000000000004,10,1261.3000000000004,move,improve
10847,10,1262.1000000000004,10,1261.3000000000004,swap,notBad
10848,10,1262.1000000000004,10,1261.3000000000004,swap,notBad
10849,10,1262.1000000000004,10,1261.3000000000004,swap,notBad
10850,10,1262.1000000000004,10,1261.3000000000004,move,improve
10851,10,1262.1000000000004,10,1261.3000000000004,move,improve
10852,10,1262.1000000000004,10,1261.3000000000004,move,improve
10853,10,1262.1000000000004,10,1261.3000000000004,move,improve
10854,10,1262.1000000000004,10,1261.3000000000004,swap,notBad
10855,10,1262.1000000000004,10,1261.3000000000004,move,improve
10856,10,1262.1000000000004,10,1261.3000000000004,move,improve
10857,10,1262.1000000000004,10,1261.3000000000004,move,improve
10858,10,1262.1000000000004,10,1261.3000000000004,2opt,notBad
10859,10,1262.1000000000004,10,1261.3000000000004,2opt,notBad
10860,10,1262.1000000000004,10,1261.3000000000004,2opt,notBad
10861,10,1262.1000000000004,10,1261.3000000000004,move,improve
10862,10,1262.1000000000004,10,1261.3000000000004,move,improve
10863,10,1262.1000000000004,10,1261.3000000000004,move,improve
10864,10,1262.1000000000004,10,1261.3000000000004,2opt,notBad
10865,10,1262.1000000000004,10,1261.3000000000004,swap,notBad
10866,10,1262.1000000000004,10,1261.3000000000004,move,improve
10867,10,1262.1000000000004,10,1261.3000000000004,move,improve
10868,10,1262.1000000000004,10,1261.3000000000004,move,improve
10869,10,1262.1000000000004,10,1261.3000000000004,move,improve
10870,10,1262.1000000000004,10,1261.3000000000004,move,improve
10871,10,1262.1000000000004,10,1261.3000000000004,swap,notBad
10872,10,1262.1000000000004,10,1261.3000000000004,2opt,notBad
10873,10,1262.1000000000004,10,1261.3000000000004,move,improve
10874,10,1262.1000000000004,10,1261.3000000000004,2opt,notBad
10875,10,1262.1000000000004,10,1261.3000000000004,move,improve
10876,10,1262.1000000000004,10,1261.3000000000004,move,improve
10877,10,1262.1000000000004,10,1261.3000000000004,swap,notBad
10878,10,1262.1000000000004,10,1261.3000000000004,2opt,notBad
10879,10,1262.1000000000004,10,1261.3000000000004,2opt,notBad
10880,10,1262.1000000000004,10,1261.3000000000004,swap,notBad
10881,10,1262.1000000000004,10,1261.3000000000004,2opt,notBad
10882,10,1262.1000000000004,10,1261.3000000000004,swap,notBad
10883,10,1262.1000000000004,10,1261.3000000000004,move,improve
10884,10,1262.1000000000004,10,1261.3000000000004,2opt,notBad
10885,10,1262.1000000000004,10,1261.3000000000004,move,improve
10886,10,1262.1000000000004,10,1261.3000000000004,swap,notBad
10887,10,1262.1000000000004,10,1261.3000000000004,swap,notBad
10888,10,1262.1000000000004,10,1261.3000000000004,move,improve
10889,10,1262.1000000000004,10,1261.3000000000004,2opt,improve
10890,10,1262.1000000000004,10,1261.3000000000004,swap,notBad
10891,10,1262.1000000000004,10,1261.3000000000004,move,improve
10892,10,1262.1000000000004,10,1261.3000000000004,move,improve
10893,10,1262.1000000000004,10,1261.3000000000004,move,improve
10894,10,1262.1000000000004,10,1261.3000000000004,move,improve
10895,10,1262.1000000000004,10,1261.3000000000004,2opt,notBad
10896,10,1262.1000000000004,10,1261.3000000000004,swap,notBad
10897,10,1262.1000000000004,10,1261.3000000000004,swap,notBad
10898,10,1262.1000000000004,10,1261.3000000000004,move,improve
10899,10,1262.1000000000004,10,1261.3000000000004,swap,notBad
10900,10,1262.1000000000004,10,1261.3000000000004,move,improve
10901,10,1262.1000000000004,10,1261.3000000000004,swap,notBad
10902,10,1262.1000000000004,10,1261.3000000000004,move,improve
10903,10,1262.1000000000004,10,1261.3000000000004,swap,notBad
10904,10,1262.1000000000004,10,1261.3000000000004,move,improve
10905,10,1262.1000000000004,10,1261.3000000000004,2opt,notBad
10906,10,1262.1000000000004,10,1261.3000000000004,2opt,notBad
10907,10,1262.1000000000004,10,1261.3000000000004,2opt,notBad
10908,10,1262.1000000000004,10,1261.3000000000004,2opt,notBad
10909,10,1262.1000000000004,10,1261.3000000000004,move,improve
10910,10,1262.1000000000004,10,1261.3000000000004,move,improve
10911,10,1262.1000000000004,10,1261.3000000000004,move,improve
10912,10,1262.1000000000004,10,1261.3000000000004,2opt,notBad
10913,10,1262.1000000000004,10,1261.3000000000004,2opt,notBad
10914,10,1262.1000000000004,10,1261.3000000000004,swap,notBad
10915,10,1262.1000000000004,10,1261.3000000000004,2opt,notBad
10916,10,1262.1000000000004,10,1261.3000000000004,swap,notBad
10917,10,1262.1000000000004,10,1261.3000000000004,swap,notBad
10918,10,1262.1000000000004,10,1261.3000000000004,swap,notBad
10919,10,1262.1000000000004,10,1261.3000000000004,move,improve
10920,10,1262.1000000000004,10,1261.3000000000004,move,improve
10921,10,1262.1000000000004,10,1261.3000000000004,swap,notBad
10922,10,1262.1000000000004,10,1261.3000000000004,swap,notBad
10923,10,1262.1000000000004,10,1261.3000000000004,move,improve
10924,10,1262.1000000000004,10,1261.3000000000004,swap,notBad
10925,10,1262.1000000000004,10,1261.3000000000004,2opt,notBad
10926,10,1262.1000000000004,10,1261.3000000000004,move,improve
10927,10,1262.1000000000004,10,1261.3000000000004,swap,notBad
10928,10,1262.1000000000004,10,1261.3000000000004,swap,notBad
10929,10,1262.1000000000004,10,1261.3000000000004,swap,notBad
10930,10,1262.1000000000004,10,1261.3000000000004,move,improve
10931,10,1262.1000000000004,10,1261.3000000000004,swap,notBad
10932,10,1262.1000000000004,10,1261.3000000000004,2opt,notBad
10933,10,1262.1000000000004,10,1261.3000000000004,move,improve
10934,10,1262.1000000000004,10,1261.3000000000004,move,improve
10935,10,1262.1000000000004,10,1261.3000000000004,2opt,notBad
10936,10,1262.1000000000004,10,1261.3000000000004,2opt,notBad
10937,10,1262.1000000000004,10,1261.3000000000004,2opt,notBad
10938,10,1262.1000000000004,10,1261.3000000000004,2opt,notBad
10939,10,1262.1000000000004,10,1261.3000000000004,2opt,notBad
10940,10,1262.1000000000004,10,1261.3000000000004,swap,notBad
10941,10,1262.1000000000004,10,1261.3000000000004,swap,notBad
10942,10,1262.1000000000004,10,1261.3000000000004,2opt,notBad
10943,10,1262.1000000000004,10,1261.3000000000004,move,improve
10944,10,1262.1000000000004,10,1261.3000000000004,swap,notBad
10945,10,1262.1000000000004,10,1261.3000000000004,swap,notBad
10946,10,1262.1000000000004,10,1261.3000000000004,2opt,notBad
10947,10,1262.1000000000004,10,1261.3000000000004,2opt,improve
10948,10,1262.1000000000004,10,1261.3000000000004,2opt,notBad
10949,10,1262.1000000000004,10,1261.3000000000004,2opt,notBad
10950,10,1262.1000000000004,10,1261.3000000000004,swap,notBad
10951,10,1262.1000000000004,10,1261.3000000000004,2opt,improve
10952,10,1262.1000000000004,10,1261.3000000000004,move,improve
10953,10,1262.1000000000004,10,1261.3000000000004,2opt,notBad
10954,10,1262.1000000000004,10,1261.3000000000004,swap,notBad
10955,10,1262.1000000000004,10,1261.3000000000004,move,improve
10956,10,1262.1000000000004,10,1261.3000000000004,2opt,notBad
10957,10,1262.1000000000004,10,1261.3000000000004,2opt,notBad
10958,10,1262.1000000000004,10,1261.3000000000004,move,improve
10959,10,1262.1000000000004,10,1261.3000000000004,move,improve
10960,10,1262.1000000000004,10,1261.3000000000004,move,improve
10961,10,1262.1000000000004,10,1261.3000000000004,swap,notBad
10962,10,1262.1000000000004,10,1261.3000000000004,2opt,notBad
10963,10,1262.1000000000004,10,1261.3000000000004,2opt,notBad
10964,10,1262.1000000000004,10,1261.3000000000004,swap,notBad
10965,10,1262.1000000000004,10,1261.3000000000004,swap,notBad
10966,10,1262.1000000000004,10,1261.3000000000004,swap,notBad
10967,10,1262.1000000000004,10,1261.3000000000004,2opt,notBad
10968,10,1262.1000000000004,10,1261.3000000000004,swap,notBad
10969,10,1262.1000000000004,10,1261.3000000000004,swap,notBad
10970,10,1262.1000000000004,10,1261.3000000000004,2opt,notBad
10971,10,1262.1000000000004,10,1261.3000000000004,swap,notBad
10972,10,1262.1000000000004,10,1261.3000000000004,swap,notBad
10973,10,1262.1000000000004,10,1261.3000000000004,move,improve
10974,10,1262.1000000000004,10,1261.3000000000004,swap,notBad
10975,10,1262.1000000000004,10,1261.3000000000004,2opt,notBad
10976,10,1262.1000000000004,10,1261.3000000000004,2opt,notBad
10977,10,1262.1000000000004,10,1261.3000000000004,swap,notBad
10978,10,1262.1000000000004,10,1261.3000000000004,2opt,notBad
10979,10,1262.1000000000004,10,1261.3000000000004,move,improve
10980,10,1262.1000000000004,10,1261.3000000000004,2opt,notBad
10981,10,1262.1000000000004,10,1261.3000000000004,2opt,notBad
10982,10,1262.1000000000004,10,1261.3000000000004,swap,notBad
10983,10,1262.1000000000004,10,1261.3000000000004,swap,notBad
10984,10,1262.1000000000004,10,1261.3000000000004,swap,notBad
10985,10,1262.1000000000004,10,1261.3000000000004,swap,notBad
10986,10,1262.1000000000004,10,1261.3000000000004,swap,notBad
10987,10,1262.1000000000004,10,1261.3000000000004,swap,notBad
10988,10,1262.1000000000004,10,1261.3000000000004,move,improve
10989,10,1262.1000000000004,10,1261.3000000000004,swap,notBad
10990,10,1262.1000000000004,10,1261.3000000000004,2opt,notBad
10991,10,1262.1000000000004,10,1261.3000000000004,2opt,notBad
10992,10,1262.1000000000004,10,1261.3000000000004,swap,notBad
10993,10,1262.1000000000004,10,1261.3000000000004,2opt,notBad
10994,10,1262.1000000000004,10,1261.3000000000004,move,improve
10995,10,1262.1000000000004,10,1261.3000000000004,swap,notBad
10996,10,1262.1000000000004,10,1261.3000000000004,move,improve
10997,10,1262.1000000000004,10,1261.3000000000004,move,improve
10998,10,1262.1000000000004,10,1261.3000000000004,move,improve
10999,10,1262.1000000000004,10,1261.3000000000004,swap,notBad
11000,10,1262.1000000000004,10,1261.3000000000004,2opt,notBad
11001,10,1262.1000000000004,10,1261.3000000000004,swap,notBad
11002,10,1262.1000000000004,10,1261.3000000000004,2opt,notBad
11003,10,1262.1000000000004,10,1261.3000000000004,swap,notBad
11004,10,1262.1000000000004,10,1261.3000000000004,swap,notBad
11005,10,1262.1000000000004,10,1261.3000000000004,2opt,notBad
11006,10,1262.1000000000004,10,1261.3000000000004,swap,notBad
11007,10,1262.1000000000004,10,1261.3000000000004,move,improve
11008,10,1262.1000000000004,10,1261.3000000000004,move,improve
11009,10,1262.1000000000004,10,1261.3000000000004,move,improve
11010,10,1262.1000000000004,10,1261.3000000000004,move,improve
11011,10,1262.1000000000004,10,1261.3000000000004,2opt,notBad
11012,10,1262.1000000000004,10,1261.3000000000004,move,improve
11013,10,1262.1000000000004,10,1261.3000000000004,swap,notBad
11014,10,1262.1000000000004,10,1261.3000000000004,move,improve
11015,10,1262.1000000000004,10,1261.3000000000004,move,improve
11016,10,1262.1000000000004,10,1261.3000000000004,swap,notBad
11017,10,1262.1000000000004,10,1261.3000000000004,swap,notBad
11018,10,1262.1000000000004,10,1261.3000000000004,swap,notBad
11019,10,1262.1000000000004,10,1261.3000000000004,2opt,notBad
11020,10,1262.1000000000004,10,1261.3000000000004,swap,notBad
11021,10,1262.1000000000004,10,1261.3000000000004,swap,notBad
11022,10,1262.1000000000004,10,1261.3000000000004,swap,notBad
11023,10,1262.1000000000004,10,1261.3000000000004,2opt,notBad
11024,10,1262.1000000000004,10,1261.3000000000004,2opt,notBad
11025,10,1262.1000000000004,10,1261.3000000000004,2opt,notBad
11026,10,1262.1000000000004,10,1261.3000000000004,2opt,notBad
11027,10,1262.1000000000004,10,1261.3000000000004,swap,notBad
11028,10,1262.1000000000004,10,1261.3000000000004,2opt,notBad
11029,10,1262.1000000000004,10,1261.3000000000004,2opt,notBad
11030,10,1262.1000000000004,10,1261.3000000000004,2opt,notBad
11031,10,1262.1000000000004,10,1261.3000000000004,move,improve
11032,10,1262.1000000000004,10,1261.3000000000004,move,improve
11033,10,1262.1000000000004,10,1261.3000000000004,swap,notBad
11034,10,1262.1000000000004,10,1261.3000000000004,swap,notBad
11035,10,1262.1000000000004,10,1261.3000000000004,move,improve
11036,10,1262.1000000000004,10,1261.3000000000004,move,improve
11037,10,1262.1000000000004,10,1261.3000000000004,swap,notBad
11038,10,1262.1000000000004,10,1261.3000000000004,swap,notBad
11039,10,1262.1000000000004,10,1261.3000000000004,2opt,notBad
11040,10,1262.1000000000004,10,1261.3000000000004,2opt,notBad
11041,10,1262.1000000000004,10,1261.3000000000004,move,improve
11042,10,1262.1000000000004,10,1261.3000000000004,2opt,notBad
11043,10,1262.1000000000004,10,1261.3000000000004,move,improve
11044,10,1262.1000000000004,10,1261.3000000000004,2opt,notBad
11045,10,1262.1000000000004,10,1261.3000000000004,move,improve
11046,10,1262.1000000000004,10,1261.3000000000004,swap,notBad
11047,10,1262.1000000000004,10,1261.3000000000004,2opt,notBad
11048,10,1262.1000000000004,10,1261.3000000000004,move,improve
11049,10,1262.1000000000004,10,1261.3000000000004,2opt,notBad
11050,10,1262.1000000000004,10,1261.3000000000004,swap,notBad
11051,10,1262.1000000000004,10,1261.3000000000004,swap,notBad
11052,10,1262.1000000000004,10,1261.3000000000004,move,improve
11053,10,1262.1000000000004,10,1261.3000000000004,2opt,notBad
11054,10,1262.1000000000004,10,1261.3000000000004,swap,notBad
11055,10,1262.1000000000004,10,1261.3000000000004,move,improve
11056,10,1262.1000000000004,10,1261.3000000000004,2opt,notBad
11057,10,1262.1000000000004,10,1261.3000000000004,swap,notBad
11058,10,1262.1000000000004,10,1261.3000000000004,move,improve
11059,10,1262.1000000000004,10,1261.3000000000004,2opt,notBad
11060,10,1262.1000000000004,10,1261.3000000000004,move,improve
11061,10,1262.1000000000004,10,1261.3000000000004,move,improve
11062,10,1262.1000000000004,10,1261.3000000000004,2opt,notBad
11063,10,1262.1000000000004,10,1261.3000000000004,swap,notBad
11064,10,1262.1000000000004,10,1261.3000000000004,move,improve
11065,10,1262.1000000000004,10,1261.3000000000004,move,improve
11066,10,1262.1000000000004,10,1261.3000000000004,swap,notBad
11067,10,1262.1000000000004,10,1261.3000000000004,move,improve
11068,10,1262.1000000000004,10,1261.3000000000004,2opt,notBad
11069,10,1262.1000000000004,10,1261.3000000000004,2opt,notBad
11070,10,1262.1000000000004,10,1261.3000000000004,2opt,notBad
11071,10,1262.1000000000004,10,1261.3000000000004,move,improve
11072,10,1262.1000000000004,10,1261.3000000000004,2opt,notBad
11073,10,1262.1000000000004,10,1261.3000000000004,move,improve
11074,10,1262.1000000000004,10,1261.3000000000004,move,improve
11075,10,1262.1000000000004,10,1261.3000000000004,move,improve
11076,10,1262.1000000000004,10,1261.3000000000004,swap,notBad
11077,10,1262.1000000000004,10,1261.3000000000004,swap,notBad
11078,10,1262.1000000000004,10,1261.3000000000004,2opt,notBad
11079,10,1262.1000000000004,10,1261.3000000000004,2opt,notBad
11080,10,1262.1000000000004,10,1261.3000000000004,2opt,notBad
11081,10,1262.1000000000004,10,1261.3000000000004,2opt,notBad
11082,10,1262.1000000000004,10,1261.3000000000004,move,improve
11083,10,1262.1000000000004,10,1261.3000000000004,swap,notBad
11084,10,1262.1000000000004,10,1261.3000000000004,move,improve
11085,10,1262.1000000000004,10,1261.3000000000004,2opt,notBad
11086,10,1262.1000000000004,10,1261.3000000000004,move,improve
11087,10,1262.1000000000004,10,1261.3000000000004,move,improve
11088,10,1262.1000000000004,10,1261.3000000000004,swap,notBad
11089,10,1262.1000000000004,10,1261.3000000000004,2opt,notBad
11090,10,1262.1000000000004,10,1261.3000000000004,2opt,notBad
11091,10,1262.1000000000004,10,1261.3000000000004,2opt,notBad
11092,10,1262.1000000000004,10,1261.3000000000004,2opt,notBad
11093,10,1262.1000000000004,10,1261.3000000000004,move,improve
11094,10,1262.1000000000004,10,1261.3000000000004,swap,notBad
11095,10,1262.1000000000004,10,1261.3000000000004,swap,notBad
11096,10,1262.1000000000004,10,1261.3000000000004,move,improve
11097,10,1262.1000000000004,10,1261.3000000000004,swap,notBad
11098,10,1262.1000000000004,10,1261.3000000000004,swap,notBad
11099,10,1262.1000000000004,10,1261.3000000000004,move,improve
11100,10,1262.1000000000004,10,1261.3000000000004,swap,notBad
11101,10,1262.1000000000004,10,1261.3000000000004,move,improve
11102,10,1262.1000000000004,10,1261.3000000000004,move,improve
11103,10,1262.1000000000004,10,1261.3000000000004,move,improve
11104,10,1262.1000000000004,10,1261.3000000000004,2opt,notBad
11105,10,1262.1000000000004,10,1261.3000000000004,2opt,notBad
11106,10,1262.1000000000004,10,1261.3000000000004,move,improve
11107,10,1262.1000000000004,10,1261.3000000000004,move,improve
11108,10,1262.1000000000004,10,1261.3000000000004,2opt,notBad
11109,10,1262.1000000000004,10,1261.3000000000004,move,improve
11110,10,1262.1000000000004,10,1261.3000000000004,swap,notBad
11111,10,1262.1000000000004,10,1261.3000000000004,move,improve
11112,10,1262.1000000000004,10,1261.3000000000004,2opt,notBad
11113,10,1262.1000000000004,10,1261.3000000000004,swap,notBad
11114,10,1262.1000000000004,10,1261.3000000000004,2opt,notBad
11115,10,1262.1000000000004,10,1261.3000000000004,move,improve
11116,10,1262.1000000000004,10,1261.3000000000004,move,improve
11117,10,1262.1000000000004,10,1261.3000000000004,swap,notBad
11118,10,1262.1000000000004,10,1261.3000000000004,2opt,notBad
11119,10,1262.1000000000004,10,1261.3000000000004,move,improve
11120,10,1262.1000000000004,10,1261.3000000000004,swap,notBad
11121,10,1262.1000000000004,10,1261.3000000000004,move,improve
11122,10,1262.1000000000004,10,1261.3000000000004,swap,notBad
11123,10,1262.1000000000004,10,1261.3000000000004,2opt,notBad
11124,10,1262.1000000000004,10,1261.3000000000004,2opt,notBad
11125,10,1262.1000000000004,10,1261.3000000000004,swap,notBad
11126,10,1262.1000000000004,10,1261.3000000000004,move,improve
11127,10,1262.1000000000004,10,1261.3000000000004,swap,notBad
11128,10,1262.1000000000004,10,1261.3000000000004,move,improve
11129,10,1262.1000000000004,10,1261.3000000000004,move,improve
11130,10,1262.1000000000004,10,1261.3000000000004,2opt,notBad
11131,10,1262.1000000000004,10,1261.3000000000004,swap,notBad
11132,10,1262.1000000000004,10,1261.3000000000004,swap,notBad
11133,10,1262.1000000000004,10,1261.3000000000004,swap,notBad
11134,10,1262.1000000000004,10,1261.3000000000004,swap,notBad
11135,10,1262.1000000000004,10,1261.3000000000004,move,improve
11136,10,1262.1000000000004,10,1261.3000000000004,move,improve
11137,10,1262.1000000000004,10,1261.3000000000004,swap,notBad
11138,10,1262.1000000000004,10,1261.3000000000004,swap,notBad
11139,10,1262.1000000000004,10,1261.3000000000004,move,improve
11140,10,1262.1000000000004,10,1261.3000000000004,2opt,notBad
11141,10,1262.1000000000004,10,1261.3000000000004,move,improve
11142,10,1262.1000000000004,10,1261.3000000000004,2opt,notBad
11143,10,1262.1000000000004,10,1261.3000000000004,2opt,notBad
11144,10,1262.1000000000004,10,1261.3000000000004,move,improve
11145,10,1262.1000000000004,10,1261.3000000000004,move,improve
11146,10,1262.1000000000004,10,1261.3000000000004,move,improve
11147,10,1262.1000000000004,10,1261.3000000000004,swap,notBad
11148,10,1262.1000000000004,10,1261.3000000000004,2opt,notBad
11149,10,1262.1000000000004,10,1261.3000000000004,move,improve
11150,10,1262.1000000000004,10,1261.3000000000004,2opt,notBad
11151,10,1262.1000000000004,10,1261.3000000000004,swap,notBad
11152,10,1262.1000000000004,10,1261.3000000000004,2opt,notBad
11153,10,1262.1000000000004,10,1261.3000000000004,2opt,notBad
11154,10,1262.1000000000004,10,1261.3000000000004,swap,notBad
11155,10,1262.1000000000004,10,1261.3000000000004,2opt,notBad
11156,10,1262.1000000000004,10,1261.3000000000004,swap,notBad
11157,10,1262.1000000000004,10,1261.3000000000004,move,improve
11158,10,1262.1000000000004,10,1261.3000000000004,move,improve
11159,10,1262.1000000000004,10,1261.3000000000004,swap,notBad
11160,10,1262.1000000000004,10,1261.3000000000004,move,improve
11161,10,1262.1000000000004,10,1261.3000000000004,2opt,notBad
11162,10,1262.1000000000004,10,1261.3000000000004,swap,notBad
11163,10,1262.1000000000004,10,1261.3000000000004,2opt,notBad
11164,10,1262.1000000000004,10,1261.3000000000004,move,improve
11165,10,1262.1000000000004,10,1261.3000000000004,swap,notBad
11166,10,1262.1000000000004,10,1261.3000000000004,2opt,notBad
11167,10,1262.1000000000004,10,1261.3000000000004,move,improve
11168,10,1262.1000000000004,10,1261.3000000000004,move,improve
11169,10,1262.1000000000004,10,1261.3000000000004,2opt,notBad
11170,10,1262.1000000000004,10,1261.3000000000004,2opt,improve
11171,10,1262.1000000000004,10,1261.3000000000004,2opt,notBad
11172,10,1262.1000000000004,10,1261.3000000000004,swap,notBad
11173,10,1262.1000000000004,10,1261.3000000000004,swap,notBad
11174,10,1262.1000000000004,10,1261.3000000000004,swap,notBad
11175,10,1262.1000000000004,10,1261.3000000000004,move,improve
11176,10,1262.1000000000004,10,1261.3000000000004,2opt,notBad
11177,10,1262.1000000000004,10,1261.3000000000004,swap,notBad
11178,10,1262.1000000000004,10,1261.3000000000004,swap,notBad
11179,10,1262.1000000000004,10,1261.3000000000004,move,improve
11180,10,1262.1000000000004,10,1261.3000000000004,swap,notBad
11181,10,1262.1000000000004,10,1261.3000000000004,swap,notBad
11182,10,1262.1000000000004,10,1261.3000000000004,swap,notBad
11183,10,1262.1000000000004,10,1261.3000000000004,2opt,notBad
11184,10,1262.1000000000004,10,1261.3000000000004,move,improve
11185,10,1262.1000000000004,10,1261.3000000000004,swap,notBad
11186,10,1262.1000000000004,10,1261.3000000000004,swap,notBad
11187,10,1262.1000000000004,10,1261.3000000000004,move,improve
11188,10,1262.1000000000004,10,1261.3000000000004,2opt,notBad
11189,10,1262.1000000000004,10,1261.3000000000004,swap,notBad
11190,10,1262.1000000000004,10,1261.3000000000004,move,improve
11191,10,1262.1000000000004,10,1261.3000000000004,move,improve
11192,10,1262.1000000000004,10,1261.3000000000004,swap,notBad
11193,10,1262.1000000000004,10,1261.3000000000004,move,improve
11194,10,1262.1000000000004,10,1261.3000000000004,2opt,notBad
11195,10,1262.1000000000004,10,1261.3000000000004,swap,notBad
11196,10,1262.1000000000004,10,1261.3000000000004,swap,notBad
11197,10,1262.1000000000004,10,1261.3000000000004,move,improve
11198,10,1262.1000000000004,10,1261.3000000000004,move,improve
11199,10,1262.1000000000004,10,1261.3000000000004,swap,notBad
11200,10,1262.1000000000004,10,1261.3000000000004,move,improve
11201,10,1262.1000000000004,10,1261.3000000000004,2opt,notBad
11202,10,1262.1000000000004,10,1261.3000000000004,2opt,notBad
11203,10,1262.1000000000004,10,1261.3000000000004,move,improve
11204,10,1262.1000000000004,10,1261.3000000000004,swap,notBad
11205,10,1262.1000000000004,10,1261.3000000000004,2opt,notBad
11206,10,1262.1000000000004,10,1261.3000000000004,move,improve
11207,10,1262.1000000000004,10,1261.3000000000004,move,improve
11208,10,1262.1000000000004,10,1261.3000000000004,move,improve
11209,10,1262.1000000000004,10,1261.3000000000004,2opt,notBad
11210,10,1262.1000000000004,10,1261.3000000000004,move,improve
11211,10,1262.1000000000004,10,1261.3000000000004,2opt,notBad
11212,10,1262.1000000000004,10,1261.3000000000004,2opt,notBad
11213,10,1262.1000000000004,10,1261.3000000000004,move,improve
11214,10,1262.1000000000004,10,1261.3000000000004,2opt,notBad
11215,10,1262.1000000000004,10,1261.3000000000004,2opt,notBad
11216,10,1262.1000000000004,10,1261.3000000000004,2opt,notBad
11217,10,1262.1000000000004,10,1261.3000000000004,move,improve
11218,10,1262.1000000000004,10,1261.3000000000004,2opt,notBad
11219,10,1262.1000000000004,10,1261.3000000000004,2opt,notBad
11220,10,1262.1000000000004,10,1261.3000000000004,swap,notBad
11221,10,1262.1000000000004,10,1261.3000000000004,2opt,notBad
11222,10,1262.1000000000004,10,1261.3000000000004,move,improve
11223,10,1262.1000000000004,10,1261.3000000000004,2opt,notBad
11224,10,1262.1000000000004,10,1261.3000000000004,swap,notBad
11225,10,1262.1000000000004,10,1261.3000000000004,move,improve
11226,10,1262.1000000000004,10,1261.3000000000004,2opt,notBad
11227,10,1262.1000000000004,10,1261.3000000000004,move,improve
11228,10,1262.1000000000004,10,1261.3000000000004,move,improve
11229,10,1262.1000000000004,10,1261.3000000000004,swap,notBad
11230,10,1262.1000000000004,10,1261.3000000000004,move,improve
11231,10,1262.1000000000004,10,1261.3000000000004,2opt,notBad
11232,10,1262.1000000000004,10,1261.3000000000004,move,improve
11233,10,1262.1000000000004,10,1261.3000000000004,2opt,notBad
11234,10,1262.1000000000004,10,1261.3000000000004,swap,notBad
11235,10,1262.1000000000004,10,1261.3000000000004,move,improve
11236,10,1262.1000000000004,10,1261.3000000000004,2opt,notBad
11237,10,1262.1000000000004,10,1261.3000000000004,swap,notBad
11238,10,1262.1000000000004,10,1261.3000000000004,swap,notBad
11239,10,1262.1000000000004,10,1261.3000000000004,move,improve
11240,10,1262.1000000000004,10,1261.3000000000004,move,improve
11241,10,1262.1000000000004,10,1261.3000000000004,move,improve
11242,10,1262.1000000000004,10,1261.3000000000004,move,improve
11243,10,1262.1000000000004,10,1261.3000000000004,2opt,notBad
11244,10,1262.1000000000004,10,1261.3000000000004,2opt,improve
11245,10,1262.1000000000004,10,1261.3000000000004,swap,notBad
11246,10,1262.1000000000004,10,1261.3000000000004,swap,notBad
11247,10,1262.1000000000004,10,1261.3000000000004,2opt,notBad
11248,10,1262.1000000000004,10,1261.3000000000004,swap,notBad
11249,10,1262.1000000000004,10,1261.3000000000004,move,improve
11250,10,1262.1000000000004,10,1261.3000000000004,move,improve
11251,10,1262.1000000000004,10,1261.3000000000004,2opt,notBad
11252,10,1262.1000000000004,10,1261.3000000000004,swap,notBad
11253,10,1262.1000000000004,10,1261.3000000000004,swap,notBad
11254,10,1262.1000000000004,10,1261.3000000000004,2opt,notBad
11255,10,1262.1000000000004,10,1261.3000000000004,swap,notBad
11256,10,1262.1000000000004,10,1261.3000000000004,move,improve
11257,10,1262.1000000000004,10,1261.3000000000004,move,improve
11258,10,1262.1000000000004,10,1261.3000000000004,move,improve
11259,10,1262.1000000000004,10,1261.3000000000004,2opt,notBad
11260,10,1262.1000000000004,10,1261.3000000000004,swap,notBad
11261,10,1262.1000000000004,10,1261.3000000000004,2opt,notBad
11262,10,1262.1000000000004,10,1261.3000000000004,2opt,notBad
11263,10,1262.1000000000004,10,1261.3000000000004,swap,notBad
11264,10,1262.1000000000004,10,1261.3000000000004,swap,notBad
11265,10,1262.1000000000004,10,1261.3000000000004,move,improve
11266,10,1262.1000000000004,10,1261.3000000000004,move,improve
11267,10,1262.1000000000004,10,1261.3000000000004,2opt,notBad
11268,10,1262.1000000000004,10,1261.3000000000004,swap,notBad
11269,10,1262.1000000000004,10,1261.3000000000004,2opt,notBad
11270,10,1262.1000000000004,10,1261.3000000000004,swap,notBad
11271,10,1262.1000000000004,10,1261.3000000000004,2opt,notBad
11272,10,1262.1000000000004,10,1261.3000000000004,swap,notBad
11273,10,1262.1000000000004,10,1261.3000000000004,2opt,notBad
11274,10,1262.1000000000004,10,1261.3000000000004,2opt,notBad
11275,10,1262.1000000000004,10,1261.3000000000004,move,improve
11276,10,1262.1000000000004,10,1261.3000000000004,swap,notBad
11277,10,1262.1000000000004,10,1261.3000000000004,2opt,notBad
11278,10,1262.1000000000004,10,1261.3000000000004,swap,notBad
11279,10,1262.1000000000004,10,1261.3000000000004,move,improve
11280,10,1262.1000000000004,10,1261.3000000000004,2opt,notBad
11281,10,1262.1000000000004,10,1261.3000000000004,2opt,notBad
11282,10,1262.1000000000004,10,1261.3000000000004,swap,notBad
11283,10,1262.1000000000004,10,1261.3000000000004,2opt,notBad
11284,10,1262.1000000000004,10,1261.3000000000004,move,improve
11285,10,1262.1000000000004,10,1261.3000000000004,swap,notBad
11286,10,1262.1000000000004,10,1261.3000000000004,2opt,improve
11287,10,1262.1000000000004,10,1261.3000000000004,move,improve
11288,10,1262.1000000000004,10,1261.3000000000004,2opt,notBad
11289,10,1262.1000000000004,10,1261.3000000000004,swap,notBad
11290,10,1262.1000000000004,10,1261.3000000000004,move,improve
11291,10,1262.1000000000004,10,1261.3000000000004,2opt,notBad
11292,10,1262.1000000000004,10,1261.3000000000004,swap,notBad
11293,10,1262.1000000000004,10,1261.3000000000004,swap,notBad
11294,10,1262.1000000000004,10,1261.3000000000004,2opt,notBad
11295,10,1262.1000000000004,10,1261.3000000000004,move,improve
11296,10,1262.1000000000004,10,1261.3000000000004,swap,notBad
11297,10,1262.1000000000004,10,1261.3000000000004,swap,notBad
11298,10,1262.1000000000004,10,1261.3000000000004,move,improve
11299,10,1262.1000000000004,10,1261.3000000000004,2opt,notBad
11300,10,1262.1000000000004,10,1261.3000000000004,move,improve
11301,10,1262.1000000000004,10,1261.3000000000004,2opt,notBad
11302,10,1262.1000000000004,10,1261.3000000000004,move,improve
11303,10,1262.1000000000004,10,1261.3000000000004,2opt,notBad
11304,10,1262.1000000000004,10,1261.3000000000004,2opt,notBad
11305,10,1262.1000000000004,10,1261.3000000000004,2opt,notBad
11306,10,1262.1000000000004,10,1261.3000000000004,move,improve
11307,10,1262.1000000000004,10,1261.3000000000004,swap,notBad
11308,10,1262.1000000000004,10,1261.3000000000004,2opt,notBad
11309,10,1262.1000000000004,10,1261.3000000000004,2opt,notBad
11310,10,1262.1000000000004,10,1261.3000000000004,move,improve
11311,10,1262.1000000000004,10,1261.3000000000004,2opt,notBad
11312,10,1262.1000000000004,10,1261.3000000000004,swap,notBad
11313,10,1262.1000000000004,10,1261.3000000000004,swap,notBad
11314,10,1262.1000000000004,10,1261.3000000000004,swap,notBad
11315,10,1262.1000000000004,10,1261.3000000000004,swap,notBad
11316,10,1262.1000000000004,10,1261.3000000000004,swap,notBad
11317,10,1262.1000000000004,10,1261.3000000000004,move,improve
11318,10,1262.1000000000004,10,1261.3000000000004,2opt,notBad
11319,10,1262.1000000000004,10,1261.3000000000004,move,improve
11320,10,1262.1000000000004,10,1261.3000000000004,swap,notBad
11321,10,1262.1000000000004,10,1261.3000000000004,move,improve
11322,10,1262.1000000000004,10,1261.3000000000004,swap,notBad
11323,10,1262.1000000000004,10,1261.3000000000004,move,improve
11324,10,1262.1000000000004,10,1261.3000000000004,move,improve
11325,10,1262.1000000000004,10,1261.3000000000004,move,improve
11326,10,1262.1000000000004,10,1261.3000000000004,move,improve
11327,10,1262.1000000000004,10,1261.3000000000004,swap,notBad
11328,10,1262.1000000000004,10,1261.3000000000004,swap,notBad
11329,10,1262.1000000000004,10,1261.3000000000004,move,improve
11330,10,1262.1000000000004,10,1261.3000000000004,move,improve
11331,10,1262.1000000000004,10,1261.3000000000004,2opt,notBad
11332,10,1262.1000000000004,10,1261.3000000000004,move,improve
11333,10,1262.1000000000004,10,1261.3000000000004,swap,notBad
11334,10,1262.1000000000004,10,1261.3000000000004,2opt,notBad
11335,10,1262.1000000000004,10,1261.3000000000004,swap,notBad
11336,10,1262.1000000000004,10,1261.3000000000004,move,improve
11337,10,1262.1000000000004,10,1261.3000000000004,2opt,notBad
11338,10,1262.1000000000004,10,1261.3000000000004,2opt,notBad
11339,10,1262.1000000000004,10,1261.3000000000004,move,improve
11340,10,1262.1000000000004,10,1261.3000000000004,swap,notBad
11341,10,1262.1000000000004,10,1261.3000000000004,move,improve
11342,10,1262.1000000000004,10,1261.3000000000004,swap,notBad
11343,10,1262.1000000000004,10,1261.3000000000004,swap,notBad
11344,10,1262.1000000000004,10,1261.3000000000004,swap,notBad
11345,10,1262.1000000000004,10,1261.3000000000004,2opt,notBad
11346,10,1262.1000000000004,10,1261.3000000000004,swap,notBad
11347,10,1262.1000000000004,10,1261.3000000000004,move,improve
11348,10,1262.1000000000004,10,1261.3000000000004,swap,notBad
11349,10,1262.1000000000004,10,1261.3000000000004,move,improve
11350,10,1262.1000000000004,10,1261.3000000000004,move,improve
11351,10,1262.1000000000004,10,1261.3000000000004,2opt,notBad
11352,10,1262.1000000000004,10,1261.3000000000004,swap,notBad
11353,10,1262.1000000000004,10,1261.3000000000004,move,improve
11354,10,1262.1000000000004,10,1261.3000000000004,move,improve
11355,10,1262.1000000000004,10,1261.3000000000004,swap,notBad
11356,10,1260.9000000000003,10,1260.9000000000003,move,newBest
11357,10,1260.9000000000003,10,1260.9000000000003,swap,notBad
11358,10,1260.9000000000003,10,1260.9000000000003,2opt,notBad
11359,10,1260.9000000000003,10,1260.9000000000003,swap,notBad
11360,10,1260.9000000000003,10,1260.9000000000003,2opt,notBad
11361,10,1260.9000000000003,10,1260.9000000000003,swap,notBad
11362,10,1260.9000000000003,10,1260.9000000000003,2opt,improve
11363,10,1260.9000000000003,10,1260.9000000000003,swap,notBad
11364,10,1260.9000000000003,10,1260.9000000000003,swap,notBad
11365,10,1260.9000000000003,10,1260.9000000000003,2opt,notBad
11366,10,1260.9000000000003,10,1260.9000000000003,swap,notBad
11367,10,1260.9000000000003,10,1260.9000000000003,swap,notBad
11368,10,1260.9000000000003,10,1260.9000000000003,move,improve
11369,10,1260.9000000000003,10,1260.9000000000003,2opt,notBad
11370,10,1260.9000000000003,10,1260.9000000000003,move,improve
11371,10,1260.9000000000003,10,1260.9000000000003,swap,notBad
11372,10,1260.9000000000003,10,1260.9000000000003,2opt,notBad
11373,10,1260.9000000000003,10,1260.9000000000003,swap,notBad
11374,10,1260.9000000000003,10,1260.9000000000003,move,improve
11375,10,1260.9000000000003,10,1260.9000000000003,move,improve
11376,10,1260.9000000000003,10,1260.9000000000003,move,improve
11377,10,1260.9000000000003,10,1260.9000000000003,swap,notBad
11378,10,1260.9000000000003,10,1260.9000000000003,swap,notBad
11379,10,1260.9000000000003,10,1260.9000000000003,swap,notBad
11380,10,1260.9000000000003,10,1260.9000000000003,2opt,notBad
11381,10,1260.9000000000003,10,1260.9000000000003,swap,notBad
11382,10,1260.9000000000003,10,1260.9000000000003,swap,notBad
11383,10,1260.9000000000003,10,1260.9000000000003,swap,notBad
11384,10,1260.9000000000003,10,1260.9000000000003,move,improve
11385,10,1260.9000000000003,10,1260.9000000000003,move,improve
11386,10,1260.9000000000003,10,1260.9000000000003,2opt,notBad
11387,10,1260.9000000000003,10,1260.9000000000003,2opt,notBad
11388,10,1260.9000000000003,10,1260.9000000000003,move,improve
11389,10,1260.9000000000003,10,1260.9000000000003,move,improve
11390,10,1260.9000000000003,10,1260.9000000000003,move,improve
11391,10,1260.9000000000003,10,1260.9000000000003,2opt,notBad
11392,10,1260.9000000000003,10,1260.9000000000003,swap,notBad
11393,10,1260.9000000000003,10,1260.9000000000003,2opt,notBad
11394,10,1260.9000000000003,10,1260.9000000000003,move,improve
11395,10,1260.9000000000003,10,1260.9000000000003,2opt,improve
11396,10,1260.9000000000003,10,1260.9000000000003,2opt,notBad
11397,10,1260.9000000000003,10,1260.9000000000003,swap,notBad
11398,10,1260.9000000000003,10,1260.9000000000003,swap,notBad
11399,10,1260.9000000000003,10,1260.9000000000003,2opt,notBad
11400,10,1260.9000000000003,10,1260.9000000000003,move,improve
11401,10,1260.9000000000003,10,1260.9000000000003,2opt,notBad
11402,10,1260.9000000000003,10,1260.9000000000003,2opt,notBad
11403,10,1260.9000000000003,10,1260.9000000000003,2opt,notBad
11404,10,1260.9000000000003,10,1260.9000000000003,move,improve
11405,10,1260.9000000000003,10,1260.9000000000003,move,improve
11406,10,1260.9000000000003,10,1260.9000000000003,2opt,notBad
11407,10,1260.9000000000003,10,1260.9000000000003,swap,notBad
11408,10,1260.9000000000003,10,1260.9000000000003,2opt,improve
11409,10,1260.9000000000003,10,1260.9000000000003,2opt,notBad
11410,10,1260.9000000000003,10,1260.9000000000003,move,improve
11411,10,1260.9000000000003,10,1260.9000000000003,2opt,improve
11412,10,1260.9000000000003,10,1260.9000000000003,swap,notBad
11413,10,1260.9000000000003,10,1260.9000000000003,2opt,notBad
11414,10,1260.9000000000003,10,1260.9000000000003,move,improve
11415,10,1260.9000000000003,10,1260.9000000000003,move,improve
11416,10,1260.9000000000003,10,1260.9000000000003,swap,notBad
11417,10,1260.9000000000003,10,1260.9000000000003,move,improve
11418,10,1260.9000000000003,10,1260.9000000000003,2opt,notBad
11419,10,1260.9000000000003,10,1260.9000000000003,move,improve
11420,10,1260.9000000000003,10,1260.9000000000003,move,improve
11421,10,1260.9000000000003,10,1260.9000000000003,2opt,notBad
11422,10,1260.9000000000003,10,1260.9000000000003,move,improve
11423,10,1260.9000000000003,10,1260.9000000000003,move,improve
11424,10,1260.9000000000003,10,1260.9000000000003,move,improve
11425,10,1260.9000000000003,10,1260.9000000000003,move,improve
11426,10,1260.9000000000003,10,1260.9000000000003,2opt,notBad
11427,10,1260.9000000000003,10,1260.9000000000003,move,improve
11428,10,1260.9000000000003,10,1260.9000000000003,move,improve
11429,10,1260.9000000000003,10,1260.9000000000003,2opt,notBad
11430,10,1260.9000000000003,10,1260.9000000000003,2opt,notBad
11431,10,1260.9000000000003,10,1260.9000000000003,2opt,notBad
11432,10,1260.9000000000003,10,1260.9000000000003,swap,notBad
11433,10,1260.9000000000003,10,1260.9000000000003,move,improve
11434,10,1260.9000000000003,10,1260.9000000000003,move,improve
11435,10,1260.9000000000003,10,1260.9000000000003,swap,notBad
11436,10,1260.9000000000003,10,1260.9000000000003,2opt,notBad
11437,10,1260.9000000000003,10,1260.9000000000003,swap,notBad
11438,10,1260.9000000000003,10,1260.9000000000003,2opt,notBad
11439,10,1260.9000000000003,10,1260.9000000000003,2opt,notBad
11440,10,1260.9000000000003,10,1260.9000000000003,2opt,notBad
11441,10,1260.9000000000003,10,1260.9000000000003,swap,notBad
11442,10,1260.9000000000003,10,1260.9000000000003,move,improve
11443,10,1260.9000000000003,10,1260.9000000000003,move,improve
11444,10,1262.2000000000003,10,1260.9000000000003,swap,acceptBad
11445,10,1262.2000000000003,10,1260.9000000000003,2opt,notBad
11446,10,1262.2000000000003,10,1260.9000000000003,swap,notBad
11447,10,1262.2000000000003,10,1260.9000000000003,2opt,notBad
11448,10,1262.2000000000003,10,1260.9000000000003,swap,notBad
11449,10,1262.2000000000003,10,1260.9000000000003,swap,notBad
11450,10,1262.2000000000003,10,1260.9000000000003,2opt,improve
11451,10,1262.2000000000003,10,1260.9000000000003,2opt,improve
11452,10,1262.2000000000003,10,1260.9000000000003,2opt,notBad
11453,10,1262.2000000000003,10,1260.9000000000003,swap,notBad
11454,10,1262.2000000000003,10,1260.9000000000003,2opt,notBad
11455,10,1262.2000000000003,10,1260.9000000000003,2opt,notBad
11456,10,1262.2000000000003,10,1260.9000000000003,move,improve
11457,10,1262.2000000000003,10,1260.9000000000003,swap,notBad
11458,10,1262.2000000000003,10,1260.9000000000003,swap,notBad
11459,10,1262.2000000000003,10,1260.9000000000003,2opt,notBad
11460,10,1262.2000000000003,10,1260.9000000000003,swap,notBad
11461,10,1262.2000000000003,10,1260.9000000000003,move,improve
11462,10,1262.2000000000003,10,1260.9000000000003,swap,notBad
11463,10,1262.2000000000003,10,1260.9000000000003,move,improve
11464,10,1262.2000000000003,10,1260.9000000000003,2opt,notBad
11465,10,1262.2000000000003,10,1260.9000000000003,2opt,notBad
11466,10,1262.2000000000003,10,1260.9000000000003,move,improve
11467,10,1262.2000000000003,10,1260.9000000000003,move,improve
11468,10,1262.2000000000003,10,1260.9000000000003,move,improve
11469,10,1262.2000000000003,10,1260.9000000000003,2opt,notBad
11470,10,1262.2000000000003,10,1260.9000000000003,move,improve
11471,10,1262.2000000000003,10,1260.9000000000003,move,improve
11472,10,1262.2000000000003,10,1260.9000000000003,2opt,notBad
11473,10,1262.2000000000003,10,1260.9000000000003,swap,notBad
11474,10,1262.2000000000003,10,1260.9000000000003,move,improve
11475,10,1262.2000000000003,10,1260.9000000000003,2opt,notBad
11476,10,1262.2000000000003,10,1260.9000000000003,move,improve
11477,10,1262.2000000000003,10,1260.9000000000003,move,improve
11478,10,1262.2000000000003,10,1260.9000000000003,2opt,notBad
11479,10,1262.2000000000003,10,1260.9000000000003,swap,notBad
11480,10,1262.2000000000003,10,1260.9000000000003,2opt,notBad
11481,10,1262.2000000000003,10,1260.9000000000003,2opt,notBad
11482,10,1262.2000000000003,10,1260.9000000000003,swap,notBad
11483,10,1262.2000000000003,10,1260.9000000000003,move,improve
11484,10,1262.2000000000003,10,1260.9000000000003,move,improve
11485,10,1262.2000000000003,10,1260.9000000000003,swap,notBad
11486,10,1262.2000000000003,10,1260.9000000000003,move,improve
11487,10,1262.2000000000003,10,1260.9000000000003,2opt,notBad
11488,10,1262.2000000000003,10,1260.9000000000003,move,improve
11489,10,1262.2000000000003,10,1260.9000000000003,swap,notBad
11490,10,1262.2000000000003,10,1260.9000000000003,2opt,notBad
11491,10,1262.2000000000003,10,1260.9000000000003,swap,notBad
11492,10,1262.2000000000003,10,1260.9000000000003,move,improve
11493,10,1262.2000000000003,10,1260.9000000000003,2opt,notBad
11494,10,1262.2000000000003,10,1260.9000000000003,swap,notBad
11495,10,1262.2000000000003,10,1260.9000000000003,swap,notBad
11496,10,1262.2000000000003,10,1260.9000000000003,swap,notBad
11497,10,1262.2000000000003,10,1260.9000000000003,2opt,notBad
11498,10,1262.2000000000003,10,1260.9000000000003,swap,notBad
11499,10,1262.2000000000003,10,1260.9000000000003,swap,notBad
11500,10,1262.2000000000003,10,1260.9000000000003,move,improve
11501,10,1262.2000000000003,10,1260.9000000000003,2opt,notBad
11502,10,1262.2000000000003,10,1260.9000000000003,2opt,notBad
11503,10,1262.2000000000003,10,1260.9000000000003,swap,notBad
11504,10,1262.2000000000003,10,1260.9000000000003,swap,notBad
11505,10,1262.2000000000003,10,1260.9000000000003,move,improve
11506,10,1262.2000000000003,10,1260.9000000000003,2opt,notBad
11507,10,1262.2000000000003,10,1260.9000000000003,move,improve
11508,10,1262.2000000000003,10,1260.9000000000003,move,improve
11509,10,1262.2000000000003,10,1260.9000000000003,move,improve
11510,10,1262.2000000000003,10,1260.9000000000003,2opt,notBad
11511,10,1262.2000000000003,10,1260.9000000000003,move,improve
11512,10,1262.2000000000003,10,1260.9000000000003,move,improve
11513,10,1262.2000000000003,10,1260.9000000000003,move,improve
11514,10,1262.2000000000003,10,1260.9000000000003,move,improve
11515,10,1262.2000000000003,10,1260.9000000000003,2opt,notBad
11516,10,1262.2000000000003,10,1260.9000000000003,move,improve
11517,10,1262.2000000000003,10,1260.9000000000003,2opt,notBad
11518,10,1262.2000000000003,10,1260.9000000000003,swap,notBad
11519,10,1262.2000000000003,10,1260.9000000000003,2opt,notBad
11520,10,1262.2000000000003,10,1260.9000000000003,move,improve
11521,10,1262.2000000000003,10,1260.9000000000003,swap,notBad
11522,10,1262.2000000000003,10,1260.9000000000003,move,improve
11523,10,1262.2000000000003,10,1260.9000000000003,2opt,notBad
11524,10,1262.2000000000003,10,1260.9000000000003,swap,notBad
11525,10,1262.2000000000003,10,1260.9000000000003,2opt,notBad
11526,10,1262.2000000000003,10,1260.9000000000003,move,improve
11527,10,1262.2000000000003,10,1260.9000000000003,swap,notBad
11528,10,1262.2000000000003,10,1260.9000000000003,move,improve
11529,10,1262.2000000000003,10,1260.9000000000003,2opt,notBad
11530,10,1262.2000000000003,10,1260.9000000000003,move,improve
11531,10,1262.2000000000003,10,1260.9000000000003,move,improve
11532,10,1262.2000000000003,10,1260.9000000000003,move,improve
11533,10,1262.2000000000003,10,1260.9000000000003,2opt,notBad
11534,10,1262.2000000000003,10,1260.9000000000003,2opt,notBad
11535,10,1262.2000000000003,10,1260.9000000000003,2opt,notBad
11536,10,1262.2000000000003,10,1260.9000000000003,swap,notBad
11537,10,1262.2000000000003,10,1260.9000000000003,swap,notBad
11538,10,1262.2000000000003,10,1260.9000000000003,2opt,notBad
11539,10,1262.2000000000003,10,1260.9000000000003,move,improve
11540,10,1262.2000000000003,10,1260.9000000000003,move,improve
11541,10,1262.2000000000003,10,1260.9000000000003,swap,notBad
11542,10,1262.2000000000003,10,1260.9000000000003,swap,notBad
11543,10,1262.2000000000003,10,1260.9000000000003,swap,notBad
11544,10,1262.2000000000003,10,1260.9000000000003,move,improve
11545,10,1262.2000000000003,10,1260.9000000000003,move,improve
11546,10,1262.2000000000003,10,1260.9000000000003,move,improve
11547,10,1262.2000000000003,10,1260.9000000000003,move,improve
11548,10,1262.2000000000003,10,1260.9000000000003,2opt,notBad
11549,10,1262.2000000000003,10,1260.9000000000003,move,improve
11550,10,1262.2000000000003,10,1260.9000000000003,move,improve
11551,10,1262.2000000000003,10,1260.9000000000003,swap,notBad
11552,10,1262.2000000000003,10,1260.9000000000003,move,improve
11553,10,1262.2000000000003,10,1260.9000000000003,move,improve
11554,10,1262.2000000000003,10,1260.9000000000003,swap,notBad
11555,10,1262.2000000000003,10,1260.9000000000003,2opt,notBad
11556,10,1262.2000000000003,10,1260.9000000000003,move,improve
11557,10,1262.2000000000003,10,1260.9000000000003,move,improve
11558,10,1262.2000000000003,10,1260.9000000000003,move,improve
11559,10,1262.2000000000003,10,1260.9000000000003,2opt,notBad
11560,10,1262.2000000000003,10,1260.9000000000003,swap,notBad
11561,10,1262.2000000000003,10,1260.9000000000003,move,improve
11562,10,1262.2000000000003,10,1260.9000000000003,swap,notBad
11563,10,1262.2000000000003,10,1260.9000000000003,swap,notBad
11564,10,1262.2000000000003,10,1260.9000000000003,swap,notBad
11565,10,1262.2000000000003,10,1260.9000000000003,move,improve
11566,10,1262.2000000000003,10,1260.9000000000003,move,improve
11567,10,1262.2000000000003,10,1260.9000000000003,swap,notBad
11568,10,1262.2000000000003,10,1260.9000000000003,swap,notBad
11569,10,1262.2000000000003,10,1260.9000000000003,move,improve
11570,10,1262.2000000000003,10,1260.9000000000003,swap,notBad
11571,10,1262.2000000000003,10,1260.9000000000003,2opt,notBad
11572,10,1262.2000000000003,10,1260.9000000000003,move,improve
11573,10,1262.2000000000003,10,1260.9000000000003,swap,notBad
11574,10,1262.2000000000003,10,1260.9000000000003,2opt,notBad
11575,10,1262.2000000000003,10,1260.9000000000003,move,improve
11576,10,1262.2000000000003,10,1260.9000000000003,2opt,notBad
11577,10,1262.2000000000003,10,1260.9000000000003,move,improve
11578,10,1262.2000000000003,10,1260.9000000000003,move,improve
11579,10,1262.2000000000003,10,1260.9000000000003,2opt,notBad
11580,10,1262.2000000000003,10,1260.9000000000003,swap,notBad
11581,10,1262.2000000000003,10,1260.9000000000003,move,improve
11582,10,1262.2000000000003,10,1260.9000000000003,swap,notBad
11583,10,1262.2000000000003,10,1260.9000000000003,swap,notBad
11584,10,1262.2000000000003,10,1260.9000000000003,swap,notBad
11585,10,1262.2000000000003,10,1260.9000000000003,2opt,notBad
11586,10,1262.2000000000003,10,1260.9000000000003,2opt,notBad
11587,10,1262.2000000000003,10,1260.9000000000003,move,improve
11588,10,1262.2000000000003,10,1260.9000000000003,move,improve
11589,10,1262.2000000000003,10,1260.9000000000003,move,improve
11590,10,1262.2000000000003,10,1260.9000000000003,2opt,notBad
11591,10,1262.2000000000003,10,1260.9000000000003,swap,notBad
11592,10,1262.2000000000003,10,1260.9000000000003,2opt,notBad
11593,10,1262.2000000000003,10,1260.9000000000003,swap,notBad
11594,10,1262.2000000000003,10,1260.9000000000003,move,improve
11595,10,1262.2000000000003,10,1260.9000000000003,move,improve
11596,10,1262.2000000000003,10,1260.9000000000003,move,improve
11597,10,1262.2000000000003,10,1260.9000000000003,move,improve
11598,10,1262.2000000000003,10,1260.9000000000003,move,improve
11599,10,1262.2000000000003,10,1260.9000000000003,2opt,notBad
11600,10,1263.4000000000003,10,1260.9000000000003,move,acceptBad
11601,10,1263.4000000000003,10,1260.9000000000003,move,improve
11602,10,1263.4000000000003,10,1260.9000000000003,swap,notBad
11603,10,1263.4000000000003,10,1260.9000000000003,swap,notBad
11604,10,1263.4000000000003,10,1260.9000000000003,move,improve
11605,10,1263.4000000000003,10,1260.9000000000003,2opt,notBad
11606,10,1263.4000000000003,10,1260.9000000000003,2opt,notBad
11607,10,1263.4000000000003,10,1260.9000000000003,swap,notBad
11608,10,1263.4000000000003,10,1260.9000000000003,swap,notBad
11609,10,1263.4000000000003,10,1260.9000000000003,swap,notBad
11610,10,1263.4000000000003,10,1260.9000000000003,move,improve
11611,10,1263.4000000000003,10,1260.9000000000003,2opt,notBad
11612,10,1263.4000000000003,10,1260.9000000000003,move,improve
11613,10,1263.4000000000003,10,1260.9000000000003,2opt,notBad
11614,10,1263.4000000000003,10,1260.9000000000003,2opt,notBad
11615,10,1263.4000000000003,10,1260.9000000000003,swap,notBad
11616,10,1263.4000000000003,10,1260.9000000000003,2opt,notBad
11617,10,1263.4000000000003,10,1260.9000000000003,move,improve
11618,10,1263.4000000000003,10,1260.9000000000003,move,improve
11619,10,1263.4000000000003,10,1260.9000000000003,swap,notBad
11620,10,1263.4000000000003,10,1260.9000000000003,swap,notBad
11621,10,1263.4000000000003,10,1260.9000000000003,move,improve
11622,10,1263.4000000000003,10,1260.9000000000003,swap,notBad
11623,10,1263.4000000000003,10,1260.9000000000003,move,improve
11624,10,1263.4000000000003,10,1260.9000000000003,2opt,notBad
11625,10,1263.4000000000003,10,1260.9000000000003,2opt,notBad
11626,10,1263.4000000000003,10,1260.9000000000003,2opt,improve
11627,10,1263.4000000000003,10,1260.9000000000003,2opt,improve
11628,10,1263.4000000000003,10,1260.9000000000003,2opt,notBad
11629,10,1263.4000000000003,10,1260.9000000000003,2opt,notBad
11630,10,1263.4000000000003,10,1260.9000000000003,2opt,notBad
11631,10,1263.4000000000003,10,1260.9000000000003,swap,notBad
11632,10,1263.4000000000003,10,1260.9000000000003,move,improve
11633,10,1262.1000000000004,10,1260.9000000000003,move,improve
11634,10,1262.1000000000004,10,1260.9000000000003,2opt,notBad
11635,10,1262.1000000000004,10,1260.9000000000003,2opt,notBad
11636,10,1262.1000000000004,10,1260.9000000000003,move,improve
11637,10,1262.1000000000004,10,1260.9000000000003,move,improve
11638,10,1262.1000000000004,10,1260.9000000000003,2opt,notBad
11639,10,1262.1000000000004,10,1260.9000000000003,2opt,notBad
11640,10,1262.1000000000004,10,1260.9000000000003,move,improve
11641,10,1262.1000000000004,10,1260.9000000000003,swap,notBad
11642,10,1262.1000000000004,10,1260.9000000000003,2opt,notBad
11643,10,1262.1000000000004,10,1260.9000000000003,move,improve
11644,10,1262.1000000000004,10,1260.9000000000003,2opt,notBad
11645,10,1262.1000000000004,10,1260.9000000000003,move,improve
11646,10,1262.1000000000004,10,1260.9000000000003,2opt,notBad
11647,10,1262.1000000000004,10,1260.9000000000003,move,improve
11648,10,1262.1000000000004,10,1260.9000000000003,swap,notBad
11649,10,1262.1000000000004,10,1260.9000000000003,move,improve
11650,10,1262.1000000000004,10,1260.9000000000003,swap,notBad
11651,10,1262.1000000000004,10,1260.9000000000003,move,improve
11652,10,1262.1000000000004,10,1260.9000000000003,2opt,notBad
11653,10,1262.1000000000004,10,1260.9000000000003,swap,notBad
11654,10,1262.1000000000004,10,1260.9000000000003,swap,notBad
11655,10,1262.1000000000004,10,1260.9000000000003,swap,notBad
11656,10,1262.1000000000004,10,1260.9000000000003,swap,notBad
11657,10,1262.1000000000004,10,1260.9000000000003,2opt,notBad
11658,10,1262.1000000000004,10,1260.9000000000003,2opt,notBad
11659,10,1262.1000000000004,10,1260.9000000000003,2opt,notBad
11660,10,1262.1000000000004,10,1260.9000000000003,2opt,notBad
11661,10,1262.1000000000004,10,1260.9000000000003,2opt,notBad
11662,10,1262.1000000000004,10,1260.9000000000003,swap,notBad
11663,10,1262.1000000000004,10,1260.9000000000003,move,improve
11664,10,1262.1000000000004,10,1260.9000000000003,2opt,notBad
11665,10,1262.1000000000004,10,1260.9000000000003,move,improve
11666,10,1262.1000000000004,10,1260.9000000000003,move,improve
11667,10,1262.1000000000004,10,1260.9000000000003,2opt,notBad
11668,10,1262.1000000000004,10,1260.9000000000003,swap,notBad
11669,10,1262.1000000000004,10,1260.9000000000003,move,improve
11670,10,1262.1000000000004,10,1260.9000000000003,swap,notBad
11671,10,1262.1000000000004,10,1260.9000000000003,swap,notBad
11672,10,1262.1000000000004,10,1260.9000000000003,2opt,notBad
11673,10,1262.1000000000004,10,1260.9000000000003,move,improve
11674,10,1262.1000000000004,10,1260.9000000000003,2opt,notBad
11675,10,1262.1000000000004,10,1260.9000000000003,swap,notBad
11676,10,1262.1000000000004,10,1260.9000000000003,swap,notBad
11677,10,1262.1000000000004,10,1260.9000000000003,move,improve
11678,10,1260.9000000000003,10,1260.9000000000003,move,improve
11679,10,1260.9000000000003,10,1260.9000000000003,swap,notBad
11680,10,1260.9000000000003,10,1260.9000000000003,move,improve
11681,10,1260.9000000000003,10,1260.9000000000003,swap,notBad
11682,10,1260.9000000000003,10,1260.9000000000003,move,improve
11683,10,1260.9000000000003,10,1260.9000000000003,move,improve
11684,10,1260.9000000000003,10,1260.9000000000003,2opt,notBad
11685,10,1260.9000000000003,10,1260.9000000000003,move,improve
11686,10,1260.9000000000003,10,1260.9000000000003,move,improve
11687,10,1260.9000000000003,10,1260.9000000000003,move,improve
11688,10,1260.9000000000003,10,1260.9000000000003,move,improve
11689,10,1260.9000000000003,10,1260.9000000000003,move,improve
11690,10,1260.9000000000003,10,1260.9000000000003,swap,notBad
11691,10,1260.9000000000003,10,1260.9000000000003,swap,notBad
11692,10,1260.9000000000003,10,1260.9000000000003,swap,notBad
11693,10,1260.9000000000003,10,1260.9000000000003,move,improve
11694,10,1260.9000000000003,10,1260.9000000000003,2opt,notBad
11695,10,1260.9000000000003,10,1260.9000000000003,move,improve
11696,10,1260.9000000000003,10,1260.9000000000003,move,improve
11697,10,1260.9000000000003,10,1260.9000000000003,2opt,notBad
11698,10,1260.9000000000003,10,1260.9000000000003,move,improve
11699,10,1260.9000000000003,10,1260.9000000000003,move,improve
11700,10,1260.9000000000003,10,1260.9000000000003,move,improve
11701,10,1260.9000000000003,10,1260.9000000000003,swap,notBad
11702,10,1260.9000000000003,10,1260.9000000000003,swap,notBad
11703,10,1260.9000000000003,10,1260.9000000000003,2opt,notBad
11704,10,1260.9000000000003,10,1260.9000000000003,swap,notBad
11705,10,1260.9000000000003,10,1260.9000000000003,move,improve
11706,10,1260.9000000000003,10,1260.9000000000003,move,improve
11707,10,1260.9000000000003,10,1260.9000000000003,move,improve
11708,10,1260.9000000000003,10,1260.9000000000003,swap,notBad
11709,10,1260.9000000000003,10,1260.9000000000003,2opt,notBad
11710,10,1260.9000000000003,10,1260.9000000000003,swap,notBad
11711,10,1260.9000000000003,10,1260.9000000000003,move,improve
11712,10,1260.9000000000003,10,1260.9000000000003,2opt,notBad
11713,10,1260.9000000000003,10,1260.9000000000003,swap,notBad
11714,10,1260.9000000000003,10,1260.9000000000003,2opt,notBad
11715,10,1260.9000000000003,10,1260.9000000000003,swap,notBad
11716,10,1260.9000000000003,10,1260.9000000000003,move,improve
11717,10,1260.9000000000003,10,1260.9000000000003,swap,notBad
11718,10,1260.9000000000003,10,1260.9000000000003,swap,notBad
11719,10,1260.9000000000003,10,1260.9000000000003,2opt,notBad
11720,10,1260.9000000000003,10,1260.9000000000003,move,improve
11721,10,1260.9000000000003,10,1260.9000000000003,move,improve
11722,10,1260.9000000000003,10,1260.9000000000003,swap,notBad
11723,10,1260.9000000000003,10,1260.9000000000003,move,improve
11724,10,1260.9000000000003,10,1260.9000000000003,2opt,notBad
11725,10,1260.9000000000003,10,1260.9000000000003,2opt,notBad
11726,10,1260.9000000000003,10,1260.9000000000003,2opt,notBad
11727,10,1260.9000000000003,10,1260.9000000000003,2opt,notBad
11728,10,1260.9000000000003,10,1260.9000000000003,2opt,notBad
11729,10,1260.9000000000003,10,1260.9000000000003,move,improve
11730,10,1260.9000000000003,10,1260.9000000000003,move,improve
11731,10,1260.9000000000003,10,1260.9000000000003,move,improve
11732,10,1260.9000000000003,10,1260.9000000000003,swap,notBad
11733,10,1260.9000000000003,10,1260.9000000000003,move,improve
11734,10,1260.9000000000003,10,1260.9000000000003,move,improve
11735,10,1260.9000000000003,10,1260.9000000000003,move,improve
11736,10,1260.9000000000003,10,1260.9000000000003,2opt,notBad
11737,10,1260.9000000000003,10,1260.9000000000003,2opt,notBad
11738,10,1260.9000000000003,10,1260.9000000000003,move,improve
11739,10,1260.9000000000003,10,1260.9000000000003,move,improve
11740,10,1260.9000000000003,10,1260.9000000000003,swap,notBad
11741,10,1260.9000000000003,10,1260.9000000000003,move,improve
11742,10,1260.9000000000003,10,1260.9000000000003,2opt,notBad
11743,10,1260.9000000000003,10,1260.9000000000003,move,improve
11744,10,1260.9000000000003,10,1260.9000000000003,swap,notBad
11745,10,1260.9000000000003,10,1260.9000000000003,swap,notBad
11746,10,1260.9000000000003,10,1260.9000000000003,2opt,notBad
11747,10,1260.9000000000003,10,1260.9000000000003,2opt,improve
11748,10,1260.9000000000003,10,1260.9000000000003,2opt,notBad
11749,10,1260.9000000000003,10,1260.9000000000003,move,improve
11750,10,1260.9000000000003,10,1260.9000000000003,move,improve
11751,10,1260.9000000000003,10,1260.9000000000003,move,improve
11752,10,1260.9000000000003,10,1260.9000000000003,2opt,notBad
11753,10,1260.9000000000003,10,1260.9000000000003,2opt,notBad
11754,10,1260.9000000000003,10,1260.9000000000003,2opt,notBad
11755,10,1260.9000000000003,10,1260.9000000000003,swap,notBad
11756,10,1260.9000000000003,10,1260.9000000000003,2opt,notBad
11757,10,1260.9000000000003,10,1260.9000000000003,2opt,notBad
11758,10,1260.9000000000003,10,1260.9000000000003,move,improve
11759,10,1260.9000000000003,10,1260.9000000000003,move,improve
11760,10,1260.9000000000003,10,1260.9000000000003,swap,notBad
11761,10,1260.9000000000003,10,1260.9000000000003,move,improve
11762,10,1260.9000000000003,10,1260.9000000000003,move,improve
11763,10,1260.9000000000003,10,1260.9000000000003,swap,notBad
11764,10,1260.9000000000003,10,1260.9000000000003,move,improve
11765,10,1260.9000000000003,10,1260.9000000000003,swap,notBad
11766,10,1260.9000000000003,10,1260.9000000000003,2opt,notBad
11767,10,1260.9000000000003,10,1260.9000000000003,move,improve
11768,10,1260.9000000000003,10,1260.9000000000003,swap,notBad
11769,10,1260.9000000000003,10,1260.9000000000003,move,improve
11770,10,1260.9000000000003,10,1260.9000000000003,2opt,notBad
11771,10,1260.9000000000003,10,1260.9000000000003,2opt,notBad
11772,10,1260.9000000000003,10,1260.9000000000003,move,improve
11773,10,1260.9000000000003,10,1260.9000000000003,move,improve
11774,10,1260.9000000000003,10,1260.9000000000003,swap,notBad
11775,10,1260.9000000000003,10,1260.9000000000003,2opt,notBad
11776,10,1260.9000000000003,10,1260.9000000000003,swap,notBad
11777,10,1260.9000000000003,10,1260.9000000000003,2opt,notBad
11778,10,1260.9000000000003,10,1260.9000000000003,move,improve
11779,10,1260.9000000000003,10,1260.9000000000003,2opt,notBad
11780,10,1260.9000000000003,10,1260.9000000000003,move,improve
11781,10,1260.9000000000003,10,1260.9000000000003,swap,notBad
11782,10,1260.9000000000003,10,1260.9000000000003,move,improve
11783,10,1260.9000000000003,10,1260.9000000000003,swap,notBad
11784,10,1260.9000000000003,10,1260.9000000000003,swap,notBad
11785,10,1260.9000000000003,10,1260.9000000000003,move,improve
11786,10,1260.9000000000003,10,1260.9000000000003,2opt,notBad
11787,10,1260.9000000000003,10,1260.9000000000003,swap,notBad
11788,10,1260.9000000000003,10,1260.9000000000003,2opt,notBad
11789,10,1260.9000000000003,10,1260.9000000000003,move,improve
11790,10,1260.9000000000003,10,1260.9000000000003,move,improve
11791,10,1262.2000000000003,10,1260.9000000000003,swap,acceptBad
11792,10,1262.2000000000003,10,1260.9000000000003,move,improve
11793,10,1262.2000000000003,10,1260.9000000000003,swap,notBad
11794,10,1262.2000000000003,10,1260.9000000000003,move,improve
11795,10,1262.2000000000003,10,1260.9000000000003,2opt,notBad
11796,10,1262.2000000000003,10,1260.9000000000003,2opt,notBad
11797,10,1262.2000000000003,10,1260.9000000000003,swap,notBad
11798,10,1262.2000000000003,10,1260.9000000000003,2opt,notBad
11799,10,1262.2000000000003,10,1260.9000000000003,move,improve
11800,10,1262.2000000000003,10,1260.9000000000003,swap,notBad
11801,10,1262.2000000000003,10,1260.9000000000003,2opt,notBad
11802,10,1262.2000000000003,10,1260.9000000000003,swap,notBad
11803,10,1262.2000000000003,10,1260.9000000000003,2opt,notBad
11804,10,1262.2000000000003,10,1260.9000000000003,swap,notBad
11805,10,1262.2000000000003,10,1260.9000000000003,move,improve
11806,10,1262.2000000000003,10,1260.9000000000003,move,improve
11807,10,1262.2000000000003,10,1260.9000000000003,2opt,notBad
11808,10,1262.2000000000003,10,1260.9000000000003,2opt,notBad
11809,10,1262.2000000000003,10,1260.9000000000003,2opt,notBad
11810,10,1262.2000000000003,10,1260.9000000000003,2opt,notBad
11811,10,1262.2000000000003,10,1260.9000000000003,2opt,notBad
11812,10,1262.2000000000003,10,1260.9000000000003,move,improve
11813,10,1262.2000000000003,10,1260.9000000000003,move,improve
11814,10,1262.2000000000003,10,1260.9000000000003,2opt,improve
11815,10,1262.2000000000003,10,1260.9000000000003,swap,notBad
11816,10,1262.2000000000003,10,1260.9000000000003,move,improve
11817,10,1262.2000000000003,10,1260.9000000000003,2opt,notBad
11818,10,1262.2000000000003,10,1260.9000000000003,2opt,improve
11819,10,1262.2000000000003,10,1260.9000000000003,2opt,notBad
11820,10,1262.2000000000003,10,1260.9000000000003,swap,notBad
11821,10,1263.4000000000003,10,1260.9000000000003,move,acceptBad
11822,10,1263.4000000000003,10,1260.9000000000003,move,improve
11823,10,1263.4000000000003,10,1260.9000000000003,2opt,notBad
11824,10,1263.4000000000003,10,1260.9000000000003,2opt,notBad
11825,10,1263.4000000000003,10,1260.9000000000003,2opt,notBad
11826,10,1263.4000000000003,10,1260.9000000000003,swap,notBad
11827,10,1263.4000000000003,10,1260.9000000000003,swap,notBad
11828,10,1263.4000000000003,10,1260.9000000000003,move,improve
11829,10,1263.4000000000003,10,1260.9000000000003,move,improve
11830,10,1263.4000000000003,10,1260.9000000000003,2opt,notBad
11831,10,1263.4000000000003,10,1260.9000000000003,move,improve
11832,10,1263.4000000000003,10,1260.9000000000003,swap,notBad
11833,10,1263.4000000000003,10,1260.9000000000003,2opt,notBad
11834,10,1263.4000000000003,10,1260.9000000000003,swap,notBad
11835,10,1263.4000000000003,10,1260.9000000000003,move,improve
11836,10,1263.4000000000003,10,1260.9000000000003,2opt,notBad
11837,10,1263.4000000000003,10,1260.9000000000003,move,improve
11838,10,1263.4000000000003,10,1260.9000000000003,2opt,notBad
11839,10,1263.4000000000003,10,1260.9000000000003,2opt,notBad
11840,10,1263.4000000000003,10,1260.9000000000003,swap,notBad
11841,10,1263.4000000000003,10,1260.9000000000003,move,improve
11842,10,1263.4000000000003,10,1260.9000000000003,2opt,notBad
11843,10,1263.4000000000003,10,1260.9000000000003,2opt,notBad
11844,10,1262.6000000000001,10,1260.9000000000003,2opt,improve
11845,10,1262.6000000000001,10,1260.9000000000003,swap,notBad
11846,10,1262.6000000000001,10,1260.9000000000003,move,improve
11847,10,1262.6000000000001,10,1260.9000000000003,swap,notBad
11848,10,1262.6000000000001,10,1260.9000000000003,move,improve
11849,10,1262.6000000000001,10,1260.9000000000003,swap,notBad
11850,10,1262.6000000000001,10,1260.9000000000003,move,improve
11851,10,1262.6000000000001,10,1260.9000000000003,swap,notBad
11852,10,1262.6000000000001,10,1260.9000000000003,swap,notBad
11853,10,1262.6000000000001,10,1260.9000000000003,move,improve
11854,10,1262.6000000000001,10,1260.9000000000003,swap,notBad
11855,10,1262.6000000000001,10,1260.9000000000003,swap,notBad
11856,10,1262.6000000000001,10,1260.9000000000003,2opt,notBad
11857,10,1262.6000000000001,10,1260.9000000000003,2opt,notBad
11858,10,1262.6000000000001,10,1260.9000000000003,move,improve
11859,10,1262.6000000000001,10,1260.9000000000003,2opt,notBad
11860,10,1262.6000000000001,10,1260.9000000000003,move,improve
11861,10,1262.6000000000001,10,1260.9000000000003,2opt,notBad
11862,10,1262.6000000000001,10,1260.9000000000003,move,improve
11863,10,1262.6000000000001,10,1260.9000000000003,swap,notBad
11864,10,1262.6000000000001,10,1260.9000000000003,swap,notBad
11865,10,1262.6000000000001,10,1260.9000000000003,2opt,notBad
11866,10,1262.6000000000001,10,1260.9000000000003,move,improve
11867,10,1262.6000000000001,10,1260.9000000000003,swap,notBad
11868,10,1262.6000000000001,10,1260.9000000000003,swap,notBad
11869,10,1262.6000000000001,10,1260.9000000000003,swap,notBad
11870,10,1262.6000000000001,10,1260.9000000000003,move,improve
11871,10,1262.6000000000001,10,1260.9000000000003,move,improve
11872,10,1262.6000000000001,10,1260.9000000000003,swap,notBad
11873,10,1262.6000000000001,10,1260.9000000000003,swap,notBad
11874,10,1262.6000000000001,10,1260.9000000000003,move,improve
11875,10,1262.6000000000001,10,1260.9000000000003,move,improve
11876,10,1262.6000000000001,10,1260.9000000000003,2opt,notBad
11877,10,1262.6000000000001,10,1260.9000000000003,2opt,notBad
11878,10,1262.6000000000001,10,1260.9000000000003,2opt,notBad
11879,10,1262.6000000000001,10,1260.9000000000003,2opt,notBad
11880,10,1262.6000000000001,10,1260.9000000000003,2opt,notBad
11881,10,1262.6000000000001,10,1260.9000000000003,move,improve
11882,10,1262.6000000000001,10,1260.9000000000003,2opt,notBad
11883,10,1262.6000000000001,10,1260.9000000000003,move,improve
11884,10,1262.6000000000001,10,1260.9000000000003,swap,notBad
11885,10,1262.6000000000001,10,1260.9000000000003,swap,notBad
11886,10,1262.6000000000001,10,1260.9000000000003,move,improve
11887,10,1262.6000000000001,10,1260.9000000000003,move,improve
11888,10,1262.6000000000001,10,1260.9000000000003,swap,notBad
11889,10,1262.6000000000001,10,1260.9000000000003,2opt,notBad
11890,10,1262.6000000000001,10,1260.9000000000003,2opt,notBad
11891,10,1262.6000000000001,10,1260.9000000000003,swap,notBad
11892,10,1262.6000000000001,10,1260.9000000000003,2opt,notBad
11893,10,1262.6000000000001,10,1260.9000000000003,move,improve
11894,10,1262.6000000000001,10,1260.9000000000003,swap,notBad
11895,10,1262.6000000000001,10,1260.9000000000003,move,improve
11896,10,1262.6000000000001,10,1260.9000000000003,2opt,improve
11897,10,1262.6000000000001,10,1260.9000000000003,swap,notBad
11898,10,1262.6000000000001,10,1260.9000000000003,move,improve
11899,10,1262.6000000000001,10,1260.9000000000003,move,improve
11900,10,1262.6000000000001,10,1260.9000000000003,move,improve
11901,10,1262.6000000000001,10,1260.9000000000003,2opt,notBad
11902,10,1262.6000000000001,10,1260.9000000000003,move,improve
11903,10,1262.6000000000001,10,1260.9000000000003,2opt,notBad
11904,10,1262.6000000000001,10,1260.9000000000003,move,improve
11905,10,1262.6000000000001,10,1260.9000000000003,swap,notBad
11906,10,1262.6000000000001,10,1260.9000000000003,swap,notBad
11907,10,1262.6000000000001,10,1260.9000000000003,move,improve
11908,10,1262.6000000000001,10,1260.9000000000003,swap,notBad
11909,10,1262.6000000000001,10,1260.9000000000003,2opt,notBad
11910,10,1262.6000000000001,10,1260.9000000000003,move,improve
11911,10,1262.6000000000001,10,1260.9000000000003,swap,notBad
11912,10,1262.6000000000001,10,1260.9000000000003,move,improve
11913,10,1262.6000000000001,10,1260.9000000000003,move,improve
11914,10,1262.6000000000001,10,1260.9000000000003,2opt,notBad
11915,10,1262.6000000000001,10,1260.9000000000003,move,improve
11916,10,1262.6000000000001,10,1260.9000000000003,2opt,notBad
11917,10,1262.6000000000001,10,1260.9000000000003,move,improve
11918,10,1262.6000000000001,10,1260.9000000000003,swap,notBad
11919,10,1262.6000000000001,10,1260.9000000000003,swap,notBad
11920,10,1262.6000000000001,10,1260.9000000000003,move,improve
11921,10,1262.6000000000001,10,1260.9000000000003,move,improve
11922,10,1262.6000000000001,10,1260.9000000000003,move,improve
11923,10,1262.6000000000001,10,1260.9000000000003,swap,notBad
11924,10,1262.6000000000001,10,1260.9000000000003,2opt,notBad
11925,10,1262.6000000000001,10,1260.9000000000003,move,improve
11926,10,1262.6000000000001,10,1260.9000000000003,move,improve
11927,10,1262.6000000000001,10,1260.9000000000003,move,improve
11928,10,1262.6000000000001,10,1260.9000000000003,2opt,notBad
11929,10,1262.6000000000001,10,1260.9000000000003,move,improve
11930,10,1262.6000000000001,10,1260.9000000000003,move,improve
11931,10,1262.6000000000001,10,1260.9000000000003,swap,notBad
11932,10,1262.6000000000001,10,1260.9000000000003,2opt,notBad
11933,10,1262.6000000000001,10,1260.9000000000003,2opt,notBad
11934,10,1262.6000000000001,10,1260.9000000000003,2opt,improve
11935,10,1262.6000000000001,10,1260.9000000000003,move,improve
11936,10,1262.6000000000001,10,1260.9000000000003,2opt,notBad
11937,10,1262.6000000000001,10,1260.9000000000003,swap,notBad
11938,10,1262.6000000000001,10,1260.9000000000003,move,improve
11939,10,1262.6000000000001,10,1260.9000000000003,swap,notBad
11940,10,1262.6000000000001,10,1260.9000000000003,move,improve
11941,10,1262.6000000000001,10,1260.9000000000003,move,improve
11942,10,1262.6000000000001,10,1260.9000000000003,move,improve
11943,10,1262.6000000000001,10,1260.9000000000003,swap,notBad
11944,10,1262.6000000000001,10,1260.9000000000003,2opt,notBad
11945,10,1262.6000000000001,10,1260.9000000000003,2opt,notBad
11946,10,1262.6000000000001,10,1260.9000000000003,move,improve
11947,10,1262.6000000000001,10,1260.9000000000003,move,improve
11948,10,1262.6000000000001,10,1260.9000000000003,2opt,notBad
11949,10,1262.6000000000001,10,1260.9000000000003,move,improve
11950,10,1262.6000000000001,10,1260.9000000000003,swap,notBad
11951,10,1262.6000000000001,10,1260.9000000000003,2opt,improve
11952,10,1262.6000000000001,10,1260.9000000000003,move,improve
11953,10,1262.6000000000001,10,1260.9000000000003,swap,notBad
11954,10,1262.6000000000001,10,1260.9000000000003,swap,notBad
11955,10,1262.6000000000001,10,1260.9000000000003,move,improve
11956,10,1262.6000000000001,10,1260.9000000000003,2opt,notBad
11957,10,1262.6000000000001,10,1260.9000000000003,swap,notBad
11958,10,1262.6000000000001,10,1260.9000000000003,2opt,notBad
11959,10,1262.6000000000001,10,1260.9000000000003,swap,notBad
11960,10,1262.6000000000001,10,1260.9000000000003,2opt,notBad
11961,10,1262.6000000000001,10,1260.9000000000003,swap,notBad
11962,10,1262.6000000000001,10,1260.9000000000003,swap,notBad
11963,10,1262.6000000000001,10,1260.9000000000003,2opt,notBad
11964,10,1262.6000000000001,10,1260.9000000000003,move,improve
11965,10,1262.6000000000001,10,1260.9000000000003,swap,notBad
11966,10,1262.6000000000001,10,1260.9000000000003,move,improve
11967,10,1262.6000000000001,10,1260.9000000000003,swap,notBad
11968,10,1262.6000000000001,10,1260.9000000000003,2opt,notBad
11969,10,1262.6000000000001,10,1260.9000000000003,move,improve
11970,10,1262.6000000000001,10,1260.9000000000003,swap,notBad
11971,10,1262.6000000000001,10,1260.9000000000003,2opt,notBad
11972,10,1262.6000000000001,10,1260.9000000000003,2opt,notBad
11973,10,1262.6000000000001,10,1260.9000000000003,move,improve
11974,10,1262.6000000000001,10,1260.9000000000003,swap,notBad
11975,10,1263.9,10,1260.9000000000003,swap,acceptBad
11976,10,1263.9,10,1260.9000000000003,move,improve
11977,10,1263.9,10,1260.9000000000003,move,improve
11978,10,1263.9,10,1260.9000000000003,2opt,notBad
11979,10,1263.9,10,1260.9000000000003,swap,notBad
11980,10,1263.9,10,1260.9000000000003,move,improve
11981,10,1263.9,10,1260.9000000000003,swap,notBad
11982,10,1263.9,10,1260.9000000000003,move,improve
11983,10,1263.9,10,1260.9000000000003,swap,notBad
11984,10,1263.9,10,1260.9000000000003,move,improve
11985,10,1263.9,10,1260.9000000000003,2opt,notBad
11986,10,1263.9,10,1260.9000000000003,2opt,notBad
11987,10,1263.9,10,1260.9000000000003,swap,notBad
11988,10,1263.9,10,1260.9000000000003,swap,notBad
11989,10,1263.9,10,1260.9000000000003,2opt,notBad
11990,10,1263.9,10,1260.9000000000003,2opt,notBad
11991,10,1263.9,10,1260.9000000000003,move,improve
11992,10,1263.9,10,1260.9000000000003,2opt,notBad
11993,10,1263.9,10,1260.9000000000003,swap,notBad
11994,10,1263.9,10,1260.9000000000003,swap,notBad
11995,10,1263.9,10,1260.9000000000003,swap,notBad
11996,10,1263.9,10,1260.9000000000003,move,improve
11997,10,1263.9,10,1260.9000000000003,swap,notBad
11998,10,1263.9,10,1260.9000000000003,swap,notBad
11999,10,1263.9,10,1260.9000000000003,move,improve
12000,10,1263.9,10,1260.9000000000003,move,improve
12001,10,1263.9,10,1260.9000000000003,swap,notBad
12002,10,1263.9,10,1260.9000000000003,move,improve
12003,10,1263.9,10,1260.9000000000003,swap,notBad
12004,10,1263.9,10,1260.9000000000003,move,improve
12005,10,1263.9,10,1260.9000000000003,swap,notBad
12006,10,1263.9,10,1260.9000000000003,swap,notBad
12007,10,1263.9,10,1260.9000000000003,move,improve
12008,10,1263.9,10,1260.9000000000003,move,improve
12009,10,1263.9,10,1260.9000000000003,move,improve
12010,10,1263.9,10,1260.9000000000003,move,improve
12011,10,1263.9,10,1260.9000000000003,move,improve
12012,10,1263.9,10,1260.9000000000003,swap,notBad
12013,10,1263.9,10,1260.9000000000003,2opt,notBad
12014,10,1263.9,10,1260.9000000000003,2opt,notBad
12015,10,1263.9,10,1260.9000000000003,swap,notBad
12016,10,1263.9,10,1260.9000000000003,swap,notBad
12017,10,1263.9,10,1260.9000000000003,move,improve
12018,10,1263.9,10,1260.9000000000003,move,improve
12019,10,1263.9,10,1260.9000000000003,swap,notBad
12020,10,1263.9,10,1260.9000000000003,swap,notBad
12021,10,1263.9,10,1260.9000000000003,swap,notBad
12022,10,1263.9,10,1260.9000000000003,move,improve
12023,10,1263.9,10,1260.9000000000003,swap,notBad
12024,10,1263.9,10,1260.9000000000003,swap,notBad
12025,10,1263.9,10,1260.9000000000003,swap,notBad
12026,10,1263.9,10,1260.9000000000003,move,improve
12027,10,1263.9,10,1260.9000000000003,move,improve
12028,10,1263.9,10,1260.9000000000003,2opt,notBad
12029,10,1263.9,10,1260.9000000000003,move,improve
12030,10,1263.9,10,1260.9000000000003,swap,notBad
12031,10,1263.9,10,1260.9000000000003,swap,notBad
12032,10,1263.9,10,1260.9000000000003,2opt,notBad
12033,10,1263.9,10,1260.9000000000003,move,improve
12034,10,1263.0,10,1260.9000000000003,move,improve
12035,10,1263.0,10,1260.9000000000003,swap,notBad
12036,10,1263.0,10,1260.9000000000003,move,improve
12037,10,1263.0,10,1260.9000000000003,swap,notBad
12038,10,1263.0,10,1260.9000000000003,swap,notBad
12039,10,1263.0,10,1260.9000000000003,swap,notBad
12040,10,1263.0,10,1260.9000000000003,swap,notBad
12041,10,1263.0,10,1260.9000000000003,move,improve
12042,10,1261.8,10,1260.9000000000003,move,improve
12043,10,1261.8,10,1260.9000000000003,move,improve
12044,10,1261.8,10,1260.9000000000003,2opt,notBad
12045,10,1261.8,10,1260.9000000000003,2opt,notBad
12046,10,1261.8,10,1260.9000000000003,swap,notBad
12047,10,1261.8,10,1260.9000000000003,2opt,notBad
12048,10,1261.8,10,1260.9000000000003,move,improve
12049,10,1261.8,10,1260.9000000000003,2opt,notBad
12050,10,1261.8,10,1260.9000000000003,2opt,notBad
12051,10,1261.8,10,1260.9000000000003,2opt,notBad
12052,10,1261.8,10,1260.9000000000003,move,improve
12053,10,1261.8,10,1260.9000000000003,2opt,improve
12054,10,1261.8,10,1260.9000000000003,swap,notBad
12055,10,1261.8,10,1260.9000000000003,2opt,notBad
12056,10,1261.8,10,1260.9000000000003,2opt,notBad
12057,10,1261.8,10,1260.9000000000003,swap,notBad
12058,10,1261.8,10,1260.9000000000003,swap,notBad
12059,10,1261.8,10,1260.9000000000003,move,improve
12060,10,1261.8,10,1260.9000000000003,2opt,notBad
12061,10,1261.8,10,1260.9000000000003,move,improve
12062,10,1261.8,10,1260.9000000000003,2opt,notBad
12063,10,1261.8,10,1260.9000000000003,swap,notBad
12064,10,1261.8,10,1260.9000000000003,move,improve
12065,10,1261.8,10,1260.9000000000003,move,improve
12066,10,1261.8,10,1260.9000000000003,swap,notBad
12067,10,1261.8,10,1260.9000000000003,2opt,notBad
12068,10,1261.4,10,1260.9000000000003,move,improve
12069,10,1261.4,10,1260.9000000000003,2opt,notBad
12070,10,1261.4,10,1260.9000000000003,swap,notBad
12071,10,1261.4,10,1260.9000000000003,2opt,notBad
12072,10,1261.4,10,1260.9000000000003,2opt,notBad
12073,10,1261.4,10,1260.9000000000003,move,improve
12074,10,1261.4,10,1260.9000000000003,2opt,notBad
12075,10,1261.4,10,1260.9000000000003,swap,notBad
12076,10,1261.4,10,1260.9000000000003,move,improve
12077,10,1261.4,10,1260.9000000000003,swap,notBad
12078,10,1261.4,10,1260.9000000000003,move,improve
12079,10,1261.4,10,1260.9000000000003,2opt,improve
12080,10,1261.4,10,1260.9000000000003,swap,notBad
12081,10,1261.4,10,1260.9000000000003,swap,notBad
12082,10,1261.4,10,1260.9000000000003,swap,notBad
12083,10,1261.4,10,1260.9000000000003,move,improve
12084,10,1261.4,10,1260.9000000000003,2opt,notBad
12085,10,1261.4,10,1260.9000000000003,2opt,notBad
12086,10,1261.4,10,1260.9000000000003,2opt,notBad
12087,10,1261.4,10,1260.9000000000003,swap,notBad
12088,10,1261.4,10,1260.9000000000003,swap,notBad
12089,10,1261.4,10,1260.9000000000003,swap,notBad
12090,10,1261.4,10,1260.9000000000003,move,improve
12091,10,1261.4,10,1260.9000000000003,2opt,notBad
12092,10,1261.4,10,1260.9000000000003,move,improve
12093,10,1261.4,10,1260.9000000000003,move,improve
12094,10,1261.4,10,1260.9000000000003,move,improve
12095,10,1261.4,10,1260.9000000000003,move,improve
12096,10,1261.4,10,1260.9000000000003,2opt,notBad
12097,10,1261.4,10,1260.9000000000003,move,improve
12098,10,1261.4,10,1260.9000000000003,swap,notBad
12099,10,1261.4,10,1260.9000000000003,swap,notBad
12100,10,1261.4,10,1260.9000000000003,swap,notBad
12101,10,1261.4,10,1260.9000000000003,2opt,notBad
12102,10,1261.4,10,1260.9000000000003,move,improve
12103,10,1261.4,10,1260.9000000000003,2opt,notBad
12104,10,1261.4,10,1260.9000000000003,move,improve
12105,10,1261.4,10,1260.9000000000003,swap,notBad
12106,10,1261.4,10,1260.9000000000003,swap,notBad
12107,10,1261.4,10,1260.9000000000003,swap,notBad
12108,10,1261.4,10,1260.9000000000003,2opt,notBad
12109,10,1261.4,10,1260.9000000000003,2opt,notBad
12110,10,1261.4,10,1260.9000000000003,move,improve
12111,10,1261.4,10,1260.9000000000003,swap,notBad
12112,10,1261.4,10,1260.9000000000003,swap,notBad
12113,10,1261.4,10,1260.9000000000003,2opt,improve
12114,10,1261.4,10,1260.9000000000003,move,improve
12115,10,1261.4,10,1260.9000000000003,move,improve
12116,10,1261.4,10,1260.9000000000003,move,improve
12117,10,1261.4,10,1260.9000000000003,swap,notBad
12118,10,1261.4,10,1260.9000000000003,2opt,notBad
12119,10,1261.4,10,1260.9000000000003,swap,notBad
12120,10,1261.4,10,1260.9000000000003,swap,notBad
12121,10,1261.4,10,1260.9000000000003,move,improve
12122,10,1261.4,10,1260.9000000000003,move,improve
12123,10,1261.4,10,1260.9000000000003,move,improve
12124,10,1261.4,10,1260.9000000000003,move,improve
12125,10,1261.4,10,1260.9000000000003,2opt,notBad
12126,10,1261.4,10,1260.9000000000003,move,improve
12127,10,1261.4,10,1260.9000000000003,move,improve
12128,10,1261.4,10,1260.9000000000003,2opt,notBad
12129,10,1261.4,10,1260.9000000000003,2opt,notBad
12130,10,1261.4,10,1260.9000000000003,move,improve
12131,10,1261.4,10,1260.9000000000003,2opt,notBad
12132,10,1261.4,10,1260.9000000000003,move,improve
12133,10,1261.4,10,1260.9000000000003,swap,notBad
12134,10,1261.4,10,1260.9000000000003,2opt,notBad
12135,10,1261.4,10,1260.9000000000003,2opt,notBad
12136,10,1261.4,10,1260.9000000000003,2opt,notBad
12137,10,1261.4,10,1260.9000000000003,2opt,notBad
12138,10,1261.4,10,1260.9000000000003,2opt,notBad
12139,10,1261.4,10,1260.9000000000003,move,improve
12140,10,1261.4,10,1260.9000000000003,swap,notBad
12141,10,1261.4,10,1260.9000000000003,swap,notBad
12142,10,1261.4,10,1260.9000000000003,swap,notBad
12143,10,1261.4,10,1260.9000000000003,move,improve
12144,10,1261.4,10,1260.9000000000003,move,improve
12145,10,1261.4,10,1260.9000000000003,2opt,notBad
12146,10,1261.4,10,1260.9000000000003,move,improve
12147,10,1261.4,10,1260.9000000000003,swap,notBad
12148,10,1261.4,10,1260.9000000000003,move,improve
12149,10,1261.4,10,1260.9000000000003,swap,notBad
12150,10,1261.4,10,1260.9000000000003,2opt,notBad
12151,10,1261.4,10,1260.9000000000003,2opt,notBad
12152,10,1261.4,10,1260.9000000000003,move,improve
12153,10,1261.4,10,1260.9000000000003,move,improve
12154,10,1261.4,10,1260.9000000000003,move,improve
12155,10,1261.4,10,1260.9000000000003,2opt,notBad
12156,10,1261.4,10,1260.9000000000003,2opt,notBad
12157,10,1261.4,10,1260.9000000000003,2opt,notBad
12158,10,1261.4,10,1260.9000000000003,move,improve
12159,10,1261.4,10,1260.9000000000003,2opt,notBad
12160,10,1261.4,10,1260.9000000000003,move,improve
12161,10,1261.4,10,1260.9000000000003,2opt,notBad
12162,10,1261.4,10,1260.9000000000003,move,improve
12163,10,1261.4,10,1260.9000000000003,move,improve
12164,10,1261.4,10,1260.9000000000003,swap,notBad
12165,10,1261.4,10,1260.9000000000003,move,improve
12166,10,1261.4,10,1260.9000000000003,move,improve
12167,10,1261.4,10,1260.9000000000003,2opt,notBad
12168,10,1261.4,10,1260.9000000000003,swap,notBad
12169,10,1261.4,10,1260.9000000000003,swap,notBad
12170,10,1261.4,10,1260.9000000000003,swap,notBad
12171,10,1261.4,10,1260.9000000000003,2opt,notBad
12172,10,1261.4,10,1260.9000000000003,move,improve
12173,10,1262.7,10,1260.9000000000003,swap,acceptBad
12174,10,1262.7,10,1260.9000000000003,2opt,notBad
12175,10,1262.7,10,1260.9000000000003,swap,notBad
12176,10,1262.7,10,1260.9000000000003,2opt,notBad
12177,10,1262.7,10,1260.9000000000003,move,improve
12178,10,1262.7,10,1260.9000000000003,2opt,notBad
12179,10,1262.7,10,1260.9000000000003,move,improve
12180,10,1262.7,10,1260.9000000000003,move,improve
12181,10,1262.7,10,1260.9000000000003,move,improve
12182,10,1262.7,10,1260.9000000000003,2opt,notBad
12183,10,1262.7,10,1260.9000000000003,swap,notBad
12184,10,1262.7,10,1260.9000000000003,2opt,notBad
12185,10,1261.4,10,1260.9000000000003,move,improve
12186,10,1261.4,10,1260.9000000000003,swap,notBad
12187,10,1261.4,10,1260.9000000000003,swap,notBad
12188,10,1261.4,10,1260.9000000000003,swap,notBad
12189,10,1261.4,10,1260.9000000000003,2opt,notBad
12190,10,1261.4,10,1260.9000000000003,2opt,notBad
12191,10,1261.4,10,1260.9000000000003,2opt,notBad
12192,10,1261.4,10,1260.9000000000003,swap,notBad
12193,10,1261.4,10,1260.9000000000003,move,improve
12194,10,1261.4,10,1260.9000000000003,2opt,notBad
12195,10,1261.4,10,1260.9000000000003,swap,notBad
12196,10,1261.4,10,1260.9000000000003,2opt,notBad
12197,10,1261.4,10,1260.9000000000003,2opt,notBad
12198,10,1261.4,10,1260.9000000000003,move,improve
12199,10,1261.4,10,1260.9000000000003,2opt,notBad
12200,10,1261.4,10,1260.9000000000003,move,improve
12201,10,1261.4,10,1260.9000000000003,swap,notBad
12202,10,1261.4,10,1260.9000000000003,move,improve
12203,10,1261.4,10,1260.9000000000003,move,improve
12204,10,1261.4,10,1260.9000000000003,swap,notBad
12205,10,1261.4,10,1260.9000000000003,swap,notBad
12206,10,1261.4,10,1260.9000000000003,2opt,notBad
12207,10,1261.4,10,1260.9000000000003,2opt,notBad
12208,10,1261.4,10,1260.9000000000003,2opt,notBad
12209,10,1261.4,10,1260.9000000000003,swap,notBad
12210,10,1261.4,10,1260.9000000000003,swap,notBad
12211,10,1261.4,10,1260.9000000000003,swap,notBad
12212,10,1261.4,10,1260.9000000000003,swap,notBad
12213,10,1261.4,10,1260.9000000000003,move,improve
12214,10,1261.4,10,1260.9000000000003,move,improve
12215,10,1261.4,10,1260.9000000000003,2opt,notBad
12216,10,1261.4,10,1260.9000000000003,swap,notBad
12217,10,1261.4,10,1260.9000000000003,swap,notBad
12218,10,1261.4,10,1260.9000000000003,move,improve
12219,10,1261.4,10,1260.9000000000003,2opt,notBad
12220,10,1261.4,10,1260.9000000000003,2opt,notBad
12221,10,1261.4,10,1260.9000000000003,move,improve
12222,10,1261.4,10,1260.9000000000003,move,improve
12223,10,1261.4,10,1260.9000000000003,move,improve
12224,10,1261.4,10,1260.9000000000003,move,improve
12225,10,1261.4,10,1260.9000000000003,swap,notBad
12226,10,1261.4,10,1260.9000000000003,2opt,notBad
12227,10,1261.4,10,1260.9000000000003,move,improve
12228,10,1261.4,10,1260.9000000000003,move,improve
12229,10,1261.4,10,1260.9000000000003,move,improve
12230,10,1261.4,10,1260.9000000000003,2opt,notBad
12231,10,1261.4,10,1260.9000000000003,move,improve
12232,10,1261.4,10,1260.9000000000003,move,improve
12233,10,1261.4,10,1260.9000000000003,move,improve
12234,10,1261.4,10,1260.9000000000003,swap,notBad
12235,10,1261.4,10,1260.9000000000003,2opt,notBad
12236,10,1261.4,10,1260.9000000000003,move,improve
12237,10,1261.4,10,1260.9000000000003,2opt,notBad
12238,10,1261.4,10,1260.9000000000003,2opt,notBad
12239,10,1261.4,10,1260.9000000000003,swap,notBad
12240,10,1261.4,10,1260.9000000000003,swap,notBad
12241,10,1261.4,10,1260.9000000000003,swap,notBad
12242,10,1261.4,10,1260.9000000000003,move,improve
12243,10,1261.4,10,1260.9000000000003,swap,notBad
12244,10,1261.4,10,1260.9000000000003,2opt,notBad
12245,10,1261.4,10,1260.9000000000003,swap,notBad
12246,10,1261.4,10,1260.9000000000003,move,improve
12247,10,1261.4,10,1260.9000000000003,move,improve
12248,10,1261.4,10,1260.9000000000003,2opt,notBad
12249,10,1261.4,10,1260.9000000000003,swap,notBad
12250,10,1261.4,10,1260.9000000000003,move,improve
12251,10,1261.4,10,1260.9000000000003,swap,notBad
12252,10,1261.4,10,1260.9000000000003,swap,notBad
12253,10,1261.4,10,1260.9000000000003,2opt,notBad
12254,10,1261.4,10,1260.9000000000003,move,improve
12255,10,1261.4,10,1260.9000000000003,move,improve
12256,10,1261.4,10,1260.9000000000003,swap,notBad
12257,10,1261.4,10,1260.9000000000003,swap,notBad
12258,10,1261.4,10,1260.9000000000003,2opt,notBad
12259,10,1261.4,10,1260.9000000000003,swap,notBad
12260,10,1261.4,10,1260.9000000000003,move,improve
12261,10,1261.4,10,1260.9000000000003,2opt,notBad
12262,10,1261.4,10,1260.9000000000003,2opt,notBad
12263,10,1261.4,10,1260.9000000000003,move,improve
12264,10,1261.4,10,1260.9000000000003,move,improve
12265,10,1261.4,10,1260.9000000000003,swap,notBad
12266,10,1261.4,10,1260.9000000000003,swap,notBad
12267,10,1261.4,10,1260.9000000000003,2opt,notBad
12268,10,1261.4,10,1260.9000000000003,move,improve
12269,10,1261.4,10,1260.9000000000003,swap,notBad
12270,10,1261.4,10,1260.9000000000003,swap,notBad
12271,10,1261.4,10,1260.9000000000003,2opt,notBad
12272,10,1261.4,10,1260.9000000000003,move,improve
12273,10,1261.4,10,1260.9000000000003,swap,notBad
12274,10,1261.4,10,1260.9000000000003,2opt,notBad
12275,10,1261.4,10,1260.9000000000003,swap,notBad
12276,10,1261.4,10,1260.9000000000003,swap,notBad
12277,10,1261.4,10,1260.9000000000003,move,improve
12278,10,1261.4,10,1260.9000000000003,swap,notBad
12279,10,1261.4,10,1260.9000000000003,2opt,notBad
12280,10,1261.4,10,1260.9000000000003,2opt,notBad
12281,10,1261.4,10,1260.9000000000003,swap,notBad
12282,10,1261.4,10,1260.9000000000003,2opt,notBad
12283,10,1261.4,10,1260.9000000000003,move,improve
12284,10,1261.4,10,1260.9000000000003,swap,notBad
12285,10,1261.4,10,1260.9000000000003,move,improve
12286,10,1261.4,10,1260.9000000000003,2opt,notBad
12287,10,1261.4,10,1260.9000000000003,swap,notBad
12288,10,1261.4,10,1260.9000000000003,move,improve
12289,10,1261.4,10,1260.9000000000003,2opt,notBad
12290,10,1261.4,10,1260.9000000000003,move,improve
12291,10,1261.4,10,1260.9000000000003,2opt,notBad
12292,10,1261.4,10,1260.9000000000003,swap,notBad
12293,10,1261.4,10,1260.9000000000003,swap,notBad
12294,10,1261.4,10,1260.9000000000003,2opt,notBad
12295,10,1261.4,10,1260.9000000000003,move,improve
12296,10,1261.4,10,1260.9000000000003,2opt,notBad
12297,10,1261.4,10,1260.9000000000003,swap,notBad
12298,10,1261.4,10,1260.9000000000003,swap,notBad
12299,10,1261.4,10,1260.9000000000003,move,improve
12300,10,1261.4,10,1260.9000000000003,2opt,notBad
12301,10,1261.4,10,1260.9000000000003,2opt,notBad
12302,10,1261.4,10,1260.9000000000003,move,improve
12303,10,1261.4,10,1260.9000000000003,move,improve
12304,10,1261.4,10,1260.9000000000003,swap,notBad
12305,10,1261.4,10,1260.9000000000003,2opt,notBad
12306,10,1261.4,10,1260.9000000000003,swap,notBad
12307,10,1261.4,10,1260.9000000000003,move,improve
12308,10,1261.4,10,1260.9000000000003,2opt,improve
12309,10,1261.4,10,1260.9000000000003,2opt,notBad
12310,10,1261.4,10,1260.9000000000003,swap,notBad
12311,10,1261.4,10,1260.9000000000003,swap,notBad
12312,10,1261.4,10,1260.9000000000003,2opt,notBad
12313,10,1261.4,10,1260.9000000000003,swap,notBad
12314,10,1261.4,10,1260.9000000000003,swap,notBad
12315,10,1261.4,10,1260.9000000000003,swap,notBad
12316,10,1261.4,10,1260.9000000000003,2opt,notBad
12317,10,1261.4,10,1260.9000000000003,2opt,notBad
12318,10,1261.4,10,1260.9000000000003,swap,notBad
12319,10,1261.4,10,1260.9000000000003,move,improve
12320,10,1261.4,10,1260.9000000000003,swap,notBad
12321,10,1261.4,10,1260.9000000000003,2opt,notBad
12322,10,1261.4,10,1260.9000000000003,swap,notBad
12323,10,1261.4,10,1260.9000000000003,2opt,notBad
12324,10,1261.4,10,1260.9000000000003,move,improve
12325,10,1261.4,10,1260.9000000000003,swap,notBad
12326,10,1261.4,10,1260.9000000000003,swap,notBad
12327,10,1261.4,10,1260.9000000000003,2opt,notBad
12328,10,1261.4,10,1260.9000000000003,move,improve
12329,10,1261.4,10,1260.9000000000003,move,improve
12330,10,1261.4,10,1260.9000000000003,move,improve
12331,10,1261.4,10,1260.9000000000003,move,improve
12332,10,1261.4,10,1260.9000000000003,swap,notBad
12333,10,1261.4,10,1260.9000000000003,swap,notBad
12334,10,1261.4,10,1260.9000000000003,swap,notBad
12335,10,1261.4,10,1260.9000000000003,swap,notBad
12336,10,1261.4,10,1260.9000000000003,move,improve
12337,10,1261.4,10,1260.9000000000003,2opt,notBad
12338,10,1261.4,10,1260.9000000000003,swap,notBad
12339,10,1261.4,10,1260.9000000000003,2opt,notBad
12340,10,1261.4,10,1260.9000000000003,swap,notBad
12341,10,1261.4,10,1260.9000000000003,swap,notBad
12342,10,1261.4,10,1260.9000000000003,move,improve
12343,10,1261.4,10,1260.9000000000003,swap,notBad
12344,10,1261.4,10,1260.9000000000003,move,improve
12345,10,1261.4,10,1260.9000000000003,swap,notBad
12346,10,1261.4,10,1260.9000000000003,2opt,notBad
12347,10,1261.4,10,1260.9000000000003,swap,notBad
12348,10,1261.4,10,1260.9000000000003,swap,notBad
12349,10,1261.4,10,1260.9000000000003,move,improve
12350,10,1261.4,10,1260.9000000000003,move,improve
12351,10,1261.4,10,1260.9000000000003,move,improve
12352,10,1261.4,10,1260.9000000000003,move,improve
12353,10,1261.4,10,1260.9000000000003,2opt,notBad
12354,10,1261.4,10,1260.9000000000003,2opt,notBad
12355,10,1261.4,10,1260.9000000000003,2opt,notBad
12356,10,1261.4,10,1260.9000000000003,move,improve
12357,10,1261.4,10,1260.9000000000003,move,improve
12358,10,1261.4,10,1260.9000000000003,swap,notBad
12359,10,1261.4,10,1260.9000000000003,2opt,notBad
12360,10,1261.4,10,1260.9000000000003,swap,notBad
12361,10,1261.4,10,1260.9000000000003,move,improve
12362,10,1261.4,10,1260.9000000000003,swap,notBad
12363,10,1261.4,10,1260.9000000000003,move,improve
12364,10,1261.4,10,1260.9000000000003,2opt,notBad
12365,10,1261.4,10,1260.9000000000003,swap,notBad
12366,10,1261.4,10,1260.9000000000003,2opt,notBad
12367,10,1261.4,10,1260.9000000000003,move,improve
12368,10,1261.4,10,1260.9000000000003,move,improve
12369,10,1261.4,10,1260.9000000000003,move,improve
12370,10,1261.4,10,1260.9000000000003,move,improve
12371,10,1261.4,10,1260.9000000000003,swap,notBad
12372,10,1261.4,10,1260.9000000000003,swap,notBad
12373,10,1261.4,10,1260.9000000000003,swap,notBad
12374,10,1261.4,10,1260.9000000000003,swap,notBad
12375,10,1261.4,10,1260.9000000000003,2opt,improve
12376,10,1261.4,10,1260.9000000000003,move,improve
12377,10,1261.4,10,1260.9000000000003,2opt,notBad
12378,10,1261.4,10,1260.9000000000003,move,improve
12379,10,1261.4,10,1260.9000000000003,move,improve
12380,10,1261.4,10,1260.9000000000003,2opt,notBad
12381,10,1261.4,10,1260.9000000000003,2opt,notBad
12382,10,1261.4,10,1260.9000000000003,2opt,notBad
12383,10,1261.4,10,1260.9000000000003,2opt,notBad
12384,10,1261.4,10,1260.9000000000003,move,improve
12385,10,1261.4,10,1260.9000000000003,2opt,notBad
12386,10,1261.4,10,1260.9000000000003,swap,notBad
12387,10,1261.4,10,1260.9000000000003,move,improve
12388,10,1261.4,10,1260.9000000000003,swap,notBad
12389,10,1261.4,10,1260.9000000000003,2opt,improve
12390,10,1261.4,10,1260.9000000000003,2opt,notBad
12391,10,1261.4,10,1260.9000000000003,2opt,improve
12392,10,1261.4,10,1260.9000000000003,move,improve
12393,10,1261.4,10,1260.9000000000003,move,improve
12394,10,1261.4,10,1260.9000000000003,move,improve
12395,10,1261.4,10,1260.9000000000003,move,improve
12396,10,1261.4,10,1260.9000000000003,swap,notBad
12397,10,1261.4,10,1260.9000000000003,2opt,notBad
12398,10,1261.4,10,1260.9000000000003,2opt,notBad
12399,10,1261.4,10,1260.9000000000003,swap,notBad
12400,10,1261.4,10,1260.9000000000003,2opt,notBad
12401,10,1261.4,10,1260.9000000000003,swap,notBad
12402,10,1261.4,10,1260.9000000000003,2opt,notBad
12403,10,1261.4,10,1260.9000000000003,move,improve
12404,10,1261.4,10,1260.9000000000003,2opt,notBad
12405,10,1261.4,10,1260.9000000000003,2opt,notBad
12406,10,1261.4,10,1260.9000000000003,swap,notBad
12407,10,1261.4,10,1260.9000000000003,swap,notBad
12408,10,1261.4,10,1260.9000000000003,swap,notBad
12409,10,1261.4,10,1260.9000000000003,2opt,notBad
12410,10,1261.4,10,1260.9000000000003,swap,notBad
12411,10,1261.4,10,1260.9000000000003,move,improve
12412,10,1261.4,10,1260.9000000000003,move,improve
12413,10,1261.4,10,1260.9000000000003,2opt,notBad
12414,10,1261.4,10,1260.9000000000003,2opt,notBad
12415,10,1261.4,10,1260.9000000000003,swap,notBad
12416,10,1261.4,10,1260.9000000000003,2opt,notBad
12417,10,1261.4,10,1260.9000000000003,move,improve
12418,10,1261.4,10,1260.9000000000003,move,improve
12419,10,1261.4,10,1260.9000000000003,swap,notBad
12420,10,1261.4,10,1260.9000000000003,move,improve
12421,10,1261.4,10,1260.9000000000003,move,improve
12422,10,1261.4,10,1260.9000000000003,move,improve
12423,10,1261.4,10,1260.9000000000003,move,improve
12424,10,1261.4,10,1260.9000000000003,2opt,notBad
12425,10,1261.4,10,1260.9000000000003,2opt,notBad
12426,10,1261.4,10,1260.9000000000003,swap,notBad
12427,10,1261.4,10,1260.9000000000003,swap,notBad
12428,10,1261.4,10,1260.9000000000003,move,improve
12429,10,1261.4,10,1260.9000000000003,move,improve
12430,10,1261.4,10,1260.9000000000003,swap,notBad
12431,10,1261.4,10,1260.9000000000003,2opt,notBad
12432,10,1261.4,10,1260.9000000000003,swap,notBad
12433,10,1261.4,10,1260.9000000000003,2opt,notBad
12434,10,1261.4,10,1260.9000000000003,move,improve
12435,10,1261.4,10,1260.9000000000003,move,improve
12436,10,1261.4,10,1260.9000000000003,swap,notBad
12437,10,1261.4,10,1260.9000000000003,swap,notBad
12438,10,1261.4,10,1260.9000000000003,swap,notBad
12439,10,1261.4,10,1260.9000000000003,2opt,notBad
12440,10,1261.4,10,1260.9000000000003,swap,notBad
12441,10,1261.4,10,1260.9000000000003,2opt,improve
12442,10,1261.4,10,1260.9000000000003,swap,notBad
12443,10,1261.4,10,1260.9000000000003,swap,notBad
12444,10,1261.4,10,1260.9000000000003,2opt,improve
12445,10,1261.4,10,1260.9000000000003,2opt,notBad
12446,10,1261.4,10,1260.9000000000003,2opt,notBad
12447,10,1261.4,10,1260.9000000000003,2opt,notBad
12448,10,1261.4,10,1260.9000000000003,2opt,notBad
12449,10,1262.2000000000003,10,1260.9000000000003,swap,acceptBad
12450,10,1262.2000000000003,10,1260.9000000000003,move,improve
12451,10,1262.2000000000003,10,1260.9000000000003,swap,notBad
12452,10,1262.2000000000003,10,1260.9000000000003,move,improve
12453,10,1262.2000000000003,10,1260.9000000000003,swap,notBad
12454,10,1262.2000000000003,10,1260.9000000000003,move,improve
12455,10,1262.2000000000003,10,1260.9000000000003,move,improve
12456,10,1262.4000000000003,10,1260.9000000000003,swap,acceptBad
12457,10,1262.4000000000003,10,1260.9000000000003,swap,notBad
12458,10,1262.4000000000003,10,1260.9000000000003,move,improve
12459,10,1262.4000000000003,10,1260.9000000000003,move,improve
12460,10,1262.4000000000003,10,1260.9000000000003,2opt,notBad
12461,10,1262.4000000000003,10,1260.9000000000003,move,improve
12462,10,1262.4000000000003,10,1260.9000000000003,swap,notBad
12463,10,1262.4000000000003,10,1260.9000000000003,move,improve
12464,10,1262.4000000000003,10,1260.9000000000003,swap,notBad
12465,10,1262.4000000000003,10,1260.9000000000003,2opt,notBad
12466,10,1262.4000000000003,10,1260.9000000000003,2opt,notBad
12467,10,1262.4000000000003,10,1260.9000000000003,swap,notBad
12468,10,1262.4000000000003,10,1260.9000000000003,swap,notBad
12469,10,1262.4000000000003,10,1260.9000000000003,move,improve
12470,10,1262.4000000000003,10,1260.9000000000003,swap,notBad
12471,10,1262.4000000000003,10,1260.9000000000003,2opt,notBad
12472,10,1262.4000000000003,10,1260.9000000000003,move,improve
12473,10,1262.4000000000003,10,1260.9000000000003,2opt,notBad
12474,10,1262.4000000000003,10,1260.9000000000003,2opt,notBad
12475,10,1262.4000000000003,10,1260.9000000000003,2opt,notBad
12476,10,1262.4000000000003,10,1260.9000000000003,2opt,notBad
12477,10,1262.4000000000003,10,1260.9000000000003,swap,notBad
12478,10,1262.4000000000003,10,1260.9000000000003,swap,notBad
12479,10,1262.4000000000003,10,1260.9000000000003,swap,notBad
12480,10,1262.4000000000003,10,1260.9000000000003,swap,notBad
12481,10,1262.4000000000003,10,1260.9000000000003,2opt,notBad
12482,10,1262.4000000000003,10,1260.9000000000003,2opt,notBad
12483,10,1262.4000000000003,10,1260.9000000000003,swap,notBad
12484,10,1262.4000000000003,10,1260.9000000000003,swap,notBad
12485,10,1262.4000000000003,10,1260.9000000000003,move,improve
12486,10,1262.4000000000003,10,1260.9000000000003,swap,notBad
12487,10,1262.4000000000003,10,1260.9000000000003,move,improve
12488,10,1262.4000000000003,10,1260.9000000000003,swap,notBad
12489,10,1262.4000000000003,10,1260.9000000000003,2opt,notBad
12490,10,1262.4000000000003,10,1260.9000000000003,swap,notBad
12491,10,1262.4000000000003,10,1260.9000000000003,move,improve
12492,10,1262.4000000000003,10,1260.9000000000003,2opt,notBad
12493,10,1262.4000000000003,10,1260.9000000000003,swap,notBad
12494,10,1262.4000000000003,10,1260.9000000000003,swap,notBad
12495,10,1262.4000000000003,10,1260.9000000000003,move,improve
12496,10,1262.4000000000003,10,1260.9000000000003,swap,notBad
12497,10,1262.4000000000003,10,1260.9000000000003,2opt,notBad
12498,10,1262.4000000000003,10,1260.9000000000003,swap,notBad
12499,10,1262.4000000000003,10,1260.9000000000003,swap,notBad
12500,10,1262.4000000000003,10,1260.9000000000003,2opt,notBad
12501,10,1262.4000000000003,10,1260.9000000000003,2opt,notBad
12502,10,1262.4000000000003,10,1260.9000000000003,swap,notBad
12503,10,1262.4000000000003,10,1260.9000000000003,2opt,notBad
12504,10,1262.4000000000003,10,1260.9000000000003,swap,notBad
12505,10,1262.4000000000003,10,1260.9000000000003,2opt,notBad
12506,10,1262.4000000000003,10,1260.9000000000003,move,improve
12507,10,1262.4000000000003,10,1260.9000000000003,swap,notBad
12508,10,1262.4000000000003,10,1260.9000000000003,2opt,notBad
12509,10,1262.4000000000003,10,1260.9000000000003,2opt,notBad
12510,10,1262.4000000000003,10,1260.9000000000003,2opt,notBad
12511,10,1262.4000000000003,10,1260.9000000000003,2opt,notBad
12512,10,1262.4000000000003,10,1260.9000000000003,swap,notBad
12513,10,1262.4000000000003,10,1260.9000000000003,swap,notBad
12514,10,1262.4000000000003,10,1260.9000000000003,move,improve
12515,10,1262.4000000000003,10,1260.9000000000003,swap,notBad
12516,10,1262.4000000000003,10,1260.9000000000003,move,improve
12517,10,1262.4000000000003,10,1260.9000000000003,swap,notBad
12518,10,1262.4000000000003,10,1260.9000000000003,2opt,notBad
12519,10,1262.4000000000003,10,1260.9000000000003,2opt,notBad
12520,10,1262.4000000000003,10,1260.9000000000003,2opt,notBad
12521,10,1262.4000000000003,10,1260.9000000000003,2opt,notBad
12522,10,1262.4000000000003,10,1260.9000000000003,swap,notBad
12523,10,1262.4000000000003,10,1260.9000000000003,2opt,improve
12524,10,1262.4000000000003,10,1260.9000000000003,2opt,notBad
12525,10,1262.4000000000003,10,1260.9000000000003,move,notBad
12526,10,1262.4000000000003,10,1260.9000000000003,move,improve
12527,10,1262.4000000000003,10,1260.9000000000003,swap,notBad
12528,10,1262.4000000000003,10,1260.9000000000003,swap,notBad
12529,10,1262.4000000000003,10,1260.9000000000003,move,improve
12530,10,1262.4000000000003,10,1260.9000000000003,swap,notBad
12531,10,1262.4000000000003,10,1260.9000000000003,move,improve
12532,10,1262.4000000000003,10,1260.9000000000003,swap,notBad
12533,10,1262.4000000000003,10,1260.9000000000003,swap,notBad
12534,10,1262.4000000000003,10,1260.9000000000003,swap,notBad
12535,10,1262.4000000000003,10,1260.9000000000003,swap,notBad
12536,10,1262.4000000000003,10,1260.9000000000003,2opt,notBad
12537,10,1262.4000000000003,10,1260.9000000000003,move,improve
12538,10,1262.4000000000003,10,1260.9000000000003,move,improve
12539,10,1262.4000000000003,10,1260.9000000000003,move,improve
12540,10,1262.4000000000003,10,1260.9000000000003,move,improve
12541,10,1262.4000000000003,10,1260.9000000000003,swap,notBad
12542,10,1262.4000000000003,10,1260.9000000000003,move,improve
12543,10,1262.4000000000003,10,1260.9000000000003,swap,notBad
12544,10,1262.4000000000003,10,1260.9000000000003,move,improve
12545,10,1262.4000000000003,10,1260.9000000000003,move,improve
12546,10,1262.4000000000003,10,1260.9000000000003,2opt,notBad
12547,10,1262.4000000000003,10,1260.9000000000003,swap,notBad
12548,10,1262.4000000000003,10,1260.9000000000003,2opt,notBad
12549,10,1262.4000000000003,10,1260.9000000000003,swap,notBad
12550,10,1262.4000000000003,10,1260.9000000000003,move,improve
12551,10,1262.4000000000003,10,1260.9000000000003,move,improve
12552,10,1262.4000000000003,10,1260.9000000000003,move,improve
12553,10,1262.4000000000003,10,1260.9000000000003,swap,notBad
12554,10,1262.4000000000003,10,1260.9000000000003,move,improve
12555,10,1262.4000000000003,10,1260.9000000000003,swap,notBad
12556,10,1262.4000000000003,10,1260.9000000000003,move,improve
12557,10,1262.4000000000003,10,1260.9000000000003,2opt,notBad
12558,10,1262.4000000000003,10,1260.9000000000003,swap,notBad
12559,10,1262.4000000000003,10,1260.9000000000003,swap,notBad
12560,10,1262.4000000000003,10,1260.9000000000003,2opt,notBad
12561,10,1262.4000000000003,10,1260.9000000000003,move,improve
12562,10,1262.4000000000003,10,1260.9000000000003,2opt,notBad
12563,10,1262.4000000000003,10,1260.9000000000003,2opt,notBad
12564,10,1262.4000000000003,10,1260.9000000000003,2opt,notBad
12565,10,1262.4000000000003,10,1260.9000000000003,move,improve
12566,10,1262.4000000000003,10,1260.9000000000003,move,improve
12567,10,1262.4000000000003,10,1260.9000000000003,swap,notBad
12568,10,1262.4000000000003,10,1260.9000000000003,2opt,notBad
12569,10,1262.4000000000003,10,1260.9000000000003,move,improve
12570,10,1262.4000000000003,10,1260.9000000000003,swap,notBad
12571,10,1262.4000000000003,10,1260.9000000000003,2opt,notBad
12572,10,1262.4000000000003,10,1260.9000000000003,move,improve
12573,10,1262.4000000000003,10,1260.9000000000003,swap,notBad
12574,10,1262.4000000000003,10,1260.9000000000003,swap,notBad
12575,10,1262.4000000000003,10,1260.9000000000003,swap,notBad
12576,10,1262.4000000000003,10,1260.9000000000003,2opt,notBad
12577,10,1262.4000000000003,10,1260.9000000000003,swap,notBad
12578,10,1262.4000000000003,10,1260.9000000000003,swap,notBad
12579,10,1262.4000000000003,10,1260.9000000000003,move,improve
12580,10,1262.4000000000003,10,1260.9000000000003,move,improve
12581,10,1262.4000000000003,10,1260.9000000000003,move,improve
12582,10,1262.4000000000003,10,1260.9000000000003,2opt,improve
12583,10,1262.4000000000003,10,1260.9000000000003,swap,notBad
12584,10,1262.4000000000003,10,1260.9000000000003,2opt,notBad
12585,10,1262.4000000000003,10,1260.9000000000003,move,improve
12586,10,1262.4000000000003,10,1260.9000000000003,swap,notBad
12587,10,1262.4000000000003,10,1260.9000000000003,swap,notBad
12588,10,1262.4000000000003,10,1260.9000000000003,2opt,notBad
12589,10,1262.4000000000003,10,1260.9000000000003,2opt,notBad
12590,10,1262.4000000000003,10,1260.9000000000003,swap,notBad
12591,10,1262.4000000000003,10,1260.9000000000003,2opt,notBad
12592,10,1262.4000000000003,10,1260.9000000000003,move,improve
12593,10,1262.4000000000003,10,1260.9000000000003,2opt,notBad
12594,10,1262.4000000000003,10,1260.9000000000003,move,improve
12595,10,1262.4000000000003,10,1260.9000000000003,move,improve
12596,10,1262.4000000000003,10,1260.9000000000003,move,improve
12597,10,1262.4000000000003,10,1260.9000000000003,move,improve
12598,10,1262.4000000000003,10,1260.9000000000003,move,improve
12599,10,1262.4000000000003,10,1260.9000000000003,move,improve
12600,10,1262.4000000000003,10,1260.9000000000003,swap,notBad
12601,10,1262.4000000000003,10,1260.9000000000003,2opt,notBad
12602,10,1262.4000000000003,10,1260.9000000000003,swap,notBad
12603,10,1262.4000000000003,10,1260.9000000000003,2opt,notBad
12604,10,1260.3000000000002,10,1260.3000000000002,move,newBest
12605,10,1260.3000000000002,10,1260.3000000000002,move,improve
12606,10,1260.3000000000002,10,1260.3000000000002,move,improve
12607,10,1260.3000000000002,10,1260.3000000000002,2opt,notBad
12608,10,1260.3000000000002,10,1260.3000000000002,2opt,notBad
12609,10,1260.3000000000002,10,1260.3000000000002,move,improve
12610,10,1260.3000000000002,10,1260.3000000000002,move,improve
12611,10,1260.3000000000002,10,1260.3000000000002,move,improve
12612,10,1260.3000000000002,10,1260.3000000000002,2opt,notBad
12613,10,1260.3000000000002,10,1260.3000000000002,2opt,notBad
12614,10,1260.3000000000002,10,1260.3000000000002,2opt,notBad
12615,10,1260.3000000000002,10,1260.3000000000002,move,improve
12616,10,1260.3000000000002,10,1260.3000000000002,swap,notBad
12617,10,1260.3000000000002,10,1260.3000000000002,2opt,notBad
12618,10,1260.3000000000002,10,1260.3000000000002,move,improve
12619,10,1260.3000000000002,10,1260.3000000000002,swap,notBad
12620,10,1260.3000000000002,10,1260.3000000000002,move,improve
12621,10,1260.3000000000002,10,1260.3000000000002,2opt,notBad
12622,10,1260.3000000000002,10,1260.3000000000002,swap,notBad
12623,10,1260.3000000000002,10,1260.3000000000002,move,improve
12624,10,1260.3000000000002,10,1260.3000000000002,move,improve
12625,10,1260.3000000000002,10,1260.3000000000002,2opt,notBad
12626,10,1260.3000000000002,10,1260.3000000000002,2opt,notBad
12627,10,1260.3000000000002,10,1260.3000000000002,swap,notBad
12628,10,1260.3000000000002,10,1260.3000000000002,2opt,notBad
12629,10,1260.3000000000002,10,1260.3000000000002,2opt,notBad
12630,10,1260.3000000000002,10,1260.3000000000002,move,improve
12631,10,1260.3000000000002,10,1260.3000000000002,2opt,notBad
12632,10,1260.3000000000002,10,1260.3000000000002,swap,notBad
12633,10,1260.3000000000002,10,1260.3000000000002,2opt,notBad
12634,10,1260.3000000000002,10,1260.3000000000002,swap,notBad
12635,10,1260.3000000000002,10,1260.3000000000002,move,improve
12636,10,1260.3000000000002,10,1260.3000000000002,move,improve
12637,10,1260.3000000000002,10,1260.3000000000002,2opt,notBad
12638,10,1260.3000000000002,10,1260.3000000000002,move,improve
12639,10,1260.3000000000002,10,1260.3000000000002,swap,notBad
12640,10,1260.3000000000002,10,1260.3000000000002,2opt,notBad
12641,10,1260.3000000000002,10,1260.3000000000002,2opt,notBad
12642,10,1260.3000000000002,10,1260.3000000000002,swap,notBad
12643,10,1260.3000000000002,10,1260.3000000000002,swap,notBad
12644,10,1260.3000000000002,10,1260.3000000000002,move,improve
12645,10,1260.3000000000002,10,1260.3000000000002,swap,notBad
12646,10,1260.3000000000002,10,1260.3000000000002,2opt,notBad
12647,10,1260.3000000000002,10,1260.3000000000002,2opt,notBad
12648,10,1260.3000000000002,10,1260.3000000000002,move,improve
12649,10,1260.4,10,1260.3000000000002,swap,acceptBad
12650,10,1260.4,10,1260.3000000000002,swap,notBad
12651,10,1260.4,10,1260.3000000000002,swap,notBad
12652,10,1260.4,10,1260.3000000000002,move,improve
12653,10,1260.4,10,1260.3000000000002,move,improve
12654,10,1260.4,10,1260.3000000000002,swap,notBad
12655,10,1260.4,10,1260.3000000000002,2opt,notBad
12656,10,1260.4,10,1260.3000000000002,2opt,notBad
12657,10,1260.4,10,1260.3000000000002,2opt,notBad
12658,10,1260.4,10,1260.3000000000002,swap,notBad
12659,10,1260.4,10,1260.3000000000002,swap,notBad
12660,10,1260.4,10,1260.3000000000002,move,improve
12661,10,1260.4,10,1260.3000000000002,swap,notBad
12662,10,1260.4,10,1260.3000000000002,2opt,notBad
12663,10,1260.4,10,1260.3000000000002,swap,notBad
12664,10,1260.4,10,1260.3000000000002,2opt,notBad
12665,10,1260.4,10,1260.3000000000002,2opt,notBad
12666,10,1260.4,10,1260.3000000000002,2opt,notBad
12667,10,1260.4,10,1260.3000000000002,swap,notBad
12668,10,1260.4,10,1260.3000000000002,2opt,notBad
12669,10,1260.4,10,1260.3000000000002,swap,notBad
12670,10,1260.4,10,1260.3000000000002,2opt,notBad
12671,10,1260.4,10,1260.3000000000002,2opt,notBad
12672,10,1260.4,10,1260.3000000000002,2opt,notBad
12673,10,1260.4,10,1260.3000000000002,swap,notBad
12674,10,1260.4,10,1260.3000000000002,swap,notBad
12675,10,1260.4,10,1260.3000000000002,swap,notBad
12676,10,1260.4,10,1260.3000000000002,swap,notBad
12677,10,1260.4,10,1260.3000000000002,move,improve
12678,10,1260.4,10,1260.3000000000002,2opt,notBad
12679,10,1260.4,10,1260.3000000000002,2opt,notBad
12680,10,1260.4,10,1260.3000000000002,swap,notBad
12681,10,1260.4,10,1260.3000000000002,swap,notBad
12682,10,1260.4,10,1260.3000000000002,2opt,notBad
12683,10,1260.4,10,1260.3000000000002,move,improve
12684,10,1260.4,10,1260.3000000000002,2opt,notBad
12685,10,1260.4,10,1260.3000000000002,move,improve
12686,10,1260.4,10,1260.3000000000002,move,improve
12687,10,1260.4,10,1260.3000000000002,move,improve
12688,10,1260.4,10,1260.3000000000002,swap,notBad
12689,10,1260.4,10,1260.3000000000002,swap,notBad
12690,10,1260.4,10,1260.3000000000002,move,improve
12691,10,1260.4,10,1260.3000000000002,move,improve
12692,10,1260.4,10,1260.3000000000002,swap,notBad
12693,10,1260.4,10,1260.3000000000002,swap,notBad
12694,10,1260.4,10,1260.3000000000002,move,improve
12695,10,1260.4,10,1260.3000000000002,2opt,notBad
12696,10,1260.4,10,1260.3000000000002,2opt,notBad
12697,10,1260.4,10,1260.3000000000002,2opt,notBad
12698,10,1260.4,10,1260.3000000000002,move,improve
12699,10,1260.4,10,1260.3000000000002,move,improve
12700,10,1260.4,10,1260.3000000000002,2opt,notBad
12701,10,1260.4,10,1260.3000000000002,2opt,notBad
12702,10,1260.4,10,1260.3000000000002,move,improve
12703,10,1260.4,10,1260.3000000000002,swap,notBad
12704,10,1260.4,10,1260.3000000000002,2opt,notBad
12705,10,1260.4,10,1260.3000000000002,swap,notBad
12706,10,1260.4,10,1260.3000000000002,move,improve
12707,10,1260.4,10,1260.3000000000002,2opt,notBad
12708,10,1260.4,10,1260.3000000000002,move,improve
12709,10,1260.4,10,1260.3000000000002,swap,notBad
12710,10,1260.4,10,1260.3000000000002,swap,notBad
12711,10,1260.4,10,1260.3000000000002,2opt,notBad
12712,10,1260.4,10,1260.3000000000002,swap,notBad
12713,10,1260.4,10,1260.3000000000002,2opt,notBad
12714,10,1260.4,10,1260.3000000000002,2opt,notBad
12715,10,1260.4,10,1260.3000000000002,move,improve
12716,10,1260.4,10,1260.3000000000002,move,improve
12717,10,1260.4,10,1260.3000000000002,2opt,improve
12718,10,1260.4,10,1260.3000000000002,move,improve
12719,10,1260.4,10,1260.3000000000002,swap,notBad
12720,10,1260.4,10,1260.3000000000002,2opt,notBad
12721,10,1260.4,10,1260.3000000000002,2opt,notBad
12722,10,1260.4,10,1260.3000000000002,move,improve
12723,10,1260.4,10,1260.3000000000002,2opt,notBad
12724,10,1260.4,10,1260.3000000000002,swap,notBad
12725,10,1260.4,10,1260.3000000000002,move,improve
12726,10,1260.4,10,1260.3000000000002,2opt,notBad
12727,10,1260.4,10,1260.3000000000002,move,improve
12728,10,1260.4,10,1260.3000000000002,move,improve
12729,10,1260.4,10,1260.3000000000002,swap,notBad
12730,10,1260.4,10,1260.3000000000002,2opt,notBad
12731,10,1260.4,10,1260.3000000000002,move,improve
12732,10,1260.4,10,1260.3000000000002,move,improve
12733,10,1260.4,10,1260.3000000000002,move,improve
12734,10,1260.4,10,1260.3000000000002,swap,notBad
12735,10,1260.4,10,1260.3000000000002,swap,notBad
12736,10,1260.4,10,1260.3000000000002,2opt,notBad
12737,10,1260.4,10,1260.3000000000002,swap,notBad
12738,10,1260.4,10,1260.3000000000002,2opt,notBad
12739,10,1260.4,10,1260.3000000000002,2opt,notBad
12740,10,1260.4,10,1260.3000000000002,swap,notBad
12741,10,1260.4,10,1260.3000000000002,2opt,notBad
12742,10,1260.4,10,1260.3000000000002,move,improve
12743,10,1260.4,10,1260.3000000000002,move,improve
12744,10,1260.4,10,1260.3000000000002,move,improve
12745,10,1260.4,10,1260.3000000000002,move,improve
12746,10,1260.4,10,1260.3000000000002,swap,notBad
12747,10,1260.4,10,1260.3000000000002,2opt,notBad
12748,10,1260.4,10,1260.3000000000002,2opt,notBad
12749,10,1260.4,10,1260.3000000000002,2opt,notBad
12750,10,1260.4,10,1260.3000000000002,2opt,improve
12751,10,1260.4,10,1260.3000000000002,move,improve
12752,10,1260.4,10,1260.3000000000002,move,improve
12753,10,1260.4,10,1260.3000000000002,2opt,notBad
12754,10,1260.4,10,1260.3000000000002,2opt,notBad
12755,10,1260.4,10,1260.3000000000002,swap,notBad
12756,10,1260.4,10,1260.3000000000002,swap,notBad
12757,10,1260.4,10,1260.3000000000002,move,improve
12758,10,1260.4,10,1260.3000000000002,2opt,notBad
12759,10,1260.4,10,1260.3000000000002,2opt,notBad
12760,10,1260.4,10,1260.3000000000002,move,improve
12761,10,1260.4,10,1260.3000000000002,2opt,notBad
12762,10,1260.4,10,1260.3000000000002,swap,notBad
12763,10,1260.4,10,1260.3000000000002,2opt,notBad
12764,10,1260.4,10,1260.3000000000002,move,improve
12765,10,1260.4,10,1260.3000000000002,swap,notBad
12766,10,1260.4,10,1260.3000000000002,2opt,notBad
12767,10,1260.4,10,1260.3000000000002,swap,notBad
12768,10,1260.4,10,1260.3000000000002,move,improve
12769,10,1260.4,10,1260.3000000000002,2opt,notBad
12770,10,1260.4,10,1260.3000000000002,move,improve
12771,10,1260.4,10,1260.3000000000002,move,improve
12772,10,1260.4,10,1260.3000000000002,move,improve
12773,10,1260.4,10,1260.3000000000002,move,improve
12774,10,1260.4,10,1260.3000000000002,2opt,notBad
12775,10,1260.4,10,1260.3000000000002,swap,notBad
12776,10,1260.4,10,1260.3000000000002,swap,notBad
12777,10,1260.4,10,1260.3000000000002,swap,notBad
12778,10,1260.4,10,1260.3000000000002,swap,notBad
12779,10,1260.4,10,1260.3000000000002,swap,notBad
12780,10,1260.4,10,1260.3000000000002,swap,notBad
12781,10,1260.4,10,1260.3000000000002,2opt,notBad
12782,10,1260.4,10,1260.3000000000002,2opt,notBad
12783,10,1260.4,10,1260.3000000000002,2opt,notBad
12784,10,1260.4,10,1260.3000000000002,move,improve
12785,10,1260.4,10,1260.3000000000002,move,improve
12786,10,1260.4,10,1260.3000000000002,2opt,notBad
12787,10,1260.4,10,1260.3000000000002,move,improve
12788,10,1260.4,10,1260.3000000000002,move,improve
12789,10,1260.4,10,1260.3000000000002,swap,notBad
12790,10,1260.4,10,1260.3000000000002,move,improve
12791,10,1260.4,10,1260.3000000000002,swap,notBad
12792,10,1260.4,10,1260.3000000000002,2opt,notBad
12793,10,1260.4,10,1260.3000000000002,2opt,notBad
12794,10,1260.4,10,1260.3000000000002,2opt,notBad
12795,10,1260.4,10,1260.3000000000002,2opt,notBad
12796,10,1260.4,10,1260.3000000000002,move,improve
12797,10,1260.4,10,1260.3000000000002,move,improve
12798,10,1260.4,10,1260.3000000000002,swap,notBad
12799,10,1260.4,10,1260.3000000000002,move,improve
12800,10,1260.4,10,1260.3000000000002,swap,notBad
12801,10,1260.4,10,1260.3000000000002,2opt,improve
12802,10,1260.4,10,1260.3000000000002,move,improve
12803,10,1260.4,10,1260.3000000000002,move,improve
12804,10,1260.4,10,1260.3000000000002,move,improve
12805,10,1260.4,10,1260.3000000000002,swap,notBad
12806,10,1260.4,10,1260.3000000000002,swap,notBad
12807,10,1260.4,10,1260.3000000000002,2opt,notBad
12808,10,1260.4,10,1260.3000000000002,swap,notBad
12809,10,1260.4,10,1260.3000000000002,2opt,notBad
12810,10,1260.4,10,1260.3000000000002,2opt,notBad
12811,10,1260.4,10,1260.3000000000002,2opt,notBad
12812,10,1260.4,10,1260.3000000000002,move,notBad
12813,10,1260.4,10,1260.3000000000002,move,improve
12814,10,1260.4,10,1260.3000000000002,move,improve
12815,10,1260.4,10,1260.3000000000002,2opt,notBad
12816,10,1260.4,10,1260.3000000000002,swap,notBad
12817,10,1260.4,10,1260.3000000000002,move,improve
12818,10,1260.4,10,1260.3000000000002,move,improve
12819,10,1260.4,10,1260.3000000000002,move,improve
12820,10,1260.4,10,1260.3000000000002,move,improve
12821,10,1260.4,10,1260.3000000000002,2opt,notBad
12822,10,1260.4,10,1260.3000000000002,move,improve
12823,10,1260.4,10,1260.3000000000002,2opt,notBad
12824,10,1260.4,10,1260.3000000000002,move,improve
12825,10,1260.4,10,1260.3000000000002,swap,notBad
12826,10,1260.4,10,1260.3000000000002,2opt,notBad
12827,10,1260.4,10,1260.3000000000002,swap,notBad
12828,10,1260.4,10,1260.3000000000002,2opt,notBad
12829,10,1260.4,10,1260.3000000000002,move,improve
12830,10,1260.4,10,1260.3000000000002,move,improve
12831,10,1260.4,10,1260.3000000000002,2opt,notBad
12832,10,1260.4,10,1260.3000000000002,move,improve
12833,10,1260.4,10,1260.3000000000002,move,improve
12834,10,1260.4,10,1260.3000000000002,swap,notBad
12835,10,1260.4,10,1260.3000000000002,2opt,notBad
12836,10,1260.4,10,1260.3000000000002,2opt,notBad
12837,10,1260.4,10,1260.3000000000002,swap,notBad
12838,10,1260.4,10,1260.3000000000002,move,improve
12839,10,1260.4,10,1260.3000000000002,swap,notBad
12840,10,1260.4,10,1260.3000000000002,2opt,improve
12841,10,1260.4,10,1260.3000000000002,swap,notBad
12842,10,1260.4,10,1260.3000000000002,swap,notBad
12843,10,1260.4,10,1260.3000000000002,2opt,notBad
12844,10,1260.4,10,1260.3000000000002,2opt,notBad
12845,10,1260.4,10,1260.3000000000002,move,improve
12846,10,1260.4,10,1260.3000000000002,move,improve
12847,10,1260.4,10,1260.3000000000002,2opt,notBad
12848,10,1260.4,10,1260.3000000000002,swap,notBad
12849,10,1260.4,10,1260.3000000000002,move,improve
12850,10,1260.4,10,1260.3000000000002,2opt,notBad
12851,10,1260.4,10,1260.3000000000002,swap,notBad
12852,10,1260.4,10,1260.3000000000002,swap,notBad
12853,10,1260.4,10,1260.3000000000002,move,improve
12854,10,1260.4,10,1260.3000000000002,move,improve
12855,10,1260.4,10,1260.3000000000002,move,improve
12856,10,1260.4,10,1260.3000000000002,2opt,notBad
12857,10,1260.4,10,1260.3000000000002,2opt,notBad
12858,10,1260.4,10,1260.3000000000002,2opt,notBad
12859,10,1260.4,10,1260.3000000000002,2opt,notBad
12860,10,1260.4,10,1260.3000000000002,swap,notBad
12861,10,1260.4,10,1260.3000000000002,2opt,notBad
12862,10,1260.4,10,1260.3000000000002,swap,notBad
12863,10,1260.4,10,1260.3000000000002,2opt,notBad
12864,10,1260.4,10,1260.3000000000002,swap,notBad
12865,10,1260.4,10,1260.3000000000002,2opt,notBad
12866,10,1260.4,10,1260.3000000000002,move,improve
12867,10,1260.4,10,1260.3000000000002,swap,notBad
12868,10,1260.4,10,1260.3000000000002,move,improve
12869,10,1260.4,10,1260.3000000000002,2opt,notBad
12870,10,1260.4,10,1260.3000000000002,swap,notBad
12871,10,1260.4,10,1260.3000000000002,2opt,notBad
12872,10,1260.4,10,1260.3000000000002,swap,notBad
12873,10,1260.4,10,1260.3000000000002,2opt,improve
12874,10,1260.4,10,1260.3000000000002,swap,notBad
12875,10,1260.4,10,1260.3000000000002,move,improve
12876,10,1260.4,10,1260.3000000000002,move,improve
12877,10,1260.4,10,1260.3000000000002,move,improve
12878,10,1260.4,10,1260.3000000000002,2opt,notBad
12879,10,1260.4,10,1260.3000000000002,swap,notBad
12880,10,1260.4,10,1260.3000000000002,swap,notBad
12881,10,1260.4,10,1260.3000000000002,2opt,notBad
12882,10,1260.4,10,1260.3000000000002,swap,notBad
12883,10,1260.4,10,1260.3000000000002,2opt,notBad
12884,10,1260.4,10,1260.3000000000002,move,improve
12885,10,1260.4,10,1260.3000000000002,swap,notBad
12886,10,1260.4,10,1260.3000000000002,move,improve
12887,10,1260.4,10,1260.3000000000002,move,improve
12888,10,1260.4,10,1260.3000000000002,2opt,improve
12889,10,1260.4,10,1260.3000000000002,swap,notBad
12890,10,1260.4,10,1260.3000000000002,move,improve
12891,10,1260.4,10,1260.3000000000002,swap,notBad
12892,10,1260.4,10,1260.3000000000002,move,improve
12893,10,1260.4,10,1260.3000000000002,move,improve
12894,10,1260.4,10,1260.3000000000002,2opt,notBad
12895,10,1260.4,10,1260.3000000000002,move,improve
12896,10,1260.4,10,1260.3000000000002,2opt,notBad
12897,10,1260.4,10,1260.3000000000002,2opt,notBad
12898,10,1260.4,10,1260.3000000000002,move,improve
12899,10,1260.4,10,1260.3000000000002,move,improve
12900,10,1260.4,10,1260.3000000000002,2opt,improve
12901,10,1260.4,10,1260.3000000000002,2opt,notBad
12902,10,1260.4,10,1260.3000000000002,swap,notBad
12903,10,1260.4,10,1260.3000000000002,swap,notBad
12904,10,1260.4,10,1260.3000000000002,2opt,notBad
12905,10,1260.4,10,1260.3000000000002,2opt,notBad
12906,10,1260.4,10,1260.3000000000002,swap,notBad
12907,10,1260.4,10,1260.3000000000002,move,improve
12908,10,1260.4,10,1260.3000000000002,2opt,improve
12909,10,1260.4,10,1260.3000000000002,2opt,notBad
12910,10,1260.4,10,1260.3000000000002,2opt,notBad
12911,10,1260.4,10,1260.3000000000002,swap,notBad
12912,10,1260.4,10,1260.3000000000002,swap,notBad
12913,10,1260.4,10,1260.3000000000002,2opt,notBad
12914,10,1260.4,10,1260.3000000000002,move,improve
12915,10,1260.4,10,1260.3000000000002,move,improve
12916,10,1260.4,10,1260.3000000000002,move,improve
12917,10,1260.4,10,1260.3000000000002,swap,notBad
12918,10,1260.4,10,1260.3000000000002,2opt,notBad
12919,10,1260.4,10,1260.3000000000002,2opt,notBad
12920,10,1260.4,10,1260.3000000000002,move,improve
12921,10,1260.4,10,1260.3000000000002,swap,notBad
12922,10,1260.4,10,1260.3000000000002,2opt,notBad
12923,10,1260.4,10,1260.3000000000002,2opt,notBad
12924,10,1260.4,10,1260.3000000000002,move,improve
12925,10,1260.4,10,1260.3000000000002,move,improve
12926,10,1260.4,10,1260.3000000000002,move,improve
12927,10,1260.4,10,1260.3000000000002,move,improve
12928,10,1260.4,10,1260.3000000000002,swap,notBad
12929,10,1260.4,10,1260.3000000000002,2opt,notBad
12930,10,1260.4,10,1260.3000000000002,swap,notBad
12931,10,1260.4,10,1260.3000000000002,2opt,notBad
12932,10,1260.4,10,1260.3000000000002,move,improve
12933,10,1260.4,10,1260.3000000000002,swap,notBad
12934,10,1260.4,10,1260.3000000000002,2opt,notBad
12935,10,1260.4,10,1260.3000000000002,move,notBad
12936,10,1260.4,10,1260.3000000000002,swap,notBad
12937,10,1260.4,10,1260.3000000000002,2opt,notBad
12938,10,1260.4,10,1260.3000000000002,swap,notBad
12939,10,1260.4,10,1260.3000000000002,move,improve
12940,10,1260.4,10,1260.3000000000002,move,improve
12941,10,1260.4,10,1260.3000000000002,swap,notBad
12942,10,1260.4,10,1260.3000000000002,swap,notBad
12943,10,1260.4,10,1260.3000000000002,2opt,notBad
12944,10,1260.4,10,1260.3000000000002,swap,notBad
12945,10,1260.4,10,1260.3000000000002,swap,notBad
12946,10,1260.4,10,1260.3000000000002,2opt,notBad
12947,10,1260.4,10,1260.3000000000002,swap,notBad
12948,10,1260.4,10,1260.3000000000002,move,improve
12949,10,1260.4,10,1260.3000000000002,swap,notBad
12950,10,1260.4,10,1260.3000000000002,move,improve
12951,10,1260.4,10,1260.3000000000002,2opt,notBad
12952,10,1260.4,10,1260.3000000000002,swap,notBad
12953,10,1260.4,10,1260.3000000000002,move,improve
12954,10,1260.4,10,1260.3000000000002,2opt,notBad
12955,10,1260.4,10,1260.3000000000002,swap,notBad
12956,10,1260.4,10,1260.3000000000002,swap,notBad
12957,10,1260.4,10,1260.3000000000002,swap,notBad
12958,10,1260.4,10,1260.3000000000002,move,improve
12959,10,1260.4,10,1260.3000000000002,move,improve
12960,10,1260.4,10,1260.3000000000002,move,improve
12961,10,1260.4,10,1260.3000000000002,swap,notBad
12962,10,1260.4,10,1260.3000000000002,2opt,notBad
12963,10,1260.4,10,1260.3000000000002,2opt,notBad
12964,10,1260.4,10,1260.3000000000002,move,improve
12965,10,1260.4,10,1260.3000000000002,move,improve
12966,10,1260.4,10,1260.3000000000002,swap,notBad
12967,10,1260.4,10,1260.3000000000002,move,notBad
12968,10,1260.4,10,1260.3000000000002,swap,notBad
12969,10,1260.4,10,1260.3000000000002,swap,notBad
12970,10,1260.4,10,1260.3000000000002,2opt,notBad
12971,10,1260.4,10,1260.3000000000002,swap,notBad
12972,10,1260.4,10,1260.3000000000002,swap,notBad
12973,10,1260.4,10,1260.3000000000002,swap,notBad
12974,10,1260.4,10,1260.3000000000002,swap,notBad
12975,10,1260.4,10,1260.3000000000002,swap,notBad
12976,10,1260.4,10,1260.3000000000002,move,improve
12977,10,1260.4,10,1260.3000000000002,move,improve
12978,10,1260.4,10,1260.3000000000002,swap,notBad
12979,10,1260.4,10,1260.3000000000002,move,improve
12980,10,1260.4,10,1260.3000000000002,move,improve
12981,10,1260.4,10,1260.3000000000002,2opt,notBad
12982,10,1260.4,10,1260.3000000000002,2opt,notBad
12983,10,1260.4,10,1260.3000000000002,move,improve
12984,10,1260.4,10,1260.3000000000002,move,improve
12985,10,1260.4,10,1260.3000000000002,swap,notBad
12986,10,1260.4,10,1260.3000000000002,swap,notBad
12987,10,1260.4,10,1260.3000000000002,move,notBad
12988,10,1260.4,10,1260.3000000000002,2opt,notBad
12989,10,1260.4,10,1260.3000000000002,2opt,notBad
12990,10,1260.4,10,1260.3000000000002,swap,notBad
12991,10,1260.4,10,1260.3000000000002,move,improve
12992,10,1260.4,10,1260.3000000000002,swap,notBad
12993,10,1260.4,10,1260.3000000000002,move,improve
12994,10,1260.4,10,1260.3000000000002,2opt,notBad
12995,10,1260.4,10,1260.3000000000002,swap,notBad
12996,10,1260.4,10,1260.3000000000002,move,improve
12997,10,1260.4,10,1260.3000000000002,2opt,notBad
12998,10,1260.4,10,1260.3000000000002,2opt,notBad
12999,10,1260.4,10,1260.3000000000002,swap,notBad
13000,10,1260.4,10,1260.3000000000002,swap,notBad
13001,10,1260.4,10,1260.3000000000002,swap,notBad
13002,10,1260.4,10,1260.3000000000002,2opt,notBad
13003,10,1260.4,10,1260.3000000000002,2opt,notBad
13004,10,1260.4,10,1260.3000000000002,2opt,improve
13005,10,1260.4,10,1260.3000000000002,swap,notBad
13006,10,1260.4,10,1260.3000000000002,swap,notBad
13007,10,1260.4,10,1260.3000000000002,move,improve
13008,10,1260.4,10,1260.3000000000002,move,improve
13009,10,1260.4,10,1260.3000000000002,swap,notBad
13010,10,1260.4,10,1260.3000000000002,move,improve
13011,10,1260.4,10,1260.3000000000002,move,improve
13012,10,1260.4,10,1260.3000000000002,move,improve
13013,10,1260.4,10,1260.3000000000002,swap,notBad
13014,10,1260.4,10,1260.3000000000002,move,improve
13015,10,1260.4,10,1260.3000000000002,move,improve
13016,10,1260.4,10,1260.3000000000002,move,improve
13017,10,1260.4,10,1260.3000000000002,move,improve
13018,10,1260.4,10,1260.3000000000002,move,improve
13019,10,1260.4,10,1260.3000000000002,2opt,notBad
13020,10,1260.4,10,1260.3000000000002,move,improve
13021,10,1260.4,10,1260.3000000000002,2opt,notBad
13022,10,1260.4,10,1260.3000000000002,move,improve
13023,10,1260.4,10,1260.3000000000002,move,improve
13024,10,1260.4,10,1260.3000000000002,move,improve
13025,10,1260.4,10,1260.3000000000002,2opt,notBad
13026,10,1260.4,10,1260.3000000000002,swap,notBad
13027,10,1260.4,10,1260.3000000000002,move,improve
13028,10,1260.4,10,1260.3000000000002,swap,notBad
13029,10,1260.4,10,1260.3000000000002,2opt,notBad
13030,10,1260.4,10,1260.3000000000002,move,improve
13031,10,1260.4,10,1260.3000000000002,move,improve
13032,10,1260.4,10,1260.3000000000002,2opt,notBad
13033,10,1260.4,10,1260.3000000000002,2opt,notBad
13034,10,1260.4,10,1260.3000000000002,move,improve
13035,10,1260.4,10,1260.3000000000002,swap,notBad
13036,10,1260.4,10,1260.3000000000002,2opt,notBad
13037,10,1260.4,10,1260.3000000000002,move,improve
13038,10,1260.4,10,1260.3000000000002,swap,notBad
13039,10,1260.4,10,1260.3000000000002,2opt,notBad
13040,10,1260.4,10,1260.3000000000002,swap,notBad
13041,10,1260.4,10,1260.3000000000002,2opt,notBad
13042,10,1260.4,10,1260.3000000000002,move,improve
13043,10,1260.4,10,1260.3000000000002,swap,notBad
13044,10,1260.4,10,1260.3000000000002,2opt,notBad
13045,10,1260.4,10,1260.3000000000002,move,improve
13046,10,1260.4,10,1260.3000000000002,swap,notBad
13047,10,1260.4,10,1260.3000000000002,2opt,notBad
13048,10,1260.4,10,1260.3000000000002,2opt,improve
13049,10,1260.4,10,1260.3000000000002,move,improve
13050,10,1260.4,10,1260.3000000000002,2opt,notBad
13051,10,1260.4,10,1260.3000000000002,2opt,notBad
13052,10,1260.4,10,1260.3000000000002,2opt,notBad
13053,10,1260.4,10,1260.3000000000002,swap,notBad
13054,10,1260.4,10,1260.3000000000002,swap,notBad
13055,10,1260.4,10,1260.3000000000002,swap,notBad
13056,10,1260.4,10,1260.3000000000002,swap,notBad
13057,10,1260.4,10,1260.3000000000002,swap,notBad
13058,10,1260.4,10,1260.3000000000002,2opt,improve
13059,10,1260.4,10,1260.3000000000002,swap,notBad
13060,10,1260.4,10,1260.3000000000002,2opt,notBad
13061,10,1260.4,10,1260.3000000000002,move,improve
13062,10,1260.4,10,1260.3000000000002,2opt,notBad
13063,10,1260.4,10,1260.3000000000002,move,improve
13064,10,1260.4,10,1260.3000000000002,move,improve
13065,10,1260.4,10,1260.3000000000002,swap,notBad
13066,10,1260.4,10,1260.3000000000002,swap,notBad
13067,10,1260.4,10,1260.3000000000002,swap,notBad
13068,10,1260.4,10,1260.3000000000002,move,improve
13069,10,1260.4,10,1260.3000000000002,move,improve
13070,10,1260.4,10,1260.3000000000002,move,improve
13071,10,1260.4,10,1260.3000000000002,move,improve
13072,10,1260.4,10,1260.3000000000002,move,improve
13073,10,1260.4,10,1260.3000000000002,move,improve
13074,10,1260.4,10,1260.3000000000002,2opt,notBad
13075,10,1260.4,10,1260.3000000000002,move,improve
13076,10,1260.4,10,1260.3000000000002,swap,notBad
13077,10,1260.4,10,1260.3000000000002,swap,notBad
13078,10,1260.4,10,1260.3000000000002,swap,notBad
13079,10,1260.4,10,1260.3000000000002,move,improve
13080,10,1260.4,10,1260.3000000000002,2opt,notBad
13081,10,1260.4,10,1260.3000000000002,move,improve
13082,10,1260.4,10,1260.3000000000002,2opt,notBad
13083,10,1260.4,10,1260.3000000000002,swap,notBad
13084,10,1260.4,10,1260.3000000000002,swap,notBad
13085,10,1260.4,10,1260.3000000000002,swap,notBad
13086,10,1260.4,10,1260.3000000000002,swap,notBad
13087,10,1260.4,10,1260.3000000000002,2opt,improve
13088,10,1260.4,10,1260.3000000000002,2opt,notBad
13089,10,1260.4,10,1260.3000000000002,move,improve
13090,10,1260.4,10,1260.3000000000002,swap,notBad
13091,10,1260.4,10,1260.3000000000002,move,improve
13092,10,1260.4,10,1260.3000000000002,swap,notBad
13093,10,1260.4,10,1260.3000000000002,2opt,notBad
13094,10,1260.4,10,1260.3000000000002,2opt,notBad
13095,10,1260.4,10,1260.3000000000002,2opt,improve
13096,10,1260.4,10,1260.3000000000002,move,improve
13097,10,1260.4,10,1260.3000000000002,2opt,notBad
13098,10,1260.4,10,1260.3000000000002,move,improve
13099,10,1260.4,10,1260.3000000000002,move,improve
13100,10,1260.4,10,1260.3000000000002,move,improve
13101,10,1260.4,10,1260.3000000000002,move,improve
13102,10,1260.4,10,1260.3000000000002,swap,notBad
13103,10,1260.4,10,1260.3000000000002,swap,notBad
13104,10,1260.4,10,1260.3000000000002,move,improve
13105,10,1260.4,10,1260.3000000000002,move,improve
13106,10,1260.4,10,1260.3000000000002,swap,notBad
13107,10,1260.4,10,1260.3000000000002,move,improve
13108,10,1260.4,10,1260.3000000000002,move,improve
13109,10,1260.4,10,1260.3000000000002,swap,notBad
13110,10,1260.4,10,1260.3000000000002,move,improve
13111,10,1260.4,10,1260.3000000000002,2opt,notBad
13112,10,1260.4,10,1260.3000000000002,2opt,notBad
13113,10,1260.4,10,1260.3000000000002,move,improve
13114,10,1260.4,10,1260.3000000000002,swap,notBad
13115,10,1260.4,10,1260.3000000000002,swap,notBad
13116,10,1260.4,10,1260.3000000000002,swap,notBad
13117,10,1260.4,10,1260.3000000000002,move,improve
13118,10,1260.4,10,1260.3000000000002,swap,notBad
13119,10,1260.4,10,1260.3000000000002,move,improve
13120,10,1260.4,10,1260.3000000000002,swap,notBad
13121,10,1260.4,10,1260.3000000000002,swap,notBad
13122,10,1260.4,10,1260.3000000000002,2opt,notBad
13123,10,1260.4,10,1260.3000000000002,2opt,notBad
13124,10,1260.4,10,1260.3000000000002,move,improve
13125,10,1260.4,10,1260.3000000000002,move,improve
13126,10,1260.4,10,1260.3000000000002,move,improve
13127,10,1260.4,10,1260.3000000000002,2opt,notBad
13128,10,1260.4,10,1260.3000000000002,2opt,improve
13129,10,1260.4,10,1260.3000000000002,2opt,notBad
13130,10,1260.4,10,1260.3000000000002,2opt,notBad
13131,10,1260.4,10,1260.3000000000002,move,improve
13132,10,1260.4,10,1260.3000000000002,move,improve
13133,10,1260.4,10,1260.3000000000002,2opt,improve
13134,10,1260.4,10,1260.3000000000002,swap,notBad
13135,10,1260.4,10,1260.3000000000002,move,improve
13136,10,1260.4,10,1260.3000000000002,move,improve
13137,10,1260.4,10,1260.3000000000002,swap,notBad
13138,10,1260.4,10,1260.3000000000002,2opt,notBad
13139,10,1260.4,10,1260.3000000000002,move,improve
13140,10,1260.4,10,1260.3000000000002,2opt,notBad
13141,10,1260.4,10,1260.3000000000002,2opt,notBad
13142,10,1260.4,10,1260.3000000000002,move,improve
13143,10,1260.4,10,1260.3000000000002,2opt,notBad
13144,10,1260.4,10,1260.3000000000002,swap,notBad
13145,10,1260.4,10,1260.3000000000002,swap,notBad
13146,10,1260.4,10,1260.3000000000002,2opt,notBad
13147,10,1260.4,10,1260.3000000000002,move,improve
13148,10,1260.4,10,1260.3000000000002,2opt,notBad
13149,10,1260.4,10,1260.3000000000002,move,improve
13150,10,1260.4,10,1260.3000000000002,move,improve
13151,10,1260.4,10,1260.3000000000002,2opt,notBad
13152,10,1260.4,10,1260.3000000000002,2opt,notBad
13153,10,1260.4,10,1260.3000000000002,swap,notBad
13154,10,1260.4,10,1260.3000000000002,swap,notBad
13155,10,1260.4,10,1260.3000000000002,swap,notBad
13156,10,1260.4,10,1260.3000000000002,2opt,notBad
13157,10,1260.4,10,1260.3000000000002,move,improve
13158,10,1260.4,10,1260.3000000000002,2opt,notBad
13159,10,1260.4,10,1260.3000000000002,swap,notBad
13160,10,1260.4,10,1260.3000000000002,swap,notBad
13161,10,1260.4,10,1260.3000000000002,2opt,notBad
13162,10,1260.4,10,1260.3000000000002,2opt,notBad
13163,10,1260.4,10,1260.3000000000002,swap,notBad
13164,10,1260.4,10,1260.3000000000002,swap,notBad
13165,10,1260.4,10,1260.3000000000002,swap,notBad
13166,10,1260.4,10,1260.3000000000002,swap,notBad
13167,10,1260.4,10,1260.3000000000002,move,improve
13168,10,1260.4,10,1260.3000000000002,2opt,notBad
13169,10,1260.4,10,1260.3000000000002,move,improve
13170,10,1260.4,10,1260.3000000000002,swap,notBad
13171,10,1260.4,10,1260.3000000000002,2opt,notBad
13172,10,1260.4,10,1260.3000000000002,2opt,notBad
13173,10,1260.4,10,1260.3000000000002,2opt,notBad
13174,10,1260.4,10,1260.3000000000002,swap,notBad
13175,10,1260.4,10,1260.3000000000002,swap,notBad
13176,10,1260.4,10,1260.3000000000002,2opt,notBad
13177,10,1260.4,10,1260.3000000000002,2opt,notBad
13178,10,1260.4,10,1260.3000000000002,swap,notBad
13179,10,1260.4,10,1260.3000000000002,2opt,notBad
13180,10,1260.4,10,1260.3000000000002,swap,notBad
13181,10,1260.4,10,1260.3000000000002,2opt,notBad
13182,10,1260.4,10,1260.3000000000002,swap,notBad
13183,10,1260.4,10,1260.3000000000002,move,improve
13184,10,1260.4,10,1260.3000000000002,2opt,notBad
13185,10,1260.4,10,1260.3000000000002,swap,notBad
13186,10,1260.4,10,1260.3000000000002,swap,notBad
13187,10,1260.4,10,1260.3000000000002,swap,notBad
13188,10,1260.4,10,1260.3000000000002,swap,notBad
13189,10,1260.4,10,1260.3000000000002,swap,notBad
13190,10,1260.4,10,1260.3000000000002,2opt,notBad
13191,10,1260.4,10,1260.3000000000002,move,improve
13192,10,1260.4,10,1260.3000000000002,move,improve
13193,10,1260.4,10,1260.3000000000002,move,improve
13194,10,1260.4,10,1260.3000000000002,move,improve
13195,10,1260.4,10,1260.3000000000002,2opt,notBad
13196,10,1260.4,10,1260.3000000000002,swap,notBad
13197,10,1260.4,10,1260.3000000000002,2opt,notBad
13198,10,1260.4,10,1260.3000000000002,2opt,notBad
13199,10,1260.4,10,1260.3000000000002,2opt,notBad
13200,10,1260.4,10,1260.3000000000002,move,improve
13201,10,1260.4,10,1260.3000000000002,move,improve
13202,10,1260.4,10,1260.3000000000002,2opt,notBad
13203,10,1260.4,10,1260.3000000000002,swap,notBad
13204,10,1260.4,10,1260.3000000000002,move,improve
13205,10,1260.4,10,1260.3000000000002,move,improve
13206,10,1260.4,10,1260.3000000000002,move,improve
13207,10,1260.4,10,1260.3000000000002,swap,notBad
13208,10,1260.4,10,1260.3000000000002,2opt,notBad
13209,10,1260.4,10,1260.3000000000002,2opt,notBad
13210,10,1260.4,10,1260.3000000000002,2opt,notBad
13211,10,1260.4,10,1260.3000000000002,move,improve
13212,10,1260.4,10,1260.3000000000002,swap,notBad
13213,10,1260.4,10,1260.3000000000002,move,improve
13214,10,1260.4,10,1260.3000000000002,move,improve
13215,10,1260.4,10,1260.3000000000002,move,improve
13216,10,1260.4,10,1260.3000000000002,swap,notBad
13217,10,1260.4,10,1260.3000000000002,swap,notBad
13218,10,1260.4,10,1260.3000000000002,swap,notBad
13219,10,1260.4,10,1260.3000000000002,swap,notBad
13220,10,1260.4,10,1260.3000000000002,2opt,notBad
13221,10,1260.4,10,1260.3000000000002,swap,notBad
13222,10,1260.4,10,1260.3000000000002,2opt,notBad
13223,10,1260.4,10,1260.3000000000002,swap,notBad
13224,10,1260.4,10,1260.3000000000002,swap,notBad
13225,10,1260.4,10,1260.3000000000002,2opt,notBad
13226,10,1260.4,10,1260.3000000000002,swap,notBad
13227,10,1260.4,10,1260.3000000000002,2opt,notBad
13228,10,1260.4,10,1260.3000000000002,swap,notBad
13229,10,1260.4,10,1260.3000000000002,2opt,notBad
13230,10,1260.4,10,1260.3000000000002,2opt,notBad
13231,10,1260.4,10,1260.3000000000002,2opt,notBad
13232,10,1260.4,10,1260.3000000000002,2opt,notBad
13233,10,1260.4,10,1260.3000000000002,swap,notBad
13234,10,1260.4,10,1260.3000000000002,swap,notBad
13235,10,1260.4,10,1260.3000000000002,swap,notBad
13236,10,1260.4,10,1260.3000000000002,move,improve
13237,10,1260.4,10,1260.3000000000002,2opt,notBad
13238,10,1260.4,10,1260.3000000000002,2opt,improve
13239,10,1260.4,10,1260.3000000000002,move,improve
13240,10,1260.4,10,1260.3000000000002,2opt,notBad
13241,10,1260.4,10,1260.3000000000002,move,improve
13242,10,1260.4,10,1260.3000000000002,2opt,notBad
13243,10,1260.4,10,1260.3000000000002,2opt,notBad
13244,10,1260.4,10,1260.3000000000002,swap,notBad
13245,10,1260.4,10,1260.3000000000002,swap,notBad
13246,10,1260.4,10,1260.3000000000002,swap,notBad
13247,10,1260.4,10,1260.3000000000002,2opt,notBad
13248,10,1260.4,10,1260.3000000000002,2opt,notBad
13249,10,1260.4,10,1260.3000000000002,move,improve
13250,10,1260.4,10,1260.3000000000002,move,improve
13251,10,1260.4,10,1260.3000000000002,2opt,notBad
13252,10,1260.4,10,1260.3000000000002,2opt,improve
13253,10,1260.4,10,1260.3000000000002,swap,notBad
13254,10,1260.4,10,1260.3000000000002,move,improve
13255,10,1260.4,10,1260.3000000000002,2opt,notBad
13256,10,1260.4,10,1260.3000000000002,2opt,notBad
13257,10,1260.4,10,1260.3000000000002,2opt,notBad
13258,10,1260.4,10,1260.3000000000002,2opt,notBad
13259,10,1260.4,10,1260.3000000000002,move,improve
13260,10,1260.4,10,1260.3000000000002,2opt,notBad
13261,10,1260.4,10,1260.3000000000002,2opt,notBad
13262,10,1260.4,10,1260.3000000000002,2opt,notBad
13263,10,1260.4,10,1260.3000000000002,move,improve
13264,10,1260.4,10,1260.3000000000002,move,improve
13265,10,1260.4,10,1260.3000000000002,swap,notBad
13266,10,1260.4,10,1260.3000000000002,move,improve
13267,10,1260.4,10,1260.3000000000002,move,improve
13268,10,1260.4,10,1260.3000000000002,move,improve
13269,10,1260.4,10,1260.3000000000002,2opt,improve
13270,10,1260.4,10,1260.3000000000002,swap,notBad
13271,10,1260.4,10,1260.3000000000002,2opt,notBad
13272,10,1260.4,10,1260.3000000000002,2opt,notBad
13273,10,1260.4,10,1260.3000000000002,move,improve
13274,10,1260.4,10,1260.3000000000002,swap,notBad
13275,10,1260.4,10,1260.3000000000002,swap,notBad
13276,10,1260.4,10,1260.3000000000002,2opt,notBad
13277,10,1260.4,10,1260.3000000000002,move,improve
13278,10,1260.4,10,1260.3000000000002,swap,notBad
13279,10,1260.4,10,1260.3000000000002,swap,notBad
13280,10,1260.4,10,1260.3000000000002,move,improve
13281,10,1260.4,10,1260.3000000000002,swap,notBad
13282,10,1260.4,10,1260.3000000000002,move,improve
13283,10,1260.4,10,1260.3000000000002,swap,notBad
13284,10,1260.4,10,1260.3000000000002,2opt,improve
13285,10,1260.4,10,1260.3000000000002,swap,notBad
13286,10,1260.4,10,1260.3000000000002,move,improve
13287,10,1260.4,10,1260.3000000000002,move,improve
13288,10,1260.4,10,1260.3000000000002,2opt,notBad
13289,10,1260.4,10,1260.3000000000002,swap,notBad
13290,10,1260.4,10,1260.3000000000002,2opt,notBad
13291,10,1260.4,10,1260.3000000000002,swap,notBad
13292,10,1260.4,10,1260.3000000000002,2opt,notBad
13293,10,1260.4,10,1260.3000000000002,2opt,notBad
13294,10,1260.4,10,1260.3000000000002,2opt,notBad
13295,10,1260.4,10,1260.3000000000002,2opt,notBad
13296,10,1260.4,10,1260.3000000000002,2opt,improve
13297,10,1260.4,10,1260.3000000000002,2opt,improve
13298,10,1260.4,10,1260.3000000000002,swap,notBad
13299,10,1260.4,10,1260.3000000000002,move,improve
13300,10,1260.4,10,1260.3000000000002,move,improve
13301,10,1260.4,10,1260.3000000000002,2opt,notBad
13302,10,1260.4,10,1260.3000000000002,swap,notBad
13303,10,1260.4,10,1260.3000000000002,2opt,notBad
13304,10,1260.4,10,1260.3000000000002,swap,notBad
13305,10,1260.4,10,1260.3000000000002,swap,notBad
13306,10,1260.4,10,1260.3000000000002,swap,notBad
13307,10,1260.4,10,1260.3000000000002,2opt,notBad
13308,10,1260.4,10,1260.3000000000002,move,improve
13309,10,1260.4,10,1260.3000000000002,swap,notBad
13310,10,1260.4,10,1260.3000000000002,swap,notBad
13311,10,1260.4,10,1260.3000000000002,move,improve
13312,10,1260.4,10,1260.3000000000002,move,improve
13313,10,1260.4,10,1260.3000000000002,swap,notBad
13314,10,1260.4,10,1260.3000000000002,move,notBad
13315,10,1260.4,10,1260.3000000000002,move,improve
13316,10,1260.4,10,1260.3000000000002,2opt,notBad
13317,10,1260.4,10,1260.3000000000002,swap,notBad
13318,10,1260.4,10,1260.3000000000002,2opt,improve
13319,10,1260.4,10,1260.3000000000002,2opt,notBad
13320,10,1260.4,10,1260.3000000000002,swap,notBad
13321,10,1260.4,10,1260.3000000000002,swap,notBad
13322,10,1260.4,10,1260.3000000000002,swap,notBad
13323,10,1260.4,10,1260.3000000000002,2opt,notBad
13324,10,1260.4,10,1260.3000000000002,move,improve
13325,10,1260.4,10,1260.3000000000002,move,improve
13326,10,1260.4,10,1260.3000000000002,move,improve
13327,10,1260.4,10,1260.3000000000002,swap,notBad
13328,10,1260.4,10,1260.3000000000002,swap,notBad
13329,10,1260.4,10,1260.3000000000002,swap,notBad
13330,10,1260.4,10,1260.3000000000002,swap,notBad
13331,10,1260.4,10,1260.3000000000002,swap,notBad
13332,10,1260.4,10,1260.3000000000002,move,improve
13333,10,1260.4,10,1260.3000000000002,2opt,notBad
13334,10,1260.4,10,1260.3000000000002,move,improve
13335,10,1260.4,10,1260.3000000000002,swap,notBad
13336,10,1260.4,10,1260.3000000000002,swap,notBad
13337,10,1260.4,10,1260.3000000000002,swap,notBad
13338,10,1260.4,10,1260.3000000000002,swap,notBad
13339,10,1260.4,10,1260.3000000000002,swap,notBad
13340,10,1260.4,10,1260.3000000000002,2opt,notBad
13341,10,1260.4,10,1260.3000000000002,swap,notBad
13342,10,1260.4,10,1260.3000000000002,2opt,notBad
13343,10,1260.4,10,1260.3000000000002,swap,notBad
13344,10,1260.4,10,1260.3000000000002,2opt,notBad
13345,10,1260.4,10,1260.3000000000002,swap,notBad
13346,10,1260.4,10,1260.3000000000002,move,improve
13347,10,1260.4,10,1260.3000000000002,2opt,notBad
13348,10,1260.4,10,1260.3000000000002,move,improve
13349,10,1260.4,10,1260.3000000000002,swap,notBad
13350,10,1260.4,10,1260.3000000000002,swap,notBad
13351,10,1260.4,10,1260.3000000000002,move,improve
13352,10,1260.4,10,1260.3000000000002,swap,notBad
13353,10,1260.4,10,1260.3000000000002,2opt,notBad
13354,10,1260.4,10,1260.3000000000002,swap,notBad
13355,10,1260.4,10,1260.3000000000002,swap,notBad
13356,10,1260.4,10,1260.3000000000002,move,improve
13357,10,1260.4,10,1260.3000000000002,move,improve
13358,10,1260.4,10,1260.3000000000002,move,improve
13359,10,1260.4,10,1260.3000000000002,swap,notBad
13360,10,1260.4,10,1260.3000000000002,move,improve
13361,10,1260.4,10,1260.3000000000002,move,improve
13362,10,1260.4,10,1260.3000000000002,2opt,notBad
13363,10,1260.4,10,1260.3000000000002,move,improve
13364,10,1260.4,10,1260.3000000000002,move,improve
13365,10,1260.4,10,1260.3000000000002,swap,notBad
13366,10,1260.4,10,1260.3000000000002,move,improve
13367,10,1260.4,10,1260.3000000000002,swap,notBad
13368,10,1260.4,10,1260.3000000000002,2opt,improve
13369,10,1260.4,10,1260.3000000000002,2opt,notBad
13370,10,1260.4,10,1260.3000000000002,2opt,notBad
13371,10,1260.4,10,1260.3000000000002,2opt,notBad
13372,10,1260.4,10,1260.3000000000002,swap,notBad
13373,10,1260.4,10,1260.3000000000002,swap,notBad
13374,10,1260.4,10,1260.3000000000002,2opt,notBad
13375,10,1260.4,10,1260.3000000000002,swap,notBad
13376,10,1260.4,10,1260.3000000000002,swap,notBad
13377,10,1260.4,10,1260.3000000000002,2opt,notBad
13378,10,1260.4,10,1260.3000000000002,swap,notBad
13379,10,1260.4,10,1260.3000000000002,move,improve
13380,10,1260.4,10,1260.3000000000002,swap,notBad
13381,10,1260.4,10,1260.3000000000002,swap,notBad
13382,10,1260.4,10,1260.3000000000002,move,improve
13383,10,1260.4,10,1260.3000000000002,move,improve
13384,10,1260.4,10,1260.3000000000002,swap,notBad
13385,10,1260.4,10,1260.3000000000002,2opt,notBad
13386,10,1260.4,10,1260.3000000000002,2opt,notBad
13387,10,1260.4,10,1260.3000000000002,2opt,notBad
13388,10,1260.4,10,1260.3000000000002,swap,notBad
13389,10,1260.4,10,1260.3000000000002,swap,notBad
13390,10,1260.4,10,1260.3000000000002,2opt,notBad
13391,10,1260.4,10,1260.3000000000002,swap,notBad
13392,10,1260.4,10,1260.3000000000002,move,improve
13393,10,1260.4,10,1260.3000000000002,2opt,improve
13394,10,1260.4,10,1260.3000000000002,swap,notBad
13395,10,1260.4,10,1260.3000000000002,move,improve
13396,10,1260.4,10,1260.3000000000002,move,improve
13397,10,1260.4,10,1260.3000000000002,2opt,notBad
13398,10,1260.4,10,1260.3000000000002,move,improve
13399,10,1260.4,10,1260.3000000000002,2opt,notBad
13400,10,1260.4,10,1260.3000000000002,move,improve
13401,10,1260.4,10,1260.3000000000002,2opt,notBad
13402,10,1260.4,10,1260.3000000000002,2opt,notBad
13403,10,1260.4,10,1260.3000000000002,2opt,notBad
13404,10,1260.4,10,1260.3000000000002,move,improve
13405,10,1260.4,10,1260.3000000000002,swap,notBad
13406,10,1260.4,10,1260.3000000000002,swap,notBad
13407,10,1260.4,10,1260.3000000000002,2opt,improve
13408,10,1260.4,10,1260.3000000000002,2opt,improve
13409,10,1260.4,10,1260.3000000000002,2opt,notBad
13410,10,1260.4,10,1260.3000000000002,2opt,notBad
13411,10,1260.4,10,1260.3000000000002,2opt,notBad
13412,10,1260.4,10,1260.3000000000002,2opt,notBad
13413,10,1260.4,10,1260.3000000000002,2opt,notBad
13414,10,1260.4,10,1260.3000000000002,2opt,notBad
13415,10,1260.4,10,1260.3000000000002,swap,notBad
13416,10,1260.4,10,1260.3000000000002,move,improve
13417,10,1260.4,10,1260.3000000000002,move,improve
13418,10,1260.4,10,1260.3000000000002,2opt,notBad
13419,10,1260.4,10,1260.3000000000002,swap,notBad
13420,10,1260.4,10,1260.3000000000002,2opt,notBad
13421,10,1260.4,10,1260.3000000000002,2opt,notBad
13422,10,1260.4,10,1260.3000000000002,2opt,improve
13423,10,1260.4,10,1260.3000000000002,swap,notBad
13424,10,1260.4,10,1260.3000000000002,swap,notBad
13425,10,1260.4,10,1260.3000000000002,swap,notBad
13426,10,1260.4,10,1260.3000000000002,2opt,notBad
13427,10,1260.4,10,1260.3000000000002,move,improve
13428,10,1260.4,10,1260.3000000000002,2opt,notBad
13429,10,1260.4,10,1260.3000000000002,move,improve
13430,10,1260.4,10,1260.3000000000002,swap,notBad
13431,10,1260.4,10,1260.3000000000002,move,improve
13432,10,1260.4,10,1260.3000000000002,swap,notBad
13433,10,1260.4,10,1260.3000000000002,move,improve
13434,10,1260.4,10,1260.3000000000002,swap,notBad
13435,10,1260.4,10,1260.3000000000002,swap,notBad
13436,10,1260.4,10,1260.3000000000002,swap,notBad
13437,10,1260.4,10,1260.3000000000002,move,improve
13438,10,1260.4,10,1260.3000000000002,2opt,notBad
13439,10,1260.4,10,1260.3000000000002,2opt,notBad
13440,10,1260.4,10,1260.3000000000002,swap,notBad
13441,10,1260.4,10,1260.3000000000002,move,improve
13442,10,1260.4,10,1260.3000000000002,swap,notBad
13443,10,1260.4,10,1260.3000000000002,swap,notBad
13444,10,1260.4,10,1260.3000000000002,2opt,notBad
13445,10,1260.4,10,1260.3000000000002,move,improve
13446,10,1260.4,10,1260.3000000000002,2opt,notBad
13447,10,1260.4,10,1260.3000000000002,swap,notBad
13448,10,1260.4,10,1260.3000000000002,swap,notBad
13449,10,1260.4,10,1260.3000000000002,2opt,notBad
13450,10,1260.4,10,1260.3000000000002,move,improve
13451,10,1260.4,10,1260.3000000000002,swap,notBad
13452,10,1260.4,10,1260.3000000000002,swap,notBad
13453,10,1260.4,10,1260.3000000000002,2opt,notBad
13454,10,1260.4,10,1260.3000000000002,swap,notBad
13455,10,1260.4,10,1260.3000000000002,2opt,notBad
13456,10,1260.4,10,1260.3000000000002,2opt,notBad
13457,10,1260.4,10,1260.3000000000002,swap,notBad
13458,10,1260.4,10,1260.3000000000002,move,improve
13459,10,1260.4,10,1260.3000000000002,move,improve
13460,10,1260.4,10,1260.3000000000002,move,improve
13461,10,1260.4,10,1260.3000000000002,2opt,notBad
13462,10,1260.4,10,1260.3000000000002,2opt,notBad
13463,10,1260.4,10,1260.3000000000002,2opt,notBad
13464,10,1260.4,10,1260.3000000000002,move,improve
13465,10,1260.4,10,1260.3000000000002,move,improve
13466,10,1260.4,10,1260.3000000000002,move,improve
13467,10,1260.4,10,1260.3000000000002,2opt,notBad
13468,10,1260.4,10,1260.3000000000002,2opt,notBad
13469,10,1260.4,10,1260.3000000000002,2opt,notBad
13470,10,1260.4,10,1260.3000000000002,swap,notBad
13471,10,1260.4,10,1260.3000000000002,swap,notBad
13472,10,1260.4,10,1260.3000000000002,move,improve
13473,10,1260.4,10,1260.3000000000002,2opt,notBad
13474,10,1260.4,10,1260.3000000000002,swap,notBad
13475,10,1260.4,10,1260.3000000000002,move,improve
13476,10,1260.4,10,1260.3000000000002,2opt,improve
13477,10,1260.4,10,1260.3000000000002,move,improve
13478,10,1260.4,10,1260.3000000000002,swap,notBad
13479,10,1260.4,10,1260.3000000000002,swap,notBad
13480,10,1260.4,10,1260.3000000000002,swap,notBad
13481,10,1260.4,10,1260.3000000000002,2opt,notBad
13482,10,1260.4,10,1260.3000000000002,move,improve
13483,10,1260.4,10,1260.3000000000002,2opt,notBad
13484,10,1260.4,10,1260.3000000000002,2opt,notBad
13485,10,1260.4,10,1260.3000000000002,swap,notBad
13486,10,1260.4,10,1260.3000000000002,swap,notBad
13487,10,1260.4,10,1260.3000000000002,swap,notBad
13488,10,1260.4,10,1260.3000000000002,move,improve
13489,10,1260.4,10,1260.3000000000002,move,improve
13490,10,1260.4,10,1260.3000000000002,move,improve
13491,10,1260.4,10,1260.3000000000002,move,improve
13492,10,1260.4,10,1260.3000000000002,2opt,notBad
13493,10,1260.4,10,1260.3000000000002,swap,notBad
13494,10,1260.4,10,1260.3000000000002,2opt,notBad
13495,10,1260.4,10,1260.3000000000002,swap,notBad
13496,10,1260.4,10,1260.3000000000002,move,improve
13497,10,1260.4,10,1260.3000000000002,move,improve
13498,10,1260.4,10,1260.3000000000002,move,improve
13499,10,1260.4,10,1260.3000000000002,2opt,notBad
13500,10,1260.4,10,1260.3000000000002,2opt,notBad
13501,10,1260.4,10,1260.3000000000002,move,improve
13502,10,1260.4,10,1260.3000000000002,swap,notBad
13503,10,1260.4,10,1260.3000000000002,move,improve
13504,10,1260.4,10,1260.3000000000002,move,improve
13505,10,1260.4,10,1260.3000000000002,2opt,notBad
13506,10,1260.4,10,1260.3000000000002,2opt,notBad
13507,10,1260.4,10,1260.3000000000002,move,improve
13508,10,1260.4,10,1260.3000000000002,move,improve
13509,10,1260.4,10,1260.3000000000002,2opt,notBad
13510,10,1260.4,10,1260.3000000000002,2opt,notBad
13511,10,1260.4,10,1260.3000000000002,2opt,notBad
13512,10,1260.4,10,1260.3000000000002,swap,notBad
13513,10,1260.4,10,1260.3000000000002,swap,notBad
13514,10,1260.4,10,1260.3000000000002,move,improve
13515,10,1260.4,10,1260.3000000000002,move,improve
13516,10,1260.4,10,1260.3000000000002,2opt,notBad
13517,10,1260.4,10,1260.3000000000002,2opt,notBad
13518,10,1260.4,10,1260.3000000000002,2opt,notBad
13519,10,1260.4,10,1260.3000000000002,2opt,notBad
13520,10,1260.4,10,1260.3000000000002,2opt,notBad
13521,10,1260.4,10,1260.3000000000002,swap,notBad
13522,10,1260.4,10,1260.3000000000002,swap,notBad
13523,10,1260.4,10,1260.3000000000002,move,improve
13524,10,1260.4,10,1260.3000000000002,swap,notBad
13525,10,1260.4,10,1260.3000000000002,2opt,notBad
13526,10,1260.4,10,1260.3000000000002,swap,notBad
13527,10,1260.4,10,1260.3000000000002,2opt,notBad
13528,10,1260.4,10,1260.3000000000002,2opt,notBad
13529,10,1260.4,10,1260.3000000000002,swap,notBad
13530,10,1260.4,10,1260.3000000000002,move,improve
13531,10,1260.4,10,1260.3000000000002,move,improve
13532,10,1260.4,10,1260.3000000000002,2opt,notBad
13533,10,1260.4,10,1260.3000000000002,2opt,improve
13534,10,1260.4,10,1260.3000000000002,swap,notBad
13535,10,1260.4,10,1260.3000000000002,2opt,notBad
13536,10,1260.4,10,1260.3000000000002,swap,notBad
13537,10,1260.4,10,1260.3000000000002,2opt,notBad
13538,10,1260.4,10,1260.3000000000002,swap,notBad
13539,10,1260.4,10,1260.3000000000002,swap,notBad
13540,10,1260.4,10,1260.3000000000002,swap,notBad
13541,10,1260.4,10,1260.3000000000002,move,improve
13542,10,1260.4,10,1260.3000000000002,swap,notBad
13543,10,1260.4,10,1260.3000000000002,move,improve
13544,10,1260.4,10,1260.3000000000002,move,improve
13545,10,1260.4,10,1260.3000000000002,2opt,notBad
13546,10,1260.4,10,1260.3000000000002,move,improve
13547,10,1260.4,10,1260.3000000000002,2opt,notBad
13548,10,1260.4,10,1260.3000000000002,swap,notBad
13549,10,1260.4,10,1260.3000000000002,move,improve
13550,10,1260.4,10,1260.3000000000002,move,improve
13551,10,1260.4,10,1260.3000000000002,move,improve
13552,10,1260.4,10,1260.3000000000002,move,improve
13553,10,1260.4,10,1260.3000000000002,2opt,improve
13554,10,1260.4,10,1260.3000000000002,swap,notBad
13555,10,1260.4,10,1260.3000000000002,swap,notBad
13556,10,1260.4,10,1260.3000000000002,move,improve
13557,10,1260.4,10,1260.3000000000002,2opt,notBad
13558,10,1260.4,10,1260.3000000000002,move,improve
13559,10,1260.4,10,1260.3000000000002,swap,notBad
13560,10,1260.4,10,1260.3000000000002,2opt,notBad
13561,10,1260.4,10,1260.3000000000002,move,improve
13562,10,1260.4,10,1260.3000000000002,swap,notBad
13563,10,1260.4,10,1260.3000000000002,2opt,notBad
13564,10,1260.4,10,1260.3000000000002,swap,notBad
13565,10,1260.4,10,1260.3000000000002,swap,notBad
13566,10,1260.4,10,1260.3000000000002,2opt,notBad
13567,10,1260.4,10,1260.3000000000002,swap,notBad
13568,10,1260.4,10,1260.3000000000002,move,improve
13569,10,1260.4,10,1260.3000000000002,swap,notBad
13570,10,1260.4,10,1260.3000000000002,2opt,notBad
13571,10,1260.4,10,1260.3000000000002,move,improve
13572,10,1260.4,10,1260.3000000000002,move,improve
13573,10,1260.4,10,1260.3000000000002,swap,notBad
13574,10,1260.4,10,1260.3000000000002,move,improve
13575,10,1260.4,10,1260.3000000000002,move,notBad
13576,10,1260.4,10,1260.3000000000002,swap,notBad
13577,10,1260.4,10,1260.3000000000002,swap,notBad
13578,10,1260.4,10,1260.3000000000002,swap,notBad
13579,10,1260.4,10,1260.3000000000002,2opt,notBad
13580,10,1260.4,10,1260.3000000000002,move,improve
13581,10,1260.4,10,1260.3000000000002,swap,notBad
13582,10,1260.4,10,1260.3000000000002,swap,notBad
13583,10,1260.4,10,1260.3000000000002,2opt,notBad
13584,10,1260.4,10,1260.3000000000002,swap,notBad
13585,10,1260.4,10,1260.3000000000002,move,improve
13586,10,1260.4,10,1260.3000000000002,2opt,notBad
13587,10,1260.4,10,1260.3000000000002,2opt,notBad
13588,10,1260.4,10,1260.3000000000002,swap,notBad
13589,10,1260.4,10,1260.3000000000002,swap,notBad
13590,10,1260.4,10,1260.3000000000002,2opt,notBad
13591,10,1260.4,10,1260.3000000000002,move,improve
13592,10,1260.4,10,1260.3000000000002,move,improve
13593,10,1260.4,10,1260.3000000000002,2opt,notBad
13594,10,1260.4,10,1260.3000000000002,swap,notBad
13595,10,1260.4,10,1260.3000000000002,swap,notBad
13596,10,1260.4,10,1260.3000000000002,2opt,notBad
13597,10,1260.4,10,1260.3000000000002,2opt,notBad
13598,10,1260.4,10,1260.3000000000002,2opt,notBad
13599,10,1260.4,10,1260.3000000000002,2opt,notBad
13600,10,1260.4,10,1260.3000000000002,move,improve
13601,10,1260.4,10,1260.3000000000002,swap,notBad
13602,10,1260.4,10,1260.3000000000002,2opt,improve
13603,10,1260.4,10,1260.3000000000002,swap,notBad
13604,10,1260.4,10,1260.3000000000002,move,improve
13605,10,1260.4,10,1260.3000000000002,move,improve
13606,10,1260.4,10,1260.3000000000002,swap,notBad
13607,10,1260.4,10,1260.3000000000002,move,improve
13608,10,1260.4,10,1260.3000000000002,swap,notBad
13609,10,1260.4,10,1260.3000000000002,swap,notBad
13610,10,1260.4,10,1260.3000000000002,move,improve
13611,10,1260.4,10,1260.3000000000002,move,improve
13612,10,1260.4,10,1260.3000000000002,2opt,notBad
13613,10,1260.4,10,1260.3000000000002,move,improve
13614,10,1260.4,10,1260.3000000000002,swap,notBad
13615,10,1260.4,10,1260.3000000000002,move,improve
13616,10,1260.4,10,1260.3000000000002,2opt,notBad
13617,10,1260.4,10,1260.3000000000002,move,improve
13618,10,1260.4,10,1260.3000000000002,swap,notBad
13619,10,1260.4,10,1260.3000000000002,swap,notBad
13620,10,1260.4,10,1260.3000000000002,move,improve
13621,10,1260.4,10,1260.3000000000002,swap,notBad
13622,10,1260.4,10,1260.3000000000002,2opt,notBad
13623,10,1260.4,10,1260.3000000000002,move,improve
13624,10,1260.4,10,1260.3000000000002,swap,notBad
13625,10,1260.4,10,1260.3000000000002,move,improve
13626,10,1260.4,10,1260.3000000000002,swap,notBad
13627,10,1260.4,10,1260.3000000000002,move,improve
13628,10,1260.4,10,1260.3000000000002,swap,notBad
13629,10,1260.4,10,1260.3000000000002,2opt,notBad
13630,10,1260.4,10,1260.3000000000002,2opt,notBad
13631,10,1260.4,10,1260.3000000000002,2opt,improve
13632,10,1260.4,10,1260.3000000000002,move,improve
13633,10,1260.4,10,1260.3000000000002,move,improve
13634,10,1260.4,10,1260.3000000000002,swap,notBad
13635,10,1260.4,10,1260.3000000000002,2opt,notBad
13636,10,1260.4,10,1260.3000000000002,2opt,notBad
13637,10,1260.4,10,1260.3000000000002,swap,notBad
13638,10,1260.4,10,1260.3000000000002,swap,notBad
13639,10,1260.4,10,1260.3000000000002,swap,notBad
13640,10,1260.4,10,1260.3000000000002,move,improve
13641,10,1260.4,10,1260.3000000000002,swap,notBad
13642,10,1260.4,10,1260.3000000000002,swap,notBad
13643,10,1260.4,10,1260.3000000000002,swap,notBad
13644,10,1260.4,10,1260.3000000000002,swap,notBad
13645,10,1260.4,10,1260.3000000000002,2opt,notBad
13646,10,1260.4,10,1260.3000000000002,move,improve
13647,10,1260.4,10,1260.3000000000002,swap,notBad
13648,10,1260.4,10,1260.3000000000002,2opt,notBad
