i,vehi,obj,vehiBest,objBest,loFunc,note
1,7,709.1,6,636.4000000000001,2opt,acceptBad
2,7,776.1999999999999,6,636.4000000000001,2opt,acceptBad
3,7,780.1999999999999,6,636.4000000000001,swap,acceptBad
4,7,779.6,6,636.4000000000001,swap,improve
5,7,779.6,6,636.4000000000001,move,improve
6,7,883.6,6,636.4000000000001,swap,acceptBad
7,8,987.6,6,636.4000000000001,2opt,acceptBad
8,8,989.9,6,636.4000000000001,swap,acceptBad
9,8,989.9,6,636.4000000000001,move,improve
10,8,989.9,6,636.4000000000001,move,improve
11,8,995.7,6,636.4000000000001,swap,acceptBad
12,8,984.0,6,636.4000000000001,move,improve
13,8,1015.2,6,636.4000000000001,2opt,acceptBad
14,8,1025.4,6,636.4000000000001,swap,acceptBad
15,8,1024.4,6,636.4000000000001,move,improve
16,8,1024.4,6,636.4000000000001,move,improve
17,8,1024.4,6,636.4000000000001,swap,improve
18,8,1032.3000000000002,6,636.4000000000001,swap,acceptBad
19,8,1042.1000000000001,6,636.4000000000001,swap,acceptBad
20,8,1042.1000000000001,6,636.4000000000001,move,improve
21,8,1042.1000000000001,6,636.4000000000001,2opt,improve
22,8,1042.1000000000001,6,636.4000000000001,2opt,improve
23,8,1042.2,6,636.4000000000001,move,acceptBad
24,8,1036.8000000000002,6,636.4000000000001,move,improve
25,8,1079.7,6,636.4000000000001,2opt,acceptBad
26,8,1085.1000000000001,6,636.4000000000001,swap,acceptBad
27,8,1094.8,6,636.4000000000001,swap,acceptBad
28,8,1094.8,6,636.4000000000001,move,improve
29,8,1094.8,6,636.4000000000001,move,improve
30,8,1103.7,6,636.4000000000001,swap,acceptBad
31,8,1103.7,6,636.4000000000001,move,improve
32,8,1103.3999999999999,6,636.4000000000001,swap,improve
33,8,1107.9999999999998,6,636.4000000000001,swap,acceptBad
34,8,1098.6,6,636.4000000000001,swap,improve
35,8,1096.5,6,636.4000000000001,swap,improve
36,8,1096.5,6,636.4000000000001,2opt,improve
37,8,1106.9999999999998,6,636.4000000000001,2opt,acceptBad
38,8,1106.9999999999998,6,636.4000000000001,move,improve
39,8,1069.4999999999998,6,636.4000000000001,move,improve
40,9,1179.4999999999998,6,636.4000000000001,2opt,acceptBad
41,9,1179.4999999999998,6,636.4000000000001,move,improve
42,9,1188.2999999999997,6,636.4000000000001,2opt,acceptBad
43,9,1184.8999999999999,6,636.4000000000001,move,improve
44,9,1188.9999999999998,6,636.4000000000001,swap,acceptBad
45,10,1258.4999999999998,6,636.4000000000001,2opt,acceptBad
46,10,1257.0999999999997,6,636.4000000000001,move,improve
47,10,1301.9999999999998,6,636.4000000000001,2opt,acceptBad
48,10,1414.6,6,636.4000000000001,swap,acceptBad
49,10,1414.6,6,636.4000000000001,2opt,improve
50,10,1415.9999999999998,6,636.4000000000001,swap,acceptBad
51,10,1410.6999999999998,6,636.4000000000001,move,improve
52,10,1410.6999999999998,6,636.4000000000001,move,improve
53,10,1402.2999999999997,6,636.4000000000001,move,improve
54,10,1400.5999999999997,6,636.4000000000001,move,improve
55,10,1398.8999999999996,6,636.4000000000001,swap,improve
56,10,1398.8999999999996,6,636.4000000000001,move,improve
57,10,1394.1999999999996,6,636.4000000000001,move,improve
58,10,1358.1999999999998,6,636.4000000000001,move,improve
59,10,1331.6999999999998,6,636.4000000000001,2opt,improve
60,10,1331.6999999999998,6,636.4000000000001,move,improve
61,10,1331.6999999999998,6,636.4000000000001,move,improve
62,10,1331.0,6,636.4000000000001,move,improve
63,10,1330.8999999999999,6,636.4000000000001,move,improve
64,10,1274.3999999999996,6,636.4000000000001,2opt,improve
65,10,1274.3999999999996,6,636.4000000000001,move,improve
66,10,1274.1999999999998,6,636.4000000000001,move,improve
67,10,1271.9999999999998,6,636.4000000000001,move,improve
68,10,1249.8,6,636.4000000000001,2opt,improve
69,10,1252.8,6,636.4000000000001,swap,acceptBad
70,10,1297.3,6,636.4000000000001,2opt,acceptBad
71,11,1370.3,6,636.4000000000001,2opt,acceptBad
72,11,1330.6999999999996,6,636.4000000000001,move,improve
73,11,1330.1999999999996,6,636.4000000000001,swap,improve
74,11,1339.6999999999996,6,636.4000000000001,swap,acceptBad
75,11,1335.9999999999995,6,636.4000000000001,move,improve
76,11,1277.9999999999995,6,636.4000000000001,swap,improve
77,11,1269.0999999999995,6,636.4000000000001,move,improve
78,11,1269.0999999999995,6,636.4000000000001,2opt,improve
79,11,1263.8999999999996,6,636.4000000000001,swap,improve
80,11,1381.0999999999997,6,636.4000000000001,swap,acceptBad
81,11,1378.7999999999997,6,636.4000000000001,swap,improve
82,12,1458.5999999999997,6,636.4000000000001,2opt,acceptBad
83,12,1463.5999999999997,6,636.4000000000001,2opt,acceptBad
84,12,1463.5999999999997,6,636.4000000000001,move,improve
85,12,1389.5999999999997,6,636.4000000000001,move,improve
86,12,1485.2999999999997,6,636.4000000000001,2opt,acceptBad
87,12,1488.6999999999998,6,636.4000000000001,swap,acceptBad
88,12,1480.1999999999998,6,636.4000000000001,swap,improve
89,12,1479.7999999999997,6,636.4000000000001,move,improve
90,13,1554.8999999999996,6,636.4000000000001,2opt,acceptBad
91,13,1552.3,6,636.4000000000001,swap,improve
92,13,1544.8,6,636.4000000000001,move,improve
93,13,1543.6999999999998,6,636.4000000000001,move,improve
94,13,1576.1999999999998,6,636.4000000000001,swap,acceptBad
95,13,1574.6999999999998,6,636.4000000000001,move,improve
96,13,1591.4999999999998,6,636.4000000000001,2opt,acceptBad
97,13,1591.4999999999998,6,636.4000000000001,2opt,improve
98,13,1591.4999999999998,6,636.4000000000001,move,improve
99,13,1591.1999999999998,6,636.4000000000001,swap,improve
100,13,1618.3999999999999,6,636.4000000000001,swap,acceptBad
101,13,1616.6999999999998,6,636.4000000000001,swap,improve
102,13,1606.9999999999998,6,636.4000000000001,move,improve
103,13,1600.3999999999999,6,636.4000000000001,move,improve
104,13,1584.6999999999998,6,636.4000000000001,move,improve
105,13,1578.6999999999998,6,636.4000000000001,move,improve
106,13,1578.6999999999998,6,636.4000000000001,2opt,improve
107,13,1653.9999999999998,6,636.4000000000001,2opt,acceptBad
108,13,1642.1999999999996,6,636.4000000000001,swap,improve
109,13,1632.0999999999997,6,636.4000000000001,2opt,improve
110,13,1629.3999999999996,6,636.4000000000001,move,improve
111,13,1630.3999999999999,6,636.4000000000001,2opt,acceptBad
112,13,1648.8,6,636.4000000000001,swap,acceptBad
113,13,1646.8999999999999,6,636.4000000000001,move,improve
114,13,1646.6,6,636.4000000000001,2opt,improve
115,12,1576.6,6,636.4000000000001,2opt,improve
116,12,1564.3999999999996,6,636.4000000000001,move,improve
117,12,1562.1999999999996,6,636.4000000000001,swap,improve
118,12,1596.8999999999994,6,636.4000000000001,2opt,acceptBad
119,12,1669.9999999999995,6,636.4000000000001,2opt,acceptBad
120,12,1669.8999999999996,6,636.4000000000001,move,improve
121,12,1632.7999999999997,6,636.4000000000001,move,improve
122,12,1632.4999999999998,6,636.4000000000001,move,improve
123,12,1632.7999999999997,6,636.4000000000001,swap,acceptBad
124,12,1632.7999999999997,6,636.4000000000001,move,improve
125,12,1595.6999999999996,6,636.4000000000001,2opt,improve
126,12,1594.3999999999996,6,636.4000000000001,move,improve
127,12,1604.5999999999997,6,636.4000000000001,swap,acceptBad
128,12,1600.8999999999996,6,636.4000000000001,move,improve
129,12,1597.5999999999997,6,636.4000000000001,move,improve
130,12,1597.1999999999996,6,636.4000000000001,move,improve
131,12,1631.9999999999993,6,636.4000000000001,2opt,acceptBad
132,12,1595.9999999999995,6,636.4000000000001,swap,improve
133,12,1648.3999999999994,6,636.4000000000001,swap,acceptBad
134,12,1660.5999999999995,6,636.4000000000001,swap,acceptBad
135,12,1660.4999999999995,6,636.4000000000001,move,improve
136,12,1660.4999999999995,6,636.4000000000001,move,improve
137,12,1660.4999999999995,6,636.4000000000001,move,improve
138,12,1647.6999999999994,6,636.4000000000001,move,improve
139,12,1647.6999999999994,6,636.4000000000001,move,improve
140,12,1649.7999999999993,6,636.4000000000001,swap,acceptBad
141,12,1649.8999999999994,6,636.4000000000001,swap,acceptBad
142,12,1647.2999999999995,6,636.4000000000001,move,improve
143,12,1647.0999999999995,6,636.4000000000001,move,improve
144,12,1657.0999999999992,6,636.4000000000001,swap,acceptBad
145,12,1660.3999999999994,6,636.4000000000001,swap,acceptBad
146,12,1752.4999999999993,6,636.4000000000001,2opt,acceptBad
147,12,1752.4999999999993,6,636.4000000000001,2opt,improve
148,12,1719.9999999999995,6,636.4000000000001,2opt,improve
149,12,1719.9999999999995,6,636.4000000000001,2opt,improve
150,12,1688.3999999999999,6,636.4000000000001,2opt,improve
151,12,1687.1999999999996,6,636.4000000000001,move,improve
152,12,1675.9999999999995,6,636.4000000000001,move,improve
153,12,1675.9999999999995,6,636.4000000000001,move,improve
154,12,1644.1,6,636.4000000000001,move,improve
155,12,1679.9999999999998,6,636.4000000000001,swap,acceptBad
156,12,1679.9999999999995,6,636.4000000000001,move,improve
157,12,1676.2999999999995,6,636.4000000000001,move,improve
158,12,1675.6999999999996,6,636.4000000000001,move,improve
159,12,1693.6999999999994,6,636.4000000000001,2opt,acceptBad
160,13,1767.9999999999993,6,636.4000000000001,2opt,acceptBad
161,13,1893.7999999999993,6,636.4000000000001,swap,acceptBad
162,13,1842.8999999999994,6,636.4000000000001,2opt,improve
163,13,1841.5999999999992,6,636.4000000000001,2opt,improve
164,13,1841.5999999999992,6,636.4000000000001,move,improve
165,13,1837.5999999999992,6,636.4000000000001,2opt,improve
166,13,1777.599999999999,6,636.4000000000001,2opt,improve
167,13,1770.799999999999,6,636.4000000000001,2opt,improve
168,13,1786.099999999999,6,636.4000000000001,swap,acceptBad
169,13,1793.4999999999989,6,636.4000000000001,swap,acceptBad
170,13,1758.6999999999991,6,636.4000000000001,move,improve
171,13,1852.1999999999994,6,636.4000000000001,swap,acceptBad
172,13,1850.4999999999993,6,636.4000000000001,swap,improve
173,13,1822.2999999999995,6,636.4000000000001,2opt,improve
174,13,1759.8999999999996,6,636.4000000000001,move,improve
175,13,1754.4999999999993,6,636.4000000000001,2opt,improve
176,13,1746.0,6,636.4000000000001,2opt,improve
177,12,1676.0,6,636.4000000000001,move,improve
178,12,1674.6,6,636.4000000000001,move,improve
179,12,1665.3,6,636.4000000000001,move,improve
180,12,1663.2999999999995,6,636.4000000000001,2opt,improve
181,12,1627.4999999999993,6,636.4000000000001,move,improve
182,12,1637.5999999999995,6,636.4000000000001,swap,acceptBad
183,12,1634.7999999999995,6,636.4000000000001,swap,improve
184,12,1635.8999999999994,6,636.4000000000001,swap,acceptBad
185,12,1714.8999999999994,6,636.4000000000001,swap,acceptBad
186,12,1679.4999999999995,6,636.4000000000001,move,improve
187,12,1672.7999999999995,6,636.4000000000001,move,improve
188,12,1672.7999999999995,6,636.4000000000001,move,improve
189,12,1674.7999999999995,6,636.4000000000001,swap,acceptBad
190,12,1675.1999999999996,6,636.4000000000001,swap,acceptBad
191,13,1754.3999999999994,6,636.4000000000001,2opt,acceptBad
192,13,1754.3999999999994,6,636.4000000000001,move,improve
193,13,1743.6999999999994,6,636.4000000000001,move,improve
194,13,1753.5999999999995,6,636.4000000000001,2opt,acceptBad
195,14,1849.8999999999992,6,636.4000000000001,2opt,acceptBad
196,15,1905.999999999999,6,636.4000000000001,2opt,acceptBad
197,15,1950.6999999999994,6,636.4000000000001,2opt,acceptBad
198,15,1950.6999999999994,6,636.4000000000001,swap,improve
199,15,1962.7999999999995,6,636.4000000000001,2opt,acceptBad
200,15,1966.7999999999995,6,636.4000000000001,2opt,acceptBad
201,15,1960.8999999999996,6,636.4000000000001,swap,improve
202,15,1957.2999999999997,6,636.4000000000001,swap,improve
203,15,1967.8999999999996,6,636.4000000000001,swap,acceptBad
204,16,1982.2999999999997,6,636.4000000000001,2opt,acceptBad
205,16,1976.6999999999996,6,636.4000000000001,move,improve
206,16,1939.9999999999998,6,636.4000000000001,swap,improve
207,16,1920.1999999999996,6,636.4000000000001,2opt,improve
208,16,1919.9999999999995,6,636.4000000000001,move,improve
209,16,1925.0999999999995,6,636.4000000000001,swap,acceptBad
210,16,1935.6999999999996,6,636.4000000000001,swap,acceptBad
211,16,1930.0999999999995,6,636.4000000000001,move,improve
212,16,1940.0999999999995,6,636.4000000000001,swap,acceptBad
213,16,1939.5999999999995,6,636.4000000000001,move,improve
214,16,1930.5999999999995,6,636.4000000000001,move,improve
215,16,1930.5999999999995,6,636.4000000000001,swap,improve
216,16,1927.0999999999995,6,636.4000000000001,move,improve
217,16,1993.2999999999995,6,636.4000000000001,swap,acceptBad
218,15,1929.2999999999997,6,636.4000000000001,2opt,improve
219,15,1974.9999999999995,6,636.4000000000001,2opt,acceptBad
220,15,1974.6999999999996,6,636.4000000000001,move,improve
221,15,1957.7,6,636.4000000000001,2opt,improve
222,15,1930.1999999999998,6,636.4000000000001,2opt,improve
223,15,1941.3,6,636.4000000000001,swap,acceptBad
224,15,1923.6999999999998,6,636.4000000000001,move,improve
225,15,1923.6999999999998,6,636.4000000000001,move,improve
226,14,1853.8,6,636.4000000000001,move,improve
227,14,1850.4999999999998,6,636.4000000000001,move,improve
228,14,1818.1999999999996,6,636.4000000000001,2opt,improve
229,14,1733.7999999999997,6,636.4000000000001,move,improve
230,14,1692.5999999999997,6,636.4000000000001,move,improve
231,14,1689.8999999999996,6,636.4000000000001,move,improve
232,14,1673.8999999999996,6,636.4000000000001,swap,improve
233,14,1673.8999999999996,6,636.4000000000001,move,improve
234,14,1671.2999999999997,6,636.4000000000001,move,improve
235,14,1741.8999999999996,6,636.4000000000001,swap,acceptBad
236,14,1742.1999999999998,6,636.4000000000001,2opt,acceptBad
237,14,1740.3,6,636.4000000000001,swap,improve
238,15,1840.2,6,636.4000000000001,2opt,acceptBad
239,15,1879.1000000000001,6,636.4000000000001,2opt,acceptBad
240,15,1869.0,6,636.4000000000001,move,improve
241,15,1869.1,6,636.4000000000001,2opt,acceptBad
242,15,1882.8999999999999,6,636.4000000000001,swap,acceptBad
243,15,1929.8,6,636.4000000000001,swap,acceptBad
244,15,1939.8,6,636.4000000000001,2opt,acceptBad
245,15,1933.3999999999999,6,636.4000000000001,swap,improve
246,15,1901.1999999999998,6,636.4000000000001,swap,improve
247,16,2004.3999999999999,6,636.4000000000001,2opt,acceptBad
248,16,2090.2999999999997,6,636.4000000000001,2opt,acceptBad
249,16,2049.0999999999995,6,636.4000000000001,move,improve
250,16,2099.8999999999996,6,636.4000000000001,swap,acceptBad
251,17,2159.8,6,636.4000000000001,2opt,acceptBad
252,17,2120.1,6,636.4000000000001,2opt,improve
253,17,2084.7999999999997,6,636.4000000000001,move,improve
254,17,2049.4999999999995,6,636.4000000000001,move,improve
255,17,2068.4999999999995,6,636.4000000000001,2opt,acceptBad
256,17,2068.3999999999996,6,636.4000000000001,move,improve
257,17,2219.5,6,636.4000000000001,swap,acceptBad
258,17,2248.6,6,636.4000000000001,swap,acceptBad
259,17,2297.9000000000005,6,636.4000000000001,swap,acceptBad
260,17,2298.1000000000004,6,636.4000000000001,2opt,acceptBad
261,17,2231.6,6,636.4000000000001,move,improve
262,17,2201.8999999999996,6,636.4000000000001,2opt,improve
263,17,2280.5999999999995,6,636.4000000000001,swap,acceptBad
264,17,2316.599999999999,6,636.4000000000001,2opt,acceptBad
265,17,2280.499999999999,6,636.4000000000001,swap,improve
266,17,2285.0999999999995,6,636.4000000000001,swap,acceptBad
267,17,2292.7999999999997,6,636.4000000000001,2opt,acceptBad
268,17,2292.7999999999997,6,636.4000000000001,move,improve
269,17,2290.6,6,636.4000000000001,move,improve
270,17,2286.1999999999994,6,636.4000000000001,swap,improve
271,17,2285.7999999999993,6,636.4000000000001,swap,improve
272,18,2374.6999999999994,6,636.4000000000001,2opt,acceptBad
273,18,2338.7,6,636.4000000000001,move,improve
274,18,2355.8999999999996,6,636.4000000000001,swap,acceptBad
275,18,2475.6999999999994,6,636.4000000000001,2opt,acceptBad
276,18,2470.5999999999995,6,636.4000000000001,move,improve
277,18,2529.0999999999995,6,636.4000000000001,swap,acceptBad
278,18,2560.0,6,636.4000000000001,swap,acceptBad
279,18,2545.4999999999995,6,636.4000000000001,move,improve
280,18,2537.2,6,636.4000000000001,swap,improve
281,18,2557.2000000000007,6,636.4000000000001,2opt,acceptBad
282,18,2547.100000000001,6,636.4000000000001,move,improve
283,18,2506.6000000000004,6,636.4000000000001,move,improve
284,18,2500.7000000000007,6,636.4000000000001,move,improve
285,18,2493.4000000000005,6,636.4000000000001,move,improve
286,18,2385.9999999999986,6,636.4000000000001,2opt,improve
287,18,2420.2,6,636.4000000000001,2opt,acceptBad
288,18,2416.5,6,636.4000000000001,move,improve
289,18,2423.2000000000003,6,636.4000000000001,swap,acceptBad
290,18,2426.8,6,636.4000000000001,2opt,acceptBad
291,18,2335.000000000001,6,636.4000000000001,swap,improve
292,18,2315.500000000001,6,636.4000000000001,swap,improve
293,18,2322.2,6,636.4000000000001,2opt,acceptBad
294,18,2322.2,6,636.4000000000001,move,improve
295,18,2303.2999999999993,6,636.4000000000001,swap,improve
296,18,2401.999999999999,6,636.4000000000001,2opt,acceptBad
297,18,2434.0,6,636.4000000000001,2opt,acceptBad
298,18,2430.2000000000003,6,636.4000000000001,move,improve
299,18,2420.6,6,636.4000000000001,move,improve
300,19,2495.7000000000003,6,636.4000000000001,2opt,acceptBad
301,19,2492.1000000000004,6,636.4000000000001,move,improve
302,19,2521.4,6,636.4000000000001,2opt,acceptBad
303,19,2520.6,6,636.4000000000001,swap,improve
304,19,2608.500000000001,6,636.4000000000001,2opt,acceptBad
305,19,2521.9000000000005,6,636.4000000000001,move,improve
306,19,2486.600000000001,6,636.4000000000001,move,improve
307,19,2454.9000000000005,6,636.4000000000001,swap,improve
308,19,2454.9000000000005,6,636.4000000000001,swap,improve
309,19,2470.5000000000005,6,636.4000000000001,2opt,acceptBad
310,19,2388.5000000000005,6,636.4000000000001,move,improve
311,19,2436.3,6,636.4000000000001,2opt,acceptBad
312,19,2432.4000000000005,6,636.4000000000001,2opt,improve
313,19,2492.1000000000004,6,636.4000000000001,swap,acceptBad
314,19,2491.6000000000004,6,636.4000000000001,move,improve
315,19,2491.5,6,636.4000000000001,swap,improve
316,19,2492.1999999999994,6,636.4000000000001,swap,acceptBad
317,19,2484.7999999999993,6,636.4000000000001,move,improve
318,19,2484.7999999999993,6,636.4000000000001,move,improve
319,19,2410.1,6,636.4000000000001,move,improve
320,19,2415.3999999999996,6,636.4000000000001,swap,acceptBad
321,19,2330.8999999999996,6,636.4000000000001,swap,improve
322,19,2303.8999999999996,6,636.4000000000001,2opt,improve
323,19,2270.2,6,636.4000000000001,swap,improve
324,19,2234.3999999999996,6,636.4000000000001,2opt,improve
325,19,2172.2,6,636.4000000000001,2opt,improve
326,19,2178.9999999999995,6,636.4000000000001,2opt,acceptBad
327,19,2225.8,6,636.4000000000001,2opt,acceptBad
328,19,2306.0,6,636.4000000000001,2opt,acceptBad
329,19,2244.2000000000003,6,636.4000000000001,move,improve
330,19,2263.9,6,636.4000000000001,swap,acceptBad
331,19,2263.8999999999996,6,636.4000000000001,swap,improve
332,19,2220.7,6,636.4000000000001,move,improve
333,19,2225.1999999999994,6,636.4000000000001,2opt,acceptBad
334,19,2220.6999999999994,6,636.4000000000001,swap,improve
335,19,2313.699999999999,6,636.4000000000001,2opt,acceptBad
336,19,2253.9999999999995,6,636.4000000000001,move,improve
337,19,2241.6999999999994,6,636.4000000000001,move,improve
338,19,2213.5,6,636.4000000000001,2opt,improve
339,19,2350.2000000000003,6,636.4000000000001,swap,acceptBad
340,19,2351.6000000000004,6,636.4000000000001,swap,acceptBad
341,19,2423.1,6,636.4000000000001,2opt,acceptBad
342,19,2343.5,6,636.4000000000001,swap,improve
343,19,2429.2999999999997,6,636.4000000000001,swap,acceptBad
344,19,2429.6999999999994,6,636.4000000000001,2opt,acceptBad
345,19,2413.9999999999995,6,636.4000000000001,move,improve
346,19,2413.9999999999995,6,636.4000000000001,move,improve
347,19,2449.7999999999997,6,636.4000000000001,swap,acceptBad
348,19,2466.2999999999997,6,636.4000000000001,swap,acceptBad
349,19,2491.2999999999993,6,636.4000000000001,2opt,acceptBad
350,19,2520.099999999999,6,636.4000000000001,2opt,acceptBad
351,19,2475.999999999999,6,636.4000000000001,swap,improve
352,19,2470.499999999999,6,636.4000000000001,move,improve
353,19,2560.8999999999996,6,636.4000000000001,2opt,acceptBad
354,19,2497.2999999999997,6,636.4000000000001,move,improve
355,18,2469.3000000000006,6,636.4000000000001,2opt,improve
356,18,2464.0000000000005,6,636.4000000000001,move,improve
357,18,2458.0000000000005,6,636.4000000000001,move,improve
358,18,2456.4999999999995,6,636.4000000000001,2opt,improve
359,18,2449.5999999999995,6,636.4000000000001,move,improve
360,18,2409.6,6,636.4000000000001,swap,improve
361,18,2341.5,6,636.4000000000001,move,improve
362,18,2270.7999999999997,6,636.4000000000001,move,improve
363,18,2265.9,6,636.4000000000001,move,improve
364,18,2238.6,6,636.4000000000001,move,improve
365,18,2203.3,6,636.4000000000001,move,improve
366,18,2197.7000000000003,6,636.4000000000001,move,improve
367,18,2204.5000000000005,6,636.4000000000001,swap,acceptBad
368,19,2279.2000000000007,6,636.4000000000001,2opt,acceptBad
369,19,2354.5,6,636.4000000000001,2opt,acceptBad
370,19,2351.2999999999997,6,636.4000000000001,move,improve
371,19,2436.5000000000005,6,636.4000000000001,2opt,acceptBad
372,19,2499.3000000000006,6,636.4000000000001,swap,acceptBad
373,19,2499.3000000000006,6,636.4000000000001,swap,improve
374,18,2423.2000000000007,6,636.4000000000001,move,improve
375,18,2451.4000000000005,6,636.4000000000001,swap,acceptBad
376,18,2451.5,6,636.4000000000001,2opt,acceptBad
377,18,2452.4999999999995,6,636.4000000000001,swap,acceptBad
378,18,2449.2999999999997,6,636.4000000000001,move,improve
379,18,2449.2999999999997,6,636.4000000000001,2opt,improve
380,18,2407.4999999999995,6,636.4000000000001,move,improve
381,18,2422.499999999999,6,636.4000000000001,2opt,acceptBad
382,18,2409.899999999999,6,636.4000000000001,move,improve
383,18,2398.9999999999995,6,636.4000000000001,swap,improve
384,18,2314.3999999999996,6,636.4000000000001,swap,improve
385,18,2343.9,6,636.4000000000001,2opt,acceptBad
386,18,2343.9,6,636.4000000000001,swap,improve
387,18,2349.0,6,636.4000000000001,swap,acceptBad
388,18,2421.1000000000004,6,636.4000000000001,2opt,acceptBad
389,18,2406.1,6,636.4000000000001,2opt,improve
390,18,2408.5,6,636.4000000000001,swap,acceptBad
391,18,2366.1,6,636.4000000000001,2opt,improve
392,18,2355.8999999999996,6,636.4000000000001,move,improve
393,18,2355.9999999999995,6,636.4000000000001,2opt,acceptBad
394,18,2357.0,6,636.4000000000001,2opt,acceptBad
395,18,2292.5000000000005,6,636.4000000000001,2opt,improve
396,18,2348.7,6,636.4000000000001,2opt,acceptBad
397,18,2380.8999999999996,6,636.4000000000001,2opt,acceptBad
398,17,2320.3999999999996,6,636.4000000000001,2opt,improve
399,17,2394.1,6,636.4000000000001,swap,acceptBad
400,17,2394.7999999999997,6,636.4000000000001,swap,acceptBad
401,17,2394.7999999999997,6,636.4000000000001,move,improve
402,17,2348.2999999999997,6,636.4000000000001,move,improve
403,17,2348.2999999999997,6,636.4000000000001,swap,improve
404,17,2323.2999999999993,6,636.4000000000001,2opt,improve
405,17,2320.2999999999993,6,636.4000000000001,move,improve
406,17,2351.9999999999995,6,636.4000000000001,2opt,acceptBad
407,17,2277.2,6,636.4000000000001,move,improve
408,17,2285.9,6,636.4000000000001,swap,acceptBad
409,17,2286.7000000000003,6,636.4000000000001,swap,acceptBad
410,17,2343.8999999999996,6,636.4000000000001,2opt,acceptBad
411,16,2308.3999999999996,6,636.4000000000001,2opt,improve
412,16,2369.4999999999995,6,636.4000000000001,swap,acceptBad
413,16,2333.7,6,636.4000000000001,move,improve
414,16,2330.2999999999997,6,636.4000000000001,move,improve
415,16,2329.8999999999996,6,636.4000000000001,move,improve
416,16,2260.6,6,636.4000000000001,move,improve
417,16,2260.6,6,636.4000000000001,move,improve
418,16,2266.6,6,636.4000000000001,swap,acceptBad
419,16,2266.6,6,636.4000000000001,move,improve
420,16,2158.7999999999997,6,636.4000000000001,move,improve
421,16,2185.6,6,636.4000000000001,2opt,acceptBad
422,16,2185.6,6,636.4000000000001,move,improve
423,16,2189.6,6,636.4000000000001,2opt,acceptBad
424,16,2198.2999999999997,6,636.4000000000001,swap,acceptBad
425,16,2140.7,6,636.4000000000001,move,improve
426,15,2079.2,6,636.4000000000001,move,improve
427,15,2075.2,6,636.4000000000001,move,improve
428,15,2129.2,6,636.4000000000001,swap,acceptBad
429,15,2163.6,6,636.4000000000001,swap,acceptBad
430,15,2131.5000000000005,6,636.4000000000001,2opt,improve
431,15,2092.6,6,636.4000000000001,swap,improve
432,14,2004.6,6,636.4000000000001,move,improve
433,14,2004.3999999999999,6,636.4000000000001,move,improve
434,14,2003.0999999999997,6,636.4000000000001,move,improve
435,14,2003.8999999999994,6,636.4000000000001,2opt,acceptBad
436,14,2031.4999999999995,6,636.4000000000001,swap,acceptBad
437,14,2029.4999999999995,6,636.4000000000001,move,improve
438,14,2025.6999999999994,6,636.4000000000001,swap,improve
439,14,1963.9999999999995,6,636.4000000000001,move,improve
440,15,2033.1999999999998,6,636.4000000000001,2opt,acceptBad
441,15,2082.2,6,636.4000000000001,2opt,acceptBad
442,15,2033.2999999999997,6,636.4000000000001,move,improve
443,15,2022.7999999999995,6,636.4000000000001,swap,improve
444,15,2071.6,6,636.4000000000001,swap,acceptBad
445,15,2067.5,6,636.4000000000001,move,improve
446,14,1972.8999999999996,6,636.4000000000001,move,improve
447,14,1905.9999999999995,6,636.4000000000001,move,improve
448,14,1905.5999999999995,6,636.4000000000001,move,improve
449,14,1904.4999999999998,6,636.4000000000001,2opt,improve
450,14,1903.4999999999998,6,636.4000000000001,swap,improve
451,14,1885.6,6,636.4000000000001,move,improve
452,14,1885.6,6,636.4000000000001,2opt,improve
453,14,1872.5,6,636.4000000000001,move,improve
454,14,1883.7,6,636.4000000000001,swap,acceptBad
455,14,1903.3999999999999,6,636.4000000000001,swap,acceptBad
456,15,2029.5,6,636.4000000000001,2opt,acceptBad
457,15,1994.9,6,636.4000000000001,swap,improve
458,15,1992.2,6,636.4000000000001,move,improve
459,15,1990.2,6,636.4000000000001,swap,improve
460,15,1935.8999999999999,6,636.4000000000001,swap,improve
461,15,1929.6999999999998,6,636.4000000000001,swap,improve
462,15,1964.8999999999996,6,636.4000000000001,swap,acceptBad
463,15,1963.4999999999998,6,636.4000000000001,move,improve
464,15,1962.8999999999996,6,636.4000000000001,swap,improve
465,15,1971.6,6,636.4000000000001,swap,acceptBad
466,15,1971.6,6,636.4000000000001,move,improve
467,15,2100.9000000000005,6,636.4000000000001,2opt,acceptBad
468,15,2140.2000000000007,6,636.4000000000001,swap,acceptBad
469,15,2161.3000000000006,6,636.4000000000001,swap,acceptBad
470,15,2174.2999999999997,6,636.4000000000001,2opt,acceptBad
471,15,2174.2999999999997,6,636.4000000000001,swap,improve
472,15,2205.9999999999995,6,636.4000000000001,swap,acceptBad
473,15,2150.2999999999997,6,636.4000000000001,move,improve
474,15,2087.2,6,636.4000000000001,move,improve
475,16,2118.9999999999995,6,636.4000000000001,2opt,acceptBad
476,16,2123.6999999999994,6,636.4000000000001,swap,acceptBad
477,16,2125.7999999999997,6,636.4000000000001,swap,acceptBad
478,16,2057.3,6,636.4000000000001,move,improve
479,16,2067.7000000000003,6,636.4000000000001,swap,acceptBad
480,16,1992.8,6,636.4000000000001,move,improve
481,16,1994.8,6,636.4000000000001,swap,acceptBad
482,16,2032.3,6,636.4000000000001,swap,acceptBad
483,16,1976.3,6,636.4000000000001,swap,improve
484,16,1975.3999999999999,6,636.4000000000001,move,improve
485,17,2053.2,6,636.4000000000001,2opt,acceptBad
486,17,2120.0,6,636.4000000000001,2opt,acceptBad
487,16,2019.6,6,636.4000000000001,move,improve
488,16,2054.0,6,636.4000000000001,2opt,acceptBad
489,16,2054.2000000000003,6,636.4000000000001,swap,acceptBad
490,16,2050.6,6,636.4000000000001,move,improve
491,16,2049.2999999999997,6,636.4000000000001,2opt,improve
492,16,2135.6999999999994,6,636.4000000000001,swap,acceptBad
493,16,2143.7999999999997,6,636.4000000000001,2opt,acceptBad
494,16,2156.4,6,636.4000000000001,swap,acceptBad
495,16,2117.7000000000003,6,636.4000000000001,swap,improve
496,16,2120.9999999999995,6,636.4000000000001,2opt,acceptBad
497,16,2097.2,6,636.4000000000001,2opt,improve
498,16,2072.8,6,636.4000000000001,2opt,improve
499,16,1996.5,6,636.4000000000001,move,improve
500,16,2021.5,6,636.4000000000001,swap,acceptBad
501,16,2024.5,6,636.4000000000001,2opt,acceptBad
502,16,2023.6000000000001,6,636.4000000000001,swap,improve
503,16,2015.2,6,636.4000000000001,move,improve
504,16,1978.0,6,636.4000000000001,move,improve
505,16,1996.1999999999998,6,636.4000000000001,swap,acceptBad
506,16,1992.3999999999999,6,636.4000000000001,move,improve
507,16,1992.3999999999999,6,636.4000000000001,2opt,improve
508,16,1991.7999999999997,6,636.4000000000001,swap,improve
509,16,2056.2,6,636.4000000000001,2opt,acceptBad
510,16,2125.6,6,636.4000000000001,2opt,acceptBad
511,15,2049.8999999999996,6,636.4000000000001,move,improve
512,15,1928.3,6,636.4000000000001,2opt,improve
513,15,1987.9999999999998,6,636.4000000000001,swap,acceptBad
514,15,1987.7999999999997,6,636.4000000000001,move,improve
515,15,1987.3999999999996,6,636.4000000000001,2opt,improve
516,15,1971.3999999999996,6,636.4000000000001,move,improve
517,15,1984.9999999999995,6,636.4000000000001,swap,acceptBad
518,15,2054.0999999999995,6,636.4000000000001,2opt,acceptBad
519,15,2003.7,6,636.4000000000001,2opt,improve
520,15,2017.6,6,636.4000000000001,swap,acceptBad
521,15,2014.9999999999998,6,636.4000000000001,2opt,improve
522,15,2005.7999999999997,6,636.4000000000001,move,improve
523,15,2005.4999999999998,6,636.4000000000001,move,improve
524,15,2075.0,6,636.4000000000001,2opt,acceptBad
525,15,2141.9,6,636.4000000000001,swap,acceptBad
526,16,2234.6000000000004,6,636.4000000000001,2opt,acceptBad
527,16,2201.3000000000006,6,636.4000000000001,move,improve
528,16,2229.9000000000005,6,636.4000000000001,swap,acceptBad
529,16,2236.2000000000007,6,636.4000000000001,swap,acceptBad
530,16,2193.9000000000005,6,636.4000000000001,move,improve
531,16,2251.6000000000004,6,636.4000000000001,swap,acceptBad
532,16,2192.3000000000006,6,636.4000000000001,move,improve
533,16,2194.100000000001,6,636.4000000000001,swap,acceptBad
534,16,2186.7000000000003,6,636.4000000000001,move,improve
535,16,2164.6000000000004,6,636.4000000000001,2opt,improve
536,16,2196.2000000000003,6,636.4000000000001,swap,acceptBad
537,16,2160.8,6,636.4000000000001,swap,improve
538,17,2222.5,6,636.4000000000001,2opt,acceptBad
539,17,2267.9000000000005,6,636.4000000000001,2opt,acceptBad
540,17,2219.1000000000004,6,636.4000000000001,move,improve
541,17,2148.4,6,636.4000000000001,move,improve
542,17,2148.4,6,636.4000000000001,move,improve
543,17,2218.5000000000005,6,636.4000000000001,2opt,acceptBad
544,18,2332.400000000001,6,636.4000000000001,2opt,acceptBad
545,18,2286.0000000000005,6,636.4000000000001,swap,improve
546,18,2281.600000000001,6,636.4000000000001,move,improve
547,18,2322.3999999999996,6,636.4000000000001,2opt,acceptBad
548,18,2246.8999999999996,6,636.4000000000001,move,improve
549,18,2189.0,6,636.4000000000001,swap,improve
550,18,2221.3,6,636.4000000000001,2opt,acceptBad
551,18,2214.2000000000003,6,636.4000000000001,move,improve
552,18,2212.0,6,636.4000000000001,move,improve
553,18,2214.6000000000004,6,636.4000000000001,swap,acceptBad
554,18,2187.8,6,636.4000000000001,swap,improve
555,18,2196.1,6,636.4000000000001,swap,acceptBad
556,18,2200.7000000000003,6,636.4000000000001,2opt,acceptBad
557,18,2219.2000000000003,6,636.4000000000001,swap,acceptBad
558,17,2143.9,6,636.4000000000001,move,improve
559,17,2277.0999999999995,6,636.4000000000001,2opt,acceptBad
560,16,2214.2,6,636.4000000000001,move,improve
561,16,2216.7999999999997,6,636.4000000000001,2opt,acceptBad
562,16,2210.6000000000004,6,636.4000000000001,2opt,improve
563,16,2210.6000000000004,6,636.4000000000001,2opt,improve
564,16,2210.6000000000004,6,636.4000000000001,2opt,improve
565,16,2207.6000000000004,6,636.4000000000001,move,improve
566,16,2217.8,6,636.4000000000001,2opt,acceptBad
567,16,2167.8,6,636.4000000000001,move,improve
568,16,2167.5,6,636.4000000000001,swap,improve
569,16,2167.5,6,636.4000000000001,move,improve
570,15,2093.2999999999997,6,636.4000000000001,move,improve
571,15,2094.4999999999995,6,636.4000000000001,swap,acceptBad
572,15,2086.0999999999995,6,636.4000000000001,move,improve
573,15,2075.6999999999994,6,636.4000000000001,move,improve
574,15,2076.9999999999995,6,636.4000000000001,swap,acceptBad
575,15,1992.5999999999995,6,636.4000000000001,move,improve
576,15,2043.8999999999996,6,636.4000000000001,2opt,acceptBad
577,15,2044.5999999999995,6,636.4000000000001,swap,acceptBad
578,15,2043.4999999999995,6,636.4000000000001,move,improve
579,15,2054.5,6,636.4000000000001,2opt,acceptBad
580,15,2054.5,6,636.4000000000001,move,improve
581,15,2054.1,6,636.4000000000001,move,improve
582,15,1995.2999999999995,6,636.4000000000001,2opt,improve
583,15,1984.3999999999996,6,636.4000000000001,move,improve
584,15,1988.6999999999996,6,636.4000000000001,swap,acceptBad
585,15,1995.1000000000001,6,636.4000000000001,2opt,acceptBad
586,14,1906.6000000000001,6,636.4000000000001,move,improve
587,14,1926.2999999999997,6,636.4000000000001,2opt,acceptBad
588,14,2004.0999999999997,6,636.4000000000001,swap,acceptBad
589,14,2007.4999999999995,6,636.4000000000001,2opt,acceptBad
590,14,2008.2999999999995,6,636.4000000000001,swap,acceptBad
591,14,2008.7999999999995,6,636.4000000000001,2opt,acceptBad
592,14,2004.0999999999995,6,636.4000000000001,move,improve
593,14,2004.0999999999995,6,636.4000000000001,move,improve
594,14,1984.1999999999996,6,636.4000000000001,move,improve
595,14,1976.4000000000003,6,636.4000000000001,2opt,improve
596,14,1996.0,6,636.4000000000001,2opt,acceptBad
597,15,2067.9,6,636.4000000000001,2opt,acceptBad
598,15,2105.3,6,636.4000000000001,swap,acceptBad
599,15,2160.0,6,636.4000000000001,2opt,acceptBad
600,15,2159.9,6,636.4000000000001,2opt,improve
601,15,2159.9,6,636.4000000000001,2opt,improve
602,15,2159.2999999999997,6,636.4000000000001,swap,improve
603,15,2157.0,6,636.4000000000001,move,improve
604,15,2155.6,6,636.4000000000001,swap,improve
605,15,2155.6,6,636.4000000000001,move,improve
606,15,2149.6,6,636.4000000000001,2opt,improve
607,14,2077.7,6,636.4000000000001,move,improve
608,14,2077.7999999999997,6,636.4000000000001,2opt,acceptBad
609,14,2037.3999999999999,6,636.4000000000001,2opt,improve
610,14,2055.5,6,636.4000000000001,swap,acceptBad
611,14,2054.7,6,636.4000000000001,2opt,improve
612,14,2013.9999999999995,6,636.4000000000001,move,improve
613,14,2011.3999999999994,6,636.4000000000001,move,improve
614,14,1968.8999999999996,6,636.4000000000001,move,improve
615,14,1966.2999999999997,6,636.4000000000001,move,improve
616,14,1871.6999999999998,6,636.4000000000001,move,improve
617,14,1871.6999999999998,6,636.4000000000001,move,improve
618,14,1856.1999999999998,6,636.4000000000001,swap,improve
619,14,1799.3,6,636.4000000000001,move,improve
620,15,1808.0999999999997,6,636.4000000000001,2opt,acceptBad
621,15,1812.2999999999997,6,636.4000000000001,2opt,acceptBad
622,15,1924.9999999999998,6,636.4000000000001,swap,acceptBad
623,15,2033.6,6,636.4000000000001,swap,acceptBad
624,15,2044.9,6,636.4000000000001,swap,acceptBad
625,15,2013.8,6,636.4000000000001,swap,improve
626,15,2020.3,6,636.4000000000001,move,acceptBad
627,15,2029.8,6,636.4000000000001,swap,acceptBad
628,16,2100.4,6,636.4000000000001,2opt,acceptBad
629,16,2105.5,6,636.4000000000001,swap,acceptBad
630,16,2138.7999999999997,6,636.4000000000001,2opt,acceptBad
631,16,2138.7,6,636.4000000000001,swap,improve
632,16,2136.0,6,636.4000000000001,2opt,improve
633,16,2102.2,6,636.4000000000001,swap,improve
634,16,2073.5999999999995,6,636.4000000000001,move,improve
635,17,2132.0,6,636.4000000000001,2opt,acceptBad
636,17,2075.2,6,636.4000000000001,move,improve
637,18,2177.2999999999993,6,636.4000000000001,2opt,acceptBad
638,18,2177.2999999999993,6,636.4000000000001,2opt,improve
639,18,2173.8999999999996,6,636.4000000000001,swap,improve
640,18,2220.8999999999996,6,636.4000000000001,swap,acceptBad
641,17,2142.7999999999997,6,636.4000000000001,move,improve
642,17,2115.5000000000005,6,636.4000000000001,2opt,improve
643,17,2099.8,6,636.4000000000001,move,improve
644,17,2099.8,6,636.4000000000001,move,improve
645,17,2127.2,6,636.4000000000001,2opt,acceptBad
646,17,2127.2,6,636.4000000000001,move,improve
647,17,2133.4,6,636.4000000000001,swap,acceptBad
648,17,2123.4,6,636.4000000000001,move,improve
649,17,2103.9,6,636.4000000000001,swap,improve
650,17,2053.8999999999996,6,636.4000000000001,move,improve
651,17,2064.0999999999995,6,636.4000000000001,swap,acceptBad
652,17,2066.1,6,636.4000000000001,2opt,acceptBad
653,17,2130.0000000000005,6,636.4000000000001,swap,acceptBad
654,17,2130.0000000000005,6,636.4000000000001,move,improve
655,17,2127.0,6,636.4000000000001,swap,improve
656,17,2127.0,6,636.4000000000001,move,improve
657,17,2096.2999999999997,6,636.4000000000001,2opt,improve
658,17,2096.2999999999997,6,636.4000000000001,move,improve
659,17,2096.1999999999994,6,636.4000000000001,move,improve
660,17,2093.9999999999995,6,636.4000000000001,swap,improve
661,17,2082.7,6,636.4000000000001,swap,improve
662,17,2013.6999999999996,6,636.4000000000001,move,improve
663,17,2094.7999999999997,6,636.4000000000001,2opt,acceptBad
664,17,2187.2000000000003,6,636.4000000000001,2opt,acceptBad
665,17,2201.1000000000004,6,636.4000000000001,swap,acceptBad
666,17,2274.2999999999997,6,636.4000000000001,2opt,acceptBad
667,16,2203.8999999999996,6,636.4000000000001,move,improve
668,16,2209.9999999999995,6,636.4000000000001,swap,acceptBad
669,16,2209.5999999999995,6,636.4000000000001,move,improve
670,16,2209.8999999999996,6,636.4000000000001,2opt,acceptBad
671,16,2117.2999999999993,6,636.4000000000001,2opt,improve
672,16,2132.3999999999996,6,636.4000000000001,swap,acceptBad
673,16,2132.1999999999994,6,636.4000000000001,2opt,improve
674,17,2202.3999999999996,6,636.4000000000001,2opt,acceptBad
675,17,2191.6999999999994,6,636.4000000000001,move,improve
676,17,2191.6999999999994,6,636.4000000000001,2opt,improve
677,17,2119.499999999999,6,636.4000000000001,move,improve
678,17,2119.499999999999,6,636.4000000000001,move,improve
679,17,2128.2999999999997,6,636.4000000000001,swap,acceptBad
680,17,2127.7999999999997,6,636.4000000000001,2opt,improve
681,17,2127.7999999999997,6,636.4000000000001,move,improve
682,17,2178.4,6,636.4000000000001,swap,acceptBad
683,17,2138.9,6,636.4000000000001,move,improve
684,17,2138.9,6,636.4000000000001,move,improve
685,16,2078.8,6,636.4000000000001,2opt,improve
686,16,2076.0,6,636.4000000000001,swap,improve
687,16,2067.3,6,636.4000000000001,move,improve
688,16,2072.0,6,636.4000000000001,2opt,acceptBad
689,16,2077.4999999999995,6,636.4000000000001,2opt,acceptBad
690,16,2069.6999999999994,6,636.4000000000001,swap,improve
691,16,2061.3999999999996,6,636.4000000000001,swap,improve
692,16,2062.0999999999995,6,636.4000000000001,swap,acceptBad
693,16,2104.6,6,636.4000000000001,2opt,acceptBad
694,16,2136.399999999999,6,636.4000000000001,2opt,acceptBad
695,16,2130.1999999999994,6,636.4000000000001,swap,improve
696,16,2204.4999999999995,6,636.4000000000001,2opt,acceptBad
697,16,2204.5999999999995,6,636.4000000000001,swap,acceptBad
698,16,2220.7999999999997,6,636.4000000000001,2opt,acceptBad
699,16,2211.6,6,636.4000000000001,swap,improve
700,16,2150.4999999999995,6,636.4000000000001,2opt,improve
701,16,2150.2999999999997,6,636.4000000000001,2opt,improve
702,16,2115.0999999999995,6,636.4000000000001,swap,improve
703,17,2185.5,6,636.4000000000001,2opt,acceptBad
704,17,2121.7999999999997,6,636.4000000000001,move,improve
705,17,2129.0,6,636.4000000000001,2opt,acceptBad
706,17,2147.8,6,636.4000000000001,swap,acceptBad
707,17,2132.2,6,636.4000000000001,move,improve
708,17,2129.2999999999997,6,636.4000000000001,move,improve
709,17,2140.7,6,636.4000000000001,swap,acceptBad
710,17,2170.5999999999995,6,636.4000000000001,2opt,acceptBad
711,17,2170.5999999999995,6,636.4000000000001,move,improve
712,17,2170.7,6,636.4000000000001,2opt,acceptBad
713,18,2237.6,6,636.4000000000001,2opt,acceptBad
714,18,2262.4,6,636.4000000000001,2opt,acceptBad
715,18,2256.2,6,636.4000000000001,swap,improve
716,18,2314.400000000001,6,636.4000000000001,2opt,acceptBad
717,18,2391.3000000000006,6,636.4000000000001,swap,acceptBad
718,18,2389.8,6,636.4000000000001,move,improve
719,18,2349.0,6,636.4000000000001,move,improve
720,18,2343.3,6,636.4000000000001,move,improve
721,18,2343.9,6,636.4000000000001,2opt,acceptBad
722,18,2276.7000000000003,6,636.4000000000001,move,improve
723,18,2307.9000000000005,6,636.4000000000001,2opt,acceptBad
724,18,2307.9000000000005,6,636.4000000000001,swap,improve
725,18,2297.8000000000006,6,636.4000000000001,move,improve
726,18,2363.5000000000005,6,636.4000000000001,2opt,acceptBad
727,18,2334.5000000000005,6,636.4000000000001,swap,improve
728,18,2364.5000000000005,6,636.4000000000001,2opt,acceptBad
729,18,2313.7,6,636.4000000000001,2opt,improve
730,17,2246.9999999999995,6,636.4000000000001,2opt,improve
731,17,2243.4999999999995,6,636.4000000000001,move,improve
732,17,2247.1999999999994,6,636.4000000000001,swap,acceptBad
733,17,2309.8999999999996,6,636.4000000000001,2opt,acceptBad
734,17,2279.9,6,636.4000000000001,2opt,improve
735,17,2268.2000000000003,6,636.4000000000001,move,improve
736,17,2268.2000000000003,6,636.4000000000001,2opt,improve
737,17,2262.5,6,636.4000000000001,move,improve
738,17,2293.899999999999,6,636.4000000000001,2opt,acceptBad
739,17,2207.599999999999,6,636.4000000000001,2opt,improve
740,17,2276.2999999999993,6,636.4000000000001,2opt,acceptBad
741,17,2276.2999999999993,6,636.4000000000001,2opt,improve
742,17,2242.9999999999995,6,636.4000000000001,swap,improve
743,16,2210.4999999999995,6,636.4000000000001,2opt,improve
744,16,2227.399999999999,6,636.4000000000001,swap,acceptBad
745,16,2227.399999999999,6,636.4000000000001,2opt,improve
746,16,2191.2999999999993,6,636.4000000000001,2opt,improve
747,17,2254.6999999999994,6,636.4000000000001,2opt,acceptBad
748,17,2254.6999999999994,6,636.4000000000001,2opt,improve
749,17,2256.7,6,636.4000000000001,2opt,acceptBad
750,17,2252.2999999999997,6,636.4000000000001,swap,improve
751,17,2252.2999999999997,6,636.4000000000001,2opt,improve
752,17,2256.2000000000003,6,636.4000000000001,swap,acceptBad
753,17,2215.7999999999997,6,636.4000000000001,2opt,improve
754,17,2215.7999999999997,6,636.4000000000001,move,improve
755,17,2230.7999999999997,6,636.4000000000001,swap,acceptBad
756,17,2165.7000000000003,6,636.4000000000001,2opt,improve
757,17,2167.9999999999995,6,636.4000000000001,2opt,acceptBad
758,17,2167.9999999999995,6,636.4000000000001,2opt,improve
759,17,2203.8,6,636.4000000000001,2opt,acceptBad
760,18,2270.7,6,636.4000000000001,2opt,acceptBad
761,18,2203.8,6,636.4000000000001,move,improve
762,18,2202.8,6,636.4000000000001,move,improve
763,18,2203.1,6,636.4000000000001,swap,acceptBad
764,17,2133.2999999999997,6,636.4000000000001,2opt,improve
765,17,2035.4999999999995,6,636.4000000000001,move,improve
766,17,2026.9999999999993,6,636.4000000000001,move,improve
767,17,1988.1999999999994,6,636.4000000000001,swap,improve
768,17,1990.3999999999994,6,636.4000000000001,swap,acceptBad
769,17,1987.5999999999995,6,636.4000000000001,move,improve
770,17,2053.2999999999993,6,636.4000000000001,2opt,acceptBad
771,17,2053.2999999999993,6,636.4000000000001,move,improve
772,17,2047.3999999999996,6,636.4000000000001,move,improve
773,17,2110.6,6,636.4000000000001,2opt,acceptBad
774,17,2105.9,6,636.4000000000001,swap,improve
775,17,2072.1,6,636.4000000000001,2opt,improve
776,17,2070.8999999999996,6,636.4000000000001,2opt,improve
777,17,2069.8999999999996,6,636.4000000000001,swap,improve
778,17,2064.7,6,636.4000000000001,swap,improve
779,17,2068.499999999999,6,636.4000000000001,2opt,acceptBad
780,17,2130.6999999999994,6,636.4000000000001,2opt,acceptBad
781,17,2051.999999999999,6,636.4000000000001,swap,improve
782,17,2015.0999999999992,6,636.4000000000001,move,improve
783,17,2015.0999999999992,6,636.4000000000001,2opt,improve
784,17,1987.0999999999992,6,636.4000000000001,swap,improve
785,17,1985.5999999999995,6,636.4000000000001,swap,improve
786,17,1982.6999999999994,6,636.4000000000001,move,improve
787,17,2047.5999999999992,6,636.4000000000001,2opt,acceptBad
788,17,2049.399999999999,6,636.4000000000001,2opt,acceptBad
789,17,2016.299999999999,6,636.4000000000001,2opt,improve
790,17,2014.299999999999,6,636.4000000000001,move,improve
791,17,2011.6999999999991,6,636.4000000000001,move,improve
792,17,2010.5999999999992,6,636.4000000000001,swap,improve
793,17,2067.199999999999,6,636.4000000000001,swap,acceptBad
794,17,2136.3999999999996,6,636.4000000000001,2opt,acceptBad
795,17,2113.2999999999997,6,636.4000000000001,swap,improve
796,17,2113.2999999999997,6,636.4000000000001,2opt,improve
797,17,2214.2000000000003,6,636.4000000000001,2opt,acceptBad
798,17,2219.0999999999995,6,636.4000000000001,2opt,acceptBad
799,17,2299.7,6,636.4000000000001,swap,acceptBad
800,17,2229.8,6,636.4000000000001,2opt,improve
801,17,2229.8999999999987,6,636.4000000000001,2opt,acceptBad
802,17,2229.8999999999987,6,636.4000000000001,move,improve
803,17,2234.1,6,636.4000000000001,2opt,acceptBad
804,17,2189.9000000000005,6,636.4000000000001,move,improve
805,16,2104.7,6,636.4000000000001,2opt,improve
806,16,2062.2999999999997,6,636.4000000000001,move,improve
807,16,2052.2,6,636.4000000000001,move,improve
808,16,2002.8,6,636.4000000000001,move,improve
809,16,2061.9999999999995,6,636.4000000000001,swap,acceptBad
810,16,2095.7999999999997,6,636.4000000000001,swap,acceptBad
811,16,2095.7999999999997,6,636.4000000000001,move,improve
812,16,2100.3999999999996,6,636.4000000000001,2opt,acceptBad
813,16,2184.6,6,636.4000000000001,2opt,acceptBad
814,16,2153.1000000000004,6,636.4000000000001,2opt,improve
815,16,2145.8,6,636.4000000000001,move,improve
816,16,2085.7,6,636.4000000000001,swap,improve
817,16,2022.5999999999995,6,636.4000000000001,move,improve
818,16,1991.1999999999996,6,636.4000000000001,move,improve
819,16,1985.4999999999995,6,636.4000000000001,move,improve
820,16,2003.1999999999996,6,636.4000000000001,swap,acceptBad
821,16,2003.1999999999996,6,636.4000000000001,2opt,improve
822,16,2003.1999999999996,6,636.4000000000001,2opt,improve
823,16,2043.9999999999998,6,636.4000000000001,2opt,acceptBad
824,16,2017.8999999999999,6,636.4000000000001,move,improve
825,16,2063.3999999999996,6,636.4000000000001,swap,acceptBad
826,16,2064.2,6,636.4000000000001,swap,acceptBad
827,16,2064.2,6,636.4000000000001,move,improve
828,16,2096.8999999999996,6,636.4000000000001,2opt,acceptBad
829,16,2164.4999999999995,6,636.4000000000001,2opt,acceptBad
830,16,2099.1,6,636.4000000000001,2opt,improve
831,16,2087.2,6,636.4000000000001,move,improve
832,16,2061.4999999999995,6,636.4000000000001,2opt,improve
833,16,2052.5999999999995,6,636.4000000000001,swap,improve
834,16,2018.0999999999995,6,636.4000000000001,2opt,improve
835,17,2071.0999999999995,6,636.4000000000001,2opt,acceptBad
836,17,2070.0999999999995,6,636.4000000000001,move,improve
837,17,2041.1999999999996,6,636.4000000000001,2opt,improve
838,17,2039.1999999999996,6,636.4000000000001,swap,improve
839,17,2039.0999999999997,6,636.4000000000001,move,improve
840,17,2156.8999999999996,6,636.4000000000001,2opt,acceptBad
841,17,2086.8999999999996,6,636.4000000000001,move,improve
842,17,2053.7999999999997,6,636.4000000000001,move,improve
843,17,2053.7999999999997,6,636.4000000000001,move,improve
844,17,2053.7999999999997,6,636.4000000000001,move,improve
845,17,1992.9999999999998,6,636.4000000000001,2opt,improve
846,17,1990.3999999999996,6,636.4000000000001,move,improve
847,17,1990.3999999999996,6,636.4000000000001,move,improve
848,17,1994.9999999999998,6,636.4000000000001,swap,acceptBad
849,17,1988.9999999999998,6,636.4000000000001,move,improve
850,17,2015.0999999999997,6,636.4000000000001,swap,acceptBad
851,17,2013.1999999999998,6,636.4000000000001,move,improve
852,17,2016.9999999999998,6,636.4000000000001,2opt,acceptBad
853,17,2017.2999999999997,6,636.4000000000001,swap,acceptBad
854,17,2051.0999999999995,6,636.4000000000001,swap,acceptBad
855,17,2050.8999999999996,6,636.4000000000001,move,improve
856,17,2096.1999999999994,6,636.4000000000001,2opt,acceptBad
857,17,2123.0999999999995,6,636.4000000000001,swap,acceptBad
858,17,2231.2,6,636.4000000000001,2opt,acceptBad
859,17,2173.5999999999995,6,636.4000000000001,2opt,improve
860,17,2183.7999999999993,6,636.4000000000001,swap,acceptBad
861,17,2179.2999999999993,6,636.4000000000001,move,improve
862,17,2079.5999999999995,6,636.4000000000001,2opt,improve
863,17,2162.6,6,636.4000000000001,2opt,acceptBad
864,17,2157.1,6,636.4000000000001,swap,improve
865,17,2111.1,6,636.4000000000001,move,improve
866,17,2187.0,6,636.4000000000001,2opt,acceptBad
867,17,2149.1999999999994,6,636.4000000000001,2opt,improve
868,17,2185.7999999999993,6,636.4000000000001,2opt,acceptBad
869,17,2184.0999999999995,6,636.4000000000001,move,improve
870,17,2234.399999999999,6,636.4000000000001,swap,acceptBad
871,18,2332.699999999999,6,636.4000000000001,2opt,acceptBad
872,18,2332.699999999999,6,636.4000000000001,move,improve
873,18,2400.9999999999995,6,636.4000000000001,swap,acceptBad
874,18,2400.9999999999995,6,636.4000000000001,2opt,improve
875,18,2435.5,6,636.4000000000001,2opt,acceptBad
876,18,2475.1,6,636.4000000000001,swap,acceptBad
877,18,2443.9,6,636.4000000000001,2opt,improve
878,18,2441.2000000000003,6,636.4000000000001,2opt,improve
879,18,2401.4,6,636.4000000000001,move,improve
880,18,2306.9999999999995,6,636.4000000000001,2opt,improve
881,18,2306.9999999999995,6,636.4000000000001,move,improve
882,18,2312.5999999999995,6,636.4000000000001,swap,acceptBad
883,18,2377.099999999999,6,636.4000000000001,2opt,acceptBad
884,18,2374.3999999999987,6,636.4000000000001,swap,improve
885,18,2417.6,6,636.4000000000001,2opt,acceptBad
886,18,2419.499999999999,6,636.4000000000001,2opt,acceptBad
887,18,2374.9999999999995,6,636.4000000000001,swap,improve
888,18,2499.499999999999,6,636.4000000000001,swap,acceptBad
889,18,2425.9999999999995,6,636.4000000000001,move,improve
890,18,2415.9999999999995,6,636.4000000000001,swap,improve
891,18,2448.5999999999995,6,636.4000000000001,swap,acceptBad
892,18,2475.899999999999,6,636.4000000000001,swap,acceptBad
893,18,2440.5999999999995,6,636.4000000000001,move,improve
894,18,2440.5999999999995,6,636.4000000000001,move,improve
895,18,2429.9999999999995,6,636.4000000000001,move,improve
896,18,2429.9999999999995,6,636.4000000000001,2opt,notBad
897,18,2425.900000000001,6,636.4000000000001,2opt,improve
898,18,2438.200000000001,6,636.4000000000001,swap,acceptBad
899,18,2438.200000000001,6,636.4000000000001,swap,improve
900,18,2380.300000000001,6,636.4000000000001,move,improve
901,18,2370.7000000000007,6,636.4000000000001,swap,improve
902,18,2373.0000000000005,6,636.4000000000001,swap,acceptBad
903,18,2373.0000000000005,6,636.4000000000001,move,improve
904,18,2339.4000000000005,6,636.4000000000001,move,improve
905,18,2338.9000000000005,6,636.4000000000001,move,improve
906,18,2315.9,6,636.4000000000001,swap,improve
907,18,2315.9,6,636.4000000000001,move,improve
908,18,2318.5,6,636.4000000000001,swap,acceptBad
909,18,2320.7999999999997,6,636.4000000000001,2opt,acceptBad
910,18,2320.7999999999997,6,636.4000000000001,move,improve
911,18,2289.2999999999997,6,636.4000000000001,swap,improve
912,18,2255.0,6,636.4000000000001,2opt,improve
913,18,2247.2,6,636.4000000000001,swap,improve
914,18,2267.0,6,636.4000000000001,2opt,acceptBad
915,18,2304.299999999999,6,636.4000000000001,2opt,acceptBad
916,18,2308.3999999999996,6,636.4000000000001,2opt,acceptBad
917,18,2308.5999999999995,6,636.4000000000001,2opt,acceptBad
918,18,2378.5000000000005,6,636.4000000000001,2opt,acceptBad
919,18,2378.5000000000005,6,636.4000000000001,move,improve
920,18,2373.3,6,636.4000000000001,2opt,improve
921,19,2461.7999999999997,6,636.4000000000001,2opt,acceptBad
922,19,2471.199999999999,6,636.4000000000001,2opt,acceptBad
923,19,2504.599999999999,6,636.4000000000001,swap,acceptBad
924,19,2597.1999999999994,6,636.4000000000001,2opt,acceptBad
925,18,2520.7,6,636.4000000000001,2opt,improve
926,18,2519.5999999999995,6,636.4000000000001,move,improve
927,18,2484.0999999999995,6,636.4000000000001,move,improve
928,18,2488.0999999999995,6,636.4000000000001,2opt,acceptBad
929,18,2525.2,6,636.4000000000001,2opt,acceptBad
930,18,2526.4999999999995,6,636.4000000000001,swap,acceptBad
931,18,2523.899999999999,6,636.4000000000001,swap,improve
932,18,2475.7999999999993,6,636.4000000000001,swap,improve
933,18,2506.4999999999995,6,636.4000000000001,2opt,acceptBad
934,18,2431.6,6,636.4000000000001,swap,improve
935,18,2412.500000000001,6,636.4000000000001,2opt,improve
936,17,2377.6,6,636.4000000000001,2opt,improve
937,17,2369.7999999999997,6,636.4000000000001,move,improve
938,17,2322.6,6,636.4000000000001,move,improve
939,17,2311.3,6,636.4000000000001,move,improve
940,18,2390.9999999999995,6,636.4000000000001,2opt,acceptBad
941,18,2422.2999999999993,6,636.4000000000001,swap,acceptBad
942,18,2429.399999999999,6,636.4000000000001,swap,acceptBad
943,18,2468.399999999999,6,636.4000000000001,swap,acceptBad
944,18,2429.399999999999,6,636.4000000000001,move,improve
945,18,2388.5999999999995,6,636.4000000000001,move,improve
946,18,2388.2999999999993,6,636.4000000000001,move,improve
947,18,2442.899999999999,6,636.4000000000001,swap,acceptBad
948,18,2378.9999999999995,6,636.4000000000001,swap,improve
949,18,2403.9999999999995,6,636.4000000000001,2opt,acceptBad
950,18,2428.1,6,636.4000000000001,swap,acceptBad
951,18,2410.2000000000003,6,636.4000000000001,swap,improve
952,18,2378.9,6,636.4000000000001,swap,improve
953,18,2371.9999999999995,6,636.4000000000001,2opt,improve
954,18,2370.4999999999995,6,636.4000000000001,move,improve
955,18,2370.4999999999995,6,636.4000000000001,2opt,improve
956,18,2305.9999999999995,6,636.4000000000001,2opt,improve
957,18,2305.2999999999993,6,636.4000000000001,move,improve
958,18,2260.6999999999994,6,636.4000000000001,move,improve
959,18,2353.000000000001,6,636.4000000000001,2opt,acceptBad
960,18,2350.6000000000004,6,636.4000000000001,swap,improve
961,18,2358.2000000000003,6,636.4000000000001,swap,acceptBad
962,18,2430.8,6,636.4000000000001,swap,acceptBad
963,18,2443.1,6,636.4000000000001,swap,acceptBad
964,18,2443.1,6,636.4000000000001,2opt,improve
965,18,2443.1,6,636.4000000000001,2opt,improve
966,18,2440.1,6,636.4000000000001,2opt,improve
967,18,2438.9999999999995,6,636.4000000000001,swap,improve
968,18,2397.299999999999,6,636.4000000000001,2opt,improve
969,18,2329.399999999999,6,636.4000000000001,2opt,improve
970,18,2371.0999999999995,6,636.4000000000001,2opt,acceptBad
971,18,2362.0999999999995,6,636.4000000000001,2opt,improve
972,18,2362.0999999999995,6,636.4000000000001,move,improve
973,18,2334.4999999999995,6,636.4000000000001,swap,improve
974,18,2321.7999999999997,6,636.4000000000001,move,improve
975,18,2323.7999999999997,6,636.4000000000001,swap,acceptBad
976,18,2392.3999999999996,6,636.4000000000001,swap,acceptBad
977,18,2395.2000000000003,6,636.4000000000001,2opt,acceptBad
978,18,2325.6000000000004,6,636.4000000000001,swap,improve
979,18,2325.6000000000004,6,636.4000000000001,move,improve
980,18,2350.8999999999996,6,636.4000000000001,2opt,acceptBad
981,18,2286.9999999999995,6,636.4000000000001,swap,improve
982,18,2342.6999999999994,6,636.4000000000001,swap,acceptBad
983,18,2330.2999999999997,6,636.4000000000001,move,improve
984,18,2419.6,6,636.4000000000001,2opt,acceptBad
985,18,2491.2,6,636.4000000000001,2opt,acceptBad
986,18,2428.1,6,636.4000000000001,swap,improve
987,18,2458.0000000000005,6,636.4000000000001,2opt,acceptBad
988,18,2503.3,6,636.4000000000001,2opt,acceptBad
989,18,2499.7000000000003,6,636.4000000000001,move,improve
990,18,2499.9,6,636.4000000000001,swap,acceptBad
991,18,2426.3999999999996,6,636.4000000000001,move,improve
992,18,2426.3999999999996,6,636.4000000000001,2opt,improve
993,18,2428.9999999999995,6,636.4000000000001,swap,acceptBad
994,19,2496.5,6,636.4000000000001,2opt,acceptBad
995,19,2496.5,6,636.4000000000001,move,improve
996,19,2496.9,6,636.4000000000001,swap,acceptBad
997,19,2494.3,6,636.4000000000001,move,improve
998,19,2497.7000000000003,6,636.4000000000001,swap,acceptBad
999,19,2418.1,6,636.4000000000001,move,improve
1000,19,2418.1,6,636.4000000000001,2opt,improve
1001,19,2374.0000000000005,6,636.4000000000001,move,improve
1002,19,2392.1000000000004,6,636.4000000000001,swap,acceptBad
1003,19,2382.1999999999994,6,636.4000000000001,2opt,improve
1004,19,2378.2999999999997,6,636.4000000000001,2opt,improve
1005,19,2350.7000000000003,6,636.4000000000001,2opt,improve
1006,19,2279.7,6,636.4000000000001,move,improve
1007,19,2350.7,6,636.4000000000001,2opt,acceptBad
1008,19,2343.7000000000003,6,636.4000000000001,swap,improve
1009,19,2325.6,6,636.4000000000001,swap,improve
1010,19,2295.699999999999,6,636.4000000000001,2opt,improve
1011,19,2298.8,6,636.4000000000001,2opt,acceptBad
1012,19,2298.8,6,636.4000000000001,2opt,improve
1013,18,2232.1,6,636.4000000000001,move,improve
1014,17,2193.9,6,636.4000000000001,2opt,improve
1015,17,2192.5,6,636.4000000000001,swap,improve
1016,17,2191.2999999999997,6,636.4000000000001,move,improve
1017,17,2137.3999999999996,6,636.4000000000001,2opt,improve
1018,16,2078.8999999999996,6,636.4000000000001,2opt,improve
1019,16,2083.1999999999994,6,636.4000000000001,swap,acceptBad
1020,16,2161.5999999999995,6,636.4000000000001,swap,acceptBad
1021,16,2219.1,6,636.4000000000001,2opt,acceptBad
1022,16,2155.5,6,636.4000000000001,move,improve
1023,16,2111.0,6,636.4000000000001,swap,improve
1024,16,2111.2999999999993,6,636.4000000000001,swap,acceptBad
1025,16,2105.2,6,636.4000000000001,2opt,improve
1026,16,2105.2,6,636.4000000000001,move,improve
1027,16,2105.2,6,636.4000000000001,move,improve
1028,16,2106.8999999999996,6,636.4000000000001,swap,acceptBad
1029,16,2110.2,6,636.4000000000001,swap,acceptBad
1030,16,2115.5999999999995,6,636.4000000000001,swap,acceptBad
1031,16,2130.1,6,636.4000000000001,swap,acceptBad
1032,16,2100.6,6,636.4000000000001,2opt,improve
1033,16,2046.8999999999999,6,636.4000000000001,move,improve
1034,16,2069.0,6,636.4000000000001,swap,acceptBad
1035,16,2068.8999999999996,6,636.4000000000001,2opt,improve
1036,16,2068.7999999999993,6,636.4000000000001,move,improve
1037,16,1975.7999999999993,6,636.4000000000001,swap,improve
1038,16,2036.5999999999997,6,636.4000000000001,2opt,acceptBad
1039,16,2041.8999999999994,6,636.4000000000001,swap,acceptBad
1040,16,2121.4999999999995,6,636.4000000000001,swap,acceptBad
1041,16,2124.599999999999,6,636.4000000000001,2opt,acceptBad
1042,16,2124.599999999999,6,636.4000000000001,move,improve
1043,16,2142.2,6,636.4000000000001,2opt,acceptBad
1044,16,2142.2,6,636.4000000000001,2opt,improve
1045,16,2137.1,6,636.4000000000001,move,improve
1046,16,2066.0999999999995,6,636.4000000000001,move,improve
1047,16,2030.9999999999998,6,636.4000000000001,move,improve
1048,16,1986.8999999999996,6,636.4000000000001,move,improve
1049,17,2097.7999999999997,6,636.4000000000001,2opt,acceptBad
1050,17,2033.4999999999995,6,636.4000000000001,move,improve
1051,17,2023.7999999999995,6,636.4000000000001,swap,improve
1052,17,2022.7999999999995,6,636.4000000000001,move,improve
1053,17,2022.7999999999995,6,636.4000000000001,move,improve
1054,17,2061.1999999999994,6,636.4000000000001,swap,acceptBad
1055,16,2028.7999999999995,6,636.4000000000001,2opt,improve
1056,16,2023.6999999999994,6,636.4000000000001,move,improve
1057,16,1979.2999999999997,6,636.4000000000001,move,improve
1058,16,1961.1999999999998,6,636.4000000000001,move,improve
1059,16,2018.9999999999998,6,636.4000000000001,2opt,acceptBad
1060,16,1993.1,6,636.4000000000001,swap,improve
1061,16,1996.6,6,636.4000000000001,swap,acceptBad
1062,16,1925.7999999999997,6,636.4000000000001,2opt,improve
1063,16,1924.5999999999997,6,636.4000000000001,move,improve
1064,16,1973.9999999999995,6,636.4000000000001,swap,acceptBad
1065,16,1912.2999999999995,6,636.4000000000001,2opt,improve
1066,16,1913.3999999999996,6,636.4000000000001,swap,acceptBad
1067,16,1957.3999999999996,6,636.4000000000001,swap,acceptBad
1068,16,1957.2999999999995,6,636.4000000000001,move,improve
1069,16,1946.5999999999995,6,636.4000000000001,move,improve
1070,16,1943.1999999999996,6,636.4000000000001,swap,improve
1071,16,1921.8999999999996,6,636.4000000000001,swap,improve
1072,16,1921.1999999999996,6,636.4000000000001,move,improve
1073,16,1929.0999999999995,6,636.4000000000001,swap,acceptBad
1074,16,1921.1999999999996,6,636.4000000000001,move,improve
1075,16,1920.4999999999995,6,636.4000000000001,swap,improve
1076,16,1920.4999999999995,6,636.4000000000001,move,improve
1077,16,1985.2999999999997,6,636.4000000000001,swap,acceptBad
1078,16,1990.8,6,636.4000000000001,swap,acceptBad
1079,16,1986.6,6,636.4000000000001,2opt,improve
1080,16,1990.8999999999999,6,636.4000000000001,2opt,acceptBad
1081,16,1986.3999999999999,6,636.4000000000001,2opt,improve
1082,16,1988.0999999999997,6,636.4000000000001,swap,acceptBad
1083,15,1949.6,6,636.4000000000001,move,improve
1084,15,1886.5999999999997,6,636.4000000000001,move,improve
1085,15,1887.3999999999996,6,636.4000000000001,swap,acceptBad
1086,15,2004.9000000000003,6,636.4000000000001,2opt,acceptBad
1087,15,2004.8000000000002,6,636.4000000000001,move,improve
1088,15,2004.8000000000002,6,636.4000000000001,2opt,improve
1089,15,2003.0,6,636.4000000000001,move,improve
1090,15,2001.3000000000002,6,636.4000000000001,swap,improve
1091,15,1938.5,6,636.4000000000001,2opt,improve
1092,15,1925.8,6,636.4000000000001,move,improve
1093,15,1927.6000000000001,6,636.4000000000001,swap,acceptBad
1094,15,2023.2,6,636.4000000000001,2opt,acceptBad
1095,15,1975.6999999999998,6,636.4000000000001,swap,improve
1096,15,1975.6999999999998,6,636.4000000000001,2opt,notBad
1097,14,1896.8000000000002,6,636.4000000000001,move,improve
1098,14,1898.2000000000003,6,636.4000000000001,swap,acceptBad
1099,14,1906.2000000000003,6,636.4000000000001,swap,acceptBad
1100,14,1905.9,6,636.4000000000001,move,improve
1101,14,1905.9,6,636.4000000000001,move,improve
1102,14,1902.4,6,636.4000000000001,swap,improve
1103,14,1902.4,6,636.4000000000001,move,improve
1104,14,1976.5,6,636.4000000000001,swap,acceptBad
1105,14,1986.5,6,636.4000000000001,swap,acceptBad
1106,14,1933.6999999999996,6,636.4000000000001,2opt,improve
1107,14,1932.4999999999995,6,636.4000000000001,move,improve
1108,14,1932.4999999999995,6,636.4000000000001,move,improve
1109,14,1946.3999999999996,6,636.4000000000001,swap,acceptBad
1110,14,1957.0999999999997,6,636.4000000000001,swap,acceptBad
1111,14,1981.4999999999998,6,636.4000000000001,2opt,acceptBad
1112,14,1981.4999999999993,6,636.4000000000001,2opt,improve
1113,14,1981.4999999999993,6,636.4000000000001,2opt,improve
1114,14,1987.7999999999993,6,636.4000000000001,swap,acceptBad
1115,14,1979.2999999999993,6,636.4000000000001,move,improve
1116,14,1972.9999999999993,6,636.4000000000001,swap,improve
1117,14,1970.2999999999993,6,636.4000000000001,move,improve
1118,14,1970.7999999999993,6,636.4000000000001,swap,acceptBad
1119,14,1905.8999999999996,6,636.4000000000001,2opt,improve
1120,14,1891.8999999999996,6,636.4000000000001,swap,improve
1121,14,1944.4999999999995,6,636.4000000000001,2opt,acceptBad
1122,14,1909.0999999999997,6,636.4000000000001,move,improve
1123,14,1907.6999999999996,6,636.4000000000001,2opt,improve
1124,14,1910.1999999999994,6,636.4000000000001,swap,acceptBad
1125,14,1910.0999999999995,6,636.4000000000001,move,improve
1126,14,1850.6999999999998,6,636.4000000000001,2opt,improve
1127,14,1850.6999999999998,6,636.4000000000001,move,improve
1128,14,1842.9999999999998,6,636.4000000000001,move,improve
1129,14,1837.6999999999998,6,636.4000000000001,move,improve
1130,14,1853.6999999999998,6,636.4000000000001,swap,acceptBad
1131,14,1848.5,6,636.4000000000001,move,improve
1132,14,1835.1999999999998,6,636.4000000000001,swap,improve
1133,14,1832.6999999999998,6,636.4000000000001,swap,improve
1134,14,1831.1999999999998,6,636.4000000000001,move,improve
1135,14,1830.6999999999998,6,636.4000000000001,swap,improve
1136,15,1910.8999999999996,6,636.4000000000001,2opt,acceptBad
1137,15,1919.7,6,636.4000000000001,2opt,acceptBad
1138,15,1950.2,6,636.4000000000001,2opt,acceptBad
1139,15,1950.2,6,636.4000000000001,move,improve
1140,15,1950.2,6,636.4000000000001,move,improve
1141,15,1955.6,6,636.4000000000001,swap,acceptBad
1142,15,2061.8999999999996,6,636.4000000000001,2opt,acceptBad
1143,15,2118.0,6,636.4000000000001,2opt,acceptBad
1144,15,2099.999999999999,6,636.4000000000001,2opt,improve
1145,15,2098.6999999999994,6,636.4000000000001,2opt,improve
1146,15,2130.1999999999994,6,636.4000000000001,swap,acceptBad
1147,15,2132.0999999999995,6,636.4000000000001,2opt,acceptBad
1148,15,2132.0999999999995,6,636.4000000000001,2opt,improve
1149,15,2131.0999999999995,6,636.4000000000001,2opt,improve
1150,15,2095.6,6,636.4000000000001,move,improve
1151,15,2177.7,6,636.4000000000001,swap,acceptBad
1152,15,2176.2,6,636.4000000000001,swap,improve
1153,15,2293.8999999999996,6,636.4000000000001,2opt,acceptBad
1154,15,2293.8999999999996,6,636.4000000000001,move,improve
1155,15,2295.3999999999996,6,636.4000000000001,swap,acceptBad
1156,15,2269.2999999999993,6,636.4000000000001,swap,improve
1157,15,2256.1999999999994,6,636.4000000000001,move,improve
1158,15,2196.399999999999,6,636.4000000000001,move,improve
1159,15,2094.6999999999994,6,636.4000000000001,2opt,improve
1160,15,1995.0999999999997,6,636.4000000000001,swap,improve
1161,15,1995.0999999999997,6,636.4000000000001,move,improve
1162,15,1990.8999999999999,6,636.4000000000001,swap,improve
1163,15,1994.5999999999997,6,636.4000000000001,swap,acceptBad
1164,15,2035.8,6,636.4000000000001,2opt,acceptBad
1165,15,1970.1999999999998,6,636.4000000000001,move,improve
1166,15,1969.9999999999998,6,636.4000000000001,move,improve
1167,15,1965.1,6,636.4000000000001,2opt,improve
1168,15,1965.1,6,636.4000000000001,move,improve
1169,15,2017.1,6,636.4000000000001,swap,acceptBad
1170,15,2015.8999999999999,6,636.4000000000001,2opt,improve
1171,15,2015.8999999999999,6,636.4000000000001,2opt,improve
1172,15,1948.6999999999998,6,636.4000000000001,2opt,improve
1173,15,1946.6999999999998,6,636.4000000000001,swap,improve
1174,15,1946.6999999999998,6,636.4000000000001,2opt,improve
1175,15,1964.8999999999999,6,636.4000000000001,swap,acceptBad
1176,15,2033.8,6,636.4000000000001,swap,acceptBad
1177,15,2067.4,6,636.4000000000001,2opt,acceptBad
1178,15,2076.7000000000003,6,636.4000000000001,swap,acceptBad
1179,15,2075.2000000000003,6,636.4000000000001,move,improve
1180,15,2075.2000000000003,6,636.4000000000001,move,improve
1181,15,2028.8999999999999,6,636.4000000000001,move,improve
1182,15,2019.1,6,636.4000000000001,move,improve
1183,15,2016.6000000000001,6,636.4000000000001,move,improve
1184,15,1952.8,6,636.4000000000001,move,improve
1185,15,1988.9999999999995,6,636.4000000000001,2opt,acceptBad
1186,15,1947.5999999999997,6,636.4000000000001,2opt,improve
1187,15,1957.4999999999998,6,636.4000000000001,swap,acceptBad
1188,14,1869.4999999999998,6,636.4000000000001,move,improve
1189,14,1869.4999999999998,6,636.4000000000001,2opt,improve
1190,14,1927.8,6,636.4000000000001,2opt,acceptBad
1191,14,1963.1,6,636.4000000000001,swap,acceptBad
1192,14,1958.8,6,636.4000000000001,move,improve
1193,14,1958.8,6,636.4000000000001,swap,improve
1194,14,1958.8,6,636.4000000000001,move,improve
1195,14,1958.8,6,636.4000000000001,move,improve
1196,14,1966.2999999999997,6,636.4000000000001,swap,acceptBad
1197,14,1934.3999999999999,6,636.4000000000001,move,improve
1198,14,1858.6,6,636.4000000000001,swap,improve
1199,14,1860.5,6,636.4000000000001,swap,acceptBad
1200,14,1917.6,6,636.4000000000001,swap,acceptBad
1201,14,1924.6,6,636.4000000000001,2opt,acceptBad
1202,14,1990.8999999999999,6,636.4000000000001,swap,acceptBad
1203,14,1987.0,6,636.4000000000001,move,improve
1204,15,2065.3999999999996,6,636.4000000000001,2opt,acceptBad
1205,15,2065.7,6,636.4000000000001,2opt,acceptBad
1206,15,2009.2999999999997,6,636.4000000000001,move,improve
1207,15,1889.6999999999996,6,636.4000000000001,2opt,improve
1208,15,1889.6999999999996,6,636.4000000000001,move,improve
1209,15,1869.4999999999995,6,636.4000000000001,move,improve
1210,15,1967.1999999999994,6,636.4000000000001,2opt,acceptBad
1211,15,1961.7999999999995,6,636.4000000000001,swap,improve
1212,15,2025.5999999999997,6,636.4000000000001,2opt,acceptBad
1213,15,2035.8999999999996,6,636.4000000000001,swap,acceptBad
1214,15,2038.6999999999996,6,636.4000000000001,swap,acceptBad
1215,15,2038.6999999999996,6,636.4000000000001,2opt,notBad
1216,15,2028.4999999999995,6,636.4000000000001,move,improve
1217,15,1972.6999999999998,6,636.4000000000001,swap,improve
1218,15,1972.6999999999998,6,636.4000000000001,2opt,improve
1219,15,1903.2,6,636.4000000000001,move,improve
1220,15,1903.2,6,636.4000000000001,2opt,improve
1221,15,1894.7999999999997,6,636.4000000000001,2opt,improve
1222,15,1831.6999999999998,6,636.4000000000001,swap,improve
1223,15,1830.4,6,636.4000000000001,swap,improve
1224,15,1830.4,6,636.4000000000001,2opt,improve
1225,15,1831.6,6,636.4000000000001,2opt,acceptBad
1226,15,1846.8,6,636.4000000000001,swap,acceptBad
1227,15,1846.8,6,636.4000000000001,swap,improve
1228,15,1915.0,6,636.4000000000001,2opt,acceptBad
1229,15,1932.3999999999999,6,636.4000000000001,2opt,acceptBad
1230,15,1886.0999999999997,6,636.4000000000001,move,improve
1231,15,1886.0999999999997,6,636.4000000000001,swap,improve
1232,15,1951.3999999999996,6,636.4000000000001,swap,acceptBad
1233,15,1957.3999999999996,6,636.4000000000001,swap,acceptBad
1234,15,2013.3999999999996,6,636.4000000000001,2opt,acceptBad
1235,15,2010.2999999999995,6,636.4000000000001,move,improve
1236,15,2007.0999999999995,6,636.4000000000001,swap,improve
1237,14,1939.0999999999997,6,636.4000000000001,2opt,improve
1238,14,1937.6999999999996,6,636.4000000000001,move,improve
1239,14,1871.1999999999996,6,636.4000000000001,2opt,improve
1240,14,1835.2999999999995,6,636.4000000000001,move,improve
1241,14,1883.8999999999996,6,636.4000000000001,2opt,acceptBad
1242,14,1884.7999999999993,6,636.4000000000001,swap,acceptBad
1243,14,1873.1999999999994,6,636.4000000000001,swap,improve
1244,14,1873.1999999999994,6,636.4000000000001,2opt,improve
1245,14,1873.0999999999992,6,636.4000000000001,2opt,improve
1246,14,1869.4999999999993,6,636.4000000000001,2opt,improve
1247,14,1840.1999999999994,6,636.4000000000001,move,improve
1248,14,1793.8999999999996,6,636.4000000000001,move,improve
1249,14,1788.4999999999995,6,636.4000000000001,move,improve
1250,14,1790.9999999999993,6,636.4000000000001,swap,acceptBad
1251,14,1783.6999999999994,6,636.4000000000001,move,improve
1252,14,1780.3999999999996,6,636.4000000000001,move,improve
1253,14,1777.8999999999996,6,636.4000000000001,swap,improve
1254,14,1746.3999999999999,6,636.4000000000001,move,improve
1255,14,1758.1999999999996,6,636.4000000000001,swap,acceptBad
1256,14,1789.6999999999994,6,636.4000000000001,2opt,acceptBad
1257,15,1882.9999999999995,6,636.4000000000001,2opt,acceptBad
1258,15,1882.9999999999993,6,636.4000000000001,move,improve
1259,15,1879.1999999999994,6,636.4000000000001,move,improve
1260,16,1976.2999999999993,6,636.4000000000001,2opt,acceptBad
1261,16,1976.2999999999993,6,636.4000000000001,move,improve
1262,16,2083.6,6,636.4000000000001,swap,acceptBad
1263,16,2154.0999999999995,6,636.4000000000001,swap,acceptBad
1264,16,2090.6,6,636.4000000000001,move,improve
1265,16,2088.7999999999993,6,636.4000000000001,2opt,improve
1266,16,2087.999999999999,6,636.4000000000001,move,improve
1267,15,2026.499999999999,6,636.4000000000001,move,improve
1268,16,2115.5999999999995,6,636.4000000000001,2opt,acceptBad
1269,16,2154.5999999999995,6,636.4000000000001,swap,acceptBad
1270,16,2156.2999999999997,6,636.4000000000001,2opt,acceptBad
1271,16,2156.2999999999997,6,636.4000000000001,move,improve
1272,16,2122.0,6,636.4000000000001,2opt,improve
1273,16,2121.5999999999995,6,636.4000000000001,move,improve
1274,16,2160.7999999999993,6,636.4000000000001,2opt,acceptBad
1275,16,2157.1999999999994,6,636.4000000000001,swap,improve
1276,16,2237.0999999999995,6,636.4000000000001,2opt,acceptBad
1277,15,2167.2999999999993,6,636.4000000000001,move,improve
1278,15,2104.2999999999997,6,636.4000000000001,swap,improve
1279,15,2104.2999999999997,6,636.4000000000001,swap,improve
1280,15,2112.3999999999996,6,636.4000000000001,swap,acceptBad
1281,15,2109.3999999999996,6,636.4000000000001,move,improve
1282,16,2157.1999999999994,6,636.4000000000001,2opt,acceptBad
1283,16,2153.399999999999,6,636.4000000000001,move,improve
1284,16,2214.0999999999995,6,636.4000000000001,swap,acceptBad
1285,16,2212.3999999999996,6,636.4000000000001,swap,improve
1286,16,2169.4999999999995,6,636.4000000000001,move,improve
1287,16,2152.9999999999995,6,636.4000000000001,swap,improve
1288,16,2156.899999999999,6,636.4000000000001,swap,acceptBad
1289,16,2156.899999999999,6,636.4000000000001,2opt,improve
1290,16,2169.6999999999994,6,636.4000000000001,swap,acceptBad
1291,16,2148.6999999999994,6,636.4000000000001,move,improve
1292,16,2146.899999999999,6,636.4000000000001,move,improve
1293,16,2142.6,6,636.4000000000001,2opt,improve
1294,16,2135.6,6,636.4000000000001,move,improve
1295,16,2217.9999999999995,6,636.4000000000001,2opt,acceptBad
1296,17,2282.7000000000003,6,636.4000000000001,2opt,acceptBad
1297,17,2298.3000000000006,6,636.4000000000001,swap,acceptBad
1298,17,2297.6000000000004,6,636.4000000000001,move,improve
1299,17,2313.8,6,636.4000000000001,swap,acceptBad
1300,17,2244.5000000000005,6,636.4000000000001,swap,improve
1301,17,2246.5000000000005,6,636.4000000000001,swap,acceptBad
1302,17,2198.6000000000004,6,636.4000000000001,move,improve
1303,18,2269.2000000000007,6,636.4000000000001,2opt,acceptBad
1304,18,2343.1999999999994,6,636.4000000000001,2opt,acceptBad
1305,18,2368.9999999999995,6,636.4000000000001,swap,acceptBad
1306,18,2368.9999999999995,6,636.4000000000001,move,improve
1307,18,2305.599999999999,6,636.4000000000001,2opt,improve
1308,18,2299.5000000000005,6,636.4000000000001,2opt,improve
1309,18,2328.7000000000003,6,636.4000000000001,swap,acceptBad
1310,18,2317.2000000000003,6,636.4000000000001,move,improve
1311,18,2289.2000000000003,6,636.4000000000001,2opt,improve
1312,18,2289.2000000000003,6,636.4000000000001,move,improve
1313,18,2322.899999999999,6,636.4000000000001,2opt,acceptBad
1314,18,2323.0,6,636.4000000000001,2opt,acceptBad
1315,18,2321.7,6,636.4000000000001,swap,improve
1316,18,2378.7000000000003,6,636.4000000000001,swap,acceptBad
1317,18,2410.6000000000004,6,636.4000000000001,2opt,acceptBad
1318,18,2304.4000000000005,6,636.4000000000001,move,improve
1319,18,2212.3000000000006,6,636.4000000000001,swap,improve
1320,18,2128.8000000000006,6,636.4000000000001,move,improve
1321,18,2132.9,6,636.4000000000001,2opt,acceptBad
1322,18,2168.2999999999993,6,636.4000000000001,2opt,acceptBad
1323,18,2171.7,6,636.4000000000001,swap,acceptBad
1324,18,2218.2,6,636.4000000000001,2opt,acceptBad
1325,17,2148.3999999999996,6,636.4000000000001,2opt,improve
1326,17,2130.099999999999,6,636.4000000000001,2opt,improve
1327,16,2099.7,6,636.4000000000001,2opt,improve
1328,16,2089.7999999999997,6,636.4000000000001,move,improve
1329,16,2089.7999999999997,6,636.4000000000001,move,improve
1330,16,2085.9999999999995,6,636.4000000000001,move,improve
1331,16,2056.9999999999995,6,636.4000000000001,swap,improve
1332,16,2089.0,6,636.4000000000001,swap,acceptBad
1333,16,2102.0000000000005,6,636.4000000000001,swap,acceptBad
1334,16,2102.0000000000005,6,636.4000000000001,2opt,improve
1335,16,2096.0999999999995,6,636.4000000000001,2opt,improve
1336,16,2097.2999999999997,6,636.4000000000001,swap,acceptBad
1337,16,2084.4999999999995,6,636.4000000000001,move,improve
1338,16,2090.7999999999993,6,636.4000000000001,swap,acceptBad
1339,16,2023.1,6,636.4000000000001,2opt,improve
1340,16,2014.4999999999998,6,636.4000000000001,move,improve
1341,16,1964.0999999999997,6,636.4000000000001,2opt,improve
1342,15,1938.0,6,636.4000000000001,2opt,improve
1343,15,1937.8,6,636.4000000000001,move,improve
1344,15,1892.2,6,636.4000000000001,swap,improve
1345,15,1835.7999999999995,6,636.4000000000001,2opt,improve
1346,15,1805.1999999999996,6,636.4000000000001,move,improve
1347,15,1800.8999999999996,6,636.4000000000001,move,improve
1348,15,1800.8999999999996,6,636.4000000000001,2opt,improve
1349,15,1800.8999999999996,6,636.4000000000001,2opt,improve
1350,15,1800.8999999999996,6,636.4000000000001,move,improve
1351,15,1901.7999999999995,6,636.4000000000001,2opt,acceptBad
1352,15,1928.2999999999993,6,636.4000000000001,2opt,acceptBad
1353,14,1857.6999999999994,6,636.4000000000001,move,improve
1354,14,1789.1999999999994,6,636.4000000000001,move,improve
1355,14,1906.9999999999995,6,636.4000000000001,swap,acceptBad
1356,14,1907.1999999999996,6,636.4000000000001,swap,acceptBad
1357,14,1907.1999999999996,6,636.4000000000001,move,improve
1358,14,1926.6999999999996,6,636.4000000000001,swap,acceptBad
1359,14,2026.4999999999998,6,636.4000000000001,swap,acceptBad
1360,14,2029.3999999999996,6,636.4000000000001,swap,acceptBad
1361,14,2028.9999999999995,6,636.4000000000001,swap,improve
1362,14,2023.1999999999996,6,636.4000000000001,move,improve
1363,14,2023.1999999999996,6,636.4000000000001,move,improve
1364,14,2023.1999999999996,6,636.4000000000001,move,improve
1365,14,1928.0999999999997,6,636.4000000000001,2opt,improve
1366,14,1888.5999999999997,6,636.4000000000001,2opt,improve
1367,14,1892.5999999999997,6,636.4000000000001,2opt,acceptBad
1368,14,1858.3999999999996,6,636.4000000000001,move,improve
1369,14,1875.5999999999997,6,636.4000000000001,2opt,acceptBad
1370,14,1878.8999999999996,6,636.4000000000001,swap,acceptBad
1371,14,1886.1999999999996,6,636.4000000000001,2opt,acceptBad
1372,14,1919.8999999999999,6,636.4000000000001,2opt,acceptBad
1373,14,1922.0,6,636.4000000000001,swap,acceptBad
1374,14,1922.0,6,636.4000000000001,move,improve
1375,14,1924.3,6,636.4000000000001,2opt,acceptBad
1376,14,1924.3,6,636.4000000000001,move,improve
1377,14,1924.3,6,636.4000000000001,move,improve
1378,14,2009.0999999999997,6,636.4000000000001,2opt,acceptBad
1379,14,1970.4999999999998,6,636.4000000000001,move,improve
1380,14,1969.7,6,636.4000000000001,2opt,improve
1381,14,1969.5,6,636.4000000000001,move,improve
1382,14,1969.5,6,636.4000000000001,move,improve
1383,14,1961.4999999999998,6,636.4000000000001,move,improve
1384,14,1963.3999999999996,6,636.4000000000001,swap,acceptBad
1385,14,2020.0,6,636.4000000000001,swap,acceptBad
1386,14,1942.3999999999999,6,636.4000000000001,move,improve
1387,14,1951.6999999999998,6,636.4000000000001,swap,acceptBad
1388,14,1946.3999999999996,6,636.4000000000001,2opt,improve
1389,14,1946.3999999999996,6,636.4000000000001,move,improve
1390,14,1900.9999999999995,6,636.4000000000001,move,improve
1391,14,1900.9999999999995,6,636.4000000000001,move,improve
1392,14,1900.9999999999995,6,636.4000000000001,2opt,improve
1393,14,1905.9999999999995,6,636.4000000000001,swap,acceptBad
1394,14,1905.9999999999995,6,636.4000000000001,move,improve
1395,15,1980.1999999999996,6,636.4000000000001,2opt,acceptBad
1396,15,1912.9999999999998,6,636.4000000000001,move,improve
1397,15,1914.7999999999995,6,636.4000000000001,swap,acceptBad
1398,14,1853.2999999999997,6,636.4000000000001,move,improve
1399,14,1852.5999999999997,6,636.4000000000001,move,improve
1400,14,1817.0999999999997,6,636.4000000000001,move,improve
1401,14,1803.7999999999997,6,636.4000000000001,swap,improve
1402,14,1781.8999999999996,6,636.4000000000001,move,improve
1403,14,1795.2999999999995,6,636.4000000000001,swap,acceptBad
1404,14,1789.8999999999996,6,636.4000000000001,swap,improve
1405,14,1792.6999999999998,6,636.4000000000001,swap,acceptBad
1406,15,1852.9999999999998,6,636.4000000000001,2opt,acceptBad
1407,15,1959.6,6,636.4000000000001,swap,acceptBad
1408,15,1911.6,6,636.4000000000001,2opt,improve
1409,15,1899.7999999999997,6,636.4000000000001,move,improve
1410,15,1922.0999999999995,6,636.4000000000001,2opt,acceptBad
1411,15,1921.8999999999999,6,636.4000000000001,2opt,improve
1412,15,1921.8999999999999,6,636.4000000000001,2opt,improve
1413,15,1924.0999999999997,6,636.4000000000001,2opt,acceptBad
1414,15,1924.0999999999997,6,636.4000000000001,2opt,improve
1415,16,1995.1,6,636.4000000000001,2opt,acceptBad
1416,16,1988.4999999999998,6,636.4000000000001,2opt,improve
1417,16,2044.9999999999995,6,636.4000000000001,2opt,acceptBad
1418,16,2044.9999999999995,6,636.4000000000001,move,improve
1419,16,2044.9999999999995,6,636.4000000000001,move,improve
1420,16,2044.9999999999995,6,636.4000000000001,2opt,improve
1421,16,2047.4999999999995,6,636.4000000000001,2opt,acceptBad
1422,16,2047.4999999999995,6,636.4000000000001,move,improve
1423,16,2056.7999999999997,6,636.4000000000001,swap,acceptBad
1424,17,2112.2999999999997,6,636.4000000000001,2opt,acceptBad
1425,16,2046.8999999999994,6,636.4000000000001,2opt,improve
1426,16,1970.6999999999994,6,636.4000000000001,move,improve
1427,16,1970.6999999999994,6,636.4000000000001,move,improve
1428,16,1970.6999999999994,6,636.4000000000001,2opt,improve
1429,16,1976.6999999999996,6,636.4000000000001,2opt,acceptBad
1430,16,1977.6999999999996,6,636.4000000000001,2opt,acceptBad
1431,16,2064.7999999999997,6,636.4000000000001,swap,acceptBad
1432,16,2035.7999999999997,6,636.4000000000001,2opt,improve
1433,16,2092.7,6,636.4000000000001,swap,acceptBad
1434,16,2072.1,6,636.4000000000001,move,improve
1435,17,2132.2000000000003,6,636.4000000000001,2opt,acceptBad
1436,17,2061.1,6,636.4000000000001,move,improve
1437,17,2060.7,6,636.4000000000001,2opt,improve
1438,17,2058.2,6,636.4000000000001,swap,improve
1439,17,2045.6000000000001,6,636.4000000000001,2opt,improve
1440,17,2062.7,6,636.4000000000001,2opt,acceptBad
1441,17,2068.2,6,636.4000000000001,2opt,acceptBad
1442,17,2067.1000000000004,6,636.4000000000001,move,improve
1443,17,2067.1000000000004,6,636.4000000000001,move,improve
1444,17,2127.2000000000003,6,636.4000000000001,2opt,acceptBad
1445,17,2163.2,6,636.4000000000001,2opt,acceptBad
1446,17,2175.4999999999995,6,636.4000000000001,swap,acceptBad
1447,17,2182.8999999999996,6,636.4000000000001,swap,acceptBad
1448,16,2084.0,6,636.4000000000001,2opt,improve
1449,16,2103.3999999999996,6,636.4000000000001,2opt,acceptBad
1450,16,1979.8999999999999,6,636.4000000000001,move,improve
1451,16,1978.8999999999999,6,636.4000000000001,move,improve
1452,16,1978.8999999999999,6,636.4000000000001,move,improve
1453,16,2047.8,6,636.4000000000001,swap,acceptBad
1454,16,2040.8999999999999,6,636.4000000000001,move,improve
1455,16,2032.5,6,636.4000000000001,move,improve
1456,16,1984.9,6,636.4000000000001,move,improve
1457,17,2080.8,6,636.4000000000001,2opt,acceptBad
1458,17,2018.6000000000001,6,636.4000000000001,2opt,improve
1459,17,1996.2,6,636.4000000000001,2opt,improve
1460,17,2009.2,6,636.4000000000001,swap,acceptBad
1461,17,2009.2,6,636.4000000000001,2opt,notBad
1462,17,2068.3,6,636.4000000000001,2opt,acceptBad
1463,17,2107.2,6,636.4000000000001,2opt,acceptBad
1464,17,2106.2,6,636.4000000000001,move,improve
1465,17,2092.5,6,636.4000000000001,move,improve
1466,17,2084.7,6,636.4000000000001,move,improve
1467,17,2081.4999999999995,6,636.4000000000001,move,improve
1468,16,2011.0,6,636.4000000000001,2opt,improve
1469,16,2016.1,6,636.4000000000001,swap,acceptBad
1470,16,2036.6,6,636.4000000000001,swap,acceptBad
1471,16,2036.6,6,636.4000000000001,move,improve
1472,16,2049.3999999999996,6,636.4000000000001,2opt,acceptBad
1473,16,2043.6999999999998,6,636.4000000000001,swap,improve
1474,16,2043.6999999999998,6,636.4000000000001,move,improve
1475,16,2043.6999999999998,6,636.4000000000001,move,improve
1476,16,2022.1,6,636.4000000000001,swap,improve
1477,16,1985.2,6,636.4000000000001,move,improve
1478,16,2054.6000000000004,6,636.4000000000001,2opt,acceptBad
1479,16,2056.2000000000003,6,636.4000000000001,swap,acceptBad
1480,17,2120.3,6,636.4000000000001,2opt,acceptBad
1481,17,2111.1000000000004,6,636.4000000000001,swap,improve
1482,17,2131.0000000000005,6,636.4000000000001,swap,acceptBad
1483,17,2173.7000000000007,6,636.4000000000001,swap,acceptBad
1484,17,2198.6000000000004,6,636.4000000000001,swap,acceptBad
1485,17,2204.3999999999996,6,636.4000000000001,2opt,acceptBad
1486,17,2199.2,6,636.4000000000001,swap,improve
1487,17,2169.5,6,636.4000000000001,2opt,improve
1488,18,2243.5999999999995,6,636.4000000000001,2opt,acceptBad
1489,18,2236.7000000000003,6,636.4000000000001,2opt,improve
1490,18,2230.7,6,636.4000000000001,swap,improve
1491,18,2330.300000000001,6,636.4000000000001,2opt,acceptBad
1492,18,2330.300000000001,6,636.4000000000001,2opt,notBad
1493,18,2334.2000000000003,6,636.4000000000001,2opt,acceptBad
1494,18,2329.4000000000005,6,636.4000000000001,swap,improve
1495,17,2300.1,6,636.4000000000001,2opt,improve
1496,16,2269.2,6,636.4000000000001,2opt,improve
1497,16,2340.3999999999996,6,636.4000000000001,swap,acceptBad
1498,16,2349.0,6,636.4000000000001,swap,acceptBad
1499,16,2335.4999999999995,6,636.4000000000001,2opt,improve
1500,16,2397.9,6,636.4000000000001,2opt,acceptBad
1501,16,2397.9,6,636.4000000000001,move,improve
1502,16,2354.3,6,636.4000000000001,move,improve
1503,16,2354.5,6,636.4000000000001,move,acceptBad
1504,17,2500.4000000000005,6,636.4000000000001,2opt,acceptBad
1505,17,2418.6000000000004,6,636.4000000000001,move,improve
1506,17,2417.5,6,636.4000000000001,2opt,improve
1507,17,2383.0,6,636.4000000000001,swap,improve
1508,17,2381.5,6,636.4000000000001,move,improve
1509,17,2382.0,6,636.4000000000001,swap,acceptBad
1510,17,2402.6,6,636.4000000000001,swap,acceptBad
1511,17,2400.3,6,636.4000000000001,move,improve
1512,17,2285.7,6,636.4000000000001,swap,improve
1513,17,2283.4,6,636.4000000000001,move,improve
1514,17,2298.5999999999995,6,636.4000000000001,swap,acceptBad
1515,17,2235.5999999999995,6,636.4000000000001,swap,improve
1516,17,2189.0999999999995,6,636.4000000000001,2opt,improve
1517,17,2190.7999999999993,6,636.4000000000001,swap,acceptBad
1518,17,2218.5,6,636.4000000000001,swap,acceptBad
1519,17,2226.2999999999997,6,636.4000000000001,swap,acceptBad
1520,16,2161.0,6,636.4000000000001,2opt,improve
1521,16,2140.2999999999993,6,636.4000000000001,2opt,improve
1522,16,2140.2999999999993,6,636.4000000000001,move,improve
1523,16,2110.1999999999994,6,636.4000000000001,swap,improve
1524,16,2089.899999999999,6,636.4000000000001,move,improve
1525,16,2089.899999999999,6,636.4000000000001,2opt,improve
1526,16,2089.0999999999995,6,636.4000000000001,move,improve
1527,16,2114.999999999999,6,636.4000000000001,swap,acceptBad
1528,16,2108.499999999999,6,636.4000000000001,swap,improve
1529,16,2076.8999999999987,6,636.4000000000001,move,improve
1530,16,2076.8999999999987,6,636.4000000000001,move,improve
1531,16,2180.2,6,636.4000000000001,2opt,acceptBad
1532,16,2175.0,6,636.4000000000001,swap,improve
1533,16,2173.2999999999997,6,636.4000000000001,move,improve
1534,16,2157.2,6,636.4000000000001,swap,improve
1535,16,2157.2,6,636.4000000000001,swap,improve
1536,16,2147.7,6,636.4000000000001,swap,improve
1537,16,2134.6,6,636.4000000000001,move,improve
1538,16,2110.0,6,636.4000000000001,2opt,improve
1539,16,2114.5,6,636.4000000000001,2opt,acceptBad
1540,16,2109.5,6,636.4000000000001,move,improve
1541,16,2090.8999999999996,6,636.4000000000001,move,improve
1542,16,2154.9999999999995,6,636.4000000000001,2opt,acceptBad
1543,16,2221.7,6,636.4000000000001,2opt,acceptBad
1544,16,2220.9999999999995,6,636.4000000000001,2opt,improve
1545,16,2220.0,6,636.4000000000001,swap,improve
1546,16,2254.7,6,636.4000000000001,swap,acceptBad
1547,16,2321.9999999999995,6,636.4000000000001,2opt,acceptBad
1548,16,2320.7,6,636.4000000000001,move,improve
1549,16,2320.800000000001,6,636.4000000000001,2opt,acceptBad
1550,16,2293.1000000000004,6,636.4000000000001,move,improve
1551,16,2292.9000000000005,6,636.4000000000001,2opt,improve
1552,16,2257.3,6,636.4000000000001,swap,improve
1553,16,2199.5,6,636.4000000000001,swap,improve
1554,16,2191.8999999999996,6,636.4000000000001,move,improve
1555,16,2277.2000000000007,6,636.4000000000001,2opt,acceptBad
1556,16,2277.2000000000007,6,636.4000000000001,move,improve
1557,16,2377.100000000001,6,636.4000000000001,swap,acceptBad
1558,16,2375.4000000000005,6,636.4000000000001,move,improve
1559,16,2375.000000000001,6,636.4000000000001,swap,improve
1560,16,2353.599999999999,6,636.4000000000001,2opt,improve
1561,16,2353.599999999999,6,636.4000000000001,move,improve
1562,16,2263.8999999999996,6,636.4000000000001,swap,improve
1563,16,2266.2999999999993,6,636.4000000000001,swap,acceptBad
1564,16,2212.7999999999997,6,636.4000000000001,move,improve
1565,16,2202.2999999999993,6,636.4000000000001,swap,improve
1566,16,2202.0999999999995,6,636.4000000000001,move,improve
1567,16,2205.3,6,636.4000000000001,2opt,acceptBad
1568,16,2204.2000000000003,6,636.4000000000001,move,improve
1569,16,2205.3000000000006,6,636.4000000000001,2opt,acceptBad
1570,16,2212.9000000000005,6,636.4000000000001,2opt,acceptBad
1571,16,2242.0999999999995,6,636.4000000000001,2opt,acceptBad
1572,16,2162.2999999999997,6,636.4000000000001,move,improve
1573,17,2247.5999999999995,6,636.4000000000001,2opt,acceptBad
1574,17,2247.5999999999995,6,636.4000000000001,2opt,improve
1575,17,2275.2999999999997,6,636.4000000000001,2opt,acceptBad
1576,17,2298.9999999999995,6,636.4000000000001,2opt,acceptBad
1577,17,2368.7,6,636.4000000000001,swap,acceptBad
1578,17,2371.2,6,636.4000000000001,2opt,acceptBad
1579,17,2370.3999999999996,6,636.4000000000001,move,improve
1580,17,2431.399999999999,6,636.4000000000001,2opt,acceptBad
1581,17,2427.499999999999,6,636.4000000000001,swap,improve
1582,17,2381.2999999999993,6,636.4000000000001,swap,improve
1583,17,2415.0,6,636.4000000000001,2opt,acceptBad
1584,17,2410.9999999999995,6,636.4000000000001,2opt,improve
1585,17,2373.8999999999996,6,636.4000000000001,2opt,improve
1586,17,2364.3999999999996,6,636.4000000000001,move,improve
1587,17,2377.2,6,636.4000000000001,swap,acceptBad
1588,17,2316.2000000000003,6,636.4000000000001,2opt,improve
1589,17,2312.6000000000004,6,636.4000000000001,move,improve
1590,17,2303.4,6,636.4000000000001,move,improve
1591,17,2247.2999999999993,6,636.4000000000001,2opt,improve
1592,17,2282.2999999999993,6,636.4000000000001,2opt,acceptBad
1593,17,2184.2000000000003,6,636.4000000000001,move,improve
1594,16,2097.0,6,636.4000000000001,move,improve
1595,16,2098.4000000000005,6,636.4000000000001,swap,acceptBad
1596,16,2135.9000000000005,6,636.4000000000001,swap,acceptBad
1597,16,2181.7000000000003,6,636.4000000000001,swap,acceptBad
1598,16,2215.9999999999995,6,636.4000000000001,2opt,acceptBad
1599,16,2210.4999999999995,6,636.4000000000001,swap,improve
1600,16,2178.3999999999996,6,636.4000000000001,swap,improve
1601,16,2218.5,6,636.4000000000001,2opt,acceptBad
1602,16,2218.2999999999997,6,636.4000000000001,swap,improve
1603,16,2177.7,6,636.4000000000001,move,improve
1604,16,2167.2,6,636.4000000000001,2opt,improve
1605,16,2090.7,6,636.4000000000001,move,improve
1606,16,2136.7,6,636.4000000000001,2opt,acceptBad
1607,16,2142.2999999999997,6,636.4000000000001,swap,acceptBad
1608,16,2103.7999999999997,6,636.4000000000001,move,improve
1609,16,2076.3999999999996,6,636.4000000000001,swap,improve
1610,16,2138.199999999999,6,636.4000000000001,swap,acceptBad
1611,16,2147.399999999999,6,636.4000000000001,swap,acceptBad
1612,16,2156.899999999999,6,636.4000000000001,swap,acceptBad
1613,16,2146.499999999999,6,636.4000000000001,move,improve
1614,16,2236.7,6,636.4000000000001,2opt,acceptBad
1615,16,2236.7,6,636.4000000000001,move,improve
1616,16,2238.0,6,636.4000000000001,swap,acceptBad
1617,16,2238.9000000000005,6,636.4000000000001,2opt,acceptBad
1618,16,2228.8999999999996,6,636.4000000000001,2opt,improve
1619,16,2261.0999999999995,6,636.4000000000001,swap,acceptBad
1620,16,2262.3999999999996,6,636.4000000000001,swap,acceptBad
1621,16,2256.3,6,636.4000000000001,move,improve
1622,16,2254.7999999999997,6,636.4000000000001,move,improve
1623,16,2256.199999999999,6,636.4000000000001,2opt,acceptBad
1624,16,2256.199999999999,6,636.4000000000001,move,improve
1625,15,2185.7,6,636.4000000000001,move,improve
1626,15,2142.9999999999995,6,636.4000000000001,move,improve
1627,15,2142.9999999999995,6,636.4000000000001,2opt,notBad
1628,15,2174.6999999999994,6,636.4000000000001,swap,acceptBad
1629,15,2177.0999999999995,6,636.4000000000001,swap,acceptBad
1630,15,2187.2999999999993,6,636.4000000000001,2opt,acceptBad
1631,15,2181.1,6,636.4000000000001,2opt,improve
1632,15,2181.1,6,636.4000000000001,2opt,improve
1633,15,2171.8,6,636.4000000000001,swap,improve
1634,15,2086.0,6,636.4000000000001,swap,improve
1635,15,2057.3999999999996,6,636.4000000000001,swap,improve
1636,15,2046.6999999999991,6,636.4000000000001,move,improve
1637,15,2021.7999999999993,6,636.4000000000001,move,improve
1638,15,1963.4999999999993,6,636.4000000000001,move,improve
1639,15,1966.8999999999999,6,636.4000000000001,2opt,acceptBad
1640,15,1977.6999999999998,6,636.4000000000001,swap,acceptBad
1641,15,2036.4,6,636.4000000000001,swap,acceptBad
1642,15,1999.9,6,636.4000000000001,move,improve
1643,15,2065.0999999999995,6,636.4000000000001,2opt,acceptBad
1644,15,2072.5999999999995,6,636.4000000000001,swap,acceptBad
1645,16,2180.999999999999,6,636.4000000000001,2opt,acceptBad
1646,16,2111.0999999999995,6,636.4000000000001,move,improve
1647,16,2111.0999999999995,6,636.4000000000001,2opt,improve
1648,16,2155.1999999999994,6,636.4000000000001,swap,acceptBad
1649,16,2141.7999999999997,6,636.4000000000001,swap,improve
1650,16,2111.6,6,636.4000000000001,2opt,improve
1651,16,2111.0,6,636.4000000000001,move,improve
1652,16,2141.1,6,636.4000000000001,2opt,acceptBad
1653,16,2148.7999999999997,6,636.4000000000001,swap,acceptBad
1654,16,2109.7999999999997,6,636.4000000000001,move,improve
1655,16,2105.2,6,636.4000000000001,move,improve
1656,15,2026.7999999999995,6,636.4000000000001,move,improve
1657,15,2051.4,6,636.4000000000001,2opt,acceptBad
1658,15,2047.8000000000002,6,636.4000000000001,move,improve
1659,15,2043.9,6,636.4000000000001,move,improve
1660,15,2042.2000000000003,6,636.4000000000001,2opt,improve
1661,15,2025.7000000000003,6,636.4000000000001,swap,improve
1662,16,2114.9,6,636.4000000000001,2opt,acceptBad
1663,16,2114.9,6,636.4000000000001,2opt,notBad
1664,16,2114.4,6,636.4000000000001,move,improve
1665,16,2101.4,6,636.4000000000001,move,improve
1666,16,2091.1,6,636.4000000000001,swap,improve
1667,16,2097.6,6,636.4000000000001,2opt,acceptBad
1668,16,2090.5999999999995,6,636.4000000000001,swap,improve
1669,15,2016.1999999999996,6,636.4000000000001,move,improve
1670,15,2016.1999999999996,6,636.4000000000001,2opt,notBad
1671,15,2016.7999999999993,6,636.4000000000001,2opt,acceptBad
1672,15,2006.1999999999994,6,636.4000000000001,move,improve
1673,15,1986.9999999999993,6,636.4000000000001,swap,improve
1674,15,1982.4999999999993,6,636.4000000000001,move,improve
1675,15,1982.4999999999993,6,636.4000000000001,2opt,notBad
1676,15,1989.1999999999996,6,636.4000000000001,2opt,acceptBad
1677,15,1980.9999999999995,6,636.4000000000001,2opt,improve
1678,15,2042.5999999999995,6,636.4000000000001,2opt,acceptBad
1679,15,2005.3999999999994,6,636.4000000000001,move,improve
1680,15,2001.8999999999996,6,636.4000000000001,swap,improve
1681,15,2010.2999999999995,6,636.4000000000001,2opt,acceptBad
1682,15,2012.8999999999994,6,636.4000000000001,2opt,acceptBad
1683,15,2013.4999999999995,6,636.4000000000001,2opt,acceptBad
1684,15,2019.8999999999994,6,636.4000000000001,swap,acceptBad
1685,15,1961.7999999999995,6,636.4000000000001,move,improve
1686,15,1964.6999999999996,6,636.4000000000001,swap,acceptBad
1687,15,2036.8999999999994,6,636.4000000000001,swap,acceptBad
1688,15,1970.5999999999995,6,636.4000000000001,move,improve
1689,15,1967.9999999999993,6,636.4000000000001,move,improve
1690,15,1956.4999999999993,6,636.4000000000001,swap,improve
1691,15,1944.6999999999994,6,636.4000000000001,swap,improve
1692,15,2087.8999999999996,6,636.4000000000001,2opt,acceptBad
1693,15,2101.9999999999995,6,636.4000000000001,swap,acceptBad
1694,15,2066.4999999999995,6,636.4000000000001,move,improve
1695,15,2066.2999999999997,6,636.4000000000001,move,improve
1696,16,2064.899999999999,6,636.4000000000001,2opt,improve
1697,16,2026.3999999999994,6,636.4000000000001,move,improve
1698,16,2020.3999999999994,6,636.4000000000001,swap,improve
1699,16,2020.3999999999994,6,636.4000000000001,move,improve
1700,16,2021.6999999999994,6,636.4000000000001,swap,acceptBad
1701,16,2060.7999999999997,6,636.4000000000001,swap,acceptBad
1702,16,2060.5999999999995,6,636.4000000000001,move,improve
1703,16,2007.8999999999996,6,636.4000000000001,2opt,improve
1704,16,2120.4999999999995,6,636.4000000000001,swap,acceptBad
1705,16,2137.7999999999997,6,636.4000000000001,swap,acceptBad
1706,16,2137.7999999999997,6,636.4000000000001,move,improve
1707,16,2147.0,6,636.4000000000001,swap,acceptBad
1708,16,2238.7000000000003,6,636.4000000000001,swap,acceptBad
1709,16,2196.3,6,636.4000000000001,2opt,improve
1710,16,2196.3,6,636.4000000000001,2opt,notBad
1711,16,2212.2000000000003,6,636.4000000000001,2opt,acceptBad
1712,16,2211.3,6,636.4000000000001,move,improve
1713,16,2211.3,6,636.4000000000001,2opt,improve
1714,16,2224.7000000000003,6,636.4000000000001,swap,acceptBad
1715,16,2224.7000000000003,6,636.4000000000001,move,improve
1716,16,2134.0,6,636.4000000000001,swap,improve
1717,16,2118.4,6,636.4000000000001,move,improve
1718,16,2146.7,6,636.4000000000001,swap,acceptBad
1719,16,2146.6,6,636.4000000000001,move,improve
1720,16,2109.3999999999996,6,636.4000000000001,2opt,improve
1721,16,2104.7999999999997,6,636.4000000000001,move,improve
1722,16,2038.7999999999995,6,636.4000000000001,swap,improve
1723,17,2112.0999999999995,6,636.4000000000001,2opt,acceptBad
1724,17,2118.8999999999996,6,636.4000000000001,2opt,acceptBad
1725,16,2055.7999999999997,6,636.4000000000001,move,improve
1726,16,2102.5999999999995,6,636.4000000000001,swap,acceptBad
1727,16,2101.199999999999,6,636.4000000000001,move,improve
1728,16,2109.7999999999993,6,636.4000000000001,swap,acceptBad
1729,16,2118.999999999999,6,636.4000000000001,swap,acceptBad
1730,16,2119.699999999999,6,636.4000000000001,swap,acceptBad
1731,16,2187.099999999999,6,636.4000000000001,swap,acceptBad
1732,16,2186.099999999999,6,636.4000000000001,move,improve
1733,16,2186.099999999999,6,636.4000000000001,move,improve
1734,16,2185.999999999999,6,636.4000000000001,move,improve
1735,16,2224.7999999999993,6,636.4000000000001,2opt,acceptBad
1736,16,2208.0999999999995,6,636.4000000000001,move,improve
1737,16,2208.0999999999995,6,636.4000000000001,2opt,improve
1738,16,2161.6999999999994,6,636.4000000000001,2opt,improve
1739,16,2140.7999999999993,6,636.4000000000001,swap,improve
1740,16,2135.4999999999995,6,636.4000000000001,move,improve
1741,16,2134.499999999999,6,636.4000000000001,move,improve
1742,16,2139.9999999999995,6,636.4000000000001,2opt,acceptBad
1743,16,2139.9999999999995,6,636.4000000000001,2opt,improve
1744,16,2232.2999999999993,6,636.4000000000001,2opt,acceptBad
1745,16,2295.299999999999,6,636.4000000000001,2opt,acceptBad
1746,16,2329.9999999999986,6,636.4000000000001,2opt,acceptBad
1747,16,2329.9999999999986,6,636.4000000000001,move,improve
1748,17,2407.199999999999,6,636.4000000000001,2opt,acceptBad
1749,17,2417.6999999999994,6,636.4000000000001,swap,acceptBad
1750,17,2416.6999999999994,6,636.4000000000001,move,improve
1751,17,2415.999999999999,6,636.4000000000001,move,improve
1752,17,2415.999999999999,6,636.4000000000001,move,improve
1753,17,2323.5999999999995,6,636.4000000000001,move,improve
1754,17,2312.2,6,636.4000000000001,swap,improve
1755,17,2311.2,6,636.4000000000001,swap,improve
1756,17,2307.2,6,636.4000000000001,move,improve
1757,16,2241.7,6,636.4000000000001,move,improve
1758,16,2238.2,6,636.4000000000001,swap,improve
1759,16,2337.6,6,636.4000000000001,swap,acceptBad
1760,16,2333.8999999999996,6,636.4000000000001,move,improve
1761,16,2328.8999999999996,6,636.4000000000001,move,improve
1762,15,2251.2999999999993,6,636.4000000000001,move,improve
1763,15,2222.3999999999996,6,636.4000000000001,swap,improve
1764,15,2225.899999999999,6,636.4000000000001,swap,acceptBad
1765,15,2171.6999999999994,6,636.4000000000001,swap,improve
1766,15,2165.2999999999993,6,636.4000000000001,move,improve
1767,15,2276.999999999999,6,636.4000000000001,swap,acceptBad
1768,16,2346.899999999999,6,636.4000000000001,2opt,acceptBad
1769,16,2346.0999999999995,6,636.4000000000001,move,improve
1770,16,2392.099999999999,6,636.4000000000001,swap,acceptBad
1771,16,2392.899999999999,6,636.4000000000001,swap,acceptBad
1772,16,2392.899999999999,6,636.4000000000001,2opt,notBad
1773,16,2386.9000000000005,6,636.4000000000001,2opt,improve
1774,16,2390.4,6,636.4000000000001,swap,acceptBad
1775,16,2383.8999999999996,6,636.4000000000001,swap,improve
1776,16,2316.3999999999996,6,636.4000000000001,move,improve
1777,16,2273.0999999999995,6,636.4000000000001,move,improve
1778,16,2273.0999999999995,6,636.4000000000001,2opt,notBad
1779,16,2271.7,6,636.4000000000001,move,improve
1780,16,2242.3999999999996,6,636.4000000000001,move,improve
1781,16,2201.1,6,636.4000000000001,move,improve
1782,16,2197.7,6,636.4000000000001,swap,improve
1783,16,2164.4,6,636.4000000000001,move,improve
1784,16,2106.9999999999995,6,636.4000000000001,swap,improve
1785,16,2068.8999999999996,6,636.4000000000001,move,improve
1786,16,2120.1,6,636.4000000000001,swap,acceptBad
1787,15,2009.5999999999995,6,636.4000000000001,move,improve
1788,15,2009.5999999999995,6,636.4000000000001,move,improve
1789,15,2006.1999999999996,6,636.4000000000001,swap,improve
1790,15,2006.0999999999995,6,636.4000000000001,2opt,improve
1791,15,2006.0999999999995,6,636.4000000000001,move,improve
1792,15,2006.0999999999995,6,636.4000000000001,move,improve
1793,15,2006.8999999999996,6,636.4000000000001,swap,acceptBad
1794,15,1934.7999999999995,6,636.4000000000001,move,improve
1795,15,1866.2999999999997,6,636.4000000000001,2opt,improve
1796,15,1868.5999999999997,6,636.4000000000001,2opt,acceptBad
1797,15,1940.6,6,636.4000000000001,swap,acceptBad
1798,15,1940.6,6,636.4000000000001,move,improve
1799,15,1940.6,6,636.4000000000001,move,improve
1800,15,1876.3,6,636.4000000000001,2opt,improve
1801,15,1840.1,6,636.4000000000001,move,improve
1802,15,1844.8,6,636.4000000000001,swap,acceptBad
1803,15,1837.1,6,636.4000000000001,swap,improve
1804,15,1893.1999999999998,6,636.4000000000001,swap,acceptBad
1805,15,1978.6999999999998,6,636.4000000000001,2opt,acceptBad
1806,15,1991.8999999999999,6,636.4000000000001,swap,acceptBad
1807,15,1944.2999999999997,6,636.4000000000001,swap,improve
1808,15,1944.2999999999997,6,636.4000000000001,move,improve
1809,14,1861.0999999999997,6,636.4000000000001,move,improve
1810,14,1860.7,6,636.4000000000001,swap,improve
1811,14,1829.1999999999998,6,636.4000000000001,swap,improve
1812,14,1835.9999999999998,6,636.4000000000001,swap,acceptBad
1813,14,1896.4999999999998,6,636.4000000000001,swap,acceptBad
1814,14,1893.4999999999998,6,636.4000000000001,swap,improve
1815,14,1894.3999999999996,6,636.4000000000001,swap,acceptBad
1816,14,1894.2999999999995,6,636.4000000000001,2opt,improve
1817,14,1893.4999999999995,6,636.4000000000001,move,improve
1818,14,1854.5999999999997,6,636.4000000000001,move,improve
1819,14,1857.1999999999996,6,636.4000000000001,2opt,acceptBad
1820,14,1863.3999999999996,6,636.4000000000001,swap,acceptBad
1821,14,1861.1999999999996,6,636.4000000000001,swap,improve
1822,14,1862.5999999999997,6,636.4000000000001,2opt,acceptBad
1823,15,1904.6999999999996,6,636.4000000000001,2opt,acceptBad
1824,14,1832.6999999999996,6,636.4000000000001,move,improve
1825,14,1817.0999999999997,6,636.4000000000001,swap,improve
1826,14,1759.3999999999994,6,636.4000000000001,move,improve
1827,14,1750.5999999999995,6,636.4000000000001,move,improve
1828,14,1750.5999999999995,6,636.4000000000001,move,improve
1829,14,1791.7999999999995,6,636.4000000000001,2opt,acceptBad
1830,14,1818.1999999999994,6,636.4000000000001,swap,acceptBad
1831,14,1861.0999999999995,6,636.4000000000001,swap,acceptBad
1832,14,1909.0999999999997,6,636.4000000000001,2opt,acceptBad
1833,14,1909.0999999999997,6,636.4000000000001,move,improve
1834,14,1901.5999999999997,6,636.4000000000001,2opt,improve
1835,14,1905.2999999999997,6,636.4000000000001,swap,acceptBad
1836,14,1963.0999999999997,6,636.4000000000001,2opt,acceptBad
1837,14,1832.3999999999994,6,636.4000000000001,swap,improve
1838,14,1811.4,6,636.4000000000001,2opt,improve
1839,14,1812.3,6,636.4000000000001,swap,acceptBad
1840,14,1822.3000000000002,6,636.4000000000001,2opt,acceptBad
1841,14,1806.4000000000005,6,636.4000000000001,move,improve
1842,14,1805.5000000000005,6,636.4000000000001,move,improve
1843,14,1799.7000000000003,6,636.4000000000001,swap,improve
1844,14,1817.4000000000003,6,636.4000000000001,swap,acceptBad
1845,14,1816.8000000000002,6,636.4000000000001,swap,improve
1846,14,1841.9,6,636.4000000000001,2opt,acceptBad
1847,14,1768.1,6,636.4000000000001,move,improve
1848,14,1777.4999999999998,6,636.4000000000001,2opt,acceptBad
1849,14,1777.4999999999998,6,636.4000000000001,move,improve
1850,14,1770.8999999999996,6,636.4000000000001,move,improve
1851,14,1746.9999999999998,6,636.4000000000001,swap,improve
1852,14,1746.9999999999998,6,636.4000000000001,2opt,notBad
1853,14,1749.8,6,636.4000000000001,swap,acceptBad
1854,14,1843.1,6,636.4000000000001,swap,acceptBad
1855,14,1943.6999999999998,6,636.4000000000001,2opt,acceptBad
1856,14,1925.5999999999997,6,636.4000000000001,move,improve
1857,14,1964.7999999999993,6,636.4000000000001,swap,acceptBad
1858,14,1977.3999999999994,6,636.4000000000001,swap,acceptBad
1859,14,1947.5999999999995,6,636.4000000000001,move,improve
1860,14,1915.1999999999996,6,636.4000000000001,move,improve
1861,14,1915.3999999999996,6,636.4000000000001,swap,acceptBad
1862,14,1964.7999999999997,6,636.4000000000001,swap,acceptBad
1863,14,1955.0999999999997,6,636.4000000000001,swap,improve
1864,14,1948.6999999999996,6,636.4000000000001,swap,improve
1865,14,1970.7999999999997,6,636.4000000000001,swap,acceptBad
1866,14,1970.4999999999998,6,636.4000000000001,move,improve
1867,14,1978.9999999999998,6,636.4000000000001,swap,acceptBad
1868,14,1956.8999999999996,6,636.4000000000001,swap,improve
1869,14,1877.9999999999998,6,636.4000000000001,2opt,improve
1870,14,1880.8999999999996,6,636.4000000000001,swap,acceptBad
1871,14,1897.5999999999997,6,636.4000000000001,swap,acceptBad
1872,14,1897.5999999999997,6,636.4000000000001,2opt,improve
1873,14,1901.9,6,636.4000000000001,swap,acceptBad
1874,14,1863.4,6,636.4000000000001,2opt,improve
1875,14,1884.5999999999992,6,636.4000000000001,2opt,acceptBad
1876,14,1944.3999999999999,6,636.4000000000001,2opt,acceptBad
1877,14,1944.3999999999999,6,636.4000000000001,move,improve
1878,14,1944.3999999999999,6,636.4000000000001,2opt,notBad
1879,14,1936.7999999999997,6,636.4000000000001,2opt,improve
1880,14,1927.3999999999996,6,636.4000000000001,swap,improve
1881,14,1883.9999999999995,6,636.4000000000001,move,improve
1882,14,1843.5999999999997,6,636.4000000000001,move,improve
1883,14,1907.6999999999998,6,636.4000000000001,2opt,acceptBad
1884,14,1900.1,6,636.4000000000001,swap,improve
1885,14,1920.8000000000002,6,636.4000000000001,swap,acceptBad
1886,14,1952.1,6,636.4000000000001,2opt,acceptBad
1887,14,1892.0,6,636.4000000000001,2opt,improve
1888,14,1892.0,6,636.4000000000001,2opt,notBad
1889,15,1997.9,6,636.4000000000001,2opt,acceptBad
1890,15,2007.2,6,636.4000000000001,swap,acceptBad
1891,16,2075.8,6,636.4000000000001,2opt,acceptBad
1892,16,2108.8,6,636.4000000000001,2opt,acceptBad
1893,16,2190.499999999999,6,636.4000000000001,2opt,acceptBad
1894,16,2106.5999999999995,6,636.4000000000001,move,improve
1895,16,2101.1999999999994,6,636.4000000000001,move,improve
1896,16,2098.9999999999995,6,636.4000000000001,swap,improve
1897,16,2098.9999999999995,6,636.4000000000001,2opt,notBad
1898,16,2100.7,6,636.4000000000001,swap,acceptBad
1899,16,2096.8999999999996,6,636.4000000000001,move,improve
1900,16,2007.7999999999997,6,636.4000000000001,move,improve
1901,16,1941.5999999999997,6,636.4000000000001,swap,improve
1902,15,1841.4999999999998,6,636.4000000000001,2opt,improve
1903,15,1841.4999999999998,6,636.4000000000001,2opt,notBad
1904,15,1880.6999999999996,6,636.4000000000001,swap,acceptBad
1905,15,1876.6,6,636.4000000000001,2opt,improve
1906,15,1923.1999999999998,6,636.4000000000001,2opt,acceptBad
1907,14,1819.4999999999995,6,636.4000000000001,2opt,improve
1908,14,1777.6,6,636.4000000000001,2opt,improve
1909,14,1777.4999999999998,6,636.4000000000001,2opt,improve
1910,14,1775.4999999999998,6,636.4000000000001,move,improve
1911,14,1781.5999999999995,6,636.4000000000001,swap,acceptBad
1912,14,1777.8999999999996,6,636.4000000000001,swap,improve
1913,14,1771.6999999999996,6,636.4000000000001,move,improve
1914,14,1753.5999999999997,6,636.4000000000001,move,improve
1915,14,1794.1999999999998,6,636.4000000000001,2opt,acceptBad
1916,14,1794.1999999999998,6,636.4000000000001,move,improve
1917,14,1793.6,6,636.4000000000001,move,improve
1918,14,1793.6,6,636.4000000000001,2opt,notBad
1919,14,1793.8,6,636.4000000000001,2opt,acceptBad
1920,13,1734.8,6,636.4000000000001,2opt,improve
1921,13,1665.3999999999999,6,636.4000000000001,move,improve
1922,13,1664.6999999999996,6,636.4000000000001,2opt,improve
1923,13,1592.5999999999997,6,636.4000000000001,move,improve
1924,13,1602.3999999999996,6,636.4000000000001,swap,acceptBad
1925,13,1563.1999999999998,6,636.4000000000001,move,improve
1926,13,1576.7999999999997,6,636.4000000000001,swap,acceptBad
1927,13,1588.9999999999998,6,636.4000000000001,swap,acceptBad
1928,13,1589.5999999999997,6,636.4000000000001,2opt,acceptBad
1929,13,1578.5999999999997,6,636.4000000000001,move,improve
1930,13,1586.9999999999998,6,636.4000000000001,swap,acceptBad
1931,13,1523.0999999999997,6,636.4000000000001,move,improve
1932,13,1514.7999999999997,6,636.4000000000001,move,improve
1933,13,1514.7999999999997,6,636.4000000000001,2opt,notBad
1934,13,1515.2999999999997,6,636.4000000000001,swap,acceptBad
1935,13,1604.8,6,636.4000000000001,swap,acceptBad
1936,13,1604.8,6,636.4000000000001,2opt,notBad
1937,13,1596.9999999999998,6,636.4000000000001,move,improve
1938,13,1595.6,6,636.4000000000001,move,improve
1939,13,1664.4,6,636.4000000000001,swap,acceptBad
1940,13,1669.6,6,636.4000000000001,swap,acceptBad
1941,13,1617.4999999999998,6,636.4000000000001,2opt,improve
1942,13,1634.2999999999997,6,636.4000000000001,swap,acceptBad
1943,13,1624.2999999999997,6,636.4000000000001,move,improve
1944,13,1619.9,6,636.4000000000001,2opt,improve
1945,13,1619.3,6,636.4000000000001,move,improve
1946,13,1666.6,6,636.4000000000001,swap,acceptBad
1947,13,1666.6,6,636.4000000000001,2opt,notBad
1948,13,1662.9999999999998,6,636.4000000000001,move,improve
1949,13,1701.8999999999996,6,636.4000000000001,2opt,acceptBad
1950,13,1703.3999999999996,6,636.4000000000001,2opt,acceptBad
1951,13,1703.3999999999996,6,636.4000000000001,2opt,improve
1952,13,1703.3999999999996,6,636.4000000000001,swap,improve
1953,13,1693.6999999999996,6,636.4000000000001,move,improve
1954,13,1683.6999999999994,6,636.4000000000001,2opt,improve
1955,13,1742.8999999999994,6,636.4000000000001,swap,acceptBad
1956,13,1742.8999999999994,6,636.4000000000001,move,improve
1957,13,1750.4999999999995,6,636.4000000000001,swap,acceptBad
1958,13,1746.1999999999996,6,636.4000000000001,swap,improve
1959,13,1681.4999999999995,6,636.4000000000001,move,improve
1960,13,1691.6999999999994,6,636.4000000000001,swap,acceptBad
1961,13,1692.4999999999993,6,636.4000000000001,swap,acceptBad
1962,13,1692.4999999999993,6,636.4000000000001,move,improve
1963,13,1755.499999999999,6,636.4000000000001,swap,acceptBad
1964,13,1759.1999999999996,6,636.4000000000001,2opt,acceptBad
1965,13,1723.4999999999995,6,636.4000000000001,move,improve
1966,13,1723.4999999999995,6,636.4000000000001,move,improve
1967,13,1734.4999999999995,6,636.4000000000001,swap,acceptBad
1968,13,1730.1999999999996,6,636.4000000000001,swap,improve
1969,13,1652.0999999999995,6,636.4000000000001,swap,improve
1970,13,1787.5999999999995,6,636.4000000000001,swap,acceptBad
1971,13,1787.5999999999995,6,636.4000000000001,move,improve
1972,13,1787.1999999999996,6,636.4000000000001,swap,improve
1973,13,1823.0999999999995,6,636.4000000000001,2opt,acceptBad
1974,13,1828.9999999999993,6,636.4000000000001,swap,acceptBad
1975,13,1778.4999999999993,6,636.4000000000001,move,improve
1976,13,1775.1999999999994,6,636.4000000000001,swap,improve
1977,13,1775.1999999999994,6,636.4000000000001,2opt,notBad
1978,13,1824.7999999999997,6,636.4000000000001,2opt,acceptBad
1979,13,1786.4999999999995,6,636.4000000000001,move,improve
1980,13,1793.2999999999995,6,636.4000000000001,swap,acceptBad
1981,13,1657.7999999999997,6,636.4000000000001,swap,improve
1982,13,1621.7999999999993,6,636.4000000000001,2opt,improve
1983,13,1662.6999999999996,6,636.4000000000001,swap,acceptBad
1984,13,1663.2999999999995,6,636.4000000000001,2opt,acceptBad
1985,13,1663.2999999999995,6,636.4000000000001,2opt,notBad
1986,12,1589.8999999999996,6,636.4000000000001,move,improve
1987,12,1585.0999999999997,6,636.4000000000001,move,improve
1988,12,1585.0999999999997,6,636.4000000000001,2opt,improve
1989,12,1596.9999999999998,6,636.4000000000001,swap,acceptBad
1990,12,1533.5999999999997,6,636.4000000000001,move,improve
1991,12,1533.5999999999997,6,636.4000000000001,2opt,notBad
1992,12,1527.5999999999997,6,636.4000000000001,move,improve
1993,12,1516.2999999999995,6,636.4000000000001,move,improve
1994,12,1516.2999999999995,6,636.4000000000001,2opt,notBad
1995,12,1597.2999999999997,6,636.4000000000001,swap,acceptBad
1996,12,1593.7999999999995,6,636.4000000000001,move,improve
1997,12,1599.4999999999995,6,636.4000000000001,swap,acceptBad
1998,12,1601.499999999999,6,636.4000000000001,2opt,acceptBad
1999,12,1589.3999999999992,6,636.4000000000001,swap,improve
2000,12,1581.799999999999,6,636.4000000000001,move,improve
2001,12,1578.299999999999,6,636.4000000000001,move,improve
2002,12,1622.8999999999994,6,636.4000000000001,2opt,acceptBad
2003,12,1621.6999999999996,6,636.4000000000001,swap,improve
2004,12,1689.6999999999994,6,636.4000000000001,swap,acceptBad
2005,12,1628.4999999999993,6,636.4000000000001,swap,improve
2006,12,1624.4999999999993,6,636.4000000000001,move,improve
2007,12,1566.1999999999994,6,636.4000000000001,move,improve
2008,12,1604.5999999999995,6,636.4000000000001,swap,acceptBad
2009,12,1602.5999999999995,6,636.4000000000001,move,improve
2010,12,1602.5999999999995,6,636.4000000000001,2opt,improve
2011,12,1662.7999999999993,6,636.4000000000001,swap,acceptBad
2012,12,1662.7999999999993,6,636.4000000000001,2opt,improve
2013,12,1662.7999999999993,6,636.4000000000001,2opt,notBad
2014,12,1652.2999999999993,6,636.4000000000001,move,improve
2015,12,1662.6999999999991,6,636.4000000000001,2opt,acceptBad
2016,12,1627.299999999999,6,636.4000000000001,move,improve
2017,12,1661.8999999999992,6,636.4000000000001,2opt,acceptBad
2018,12,1661.8999999999992,6,636.4000000000001,2opt,notBad
2019,12,1661.8999999999992,6,636.4000000000001,move,improve
2020,12,1669.9999999999993,6,636.4000000000001,swap,acceptBad
2021,12,1669.9999999999993,6,636.4000000000001,2opt,improve
2022,12,1669.9999999999993,6,636.4000000000001,2opt,notBad
2023,12,1632.8999999999994,6,636.4000000000001,2opt,improve
2024,12,1632.8999999999994,6,636.4000000000001,2opt,improve
2025,12,1681.3999999999992,6,636.4000000000001,swap,acceptBad
2026,12,1681.3999999999992,6,636.4000000000001,2opt,notBad
2027,12,1682.599999999999,6,636.4000000000001,2opt,acceptBad
2028,12,1682.599999999999,6,636.4000000000001,2opt,notBad
2029,12,1682.599999999999,6,636.4000000000001,2opt,notBad
2030,12,1658.999999999999,6,636.4000000000001,2opt,improve
2031,12,1587.5999999999992,6,636.4000000000001,move,improve
2032,12,1592.2999999999993,6,636.4000000000001,swap,acceptBad
2033,12,1600.0999999999992,6,636.4000000000001,swap,acceptBad
2034,12,1600.0999999999992,6,636.4000000000001,2opt,notBad
2035,12,1603.5999999999992,6,636.4000000000001,swap,acceptBad
2036,13,1658.1999999999991,6,636.4000000000001,2opt,acceptBad
2037,13,1658.1999999999991,6,636.4000000000001,2opt,notBad
2038,13,1657.0999999999992,6,636.4000000000001,swap,improve
2039,13,1648.0999999999992,6,636.4000000000001,2opt,improve
2040,13,1648.0999999999992,6,636.4000000000001,2opt,notBad
2041,13,1646.4999999999995,6,636.4000000000001,swap,improve
2042,13,1662.3999999999992,6,636.4000000000001,swap,acceptBad
2043,13,1662.3999999999992,6,636.4000000000001,move,improve
2044,13,1666.1999999999994,6,636.4000000000001,swap,acceptBad
2045,13,1674.6999999999994,6,636.4000000000001,swap,acceptBad
2046,13,1668.0999999999995,6,636.4000000000001,move,improve
2047,13,1670.4999999999995,6,636.4000000000001,swap,acceptBad
2048,13,1638.6999999999994,6,636.4000000000001,move,improve
2049,13,1631.2999999999995,6,636.4000000000001,swap,improve
2050,13,1631.0999999999995,6,636.4000000000001,move,improve
2051,13,1637.0999999999995,6,636.4000000000001,swap,acceptBad
2052,13,1637.0999999999995,6,636.4000000000001,2opt,notBad
2053,13,1632.0999999999995,6,636.4000000000001,move,improve
2054,13,1656.8999999999996,6,636.4000000000001,swap,acceptBad
2055,13,1652.9999999999995,6,636.4000000000001,move,improve
2056,12,1573.1999999999996,6,636.4000000000001,2opt,improve
2057,12,1569.4999999999993,6,636.4000000000001,move,improve
2058,12,1569.4999999999993,6,636.4000000000001,move,improve
2059,12,1569.4999999999993,6,636.4000000000001,2opt,notBad
2060,12,1567.4999999999993,6,636.4000000000001,swap,improve
2061,12,1571.1999999999996,6,636.4000000000001,swap,acceptBad
2062,12,1571.1999999999996,6,636.4000000000001,2opt,notBad
2063,12,1564.9999999999993,6,636.4000000000001,move,improve
2064,12,1555.9999999999993,6,636.4000000000001,move,improve
2065,12,1555.9999999999993,6,636.4000000000001,2opt,notBad
2066,12,1573.3999999999996,6,636.4000000000001,swap,acceptBad
2067,12,1570.3999999999996,6,636.4000000000001,2opt,improve
2068,12,1570.3999999999996,6,636.4000000000001,move,improve
2069,12,1570.3999999999996,6,636.4000000000001,move,improve
2070,12,1568.8999999999994,6,636.4000000000001,2opt,improve
2071,12,1515.8999999999996,6,636.4000000000001,move,improve
2072,12,1512.5999999999995,6,636.4000000000001,move,improve
2073,12,1509.2999999999995,6,636.4000000000001,swap,improve
2074,12,1542.0999999999995,6,636.4000000000001,swap,acceptBad
2075,12,1542.3999999999999,6,636.4000000000001,2opt,acceptBad
2076,12,1542.3999999999999,6,636.4000000000001,2opt,notBad
2077,12,1571.8999999999999,6,636.4000000000001,2opt,acceptBad
2078,12,1569.6999999999998,6,636.4000000000001,swap,improve
2079,12,1580.1,6,636.4000000000001,2opt,acceptBad
2080,12,1580.1,6,636.4000000000001,2opt,notBad
2081,12,1583.4999999999998,6,636.4000000000001,2opt,acceptBad
2082,12,1633.6999999999996,6,636.4000000000001,2opt,acceptBad
2083,12,1641.0999999999997,6,636.4000000000001,swap,acceptBad
2084,13,1709.1999999999996,6,636.4000000000001,2opt,acceptBad
2085,13,1709.1999999999996,6,636.4000000000001,2opt,notBad
2086,13,1705.8999999999996,6,636.4000000000001,2opt,improve
2087,14,1773.2999999999997,6,636.4000000000001,2opt,acceptBad
2088,14,1801.3999999999996,6,636.4000000000001,swap,acceptBad
2089,14,1831.0999999999995,6,636.4000000000001,2opt,acceptBad
2090,14,1834.2999999999997,6,636.4000000000001,swap,acceptBad
2091,14,1823.7999999999997,6,636.4000000000001,move,improve
2092,14,1823.0999999999997,6,636.4000000000001,move,improve
2093,14,1823.0999999999997,6,636.4000000000001,move,improve
2094,14,1824.1,6,636.4000000000001,2opt,acceptBad
2095,14,1767.7,6,636.4000000000001,move,improve
2096,14,1765.8,6,636.4000000000001,swap,improve
2097,14,1762.8000000000002,6,636.4000000000001,move,improve
2098,14,1762.8000000000002,6,636.4000000000001,2opt,notBad
2099,14,1763.1000000000001,6,636.4000000000001,swap,acceptBad
2100,14,1764.7,6,636.4000000000001,swap,acceptBad
2101,14,1696.5,6,636.4000000000001,2opt,improve
2102,14,1669.2999999999997,6,636.4000000000001,swap,improve
2103,14,1688.1,6,636.4000000000001,swap,acceptBad
2104,14,1688.1,6,636.4000000000001,2opt,improve
2105,14,1757.0,6,636.4000000000001,swap,acceptBad
2106,14,1725.7,6,636.4000000000001,move,improve
2107,14,1726.5,6,636.4000000000001,swap,acceptBad
2108,14,1726.5,6,636.4000000000001,2opt,notBad
2109,14,1756.8999999999999,6,636.4000000000001,swap,acceptBad
2110,14,1745.8999999999999,6,636.4000000000001,move,improve
2111,14,1710.2000000000003,6,636.4000000000001,swap,improve
2112,14,1710.2000000000003,6,636.4000000000001,2opt,notBad
2113,14,1710.2000000000003,6,636.4000000000001,move,improve
2114,14,1718.8000000000004,6,636.4000000000001,2opt,acceptBad
2115,14,1718.8000000000004,6,636.4000000000001,move,improve
2116,14,1772.2000000000003,6,636.4000000000001,swap,acceptBad
2117,14,1703.1000000000001,6,636.4000000000001,move,improve
2118,14,1779.8,6,636.4000000000001,swap,acceptBad
2119,14,1783.6999999999998,6,636.4000000000001,swap,acceptBad
2120,14,1783.6,6,636.4000000000001,move,improve
2121,14,1781.3999999999999,6,636.4000000000001,swap,improve
2122,14,1781.3999999999999,6,636.4000000000001,2opt,notBad
2123,14,1781.3999999999999,6,636.4000000000001,2opt,notBad
2124,14,1761.8999999999999,6,636.4000000000001,2opt,improve
2125,14,1761.2999999999997,6,636.4000000000001,move,improve
2126,14,1772.2999999999995,6,636.4000000000001,2opt,acceptBad
2127,14,1772.2999999999995,6,636.4000000000001,2opt,notBad
2128,14,1838.8999999999996,6,636.4000000000001,swap,acceptBad
2129,14,1838.8999999999996,6,636.4000000000001,2opt,notBad
2130,14,1800.0999999999997,6,636.4000000000001,2opt,improve
2131,14,1794.1,6,636.4000000000001,move,improve
2132,14,1794.1,6,636.4000000000001,move,improve
2133,15,1799.8999999999999,6,636.4000000000001,2opt,acceptBad
2134,15,1806.6999999999998,6,636.4000000000001,swap,acceptBad
2135,15,1748.9999999999995,6,636.4000000000001,move,improve
2136,15,1744.1999999999994,6,636.4000000000001,2opt,improve
2137,15,1746.5999999999997,6,636.4000000000001,swap,acceptBad
2138,15,1746.5999999999997,6,636.4000000000001,move,improve
2139,15,1746.5999999999997,6,636.4000000000001,2opt,improve
2140,15,1742.9999999999995,6,636.4000000000001,move,improve
2141,15,1742.2999999999995,6,636.4000000000001,move,improve
2142,15,1742.2999999999995,6,636.4000000000001,move,improve
2143,15,1742.2999999999995,6,636.4000000000001,2opt,notBad
2144,15,1741.4999999999995,6,636.4000000000001,move,improve
2145,15,1732.8999999999996,6,636.4000000000001,swap,improve
2146,15,1732.8999999999996,6,636.4000000000001,2opt,notBad
2147,15,1730.3999999999996,6,636.4000000000001,move,improve
2148,15,1685.1,6,636.4000000000001,move,improve
2149,15,1695.2,6,636.4000000000001,swap,acceptBad
2150,15,1688.4,6,636.4000000000001,swap,improve
2151,14,1617.9,6,636.4000000000001,move,improve
2152,14,1686.7,6,636.4000000000001,swap,acceptBad
2153,14,1695.3999999999999,6,636.4000000000001,2opt,acceptBad
2154,14,1695.3999999999999,6,636.4000000000001,2opt,notBad
2155,14,1695.3999999999999,6,636.4000000000001,move,improve
2156,14,1701.3999999999999,6,636.4000000000001,swap,acceptBad
2157,14,1708.8999999999999,6,636.4000000000001,2opt,acceptBad
2158,14,1708.8999999999999,6,636.4000000000001,move,improve
2159,14,1708.8999999999999,6,636.4000000000001,2opt,notBad
2160,14,1708.8999999999999,6,636.4000000000001,2opt,notBad
2161,14,1708.8,6,636.4000000000001,move,improve
2162,14,1703.2,6,636.4000000000001,move,improve
2163,13,1662.0999999999997,6,636.4000000000001,2opt,improve
2164,13,1655.9999999999998,6,636.4000000000001,swap,improve
2165,13,1654.9999999999998,6,636.4000000000001,move,improve
2166,13,1653.8,6,636.4000000000001,swap,improve
2167,13,1653.8,6,636.4000000000001,2opt,improve
2168,13,1620.7999999999997,6,636.4000000000001,2opt,improve
2169,13,1620.7999999999997,6,636.4000000000001,2opt,notBad
2170,13,1618.6999999999998,6,636.4000000000001,move,improve
2171,13,1592.8999999999999,6,636.4000000000001,move,improve
2172,13,1601.3,6,636.4000000000001,2opt,acceptBad
2173,13,1594.1999999999998,6,636.4000000000001,2opt,improve
2174,13,1656.5,6,636.4000000000001,swap,acceptBad
2175,13,1651.9,6,636.4000000000001,swap,improve
2176,13,1738.4,6,636.4000000000001,swap,acceptBad
2177,13,1738.7999999999995,6,636.4000000000001,2opt,acceptBad
2178,13,1697.2999999999997,6,636.4000000000001,move,improve
2179,13,1694.2999999999997,6,636.4000000000001,move,improve
2180,13,1762.3000000000002,6,636.4000000000001,2opt,acceptBad
2181,13,1761.9,6,636.4000000000001,2opt,improve
2182,13,1783.2000000000003,6,636.4000000000001,swap,acceptBad
2183,13,1775.3000000000002,6,636.4000000000001,move,improve
2184,13,1775.2,6,636.4000000000001,move,improve
2185,13,1781.2,6,636.4000000000001,swap,acceptBad
2186,13,1781.2,6,636.4000000000001,move,improve
2187,13,1794.9,6,636.4000000000001,swap,acceptBad
2188,13,1827.6000000000001,6,636.4000000000001,swap,acceptBad
2189,13,1827.6000000000001,6,636.4000000000001,2opt,improve
2190,13,1783.8999999999999,6,636.4000000000001,move,improve
2191,13,1783.8999999999999,6,636.4000000000001,2opt,improve
2192,13,1781.6,6,636.4000000000001,2opt,improve
2193,13,1781.6,6,636.4000000000001,2opt,notBad
2194,13,1781.6,6,636.4000000000001,2opt,notBad
2195,13,1769.6999999999998,6,636.4000000000001,move,improve
2196,13,1769.6999999999998,6,636.4000000000001,2opt,improve
2197,13,1837.3999999999999,6,636.4000000000001,swap,acceptBad
2198,13,1780.0,6,636.4000000000001,swap,improve
2199,13,1778.1,6,636.4000000000001,move,improve
2200,13,1728.6,6,636.4000000000001,move,improve
2201,13,1728.6,6,636.4000000000001,swap,improve
2202,13,1727.5,6,636.4000000000001,swap,improve
2203,13,1712.7,6,636.4000000000001,move,improve
2204,13,1712.7,6,636.4000000000001,2opt,notBad
2205,13,1708.1,6,636.4000000000001,move,improve
2206,13,1699.9999999999998,6,636.4000000000001,swap,improve
2207,13,1699.9999999999998,6,636.4000000000001,2opt,notBad
2208,13,1709.3999999999999,6,636.4000000000001,swap,acceptBad
2209,13,1709.3999999999999,6,636.4000000000001,2opt,notBad
2210,13,1667.8999999999999,6,636.4000000000001,move,improve
2211,13,1651.3999999999999,6,636.4000000000001,2opt,improve
2212,13,1653.7999999999997,6,636.4000000000001,swap,acceptBad
2213,13,1653.2999999999997,6,636.4000000000001,move,improve
2214,13,1653.2999999999997,6,636.4000000000001,2opt,notBad
2215,13,1655.2999999999995,6,636.4000000000001,2opt,acceptBad
2216,13,1655.2999999999995,6,636.4000000000001,2opt,notBad
2217,13,1652.9999999999995,6,636.4000000000001,move,improve
2218,13,1654.6999999999998,6,636.4000000000001,2opt,acceptBad
2219,13,1654.6999999999998,6,636.4000000000001,move,improve
2220,13,1654.6999999999998,6,636.4000000000001,2opt,notBad
2221,13,1620.4999999999993,6,636.4000000000001,2opt,improve
2222,13,1621.0999999999995,6,636.4000000000001,swap,acceptBad
2223,13,1621.0999999999995,6,636.4000000000001,2opt,notBad
2224,13,1621.0999999999995,6,636.4000000000001,2opt,improve
2225,13,1711.1999999999996,6,636.4000000000001,swap,acceptBad
2226,13,1674.9999999999995,6,636.4000000000001,move,improve
2227,13,1674.9999999999995,6,636.4000000000001,move,improve
2228,13,1675.2999999999997,6,636.4000000000001,swap,acceptBad
2229,14,1674.0999999999995,6,636.4000000000001,2opt,improve
2230,14,1676.8999999999994,6,636.4000000000001,swap,acceptBad
2231,14,1666.9999999999993,6,636.4000000000001,move,improve
2232,14,1666.3999999999992,6,636.4000000000001,move,improve
2233,14,1666.7999999999993,6,636.4000000000001,swap,acceptBad
2234,14,1666.7999999999993,6,636.4000000000001,move,improve
2235,14,1666.5999999999995,6,636.4000000000001,move,improve
2236,14,1666.5999999999995,6,636.4000000000001,move,improve
2237,14,1666.5999999999995,6,636.4000000000001,2opt,notBad
2238,14,1665.7999999999995,6,636.4000000000001,move,improve
2239,14,1665.7999999999995,6,636.4000000000001,2opt,notBad
2240,14,1665.7999999999995,6,636.4000000000001,2opt,notBad
2241,14,1709.9999999999993,6,636.4000000000001,swap,acceptBad
2242,14,1709.9999999999993,6,636.4000000000001,move,improve
2243,14,1698.2999999999993,6,636.4000000000001,move,improve
2244,14,1712.799999999999,6,636.4000000000001,swap,acceptBad
2245,14,1707.0999999999992,6,636.4000000000001,swap,improve
2246,14,1683.1999999999996,6,636.4000000000001,2opt,improve
2247,14,1690.1999999999994,6,636.4000000000001,swap,acceptBad
2248,14,1738.5999999999995,6,636.4000000000001,swap,acceptBad
2249,14,1741.8,6,636.4000000000001,2opt,acceptBad
2250,14,1706.8999999999999,6,636.4000000000001,move,improve
2251,14,1698.1,6,636.4000000000001,swap,improve
2252,14,1638.9999999999998,6,636.4000000000001,2opt,improve
2253,14,1638.9999999999998,6,636.4000000000001,move,improve
2254,14,1642.5,6,636.4000000000001,swap,acceptBad
2255,14,1642.5,6,636.4000000000001,2opt,notBad
2256,14,1630.6,6,636.4000000000001,move,improve
2257,14,1635.3,6,636.4000000000001,swap,acceptBad
2258,14,1643.6999999999998,6,636.4000000000001,swap,acceptBad
2259,14,1648.3,6,636.4000000000001,swap,acceptBad
2260,14,1645.8999999999999,6,636.4000000000001,move,improve
2261,14,1710.8,6,636.4000000000001,swap,acceptBad
2262,14,1710.8,6,636.4000000000001,swap,notBad
2263,14,1698.6999999999998,6,636.4000000000001,move,improve
2264,14,1695.1,6,636.4000000000001,swap,improve
2265,14,1668.9999999999995,6,636.4000000000001,2opt,improve
2266,14,1662.8999999999996,6,636.4000000000001,move,improve
2267,14,1673.7999999999997,6,636.4000000000001,swap,acceptBad
2268,14,1689.9999999999998,6,636.4000000000001,swap,acceptBad
2269,14,1727.7,6,636.4000000000001,swap,acceptBad
2270,14,1725.5,6,636.4000000000001,swap,improve
2271,14,1725.5,6,636.4000000000001,swap,notBad
2272,14,1725.5,6,636.4000000000001,move,improve
2273,14,1811.3,6,636.4000000000001,swap,acceptBad
2274,14,1807.8999999999999,6,636.4000000000001,move,improve
2275,14,1810.8999999999996,6,636.4000000000001,swap,acceptBad
2276,14,1808.9999999999995,6,636.4000000000001,move,improve
2277,14,1772.9999999999995,6,636.4000000000001,swap,improve
2278,14,1767.4999999999998,6,636.4000000000001,2opt,improve
2279,13,1709.8,6,636.4000000000001,2opt,improve
2280,13,1709.1,6,636.4000000000001,move,improve
2281,13,1709.1,6,636.4000000000001,move,improve
2282,13,1709.1,6,636.4000000000001,2opt,improve
2283,13,1666.9999999999998,6,636.4000000000001,swap,improve
2284,13,1666.9999999999998,6,636.4000000000001,move,improve
2285,13,1665.1999999999998,6,636.4000000000001,2opt,improve
2286,13,1665.1999999999998,6,636.4000000000001,move,improve
2287,13,1647.0999999999997,6,636.4000000000001,move,improve
2288,13,1639.5999999999997,6,636.4000000000001,move,improve
2289,13,1639.5999999999997,6,636.4000000000001,move,improve
2290,13,1629.7999999999997,6,636.4000000000001,move,improve
2291,13,1631.7999999999997,6,636.4000000000001,2opt,acceptBad
2292,13,1631.7999999999997,6,636.4000000000001,2opt,notBad
2293,13,1639.1999999999998,6,636.4000000000001,swap,acceptBad
2294,13,1639.1999999999998,6,636.4000000000001,2opt,notBad
2295,13,1652.0999999999997,6,636.4000000000001,swap,acceptBad
2296,13,1652.0999999999997,6,636.4000000000001,2opt,notBad
2297,13,1652.0999999999997,6,636.4000000000001,2opt,improve
2298,13,1654.6999999999996,6,636.4000000000001,2opt,acceptBad
2299,13,1654.6999999999996,6,636.4000000000001,move,improve
2300,13,1677.2999999999995,6,636.4000000000001,swap,acceptBad
2301,13,1667.6999999999996,6,636.4000000000001,swap,improve
2302,13,1667.6999999999996,6,636.4000000000001,2opt,improve
2303,13,1670.1999999999996,6,636.4000000000001,swap,acceptBad
2304,13,1659.7999999999997,6,636.4000000000001,swap,improve
2305,13,1659.7999999999997,6,636.4000000000001,2opt,notBad
2306,13,1662.8999999999996,6,636.4000000000001,swap,acceptBad
2307,13,1662.5999999999997,6,636.4000000000001,move,improve
2308,13,1675.7999999999997,6,636.4000000000001,2opt,acceptBad
2309,13,1675.7999999999997,6,636.4000000000001,2opt,improve
2310,13,1681.1999999999998,6,636.4000000000001,swap,acceptBad
2311,13,1681.1999999999998,6,636.4000000000001,move,improve
2312,13,1680.5999999999997,6,636.4000000000001,move,improve
2313,13,1628.1,6,636.4000000000001,swap,improve
2314,13,1633.7999999999997,6,636.4000000000001,swap,acceptBad
2315,13,1633.7999999999997,6,636.4000000000001,2opt,notBad
2316,13,1631.6,6,636.4000000000001,move,improve
2317,13,1635.1999999999998,6,636.4000000000001,swap,acceptBad
2318,13,1639.1999999999998,6,636.4000000000001,swap,acceptBad
2319,13,1639.1999999999998,6,636.4000000000001,2opt,notBad
2320,13,1647.8999999999996,6,636.4000000000001,swap,acceptBad
2321,13,1638.1,6,636.4000000000001,swap,improve
2322,13,1677.6999999999998,6,636.4000000000001,swap,acceptBad
2323,13,1670.6999999999998,6,636.4000000000001,swap,improve
2324,13,1670.6999999999998,6,636.4000000000001,2opt,notBad
2325,13,1681.0999999999997,6,636.4000000000001,swap,acceptBad
2326,13,1681.0999999999997,6,636.4000000000001,2opt,notBad
2327,13,1679.8999999999996,6,636.4000000000001,move,improve
2328,13,1682.3999999999996,6,636.4000000000001,swap,acceptBad
2329,13,1682.8999999999996,6,636.4000000000001,swap,acceptBad
2330,13,1680.7999999999995,6,636.4000000000001,move,improve
2331,13,1639.1999999999996,6,636.4000000000001,swap,improve
2332,13,1639.1999999999996,6,636.4000000000001,move,improve
2333,13,1639.0999999999997,6,636.4000000000001,move,improve
2334,13,1682.8999999999996,6,636.4000000000001,swap,acceptBad
2335,13,1682.5999999999997,6,636.4000000000001,swap,improve
2336,13,1682.5999999999997,6,636.4000000000001,2opt,notBad
2337,13,1726.6999999999998,6,636.4000000000001,swap,acceptBad
2338,13,1698.2999999999997,6,636.4000000000001,2opt,improve
2339,13,1654.3999999999996,6,636.4000000000001,move,improve
2340,13,1654.3999999999996,6,636.4000000000001,move,improve
2341,13,1654.0999999999995,6,636.4000000000001,swap,improve
2342,13,1649.4999999999995,6,636.4000000000001,move,improve
2343,13,1654.4999999999995,6,636.4000000000001,swap,acceptBad
2344,13,1654.4999999999995,6,636.4000000000001,2opt,notBad
2345,13,1654.4999999999995,6,636.4000000000001,move,improve
2346,13,1682.4999999999998,6,636.4000000000001,swap,acceptBad
2347,12,1608.1999999999998,6,636.4000000000001,move,improve
2348,12,1590.1999999999998,6,636.4000000000001,swap,improve
2349,12,1590.1999999999998,6,636.4000000000001,2opt,notBad
2350,12,1611.7999999999997,6,636.4000000000001,swap,acceptBad
2351,12,1611.8999999999999,6,636.4000000000001,swap,acceptBad
2352,12,1607.3999999999996,6,636.4000000000001,move,improve
2353,12,1616.9999999999998,6,636.4000000000001,2opt,acceptBad
2354,12,1608.1,6,636.4000000000001,move,improve
2355,12,1608.1,6,636.4000000000001,2opt,notBad
2356,12,1608.1,6,636.4000000000001,2opt,improve
2357,12,1621.1999999999998,6,636.4000000000001,swap,acceptBad
2358,12,1556.4999999999998,6,636.4000000000001,2opt,improve
2359,12,1488.5999999999995,6,636.4000000000001,2opt,improve
2360,12,1488.5999999999995,6,636.4000000000001,swap,notBad
2361,12,1521.1999999999996,6,636.4000000000001,swap,acceptBad
2362,12,1521.2999999999997,6,636.4000000000001,swap,acceptBad
2363,12,1566.5999999999997,6,636.4000000000001,swap,acceptBad
2364,12,1549.1999999999998,6,636.4000000000001,move,improve
2365,12,1549.1999999999998,6,636.4000000000001,2opt,notBad
2366,12,1545.5999999999997,6,636.4000000000001,swap,improve
2367,12,1545.1999999999998,6,636.4000000000001,move,improve
2368,12,1545.1999999999998,6,636.4000000000001,2opt,notBad
2369,12,1536.2999999999997,6,636.4000000000001,swap,improve
2370,12,1534.9999999999998,6,636.4000000000001,move,improve
2371,12,1522.0999999999997,6,636.4000000000001,move,improve
2372,12,1522.0999999999997,6,636.4000000000001,move,improve
2373,11,1452.3999999999999,6,636.4000000000001,move,improve
2374,11,1445.4999999999998,6,636.4000000000001,move,improve
2375,11,1441.5999999999997,6,636.4000000000001,move,improve
2376,11,1447.0000000000002,6,636.4000000000001,2opt,acceptBad
2377,11,1442.8000000000002,6,636.4000000000001,swap,improve
2378,11,1442.8000000000002,6,636.4000000000001,2opt,improve
2379,11,1442.8000000000002,6,636.4000000000001,move,improve
2380,11,1425.0000000000002,6,636.4000000000001,move,improve
2381,11,1423.9000000000003,6,636.4000000000001,2opt,improve
2382,11,1460.2000000000003,6,636.4000000000001,swap,acceptBad
2383,11,1464.0000000000005,6,636.4000000000001,swap,acceptBad
2384,11,1464.0000000000005,6,636.4000000000001,2opt,notBad
2385,11,1464.0000000000005,6,636.4000000000001,2opt,notBad
2386,11,1459.0000000000002,6,636.4000000000001,swap,improve
2387,11,1459.2000000000003,6,636.4000000000001,swap,acceptBad
2388,11,1459.2000000000003,6,636.4000000000001,move,improve
2389,11,1455.4,6,636.4000000000001,move,improve
2390,11,1451.8000000000002,6,636.4000000000001,move,improve
2391,11,1479.4,6,636.4000000000001,swap,acceptBad
2392,11,1479.4,6,636.4000000000001,2opt,notBad
2393,11,1471.7,6,636.4000000000001,swap,improve
2394,11,1461.3,6,636.4000000000001,move,improve
2395,11,1458.1000000000001,6,636.4000000000001,move,improve
2396,11,1457.3,6,636.4000000000001,swap,improve
2397,11,1389.3,6,636.4000000000001,move,improve
2398,11,1379.5,6,636.4000000000001,move,improve
2399,11,1379.5,6,636.4000000000001,2opt,notBad
2400,11,1379.5,6,636.4000000000001,2opt,notBad
2401,11,1369.6999999999998,6,636.4000000000001,move,improve
2402,11,1358.1,6,636.4000000000001,move,improve
2403,11,1288.8,6,636.4000000000001,move,improve
2404,11,1283.2,6,636.4000000000001,swap,improve
2405,11,1283.2,6,636.4000000000001,swap,notBad
2406,11,1282.8,6,636.4000000000001,move,improve
2407,11,1292.0999999999997,6,636.4000000000001,swap,acceptBad
2408,11,1292.0999999999997,6,636.4000000000001,2opt,notBad
2409,11,1292.0999999999997,6,636.4000000000001,2opt,notBad
2410,11,1307.6999999999998,6,636.4000000000001,2opt,acceptBad
2411,11,1298.3999999999999,6,636.4000000000001,move,improve
2412,11,1224.6,6,636.4000000000001,move,improve
2413,11,1229.7999999999997,6,636.4000000000001,2opt,acceptBad
2414,11,1227.7999999999997,6,636.4000000000001,move,improve
2415,11,1229.2,6,636.4000000000001,2opt,acceptBad
2416,11,1229.2,6,636.4000000000001,move,improve
2417,11,1229.0,6,636.4000000000001,swap,improve
2418,11,1229.0,6,636.4000000000001,move,improve
2419,11,1229.0,6,636.4000000000001,2opt,notBad
2420,11,1226.6,6,636.4000000000001,swap,improve
2421,11,1212.9,6,636.4000000000001,move,improve
2422,11,1226.1,6,636.4000000000001,swap,acceptBad
2423,11,1248.4,6,636.4000000000001,swap,acceptBad
2424,11,1242.0,6,636.4000000000001,swap,improve
2425,10,1175.3000000000002,6,636.4000000000001,move,improve
2426,10,1176.2,6,636.4000000000001,2opt,acceptBad
2427,10,1174.6000000000001,6,636.4000000000001,swap,improve
2428,10,1174.6000000000001,6,636.4000000000001,2opt,improve
2429,10,1175.4,6,636.4000000000001,swap,acceptBad
2430,10,1175.4,6,636.4000000000001,2opt,notBad
2431,10,1182.0,6,636.4000000000001,swap,acceptBad
2432,10,1184.0,6,636.4000000000001,swap,acceptBad
2433,10,1182.1000000000001,6,636.4000000000001,move,improve
2434,10,1192.9,6,636.4000000000001,swap,acceptBad
2435,10,1202.0,6,636.4000000000001,swap,acceptBad
2436,10,1202.0,6,636.4000000000001,2opt,improve
2437,10,1198.1,6,636.4000000000001,move,improve
2438,10,1198.1,6,636.4000000000001,swap,improve
2439,10,1198.1,6,636.4000000000001,move,improve
2440,10,1198.1,6,636.4000000000001,move,improve
2441,10,1198.1,6,636.4000000000001,2opt,improve
2442,10,1197.2,6,636.4000000000001,move,improve
2443,10,1197.2,6,636.4000000000001,2opt,improve
2444,10,1197.2,6,636.4000000000001,swap,notBad
2445,10,1197.2,6,636.4000000000001,2opt,notBad
2446,10,1197.2,6,636.4000000000001,2opt,notBad
2447,10,1197.2,6,636.4000000000001,2opt,notBad
2448,10,1197.4,6,636.4000000000001,move,acceptBad
2449,10,1195.6,6,636.4000000000001,move,improve
2450,10,1199.1999999999996,6,636.4000000000001,2opt,acceptBad
2451,10,1194.4999999999998,6,636.4000000000001,move,improve
2452,10,1194.4999999999998,6,636.4000000000001,2opt,notBad
2453,10,1194.4999999999998,6,636.4000000000001,2opt,improve
2454,10,1190.6999999999996,6,636.4000000000001,swap,improve
2455,10,1194.7999999999997,6,636.4000000000001,swap,acceptBad
2456,10,1208.9999999999998,6,636.4000000000001,swap,acceptBad
2457,10,1208.9999999999998,6,636.4000000000001,move,improve
2458,10,1208.9999999999998,6,636.4000000000001,swap,notBad
2459,10,1208.9999999999998,6,636.4000000000001,move,improve
2460,10,1219.6,6,636.4000000000001,swap,acceptBad
2461,10,1216.2999999999997,6,636.4000000000001,move,improve
2462,10,1228.0999999999997,6,636.4000000000001,swap,acceptBad
2463,10,1227.5999999999997,6,636.4000000000001,swap,improve
2464,10,1217.5999999999997,6,636.4000000000001,swap,improve
2465,10,1220.1999999999998,6,636.4000000000001,2opt,acceptBad
2466,10,1220.1999999999998,6,636.4000000000001,2opt,notBad
2467,10,1220.1999999999998,6,636.4000000000001,swap,notBad
2468,10,1202.6999999999998,6,636.4000000000001,move,improve
2469,10,1222.2999999999997,6,636.4000000000001,swap,acceptBad
2470,10,1222.2999999999997,6,636.4000000000001,2opt,improve
2471,10,1222.2999999999997,6,636.4000000000001,move,improve
2472,10,1222.2999999999997,6,636.4000000000001,swap,notBad
2473,10,1222.2999999999997,6,636.4000000000001,swap,notBad
2474,10,1217.6999999999998,6,636.4000000000001,move,improve
2475,10,1217.6999999999998,6,636.4000000000001,swap,notBad
2476,10,1217.6999999999998,6,636.4000000000001,2opt,notBad
2477,10,1217.6999999999998,6,636.4000000000001,2opt,notBad
2478,10,1221.4,6,636.4000000000001,2opt,acceptBad
2479,10,1221.4,6,636.4000000000001,move,improve
2480,10,1221.4,6,636.4000000000001,2opt,notBad
2481,10,1221.4,6,636.4000000000001,2opt,improve
2482,10,1221.4,6,636.4000000000001,move,improve
2483,10,1218.0,6,636.4000000000001,move,improve
2484,10,1255.3,6,636.4000000000001,swap,acceptBad
2485,10,1255.3,6,636.4000000000001,swap,notBad
2486,10,1255.0,6,636.4000000000001,swap,improve
2487,10,1246.5,6,636.4000000000001,move,improve
2488,10,1246.5,6,636.4000000000001,2opt,improve
2489,10,1233.0,6,636.4000000000001,move,improve
2490,10,1233.0,6,636.4000000000001,move,improve
2491,10,1233.0,6,636.4000000000001,swap,notBad
2492,10,1233.0,6,636.4000000000001,swap,notBad
2493,10,1230.5,6,636.4000000000001,move,improve
2494,10,1230.5,6,636.4000000000001,2opt,notBad
2495,10,1230.9,6,636.4000000000001,swap,acceptBad
2496,10,1230.9,6,636.4000000000001,2opt,improve
2497,10,1230.9,6,636.4000000000001,2opt,notBad
2498,10,1230.9,6,636.4000000000001,2opt,notBad
2499,10,1227.1000000000001,6,636.4000000000001,swap,improve
2500,10,1237.6000000000001,6,636.4000000000001,swap,acceptBad
2501,10,1233.7,6,636.4000000000001,swap,improve
2502,10,1233.7,6,636.4000000000001,2opt,notBad
2503,10,1230.1000000000001,6,636.4000000000001,move,improve
2504,10,1230.1000000000001,6,636.4000000000001,2opt,notBad
2505,10,1227.3000000000002,6,636.4000000000001,move,improve
2506,10,1229.1,6,636.4000000000001,swap,acceptBad
2507,10,1231.8999999999999,6,636.4000000000001,swap,acceptBad
2508,10,1231.8999999999999,6,636.4000000000001,2opt,notBad
2509,10,1231.8999999999999,6,636.4000000000001,2opt,notBad
2510,10,1229.1,6,636.4000000000001,move,improve
2511,10,1229.1,6,636.4000000000001,2opt,notBad
2512,10,1229.1,6,636.4000000000001,move,improve
2513,10,1229.1,6,636.4000000000001,2opt,notBad
2514,10,1230.5,6,636.4000000000001,swap,acceptBad
2515,10,1230.5,6,636.4000000000001,2opt,notBad
2516,10,1230.5,6,636.4000000000001,2opt,improve
2517,10,1230.5,6,636.4000000000001,2opt,notBad
2518,10,1230.5,6,636.4000000000001,2opt,notBad
2519,10,1188.9,6,636.4000000000001,move,improve
2520,10,1187.1,6,636.4000000000001,move,improve
2521,10,1200.6,6,636.4000000000001,swap,acceptBad
2522,10,1200.6,6,636.4000000000001,2opt,improve
2523,10,1200.6,6,636.4000000000001,swap,notBad
2524,10,1204.1999999999998,6,636.4000000000001,swap,acceptBad
2525,10,1193.6,6,636.4000000000001,swap,improve
2526,10,1188.3,6,636.4000000000001,move,improve
2527,10,1188.1,6,636.4000000000001,move,improve
2528,10,1188.1,6,636.4000000000001,swap,notBad
2529,10,1187.6,6,636.4000000000001,swap,improve
2530,10,1187.6,6,636.4000000000001,2opt,notBad
2531,10,1196.6999999999998,6,636.4000000000001,swap,acceptBad
2532,10,1167.0999999999997,6,636.4000000000001,move,improve
2533,10,1165.4999999999998,6,636.4000000000001,move,improve
2534,10,1165.8999999999996,6,636.4000000000001,swap,acceptBad
2535,10,1160.7999999999997,6,636.4000000000001,swap,improve
2536,10,1160.7999999999997,6,636.4000000000001,2opt,notBad
2537,10,1160.7999999999997,6,636.4000000000001,2opt,notBad
2538,10,1159.8,6,636.4000000000001,move,improve
2539,10,1158.2,6,636.4000000000001,move,improve
2540,10,1158.2,6,636.4000000000001,swap,notBad
2541,10,1158.2,6,636.4000000000001,2opt,notBad
2542,10,1158.2,6,636.4000000000001,2opt,improve
2543,10,1158.2,6,636.4000000000001,swap,notBad
2544,10,1158.2,6,636.4000000000001,move,improve
2545,10,1154.3999999999999,6,636.4000000000001,move,improve
2546,10,1154.3999999999999,6,636.4000000000001,swap,notBad
2547,10,1154.3999999999999,6,636.4000000000001,2opt,notBad
2548,10,1156.4,6,636.4000000000001,swap,acceptBad
2549,10,1150.2,6,636.4000000000001,move,improve
2550,10,1162.4,6,636.4000000000001,swap,acceptBad
2551,10,1162.4,6,636.4000000000001,2opt,improve
2552,10,1160.4,6,636.4000000000001,move,improve
2553,10,1160.4,6,636.4000000000001,swap,notBad
2554,10,1149.1,6,636.4000000000001,swap,improve
2555,10,1145.9,6,636.4000000000001,move,improve
2556,10,1145.9,6,636.4000000000001,swap,notBad
2557,10,1145.9,6,636.4000000000001,2opt,notBad
2558,10,1145.9,6,636.4000000000001,move,improve
2559,10,1135.9,6,636.4000000000001,move,improve
2560,10,1131.2,6,636.4000000000001,swap,improve
2561,10,1126.3999999999999,6,636.4000000000001,move,improve
2562,10,1126.3999999999999,6,636.4000000000001,2opt,notBad
2563,10,1126.3999999999999,6,636.4000000000001,2opt,notBad
2564,10,1129.1,6,636.4000000000001,swap,acceptBad
2565,10,1129.1,6,636.4000000000001,2opt,notBad
2566,10,1129.0,6,636.4000000000001,move,improve
2567,10,1128.2,6,636.4000000000001,move,improve
2568,10,1128.2,6,636.4000000000001,2opt,notBad
2569,10,1128.2,6,636.4000000000001,swap,notBad
2570,10,1123.4,6,636.4000000000001,move,improve
2571,10,1130.9,6,636.4000000000001,2opt,acceptBad
2572,10,1130.0,6,636.4000000000001,move,improve
2573,10,1131.6,6,636.4000000000001,swap,acceptBad
2574,10,1131.3,6,636.4000000000001,move,improve
2575,10,1143.5,6,636.4000000000001,swap,acceptBad
2576,10,1143.5,6,636.4000000000001,swap,notBad
2577,10,1160.0999999999997,6,636.4000000000001,2opt,acceptBad
2578,10,1160.0999999999997,6,636.4000000000001,swap,notBad
2579,10,1160.0999999999997,6,636.4000000000001,2opt,notBad
2580,10,1165.1999999999998,6,636.4000000000001,swap,acceptBad
2581,10,1168.8999999999996,6,636.4000000000001,2opt,acceptBad
2582,10,1176.3999999999996,6,636.4000000000001,swap,acceptBad
2583,10,1175.4999999999995,6,636.4000000000001,swap,improve
2584,10,1175.4999999999995,6,636.4000000000001,2opt,notBad
2585,10,1175.4999999999995,6,636.4000000000001,2opt,notBad
2586,10,1175.4999999999995,6,636.4000000000001,2opt,notBad
2587,10,1175.4999999999995,6,636.4000000000001,move,improve
2588,10,1175.4999999999995,6,636.4000000000001,2opt,notBad
2589,10,1177.1999999999996,6,636.4000000000001,2opt,acceptBad
2590,10,1166.2999999999997,6,636.4000000000001,swap,improve
2591,10,1166.2999999999997,6,636.4000000000001,move,improve
2592,10,1172.3999999999996,6,636.4000000000001,swap,acceptBad
2593,10,1164.5999999999997,6,636.4000000000001,move,improve
2594,10,1164.5999999999997,6,636.4000000000001,swap,notBad
2595,10,1164.5999999999997,6,636.4000000000001,2opt,notBad
2596,10,1164.5999999999997,6,636.4000000000001,move,improve
2597,10,1166.7999999999997,6,636.4000000000001,2opt,acceptBad
2598,10,1181.9999999999998,6,636.4000000000001,swap,acceptBad
2599,10,1184.0999999999997,6,636.4000000000001,swap,acceptBad
2600,10,1184.0999999999997,6,636.4000000000001,move,improve
2601,10,1177.1999999999998,6,636.4000000000001,move,improve
2602,10,1177.1999999999998,6,636.4000000000001,move,improve
2603,10,1177.1999999999998,6,636.4000000000001,2opt,notBad
2604,10,1173.3999999999996,6,636.4000000000001,swap,improve
2605,10,1173.3999999999996,6,636.4000000000001,2opt,notBad
2606,10,1173.3999999999996,6,636.4000000000001,move,improve
2607,10,1171.9999999999998,6,636.4000000000001,move,improve
2608,10,1204.9999999999998,6,636.4000000000001,swap,acceptBad
2609,10,1204.9999999999998,6,636.4000000000001,2opt,notBad
2610,10,1204.9999999999998,6,636.4000000000001,swap,notBad
2611,10,1204.7,6,636.4000000000001,move,improve
2612,10,1204.7,6,636.4000000000001,2opt,notBad
2613,10,1199.0999999999997,6,636.4000000000001,swap,improve
2614,10,1199.0999999999997,6,636.4000000000001,2opt,notBad
2615,10,1199.0999999999997,6,636.4000000000001,2opt,notBad
2616,10,1199.0999999999997,6,636.4000000000001,move,improve
2617,10,1199.0999999999997,6,636.4000000000001,2opt,notBad
2618,10,1199.8999999999996,6,636.4000000000001,2opt,acceptBad
2619,10,1199.8999999999996,6,636.4000000000001,2opt,improve
2620,10,1199.8999999999996,6,636.4000000000001,swap,notBad
2621,10,1186.4999999999998,6,636.4000000000001,move,improve
2622,10,1203.8999999999996,6,636.4000000000001,swap,acceptBad
2623,10,1203.8999999999996,6,636.4000000000001,swap,notBad
2624,10,1210.1999999999996,6,636.4000000000001,2opt,acceptBad
2625,10,1204.6999999999998,6,636.4000000000001,move,improve
2626,10,1204.9999999999998,6,636.4000000000001,swap,acceptBad
2627,10,1192.3999999999996,6,636.4000000000001,swap,improve
2628,10,1194.8999999999996,6,636.4000000000001,swap,acceptBad
2629,10,1194.8999999999996,6,636.4000000000001,swap,notBad
2630,10,1194.4999999999995,6,636.4000000000001,move,improve
2631,10,1194.4999999999995,6,636.4000000000001,swap,notBad
2632,10,1204.5999999999997,6,636.4000000000001,swap,acceptBad
2633,10,1158.1999999999996,6,636.4000000000001,move,improve
2634,10,1158.1999999999996,6,636.4000000000001,move,improve
2635,10,1186.7999999999997,6,636.4000000000001,swap,acceptBad
2636,10,1181.4999999999995,6,636.4000000000001,move,improve
2637,10,1181.4999999999995,6,636.4000000000001,2opt,notBad
2638,10,1177.4999999999995,6,636.4000000000001,swap,improve
2639,10,1177.4999999999995,6,636.4000000000001,move,improve
2640,10,1175.1999999999996,6,636.4000000000001,move,improve
2641,10,1201.5999999999997,6,636.4000000000001,swap,acceptBad
2642,10,1201.5999999999997,6,636.4000000000001,2opt,improve
2643,10,1201.5999999999997,6,636.4000000000001,2opt,notBad
2644,10,1205.8999999999996,6,636.4000000000001,2opt,acceptBad
2645,10,1216.5999999999997,6,636.4000000000001,swap,acceptBad
2646,10,1217.0999999999997,6,636.4000000000001,swap,acceptBad
2647,10,1209.0999999999997,6,636.4000000000001,swap,improve
2648,10,1172.2999999999997,6,636.4000000000001,move,improve
2649,10,1183.9999999999998,6,636.4000000000001,swap,acceptBad
2650,10,1183.9999999999998,6,636.4000000000001,move,improve
2651,10,1192.6999999999998,6,636.4000000000001,swap,acceptBad
2652,10,1192.6999999999998,6,636.4000000000001,2opt,notBad
2653,10,1181.6999999999996,6,636.4000000000001,move,improve
2654,10,1181.6999999999996,6,636.4000000000001,2opt,notBad
2655,10,1173.3999999999996,6,636.4000000000001,swap,improve
2656,10,1174.2999999999997,6,636.4000000000001,swap,acceptBad
2657,10,1174.2999999999997,6,636.4000000000001,move,improve
2658,10,1174.1999999999996,6,636.4000000000001,move,improve
2659,10,1174.1999999999996,6,636.4000000000001,move,improve
2660,10,1175.7999999999997,6,636.4000000000001,swap,acceptBad
2661,10,1175.7999999999997,6,636.4000000000001,move,improve
2662,10,1175.7999999999997,6,636.4000000000001,2opt,notBad
2663,10,1175.7999999999997,6,636.4000000000001,2opt,improve
2664,10,1175.7999999999997,6,636.4000000000001,move,improve
2665,10,1175.7999999999997,6,636.4000000000001,2opt,notBad
2666,10,1170.4999999999998,6,636.4000000000001,swap,improve
2667,10,1170.4999999999998,6,636.4000000000001,move,improve
2668,10,1178.7999999999997,6,636.4000000000001,swap,acceptBad
2669,10,1177.8999999999996,6,636.4000000000001,move,improve
2670,10,1175.8999999999996,6,636.4000000000001,move,improve
2671,10,1161.8999999999996,6,636.4000000000001,move,improve
2672,10,1161.8999999999996,6,636.4000000000001,move,improve
2673,10,1159.5999999999997,6,636.4000000000001,move,improve
2674,10,1165.9999999999998,6,636.4000000000001,swap,acceptBad
2675,10,1159.6999999999996,6,636.4000000000001,2opt,improve
2676,10,1157.2999999999997,6,636.4000000000001,swap,improve
2677,10,1157.2999999999997,6,636.4000000000001,2opt,notBad
2678,10,1157.5999999999997,6,636.4000000000001,swap,acceptBad
2679,10,1165.1999999999998,6,636.4000000000001,swap,acceptBad
2680,10,1159.6999999999998,6,636.4000000000001,2opt,improve
2681,10,1159.6999999999998,6,636.4000000000001,move,improve
2682,10,1159.6999999999998,6,636.4000000000001,2opt,notBad
2683,10,1159.6999999999998,6,636.4000000000001,2opt,notBad
2684,10,1158.8,6,636.4000000000001,swap,improve
2685,10,1157.8999999999999,6,636.4000000000001,move,improve
2686,10,1161.8999999999999,6,636.4000000000001,swap,acceptBad
2687,10,1169.8,6,636.4000000000001,swap,acceptBad
2688,10,1169.8,6,636.4000000000001,swap,notBad
2689,10,1182.1,6,636.4000000000001,swap,acceptBad
2690,10,1182.1,6,636.4000000000001,2opt,notBad
2691,10,1181.2,6,636.4000000000001,move,improve
2692,10,1182.8999999999999,6,636.4000000000001,swap,acceptBad
2693,10,1179.3999999999999,6,636.4000000000001,swap,improve
2694,10,1180.8,6,636.4000000000001,swap,acceptBad
2695,10,1186.6000000000001,6,636.4000000000001,swap,acceptBad
2696,10,1185.2,6,636.4000000000001,move,improve
2697,10,1200.7,6,636.4000000000001,swap,acceptBad
2698,10,1201.7,6,636.4000000000001,swap,acceptBad
2699,10,1201.7,6,636.4000000000001,2opt,notBad
2700,10,1200.7,6,636.4000000000001,2opt,improve
2701,10,1206.8999999999999,6,636.4000000000001,2opt,acceptBad
2702,10,1201.8999999999999,6,636.4000000000001,move,improve
2703,10,1201.8999999999999,6,636.4000000000001,move,improve
2704,10,1201.7,6,636.4000000000001,move,improve
2705,10,1204.6000000000001,6,636.4000000000001,swap,acceptBad
2706,10,1211.3999999999999,6,636.4000000000001,swap,acceptBad
2707,10,1217.4,6,636.4000000000001,swap,acceptBad
2708,10,1214.3,6,636.4000000000001,swap,improve
2709,10,1214.3,6,636.4000000000001,2opt,notBad
2710,10,1214.3,6,636.4000000000001,2opt,notBad
2711,10,1210.6,6,636.4000000000001,move,improve
2712,10,1210.6,6,636.4000000000001,2opt,notBad
2713,10,1193.2999999999997,6,636.4000000000001,move,improve
2714,10,1194.9999999999998,6,636.4000000000001,swap,acceptBad
2715,10,1194.9999999999998,6,636.4000000000001,2opt,improve
2716,10,1193.6999999999998,6,636.4000000000001,move,improve
2717,10,1193.6999999999998,6,636.4000000000001,move,improve
2718,10,1193.6999999999998,6,636.4000000000001,move,improve
2719,10,1193.5999999999997,6,636.4000000000001,swap,improve
2720,10,1193.5999999999997,6,636.4000000000001,move,improve
2721,10,1196.4999999999998,6,636.4000000000001,swap,acceptBad
2722,10,1196.4999999999998,6,636.4000000000001,2opt,notBad
2723,10,1196.4999999999998,6,636.4000000000001,move,improve
2724,10,1186.1999999999998,6,636.4000000000001,move,improve
2725,9,1100.1999999999998,6,636.4000000000001,move,improve
2726,9,1091.2999999999997,6,636.4000000000001,move,improve
2727,9,1091.2999999999997,6,636.4000000000001,2opt,notBad
2728,9,1091.2999999999997,6,636.4000000000001,2opt,notBad
2729,9,1097.8999999999996,6,636.4000000000001,swap,acceptBad
2730,9,1098.8999999999996,6,636.4000000000001,swap,acceptBad
2731,9,1098.8999999999996,6,636.4000000000001,2opt,notBad
2732,9,1098.8999999999996,6,636.4000000000001,2opt,notBad
2733,9,1098.8999999999996,6,636.4000000000001,move,improve
2734,9,1090.7999999999995,6,636.4000000000001,swap,improve
2735,9,1090.5999999999997,6,636.4000000000001,move,improve
2736,9,1090.5999999999997,6,636.4000000000001,2opt,notBad
2737,9,1090.4999999999995,6,636.4000000000001,move,improve
2738,9,1109.1999999999996,6,636.4000000000001,swap,acceptBad
2739,9,1109.1999999999996,6,636.4000000000001,2opt,notBad
2740,9,1098.0999999999997,6,636.4000000000001,move,improve
2741,9,1098.0999999999997,6,636.4000000000001,swap,notBad
2742,9,1090.2999999999997,6,636.4000000000001,move,improve
2743,9,1090.2999999999997,6,636.4000000000001,2opt,notBad
2744,9,1084.8999999999999,6,636.4000000000001,swap,improve
2745,9,1084.6999999999998,6,636.4000000000001,move,improve
2746,9,1084.6999999999998,6,636.4000000000001,move,improve
2747,9,1084.6999999999998,6,636.4000000000001,2opt,notBad
2748,9,1087.8999999999999,6,636.4000000000001,swap,acceptBad
2749,9,1087.8999999999999,6,636.4000000000001,move,improve
2750,9,1087.8999999999999,6,636.4000000000001,2opt,notBad
2751,9,1087.8999999999996,6,636.4000000000001,move,improve
2752,9,1075.8999999999999,6,636.4000000000001,swap,improve
2753,9,1075.1,6,636.4000000000001,swap,improve
2754,9,1073.7999999999997,6,636.4000000000001,swap,improve
2755,9,1073.7999999999997,6,636.4000000000001,2opt,improve
2756,9,1073.7999999999997,6,636.4000000000001,2opt,improve
2757,9,1073.1999999999998,6,636.4000000000001,move,improve
2758,9,1073.1999999999998,6,636.4000000000001,2opt,notBad
2759,9,1073.1999999999998,6,636.4000000000001,2opt,notBad
2760,9,1090.1,6,636.4000000000001,swap,acceptBad
2761,9,1089.9,6,636.4000000000001,move,improve
2762,9,1089.5000000000002,6,636.4000000000001,move,improve
2763,9,1089.5000000000002,6,636.4000000000001,2opt,notBad
2764,9,1078.1000000000001,6,636.4000000000001,move,improve
2765,9,1079.4000000000003,6,636.4000000000001,swap,acceptBad
2766,9,1079.4000000000003,6,636.4000000000001,swap,notBad
2767,9,1079.4000000000003,6,636.4000000000001,move,improve
2768,9,1079.4000000000003,6,636.4000000000001,2opt,notBad
2769,9,1079.4000000000003,6,636.4000000000001,2opt,notBad
2770,9,1071.9000000000003,6,636.4000000000001,swap,improve
2771,9,1082.7,6,636.4000000000001,2opt,acceptBad
2772,9,1080.1,6,636.4000000000001,move,improve
2773,9,1080.1,6,636.4000000000001,2opt,notBad
2774,9,1080.1,6,636.4000000000001,move,improve
2775,9,1080.1,6,636.4000000000001,swap,notBad
2776,9,1080.1,6,636.4000000000001,move,improve
2777,9,1080.1,6,636.4000000000001,2opt,notBad
2778,9,1080.6,6,636.4000000000001,swap,acceptBad
2779,9,1070.7999999999997,6,636.4000000000001,2opt,improve
2780,9,1070.7999999999997,6,636.4000000000001,2opt,notBad
2781,9,1069.4999999999998,6,636.4000000000001,move,improve
2782,9,1072.8999999999996,6,636.4000000000001,swap,acceptBad
2783,9,1074.6999999999998,6,636.4000000000001,swap,acceptBad
2784,9,1074.6999999999998,6,636.4000000000001,swap,notBad
2785,9,1074.6999999999998,6,636.4000000000001,2opt,notBad
2786,9,1073.6999999999998,6,636.4000000000001,swap,improve
2787,9,1073.6999999999998,6,636.4000000000001,move,improve
2788,9,1073.6999999999998,6,636.4000000000001,2opt,notBad
2789,9,1073.6999999999998,6,636.4000000000001,2opt,notBad
2790,9,1073.6999999999998,6,636.4000000000001,move,improve
2791,9,1073.6999999999998,6,636.4000000000001,2opt,notBad
2792,9,1069.9999999999998,6,636.4000000000001,swap,improve
2793,9,1068.1,6,636.4000000000001,move,improve
2794,9,1069.6999999999998,6,636.4000000000001,swap,acceptBad
2795,9,1069.6999999999998,6,636.4000000000001,2opt,improve
2796,9,1069.6999999999998,6,636.4000000000001,2opt,notBad
2797,9,1069.6999999999998,6,636.4000000000001,2opt,notBad
2798,9,1069.6999999999998,6,636.4000000000001,move,improve
2799,9,1069.6999999999998,6,636.4000000000001,2opt,notBad
2800,9,1069.6999999999998,6,636.4000000000001,2opt,notBad
2801,9,1069.3999999999999,6,636.4000000000001,swap,improve
2802,9,1069.3999999999999,6,636.4000000000001,2opt,notBad
2803,9,1069.3999999999999,6,636.4000000000001,2opt,notBad
2804,9,1069.3999999999999,6,636.4000000000001,swap,improve
2805,9,1069.3999999999999,6,636.4000000000001,2opt,notBad
2806,9,1069.6,6,636.4000000000001,swap,acceptBad
2807,9,1062.7999999999997,6,636.4000000000001,move,improve
2808,9,1062.7999999999997,6,636.4000000000001,2opt,notBad
2809,9,1062.7999999999997,6,636.4000000000001,2opt,notBad
2810,9,1062.7999999999997,6,636.4000000000001,move,improve
2811,9,1062.7999999999997,6,636.4000000000001,2opt,notBad
2812,9,1060.6999999999998,6,636.4000000000001,swap,improve
2813,9,1079.7999999999997,6,636.4000000000001,swap,acceptBad
2814,9,1075.3999999999999,6,636.4000000000001,move,improve
2815,9,1075.3999999999999,6,636.4000000000001,move,improve
2816,9,1082.8999999999999,6,636.4000000000001,swap,acceptBad
2817,9,1082.8999999999999,6,636.4000000000001,2opt,notBad
2818,9,1086.5,6,636.4000000000001,swap,acceptBad
2819,9,1097.1999999999998,6,636.4000000000001,swap,acceptBad
2820,9,1107.1999999999998,6,636.4000000000001,swap,acceptBad
2821,9,1109.9999999999998,6,636.4000000000001,swap,acceptBad
2822,9,1109.9999999999998,6,636.4000000000001,swap,notBad
2823,9,1115.6,6,636.4000000000001,swap,acceptBad
2824,9,1113.8999999999999,6,636.4000000000001,swap,improve
2825,9,1118.1,6,636.4000000000001,swap,acceptBad
2826,9,1118.1,6,636.4000000000001,2opt,notBad
2827,9,1120.0999999999997,6,636.4000000000001,move,acceptBad
2828,9,1113.6999999999998,6,636.4000000000001,swap,improve
2829,9,1113.6999999999998,6,636.4000000000001,2opt,notBad
2830,9,1107.9999999999998,6,636.4000000000001,swap,improve
2831,9,1107.9999999999998,6,636.4000000000001,2opt,notBad
2832,9,1107.0999999999997,6,636.4000000000001,move,improve
2833,9,1107.0999999999997,6,636.4000000000001,2opt,notBad
2834,9,1107.0999999999997,6,636.4000000000001,move,improve
2835,9,1107.3999999999996,6,636.4000000000001,swap,acceptBad
2836,9,1107.3999999999996,6,636.4000000000001,move,improve
2837,9,1107.3999999999996,6,636.4000000000001,2opt,improve
2838,9,1107.3999999999996,6,636.4000000000001,move,improve
2839,9,1107.3999999999996,6,636.4000000000001,move,improve
2840,9,1099.0999999999997,6,636.4000000000001,move,improve
2841,9,1099.0999999999997,6,636.4000000000001,2opt,improve
2842,9,1103.1999999999998,6,636.4000000000001,swap,acceptBad
2843,9,1103.1999999999998,6,636.4000000000001,2opt,improve
2844,9,1103.1999999999998,6,636.4000000000001,2opt,notBad
2845,9,1103.1999999999998,6,636.4000000000001,swap,notBad
2846,9,1103.1999999999998,6,636.4000000000001,move,improve
2847,9,1103.3999999999996,6,636.4000000000001,swap,acceptBad
2848,9,1103.3999999999996,6,636.4000000000001,swap,notBad
2849,9,1103.3999999999996,6,636.4000000000001,2opt,improve
2850,9,1103.2999999999997,6,636.4000000000001,move,improve
2851,9,1103.2999999999997,6,636.4000000000001,move,improve
2852,9,1103.2999999999997,6,636.4000000000001,2opt,notBad
2853,9,1100.4999999999998,6,636.4000000000001,move,improve
2854,9,1100.3999999999996,6,636.4000000000001,swap,improve
2855,9,1093.4999999999998,6,636.4000000000001,move,improve
2856,9,1096.4999999999998,6,636.4000000000001,swap,acceptBad
2857,9,1089.0000000000002,6,636.4000000000001,2opt,improve
2858,9,1095.1000000000004,6,636.4000000000001,swap,acceptBad
2859,9,1095.1000000000004,6,636.4000000000001,2opt,notBad
2860,9,1095.1000000000004,6,636.4000000000001,2opt,notBad
2861,9,1095.1000000000004,6,636.4000000000001,2opt,notBad
2862,9,1095.0000000000002,6,636.4000000000001,swap,improve
2863,9,1093.1000000000004,6,636.4000000000001,swap,improve
2864,9,1093.1000000000004,6,636.4000000000001,2opt,notBad
2865,9,1093.1000000000004,6,636.4000000000001,move,improve
2866,9,1093.1000000000004,6,636.4000000000001,move,improve
2867,9,1092.5000000000002,6,636.4000000000001,swap,improve
2868,9,1092.5000000000002,6,636.4000000000001,move,improve
2869,9,1090.5000000000002,6,636.4000000000001,move,improve
2870,9,1092.5,6,636.4000000000001,swap,acceptBad
2871,9,1101.4,6,636.4000000000001,swap,acceptBad
2872,9,1101.4,6,636.4000000000001,move,improve
2873,9,1101.4,6,636.4000000000001,move,improve
2874,9,1102.3000000000002,6,636.4000000000001,swap,acceptBad
2875,9,1100.5,6,636.4000000000001,move,improve
2876,9,1100.5,6,636.4000000000001,2opt,notBad
2877,9,1100.5,6,636.4000000000001,move,improve
2878,9,1100.5,6,636.4000000000001,2opt,notBad
2879,9,1090.6999999999998,6,636.4000000000001,move,improve
2880,9,1090.6999999999998,6,636.4000000000001,2opt,notBad
2881,9,1087.6,6,636.4000000000001,move,improve
2882,9,1087.6,6,636.4000000000001,2opt,notBad
2883,9,1092.1999999999998,6,636.4000000000001,swap,acceptBad
2884,9,1092.1999999999998,6,636.4000000000001,move,improve
2885,9,1111.3999999999999,6,636.4000000000001,swap,acceptBad
2886,9,1094.1,6,636.4000000000001,move,improve
2887,9,1099.1,6,636.4000000000001,swap,acceptBad
2888,9,1102.3,6,636.4000000000001,swap,acceptBad
2889,9,1087.5,6,636.4000000000001,move,improve
2890,9,1087.5,6,636.4000000000001,2opt,improve
2891,9,1087.5,6,636.4000000000001,2opt,notBad
2892,9,1087.5,6,636.4000000000001,2opt,notBad
2893,9,1089.4,6,636.4000000000001,swap,acceptBad
2894,9,1089.4,6,636.4000000000001,2opt,notBad
2895,9,1089.4,6,636.4000000000001,move,improve
2896,9,1089.4,6,636.4000000000001,2opt,notBad
2897,9,1092.0,6,636.4000000000001,swap,acceptBad
2898,9,1092.0,6,636.4000000000001,move,improve
2899,9,1100.9,6,636.4000000000001,swap,acceptBad
2900,9,1100.9,6,636.4000000000001,move,improve
2901,9,1100.9,6,636.4000000000001,2opt,notBad
2902,9,1100.9,6,636.4000000000001,2opt,notBad
2903,9,1100.9,6,636.4000000000001,2opt,notBad
2904,9,1100.9,6,636.4000000000001,2opt,notBad
2905,9,1094.6,6,636.4000000000001,move,improve
2906,9,1094.3,6,636.4000000000001,swap,improve
2907,9,1091.1,6,636.4000000000001,swap,improve
2908,9,1091.1,6,636.4000000000001,2opt,notBad
2909,9,1080.4,6,636.4000000000001,2opt,improve
2910,9,1080.4,6,636.4000000000001,2opt,notBad
2911,9,1080.6999999999998,6,636.4000000000001,2opt,acceptBad
2912,9,1080.6999999999998,6,636.4000000000001,move,improve
2913,9,1080.6999999999998,6,636.4000000000001,move,improve
2914,9,1080.6999999999998,6,636.4000000000001,2opt,notBad
2915,9,1080.6999999999998,6,636.4000000000001,move,improve
2916,9,1080.6999999999998,6,636.4000000000001,2opt,notBad
2917,9,1080.6999999999998,6,636.4000000000001,2opt,notBad
2918,9,1080.6999999999998,6,636.4000000000001,2opt,notBad
2919,9,1081.1999999999998,6,636.4000000000001,swap,acceptBad
2920,9,1081.1999999999998,6,636.4000000000001,2opt,improve
2921,9,1081.1999999999998,6,636.4000000000001,move,improve
2922,9,1081.1999999999998,6,636.4000000000001,2opt,notBad
2923,9,1077.9999999999998,6,636.4000000000001,move,improve
2924,9,1076.8999999999996,6,636.4000000000001,move,improve
2925,9,1076.8999999999996,6,636.4000000000001,swap,notBad
2926,9,1094.7,6,636.4000000000001,swap,acceptBad
2927,9,1092.3999999999999,6,636.4000000000001,swap,improve
2928,9,1095.3999999999999,6,636.4000000000001,swap,acceptBad
2929,9,1092.6,6,636.4000000000001,move,improve
2930,9,1078.9999999999998,6,636.4000000000001,move,improve
2931,9,1085.3,6,636.4000000000001,swap,acceptBad
2932,9,1080.8999999999999,6,636.4000000000001,move,improve
2933,9,1076.1,6,636.4000000000001,move,improve
2934,9,1072.3999999999999,6,636.4000000000001,move,improve
2935,9,1072.3999999999999,6,636.4000000000001,2opt,notBad
2936,9,1077.1,6,636.4000000000001,swap,acceptBad
2937,9,1086.0,6,636.4000000000001,swap,acceptBad
2938,9,1085.8000000000002,6,636.4000000000001,swap,improve
2939,9,1085.8000000000002,6,636.4000000000001,2opt,notBad
2940,9,1085.8000000000002,6,636.4000000000001,swap,notBad
2941,9,1047.7999999999997,6,636.4000000000001,2opt,improve
2942,9,1047.3999999999999,6,636.4000000000001,swap,improve
2943,9,1047.3999999999999,6,636.4000000000001,2opt,notBad
2944,9,1047.3999999999999,6,636.4000000000001,2opt,notBad
2945,9,1047.3999999999999,6,636.4000000000001,2opt,notBad
2946,9,1054.8,6,636.4000000000001,swap,acceptBad
2947,9,1054.8,6,636.4000000000001,2opt,notBad
2948,9,1054.8,6,636.4000000000001,2opt,notBad
2949,9,1054.8,6,636.4000000000001,swap,notBad
2950,9,1054.8,6,636.4000000000001,2opt,notBad
2951,9,1054.8,6,636.4000000000001,2opt,notBad
2952,9,1052.6999999999998,6,636.4000000000001,move,improve
2953,9,1050.6999999999998,6,636.4000000000001,move,improve
2954,9,1050.6999999999998,6,636.4000000000001,move,improve
2955,9,1049.0,6,636.4000000000001,move,improve
2956,9,1049.0,6,636.4000000000001,swap,notBad
2957,9,1057.4,6,636.4000000000001,swap,acceptBad
2958,9,1057.4,6,636.4000000000001,2opt,notBad
2959,9,1056.1,6,636.4000000000001,move,improve
2960,9,1057.3999999999999,6,636.4000000000001,2opt,acceptBad
2961,9,1060.1999999999998,6,636.4000000000001,swap,acceptBad
2962,9,1050.2999999999997,6,636.4000000000001,move,improve
2963,9,1039.7999999999997,6,636.4000000000001,move,improve
2964,9,1041.1999999999996,6,636.4000000000001,swap,acceptBad
2965,9,1041.6999999999996,6,636.4000000000001,2opt,acceptBad
2966,9,1041.6999999999996,6,636.4000000000001,2opt,notBad
2967,9,1039.8999999999996,6,636.4000000000001,move,improve
2968,9,1038.5999999999997,6,636.4000000000001,swap,improve
2969,9,1038.5999999999997,6,636.4000000000001,2opt,improve
2970,9,1038.5999999999997,6,636.4000000000001,2opt,improve
2971,9,1038.5999999999997,6,636.4000000000001,move,improve
2972,9,1038.5999999999997,6,636.4000000000001,2opt,notBad
2973,9,1041.3999999999996,6,636.4000000000001,swap,acceptBad
2974,9,1027.7999999999995,6,636.4000000000001,move,improve
2975,9,1018.5999999999996,6,636.4000000000001,2opt,improve
2976,9,1018.5999999999996,6,636.4000000000001,2opt,notBad
2977,9,1020.8999999999995,6,636.4000000000001,swap,acceptBad
2978,9,1021.2999999999995,6,636.4000000000001,swap,acceptBad
2979,9,1021.2999999999995,6,636.4000000000001,2opt,notBad
2980,9,1017.6999999999996,6,636.4000000000001,move,improve
2981,9,1017.6999999999996,6,636.4000000000001,2opt,notBad
2982,9,1017.6999999999996,6,636.4000000000001,2opt,notBad
2983,9,1017.6999999999996,6,636.4000000000001,move,improve
2984,9,1021.1999999999996,6,636.4000000000001,swap,acceptBad
2985,9,1021.1999999999996,6,636.4000000000001,move,improve
2986,9,1019.7999999999995,6,636.4000000000001,move,improve
2987,9,1023.7999999999995,6,636.4000000000001,swap,acceptBad
2988,9,1023.5999999999996,6,636.4000000000001,swap,improve
2989,9,1023.5999999999996,6,636.4000000000001,move,improve
2990,9,1023.5999999999996,6,636.4000000000001,swap,notBad
2991,9,1023.5999999999996,6,636.4000000000001,move,improve
2992,9,1027.5999999999995,6,636.4000000000001,2opt,acceptBad
2993,9,1025.2999999999997,6,636.4000000000001,swap,improve
2994,9,1025.2999999999997,6,636.4000000000001,2opt,notBad
2995,9,1025.2999999999997,6,636.4000000000001,2opt,notBad
2996,9,1025.2999999999997,6,636.4000000000001,2opt,notBad
2997,9,1025.2999999999997,6,636.4000000000001,2opt,improve
2998,9,1020.6999999999996,6,636.4000000000001,swap,improve
2999,9,1020.6999999999996,6,636.4000000000001,2opt,notBad
3000,9,1019.0999999999996,6,636.4000000000001,swap,improve
3001,9,1024.0999999999995,6,636.4000000000001,swap,acceptBad
3002,9,1022.0999999999996,6,636.4000000000001,swap,improve
3003,9,1022.0999999999998,6,636.4000000000001,2opt,acceptBad
3004,9,1021.8999999999997,6,636.4000000000001,move,improve
3005,9,1021.8999999999997,6,636.4000000000001,2opt,notBad
3006,9,1021.8999999999997,6,636.4000000000001,swap,notBad
3007,9,1021.7999999999998,6,636.4000000000001,move,improve
3008,9,1021.7999999999998,6,636.4000000000001,2opt,notBad
3009,9,1021.7999999999998,6,636.4000000000001,2opt,improve
3010,9,1021.7999999999998,6,636.4000000000001,2opt,notBad
3011,9,1032.0,6,636.4000000000001,swap,acceptBad
3012,9,1031.9,6,636.4000000000001,swap,improve
3013,9,1031.9,6,636.4000000000001,move,improve
3014,9,1027.0,6,636.4000000000001,move,improve
3015,9,1027.0,6,636.4000000000001,swap,notBad
3016,9,1026.6999999999998,6,636.4000000000001,move,improve
3017,9,1026.6999999999998,6,636.4000000000001,move,improve
3018,9,1026.6999999999998,6,636.4000000000001,swap,notBad
3019,9,1026.6999999999998,6,636.4000000000001,swap,notBad
3020,9,1026.6999999999998,6,636.4000000000001,move,improve
3021,9,1026.6999999999998,6,636.4000000000001,move,improve
3022,9,1020.4999999999997,6,636.4000000000001,2opt,improve
3023,9,1013.9999999999997,6,636.4000000000001,move,improve
3024,9,1013.9999999999997,6,636.4000000000001,swap,notBad
3025,9,1009.2999999999997,6,636.4000000000001,swap,improve
3026,9,1009.2999999999997,6,636.4000000000001,2opt,notBad
3027,9,1018.7999999999997,6,636.4000000000001,swap,acceptBad
3028,9,1018.7999999999997,6,636.4000000000001,move,improve
3029,9,1018.7999999999997,6,636.4000000000001,swap,notBad
3030,9,1018.7999999999997,6,636.4000000000001,2opt,notBad
3031,9,1018.5999999999998,6,636.4000000000001,move,improve
3032,9,1018.5999999999998,6,636.4000000000001,swap,notBad
3033,9,1018.5999999999998,6,636.4000000000001,swap,notBad
3034,9,1013.5999999999998,6,636.4000000000001,move,improve
3035,9,1013.9999999999998,6,636.4000000000001,swap,acceptBad
3036,9,1013.9999999999998,6,636.4000000000001,2opt,notBad
3037,9,1013.9999999999998,6,636.4000000000001,2opt,notBad
3038,9,1015.0999999999998,6,636.4000000000001,swap,acceptBad
3039,9,1020.2,6,636.4000000000001,2opt,acceptBad
3040,9,1020.2,6,636.4000000000001,move,improve
3041,9,1020.2,6,636.4000000000001,swap,notBad
3042,9,1020.2,6,636.4000000000001,2opt,notBad
3043,9,1020.2,6,636.4000000000001,2opt,notBad
3044,9,1014.0000000000001,6,636.4000000000001,move,improve
3045,9,1014.0000000000001,6,636.4000000000001,2opt,notBad
3046,9,1019.6999999999997,6,636.4000000000001,2opt,acceptBad
3047,9,1022.7999999999997,6,636.4000000000001,swap,acceptBad
3048,9,1022.3999999999997,6,636.4000000000001,move,improve
3049,9,1016.5999999999998,6,636.4000000000001,swap,improve
3050,9,1020.6999999999997,6,636.4000000000001,swap,acceptBad
3051,9,1014.1999999999997,6,636.4000000000001,move,improve
3052,9,1014.1999999999997,6,636.4000000000001,swap,notBad
3053,9,1013.9999999999999,6,636.4000000000001,move,improve
3054,9,1013.9999999999999,6,636.4000000000001,2opt,notBad
3055,9,1013.9999999999999,6,636.4000000000001,swap,notBad
3056,9,1013.9999999999999,6,636.4000000000001,2opt,notBad
3057,9,998.1999999999998,6,636.4000000000001,move,improve
3058,9,998.1999999999998,6,636.4000000000001,move,improve
3059,9,997.6999999999998,6,636.4000000000001,move,improve
3060,9,997.6999999999998,6,636.4000000000001,swap,notBad
3061,9,997.6999999999998,6,636.4000000000001,2opt,improve
3062,9,994.1999999999998,6,636.4000000000001,swap,improve
3063,9,997.5999999999998,6,636.4000000000001,swap,acceptBad
3064,9,999.2999999999997,6,636.4000000000001,swap,acceptBad
3065,9,975.2,6,636.4000000000001,2opt,improve
3066,9,985.2,6,636.4000000000001,swap,acceptBad
3067,9,985.2,6,636.4000000000001,2opt,notBad
3068,9,977.3,6,636.4000000000001,move,improve
3069,9,977.3,6,636.4000000000001,2opt,notBad
3070,9,976.5000000000001,6,636.4000000000001,move,improve
3071,9,976.5000000000001,6,636.4000000000001,2opt,notBad
3072,9,975.1000000000001,6,636.4000000000001,move,improve
3073,9,975.1000000000001,6,636.4000000000001,swap,notBad
3074,9,975.1000000000001,6,636.4000000000001,swap,notBad
3075,9,975.1000000000001,6,636.4000000000001,swap,notBad
3076,9,972.3000000000001,6,636.4000000000001,swap,improve
3077,9,971.1999999999998,6,636.4000000000001,2opt,improve
3078,9,971.1999999999998,6,636.4000000000001,move,improve
3079,9,964.3999999999997,6,636.4000000000001,swap,improve
3080,9,964.3999999999996,6,636.4000000000001,move,improve
3081,9,964.3999999999996,6,636.4000000000001,swap,notBad
3082,9,964.3999999999996,6,636.4000000000001,move,improve
3083,9,965.8999999999996,6,636.4000000000001,swap,acceptBad
3084,9,965.8999999999996,6,636.4000000000001,2opt,notBad
3085,9,965.8999999999996,6,636.4000000000001,2opt,improve
3086,9,965.8999999999996,6,636.4000000000001,move,improve
3087,9,972.3999999999996,6,636.4000000000001,swap,acceptBad
3088,9,972.3999999999996,6,636.4000000000001,move,improve
3089,9,966.7999999999996,6,636.4000000000001,move,improve
3090,9,964.7999999999996,6,636.4000000000001,swap,improve
3091,9,964.7999999999996,6,636.4000000000001,2opt,notBad
3092,9,964.7999999999996,6,636.4000000000001,2opt,notBad
3093,9,964.7999999999996,6,636.4000000000001,2opt,improve
3094,9,964.7999999999996,6,636.4000000000001,2opt,notBad
3095,9,964.7999999999996,6,636.4000000000001,2opt,notBad
3096,9,964.7999999999996,6,636.4000000000001,swap,notBad
3097,9,957.5999999999996,6,636.4000000000001,move,improve
3098,9,957.5999999999996,6,636.4000000000001,2opt,notBad
3099,9,957.2999999999996,6,636.4000000000001,move,improve
3100,9,957.2999999999996,6,636.4000000000001,2opt,notBad
3101,9,955.8999999999996,6,636.4000000000001,move,improve
3102,9,949.5999999999997,6,636.4000000000001,swap,improve
3103,9,949.5999999999997,6,636.4000000000001,2opt,notBad
3104,9,949.5999999999997,6,636.4000000000001,move,improve
3105,9,949.5999999999997,6,636.4000000000001,2opt,notBad
3106,9,941.5999999999997,6,636.4000000000001,2opt,improve
3107,9,941.5999999999997,6,636.4000000000001,swap,notBad
3108,10,945.2999999999997,6,636.4000000000001,2opt,acceptBad
3109,10,946.7999999999996,6,636.4000000000001,swap,acceptBad
3110,10,933.0999999999996,6,636.4000000000001,move,improve
3111,10,933.0999999999996,6,636.4000000000001,swap,notBad
3112,10,932.2999999999997,6,636.4000000000001,move,improve
3113,10,930.6999999999997,6,636.4000000000001,move,improve
3114,10,937.1999999999997,6,636.4000000000001,swap,acceptBad
3115,10,935.3999999999997,6,636.4000000000001,move,improve
3116,10,935.3999999999997,6,636.4000000000001,2opt,notBad
3117,10,935.3999999999997,6,636.4000000000001,2opt,notBad
3118,10,938.6999999999996,6,636.4000000000001,swap,acceptBad
3119,10,938.6999999999996,6,636.4000000000001,2opt,notBad
3120,10,939.4999999999997,6,636.4000000000001,swap,acceptBad
3121,10,939.4999999999997,6,636.4000000000001,move,improve
3122,10,939.4999999999997,6,636.4000000000001,swap,notBad
3123,10,939.4999999999997,6,636.4000000000001,swap,notBad
3124,10,939.4999999999997,6,636.4000000000001,swap,notBad
3125,10,939.4999999999997,6,636.4000000000001,2opt,notBad
3126,10,943.3999999999997,6,636.4000000000001,swap,acceptBad
3127,10,943.3999999999997,6,636.4000000000001,2opt,notBad
3128,10,943.3999999999997,6,636.4000000000001,2opt,notBad
3129,10,943.3999999999997,6,636.4000000000001,2opt,notBad
3130,10,943.3999999999997,6,636.4000000000001,2opt,notBad
3131,10,943.3999999999997,6,636.4000000000001,2opt,notBad
3132,10,943.3999999999997,6,636.4000000000001,swap,notBad
3133,10,943.3999999999997,6,636.4000000000001,move,improve
3134,10,949.9999999999998,6,636.4000000000001,swap,acceptBad
3135,10,949.9999999999998,6,636.4000000000001,2opt,notBad
3136,10,949.8999999999999,6,636.4000000000001,move,improve
3137,10,949.8999999999999,6,636.4000000000001,2opt,notBad
3138,10,959.5999999999999,6,636.4000000000001,swap,acceptBad
3139,10,966.4,6,636.4000000000001,swap,acceptBad
3140,10,966.4,6,636.4000000000001,2opt,notBad
3141,10,972.9,6,636.4000000000001,swap,acceptBad
3142,10,972.9,6,636.4000000000001,2opt,notBad
3143,10,972.9,6,636.4000000000001,move,improve
3144,10,976.3,6,636.4000000000001,swap,acceptBad
3145,10,969.3,6,636.4000000000001,move,improve
3146,10,966.9999999999999,6,636.4000000000001,move,improve
3147,10,970.4999999999999,6,636.4000000000001,swap,acceptBad
3148,10,975.7999999999998,6,636.4000000000001,swap,acceptBad
3149,10,982.8999999999999,6,636.4000000000001,swap,acceptBad
3150,10,982.8999999999999,6,636.4000000000001,2opt,improve
3151,10,982.8999999999999,6,636.4000000000001,move,improve
3152,10,974.1999999999998,6,636.4000000000001,swap,improve
3153,10,970.4999999999998,6,636.4000000000001,move,improve
3154,10,970.4999999999998,6,636.4000000000001,2opt,notBad
3155,9,934.9999999999998,6,636.4000000000001,move,improve
3156,9,934.9999999999998,6,636.4000000000001,2opt,notBad
3157,9,935.6999999999998,6,636.4000000000001,move,acceptBad
3158,9,935.6999999999998,6,636.4000000000001,swap,notBad
3159,9,943.4999999999999,6,636.4000000000001,swap,acceptBad
3160,9,943.4999999999999,6,636.4000000000001,2opt,notBad
3161,9,943.4999999999999,6,636.4000000000001,swap,notBad
3162,9,945.6999999999998,6,636.4000000000001,swap,acceptBad
3163,9,945.6999999999998,6,636.4000000000001,2opt,notBad
3164,9,939.1999999999998,6,636.4000000000001,move,improve
3165,9,939.1999999999998,6,636.4000000000001,move,improve
3166,9,941.9999999999999,6,636.4000000000001,swap,acceptBad
3167,9,941.9999999999999,6,636.4000000000001,2opt,notBad
3168,9,940.6999999999999,6,636.4000000000001,swap,improve
3169,9,940.6999999999999,6,636.4000000000001,2opt,improve
3170,9,940.6999999999999,6,636.4000000000001,2opt,improve
3171,9,940.1999999999999,6,636.4000000000001,swap,improve
3172,9,940.1999999999999,6,636.4000000000001,move,improve
3173,9,940.1999999999999,6,636.4000000000001,2opt,notBad
3174,9,941.4999999999999,6,636.4000000000001,swap,acceptBad
3175,9,949.5999999999999,6,636.4000000000001,swap,acceptBad
3176,9,946.7999999999998,6,636.4000000000001,swap,improve
3177,9,946.7999999999998,6,636.4000000000001,2opt,improve
3178,9,948.6999999999998,6,636.4000000000001,swap,acceptBad
3179,9,948.6999999999998,6,636.4000000000001,2opt,notBad
3180,9,947.5999999999998,6,636.4000000000001,move,improve
3181,9,947.5999999999998,6,636.4000000000001,2opt,notBad
3182,9,953.2999999999997,6,636.4000000000001,swap,acceptBad
3183,9,948.6999999999997,6,636.4000000000001,move,improve
3184,9,948.6999999999997,6,636.4000000000001,2opt,improve
3185,9,948.6999999999997,6,636.4000000000001,2opt,improve
3186,9,948.6999999999997,6,636.4000000000001,move,improve
3187,9,948.6999999999997,6,636.4000000000001,2opt,improve
3188,9,948.6999999999997,6,636.4000000000001,2opt,notBad
3189,9,944.5999999999997,6,636.4000000000001,move,improve
3190,9,944.5999999999997,6,636.4000000000001,2opt,notBad
3191,9,930.0999999999996,6,636.4000000000001,swap,improve
3192,9,935.1999999999996,6,636.4000000000001,swap,acceptBad
3193,9,935.1999999999996,6,636.4000000000001,move,improve
3194,9,935.1999999999996,6,636.4000000000001,2opt,notBad
3195,9,936.9999999999997,6,636.4000000000001,swap,acceptBad
3196,9,936.9999999999997,6,636.4000000000001,2opt,notBad
3197,9,936.9999999999997,6,636.4000000000001,swap,notBad
3198,9,936.9999999999997,6,636.4000000000001,2opt,notBad
3199,9,934.6999999999997,6,636.4000000000001,move,improve
3200,9,933.8999999999997,6,636.4000000000001,move,improve
3201,9,928.2999999999997,6,636.4000000000001,move,improve
3202,9,928.2999999999997,6,636.4000000000001,move,improve
3203,9,928.2999999999997,6,636.4000000000001,move,improve
3204,9,928.2999999999997,6,636.4000000000001,2opt,notBad
3205,9,932.2999999999997,6,636.4000000000001,swap,acceptBad
3206,9,932.2999999999997,6,636.4000000000001,2opt,notBad
3207,9,932.2999999999997,6,636.4000000000001,swap,notBad
3208,9,934.5999999999997,6,636.4000000000001,swap,acceptBad
3209,9,934.3999999999997,6,636.4000000000001,swap,improve
3210,9,934.3999999999997,6,636.4000000000001,2opt,notBad
3211,9,934.3999999999997,6,636.4000000000001,2opt,notBad
3212,9,928.3999999999997,6,636.4000000000001,move,improve
3213,9,924.3999999999997,6,636.4000000000001,swap,improve
3214,9,922.3999999999997,6,636.4000000000001,move,improve
3215,9,922.3999999999997,6,636.4000000000001,2opt,notBad
3216,9,922.3999999999997,6,636.4000000000001,2opt,improve
3217,9,922.3999999999997,6,636.4000000000001,2opt,notBad
3218,9,922.3999999999997,6,636.4000000000001,2opt,notBad
3219,9,921.3999999999997,6,636.4000000000001,swap,improve
3220,9,921.3999999999997,6,636.4000000000001,2opt,notBad
3221,9,921.3999999999997,6,636.4000000000001,2opt,notBad
3222,9,921.3999999999997,6,636.4000000000001,move,improve
3223,9,928.7999999999997,6,636.4000000000001,swap,acceptBad
3224,9,928.7999999999997,6,636.4000000000001,2opt,notBad
3225,9,927.0999999999997,6,636.4000000000001,swap,improve
3226,9,927.0999999999997,6,636.4000000000001,swap,notBad
3227,9,927.9999999999997,6,636.4000000000001,swap,acceptBad
3228,9,929.4999999999998,6,636.4000000000001,move,acceptBad
3229,9,929.4999999999998,6,636.4000000000001,2opt,improve
3230,9,929.4999999999998,6,636.4000000000001,2opt,notBad
3231,9,926.5999999999999,6,636.4000000000001,move,improve
3232,9,926.5999999999999,6,636.4000000000001,swap,notBad
3233,9,926.5999999999999,6,636.4000000000001,2opt,improve
3234,9,925.3999999999999,6,636.4000000000001,move,improve
3235,9,925.3999999999999,6,636.4000000000001,2opt,notBad
3236,9,927.5999999999999,6,636.4000000000001,swap,acceptBad
3237,9,927.5999999999999,6,636.4000000000001,2opt,notBad
3238,9,927.5999999999999,6,636.4000000000001,move,improve
3239,9,925.3999999999999,6,636.4000000000001,move,improve
3240,9,916.1999999999999,6,636.4000000000001,move,improve
3241,9,916.1999999999999,6,636.4000000000001,move,improve
3242,9,916.1999999999999,6,636.4000000000001,move,improve
3243,9,915.4,6,636.4000000000001,move,improve
3244,9,906.8999999999999,6,636.4000000000001,move,improve
3245,9,906.7999999999998,6,636.4000000000001,swap,improve
3246,9,906.7999999999998,6,636.4000000000001,move,improve
3247,9,904.1999999999998,6,636.4000000000001,move,improve
3248,9,904.1999999999998,6,636.4000000000001,move,improve
3249,9,897.1999999999998,6,636.4000000000001,move,improve
3250,8,830.3999999999999,6,636.4000000000001,move,improve
3251,8,827.8999999999999,6,636.4000000000001,move,improve
3252,8,827.8999999999999,6,636.4000000000001,2opt,notBad
3253,8,827.8999999999999,6,636.4000000000001,swap,notBad
3254,8,827.8999999999999,6,636.4000000000001,2opt,notBad
3255,8,827.8999999999999,6,636.4000000000001,2opt,notBad
3256,8,835.8999999999999,6,636.4000000000001,swap,acceptBad
3257,8,835.8999999999999,6,636.4000000000001,2opt,improve
3258,8,836.4999999999997,6,636.4000000000001,2opt,acceptBad
3259,8,829.6999999999997,6,636.4000000000001,move,improve
3260,8,829.6999999999997,6,636.4000000000001,move,improve
3261,8,828.9999999999997,6,636.4000000000001,move,improve
3262,8,828.9999999999997,6,636.4000000000001,2opt,notBad
3263,8,824.6999999999997,6,636.4000000000001,move,improve
3264,8,824.6999999999997,6,636.4000000000001,move,improve
3265,8,824.6999999999997,6,636.4000000000001,move,improve
3266,8,823.4999999999997,6,636.4000000000001,move,improve
3267,8,824.1999999999997,6,636.4000000000001,swap,acceptBad
3268,8,783.6999999999997,6,636.4000000000001,move,improve
3269,8,783.6999999999997,6,636.4000000000001,2opt,improve
3270,8,783.6999999999997,6,636.4000000000001,swap,notBad
3271,8,783.6999999999997,6,636.4000000000001,2opt,notBad
3272,8,783.6999999999997,6,636.4000000000001,2opt,notBad
3273,8,783.6999999999997,6,636.4000000000001,2opt,notBad
3274,8,783.6999999999997,6,636.4000000000001,swap,notBad
3275,8,783.6999999999997,6,636.4000000000001,move,improve
3276,8,783.6999999999997,6,636.4000000000001,move,improve
3277,8,783.6999999999997,6,636.4000000000001,2opt,notBad
3278,8,783.6999999999997,6,636.4000000000001,2opt,notBad
3279,8,785.9999999999998,6,636.4000000000001,swap,acceptBad
3280,8,785.9999999999998,6,636.4000000000001,2opt,notBad
3281,8,785.9999999999998,6,636.4000000000001,2opt,notBad
3282,8,785.9999999999998,6,636.4000000000001,2opt,notBad
3283,8,785.9999999999998,6,636.4000000000001,swap,notBad
3284,8,785.9999999999998,6,636.4000000000001,2opt,notBad
3285,8,785.9999999999998,6,636.4000000000001,2opt,notBad
3286,8,785.9999999999998,6,636.4000000000001,move,improve
3287,8,796.4999999999998,6,636.4000000000001,swap,acceptBad
3288,8,796.4999999999998,6,636.4000000000001,2opt,improve
3289,8,796.4999999999998,6,636.4000000000001,swap,notBad
3290,8,794.0999999999998,6,636.4000000000001,swap,improve
3291,8,794.0999999999998,6,636.4000000000001,move,improve
3292,8,794.0999999999998,6,636.4000000000001,move,improve
3293,8,794.0999999999998,6,636.4000000000001,2opt,notBad
3294,8,790.7999999999997,6,636.4000000000001,move,improve
3295,8,790.7999999999997,6,636.4000000000001,swap,notBad
3296,8,790.7999999999997,6,636.4000000000001,2opt,notBad
3297,8,790.7999999999997,6,636.4000000000001,move,improve
3298,8,790.7999999999997,6,636.4000000000001,2opt,notBad
3299,8,790.7999999999997,6,636.4000000000001,swap,notBad
3300,8,787.6999999999998,6,636.4000000000001,move,improve
3301,8,789.3999999999999,6,636.4000000000001,swap,acceptBad
3302,8,788.2999999999996,6,636.4000000000001,2opt,improve
3303,8,797.1999999999996,6,636.4000000000001,swap,acceptBad
3304,8,801.3999999999995,6,636.4000000000001,swap,acceptBad
3305,8,801.3999999999995,6,636.4000000000001,2opt,notBad
3306,8,800.6999999999996,6,636.4000000000001,move,improve
3307,8,800.6999999999996,6,636.4000000000001,swap,notBad
3308,8,800.6999999999996,6,636.4000000000001,swap,notBad
3309,8,800.6999999999996,6,636.4000000000001,swap,notBad
3310,8,800.6999999999996,6,636.4000000000001,2opt,notBad
3311,8,800.6999999999996,6,636.4000000000001,2opt,notBad
3312,8,791.4999999999997,6,636.4000000000001,swap,improve
3313,8,798.0999999999996,6,636.4000000000001,swap,acceptBad
3314,8,795.8999999999996,6,636.4000000000001,move,improve
3315,8,795.8999999999996,6,636.4000000000001,swap,notBad
3316,8,795.8999999999996,6,636.4000000000001,move,improve
3317,8,792.6999999999997,6,636.4000000000001,move,improve
3318,8,799.5999999999997,6,636.4000000000001,swap,acceptBad
3319,8,799.5999999999997,6,636.4000000000001,move,improve
3320,8,799.5999999999997,6,636.4000000000001,2opt,notBad
3321,8,799.5999999999997,6,636.4000000000001,2opt,notBad
3322,8,799.0999999999997,6,636.4000000000001,swap,improve
3323,8,799.0999999999997,6,636.4000000000001,move,improve
3324,8,799.0999999999997,6,636.4000000000001,2opt,notBad
3325,8,799.0999999999997,6,636.4000000000001,2opt,notBad
3326,8,799.7999999999997,6,636.4000000000001,2opt,acceptBad
3327,8,799.7999999999997,6,636.4000000000001,2opt,notBad
3328,8,799.7999999999997,6,636.4000000000001,move,improve
3329,8,799.7999999999997,6,636.4000000000001,move,improve
3330,8,799.6999999999998,6,636.4000000000001,swap,improve
3331,8,792.5999999999999,6,636.4000000000001,move,improve
3332,8,792.5999999999999,6,636.4000000000001,move,improve
3333,8,792.5999999999999,6,636.4000000000001,2opt,notBad
3334,8,792.5999999999999,6,636.4000000000001,move,improve
3335,8,792.5999999999999,6,636.4000000000001,2opt,notBad
3336,8,792.5999999999999,6,636.4000000000001,2opt,notBad
3337,8,792.5999999999999,6,636.4000000000001,2opt,notBad
3338,8,782.1999999999999,6,636.4000000000001,move,improve
3339,8,782.1999999999999,6,636.4000000000001,2opt,notBad
3340,8,782.1999999999999,6,636.4000000000001,move,improve
3341,8,781.3,6,636.4000000000001,move,improve
3342,8,781.3,6,636.4000000000001,move,improve
3343,8,781.3,6,636.4000000000001,2opt,notBad
3344,8,781.3,6,636.4000000000001,move,improve
3345,8,781.3,6,636.4000000000001,move,improve
3346,8,775.0,6,636.4000000000001,move,improve
3347,8,775.0,6,636.4000000000001,move,improve
3348,8,782.4,6,636.4000000000001,swap,acceptBad
3349,8,782.4,6,636.4000000000001,2opt,notBad
3350,8,782.4,6,636.4000000000001,2opt,notBad
3351,8,782.4,6,636.4000000000001,swap,notBad
3352,8,782.4,6,636.4000000000001,move,improve
3353,8,782.4,6,636.4000000000001,move,improve
3354,8,782.4,6,636.4000000000001,move,improve
3355,8,786.8,6,636.4000000000001,swap,acceptBad
3356,8,786.8,6,636.4000000000001,swap,notBad
3357,8,786.8,6,636.4000000000001,move,improve
3358,8,785.5999999999999,6,636.4000000000001,move,improve
3359,8,785.5999999999999,6,636.4000000000001,2opt,improve
3360,8,785.5999999999999,6,636.4000000000001,2opt,notBad
3361,8,785.5999999999999,6,636.4000000000001,2opt,notBad
3362,8,787.8999999999999,6,636.4000000000001,swap,acceptBad
3363,8,787.8999999999999,6,636.4000000000001,2opt,notBad
3364,8,787.8999999999999,6,636.4000000000001,swap,notBad
3365,8,787.8999999999999,6,636.4000000000001,2opt,notBad
3366,8,787.8999999999999,6,636.4000000000001,move,improve
3367,8,787.8999999999999,6,636.4000000000001,swap,notBad
3368,8,787.8999999999999,6,636.4000000000001,move,improve
3369,8,787.8999999999999,6,636.4000000000001,move,improve
3370,8,787.8999999999999,6,636.4000000000001,move,improve
3371,8,787.8999999999999,6,636.4000000000001,2opt,notBad
3372,8,787.8999999999999,6,636.4000000000001,2opt,notBad
3373,8,787.8999999999999,6,636.4000000000001,move,improve
3374,8,787.8999999999999,6,636.4000000000001,swap,notBad
3375,8,787.8999999999999,6,636.4000000000001,move,improve
3376,8,787.8999999999999,6,636.4000000000001,swap,notBad
3377,8,787.8999999999999,6,636.4000000000001,move,improve
3378,8,785.8999999999999,6,636.4000000000001,swap,improve
3379,8,785.8999999999999,6,636.4000000000001,swap,notBad
3380,8,785.8999999999999,6,636.4000000000001,2opt,notBad
3381,8,785.8999999999999,6,636.4000000000001,move,improve
3382,8,785.8999999999999,6,636.4000000000001,2opt,notBad
3383,8,785.8999999999999,6,636.4000000000001,move,improve
3384,8,785.8999999999999,6,636.4000000000001,swap,notBad
3385,8,785.8999999999999,6,636.4000000000001,2opt,notBad
3386,8,785.8999999999999,6,636.4000000000001,2opt,notBad
3387,8,789.5,6,636.4000000000001,swap,acceptBad
3388,8,789.5,6,636.4000000000001,2opt,notBad
3389,8,795.3,6,636.4000000000001,swap,acceptBad
3390,8,795.3,6,636.4000000000001,swap,improve
3391,8,795.3,6,636.4000000000001,2opt,notBad
3392,8,789.3,6,636.4000000000001,move,improve
3393,8,789.3,6,636.4000000000001,swap,notBad
3394,8,789.3,6,636.4000000000001,2opt,notBad
3395,8,789.3,6,636.4000000000001,2opt,notBad
3396,8,789.3,6,636.4000000000001,swap,notBad
3397,8,789.3,6,636.4000000000001,swap,notBad
3398,8,789.3,6,636.4000000000001,2opt,notBad
3399,8,789.3,6,636.4000000000001,2opt,notBad
3400,8,789.3,6,636.4000000000001,swap,notBad
3401,8,789.3,6,636.4000000000001,move,improve
3402,8,785.5,6,636.4000000000001,move,improve
3403,8,784.9,6,636.4000000000001,move,improve
3404,8,790.8000000000001,6,636.4000000000001,swap,acceptBad
3405,8,790.8000000000001,6,636.4000000000001,move,improve
3406,8,790.8000000000001,6,636.4000000000001,move,improve
3407,8,790.8000000000001,6,636.4000000000001,swap,notBad
3408,8,790.8000000000001,6,636.4000000000001,swap,notBad
3409,8,790.8000000000001,6,636.4000000000001,2opt,improve
3410,8,790.8000000000001,6,636.4000000000001,swap,notBad
3411,8,790.8000000000001,6,636.4000000000001,2opt,notBad
3412,8,790.8000000000001,6,636.4000000000001,move,improve
3413,8,790.8000000000001,6,636.4000000000001,2opt,notBad
3414,8,790.8000000000001,6,636.4000000000001,2opt,notBad
3415,8,790.8000000000001,6,636.4000000000001,swap,notBad
3416,8,794.6,6,636.4000000000001,swap,acceptBad
3417,8,794.6,6,636.4000000000001,move,improve
3418,8,794.6,6,636.4000000000001,2opt,notBad
3419,8,797.5999999999999,6,636.4000000000001,move,acceptBad
3420,8,797.5999999999999,6,636.4000000000001,2opt,notBad
3421,8,797.5999999999999,6,636.4000000000001,swap,notBad
3422,8,797.5999999999999,6,636.4000000000001,swap,notBad
3423,8,797.5999999999999,6,636.4000000000001,2opt,notBad
3424,8,797.5999999999999,6,636.4000000000001,move,improve
3425,8,797.5999999999999,6,636.4000000000001,2opt,notBad
3426,8,799.5999999999999,6,636.4000000000001,swap,acceptBad
3427,8,801.9999999999998,6,636.4000000000001,swap,acceptBad
3428,8,801.9999999999998,6,636.4000000000001,2opt,notBad
3429,8,801.9999999999998,6,636.4000000000001,swap,notBad
3430,8,801.9999999999998,6,636.4000000000001,2opt,improve
3431,8,801.9999999999998,6,636.4000000000001,2opt,improve
3432,8,801.9999999999998,6,636.4000000000001,2opt,notBad
3433,8,801.9999999999998,6,636.4000000000001,2opt,improve
3434,8,801.9999999999998,6,636.4000000000001,move,improve
3435,8,801.9999999999998,6,636.4000000000001,move,improve
3436,8,798.3999999999997,6,636.4000000000001,swap,improve
3437,8,798.3999999999997,6,636.4000000000001,swap,notBad
3438,8,798.3999999999997,6,636.4000000000001,2opt,notBad
3439,8,798.3999999999997,6,636.4000000000001,2opt,improve
3440,8,798.3999999999997,6,636.4000000000001,swap,notBad
3441,8,798.3999999999997,6,636.4000000000001,swap,notBad
3442,8,798.3999999999997,6,636.4000000000001,move,improve
3443,8,798.3999999999997,6,636.4000000000001,move,improve
3444,8,800.6999999999998,6,636.4000000000001,swap,acceptBad
3445,8,800.6999999999998,6,636.4000000000001,swap,notBad
3446,8,800.6999999999998,6,636.4000000000001,2opt,improve
3447,8,803.6999999999998,6,636.4000000000001,swap,acceptBad
3448,8,803.6999999999998,6,636.4000000000001,2opt,notBad
3449,8,808.6999999999998,6,636.4000000000001,swap,acceptBad
3450,8,803.6999999999998,6,636.4000000000001,move,improve
3451,8,811.5999999999998,6,636.4000000000001,swap,acceptBad
3452,8,811.5999999999998,6,636.4000000000001,swap,notBad
3453,8,811.5999999999998,6,636.4000000000001,move,improve
3454,8,808.7999999999997,6,636.4000000000001,swap,improve
3455,8,808.7999999999996,6,636.4000000000001,move,improve
3456,7,788.0999999999997,6,636.4000000000001,2opt,improve
3457,7,779.6999999999996,6,636.4000000000001,swap,improve
3458,7,779.6999999999996,6,636.4000000000001,2opt,notBad
3459,7,783.3999999999996,6,636.4000000000001,swap,acceptBad
3460,7,783.3999999999996,6,636.4000000000001,move,improve
3461,7,783.3999999999996,6,636.4000000000001,move,improve
3462,7,783.3999999999996,6,636.4000000000001,swap,notBad
3463,7,783.3999999999996,6,636.4000000000001,2opt,notBad
3464,7,783.3999999999996,6,636.4000000000001,2opt,notBad
3465,7,783.3999999999996,6,636.4000000000001,2opt,improve
3466,7,786.6999999999997,6,636.4000000000001,swap,acceptBad
3467,7,786.6999999999997,6,636.4000000000001,swap,notBad
3468,7,786.6999999999997,6,636.4000000000001,2opt,notBad
3469,7,786.6999999999997,6,636.4000000000001,2opt,notBad
3470,7,781.3999999999997,6,636.4000000000001,move,improve
3471,7,781.3999999999997,6,636.4000000000001,2opt,notBad
3472,7,781.3999999999997,6,636.4000000000001,2opt,notBad
3473,7,781.3999999999997,6,636.4000000000001,2opt,notBad
3474,7,781.3999999999997,6,636.4000000000001,swap,notBad
3475,7,781.3999999999997,6,636.4000000000001,swap,notBad
3476,7,781.3999999999997,6,636.4000000000001,move,improve
3477,7,781.3999999999997,6,636.4000000000001,2opt,notBad
3478,7,781.3999999999997,6,636.4000000000001,move,improve
3479,7,781.3999999999997,6,636.4000000000001,2opt,improve
3480,7,786.4999999999998,6,636.4000000000001,swap,acceptBad
3481,7,786.4999999999998,6,636.4000000000001,2opt,notBad
3482,7,785.0999999999997,6,636.4000000000001,swap,improve
3483,7,785.0999999999997,6,636.4000000000001,move,improve
3484,7,784.2999999999997,6,636.4000000000001,move,improve
3485,7,775.9999999999998,6,636.4000000000001,move,improve
3486,7,775.9999999999998,6,636.4000000000001,move,improve
3487,7,775.9999999999998,6,636.4000000000001,move,improve
3488,7,775.9999999999998,6,636.4000000000001,move,improve
3489,7,775.9999999999998,6,636.4000000000001,move,improve
3490,7,775.9999999999998,6,636.4000000000001,2opt,notBad
3491,7,775.9999999999998,6,636.4000000000001,swap,notBad
3492,7,775.9999999999998,6,636.4000000000001,2opt,notBad
3493,7,775.9999999999998,6,636.4000000000001,2opt,improve
3494,7,775.9999999999998,6,636.4000000000001,2opt,notBad
3495,7,775.9999999999998,6,636.4000000000001,move,improve
3496,7,775.9999999999998,6,636.4000000000001,2opt,notBad
3497,7,775.9999999999998,6,636.4000000000001,2opt,notBad
3498,7,775.9999999999998,6,636.4000000000001,2opt,notBad
3499,7,783.5999999999998,6,636.4000000000001,swap,acceptBad
3500,7,783.5999999999998,6,636.4000000000001,move,improve
3501,7,783.5999999999998,6,636.4000000000001,move,improve
3502,7,781.0999999999998,6,636.4000000000001,move,improve
3503,7,779.1999999999998,6,636.4000000000001,swap,improve
3504,7,778.7999999999998,6,636.4000000000001,2opt,improve
3505,7,779.0999999999998,6,636.4000000000001,swap,acceptBad
3506,7,767.6999999999999,6,636.4000000000001,move,improve
3507,7,767.6999999999999,6,636.4000000000001,2opt,notBad
3508,7,773.6999999999999,6,636.4000000000001,swap,acceptBad
3509,7,773.6999999999999,6,636.4000000000001,2opt,notBad
3510,7,773.6999999999999,6,636.4000000000001,2opt,notBad
3511,7,771.5999999999999,6,636.4000000000001,move,improve
3512,7,771.5999999999999,6,636.4000000000001,move,improve
3513,7,771.4999999999999,6,636.4000000000001,move,improve
3514,7,771.4999999999999,6,636.4000000000001,2opt,notBad
3515,7,771.4999999999999,6,636.4000000000001,move,improve
3516,7,771.4999999999999,6,636.4000000000001,2opt,improve
3517,7,774.8999999999999,6,636.4000000000001,swap,acceptBad
3518,7,774.8999999999999,6,636.4000000000001,move,improve
3519,7,774.8999999999999,6,636.4000000000001,move,improve
3520,7,774.8999999999999,6,636.4000000000001,swap,notBad
3521,7,774.8999999999999,6,636.4000000000001,swap,notBad
3522,7,774.8999999999999,6,636.4000000000001,move,improve
3523,7,774.5999999999999,6,636.4000000000001,move,improve
3524,7,778.5999999999999,6,636.4000000000001,swap,acceptBad
3525,7,778.5999999999999,6,636.4000000000001,swap,notBad
3526,7,778.5999999999999,6,636.4000000000001,swap,notBad
3527,7,775.7999999999998,6,636.4000000000001,move,improve
3528,7,775.3,6,636.4000000000001,move,improve
3529,7,775.3,6,636.4000000000001,2opt,notBad
3530,7,775.3,6,636.4000000000001,swap,notBad
3531,7,775.3,6,636.4000000000001,2opt,notBad
3532,7,775.3,6,636.4000000000001,move,improve
3533,7,775.3,6,636.4000000000001,2opt,notBad
3534,7,775.3,6,636.4000000000001,2opt,notBad
3535,7,774.8,6,636.4000000000001,move,improve
3536,7,772.1,6,636.4000000000001,move,improve
3537,7,772.1,6,636.4000000000001,2opt,improve
3538,7,772.1,6,636.4000000000001,2opt,notBad
3539,7,768.1,6,636.4000000000001,move,improve
3540,7,768.1,6,636.4000000000001,move,improve
3541,7,768.1,6,636.4000000000001,2opt,notBad
3542,7,768.1,6,636.4000000000001,2opt,notBad
3543,7,766.6999999999999,6,636.4000000000001,swap,improve
3544,7,766.6999999999999,6,636.4000000000001,move,improve
3545,7,766.6999999999999,6,636.4000000000001,move,improve
3546,7,766.6999999999999,6,636.4000000000001,2opt,improve
3547,7,766.6999999999999,6,636.4000000000001,2opt,notBad
3548,7,766.6999999999999,6,636.4000000000001,2opt,notBad
3549,7,766.6999999999999,6,636.4000000000001,move,improve
3550,7,766.6999999999999,6,636.4000000000001,move,improve
3551,7,766.6999999999999,6,636.4000000000001,swap,notBad
3552,7,764.0,6,636.4000000000001,swap,improve
3553,7,764.0,6,636.4000000000001,2opt,notBad
3554,7,764.0,6,636.4000000000001,2opt,notBad
3555,7,764.0,6,636.4000000000001,2opt,notBad
3556,7,771.0,6,636.4000000000001,swap,acceptBad
3557,7,771.0,6,636.4000000000001,2opt,notBad
3558,7,771.0,6,636.4000000000001,2opt,improve
3559,7,773.9,6,636.4000000000001,swap,acceptBad
3560,7,773.9,6,636.4000000000001,move,improve
3561,7,773.9,6,636.4000000000001,swap,notBad
3562,7,773.9,6,636.4000000000001,swap,notBad
3563,7,773.9,6,636.4000000000001,2opt,notBad
3564,7,773.9,6,636.4000000000001,move,improve
3565,7,773.9,6,636.4000000000001,2opt,notBad
3566,7,771.0,6,636.4000000000001,swap,improve
3567,7,767.1999999999999,6,636.4000000000001,swap,improve
3568,7,767.1999999999999,6,636.4000000000001,2opt,notBad
3569,7,763.5999999999998,6,636.4000000000001,move,improve
3570,7,763.5999999999998,6,636.4000000000001,2opt,improve
3571,7,763.5999999999998,6,636.4000000000001,swap,notBad
3572,7,763.5999999999998,6,636.4000000000001,2opt,improve
3573,7,763.5999999999998,6,636.4000000000001,move,improve
3574,7,764.4999999999999,6,636.4000000000001,swap,acceptBad
3575,7,764.4999999999999,6,636.4000000000001,move,improve
3576,7,764.4999999999999,6,636.4000000000001,2opt,improve
3577,7,764.4999999999999,6,636.4000000000001,move,improve
3578,7,764.4999999999999,6,636.4000000000001,2opt,notBad
3579,7,764.4999999999999,6,636.4000000000001,2opt,notBad
3580,7,764.4999999999999,6,636.4000000000001,move,improve
3581,7,764.4999999999999,6,636.4000000000001,2opt,notBad
3582,7,764.4999999999999,6,636.4000000000001,move,improve
3583,7,766.4999999999999,6,636.4000000000001,swap,acceptBad
3584,7,766.4999999999999,6,636.4000000000001,move,improve
3585,7,766.4999999999999,6,636.4000000000001,move,improve
3586,7,766.4999999999999,6,636.4000000000001,2opt,improve
3587,7,766.4999999999999,6,636.4000000000001,2opt,improve
3588,7,766.4999999999999,6,636.4000000000001,2opt,notBad
3589,7,766.4999999999999,6,636.4000000000001,move,improve
3590,7,766.4999999999999,6,636.4000000000001,2opt,notBad
3591,7,766.4999999999999,6,636.4000000000001,move,improve
3592,7,765.7999999999998,6,636.4000000000001,move,improve
3593,7,761.8999999999999,6,636.4000000000001,move,improve
3594,7,761.7999999999998,6,636.4000000000001,move,improve
3595,7,761.7999999999998,6,636.4000000000001,2opt,notBad
3596,7,761.7999999999998,6,636.4000000000001,swap,notBad
3597,7,764.5999999999998,6,636.4000000000001,swap,acceptBad
3598,7,764.5999999999998,6,636.4000000000001,2opt,notBad
3599,7,764.5999999999998,6,636.4000000000001,2opt,notBad
3600,7,764.3999999999997,6,636.4000000000001,move,improve
3601,7,764.3999999999997,6,636.4000000000001,move,improve
3602,7,764.3999999999997,6,636.4000000000001,move,improve
3603,7,761.3999999999997,6,636.4000000000001,move,improve
3604,7,761.3999999999997,6,636.4000000000001,move,improve
3605,7,761.3999999999997,6,636.4000000000001,2opt,notBad
3606,7,761.3999999999997,6,636.4000000000001,2opt,notBad
3607,7,761.3999999999997,6,636.4000000000001,2opt,notBad
3608,7,760.7999999999998,6,636.4000000000001,move,improve
3609,7,760.7999999999998,6,636.4000000000001,2opt,notBad
3610,7,761.5999999999998,6,636.4000000000001,swap,acceptBad
3611,7,758.9999999999998,6,636.4000000000001,move,improve
3612,7,758.9999999999998,6,636.4000000000001,move,improve
3613,7,758.9999999999998,6,636.4000000000001,move,improve
3614,7,758.9999999999998,6,636.4000000000001,2opt,notBad
3615,7,758.9999999999998,6,636.4000000000001,2opt,notBad
3616,7,758.9999999999998,6,636.4000000000001,move,improve
3617,7,759.3999999999997,6,636.4000000000001,swap,acceptBad
3618,7,759.8999999999997,6,636.4000000000001,move,acceptBad
3619,7,759.8999999999997,6,636.4000000000001,swap,notBad
3620,7,759.8999999999997,6,636.4000000000001,2opt,notBad
3621,7,759.8999999999997,6,636.4000000000001,swap,notBad
3622,7,759.8999999999997,6,636.4000000000001,2opt,notBad
3623,7,760.4999999999999,6,636.4000000000001,swap,acceptBad
3624,7,760.4999999999999,6,636.4000000000001,swap,notBad
3625,7,760.4999999999999,6,636.4000000000001,swap,notBad
3626,7,756.9999999999999,6,636.4000000000001,swap,improve
3627,7,756.9999999999999,6,636.4000000000001,move,improve
3628,7,756.9999999999999,6,636.4000000000001,move,improve
3629,7,756.9999999999999,6,636.4000000000001,swap,notBad
3630,7,756.9999999999999,6,636.4000000000001,2opt,notBad
3631,7,752.8999999999999,6,636.4000000000001,move,improve
3632,7,749.4999999999999,6,636.4000000000001,swap,improve
3633,7,749.4999999999999,6,636.4000000000001,move,improve
3634,7,745.6999999999999,6,636.4000000000001,move,improve
3635,7,702.5,6,636.4000000000001,move,improve
3636,7,702.5,6,636.4000000000001,move,improve
3637,7,701.9000000000001,6,636.4000000000001,move,improve
3638,7,701.9000000000001,6,636.4000000000001,move,improve
3639,7,701.9000000000001,6,636.4000000000001,swap,notBad
3640,7,707.9000000000001,6,636.4000000000001,swap,acceptBad
3641,7,711.5000000000001,6,636.4000000000001,swap,acceptBad
3642,7,711.5000000000001,6,636.4000000000001,move,improve
3643,7,708.8000000000001,6,636.4000000000001,move,improve
3644,7,708.8000000000001,6,636.4000000000001,swap,notBad
3645,7,701.5000000000001,6,636.4000000000001,move,improve
3646,7,701.5000000000001,6,636.4000000000001,2opt,improve
3647,7,701.5000000000001,6,636.4000000000001,swap,notBad
3648,7,701.5000000000001,6,636.4000000000001,swap,notBad
3649,7,701.5000000000001,6,636.4000000000001,move,improve
3650,7,701.5000000000001,6,636.4000000000001,2opt,notBad
3651,7,701.5000000000001,6,636.4000000000001,move,improve
3652,7,701.5000000000001,6,636.4000000000001,swap,notBad
3653,7,699.2,6,636.4000000000001,move,improve
3654,7,699.2,6,636.4000000000001,swap,notBad
3655,7,695.6,6,636.4000000000001,move,improve
3656,7,695.6,6,636.4000000000001,2opt,improve
3657,7,695.6,6,636.4000000000001,2opt,notBad
3658,7,695.6,6,636.4000000000001,swap,notBad
3659,7,695.1,6,636.4000000000001,move,improve
3660,7,695.1,6,636.4000000000001,2opt,improve
3661,7,695.1,6,636.4000000000001,move,improve
3662,7,695.1,6,636.4000000000001,swap,notBad
3663,7,695.1,6,636.4000000000001,move,improve
3664,7,695.1,6,636.4000000000001,move,improve
3665,7,695.1,6,636.4000000000001,swap,notBad
3666,7,695.1,6,636.4000000000001,move,improve
3667,7,695.1,6,636.4000000000001,move,improve
3668,7,695.1,6,636.4000000000001,2opt,notBad
3669,7,695.1,6,636.4000000000001,move,improve
3670,7,695.1,6,636.4000000000001,move,improve
3671,7,695.1,6,636.4000000000001,2opt,notBad
3672,7,695.1,6,636.4000000000001,move,improve
3673,7,695.1,6,636.4000000000001,swap,notBad
3674,7,695.1,6,636.4000000000001,2opt,notBad
3675,7,695.1,6,636.4000000000001,2opt,notBad
3676,7,695.1,6,636.4000000000001,2opt,improve
3677,7,695.1,6,636.4000000000001,move,improve
3678,7,695.1,6,636.4000000000001,move,improve
3679,7,695.1,6,636.4000000000001,move,improve
3680,7,695.1,6,636.4000000000001,move,improve
3681,7,695.1,6,636.4000000000001,move,improve
3682,7,695.1,6,636.4000000000001,2opt,notBad
3683,7,695.1,6,636.4000000000001,swap,notBad
3684,7,695.1,6,636.4000000000001,2opt,improve
3685,7,695.1,6,636.4000000000001,2opt,notBad
3686,7,695.1,6,636.4000000000001,2opt,improve
3687,7,695.1,6,636.4000000000001,swap,notBad
3688,7,695.1,6,636.4000000000001,2opt,notBad
3689,7,695.1,6,636.4000000000001,swap,notBad
3690,7,693.1999999999999,6,636.4000000000001,move,improve
3691,7,693.1999999999999,6,636.4000000000001,2opt,notBad
3692,7,693.1999999999999,6,636.4000000000001,2opt,notBad
3693,7,688.1999999999999,6,636.4000000000001,move,improve
3694,7,688.1999999999999,6,636.4000000000001,move,improve
3695,7,688.1999999999999,6,636.4000000000001,2opt,improve
3696,7,688.1999999999999,6,636.4000000000001,2opt,notBad
3697,7,688.1999999999999,6,636.4000000000001,2opt,improve
3698,7,688.1999999999999,6,636.4000000000001,2opt,notBad
3699,7,688.1999999999999,6,636.4000000000001,swap,notBad
3700,7,688.1999999999999,6,636.4000000000001,2opt,notBad
3701,7,688.1999999999999,6,636.4000000000001,swap,notBad
3702,7,688.1999999999999,6,636.4000000000001,2opt,notBad
3703,7,688.1999999999999,6,636.4000000000001,swap,notBad
3704,7,688.1999999999999,6,636.4000000000001,move,notBad
3705,7,688.1999999999999,6,636.4000000000001,move,improve
3706,7,688.1999999999999,6,636.4000000000001,2opt,notBad
3707,7,688.1999999999999,6,636.4000000000001,swap,notBad
3708,7,688.1999999999999,6,636.4000000000001,swap,notBad
3709,7,688.1999999999999,6,636.4000000000001,swap,notBad
3710,7,688.1999999999999,6,636.4000000000001,2opt,notBad
3711,7,688.1999999999999,6,636.4000000000001,2opt,notBad
3712,7,688.1999999999999,6,636.4000000000001,move,improve
3713,7,688.1999999999999,6,636.4000000000001,2opt,notBad
3714,7,688.1999999999999,6,636.4000000000001,2opt,notBad
3715,7,688.1999999999999,6,636.4000000000001,swap,notBad
3716,7,688.1999999999999,6,636.4000000000001,2opt,improve
3717,7,688.1999999999999,6,636.4000000000001,move,improve
3718,7,693.5999999999999,6,636.4000000000001,swap,acceptBad
3719,7,693.5999999999999,6,636.4000000000001,2opt,notBad
3720,7,693.5999999999999,6,636.4000000000001,2opt,notBad
3721,7,693.1999999999999,6,636.4000000000001,move,improve
3722,7,693.1999999999999,6,636.4000000000001,swap,notBad
3723,7,693.1999999999999,6,636.4000000000001,move,improve
3724,7,693.1999999999999,6,636.4000000000001,2opt,notBad
3725,7,693.1999999999999,6,636.4000000000001,move,improve
3726,7,693.1999999999999,6,636.4000000000001,swap,notBad
3727,7,693.1999999999999,6,636.4000000000001,2opt,notBad
3728,7,693.1999999999999,6,636.4000000000001,move,improve
3729,7,693.1999999999999,6,636.4000000000001,move,improve
3730,7,693.1999999999999,6,636.4000000000001,2opt,notBad
3731,7,693.1999999999999,6,636.4000000000001,swap,notBad
3732,7,687.8,6,636.4000000000001,move,improve
3733,7,687.8,6,636.4000000000001,2opt,notBad
3734,7,683.9,6,636.4000000000001,move,improve
3735,7,683.9,6,636.4000000000001,2opt,notBad
3736,7,683.9,6,636.4000000000001,2opt,notBad
3737,7,683.9,6,636.4000000000001,move,improve
3738,7,683.9,6,636.4000000000001,move,improve
3739,7,683.9,6,636.4000000000001,2opt,notBad
3740,7,683.9,6,636.4000000000001,move,improve
3741,7,683.9,6,636.4000000000001,move,improve
3742,7,683.9,6,636.4000000000001,swap,notBad
3743,7,683.9,6,636.4000000000001,move,improve
3744,7,686.6999999999999,6,636.4000000000001,swap,acceptBad
3745,7,689.4999999999999,6,636.4000000000001,swap,acceptBad
3746,7,683.8,6,636.4000000000001,swap,improve
3747,7,683.8,6,636.4000000000001,2opt,notBad
3748,7,683.8,6,636.4000000000001,swap,notBad
3749,7,683.8,6,636.4000000000001,2opt,notBad
3750,7,688.3999999999999,6,636.4000000000001,swap,acceptBad
3751,7,688.3999999999999,6,636.4000000000001,swap,notBad
3752,7,690.0999999999999,6,636.4000000000001,swap,acceptBad
3753,7,690.0999999999999,6,636.4000000000001,2opt,notBad
3754,7,690.0999999999999,6,636.4000000000001,2opt,improve
3755,7,690.0999999999999,6,636.4000000000001,move,improve
3756,7,690.0999999999999,6,636.4000000000001,move,improve
3757,7,690.0999999999999,6,636.4000000000001,2opt,notBad
3758,7,690.0999999999999,6,636.4000000000001,swap,notBad
3759,7,690.0999999999999,6,636.4000000000001,swap,notBad
3760,7,690.0999999999999,6,636.4000000000001,2opt,notBad
3761,7,690.0999999999999,6,636.4000000000001,2opt,notBad
3762,7,690.0999999999999,6,636.4000000000001,2opt,notBad
3763,7,690.0999999999999,6,636.4000000000001,move,improve
3764,7,690.0999999999999,6,636.4000000000001,move,improve
3765,7,694.0999999999999,6,636.4000000000001,swap,acceptBad
3766,7,694.0999999999999,6,636.4000000000001,2opt,notBad
3767,7,694.0999999999999,6,636.4000000000001,2opt,notBad
3768,7,694.0999999999999,6,636.4000000000001,2opt,notBad
3769,7,694.0999999999999,6,636.4000000000001,swap,notBad
3770,7,694.0999999999999,6,636.4000000000001,swap,notBad
3771,7,694.0999999999999,6,636.4000000000001,2opt,notBad
3772,7,694.0999999999999,6,636.4000000000001,swap,notBad
3773,7,694.0999999999999,6,636.4000000000001,2opt,notBad
3774,7,694.0999999999999,6,636.4000000000001,swap,notBad
3775,7,694.0999999999999,6,636.4000000000001,swap,notBad
3776,7,699.0999999999999,6,636.4000000000001,swap,acceptBad
3777,7,699.0999999999999,6,636.4000000000001,move,notBad
3778,7,699.0999999999999,6,636.4000000000001,move,improve
3779,7,699.0999999999999,6,636.4000000000001,2opt,improve
3780,7,699.0999999999999,6,636.4000000000001,2opt,notBad
3781,7,699.0999999999999,6,636.4000000000001,2opt,notBad
3782,7,699.0999999999999,6,636.4000000000001,2opt,notBad
3783,7,699.0999999999999,6,636.4000000000001,2opt,notBad
3784,7,699.0999999999999,6,636.4000000000001,swap,notBad
3785,7,699.6999999999998,6,636.4000000000001,swap,acceptBad
3786,7,699.6999999999998,6,636.4000000000001,2opt,improve
3787,7,699.6999999999998,6,636.4000000000001,2opt,notBad
3788,7,699.6999999999998,6,636.4000000000001,swap,notBad
3789,7,699.6999999999998,6,636.4000000000001,2opt,notBad
3790,7,699.6999999999998,6,636.4000000000001,move,improve
3791,7,698.5999999999999,6,636.4000000000001,swap,improve
3792,7,698.5999999999999,6,636.4000000000001,2opt,notBad
3793,7,698.5999999999999,6,636.4000000000001,2opt,notBad
3794,7,696.3999999999999,6,636.4000000000001,move,improve
3795,7,696.3999999999999,6,636.4000000000001,2opt,notBad
3796,7,696.3999999999999,6,636.4000000000001,2opt,notBad
3797,7,696.3999999999999,6,636.4000000000001,2opt,notBad
3798,7,696.3999999999999,6,636.4000000000001,move,improve
3799,7,694.7999999999998,6,636.4000000000001,move,improve
3800,7,694.7999999999998,6,636.4000000000001,swap,notBad
3801,7,694.7999999999998,6,636.4000000000001,move,improve
3802,7,694.7999999999998,6,636.4000000000001,2opt,notBad
3803,7,694.7999999999998,6,636.4000000000001,2opt,notBad
3804,7,694.7999999999998,6,636.4000000000001,swap,notBad
3805,7,694.7999999999998,6,636.4000000000001,move,improve
3806,7,694.7999999999998,6,636.4000000000001,swap,notBad
3807,7,694.7999999999998,6,636.4000000000001,move,improve
3808,7,689.7999999999998,6,636.4000000000001,move,improve
3809,7,689.7999999999998,6,636.4000000000001,swap,notBad
3810,7,683.3999999999999,6,636.4000000000001,move,improve
3811,7,683.3999999999999,6,636.4000000000001,move,improve
3812,7,683.3999999999999,6,636.4000000000001,2opt,notBad
3813,7,683.3999999999999,6,636.4000000000001,2opt,notBad
3814,7,683.3999999999999,6,636.4000000000001,2opt,notBad
3815,7,683.3999999999999,6,636.4000000000001,move,improve
3816,7,683.3999999999999,6,636.4000000000001,2opt,notBad
3817,7,683.3999999999999,6,636.4000000000001,2opt,notBad
3818,7,683.3999999999999,6,636.4000000000001,swap,notBad
3819,7,683.3999999999999,6,636.4000000000001,swap,notBad
3820,7,683.3999999999999,6,636.4000000000001,swap,notBad
3821,7,683.3999999999999,6,636.4000000000001,swap,notBad
3822,7,683.9999999999999,6,636.4000000000001,swap,acceptBad
3823,7,683.9999999999999,6,636.4000000000001,2opt,notBad
3824,7,683.9999999999999,6,636.4000000000001,move,improve
3825,7,686.6999999999998,6,636.4000000000001,swap,acceptBad
3826,7,686.6999999999998,6,636.4000000000001,swap,notBad
3827,7,686.6999999999998,6,636.4000000000001,swap,notBad
3828,7,690.8999999999999,6,636.4000000000001,swap,acceptBad
3829,7,690.8999999999999,6,636.4000000000001,move,improve
3830,7,690.8999999999999,6,636.4000000000001,move,improve
3831,7,690.8999999999999,6,636.4000000000001,2opt,notBad
3832,7,690.8999999999999,6,636.4000000000001,swap,notBad
3833,7,690.8999999999999,6,636.4000000000001,move,improve
3834,7,692.3999999999999,6,636.4000000000001,swap,acceptBad
3835,7,692.3999999999999,6,636.4000000000001,move,improve
3836,7,692.3999999999999,6,636.4000000000001,2opt,improve
3837,7,692.3999999999999,6,636.4000000000001,2opt,notBad
3838,7,692.3999999999999,6,636.4000000000001,2opt,notBad
3839,7,688.3999999999999,6,636.4000000000001,swap,improve
3840,7,688.3999999999999,6,636.4000000000001,swap,notBad
3841,7,688.3999999999999,6,636.4000000000001,2opt,notBad
3842,7,686.9999999999999,6,636.4000000000001,move,improve
3843,7,689.9999999999999,6,636.4000000000001,swap,acceptBad
3844,7,689.9999999999999,6,636.4000000000001,move,improve
3845,6,631.5000000000001,6,631.5000000000001,move,newBest
3846,6,631.5000000000001,6,631.5000000000001,move,improve
3847,6,631.5000000000001,6,631.5000000000001,move,improve
3848,6,631.5000000000001,6,631.5000000000001,2opt,improve
3849,6,634.6,6,631.5000000000001,swap,acceptBad
3850,6,634.6,6,631.5000000000001,2opt,notBad
3851,6,634.6,6,631.5000000000001,swap,notBad
3852,6,634.6,6,631.5000000000001,swap,notBad
3853,6,630.4,6,630.4,swap,newBest
3854,6,630.4,6,630.4,move,improve
3855,6,630.4,6,630.4,2opt,notBad
3856,6,630.4,6,630.4,2opt,notBad
3857,6,630.4,6,630.4,2opt,notBad
3858,6,630.4,6,630.4,2opt,notBad
3859,6,630.4,6,630.4,swap,notBad
3860,6,630.4,6,630.4,2opt,notBad
3861,6,630.4,6,630.4,2opt,improve
3862,6,630.4,6,630.4,2opt,improve
3863,6,630.4,6,630.4,move,improve
3864,6,630.4,6,630.4,swap,notBad
3865,6,634.5,6,630.4,swap,acceptBad
3866,6,634.5,6,630.4,swap,notBad
3867,6,634.5,6,630.4,move,improve
3868,6,634.5,6,630.4,swap,notBad
3869,6,634.5,6,630.4,swap,notBad
3870,6,634.5,6,630.4,2opt,notBad
3871,6,634.5,6,630.4,2opt,notBad
3872,6,634.5,6,630.4,swap,notBad
3873,6,634.5,6,630.4,2opt,notBad
3874,6,637.3,6,630.4,swap,acceptBad
3875,6,637.3,6,630.4,2opt,notBad
3876,6,637.3,6,630.4,2opt,notBad
3877,6,637.3,6,630.4,move,improve
3878,6,634.7,6,630.4,move,improve
3879,6,634.7,6,630.4,2opt,notBad
3880,6,634.7,6,630.4,move,improve
3881,6,634.7,6,630.4,2opt,improve
3882,6,634.7,6,630.4,2opt,improve
3883,6,634.7,6,630.4,2opt,notBad
3884,6,634.7,6,630.4,move,improve
3885,6,634.7,6,630.4,move,improve
3886,6,634.7,6,630.4,swap,notBad
3887,6,634.7,6,630.4,2opt,notBad
3888,6,634.7,6,630.4,move,improve
3889,6,634.7,6,630.4,2opt,improve
3890,6,634.7,6,630.4,swap,notBad
3891,6,634.7,6,630.4,move,improve
3892,6,634.7,6,630.4,move,improve
3893,6,636.9,6,630.4,swap,acceptBad
3894,6,636.9,6,630.4,2opt,improve
3895,6,636.9,6,630.4,move,improve
3896,6,636.9,6,630.4,2opt,notBad
3897,6,636.9,6,630.4,move,improve
3898,6,636.9,6,630.4,swap,notBad
3899,6,636.9,6,630.4,2opt,improve
3900,6,636.9,6,630.4,move,improve
3901,6,630.6,6,630.4,swap,improve
3902,6,630.6,6,630.4,2opt,notBad
3903,6,630.6,6,630.4,2opt,improve
3904,6,630.6,6,630.4,move,improve
3905,6,630.6,6,630.4,2opt,notBad
3906,6,630.6,6,630.4,swap,notBad
3907,6,630.6,6,630.4,2opt,notBad
3908,6,630.6,6,630.4,swap,notBad
3909,6,627.3000000000001,6,627.3000000000001,swap,newBest
3910,6,627.3000000000001,6,627.3000000000001,move,improve
3911,6,627.3000000000001,6,627.3000000000001,2opt,notBad
3912,6,627.3000000000001,6,627.3000000000001,move,improve
3913,6,625.8000000000001,6,625.8000000000001,move,newBest
3914,6,628.8000000000001,6,625.8000000000001,swap,acceptBad
3915,6,628.8000000000001,6,625.8000000000001,2opt,notBad
3916,6,628.8000000000001,6,625.8000000000001,2opt,notBad
3917,6,628.8000000000001,6,625.8000000000001,swap,notBad
3918,6,625.8000000000001,6,625.8000000000001,move,improve
3919,6,625.8000000000001,6,625.8000000000001,2opt,notBad
3920,6,625.8000000000001,6,625.8000000000001,move,improve
3921,6,625.8000000000001,6,625.8000000000001,2opt,notBad
3922,6,625.8000000000001,6,625.8000000000001,2opt,notBad
3923,6,625.8000000000001,6,625.8000000000001,swap,notBad
3924,6,625.8000000000001,6,625.8000000000001,move,improve
3925,6,629.6,6,625.8000000000001,swap,acceptBad
3926,6,629.6,6,625.8000000000001,move,improve
3927,6,629.6,6,625.8000000000001,2opt,notBad
3928,6,629.6,6,625.8000000000001,2opt,notBad
3929,6,632.9000000000001,6,625.8000000000001,swap,acceptBad
3930,6,632.9000000000001,6,625.8000000000001,2opt,notBad
3931,6,632.9000000000001,6,625.8000000000001,2opt,notBad
3932,6,632.9000000000001,6,625.8000000000001,2opt,notBad
3933,6,632.9000000000001,6,625.8000000000001,2opt,notBad
3934,6,632.9000000000001,6,625.8000000000001,move,improve
3935,6,631.5000000000001,6,625.8000000000001,move,improve
3936,6,631.5000000000001,6,625.8000000000001,swap,notBad
3937,6,631.5000000000001,6,625.8000000000001,2opt,notBad
3938,6,631.5000000000001,6,625.8000000000001,move,improve
3939,6,631.5000000000001,6,625.8000000000001,move,improve
3940,6,631.5000000000001,6,625.8000000000001,2opt,notBad
3941,6,631.5000000000001,6,625.8000000000001,2opt,improve
3942,6,631.5000000000001,6,625.8000000000001,2opt,notBad
3943,6,631.5000000000001,6,625.8000000000001,move,notBad
3944,6,631.5000000000001,6,625.8000000000001,move,improve
3945,6,628.2,6,625.8000000000001,move,improve
3946,6,621.6,6,621.6,move,newBest
3947,6,621.6,6,621.6,2opt,notBad
3948,6,621.6,6,621.6,move,improve
3949,6,621.6,6,621.6,swap,notBad
3950,6,617.8000000000001,6,617.8000000000001,move,newBest
3951,6,617.8000000000001,6,617.8000000000001,2opt,improve
3952,6,617.8000000000001,6,617.8000000000001,move,improve
3953,6,617.8000000000001,6,617.8000000000001,move,improve
3954,6,617.8000000000001,6,617.8000000000001,swap,notBad
3955,6,617.8000000000001,6,617.8000000000001,swap,notBad
3956,6,617.8000000000001,6,617.8000000000001,2opt,notBad
3957,6,617.8000000000001,6,617.8000000000001,move,improve
3958,6,617.8000000000001,6,617.8000000000001,move,improve
3959,6,617.8000000000001,6,617.8000000000001,swap,notBad
3960,6,617.8000000000001,6,617.8000000000001,swap,notBad
3961,6,617.8000000000001,6,617.8000000000001,2opt,notBad
3962,6,619.4000000000001,6,617.8000000000001,swap,acceptBad
3963,6,619.4000000000001,6,617.8000000000001,2opt,improve
3964,6,617.4000000000001,6,617.4000000000001,swap,newBest
3965,6,617.4000000000001,6,617.4000000000001,2opt,notBad
3966,6,617.4000000000001,6,617.4000000000001,move,improve
3967,6,617.4000000000001,6,617.4000000000001,swap,notBad
3968,6,617.4000000000001,6,617.4000000000001,move,improve
3969,6,617.4000000000001,6,617.4000000000001,swap,notBad
3970,6,617.4000000000001,6,617.4000000000001,move,improve
3971,6,617.4000000000001,6,617.4000000000001,swap,improve
3972,6,617.4000000000001,6,617.4000000000001,2opt,notBad
3973,6,617.4000000000001,6,617.4000000000001,move,improve
3974,6,617.4000000000001,6,617.4000000000001,swap,notBad
3975,6,619.0,6,617.4000000000001,swap,acceptBad
3976,6,619.0,6,617.4000000000001,move,improve
3977,6,619.0,6,617.4000000000001,swap,notBad
3978,6,619.0,6,617.4000000000001,2opt,notBad
3979,6,619.0,6,617.4000000000001,2opt,notBad
3980,6,619.0,6,617.4000000000001,swap,notBad
3981,6,619.0,6,617.4000000000001,swap,notBad
3982,6,619.0,6,617.4000000000001,swap,notBad
3983,6,619.0,6,617.4000000000001,2opt,notBad
3984,6,619.3000000000001,6,617.4000000000001,swap,acceptBad
3985,6,619.3000000000001,6,617.4000000000001,2opt,improve
3986,6,619.3000000000001,6,617.4000000000001,2opt,notBad
3987,6,619.3000000000001,6,617.4000000000001,2opt,improve
3988,6,619.3000000000001,6,617.4000000000001,2opt,notBad
3989,6,619.3000000000001,6,617.4000000000001,swap,notBad
3990,6,619.3000000000001,6,617.4000000000001,swap,notBad
3991,6,619.3000000000001,6,617.4000000000001,2opt,notBad
3992,6,619.3000000000001,6,617.4000000000001,2opt,improve
3993,6,619.3000000000001,6,617.4000000000001,swap,notBad
3994,6,619.3000000000001,6,617.4000000000001,2opt,notBad
3995,6,619.3000000000001,6,617.4000000000001,2opt,notBad
3996,6,619.3000000000001,6,617.4000000000001,swap,notBad
3997,6,619.3000000000001,6,617.4000000000001,2opt,notBad
3998,6,619.3000000000001,6,617.4000000000001,2opt,notBad
3999,6,619.3000000000001,6,617.4000000000001,2opt,notBad
4000,6,619.3000000000001,6,617.4000000000001,swap,notBad
4001,6,619.3000000000001,6,617.4000000000001,swap,notBad
4002,6,619.3000000000001,6,617.4000000000001,2opt,notBad
4003,6,617.7,6,617.4000000000001,swap,improve
4004,6,617.7,6,617.4000000000001,move,improve
4005,6,617.7,6,617.4000000000001,swap,notBad
4006,6,615.0,6,615.0,swap,newBest
4007,6,615.0,6,615.0,swap,improve
4008,6,613.4,6,613.4,move,newBest
4009,6,613.4,6,613.4,2opt,notBad
4010,6,613.4,6,613.4,swap,notBad
4011,6,617.0,6,613.4,swap,acceptBad
4012,6,617.0,6,613.4,2opt,improve
4013,6,617.0,6,613.4,swap,notBad
4014,6,617.0,6,613.4,swap,notBad
4015,6,617.0,6,613.4,move,improve
4016,6,617.0,6,613.4,swap,notBad
4017,6,617.0,6,613.4,swap,notBad
4018,6,617.0,6,613.4,2opt,improve
4019,6,617.0,6,613.4,swap,notBad
4020,6,617.0,6,613.4,move,improve
4021,6,617.0,6,613.4,move,improve
4022,6,617.0,6,613.4,move,improve
4023,6,617.0,6,613.4,move,improve
4024,6,617.0,6,613.4,swap,notBad
4025,6,617.0,6,613.4,move,improve
4026,6,617.0,6,613.4,move,improve
4027,6,614.4,6,613.4,swap,improve
4028,6,614.4,6,613.4,swap,notBad
4029,6,614.4,6,613.4,swap,notBad
4030,6,614.4,6,613.4,2opt,notBad
4031,6,615.9,6,613.4,swap,acceptBad
4032,6,615.9,6,613.4,move,improve
4033,6,615.9,6,613.4,2opt,notBad
4034,6,615.9,6,613.4,move,improve
4035,6,615.9,6,613.4,swap,notBad
4036,6,615.9,6,613.4,swap,notBad
4037,6,615.9,6,613.4,swap,notBad
4038,6,615.9,6,613.4,2opt,improve
4039,6,615.9,6,613.4,2opt,improve
4040,6,615.9,6,613.4,2opt,notBad
4041,6,617.4,6,613.4,swap,acceptBad
4042,6,617.4,6,613.4,2opt,notBad
4043,6,617.4,6,613.4,2opt,notBad
4044,6,617.4,6,613.4,2opt,notBad
4045,6,615.9,6,613.4,move,improve
4046,6,615.9,6,613.4,move,improve
4047,6,615.9,6,613.4,move,improve
4048,6,615.9,6,613.4,move,improve
4049,6,615.9,6,613.4,swap,notBad
4050,6,615.9,6,613.4,swap,improve
4051,6,615.9,6,613.4,2opt,notBad
4052,6,615.9,6,613.4,2opt,notBad
4053,6,615.9,6,613.4,swap,notBad
4054,6,615.9,6,613.4,swap,notBad
4055,6,615.9,6,613.4,move,improve
4056,6,615.9,6,613.4,move,improve
4057,6,615.9,6,613.4,move,improve
4058,6,615.9,6,613.4,2opt,notBad
4059,6,615.9,6,613.4,2opt,notBad
4060,6,615.9,6,613.4,2opt,notBad
4061,6,615.9,6,613.4,2opt,notBad
4062,6,615.9,6,613.4,2opt,notBad
4063,6,615.9,6,613.4,swap,notBad
4064,6,617.3,6,613.4,swap,acceptBad
4065,6,617.3,6,613.4,move,improve
4066,6,617.3,6,613.4,swap,notBad
4067,6,617.3,6,613.4,move,improve
4068,6,617.3,6,613.4,swap,notBad
4069,6,620.4,6,613.4,swap,acceptBad
4070,6,620.4,6,613.4,move,improve
4071,6,620.4,6,613.4,2opt,improve
4072,6,616.8,6,613.4,move,improve
4073,6,616.8,6,613.4,move,improve
4074,6,616.8,6,613.4,2opt,notBad
4075,6,616.8,6,613.4,swap,notBad
4076,6,616.8,6,613.4,swap,notBad
4077,6,616.8,6,613.4,move,improve
4078,6,616.8,6,613.4,2opt,notBad
4079,6,616.8,6,613.4,2opt,notBad
4080,6,616.8,6,613.4,move,improve
4081,6,616.8,6,613.4,swap,notBad
4082,6,616.8,6,613.4,swap,notBad
4083,6,615.3,6,613.4,move,improve
4084,6,612.1999999999999,6,612.1999999999999,swap,newBest
4085,6,612.1999999999999,6,612.1999999999999,2opt,notBad
4086,6,607.4,6,607.4,move,newBest
4087,6,607.4,6,607.4,move,improve
4088,6,607.4,6,607.4,swap,notBad
4089,6,607.4,6,607.4,swap,notBad
4090,6,607.4,6,607.4,swap,notBad
4091,6,607.4,6,607.4,move,improve
4092,6,607.4,6,607.4,swap,notBad
4093,6,610.0,6,607.4,swap,acceptBad
4094,6,610.0,6,607.4,2opt,notBad
4095,6,612.6,6,607.4,swap,acceptBad
4096,6,613.8000000000001,6,607.4,swap,acceptBad
4097,6,612.1,6,607.4,swap,improve
4098,6,612.1,6,607.4,2opt,notBad
4099,6,612.1,6,607.4,2opt,notBad
4100,6,612.1,6,607.4,move,improve
4101,6,612.1,6,607.4,swap,notBad
4102,6,612.1,6,607.4,move,improve
4103,6,612.1,6,607.4,move,improve
4104,6,612.1,6,607.4,move,improve
4105,6,612.1,6,607.4,move,improve
4106,6,612.1,6,607.4,swap,notBad
4107,6,612.1,6,607.4,move,improve
4108,6,612.1,6,607.4,2opt,notBad
4109,6,612.1,6,607.4,move,improve
4110,6,612.1,6,607.4,move,improve
4111,6,612.1,6,607.4,move,improve
4112,6,612.1,6,607.4,move,improve
4113,6,612.1,6,607.4,2opt,notBad
4114,6,612.1,6,607.4,move,improve
4115,6,612.1,6,607.4,swap,notBad
4116,6,612.1,6,607.4,2opt,notBad
4117,6,611.1999999999999,6,607.4,move,improve
4118,6,611.1999999999999,6,607.4,2opt,notBad
4119,6,612.6999999999999,6,607.4,swap,acceptBad
4120,6,612.6999999999999,6,607.4,2opt,notBad
4121,6,612.6999999999999,6,607.4,move,improve
4122,6,612.6999999999999,6,607.4,2opt,notBad
4123,6,612.6999999999999,6,607.4,2opt,notBad
4124,6,612.6999999999999,6,607.4,swap,notBad
4125,6,616.5,6,607.4,swap,acceptBad
4126,6,615.1,6,607.4,move,improve
4127,6,615.1,6,607.4,swap,notBad
4128,6,615.1,6,607.4,move,improve
4129,6,615.1,6,607.4,2opt,improve
4130,6,615.1,6,607.4,move,improve
4131,6,615.1,6,607.4,2opt,improve
4132,6,615.1,6,607.4,move,improve
4133,6,615.1,6,607.4,move,improve
4134,6,613.7,6,607.4,swap,improve
4135,6,613.7,6,607.4,2opt,notBad
4136,6,613.7,6,607.4,swap,notBad
4137,6,612.6,6,607.4,move,improve
4138,6,612.6,6,607.4,2opt,notBad
4139,6,612.6,6,607.4,2opt,notBad
4140,6,612.6,6,607.4,move,improve
4141,6,612.6,6,607.4,move,improve
4142,6,612.6,6,607.4,move,improve
4143,6,612.6,6,607.4,2opt,notBad
4144,6,612.6,6,607.4,swap,notBad
4145,6,612.6,6,607.4,swap,notBad
4146,6,612.6,6,607.4,2opt,notBad
4147,6,612.6,6,607.4,2opt,notBad
4148,6,612.6,6,607.4,2opt,notBad
4149,6,612.6,6,607.4,move,improve
4150,6,625.5000000000001,6,607.4,move,acceptBad
4151,6,625.5000000000001,6,607.4,2opt,notBad
4152,6,625.5000000000001,6,607.4,2opt,notBad
4153,6,625.5000000000001,6,607.4,2opt,notBad
4154,6,625.5000000000001,6,607.4,swap,notBad
4155,6,625.5000000000001,6,607.4,move,improve
4156,6,625.5000000000001,6,607.4,2opt,notBad
4157,6,625.5000000000001,6,607.4,move,improve
4158,6,629.6,6,607.4,swap,acceptBad
4159,6,629.6,6,607.4,move,improve
4160,6,627.8000000000001,6,607.4,move,improve
4161,6,627.8000000000001,6,607.4,2opt,notBad
4162,6,627.8000000000001,6,607.4,move,improve
4163,6,627.8000000000001,6,607.4,move,improve
4164,6,627.8000000000001,6,607.4,swap,notBad
4165,6,629.3000000000001,6,607.4,swap,acceptBad
4166,6,629.3000000000001,6,607.4,2opt,notBad
4167,6,629.3000000000001,6,607.4,2opt,notBad
4168,6,629.3000000000001,6,607.4,2opt,notBad
4169,6,629.3000000000001,6,607.4,2opt,notBad
4170,6,629.2,6,607.4,move,improve
4171,6,629.2,6,607.4,move,improve
4172,6,629.2,6,607.4,move,improve
4173,6,629.2,6,607.4,move,improve
4174,6,625.4000000000001,6,607.4,move,improve
4175,6,625.4000000000001,6,607.4,2opt,notBad
4176,6,625.4000000000001,6,607.4,move,improve
4177,6,625.4000000000001,6,607.4,swap,notBad
4178,6,625.4000000000001,6,607.4,2opt,notBad
4179,6,625.4000000000001,6,607.4,2opt,notBad
4180,6,625.4000000000001,6,607.4,move,improve
4181,6,625.4000000000001,6,607.4,move,improve
4182,6,625.4000000000001,6,607.4,2opt,notBad
4183,6,625.4000000000001,6,607.4,2opt,notBad
4184,6,625.4000000000001,6,607.4,swap,notBad
4185,6,625.4000000000001,6,607.4,swap,notBad
4186,6,626.9000000000001,6,607.4,swap,acceptBad
4187,6,625.4000000000001,6,607.4,move,improve
4188,6,625.4000000000001,6,607.4,2opt,notBad
4189,6,625.4000000000001,6,607.4,move,improve
4190,6,625.4000000000001,6,607.4,swap,notBad
4191,6,625.4000000000001,6,607.4,swap,notBad
4192,6,625.4000000000001,6,607.4,2opt,notBad
4193,6,625.4000000000001,6,607.4,2opt,notBad
4194,6,625.5000000000001,6,607.4,swap,acceptBad
4195,6,625.5000000000001,6,607.4,move,improve
4196,6,625.5000000000001,6,607.4,swap,notBad
4197,6,625.5000000000001,6,607.4,move,improve
4198,6,625.5000000000001,6,607.4,2opt,notBad
4199,6,625.5000000000001,6,607.4,swap,notBad
4200,6,626.7,6,607.4,swap,acceptBad
4201,6,629.5,6,607.4,swap,acceptBad
4202,6,629.0,6,607.4,move,improve
4203,6,629.0,6,607.4,2opt,notBad
4204,6,623.7,6,607.4,move,improve
4205,6,623.7,6,607.4,2opt,notBad
4206,6,623.7,6,607.4,swap,notBad
4207,6,623.7,6,607.4,2opt,notBad
4208,6,623.7,6,607.4,move,improve
4209,6,623.7,6,607.4,swap,notBad
4210,6,623.7,6,607.4,2opt,notBad
4211,6,623.7,6,607.4,2opt,notBad
4212,6,623.7,6,607.4,2opt,notBad
4213,6,623.7,6,607.4,move,improve
4214,6,623.7,6,607.4,move,improve
4215,6,623.7,6,607.4,swap,notBad
4216,6,623.7,6,607.4,move,improve
4217,6,625.2,6,607.4,swap,acceptBad
4218,6,625.2,6,607.4,swap,notBad
4219,6,623.7,6,607.4,swap,improve
4220,6,626.0,6,607.4,swap,acceptBad
4221,6,626.0,6,607.4,swap,notBad
4222,6,626.0,6,607.4,2opt,notBad
4223,6,626.0,6,607.4,2opt,notBad
4224,6,626.0,6,607.4,swap,notBad
4225,6,626.0,6,607.4,2opt,notBad
4226,6,626.0,6,607.4,move,improve
4227,6,626.0,6,607.4,move,improve
4228,6,626.0,6,607.4,2opt,notBad
4229,6,626.0,6,607.4,swap,improve
4230,6,626.0,6,607.4,2opt,improve
4231,6,626.0,6,607.4,swap,notBad
4232,6,626.0,6,607.4,swap,notBad
4233,6,626.0,6,607.4,2opt,notBad
4234,6,624.0,6,607.4,swap,improve
4235,6,624.0,6,607.4,2opt,improve
4236,6,624.0,6,607.4,2opt,notBad
4237,6,624.0,6,607.4,2opt,notBad
4238,6,624.0,6,607.4,2opt,improve
4239,6,624.0,6,607.4,2opt,notBad
4240,6,624.0,6,607.4,move,improve
4241,6,624.0,6,607.4,swap,improve
4242,6,624.0,6,607.4,move,improve
4243,6,624.0,6,607.4,move,improve
4244,6,624.0,6,607.4,swap,notBad
4245,6,624.0,6,607.4,move,improve
4246,6,624.0,6,607.4,2opt,improve
4247,6,624.0,6,607.4,2opt,notBad
4248,6,624.0,6,607.4,swap,notBad
4249,6,624.0,6,607.4,2opt,notBad
4250,6,624.0,6,607.4,swap,notBad
4251,6,624.0,6,607.4,swap,notBad
4252,6,624.0,6,607.4,move,improve
4253,6,624.0,6,607.4,swap,improve
4254,6,624.0,6,607.4,swap,notBad
4255,6,624.0,6,607.4,2opt,notBad
4256,6,624.0,6,607.4,2opt,notBad
4257,6,624.0,6,607.4,move,improve
4258,6,624.0,6,607.4,swap,notBad
4259,6,624.0,6,607.4,swap,notBad
4260,6,624.0,6,607.4,2opt,improve
4261,6,618.1,6,607.4,move,improve
4262,6,618.1,6,607.4,move,improve
4263,6,618.1,6,607.4,2opt,notBad
4264,6,618.1,6,607.4,swap,notBad
4265,6,618.1,6,607.4,move,improve
4266,6,616.6,6,607.4,move,improve
4267,6,616.6,6,607.4,2opt,notBad
4268,6,616.6,6,607.4,move,improve
4269,6,616.6,6,607.4,swap,notBad
4270,6,616.6,6,607.4,swap,notBad
4271,6,620.5000000000001,6,607.4,swap,acceptBad
4272,6,620.5000000000001,6,607.4,swap,notBad
4273,6,620.5000000000001,6,607.4,move,improve
4274,6,617.5000000000001,6,607.4,move,improve
4275,6,617.5000000000001,6,607.4,2opt,improve
4276,6,617.5000000000001,6,607.4,move,improve
4277,6,617.5000000000001,6,607.4,move,improve
4278,6,617.5000000000001,6,607.4,2opt,notBad
4279,6,617.5000000000001,6,607.4,2opt,improve
4280,6,617.5000000000001,6,607.4,move,improve
4281,6,617.5000000000001,6,607.4,move,improve
4282,6,617.5000000000001,6,607.4,2opt,notBad
4283,6,617.5000000000001,6,607.4,move,improve
4284,6,617.5000000000001,6,607.4,2opt,improve
4285,6,617.5000000000001,6,607.4,swap,notBad
4286,6,617.5000000000001,6,607.4,2opt,improve
4287,6,617.5000000000001,6,607.4,swap,notBad
4288,6,617.5000000000001,6,607.4,swap,notBad
4289,6,617.5000000000001,6,607.4,move,improve
4290,6,617.5000000000001,6,607.4,2opt,notBad
4291,6,621.5000000000001,6,607.4,swap,acceptBad
4292,6,621.5000000000001,6,607.4,swap,notBad
4293,6,621.5000000000001,6,607.4,swap,notBad
4294,6,621.5000000000001,6,607.4,2opt,notBad
4295,6,621.5000000000001,6,607.4,move,improve
4296,6,621.5000000000001,6,607.4,2opt,notBad
4297,6,621.5000000000001,6,607.4,move,improve
4298,6,621.5000000000001,6,607.4,2opt,notBad
4299,6,621.5000000000001,6,607.4,move,improve
4300,6,621.5000000000001,6,607.4,move,improve
4301,6,621.5000000000001,6,607.4,2opt,notBad
4302,6,621.5000000000001,6,607.4,move,improve
4303,6,621.5000000000001,6,607.4,move,improve
4304,6,621.5000000000001,6,607.4,2opt,notBad
4305,6,621.5000000000001,6,607.4,2opt,notBad
4306,6,621.5000000000001,6,607.4,move,improve
4307,6,621.5000000000001,6,607.4,move,improve
4308,6,621.5000000000001,6,607.4,swap,notBad
4309,6,621.5000000000001,6,607.4,swap,improve
4310,6,621.5000000000001,6,607.4,2opt,improve
4311,6,621.5000000000001,6,607.4,swap,notBad
4312,6,621.5000000000001,6,607.4,move,improve
4313,6,621.5000000000001,6,607.4,2opt,notBad
4314,6,621.5000000000001,6,607.4,swap,notBad
4315,6,621.5000000000001,6,607.4,2opt,notBad
4316,6,621.5000000000001,6,607.4,move,improve
4317,6,620.8000000000001,6,607.4,move,improve
4318,6,620.8000000000001,6,607.4,swap,notBad
4319,6,620.8000000000001,6,607.4,move,improve
4320,6,620.8000000000001,6,607.4,2opt,improve
4321,6,620.8000000000001,6,607.4,2opt,notBad
4322,6,620.8000000000001,6,607.4,move,improve
4323,6,620.8000000000001,6,607.4,move,improve
4324,6,620.8000000000001,6,607.4,2opt,notBad
4325,6,620.8000000000001,6,607.4,swap,notBad
4326,6,620.8000000000001,6,607.4,swap,notBad
4327,6,620.8000000000001,6,607.4,2opt,notBad
4328,6,620.8000000000001,6,607.4,swap,notBad
4329,6,620.8000000000001,6,607.4,2opt,notBad
4330,6,620.8000000000001,6,607.4,move,improve
4331,6,620.8000000000001,6,607.4,2opt,notBad
4332,6,620.8000000000001,6,607.4,swap,notBad
4333,6,620.8000000000001,6,607.4,2opt,notBad
4334,6,620.8000000000001,6,607.4,move,improve
4335,6,620.8000000000001,6,607.4,2opt,improve
4336,6,623.6,6,607.4,swap,acceptBad
4337,6,623.6,6,607.4,swap,notBad
4338,6,623.6,6,607.4,2opt,notBad
4339,6,623.6,6,607.4,2opt,notBad
4340,6,625.9,6,607.4,swap,acceptBad
4341,6,625.9,6,607.4,2opt,notBad
4342,6,623.6,6,607.4,swap,improve
4343,6,623.6,6,607.4,2opt,notBad
4344,6,623.6,6,607.4,swap,notBad
4345,6,623.6,6,607.4,move,improve
4346,6,623.6,6,607.4,move,improve
4347,6,623.6,6,607.4,swap,notBad
4348,6,623.6,6,607.4,move,improve
4349,6,623.6,6,607.4,swap,notBad
4350,6,623.6,6,607.4,move,improve
4351,6,623.6,6,607.4,2opt,notBad
4352,6,623.6,6,607.4,move,improve
4353,6,623.6,6,607.4,2opt,notBad
4354,6,623.6,6,607.4,swap,notBad
4355,6,623.6,6,607.4,2opt,notBad
4356,6,621.6000000000001,6,607.4,move,improve
4357,6,621.6000000000001,6,607.4,swap,notBad
4358,6,621.6000000000001,6,607.4,move,improve
4359,6,621.6000000000001,6,607.4,2opt,notBad
4360,6,621.6000000000001,6,607.4,move,improve
4361,6,621.6000000000001,6,607.4,move,improve
4362,6,621.6000000000001,6,607.4,swap,notBad
4363,6,621.6000000000001,6,607.4,move,improve
4364,6,621.6000000000001,6,607.4,swap,notBad
4365,6,621.6000000000001,6,607.4,move,improve
4366,6,624.1,6,607.4,swap,acceptBad
4367,6,624.1,6,607.4,swap,notBad
4368,6,624.1,6,607.4,move,improve
4369,6,624.1,6,607.4,swap,notBad
4370,6,624.1,6,607.4,move,improve
4371,6,624.1,6,607.4,move,improve
4372,6,624.1,6,607.4,2opt,notBad
4373,6,624.1,6,607.4,2opt,improve
4374,6,624.1,6,607.4,swap,notBad
4375,6,621.5,6,607.4,move,improve
4376,6,621.5,6,607.4,move,improve
4377,6,621.5,6,607.4,swap,notBad
4378,6,621.5,6,607.4,swap,notBad
4379,5,557.5,5,557.5,move,newBest
4380,5,555.2,5,555.2,move,newBest
4381,5,555.2,5,555.2,2opt,notBad
4382,5,555.2,5,555.2,swap,notBad
4383,5,555.2,5,555.2,swap,notBad
4384,5,555.2,5,555.2,swap,notBad
4385,5,555.2,5,555.2,2opt,notBad
4386,5,555.2,5,555.2,2opt,notBad
4387,5,555.2,5,555.2,2opt,notBad
4388,5,555.2,5,555.2,2opt,notBad
4389,5,555.2,5,555.2,swap,notBad
4390,5,555.2,5,555.2,2opt,notBad
4391,5,555.2,5,555.2,move,improve
4392,5,555.2,5,555.2,2opt,notBad
4393,5,555.2,5,555.2,2opt,notBad
4394,5,555.2,5,555.2,move,improve
4395,5,555.2,5,555.2,swap,notBad
4396,5,559.0,5,555.2,swap,acceptBad
4397,5,559.0,5,555.2,move,improve
4398,5,559.0,5,555.2,move,improve
4399,5,559.0,5,555.2,move,improve
4400,5,559.0,5,555.2,2opt,improve
4401,5,559.0,5,555.2,2opt,improve
4402,5,559.0,5,555.2,2opt,notBad
4403,5,556.2,5,555.2,swap,improve
4404,5,556.2,5,555.2,move,improve
4405,5,556.2,5,555.2,2opt,notBad
4406,5,556.2,5,555.2,swap,notBad
4407,5,556.2,5,555.2,move,improve
4408,5,556.2,5,555.2,swap,notBad
4409,5,556.2,5,555.2,swap,notBad
4410,5,556.2,5,555.2,2opt,notBad
4411,5,556.2,5,555.2,swap,notBad
4412,5,556.2,5,555.2,2opt,notBad
4413,5,556.2,5,555.2,move,improve
4414,5,556.2,5,555.2,swap,notBad
4415,5,556.2,5,555.2,2opt,notBad
4416,5,556.2,5,555.2,swap,notBad
4417,5,556.2,5,555.2,move,improve
4418,5,556.2,5,555.2,swap,notBad
4419,5,556.2,5,555.2,move,improve
4420,5,556.2,5,555.2,move,improve
4421,5,556.2,5,555.2,2opt,notBad
4422,5,556.2,5,555.2,swap,notBad
4423,5,556.2,5,555.2,move,improve
4424,5,556.2,5,555.2,move,improve
4425,5,556.2,5,555.2,2opt,improve
4426,5,554.8000000000001,5,554.8000000000001,move,newBest
4427,5,560.8000000000001,5,554.8000000000001,move,acceptBad
4428,5,560.8000000000001,5,554.8000000000001,2opt,notBad
4429,5,560.8000000000001,5,554.8000000000001,move,improve
4430,5,560.8000000000001,5,554.8000000000001,move,improve
4431,5,560.8000000000001,5,554.8000000000001,move,improve
4432,5,560.8000000000001,5,554.8000000000001,2opt,notBad
4433,5,560.8000000000001,5,554.8000000000001,move,improve
4434,5,560.8000000000001,5,554.8000000000001,2opt,improve
4435,5,560.8000000000001,5,554.8000000000001,swap,notBad
4436,5,560.8000000000001,5,554.8000000000001,move,improve
4437,5,560.8000000000001,5,554.8000000000001,2opt,notBad
4438,5,564.1,5,554.8000000000001,swap,acceptBad
4439,5,564.1,5,554.8000000000001,2opt,notBad
4440,5,564.1,5,554.8000000000001,move,improve
4441,5,560.8000000000001,5,554.8000000000001,swap,improve
4442,5,560.8000000000001,5,554.8000000000001,move,improve
4443,5,560.8000000000001,5,554.8000000000001,swap,notBad
4444,5,560.8000000000001,5,554.8000000000001,swap,notBad
4445,5,560.8000000000001,5,554.8000000000001,2opt,notBad
4446,5,560.8000000000001,5,554.8000000000001,2opt,notBad
4447,5,560.8000000000001,5,554.8000000000001,swap,notBad
4448,5,560.8000000000001,5,554.8000000000001,move,improve
4449,5,560.8000000000001,5,554.8000000000001,move,improve
4450,5,560.8000000000001,5,554.8000000000001,2opt,notBad
4451,5,560.8000000000001,5,554.8000000000001,2opt,notBad
4452,5,562.2,5,554.8000000000001,swap,acceptBad
4453,5,562.2,5,554.8000000000001,2opt,notBad
4454,5,562.2,5,554.8000000000001,swap,notBad
4455,5,562.2,5,554.8000000000001,2opt,notBad
4456,5,562.2,5,554.8000000000001,2opt,improve
4457,5,562.2,5,554.8000000000001,swap,notBad
4458,5,558.2,5,554.8000000000001,swap,improve
4459,5,558.2,5,554.8000000000001,2opt,improve
4460,5,558.2,5,554.8000000000001,2opt,notBad
4461,5,558.2,5,554.8000000000001,swap,notBad
4462,5,558.2,5,554.8000000000001,move,improve
4463,5,558.2,5,554.8000000000001,2opt,improve
4464,5,558.2,5,554.8000000000001,swap,notBad
4465,5,558.2,5,554.8000000000001,swap,notBad
4466,5,558.2,5,554.8000000000001,2opt,notBad
4467,5,559.6,5,554.8000000000001,swap,acceptBad
4468,5,559.6,5,554.8000000000001,move,improve
4469,5,559.6,5,554.8000000000001,2opt,notBad
4470,5,559.6,5,554.8000000000001,move,improve
4471,5,562.2,5,554.8000000000001,swap,acceptBad
4472,5,562.2,5,554.8000000000001,move,improve
4473,5,562.2,5,554.8000000000001,2opt,improve
4474,5,556.2,5,554.8000000000001,swap,improve
4475,5,554.2,5,554.2,move,newBest
4476,5,554.2,5,554.2,move,improve
4477,5,554.2,5,554.2,move,improve
4478,5,554.2,5,554.2,move,improve
4479,5,554.2,5,554.2,move,improve
4480,5,554.2,5,554.2,move,improve
4481,5,555.6,5,554.2,swap,acceptBad
4482,5,555.6,5,554.2,2opt,notBad
4483,5,555.6,5,554.2,move,improve
4484,5,555.6,5,554.2,move,improve
4485,5,555.6,5,554.2,swap,notBad
4486,5,555.6,5,554.2,2opt,notBad
4487,5,556.5,5,554.2,swap,acceptBad
4488,5,559.3,5,554.2,swap,acceptBad
4489,5,560.3,5,554.2,swap,acceptBad
4490,5,560.3,5,554.2,2opt,notBad
4491,5,560.3,5,554.2,swap,notBad
4492,5,560.3,5,554.2,2opt,notBad
4493,5,560.3,5,554.2,move,improve
4494,5,560.3,5,554.2,move,improve
4495,5,560.3,5,554.2,swap,notBad
4496,5,560.3,5,554.2,2opt,improve
4497,5,560.3,5,554.2,move,improve
4498,5,560.3,5,554.2,move,improve
4499,5,560.3,5,554.2,2opt,improve
4500,5,560.3,5,554.2,swap,notBad
4501,5,560.3,5,554.2,2opt,improve
4502,5,560.3,5,554.2,move,improve
4503,5,557.5,5,554.2,move,improve
4504,5,557.5,5,554.2,2opt,notBad
4505,5,559.6999999999999,5,554.2,swap,acceptBad
4506,5,559.6999999999999,5,554.2,swap,notBad
4507,5,559.6999999999999,5,554.2,2opt,improve
4508,5,559.6999999999999,5,554.2,2opt,notBad
4509,5,559.6999999999999,5,554.2,move,improve
4510,5,559.6999999999999,5,554.2,2opt,improve
4511,5,559.6999999999999,5,554.2,2opt,notBad
4512,5,559.1,5,554.2,move,improve
4513,5,559.1,5,554.2,move,improve
4514,5,559.1,5,554.2,move,improve
4515,5,559.9,5,554.2,swap,acceptBad
4516,5,559.9,5,554.2,swap,notBad
4517,5,559.9,5,554.2,move,improve
4518,5,559.9,5,554.2,swap,notBad
4519,5,559.9,5,554.2,swap,notBad
4520,5,559.9,5,554.2,move,improve
4521,5,559.9,5,554.2,swap,notBad
4522,5,559.9,5,554.2,2opt,notBad
4523,5,559.9,5,554.2,swap,notBad
4524,5,559.9,5,554.2,move,improve
4525,5,561.4,5,554.2,swap,acceptBad
4526,5,561.4,5,554.2,2opt,notBad
4527,5,560.6,5,554.2,move,improve
4528,5,560.6,5,554.2,2opt,notBad
4529,5,559.1,5,554.2,swap,improve
4530,5,559.1,5,554.2,move,improve
4531,5,559.1,5,554.2,2opt,notBad
4532,5,559.1,5,554.2,move,improve
4533,5,557.6999999999999,5,554.2,move,improve
4534,5,557.6999999999999,5,554.2,2opt,notBad
4535,5,559.1999999999999,5,554.2,swap,acceptBad
4536,5,559.1999999999999,5,554.2,move,improve
4537,5,559.1999999999999,5,554.2,2opt,improve
4538,5,559.1999999999999,5,554.2,2opt,improve
4539,5,559.1999999999999,5,554.2,2opt,notBad
4540,5,557.6999999999999,5,554.2,move,improve
4541,5,557.6999999999999,5,554.2,2opt,notBad
4542,5,557.6999999999999,5,554.2,2opt,improve
4543,5,557.6999999999999,5,554.2,swap,improve
4544,5,557.6999999999999,5,554.2,move,improve
4545,5,557.6999999999999,5,554.2,move,improve
4546,5,557.6999999999999,5,554.2,swap,notBad
4547,5,557.6999999999999,5,554.2,swap,notBad
4548,5,559.1999999999999,5,554.2,swap,acceptBad
4549,5,557.9,5,554.2,swap,improve
4550,5,557.9,5,554.2,move,improve
4551,5,557.9,5,554.2,swap,notBad
4552,5,557.9,5,554.2,2opt,notBad
4553,5,557.9,5,554.2,move,improve
4554,5,557.9,5,554.2,2opt,notBad
4555,5,557.9,5,554.2,2opt,notBad
4556,5,557.9,5,554.2,2opt,improve
4557,5,557.9,5,554.2,swap,notBad
4558,5,557.9,5,554.2,move,improve
4559,5,557.9,5,554.2,swap,notBad
4560,5,557.9,5,554.2,move,improve
4561,5,557.9,5,554.2,2opt,notBad
4562,5,557.9,5,554.2,move,improve
4563,5,557.9,5,554.2,swap,notBad
4564,5,557.9,5,554.2,move,improve
4565,5,557.9,5,554.2,move,improve
4566,5,557.9,5,554.2,2opt,notBad
4567,5,557.9,5,554.2,2opt,notBad
4568,5,557.9,5,554.2,2opt,notBad
4569,5,557.9,5,554.2,move,improve
4570,5,557.9,5,554.2,swap,notBad
4571,5,557.9,5,554.2,swap,notBad
4572,5,557.9,5,554.2,2opt,notBad
4573,5,557.9,5,554.2,2opt,improve
4574,5,557.9,5,554.2,move,improve
4575,5,557.9,5,554.2,move,improve
4576,5,557.9,5,554.2,move,improve
4577,5,557.9,5,554.2,swap,notBad
4578,5,557.9,5,554.2,swap,notBad
4579,5,556.4,5,554.2,move,improve
4580,5,556.4,5,554.2,move,improve
4581,5,556.4,5,554.2,2opt,notBad
4582,5,556.9999999999999,5,554.2,swap,acceptBad
4583,5,556.9999999999999,5,554.2,2opt,notBad
4584,5,556.9999999999999,5,554.2,2opt,notBad
4585,5,556.9999999999999,5,554.2,2opt,notBad
4586,5,556.9999999999999,5,554.2,move,improve
4587,5,556.9999999999999,5,554.2,move,improve
4588,5,556.9999999999999,5,554.2,move,improve
4589,5,556.9999999999999,5,554.2,move,improve
4590,5,558.3,5,554.2,swap,acceptBad
4591,5,558.3,5,554.2,swap,notBad
4592,5,558.3,5,554.2,2opt,notBad
4593,5,557.1999999999999,5,554.2,swap,improve
4594,5,557.4,5,554.2,swap,acceptBad
4595,5,557.4,5,554.2,2opt,improve
4596,5,556.7,5,554.2,swap,improve
4597,5,556.7,5,554.2,2opt,notBad
4598,5,555.4,5,554.2,move,improve
4599,5,555.4,5,554.2,2opt,improve
4600,5,555.4,5,554.2,move,improve
4601,5,555.4,5,554.2,swap,improve
4602,5,554.8000000000001,5,554.2,move,improve
4603,5,554.8000000000001,5,554.2,2opt,notBad
4604,5,554.8000000000001,5,554.2,2opt,notBad
4605,5,554.8000000000001,5,554.2,swap,notBad
4606,5,554.8000000000001,5,554.2,2opt,improve
4607,5,554.8000000000001,5,554.2,swap,notBad
4608,5,554.8000000000001,5,554.2,2opt,notBad
4609,5,554.8000000000001,5,554.2,move,improve
4610,5,554.8000000000001,5,554.2,swap,notBad
4611,5,554.8000000000001,5,554.2,swap,notBad
4612,5,554.8000000000001,5,554.2,swap,notBad
4613,5,554.8000000000001,5,554.2,swap,notBad
4614,5,554.8000000000001,5,554.2,swap,notBad
4615,5,554.8000000000001,5,554.2,move,improve
4616,5,554.8000000000001,5,554.2,move,improve
4617,5,554.8000000000001,5,554.2,2opt,improve
4618,5,554.8000000000001,5,554.2,move,improve
4619,5,554.8000000000001,5,554.2,swap,notBad
4620,5,554.8000000000001,5,554.2,swap,improve
4621,5,554.8000000000001,5,554.2,swap,notBad
4622,5,554.8000000000001,5,554.2,swap,notBad
4623,5,554.8000000000001,5,554.2,move,improve
4624,5,554.8000000000001,5,554.2,2opt,notBad
4625,5,554.8000000000001,5,554.2,move,improve
4626,5,554.8000000000001,5,554.2,2opt,notBad
4627,5,554.8000000000001,5,554.2,swap,notBad
4628,5,554.8000000000001,5,554.2,move,improve
4629,5,554.8000000000001,5,554.2,move,improve
4630,5,554.8000000000001,5,554.2,2opt,notBad
4631,5,554.8000000000001,5,554.2,2opt,improve
4632,5,554.8000000000001,5,554.2,swap,notBad
4633,5,554.8000000000001,5,554.2,2opt,improve
4634,5,554.8000000000001,5,554.2,2opt,notBad
4635,5,554.8000000000001,5,554.2,2opt,notBad
4636,5,554.8000000000001,5,554.2,swap,notBad
4637,5,554.8000000000001,5,554.2,move,improve
4638,5,554.8000000000001,5,554.2,2opt,notBad
4639,5,554.8000000000001,5,554.2,move,improve
4640,5,554.8000000000001,5,554.2,2opt,notBad
4641,5,554.8000000000001,5,554.2,move,improve
4642,5,554.8000000000001,5,554.2,move,improve
4643,5,554.8000000000001,5,554.2,move,improve
4644,5,554.8000000000001,5,554.2,swap,notBad
4645,5,554.8000000000001,5,554.2,2opt,notBad
4646,5,555.4,5,554.2,swap,acceptBad
4647,5,555.4,5,554.2,move,improve
4648,5,555.4,5,554.2,swap,notBad
4649,5,555.4,5,554.2,move,improve
4650,5,555.4,5,554.2,swap,notBad
4651,5,555.4,5,554.2,move,improve
4652,5,555.4,5,554.2,move,improve
4653,5,555.4,5,554.2,move,improve
4654,5,555.4,5,554.2,move,improve
4655,5,555.4,5,554.2,swap,notBad
4656,5,554.8,5,554.2,swap,improve
4657,5,554.8,5,554.2,2opt,notBad
4658,5,554.8,5,554.2,2opt,notBad
4659,5,554.8,5,554.2,move,improve
4660,5,554.8,5,554.2,swap,notBad
4661,5,554.8,5,554.2,move,improve
4662,5,554.8,5,554.2,2opt,notBad
4663,5,554.8,5,554.2,move,improve
4664,5,554.8,5,554.2,swap,notBad
4665,5,554.8,5,554.2,2opt,notBad
4666,5,554.8,5,554.2,swap,notBad
4667,5,554.8,5,554.2,move,improve
4668,5,554.8,5,554.2,2opt,notBad
4669,5,554.8,5,554.2,swap,notBad
4670,5,554.8,5,554.2,2opt,notBad
4671,5,554.8,5,554.2,move,improve
4672,5,554.8,5,554.2,move,improve
4673,5,554.8,5,554.2,swap,notBad
4674,5,554.8,5,554.2,2opt,notBad
4675,5,554.8,5,554.2,swap,notBad
4676,5,554.8,5,554.2,2opt,notBad
4677,5,554.8,5,554.2,swap,notBad
4678,5,554.8,5,554.2,swap,notBad
4679,5,554.8,5,554.2,move,improve
4680,5,554.8,5,554.2,swap,notBad
4681,5,554.8,5,554.2,2opt,notBad
4682,5,554.8,5,554.2,swap,notBad
4683,5,555.9,5,554.2,swap,acceptBad
4684,5,555.9,5,554.2,move,improve
4685,5,555.9,5,554.2,2opt,notBad
4686,5,555.9,5,554.2,swap,notBad
4687,5,557.0,5,554.2,swap,acceptBad
4688,5,557.0,5,554.2,move,improve
4689,5,557.0,5,554.2,2opt,notBad
4690,5,557.0,5,554.2,swap,notBad
4691,5,557.0,5,554.2,move,improve
4692,5,557.0,5,554.2,move,improve
4693,5,557.0,5,554.2,swap,notBad
4694,5,553.1999999999999,5,553.1999999999999,swap,newBest
4695,5,553.1999999999999,5,553.1999999999999,move,improve
4696,5,553.1999999999999,5,553.1999999999999,swap,notBad
4697,5,553.1999999999999,5,553.1999999999999,2opt,notBad
4698,5,552.6,5,552.6,move,newBest
4699,5,552.6,5,552.6,2opt,notBad
4700,5,552.6,5,552.6,move,improve
4701,5,552.6,5,552.6,2opt,improve
4702,5,552.6,5,552.6,move,improve
4703,5,552.6,5,552.6,move,improve
4704,5,552.6,5,552.6,swap,notBad
4705,5,552.6,5,552.6,2opt,notBad
4706,5,552.6,5,552.6,swap,notBad
4707,5,552.6,5,552.6,2opt,notBad
4708,5,552.6,5,552.6,2opt,notBad
4709,5,552.6,5,552.6,move,improve
4710,5,552.6,5,552.6,2opt,notBad
4711,5,552.6,5,552.6,2opt,notBad
4712,5,552.6,5,552.6,2opt,notBad
4713,5,557.3,5,552.6,move,acceptBad
4714,5,557.3,5,552.6,swap,notBad
4715,5,557.3,5,552.6,move,improve
4716,5,557.3,5,552.6,swap,notBad
4717,5,557.3,5,552.6,move,improve
4718,5,557.3,5,552.6,move,improve
4719,5,557.3,5,552.6,move,improve
4720,5,557.3,5,552.6,2opt,notBad
4721,5,557.3,5,552.6,swap,notBad
4722,5,557.3,5,552.6,move,improve
4723,5,557.3,5,552.6,move,improve
4724,5,557.3,5,552.6,move,improve
4725,5,557.3,5,552.6,2opt,notBad
4726,5,557.3,5,552.6,swap,notBad
4727,5,557.3,5,552.6,swap,notBad
4728,5,557.3,5,552.6,move,improve
4729,5,557.3,5,552.6,2opt,improve
4730,5,557.3,5,552.6,move,improve
4731,5,557.3,5,552.6,move,improve
4732,5,557.3,5,552.6,2opt,improve
4733,5,557.3,5,552.6,move,improve
4734,5,557.3,5,552.6,2opt,notBad
4735,5,557.3,5,552.6,2opt,improve
4736,5,557.3,5,552.6,2opt,notBad
4737,5,557.3,5,552.6,move,improve
4738,5,557.3,5,552.6,swap,notBad
4739,5,557.3,5,552.6,swap,notBad
4740,5,557.3,5,552.6,swap,notBad
4741,5,557.3,5,552.6,2opt,notBad
4742,5,557.3,5,552.6,swap,notBad
4743,5,557.3,5,552.6,swap,notBad
4744,5,557.3,5,552.6,2opt,notBad
4745,5,557.3,5,552.6,swap,notBad
4746,5,557.3,5,552.6,move,improve
4747,5,557.3,5,552.6,move,improve
4748,5,557.3,5,552.6,2opt,improve
4749,5,557.3,5,552.6,2opt,notBad
4750,5,557.3,5,552.6,swap,notBad
4751,5,557.3,5,552.6,swap,notBad
4752,5,557.3,5,552.6,2opt,notBad
4753,5,557.3,5,552.6,swap,notBad
4754,5,557.3,5,552.6,move,improve
4755,5,557.0999999999999,5,552.6,swap,improve
4756,5,557.0999999999999,5,552.6,move,improve
4757,5,557.0999999999999,5,552.6,2opt,notBad
4758,5,557.0999999999999,5,552.6,2opt,notBad
4759,5,557.0999999999999,5,552.6,2opt,notBad
4760,5,557.0999999999999,5,552.6,2opt,improve
4761,5,557.0999999999999,5,552.6,2opt,notBad
4762,5,557.0999999999999,5,552.6,swap,notBad
4763,5,557.0999999999999,5,552.6,move,improve
4764,5,557.0999999999999,5,552.6,swap,notBad
4765,5,557.0999999999999,5,552.6,swap,notBad
4766,5,555.5,5,552.6,move,improve
4767,5,555.5,5,552.6,move,improve
4768,5,555.5,5,552.6,move,improve
4769,5,555.5,5,552.6,move,improve
4770,5,555.5,5,552.6,move,improve
4771,5,555.5,5,552.6,swap,notBad
4772,5,555.5,5,552.6,swap,notBad
4773,5,555.5,5,552.6,move,improve
4774,5,555.5,5,552.6,move,improve
4775,5,555.5,5,552.6,move,improve
4776,5,555.5,5,552.6,move,improve
4777,5,555.5,5,552.6,swap,notBad
4778,5,555.5,5,552.6,move,improve
4779,5,550.8,5,550.8,move,newBest
4780,5,550.8,5,550.8,swap,notBad
4781,5,550.8,5,550.8,2opt,notBad
4782,5,550.8,5,550.8,move,improve
4783,5,550.8,5,550.8,move,improve
4784,5,550.8,5,550.8,2opt,notBad
4785,5,550.8,5,550.8,2opt,notBad
4786,5,550.8,5,550.8,move,improve
4787,5,550.8,5,550.8,2opt,notBad
4788,5,550.8,5,550.8,swap,notBad
4789,5,550.8,5,550.8,2opt,notBad
4790,5,550.8,5,550.8,swap,notBad
4791,5,550.8,5,550.8,2opt,notBad
4792,5,550.8,5,550.8,swap,notBad
4793,5,550.8,5,550.8,2opt,improve
4794,5,550.8,5,550.8,swap,notBad
4795,5,550.8,5,550.8,2opt,notBad
4796,5,549.4,5,549.4,swap,newBest
4797,5,549.4,5,549.4,swap,notBad
4798,5,549.4,5,549.4,2opt,notBad
4799,5,549.4,5,549.4,2opt,notBad
4800,5,549.4,5,549.4,move,improve
4801,5,549.4,5,549.4,move,improve
4802,5,549.4,5,549.4,swap,notBad
4803,5,549.4,5,549.4,move,improve
4804,5,549.4,5,549.4,swap,notBad
4805,5,549.4,5,549.4,swap,notBad
4806,5,549.4,5,549.4,move,improve
4807,5,549.4,5,549.4,move,improve
4808,5,549.4,5,549.4,2opt,notBad
4809,5,549.4,5,549.4,move,improve
4810,5,549.4,5,549.4,move,improve
4811,5,549.4,5,549.4,move,improve
4812,5,548.3,5,548.3,swap,newBest
4813,5,549.0,5,548.3,swap,acceptBad
4814,5,549.0,5,548.3,move,improve
4815,5,549.0,5,548.3,2opt,improve
4816,5,549.0,5,548.3,2opt,notBad
4817,5,549.0,5,548.3,move,improve
4818,5,549.0,5,548.3,move,improve
4819,5,549.0,5,548.3,2opt,notBad
4820,5,549.0,5,548.3,swap,notBad
4821,5,549.0,5,548.3,swap,notBad
4822,5,549.0,5,548.3,move,improve
4823,5,549.0,5,548.3,2opt,notBad
4824,5,549.0,5,548.3,swap,notBad
4825,5,549.0,5,548.3,move,improve
4826,5,549.0,5,548.3,swap,notBad
4827,5,549.0,5,548.3,swap,notBad
4828,5,549.0,5,548.3,2opt,notBad
4829,5,549.0,5,548.3,swap,notBad
4830,5,549.0,5,548.3,move,improve
4831,5,549.0,5,548.3,swap,notBad
4832,5,549.0,5,548.3,2opt,notBad
4833,5,549.0,5,548.3,2opt,notBad
4834,5,549.0,5,548.3,move,improve
4835,5,549.0,5,548.3,swap,notBad
4836,5,549.0,5,548.3,2opt,improve
4837,5,549.0,5,548.3,move,improve
4838,5,549.0,5,548.3,swap,improve
4839,5,548.9000000000001,5,548.3,move,improve
4840,5,548.9000000000001,5,548.3,move,improve
4841,5,548.9000000000001,5,548.3,move,improve
4842,5,548.9000000000001,5,548.3,move,improve
4843,5,548.9000000000001,5,548.3,move,improve
4844,5,548.9000000000001,5,548.3,2opt,notBad
4845,5,548.9000000000001,5,548.3,move,improve
4846,5,548.9000000000001,5,548.3,2opt,notBad
4847,5,548.9000000000001,5,548.3,2opt,notBad
4848,5,548.9000000000001,5,548.3,swap,notBad
4849,5,548.9000000000001,5,548.3,swap,improve
4850,5,552.8,5,548.3,move,acceptBad
4851,5,552.8,5,548.3,move,improve
4852,5,552.8,5,548.3,2opt,notBad
4853,5,552.8,5,548.3,swap,notBad
4854,5,552.8,5,548.3,move,improve
4855,5,552.8,5,548.3,2opt,notBad
4856,5,552.8,5,548.3,move,improve
4857,5,552.8,5,548.3,2opt,notBad
4858,5,552.8,5,548.3,2opt,notBad
4859,5,552.8,5,548.3,2opt,notBad
4860,5,552.8,5,548.3,2opt,notBad
4861,5,552.8,5,548.3,2opt,notBad
4862,5,552.8,5,548.3,2opt,notBad
4863,5,552.8,5,548.3,2opt,notBad
4864,5,552.8,5,548.3,move,improve
4865,5,552.8,5,548.3,2opt,improve
4866,5,552.8,5,548.3,move,improve
4867,5,552.8,5,548.3,2opt,improve
4868,5,552.8,5,548.3,move,improve
4869,5,552.8,5,548.3,move,improve
4870,5,552.8,5,548.3,2opt,notBad
4871,5,552.8,5,548.3,2opt,improve
4872,5,552.8,5,548.3,2opt,notBad
4873,5,552.8,5,548.3,2opt,notBad
4874,5,552.8,5,548.3,swap,notBad
4875,5,552.8,5,548.3,move,improve
4876,5,552.8,5,548.3,2opt,notBad
4877,5,552.8,5,548.3,swap,notBad
4878,5,552.8,5,548.3,move,improve
4879,5,552.8,5,548.3,move,improve
4880,5,550.2,5,548.3,swap,improve
4881,5,550.2,5,548.3,move,improve
4882,5,550.2,5,548.3,move,improve
4883,5,550.2,5,548.3,2opt,notBad
4884,5,550.2,5,548.3,swap,notBad
4885,5,550.2,5,548.3,swap,notBad
4886,5,550.2,5,548.3,move,improve
4887,5,550.2,5,548.3,2opt,notBad
4888,5,550.2,5,548.3,move,improve
4889,5,550.2,5,548.3,move,improve
4890,5,550.2,5,548.3,swap,notBad
4891,5,550.2,5,548.3,swap,notBad
4892,5,550.2,5,548.3,2opt,notBad
4893,5,550.2,5,548.3,swap,notBad
4894,5,550.2,5,548.3,swap,notBad
4895,5,550.2,5,548.3,swap,notBad
4896,5,550.2,5,548.3,move,improve
4897,5,550.2,5,548.3,swap,notBad
4898,5,550.2,5,548.3,2opt,notBad
4899,5,550.2,5,548.3,swap,notBad
4900,5,550.2,5,548.3,swap,notBad
4901,5,550.2,5,548.3,swap,notBad
4902,5,550.2,5,548.3,2opt,notBad
4903,5,550.2,5,548.3,2opt,notBad
4904,5,550.2,5,548.3,swap,notBad
4905,5,550.2,5,548.3,move,improve
4906,5,550.2,5,548.3,swap,notBad
4907,5,550.2,5,548.3,swap,notBad
4908,5,550.2,5,548.3,swap,notBad
4909,5,550.2,5,548.3,2opt,notBad
4910,5,550.2,5,548.3,move,improve
4911,5,550.2,5,548.3,2opt,notBad
4912,5,550.2,5,548.3,2opt,improve
4913,5,550.2,5,548.3,2opt,notBad
4914,5,550.2,5,548.3,move,improve
4915,5,550.2,5,548.3,2opt,improve
4916,5,550.2,5,548.3,swap,notBad
4917,5,550.2,5,548.3,swap,notBad
4918,5,550.2,5,548.3,2opt,improve
4919,5,550.2,5,548.3,2opt,notBad
4920,5,550.2,5,548.3,move,improve
4921,5,550.2,5,548.3,move,improve
4922,5,550.2,5,548.3,2opt,improve
4923,5,550.2,5,548.3,2opt,notBad
4924,5,550.2,5,548.3,swap,notBad
4925,5,549.5,5,548.3,move,improve
4926,5,549.5,5,548.3,swap,notBad
4927,5,549.5,5,548.3,swap,notBad
4928,5,549.5,5,548.3,move,improve
4929,5,549.5,5,548.3,move,improve
4930,5,549.5,5,548.3,move,improve
4931,5,549.5,5,548.3,2opt,notBad
4932,5,549.5,5,548.3,swap,notBad
4933,5,551.0,5,548.3,swap,acceptBad
4934,5,551.0,5,548.3,move,improve
4935,5,551.0,5,548.3,2opt,improve
4936,5,551.0,5,548.3,move,improve
4937,5,549.5,5,548.3,move,improve
4938,5,549.5,5,548.3,move,improve
4939,5,549.5,5,548.3,2opt,notBad
4940,5,549.5,5,548.3,swap,notBad
4941,5,549.5,5,548.3,swap,notBad
4942,5,549.5,5,548.3,2opt,improve
4943,5,549.5,5,548.3,swap,notBad
4944,5,549.5,5,548.3,move,improve
4945,5,549.5,5,548.3,move,improve
4946,5,549.5,5,548.3,swap,notBad
4947,5,549.5,5,548.3,swap,notBad
4948,5,549.5,5,548.3,swap,notBad
4949,5,549.5,5,548.3,swap,notBad
4950,5,549.5,5,548.3,move,improve
4951,5,549.5,5,548.3,swap,notBad
4952,5,549.5,5,548.3,move,improve
4953,5,549.5,5,548.3,swap,notBad
4954,5,549.5,5,548.3,swap,notBad
4955,5,549.5,5,548.3,swap,notBad
4956,5,549.5,5,548.3,move,improve
4957,5,549.5,5,548.3,move,improve
4958,5,549.5,5,548.3,move,improve
4959,5,549.5,5,548.3,swap,notBad
4960,5,549.5,5,548.3,move,improve
4961,5,549.5,5,548.3,move,improve
4962,5,549.5,5,548.3,2opt,notBad
4963,5,549.5,5,548.3,move,improve
4964,5,549.5,5,548.3,move,improve
4965,5,550.0999999999999,5,548.3,swap,acceptBad
4966,5,550.0999999999999,5,548.3,swap,notBad
4967,5,550.9,5,548.3,swap,acceptBad
4968,5,550.9,5,548.3,move,improve
4969,5,550.9,5,548.3,2opt,notBad
4970,5,550.9,5,548.3,swap,notBad
4971,5,550.9,5,548.3,swap,notBad
4972,5,550.9,5,548.3,2opt,notBad
4973,5,550.9,5,548.3,move,improve
4974,5,550.9,5,548.3,2opt,improve
4975,5,550.9,5,548.3,swap,notBad
4976,5,550.9,5,548.3,move,improve
4977,5,550.9,5,548.3,move,improve
4978,5,550.9,5,548.3,2opt,improve
4979,5,550.9,5,548.3,2opt,notBad
4980,5,550.9,5,548.3,swap,notBad
4981,5,550.9,5,548.3,2opt,notBad
4982,5,550.9,5,548.3,move,improve
4983,5,550.9,5,548.3,swap,notBad
4984,5,550.9,5,548.3,2opt,improve
4985,5,550.9,5,548.3,move,improve
4986,5,550.9,5,548.3,move,improve
4987,5,549.9,5,548.3,swap,improve
4988,5,549.9,5,548.3,swap,notBad
4989,5,549.9,5,548.3,swap,notBad
4990,5,549.9,5,548.3,move,improve
4991,5,549.9,5,548.3,swap,notBad
4992,5,549.9,5,548.3,swap,notBad
4993,5,549.9,5,548.3,swap,notBad
4994,5,549.9,5,548.3,move,improve
4995,5,549.9,5,548.3,move,improve
4996,5,549.9,5,548.3,move,improve
4997,5,549.9,5,548.3,move,improve
4998,5,549.9,5,548.3,2opt,improve
4999,5,549.9,5,548.3,move,improve
5000,5,549.9,5,548.3,2opt,notBad
5001,5,549.9,5,548.3,move,improve
5002,5,549.9,5,548.3,move,improve
5003,5,549.9,5,548.3,2opt,improve
5004,5,549.9,5,548.3,move,improve
5005,5,549.9,5,548.3,2opt,notBad
5006,5,549.9,5,548.3,move,improve
5007,5,549.9,5,548.3,2opt,notBad
5008,5,549.9,5,548.3,2opt,notBad
5009,5,549.9,5,548.3,swap,notBad
5010,5,549.9,5,548.3,swap,notBad
5011,5,549.9,5,548.3,move,improve
5012,5,549.9,5,548.3,2opt,notBad
5013,5,549.9,5,548.3,move,improve
5014,5,549.9,5,548.3,move,improve
5015,5,549.9,5,548.3,swap,notBad
5016,5,552.5,5,548.3,move,acceptBad
5017,5,552.5,5,548.3,swap,notBad
5018,5,552.5,5,548.3,swap,notBad
5019,5,552.5,5,548.3,2opt,notBad
5020,5,552.5,5,548.3,swap,notBad
5021,5,552.5,5,548.3,2opt,improve
5022,5,552.5,5,548.3,move,improve
5023,5,552.5,5,548.3,swap,notBad
5024,5,552.5,5,548.3,swap,notBad
5025,5,552.5,5,548.3,swap,notBad
5026,5,552.5,5,548.3,move,improve
5027,5,552.5,5,548.3,2opt,notBad
5028,5,552.5,5,548.3,2opt,improve
5029,5,552.5,5,548.3,move,improve
5030,5,552.5,5,548.3,move,improve
5031,5,552.5,5,548.3,move,improve
5032,5,552.5,5,548.3,2opt,improve
5033,5,552.5,5,548.3,move,improve
5034,5,552.5,5,548.3,swap,notBad
5035,5,552.5,5,548.3,swap,notBad
5036,5,552.5,5,548.3,swap,notBad
5037,5,552.5,5,548.3,2opt,notBad
5038,5,552.5,5,548.3,move,improve
5039,5,552.5,5,548.3,2opt,improve
5040,5,552.0999999999999,5,548.3,move,improve
5041,5,552.0999999999999,5,548.3,2opt,notBad
5042,5,552.0999999999999,5,548.3,move,improve
5043,5,552.0999999999999,5,548.3,swap,notBad
5044,5,552.0999999999999,5,548.3,swap,notBad
5045,5,552.0999999999999,5,548.3,swap,notBad
5046,5,552.0999999999999,5,548.3,swap,notBad
5047,5,552.0999999999999,5,548.3,2opt,improve
5048,5,552.0999999999999,5,548.3,move,improve
5049,5,552.0999999999999,5,548.3,swap,notBad
5050,5,552.0999999999999,5,548.3,2opt,improve
5051,5,552.0999999999999,5,548.3,move,improve
5052,5,552.0999999999999,5,548.3,2opt,notBad
5053,5,552.0999999999999,5,548.3,move,improve
5054,5,552.0999999999999,5,548.3,2opt,notBad
5055,5,552.0999999999999,5,548.3,move,improve
5056,5,552.0999999999999,5,548.3,swap,notBad
5057,5,552.0999999999999,5,548.3,2opt,notBad
5058,5,552.0999999999999,5,548.3,swap,notBad
5059,5,552.0999999999999,5,548.3,swap,notBad
5060,5,552.0999999999999,5,548.3,2opt,notBad
5061,5,552.0999999999999,5,548.3,swap,notBad
5062,5,552.0999999999999,5,548.3,move,improve
5063,5,552.0999999999999,5,548.3,swap,notBad
5064,5,552.0999999999999,5,548.3,swap,notBad
5065,5,552.0999999999999,5,548.3,move,improve
5066,5,552.0999999999999,5,548.3,move,improve
5067,5,552.0999999999999,5,548.3,swap,notBad
5068,5,552.0999999999999,5,548.3,swap,notBad
5069,5,552.0999999999999,5,548.3,move,improve
5070,5,552.0999999999999,5,548.3,2opt,notBad
5071,5,552.0999999999999,5,548.3,2opt,notBad
5072,5,552.0999999999999,5,548.3,swap,notBad
5073,5,552.0999999999999,5,548.3,2opt,notBad
5074,5,552.0999999999999,5,548.3,swap,notBad
5075,5,552.0999999999999,5,548.3,swap,notBad
5076,5,552.0999999999999,5,548.3,2opt,improve
5077,5,552.0999999999999,5,548.3,2opt,notBad
5078,5,552.0999999999999,5,548.3,2opt,notBad
5079,5,552.0999999999999,5,548.3,2opt,notBad
5080,5,552.0999999999999,5,548.3,swap,notBad
5081,5,552.0999999999999,5,548.3,move,improve
5082,5,552.0999999999999,5,548.3,2opt,notBad
5083,5,552.0999999999999,5,548.3,swap,notBad
5084,5,552.0999999999999,5,548.3,move,improve
5085,5,552.0999999999999,5,548.3,move,improve
5086,5,552.0999999999999,5,548.3,swap,notBad
5087,5,552.0999999999999,5,548.3,move,improve
5088,5,552.0999999999999,5,548.3,move,improve
5089,5,552.0999999999999,5,548.3,move,improve
5090,5,552.0999999999999,5,548.3,swap,notBad
5091,5,552.0999999999999,5,548.3,swap,notBad
5092,5,552.0999999999999,5,548.3,swap,notBad
5093,5,552.0999999999999,5,548.3,2opt,notBad
5094,5,552.0999999999999,5,548.3,swap,notBad
5095,5,552.0999999999999,5,548.3,2opt,improve
5096,5,552.0999999999999,5,548.3,2opt,improve
5097,5,552.0999999999999,5,548.3,swap,notBad
5098,5,552.0999999999999,5,548.3,2opt,notBad
5099,5,552.0999999999999,5,548.3,2opt,notBad
5100,5,549.5,5,548.3,swap,improve
5101,5,549.5,5,548.3,move,improve
5102,5,549.5,5,548.3,move,improve
5103,5,549.5,5,548.3,move,improve
5104,5,549.5,5,548.3,2opt,notBad
5105,5,549.5,5,548.3,2opt,improve
5106,5,549.5,5,548.3,2opt,improve
5107,5,549.5,5,548.3,move,improve
5108,5,549.5,5,548.3,2opt,notBad
5109,5,549.5,5,548.3,move,improve
5110,5,549.5,5,548.3,swap,notBad
5111,5,549.5,5,548.3,2opt,notBad
5112,5,549.5,5,548.3,2opt,notBad
5113,5,549.5,5,548.3,2opt,notBad
5114,5,549.5,5,548.3,move,improve
5115,5,549.5,5,548.3,2opt,notBad
5116,5,549.5,5,548.3,move,improve
5117,5,549.5,5,548.3,2opt,notBad
5118,5,549.5,5,548.3,swap,notBad
5119,5,549.5,5,548.3,2opt,notBad
5120,5,549.5,5,548.3,2opt,notBad
5121,5,549.5,5,548.3,swap,notBad
5122,5,549.5,5,548.3,move,improve
5123,5,550.0999999999999,5,548.3,swap,acceptBad
5124,5,550.0999999999999,5,548.3,2opt,notBad
5125,5,550.0999999999999,5,548.3,swap,notBad
5126,5,550.0999999999999,5,548.3,2opt,notBad
5127,5,550.0999999999999,5,548.3,move,improve
5128,5,550.0999999999999,5,548.3,swap,notBad
5129,5,550.0999999999999,5,548.3,2opt,notBad
5130,5,550.0999999999999,5,548.3,swap,notBad
5131,5,550.0999999999999,5,548.3,2opt,improve
5132,5,550.0999999999999,5,548.3,2opt,notBad
5133,5,550.0999999999999,5,548.3,2opt,notBad
5134,5,550.0999999999999,5,548.3,move,improve
5135,5,550.0999999999999,5,548.3,swap,notBad
5136,5,550.0999999999999,5,548.3,2opt,improve
5137,5,550.0999999999999,5,548.3,swap,notBad
5138,5,550.0999999999999,5,548.3,2opt,notBad
5139,5,550.0999999999999,5,548.3,move,improve
5140,5,550.0999999999999,5,548.3,move,improve
5141,5,550.0999999999999,5,548.3,swap,notBad
5142,5,550.0999999999999,5,548.3,2opt,notBad
5143,5,550.0999999999999,5,548.3,swap,notBad
5144,5,550.0999999999999,5,548.3,2opt,improve
5145,5,550.0999999999999,5,548.3,2opt,improve
5146,5,550.0999999999999,5,548.3,2opt,improve
5147,5,550.0999999999999,5,548.3,swap,notBad
5148,5,550.0999999999999,5,548.3,2opt,notBad
5149,5,550.0999999999999,5,548.3,swap,notBad
5150,5,550.0999999999999,5,548.3,move,improve
5151,5,550.0999999999999,5,548.3,swap,notBad
5152,5,550.0999999999999,5,548.3,swap,notBad
5153,5,550.0999999999999,5,548.3,swap,notBad
5154,5,550.0999999999999,5,548.3,move,improve
5155,5,550.0999999999999,5,548.3,swap,notBad
5156,5,550.0999999999999,5,548.3,2opt,notBad
5157,5,550.0999999999999,5,548.3,2opt,notBad
5158,5,550.0999999999999,5,548.3,move,improve
5159,5,550.0999999999999,5,548.3,2opt,improve
5160,5,550.0999999999999,5,548.3,move,improve
5161,5,550.0999999999999,5,548.3,2opt,improve
5162,5,550.0999999999999,5,548.3,2opt,improve
5163,5,550.0999999999999,5,548.3,move,improve
5164,5,550.0999999999999,5,548.3,2opt,notBad
5165,5,550.0999999999999,5,548.3,2opt,notBad
5166,5,550.0999999999999,5,548.3,move,improve
5167,5,550.0999999999999,5,548.3,move,improve
5168,5,550.0999999999999,5,548.3,swap,notBad
5169,5,550.0999999999999,5,548.3,2opt,notBad
5170,5,550.0999999999999,5,548.3,move,improve
5171,5,550.0999999999999,5,548.3,2opt,notBad
5172,5,550.0999999999999,5,548.3,move,improve
5173,5,550.0999999999999,5,548.3,2opt,notBad
5174,5,550.0999999999999,5,548.3,swap,notBad
5175,5,550.8,5,548.3,swap,acceptBad
5176,5,550.8,5,548.3,swap,notBad
5177,5,550.8,5,548.3,move,improve
5178,5,550.8,5,548.3,swap,notBad
5179,5,550.8,5,548.3,swap,notBad
5180,5,550.8,5,548.3,move,improve
5181,5,550.8,5,548.3,swap,notBad
5182,5,550.8,5,548.3,move,improve
5183,5,551.6,5,548.3,swap,acceptBad
5184,5,551.6,5,548.3,move,improve
5185,5,551.6,5,548.3,move,improve
5186,5,551.6,5,548.3,move,improve
5187,5,551.6,5,548.3,swap,notBad
5188,5,551.6,5,548.3,swap,notBad
5189,5,551.6,5,548.3,2opt,improve
5190,5,551.6,5,548.3,move,improve
5191,5,551.6,5,548.3,move,improve
5192,5,551.6,5,548.3,move,improve
5193,5,551.6,5,548.3,move,improve
5194,5,551.6,5,548.3,move,improve
5195,5,551.6,5,548.3,swap,notBad
5196,5,551.6,5,548.3,2opt,improve
5197,5,551.6,5,548.3,2opt,notBad
5198,5,551.6,5,548.3,2opt,notBad
5199,5,551.6,5,548.3,2opt,notBad
5200,5,551.6,5,548.3,2opt,notBad
5201,5,551.6,5,548.3,2opt,improve
5202,5,550.3000000000001,5,548.3,swap,improve
5203,5,550.3000000000001,5,548.3,move,improve
5204,5,550.3000000000001,5,548.3,move,improve
5205,5,551.6,5,548.3,swap,acceptBad
5206,5,551.6,5,548.3,swap,notBad
5207,5,551.6,5,548.3,move,improve
5208,5,551.6,5,548.3,2opt,improve
5209,5,551.6,5,548.3,swap,notBad
5210,5,551.6,5,548.3,2opt,notBad
5211,5,551.6,5,548.3,swap,notBad
5212,5,551.6,5,548.3,2opt,notBad
5213,5,551.6,5,548.3,swap,notBad
5214,5,551.6,5,548.3,2opt,improve
5215,5,551.6,5,548.3,move,improve
5216,5,551.6,5,548.3,2opt,improve
5217,5,551.6,5,548.3,swap,notBad
5218,5,551.6,5,548.3,move,improve
5219,5,551.6,5,548.3,2opt,notBad
5220,5,551.6,5,548.3,2opt,notBad
5221,5,551.6,5,548.3,swap,notBad
5222,5,551.6,5,548.3,move,improve
5223,5,551.6,5,548.3,move,improve
5224,5,551.6,5,548.3,swap,notBad
5225,5,551.6,5,548.3,swap,notBad
5226,5,551.6,5,548.3,move,improve
5227,5,551.6,5,548.3,swap,notBad
5228,5,551.6,5,548.3,move,improve
5229,5,551.6,5,548.3,2opt,notBad
5230,5,551.6,5,548.3,2opt,notBad
5231,5,551.6,5,548.3,swap,notBad
5232,5,551.6,5,548.3,2opt,notBad
5233,5,551.6,5,548.3,swap,notBad
5234,5,551.6,5,548.3,move,improve
5235,5,551.6,5,548.3,move,improve
5236,5,551.6,5,548.3,move,improve
5237,5,551.6,5,548.3,move,improve
5238,5,551.6,5,548.3,2opt,notBad
5239,5,551.6,5,548.3,move,improve
5240,5,551.6,5,548.3,2opt,notBad
5241,5,551.6,5,548.3,swap,notBad
5242,5,551.6,5,548.3,move,notBad
5243,5,551.6,5,548.3,2opt,notBad
5244,5,550.3000000000001,5,548.3,move,improve
5245,5,550.3000000000001,5,548.3,swap,notBad
5246,5,550.3000000000001,5,548.3,swap,notBad
5247,5,550.3000000000001,5,548.3,swap,notBad
5248,5,550.3000000000001,5,548.3,2opt,notBad
5249,5,550.3000000000001,5,548.3,move,improve
5250,5,550.3000000000001,5,548.3,swap,notBad
5251,5,550.3000000000001,5,548.3,move,improve
5252,5,550.3000000000001,5,548.3,swap,notBad
5253,5,549.6,5,548.3,move,improve
5254,5,549.6,5,548.3,2opt,notBad
5255,5,549.6,5,548.3,2opt,improve
5256,5,549.6,5,548.3,swap,notBad
5257,5,549.6,5,548.3,swap,notBad
5258,5,549.6,5,548.3,2opt,improve
5259,5,549.6,5,548.3,move,improve
5260,5,549.6,5,548.3,move,improve
5261,5,549.6,5,548.3,swap,notBad
5262,5,549.6,5,548.3,2opt,notBad
5263,5,549.6,5,548.3,swap,notBad
5264,5,549.6,5,548.3,move,improve
5265,5,549.6,5,548.3,move,improve
5266,5,549.6,5,548.3,swap,notBad
5267,5,549.6,5,548.3,2opt,improve
5268,5,549.6,5,548.3,swap,notBad
5269,5,549.6,5,548.3,move,improve
5270,5,549.6,5,548.3,2opt,notBad
5271,5,549.6,5,548.3,swap,notBad
5272,5,549.6,5,548.3,move,improve
5273,5,549.6,5,548.3,2opt,notBad
5274,5,549.6,5,548.3,2opt,notBad
5275,5,549.6,5,548.3,move,improve
5276,5,549.6,5,548.3,2opt,notBad
5277,5,549.6,5,548.3,2opt,notBad
5278,5,549.6,5,548.3,2opt,improve
5279,5,549.6,5,548.3,move,improve
5280,5,549.6,5,548.3,move,improve
5281,5,549.6,5,548.3,2opt,notBad
5282,5,549.6,5,548.3,2opt,notBad
5283,5,549.6,5,548.3,2opt,notBad
5284,5,549.6,5,548.3,swap,notBad
5285,5,549.6,5,548.3,swap,notBad
5286,5,549.6,5,548.3,swap,notBad
5287,5,549.6,5,548.3,2opt,notBad
5288,5,549.6,5,548.3,move,improve
5289,5,549.6,5,548.3,move,improve
5290,5,549.6,5,548.3,move,improve
5291,5,549.6,5,548.3,move,improve
5292,5,549.6,5,548.3,move,improve
5293,5,549.6,5,548.3,2opt,notBad
5294,5,551.9000000000001,5,548.3,swap,acceptBad
5295,5,551.9000000000001,5,548.3,move,improve
5296,5,551.9000000000001,5,548.3,swap,notBad
5297,5,551.9000000000001,5,548.3,2opt,notBad
5298,5,551.9000000000001,5,548.3,2opt,improve
5299,5,551.9000000000001,5,548.3,swap,notBad
5300,5,551.9000000000001,5,548.3,swap,notBad
5301,5,551.9000000000001,5,548.3,swap,notBad
5302,5,551.9000000000001,5,548.3,move,improve
5303,5,551.9000000000001,5,548.3,2opt,notBad
5304,5,551.9000000000001,5,548.3,move,improve
5305,5,551.9000000000001,5,548.3,2opt,notBad
5306,5,551.9000000000001,5,548.3,swap,notBad
5307,5,551.9000000000001,5,548.3,move,improve
5308,5,551.9000000000001,5,548.3,2opt,notBad
5309,5,551.9000000000001,5,548.3,swap,notBad
5310,5,551.9000000000001,5,548.3,swap,notBad
5311,5,551.9000000000001,5,548.3,swap,notBad
5312,5,551.9000000000001,5,548.3,2opt,notBad
5313,5,551.9000000000001,5,548.3,move,improve
5314,5,551.9000000000001,5,548.3,swap,notBad
5315,5,551.9000000000001,5,548.3,move,improve
5316,5,551.9000000000001,5,548.3,swap,notBad
5317,5,551.9000000000001,5,548.3,swap,notBad
5318,5,551.9000000000001,5,548.3,move,improve
5319,5,551.9000000000001,5,548.3,move,improve
5320,5,551.9000000000001,5,548.3,move,improve
5321,5,551.9000000000001,5,548.3,swap,notBad
5322,5,551.9000000000001,5,548.3,swap,notBad
5323,5,551.9000000000001,5,548.3,move,improve
5324,5,551.9000000000001,5,548.3,move,improve
5325,5,551.9000000000001,5,548.3,move,improve
5326,5,551.9000000000001,5,548.3,move,improve
5327,5,551.9000000000001,5,548.3,move,improve
5328,5,551.9000000000001,5,548.3,2opt,notBad
5329,5,551.9000000000001,5,548.3,move,improve
5330,5,551.9000000000001,5,548.3,move,improve
5331,5,551.9000000000001,5,548.3,move,improve
5332,5,551.9000000000001,5,548.3,swap,notBad
5333,5,551.9000000000001,5,548.3,swap,notBad
5334,5,553.5,5,548.3,swap,acceptBad
5335,5,553.5,5,548.3,2opt,notBad
5336,5,553.5,5,548.3,2opt,notBad
5337,5,553.5,5,548.3,swap,notBad
5338,5,553.5,5,548.3,move,improve
5339,5,553.5,5,548.3,swap,notBad
5340,5,552.9,5,548.3,move,improve
5341,5,552.9,5,548.3,2opt,notBad
5342,5,552.9,5,548.3,move,improve
5343,5,552.9,5,548.3,2opt,notBad
5344,5,552.9,5,548.3,2opt,notBad
5345,5,552.9,5,548.3,move,improve
5346,5,552.9,5,548.3,2opt,notBad
5347,5,552.9,5,548.3,move,improve
5348,5,552.9,5,548.3,swap,notBad
5349,5,552.9,5,548.3,move,improve
5350,5,552.9,5,548.3,swap,notBad
5351,5,552.9,5,548.3,move,improve
5352,5,552.9,5,548.3,move,improve
5353,5,552.9,5,548.3,swap,notBad
5354,5,552.9,5,548.3,2opt,notBad
5355,5,552.9,5,548.3,2opt,notBad
5356,5,552.9,5,548.3,move,improve
5357,5,552.9,5,548.3,2opt,improve
5358,5,553.8000000000001,5,548.3,swap,acceptBad
5359,5,553.8000000000001,5,548.3,swap,notBad
5360,5,553.8000000000001,5,548.3,swap,notBad
5361,5,553.8000000000001,5,548.3,2opt,notBad
5362,5,553.8000000000001,5,548.3,swap,notBad
5363,5,553.8000000000001,5,548.3,move,improve
5364,5,553.8000000000001,5,548.3,2opt,notBad
5365,5,553.8000000000001,5,548.3,2opt,notBad
5366,5,553.8000000000001,5,548.3,swap,notBad
5367,5,553.8000000000001,5,548.3,2opt,notBad
5368,5,553.8000000000001,5,548.3,swap,notBad
5369,5,553.8000000000001,5,548.3,move,improve
5370,5,553.8000000000001,5,548.3,move,improve
5371,5,553.8000000000001,5,548.3,move,improve
5372,5,553.8000000000001,5,548.3,2opt,notBad
5373,5,553.8000000000001,5,548.3,swap,notBad
5374,5,553.8000000000001,5,548.3,swap,notBad
5375,5,553.8000000000001,5,548.3,2opt,improve
5376,5,553.8000000000001,5,548.3,move,improve
5377,5,553.8000000000001,5,548.3,move,improve
5378,5,553.8000000000001,5,548.3,swap,notBad
5379,5,553.8000000000001,5,548.3,2opt,notBad
5380,5,553.8000000000001,5,548.3,move,improve
5381,5,553.8000000000001,5,548.3,2opt,improve
5382,5,553.8000000000001,5,548.3,swap,notBad
5383,5,553.8000000000001,5,548.3,2opt,notBad
5384,5,553.8000000000001,5,548.3,swap,notBad
5385,5,553.8000000000001,5,548.3,move,improve
5386,5,553.8000000000001,5,548.3,2opt,improve
5387,5,553.8000000000001,5,548.3,move,improve
5388,5,553.8000000000001,5,548.3,move,improve
5389,5,553.8000000000001,5,548.3,move,improve
5390,5,553.8000000000001,5,548.3,swap,notBad
5391,5,553.8000000000001,5,548.3,swap,notBad
5392,5,553.8000000000001,5,548.3,swap,notBad
5393,5,553.8000000000001,5,548.3,swap,notBad
5394,5,553.8000000000001,5,548.3,move,improve
5395,5,553.8000000000001,5,548.3,2opt,notBad
5396,5,553.8000000000001,5,548.3,2opt,notBad
5397,5,553.8000000000001,5,548.3,2opt,notBad
5398,5,553.8000000000001,5,548.3,move,improve
5399,5,553.8000000000001,5,548.3,swap,notBad
5400,5,553.8000000000001,5,548.3,swap,notBad
5401,5,553.8000000000001,5,548.3,2opt,notBad
5402,5,553.8000000000001,5,548.3,move,improve
5403,5,553.8000000000001,5,548.3,2opt,notBad
5404,5,553.8000000000001,5,548.3,2opt,notBad
5405,5,553.0,5,548.3,move,improve
5406,5,553.0,5,548.3,2opt,notBad
5407,5,553.0,5,548.3,swap,notBad
5408,5,553.0,5,548.3,2opt,notBad
5409,5,553.0,5,548.3,2opt,improve
5410,5,553.0,5,548.3,swap,notBad
5411,5,553.0,5,548.3,2opt,notBad
5412,5,553.0,5,548.3,2opt,notBad
5413,5,553.0,5,548.3,move,notBad
5414,5,553.0,5,548.3,2opt,notBad
5415,5,553.0,5,548.3,move,improve
5416,5,553.0,5,548.3,2opt,notBad
5417,5,553.0,5,548.3,swap,notBad
5418,5,553.0,5,548.3,swap,notBad
5419,5,553.0,5,548.3,move,improve
5420,5,553.0,5,548.3,swap,notBad
5421,5,553.0,5,548.3,move,improve
5422,5,553.0,5,548.3,2opt,notBad
5423,5,553.0,5,548.3,swap,notBad
5424,5,553.0,5,548.3,move,improve
5425,5,553.0,5,548.3,swap,notBad
5426,5,553.0,5,548.3,2opt,notBad
5427,5,553.0,5,548.3,2opt,notBad
5428,5,553.0,5,548.3,2opt,notBad
5429,5,553.0,5,548.3,move,improve
5430,5,553.0,5,548.3,move,notBad
5431,5,553.0,5,548.3,move,improve
5432,5,553.0,5,548.3,swap,notBad
5433,5,553.0,5,548.3,2opt,notBad
5434,5,553.0,5,548.3,move,improve
5435,5,553.0,5,548.3,move,improve
5436,5,552.4,5,548.3,swap,improve
5437,5,552.4,5,548.3,2opt,improve
5438,5,552.4,5,548.3,2opt,improve
5439,5,552.4,5,548.3,swap,notBad
5440,5,552.4,5,548.3,move,improve
5441,5,552.4,5,548.3,move,improve
5442,5,552.4,5,548.3,swap,notBad
5443,5,552.4,5,548.3,move,improve
5444,5,552.4,5,548.3,2opt,notBad
5445,5,552.4,5,548.3,swap,notBad
5446,5,552.4,5,548.3,2opt,notBad
5447,5,552.4,5,548.3,swap,notBad
5448,5,552.4,5,548.3,move,improve
5449,5,552.4,5,548.3,swap,notBad
5450,5,552.4,5,548.3,swap,notBad
5451,5,552.4,5,548.3,2opt,notBad
5452,5,552.4,5,548.3,move,improve
5453,5,552.4,5,548.3,move,improve
5454,5,552.4,5,548.3,move,improve
5455,5,552.4,5,548.3,move,improve
5456,5,552.4,5,548.3,move,improve
5457,5,552.4,5,548.3,move,improve
5458,5,552.4,5,548.3,move,improve
5459,5,552.4,5,548.3,2opt,notBad
5460,5,552.4,5,548.3,swap,notBad
5461,5,552.4,5,548.3,move,improve
5462,5,552.4,5,548.3,swap,notBad
5463,5,552.4,5,548.3,2opt,notBad
5464,5,552.4,5,548.3,move,improve
5465,5,552.4,5,548.3,move,improve
5466,5,552.4,5,548.3,move,improve
5467,5,552.4,5,548.3,move,improve
5468,5,552.4,5,548.3,swap,notBad
5469,5,552.4,5,548.3,2opt,notBad
5470,5,552.4,5,548.3,swap,notBad
5471,5,552.4,5,548.3,move,improve
5472,5,552.4,5,548.3,2opt,notBad
5473,5,552.4,5,548.3,swap,notBad
5474,5,552.4,5,548.3,move,improve
5475,5,552.4,5,548.3,2opt,notBad
5476,5,552.4,5,548.3,2opt,improve
5477,5,552.4,5,548.3,2opt,improve
5478,5,552.4,5,548.3,swap,notBad
5479,5,552.2,5,548.3,move,improve
5480,5,552.2,5,548.3,swap,notBad
5481,5,552.2,5,548.3,swap,notBad
5482,5,552.2,5,548.3,move,improve
5483,5,552.2,5,548.3,swap,notBad
5484,5,552.2,5,548.3,2opt,notBad
5485,5,552.2,5,548.3,swap,notBad
5486,5,552.2,5,548.3,move,improve
5487,5,552.2,5,548.3,swap,notBad
5488,5,552.2,5,548.3,move,improve
5489,5,552.2,5,548.3,2opt,notBad
5490,5,552.2,5,548.3,2opt,improve
5491,5,552.2,5,548.3,move,improve
5492,5,552.2,5,548.3,2opt,notBad
5493,5,552.2,5,548.3,move,improve
5494,5,552.2,5,548.3,swap,notBad
5495,5,552.2,5,548.3,move,improve
5496,5,552.2,5,548.3,swap,notBad
5497,5,552.2,5,548.3,move,improve
5498,5,552.2,5,548.3,move,improve
5499,5,552.2,5,548.3,swap,notBad
5500,5,552.2,5,548.3,2opt,notBad
5501,5,552.2,5,548.3,move,improve
5502,5,552.2,5,548.3,2opt,notBad
5503,5,552.2,5,548.3,swap,notBad
5504,5,552.2,5,548.3,move,improve
5505,5,552.2,5,548.3,2opt,notBad
5506,5,552.2,5,548.3,2opt,improve
5507,5,552.2,5,548.3,swap,notBad
5508,5,552.2,5,548.3,swap,improve
5509,5,552.2,5,548.3,move,improve
5510,5,552.2,5,548.3,2opt,notBad
5511,5,552.2,5,548.3,move,improve
5512,5,552.2,5,548.3,2opt,notBad
5513,5,552.2,5,548.3,swap,notBad
5514,5,552.2,5,548.3,2opt,improve
5515,5,552.2,5,548.3,move,improve
5516,5,552.2,5,548.3,move,improve
5517,5,552.2,5,548.3,2opt,notBad
5518,5,552.2,5,548.3,swap,notBad
5519,5,552.2,5,548.3,move,improve
5520,5,552.2,5,548.3,swap,notBad
5521,5,552.2,5,548.3,2opt,notBad
5522,5,552.2,5,548.3,move,improve
5523,5,552.2,5,548.3,2opt,notBad
5524,5,552.2,5,548.3,2opt,notBad
5525,5,552.2,5,548.3,2opt,notBad
5526,5,552.2,5,548.3,swap,notBad
5527,5,552.2,5,548.3,move,improve
5528,5,552.2,5,548.3,2opt,notBad
5529,5,552.2,5,548.3,swap,notBad
5530,5,552.2,5,548.3,move,improve
5531,5,552.2,5,548.3,move,improve
5532,5,552.2,5,548.3,move,improve
5533,5,552.2,5,548.3,move,improve
5534,5,552.2,5,548.3,move,improve
5535,5,552.2,5,548.3,move,improve
5536,5,552.2,5,548.3,move,improve
5537,5,552.2,5,548.3,2opt,notBad
5538,5,549.4000000000001,5,548.3,move,improve
5539,5,549.4000000000001,5,548.3,move,improve
5540,5,549.4000000000001,5,548.3,move,improve
5541,5,549.4000000000001,5,548.3,2opt,notBad
5542,5,549.4000000000001,5,548.3,2opt,notBad
5543,5,549.4000000000001,5,548.3,move,improve
5544,5,549.4000000000001,5,548.3,swap,notBad
5545,5,549.4000000000001,5,548.3,2opt,notBad
5546,5,549.4000000000001,5,548.3,2opt,notBad
5547,5,549.4000000000001,5,548.3,swap,notBad
5548,5,549.4000000000001,5,548.3,swap,notBad
5549,5,549.4000000000001,5,548.3,2opt,notBad
5550,5,549.4000000000001,5,548.3,move,improve
5551,5,549.4000000000001,5,548.3,swap,notBad
5552,5,549.4000000000001,5,548.3,move,improve
5553,5,549.4000000000001,5,548.3,move,improve
5554,5,549.4000000000001,5,548.3,swap,notBad
5555,5,549.4000000000001,5,548.3,swap,notBad
5556,5,549.4000000000001,5,548.3,2opt,notBad
5557,5,549.4000000000001,5,548.3,swap,notBad
5558,5,549.4000000000001,5,548.3,swap,notBad
5559,5,549.4000000000001,5,548.3,move,improve
5560,5,549.4000000000001,5,548.3,2opt,notBad
5561,5,549.4000000000001,5,548.3,swap,notBad
5562,5,549.4000000000001,5,548.3,2opt,notBad
5563,5,549.4000000000001,5,548.3,swap,notBad
5564,5,549.4000000000001,5,548.3,2opt,notBad
5565,5,549.4000000000001,5,548.3,2opt,notBad
5566,5,549.4000000000001,5,548.3,swap,notBad
5567,5,549.4000000000001,5,548.3,swap,notBad
5568,5,549.4000000000001,5,548.3,swap,notBad
5569,5,549.4000000000001,5,548.3,2opt,notBad
5570,5,549.4000000000001,5,548.3,swap,notBad
5571,5,549.4000000000001,5,548.3,2opt,notBad
5572,5,549.4000000000001,5,548.3,2opt,notBad
5573,5,549.4000000000001,5,548.3,move,improve
5574,5,549.4000000000001,5,548.3,swap,notBad
5575,5,549.4000000000001,5,548.3,swap,notBad
5576,5,549.4000000000001,5,548.3,swap,notBad
5577,5,549.4000000000001,5,548.3,swap,notBad
5578,5,549.4000000000001,5,548.3,swap,notBad
5579,5,549.4000000000001,5,548.3,2opt,notBad
5580,5,549.4000000000001,5,548.3,swap,notBad
5581,5,549.4000000000001,5,548.3,move,improve
5582,5,549.4000000000001,5,548.3,swap,notBad
5583,5,549.4000000000001,5,548.3,2opt,notBad
5584,5,549.4000000000001,5,548.3,move,improve
5585,5,549.4000000000001,5,548.3,2opt,improve
5586,5,549.4000000000001,5,548.3,move,improve
5587,5,549.4000000000001,5,548.3,move,improve
5588,5,549.4000000000001,5,548.3,swap,notBad
5589,5,549.4000000000001,5,548.3,2opt,notBad
5590,5,549.4000000000001,5,548.3,swap,notBad
5591,5,549.4000000000001,5,548.3,2opt,notBad
5592,5,549.4000000000001,5,548.3,move,improve
5593,5,549.4000000000001,5,548.3,2opt,improve
5594,5,549.4000000000001,5,548.3,swap,notBad
5595,5,549.4000000000001,5,548.3,move,improve
5596,5,549.4000000000001,5,548.3,2opt,notBad
5597,5,549.4000000000001,5,548.3,2opt,notBad
5598,5,549.4000000000001,5,548.3,move,improve
5599,5,549.4000000000001,5,548.3,2opt,notBad
5600,5,549.4000000000001,5,548.3,move,improve
5601,5,549.4000000000001,5,548.3,2opt,improve
5602,5,549.4000000000001,5,548.3,2opt,notBad
5603,5,549.4000000000001,5,548.3,swap,notBad
5604,5,549.4000000000001,5,548.3,move,improve
5605,5,549.4000000000001,5,548.3,2opt,notBad
5606,5,549.4000000000001,5,548.3,2opt,notBad
5607,5,550.1,5,548.3,swap,acceptBad
5608,5,550.1,5,548.3,2opt,improve
5609,5,550.1,5,548.3,2opt,notBad
5610,5,550.1,5,548.3,swap,notBad
5611,5,550.1,5,548.3,2opt,notBad
5612,5,550.1,5,548.3,2opt,notBad
5613,5,550.1,5,548.3,swap,notBad
5614,5,549.2,5,548.3,move,improve
5615,5,549.2,5,548.3,move,improve
5616,5,549.2,5,548.3,swap,notBad
5617,5,549.2,5,548.3,move,improve
5618,5,549.2,5,548.3,swap,notBad
5619,5,549.2,5,548.3,move,improve
5620,5,549.2,5,548.3,swap,notBad
5621,5,549.2,5,548.3,2opt,improve
5622,5,549.2,5,548.3,swap,notBad
5623,5,549.2,5,548.3,move,improve
5624,5,549.2,5,548.3,move,improve
5625,5,549.2,5,548.3,swap,notBad
5626,5,549.2,5,548.3,2opt,notBad
5627,5,549.2,5,548.3,swap,notBad
5628,5,549.2,5,548.3,2opt,notBad
5629,5,549.2,5,548.3,2opt,notBad
5630,5,549.2,5,548.3,swap,notBad
5631,5,549.2,5,548.3,swap,notBad
5632,5,550.1,5,548.3,swap,acceptBad
5633,5,550.1,5,548.3,2opt,notBad
5634,5,550.1,5,548.3,move,improve
5635,5,550.1,5,548.3,swap,notBad
5636,5,550.1,5,548.3,move,improve
5637,5,550.1,5,548.3,move,improve
5638,5,550.1,5,548.3,2opt,improve
5639,5,550.1,5,548.3,2opt,improve
5640,5,550.1,5,548.3,2opt,notBad
5641,5,550.1,5,548.3,2opt,improve
5642,5,550.1,5,548.3,move,improve
5643,5,550.1,5,548.3,2opt,notBad
5644,5,549.4000000000001,5,548.3,move,improve
5645,5,549.4000000000001,5,548.3,move,improve
5646,5,549.4000000000001,5,548.3,2opt,improve
5647,5,549.4000000000001,5,548.3,move,improve
5648,5,549.4000000000001,5,548.3,swap,notBad
5649,5,549.4000000000001,5,548.3,swap,notBad
5650,5,549.4000000000001,5,548.3,move,improve
5651,5,548.5,5,548.3,move,improve
5652,5,548.5,5,548.3,swap,notBad
5653,5,548.5,5,548.3,swap,notBad
5654,5,548.5,5,548.3,move,improve
5655,5,548.5,5,548.3,swap,notBad
5656,5,548.5,5,548.3,move,improve
5657,5,548.5,5,548.3,2opt,notBad
5658,5,548.5,5,548.3,swap,notBad
5659,5,548.5,5,548.3,move,improve
5660,5,548.5,5,548.3,move,improve
5661,5,548.5,5,548.3,swap,notBad
5662,5,548.5,5,548.3,2opt,notBad
5663,5,548.5,5,548.3,2opt,notBad
5664,5,548.5,5,548.3,2opt,improve
5665,5,548.5,5,548.3,2opt,improve
5666,5,548.5,5,548.3,move,improve
5667,5,548.5,5,548.3,move,improve
5668,5,548.5,5,548.3,move,improve
5669,5,548.5,5,548.3,swap,notBad
5670,5,548.5,5,548.3,move,improve
5671,5,548.5,5,548.3,move,improve
5672,5,548.2,5,548.2,move,newBest
5673,5,548.2,5,548.2,2opt,notBad
5674,5,548.2,5,548.2,move,improve
5675,5,548.2,5,548.2,2opt,notBad
5676,5,548.2,5,548.2,swap,notBad
5677,5,548.2,5,548.2,move,improve
5678,5,548.2,5,548.2,move,improve
5679,5,548.2,5,548.2,swap,notBad
5680,5,548.2,5,548.2,2opt,notBad
5681,5,548.2,5,548.2,2opt,notBad
5682,5,548.2,5,548.2,2opt,notBad
5683,5,548.2,5,548.2,swap,notBad
5684,5,548.2,5,548.2,move,improve
5685,5,548.2,5,548.2,2opt,improve
5686,5,548.2,5,548.2,move,improve
5687,5,548.2,5,548.2,swap,notBad
5688,5,548.2,5,548.2,move,improve
5689,5,548.2,5,548.2,move,improve
5690,5,548.2,5,548.2,2opt,improve
5691,5,548.2,5,548.2,2opt,notBad
5692,5,548.2,5,548.2,swap,notBad
5693,5,548.9000000000001,5,548.2,swap,acceptBad
5694,5,548.9000000000001,5,548.2,2opt,notBad
5695,5,548.9000000000001,5,548.2,move,improve
5696,5,548.9000000000001,5,548.2,swap,notBad
5697,5,548.9000000000001,5,548.2,swap,notBad
5698,5,548.9000000000001,5,548.2,move,improve
5699,5,548.9000000000001,5,548.2,2opt,notBad
5700,5,548.9000000000001,5,548.2,2opt,notBad
5701,5,548.9000000000001,5,548.2,swap,notBad
5702,5,548.9000000000001,5,548.2,swap,notBad
5703,5,548.9000000000001,5,548.2,2opt,notBad
5704,5,548.9000000000001,5,548.2,swap,notBad
5705,5,548.9000000000001,5,548.2,swap,notBad
5706,5,548.9000000000001,5,548.2,2opt,notBad
5707,5,548.9000000000001,5,548.2,swap,notBad
5708,5,548.9000000000001,5,548.2,swap,notBad
5709,5,548.2,5,548.2,move,improve
5710,5,548.2,5,548.2,move,improve
5711,5,548.2,5,548.2,2opt,notBad
5712,5,548.2,5,548.2,move,improve
5713,5,548.2,5,548.2,2opt,notBad
5714,5,548.2,5,548.2,2opt,improve
5715,5,548.2,5,548.2,swap,notBad
5716,5,548.2,5,548.2,2opt,notBad
5717,5,548.2,5,548.2,swap,notBad
5718,5,548.2,5,548.2,2opt,notBad
5719,5,548.8,5,548.2,swap,acceptBad
5720,5,548.8,5,548.2,swap,notBad
5721,5,548.8,5,548.2,move,improve
5722,5,548.8,5,548.2,swap,notBad
5723,5,548.8,5,548.2,2opt,notBad
5724,5,548.8,5,548.2,move,improve
5725,5,548.8,5,548.2,swap,notBad
5726,5,548.8,5,548.2,swap,notBad
5727,5,548.8,5,548.2,2opt,notBad
5728,5,548.8,5,548.2,2opt,notBad
5729,5,548.8,5,548.2,2opt,notBad
5730,5,548.8,5,548.2,move,improve
5731,5,548.8,5,548.2,move,improve
5732,5,548.8,5,548.2,swap,notBad
5733,5,548.8,5,548.2,move,improve
5734,5,548.8,5,548.2,move,improve
5735,5,550.1,5,548.2,swap,acceptBad
5736,5,550.1,5,548.2,2opt,notBad
5737,5,550.1,5,548.2,move,improve
5738,5,550.1,5,548.2,swap,notBad
5739,5,550.1,5,548.2,move,improve
5740,5,550.1,5,548.2,move,notBad
5741,5,550.1,5,548.2,move,improve
5742,5,550.1,5,548.2,swap,notBad
5743,5,550.1,5,548.2,2opt,notBad
5744,5,550.1,5,548.2,2opt,notBad
5745,5,550.1,5,548.2,2opt,notBad
5746,5,550.1,5,548.2,swap,notBad
5747,5,550.1,5,548.2,2opt,notBad
5748,5,550.1,5,548.2,move,improve
5749,5,550.1,5,548.2,swap,notBad
5750,5,550.1,5,548.2,swap,notBad
5751,5,550.1,5,548.2,swap,notBad
5752,5,550.1,5,548.2,move,improve
5753,5,550.1,5,548.2,move,improve
5754,5,550.1,5,548.2,2opt,notBad
5755,5,550.1,5,548.2,swap,notBad
5756,5,550.1,5,548.2,swap,notBad
5757,5,550.1,5,548.2,move,improve
5758,5,550.1,5,548.2,swap,notBad
5759,5,550.1,5,548.2,2opt,notBad
5760,5,550.1,5,548.2,swap,notBad
5761,5,550.1,5,548.2,move,improve
5762,5,550.1,5,548.2,2opt,notBad
5763,5,550.1,5,548.2,move,notBad
5764,5,550.1,5,548.2,swap,notBad
5765,5,550.1,5,548.2,move,improve
5766,5,550.1,5,548.2,move,improve
5767,5,550.1,5,548.2,2opt,notBad
5768,5,550.1,5,548.2,swap,notBad
5769,5,550.1,5,548.2,move,improve
5770,5,550.1,5,548.2,2opt,notBad
5771,5,550.1,5,548.2,move,improve
5772,5,550.1,5,548.2,2opt,notBad
5773,5,550.1,5,548.2,2opt,notBad
5774,5,550.1,5,548.2,move,improve
5775,5,550.1,5,548.2,move,improve
5776,5,550.1,5,548.2,move,improve
5777,5,550.1,5,548.2,swap,notBad
5778,5,550.1,5,548.2,2opt,improve
5779,5,550.1,5,548.2,move,improve
5780,5,550.1,5,548.2,move,improve
5781,5,550.1,5,548.2,2opt,notBad
5782,5,550.1,5,548.2,move,improve
5783,5,550.1,5,548.2,swap,notBad
5784,5,550.1,5,548.2,swap,notBad
5785,5,550.1,5,548.2,2opt,notBad
5786,5,550.1,5,548.2,swap,notBad
5787,5,550.1,5,548.2,2opt,notBad
5788,5,550.1,5,548.2,swap,notBad
5789,5,550.1,5,548.2,2opt,improve
5790,5,550.1,5,548.2,move,improve
5791,5,550.1,5,548.2,swap,notBad
5792,5,550.1,5,548.2,2opt,notBad
5793,5,550.1,5,548.2,move,improve
5794,5,550.1,5,548.2,2opt,notBad
5795,5,550.1,5,548.2,2opt,notBad
5796,5,550.1,5,548.2,move,improve
5797,5,550.1,5,548.2,swap,notBad
5798,5,550.1,5,548.2,swap,notBad
5799,5,550.1,5,548.2,2opt,improve
5800,5,550.1,5,548.2,2opt,notBad
5801,5,550.1,5,548.2,move,improve
5802,5,550.1,5,548.2,swap,notBad
5803,5,550.1,5,548.2,2opt,notBad
5804,5,550.1,5,548.2,swap,notBad
5805,5,550.1,5,548.2,move,improve
5806,5,550.1,5,548.2,2opt,improve
5807,5,550.1,5,548.2,2opt,improve
5808,5,550.1,5,548.2,swap,notBad
5809,5,550.1,5,548.2,2opt,notBad
5810,5,550.1,5,548.2,move,improve
5811,5,550.1,5,548.2,2opt,notBad
5812,5,550.1,5,548.2,move,improve
5813,5,550.1,5,548.2,2opt,notBad
5814,5,550.1,5,548.2,2opt,notBad
5815,5,550.1,5,548.2,move,improve
5816,5,550.1,5,548.2,move,improve
5817,5,550.1,5,548.2,2opt,improve
5818,5,550.1,5,548.2,2opt,notBad
5819,5,550.1,5,548.2,move,improve
5820,5,550.1,5,548.2,move,improve
5821,5,550.1,5,548.2,swap,notBad
5822,5,550.1,5,548.2,2opt,notBad
5823,5,550.1,5,548.2,move,improve
5824,5,550.1,5,548.2,swap,notBad
5825,5,550.1,5,548.2,move,improve
5826,5,550.1,5,548.2,swap,notBad
5827,5,550.1,5,548.2,move,improve
5828,5,550.1,5,548.2,2opt,notBad
5829,5,550.1,5,548.2,swap,notBad
5830,5,550.1,5,548.2,swap,notBad
5831,5,550.1,5,548.2,2opt,notBad
5832,5,550.1,5,548.2,2opt,notBad
5833,5,550.1,5,548.2,move,improve
5834,5,550.1,5,548.2,2opt,notBad
5835,5,550.1,5,548.2,swap,notBad
5836,5,550.1,5,548.2,move,improve
5837,5,550.1,5,548.2,2opt,notBad
5838,5,550.1,5,548.2,move,improve
5839,5,550.1,5,548.2,move,improve
5840,5,550.1,5,548.2,swap,notBad
5841,5,550.1,5,548.2,swap,notBad
5842,5,548.0,5,548.0,swap,newBest
5843,5,548.0,5,548.0,2opt,notBad
5844,5,548.0,5,548.0,swap,notBad
5845,5,548.0,5,548.0,2opt,notBad
5846,5,548.0,5,548.0,2opt,notBad
5847,5,548.0,5,548.0,move,improve
5848,5,548.0,5,548.0,swap,notBad
5849,5,548.0,5,548.0,2opt,notBad
5850,5,548.0,5,548.0,swap,notBad
5851,5,548.0,5,548.0,move,improve
5852,5,548.0,5,548.0,move,improve
5853,5,548.0,5,548.0,move,improve
5854,5,548.0,5,548.0,swap,notBad
5855,5,548.0,5,548.0,move,improve
5856,5,548.0,5,548.0,2opt,notBad
5857,5,548.0,5,548.0,swap,notBad
5858,5,548.0,5,548.0,move,improve
5859,5,548.0,5,548.0,swap,notBad
5860,5,548.0,5,548.0,move,improve
5861,5,548.0,5,548.0,swap,notBad
5862,5,548.0,5,548.0,2opt,notBad
5863,5,548.0,5,548.0,move,improve
5864,5,548.0,5,548.0,swap,notBad
5865,5,548.0,5,548.0,swap,notBad
5866,5,548.0,5,548.0,swap,notBad
5867,5,548.0,5,548.0,swap,notBad
5868,5,548.0,5,548.0,swap,improve
5869,5,548.0,5,548.0,swap,notBad
5870,5,548.0,5,548.0,swap,notBad
5871,5,548.0,5,548.0,2opt,improve
5872,5,548.0,5,548.0,move,improve
5873,5,548.0,5,548.0,swap,notBad
5874,5,548.0,5,548.0,2opt,notBad
5875,5,548.0,5,548.0,2opt,notBad
5876,5,548.0,5,548.0,swap,notBad
5877,5,548.0,5,548.0,move,improve
5878,5,548.0,5,548.0,swap,notBad
5879,5,548.0,5,548.0,2opt,notBad
5880,5,548.0,5,548.0,swap,notBad
5881,5,548.0,5,548.0,move,improve
5882,5,548.0,5,548.0,move,improve
5883,5,548.0,5,548.0,move,improve
5884,5,548.0,5,548.0,move,improve
5885,5,548.0,5,548.0,2opt,improve
5886,5,548.0,5,548.0,swap,notBad
5887,5,548.0,5,548.0,swap,notBad
5888,5,548.0,5,548.0,swap,notBad
5889,5,548.0,5,548.0,move,improve
5890,5,548.0,5,548.0,2opt,notBad
5891,5,548.0,5,548.0,move,improve
5892,5,548.0,5,548.0,move,improve
5893,5,548.7,5,548.0,swap,acceptBad
5894,5,548.7,5,548.0,2opt,notBad
5895,5,548.7,5,548.0,2opt,notBad
5896,5,548.7,5,548.0,2opt,notBad
5897,5,548.7,5,548.0,swap,notBad
5898,5,548.7,5,548.0,swap,notBad
5899,5,548.7,5,548.0,move,improve
5900,5,548.7,5,548.0,move,improve
5901,5,548.7,5,548.0,move,improve
5902,5,548.7,5,548.0,move,improve
5903,5,548.7,5,548.0,2opt,notBad
5904,5,548.7,5,548.0,swap,notBad
5905,5,548.7,5,548.0,swap,notBad
5906,5,548.7,5,548.0,swap,notBad
5907,5,548.7,5,548.0,swap,notBad
5908,5,548.7,5,548.0,2opt,improve
5909,5,548.7,5,548.0,swap,notBad
5910,5,548.7,5,548.0,swap,notBad
5911,5,548.7,5,548.0,swap,notBad
5912,5,548.7,5,548.0,2opt,notBad
5913,5,548.7,5,548.0,move,improve
5914,5,548.7,5,548.0,swap,notBad
5915,5,548.7,5,548.0,move,improve
5916,5,548.0,5,548.0,move,improve
5917,5,548.0,5,548.0,swap,notBad
5918,5,548.0,5,548.0,move,improve
5919,5,548.0,5,548.0,2opt,notBad
5920,5,548.0,5,548.0,move,improve
5921,5,548.0,5,548.0,2opt,notBad
5922,5,548.0,5,548.0,move,improve
5923,5,548.0,5,548.0,move,improve
5924,5,548.0,5,548.0,move,improve
5925,5,548.0,5,548.0,move,improve
5926,5,548.0,5,548.0,2opt,notBad
5927,5,548.0,5,548.0,move,improve
5928,5,548.0,5,548.0,swap,notBad
5929,5,548.0,5,548.0,2opt,notBad
5930,5,548.0,5,548.0,2opt,notBad
5931,5,548.0,5,548.0,move,improve
5932,5,548.0,5,548.0,swap,notBad
5933,5,548.0,5,548.0,swap,notBad
5934,5,548.0,5,548.0,move,improve
5935,5,548.0,5,548.0,move,improve
5936,5,548.0,5,548.0,swap,notBad
5937,5,548.0,5,548.0,2opt,notBad
5938,5,548.0,5,548.0,move,improve
5939,5,548.0,5,548.0,swap,notBad
5940,5,548.0,5,548.0,2opt,notBad
5941,5,548.0,5,548.0,2opt,improve
5942,5,548.0,5,548.0,move,improve
5943,5,548.0,5,548.0,move,improve
5944,5,548.0,5,548.0,2opt,notBad
5945,5,548.0,5,548.0,2opt,notBad
5946,5,548.0,5,548.0,swap,notBad
5947,5,548.0,5,548.0,swap,notBad
5948,5,548.0,5,548.0,swap,notBad
5949,5,548.0,5,548.0,2opt,notBad
5950,5,548.0,5,548.0,swap,notBad
5951,5,548.0,5,548.0,swap,notBad
5952,5,548.0,5,548.0,swap,notBad
5953,5,548.0,5,548.0,swap,notBad
5954,5,548.0,5,548.0,swap,notBad
5955,5,548.0,5,548.0,swap,notBad
5956,5,548.0,5,548.0,move,improve
5957,5,548.0,5,548.0,move,improve
5958,5,548.0,5,548.0,swap,notBad
5959,5,548.0,5,548.0,move,improve
5960,5,548.0,5,548.0,2opt,notBad
5961,5,548.0,5,548.0,move,improve
5962,5,548.0,5,548.0,swap,notBad
5963,5,548.0,5,548.0,swap,notBad
5964,5,548.0,5,548.0,2opt,notBad
5965,5,548.0,5,548.0,2opt,notBad
5966,5,548.0,5,548.0,move,improve
5967,5,548.0,5,548.0,swap,notBad
5968,5,548.0,5,548.0,move,improve
5969,5,548.0,5,548.0,swap,notBad
5970,5,548.0,5,548.0,move,improve
5971,5,548.0,5,548.0,swap,notBad
5972,5,548.0,5,548.0,2opt,notBad
5973,5,548.0,5,548.0,move,improve
5974,5,548.0,5,548.0,swap,notBad
5975,5,548.0,5,548.0,2opt,improve
5976,5,548.0,5,548.0,move,improve
5977,5,548.0,5,548.0,swap,notBad
5978,5,548.0,5,548.0,move,improve
5979,5,548.0,5,548.0,swap,notBad
5980,5,548.0,5,548.0,move,improve
5981,5,548.0,5,548.0,move,improve
5982,5,548.0,5,548.0,move,improve
5983,5,548.0,5,548.0,swap,notBad
5984,5,548.0,5,548.0,swap,notBad
5985,5,548.0,5,548.0,swap,notBad
5986,5,548.0,5,548.0,move,improve
5987,5,548.0,5,548.0,swap,notBad
5988,5,548.0,5,548.0,swap,notBad
5989,5,548.0,5,548.0,swap,notBad
5990,5,548.0,5,548.0,swap,notBad
5991,5,548.0,5,548.0,swap,notBad
5992,5,548.0,5,548.0,move,improve
5993,5,548.0,5,548.0,2opt,notBad
5994,5,548.0,5,548.0,2opt,notBad
5995,5,548.0,5,548.0,swap,notBad
5996,5,548.0,5,548.0,move,improve
5997,5,548.0,5,548.0,2opt,improve
5998,5,548.0,5,548.0,move,improve
5999,5,548.0,5,548.0,move,improve
6000,5,548.0,5,548.0,2opt,notBad
6001,5,548.0,5,548.0,move,improve
6002,5,548.0,5,548.0,move,improve
6003,5,548.0,5,548.0,move,improve
6004,5,548.0,5,548.0,move,improve
6005,5,548.0,5,548.0,2opt,notBad
6006,5,548.0,5,548.0,move,improve
6007,5,548.0,5,548.0,2opt,notBad
6008,5,548.0,5,548.0,swap,notBad
6009,5,548.0,5,548.0,swap,notBad
6010,5,548.0,5,548.0,2opt,notBad
6011,5,548.0,5,548.0,move,improve
6012,5,548.0,5,548.0,move,improve
6013,5,548.0,5,548.0,move,improve
6014,5,548.0,5,548.0,move,improve
6015,5,548.0,5,548.0,move,improve
6016,5,548.0,5,548.0,2opt,notBad
6017,5,548.0,5,548.0,swap,notBad
6018,5,548.0,5,548.0,move,improve
6019,5,548.0,5,548.0,move,improve
6020,5,548.0,5,548.0,swap,notBad
6021,5,548.0,5,548.0,move,improve
6022,5,548.0,5,548.0,2opt,notBad
6023,5,548.0,5,548.0,swap,notBad
6024,5,548.0,5,548.0,move,improve
6025,5,548.0,5,548.0,2opt,notBad
6026,5,553.4,5,548.0,move,acceptBad
6027,5,553.4,5,548.0,2opt,notBad
6028,5,553.4,5,548.0,move,improve
6029,5,553.4,5,548.0,2opt,improve
6030,5,553.4,5,548.0,swap,notBad
6031,5,553.4,5,548.0,swap,notBad
6032,5,553.4,5,548.0,swap,notBad
6033,5,553.4,5,548.0,2opt,notBad
6034,5,553.4,5,548.0,swap,notBad
6035,5,553.4,5,548.0,swap,notBad
6036,5,553.4,5,548.0,move,improve
6037,5,553.4,5,548.0,2opt,notBad
6038,5,553.4,5,548.0,move,improve
6039,5,553.4,5,548.0,swap,notBad
6040,5,553.4,5,548.0,2opt,notBad
6041,5,553.4,5,548.0,swap,improve
6042,5,553.4,5,548.0,move,improve
6043,5,553.4,5,548.0,move,improve
6044,5,553.4,5,548.0,swap,notBad
6045,5,553.4,5,548.0,2opt,notBad
6046,5,553.4,5,548.0,move,improve
6047,5,553.4,5,548.0,move,improve
6048,5,554.8,5,548.0,swap,acceptBad
6049,5,554.8,5,548.0,2opt,improve
6050,5,554.8,5,548.0,swap,notBad
6051,5,554.8,5,548.0,swap,notBad
6052,5,554.8,5,548.0,2opt,notBad
6053,5,554.8,5,548.0,2opt,notBad
6054,5,554.8,5,548.0,move,improve
6055,5,554.8,5,548.0,swap,notBad
6056,5,554.8,5,548.0,move,improve
6057,5,554.8,5,548.0,2opt,notBad
6058,5,554.8,5,548.0,swap,notBad
6059,5,554.8,5,548.0,swap,notBad
6060,5,554.8,5,548.0,swap,notBad
6061,5,554.8,5,548.0,move,improve
6062,5,554.8,5,548.0,2opt,improve
6063,5,554.8,5,548.0,swap,notBad
6064,5,554.8,5,548.0,swap,notBad
6065,5,554.8,5,548.0,move,improve
6066,5,554.8,5,548.0,2opt,notBad
6067,5,554.8,5,548.0,2opt,notBad
6068,5,554.8,5,548.0,move,improve
6069,5,554.8,5,548.0,2opt,notBad
6070,5,554.8,5,548.0,2opt,notBad
6071,5,554.8,5,548.0,2opt,notBad
6072,5,554.8,5,548.0,2opt,notBad
6073,5,554.8,5,548.0,2opt,notBad
6074,5,554.8,5,548.0,2opt,notBad
6075,5,554.8,5,548.0,2opt,improve
6076,5,554.8,5,548.0,2opt,improve
6077,5,554.8,5,548.0,swap,notBad
6078,5,554.8,5,548.0,2opt,notBad
6079,5,554.8,5,548.0,move,improve
6080,5,554.8,5,548.0,move,improve
6081,5,554.8,5,548.0,move,improve
6082,5,554.8,5,548.0,swap,notBad
6083,5,554.8,5,548.0,swap,notBad
6084,5,554.8,5,548.0,2opt,notBad
6085,5,554.8,5,548.0,move,improve
6086,5,554.8,5,548.0,swap,notBad
6087,5,550.6999999999999,5,548.0,swap,improve
6088,5,550.6999999999999,5,548.0,move,improve
6089,5,550.6999999999999,5,548.0,move,improve
6090,5,550.6999999999999,5,548.0,move,improve
6091,5,550.6999999999999,5,548.0,2opt,notBad
6092,5,550.6999999999999,5,548.0,2opt,notBad
6093,5,550.6999999999999,5,548.0,swap,notBad
6094,5,550.6999999999999,5,548.0,swap,notBad
6095,5,550.6999999999999,5,548.0,move,improve
6096,5,550.6999999999999,5,548.0,swap,notBad
6097,5,550.6999999999999,5,548.0,swap,notBad
6098,5,550.6999999999999,5,548.0,2opt,notBad
6099,5,550.6999999999999,5,548.0,move,improve
6100,5,550.6999999999999,5,548.0,2opt,notBad
6101,5,550.6999999999999,5,548.0,2opt,notBad
6102,5,549.3,5,548.0,move,improve
6103,5,549.3,5,548.0,move,improve
6104,5,549.3,5,548.0,move,improve
6105,5,549.3,5,548.0,2opt,notBad
6106,5,549.3,5,548.0,swap,notBad
6107,5,549.3,5,548.0,2opt,improve
6108,5,549.3,5,548.0,move,improve
6109,5,549.3,5,548.0,2opt,notBad
6110,5,549.3,5,548.0,2opt,notBad
6111,5,549.3,5,548.0,move,improve
6112,5,549.3,5,548.0,2opt,notBad
6113,5,549.3,5,548.0,swap,notBad
6114,5,549.3,5,548.0,2opt,notBad
6115,5,549.3,5,548.0,move,improve
6116,5,549.3,5,548.0,move,improve
6117,5,549.3,5,548.0,swap,notBad
6118,5,549.3,5,548.0,move,improve
6119,5,549.3,5,548.0,move,improve
6120,5,549.3,5,548.0,2opt,notBad
6121,5,549.3,5,548.0,2opt,notBad
6122,5,549.3,5,548.0,2opt,improve
6123,5,549.3,5,548.0,move,improve
6124,5,549.3,5,548.0,2opt,notBad
6125,5,549.3,5,548.0,2opt,notBad
6126,5,549.3,5,548.0,2opt,notBad
6127,5,549.3,5,548.0,swap,notBad
6128,5,549.3,5,548.0,swap,notBad
6129,5,549.3,5,548.0,move,improve
6130,5,549.3,5,548.0,swap,notBad
6131,5,549.3,5,548.0,2opt,notBad
6132,5,549.3,5,548.0,move,improve
6133,5,549.3,5,548.0,move,improve
6134,5,549.3,5,548.0,2opt,improve
6135,5,549.3,5,548.0,2opt,notBad
6136,5,549.3,5,548.0,move,improve
6137,5,549.3,5,548.0,move,improve
6138,5,549.3,5,548.0,2opt,notBad
6139,5,549.3,5,548.0,swap,notBad
6140,5,549.3,5,548.0,move,improve
6141,5,550.0,5,548.0,swap,acceptBad
6142,5,549.3,5,548.0,swap,improve
6143,5,549.3,5,548.0,move,improve
6144,5,549.3,5,548.0,move,improve
6145,5,549.3,5,548.0,move,improve
6146,5,549.3,5,548.0,2opt,notBad
6147,5,549.3,5,548.0,move,improve
6148,5,549.3,5,548.0,2opt,notBad
6149,5,549.3,5,548.0,2opt,notBad
6150,5,549.3,5,548.0,2opt,notBad
6151,5,548.8000000000001,5,548.0,swap,improve
6152,5,548.8000000000001,5,548.0,move,improve
6153,5,548.8000000000001,5,548.0,swap,notBad
6154,5,548.8000000000001,5,548.0,move,improve
6155,5,548.8000000000001,5,548.0,swap,notBad
6156,5,548.8000000000001,5,548.0,move,improve
6157,5,548.8000000000001,5,548.0,swap,notBad
6158,5,548.8000000000001,5,548.0,swap,notBad
6159,5,548.8000000000001,5,548.0,move,improve
6160,5,548.8000000000001,5,548.0,swap,notBad
6161,5,548.8000000000001,5,548.0,move,improve
6162,5,548.8000000000001,5,548.0,swap,notBad
6163,5,548.8000000000001,5,548.0,2opt,notBad
6164,5,548.8000000000001,5,548.0,swap,notBad
6165,5,548.8000000000001,5,548.0,2opt,notBad
6166,5,548.8000000000001,5,548.0,swap,notBad
6167,5,548.8000000000001,5,548.0,move,improve
6168,5,548.8000000000001,5,548.0,move,improve
6169,5,548.8000000000001,5,548.0,move,improve
6170,5,548.8000000000001,5,548.0,swap,notBad
6171,5,548.8000000000001,5,548.0,2opt,notBad
6172,5,548.8000000000001,5,548.0,swap,notBad
6173,5,548.8000000000001,5,548.0,move,improve
6174,5,548.8000000000001,5,548.0,move,improve
6175,5,548.8000000000001,5,548.0,2opt,notBad
6176,5,548.8000000000001,5,548.0,move,improve
6177,5,548.8000000000001,5,548.0,move,improve
6178,5,548.8000000000001,5,548.0,swap,notBad
6179,5,548.8000000000001,5,548.0,swap,notBad
6180,5,548.8000000000001,5,548.0,move,improve
6181,5,548.8000000000001,5,548.0,move,improve
6182,5,548.8000000000001,5,548.0,2opt,notBad
6183,5,548.8000000000001,5,548.0,move,improve
6184,5,548.8000000000001,5,548.0,2opt,improve
6185,5,548.8000000000001,5,548.0,2opt,notBad
6186,5,548.8000000000001,5,548.0,move,improve
6187,5,548.8000000000001,5,548.0,swap,notBad
6188,5,548.8000000000001,5,548.0,move,improve
6189,5,548.8000000000001,5,548.0,move,improve
6190,5,548.8000000000001,5,548.0,move,improve
6191,5,548.8000000000001,5,548.0,swap,notBad
6192,5,548.8000000000001,5,548.0,swap,notBad
6193,5,548.8000000000001,5,548.0,2opt,notBad
6194,5,548.8000000000001,5,548.0,2opt,improve
6195,5,548.8000000000001,5,548.0,2opt,notBad
6196,5,548.8000000000001,5,548.0,2opt,notBad
6197,5,548.8000000000001,5,548.0,swap,notBad
6198,5,548.8000000000001,5,548.0,move,improve
6199,5,548.8000000000001,5,548.0,swap,notBad
6200,5,548.8000000000001,5,548.0,swap,notBad
6201,5,548.8000000000001,5,548.0,move,improve
6202,5,548.8000000000001,5,548.0,swap,notBad
6203,5,548.8000000000001,5,548.0,move,improve
6204,5,548.8000000000001,5,548.0,2opt,notBad
6205,5,548.8000000000001,5,548.0,move,improve
6206,5,548.8000000000001,5,548.0,2opt,notBad
6207,5,548.8000000000001,5,548.0,move,improve
6208,5,548.8000000000001,5,548.0,2opt,improve
6209,5,548.8000000000001,5,548.0,move,improve
6210,5,548.8000000000001,5,548.0,2opt,notBad
6211,5,548.8000000000001,5,548.0,2opt,notBad
6212,5,548.8000000000001,5,548.0,2opt,notBad
6213,5,548.8000000000001,5,548.0,2opt,notBad
6214,5,548.8000000000001,5,548.0,swap,notBad
6215,5,548.8000000000001,5,548.0,move,improve
6216,5,548.8000000000001,5,548.0,swap,notBad
6217,5,548.8000000000001,5,548.0,swap,notBad
6218,5,548.8000000000001,5,548.0,swap,notBad
6219,5,548.8000000000001,5,548.0,move,improve
6220,5,548.8000000000001,5,548.0,move,improve
6221,5,548.8000000000001,5,548.0,2opt,notBad
6222,5,550.2,5,548.0,swap,acceptBad
6223,5,550.2,5,548.0,move,improve
6224,5,550.2,5,548.0,swap,notBad
6225,5,550.2,5,548.0,swap,notBad
6226,5,550.2,5,548.0,swap,notBad
6227,5,550.2,5,548.0,move,improve
6228,5,550.2,5,548.0,2opt,notBad
6229,5,550.2,5,548.0,swap,notBad
6230,5,550.2,5,548.0,move,improve
6231,5,550.2,5,548.0,2opt,notBad
6232,5,550.2,5,548.0,swap,notBad
6233,5,550.2,5,548.0,move,improve
6234,5,550.2,5,548.0,move,improve
6235,5,550.2,5,548.0,2opt,notBad
6236,5,550.2,5,548.0,swap,improve
6237,5,550.2,5,548.0,move,improve
6238,5,550.2,5,548.0,swap,notBad
6239,5,550.2,5,548.0,move,improve
6240,5,550.2,5,548.0,2opt,notBad
6241,5,550.2,5,548.0,move,improve
6242,5,550.2,5,548.0,swap,notBad
6243,5,550.2,5,548.0,2opt,notBad
6244,5,550.2,5,548.0,swap,notBad
6245,5,550.2,5,548.0,move,improve
6246,5,550.2,5,548.0,swap,notBad
6247,5,550.2,5,548.0,swap,notBad
6248,5,550.2,5,548.0,swap,notBad
6249,5,550.2,5,548.0,2opt,notBad
6250,5,550.2,5,548.0,swap,notBad
6251,5,550.2,5,548.0,move,improve
6252,5,550.2,5,548.0,swap,notBad
6253,5,550.2,5,548.0,move,improve
6254,5,550.2,5,548.0,2opt,notBad
6255,5,550.2,5,548.0,move,improve
6256,5,550.2,5,548.0,swap,notBad
6257,5,550.2,5,548.0,swap,notBad
6258,5,550.2,5,548.0,2opt,notBad
6259,5,550.2,5,548.0,2opt,notBad
6260,5,550.2,5,548.0,move,improve
6261,5,550.2,5,548.0,swap,notBad
6262,5,547.9,5,547.9,move,newBest
6263,5,547.9,5,547.9,move,improve
6264,5,547.9,5,547.9,2opt,improve
6265,5,547.9,5,547.9,swap,notBad
6266,5,547.9,5,547.9,swap,notBad
6267,5,547.9,5,547.9,swap,notBad
6268,5,547.9,5,547.9,swap,notBad
6269,5,547.9,5,547.9,move,improve
6270,5,547.9,5,547.9,swap,notBad
6271,5,547.9,5,547.9,move,improve
6272,5,547.9,5,547.9,2opt,improve
6273,5,547.9,5,547.9,move,improve
6274,5,547.9,5,547.9,swap,notBad
6275,5,547.9,5,547.9,2opt,notBad
6276,5,547.9,5,547.9,2opt,notBad
6277,5,547.9,5,547.9,swap,notBad
6278,5,547.9,5,547.9,2opt,improve
6279,5,547.9,5,547.9,2opt,notBad
6280,5,547.9,5,547.9,2opt,improve
6281,5,547.9,5,547.9,swap,notBad
6282,5,547.9,5,547.9,swap,notBad
6283,5,547.9,5,547.9,2opt,notBad
6284,5,547.9,5,547.9,2opt,notBad
6285,5,547.9,5,547.9,swap,notBad
6286,5,547.9,5,547.9,move,improve
6287,5,547.9,5,547.9,2opt,notBad
6288,5,547.9,5,547.9,2opt,notBad
6289,5,547.9,5,547.9,swap,notBad
6290,5,547.9,5,547.9,move,improve
6291,5,547.9,5,547.9,move,improve
6292,5,547.9,5,547.9,move,improve
6293,5,547.9,5,547.9,move,improve
6294,5,547.9,5,547.9,2opt,notBad
6295,5,547.9,5,547.9,swap,notBad
6296,5,547.9,5,547.9,swap,notBad
6297,5,547.9,5,547.9,2opt,improve
6298,5,547.9,5,547.9,2opt,improve
6299,5,547.9,5,547.9,swap,notBad
6300,5,547.9,5,547.9,swap,notBad
6301,5,547.9,5,547.9,swap,notBad
6302,5,547.9,5,547.9,move,improve
6303,5,547.9,5,547.9,swap,notBad
6304,5,547.9,5,547.9,swap,notBad
6305,5,547.9,5,547.9,move,improve
6306,5,547.9,5,547.9,swap,notBad
6307,5,547.9,5,547.9,swap,notBad
6308,5,547.9,5,547.9,2opt,notBad
6309,5,547.9,5,547.9,move,improve
6310,5,547.9,5,547.9,swap,notBad
6311,5,546.5,5,546.5,move,newBest
6312,5,546.5,5,546.5,2opt,notBad
6313,5,546.5,5,546.5,swap,notBad
6314,5,546.5,5,546.5,move,improve
6315,5,546.5,5,546.5,move,improve
6316,5,546.5,5,546.5,2opt,improve
6317,5,547.2,5,546.5,swap,acceptBad
6318,5,547.2,5,546.5,swap,notBad
6319,5,547.2,5,546.5,2opt,notBad
6320,5,547.2,5,546.5,move,improve
6321,5,546.5,5,546.5,move,improve
6322,5,546.5,5,546.5,2opt,notBad
6323,5,546.5,5,546.5,move,improve
6324,5,546.5,5,546.5,swap,notBad
6325,5,546.5,5,546.5,move,improve
6326,5,546.5,5,546.5,2opt,notBad
6327,5,546.5,5,546.5,2opt,improve
6328,5,546.5,5,546.5,2opt,notBad
6329,5,546.5,5,546.5,move,improve
6330,5,546.5,5,546.5,2opt,notBad
6331,5,546.5,5,546.5,move,improve
6332,5,546.5,5,546.5,swap,notBad
6333,5,546.5,5,546.5,move,improve
6334,5,546.5,5,546.5,move,improve
6335,5,546.5,5,546.5,2opt,notBad
6336,5,546.5,5,546.5,2opt,notBad
6337,5,546.5,5,546.5,swap,notBad
6338,5,546.5,5,546.5,move,improve
6339,5,546.5,5,546.5,2opt,notBad
6340,5,546.5,5,546.5,move,improve
6341,5,546.5,5,546.5,move,improve
6342,5,546.5,5,546.5,move,improve
6343,5,546.5,5,546.5,move,improve
6344,5,546.5,5,546.5,2opt,notBad
6345,5,546.5,5,546.5,move,improve
6346,5,546.5,5,546.5,swap,notBad
6347,5,546.5,5,546.5,2opt,improve
6348,5,546.5,5,546.5,2opt,notBad
6349,5,546.5,5,546.5,swap,notBad
6350,5,546.5,5,546.5,move,improve
6351,5,546.5,5,546.5,move,improve
6352,5,546.5,5,546.5,2opt,notBad
6353,5,546.5,5,546.5,move,improve
6354,5,546.5,5,546.5,swap,notBad
6355,5,546.5,5,546.5,move,improve
6356,5,546.5,5,546.5,move,improve
6357,5,546.5,5,546.5,2opt,improve
6358,5,546.5,5,546.5,swap,notBad
6359,5,546.5,5,546.5,move,improve
6360,5,546.5,5,546.5,swap,notBad
6361,5,546.5,5,546.5,2opt,notBad
6362,5,546.5,5,546.5,move,improve
6363,5,546.5,5,546.5,move,improve
6364,5,546.5,5,546.5,move,improve
6365,5,546.5,5,546.5,2opt,notBad
6366,5,546.5,5,546.5,swap,notBad
6367,5,546.5,5,546.5,2opt,improve
6368,5,546.5,5,546.5,2opt,notBad
6369,5,546.5,5,546.5,swap,notBad
6370,5,546.5,5,546.5,swap,notBad
6371,5,546.5,5,546.5,2opt,notBad
6372,5,546.5,5,546.5,swap,notBad
6373,5,546.5,5,546.5,move,improve
6374,5,546.5,5,546.5,2opt,notBad
6375,5,546.5,5,546.5,move,improve
6376,5,546.5,5,546.5,2opt,improve
6377,5,546.5,5,546.5,2opt,notBad
6378,5,546.5,5,546.5,2opt,improve
6379,5,546.5,5,546.5,move,improve
6380,5,546.5,5,546.5,swap,notBad
6381,5,546.5,5,546.5,swap,notBad
6382,5,546.5,5,546.5,2opt,notBad
6383,5,546.5,5,546.5,2opt,notBad
6384,5,546.5,5,546.5,move,improve
6385,5,546.5,5,546.5,move,improve
6386,5,546.5,5,546.5,2opt,improve
6387,5,546.5,5,546.5,swap,notBad
6388,5,546.5,5,546.5,2opt,notBad
6389,5,546.5,5,546.5,move,improve
6390,5,546.5,5,546.5,move,improve
6391,5,546.5,5,546.5,2opt,improve
6392,5,546.5,5,546.5,swap,notBad
6393,5,546.5,5,546.5,move,improve
6394,5,546.5,5,546.5,2opt,notBad
6395,5,546.5,5,546.5,move,improve
6396,5,546.5,5,546.5,move,improve
6397,5,546.5,5,546.5,move,improve
6398,5,547.2,5,546.5,swap,acceptBad
6399,5,547.2,5,546.5,move,improve
6400,5,547.2,5,546.5,2opt,notBad
6401,5,547.2,5,546.5,move,improve
6402,5,547.2,5,546.5,swap,notBad
6403,5,547.2,5,546.5,move,improve
6404,5,547.2,5,546.5,move,improve
6405,5,547.2,5,546.5,move,improve
6406,5,547.2,5,546.5,move,improve
6407,5,547.2,5,546.5,swap,notBad
6408,5,547.2,5,546.5,move,improve
6409,5,547.2,5,546.5,move,improve
6410,5,547.2,5,546.5,swap,notBad
6411,5,547.2,5,546.5,swap,notBad
6412,5,547.2,5,546.5,move,improve
6413,5,547.2,5,546.5,2opt,notBad
6414,5,547.2,5,546.5,2opt,notBad
6415,5,547.2,5,546.5,2opt,notBad
6416,5,547.2,5,546.5,2opt,improve
6417,5,547.2,5,546.5,2opt,improve
6418,5,547.2,5,546.5,2opt,notBad
6419,5,547.2,5,546.5,move,improve
6420,5,547.2,5,546.5,swap,notBad
6421,5,547.2,5,546.5,swap,notBad
6422,5,547.2,5,546.5,swap,notBad
6423,5,547.2,5,546.5,swap,notBad
6424,5,547.2,5,546.5,move,improve
6425,5,547.2,5,546.5,move,improve
6426,5,547.2,5,546.5,move,improve
6427,5,547.2,5,546.5,2opt,notBad
6428,5,547.2,5,546.5,swap,notBad
6429,5,547.2,5,546.5,2opt,notBad
6430,5,547.2,5,546.5,move,improve
6431,5,547.2,5,546.5,2opt,notBad
6432,5,547.2,5,546.5,move,improve
6433,5,547.2,5,546.5,swap,notBad
6434,5,547.2,5,546.5,swap,notBad
6435,5,547.2,5,546.5,swap,notBad
6436,5,547.2,5,546.5,2opt,notBad
6437,5,547.2,5,546.5,2opt,improve
6438,5,547.2,5,546.5,swap,notBad
6439,5,547.2,5,546.5,move,improve
6440,5,547.2,5,546.5,swap,notBad
6441,5,547.2,5,546.5,move,improve
6442,5,547.2,5,546.5,move,improve
6443,5,547.2,5,546.5,swap,notBad
6444,5,547.2,5,546.5,swap,notBad
6445,5,547.2,5,546.5,move,improve
6446,5,547.2,5,546.5,swap,notBad
6447,5,547.2,5,546.5,move,improve
6448,5,547.2,5,546.5,2opt,notBad
6449,5,547.2,5,546.5,swap,notBad
6450,5,547.2,5,546.5,swap,notBad
6451,5,547.2,5,546.5,2opt,notBad
6452,5,547.2,5,546.5,swap,notBad
6453,5,547.2,5,546.5,swap,notBad
6454,5,547.2,5,546.5,2opt,improve
6455,5,547.2,5,546.5,move,improve
6456,5,547.2,5,546.5,2opt,notBad
6457,5,547.2,5,546.5,2opt,notBad
6458,5,547.2,5,546.5,2opt,notBad
6459,5,547.2,5,546.5,move,improve
6460,5,547.2,5,546.5,2opt,improve
6461,5,547.2,5,546.5,swap,notBad
6462,5,547.2,5,546.5,swap,notBad
6463,5,547.2,5,546.5,move,improve
6464,5,547.2,5,546.5,move,improve
6465,5,547.2,5,546.5,move,improve
6466,5,547.2,5,546.5,swap,notBad
6467,5,547.2,5,546.5,move,improve
6468,5,547.2,5,546.5,move,improve
6469,5,547.2,5,546.5,swap,notBad
6470,5,547.2,5,546.5,swap,notBad
6471,5,547.2,5,546.5,2opt,improve
6472,5,547.2,5,546.5,2opt,notBad
6473,5,547.2,5,546.5,swap,notBad
6474,5,547.2,5,546.5,swap,notBad
6475,5,547.2,5,546.5,swap,notBad
6476,5,547.2,5,546.5,move,improve
6477,5,547.2,5,546.5,swap,notBad
6478,5,547.2,5,546.5,move,improve
6479,5,547.2,5,546.5,move,improve
6480,5,547.2,5,546.5,2opt,notBad
6481,5,547.2,5,546.5,swap,notBad
6482,5,547.2,5,546.5,swap,notBad
6483,5,547.2,5,546.5,swap,notBad
6484,5,547.2,5,546.5,move,improve
6485,5,547.2,5,546.5,2opt,notBad
6486,5,547.2,5,546.5,swap,notBad
6487,5,547.2,5,546.5,2opt,notBad
6488,5,547.2,5,546.5,2opt,notBad
6489,5,547.2,5,546.5,2opt,notBad
6490,5,547.2,5,546.5,move,improve
6491,5,547.2,5,546.5,move,improve
6492,5,547.2,5,546.5,2opt,notBad
6493,5,547.2,5,546.5,swap,notBad
6494,5,547.2,5,546.5,swap,notBad
6495,5,547.2,5,546.5,swap,notBad
6496,5,547.2,5,546.5,move,improve
6497,5,547.2,5,546.5,swap,notBad
6498,5,547.2,5,546.5,move,improve
6499,5,547.2,5,546.5,swap,notBad
6500,5,547.2,5,546.5,swap,notBad
6501,5,547.2,5,546.5,swap,notBad
6502,5,547.2,5,546.5,2opt,notBad
6503,5,547.2,5,546.5,move,improve
6504,5,547.2,5,546.5,move,improve
6505,5,547.2,5,546.5,2opt,notBad
6506,5,547.2,5,546.5,2opt,notBad
6507,5,547.2,5,546.5,2opt,improve
6508,5,547.2,5,546.5,2opt,improve
6509,5,547.2,5,546.5,2opt,notBad
6510,5,547.2,5,546.5,swap,notBad
6511,5,547.2,5,546.5,swap,notBad
6512,5,547.2,5,546.5,move,improve
6513,5,547.2,5,546.5,move,improve
6514,5,547.2,5,546.5,move,improve
6515,5,547.2,5,546.5,move,improve
6516,5,547.2,5,546.5,2opt,improve
6517,5,547.2,5,546.5,2opt,notBad
6518,5,547.2,5,546.5,2opt,notBad
6519,5,547.2,5,546.5,move,improve
6520,5,547.2,5,546.5,swap,notBad
6521,5,547.2,5,546.5,2opt,notBad
6522,5,547.2,5,546.5,move,improve
6523,5,547.2,5,546.5,2opt,notBad
6524,5,547.2,5,546.5,move,improve
6525,5,547.2,5,546.5,swap,notBad
6526,5,547.2,5,546.5,2opt,notBad
6527,5,547.2,5,546.5,move,improve
6528,5,547.2,5,546.5,2opt,improve
6529,5,547.2,5,546.5,swap,notBad
6530,5,547.2,5,546.5,move,improve
6531,5,547.2,5,546.5,move,improve
6532,5,547.2,5,546.5,swap,notBad
6533,5,547.2,5,546.5,swap,notBad
6534,5,547.2,5,546.5,2opt,notBad
6535,5,547.2,5,546.5,swap,notBad
6536,5,547.2,5,546.5,swap,notBad
6537,5,547.2,5,546.5,swap,notBad
6538,5,547.2,5,546.5,swap,notBad
6539,5,547.2,5,546.5,2opt,notBad
6540,5,547.2,5,546.5,move,notBad
6541,5,547.2,5,546.5,2opt,notBad
6542,5,547.2,5,546.5,2opt,notBad
6543,5,547.2,5,546.5,swap,improve
6544,5,547.2,5,546.5,swap,notBad
6545,5,547.2,5,546.5,swap,notBad
6546,5,547.2,5,546.5,swap,notBad
6547,5,547.2,5,546.5,2opt,notBad
6548,5,547.2,5,546.5,swap,notBad
6549,5,547.2,5,546.5,swap,notBad
6550,5,547.2,5,546.5,swap,notBad
6551,5,547.2,5,546.5,swap,notBad
6552,5,547.2,5,546.5,swap,notBad
6553,5,547.2,5,546.5,swap,notBad
6554,5,547.2,5,546.5,swap,notBad
6555,5,547.2,5,546.5,swap,notBad
6556,5,547.2,5,546.5,move,improve
6557,5,546.5,5,546.5,move,improve
6558,5,546.5,5,546.5,2opt,notBad
6559,5,546.5,5,546.5,move,improve
6560,5,546.5,5,546.5,move,improve
6561,5,546.5,5,546.5,swap,notBad
6562,5,546.5,5,546.5,move,improve
6563,5,546.5,5,546.5,move,improve
6564,5,546.5,5,546.5,swap,notBad
6565,5,546.5,5,546.5,2opt,notBad
6566,5,546.5,5,546.5,move,improve
6567,5,547.9,5,546.5,swap,acceptBad
6568,5,547.9,5,546.5,swap,notBad
6569,5,547.9,5,546.5,move,improve
6570,5,547.9,5,546.5,move,improve
6571,5,547.9,5,546.5,2opt,notBad
6572,5,547.9,5,546.5,swap,notBad
6573,5,547.9,5,546.5,move,improve
6574,5,547.9,5,546.5,swap,notBad
6575,5,547.9,5,546.5,2opt,improve
6576,5,547.9,5,546.5,2opt,notBad
6577,5,547.9,5,546.5,move,improve
6578,5,547.9,5,546.5,swap,notBad
6579,5,547.9,5,546.5,2opt,notBad
6580,5,547.9,5,546.5,move,improve
6581,5,547.9,5,546.5,move,improve
6582,5,547.9,5,546.5,2opt,notBad
6583,5,547.9,5,546.5,move,improve
6584,5,546.5,5,546.5,swap,improve
6585,5,546.5,5,546.5,move,improve
6586,5,546.5,5,546.5,swap,notBad
6587,5,546.5,5,546.5,move,improve
6588,5,546.5,5,546.5,swap,notBad
6589,5,546.5,5,546.5,swap,notBad
6590,5,546.5,5,546.5,2opt,notBad
6591,5,546.5,5,546.5,move,improve
6592,5,546.5,5,546.5,swap,notBad
6593,5,546.5,5,546.5,move,improve
6594,5,546.5,5,546.5,move,improve
6595,5,546.5,5,546.5,swap,notBad
6596,5,546.5,5,546.5,swap,notBad
6597,5,546.5,5,546.5,move,improve
6598,5,546.5,5,546.5,2opt,notBad
6599,5,546.5,5,546.5,swap,notBad
6600,5,546.5,5,546.5,swap,notBad
6601,5,546.5,5,546.5,2opt,notBad
6602,5,546.5,5,546.5,2opt,notBad
6603,5,546.5,5,546.5,swap,notBad
6604,5,546.5,5,546.5,2opt,notBad
6605,5,546.5,5,546.5,move,improve
6606,5,546.5,5,546.5,2opt,notBad
6607,5,546.5,5,546.5,2opt,notBad
6608,5,546.5,5,546.5,swap,notBad
6609,5,546.5,5,546.5,2opt,notBad
6610,5,546.5,5,546.5,swap,notBad
6611,5,546.5,5,546.5,swap,notBad
6612,5,546.5,5,546.5,move,improve
6613,5,546.5,5,546.5,move,improve
6614,5,546.5,5,546.5,swap,notBad
6615,5,546.5,5,546.5,2opt,improve
6616,5,546.5,5,546.5,move,improve
6617,5,546.5,5,546.5,2opt,notBad
6618,5,546.5,5,546.5,2opt,improve
6619,5,546.5,5,546.5,2opt,notBad
6620,5,546.5,5,546.5,2opt,notBad
6621,5,546.5,5,546.5,2opt,notBad
6622,5,546.5,5,546.5,move,improve
6623,5,546.5,5,546.5,move,improve
6624,5,546.5,5,546.5,swap,notBad
6625,5,546.5,5,546.5,2opt,improve
6626,5,546.5,5,546.5,swap,notBad
6627,5,546.5,5,546.5,2opt,improve
6628,5,546.5,5,546.5,swap,notBad
6629,5,546.5,5,546.5,move,improve
6630,5,546.5,5,546.5,move,improve
6631,5,546.5,5,546.5,move,improve
6632,5,546.5,5,546.5,2opt,improve
6633,5,546.5,5,546.5,swap,notBad
6634,5,546.5,5,546.5,move,improve
6635,5,546.5,5,546.5,2opt,notBad
6636,5,546.5,5,546.5,move,improve
6637,5,546.5,5,546.5,swap,notBad
6638,5,546.5,5,546.5,swap,notBad
6639,5,546.5,5,546.5,move,improve
6640,5,546.5,5,546.5,swap,notBad
6641,5,546.5,5,546.5,move,improve
6642,5,546.5,5,546.5,swap,notBad
6643,5,546.5,5,546.5,2opt,notBad
6644,5,546.5,5,546.5,move,improve
6645,5,546.5,5,546.5,2opt,notBad
6646,5,546.5,5,546.5,move,improve
6647,5,546.5,5,546.5,swap,notBad
6648,5,546.5,5,546.5,2opt,notBad
6649,5,546.5,5,546.5,2opt,notBad
6650,5,546.5,5,546.5,2opt,notBad
6651,5,546.5,5,546.5,swap,notBad
6652,5,546.5,5,546.5,move,improve
6653,5,546.5,5,546.5,swap,notBad
6654,5,546.5,5,546.5,swap,notBad
6655,5,546.5,5,546.5,move,improve
6656,5,546.5,5,546.5,swap,notBad
6657,5,546.5,5,546.5,2opt,notBad
6658,5,546.5,5,546.5,2opt,improve
6659,5,546.5,5,546.5,swap,notBad
6660,5,546.5,5,546.5,move,improve
6661,5,546.5,5,546.5,move,improve
6662,5,546.5,5,546.5,move,improve
6663,5,546.5,5,546.5,2opt,notBad
6664,5,546.5,5,546.5,swap,notBad
6665,5,546.5,5,546.5,swap,notBad
6666,5,546.5,5,546.5,2opt,notBad
6667,5,546.5,5,546.5,swap,notBad
6668,5,546.5,5,546.5,move,improve
6669,5,546.5,5,546.5,2opt,improve
6670,5,548.0,5,546.5,swap,acceptBad
6671,5,548.0,5,546.5,move,improve
6672,5,548.0,5,546.5,swap,notBad
6673,5,548.0,5,546.5,2opt,notBad
6674,5,548.0,5,546.5,2opt,notBad
6675,5,548.0,5,546.5,swap,notBad
6676,5,548.0,5,546.5,move,improve
6677,5,548.0,5,546.5,move,improve
6678,5,546.5,5,546.5,move,improve
6679,5,546.5,5,546.5,swap,notBad
6680,5,546.5,5,546.5,swap,notBad
6681,5,546.5,5,546.5,move,improve
6682,5,546.5,5,546.5,2opt,notBad
6683,5,546.5,5,546.5,2opt,notBad
6684,5,546.5,5,546.5,2opt,notBad
6685,5,546.5,5,546.5,swap,notBad
6686,5,546.5,5,546.5,move,improve
6687,5,546.5,5,546.5,swap,notBad
6688,5,546.5,5,546.5,move,improve
6689,5,546.5,5,546.5,swap,notBad
6690,5,546.5,5,546.5,2opt,notBad
6691,5,546.5,5,546.5,move,improve
6692,5,546.5,5,546.5,2opt,notBad
6693,5,546.5,5,546.5,swap,notBad
6694,5,546.5,5,546.5,swap,notBad
6695,5,546.5,5,546.5,move,improve
6696,5,546.5,5,546.5,2opt,notBad
6697,5,546.5,5,546.5,swap,notBad
6698,5,546.5,5,546.5,2opt,notBad
6699,5,546.5,5,546.5,2opt,notBad
6700,5,546.5,5,546.5,move,improve
6701,5,546.5,5,546.5,move,improve
6702,5,546.5,5,546.5,move,improve
6703,5,546.5,5,546.5,move,improve
6704,5,546.5,5,546.5,swap,notBad
6705,5,546.5,5,546.5,swap,notBad
6706,5,546.5,5,546.5,swap,notBad
6707,5,546.5,5,546.5,swap,notBad
6708,5,546.5,5,546.5,2opt,notBad
6709,5,546.5,5,546.5,swap,notBad
6710,5,546.5,5,546.5,swap,notBad
6711,5,546.5,5,546.5,2opt,notBad
6712,5,546.5,5,546.5,swap,notBad
6713,5,546.5,5,546.5,swap,notBad
6714,5,546.5,5,546.5,2opt,notBad
6715,5,546.5,5,546.5,swap,notBad
6716,5,546.5,5,546.5,move,improve
6717,5,546.5,5,546.5,swap,notBad
6718,5,546.5,5,546.5,move,improve
6719,5,546.5,5,546.5,swap,notBad
6720,5,546.5,5,546.5,swap,notBad
6721,5,546.5,5,546.5,move,improve
6722,5,546.5,5,546.5,2opt,notBad
6723,5,546.5,5,546.5,2opt,notBad
6724,5,546.5,5,546.5,2opt,notBad
6725,5,546.5,5,546.5,2opt,notBad
6726,5,546.5,5,546.5,2opt,improve
6727,5,546.5,5,546.5,2opt,notBad
6728,5,546.5,5,546.5,move,improve
6729,5,546.5,5,546.5,swap,notBad
6730,5,546.5,5,546.5,2opt,improve
6731,5,546.5,5,546.5,move,improve
6732,5,546.5,5,546.5,2opt,notBad
6733,5,546.5,5,546.5,swap,notBad
6734,5,546.5,5,546.5,swap,notBad
6735,5,546.5,5,546.5,move,improve
6736,5,546.5,5,546.5,2opt,notBad
6737,5,546.5,5,546.5,move,improve
6738,5,546.5,5,546.5,2opt,notBad
6739,5,546.5,5,546.5,swap,notBad
6740,5,546.5,5,546.5,2opt,improve
6741,5,546.5,5,546.5,2opt,notBad
6742,5,546.5,5,546.5,swap,notBad
6743,5,546.5,5,546.5,2opt,notBad
6744,5,546.5,5,546.5,move,improve
6745,5,546.5,5,546.5,swap,notBad
6746,5,546.5,5,546.5,2opt,notBad
6747,5,546.5,5,546.5,swap,notBad
6748,5,546.5,5,546.5,2opt,notBad
6749,5,546.5,5,546.5,move,improve
6750,5,546.5,5,546.5,2opt,notBad
6751,5,546.5,5,546.5,2opt,improve
6752,5,546.5,5,546.5,2opt,notBad
6753,5,546.5,5,546.5,2opt,notBad
6754,5,546.5,5,546.5,move,improve
6755,5,546.5,5,546.5,move,improve
6756,5,546.5,5,546.5,move,improve
6757,5,546.5,5,546.5,swap,notBad
6758,5,546.5,5,546.5,move,improve
6759,5,546.5,5,546.5,move,improve
6760,5,546.5,5,546.5,swap,notBad
6761,5,546.5,5,546.5,2opt,notBad
6762,5,546.5,5,546.5,2opt,notBad
6763,5,546.5,5,546.5,move,improve
6764,5,546.5,5,546.5,move,improve
6765,5,546.5,5,546.5,move,improve
6766,5,546.5,5,546.5,swap,notBad
6767,5,546.5,5,546.5,move,improve
6768,5,546.5,5,546.5,move,improve
6769,5,546.5,5,546.5,2opt,notBad
6770,5,546.5,5,546.5,2opt,notBad
6771,5,546.5,5,546.5,2opt,improve
6772,5,546.5,5,546.5,move,improve
6773,5,546.5,5,546.5,2opt,notBad
6774,5,546.5,5,546.5,swap,notBad
6775,5,546.5,5,546.5,2opt,notBad
6776,5,546.5,5,546.5,swap,notBad
6777,5,546.5,5,546.5,move,improve
6778,5,546.5,5,546.5,swap,notBad
6779,5,546.5,5,546.5,2opt,notBad
6780,5,546.5,5,546.5,2opt,notBad
6781,5,546.5,5,546.5,2opt,notBad
6782,5,546.5,5,546.5,2opt,notBad
6783,5,546.5,5,546.5,move,improve
6784,5,546.5,5,546.5,move,improve
6785,5,546.5,5,546.5,swap,notBad
6786,5,546.5,5,546.5,move,improve
6787,5,546.5,5,546.5,2opt,improve
6788,5,546.5,5,546.5,2opt,improve
6789,5,546.5,5,546.5,2opt,notBad
6790,5,546.5,5,546.5,move,improve
6791,5,546.5,5,546.5,2opt,notBad
6792,5,546.5,5,546.5,swap,notBad
6793,5,546.5,5,546.5,2opt,notBad
6794,5,546.5,5,546.5,swap,notBad
6795,5,546.5,5,546.5,move,improve
6796,5,546.5,5,546.5,swap,notBad
6797,5,546.5,5,546.5,swap,notBad
6798,5,546.5,5,546.5,swap,notBad
6799,5,546.5,5,546.5,2opt,improve
6800,5,546.5,5,546.5,swap,notBad
6801,5,546.5,5,546.5,2opt,notBad
6802,5,546.5,5,546.5,2opt,notBad
6803,5,546.5,5,546.5,2opt,notBad
6804,5,546.5,5,546.5,move,improve
6805,5,546.5,5,546.5,swap,notBad
6806,5,546.5,5,546.5,2opt,notBad
6807,5,546.5,5,546.5,2opt,notBad
6808,5,546.5,5,546.5,swap,notBad
6809,5,546.5,5,546.5,swap,notBad
6810,5,546.5,5,546.5,move,improve
6811,5,546.5,5,546.5,swap,notBad
6812,5,546.5,5,546.5,move,improve
6813,5,546.5,5,546.5,swap,notBad
6814,5,546.5,5,546.5,2opt,notBad
6815,5,546.5,5,546.5,swap,notBad
6816,5,546.5,5,546.5,2opt,notBad
6817,5,546.5,5,546.5,swap,notBad
6818,5,546.5,5,546.5,swap,notBad
6819,5,546.5,5,546.5,swap,notBad
6820,5,546.5,5,546.5,move,improve
6821,5,546.5,5,546.5,2opt,notBad
6822,5,546.5,5,546.5,2opt,notBad
6823,5,546.5,5,546.5,2opt,notBad
6824,5,546.5,5,546.5,2opt,notBad
6825,5,546.5,5,546.5,2opt,improve
6826,5,546.5,5,546.5,move,improve
6827,5,546.5,5,546.5,move,improve
6828,5,546.5,5,546.5,2opt,notBad
6829,5,546.5,5,546.5,swap,notBad
6830,5,546.5,5,546.5,move,improve
6831,5,546.5,5,546.5,move,improve
6832,5,546.5,5,546.5,move,improve
6833,5,546.5,5,546.5,move,improve
6834,5,546.5,5,546.5,2opt,notBad
6835,5,546.5,5,546.5,move,improve
6836,5,546.5,5,546.5,swap,notBad
6837,5,546.5,5,546.5,move,improve
6838,5,547.4000000000001,5,546.5,swap,acceptBad
6839,5,547.4000000000001,5,546.5,2opt,notBad
6840,5,547.4000000000001,5,546.5,move,improve
6841,5,547.4000000000001,5,546.5,swap,notBad
6842,5,547.4000000000001,5,546.5,2opt,notBad
6843,5,547.4000000000001,5,546.5,swap,notBad
6844,5,547.4000000000001,5,546.5,2opt,notBad
6845,5,547.4000000000001,5,546.5,move,improve
6846,5,547.4000000000001,5,546.5,move,improve
6847,5,547.4000000000001,5,546.5,2opt,notBad
6848,5,547.4000000000001,5,546.5,move,improve
6849,5,547.4000000000001,5,546.5,move,improve
6850,5,547.4000000000001,5,546.5,move,improve
6851,5,547.4000000000001,5,546.5,swap,notBad
6852,5,547.4000000000001,5,546.5,2opt,improve
6853,5,547.4000000000001,5,546.5,move,improve
6854,5,547.4000000000001,5,546.5,move,improve
6855,5,547.4000000000001,5,546.5,2opt,notBad
6856,5,547.4000000000001,5,546.5,move,improve
6857,5,547.4000000000001,5,546.5,swap,notBad
6858,5,547.4000000000001,5,546.5,2opt,notBad
6859,5,547.4000000000001,5,546.5,2opt,notBad
6860,5,547.4000000000001,5,546.5,swap,notBad
6861,5,547.4000000000001,5,546.5,2opt,notBad
6862,5,547.4000000000001,5,546.5,2opt,notBad
6863,5,547.4000000000001,5,546.5,move,improve
6864,5,547.4000000000001,5,546.5,2opt,improve
6865,5,547.4000000000001,5,546.5,swap,notBad
6866,5,547.4000000000001,5,546.5,2opt,notBad
6867,5,547.4000000000001,5,546.5,2opt,notBad
6868,5,547.4000000000001,5,546.5,swap,notBad
6869,5,547.4000000000001,5,546.5,move,improve
6870,5,547.4000000000001,5,546.5,2opt,notBad
6871,5,547.4000000000001,5,546.5,move,improve
6872,5,547.4000000000001,5,546.5,move,improve
6873,5,547.4000000000001,5,546.5,swap,notBad
6874,5,547.4000000000001,5,546.5,swap,notBad
6875,5,547.4000000000001,5,546.5,move,improve
6876,5,547.4000000000001,5,546.5,swap,notBad
6877,5,547.4000000000001,5,546.5,move,improve
6878,5,547.4000000000001,5,546.5,move,improve
6879,5,547.4000000000001,5,546.5,swap,notBad
6880,5,547.4000000000001,5,546.5,2opt,notBad
6881,5,547.4000000000001,5,546.5,swap,notBad
6882,5,547.4000000000001,5,546.5,move,improve
6883,5,547.4000000000001,5,546.5,swap,notBad
6884,5,547.4000000000001,5,546.5,2opt,notBad
6885,5,547.4000000000001,5,546.5,2opt,notBad
6886,5,547.4000000000001,5,546.5,2opt,notBad
6887,5,547.4000000000001,5,546.5,move,improve
6888,5,547.4000000000001,5,546.5,move,improve
6889,5,547.4000000000001,5,546.5,swap,notBad
6890,5,547.4000000000001,5,546.5,2opt,improve
6891,5,547.4000000000001,5,546.5,2opt,notBad
6892,5,547.4000000000001,5,546.5,2opt,notBad
6893,5,547.4000000000001,5,546.5,2opt,notBad
6894,5,547.4000000000001,5,546.5,swap,notBad
6895,5,547.4000000000001,5,546.5,2opt,notBad
6896,5,547.4000000000001,5,546.5,2opt,notBad
6897,5,547.4000000000001,5,546.5,swap,notBad
6898,5,547.4000000000001,5,546.5,2opt,notBad
6899,5,546.5,5,546.5,move,improve
6900,5,546.5,5,546.5,swap,notBad
6901,5,546.5,5,546.5,move,improve
6902,5,546.5,5,546.5,swap,notBad
6903,5,546.5,5,546.5,2opt,notBad
6904,5,546.5,5,546.5,move,improve
6905,5,546.5,5,546.5,move,improve
6906,5,546.5,5,546.5,swap,notBad
6907,5,546.5,5,546.5,2opt,notBad
6908,5,546.5,5,546.5,move,improve
6909,5,546.5,5,546.5,swap,notBad
6910,5,546.5,5,546.5,2opt,notBad
6911,5,546.5,5,546.5,2opt,notBad
6912,5,546.5,5,546.5,move,improve
6913,5,546.5,5,546.5,swap,notBad
6914,5,546.5,5,546.5,swap,notBad
6915,5,546.5,5,546.5,swap,notBad
6916,5,546.5,5,546.5,move,improve
6917,5,546.5,5,546.5,swap,notBad
6918,5,546.5,5,546.5,move,improve
6919,5,546.5,5,546.5,2opt,improve
6920,5,546.5,5,546.5,move,improve
6921,5,546.5,5,546.5,2opt,notBad
6922,5,546.5,5,546.5,move,improve
6923,5,546.5,5,546.5,2opt,notBad
6924,5,546.5,5,546.5,swap,notBad
6925,5,546.5,5,546.5,2opt,notBad
6926,5,546.5,5,546.5,swap,notBad
6927,5,546.5,5,546.5,move,improve
6928,5,546.5,5,546.5,move,improve
6929,5,546.5,5,546.5,swap,notBad
6930,5,546.5,5,546.5,swap,notBad
6931,5,546.5,5,546.5,2opt,notBad
6932,5,546.5,5,546.5,move,improve
6933,5,546.5,5,546.5,2opt,notBad
6934,5,546.5,5,546.5,move,improve
6935,5,546.5,5,546.5,move,improve
6936,5,546.5,5,546.5,swap,notBad
6937,5,546.5,5,546.5,move,improve
6938,5,546.5,5,546.5,swap,notBad
6939,5,546.5,5,546.5,move,improve
6940,5,546.5,5,546.5,swap,notBad
6941,5,546.5,5,546.5,move,improve
6942,5,546.5,5,546.5,swap,notBad
6943,5,546.5,5,546.5,2opt,notBad
6944,5,546.5,5,546.5,2opt,notBad
6945,5,546.5,5,546.5,2opt,notBad
6946,5,546.5,5,546.5,2opt,notBad
6947,5,546.5,5,546.5,move,improve
6948,5,546.5,5,546.5,swap,notBad
6949,5,546.5,5,546.5,swap,notBad
6950,5,546.5,5,546.5,swap,notBad
6951,5,546.5,5,546.5,move,improve
6952,5,546.5,5,546.5,swap,notBad
6953,5,547.2,5,546.5,swap,acceptBad
6954,5,547.2,5,546.5,swap,notBad
6955,5,546.5,5,546.5,move,improve
6956,5,546.5,5,546.5,2opt,notBad
6957,5,546.5,5,546.5,swap,notBad
6958,5,546.5,5,546.5,2opt,notBad
6959,5,546.5,5,546.5,move,improve
6960,5,546.5,5,546.5,swap,notBad
6961,5,546.5,5,546.5,2opt,notBad
6962,5,546.5,5,546.5,swap,notBad
6963,5,546.5,5,546.5,swap,notBad
6964,5,546.5,5,546.5,swap,notBad
6965,5,546.5,5,546.5,2opt,notBad
6966,5,546.5,5,546.5,move,improve
6967,5,546.5,5,546.5,swap,notBad
6968,5,546.5,5,546.5,swap,notBad
6969,5,546.5,5,546.5,swap,notBad
6970,5,546.5,5,546.5,2opt,improve
6971,5,546.5,5,546.5,move,improve
6972,5,546.5,5,546.5,swap,notBad
6973,5,546.5,5,546.5,swap,notBad
6974,5,546.5,5,546.5,move,improve
6975,5,546.5,5,546.5,swap,notBad
6976,5,546.5,5,546.5,move,improve
6977,5,546.5,5,546.5,swap,notBad
6978,5,546.5,5,546.5,swap,notBad
6979,5,546.5,5,546.5,2opt,notBad
6980,5,546.5,5,546.5,move,improve
6981,5,546.5,5,546.5,2opt,notBad
6982,5,546.5,5,546.5,move,improve
6983,5,546.5,5,546.5,move,improve
6984,5,546.5,5,546.5,2opt,notBad
6985,5,546.5,5,546.5,2opt,notBad
6986,5,546.5,5,546.5,move,improve
6987,5,546.5,5,546.5,swap,notBad
6988,5,546.5,5,546.5,2opt,notBad
6989,5,546.5,5,546.5,move,improve
6990,5,546.5,5,546.5,2opt,notBad
6991,5,546.5,5,546.5,move,improve
6992,5,546.5,5,546.5,move,improve
6993,5,546.5,5,546.5,2opt,improve
6994,5,546.5,5,546.5,move,improve
6995,5,546.5,5,546.5,swap,notBad
6996,5,546.5,5,546.5,move,improve
6997,5,546.5,5,546.5,move,improve
6998,5,546.5,5,546.5,swap,notBad
6999,5,546.5,5,546.5,move,improve
7000,5,546.5,5,546.5,move,improve
7001,5,546.5,5,546.5,swap,notBad
7002,5,546.5,5,546.5,move,improve
7003,5,546.5,5,546.5,swap,notBad
7004,5,546.5,5,546.5,2opt,notBad
7005,5,546.5,5,546.5,move,improve
7006,5,546.5,5,546.5,move,improve
7007,5,546.5,5,546.5,swap,notBad
7008,5,546.5,5,546.5,2opt,notBad
7009,5,546.5,5,546.5,move,improve
7010,5,546.5,5,546.5,move,improve
7011,5,546.5,5,546.5,2opt,improve
7012,5,546.5,5,546.5,swap,notBad
7013,5,546.5,5,546.5,swap,notBad
7014,5,546.5,5,546.5,move,improve
7015,5,546.5,5,546.5,swap,notBad
7016,5,546.5,5,546.5,move,improve
7017,5,546.5,5,546.5,swap,notBad
7018,5,546.5,5,546.5,move,improve
7019,5,546.5,5,546.5,swap,notBad
7020,5,546.5,5,546.5,swap,notBad
7021,5,546.5,5,546.5,move,improve
7022,5,546.5,5,546.5,2opt,notBad
7023,5,546.5,5,546.5,move,improve
7024,5,546.5,5,546.5,move,improve
7025,5,546.5,5,546.5,2opt,notBad
7026,5,546.5,5,546.5,move,improve
7027,5,546.5,5,546.5,move,improve
7028,5,546.5,5,546.5,move,improve
7029,5,546.5,5,546.5,swap,notBad
7030,5,546.5,5,546.5,move,improve
7031,5,546.5,5,546.5,move,improve
7032,5,546.5,5,546.5,swap,notBad
7033,5,546.5,5,546.5,2opt,notBad
7034,5,546.5,5,546.5,swap,notBad
7035,5,546.5,5,546.5,swap,notBad
7036,5,546.5,5,546.5,2opt,notBad
7037,5,546.5,5,546.5,swap,notBad
7038,5,546.5,5,546.5,swap,notBad
7039,5,546.5,5,546.5,2opt,notBad
7040,5,546.5,5,546.5,swap,notBad
7041,5,546.5,5,546.5,2opt,improve
7042,5,546.5,5,546.5,2opt,notBad
7043,5,546.5,5,546.5,move,improve
7044,5,546.5,5,546.5,2opt,notBad
7045,5,546.5,5,546.5,swap,notBad
7046,5,546.5,5,546.5,move,improve
7047,5,546.5,5,546.5,swap,notBad
7048,5,547.2,5,546.5,swap,acceptBad
7049,5,547.2,5,546.5,swap,notBad
7050,5,547.2,5,546.5,2opt,notBad
7051,5,547.2,5,546.5,swap,notBad
7052,5,547.2,5,546.5,move,improve
7053,5,547.2,5,546.5,2opt,notBad
7054,5,547.2,5,546.5,move,improve
7055,5,547.2,5,546.5,swap,notBad
7056,5,547.2,5,546.5,move,improve
7057,5,547.2,5,546.5,swap,notBad
7058,5,547.2,5,546.5,2opt,notBad
7059,5,547.2,5,546.5,2opt,notBad
7060,5,547.2,5,546.5,move,improve
7061,5,547.2,5,546.5,move,improve
7062,5,547.2,5,546.5,swap,notBad
7063,5,547.2,5,546.5,move,improve
7064,5,547.2,5,546.5,2opt,notBad
7065,5,547.2,5,546.5,2opt,notBad
7066,5,547.2,5,546.5,move,improve
7067,5,547.2,5,546.5,2opt,notBad
7068,5,547.2,5,546.5,swap,notBad
7069,5,547.2,5,546.5,2opt,notBad
7070,5,547.2,5,546.5,move,improve
7071,5,547.2,5,546.5,move,improve
7072,5,547.2,5,546.5,swap,notBad
7073,5,547.2,5,546.5,swap,notBad
7074,5,547.2,5,546.5,swap,notBad
7075,5,547.2,5,546.5,move,improve
7076,5,549.5000000000001,5,546.5,move,acceptBad
7077,5,549.5000000000001,5,546.5,2opt,notBad
7078,5,549.5000000000001,5,546.5,2opt,notBad
7079,5,549.5000000000001,5,546.5,2opt,notBad
7080,5,549.5000000000001,5,546.5,2opt,notBad
7081,5,549.5000000000001,5,546.5,2opt,notBad
7082,5,549.5000000000001,5,546.5,swap,notBad
7083,5,549.5000000000001,5,546.5,2opt,improve
7084,5,549.5000000000001,5,546.5,2opt,notBad
7085,5,549.5000000000001,5,546.5,swap,notBad
7086,5,549.5000000000001,5,546.5,move,improve
7087,5,549.5000000000001,5,546.5,2opt,notBad
7088,5,549.5000000000001,5,546.5,swap,notBad
7089,5,549.5000000000001,5,546.5,2opt,improve
7090,5,547.2,5,546.5,move,improve
7091,5,547.2,5,546.5,move,improve
7092,5,547.2,5,546.5,2opt,improve
7093,5,547.2,5,546.5,swap,notBad
7094,5,547.2,5,546.5,move,improve
7095,5,547.2,5,546.5,move,improve
7096,5,547.2,5,546.5,2opt,notBad
7097,5,547.2,5,546.5,swap,notBad
7098,5,547.2,5,546.5,swap,notBad
7099,5,547.2,5,546.5,move,notBad
7100,5,547.2,5,546.5,swap,notBad
7101,5,547.2,5,546.5,swap,notBad
7102,5,547.2,5,546.5,2opt,notBad
7103,5,547.2,5,546.5,move,improve
7104,5,547.2,5,546.5,move,improve
7105,5,547.2,5,546.5,swap,notBad
7106,5,547.2,5,546.5,move,improve
7107,5,547.2,5,546.5,swap,notBad
7108,5,547.2,5,546.5,2opt,notBad
7109,5,547.2,5,546.5,move,improve
7110,5,547.2,5,546.5,2opt,notBad
7111,5,547.2,5,546.5,move,improve
7112,5,547.2,5,546.5,swap,notBad
7113,5,547.2,5,546.5,2opt,notBad
7114,5,547.2,5,546.5,swap,notBad
7115,5,547.2,5,546.5,2opt,notBad
7116,5,547.2,5,546.5,swap,notBad
7117,5,547.2,5,546.5,move,improve
7118,5,547.2,5,546.5,swap,notBad
7119,5,547.2,5,546.5,2opt,notBad
7120,5,547.2,5,546.5,swap,notBad
7121,5,547.2,5,546.5,move,improve
7122,5,547.2,5,546.5,move,improve
7123,5,546.5,5,546.5,move,improve
7124,5,546.5,5,546.5,swap,notBad
7125,5,546.5,5,546.5,swap,notBad
7126,5,546.5,5,546.5,2opt,notBad
7127,5,546.5,5,546.5,swap,notBad
7128,5,546.5,5,546.5,2opt,notBad
7129,5,546.5,5,546.5,move,improve
7130,5,546.5,5,546.5,2opt,improve
7131,5,546.5,5,546.5,move,improve
7132,5,546.5,5,546.5,move,improve
7133,5,546.5,5,546.5,2opt,notBad
7134,5,546.5,5,546.5,swap,notBad
7135,5,546.5,5,546.5,2opt,notBad
7136,5,546.5,5,546.5,move,notBad
7137,5,546.5,5,546.5,move,improve
7138,5,546.5,5,546.5,2opt,notBad
7139,5,546.5,5,546.5,2opt,notBad
7140,5,546.5,5,546.5,2opt,notBad
7141,5,546.5,5,546.5,2opt,notBad
7142,5,546.5,5,546.5,swap,notBad
7143,5,546.5,5,546.5,2opt,notBad
7144,5,546.5,5,546.5,swap,notBad
7145,5,546.5,5,546.5,move,improve
7146,5,546.5,5,546.5,move,improve
7147,5,546.5,5,546.5,2opt,notBad
7148,5,546.5,5,546.5,swap,notBad
7149,5,546.5,5,546.5,2opt,notBad
7150,5,546.5,5,546.5,swap,notBad
7151,5,546.5,5,546.5,swap,notBad
7152,5,546.5,5,546.5,move,improve
7153,5,546.5,5,546.5,2opt,notBad
7154,5,546.5,5,546.5,2opt,notBad
7155,5,546.5,5,546.5,2opt,improve
7156,5,546.5,5,546.5,move,improve
7157,5,546.5,5,546.5,move,improve
7158,5,546.5,5,546.5,swap,notBad
7159,5,546.5,5,546.5,2opt,notBad
7160,5,546.5,5,546.5,swap,improve
7161,5,546.5,5,546.5,swap,notBad
7162,5,546.5,5,546.5,move,improve
7163,5,546.5,5,546.5,move,improve
7164,5,546.5,5,546.5,2opt,notBad
7165,5,546.5,5,546.5,move,improve
7166,5,546.5,5,546.5,2opt,notBad
7167,5,546.5,5,546.5,swap,notBad
7168,5,546.5,5,546.5,move,improve
7169,5,546.5,5,546.5,2opt,notBad
7170,5,546.5,5,546.5,2opt,notBad
7171,5,546.5,5,546.5,swap,notBad
7172,5,546.5,5,546.5,swap,notBad
7173,5,546.5,5,546.5,move,improve
7174,5,546.5,5,546.5,move,improve
7175,5,546.5,5,546.5,move,improve
7176,5,546.5,5,546.5,2opt,notBad
7177,5,546.5,5,546.5,swap,notBad
7178,5,546.5,5,546.5,2opt,notBad
7179,5,546.5,5,546.5,swap,notBad
7180,5,546.5,5,546.5,2opt,notBad
7181,5,546.5,5,546.5,move,improve
7182,5,546.5,5,546.5,move,improve
7183,5,546.5,5,546.5,2opt,notBad
7184,5,546.5,5,546.5,move,improve
7185,5,546.5,5,546.5,2opt,notBad
7186,5,546.5,5,546.5,2opt,notBad
7187,5,546.5,5,546.5,move,improve
7188,5,546.5,5,546.5,swap,notBad
7189,5,546.5,5,546.5,move,improve
7190,5,546.5,5,546.5,2opt,notBad
7191,5,546.5,5,546.5,swap,notBad
7192,5,546.5,5,546.5,2opt,notBad
7193,5,546.5,5,546.5,2opt,improve
7194,5,546.5,5,546.5,move,improve
7195,5,546.5,5,546.5,2opt,notBad
7196,5,546.5,5,546.5,2opt,notBad
7197,5,546.5,5,546.5,2opt,notBad
7198,5,546.5,5,546.5,swap,notBad
7199,5,546.5,5,546.5,2opt,notBad
7200,5,546.5,5,546.5,move,improve
7201,5,546.5,5,546.5,2opt,notBad
7202,5,546.5,5,546.5,move,improve
7203,5,546.5,5,546.5,move,improve
7204,5,546.5,5,546.5,swap,notBad
7205,5,546.5,5,546.5,swap,improve
7206,5,546.5,5,546.5,swap,notBad
7207,5,546.5,5,546.5,move,improve
7208,5,546.5,5,546.5,swap,notBad
7209,5,546.5,5,546.5,2opt,notBad
7210,5,546.5,5,546.5,swap,notBad
7211,5,546.5,5,546.5,2opt,improve
7212,5,546.5,5,546.5,2opt,notBad
7213,5,546.5,5,546.5,swap,notBad
7214,5,546.5,5,546.5,2opt,notBad
7215,5,546.5,5,546.5,2opt,notBad
7216,5,546.5,5,546.5,2opt,notBad
7217,5,546.5,5,546.5,move,improve
7218,5,546.5,5,546.5,2opt,notBad
7219,5,546.5,5,546.5,move,improve
7220,5,546.5,5,546.5,swap,notBad
7221,5,546.5,5,546.5,move,improve
7222,5,546.5,5,546.5,swap,notBad
7223,5,546.5,5,546.5,2opt,notBad
7224,5,546.5,5,546.5,2opt,notBad
7225,5,546.5,5,546.5,swap,notBad
7226,5,546.5,5,546.5,swap,notBad
7227,5,546.5,5,546.5,swap,notBad
7228,5,546.5,5,546.5,2opt,notBad
7229,5,546.5,5,546.5,move,improve
7230,5,546.5,5,546.5,swap,notBad
7231,5,546.5,5,546.5,move,notBad
7232,5,546.5,5,546.5,2opt,notBad
7233,5,546.5,5,546.5,2opt,notBad
7234,5,546.5,5,546.5,2opt,notBad
7235,5,546.5,5,546.5,swap,notBad
7236,5,546.5,5,546.5,move,improve
7237,5,546.5,5,546.5,2opt,notBad
7238,5,546.5,5,546.5,move,improve
7239,5,546.5,5,546.5,swap,notBad
7240,5,546.5,5,546.5,move,improve
7241,5,546.5,5,546.5,2opt,notBad
7242,5,546.5,5,546.5,2opt,improve
7243,5,546.5,5,546.5,swap,notBad
7244,5,546.5,5,546.5,2opt,notBad
7245,5,546.5,5,546.5,swap,notBad
7246,5,546.5,5,546.5,2opt,notBad
7247,5,546.5,5,546.5,swap,notBad
7248,5,546.5,5,546.5,swap,notBad
7249,5,546.5,5,546.5,2opt,notBad
7250,5,546.5,5,546.5,move,improve
7251,5,546.5,5,546.5,swap,notBad
7252,5,546.5,5,546.5,move,improve
7253,5,546.5,5,546.5,2opt,notBad
7254,5,546.5,5,546.5,swap,notBad
7255,5,546.5,5,546.5,swap,notBad
7256,5,546.5,5,546.5,swap,notBad
7257,5,546.5,5,546.5,2opt,improve
7258,5,546.5,5,546.5,swap,notBad
7259,5,546.5,5,546.5,2opt,notBad
7260,5,546.5,5,546.5,swap,notBad
7261,5,546.5,5,546.5,move,improve
7262,5,546.5,5,546.5,swap,notBad
7263,5,546.5,5,546.5,move,improve
7264,5,546.5,5,546.5,2opt,notBad
7265,5,546.5,5,546.5,swap,notBad
7266,5,546.5,5,546.5,swap,notBad
7267,5,546.5,5,546.5,2opt,notBad
7268,5,546.5,5,546.5,2opt,notBad
7269,5,546.5,5,546.5,move,improve
7270,5,546.5,5,546.5,2opt,notBad
7271,5,546.5,5,546.5,2opt,notBad
7272,5,546.5,5,546.5,swap,notBad
7273,5,546.5,5,546.5,2opt,notBad
7274,5,546.5,5,546.5,move,improve
7275,5,546.5,5,546.5,swap,improve
7276,5,546.5,5,546.5,move,improve
7277,5,546.5,5,546.5,2opt,improve
7278,5,546.5,5,546.5,2opt,notBad
7279,5,546.5,5,546.5,swap,notBad
7280,5,546.5,5,546.5,swap,notBad
7281,5,546.5,5,546.5,2opt,improve
7282,5,546.5,5,546.5,swap,notBad
7283,5,546.5,5,546.5,move,improve
7284,5,546.5,5,546.5,move,improve
7285,5,546.5,5,546.5,move,improve
7286,5,546.5,5,546.5,move,improve
7287,5,546.5,5,546.5,move,improve
7288,5,546.5,5,546.5,move,improve
7289,5,546.5,5,546.5,move,improve
7290,5,546.5,5,546.5,2opt,notBad
7291,5,546.5,5,546.5,2opt,notBad
7292,5,546.5,5,546.5,2opt,improve
7293,5,546.5,5,546.5,2opt,improve
7294,5,546.5,5,546.5,swap,notBad
7295,5,546.5,5,546.5,2opt,notBad
7296,5,546.5,5,546.5,swap,notBad
7297,5,546.5,5,546.5,move,improve
7298,5,546.5,5,546.5,swap,notBad
7299,5,546.5,5,546.5,swap,notBad
7300,5,546.5,5,546.5,swap,notBad
7301,5,546.5,5,546.5,2opt,notBad
7302,5,546.5,5,546.5,move,improve
7303,5,546.5,5,546.5,swap,notBad
7304,5,546.5,5,546.5,swap,notBad
7305,5,546.5,5,546.5,move,improve
7306,5,546.5,5,546.5,swap,notBad
7307,5,546.5,5,546.5,swap,notBad
7308,5,546.5,5,546.5,move,improve
7309,5,546.5,5,546.5,move,improve
7310,5,546.5,5,546.5,swap,notBad
7311,5,546.5,5,546.5,swap,notBad
7312,5,546.5,5,546.5,move,improve
7313,5,546.5,5,546.5,swap,notBad
7314,5,546.5,5,546.5,2opt,notBad
7315,5,546.5,5,546.5,2opt,notBad
7316,5,546.5,5,546.5,swap,notBad
7317,5,546.5,5,546.5,2opt,notBad
7318,5,546.5,5,546.5,swap,notBad
7319,5,546.5,5,546.5,2opt,notBad
7320,5,546.5,5,546.5,2opt,notBad
7321,5,546.5,5,546.5,move,improve
7322,5,546.5,5,546.5,move,improve
7323,5,546.5,5,546.5,2opt,notBad
7324,5,546.5,5,546.5,2opt,notBad
7325,5,546.5,5,546.5,swap,notBad
7326,5,546.5,5,546.5,swap,notBad
7327,5,546.5,5,546.5,2opt,notBad
7328,5,546.5,5,546.5,2opt,notBad
7329,5,546.5,5,546.5,move,improve
7330,5,546.5,5,546.5,2opt,improve
7331,5,546.5,5,546.5,move,improve
7332,5,546.5,5,546.5,2opt,improve
7333,5,546.5,5,546.5,2opt,notBad
7334,5,546.5,5,546.5,move,improve
7335,5,546.5,5,546.5,swap,notBad
7336,5,546.5,5,546.5,move,improve
7337,5,546.5,5,546.5,swap,notBad
7338,5,546.5,5,546.5,move,improve
7339,5,546.5,5,546.5,swap,notBad
7340,5,546.5,5,546.5,move,improve
7341,5,546.5,5,546.5,move,improve
7342,5,546.5,5,546.5,2opt,notBad
7343,5,546.5,5,546.5,move,improve
7344,5,546.5,5,546.5,2opt,notBad
7345,5,546.5,5,546.5,swap,notBad
7346,5,546.5,5,546.5,swap,notBad
7347,5,546.5,5,546.5,move,improve
7348,5,546.5,5,546.5,2opt,notBad
7349,5,546.5,5,546.5,move,improve
7350,5,546.5,5,546.5,swap,notBad
7351,5,546.5,5,546.5,2opt,notBad
7352,5,546.5,5,546.5,2opt,notBad
7353,5,546.5,5,546.5,2opt,notBad
7354,5,546.5,5,546.5,swap,notBad
7355,5,546.5,5,546.5,2opt,notBad
7356,5,546.5,5,546.5,2opt,notBad
7357,5,546.5,5,546.5,swap,notBad
7358,5,546.5,5,546.5,swap,notBad
7359,5,546.5,5,546.5,2opt,notBad
7360,5,546.5,5,546.5,move,improve
7361,5,546.5,5,546.5,swap,notBad
7362,5,546.5,5,546.5,move,improve
7363,5,546.5,5,546.5,swap,notBad
7364,5,546.5,5,546.5,swap,notBad
7365,5,546.5,5,546.5,swap,notBad
7366,5,546.5,5,546.5,swap,notBad
7367,5,546.5,5,546.5,swap,notBad
7368,5,546.5,5,546.5,swap,notBad
7369,5,546.5,5,546.5,2opt,improve
7370,5,546.5,5,546.5,swap,notBad
7371,5,546.5,5,546.5,swap,notBad
7372,5,546.5,5,546.5,2opt,notBad
7373,5,546.5,5,546.5,2opt,notBad
7374,5,546.5,5,546.5,2opt,improve
7375,5,546.5,5,546.5,2opt,notBad
7376,5,546.5,5,546.5,2opt,notBad
7377,5,546.5,5,546.5,swap,notBad
7378,5,546.5,5,546.5,move,improve
7379,5,546.5,5,546.5,swap,notBad
7380,5,546.5,5,546.5,swap,notBad
7381,5,546.5,5,546.5,move,improve
7382,5,546.5,5,546.5,2opt,notBad
7383,5,546.5,5,546.5,swap,notBad
7384,5,546.5,5,546.5,move,improve
7385,5,546.5,5,546.5,2opt,notBad
7386,5,546.5,5,546.5,move,improve
7387,5,546.5,5,546.5,move,improve
7388,5,546.5,5,546.5,move,improve
7389,5,546.5,5,546.5,2opt,notBad
7390,5,546.5,5,546.5,move,improve
7391,5,546.5,5,546.5,swap,notBad
7392,5,546.5,5,546.5,move,improve
7393,5,546.5,5,546.5,2opt,notBad
7394,5,546.5,5,546.5,move,improve
7395,5,546.5,5,546.5,2opt,improve
7396,5,546.5,5,546.5,swap,notBad
7397,5,546.5,5,546.5,2opt,notBad
7398,5,546.5,5,546.5,move,improve
7399,5,546.5,5,546.5,move,improve
7400,5,546.5,5,546.5,2opt,notBad
7401,5,546.5,5,546.5,swap,notBad
7402,5,546.5,5,546.5,2opt,notBad
7403,5,546.5,5,546.5,swap,notBad
7404,5,546.5,5,546.5,2opt,notBad
7405,5,546.5,5,546.5,2opt,improve
7406,5,546.5,5,546.5,2opt,notBad
7407,5,546.5,5,546.5,2opt,notBad
7408,5,546.5,5,546.5,2opt,improve
7409,5,546.5,5,546.5,move,improve
7410,5,546.5,5,546.5,2opt,notBad
7411,5,546.5,5,546.5,2opt,notBad
7412,5,546.5,5,546.5,swap,notBad
7413,5,546.5,5,546.5,2opt,notBad
7414,5,546.5,5,546.5,2opt,improve
7415,5,546.5,5,546.5,2opt,notBad
7416,5,546.5,5,546.5,swap,notBad
7417,5,546.5,5,546.5,move,improve
7418,5,546.5,5,546.5,swap,notBad
7419,5,546.5,5,546.5,swap,notBad
7420,5,546.5,5,546.5,2opt,notBad
7421,5,546.5,5,546.5,swap,notBad
7422,5,546.5,5,546.5,swap,notBad
7423,5,546.5,5,546.5,move,improve
7424,5,546.5,5,546.5,2opt,notBad
7425,5,546.5,5,546.5,swap,improve
7426,5,546.5,5,546.5,swap,notBad
7427,5,546.5,5,546.5,move,improve
7428,5,546.5,5,546.5,swap,notBad
7429,5,546.5,5,546.5,swap,notBad
7430,5,546.5,5,546.5,swap,notBad
7431,5,546.5,5,546.5,2opt,notBad
7432,5,546.5,5,546.5,2opt,notBad
7433,5,546.5,5,546.5,2opt,notBad
7434,5,546.5,5,546.5,swap,notBad
7435,5,546.5,5,546.5,swap,notBad
7436,5,546.5,5,546.5,2opt,notBad
7437,5,546.5,5,546.5,move,improve
7438,5,546.5,5,546.5,move,improve
7439,5,546.5,5,546.5,2opt,notBad
7440,5,546.5,5,546.5,move,improve
7441,5,546.5,5,546.5,move,improve
7442,5,546.5,5,546.5,move,improve
7443,5,546.5,5,546.5,move,improve
7444,5,546.5,5,546.5,move,improve
7445,5,546.5,5,546.5,2opt,notBad
7446,5,546.5,5,546.5,2opt,notBad
7447,5,546.5,5,546.5,move,improve
7448,5,546.5,5,546.5,swap,notBad
7449,5,546.5,5,546.5,swap,notBad
7450,5,546.5,5,546.5,swap,notBad
7451,5,546.5,5,546.5,2opt,notBad
7452,5,546.5,5,546.5,swap,notBad
7453,5,546.5,5,546.5,2opt,notBad
7454,5,546.5,5,546.5,2opt,improve
7455,5,546.5,5,546.5,2opt,notBad
7456,5,546.5,5,546.5,move,improve
7457,5,546.5,5,546.5,swap,improve
7458,5,546.5,5,546.5,move,improve
7459,5,546.5,5,546.5,move,improve
7460,5,546.5,5,546.5,move,improve
7461,5,546.5,5,546.5,move,improve
7462,5,546.5,5,546.5,2opt,notBad
7463,5,546.5,5,546.5,swap,notBad
7464,5,546.5,5,546.5,swap,notBad
7465,5,546.5,5,546.5,move,improve
7466,5,546.5,5,546.5,move,improve
7467,5,546.5,5,546.5,2opt,notBad
7468,5,546.5,5,546.5,move,improve
7469,5,546.5,5,546.5,2opt,notBad
7470,5,546.5,5,546.5,2opt,notBad
7471,5,546.5,5,546.5,swap,notBad
7472,5,546.5,5,546.5,swap,notBad
7473,5,546.5,5,546.5,swap,notBad
7474,5,546.5,5,546.5,swap,notBad
7475,5,546.5,5,546.5,2opt,notBad
7476,5,546.5,5,546.5,move,improve
7477,5,546.5,5,546.5,move,improve
7478,5,546.5,5,546.5,2opt,notBad
7479,5,546.5,5,546.5,2opt,notBad
7480,5,546.5,5,546.5,move,improve
7481,5,546.5,5,546.5,swap,notBad
7482,5,546.5,5,546.5,2opt,improve
7483,5,546.5,5,546.5,move,improve
7484,5,546.5,5,546.5,move,improve
7485,5,546.5,5,546.5,swap,notBad
7486,5,546.5,5,546.5,move,improve
7487,5,546.5,5,546.5,move,improve
7488,5,546.5,5,546.5,swap,notBad
7489,5,546.5,5,546.5,move,improve
7490,5,546.5,5,546.5,swap,notBad
7491,5,546.5,5,546.5,move,improve
7492,5,546.5,5,546.5,move,improve
7493,5,546.5,5,546.5,swap,notBad
7494,5,546.5,5,546.5,swap,notBad
7495,5,546.5,5,546.5,move,improve
7496,5,546.5,5,546.5,2opt,notBad
7497,5,546.5,5,546.5,move,improve
7498,5,546.5,5,546.5,move,improve
7499,5,546.5,5,546.5,swap,notBad
7500,5,546.5,5,546.5,2opt,notBad
7501,5,546.5,5,546.5,move,improve
7502,5,546.5,5,546.5,swap,notBad
7503,5,546.5,5,546.5,move,improve
7504,5,546.5,5,546.5,2opt,notBad
7505,5,546.5,5,546.5,2opt,improve
7506,5,546.5,5,546.5,2opt,notBad
7507,5,546.5,5,546.5,swap,notBad
7508,5,546.5,5,546.5,move,improve
7509,5,546.5,5,546.5,2opt,notBad
7510,5,546.5,5,546.5,move,improve
7511,5,546.5,5,546.5,move,improve
7512,5,546.5,5,546.5,move,improve
7513,5,546.5,5,546.5,2opt,notBad
7514,5,546.5,5,546.5,swap,notBad
7515,5,546.5,5,546.5,swap,notBad
7516,5,546.5,5,546.5,2opt,improve
7517,5,546.5,5,546.5,2opt,notBad
7518,5,546.5,5,546.5,2opt,notBad
7519,5,546.5,5,546.5,move,improve
7520,5,546.5,5,546.5,move,improve
7521,5,546.5,5,546.5,2opt,notBad
7522,5,546.5,5,546.5,swap,notBad
7523,5,546.5,5,546.5,move,improve
7524,5,546.5,5,546.5,swap,notBad
7525,5,546.5,5,546.5,swap,improve
7526,5,546.5,5,546.5,2opt,notBad
7527,5,546.5,5,546.5,2opt,improve
7528,5,546.5,5,546.5,move,improve
7529,5,546.5,5,546.5,swap,notBad
7530,5,546.5,5,546.5,move,improve
7531,5,546.5,5,546.5,move,improve
7532,5,546.5,5,546.5,move,improve
7533,5,546.5,5,546.5,2opt,notBad
7534,5,546.5,5,546.5,2opt,notBad
7535,5,546.5,5,546.5,move,improve
7536,5,546.5,5,546.5,move,improve
7537,5,546.5,5,546.5,move,improve
7538,5,546.5,5,546.5,2opt,notBad
7539,5,546.5,5,546.5,swap,notBad
7540,5,546.5,5,546.5,2opt,notBad
7541,5,546.5,5,546.5,swap,notBad
7542,5,546.5,5,546.5,2opt,improve
7543,5,546.5,5,546.5,move,improve
7544,5,546.5,5,546.5,2opt,improve
7545,5,546.5,5,546.5,move,improve
7546,5,546.5,5,546.5,swap,notBad
7547,5,546.5,5,546.5,swap,notBad
7548,5,546.5,5,546.5,swap,notBad
7549,5,546.5,5,546.5,swap,notBad
7550,5,546.5,5,546.5,swap,notBad
7551,5,546.5,5,546.5,move,improve
7552,5,546.5,5,546.5,2opt,notBad
7553,5,546.5,5,546.5,move,improve
7554,5,546.5,5,546.5,2opt,notBad
7555,5,546.5,5,546.5,swap,notBad
7556,5,546.5,5,546.5,2opt,notBad
7557,5,546.5,5,546.5,move,improve
7558,5,546.5,5,546.5,move,improve
7559,5,546.5,5,546.5,swap,notBad
7560,5,546.5,5,546.5,swap,notBad
7561,5,546.5,5,546.5,2opt,notBad
7562,5,546.5,5,546.5,swap,notBad
7563,5,546.5,5,546.5,swap,notBad
7564,5,546.5,5,546.5,move,improve
7565,5,546.5,5,546.5,move,improve
7566,5,546.5,5,546.5,swap,notBad
7567,5,546.5,5,546.5,move,improve
7568,5,546.5,5,546.5,2opt,notBad
7569,5,546.5,5,546.5,swap,notBad
7570,5,546.5,5,546.5,move,improve
7571,5,546.5,5,546.5,2opt,notBad
7572,5,546.5,5,546.5,2opt,notBad
7573,5,546.5,5,546.5,2opt,notBad
7574,5,546.5,5,546.5,2opt,notBad
7575,5,546.5,5,546.5,move,improve
7576,5,546.5,5,546.5,2opt,notBad
7577,5,546.5,5,546.5,move,improve
7578,5,546.5,5,546.5,move,improve
7579,5,546.5,5,546.5,2opt,notBad
7580,5,546.5,5,546.5,move,improve
7581,5,546.5,5,546.5,2opt,improve
7582,5,546.5,5,546.5,move,improve
7583,5,546.5,5,546.5,move,improve
7584,5,546.5,5,546.5,2opt,notBad
7585,5,546.5,5,546.5,swap,notBad
7586,5,546.5,5,546.5,2opt,notBad
7587,5,546.5,5,546.5,2opt,notBad
7588,5,546.5,5,546.5,2opt,notBad
7589,5,546.5,5,546.5,2opt,notBad
7590,5,546.5,5,546.5,swap,notBad
7591,5,546.5,5,546.5,2opt,improve
7592,5,546.5,5,546.5,swap,notBad
7593,5,546.5,5,546.5,swap,notBad
7594,5,546.5,5,546.5,2opt,improve
7595,5,546.5,5,546.5,swap,notBad
7596,5,546.5,5,546.5,swap,notBad
7597,5,546.5,5,546.5,move,improve
7598,5,546.5,5,546.5,2opt,notBad
7599,5,546.5,5,546.5,swap,improve
7600,5,546.5,5,546.5,2opt,notBad
7601,5,546.5,5,546.5,swap,notBad
7602,5,546.5,5,546.5,2opt,notBad
7603,5,546.5,5,546.5,2opt,notBad
7604,5,546.5,5,546.5,move,notBad
7605,5,546.5,5,546.5,2opt,notBad
7606,5,546.5,5,546.5,swap,notBad
7607,5,546.5,5,546.5,move,improve
7608,5,546.5,5,546.5,swap,notBad
7609,5,546.5,5,546.5,2opt,improve
7610,5,546.5,5,546.5,swap,notBad
7611,5,546.5,5,546.5,swap,notBad
7612,5,546.5,5,546.5,swap,notBad
7613,5,546.5,5,546.5,move,improve
7614,5,546.5,5,546.5,move,improve
7615,5,546.5,5,546.5,swap,notBad
7616,5,546.5,5,546.5,swap,notBad
7617,5,546.5,5,546.5,move,improve
7618,5,546.5,5,546.5,swap,notBad
7619,5,546.5,5,546.5,2opt,notBad
7620,5,546.5,5,546.5,2opt,improve
7621,5,546.5,5,546.5,move,improve
7622,5,546.5,5,546.5,move,improve
7623,5,546.5,5,546.5,swap,notBad
7624,5,546.5,5,546.5,swap,notBad
7625,5,546.5,5,546.5,2opt,notBad
7626,5,546.5,5,546.5,2opt,notBad
7627,5,546.5,5,546.5,2opt,notBad
7628,5,546.5,5,546.5,2opt,notBad
7629,5,546.5,5,546.5,2opt,notBad
7630,5,546.5,5,546.5,swap,notBad
7631,5,546.5,5,546.5,2opt,notBad
7632,5,546.5,5,546.5,swap,notBad
7633,5,546.5,5,546.5,swap,notBad
7634,5,547.2,5,546.5,swap,acceptBad
7635,5,547.2,5,546.5,move,improve
7636,5,547.2,5,546.5,2opt,improve
7637,5,547.2,5,546.5,2opt,improve
7638,5,547.2,5,546.5,2opt,notBad
7639,5,547.2,5,546.5,move,improve
7640,5,547.2,5,546.5,move,improve
7641,5,547.2,5,546.5,2opt,notBad
7642,5,547.2,5,546.5,move,improve
7643,5,547.2,5,546.5,swap,notBad
7644,5,547.2,5,546.5,move,improve
7645,5,547.2,5,546.5,2opt,notBad
7646,5,547.2,5,546.5,move,improve
7647,5,547.2,5,546.5,move,improve
7648,5,547.2,5,546.5,2opt,improve
7649,5,547.2,5,546.5,2opt,notBad
7650,5,547.2,5,546.5,swap,notBad
7651,5,547.2,5,546.5,2opt,notBad
7652,5,547.2,5,546.5,move,improve
7653,5,547.2,5,546.5,2opt,notBad
7654,5,547.2,5,546.5,swap,notBad
7655,5,547.2,5,546.5,2opt,notBad
7656,5,547.2,5,546.5,swap,notBad
7657,5,547.2,5,546.5,move,improve
7658,5,546.5,5,546.5,move,improve
7659,5,546.5,5,546.5,swap,notBad
7660,5,546.5,5,546.5,2opt,notBad
7661,5,546.5,5,546.5,2opt,notBad
7662,5,546.5,5,546.5,swap,notBad
7663,5,546.5,5,546.5,swap,notBad
7664,5,546.5,5,546.5,2opt,notBad
7665,5,546.5,5,546.5,swap,notBad
7666,5,546.5,5,546.5,move,improve
7667,5,546.5,5,546.5,move,improve
7668,5,546.5,5,546.5,2opt,improve
7669,5,546.5,5,546.5,2opt,notBad
7670,5,546.5,5,546.5,swap,notBad
7671,5,546.5,5,546.5,2opt,notBad
7672,5,546.5,5,546.5,2opt,notBad
7673,5,546.5,5,546.5,move,improve
7674,5,546.5,5,546.5,2opt,notBad
7675,5,546.5,5,546.5,swap,notBad
7676,5,546.5,5,546.5,move,improve
7677,5,546.5,5,546.5,swap,notBad
7678,5,546.5,5,546.5,swap,notBad
7679,5,546.5,5,546.5,move,improve
7680,5,546.5,5,546.5,move,improve
7681,5,546.5,5,546.5,2opt,notBad
7682,5,546.5,5,546.5,swap,notBad
7683,5,546.5,5,546.5,swap,notBad
7684,5,546.5,5,546.5,swap,notBad
7685,5,546.5,5,546.5,move,improve
7686,5,546.5,5,546.5,move,improve
7687,5,546.5,5,546.5,swap,notBad
7688,5,546.5,5,546.5,move,improve
7689,5,546.5,5,546.5,move,improve
7690,5,546.5,5,546.5,swap,notBad
7691,5,546.5,5,546.5,swap,notBad
7692,5,546.5,5,546.5,2opt,improve
7693,5,546.5,5,546.5,move,improve
7694,5,546.5,5,546.5,2opt,notBad
7695,5,546.5,5,546.5,move,improve
7696,5,546.5,5,546.5,2opt,improve
7697,5,546.5,5,546.5,move,improve
7698,5,546.5,5,546.5,move,improve
7699,5,546.5,5,546.5,swap,notBad
7700,5,546.5,5,546.5,2opt,notBad
7701,5,546.5,5,546.5,2opt,improve
7702,5,546.5,5,546.5,swap,notBad
7703,5,546.5,5,546.5,2opt,notBad
7704,5,546.5,5,546.5,swap,notBad
7705,5,546.5,5,546.5,move,improve
7706,5,546.5,5,546.5,move,improve
7707,5,546.5,5,546.5,swap,notBad
7708,5,546.5,5,546.5,swap,notBad
7709,5,546.5,5,546.5,2opt,notBad
7710,5,546.5,5,546.5,swap,notBad
7711,5,546.5,5,546.5,move,improve
7712,5,546.5,5,546.5,move,improve
7713,5,546.5,5,546.5,2opt,notBad
7714,5,546.5,5,546.5,swap,notBad
7715,5,546.5,5,546.5,2opt,notBad
7716,5,546.5,5,546.5,swap,notBad
7717,5,546.5,5,546.5,swap,notBad
7718,5,546.5,5,546.5,2opt,notBad
7719,5,546.5,5,546.5,2opt,improve
7720,5,546.5,5,546.5,move,improve
7721,5,546.5,5,546.5,move,improve
7722,5,546.5,5,546.5,move,improve
7723,5,546.5,5,546.5,swap,notBad
7724,5,546.5,5,546.5,2opt,notBad
7725,5,546.5,5,546.5,swap,notBad
7726,5,546.5,5,546.5,2opt,notBad
7727,5,546.5,5,546.5,2opt,notBad
7728,5,546.5,5,546.5,swap,notBad
7729,5,546.5,5,546.5,move,improve
7730,5,546.5,5,546.5,swap,notBad
7731,5,546.5,5,546.5,swap,notBad
7732,5,546.5,5,546.5,move,improve
7733,5,546.5,5,546.5,2opt,notBad
7734,5,546.5,5,546.5,move,improve
7735,5,546.5,5,546.5,2opt,notBad
7736,5,546.5,5,546.5,2opt,notBad
7737,5,546.5,5,546.5,2opt,notBad
7738,5,546.5,5,546.5,2opt,improve
7739,5,546.5,5,546.5,swap,notBad
7740,5,546.5,5,546.5,move,improve
7741,5,546.5,5,546.5,move,improve
7742,5,546.5,5,546.5,move,improve
7743,5,546.5,5,546.5,swap,notBad
7744,5,546.5,5,546.5,2opt,improve
7745,5,546.5,5,546.5,swap,notBad
7746,5,546.5,5,546.5,move,improve
7747,5,546.5,5,546.5,2opt,notBad
7748,5,546.5,5,546.5,2opt,notBad
7749,5,546.5,5,546.5,move,improve
7750,5,546.5,5,546.5,swap,notBad
7751,5,546.5,5,546.5,2opt,improve
7752,5,546.5,5,546.5,move,improve
7753,5,546.5,5,546.5,2opt,notBad
7754,5,546.5,5,546.5,move,notBad
7755,5,546.5,5,546.5,move,improve
7756,5,546.5,5,546.5,move,improve
7757,5,546.5,5,546.5,swap,notBad
7758,5,546.5,5,546.5,swap,notBad
7759,5,546.5,5,546.5,move,improve
7760,5,546.5,5,546.5,swap,notBad
7761,5,546.5,5,546.5,swap,notBad
7762,5,546.5,5,546.5,move,improve
7763,5,546.5,5,546.5,move,improve
7764,5,546.5,5,546.5,swap,notBad
7765,5,546.5,5,546.5,move,improve
7766,5,546.5,5,546.5,move,improve
7767,5,546.5,5,546.5,swap,notBad
7768,5,546.5,5,546.5,2opt,improve
7769,5,546.5,5,546.5,move,improve
7770,5,546.5,5,546.5,swap,notBad
7771,5,546.5,5,546.5,swap,notBad
7772,5,546.5,5,546.5,2opt,notBad
7773,5,546.5,5,546.5,swap,notBad
7774,5,546.5,5,546.5,swap,notBad
7775,5,546.5,5,546.5,2opt,notBad
7776,5,546.5,5,546.5,swap,notBad
7777,5,546.5,5,546.5,move,improve
7778,5,546.5,5,546.5,swap,notBad
7779,5,546.5,5,546.5,move,improve
7780,5,546.5,5,546.5,move,improve
7781,5,546.5,5,546.5,move,improve
7782,5,546.5,5,546.5,2opt,improve
7783,5,546.5,5,546.5,2opt,notBad
7784,5,546.5,5,546.5,move,improve
7785,5,546.5,5,546.5,2opt,notBad
7786,5,546.5,5,546.5,move,improve
7787,5,546.5,5,546.5,swap,notBad
7788,5,546.5,5,546.5,swap,notBad
7789,5,546.5,5,546.5,swap,notBad
7790,5,546.5,5,546.5,move,improve
7791,5,546.5,5,546.5,swap,notBad
7792,5,546.5,5,546.5,2opt,improve
7793,5,546.5,5,546.5,2opt,notBad
7794,5,546.5,5,546.5,move,improve
7795,5,546.5,5,546.5,swap,notBad
7796,5,546.5,5,546.5,2opt,notBad
7797,5,546.5,5,546.5,2opt,improve
7798,5,546.5,5,546.5,2opt,notBad
7799,5,546.5,5,546.5,2opt,notBad
7800,5,546.5,5,546.5,swap,notBad
7801,5,546.5,5,546.5,move,improve
7802,5,546.5,5,546.5,swap,notBad
7803,5,546.5,5,546.5,swap,notBad
7804,5,546.5,5,546.5,swap,notBad
7805,5,546.5,5,546.5,move,improve
7806,5,546.5,5,546.5,2opt,notBad
7807,5,546.5,5,546.5,move,improve
7808,5,546.5,5,546.5,2opt,notBad
7809,5,546.5,5,546.5,swap,notBad
7810,5,546.5,5,546.5,move,improve
7811,5,546.5,5,546.5,swap,notBad
7812,5,546.5,5,546.5,move,improve
7813,5,546.5,5,546.5,move,improve
7814,5,546.5,5,546.5,2opt,notBad
7815,5,546.5,5,546.5,2opt,notBad
7816,5,546.5,5,546.5,2opt,improve
7817,5,546.5,5,546.5,move,improve
7818,5,546.5,5,546.5,swap,notBad
7819,5,546.5,5,546.5,move,improve
7820,5,546.5,5,546.5,move,improve
7821,5,546.5,5,546.5,move,improve
7822,5,546.5,5,546.5,move,improve
7823,5,546.5,5,546.5,move,improve
7824,5,546.5,5,546.5,move,improve
7825,5,546.5,5,546.5,swap,notBad
7826,5,546.5,5,546.5,move,improve
7827,5,546.5,5,546.5,move,improve
7828,5,546.5,5,546.5,swap,notBad
7829,5,546.5,5,546.5,swap,notBad
7830,5,546.5,5,546.5,swap,notBad
7831,5,546.5,5,546.5,move,improve
7832,5,546.5,5,546.5,move,improve
7833,5,546.5,5,546.5,2opt,notBad
7834,5,546.5,5,546.5,swap,notBad
7835,5,546.5,5,546.5,swap,notBad
7836,5,546.5,5,546.5,move,improve
7837,5,546.5,5,546.5,swap,notBad
7838,5,546.5,5,546.5,2opt,notBad
7839,5,546.5,5,546.5,2opt,notBad
7840,5,546.5,5,546.5,swap,notBad
7841,5,546.5,5,546.5,2opt,notBad
7842,5,546.5,5,546.5,move,improve
7843,5,546.5,5,546.5,swap,notBad
7844,5,546.5,5,546.5,2opt,notBad
7845,5,546.5,5,546.5,move,improve
7846,5,546.5,5,546.5,move,improve
7847,5,546.5,5,546.5,move,improve
7848,5,546.5,5,546.5,swap,notBad
7849,5,546.5,5,546.5,swap,notBad
7850,5,546.5,5,546.5,swap,notBad
7851,5,546.5,5,546.5,2opt,improve
7852,5,546.5,5,546.5,swap,notBad
7853,5,546.5,5,546.5,2opt,notBad
7854,5,546.5,5,546.5,2opt,notBad
7855,5,546.5,5,546.5,move,improve
7856,5,546.5,5,546.5,swap,notBad
7857,5,546.5,5,546.5,2opt,notBad
7858,5,546.5,5,546.5,swap,notBad
7859,5,546.5,5,546.5,2opt,notBad
7860,5,546.5,5,546.5,2opt,notBad
7861,5,546.5,5,546.5,swap,notBad
7862,5,546.5,5,546.5,swap,notBad
7863,5,546.5,5,546.5,move,improve
7864,5,546.5,5,546.5,swap,notBad
7865,5,546.5,5,546.5,move,improve
7866,5,546.5,5,546.5,move,improve
7867,5,546.5,5,546.5,2opt,notBad
7868,5,546.5,5,546.5,2opt,improve
7869,5,546.5,5,546.5,swap,notBad
7870,5,546.5,5,546.5,swap,notBad
7871,5,546.5,5,546.5,move,improve
7872,5,546.5,5,546.5,swap,notBad
7873,5,546.5,5,546.5,swap,notBad
7874,5,546.5,5,546.5,swap,notBad
7875,5,546.5,5,546.5,move,improve
7876,5,546.5,5,546.5,swap,notBad
7877,5,546.5,5,546.5,swap,notBad
7878,5,546.5,5,546.5,move,improve
7879,5,546.5,5,546.5,move,improve
7880,5,546.5,5,546.5,swap,notBad
7881,5,546.5,5,546.5,2opt,notBad
7882,5,546.5,5,546.5,move,improve
7883,5,546.5,5,546.5,move,improve
7884,5,546.5,5,546.5,swap,notBad
7885,5,546.5,5,546.5,move,improve
7886,5,546.5,5,546.5,2opt,notBad
7887,5,546.5,5,546.5,2opt,notBad
7888,5,546.5,5,546.5,move,improve
7889,5,546.5,5,546.5,swap,notBad
7890,5,546.5,5,546.5,2opt,improve
7891,5,546.5,5,546.5,2opt,notBad
7892,5,546.5,5,546.5,swap,notBad
7893,5,546.5,5,546.5,2opt,notBad
7894,5,546.5,5,546.5,move,improve
7895,5,546.5,5,546.5,swap,notBad
7896,5,546.5,5,546.5,2opt,notBad
7897,5,546.5,5,546.5,move,improve
7898,5,546.5,5,546.5,swap,notBad
7899,5,546.5,5,546.5,2opt,notBad
7900,5,546.5,5,546.5,2opt,notBad
7901,5,546.5,5,546.5,swap,notBad
7902,5,546.5,5,546.5,2opt,notBad
7903,5,546.5,5,546.5,move,improve
7904,5,546.5,5,546.5,2opt,notBad
7905,5,546.5,5,546.5,2opt,notBad
7906,5,546.5,5,546.5,move,improve
7907,5,546.5,5,546.5,swap,notBad
7908,5,546.5,5,546.5,2opt,notBad
7909,5,546.5,5,546.5,move,improve
7910,5,546.5,5,546.5,swap,notBad
7911,5,546.5,5,546.5,swap,notBad
7912,5,546.5,5,546.5,move,improve
7913,5,546.5,5,546.5,2opt,improve
7914,5,546.5,5,546.5,2opt,notBad
7915,5,546.5,5,546.5,move,improve
7916,5,546.5,5,546.5,2opt,notBad
7917,5,546.5,5,546.5,2opt,notBad
7918,5,546.5,5,546.5,move,improve
7919,5,546.5,5,546.5,2opt,notBad
7920,5,546.5,5,546.5,2opt,notBad
7921,5,546.5,5,546.5,swap,notBad
7922,5,546.5,5,546.5,swap,notBad
7923,5,546.5,5,546.5,2opt,notBad
7924,5,546.5,5,546.5,swap,notBad
7925,5,546.5,5,546.5,swap,notBad
7926,5,546.5,5,546.5,swap,notBad
7927,5,546.5,5,546.5,swap,notBad
7928,5,546.5,5,546.5,swap,notBad
7929,5,546.5,5,546.5,2opt,notBad
7930,5,546.5,5,546.5,2opt,notBad
7931,5,546.5,5,546.5,swap,notBad
7932,5,546.5,5,546.5,move,improve
7933,5,546.5,5,546.5,2opt,notBad
7934,5,546.5,5,546.5,move,improve
7935,5,546.5,5,546.5,move,improve
7936,5,546.5,5,546.5,2opt,notBad
7937,5,546.5,5,546.5,swap,notBad
7938,5,546.5,5,546.5,move,improve
7939,5,546.5,5,546.5,move,improve
7940,5,546.5,5,546.5,move,improve
7941,5,546.5,5,546.5,2opt,notBad
7942,5,546.5,5,546.5,move,improve
7943,5,546.5,5,546.5,move,improve
7944,5,546.5,5,546.5,2opt,notBad
7945,5,546.5,5,546.5,2opt,improve
7946,5,546.5,5,546.5,swap,notBad
7947,5,546.5,5,546.5,2opt,improve
7948,5,546.5,5,546.5,swap,notBad
7949,5,546.5,5,546.5,move,improve
7950,5,546.5,5,546.5,move,improve
7951,5,546.5,5,546.5,move,improve
7952,5,546.5,5,546.5,move,improve
7953,5,546.5,5,546.5,move,improve
7954,5,546.5,5,546.5,swap,notBad
7955,5,546.5,5,546.5,2opt,notBad
7956,5,546.5,5,546.5,swap,notBad
7957,5,546.5,5,546.5,move,improve
7958,5,546.5,5,546.5,move,improve
7959,5,546.5,5,546.5,move,improve
7960,5,546.5,5,546.5,swap,notBad
7961,5,546.5,5,546.5,swap,notBad
7962,5,546.5,5,546.5,2opt,notBad
7963,5,546.5,5,546.5,2opt,notBad
7964,5,546.5,5,546.5,move,improve
7965,5,546.5,5,546.5,swap,notBad
7966,5,546.5,5,546.5,move,improve
7967,5,546.5,5,546.5,swap,notBad
7968,5,546.5,5,546.5,2opt,notBad
7969,5,547.2,5,546.5,swap,acceptBad
7970,5,547.2,5,546.5,swap,notBad
7971,5,547.2,5,546.5,move,improve
7972,5,547.2,5,546.5,swap,notBad
7973,5,547.2,5,546.5,2opt,notBad
7974,5,547.2,5,546.5,swap,notBad
7975,5,547.2,5,546.5,swap,notBad
7976,5,547.2,5,546.5,move,improve
7977,5,547.2,5,546.5,2opt,notBad
7978,5,547.2,5,546.5,swap,notBad
7979,5,547.2,5,546.5,move,improve
7980,5,547.2,5,546.5,swap,notBad
7981,5,547.2,5,546.5,2opt,notBad
7982,5,547.2,5,546.5,2opt,notBad
7983,5,547.2,5,546.5,swap,notBad
7984,5,547.2,5,546.5,2opt,improve
7985,5,547.2,5,546.5,swap,notBad
7986,5,547.2,5,546.5,2opt,improve
7987,5,547.2,5,546.5,move,improve
7988,5,547.2,5,546.5,2opt,notBad
7989,5,547.2,5,546.5,swap,notBad
7990,5,547.2,5,546.5,move,improve
7991,5,547.2,5,546.5,move,improve
7992,5,547.2,5,546.5,swap,notBad
7993,5,547.2,5,546.5,swap,notBad
7994,5,547.2,5,546.5,move,improve
7995,5,547.2,5,546.5,2opt,notBad
7996,5,547.2,5,546.5,move,improve
7997,5,547.2,5,546.5,swap,notBad
7998,5,547.2,5,546.5,move,improve
7999,5,547.2,5,546.5,2opt,notBad
8000,5,547.2,5,546.5,move,improve
8001,5,547.2,5,546.5,move,improve
8002,5,547.2,5,546.5,2opt,notBad
8003,5,547.2,5,546.5,swap,notBad
8004,5,547.2,5,546.5,move,improve
8005,5,547.2,5,546.5,2opt,improve
8006,5,547.2,5,546.5,2opt,notBad
8007,5,547.2,5,546.5,swap,notBad
8008,5,547.2,5,546.5,move,improve
8009,5,547.2,5,546.5,2opt,notBad
8010,5,547.2,5,546.5,move,improve
8011,5,547.2,5,546.5,move,improve
8012,5,547.2,5,546.5,move,improve
8013,5,547.2,5,546.5,move,improve
8014,5,547.2,5,546.5,move,improve
8015,5,547.2,5,546.5,2opt,improve
8016,5,547.2,5,546.5,move,improve
8017,5,547.2,5,546.5,swap,notBad
8018,5,547.2,5,546.5,2opt,improve
8019,5,547.2,5,546.5,2opt,notBad
8020,5,547.2,5,546.5,move,improve
8021,5,547.2,5,546.5,move,improve
8022,5,547.2,5,546.5,move,improve
8023,5,547.2,5,546.5,move,improve
8024,5,547.2,5,546.5,move,improve
8025,5,547.2,5,546.5,swap,notBad
8026,5,547.2,5,546.5,move,improve
8027,5,546.5,5,546.5,move,improve
8028,5,546.5,5,546.5,swap,notBad
8029,5,546.5,5,546.5,2opt,improve
8030,5,546.5,5,546.5,swap,notBad
8031,5,546.5,5,546.5,2opt,notBad
8032,5,546.5,5,546.5,move,improve
8033,5,546.5,5,546.5,swap,notBad
8034,5,546.5,5,546.5,swap,notBad
8035,5,546.5,5,546.5,swap,notBad
8036,5,546.5,5,546.5,2opt,notBad
8037,5,546.5,5,546.5,move,improve
8038,5,546.5,5,546.5,swap,notBad
8039,5,546.5,5,546.5,2opt,notBad
8040,5,546.5,5,546.5,move,improve
8041,5,546.5,5,546.5,move,improve
8042,5,546.5,5,546.5,2opt,improve
8043,5,546.5,5,546.5,2opt,improve
8044,5,546.5,5,546.5,2opt,notBad
8045,5,546.5,5,546.5,2opt,notBad
8046,5,546.5,5,546.5,2opt,notBad
8047,5,546.5,5,546.5,swap,notBad
8048,5,546.5,5,546.5,move,improve
8049,5,546.5,5,546.5,swap,notBad
8050,5,546.5,5,546.5,move,improve
8051,5,546.5,5,546.5,move,improve
8052,5,546.5,5,546.5,swap,notBad
8053,5,546.5,5,546.5,swap,notBad
8054,5,546.5,5,546.5,move,improve
8055,5,546.5,5,546.5,2opt,notBad
8056,5,546.5,5,546.5,move,improve
8057,5,546.5,5,546.5,2opt,notBad
8058,5,546.5,5,546.5,move,improve
8059,5,546.5,5,546.5,move,improve
8060,5,546.5,5,546.5,move,improve
8061,5,546.5,5,546.5,2opt,notBad
8062,5,546.5,5,546.5,swap,notBad
8063,5,546.5,5,546.5,swap,notBad
8064,5,546.5,5,546.5,2opt,notBad
8065,5,546.5,5,546.5,move,improve
8066,5,546.5,5,546.5,swap,notBad
8067,5,546.5,5,546.5,move,improve
8068,5,546.5,5,546.5,2opt,notBad
8069,5,546.5,5,546.5,move,improve
8070,5,546.5,5,546.5,move,improve
8071,5,546.5,5,546.5,move,improve
8072,5,546.5,5,546.5,move,improve
8073,5,546.5,5,546.5,swap,notBad
8074,5,546.5,5,546.5,move,improve
8075,5,546.5,5,546.5,swap,notBad
8076,5,546.5,5,546.5,move,improve
8077,5,546.5,5,546.5,move,improve
8078,5,546.5,5,546.5,move,improve
8079,5,546.5,5,546.5,swap,notBad
8080,5,546.5,5,546.5,move,improve
8081,5,546.5,5,546.5,move,improve
8082,5,546.5,5,546.5,swap,notBad
8083,5,546.5,5,546.5,move,improve
8084,5,546.5,5,546.5,move,improve
8085,5,546.5,5,546.5,swap,notBad
8086,5,546.5,5,546.5,move,improve
8087,5,546.5,5,546.5,swap,notBad
8088,5,546.5,5,546.5,2opt,notBad
8089,5,546.5,5,546.5,move,improve
8090,5,546.5,5,546.5,swap,notBad
8091,5,546.5,5,546.5,2opt,notBad
8092,5,546.5,5,546.5,move,improve
8093,5,546.5,5,546.5,2opt,notBad
8094,5,546.5,5,546.5,2opt,notBad
8095,5,546.5,5,546.5,move,improve
8096,5,546.5,5,546.5,2opt,notBad
8097,5,546.5,5,546.5,swap,notBad
8098,5,546.5,5,546.5,move,improve
8099,5,546.5,5,546.5,2opt,notBad
8100,5,546.5,5,546.5,move,improve
8101,5,546.5,5,546.5,swap,notBad
8102,5,546.5,5,546.5,move,improve
8103,5,546.5,5,546.5,2opt,notBad
8104,5,546.5,5,546.5,swap,notBad
8105,5,546.5,5,546.5,move,improve
8106,5,546.5,5,546.5,swap,notBad
8107,5,546.5,5,546.5,swap,notBad
8108,5,546.5,5,546.5,move,improve
8109,5,546.5,5,546.5,2opt,notBad
8110,5,546.5,5,546.5,swap,notBad
8111,5,546.5,5,546.5,swap,notBad
8112,5,546.5,5,546.5,move,improve
8113,5,546.5,5,546.5,swap,notBad
8114,5,546.5,5,546.5,swap,notBad
8115,5,546.5,5,546.5,swap,improve
8116,5,546.5,5,546.5,swap,notBad
8117,5,546.5,5,546.5,swap,notBad
8118,5,546.5,5,546.5,2opt,notBad
8119,5,546.5,5,546.5,2opt,notBad
8120,5,546.5,5,546.5,move,improve
8121,5,546.5,5,546.5,move,improve
8122,5,546.5,5,546.5,2opt,improve
8123,5,546.5,5,546.5,2opt,improve
8124,5,546.5,5,546.5,move,improve
8125,5,546.5,5,546.5,2opt,notBad
8126,5,546.5,5,546.5,swap,notBad
8127,5,546.5,5,546.5,swap,improve
8128,5,546.5,5,546.5,swap,notBad
8129,5,546.5,5,546.5,move,improve
8130,5,546.5,5,546.5,swap,notBad
8131,5,546.5,5,546.5,swap,notBad
8132,5,546.5,5,546.5,2opt,notBad
8133,5,546.5,5,546.5,swap,notBad
8134,5,546.5,5,546.5,move,improve
8135,5,546.5,5,546.5,swap,notBad
8136,5,546.5,5,546.5,2opt,notBad
8137,5,546.5,5,546.5,move,improve
8138,5,546.5,5,546.5,move,improve
8139,5,546.5,5,546.5,move,improve
8140,5,546.5,5,546.5,swap,notBad
8141,5,546.5,5,546.5,swap,notBad
8142,5,546.5,5,546.5,2opt,notBad
8143,5,546.5,5,546.5,2opt,notBad
8144,5,546.5,5,546.5,move,improve
8145,5,546.5,5,546.5,2opt,notBad
8146,5,546.5,5,546.5,swap,notBad
8147,5,546.5,5,546.5,2opt,improve
8148,5,546.5,5,546.5,move,improve
8149,5,546.5,5,546.5,swap,notBad
8150,5,546.5,5,546.5,2opt,notBad
8151,5,546.5,5,546.5,swap,notBad
8152,5,546.5,5,546.5,2opt,improve
8153,5,546.5,5,546.5,swap,notBad
8154,5,546.5,5,546.5,swap,notBad
8155,5,546.5,5,546.5,swap,notBad
8156,5,546.5,5,546.5,swap,notBad
8157,5,546.5,5,546.5,swap,notBad
8158,5,546.5,5,546.5,swap,notBad
8159,5,546.5,5,546.5,move,improve
8160,5,546.5,5,546.5,swap,notBad
8161,5,546.5,5,546.5,swap,notBad
8162,5,546.5,5,546.5,move,improve
8163,5,546.5,5,546.5,swap,notBad
8164,5,546.5,5,546.5,swap,notBad
8165,5,546.5,5,546.5,2opt,notBad
8166,5,546.5,5,546.5,swap,notBad
8167,5,546.5,5,546.5,swap,notBad
8168,5,546.5,5,546.5,move,improve
8169,5,546.5,5,546.5,move,improve
8170,5,546.5,5,546.5,swap,notBad
8171,5,546.5,5,546.5,move,improve
8172,5,546.5,5,546.5,swap,notBad
8173,5,546.5,5,546.5,move,improve
8174,5,546.5,5,546.5,swap,notBad
8175,5,546.5,5,546.5,2opt,notBad
8176,5,546.5,5,546.5,2opt,notBad
8177,5,546.5,5,546.5,2opt,notBad
8178,5,546.5,5,546.5,move,improve
8179,5,546.5,5,546.5,swap,notBad
8180,5,546.5,5,546.5,2opt,improve
8181,5,546.5,5,546.5,2opt,improve
8182,5,546.5,5,546.5,2opt,notBad
8183,5,546.5,5,546.5,move,improve
8184,5,546.5,5,546.5,2opt,notBad
8185,5,546.5,5,546.5,swap,notBad
8186,5,546.5,5,546.5,swap,notBad
8187,5,546.5,5,546.5,move,improve
8188,5,546.5,5,546.5,swap,notBad
8189,5,546.5,5,546.5,swap,notBad
8190,5,546.5,5,546.5,swap,notBad
8191,5,546.5,5,546.5,swap,notBad
8192,5,546.5,5,546.5,swap,notBad
8193,5,546.5,5,546.5,2opt,notBad
8194,5,546.5,5,546.5,move,improve
8195,5,546.5,5,546.5,swap,notBad
8196,5,546.5,5,546.5,2opt,notBad
8197,5,546.5,5,546.5,swap,notBad
8198,5,546.5,5,546.5,swap,notBad
8199,5,546.5,5,546.5,move,improve
8200,5,546.5,5,546.5,swap,notBad
8201,5,546.5,5,546.5,2opt,notBad
8202,5,546.5,5,546.5,move,improve
8203,5,546.5,5,546.5,move,improve
8204,5,546.5,5,546.5,2opt,notBad
8205,5,546.5,5,546.5,swap,notBad
8206,5,546.5,5,546.5,swap,notBad
8207,5,546.5,5,546.5,move,improve
8208,5,546.5,5,546.5,2opt,notBad
8209,5,546.5,5,546.5,move,improve
8210,5,546.5,5,546.5,move,improve
8211,5,546.5,5,546.5,swap,notBad
8212,5,546.5,5,546.5,swap,notBad
8213,5,546.5,5,546.5,move,improve
8214,5,546.5,5,546.5,move,improve
8215,5,546.5,5,546.5,2opt,notBad
8216,5,546.5,5,546.5,2opt,notBad
8217,5,546.5,5,546.5,swap,notBad
8218,5,546.5,5,546.5,swap,notBad
8219,5,546.5,5,546.5,swap,notBad
8220,5,546.5,5,546.5,move,improve
8221,5,546.5,5,546.5,2opt,notBad
8222,5,546.5,5,546.5,swap,notBad
8223,5,546.5,5,546.5,2opt,notBad
8224,5,546.5,5,546.5,2opt,notBad
8225,5,546.5,5,546.5,swap,notBad
8226,5,546.5,5,546.5,move,improve
8227,5,546.5,5,546.5,2opt,notBad
8228,5,546.5,5,546.5,move,improve
8229,5,546.5,5,546.5,move,improve
8230,5,546.5,5,546.5,2opt,notBad
8231,5,546.5,5,546.5,2opt,improve
8232,5,546.5,5,546.5,swap,notBad
8233,5,546.5,5,546.5,2opt,notBad
8234,5,546.5,5,546.5,2opt,notBad
8235,5,546.5,5,546.5,2opt,notBad
8236,5,546.5,5,546.5,move,improve
8237,5,546.5,5,546.5,move,improve
8238,5,546.5,5,546.5,2opt,notBad
8239,5,546.5,5,546.5,swap,notBad
8240,5,546.5,5,546.5,swap,notBad
8241,5,546.5,5,546.5,2opt,notBad
8242,5,546.5,5,546.5,swap,notBad
8243,5,546.5,5,546.5,2opt,notBad
8244,5,546.5,5,546.5,2opt,improve
8245,5,546.5,5,546.5,swap,notBad
8246,5,546.5,5,546.5,2opt,notBad
8247,5,546.5,5,546.5,swap,notBad
8248,5,546.5,5,546.5,move,improve
8249,5,546.5,5,546.5,2opt,notBad
8250,5,546.5,5,546.5,2opt,notBad
8251,5,546.5,5,546.5,2opt,notBad
8252,5,546.5,5,546.5,swap,notBad
8253,5,546.5,5,546.5,2opt,improve
8254,5,546.5,5,546.5,2opt,notBad
8255,5,546.5,5,546.5,swap,notBad
8256,5,546.5,5,546.5,2opt,notBad
8257,5,546.5,5,546.5,move,improve
8258,5,546.5,5,546.5,2opt,improve
8259,5,546.5,5,546.5,move,improve
8260,5,546.5,5,546.5,2opt,notBad
8261,5,546.5,5,546.5,swap,notBad
8262,5,546.5,5,546.5,2opt,notBad
8263,5,546.5,5,546.5,2opt,notBad
8264,5,546.5,5,546.5,2opt,notBad
8265,5,546.5,5,546.5,move,improve
8266,5,546.5,5,546.5,2opt,notBad
8267,5,546.5,5,546.5,2opt,notBad
8268,5,546.5,5,546.5,move,improve
8269,5,546.5,5,546.5,swap,notBad
8270,5,546.5,5,546.5,move,improve
8271,5,546.5,5,546.5,move,improve
8272,5,546.5,5,546.5,2opt,improve
8273,5,546.5,5,546.5,2opt,notBad
8274,5,546.5,5,546.5,move,improve
8275,5,546.5,5,546.5,2opt,notBad
8276,5,546.5,5,546.5,swap,notBad
8277,5,546.5,5,546.5,move,improve
8278,5,546.5,5,546.5,swap,notBad
8279,5,546.5,5,546.5,2opt,notBad
8280,5,546.5,5,546.5,swap,notBad
8281,5,546.5,5,546.5,move,improve
8282,5,546.5,5,546.5,swap,notBad
8283,5,546.5,5,546.5,swap,notBad
8284,5,546.5,5,546.5,swap,notBad
8285,5,546.5,5,546.5,2opt,notBad
8286,5,546.5,5,546.5,swap,notBad
8287,5,546.5,5,546.5,2opt,notBad
8288,5,546.5,5,546.5,swap,notBad
8289,5,546.5,5,546.5,swap,notBad
8290,5,546.5,5,546.5,move,improve
8291,5,546.5,5,546.5,move,improve
8292,5,546.5,5,546.5,move,improve
8293,5,546.5,5,546.5,move,improve
8294,5,546.5,5,546.5,swap,notBad
8295,5,546.5,5,546.5,move,improve
8296,5,546.5,5,546.5,2opt,improve
8297,5,546.5,5,546.5,2opt,notBad
8298,5,546.5,5,546.5,2opt,notBad
8299,5,546.5,5,546.5,move,improve
8300,5,546.5,5,546.5,swap,notBad
8301,5,546.5,5,546.5,2opt,notBad
8302,5,546.5,5,546.5,swap,notBad
8303,5,546.5,5,546.5,2opt,notBad
8304,5,546.5,5,546.5,2opt,notBad
8305,5,546.5,5,546.5,move,improve
8306,5,546.5,5,546.5,swap,notBad
8307,5,546.5,5,546.5,swap,notBad
8308,5,546.5,5,546.5,move,improve
8309,5,546.5,5,546.5,move,improve
8310,5,546.5,5,546.5,move,improve
8311,5,546.5,5,546.5,swap,improve
8312,5,546.5,5,546.5,swap,notBad
8313,5,546.5,5,546.5,move,improve
8314,5,546.5,5,546.5,2opt,notBad
8315,5,546.5,5,546.5,move,improve
8316,5,546.5,5,546.5,2opt,notBad
8317,5,546.5,5,546.5,swap,notBad
8318,5,546.5,5,546.5,2opt,notBad
8319,5,546.5,5,546.5,swap,notBad
8320,5,546.5,5,546.5,move,improve
8321,5,546.5,5,546.5,move,improve
8322,5,546.5,5,546.5,2opt,improve
8323,5,546.5,5,546.5,move,improve
8324,5,546.5,5,546.5,move,improve
8325,5,546.5,5,546.5,move,improve
8326,5,546.5,5,546.5,move,improve
8327,5,546.5,5,546.5,swap,notBad
8328,5,546.5,5,546.5,swap,notBad
8329,5,546.5,5,546.5,move,improve
8330,5,546.5,5,546.5,move,improve
8331,5,546.5,5,546.5,2opt,notBad
8332,5,546.5,5,546.5,move,improve
8333,5,546.5,5,546.5,move,improve
8334,5,546.5,5,546.5,move,improve
8335,5,546.5,5,546.5,swap,notBad
8336,5,546.5,5,546.5,swap,notBad
8337,5,546.5,5,546.5,2opt,notBad
8338,5,546.5,5,546.5,move,notBad
8339,5,546.5,5,546.5,2opt,notBad
8340,5,546.5,5,546.5,2opt,notBad
8341,5,546.5,5,546.5,move,improve
8342,5,546.5,5,546.5,swap,notBad
8343,5,546.5,5,546.5,move,notBad
8344,5,546.5,5,546.5,move,improve
8345,5,546.5,5,546.5,2opt,notBad
8346,5,546.5,5,546.5,2opt,notBad
8347,5,546.5,5,546.5,move,improve
8348,5,546.5,5,546.5,swap,notBad
8349,5,546.5,5,546.5,move,improve
8350,5,546.5,5,546.5,move,improve
8351,5,546.5,5,546.5,swap,notBad
8352,5,546.5,5,546.5,swap,improve
8353,5,546.5,5,546.5,move,improve
8354,5,546.5,5,546.5,2opt,notBad
8355,5,546.5,5,546.5,swap,notBad
8356,5,546.5,5,546.5,swap,notBad
8357,5,546.5,5,546.5,swap,notBad
8358,5,546.5,5,546.5,2opt,notBad
8359,5,546.5,5,546.5,swap,notBad
8360,5,546.5,5,546.5,move,improve
8361,5,546.5,5,546.5,2opt,improve
8362,5,546.5,5,546.5,swap,notBad
8363,5,546.5,5,546.5,2opt,notBad
8364,5,546.5,5,546.5,2opt,notBad
8365,5,546.5,5,546.5,swap,notBad
8366,5,546.5,5,546.5,2opt,improve
8367,5,546.5,5,546.5,2opt,notBad
8368,5,546.5,5,546.5,swap,notBad
8369,5,546.5,5,546.5,move,improve
8370,5,546.5,5,546.5,2opt,notBad
8371,5,546.5,5,546.5,swap,notBad
8372,5,546.5,5,546.5,move,improve
8373,5,546.5,5,546.5,2opt,notBad
8374,5,546.5,5,546.5,2opt,notBad
8375,5,546.5,5,546.5,2opt,improve
8376,5,546.5,5,546.5,swap,notBad
8377,5,546.5,5,546.5,swap,notBad
8378,5,546.5,5,546.5,swap,notBad
8379,5,546.5,5,546.5,2opt,notBad
8380,5,546.5,5,546.5,2opt,notBad
8381,5,546.5,5,546.5,2opt,notBad
8382,5,546.5,5,546.5,swap,notBad
8383,5,546.5,5,546.5,2opt,improve
8384,5,546.5,5,546.5,2opt,improve
8385,5,546.5,5,546.5,swap,notBad
8386,5,546.5,5,546.5,2opt,notBad
8387,5,546.5,5,546.5,2opt,notBad
8388,5,546.5,5,546.5,2opt,notBad
8389,5,546.5,5,546.5,2opt,notBad
8390,5,546.5,5,546.5,2opt,notBad
8391,5,546.5,5,546.5,swap,notBad
8392,5,546.5,5,546.5,swap,notBad
8393,5,546.5,5,546.5,2opt,notBad
8394,5,546.5,5,546.5,2opt,notBad
8395,5,546.5,5,546.5,move,improve
8396,5,546.5,5,546.5,2opt,notBad
8397,5,546.5,5,546.5,swap,notBad
8398,5,546.5,5,546.5,2opt,notBad
8399,5,546.5,5,546.5,move,improve
8400,5,546.5,5,546.5,swap,notBad
8401,5,546.5,5,546.5,swap,notBad
8402,5,546.5,5,546.5,swap,notBad
8403,5,546.5,5,546.5,move,improve
8404,5,546.5,5,546.5,2opt,improve
8405,5,546.5,5,546.5,swap,notBad
8406,5,546.5,5,546.5,2opt,notBad
8407,5,546.5,5,546.5,2opt,notBad
8408,5,546.5,5,546.5,2opt,notBad
8409,5,546.5,5,546.5,swap,notBad
8410,5,546.5,5,546.5,2opt,notBad
8411,5,546.5,5,546.5,swap,notBad
8412,5,546.5,5,546.5,swap,notBad
8413,5,546.5,5,546.5,move,improve
8414,5,546.5,5,546.5,move,improve
8415,5,546.5,5,546.5,2opt,notBad
8416,5,546.5,5,546.5,2opt,notBad
8417,5,546.5,5,546.5,2opt,notBad
8418,5,546.5,5,546.5,swap,notBad
8419,5,546.5,5,546.5,2opt,notBad
8420,5,546.5,5,546.5,move,improve
8421,5,546.5,5,546.5,2opt,notBad
8422,5,546.5,5,546.5,swap,notBad
8423,5,546.5,5,546.5,2opt,notBad
8424,5,546.5,5,546.5,swap,notBad
8425,5,546.5,5,546.5,2opt,improve
8426,5,546.5,5,546.5,swap,notBad
8427,5,546.5,5,546.5,move,improve
8428,5,546.5,5,546.5,2opt,notBad
8429,5,546.5,5,546.5,2opt,improve
8430,5,546.5,5,546.5,move,improve
8431,5,546.5,5,546.5,2opt,notBad
8432,5,546.5,5,546.5,2opt,notBad
8433,5,546.5,5,546.5,swap,notBad
8434,5,546.5,5,546.5,swap,notBad
8435,5,546.5,5,546.5,swap,notBad
8436,5,546.5,5,546.5,move,improve
8437,5,546.5,5,546.5,2opt,notBad
8438,5,546.5,5,546.5,2opt,improve
8439,5,546.5,5,546.5,swap,notBad
8440,5,546.5,5,546.5,2opt,notBad
8441,5,546.5,5,546.5,2opt,notBad
8442,5,546.5,5,546.5,swap,notBad
8443,5,546.5,5,546.5,swap,notBad
8444,5,546.5,5,546.5,swap,improve
8445,5,546.5,5,546.5,swap,notBad
8446,5,546.5,5,546.5,swap,notBad
8447,5,546.5,5,546.5,move,improve
8448,5,546.5,5,546.5,2opt,improve
8449,5,546.5,5,546.5,2opt,notBad
8450,5,546.5,5,546.5,move,improve
8451,5,546.5,5,546.5,move,notBad
8452,5,546.5,5,546.5,swap,notBad
8453,5,546.5,5,546.5,2opt,notBad
8454,5,546.5,5,546.5,swap,notBad
8455,5,546.5,5,546.5,move,improve
8456,5,546.5,5,546.5,2opt,notBad
8457,5,546.5,5,546.5,2opt,notBad
8458,5,546.5,5,546.5,2opt,notBad
8459,5,546.5,5,546.5,swap,notBad
8460,5,546.5,5,546.5,move,improve
8461,5,546.5,5,546.5,2opt,notBad
8462,5,546.5,5,546.5,2opt,improve
8463,5,546.5,5,546.5,2opt,notBad
8464,5,546.5,5,546.5,swap,notBad
8465,5,546.5,5,546.5,2opt,improve
8466,5,546.5,5,546.5,2opt,notBad
8467,5,546.5,5,546.5,swap,notBad
8468,5,546.5,5,546.5,swap,notBad
8469,5,546.5,5,546.5,swap,notBad
8470,5,546.5,5,546.5,swap,notBad
8471,5,546.5,5,546.5,2opt,notBad
8472,5,546.5,5,546.5,2opt,notBad
8473,5,546.5,5,546.5,2opt,notBad
8474,5,546.5,5,546.5,move,improve
8475,5,546.5,5,546.5,move,improve
8476,5,546.5,5,546.5,swap,notBad
8477,5,546.5,5,546.5,swap,notBad
8478,5,546.5,5,546.5,2opt,improve
8479,5,546.5,5,546.5,2opt,notBad
8480,5,546.5,5,546.5,2opt,notBad
8481,5,546.5,5,546.5,swap,improve
8482,5,546.5,5,546.5,2opt,notBad
8483,5,546.5,5,546.5,move,improve
8484,5,546.5,5,546.5,swap,notBad
8485,5,546.5,5,546.5,move,improve
8486,5,546.5,5,546.5,2opt,notBad
8487,5,546.5,5,546.5,swap,notBad
8488,5,546.5,5,546.5,move,improve
8489,5,546.5,5,546.5,2opt,notBad
8490,5,546.5,5,546.5,2opt,notBad
8491,5,546.5,5,546.5,swap,notBad
8492,5,546.5,5,546.5,2opt,notBad
8493,5,546.5,5,546.5,move,improve
8494,5,546.5,5,546.5,swap,notBad
8495,5,546.5,5,546.5,2opt,notBad
8496,5,546.5,5,546.5,2opt,notBad
8497,5,546.5,5,546.5,2opt,notBad
8498,5,546.5,5,546.5,2opt,notBad
8499,5,546.5,5,546.5,swap,notBad
8500,5,546.5,5,546.5,move,improve
8501,5,546.5,5,546.5,swap,notBad
8502,5,546.5,5,546.5,2opt,improve
8503,5,546.5,5,546.5,2opt,notBad
8504,5,546.5,5,546.5,swap,notBad
8505,5,546.5,5,546.5,swap,notBad
8506,5,546.5,5,546.5,move,improve
8507,5,546.5,5,546.5,move,improve
8508,5,546.5,5,546.5,2opt,notBad
8509,5,546.5,5,546.5,swap,notBad
8510,5,546.5,5,546.5,2opt,notBad
8511,5,546.5,5,546.5,move,improve
8512,5,546.5,5,546.5,2opt,notBad
8513,5,546.5,5,546.5,move,improve
8514,5,546.5,5,546.5,2opt,notBad
8515,5,546.5,5,546.5,swap,notBad
8516,5,546.5,5,546.5,move,improve
8517,5,546.5,5,546.5,move,improve
8518,5,546.5,5,546.5,2opt,notBad
8519,5,546.5,5,546.5,move,improve
8520,5,546.5,5,546.5,swap,notBad
8521,5,546.5,5,546.5,swap,notBad
8522,5,546.5,5,546.5,2opt,notBad
8523,5,546.5,5,546.5,swap,notBad
8524,5,546.5,5,546.5,swap,notBad
8525,5,546.5,5,546.5,2opt,notBad
8526,5,546.5,5,546.5,2opt,notBad
8527,5,546.5,5,546.5,swap,notBad
8528,5,546.5,5,546.5,2opt,notBad
8529,5,546.5,5,546.5,move,improve
8530,5,546.5,5,546.5,2opt,notBad
8531,5,546.5,5,546.5,2opt,improve
8532,5,546.5,5,546.5,swap,notBad
8533,5,546.5,5,546.5,move,improve
8534,5,546.5,5,546.5,2opt,notBad
8535,5,546.5,5,546.5,move,improve
8536,5,546.5,5,546.5,swap,notBad
8537,5,546.5,5,546.5,swap,notBad
8538,5,546.5,5,546.5,2opt,notBad
8539,5,546.5,5,546.5,move,improve
8540,5,546.5,5,546.5,move,improve
8541,5,546.5,5,546.5,2opt,notBad
8542,5,546.5,5,546.5,2opt,notBad
8543,5,546.5,5,546.5,move,improve
8544,5,546.5,5,546.5,2opt,notBad
8545,5,546.5,5,546.5,swap,notBad
8546,5,546.5,5,546.5,swap,notBad
8547,5,546.5,5,546.5,2opt,notBad
8548,5,546.5,5,546.5,2opt,notBad
8549,5,546.5,5,546.5,2opt,improve
8550,5,546.5,5,546.5,swap,notBad
8551,5,546.5,5,546.5,swap,notBad
8552,5,546.5,5,546.5,2opt,notBad
8553,5,546.5,5,546.5,move,improve
8554,5,546.5,5,546.5,move,improve
8555,5,546.5,5,546.5,swap,notBad
8556,5,546.5,5,546.5,move,improve
8557,5,546.5,5,546.5,swap,notBad
8558,5,546.5,5,546.5,swap,notBad
8559,5,546.5,5,546.5,move,improve
8560,5,546.5,5,546.5,swap,notBad
8561,5,546.5,5,546.5,move,improve
8562,5,546.5,5,546.5,swap,notBad
8563,5,546.5,5,546.5,swap,notBad
8564,5,546.5,5,546.5,move,improve
8565,5,546.5,5,546.5,move,improve
8566,5,546.5,5,546.5,2opt,notBad
8567,5,546.5,5,546.5,2opt,notBad
8568,5,546.5,5,546.5,swap,notBad
8569,5,546.5,5,546.5,2opt,notBad
8570,5,546.5,5,546.5,2opt,notBad
8571,5,546.5,5,546.5,swap,notBad
8572,5,546.5,5,546.5,swap,notBad
8573,5,546.5,5,546.5,move,improve
8574,5,546.5,5,546.5,2opt,notBad
8575,5,546.5,5,546.5,swap,notBad
8576,5,546.5,5,546.5,move,improve
8577,5,546.5,5,546.5,swap,notBad
8578,5,546.5,5,546.5,move,improve
8579,5,546.5,5,546.5,move,improve
8580,5,546.5,5,546.5,2opt,notBad
8581,5,546.5,5,546.5,move,improve
8582,5,546.5,5,546.5,2opt,notBad
8583,5,546.5,5,546.5,2opt,notBad
8584,5,546.5,5,546.5,2opt,notBad
8585,5,546.5,5,546.5,2opt,notBad
8586,5,546.5,5,546.5,swap,notBad
8587,5,546.5,5,546.5,move,improve
8588,5,546.5,5,546.5,move,improve
8589,5,546.5,5,546.5,2opt,improve
8590,5,546.5,5,546.5,2opt,notBad
8591,5,546.5,5,546.5,swap,notBad
8592,5,546.5,5,546.5,swap,notBad
8593,5,546.5,5,546.5,2opt,notBad
8594,5,546.5,5,546.5,2opt,notBad
8595,5,546.5,5,546.5,swap,notBad
8596,5,546.5,5,546.5,swap,notBad
8597,5,546.5,5,546.5,2opt,notBad
8598,5,546.5,5,546.5,move,improve
8599,5,546.5,5,546.5,swap,notBad
8600,5,546.5,5,546.5,2opt,notBad
8601,5,546.5,5,546.5,move,improve
8602,5,546.5,5,546.5,swap,notBad
8603,5,546.5,5,546.5,2opt,improve
8604,5,546.5,5,546.5,2opt,notBad
8605,5,546.5,5,546.5,swap,notBad
8606,5,546.5,5,546.5,2opt,improve
8607,5,546.5,5,546.5,move,improve
8608,5,546.5,5,546.5,2opt,notBad
8609,5,546.5,5,546.5,swap,notBad
8610,5,546.5,5,546.5,move,improve
8611,5,546.5,5,546.5,swap,notBad
8612,5,546.5,5,546.5,2opt,notBad
8613,5,546.5,5,546.5,move,improve
8614,5,546.5,5,546.5,move,improve
8615,5,546.5,5,546.5,2opt,notBad
8616,5,546.5,5,546.5,2opt,notBad
8617,5,546.5,5,546.5,swap,notBad
8618,5,546.5,5,546.5,2opt,notBad
8619,5,546.5,5,546.5,move,improve
8620,5,546.5,5,546.5,2opt,notBad
8621,5,546.5,5,546.5,swap,notBad
8622,5,546.5,5,546.5,move,improve
8623,5,546.5,5,546.5,2opt,notBad
8624,5,546.5,5,546.5,2opt,notBad
8625,5,546.5,5,546.5,move,improve
8626,5,546.5,5,546.5,move,improve
8627,5,546.5,5,546.5,2opt,notBad
8628,5,546.5,5,546.5,2opt,notBad
8629,5,546.5,5,546.5,swap,notBad
8630,5,546.5,5,546.5,move,improve
8631,5,546.5,5,546.5,swap,notBad
8632,5,546.5,5,546.5,swap,improve
8633,5,546.5,5,546.5,move,improve
8634,5,546.5,5,546.5,move,improve
8635,5,546.5,5,546.5,move,improve
8636,5,546.5,5,546.5,swap,notBad
8637,5,546.5,5,546.5,move,improve
8638,5,546.5,5,546.5,2opt,notBad
8639,5,546.5,5,546.5,swap,notBad
8640,5,546.5,5,546.5,move,improve
8641,5,546.5,5,546.5,move,improve
8642,5,546.5,5,546.5,2opt,notBad
8643,5,546.5,5,546.5,2opt,notBad
8644,5,546.5,5,546.5,2opt,notBad
8645,5,546.5,5,546.5,move,improve
8646,5,546.5,5,546.5,2opt,notBad
8647,5,546.5,5,546.5,move,improve
8648,5,546.5,5,546.5,swap,notBad
8649,5,546.5,5,546.5,2opt,improve
8650,5,546.5,5,546.5,move,improve
8651,5,546.5,5,546.5,2opt,improve
8652,5,546.5,5,546.5,2opt,notBad
8653,5,546.5,5,546.5,move,improve
8654,5,546.5,5,546.5,move,improve
8655,5,546.5,5,546.5,2opt,notBad
8656,5,546.5,5,546.5,move,improve
8657,5,546.5,5,546.5,swap,notBad
8658,5,546.5,5,546.5,swap,notBad
8659,5,546.5,5,546.5,move,improve
8660,5,546.5,5,546.5,2opt,notBad
8661,5,546.5,5,546.5,move,improve
8662,5,546.5,5,546.5,2opt,improve
8663,5,546.5,5,546.5,2opt,notBad
8664,5,546.5,5,546.5,swap,notBad
8665,5,546.5,5,546.5,2opt,notBad
8666,5,546.5,5,546.5,swap,notBad
8667,5,546.5,5,546.5,swap,notBad
8668,5,546.5,5,546.5,2opt,notBad
8669,5,546.5,5,546.5,swap,notBad
8670,5,546.5,5,546.5,2opt,notBad
8671,5,546.5,5,546.5,swap,notBad
8672,5,546.5,5,546.5,swap,notBad
8673,5,546.5,5,546.5,move,improve
8674,5,546.5,5,546.5,2opt,notBad
8675,5,546.5,5,546.5,2opt,notBad
8676,5,546.5,5,546.5,move,improve
8677,5,546.5,5,546.5,swap,notBad
8678,5,546.5,5,546.5,2opt,notBad
8679,5,546.5,5,546.5,swap,notBad
8680,5,546.5,5,546.5,move,improve
8681,5,546.5,5,546.5,swap,notBad
8682,5,546.5,5,546.5,move,improve
8683,5,546.5,5,546.5,swap,notBad
8684,5,546.5,5,546.5,move,improve
8685,5,546.5,5,546.5,swap,notBad
8686,5,546.5,5,546.5,swap,notBad
8687,5,546.5,5,546.5,move,improve
8688,5,546.5,5,546.5,2opt,improve
8689,5,546.5,5,546.5,move,improve
8690,5,546.5,5,546.5,2opt,improve
8691,5,546.5,5,546.5,move,improve
8692,5,546.5,5,546.5,2opt,notBad
8693,5,546.5,5,546.5,move,improve
8694,5,546.5,5,546.5,swap,notBad
8695,5,546.5,5,546.5,move,improve
8696,5,546.5,5,546.5,move,improve
8697,5,546.5,5,546.5,swap,notBad
8698,5,546.5,5,546.5,2opt,notBad
8699,5,546.5,5,546.5,move,improve
8700,5,546.5,5,546.5,2opt,improve
8701,5,546.5,5,546.5,move,improve
8702,5,546.5,5,546.5,2opt,notBad
8703,5,546.5,5,546.5,move,improve
8704,5,546.5,5,546.5,swap,notBad
8705,5,546.5,5,546.5,move,improve
8706,5,546.5,5,546.5,swap,notBad
8707,5,546.5,5,546.5,swap,notBad
8708,5,546.5,5,546.5,2opt,notBad
8709,5,546.5,5,546.5,move,notBad
8710,5,546.5,5,546.5,move,improve
8711,5,546.5,5,546.5,2opt,notBad
8712,5,546.5,5,546.5,2opt,notBad
8713,5,546.5,5,546.5,2opt,notBad
8714,5,546.5,5,546.5,move,improve
8715,5,546.5,5,546.5,swap,notBad
8716,5,546.5,5,546.5,swap,notBad
8717,5,546.5,5,546.5,move,improve
8718,5,546.5,5,546.5,move,improve
8719,5,546.5,5,546.5,swap,notBad
8720,5,546.5,5,546.5,2opt,improve
8721,5,546.5,5,546.5,move,improve
8722,5,546.5,5,546.5,move,improve
8723,5,546.5,5,546.5,swap,notBad
8724,5,546.5,5,546.5,move,improve
8725,5,546.5,5,546.5,swap,notBad
8726,5,546.5,5,546.5,swap,notBad
8727,5,546.5,5,546.5,2opt,notBad
8728,5,546.5,5,546.5,move,improve
8729,5,546.5,5,546.5,move,improve
8730,5,546.5,5,546.5,2opt,notBad
8731,5,546.5,5,546.5,swap,notBad
8732,5,546.5,5,546.5,2opt,notBad
8733,5,546.5,5,546.5,2opt,notBad
8734,5,546.5,5,546.5,swap,notBad
8735,5,546.5,5,546.5,move,improve
8736,5,546.5,5,546.5,swap,notBad
8737,5,546.5,5,546.5,2opt,notBad
8738,5,546.5,5,546.5,move,notBad
8739,5,546.5,5,546.5,move,improve
8740,5,546.5,5,546.5,2opt,notBad
8741,5,546.5,5,546.5,swap,notBad
8742,5,546.5,5,546.5,swap,notBad
8743,5,546.5,5,546.5,2opt,notBad
8744,5,546.5,5,546.5,swap,notBad
8745,5,546.5,5,546.5,move,improve
8746,5,546.5,5,546.5,2opt,notBad
8747,5,546.5,5,546.5,2opt,notBad
8748,5,546.5,5,546.5,2opt,notBad
8749,5,546.5,5,546.5,move,improve
8750,5,546.5,5,546.5,swap,notBad
8751,5,546.5,5,546.5,swap,improve
8752,5,546.5,5,546.5,2opt,notBad
8753,5,546.5,5,546.5,swap,notBad
8754,5,546.5,5,546.5,move,improve
8755,5,546.5,5,546.5,swap,notBad
8756,5,546.5,5,546.5,move,improve
8757,5,546.5,5,546.5,2opt,improve
8758,5,546.5,5,546.5,swap,notBad
8759,5,547.2,5,546.5,swap,acceptBad
8760,5,547.2,5,546.5,move,improve
8761,5,547.2,5,546.5,move,improve
8762,5,547.2,5,546.5,move,improve
8763,5,547.2,5,546.5,2opt,notBad
8764,5,547.2,5,546.5,move,improve
8765,5,547.2,5,546.5,swap,notBad
8766,5,547.2,5,546.5,move,improve
8767,5,547.2,5,546.5,2opt,improve
8768,5,547.2,5,546.5,2opt,notBad
8769,5,547.2,5,546.5,swap,notBad
8770,5,547.2,5,546.5,move,improve
8771,5,547.2,5,546.5,2opt,notBad
8772,5,547.2,5,546.5,2opt,notBad
8773,5,547.2,5,546.5,swap,notBad
8774,5,547.2,5,546.5,move,improve
8775,5,547.2,5,546.5,swap,notBad
8776,5,547.2,5,546.5,swap,notBad
8777,5,547.2,5,546.5,swap,notBad
8778,5,547.2,5,546.5,2opt,notBad
8779,5,547.2,5,546.5,swap,notBad
8780,5,547.2,5,546.5,2opt,notBad
8781,5,547.2,5,546.5,2opt,notBad
8782,5,547.2,5,546.5,swap,notBad
8783,5,547.2,5,546.5,2opt,improve
8784,5,547.2,5,546.5,2opt,notBad
8785,5,547.2,5,546.5,swap,notBad
8786,5,547.2,5,546.5,swap,notBad
8787,5,547.2,5,546.5,2opt,improve
8788,5,547.2,5,546.5,swap,notBad
8789,5,547.2,5,546.5,2opt,notBad
8790,5,547.2,5,546.5,2opt,notBad
8791,5,547.2,5,546.5,move,improve
8792,5,546.5,5,546.5,swap,improve
8793,5,546.5,5,546.5,swap,notBad
8794,5,546.5,5,546.5,swap,notBad
8795,5,546.5,5,546.5,2opt,notBad
8796,5,546.5,5,546.5,swap,notBad
8797,5,546.5,5,546.5,swap,notBad
8798,5,546.5,5,546.5,move,improve
8799,5,546.5,5,546.5,swap,notBad
8800,5,546.5,5,546.5,2opt,notBad
8801,5,546.5,5,546.5,move,improve
8802,5,546.5,5,546.5,2opt,notBad
8803,5,546.5,5,546.5,move,improve
8804,5,546.5,5,546.5,2opt,notBad
8805,5,546.5,5,546.5,2opt,notBad
8806,5,546.5,5,546.5,move,improve
8807,5,546.5,5,546.5,2opt,notBad
8808,5,546.5,5,546.5,swap,notBad
8809,5,546.5,5,546.5,swap,notBad
8810,5,546.5,5,546.5,2opt,notBad
8811,5,546.5,5,546.5,move,improve
8812,5,546.5,5,546.5,move,improve
8813,5,546.5,5,546.5,2opt,notBad
8814,5,546.5,5,546.5,move,improve
8815,5,546.5,5,546.5,swap,notBad
8816,5,546.5,5,546.5,swap,notBad
8817,5,546.5,5,546.5,swap,notBad
8818,5,546.5,5,546.5,2opt,improve
8819,5,546.5,5,546.5,2opt,notBad
8820,5,546.5,5,546.5,2opt,notBad
8821,5,546.5,5,546.5,move,improve
8822,5,546.5,5,546.5,move,improve
8823,5,546.5,5,546.5,swap,notBad
8824,5,546.5,5,546.5,move,improve
8825,5,546.5,5,546.5,2opt,notBad
8826,5,546.5,5,546.5,2opt,improve
8827,5,546.5,5,546.5,2opt,notBad
8828,5,546.5,5,546.5,2opt,improve
8829,5,546.5,5,546.5,swap,notBad
8830,5,546.5,5,546.5,swap,notBad
8831,5,546.5,5,546.5,swap,notBad
8832,5,546.5,5,546.5,swap,notBad
8833,5,546.5,5,546.5,swap,notBad
8834,5,546.5,5,546.5,2opt,improve
8835,5,546.5,5,546.5,move,improve
8836,5,546.5,5,546.5,swap,notBad
8837,5,546.5,5,546.5,swap,notBad
8838,5,546.5,5,546.5,move,improve
8839,5,546.5,5,546.5,move,improve
8840,5,546.5,5,546.5,2opt,notBad
8841,5,546.5,5,546.5,move,improve
8842,5,546.5,5,546.5,swap,notBad
8843,5,546.5,5,546.5,move,improve
8844,5,546.5,5,546.5,swap,notBad
8845,5,546.5,5,546.5,move,improve
8846,5,546.5,5,546.5,move,improve
8847,5,546.5,5,546.5,swap,notBad
8848,5,546.5,5,546.5,move,improve
8849,5,546.5,5,546.5,2opt,notBad
8850,5,546.5,5,546.5,swap,notBad
8851,5,546.5,5,546.5,2opt,notBad
8852,5,546.5,5,546.5,2opt,notBad
8853,5,546.5,5,546.5,move,improve
8854,5,546.5,5,546.5,swap,notBad
8855,5,546.5,5,546.5,swap,notBad
8856,5,546.5,5,546.5,swap,notBad
8857,5,546.5,5,546.5,move,improve
8858,5,546.5,5,546.5,swap,notBad
8859,5,546.5,5,546.5,2opt,notBad
8860,5,546.5,5,546.5,swap,notBad
8861,5,546.5,5,546.5,2opt,notBad
8862,5,546.5,5,546.5,2opt,improve
8863,5,546.5,5,546.5,swap,notBad
8864,5,546.5,5,546.5,move,notBad
8865,5,546.5,5,546.5,swap,notBad
8866,5,546.5,5,546.5,move,improve
8867,5,546.5,5,546.5,move,improve
8868,5,546.5,5,546.5,swap,notBad
8869,5,546.5,5,546.5,2opt,notBad
8870,5,546.5,5,546.5,swap,notBad
8871,5,546.5,5,546.5,swap,notBad
8872,5,546.5,5,546.5,swap,notBad
8873,5,546.5,5,546.5,2opt,notBad
8874,5,546.5,5,546.5,2opt,notBad
8875,5,546.5,5,546.5,move,improve
8876,5,546.5,5,546.5,move,improve
8877,5,546.5,5,546.5,2opt,notBad
8878,5,546.5,5,546.5,move,improve
8879,5,546.5,5,546.5,move,improve
8880,5,546.5,5,546.5,2opt,improve
8881,5,546.5,5,546.5,2opt,notBad
8882,5,546.5,5,546.5,swap,notBad
8883,5,546.5,5,546.5,move,improve
8884,5,546.5,5,546.5,2opt,notBad
8885,5,546.5,5,546.5,swap,notBad
8886,5,546.5,5,546.5,move,improve
8887,5,546.5,5,546.5,move,improve
8888,5,546.5,5,546.5,2opt,notBad
8889,5,546.5,5,546.5,2opt,notBad
8890,5,546.5,5,546.5,move,improve
8891,5,546.5,5,546.5,2opt,notBad
8892,5,546.5,5,546.5,swap,notBad
8893,5,546.5,5,546.5,swap,notBad
8894,5,546.5,5,546.5,swap,notBad
8895,5,546.5,5,546.5,swap,notBad
8896,5,546.5,5,546.5,2opt,notBad
8897,5,546.5,5,546.5,swap,notBad
8898,5,546.5,5,546.5,2opt,notBad
8899,5,546.5,5,546.5,swap,notBad
8900,5,546.5,5,546.5,move,improve
8901,5,546.5,5,546.5,swap,notBad
8902,5,546.5,5,546.5,2opt,notBad
8903,5,546.5,5,546.5,move,improve
8904,5,546.5,5,546.5,swap,notBad
8905,5,546.5,5,546.5,move,improve
8906,5,546.5,5,546.5,move,improve
8907,5,546.5,5,546.5,2opt,notBad
8908,5,546.5,5,546.5,move,improve
8909,5,546.5,5,546.5,move,improve
8910,5,546.5,5,546.5,move,improve
8911,5,546.5,5,546.5,move,improve
8912,5,546.5,5,546.5,move,improve
8913,5,546.5,5,546.5,swap,notBad
8914,5,546.5,5,546.5,move,improve
8915,5,546.5,5,546.5,2opt,improve
8916,5,546.5,5,546.5,swap,notBad
8917,5,546.5,5,546.5,2opt,notBad
8918,5,546.5,5,546.5,swap,notBad
8919,5,546.5,5,546.5,swap,notBad
8920,5,546.5,5,546.5,2opt,notBad
8921,5,546.5,5,546.5,2opt,improve
8922,5,546.5,5,546.5,swap,notBad
8923,5,546.5,5,546.5,2opt,notBad
8924,5,546.5,5,546.5,swap,notBad
8925,5,546.5,5,546.5,2opt,notBad
8926,5,546.5,5,546.5,swap,notBad
8927,5,546.5,5,546.5,move,improve
8928,5,546.5,5,546.5,2opt,improve
8929,5,546.5,5,546.5,2opt,notBad
8930,5,546.5,5,546.5,swap,notBad
8931,5,546.5,5,546.5,move,improve
8932,5,546.5,5,546.5,swap,notBad
8933,5,546.5,5,546.5,2opt,notBad
8934,5,546.5,5,546.5,swap,notBad
8935,5,546.5,5,546.5,move,improve
8936,5,546.5,5,546.5,2opt,notBad
8937,5,546.5,5,546.5,2opt,notBad
8938,5,546.5,5,546.5,move,improve
8939,5,546.5,5,546.5,move,improve
8940,5,546.5,5,546.5,swap,notBad
8941,5,546.5,5,546.5,move,improve
8942,5,546.5,5,546.5,swap,notBad
8943,5,546.5,5,546.5,swap,notBad
8944,5,546.5,5,546.5,move,improve
8945,5,546.5,5,546.5,2opt,improve
8946,5,546.5,5,546.5,move,improve
8947,5,546.5,5,546.5,swap,notBad
8948,5,546.5,5,546.5,swap,notBad
8949,5,546.5,5,546.5,move,improve
8950,5,546.5,5,546.5,2opt,notBad
8951,5,546.5,5,546.5,move,improve
8952,5,546.5,5,546.5,2opt,improve
8953,5,546.5,5,546.5,swap,notBad
8954,5,546.5,5,546.5,2opt,notBad
8955,5,546.5,5,546.5,swap,notBad
8956,5,546.5,5,546.5,move,improve
8957,5,546.5,5,546.5,swap,notBad
8958,5,546.5,5,546.5,2opt,notBad
8959,5,546.5,5,546.5,move,improve
8960,5,546.5,5,546.5,swap,notBad
8961,5,546.5,5,546.5,swap,notBad
8962,5,546.5,5,546.5,swap,notBad
8963,5,546.5,5,546.5,move,improve
8964,5,546.5,5,546.5,swap,notBad
8965,5,546.5,5,546.5,move,improve
8966,5,546.5,5,546.5,move,improve
8967,5,546.5,5,546.5,swap,notBad
8968,5,546.5,5,546.5,2opt,improve
8969,5,546.5,5,546.5,2opt,notBad
8970,5,546.5,5,546.5,move,improve
8971,5,546.5,5,546.5,move,improve
8972,5,546.5,5,546.5,move,improve
8973,5,546.5,5,546.5,move,improve
8974,5,546.5,5,546.5,move,improve
8975,5,546.5,5,546.5,2opt,improve
8976,5,546.5,5,546.5,2opt,notBad
8977,5,546.5,5,546.5,2opt,improve
8978,5,546.5,5,546.5,move,improve
8979,5,546.5,5,546.5,2opt,notBad
8980,5,546.5,5,546.5,swap,notBad
8981,5,546.5,5,546.5,swap,notBad
8982,5,546.5,5,546.5,2opt,improve
8983,5,546.5,5,546.5,2opt,notBad
8984,5,546.5,5,546.5,2opt,notBad
8985,5,546.5,5,546.5,swap,notBad
8986,5,546.5,5,546.5,swap,notBad
8987,5,546.5,5,546.5,move,improve
8988,5,546.5,5,546.5,2opt,notBad
8989,5,546.5,5,546.5,2opt,notBad
8990,5,546.5,5,546.5,swap,notBad
8991,5,546.5,5,546.5,swap,notBad
8992,5,546.5,5,546.5,swap,notBad
8993,5,546.5,5,546.5,move,improve
8994,5,546.5,5,546.5,swap,improve
8995,5,546.5,5,546.5,move,improve
8996,5,546.5,5,546.5,2opt,notBad
8997,5,546.5,5,546.5,swap,notBad
8998,5,546.5,5,546.5,move,improve
8999,5,546.5,5,546.5,move,improve
9000,5,546.5,5,546.5,move,improve
9001,5,546.5,5,546.5,move,improve
9002,5,546.5,5,546.5,swap,notBad
9003,5,546.5,5,546.5,move,improve
9004,5,546.5,5,546.5,move,improve
9005,5,546.5,5,546.5,2opt,notBad
9006,5,546.5,5,546.5,2opt,notBad
9007,5,546.5,5,546.5,2opt,notBad
9008,5,546.5,5,546.5,2opt,notBad
9009,5,546.5,5,546.5,swap,notBad
9010,5,546.5,5,546.5,2opt,notBad
9011,5,546.5,5,546.5,move,improve
9012,5,546.5,5,546.5,move,improve
9013,5,546.5,5,546.5,move,improve
9014,5,546.5,5,546.5,swap,notBad
9015,5,546.5,5,546.5,swap,notBad
9016,5,546.5,5,546.5,move,improve
9017,5,546.5,5,546.5,2opt,notBad
9018,5,546.5,5,546.5,swap,notBad
9019,5,546.5,5,546.5,swap,notBad
9020,5,546.5,5,546.5,move,improve
9021,5,546.5,5,546.5,swap,notBad
9022,5,546.5,5,546.5,move,improve
9023,5,546.5,5,546.5,swap,notBad
9024,5,546.5,5,546.5,swap,notBad
9025,5,546.5,5,546.5,move,improve
9026,5,546.5,5,546.5,2opt,notBad
9027,5,546.5,5,546.5,move,improve
9028,5,546.5,5,546.5,move,notBad
9029,5,546.5,5,546.5,2opt,notBad
9030,5,546.5,5,546.5,swap,notBad
9031,5,546.5,5,546.5,2opt,notBad
9032,5,546.5,5,546.5,swap,notBad
9033,5,546.5,5,546.5,2opt,notBad
9034,5,546.5,5,546.5,swap,notBad
9035,5,546.5,5,546.5,move,improve
9036,5,546.5,5,546.5,swap,notBad
9037,5,546.5,5,546.5,move,improve
9038,5,546.5,5,546.5,move,improve
9039,5,546.5,5,546.5,2opt,notBad
9040,5,546.5,5,546.5,swap,notBad
9041,5,546.5,5,546.5,2opt,notBad
9042,5,546.5,5,546.5,move,improve
9043,5,546.5,5,546.5,move,improve
9044,5,546.5,5,546.5,swap,notBad
9045,5,546.5,5,546.5,swap,notBad
9046,5,546.5,5,546.5,move,improve
9047,5,546.5,5,546.5,swap,notBad
9048,5,546.5,5,546.5,swap,notBad
9049,5,546.5,5,546.5,swap,notBad
9050,5,546.5,5,546.5,swap,notBad
9051,5,546.5,5,546.5,2opt,improve
9052,5,546.5,5,546.5,move,improve
9053,5,546.5,5,546.5,2opt,notBad
9054,5,546.5,5,546.5,swap,notBad
9055,5,546.5,5,546.5,2opt,notBad
9056,5,546.5,5,546.5,move,improve
9057,5,546.5,5,546.5,swap,notBad
9058,5,546.5,5,546.5,swap,notBad
9059,5,546.5,5,546.5,move,improve
9060,5,546.5,5,546.5,2opt,notBad
9061,5,546.5,5,546.5,swap,notBad
9062,5,546.5,5,546.5,2opt,notBad
9063,5,546.5,5,546.5,2opt,notBad
9064,5,546.5,5,546.5,swap,notBad
9065,5,546.5,5,546.5,2opt,improve
9066,5,546.5,5,546.5,move,improve
9067,5,546.5,5,546.5,move,improve
9068,5,546.5,5,546.5,swap,notBad
9069,5,546.5,5,546.5,2opt,notBad
9070,5,546.5,5,546.5,swap,notBad
9071,5,546.5,5,546.5,move,improve
9072,5,546.5,5,546.5,swap,notBad
9073,5,546.5,5,546.5,swap,notBad
9074,5,546.5,5,546.5,swap,notBad
9075,5,546.5,5,546.5,2opt,notBad
9076,5,546.5,5,546.5,swap,notBad
9077,5,546.5,5,546.5,swap,notBad
9078,5,546.5,5,546.5,swap,notBad
9079,5,546.5,5,546.5,swap,notBad
9080,5,546.5,5,546.5,swap,notBad
9081,5,546.5,5,546.5,swap,notBad
9082,5,546.5,5,546.5,move,improve
9083,5,546.5,5,546.5,2opt,improve
9084,5,546.5,5,546.5,2opt,improve
9085,5,546.5,5,546.5,move,improve
9086,5,546.5,5,546.5,swap,notBad
9087,5,546.5,5,546.5,move,improve
9088,5,546.5,5,546.5,move,improve
9089,5,546.5,5,546.5,move,improve
9090,5,546.5,5,546.5,2opt,improve
9091,5,546.5,5,546.5,move,improve
9092,5,546.5,5,546.5,2opt,notBad
9093,5,546.5,5,546.5,swap,notBad
9094,5,546.5,5,546.5,2opt,notBad
9095,5,546.5,5,546.5,swap,notBad
9096,5,546.5,5,546.5,2opt,notBad
9097,5,546.5,5,546.5,move,improve
9098,5,546.5,5,546.5,swap,notBad
9099,5,546.5,5,546.5,2opt,notBad
9100,5,546.5,5,546.5,2opt,notBad
9101,5,546.5,5,546.5,2opt,notBad
9102,5,546.5,5,546.5,move,improve
9103,5,546.5,5,546.5,move,improve
9104,5,546.5,5,546.5,swap,notBad
9105,5,546.5,5,546.5,move,improve
9106,5,546.5,5,546.5,2opt,notBad
9107,5,546.5,5,546.5,move,improve
9108,5,546.5,5,546.5,move,improve
9109,5,546.5,5,546.5,2opt,improve
9110,5,546.5,5,546.5,2opt,notBad
9111,5,546.5,5,546.5,move,improve
9112,5,546.5,5,546.5,move,improve
9113,5,546.5,5,546.5,move,improve
9114,5,546.5,5,546.5,move,improve
9115,5,546.5,5,546.5,swap,notBad
9116,5,546.5,5,546.5,2opt,notBad
9117,5,546.5,5,546.5,swap,notBad
9118,5,546.5,5,546.5,2opt,notBad
9119,5,546.5,5,546.5,move,improve
9120,5,546.5,5,546.5,swap,notBad
9121,5,546.5,5,546.5,move,improve
9122,5,546.5,5,546.5,2opt,notBad
9123,5,546.5,5,546.5,2opt,notBad
9124,5,546.5,5,546.5,move,improve
9125,5,546.5,5,546.5,swap,notBad
9126,5,546.5,5,546.5,2opt,notBad
9127,5,546.5,5,546.5,swap,notBad
9128,5,546.5,5,546.5,2opt,notBad
9129,5,546.5,5,546.5,move,improve
9130,5,546.5,5,546.5,move,improve
9131,5,546.5,5,546.5,move,improve
9132,5,546.5,5,546.5,2opt,notBad
9133,5,546.5,5,546.5,move,improve
9134,5,546.5,5,546.5,move,improve
9135,5,546.5,5,546.5,swap,notBad
9136,5,546.5,5,546.5,swap,notBad
9137,5,546.5,5,546.5,swap,notBad
9138,5,546.5,5,546.5,swap,notBad
9139,5,546.5,5,546.5,2opt,notBad
9140,5,546.5,5,546.5,move,improve
9141,5,546.5,5,546.5,swap,improve
9142,5,546.5,5,546.5,move,improve
9143,5,546.5,5,546.5,2opt,improve
9144,5,546.5,5,546.5,2opt,notBad
9145,5,546.5,5,546.5,swap,notBad
9146,5,546.5,5,546.5,swap,notBad
9147,5,546.5,5,546.5,2opt,notBad
9148,5,546.5,5,546.5,swap,notBad
9149,5,546.5,5,546.5,swap,notBad
9150,5,546.5,5,546.5,move,improve
9151,5,546.5,5,546.5,2opt,notBad
9152,5,546.5,5,546.5,move,improve
9153,5,546.5,5,546.5,2opt,notBad
9154,5,546.5,5,546.5,move,improve
9155,5,546.5,5,546.5,swap,notBad
9156,5,546.5,5,546.5,move,improve
9157,5,546.5,5,546.5,swap,notBad
9158,5,546.5,5,546.5,swap,notBad
9159,5,546.5,5,546.5,2opt,notBad
9160,5,546.5,5,546.5,swap,notBad
9161,5,546.5,5,546.5,swap,notBad
9162,5,546.5,5,546.5,move,improve
9163,5,546.5,5,546.5,swap,notBad
9164,5,546.5,5,546.5,swap,notBad
9165,5,546.5,5,546.5,move,improve
9166,5,546.5,5,546.5,2opt,notBad
9167,5,546.5,5,546.5,swap,notBad
9168,5,546.5,5,546.5,move,improve
9169,5,546.5,5,546.5,2opt,notBad
9170,5,546.5,5,546.5,move,improve
9171,5,546.5,5,546.5,swap,notBad
9172,5,546.5,5,546.5,move,improve
9173,5,546.5,5,546.5,move,improve
9174,5,546.5,5,546.5,move,improve
9175,5,546.5,5,546.5,swap,notBad
9176,5,546.5,5,546.5,swap,notBad
9177,5,546.5,5,546.5,swap,notBad
9178,5,546.5,5,546.5,move,improve
9179,5,546.5,5,546.5,move,improve
9180,5,546.5,5,546.5,swap,notBad
9181,5,546.5,5,546.5,move,improve
9182,5,546.5,5,546.5,move,improve
9183,5,546.5,5,546.5,2opt,notBad
9184,5,546.5,5,546.5,swap,notBad
9185,5,546.5,5,546.5,2opt,notBad
9186,5,546.5,5,546.5,2opt,notBad
9187,5,546.5,5,546.5,2opt,notBad
9188,5,546.5,5,546.5,move,improve
9189,5,546.5,5,546.5,swap,notBad
9190,5,546.5,5,546.5,2opt,notBad
9191,5,546.5,5,546.5,swap,notBad
9192,5,546.5,5,546.5,move,improve
9193,5,546.5,5,546.5,2opt,notBad
9194,5,546.5,5,546.5,2opt,notBad
9195,5,546.5,5,546.5,2opt,improve
9196,5,546.5,5,546.5,swap,notBad
9197,5,546.5,5,546.5,swap,notBad
9198,5,546.5,5,546.5,2opt,notBad
9199,5,546.5,5,546.5,move,improve
9200,5,546.5,5,546.5,move,improve
9201,5,546.5,5,546.5,2opt,notBad
9202,5,546.5,5,546.5,swap,notBad
9203,5,546.5,5,546.5,move,improve
9204,5,546.5,5,546.5,swap,notBad
9205,5,546.5,5,546.5,2opt,improve
9206,5,546.5,5,546.5,move,improve
9207,5,546.5,5,546.5,2opt,notBad
9208,5,546.5,5,546.5,swap,notBad
9209,5,546.5,5,546.5,move,improve
9210,5,546.5,5,546.5,swap,notBad
9211,5,546.5,5,546.5,swap,notBad
9212,5,546.5,5,546.5,move,improve
9213,5,546.5,5,546.5,2opt,notBad
9214,5,546.5,5,546.5,2opt,notBad
9215,5,546.5,5,546.5,2opt,notBad
9216,5,546.5,5,546.5,swap,notBad
9217,5,546.5,5,546.5,swap,notBad
9218,5,546.5,5,546.5,move,improve
9219,5,546.5,5,546.5,move,improve
9220,5,546.5,5,546.5,2opt,notBad
9221,5,546.5,5,546.5,move,improve
9222,5,546.5,5,546.5,2opt,notBad
9223,5,546.5,5,546.5,2opt,notBad
9224,5,546.5,5,546.5,2opt,notBad
9225,5,546.5,5,546.5,swap,notBad
9226,5,546.5,5,546.5,move,improve
9227,5,546.5,5,546.5,2opt,notBad
9228,5,546.5,5,546.5,2opt,notBad
9229,5,546.5,5,546.5,move,improve
9230,5,546.5,5,546.5,move,improve
9231,5,546.5,5,546.5,move,improve
9232,5,546.5,5,546.5,2opt,notBad
9233,5,546.5,5,546.5,move,improve
9234,5,546.5,5,546.5,move,improve
9235,5,546.5,5,546.5,swap,notBad
9236,5,546.5,5,546.5,move,improve
9237,5,546.5,5,546.5,2opt,notBad
9238,5,546.5,5,546.5,swap,notBad
9239,5,546.5,5,546.5,2opt,notBad
9240,5,546.5,5,546.5,swap,notBad
9241,5,546.5,5,546.5,swap,notBad
9242,5,546.5,5,546.5,swap,notBad
9243,5,546.5,5,546.5,swap,notBad
9244,5,546.5,5,546.5,move,improve
9245,5,546.5,5,546.5,move,improve
9246,5,546.5,5,546.5,swap,notBad
9247,5,546.5,5,546.5,move,improve
9248,5,546.5,5,546.5,swap,notBad
9249,5,546.5,5,546.5,2opt,improve
9250,5,546.5,5,546.5,2opt,notBad
9251,5,546.5,5,546.5,move,improve
9252,5,546.5,5,546.5,2opt,notBad
9253,5,546.5,5,546.5,move,improve
9254,5,546.5,5,546.5,move,improve
9255,5,546.5,5,546.5,2opt,improve
9256,5,546.5,5,546.5,swap,notBad
9257,5,546.5,5,546.5,2opt,notBad
9258,5,546.5,5,546.5,move,improve
9259,5,546.5,5,546.5,2opt,notBad
9260,5,546.5,5,546.5,2opt,notBad
9261,5,546.5,5,546.5,swap,notBad
9262,5,546.5,5,546.5,2opt,notBad
9263,5,546.5,5,546.5,swap,notBad
9264,5,546.5,5,546.5,move,improve
9265,5,546.5,5,546.5,swap,notBad
9266,5,546.5,5,546.5,swap,notBad
9267,5,546.5,5,546.5,swap,notBad
9268,5,546.5,5,546.5,2opt,notBad
9269,5,546.5,5,546.5,move,improve
9270,5,546.5,5,546.5,swap,notBad
9271,5,546.5,5,546.5,move,improve
9272,5,546.5,5,546.5,move,improve
9273,5,546.5,5,546.5,swap,notBad
9274,5,546.5,5,546.5,swap,notBad
9275,5,546.5,5,546.5,swap,notBad
9276,5,546.5,5,546.5,swap,notBad
9277,5,546.5,5,546.5,swap,notBad
9278,5,546.5,5,546.5,2opt,notBad
9279,5,546.5,5,546.5,move,improve
9280,5,546.5,5,546.5,2opt,notBad
9281,5,546.5,5,546.5,move,improve
9282,5,546.5,5,546.5,move,improve
9283,5,546.5,5,546.5,2opt,notBad
9284,5,546.5,5,546.5,2opt,notBad
9285,5,546.5,5,546.5,swap,notBad
9286,5,546.5,5,546.5,swap,notBad
9287,5,546.5,5,546.5,2opt,notBad
9288,5,546.5,5,546.5,2opt,notBad
9289,5,546.5,5,546.5,2opt,notBad
9290,5,546.5,5,546.5,swap,notBad
9291,5,546.5,5,546.5,move,improve
9292,5,546.5,5,546.5,2opt,notBad
9293,5,546.5,5,546.5,move,improve
9294,5,546.5,5,546.5,2opt,notBad
9295,5,546.5,5,546.5,2opt,notBad
9296,5,546.5,5,546.5,move,improve
9297,5,546.5,5,546.5,2opt,notBad
9298,5,546.5,5,546.5,swap,notBad
9299,5,546.5,5,546.5,swap,notBad
9300,5,546.5,5,546.5,swap,notBad
9301,5,546.5,5,546.5,move,improve
9302,5,546.5,5,546.5,move,improve
9303,5,546.5,5,546.5,move,improve
9304,5,546.5,5,546.5,swap,notBad
9305,5,546.5,5,546.5,swap,notBad
9306,5,546.5,5,546.5,swap,notBad
9307,5,546.5,5,546.5,swap,notBad
9308,5,546.5,5,546.5,swap,notBad
9309,5,546.5,5,546.5,swap,notBad
9310,5,546.5,5,546.5,2opt,notBad
9311,5,546.5,5,546.5,move,improve
9312,5,546.5,5,546.5,swap,notBad
9313,5,546.5,5,546.5,swap,improve
9314,5,546.5,5,546.5,swap,notBad
9315,5,546.5,5,546.5,swap,notBad
9316,5,546.5,5,546.5,swap,notBad
9317,5,546.5,5,546.5,move,improve
9318,5,546.5,5,546.5,swap,notBad
9319,5,546.5,5,546.5,swap,notBad
9320,5,546.5,5,546.5,move,improve
9321,5,546.5,5,546.5,swap,notBad
9322,5,546.5,5,546.5,move,improve
9323,5,546.5,5,546.5,2opt,improve
9324,5,546.5,5,546.5,move,improve
9325,5,546.5,5,546.5,swap,notBad
9326,5,546.5,5,546.5,move,improve
9327,5,546.5,5,546.5,swap,notBad
9328,5,546.5,5,546.5,swap,notBad
9329,5,546.5,5,546.5,2opt,notBad
9330,5,546.5,5,546.5,swap,notBad
9331,5,546.5,5,546.5,swap,notBad
9332,5,546.5,5,546.5,swap,notBad
9333,5,546.5,5,546.5,swap,notBad
9334,5,546.5,5,546.5,swap,notBad
9335,5,546.5,5,546.5,2opt,notBad
9336,5,546.5,5,546.5,move,improve
9337,5,546.5,5,546.5,move,improve
9338,5,546.5,5,546.5,swap,notBad
9339,5,546.5,5,546.5,2opt,notBad
9340,5,546.5,5,546.5,2opt,improve
9341,5,546.5,5,546.5,swap,notBad
9342,5,546.5,5,546.5,move,improve
9343,5,546.5,5,546.5,2opt,notBad
9344,5,546.5,5,546.5,2opt,notBad
9345,5,546.5,5,546.5,2opt,notBad
9346,5,546.5,5,546.5,swap,notBad
9347,5,546.5,5,546.5,move,improve
9348,5,546.5,5,546.5,move,improve
9349,5,546.5,5,546.5,2opt,notBad
9350,5,546.5,5,546.5,move,improve
9351,5,546.5,5,546.5,move,improve
9352,5,546.5,5,546.5,swap,notBad
9353,5,546.5,5,546.5,2opt,notBad
9354,5,546.5,5,546.5,swap,notBad
9355,5,546.5,5,546.5,2opt,improve
9356,5,546.5,5,546.5,swap,notBad
9357,5,546.5,5,546.5,2opt,notBad
9358,5,546.5,5,546.5,swap,notBad
9359,5,546.5,5,546.5,2opt,notBad
9360,5,546.5,5,546.5,2opt,notBad
9361,5,546.5,5,546.5,move,improve
9362,5,546.5,5,546.5,move,improve
9363,5,546.5,5,546.5,2opt,notBad
9364,5,546.5,5,546.5,swap,notBad
9365,5,546.5,5,546.5,swap,notBad
9366,5,546.5,5,546.5,move,improve
9367,5,546.5,5,546.5,swap,notBad
9368,5,546.5,5,546.5,move,improve
9369,5,546.5,5,546.5,move,improve
9370,5,546.5,5,546.5,2opt,notBad
9371,5,546.5,5,546.5,2opt,notBad
9372,5,546.5,5,546.5,move,improve
9373,5,546.5,5,546.5,2opt,notBad
9374,5,546.5,5,546.5,swap,notBad
9375,5,546.5,5,546.5,swap,notBad
9376,5,546.5,5,546.5,swap,notBad
9377,5,546.5,5,546.5,swap,notBad
9378,5,546.5,5,546.5,2opt,improve
9379,5,546.5,5,546.5,2opt,notBad
9380,5,546.5,5,546.5,move,improve
9381,5,546.5,5,546.5,2opt,notBad
9382,5,546.5,5,546.5,2opt,improve
9383,5,546.5,5,546.5,move,improve
9384,5,546.5,5,546.5,move,improve
9385,5,546.5,5,546.5,2opt,notBad
9386,5,546.5,5,546.5,swap,notBad
9387,5,546.5,5,546.5,move,improve
9388,5,546.5,5,546.5,swap,notBad
9389,5,546.5,5,546.5,2opt,notBad
9390,5,546.5,5,546.5,swap,notBad
9391,5,546.5,5,546.5,move,improve
9392,5,546.5,5,546.5,2opt,notBad
9393,5,546.5,5,546.5,swap,notBad
9394,5,546.5,5,546.5,move,improve
9395,5,546.5,5,546.5,move,improve
9396,5,546.5,5,546.5,swap,notBad
9397,5,546.5,5,546.5,2opt,notBad
9398,5,546.5,5,546.5,swap,notBad
9399,5,546.5,5,546.5,swap,notBad
9400,5,546.5,5,546.5,swap,notBad
9401,5,546.5,5,546.5,2opt,notBad
9402,5,546.5,5,546.5,swap,notBad
9403,5,546.5,5,546.5,move,improve
9404,5,546.5,5,546.5,move,improve
9405,5,546.5,5,546.5,2opt,notBad
9406,5,546.5,5,546.5,2opt,notBad
9407,5,546.5,5,546.5,swap,notBad
9408,5,546.5,5,546.5,2opt,improve
9409,5,546.5,5,546.5,swap,notBad
9410,5,546.5,5,546.5,2opt,notBad
9411,5,546.5,5,546.5,swap,notBad
9412,5,546.5,5,546.5,move,improve
9413,5,546.5,5,546.5,move,improve
9414,5,546.5,5,546.5,move,improve
9415,5,546.5,5,546.5,2opt,notBad
9416,5,546.5,5,546.5,swap,notBad
9417,5,546.5,5,546.5,move,improve
9418,5,546.5,5,546.5,move,improve
9419,5,546.5,5,546.5,move,improve
9420,5,546.5,5,546.5,2opt,notBad
9421,5,546.5,5,546.5,swap,notBad
9422,5,546.5,5,546.5,2opt,notBad
9423,5,546.5,5,546.5,swap,notBad
9424,5,546.5,5,546.5,swap,notBad
9425,5,546.5,5,546.5,swap,notBad
9426,5,546.5,5,546.5,2opt,improve
9427,5,546.5,5,546.5,2opt,notBad
9428,5,546.5,5,546.5,move,improve
9429,5,546.5,5,546.5,2opt,improve
9430,5,546.5,5,546.5,2opt,notBad
9431,5,546.5,5,546.5,move,improve
9432,5,546.5,5,546.5,swap,notBad
9433,5,546.5,5,546.5,swap,notBad
9434,5,546.5,5,546.5,move,improve
9435,5,546.5,5,546.5,2opt,notBad
9436,5,546.5,5,546.5,swap,notBad
9437,5,546.5,5,546.5,swap,notBad
9438,5,546.5,5,546.5,2opt,notBad
9439,5,546.5,5,546.5,move,improve
9440,5,546.5,5,546.5,swap,notBad
9441,5,546.5,5,546.5,move,improve
9442,5,546.5,5,546.5,move,improve
9443,5,546.5,5,546.5,move,improve
9444,5,546.5,5,546.5,2opt,notBad
9445,5,546.5,5,546.5,swap,notBad
9446,5,546.5,5,546.5,2opt,notBad
9447,5,546.5,5,546.5,2opt,notBad
9448,5,546.5,5,546.5,swap,notBad
9449,5,546.5,5,546.5,swap,notBad
9450,5,546.5,5,546.5,move,improve
9451,5,546.5,5,546.5,move,improve
9452,5,546.5,5,546.5,swap,notBad
9453,5,546.5,5,546.5,2opt,notBad
9454,5,546.5,5,546.5,move,improve
9455,5,546.5,5,546.5,2opt,improve
9456,5,546.5,5,546.5,swap,notBad
9457,5,546.5,5,546.5,swap,improve
9458,5,546.5,5,546.5,move,improve
9459,5,546.5,5,546.5,2opt,notBad
9460,5,546.5,5,546.5,move,improve
9461,5,546.5,5,546.5,2opt,notBad
9462,5,546.5,5,546.5,move,improve
9463,5,546.5,5,546.5,swap,notBad
9464,5,546.5,5,546.5,2opt,improve
9465,5,546.5,5,546.5,move,improve
9466,5,546.5,5,546.5,swap,notBad
9467,5,546.5,5,546.5,move,improve
9468,5,546.5,5,546.5,swap,notBad
9469,5,546.5,5,546.5,swap,notBad
9470,5,546.5,5,546.5,swap,notBad
9471,5,546.5,5,546.5,swap,improve
9472,5,546.5,5,546.5,2opt,notBad
9473,5,546.5,5,546.5,move,improve
9474,5,546.5,5,546.5,2opt,notBad
9475,5,546.5,5,546.5,swap,notBad
9476,5,546.5,5,546.5,move,improve
9477,5,546.5,5,546.5,swap,notBad
9478,5,546.5,5,546.5,2opt,notBad
9479,5,546.5,5,546.5,swap,notBad
9480,5,546.5,5,546.5,swap,notBad
9481,5,546.5,5,546.5,2opt,notBad
9482,5,546.5,5,546.5,2opt,notBad
9483,5,546.5,5,546.5,2opt,notBad
9484,5,546.5,5,546.5,move,improve
9485,5,546.5,5,546.5,2opt,notBad
9486,5,546.5,5,546.5,swap,notBad
9487,5,546.5,5,546.5,move,improve
9488,5,546.5,5,546.5,2opt,notBad
9489,5,546.5,5,546.5,2opt,notBad
9490,5,546.5,5,546.5,swap,notBad
9491,5,546.5,5,546.5,2opt,notBad
9492,5,546.5,5,546.5,2opt,notBad
9493,5,546.5,5,546.5,move,improve
9494,5,546.5,5,546.5,2opt,notBad
9495,5,546.5,5,546.5,move,improve
9496,5,546.5,5,546.5,swap,notBad
9497,5,546.5,5,546.5,2opt,notBad
9498,5,546.5,5,546.5,swap,notBad
9499,5,546.5,5,546.5,move,improve
9500,5,546.5,5,546.5,2opt,notBad
9501,5,546.5,5,546.5,swap,notBad
9502,5,546.5,5,546.5,move,improve
9503,5,546.5,5,546.5,swap,notBad
9504,5,546.5,5,546.5,swap,notBad
9505,5,546.5,5,546.5,move,improve
9506,5,546.5,5,546.5,2opt,notBad
9507,5,546.5,5,546.5,move,improve
9508,5,546.5,5,546.5,2opt,improve
9509,5,546.5,5,546.5,move,improve
9510,5,546.5,5,546.5,2opt,notBad
9511,5,546.5,5,546.5,swap,notBad
9512,5,546.5,5,546.5,move,improve
9513,5,546.5,5,546.5,move,improve
9514,5,546.5,5,546.5,2opt,notBad
9515,5,546.5,5,546.5,move,improve
9516,5,546.5,5,546.5,move,improve
9517,5,546.5,5,546.5,move,improve
9518,5,546.5,5,546.5,2opt,notBad
9519,5,546.5,5,546.5,2opt,notBad
9520,5,546.5,5,546.5,2opt,notBad
9521,5,546.5,5,546.5,move,improve
9522,5,546.5,5,546.5,swap,notBad
9523,5,546.5,5,546.5,swap,notBad
9524,5,546.5,5,546.5,move,improve
9525,5,546.5,5,546.5,2opt,notBad
9526,5,546.5,5,546.5,swap,notBad
9527,5,546.5,5,546.5,move,improve
9528,5,546.5,5,546.5,swap,notBad
9529,5,546.5,5,546.5,swap,notBad
9530,5,546.5,5,546.5,move,improve
9531,5,546.5,5,546.5,move,improve
9532,5,546.5,5,546.5,move,improve
9533,5,546.5,5,546.5,move,improve
9534,5,546.5,5,546.5,2opt,notBad
9535,5,546.5,5,546.5,2opt,notBad
9536,5,546.5,5,546.5,move,improve
9537,5,546.5,5,546.5,2opt,notBad
9538,5,546.5,5,546.5,2opt,notBad
9539,5,546.5,5,546.5,move,improve
9540,5,546.5,5,546.5,swap,notBad
9541,5,546.5,5,546.5,swap,notBad
9542,5,546.5,5,546.5,2opt,improve
9543,5,546.5,5,546.5,move,improve
9544,5,546.5,5,546.5,move,improve
9545,5,546.5,5,546.5,swap,notBad
9546,5,546.5,5,546.5,2opt,notBad
9547,5,546.5,5,546.5,move,improve
9548,5,546.5,5,546.5,2opt,notBad
9549,5,546.5,5,546.5,2opt,notBad
9550,5,546.5,5,546.5,swap,notBad
9551,5,546.5,5,546.5,2opt,notBad
9552,5,546.5,5,546.5,swap,notBad
9553,5,546.5,5,546.5,swap,notBad
9554,5,546.5,5,546.5,2opt,improve
9555,5,546.5,5,546.5,move,improve
9556,5,546.5,5,546.5,2opt,notBad
9557,5,546.5,5,546.5,2opt,notBad
9558,5,546.5,5,546.5,swap,notBad
9559,5,546.5,5,546.5,2opt,notBad
9560,5,546.5,5,546.5,2opt,improve
9561,5,546.5,5,546.5,swap,notBad
9562,5,546.5,5,546.5,move,improve
9563,5,546.5,5,546.5,swap,notBad
9564,5,546.5,5,546.5,move,improve
9565,5,546.5,5,546.5,2opt,notBad
9566,5,546.5,5,546.5,move,improve
9567,5,546.5,5,546.5,swap,notBad
9568,5,546.5,5,546.5,move,improve
9569,5,546.5,5,546.5,move,improve
9570,5,546.5,5,546.5,2opt,notBad
9571,5,546.5,5,546.5,2opt,improve
9572,5,546.5,5,546.5,move,improve
9573,5,546.5,5,546.5,swap,notBad
9574,5,546.5,5,546.5,swap,notBad
9575,5,546.5,5,546.5,2opt,notBad
9576,5,546.5,5,546.5,2opt,notBad
9577,5,546.5,5,546.5,2opt,improve
9578,5,546.5,5,546.5,swap,notBad
9579,5,546.5,5,546.5,move,improve
9580,5,546.5,5,546.5,swap,notBad
9581,5,546.5,5,546.5,move,improve
9582,5,546.5,5,546.5,swap,notBad
9583,5,546.5,5,546.5,swap,notBad
9584,5,546.5,5,546.5,move,improve
9585,5,546.5,5,546.5,2opt,notBad
9586,5,546.5,5,546.5,2opt,notBad
9587,5,546.5,5,546.5,2opt,improve
9588,5,546.5,5,546.5,swap,notBad
9589,5,546.5,5,546.5,swap,notBad
9590,5,546.5,5,546.5,move,improve
9591,5,546.5,5,546.5,move,improve
9592,5,546.5,5,546.5,2opt,improve
9593,5,546.5,5,546.5,move,improve
9594,5,546.5,5,546.5,move,improve
9595,5,546.5,5,546.5,move,improve
9596,5,546.5,5,546.5,2opt,notBad
9597,5,546.5,5,546.5,2opt,notBad
9598,5,546.5,5,546.5,2opt,notBad
9599,5,546.5,5,546.5,2opt,notBad
9600,5,546.5,5,546.5,swap,notBad
9601,5,546.5,5,546.5,swap,notBad
9602,5,546.5,5,546.5,swap,notBad
9603,5,546.5,5,546.5,swap,notBad
9604,5,546.5,5,546.5,move,improve
9605,5,546.5,5,546.5,move,improve
9606,5,546.5,5,546.5,swap,notBad
9607,5,546.5,5,546.5,move,improve
9608,5,546.5,5,546.5,2opt,notBad
9609,5,546.5,5,546.5,2opt,notBad
9610,5,546.5,5,546.5,move,improve
9611,5,546.5,5,546.5,2opt,notBad
9612,5,546.5,5,546.5,2opt,improve
9613,5,546.5,5,546.5,move,improve
9614,5,546.5,5,546.5,move,improve
9615,5,546.5,5,546.5,move,improve
9616,5,546.5,5,546.5,move,improve
9617,5,546.5,5,546.5,move,improve
9618,5,546.5,5,546.5,swap,notBad
9619,5,546.5,5,546.5,swap,notBad
9620,5,546.5,5,546.5,2opt,notBad
9621,5,546.5,5,546.5,swap,notBad
9622,5,546.5,5,546.5,move,improve
9623,5,546.5,5,546.5,swap,notBad
9624,5,546.5,5,546.5,swap,notBad
9625,5,546.5,5,546.5,move,improve
9626,5,546.5,5,546.5,move,improve
9627,5,546.5,5,546.5,move,improve
9628,5,546.5,5,546.5,2opt,notBad
9629,5,546.5,5,546.5,2opt,notBad
9630,5,546.5,5,546.5,move,improve
9631,5,546.5,5,546.5,2opt,improve
9632,5,546.5,5,546.5,2opt,notBad
9633,5,546.5,5,546.5,move,improve
9634,5,546.5,5,546.5,swap,notBad
9635,5,546.5,5,546.5,swap,notBad
9636,5,546.5,5,546.5,2opt,notBad
9637,5,546.5,5,546.5,2opt,notBad
9638,5,546.5,5,546.5,swap,notBad
9639,5,546.5,5,546.5,swap,notBad
9640,5,546.5,5,546.5,2opt,notBad
9641,5,546.5,5,546.5,2opt,improve
9642,5,546.5,5,546.5,move,improve
9643,5,546.5,5,546.5,swap,notBad
9644,5,546.5,5,546.5,2opt,notBad
9645,5,546.5,5,546.5,2opt,notBad
9646,5,546.5,5,546.5,swap,notBad
9647,5,546.5,5,546.5,2opt,notBad
9648,5,546.5,5,546.5,move,improve
9649,5,546.5,5,546.5,2opt,notBad
9650,5,546.5,5,546.5,swap,notBad
9651,5,546.5,5,546.5,2opt,notBad
9652,5,546.5,5,546.5,move,improve
9653,5,546.5,5,546.5,2opt,notBad
9654,5,546.5,5,546.5,swap,notBad
9655,5,546.5,5,546.5,2opt,notBad
9656,5,546.5,5,546.5,swap,notBad
9657,5,546.5,5,546.5,move,improve
9658,5,546.5,5,546.5,swap,notBad
9659,5,546.5,5,546.5,swap,notBad
9660,5,546.5,5,546.5,swap,notBad
9661,5,546.5,5,546.5,2opt,notBad
9662,5,546.5,5,546.5,move,improve
9663,5,546.5,5,546.5,move,improve
9664,5,546.5,5,546.5,move,improve
9665,5,546.5,5,546.5,2opt,notBad
9666,5,546.5,5,546.5,swap,notBad
9667,5,546.5,5,546.5,swap,notBad
9668,5,546.5,5,546.5,2opt,notBad
9669,5,546.5,5,546.5,2opt,notBad
9670,5,546.5,5,546.5,swap,notBad
9671,5,546.5,5,546.5,swap,notBad
9672,5,546.5,5,546.5,move,improve
9673,5,546.5,5,546.5,swap,notBad
9674,5,546.5,5,546.5,swap,notBad
9675,5,546.5,5,546.5,2opt,notBad
9676,5,546.5,5,546.5,swap,notBad
9677,5,546.5,5,546.5,move,improve
9678,5,546.5,5,546.5,2opt,notBad
9679,5,546.5,5,546.5,move,improve
9680,5,546.5,5,546.5,swap,notBad
9681,5,546.5,5,546.5,move,improve
9682,5,546.5,5,546.5,swap,notBad
9683,5,546.5,5,546.5,2opt,notBad
9684,5,546.5,5,546.5,swap,notBad
9685,5,546.5,5,546.5,2opt,improve
9686,5,546.5,5,546.5,2opt,improve
9687,5,546.5,5,546.5,2opt,notBad
9688,5,546.5,5,546.5,swap,notBad
9689,5,546.5,5,546.5,2opt,improve
9690,5,546.5,5,546.5,swap,notBad
9691,5,546.5,5,546.5,2opt,notBad
9692,5,546.5,5,546.5,swap,notBad
9693,5,546.5,5,546.5,move,improve
9694,5,546.5,5,546.5,move,improve
9695,5,546.5,5,546.5,2opt,notBad
9696,5,546.5,5,546.5,move,improve
9697,5,546.5,5,546.5,2opt,notBad
9698,5,546.5,5,546.5,swap,notBad
9699,5,546.5,5,546.5,2opt,notBad
9700,5,546.5,5,546.5,move,improve
9701,5,546.5,5,546.5,move,improve
9702,5,546.5,5,546.5,move,improve
9703,5,546.5,5,546.5,move,improve
9704,5,546.5,5,546.5,2opt,notBad
9705,5,546.5,5,546.5,2opt,improve
9706,5,546.5,5,546.5,swap,notBad
9707,5,546.5,5,546.5,move,improve
9708,5,546.5,5,546.5,swap,notBad
9709,5,546.5,5,546.5,2opt,notBad
9710,5,546.5,5,546.5,move,improve
9711,5,546.5,5,546.5,swap,notBad
9712,5,546.5,5,546.5,2opt,notBad
9713,5,546.5,5,546.5,2opt,improve
9714,5,546.5,5,546.5,swap,notBad
9715,5,546.5,5,546.5,swap,notBad
9716,5,546.5,5,546.5,2opt,notBad
9717,5,546.5,5,546.5,2opt,notBad
9718,5,546.5,5,546.5,move,improve
9719,5,546.5,5,546.5,2opt,notBad
9720,5,546.5,5,546.5,2opt,notBad
9721,5,546.5,5,546.5,move,improve
9722,5,546.5,5,546.5,2opt,notBad
9723,5,546.5,5,546.5,2opt,notBad
9724,5,546.5,5,546.5,move,improve
9725,5,546.5,5,546.5,move,improve
9726,5,546.5,5,546.5,2opt,improve
9727,5,546.5,5,546.5,2opt,notBad
9728,5,546.5,5,546.5,move,improve
9729,5,546.5,5,546.5,swap,notBad
9730,5,546.5,5,546.5,swap,notBad
9731,5,546.5,5,546.5,2opt,notBad
9732,5,546.5,5,546.5,move,improve
9733,5,546.5,5,546.5,move,improve
9734,5,546.5,5,546.5,swap,notBad
9735,5,546.5,5,546.5,2opt,improve
9736,5,546.5,5,546.5,swap,notBad
9737,5,546.5,5,546.5,move,improve
9738,5,546.5,5,546.5,move,improve
9739,5,546.5,5,546.5,swap,notBad
9740,5,546.5,5,546.5,2opt,notBad
9741,5,546.5,5,546.5,move,improve
9742,5,546.5,5,546.5,2opt,notBad
9743,5,546.5,5,546.5,2opt,notBad
9744,5,546.5,5,546.5,2opt,notBad
9745,5,546.5,5,546.5,2opt,notBad
9746,5,546.5,5,546.5,swap,notBad
9747,5,546.5,5,546.5,move,improve
9748,5,546.5,5,546.5,swap,notBad
9749,5,546.5,5,546.5,2opt,notBad
9750,5,546.5,5,546.5,2opt,notBad
9751,5,546.5,5,546.5,2opt,notBad
9752,5,546.5,5,546.5,swap,notBad
9753,5,546.5,5,546.5,move,improve
9754,5,546.5,5,546.5,move,improve
9755,5,546.5,5,546.5,move,improve
9756,5,546.5,5,546.5,swap,notBad
9757,5,546.5,5,546.5,move,improve
9758,5,546.5,5,546.5,move,improve
