i,vehi,obj,vehiBest,objBest,loFunc,note
1,3,915.0,2,469.3,2opt,acceptBad
2,3,916.9499999999999,2,469.3,swap,acceptBad
3,4,1168.9499999999998,2,469.3,2opt,acceptBad
4,4,1168.9499999999998,2,469.3,move,improve
5,4,1273.75,2,469.3,swap,acceptBad
6,4,1164.75,2,469.3,move,improve
7,4,1084.0,2,469.3,move,improve
8,4,1016.7999999999998,2,469.3,move,improve
9,4,1089.2500000000002,2,469.3,swap,acceptBad
10,4,1094.4,2,469.3,swap,acceptBad
11,4,1303.2000000000003,2,469.3,swap,acceptBad
12,4,1303.2000000000003,2,469.3,move,improve
13,4,1199.6500000000003,2,469.3,move,improve
14,5,2245.7000000000003,2,469.3,2opt,acceptBad
15,5,2207.2500000000005,2,469.3,move,improve
16,5,2004.8000000000002,2,469.3,move,improve
17,5,2004.8000000000002,2,469.3,move,improve
18,5,2004.8000000000002,2,469.3,move,improve
19,5,1965.7000000000003,2,469.3,swap,improve
20,5,1958.2000000000003,2,469.3,move,improve
21,6,2723.4500000000003,2,469.3,2opt,acceptBad
22,7,3727.2500000000005,2,469.3,2opt,acceptBad
23,8,4889.9,2,469.3,2opt,acceptBad
24,8,4812.299999999999,2,469.3,swap,improve
25,8,4812.299999999999,2,469.3,move,improve
26,8,4845.049999999999,2,469.3,swap,acceptBad
27,8,5222.2,2,469.3,swap,acceptBad
28,8,5305.300000000001,2,469.3,2opt,acceptBad
29,8,5333.600000000001,2,469.3,swap,acceptBad
30,8,4685.3,2,469.3,2opt,improve
31,8,4429.5,2,469.3,swap,improve
32,8,4363.950000000001,2,469.3,swap,improve
33,8,4243.8,2,469.3,move,improve
34,9,4862.4000000000015,2,469.3,2opt,acceptBad
35,9,4872.450000000001,2,469.3,2opt,acceptBad
36,9,4861.950000000001,2,469.3,swap,improve
37,9,4640.55,2,469.3,move,improve
38,9,4645.45,2,469.3,swap,acceptBad
39,9,4605.75,2,469.3,swap,improve
40,9,4635.0,2,469.3,swap,acceptBad
41,9,4638.699999999999,2,469.3,swap,acceptBad
42,9,4634.0,2,469.3,swap,improve
43,9,4648.799999999999,2,469.3,2opt,acceptBad
44,10,5662.650000000001,2,469.3,2opt,acceptBad
45,10,5662.650000000001,2,469.3,move,improve
46,9,4556.8,2,469.3,move,improve
47,9,4556.8,2,469.3,move,improve
48,9,4560.049999999999,2,469.3,2opt,acceptBad
49,9,4548.15,2,469.3,2opt,improve
50,9,4554.5,2,469.3,2opt,acceptBad
51,9,4490.25,2,469.3,move,improve
52,9,4288.200000000001,2,469.3,2opt,improve
53,9,4299.65,2,469.3,swap,acceptBad
54,9,4304.05,2,469.3,swap,acceptBad
55,9,5335.25,2,469.3,2opt,acceptBad
56,9,5190.85,2,469.3,move,improve
57,9,5329.299999999999,2,469.3,2opt,acceptBad
58,9,5332.5999999999985,2,469.3,2opt,acceptBad
59,9,5415.149999999999,2,469.3,swap,acceptBad
60,9,4468.5999999999985,2,469.3,move,improve
61,9,4521.9,2,469.3,swap,acceptBad
62,9,4747.25,2,469.3,2opt,acceptBad
63,9,4765.75,2,469.3,swap,acceptBad
64,9,4425.15,2,469.3,move,improve
65,9,4422.300000000001,2,469.3,2opt,improve
66,9,4385.650000000001,2,469.3,swap,improve
67,9,4593.75,2,469.3,swap,acceptBad
68,9,4603.95,2,469.3,swap,acceptBad
69,9,5037.0,2,469.3,swap,acceptBad
70,9,5031.500000000001,2,469.3,swap,improve
71,9,5109.2,2,469.3,2opt,acceptBad
72,9,5124.25,2,469.3,swap,acceptBad
73,9,5104.899999999998,2,469.3,2opt,improve
74,9,4734.3499999999985,2,469.3,move,improve
75,9,4630.95,2,469.3,swap,improve
76,9,4737.749999999999,2,469.3,2opt,acceptBad
77,9,4330.0,2,469.3,move,improve
78,9,3990.7999999999997,2,469.3,move,improve
79,10,6883.599999999999,2,469.3,2opt,acceptBad
80,10,5833.4,2,469.3,move,improve
81,10,5560.0,2,469.3,move,improve
82,10,5560.0,2,469.3,move,improve
83,10,5192.749999999998,2,469.3,move,improve
84,11,6249.949999999999,2,469.3,2opt,acceptBad
85,11,6307.849999999999,2,469.3,swap,acceptBad
86,11,6265.4,2,469.3,move,improve
87,11,6405.150000000001,2,469.3,swap,acceptBad
88,11,6309.6,2,469.3,swap,improve
89,11,6310.499999999998,2,469.3,2opt,acceptBad
90,11,7042.849999999996,2,469.3,2opt,acceptBad
91,11,6475.949999999997,2,469.3,move,improve
92,11,7208.599999999995,2,469.3,swap,acceptBad
93,11,7209.5499999999965,2,469.3,2opt,acceptBad
94,11,7062.449999999998,2,469.3,move,improve
95,11,6173.749999999998,2,469.3,move,improve
96,11,6173.749999999998,2,469.3,move,improve
97,11,6265.649999999999,2,469.3,swap,acceptBad
98,11,6350.299999999998,2,469.3,swap,acceptBad
99,11,6349.3499999999985,2,469.3,2opt,improve
100,11,6349.3499999999985,2,469.3,2opt,improve
101,11,6305.449999999999,2,469.3,2opt,improve
102,11,5667.85,2,469.3,move,improve
103,11,5439.35,2,469.3,move,improve
104,11,5514.35,2,469.3,swap,acceptBad
105,11,5458.15,2,469.3,2opt,improve
106,11,5458.15,2,469.3,move,improve
107,11,5065.2,2,469.3,move,improve
108,11,5089.95,2,469.3,swap,acceptBad
109,11,4912.85,2,469.3,move,improve
110,11,5957.1,2,469.3,2opt,acceptBad
111,11,6136.400000000001,2,469.3,2opt,acceptBad
112,11,6159.5,2,469.3,swap,acceptBad
113,11,5760.500000000001,2,469.3,move,improve
114,11,7488.799999999998,2,469.3,swap,acceptBad
115,11,7491.0999999999985,2,469.3,swap,acceptBad
116,11,6116.499999999999,2,469.3,move,improve
117,11,6175.45,2,469.3,swap,acceptBad
118,11,6143.400000000001,2,469.3,2opt,improve
119,11,7484.049999999998,2,469.3,2opt,acceptBad
120,11,7448.1,2,469.3,2opt,improve
121,11,6773.249999999998,2,469.3,move,improve
122,11,8142.299999999998,2,469.3,2opt,acceptBad
123,11,8312.400000000001,2,469.3,swap,acceptBad
124,11,7336.9,2,469.3,move,improve
125,11,7320.9,2,469.3,2opt,improve
126,11,7418.749999999999,2,469.3,swap,acceptBad
127,11,7226.549999999997,2,469.3,swap,improve
128,11,7571.399999999999,2,469.3,2opt,acceptBad
129,11,7482.049999999997,2,469.3,swap,improve
130,11,7089.8499999999985,2,469.3,move,improve
131,11,7089.8499999999985,2,469.3,move,improve
132,11,7066.199999999999,2,469.3,swap,improve
133,11,7214.399999999999,2,469.3,swap,acceptBad
134,11,7073.249999999998,2,469.3,move,improve
135,11,6645.899999999999,2,469.3,move,improve
136,11,6806.799999999999,2,469.3,2opt,acceptBad
137,11,6725.150000000001,2,469.3,2opt,improve
138,11,6725.150000000001,2,469.3,move,improve
139,11,6670.75,2,469.3,move,improve
140,11,6749.000000000001,2,469.3,swap,acceptBad
141,11,6765.75,2,469.3,swap,acceptBad
142,11,6404.3,2,469.3,move,improve
143,11,6645.2,2,469.3,2opt,acceptBad
144,11,6645.2,2,469.3,move,improve
145,11,6503.55,2,469.3,swap,improve
146,11,6211.45,2,469.3,move,improve
147,11,6211.45,2,469.3,move,improve
148,11,6468.799999999999,2,469.3,2opt,acceptBad
149,12,9306.45,2,469.3,2opt,acceptBad
150,12,9302.9,2,469.3,swap,improve
151,12,7164.400000000001,2,469.3,move,improve
152,12,8998.550000000001,2,469.3,swap,acceptBad
153,12,8612.350000000002,2,469.3,move,improve
154,11,5682.500000000001,2,469.3,2opt,improve
155,11,5483.950000000001,2,469.3,move,improve
156,11,7134.500000000004,2,469.3,swap,acceptBad
157,11,7022.900000000001,2,469.3,2opt,improve
158,11,7451.6,2,469.3,swap,acceptBad
159,10,5371.450000000001,2,469.3,move,improve
160,10,5171.8,2,469.3,2opt,improve
161,10,6547.250000000001,2,469.3,2opt,acceptBad
162,10,6591.000000000001,2,469.3,swap,acceptBad
163,9,4736.150000000001,2,469.3,move,improve
164,9,5422.05,2,469.3,2opt,acceptBad
165,9,4348.35,2,469.3,move,improve
166,9,4348.35,2,469.3,move,improve
167,9,4334.799999999999,2,469.3,swap,improve
168,9,4364.549999999999,2,469.3,2opt,acceptBad
169,9,4342.249999999999,2,469.3,move,improve
170,9,4405.449999999999,2,469.3,swap,acceptBad
171,10,5904.799999999997,2,469.3,2opt,acceptBad
172,10,5872.099999999999,2,469.3,move,improve
173,10,6718.199999999999,2,469.3,swap,acceptBad
174,10,6765.2,2,469.3,swap,acceptBad
175,10,6253.35,2,469.3,move,improve
176,10,6253.35,2,469.3,move,improve
177,10,5833.75,2,469.3,move,improve
178,10,5565.05,2,469.3,move,improve
179,10,5396.9,2,469.3,2opt,improve
180,10,5445.799999999999,2,469.3,swap,acceptBad
181,10,5485.949999999999,2,469.3,2opt,acceptBad
182,10,5623.799999999999,2,469.3,2opt,acceptBad
183,10,5706.599999999999,2,469.3,swap,acceptBad
184,10,5706.599999999999,2,469.3,2opt,improve
185,10,5928.7,2,469.3,swap,acceptBad
186,10,5372.299999999999,2,469.3,move,improve
187,10,5310.749999999999,2,469.3,swap,improve
188,10,6472.6500000000015,2,469.3,2opt,acceptBad
189,10,5449.549999999999,2,469.3,move,improve
190,10,5882.450000000001,2,469.3,swap,acceptBad
191,10,5562.55,2,469.3,move,improve
192,10,5548.9,2,469.3,2opt,improve
193,10,5626.05,2,469.3,move,acceptBad
194,10,5409.75,2,469.3,move,improve
195,10,5324.250000000001,2,469.3,2opt,improve
196,10,5371.300000000001,2,469.3,swap,acceptBad
197,10,5894.800000000002,2,469.3,swap,acceptBad
198,10,5989.200000000002,2,469.3,swap,acceptBad
199,10,5121.600000000001,2,469.3,move,improve
200,10,5123.6500000000015,2,469.3,2opt,acceptBad
201,10,5067.800000000001,2,469.3,swap,improve
202,10,5174.250000000001,2,469.3,swap,acceptBad
203,10,5623.100000000001,2,469.3,2opt,acceptBad
204,10,5257.049999999999,2,469.3,move,improve
205,10,4969.15,2,469.3,swap,improve
206,10,5370.349999999999,2,469.3,swap,acceptBad
207,10,5144.7,2,469.3,move,improve
208,10,4931.45,2,469.3,move,improve
209,10,6073.749999999998,2,469.3,2opt,acceptBad
210,10,4892.9,2,469.3,move,improve
211,10,5202.3,2,469.3,2opt,acceptBad
212,10,5216.700000000001,2,469.3,2opt,acceptBad
213,10,5355.049999999999,2,469.3,2opt,acceptBad
214,10,5042.75,2,469.3,move,improve
215,10,4952.849999999999,2,469.3,swap,improve
216,10,4966.350000000001,2,469.3,2opt,acceptBad
217,10,4933.250000000001,2,469.3,move,improve
218,10,4948.749999999999,2,469.3,2opt,acceptBad
219,10,4955.5,2,469.3,2opt,acceptBad
220,10,4721.9,2,469.3,move,improve
221,10,4763.85,2,469.3,2opt,acceptBad
222,10,4763.85,2,469.3,move,improve
223,10,5231.900000000001,2,469.3,2opt,acceptBad
224,10,5231.900000000001,2,469.3,move,improve
225,10,4778.0,2,469.3,move,improve
226,10,4778.0,2,469.3,move,improve
227,10,4826.400000000001,2,469.3,swap,acceptBad
228,10,4360.200000000001,2,469.3,2opt,improve
229,10,4841.550000000001,2,469.3,2opt,acceptBad
230,10,4582.900000000001,2,469.3,move,improve
231,10,4459.0,2,469.3,swap,improve
232,10,4494.15,2,469.3,swap,acceptBad
233,10,4494.15,2,469.3,move,improve
234,10,4580.45,2,469.3,2opt,acceptBad
235,10,4580.45,2,469.3,2opt,improve
236,10,4434.2,2,469.3,swap,improve
237,10,4427.7,2,469.3,swap,improve
238,10,4424.4,2,469.3,move,improve
239,10,4404.6,2,469.3,2opt,improve
240,10,4737.2,2,469.3,2opt,acceptBad
241,10,4385.15,2,469.3,move,improve
242,10,4045.949999999999,2,469.3,move,improve
243,10,4915.299999999999,2,469.3,swap,acceptBad
244,10,4897.6,2,469.3,2opt,improve
245,10,5013.249999999999,2,469.3,2opt,acceptBad
246,10,5344.949999999999,2,469.3,2opt,acceptBad
247,10,5403.549999999999,2,469.3,2opt,acceptBad
248,10,5348.249999999999,2,469.3,swap,improve
249,10,5026.099999999999,2,469.3,2opt,improve
250,10,5093.35,2,469.3,swap,acceptBad
251,10,4506.200000000001,2,469.3,swap,improve
252,10,4400.85,2,469.3,swap,improve
253,10,4426.05,2,469.3,swap,acceptBad
254,10,4028.3499999999995,2,469.3,move,improve
255,10,4028.3499999999995,2,469.3,move,improve
256,10,5516.799999999999,2,469.3,2opt,acceptBad
257,10,5640.349999999999,2,469.3,swap,acceptBad
258,10,5503.05,2,469.3,move,improve
259,10,5184.649999999999,2,469.3,move,improve
260,10,5837.15,2,469.3,2opt,acceptBad
261,10,5837.15,2,469.3,move,improve
262,10,5734.399999999999,2,469.3,2opt,improve
263,10,5737.549999999999,2,469.3,2opt,acceptBad
264,10,5583.25,2,469.3,swap,improve
265,10,5671.349999999999,2,469.3,swap,acceptBad
266,10,6063.749999999999,2,469.3,swap,acceptBad
267,10,6063.749999999999,2,469.3,move,improve
268,10,5909.5,2,469.3,swap,improve
269,10,5827.800000000001,2,469.3,move,improve
270,11,8373.35,2,469.3,2opt,acceptBad
271,11,8819.400000000001,2,469.3,2opt,acceptBad
272,12,11510.900000000001,2,469.3,2opt,acceptBad
273,12,11385.6,2,469.3,2opt,improve
274,12,9881.499999999998,2,469.3,move,improve
275,12,10346.599999999999,2,469.3,swap,acceptBad
276,13,12739.0,2,469.3,2opt,acceptBad
277,13,12735.6,2,469.3,swap,improve
278,13,11906.950000000003,2,469.3,move,improve
279,13,10763.900000000003,2,469.3,move,improve
280,13,10899.899999999998,2,469.3,2opt,acceptBad
281,13,10899.899999999998,2,469.3,2opt,improve
282,13,10559.0,2,469.3,move,improve
283,13,10569.75,2,469.3,2opt,acceptBad
284,13,10229.199999999997,2,469.3,move,improve
285,13,10299.550000000003,2,469.3,swap,acceptBad
286,13,10261.5,2,469.3,swap,improve
287,13,9786.699999999999,2,469.3,2opt,improve
288,13,11198.450000000004,2,469.3,swap,acceptBad
289,13,10638.5,2,469.3,move,improve
290,13,11033.349999999999,2,469.3,2opt,acceptBad
291,13,11033.349999999999,2,469.3,2opt,improve
292,13,10964.35,2,469.3,swap,improve
293,13,10292.550000000001,2,469.3,move,improve
294,13,9471.950000000003,2,469.3,move,improve
295,13,8303.600000000002,2,469.3,move,improve
296,13,8175.6500000000015,2,469.3,move,improve
297,13,8062.650000000002,2,469.3,swap,improve
298,12,7269.700000000001,2,469.3,2opt,improve
299,12,7224.199999999999,2,469.3,2opt,improve
300,12,6852.699999999998,2,469.3,move,improve
301,12,6484.249999999998,2,469.3,move,improve
302,12,6520.399999999999,2,469.3,swap,acceptBad
303,12,6178.549999999998,2,469.3,move,improve
304,12,6142.549999999999,2,469.3,swap,improve
305,12,6140.999999999999,2,469.3,swap,improve
306,12,6140.999999999999,2,469.3,move,improve
307,12,6141.449999999999,2,469.3,swap,acceptBad
308,12,5973.500000000002,2,469.3,move,improve
309,12,5962.4000000000015,2,469.3,2opt,improve
310,12,5958.450000000001,2,469.3,move,improve
311,12,5913.6,2,469.3,2opt,improve
312,12,5800.800000000001,2,469.3,swap,improve
313,12,5800.800000000001,2,469.3,move,improve
314,12,5815.950000000001,2,469.3,2opt,acceptBad
315,12,5815.950000000001,2,469.3,move,improve
316,12,5735.75,2,469.3,move,improve
317,12,5746.750000000002,2,469.3,2opt,acceptBad
318,12,5712.600000000002,2,469.3,swap,improve
319,12,6000.800000000002,2,469.3,2opt,acceptBad
320,12,6000.800000000002,2,469.3,move,improve
321,12,6341.4,2,469.3,2opt,acceptBad
322,12,6379.199999999999,2,469.3,2opt,acceptBad
323,12,6325.449999999999,2,469.3,move,improve
324,12,6321.099999999999,2,469.3,swap,improve
325,12,6635.9,2,469.3,swap,acceptBad
326,12,6600.9000000000015,2,469.3,swap,improve
327,12,7665.1,2,469.3,swap,acceptBad
328,12,6833.200000000002,2,469.3,move,improve
329,12,6867.9000000000015,2,469.3,swap,acceptBad
330,12,6882.750000000002,2,469.3,swap,acceptBad
331,12,6890.500000000001,2,469.3,swap,acceptBad
332,12,7312.4000000000015,2,469.3,2opt,acceptBad
333,12,7280.100000000002,2,469.3,swap,improve
334,12,6905.299999999999,2,469.3,move,improve
335,12,6866.449999999999,2,469.3,move,improve
336,13,10056.3,2,469.3,2opt,acceptBad
337,13,9699.099999999999,2,469.3,move,improve
338,13,9699.099999999999,2,469.3,2opt,notBad
339,13,11038.300000000007,2,469.3,swap,acceptBad
340,13,9545.05,2,469.3,move,improve
341,13,9528.15,2,469.3,2opt,improve
342,13,9039.550000000001,2,469.3,move,improve
343,13,9039.550000000001,2,469.3,2opt,improve
344,13,8998.85,2,469.3,swap,improve
345,13,8699.25,2,469.3,move,improve
346,13,8060.649999999999,2,469.3,swap,improve
347,13,7375.75,2,469.3,move,improve
348,13,7169.450000000001,2,469.3,move,improve
349,13,7090.200000000001,2,469.3,swap,improve
350,13,6963.950000000001,2,469.3,move,improve
351,13,7736.200000000001,2,469.3,2opt,acceptBad
352,13,9184.300000000003,2,469.3,swap,acceptBad
353,13,9117.65,2,469.3,move,improve
354,13,9239.05,2,469.3,swap,acceptBad
355,13,8408.5,2,469.3,move,improve
356,13,8408.800000000001,2,469.3,2opt,acceptBad
357,13,8472.45,2,469.3,2opt,acceptBad
358,14,11712.900000000003,2,469.3,2opt,acceptBad
359,14,11089.449999999999,2,469.3,move,improve
360,14,10875.449999999995,2,469.3,swap,improve
361,14,10934.049999999997,2,469.3,swap,acceptBad
362,14,10096.599999999999,2,469.3,move,improve
363,14,9468.35,2,469.3,move,improve
364,14,10031.449999999997,2,469.3,2opt,acceptBad
365,14,10040.55,2,469.3,2opt,acceptBad
366,14,10041.750000000002,2,469.3,swap,acceptBad
367,14,11454.799999999997,2,469.3,2opt,acceptBad
368,14,11454.799999999997,2,469.3,move,improve
369,14,10914.7,2,469.3,swap,improve
370,14,10508.0,2,469.3,move,improve
371,14,10531.0,2,469.3,2opt,acceptBad
372,14,10528.999999999996,2,469.3,2opt,improve
373,14,10872.7,2,469.3,2opt,acceptBad
374,14,10365.600000000002,2,469.3,move,improve
375,14,10072.2,2,469.3,move,improve
376,14,9742.75,2,469.3,move,improve
377,14,9663.800000000001,2,469.3,move,improve
378,14,9663.800000000001,2,469.3,move,improve
379,14,9687.850000000002,2,469.3,swap,acceptBad
380,13,8686.900000000001,2,469.3,2opt,improve
381,13,9129.550000000001,2,469.3,2opt,acceptBad
382,13,8816.950000000003,2,469.3,move,improve
383,14,9730.300000000001,2,469.3,2opt,acceptBad
384,14,9700.950000000003,2,469.3,2opt,improve
385,14,10270.750000000004,2,469.3,swap,acceptBad
386,14,9767.25,2,469.3,move,improve
387,14,10116.05,2,469.3,2opt,acceptBad
388,14,10116.05,2,469.3,2opt,improve
389,14,10307.900000000003,2,469.3,2opt,acceptBad
390,14,10031.35,2,469.3,move,improve
391,14,10031.85,2,469.3,swap,acceptBad
392,14,10039.250000000002,2,469.3,2opt,acceptBad
393,14,9600.95,2,469.3,move,improve
394,14,9194.700000000003,2,469.3,move,improve
395,14,11402.000000000007,2,469.3,2opt,acceptBad
396,14,10611.200000000004,2,469.3,move,improve
397,14,11259.100000000002,2,469.3,swap,acceptBad
398,14,11259.100000000002,2,469.3,2opt,improve
399,14,12189.800000000003,2,469.3,2opt,acceptBad
400,14,12104.650000000001,2,469.3,2opt,improve
401,14,12699.599999999999,2,469.3,swap,acceptBad
402,14,12699.599999999999,2,469.3,2opt,improve
403,14,12099.199999999999,2,469.3,move,improve
404,14,12099.199999999999,2,469.3,move,improve
405,14,12079.399999999998,2,469.3,2opt,improve
406,14,12079.399999999998,2,469.3,move,improve
407,14,12079.399999999998,2,469.3,2opt,improve
408,14,11753.900000000007,2,469.3,2opt,improve
409,14,11262.500000000004,2,469.3,swap,improve
410,14,10716.950000000003,2,469.3,move,improve
411,14,10644.300000000001,2,469.3,swap,improve
412,14,10026.0,2,469.3,move,improve
413,14,9430.5,2,469.3,move,improve
414,14,8725.75,2,469.3,move,improve
415,14,11319.849999999995,2,469.3,swap,acceptBad
416,14,9396.249999999998,2,469.3,move,improve
417,14,9536.849999999999,2,469.3,2opt,acceptBad
418,14,9126.0,2,469.3,move,improve
419,14,9284.15,2,469.3,swap,acceptBad
420,14,11448.149999999998,2,469.3,2opt,acceptBad
421,14,10996.25,2,469.3,move,improve
422,14,10996.25,2,469.3,move,improve
423,14,10801.550000000001,2,469.3,move,improve
424,14,8924.600000000002,2,469.3,move,improve
425,14,8926.300000000003,2,469.3,swap,acceptBad
426,14,10348.75,2,469.3,2opt,acceptBad
427,14,10285.050000000001,2,469.3,2opt,improve
428,14,8833.350000000002,2,469.3,swap,improve
429,14,8767.350000000002,2,469.3,2opt,improve
430,14,8767.350000000002,2,469.3,move,improve
431,14,8767.350000000002,2,469.3,move,improve
432,14,8767.350000000002,2,469.3,move,improve
433,14,9103.950000000004,2,469.3,2opt,acceptBad
434,14,9104.050000000005,2,469.3,2opt,acceptBad
435,14,8777.200000000006,2,469.3,move,improve
436,14,8759.800000000007,2,469.3,2opt,improve
437,14,8763.250000000005,2,469.3,2opt,acceptBad
438,14,8763.250000000005,2,469.3,move,improve
439,14,8763.250000000005,2,469.3,move,improve
440,14,8723.300000000007,2,469.3,2opt,improve
441,14,8402.500000000005,2,469.3,move,improve
442,14,8455.550000000003,2,469.3,swap,acceptBad
443,14,8440.500000000004,2,469.3,swap,improve
444,14,8440.500000000004,2,469.3,move,improve
445,14,8440.500000000004,2,469.3,move,improve
446,14,8440.500000000004,2,469.3,move,improve
447,14,8709.700000000003,2,469.3,swap,acceptBad
448,14,8258.7,2,469.3,swap,improve
449,14,8736.7,2,469.3,swap,acceptBad
450,14,9761.050000000001,2,469.3,swap,acceptBad
451,14,9251.6,2,469.3,move,improve
452,14,8995.75,2,469.3,move,improve
453,14,9220.35,2,469.3,2opt,acceptBad
454,14,9124.900000000001,2,469.3,swap,improve
455,14,10859.899999999996,2,469.3,2opt,acceptBad
456,14,11225.049999999996,2,469.3,2opt,acceptBad
457,14,11470.249999999998,2,469.3,2opt,acceptBad
458,14,11498.0,2,469.3,swap,acceptBad
459,14,12463.599999999999,2,469.3,swap,acceptBad
460,14,12427.000000000002,2,469.3,2opt,improve
461,14,13048.9,2,469.3,swap,acceptBad
462,14,13694.2,2,469.3,swap,acceptBad
463,14,14623.800000000003,2,469.3,2opt,acceptBad
464,13,11133.95,2,469.3,move,improve
465,13,10947.749999999996,2,469.3,move,improve
466,13,10686.599999999997,2,469.3,swap,improve
467,13,10462.249999999998,2,469.3,move,improve
468,13,9987.949999999999,2,469.3,move,improve
469,13,10023.999999999998,2,469.3,2opt,acceptBad
470,13,9327.599999999999,2,469.3,move,improve
471,13,9327.599999999999,2,469.3,2opt,improve
472,13,9431.499999999998,2,469.3,swap,acceptBad
473,13,9431.499999999998,2,469.3,move,improve
474,13,8904.099999999997,2,469.3,move,improve
475,13,9021.449999999999,2,469.3,swap,acceptBad
476,13,8141.249999999999,2,469.3,2opt,improve
477,13,9936.1,2,469.3,swap,acceptBad
478,13,9697.849999999999,2,469.3,move,improve
479,13,10558.499999999995,2,469.3,swap,acceptBad
480,13,9381.05,2,469.3,move,improve
481,13,8977.199999999999,2,469.3,move,improve
482,13,9574.899999999998,2,469.3,2opt,acceptBad
483,13,9500.75,2,469.3,move,improve
484,13,8804.95,2,469.3,2opt,improve
485,13,8874.85,2,469.3,2opt,acceptBad
486,13,8874.85,2,469.3,move,improve
487,14,12602.850000000002,2,469.3,2opt,acceptBad
488,14,11720.6,2,469.3,2opt,improve
489,14,11348.350000000002,2,469.3,swap,improve
490,14,11351.100000000002,2,469.3,swap,acceptBad
491,14,9851.149999999998,2,469.3,move,improve
492,14,9056.5,2,469.3,move,improve
493,14,9073.0,2,469.3,swap,acceptBad
494,14,9074.849999999997,2,469.3,2opt,acceptBad
495,14,8462.749999999998,2,469.3,move,improve
496,14,8466.499999999998,2,469.3,2opt,acceptBad
497,14,8462.199999999997,2,469.3,swap,improve
498,14,8466.299999999997,2,469.3,2opt,acceptBad
499,13,7739.050000000001,2,469.3,2opt,improve
500,13,8316.150000000001,2,469.3,swap,acceptBad
501,13,9960.7,2,469.3,swap,acceptBad
502,13,10134.900000000001,2,469.3,2opt,acceptBad
503,13,10192.250000000004,2,469.3,2opt,acceptBad
504,13,10507.949999999997,2,469.3,swap,acceptBad
505,13,10871.25,2,469.3,2opt,acceptBad
506,13,10805.0,2,469.3,2opt,improve
507,13,10628.35,2,469.3,swap,improve
508,13,10770.699999999999,2,469.3,2opt,acceptBad
509,13,9206.350000000002,2,469.3,swap,improve
510,13,8877.650000000001,2,469.3,2opt,improve
511,13,8620.500000000002,2,469.3,move,improve
512,13,8619.7,2,469.3,2opt,improve
513,13,8681.1,2,469.3,2opt,acceptBad
514,13,8681.1,2,469.3,2opt,improve
515,13,9007.399999999998,2,469.3,2opt,acceptBad
516,13,9267.099999999999,2,469.3,swap,acceptBad
517,13,9266.55,2,469.3,swap,improve
518,13,9359.849999999999,2,469.3,swap,acceptBad
519,13,9174.749999999998,2,469.3,move,improve
520,13,9009.85,2,469.3,swap,improve
521,13,8745.25,2,469.3,move,improve
522,13,9254.7,2,469.3,swap,acceptBad
523,13,8808.599999999999,2,469.3,move,improve
524,13,8582.7,2,469.3,move,improve
525,13,8398.050000000001,2,469.3,move,improve
526,13,8379.75,2,469.3,2opt,improve
527,13,8294.45,2,469.3,move,improve
528,13,8158.499999999999,2,469.3,swap,improve
529,13,8161.049999999999,2,469.3,2opt,acceptBad
530,13,8161.049999999999,2,469.3,2opt,notBad
531,13,8161.049999999999,2,469.3,move,improve
532,13,8201.35,2,469.3,swap,acceptBad
533,13,9524.4,2,469.3,swap,acceptBad
534,13,9578.8,2,469.3,swap,acceptBad
535,13,9486.8,2,469.3,move,improve
536,13,9441.250000000002,2,469.3,2opt,improve
537,13,9166.250000000002,2,469.3,move,improve
538,13,8468.949999999999,2,469.3,move,improve
539,13,8597.35,2,469.3,swap,acceptBad
540,12,7099.450000000003,2,469.3,move,improve
541,12,8022.800000000002,2,469.3,2opt,acceptBad
542,12,8303.750000000002,2,469.3,swap,acceptBad
543,12,8184.250000000002,2,469.3,2opt,improve
544,12,8541.15,2,469.3,swap,acceptBad
545,12,8646.05,2,469.3,swap,acceptBad
546,12,8590.25,2,469.3,swap,improve
547,12,8800.949999999999,2,469.3,2opt,acceptBad
548,12,8197.099999999999,2,469.3,swap,improve
549,12,8212.949999999999,2,469.3,swap,acceptBad
550,12,8267.15,2,469.3,swap,acceptBad
551,12,8267.45,2,469.3,swap,acceptBad
552,12,8468.05,2,469.3,swap,acceptBad
553,12,7420.299999999999,2,469.3,move,improve
554,12,7420.299999999999,2,469.3,2opt,improve
555,12,7421.65,2,469.3,2opt,acceptBad
556,12,7425.199999999999,2,469.3,swap,acceptBad
557,12,8673.9,2,469.3,2opt,acceptBad
558,12,8703.050000000001,2,469.3,swap,acceptBad
559,12,8480.050000000001,2,469.3,move,improve
560,12,8425.75,2,469.3,swap,improve
561,12,8477.35,2,469.3,2opt,acceptBad
562,12,8115.350000000001,2,469.3,move,improve
563,12,8146.4000000000015,2,469.3,2opt,acceptBad
564,12,8011.800000000001,2,469.3,swap,improve
565,12,8015.000000000003,2,469.3,2opt,acceptBad
566,12,8051.100000000002,2,469.3,swap,acceptBad
567,12,8110.2,2,469.3,2opt,acceptBad
568,12,7489.4,2,469.3,swap,improve
569,12,7181.299999999998,2,469.3,move,improve
570,12,6801.7,2,469.3,move,improve
571,12,6712.05,2,469.3,swap,improve
572,12,6460.699999999999,2,469.3,move,improve
573,12,6460.599999999999,2,469.3,2opt,improve
574,12,6401.499999999999,2,469.3,swap,improve
575,12,6256.15,2,469.3,move,improve
576,12,6256.15,2,469.3,move,improve
577,12,6254.199999999999,2,469.3,swap,improve
578,12,6453.099999999999,2,469.3,swap,acceptBad
579,12,6353.45,2,469.3,move,improve
580,12,6785.800000000002,2,469.3,swap,acceptBad
581,12,6785.600000000002,2,469.3,swap,improve
582,12,6345.3,2,469.3,move,improve
583,12,7830.800000000003,2,469.3,2opt,acceptBad
584,12,7538.400000000003,2,469.3,swap,improve
585,12,7546.7000000000035,2,469.3,swap,acceptBad
586,12,8254.000000000002,2,469.3,swap,acceptBad
587,12,8272.000000000005,2,469.3,2opt,acceptBad
588,12,7957.600000000004,2,469.3,move,improve
589,12,7952.800000000004,2,469.3,move,improve
590,12,7944.600000000004,2,469.3,2opt,improve
591,12,7889.600000000003,2,469.3,2opt,improve
592,12,7889.600000000003,2,469.3,move,improve
593,12,7884.9500000000035,2,469.3,swap,improve
594,12,7884.9500000000035,2,469.3,move,improve
595,12,7899.750000000004,2,469.3,swap,acceptBad
596,12,7058.500000000002,2,469.3,swap,improve
597,12,6889.5,2,469.3,move,improve
598,12,6962.949999999999,2,469.3,2opt,acceptBad
599,12,6837.65,2,469.3,2opt,improve
600,12,6666.199999999999,2,469.3,move,improve
601,12,6486.0999999999985,2,469.3,move,improve
602,12,6486.0999999999985,2,469.3,2opt,improve
603,12,6501.500000000002,2,469.3,2opt,acceptBad
604,12,6508.000000000002,2,469.3,2opt,acceptBad
605,12,7057.05,2,469.3,2opt,acceptBad
606,12,6649.45,2,469.3,move,improve
607,12,6711.549999999998,2,469.3,swap,acceptBad
608,12,6676.649999999999,2,469.3,swap,improve
609,12,8938.8,2,469.3,2opt,acceptBad
610,12,8988.599999999999,2,469.3,2opt,acceptBad
611,12,10394.999999999998,2,469.3,2opt,acceptBad
612,12,10427.399999999998,2,469.3,swap,acceptBad
613,12,10383.6,2,469.3,2opt,improve
614,12,8495.999999999998,2,469.3,move,improve
615,12,9455.9,2,469.3,swap,acceptBad
616,12,9113.049999999997,2,469.3,swap,improve
617,12,9540.550000000001,2,469.3,2opt,acceptBad
618,12,9540.550000000001,2,469.3,2opt,notBad
619,12,9312.949999999999,2,469.3,swap,improve
620,12,10199.45,2,469.3,2opt,acceptBad
621,12,10185.7,2,469.3,swap,improve
622,12,10137.000000000004,2,469.3,swap,improve
623,12,9647.100000000004,2,469.3,2opt,improve
624,12,10736.150000000001,2,469.3,swap,acceptBad
625,12,8747.300000000001,2,469.3,move,improve
626,12,8747.300000000001,2,469.3,move,improve
627,12,8901.050000000003,2,469.3,swap,acceptBad
628,12,8922.100000000002,2,469.3,2opt,acceptBad
629,12,9113.300000000005,2,469.3,swap,acceptBad
630,12,8912.350000000004,2,469.3,2opt,improve
631,12,8786.750000000002,2,469.3,2opt,improve
632,12,8688.949999999999,2,469.3,move,improve
633,12,8024.749999999998,2,469.3,move,improve
634,12,8958.6,2,469.3,2opt,acceptBad
635,12,8290.699999999999,2,469.3,2opt,improve
636,12,8241.25,2,469.3,swap,improve
637,12,8223.05,2,469.3,swap,improve
638,12,8183.150000000001,2,469.3,move,improve
639,12,8240.350000000002,2,469.3,swap,acceptBad
640,12,7845.850000000001,2,469.3,move,improve
641,12,7183.1,2,469.3,2opt,improve
642,12,7002.950000000001,2,469.3,swap,improve
643,12,7407.75,2,469.3,swap,acceptBad
644,12,7415.750000000001,2,469.3,swap,acceptBad
645,12,7243.0,2,469.3,move,improve
646,12,7428.85,2,469.3,2opt,acceptBad
647,12,8284.3,2,469.3,2opt,acceptBad
648,12,8120.900000000001,2,469.3,swap,improve
649,12,7344.2999999999965,2,469.3,move,improve
650,12,7344.2999999999965,2,469.3,move,improve
651,12,7502.5,2,469.3,2opt,acceptBad
652,12,7443.399999999999,2,469.3,2opt,improve
653,12,7257.049999999999,2,469.3,move,improve
654,12,6828.3499999999985,2,469.3,move,improve
655,12,6855.0999999999985,2,469.3,swap,acceptBad
656,12,6771.549999999999,2,469.3,move,improve
657,12,6771.549999999999,2,469.3,move,improve
658,12,6911.550000000002,2,469.3,2opt,acceptBad
659,13,8768.050000000001,2,469.3,2opt,acceptBad
660,13,8724.000000000002,2,469.3,swap,improve
661,13,8739.650000000003,2,469.3,2opt,acceptBad
662,13,10166.400000000003,2,469.3,swap,acceptBad
663,13,10006.299999999997,2,469.3,2opt,improve
664,13,9197.25,2,469.3,move,improve
665,13,10718.099999999999,2,469.3,2opt,acceptBad
666,13,9908.05,2,469.3,move,improve
667,13,9911.4,2,469.3,2opt,acceptBad
668,13,9894.449999999999,2,469.3,swap,improve
669,13,10327.949999999999,2,469.3,swap,acceptBad
670,13,9629.599999999999,2,469.3,move,improve
671,13,9170.5,2,469.3,move,improve
672,14,11878.249999999996,2,469.3,2opt,acceptBad
673,14,11878.249999999996,2,469.3,move,improve
674,14,12355.149999999996,2,469.3,swap,acceptBad
675,14,11359.949999999999,2,469.3,move,improve
676,14,10911.750000000002,2,469.3,move,improve
677,14,10388.900000000001,2,469.3,move,improve
678,14,10374.000000000002,2,469.3,2opt,improve
679,14,10158.300000000001,2,469.3,move,improve
680,14,9372.149999999998,2,469.3,move,improve
681,14,9368.499999999998,2,469.3,swap,improve
682,14,9196.05,2,469.3,move,improve
683,14,9039.699999999999,2,469.3,move,improve
684,14,9086.35,2,469.3,swap,acceptBad
685,14,9086.35,2,469.3,2opt,improve
686,14,9096.5,2,469.3,2opt,acceptBad
687,14,9096.5,2,469.3,2opt,improve
688,14,8585.150000000001,2,469.3,move,improve
689,14,9439.299999999997,2,469.3,swap,acceptBad
690,14,9380.499999999998,2,469.3,move,improve
691,14,9414.1,2,469.3,2opt,acceptBad
692,14,9670.499999999998,2,469.3,2opt,acceptBad
693,14,8694.300000000001,2,469.3,move,improve
694,14,8935.500000000002,2,469.3,2opt,acceptBad
695,14,9485.1,2,469.3,swap,acceptBad
696,14,9477.900000000001,2,469.3,swap,improve
697,14,8893.499999999998,2,469.3,move,improve
698,14,8932.099999999999,2,469.3,2opt,acceptBad
699,14,8542.099999999995,2,469.3,move,improve
700,14,8542.099999999995,2,469.3,move,improve
701,14,8591.349999999997,2,469.3,2opt,acceptBad
702,14,8699.749999999998,2,469.3,2opt,acceptBad
703,14,8699.749999999998,2,469.3,2opt,improve
704,14,8278.049999999997,2,469.3,move,improve
705,14,9093.549999999996,2,469.3,2opt,acceptBad
706,14,8584.099999999999,2,469.3,move,improve
707,14,10332.249999999995,2,469.3,swap,acceptBad
708,14,9914.249999999998,2,469.3,move,improve
709,14,9862.6,2,469.3,move,improve
710,14,11572.800000000001,2,469.3,2opt,acceptBad
711,14,11574.050000000003,2,469.3,2opt,acceptBad
712,14,12481.900000000003,2,469.3,2opt,acceptBad
713,14,12807.700000000008,2,469.3,2opt,acceptBad
714,14,11437.650000000003,2,469.3,move,improve
715,14,11206.600000000002,2,469.3,swap,improve
716,14,11217.650000000001,2,469.3,swap,acceptBad
717,14,9810.800000000003,2,469.3,move,improve
718,14,9998.45,2,469.3,2opt,acceptBad
719,14,10182.100000000002,2,469.3,2opt,acceptBad
720,14,11971.0,2,469.3,2opt,acceptBad
721,14,11890.4,2,469.3,move,improve
722,14,12099.300000000003,2,469.3,swap,acceptBad
723,14,12650.150000000005,2,469.3,swap,acceptBad
724,14,12652.000000000005,2,469.3,2opt,acceptBad
725,14,12689.200000000006,2,469.3,2opt,acceptBad
726,14,11699.150000000001,2,469.3,move,improve
727,14,11320.15,2,469.3,swap,improve
728,15,12202.450000000003,2,469.3,2opt,acceptBad
729,15,12125.300000000003,2,469.3,swap,improve
730,15,11715.900000000005,2,469.3,move,improve
731,15,11907.000000000002,2,469.3,swap,acceptBad
732,15,11870.299999999997,2,469.3,swap,improve
733,15,11208.749999999998,2,469.3,move,improve
734,15,13454.000000000002,2,469.3,swap,acceptBad
735,15,13459.750000000004,2,469.3,2opt,acceptBad
736,15,13459.750000000004,2,469.3,2opt,improve
737,15,13458.949999999999,2,469.3,2opt,improve
738,15,14059.399999999998,2,469.3,swap,acceptBad
739,15,13489.150000000003,2,469.3,move,improve
740,15,12807.250000000005,2,469.3,move,improve
741,15,12595.25000000001,2,469.3,move,improve
742,15,12592.950000000008,2,469.3,2opt,improve
743,15,12961.500000000005,2,469.3,swap,acceptBad
744,15,14937.550000000008,2,469.3,2opt,acceptBad
745,15,14312.100000000006,2,469.3,move,improve
746,15,14312.150000000003,2,469.3,swap,acceptBad
747,15,14312.150000000003,2,469.3,move,improve
748,15,15532.750000000004,2,469.3,2opt,acceptBad
749,15,15190.450000000003,2,469.3,move,improve
750,15,14320.200000000006,2,469.3,move,improve
751,15,14353.400000000003,2,469.3,2opt,acceptBad
752,15,13473.65,2,469.3,move,improve
753,15,14892.85,2,469.3,2opt,acceptBad
754,15,14284.299999999997,2,469.3,move,improve
755,15,14389.7,2,469.3,2opt,acceptBad
756,15,13593.35,2,469.3,move,improve
757,14,11037.6,2,469.3,2opt,improve
758,14,11082.95,2,469.3,2opt,acceptBad
759,14,11472.850000000004,2,469.3,swap,acceptBad
760,14,10815.850000000002,2,469.3,move,improve
761,14,11235.299999999997,2,469.3,swap,acceptBad
762,14,11235.299999999997,2,469.3,2opt,improve
763,14,11115.699999999997,2,469.3,move,improve
764,14,11013.85,2,469.3,move,improve
765,14,11161.550000000003,2,469.3,2opt,acceptBad
766,14,10394.95,2,469.3,move,improve
767,14,10394.95,2,469.3,move,improve
768,14,9943.75,2,469.3,move,improve
769,14,9943.75,2,469.3,2opt,improve
770,14,9943.75,2,469.3,move,improve
771,14,10431.0,2,469.3,swap,acceptBad
772,14,11212.5,2,469.3,swap,acceptBad
773,14,10620.800000000001,2,469.3,swap,improve
774,14,10715.749999999998,2,469.3,swap,acceptBad
775,14,10715.749999999998,2,469.3,move,improve
776,14,10783.449999999999,2,469.3,swap,acceptBad
777,14,10231.8,2,469.3,move,improve
778,14,9980.949999999999,2,469.3,move,improve
779,14,9825.050000000001,2,469.3,swap,improve
780,14,9845.95,2,469.3,swap,acceptBad
781,14,9880.499999999998,2,469.3,2opt,acceptBad
782,14,9880.499999999998,2,469.3,2opt,improve
783,14,9301.7,2,469.3,move,improve
784,14,9330.900000000001,2,469.3,2opt,acceptBad
785,14,9257.7,2,469.3,2opt,improve
786,14,9179.000000000002,2,469.3,swap,improve
787,14,8902.85,2,469.3,move,improve
788,14,8902.85,2,469.3,move,improve
789,14,9125.849999999999,2,469.3,swap,acceptBad
790,14,9125.849999999999,2,469.3,move,improve
791,14,8904.55,2,469.3,move,improve
792,14,9007.15,2,469.3,swap,acceptBad
793,14,8617.95,2,469.3,move,improve
794,14,9819.05,2,469.3,swap,acceptBad
795,14,9817.9,2,469.3,swap,improve
796,14,9624.449999999999,2,469.3,move,improve
797,14,9365.699999999999,2,469.3,move,improve
798,14,9123.9,2,469.3,move,improve
799,14,10720.749999999998,2,469.3,swap,acceptBad
800,14,10720.749999999996,2,469.3,swap,improve
801,14,12789.9,2,469.3,swap,acceptBad
802,14,12789.9,2,469.3,2opt,notBad
803,15,15769.950000000003,2,469.3,2opt,acceptBad
804,15,15362.050000000005,2,469.3,2opt,improve
805,15,15433.850000000006,2,469.3,swap,acceptBad
806,15,15684.750000000007,2,469.3,2opt,acceptBad
807,15,14998.350000000008,2,469.3,move,improve
808,15,14996.400000000001,2,469.3,2opt,improve
809,15,14996.400000000001,2,469.3,2opt,notBad
810,15,14672.15,2,469.3,2opt,improve
811,15,14095.45,2,469.3,swap,improve
812,15,14193.7,2,469.3,2opt,acceptBad
813,14,11424.2,2,469.3,move,improve
814,14,11423.0,2,469.3,2opt,improve
815,14,11094.650000000003,2,469.3,move,improve
816,14,11127.950000000003,2,469.3,swap,acceptBad
817,14,10674.500000000002,2,469.3,move,improve
818,14,10674.500000000002,2,469.3,2opt,notBad
819,14,10674.500000000002,2,469.3,move,improve
820,14,10776.150000000003,2,469.3,swap,acceptBad
821,14,11245.000000000002,2,469.3,move,acceptBad
822,14,12165.550000000003,2,469.3,2opt,acceptBad
823,14,12353.3,2,469.3,swap,acceptBad
824,14,12379.600000000002,2,469.3,2opt,acceptBad
825,14,12254.900000000001,2,469.3,2opt,improve
826,14,12304.5,2,469.3,2opt,acceptBad
827,14,11651.700000000004,2,469.3,move,improve
828,14,11214.500000000002,2,469.3,swap,improve
829,14,11199.550000000001,2,469.3,swap,improve
830,14,11791.949999999999,2,469.3,2opt,acceptBad
831,14,11791.949999999999,2,469.3,move,improve
832,14,11666.65,2,469.3,swap,improve
833,14,12721.25,2,469.3,2opt,acceptBad
834,14,11421.8,2,469.3,move,improve
835,14,11243.35,2,469.3,move,improve
836,14,11243.35,2,469.3,move,improve
837,14,11258.7,2,469.3,2opt,acceptBad
838,14,11280.999999999998,2,469.3,swap,acceptBad
839,14,11189.449999999999,2,469.3,swap,improve
840,14,11205.400000000001,2,469.3,swap,acceptBad
841,14,11212.0,2,469.3,swap,acceptBad
842,14,10692.600000000002,2,469.3,move,improve
843,14,10624.700000000003,2,469.3,move,improve
844,14,10890.75,2,469.3,swap,acceptBad
845,14,10891.550000000001,2,469.3,2opt,acceptBad
846,14,10973.849999999999,2,469.3,2opt,acceptBad
847,15,14675.699999999995,2,469.3,2opt,acceptBad
848,15,14714.699999999993,2,469.3,swap,acceptBad
849,15,16194.14999999999,2,469.3,2opt,acceptBad
850,15,15598.699999999999,2,469.3,move,improve
851,15,15594.199999999999,2,469.3,swap,improve
852,15,15708.249999999989,2,469.3,2opt,acceptBad
853,15,16192.149999999987,2,469.3,swap,acceptBad
854,15,16172.999999999989,2,469.3,2opt,improve
855,15,14252.59999999999,2,469.3,move,improve
856,15,14418.949999999992,2,469.3,swap,acceptBad
857,15,15110.099999999997,2,469.3,swap,acceptBad
858,15,15798.999999999996,2,469.3,2opt,acceptBad
859,15,15793.349999999995,2,469.3,2opt,improve
860,15,15757.2,2,469.3,2opt,improve
861,15,14539.75,2,469.3,move,improve
862,15,14529.45,2,469.3,swap,improve
863,15,14783.0,2,469.3,swap,acceptBad
864,15,14523.799999999997,2,469.3,swap,improve
865,15,15784.900000000001,2,469.3,2opt,acceptBad
866,15,15638.85,2,469.3,swap,improve
867,15,15638.8,2,469.3,2opt,improve
868,15,15631.799999999997,2,469.3,2opt,improve
869,15,15526.0,2,469.3,swap,improve
870,15,14530.549999999996,2,469.3,swap,improve
871,15,14515.749999999996,2,469.3,swap,improve
872,15,15477.100000000002,2,469.3,swap,acceptBad
873,15,15477.100000000002,2,469.3,move,improve
874,15,15899.150000000005,2,469.3,swap,acceptBad
875,15,15897.250000000005,2,469.3,2opt,improve
876,15,15828.200000000003,2,469.3,swap,improve
877,15,15825.600000000004,2,469.3,2opt,improve
878,15,13914.3,2,469.3,move,improve
879,14,11879.449999999999,2,469.3,move,improve
880,14,11560.249999999998,2,469.3,move,improve
881,14,11560.249999999998,2,469.3,move,improve
882,14,11560.249999999998,2,469.3,2opt,improve
883,14,10919.999999999996,2,469.3,move,improve
884,14,10962.599999999997,2,469.3,swap,acceptBad
885,14,11305.199999999999,2,469.3,swap,acceptBad
886,14,11043.050000000003,2,469.3,move,improve
887,14,10856.0,2,469.3,swap,improve
888,14,10884.000000000002,2,469.3,swap,acceptBad
889,14,10737.5,2,469.3,move,improve
890,14,10780.499999999998,2,469.3,2opt,acceptBad
891,13,9765.0,2,469.3,2opt,improve
892,13,9698.399999999998,2,469.3,2opt,improve
893,13,9697.949999999997,2,469.3,2opt,improve
894,13,9100.949999999997,2,469.3,move,improve
895,13,9097.849999999997,2,469.3,swap,improve
896,13,9231.099999999999,2,469.3,swap,acceptBad
897,13,8575.300000000001,2,469.3,2opt,improve
898,14,11743.000000000004,2,469.3,2opt,acceptBad
899,13,10239.85,2,469.3,move,improve
900,13,10359.249999999996,2,469.3,swap,acceptBad
901,14,12882.199999999997,2,469.3,2opt,acceptBad
902,14,12882.199999999997,2,469.3,move,improve
903,14,13219.550000000003,2,469.3,swap,acceptBad
904,13,11975.349999999999,2,469.3,2opt,improve
905,13,11656.149999999998,2,469.3,move,improve
906,13,11673.499999999996,2,469.3,swap,acceptBad
907,13,11633.299999999997,2,469.3,swap,improve
908,13,12332.499999999998,2,469.3,swap,acceptBad
909,13,12343.949999999999,2,469.3,swap,acceptBad
910,13,12322.0,2,469.3,2opt,improve
911,13,11801.699999999997,2,469.3,move,improve
912,13,10669.150000000001,2,469.3,move,improve
913,13,10651.45,2,469.3,2opt,improve
914,13,9516.2,2,469.3,move,improve
915,13,9550.550000000003,2,469.3,2opt,acceptBad
916,13,9568.250000000004,2,469.3,2opt,acceptBad
917,13,10267.700000000003,2,469.3,swap,acceptBad
918,13,10259.15,2,469.3,swap,improve
919,13,9029.649999999998,2,469.3,move,improve
920,13,9030.8,2,469.3,2opt,acceptBad
921,13,10759.200000000003,2,469.3,swap,acceptBad
922,13,11549.199999999999,2,469.3,swap,acceptBad
923,13,11549.199999999999,2,469.3,move,improve
924,13,10567.650000000001,2,469.3,move,improve
925,13,10622.550000000001,2,469.3,swap,acceptBad
926,13,10302.500000000002,2,469.3,move,improve
927,13,10302.500000000002,2,469.3,2opt,notBad
928,13,9187.749999999998,2,469.3,move,improve
929,13,9907.95,2,469.3,swap,acceptBad
930,13,10334.050000000005,2,469.3,swap,acceptBad
931,13,10316.900000000003,2,469.3,swap,improve
932,13,10316.0,2,469.3,2opt,improve
933,13,10329.149999999998,2,469.3,2opt,acceptBad
934,13,9665.65,2,469.3,swap,improve
935,13,9610.75,2,469.3,swap,improve
936,13,9566.250000000004,2,469.3,swap,improve
937,13,9515.400000000003,2,469.3,swap,improve
938,13,8310.300000000003,2,469.3,move,improve
939,13,8333.100000000002,2,469.3,swap,acceptBad
940,13,8369.600000000002,2,469.3,swap,acceptBad
941,13,9386.9,2,469.3,swap,acceptBad
942,13,9373.75,2,469.3,swap,improve
943,13,9355.799999999997,2,469.3,swap,improve
944,13,10778.899999999998,2,469.3,2opt,acceptBad
945,13,9337.499999999996,2,469.3,2opt,improve
946,13,9840.25,2,469.3,swap,acceptBad
947,13,9964.45,2,469.3,swap,acceptBad
948,13,9365.449999999999,2,469.3,2opt,improve
949,13,9315.8,2,469.3,swap,improve
950,13,8592.4,2,469.3,move,improve
951,13,8592.4,2,469.3,2opt,notBad
952,13,8775.5,2,469.3,swap,acceptBad
953,13,8283.95,2,469.3,move,improve
954,13,10292.75,2,469.3,2opt,acceptBad
955,13,10349.399999999996,2,469.3,2opt,acceptBad
956,13,8203.199999999999,2,469.3,move,improve
957,13,8122.750000000002,2,469.3,move,improve
958,13,8203.400000000001,2,469.3,swap,acceptBad
959,13,10650.900000000003,2,469.3,swap,acceptBad
960,13,10284.050000000001,2,469.3,2opt,improve
961,13,10279.850000000002,2,469.3,swap,improve
962,13,10280.650000000001,2,469.3,swap,acceptBad
963,13,11127.450000000004,2,469.3,2opt,acceptBad
964,13,11079.350000000002,2,469.3,2opt,improve
965,13,11260.6,2,469.3,swap,acceptBad
966,14,12268.7,2,469.3,2opt,acceptBad
967,14,11379.25,2,469.3,swap,improve
968,14,11483.700000000004,2,469.3,swap,acceptBad
969,14,11521.499999999998,2,469.3,2opt,acceptBad
970,14,11520.200000000004,2,469.3,2opt,improve
971,14,10912.600000000002,2,469.3,move,improve
972,14,10617.700000000003,2,469.3,2opt,improve
973,14,10234.500000000002,2,469.3,swap,improve
974,14,10835.199999999997,2,469.3,2opt,acceptBad
975,14,10275.8,2,469.3,move,improve
976,14,10436.000000000002,2,469.3,2opt,acceptBad
977,14,10265.349999999997,2,469.3,move,improve
978,14,10325.65,2,469.3,2opt,acceptBad
979,14,10326.049999999996,2,469.3,2opt,acceptBad
980,15,13319.85,2,469.3,2opt,acceptBad
981,15,12905.6,2,469.3,move,improve
982,15,12865.350000000002,2,469.3,swap,improve
983,15,12497.950000000003,2,469.3,move,improve
984,15,12497.950000000003,2,469.3,2opt,notBad
985,15,12622.150000000001,2,469.3,swap,acceptBad
986,15,12622.150000000001,2,469.3,move,improve
987,15,12622.150000000001,2,469.3,2opt,improve
988,15,12602.500000000002,2,469.3,swap,improve
989,15,12949.85,2,469.3,2opt,acceptBad
990,15,12066.65,2,469.3,move,improve
991,15,12083.35,2,469.3,swap,acceptBad
992,15,11608.099999999999,2,469.3,move,improve
993,15,11335.299999999997,2,469.3,move,improve
994,15,11305.799999999997,2,469.3,move,improve
995,15,11836.849999999999,2,469.3,swap,acceptBad
996,15,13127.849999999997,2,469.3,swap,acceptBad
997,15,12453.599999999997,2,469.3,move,improve
998,15,12455.299999999996,2,469.3,swap,acceptBad
999,15,13902.550000000003,2,469.3,swap,acceptBad
1000,15,12303.449999999997,2,469.3,move,improve
1001,15,12358.1,2,469.3,swap,acceptBad
1002,15,12966.750000000007,2,469.3,2opt,acceptBad
1003,15,12973.650000000003,2,469.3,2opt,acceptBad
1004,15,13075.350000000004,2,469.3,2opt,acceptBad
1005,15,12173.350000000004,2,469.3,move,improve
1006,15,13628.450000000003,2,469.3,swap,acceptBad
1007,15,13835.650000000001,2,469.3,2opt,acceptBad
1008,15,13505.300000000003,2,469.3,move,improve
1009,15,15265.2,2,469.3,2opt,acceptBad
1010,15,14780.05,2,469.3,move,improve
1011,15,14780.05,2,469.3,2opt,notBad
1012,15,14461.799999999997,2,469.3,move,improve
1013,15,14912.549999999997,2,469.3,2opt,acceptBad
1014,15,15219.499999999998,2,469.3,swap,acceptBad
1015,15,14672.800000000003,2,469.3,move,improve
1016,15,15617.100000000004,2,469.3,2opt,acceptBad
1017,15,15638.650000000001,2,469.3,2opt,acceptBad
1018,15,16580.550000000003,2,469.3,swap,acceptBad
1019,15,15377.450000000003,2,469.3,move,improve
1020,15,13926.35,2,469.3,swap,improve
1021,15,13804.900000000005,2,469.3,swap,improve
1022,15,13779.850000000006,2,469.3,swap,improve
1023,15,13779.850000000006,2,469.3,2opt,notBad
1024,15,12948.500000000004,2,469.3,move,improve
1025,15,12929.550000000005,2,469.3,2opt,improve
1026,15,12931.599999999995,2,469.3,2opt,acceptBad
1027,15,12931.599999999995,2,469.3,2opt,notBad
1028,15,12931.599999999995,2,469.3,2opt,notBad
1029,15,12876.449999999992,2,469.3,move,improve
1030,15,12891.449999999992,2,469.3,swap,acceptBad
1031,15,12524.499999999996,2,469.3,move,improve
1032,15,12523.449999999995,2,469.3,swap,improve
1033,15,12523.24999999999,2,469.3,2opt,improve
1034,15,12523.24999999999,2,469.3,2opt,improve
1035,15,12523.449999999992,2,469.3,swap,acceptBad
1036,15,12542.849999999991,2,469.3,2opt,acceptBad
1037,15,12565.149999999992,2,469.3,swap,acceptBad
1038,15,12658.449999999993,2,469.3,swap,acceptBad
1039,15,12612.299999999997,2,469.3,2opt,improve
1040,16,14372.849999999991,2,469.3,2opt,acceptBad
1041,16,15070.949999999997,2,469.3,2opt,acceptBad
1042,16,14825.499999999996,2,469.3,move,improve
1043,16,14867.849999999997,2,469.3,2opt,acceptBad
1044,16,14675.799999999996,2,469.3,move,improve
1045,16,14844.899999999998,2,469.3,2opt,acceptBad
1046,16,16419.1,2,469.3,swap,acceptBad
1047,16,15780.699999999993,2,469.3,move,improve
1048,16,15171.799999999994,2,469.3,swap,improve
1049,16,15293.599999999993,2,469.3,swap,acceptBad
1050,16,15134.649999999992,2,469.3,swap,improve
1051,16,15167.849999999991,2,469.3,2opt,acceptBad
1052,16,16664.44999999999,2,469.3,swap,acceptBad
1053,16,16566.299999999992,2,469.3,swap,improve
1054,16,16566.299999999992,2,469.3,2opt,improve
1055,16,16968.349999999995,2,469.3,2opt,acceptBad
1056,16,15522.400000000001,2,469.3,move,improve
1057,16,15402.3,2,469.3,swap,improve
1058,16,15402.3,2,469.3,move,improve
1059,16,15061.849999999999,2,469.3,2opt,improve
1060,16,14890.949999999997,2,469.3,swap,improve
1061,16,14890.949999999997,2,469.3,move,improve
1062,16,14134.899999999998,2,469.3,move,improve
1063,16,14134.899999999998,2,469.3,move,improve
1064,16,14134.899999999998,2,469.3,2opt,improve
1065,16,14102.249999999996,2,469.3,swap,improve
1066,16,13973.85,2,469.3,2opt,improve
1067,16,13023.849999999995,2,469.3,move,improve
1068,16,13171.699999999995,2,469.3,swap,acceptBad
1069,16,13124.749999999993,2,469.3,2opt,improve
1070,16,12965.849999999997,2,469.3,move,improve
1071,16,12603.650000000001,2,469.3,swap,improve
1072,16,12603.650000000001,2,469.3,move,improve
1073,16,13178.950000000004,2,469.3,swap,acceptBad
1074,16,13196.550000000005,2,469.3,swap,acceptBad
1075,16,13196.550000000005,2,469.3,2opt,notBad
1076,16,13204.450000000006,2,469.3,2opt,acceptBad
1077,16,13366.349999999999,2,469.3,2opt,acceptBad
1078,16,13381.20000000001,2,469.3,2opt,acceptBad
1079,16,13394.400000000003,2,469.3,2opt,acceptBad
1080,16,13068.95,2,469.3,move,improve
1081,16,13325.399999999998,2,469.3,2opt,acceptBad
1082,16,13312.949999999999,2,469.3,2opt,improve
1083,16,12863.450000000003,2,469.3,move,improve
1084,16,12275.650000000001,2,469.3,move,improve
1085,16,12298.950000000003,2,469.3,swap,acceptBad
1086,16,12333.55,2,469.3,2opt,acceptBad
1087,16,13426.45,2,469.3,2opt,acceptBad
1088,16,12826.699999999999,2,469.3,move,improve
1089,16,12826.699999999999,2,469.3,2opt,notBad
1090,16,12826.699999999999,2,469.3,2opt,notBad
1091,16,12868.900000000001,2,469.3,swap,acceptBad
1092,16,12818.249999999998,2,469.3,swap,improve
1093,16,13962.750000000004,2,469.3,2opt,acceptBad
1094,16,14006.350000000004,2,469.3,swap,acceptBad
1095,16,14006.700000000004,2,469.3,2opt,acceptBad
1096,16,13723.400000000003,2,469.3,2opt,improve
1097,16,13857.400000000003,2,469.3,swap,acceptBad
1098,16,13787.399999999998,2,469.3,2opt,improve
1099,16,13702.399999999998,2,469.3,swap,improve
1100,15,11128.399999999996,2,469.3,move,improve
1101,15,12981.599999999999,2,469.3,swap,acceptBad
1102,15,13166.549999999996,2,469.3,2opt,acceptBad
1103,15,12825.349999999995,2,469.3,move,improve
1104,15,12024.350000000002,2,469.3,move,improve
1105,15,12026.050000000001,2,469.3,swap,acceptBad
1106,15,11660.9,2,469.3,move,improve
1107,15,11660.9,2,469.3,2opt,notBad
1108,15,11684.950000000003,2,469.3,swap,acceptBad
1109,15,11684.850000000002,2,469.3,2opt,improve
1110,15,13897.649999999996,2,469.3,swap,acceptBad
1111,15,13904.649999999994,2,469.3,swap,acceptBad
1112,15,13904.649999999994,2,469.3,2opt,improve
1113,15,13462.649999999998,2,469.3,2opt,improve
1114,15,13462.649999999998,2,469.3,2opt,notBad
1115,15,13503.1,2,469.3,swap,acceptBad
1116,15,13156.550000000003,2,469.3,move,improve
1117,15,11481.050000000003,2,469.3,move,improve
1118,15,11496.650000000003,2,469.3,swap,acceptBad
1119,15,11493.650000000005,2,469.3,swap,improve
1120,15,11494.900000000005,2,469.3,2opt,acceptBad
1121,15,11142.449999999999,2,469.3,move,improve
1122,15,11783.549999999994,2,469.3,2opt,acceptBad
1123,15,11085.349999999995,2,469.3,move,improve
1124,15,11072.799999999996,2,469.3,swap,improve
1125,15,11072.799999999996,2,469.3,2opt,notBad
1126,15,11535.249999999996,2,469.3,2opt,acceptBad
1127,15,12434.949999999999,2,469.3,swap,acceptBad
1128,15,13062.1,2,469.3,swap,acceptBad
1129,15,13062.1,2,469.3,move,improve
1130,15,13068.750000000004,2,469.3,swap,acceptBad
1131,15,13112.35,2,469.3,2opt,acceptBad
1132,15,12464.5,2,469.3,move,improve
1133,15,13044.350000000002,2,469.3,2opt,acceptBad
1134,15,11731.199999999999,2,469.3,move,improve
1135,15,12295.149999999998,2,469.3,swap,acceptBad
1136,15,11726.25,2,469.3,move,improve
1137,15,11410.549999999997,2,469.3,move,improve
1138,14,10342.599999999999,2,469.3,2opt,improve
1139,14,10122.099999999999,2,469.3,swap,improve
1140,14,9514.349999999999,2,469.3,swap,improve
1141,14,9511.849999999999,2,469.3,2opt,improve
1142,13,8463.1,2,469.3,2opt,improve
1143,13,8466.25,2,469.3,swap,acceptBad
1144,13,8233.85,2,469.3,swap,improve
1145,13,8227.4,2,469.3,swap,improve
1146,13,9398.199999999997,2,469.3,swap,acceptBad
1147,13,9398.199999999997,2,469.3,2opt,notBad
1148,13,9571.9,2,469.3,2opt,acceptBad
1149,13,9361.0,2,469.3,2opt,improve
1150,13,9802.450000000003,2,469.3,2opt,acceptBad
1151,13,9825.750000000002,2,469.3,swap,acceptBad
1152,13,9829.199999999999,2,469.3,swap,acceptBad
1153,13,9860.8,2,469.3,swap,acceptBad
1154,13,9860.8,2,469.3,2opt,improve
1155,13,10978.9,2,469.3,swap,acceptBad
1156,13,10925.15,2,469.3,swap,improve
1157,13,10993.3,2,469.3,swap,acceptBad
1158,13,10993.3,2,469.3,2opt,improve
1159,13,10693.700000000004,2,469.3,move,improve
1160,13,10218.050000000001,2,469.3,move,improve
1161,13,10218.050000000001,2,469.3,2opt,notBad
1162,13,10333.150000000001,2,469.3,swap,acceptBad
1163,13,10333.150000000001,2,469.3,2opt,improve
1164,13,10042.150000000001,2,469.3,move,improve
1165,13,9694.749999999998,2,469.3,move,improve
1166,13,9710.65,2,469.3,2opt,acceptBad
1167,13,10376.399999999998,2,469.3,2opt,acceptBad
1168,13,10376.399999999998,2,469.3,2opt,notBad
1169,13,10357.349999999999,2,469.3,swap,improve
1170,13,10211.6,2,469.3,swap,improve
1171,13,10211.6,2,469.3,move,improve
1172,13,10211.6,2,469.3,2opt,notBad
1173,13,10211.6,2,469.3,2opt,notBad
1174,13,10211.6,2,469.3,2opt,notBad
1175,13,10571.2,2,469.3,2opt,acceptBad
1176,13,11039.300000000003,2,469.3,swap,acceptBad
1177,13,10620.300000000001,2,469.3,swap,improve
1178,13,10334.399999999998,2,469.3,move,improve
1179,13,10001.4,2,469.3,move,improve
1180,13,9808.95,2,469.3,2opt,improve
1181,13,9551.300000000003,2,469.3,swap,improve
1182,13,9248.450000000003,2,469.3,move,improve
1183,13,9248.450000000003,2,469.3,move,improve
1184,13,9430.2,2,469.3,swap,acceptBad
1185,13,9431.8,2,469.3,swap,acceptBad
1186,13,9051.8,2,469.3,move,improve
1187,13,8959.8,2,469.3,2opt,improve
1188,13,9317.499999999998,2,469.3,swap,acceptBad
1189,13,9098.0,2,469.3,move,improve
1190,13,8725.75,2,469.3,swap,improve
1191,12,7396.45,2,469.3,move,improve
1192,12,8105.049999999997,2,469.3,2opt,acceptBad
1193,12,8091.25,2,469.3,2opt,improve
1194,12,8303.649999999998,2,469.3,2opt,acceptBad
1195,12,8275.699999999999,2,469.3,2opt,improve
1196,12,8308.849999999999,2,469.3,2opt,acceptBad
1197,12,7621.049999999999,2,469.3,move,improve
1198,12,7621.950000000001,2,469.3,2opt,acceptBad
1199,12,7896.299999999999,2,469.3,2opt,acceptBad
1200,12,7456.049999999999,2,469.3,move,improve
1201,12,8190.899999999999,2,469.3,swap,acceptBad
1202,12,8186.8499999999985,2,469.3,swap,improve
1203,12,8018.799999999999,2,469.3,move,improve
1204,12,7299.450000000002,2,469.3,2opt,improve
1205,12,7500.650000000002,2,469.3,swap,acceptBad
1206,12,7459.800000000002,2,469.3,swap,improve
1207,12,7163.900000000002,2,469.3,move,improve
1208,12,7155.050000000002,2,469.3,2opt,improve
1209,12,7170.850000000002,2,469.3,2opt,acceptBad
1210,12,7157.450000000002,2,469.3,2opt,improve
1211,12,6826.700000000002,2,469.3,move,improve
1212,12,6712.100000000001,2,469.3,move,improve
1213,12,6761.4000000000015,2,469.3,2opt,acceptBad
1214,12,6761.4000000000015,2,469.3,move,improve
1215,12,6761.050000000001,2,469.3,swap,improve
1216,12,6749.850000000001,2,469.3,move,improve
1217,12,7089.500000000002,2,469.3,2opt,acceptBad
1218,12,7042.350000000002,2,469.3,swap,improve
1219,12,7043.950000000002,2,469.3,2opt,acceptBad
1220,12,6691.200000000003,2,469.3,move,improve
1221,12,7302.1,2,469.3,swap,acceptBad
1222,12,7302.1,2,469.3,move,improve
1223,12,6675.500000000003,2,469.3,move,improve
1224,12,7193.150000000001,2,469.3,2opt,acceptBad
1225,12,7193.150000000001,2,469.3,2opt,notBad
1226,12,6687.5,2,469.3,move,improve
1227,12,6687.5,2,469.3,2opt,notBad
1228,12,7296.400000000002,2,469.3,2opt,acceptBad
1229,12,6855.250000000002,2,469.3,move,improve
1230,12,6946.700000000001,2,469.3,swap,acceptBad
1231,12,6946.700000000001,2,469.3,move,improve
1232,12,7042.55,2,469.3,2opt,acceptBad
1233,12,7513.4,2,469.3,2opt,acceptBad
1234,12,8037.800000000001,2,469.3,swap,acceptBad
1235,12,7457.75,2,469.3,move,improve
1236,12,7766.250000000002,2,469.3,swap,acceptBad
1237,12,7600.099999999999,2,469.3,2opt,improve
1238,12,7209.55,2,469.3,move,improve
1239,12,7209.55,2,469.3,move,improve
1240,12,6870.9,2,469.3,move,improve
1241,12,6524.249999999999,2,469.3,move,improve
1242,12,6524.249999999999,2,469.3,move,improve
1243,12,6490.549999999998,2,469.3,move,improve
1244,12,6472.299999999999,2,469.3,2opt,improve
1245,12,6472.299999999999,2,469.3,move,improve
1246,12,6752.600000000001,2,469.3,swap,acceptBad
1247,12,6466.250000000002,2,469.3,move,improve
1248,12,7121.199999999999,2,469.3,2opt,acceptBad
1249,12,7121.9,2,469.3,2opt,acceptBad
1250,12,7086.85,2,469.3,swap,improve
1251,12,7072.850000000001,2,469.3,swap,improve
1252,12,7027.050000000001,2,469.3,2opt,improve
1253,12,6792.950000000001,2,469.3,swap,improve
1254,12,7270.000000000002,2,469.3,swap,acceptBad
1255,12,6983.900000000001,2,469.3,move,improve
1256,12,6983.900000000001,2,469.3,move,improve
1257,12,6960.400000000001,2,469.3,move,improve
1258,12,6946.6,2,469.3,swap,improve
1259,12,7417.300000000001,2,469.3,swap,acceptBad
1260,12,7610.15,2,469.3,swap,acceptBad
1261,12,8435.650000000001,2,469.3,swap,acceptBad
1262,12,8627.1,2,469.3,2opt,acceptBad
1263,12,8607.6,2,469.3,swap,improve
1264,12,8740.099999999999,2,469.3,2opt,acceptBad
1265,12,8738.699999999999,2,469.3,2opt,improve
1266,12,8589.55,2,469.3,swap,improve
1267,12,8594.849999999999,2,469.3,swap,acceptBad
1268,12,8429.749999999998,2,469.3,move,improve
1269,12,8429.749999999998,2,469.3,move,improve
1270,12,8410.15,2,469.3,move,improve
1271,12,8410.15,2,469.3,2opt,improve
1272,12,8385.7,2,469.3,2opt,improve
1273,12,8385.7,2,469.3,2opt,notBad
1274,12,8206.95,2,469.3,swap,improve
1275,12,8476.650000000001,2,469.3,swap,acceptBad
1276,12,8219.800000000001,2,469.3,move,improve
1277,12,8124.800000000001,2,469.3,move,improve
1278,12,8312.250000000004,2,469.3,swap,acceptBad
1279,12,10023.999999999996,2,469.3,swap,acceptBad
1280,12,10031.25,2,469.3,2opt,acceptBad
1281,12,10783.95,2,469.3,swap,acceptBad
1282,12,8874.500000000002,2,469.3,move,improve
1283,12,8467.000000000002,2,469.3,move,improve
1284,12,8467.000000000002,2,469.3,2opt,notBad
1285,12,7415.1,2,469.3,move,improve
1286,12,7415.1,2,469.3,2opt,notBad
1287,12,8322.349999999999,2,469.3,swap,acceptBad
1288,12,8793.2,2,469.3,2opt,acceptBad
1289,12,8511.700000000003,2,469.3,move,improve
1290,12,8511.700000000003,2,469.3,move,improve
1291,12,8225.95,2,469.3,move,improve
1292,12,8179.900000000001,2,469.3,2opt,improve
1293,12,8179.900000000001,2,469.3,2opt,notBad
1294,12,8336.400000000001,2,469.3,swap,acceptBad
1295,12,8337.000000000002,2,469.3,swap,acceptBad
1296,12,8324.450000000003,2,469.3,swap,improve
1297,12,8381.500000000002,2,469.3,swap,acceptBad
1298,12,8229.25,2,469.3,2opt,improve
1299,12,8229.25,2,469.3,2opt,notBad
1300,12,8331.65,2,469.3,swap,acceptBad
1301,12,8373.15,2,469.3,swap,acceptBad
1302,12,8309.599999999999,2,469.3,2opt,improve
1303,12,7800.649999999999,2,469.3,move,improve
1304,12,7825.049999999998,2,469.3,swap,acceptBad
1305,12,7825.049999999998,2,469.3,2opt,notBad
1306,12,7825.049999999998,2,469.3,2opt,notBad
1307,12,7842.0999999999985,2,469.3,swap,acceptBad
1308,12,7556.849999999997,2,469.3,move,improve
1309,12,7887.799999999997,2,469.3,swap,acceptBad
1310,12,7631.449999999998,2,469.3,move,improve
1311,12,7631.449999999998,2,469.3,2opt,notBad
1312,12,7542.5,2,469.3,move,improve
1313,12,7213.099999999998,2,469.3,2opt,improve
1314,12,7213.099999999998,2,469.3,move,improve
1315,12,7144.149999999999,2,469.3,swap,improve
1316,12,7004.3499999999985,2,469.3,2opt,improve
1317,12,7153.749999999999,2,469.3,swap,acceptBad
1318,12,7153.749999999999,2,469.3,2opt,notBad
1319,12,7217.299999999999,2,469.3,swap,acceptBad
1320,12,7217.299999999999,2,469.3,2opt,notBad
1321,12,7217.299999999999,2,469.3,2opt,notBad
1322,12,7281.249999999998,2,469.3,2opt,acceptBad
1323,12,7281.249999999998,2,469.3,2opt,improve
1324,12,7268.599999999998,2,469.3,swap,improve
1325,12,7030.199999999999,2,469.3,move,improve
1326,12,7030.199999999999,2,469.3,move,improve
1327,12,6891.95,2,469.3,swap,improve
1328,12,6891.95,2,469.3,move,improve
1329,12,6891.95,2,469.3,move,improve
1330,12,6329.949999999999,2,469.3,move,improve
1331,12,6416.849999999999,2,469.3,2opt,acceptBad
1332,12,6416.849999999999,2,469.3,move,improve
1333,12,6416.849999999999,2,469.3,2opt,notBad
1334,12,8207.1,2,469.3,swap,acceptBad
1335,12,9060.300000000001,2,469.3,2opt,acceptBad
1336,12,9061.650000000001,2,469.3,swap,acceptBad
1337,12,9061.650000000001,2,469.3,2opt,improve
1338,11,7263.1,2,469.3,2opt,improve
1339,11,6665.149999999999,2,469.3,move,improve
1340,11,6665.149999999999,2,469.3,move,improve
1341,11,6665.149999999999,2,469.3,2opt,notBad
1342,11,5715.999999999999,2,469.3,2opt,improve
1343,11,5715.999999999999,2,469.3,2opt,improve
1344,11,5737.799999999999,2,469.3,swap,acceptBad
1345,11,5703.399999999998,2,469.3,swap,improve
1346,11,5834.699999999999,2,469.3,swap,acceptBad
1347,11,5768.35,2,469.3,2opt,improve
1348,11,5768.35,2,469.3,move,improve
1349,11,5768.35,2,469.3,move,improve
1350,11,5669.6,2,469.3,move,improve
1351,11,5663.6500000000015,2,469.3,move,improve
1352,11,5359.5,2,469.3,move,improve
1353,11,4988.400000000001,2,469.3,move,improve
1354,11,5622.150000000001,2,469.3,swap,acceptBad
1355,11,5584.8,2,469.3,swap,improve
1356,11,5407.6,2,469.3,swap,improve
1357,11,5426.15,2,469.3,swap,acceptBad
1358,11,5333.150000000001,2,469.3,swap,improve
1359,11,5260.950000000001,2,469.3,swap,improve
1360,11,5538.75,2,469.3,2opt,acceptBad
1361,11,5520.75,2,469.3,move,improve
1362,11,5268.200000000001,2,469.3,move,improve
1363,11,5268.200000000001,2,469.3,2opt,notBad
1364,11,5283.0,2,469.3,swap,acceptBad
1365,11,5283.0,2,469.3,2opt,notBad
1366,11,5440.450000000001,2,469.3,2opt,acceptBad
1367,11,5613.65,2,469.3,2opt,acceptBad
1368,11,5625.9,2,469.3,2opt,acceptBad
1369,11,5625.9,2,469.3,move,improve
1370,11,5589.099999999999,2,469.3,move,improve
1371,11,5143.099999999999,2,469.3,move,improve
1372,11,5550.299999999999,2,469.3,swap,acceptBad
1373,11,5047.1,2,469.3,move,improve
1374,11,5031.5,2,469.3,swap,improve
1375,11,5031.5,2,469.3,move,improve
1376,11,4852.35,2,469.3,swap,improve
1377,11,5108.9000000000015,2,469.3,2opt,acceptBad
1378,11,5146.700000000001,2,469.3,swap,acceptBad
1379,11,5043.450000000001,2,469.3,2opt,improve
1380,11,5151.8,2,469.3,2opt,acceptBad
1381,11,5165.0,2,469.3,2opt,acceptBad
1382,11,5165.0,2,469.3,2opt,notBad
1383,11,5165.0,2,469.3,move,improve
1384,11,5161.05,2,469.3,swap,improve
1385,11,5130.7,2,469.3,move,improve
1386,11,5000.0,2,469.3,move,improve
1387,11,5000.0,2,469.3,move,improve
1388,11,5039.45,2,469.3,swap,acceptBad
1389,11,5039.45,2,469.3,move,improve
1390,11,6010.849999999999,2,469.3,2opt,acceptBad
1391,11,6010.849999999999,2,469.3,2opt,notBad
1392,11,5756.95,2,469.3,2opt,improve
1393,11,5236.85,2,469.3,move,improve
1394,11,5230.55,2,469.3,swap,improve
1395,11,5230.55,2,469.3,move,improve
1396,11,5232.3499999999985,2,469.3,swap,acceptBad
1397,11,5226.949999999999,2,469.3,2opt,improve
1398,11,4819.8499999999985,2,469.3,move,improve
1399,11,4904.249999999998,2,469.3,2opt,acceptBad
1400,11,4667.049999999998,2,469.3,move,improve
1401,11,5059.249999999999,2,469.3,2opt,acceptBad
1402,11,4751.149999999999,2,469.3,move,improve
1403,11,4751.149999999999,2,469.3,2opt,notBad
1404,11,4743.799999999999,2,469.3,swap,improve
1405,11,4743.799999999999,2,469.3,move,improve
1406,11,5053.9,2,469.3,swap,acceptBad
1407,11,5053.9,2,469.3,move,improve
1408,11,5048.299999999999,2,469.3,swap,improve
1409,11,5113.699999999999,2,469.3,swap,acceptBad
1410,11,5643.950000000001,2,469.3,swap,acceptBad
1411,11,5693.650000000001,2,469.3,swap,acceptBad
1412,11,5691.900000000001,2,469.3,swap,improve
1413,11,5279.85,2,469.3,swap,improve
1414,11,5279.85,2,469.3,move,improve
1415,11,5233.95,2,469.3,move,improve
1416,11,5252.35,2,469.3,2opt,acceptBad
1417,11,5285.599999999999,2,469.3,swap,acceptBad
1418,11,5285.599999999999,2,469.3,2opt,notBad
1419,11,5228.899999999999,2,469.3,move,improve
1420,11,5668.5999999999985,2,469.3,swap,acceptBad
1421,11,5685.5999999999985,2,469.3,swap,acceptBad
1422,11,5507.499999999999,2,469.3,move,improve
1423,11,5672.8499999999985,2,469.3,2opt,acceptBad
1424,11,5686.15,2,469.3,2opt,acceptBad
1425,11,5555.299999999999,2,469.3,move,improve
1426,11,5555.299999999999,2,469.3,2opt,improve
1427,11,6065.150000000001,2,469.3,swap,acceptBad
1428,11,6065.150000000001,2,469.3,swap,notBad
1429,11,6292.049999999999,2,469.3,swap,acceptBad
1430,11,6242.949999999999,2,469.3,swap,improve
1431,11,6243.849999999999,2,469.3,2opt,acceptBad
1432,11,6243.599999999999,2,469.3,2opt,improve
1433,11,5816.199999999999,2,469.3,move,improve
1434,11,5843.8,2,469.3,2opt,acceptBad
1435,11,5843.8,2,469.3,2opt,notBad
1436,11,5794.25,2,469.3,move,improve
1437,11,5746.15,2,469.3,swap,improve
1438,11,5367.0,2,469.3,swap,improve
1439,11,5368.349999999999,2,469.3,swap,acceptBad
1440,11,5121.75,2,469.3,move,improve
1441,11,5065.8499999999985,2,469.3,move,improve
1442,11,4952.399999999999,2,469.3,move,improve
1443,11,5000.449999999999,2,469.3,2opt,acceptBad
1444,11,4903.049999999998,2,469.3,move,improve
1445,11,4903.049999999998,2,469.3,move,improve
1446,11,4986.299999999999,2,469.3,swap,acceptBad
1447,11,4780.5,2,469.3,move,improve
1448,11,4760.95,2,469.3,move,improve
1449,11,4760.95,2,469.3,2opt,notBad
1450,11,4713.2,2,469.3,move,improve
1451,11,4713.2,2,469.3,2opt,notBad
1452,11,4713.2,2,469.3,2opt,notBad
1453,11,4740.9,2,469.3,swap,acceptBad
1454,11,4649.9,2,469.3,move,improve
1455,11,4649.9,2,469.3,2opt,notBad
1456,11,4649.9,2,469.3,2opt,notBad
1457,11,4796.2,2,469.3,2opt,acceptBad
1458,11,4796.2,2,469.3,2opt,notBad
1459,11,4697.45,2,469.3,move,improve
1460,11,4687.0,2,469.3,move,improve
1461,11,4663.999999999999,2,469.3,move,improve
1462,11,5249.549999999999,2,469.3,swap,acceptBad
1463,11,5249.549999999999,2,469.3,2opt,notBad
1464,11,5249.549999999999,2,469.3,move,improve
1465,11,5238.65,2,469.3,2opt,improve
1466,11,4981.65,2,469.3,move,improve
1467,10,4003.2499999999995,2,469.3,move,improve
1468,10,4003.2499999999995,2,469.3,2opt,improve
1469,10,3992.3500000000004,2,469.3,swap,improve
1470,10,3992.3500000000004,2,469.3,2opt,notBad
1471,10,4090.6499999999996,2,469.3,2opt,acceptBad
1472,10,4107.799999999999,2,469.3,2opt,acceptBad
1473,10,4112.0,2,469.3,swap,acceptBad
1474,10,4009.0,2,469.3,move,improve
1475,10,3992.1499999999996,2,469.3,move,improve
1476,10,3992.1499999999996,2,469.3,2opt,notBad
1477,10,3905.3500000000004,2,469.3,2opt,improve
1478,10,5221.650000000001,2,469.3,swap,acceptBad
1479,10,5212.450000000001,2,469.3,swap,improve
1480,10,4356.45,2,469.3,move,improve
1481,10,4327.5,2,469.3,swap,improve
1482,10,4263.65,2,469.3,2opt,improve
1483,10,4349.35,2,469.3,swap,acceptBad
1484,10,3784.6000000000013,2,469.3,move,improve
1485,10,3784.6000000000013,2,469.3,move,improve
1486,10,3784.6000000000013,2,469.3,2opt,improve
1487,10,3608.6500000000005,2,469.3,move,improve
1488,10,3608.6500000000005,2,469.3,move,improve
1489,10,3606.8,2,469.3,swap,improve
1490,10,3609.0,2,469.3,swap,acceptBad
1491,10,3342.4,2,469.3,move,improve
1492,10,3565.55,2,469.3,swap,acceptBad
1493,10,3565.55,2,469.3,2opt,notBad
1494,10,3445.15,2,469.3,move,improve
1495,10,3617.000000000001,2,469.3,2opt,acceptBad
1496,10,3617.000000000001,2,469.3,2opt,notBad
1497,10,3462.0500000000006,2,469.3,swap,improve
1498,10,3306.4000000000005,2,469.3,move,improve
1499,10,3124.1000000000004,2,469.3,move,improve
1500,10,3107.500000000001,2,469.3,swap,improve
1501,10,3226.2,2,469.3,2opt,acceptBad
1502,10,3022.2999999999997,2,469.3,move,improve
1503,10,3021.0999999999995,2,469.3,move,improve
1504,10,3021.0999999999995,2,469.3,2opt,notBad
1505,10,3062.5,2,469.3,swap,acceptBad
1506,10,3062.5,2,469.3,move,improve
1507,10,3062.5,2,469.3,2opt,notBad
1508,10,3167.5,2,469.3,2opt,acceptBad
1509,10,3533.8999999999996,2,469.3,swap,acceptBad
1510,10,3533.8999999999996,2,469.3,2opt,notBad
1511,10,3575.8500000000004,2,469.3,swap,acceptBad
1512,10,3995.800000000001,2,469.3,swap,acceptBad
1513,10,3995.800000000001,2,469.3,2opt,notBad
1514,10,3986.250000000001,2,469.3,swap,improve
1515,10,4008.0999999999995,2,469.3,2opt,acceptBad
1516,10,3593.3,2,469.3,2opt,improve
1517,10,3654.25,2,469.3,swap,acceptBad
1518,10,3738.4000000000005,2,469.3,swap,acceptBad
1519,10,3738.4000000000005,2,469.3,move,improve
1520,10,4428.25,2,469.3,swap,acceptBad
1521,10,4440.1,2,469.3,2opt,acceptBad
1522,10,4699.95,2,469.3,swap,acceptBad
1523,10,4699.95,2,469.3,swap,notBad
1524,10,4458.5,2,469.3,move,improve
1525,10,4458.5,2,469.3,move,improve
1526,10,4056.899999999999,2,469.3,move,improve
1527,10,4055.0499999999993,2,469.3,swap,improve
1528,10,4055.0499999999993,2,469.3,move,improve
1529,10,3974.149999999999,2,469.3,swap,improve
1530,10,3900.0,2,469.3,2opt,improve
1531,10,3620.0000000000005,2,469.3,move,improve
1532,10,3331.6,2,469.3,2opt,improve
1533,10,3721.95,2,469.3,swap,acceptBad
1534,10,4001.4500000000007,2,469.3,swap,acceptBad
1535,10,3923.0499999999993,2,469.3,move,improve
1536,10,3700.1499999999996,2,469.3,move,improve
1537,10,3700.1499999999996,2,469.3,move,improve
1538,10,3700.1499999999996,2,469.3,swap,notBad
1539,10,3826.2999999999997,2,469.3,2opt,acceptBad
1540,10,4160.45,2,469.3,swap,acceptBad
1541,10,4119.65,2,469.3,move,improve
1542,10,3897.5000000000005,2,469.3,move,improve
1543,10,3880.6000000000004,2,469.3,2opt,improve
1544,10,3880.6000000000004,2,469.3,2opt,notBad
1545,10,4070.7999999999997,2,469.3,2opt,acceptBad
1546,10,4070.7999999999997,2,469.3,move,improve
1547,10,3978.500000000001,2,469.3,swap,improve
1548,10,3980.150000000001,2,469.3,2opt,acceptBad
1549,10,3955.75,2,469.3,move,improve
1550,10,3955.75,2,469.3,swap,notBad
1551,10,3955.75,2,469.3,swap,notBad
1552,10,3955.75,2,469.3,swap,notBad
1553,10,3955.75,2,469.3,2opt,notBad
1554,10,4213.8,2,469.3,swap,acceptBad
1555,10,4405.400000000001,2,469.3,2opt,acceptBad
1556,10,4405.400000000001,2,469.3,2opt,notBad
1557,10,4368.5,2,469.3,swap,improve
1558,10,4237.75,2,469.3,move,improve
1559,10,4217.1,2,469.3,move,improve
1560,10,4213.5,2,469.3,2opt,improve
1561,10,4470.8,2,469.3,swap,acceptBad
1562,10,4470.8,2,469.3,2opt,notBad
1563,10,4470.8,2,469.3,2opt,improve
1564,10,4434.75,2,469.3,move,improve
1565,10,4434.75,2,469.3,2opt,notBad
1566,10,4239.6,2,469.3,move,improve
1567,10,4737.3,2,469.3,swap,acceptBad
1568,10,4714.3,2,469.3,swap,improve
1569,10,4714.3,2,469.3,2opt,notBad
1570,10,4519.1,2,469.3,2opt,improve
1571,10,4081.500000000001,2,469.3,move,improve
1572,10,4077.0,2,469.3,2opt,improve
1573,10,4077.0,2,469.3,swap,notBad
1574,10,4092.4500000000003,2,469.3,swap,acceptBad
1575,10,4111.800000000001,2,469.3,swap,acceptBad
1576,10,3781.6,2,469.3,2opt,improve
1577,10,3772.4,2,469.3,move,improve
1578,10,3777.1000000000004,2,469.3,swap,acceptBad
1579,10,3735.75,2,469.3,swap,improve
1580,10,3734.8999999999996,2,469.3,swap,improve
1581,10,3576.8999999999996,2,469.3,move,improve
1582,10,3509.6499999999996,2,469.3,move,improve
1583,10,3509.6499999999996,2,469.3,swap,notBad
1584,10,3515.05,2,469.3,2opt,acceptBad
1585,10,3494.2000000000007,2,469.3,2opt,improve
1586,10,3494.2000000000007,2,469.3,2opt,notBad
1587,10,3401.1,2,469.3,2opt,improve
1588,10,4099.75,2,469.3,swap,acceptBad
1589,10,3974.4999999999995,2,469.3,move,improve
1590,10,3977.5999999999995,2,469.3,swap,acceptBad
1591,10,3977.5999999999995,2,469.3,swap,notBad
1592,10,3911.2999999999993,2,469.3,swap,improve
1593,10,3600.45,2,469.3,move,improve
1594,10,2916.6499999999996,2,469.3,move,improve
1595,10,2959.4500000000003,2,469.3,2opt,acceptBad
1596,10,4133.35,2,469.3,swap,acceptBad
1597,10,4325.6,2,469.3,swap,acceptBad
1598,10,4325.6,2,469.3,2opt,improve
1599,10,4192.200000000001,2,469.3,swap,improve
1600,10,4192.200000000001,2,469.3,2opt,notBad
1601,10,4014.1000000000004,2,469.3,move,improve
1602,10,4014.1000000000004,2,469.3,2opt,improve
1603,10,4045.5500000000006,2,469.3,swap,acceptBad
1604,10,4045.5500000000006,2,469.3,move,improve
1605,10,4045.5500000000006,2,469.3,2opt,notBad
1606,10,4149.850000000001,2,469.3,swap,acceptBad
1607,10,4090.0500000000006,2,469.3,swap,improve
1608,10,4090.0500000000006,2,469.3,2opt,notBad
1609,10,4108.95,2,469.3,2opt,acceptBad
1610,10,3708.15,2,469.3,move,improve
1611,10,3405.45,2,469.3,move,improve
1612,10,3405.45,2,469.3,swap,notBad
1613,10,3405.45,2,469.3,move,improve
1614,10,3414.55,2,469.3,2opt,acceptBad
1615,10,3414.55,2,469.3,2opt,notBad
1616,10,3414.55,2,469.3,2opt,notBad
1617,10,3414.55,2,469.3,2opt,notBad
1618,10,3370.7000000000003,2,469.3,swap,improve
1619,10,3145.4,2,469.3,move,improve
1620,10,3252.7499999999995,2,469.3,2opt,acceptBad
1621,10,3496.3,2,469.3,swap,acceptBad
1622,10,3496.3,2,469.3,2opt,notBad
1623,10,3697.1499999999996,2,469.3,2opt,acceptBad
1624,10,3996.6000000000004,2,469.3,2opt,acceptBad
1625,10,3996.6000000000004,2,469.3,swap,notBad
1626,10,4021.500000000001,2,469.3,2opt,acceptBad
1627,10,4021.500000000001,2,469.3,2opt,notBad
1628,10,4002.350000000001,2,469.3,swap,improve
1629,10,4002.350000000001,2,469.3,2opt,improve
1630,10,4002.350000000001,2,469.3,2opt,notBad
1631,10,4049.2000000000007,2,469.3,swap,acceptBad
1632,10,4088.9999999999995,2,469.3,swap,acceptBad
1633,10,3581.7000000000003,2,469.3,move,improve
1634,10,3581.7000000000003,2,469.3,swap,notBad
1635,10,3346.5,2,469.3,move,improve
1636,10,3032.0999999999995,2,469.3,move,improve
1637,10,3032.0999999999995,2,469.3,swap,notBad
1638,10,3031.7,2,469.3,move,improve
1639,10,3013.7999999999993,2,469.3,swap,improve
1640,10,3013.7999999999993,2,469.3,2opt,notBad
1641,10,3223.4,2,469.3,swap,acceptBad
1642,10,3223.1000000000004,2,469.3,swap,improve
1643,10,3238.8499999999995,2,469.3,2opt,acceptBad
1644,10,3241.2999999999997,2,469.3,2opt,acceptBad
1645,10,3228.3,2,469.3,swap,improve
1646,10,3228.3,2,469.3,move,improve
1647,10,3358.1499999999996,2,469.3,swap,acceptBad
1648,10,3967.499999999999,2,469.3,swap,acceptBad
1649,10,4065.5499999999997,2,469.3,swap,acceptBad
1650,10,4037.0,2,469.3,2opt,improve
1651,10,4017.05,2,469.3,move,improve
1652,10,3872.25,2,469.3,swap,improve
1653,10,3878.25,2,469.3,swap,acceptBad
1654,10,3606.4500000000007,2,469.3,swap,improve
1655,10,3301.75,2,469.3,move,improve
1656,10,3301.75,2,469.3,2opt,notBad
1657,10,3322.5499999999993,2,469.3,2opt,acceptBad
1658,10,3322.5499999999993,2,469.3,swap,improve
1659,10,3322.5999999999995,2,469.3,2opt,acceptBad
1660,10,3149.2999999999993,2,469.3,2opt,improve
1661,10,3131.499999999999,2,469.3,move,improve
1662,10,3131.499999999999,2,469.3,move,improve
1663,10,3088.5999999999995,2,469.3,2opt,improve
1664,10,3284.7999999999993,2,469.3,swap,acceptBad
1665,10,3133.2000000000007,2,469.3,move,improve
1666,10,3146.550000000001,2,469.3,2opt,acceptBad
1667,10,3142.75,2,469.3,move,improve
1668,10,3142.75,2,469.3,move,improve
1669,10,3095.500000000001,2,469.3,move,improve
1670,10,3073.4500000000007,2,469.3,move,improve
1671,10,3073.4500000000007,2,469.3,swap,notBad
1672,10,3088.3500000000013,2,469.3,swap,acceptBad
1673,10,3078.6000000000013,2,469.3,swap,improve
1674,10,3414.500000000001,2,469.3,swap,acceptBad
1675,10,3412.2000000000007,2,469.3,swap,improve
1676,10,3377.9000000000005,2,469.3,move,improve
1677,10,3340.0999999999995,2,469.3,2opt,improve
1678,10,3284.6000000000004,2,469.3,2opt,improve
1679,10,3284.6000000000004,2,469.3,2opt,notBad
1680,10,3741.650000000001,2,469.3,swap,acceptBad
1681,10,3741.650000000001,2,469.3,2opt,notBad
1682,10,3788.0,2,469.3,swap,acceptBad
1683,10,3759.55,2,469.3,move,improve
1684,10,3759.55,2,469.3,2opt,notBad
1685,10,3759.55,2,469.3,2opt,notBad
1686,10,3933.1500000000005,2,469.3,2opt,acceptBad
1687,10,3898.75,2,469.3,move,improve
1688,10,4478.35,2,469.3,swap,acceptBad
1689,10,4539.550000000001,2,469.3,swap,acceptBad
1690,10,4541.900000000001,2,469.3,swap,acceptBad
1691,10,4541.900000000001,2,469.3,2opt,notBad
1692,10,4060.9000000000015,2,469.3,move,improve
1693,10,4060.9000000000015,2,469.3,2opt,notBad
1694,10,4374.050000000001,2,469.3,2opt,acceptBad
1695,10,4640.900000000001,2,469.3,swap,acceptBad
1696,10,4640.900000000001,2,469.3,2opt,notBad
1697,10,5041.150000000001,2,469.3,swap,acceptBad
1698,10,4562.65,2,469.3,move,improve
1699,10,4257.549999999999,2,469.3,move,improve
1700,10,4073.1000000000004,2,469.3,move,improve
1701,10,3228.5,2,469.3,move,improve
1702,10,3228.5,2,469.3,2opt,notBad
1703,10,3228.5,2,469.3,2opt,notBad
1704,10,3228.5,2,469.3,2opt,notBad
1705,10,3504.8999999999996,2,469.3,swap,acceptBad
1706,10,3504.8999999999996,2,469.3,2opt,notBad
1707,10,3445.4000000000005,2,469.3,move,improve
1708,10,3447.65,2,469.3,swap,acceptBad
1709,10,3381.7,2,469.3,swap,improve
1710,10,3276.0000000000005,2,469.3,move,improve
1711,10,3391.8,2,469.3,swap,acceptBad
1712,10,3391.8,2,469.3,2opt,notBad
1713,10,3391.8,2,469.3,2opt,notBad
1714,10,3055.3999999999996,2,469.3,move,improve
1715,10,3141.8,2,469.3,swap,acceptBad
1716,10,3067.8999999999996,2,469.3,move,improve
1717,10,3067.8999999999996,2,469.3,move,improve
1718,10,3468.2,2,469.3,swap,acceptBad
1719,10,3585.5,2,469.3,swap,acceptBad
1720,10,3585.5,2,469.3,2opt,notBad
1721,10,3585.5,2,469.3,2opt,notBad
1722,10,3585.5,2,469.3,2opt,notBad
1723,10,3651.4,2,469.3,swap,acceptBad
1724,10,3651.4,2,469.3,2opt,notBad
1725,10,3651.4,2,469.3,move,improve
1726,10,3651.4,2,469.3,move,improve
1727,10,3651.4,2,469.3,move,improve
1728,10,3647.5999999999985,2,469.3,2opt,improve
1729,10,3647.5999999999985,2,469.3,2opt,improve
1730,10,3437.2000000000007,2,469.3,move,improve
1731,10,3403.7000000000007,2,469.3,2opt,improve
1732,10,3328.7000000000007,2,469.3,move,improve
1733,10,3118.3,2,469.3,move,improve
1734,10,3060.7,2,469.3,2opt,improve
1735,10,3060.7,2,469.3,move,improve
1736,10,3609.2000000000003,2,469.3,swap,acceptBad
1737,10,3588.8,2,469.3,swap,improve
1738,10,3588.8,2,469.3,move,improve
1739,10,3630.7,2,469.3,2opt,acceptBad
1740,10,3684.8,2,469.3,swap,acceptBad
1741,10,3684.8,2,469.3,2opt,notBad
1742,10,4122.1,2,469.3,swap,acceptBad
1743,10,3995.2500000000005,2,469.3,move,improve
1744,10,4198.95,2,469.3,move,acceptBad
1745,10,4197.75,2,469.3,swap,improve
1746,10,4130.0,2,469.3,move,improve
1747,10,4146.3,2,469.3,2opt,acceptBad
1748,10,3706.3,2,469.3,2opt,improve
1749,10,3157.2,2,469.3,move,improve
1750,10,3146.0,2,469.3,2opt,improve
1751,10,3156.7999999999993,2,469.3,2opt,acceptBad
1752,10,3043.9500000000007,2,469.3,move,improve
1753,10,3382.05,2,469.3,swap,acceptBad
1754,10,3638.95,2,469.3,swap,acceptBad
1755,10,3638.95,2,469.3,swap,notBad
1756,10,3597.250000000001,2,469.3,swap,improve
1757,10,3597.250000000001,2,469.3,2opt,notBad
1758,10,3559.000000000001,2,469.3,move,improve
1759,10,3675.7000000000007,2,469.3,swap,acceptBad
1760,10,3675.7000000000007,2,469.3,2opt,notBad
1761,10,3709.450000000001,2,469.3,swap,acceptBad
1762,10,3537.9500000000007,2,469.3,move,improve
1763,10,3656.4500000000007,2,469.3,swap,acceptBad
1764,10,3656.4500000000007,2,469.3,move,improve
1765,10,3656.4500000000007,2,469.3,2opt,improve
1766,10,3646.05,2,469.3,swap,improve
1767,10,3646.05,2,469.3,swap,notBad
1768,10,3355.6499999999996,2,469.3,swap,improve
1769,10,3216.3999999999996,2,469.3,swap,improve
1770,10,3218.1499999999996,2,469.3,2opt,acceptBad
1771,10,3218.1499999999996,2,469.3,move,improve
1772,10,3218.1499999999996,2,469.3,swap,notBad
1773,10,3020.0499999999993,2,469.3,move,improve
1774,10,3006.8999999999996,2,469.3,2opt,improve
1775,10,3006.8999999999996,2,469.3,2opt,notBad
1776,10,2752.5999999999995,2,469.3,move,improve
1777,10,2701.2,2,469.3,move,improve
1778,10,2701.2,2,469.3,2opt,notBad
1779,10,2701.2,2,469.3,2opt,notBad
1780,10,2701.2,2,469.3,move,improve
1781,10,2739.8999999999996,2,469.3,swap,acceptBad
1782,10,3207.3499999999995,2,469.3,swap,acceptBad
1783,10,3200.7,2,469.3,move,improve
1784,10,3183.35,2,469.3,swap,improve
1785,10,3209.0,2,469.3,swap,acceptBad
1786,10,3123.949999999999,2,469.3,swap,improve
1787,10,3123.949999999999,2,469.3,2opt,improve
1788,10,2985.799999999999,2,469.3,swap,improve
1789,10,2780.549999999999,2,469.3,move,improve
1790,10,2780.549999999999,2,469.3,move,improve
1791,10,2706.249999999999,2,469.3,move,improve
1792,10,2519.2999999999993,2,469.3,move,improve
1793,10,2544.0499999999993,2,469.3,2opt,acceptBad
1794,10,2846.8499999999995,2,469.3,swap,acceptBad
1795,10,2818.0499999999993,2,469.3,move,improve
1796,10,2905.6499999999996,2,469.3,swap,acceptBad
1797,10,2905.6499999999996,2,469.3,move,improve
1798,10,2947.45,2,469.3,2opt,acceptBad
1799,10,2938.0999999999995,2,469.3,swap,improve
1800,10,2938.0999999999995,2,469.3,2opt,notBad
1801,10,2938.0999999999995,2,469.3,2opt,notBad
1802,10,2906.249999999999,2,469.3,swap,improve
1803,10,2906.249999999999,2,469.3,move,improve
1804,10,2906.249999999999,2,469.3,swap,notBad
1805,10,2953.499999999999,2,469.3,swap,acceptBad
1806,10,2953.499999999999,2,469.3,swap,notBad
1807,10,2901.15,2,469.3,move,improve
1808,10,2786.75,2,469.3,move,improve
1809,10,2726.1,2,469.3,move,improve
1810,10,2788.6,2,469.3,2opt,acceptBad
1811,10,2712.1000000000004,2,469.3,move,improve
1812,10,2712.1000000000004,2,469.3,move,improve
1813,10,2712.1000000000004,2,469.3,2opt,notBad
1814,10,2908.550000000001,2,469.3,2opt,acceptBad
1815,10,3263.25,2,469.3,swap,acceptBad
1816,10,3012.8500000000004,2,469.3,move,improve
1817,10,2664.6500000000005,2,469.3,swap,improve
1818,10,2663.4500000000016,2,469.3,move,improve
1819,10,2663.4500000000016,2,469.3,2opt,notBad
1820,10,2532.750000000001,2,469.3,move,improve
1821,10,2550.250000000001,2,469.3,2opt,acceptBad
1822,10,2550.250000000001,2,469.3,2opt,notBad
1823,10,2532.250000000001,2,469.3,move,improve
1824,10,2532.250000000001,2,469.3,move,improve
1825,10,2761.750000000001,2,469.3,swap,acceptBad
1826,10,2768.300000000001,2,469.3,swap,acceptBad
1827,10,2768.300000000001,2,469.3,swap,notBad
1828,10,3001.550000000001,2,469.3,swap,acceptBad
1829,10,3036.700000000001,2,469.3,swap,acceptBad
1830,10,2875.7000000000007,2,469.3,move,improve
1831,10,2975.050000000001,2,469.3,swap,acceptBad
1832,10,2713.1500000000015,2,469.3,move,improve
1833,10,2459.050000000001,2,469.3,move,improve
1834,10,2474.600000000001,2,469.3,2opt,acceptBad
1835,10,2474.600000000001,2,469.3,2opt,notBad
1836,10,2458.7000000000007,2,469.3,2opt,improve
1837,10,2458.7000000000007,2,469.3,2opt,notBad
1838,10,2458.7000000000007,2,469.3,move,improve
1839,10,2458.7000000000007,2,469.3,swap,notBad
1840,10,2458.7000000000007,2,469.3,2opt,notBad
1841,10,2458.7000000000007,2,469.3,2opt,notBad
1842,10,2428.4500000000007,2,469.3,move,improve
1843,10,2529.250000000001,2,469.3,swap,acceptBad
1844,10,2498.9500000000007,2,469.3,move,improve
1845,10,2709.850000000001,2,469.3,swap,acceptBad
1846,9,2495.900000000001,2,469.3,2opt,improve
1847,9,2450.550000000001,2,469.3,swap,improve
1848,9,2205.2500000000014,2,469.3,move,improve
1849,9,2205.2500000000014,2,469.3,2opt,notBad
1850,9,2205.2500000000014,2,469.3,swap,notBad
1851,9,2181.0000000000014,2,469.3,move,improve
1852,9,2181.0000000000014,2,469.3,2opt,notBad
1853,9,2181.0000000000014,2,469.3,swap,notBad
1854,9,2181.0000000000014,2,469.3,move,improve
1855,9,2159.500000000001,2,469.3,move,improve
1856,9,2159.500000000001,2,469.3,move,improve
1857,9,2149.8000000000006,2,469.3,swap,improve
1858,9,2149.8000000000006,2,469.3,move,improve
1859,9,2068.7499999999995,2,469.3,2opt,improve
1860,9,2068.7499999999995,2,469.3,move,improve
1861,9,2153.95,2,469.3,swap,acceptBad
1862,9,2119.05,2,469.3,move,improve
1863,9,2272.0,2,469.3,swap,acceptBad
1864,9,2480.55,2,469.3,swap,acceptBad
1865,9,2497.6500000000005,2,469.3,2opt,acceptBad
1866,9,2410.05,2,469.3,2opt,improve
1867,9,2710.1,2,469.3,swap,acceptBad
1868,9,2545.7,2,469.3,move,improve
1869,9,2480.2000000000007,2,469.3,move,improve
1870,9,2492.25,2,469.3,swap,acceptBad
1871,9,2393.55,2,469.3,move,improve
1872,9,2393.55,2,469.3,move,improve
1873,9,2393.55,2,469.3,2opt,notBad
1874,9,2424.2,2,469.3,2opt,acceptBad
1875,9,2424.2,2,469.3,move,improve
1876,9,2424.2,2,469.3,2opt,notBad
1877,9,2424.2,2,469.3,move,improve
1878,9,2202.0000000000005,2,469.3,move,improve
1879,9,2205.2500000000005,2,469.3,swap,acceptBad
1880,9,2389.4000000000005,2,469.3,swap,acceptBad
1881,9,2389.4000000000005,2,469.3,2opt,notBad
1882,9,2389.4000000000005,2,469.3,2opt,notBad
1883,9,2389.4000000000005,2,469.3,2opt,improve
1884,9,2309.5500000000006,2,469.3,move,improve
1885,9,2279.1000000000004,2,469.3,swap,improve
1886,9,2279.1000000000004,2,469.3,move,improve
1887,9,2380.3000000000006,2,469.3,swap,acceptBad
1888,9,2307.6500000000005,2,469.3,swap,improve
1889,9,2270.8,2,469.3,move,improve
1890,9,2245.4500000000003,2,469.3,move,improve
1891,9,2283.25,2,469.3,swap,acceptBad
1892,9,2283.25,2,469.3,move,improve
1893,9,2283.25,2,469.3,move,improve
1894,9,2457.3,2,469.3,swap,acceptBad
1895,9,2496.7,2,469.3,swap,acceptBad
1896,9,2268.9,2,469.3,move,improve
1897,9,2204.25,2,469.3,move,improve
1898,9,2204.25,2,469.3,swap,notBad
1899,9,2204.25,2,469.3,2opt,notBad
1900,9,2204.25,2,469.3,2opt,improve
1901,9,2204.25,2,469.3,move,improve
1902,9,2249.5,2,469.3,swap,acceptBad
1903,9,2249.5,2,469.3,2opt,notBad
1904,9,2249.5,2,469.3,2opt,notBad
1905,9,2249.5,2,469.3,2opt,notBad
1906,9,2213.8999999999996,2,469.3,move,improve
1907,9,2245.4,2,469.3,move,acceptBad
1908,9,2413.2999999999997,2,469.3,swap,acceptBad
1909,9,2413.2999999999997,2,469.3,2opt,notBad
1910,9,2413.2999999999997,2,469.3,2opt,notBad
1911,9,2147.55,2,469.3,move,improve
1912,9,2191.3,2,469.3,2opt,acceptBad
1913,9,2191.3,2,469.3,2opt,notBad
1914,9,2191.3,2,469.3,swap,notBad
1915,9,2191.3,2,469.3,move,improve
1916,9,2386.1499999999996,2,469.3,swap,acceptBad
1917,9,2386.1499999999996,2,469.3,2opt,notBad
1918,9,2386.1499999999996,2,469.3,2opt,improve
1919,9,2202.7,2,469.3,move,improve
1920,9,2361.75,2,469.3,swap,acceptBad
1921,9,2361.75,2,469.3,move,improve
1922,9,2361.75,2,469.3,2opt,notBad
1923,9,2324.2,2,469.3,move,improve
1924,9,2324.2,2,469.3,2opt,notBad
1925,9,2334.4,2,469.3,swap,acceptBad
1926,9,2334.4,2,469.3,2opt,notBad
1927,9,2334.4,2,469.3,2opt,notBad
1928,9,2338.25,2,469.3,swap,acceptBad
1929,9,2338.0,2,469.3,move,improve
1930,9,2306.3,2,469.3,swap,improve
1931,9,2306.3,2,469.3,2opt,notBad
1932,9,2306.3,2,469.3,2opt,notBad
1933,9,2429.1000000000004,2,469.3,swap,acceptBad
1934,9,2429.1000000000004,2,469.3,swap,notBad
1935,9,2427.95,2,469.3,2opt,improve
1936,9,2427.95,2,469.3,swap,notBad
1937,9,2352.2999999999993,2,469.3,move,improve
1938,9,2245.7499999999995,2,469.3,move,improve
1939,9,2245.7499999999995,2,469.3,swap,notBad
1940,9,2277.999999999999,2,469.3,swap,acceptBad
1941,9,2625.0999999999995,2,469.3,swap,acceptBad
1942,9,2807.149999999999,2,469.3,swap,acceptBad
1943,9,2350.7999999999993,2,469.3,move,improve
1944,9,2576.749999999999,2,469.3,swap,acceptBad
1945,9,2575.499999999999,2,469.3,2opt,improve
1946,9,2620.5,2,469.3,2opt,acceptBad
1947,9,2620.5,2,469.3,2opt,improve
1948,9,2695.2,2,469.3,swap,acceptBad
1949,9,2770.8500000000004,2,469.3,2opt,acceptBad
1950,9,2601.95,2,469.3,move,improve
1951,9,2601.95,2,469.3,swap,notBad
1952,8,2113.3,2,469.3,move,improve
1953,8,2113.3,2,469.3,2opt,notBad
1954,8,1986.1999999999998,2,469.3,swap,improve
1955,8,1986.1999999999998,2,469.3,move,improve
1956,8,2208.75,2,469.3,swap,acceptBad
1957,8,2087.9999999999995,2,469.3,2opt,improve
1958,8,1958.9499999999994,2,469.3,move,improve
1959,8,1958.9499999999994,2,469.3,swap,notBad
1960,8,1821.1499999999996,2,469.3,move,improve
1961,8,2126.1499999999996,2,469.3,swap,acceptBad
1962,8,2155.9500000000003,2,469.3,swap,acceptBad
1963,8,2155.9500000000003,2,469.3,move,improve
1964,8,1992.5999999999995,2,469.3,move,improve
1965,8,1957.4999999999998,2,469.3,swap,improve
1966,8,1951.7999999999997,2,469.3,move,improve
1967,8,1967.8999999999999,2,469.3,swap,acceptBad
1968,8,1967.8999999999999,2,469.3,move,improve
1969,8,1986.35,2,469.3,2opt,acceptBad
1970,8,1986.35,2,469.3,2opt,notBad
1971,8,1986.35,2,469.3,2opt,notBad
1972,8,1856.5499999999997,2,469.3,move,improve
1973,8,1856.5499999999997,2,469.3,2opt,notBad
1974,8,1856.5499999999997,2,469.3,move,improve
1975,8,1871.6499999999992,2,469.3,swap,acceptBad
1976,8,1871.6499999999992,2,469.3,2opt,notBad
1977,8,1871.6499999999992,2,469.3,2opt,notBad
1978,8,1863.7999999999993,2,469.3,move,improve
1979,8,1835.5999999999992,2,469.3,swap,improve
1980,8,1835.5999999999992,2,469.3,swap,notBad
1981,8,1832.499999999999,2,469.3,move,improve
1982,8,1817.1999999999996,2,469.3,swap,improve
1983,8,2025.0,2,469.3,swap,acceptBad
1984,8,2025.0,2,469.3,2opt,notBad
1985,8,2025.0,2,469.3,move,improve
1986,8,2014.55,2,469.3,2opt,improve
1987,8,2014.55,2,469.3,2opt,notBad
1988,8,1930.25,2,469.3,move,improve
1989,8,1930.25,2,469.3,2opt,notBad
1990,8,1937.35,2,469.3,2opt,acceptBad
1991,8,1937.35,2,469.3,2opt,notBad
1992,8,1919.7000000000003,2,469.3,move,improve
1993,8,1873.35,2,469.3,move,improve
1994,8,1923.7500000000002,2,469.3,swap,acceptBad
1995,8,1947.35,2,469.3,2opt,acceptBad
1996,8,1912.25,2,469.3,swap,improve
1997,8,1912.25,2,469.3,move,improve
1998,8,1912.25,2,469.3,2opt,notBad
1999,8,1912.25,2,469.3,2opt,notBad
2000,8,1916.4,2,469.3,swap,acceptBad
2001,8,1916.4,2,469.3,move,improve
2002,8,1915.9,2,469.3,move,improve
2003,8,1892.6000000000001,2,469.3,move,improve
2004,8,1890.2500000000002,2,469.3,swap,improve
2005,8,1948.6000000000004,2,469.3,swap,acceptBad
2006,8,1948.6000000000004,2,469.3,move,improve
2007,8,1923.5000000000002,2,469.3,move,improve
2008,8,1923.5000000000002,2,469.3,2opt,notBad
2009,8,1787.5,2,469.3,move,improve
2010,8,1816.1000000000001,2,469.3,swap,acceptBad
2011,8,1816.1000000000001,2,469.3,2opt,notBad
2012,8,1896.4999999999998,2,469.3,swap,acceptBad
2013,8,1884.4499999999996,2,469.3,move,improve
2014,8,1880.2999999999995,2,469.3,move,improve
2015,8,1878.2999999999997,2,469.3,swap,improve
2016,8,1878.2999999999997,2,469.3,move,improve
2017,8,2052.499999999999,2,469.3,swap,acceptBad
2018,8,2052.499999999999,2,469.3,2opt,notBad
2019,8,2039.3999999999992,2,469.3,move,improve
2020,8,1706.7499999999993,2,469.3,move,improve
2021,8,1706.7499999999993,2,469.3,2opt,notBad
2022,8,1706.7499999999993,2,469.3,2opt,notBad
2023,8,1706.7499999999993,2,469.3,2opt,notBad
2024,8,1903.8499999999997,2,469.3,swap,acceptBad
2025,8,1917.1499999999999,2,469.3,swap,acceptBad
2026,8,1917.1499999999999,2,469.3,2opt,notBad
2027,8,1692.0499999999997,2,469.3,move,improve
2028,8,1692.0499999999997,2,469.3,2opt,notBad
2029,8,1692.0499999999997,2,469.3,2opt,notBad
2030,8,1692.0499999999997,2,469.3,2opt,notBad
2031,8,1692.0499999999997,2,469.3,move,improve
2032,8,1692.0499999999997,2,469.3,move,improve
2033,8,1692.0499999999997,2,469.3,2opt,improve
2034,8,1692.0499999999997,2,469.3,swap,notBad
2035,8,1710.25,2,469.3,2opt,acceptBad
2036,8,1723.1500000000005,2,469.3,swap,acceptBad
2037,8,1853.0500000000006,2,469.3,swap,acceptBad
2038,8,2001.000000000001,2,469.3,swap,acceptBad
2039,8,2001.000000000001,2,469.3,2opt,improve
2040,8,2000.000000000001,2,469.3,swap,improve
2041,8,2000.000000000001,2,469.3,2opt,notBad
2042,8,2071.4000000000005,2,469.3,swap,acceptBad
2043,8,2065.500000000001,2,469.3,swap,improve
2044,8,2065.500000000001,2,469.3,move,improve
2045,8,2092.6000000000004,2,469.3,swap,acceptBad
2046,8,1999.3500000000001,2,469.3,move,improve
2047,8,2012.3000000000006,2,469.3,2opt,acceptBad
2048,8,2011.3000000000002,2,469.3,move,improve
2049,8,2021.0000000000005,2,469.3,swap,acceptBad
2050,8,2020.7,2,469.3,move,improve
2051,8,2020.7,2,469.3,2opt,notBad
2052,8,1902.6000000000001,2,469.3,swap,improve
2053,8,1714.7999999999997,2,469.3,swap,improve
2054,8,1805.0,2,469.3,2opt,acceptBad
2055,8,1802.9000000000003,2,469.3,swap,improve
2056,8,1768.7500000000002,2,469.3,move,improve
2057,8,1935.85,2,469.3,swap,acceptBad
2058,8,1813.4499999999996,2,469.3,move,improve
2059,8,1813.4499999999996,2,469.3,move,improve
2060,8,1864.4499999999998,2,469.3,swap,acceptBad
2061,8,1809.8,2,469.3,move,improve
2062,8,2028.6000000000001,2,469.3,swap,acceptBad
2063,8,2028.6000000000001,2,469.3,move,improve
2064,8,1978.1999999999998,2,469.3,2opt,improve
2065,8,2034.4999999999998,2,469.3,swap,acceptBad
2066,8,2034.4999999999998,2,469.3,swap,notBad
2067,8,2034.4999999999998,2,469.3,move,improve
2068,8,2010.6000000000001,2,469.3,move,improve
2069,8,1954.5500000000002,2,469.3,move,improve
2070,8,1954.5500000000002,2,469.3,2opt,notBad
2071,8,1954.5500000000002,2,469.3,swap,notBad
2072,8,1954.5500000000002,2,469.3,move,improve
2073,8,1953.8500000000004,2,469.3,swap,improve
2074,8,1909.7999999999997,2,469.3,move,improve
2075,8,1909.7999999999997,2,469.3,2opt,improve
2076,8,1909.7999999999997,2,469.3,swap,notBad
2077,8,1904.0,2,469.3,swap,improve
2078,8,1904.0,2,469.3,2opt,notBad
2079,8,1944.6000000000004,2,469.3,swap,acceptBad
2080,8,1944.6000000000004,2,469.3,2opt,notBad
2081,8,1943.9,2,469.3,move,improve
2082,8,1908.4999999999998,2,469.3,2opt,improve
2083,8,1906.8999999999999,2,469.3,move,improve
2084,8,1875.4500000000003,2,469.3,2opt,improve
2085,8,1871.7500000000002,2,469.3,move,improve
2086,8,1860.5500000000004,2,469.3,swap,improve
2087,8,1791.85,2,469.3,2opt,improve
2088,8,1790.6999999999996,2,469.3,swap,improve
2089,8,1790.6999999999996,2,469.3,2opt,notBad
2090,8,1793.0999999999997,2,469.3,swap,acceptBad
2091,8,1827.2,2,469.3,2opt,acceptBad
2092,8,1857.2,2,469.3,2opt,acceptBad
2093,8,1927.4499999999998,2,469.3,swap,acceptBad
2094,8,1909.9499999999998,2,469.3,swap,improve
2095,8,1909.9499999999998,2,469.3,2opt,notBad
2096,8,1909.9499999999998,2,469.3,2opt,improve
2097,8,1909.9499999999998,2,469.3,swap,notBad
2098,8,1909.9499999999998,2,469.3,swap,notBad
2099,8,1894.1499999999996,2,469.3,move,improve
2100,8,1894.1499999999996,2,469.3,move,improve
2101,8,1966.5,2,469.3,swap,acceptBad
2102,8,2168.7500000000005,2,469.3,swap,acceptBad
2103,8,2168.7500000000005,2,469.3,2opt,improve
2104,8,2087.0,2,469.3,move,improve
2105,8,2087.0,2,469.3,swap,notBad
2106,8,2087.0,2,469.3,2opt,notBad
2107,8,2087.0,2,469.3,move,improve
2108,8,2087.0,2,469.3,swap,notBad
2109,8,2087.0,2,469.3,2opt,notBad
2110,8,1877.9,2,469.3,2opt,improve
2111,8,1912.4499999999998,2,469.3,swap,acceptBad
2112,8,1889.8999999999999,2,469.3,swap,improve
2113,8,1889.8999999999999,2,469.3,2opt,improve
2114,8,1768.75,2,469.3,move,improve
2115,8,1768.75,2,469.3,move,improve
2116,8,1768.75,2,469.3,move,improve
2117,8,1768.75,2,469.3,2opt,notBad
2118,8,1799.0000000000002,2,469.3,2opt,acceptBad
2119,8,1798.0000000000005,2,469.3,2opt,improve
2120,8,1694.1500000000008,2,469.3,move,improve
2121,8,1693.1000000000008,2,469.3,move,improve
2122,8,1656.7000000000005,2,469.3,move,improve
2123,8,1656.1500000000003,2,469.3,move,improve
2124,8,1656.1500000000003,2,469.3,move,improve
2125,8,1656.1500000000003,2,469.3,swap,notBad
2126,8,1656.1500000000003,2,469.3,2opt,notBad
2127,8,1658.3000000000006,2,469.3,2opt,acceptBad
2128,8,1621.4500000000007,2,469.3,swap,improve
2129,8,1621.4500000000007,2,469.3,move,improve
2130,8,1639.4500000000003,2,469.3,2opt,acceptBad
2131,8,1639.4500000000003,2,469.3,swap,notBad
2132,8,1639.4500000000003,2,469.3,swap,notBad
2133,8,1637.6500000000003,2,469.3,2opt,improve
2134,8,1569.4,2,469.3,move,improve
2135,8,1569.4,2,469.3,2opt,notBad
2136,8,1569.4,2,469.3,swap,notBad
2137,8,1455.3999999999999,2,469.3,move,improve
2138,8,1483.3999999999994,2,469.3,swap,acceptBad
2139,8,1483.3999999999994,2,469.3,2opt,notBad
2140,8,1606.1999999999998,2,469.3,swap,acceptBad
2141,8,1603.8499999999997,2,469.3,move,improve
2142,8,1778.3499999999997,2,469.3,swap,acceptBad
2143,8,1665.8499999999992,2,469.3,swap,improve
2144,8,1746.549999999999,2,469.3,swap,acceptBad
2145,8,1991.8499999999995,2,469.3,swap,acceptBad
2146,8,1991.8499999999995,2,469.3,swap,notBad
2147,8,1660.8499999999995,2,469.3,move,improve
2148,8,1679.0499999999997,2,469.3,2opt,acceptBad
2149,8,1676.8999999999996,2,469.3,move,improve
2150,8,1772.9999999999995,2,469.3,swap,acceptBad
2151,8,1775.1499999999996,2,469.3,swap,acceptBad
2152,8,1775.1499999999996,2,469.3,2opt,notBad
2153,8,1775.1499999999996,2,469.3,move,improve
2154,8,1775.1499999999996,2,469.3,2opt,notBad
2155,8,1734.3999999999999,2,469.3,swap,improve
2156,8,1713.6999999999998,2,469.3,move,improve
2157,8,1838.4999999999998,2,469.3,swap,acceptBad
2158,8,1838.4999999999998,2,469.3,2opt,notBad
2159,8,1838.4999999999998,2,469.3,2opt,notBad
2160,8,1838.4999999999998,2,469.3,2opt,notBad
2161,8,1838.4999999999998,2,469.3,move,improve
2162,8,1838.4999999999998,2,469.3,2opt,notBad
2163,8,1838.4999999999998,2,469.3,move,improve
2164,8,1878.7999999999995,2,469.3,swap,acceptBad
2165,8,1878.7999999999995,2,469.3,2opt,notBad
2166,8,1906.5499999999997,2,469.3,2opt,acceptBad
2167,8,1721.8500000000001,2,469.3,move,improve
2168,8,1738.7,2,469.3,swap,acceptBad
2169,8,1738.7,2,469.3,swap,notBad
2170,8,1738.7,2,469.3,move,improve
2171,8,1738.7,2,469.3,2opt,improve
2172,8,1531.8500000000004,2,469.3,swap,improve
2173,8,1531.8500000000004,2,469.3,2opt,notBad
2174,8,1486.3000000000006,2,469.3,2opt,improve
2175,8,1644.4500000000003,2,469.3,swap,acceptBad
2176,8,1644.4500000000003,2,469.3,2opt,notBad
2177,8,1551.8000000000002,2,469.3,move,improve
2178,8,1679.85,2,469.3,swap,acceptBad
2179,8,1706.2999999999997,2,469.3,swap,acceptBad
2180,8,1696.7999999999997,2,469.3,swap,improve
2181,8,1696.7999999999997,2,469.3,2opt,improve
2182,8,1696.7999999999997,2,469.3,2opt,notBad
2183,8,1696.7999999999997,2,469.3,2opt,notBad
2184,8,1694.4999999999995,2,469.3,swap,improve
2185,8,1664.1999999999998,2,469.3,move,improve
2186,8,1655.8999999999999,2,469.3,move,improve
2187,8,1702.1,2,469.3,2opt,acceptBad
2188,8,1661.45,2,469.3,move,improve
2189,8,1659.2,2,469.3,move,improve
2190,8,1659.2,2,469.3,2opt,notBad
2191,8,1659.2,2,469.3,swap,notBad
2192,8,1659.2,2,469.3,2opt,notBad
2193,8,1659.2,2,469.3,swap,improve
2194,8,1659.2,2,469.3,move,improve
2195,8,1724.0000000000002,2,469.3,swap,acceptBad
2196,8,1776.4,2,469.3,swap,acceptBad
2197,8,1776.4,2,469.3,2opt,improve
2198,8,1737.65,2,469.3,move,improve
2199,8,1737.65,2,469.3,swap,notBad
2200,8,1737.65,2,469.3,swap,notBad
2201,8,1739.8499999999997,2,469.3,swap,acceptBad
2202,8,1739.8499999999997,2,469.3,swap,notBad
2203,8,1739.8499999999997,2,469.3,swap,notBad
2204,8,1887.6499999999996,2,469.3,swap,acceptBad
2205,8,1847.8999999999996,2,469.3,swap,improve
2206,8,1847.8999999999996,2,469.3,swap,notBad
2207,8,1847.8999999999996,2,469.3,2opt,notBad
2208,8,1847.8999999999996,2,469.3,2opt,improve
2209,8,1847.8999999999994,2,469.3,move,improve
2210,8,1847.8999999999994,2,469.3,2opt,notBad
2211,8,1780.0999999999995,2,469.3,move,improve
2212,8,1787.1999999999996,2,469.3,swap,acceptBad
2213,8,1787.1999999999996,2,469.3,move,improve
2214,8,1766.0999999999992,2,469.3,swap,improve
2215,8,1766.0999999999992,2,469.3,2opt,notBad
2216,8,1766.0999999999992,2,469.3,2opt,notBad
2217,8,1766.0999999999992,2,469.3,2opt,notBad
2218,8,1766.0999999999992,2,469.3,move,improve
2219,8,1766.0999999999992,2,469.3,swap,notBad
2220,8,1718.1999999999991,2,469.3,move,improve
2221,8,1688.1999999999994,2,469.3,move,improve
2222,8,1688.1999999999994,2,469.3,swap,notBad
2223,8,1688.1999999999994,2,469.3,swap,notBad
2224,8,1688.1999999999994,2,469.3,swap,notBad
2225,8,1688.1999999999994,2,469.3,swap,notBad
2226,8,1688.1999999999994,2,469.3,swap,notBad
2227,8,1680.2999999999995,2,469.3,move,improve
2228,8,1680.2999999999995,2,469.3,2opt,notBad
2229,8,1701.5999999999997,2,469.3,swap,acceptBad
2230,8,1734.9500000000003,2,469.3,swap,acceptBad
2231,8,1734.9500000000003,2,469.3,2opt,improve
2232,8,1733.8000000000002,2,469.3,move,improve
2233,8,1733.8000000000002,2,469.3,2opt,improve
2234,8,1733.8000000000002,2,469.3,2opt,notBad
2235,8,1720.6499999999999,2,469.3,swap,improve
2236,8,1732.9499999999996,2,469.3,swap,acceptBad
2237,8,1727.55,2,469.3,2opt,improve
2238,8,1785.0500000000002,2,469.3,swap,acceptBad
2239,8,1785.0500000000002,2,469.3,swap,notBad
2240,8,1744.0000000000002,2,469.3,move,improve
2241,8,1744.0000000000002,2,469.3,2opt,improve
2242,8,1739.8500000000001,2,469.3,move,improve
2243,8,1739.8500000000001,2,469.3,2opt,notBad
2244,8,1739.8500000000001,2,469.3,move,improve
2245,8,1739.8500000000001,2,469.3,swap,notBad
2246,8,1739.8500000000001,2,469.3,move,improve
2247,8,1739.8500000000001,2,469.3,2opt,notBad
2248,8,1618.4999999999995,2,469.3,move,improve
2249,8,1595.1,2,469.3,move,improve
2250,8,1595.1,2,469.3,move,improve
2251,8,1595.1,2,469.3,2opt,notBad
2252,8,1595.1,2,469.3,move,improve
2253,8,1595.1,2,469.3,move,improve
2254,8,1595.1,2,469.3,move,improve
2255,8,1600.9000000000005,2,469.3,swap,acceptBad
2256,8,1600.9000000000005,2,469.3,swap,notBad
2257,8,1600.9000000000005,2,469.3,swap,notBad
2258,8,1600.9000000000005,2,469.3,2opt,notBad
2259,8,1600.9000000000005,2,469.3,move,improve
2260,8,1600.9000000000005,2,469.3,swap,notBad
2261,8,1600.9000000000005,2,469.3,move,improve
2262,8,1600.9000000000005,2,469.3,swap,notBad
2263,8,1600.9000000000005,2,469.3,swap,notBad
2264,8,1581.6000000000004,2,469.3,move,improve
2265,8,1581.6000000000004,2,469.3,2opt,notBad
2266,8,1581.6000000000004,2,469.3,swap,notBad
2267,8,1581.6000000000004,2,469.3,move,improve
2268,8,1581.6000000000004,2,469.3,2opt,notBad
2269,8,1569.0500000000002,2,469.3,swap,improve
2270,8,1569.0500000000002,2,469.3,swap,notBad
2271,8,1569.0500000000002,2,469.3,2opt,notBad
2272,8,1587.5,2,469.3,2opt,acceptBad
2273,8,1587.5,2,469.3,move,improve
2274,8,1587.5,2,469.3,2opt,notBad
2275,8,1745.8499999999997,2,469.3,swap,acceptBad
2276,8,1745.8499999999997,2,469.3,move,improve
2277,8,1460.3000000000002,2,469.3,move,improve
2278,8,1447.2000000000003,2,469.3,move,improve
2279,8,1447.2000000000003,2,469.3,move,improve
2280,8,1438.2,2,469.3,move,improve
2281,8,1409.85,2,469.3,move,improve
2282,8,1403.2000000000003,2,469.3,2opt,improve
2283,8,1403.2000000000003,2,469.3,2opt,notBad
2284,8,1403.2000000000003,2,469.3,2opt,notBad
2285,8,1403.2000000000003,2,469.3,move,improve
2286,8,1403.2000000000003,2,469.3,swap,notBad
2287,8,1403.2000000000003,2,469.3,swap,notBad
2288,8,1411.4,2,469.3,swap,acceptBad
2289,8,1411.4,2,469.3,swap,notBad
2290,8,1392.3000000000002,2,469.3,move,improve
2291,8,1392.3000000000002,2,469.3,move,improve
2292,8,1392.3000000000002,2,469.3,2opt,notBad
2293,8,1548.3000000000002,2,469.3,swap,acceptBad
2294,8,1548.3000000000002,2,469.3,move,improve
2295,8,1620.3000000000002,2,469.3,swap,acceptBad
2296,8,1672.1500000000003,2,469.3,swap,acceptBad
2297,8,1672.1500000000003,2,469.3,2opt,notBad
2298,8,1706.7,2,469.3,swap,acceptBad
2299,8,1706.7,2,469.3,2opt,notBad
2300,8,1692.2000000000003,2,469.3,move,improve
2301,8,1692.2000000000003,2,469.3,swap,notBad
2302,8,1692.2000000000003,2,469.3,2opt,notBad
2303,8,1692.2000000000003,2,469.3,2opt,notBad
2304,8,1692.2000000000003,2,469.3,2opt,improve
2305,8,1690.9500000000003,2,469.3,move,improve
2306,8,1650.8000000000009,2,469.3,swap,improve
2307,8,1650.8000000000009,2,469.3,swap,notBad
2308,8,1636.8000000000006,2,469.3,move,improve
2309,8,1636.8000000000006,2,469.3,swap,notBad
2310,8,1640.1000000000004,2,469.3,2opt,acceptBad
2311,8,1634.6500000000005,2,469.3,2opt,improve
2312,8,1720.5500000000002,2,469.3,swap,acceptBad
2313,8,1807.6000000000001,2,469.3,swap,acceptBad
2314,8,1783.25,2,469.3,move,improve
2315,8,1783.25,2,469.3,swap,notBad
2316,8,1783.25,2,469.3,move,improve
2317,8,1783.25,2,469.3,2opt,notBad
2318,8,1599.7000000000003,2,469.3,move,improve
2319,8,1599.7000000000003,2,469.3,swap,notBad
2320,8,1548.05,2,469.3,move,improve
2321,8,1548.05,2,469.3,move,improve
2322,8,1548.05,2,469.3,2opt,notBad
2323,8,1548.05,2,469.3,swap,notBad
2324,8,1547.45,2,469.3,move,improve
2325,8,1547.45,2,469.3,2opt,notBad
2326,8,1462.9499999999998,2,469.3,move,improve
2327,8,1449.6499999999999,2,469.3,move,improve
2328,8,1449.6499999999999,2,469.3,2opt,notBad
2329,8,1449.6499999999999,2,469.3,move,improve
2330,8,1496.2000000000003,2,469.3,move,acceptBad
2331,8,1538.25,2,469.3,swap,acceptBad
2332,8,1538.25,2,469.3,swap,notBad
2333,8,1538.25,2,469.3,2opt,notBad
2334,8,1507.1499999999996,2,469.3,move,improve
2335,8,1507.1499999999996,2,469.3,move,improve
2336,8,1507.1499999999996,2,469.3,swap,notBad
2337,8,1507.1499999999996,2,469.3,2opt,notBad
2338,8,1507.1499999999996,2,469.3,2opt,notBad
2339,8,1561.9499999999996,2,469.3,swap,acceptBad
2340,8,1561.9499999999996,2,469.3,2opt,notBad
2341,8,1561.9499999999996,2,469.3,2opt,notBad
2342,8,1558.35,2,469.3,move,improve
2343,8,1558.35,2,469.3,swap,notBad
2344,8,1558.35,2,469.3,move,notBad
2345,8,1558.35,2,469.3,swap,notBad
2346,8,1558.35,2,469.3,2opt,notBad
2347,8,1558.35,2,469.3,move,improve
2348,8,1558.35,2,469.3,2opt,notBad
2349,8,1558.35,2,469.3,move,improve
2350,8,1558.35,2,469.3,swap,notBad
2351,8,1558.35,2,469.3,2opt,notBad
2352,8,1558.35,2,469.3,swap,notBad
2353,8,1429.6000000000001,2,469.3,move,improve
2354,8,1429.6000000000001,2,469.3,move,improve
2355,8,1429.6000000000001,2,469.3,swap,notBad
2356,8,1429.6000000000001,2,469.3,move,improve
2357,8,1429.6000000000001,2,469.3,move,improve
2358,8,1429.6000000000001,2,469.3,swap,notBad
2359,8,1429.6000000000001,2,469.3,swap,notBad
2360,8,1429.6000000000001,2,469.3,swap,notBad
2361,8,1465.8500000000001,2,469.3,swap,acceptBad
2362,8,1465.8500000000001,2,469.3,swap,notBad
2363,8,1446.3,2,469.3,move,improve
2364,8,1446.3,2,469.3,2opt,notBad
2365,8,1446.3,2,469.3,move,improve
2366,8,1446.3,2,469.3,move,improve
2367,8,1446.3,2,469.3,2opt,notBad
2368,8,1446.3,2,469.3,2opt,improve
2369,8,1446.3,2,469.3,move,improve
2370,8,1414.15,2,469.3,move,improve
2371,8,1414.15,2,469.3,move,improve
2372,8,1414.15,2,469.3,move,improve
2373,8,1414.15,2,469.3,2opt,notBad
2374,8,1462.25,2,469.3,swap,acceptBad
2375,8,1488.4499999999998,2,469.3,swap,acceptBad
2376,8,1493.4999999999998,2,469.3,swap,acceptBad
2377,8,1493.4999999999998,2,469.3,2opt,notBad
2378,8,1493.4999999999998,2,469.3,swap,notBad
2379,8,1493.4999999999998,2,469.3,move,improve
2380,8,1493.4999999999998,2,469.3,swap,notBad
2381,8,1488.4499999999998,2,469.3,move,improve
2382,8,1490.3499999999995,2,469.3,2opt,acceptBad
2383,8,1453.8499999999997,2,469.3,move,improve
2384,8,1453.8499999999997,2,469.3,swap,notBad
2385,8,1453.3499999999997,2,469.3,swap,improve
2386,8,1485.0000000000002,2,469.3,2opt,acceptBad
2387,8,1440.2000000000003,2,469.3,move,improve
2388,8,1440.2000000000003,2,469.3,swap,notBad
2389,8,1440.2000000000003,2,469.3,swap,notBad
2390,8,1440.2000000000003,2,469.3,swap,notBad
2391,8,1450.6000000000004,2,469.3,swap,acceptBad
2392,8,1502.1000000000006,2,469.3,swap,acceptBad
2393,8,1502.1000000000006,2,469.3,2opt,notBad
2394,8,1508.4500000000005,2,469.3,2opt,acceptBad
2395,8,1508.4500000000005,2,469.3,move,improve
2396,8,1508.4500000000005,2,469.3,2opt,notBad
2397,8,1545.0000000000005,2,469.3,swap,acceptBad
2398,8,1547.2000000000003,2,469.3,2opt,acceptBad
2399,8,1547.2000000000003,2,469.3,2opt,notBad
2400,8,1547.2000000000003,2,469.3,2opt,notBad
2401,8,1547.2000000000003,2,469.3,2opt,notBad
2402,8,1545.4000000000003,2,469.3,move,improve
2403,8,1545.4000000000003,2,469.3,2opt,notBad
2404,8,1545.4000000000003,2,469.3,move,improve
2405,8,1545.4000000000003,2,469.3,move,improve
2406,8,1545.4000000000003,2,469.3,2opt,improve
2407,8,1544.9,2,469.3,move,improve
2408,8,1532.1000000000001,2,469.3,2opt,improve
2409,8,1532.1000000000001,2,469.3,move,improve
2410,8,1582.5500000000002,2,469.3,swap,acceptBad
2411,8,1582.5500000000002,2,469.3,move,improve
2412,8,1582.5500000000002,2,469.3,move,improve
2413,8,1582.5500000000002,2,469.3,swap,notBad
2414,8,1582.5500000000002,2,469.3,swap,notBad
2415,8,1582.5500000000002,2,469.3,swap,notBad
2416,8,1582.5500000000002,2,469.3,move,improve
2417,8,1582.5500000000002,2,469.3,swap,notBad
2418,8,1582.5500000000002,2,469.3,2opt,notBad
2419,8,1582.5500000000002,2,469.3,2opt,notBad
2420,8,1747.4500000000003,2,469.3,swap,acceptBad
2421,8,1727.5500000000002,2,469.3,swap,improve
2422,8,1727.5500000000002,2,469.3,2opt,notBad
2423,8,1572.55,2,469.3,move,improve
2424,8,1572.55,2,469.3,swap,notBad
2425,8,1575.1499999999999,2,469.3,swap,acceptBad
2426,8,1575.1499999999999,2,469.3,2opt,improve
2427,8,1560.9999999999998,2,469.3,swap,improve
2428,8,1645.6000000000001,2,469.3,swap,acceptBad
2429,8,1645.6000000000001,2,469.3,swap,notBad
2430,8,1645.6000000000001,2,469.3,2opt,notBad
2431,8,1665.6000000000001,2,469.3,2opt,acceptBad
2432,8,1665.6000000000001,2,469.3,2opt,notBad
2433,8,1645.6000000000004,2,469.3,move,improve
2434,8,1609.5000000000002,2,469.3,move,improve
2435,8,1609.5000000000002,2,469.3,move,improve
2436,8,1589.5500000000002,2,469.3,move,improve
2437,8,1589.5500000000002,2,469.3,2opt,notBad
2438,8,1557.1000000000001,2,469.3,move,improve
2439,8,1557.1000000000001,2,469.3,swap,notBad
2440,8,1557.1000000000001,2,469.3,swap,notBad
2441,8,1557.1000000000001,2,469.3,move,improve
2442,8,1557.1000000000001,2,469.3,swap,notBad
2443,8,1557.1000000000001,2,469.3,move,improve
2444,8,1557.1000000000001,2,469.3,2opt,notBad
2445,8,1526.3500000000001,2,469.3,swap,improve
2446,8,1526.3500000000001,2,469.3,2opt,notBad
2447,8,1621.5500000000002,2,469.3,swap,acceptBad
2448,8,1690.95,2,469.3,swap,acceptBad
2449,8,1690.95,2,469.3,2opt,notBad
2450,8,1690.95,2,469.3,move,improve
2451,8,1503.5500000000002,2,469.3,move,improve
2452,8,1518.85,2,469.3,swap,acceptBad
2453,8,1518.85,2,469.3,2opt,notBad
2454,8,1569.6499999999999,2,469.3,swap,acceptBad
2455,8,1569.6499999999999,2,469.3,move,improve
2456,8,1569.6499999999999,2,469.3,move,improve
2457,8,1569.6499999999999,2,469.3,2opt,notBad
2458,8,1524.8499999999995,2,469.3,move,improve
2459,8,1524.8499999999995,2,469.3,move,improve
2460,8,1501.1999999999994,2,469.3,move,improve
2461,8,1501.1999999999994,2,469.3,swap,notBad
2462,8,1501.1999999999994,2,469.3,swap,notBad
2463,8,1501.1999999999994,2,469.3,2opt,notBad
2464,8,1501.1999999999994,2,469.3,move,improve
2465,8,1501.1999999999994,2,469.3,2opt,notBad
2466,8,1501.1999999999994,2,469.3,2opt,notBad
2467,8,1501.1999999999994,2,469.3,2opt,notBad
2468,8,1501.1999999999994,2,469.3,2opt,notBad
2469,8,1597.1999999999996,2,469.3,swap,acceptBad
2470,8,1581.6,2,469.3,move,improve
2471,8,1445.9499999999998,2,469.3,move,improve
2472,8,1445.9499999999998,2,469.3,swap,notBad
2473,8,1441.3999999999996,2,469.3,swap,improve
2474,8,1441.3999999999996,2,469.3,move,improve
2475,8,1441.3999999999996,2,469.3,2opt,notBad
2476,8,1427.1499999999999,2,469.3,swap,improve
2477,8,1427.1499999999999,2,469.3,2opt,notBad
2478,8,1427.1499999999999,2,469.3,2opt,notBad
2479,8,1427.1499999999999,2,469.3,move,improve
2480,8,1427.1499999999999,2,469.3,move,improve
2481,8,1427.1499999999999,2,469.3,swap,notBad
2482,8,1427.1499999999999,2,469.3,swap,notBad
2483,8,1421.55,2,469.3,move,improve
2484,8,1421.55,2,469.3,move,improve
2485,8,1421.55,2,469.3,swap,notBad
2486,8,1421.55,2,469.3,2opt,improve
2487,8,1421.55,2,469.3,move,improve
2488,8,1421.55,2,469.3,move,improve
2489,8,1421.55,2,469.3,swap,notBad
2490,8,1421.55,2,469.3,2opt,notBad
2491,8,1421.55,2,469.3,2opt,notBad
2492,8,1395.0,2,469.3,swap,improve
2493,8,1395.0,2,469.3,move,improve
2494,8,1414.4999999999998,2,469.3,2opt,acceptBad
2495,8,1410.2499999999998,2,469.3,swap,improve
2496,8,1410.2499999999998,2,469.3,move,improve
2497,8,1410.2499999999998,2,469.3,swap,notBad
2498,8,1410.2499999999998,2,469.3,move,improve
2499,8,1410.2499999999998,2,469.3,2opt,notBad
2500,8,1410.2499999999998,2,469.3,swap,notBad
2501,8,1415.15,2,469.3,2opt,acceptBad
2502,8,1415.15,2,469.3,move,improve
2503,8,1392.05,2,469.3,move,improve
2504,8,1392.05,2,469.3,swap,notBad
2505,8,1392.05,2,469.3,swap,notBad
2506,8,1392.05,2,469.3,swap,notBad
2507,8,1391.55,2,469.3,swap,improve
2508,8,1391.55,2,469.3,2opt,notBad
2509,8,1391.55,2,469.3,swap,notBad
2510,8,1391.55,2,469.3,2opt,notBad
2511,8,1391.55,2,469.3,move,improve
2512,8,1391.55,2,469.3,2opt,notBad
2513,8,1391.55,2,469.3,swap,notBad
2514,8,1391.55,2,469.3,2opt,notBad
2515,8,1391.55,2,469.3,swap,notBad
2516,8,1391.55,2,469.3,2opt,notBad
2517,8,1391.55,2,469.3,2opt,notBad
2518,8,1391.55,2,469.3,swap,improve
2519,8,1391.55,2,469.3,move,improve
2520,8,1391.55,2,469.3,swap,notBad
2521,8,1391.55,2,469.3,2opt,notBad
2522,8,1391.55,2,469.3,move,improve
2523,8,1385.4499999999998,2,469.3,move,improve
2524,8,1385.4499999999998,2,469.3,swap,notBad
2525,8,1385.4499999999998,2,469.3,2opt,notBad
2526,8,1385.4499999999998,2,469.3,swap,notBad
2527,8,1385.4499999999998,2,469.3,2opt,notBad
2528,8,1418.0999999999997,2,469.3,swap,acceptBad
2529,8,1418.0999999999997,2,469.3,move,improve
2530,8,1476.55,2,469.3,move,acceptBad
2531,8,1476.55,2,469.3,2opt,notBad
2532,8,1472.0,2,469.3,swap,improve
2533,8,1472.0,2,469.3,2opt,notBad
2534,8,1472.0,2,469.3,2opt,notBad
2535,8,1452.9,2,469.3,move,improve
2536,8,1452.9,2,469.3,2opt,notBad
2537,8,1452.9,2,469.3,move,improve
2538,8,1442.0500000000002,2,469.3,move,improve
2539,8,1442.0500000000002,2,469.3,move,improve
2540,8,1442.0500000000002,2,469.3,move,improve
2541,8,1476.05,2,469.3,swap,acceptBad
2542,8,1476.05,2,469.3,2opt,notBad
2543,8,1476.05,2,469.3,2opt,notBad
2544,8,1476.05,2,469.3,move,improve
2545,8,1476.05,2,469.3,move,improve
2546,8,1476.05,2,469.3,swap,notBad
2547,8,1491.2999999999995,2,469.3,2opt,acceptBad
2548,8,1491.2999999999995,2,469.3,2opt,notBad
2549,8,1491.2999999999995,2,469.3,2opt,notBad
2550,8,1629.1,2,469.3,swap,acceptBad
2551,8,1644.6000000000004,2,469.3,2opt,acceptBad
2552,8,1644.6000000000004,2,469.3,2opt,notBad
2553,8,1596.9500000000003,2,469.3,swap,improve
2554,8,1522.0499999999997,2,469.3,move,improve
2555,8,1522.0499999999997,2,469.3,swap,notBad
2556,8,1522.0499999999997,2,469.3,2opt,notBad
2557,8,1522.0499999999997,2,469.3,swap,notBad
2558,8,1522.0499999999997,2,469.3,swap,notBad
2559,8,1522.0499999999997,2,469.3,swap,notBad
2560,8,1522.0499999999997,2,469.3,2opt,notBad
2561,8,1522.0499999999997,2,469.3,2opt,notBad
2562,8,1522.0499999999997,2,469.3,2opt,notBad
2563,8,1516.7499999999998,2,469.3,move,improve
2564,8,1548.7999999999997,2,469.3,swap,acceptBad
2565,8,1547.3999999999994,2,469.3,2opt,improve
2566,8,1526.7999999999995,2,469.3,move,improve
2567,8,1526.7999999999995,2,469.3,swap,notBad
2568,8,1526.7999999999995,2,469.3,move,improve
2569,8,1526.7999999999995,2,469.3,2opt,notBad
2570,8,1526.7999999999995,2,469.3,2opt,notBad
2571,8,1526.7999999999995,2,469.3,2opt,notBad
2572,8,1526.7999999999995,2,469.3,move,improve
2573,8,1715.6999999999994,2,469.3,move,acceptBad
2574,8,1715.6999999999994,2,469.3,2opt,notBad
2575,8,1715.6999999999994,2,469.3,2opt,notBad
2576,8,1715.6999999999994,2,469.3,swap,notBad
2577,8,1715.6999999999994,2,469.3,2opt,notBad
2578,8,1715.6999999999994,2,469.3,2opt,notBad
2579,8,1751.5499999999997,2,469.3,2opt,acceptBad
2580,8,1631.6,2,469.3,move,improve
2581,8,1460.3999999999999,2,469.3,move,improve
2582,8,1460.3999999999999,2,469.3,move,improve
2583,8,1460.3999999999999,2,469.3,2opt,improve
2584,8,1460.3999999999999,2,469.3,swap,notBad
2585,8,1460.3999999999999,2,469.3,2opt,notBad
2586,8,1460.3999999999999,2,469.3,swap,notBad
2587,8,1431.0500000000002,2,469.3,move,improve
2588,8,1463.55,2,469.3,2opt,acceptBad
2589,8,1463.55,2,469.3,2opt,notBad
2590,8,1463.55,2,469.3,2opt,notBad
2591,8,1463.55,2,469.3,move,improve
2592,8,1463.55,2,469.3,2opt,notBad
2593,8,1437.85,2,469.3,move,improve
2594,8,1421.75,2,469.3,2opt,improve
2595,8,1421.75,2,469.3,move,improve
2596,8,1421.75,2,469.3,move,improve
2597,8,1421.75,2,469.3,2opt,notBad
2598,8,1421.75,2,469.3,swap,notBad
2599,8,1411.65,2,469.3,swap,improve
2600,8,1411.65,2,469.3,move,improve
2601,8,1411.65,2,469.3,2opt,notBad
2602,8,1409.1,2,469.3,move,improve
2603,8,1409.1,2,469.3,swap,notBad
2604,8,1409.1,2,469.3,2opt,notBad
2605,8,1409.1,2,469.3,swap,notBad
2606,8,1409.1,2,469.3,swap,notBad
2607,8,1409.1,2,469.3,move,improve
2608,8,1409.1,2,469.3,swap,notBad
2609,8,1409.1,2,469.3,2opt,notBad
2610,8,1409.1,2,469.3,move,improve
2611,8,1409.1,2,469.3,move,improve
2612,8,1409.1,2,469.3,swap,notBad
2613,8,1409.1,2,469.3,swap,notBad
2614,8,1532.4499999999998,2,469.3,swap,acceptBad
2615,8,1532.4499999999998,2,469.3,move,improve
2616,8,1532.4499999999998,2,469.3,2opt,notBad
2617,8,1532.4499999999998,2,469.3,move,improve
2618,8,1466.9499999999998,2,469.3,swap,improve
2619,8,1488.85,2,469.3,swap,acceptBad
2620,8,1475.35,2,469.3,move,improve
2621,8,1475.35,2,469.3,swap,notBad
2622,8,1475.35,2,469.3,swap,notBad
2623,8,1397.8500000000001,2,469.3,swap,improve
2624,8,1397.8500000000001,2,469.3,move,improve
2625,8,1346.65,2,469.3,swap,improve
2626,8,1346.65,2,469.3,2opt,notBad
2627,8,1346.65,2,469.3,2opt,notBad
2628,8,1346.65,2,469.3,2opt,notBad
2629,8,1346.65,2,469.3,2opt,notBad
2630,8,1346.65,2,469.3,move,improve
2631,8,1346.65,2,469.3,move,improve
2632,8,1346.65,2,469.3,swap,notBad
2633,8,1423.6000000000001,2,469.3,swap,acceptBad
2634,8,1423.6000000000001,2,469.3,move,improve
2635,8,1349.3500000000001,2,469.3,move,improve
2636,8,1349.3500000000001,2,469.3,move,improve
2637,8,1349.3500000000001,2,469.3,swap,notBad
2638,8,1349.3500000000001,2,469.3,2opt,notBad
2639,8,1349.3500000000001,2,469.3,swap,notBad
2640,8,1349.3500000000001,2,469.3,swap,notBad
2641,8,1349.3500000000001,2,469.3,2opt,notBad
2642,8,1365.3500000000001,2,469.3,swap,acceptBad
2643,8,1365.3500000000001,2,469.3,swap,notBad
2644,8,1365.3500000000001,2,469.3,swap,notBad
2645,8,1384.5500000000002,2,469.3,swap,acceptBad
2646,8,1378.6,2,469.3,move,improve
2647,8,1378.6,2,469.3,move,improve
2648,8,1378.6,2,469.3,swap,notBad
2649,8,1378.6,2,469.3,2opt,notBad
2650,8,1378.6,2,469.3,move,improve
2651,8,1378.6,2,469.3,2opt,improve
2652,8,1341.8499999999997,2,469.3,swap,improve
2653,8,1341.8499999999997,2,469.3,2opt,notBad
2654,8,1341.8499999999997,2,469.3,move,improve
2655,8,1341.8499999999997,2,469.3,2opt,notBad
2656,8,1328.2,2,469.3,move,improve
2657,8,1345.25,2,469.3,2opt,acceptBad
2658,8,1345.25,2,469.3,move,improve
2659,8,1344.8499999999997,2,469.3,move,improve
2660,8,1344.8499999999997,2,469.3,swap,notBad
2661,8,1398.6999999999998,2,469.3,swap,acceptBad
2662,8,1398.6999999999998,2,469.3,swap,notBad
2663,8,1398.6999999999998,2,469.3,move,improve
2664,8,1398.6999999999998,2,469.3,2opt,notBad
2665,8,1397.9,2,469.3,move,improve
2666,8,1397.9,2,469.3,move,improve
2667,8,1397.9,2,469.3,swap,notBad
2668,8,1397.9,2,469.3,swap,notBad
2669,8,1397.9,2,469.3,2opt,notBad
2670,8,1459.6000000000004,2,469.3,swap,acceptBad
2671,8,1451.0500000000002,2,469.3,move,improve
2672,8,1451.0500000000002,2,469.3,2opt,notBad
2673,8,1451.0500000000002,2,469.3,swap,notBad
2674,8,1451.0500000000002,2,469.3,swap,notBad
2675,8,1451.0500000000002,2,469.3,move,improve
2676,8,1501.8500000000004,2,469.3,swap,acceptBad
2677,8,1501.8500000000004,2,469.3,swap,notBad
2678,8,1501.8500000000004,2,469.3,swap,notBad
2679,8,1501.8500000000004,2,469.3,swap,notBad
2680,8,1501.8500000000004,2,469.3,2opt,notBad
2681,8,1501.8500000000004,2,469.3,2opt,notBad
2682,8,1501.8500000000004,2,469.3,2opt,improve
2683,8,1501.8500000000004,2,469.3,swap,notBad
2684,8,1501.8500000000004,2,469.3,2opt,notBad
2685,8,1501.8500000000004,2,469.3,move,improve
2686,8,1501.8500000000004,2,469.3,move,improve
2687,8,1501.8500000000004,2,469.3,swap,notBad
2688,8,1501.8500000000004,2,469.3,swap,notBad
2689,8,1517.5500000000004,2,469.3,swap,acceptBad
2690,8,1517.5500000000004,2,469.3,swap,notBad
2691,8,1517.5500000000004,2,469.3,swap,notBad
2692,8,1517.5500000000004,2,469.3,swap,notBad
2693,8,1517.5500000000004,2,469.3,2opt,improve
2694,8,1517.5500000000004,2,469.3,move,improve
2695,8,1461.5500000000004,2,469.3,2opt,improve
2696,8,1460.7500000000005,2,469.3,move,improve
2697,8,1460.7500000000005,2,469.3,2opt,notBad
2698,8,1460.7500000000005,2,469.3,2opt,notBad
2699,8,1460.7500000000005,2,469.3,swap,notBad
2700,8,1459.9500000000005,2,469.3,move,improve
2701,8,1459.9500000000005,2,469.3,move,improve
2702,8,1454.7500000000005,2,469.3,move,improve
2703,8,1445.8000000000004,2,469.3,swap,improve
2704,8,1445.8000000000004,2,469.3,2opt,notBad
2705,8,1443.6000000000006,2,469.3,swap,improve
2706,8,1450.3,2,469.3,swap,acceptBad
2707,8,1450.3,2,469.3,swap,notBad
2708,8,1450.3,2,469.3,move,improve
2709,8,1462.25,2,469.3,swap,acceptBad
2710,8,1511.4499999999998,2,469.3,swap,acceptBad
2711,8,1511.4499999999998,2,469.3,2opt,notBad
2712,8,1511.4499999999998,2,469.3,swap,notBad
2713,8,1511.4499999999998,2,469.3,2opt,notBad
2714,8,1466.1500000000003,2,469.3,move,improve
2715,8,1466.1500000000003,2,469.3,swap,notBad
2716,8,1458.4500000000003,2,469.3,swap,improve
2717,8,1458.4500000000003,2,469.3,2opt,notBad
2718,8,1458.9,2,469.3,swap,acceptBad
2719,8,1458.9,2,469.3,move,improve
2720,8,1459.6999999999998,2,469.3,swap,acceptBad
2721,8,1454.25,2,469.3,move,improve
2722,8,1454.25,2,469.3,move,improve
2723,8,1454.25,2,469.3,swap,notBad
2724,8,1454.25,2,469.3,swap,notBad
2725,8,1454.25,2,469.3,move,improve
2726,8,1454.25,2,469.3,2opt,notBad
2727,8,1454.25,2,469.3,2opt,notBad
2728,8,1454.25,2,469.3,2opt,notBad
2729,8,1454.25,2,469.3,swap,notBad
2730,8,1454.25,2,469.3,swap,notBad
2731,8,1454.25,2,469.3,2opt,notBad
2732,8,1454.25,2,469.3,swap,notBad
2733,8,1454.15,2,469.3,move,improve
2734,8,1420.65,2,469.3,move,improve
2735,8,1420.65,2,469.3,swap,notBad
2736,8,1423.05,2,469.3,swap,acceptBad
2737,8,1423.05,2,469.3,2opt,improve
2738,8,1423.05,2,469.3,2opt,notBad
2739,8,1423.05,2,469.3,2opt,notBad
2740,8,1423.05,2,469.3,swap,notBad
2741,8,1423.05,2,469.3,2opt,notBad
2742,8,1401.9499999999998,2,469.3,move,improve
2743,8,1388.5500000000002,2,469.3,move,improve
2744,8,1388.5500000000002,2,469.3,move,improve
2745,8,1388.5500000000002,2,469.3,swap,notBad
2746,8,1388.5500000000002,2,469.3,move,improve
2747,8,1388.5500000000002,2,469.3,swap,notBad
2748,8,1388.5500000000002,2,469.3,move,improve
2749,8,1388.5500000000002,2,469.3,2opt,notBad
2750,8,1388.5500000000002,2,469.3,2opt,notBad
2751,8,1388.5500000000002,2,469.3,swap,notBad
2752,8,1388.5500000000002,2,469.3,2opt,notBad
2753,8,1388.3500000000001,2,469.3,move,improve
2754,8,1388.3500000000001,2,469.3,move,improve
2755,8,1388.3500000000001,2,469.3,2opt,notBad
2756,8,1388.3500000000001,2,469.3,move,improve
2757,8,1334.5,2,469.3,swap,improve
2758,8,1334.5,2,469.3,move,improve
2759,8,1334.5,2,469.3,2opt,improve
2760,8,1334.5,2,469.3,2opt,notBad
2761,8,1334.5,2,469.3,2opt,notBad
2762,8,1334.5,2,469.3,swap,notBad
2763,8,1334.5,2,469.3,swap,notBad
2764,8,1334.5,2,469.3,swap,notBad
2765,8,1334.5,2,469.3,swap,notBad
2766,8,1341.0,2,469.3,swap,acceptBad
2767,8,1341.0,2,469.3,swap,notBad
2768,8,1343.6,2,469.3,2opt,acceptBad
2769,8,1343.6,2,469.3,move,improve
2770,8,1343.6,2,469.3,move,improve
2771,8,1331.4,2,469.3,swap,improve
2772,8,1331.4,2,469.3,move,improve
2773,8,1331.4,2,469.3,2opt,improve
2774,8,1330.9,2,469.3,move,improve
2775,8,1330.9,2,469.3,2opt,notBad
2776,8,1330.9,2,469.3,swap,notBad
2777,8,1330.9,2,469.3,2opt,notBad
2778,8,1330.9,2,469.3,2opt,notBad
2779,8,1330.9,2,469.3,2opt,notBad
2780,8,1330.9,2,469.3,2opt,notBad
2781,8,1327.7000000000003,2,469.3,swap,improve
2782,8,1327.7000000000003,2,469.3,swap,notBad
2783,8,1327.7000000000003,2,469.3,move,improve
2784,8,1358.1000000000001,2,469.3,swap,acceptBad
2785,8,1358.1000000000001,2,469.3,move,improve
2786,8,1365.75,2,469.3,2opt,acceptBad
2787,8,1365.75,2,469.3,2opt,improve
2788,8,1365.75,2,469.3,swap,notBad
2789,8,1365.75,2,469.3,move,improve
2790,8,1365.75,2,469.3,2opt,improve
2791,8,1365.55,2,469.3,move,improve
2792,8,1365.55,2,469.3,2opt,notBad
2793,8,1365.55,2,469.3,2opt,notBad
2794,8,1414.95,2,469.3,swap,acceptBad
2795,8,1422.4499999999998,2,469.3,swap,acceptBad
2796,8,1422.4499999999998,2,469.3,move,improve
2797,8,1422.4499999999998,2,469.3,move,improve
2798,8,1426.5500000000002,2,469.3,swap,acceptBad
2799,8,1426.5500000000002,2,469.3,2opt,notBad
2800,8,1426.5500000000002,2,469.3,swap,notBad
2801,8,1426.5500000000002,2,469.3,move,improve
2802,8,1426.5500000000002,2,469.3,2opt,notBad
2803,8,1426.5500000000002,2,469.3,2opt,improve
2804,8,1426.5500000000002,2,469.3,2opt,notBad
2805,8,1426.5500000000002,2,469.3,move,improve
2806,8,1375.4,2,469.3,move,improve
2807,8,1375.4,2,469.3,swap,notBad
2808,8,1375.4,2,469.3,move,improve
2809,8,1375.4,2,469.3,2opt,improve
2810,8,1375.4,2,469.3,swap,notBad
2811,8,1375.4,2,469.3,2opt,notBad
2812,8,1375.4,2,469.3,swap,notBad
2813,8,1375.4,2,469.3,move,improve
2814,8,1375.4,2,469.3,2opt,notBad
2815,8,1373.0500000000002,2,469.3,move,improve
2816,8,1373.0500000000002,2,469.3,2opt,notBad
2817,8,1360.7500000000002,2,469.3,swap,improve
2818,8,1360.7500000000002,2,469.3,swap,notBad
2819,8,1360.7500000000002,2,469.3,2opt,notBad
2820,8,1360.7500000000002,2,469.3,move,improve
2821,8,1360.7500000000002,2,469.3,2opt,notBad
2822,8,1360.7500000000002,2,469.3,swap,notBad
2823,7,1375.5999999999995,2,469.3,2opt,acceptBad
2824,7,1372.4999999999995,2,469.3,move,improve
2825,7,1372.4999999999995,2,469.3,swap,notBad
2826,7,1372.4999999999995,2,469.3,2opt,notBad
2827,7,1372.4999999999995,2,469.3,move,improve
2828,7,1372.4999999999995,2,469.3,2opt,notBad
2829,7,1372.4999999999995,2,469.3,swap,notBad
2830,7,1297.5499999999997,2,469.3,move,improve
2831,7,1297.5499999999997,2,469.3,2opt,notBad
2832,7,1211.8000000000002,2,469.3,move,improve
2833,7,1211.8000000000002,2,469.3,2opt,notBad
2834,7,1211.8000000000002,2,469.3,move,improve
2835,7,1211.8000000000002,2,469.3,2opt,notBad
2836,7,1211.8000000000002,2,469.3,move,improve
2837,7,1211.0,2,469.3,move,improve
2838,7,1211.0,2,469.3,2opt,notBad
2839,7,1183.8500000000004,2,469.3,move,improve
2840,7,1182.5000000000005,2,469.3,move,improve
2841,7,1182.5000000000005,2,469.3,move,improve
2842,7,1182.5000000000005,2,469.3,move,improve
2843,7,1182.5000000000005,2,469.3,2opt,notBad
2844,7,1182.5000000000005,2,469.3,move,improve
2845,7,1182.5000000000005,2,469.3,2opt,notBad
2846,7,1181.8000000000004,2,469.3,move,improve
2847,7,1163.6499999999999,2,469.3,swap,improve
2848,7,1163.6499999999999,2,469.3,swap,notBad
2849,7,1149.5499999999997,2,469.3,2opt,improve
2850,7,1149.5499999999997,2,469.3,move,improve
2851,7,1149.5499999999997,2,469.3,move,improve
2852,7,1145.8999999999999,2,469.3,2opt,improve
2853,7,1145.8999999999999,2,469.3,swap,notBad
2854,7,1145.8999999999999,2,469.3,swap,notBad
2855,7,1145.8999999999999,2,469.3,2opt,notBad
2856,7,1120.1500000000003,2,469.3,move,improve
2857,7,1120.1500000000003,2,469.3,swap,notBad
2858,7,1120.1500000000003,2,469.3,swap,notBad
2859,7,1120.1500000000003,2,469.3,swap,notBad
2860,7,1120.1500000000003,2,469.3,2opt,notBad
2861,7,1120.1500000000003,2,469.3,2opt,notBad
2862,7,1120.1500000000003,2,469.3,2opt,improve
2863,7,1120.1500000000003,2,469.3,2opt,notBad
2864,7,1124.9500000000003,2,469.3,swap,acceptBad
2865,7,1120.3500000000004,2,469.3,move,improve
2866,7,1120.3500000000004,2,469.3,swap,notBad
2867,7,1113.5,2,469.3,move,improve
2868,7,1113.5,2,469.3,move,improve
2869,7,1113.5,2,469.3,2opt,notBad
2870,7,1113.5,2,469.3,2opt,notBad
2871,7,1113.5,2,469.3,move,improve
2872,7,1113.5,2,469.3,2opt,notBad
2873,7,1113.5,2,469.3,2opt,notBad
2874,7,1113.5,2,469.3,2opt,notBad
2875,7,1113.5,2,469.3,2opt,notBad
2876,7,1111.5,2,469.3,move,improve
2877,7,1068.4999999999995,2,469.3,move,improve
2878,7,1068.4999999999995,2,469.3,swap,notBad
2879,7,1068.4999999999995,2,469.3,2opt,notBad
2880,7,1068.4999999999995,2,469.3,2opt,notBad
2881,7,1068.4999999999995,2,469.3,2opt,notBad
2882,7,1068.4999999999995,2,469.3,2opt,notBad
2883,7,1068.4999999999995,2,469.3,swap,notBad
2884,7,1090.5499999999995,2,469.3,swap,acceptBad
2885,7,1090.5499999999995,2,469.3,move,improve
2886,7,1086.3499999999995,2,469.3,move,improve
2887,7,1086.3499999999995,2,469.3,swap,notBad
2888,7,1086.3499999999995,2,469.3,move,improve
2889,7,1086.3499999999995,2,469.3,swap,notBad
2890,7,1086.3499999999995,2,469.3,2opt,notBad
2891,7,1073.7499999999995,2,469.3,move,improve
2892,7,1073.4999999999993,2,469.3,2opt,improve
2893,7,1073.4999999999993,2,469.3,2opt,notBad
2894,7,1073.4999999999993,2,469.3,swap,notBad
2895,7,1073.4999999999993,2,469.3,swap,notBad
2896,7,1073.4999999999993,2,469.3,swap,notBad
2897,7,1073.4999999999993,2,469.3,move,improve
2898,7,1073.4999999999993,2,469.3,2opt,notBad
2899,7,1073.4999999999993,2,469.3,swap,notBad
2900,7,1062.1499999999992,2,469.3,move,improve
2901,7,1062.1499999999992,2,469.3,2opt,notBad
2902,7,1062.1499999999992,2,469.3,swap,notBad
2903,7,1139.1499999999996,2,469.3,swap,acceptBad
2904,7,1139.1499999999996,2,469.3,2opt,notBad
2905,7,1139.1499999999996,2,469.3,move,improve
2906,7,1145.85,2,469.3,2opt,acceptBad
2907,7,1145.85,2,469.3,2opt,notBad
2908,7,1145.85,2,469.3,swap,notBad
2909,7,1145.85,2,469.3,move,improve
2910,7,1145.85,2,469.3,move,improve
2911,7,1145.85,2,469.3,2opt,notBad
2912,7,1145.85,2,469.3,swap,notBad
2913,7,1145.85,2,469.3,2opt,notBad
2914,7,1118.7499999999995,2,469.3,move,improve
2915,7,1118.7499999999995,2,469.3,2opt,notBad
2916,7,1118.7499999999995,2,469.3,2opt,notBad
2917,7,1118.7499999999995,2,469.3,move,improve
2918,7,1203.6499999999994,2,469.3,swap,acceptBad
2919,7,1203.6499999999994,2,469.3,swap,notBad
2920,7,1202.7499999999995,2,469.3,move,improve
2921,7,1202.7499999999995,2,469.3,swap,notBad
2922,7,1216.5,2,469.3,swap,acceptBad
2923,7,1216.5,2,469.3,move,improve
2924,7,1216.5,2,469.3,move,improve
2925,7,1216.5,2,469.3,2opt,notBad
2926,7,1160.85,2,469.3,move,improve
2927,7,1225.9,2,469.3,swap,acceptBad
2928,7,1225.9,2,469.3,move,improve
2929,7,1225.9,2,469.3,2opt,notBad
2930,7,1225.9,2,469.3,2opt,notBad
2931,7,1225.9,2,469.3,2opt,notBad
2932,7,1225.9500000000003,2,469.3,swap,acceptBad
2933,7,1225.9500000000003,2,469.3,move,improve
2934,7,1225.9500000000003,2,469.3,2opt,notBad
2935,7,1188.1,2,469.3,move,improve
2936,7,1183.6,2,469.3,move,improve
2937,7,1184.8,2,469.3,swap,acceptBad
2938,7,1169.35,2,469.3,2opt,improve
2939,7,1169.35,2,469.3,swap,notBad
2940,7,1169.35,2,469.3,move,improve
2941,7,1169.35,2,469.3,2opt,notBad
2942,7,1151.1000000000004,2,469.3,move,improve
2943,7,1151.1000000000004,2,469.3,2opt,notBad
2944,7,1151.4000000000005,2,469.3,swap,acceptBad
2945,7,1147.4,2,469.3,move,improve
2946,7,1147.4,2,469.3,swap,notBad
2947,7,1147.4,2,469.3,swap,notBad
2948,7,1135.15,2,469.3,move,improve
2949,7,1135.15,2,469.3,2opt,notBad
2950,7,1125.9,2,469.3,move,improve
2951,7,1125.9,2,469.3,move,improve
2952,7,1125.9,2,469.3,swap,notBad
2953,7,1122.2000000000003,2,469.3,move,improve
2954,7,1122.2000000000003,2,469.3,move,improve
2955,7,1122.2000000000003,2,469.3,move,improve
2956,7,1122.2000000000003,2,469.3,move,improve
2957,7,1122.2000000000003,2,469.3,swap,notBad
2958,7,1119.9500000000003,2,469.3,move,improve
2959,7,1119.9500000000003,2,469.3,swap,notBad
2960,7,1119.9500000000003,2,469.3,2opt,notBad
2961,7,1119.9500000000003,2,469.3,move,improve
2962,7,1119.9500000000003,2,469.3,move,improve
2963,7,1119.9500000000003,2,469.3,move,improve
2964,7,1119.9500000000003,2,469.3,2opt,notBad
2965,7,1119.9500000000003,2,469.3,2opt,notBad
2966,7,1119.9500000000003,2,469.3,move,improve
2967,7,1119.9500000000003,2,469.3,swap,notBad
2968,7,1119.9500000000003,2,469.3,2opt,notBad
2969,7,1119.9500000000003,2,469.3,2opt,improve
2970,7,1155.2500000000002,2,469.3,swap,acceptBad
2971,7,1155.2500000000002,2,469.3,2opt,notBad
2972,7,1155.2500000000002,2,469.3,2opt,notBad
2973,7,1155.2500000000002,2,469.3,2opt,notBad
2974,7,1155.2500000000002,2,469.3,2opt,notBad
2975,7,1155.2500000000002,2,469.3,move,improve
2976,7,1155.2500000000002,2,469.3,swap,notBad
2977,7,1120.3500000000004,2,469.3,move,improve
2978,7,1120.3500000000004,2,469.3,2opt,notBad
2979,7,1120.3500000000004,2,469.3,swap,notBad
2980,7,1135.2000000000003,2,469.3,swap,acceptBad
2981,7,1079.5000000000002,2,469.3,move,improve
2982,7,1079.5000000000002,2,469.3,swap,notBad
2983,7,1079.5000000000002,2,469.3,2opt,notBad
2984,7,1079.5000000000002,2,469.3,2opt,improve
2985,7,1079.5000000000002,2,469.3,2opt,notBad
2986,7,1074.5500000000002,2,469.3,swap,improve
2987,7,1074.5500000000002,2,469.3,move,improve
2988,7,1070.65,2,469.3,swap,improve
2989,7,1070.65,2,469.3,2opt,notBad
2990,7,1070.65,2,469.3,2opt,improve
2991,7,1101.1000000000004,2,469.3,swap,acceptBad
2992,7,1101.1000000000004,2,469.3,2opt,notBad
2993,7,1101.1000000000004,2,469.3,move,improve
2994,7,1101.1000000000004,2,469.3,2opt,notBad
2995,7,1101.1000000000004,2,469.3,move,improve
2996,7,1087.7499999999995,2,469.3,swap,improve
2997,7,1087.7499999999995,2,469.3,2opt,notBad
2998,7,1087.7499999999995,2,469.3,2opt,notBad
2999,7,1143.6499999999996,2,469.3,swap,acceptBad
3000,7,1142.5499999999995,2,469.3,move,improve
3001,7,1142.5499999999995,2,469.3,swap,notBad
3002,7,1142.5499999999995,2,469.3,swap,notBad
3003,7,1142.5499999999995,2,469.3,2opt,notBad
3004,7,1136.9999999999995,2,469.3,move,improve
3005,7,1132.3499999999997,2,469.3,move,improve
3006,7,1132.3499999999997,2,469.3,swap,notBad
3007,7,1132.3499999999997,2,469.3,swap,notBad
3008,7,1132.3499999999997,2,469.3,swap,notBad
3009,7,1132.3499999999997,2,469.3,move,improve
3010,7,1132.3499999999997,2,469.3,move,improve
3011,7,1207.8999999999996,2,469.3,swap,acceptBad
3012,7,1282.15,2,469.3,swap,acceptBad
3013,7,1282.15,2,469.3,2opt,notBad
3014,7,1282.15,2,469.3,swap,notBad
3015,7,1282.15,2,469.3,2opt,improve
3016,7,1282.15,2,469.3,swap,notBad
3017,7,1282.15,2,469.3,swap,notBad
3018,7,1282.15,2,469.3,swap,notBad
3019,7,1271.2000000000003,2,469.3,move,improve
3020,7,1271.2000000000003,2,469.3,2opt,notBad
3021,7,1271.15,2,469.3,move,improve
3022,7,1180.1000000000004,2,469.3,2opt,improve
3023,7,1183.3000000000002,2,469.3,2opt,acceptBad
3024,7,1183.3000000000002,2,469.3,2opt,notBad
3025,7,1183.3000000000002,2,469.3,swap,notBad
3026,7,1183.3000000000002,2,469.3,swap,notBad
3027,7,1235.0499999999997,2,469.3,swap,acceptBad
3028,7,1195.1999999999994,2,469.3,2opt,improve
3029,7,1195.1999999999994,2,469.3,2opt,notBad
3030,7,1195.6499999999996,2,469.3,2opt,acceptBad
3031,7,1195.6499999999996,2,469.3,2opt,notBad
3032,7,1195.6499999999996,2,469.3,2opt,notBad
3033,7,1195.6499999999996,2,469.3,2opt,notBad
3034,7,1195.6499999999996,2,469.3,2opt,notBad
3035,7,1195.6499999999996,2,469.3,2opt,notBad
3036,7,1195.6499999999996,2,469.3,2opt,notBad
3037,7,1195.6499999999996,2,469.3,2opt,notBad
3038,7,1195.6499999999996,2,469.3,move,improve
3039,7,1239.25,2,469.3,swap,acceptBad
3040,7,1234.2499999999998,2,469.3,move,improve
3041,7,1234.2499999999998,2,469.3,swap,notBad
3042,7,1234.2499999999998,2,469.3,2opt,notBad
3043,7,1213.75,2,469.3,move,improve
3044,7,1213.75,2,469.3,swap,notBad
3045,7,1213.5,2,469.3,move,improve
3046,7,1213.5,2,469.3,swap,notBad
3047,7,1213.5,2,469.3,swap,notBad
3048,7,1213.5,2,469.3,move,improve
3049,7,1178.4,2,469.3,move,improve
3050,7,1178.4,2,469.3,2opt,notBad
3051,7,1178.4,2,469.3,move,improve
3052,7,1193.55,2,469.3,2opt,acceptBad
3053,7,1193.55,2,469.3,move,improve
3054,7,1193.55,2,469.3,move,improve
3055,7,1197.9,2,469.3,swap,acceptBad
3056,7,1197.9,2,469.3,2opt,notBad
3057,7,1197.9,2,469.3,swap,notBad
3058,7,1197.9,2,469.3,move,improve
3059,7,1197.9,2,469.3,2opt,improve
3060,7,1197.9,2,469.3,2opt,notBad
3061,7,1197.9,2,469.3,swap,notBad
3062,7,1197.9,2,469.3,2opt,notBad
3063,7,1197.9,2,469.3,move,improve
3064,7,1197.9,2,469.3,2opt,notBad
3065,7,1192.4499999999998,2,469.3,swap,improve
3066,7,1192.1999999999998,2,469.3,move,improve
3067,7,1192.1999999999998,2,469.3,2opt,notBad
3068,7,1192.1999999999998,2,469.3,move,improve
3069,7,1262.7,2,469.3,swap,acceptBad
3070,7,1233.4,2,469.3,swap,improve
3071,7,1233.4,2,469.3,move,improve
3072,7,1233.4,2,469.3,2opt,notBad
3073,7,1233.4,2,469.3,2opt,notBad
3074,7,1233.4,2,469.3,2opt,notBad
3075,7,1233.4,2,469.3,swap,notBad
3076,7,1233.4,2,469.3,2opt,notBad
3077,7,1240.1,2,469.3,2opt,acceptBad
3078,7,1240.1,2,469.3,2opt,notBad
3079,7,1240.1,2,469.3,2opt,notBad
3080,7,1240.1,2,469.3,2opt,notBad
3081,7,1220.55,2,469.3,move,improve
3082,7,1220.55,2,469.3,2opt,notBad
3083,7,1220.55,2,469.3,swap,notBad
3084,7,1220.55,2,469.3,swap,notBad
3085,7,1211.4,2,469.3,move,improve
3086,7,1241.75,2,469.3,swap,acceptBad
3087,7,1241.75,2,469.3,2opt,notBad
3088,7,1241.75,2,469.3,2opt,notBad
3089,7,1241.75,2,469.3,swap,notBad
3090,7,1170.4499999999998,2,469.3,move,improve
3091,7,1170.4499999999998,2,469.3,2opt,notBad
3092,7,1197.2500000000002,2,469.3,swap,acceptBad
3093,7,1197.2500000000002,2,469.3,move,improve
3094,7,1167.3500000000001,2,469.3,move,improve
3095,7,1167.3500000000001,2,469.3,move,improve
3096,7,1167.3500000000001,2,469.3,swap,notBad
3097,7,1163.2999999999997,2,469.3,swap,improve
3098,7,1163.2999999999997,2,469.3,move,notBad
3099,7,1163.2999999999997,2,469.3,2opt,notBad
3100,7,1163.2999999999997,2,469.3,2opt,notBad
3101,7,1163.2999999999997,2,469.3,2opt,notBad
3102,7,1163.2999999999997,2,469.3,2opt,notBad
3103,7,1163.2999999999997,2,469.3,move,improve
3104,7,1161.9499999999998,2,469.3,2opt,improve
3105,7,1160.9499999999998,2,469.3,move,improve
3106,7,1160.9499999999998,2,469.3,move,improve
3107,7,1160.9499999999998,2,469.3,swap,notBad
3108,7,1160.9499999999998,2,469.3,2opt,notBad
3109,7,1154.9500000000003,2,469.3,swap,improve
3110,7,1154.9500000000003,2,469.3,move,improve
3111,7,1154.4,2,469.3,move,improve
3112,7,1154.4,2,469.3,2opt,notBad
3113,7,1154.4,2,469.3,swap,notBad
3114,7,1154.4,2,469.3,2opt,notBad
3115,7,1154.4,2,469.3,2opt,notBad
3116,7,1154.4,2,469.3,2opt,notBad
3117,7,1154.4,2,469.3,move,improve
3118,7,1152.6000000000001,2,469.3,swap,improve
3119,7,1152.3000000000004,2,469.3,move,improve
3120,7,1114.1000000000004,2,469.3,move,improve
3121,7,1133.1500000000005,2,469.3,move,acceptBad
3122,7,1133.1500000000005,2,469.3,move,improve
3123,7,1131.5000000000005,2,469.3,swap,improve
3124,7,1145.7500000000005,2,469.3,2opt,acceptBad
3125,7,1145.7500000000005,2,469.3,swap,notBad
3126,7,1145.7500000000005,2,469.3,move,improve
3127,7,1145.7500000000005,2,469.3,2opt,notBad
3128,7,1141.7500000000005,2,469.3,move,improve
3129,7,1141.7500000000005,2,469.3,swap,notBad
3130,7,1139.0500000000006,2,469.3,move,improve
3131,7,1136.4000000000005,2,469.3,move,improve
3132,7,1136.4000000000005,2,469.3,move,improve
3133,7,1136.4000000000005,2,469.3,2opt,notBad
3134,7,1136.4000000000005,2,469.3,move,improve
3135,7,1136.4000000000005,2,469.3,2opt,notBad
3136,7,1136.4000000000005,2,469.3,2opt,notBad
3137,7,1136.4000000000005,2,469.3,swap,notBad
3138,7,1135.4000000000003,2,469.3,swap,improve
3139,7,1135.4000000000003,2,469.3,move,improve
3140,7,1135.4000000000003,2,469.3,2opt,notBad
3141,7,1135.4000000000003,2,469.3,swap,notBad
3142,7,1135.4000000000003,2,469.3,swap,notBad
3143,7,1135.4000000000003,2,469.3,swap,notBad
3144,7,1134.0,2,469.3,2opt,improve
3145,7,1134.0,2,469.3,2opt,notBad
3146,7,1134.0,2,469.3,move,improve
3147,7,1134.0,2,469.3,2opt,notBad
3148,7,1134.0,2,469.3,swap,notBad
3149,7,1134.0,2,469.3,2opt,notBad
3150,7,1108.9,2,469.3,move,improve
3151,7,1108.9,2,469.3,swap,notBad
3152,7,1108.9,2,469.3,swap,notBad
3153,7,1108.9,2,469.3,2opt,notBad
3154,7,1108.9,2,469.3,move,improve
3155,7,1108.9,2,469.3,swap,notBad
3156,7,1108.9,2,469.3,move,improve
3157,7,1108.9,2,469.3,2opt,notBad
3158,7,1108.9,2,469.3,2opt,notBad
3159,7,1108.9,2,469.3,2opt,notBad
3160,7,1108.9,2,469.3,move,improve
3161,7,1108.9,2,469.3,swap,notBad
3162,7,1108.9,2,469.3,2opt,improve
3163,7,1108.9,2,469.3,2opt,notBad
3164,7,1108.9,2,469.3,2opt,notBad
3165,7,1108.9,2,469.3,move,improve
3166,7,1108.9,2,469.3,2opt,improve
3167,7,1108.9,2,469.3,move,improve
3168,7,1108.9,2,469.3,2opt,notBad
3169,7,1108.9,2,469.3,2opt,notBad
3170,7,1148.2,2,469.3,swap,acceptBad
3171,7,1148.2,2,469.3,2opt,notBad
3172,7,1148.2,2,469.3,swap,notBad
3173,7,1148.2,2,469.3,2opt,notBad
3174,7,1148.2,2,469.3,swap,notBad
3175,7,1148.2,2,469.3,swap,notBad
3176,7,1148.2,2,469.3,move,improve
3177,7,1148.2,2,469.3,swap,notBad
3178,7,1148.2,2,469.3,2opt,notBad
3179,7,1148.2,2,469.3,swap,notBad
3180,7,1137.9,2,469.3,move,improve
3181,7,1103.3500000000001,2,469.3,move,improve
3182,7,1103.3500000000001,2,469.3,2opt,notBad
3183,7,1103.3500000000001,2,469.3,swap,notBad
3184,7,1103.3500000000001,2,469.3,2opt,notBad
3185,7,1103.3500000000001,2,469.3,move,improve
3186,7,1103.3000000000002,2,469.3,move,improve
3187,7,1103.3000000000002,2,469.3,move,improve
3188,7,1103.3000000000002,2,469.3,move,improve
3189,7,1103.3000000000002,2,469.3,2opt,notBad
3190,7,1103.3000000000002,2,469.3,move,improve
3191,7,1103.3000000000002,2,469.3,2opt,notBad
3192,7,1103.3000000000002,2,469.3,swap,notBad
3193,7,1103.3000000000002,2,469.3,2opt,notBad
3194,7,1103.3000000000002,2,469.3,move,improve
3195,7,1103.3000000000002,2,469.3,2opt,notBad
3196,7,1103.3000000000002,2,469.3,move,improve
3197,7,1103.3000000000002,2,469.3,swap,notBad
3198,7,1103.3000000000002,2,469.3,2opt,notBad
3199,7,1103.3000000000002,2,469.3,2opt,notBad
3200,7,1103.3000000000002,2,469.3,move,improve
3201,7,1103.3000000000002,2,469.3,2opt,notBad
3202,7,1103.3000000000002,2,469.3,2opt,notBad
3203,7,1103.3000000000002,2,469.3,2opt,notBad
3204,7,1103.3000000000002,2,469.3,move,improve
3205,7,1103.3000000000002,2,469.3,2opt,improve
3206,7,1103.3000000000002,2,469.3,2opt,notBad
3207,7,1103.3000000000002,2,469.3,2opt,notBad
3208,7,1103.3000000000002,2,469.3,move,improve
3209,7,1103.3000000000002,2,469.3,move,improve
3210,7,1103.3000000000002,2,469.3,2opt,notBad
3211,7,1103.3000000000002,2,469.3,2opt,notBad
3212,7,1103.3000000000002,2,469.3,move,improve
3213,7,1103.3000000000002,2,469.3,swap,notBad
3214,7,1103.3000000000002,2,469.3,move,improve
3215,7,1103.3000000000002,2,469.3,swap,notBad
3216,7,1089.4,2,469.3,move,improve
3217,7,1089.4,2,469.3,2opt,notBad
3218,7,1089.4,2,469.3,swap,notBad
3219,7,1089.4,2,469.3,2opt,notBad
3220,7,1089.4,2,469.3,swap,notBad
3221,7,1089.4,2,469.3,2opt,notBad
3222,7,1089.4,2,469.3,swap,notBad
3223,7,1089.4,2,469.3,2opt,notBad
3224,7,1089.4,2,469.3,2opt,notBad
3225,7,1084.4,2,469.3,move,improve
3226,7,1072.3000000000002,2,469.3,move,improve
3227,7,1072.3000000000002,2,469.3,swap,notBad
3228,7,1072.3000000000002,2,469.3,swap,notBad
3229,7,1072.3000000000002,2,469.3,swap,notBad
3230,7,1074.8,2,469.3,swap,acceptBad
3231,7,1074.8,2,469.3,2opt,notBad
3232,7,1074.8,2,469.3,move,improve
3233,7,1074.8,2,469.3,move,improve
3234,7,1074.8,2,469.3,2opt,notBad
3235,7,1074.8,2,469.3,swap,notBad
3236,7,1093.8000000000002,2,469.3,swap,acceptBad
3237,7,1093.8,2,469.3,swap,improve
3238,7,1093.8,2,469.3,2opt,notBad
3239,7,1093.8,2,469.3,move,improve
3240,7,1093.8,2,469.3,swap,notBad
3241,7,1093.8,2,469.3,2opt,notBad
3242,7,1093.8,2,469.3,2opt,notBad
3243,7,1093.8,2,469.3,2opt,notBad
3244,7,1093.8,2,469.3,swap,notBad
3245,7,1095.0500000000002,2,469.3,swap,acceptBad
3246,7,1095.0500000000002,2,469.3,swap,notBad
3247,7,1095.0500000000002,2,469.3,2opt,notBad
3248,7,1095.0500000000002,2,469.3,move,improve
3249,7,1095.0500000000002,2,469.3,2opt,notBad
3250,7,1066.3000000000002,2,469.3,2opt,improve
3251,7,1066.3000000000002,2,469.3,move,improve
3252,7,1054.9000000000005,2,469.3,swap,improve
3253,7,1054.9000000000005,2,469.3,move,improve
3254,7,1054.9000000000005,2,469.3,swap,notBad
3255,7,1054.9000000000005,2,469.3,move,improve
3256,7,1054.9000000000005,2,469.3,move,improve
3257,7,1054.9000000000005,2,469.3,2opt,notBad
3258,7,1054.9000000000005,2,469.3,move,improve
3259,7,1054.9000000000005,2,469.3,move,improve
3260,7,1054.9000000000005,2,469.3,swap,notBad
3261,7,1054.9000000000005,2,469.3,swap,notBad
3262,7,1067.2000000000005,2,469.3,swap,acceptBad
3263,7,1067.2000000000005,2,469.3,swap,notBad
3264,7,1055.5500000000006,2,469.3,swap,improve
3265,7,1055.5500000000006,2,469.3,2opt,notBad
3266,7,1055.5500000000006,2,469.3,2opt,notBad
3267,7,1053.2500000000005,2,469.3,move,improve
3268,7,1053.2500000000005,2,469.3,2opt,notBad
3269,7,1053.2500000000005,2,469.3,2opt,notBad
3270,7,1053.2500000000005,2,469.3,2opt,notBad
3271,7,1053.2500000000005,2,469.3,2opt,notBad
3272,7,1053.2500000000005,2,469.3,swap,notBad
3273,7,1053.2500000000005,2,469.3,2opt,improve
3274,7,1053.2500000000005,2,469.3,2opt,notBad
3275,7,1048.4,2,469.3,swap,improve
3276,7,1050.8500000000001,2,469.3,swap,acceptBad
3277,7,1044.8000000000002,2,469.3,move,improve
3278,7,1044.8000000000002,2,469.3,move,improve
3279,7,1044.8000000000002,2,469.3,swap,notBad
3280,7,1044.8000000000002,2,469.3,move,improve
3281,7,1044.8000000000002,2,469.3,move,improve
3282,7,1044.8000000000002,2,469.3,2opt,notBad
3283,7,1044.8000000000002,2,469.3,2opt,notBad
3284,7,1044.8000000000002,2,469.3,swap,notBad
3285,7,1044.8000000000002,2,469.3,2opt,notBad
3286,7,1053.8500000000001,2,469.3,swap,acceptBad
3287,7,1053.8500000000001,2,469.3,2opt,notBad
3288,7,1053.8500000000001,2,469.3,swap,notBad
3289,7,1053.8500000000001,2,469.3,swap,notBad
3290,7,1053.8500000000001,2,469.3,2opt,notBad
3291,7,1053.8500000000001,2,469.3,2opt,notBad
3292,7,1084.4500000000003,2,469.3,swap,acceptBad
3293,7,1084.4500000000003,2,469.3,swap,notBad
3294,7,1084.4500000000003,2,469.3,swap,notBad
3295,7,1098.85,2,469.3,swap,acceptBad
3296,7,1118.4499999999998,2,469.3,swap,acceptBad
3297,7,1093.2,2,469.3,move,improve
3298,7,1066.65,2,469.3,move,improve
3299,7,1066.65,2,469.3,swap,notBad
3300,7,1051.2500000000002,2,469.3,move,improve
3301,7,1045.5000000000002,2,469.3,move,improve
3302,7,1039.4000000000003,2,469.3,move,improve
3303,7,1033.7000000000003,2,469.3,swap,improve
3304,7,1033.7000000000003,2,469.3,swap,notBad
3305,7,1033.7000000000003,2,469.3,2opt,notBad
3306,7,1033.7000000000003,2,469.3,2opt,notBad
3307,7,1033.7000000000003,2,469.3,2opt,notBad
3308,7,1024.3000000000002,2,469.3,2opt,improve
3309,7,1024.3000000000002,2,469.3,move,improve
3310,7,1027.15,2,469.3,2opt,acceptBad
3311,7,1027.15,2,469.3,move,improve
3312,7,1027.15,2,469.3,2opt,notBad
3313,7,1011.7,2,469.3,move,improve
3314,7,1011.7,2,469.3,2opt,notBad
3315,7,1011.7,2,469.3,swap,notBad
3316,7,1011.7,2,469.3,swap,notBad
3317,7,1011.7,2,469.3,swap,notBad
3318,7,1011.7,2,469.3,move,improve
3319,7,1011.7,2,469.3,move,improve
3320,7,1011.7,2,469.3,swap,notBad
3321,7,1011.7,2,469.3,2opt,notBad
3322,7,1011.7,2,469.3,swap,notBad
3323,7,1011.7,2,469.3,swap,notBad
3324,7,1011.7,2,469.3,swap,notBad
3325,7,1011.7,2,469.3,move,improve
3326,7,1063.0500000000002,2,469.3,swap,acceptBad
3327,7,1063.0500000000002,2,469.3,swap,notBad
3328,7,1063.0500000000002,2,469.3,swap,notBad
3329,7,1063.0500000000002,2,469.3,swap,notBad
3330,7,1077.7000000000003,2,469.3,swap,acceptBad
3331,7,1077.7000000000003,2,469.3,2opt,notBad
3332,7,1224.9500000000003,2,469.3,move,acceptBad
3333,7,1224.9500000000003,2,469.3,move,improve
3334,7,1224.9500000000003,2,469.3,2opt,notBad
3335,7,1207.15,2,469.3,move,improve
3336,7,1207.15,2,469.3,swap,notBad
3337,7,1207.15,2,469.3,swap,notBad
3338,7,1207.15,2,469.3,move,improve
3339,7,1207.15,2,469.3,2opt,notBad
3340,7,1204.65,2,469.3,move,improve
3341,7,1205.8500000000004,2,469.3,swap,acceptBad
3342,7,1204.6000000000004,2,469.3,move,improve
3343,7,1204.6000000000004,2,469.3,2opt,notBad
3344,7,1209.8,2,469.3,2opt,acceptBad
3345,7,1209.8,2,469.3,2opt,notBad
3346,7,1209.8,2,469.3,move,improve
3347,7,1209.8,2,469.3,2opt,notBad
3348,7,1209.8,2,469.3,swap,notBad
3349,7,1214.1,2,469.3,2opt,acceptBad
3350,7,1214.1,2,469.3,swap,notBad
3351,7,1214.1,2,469.3,swap,notBad
3352,7,1213.8,2,469.3,move,improve
3353,7,1213.8,2,469.3,2opt,notBad
3354,7,1153.4499999999998,2,469.3,move,improve
3355,7,1153.4499999999998,2,469.3,2opt,notBad
3356,7,1153.4499999999998,2,469.3,2opt,notBad
3357,7,1153.4499999999998,2,469.3,2opt,notBad
3358,7,1153.4499999999998,2,469.3,swap,notBad
3359,7,1153.4499999999998,2,469.3,2opt,notBad
3360,7,1153.4499999999998,2,469.3,swap,notBad
3361,7,1153.4499999999998,2,469.3,2opt,notBad
3362,7,1125.0999999999997,2,469.3,swap,improve
3363,7,1125.0999999999997,2,469.3,2opt,notBad
3364,7,1125.0999999999997,2,469.3,move,improve
3365,7,1122.6999999999996,2,469.3,move,improve
3366,7,1122.6999999999996,2,469.3,2opt,notBad
3367,7,1122.6999999999996,2,469.3,move,improve
3368,7,1122.6999999999996,2,469.3,2opt,notBad
3369,7,1122.6999999999996,2,469.3,2opt,notBad
3370,7,1098.9999999999995,2,469.3,move,improve
3371,7,1098.9999999999995,2,469.3,2opt,notBad
3372,7,1098.9999999999995,2,469.3,swap,notBad
3373,7,1098.9999999999995,2,469.3,swap,notBad
3374,7,1098.9999999999995,2,469.3,swap,notBad
3375,7,1098.9999999999995,2,469.3,swap,notBad
3376,7,1096.7499999999995,2,469.3,move,improve
3377,7,1096.7499999999995,2,469.3,swap,notBad
3378,7,1096.7499999999995,2,469.3,swap,notBad
3379,7,1077.55,2,469.3,move,improve
3380,7,1077.55,2,469.3,2opt,notBad
3381,7,1077.55,2,469.3,swap,notBad
3382,7,1077.55,2,469.3,swap,notBad
3383,7,1077.55,2,469.3,2opt,notBad
3384,7,1077.55,2,469.3,swap,notBad
3385,7,1057.0500000000002,2,469.3,move,improve
3386,7,1057.0500000000002,2,469.3,move,improve
3387,7,1057.0500000000002,2,469.3,move,improve
3388,7,1060.5500000000002,2,469.3,swap,acceptBad
3389,7,1060.5500000000002,2,469.3,swap,notBad
3390,7,1060.5500000000002,2,469.3,2opt,notBad
3391,7,1060.5500000000002,2,469.3,2opt,improve
3392,7,1060.5500000000002,2,469.3,2opt,notBad
3393,7,1060.5500000000002,2,469.3,swap,notBad
3394,7,1060.5500000000002,2,469.3,2opt,notBad
3395,7,1060.5500000000002,2,469.3,swap,notBad
3396,7,1015.4500000000002,2,469.3,move,improve
3397,7,1015.4500000000002,2,469.3,2opt,notBad
3398,7,1015.4500000000002,2,469.3,move,improve
3399,7,1015.4500000000002,2,469.3,move,improve
3400,7,1015.4500000000002,2,469.3,2opt,notBad
3401,7,1015.4500000000002,2,469.3,move,improve
3402,7,1015.4500000000002,2,469.3,move,improve
3403,7,1015.4500000000002,2,469.3,2opt,notBad
3404,7,1015.4500000000002,2,469.3,2opt,notBad
3405,7,998.8000000000004,2,469.3,move,improve
3406,7,998.8000000000004,2,469.3,move,improve
3407,7,998.8000000000004,2,469.3,2opt,notBad
3408,7,998.8000000000004,2,469.3,swap,notBad
3409,7,1018.9500000000005,2,469.3,swap,acceptBad
3410,7,1018.9500000000005,2,469.3,2opt,notBad
3411,7,1018.9500000000005,2,469.3,move,improve
3412,7,1018.9500000000005,2,469.3,2opt,notBad
3413,7,1018.9500000000005,2,469.3,move,improve
3414,7,1026.1500000000005,2,469.3,2opt,acceptBad
3415,7,1026.1500000000005,2,469.3,move,improve
3416,7,1026.1500000000005,2,469.3,swap,notBad
3417,7,1026.1500000000005,2,469.3,2opt,notBad
3418,7,1026.1500000000005,2,469.3,swap,notBad
3419,7,1026.1500000000005,2,469.3,swap,notBad
3420,7,1026.1500000000005,2,469.3,2opt,notBad
3421,7,1006.0000000000003,2,469.3,move,improve
3422,7,1005.7000000000004,2,469.3,swap,improve
3423,7,1046.3499999999995,2,469.3,swap,acceptBad
3424,7,1046.3499999999995,2,469.3,2opt,improve
3425,7,1054.6499999999994,2,469.3,swap,acceptBad
3426,7,1043.8499999999995,2,469.3,move,improve
3427,7,1043.6999999999998,2,469.3,move,improve
3428,7,1043.6999999999998,2,469.3,move,improve
3429,7,1043.6999999999998,2,469.3,2opt,notBad
3430,7,1043.6999999999998,2,469.3,2opt,notBad
3431,7,1086.3999999999996,2,469.3,swap,acceptBad
3432,7,1086.3999999999996,2,469.3,swap,notBad
3433,7,1086.3999999999996,2,469.3,2opt,notBad
3434,7,1078.9499999999998,2,469.3,2opt,improve
3435,7,1039.6,2,469.3,move,improve
3436,7,1039.6,2,469.3,2opt,notBad
3437,7,1039.6,2,469.3,swap,notBad
3438,7,1039.6,2,469.3,2opt,improve
3439,7,1039.6,2,469.3,swap,notBad
3440,7,1013.9999999999998,2,469.3,move,improve
3441,7,1013.9999999999998,2,469.3,swap,notBad
3442,7,1013.9999999999998,2,469.3,swap,notBad
3443,7,1013.9999999999998,2,469.3,2opt,notBad
3444,7,1013.0499999999998,2,469.3,move,improve
3445,7,1013.0499999999998,2,469.3,2opt,notBad
3446,7,1013.0499999999998,2,469.3,2opt,notBad
3447,7,1013.0499999999998,2,469.3,move,improve
3448,7,1013.0499999999998,2,469.3,move,improve
3449,7,1013.0499999999998,2,469.3,move,improve
3450,7,1013.0499999999998,2,469.3,swap,notBad
3451,7,1012.65,2,469.3,2opt,improve
3452,7,1011.9500000000002,2,469.3,move,improve
3453,7,1011.9500000000002,2,469.3,move,improve
3454,7,1011.9500000000002,2,469.3,swap,notBad
3455,7,1011.9500000000002,2,469.3,move,improve
3456,7,1011.9500000000002,2,469.3,2opt,notBad
3457,7,1011.9500000000002,2,469.3,move,improve
3458,7,1011.9500000000002,2,469.3,move,improve
3459,7,1011.9500000000002,2,469.3,move,improve
3460,7,1011.9500000000002,2,469.3,swap,notBad
3461,7,1011.9500000000002,2,469.3,move,improve
3462,7,1011.9500000000002,2,469.3,2opt,notBad
3463,7,1011.9500000000002,2,469.3,swap,notBad
3464,7,1011.9500000000002,2,469.3,swap,notBad
3465,7,1011.9500000000002,2,469.3,2opt,notBad
3466,7,1022.5000000000002,2,469.3,swap,acceptBad
3467,7,1022.5000000000002,2,469.3,move,improve
3468,7,1022.5000000000002,2,469.3,move,improve
3469,7,1022.5000000000002,2,469.3,2opt,notBad
3470,7,1022.5000000000002,2,469.3,swap,notBad
3471,7,1022.5000000000002,2,469.3,move,improve
3472,7,1022.5000000000002,2,469.3,2opt,notBad
3473,7,1022.5000000000002,2,469.3,move,improve
3474,7,1020.4000000000001,2,469.3,move,improve
3475,7,1020.4000000000001,2,469.3,2opt,notBad
3476,7,1020.4000000000001,2,469.3,2opt,notBad
3477,7,1020.4000000000001,2,469.3,2opt,notBad
3478,7,1020.4000000000001,2,469.3,2opt,notBad
3479,7,1019.85,2,469.3,move,improve
3480,7,1026.5500000000002,2,469.3,swap,acceptBad
3481,7,1026.5500000000002,2,469.3,swap,notBad
3482,7,1026.5500000000002,2,469.3,move,improve
3483,7,1026.5500000000002,2,469.3,2opt,notBad
3484,7,1026.5500000000002,2,469.3,2opt,notBad
3485,7,1026.5500000000002,2,469.3,swap,notBad
3486,7,1026.5500000000002,2,469.3,move,improve
3487,7,1026.5500000000002,2,469.3,swap,notBad
3488,7,1026.5500000000002,2,469.3,move,improve
3489,7,1026.5500000000002,2,469.3,swap,notBad
3490,7,1026.5500000000002,2,469.3,swap,notBad
3491,7,1026.5500000000002,2,469.3,2opt,notBad
3492,7,1026.5500000000002,2,469.3,swap,notBad
3493,7,1026.5500000000002,2,469.3,swap,notBad
3494,7,1026.5500000000002,2,469.3,swap,notBad
3495,7,1026.5500000000002,2,469.3,swap,notBad
3496,7,1026.5500000000002,2,469.3,2opt,notBad
3497,7,1026.5500000000002,2,469.3,move,improve
3498,7,1026.5500000000002,2,469.3,2opt,notBad
3499,7,1026.5500000000002,2,469.3,swap,notBad
3500,7,1025.3500000000001,2,469.3,move,improve
3501,7,1033.7,2,469.3,swap,acceptBad
3502,7,1007.2999999999997,2,469.3,move,improve
3503,7,1007.2999999999997,2,469.3,swap,notBad
3504,7,1007.2999999999997,2,469.3,move,improve
3505,7,1007.2999999999997,2,469.3,swap,notBad
3506,7,1007.2999999999997,2,469.3,move,improve
3507,7,1007.2999999999997,2,469.3,2opt,notBad
3508,7,1017.2999999999998,2,469.3,swap,acceptBad
3509,7,1017.2999999999998,2,469.3,move,improve
3510,7,1016.0999999999999,2,469.3,move,improve
3511,7,1000.8999999999997,2,469.3,move,improve
3512,7,1000.8999999999997,2,469.3,swap,notBad
3513,7,1000.8999999999997,2,469.3,swap,notBad
3514,7,1000.6999999999997,2,469.3,move,improve
3515,7,1057.1999999999998,2,469.3,swap,acceptBad
3516,7,1057.1999999999998,2,469.3,2opt,notBad
3517,7,1057.1999999999998,2,469.3,swap,notBad
3518,7,1057.1999999999998,2,469.3,2opt,notBad
3519,7,1057.1999999999998,2,469.3,2opt,notBad
3520,7,1057.1999999999998,2,469.3,swap,notBad
3521,7,1057.1999999999998,2,469.3,move,improve
3522,7,1057.1999999999998,2,469.3,2opt,notBad
3523,7,1057.1999999999998,2,469.3,move,improve
3524,7,1057.1999999999998,2,469.3,2opt,notBad
3525,7,1057.1999999999998,2,469.3,2opt,notBad
3526,7,1057.1999999999998,2,469.3,2opt,notBad
3527,7,1057.1999999999998,2,469.3,move,improve
3528,7,1026.4,2,469.3,swap,improve
3529,7,1026.4,2,469.3,2opt,notBad
3530,7,1026.4,2,469.3,move,improve
3531,7,1026.4,2,469.3,swap,notBad
3532,7,1026.4,2,469.3,move,improve
3533,7,1026.4,2,469.3,2opt,notBad
3534,7,1027.85,2,469.3,swap,acceptBad
3535,7,1027.85,2,469.3,move,improve
3536,7,1027.85,2,469.3,move,improve
3537,7,1027.85,2,469.3,move,improve
3538,7,1027.85,2,469.3,swap,notBad
3539,7,1031.4,2,469.3,swap,acceptBad
3540,7,1031.4,2,469.3,move,improve
3541,7,1031.4,2,469.3,2opt,notBad
3542,7,1031.4,2,469.3,2opt,notBad
3543,7,1031.4,2,469.3,2opt,notBad
3544,7,1031.4,2,469.3,2opt,notBad
3545,7,1031.4,2,469.3,2opt,notBad
3546,7,1031.4,2,469.3,move,improve
3547,7,1031.4,2,469.3,move,improve
3548,7,1024.0999999999997,2,469.3,move,improve
3549,7,1024.0999999999997,2,469.3,2opt,improve
3550,7,1024.0999999999997,2,469.3,move,improve
3551,7,1024.0999999999997,2,469.3,move,improve
3552,7,1021.5999999999997,2,469.3,move,improve
3553,7,1021.5999999999997,2,469.3,swap,notBad
3554,7,1021.5999999999997,2,469.3,move,improve
3555,7,1026.6499999999996,2,469.3,2opt,acceptBad
3556,7,1026.6499999999996,2,469.3,2opt,notBad
3557,7,1026.6499999999996,2,469.3,2opt,notBad
3558,7,1026.6499999999996,2,469.3,swap,notBad
3559,7,1026.6499999999996,2,469.3,move,improve
3560,7,1026.6499999999996,2,469.3,move,improve
3561,7,1027.7999999999997,2,469.3,2opt,acceptBad
3562,7,1022.0499999999997,2,469.3,move,improve
3563,7,1022.0499999999997,2,469.3,2opt,notBad
3564,7,1022.0499999999997,2,469.3,swap,notBad
3565,7,1042.1999999999998,2,469.3,swap,acceptBad
3566,7,1042.1999999999998,2,469.3,swap,notBad
3567,7,1042.1999999999998,2,469.3,swap,notBad
3568,7,1042.1999999999998,2,469.3,2opt,notBad
3569,7,1042.1999999999998,2,469.3,2opt,notBad
3570,7,1042.1999999999998,2,469.3,2opt,notBad
3571,7,1042.1999999999998,2,469.3,2opt,notBad
3572,7,1042.1999999999998,2,469.3,move,improve
3573,7,1042.1999999999998,2,469.3,2opt,notBad
3574,7,1041.6999999999998,2,469.3,swap,improve
3575,7,1041.6999999999998,2,469.3,2opt,notBad
3576,7,1041.6999999999998,2,469.3,2opt,improve
3577,7,1024.5499999999997,2,469.3,move,improve
3578,7,1024.5499999999997,2,469.3,2opt,notBad
3579,7,1023.6499999999997,2,469.3,move,improve
3580,7,1023.6499999999997,2,469.3,2opt,notBad
3581,7,1032.3,2,469.3,swap,acceptBad
3582,7,1032.3,2,469.3,swap,notBad
3583,7,1032.3,2,469.3,2opt,notBad
3584,7,1031.15,2,469.3,move,improve
3585,7,1031.15,2,469.3,2opt,notBad
3586,7,1031.15,2,469.3,move,improve
3587,7,1031.15,2,469.3,2opt,notBad
3588,7,1016.2499999999997,2,469.3,move,improve
3589,7,1038.1499999999996,2,469.3,swap,acceptBad
3590,7,1038.1499999999996,2,469.3,move,improve
3591,7,1038.1499999999996,2,469.3,move,improve
3592,7,1038.1499999999996,2,469.3,move,improve
3593,7,1020.6,2,469.3,move,improve
3594,7,1020.6,2,469.3,move,improve
3595,7,1020.6,2,469.3,move,improve
3596,7,1020.6,2,469.3,2opt,notBad
3597,7,1020.6,2,469.3,2opt,notBad
3598,7,1020.6,2,469.3,2opt,notBad
3599,7,1020.6,2,469.3,move,improve
3600,7,1020.6,2,469.3,2opt,improve
3601,7,1020.6,2,469.3,2opt,notBad
3602,7,1020.6,2,469.3,swap,notBad
3603,7,1020.6,2,469.3,2opt,notBad
3604,7,1020.6,2,469.3,swap,notBad
3605,7,1021.9499999999996,2,469.3,swap,acceptBad
3606,7,1021.9499999999996,2,469.3,2opt,notBad
3607,7,1041.9,2,469.3,swap,acceptBad
3608,7,1041.9,2,469.3,2opt,notBad
3609,7,1041.9,2,469.3,2opt,notBad
3610,7,1041.9,2,469.3,swap,notBad
3611,7,1057.4,2,469.3,move,acceptBad
3612,7,1057.4,2,469.3,move,improve
3613,7,1057.4,2,469.3,swap,notBad
3614,7,1057.4,2,469.3,2opt,notBad
3615,7,1020.9000000000001,2,469.3,move,improve
3616,7,1020.9000000000001,2,469.3,2opt,notBad
3617,7,1020.9000000000001,2,469.3,move,improve
3618,7,1020.9000000000001,2,469.3,2opt,improve
3619,7,1020.9000000000001,2,469.3,swap,notBad
3620,7,1020.9000000000001,2,469.3,2opt,notBad
3621,7,1020.9000000000001,2,469.3,swap,notBad
3622,7,1020.9000000000001,2,469.3,move,improve
3623,7,1009.15,2,469.3,move,improve
3624,7,1010.3000000000002,2,469.3,swap,acceptBad
3625,7,1010.3000000000002,2,469.3,swap,notBad
3626,7,1010.3000000000002,2,469.3,swap,notBad
3627,7,1010.3000000000002,2,469.3,2opt,notBad
3628,7,1010.3000000000002,2,469.3,move,improve
3629,7,1010.3000000000002,2,469.3,move,improve
3630,7,1010.3000000000002,2,469.3,2opt,notBad
3631,7,1010.3000000000002,2,469.3,move,improve
3632,7,1010.3000000000002,2,469.3,move,improve
3633,7,977.5500000000002,2,469.3,move,improve
3634,7,977.5500000000002,2,469.3,2opt,notBad
3635,7,983.9999999999998,2,469.3,swap,acceptBad
3636,7,988.0000000000001,2,469.3,swap,acceptBad
3637,7,988.0000000000001,2,469.3,move,improve
3638,7,988.0000000000001,2,469.3,move,improve
3639,7,988.0000000000001,2,469.3,swap,notBad
3640,7,1040.5499999999997,2,469.3,move,acceptBad
3641,7,1040.5499999999997,2,469.3,move,improve
3642,7,1040.5499999999997,2,469.3,move,improve
3643,7,1044.2499999999995,2,469.3,2opt,acceptBad
3644,7,1044.2499999999995,2,469.3,2opt,notBad
3645,7,1044.2499999999995,2,469.3,move,improve
3646,7,1044.2499999999995,2,469.3,swap,notBad
3647,7,1044.2499999999995,2,469.3,2opt,notBad
3648,7,1044.2499999999995,2,469.3,2opt,notBad
3649,7,1044.2499999999995,2,469.3,swap,notBad
3650,7,1029.9499999999998,2,469.3,move,improve
3651,7,1029.9499999999998,2,469.3,move,improve
3652,7,1029.9499999999998,2,469.3,swap,notBad
3653,7,1042.5999999999995,2,469.3,swap,acceptBad
3654,7,1032.1499999999996,2,469.3,move,improve
3655,7,1032.1499999999996,2,469.3,swap,notBad
3656,7,1032.1499999999996,2,469.3,2opt,notBad
3657,7,1032.1499999999996,2,469.3,move,improve
3658,7,1032.1499999999996,2,469.3,move,improve
3659,7,1032.1499999999996,2,469.3,swap,notBad
3660,7,1032.1499999999996,2,469.3,2opt,notBad
3661,7,1032.1499999999996,2,469.3,swap,notBad
3662,7,1032.1499999999996,2,469.3,swap,notBad
3663,7,1032.1499999999996,2,469.3,move,improve
3664,7,1032.1499999999996,2,469.3,move,improve
3665,7,1032.1499999999996,2,469.3,2opt,notBad
3666,7,1032.1499999999996,2,469.3,swap,notBad
3667,7,1032.1499999999996,2,469.3,2opt,notBad
3668,7,1029.5500000000004,2,469.3,move,improve
3669,7,1029.5500000000004,2,469.3,2opt,notBad
3670,7,1029.5500000000004,2,469.3,swap,notBad
3671,7,1029.5500000000004,2,469.3,swap,notBad
3672,7,1029.5500000000004,2,469.3,2opt,notBad
3673,7,1029.5500000000004,2,469.3,2opt,notBad
3674,7,1029.5500000000004,2,469.3,2opt,notBad
3675,7,1028.0500000000006,2,469.3,swap,improve
3676,7,1028.0500000000006,2,469.3,swap,notBad
3677,7,1028.0500000000006,2,469.3,2opt,notBad
3678,7,1028.0500000000006,2,469.3,swap,notBad
3679,7,1028.0500000000006,2,469.3,2opt,notBad
3680,7,993.3000000000002,2,469.3,move,improve
3681,7,993.3000000000002,2,469.3,2opt,notBad
3682,7,993.3000000000002,2,469.3,swap,notBad
3683,7,993.3000000000002,2,469.3,2opt,notBad
3684,7,993.3000000000002,2,469.3,2opt,notBad
3685,7,993.3000000000002,2,469.3,2opt,notBad
3686,7,993.3000000000002,2,469.3,swap,notBad
3687,7,993.3000000000002,2,469.3,2opt,improve
3688,7,993.3000000000002,2,469.3,2opt,notBad
3689,7,990.9000000000004,2,469.3,swap,improve
3690,7,990.9000000000004,2,469.3,2opt,notBad
3691,7,990.9000000000004,2,469.3,swap,notBad
3692,7,982.8000000000005,2,469.3,move,improve
3693,7,982.8000000000005,2,469.3,2opt,notBad
3694,7,982.8000000000005,2,469.3,2opt,notBad
3695,7,982.8000000000005,2,469.3,2opt,notBad
3696,7,982.8000000000005,2,469.3,move,improve
3697,7,982.8000000000005,2,469.3,2opt,notBad
3698,7,982.8000000000005,2,469.3,swap,notBad
3699,7,982.8000000000005,2,469.3,swap,notBad
3700,7,995.6500000000001,2,469.3,swap,acceptBad
3701,7,995.6500000000001,2,469.3,swap,notBad
3702,7,995.6500000000001,2,469.3,swap,notBad
3703,7,995.6500000000001,2,469.3,move,improve
3704,7,995.6500000000001,2,469.3,swap,notBad
3705,7,995.6500000000001,2,469.3,2opt,notBad
3706,7,995.6500000000001,2,469.3,2opt,notBad
3707,7,995.6500000000001,2,469.3,2opt,notBad
3708,7,995.6500000000001,2,469.3,move,improve
3709,7,995.6500000000001,2,469.3,swap,notBad
3710,7,994.6000000000001,2,469.3,move,improve
3711,7,994.6000000000001,2,469.3,2opt,notBad
3712,7,994.6000000000001,2,469.3,move,improve
3713,7,994.6000000000001,2,469.3,swap,notBad
3714,7,994.6000000000001,2,469.3,2opt,notBad
3715,7,994.6000000000001,2,469.3,2opt,notBad
3716,7,994.6000000000001,2,469.3,move,improve
3717,7,994.6000000000001,2,469.3,move,improve
3718,7,994.6000000000001,2,469.3,move,improve
3719,7,1000.2500000000002,2,469.3,swap,acceptBad
3720,7,990.6000000000001,2,469.3,move,improve
3721,7,990.6000000000001,2,469.3,2opt,notBad
3722,7,990.6000000000001,2,469.3,2opt,notBad
3723,7,990.6000000000001,2,469.3,swap,notBad
3724,7,987.6500000000001,2,469.3,move,improve
3725,7,985.9999999999997,2,469.3,move,improve
3726,7,985.9999999999997,2,469.3,2opt,notBad
3727,7,985.9999999999997,2,469.3,2opt,notBad
3728,7,985.9999999999997,2,469.3,swap,notBad
3729,7,985.9999999999997,2,469.3,swap,notBad
3730,7,985.9999999999997,2,469.3,2opt,notBad
3731,7,985.9999999999997,2,469.3,2opt,notBad
3732,7,985.9999999999997,2,469.3,2opt,notBad
3733,7,985.9999999999997,2,469.3,swap,notBad
3734,7,985.9999999999997,2,469.3,swap,notBad
3735,7,985.9999999999997,2,469.3,2opt,notBad
3736,7,985.9999999999997,2,469.3,move,improve
3737,7,985.9999999999997,2,469.3,move,improve
3738,7,985.9999999999997,2,469.3,swap,notBad
3739,7,985.9999999999997,2,469.3,swap,notBad
3740,7,985.9999999999997,2,469.3,2opt,notBad
3741,7,985.9999999999997,2,469.3,2opt,notBad
3742,7,985.9999999999997,2,469.3,swap,notBad
3743,7,985.9999999999997,2,469.3,move,improve
3744,7,985.9999999999997,2,469.3,2opt,notBad
3745,7,985.9999999999997,2,469.3,2opt,notBad
3746,7,985.9999999999997,2,469.3,2opt,notBad
3747,7,985.9999999999997,2,469.3,move,improve
3748,7,985.9999999999997,2,469.3,swap,notBad
3749,7,985.9999999999997,2,469.3,move,improve
3750,7,985.9999999999997,2,469.3,move,improve
3751,7,985.9999999999997,2,469.3,2opt,notBad
3752,7,985.9999999999997,2,469.3,move,improve
3753,7,985.9999999999997,2,469.3,2opt,notBad
3754,7,985.9999999999997,2,469.3,swap,notBad
3755,7,985.9999999999997,2,469.3,2opt,notBad
3756,7,985.9999999999997,2,469.3,swap,notBad
3757,7,985.9999999999997,2,469.3,move,improve
3758,7,985.9999999999997,2,469.3,2opt,notBad
3759,7,985.9999999999997,2,469.3,move,improve
3760,7,985.9999999999997,2,469.3,move,improve
3761,7,985.9999999999997,2,469.3,2opt,notBad
3762,7,985.9999999999997,2,469.3,2opt,notBad
3763,7,985.9999999999997,2,469.3,2opt,notBad
3764,7,985.9999999999997,2,469.3,swap,notBad
3765,7,985.9999999999997,2,469.3,move,improve
3766,7,985.9999999999997,2,469.3,swap,notBad
3767,7,985.9999999999997,2,469.3,2opt,notBad
3768,7,985.9999999999997,2,469.3,2opt,notBad
3769,7,988.6499999999997,2,469.3,swap,acceptBad
3770,7,988.6499999999997,2,469.3,move,improve
3771,7,988.6499999999997,2,469.3,move,improve
3772,7,988.6499999999997,2,469.3,swap,notBad
3773,7,988.6499999999997,2,469.3,move,improve
3774,7,988.6499999999997,2,469.3,swap,notBad
3775,7,988.6499999999997,2,469.3,move,improve
3776,7,988.6499999999997,2,469.3,swap,notBad
3777,7,988.6499999999997,2,469.3,swap,notBad
3778,7,988.6499999999997,2,469.3,2opt,notBad
3779,7,988.6499999999997,2,469.3,2opt,notBad
3780,7,994.5999999999997,2,469.3,2opt,acceptBad
3781,7,994.5999999999997,2,469.3,swap,notBad
3782,7,994.5999999999997,2,469.3,swap,notBad
3783,7,994.5999999999997,2,469.3,move,improve
3784,7,994.5999999999997,2,469.3,2opt,notBad
3785,7,994.5999999999997,2,469.3,swap,notBad
3786,7,995.5499999999998,2,469.3,swap,acceptBad
3787,7,996.3999999999999,2,469.3,swap,acceptBad
3788,7,996.3999999999999,2,469.3,swap,notBad
3789,7,996.3999999999999,2,469.3,2opt,notBad
3790,7,996.3999999999999,2,469.3,move,improve
3791,7,996.3999999999999,2,469.3,2opt,notBad
3792,7,996.3999999999999,2,469.3,2opt,notBad
3793,7,996.3999999999999,2,469.3,move,improve
3794,7,992.3499999999999,2,469.3,move,improve
3795,7,992.3499999999999,2,469.3,2opt,notBad
3796,7,992.3499999999999,2,469.3,2opt,notBad
3797,7,992.3499999999999,2,469.3,2opt,notBad
3798,7,992.3499999999999,2,469.3,swap,notBad
3799,7,992.3499999999999,2,469.3,move,improve
3800,7,992.3499999999999,2,469.3,2opt,notBad
3801,7,992.3499999999999,2,469.3,2opt,notBad
3802,7,990.8999999999999,2,469.3,swap,improve
3803,7,990.8999999999999,2,469.3,move,improve
3804,7,996.8499999999999,2,469.3,swap,acceptBad
3805,7,996.8499999999999,2,469.3,move,improve
3806,7,996.8499999999999,2,469.3,swap,notBad
3807,7,996.8499999999999,2,469.3,2opt,notBad
3808,7,996.8499999999999,2,469.3,2opt,notBad
3809,7,996.8499999999999,2,469.3,swap,notBad
3810,7,996.8499999999999,2,469.3,move,improve
3811,7,949.8999999999996,2,469.3,move,improve
3812,7,949.8999999999996,2,469.3,move,improve
3813,7,949.8999999999996,2,469.3,swap,notBad
3814,7,949.8999999999996,2,469.3,2opt,notBad
3815,7,949.8999999999996,2,469.3,2opt,notBad
3816,7,949.8999999999996,2,469.3,2opt,notBad
3817,7,949.8999999999996,2,469.3,move,improve
3818,7,949.8999999999996,2,469.3,swap,notBad
3819,7,949.8999999999996,2,469.3,swap,notBad
3820,7,949.8999999999996,2,469.3,2opt,notBad
3821,7,949.8999999999996,2,469.3,2opt,improve
3822,7,949.8999999999996,2,469.3,swap,notBad
3823,7,949.8999999999996,2,469.3,swap,notBad
3824,7,949.8999999999996,2,469.3,move,improve
3825,7,949.8999999999996,2,469.3,2opt,notBad
3826,7,949.8999999999996,2,469.3,move,improve
3827,7,949.8999999999996,2,469.3,2opt,notBad
3828,7,949.8999999999996,2,469.3,2opt,notBad
3829,7,949.8999999999996,2,469.3,swap,notBad
3830,7,964.1499999999997,2,469.3,swap,acceptBad
3831,7,964.1499999999997,2,469.3,2opt,notBad
3832,7,964.1499999999997,2,469.3,swap,notBad
3833,7,964.1499999999997,2,469.3,2opt,notBad
3834,7,964.1499999999997,2,469.3,2opt,notBad
3835,7,964.1499999999997,2,469.3,move,improve
3836,7,964.1499999999997,2,469.3,2opt,notBad
3837,7,964.1499999999997,2,469.3,2opt,notBad
3838,7,964.1499999999997,2,469.3,2opt,notBad
3839,7,964.1499999999997,2,469.3,swap,notBad
3840,7,958.6499999999996,2,469.3,move,improve
3841,7,958.6499999999996,2,469.3,2opt,notBad
3842,7,958.6499999999996,2,469.3,move,improve
3843,7,958.6499999999996,2,469.3,swap,notBad
3844,7,958.6499999999996,2,469.3,swap,notBad
3845,7,958.6499999999996,2,469.3,2opt,improve
3846,7,963.6499999999996,2,469.3,swap,acceptBad
3847,7,963.6499999999996,2,469.3,swap,notBad
3848,7,963.6499999999996,2,469.3,move,improve
3849,7,963.6499999999996,2,469.3,move,improve
3850,7,963.6499999999996,2,469.3,swap,notBad
3851,7,963.6499999999996,2,469.3,move,improve
3852,7,963.6499999999996,2,469.3,swap,notBad
3853,7,963.6499999999996,2,469.3,swap,notBad
3854,7,963.6499999999996,2,469.3,swap,notBad
3855,7,963.6499999999996,2,469.3,2opt,notBad
3856,7,963.6499999999996,2,469.3,move,improve
3857,7,963.6499999999996,2,469.3,2opt,notBad
3858,7,963.6499999999996,2,469.3,2opt,notBad
3859,7,963.6499999999996,2,469.3,move,improve
3860,7,962.5499999999997,2,469.3,move,improve
3861,7,962.5499999999997,2,469.3,swap,notBad
3862,7,962.5499999999997,2,469.3,2opt,notBad
3863,7,962.5499999999997,2,469.3,2opt,notBad
3864,7,962.5499999999997,2,469.3,2opt,notBad
3865,7,962.5499999999997,2,469.3,move,improve
3866,7,962.5499999999997,2,469.3,2opt,notBad
3867,7,962.5499999999997,2,469.3,2opt,notBad
3868,7,962.5499999999997,2,469.3,move,improve
3869,7,962.5499999999997,2,469.3,swap,notBad
3870,7,962.5499999999997,2,469.3,swap,notBad
3871,7,962.5499999999997,2,469.3,2opt,notBad
3872,7,962.5499999999997,2,469.3,swap,notBad
3873,7,962.5499999999997,2,469.3,swap,notBad
3874,7,963.3999999999997,2,469.3,swap,acceptBad
3875,7,972.4499999999995,2,469.3,swap,acceptBad
3876,7,972.4499999999995,2,469.3,swap,notBad
3877,7,972.4499999999995,2,469.3,swap,notBad
3878,7,972.4499999999995,2,469.3,2opt,notBad
3879,7,972.4499999999995,2,469.3,2opt,notBad
3880,7,972.4499999999995,2,469.3,2opt,notBad
3881,7,972.4499999999995,2,469.3,2opt,notBad
3882,7,972.4499999999995,2,469.3,2opt,notBad
3883,7,972.4499999999995,2,469.3,swap,notBad
3884,7,972.4499999999995,2,469.3,swap,notBad
3885,7,972.4499999999995,2,469.3,move,improve
3886,7,972.4499999999995,2,469.3,move,improve
3887,7,972.4499999999995,2,469.3,swap,notBad
3888,7,972.4499999999995,2,469.3,move,improve
3889,7,972.4499999999995,2,469.3,2opt,notBad
3890,7,972.4499999999995,2,469.3,2opt,notBad
3891,7,972.4499999999995,2,469.3,swap,notBad
3892,7,972.4499999999995,2,469.3,swap,notBad
3893,7,971.9499999999996,2,469.3,move,improve
3894,7,970.9999999999995,2,469.3,move,improve
3895,7,966.4499999999995,2,469.3,2opt,improve
3896,7,966.4499999999995,2,469.3,move,improve
3897,7,966.4499999999995,2,469.3,move,improve
3898,7,966.4499999999995,2,469.3,2opt,notBad
3899,7,962.5999999999997,2,469.3,move,improve
3900,7,962.5999999999997,2,469.3,move,improve
3901,7,962.5999999999997,2,469.3,move,improve
3902,7,962.5999999999997,2,469.3,2opt,notBad
3903,7,962.5999999999997,2,469.3,swap,notBad
3904,7,962.5999999999997,2,469.3,move,improve
3905,7,962.5999999999997,2,469.3,swap,notBad
3906,7,962.5999999999997,2,469.3,swap,notBad
3907,7,962.5999999999997,2,469.3,move,improve
3908,7,962.5999999999997,2,469.3,2opt,notBad
3909,7,962.5999999999997,2,469.3,swap,notBad
3910,7,962.5999999999997,2,469.3,swap,notBad
3911,7,962.5999999999997,2,469.3,2opt,notBad
3912,7,962.5999999999997,2,469.3,move,improve
3913,7,962.5999999999997,2,469.3,2opt,notBad
3914,7,962.5999999999997,2,469.3,2opt,notBad
3915,7,962.5999999999997,2,469.3,move,improve
3916,7,962.5999999999997,2,469.3,move,improve
3917,7,962.5999999999997,2,469.3,2opt,improve
3918,7,962.5999999999997,2,469.3,swap,notBad
3919,7,962.5999999999997,2,469.3,2opt,notBad
3920,7,962.5999999999997,2,469.3,move,improve
3921,7,962.5999999999997,2,469.3,2opt,improve
3922,7,962.5999999999997,2,469.3,2opt,notBad
3923,7,962.5999999999997,2,469.3,2opt,notBad
3924,7,962.5999999999997,2,469.3,swap,notBad
3925,7,962.5999999999997,2,469.3,move,improve
3926,7,962.5999999999997,2,469.3,2opt,notBad
3927,7,956.1000000000003,2,469.3,move,improve
3928,7,956.1000000000003,2,469.3,move,improve
3929,7,956.1000000000003,2,469.3,2opt,notBad
3930,7,949.4499999999999,2,469.3,move,improve
3931,7,949.4499999999999,2,469.3,2opt,notBad
3932,7,949.4499999999999,2,469.3,2opt,notBad
3933,7,957.2499999999998,2,469.3,swap,acceptBad
3934,7,957.2499999999998,2,469.3,swap,notBad
3935,7,957.2499999999998,2,469.3,swap,notBad
3936,7,957.2499999999998,2,469.3,2opt,notBad
3937,7,961.7999999999998,2,469.3,swap,acceptBad
3938,7,961.7999999999998,2,469.3,2opt,notBad
3939,7,955.6999999999998,2,469.3,move,improve
3940,7,955.6999999999998,2,469.3,swap,notBad
3941,7,955.6999999999998,2,469.3,swap,notBad
3942,7,955.6999999999998,2,469.3,swap,notBad
3943,7,955.6999999999998,2,469.3,2opt,notBad
3944,7,955.6999999999998,2,469.3,move,improve
3945,7,947.8999999999999,2,469.3,swap,improve
3946,7,947.8999999999999,2,469.3,swap,notBad
3947,7,947.8999999999999,2,469.3,move,improve
3948,7,947.8999999999999,2,469.3,2opt,notBad
3949,7,947.8999999999999,2,469.3,move,improve
3950,7,947.8999999999999,2,469.3,swap,notBad
3951,7,947.8999999999999,2,469.3,move,improve
3952,7,947.8999999999999,2,469.3,2opt,notBad
3953,7,947.8999999999999,2,469.3,2opt,notBad
3954,7,947.8999999999999,2,469.3,2opt,notBad
3955,7,965.35,2,469.3,swap,acceptBad
3956,7,965.35,2,469.3,swap,notBad
3957,7,965.35,2,469.3,move,improve
3958,7,965.35,2,469.3,2opt,notBad
3959,7,965.35,2,469.3,2opt,notBad
3960,7,965.35,2,469.3,2opt,notBad
3961,7,965.35,2,469.3,2opt,notBad
3962,7,965.35,2,469.3,swap,notBad
3963,7,965.2499999999994,2,469.3,move,improve
3964,7,965.2499999999994,2,469.3,2opt,notBad
3965,7,965.2499999999994,2,469.3,swap,notBad
3966,7,965.2499999999994,2,469.3,swap,notBad
3967,7,965.2499999999994,2,469.3,2opt,notBad
3968,7,965.2499999999994,2,469.3,move,improve
3969,7,965.2499999999994,2,469.3,move,improve
3970,7,965.2499999999994,2,469.3,2opt,notBad
3971,7,965.2499999999994,2,469.3,move,improve
3972,7,965.2499999999994,2,469.3,2opt,notBad
3973,7,965.2499999999994,2,469.3,swap,notBad
3974,7,965.2499999999994,2,469.3,move,improve
3975,7,965.2499999999994,2,469.3,2opt,notBad
3976,7,965.2499999999994,2,469.3,2opt,notBad
3977,7,965.2499999999994,2,469.3,swap,notBad
3978,7,965.2499999999994,2,469.3,2opt,improve
3979,7,965.2499999999994,2,469.3,swap,notBad
3980,7,965.2499999999994,2,469.3,move,improve
3981,7,965.2499999999994,2,469.3,2opt,notBad
3982,7,965.2499999999994,2,469.3,swap,notBad
3983,7,965.2499999999994,2,469.3,swap,notBad
3984,7,965.2499999999994,2,469.3,move,improve
3985,7,965.2499999999994,2,469.3,2opt,notBad
3986,7,965.2499999999994,2,469.3,swap,notBad
3987,7,965.2499999999994,2,469.3,2opt,notBad
3988,7,965.2499999999994,2,469.3,move,improve
3989,7,965.2499999999994,2,469.3,move,improve
3990,7,965.2499999999994,2,469.3,move,improve
3991,7,965.2499999999994,2,469.3,move,improve
3992,7,965.2499999999994,2,469.3,move,improve
3993,7,965.2499999999994,2,469.3,swap,notBad
3994,7,965.2499999999994,2,469.3,2opt,notBad
3995,7,964.9999999999994,2,469.3,move,improve
3996,7,964.9999999999994,2,469.3,move,improve
3997,7,964.9999999999994,2,469.3,move,improve
3998,7,964.9999999999994,2,469.3,move,improve
3999,7,964.9999999999994,2,469.3,swap,notBad
4000,7,964.9999999999994,2,469.3,2opt,notBad
4001,7,964.9999999999994,2,469.3,2opt,notBad
4002,7,964.9999999999994,2,469.3,swap,notBad
4003,7,964.9999999999994,2,469.3,swap,notBad
4004,7,964.9999999999994,2,469.3,2opt,notBad
4005,7,964.9999999999994,2,469.3,move,improve
4006,7,964.9999999999994,2,469.3,2opt,notBad
4007,7,964.9999999999994,2,469.3,swap,notBad
4008,7,964.9999999999994,2,469.3,move,improve
4009,7,959.7499999999994,2,469.3,move,improve
4010,7,959.7499999999994,2,469.3,2opt,notBad
4011,7,959.7499999999994,2,469.3,swap,notBad
4012,7,959.7499999999994,2,469.3,swap,notBad
4013,7,959.7499999999994,2,469.3,move,improve
4014,7,959.7499999999994,2,469.3,swap,notBad
4015,7,983.9499999999995,2,469.3,swap,acceptBad
4016,7,983.9499999999995,2,469.3,swap,notBad
4017,7,983.9499999999995,2,469.3,move,improve
4018,7,983.9499999999995,2,469.3,swap,notBad
4019,7,983.9499999999995,2,469.3,move,improve
4020,7,983.9499999999995,2,469.3,move,improve
4021,7,983.9499999999995,2,469.3,swap,notBad
4022,7,979.7999999999997,2,469.3,move,improve
4023,7,979.7999999999997,2,469.3,2opt,notBad
4024,7,979.7999999999997,2,469.3,2opt,notBad
4025,7,979.7999999999997,2,469.3,move,improve
4026,7,979.7999999999997,2,469.3,swap,notBad
4027,7,995.7999999999995,2,469.3,swap,acceptBad
4028,7,995.7999999999995,2,469.3,2opt,notBad
4029,7,988.0499999999998,2,469.3,move,improve
4030,7,988.0499999999998,2,469.3,2opt,notBad
4031,7,988.0499999999998,2,469.3,2opt,improve
4032,7,988.0499999999998,2,469.3,swap,notBad
4033,7,987.1500000000001,2,469.3,move,improve
4034,7,987.1500000000001,2,469.3,2opt,notBad
4035,7,987.1500000000001,2,469.3,move,improve
4036,7,975.0500000000002,2,469.3,move,improve
4037,7,984.8000000000002,2,469.3,swap,acceptBad
4038,7,984.8000000000002,2,469.3,move,improve
4039,7,984.8000000000002,2,469.3,2opt,notBad
4040,7,984.8000000000002,2,469.3,2opt,notBad
4041,7,984.8000000000002,2,469.3,move,improve
4042,7,984.8000000000002,2,469.3,2opt,notBad
4043,7,988.3499999999998,2,469.3,swap,acceptBad
4044,7,986.9999999999999,2,469.3,move,improve
4045,7,973.2499999999997,2,469.3,move,improve
4046,7,966.8500000000003,2,469.3,move,improve
4047,7,961.0500000000002,2,469.3,swap,improve
4048,7,961.0500000000002,2,469.3,2opt,improve
4049,7,961.0500000000002,2,469.3,swap,notBad
4050,7,961.0500000000002,2,469.3,move,improve
4051,7,961.0500000000002,2,469.3,2opt,notBad
4052,7,961.0500000000002,2,469.3,swap,notBad
4053,7,961.0500000000002,2,469.3,swap,notBad
4054,7,961.0500000000002,2,469.3,2opt,notBad
4055,7,961.0500000000002,2,469.3,swap,notBad
4056,7,961.0500000000002,2,469.3,2opt,improve
4057,7,961.0500000000002,2,469.3,swap,notBad
4058,7,961.0500000000002,2,469.3,swap,notBad
4059,7,961.0500000000002,2,469.3,move,improve
4060,7,961.0500000000002,2,469.3,swap,notBad
4061,7,961.0500000000002,2,469.3,swap,notBad
4062,7,961.0500000000002,2,469.3,swap,notBad
4063,7,961.0500000000002,2,469.3,2opt,notBad
4064,7,961.0500000000002,2,469.3,2opt,notBad
4065,7,961.0500000000002,2,469.3,move,improve
4066,7,961.0500000000002,2,469.3,swap,notBad
4067,7,961.0500000000002,2,469.3,swap,notBad
4068,7,961.0500000000002,2,469.3,move,improve
4069,7,961.0500000000002,2,469.3,move,improve
4070,7,961.0500000000002,2,469.3,move,improve
4071,7,961.0500000000002,2,469.3,swap,notBad
4072,7,961.0500000000002,2,469.3,2opt,notBad
4073,7,961.0500000000002,2,469.3,2opt,notBad
4074,7,961.0500000000002,2,469.3,swap,notBad
4075,7,961.0500000000002,2,469.3,move,improve
4076,7,961.0500000000002,2,469.3,2opt,notBad
4077,7,961.0500000000002,2,469.3,2opt,notBad
4078,7,961.0500000000002,2,469.3,move,improve
4079,7,961.0500000000002,2,469.3,swap,notBad
4080,7,961.0500000000002,2,469.3,move,improve
4081,7,961.0500000000002,2,469.3,move,improve
4082,7,961.0500000000002,2,469.3,swap,notBad
4083,7,961.0500000000002,2,469.3,swap,notBad
4084,7,961.0500000000002,2,469.3,swap,notBad
4085,7,961.0500000000002,2,469.3,2opt,notBad
4086,7,961.0500000000002,2,469.3,2opt,notBad
4087,7,961.0500000000002,2,469.3,2opt,notBad
4088,7,961.0500000000002,2,469.3,2opt,improve
4089,7,961.0500000000002,2,469.3,swap,notBad
4090,7,961.0500000000002,2,469.3,swap,notBad
4091,7,961.0500000000002,2,469.3,move,improve
4092,7,961.0500000000002,2,469.3,swap,notBad
4093,7,961.0500000000002,2,469.3,swap,notBad
4094,7,961.0500000000002,2,469.3,2opt,notBad
4095,7,961.0500000000002,2,469.3,move,improve
4096,7,961.0500000000002,2,469.3,2opt,notBad
4097,7,961.0500000000002,2,469.3,2opt,notBad
4098,7,961.0500000000002,2,469.3,swap,notBad
4099,7,978.4500000000003,2,469.3,move,acceptBad
4100,7,978.4500000000003,2,469.3,2opt,notBad
4101,7,978.4500000000003,2,469.3,2opt,notBad
4102,7,978.4500000000003,2,469.3,move,improve
4103,7,978.4500000000003,2,469.3,move,improve
4104,7,978.4500000000003,2,469.3,2opt,notBad
4105,7,974.9000000000003,2,469.3,swap,improve
4106,7,974.9000000000003,2,469.3,move,improve
4107,7,974.9000000000003,2,469.3,2opt,notBad
4108,7,974.9000000000003,2,469.3,swap,notBad
4109,7,974.9000000000003,2,469.3,move,improve
4110,7,974.9000000000003,2,469.3,move,improve
4111,7,974.9000000000003,2,469.3,move,improve
4112,7,974.9000000000003,2,469.3,2opt,notBad
4113,7,974.9000000000003,2,469.3,2opt,notBad
4114,7,974.9000000000003,2,469.3,swap,notBad
4115,7,974.9000000000003,2,469.3,move,improve
4116,7,974.9000000000003,2,469.3,move,improve
4117,7,974.9000000000003,2,469.3,move,improve
4118,7,974.9000000000003,2,469.3,swap,notBad
4119,7,974.9000000000003,2,469.3,move,improve
4120,7,974.9000000000003,2,469.3,2opt,notBad
4121,7,974.9000000000003,2,469.3,move,improve
4122,7,957.5000000000002,2,469.3,move,improve
4123,7,957.5000000000002,2,469.3,2opt,notBad
4124,7,957.5000000000002,2,469.3,move,improve
4125,7,957.5000000000002,2,469.3,2opt,notBad
4126,7,957.5000000000002,2,469.3,2opt,notBad
4127,7,957.5000000000002,2,469.3,2opt,notBad
4128,7,957.5000000000002,2,469.3,swap,notBad
4129,7,957.5000000000002,2,469.3,move,improve
4130,7,957.5000000000002,2,469.3,2opt,notBad
4131,7,957.5000000000002,2,469.3,swap,notBad
4132,7,966.9500000000002,2,469.3,swap,acceptBad
4133,7,966.9500000000002,2,469.3,2opt,improve
4134,7,966.9500000000002,2,469.3,2opt,notBad
4135,7,966.9500000000002,2,469.3,swap,notBad
4136,7,966.9500000000002,2,469.3,move,improve
4137,7,966.9500000000002,2,469.3,swap,notBad
4138,7,966.9500000000002,2,469.3,move,improve
4139,7,966.9500000000002,2,469.3,2opt,notBad
4140,7,966.9500000000002,2,469.3,swap,notBad
4141,7,966.9500000000002,2,469.3,2opt,notBad
4142,7,966.9500000000002,2,469.3,move,improve
4143,7,979.6000000000003,2,469.3,swap,acceptBad
4144,7,979.6000000000003,2,469.3,move,improve
4145,7,979.6000000000003,2,469.3,2opt,notBad
4146,7,973.6500000000002,2,469.3,move,improve
4147,7,978.3499999999998,2,469.3,swap,acceptBad
4148,7,978.3499999999998,2,469.3,2opt,notBad
4149,7,978.3499999999998,2,469.3,2opt,notBad
4150,7,978.3499999999998,2,469.3,move,improve
4151,7,1010.6999999999997,2,469.3,swap,acceptBad
4152,7,1010.6999999999997,2,469.3,2opt,notBad
4153,7,1010.6999999999997,2,469.3,2opt,notBad
4154,7,1005.1999999999996,2,469.3,move,improve
4155,7,1005.1999999999996,2,469.3,move,improve
4156,7,1005.1999999999996,2,469.3,2opt,improve
4157,7,1005.1999999999996,2,469.3,2opt,notBad
4158,7,1005.1999999999996,2,469.3,move,improve
4159,7,1005.1999999999996,2,469.3,swap,notBad
4160,7,993.1999999999995,2,469.3,move,improve
4161,7,993.1999999999995,2,469.3,2opt,notBad
4162,7,993.1999999999995,2,469.3,move,improve
4163,7,993.1999999999995,2,469.3,swap,notBad
4164,7,998.5999999999996,2,469.3,swap,acceptBad
4165,7,998.5999999999996,2,469.3,2opt,notBad
4166,7,998.5999999999996,2,469.3,move,improve
4167,7,992.7499999999998,2,469.3,move,improve
4168,7,992.7499999999998,2,469.3,2opt,notBad
4169,7,992.7499999999998,2,469.3,swap,notBad
4170,7,992.7499999999998,2,469.3,swap,notBad
4171,7,992.7499999999998,2,469.3,move,improve
4172,7,1001.1499999999997,2,469.3,swap,acceptBad
4173,7,1001.1499999999997,2,469.3,2opt,notBad
4174,7,1001.1499999999997,2,469.3,2opt,notBad
4175,7,1001.1499999999997,2,469.3,2opt,notBad
4176,7,1001.1499999999997,2,469.3,swap,notBad
4177,7,1001.1499999999997,2,469.3,2opt,notBad
4178,7,1001.1499999999997,2,469.3,swap,notBad
4179,7,1001.1499999999997,2,469.3,2opt,notBad
4180,7,1001.1499999999997,2,469.3,swap,notBad
4181,7,1001.1499999999997,2,469.3,move,improve
4182,7,1001.1499999999997,2,469.3,swap,notBad
4183,7,1001.1499999999997,2,469.3,2opt,notBad
4184,7,1001.1499999999997,2,469.3,swap,notBad
4185,7,1001.1499999999997,2,469.3,move,improve
4186,7,1001.1499999999997,2,469.3,2opt,notBad
4187,7,1001.1499999999997,2,469.3,move,improve
4188,7,1001.1499999999997,2,469.3,2opt,notBad
4189,7,1001.1499999999997,2,469.3,swap,notBad
4190,7,1001.1499999999997,2,469.3,swap,notBad
4191,7,1001.1499999999997,2,469.3,move,improve
4192,7,1001.1499999999997,2,469.3,swap,notBad
4193,7,1001.1499999999997,2,469.3,move,improve
4194,7,1001.1499999999997,2,469.3,2opt,notBad
4195,7,1001.1499999999997,2,469.3,2opt,notBad
4196,7,1001.1499999999997,2,469.3,swap,notBad
4197,7,1001.1499999999997,2,469.3,swap,notBad
4198,7,1001.1499999999997,2,469.3,swap,notBad
4199,7,1001.1499999999997,2,469.3,move,improve
4200,7,1001.1499999999997,2,469.3,2opt,notBad
4201,7,1001.1499999999997,2,469.3,swap,notBad
4202,7,1001.1499999999997,2,469.3,2opt,notBad
4203,7,1001.1499999999997,2,469.3,swap,notBad
4204,7,1001.1499999999997,2,469.3,2opt,notBad
4205,7,1001.1499999999997,2,469.3,move,improve
4206,7,994.7499999999997,2,469.3,swap,improve
4207,7,994.7499999999997,2,469.3,2opt,notBad
4208,7,993.8499999999996,2,469.3,move,improve
4209,7,993.8499999999996,2,469.3,move,improve
4210,7,993.8499999999996,2,469.3,2opt,notBad
4211,7,993.8499999999996,2,469.3,2opt,notBad
4212,7,993.8499999999996,2,469.3,2opt,notBad
4213,7,993.8499999999996,2,469.3,swap,notBad
4214,7,993.8499999999996,2,469.3,move,improve
4215,7,993.8499999999996,2,469.3,2opt,notBad
4216,7,993.8499999999996,2,469.3,swap,notBad
4217,7,993.8499999999996,2,469.3,move,improve
4218,7,993.8499999999996,2,469.3,2opt,notBad
4219,7,993.8499999999996,2,469.3,move,improve
4220,7,993.8499999999996,2,469.3,move,improve
4221,7,991.0999999999997,2,469.3,move,improve
4222,7,991.0999999999997,2,469.3,2opt,notBad
4223,7,991.0999999999997,2,469.3,swap,notBad
4224,7,991.0999999999997,2,469.3,2opt,notBad
4225,7,991.0999999999997,2,469.3,2opt,notBad
4226,7,991.0999999999997,2,469.3,swap,notBad
4227,7,991.0999999999997,2,469.3,swap,notBad
4228,7,991.0999999999997,2,469.3,move,improve
4229,7,988.6499999999994,2,469.3,move,improve
4230,7,988.6499999999994,2,469.3,swap,notBad
4231,7,988.6499999999994,2,469.3,move,improve
4232,7,988.6499999999994,2,469.3,move,improve
4233,7,988.6499999999994,2,469.3,move,improve
4234,7,988.6499999999994,2,469.3,swap,notBad
4235,7,988.6499999999994,2,469.3,2opt,notBad
4236,7,988.6499999999994,2,469.3,move,improve
4237,7,988.6499999999994,2,469.3,2opt,improve
4238,7,988.6499999999994,2,469.3,swap,notBad
4239,7,988.6499999999994,2,469.3,2opt,notBad
4240,7,988.6499999999994,2,469.3,swap,notBad
4241,7,988.6499999999994,2,469.3,swap,notBad
4242,7,988.6499999999994,2,469.3,swap,notBad
4243,7,988.6499999999994,2,469.3,2opt,notBad
4244,7,988.6499999999994,2,469.3,move,improve
4245,7,988.6499999999994,2,469.3,move,improve
4246,7,988.6499999999994,2,469.3,2opt,notBad
4247,7,988.6499999999994,2,469.3,move,improve
4248,7,988.6499999999994,2,469.3,2opt,notBad
4249,7,988.6499999999994,2,469.3,move,improve
4250,7,988.6499999999994,2,469.3,move,improve
4251,7,988.6499999999994,2,469.3,move,improve
4252,7,988.6499999999994,2,469.3,move,improve
4253,7,988.6499999999994,2,469.3,move,improve
4254,7,988.6499999999994,2,469.3,swap,notBad
4255,7,988.6499999999994,2,469.3,swap,notBad
4256,7,988.6499999999994,2,469.3,swap,notBad
4257,7,988.6499999999994,2,469.3,swap,notBad
4258,7,988.6499999999994,2,469.3,swap,notBad
4259,7,988.6499999999994,2,469.3,move,improve
4260,7,988.6499999999994,2,469.3,2opt,improve
4261,7,988.6499999999994,2,469.3,move,improve
4262,7,988.6499999999994,2,469.3,2opt,notBad
4263,7,988.6499999999994,2,469.3,swap,notBad
4264,7,988.6499999999994,2,469.3,2opt,notBad
4265,7,988.6499999999994,2,469.3,2opt,notBad
4266,7,988.6499999999994,2,469.3,2opt,notBad
4267,7,988.6499999999994,2,469.3,move,improve
4268,7,988.6499999999994,2,469.3,2opt,notBad
4269,7,988.6499999999994,2,469.3,swap,notBad
4270,7,988.6499999999994,2,469.3,move,improve
4271,7,988.6499999999994,2,469.3,swap,notBad
4272,7,988.6499999999994,2,469.3,move,improve
4273,7,993.1499999999994,2,469.3,swap,acceptBad
4274,7,993.1499999999994,2,469.3,move,improve
4275,7,993.0999999999995,2,469.3,move,improve
4276,7,993.0999999999995,2,469.3,swap,notBad
4277,7,993.0999999999995,2,469.3,2opt,notBad
4278,7,993.0999999999995,2,469.3,2opt,notBad
4279,7,993.0999999999995,2,469.3,swap,notBad
4280,7,993.0999999999995,2,469.3,2opt,notBad
4281,7,993.0999999999995,2,469.3,swap,notBad
4282,7,993.0999999999995,2,469.3,2opt,notBad
4283,7,993.0999999999995,2,469.3,swap,notBad
4284,7,993.0999999999995,2,469.3,2opt,notBad
4285,7,993.0999999999995,2,469.3,2opt,improve
4286,7,993.0999999999995,2,469.3,swap,notBad
4287,7,993.0999999999995,2,469.3,2opt,notBad
4288,7,993.0999999999995,2,469.3,move,improve
4289,7,1002.7499999999997,2,469.3,move,acceptBad
4290,7,1002.7499999999997,2,469.3,2opt,notBad
4291,7,991.4999999999999,2,469.3,swap,improve
4292,7,991.4999999999999,2,469.3,2opt,notBad
4293,7,991.4999999999999,2,469.3,move,improve
4294,7,991.4999999999999,2,469.3,move,improve
4295,7,989.8499999999998,2,469.3,move,improve
4296,7,989.8499999999998,2,469.3,move,improve
4297,7,989.8499999999998,2,469.3,2opt,notBad
4298,7,989.7499999999997,2,469.3,2opt,improve
4299,7,989.7499999999997,2,469.3,swap,notBad
4300,7,989.7499999999997,2,469.3,2opt,notBad
4301,7,989.7499999999997,2,469.3,swap,notBad
4302,7,989.7499999999997,2,469.3,swap,notBad
4303,7,988.1999999999994,2,469.3,move,improve
4304,7,988.1999999999994,2,469.3,move,improve
4305,7,988.1999999999994,2,469.3,move,improve
4306,7,988.1999999999994,2,469.3,swap,notBad
4307,7,988.1999999999994,2,469.3,move,improve
4308,7,988.1999999999994,2,469.3,2opt,notBad
4309,7,988.1999999999994,2,469.3,2opt,notBad
4310,7,988.1999999999994,2,469.3,move,improve
4311,7,988.1999999999994,2,469.3,2opt,notBad
4312,7,988.1999999999994,2,469.3,2opt,notBad
4313,7,988.1999999999994,2,469.3,swap,notBad
4314,7,988.1999999999994,2,469.3,swap,notBad
4315,7,988.1999999999994,2,469.3,swap,notBad
4316,7,988.1999999999994,2,469.3,swap,notBad
4317,7,988.1999999999994,2,469.3,move,improve
4318,7,988.1999999999994,2,469.3,swap,notBad
4319,7,988.1499999999993,2,469.3,move,improve
4320,7,988.1499999999993,2,469.3,2opt,notBad
4321,7,1003.6999999999994,2,469.3,swap,acceptBad
4322,7,999.0499999999997,2,469.3,move,improve
4323,7,999.0499999999997,2,469.3,2opt,notBad
4324,7,999.0499999999997,2,469.3,move,improve
4325,7,999.0499999999997,2,469.3,move,improve
4326,7,999.0499999999997,2,469.3,swap,notBad
4327,7,1005.1000000000001,2,469.3,move,acceptBad
4328,7,1005.0000000000001,2,469.3,swap,improve
4329,7,1005.0000000000001,2,469.3,2opt,notBad
4330,7,1005.0000000000001,2,469.3,2opt,notBad
4331,7,1005.0000000000001,2,469.3,2opt,notBad
4332,7,1005.0000000000001,2,469.3,swap,notBad
4333,7,1005.0000000000001,2,469.3,2opt,notBad
4334,7,1005.0000000000001,2,469.3,2opt,notBad
4335,7,1005.0000000000001,2,469.3,swap,notBad
4336,7,1005.0000000000001,2,469.3,move,improve
4337,7,1005.0000000000001,2,469.3,2opt,notBad
4338,7,1005.0000000000001,2,469.3,swap,notBad
4339,7,1004.5500000000001,2,469.3,move,improve
4340,7,1004.5500000000001,2,469.3,move,improve
4341,7,1001.7,2,469.3,move,improve
4342,7,1001.7,2,469.3,swap,notBad
4343,7,1001.7,2,469.3,2opt,notBad
4344,7,996.0000000000001,2,469.3,move,improve
4345,7,996.0000000000001,2,469.3,move,improve
4346,7,996.0000000000001,2,469.3,swap,notBad
4347,7,996.0000000000001,2,469.3,2opt,notBad
4348,7,994.9,2,469.3,move,improve
4349,7,994.9,2,469.3,2opt,notBad
4350,7,994.9,2,469.3,move,improve
4351,7,994.9,2,469.3,2opt,notBad
4352,7,994.9,2,469.3,2opt,notBad
4353,7,994.9,2,469.3,swap,notBad
4354,7,996.8999999999999,2,469.3,swap,acceptBad
4355,7,996.8999999999999,2,469.3,swap,notBad
4356,7,991.2499999999999,2,469.3,move,improve
4357,7,990.8500000000005,2,469.3,move,improve
4358,7,990.8500000000005,2,469.3,swap,notBad
4359,7,990.8500000000005,2,469.3,2opt,notBad
4360,7,1006.6999999999999,2,469.3,swap,acceptBad
4361,7,1006.6999999999999,2,469.3,move,improve
4362,7,1006.6999999999999,2,469.3,move,improve
4363,7,1008.3,2,469.3,swap,acceptBad
4364,7,1008.3,2,469.3,2opt,notBad
4365,7,1006.6499999999999,2,469.3,swap,improve
4366,7,1006.6499999999999,2,469.3,swap,notBad
4367,7,1006.6499999999999,2,469.3,2opt,notBad
4368,7,1006.6499999999999,2,469.3,2opt,notBad
4369,7,1006.6499999999999,2,469.3,2opt,notBad
4370,7,1025.0999999999997,2,469.3,move,acceptBad
4371,7,1025.0999999999997,2,469.3,swap,notBad
4372,7,1025.0999999999997,2,469.3,swap,notBad
4373,7,1025.0999999999997,2,469.3,swap,notBad
4374,7,1009.4999999999998,2,469.3,move,improve
4375,7,995.1499999999999,2,469.3,move,improve
4376,7,995.1499999999999,2,469.3,2opt,notBad
4377,7,995.1499999999999,2,469.3,move,improve
4378,7,995.1499999999999,2,469.3,swap,notBad
4379,7,995.1499999999999,2,469.3,swap,notBad
4380,7,995.1499999999999,2,469.3,2opt,notBad
4381,7,995.1499999999999,2,469.3,move,improve
4382,7,995.1499999999999,2,469.3,move,improve
4383,7,995.1499999999999,2,469.3,2opt,notBad
4384,7,995.1499999999999,2,469.3,2opt,notBad
4385,7,995.1499999999999,2,469.3,move,improve
4386,7,995.1499999999999,2,469.3,swap,notBad
4387,7,995.1499999999999,2,469.3,swap,notBad
4388,7,992.7499999999999,2,469.3,move,improve
4389,7,992.7499999999999,2,469.3,2opt,notBad
4390,7,992.7499999999999,2,469.3,2opt,notBad
4391,7,992.7499999999999,2,469.3,swap,notBad
4392,7,992.7499999999999,2,469.3,swap,notBad
4393,7,992.7499999999999,2,469.3,move,improve
4394,7,992.7499999999999,2,469.3,move,improve
4395,7,992.7499999999999,2,469.3,move,improve
4396,7,992.7499999999999,2,469.3,swap,notBad
4397,7,1004.6000000000001,2,469.3,swap,acceptBad
4398,7,1002.6000000000001,2,469.3,move,improve
4399,7,992.0,2,469.3,swap,improve
4400,7,992.0,2,469.3,swap,notBad
4401,7,992.0,2,469.3,swap,notBad
4402,7,992.0,2,469.3,swap,notBad
4403,7,992.0,2,469.3,2opt,notBad
4404,7,992.0,2,469.3,swap,notBad
4405,7,992.0,2,469.3,swap,notBad
4406,7,996.55,2,469.3,swap,acceptBad
4407,7,996.55,2,469.3,swap,notBad
4408,7,996.55,2,469.3,move,improve
4409,7,996.55,2,469.3,move,improve
4410,7,996.55,2,469.3,move,improve
4411,7,996.55,2,469.3,2opt,improve
4412,7,996.55,2,469.3,swap,notBad
4413,7,996.55,2,469.3,2opt,notBad
4414,7,996.55,2,469.3,move,improve
4415,7,994.65,2,469.3,move,improve
4416,7,994.5,2,469.3,move,improve
4417,7,994.5,2,469.3,move,improve
4418,7,994.5,2,469.3,move,improve
4419,7,994.5,2,469.3,move,improve
4420,7,994.5,2,469.3,2opt,notBad
4421,7,994.5,2,469.3,swap,notBad
4422,7,994.5,2,469.3,2opt,notBad
4423,7,994.5,2,469.3,2opt,notBad
4424,7,994.5,2,469.3,2opt,notBad
4425,7,994.5,2,469.3,swap,notBad
4426,7,994.5,2,469.3,swap,notBad
4427,7,993.5,2,469.3,move,improve
4428,7,993.5,2,469.3,swap,notBad
4429,7,993.5,2,469.3,move,improve
4430,7,993.5,2,469.3,move,improve
4431,7,993.5,2,469.3,move,improve
4432,7,993.5,2,469.3,move,improve
4433,7,1013.4499999999997,2,469.3,move,acceptBad
4434,7,1041.8000000000002,2,469.3,move,acceptBad
4435,7,1041.8000000000002,2,469.3,2opt,notBad
4436,7,1041.8000000000002,2,469.3,2opt,notBad
4437,7,1041.8000000000002,2,469.3,swap,notBad
4438,7,1041.8000000000002,2,469.3,swap,notBad
4439,7,1041.8000000000002,2,469.3,2opt,notBad
4440,7,1013.75,2,469.3,move,improve
4441,7,1013.75,2,469.3,move,improve
4442,7,1013.75,2,469.3,2opt,improve
4443,7,1013.75,2,469.3,2opt,notBad
4444,7,1013.75,2,469.3,2opt,notBad
4445,7,1013.75,2,469.3,swap,notBad
4446,7,1013.75,2,469.3,move,improve
4447,7,1013.75,2,469.3,move,improve
4448,7,1013.75,2,469.3,move,improve
4449,7,1013.75,2,469.3,move,improve
4450,7,1013.75,2,469.3,2opt,notBad
4451,7,1013.75,2,469.3,2opt,notBad
4452,7,1013.75,2,469.3,move,improve
4453,7,1013.75,2,469.3,swap,notBad
4454,7,1013.75,2,469.3,2opt,notBad
4455,7,1013.75,2,469.3,2opt,notBad
4456,7,1013.75,2,469.3,swap,notBad
4457,7,1013.75,2,469.3,move,improve
4458,7,1013.75,2,469.3,move,improve
4459,7,1013.75,2,469.3,swap,notBad
4460,7,1013.75,2,469.3,2opt,notBad
4461,7,1013.75,2,469.3,swap,notBad
4462,7,1013.75,2,469.3,move,improve
4463,7,1013.75,2,469.3,2opt,improve
4464,7,1013.75,2,469.3,2opt,notBad
4465,7,1013.75,2,469.3,move,improve
4466,7,1013.75,2,469.3,2opt,notBad
4467,7,1013.75,2,469.3,swap,notBad
4468,7,1013.75,2,469.3,move,improve
4469,7,1013.75,2,469.3,swap,notBad
4470,7,1013.75,2,469.3,move,improve
4471,7,1013.75,2,469.3,swap,notBad
4472,7,1013.75,2,469.3,2opt,notBad
4473,7,1013.75,2,469.3,2opt,notBad
4474,7,1013.75,2,469.3,move,improve
4475,7,1015.4499999999996,2,469.3,swap,acceptBad
4476,7,1015.4499999999996,2,469.3,swap,notBad
4477,7,1010.6999999999999,2,469.3,swap,improve
4478,7,1010.6999999999999,2,469.3,swap,notBad
4479,7,1010.6999999999999,2,469.3,2opt,notBad
4480,7,1010.6999999999999,2,469.3,swap,notBad
4481,7,1010.6999999999999,2,469.3,2opt,notBad
4482,7,1010.6999999999999,2,469.3,2opt,notBad
4483,7,1010.6999999999999,2,469.3,2opt,notBad
4484,7,1010.6999999999999,2,469.3,swap,notBad
4485,7,1010.6999999999999,2,469.3,swap,notBad
4486,7,1010.6999999999999,2,469.3,move,improve
4487,7,1010.6999999999999,2,469.3,move,improve
4488,7,1008.9499999999997,2,469.3,move,improve
4489,7,1008.9499999999997,2,469.3,2opt,notBad
4490,7,1008.9499999999997,2,469.3,move,improve
4491,7,1008.9499999999997,2,469.3,swap,notBad
4492,7,1008.9499999999997,2,469.3,swap,notBad
4493,7,998.6999999999999,2,469.3,move,improve
4494,7,998.6999999999999,2,469.3,move,improve
4495,7,998.6999999999999,2,469.3,2opt,notBad
4496,7,998.6999999999999,2,469.3,2opt,improve
4497,7,998.4499999999999,2,469.3,move,improve
4498,7,998.4499999999999,2,469.3,swap,notBad
4499,7,998.4499999999999,2,469.3,2opt,notBad
4500,7,998.4499999999999,2,469.3,swap,notBad
4501,7,998.4499999999999,2,469.3,move,improve
4502,7,998.4499999999999,2,469.3,2opt,notBad
4503,7,998.4499999999999,2,469.3,swap,notBad
4504,7,1009.4499999999999,2,469.3,swap,acceptBad
4505,7,1009.4499999999999,2,469.3,move,improve
4506,7,1009.4499999999999,2,469.3,2opt,notBad
4507,7,1009.4499999999999,2,469.3,2opt,improve
4508,7,1009.4499999999999,2,469.3,swap,notBad
4509,7,1009.4499999999999,2,469.3,2opt,notBad
4510,7,1009.4499999999999,2,469.3,move,improve
4511,7,1009.4499999999999,2,469.3,2opt,notBad
4512,7,1012.8499999999998,2,469.3,swap,acceptBad
4513,7,1012.8499999999998,2,469.3,2opt,notBad
4514,7,1012.8499999999998,2,469.3,2opt,notBad
4515,7,1006.3500000000003,2,469.3,move,improve
4516,7,1006.3500000000003,2,469.3,2opt,notBad
4517,7,1006.3500000000003,2,469.3,2opt,notBad
4518,7,1006.3500000000003,2,469.3,move,improve
4519,7,1006.3500000000003,2,469.3,swap,notBad
4520,7,1006.3500000000003,2,469.3,2opt,notBad
4521,7,1008.6000000000001,2,469.3,2opt,acceptBad
4522,7,1008.6000000000001,2,469.3,swap,notBad
4523,7,1007.3500000000001,2,469.3,swap,improve
4524,7,1007.3500000000001,2,469.3,move,improve
4525,7,1007.3500000000001,2,469.3,2opt,notBad
4526,7,1007.3500000000001,2,469.3,2opt,notBad
4527,7,1007.3500000000001,2,469.3,2opt,notBad
4528,7,1007.3500000000001,2,469.3,2opt,notBad
4529,7,1003.5499999999997,2,469.3,move,improve
4530,7,1003.5499999999997,2,469.3,swap,notBad
4531,7,1002.0999999999996,2,469.3,move,improve
4532,7,1002.0999999999996,2,469.3,2opt,notBad
4533,7,1002.0999999999996,2,469.3,move,improve
4534,7,1002.0999999999996,2,469.3,2opt,notBad
4535,7,1002.0999999999996,2,469.3,swap,notBad
4536,7,1002.0999999999996,2,469.3,swap,notBad
4537,7,1002.0999999999996,2,469.3,2opt,notBad
4538,7,1002.0999999999996,2,469.3,2opt,notBad
4539,7,1001.6499999999993,2,469.3,move,improve
4540,7,1001.6499999999993,2,469.3,2opt,notBad
4541,7,1001.6499999999993,2,469.3,swap,notBad
4542,7,1001.6499999999993,2,469.3,swap,notBad
4543,7,1001.6499999999993,2,469.3,move,improve
4544,7,999.0999999999993,2,469.3,move,improve
4545,7,999.0999999999993,2,469.3,swap,notBad
4546,7,999.0999999999993,2,469.3,2opt,notBad
4547,7,999.0999999999993,2,469.3,2opt,notBad
4548,7,999.0999999999993,2,469.3,2opt,improve
4549,7,999.0999999999993,2,469.3,2opt,notBad
4550,7,999.0999999999993,2,469.3,2opt,notBad
4551,7,999.0999999999993,2,469.3,move,improve
4552,7,1016.5499999999992,2,469.3,move,acceptBad
4553,7,1031.1499999999992,2,469.3,swap,acceptBad
4554,7,1031.1499999999992,2,469.3,2opt,notBad
4555,7,1031.1499999999992,2,469.3,swap,notBad
4556,7,1031.1499999999992,2,469.3,swap,notBad
4557,7,1031.1499999999992,2,469.3,swap,notBad
4558,7,1031.1499999999992,2,469.3,2opt,notBad
4559,7,1031.1499999999992,2,469.3,move,improve
4560,7,1031.1499999999992,2,469.3,2opt,notBad
4561,7,1031.1499999999992,2,469.3,2opt,notBad
4562,7,1031.1499999999992,2,469.3,swap,notBad
4563,7,1031.1499999999992,2,469.3,move,improve
4564,7,1031.1499999999992,2,469.3,2opt,notBad
4565,7,1031.1499999999992,2,469.3,2opt,notBad
4566,7,1031.1499999999992,2,469.3,move,improve
4567,7,1031.1499999999992,2,469.3,2opt,notBad
4568,7,1031.3499999999995,2,469.3,2opt,acceptBad
4569,7,1026.7999999999993,2,469.3,move,improve
4570,7,1026.7999999999993,2,469.3,move,improve
4571,7,1019.4499999999995,2,469.3,move,improve
4572,7,1019.4499999999995,2,469.3,move,improve
4573,7,1019.4499999999995,2,469.3,2opt,notBad
4574,7,1019.4499999999995,2,469.3,swap,notBad
4575,7,1019.4499999999995,2,469.3,2opt,notBad
4576,7,1017.2999999999995,2,469.3,swap,improve
4577,7,1017.2999999999995,2,469.3,swap,notBad
4578,7,1002.6999999999995,2,469.3,move,improve
4579,7,1002.6999999999995,2,469.3,2opt,notBad
4580,7,1002.6999999999995,2,469.3,swap,notBad
4581,7,1002.6999999999995,2,469.3,2opt,notBad
4582,7,1002.6999999999995,2,469.3,move,improve
4583,7,1002.6999999999995,2,469.3,swap,notBad
4584,7,1002.6999999999995,2,469.3,move,improve
4585,7,1002.6999999999995,2,469.3,2opt,notBad
4586,7,1002.6999999999995,2,469.3,move,improve
4587,7,1002.6999999999995,2,469.3,move,improve
4588,7,1002.6999999999995,2,469.3,move,improve
4589,7,1002.6999999999995,2,469.3,2opt,notBad
4590,7,1002.6999999999995,2,469.3,2opt,notBad
4591,7,1002.6999999999995,2,469.3,move,improve
4592,7,1000.3,2,469.3,move,improve
4593,7,1000.3,2,469.3,swap,notBad
4594,7,1000.3,2,469.3,2opt,notBad
4595,7,999.9,2,469.3,move,improve
4596,7,999.9,2,469.3,move,improve
4597,7,999.9,2,469.3,swap,notBad
4598,7,999.9,2,469.3,2opt,notBad
4599,7,999.9,2,469.3,move,improve
4600,7,999.9,2,469.3,2opt,notBad
4601,7,999.9,2,469.3,move,improve
4602,7,999.9,2,469.3,2opt,notBad
4603,7,999.9,2,469.3,2opt,notBad
4604,7,999.9,2,469.3,move,improve
4605,7,999.0000000000001,2,469.3,move,improve
4606,7,999.0000000000001,2,469.3,2opt,notBad
4607,7,999.0000000000001,2,469.3,2opt,notBad
4608,7,999.0000000000001,2,469.3,move,improve
4609,7,999.0000000000001,2,469.3,swap,notBad
4610,7,994.5500000000002,2,469.3,move,improve
4611,7,994.5500000000002,2,469.3,2opt,notBad
4612,7,994.5500000000002,2,469.3,2opt,notBad
4613,7,994.5500000000002,2,469.3,swap,notBad
4614,7,994.5500000000002,2,469.3,2opt,notBad
4615,7,994.5500000000002,2,469.3,2opt,notBad
4616,7,994.5500000000002,2,469.3,move,improve
4617,7,994.5500000000002,2,469.3,swap,notBad
4618,7,994.5500000000002,2,469.3,move,improve
4619,7,994.5500000000002,2,469.3,move,improve
4620,7,994.5500000000002,2,469.3,2opt,notBad
4621,7,994.5500000000002,2,469.3,2opt,notBad
4622,7,994.3000000000001,2,469.3,move,improve
4623,7,994.3000000000001,2,469.3,move,improve
4624,7,994.3000000000001,2,469.3,swap,notBad
4625,7,994.3000000000001,2,469.3,swap,notBad
4626,7,994.3000000000001,2,469.3,swap,notBad
4627,7,990.8000000000001,2,469.3,move,improve
4628,7,990.8000000000001,2,469.3,2opt,notBad
4629,7,990.8000000000001,2,469.3,move,improve
4630,7,990.8000000000001,2,469.3,2opt,notBad
4631,7,990.8000000000001,2,469.3,2opt,notBad
4632,7,990.8000000000001,2,469.3,swap,notBad
4633,7,990.8000000000001,2,469.3,move,improve
4634,7,990.8000000000001,2,469.3,move,improve
4635,7,990.8000000000001,2,469.3,2opt,notBad
4636,7,990.8000000000001,2,469.3,2opt,improve
4637,7,990.8000000000001,2,469.3,move,improve
4638,7,989.05,2,469.3,move,improve
4639,7,989.05,2,469.3,move,improve
4640,7,989.05,2,469.3,swap,notBad
4641,7,989.05,2,469.3,2opt,notBad
4642,7,989.05,2,469.3,swap,notBad
4643,7,989.05,2,469.3,swap,notBad
4644,7,989.05,2,469.3,swap,notBad
4645,7,1001.3000000000001,2,469.3,swap,acceptBad
4646,7,1001.3000000000001,2,469.3,swap,notBad
4647,7,988.5,2,469.3,swap,improve
4648,7,988.5,2,469.3,swap,notBad
4649,7,988.5,2,469.3,move,improve
4650,7,988.5,2,469.3,swap,notBad
4651,7,988.5,2,469.3,2opt,improve
4652,7,986.8499999999999,2,469.3,move,improve
4653,7,986.8499999999999,2,469.3,swap,notBad
4654,7,986.8499999999999,2,469.3,2opt,notBad
4655,7,986.8499999999999,2,469.3,swap,notBad
4656,7,986.8499999999999,2,469.3,2opt,notBad
4657,7,986.8499999999999,2,469.3,2opt,notBad
4658,7,986.8499999999999,2,469.3,2opt,notBad
4659,7,986.8499999999999,2,469.3,swap,notBad
4660,7,986.8499999999999,2,469.3,swap,notBad
4661,7,980.6999999999997,2,469.3,move,improve
4662,7,980.6999999999997,2,469.3,2opt,notBad
4663,7,980.6999999999997,2,469.3,move,improve
4664,7,980.6999999999997,2,469.3,swap,notBad
4665,7,980.6999999999997,2,469.3,swap,notBad
4666,7,980.6999999999997,2,469.3,2opt,improve
4667,7,980.6999999999997,2,469.3,2opt,improve
4668,7,980.6999999999997,2,469.3,swap,notBad
4669,7,980.6999999999997,2,469.3,move,improve
4670,7,980.6999999999997,2,469.3,swap,notBad
4671,7,980.6999999999997,2,469.3,2opt,improve
4672,7,980.6999999999997,2,469.3,swap,notBad
4673,7,980.6999999999997,2,469.3,2opt,notBad
4674,7,980.6999999999997,2,469.3,swap,notBad
4675,7,994.4999999999998,2,469.3,swap,acceptBad
4676,7,994.4999999999998,2,469.3,2opt,notBad
4677,7,994.4999999999998,2,469.3,2opt,notBad
4678,7,994.4999999999998,2,469.3,move,improve
4679,7,991.4999999999997,2,469.3,move,improve
4680,7,991.4999999999997,2,469.3,move,improve
4681,7,991.4999999999997,2,469.3,2opt,notBad
4682,7,991.4999999999997,2,469.3,swap,notBad
4683,7,991.4999999999997,2,469.3,2opt,notBad
4684,7,991.4999999999997,2,469.3,2opt,notBad
4685,7,991.4999999999997,2,469.3,move,improve
4686,7,991.4999999999997,2,469.3,swap,notBad
4687,7,991.4999999999997,2,469.3,2opt,notBad
4688,7,991.4999999999997,2,469.3,move,improve
4689,7,991.4999999999997,2,469.3,move,improve
4690,7,991.4999999999997,2,469.3,2opt,notBad
4691,7,991.4999999999997,2,469.3,swap,notBad
4692,7,991.4999999999997,2,469.3,2opt,notBad
4693,7,990.0999999999997,2,469.3,swap,improve
4694,7,990.0999999999997,2,469.3,2opt,notBad
4695,7,990.0999999999997,2,469.3,move,improve
4696,7,990.0999999999997,2,469.3,swap,notBad
4697,7,990.0999999999997,2,469.3,swap,notBad
4698,7,1000.7499999999997,2,469.3,swap,acceptBad
4699,7,1000.7499999999997,2,469.3,move,improve
4700,7,1000.7499999999997,2,469.3,swap,notBad
4701,7,1000.7499999999997,2,469.3,2opt,notBad
4702,7,1000.7499999999997,2,469.3,move,improve
4703,7,1000.7499999999997,2,469.3,2opt,notBad
4704,7,1000.7499999999997,2,469.3,2opt,notBad
4705,7,1000.7499999999997,2,469.3,2opt,notBad
4706,7,1000.7499999999997,2,469.3,swap,notBad
4707,7,1000.7499999999997,2,469.3,2opt,notBad
4708,7,1000.7499999999997,2,469.3,2opt,improve
4709,7,1000.7499999999997,2,469.3,swap,notBad
4710,7,1000.7499999999997,2,469.3,swap,notBad
4711,7,1000.7499999999997,2,469.3,swap,notBad
4712,7,1000.7499999999997,2,469.3,2opt,notBad
4713,7,990.6499999999996,2,469.3,move,improve
4714,7,990.6499999999996,2,469.3,swap,notBad
4715,7,990.6499999999996,2,469.3,2opt,notBad
4716,7,990.6499999999996,2,469.3,swap,notBad
4717,7,990.6499999999996,2,469.3,swap,notBad
4718,7,990.6499999999996,2,469.3,2opt,notBad
4719,7,990.6499999999996,2,469.3,2opt,improve
4720,7,990.6499999999996,2,469.3,2opt,notBad
4721,7,990.6499999999996,2,469.3,swap,notBad
4722,7,990.6499999999996,2,469.3,swap,notBad
4723,7,997.1999999999997,2,469.3,swap,acceptBad
4724,7,982.5999999999998,2,469.3,move,improve
4725,7,982.5999999999998,2,469.3,move,improve
4726,7,982.5999999999998,2,469.3,swap,notBad
4727,7,982.5999999999998,2,469.3,2opt,notBad
4728,7,982.5999999999998,2,469.3,2opt,notBad
4729,7,982.5999999999998,2,469.3,2opt,notBad
4730,7,992.0999999999997,2,469.3,swap,acceptBad
4731,7,992.0999999999997,2,469.3,swap,notBad
4732,7,989.8999999999995,2,469.3,swap,improve
4733,7,987.1500000000001,2,469.3,swap,improve
4734,7,987.1500000000001,2,469.3,2opt,notBad
4735,7,987.1500000000001,2,469.3,swap,notBad
4736,7,987.1500000000001,2,469.3,swap,notBad
4737,7,987.1500000000001,2,469.3,2opt,improve
4738,7,987.1500000000001,2,469.3,move,improve
4739,7,987.1500000000001,2,469.3,move,improve
4740,7,987.1500000000001,2,469.3,move,improve
4741,7,986.4000000000001,2,469.3,move,improve
4742,7,986.4000000000001,2,469.3,swap,notBad
4743,7,986.4000000000001,2,469.3,move,improve
4744,7,986.4000000000001,2,469.3,swap,notBad
4745,7,986.4000000000001,2,469.3,2opt,notBad
4746,7,986.4000000000001,2,469.3,swap,notBad
4747,7,986.4000000000001,2,469.3,swap,notBad
4748,7,986.4000000000001,2,469.3,swap,notBad
4749,7,986.4000000000001,2,469.3,2opt,improve
4750,7,986.4000000000001,2,469.3,move,improve
4751,7,986.4000000000001,2,469.3,2opt,improve
4752,7,986.4000000000001,2,469.3,2opt,notBad
4753,7,986.4000000000001,2,469.3,2opt,notBad
4754,7,986.4000000000001,2,469.3,2opt,notBad
4755,7,986.4000000000001,2,469.3,move,improve
4756,7,986.4000000000001,2,469.3,swap,notBad
4757,7,986.4000000000001,2,469.3,swap,notBad
4758,7,986.4000000000001,2,469.3,2opt,notBad
4759,7,986.4000000000001,2,469.3,move,improve
4760,7,986.4000000000001,2,469.3,move,improve
4761,7,986.4000000000001,2,469.3,2opt,notBad
4762,7,986.4000000000001,2,469.3,2opt,notBad
4763,7,986.4000000000001,2,469.3,swap,notBad
4764,7,986.3000000000002,2,469.3,move,improve
4765,7,986.3000000000002,2,469.3,move,improve
4766,7,986.3000000000002,2,469.3,2opt,notBad
4767,7,986.3000000000002,2,469.3,move,improve
4768,7,986.3000000000002,2,469.3,2opt,notBad
4769,7,986.3000000000002,2,469.3,move,improve
4770,7,986.3000000000002,2,469.3,move,improve
4771,7,986.3000000000002,2,469.3,move,improve
4772,7,986.3000000000002,2,469.3,move,improve
4773,7,986.3000000000002,2,469.3,2opt,notBad
4774,7,986.3000000000002,2,469.3,move,improve
4775,7,978.4000000000002,2,469.3,move,improve
4776,7,981.9999999999999,2,469.3,swap,acceptBad
4777,7,981.9999999999999,2,469.3,move,improve
4778,7,981.9999999999999,2,469.3,swap,notBad
4779,7,981.9999999999999,2,469.3,swap,notBad
4780,7,981.9999999999999,2,469.3,2opt,notBad
4781,7,981.9999999999999,2,469.3,swap,notBad
4782,7,985.9499999999999,2,469.3,swap,acceptBad
4783,7,985.9499999999999,2,469.3,2opt,notBad
4784,7,985.9499999999999,2,469.3,move,improve
4785,7,985.9499999999999,2,469.3,swap,notBad
4786,7,985.9499999999999,2,469.3,swap,notBad
4787,7,985.9499999999999,2,469.3,2opt,notBad
4788,7,985.9499999999999,2,469.3,2opt,notBad
4789,7,976.6,2,469.3,swap,improve
4790,7,976.6,2,469.3,2opt,notBad
4791,7,976.6,2,469.3,move,improve
4792,7,976.6,2,469.3,move,improve
4793,7,976.6,2,469.3,2opt,notBad
4794,7,976.6,2,469.3,2opt,notBad
4795,7,976.6,2,469.3,swap,notBad
4796,7,976.6,2,469.3,2opt,notBad
4797,7,976.6,2,469.3,swap,notBad
4798,7,972.65,2,469.3,move,improve
4799,7,972.65,2,469.3,swap,notBad
4800,7,972.65,2,469.3,2opt,notBad
4801,7,972.65,2,469.3,move,improve
4802,7,972.65,2,469.3,swap,notBad
4803,7,972.65,2,469.3,move,improve
4804,7,972.65,2,469.3,2opt,notBad
4805,7,972.65,2,469.3,move,improve
4806,7,972.65,2,469.3,2opt,improve
4807,7,972.65,2,469.3,2opt,improve
4808,7,972.65,2,469.3,swap,notBad
4809,7,972.65,2,469.3,swap,notBad
4810,7,972.65,2,469.3,swap,notBad
4811,7,972.65,2,469.3,swap,notBad
4812,7,972.65,2,469.3,move,improve
4813,7,972.65,2,469.3,move,improve
4814,7,972.65,2,469.3,move,improve
4815,7,972.65,2,469.3,move,improve
4816,7,972.65,2,469.3,swap,notBad
4817,7,972.65,2,469.3,swap,notBad
4818,7,972.65,2,469.3,move,improve
4819,7,972.65,2,469.3,2opt,notBad
4820,7,972.65,2,469.3,2opt,notBad
4821,7,972.65,2,469.3,2opt,notBad
4822,7,972.65,2,469.3,2opt,notBad
4823,7,972.65,2,469.3,2opt,notBad
4824,7,972.3,2,469.3,move,improve
4825,7,972.3,2,469.3,2opt,notBad
4826,7,972.3,2,469.3,2opt,notBad
4827,7,972.3,2,469.3,2opt,notBad
4828,7,972.3,2,469.3,move,improve
4829,7,972.3,2,469.3,2opt,notBad
4830,7,972.3,2,469.3,2opt,notBad
4831,7,972.3,2,469.3,2opt,improve
4832,7,972.3,2,469.3,2opt,notBad
4833,7,972.3,2,469.3,move,improve
4834,7,972.3,2,469.3,move,improve
4835,7,972.3,2,469.3,2opt,notBad
4836,7,972.3,2,469.3,swap,notBad
4837,7,972.3,2,469.3,move,improve
4838,7,972.3,2,469.3,move,improve
4839,7,972.3,2,469.3,move,improve
4840,7,972.3,2,469.3,swap,notBad
4841,7,972.3,2,469.3,2opt,notBad
4842,7,972.3,2,469.3,2opt,notBad
4843,7,972.3,2,469.3,2opt,notBad
4844,7,972.3,2,469.3,swap,notBad
4845,7,972.3,2,469.3,2opt,improve
4846,7,972.3,2,469.3,2opt,notBad
4847,7,972.3,2,469.3,move,improve
4848,7,972.2499999999998,2,469.3,move,improve
4849,7,972.2499999999998,2,469.3,2opt,notBad
4850,7,972.1499999999997,2,469.3,move,improve
4851,7,972.1499999999997,2,469.3,swap,notBad
4852,7,972.1499999999997,2,469.3,2opt,notBad
4853,7,972.1499999999997,2,469.3,move,improve
4854,7,972.1499999999997,2,469.3,2opt,notBad
4855,7,972.1499999999997,2,469.3,move,improve
4856,7,972.1499999999997,2,469.3,move,improve
4857,7,980.5499999999997,2,469.3,swap,acceptBad
4858,7,980.5499999999997,2,469.3,swap,notBad
4859,7,980.5499999999997,2,469.3,move,improve
4860,7,980.5499999999997,2,469.3,2opt,notBad
4861,7,978.7499999999998,2,469.3,move,improve
4862,7,978.7499999999998,2,469.3,swap,notBad
4863,7,978.7499999999998,2,469.3,2opt,notBad
4864,7,978.7499999999998,2,469.3,move,improve
4865,7,978.7499999999998,2,469.3,2opt,notBad
4866,7,978.7499999999998,2,469.3,2opt,notBad
4867,7,978.7499999999998,2,469.3,move,improve
4868,7,972.55,2,469.3,move,improve
4869,7,972.55,2,469.3,swap,notBad
4870,7,972.55,2,469.3,move,improve
4871,7,972.55,2,469.3,swap,notBad
4872,7,972.55,2,469.3,swap,notBad
4873,7,972.55,2,469.3,move,improve
4874,7,972.55,2,469.3,swap,notBad
4875,7,972.55,2,469.3,swap,notBad
4876,7,972.55,2,469.3,swap,notBad
4877,7,972.55,2,469.3,swap,notBad
4878,7,972.55,2,469.3,swap,notBad
4879,7,972.55,2,469.3,move,improve
4880,7,972.55,2,469.3,move,improve
4881,7,972.55,2,469.3,2opt,notBad
4882,7,972.55,2,469.3,move,improve
4883,7,972.55,2,469.3,move,improve
4884,7,972.55,2,469.3,2opt,notBad
4885,7,972.55,2,469.3,swap,notBad
4886,7,972.4499999999999,2,469.3,move,improve
4887,7,972.4499999999999,2,469.3,2opt,notBad
4888,7,972.4499999999999,2,469.3,2opt,notBad
4889,7,972.4499999999999,2,469.3,2opt,notBad
4890,7,972.4499999999999,2,469.3,move,improve
4891,7,972.4499999999999,2,469.3,2opt,notBad
4892,7,981.6499999999997,2,469.3,swap,acceptBad
4893,7,981.6499999999997,2,469.3,2opt,improve
4894,7,980.7999999999998,2,469.3,swap,improve
4895,7,980.7999999999998,2,469.3,swap,notBad
4896,7,980.4499999999998,2,469.3,move,improve
4897,7,980.4499999999998,2,469.3,2opt,notBad
4898,7,980.4499999999998,2,469.3,2opt,notBad
4899,7,980.4999999999998,2,469.3,swap,acceptBad
4900,7,987.3999999999997,2,469.3,move,acceptBad
4901,7,987.3999999999997,2,469.3,2opt,notBad
4902,7,987.3999999999997,2,469.3,2opt,notBad
4903,7,987.3999999999997,2,469.3,2opt,notBad
4904,7,987.3999999999997,2,469.3,2opt,notBad
4905,7,987.3999999999997,2,469.3,move,improve
4906,7,987.3999999999997,2,469.3,swap,notBad
4907,7,987.3999999999997,2,469.3,move,improve
4908,7,987.3999999999997,2,469.3,move,improve
4909,7,984.4499999999997,2,469.3,move,improve
4910,7,984.4499999999997,2,469.3,swap,notBad
4911,7,984.4499999999997,2,469.3,2opt,notBad
4912,7,984.4499999999997,2,469.3,2opt,notBad
4913,7,984.4499999999997,2,469.3,swap,notBad
4914,7,984.4499999999997,2,469.3,2opt,notBad
4915,7,984.4499999999997,2,469.3,swap,notBad
4916,7,984.4499999999997,2,469.3,swap,notBad
4917,7,984.4499999999997,2,469.3,move,improve
4918,7,984.4499999999997,2,469.3,2opt,notBad
4919,7,984.4499999999997,2,469.3,move,improve
4920,7,984.4499999999997,2,469.3,2opt,notBad
4921,7,984.4499999999997,2,469.3,swap,notBad
4922,7,984.4499999999997,2,469.3,move,improve
4923,7,984.4499999999997,2,469.3,move,improve
4924,7,984.4499999999997,2,469.3,2opt,notBad
4925,7,984.4499999999997,2,469.3,2opt,notBad
4926,7,984.4499999999997,2,469.3,2opt,notBad
4927,7,984.4499999999997,2,469.3,swap,notBad
4928,7,984.4499999999997,2,469.3,2opt,notBad
4929,7,984.4499999999997,2,469.3,move,improve
4930,7,977.5499999999997,2,469.3,swap,improve
4931,7,977.5499999999997,2,469.3,move,improve
4932,7,977.5499999999997,2,469.3,2opt,notBad
4933,7,977.5499999999997,2,469.3,move,improve
4934,7,977.5499999999997,2,469.3,move,improve
4935,7,977.5499999999997,2,469.3,2opt,notBad
4936,7,977.5499999999997,2,469.3,move,improve
4937,7,977.5499999999997,2,469.3,swap,notBad
4938,7,977.5499999999997,2,469.3,swap,notBad
4939,7,977.5499999999997,2,469.3,move,improve
4940,7,977.5499999999997,2,469.3,2opt,notBad
4941,7,977.5499999999997,2,469.3,2opt,notBad
4942,7,977.5499999999997,2,469.3,swap,notBad
4943,7,977.5499999999997,2,469.3,swap,notBad
4944,7,974.6999999999998,2,469.3,move,improve
4945,7,974.6999999999998,2,469.3,2opt,notBad
4946,7,974.6999999999998,2,469.3,move,improve
4947,7,974.6999999999998,2,469.3,2opt,notBad
4948,7,974.6999999999998,2,469.3,move,improve
4949,7,974.6999999999998,2,469.3,move,improve
4950,7,974.6999999999998,2,469.3,swap,notBad
4951,7,974.6999999999998,2,469.3,move,improve
4952,7,974.6999999999998,2,469.3,move,improve
4953,7,974.6999999999998,2,469.3,move,improve
4954,7,974.6999999999998,2,469.3,swap,notBad
4955,7,974.6999999999998,2,469.3,swap,notBad
4956,7,974.6999999999998,2,469.3,2opt,notBad
4957,7,974.6999999999998,2,469.3,swap,notBad
4958,7,973.3499999999999,2,469.3,move,improve
4959,7,973.3499999999999,2,469.3,2opt,improve
4960,7,973.3499999999999,2,469.3,swap,notBad
4961,7,973.3499999999999,2,469.3,swap,notBad
4962,7,973.3499999999999,2,469.3,swap,notBad
4963,7,973.3499999999999,2,469.3,swap,notBad
4964,7,982.3,2,469.3,swap,acceptBad
4965,7,982.3,2,469.3,swap,notBad
4966,7,982.3,2,469.3,move,improve
4967,7,982.3,2,469.3,swap,notBad
4968,7,982.3,2,469.3,2opt,notBad
4969,7,982.3,2,469.3,move,improve
4970,7,982.3,2,469.3,2opt,notBad
4971,7,982.3,2,469.3,move,improve
4972,7,982.3,2,469.3,swap,notBad
4973,7,982.3,2,469.3,2opt,improve
4974,7,984.7,2,469.3,2opt,acceptBad
4975,7,984.7,2,469.3,swap,notBad
4976,7,984.7,2,469.3,move,improve
4977,7,984.7,2,469.3,2opt,notBad
4978,7,984.7,2,469.3,2opt,notBad
4979,7,984.7,2,469.3,move,improve
4980,7,984.7,2,469.3,2opt,improve
4981,7,984.7,2,469.3,swap,notBad
4982,7,984.7,2,469.3,swap,notBad
4983,7,984.7,2,469.3,2opt,notBad
4984,7,984.7,2,469.3,swap,notBad
4985,7,984.7,2,469.3,move,improve
4986,7,984.7,2,469.3,2opt,notBad
4987,7,984.7,2,469.3,2opt,notBad
4988,7,984.7,2,469.3,move,improve
4989,7,984.7,2,469.3,move,improve
4990,7,984.7,2,469.3,2opt,notBad
4991,7,983.9999999999999,2,469.3,move,improve
4992,7,983.9999999999999,2,469.3,2opt,notBad
4993,7,983.9999999999999,2,469.3,2opt,notBad
4994,7,983.9999999999999,2,469.3,move,improve
4995,7,983.9999999999999,2,469.3,move,improve
4996,7,992.3499999999997,2,469.3,swap,acceptBad
4997,7,992.3499999999997,2,469.3,2opt,notBad
4998,7,992.3499999999997,2,469.3,move,improve
4999,7,989.7999999999997,2,469.3,move,improve
5000,7,989.7999999999997,2,469.3,2opt,notBad
5001,7,989.7999999999997,2,469.3,2opt,notBad
5002,7,989.7999999999997,2,469.3,move,improve
5003,7,989.7999999999997,2,469.3,swap,notBad
5004,7,989.7999999999997,2,469.3,2opt,notBad
5005,7,989.7999999999997,2,469.3,swap,notBad
5006,7,989.7999999999997,2,469.3,move,improve
5007,7,989.7999999999997,2,469.3,2opt,notBad
5008,7,989.7999999999997,2,469.3,2opt,improve
5009,7,989.7999999999997,2,469.3,2opt,notBad
5010,7,989.7999999999997,2,469.3,2opt,notBad
5011,7,987.6999999999997,2,469.3,move,improve
5012,7,987.6999999999997,2,469.3,move,improve
5013,7,987.6999999999997,2,469.3,move,improve
5014,7,987.6999999999997,2,469.3,swap,notBad
5015,7,987.6999999999997,2,469.3,move,improve
5016,7,987.6999999999997,2,469.3,swap,notBad
5017,7,987.6999999999997,2,469.3,move,improve
5018,7,987.5499999999996,2,469.3,move,improve
5019,7,987.5499999999996,2,469.3,2opt,notBad
5020,7,987.5499999999996,2,469.3,swap,notBad
5021,7,987.5499999999996,2,469.3,move,improve
5022,7,987.5499999999996,2,469.3,swap,notBad
5023,7,987.5499999999996,2,469.3,move,improve
5024,7,987.5499999999996,2,469.3,2opt,notBad
5025,7,987.5499999999996,2,469.3,move,improve
5026,7,987.5499999999996,2,469.3,swap,notBad
5027,7,980.2,2,469.3,move,improve
5028,7,980.2,2,469.3,move,improve
5029,7,980.2,2,469.3,swap,notBad
5030,7,980.2,2,469.3,2opt,notBad
5031,7,980.2,2,469.3,swap,notBad
5032,7,974.8,2,469.3,move,improve
5033,7,974.8,2,469.3,swap,notBad
5034,7,974.8,2,469.3,move,improve
5035,7,974.8,2,469.3,move,improve
5036,7,974.8,2,469.3,move,improve
5037,7,974.8,2,469.3,move,improve
5038,7,980.8,2,469.3,swap,acceptBad
5039,7,980.8,2,469.3,2opt,notBad
5040,7,980.75,2,469.3,move,improve
5041,7,980.75,2,469.3,2opt,notBad
5042,7,980.75,2,469.3,2opt,notBad
5043,7,980.85,2,469.3,swap,acceptBad
5044,7,980.85,2,469.3,2opt,notBad
5045,7,980.85,2,469.3,swap,notBad
5046,7,980.85,2,469.3,move,improve
5047,7,980.85,2,469.3,swap,notBad
5048,7,980.85,2,469.3,swap,notBad
5049,7,991.9,2,469.3,swap,acceptBad
5050,7,990.4499999999999,2,469.3,move,improve
5051,7,991.3000000000001,2,469.3,swap,acceptBad
5052,7,991.3000000000001,2,469.3,2opt,notBad
5053,7,993.9000000000001,2,469.3,swap,acceptBad
5054,7,993.9000000000001,2,469.3,move,improve
5055,7,993.9000000000001,2,469.3,2opt,notBad
5056,7,993.9000000000001,2,469.3,2opt,notBad
5057,7,993.9000000000001,2,469.3,2opt,notBad
5058,7,993.9000000000001,2,469.3,2opt,notBad
5059,7,993.9000000000001,2,469.3,2opt,notBad
5060,7,993.9000000000001,2,469.3,move,improve
5061,7,993.9000000000001,2,469.3,swap,notBad
5062,7,993.9000000000001,2,469.3,swap,notBad
5063,7,993.9000000000001,2,469.3,2opt,notBad
5064,7,993.9000000000001,2,469.3,swap,notBad
5065,7,987.1500000000003,2,469.3,move,improve
5066,7,987.1500000000003,2,469.3,move,improve
5067,7,987.1500000000003,2,469.3,move,improve
5068,7,987.1500000000003,2,469.3,move,improve
5069,7,987.1500000000003,2,469.3,2opt,notBad
5070,7,987.1500000000003,2,469.3,move,improve
5071,7,987.1500000000003,2,469.3,swap,notBad
5072,7,987.1500000000003,2,469.3,2opt,notBad
5073,7,987.1500000000003,2,469.3,swap,notBad
5074,7,987.1500000000003,2,469.3,2opt,notBad
5075,7,987.1500000000003,2,469.3,swap,notBad
5076,7,987.1500000000003,2,469.3,swap,notBad
5077,7,987.1500000000003,2,469.3,swap,notBad
5078,7,987.1500000000003,2,469.3,2opt,notBad
5079,7,987.1500000000003,2,469.3,move,improve
5080,7,987.1500000000003,2,469.3,move,improve
5081,7,987.1500000000003,2,469.3,2opt,notBad
5082,7,987.1500000000003,2,469.3,swap,notBad
5083,7,987.1500000000003,2,469.3,swap,notBad
5084,7,987.1500000000003,2,469.3,2opt,notBad
5085,7,1002.2500000000005,2,469.3,move,acceptBad
5086,7,1002.2500000000005,2,469.3,swap,notBad
5087,7,1002.2500000000005,2,469.3,2opt,notBad
5088,7,997.9500000000002,2,469.3,move,improve
5089,7,1007.5500000000002,2,469.3,move,acceptBad
5090,7,1007.4000000000001,2,469.3,swap,improve
5091,7,1007.4000000000001,2,469.3,move,improve
5092,7,1007.4000000000001,2,469.3,2opt,notBad
5093,7,1007.4000000000001,2,469.3,2opt,notBad
5094,7,1007.4000000000001,2,469.3,2opt,notBad
5095,7,1007.4000000000001,2,469.3,move,improve
5096,7,1007.4000000000001,2,469.3,swap,notBad
5097,7,1007.4000000000001,2,469.3,2opt,notBad
5098,7,1007.4000000000001,2,469.3,2opt,notBad
5099,7,1007.4000000000001,2,469.3,swap,notBad
5100,7,1007.4000000000001,2,469.3,swap,notBad
5101,7,1007.4000000000001,2,469.3,swap,notBad
5102,7,1007.4000000000001,2,469.3,2opt,notBad
5103,7,1007.4000000000001,2,469.3,move,improve
5104,7,1007.4000000000001,2,469.3,move,improve
5105,7,982.8500000000003,2,469.3,move,improve
5106,7,982.8500000000003,2,469.3,swap,notBad
5107,7,982.8500000000003,2,469.3,swap,notBad
5108,7,982.8500000000003,2,469.3,2opt,notBad
5109,7,982.8500000000003,2,469.3,move,improve
5110,7,982.8500000000003,2,469.3,move,improve
5111,7,992.65,2,469.3,swap,acceptBad
5112,7,992.65,2,469.3,swap,notBad
5113,7,992.65,2,469.3,2opt,notBad
5114,7,992.65,2,469.3,swap,notBad
5115,7,985.6500000000004,2,469.3,move,improve
5116,7,985.6500000000004,2,469.3,2opt,notBad
5117,7,985.6500000000004,2,469.3,swap,notBad
5118,7,985.6500000000004,2,469.3,swap,notBad
5119,7,985.6500000000004,2,469.3,2opt,notBad
5120,7,985.6500000000004,2,469.3,move,improve
5121,7,985.6500000000004,2,469.3,move,improve
5122,7,985.6500000000004,2,469.3,swap,notBad
5123,7,985.6500000000004,2,469.3,2opt,notBad
5124,7,985.6500000000004,2,469.3,swap,notBad
5125,7,985.6500000000004,2,469.3,swap,notBad
5126,7,985.6500000000004,2,469.3,move,improve
5127,7,985.6500000000004,2,469.3,move,improve
5128,7,985.6500000000004,2,469.3,2opt,notBad
5129,7,985.6500000000004,2,469.3,2opt,notBad
5130,7,985.6500000000004,2,469.3,2opt,notBad
5131,7,985.6500000000004,2,469.3,swap,notBad
5132,7,985.6500000000004,2,469.3,swap,notBad
5133,7,985.6500000000004,2,469.3,2opt,notBad
5134,7,985.6500000000004,2,469.3,swap,notBad
5135,7,979.9500000000002,2,469.3,move,improve
5136,7,979.9500000000002,2,469.3,swap,notBad
5137,7,979.9500000000002,2,469.3,move,improve
5138,7,979.9500000000002,2,469.3,move,improve
5139,7,979.9500000000002,2,469.3,move,improve
5140,7,979.9500000000002,2,469.3,2opt,notBad
5141,7,993.55,2,469.3,swap,acceptBad
5142,7,993.55,2,469.3,swap,notBad
5143,7,993.55,2,469.3,2opt,improve
5144,7,993.55,2,469.3,move,improve
5145,7,996.45,2,469.3,move,acceptBad
5146,7,1006.2499999999998,2,469.3,swap,acceptBad
5147,7,1006.2499999999998,2,469.3,swap,notBad
5148,7,1006.2499999999998,2,469.3,move,improve
5149,7,1006.2499999999998,2,469.3,swap,notBad
5150,7,1006.2499999999998,2,469.3,swap,notBad
5151,7,1006.2499999999998,2,469.3,2opt,notBad
5152,7,1006.2499999999998,2,469.3,2opt,notBad
5153,7,1006.2499999999998,2,469.3,move,improve
5154,7,996.45,2,469.3,move,improve
5155,7,996.45,2,469.3,2opt,notBad
5156,7,996.45,2,469.3,2opt,notBad
5157,7,996.45,2,469.3,move,improve
5158,7,996.45,2,469.3,move,improve
5159,7,996.45,2,469.3,move,improve
5160,7,996.45,2,469.3,2opt,notBad
5161,7,996.45,2,469.3,swap,notBad
5162,7,996.45,2,469.3,2opt,improve
5163,7,996.45,2,469.3,2opt,notBad
5164,7,996.45,2,469.3,swap,notBad
5165,7,996.45,2,469.3,swap,notBad
5166,7,996.45,2,469.3,swap,notBad
5167,7,996.45,2,469.3,2opt,notBad
5168,7,996.45,2,469.3,2opt,notBad
5169,7,996.45,2,469.3,swap,notBad
5170,7,996.45,2,469.3,move,improve
5171,7,996.45,2,469.3,move,improve
5172,7,996.45,2,469.3,move,improve
5173,7,996.45,2,469.3,2opt,notBad
5174,7,996.45,2,469.3,swap,notBad
5175,7,996.45,2,469.3,swap,notBad
5176,7,998.45,2,469.3,swap,acceptBad
5177,7,1002.4000000000001,2,469.3,swap,acceptBad
5178,7,1002.4000000000001,2,469.3,2opt,notBad
5179,7,1002.4000000000001,2,469.3,swap,notBad
5180,7,1002.4000000000001,2,469.3,move,improve
5181,7,990.3500000000001,2,469.3,move,improve
5182,7,990.3500000000001,2,469.3,swap,notBad
5183,7,988.9500000000002,2,469.3,move,improve
5184,7,988.9500000000002,2,469.3,swap,notBad
5185,7,987.9500000000003,2,469.3,move,improve
5186,7,987.9500000000003,2,469.3,swap,notBad
5187,7,990.1500000000002,2,469.3,swap,acceptBad
5188,7,990.1500000000002,2,469.3,move,improve
5189,7,990.1500000000002,2,469.3,2opt,notBad
5190,7,990.1500000000002,2,469.3,swap,notBad
5191,7,990.1500000000002,2,469.3,2opt,notBad
5192,7,990.1500000000002,2,469.3,move,improve
5193,7,990.1500000000002,2,469.3,2opt,notBad
5194,7,990.1500000000002,2,469.3,move,improve
5195,7,989.0500000000002,2,469.3,swap,improve
5196,7,989.0500000000002,2,469.3,2opt,notBad
5197,7,989.0500000000002,2,469.3,swap,notBad
5198,7,988.7000000000002,2,469.3,move,improve
5199,7,988.7000000000002,2,469.3,move,improve
5200,7,988.7000000000002,2,469.3,move,improve
5201,7,988.1500000000001,2,469.3,move,improve
5202,7,988.1500000000001,2,469.3,2opt,notBad
5203,7,988.1500000000001,2,469.3,move,improve
5204,7,988.1500000000001,2,469.3,swap,notBad
5205,7,988.1500000000001,2,469.3,2opt,notBad
5206,7,988.1500000000001,2,469.3,2opt,notBad
5207,7,997.7500000000001,2,469.3,swap,acceptBad
5208,7,997.7500000000001,2,469.3,swap,notBad
5209,7,997.7500000000001,2,469.3,2opt,notBad
5210,7,997.7500000000001,2,469.3,move,improve
5211,7,997.7500000000001,2,469.3,2opt,notBad
5212,7,997.7500000000001,2,469.3,2opt,notBad
5213,7,997.7500000000001,2,469.3,2opt,notBad
5214,7,997.7500000000001,2,469.3,swap,notBad
5215,7,996.1500000000001,2,469.3,swap,improve
5216,7,999.15,2,469.3,swap,acceptBad
5217,7,999.15,2,469.3,move,improve
5218,7,999.15,2,469.3,swap,notBad
5219,7,999.15,2,469.3,2opt,notBad
5220,7,995.5,2,469.3,swap,improve
5221,7,995.5,2,469.3,move,improve
5222,7,995.5,2,469.3,swap,notBad
5223,7,1002.1999999999997,2,469.3,swap,acceptBad
5224,7,1002.1999999999997,2,469.3,swap,notBad
5225,7,1002.1999999999997,2,469.3,move,improve
5226,7,1002.1999999999997,2,469.3,move,improve
5227,7,1002.1999999999997,2,469.3,move,improve
5228,7,1002.1999999999997,2,469.3,swap,notBad
5229,7,1002.1999999999997,2,469.3,move,improve
5230,7,1002.1999999999997,2,469.3,swap,notBad
5231,7,1002.1999999999997,2,469.3,swap,notBad
5232,7,1002.1999999999997,2,469.3,2opt,notBad
5233,7,1002.1999999999997,2,469.3,2opt,notBad
5234,7,995.5999999999997,2,469.3,move,improve
5235,7,994.0499999999998,2,469.3,swap,improve
5236,7,994.0499999999998,2,469.3,swap,notBad
5237,7,994.0499999999998,2,469.3,swap,notBad
5238,7,994.0499999999998,2,469.3,swap,notBad
5239,7,994.0499999999998,2,469.3,swap,notBad
5240,7,994.0499999999998,2,469.3,move,improve
5241,7,991.6000000000001,2,469.3,move,improve
5242,7,991.6000000000001,2,469.3,move,improve
5243,7,991.6000000000001,2,469.3,2opt,notBad
5244,7,991.6000000000001,2,469.3,swap,notBad
5245,7,991.6000000000001,2,469.3,move,improve
5246,7,991.6000000000001,2,469.3,2opt,notBad
5247,7,985.3499999999998,2,469.3,move,improve
5248,7,985.3499999999998,2,469.3,swap,notBad
5249,7,985.3499999999998,2,469.3,move,improve
5250,7,985.3499999999998,2,469.3,2opt,notBad
5251,7,985.3499999999998,2,469.3,move,improve
5252,7,985.3499999999998,2,469.3,2opt,notBad
5253,7,985.3499999999998,2,469.3,2opt,notBad
5254,7,985.3499999999998,2,469.3,move,improve
5255,7,985.3499999999998,2,469.3,swap,notBad
5256,7,985.3499999999998,2,469.3,2opt,notBad
5257,7,985.3499999999998,2,469.3,swap,notBad
5258,7,985.3499999999998,2,469.3,move,improve
5259,7,985.3499999999998,2,469.3,move,improve
5260,7,985.3499999999998,2,469.3,move,improve
5261,7,985.3499999999998,2,469.3,2opt,notBad
5262,7,990.8499999999996,2,469.3,swap,acceptBad
5263,7,990.8499999999996,2,469.3,2opt,notBad
5264,7,989.3499999999996,2,469.3,move,improve
5265,7,989.3499999999996,2,469.3,swap,notBad
5266,7,989.3499999999996,2,469.3,move,improve
5267,7,985.9999999999995,2,469.3,2opt,improve
5268,7,985.9999999999995,2,469.3,2opt,notBad
5269,7,985.9999999999995,2,469.3,swap,notBad
5270,7,985.9999999999992,2,469.3,swap,improve
5271,7,985.9999999999992,2,469.3,swap,notBad
5272,7,985.9999999999992,2,469.3,2opt,notBad
5273,7,985.9999999999992,2,469.3,move,improve
5274,7,982.4999999999991,2,469.3,move,improve
5275,7,982.4999999999991,2,469.3,2opt,notBad
5276,7,994.2999999999997,2,469.3,swap,acceptBad
5277,7,994.2999999999997,2,469.3,move,improve
5278,7,994.2999999999997,2,469.3,swap,notBad
5279,7,994.2999999999997,2,469.3,move,improve
5280,7,994.2999999999997,2,469.3,swap,notBad
5281,7,994.2999999999997,2,469.3,2opt,improve
5282,7,994.2999999999997,2,469.3,2opt,notBad
5283,7,994.2999999999997,2,469.3,swap,notBad
5284,7,994.2999999999997,2,469.3,move,improve
5285,7,994.2999999999997,2,469.3,2opt,notBad
5286,7,994.2999999999997,2,469.3,swap,notBad
5287,7,994.2999999999997,2,469.3,swap,notBad
5288,7,994.2999999999997,2,469.3,2opt,notBad
5289,7,994.2999999999997,2,469.3,2opt,notBad
5290,7,994.2999999999997,2,469.3,swap,notBad
5291,7,994.2999999999997,2,469.3,move,improve
5292,7,994.2999999999997,2,469.3,move,improve
5293,7,994.2999999999997,2,469.3,2opt,notBad
5294,7,994.2999999999997,2,469.3,move,improve
5295,7,994.2999999999997,2,469.3,2opt,notBad
5296,7,984.6999999999997,2,469.3,move,improve
5297,7,984.6999999999997,2,469.3,2opt,notBad
5298,7,984.6999999999997,2,469.3,2opt,notBad
5299,7,982.2000000000004,2,469.3,move,improve
5300,7,982.2000000000004,2,469.3,swap,notBad
5301,7,982.2000000000004,2,469.3,move,improve
5302,7,978.0500000000001,2,469.3,swap,improve
5303,7,978.0500000000001,2,469.3,swap,notBad
5304,7,978.0500000000001,2,469.3,2opt,notBad
5305,7,978.0500000000001,2,469.3,2opt,notBad
5306,7,972.1,2,469.3,2opt,improve
5307,7,972.1,2,469.3,swap,notBad
5308,7,972.1,2,469.3,move,improve
5309,7,972.1,2,469.3,2opt,notBad
5310,7,962.8999999999996,2,469.3,swap,improve
5311,7,962.8999999999996,2,469.3,move,improve
5312,7,962.8999999999996,2,469.3,2opt,notBad
5313,7,962.8999999999996,2,469.3,2opt,notBad
5314,7,962.8999999999996,2,469.3,move,improve
5315,7,962.8999999999996,2,469.3,move,improve
5316,7,962.8999999999996,2,469.3,swap,notBad
5317,7,962.8999999999996,2,469.3,move,improve
5318,7,962.8999999999996,2,469.3,move,improve
5319,7,962.8999999999996,2,469.3,2opt,notBad
5320,7,962.8999999999996,2,469.3,move,improve
5321,7,962.8999999999996,2,469.3,swap,notBad
5322,7,962.8999999999996,2,469.3,2opt,notBad
5323,7,962.8999999999996,2,469.3,move,improve
5324,7,962.8999999999996,2,469.3,swap,notBad
5325,7,962.8999999999996,2,469.3,2opt,notBad
5326,7,962.8999999999996,2,469.3,2opt,notBad
5327,7,962.8999999999996,2,469.3,2opt,notBad
5328,7,959.5999999999997,2,469.3,move,improve
5329,7,959.5999999999997,2,469.3,move,improve
5330,7,959.5999999999997,2,469.3,2opt,notBad
5331,7,959.5999999999997,2,469.3,2opt,notBad
5332,7,959.5999999999997,2,469.3,2opt,notBad
5333,7,959.5999999999997,2,469.3,2opt,notBad
5334,7,959.5999999999997,2,469.3,move,improve
5335,7,959.5999999999997,2,469.3,swap,notBad
5336,7,959.5999999999997,2,469.3,move,improve
5337,7,959.5999999999997,2,469.3,move,improve
5338,7,959.5999999999997,2,469.3,swap,notBad
5339,7,959.5999999999997,2,469.3,move,improve
5340,7,959.5999999999997,2,469.3,2opt,notBad
5341,7,959.5999999999997,2,469.3,2opt,notBad
5342,7,971.6000000000004,2,469.3,swap,acceptBad
5343,7,974.3000000000003,2,469.3,swap,acceptBad
5344,7,974.3000000000003,2,469.3,swap,notBad
5345,7,974.3000000000003,2,469.3,move,improve
5346,7,974.3000000000003,2,469.3,swap,notBad
5347,7,974.3000000000003,2,469.3,swap,notBad
5348,7,974.3000000000003,2,469.3,2opt,notBad
5349,7,974.3000000000003,2,469.3,swap,notBad
5350,7,974.3000000000003,2,469.3,2opt,improve
5351,7,974.3000000000003,2,469.3,2opt,notBad
5352,7,974.3000000000003,2,469.3,swap,notBad
5353,7,974.3000000000003,2,469.3,move,improve
5354,7,974.3000000000003,2,469.3,move,notBad
5355,7,974.3000000000003,2,469.3,swap,notBad
5356,7,974.3000000000003,2,469.3,move,improve
5357,7,974.3000000000003,2,469.3,2opt,notBad
5358,7,974.3000000000003,2,469.3,swap,notBad
5359,7,974.3000000000003,2,469.3,2opt,notBad
5360,7,974.3000000000003,2,469.3,2opt,notBad
5361,7,974.3000000000003,2,469.3,move,improve
5362,7,974.3000000000003,2,469.3,2opt,notBad
5363,7,974.3000000000003,2,469.3,swap,notBad
5364,7,974.3000000000003,2,469.3,swap,notBad
5365,7,974.3000000000003,2,469.3,move,improve
5366,7,974.3000000000003,2,469.3,2opt,notBad
5367,7,974.3000000000003,2,469.3,move,improve
5368,7,970.9000000000003,2,469.3,move,improve
5369,7,970.9000000000003,2,469.3,2opt,notBad
5370,7,970.9000000000003,2,469.3,2opt,notBad
5371,7,970.9000000000003,2,469.3,swap,notBad
5372,7,970.9000000000003,2,469.3,swap,notBad
5373,7,970.9000000000003,2,469.3,move,improve
5374,7,960.1500000000002,2,469.3,move,improve
5375,7,960.1500000000002,2,469.3,move,improve
5376,7,960.1500000000002,2,469.3,swap,notBad
5377,7,960.1500000000002,2,469.3,move,improve
5378,7,960.1500000000002,2,469.3,swap,notBad
5379,7,960.1500000000002,2,469.3,move,improve
5380,7,960.1500000000002,2,469.3,swap,notBad
5381,7,960.1500000000002,2,469.3,2opt,notBad
5382,7,960.1500000000002,2,469.3,swap,notBad
5383,7,960.1500000000002,2,469.3,swap,notBad
5384,7,960.1500000000002,2,469.3,2opt,notBad
5385,7,960.1500000000002,2,469.3,swap,notBad
5386,7,960.1500000000002,2,469.3,move,improve
5387,7,960.1500000000002,2,469.3,move,improve
5388,7,960.1500000000002,2,469.3,move,improve
5389,7,960.1500000000002,2,469.3,2opt,notBad
5390,7,960.1500000000002,2,469.3,2opt,notBad
5391,7,960.1500000000002,2,469.3,2opt,notBad
5392,7,960.1500000000002,2,469.3,2opt,notBad
5393,7,960.1500000000002,2,469.3,2opt,notBad
5394,7,960.1500000000002,2,469.3,move,improve
5395,7,960.1500000000002,2,469.3,2opt,notBad
5396,7,968.9000000000003,2,469.3,swap,acceptBad
5397,7,968.9000000000003,2,469.3,2opt,notBad
5398,7,968.9000000000003,2,469.3,move,improve
5399,7,968.9000000000003,2,469.3,move,improve
5400,7,968.9000000000003,2,469.3,swap,notBad
5401,7,968.9000000000003,2,469.3,move,improve
5402,7,968.9000000000003,2,469.3,move,improve
5403,7,968.9000000000003,2,469.3,move,improve
5404,7,968.9000000000003,2,469.3,swap,notBad
5405,7,968.9000000000003,2,469.3,swap,notBad
5406,7,968.9000000000003,2,469.3,swap,notBad
5407,7,968.9000000000003,2,469.3,2opt,notBad
5408,7,968.9000000000003,2,469.3,move,improve
5409,7,968.9000000000003,2,469.3,swap,notBad
5410,7,968.9000000000003,2,469.3,move,improve
5411,7,968.9000000000003,2,469.3,move,improve
5412,7,968.9000000000003,2,469.3,swap,notBad
5413,7,978.6000000000001,2,469.3,swap,acceptBad
5414,7,978.6000000000001,2,469.3,2opt,notBad
5415,7,978.6000000000001,2,469.3,move,improve
5416,7,978.6000000000001,2,469.3,swap,notBad
5417,7,976.75,2,469.3,move,improve
5418,7,976.75,2,469.3,2opt,notBad
5419,7,976.75,2,469.3,2opt,notBad
5420,7,976.75,2,469.3,move,improve
5421,7,976.75,2,469.3,2opt,notBad
5422,7,976.15,2,469.3,move,improve
5423,7,967.3999999999999,2,469.3,swap,improve
5424,7,967.3999999999999,2,469.3,move,improve
5425,7,967.3999999999999,2,469.3,2opt,notBad
5426,7,967.3999999999999,2,469.3,move,improve
5427,7,967.3999999999999,2,469.3,move,improve
5428,7,967.3999999999999,2,469.3,move,improve
5429,7,967.3999999999999,2,469.3,move,improve
5430,7,967.3999999999999,2,469.3,2opt,notBad
5431,7,967.3999999999999,2,469.3,swap,notBad
5432,7,967.3999999999999,2,469.3,move,improve
5433,7,967.3999999999999,2,469.3,move,improve
5434,7,967.3999999999999,2,469.3,swap,notBad
5435,7,967.3999999999999,2,469.3,swap,notBad
5436,7,967.3999999999999,2,469.3,swap,notBad
5437,7,967.3999999999999,2,469.3,move,improve
5438,7,967.3999999999999,2,469.3,swap,notBad
5439,7,967.3999999999999,2,469.3,2opt,notBad
5440,7,967.3999999999999,2,469.3,swap,notBad
5441,7,966.9999999999999,2,469.3,move,improve
5442,7,966.9999999999999,2,469.3,2opt,notBad
5443,7,966.9999999999999,2,469.3,2opt,notBad
5444,7,966.9999999999999,2,469.3,swap,notBad
5445,7,966.9999999999999,2,469.3,move,improve
5446,7,966.9999999999999,2,469.3,move,improve
5447,7,965.7499999999999,2,469.3,move,improve
5448,7,965.7499999999999,2,469.3,swap,notBad
5449,7,965.7499999999999,2,469.3,swap,notBad
5450,7,965.7499999999999,2,469.3,move,improve
5451,7,965.7499999999999,2,469.3,move,improve
5452,7,965.7499999999999,2,469.3,2opt,notBad
5453,7,965.7499999999999,2,469.3,2opt,notBad
5454,7,965.7499999999999,2,469.3,swap,notBad
5455,7,965.7499999999999,2,469.3,swap,notBad
5456,7,965.7499999999999,2,469.3,2opt,notBad
5457,7,965.7499999999999,2,469.3,2opt,notBad
5458,7,965.7499999999999,2,469.3,move,improve
5459,7,965.7499999999999,2,469.3,2opt,notBad
5460,7,965.7499999999999,2,469.3,move,improve
5461,7,965.7499999999999,2,469.3,move,improve
5462,7,965.7499999999999,2,469.3,swap,notBad
5463,7,965.7499999999999,2,469.3,swap,notBad
5464,7,965.7499999999999,2,469.3,swap,notBad
5465,7,965.7499999999999,2,469.3,move,improve
5466,7,965.7499999999999,2,469.3,swap,notBad
5467,7,965.7499999999999,2,469.3,swap,notBad
5468,7,965.7499999999999,2,469.3,move,improve
5469,7,965.7499999999999,2,469.3,swap,notBad
5470,7,965.7499999999999,2,469.3,swap,notBad
5471,7,965.7499999999999,2,469.3,swap,notBad
5472,7,965.7499999999999,2,469.3,swap,notBad
5473,7,965.7499999999999,2,469.3,2opt,notBad
5474,7,965.7499999999999,2,469.3,2opt,notBad
5475,7,965.7499999999999,2,469.3,2opt,notBad
5476,7,965.7499999999999,2,469.3,2opt,improve
5477,7,965.7499999999999,2,469.3,2opt,notBad
5478,7,965.7499999999999,2,469.3,move,improve
5479,7,965.7499999999999,2,469.3,move,improve
5480,7,965.7499999999999,2,469.3,move,notBad
5481,7,965.7499999999999,2,469.3,2opt,notBad
5482,7,965.7499999999999,2,469.3,2opt,notBad
5483,7,965.7499999999999,2,469.3,swap,notBad
5484,7,965.7499999999999,2,469.3,2opt,notBad
5485,7,965.7499999999999,2,469.3,swap,notBad
5486,7,965.7499999999999,2,469.3,2opt,notBad
5487,7,965.7499999999999,2,469.3,move,improve
5488,7,965.7499999999999,2,469.3,move,improve
5489,7,965.7499999999999,2,469.3,move,improve
5490,7,965.7499999999999,2,469.3,move,improve
5491,7,965.7499999999999,2,469.3,2opt,notBad
5492,7,965.7499999999999,2,469.3,move,improve
5493,7,965.7499999999999,2,469.3,move,improve
5494,7,965.7499999999999,2,469.3,swap,notBad
5495,7,965.7499999999999,2,469.3,swap,notBad
5496,7,965.7499999999999,2,469.3,2opt,notBad
5497,7,965.7499999999999,2,469.3,swap,notBad
5498,7,965.7499999999999,2,469.3,2opt,notBad
5499,7,965.7499999999999,2,469.3,swap,notBad
5500,7,965.7499999999999,2,469.3,move,improve
5501,7,964.45,2,469.3,move,improve
5502,7,964.45,2,469.3,swap,notBad
5503,7,964.45,2,469.3,2opt,improve
5504,7,971.0000000000002,2,469.3,swap,acceptBad
5505,7,971.0000000000002,2,469.3,2opt,notBad
5506,7,971.0000000000002,2,469.3,swap,notBad
5507,7,971.0000000000002,2,469.3,move,improve
5508,7,971.0000000000002,2,469.3,move,improve
5509,7,971.0000000000002,2,469.3,move,improve
5510,7,971.0000000000002,2,469.3,2opt,notBad
5511,7,971.0000000000002,2,469.3,move,improve
5512,7,971.0000000000002,2,469.3,2opt,notBad
5513,7,969.8,2,469.3,move,improve
5514,7,969.8,2,469.3,move,improve
5515,7,969.8,2,469.3,2opt,notBad
5516,7,969.8,2,469.3,2opt,notBad
5517,7,969.8,2,469.3,swap,notBad
5518,7,969.8,2,469.3,swap,notBad
5519,7,969.8,2,469.3,swap,notBad
5520,7,969.8,2,469.3,swap,notBad
5521,7,958.8499999999999,2,469.3,move,improve
5522,7,958.8499999999999,2,469.3,swap,notBad
5523,7,958.8499999999999,2,469.3,swap,notBad
5524,7,958.8499999999999,2,469.3,swap,notBad
5525,7,958.8499999999999,2,469.3,move,improve
5526,7,958.8499999999999,2,469.3,move,improve
5527,7,968.05,2,469.3,swap,acceptBad
5528,7,968.05,2,469.3,swap,notBad
5529,7,968.05,2,469.3,swap,notBad
5530,7,968.05,2,469.3,move,improve
5531,7,968.05,2,469.3,swap,notBad
5532,7,968.05,2,469.3,2opt,notBad
5533,7,965.05,2,469.3,move,improve
5534,7,965.05,2,469.3,swap,notBad
5535,7,965.05,2,469.3,move,improve
5536,7,965.05,2,469.3,swap,notBad
5537,7,965.05,2,469.3,2opt,notBad
5538,7,965.05,2,469.3,move,improve
5539,7,962.8499999999999,2,469.3,move,improve
5540,7,962.8499999999999,2,469.3,2opt,improve
5541,7,962.8499999999999,2,469.3,move,improve
5542,7,962.8499999999999,2,469.3,2opt,notBad
5543,7,962.8499999999999,2,469.3,swap,notBad
5544,7,962.8499999999999,2,469.3,swap,notBad
5545,7,962.8499999999999,2,469.3,2opt,notBad
5546,7,962.8499999999999,2,469.3,move,improve
5547,7,962.8499999999999,2,469.3,move,improve
5548,7,962.8499999999999,2,469.3,move,notBad
5549,7,964.6999999999999,2,469.3,swap,acceptBad
5550,7,964.4500000000003,2,469.3,move,improve
5551,7,964.4500000000003,2,469.3,2opt,notBad
5552,7,964.4500000000003,2,469.3,move,improve
5553,7,964.4500000000003,2,469.3,2opt,notBad
5554,7,964.4500000000003,2,469.3,2opt,notBad
5555,7,964.4500000000003,2,469.3,2opt,notBad
5556,7,964.4500000000003,2,469.3,2opt,notBad
5557,7,964.4500000000003,2,469.3,2opt,notBad
5558,7,964.4500000000003,2,469.3,swap,notBad
5559,7,964.4500000000003,2,469.3,move,improve
5560,7,964.4500000000003,2,469.3,2opt,notBad
5561,7,964.4500000000003,2,469.3,move,improve
5562,7,964.4500000000003,2,469.3,2opt,notBad
5563,7,964.4500000000003,2,469.3,move,improve
5564,7,964.4500000000003,2,469.3,2opt,notBad
5565,7,946.7000000000003,2,469.3,move,improve
5566,7,946.7000000000003,2,469.3,move,improve
5567,7,946.7000000000003,2,469.3,move,improve
5568,7,946.7000000000003,2,469.3,2opt,notBad
5569,7,946.7000000000003,2,469.3,move,improve
5570,7,946.7000000000003,2,469.3,move,improve
5571,7,946.7000000000003,2,469.3,move,improve
5572,7,946.7000000000003,2,469.3,2opt,notBad
5573,7,946.7000000000003,2,469.3,move,improve
5574,7,946.7000000000003,2,469.3,swap,notBad
5575,7,946.7000000000003,2,469.3,swap,notBad
5576,7,946.7000000000003,2,469.3,move,improve
5577,7,946.7000000000003,2,469.3,swap,notBad
5578,7,946.7000000000003,2,469.3,swap,notBad
5579,7,946.7000000000003,2,469.3,move,improve
5580,7,946.7000000000003,2,469.3,2opt,notBad
5581,7,946.7000000000003,2,469.3,move,improve
5582,7,946.7000000000003,2,469.3,swap,notBad
5583,7,946.7000000000003,2,469.3,2opt,notBad
5584,7,946.7000000000003,2,469.3,2opt,notBad
5585,7,946.7000000000003,2,469.3,swap,notBad
5586,7,946.7000000000003,2,469.3,swap,notBad
5587,7,946.7000000000003,2,469.3,2opt,notBad
5588,7,948.7500000000001,2,469.3,swap,acceptBad
5589,7,948.7500000000001,2,469.3,swap,notBad
5590,7,948.7500000000001,2,469.3,2opt,notBad
5591,7,948.7500000000001,2,469.3,move,improve
5592,7,948.7500000000001,2,469.3,move,improve
5593,7,948.7500000000001,2,469.3,2opt,notBad
5594,7,948.7500000000001,2,469.3,swap,notBad
5595,7,948.7500000000001,2,469.3,move,improve
5596,7,948.7500000000001,2,469.3,2opt,notBad
5597,7,948.7500000000001,2,469.3,move,improve
5598,7,948.7500000000001,2,469.3,move,improve
5599,7,948.7500000000001,2,469.3,swap,notBad
5600,7,948.7500000000001,2,469.3,swap,notBad
5601,7,948.7500000000001,2,469.3,swap,notBad
5602,7,948.7500000000001,2,469.3,2opt,improve
5603,7,948.7500000000001,2,469.3,move,improve
5604,7,948.7500000000001,2,469.3,move,improve
5605,7,948.7500000000001,2,469.3,2opt,notBad
5606,7,948.7500000000001,2,469.3,swap,notBad
5607,7,948.7500000000001,2,469.3,swap,notBad
5608,7,948.7500000000001,2,469.3,swap,notBad
5609,7,948.7500000000001,2,469.3,2opt,notBad
5610,7,948.7500000000001,2,469.3,move,improve
5611,7,948.7500000000001,2,469.3,move,improve
5612,7,948.7500000000001,2,469.3,2opt,notBad
5613,7,948.7500000000001,2,469.3,2opt,improve
5614,7,946.4999999999999,2,469.3,move,improve
5615,7,946.4999999999999,2,469.3,move,improve
5616,7,946.4999999999999,2,469.3,move,improve
5617,7,946.4999999999999,2,469.3,move,improve
5618,7,946.4999999999999,2,469.3,move,improve
5619,7,946.4999999999999,2,469.3,move,improve
5620,7,946.4999999999999,2,469.3,swap,notBad
5621,7,946.4999999999999,2,469.3,move,improve
5622,7,946.4999999999999,2,469.3,2opt,notBad
5623,7,946.4999999999999,2,469.3,move,improve
5624,7,946.4999999999999,2,469.3,2opt,notBad
5625,7,946.4999999999999,2,469.3,2opt,notBad
5626,7,946.4999999999999,2,469.3,move,improve
5627,7,946.4999999999999,2,469.3,2opt,notBad
5628,7,946.4999999999999,2,469.3,2opt,notBad
5629,7,946.4999999999999,2,469.3,swap,notBad
5630,7,946.4999999999999,2,469.3,move,improve
5631,7,944.0499999999998,2,469.3,move,improve
5632,7,944.0499999999998,2,469.3,move,improve
5633,7,944.0499999999998,2,469.3,move,improve
5634,7,944.0499999999998,2,469.3,move,improve
5635,7,944.0499999999998,2,469.3,2opt,notBad
5636,7,944.0499999999998,2,469.3,swap,notBad
5637,7,944.0499999999998,2,469.3,move,improve
5638,7,944.0499999999998,2,469.3,swap,notBad
5639,7,944.0499999999998,2,469.3,move,improve
5640,7,944.0499999999998,2,469.3,2opt,notBad
5641,7,944.0499999999998,2,469.3,swap,notBad
5642,7,944.0499999999998,2,469.3,swap,notBad
5643,7,944.0499999999998,2,469.3,swap,notBad
5644,7,944.0499999999998,2,469.3,move,improve
5645,7,944.0499999999998,2,469.3,move,improve
5646,7,944.0499999999998,2,469.3,2opt,notBad
5647,7,943.6499999999999,2,469.3,move,improve
5648,7,943.6499999999999,2,469.3,2opt,notBad
5649,7,943.6499999999999,2,469.3,move,improve
5650,7,943.6499999999999,2,469.3,2opt,notBad
5651,7,943.6499999999999,2,469.3,2opt,notBad
5652,7,943.6499999999999,2,469.3,swap,notBad
5653,7,943.6499999999999,2,469.3,2opt,notBad
5654,7,943.6499999999999,2,469.3,swap,notBad
5655,7,943.6499999999999,2,469.3,2opt,notBad
5656,7,943.6499999999999,2,469.3,2opt,notBad
5657,7,942.4499999999998,2,469.3,swap,improve
5658,7,942.4499999999998,2,469.3,2opt,notBad
5659,7,939.6499999999997,2,469.3,move,improve
5660,7,939.6499999999997,2,469.3,swap,notBad
5661,7,939.6499999999997,2,469.3,2opt,notBad
5662,7,939.6499999999997,2,469.3,swap,notBad
5663,7,939.6499999999997,2,469.3,2opt,notBad
5664,7,939.6499999999997,2,469.3,2opt,notBad
5665,7,939.6499999999997,2,469.3,swap,notBad
5666,7,939.6499999999997,2,469.3,move,improve
5667,7,939.6499999999997,2,469.3,swap,notBad
5668,7,939.6499999999997,2,469.3,move,improve
5669,7,939.6499999999997,2,469.3,2opt,notBad
5670,7,939.6499999999997,2,469.3,2opt,notBad
5671,7,939.6499999999997,2,469.3,swap,notBad
5672,7,939.6499999999997,2,469.3,2opt,notBad
5673,7,939.6499999999997,2,469.3,swap,notBad
5674,7,939.6499999999997,2,469.3,2opt,notBad
5675,7,939.6499999999997,2,469.3,swap,notBad
5676,7,939.6499999999997,2,469.3,swap,notBad
5677,7,938.5999999999997,2,469.3,move,improve
5678,7,938.5999999999997,2,469.3,move,improve
5679,7,938.5999999999997,2,469.3,swap,notBad
5680,7,938.5999999999997,2,469.3,swap,notBad
5681,7,938.5999999999997,2,469.3,2opt,notBad
5682,7,938.5999999999997,2,469.3,move,improve
5683,7,938.5999999999997,2,469.3,swap,notBad
5684,7,938.5999999999997,2,469.3,swap,notBad
5685,7,938.5999999999997,2,469.3,swap,notBad
5686,7,938.5999999999997,2,469.3,swap,notBad
5687,7,938.5999999999997,2,469.3,2opt,notBad
5688,7,938.5999999999997,2,469.3,2opt,notBad
5689,7,938.5999999999997,2,469.3,2opt,notBad
5690,7,938.5999999999997,2,469.3,2opt,notBad
5691,7,938.5999999999997,2,469.3,move,improve
5692,7,938.5999999999997,2,469.3,2opt,notBad
5693,7,943.7999999999998,2,469.3,swap,acceptBad
5694,7,943.7999999999998,2,469.3,move,improve
5695,7,943.7999999999998,2,469.3,2opt,notBad
5696,7,950.2999999999998,2,469.3,swap,acceptBad
5697,7,950.2999999999998,2,469.3,move,improve
5698,7,950.2999999999998,2,469.3,move,improve
5699,7,950.2999999999998,2,469.3,move,improve
5700,7,950.2999999999998,2,469.3,move,improve
5701,7,950.2999999999998,2,469.3,swap,notBad
5702,7,950.2999999999998,2,469.3,move,improve
5703,7,950.2999999999998,2,469.3,move,improve
5704,7,950.2999999999998,2,469.3,2opt,improve
5705,7,950.2999999999998,2,469.3,2opt,notBad
5706,7,950.2999999999998,2,469.3,move,improve
5707,7,950.2999999999998,2,469.3,2opt,notBad
5708,7,950.2999999999998,2,469.3,2opt,notBad
5709,7,950.5499999999998,2,469.3,swap,acceptBad
5710,7,950.5499999999998,2,469.3,swap,notBad
5711,7,950.5499999999998,2,469.3,2opt,notBad
5712,7,950.5499999999998,2,469.3,move,improve
5713,7,950.5499999999998,2,469.3,2opt,notBad
5714,7,950.5499999999998,2,469.3,2opt,notBad
5715,7,949.8999999999999,2,469.3,move,improve
5716,7,949.8999999999999,2,469.3,move,improve
5717,7,949.8999999999999,2,469.3,move,improve
5718,7,949.8999999999999,2,469.3,move,improve
5719,7,949.8999999999999,2,469.3,swap,notBad
5720,7,949.8999999999999,2,469.3,swap,notBad
5721,7,949.8999999999999,2,469.3,swap,notBad
5722,7,949.8999999999999,2,469.3,swap,notBad
5723,7,949.8999999999999,2,469.3,move,improve
5724,7,949.8999999999999,2,469.3,swap,notBad
5725,7,949.8999999999999,2,469.3,move,improve
5726,7,949.8999999999999,2,469.3,move,improve
5727,7,949.8999999999999,2,469.3,move,improve
5728,7,949.8999999999999,2,469.3,move,improve
5729,7,947.3500000000001,2,469.3,move,improve
5730,7,947.1000000000001,2,469.3,move,improve
5731,7,947.1000000000001,2,469.3,2opt,notBad
5732,7,947.0500000000001,2,469.3,2opt,improve
5733,7,947.0500000000001,2,469.3,move,improve
5734,7,947.0500000000001,2,469.3,swap,notBad
5735,7,947.0500000000001,2,469.3,2opt,notBad
5736,7,947.0500000000001,2,469.3,move,improve
5737,7,947.0500000000001,2,469.3,move,improve
5738,7,947.0500000000001,2,469.3,swap,notBad
5739,7,947.0500000000001,2,469.3,swap,notBad
5740,7,947.0500000000001,2,469.3,swap,notBad
5741,7,947.0500000000001,2,469.3,move,improve
5742,7,947.0500000000001,2,469.3,move,improve
5743,7,947.0500000000001,2,469.3,move,improve
5744,7,947.0500000000001,2,469.3,swap,notBad
5745,7,947.0500000000001,2,469.3,move,improve
5746,7,947.0500000000001,2,469.3,move,improve
5747,7,947.0500000000001,2,469.3,2opt,notBad
5748,7,947.0500000000001,2,469.3,2opt,notBad
5749,7,947.0500000000001,2,469.3,2opt,notBad
5750,7,947.0500000000001,2,469.3,swap,notBad
5751,7,947.0500000000001,2,469.3,move,improve
5752,7,947.0500000000001,2,469.3,move,improve
5753,7,947.0500000000001,2,469.3,swap,notBad
5754,7,946.1500000000001,2,469.3,swap,improve
5755,7,946.1500000000001,2,469.3,swap,notBad
5756,7,946.1500000000001,2,469.3,2opt,notBad
5757,7,946.1500000000001,2,469.3,2opt,notBad
5758,7,946.1500000000001,2,469.3,swap,notBad
5759,7,946.1500000000001,2,469.3,move,improve
5760,7,946.1500000000001,2,469.3,swap,notBad
5761,7,946.1500000000001,2,469.3,move,improve
5762,7,946.1500000000001,2,469.3,swap,notBad
5763,7,946.1500000000001,2,469.3,swap,notBad
5764,7,946.1500000000001,2,469.3,swap,notBad
5765,7,946.1500000000001,2,469.3,swap,notBad
5766,7,946.1500000000001,2,469.3,move,improve
5767,7,946.1500000000001,2,469.3,move,improve
5768,7,946.1500000000001,2,469.3,2opt,notBad
5769,7,946.1500000000001,2,469.3,2opt,notBad
5770,7,946.1500000000001,2,469.3,move,improve
5771,7,946.1500000000001,2,469.3,swap,notBad
5772,7,946.1500000000001,2,469.3,swap,notBad
5773,7,946.1500000000001,2,469.3,2opt,notBad
5774,7,946.1500000000001,2,469.3,2opt,notBad
5775,7,946.1500000000001,2,469.3,2opt,notBad
5776,7,946.1500000000001,2,469.3,2opt,notBad
5777,7,946.1500000000001,2,469.3,swap,notBad
5778,7,946.1500000000001,2,469.3,swap,notBad
5779,7,946.1500000000001,2,469.3,swap,notBad
5780,7,946.1500000000001,2,469.3,swap,notBad
5781,7,946.1500000000001,2,469.3,2opt,notBad
5782,7,942.5000000000001,2,469.3,move,improve
5783,7,942.5000000000001,2,469.3,move,improve
5784,7,942.5000000000001,2,469.3,move,improve
5785,7,942.5000000000001,2,469.3,move,improve
5786,7,942.5000000000001,2,469.3,swap,notBad
5787,7,942.5000000000001,2,469.3,swap,notBad
5788,7,942.5000000000001,2,469.3,2opt,notBad
5789,7,942.5000000000001,2,469.3,swap,notBad
5790,7,942.5000000000001,2,469.3,2opt,notBad
5791,7,942.5000000000001,2,469.3,swap,notBad
5792,7,941.5,2,469.3,move,improve
5793,7,941.5,2,469.3,2opt,improve
5794,7,941.5,2,469.3,move,improve
5795,7,941.5,2,469.3,swap,notBad
5796,7,941.5,2,469.3,2opt,notBad
5797,7,941.5,2,469.3,swap,notBad
5798,7,941.5,2,469.3,swap,notBad
5799,7,941.5,2,469.3,swap,notBad
5800,7,941.5,2,469.3,swap,notBad
5801,7,941.5,2,469.3,swap,notBad
5802,7,941.5,2,469.3,swap,notBad
5803,7,941.5,2,469.3,2opt,notBad
5804,7,941.5,2,469.3,move,improve
5805,7,941.5,2,469.3,move,improve
5806,7,941.5,2,469.3,2opt,notBad
5807,7,941.5,2,469.3,swap,notBad
5808,7,941.5,2,469.3,2opt,notBad
5809,7,941.5,2,469.3,move,improve
5810,7,941.5,2,469.3,swap,notBad
5811,7,941.5,2,469.3,2opt,notBad
5812,7,941.5,2,469.3,2opt,notBad
5813,7,941.5,2,469.3,2opt,notBad
5814,7,941.5,2,469.3,move,improve
5815,7,941.5,2,469.3,2opt,notBad
5816,7,941.5,2,469.3,2opt,improve
5817,7,941.5,2,469.3,2opt,notBad
5818,7,941.5,2,469.3,move,improve
5819,7,941.5,2,469.3,swap,notBad
5820,7,941.5,2,469.3,2opt,notBad
5821,7,941.5,2,469.3,move,improve
5822,7,941.5,2,469.3,2opt,notBad
5823,7,941.5,2,469.3,2opt,notBad
5824,7,941.5,2,469.3,swap,notBad
5825,7,941.5,2,469.3,move,improve
5826,7,939.7,2,469.3,move,improve
5827,7,939.7,2,469.3,move,improve
5828,7,942.5500000000001,2,469.3,swap,acceptBad
5829,7,942.5500000000001,2,469.3,2opt,improve
5830,7,942.5500000000001,2,469.3,move,improve
5831,7,942.5500000000001,2,469.3,move,improve
5832,7,942.5500000000001,2,469.3,swap,notBad
5833,7,942.5500000000001,2,469.3,move,improve
5834,7,942.5500000000001,2,469.3,2opt,improve
5835,7,942.5500000000001,2,469.3,move,improve
5836,7,942.5500000000001,2,469.3,2opt,notBad
5837,7,942.5500000000001,2,469.3,move,improve
5838,7,942.5500000000001,2,469.3,2opt,improve
5839,7,942.5500000000001,2,469.3,swap,notBad
5840,7,942.5500000000001,2,469.3,2opt,notBad
5841,7,944.4500000000004,2,469.3,swap,acceptBad
5842,7,944.4500000000004,2,469.3,move,improve
5843,7,944.4500000000004,2,469.3,move,improve
5844,7,941.4500000000004,2,469.3,move,improve
5845,7,942.7500000000008,2,469.3,move,acceptBad
5846,7,942.7500000000008,2,469.3,move,improve
5847,7,942.7500000000008,2,469.3,move,improve
5848,7,942.7500000000008,2,469.3,2opt,notBad
5849,7,942.7500000000008,2,469.3,move,improve
5850,7,942.7500000000008,2,469.3,2opt,notBad
5851,7,942.7500000000008,2,469.3,2opt,notBad
5852,7,942.7500000000008,2,469.3,2opt,notBad
5853,7,942.7500000000008,2,469.3,2opt,improve
5854,7,942.7500000000008,2,469.3,swap,notBad
5855,7,942.7500000000008,2,469.3,move,improve
5856,7,942.7500000000008,2,469.3,swap,notBad
5857,7,942.7500000000008,2,469.3,swap,notBad
5858,7,942.7500000000008,2,469.3,swap,notBad
5859,7,942.7500000000008,2,469.3,2opt,notBad
5860,7,942.7500000000008,2,469.3,swap,notBad
5861,7,942.7500000000008,2,469.3,move,improve
5862,7,942.7500000000008,2,469.3,2opt,notBad
5863,7,946.7000000000003,2,469.3,swap,acceptBad
5864,7,947.2000000000003,2,469.3,swap,acceptBad
5865,7,947.2000000000003,2,469.3,swap,notBad
5866,7,947.2000000000003,2,469.3,swap,notBad
5867,7,947.2000000000003,2,469.3,2opt,notBad
5868,7,947.2000000000003,2,469.3,swap,notBad
5869,7,947.2000000000003,2,469.3,swap,notBad
5870,7,947.2000000000003,2,469.3,move,improve
5871,7,943.8500000000003,2,469.3,move,improve
5872,7,943.8500000000003,2,469.3,swap,notBad
5873,7,943.3500000000003,2,469.3,move,improve
5874,7,943.3500000000003,2,469.3,2opt,notBad
5875,7,943.3500000000003,2,469.3,move,improve
5876,7,943.3500000000003,2,469.3,2opt,improve
5877,7,943.3500000000003,2,469.3,swap,notBad
5878,7,943.3500000000003,2,469.3,swap,notBad
5879,7,943.3500000000003,2,469.3,move,improve
5880,7,943.3500000000003,2,469.3,2opt,notBad
5881,7,943.3500000000003,2,469.3,2opt,notBad
5882,7,943.3500000000003,2,469.3,2opt,improve
5883,7,943.3500000000003,2,469.3,swap,notBad
5884,7,943.3500000000003,2,469.3,swap,notBad
5885,7,943.3500000000003,2,469.3,2opt,notBad
5886,7,943.3500000000003,2,469.3,2opt,notBad
5887,7,943.3500000000003,2,469.3,swap,notBad
5888,7,943.3500000000003,2,469.3,move,improve
5889,7,943.3500000000003,2,469.3,move,improve
5890,7,943.3500000000003,2,469.3,swap,notBad
5891,7,943.3500000000003,2,469.3,swap,notBad
5892,7,943.3500000000003,2,469.3,swap,notBad
5893,7,943.3500000000003,2,469.3,swap,notBad
5894,7,943.3500000000003,2,469.3,move,improve
5895,7,943.3500000000003,2,469.3,move,improve
5896,7,943.3500000000003,2,469.3,move,improve
5897,7,943.3500000000003,2,469.3,swap,notBad
5898,7,943.3500000000003,2,469.3,move,improve
5899,7,943.3500000000003,2,469.3,2opt,notBad
5900,7,943.3500000000003,2,469.3,2opt,notBad
5901,7,943.3500000000003,2,469.3,2opt,notBad
5902,7,943.3500000000003,2,469.3,swap,notBad
5903,7,943.3500000000003,2,469.3,swap,notBad
5904,7,943.3500000000003,2,469.3,2opt,improve
5905,7,943.3500000000003,2,469.3,2opt,notBad
5906,7,943.3500000000003,2,469.3,2opt,improve
5907,7,943.3500000000003,2,469.3,move,improve
5908,7,943.3500000000003,2,469.3,2opt,improve
5909,7,943.3500000000003,2,469.3,swap,notBad
5910,7,943.3500000000003,2,469.3,2opt,notBad
5911,7,943.3500000000003,2,469.3,swap,notBad
5912,7,936.2000000000003,2,469.3,move,improve
5913,7,936.2000000000003,2,469.3,swap,notBad
5914,7,936.2000000000003,2,469.3,2opt,notBad
5915,7,936.2000000000003,2,469.3,2opt,improve
5916,7,936.2000000000003,2,469.3,swap,notBad
5917,7,936.2000000000003,2,469.3,2opt,notBad
5918,7,936.2000000000003,2,469.3,2opt,notBad
5919,7,936.2000000000003,2,469.3,swap,notBad
5920,7,936.2000000000003,2,469.3,swap,notBad
5921,7,936.2000000000003,2,469.3,move,improve
5922,7,936.2000000000003,2,469.3,2opt,notBad
5923,7,936.2000000000003,2,469.3,move,improve
5924,7,936.2000000000003,2,469.3,move,improve
5925,7,936.2000000000003,2,469.3,swap,notBad
5926,7,936.2000000000003,2,469.3,move,improve
5927,7,936.2000000000003,2,469.3,2opt,notBad
5928,7,936.2000000000003,2,469.3,swap,notBad
5929,7,936.2000000000003,2,469.3,move,improve
5930,7,936.2000000000003,2,469.3,2opt,notBad
5931,7,936.2000000000003,2,469.3,move,improve
5932,7,936.2000000000003,2,469.3,move,improve
5933,7,936.2000000000003,2,469.3,swap,notBad
5934,7,936.2000000000003,2,469.3,2opt,notBad
5935,7,936.2000000000003,2,469.3,move,improve
5936,7,936.2000000000003,2,469.3,swap,notBad
5937,7,936.2000000000003,2,469.3,swap,notBad
5938,7,940.0500000000003,2,469.3,swap,acceptBad
5939,7,940.0500000000003,2,469.3,swap,notBad
5940,7,940.0500000000003,2,469.3,swap,notBad
5941,7,940.0500000000003,2,469.3,move,improve
5942,7,940.0500000000003,2,469.3,move,improve
5943,7,940.0500000000003,2,469.3,move,improve
5944,7,940.0500000000003,2,469.3,swap,notBad
5945,7,940.0500000000003,2,469.3,move,improve
5946,7,940.0500000000003,2,469.3,move,improve
5947,7,940.0500000000003,2,469.3,swap,notBad
5948,7,940.0500000000003,2,469.3,2opt,notBad
5949,7,940.0500000000003,2,469.3,2opt,improve
5950,7,940.0500000000003,2,469.3,swap,notBad
5951,7,940.0500000000003,2,469.3,2opt,notBad
5952,7,940.0500000000003,2,469.3,swap,notBad
5953,7,939.15,2,469.3,move,improve
5954,7,939.15,2,469.3,swap,notBad
5955,7,939.15,2,469.3,2opt,notBad
5956,7,939.15,2,469.3,move,improve
5957,7,939.15,2,469.3,move,improve
5958,7,939.15,2,469.3,move,improve
5959,7,938.55,2,469.3,swap,improve
5960,7,938.55,2,469.3,swap,notBad
5961,7,938.55,2,469.3,swap,notBad
5962,7,938.55,2,469.3,2opt,notBad
5963,7,938.55,2,469.3,2opt,notBad
5964,7,938.55,2,469.3,swap,notBad
5965,7,938.55,2,469.3,2opt,notBad
5966,7,938.55,2,469.3,move,improve
5967,7,938.55,2,469.3,move,improve
5968,7,938.55,2,469.3,move,improve
5969,7,938.55,2,469.3,2opt,notBad
5970,7,934.0,2,469.3,move,improve
5971,7,934.0,2,469.3,2opt,notBad
5972,7,934.0,2,469.3,move,improve
5973,7,934.0,2,469.3,2opt,notBad
5974,7,934.0,2,469.3,move,improve
5975,7,934.0,2,469.3,swap,notBad
5976,7,934.0,2,469.3,swap,notBad
5977,7,934.0,2,469.3,swap,notBad
5978,7,934.0,2,469.3,2opt,notBad
5979,7,934.0,2,469.3,swap,notBad
5980,7,934.0,2,469.3,2opt,notBad
5981,7,934.0,2,469.3,2opt,improve
5982,7,934.0,2,469.3,swap,notBad
5983,7,934.0,2,469.3,move,improve
5984,7,934.0,2,469.3,move,improve
5985,7,934.0,2,469.3,2opt,notBad
5986,7,934.0,2,469.3,move,improve
5987,7,934.0,2,469.3,move,improve
5988,7,934.0,2,469.3,swap,notBad
5989,7,932.9499999999999,2,469.3,move,improve
5990,7,932.9499999999999,2,469.3,swap,notBad
5991,7,931.45,2,469.3,swap,improve
5992,7,931.45,2,469.3,swap,notBad
5993,7,931.45,2,469.3,swap,notBad
5994,7,931.45,2,469.3,swap,notBad
5995,7,931.45,2,469.3,swap,notBad
5996,7,940.4000000000001,2,469.3,swap,acceptBad
5997,7,940.4000000000001,2,469.3,2opt,notBad
5998,7,940.4000000000001,2,469.3,move,improve
5999,7,940.4000000000001,2,469.3,2opt,notBad
6000,7,942.4499999999996,2,469.3,move,acceptBad
6001,7,942.4499999999996,2,469.3,2opt,notBad
6002,7,942.4499999999996,2,469.3,move,improve
6003,7,942.4499999999996,2,469.3,2opt,notBad
6004,7,942.4499999999996,2,469.3,move,improve
6005,7,942.4499999999996,2,469.3,2opt,notBad
6006,7,942.4499999999996,2,469.3,swap,notBad
6007,7,942.4499999999996,2,469.3,2opt,notBad
6008,7,942.4499999999996,2,469.3,swap,notBad
6009,7,942.4499999999996,2,469.3,2opt,notBad
6010,7,942.4499999999996,2,469.3,swap,notBad
6011,7,942.4499999999996,2,469.3,swap,notBad
6012,7,942.4499999999996,2,469.3,2opt,notBad
6013,7,940.4000000000001,2,469.3,swap,improve
6014,7,934.1500000000003,2,469.3,move,improve
6015,7,934.1500000000003,2,469.3,move,improve
6016,7,934.1500000000003,2,469.3,move,improve
6017,7,934.1500000000003,2,469.3,2opt,notBad
6018,7,934.1500000000003,2,469.3,2opt,notBad
6019,7,934.1500000000003,2,469.3,swap,notBad
6020,7,934.1500000000003,2,469.3,move,improve
6021,7,934.1500000000003,2,469.3,swap,notBad
6022,7,934.1500000000003,2,469.3,move,improve
6023,7,934.1500000000003,2,469.3,2opt,notBad
6024,7,934.1500000000003,2,469.3,move,improve
6025,7,934.1500000000003,2,469.3,swap,notBad
6026,7,934.1500000000003,2,469.3,swap,notBad
6027,7,934.1500000000003,2,469.3,swap,notBad
6028,7,934.1500000000003,2,469.3,swap,notBad
6029,7,934.1500000000003,2,469.3,move,improve
6030,7,934.1500000000003,2,469.3,swap,notBad
6031,7,934.1500000000003,2,469.3,2opt,improve
6032,7,934.1500000000003,2,469.3,2opt,notBad
6033,7,934.1500000000003,2,469.3,2opt,notBad
6034,7,934.1500000000003,2,469.3,swap,notBad
6035,7,934.1500000000003,2,469.3,move,improve
6036,7,939.0500000000004,2,469.3,swap,acceptBad
6037,7,939.0500000000004,2,469.3,move,improve
6038,7,939.0500000000004,2,469.3,move,improve
6039,7,939.0500000000004,2,469.3,move,improve
6040,7,942.4000000000004,2,469.3,swap,acceptBad
6041,7,942.4000000000004,2,469.3,move,improve
6042,7,942.4000000000004,2,469.3,swap,notBad
6043,7,942.4000000000004,2,469.3,2opt,notBad
6044,7,942.4000000000004,2,469.3,2opt,notBad
6045,7,942.4000000000004,2,469.3,2opt,notBad
6046,7,942.4000000000004,2,469.3,2opt,notBad
6047,7,942.4000000000004,2,469.3,swap,notBad
6048,7,942.4000000000004,2,469.3,swap,notBad
6049,7,942.4000000000004,2,469.3,2opt,improve
6050,7,942.4000000000004,2,469.3,swap,notBad
6051,7,942.4000000000004,2,469.3,swap,notBad
6052,7,942.4000000000004,2,469.3,swap,notBad
6053,7,942.4000000000004,2,469.3,swap,notBad
6054,7,942.4000000000004,2,469.3,swap,notBad
6055,7,942.4000000000004,2,469.3,2opt,notBad
6056,7,942.4000000000004,2,469.3,swap,notBad
6057,7,942.4000000000004,2,469.3,move,improve
6058,7,942.4000000000004,2,469.3,swap,notBad
6059,7,942.4000000000004,2,469.3,2opt,notBad
6060,7,942.4000000000004,2,469.3,2opt,notBad
6061,7,942.4000000000004,2,469.3,swap,notBad
6062,7,942.4000000000004,2,469.3,swap,notBad
6063,7,942.4000000000004,2,469.3,swap,notBad
6064,7,942.4000000000004,2,469.3,2opt,notBad
6065,7,942.4000000000004,2,469.3,move,improve
6066,7,942.4000000000004,2,469.3,swap,notBad
6067,7,942.4000000000004,2,469.3,swap,notBad
6068,7,942.4000000000004,2,469.3,2opt,notBad
6069,7,943.2500000000006,2,469.3,2opt,acceptBad
6070,7,931.5000000000003,2,469.3,swap,improve
6071,7,931.5000000000003,2,469.3,swap,notBad
6072,7,931.5000000000003,2,469.3,2opt,notBad
6073,7,931.5000000000003,2,469.3,move,improve
6074,7,931.5000000000003,2,469.3,swap,notBad
6075,7,931.5000000000003,2,469.3,swap,notBad
6076,7,931.5000000000003,2,469.3,2opt,notBad
6077,7,931.5000000000003,2,469.3,2opt,notBad
6078,7,931.5000000000003,2,469.3,swap,notBad
6079,7,931.5000000000003,2,469.3,move,improve
6080,7,931.5000000000003,2,469.3,move,improve
6081,7,931.5000000000003,2,469.3,2opt,notBad
6082,7,931.5000000000003,2,469.3,move,improve
6083,7,931.5000000000003,2,469.3,swap,notBad
6084,7,931.5000000000003,2,469.3,2opt,improve
6085,7,931.5000000000003,2,469.3,2opt,notBad
6086,7,931.5000000000003,2,469.3,swap,notBad
6087,7,931.5000000000003,2,469.3,2opt,notBad
6088,7,931.5000000000003,2,469.3,2opt,notBad
6089,7,931.5000000000003,2,469.3,move,improve
6090,7,931.5000000000003,2,469.3,move,improve
6091,7,931.5000000000003,2,469.3,2opt,notBad
6092,7,931.5000000000003,2,469.3,swap,notBad
6093,7,930.1000000000005,2,469.3,move,improve
6094,7,930.1000000000005,2,469.3,2opt,notBad
6095,7,930.1000000000005,2,469.3,2opt,notBad
6096,7,930.1000000000005,2,469.3,2opt,notBad
6097,7,930.1000000000005,2,469.3,move,improve
6098,7,930.1000000000005,2,469.3,move,improve
6099,7,930.1000000000005,2,469.3,2opt,notBad
6100,7,930.1000000000005,2,469.3,2opt,notBad
6101,7,930.1000000000005,2,469.3,move,improve
6102,7,930.1000000000005,2,469.3,move,improve
6103,7,930.1000000000005,2,469.3,move,improve
6104,7,930.1000000000005,2,469.3,2opt,notBad
6105,7,930.1000000000005,2,469.3,swap,notBad
6106,7,930.1000000000005,2,469.3,move,improve
6107,7,930.1000000000005,2,469.3,swap,notBad
6108,7,930.1000000000005,2,469.3,swap,notBad
6109,7,930.1000000000005,2,469.3,swap,notBad
6110,7,930.1000000000005,2,469.3,2opt,notBad
6111,7,930.1000000000005,2,469.3,2opt,notBad
6112,7,930.1000000000005,2,469.3,move,improve
6113,7,930.1000000000005,2,469.3,move,improve
6114,7,930.1000000000005,2,469.3,swap,notBad
6115,7,930.1000000000005,2,469.3,swap,notBad
6116,7,930.1000000000005,2,469.3,move,improve
6117,7,930.1000000000005,2,469.3,2opt,notBad
6118,7,930.1000000000005,2,469.3,swap,notBad
6119,7,930.1000000000005,2,469.3,swap,notBad
6120,7,930.1000000000005,2,469.3,swap,notBad
6121,7,930.1000000000005,2,469.3,swap,notBad
6122,7,930.1000000000005,2,469.3,2opt,notBad
6123,7,930.1000000000005,2,469.3,swap,notBad
6124,7,930.1000000000005,2,469.3,move,improve
6125,7,930.1000000000005,2,469.3,move,improve
6126,7,930.1000000000005,2,469.3,move,improve
6127,7,930.1000000000005,2,469.3,move,improve
6128,7,930.1000000000005,2,469.3,swap,notBad
6129,7,930.1000000000005,2,469.3,2opt,notBad
6130,7,930.1000000000005,2,469.3,swap,notBad
6131,7,930.1000000000005,2,469.3,move,improve
6132,7,930.1000000000005,2,469.3,2opt,notBad
6133,7,930.1000000000005,2,469.3,2opt,notBad
6134,7,930.1000000000005,2,469.3,swap,notBad
6135,7,931.5000000000003,2,469.3,swap,acceptBad
6136,7,931.5000000000003,2,469.3,move,improve
6137,7,931.5000000000003,2,469.3,swap,notBad
6138,7,931.5000000000003,2,469.3,swap,notBad
6139,7,931.5000000000003,2,469.3,move,improve
6140,7,931.5000000000003,2,469.3,move,improve
6141,7,931.5000000000003,2,469.3,2opt,notBad
6142,7,931.5000000000003,2,469.3,2opt,notBad
6143,7,931.5000000000003,2,469.3,move,improve
6144,7,931.5000000000003,2,469.3,move,improve
6145,7,931.5000000000003,2,469.3,move,improve
6146,7,931.5000000000003,2,469.3,swap,notBad
6147,7,931.5000000000003,2,469.3,swap,notBad
6148,7,933.0000000000005,2,469.3,swap,acceptBad
6149,7,933.0000000000005,2,469.3,2opt,notBad
6150,7,933.0000000000005,2,469.3,swap,notBad
6151,7,933.0000000000005,2,469.3,move,improve
6152,7,931.9500000000004,2,469.3,move,improve
6153,7,931.9500000000004,2,469.3,move,improve
6154,7,931.9500000000004,2,469.3,2opt,notBad
6155,7,933.0000000000005,2,469.3,swap,acceptBad
6156,7,933.0000000000005,2,469.3,move,improve
6157,7,933.0000000000005,2,469.3,2opt,notBad
6158,7,933.0000000000005,2,469.3,2opt,notBad
6159,7,933.0000000000005,2,469.3,move,notBad
6160,7,933.0000000000005,2,469.3,2opt,improve
6161,7,933.0000000000005,2,469.3,move,improve
6162,7,933.0000000000005,2,469.3,move,improve
6163,7,933.0000000000005,2,469.3,2opt,notBad
6164,7,933.0000000000005,2,469.3,swap,notBad
6165,7,933.0000000000005,2,469.3,2opt,notBad
6166,7,933.0000000000005,2,469.3,move,improve
6167,7,931.9500000000004,2,469.3,move,improve
6168,7,931.9500000000004,2,469.3,2opt,notBad
6169,7,931.9500000000004,2,469.3,move,improve
6170,7,931.9500000000004,2,469.3,move,improve
6171,7,931.9500000000004,2,469.3,2opt,notBad
6172,7,931.9500000000004,2,469.3,2opt,notBad
6173,7,931.9500000000004,2,469.3,2opt,notBad
6174,7,931.9500000000004,2,469.3,move,improve
6175,7,931.9500000000004,2,469.3,move,improve
6176,7,931.9500000000004,2,469.3,move,improve
6177,7,931.9500000000004,2,469.3,swap,notBad
6178,7,931.9500000000004,2,469.3,move,improve
6179,7,931.9500000000004,2,469.3,move,improve
6180,7,931.9500000000004,2,469.3,swap,notBad
6181,7,931.9500000000004,2,469.3,move,improve
6182,7,931.9500000000004,2,469.3,swap,notBad
6183,7,931.9500000000004,2,469.3,2opt,improve
6184,7,931.9500000000004,2,469.3,2opt,notBad
6185,7,931.9500000000004,2,469.3,move,improve
6186,7,931.9500000000004,2,469.3,move,improve
6187,7,931.9500000000004,2,469.3,swap,notBad
6188,7,931.1000000000001,2,469.3,2opt,improve
6189,7,931.1000000000001,2,469.3,2opt,notBad
6190,7,935.7499999999997,2,469.3,swap,acceptBad
6191,7,935.7499999999997,2,469.3,2opt,notBad
6192,7,935.7499999999997,2,469.3,swap,notBad
6193,7,935.7499999999997,2,469.3,move,improve
6194,7,935.7499999999997,2,469.3,swap,notBad
6195,7,935.7499999999997,2,469.3,move,improve
6196,7,935.7499999999997,2,469.3,move,improve
6197,7,935.7499999999997,2,469.3,2opt,notBad
6198,7,934.2499999999997,2,469.3,move,improve
6199,7,934.2499999999997,2,469.3,move,improve
6200,7,934.2499999999997,2,469.3,2opt,notBad
6201,7,934.2499999999997,2,469.3,2opt,notBad
6202,7,934.2499999999997,2,469.3,swap,notBad
6203,7,934.2499999999997,2,469.3,2opt,notBad
6204,7,934.2499999999997,2,469.3,move,improve
6205,7,934.2499999999997,2,469.3,move,improve
6206,7,934.2499999999997,2,469.3,move,improve
6207,7,934.2499999999997,2,469.3,2opt,notBad
6208,7,934.2499999999997,2,469.3,2opt,notBad
6209,7,934.2499999999997,2,469.3,2opt,notBad
6210,7,934.2499999999997,2,469.3,move,improve
6211,7,934.2499999999997,2,469.3,move,improve
6212,7,934.2499999999997,2,469.3,move,improve
6213,7,934.2499999999997,2,469.3,swap,notBad
6214,7,929.3999999999996,2,469.3,swap,improve
6215,7,929.3999999999996,2,469.3,2opt,notBad
6216,7,929.3999999999996,2,469.3,move,improve
6217,7,929.3999999999996,2,469.3,move,improve
6218,7,929.3999999999996,2,469.3,2opt,improve
6219,7,929.3999999999996,2,469.3,swap,notBad
6220,7,929.3999999999996,2,469.3,2opt,notBad
6221,7,929.3999999999996,2,469.3,2opt,notBad
6222,7,929.3999999999996,2,469.3,2opt,notBad
6223,7,929.3999999999996,2,469.3,2opt,notBad
6224,7,929.3999999999996,2,469.3,move,improve
6225,7,929.3999999999996,2,469.3,2opt,notBad
6226,7,929.3999999999996,2,469.3,2opt,notBad
6227,7,929.3999999999996,2,469.3,swap,notBad
6228,7,929.3999999999996,2,469.3,move,improve
6229,7,929.3999999999996,2,469.3,2opt,notBad
6230,7,929.3999999999996,2,469.3,2opt,notBad
6231,7,929.3999999999996,2,469.3,swap,notBad
6232,7,929.3999999999996,2,469.3,move,improve
6233,7,929.3999999999996,2,469.3,swap,notBad
6234,7,929.3999999999996,2,469.3,2opt,notBad
6235,7,929.3999999999996,2,469.3,move,improve
6236,7,929.3999999999996,2,469.3,move,improve
6237,7,929.3999999999996,2,469.3,move,improve
6238,7,929.3999999999996,2,469.3,swap,notBad
6239,7,929.3999999999996,2,469.3,2opt,notBad
6240,7,929.3999999999996,2,469.3,2opt,improve
6241,7,929.3999999999996,2,469.3,2opt,notBad
6242,7,929.3999999999996,2,469.3,2opt,notBad
6243,7,929.3999999999996,2,469.3,2opt,notBad
6244,7,929.3999999999996,2,469.3,move,improve
6245,7,929.3999999999996,2,469.3,swap,notBad
6246,7,929.3999999999996,2,469.3,move,improve
6247,7,929.3999999999996,2,469.3,2opt,notBad
6248,7,929.3999999999996,2,469.3,2opt,notBad
6249,7,929.3999999999996,2,469.3,2opt,notBad
6250,7,929.3999999999996,2,469.3,move,improve
6251,7,929.3999999999996,2,469.3,move,improve
6252,7,929.3999999999996,2,469.3,swap,notBad
6253,7,929.3999999999996,2,469.3,swap,notBad
6254,7,929.3999999999996,2,469.3,2opt,improve
6255,7,929.3999999999996,2,469.3,move,improve
6256,7,929.3999999999996,2,469.3,2opt,notBad
6257,7,929.3999999999996,2,469.3,swap,notBad
6258,7,929.3999999999996,2,469.3,swap,notBad
6259,7,925.6499999999996,2,469.3,move,improve
6260,7,925.6499999999996,2,469.3,2opt,notBad
6261,7,925.6499999999996,2,469.3,swap,notBad
6262,7,925.6499999999996,2,469.3,2opt,notBad
6263,7,925.6499999999996,2,469.3,2opt,notBad
6264,7,925.6499999999996,2,469.3,swap,notBad
6265,7,923.9999999999997,2,469.3,move,improve
6266,7,923.9999999999997,2,469.3,move,improve
6267,7,923.9999999999997,2,469.3,2opt,notBad
6268,7,923.9999999999997,2,469.3,2opt,notBad
6269,7,923.9999999999997,2,469.3,move,improve
6270,7,923.9999999999997,2,469.3,2opt,notBad
6271,7,923.9999999999997,2,469.3,move,improve
6272,7,923.9999999999997,2,469.3,swap,notBad
6273,7,923.9999999999997,2,469.3,swap,notBad
6274,7,923.9999999999997,2,469.3,move,improve
6275,7,923.9999999999997,2,469.3,move,improve
6276,7,923.9999999999997,2,469.3,move,improve
6277,7,923.9999999999997,2,469.3,move,improve
6278,7,923.8999999999996,2,469.3,move,improve
6279,7,923.8999999999996,2,469.3,swap,notBad
6280,7,923.8999999999996,2,469.3,swap,notBad
6281,7,923.8999999999996,2,469.3,swap,notBad
6282,7,923.8999999999996,2,469.3,2opt,notBad
6283,7,923.8999999999996,2,469.3,swap,notBad
6284,7,923.8999999999996,2,469.3,swap,notBad
6285,7,923.8999999999996,2,469.3,swap,notBad
6286,7,923.8999999999996,2,469.3,swap,notBad
6287,7,923.8999999999996,2,469.3,swap,notBad
6288,7,923.8999999999996,2,469.3,move,improve
6289,7,923.8999999999996,2,469.3,move,improve
6290,7,923.8999999999996,2,469.3,2opt,improve
6291,7,923.8999999999996,2,469.3,swap,notBad
6292,7,923.8999999999996,2,469.3,2opt,notBad
6293,7,923.8999999999996,2,469.3,2opt,improve
6294,7,923.8999999999996,2,469.3,swap,notBad
6295,7,923.8999999999996,2,469.3,swap,notBad
6296,7,923.8999999999996,2,469.3,move,improve
6297,7,923.8999999999996,2,469.3,swap,notBad
6298,7,923.8999999999996,2,469.3,2opt,notBad
6299,7,923.8999999999996,2,469.3,2opt,notBad
6300,7,923.8999999999996,2,469.3,2opt,notBad
6301,7,923.8999999999996,2,469.3,swap,notBad
6302,7,923.8999999999996,2,469.3,2opt,notBad
6303,7,923.8999999999996,2,469.3,swap,notBad
6304,7,923.8999999999996,2,469.3,2opt,notBad
6305,7,923.8999999999996,2,469.3,2opt,notBad
6306,7,923.8999999999996,2,469.3,2opt,notBad
6307,7,923.5999999999996,2,469.3,move,improve
6308,7,923.5999999999996,2,469.3,move,improve
6309,7,923.5999999999996,2,469.3,move,improve
6310,7,923.5999999999996,2,469.3,swap,notBad
6311,7,923.5999999999996,2,469.3,2opt,notBad
6312,7,923.5999999999996,2,469.3,move,improve
6313,7,923.5999999999996,2,469.3,move,improve
6314,7,923.5999999999996,2,469.3,move,improve
6315,7,923.5999999999996,2,469.3,swap,notBad
6316,7,923.5999999999996,2,469.3,move,improve
6317,7,923.5999999999996,2,469.3,move,improve
6318,7,923.5999999999996,2,469.3,move,improve
6319,7,923.5999999999996,2,469.3,2opt,notBad
6320,7,923.5999999999996,2,469.3,move,improve
6321,7,923.5999999999996,2,469.3,swap,notBad
6322,7,923.5999999999996,2,469.3,swap,notBad
6323,7,923.5999999999996,2,469.3,2opt,notBad
6324,7,923.5999999999996,2,469.3,swap,notBad
6325,7,923.5999999999996,2,469.3,swap,notBad
6326,7,923.5999999999996,2,469.3,2opt,notBad
6327,7,923.5999999999996,2,469.3,2opt,notBad
6328,7,923.5999999999996,2,469.3,move,improve
6329,7,923.5999999999996,2,469.3,swap,notBad
6330,7,923.5999999999996,2,469.3,swap,notBad
6331,7,923.5999999999996,2,469.3,swap,notBad
6332,7,923.5999999999996,2,469.3,2opt,notBad
6333,7,923.5999999999996,2,469.3,2opt,notBad
6334,7,918.6999999999996,2,469.3,move,improve
6335,7,918.6999999999996,2,469.3,move,improve
6336,7,918.6999999999996,2,469.3,move,improve
6337,7,918.6999999999996,2,469.3,move,improve
6338,7,918.6999999999996,2,469.3,swap,notBad
6339,7,918.6999999999996,2,469.3,swap,notBad
6340,7,918.6999999999996,2,469.3,2opt,notBad
6341,7,918.6999999999996,2,469.3,move,improve
6342,7,918.6999999999996,2,469.3,2opt,notBad
6343,7,918.6999999999996,2,469.3,2opt,notBad
6344,7,918.6999999999996,2,469.3,2opt,improve
6345,7,918.6999999999996,2,469.3,move,improve
6346,7,918.6999999999996,2,469.3,move,improve
6347,7,918.6999999999996,2,469.3,2opt,notBad
6348,7,918.6999999999996,2,469.3,move,improve
6349,7,918.6999999999996,2,469.3,swap,notBad
6350,7,918.6999999999996,2,469.3,2opt,notBad
6351,7,918.6999999999996,2,469.3,2opt,notBad
6352,7,918.6999999999996,2,469.3,move,improve
6353,7,918.6999999999996,2,469.3,move,improve
6354,7,918.6999999999996,2,469.3,2opt,notBad
6355,7,918.6999999999996,2,469.3,2opt,notBad
6356,7,918.6999999999996,2,469.3,2opt,notBad
6357,7,918.6999999999996,2,469.3,move,improve
6358,7,918.6999999999996,2,469.3,2opt,notBad
6359,7,918.6999999999996,2,469.3,swap,notBad
6360,7,918.6999999999996,2,469.3,move,improve
6361,7,918.6999999999996,2,469.3,move,improve
6362,7,918.6999999999996,2,469.3,2opt,notBad
6363,7,918.6999999999996,2,469.3,2opt,notBad
6364,7,918.6999999999996,2,469.3,swap,notBad
6365,7,918.6999999999996,2,469.3,2opt,notBad
6366,7,918.6999999999996,2,469.3,swap,notBad
6367,7,918.6999999999996,2,469.3,move,improve
6368,7,918.6999999999996,2,469.3,move,improve
6369,7,918.6499999999996,2,469.3,move,improve
6370,7,918.6499999999996,2,469.3,2opt,notBad
6371,7,918.6499999999996,2,469.3,2opt,notBad
6372,7,918.6499999999996,2,469.3,swap,notBad
6373,7,918.6499999999996,2,469.3,move,improve
6374,7,918.6499999999996,2,469.3,move,improve
6375,7,918.6499999999996,2,469.3,move,improve
6376,7,918.6499999999996,2,469.3,2opt,notBad
6377,7,918.6499999999996,2,469.3,2opt,improve
6378,7,918.6499999999996,2,469.3,move,improve
6379,7,918.6499999999996,2,469.3,swap,notBad
6380,7,918.6499999999996,2,469.3,move,improve
6381,7,918.6499999999996,2,469.3,move,improve
6382,7,918.6499999999996,2,469.3,2opt,notBad
6383,7,918.6499999999996,2,469.3,move,improve
6384,7,918.6499999999996,2,469.3,move,improve
6385,7,918.6499999999996,2,469.3,2opt,notBad
6386,7,918.6499999999996,2,469.3,swap,notBad
6387,7,918.6499999999996,2,469.3,2opt,notBad
6388,7,918.6499999999996,2,469.3,move,improve
6389,7,918.6499999999996,2,469.3,2opt,notBad
6390,7,918.6499999999996,2,469.3,2opt,notBad
6391,7,918.1999999999996,2,469.3,move,improve
6392,7,918.1999999999996,2,469.3,move,improve
6393,7,918.1999999999996,2,469.3,2opt,notBad
6394,7,918.1999999999996,2,469.3,swap,notBad
6395,7,918.1999999999996,2,469.3,move,improve
6396,7,918.1999999999996,2,469.3,move,improve
6397,7,918.1999999999996,2,469.3,2opt,notBad
6398,7,918.1999999999996,2,469.3,move,improve
6399,7,918.1999999999996,2,469.3,2opt,improve
6400,7,918.1999999999996,2,469.3,move,improve
6401,7,918.1999999999996,2,469.3,swap,notBad
6402,7,918.1999999999996,2,469.3,2opt,notBad
6403,7,918.1999999999996,2,469.3,move,improve
6404,7,918.1999999999996,2,469.3,2opt,notBad
6405,7,918.1999999999996,2,469.3,2opt,notBad
6406,7,918.1999999999996,2,469.3,2opt,notBad
6407,7,918.1999999999996,2,469.3,swap,notBad
6408,7,920.1499999999994,2,469.3,swap,acceptBad
6409,7,920.1499999999994,2,469.3,move,improve
6410,7,920.1499999999994,2,469.3,2opt,notBad
6411,7,920.1499999999994,2,469.3,2opt,notBad
6412,7,920.1499999999994,2,469.3,swap,notBad
6413,7,920.1499999999994,2,469.3,swap,notBad
6414,7,920.1499999999994,2,469.3,2opt,notBad
6415,7,920.1499999999994,2,469.3,swap,notBad
6416,7,920.1499999999994,2,469.3,2opt,notBad
6417,7,920.1499999999994,2,469.3,2opt,notBad
6418,7,920.1499999999994,2,469.3,move,improve
6419,7,920.1499999999994,2,469.3,2opt,notBad
6420,7,920.1499999999994,2,469.3,swap,notBad
6421,7,920.1499999999994,2,469.3,swap,notBad
6422,7,920.1499999999994,2,469.3,move,improve
6423,7,920.1499999999994,2,469.3,swap,notBad
6424,7,920.1499999999994,2,469.3,2opt,notBad
6425,7,920.1499999999994,2,469.3,swap,notBad
6426,7,920.1499999999994,2,469.3,2opt,notBad
6427,7,920.1499999999994,2,469.3,swap,notBad
6428,7,920.1499999999994,2,469.3,swap,notBad
6429,7,920.1499999999994,2,469.3,move,improve
6430,7,920.1499999999994,2,469.3,move,improve
6431,7,920.1499999999994,2,469.3,swap,notBad
6432,7,920.1499999999994,2,469.3,swap,notBad
6433,7,920.1499999999994,2,469.3,2opt,notBad
6434,7,920.1499999999994,2,469.3,2opt,notBad
6435,7,920.1499999999994,2,469.3,move,improve
6436,7,920.1499999999994,2,469.3,swap,notBad
6437,7,920.1499999999994,2,469.3,move,improve
6438,7,920.1499999999994,2,469.3,move,improve
6439,7,920.1499999999994,2,469.3,2opt,notBad
6440,7,920.1499999999994,2,469.3,2opt,notBad
6441,7,920.1499999999994,2,469.3,swap,notBad
6442,7,920.1499999999994,2,469.3,2opt,notBad
6443,7,920.1499999999994,2,469.3,move,improve
6444,7,920.1499999999994,2,469.3,move,improve
6445,7,920.1499999999994,2,469.3,move,improve
6446,7,920.1499999999994,2,469.3,2opt,notBad
6447,7,920.1499999999994,2,469.3,swap,notBad
6448,7,920.1499999999994,2,469.3,move,improve
6449,7,920.1499999999994,2,469.3,2opt,notBad
6450,7,920.1499999999994,2,469.3,move,improve
6451,7,920.1499999999994,2,469.3,swap,notBad
6452,7,920.1499999999994,2,469.3,swap,notBad
6453,7,920.1499999999994,2,469.3,move,improve
6454,7,920.1499999999994,2,469.3,swap,notBad
6455,7,918.5999999999996,2,469.3,move,improve
6456,7,918.5999999999996,2,469.3,move,improve
6457,7,918.5999999999996,2,469.3,swap,notBad
6458,7,918.5999999999996,2,469.3,2opt,notBad
6459,7,918.5999999999996,2,469.3,move,improve
6460,7,918.5999999999996,2,469.3,move,improve
6461,7,918.5999999999996,2,469.3,move,improve
6462,7,918.5999999999996,2,469.3,2opt,notBad
6463,7,918.5999999999996,2,469.3,move,improve
6464,7,918.5999999999996,2,469.3,move,improve
6465,7,918.5999999999996,2,469.3,move,improve
6466,7,918.5999999999996,2,469.3,move,improve
6467,7,918.5999999999996,2,469.3,move,improve
6468,7,918.5999999999996,2,469.3,move,improve
6469,7,918.5999999999996,2,469.3,swap,notBad
6470,7,918.5999999999996,2,469.3,move,improve
6471,7,918.5999999999996,2,469.3,swap,notBad
6472,7,918.5999999999996,2,469.3,2opt,notBad
6473,7,918.5999999999996,2,469.3,2opt,notBad
6474,7,921.8999999999999,2,469.3,move,acceptBad
6475,7,921.8999999999999,2,469.3,2opt,improve
6476,7,921.8999999999999,2,469.3,swap,notBad
6477,7,921.8999999999999,2,469.3,move,improve
6478,7,921.8999999999999,2,469.3,swap,notBad
6479,7,921.8999999999999,2,469.3,swap,notBad
6480,7,922.3499999999999,2,469.3,swap,acceptBad
6481,7,922.3499999999999,2,469.3,move,improve
6482,7,922.3499999999999,2,469.3,2opt,notBad
6483,7,922.3499999999999,2,469.3,2opt,notBad
6484,7,922.3499999999999,2,469.3,swap,notBad
6485,7,922.3499999999999,2,469.3,2opt,notBad
6486,7,925.65,2,469.3,swap,acceptBad
6487,7,925.65,2,469.3,2opt,notBad
6488,7,925.65,2,469.3,swap,notBad
6489,7,925.65,2,469.3,move,improve
6490,7,925.65,2,469.3,2opt,notBad
6491,7,925.65,2,469.3,2opt,notBad
6492,7,925.65,2,469.3,swap,notBad
6493,7,925.65,2,469.3,2opt,notBad
6494,7,925.65,2,469.3,move,improve
6495,7,925.65,2,469.3,move,improve
6496,7,925.65,2,469.3,move,improve
6497,7,925.65,2,469.3,swap,notBad
6498,7,925.65,2,469.3,move,improve
6499,7,925.65,2,469.3,move,improve
6500,7,925.65,2,469.3,move,improve
6501,7,925.65,2,469.3,move,improve
6502,7,925.65,2,469.3,move,improve
6503,7,925.65,2,469.3,2opt,notBad
6504,7,925.65,2,469.3,2opt,notBad
6505,7,925.65,2,469.3,swap,notBad
6506,7,925.65,2,469.3,move,improve
6507,7,925.65,2,469.3,move,improve
6508,7,925.65,2,469.3,2opt,notBad
6509,7,925.65,2,469.3,2opt,notBad
6510,7,925.65,2,469.3,move,improve
6511,7,925.65,2,469.3,move,improve
6512,7,925.65,2,469.3,2opt,notBad
6513,7,925.65,2,469.3,swap,notBad
6514,7,925.65,2,469.3,2opt,notBad
6515,7,925.65,2,469.3,2opt,notBad
6516,7,925.65,2,469.3,swap,notBad
6517,7,925.65,2,469.3,2opt,notBad
6518,7,925.65,2,469.3,move,improve
6519,7,922.3499999999999,2,469.3,move,improve
6520,7,922.3499999999999,2,469.3,move,improve
6521,7,922.3499999999999,2,469.3,swap,notBad
6522,7,922.3499999999999,2,469.3,2opt,notBad
6523,7,922.3499999999999,2,469.3,swap,notBad
6524,7,921.8999999999999,2,469.3,move,improve
6525,7,921.8999999999999,2,469.3,swap,notBad
6526,7,921.8999999999999,2,469.3,2opt,notBad
6527,7,921.8999999999999,2,469.3,swap,notBad
6528,7,921.8999999999999,2,469.3,move,improve
6529,7,921.8999999999999,2,469.3,2opt,notBad
6530,7,921.8999999999999,2,469.3,swap,notBad
6531,7,921.8999999999999,2,469.3,swap,notBad
6532,7,921.8999999999999,2,469.3,2opt,notBad
6533,7,921.8999999999999,2,469.3,swap,notBad
6534,7,921.8999999999999,2,469.3,2opt,notBad
6535,7,921.8999999999999,2,469.3,move,improve
6536,7,921.8999999999999,2,469.3,swap,notBad
6537,7,921.8999999999999,2,469.3,2opt,notBad
6538,7,921.8999999999999,2,469.3,swap,notBad
6539,7,921.8999999999999,2,469.3,move,improve
6540,7,921.8999999999999,2,469.3,2opt,notBad
6541,7,921.8999999999999,2,469.3,swap,notBad
6542,7,921.8999999999999,2,469.3,swap,notBad
6543,7,921.8999999999999,2,469.3,swap,notBad
6544,7,921.8999999999999,2,469.3,2opt,notBad
6545,7,921.8999999999999,2,469.3,swap,notBad
6546,7,921.8999999999999,2,469.3,move,improve
6547,7,925.1999999999999,2,469.3,swap,acceptBad
6548,7,925.1999999999999,2,469.3,2opt,notBad
6549,7,925.1999999999999,2,469.3,2opt,notBad
6550,7,930.6500000000001,2,469.3,swap,acceptBad
6551,7,930.6500000000001,2,469.3,2opt,notBad
6552,7,930.6500000000001,2,469.3,swap,notBad
6553,7,930.6500000000001,2,469.3,2opt,notBad
6554,7,930.6500000000001,2,469.3,swap,notBad
6555,7,930.6500000000001,2,469.3,2opt,notBad
6556,7,936.2500000000001,2,469.3,swap,acceptBad
6557,7,936.2500000000001,2,469.3,move,improve
6558,7,936.2500000000001,2,469.3,move,improve
6559,7,936.2500000000001,2,469.3,move,improve
6560,7,936.2500000000001,2,469.3,move,improve
6561,7,936.2500000000001,2,469.3,2opt,notBad
6562,7,936.2500000000001,2,469.3,2opt,notBad
6563,7,936.2500000000001,2,469.3,swap,notBad
6564,7,936.2500000000001,2,469.3,2opt,notBad
6565,7,936.2500000000001,2,469.3,move,improve
6566,7,936.2500000000001,2,469.3,swap,notBad
6567,7,936.2500000000001,2,469.3,2opt,notBad
6568,7,936.2500000000001,2,469.3,move,improve
6569,7,936.2500000000001,2,469.3,move,improve
6570,7,929.0499999999997,2,469.3,move,improve
6571,7,929.0499999999997,2,469.3,move,improve
6572,7,929.0499999999997,2,469.3,move,improve
6573,7,929.0499999999997,2,469.3,swap,notBad
6574,7,929.0499999999997,2,469.3,2opt,notBad
6575,7,929.0499999999997,2,469.3,swap,notBad
6576,7,929.0499999999997,2,469.3,swap,notBad
6577,7,929.0499999999997,2,469.3,swap,notBad
6578,7,928.4999999999998,2,469.3,2opt,improve
6579,7,928.4999999999998,2,469.3,2opt,notBad
6580,7,925.1499999999997,2,469.3,move,improve
6581,7,925.1499999999997,2,469.3,swap,notBad
6582,7,925.1499999999997,2,469.3,2opt,notBad
6583,7,925.1499999999997,2,469.3,2opt,notBad
6584,7,925.1499999999997,2,469.3,swap,notBad
6585,7,925.1499999999997,2,469.3,2opt,notBad
6586,7,925.1499999999997,2,469.3,2opt,notBad
6587,7,925.1499999999997,2,469.3,2opt,notBad
6588,7,925.1499999999997,2,469.3,move,improve
6589,7,925.1499999999997,2,469.3,move,improve
6590,7,925.1499999999997,2,469.3,move,improve
6591,7,925.1499999999997,2,469.3,move,improve
6592,7,925.1499999999997,2,469.3,move,improve
6593,7,925.1499999999997,2,469.3,swap,notBad
6594,7,925.1499999999997,2,469.3,2opt,notBad
6595,7,925.1499999999997,2,469.3,2opt,notBad
6596,7,925.1499999999997,2,469.3,move,improve
6597,7,925.1499999999997,2,469.3,swap,notBad
6598,7,925.1499999999997,2,469.3,move,improve
6599,7,925.1499999999997,2,469.3,2opt,notBad
6600,7,920.8999999999995,2,469.3,swap,improve
6601,7,920.8999999999995,2,469.3,move,improve
6602,7,920.8999999999995,2,469.3,move,improve
6603,7,920.8999999999995,2,469.3,2opt,notBad
6604,7,920.8999999999995,2,469.3,swap,notBad
6605,7,920.8999999999995,2,469.3,swap,notBad
6606,7,920.8999999999995,2,469.3,2opt,notBad
6607,7,920.8999999999995,2,469.3,move,improve
6608,7,920.8999999999995,2,469.3,swap,notBad
6609,7,920.8999999999995,2,469.3,2opt,notBad
6610,7,920.8999999999995,2,469.3,move,improve
6611,7,920.8999999999995,2,469.3,move,improve
6612,7,920.8999999999995,2,469.3,swap,notBad
6613,7,920.8999999999995,2,469.3,move,improve
6614,7,920.8999999999995,2,469.3,swap,notBad
6615,7,920.8999999999995,2,469.3,swap,notBad
6616,7,920.8999999999995,2,469.3,2opt,notBad
6617,7,920.8999999999995,2,469.3,2opt,notBad
6618,7,920.8999999999995,2,469.3,move,improve
6619,7,920.8999999999995,2,469.3,2opt,notBad
6620,7,920.8999999999995,2,469.3,2opt,notBad
6621,7,920.8999999999995,2,469.3,move,improve
6622,7,920.8999999999995,2,469.3,move,notBad
6623,7,920.8999999999995,2,469.3,swap,notBad
6624,7,920.8999999999995,2,469.3,move,improve
6625,7,920.8999999999995,2,469.3,swap,notBad
6626,7,920.8999999999995,2,469.3,move,improve
6627,7,920.8999999999995,2,469.3,move,improve
6628,7,920.8999999999995,2,469.3,move,improve
6629,7,920.8999999999995,2,469.3,move,improve
6630,7,920.8999999999995,2,469.3,swap,notBad
6631,7,920.8999999999995,2,469.3,move,improve
6632,7,920.8999999999995,2,469.3,swap,notBad
6633,7,920.8999999999995,2,469.3,2opt,notBad
6634,7,920.8999999999995,2,469.3,swap,notBad
6635,7,920.8999999999995,2,469.3,2opt,notBad
6636,7,920.8999999999995,2,469.3,2opt,notBad
6637,7,920.8999999999995,2,469.3,move,improve
6638,7,920.8999999999995,2,469.3,move,improve
6639,7,920.8999999999995,2,469.3,swap,notBad
6640,7,920.8999999999995,2,469.3,move,improve
6641,7,920.8999999999995,2,469.3,move,improve
6642,7,920.8999999999995,2,469.3,swap,notBad
6643,7,920.8999999999995,2,469.3,2opt,notBad
6644,7,920.8999999999995,2,469.3,2opt,notBad
6645,7,920.8999999999995,2,469.3,2opt,notBad
6646,7,920.8999999999995,2,469.3,swap,notBad
6647,7,920.8999999999995,2,469.3,move,improve
6648,7,920.8999999999995,2,469.3,swap,notBad
6649,7,920.8999999999995,2,469.3,2opt,notBad
6650,7,920.8999999999995,2,469.3,2opt,notBad
6651,7,920.8999999999995,2,469.3,swap,notBad
6652,7,920.8999999999995,2,469.3,move,improve
6653,7,920.8999999999995,2,469.3,2opt,notBad
6654,7,920.8999999999995,2,469.3,2opt,notBad
6655,7,920.8999999999995,2,469.3,move,improve
6656,7,921.3499999999995,2,469.3,swap,acceptBad
6657,7,921.3499999999995,2,469.3,move,improve
6658,7,920.9999999999995,2,469.3,move,improve
6659,7,920.9999999999995,2,469.3,2opt,notBad
6660,7,920.9999999999995,2,469.3,2opt,notBad
6661,7,920.9999999999995,2,469.3,2opt,notBad
6662,7,920.9999999999995,2,469.3,2opt,notBad
6663,7,920.9999999999995,2,469.3,move,improve
6664,7,920.9999999999995,2,469.3,move,improve
6665,7,920.9999999999995,2,469.3,move,improve
6666,7,920.9999999999995,2,469.3,2opt,notBad
6667,7,920.9999999999995,2,469.3,move,improve
6668,7,920.9999999999995,2,469.3,swap,notBad
6669,7,920.9999999999995,2,469.3,move,improve
6670,7,920.9999999999995,2,469.3,swap,notBad
6671,7,920.9999999999995,2,469.3,swap,notBad
6672,7,920.9999999999995,2,469.3,swap,notBad
6673,7,920.9999999999995,2,469.3,2opt,notBad
6674,7,920.9999999999995,2,469.3,move,improve
6675,7,920.9999999999995,2,469.3,swap,notBad
6676,7,920.9999999999995,2,469.3,move,improve
6677,7,920.9999999999995,2,469.3,swap,notBad
6678,7,920.9999999999995,2,469.3,move,improve
6679,7,920.9999999999995,2,469.3,move,improve
6680,7,920.9999999999995,2,469.3,move,improve
6681,7,920.9999999999995,2,469.3,2opt,notBad
6682,7,920.9999999999995,2,469.3,move,improve
6683,7,920.9999999999995,2,469.3,move,improve
6684,7,920.9999999999995,2,469.3,swap,notBad
6685,7,920.9999999999995,2,469.3,move,improve
6686,7,920.9999999999995,2,469.3,swap,notBad
6687,7,920.9999999999995,2,469.3,2opt,notBad
6688,7,917.9999999999995,2,469.3,move,improve
6689,7,917.9999999999995,2,469.3,move,improve
6690,7,917.9999999999995,2,469.3,2opt,notBad
6691,7,916.2499999999998,2,469.3,move,improve
6692,7,916.2499999999998,2,469.3,swap,notBad
6693,7,916.2499999999998,2,469.3,2opt,notBad
6694,7,916.2499999999998,2,469.3,2opt,notBad
6695,7,916.2499999999998,2,469.3,move,improve
6696,7,916.2499999999998,2,469.3,swap,notBad
6697,7,916.2499999999998,2,469.3,swap,notBad
6698,7,916.2499999999998,2,469.3,move,improve
6699,7,916.2499999999998,2,469.3,move,improve
6700,7,916.2499999999998,2,469.3,swap,notBad
6701,7,916.2499999999998,2,469.3,2opt,notBad
6702,7,916.2499999999998,2,469.3,swap,notBad
6703,7,916.2499999999998,2,469.3,move,notBad
6704,7,916.5499999999997,2,469.3,swap,acceptBad
6705,7,916.5499999999997,2,469.3,2opt,notBad
6706,7,916.5499999999997,2,469.3,2opt,notBad
6707,7,916.5499999999997,2,469.3,2opt,notBad
6708,7,916.5499999999997,2,469.3,2opt,notBad
6709,7,916.5499999999997,2,469.3,2opt,notBad
6710,7,916.5499999999997,2,469.3,2opt,improve
6711,7,916.5499999999997,2,469.3,swap,notBad
6712,7,916.5499999999997,2,469.3,move,improve
6713,7,916.5499999999997,2,469.3,2opt,notBad
6714,7,916.5499999999997,2,469.3,2opt,notBad
6715,7,916.5499999999997,2,469.3,2opt,notBad
6716,7,916.5499999999997,2,469.3,2opt,notBad
6717,7,916.5499999999997,2,469.3,2opt,notBad
6718,7,916.5499999999997,2,469.3,swap,notBad
6719,7,916.5499999999997,2,469.3,swap,notBad
6720,7,916.5499999999997,2,469.3,swap,notBad
6721,7,916.5499999999997,2,469.3,2opt,notBad
6722,7,916.5499999999997,2,469.3,swap,notBad
6723,7,916.5499999999997,2,469.3,move,improve
6724,7,916.5499999999997,2,469.3,2opt,notBad
6725,7,916.5499999999997,2,469.3,move,improve
6726,7,916.5499999999997,2,469.3,swap,notBad
6727,7,916.5499999999997,2,469.3,swap,notBad
6728,7,916.5499999999997,2,469.3,2opt,notBad
6729,7,916.5499999999997,2,469.3,2opt,notBad
6730,7,916.5499999999997,2,469.3,2opt,notBad
6731,7,916.5499999999997,2,469.3,move,improve
6732,7,916.5499999999997,2,469.3,move,improve
6733,7,916.5499999999997,2,469.3,2opt,notBad
6734,7,916.5499999999997,2,469.3,2opt,notBad
6735,7,916.5499999999997,2,469.3,move,improve
6736,7,916.5499999999997,2,469.3,swap,notBad
6737,7,916.5499999999997,2,469.3,move,improve
6738,7,916.5499999999997,2,469.3,2opt,notBad
6739,7,916.5499999999997,2,469.3,move,improve
6740,7,916.5499999999997,2,469.3,swap,notBad
6741,7,916.5499999999997,2,469.3,swap,notBad
6742,7,916.5499999999997,2,469.3,swap,notBad
6743,7,916.5499999999997,2,469.3,2opt,notBad
6744,7,916.5499999999997,2,469.3,2opt,notBad
6745,7,916.5499999999997,2,469.3,2opt,notBad
6746,7,916.5499999999997,2,469.3,2opt,notBad
6747,7,916.5499999999997,2,469.3,move,improve
6748,7,916.5499999999997,2,469.3,2opt,notBad
6749,7,916.5499999999997,2,469.3,2opt,notBad
6750,7,916.5499999999997,2,469.3,2opt,notBad
6751,7,916.5499999999997,2,469.3,2opt,notBad
6752,7,916.5499999999997,2,469.3,move,improve
6753,7,916.5499999999997,2,469.3,2opt,notBad
6754,7,916.5499999999997,2,469.3,swap,notBad
6755,7,916.5499999999997,2,469.3,move,improve
6756,7,916.5499999999997,2,469.3,swap,notBad
6757,7,916.5499999999997,2,469.3,move,improve
6758,7,916.5499999999997,2,469.3,swap,notBad
6759,7,916.5499999999997,2,469.3,swap,notBad
6760,7,916.5499999999997,2,469.3,2opt,notBad
6761,7,916.5499999999997,2,469.3,move,improve
6762,7,916.5499999999997,2,469.3,2opt,notBad
6763,7,916.5499999999997,2,469.3,2opt,notBad
6764,7,916.5499999999997,2,469.3,swap,notBad
6765,7,916.5499999999997,2,469.3,2opt,notBad
6766,7,916.5499999999997,2,469.3,move,improve
6767,7,916.5499999999997,2,469.3,swap,notBad
6768,7,916.5499999999997,2,469.3,2opt,improve
6769,7,916.5499999999997,2,469.3,swap,notBad
6770,7,916.5499999999997,2,469.3,2opt,notBad
6771,7,916.5499999999997,2,469.3,swap,notBad
6772,7,916.5499999999997,2,469.3,swap,notBad
6773,7,916.5499999999997,2,469.3,move,improve
6774,7,916.5499999999997,2,469.3,swap,notBad
6775,7,916.5499999999997,2,469.3,move,improve
6776,7,916.5499999999997,2,469.3,2opt,notBad
6777,7,916.5499999999997,2,469.3,swap,notBad
6778,7,916.5499999999997,2,469.3,move,improve
6779,7,916.5499999999997,2,469.3,move,improve
6780,7,916.5499999999997,2,469.3,swap,notBad
6781,7,916.5499999999997,2,469.3,swap,notBad
6782,7,916.5499999999997,2,469.3,swap,notBad
6783,7,916.5499999999997,2,469.3,2opt,notBad
6784,7,916.5499999999997,2,469.3,move,improve
6785,7,916.5499999999997,2,469.3,2opt,notBad
6786,7,916.5499999999997,2,469.3,swap,notBad
6787,7,916.5499999999997,2,469.3,move,improve
6788,7,916.5499999999997,2,469.3,move,improve
6789,7,916.5499999999997,2,469.3,move,improve
6790,7,916.5499999999997,2,469.3,move,improve
6791,7,916.5499999999997,2,469.3,move,improve
6792,7,916.5499999999997,2,469.3,move,improve
6793,7,916.5499999999997,2,469.3,swap,notBad
6794,7,916.5499999999997,2,469.3,2opt,notBad
6795,7,916.5499999999997,2,469.3,swap,notBad
6796,7,916.5499999999997,2,469.3,2opt,notBad
6797,7,916.5499999999997,2,469.3,move,improve
6798,7,916.5499999999997,2,469.3,move,improve
6799,7,916.5499999999997,2,469.3,move,improve
6800,7,916.5499999999997,2,469.3,move,improve
6801,7,916.5499999999997,2,469.3,swap,notBad
6802,7,916.5499999999997,2,469.3,2opt,notBad
6803,7,916.5499999999997,2,469.3,move,improve
6804,7,916.5499999999997,2,469.3,2opt,notBad
6805,7,916.5499999999997,2,469.3,swap,notBad
6806,7,916.5499999999997,2,469.3,swap,notBad
6807,7,916.5499999999997,2,469.3,2opt,notBad
6808,7,916.5499999999997,2,469.3,move,improve
6809,7,916.5499999999997,2,469.3,2opt,notBad
6810,7,916.5499999999997,2,469.3,move,improve
6811,7,916.5499999999997,2,469.3,move,improve
6812,7,916.5499999999997,2,469.3,2opt,improve
6813,7,916.5499999999997,2,469.3,2opt,notBad
6814,7,916.5499999999997,2,469.3,move,improve
6815,7,916.5499999999997,2,469.3,swap,notBad
6816,7,920.3499999999998,2,469.3,swap,acceptBad
6817,7,920.3499999999998,2,469.3,move,improve
6818,7,920.3499999999998,2,469.3,2opt,improve
6819,7,920.3499999999998,2,469.3,2opt,notBad
6820,7,920.3499999999998,2,469.3,2opt,notBad
6821,7,920.3499999999998,2,469.3,2opt,notBad
6822,7,920.3499999999998,2,469.3,2opt,improve
6823,7,920.3499999999998,2,469.3,swap,notBad
6824,7,920.3499999999998,2,469.3,2opt,improve
6825,7,920.3499999999998,2,469.3,move,improve
6826,7,920.3499999999998,2,469.3,2opt,notBad
6827,7,920.3499999999998,2,469.3,swap,notBad
6828,7,920.3499999999998,2,469.3,move,improve
6829,7,919.5499999999997,2,469.3,move,improve
6830,7,919.5499999999997,2,469.3,swap,notBad
6831,7,919.5499999999997,2,469.3,2opt,notBad
6832,7,919.5499999999997,2,469.3,swap,notBad
6833,7,919.5499999999997,2,469.3,2opt,improve
6834,7,919.5499999999997,2,469.3,swap,notBad
6835,7,919.5499999999997,2,469.3,move,improve
6836,7,919.5499999999997,2,469.3,move,improve
6837,7,919.5499999999997,2,469.3,swap,notBad
6838,7,919.5499999999997,2,469.3,swap,notBad
6839,7,919.5499999999997,2,469.3,swap,notBad
6840,7,919.5499999999997,2,469.3,swap,notBad
6841,7,919.5499999999997,2,469.3,2opt,notBad
6842,7,919.5499999999997,2,469.3,2opt,notBad
6843,7,919.5499999999997,2,469.3,swap,notBad
6844,7,919.5499999999997,2,469.3,move,improve
6845,7,919.5499999999997,2,469.3,swap,notBad
6846,7,919.5499999999997,2,469.3,move,improve
6847,7,919.5499999999997,2,469.3,2opt,notBad
6848,7,919.5499999999997,2,469.3,2opt,notBad
6849,7,919.5499999999997,2,469.3,move,improve
6850,7,919.5499999999997,2,469.3,swap,notBad
6851,7,919.5499999999997,2,469.3,2opt,improve
6852,7,919.5499999999997,2,469.3,swap,notBad
6853,7,919.5499999999997,2,469.3,move,improve
6854,7,919.5499999999997,2,469.3,2opt,notBad
6855,7,919.5499999999997,2,469.3,swap,notBad
6856,7,919.5499999999997,2,469.3,swap,notBad
6857,7,919.5499999999997,2,469.3,2opt,notBad
6858,7,919.5499999999997,2,469.3,swap,notBad
6859,7,919.5499999999997,2,469.3,swap,notBad
6860,7,919.5499999999997,2,469.3,2opt,notBad
6861,7,919.5499999999997,2,469.3,swap,notBad
6862,7,919.5499999999997,2,469.3,move,improve
6863,7,919.5499999999997,2,469.3,2opt,notBad
6864,7,919.5499999999997,2,469.3,swap,notBad
6865,7,919.5499999999997,2,469.3,move,improve
6866,7,919.5499999999997,2,469.3,move,improve
6867,7,919.5499999999997,2,469.3,move,improve
6868,7,919.5499999999997,2,469.3,move,improve
6869,7,919.5499999999997,2,469.3,move,improve
6870,7,919.5499999999997,2,469.3,swap,notBad
6871,7,919.5499999999997,2,469.3,2opt,improve
6872,7,919.5499999999997,2,469.3,move,improve
6873,7,919.5499999999997,2,469.3,move,improve
6874,7,919.5499999999997,2,469.3,swap,notBad
6875,7,919.5499999999997,2,469.3,2opt,notBad
6876,7,919.5499999999997,2,469.3,move,improve
6877,7,919.5499999999997,2,469.3,swap,notBad
6878,7,919.5499999999997,2,469.3,2opt,notBad
6879,7,919.5499999999997,2,469.3,move,improve
6880,7,919.5499999999997,2,469.3,move,improve
6881,7,919.5499999999997,2,469.3,swap,notBad
6882,7,919.5499999999997,2,469.3,move,improve
6883,7,919.5499999999997,2,469.3,2opt,notBad
6884,7,919.5499999999997,2,469.3,2opt,notBad
6885,7,919.5499999999997,2,469.3,swap,notBad
6886,7,919.5499999999997,2,469.3,move,improve
6887,7,919.5499999999997,2,469.3,swap,notBad
6888,7,919.5499999999997,2,469.3,move,improve
6889,7,919.5499999999997,2,469.3,2opt,notBad
6890,7,919.5499999999997,2,469.3,2opt,notBad
6891,7,919.5499999999997,2,469.3,2opt,notBad
6892,7,919.5499999999997,2,469.3,2opt,notBad
6893,7,919.5499999999997,2,469.3,move,improve
6894,7,919.5499999999997,2,469.3,swap,notBad
6895,7,919.5499999999997,2,469.3,2opt,notBad
6896,7,919.5499999999997,2,469.3,swap,notBad
6897,7,919.5499999999997,2,469.3,2opt,notBad
6898,7,919.5499999999997,2,469.3,2opt,improve
6899,7,919.5499999999997,2,469.3,2opt,notBad
6900,7,919.5499999999997,2,469.3,swap,notBad
6901,7,919.5499999999997,2,469.3,swap,notBad
6902,7,919.5499999999997,2,469.3,swap,notBad
6903,7,919.5499999999997,2,469.3,move,improve
6904,7,919.5499999999997,2,469.3,move,improve
6905,7,919.5499999999997,2,469.3,2opt,notBad
6906,7,919.5499999999997,2,469.3,swap,notBad
6907,7,919.5499999999997,2,469.3,move,improve
6908,7,919.5499999999997,2,469.3,2opt,notBad
6909,7,919.5499999999997,2,469.3,2opt,notBad
6910,7,919.5499999999997,2,469.3,2opt,notBad
6911,7,919.5499999999997,2,469.3,2opt,notBad
6912,7,919.5499999999997,2,469.3,2opt,improve
6913,7,919.5499999999997,2,469.3,move,improve
6914,7,919.5499999999997,2,469.3,swap,notBad
6915,7,919.5499999999997,2,469.3,2opt,notBad
6916,7,919.5499999999997,2,469.3,2opt,notBad
6917,7,919.5499999999997,2,469.3,2opt,notBad
6918,7,919.5499999999997,2,469.3,2opt,notBad
6919,7,919.5499999999997,2,469.3,2opt,notBad
6920,7,919.5499999999997,2,469.3,move,improve
6921,7,919.5499999999997,2,469.3,move,improve
6922,7,919.5499999999997,2,469.3,move,improve
6923,7,919.5499999999997,2,469.3,swap,notBad
6924,7,919.5499999999997,2,469.3,swap,notBad
6925,7,919.5499999999997,2,469.3,swap,notBad
6926,7,916.5499999999997,2,469.3,move,improve
6927,7,916.5499999999997,2,469.3,2opt,notBad
6928,7,920.4999999999995,2,469.3,swap,acceptBad
6929,7,920.4999999999995,2,469.3,2opt,improve
6930,7,920.4999999999995,2,469.3,swap,notBad
6931,7,920.4999999999995,2,469.3,swap,notBad
6932,7,920.4999999999995,2,469.3,swap,notBad
6933,7,920.4999999999995,2,469.3,swap,notBad
6934,7,920.4999999999995,2,469.3,swap,notBad
6935,7,920.4999999999995,2,469.3,2opt,notBad
6936,7,920.4999999999995,2,469.3,swap,notBad
6937,7,920.4999999999995,2,469.3,swap,notBad
6938,7,920.4999999999995,2,469.3,swap,notBad
6939,7,920.4999999999995,2,469.3,move,improve
6940,7,920.4999999999995,2,469.3,swap,notBad
6941,7,920.4999999999995,2,469.3,move,improve
6942,7,920.4999999999995,2,469.3,swap,notBad
6943,7,920.4999999999995,2,469.3,move,improve
6944,7,920.4999999999995,2,469.3,move,improve
6945,7,920.4999999999995,2,469.3,swap,notBad
6946,7,920.4999999999995,2,469.3,swap,notBad
6947,7,920.4999999999995,2,469.3,move,improve
6948,7,920.4999999999995,2,469.3,move,improve
6949,7,920.4999999999995,2,469.3,move,improve
6950,7,920.4999999999995,2,469.3,move,notBad
6951,7,920.4999999999995,2,469.3,2opt,notBad
6952,7,920.4999999999995,2,469.3,2opt,improve
6953,7,920.4999999999995,2,469.3,2opt,improve
6954,7,920.4999999999995,2,469.3,swap,notBad
6955,7,920.4999999999995,2,469.3,swap,notBad
6956,7,920.4999999999995,2,469.3,move,improve
6957,7,920.4999999999995,2,469.3,move,improve
6958,7,920.4999999999995,2,469.3,2opt,notBad
6959,7,920.4999999999995,2,469.3,swap,notBad
6960,7,920.4999999999995,2,469.3,move,improve
6961,7,920.4999999999995,2,469.3,2opt,notBad
6962,7,920.4999999999995,2,469.3,2opt,notBad
6963,7,920.4999999999995,2,469.3,swap,notBad
6964,7,920.4999999999995,2,469.3,move,improve
6965,7,920.4999999999995,2,469.3,2opt,notBad
6966,7,920.4999999999995,2,469.3,2opt,notBad
6967,7,920.4999999999995,2,469.3,2opt,notBad
6968,7,920.4999999999995,2,469.3,swap,notBad
6969,7,920.4999999999995,2,469.3,2opt,notBad
6970,7,920.4999999999995,2,469.3,move,improve
6971,7,922.8000000000001,2,469.3,swap,acceptBad
6972,7,922.8000000000001,2,469.3,swap,notBad
6973,7,922.8000000000001,2,469.3,2opt,notBad
6974,7,922.8000000000001,2,469.3,2opt,improve
6975,7,922.8000000000001,2,469.3,2opt,notBad
6976,7,922.8000000000001,2,469.3,2opt,notBad
6977,7,922.8000000000001,2,469.3,2opt,notBad
6978,7,922.8000000000001,2,469.3,2opt,notBad
6979,7,922.8000000000001,2,469.3,swap,notBad
6980,7,924.2,2,469.3,swap,acceptBad
6981,7,924.2,2,469.3,move,improve
6982,7,924.2,2,469.3,2opt,notBad
6983,7,924.2,2,469.3,swap,notBad
6984,7,924.2,2,469.3,2opt,notBad
6985,7,924.2,2,469.3,swap,notBad
6986,7,924.2,2,469.3,2opt,notBad
6987,7,924.2,2,469.3,move,improve
6988,7,924.2,2,469.3,move,improve
6989,7,924.2,2,469.3,move,improve
6990,7,924.2,2,469.3,swap,notBad
6991,7,924.2,2,469.3,move,improve
6992,7,924.2,2,469.3,swap,notBad
6993,7,924.2,2,469.3,swap,notBad
6994,7,924.2,2,469.3,swap,notBad
6995,7,924.2,2,469.3,move,improve
6996,7,924.2,2,469.3,swap,notBad
6997,7,924.2,2,469.3,move,improve
6998,7,924.2,2,469.3,move,improve
6999,7,924.2,2,469.3,2opt,notBad
7000,7,919.2,2,469.3,move,improve
7001,7,919.2,2,469.3,swap,notBad
7002,7,919.2,2,469.3,2opt,notBad
7003,7,919.2,2,469.3,swap,notBad
7004,7,919.2,2,469.3,2opt,notBad
7005,7,919.2,2,469.3,2opt,notBad
7006,7,919.2,2,469.3,2opt,notBad
7007,7,919.2,2,469.3,move,improve
7008,7,919.2,2,469.3,move,improve
7009,7,919.2,2,469.3,swap,notBad
7010,7,919.2,2,469.3,2opt,notBad
7011,7,919.2,2,469.3,move,improve
7012,7,919.2,2,469.3,2opt,notBad
7013,7,919.2,2,469.3,move,improve
7014,7,919.2,2,469.3,2opt,notBad
7015,7,919.2,2,469.3,2opt,notBad
7016,7,919.2,2,469.3,move,improve
7017,7,919.2,2,469.3,2opt,notBad
7018,7,919.2,2,469.3,move,improve
7019,7,919.2,2,469.3,2opt,notBad
7020,7,922.2,2,469.3,swap,acceptBad
7021,7,922.2,2,469.3,2opt,notBad
7022,7,922.2,2,469.3,swap,notBad
7023,7,922.2,2,469.3,swap,notBad
7024,7,922.2,2,469.3,2opt,improve
7025,7,921.7500000000001,2,469.3,move,improve
7026,7,921.7500000000001,2,469.3,move,improve
7027,7,921.7500000000001,2,469.3,move,improve
7028,7,921.7500000000001,2,469.3,move,improve
7029,7,921.7500000000001,2,469.3,swap,notBad
7030,7,921.7500000000001,2,469.3,swap,notBad
7031,7,921.7500000000001,2,469.3,2opt,notBad
7032,7,921.7500000000001,2,469.3,move,improve
7033,7,921.7500000000001,2,469.3,2opt,improve
7034,7,921.7500000000001,2,469.3,swap,notBad
7035,7,921.7500000000001,2,469.3,swap,notBad
7036,7,921.7500000000001,2,469.3,2opt,notBad
7037,7,921.7500000000001,2,469.3,move,improve
7038,7,921.7500000000001,2,469.3,swap,notBad
7039,7,921.7500000000001,2,469.3,swap,notBad
7040,7,921.2999999999998,2,469.3,2opt,improve
7041,7,921.2999999999998,2,469.3,move,improve
7042,7,921.2999999999998,2,469.3,swap,notBad
7043,7,921.2999999999998,2,469.3,swap,notBad
7044,7,921.2999999999998,2,469.3,move,improve
7045,7,921.2999999999998,2,469.3,swap,notBad
7046,7,921.2999999999998,2,469.3,2opt,notBad
7047,7,921.2999999999998,2,469.3,2opt,notBad
7048,7,921.2999999999998,2,469.3,move,improve
7049,7,921.2999999999998,2,469.3,2opt,notBad
7050,7,921.2999999999998,2,469.3,move,improve
7051,7,921.2999999999998,2,469.3,swap,notBad
7052,7,921.2999999999998,2,469.3,swap,notBad
7053,7,921.2999999999998,2,469.3,move,improve
7054,7,921.2999999999998,2,469.3,move,improve
7055,7,921.2999999999998,2,469.3,2opt,notBad
7056,7,921.2999999999998,2,469.3,swap,notBad
7057,7,921.2999999999998,2,469.3,move,improve
7058,7,921.2999999999998,2,469.3,swap,notBad
7059,7,921.2999999999998,2,469.3,swap,notBad
7060,7,921.2999999999998,2,469.3,2opt,improve
7061,7,921.2999999999998,2,469.3,move,improve
7062,7,921.2999999999998,2,469.3,swap,notBad
7063,7,921.2999999999998,2,469.3,swap,notBad
7064,7,921.2999999999998,2,469.3,2opt,notBad
7065,7,921.2999999999998,2,469.3,move,improve
7066,7,921.2999999999998,2,469.3,swap,notBad
7067,7,920.3499999999999,2,469.3,move,improve
7068,7,920.3499999999999,2,469.3,2opt,improve
7069,7,920.3499999999999,2,469.3,2opt,notBad
7070,7,920.3499999999999,2,469.3,swap,notBad
7071,7,920.3499999999999,2,469.3,2opt,notBad
7072,7,920.3499999999999,2,469.3,2opt,notBad
7073,7,920.3499999999999,2,469.3,2opt,notBad
7074,7,920.3499999999999,2,469.3,move,improve
7075,7,920.3499999999999,2,469.3,2opt,notBad
7076,7,920.3499999999999,2,469.3,2opt,notBad
7077,7,920.3499999999999,2,469.3,2opt,notBad
7078,7,920.3499999999999,2,469.3,swap,notBad
7079,7,920.3499999999999,2,469.3,2opt,notBad
7080,7,920.3499999999999,2,469.3,swap,notBad
7081,7,916.0,2,469.3,move,improve
7082,7,916.0,2,469.3,2opt,notBad
7083,7,916.0,2,469.3,2opt,notBad
7084,7,916.0,2,469.3,swap,notBad
7085,7,916.0,2,469.3,swap,notBad
7086,7,916.0,2,469.3,move,improve
7087,7,916.0,2,469.3,move,improve
7088,7,916.0,2,469.3,swap,notBad
7089,7,918.65,2,469.3,swap,acceptBad
7090,7,918.65,2,469.3,2opt,notBad
7091,7,918.65,2,469.3,move,improve
7092,7,918.65,2,469.3,2opt,notBad
7093,7,918.65,2,469.3,2opt,notBad
7094,7,918.65,2,469.3,swap,notBad
7095,7,918.65,2,469.3,move,improve
7096,7,918.65,2,469.3,swap,notBad
7097,7,918.65,2,469.3,swap,notBad
7098,7,918.65,2,469.3,2opt,notBad
7099,7,918.65,2,469.3,2opt,notBad
7100,7,918.65,2,469.3,2opt,notBad
7101,7,918.65,2,469.3,2opt,notBad
7102,7,918.65,2,469.3,swap,notBad
7103,7,918.65,2,469.3,2opt,notBad
7104,7,918.65,2,469.3,move,improve
7105,7,918.65,2,469.3,move,improve
7106,7,918.65,2,469.3,swap,notBad
7107,7,918.65,2,469.3,2opt,notBad
7108,7,918.65,2,469.3,move,improve
7109,7,918.65,2,469.3,move,improve
7110,7,918.65,2,469.3,move,improve
7111,7,918.65,2,469.3,swap,notBad
7112,7,918.65,2,469.3,move,improve
7113,7,918.65,2,469.3,swap,notBad
7114,7,918.65,2,469.3,move,improve
7115,7,918.65,2,469.3,move,improve
7116,7,918.65,2,469.3,move,improve
7117,7,918.65,2,469.3,move,improve
7118,7,918.65,2,469.3,2opt,notBad
7119,7,918.65,2,469.3,2opt,notBad
7120,7,918.65,2,469.3,move,improve
7121,7,918.65,2,469.3,2opt,notBad
7122,7,918.65,2,469.3,swap,notBad
7123,7,918.65,2,469.3,2opt,notBad
7124,7,918.65,2,469.3,move,improve
7125,7,918.65,2,469.3,swap,notBad
7126,7,918.65,2,469.3,move,improve
7127,7,918.65,2,469.3,move,improve
7128,7,918.65,2,469.3,swap,notBad
7129,7,918.65,2,469.3,swap,notBad
7130,7,918.65,2,469.3,2opt,notBad
7131,7,918.65,2,469.3,move,notBad
7132,7,918.65,2,469.3,move,improve
7133,7,918.65,2,469.3,move,improve
7134,7,918.65,2,469.3,swap,notBad
7135,7,915.5999999999999,2,469.3,move,improve
7136,7,915.5999999999999,2,469.3,2opt,notBad
7137,7,915.5999999999999,2,469.3,move,improve
7138,7,915.5999999999999,2,469.3,move,improve
7139,7,915.5999999999999,2,469.3,swap,notBad
7140,7,915.5999999999999,2,469.3,2opt,notBad
7141,7,915.5999999999999,2,469.3,swap,notBad
7142,7,915.5999999999999,2,469.3,swap,notBad
7143,7,915.5999999999999,2,469.3,move,improve
7144,7,915.5999999999999,2,469.3,swap,notBad
7145,7,915.5999999999999,2,469.3,move,improve
7146,7,915.5999999999999,2,469.3,2opt,notBad
7147,7,915.5999999999999,2,469.3,move,improve
7148,7,915.5999999999999,2,469.3,2opt,notBad
7149,7,915.5999999999999,2,469.3,move,improve
7150,7,915.5999999999999,2,469.3,move,improve
7151,7,915.5999999999999,2,469.3,swap,notBad
7152,7,915.5999999999999,2,469.3,move,improve
7153,7,915.5999999999999,2,469.3,2opt,notBad
7154,7,915.5999999999999,2,469.3,2opt,notBad
7155,7,915.5999999999999,2,469.3,swap,notBad
7156,7,915.5999999999999,2,469.3,move,improve
7157,7,915.5999999999999,2,469.3,2opt,notBad
7158,7,915.5999999999999,2,469.3,move,improve
7159,7,915.5999999999999,2,469.3,move,improve
7160,7,915.5999999999999,2,469.3,swap,notBad
7161,7,915.5999999999999,2,469.3,swap,notBad
7162,7,915.5999999999999,2,469.3,move,improve
7163,7,915.5999999999999,2,469.3,swap,notBad
7164,7,915.5999999999999,2,469.3,2opt,notBad
7165,7,915.5999999999999,2,469.3,swap,notBad
7166,7,915.5999999999999,2,469.3,swap,notBad
7167,7,915.5999999999999,2,469.3,swap,notBad
7168,7,915.5999999999999,2,469.3,2opt,notBad
7169,7,915.5999999999999,2,469.3,2opt,notBad
7170,7,915.5999999999999,2,469.3,swap,notBad
7171,7,915.5999999999999,2,469.3,2opt,notBad
7172,7,915.5999999999999,2,469.3,move,improve
7173,7,915.5999999999999,2,469.3,swap,notBad
7174,7,915.5999999999999,2,469.3,move,improve
7175,7,915.5999999999999,2,469.3,swap,notBad
7176,7,915.5999999999999,2,469.3,swap,notBad
7177,7,915.5999999999999,2,469.3,move,improve
7178,7,915.5999999999999,2,469.3,swap,notBad
7179,7,915.5999999999999,2,469.3,2opt,notBad
7180,7,915.5999999999999,2,469.3,swap,notBad
7181,7,915.5999999999999,2,469.3,move,improve
7182,7,915.5999999999999,2,469.3,move,improve
7183,7,915.5999999999999,2,469.3,2opt,notBad
7184,7,915.5999999999999,2,469.3,move,improve
7185,7,915.5999999999999,2,469.3,2opt,notBad
7186,7,915.5999999999999,2,469.3,2opt,notBad
7187,7,915.5999999999999,2,469.3,2opt,notBad
7188,7,915.5999999999999,2,469.3,swap,notBad
7189,7,915.5999999999999,2,469.3,2opt,notBad
7190,7,915.5999999999999,2,469.3,move,improve
7191,7,915.5999999999999,2,469.3,2opt,notBad
7192,7,915.5999999999999,2,469.3,2opt,notBad
7193,7,915.5999999999999,2,469.3,move,improve
7194,7,915.5999999999999,2,469.3,2opt,notBad
7195,7,915.5999999999999,2,469.3,2opt,notBad
7196,7,915.5999999999999,2,469.3,move,improve
7197,7,915.5999999999999,2,469.3,2opt,notBad
7198,7,915.5999999999999,2,469.3,2opt,notBad
7199,7,915.5999999999999,2,469.3,move,improve
7200,7,915.5999999999999,2,469.3,swap,notBad
7201,7,915.5999999999999,2,469.3,swap,notBad
7202,7,915.5999999999999,2,469.3,2opt,notBad
7203,7,915.5999999999999,2,469.3,swap,notBad
7204,7,915.5999999999999,2,469.3,move,improve
7205,7,915.5999999999999,2,469.3,swap,notBad
7206,7,915.5999999999999,2,469.3,2opt,notBad
7207,7,915.5999999999999,2,469.3,move,improve
7208,7,915.5999999999999,2,469.3,move,improve
7209,7,915.5999999999999,2,469.3,2opt,notBad
7210,7,915.5999999999999,2,469.3,2opt,notBad
7211,7,915.5999999999999,2,469.3,2opt,notBad
7212,7,915.5999999999999,2,469.3,swap,notBad
7213,7,915.5999999999999,2,469.3,2opt,notBad
7214,7,915.5999999999999,2,469.3,move,improve
7215,7,915.5999999999999,2,469.3,2opt,notBad
7216,7,915.5999999999999,2,469.3,2opt,notBad
7217,7,915.5999999999999,2,469.3,2opt,notBad
7218,7,915.5999999999999,2,469.3,move,improve
7219,7,915.5999999999999,2,469.3,swap,notBad
7220,7,915.5999999999999,2,469.3,2opt,notBad
7221,7,915.5999999999999,2,469.3,swap,notBad
7222,7,915.5999999999999,2,469.3,move,improve
7223,7,915.5999999999999,2,469.3,swap,notBad
7224,7,915.5999999999999,2,469.3,swap,notBad
7225,7,915.5999999999999,2,469.3,swap,notBad
7226,7,915.5999999999999,2,469.3,2opt,notBad
7227,7,915.5999999999999,2,469.3,move,improve
7228,7,915.5999999999999,2,469.3,swap,notBad
7229,7,915.5999999999999,2,469.3,swap,notBad
7230,7,915.5999999999999,2,469.3,2opt,notBad
7231,7,915.5999999999999,2,469.3,2opt,notBad
7232,7,915.5999999999999,2,469.3,move,improve
7233,7,915.5999999999999,2,469.3,2opt,notBad
7234,7,915.5999999999999,2,469.3,2opt,notBad
7235,7,915.5999999999999,2,469.3,2opt,notBad
7236,7,915.5999999999999,2,469.3,move,improve
7237,7,915.5999999999999,2,469.3,move,improve
7238,7,915.5999999999999,2,469.3,swap,notBad
7239,7,915.5999999999999,2,469.3,move,improve
7240,7,915.5999999999999,2,469.3,move,improve
7241,7,915.5999999999999,2,469.3,move,improve
7242,7,915.5999999999999,2,469.3,move,improve
7243,7,915.5999999999999,2,469.3,swap,notBad
7244,7,915.5999999999999,2,469.3,swap,notBad
7245,7,915.5999999999999,2,469.3,move,improve
7246,7,915.5999999999999,2,469.3,move,improve
7247,7,915.5999999999999,2,469.3,2opt,notBad
7248,7,915.5999999999999,2,469.3,2opt,notBad
7249,7,915.5999999999999,2,469.3,move,improve
7250,7,915.5999999999999,2,469.3,2opt,notBad
7251,7,915.5999999999999,2,469.3,move,improve
7252,7,915.5999999999999,2,469.3,swap,notBad
7253,7,915.5999999999999,2,469.3,swap,notBad
7254,7,915.1499999999999,2,469.3,move,improve
7255,7,915.1499999999999,2,469.3,swap,notBad
7256,7,915.1499999999999,2,469.3,2opt,notBad
7257,7,915.1499999999999,2,469.3,move,improve
7258,7,915.1499999999999,2,469.3,2opt,notBad
7259,7,915.1499999999999,2,469.3,2opt,notBad
7260,7,915.1499999999999,2,469.3,swap,notBad
7261,7,915.1499999999999,2,469.3,move,improve
7262,7,915.1499999999999,2,469.3,move,improve
7263,7,915.1499999999999,2,469.3,move,improve
7264,7,915.1499999999999,2,469.3,2opt,notBad
7265,7,915.1499999999999,2,469.3,move,improve
7266,7,915.1499999999999,2,469.3,move,improve
7267,7,915.1499999999999,2,469.3,2opt,notBad
7268,7,915.1499999999999,2,469.3,swap,notBad
7269,7,915.1499999999999,2,469.3,swap,notBad
7270,7,915.1499999999999,2,469.3,2opt,notBad
7271,7,915.1499999999999,2,469.3,swap,notBad
7272,7,915.1499999999999,2,469.3,2opt,notBad
7273,7,915.1499999999999,2,469.3,swap,notBad
7274,7,915.1499999999999,2,469.3,move,improve
7275,7,915.1499999999999,2,469.3,swap,notBad
7276,7,915.1499999999999,2,469.3,swap,notBad
7277,7,915.1499999999999,2,469.3,move,improve
7278,7,914.8499999999999,2,469.3,swap,improve
7279,7,914.8499999999999,2,469.3,move,improve
7280,7,914.8499999999999,2,469.3,2opt,notBad
7281,7,914.8499999999999,2,469.3,swap,notBad
7282,7,914.8499999999999,2,469.3,2opt,notBad
7283,7,914.8499999999999,2,469.3,move,improve
7284,7,914.8499999999999,2,469.3,2opt,notBad
7285,7,914.8499999999999,2,469.3,move,improve
7286,7,914.8499999999999,2,469.3,2opt,notBad
7287,7,914.8499999999999,2,469.3,2opt,notBad
7288,7,914.8499999999999,2,469.3,move,improve
7289,7,914.8499999999999,2,469.3,swap,notBad
7290,7,914.8499999999999,2,469.3,2opt,notBad
7291,7,914.8499999999999,2,469.3,move,improve
7292,7,914.8499999999999,2,469.3,move,improve
7293,7,914.8499999999999,2,469.3,2opt,notBad
7294,7,914.8499999999999,2,469.3,2opt,notBad
7295,7,914.8499999999999,2,469.3,swap,notBad
7296,7,914.8499999999999,2,469.3,swap,notBad
7297,7,914.8499999999999,2,469.3,swap,notBad
7298,7,914.8499999999999,2,469.3,move,improve
7299,7,914.8499999999999,2,469.3,2opt,notBad
7300,7,914.8499999999999,2,469.3,move,improve
7301,7,914.8499999999999,2,469.3,move,improve
7302,7,914.8499999999999,2,469.3,swap,notBad
7303,7,914.8499999999999,2,469.3,move,improve
7304,7,914.8499999999999,2,469.3,move,improve
7305,7,914.8499999999999,2,469.3,2opt,notBad
7306,7,914.8499999999999,2,469.3,2opt,notBad
7307,7,914.8499999999999,2,469.3,swap,notBad
7308,7,914.8499999999999,2,469.3,move,improve
7309,7,914.8499999999999,2,469.3,move,improve
7310,7,914.8499999999999,2,469.3,2opt,notBad
7311,7,914.8499999999999,2,469.3,move,improve
7312,7,914.8499999999999,2,469.3,2opt,notBad
7313,7,914.8499999999999,2,469.3,swap,notBad
7314,7,914.8499999999999,2,469.3,swap,notBad
7315,7,914.8499999999999,2,469.3,swap,notBad
7316,7,914.8499999999999,2,469.3,move,improve
7317,7,914.8499999999999,2,469.3,move,improve
7318,7,914.8499999999999,2,469.3,2opt,notBad
7319,7,914.8499999999999,2,469.3,2opt,improve
7320,7,914.8499999999999,2,469.3,swap,notBad
7321,7,914.8499999999999,2,469.3,2opt,notBad
7322,7,914.8499999999999,2,469.3,move,improve
7323,7,914.8499999999999,2,469.3,swap,notBad
7324,7,914.8499999999999,2,469.3,swap,notBad
7325,7,914.8499999999999,2,469.3,move,improve
7326,7,914.8499999999999,2,469.3,2opt,notBad
7327,7,914.8499999999999,2,469.3,move,improve
7328,7,914.8499999999999,2,469.3,swap,notBad
7329,7,914.8499999999999,2,469.3,move,improve
7330,7,914.8499999999999,2,469.3,2opt,notBad
7331,7,914.8499999999999,2,469.3,2opt,notBad
7332,7,914.8499999999999,2,469.3,move,improve
7333,7,914.8499999999999,2,469.3,2opt,notBad
7334,7,914.8499999999999,2,469.3,move,improve
7335,7,914.8499999999999,2,469.3,2opt,notBad
7336,7,914.8499999999999,2,469.3,2opt,notBad
7337,7,914.8499999999999,2,469.3,swap,notBad
7338,7,914.8499999999999,2,469.3,move,improve
7339,7,914.8499999999999,2,469.3,swap,notBad
7340,7,914.8499999999999,2,469.3,2opt,notBad
7341,7,914.8499999999999,2,469.3,swap,notBad
7342,7,914.8499999999999,2,469.3,move,improve
7343,7,914.8499999999999,2,469.3,2opt,notBad
7344,7,914.8499999999999,2,469.3,swap,notBad
7345,7,914.8499999999999,2,469.3,move,improve
7346,7,914.8499999999999,2,469.3,move,improve
7347,7,914.8499999999999,2,469.3,swap,notBad
7348,7,914.8499999999999,2,469.3,swap,notBad
7349,7,914.8499999999999,2,469.3,swap,notBad
7350,7,914.8499999999999,2,469.3,2opt,improve
7351,7,914.8499999999999,2,469.3,swap,notBad
7352,7,914.8499999999999,2,469.3,2opt,notBad
7353,7,914.8499999999999,2,469.3,move,improve
7354,7,914.8499999999999,2,469.3,swap,notBad
7355,7,914.8499999999999,2,469.3,swap,notBad
7356,7,914.8499999999999,2,469.3,2opt,notBad
7357,7,914.8499999999999,2,469.3,swap,notBad
7358,7,914.8499999999999,2,469.3,swap,notBad
7359,7,914.8499999999999,2,469.3,move,improve
7360,7,914.8499999999999,2,469.3,2opt,notBad
7361,7,914.8499999999999,2,469.3,2opt,notBad
7362,7,914.8499999999999,2,469.3,2opt,notBad
7363,7,914.8499999999999,2,469.3,swap,notBad
7364,7,914.8499999999999,2,469.3,swap,notBad
7365,7,914.8499999999999,2,469.3,2opt,notBad
7366,7,914.8499999999999,2,469.3,swap,notBad
7367,7,914.8499999999999,2,469.3,move,improve
7368,7,914.8499999999999,2,469.3,swap,notBad
7369,7,914.8499999999999,2,469.3,swap,notBad
7370,7,914.8499999999999,2,469.3,2opt,notBad
7371,7,914.8499999999999,2,469.3,move,improve
7372,7,914.8499999999999,2,469.3,2opt,notBad
7373,7,914.8499999999999,2,469.3,2opt,notBad
7374,7,914.8499999999999,2,469.3,swap,notBad
7375,7,914.8499999999999,2,469.3,move,improve
7376,7,914.8499999999999,2,469.3,2opt,notBad
7377,7,914.8499999999999,2,469.3,move,improve
7378,7,914.8499999999999,2,469.3,2opt,notBad
7379,7,914.8499999999999,2,469.3,swap,notBad
7380,7,914.8499999999999,2,469.3,2opt,notBad
7381,7,914.8499999999999,2,469.3,2opt,notBad
7382,7,914.8499999999999,2,469.3,2opt,notBad
7383,7,914.8499999999999,2,469.3,move,improve
7384,7,914.8499999999999,2,469.3,swap,notBad
7385,7,914.8499999999999,2,469.3,move,improve
7386,7,914.8499999999999,2,469.3,2opt,notBad
7387,7,914.8499999999999,2,469.3,move,improve
7388,7,914.8499999999999,2,469.3,swap,notBad
7389,7,914.8499999999999,2,469.3,swap,notBad
7390,7,914.8499999999999,2,469.3,2opt,notBad
7391,7,914.8499999999999,2,469.3,move,improve
7392,7,914.8499999999999,2,469.3,move,improve
7393,7,914.8499999999999,2,469.3,move,improve
7394,7,914.8499999999999,2,469.3,swap,notBad
7395,7,914.8499999999999,2,469.3,swap,notBad
7396,7,914.8499999999999,2,469.3,swap,notBad
7397,7,914.8499999999999,2,469.3,2opt,notBad
7398,7,914.8499999999999,2,469.3,swap,notBad
7399,7,914.8499999999999,2,469.3,move,improve
7400,7,914.8499999999999,2,469.3,swap,notBad
7401,7,914.8499999999999,2,469.3,swap,notBad
7402,7,914.8499999999999,2,469.3,move,improve
7403,7,914.8499999999999,2,469.3,swap,notBad
7404,7,914.8499999999999,2,469.3,swap,notBad
7405,7,914.8499999999999,2,469.3,swap,notBad
7406,7,914.8499999999999,2,469.3,2opt,notBad
7407,7,914.8499999999999,2,469.3,2opt,notBad
7408,7,914.8499999999999,2,469.3,2opt,notBad
7409,7,914.8499999999999,2,469.3,move,improve
7410,7,914.8499999999999,2,469.3,2opt,notBad
7411,7,914.8499999999999,2,469.3,move,improve
7412,7,914.8499999999999,2,469.3,move,improve
7413,7,914.8499999999999,2,469.3,2opt,notBad
7414,7,914.8499999999999,2,469.3,2opt,notBad
7415,7,914.8499999999999,2,469.3,2opt,improve
7416,7,914.8499999999999,2,469.3,swap,notBad
7417,7,914.8499999999999,2,469.3,move,improve
7418,7,914.8499999999999,2,469.3,swap,notBad
7419,7,914.8499999999999,2,469.3,2opt,notBad
7420,7,914.8499999999999,2,469.3,2opt,improve
7421,7,914.8499999999999,2,469.3,2opt,improve
7422,7,914.8499999999999,2,469.3,swap,notBad
7423,7,914.8499999999999,2,469.3,move,improve
7424,7,914.8499999999999,2,469.3,2opt,notBad
7425,7,914.8499999999999,2,469.3,swap,notBad
7426,7,914.8499999999999,2,469.3,2opt,notBad
7427,7,914.8499999999999,2,469.3,swap,notBad
7428,7,914.8499999999999,2,469.3,swap,notBad
7429,7,914.8499999999999,2,469.3,swap,notBad
7430,7,914.8499999999999,2,469.3,move,improve
7431,7,914.8499999999999,2,469.3,swap,notBad
7432,7,914.8499999999999,2,469.3,move,improve
7433,7,914.8499999999999,2,469.3,2opt,improve
7434,7,914.8499999999999,2,469.3,move,improve
7435,7,914.8499999999999,2,469.3,swap,notBad
7436,7,914.8499999999999,2,469.3,swap,notBad
7437,7,914.8499999999999,2,469.3,move,improve
7438,7,914.8499999999999,2,469.3,move,improve
7439,7,914.8499999999999,2,469.3,2opt,notBad
7440,7,915.6499999999999,2,469.3,swap,acceptBad
7441,7,915.6499999999999,2,469.3,move,improve
7442,7,915.6499999999999,2,469.3,move,improve
7443,7,915.6499999999999,2,469.3,move,improve
7444,7,915.6499999999999,2,469.3,swap,notBad
7445,7,915.6499999999999,2,469.3,2opt,notBad
7446,7,915.6499999999999,2,469.3,move,improve
7447,7,915.6499999999999,2,469.3,move,improve
7448,7,915.6499999999999,2,469.3,move,improve
7449,7,915.6499999999999,2,469.3,move,improve
7450,7,915.6499999999999,2,469.3,move,improve
7451,7,915.6499999999999,2,469.3,2opt,notBad
7452,7,915.6499999999999,2,469.3,move,improve
7453,7,915.6499999999999,2,469.3,swap,notBad
7454,7,915.6499999999999,2,469.3,2opt,notBad
7455,7,915.6499999999999,2,469.3,move,improve
7456,7,915.6499999999999,2,469.3,2opt,notBad
7457,7,915.6499999999999,2,469.3,swap,notBad
7458,7,915.6499999999999,2,469.3,move,improve
7459,7,915.6499999999999,2,469.3,2opt,notBad
7460,7,915.6499999999999,2,469.3,swap,notBad
7461,7,915.6499999999999,2,469.3,2opt,notBad
7462,7,915.6499999999999,2,469.3,swap,notBad
7463,7,915.6499999999999,2,469.3,move,improve
7464,7,917.0499999999998,2,469.3,swap,acceptBad
7465,7,917.0499999999998,2,469.3,move,improve
7466,7,917.0499999999998,2,469.3,swap,notBad
7467,7,917.0499999999998,2,469.3,swap,notBad
7468,7,917.0499999999998,2,469.3,move,improve
7469,7,917.0499999999998,2,469.3,2opt,notBad
7470,7,917.0499999999998,2,469.3,swap,notBad
7471,7,917.0499999999998,2,469.3,swap,notBad
7472,7,917.0499999999998,2,469.3,2opt,notBad
7473,7,917.0499999999998,2,469.3,2opt,notBad
7474,7,917.0499999999998,2,469.3,move,improve
7475,7,917.0499999999998,2,469.3,move,improve
7476,7,917.0499999999998,2,469.3,move,improve
7477,7,917.0499999999998,2,469.3,swap,notBad
7478,7,917.0499999999998,2,469.3,swap,notBad
7479,7,917.0499999999998,2,469.3,2opt,notBad
7480,7,917.0499999999998,2,469.3,swap,notBad
7481,7,917.0499999999998,2,469.3,move,improve
7482,7,919.1499999999999,2,469.3,swap,acceptBad
7483,7,919.1499999999999,2,469.3,2opt,improve
7484,7,919.1499999999999,2,469.3,2opt,notBad
7485,7,919.1499999999999,2,469.3,swap,notBad
7486,7,919.1499999999999,2,469.3,move,improve
7487,7,919.1499999999999,2,469.3,swap,notBad
7488,7,919.1499999999999,2,469.3,2opt,notBad
7489,7,919.1499999999999,2,469.3,move,improve
7490,7,919.1499999999999,2,469.3,swap,notBad
7491,7,916.0999999999999,2,469.3,swap,improve
7492,7,915.7,2,469.3,move,improve
7493,7,915.7,2,469.3,2opt,notBad
7494,7,915.7,2,469.3,move,improve
7495,7,915.7,2,469.3,swap,notBad
7496,7,915.7,2,469.3,swap,notBad
7497,7,915.7,2,469.3,move,improve
7498,7,915.7,2,469.3,2opt,notBad
7499,7,915.7,2,469.3,2opt,notBad
7500,7,915.7,2,469.3,2opt,notBad
7501,7,915.7,2,469.3,move,improve
7502,7,915.7,2,469.3,move,improve
7503,7,915.7,2,469.3,2opt,notBad
7504,7,915.7,2,469.3,swap,notBad
7505,7,915.7,2,469.3,2opt,notBad
7506,7,915.7,2,469.3,move,improve
7507,7,915.7,2,469.3,2opt,notBad
7508,7,915.7,2,469.3,2opt,notBad
7509,7,915.7,2,469.3,move,improve
7510,7,915.7,2,469.3,swap,notBad
7511,7,915.7,2,469.3,move,improve
7512,7,915.7,2,469.3,swap,notBad
7513,7,915.7,2,469.3,2opt,notBad
7514,7,915.7,2,469.3,move,improve
7515,7,915.7,2,469.3,swap,notBad
7516,7,915.7,2,469.3,2opt,notBad
7517,7,915.7,2,469.3,swap,notBad
7518,7,915.7,2,469.3,swap,notBad
7519,7,915.7,2,469.3,swap,notBad
7520,7,915.7,2,469.3,2opt,notBad
7521,7,915.7,2,469.3,swap,notBad
7522,7,915.7,2,469.3,2opt,notBad
7523,7,917.0000000000001,2,469.3,2opt,acceptBad
7524,7,917.0000000000001,2,469.3,swap,notBad
7525,7,917.0000000000001,2,469.3,2opt,improve
7526,7,917.0000000000001,2,469.3,move,improve
7527,7,917.0000000000001,2,469.3,move,improve
7528,7,917.0000000000001,2,469.3,swap,notBad
7529,7,917.0000000000001,2,469.3,2opt,improve
7530,7,917.0000000000001,2,469.3,2opt,improve
7531,7,917.0000000000001,2,469.3,swap,notBad
7532,7,917.0000000000001,2,469.3,2opt,notBad
7533,7,917.0000000000001,2,469.3,swap,notBad
7534,7,917.0000000000001,2,469.3,2opt,notBad
7535,7,917.0000000000001,2,469.3,move,improve
7536,7,917.0000000000001,2,469.3,2opt,improve
7537,7,916.5500000000002,2,469.3,move,improve
7538,7,916.5500000000002,2,469.3,2opt,notBad
7539,7,916.5500000000002,2,469.3,move,improve
7540,7,916.5500000000002,2,469.3,move,improve
7541,7,916.5500000000002,2,469.3,swap,notBad
7542,7,916.5500000000002,2,469.3,2opt,notBad
7543,7,916.5500000000002,2,469.3,swap,notBad
7544,7,916.5500000000002,2,469.3,2opt,notBad
7545,7,916.5500000000002,2,469.3,swap,notBad
7546,7,916.5500000000002,2,469.3,move,improve
7547,7,916.5500000000002,2,469.3,2opt,notBad
7548,7,916.5500000000002,2,469.3,move,improve
7549,7,916.5500000000002,2,469.3,move,improve
7550,7,916.5500000000002,2,469.3,swap,notBad
7551,7,916.5500000000002,2,469.3,swap,notBad
7552,7,916.5500000000002,2,469.3,2opt,notBad
7553,7,916.5500000000002,2,469.3,2opt,notBad
7554,7,916.5500000000002,2,469.3,2opt,notBad
7555,7,916.5500000000002,2,469.3,move,improve
7556,7,916.5500000000002,2,469.3,swap,notBad
7557,7,916.5500000000002,2,469.3,swap,notBad
7558,7,916.5500000000002,2,469.3,2opt,notBad
7559,7,916.5500000000002,2,469.3,move,improve
7560,7,916.5500000000002,2,469.3,swap,notBad
7561,7,916.5500000000002,2,469.3,move,improve
7562,7,916.5500000000002,2,469.3,move,improve
7563,7,916.5500000000002,2,469.3,swap,notBad
7564,7,916.5500000000002,2,469.3,move,improve
7565,7,916.5500000000002,2,469.3,2opt,notBad
7566,7,916.5500000000002,2,469.3,2opt,notBad
7567,7,916.5500000000002,2,469.3,2opt,improve
7568,7,916.5500000000002,2,469.3,move,improve
7569,7,916.5500000000002,2,469.3,2opt,notBad
7570,7,916.5500000000002,2,469.3,2opt,notBad
7571,7,916.5500000000002,2,469.3,2opt,notBad
7572,7,916.5500000000002,2,469.3,swap,notBad
7573,7,916.5500000000002,2,469.3,swap,notBad
7574,7,916.5500000000002,2,469.3,move,improve
7575,7,916.5500000000002,2,469.3,2opt,notBad
7576,7,916.5500000000002,2,469.3,swap,notBad
7577,7,916.5500000000002,2,469.3,swap,notBad
7578,7,916.5500000000002,2,469.3,swap,notBad
7579,7,916.5500000000002,2,469.3,move,improve
7580,7,916.5500000000002,2,469.3,2opt,notBad
7581,7,916.5500000000002,2,469.3,move,improve
7582,7,916.5500000000002,2,469.3,2opt,notBad
7583,7,916.5500000000002,2,469.3,swap,notBad
7584,7,922.3,2,469.3,swap,acceptBad
7585,7,922.3,2,469.3,swap,notBad
7586,7,922.3,2,469.3,2opt,notBad
7587,7,922.3,2,469.3,move,improve
7588,7,922.3,2,469.3,2opt,notBad
7589,7,922.3,2,469.3,move,improve
7590,7,927.2,2,469.3,swap,acceptBad
7591,7,927.2,2,469.3,swap,notBad
7592,7,927.2,2,469.3,2opt,notBad
7593,7,927.2,2,469.3,2opt,notBad
7594,7,927.2,2,469.3,2opt,notBad
7595,7,927.2,2,469.3,move,improve
7596,7,927.2,2,469.3,swap,notBad
7597,7,927.2,2,469.3,swap,notBad
7598,7,927.2,2,469.3,2opt,notBad
7599,7,927.2,2,469.3,2opt,notBad
7600,7,927.2,2,469.3,move,improve
7601,7,927.2,2,469.3,2opt,notBad
7602,7,927.2,2,469.3,2opt,notBad
7603,7,927.2,2,469.3,2opt,notBad
7604,7,927.2,2,469.3,2opt,notBad
7605,7,927.2,2,469.3,swap,notBad
7606,7,927.2,2,469.3,2opt,notBad
7607,7,927.2,2,469.3,2opt,notBad
7608,7,927.2,2,469.3,move,improve
7609,7,927.2,2,469.3,2opt,notBad
7610,7,927.2,2,469.3,move,improve
7611,7,927.2,2,469.3,swap,notBad
7612,7,927.2,2,469.3,move,improve
7613,7,927.2,2,469.3,2opt,notBad
7614,7,927.2,2,469.3,2opt,notBad
7615,7,927.2,2,469.3,2opt,notBad
7616,7,929.1499999999999,2,469.3,move,acceptBad
7617,7,929.1499999999999,2,469.3,swap,notBad
7618,7,929.1499999999999,2,469.3,swap,notBad
7619,7,929.1499999999999,2,469.3,move,improve
7620,7,929.1499999999999,2,469.3,swap,notBad
7621,7,929.1499999999999,2,469.3,2opt,notBad
7622,7,929.1499999999999,2,469.3,swap,notBad
7623,7,929.1499999999999,2,469.3,2opt,notBad
7624,7,929.1499999999999,2,469.3,2opt,notBad
7625,7,929.1499999999999,2,469.3,swap,notBad
7626,7,929.1499999999999,2,469.3,2opt,notBad
7627,7,929.1499999999999,2,469.3,move,improve
7628,7,929.1499999999999,2,469.3,move,improve
7629,7,929.1499999999999,2,469.3,2opt,notBad
7630,7,929.1499999999999,2,469.3,swap,notBad
7631,7,929.1499999999999,2,469.3,swap,notBad
7632,7,929.1499999999999,2,469.3,swap,notBad
7633,7,929.1499999999999,2,469.3,2opt,notBad
7634,7,929.1499999999999,2,469.3,2opt,notBad
7635,7,929.1499999999999,2,469.3,swap,notBad
7636,7,929.1499999999999,2,469.3,2opt,notBad
7637,7,929.1499999999999,2,469.3,swap,notBad
7638,7,929.1499999999999,2,469.3,move,improve
7639,7,929.1499999999999,2,469.3,2opt,notBad
7640,7,929.1499999999999,2,469.3,2opt,notBad
7641,7,929.1499999999999,2,469.3,swap,notBad
7642,7,929.1499999999999,2,469.3,2opt,notBad
7643,7,929.1499999999999,2,469.3,2opt,notBad
7644,7,929.1499999999999,2,469.3,move,improve
7645,7,929.1499999999999,2,469.3,2opt,notBad
7646,7,929.1499999999999,2,469.3,move,improve
7647,7,929.1499999999999,2,469.3,swap,notBad
7648,7,929.1499999999999,2,469.3,move,improve
7649,7,929.1499999999999,2,469.3,swap,notBad
7650,7,929.1499999999999,2,469.3,2opt,notBad
7651,7,929.1499999999999,2,469.3,move,improve
7652,7,929.1499999999999,2,469.3,swap,notBad
7653,7,929.1499999999999,2,469.3,move,improve
7654,7,930.9499999999998,2,469.3,swap,acceptBad
7655,7,930.9499999999998,2,469.3,swap,notBad
7656,7,930.9499999999998,2,469.3,swap,notBad
7657,7,930.9499999999998,2,469.3,move,improve
7658,7,930.9499999999998,2,469.3,2opt,notBad
7659,7,930.9499999999998,2,469.3,move,improve
7660,7,930.9499999999998,2,469.3,2opt,notBad
7661,7,930.9499999999998,2,469.3,swap,notBad
7662,7,930.9499999999998,2,469.3,move,improve
7663,7,930.9499999999998,2,469.3,swap,notBad
7664,7,930.9499999999998,2,469.3,swap,notBad
7665,7,930.9499999999998,2,469.3,move,improve
7666,7,930.9499999999998,2,469.3,2opt,notBad
7667,7,930.9499999999998,2,469.3,swap,notBad
7668,7,936.2999999999997,2,469.3,swap,acceptBad
7669,7,936.2999999999997,2,469.3,move,improve
7670,7,931.3999999999996,2,469.3,move,improve
7671,7,931.3999999999996,2,469.3,move,improve
7672,7,931.3999999999996,2,469.3,move,improve
7673,7,931.3999999999996,2,469.3,swap,notBad
7674,7,931.3999999999996,2,469.3,2opt,notBad
7675,7,931.3999999999996,2,469.3,move,improve
7676,7,931.3999999999996,2,469.3,2opt,notBad
7677,7,931.3999999999996,2,469.3,swap,notBad
7678,7,931.3999999999996,2,469.3,2opt,notBad
7679,7,931.3999999999996,2,469.3,move,improve
7680,7,931.3999999999996,2,469.3,move,improve
7681,7,931.3999999999996,2,469.3,swap,notBad
7682,7,931.3999999999996,2,469.3,2opt,notBad
7683,7,931.3999999999996,2,469.3,swap,notBad
7684,7,931.3999999999996,2,469.3,move,improve
7685,7,931.3999999999996,2,469.3,move,improve
7686,7,931.3999999999996,2,469.3,2opt,notBad
7687,7,931.3999999999996,2,469.3,2opt,notBad
7688,7,931.3999999999996,2,469.3,move,improve
7689,7,931.3999999999996,2,469.3,move,improve
7690,7,931.3999999999996,2,469.3,2opt,notBad
7691,7,931.3999999999996,2,469.3,swap,notBad
7692,7,931.3999999999996,2,469.3,move,improve
7693,7,931.3999999999996,2,469.3,2opt,notBad
7694,7,931.3999999999996,2,469.3,2opt,notBad
7695,7,929.7499999999998,2,469.3,move,improve
7696,7,929.7499999999998,2,469.3,2opt,notBad
7697,7,929.7499999999998,2,469.3,swap,notBad
7698,7,929.7499999999998,2,469.3,2opt,notBad
7699,7,929.7499999999998,2,469.3,2opt,notBad
7700,7,929.7499999999998,2,469.3,swap,notBad
7701,7,929.7499999999998,2,469.3,swap,notBad
7702,7,929.7499999999998,2,469.3,2opt,notBad
7703,7,929.7499999999998,2,469.3,swap,notBad
7704,7,929.7499999999998,2,469.3,2opt,notBad
7705,7,929.7499999999998,2,469.3,swap,notBad
7706,7,929.7499999999998,2,469.3,move,improve
7707,7,929.7499999999998,2,469.3,move,improve
7708,7,929.7499999999998,2,469.3,swap,notBad
7709,7,929.2999999999996,2,469.3,swap,improve
7710,7,929.2999999999996,2,469.3,move,improve
7711,7,929.2999999999996,2,469.3,move,improve
7712,7,929.2999999999996,2,469.3,2opt,notBad
7713,7,929.2999999999996,2,469.3,move,improve
7714,7,930.9499999999995,2,469.3,move,acceptBad
7715,7,930.9499999999995,2,469.3,2opt,notBad
7716,7,930.9499999999995,2,469.3,swap,notBad
7717,7,929.2499999999995,2,469.3,move,improve
7718,7,929.2499999999995,2,469.3,move,improve
7719,7,929.2499999999995,2,469.3,2opt,notBad
7720,7,929.2499999999995,2,469.3,2opt,notBad
7721,7,934.1999999999997,2,469.3,swap,acceptBad
7722,7,934.1999999999997,2,469.3,swap,notBad
7723,7,934.1999999999997,2,469.3,move,improve
7724,7,934.1999999999997,2,469.3,swap,notBad
7725,7,934.1999999999997,2,469.3,swap,notBad
7726,7,934.1999999999997,2,469.3,2opt,improve
7727,7,934.1999999999997,2,469.3,move,improve
7728,7,934.1999999999997,2,469.3,2opt,notBad
7729,7,934.1999999999997,2,469.3,swap,notBad
7730,7,934.1999999999997,2,469.3,swap,notBad
7731,7,934.1999999999997,2,469.3,2opt,notBad
7732,7,934.1999999999997,2,469.3,2opt,improve
7733,7,932.3999999999997,2,469.3,swap,improve
7734,7,932.3999999999997,2,469.3,swap,notBad
7735,7,932.3999999999997,2,469.3,2opt,improve
7736,7,932.3999999999997,2,469.3,swap,notBad
7737,7,932.3999999999997,2,469.3,move,improve
7738,7,932.3999999999997,2,469.3,swap,notBad
7739,7,932.3999999999997,2,469.3,move,improve
7740,7,932.3999999999997,2,469.3,move,improve
7741,7,932.3999999999997,2,469.3,move,improve
7742,7,932.3999999999997,2,469.3,move,improve
7743,7,932.3999999999997,2,469.3,move,improve
7744,7,932.3999999999997,2,469.3,swap,notBad
7745,7,932.3999999999997,2,469.3,swap,notBad
7746,7,932.3999999999997,2,469.3,swap,notBad
7747,7,932.3999999999997,2,469.3,move,improve
7748,7,932.3999999999997,2,469.3,swap,notBad
7749,7,932.3999999999997,2,469.3,move,improve
7750,7,932.3999999999997,2,469.3,move,improve
7751,7,932.3999999999997,2,469.3,2opt,notBad
7752,7,932.3999999999997,2,469.3,move,improve
7753,7,932.3999999999997,2,469.3,2opt,improve
7754,7,932.3999999999997,2,469.3,move,improve
7755,7,932.3999999999997,2,469.3,swap,notBad
7756,7,932.3999999999997,2,469.3,move,improve
7757,7,932.3999999999997,2,469.3,move,improve
7758,7,932.3999999999997,2,469.3,swap,notBad
7759,7,932.3999999999997,2,469.3,swap,notBad
7760,7,932.3999999999997,2,469.3,move,improve
7761,7,932.3999999999997,2,469.3,2opt,notBad
7762,7,932.3999999999997,2,469.3,move,improve
7763,7,932.3999999999997,2,469.3,swap,notBad
7764,7,932.3999999999997,2,469.3,swap,notBad
7765,7,932.3999999999997,2,469.3,move,improve
7766,7,931.2999999999997,2,469.3,move,improve
7767,7,931.2999999999997,2,469.3,2opt,notBad
7768,7,931.2999999999997,2,469.3,swap,notBad
7769,7,931.2999999999997,2,469.3,move,improve
7770,7,931.2999999999997,2,469.3,move,improve
7771,7,931.2999999999997,2,469.3,swap,notBad
7772,7,931.2999999999997,2,469.3,move,improve
7773,7,931.2999999999997,2,469.3,swap,notBad
7774,7,931.2999999999997,2,469.3,2opt,notBad
7775,7,931.2999999999997,2,469.3,swap,notBad
7776,7,931.2999999999997,2,469.3,2opt,notBad
7777,7,931.2999999999997,2,469.3,2opt,notBad
7778,7,931.2999999999997,2,469.3,2opt,notBad
7779,7,931.2999999999997,2,469.3,2opt,notBad
7780,7,931.2999999999997,2,469.3,swap,notBad
7781,7,931.2999999999997,2,469.3,swap,notBad
7782,7,931.2999999999997,2,469.3,2opt,notBad
7783,7,931.2999999999997,2,469.3,move,improve
7784,7,931.2999999999997,2,469.3,swap,notBad
7785,7,931.2999999999997,2,469.3,2opt,notBad
7786,7,931.2999999999997,2,469.3,2opt,notBad
7787,7,931.2999999999997,2,469.3,2opt,notBad
7788,7,931.2999999999997,2,469.3,move,improve
7789,7,931.2999999999997,2,469.3,2opt,notBad
7790,7,931.2999999999997,2,469.3,2opt,notBad
7791,7,931.2999999999997,2,469.3,2opt,notBad
7792,7,931.2999999999997,2,469.3,2opt,notBad
7793,7,931.2999999999997,2,469.3,2opt,notBad
7794,7,931.2999999999997,2,469.3,move,improve
7795,7,931.2999999999997,2,469.3,swap,notBad
7796,7,931.2999999999997,2,469.3,swap,notBad
7797,7,931.2999999999997,2,469.3,2opt,notBad
7798,7,931.2999999999997,2,469.3,move,improve
7799,7,931.2999999999997,2,469.3,swap,notBad
7800,7,931.2999999999997,2,469.3,swap,notBad
7801,7,931.2999999999997,2,469.3,move,improve
7802,7,931.2999999999997,2,469.3,swap,notBad
7803,7,931.2999999999997,2,469.3,2opt,notBad
7804,7,931.2999999999997,2,469.3,swap,notBad
7805,7,931.2999999999997,2,469.3,swap,notBad
7806,7,931.2999999999997,2,469.3,swap,notBad
7807,7,931.2999999999997,2,469.3,move,improve
7808,7,931.7499999999998,2,469.3,swap,acceptBad
7809,7,931.7499999999998,2,469.3,2opt,notBad
7810,7,931.7499999999998,2,469.3,move,improve
7811,7,931.7499999999998,2,469.3,move,improve
7812,7,931.7499999999998,2,469.3,move,improve
7813,7,931.7499999999998,2,469.3,2opt,notBad
7814,7,931.7499999999998,2,469.3,2opt,notBad
7815,7,931.7499999999998,2,469.3,swap,notBad
7816,7,931.7499999999998,2,469.3,2opt,notBad
7817,7,931.7499999999998,2,469.3,move,improve
7818,7,931.7499999999998,2,469.3,2opt,notBad
7819,7,931.7499999999998,2,469.3,swap,notBad
7820,7,931.7499999999998,2,469.3,2opt,notBad
7821,7,931.7499999999998,2,469.3,2opt,notBad
7822,7,931.7499999999998,2,469.3,2opt,notBad
7823,7,931.7499999999998,2,469.3,2opt,notBad
7824,7,931.7499999999998,2,469.3,swap,notBad
7825,7,931.7499999999998,2,469.3,2opt,notBad
7826,7,931.7499999999998,2,469.3,move,improve
7827,7,931.7499999999998,2,469.3,move,improve
7828,7,931.7499999999998,2,469.3,swap,notBad
7829,7,931.7499999999998,2,469.3,move,improve
7830,7,931.7499999999998,2,469.3,swap,notBad
7831,7,930.0999999999999,2,469.3,move,improve
7832,7,930.0999999999999,2,469.3,move,improve
7833,7,930.0999999999999,2,469.3,move,improve
7834,7,930.0999999999999,2,469.3,swap,notBad
7835,7,930.0999999999999,2,469.3,move,improve
7836,7,930.0999999999999,2,469.3,move,improve
7837,7,930.0999999999999,2,469.3,2opt,notBad
7838,7,930.0999999999999,2,469.3,move,improve
7839,7,930.0999999999999,2,469.3,move,improve
7840,7,930.0999999999999,2,469.3,2opt,improve
7841,7,930.0999999999999,2,469.3,swap,notBad
7842,7,930.0999999999999,2,469.3,2opt,notBad
7843,7,929.6499999999999,2,469.3,move,improve
7844,7,929.6499999999999,2,469.3,swap,notBad
7845,7,929.6499999999999,2,469.3,move,improve
7846,7,931.2999999999997,2,469.3,move,acceptBad
7847,7,931.2999999999997,2,469.3,2opt,notBad
7848,7,931.2999999999997,2,469.3,2opt,notBad
7849,7,931.2999999999997,2,469.3,move,improve
7850,7,931.2999999999997,2,469.3,2opt,notBad
7851,7,931.7999999999997,2,469.3,swap,acceptBad
7852,7,931.7999999999997,2,469.3,swap,notBad
7853,7,931.7999999999997,2,469.3,move,improve
7854,7,931.7999999999997,2,469.3,2opt,notBad
7855,7,931.7999999999997,2,469.3,move,improve
7856,7,931.7999999999997,2,469.3,2opt,notBad
7857,7,931.7999999999997,2,469.3,2opt,notBad
7858,7,931.7999999999997,2,469.3,move,improve
7859,7,931.7999999999997,2,469.3,2opt,notBad
7860,7,931.7999999999997,2,469.3,2opt,improve
7861,7,931.7999999999997,2,469.3,swap,notBad
7862,7,931.7999999999997,2,469.3,swap,notBad
7863,7,931.7999999999997,2,469.3,move,improve
7864,7,931.7999999999997,2,469.3,swap,notBad
7865,7,931.7999999999997,2,469.3,swap,notBad
7866,7,931.7999999999997,2,469.3,move,improve
7867,7,931.7999999999997,2,469.3,move,improve
7868,7,931.7999999999997,2,469.3,swap,notBad
7869,7,931.7999999999997,2,469.3,2opt,notBad
7870,7,931.7999999999997,2,469.3,swap,notBad
7871,7,931.7999999999997,2,469.3,swap,notBad
7872,7,931.7999999999997,2,469.3,move,improve
7873,7,931.7999999999997,2,469.3,swap,notBad
7874,7,931.7999999999997,2,469.3,swap,notBad
7875,7,931.7999999999997,2,469.3,swap,notBad
7876,7,931.7999999999997,2,469.3,move,improve
7877,7,932.7999999999998,2,469.3,swap,acceptBad
7878,7,932.7999999999998,2,469.3,swap,notBad
7879,7,932.7999999999998,2,469.3,2opt,notBad
7880,7,932.7999999999998,2,469.3,swap,notBad
7881,7,932.7999999999998,2,469.3,2opt,notBad
7882,7,932.7999999999998,2,469.3,swap,notBad
7883,7,932.7999999999998,2,469.3,move,improve
7884,7,932.7999999999998,2,469.3,swap,notBad
7885,7,932.7999999999998,2,469.3,swap,notBad
7886,7,932.7999999999998,2,469.3,2opt,notBad
7887,7,932.7999999999998,2,469.3,2opt,notBad
7888,7,931.5,2,469.3,swap,improve
7889,7,931.5,2,469.3,2opt,notBad
7890,7,931.5,2,469.3,swap,notBad
7891,7,931.5,2,469.3,move,improve
7892,7,931.5,2,469.3,swap,notBad
7893,7,931.5,2,469.3,2opt,notBad
7894,7,931.5,2,469.3,swap,notBad
7895,7,931.5,2,469.3,swap,notBad
7896,7,931.5,2,469.3,2opt,notBad
7897,7,931.5,2,469.3,2opt,notBad
7898,7,931.5,2,469.3,move,improve
7899,7,931.5,2,469.3,swap,notBad
7900,7,931.5,2,469.3,2opt,notBad
7901,7,931.5,2,469.3,2opt,notBad
7902,7,931.5,2,469.3,swap,notBad
7903,7,931.5,2,469.3,swap,notBad
7904,7,931.5,2,469.3,swap,notBad
7905,7,931.5,2,469.3,swap,notBad
7906,7,931.5,2,469.3,move,improve
7907,7,931.5,2,469.3,move,improve
7908,7,931.5,2,469.3,2opt,notBad
7909,7,931.5,2,469.3,swap,notBad
7910,7,931.5,2,469.3,2opt,notBad
7911,7,931.5,2,469.3,swap,notBad
7912,7,931.5,2,469.3,2opt,improve
7913,7,931.5,2,469.3,move,improve
7914,7,931.5,2,469.3,2opt,notBad
7915,7,931.5,2,469.3,swap,notBad
7916,7,931.5,2,469.3,move,improve
7917,7,931.5,2,469.3,swap,notBad
7918,7,931.5,2,469.3,2opt,notBad
7919,7,931.5,2,469.3,2opt,notBad
7920,7,931.5,2,469.3,move,improve
7921,7,931.5,2,469.3,move,improve
7922,7,931.5,2,469.3,swap,notBad
7923,7,931.5,2,469.3,move,improve
7924,7,931.5,2,469.3,2opt,notBad
7925,7,931.5,2,469.3,2opt,notBad
7926,7,931.5,2,469.3,2opt,notBad
7927,7,931.5,2,469.3,move,improve
7928,7,931.5,2,469.3,2opt,notBad
7929,7,928.8499999999996,2,469.3,swap,improve
7930,7,928.8499999999996,2,469.3,2opt,notBad
7931,7,928.8499999999996,2,469.3,move,improve
7932,7,928.8499999999996,2,469.3,move,improve
7933,7,928.8499999999996,2,469.3,move,improve
7934,7,928.8499999999996,2,469.3,swap,notBad
7935,7,928.8499999999996,2,469.3,swap,notBad
7936,7,928.8499999999996,2,469.3,move,improve
7937,7,928.8499999999996,2,469.3,move,improve
7938,7,928.8499999999996,2,469.3,2opt,notBad
7939,7,928.8499999999996,2,469.3,2opt,notBad
7940,7,928.8499999999996,2,469.3,move,improve
7941,7,928.8499999999996,2,469.3,move,improve
7942,7,928.8499999999996,2,469.3,move,improve
7943,7,928.8499999999996,2,469.3,swap,notBad
7944,7,928.8499999999996,2,469.3,2opt,notBad
7945,7,928.8499999999996,2,469.3,move,improve
7946,7,928.8499999999996,2,469.3,2opt,notBad
7947,7,928.8499999999996,2,469.3,swap,notBad
7948,7,928.8499999999996,2,469.3,move,improve
7949,7,928.8499999999996,2,469.3,move,improve
7950,7,928.8499999999996,2,469.3,move,improve
7951,7,928.8499999999996,2,469.3,move,improve
7952,7,928.8499999999996,2,469.3,2opt,notBad
7953,7,928.7499999999997,2,469.3,move,improve
7954,7,928.7499999999997,2,469.3,move,improve
7955,7,928.7499999999997,2,469.3,2opt,notBad
7956,7,928.7499999999997,2,469.3,2opt,notBad
7957,7,928.6999999999997,2,469.3,swap,improve
7958,7,928.6999999999997,2,469.3,2opt,notBad
7959,7,928.6999999999997,2,469.3,swap,notBad
7960,7,928.5499999999997,2,469.3,move,improve
7961,7,928.5499999999997,2,469.3,move,improve
7962,7,928.5499999999997,2,469.3,move,improve
7963,7,928.5499999999997,2,469.3,2opt,notBad
7964,7,928.5499999999997,2,469.3,swap,notBad
7965,7,928.5499999999997,2,469.3,swap,notBad
7966,7,928.5499999999997,2,469.3,move,improve
7967,7,928.5499999999997,2,469.3,move,improve
7968,7,928.5499999999997,2,469.3,swap,notBad
7969,7,928.5499999999997,2,469.3,2opt,notBad
7970,7,928.5499999999997,2,469.3,move,improve
7971,7,928.5499999999997,2,469.3,swap,notBad
7972,7,928.5499999999997,2,469.3,swap,notBad
7973,7,928.5499999999997,2,469.3,move,improve
7974,7,928.5499999999997,2,469.3,move,improve
7975,7,928.5499999999997,2,469.3,move,improve
7976,7,928.5499999999997,2,469.3,move,improve
7977,7,928.5499999999997,2,469.3,2opt,notBad
7978,7,928.5499999999997,2,469.3,2opt,notBad
7979,7,928.5499999999997,2,469.3,2opt,notBad
7980,7,928.5499999999997,2,469.3,move,improve
7981,7,928.5499999999997,2,469.3,swap,notBad
7982,7,928.5499999999997,2,469.3,move,improve
7983,7,928.5499999999997,2,469.3,2opt,notBad
7984,7,928.5499999999997,2,469.3,2opt,notBad
7985,7,928.5499999999997,2,469.3,2opt,notBad
7986,7,928.5499999999997,2,469.3,move,improve
7987,7,928.5499999999997,2,469.3,move,improve
7988,7,928.5499999999997,2,469.3,2opt,notBad
7989,7,928.5499999999997,2,469.3,move,improve
7990,7,928.2499999999998,2,469.3,move,improve
7991,7,928.0499999999997,2,469.3,move,improve
7992,7,928.0499999999997,2,469.3,move,improve
7993,7,928.0499999999997,2,469.3,swap,notBad
7994,7,928.0499999999997,2,469.3,2opt,notBad
7995,7,928.0499999999997,2,469.3,move,improve
7996,7,928.8,2,469.3,swap,acceptBad
7997,7,928.8,2,469.3,swap,notBad
7998,7,928.8,2,469.3,move,improve
7999,7,928.8,2,469.3,move,improve
8000,7,928.8,2,469.3,swap,notBad
8001,7,928.8,2,469.3,swap,notBad
8002,7,928.8,2,469.3,move,improve
8003,7,928.8,2,469.3,swap,notBad
8004,7,928.8,2,469.3,move,improve
8005,7,928.8,2,469.3,swap,notBad
8006,7,928.8,2,469.3,move,improve
8007,7,928.8,2,469.3,2opt,notBad
8008,7,928.8,2,469.3,move,improve
8009,7,928.8,2,469.3,swap,notBad
8010,7,928.8,2,469.3,2opt,notBad
8011,7,928.8,2,469.3,move,improve
8012,7,928.8,2,469.3,2opt,notBad
8013,7,928.8,2,469.3,move,improve
8014,7,928.8,2,469.3,2opt,notBad
8015,7,928.8,2,469.3,move,improve
8016,7,928.8,2,469.3,2opt,notBad
8017,7,928.8,2,469.3,2opt,notBad
8018,7,928.8,2,469.3,2opt,notBad
8019,7,928.8,2,469.3,move,improve
8020,7,928.8,2,469.3,move,improve
8021,7,928.8,2,469.3,swap,notBad
8022,7,928.8,2,469.3,move,improve
8023,7,928.8,2,469.3,swap,notBad
8024,7,928.8,2,469.3,swap,notBad
8025,7,928.8,2,469.3,2opt,notBad
8026,7,928.8,2,469.3,2opt,notBad
8027,7,928.8,2,469.3,move,improve
8028,7,928.8,2,469.3,move,improve
8029,7,928.8,2,469.3,swap,notBad
8030,7,928.8,2,469.3,2opt,notBad
8031,7,928.8,2,469.3,swap,notBad
8032,7,928.8,2,469.3,move,improve
8033,7,928.8,2,469.3,move,improve
8034,7,928.8,2,469.3,2opt,notBad
8035,7,928.8,2,469.3,2opt,notBad
8036,7,928.8,2,469.3,move,improve
8037,7,928.8,2,469.3,move,improve
8038,7,928.8,2,469.3,swap,notBad
8039,7,928.8,2,469.3,2opt,notBad
8040,7,928.8,2,469.3,move,improve
8041,7,928.8,2,469.3,move,improve
8042,7,928.8,2,469.3,move,improve
8043,7,928.8,2,469.3,swap,notBad
8044,7,928.8,2,469.3,2opt,notBad
8045,7,928.8,2,469.3,swap,notBad
8046,7,928.8,2,469.3,move,improve
8047,7,928.8,2,469.3,2opt,notBad
8048,7,930.6499999999999,2,469.3,move,acceptBad
8049,7,930.6499999999999,2,469.3,move,improve
8050,7,930.6499999999999,2,469.3,move,improve
8051,7,930.6499999999999,2,469.3,move,improve
8052,7,930.6499999999999,2,469.3,2opt,notBad
8053,7,930.6499999999999,2,469.3,move,improve
8054,7,930.6499999999999,2,469.3,2opt,notBad
8055,7,930.6499999999999,2,469.3,move,improve
8056,7,930.6499999999999,2,469.3,swap,notBad
8057,7,930.6499999999999,2,469.3,swap,notBad
8058,7,930.6499999999999,2,469.3,swap,notBad
8059,7,930.6499999999999,2,469.3,swap,notBad
8060,7,930.6499999999999,2,469.3,swap,notBad
8061,7,930.6499999999999,2,469.3,move,improve
8062,7,930.6499999999999,2,469.3,move,improve
8063,7,930.6499999999999,2,469.3,swap,notBad
8064,7,930.6499999999999,2,469.3,swap,notBad
8065,7,930.6499999999999,2,469.3,2opt,notBad
8066,7,930.6499999999999,2,469.3,2opt,improve
8067,7,930.6499999999999,2,469.3,swap,notBad
8068,7,930.6499999999999,2,469.3,move,improve
8069,7,930.6499999999999,2,469.3,2opt,notBad
8070,7,930.6499999999999,2,469.3,swap,notBad
8071,7,928.8,2,469.3,move,improve
8072,7,928.3999999999999,2,469.3,move,improve
8073,7,928.3999999999999,2,469.3,move,improve
8074,7,928.3999999999999,2,469.3,move,improve
8075,7,928.3999999999999,2,469.3,move,improve
8076,7,928.3999999999999,2,469.3,2opt,notBad
8077,7,928.3999999999999,2,469.3,swap,notBad
8078,7,928.3999999999999,2,469.3,swap,notBad
8079,7,928.3999999999999,2,469.3,swap,notBad
8080,7,928.3999999999999,2,469.3,2opt,notBad
8081,7,928.3999999999999,2,469.3,move,improve
8082,7,928.3999999999999,2,469.3,swap,notBad
8083,7,928.3999999999999,2,469.3,move,improve
8084,7,928.3999999999999,2,469.3,move,improve
8085,7,928.3999999999999,2,469.3,2opt,notBad
8086,7,928.3999999999999,2,469.3,move,improve
8087,7,928.3999999999999,2,469.3,swap,notBad
8088,7,928.3999999999999,2,469.3,2opt,notBad
8089,7,930.2499999999998,2,469.3,move,acceptBad
8090,7,930.2499999999998,2,469.3,swap,notBad
8091,7,930.2499999999998,2,469.3,swap,notBad
8092,7,930.2499999999998,2,469.3,move,improve
8093,7,930.2499999999998,2,469.3,move,improve
8094,7,930.2499999999998,2,469.3,swap,notBad
8095,7,930.2499999999998,2,469.3,move,improve
8096,7,930.2499999999998,2,469.3,swap,notBad
8097,7,930.2499999999998,2,469.3,2opt,notBad
8098,7,930.2499999999998,2,469.3,2opt,notBad
8099,7,930.2499999999998,2,469.3,swap,notBad
8100,7,930.2499999999998,2,469.3,2opt,notBad
8101,7,930.2499999999998,2,469.3,move,improve
8102,7,930.2499999999998,2,469.3,2opt,notBad
8103,7,930.2499999999998,2,469.3,move,improve
8104,7,930.2499999999998,2,469.3,2opt,notBad
8105,7,930.2499999999998,2,469.3,swap,notBad
8106,7,930.2499999999998,2,469.3,swap,notBad
8107,7,930.2499999999998,2,469.3,2opt,notBad
8108,7,930.2499999999998,2,469.3,swap,notBad
8109,7,930.2499999999998,2,469.3,2opt,notBad
8110,7,930.3999999999999,2,469.3,swap,acceptBad
8111,7,930.3999999999999,2,469.3,move,improve
8112,7,930.3999999999999,2,469.3,move,improve
8113,7,928.4499999999999,2,469.3,move,improve
8114,7,928.4499999999999,2,469.3,move,improve
8115,7,928.4499999999999,2,469.3,move,improve
8116,7,928.4499999999999,2,469.3,move,improve
8117,7,928.4499999999999,2,469.3,move,improve
8118,7,928.4499999999999,2,469.3,move,improve
8119,7,928.4499999999999,2,469.3,2opt,notBad
8120,7,928.4499999999999,2,469.3,2opt,notBad
8121,7,928.4499999999999,2,469.3,move,improve
8122,7,928.4499999999999,2,469.3,move,improve
8123,7,928.4499999999999,2,469.3,swap,notBad
8124,7,928.4499999999999,2,469.3,swap,notBad
8125,7,928.4499999999999,2,469.3,move,improve
8126,7,928.4499999999999,2,469.3,2opt,notBad
8127,7,928.4499999999999,2,469.3,move,improve
8128,7,928.4499999999999,2,469.3,move,improve
8129,7,928.4499999999999,2,469.3,move,improve
8130,7,928.4499999999999,2,469.3,move,improve
8131,7,928.4499999999999,2,469.3,swap,notBad
8132,7,928.4499999999999,2,469.3,swap,notBad
8133,7,928.4499999999999,2,469.3,swap,notBad
8134,7,928.4499999999999,2,469.3,move,improve
8135,7,928.4499999999999,2,469.3,move,improve
8136,7,928.4499999999999,2,469.3,2opt,notBad
8137,7,928.4499999999999,2,469.3,2opt,notBad
8138,7,928.4499999999999,2,469.3,move,improve
8139,7,928.4499999999999,2,469.3,2opt,notBad
8140,7,928.4499999999999,2,469.3,2opt,notBad
8141,7,930.3999999999999,2,469.3,move,acceptBad
8142,7,930.3999999999999,2,469.3,move,improve
8143,7,930.3999999999999,2,469.3,2opt,notBad
8144,7,930.3999999999999,2,469.3,2opt,improve
8145,7,930.3999999999999,2,469.3,swap,notBad
8146,7,930.3999999999999,2,469.3,swap,notBad
8147,7,930.3999999999999,2,469.3,2opt,notBad
8148,7,930.3999999999999,2,469.3,2opt,notBad
8149,7,930.3999999999999,2,469.3,move,improve
8150,7,930.3999999999999,2,469.3,swap,notBad
8151,7,930.3999999999999,2,469.3,swap,notBad
8152,7,930.3999999999999,2,469.3,swap,notBad
8153,7,930.3999999999999,2,469.3,2opt,notBad
8154,7,930.3999999999999,2,469.3,swap,notBad
8155,7,930.3999999999999,2,469.3,swap,notBad
8156,7,930.3999999999999,2,469.3,2opt,notBad
8157,7,930.3999999999999,2,469.3,swap,notBad
8158,7,930.2499999999998,2,469.3,move,improve
8159,7,930.2499999999998,2,469.3,swap,notBad
8160,7,930.2499999999998,2,469.3,move,improve
8161,7,930.2499999999998,2,469.3,2opt,improve
8162,7,930.2499999999998,2,469.3,2opt,notBad
8163,7,930.2499999999998,2,469.3,swap,notBad
8164,7,930.2499999999998,2,469.3,swap,notBad
8165,7,930.2499999999998,2,469.3,swap,notBad
8166,7,930.2499999999998,2,469.3,2opt,notBad
8167,7,930.2499999999998,2,469.3,swap,notBad
8168,7,930.2499999999998,2,469.3,move,improve
8169,7,930.2499999999998,2,469.3,2opt,notBad
8170,7,930.2499999999998,2,469.3,2opt,improve
8171,7,930.2499999999998,2,469.3,2opt,notBad
8172,7,930.2499999999998,2,469.3,2opt,notBad
8173,7,930.2499999999998,2,469.3,move,improve
8174,7,930.2499999999998,2,469.3,move,improve
8175,7,930.2499999999998,2,469.3,move,improve
8176,7,930.2499999999998,2,469.3,move,improve
8177,7,930.2499999999998,2,469.3,move,improve
8178,7,930.2499999999998,2,469.3,2opt,notBad
8179,7,930.2499999999998,2,469.3,swap,notBad
8180,7,930.2499999999998,2,469.3,2opt,notBad
8181,7,930.2499999999998,2,469.3,swap,notBad
8182,7,930.2499999999998,2,469.3,move,improve
8183,7,930.2499999999998,2,469.3,swap,notBad
8184,7,930.2499999999998,2,469.3,2opt,notBad
8185,7,930.2499999999998,2,469.3,move,improve
8186,7,930.2499999999998,2,469.3,2opt,notBad
8187,7,930.2499999999998,2,469.3,swap,notBad
8188,7,930.2499999999998,2,469.3,swap,notBad
8189,7,930.2499999999998,2,469.3,swap,notBad
8190,7,930.2499999999998,2,469.3,swap,notBad
8191,7,933.7499999999998,2,469.3,swap,acceptBad
8192,7,933.7499999999998,2,469.3,move,improve
8193,7,933.7499999999998,2,469.3,2opt,notBad
8194,7,933.7499999999998,2,469.3,2opt,notBad
8195,7,933.7499999999998,2,469.3,2opt,notBad
8196,7,933.7499999999998,2,469.3,move,improve
8197,7,933.7499999999998,2,469.3,move,improve
8198,7,933.7499999999998,2,469.3,swap,notBad
8199,7,933.7499999999998,2,469.3,2opt,notBad
8200,7,933.7499999999998,2,469.3,swap,notBad
8201,7,933.7499999999998,2,469.3,move,improve
8202,7,933.7499999999998,2,469.3,swap,notBad
8203,7,933.7499999999998,2,469.3,2opt,notBad
8204,7,933.7499999999998,2,469.3,move,improve
8205,7,933.7499999999998,2,469.3,move,improve
8206,7,933.7499999999998,2,469.3,2opt,notBad
8207,7,932.7499999999999,2,469.3,move,improve
8208,7,932.2999999999997,2,469.3,move,improve
8209,7,932.2999999999997,2,469.3,swap,notBad
8210,7,932.2999999999997,2,469.3,2opt,notBad
8211,7,932.2999999999997,2,469.3,swap,notBad
8212,7,932.2999999999997,2,469.3,swap,notBad
8213,7,932.2999999999997,2,469.3,2opt,notBad
8214,7,932.2999999999997,2,469.3,2opt,notBad
8215,7,932.2999999999997,2,469.3,swap,notBad
8216,7,932.2999999999997,2,469.3,2opt,notBad
8217,7,932.2999999999997,2,469.3,2opt,notBad
8218,7,932.2999999999997,2,469.3,swap,notBad
8219,7,932.2999999999997,2,469.3,move,improve
8220,7,932.2999999999997,2,469.3,move,improve
8221,7,932.2999999999997,2,469.3,move,improve
8222,7,932.2999999999997,2,469.3,move,improve
8223,7,932.2999999999997,2,469.3,swap,notBad
8224,7,932.2999999999997,2,469.3,move,improve
8225,7,932.2999999999997,2,469.3,2opt,notBad
8226,7,932.2999999999997,2,469.3,2opt,notBad
8227,7,932.2999999999997,2,469.3,2opt,notBad
8228,7,932.2999999999997,2,469.3,move,improve
8229,7,932.2999999999997,2,469.3,2opt,notBad
8230,7,932.2999999999997,2,469.3,move,improve
8231,7,932.2999999999997,2,469.3,2opt,notBad
8232,7,932.2999999999997,2,469.3,swap,notBad
8233,7,932.2999999999997,2,469.3,swap,notBad
8234,7,932.2999999999997,2,469.3,swap,notBad
8235,7,932.2999999999997,2,469.3,swap,notBad
8236,7,932.2999999999997,2,469.3,swap,notBad
8237,7,932.2999999999997,2,469.3,2opt,notBad
8238,7,932.2999999999997,2,469.3,move,improve
8239,7,932.2999999999997,2,469.3,swap,notBad
8240,7,932.2999999999997,2,469.3,2opt,notBad
8241,7,932.2999999999997,2,469.3,2opt,notBad
8242,7,932.2999999999997,2,469.3,2opt,notBad
8243,7,932.2999999999997,2,469.3,2opt,notBad
8244,7,932.2999999999997,2,469.3,swap,notBad
8245,7,932.2999999999997,2,469.3,move,improve
8246,7,932.2999999999997,2,469.3,swap,notBad
8247,7,933.2499999999998,2,469.3,move,acceptBad
8248,7,933.2499999999998,2,469.3,swap,notBad
8249,7,933.2499999999998,2,469.3,move,improve
8250,7,933.2499999999998,2,469.3,2opt,notBad
8251,7,933.2499999999998,2,469.3,2opt,notBad
8252,7,933.2499999999998,2,469.3,move,improve
8253,7,933.2499999999998,2,469.3,2opt,notBad
8254,7,933.2499999999998,2,469.3,2opt,notBad
8255,7,933.2499999999998,2,469.3,move,improve
8256,7,933.2499999999998,2,469.3,2opt,notBad
8257,7,933.2499999999998,2,469.3,swap,notBad
8258,7,933.2499999999998,2,469.3,2opt,notBad
8259,7,933.2499999999998,2,469.3,swap,notBad
8260,7,933.2499999999998,2,469.3,move,improve
8261,7,933.2499999999998,2,469.3,move,improve
8262,7,932.9499999999997,2,469.3,move,improve
8263,7,932.9499999999997,2,469.3,move,improve
8264,7,931.8999999999999,2,469.3,move,improve
8265,7,931.8999999999999,2,469.3,move,improve
8266,7,931.8999999999999,2,469.3,move,improve
8267,7,931.8999999999999,2,469.3,swap,notBad
8268,7,931.8999999999999,2,469.3,swap,notBad
8269,7,931.8999999999999,2,469.3,move,improve
8270,7,931.8999999999999,2,469.3,move,improve
8271,7,931.8999999999999,2,469.3,2opt,improve
8272,7,928.3999999999999,2,469.3,move,improve
8273,7,928.3999999999999,2,469.3,2opt,notBad
8274,7,928.3999999999999,2,469.3,2opt,notBad
8275,7,928.3999999999999,2,469.3,move,improve
8276,7,928.3999999999999,2,469.3,swap,notBad
8277,7,928.3999999999999,2,469.3,swap,notBad
8278,7,928.3999999999999,2,469.3,2opt,notBad
8279,7,928.3999999999999,2,469.3,swap,notBad
8280,7,928.3999999999999,2,469.3,2opt,notBad
8281,7,928.3999999999999,2,469.3,2opt,notBad
8282,7,928.3999999999999,2,469.3,swap,notBad
8283,7,928.3999999999999,2,469.3,2opt,notBad
8284,7,928.3999999999999,2,469.3,move,improve
8285,7,928.3999999999999,2,469.3,move,improve
8286,7,928.3999999999999,2,469.3,swap,notBad
8287,7,928.3999999999999,2,469.3,swap,notBad
8288,7,928.3999999999999,2,469.3,move,improve
8289,7,928.3999999999999,2,469.3,move,improve
8290,7,928.3999999999999,2,469.3,2opt,improve
8291,7,928.3999999999999,2,469.3,swap,notBad
8292,7,928.3999999999999,2,469.3,2opt,notBad
8293,7,928.3999999999999,2,469.3,2opt,notBad
8294,7,928.3999999999999,2,469.3,2opt,notBad
8295,7,928.3999999999999,2,469.3,move,improve
8296,7,928.3999999999999,2,469.3,2opt,notBad
8297,7,928.3999999999999,2,469.3,2opt,notBad
8298,7,928.3999999999999,2,469.3,move,improve
8299,7,928.3999999999999,2,469.3,2opt,notBad
8300,7,928.3999999999999,2,469.3,swap,notBad
8301,7,928.3999999999999,2,469.3,2opt,notBad
8302,7,928.3999999999999,2,469.3,2opt,improve
8303,7,928.3999999999999,2,469.3,2opt,notBad
8304,7,930.2499999999998,2,469.3,move,acceptBad
8305,7,930.2499999999998,2,469.3,swap,notBad
8306,7,930.2499999999998,2,469.3,move,improve
8307,7,930.2499999999998,2,469.3,move,improve
8308,7,930.2499999999998,2,469.3,2opt,notBad
8309,7,930.2499999999998,2,469.3,swap,notBad
8310,7,930.2499999999998,2,469.3,2opt,notBad
8311,7,929.2499999999999,2,469.3,move,improve
8312,7,929.2499999999999,2,469.3,2opt,notBad
8313,7,928.6999999999999,2,469.3,swap,improve
8314,7,928.6999999999999,2,469.3,move,improve
8315,7,928.6999999999999,2,469.3,swap,notBad
8316,7,928.6999999999999,2,469.3,move,improve
8317,7,928.6999999999999,2,469.3,2opt,notBad
8318,7,928.6999999999999,2,469.3,swap,notBad
8319,7,928.6999999999999,2,469.3,swap,notBad
8320,7,928.6999999999999,2,469.3,swap,notBad
8321,7,928.6999999999999,2,469.3,swap,notBad
8322,7,928.6999999999999,2,469.3,move,improve
8323,7,929.1499999999999,2,469.3,swap,acceptBad
8324,7,929.1499999999999,2,469.3,move,improve
8325,7,929.1499999999999,2,469.3,2opt,notBad
8326,7,929.1499999999999,2,469.3,move,improve
8327,7,929.1499999999999,2,469.3,2opt,notBad
8328,7,929.1499999999999,2,469.3,move,improve
8329,7,929.1499999999999,2,469.3,move,improve
8330,7,928.8499999999999,2,469.3,move,improve
8331,7,928.8499999999999,2,469.3,move,improve
8332,7,928.8499999999999,2,469.3,move,improve
8333,7,928.8499999999999,2,469.3,2opt,notBad
8334,7,928.8499999999999,2,469.3,move,improve
8335,7,928.8499999999999,2,469.3,2opt,notBad
8336,7,928.8499999999999,2,469.3,2opt,notBad
8337,7,928.8499999999999,2,469.3,swap,notBad
8338,7,928.8499999999999,2,469.3,move,improve
8339,7,928.8499999999999,2,469.3,swap,notBad
8340,7,928.8499999999999,2,469.3,swap,notBad
8341,7,928.8499999999999,2,469.3,2opt,notBad
8342,7,928.8499999999999,2,469.3,swap,notBad
8343,7,928.8499999999999,2,469.3,swap,notBad
8344,7,928.8499999999999,2,469.3,2opt,notBad
8345,7,928.8499999999999,2,469.3,2opt,notBad
8346,7,928.8499999999999,2,469.3,move,improve
8347,7,928.8499999999999,2,469.3,move,improve
8348,7,928.8499999999999,2,469.3,move,improve
8349,7,928.8499999999999,2,469.3,swap,notBad
8350,7,928.8499999999999,2,469.3,swap,notBad
8351,7,928.8499999999999,2,469.3,swap,notBad
8352,7,928.8499999999999,2,469.3,2opt,notBad
8353,7,928.8499999999999,2,469.3,move,improve
8354,7,928.8499999999999,2,469.3,swap,notBad
8355,7,928.8499999999999,2,469.3,2opt,notBad
8356,7,928.8499999999999,2,469.3,move,improve
8357,7,928.8499999999999,2,469.3,swap,notBad
8358,7,928.8499999999999,2,469.3,swap,notBad
8359,7,928.8499999999999,2,469.3,move,improve
8360,7,928.8499999999999,2,469.3,2opt,notBad
8361,7,928.8499999999999,2,469.3,swap,notBad
8362,7,928.8499999999999,2,469.3,swap,notBad
8363,7,928.8499999999999,2,469.3,swap,notBad
8364,7,928.8499999999999,2,469.3,swap,notBad
8365,7,928.8499999999999,2,469.3,swap,notBad
8366,7,928.8499999999999,2,469.3,2opt,notBad
8367,7,928.8499999999999,2,469.3,2opt,notBad
8368,7,928.8499999999999,2,469.3,move,improve
8369,7,928.8499999999999,2,469.3,swap,notBad
8370,7,928.8499999999999,2,469.3,2opt,notBad
8371,7,928.8499999999999,2,469.3,move,improve
8372,7,928.8499999999999,2,469.3,swap,notBad
8373,7,928.8499999999999,2,469.3,2opt,notBad
8374,7,928.8499999999999,2,469.3,move,improve
8375,7,928.8499999999999,2,469.3,move,improve
8376,7,928.8499999999999,2,469.3,swap,notBad
8377,7,928.8499999999999,2,469.3,swap,notBad
8378,7,928.8499999999999,2,469.3,move,improve
8379,7,928.8499999999999,2,469.3,2opt,notBad
8380,7,928.8499999999999,2,469.3,move,improve
8381,7,928.8499999999999,2,469.3,swap,notBad
8382,7,928.8499999999999,2,469.3,swap,notBad
8383,7,928.8499999999999,2,469.3,swap,notBad
8384,7,928.8499999999999,2,469.3,swap,notBad
8385,7,928.8499999999999,2,469.3,move,improve
8386,7,928.8499999999999,2,469.3,2opt,notBad
8387,7,928.8499999999999,2,469.3,2opt,notBad
8388,7,928.8499999999999,2,469.3,2opt,notBad
8389,7,928.8499999999999,2,469.3,move,improve
8390,7,928.8499999999999,2,469.3,swap,notBad
8391,7,928.8499999999999,2,469.3,move,improve
8392,7,928.8499999999999,2,469.3,2opt,notBad
8393,7,928.8499999999999,2,469.3,swap,notBad
8394,7,928.8499999999999,2,469.3,swap,notBad
8395,7,928.8499999999999,2,469.3,2opt,notBad
8396,7,928.8499999999999,2,469.3,swap,notBad
8397,7,928.8499999999999,2,469.3,swap,notBad
8398,7,928.8499999999999,2,469.3,swap,notBad
8399,7,928.8499999999999,2,469.3,move,improve
8400,7,928.8499999999999,2,469.3,2opt,notBad
8401,7,928.8499999999999,2,469.3,move,improve
8402,7,928.8499999999999,2,469.3,move,improve
8403,7,928.8499999999999,2,469.3,swap,notBad
8404,7,928.8499999999999,2,469.3,swap,notBad
8405,7,928.8499999999999,2,469.3,2opt,notBad
8406,7,928.8499999999999,2,469.3,swap,notBad
8407,7,928.8499999999999,2,469.3,2opt,notBad
8408,7,928.8499999999999,2,469.3,move,improve
8409,7,928.8499999999999,2,469.3,swap,notBad
8410,7,928.8499999999999,2,469.3,move,improve
8411,7,928.8499999999999,2,469.3,swap,notBad
8412,7,928.8499999999999,2,469.3,move,improve
8413,7,928.8499999999999,2,469.3,move,improve
8414,7,928.8499999999999,2,469.3,2opt,notBad
8415,7,928.8499999999999,2,469.3,swap,notBad
8416,7,928.8499999999999,2,469.3,swap,notBad
8417,7,928.8499999999999,2,469.3,move,improve
8418,7,928.8499999999999,2,469.3,swap,notBad
8419,7,928.8499999999999,2,469.3,swap,notBad
8420,7,928.8499999999999,2,469.3,move,improve
8421,7,928.8499999999999,2,469.3,move,improve
8422,7,928.8499999999999,2,469.3,2opt,improve
8423,7,928.8499999999999,2,469.3,move,improve
8424,7,928.8499999999999,2,469.3,2opt,notBad
8425,7,928.8499999999999,2,469.3,2opt,notBad
8426,7,928.8499999999999,2,469.3,move,improve
8427,7,928.8499999999999,2,469.3,move,improve
8428,7,928.8499999999999,2,469.3,move,improve
8429,7,928.8499999999999,2,469.3,swap,notBad
8430,7,928.8499999999999,2,469.3,2opt,notBad
8431,7,928.8499999999999,2,469.3,2opt,notBad
8432,7,928.8499999999999,2,469.3,2opt,notBad
8433,7,928.8499999999999,2,469.3,2opt,notBad
8434,7,928.8499999999999,2,469.3,move,improve
8435,7,928.8499999999999,2,469.3,move,improve
8436,7,928.8499999999999,2,469.3,2opt,notBad
8437,7,928.8499999999999,2,469.3,swap,notBad
8438,7,928.8499999999999,2,469.3,swap,notBad
8439,7,928.8499999999999,2,469.3,move,improve
8440,7,928.8499999999999,2,469.3,2opt,notBad
8441,7,928.8499999999999,2,469.3,2opt,notBad
8442,7,928.8499999999999,2,469.3,2opt,notBad
8443,7,928.8499999999999,2,469.3,2opt,notBad
8444,7,928.8499999999999,2,469.3,2opt,notBad
8445,7,928.8499999999999,2,469.3,swap,notBad
8446,7,928.8499999999999,2,469.3,2opt,notBad
8447,7,928.8499999999999,2,469.3,move,improve
8448,7,928.8499999999999,2,469.3,2opt,notBad
8449,7,930.8499999999998,2,469.3,swap,acceptBad
8450,7,930.8499999999998,2,469.3,2opt,notBad
8451,7,930.8499999999998,2,469.3,move,improve
8452,7,930.8499999999998,2,469.3,swap,notBad
8453,7,930.8499999999998,2,469.3,2opt,notBad
8454,7,930.8499999999998,2,469.3,swap,notBad
8455,7,930.8499999999998,2,469.3,2opt,notBad
8456,7,930.8499999999998,2,469.3,swap,notBad
8457,7,930.8499999999998,2,469.3,2opt,notBad
8458,7,930.8499999999998,2,469.3,move,improve
8459,7,930.8499999999998,2,469.3,2opt,notBad
8460,7,930.8499999999998,2,469.3,2opt,notBad
8461,7,930.8499999999998,2,469.3,swap,notBad
8462,7,930.8499999999998,2,469.3,2opt,notBad
8463,7,930.8499999999998,2,469.3,move,improve
8464,7,930.8499999999998,2,469.3,2opt,notBad
8465,7,930.8499999999998,2,469.3,move,improve
8466,7,930.8499999999998,2,469.3,move,improve
8467,7,930.8499999999998,2,469.3,swap,notBad
8468,7,930.8499999999998,2,469.3,move,improve
8469,7,930.8499999999998,2,469.3,2opt,notBad
8470,7,930.8499999999998,2,469.3,swap,notBad
8471,7,930.8499999999998,2,469.3,2opt,improve
8472,7,930.8499999999998,2,469.3,move,improve
8473,7,930.8499999999998,2,469.3,swap,notBad
8474,7,930.8499999999998,2,469.3,swap,notBad
8475,7,930.8499999999998,2,469.3,swap,notBad
8476,7,930.8499999999998,2,469.3,2opt,notBad
8477,7,930.8499999999998,2,469.3,2opt,notBad
8478,7,930.8499999999998,2,469.3,move,improve
8479,7,930.8499999999998,2,469.3,2opt,notBad
8480,7,930.8499999999998,2,469.3,2opt,notBad
8481,7,930.8499999999998,2,469.3,move,improve
8482,7,930.8499999999998,2,469.3,2opt,notBad
8483,7,928.7499999999998,2,469.3,move,improve
8484,7,928.7499999999998,2,469.3,swap,notBad
8485,7,928.7499999999998,2,469.3,swap,notBad
8486,7,928.7499999999998,2,469.3,2opt,notBad
8487,7,928.7499999999998,2,469.3,move,improve
8488,7,928.7499999999998,2,469.3,2opt,notBad
8489,7,928.7499999999998,2,469.3,swap,notBad
8490,7,928.7499999999998,2,469.3,move,improve
8491,7,928.7499999999998,2,469.3,move,improve
8492,7,928.7499999999998,2,469.3,move,improve
8493,7,928.7499999999998,2,469.3,swap,notBad
8494,7,928.7499999999998,2,469.3,swap,notBad
8495,7,928.7499999999998,2,469.3,swap,notBad
8496,7,928.7499999999998,2,469.3,move,improve
8497,7,928.7499999999998,2,469.3,2opt,notBad
8498,7,928.7499999999998,2,469.3,move,improve
8499,7,928.7499999999998,2,469.3,swap,notBad
8500,7,928.7499999999998,2,469.3,2opt,notBad
8501,7,928.7499999999998,2,469.3,swap,notBad
8502,7,928.7499999999998,2,469.3,move,improve
8503,7,928.7499999999998,2,469.3,move,improve
8504,7,928.7499999999998,2,469.3,move,improve
8505,7,928.7499999999998,2,469.3,swap,notBad
8506,7,928.7499999999998,2,469.3,swap,notBad
8507,7,928.7499999999998,2,469.3,2opt,notBad
8508,7,928.7499999999998,2,469.3,2opt,notBad
8509,7,928.7499999999998,2,469.3,move,improve
8510,7,928.7499999999998,2,469.3,2opt,notBad
8511,7,928.7499999999998,2,469.3,swap,notBad
8512,7,928.7499999999998,2,469.3,move,improve
8513,7,928.7499999999998,2,469.3,2opt,notBad
8514,7,928.7499999999998,2,469.3,2opt,notBad
8515,7,928.7499999999998,2,469.3,move,improve
8516,7,928.7499999999998,2,469.3,swap,notBad
8517,7,928.7499999999998,2,469.3,swap,notBad
8518,7,928.7499999999998,2,469.3,2opt,notBad
8519,7,928.7499999999998,2,469.3,move,improve
8520,7,928.6999999999997,2,469.3,swap,improve
8521,7,928.6999999999997,2,469.3,swap,notBad
8522,7,928.6999999999997,2,469.3,swap,notBad
8523,7,928.6999999999997,2,469.3,move,improve
8524,7,928.6999999999997,2,469.3,2opt,notBad
8525,7,928.6999999999997,2,469.3,2opt,notBad
8526,7,928.6999999999997,2,469.3,swap,notBad
8527,7,928.6999999999997,2,469.3,swap,notBad
8528,7,928.6999999999997,2,469.3,swap,notBad
8529,7,928.6999999999997,2,469.3,2opt,notBad
8530,7,928.6999999999997,2,469.3,swap,notBad
8531,7,921.2,2,469.3,move,improve
8532,7,921.2,2,469.3,move,improve
8533,7,921.2,2,469.3,2opt,notBad
8534,7,921.2,2,469.3,swap,notBad
8535,7,921.2,2,469.3,move,improve
8536,7,921.2,2,469.3,swap,notBad
8537,7,921.2,2,469.3,swap,notBad
8538,7,921.2,2,469.3,move,improve
8539,7,921.2,2,469.3,2opt,notBad
8540,7,921.2,2,469.3,2opt,notBad
8541,7,921.2,2,469.3,swap,notBad
8542,7,921.2,2,469.3,swap,notBad
8543,7,921.2,2,469.3,2opt,notBad
8544,7,921.2,2,469.3,swap,notBad
8545,7,921.2,2,469.3,move,improve
8546,7,921.2,2,469.3,move,improve
8547,7,921.2,2,469.3,2opt,notBad
8548,7,921.2,2,469.3,move,improve
8549,7,921.2,2,469.3,2opt,notBad
8550,7,921.2,2,469.3,swap,notBad
8551,7,921.2,2,469.3,swap,notBad
8552,7,921.2,2,469.3,2opt,notBad
8553,7,921.2,2,469.3,2opt,notBad
8554,7,921.2,2,469.3,move,improve
8555,7,921.2,2,469.3,2opt,improve
8556,7,921.2,2,469.3,move,improve
8557,7,921.2,2,469.3,swap,notBad
8558,7,921.2,2,469.3,move,improve
8559,7,921.2,2,469.3,2opt,notBad
8560,7,921.2,2,469.3,swap,notBad
8561,7,921.2,2,469.3,swap,notBad
8562,7,921.2,2,469.3,swap,notBad
8563,7,921.2,2,469.3,move,improve
8564,7,921.3000000000001,2,469.3,move,acceptBad
8565,7,921.3000000000001,2,469.3,move,improve
8566,7,921.3000000000001,2,469.3,2opt,improve
8567,7,921.3000000000001,2,469.3,move,improve
8568,7,921.3000000000001,2,469.3,move,improve
8569,7,921.3000000000001,2,469.3,2opt,notBad
8570,7,921.3000000000001,2,469.3,2opt,notBad
8571,7,921.8999999999999,2,469.3,swap,acceptBad
8572,7,921.8999999999999,2,469.3,2opt,notBad
8573,7,921.8999999999999,2,469.3,2opt,notBad
8574,7,921.8999999999999,2,469.3,swap,notBad
8575,7,921.8999999999999,2,469.3,2opt,notBad
8576,7,921.8999999999999,2,469.3,swap,notBad
8577,7,921.8999999999999,2,469.3,2opt,notBad
8578,7,921.8999999999999,2,469.3,move,improve
8579,7,921.8999999999999,2,469.3,swap,notBad
8580,7,921.6,2,469.3,move,improve
8581,7,921.6,2,469.3,swap,notBad
8582,7,921.6,2,469.3,move,improve
8583,7,921.6,2,469.3,move,improve
8584,7,921.6,2,469.3,swap,notBad
8585,7,921.6,2,469.3,2opt,notBad
8586,7,921.6,2,469.3,2opt,notBad
8587,7,921.6,2,469.3,swap,notBad
8588,7,921.6,2,469.3,swap,notBad
8589,7,921.6,2,469.3,swap,notBad
8590,7,921.6,2,469.3,swap,notBad
8591,7,921.6,2,469.3,move,improve
8592,7,921.6,2,469.3,2opt,notBad
8593,7,921.6,2,469.3,move,improve
8594,7,921.6,2,469.3,move,improve
8595,7,921.6,2,469.3,2opt,notBad
8596,7,921.6,2,469.3,2opt,notBad
8597,7,921.6,2,469.3,2opt,notBad
8598,7,921.6,2,469.3,swap,notBad
8599,7,921.6,2,469.3,swap,notBad
8600,7,921.6,2,469.3,move,improve
8601,7,921.6,2,469.3,2opt,notBad
8602,7,921.6,2,469.3,move,notBad
8603,7,921.6,2,469.3,move,improve
8604,7,921.6,2,469.3,2opt,improve
8605,7,921.6,2,469.3,2opt,notBad
8606,7,921.6,2,469.3,2opt,notBad
8607,7,921.6,2,469.3,2opt,notBad
8608,7,921.6,2,469.3,swap,notBad
8609,7,921.6,2,469.3,2opt,notBad
8610,7,921.6,2,469.3,swap,notBad
8611,7,921.6,2,469.3,swap,notBad
8612,7,921.6,2,469.3,swap,notBad
8613,7,921.6,2,469.3,swap,notBad
8614,7,921.6,2,469.3,2opt,notBad
8615,7,921.6,2,469.3,2opt,notBad
8616,7,921.6,2,469.3,swap,notBad
8617,7,921.6,2,469.3,move,improve
8618,7,921.6,2,469.3,move,improve
8619,7,921.6,2,469.3,2opt,notBad
8620,7,921.6,2,469.3,move,improve
8621,7,921.6,2,469.3,2opt,notBad
8622,7,921.6,2,469.3,2opt,notBad
8623,7,921.9,2,469.3,swap,acceptBad
8624,7,921.9,2,469.3,swap,notBad
8625,7,921.9,2,469.3,move,improve
8626,7,921.9,2,469.3,move,improve
8627,7,921.9,2,469.3,move,improve
8628,7,921.9,2,469.3,move,improve
8629,7,921.9,2,469.3,swap,notBad
8630,7,921.9,2,469.3,swap,notBad
8631,7,921.9,2,469.3,2opt,notBad
8632,7,921.9,2,469.3,2opt,notBad
8633,7,921.9,2,469.3,swap,notBad
8634,7,921.9,2,469.3,move,improve
8635,7,921.9,2,469.3,2opt,notBad
8636,7,921.9,2,469.3,move,improve
8637,7,921.9,2,469.3,move,improve
8638,7,921.9,2,469.3,swap,notBad
8639,7,921.9,2,469.3,move,improve
8640,7,921.9,2,469.3,swap,notBad
8641,7,921.9,2,469.3,swap,notBad
8642,7,921.9,2,469.3,2opt,notBad
8643,7,921.9,2,469.3,2opt,notBad
8644,7,921.9,2,469.3,move,improve
8645,7,921.9,2,469.3,move,improve
8646,7,921.9,2,469.3,swap,notBad
8647,7,921.9,2,469.3,2opt,notBad
8648,7,921.9,2,469.3,swap,notBad
8649,7,921.9,2,469.3,swap,notBad
8650,7,921.9,2,469.3,move,improve
8651,7,921.9,2,469.3,swap,notBad
8652,7,921.9,2,469.3,move,improve
8653,7,921.9,2,469.3,swap,notBad
8654,7,921.9,2,469.3,swap,notBad
8655,7,921.9,2,469.3,swap,notBad
8656,7,921.9,2,469.3,swap,notBad
8657,7,921.9,2,469.3,2opt,notBad
8658,7,921.9,2,469.3,move,improve
8659,7,921.9,2,469.3,swap,notBad
8660,7,921.9,2,469.3,swap,notBad
8661,7,921.9,2,469.3,swap,notBad
8662,7,921.9,2,469.3,2opt,notBad
8663,7,921.9,2,469.3,2opt,notBad
8664,7,921.9,2,469.3,swap,notBad
8665,7,921.9,2,469.3,move,improve
8666,7,921.9,2,469.3,move,improve
8667,7,921.9,2,469.3,2opt,notBad
8668,7,921.9,2,469.3,move,improve
8669,7,921.9,2,469.3,swap,notBad
8670,7,921.9,2,469.3,move,improve
8671,7,921.9,2,469.3,2opt,notBad
8672,7,921.9,2,469.3,swap,notBad
8673,7,921.9,2,469.3,swap,notBad
8674,7,921.9,2,469.3,2opt,notBad
8675,7,921.9,2,469.3,swap,notBad
8676,7,921.9,2,469.3,move,improve
8677,7,921.9,2,469.3,2opt,notBad
8678,7,921.9,2,469.3,swap,notBad
8679,7,921.9,2,469.3,swap,notBad
8680,7,921.9,2,469.3,swap,notBad
8681,7,921.9,2,469.3,2opt,notBad
8682,7,921.9,2,469.3,swap,notBad
8683,7,921.9,2,469.3,2opt,notBad
8684,7,921.9,2,469.3,swap,notBad
8685,7,921.9,2,469.3,move,improve
8686,7,921.9,2,469.3,swap,notBad
8687,7,921.9,2,469.3,swap,notBad
8688,7,921.9,2,469.3,2opt,notBad
8689,7,921.9,2,469.3,move,improve
8690,7,921.9,2,469.3,move,improve
8691,7,921.9,2,469.3,swap,notBad
8692,7,921.9,2,469.3,move,improve
8693,7,921.9,2,469.3,swap,notBad
8694,7,921.9,2,469.3,swap,notBad
8695,7,921.9,2,469.3,move,improve
8696,7,921.9,2,469.3,move,improve
8697,7,921.9,2,469.3,2opt,notBad
8698,7,921.9,2,469.3,swap,notBad
8699,7,921.9,2,469.3,swap,notBad
8700,7,921.9,2,469.3,2opt,notBad
8701,7,921.9,2,469.3,move,improve
8702,7,921.9,2,469.3,move,improve
8703,7,921.9,2,469.3,move,improve
8704,7,921.9,2,469.3,move,improve
8705,7,921.9,2,469.3,swap,notBad
8706,7,921.9,2,469.3,move,improve
8707,7,921.9,2,469.3,swap,notBad
8708,7,921.9,2,469.3,2opt,notBad
8709,7,921.9,2,469.3,2opt,notBad
8710,7,921.9,2,469.3,move,improve
8711,7,921.9,2,469.3,2opt,notBad
8712,7,921.9,2,469.3,2opt,notBad
8713,7,921.9,2,469.3,2opt,notBad
8714,7,921.9,2,469.3,swap,notBad
8715,7,921.9,2,469.3,swap,notBad
8716,7,921.9,2,469.3,move,improve
8717,7,921.9,2,469.3,2opt,notBad
8718,7,921.9,2,469.3,move,improve
8719,7,921.9,2,469.3,2opt,notBad
8720,7,921.9,2,469.3,swap,notBad
8721,7,921.9,2,469.3,move,improve
8722,7,921.9,2,469.3,2opt,notBad
8723,7,921.9,2,469.3,2opt,improve
8724,7,921.9,2,469.3,2opt,improve
8725,7,921.9,2,469.3,swap,notBad
8726,7,921.9,2,469.3,2opt,notBad
8727,7,921.9,2,469.3,2opt,notBad
8728,7,921.9,2,469.3,2opt,notBad
8729,7,921.9,2,469.3,swap,notBad
8730,7,921.9,2,469.3,swap,notBad
8731,7,921.9,2,469.3,swap,notBad
8732,7,921.9,2,469.3,2opt,notBad
8733,7,921.9,2,469.3,2opt,notBad
8734,7,921.9,2,469.3,move,improve
8735,7,921.9,2,469.3,move,improve
8736,7,921.9,2,469.3,move,improve
8737,7,921.9,2,469.3,move,improve
8738,7,921.9,2,469.3,move,improve
8739,7,921.9,2,469.3,move,improve
8740,7,921.9,2,469.3,swap,notBad
8741,7,921.9,2,469.3,swap,notBad
8742,7,921.9,2,469.3,move,improve
8743,7,921.9,2,469.3,move,improve
8744,7,921.9,2,469.3,swap,notBad
8745,7,921.9,2,469.3,move,improve
8746,7,921.9,2,469.3,2opt,notBad
8747,7,921.9,2,469.3,2opt,notBad
8748,7,921.9,2,469.3,swap,notBad
8749,7,921.9,2,469.3,swap,notBad
8750,7,921.9,2,469.3,move,improve
8751,7,921.9,2,469.3,swap,notBad
8752,7,921.9,2,469.3,move,improve
8753,7,921.9,2,469.3,move,improve
8754,7,921.9,2,469.3,move,improve
8755,7,921.9,2,469.3,swap,notBad
8756,7,921.9,2,469.3,swap,notBad
8757,7,921.9,2,469.3,move,improve
8758,7,921.9,2,469.3,move,improve
8759,7,921.9,2,469.3,swap,notBad
8760,7,921.9,2,469.3,move,improve
8761,7,921.9,2,469.3,move,improve
8762,7,921.9,2,469.3,2opt,notBad
8763,7,921.9,2,469.3,2opt,notBad
8764,7,921.9,2,469.3,swap,notBad
8765,7,921.9,2,469.3,2opt,notBad
8766,7,921.9,2,469.3,move,improve
8767,7,921.9,2,469.3,2opt,notBad
8768,7,921.9,2,469.3,move,improve
8769,7,921.9,2,469.3,swap,notBad
8770,7,921.9,2,469.3,swap,notBad
8771,7,921.9,2,469.3,swap,notBad
8772,7,921.9,2,469.3,2opt,improve
8773,7,921.9,2,469.3,swap,notBad
8774,7,921.9,2,469.3,2opt,notBad
8775,7,921.9,2,469.3,swap,notBad
8776,7,921.9,2,469.3,move,improve
8777,7,921.9,2,469.3,swap,notBad
8778,7,920.1,2,469.3,swap,improve
8779,7,920.1,2,469.3,swap,notBad
8780,7,920.1,2,469.3,move,improve
8781,7,920.1,2,469.3,move,improve
8782,7,920.1,2,469.3,move,improve
8783,7,920.1,2,469.3,2opt,notBad
8784,7,920.1,2,469.3,swap,notBad
8785,7,920.1,2,469.3,2opt,notBad
8786,7,920.1,2,469.3,2opt,notBad
8787,7,920.1,2,469.3,2opt,notBad
8788,7,920.1,2,469.3,2opt,notBad
8789,7,920.1,2,469.3,2opt,improve
8790,7,920.1,2,469.3,swap,notBad
8791,7,920.1,2,469.3,move,improve
8792,7,920.1,2,469.3,2opt,notBad
8793,7,921.5,2,469.3,swap,acceptBad
8794,7,921.5,2,469.3,swap,notBad
8795,7,921.5,2,469.3,move,improve
8796,7,921.5,2,469.3,2opt,notBad
8797,7,921.5,2,469.3,move,improve
8798,7,921.5,2,469.3,swap,notBad
8799,7,921.5,2,469.3,swap,notBad
8800,7,921.5,2,469.3,2opt,notBad
8801,7,921.5,2,469.3,swap,notBad
8802,7,921.5,2,469.3,move,improve
8803,7,921.5,2,469.3,swap,notBad
8804,7,921.5,2,469.3,swap,notBad
8805,7,921.5,2,469.3,swap,notBad
8806,7,921.5,2,469.3,2opt,notBad
8807,7,921.5,2,469.3,2opt,notBad
8808,7,921.5,2,469.3,swap,notBad
8809,7,921.5,2,469.3,2opt,notBad
8810,7,921.5,2,469.3,2opt,notBad
8811,7,921.5,2,469.3,move,improve
8812,7,921.5,2,469.3,2opt,notBad
8813,7,921.5,2,469.3,2opt,notBad
8814,7,921.5,2,469.3,2opt,notBad
8815,7,921.5,2,469.3,2opt,improve
8816,7,921.5,2,469.3,swap,notBad
8817,7,921.5,2,469.3,swap,notBad
8818,7,921.5,2,469.3,2opt,notBad
8819,7,921.5,2,469.3,2opt,notBad
8820,7,921.5,2,469.3,2opt,notBad
8821,7,921.5,2,469.3,swap,notBad
8822,7,921.5,2,469.3,move,improve
8823,7,921.5,2,469.3,move,improve
8824,7,921.5,2,469.3,move,improve
8825,7,921.5,2,469.3,2opt,notBad
8826,7,921.5,2,469.3,swap,notBad
8827,7,921.5,2,469.3,2opt,notBad
8828,7,921.5,2,469.3,swap,notBad
8829,7,921.5,2,469.3,2opt,notBad
8830,7,921.5,2,469.3,swap,notBad
8831,7,921.5,2,469.3,move,improve
8832,7,921.5,2,469.3,move,improve
8833,7,921.5,2,469.3,move,improve
8834,7,921.5,2,469.3,move,improve
8835,7,921.5,2,469.3,2opt,notBad
8836,7,921.5,2,469.3,swap,notBad
8837,7,921.5,2,469.3,2opt,notBad
8838,7,921.5,2,469.3,swap,notBad
8839,7,921.5,2,469.3,move,improve
8840,7,921.5,2,469.3,move,improve
8841,7,921.5,2,469.3,2opt,notBad
8842,7,920.1,2,469.3,move,improve
8843,7,920.1,2,469.3,2opt,notBad
8844,7,920.1,2,469.3,move,improve
8845,7,920.1,2,469.3,2opt,notBad
8846,7,920.1,2,469.3,swap,notBad
8847,7,920.1,2,469.3,move,improve
8848,7,920.1,2,469.3,2opt,notBad
8849,7,920.1,2,469.3,2opt,notBad
8850,7,920.1,2,469.3,swap,notBad
8851,7,920.1,2,469.3,swap,notBad
8852,7,920.1,2,469.3,swap,notBad
8853,7,920.1,2,469.3,swap,notBad
8854,7,920.1,2,469.3,move,improve
8855,7,920.1,2,469.3,swap,notBad
8856,7,920.1,2,469.3,2opt,notBad
8857,7,920.1,2,469.3,swap,notBad
8858,7,920.1,2,469.3,swap,notBad
8859,7,920.1,2,469.3,move,improve
8860,7,920.1,2,469.3,2opt,notBad
8861,7,920.1,2,469.3,2opt,notBad
8862,7,920.1,2,469.3,2opt,notBad
8863,7,920.1,2,469.3,2opt,notBad
8864,7,920.1,2,469.3,2opt,notBad
8865,7,920.1,2,469.3,swap,notBad
8866,7,920.1,2,469.3,swap,notBad
8867,7,920.1,2,469.3,swap,notBad
8868,7,920.1,2,469.3,move,improve
8869,7,920.1,2,469.3,2opt,notBad
8870,7,920.1,2,469.3,move,improve
8871,7,920.1,2,469.3,move,improve
8872,7,920.1,2,469.3,swap,notBad
8873,7,920.1,2,469.3,swap,notBad
8874,7,920.1,2,469.3,move,improve
8875,7,920.1,2,469.3,swap,notBad
8876,7,920.1,2,469.3,2opt,improve
8877,7,920.1,2,469.3,swap,notBad
8878,7,920.1,2,469.3,move,improve
8879,7,920.1,2,469.3,2opt,notBad
8880,7,920.1,2,469.3,2opt,notBad
8881,7,920.1,2,469.3,swap,notBad
8882,7,920.1,2,469.3,move,improve
8883,7,920.1,2,469.3,2opt,notBad
8884,7,920.1,2,469.3,2opt,notBad
8885,7,920.1,2,469.3,2opt,notBad
8886,7,920.1,2,469.3,2opt,notBad
8887,7,920.1,2,469.3,swap,notBad
8888,7,920.1,2,469.3,swap,notBad
8889,7,920.1,2,469.3,swap,notBad
8890,7,920.1,2,469.3,move,notBad
8891,7,920.1,2,469.3,swap,notBad
8892,7,920.1,2,469.3,move,notBad
8893,7,920.1,2,469.3,swap,notBad
8894,7,920.1,2,469.3,2opt,notBad
8895,7,920.1,2,469.3,move,improve
8896,7,920.1,2,469.3,swap,notBad
8897,7,920.1,2,469.3,swap,notBad
8898,7,920.1,2,469.3,2opt,notBad
8899,7,920.1,2,469.3,swap,notBad
8900,7,920.1,2,469.3,move,notBad
8901,7,920.1,2,469.3,2opt,notBad
8902,7,920.1,2,469.3,move,improve
8903,7,920.1,2,469.3,move,improve
8904,7,920.1,2,469.3,2opt,notBad
8905,7,920.1,2,469.3,swap,notBad
8906,7,920.1,2,469.3,move,improve
8907,7,920.1,2,469.3,swap,notBad
8908,7,920.1,2,469.3,2opt,notBad
8909,7,920.1,2,469.3,2opt,notBad
8910,7,920.1,2,469.3,move,improve
8911,7,920.1,2,469.3,move,improve
8912,7,920.1,2,469.3,move,improve
8913,7,920.1,2,469.3,move,improve
8914,7,920.1,2,469.3,move,improve
8915,7,920.1,2,469.3,2opt,notBad
8916,7,920.1,2,469.3,swap,notBad
8917,7,920.1,2,469.3,move,improve
8918,7,920.1,2,469.3,2opt,notBad
8919,7,920.1,2,469.3,2opt,notBad
8920,7,920.1,2,469.3,swap,notBad
8921,7,920.1,2,469.3,move,improve
8922,7,920.1,2,469.3,2opt,notBad
8923,7,920.1,2,469.3,swap,notBad
8924,7,920.1,2,469.3,swap,notBad
8925,7,920.1,2,469.3,swap,notBad
8926,7,920.1,2,469.3,swap,notBad
8927,7,920.1,2,469.3,swap,notBad
8928,7,920.1,2,469.3,2opt,notBad
8929,7,920.1,2,469.3,move,improve
8930,7,920.1,2,469.3,2opt,notBad
8931,7,920.1,2,469.3,swap,notBad
8932,7,920.1,2,469.3,2opt,notBad
8933,7,920.1,2,469.3,2opt,notBad
8934,7,920.1,2,469.3,2opt,notBad
8935,7,920.1,2,469.3,swap,notBad
8936,7,920.1,2,469.3,swap,notBad
8937,7,920.1,2,469.3,2opt,notBad
8938,7,920.1,2,469.3,swap,notBad
8939,7,920.1,2,469.3,2opt,notBad
8940,7,920.1,2,469.3,2opt,notBad
8941,7,920.1,2,469.3,move,improve
8942,7,920.1,2,469.3,2opt,notBad
8943,7,920.1,2,469.3,swap,notBad
8944,7,920.1,2,469.3,2opt,notBad
8945,7,920.1,2,469.3,2opt,notBad
8946,7,920.1,2,469.3,swap,notBad
8947,7,920.1,2,469.3,2opt,notBad
8948,7,920.1,2,469.3,move,improve
8949,7,920.1,2,469.3,move,improve
8950,7,920.1,2,469.3,2opt,notBad
8951,7,920.1,2,469.3,2opt,notBad
8952,7,920.1,2,469.3,2opt,notBad
8953,7,920.1,2,469.3,move,improve
8954,7,920.1,2,469.3,2opt,notBad
8955,7,920.1,2,469.3,2opt,notBad
8956,7,920.1,2,469.3,2opt,improve
8957,7,920.1,2,469.3,2opt,notBad
8958,7,920.1,2,469.3,2opt,notBad
8959,7,920.1,2,469.3,2opt,notBad
8960,7,920.1,2,469.3,move,improve
8961,7,920.1,2,469.3,move,improve
8962,7,920.1,2,469.3,move,improve
8963,7,920.1,2,469.3,2opt,notBad
8964,7,920.1,2,469.3,2opt,notBad
8965,7,920.1,2,469.3,2opt,notBad
8966,7,920.1,2,469.3,2opt,notBad
8967,7,920.1,2,469.3,swap,notBad
8968,7,920.1,2,469.3,swap,notBad
8969,7,920.1,2,469.3,2opt,notBad
8970,7,920.1,2,469.3,move,improve
8971,7,920.1,2,469.3,move,improve
8972,7,920.1,2,469.3,2opt,notBad
8973,7,920.1,2,469.3,2opt,notBad
8974,7,920.1,2,469.3,2opt,notBad
8975,7,920.1,2,469.3,swap,notBad
8976,7,920.1,2,469.3,move,improve
8977,7,920.1,2,469.3,swap,notBad
8978,7,920.1,2,469.3,move,improve
8979,7,920.1,2,469.3,2opt,notBad
8980,7,920.1,2,469.3,swap,notBad
8981,7,920.1,2,469.3,swap,notBad
8982,7,920.1,2,469.3,move,improve
8983,7,920.1,2,469.3,move,notBad
8984,7,920.1,2,469.3,move,improve
8985,7,920.1,2,469.3,move,improve
8986,7,920.1,2,469.3,2opt,notBad
8987,7,920.1,2,469.3,swap,notBad
8988,7,920.1,2,469.3,2opt,notBad
8989,7,920.1,2,469.3,2opt,notBad
8990,7,920.1,2,469.3,2opt,notBad
8991,7,920.1,2,469.3,swap,notBad
8992,7,920.1,2,469.3,2opt,notBad
8993,7,920.1,2,469.3,2opt,notBad
8994,7,920.1,2,469.3,swap,notBad
8995,7,920.1,2,469.3,move,improve
8996,7,920.1,2,469.3,2opt,notBad
8997,7,920.1,2,469.3,move,improve
8998,7,920.1,2,469.3,2opt,notBad
8999,7,920.1,2,469.3,swap,notBad
9000,7,920.1,2,469.3,move,improve
9001,7,920.1,2,469.3,2opt,notBad
9002,7,920.1,2,469.3,move,improve
9003,7,920.1,2,469.3,2opt,notBad
9004,7,920.1,2,469.3,2opt,notBad
9005,7,920.1,2,469.3,2opt,notBad
9006,7,920.1,2,469.3,2opt,notBad
9007,7,920.1,2,469.3,swap,notBad
9008,7,920.1,2,469.3,2opt,notBad
9009,7,920.1,2,469.3,2opt,notBad
9010,7,920.1,2,469.3,2opt,improve
9011,7,920.1,2,469.3,move,notBad
9012,7,920.1,2,469.3,2opt,notBad
9013,7,920.1,2,469.3,swap,notBad
9014,7,920.1,2,469.3,2opt,notBad
9015,7,920.1,2,469.3,move,improve
9016,7,920.1,2,469.3,2opt,improve
9017,7,920.1,2,469.3,move,improve
9018,7,920.1,2,469.3,2opt,notBad
9019,7,920.1,2,469.3,move,improve
9020,7,920.1,2,469.3,2opt,notBad
9021,7,920.1,2,469.3,move,improve
9022,7,920.1,2,469.3,2opt,notBad
9023,7,920.1,2,469.3,swap,notBad
9024,7,920.1,2,469.3,2opt,notBad
9025,7,920.1,2,469.3,2opt,notBad
9026,7,920.1,2,469.3,swap,notBad
9027,7,920.1,2,469.3,move,improve
9028,7,920.1,2,469.3,swap,notBad
9029,7,920.1,2,469.3,move,improve
9030,7,920.1,2,469.3,move,improve
9031,7,920.1,2,469.3,move,improve
9032,7,920.1,2,469.3,move,improve
9033,7,920.1,2,469.3,swap,notBad
9034,7,920.1,2,469.3,swap,notBad
9035,7,920.1,2,469.3,2opt,notBad
9036,7,920.1,2,469.3,move,improve
9037,7,920.1,2,469.3,swap,notBad
9038,7,920.1,2,469.3,move,improve
9039,7,920.1,2,469.3,swap,notBad
9040,7,920.1,2,469.3,swap,notBad
9041,7,920.1,2,469.3,swap,notBad
9042,7,920.1,2,469.3,swap,notBad
9043,7,920.1,2,469.3,swap,notBad
9044,7,920.1,2,469.3,swap,notBad
9045,7,920.1,2,469.3,2opt,notBad
9046,7,920.1,2,469.3,2opt,notBad
9047,7,920.1,2,469.3,swap,notBad
9048,7,920.1,2,469.3,2opt,notBad
9049,7,920.1,2,469.3,move,improve
9050,7,920.1,2,469.3,swap,notBad
9051,7,920.1,2,469.3,2opt,notBad
9052,7,920.1,2,469.3,move,improve
9053,7,920.1,2,469.3,2opt,notBad
9054,7,920.1,2,469.3,move,improve
9055,7,920.1,2,469.3,swap,notBad
9056,7,920.1,2,469.3,2opt,notBad
9057,7,920.1,2,469.3,move,improve
9058,7,920.1,2,469.3,2opt,notBad
9059,7,920.1,2,469.3,swap,notBad
9060,7,920.1,2,469.3,2opt,notBad
9061,7,920.1,2,469.3,move,improve
9062,7,920.1,2,469.3,2opt,notBad
9063,7,920.1,2,469.3,2opt,notBad
9064,7,920.1,2,469.3,2opt,notBad
9065,7,920.1,2,469.3,swap,notBad
9066,7,920.1,2,469.3,swap,notBad
9067,7,920.1,2,469.3,2opt,notBad
9068,7,920.1,2,469.3,move,improve
9069,7,920.1,2,469.3,2opt,notBad
9070,7,920.1,2,469.3,2opt,notBad
9071,7,920.1,2,469.3,swap,notBad
9072,7,920.1,2,469.3,swap,notBad
9073,7,920.1,2,469.3,swap,notBad
9074,7,920.1,2,469.3,2opt,notBad
9075,7,920.1,2,469.3,swap,notBad
9076,7,920.1,2,469.3,move,improve
9077,7,920.1,2,469.3,swap,notBad
9078,7,920.1,2,469.3,2opt,notBad
9079,7,920.1,2,469.3,2opt,improve
9080,7,920.1,2,469.3,move,improve
9081,7,920.1,2,469.3,move,improve
9082,7,920.1,2,469.3,2opt,notBad
9083,7,920.1,2,469.3,2opt,notBad
9084,7,920.1,2,469.3,swap,notBad
9085,7,920.1,2,469.3,move,improve
9086,7,920.1,2,469.3,swap,notBad
9087,7,920.1,2,469.3,swap,notBad
9088,7,920.1,2,469.3,2opt,notBad
9089,7,920.1,2,469.3,2opt,improve
9090,7,920.1,2,469.3,2opt,notBad
9091,7,920.1,2,469.3,2opt,notBad
9092,7,920.1,2,469.3,2opt,notBad
9093,7,920.1,2,469.3,2opt,notBad
9094,7,920.1,2,469.3,move,improve
9095,7,916.05,2,469.3,swap,improve
9096,7,916.05,2,469.3,move,improve
9097,7,916.05,2,469.3,move,improve
9098,7,916.05,2,469.3,move,improve
9099,7,916.05,2,469.3,2opt,notBad
9100,7,916.05,2,469.3,move,improve
9101,7,916.05,2,469.3,2opt,notBad
9102,7,916.05,2,469.3,2opt,notBad
9103,7,916.05,2,469.3,2opt,notBad
9104,7,916.05,2,469.3,swap,notBad
9105,7,916.05,2,469.3,2opt,notBad
9106,7,916.05,2,469.3,move,improve
9107,7,916.05,2,469.3,swap,notBad
9108,7,916.05,2,469.3,2opt,notBad
9109,7,916.05,2,469.3,move,improve
9110,7,916.05,2,469.3,2opt,notBad
9111,7,916.05,2,469.3,2opt,notBad
9112,7,916.05,2,469.3,move,improve
9113,7,916.05,2,469.3,2opt,improve
9114,7,916.05,2,469.3,2opt,notBad
9115,7,916.05,2,469.3,2opt,notBad
9116,7,916.05,2,469.3,move,improve
9117,7,916.05,2,469.3,2opt,notBad
9118,7,916.05,2,469.3,move,improve
9119,7,916.05,2,469.3,move,improve
9120,7,916.05,2,469.3,move,improve
9121,7,916.05,2,469.3,swap,notBad
9122,7,916.05,2,469.3,swap,notBad
9123,7,916.05,2,469.3,2opt,notBad
9124,7,916.05,2,469.3,2opt,notBad
9125,7,916.05,2,469.3,swap,notBad
9126,7,916.05,2,469.3,move,improve
9127,7,916.05,2,469.3,2opt,notBad
9128,7,916.05,2,469.3,swap,notBad
9129,7,916.05,2,469.3,2opt,notBad
9130,7,916.05,2,469.3,move,improve
9131,7,916.05,2,469.3,swap,notBad
9132,7,916.05,2,469.3,move,improve
9133,7,916.05,2,469.3,swap,notBad
9134,7,916.05,2,469.3,swap,notBad
9135,7,916.05,2,469.3,swap,notBad
9136,7,916.05,2,469.3,2opt,notBad
9137,7,916.05,2,469.3,swap,notBad
9138,7,916.05,2,469.3,swap,notBad
9139,7,916.05,2,469.3,2opt,notBad
9140,7,916.05,2,469.3,move,improve
9141,7,916.05,2,469.3,2opt,notBad
9142,7,916.05,2,469.3,move,improve
9143,7,916.05,2,469.3,move,improve
9144,7,916.05,2,469.3,2opt,notBad
9145,7,916.05,2,469.3,2opt,notBad
9146,7,916.05,2,469.3,2opt,notBad
9147,7,916.05,2,469.3,swap,notBad
9148,7,916.05,2,469.3,swap,notBad
9149,7,916.05,2,469.3,move,improve
9150,7,916.05,2,469.3,swap,notBad
9151,7,916.05,2,469.3,swap,notBad
9152,7,916.05,2,469.3,move,improve
9153,7,916.05,2,469.3,2opt,notBad
9154,7,916.05,2,469.3,swap,notBad
9155,7,916.05,2,469.3,swap,notBad
9156,7,916.05,2,469.3,swap,notBad
9157,7,916.05,2,469.3,move,improve
9158,7,916.05,2,469.3,2opt,notBad
9159,7,916.05,2,469.3,2opt,notBad
9160,7,916.05,2,469.3,move,improve
9161,7,916.05,2,469.3,move,improve
9162,7,916.05,2,469.3,move,improve
9163,7,916.05,2,469.3,move,improve
9164,7,916.05,2,469.3,move,notBad
9165,7,916.05,2,469.3,swap,notBad
9166,7,916.05,2,469.3,swap,notBad
9167,7,916.05,2,469.3,2opt,notBad
9168,7,916.05,2,469.3,swap,notBad
9169,7,916.05,2,469.3,2opt,notBad
9170,7,916.05,2,469.3,2opt,notBad
9171,7,916.05,2,469.3,move,improve
9172,7,916.05,2,469.3,swap,notBad
9173,7,916.05,2,469.3,swap,notBad
9174,7,916.05,2,469.3,2opt,notBad
9175,7,916.05,2,469.3,2opt,notBad
9176,7,916.05,2,469.3,2opt,improve
9177,7,916.05,2,469.3,move,improve
9178,7,916.05,2,469.3,2opt,notBad
9179,7,916.05,2,469.3,move,improve
9180,7,916.05,2,469.3,2opt,notBad
9181,7,916.05,2,469.3,swap,notBad
9182,7,916.05,2,469.3,swap,notBad
9183,7,916.05,2,469.3,swap,notBad
9184,7,916.05,2,469.3,move,improve
9185,7,916.05,2,469.3,move,improve
9186,7,916.05,2,469.3,move,improve
9187,7,916.05,2,469.3,move,improve
9188,7,916.05,2,469.3,move,improve
9189,7,916.05,2,469.3,move,improve
9190,7,916.05,2,469.3,move,improve
9191,7,916.05,2,469.3,2opt,notBad
9192,7,916.05,2,469.3,move,improve
9193,7,916.05,2,469.3,2opt,notBad
9194,7,916.05,2,469.3,move,improve
9195,7,916.05,2,469.3,2opt,notBad
9196,7,916.05,2,469.3,2opt,notBad
9197,7,916.05,2,469.3,2opt,notBad
9198,7,916.05,2,469.3,move,improve
9199,7,916.05,2,469.3,swap,notBad
9200,7,916.05,2,469.3,swap,notBad
9201,7,916.05,2,469.3,move,improve
9202,7,916.05,2,469.3,2opt,notBad
9203,7,916.05,2,469.3,swap,notBad
9204,7,916.05,2,469.3,swap,notBad
9205,7,916.05,2,469.3,swap,notBad
9206,7,916.05,2,469.3,move,improve
9207,7,916.05,2,469.3,2opt,notBad
9208,7,916.05,2,469.3,2opt,notBad
9209,7,916.05,2,469.3,2opt,improve
9210,7,916.05,2,469.3,swap,notBad
9211,7,916.05,2,469.3,2opt,notBad
9212,7,916.05,2,469.3,swap,notBad
9213,7,916.05,2,469.3,move,improve
9214,7,916.05,2,469.3,2opt,notBad
9215,7,916.05,2,469.3,2opt,notBad
9216,7,916.05,2,469.3,move,improve
9217,7,916.05,2,469.3,move,improve
9218,7,916.05,2,469.3,2opt,notBad
9219,7,916.05,2,469.3,swap,notBad
9220,7,916.05,2,469.3,move,improve
9221,7,916.05,2,469.3,move,improve
9222,7,916.05,2,469.3,move,notBad
9223,7,916.05,2,469.3,2opt,notBad
9224,7,916.05,2,469.3,move,improve
9225,7,916.05,2,469.3,move,improve
9226,7,916.05,2,469.3,move,improve
9227,7,916.05,2,469.3,2opt,notBad
9228,7,916.05,2,469.3,2opt,notBad
9229,7,916.05,2,469.3,swap,notBad
9230,7,916.05,2,469.3,2opt,notBad
9231,7,916.05,2,469.3,move,improve
9232,7,916.05,2,469.3,2opt,notBad
9233,7,916.05,2,469.3,swap,notBad
9234,7,916.05,2,469.3,move,improve
9235,7,916.05,2,469.3,2opt,notBad
9236,7,916.05,2,469.3,2opt,notBad
9237,7,916.05,2,469.3,move,improve
9238,7,916.05,2,469.3,move,improve
9239,7,916.05,2,469.3,move,improve
9240,7,916.05,2,469.3,2opt,improve
9241,7,916.05,2,469.3,move,improve
9242,7,916.05,2,469.3,swap,notBad
9243,7,916.05,2,469.3,swap,notBad
9244,7,916.05,2,469.3,2opt,improve
9245,7,916.05,2,469.3,swap,notBad
9246,7,916.05,2,469.3,2opt,improve
9247,7,916.05,2,469.3,swap,notBad
9248,7,916.05,2,469.3,2opt,notBad
9249,7,916.05,2,469.3,move,improve
9250,7,916.05,2,469.3,swap,notBad
9251,7,916.05,2,469.3,swap,notBad
9252,7,916.05,2,469.3,move,improve
9253,7,916.05,2,469.3,move,improve
9254,7,916.05,2,469.3,2opt,notBad
9255,7,916.05,2,469.3,2opt,improve
9256,7,916.05,2,469.3,move,improve
9257,7,916.05,2,469.3,swap,notBad
9258,7,916.05,2,469.3,move,improve
9259,7,916.05,2,469.3,swap,notBad
9260,7,916.05,2,469.3,move,improve
9261,7,916.05,2,469.3,2opt,notBad
9262,7,916.05,2,469.3,2opt,notBad
9263,7,916.05,2,469.3,2opt,notBad
9264,7,916.05,2,469.3,2opt,notBad
9265,7,916.05,2,469.3,move,improve
9266,7,916.05,2,469.3,2opt,notBad
9267,7,916.05,2,469.3,2opt,notBad
9268,7,916.05,2,469.3,swap,notBad
9269,7,916.05,2,469.3,move,improve
9270,7,916.05,2,469.3,swap,notBad
9271,7,916.05,2,469.3,swap,notBad
9272,7,916.05,2,469.3,2opt,improve
9273,7,916.05,2,469.3,2opt,notBad
9274,7,916.05,2,469.3,2opt,notBad
9275,7,916.05,2,469.3,move,improve
9276,7,916.05,2,469.3,2opt,notBad
9277,7,916.05,2,469.3,swap,notBad
9278,7,916.05,2,469.3,move,improve
9279,7,916.05,2,469.3,move,improve
9280,7,916.05,2,469.3,swap,notBad
9281,7,916.05,2,469.3,swap,notBad
9282,7,916.05,2,469.3,2opt,notBad
9283,7,916.05,2,469.3,swap,notBad
9284,7,916.05,2,469.3,2opt,notBad
9285,7,916.05,2,469.3,2opt,notBad
9286,7,916.05,2,469.3,swap,notBad
9287,7,916.05,2,469.3,swap,notBad
9288,7,916.05,2,469.3,swap,notBad
9289,7,916.05,2,469.3,move,improve
9290,7,916.05,2,469.3,move,improve
9291,7,915.75,2,469.3,swap,improve
9292,7,915.75,2,469.3,swap,notBad
9293,7,915.75,2,469.3,swap,notBad
9294,7,915.75,2,469.3,2opt,notBad
9295,7,915.75,2,469.3,move,improve
9296,7,915.75,2,469.3,2opt,notBad
9297,7,915.75,2,469.3,move,improve
9298,7,915.75,2,469.3,2opt,notBad
9299,7,915.75,2,469.3,2opt,improve
9300,7,915.75,2,469.3,move,improve
9301,7,915.75,2,469.3,2opt,notBad
9302,7,915.75,2,469.3,swap,notBad
9303,7,915.75,2,469.3,swap,notBad
9304,7,915.75,2,469.3,2opt,notBad
9305,7,915.75,2,469.3,swap,notBad
9306,7,915.75,2,469.3,swap,notBad
9307,7,915.75,2,469.3,2opt,notBad
9308,7,915.75,2,469.3,move,improve
9309,7,915.75,2,469.3,2opt,notBad
9310,7,915.75,2,469.3,2opt,notBad
9311,7,915.75,2,469.3,swap,notBad
9312,7,915.75,2,469.3,move,improve
9313,7,915.75,2,469.3,move,improve
9314,7,915.75,2,469.3,swap,notBad
9315,7,915.75,2,469.3,move,improve
9316,7,915.75,2,469.3,swap,notBad
9317,7,915.75,2,469.3,swap,notBad
9318,7,915.75,2,469.3,swap,notBad
9319,7,915.75,2,469.3,move,improve
9320,7,915.75,2,469.3,move,improve
9321,7,915.75,2,469.3,swap,notBad
9322,7,915.75,2,469.3,2opt,notBad
9323,7,915.75,2,469.3,move,improve
9324,7,915.75,2,469.3,2opt,improve
9325,7,915.75,2,469.3,move,notBad
9326,7,915.75,2,469.3,swap,notBad
9327,7,915.75,2,469.3,2opt,improve
9328,7,915.75,2,469.3,move,improve
9329,7,915.75,2,469.3,swap,notBad
9330,7,915.75,2,469.3,move,improve
9331,7,915.75,2,469.3,move,improve
9332,7,915.75,2,469.3,2opt,notBad
9333,7,915.75,2,469.3,swap,notBad
9334,7,915.75,2,469.3,swap,notBad
9335,7,915.75,2,469.3,move,improve
9336,7,915.75,2,469.3,move,improve
9337,7,915.75,2,469.3,2opt,improve
9338,7,915.75,2,469.3,2opt,notBad
9339,7,915.75,2,469.3,swap,notBad
9340,7,915.75,2,469.3,swap,notBad
9341,7,915.75,2,469.3,move,improve
9342,7,915.75,2,469.3,2opt,notBad
9343,7,915.75,2,469.3,move,improve
9344,7,915.75,2,469.3,move,improve
9345,7,915.75,2,469.3,move,improve
9346,7,915.75,2,469.3,move,improve
9347,7,915.75,2,469.3,swap,notBad
9348,7,915.75,2,469.3,2opt,notBad
9349,7,915.75,2,469.3,move,improve
9350,7,915.75,2,469.3,move,improve
9351,7,915.75,2,469.3,move,improve
9352,7,915.75,2,469.3,move,improve
9353,7,915.75,2,469.3,swap,notBad
9354,7,915.75,2,469.3,swap,notBad
9355,7,915.75,2,469.3,2opt,improve
9356,7,915.75,2,469.3,swap,notBad
9357,7,915.75,2,469.3,move,improve
9358,7,915.75,2,469.3,2opt,notBad
9359,7,915.75,2,469.3,2opt,notBad
9360,7,915.75,2,469.3,swap,notBad
9361,7,915.75,2,469.3,move,improve
9362,7,915.75,2,469.3,move,improve
9363,7,915.75,2,469.3,move,improve
9364,7,915.75,2,469.3,2opt,notBad
9365,7,915.75,2,469.3,2opt,notBad
9366,7,915.75,2,469.3,2opt,notBad
9367,7,915.75,2,469.3,2opt,notBad
9368,7,915.75,2,469.3,swap,notBad
9369,7,915.75,2,469.3,swap,notBad
9370,7,915.75,2,469.3,move,improve
9371,7,915.75,2,469.3,move,improve
9372,7,915.75,2,469.3,2opt,notBad
9373,7,915.75,2,469.3,swap,notBad
9374,7,915.75,2,469.3,2opt,notBad
9375,7,915.75,2,469.3,swap,notBad
9376,7,915.75,2,469.3,swap,notBad
9377,7,915.75,2,469.3,move,improve
9378,7,915.75,2,469.3,2opt,notBad
9379,7,915.75,2,469.3,swap,notBad
9380,7,915.75,2,469.3,2opt,notBad
9381,7,915.75,2,469.3,swap,notBad
9382,7,915.75,2,469.3,2opt,notBad
9383,7,915.75,2,469.3,swap,notBad
9384,7,915.75,2,469.3,move,improve
9385,7,915.75,2,469.3,swap,notBad
9386,7,915.75,2,469.3,2opt,notBad
9387,7,915.75,2,469.3,swap,notBad
9388,7,915.75,2,469.3,swap,notBad
9389,7,915.75,2,469.3,move,improve
9390,7,915.75,2,469.3,move,improve
9391,7,915.75,2,469.3,move,improve
9392,7,915.75,2,469.3,move,improve
9393,7,915.75,2,469.3,move,improve
9394,7,915.75,2,469.3,2opt,notBad
9395,7,915.75,2,469.3,move,improve
9396,7,915.75,2,469.3,move,improve
9397,7,915.75,2,469.3,swap,notBad
9398,7,915.75,2,469.3,2opt,notBad
9399,7,915.75,2,469.3,swap,notBad
9400,7,915.75,2,469.3,2opt,notBad
9401,7,916.9500000000002,2,469.3,swap,acceptBad
9402,7,916.9500000000002,2,469.3,2opt,notBad
9403,7,916.9500000000002,2,469.3,2opt,notBad
9404,7,916.9500000000002,2,469.3,2opt,notBad
9405,7,916.9500000000002,2,469.3,swap,notBad
9406,7,916.9500000000002,2,469.3,move,improve
9407,7,916.9500000000002,2,469.3,2opt,notBad
9408,7,916.9500000000002,2,469.3,swap,notBad
9409,7,916.9500000000002,2,469.3,swap,notBad
9410,7,916.9500000000002,2,469.3,swap,notBad
9411,7,916.9500000000002,2,469.3,swap,notBad
9412,7,916.9500000000002,2,469.3,move,improve
9413,7,916.9500000000002,2,469.3,2opt,improve
9414,7,916.9500000000002,2,469.3,2opt,notBad
9415,7,916.9500000000002,2,469.3,swap,notBad
9416,7,916.9500000000002,2,469.3,2opt,notBad
9417,7,916.9500000000002,2,469.3,move,improve
9418,7,916.9500000000002,2,469.3,move,improve
9419,7,916.9500000000002,2,469.3,move,improve
9420,7,916.9500000000002,2,469.3,2opt,notBad
9421,7,916.9500000000002,2,469.3,swap,notBad
9422,7,916.9500000000002,2,469.3,move,improve
9423,7,916.9500000000002,2,469.3,2opt,notBad
9424,7,916.9500000000002,2,469.3,2opt,notBad
9425,7,916.9500000000002,2,469.3,move,improve
9426,7,916.9500000000002,2,469.3,swap,notBad
9427,7,916.9500000000002,2,469.3,swap,notBad
9428,7,916.9500000000002,2,469.3,2opt,notBad
9429,7,916.9500000000002,2,469.3,swap,notBad
9430,7,916.9500000000002,2,469.3,move,improve
9431,7,916.9500000000002,2,469.3,move,improve
9432,7,916.9500000000002,2,469.3,2opt,notBad
9433,7,916.9500000000002,2,469.3,move,improve
9434,7,916.9500000000002,2,469.3,move,improve
9435,7,916.9500000000002,2,469.3,move,improve
9436,7,916.9500000000002,2,469.3,move,improve
9437,7,916.9500000000002,2,469.3,swap,notBad
9438,7,916.9500000000002,2,469.3,swap,notBad
9439,7,916.9500000000002,2,469.3,2opt,notBad
9440,7,916.9500000000002,2,469.3,move,improve
9441,7,916.9500000000002,2,469.3,move,improve
9442,7,916.9500000000002,2,469.3,2opt,notBad
9443,7,916.9500000000002,2,469.3,swap,notBad
9444,7,916.9500000000002,2,469.3,move,improve
9445,7,916.9500000000002,2,469.3,move,improve
9446,7,916.9500000000002,2,469.3,2opt,notBad
9447,7,916.9500000000002,2,469.3,2opt,notBad
9448,7,916.9500000000002,2,469.3,2opt,notBad
9449,7,916.9500000000002,2,469.3,swap,notBad
9450,7,916.9500000000002,2,469.3,move,improve
9451,7,916.9500000000002,2,469.3,move,improve
9452,7,916.9500000000002,2,469.3,2opt,notBad
9453,7,915.75,2,469.3,swap,improve
9454,7,915.75,2,469.3,2opt,notBad
9455,7,915.75,2,469.3,swap,notBad
9456,7,915.75,2,469.3,2opt,notBad
9457,7,915.75,2,469.3,2opt,notBad
9458,7,915.75,2,469.3,swap,notBad
9459,7,915.75,2,469.3,swap,notBad
9460,7,915.75,2,469.3,move,improve
9461,7,915.75,2,469.3,2opt,notBad
9462,7,915.75,2,469.3,move,improve
9463,7,915.75,2,469.3,2opt,notBad
9464,7,915.75,2,469.3,2opt,notBad
9465,7,915.75,2,469.3,2opt,notBad
9466,7,915.75,2,469.3,swap,notBad
9467,7,915.75,2,469.3,swap,notBad
9468,7,915.75,2,469.3,move,improve
9469,7,915.75,2,469.3,2opt,notBad
9470,7,915.75,2,469.3,swap,notBad
9471,7,915.75,2,469.3,swap,notBad
9472,7,915.75,2,469.3,move,improve
9473,7,915.75,2,469.3,2opt,notBad
9474,7,915.75,2,469.3,move,improve
9475,7,915.75,2,469.3,swap,notBad
9476,7,915.75,2,469.3,swap,notBad
9477,7,915.75,2,469.3,move,improve
9478,7,915.75,2,469.3,2opt,notBad
9479,7,915.75,2,469.3,swap,notBad
9480,7,915.75,2,469.3,move,improve
9481,7,915.75,2,469.3,swap,notBad
9482,7,915.75,2,469.3,2opt,notBad
9483,7,915.75,2,469.3,2opt,notBad
9484,7,915.75,2,469.3,move,improve
9485,7,915.75,2,469.3,move,improve
9486,7,915.75,2,469.3,2opt,notBad
9487,7,915.75,2,469.3,swap,notBad
9488,7,915.75,2,469.3,swap,notBad
9489,7,915.75,2,469.3,swap,notBad
9490,7,915.75,2,469.3,2opt,notBad
9491,7,915.75,2,469.3,move,improve
9492,7,915.75,2,469.3,move,improve
9493,7,916.9500000000002,2,469.3,swap,acceptBad
9494,7,916.9500000000002,2,469.3,move,improve
9495,7,916.9500000000002,2,469.3,move,improve
9496,7,916.9500000000002,2,469.3,swap,notBad
9497,7,916.9500000000002,2,469.3,move,improve
9498,7,916.9500000000002,2,469.3,2opt,notBad
9499,7,916.9500000000002,2,469.3,swap,notBad
9500,7,916.9500000000002,2,469.3,2opt,notBad
9501,7,916.9500000000002,2,469.3,move,improve
9502,7,916.9500000000002,2,469.3,swap,notBad
9503,7,916.9500000000002,2,469.3,2opt,notBad
9504,7,916.9500000000002,2,469.3,move,improve
9505,7,916.9500000000002,2,469.3,swap,notBad
9506,7,916.9500000000002,2,469.3,move,improve
9507,7,916.9500000000002,2,469.3,swap,notBad
9508,7,916.9500000000002,2,469.3,2opt,notBad
9509,7,916.9500000000002,2,469.3,2opt,notBad
9510,7,916.9500000000002,2,469.3,move,improve
9511,7,916.9500000000002,2,469.3,move,improve
9512,7,916.9500000000002,2,469.3,2opt,improve
9513,7,916.9500000000002,2,469.3,swap,notBad
9514,7,916.9500000000002,2,469.3,2opt,notBad
9515,7,916.9500000000002,2,469.3,move,improve
9516,7,916.9500000000002,2,469.3,move,improve
9517,7,916.9500000000002,2,469.3,move,improve
9518,7,916.9500000000002,2,469.3,move,improve
9519,7,916.9500000000002,2,469.3,2opt,notBad
9520,7,916.9500000000002,2,469.3,swap,notBad
9521,7,916.9500000000002,2,469.3,2opt,notBad
9522,7,916.9500000000002,2,469.3,move,improve
9523,7,916.9500000000002,2,469.3,move,improve
9524,7,916.9500000000002,2,469.3,move,improve
9525,7,916.9500000000002,2,469.3,move,improve
9526,7,916.9500000000002,2,469.3,swap,notBad
9527,7,916.9500000000002,2,469.3,2opt,notBad
9528,7,916.9500000000002,2,469.3,move,improve
9529,7,916.9500000000002,2,469.3,move,improve
9530,7,916.9500000000002,2,469.3,2opt,notBad
9531,7,916.9500000000002,2,469.3,2opt,notBad
9532,7,916.9500000000002,2,469.3,swap,notBad
9533,7,916.9500000000002,2,469.3,swap,notBad
9534,7,916.9500000000002,2,469.3,swap,notBad
9535,7,916.9500000000002,2,469.3,move,improve
9536,7,916.9500000000002,2,469.3,move,improve
9537,7,916.9500000000002,2,469.3,2opt,notBad
9538,7,916.9500000000002,2,469.3,2opt,notBad
9539,7,916.9500000000002,2,469.3,2opt,notBad
9540,7,916.9500000000002,2,469.3,move,improve
9541,7,916.9500000000002,2,469.3,move,notBad
9542,7,916.9500000000002,2,469.3,move,improve
9543,7,916.9500000000002,2,469.3,swap,notBad
9544,7,916.9500000000002,2,469.3,swap,notBad
9545,7,916.9500000000002,2,469.3,2opt,notBad
9546,7,916.9500000000002,2,469.3,move,improve
9547,7,916.9500000000002,2,469.3,swap,notBad
9548,7,916.9500000000002,2,469.3,2opt,notBad
9549,7,916.9500000000002,2,469.3,swap,notBad
9550,7,916.9500000000002,2,469.3,move,improve
9551,7,916.9500000000002,2,469.3,2opt,notBad
9552,7,916.9500000000002,2,469.3,2opt,notBad
9553,7,916.9500000000002,2,469.3,swap,notBad
9554,7,916.9500000000002,2,469.3,2opt,notBad
9555,7,916.9500000000002,2,469.3,2opt,notBad
9556,7,916.9500000000002,2,469.3,swap,notBad
9557,7,916.9500000000002,2,469.3,move,improve
9558,7,916.9500000000002,2,469.3,move,improve
9559,7,916.9500000000002,2,469.3,move,improve
9560,7,916.9500000000002,2,469.3,move,improve
9561,7,916.9500000000002,2,469.3,2opt,notBad
9562,7,916.9500000000002,2,469.3,2opt,notBad
9563,7,916.9500000000002,2,469.3,move,improve
9564,7,916.9500000000002,2,469.3,2opt,improve
9565,7,916.9500000000002,2,469.3,2opt,notBad
9566,7,916.9500000000002,2,469.3,move,improve
9567,7,916.9500000000002,2,469.3,2opt,notBad
9568,7,916.9500000000002,2,469.3,swap,notBad
9569,7,917.3500000000001,2,469.3,swap,acceptBad
9570,7,917.3500000000001,2,469.3,2opt,notBad
9571,7,917.3500000000001,2,469.3,2opt,notBad
9572,7,917.3500000000001,2,469.3,move,improve
9573,7,917.3500000000001,2,469.3,2opt,notBad
9574,7,917.3500000000001,2,469.3,swap,notBad
9575,7,917.3500000000001,2,469.3,swap,notBad
9576,7,917.3500000000001,2,469.3,move,improve
9577,7,917.3500000000001,2,469.3,move,improve
9578,7,917.3500000000001,2,469.3,swap,notBad
9579,7,917.3500000000001,2,469.3,swap,notBad
9580,7,917.3500000000001,2,469.3,2opt,notBad
9581,7,917.3500000000001,2,469.3,2opt,notBad
9582,7,917.3500000000001,2,469.3,2opt,notBad
9583,7,917.3500000000001,2,469.3,2opt,notBad
9584,7,917.3500000000001,2,469.3,swap,notBad
9585,7,917.3500000000001,2,469.3,swap,notBad
9586,7,917.3500000000001,2,469.3,move,improve
9587,7,917.3500000000001,2,469.3,2opt,notBad
9588,7,917.3500000000001,2,469.3,move,improve
9589,7,917.3500000000001,2,469.3,swap,notBad
9590,7,917.3500000000001,2,469.3,swap,notBad
9591,7,917.3500000000001,2,469.3,swap,improve
9592,7,917.3500000000001,2,469.3,swap,notBad
9593,7,917.3500000000001,2,469.3,move,improve
9594,7,917.3500000000001,2,469.3,2opt,notBad
9595,7,917.3500000000001,2,469.3,2opt,notBad
9596,7,917.3500000000001,2,469.3,swap,notBad
9597,7,917.3500000000001,2,469.3,2opt,notBad
9598,7,917.3500000000001,2,469.3,swap,notBad
9599,7,917.3500000000001,2,469.3,2opt,notBad
9600,7,917.3500000000001,2,469.3,2opt,improve
9601,7,917.3500000000001,2,469.3,swap,notBad
9602,7,917.3500000000001,2,469.3,2opt,notBad
9603,7,917.3500000000001,2,469.3,swap,notBad
9604,7,917.3500000000001,2,469.3,swap,notBad
9605,7,917.3500000000001,2,469.3,2opt,notBad
9606,7,917.3500000000001,2,469.3,swap,notBad
9607,7,917.3500000000001,2,469.3,move,improve
9608,7,917.3500000000001,2,469.3,swap,notBad
9609,7,917.3500000000001,2,469.3,swap,notBad
9610,7,917.3500000000001,2,469.3,2opt,notBad
9611,7,917.8499999999999,2,469.3,swap,acceptBad
9612,7,917.8499999999999,2,469.3,swap,notBad
9613,7,917.8499999999999,2,469.3,move,improve
9614,7,917.8499999999999,2,469.3,2opt,notBad
9615,7,917.8499999999999,2,469.3,swap,notBad
9616,7,917.8499999999999,2,469.3,2opt,notBad
9617,7,917.8499999999999,2,469.3,2opt,notBad
9618,7,917.8499999999999,2,469.3,2opt,notBad
9619,7,917.8499999999999,2,469.3,2opt,notBad
9620,7,917.8499999999999,2,469.3,move,improve
9621,7,917.8499999999999,2,469.3,2opt,notBad
9622,7,917.8499999999999,2,469.3,move,improve
9623,7,917.8499999999999,2,469.3,2opt,notBad
9624,7,917.8499999999999,2,469.3,move,improve
9625,7,917.8499999999999,2,469.3,move,improve
9626,7,917.8499999999999,2,469.3,2opt,notBad
9627,7,917.8499999999999,2,469.3,swap,notBad
9628,7,917.8499999999999,2,469.3,2opt,notBad
9629,7,917.8499999999999,2,469.3,swap,notBad
9630,7,917.8499999999999,2,469.3,swap,notBad
9631,7,917.8499999999999,2,469.3,move,improve
9632,7,917.8499999999999,2,469.3,swap,notBad
9633,7,917.8499999999999,2,469.3,2opt,notBad
9634,7,917.8499999999999,2,469.3,move,improve
9635,7,917.8499999999999,2,469.3,2opt,notBad
9636,7,917.3500000000001,2,469.3,move,improve
9637,7,917.3500000000001,2,469.3,swap,notBad
9638,7,917.3500000000001,2,469.3,2opt,notBad
9639,7,917.3500000000001,2,469.3,2opt,notBad
9640,7,917.3500000000001,2,469.3,2opt,notBad
9641,7,917.3500000000001,2,469.3,2opt,notBad
9642,7,917.3500000000001,2,469.3,2opt,notBad
9643,7,917.3500000000001,2,469.3,2opt,notBad
9644,7,917.3500000000001,2,469.3,swap,notBad
9645,7,917.3500000000001,2,469.3,move,improve
9646,7,917.3500000000001,2,469.3,2opt,notBad
9647,7,917.3500000000001,2,469.3,swap,notBad
9648,7,917.3500000000001,2,469.3,2opt,notBad
9649,7,917.3500000000001,2,469.3,2opt,notBad
9650,7,917.3500000000001,2,469.3,2opt,notBad
9651,7,917.3500000000001,2,469.3,move,improve
9652,7,917.3500000000001,2,469.3,move,improve
9653,7,917.3500000000001,2,469.3,2opt,notBad
9654,7,917.3500000000001,2,469.3,move,improve
9655,7,917.3500000000001,2,469.3,swap,notBad
9656,7,917.3500000000001,2,469.3,move,improve
9657,7,917.3500000000001,2,469.3,swap,notBad
9658,7,917.3500000000001,2,469.3,swap,notBad
9659,7,917.3500000000001,2,469.3,swap,notBad
9660,7,917.3500000000001,2,469.3,swap,notBad
9661,7,917.3500000000001,2,469.3,2opt,notBad
9662,7,917.3500000000001,2,469.3,swap,notBad
9663,7,917.3500000000001,2,469.3,2opt,notBad
9664,7,917.3500000000001,2,469.3,2opt,notBad
9665,7,917.3500000000001,2,469.3,swap,notBad
9666,7,917.3500000000001,2,469.3,2opt,notBad
9667,7,917.3500000000001,2,469.3,move,improve
9668,7,917.3500000000001,2,469.3,swap,notBad
9669,7,917.3500000000001,2,469.3,swap,notBad
9670,7,917.3500000000001,2,469.3,swap,notBad
9671,7,917.3500000000001,2,469.3,2opt,notBad
9672,7,917.3500000000001,2,469.3,2opt,notBad
9673,7,917.3500000000001,2,469.3,swap,notBad
9674,7,917.3500000000001,2,469.3,2opt,notBad
9675,7,917.3500000000001,2,469.3,2opt,notBad
9676,7,917.3500000000001,2,469.3,move,improve
9677,7,917.3500000000001,2,469.3,move,improve
9678,7,917.3500000000001,2,469.3,move,improve
9679,7,917.3500000000001,2,469.3,swap,notBad
9680,7,917.3500000000001,2,469.3,move,improve
9681,7,917.3500000000001,2,469.3,swap,notBad
9682,7,917.3500000000001,2,469.3,2opt,notBad
9683,7,917.3500000000001,2,469.3,swap,notBad
9684,7,917.3500000000001,2,469.3,move,improve
9685,7,917.3500000000001,2,469.3,2opt,notBad
9686,7,917.3500000000001,2,469.3,move,improve
9687,7,917.3500000000001,2,469.3,move,improve
9688,7,917.3500000000001,2,469.3,swap,notBad
9689,7,917.3500000000001,2,469.3,2opt,notBad
9690,7,917.3500000000001,2,469.3,move,improve
9691,7,917.3500000000001,2,469.3,move,improve
9692,7,917.3500000000001,2,469.3,2opt,notBad
9693,7,917.3500000000001,2,469.3,move,improve
9694,7,917.3500000000001,2,469.3,move,improve
9695,7,917.3500000000001,2,469.3,move,improve
9696,7,917.3500000000001,2,469.3,move,improve
9697,7,917.3500000000001,2,469.3,move,improve
9698,7,917.3500000000001,2,469.3,swap,notBad
9699,7,917.3500000000001,2,469.3,swap,notBad
9700,7,917.3500000000001,2,469.3,swap,notBad
9701,7,917.3500000000001,2,469.3,move,improve
9702,7,917.3500000000001,2,469.3,swap,notBad
9703,7,917.3500000000001,2,469.3,2opt,notBad
9704,7,917.3500000000001,2,469.3,swap,notBad
9705,7,917.3500000000001,2,469.3,swap,notBad
9706,7,917.3500000000001,2,469.3,2opt,notBad
9707,7,917.3500000000001,2,469.3,move,improve
9708,7,917.3500000000001,2,469.3,swap,notBad
9709,7,917.3500000000001,2,469.3,swap,notBad
9710,7,917.3500000000001,2,469.3,move,improve
9711,7,917.3500000000001,2,469.3,move,improve
9712,7,917.3500000000001,2,469.3,2opt,improve
9713,7,917.3500000000001,2,469.3,2opt,notBad
9714,7,917.3500000000001,2,469.3,2opt,notBad
9715,7,917.3500000000001,2,469.3,swap,notBad
9716,7,917.3500000000001,2,469.3,2opt,notBad
9717,7,917.3500000000001,2,469.3,2opt,notBad
9718,7,917.3500000000001,2,469.3,2opt,notBad
9719,7,917.3500000000001,2,469.3,swap,notBad
9720,7,917.3500000000001,2,469.3,move,improve
9721,7,917.3500000000001,2,469.3,2opt,notBad
9722,7,917.3500000000001,2,469.3,swap,notBad
9723,7,917.3500000000001,2,469.3,swap,notBad
9724,7,917.3500000000001,2,469.3,move,improve
9725,7,917.3500000000001,2,469.3,swap,notBad
9726,7,917.3500000000001,2,469.3,swap,notBad
9727,7,917.3500000000001,2,469.3,2opt,notBad
9728,7,917.3500000000001,2,469.3,swap,notBad
9729,7,917.3500000000001,2,469.3,move,improve
9730,7,917.3500000000001,2,469.3,move,improve
9731,7,917.3500000000001,2,469.3,move,improve
9732,7,917.3500000000001,2,469.3,move,improve
9733,7,917.3500000000001,2,469.3,move,improve
9734,7,917.3500000000001,2,469.3,swap,notBad
9735,7,917.3500000000001,2,469.3,2opt,notBad
9736,7,917.3500000000001,2,469.3,2opt,notBad
9737,7,917.3500000000001,2,469.3,swap,notBad
9738,7,917.3500000000001,2,469.3,2opt,notBad
9739,7,917.3500000000001,2,469.3,move,improve
9740,7,917.3500000000001,2,469.3,swap,notBad
9741,7,917.3500000000001,2,469.3,2opt,notBad
9742,7,917.3500000000001,2,469.3,move,improve
9743,7,917.3500000000001,2,469.3,2opt,notBad
9744,7,917.3500000000001,2,469.3,move,improve
9745,7,917.3500000000001,2,469.3,move,improve
9746,7,917.3500000000001,2,469.3,swap,notBad
9747,7,917.3500000000001,2,469.3,move,improve
9748,7,917.3500000000001,2,469.3,swap,notBad
9749,7,917.3500000000001,2,469.3,swap,notBad
9750,7,917.3500000000001,2,469.3,2opt,notBad
9751,7,917.3500000000001,2,469.3,2opt,notBad
9752,7,917.3500000000001,2,469.3,move,improve
9753,7,917.3500000000001,2,469.3,2opt,improve
9754,7,917.3500000000001,2,469.3,move,improve
9755,7,917.3500000000001,2,469.3,swap,notBad
9756,7,917.3500000000001,2,469.3,swap,notBad
9757,7,917.3500000000001,2,469.3,move,improve
9758,7,917.3500000000001,2,469.3,move,improve
9759,7,917.3500000000001,2,469.3,2opt,notBad
9760,7,917.3500000000001,2,469.3,2opt,notBad
9761,7,917.3500000000001,2,469.3,2opt,notBad
9762,7,917.3500000000001,2,469.3,swap,notBad
9763,7,917.3500000000001,2,469.3,2opt,notBad
9764,7,917.3500000000001,2,469.3,move,improve
9765,7,917.3500000000001,2,469.3,swap,notBad
9766,7,917.3500000000001,2,469.3,move,improve
9767,7,917.3500000000001,2,469.3,swap,notBad
9768,7,917.3500000000001,2,469.3,swap,notBad
9769,7,917.3500000000001,2,469.3,move,improve
9770,7,917.3500000000001,2,469.3,2opt,notBad
9771,7,917.3500000000001,2,469.3,move,improve
9772,7,917.3500000000001,2,469.3,swap,notBad
9773,7,917.3500000000001,2,469.3,move,improve
9774,7,917.3500000000001,2,469.3,move,improve
9775,7,917.3500000000001,2,469.3,move,improve
9776,7,917.3500000000001,2,469.3,swap,notBad
9777,7,917.3500000000001,2,469.3,swap,notBad
9778,7,917.3500000000001,2,469.3,2opt,improve
9779,7,917.3500000000001,2,469.3,move,improve
9780,7,917.3500000000001,2,469.3,move,improve
9781,7,917.3500000000001,2,469.3,move,improve
9782,7,917.3500000000001,2,469.3,swap,notBad
9783,7,917.3500000000001,2,469.3,move,improve
9784,7,917.3500000000001,2,469.3,move,improve
9785,7,917.3500000000001,2,469.3,move,improve
9786,7,917.3500000000001,2,469.3,2opt,notBad
9787,7,917.3500000000001,2,469.3,swap,notBad
9788,7,917.3500000000001,2,469.3,2opt,notBad
9789,7,917.3500000000001,2,469.3,move,improve
9790,7,917.3500000000001,2,469.3,move,improve
9791,7,917.3500000000001,2,469.3,move,improve
9792,7,917.3500000000001,2,469.3,2opt,notBad
9793,7,917.3500000000001,2,469.3,swap,notBad
9794,7,917.3500000000001,2,469.3,2opt,notBad
9795,7,917.3500000000001,2,469.3,2opt,notBad
9796,7,917.3500000000001,2,469.3,2opt,notBad
9797,7,917.3500000000001,2,469.3,swap,notBad
9798,7,917.3500000000001,2,469.3,swap,notBad
9799,7,917.3500000000001,2,469.3,move,improve
9800,7,917.3500000000001,2,469.3,move,improve
9801,7,917.3500000000001,2,469.3,2opt,notBad
9802,7,917.3500000000001,2,469.3,2opt,notBad
9803,7,917.3500000000001,2,469.3,swap,notBad
9804,7,917.3500000000001,2,469.3,swap,notBad
9805,7,917.3500000000001,2,469.3,swap,notBad
9806,7,917.3500000000001,2,469.3,swap,notBad
9807,7,917.3500000000001,2,469.3,move,improve
9808,7,917.3500000000001,2,469.3,move,improve
9809,7,917.3500000000001,2,469.3,move,improve
9810,7,917.3500000000001,2,469.3,2opt,notBad
9811,7,917.3500000000001,2,469.3,swap,notBad
9812,7,917.3500000000001,2,469.3,swap,notBad
9813,7,917.3500000000001,2,469.3,move,improve
9814,7,917.3500000000001,2,469.3,move,improve
9815,7,917.3500000000001,2,469.3,move,improve
9816,7,917.3500000000001,2,469.3,2opt,improve
9817,7,917.3500000000001,2,469.3,2opt,notBad
9818,7,917.3500000000001,2,469.3,2opt,improve
9819,7,917.3500000000001,2,469.3,2opt,notBad
9820,7,917.3500000000001,2,469.3,2opt,notBad
9821,7,917.3500000000001,2,469.3,swap,notBad
9822,7,917.3500000000001,2,469.3,swap,notBad
9823,7,917.3500000000001,2,469.3,swap,notBad
9824,7,917.3500000000001,2,469.3,move,improve
9825,7,917.3500000000001,2,469.3,swap,notBad
9826,7,917.3500000000001,2,469.3,swap,notBad
9827,7,917.3500000000001,2,469.3,swap,notBad
9828,7,917.3500000000001,2,469.3,swap,notBad
9829,7,917.3500000000001,2,469.3,move,improve
9830,7,917.3500000000001,2,469.3,swap,notBad
9831,7,917.3500000000001,2,469.3,2opt,notBad
9832,7,917.3500000000001,2,469.3,2opt,notBad
9833,7,917.3500000000001,2,469.3,swap,notBad
9834,7,917.3500000000001,2,469.3,2opt,notBad
9835,7,917.3500000000001,2,469.3,move,improve
9836,7,917.3500000000001,2,469.3,move,improve
9837,7,917.3500000000001,2,469.3,move,improve
9838,7,917.3500000000001,2,469.3,2opt,notBad
9839,7,917.3500000000001,2,469.3,move,improve
9840,7,917.3500000000001,2,469.3,swap,notBad
9841,7,917.3500000000001,2,469.3,move,improve
9842,7,917.3500000000001,2,469.3,swap,notBad
9843,7,917.3500000000001,2,469.3,move,improve
9844,7,917.3500000000001,2,469.3,2opt,notBad
9845,7,917.3500000000001,2,469.3,2opt,notBad
9846,7,917.3500000000001,2,469.3,swap,notBad
9847,7,917.3500000000001,2,469.3,swap,notBad
9848,7,917.3500000000001,2,469.3,2opt,notBad
9849,7,917.3500000000001,2,469.3,swap,notBad
9850,7,917.3500000000001,2,469.3,move,improve
9851,7,917.3500000000001,2,469.3,move,improve
9852,7,917.3500000000001,2,469.3,2opt,notBad
9853,7,917.3500000000001,2,469.3,move,improve
9854,7,917.3500000000001,2,469.3,2opt,notBad
9855,7,917.3500000000001,2,469.3,move,improve
9856,7,917.3500000000001,2,469.3,move,improve
9857,7,917.3500000000001,2,469.3,2opt,notBad
9858,7,917.3500000000001,2,469.3,move,improve
9859,7,917.3500000000001,2,469.3,swap,notBad
9860,7,917.3500000000001,2,469.3,move,improve
9861,7,917.3500000000001,2,469.3,move,improve
9862,7,917.3500000000001,2,469.3,2opt,notBad
9863,7,917.3500000000001,2,469.3,2opt,notBad
9864,7,917.3500000000001,2,469.3,move,improve
9865,7,917.3500000000001,2,469.3,2opt,notBad
9866,7,917.3500000000001,2,469.3,swap,notBad
9867,7,917.3500000000001,2,469.3,swap,notBad
9868,7,917.3500000000001,2,469.3,move,improve
9869,7,917.3500000000001,2,469.3,move,improve
9870,7,917.3500000000001,2,469.3,move,improve
9871,7,917.3500000000001,2,469.3,2opt,notBad
9872,7,917.3500000000001,2,469.3,swap,notBad
9873,7,917.3500000000001,2,469.3,move,improve
9874,7,917.3500000000001,2,469.3,move,improve
9875,7,917.3500000000001,2,469.3,move,improve
9876,7,917.3500000000001,2,469.3,swap,notBad
9877,7,917.3500000000001,2,469.3,move,improve
9878,7,917.3500000000001,2,469.3,swap,notBad
9879,7,917.3500000000001,2,469.3,2opt,notBad
9880,7,917.3500000000001,2,469.3,move,improve
9881,7,917.3500000000001,2,469.3,move,improve
9882,7,917.3500000000001,2,469.3,move,improve
9883,7,917.3500000000001,2,469.3,swap,notBad
9884,7,917.3500000000001,2,469.3,2opt,notBad
9885,7,917.3500000000001,2,469.3,move,improve
9886,7,917.3500000000001,2,469.3,move,improve
9887,7,917.3500000000001,2,469.3,2opt,improve
9888,7,917.3500000000001,2,469.3,move,notBad
9889,7,917.3500000000001,2,469.3,2opt,improve
9890,7,917.3500000000001,2,469.3,2opt,notBad
9891,7,917.3500000000001,2,469.3,2opt,notBad
9892,7,917.3500000000001,2,469.3,swap,notBad
9893,7,917.3500000000001,2,469.3,move,improve
9894,7,917.3500000000001,2,469.3,2opt,notBad
9895,7,917.3500000000001,2,469.3,move,improve
9896,7,917.3500000000001,2,469.3,2opt,notBad
9897,7,917.3500000000001,2,469.3,swap,notBad
9898,7,917.3500000000001,2,469.3,swap,notBad
9899,7,917.3500000000001,2,469.3,swap,notBad
9900,7,917.3500000000001,2,469.3,move,improve
9901,7,917.3500000000001,2,469.3,2opt,notBad
9902,7,917.3500000000001,2,469.3,2opt,notBad
9903,7,917.3500000000001,2,469.3,2opt,notBad
9904,7,917.3500000000001,2,469.3,swap,notBad
9905,7,917.3500000000001,2,469.3,move,improve
9906,7,917.3500000000001,2,469.3,2opt,notBad
9907,7,917.3500000000001,2,469.3,move,improve
9908,7,917.3500000000001,2,469.3,swap,notBad
9909,7,917.3500000000001,2,469.3,2opt,improve
9910,7,917.3500000000001,2,469.3,2opt,notBad
9911,7,917.3500000000001,2,469.3,move,improve
9912,7,917.3500000000001,2,469.3,2opt,notBad
9913,7,917.3500000000001,2,469.3,move,improve
9914,7,917.3500000000001,2,469.3,move,improve
9915,7,917.3500000000001,2,469.3,move,improve
9916,7,917.3500000000001,2,469.3,2opt,notBad
9917,7,917.3500000000001,2,469.3,move,improve
9918,7,917.3500000000001,2,469.3,2opt,notBad
9919,7,917.3500000000001,2,469.3,swap,notBad
9920,7,917.3500000000001,2,469.3,2opt,improve
9921,7,917.3500000000001,2,469.3,swap,notBad
9922,7,917.3500000000001,2,469.3,2opt,notBad
9923,7,917.3500000000001,2,469.3,2opt,notBad
9924,7,917.3500000000001,2,469.3,move,improve
9925,7,917.3500000000001,2,469.3,swap,notBad
9926,7,917.3500000000001,2,469.3,move,improve
9927,7,917.3500000000001,2,469.3,2opt,notBad
9928,7,917.3500000000001,2,469.3,swap,notBad
9929,7,917.3500000000001,2,469.3,move,improve
9930,7,917.3500000000001,2,469.3,2opt,notBad
9931,7,917.3500000000001,2,469.3,2opt,notBad
9932,7,917.3500000000001,2,469.3,move,improve
9933,7,917.3500000000001,2,469.3,2opt,notBad
9934,7,917.3500000000001,2,469.3,swap,notBad
9935,7,917.3500000000001,2,469.3,move,improve
9936,7,917.3500000000001,2,469.3,swap,notBad
9937,7,917.3500000000001,2,469.3,swap,notBad
9938,7,917.3500000000001,2,469.3,2opt,notBad
9939,7,917.3500000000001,2,469.3,swap,notBad
9940,7,917.3500000000001,2,469.3,swap,notBad
9941,7,917.3500000000001,2,469.3,2opt,notBad
9942,7,917.3500000000001,2,469.3,move,improve
9943,7,917.3500000000001,2,469.3,move,improve
9944,7,917.3500000000001,2,469.3,move,notBad
9945,7,917.3500000000001,2,469.3,move,improve
9946,7,917.3500000000001,2,469.3,move,improve
9947,7,917.3500000000001,2,469.3,swap,notBad
9948,7,917.3500000000001,2,469.3,2opt,notBad
9949,7,917.3500000000001,2,469.3,swap,notBad
9950,7,917.3500000000001,2,469.3,move,improve
9951,7,917.3500000000001,2,469.3,move,improve
9952,7,917.3500000000001,2,469.3,move,improve
9953,7,917.3500000000001,2,469.3,swap,notBad
9954,7,917.3500000000001,2,469.3,move,improve
9955,7,917.3500000000001,2,469.3,move,improve
9956,7,917.3500000000001,2,469.3,swap,notBad
9957,7,917.3500000000001,2,469.3,2opt,notBad
9958,7,917.3500000000001,2,469.3,move,improve
9959,7,917.3500000000001,2,469.3,swap,notBad
9960,7,917.3500000000001,2,469.3,swap,notBad
9961,7,917.3500000000001,2,469.3,swap,notBad
9962,7,917.3500000000001,2,469.3,swap,notBad
9963,7,917.3500000000001,2,469.3,2opt,notBad
9964,7,917.3500000000001,2,469.3,2opt,improve
9965,7,917.3500000000001,2,469.3,2opt,notBad
9966,7,917.3500000000001,2,469.3,2opt,notBad
9967,7,917.3500000000001,2,469.3,2opt,notBad
9968,7,917.3500000000001,2,469.3,move,improve
9969,7,917.3500000000001,2,469.3,swap,notBad
9970,7,917.3500000000001,2,469.3,move,improve
9971,7,917.3500000000001,2,469.3,2opt,notBad
9972,7,917.3500000000001,2,469.3,2opt,notBad
9973,7,917.3500000000001,2,469.3,move,improve
9974,7,917.3500000000001,2,469.3,2opt,notBad
9975,7,917.3500000000001,2,469.3,swap,notBad
9976,7,917.3500000000001,2,469.3,move,improve
9977,7,917.3500000000001,2,469.3,move,improve
9978,7,917.3500000000001,2,469.3,move,improve
9979,7,917.3500000000001,2,469.3,2opt,notBad
9980,7,917.3500000000001,2,469.3,move,improve
9981,7,917.3500000000001,2,469.3,swap,notBad
9982,7,917.3500000000001,2,469.3,2opt,notBad
9983,7,917.3500000000001,2,469.3,2opt,notBad
9984,7,917.3500000000001,2,469.3,move,improve
9985,7,917.3500000000001,2,469.3,2opt,notBad
9986,7,917.3500000000001,2,469.3,2opt,notBad
9987,7,917.3500000000001,2,469.3,swap,notBad
9988,7,917.3500000000001,2,469.3,move,improve
9989,7,917.3500000000001,2,469.3,2opt,notBad
9990,7,917.3500000000001,2,469.3,move,improve
9991,7,917.3500000000001,2,469.3,swap,notBad
9992,7,917.3500000000001,2,469.3,swap,notBad
9993,7,917.3500000000001,2,469.3,move,improve
9994,7,917.3500000000001,2,469.3,move,improve
9995,7,918.7500000000001,2,469.3,swap,acceptBad
9996,7,918.7500000000001,2,469.3,2opt,notBad
9997,7,918.7500000000001,2,469.3,2opt,notBad
9998,7,918.7500000000001,2,469.3,swap,notBad
9999,7,918.7500000000001,2,469.3,2opt,notBad
10000,7,918.7500000000001,2,469.3,swap,notBad
10001,7,918.7500000000001,2,469.3,swap,notBad
10002,7,918.7500000000001,2,469.3,2opt,notBad
10003,7,918.7500000000001,2,469.3,2opt,notBad
10004,7,918.7500000000001,2,469.3,2opt,improve
10005,7,918.7500000000001,2,469.3,swap,notBad
10006,7,918.7500000000001,2,469.3,2opt,notBad
10007,7,918.7500000000001,2,469.3,2opt,notBad
10008,7,918.7500000000001,2,469.3,swap,notBad
10009,7,918.7500000000001,2,469.3,2opt,notBad
10010,7,918.7500000000001,2,469.3,2opt,notBad
10011,7,918.7500000000001,2,469.3,2opt,notBad
10012,7,918.7500000000001,2,469.3,2opt,improve
10013,7,918.7500000000001,2,469.3,move,improve
10014,7,918.7500000000001,2,469.3,move,improve
10015,7,918.7500000000001,2,469.3,2opt,notBad
10016,7,918.7500000000001,2,469.3,swap,notBad
10017,7,918.7500000000001,2,469.3,swap,notBad
10018,7,918.7500000000001,2,469.3,2opt,notBad
10019,7,918.7500000000001,2,469.3,2opt,improve
10020,7,918.7500000000001,2,469.3,2opt,notBad
10021,7,918.7500000000001,2,469.3,move,improve
10022,7,918.7500000000001,2,469.3,2opt,notBad
10023,7,918.7500000000001,2,469.3,swap,notBad
10024,7,918.7500000000001,2,469.3,swap,notBad
10025,7,918.7500000000001,2,469.3,2opt,improve
10026,7,918.7500000000001,2,469.3,swap,notBad
10027,7,918.7500000000001,2,469.3,2opt,notBad
10028,7,918.7500000000001,2,469.3,2opt,notBad
10029,7,918.7500000000001,2,469.3,swap,notBad
10030,7,918.7500000000001,2,469.3,swap,notBad
10031,7,918.7500000000001,2,469.3,swap,notBad
10032,7,918.7500000000001,2,469.3,2opt,notBad
10033,7,918.7500000000001,2,469.3,move,improve
10034,7,918.7500000000001,2,469.3,move,improve
10035,7,918.7500000000001,2,469.3,2opt,notBad
10036,7,918.7500000000001,2,469.3,swap,notBad
10037,7,918.7500000000001,2,469.3,2opt,notBad
10038,7,918.7500000000001,2,469.3,move,improve
10039,7,918.7500000000001,2,469.3,move,improve
10040,7,918.7500000000001,2,469.3,swap,notBad
10041,7,918.7500000000001,2,469.3,move,improve
10042,7,918.7500000000001,2,469.3,swap,notBad
10043,7,918.7500000000001,2,469.3,2opt,notBad
10044,7,918.7500000000001,2,469.3,2opt,notBad
10045,7,918.7500000000001,2,469.3,swap,notBad
10046,7,918.7500000000001,2,469.3,2opt,notBad
10047,7,918.7500000000001,2,469.3,swap,notBad
10048,7,918.7500000000001,2,469.3,move,improve
10049,7,918.7500000000001,2,469.3,swap,notBad
10050,7,918.7500000000001,2,469.3,2opt,notBad
10051,7,918.7500000000001,2,469.3,swap,notBad
10052,7,918.7500000000001,2,469.3,move,improve
10053,7,918.7500000000001,2,469.3,swap,notBad
10054,7,918.7500000000001,2,469.3,swap,notBad
10055,7,918.7500000000001,2,469.3,swap,notBad
10056,7,918.7500000000001,2,469.3,move,improve
10057,7,918.7500000000001,2,469.3,swap,notBad
10058,7,918.7500000000001,2,469.3,swap,notBad
10059,7,918.7500000000001,2,469.3,swap,notBad
10060,7,918.7500000000001,2,469.3,swap,notBad
10061,7,918.7500000000001,2,469.3,swap,notBad
10062,7,918.7500000000001,2,469.3,swap,notBad
10063,7,918.7500000000001,2,469.3,2opt,notBad
10064,7,918.7500000000001,2,469.3,move,improve
10065,7,918.7500000000001,2,469.3,2opt,notBad
10066,7,918.7500000000001,2,469.3,swap,notBad
10067,7,918.7500000000001,2,469.3,move,improve
10068,7,918.7500000000001,2,469.3,swap,notBad
10069,7,918.7500000000001,2,469.3,2opt,notBad
10070,7,918.7500000000001,2,469.3,2opt,notBad
10071,7,918.7500000000001,2,469.3,swap,notBad
10072,7,918.7500000000001,2,469.3,2opt,notBad
10073,7,918.7500000000001,2,469.3,move,improve
10074,7,918.7500000000001,2,469.3,swap,notBad
10075,7,918.7500000000001,2,469.3,2opt,improve
10076,7,918.7500000000001,2,469.3,move,improve
10077,7,918.7500000000001,2,469.3,move,improve
10078,7,917.3500000000001,2,469.3,move,improve
10079,7,917.3500000000001,2,469.3,swap,notBad
10080,7,917.3500000000001,2,469.3,swap,notBad
10081,7,917.3500000000001,2,469.3,2opt,notBad
10082,7,917.3500000000001,2,469.3,move,improve
10083,7,917.3500000000001,2,469.3,2opt,notBad
10084,7,917.3500000000001,2,469.3,2opt,notBad
10085,7,917.3500000000001,2,469.3,2opt,improve
10086,7,917.3500000000001,2,469.3,swap,notBad
10087,7,917.3500000000001,2,469.3,move,improve
10088,7,917.3500000000001,2,469.3,swap,notBad
10089,7,917.3500000000001,2,469.3,swap,notBad
10090,7,917.3500000000001,2,469.3,2opt,notBad
10091,7,917.3500000000001,2,469.3,swap,notBad
10092,7,917.3500000000001,2,469.3,move,improve
10093,7,917.3500000000001,2,469.3,swap,notBad
10094,7,917.3500000000001,2,469.3,swap,notBad
10095,7,917.3500000000001,2,469.3,move,improve
10096,7,917.3500000000001,2,469.3,move,improve
10097,7,917.3500000000001,2,469.3,move,improve
10098,7,917.3500000000001,2,469.3,swap,notBad
10099,7,917.3500000000001,2,469.3,swap,notBad
10100,7,917.3500000000001,2,469.3,move,improve
10101,7,917.3500000000001,2,469.3,2opt,notBad
10102,7,917.3500000000001,2,469.3,move,improve
10103,7,917.3500000000001,2,469.3,move,improve
10104,7,917.3500000000001,2,469.3,move,improve
10105,7,917.3500000000001,2,469.3,swap,notBad
10106,7,917.3500000000001,2,469.3,move,notBad
10107,7,917.3500000000001,2,469.3,2opt,notBad
10108,7,917.3500000000001,2,469.3,swap,notBad
10109,7,917.3500000000001,2,469.3,swap,notBad
10110,7,917.3500000000001,2,469.3,2opt,notBad
10111,7,917.3500000000001,2,469.3,2opt,notBad
10112,7,917.3500000000001,2,469.3,move,improve
10113,7,917.3500000000001,2,469.3,move,improve
10114,7,917.3500000000001,2,469.3,move,improve
10115,7,917.3500000000001,2,469.3,swap,notBad
10116,7,917.3500000000001,2,469.3,swap,notBad
10117,7,917.3500000000001,2,469.3,swap,notBad
10118,7,917.3500000000001,2,469.3,move,improve
10119,7,917.3500000000001,2,469.3,move,improve
10120,7,917.3500000000001,2,469.3,2opt,notBad
10121,7,917.3500000000001,2,469.3,move,improve
10122,7,917.3500000000001,2,469.3,swap,notBad
10123,7,917.3500000000001,2,469.3,2opt,notBad
10124,7,917.3500000000001,2,469.3,move,improve
10125,7,917.3500000000001,2,469.3,2opt,improve
10126,7,917.3500000000001,2,469.3,2opt,improve
10127,7,917.3500000000001,2,469.3,move,improve
10128,7,917.3500000000001,2,469.3,move,improve
10129,7,917.3500000000001,2,469.3,2opt,improve
10130,7,917.3500000000001,2,469.3,swap,notBad
10131,7,917.3500000000001,2,469.3,move,improve
10132,7,917.3500000000001,2,469.3,swap,notBad
10133,7,917.3500000000001,2,469.3,move,improve
10134,7,917.3500000000001,2,469.3,swap,notBad
10135,7,917.3500000000001,2,469.3,swap,notBad
10136,7,917.3500000000001,2,469.3,2opt,notBad
10137,7,917.3500000000001,2,469.3,2opt,notBad
10138,7,917.3500000000001,2,469.3,swap,notBad
10139,7,917.3500000000001,2,469.3,2opt,notBad
10140,7,917.3500000000001,2,469.3,move,improve
10141,7,917.3500000000001,2,469.3,move,improve
10142,7,917.3500000000001,2,469.3,move,improve
10143,7,917.3500000000001,2,469.3,2opt,notBad
10144,7,917.3500000000001,2,469.3,move,improve
10145,7,917.3500000000001,2,469.3,move,improve
10146,7,917.3500000000001,2,469.3,2opt,notBad
10147,7,917.3500000000001,2,469.3,move,improve
10148,7,917.3500000000001,2,469.3,move,improve
10149,7,917.3500000000001,2,469.3,swap,notBad
10150,7,917.3500000000001,2,469.3,swap,notBad
10151,7,917.3500000000001,2,469.3,swap,notBad
10152,7,917.3500000000001,2,469.3,2opt,improve
10153,7,917.3500000000001,2,469.3,move,improve
10154,7,917.3500000000001,2,469.3,swap,notBad
10155,7,917.3500000000001,2,469.3,2opt,notBad
10156,7,917.3500000000001,2,469.3,swap,notBad
10157,7,917.3500000000001,2,469.3,swap,notBad
10158,7,917.3500000000001,2,469.3,2opt,notBad
10159,7,917.3500000000001,2,469.3,move,notBad
10160,7,917.3500000000001,2,469.3,2opt,notBad
10161,7,917.3500000000001,2,469.3,swap,notBad
10162,7,917.3500000000001,2,469.3,2opt,notBad
10163,7,917.3500000000001,2,469.3,move,improve
10164,7,917.3500000000001,2,469.3,move,improve
10165,7,917.3500000000001,2,469.3,swap,notBad
10166,7,917.3500000000001,2,469.3,2opt,notBad
10167,7,917.3500000000001,2,469.3,2opt,notBad
10168,7,917.3500000000001,2,469.3,move,improve
10169,7,917.3500000000001,2,469.3,swap,notBad
10170,7,917.3500000000001,2,469.3,move,improve
10171,7,917.3500000000001,2,469.3,2opt,notBad
10172,7,917.3500000000001,2,469.3,move,improve
10173,7,917.3500000000001,2,469.3,move,improve
10174,7,917.3500000000001,2,469.3,move,improve
10175,7,917.3500000000001,2,469.3,2opt,notBad
10176,7,917.3500000000001,2,469.3,swap,notBad
10177,7,917.3500000000001,2,469.3,move,improve
10178,7,917.3500000000001,2,469.3,move,improve
10179,7,917.3500000000001,2,469.3,swap,notBad
10180,7,917.3500000000001,2,469.3,2opt,notBad
10181,7,917.3500000000001,2,469.3,2opt,notBad
10182,7,917.3500000000001,2,469.3,2opt,notBad
10183,7,917.3500000000001,2,469.3,move,improve
10184,7,917.3500000000001,2,469.3,swap,notBad
10185,7,917.3500000000001,2,469.3,2opt,notBad
10186,7,917.3500000000001,2,469.3,2opt,notBad
10187,7,917.3500000000001,2,469.3,move,improve
10188,7,917.3500000000001,2,469.3,swap,notBad
10189,7,917.3500000000001,2,469.3,move,improve
10190,7,917.3500000000001,2,469.3,move,improve
10191,7,917.3500000000001,2,469.3,move,improve
10192,7,917.3500000000001,2,469.3,2opt,improve
10193,7,917.3500000000001,2,469.3,swap,notBad
10194,7,917.3500000000001,2,469.3,swap,notBad
10195,7,917.3500000000001,2,469.3,2opt,notBad
10196,7,917.3500000000001,2,469.3,2opt,notBad
10197,7,917.3500000000001,2,469.3,2opt,notBad
10198,7,917.3500000000001,2,469.3,swap,notBad
10199,7,917.3500000000001,2,469.3,2opt,notBad
10200,7,917.3500000000001,2,469.3,move,improve
10201,7,917.3500000000001,2,469.3,swap,notBad
10202,7,917.3500000000001,2,469.3,move,improve
10203,7,917.3500000000001,2,469.3,move,improve
10204,7,917.3500000000001,2,469.3,swap,notBad
10205,7,917.3500000000001,2,469.3,swap,notBad
10206,7,917.3500000000001,2,469.3,move,improve
10207,7,917.3500000000001,2,469.3,swap,notBad
10208,7,917.3500000000001,2,469.3,swap,notBad
10209,7,917.3500000000001,2,469.3,move,improve
10210,7,917.3500000000001,2,469.3,2opt,notBad
10211,7,917.3500000000001,2,469.3,2opt,notBad
10212,7,917.3500000000001,2,469.3,swap,notBad
10213,7,917.3500000000001,2,469.3,2opt,notBad
10214,7,917.3500000000001,2,469.3,2opt,notBad
10215,7,917.3500000000001,2,469.3,2opt,notBad
10216,7,917.3500000000001,2,469.3,move,improve
10217,7,917.3500000000001,2,469.3,move,improve
10218,7,917.3500000000001,2,469.3,swap,notBad
10219,7,917.3500000000001,2,469.3,2opt,notBad
10220,7,917.3500000000001,2,469.3,2opt,notBad
10221,7,917.3500000000001,2,469.3,swap,notBad
10222,7,917.3500000000001,2,469.3,move,improve
10223,7,917.3500000000001,2,469.3,move,improve
10224,7,917.3500000000001,2,469.3,2opt,notBad
10225,7,917.3500000000001,2,469.3,2opt,notBad
10226,7,917.3500000000001,2,469.3,move,improve
10227,7,917.3500000000001,2,469.3,move,improve
10228,7,917.3500000000001,2,469.3,2opt,notBad
10229,7,917.3500000000001,2,469.3,move,improve
10230,7,917.3500000000001,2,469.3,2opt,notBad
10231,7,917.3500000000001,2,469.3,swap,notBad
10232,7,917.3500000000001,2,469.3,2opt,notBad
10233,7,917.3500000000001,2,469.3,move,improve
10234,7,917.3500000000001,2,469.3,move,improve
10235,7,917.3500000000001,2,469.3,2opt,notBad
10236,7,917.3500000000001,2,469.3,2opt,notBad
10237,7,917.3500000000001,2,469.3,2opt,notBad
10238,7,917.3500000000001,2,469.3,2opt,notBad
10239,7,917.3500000000001,2,469.3,2opt,notBad
10240,7,917.3500000000001,2,469.3,swap,notBad
10241,7,917.3500000000001,2,469.3,move,improve
10242,7,917.3500000000001,2,469.3,2opt,notBad
10243,7,917.3500000000001,2,469.3,move,improve
10244,7,917.3500000000001,2,469.3,move,improve
10245,7,917.3500000000001,2,469.3,move,improve
10246,7,917.3500000000001,2,469.3,move,improve
10247,7,917.3500000000001,2,469.3,swap,notBad
10248,7,917.3500000000001,2,469.3,swap,notBad
10249,7,917.3500000000001,2,469.3,move,improve
10250,7,917.3500000000001,2,469.3,swap,notBad
10251,7,917.3500000000001,2,469.3,move,improve
10252,7,917.3500000000001,2,469.3,swap,notBad
10253,7,917.3500000000001,2,469.3,swap,notBad
10254,7,917.3500000000001,2,469.3,swap,notBad
10255,7,917.3500000000001,2,469.3,move,improve
10256,7,917.3500000000001,2,469.3,move,improve
10257,7,917.3500000000001,2,469.3,2opt,notBad
10258,7,917.3500000000001,2,469.3,move,improve
10259,7,917.3500000000001,2,469.3,2opt,notBad
10260,7,917.3500000000001,2,469.3,move,improve
10261,7,917.3500000000001,2,469.3,move,improve
10262,7,917.3500000000001,2,469.3,swap,notBad
10263,7,917.3500000000001,2,469.3,2opt,notBad
10264,7,917.3500000000001,2,469.3,swap,notBad
10265,7,917.3500000000001,2,469.3,move,improve
10266,7,917.3500000000001,2,469.3,move,improve
10267,7,917.3500000000001,2,469.3,2opt,notBad
10268,7,917.3500000000001,2,469.3,2opt,notBad
10269,7,917.3500000000001,2,469.3,2opt,notBad
10270,7,917.3500000000001,2,469.3,move,improve
10271,7,917.3500000000001,2,469.3,2opt,improve
10272,7,917.3500000000001,2,469.3,move,improve
10273,7,917.3500000000001,2,469.3,swap,notBad
10274,7,917.3500000000001,2,469.3,swap,notBad
10275,7,917.3500000000001,2,469.3,2opt,notBad
10276,7,917.3500000000001,2,469.3,move,notBad
10277,7,917.3500000000001,2,469.3,move,improve
10278,7,917.3500000000001,2,469.3,move,improve
10279,7,917.3500000000001,2,469.3,2opt,notBad
10280,7,917.3500000000001,2,469.3,swap,notBad
10281,7,917.3500000000001,2,469.3,move,improve
10282,7,917.3500000000001,2,469.3,2opt,notBad
10283,7,917.3500000000001,2,469.3,2opt,notBad
10284,7,917.3500000000001,2,469.3,2opt,notBad
10285,7,917.3500000000001,2,469.3,swap,notBad
10286,7,917.3500000000001,2,469.3,move,improve
10287,7,917.3500000000001,2,469.3,move,improve
10288,7,917.3500000000001,2,469.3,2opt,notBad
10289,7,917.3500000000001,2,469.3,swap,notBad
10290,7,917.3500000000001,2,469.3,move,improve
10291,7,917.3500000000001,2,469.3,move,improve
10292,7,917.3500000000001,2,469.3,move,improve
10293,7,917.3500000000001,2,469.3,2opt,notBad
10294,7,917.3500000000001,2,469.3,2opt,notBad
10295,7,917.3500000000001,2,469.3,move,improve
10296,7,917.3500000000001,2,469.3,swap,notBad
10297,7,917.3500000000001,2,469.3,2opt,notBad
10298,7,917.3500000000001,2,469.3,2opt,notBad
10299,7,917.3500000000001,2,469.3,swap,notBad
10300,7,917.3500000000001,2,469.3,swap,notBad
10301,7,917.3500000000001,2,469.3,move,improve
10302,7,917.3500000000001,2,469.3,move,improve
10303,7,917.3500000000001,2,469.3,move,improve
10304,7,917.3500000000001,2,469.3,2opt,notBad
10305,7,917.3500000000001,2,469.3,swap,notBad
10306,7,917.3500000000001,2,469.3,2opt,notBad
10307,7,917.3500000000001,2,469.3,2opt,notBad
10308,7,917.3500000000001,2,469.3,move,improve
10309,7,917.3500000000001,2,469.3,2opt,improve
10310,7,917.3500000000001,2,469.3,2opt,notBad
10311,7,917.3500000000001,2,469.3,swap,notBad
10312,7,917.3500000000001,2,469.3,swap,notBad
10313,7,917.3500000000001,2,469.3,swap,notBad
10314,7,917.3500000000001,2,469.3,move,improve
10315,7,917.3500000000001,2,469.3,2opt,notBad
10316,7,917.3500000000001,2,469.3,2opt,improve
10317,7,917.3500000000001,2,469.3,2opt,notBad
10318,7,917.3500000000001,2,469.3,move,improve
10319,7,917.3500000000001,2,469.3,move,improve
10320,7,917.3500000000001,2,469.3,move,improve
10321,7,917.3500000000001,2,469.3,move,improve
10322,7,917.3500000000001,2,469.3,move,improve
10323,7,917.3500000000001,2,469.3,swap,notBad
10324,7,917.3500000000001,2,469.3,swap,notBad
10325,7,917.3500000000001,2,469.3,swap,notBad
10326,7,917.3500000000001,2,469.3,swap,notBad
10327,7,917.3500000000001,2,469.3,move,improve
10328,7,917.3500000000001,2,469.3,move,improve
10329,7,916.9500000000002,2,469.3,swap,improve
10330,7,916.9500000000002,2,469.3,swap,notBad
10331,7,916.9500000000002,2,469.3,move,improve
10332,7,916.9500000000002,2,469.3,swap,notBad
10333,7,916.9500000000002,2,469.3,2opt,improve
10334,7,916.9500000000002,2,469.3,2opt,notBad
10335,7,916.9500000000002,2,469.3,swap,notBad
10336,7,916.9500000000002,2,469.3,move,improve
10337,7,916.9500000000002,2,469.3,swap,notBad
10338,7,916.9500000000002,2,469.3,swap,notBad
10339,7,916.9500000000002,2,469.3,swap,notBad
10340,7,916.9500000000002,2,469.3,swap,notBad
10341,7,916.9500000000002,2,469.3,2opt,notBad
10342,7,916.9500000000002,2,469.3,swap,notBad
10343,7,916.9500000000002,2,469.3,swap,notBad
10344,7,916.9500000000002,2,469.3,swap,notBad
10345,7,916.9500000000002,2,469.3,swap,notBad
10346,7,916.9500000000002,2,469.3,2opt,notBad
10347,7,916.9500000000002,2,469.3,swap,notBad
10348,7,916.9500000000002,2,469.3,move,improve
10349,7,916.9500000000002,2,469.3,2opt,notBad
10350,7,916.9500000000002,2,469.3,swap,notBad
10351,7,916.9500000000002,2,469.3,swap,notBad
10352,7,916.9500000000002,2,469.3,move,improve
10353,7,916.9500000000002,2,469.3,move,improve
10354,7,916.9500000000002,2,469.3,swap,notBad
10355,7,916.9500000000002,2,469.3,swap,notBad
10356,7,916.9500000000002,2,469.3,move,improve
10357,7,916.9500000000002,2,469.3,swap,notBad
10358,7,916.9500000000002,2,469.3,swap,notBad
10359,7,916.9500000000002,2,469.3,move,improve
10360,7,916.9500000000002,2,469.3,swap,notBad
10361,7,916.9500000000002,2,469.3,move,improve
10362,7,916.9500000000002,2,469.3,swap,notBad
10363,7,916.9500000000002,2,469.3,move,improve
10364,7,916.9500000000002,2,469.3,2opt,notBad
10365,7,916.9500000000002,2,469.3,swap,notBad
10366,7,916.9500000000002,2,469.3,swap,notBad
10367,7,916.9500000000002,2,469.3,swap,notBad
10368,7,916.9500000000002,2,469.3,swap,notBad
10369,7,916.9500000000002,2,469.3,move,improve
10370,7,916.9500000000002,2,469.3,swap,notBad
10371,7,916.9500000000002,2,469.3,move,improve
10372,7,916.9500000000002,2,469.3,move,improve
10373,7,916.9500000000002,2,469.3,move,improve
10374,7,916.9500000000002,2,469.3,2opt,notBad
10375,7,916.9500000000002,2,469.3,2opt,notBad
10376,7,916.9500000000002,2,469.3,swap,notBad
10377,7,916.9500000000002,2,469.3,2opt,notBad
10378,7,916.9500000000002,2,469.3,swap,notBad
10379,7,916.9500000000002,2,469.3,swap,notBad
10380,7,916.9500000000002,2,469.3,move,improve
10381,7,916.9500000000002,2,469.3,move,improve
10382,7,916.9500000000002,2,469.3,swap,notBad
10383,7,916.9500000000002,2,469.3,swap,notBad
10384,7,916.9500000000002,2,469.3,2opt,notBad
10385,7,916.9500000000002,2,469.3,move,improve
10386,7,916.9500000000002,2,469.3,swap,notBad
10387,7,916.9500000000002,2,469.3,2opt,improve
10388,7,916.9500000000002,2,469.3,swap,notBad
10389,7,916.9500000000002,2,469.3,move,improve
10390,7,916.9500000000002,2,469.3,swap,notBad
10391,7,916.7500000000002,2,469.3,swap,improve
10392,7,916.7500000000002,2,469.3,move,improve
10393,7,916.7500000000002,2,469.3,2opt,notBad
10394,7,916.7500000000002,2,469.3,move,improve
10395,7,916.7500000000002,2,469.3,2opt,notBad
10396,7,916.7500000000002,2,469.3,move,improve
10397,7,916.7500000000002,2,469.3,2opt,notBad
10398,7,916.7500000000002,2,469.3,move,improve
10399,7,916.7500000000002,2,469.3,move,improve
10400,7,916.7500000000002,2,469.3,2opt,notBad
10401,7,916.7500000000002,2,469.3,2opt,improve
10402,7,916.7500000000002,2,469.3,2opt,notBad
10403,7,916.7500000000002,2,469.3,2opt,notBad
10404,7,916.7500000000002,2,469.3,move,improve
10405,7,916.7500000000002,2,469.3,2opt,notBad
10406,7,916.7500000000002,2,469.3,2opt,notBad
10407,7,916.7500000000002,2,469.3,swap,notBad
10408,7,916.7500000000002,2,469.3,swap,notBad
10409,7,916.7500000000002,2,469.3,2opt,notBad
10410,7,916.7500000000002,2,469.3,move,improve
10411,7,916.7500000000002,2,469.3,2opt,notBad
10412,7,916.7500000000002,2,469.3,move,improve
10413,7,916.7500000000002,2,469.3,move,improve
10414,7,916.7500000000002,2,469.3,move,improve
10415,7,916.7500000000002,2,469.3,swap,notBad
10416,7,916.7500000000002,2,469.3,swap,notBad
10417,7,916.7500000000002,2,469.3,swap,notBad
10418,7,917.1500000000002,2,469.3,swap,acceptBad
10419,7,917.1500000000002,2,469.3,swap,notBad
10420,7,917.1500000000002,2,469.3,move,improve
10421,7,917.1500000000002,2,469.3,move,notBad
10422,7,917.1500000000002,2,469.3,2opt,notBad
10423,7,917.1500000000002,2,469.3,2opt,notBad
10424,7,917.1500000000002,2,469.3,move,improve
10425,7,917.1500000000002,2,469.3,2opt,notBad
10426,7,917.1500000000002,2,469.3,swap,notBad
10427,7,917.1500000000002,2,469.3,2opt,notBad
10428,7,917.1500000000002,2,469.3,2opt,notBad
10429,7,917.1500000000002,2,469.3,swap,notBad
10430,7,917.1500000000002,2,469.3,swap,notBad
10431,7,917.1500000000002,2,469.3,swap,notBad
10432,7,917.1500000000002,2,469.3,2opt,notBad
10433,7,917.1500000000002,2,469.3,move,improve
10434,7,917.1500000000002,2,469.3,swap,notBad
10435,7,917.1500000000002,2,469.3,swap,notBad
10436,7,917.1500000000002,2,469.3,2opt,notBad
10437,7,917.1500000000002,2,469.3,move,improve
10438,7,917.1500000000002,2,469.3,move,improve
10439,7,917.1500000000002,2,469.3,move,improve
10440,7,917.1500000000002,2,469.3,swap,notBad
10441,7,917.1500000000002,2,469.3,2opt,notBad
10442,7,917.1500000000002,2,469.3,move,improve
10443,7,917.1500000000002,2,469.3,2opt,improve
10444,7,917.1500000000002,2,469.3,2opt,notBad
10445,7,917.1500000000002,2,469.3,swap,notBad
10446,7,917.1500000000002,2,469.3,move,improve
10447,7,917.1500000000002,2,469.3,2opt,notBad
10448,7,917.1500000000002,2,469.3,move,improve
10449,7,917.1500000000002,2,469.3,2opt,notBad
10450,7,917.1500000000002,2,469.3,swap,notBad
10451,7,917.1500000000002,2,469.3,2opt,notBad
10452,7,917.1500000000002,2,469.3,move,improve
10453,7,917.1500000000002,2,469.3,swap,notBad
10454,7,917.1500000000002,2,469.3,move,improve
10455,7,917.1500000000002,2,469.3,move,improve
10456,7,917.1500000000002,2,469.3,2opt,notBad
10457,7,917.1500000000002,2,469.3,move,improve
10458,7,917.1500000000002,2,469.3,move,improve
10459,7,917.1500000000002,2,469.3,2opt,notBad
10460,7,917.1500000000002,2,469.3,swap,notBad
10461,7,917.1500000000002,2,469.3,move,improve
10462,7,917.1500000000002,2,469.3,swap,notBad
10463,7,917.1500000000002,2,469.3,move,improve
10464,7,917.1500000000002,2,469.3,2opt,improve
10465,7,917.1500000000002,2,469.3,2opt,improve
10466,7,917.1500000000002,2,469.3,swap,notBad
10467,7,917.1500000000002,2,469.3,2opt,notBad
10468,7,917.1500000000002,2,469.3,swap,notBad
10469,7,917.1500000000002,2,469.3,2opt,notBad
10470,7,917.1500000000002,2,469.3,swap,notBad
10471,7,917.1500000000002,2,469.3,2opt,notBad
10472,7,917.1500000000002,2,469.3,move,improve
10473,7,917.1500000000002,2,469.3,2opt,notBad
10474,7,917.1500000000002,2,469.3,swap,notBad
10475,7,916.7500000000002,2,469.3,move,improve
10476,7,916.7500000000002,2,469.3,swap,notBad
10477,7,916.7500000000002,2,469.3,move,improve
10478,7,916.7500000000002,2,469.3,2opt,notBad
10479,7,916.7500000000002,2,469.3,move,improve
10480,7,916.7500000000002,2,469.3,2opt,notBad
10481,7,916.7500000000002,2,469.3,swap,notBad
10482,7,916.7500000000002,2,469.3,2opt,notBad
10483,7,916.7500000000002,2,469.3,swap,notBad
10484,7,916.7500000000002,2,469.3,2opt,notBad
10485,7,916.7500000000002,2,469.3,move,improve
10486,7,916.7500000000002,2,469.3,2opt,notBad
10487,7,916.7500000000002,2,469.3,move,improve
10488,7,916.7500000000002,2,469.3,swap,notBad
10489,7,916.7500000000002,2,469.3,2opt,notBad
10490,7,916.7500000000002,2,469.3,swap,notBad
10491,7,916.7500000000002,2,469.3,move,improve
10492,7,916.7500000000002,2,469.3,move,improve
10493,7,916.7500000000002,2,469.3,move,improve
10494,7,916.7500000000002,2,469.3,swap,notBad
10495,7,916.7500000000002,2,469.3,move,improve
10496,7,916.7500000000002,2,469.3,move,improve
10497,7,916.7500000000002,2,469.3,swap,notBad
10498,7,916.7500000000002,2,469.3,2opt,notBad
10499,7,916.7500000000002,2,469.3,move,improve
10500,7,916.7500000000002,2,469.3,2opt,notBad
10501,7,916.7500000000002,2,469.3,move,improve
10502,7,916.7500000000002,2,469.3,move,improve
10503,7,916.7500000000002,2,469.3,move,improve
10504,7,916.7500000000002,2,469.3,2opt,notBad
10505,7,916.7500000000002,2,469.3,move,improve
10506,7,916.7500000000002,2,469.3,swap,notBad
10507,7,916.7500000000002,2,469.3,swap,notBad
10508,7,916.7500000000002,2,469.3,swap,notBad
10509,7,916.7500000000002,2,469.3,2opt,notBad
10510,7,916.7500000000002,2,469.3,swap,notBad
10511,7,916.7500000000002,2,469.3,2opt,notBad
10512,7,916.7500000000002,2,469.3,2opt,notBad
10513,7,916.7500000000002,2,469.3,swap,notBad
10514,7,916.7500000000002,2,469.3,2opt,notBad
10515,7,916.7500000000002,2,469.3,2opt,notBad
10516,7,916.7500000000002,2,469.3,move,improve
10517,7,916.7500000000002,2,469.3,2opt,notBad
10518,7,916.7500000000002,2,469.3,2opt,notBad
10519,7,916.7500000000002,2,469.3,move,improve
10520,7,916.7500000000002,2,469.3,swap,notBad
10521,7,916.7500000000002,2,469.3,2opt,notBad
10522,7,916.7500000000002,2,469.3,swap,notBad
10523,7,916.7500000000002,2,469.3,2opt,notBad
10524,7,916.7500000000002,2,469.3,swap,notBad
10525,7,916.7500000000002,2,469.3,move,improve
10526,7,916.7500000000002,2,469.3,swap,notBad
10527,7,916.7500000000002,2,469.3,swap,notBad
10528,7,916.7500000000002,2,469.3,swap,notBad
10529,7,916.7500000000002,2,469.3,swap,notBad
10530,7,916.7500000000002,2,469.3,move,improve
10531,7,916.7500000000002,2,469.3,2opt,notBad
10532,7,916.7500000000002,2,469.3,2opt,notBad
10533,7,916.7500000000002,2,469.3,move,improve
10534,7,916.7500000000002,2,469.3,2opt,notBad
10535,7,916.7500000000002,2,469.3,2opt,notBad
10536,7,916.7500000000002,2,469.3,move,improve
10537,7,916.7500000000002,2,469.3,2opt,notBad
10538,7,916.7500000000002,2,469.3,move,improve
10539,7,916.7500000000002,2,469.3,move,improve
10540,7,916.7500000000002,2,469.3,2opt,notBad
10541,7,916.7500000000002,2,469.3,move,improve
10542,7,916.7500000000002,2,469.3,move,improve
10543,7,916.7500000000002,2,469.3,2opt,notBad
10544,7,916.7500000000002,2,469.3,swap,notBad
10545,7,916.7500000000002,2,469.3,move,improve
10546,7,916.7500000000002,2,469.3,swap,notBad
10547,7,916.7500000000002,2,469.3,swap,notBad
10548,7,916.7500000000002,2,469.3,move,improve
10549,7,916.7500000000002,2,469.3,2opt,notBad
10550,7,916.7500000000002,2,469.3,swap,notBad
10551,7,916.7500000000002,2,469.3,swap,notBad
10552,7,916.7500000000002,2,469.3,2opt,notBad
10553,7,916.7500000000002,2,469.3,swap,notBad
10554,7,916.7500000000002,2,469.3,swap,notBad
10555,7,916.7500000000002,2,469.3,move,improve
10556,7,916.7500000000002,2,469.3,2opt,notBad
10557,7,916.7500000000002,2,469.3,move,improve
10558,7,916.7500000000002,2,469.3,swap,notBad
10559,7,916.7500000000002,2,469.3,2opt,notBad
10560,7,916.7500000000002,2,469.3,move,improve
10561,7,916.7500000000002,2,469.3,2opt,notBad
10562,7,916.7500000000002,2,469.3,move,improve
10563,7,916.7500000000002,2,469.3,swap,notBad
10564,7,916.7500000000002,2,469.3,2opt,notBad
10565,7,916.7500000000002,2,469.3,2opt,notBad
10566,7,916.7500000000002,2,469.3,swap,notBad
10567,7,916.7500000000002,2,469.3,swap,notBad
10568,7,916.7500000000002,2,469.3,swap,notBad
10569,7,916.7500000000002,2,469.3,swap,notBad
10570,7,916.7500000000002,2,469.3,swap,notBad
10571,7,916.7500000000002,2,469.3,move,improve
10572,7,916.7500000000002,2,469.3,2opt,notBad
10573,7,916.7500000000002,2,469.3,swap,notBad
10574,7,916.7500000000002,2,469.3,move,improve
10575,7,916.7500000000002,2,469.3,move,improve
10576,7,916.7500000000002,2,469.3,2opt,notBad
10577,7,916.7500000000002,2,469.3,swap,notBad
10578,7,916.7500000000002,2,469.3,swap,notBad
10579,7,916.7500000000002,2,469.3,swap,notBad
10580,7,916.7500000000002,2,469.3,move,improve
10581,7,916.7500000000002,2,469.3,move,improve
10582,7,916.7500000000002,2,469.3,swap,notBad
10583,7,916.7500000000002,2,469.3,2opt,notBad
10584,7,916.7500000000002,2,469.3,swap,notBad
10585,7,916.7500000000002,2,469.3,2opt,notBad
10586,7,916.7500000000002,2,469.3,swap,notBad
10587,7,916.7500000000002,2,469.3,move,improve
10588,7,916.7500000000002,2,469.3,swap,notBad
10589,7,916.7500000000002,2,469.3,2opt,notBad
10590,7,916.7500000000002,2,469.3,swap,notBad
10591,7,916.7500000000002,2,469.3,swap,notBad
10592,7,916.7500000000002,2,469.3,move,improve
10593,7,916.7500000000002,2,469.3,2opt,notBad
10594,7,916.7500000000002,2,469.3,2opt,improve
10595,7,916.7500000000002,2,469.3,2opt,notBad
10596,7,916.7500000000002,2,469.3,move,improve
10597,7,916.7500000000002,2,469.3,2opt,notBad
10598,7,916.7500000000002,2,469.3,2opt,notBad
10599,7,916.7500000000002,2,469.3,swap,notBad
10600,7,916.7500000000002,2,469.3,2opt,notBad
10601,7,916.7500000000002,2,469.3,2opt,notBad
10602,7,916.7500000000002,2,469.3,2opt,notBad
10603,7,916.7500000000002,2,469.3,2opt,notBad
10604,7,916.7500000000002,2,469.3,swap,notBad
10605,7,916.7500000000002,2,469.3,swap,notBad
10606,7,916.7500000000002,2,469.3,swap,notBad
10607,7,916.7500000000002,2,469.3,swap,notBad
10608,7,916.7500000000002,2,469.3,move,improve
10609,7,916.7500000000002,2,469.3,swap,notBad
10610,7,916.7500000000002,2,469.3,move,improve
10611,7,916.7500000000002,2,469.3,move,improve
10612,7,916.7500000000002,2,469.3,move,improve
10613,7,916.7500000000002,2,469.3,swap,notBad
10614,7,916.7500000000002,2,469.3,move,improve
10615,7,916.7500000000002,2,469.3,2opt,notBad
10616,7,916.7500000000002,2,469.3,2opt,notBad
10617,7,916.7500000000002,2,469.3,swap,notBad
10618,7,916.7500000000002,2,469.3,swap,notBad
10619,7,916.7500000000002,2,469.3,move,improve
10620,7,916.7500000000002,2,469.3,2opt,notBad
10621,7,916.7500000000002,2,469.3,2opt,notBad
10622,7,916.7500000000002,2,469.3,2opt,notBad
10623,7,916.7500000000002,2,469.3,move,improve
10624,7,916.7500000000002,2,469.3,2opt,notBad
10625,7,916.7500000000002,2,469.3,2opt,notBad
10626,7,916.7500000000002,2,469.3,2opt,notBad
10627,7,916.7500000000002,2,469.3,move,improve
10628,7,916.7500000000002,2,469.3,2opt,notBad
10629,7,916.7500000000002,2,469.3,move,improve
10630,7,916.7500000000002,2,469.3,move,improve
10631,7,916.7500000000002,2,469.3,2opt,notBad
10632,7,916.7500000000002,2,469.3,move,improve
10633,7,916.7500000000002,2,469.3,move,improve
10634,7,916.7500000000002,2,469.3,move,improve
10635,7,916.7500000000002,2,469.3,2opt,notBad
10636,7,916.7500000000002,2,469.3,swap,notBad
10637,7,916.7500000000002,2,469.3,swap,notBad
10638,7,916.7500000000002,2,469.3,move,improve
10639,7,916.7500000000002,2,469.3,move,improve
10640,7,916.7500000000002,2,469.3,swap,notBad
10641,7,916.7500000000002,2,469.3,2opt,notBad
10642,7,916.7500000000002,2,469.3,2opt,notBad
10643,7,916.7500000000002,2,469.3,move,improve
10644,7,916.7500000000002,2,469.3,2opt,notBad
10645,7,916.7500000000002,2,469.3,2opt,notBad
10646,7,916.7500000000002,2,469.3,swap,notBad
10647,7,917.9000000000002,2,469.3,swap,acceptBad
10648,7,917.9000000000002,2,469.3,2opt,notBad
10649,7,917.9000000000002,2,469.3,move,improve
10650,7,917.9000000000002,2,469.3,2opt,notBad
10651,7,917.9000000000002,2,469.3,swap,notBad
10652,7,917.9000000000002,2,469.3,2opt,improve
10653,7,917.9000000000002,2,469.3,move,improve
10654,7,917.9000000000002,2,469.3,swap,notBad
10655,7,917.9000000000002,2,469.3,2opt,notBad
10656,7,917.9000000000002,2,469.3,move,improve
10657,7,917.9000000000002,2,469.3,2opt,notBad
10658,7,917.9000000000002,2,469.3,move,notBad
10659,7,917.9000000000002,2,469.3,swap,notBad
10660,7,917.9000000000002,2,469.3,2opt,notBad
10661,7,917.9000000000002,2,469.3,move,improve
10662,7,917.9000000000002,2,469.3,2opt,notBad
10663,7,917.9000000000002,2,469.3,swap,notBad
10664,7,917.9000000000002,2,469.3,swap,notBad
10665,7,917.9000000000002,2,469.3,swap,notBad
10666,7,917.9000000000002,2,469.3,move,improve
10667,7,917.9000000000002,2,469.3,swap,notBad
10668,7,917.9000000000002,2,469.3,swap,notBad
10669,7,917.9000000000002,2,469.3,swap,notBad
10670,7,917.9000000000002,2,469.3,swap,notBad
10671,7,917.9000000000002,2,469.3,2opt,notBad
10672,7,917.9000000000002,2,469.3,2opt,notBad
10673,7,917.9000000000002,2,469.3,2opt,notBad
10674,7,917.9000000000002,2,469.3,move,improve
10675,7,917.9000000000002,2,469.3,move,improve
10676,7,917.9000000000002,2,469.3,move,improve
10677,7,917.9000000000002,2,469.3,move,improve
10678,7,917.9000000000002,2,469.3,2opt,notBad
10679,7,917.9000000000002,2,469.3,swap,notBad
10680,7,917.9000000000002,2,469.3,swap,notBad
10681,7,917.9000000000002,2,469.3,2opt,notBad
10682,7,917.9000000000002,2,469.3,2opt,notBad
10683,7,917.9000000000002,2,469.3,move,improve
10684,7,917.9000000000002,2,469.3,swap,notBad
10685,7,917.9000000000002,2,469.3,move,improve
10686,7,917.9000000000002,2,469.3,2opt,notBad
10687,7,917.9000000000002,2,469.3,2opt,notBad
10688,7,917.9000000000002,2,469.3,swap,notBad
10689,7,917.9000000000002,2,469.3,move,improve
10690,7,917.9000000000002,2,469.3,2opt,improve
10691,7,917.9000000000002,2,469.3,move,improve
10692,7,917.9000000000002,2,469.3,swap,notBad
10693,7,917.9000000000002,2,469.3,swap,notBad
10694,7,917.9000000000002,2,469.3,move,improve
10695,7,917.9000000000002,2,469.3,2opt,notBad
10696,7,917.9000000000002,2,469.3,swap,notBad
10697,7,917.9000000000002,2,469.3,2opt,notBad
10698,7,917.9000000000002,2,469.3,move,improve
10699,7,917.9000000000002,2,469.3,move,improve
10700,7,917.9000000000002,2,469.3,move,improve
10701,7,917.9000000000002,2,469.3,move,improve
10702,7,917.9000000000002,2,469.3,2opt,notBad
10703,7,917.9000000000002,2,469.3,2opt,notBad
10704,7,917.9000000000002,2,469.3,2opt,notBad
10705,7,917.9000000000002,2,469.3,swap,notBad
10706,7,917.9000000000002,2,469.3,swap,notBad
10707,7,917.9000000000002,2,469.3,2opt,notBad
10708,7,917.9000000000002,2,469.3,2opt,notBad
10709,7,917.9000000000002,2,469.3,move,notBad
10710,7,916.5999999999999,2,469.3,swap,improve
10711,7,916.5999999999999,2,469.3,swap,notBad
10712,7,916.5999999999999,2,469.3,swap,notBad
10713,7,916.5999999999999,2,469.3,2opt,notBad
10714,7,916.5999999999999,2,469.3,swap,notBad
10715,7,916.5999999999999,2,469.3,swap,notBad
10716,7,916.5999999999999,2,469.3,swap,notBad
10717,7,916.5999999999999,2,469.3,move,improve
10718,7,916.5999999999999,2,469.3,swap,notBad
10719,7,916.5999999999999,2,469.3,move,improve
10720,7,916.5999999999999,2,469.3,swap,notBad
10721,7,916.5999999999999,2,469.3,2opt,notBad
10722,7,916.5999999999999,2,469.3,move,improve
10723,7,916.5999999999999,2,469.3,2opt,notBad
10724,7,916.5999999999999,2,469.3,2opt,notBad
10725,7,916.5999999999999,2,469.3,swap,notBad
10726,7,916.5999999999999,2,469.3,move,improve
10727,7,916.5999999999999,2,469.3,2opt,notBad
10728,7,916.5999999999999,2,469.3,swap,notBad
10729,7,916.5999999999999,2,469.3,move,improve
10730,7,916.5999999999999,2,469.3,move,improve
10731,7,916.5999999999999,2,469.3,2opt,notBad
10732,7,916.5999999999999,2,469.3,2opt,notBad
10733,7,916.5999999999999,2,469.3,move,improve
10734,7,916.5999999999999,2,469.3,move,improve
10735,7,916.5999999999999,2,469.3,swap,notBad
10736,7,916.5999999999999,2,469.3,2opt,notBad
10737,7,916.5999999999999,2,469.3,swap,notBad
10738,7,916.5999999999999,2,469.3,2opt,notBad
10739,7,916.5999999999999,2,469.3,swap,notBad
10740,7,916.5999999999999,2,469.3,move,improve
10741,7,916.5999999999999,2,469.3,2opt,notBad
10742,7,916.5999999999999,2,469.3,2opt,notBad
10743,7,916.5999999999999,2,469.3,2opt,improve
10744,7,916.5999999999999,2,469.3,2opt,notBad
10745,7,916.5999999999999,2,469.3,swap,notBad
10746,7,916.5999999999999,2,469.3,move,improve
10747,7,916.5999999999999,2,469.3,2opt,notBad
10748,7,916.5999999999999,2,469.3,swap,notBad
10749,7,916.5999999999999,2,469.3,swap,notBad
10750,7,916.5999999999999,2,469.3,2opt,improve
10751,7,916.5999999999999,2,469.3,move,improve
10752,7,916.5999999999999,2,469.3,move,improve
10753,7,916.5999999999999,2,469.3,2opt,improve
10754,7,916.5999999999999,2,469.3,2opt,improve
10755,7,916.5999999999999,2,469.3,move,improve
10756,7,916.5999999999999,2,469.3,swap,notBad
10757,7,916.5999999999999,2,469.3,move,improve
10758,7,916.5999999999999,2,469.3,swap,notBad
10759,7,916.5999999999999,2,469.3,swap,notBad
10760,7,916.5999999999999,2,469.3,move,improve
10761,7,916.5999999999999,2,469.3,2opt,improve
10762,7,916.5999999999999,2,469.3,2opt,notBad
10763,7,916.5999999999999,2,469.3,swap,notBad
10764,7,916.5999999999999,2,469.3,swap,notBad
10765,7,916.5999999999999,2,469.3,swap,notBad
10766,7,916.5999999999999,2,469.3,2opt,notBad
10767,7,916.5999999999999,2,469.3,2opt,notBad
10768,7,916.5999999999999,2,469.3,2opt,notBad
10769,7,916.5999999999999,2,469.3,2opt,notBad
10770,7,916.5999999999999,2,469.3,move,improve
10771,7,916.5999999999999,2,469.3,move,improve
10772,7,916.5999999999999,2,469.3,swap,notBad
10773,7,916.5999999999999,2,469.3,2opt,notBad
10774,7,916.5999999999999,2,469.3,move,improve
10775,7,916.5999999999999,2,469.3,swap,notBad
10776,7,916.5999999999999,2,469.3,move,improve
10777,7,916.5999999999999,2,469.3,move,improve
10778,7,916.5999999999999,2,469.3,swap,notBad
10779,7,916.5999999999999,2,469.3,2opt,notBad
10780,7,916.5999999999999,2,469.3,swap,notBad
10781,7,916.5999999999999,2,469.3,swap,notBad
10782,7,916.5999999999999,2,469.3,2opt,notBad
10783,7,916.5999999999999,2,469.3,2opt,notBad
10784,7,916.5999999999999,2,469.3,move,improve
10785,7,916.5999999999999,2,469.3,swap,notBad
10786,7,916.5999999999999,2,469.3,swap,notBad
10787,7,916.5999999999999,2,469.3,swap,notBad
10788,7,916.5999999999999,2,469.3,swap,notBad
10789,7,916.5999999999999,2,469.3,2opt,notBad
10790,7,916.5999999999999,2,469.3,swap,notBad
10791,7,916.5999999999999,2,469.3,2opt,improve
10792,7,916.5999999999999,2,469.3,2opt,notBad
10793,7,916.5999999999999,2,469.3,2opt,notBad
10794,7,916.5999999999999,2,469.3,move,improve
10795,7,916.5999999999999,2,469.3,move,improve
10796,7,916.5999999999999,2,469.3,swap,notBad
10797,7,916.5999999999999,2,469.3,move,improve
10798,7,916.5999999999999,2,469.3,move,improve
10799,7,916.5999999999999,2,469.3,swap,notBad
10800,7,916.5999999999999,2,469.3,move,improve
10801,7,916.5999999999999,2,469.3,swap,notBad
10802,7,916.5999999999999,2,469.3,swap,notBad
10803,7,916.5999999999999,2,469.3,swap,notBad
10804,7,916.5999999999999,2,469.3,swap,notBad
10805,7,916.5999999999999,2,469.3,move,improve
10806,7,916.5999999999999,2,469.3,2opt,improve
10807,7,916.5999999999999,2,469.3,move,improve
10808,7,916.5999999999999,2,469.3,2opt,notBad
10809,7,916.5999999999999,2,469.3,move,improve
10810,7,916.5999999999999,2,469.3,move,improve
10811,7,916.5999999999999,2,469.3,swap,notBad
10812,7,916.5999999999999,2,469.3,swap,notBad
10813,7,916.5999999999999,2,469.3,swap,notBad
10814,7,916.5999999999999,2,469.3,move,improve
10815,7,916.5999999999999,2,469.3,2opt,notBad
10816,7,916.5999999999999,2,469.3,move,improve
10817,7,916.5999999999999,2,469.3,move,improve
10818,7,915.6999999999999,2,469.3,swap,improve
10819,7,915.6999999999999,2,469.3,swap,notBad
10820,7,915.6999999999999,2,469.3,move,improve
10821,7,915.6999999999999,2,469.3,swap,notBad
10822,7,915.6999999999999,2,469.3,move,improve
10823,7,915.6999999999999,2,469.3,move,improve
10824,7,915.6999999999999,2,469.3,move,improve
10825,7,915.6999999999999,2,469.3,2opt,notBad
10826,7,915.6999999999999,2,469.3,2opt,notBad
10827,7,916.1999999999997,2,469.3,swap,acceptBad
10828,7,916.1999999999997,2,469.3,move,improve
10829,7,916.1999999999997,2,469.3,move,improve
10830,7,916.1999999999997,2,469.3,2opt,notBad
10831,7,916.1999999999997,2,469.3,swap,notBad
10832,7,916.1999999999997,2,469.3,move,improve
10833,7,916.1999999999997,2,469.3,swap,notBad
10834,7,916.1999999999997,2,469.3,swap,notBad
10835,7,916.1999999999997,2,469.3,2opt,improve
10836,7,916.1999999999997,2,469.3,swap,notBad
10837,7,916.1999999999997,2,469.3,move,improve
10838,7,916.1999999999997,2,469.3,2opt,notBad
10839,7,916.1999999999997,2,469.3,2opt,notBad
10840,7,916.1999999999997,2,469.3,2opt,notBad
10841,7,916.1999999999997,2,469.3,swap,notBad
10842,7,916.1999999999997,2,469.3,swap,notBad
10843,7,916.1999999999997,2,469.3,2opt,improve
10844,7,916.1999999999997,2,469.3,move,improve
10845,7,916.1999999999997,2,469.3,move,improve
10846,7,916.1999999999997,2,469.3,swap,notBad
10847,7,916.1999999999997,2,469.3,move,improve
10848,7,915.6999999999999,2,469.3,move,improve
10849,7,915.6999999999999,2,469.3,swap,notBad
10850,7,915.6999999999999,2,469.3,move,improve
10851,7,915.6999999999999,2,469.3,2opt,improve
10852,7,915.6999999999999,2,469.3,swap,notBad
10853,7,915.6999999999999,2,469.3,swap,notBad
10854,7,915.6999999999999,2,469.3,2opt,notBad
10855,7,915.6999999999999,2,469.3,move,improve
10856,7,915.6999999999999,2,469.3,2opt,improve
10857,7,915.6999999999999,2,469.3,move,improve
10858,7,915.6999999999999,2,469.3,swap,notBad
10859,7,915.6999999999999,2,469.3,swap,notBad
10860,7,915.6999999999999,2,469.3,move,improve
10861,7,915.6999999999999,2,469.3,swap,notBad
10862,7,915.6999999999999,2,469.3,move,improve
10863,7,915.6999999999999,2,469.3,2opt,notBad
10864,7,915.6999999999999,2,469.3,move,improve
10865,7,915.6999999999999,2,469.3,move,improve
10866,7,915.6999999999999,2,469.3,swap,notBad
10867,7,915.6999999999999,2,469.3,2opt,notBad
10868,7,915.6999999999999,2,469.3,swap,notBad
10869,7,915.6999999999999,2,469.3,2opt,notBad
10870,7,915.6999999999999,2,469.3,swap,notBad
10871,7,915.6999999999999,2,469.3,2opt,notBad
10872,7,915.6999999999999,2,469.3,swap,notBad
10873,7,915.6999999999999,2,469.3,swap,notBad
10874,7,915.6999999999999,2,469.3,2opt,notBad
10875,7,915.6999999999999,2,469.3,swap,notBad
10876,7,915.6999999999999,2,469.3,swap,notBad
10877,7,915.6999999999999,2,469.3,move,improve
10878,7,915.6999999999999,2,469.3,swap,notBad
10879,7,915.6999999999999,2,469.3,move,improve
10880,7,915.6999999999999,2,469.3,move,improve
10881,7,915.6999999999999,2,469.3,move,improve
10882,7,915.6999999999999,2,469.3,swap,notBad
10883,7,915.6999999999999,2,469.3,swap,notBad
10884,7,915.6999999999999,2,469.3,2opt,notBad
10885,7,915.6999999999999,2,469.3,2opt,notBad
10886,7,915.6999999999999,2,469.3,2opt,notBad
10887,7,915.6999999999999,2,469.3,2opt,notBad
10888,7,915.6999999999999,2,469.3,swap,notBad
10889,7,915.6999999999999,2,469.3,2opt,notBad
10890,7,915.6999999999999,2,469.3,2opt,notBad
10891,7,915.6999999999999,2,469.3,move,improve
10892,7,915.6999999999999,2,469.3,2opt,notBad
10893,7,915.6999999999999,2,469.3,swap,notBad
10894,7,915.6999999999999,2,469.3,2opt,notBad
10895,7,915.6999999999999,2,469.3,2opt,notBad
10896,7,915.6999999999999,2,469.3,move,improve
10897,7,915.6999999999999,2,469.3,2opt,notBad
10898,7,915.6999999999999,2,469.3,move,improve
10899,7,915.6999999999999,2,469.3,2opt,notBad
10900,7,915.6999999999999,2,469.3,2opt,notBad
10901,7,915.6999999999999,2,469.3,swap,notBad
10902,7,915.6999999999999,2,469.3,move,improve
10903,7,915.6999999999999,2,469.3,2opt,notBad
10904,7,915.6999999999999,2,469.3,move,improve
10905,7,915.6999999999999,2,469.3,2opt,notBad
10906,7,915.6999999999999,2,469.3,2opt,notBad
10907,7,915.6999999999999,2,469.3,swap,notBad
10908,7,915.6999999999999,2,469.3,2opt,notBad
10909,7,915.6999999999999,2,469.3,move,improve
10910,7,915.6999999999999,2,469.3,2opt,notBad
10911,7,915.6999999999999,2,469.3,move,improve
10912,7,915.6999999999999,2,469.3,move,improve
10913,7,915.6999999999999,2,469.3,2opt,notBad
10914,7,915.6999999999999,2,469.3,move,improve
10915,7,915.6999999999999,2,469.3,swap,notBad
10916,7,915.6999999999999,2,469.3,2opt,notBad
10917,7,915.6999999999999,2,469.3,move,improve
10918,7,915.6999999999999,2,469.3,2opt,notBad
10919,7,915.6999999999999,2,469.3,move,improve
10920,7,915.6999999999999,2,469.3,2opt,notBad
10921,7,915.6999999999999,2,469.3,2opt,notBad
10922,7,915.6999999999999,2,469.3,move,improve
10923,7,915.6999999999999,2,469.3,move,improve
10924,7,915.6999999999999,2,469.3,2opt,notBad
10925,7,915.6999999999999,2,469.3,2opt,notBad
10926,7,915.6999999999999,2,469.3,swap,notBad
10927,7,915.6999999999999,2,469.3,swap,notBad
10928,7,915.6999999999999,2,469.3,swap,notBad
10929,7,915.6999999999999,2,469.3,2opt,notBad
10930,7,915.6999999999999,2,469.3,move,improve
10931,7,915.6999999999999,2,469.3,2opt,notBad
10932,7,916.0999999999999,2,469.3,swap,acceptBad
10933,7,916.0999999999999,2,469.3,2opt,notBad
10934,7,916.0999999999999,2,469.3,swap,notBad
10935,7,916.0999999999999,2,469.3,move,improve
10936,7,916.0999999999999,2,469.3,swap,notBad
10937,7,916.0999999999999,2,469.3,move,improve
10938,7,916.0999999999999,2,469.3,swap,notBad
10939,7,916.0999999999999,2,469.3,move,improve
10940,7,916.0999999999999,2,469.3,swap,notBad
10941,7,916.0999999999999,2,469.3,2opt,notBad
10942,7,916.0999999999999,2,469.3,2opt,notBad
10943,7,916.0999999999999,2,469.3,2opt,notBad
10944,7,916.0999999999999,2,469.3,swap,notBad
10945,7,916.0999999999999,2,469.3,2opt,notBad
10946,7,916.0999999999999,2,469.3,2opt,notBad
10947,7,916.0999999999999,2,469.3,swap,notBad
10948,7,916.0999999999999,2,469.3,move,improve
10949,7,916.0999999999999,2,469.3,swap,notBad
10950,7,916.0999999999999,2,469.3,move,improve
10951,7,916.0999999999999,2,469.3,swap,notBad
10952,7,916.0999999999999,2,469.3,swap,notBad
10953,7,916.0999999999999,2,469.3,swap,notBad
10954,7,916.0999999999999,2,469.3,move,improve
10955,7,916.0999999999999,2,469.3,2opt,notBad
10956,7,916.0999999999999,2,469.3,2opt,notBad
10957,7,916.0999999999999,2,469.3,swap,notBad
10958,7,916.0999999999999,2,469.3,move,improve
10959,7,916.0999999999999,2,469.3,move,improve
10960,7,916.0999999999999,2,469.3,move,improve
10961,7,916.0999999999999,2,469.3,swap,notBad
10962,7,916.0999999999999,2,469.3,2opt,notBad
10963,7,916.0999999999999,2,469.3,2opt,notBad
10964,7,916.0999999999999,2,469.3,swap,notBad
10965,7,916.0999999999999,2,469.3,move,improve
10966,7,916.0999999999999,2,469.3,2opt,notBad
10967,7,916.0999999999999,2,469.3,2opt,notBad
10968,7,916.0999999999999,2,469.3,move,improve
10969,7,916.0999999999999,2,469.3,2opt,notBad
10970,7,916.0999999999999,2,469.3,move,improve
10971,7,916.0999999999999,2,469.3,2opt,notBad
10972,7,916.0999999999999,2,469.3,swap,notBad
10973,7,916.0999999999999,2,469.3,2opt,notBad
10974,7,916.0999999999999,2,469.3,swap,notBad
10975,7,916.0999999999999,2,469.3,2opt,notBad
10976,7,916.0999999999999,2,469.3,swap,notBad
10977,7,916.0999999999999,2,469.3,2opt,notBad
10978,7,916.0999999999999,2,469.3,swap,notBad
10979,7,916.0999999999999,2,469.3,move,improve
10980,7,916.0999999999999,2,469.3,swap,notBad
10981,7,916.0999999999999,2,469.3,swap,notBad
10982,7,916.0999999999999,2,469.3,2opt,notBad
10983,7,916.0999999999999,2,469.3,2opt,notBad
10984,7,916.0999999999999,2,469.3,move,improve
10985,7,916.0999999999999,2,469.3,move,improve
10986,7,915.6,2,469.3,swap,improve
10987,7,915.6,2,469.3,2opt,notBad
10988,7,915.6,2,469.3,swap,notBad
10989,7,915.6,2,469.3,2opt,notBad
10990,7,915.6,2,469.3,2opt,notBad
10991,7,915.6,2,469.3,2opt,notBad
10992,7,915.6,2,469.3,swap,notBad
10993,7,915.6,2,469.3,2opt,notBad
10994,7,915.6,2,469.3,swap,notBad
10995,7,915.6,2,469.3,2opt,notBad
10996,7,915.6,2,469.3,move,improve
10997,7,915.6,2,469.3,swap,notBad
10998,7,915.6,2,469.3,swap,notBad
10999,7,915.6,2,469.3,swap,notBad
11000,7,915.6,2,469.3,swap,notBad
11001,7,915.6,2,469.3,swap,notBad
11002,7,915.6,2,469.3,2opt,notBad
11003,7,915.6,2,469.3,swap,notBad
11004,7,915.6,2,469.3,2opt,notBad
11005,7,915.6,2,469.3,swap,notBad
11006,7,915.6,2,469.3,move,improve
11007,7,915.6,2,469.3,move,improve
11008,7,915.6,2,469.3,swap,notBad
11009,7,915.6,2,469.3,2opt,notBad
11010,7,915.6,2,469.3,move,improve
11011,7,915.6,2,469.3,2opt,notBad
11012,7,915.6,2,469.3,swap,notBad
11013,7,915.6,2,469.3,2opt,notBad
11014,7,915.6,2,469.3,move,improve
11015,7,915.6,2,469.3,2opt,notBad
11016,7,915.6,2,469.3,swap,notBad
11017,7,915.6,2,469.3,move,improve
11018,7,915.6,2,469.3,move,improve
11019,7,915.6,2,469.3,2opt,improve
11020,7,915.6,2,469.3,move,improve
11021,7,915.6,2,469.3,swap,notBad
11022,7,915.6,2,469.3,swap,notBad
11023,7,915.6,2,469.3,2opt,notBad
11024,7,915.6,2,469.3,move,improve
11025,7,915.6,2,469.3,2opt,notBad
11026,7,915.6,2,469.3,2opt,notBad
11027,7,915.6,2,469.3,move,improve
11028,7,915.6,2,469.3,swap,notBad
11029,7,915.6,2,469.3,2opt,improve
11030,7,915.6,2,469.3,move,improve
11031,7,915.6,2,469.3,swap,notBad
11032,7,915.6,2,469.3,2opt,improve
11033,7,915.6,2,469.3,move,improve
11034,7,915.6,2,469.3,move,improve
11035,7,915.6,2,469.3,move,improve
11036,7,915.6,2,469.3,move,improve
11037,7,915.6,2,469.3,move,improve
11038,7,915.6,2,469.3,move,improve
11039,7,915.6,2,469.3,move,improve
11040,7,915.6,2,469.3,2opt,notBad
11041,7,915.6,2,469.3,move,improve
11042,7,915.6,2,469.3,swap,notBad
11043,7,915.6,2,469.3,swap,notBad
11044,7,915.6,2,469.3,move,improve
11045,7,915.6,2,469.3,move,improve
11046,7,915.6,2,469.3,2opt,improve
11047,7,914.2999999999998,2,469.3,swap,improve
11048,7,914.2999999999998,2,469.3,move,improve
11049,7,914.2999999999998,2,469.3,swap,notBad
11050,7,914.2999999999998,2,469.3,2opt,notBad
11051,7,914.2999999999998,2,469.3,move,improve
11052,7,914.2999999999998,2,469.3,2opt,improve
11053,7,914.2999999999998,2,469.3,move,improve
11054,7,914.2999999999998,2,469.3,move,improve
11055,7,914.2999999999998,2,469.3,swap,notBad
11056,7,914.2999999999998,2,469.3,2opt,notBad
11057,7,914.2999999999998,2,469.3,swap,notBad
11058,7,914.2999999999998,2,469.3,move,improve
11059,7,914.2999999999998,2,469.3,2opt,notBad
11060,7,914.2999999999998,2,469.3,move,improve
11061,7,913.3000000000001,2,469.3,swap,improve
11062,7,913.3000000000001,2,469.3,move,improve
11063,7,913.3000000000001,2,469.3,2opt,notBad
11064,7,913.3000000000001,2,469.3,2opt,notBad
11065,7,913.3000000000001,2,469.3,move,improve
11066,7,913.3000000000001,2,469.3,move,improve
11067,7,913.3000000000001,2,469.3,2opt,notBad
11068,7,912.3500000000003,2,469.3,swap,improve
11069,7,912.3500000000003,2,469.3,2opt,notBad
11070,7,913.7500000000002,2,469.3,swap,acceptBad
11071,7,913.7500000000002,2,469.3,swap,notBad
11072,7,913.7500000000002,2,469.3,swap,notBad
11073,7,913.7500000000002,2,469.3,move,improve
11074,7,913.7500000000002,2,469.3,2opt,notBad
11075,7,913.7500000000002,2,469.3,2opt,notBad
11076,7,913.7500000000002,2,469.3,swap,notBad
11077,7,913.7500000000002,2,469.3,2opt,notBad
11078,7,913.7500000000002,2,469.3,move,improve
11079,7,913.7500000000002,2,469.3,move,improve
11080,7,913.7500000000002,2,469.3,swap,notBad
11081,7,914.3,2,469.3,2opt,acceptBad
11082,7,914.3,2,469.3,swap,notBad
11083,7,914.3,2,469.3,2opt,notBad
11084,7,914.3,2,469.3,move,improve
11085,7,914.3,2,469.3,move,improve
11086,7,914.3,2,469.3,2opt,notBad
11087,7,914.3,2,469.3,swap,notBad
11088,7,914.3,2,469.3,swap,notBad
11089,7,914.3,2,469.3,swap,notBad
11090,7,914.3,2,469.3,2opt,notBad
11091,7,914.3,2,469.3,2opt,notBad
11092,7,914.3,2,469.3,swap,notBad
11093,7,914.3,2,469.3,swap,notBad
11094,7,914.3,2,469.3,2opt,notBad
11095,7,914.3,2,469.3,swap,notBad
11096,7,914.3,2,469.3,swap,notBad
11097,7,914.3,2,469.3,2opt,notBad
11098,7,914.3,2,469.3,2opt,notBad
11099,7,914.3,2,469.3,2opt,notBad
11100,7,914.3,2,469.3,2opt,notBad
11101,7,914.3,2,469.3,swap,notBad
11102,7,914.3,2,469.3,2opt,notBad
11103,7,914.3,2,469.3,2opt,notBad
11104,7,912.6499999999999,2,469.3,move,improve
11105,7,912.6499999999999,2,469.3,move,improve
11106,7,912.6499999999999,2,469.3,2opt,notBad
11107,7,912.6499999999999,2,469.3,swap,notBad
11108,7,912.6499999999999,2,469.3,2opt,notBad
11109,7,912.6499999999999,2,469.3,swap,notBad
11110,7,912.6499999999999,2,469.3,2opt,notBad
11111,7,912.6499999999999,2,469.3,swap,notBad
11112,7,912.2499999999998,2,469.3,move,improve
11113,7,912.2499999999998,2,469.3,2opt,notBad
11114,7,912.2499999999998,2,469.3,2opt,improve
11115,7,912.2499999999998,2,469.3,move,improve
11116,7,912.2499999999998,2,469.3,swap,notBad
11117,7,912.2499999999998,2,469.3,2opt,notBad
11118,7,912.2499999999998,2,469.3,swap,notBad
11119,7,912.2499999999998,2,469.3,swap,notBad
11120,7,912.2499999999998,2,469.3,swap,notBad
11121,7,912.2499999999998,2,469.3,move,improve
11122,7,912.2499999999998,2,469.3,swap,notBad
11123,7,912.2499999999998,2,469.3,2opt,notBad
11124,7,912.2499999999998,2,469.3,swap,notBad
11125,7,912.2499999999998,2,469.3,move,improve
11126,7,912.2499999999998,2,469.3,move,improve
11127,7,912.2499999999998,2,469.3,swap,notBad
11128,7,912.2499999999998,2,469.3,2opt,notBad
11129,7,912.2499999999998,2,469.3,swap,notBad
11130,7,912.2499999999998,2,469.3,move,improve
11131,7,912.2499999999998,2,469.3,swap,notBad
11132,7,912.2499999999998,2,469.3,move,improve
11133,7,912.2499999999998,2,469.3,2opt,notBad
11134,7,912.2499999999998,2,469.3,swap,notBad
11135,7,912.2499999999998,2,469.3,2opt,notBad
11136,7,912.2499999999998,2,469.3,2opt,notBad
11137,7,912.2499999999998,2,469.3,2opt,notBad
11138,7,912.2499999999998,2,469.3,swap,notBad
11139,7,912.2499999999998,2,469.3,2opt,notBad
11140,7,912.2499999999998,2,469.3,swap,notBad
11141,7,912.2499999999998,2,469.3,2opt,notBad
11142,7,912.2499999999998,2,469.3,swap,notBad
11143,7,912.2499999999998,2,469.3,2opt,notBad
11144,7,912.2499999999998,2,469.3,2opt,notBad
11145,7,912.2499999999998,2,469.3,swap,notBad
11146,7,912.2499999999998,2,469.3,move,improve
11147,7,912.2499999999998,2,469.3,move,improve
11148,7,912.2499999999998,2,469.3,2opt,improve
11149,7,912.2499999999998,2,469.3,move,improve
11150,7,912.2499999999998,2,469.3,move,improve
11151,7,912.2499999999998,2,469.3,2opt,notBad
11152,7,912.2499999999998,2,469.3,swap,notBad
11153,7,912.2499999999998,2,469.3,2opt,improve
11154,7,912.2499999999998,2,469.3,2opt,notBad
11155,7,912.2499999999998,2,469.3,move,improve
11156,7,912.2499999999998,2,469.3,2opt,notBad
11157,7,912.2499999999998,2,469.3,2opt,notBad
11158,7,912.2499999999998,2,469.3,swap,notBad
11159,7,912.2499999999998,2,469.3,swap,notBad
11160,7,910.8499999999998,2,469.3,move,improve
11161,7,910.8499999999998,2,469.3,swap,notBad
11162,7,910.8499999999998,2,469.3,move,improve
11163,7,910.8499999999998,2,469.3,move,improve
11164,7,910.8499999999998,2,469.3,swap,notBad
11165,7,910.8499999999998,2,469.3,swap,notBad
11166,7,910.8499999999998,2,469.3,2opt,notBad
11167,7,910.8499999999998,2,469.3,2opt,notBad
11168,7,910.8499999999998,2,469.3,swap,notBad
11169,7,910.8499999999998,2,469.3,swap,notBad
11170,7,910.8499999999998,2,469.3,swap,notBad
11171,7,910.8499999999998,2,469.3,2opt,notBad
11172,7,910.8499999999998,2,469.3,move,improve
11173,7,910.8499999999998,2,469.3,2opt,notBad
11174,7,910.8499999999998,2,469.3,2opt,notBad
11175,7,910.8499999999998,2,469.3,swap,notBad
11176,7,910.8499999999998,2,469.3,2opt,notBad
11177,7,910.8499999999998,2,469.3,swap,notBad
11178,7,910.8499999999998,2,469.3,swap,notBad
11179,7,910.8499999999998,2,469.3,swap,notBad
11180,7,910.8499999999998,2,469.3,move,improve
11181,7,910.8499999999998,2,469.3,2opt,notBad
11182,7,910.8499999999998,2,469.3,move,improve
11183,7,909.4999999999998,2,469.3,move,improve
11184,7,909.4999999999998,2,469.3,2opt,notBad
11185,7,909.4999999999998,2,469.3,move,improve
11186,7,909.4999999999998,2,469.3,move,improve
11187,7,909.4999999999998,2,469.3,swap,notBad
11188,7,909.4999999999998,2,469.3,move,improve
11189,7,909.4999999999998,2,469.3,2opt,notBad
11190,7,909.4999999999998,2,469.3,move,improve
11191,7,909.4999999999998,2,469.3,2opt,improve
11192,7,909.4999999999998,2,469.3,2opt,notBad
11193,7,909.4999999999998,2,469.3,swap,notBad
11194,7,909.4999999999998,2,469.3,2opt,notBad
11195,7,909.4999999999998,2,469.3,2opt,notBad
11196,7,909.4999999999998,2,469.3,swap,notBad
11197,7,909.4999999999998,2,469.3,move,improve
11198,7,909.4999999999998,2,469.3,2opt,notBad
11199,7,909.4999999999998,2,469.3,2opt,notBad
11200,7,909.4999999999998,2,469.3,2opt,notBad
11201,7,909.4999999999998,2,469.3,move,improve
11202,7,909.4999999999998,2,469.3,2opt,notBad
11203,7,909.4999999999998,2,469.3,2opt,notBad
11204,7,909.4999999999998,2,469.3,2opt,notBad
11205,7,909.4999999999998,2,469.3,swap,notBad
11206,7,909.4999999999998,2,469.3,swap,notBad
11207,7,909.4999999999998,2,469.3,2opt,notBad
11208,7,909.4999999999998,2,469.3,2opt,notBad
11209,7,909.4999999999998,2,469.3,move,improve
11210,7,909.4999999999998,2,469.3,swap,notBad
11211,7,909.4999999999998,2,469.3,swap,notBad
11212,7,909.4999999999998,2,469.3,swap,notBad
11213,7,909.4999999999998,2,469.3,swap,notBad
11214,7,909.4999999999998,2,469.3,2opt,notBad
11215,7,909.4999999999998,2,469.3,move,improve
11216,7,909.4999999999998,2,469.3,2opt,notBad
11217,7,909.4999999999998,2,469.3,swap,notBad
11218,7,909.4999999999998,2,469.3,2opt,notBad
11219,7,909.4999999999998,2,469.3,2opt,notBad
11220,7,909.4999999999998,2,469.3,swap,notBad
11221,7,909.4999999999998,2,469.3,swap,notBad
11222,7,909.4999999999998,2,469.3,swap,notBad
11223,7,909.4999999999998,2,469.3,swap,notBad
11224,7,909.4999999999998,2,469.3,move,improve
11225,7,909.4999999999998,2,469.3,move,improve
11226,7,909.4999999999998,2,469.3,2opt,notBad
11227,7,909.4999999999998,2,469.3,move,improve
11228,7,909.4999999999998,2,469.3,move,improve
11229,7,909.4999999999998,2,469.3,move,improve
11230,7,909.4999999999998,2,469.3,move,improve
11231,7,909.4999999999998,2,469.3,move,improve
11232,7,909.4999999999998,2,469.3,2opt,notBad
11233,7,909.4999999999998,2,469.3,2opt,notBad
11234,7,909.4999999999998,2,469.3,swap,notBad
11235,7,909.4999999999998,2,469.3,move,improve
11236,7,909.4999999999998,2,469.3,move,improve
11237,7,909.4999999999998,2,469.3,2opt,notBad
11238,7,909.4999999999998,2,469.3,2opt,notBad
11239,7,909.4999999999998,2,469.3,move,improve
11240,7,909.4999999999998,2,469.3,2opt,notBad
11241,7,909.4999999999998,2,469.3,2opt,notBad
11242,7,909.4999999999998,2,469.3,2opt,improve
11243,7,909.4999999999998,2,469.3,move,improve
11244,7,909.4999999999998,2,469.3,swap,notBad
11245,7,909.4999999999998,2,469.3,move,improve
11246,7,909.4999999999998,2,469.3,swap,notBad
11247,7,909.4999999999998,2,469.3,move,improve
11248,7,909.4999999999998,2,469.3,move,improve
11249,7,909.4999999999998,2,469.3,2opt,notBad
11250,7,909.4999999999998,2,469.3,swap,notBad
11251,7,909.4999999999998,2,469.3,2opt,notBad
11252,7,909.4999999999998,2,469.3,swap,notBad
11253,7,909.4999999999998,2,469.3,move,improve
11254,7,909.4999999999998,2,469.3,2opt,notBad
11255,7,909.4999999999998,2,469.3,2opt,notBad
11256,7,909.4999999999998,2,469.3,2opt,notBad
11257,7,909.4999999999998,2,469.3,move,improve
11258,7,909.4999999999998,2,469.3,2opt,notBad
11259,7,909.4999999999998,2,469.3,move,improve
11260,7,909.4999999999998,2,469.3,swap,notBad
11261,7,909.4999999999998,2,469.3,move,improve
11262,7,909.4999999999998,2,469.3,move,improve
11263,7,909.4999999999998,2,469.3,move,improve
11264,7,909.4999999999998,2,469.3,swap,notBad
11265,7,909.4999999999998,2,469.3,2opt,notBad
11266,7,909.4999999999998,2,469.3,swap,notBad
11267,7,909.4999999999998,2,469.3,swap,notBad
11268,7,909.4999999999998,2,469.3,move,improve
11269,7,909.4999999999998,2,469.3,2opt,improve
11270,7,909.4999999999998,2,469.3,swap,notBad
11271,7,909.4999999999998,2,469.3,move,improve
11272,7,909.4999999999998,2,469.3,swap,notBad
11273,7,909.4999999999998,2,469.3,move,improve
11274,7,909.4999999999998,2,469.3,swap,notBad
11275,7,909.4999999999998,2,469.3,swap,notBad
11276,7,909.4999999999998,2,469.3,swap,notBad
11277,7,909.4999999999998,2,469.3,move,improve
11278,7,909.4999999999998,2,469.3,swap,notBad
11279,7,909.4999999999998,2,469.3,swap,notBad
11280,7,909.4999999999998,2,469.3,move,improve
11281,7,909.4999999999998,2,469.3,swap,notBad
11282,7,909.4999999999998,2,469.3,2opt,notBad
11283,7,909.4999999999998,2,469.3,2opt,improve
11284,7,909.4999999999998,2,469.3,swap,notBad
11285,7,909.4999999999998,2,469.3,move,improve
11286,7,909.4999999999998,2,469.3,move,improve
11287,7,909.4999999999998,2,469.3,swap,notBad
11288,7,909.4999999999998,2,469.3,swap,notBad
11289,7,909.4999999999998,2,469.3,2opt,notBad
11290,7,909.4999999999998,2,469.3,2opt,notBad
11291,7,909.4999999999998,2,469.3,swap,notBad
11292,7,909.4999999999998,2,469.3,2opt,notBad
11293,7,909.4999999999998,2,469.3,swap,notBad
11294,7,909.4999999999998,2,469.3,move,improve
11295,7,909.4999999999998,2,469.3,swap,notBad
11296,7,909.4999999999998,2,469.3,swap,notBad
11297,7,909.4999999999998,2,469.3,2opt,notBad
11298,7,909.4999999999998,2,469.3,2opt,notBad
11299,7,909.4999999999998,2,469.3,move,improve
11300,7,909.4999999999998,2,469.3,swap,notBad
11301,7,909.4999999999998,2,469.3,swap,notBad
11302,7,909.4999999999998,2,469.3,2opt,notBad
11303,7,909.4999999999998,2,469.3,2opt,notBad
11304,7,909.4999999999998,2,469.3,move,improve
11305,7,909.4999999999998,2,469.3,2opt,notBad
11306,7,909.4999999999998,2,469.3,move,improve
11307,7,909.4999999999998,2,469.3,2opt,notBad
11308,7,909.4999999999998,2,469.3,2opt,notBad
11309,7,909.4999999999998,2,469.3,swap,notBad
11310,7,909.4999999999998,2,469.3,move,improve
11311,7,909.4999999999998,2,469.3,2opt,notBad
11312,7,909.4999999999998,2,469.3,swap,notBad
11313,7,909.4999999999998,2,469.3,swap,notBad
11314,7,909.4999999999998,2,469.3,move,improve
11315,7,909.4999999999998,2,469.3,2opt,notBad
11316,7,909.4999999999998,2,469.3,move,improve
11317,7,909.4999999999998,2,469.3,move,improve
11318,7,909.4999999999998,2,469.3,2opt,notBad
11319,7,909.4999999999998,2,469.3,swap,notBad
11320,7,909.4999999999998,2,469.3,swap,notBad
11321,7,909.4999999999998,2,469.3,2opt,notBad
11322,7,909.4999999999998,2,469.3,2opt,notBad
11323,7,909.4999999999998,2,469.3,2opt,notBad
11324,7,909.4999999999998,2,469.3,move,improve
11325,7,909.4999999999998,2,469.3,move,improve
11326,7,909.4999999999998,2,469.3,move,improve
11327,7,909.4999999999998,2,469.3,swap,notBad
11328,7,909.4999999999998,2,469.3,move,improve
11329,7,909.4999999999998,2,469.3,move,improve
11330,7,909.4999999999998,2,469.3,swap,notBad
11331,7,909.4999999999998,2,469.3,swap,notBad
11332,7,909.4999999999998,2,469.3,move,improve
11333,7,909.4999999999998,2,469.3,move,improve
11334,7,909.4999999999998,2,469.3,move,improve
11335,7,909.4999999999998,2,469.3,2opt,notBad
11336,7,909.4999999999998,2,469.3,move,improve
11337,7,909.4999999999998,2,469.3,2opt,notBad
11338,7,909.4999999999998,2,469.3,move,improve
11339,7,909.4999999999998,2,469.3,2opt,notBad
11340,7,909.4999999999998,2,469.3,move,improve
11341,7,909.4999999999998,2,469.3,2opt,improve
11342,7,909.4999999999998,2,469.3,move,improve
11343,7,909.4999999999998,2,469.3,move,improve
11344,7,909.4999999999998,2,469.3,move,improve
11345,7,909.4999999999998,2,469.3,swap,notBad
11346,7,909.4999999999998,2,469.3,swap,notBad
11347,7,909.4999999999998,2,469.3,2opt,notBad
11348,7,909.4999999999998,2,469.3,2opt,improve
11349,7,909.4999999999998,2,469.3,2opt,notBad
11350,7,909.4999999999998,2,469.3,move,improve
11351,7,909.4999999999998,2,469.3,2opt,notBad
11352,7,909.4999999999998,2,469.3,swap,notBad
11353,7,909.4999999999998,2,469.3,2opt,notBad
11354,7,909.4999999999998,2,469.3,move,improve
11355,7,909.4999999999998,2,469.3,move,improve
11356,7,909.4999999999998,2,469.3,move,improve
11357,7,909.4999999999998,2,469.3,swap,notBad
11358,7,909.4999999999998,2,469.3,2opt,notBad
11359,7,909.4999999999998,2,469.3,2opt,notBad
11360,7,909.4999999999998,2,469.3,swap,notBad
11361,7,909.4999999999998,2,469.3,swap,notBad
11362,7,909.4999999999998,2,469.3,2opt,notBad
11363,7,909.4999999999998,2,469.3,move,improve
11364,7,909.4999999999998,2,469.3,2opt,notBad
11365,7,909.4999999999998,2,469.3,move,improve
11366,7,909.4999999999998,2,469.3,2opt,notBad
11367,7,909.4999999999998,2,469.3,swap,notBad
11368,7,909.4999999999998,2,469.3,2opt,notBad
11369,7,909.4999999999998,2,469.3,2opt,notBad
11370,7,909.4999999999998,2,469.3,move,improve
11371,7,909.4999999999998,2,469.3,2opt,notBad
11372,7,909.4999999999998,2,469.3,swap,notBad
11373,7,909.4999999999998,2,469.3,2opt,notBad
11374,7,909.4999999999998,2,469.3,move,improve
11375,7,909.4999999999998,2,469.3,swap,notBad
11376,7,909.4999999999998,2,469.3,2opt,notBad
11377,7,909.4999999999998,2,469.3,swap,notBad
11378,7,909.4999999999998,2,469.3,move,improve
11379,7,909.4999999999998,2,469.3,2opt,notBad
11380,7,909.4999999999998,2,469.3,2opt,notBad
11381,7,909.4999999999998,2,469.3,swap,notBad
11382,7,909.4999999999998,2,469.3,2opt,notBad
11383,7,909.4999999999998,2,469.3,2opt,notBad
11384,7,909.4999999999998,2,469.3,move,improve
11385,7,909.4999999999998,2,469.3,move,improve
11386,7,909.4999999999998,2,469.3,2opt,notBad
11387,7,909.4999999999998,2,469.3,move,improve
11388,7,909.4999999999998,2,469.3,2opt,notBad
11389,7,909.4999999999998,2,469.3,move,improve
11390,7,909.4999999999998,2,469.3,swap,notBad
11391,7,909.4999999999998,2,469.3,move,improve
11392,7,909.4999999999998,2,469.3,swap,notBad
11393,7,909.4999999999998,2,469.3,2opt,notBad
11394,7,909.4999999999998,2,469.3,swap,notBad
11395,7,909.4999999999998,2,469.3,swap,notBad
11396,7,909.4999999999998,2,469.3,move,improve
11397,7,909.4999999999998,2,469.3,2opt,notBad
11398,7,909.4999999999998,2,469.3,2opt,notBad
11399,7,909.4999999999998,2,469.3,swap,notBad
11400,7,909.4999999999998,2,469.3,swap,notBad
11401,7,909.4999999999998,2,469.3,move,improve
11402,7,909.4999999999998,2,469.3,2opt,notBad
11403,7,909.4999999999998,2,469.3,2opt,notBad
11404,7,909.4999999999998,2,469.3,move,improve
11405,7,909.4999999999998,2,469.3,move,improve
11406,7,909.4999999999998,2,469.3,move,improve
11407,7,909.4999999999998,2,469.3,move,improve
11408,7,909.4999999999998,2,469.3,move,improve
11409,7,909.4999999999998,2,469.3,swap,notBad
11410,7,909.4999999999998,2,469.3,swap,notBad
11411,7,909.4999999999998,2,469.3,move,improve
11412,7,909.4999999999998,2,469.3,2opt,notBad
11413,7,909.4999999999998,2,469.3,2opt,notBad
11414,7,909.4999999999998,2,469.3,move,improve
11415,7,909.4999999999998,2,469.3,2opt,notBad
11416,7,909.4999999999998,2,469.3,2opt,notBad
11417,7,909.4999999999998,2,469.3,2opt,notBad
11418,7,909.4999999999998,2,469.3,move,improve
11419,7,909.4999999999998,2,469.3,move,improve
11420,7,909.4999999999998,2,469.3,move,improve
11421,7,909.4999999999998,2,469.3,swap,notBad
11422,7,909.4999999999998,2,469.3,move,improve
11423,7,909.4999999999998,2,469.3,move,improve
11424,7,909.4999999999998,2,469.3,swap,notBad
11425,7,909.4999999999998,2,469.3,swap,notBad
11426,7,909.4999999999998,2,469.3,move,improve
11427,7,909.4999999999998,2,469.3,swap,notBad
11428,7,909.4999999999998,2,469.3,swap,notBad
11429,7,909.4999999999998,2,469.3,swap,notBad
11430,7,909.4999999999998,2,469.3,2opt,notBad
11431,7,909.4999999999998,2,469.3,2opt,notBad
11432,7,909.4999999999998,2,469.3,swap,notBad
11433,7,909.4999999999998,2,469.3,move,improve
11434,7,909.4999999999998,2,469.3,swap,notBad
11435,7,909.4999999999998,2,469.3,swap,notBad
11436,7,909.4999999999998,2,469.3,swap,notBad
11437,7,909.4999999999998,2,469.3,swap,notBad
11438,7,909.4999999999998,2,469.3,swap,notBad
11439,7,909.4999999999998,2,469.3,move,improve
11440,7,909.4999999999998,2,469.3,swap,notBad
11441,7,909.4999999999998,2,469.3,swap,notBad
11442,7,909.4999999999998,2,469.3,swap,notBad
11443,7,909.4999999999998,2,469.3,move,improve
11444,7,909.4999999999998,2,469.3,move,improve
11445,7,909.4999999999998,2,469.3,move,improve
11446,7,909.4999999999998,2,469.3,move,improve
11447,7,909.4999999999998,2,469.3,2opt,notBad
11448,7,909.4999999999998,2,469.3,2opt,notBad
11449,7,909.4999999999998,2,469.3,2opt,notBad
11450,7,909.4999999999998,2,469.3,swap,notBad
11451,7,909.4999999999998,2,469.3,2opt,notBad
11452,7,909.4999999999998,2,469.3,2opt,notBad
11453,7,909.4999999999998,2,469.3,move,improve
11454,7,909.4999999999998,2,469.3,move,improve
11455,7,909.4999999999998,2,469.3,move,improve
11456,7,909.4999999999998,2,469.3,move,improve
11457,7,909.4999999999998,2,469.3,move,improve
11458,7,909.4999999999998,2,469.3,move,improve
11459,7,909.4999999999998,2,469.3,2opt,notBad
11460,7,909.4999999999998,2,469.3,move,improve
11461,7,909.4999999999998,2,469.3,swap,notBad
11462,7,909.4999999999998,2,469.3,swap,notBad
11463,7,909.4999999999998,2,469.3,swap,notBad
11464,7,909.4999999999998,2,469.3,2opt,notBad
11465,7,909.4999999999998,2,469.3,swap,notBad
11466,7,909.4999999999998,2,469.3,2opt,notBad
11467,7,909.4999999999998,2,469.3,swap,notBad
11468,7,909.4999999999998,2,469.3,swap,notBad
11469,7,909.4999999999998,2,469.3,swap,notBad
11470,7,909.4999999999998,2,469.3,move,improve
11471,7,909.4999999999998,2,469.3,2opt,notBad
11472,7,909.4999999999998,2,469.3,move,improve
11473,7,909.4999999999998,2,469.3,2opt,notBad
11474,7,909.4999999999998,2,469.3,2opt,notBad
11475,7,909.4999999999998,2,469.3,swap,notBad
11476,7,909.4999999999998,2,469.3,2opt,notBad
11477,7,909.4999999999998,2,469.3,swap,notBad
11478,7,909.4999999999998,2,469.3,move,improve
11479,7,909.4999999999998,2,469.3,2opt,notBad
11480,7,909.4999999999998,2,469.3,swap,notBad
11481,7,909.4999999999998,2,469.3,2opt,notBad
11482,7,909.4999999999998,2,469.3,swap,notBad
11483,7,909.4999999999998,2,469.3,swap,notBad
11484,7,909.4999999999998,2,469.3,move,improve
11485,7,909.4999999999998,2,469.3,swap,notBad
11486,7,909.4999999999998,2,469.3,2opt,notBad
11487,7,909.4999999999998,2,469.3,move,improve
11488,7,909.4999999999998,2,469.3,move,improve
11489,7,909.4999999999998,2,469.3,move,improve
11490,7,909.4999999999998,2,469.3,move,improve
11491,7,909.4999999999998,2,469.3,2opt,notBad
11492,7,909.4999999999998,2,469.3,2opt,notBad
11493,7,909.4999999999998,2,469.3,swap,notBad
11494,7,909.4999999999998,2,469.3,swap,notBad
11495,7,909.4999999999998,2,469.3,2opt,notBad
11496,7,909.4999999999998,2,469.3,move,improve
11497,7,909.4999999999998,2,469.3,2opt,notBad
11498,7,909.4999999999998,2,469.3,move,improve
11499,7,909.4999999999998,2,469.3,2opt,notBad
11500,7,909.4999999999998,2,469.3,move,improve
11501,7,909.4999999999998,2,469.3,2opt,notBad
11502,7,909.4999999999998,2,469.3,swap,notBad
11503,7,909.4999999999998,2,469.3,move,improve
11504,7,909.4999999999998,2,469.3,2opt,notBad
11505,7,909.4999999999998,2,469.3,2opt,notBad
11506,7,909.4999999999998,2,469.3,move,improve
11507,7,909.4999999999998,2,469.3,swap,notBad
11508,7,909.4999999999998,2,469.3,2opt,notBad
11509,7,909.4999999999998,2,469.3,move,improve
11510,7,909.4999999999998,2,469.3,move,improve
11511,7,909.4999999999998,2,469.3,swap,notBad
11512,7,909.4999999999998,2,469.3,swap,notBad
11513,7,909.4999999999998,2,469.3,swap,notBad
11514,7,909.4999999999998,2,469.3,2opt,notBad
11515,7,909.4999999999998,2,469.3,swap,notBad
11516,7,909.4999999999998,2,469.3,swap,notBad
11517,7,909.4999999999998,2,469.3,move,improve
11518,7,909.4999999999998,2,469.3,swap,notBad
11519,7,909.4999999999998,2,469.3,2opt,notBad
11520,7,909.4999999999998,2,469.3,2opt,notBad
11521,7,909.4999999999998,2,469.3,move,improve
11522,7,909.4999999999998,2,469.3,swap,notBad
11523,7,909.4999999999998,2,469.3,move,improve
11524,7,909.4999999999998,2,469.3,swap,notBad
11525,7,909.4999999999998,2,469.3,move,improve
11526,7,909.4999999999998,2,469.3,swap,notBad
11527,7,909.4999999999998,2,469.3,move,improve
11528,7,909.4999999999998,2,469.3,2opt,notBad
11529,7,909.4999999999998,2,469.3,move,improve
11530,7,909.4999999999998,2,469.3,move,improve
11531,7,909.4999999999998,2,469.3,swap,notBad
11532,7,909.4999999999998,2,469.3,swap,notBad
11533,7,909.4999999999998,2,469.3,2opt,notBad
11534,7,909.4999999999998,2,469.3,move,improve
11535,7,909.4999999999998,2,469.3,swap,notBad
11536,7,909.4999999999998,2,469.3,move,improve
11537,7,909.4999999999998,2,469.3,move,improve
11538,7,909.4999999999998,2,469.3,swap,notBad
11539,7,909.4999999999998,2,469.3,2opt,notBad
11540,7,909.4999999999998,2,469.3,move,improve
11541,7,909.4999999999998,2,469.3,swap,notBad
11542,7,909.4999999999998,2,469.3,move,improve
11543,7,909.4999999999998,2,469.3,move,improve
11544,7,909.4999999999998,2,469.3,move,improve
11545,7,909.4999999999998,2,469.3,move,improve
11546,7,909.4999999999998,2,469.3,swap,notBad
11547,7,909.4999999999998,2,469.3,swap,notBad
11548,7,909.4999999999998,2,469.3,2opt,notBad
11549,7,909.4999999999998,2,469.3,swap,notBad
11550,7,909.4999999999998,2,469.3,swap,notBad
11551,7,909.4999999999998,2,469.3,2opt,notBad
11552,7,908.95,2,469.3,2opt,improve
11553,7,908.95,2,469.3,move,improve
11554,7,908.95,2,469.3,swap,notBad
11555,7,908.95,2,469.3,swap,notBad
11556,7,908.95,2,469.3,move,improve
11557,7,908.95,2,469.3,move,improve
11558,7,908.95,2,469.3,move,improve
11559,7,908.95,2,469.3,swap,notBad
11560,7,908.95,2,469.3,swap,notBad
11561,7,908.95,2,469.3,swap,notBad
11562,7,908.95,2,469.3,move,improve
11563,7,908.95,2,469.3,move,improve
11564,7,908.95,2,469.3,2opt,notBad
11565,7,908.95,2,469.3,swap,notBad
11566,7,908.95,2,469.3,move,improve
11567,7,908.95,2,469.3,2opt,notBad
11568,7,908.95,2,469.3,2opt,notBad
11569,7,908.95,2,469.3,swap,notBad
11570,7,908.95,2,469.3,move,improve
11571,7,908.95,2,469.3,2opt,notBad
11572,7,908.95,2,469.3,move,improve
11573,7,908.95,2,469.3,swap,notBad
11574,7,908.95,2,469.3,2opt,notBad
11575,7,908.95,2,469.3,swap,notBad
11576,7,908.95,2,469.3,2opt,notBad
11577,7,908.95,2,469.3,swap,notBad
11578,7,908.95,2,469.3,move,improve
11579,7,908.95,2,469.3,move,improve
11580,7,908.95,2,469.3,2opt,notBad
11581,7,908.95,2,469.3,move,improve
11582,7,908.95,2,469.3,2opt,notBad
11583,7,908.95,2,469.3,move,improve
11584,7,908.95,2,469.3,swap,notBad
11585,7,908.95,2,469.3,swap,notBad
11586,7,908.95,2,469.3,2opt,notBad
11587,7,908.95,2,469.3,2opt,notBad
11588,7,908.95,2,469.3,move,improve
11589,7,908.95,2,469.3,move,improve
11590,7,908.95,2,469.3,move,improve
11591,7,908.95,2,469.3,2opt,notBad
11592,7,908.95,2,469.3,swap,notBad
11593,7,908.95,2,469.3,2opt,improve
11594,7,908.95,2,469.3,swap,notBad
11595,7,908.95,2,469.3,move,improve
11596,7,908.95,2,469.3,2opt,notBad
11597,7,908.95,2,469.3,move,improve
11598,7,908.95,2,469.3,swap,notBad
11599,7,908.95,2,469.3,move,improve
11600,7,908.95,2,469.3,2opt,notBad
11601,7,908.95,2,469.3,2opt,notBad
11602,7,908.95,2,469.3,2opt,notBad
11603,7,908.95,2,469.3,2opt,notBad
11604,7,908.95,2,469.3,2opt,notBad
11605,7,908.95,2,469.3,swap,notBad
11606,7,908.95,2,469.3,move,improve
11607,7,908.95,2,469.3,2opt,notBad
11608,7,908.95,2,469.3,move,improve
11609,7,908.95,2,469.3,2opt,notBad
11610,7,908.95,2,469.3,2opt,improve
11611,7,908.95,2,469.3,2opt,notBad
11612,7,908.95,2,469.3,swap,notBad
11613,7,908.95,2,469.3,swap,notBad
11614,7,908.95,2,469.3,swap,notBad
11615,7,908.95,2,469.3,move,improve
11616,7,908.95,2,469.3,swap,notBad
11617,7,908.95,2,469.3,move,improve
11618,7,908.95,2,469.3,2opt,notBad
11619,7,908.95,2,469.3,2opt,notBad
11620,7,908.95,2,469.3,move,improve
11621,7,908.95,2,469.3,swap,notBad
11622,7,908.95,2,469.3,swap,notBad
11623,7,908.95,2,469.3,move,improve
11624,7,908.95,2,469.3,move,improve
11625,7,908.95,2,469.3,move,improve
11626,7,908.95,2,469.3,2opt,notBad
11627,7,908.95,2,469.3,move,improve
11628,7,908.95,2,469.3,move,improve
11629,7,908.95,2,469.3,2opt,notBad
11630,7,908.95,2,469.3,2opt,notBad
11631,7,908.95,2,469.3,move,improve
11632,7,908.95,2,469.3,2opt,notBad
11633,7,908.95,2,469.3,2opt,improve
11634,7,908.95,2,469.3,swap,notBad
11635,7,908.95,2,469.3,2opt,notBad
11636,7,908.95,2,469.3,2opt,notBad
11637,7,908.95,2,469.3,2opt,notBad
11638,7,908.95,2,469.3,2opt,notBad
11639,7,908.95,2,469.3,swap,notBad
11640,7,908.95,2,469.3,move,improve
11641,7,908.95,2,469.3,move,improve
11642,7,908.95,2,469.3,swap,notBad
11643,7,908.95,2,469.3,move,improve
11644,7,908.95,2,469.3,swap,notBad
11645,7,908.95,2,469.3,move,improve
11646,7,908.95,2,469.3,move,improve
11647,7,908.95,2,469.3,swap,notBad
11648,7,908.95,2,469.3,move,improve
11649,7,908.95,2,469.3,swap,notBad
11650,7,908.95,2,469.3,move,improve
11651,7,908.95,2,469.3,swap,notBad
11652,7,908.95,2,469.3,move,improve
11653,7,908.95,2,469.3,swap,notBad
11654,7,908.95,2,469.3,swap,notBad
11655,7,908.95,2,469.3,2opt,notBad
11656,7,908.95,2,469.3,2opt,notBad
11657,7,908.95,2,469.3,2opt,notBad
11658,7,908.95,2,469.3,2opt,notBad
11659,7,908.95,2,469.3,2opt,notBad
11660,7,908.95,2,469.3,2opt,notBad
11661,7,910.3000000000001,2,469.3,move,acceptBad
11662,7,910.3000000000001,2,469.3,swap,notBad
11663,7,910.3000000000001,2,469.3,move,improve
11664,7,910.3000000000001,2,469.3,move,improve
11665,7,910.3000000000001,2,469.3,move,improve
11666,7,910.3000000000001,2,469.3,swap,notBad
11667,7,910.3000000000001,2,469.3,swap,notBad
11668,7,910.3000000000001,2,469.3,swap,notBad
11669,7,910.3000000000001,2,469.3,move,improve
11670,7,910.3000000000001,2,469.3,move,improve
11671,7,910.3000000000001,2,469.3,swap,notBad
11672,7,910.3000000000001,2,469.3,2opt,notBad
11673,7,910.3000000000001,2,469.3,move,improve
11674,7,910.3000000000001,2,469.3,move,improve
11675,7,910.3000000000001,2,469.3,swap,notBad
11676,7,910.3000000000001,2,469.3,2opt,notBad
11677,7,910.3000000000001,2,469.3,2opt,notBad
11678,7,910.3000000000001,2,469.3,move,improve
11679,7,910.3000000000001,2,469.3,swap,notBad
11680,7,910.3000000000001,2,469.3,2opt,notBad
11681,7,910.3000000000001,2,469.3,swap,notBad
11682,7,910.3000000000001,2,469.3,2opt,notBad
11683,7,910.3000000000001,2,469.3,swap,notBad
11684,7,910.3000000000001,2,469.3,2opt,notBad
11685,7,910.3000000000001,2,469.3,swap,notBad
11686,7,910.3000000000001,2,469.3,move,improve
11687,7,910.3000000000001,2,469.3,move,improve
11688,7,910.3000000000001,2,469.3,move,improve
11689,7,910.3000000000001,2,469.3,2opt,improve
11690,7,910.3000000000001,2,469.3,2opt,notBad
11691,7,910.3000000000001,2,469.3,move,improve
11692,7,910.3000000000001,2,469.3,2opt,notBad
11693,7,910.3000000000001,2,469.3,swap,notBad
11694,7,910.3000000000001,2,469.3,move,improve
11695,7,910.3000000000001,2,469.3,move,improve
11696,7,910.3000000000001,2,469.3,move,improve
11697,7,910.3000000000001,2,469.3,2opt,notBad
11698,7,910.3000000000001,2,469.3,move,improve
11699,7,910.3000000000001,2,469.3,move,improve
11700,7,910.3000000000001,2,469.3,swap,notBad
11701,7,910.3000000000001,2,469.3,swap,notBad
11702,7,910.3000000000001,2,469.3,2opt,notBad
11703,7,910.3000000000001,2,469.3,move,improve
11704,7,910.3000000000001,2,469.3,swap,notBad
11705,7,910.3000000000001,2,469.3,move,improve
11706,7,910.3000000000001,2,469.3,move,improve
11707,7,910.3000000000001,2,469.3,swap,notBad
11708,7,910.3000000000001,2,469.3,move,improve
11709,7,910.3000000000001,2,469.3,move,improve
11710,7,910.3000000000001,2,469.3,move,improve
11711,7,910.3000000000001,2,469.3,swap,notBad
11712,7,910.3000000000001,2,469.3,2opt,improve
11713,7,910.3000000000001,2,469.3,swap,notBad
11714,7,910.3000000000001,2,469.3,swap,notBad
11715,7,910.3000000000001,2,469.3,2opt,notBad
11716,7,910.3000000000001,2,469.3,move,improve
11717,7,910.3000000000001,2,469.3,2opt,notBad
11718,7,910.3000000000001,2,469.3,move,improve
11719,7,910.3000000000001,2,469.3,move,improve
11720,7,910.3000000000001,2,469.3,move,improve
11721,7,910.3000000000001,2,469.3,move,improve
11722,7,910.3000000000001,2,469.3,2opt,notBad
11723,7,910.3000000000001,2,469.3,2opt,notBad
11724,7,910.3000000000001,2,469.3,move,improve
11725,7,910.3000000000001,2,469.3,move,improve
11726,7,910.3000000000001,2,469.3,swap,notBad
11727,7,910.3000000000001,2,469.3,swap,notBad
11728,7,910.3000000000001,2,469.3,swap,notBad
11729,7,910.3000000000001,2,469.3,move,improve
11730,7,910.3000000000001,2,469.3,2opt,notBad
11731,7,910.3000000000001,2,469.3,move,improve
11732,7,910.3000000000001,2,469.3,move,improve
11733,7,910.3000000000001,2,469.3,2opt,notBad
11734,7,910.3000000000001,2,469.3,move,improve
11735,7,910.3000000000001,2,469.3,swap,notBad
11736,7,910.3000000000001,2,469.3,move,improve
11737,7,910.3000000000001,2,469.3,swap,notBad
11738,7,910.3000000000001,2,469.3,swap,notBad
11739,7,910.3000000000001,2,469.3,move,improve
11740,7,910.3000000000001,2,469.3,move,improve
11741,7,910.3000000000001,2,469.3,swap,notBad
11742,7,910.3000000000001,2,469.3,2opt,notBad
11743,7,910.3000000000001,2,469.3,swap,notBad
11744,7,910.3000000000001,2,469.3,move,improve
11745,7,910.3000000000001,2,469.3,move,improve
11746,7,910.3000000000001,2,469.3,2opt,notBad
11747,7,910.3000000000001,2,469.3,2opt,notBad
11748,7,910.3000000000001,2,469.3,2opt,notBad
11749,7,910.3000000000001,2,469.3,2opt,notBad
11750,7,910.3000000000001,2,469.3,2opt,notBad
11751,7,910.3000000000001,2,469.3,2opt,notBad
11752,7,910.3000000000001,2,469.3,2opt,notBad
11753,7,910.3000000000001,2,469.3,swap,notBad
11754,7,910.3000000000001,2,469.3,move,improve
11755,7,910.3000000000001,2,469.3,2opt,notBad
11756,7,910.3000000000001,2,469.3,move,improve
11757,7,910.3000000000001,2,469.3,move,improve
11758,7,910.3000000000001,2,469.3,move,improve
11759,7,910.3000000000001,2,469.3,move,improve
11760,7,910.3000000000001,2,469.3,2opt,notBad
11761,7,910.3000000000001,2,469.3,swap,notBad
11762,7,910.3000000000001,2,469.3,2opt,notBad
11763,7,910.3000000000001,2,469.3,swap,notBad
11764,7,910.3000000000001,2,469.3,move,improve
11765,7,910.3000000000001,2,469.3,2opt,notBad
11766,7,910.3000000000001,2,469.3,move,improve
11767,7,910.3000000000001,2,469.3,swap,notBad
11768,7,910.3000000000001,2,469.3,swap,notBad
11769,7,910.3000000000001,2,469.3,swap,notBad
11770,7,910.3000000000001,2,469.3,move,notBad
11771,7,910.3000000000001,2,469.3,swap,notBad
11772,7,910.3000000000001,2,469.3,2opt,notBad
11773,7,910.3000000000001,2,469.3,move,improve
11774,7,910.3000000000001,2,469.3,2opt,notBad
11775,7,910.3000000000001,2,469.3,swap,notBad
11776,7,910.3000000000001,2,469.3,move,improve
11777,7,910.3000000000001,2,469.3,swap,notBad
11778,7,910.3000000000001,2,469.3,swap,notBad
11779,7,910.3000000000001,2,469.3,swap,notBad
11780,7,910.3000000000001,2,469.3,move,improve
11781,7,910.3000000000001,2,469.3,move,improve
11782,7,910.3000000000001,2,469.3,2opt,notBad
11783,7,910.3000000000001,2,469.3,swap,notBad
11784,7,910.3000000000001,2,469.3,swap,notBad
11785,7,910.3000000000001,2,469.3,move,improve
11786,7,910.3000000000001,2,469.3,2opt,notBad
11787,7,910.3000000000001,2,469.3,move,improve
11788,7,910.3000000000001,2,469.3,swap,notBad
11789,7,910.3000000000001,2,469.3,2opt,notBad
11790,7,910.3000000000001,2,469.3,swap,notBad
11791,7,910.3000000000001,2,469.3,2opt,notBad
11792,7,910.3000000000001,2,469.3,move,improve
11793,7,910.3000000000001,2,469.3,move,improve
11794,7,910.3000000000001,2,469.3,2opt,notBad
11795,7,910.3000000000001,2,469.3,swap,notBad
11796,7,910.3000000000001,2,469.3,swap,notBad
11797,7,910.3000000000001,2,469.3,swap,notBad
11798,7,910.3000000000001,2,469.3,swap,notBad
11799,7,910.3000000000001,2,469.3,2opt,notBad
11800,7,910.3000000000001,2,469.3,2opt,notBad
11801,7,910.3000000000001,2,469.3,move,improve
11802,7,910.3000000000001,2,469.3,move,improve
11803,7,910.3000000000001,2,469.3,swap,notBad
11804,7,910.3000000000001,2,469.3,move,improve
11805,7,910.3000000000001,2,469.3,move,improve
11806,7,910.3000000000001,2,469.3,2opt,notBad
11807,7,910.3000000000001,2,469.3,swap,notBad
11808,7,910.3000000000001,2,469.3,move,improve
11809,7,910.3000000000001,2,469.3,swap,notBad
11810,7,910.3000000000001,2,469.3,swap,notBad
11811,7,910.3000000000001,2,469.3,2opt,notBad
11812,7,910.3000000000001,2,469.3,2opt,notBad
11813,7,910.3000000000001,2,469.3,2opt,improve
11814,7,910.3000000000001,2,469.3,swap,notBad
11815,7,910.3000000000001,2,469.3,2opt,notBad
11816,7,910.3000000000001,2,469.3,move,improve
11817,7,910.3000000000001,2,469.3,swap,notBad
11818,7,910.3000000000001,2,469.3,move,improve
11819,7,910.3000000000001,2,469.3,swap,notBad
11820,7,910.3000000000001,2,469.3,2opt,notBad
11821,7,910.3000000000001,2,469.3,2opt,notBad
11822,7,910.3000000000001,2,469.3,2opt,notBad
11823,7,910.3000000000001,2,469.3,move,improve
11824,7,910.3000000000001,2,469.3,swap,notBad
11825,7,910.3000000000001,2,469.3,move,improve
11826,7,910.3000000000001,2,469.3,swap,notBad
11827,7,910.3000000000001,2,469.3,swap,notBad
11828,7,910.3000000000001,2,469.3,2opt,notBad
11829,7,910.3000000000001,2,469.3,swap,notBad
11830,7,910.3000000000001,2,469.3,move,improve
11831,7,910.3000000000001,2,469.3,move,improve
11832,7,910.3000000000001,2,469.3,2opt,notBad
11833,7,910.3000000000001,2,469.3,move,improve
11834,7,910.3000000000001,2,469.3,move,improve
11835,7,910.3000000000001,2,469.3,2opt,notBad
11836,7,910.3000000000001,2,469.3,2opt,notBad
11837,7,910.3000000000001,2,469.3,swap,notBad
11838,7,910.3000000000001,2,469.3,2opt,notBad
11839,7,910.3000000000001,2,469.3,swap,notBad
11840,7,910.3000000000001,2,469.3,swap,notBad
11841,7,910.3000000000001,2,469.3,move,improve
11842,7,910.3000000000001,2,469.3,swap,notBad
11843,7,910.3000000000001,2,469.3,move,improve
11844,7,910.3000000000001,2,469.3,swap,notBad
11845,7,910.3000000000001,2,469.3,2opt,notBad
11846,7,910.3000000000001,2,469.3,move,improve
11847,7,910.3000000000001,2,469.3,move,improve
11848,7,910.3000000000001,2,469.3,swap,notBad
11849,7,910.3000000000001,2,469.3,swap,notBad
11850,7,910.3000000000001,2,469.3,move,improve
11851,7,910.3000000000001,2,469.3,move,improve
11852,7,910.3000000000001,2,469.3,swap,notBad
11853,7,910.3000000000001,2,469.3,2opt,notBad
11854,7,910.3000000000001,2,469.3,2opt,notBad
11855,7,910.3000000000001,2,469.3,move,improve
11856,7,910.3000000000001,2,469.3,move,improve
11857,7,910.3000000000001,2,469.3,swap,notBad
11858,7,910.3000000000001,2,469.3,swap,notBad
11859,7,910.3000000000001,2,469.3,swap,notBad
11860,7,910.3000000000001,2,469.3,2opt,notBad
11861,7,910.3000000000001,2,469.3,2opt,notBad
11862,7,910.3000000000001,2,469.3,2opt,improve
11863,7,910.3000000000001,2,469.3,2opt,notBad
11864,7,910.3000000000001,2,469.3,2opt,notBad
11865,7,910.3000000000001,2,469.3,swap,notBad
11866,7,910.3000000000001,2,469.3,move,improve
11867,7,910.3000000000001,2,469.3,2opt,notBad
11868,7,910.3000000000001,2,469.3,swap,notBad
11869,7,910.3000000000001,2,469.3,swap,notBad
11870,7,910.3000000000001,2,469.3,swap,notBad
11871,7,910.3000000000001,2,469.3,2opt,notBad
11872,7,910.3000000000001,2,469.3,2opt,notBad
11873,7,910.3000000000001,2,469.3,swap,notBad
11874,7,910.3000000000001,2,469.3,swap,notBad
11875,7,910.3000000000001,2,469.3,2opt,notBad
11876,7,910.3000000000001,2,469.3,2opt,notBad
11877,7,910.3000000000001,2,469.3,2opt,notBad
11878,7,910.3000000000001,2,469.3,swap,notBad
11879,7,910.3000000000001,2,469.3,move,improve
11880,7,910.3000000000001,2,469.3,swap,notBad
11881,7,910.3000000000001,2,469.3,move,improve
11882,7,910.3000000000001,2,469.3,2opt,notBad
11883,7,910.3000000000001,2,469.3,swap,notBad
11884,7,910.3000000000001,2,469.3,move,improve
11885,7,910.3000000000001,2,469.3,2opt,notBad
11886,7,910.3000000000001,2,469.3,move,improve
11887,7,910.3000000000001,2,469.3,swap,notBad
11888,7,910.3000000000001,2,469.3,move,improve
11889,7,910.3000000000001,2,469.3,2opt,notBad
11890,7,910.3000000000001,2,469.3,move,improve
11891,7,910.3000000000001,2,469.3,swap,notBad
11892,7,910.3000000000001,2,469.3,swap,notBad
11893,7,910.3000000000001,2,469.3,move,improve
11894,7,910.3000000000001,2,469.3,2opt,notBad
11895,7,910.3000000000001,2,469.3,move,improve
11896,7,910.3000000000001,2,469.3,move,improve
11897,7,910.3000000000001,2,469.3,2opt,notBad
11898,7,910.3000000000001,2,469.3,2opt,notBad
11899,7,910.3000000000001,2,469.3,swap,notBad
11900,7,910.3000000000001,2,469.3,move,improve
11901,7,910.3000000000001,2,469.3,swap,notBad
11902,7,910.3000000000001,2,469.3,swap,notBad
11903,7,910.3000000000001,2,469.3,move,improve
11904,7,910.3000000000001,2,469.3,move,improve
11905,7,910.3000000000001,2,469.3,2opt,notBad
11906,7,910.3000000000001,2,469.3,move,improve
11907,7,910.3000000000001,2,469.3,move,improve
11908,7,910.3000000000001,2,469.3,move,improve
11909,7,910.3000000000001,2,469.3,2opt,notBad
11910,7,910.3000000000001,2,469.3,2opt,notBad
11911,7,910.3000000000001,2,469.3,move,improve
11912,7,910.3000000000001,2,469.3,2opt,notBad
11913,7,910.3000000000001,2,469.3,2opt,notBad
11914,7,910.3000000000001,2,469.3,move,improve
11915,7,910.3000000000001,2,469.3,2opt,notBad
11916,7,910.3000000000001,2,469.3,move,improve
11917,7,910.3000000000001,2,469.3,2opt,notBad
11918,7,910.3000000000001,2,469.3,swap,notBad
11919,7,910.3000000000001,2,469.3,swap,notBad
11920,7,910.3000000000001,2,469.3,move,improve
11921,7,910.3000000000001,2,469.3,move,improve
11922,7,910.3000000000001,2,469.3,move,improve
11923,7,910.3000000000001,2,469.3,swap,notBad
11924,7,910.3000000000001,2,469.3,2opt,notBad
11925,7,910.3000000000001,2,469.3,2opt,notBad
11926,7,910.3000000000001,2,469.3,2opt,notBad
11927,7,910.3000000000001,2,469.3,move,improve
11928,7,910.3000000000001,2,469.3,2opt,notBad
11929,7,910.3000000000001,2,469.3,2opt,notBad
11930,7,910.3000000000001,2,469.3,move,improve
11931,7,910.3000000000001,2,469.3,swap,notBad
11932,7,910.3000000000001,2,469.3,swap,notBad
11933,7,910.3000000000001,2,469.3,move,improve
11934,7,910.3000000000001,2,469.3,2opt,improve
11935,7,910.3000000000001,2,469.3,swap,notBad
11936,7,910.3000000000001,2,469.3,2opt,notBad
11937,7,910.3000000000001,2,469.3,move,improve
11938,7,910.3000000000001,2,469.3,2opt,notBad
11939,7,910.3000000000001,2,469.3,move,improve
11940,7,910.3000000000001,2,469.3,2opt,notBad
11941,7,910.3000000000001,2,469.3,swap,notBad
11942,7,910.3000000000001,2,469.3,swap,notBad
11943,7,910.3000000000001,2,469.3,2opt,notBad
11944,7,910.3000000000001,2,469.3,2opt,notBad
11945,7,910.3000000000001,2,469.3,2opt,notBad
11946,7,910.3000000000001,2,469.3,swap,notBad
11947,7,910.3000000000001,2,469.3,2opt,notBad
11948,7,910.3000000000001,2,469.3,swap,notBad
11949,7,910.3000000000001,2,469.3,swap,notBad
11950,7,910.3000000000001,2,469.3,2opt,improve
11951,7,910.3000000000001,2,469.3,2opt,notBad
11952,7,910.3000000000001,2,469.3,2opt,notBad
11953,7,910.3000000000001,2,469.3,swap,notBad
11954,7,910.3000000000001,2,469.3,move,improve
11955,7,910.3000000000001,2,469.3,move,improve
11956,7,910.3000000000001,2,469.3,2opt,notBad
11957,7,910.3000000000001,2,469.3,move,improve
11958,7,910.3000000000001,2,469.3,2opt,notBad
11959,7,910.3000000000001,2,469.3,move,improve
11960,7,910.3000000000001,2,469.3,move,improve
11961,7,910.3000000000001,2,469.3,2opt,notBad
11962,7,910.3000000000001,2,469.3,move,improve
11963,7,910.3000000000001,2,469.3,2opt,notBad
11964,7,910.3000000000001,2,469.3,swap,notBad
11965,7,910.3000000000001,2,469.3,swap,notBad
11966,7,910.3000000000001,2,469.3,move,improve
11967,7,910.3000000000001,2,469.3,move,improve
11968,7,910.3000000000001,2,469.3,move,improve
11969,7,910.3000000000001,2,469.3,swap,notBad
11970,7,910.3000000000001,2,469.3,move,improve
11971,7,910.3000000000001,2,469.3,move,improve
11972,7,910.3000000000001,2,469.3,2opt,notBad
11973,7,910.3000000000001,2,469.3,2opt,notBad
11974,7,910.3000000000001,2,469.3,move,improve
11975,7,910.3000000000001,2,469.3,swap,notBad
11976,7,910.3000000000001,2,469.3,move,improve
11977,7,910.3000000000001,2,469.3,2opt,notBad
11978,7,910.3000000000001,2,469.3,swap,notBad
11979,7,910.3000000000001,2,469.3,2opt,notBad
11980,7,910.3000000000001,2,469.3,swap,notBad
11981,7,910.3000000000001,2,469.3,move,improve
11982,7,910.3000000000001,2,469.3,2opt,notBad
11983,7,910.3000000000001,2,469.3,2opt,notBad
11984,7,910.3000000000001,2,469.3,2opt,notBad
11985,7,910.3000000000001,2,469.3,move,improve
11986,7,910.3000000000001,2,469.3,move,improve
11987,7,910.3000000000001,2,469.3,2opt,notBad
11988,7,910.3000000000001,2,469.3,move,improve
11989,7,910.3000000000001,2,469.3,move,improve
11990,7,910.3000000000001,2,469.3,2opt,notBad
11991,7,910.3000000000001,2,469.3,2opt,notBad
11992,7,910.3000000000001,2,469.3,swap,notBad
11993,7,910.3000000000001,2,469.3,swap,notBad
11994,7,910.3000000000001,2,469.3,swap,notBad
11995,7,910.3000000000001,2,469.3,swap,notBad
11996,7,910.3000000000001,2,469.3,move,improve
11997,7,910.3000000000001,2,469.3,swap,notBad
11998,7,910.3000000000001,2,469.3,2opt,notBad
11999,7,910.3000000000001,2,469.3,2opt,improve
12000,7,910.3000000000001,2,469.3,swap,notBad
12001,7,910.3000000000001,2,469.3,swap,notBad
12002,7,910.3000000000001,2,469.3,move,improve
12003,7,910.3000000000001,2,469.3,move,improve
12004,7,910.3000000000001,2,469.3,move,improve
12005,7,910.3000000000001,2,469.3,move,improve
12006,7,910.3000000000001,2,469.3,move,improve
12007,7,910.3000000000001,2,469.3,move,improve
12008,7,910.3000000000001,2,469.3,swap,notBad
12009,7,910.3000000000001,2,469.3,move,improve
12010,7,910.3000000000001,2,469.3,move,improve
12011,7,910.3000000000001,2,469.3,move,improve
12012,7,910.3000000000001,2,469.3,2opt,notBad
12013,7,910.3000000000001,2,469.3,2opt,notBad
12014,7,910.3000000000001,2,469.3,2opt,notBad
12015,7,910.3000000000001,2,469.3,swap,notBad
12016,7,910.3000000000001,2,469.3,move,improve
12017,7,910.3000000000001,2,469.3,2opt,notBad
12018,7,910.3000000000001,2,469.3,2opt,notBad
12019,7,910.3000000000001,2,469.3,2opt,notBad
12020,7,910.3000000000001,2,469.3,swap,notBad
12021,7,910.3000000000001,2,469.3,swap,notBad
12022,7,910.3000000000001,2,469.3,swap,notBad
12023,7,910.3000000000001,2,469.3,swap,notBad
12024,7,910.3000000000001,2,469.3,swap,notBad
12025,7,910.3000000000001,2,469.3,swap,notBad
12026,7,910.3000000000001,2,469.3,move,improve
12027,7,910.3000000000001,2,469.3,swap,notBad
12028,7,910.3000000000001,2,469.3,swap,notBad
12029,7,910.3000000000001,2,469.3,move,improve
12030,7,910.3000000000001,2,469.3,swap,notBad
12031,7,910.3000000000001,2,469.3,move,improve
12032,7,910.3000000000001,2,469.3,move,improve
12033,7,910.3000000000001,2,469.3,move,improve
12034,7,910.3000000000001,2,469.3,move,improve
12035,7,910.3000000000001,2,469.3,move,improve
12036,7,910.3000000000001,2,469.3,swap,notBad
12037,7,910.3000000000001,2,469.3,move,improve
12038,7,910.3000000000001,2,469.3,move,improve
12039,7,910.3000000000001,2,469.3,2opt,notBad
12040,7,910.3000000000001,2,469.3,2opt,notBad
12041,7,910.3000000000001,2,469.3,move,improve
12042,7,910.3000000000001,2,469.3,move,improve
12043,7,910.3000000000001,2,469.3,move,improve
12044,7,910.3000000000001,2,469.3,move,improve
12045,7,910.3000000000001,2,469.3,2opt,notBad
12046,7,910.3000000000001,2,469.3,swap,notBad
12047,7,910.3000000000001,2,469.3,move,improve
12048,7,910.3000000000001,2,469.3,swap,notBad
12049,7,910.3000000000001,2,469.3,swap,notBad
12050,7,910.3000000000001,2,469.3,2opt,notBad
12051,7,910.3000000000001,2,469.3,swap,notBad
12052,7,910.3000000000001,2,469.3,move,improve
12053,7,910.3000000000001,2,469.3,swap,notBad
12054,7,910.3000000000001,2,469.3,move,improve
12055,7,910.3000000000001,2,469.3,swap,notBad
12056,7,910.3000000000001,2,469.3,2opt,improve
12057,7,910.3000000000001,2,469.3,swap,notBad
12058,7,910.3000000000001,2,469.3,move,improve
12059,7,910.3000000000001,2,469.3,2opt,notBad
12060,7,910.3000000000001,2,469.3,move,improve
12061,7,910.3000000000001,2,469.3,swap,notBad
12062,7,910.3000000000001,2,469.3,2opt,notBad
12063,7,910.3000000000001,2,469.3,move,improve
12064,7,910.3000000000001,2,469.3,swap,notBad
12065,7,910.3000000000001,2,469.3,move,improve
12066,7,910.3000000000001,2,469.3,2opt,notBad
12067,7,910.3000000000001,2,469.3,move,improve
12068,7,910.3000000000001,2,469.3,swap,notBad
12069,7,910.3000000000001,2,469.3,2opt,improve
12070,7,910.3000000000001,2,469.3,swap,notBad
12071,7,910.3000000000001,2,469.3,move,improve
12072,7,910.3000000000001,2,469.3,swap,notBad
12073,7,910.3000000000001,2,469.3,swap,notBad
12074,7,910.3000000000001,2,469.3,move,notBad
12075,7,910.3000000000001,2,469.3,move,improve
12076,7,910.3000000000001,2,469.3,swap,notBad
12077,7,910.3000000000001,2,469.3,swap,notBad
12078,7,910.3000000000001,2,469.3,2opt,notBad
12079,7,910.3000000000001,2,469.3,swap,notBad
12080,7,910.3000000000001,2,469.3,2opt,notBad
12081,7,910.3000000000001,2,469.3,move,improve
12082,7,910.3000000000001,2,469.3,swap,notBad
12083,7,910.3000000000001,2,469.3,swap,notBad
12084,7,910.3000000000001,2,469.3,2opt,notBad
12085,7,910.3000000000001,2,469.3,2opt,notBad
12086,7,910.3000000000001,2,469.3,2opt,notBad
12087,7,910.3000000000001,2,469.3,2opt,notBad
12088,7,910.3000000000001,2,469.3,2opt,improve
12089,7,910.3000000000001,2,469.3,swap,notBad
12090,7,910.3000000000001,2,469.3,swap,notBad
12091,7,910.3000000000001,2,469.3,swap,notBad
12092,7,910.3000000000001,2,469.3,2opt,notBad
12093,7,910.3000000000001,2,469.3,swap,notBad
12094,7,910.3000000000001,2,469.3,swap,notBad
12095,7,910.3000000000001,2,469.3,move,improve
12096,7,910.3000000000001,2,469.3,move,improve
12097,7,910.3000000000001,2,469.3,2opt,notBad
12098,7,910.3000000000001,2,469.3,swap,notBad
12099,7,910.3000000000001,2,469.3,swap,notBad
12100,7,910.3000000000001,2,469.3,2opt,notBad
12101,7,910.3000000000001,2,469.3,move,improve
12102,7,910.3000000000001,2,469.3,2opt,notBad
12103,7,910.3000000000001,2,469.3,move,improve
12104,7,910.3000000000001,2,469.3,move,improve
12105,7,910.3000000000001,2,469.3,2opt,notBad
12106,7,910.3000000000001,2,469.3,swap,notBad
12107,7,910.3000000000001,2,469.3,2opt,notBad
12108,7,910.3000000000001,2,469.3,swap,notBad
12109,7,910.3000000000001,2,469.3,swap,notBad
12110,7,910.3000000000001,2,469.3,move,improve
12111,7,910.3000000000001,2,469.3,swap,notBad
12112,7,910.3000000000001,2,469.3,swap,notBad
12113,7,910.3000000000001,2,469.3,move,improve
12114,7,910.3000000000001,2,469.3,swap,notBad
12115,7,910.3000000000001,2,469.3,swap,notBad
12116,7,910.3000000000001,2,469.3,swap,notBad
12117,7,910.3000000000001,2,469.3,2opt,notBad
12118,7,910.3000000000001,2,469.3,swap,notBad
12119,7,910.3000000000001,2,469.3,2opt,notBad
12120,7,910.3000000000001,2,469.3,2opt,notBad
12121,7,910.3000000000001,2,469.3,2opt,notBad
12122,7,910.3000000000001,2,469.3,move,improve
12123,7,910.3000000000001,2,469.3,move,improve
12124,7,910.3000000000001,2,469.3,swap,notBad
12125,7,910.3000000000001,2,469.3,swap,notBad
12126,7,910.3000000000001,2,469.3,2opt,notBad
12127,7,910.3000000000001,2,469.3,move,improve
12128,7,910.3000000000001,2,469.3,2opt,notBad
12129,7,910.3000000000001,2,469.3,swap,notBad
12130,7,910.3000000000001,2,469.3,swap,notBad
12131,7,910.3000000000001,2,469.3,move,improve
12132,7,910.3000000000001,2,469.3,move,improve
12133,7,910.3000000000001,2,469.3,2opt,notBad
12134,7,910.3000000000001,2,469.3,move,improve
12135,7,910.3000000000001,2,469.3,move,improve
12136,7,910.3000000000001,2,469.3,2opt,notBad
12137,7,910.3000000000001,2,469.3,move,improve
12138,7,910.3000000000001,2,469.3,swap,notBad
12139,7,910.3000000000001,2,469.3,2opt,notBad
12140,7,910.3000000000001,2,469.3,2opt,notBad
12141,7,910.3000000000001,2,469.3,move,improve
12142,7,910.3000000000001,2,469.3,swap,notBad
12143,7,910.3000000000001,2,469.3,move,improve
12144,7,910.3000000000001,2,469.3,2opt,notBad
12145,7,910.3000000000001,2,469.3,2opt,notBad
12146,7,910.3000000000001,2,469.3,swap,notBad
12147,7,910.3000000000001,2,469.3,swap,notBad
12148,7,910.3000000000001,2,469.3,move,improve
12149,7,910.3000000000001,2,469.3,move,improve
12150,7,910.3000000000001,2,469.3,2opt,notBad
12151,7,910.3000000000001,2,469.3,2opt,notBad
12152,7,910.3000000000001,2,469.3,swap,notBad
12153,7,910.3000000000001,2,469.3,move,improve
12154,7,910.3000000000001,2,469.3,2opt,notBad
12155,7,910.3000000000001,2,469.3,move,improve
12156,7,910.3000000000001,2,469.3,swap,notBad
12157,7,910.3000000000001,2,469.3,move,improve
12158,7,910.3000000000001,2,469.3,move,improve
12159,7,910.3000000000001,2,469.3,swap,notBad
12160,7,910.3000000000001,2,469.3,move,improve
12161,7,910.3000000000001,2,469.3,move,improve
12162,7,910.3000000000001,2,469.3,2opt,notBad
12163,7,910.3000000000001,2,469.3,move,improve
12164,7,910.3000000000001,2,469.3,move,improve
12165,7,910.3000000000001,2,469.3,move,improve
12166,7,910.3000000000001,2,469.3,move,improve
12167,7,910.3000000000001,2,469.3,move,improve
12168,7,910.3000000000001,2,469.3,2opt,notBad
12169,7,910.3000000000001,2,469.3,move,improve
12170,7,910.3000000000001,2,469.3,move,improve
12171,7,910.3000000000001,2,469.3,move,improve
12172,7,910.3000000000001,2,469.3,move,improve
12173,7,910.3000000000001,2,469.3,2opt,notBad
12174,7,910.3000000000001,2,469.3,2opt,notBad
12175,7,910.3000000000001,2,469.3,swap,notBad
12176,7,910.3000000000001,2,469.3,2opt,notBad
12177,7,910.3000000000001,2,469.3,move,improve
12178,7,910.3000000000001,2,469.3,swap,notBad
12179,7,910.3000000000001,2,469.3,move,notBad
12180,7,910.3000000000001,2,469.3,2opt,notBad
12181,7,910.3000000000001,2,469.3,swap,notBad
12182,7,910.3000000000001,2,469.3,move,improve
12183,7,910.3000000000001,2,469.3,move,improve
12184,7,910.3000000000001,2,469.3,2opt,notBad
12185,7,910.3000000000001,2,469.3,2opt,improve
12186,7,910.3000000000001,2,469.3,move,improve
12187,7,910.3000000000001,2,469.3,move,improve
12188,7,910.3000000000001,2,469.3,2opt,notBad
12189,7,910.3000000000001,2,469.3,2opt,notBad
12190,7,910.3000000000001,2,469.3,swap,notBad
12191,7,910.3000000000001,2,469.3,swap,notBad
12192,7,910.3000000000001,2,469.3,move,improve
12193,7,910.3000000000001,2,469.3,move,improve
12194,7,910.3000000000001,2,469.3,move,improve
12195,7,910.3000000000001,2,469.3,move,improve
12196,7,910.3000000000001,2,469.3,move,improve
12197,7,910.3000000000001,2,469.3,move,improve
12198,7,910.3000000000001,2,469.3,move,improve
12199,7,910.3000000000001,2,469.3,move,improve
12200,7,910.3000000000001,2,469.3,move,improve
12201,7,910.3000000000001,2,469.3,swap,notBad
12202,7,910.3000000000001,2,469.3,2opt,notBad
12203,7,910.3000000000001,2,469.3,2opt,notBad
12204,7,910.3000000000001,2,469.3,swap,notBad
12205,7,910.3000000000001,2,469.3,move,improve
12206,7,910.3000000000001,2,469.3,2opt,improve
12207,7,910.3000000000001,2,469.3,2opt,notBad
12208,7,910.3000000000001,2,469.3,2opt,notBad
12209,7,910.3000000000001,2,469.3,swap,notBad
12210,7,910.3000000000001,2,469.3,swap,notBad
12211,7,910.3000000000001,2,469.3,move,improve
12212,7,910.3000000000001,2,469.3,move,improve
12213,7,910.3000000000001,2,469.3,swap,notBad
12214,7,910.3000000000001,2,469.3,swap,notBad
12215,7,910.3000000000001,2,469.3,swap,notBad
12216,7,910.3000000000001,2,469.3,swap,notBad
12217,7,910.3000000000001,2,469.3,2opt,notBad
12218,7,910.3000000000001,2,469.3,2opt,notBad
12219,7,910.3000000000001,2,469.3,2opt,improve
12220,7,910.3000000000001,2,469.3,swap,notBad
12221,7,910.3000000000001,2,469.3,swap,notBad
12222,7,910.3000000000001,2,469.3,2opt,notBad
12223,7,910.3000000000001,2,469.3,move,improve
12224,7,910.3000000000001,2,469.3,2opt,notBad
12225,7,910.3000000000001,2,469.3,swap,notBad
12226,7,910.3000000000001,2,469.3,2opt,notBad
12227,7,910.3000000000001,2,469.3,swap,notBad
12228,7,911.8499999999997,2,469.3,swap,acceptBad
12229,7,911.8499999999997,2,469.3,2opt,notBad
12230,7,911.8499999999997,2,469.3,2opt,notBad
12231,7,911.8499999999997,2,469.3,move,improve
12232,7,911.8499999999997,2,469.3,swap,notBad
12233,7,911.8499999999997,2,469.3,swap,notBad
12234,7,911.8499999999997,2,469.3,swap,notBad
12235,7,911.8499999999997,2,469.3,move,improve
12236,7,911.8499999999997,2,469.3,2opt,notBad
12237,7,911.8499999999997,2,469.3,move,improve
12238,7,911.8499999999997,2,469.3,swap,notBad
12239,7,911.8499999999997,2,469.3,2opt,notBad
12240,7,911.8499999999997,2,469.3,2opt,notBad
12241,7,911.8499999999997,2,469.3,move,improve
12242,7,911.8499999999997,2,469.3,move,improve
12243,7,911.8499999999997,2,469.3,swap,notBad
12244,7,911.8499999999997,2,469.3,move,improve
12245,7,911.8499999999997,2,469.3,2opt,notBad
12246,7,911.8499999999997,2,469.3,move,improve
12247,7,911.8499999999997,2,469.3,2opt,notBad
12248,7,911.8499999999997,2,469.3,2opt,notBad
12249,7,911.8499999999997,2,469.3,2opt,notBad
12250,7,911.8499999999997,2,469.3,move,improve
12251,7,911.8499999999997,2,469.3,move,improve
12252,7,911.8499999999997,2,469.3,2opt,notBad
12253,7,911.8499999999997,2,469.3,2opt,notBad
12254,7,911.8499999999997,2,469.3,2opt,notBad
12255,7,911.8499999999997,2,469.3,2opt,notBad
12256,7,911.8499999999997,2,469.3,2opt,notBad
12257,7,911.8499999999997,2,469.3,2opt,improve
12258,7,911.8499999999997,2,469.3,move,improve
12259,7,911.8499999999997,2,469.3,2opt,notBad
12260,7,911.8499999999997,2,469.3,2opt,notBad
12261,7,911.8499999999997,2,469.3,swap,notBad
12262,7,911.8499999999997,2,469.3,move,improve
12263,7,911.8499999999997,2,469.3,swap,notBad
12264,7,911.8499999999997,2,469.3,2opt,notBad
12265,7,911.8499999999997,2,469.3,move,improve
12266,7,911.8499999999997,2,469.3,move,improve
12267,7,911.8499999999997,2,469.3,move,improve
12268,7,911.8499999999997,2,469.3,swap,notBad
12269,7,911.8499999999997,2,469.3,2opt,notBad
12270,7,911.8499999999997,2,469.3,2opt,notBad
12271,7,911.8499999999997,2,469.3,2opt,notBad
12272,7,911.8499999999997,2,469.3,2opt,notBad
12273,7,911.8499999999997,2,469.3,2opt,notBad
12274,7,911.8499999999997,2,469.3,move,improve
12275,7,911.8499999999997,2,469.3,move,improve
12276,7,911.8499999999997,2,469.3,2opt,notBad
12277,7,911.8499999999997,2,469.3,move,improve
12278,7,911.8499999999997,2,469.3,swap,notBad
12279,7,911.8499999999997,2,469.3,2opt,notBad
12280,7,911.8499999999997,2,469.3,2opt,notBad
12281,7,911.8499999999997,2,469.3,2opt,notBad
12282,7,911.8499999999997,2,469.3,swap,notBad
12283,7,911.8499999999997,2,469.3,swap,notBad
12284,7,911.8499999999997,2,469.3,move,improve
12285,7,911.8499999999997,2,469.3,2opt,improve
12286,7,911.8499999999997,2,469.3,move,improve
12287,7,911.8499999999997,2,469.3,2opt,notBad
12288,7,911.8499999999997,2,469.3,2opt,notBad
12289,7,911.8499999999997,2,469.3,2opt,notBad
12290,7,911.8499999999997,2,469.3,move,improve
12291,7,911.8499999999997,2,469.3,swap,notBad
12292,7,911.8499999999997,2,469.3,swap,notBad
12293,7,911.8499999999997,2,469.3,2opt,notBad
12294,7,911.8499999999997,2,469.3,2opt,notBad
12295,7,911.8499999999997,2,469.3,swap,notBad
12296,7,911.8499999999997,2,469.3,2opt,improve
12297,7,911.8499999999997,2,469.3,swap,notBad
12298,7,911.8499999999997,2,469.3,2opt,improve
12299,7,911.8499999999997,2,469.3,swap,notBad
12300,7,911.8499999999997,2,469.3,2opt,notBad
12301,7,911.8499999999997,2,469.3,move,improve
12302,7,911.8499999999997,2,469.3,move,improve
12303,7,911.8499999999997,2,469.3,move,improve
12304,7,911.8499999999997,2,469.3,swap,notBad
12305,7,911.8499999999997,2,469.3,swap,notBad
12306,7,911.8499999999997,2,469.3,2opt,notBad
12307,7,911.8499999999997,2,469.3,2opt,notBad
12308,7,911.8499999999997,2,469.3,move,improve
12309,7,911.8499999999997,2,469.3,2opt,notBad
12310,7,911.8499999999997,2,469.3,swap,notBad
12311,7,911.8499999999997,2,469.3,move,improve
12312,7,911.8499999999997,2,469.3,move,improve
12313,7,911.8499999999997,2,469.3,2opt,notBad
12314,7,911.8499999999997,2,469.3,2opt,notBad
12315,7,911.8499999999997,2,469.3,2opt,notBad
12316,7,911.8499999999997,2,469.3,swap,notBad
12317,7,911.8499999999997,2,469.3,2opt,notBad
12318,7,911.8499999999997,2,469.3,move,improve
12319,7,911.8499999999997,2,469.3,move,improve
12320,7,911.8499999999997,2,469.3,2opt,notBad
12321,7,911.8499999999997,2,469.3,move,improve
12322,7,911.8499999999997,2,469.3,move,improve
12323,7,911.8499999999997,2,469.3,swap,notBad
12324,7,911.8499999999997,2,469.3,move,improve
12325,7,911.8499999999997,2,469.3,move,improve
12326,7,911.8499999999997,2,469.3,move,improve
12327,7,911.8499999999997,2,469.3,move,improve
12328,7,911.8499999999997,2,469.3,swap,notBad
12329,7,911.8499999999997,2,469.3,move,improve
12330,7,911.8499999999997,2,469.3,swap,notBad
12331,7,911.8499999999997,2,469.3,move,improve
12332,7,911.8499999999997,2,469.3,swap,notBad
12333,7,911.8499999999997,2,469.3,swap,notBad
12334,7,911.8499999999997,2,469.3,move,improve
12335,7,911.8499999999997,2,469.3,2opt,notBad
12336,7,911.8499999999997,2,469.3,swap,notBad
12337,7,911.8499999999997,2,469.3,swap,notBad
12338,7,911.8499999999997,2,469.3,2opt,notBad
12339,7,911.8499999999997,2,469.3,move,improve
12340,7,911.8499999999997,2,469.3,2opt,notBad
12341,7,911.8499999999997,2,469.3,2opt,notBad
12342,7,911.8499999999997,2,469.3,2opt,notBad
12343,7,911.8499999999997,2,469.3,move,improve
12344,7,911.8499999999997,2,469.3,swap,notBad
12345,7,911.8499999999997,2,469.3,move,improve
12346,7,919.2999999999996,2,469.3,move,acceptBad
12347,7,919.2999999999996,2,469.3,swap,notBad
12348,7,919.2999999999996,2,469.3,swap,notBad
12349,7,919.2999999999996,2,469.3,move,improve
12350,7,919.2999999999996,2,469.3,2opt,notBad
12351,7,919.2999999999996,2,469.3,2opt,notBad
12352,7,919.2999999999996,2,469.3,swap,notBad
12353,7,919.2999999999996,2,469.3,swap,notBad
12354,7,919.2999999999996,2,469.3,move,improve
12355,7,919.2999999999996,2,469.3,move,improve
12356,7,919.2999999999996,2,469.3,move,improve
12357,7,919.2999999999996,2,469.3,move,improve
12358,7,919.2999999999996,2,469.3,swap,notBad
12359,7,919.2999999999996,2,469.3,2opt,notBad
12360,7,919.2999999999996,2,469.3,swap,notBad
12361,7,919.2999999999996,2,469.3,swap,notBad
12362,7,919.2999999999996,2,469.3,move,improve
12363,7,919.2999999999996,2,469.3,move,improve
12364,7,919.2999999999996,2,469.3,2opt,notBad
12365,7,919.2999999999996,2,469.3,swap,notBad
12366,7,919.2999999999996,2,469.3,swap,notBad
12367,7,919.2999999999996,2,469.3,swap,notBad
12368,7,919.2999999999996,2,469.3,move,improve
12369,7,919.2999999999996,2,469.3,2opt,notBad
12370,7,919.2999999999996,2,469.3,2opt,notBad
12371,7,919.2999999999996,2,469.3,swap,notBad
12372,7,919.2999999999996,2,469.3,swap,notBad
12373,7,919.2999999999996,2,469.3,swap,notBad
12374,7,919.2999999999996,2,469.3,swap,notBad
12375,7,919.2999999999996,2,469.3,move,improve
12376,7,919.2999999999996,2,469.3,swap,notBad
12377,7,919.2999999999996,2,469.3,2opt,improve
12378,7,919.2999999999996,2,469.3,move,improve
12379,7,919.2999999999996,2,469.3,2opt,notBad
12380,7,919.2999999999996,2,469.3,swap,notBad
12381,7,919.2999999999996,2,469.3,move,improve
12382,7,919.2999999999996,2,469.3,swap,notBad
12383,7,919.2999999999996,2,469.3,2opt,notBad
12384,7,919.2999999999996,2,469.3,2opt,notBad
12385,7,919.2999999999996,2,469.3,swap,notBad
12386,7,919.2999999999996,2,469.3,2opt,notBad
12387,7,919.2999999999996,2,469.3,2opt,notBad
12388,7,919.2999999999996,2,469.3,swap,notBad
12389,7,919.2999999999996,2,469.3,move,improve
12390,7,919.2999999999996,2,469.3,2opt,notBad
12391,7,919.2999999999996,2,469.3,swap,notBad
12392,7,919.2999999999996,2,469.3,2opt,notBad
12393,7,919.2999999999996,2,469.3,move,improve
12394,7,919.2999999999996,2,469.3,swap,notBad
12395,7,919.2999999999996,2,469.3,2opt,notBad
12396,7,919.2999999999996,2,469.3,swap,notBad
12397,7,919.2999999999996,2,469.3,swap,notBad
12398,7,919.2999999999996,2,469.3,move,improve
12399,7,919.2999999999996,2,469.3,move,improve
12400,7,919.2999999999996,2,469.3,move,improve
12401,7,919.2999999999996,2,469.3,swap,notBad
12402,7,919.2999999999996,2,469.3,swap,notBad
12403,7,919.2999999999996,2,469.3,move,improve
12404,7,919.2999999999996,2,469.3,swap,notBad
12405,7,919.2999999999996,2,469.3,2opt,notBad
12406,7,919.2999999999996,2,469.3,move,improve
12407,7,919.2999999999996,2,469.3,2opt,notBad
12408,7,919.2999999999996,2,469.3,swap,notBad
12409,7,919.2999999999996,2,469.3,move,improve
12410,7,919.2999999999996,2,469.3,2opt,notBad
12411,7,919.2999999999996,2,469.3,swap,notBad
12412,7,919.2999999999996,2,469.3,move,improve
12413,7,919.2999999999996,2,469.3,swap,notBad
12414,7,919.2999999999996,2,469.3,2opt,notBad
12415,7,919.2999999999996,2,469.3,2opt,notBad
12416,7,919.2999999999996,2,469.3,move,improve
12417,7,919.2999999999996,2,469.3,2opt,notBad
12418,7,919.2999999999996,2,469.3,2opt,notBad
12419,7,919.2999999999996,2,469.3,swap,notBad
12420,7,919.2999999999996,2,469.3,move,improve
12421,7,919.2999999999996,2,469.3,2opt,notBad
12422,7,919.2999999999996,2,469.3,2opt,notBad
12423,7,919.2999999999996,2,469.3,2opt,notBad
12424,7,919.2999999999996,2,469.3,swap,notBad
12425,7,919.2999999999996,2,469.3,swap,notBad
12426,7,919.2999999999996,2,469.3,2opt,notBad
12427,7,919.2999999999996,2,469.3,2opt,notBad
12428,7,919.2999999999996,2,469.3,swap,notBad
12429,7,919.2999999999996,2,469.3,move,improve
12430,7,919.2999999999996,2,469.3,swap,notBad
12431,7,919.2999999999996,2,469.3,2opt,notBad
12432,7,919.2999999999996,2,469.3,2opt,notBad
12433,7,919.2999999999996,2,469.3,move,improve
12434,7,919.2999999999996,2,469.3,2opt,notBad
12435,7,919.2999999999996,2,469.3,move,improve
12436,7,919.2999999999996,2,469.3,2opt,notBad
12437,7,919.2999999999996,2,469.3,swap,notBad
12438,7,919.2999999999996,2,469.3,swap,notBad
12439,7,919.2999999999996,2,469.3,move,improve
12440,7,919.2999999999996,2,469.3,move,improve
12441,7,919.2999999999996,2,469.3,swap,notBad
12442,7,919.2999999999996,2,469.3,2opt,notBad
12443,7,919.2999999999996,2,469.3,swap,notBad
12444,7,919.2999999999996,2,469.3,move,improve
12445,7,919.2999999999996,2,469.3,move,improve
12446,7,919.2999999999996,2,469.3,swap,notBad
12447,7,919.2999999999996,2,469.3,move,improve
12448,7,919.2999999999996,2,469.3,move,improve
12449,7,919.2999999999996,2,469.3,swap,notBad
12450,7,919.2999999999996,2,469.3,move,improve
12451,7,919.2999999999996,2,469.3,2opt,notBad
12452,7,919.2999999999996,2,469.3,move,improve
12453,7,919.2999999999996,2,469.3,swap,notBad
12454,7,919.2999999999996,2,469.3,swap,notBad
12455,7,919.2999999999996,2,469.3,2opt,notBad
12456,7,919.2999999999996,2,469.3,2opt,improve
12457,7,919.2999999999996,2,469.3,2opt,notBad
12458,7,919.2999999999996,2,469.3,move,improve
12459,7,919.2999999999996,2,469.3,move,improve
12460,7,919.2999999999996,2,469.3,swap,notBad
12461,7,919.2999999999996,2,469.3,2opt,notBad
12462,7,919.2999999999996,2,469.3,swap,notBad
12463,7,919.2999999999996,2,469.3,2opt,notBad
12464,7,919.2999999999996,2,469.3,swap,notBad
12465,7,919.2999999999996,2,469.3,move,improve
12466,7,919.2999999999996,2,469.3,swap,notBad
12467,7,919.2999999999996,2,469.3,move,improve
12468,7,919.2999999999996,2,469.3,move,improve
12469,7,919.2999999999996,2,469.3,move,improve
12470,7,919.2999999999996,2,469.3,move,improve
12471,7,919.2999999999996,2,469.3,swap,notBad
12472,7,919.2999999999996,2,469.3,2opt,notBad
12473,7,919.2999999999996,2,469.3,swap,notBad
12474,7,919.2999999999996,2,469.3,swap,notBad
12475,7,919.2999999999996,2,469.3,swap,notBad
12476,7,919.2999999999996,2,469.3,2opt,notBad
12477,7,919.2999999999996,2,469.3,swap,notBad
12478,7,919.2999999999996,2,469.3,2opt,notBad
12479,7,919.2999999999996,2,469.3,swap,notBad
12480,7,919.2999999999996,2,469.3,move,improve
12481,7,919.2999999999996,2,469.3,move,improve
12482,7,919.2999999999996,2,469.3,2opt,notBad
12483,7,919.2999999999996,2,469.3,2opt,notBad
12484,7,919.2999999999996,2,469.3,2opt,notBad
12485,7,919.2999999999996,2,469.3,swap,notBad
12486,7,919.2999999999996,2,469.3,swap,notBad
12487,7,919.2999999999996,2,469.3,2opt,notBad
12488,7,919.2999999999996,2,469.3,swap,notBad
12489,7,919.2999999999996,2,469.3,2opt,notBad
12490,7,919.2999999999996,2,469.3,2opt,notBad
12491,7,916.8999999999995,2,469.3,move,improve
12492,7,916.8999999999995,2,469.3,2opt,notBad
12493,7,916.8999999999995,2,469.3,swap,notBad
12494,7,916.8999999999995,2,469.3,swap,notBad
12495,7,916.8999999999995,2,469.3,move,improve
12496,7,916.8999999999995,2,469.3,2opt,notBad
12497,7,916.8999999999995,2,469.3,move,improve
12498,7,916.8999999999995,2,469.3,swap,notBad
12499,7,916.8999999999995,2,469.3,move,improve
12500,7,916.8999999999995,2,469.3,2opt,notBad
12501,7,916.8999999999995,2,469.3,move,improve
12502,7,916.8999999999995,2,469.3,2opt,notBad
12503,7,916.8999999999995,2,469.3,swap,notBad
12504,7,916.8999999999995,2,469.3,move,improve
12505,7,916.8999999999995,2,469.3,move,improve
12506,7,916.8999999999995,2,469.3,2opt,notBad
12507,7,916.8999999999995,2,469.3,swap,notBad
12508,7,916.8999999999995,2,469.3,move,improve
12509,7,916.8999999999995,2,469.3,move,improve
12510,7,916.8999999999995,2,469.3,2opt,notBad
12511,7,916.8999999999995,2,469.3,move,improve
12512,7,916.8999999999995,2,469.3,2opt,notBad
12513,7,916.8999999999995,2,469.3,move,improve
12514,7,916.8999999999995,2,469.3,swap,notBad
12515,7,916.8999999999995,2,469.3,2opt,notBad
12516,7,916.8999999999995,2,469.3,move,improve
12517,7,916.8999999999995,2,469.3,swap,notBad
12518,7,916.8999999999995,2,469.3,move,improve
12519,7,916.8999999999995,2,469.3,move,improve
12520,7,916.8999999999995,2,469.3,move,improve
12521,7,916.8999999999995,2,469.3,move,improve
12522,7,916.8999999999995,2,469.3,2opt,notBad
12523,7,916.8999999999995,2,469.3,2opt,notBad
12524,7,916.8999999999995,2,469.3,2opt,notBad
12525,7,916.8999999999995,2,469.3,2opt,improve
12526,7,916.8999999999995,2,469.3,move,notBad
12527,7,916.8999999999995,2,469.3,2opt,notBad
12528,7,916.8999999999995,2,469.3,swap,notBad
12529,7,916.8999999999995,2,469.3,move,improve
12530,7,916.8999999999995,2,469.3,swap,notBad
12531,7,916.8999999999995,2,469.3,swap,notBad
12532,7,916.8999999999995,2,469.3,move,improve
12533,7,916.8999999999995,2,469.3,swap,notBad
12534,7,916.8999999999995,2,469.3,2opt,notBad
12535,7,916.8999999999995,2,469.3,2opt,notBad
12536,7,916.8999999999995,2,469.3,move,improve
12537,7,916.8999999999995,2,469.3,move,improve
12538,7,916.8999999999995,2,469.3,swap,notBad
12539,7,916.8999999999995,2,469.3,swap,notBad
12540,7,916.8999999999995,2,469.3,move,improve
12541,7,916.8999999999995,2,469.3,2opt,notBad
12542,7,916.8999999999995,2,469.3,2opt,notBad
12543,7,916.8999999999995,2,469.3,move,improve
12544,7,916.8999999999995,2,469.3,2opt,improve
12545,7,916.8999999999995,2,469.3,swap,notBad
12546,7,916.8999999999995,2,469.3,move,improve
12547,7,916.6499999999997,2,469.3,move,improve
12548,7,916.6499999999997,2,469.3,swap,notBad
12549,7,916.6499999999997,2,469.3,2opt,notBad
12550,7,916.6499999999997,2,469.3,swap,notBad
12551,7,916.6499999999997,2,469.3,2opt,notBad
12552,7,916.6499999999997,2,469.3,2opt,notBad
12553,7,916.6499999999997,2,469.3,move,improve
12554,7,916.6499999999997,2,469.3,move,improve
12555,7,916.6499999999997,2,469.3,move,improve
12556,7,916.6499999999997,2,469.3,move,improve
12557,7,916.6499999999997,2,469.3,move,improve
12558,7,916.6499999999997,2,469.3,swap,notBad
12559,7,916.6499999999997,2,469.3,swap,notBad
12560,7,916.6499999999997,2,469.3,move,improve
12561,7,916.6499999999997,2,469.3,2opt,notBad
12562,7,916.6499999999997,2,469.3,move,improve
12563,7,916.6499999999997,2,469.3,move,improve
12564,7,916.6499999999997,2,469.3,swap,notBad
12565,7,916.6499999999997,2,469.3,swap,notBad
12566,7,916.6499999999997,2,469.3,swap,notBad
12567,7,916.6499999999997,2,469.3,move,improve
12568,7,916.6499999999997,2,469.3,swap,notBad
12569,7,916.6499999999997,2,469.3,2opt,notBad
12570,7,916.6499999999997,2,469.3,swap,notBad
12571,7,916.6499999999997,2,469.3,swap,notBad
12572,7,916.6499999999997,2,469.3,swap,notBad
12573,7,916.6499999999997,2,469.3,2opt,notBad
12574,7,916.6499999999997,2,469.3,move,improve
12575,7,916.6499999999997,2,469.3,swap,notBad
12576,7,916.6499999999997,2,469.3,move,improve
12577,7,916.6499999999997,2,469.3,2opt,notBad
12578,7,916.6499999999997,2,469.3,swap,notBad
12579,7,916.6499999999997,2,469.3,2opt,notBad
12580,7,916.6499999999997,2,469.3,swap,notBad
12581,7,916.6499999999997,2,469.3,move,improve
12582,7,916.6499999999997,2,469.3,move,improve
12583,7,916.6499999999997,2,469.3,swap,notBad
12584,7,916.6499999999997,2,469.3,2opt,notBad
12585,7,916.6499999999997,2,469.3,swap,notBad
12586,7,916.6499999999997,2,469.3,2opt,notBad
12587,7,916.6499999999997,2,469.3,2opt,improve
12588,7,916.6499999999997,2,469.3,move,improve
12589,7,916.6499999999997,2,469.3,2opt,notBad
12590,7,916.6499999999997,2,469.3,move,improve
12591,7,916.6499999999997,2,469.3,move,improve
12592,7,916.6499999999997,2,469.3,swap,notBad
12593,7,916.6499999999997,2,469.3,2opt,notBad
12594,7,916.6499999999997,2,469.3,swap,notBad
12595,7,916.6499999999997,2,469.3,move,improve
12596,7,916.6499999999997,2,469.3,swap,notBad
12597,7,916.6499999999997,2,469.3,2opt,notBad
12598,7,916.6499999999997,2,469.3,swap,notBad
12599,7,916.6499999999997,2,469.3,swap,notBad
12600,7,916.6499999999997,2,469.3,2opt,notBad
12601,7,916.6499999999997,2,469.3,move,improve
12602,7,916.6499999999997,2,469.3,swap,notBad
12603,7,916.6499999999997,2,469.3,2opt,notBad
12604,7,916.6499999999997,2,469.3,2opt,notBad
12605,7,916.6499999999997,2,469.3,move,improve
12606,7,916.6499999999997,2,469.3,2opt,improve
12607,7,916.6499999999997,2,469.3,move,improve
12608,7,916.6499999999997,2,469.3,swap,notBad
12609,7,916.6499999999997,2,469.3,2opt,notBad
12610,7,916.6499999999997,2,469.3,swap,notBad
12611,7,916.6499999999997,2,469.3,2opt,notBad
12612,7,916.6499999999997,2,469.3,2opt,notBad
12613,7,916.6499999999997,2,469.3,move,improve
12614,7,916.6499999999997,2,469.3,move,improve
12615,7,916.6499999999997,2,469.3,2opt,notBad
12616,7,916.6499999999997,2,469.3,swap,notBad
12617,7,916.6499999999997,2,469.3,swap,notBad
12618,7,916.6499999999997,2,469.3,swap,notBad
12619,7,916.6499999999997,2,469.3,2opt,notBad
12620,7,916.6499999999997,2,469.3,move,improve
12621,7,916.6499999999997,2,469.3,move,improve
12622,7,916.6499999999997,2,469.3,swap,notBad
12623,7,916.6499999999997,2,469.3,2opt,notBad
12624,7,916.6499999999997,2,469.3,swap,notBad
12625,7,916.6499999999997,2,469.3,2opt,notBad
12626,7,916.6499999999997,2,469.3,move,improve
12627,7,916.6499999999997,2,469.3,swap,notBad
12628,7,916.6499999999997,2,469.3,swap,notBad
12629,7,916.6499999999997,2,469.3,2opt,notBad
12630,7,916.6499999999997,2,469.3,move,improve
12631,7,916.6499999999997,2,469.3,move,improve
12632,7,916.6499999999997,2,469.3,swap,notBad
12633,7,916.6499999999997,2,469.3,2opt,notBad
12634,7,916.6499999999997,2,469.3,move,improve
12635,7,916.6499999999997,2,469.3,swap,notBad
12636,7,916.6499999999997,2,469.3,swap,notBad
12637,7,916.6499999999997,2,469.3,2opt,notBad
12638,7,916.6499999999997,2,469.3,swap,notBad
12639,7,916.6499999999997,2,469.3,swap,notBad
12640,7,916.6499999999997,2,469.3,swap,notBad
12641,7,916.6499999999997,2,469.3,swap,notBad
12642,7,916.6499999999997,2,469.3,swap,notBad
12643,7,916.6499999999997,2,469.3,2opt,notBad
12644,7,916.6499999999997,2,469.3,2opt,notBad
12645,7,916.6499999999997,2,469.3,move,improve
12646,7,916.6499999999997,2,469.3,2opt,notBad
12647,7,916.6499999999997,2,469.3,2opt,notBad
12648,7,916.6499999999997,2,469.3,move,improve
12649,7,916.6499999999997,2,469.3,2opt,notBad
12650,7,916.6499999999997,2,469.3,2opt,notBad
12651,7,916.6499999999997,2,469.3,2opt,notBad
12652,7,916.6499999999997,2,469.3,move,improve
12653,7,916.6499999999997,2,469.3,2opt,notBad
12654,7,916.6499999999997,2,469.3,2opt,notBad
12655,7,916.6499999999997,2,469.3,move,improve
12656,7,916.6499999999997,2,469.3,swap,notBad
12657,7,916.6499999999997,2,469.3,move,improve
12658,7,916.6499999999997,2,469.3,move,improve
12659,7,916.6499999999997,2,469.3,move,improve
12660,7,916.6499999999997,2,469.3,2opt,notBad
12661,7,916.6499999999997,2,469.3,2opt,notBad
12662,7,916.6499999999997,2,469.3,move,improve
12663,7,916.6499999999997,2,469.3,move,improve
12664,7,916.6499999999997,2,469.3,move,improve
12665,7,916.6499999999997,2,469.3,2opt,notBad
12666,7,916.6499999999997,2,469.3,move,improve
12667,7,916.6499999999997,2,469.3,move,improve
12668,7,916.6499999999997,2,469.3,move,improve
12669,7,916.6499999999997,2,469.3,move,improve
12670,7,916.6499999999997,2,469.3,2opt,notBad
12671,7,916.6499999999997,2,469.3,2opt,notBad
12672,7,916.6499999999997,2,469.3,move,improve
12673,7,916.6499999999997,2,469.3,swap,notBad
12674,7,916.6499999999997,2,469.3,move,improve
12675,7,916.6499999999997,2,469.3,move,improve
12676,7,916.6499999999997,2,469.3,move,improve
12677,7,916.6499999999997,2,469.3,move,improve
12678,7,916.6499999999997,2,469.3,move,improve
12679,7,916.6499999999997,2,469.3,move,improve
12680,7,916.6499999999997,2,469.3,move,improve
12681,7,916.6499999999997,2,469.3,move,improve
12682,7,916.6499999999997,2,469.3,move,improve
12683,7,916.6499999999997,2,469.3,2opt,notBad
12684,7,916.6499999999997,2,469.3,move,improve
12685,7,916.6499999999997,2,469.3,2opt,notBad
12686,7,916.6499999999997,2,469.3,move,notBad
12687,7,916.6499999999997,2,469.3,2opt,notBad
12688,7,916.6499999999997,2,469.3,swap,notBad
12689,7,916.6499999999997,2,469.3,2opt,notBad
12690,7,916.7499999999998,2,469.3,swap,acceptBad
12691,7,916.7499999999998,2,469.3,move,improve
12692,7,916.7499999999998,2,469.3,swap,notBad
12693,7,916.7499999999998,2,469.3,move,improve
12694,7,916.7499999999998,2,469.3,swap,notBad
12695,7,916.7499999999998,2,469.3,move,improve
12696,7,916.7499999999998,2,469.3,swap,notBad
12697,7,916.7499999999998,2,469.3,move,improve
12698,7,916.7499999999998,2,469.3,move,improve
12699,7,916.7499999999998,2,469.3,2opt,notBad
12700,7,916.7499999999998,2,469.3,2opt,notBad
12701,7,916.7499999999998,2,469.3,2opt,notBad
12702,7,916.7499999999998,2,469.3,move,improve
12703,7,916.7499999999998,2,469.3,swap,notBad
12704,7,916.7499999999998,2,469.3,swap,notBad
12705,7,916.7499999999998,2,469.3,move,improve
12706,7,916.7499999999998,2,469.3,2opt,notBad
12707,7,916.7499999999998,2,469.3,move,improve
12708,7,916.7499999999998,2,469.3,2opt,notBad
12709,7,916.7499999999998,2,469.3,move,improve
12710,7,916.7499999999998,2,469.3,move,improve
12711,7,916.7499999999998,2,469.3,move,improve
12712,7,916.7499999999998,2,469.3,swap,notBad
12713,7,916.7499999999998,2,469.3,swap,notBad
12714,7,916.7499999999998,2,469.3,swap,notBad
12715,7,916.7499999999998,2,469.3,move,improve
12716,7,916.7499999999998,2,469.3,swap,notBad
12717,7,916.7499999999998,2,469.3,2opt,notBad
12718,7,916.7499999999998,2,469.3,move,improve
12719,7,916.7499999999998,2,469.3,2opt,improve
12720,7,916.7499999999998,2,469.3,2opt,notBad
12721,7,916.7499999999998,2,469.3,swap,notBad
12722,7,916.7499999999998,2,469.3,swap,notBad
12723,7,916.7499999999998,2,469.3,move,improve
12724,7,916.7499999999998,2,469.3,2opt,notBad
12725,7,916.7499999999998,2,469.3,2opt,notBad
12726,7,916.7499999999998,2,469.3,2opt,notBad
12727,7,916.7499999999998,2,469.3,2opt,notBad
12728,7,916.7499999999998,2,469.3,2opt,improve
12729,7,916.7499999999998,2,469.3,2opt,notBad
12730,7,916.7499999999998,2,469.3,2opt,notBad
12731,7,916.7499999999998,2,469.3,2opt,notBad
12732,7,916.7499999999998,2,469.3,move,improve
12733,7,916.7499999999998,2,469.3,swap,notBad
12734,7,916.7499999999998,2,469.3,2opt,improve
12735,7,916.7499999999998,2,469.3,2opt,notBad
12736,7,916.7499999999998,2,469.3,2opt,notBad
12737,7,916.7499999999998,2,469.3,swap,notBad
12738,7,916.7499999999998,2,469.3,2opt,notBad
12739,7,916.7499999999998,2,469.3,swap,notBad
12740,7,916.7499999999998,2,469.3,swap,notBad
12741,7,916.7499999999998,2,469.3,swap,notBad
12742,7,916.7499999999998,2,469.3,move,improve
12743,7,916.7499999999998,2,469.3,move,improve
12744,7,916.7499999999998,2,469.3,move,improve
12745,7,916.7499999999998,2,469.3,move,improve
12746,7,916.7499999999998,2,469.3,move,improve
12747,7,916.7499999999998,2,469.3,2opt,notBad
12748,7,916.7499999999998,2,469.3,2opt,improve
12749,7,916.7499999999998,2,469.3,swap,notBad
12750,7,916.7499999999998,2,469.3,2opt,notBad
12751,7,916.7499999999998,2,469.3,swap,notBad
12752,7,916.7499999999998,2,469.3,move,improve
12753,7,916.7499999999998,2,469.3,move,improve
12754,7,916.7499999999998,2,469.3,2opt,improve
12755,7,916.7499999999998,2,469.3,swap,notBad
12756,7,916.7499999999998,2,469.3,2opt,notBad
12757,7,916.7499999999998,2,469.3,2opt,notBad
12758,7,916.7499999999998,2,469.3,2opt,notBad
12759,7,916.7499999999998,2,469.3,move,improve
12760,7,916.7499999999998,2,469.3,2opt,notBad
12761,7,916.7499999999998,2,469.3,2opt,notBad
12762,7,916.7499999999998,2,469.3,2opt,notBad
12763,7,916.7499999999998,2,469.3,2opt,notBad
12764,7,916.7499999999998,2,469.3,swap,notBad
12765,7,916.7499999999998,2,469.3,2opt,notBad
12766,7,916.7499999999998,2,469.3,2opt,notBad
12767,7,916.7499999999998,2,469.3,move,improve
12768,7,916.7499999999998,2,469.3,2opt,notBad
12769,7,916.7499999999998,2,469.3,swap,notBad
12770,7,916.7499999999998,2,469.3,move,improve
12771,7,916.7499999999998,2,469.3,move,improve
12772,7,916.7499999999998,2,469.3,move,improve
12773,7,916.7499999999998,2,469.3,2opt,notBad
12774,7,916.7499999999998,2,469.3,2opt,notBad
12775,7,916.7499999999998,2,469.3,move,improve
12776,7,916.7499999999998,2,469.3,move,improve
12777,7,916.7499999999998,2,469.3,swap,notBad
12778,7,916.7499999999998,2,469.3,swap,notBad
12779,7,916.7499999999998,2,469.3,2opt,notBad
12780,7,916.7499999999998,2,469.3,swap,notBad
12781,7,916.7499999999998,2,469.3,2opt,notBad
12782,7,916.7499999999998,2,469.3,swap,notBad
12783,7,916.7499999999998,2,469.3,swap,notBad
12784,7,916.7499999999998,2,469.3,2opt,notBad
12785,7,916.7499999999998,2,469.3,2opt,notBad
12786,7,916.7499999999998,2,469.3,swap,notBad
12787,7,916.7499999999998,2,469.3,swap,notBad
12788,7,916.7499999999998,2,469.3,move,improve
12789,7,916.7499999999998,2,469.3,swap,notBad
12790,7,916.7499999999998,2,469.3,swap,notBad
12791,7,916.7499999999998,2,469.3,2opt,notBad
12792,7,916.7499999999998,2,469.3,2opt,notBad
12793,7,916.7499999999998,2,469.3,swap,notBad
12794,7,916.7499999999998,2,469.3,swap,notBad
12795,7,916.7499999999998,2,469.3,2opt,notBad
12796,7,916.7499999999998,2,469.3,2opt,notBad
12797,7,916.7499999999998,2,469.3,move,improve
12798,7,916.7499999999998,2,469.3,2opt,improve
12799,7,916.7499999999998,2,469.3,swap,notBad
12800,7,916.7499999999998,2,469.3,2opt,improve
12801,7,916.7499999999998,2,469.3,move,improve
12802,7,916.7499999999998,2,469.3,2opt,notBad
12803,7,916.7499999999998,2,469.3,move,improve
12804,7,916.7499999999998,2,469.3,2opt,notBad
12805,7,916.7499999999998,2,469.3,swap,notBad
12806,7,916.7499999999998,2,469.3,move,improve
12807,7,916.7499999999998,2,469.3,2opt,notBad
12808,7,916.7499999999998,2,469.3,move,improve
12809,7,916.7499999999998,2,469.3,2opt,notBad
12810,7,916.7499999999998,2,469.3,swap,notBad
12811,7,916.7499999999998,2,469.3,swap,notBad
12812,7,916.7499999999998,2,469.3,swap,notBad
12813,7,916.7499999999998,2,469.3,move,improve
12814,7,916.7499999999998,2,469.3,swap,notBad
12815,7,916.7499999999998,2,469.3,swap,notBad
12816,7,916.7499999999998,2,469.3,swap,notBad
12817,7,916.7499999999998,2,469.3,move,improve
12818,7,916.7499999999998,2,469.3,swap,notBad
12819,7,916.7499999999998,2,469.3,move,improve
12820,7,916.7499999999998,2,469.3,swap,notBad
12821,7,916.7499999999998,2,469.3,2opt,notBad
12822,7,916.7499999999998,2,469.3,move,improve
12823,7,916.7499999999998,2,469.3,move,improve
12824,7,916.7499999999998,2,469.3,move,improve
12825,7,916.7499999999998,2,469.3,2opt,notBad
12826,7,916.7499999999998,2,469.3,2opt,notBad
12827,7,916.7499999999998,2,469.3,swap,notBad
12828,7,916.7499999999998,2,469.3,2opt,improve
12829,7,916.7499999999998,2,469.3,2opt,improve
12830,7,916.7499999999998,2,469.3,swap,notBad
12831,7,916.7499999999998,2,469.3,swap,notBad
12832,7,916.7499999999998,2,469.3,swap,notBad
12833,7,916.7499999999998,2,469.3,move,improve
12834,7,916.7499999999998,2,469.3,swap,notBad
12835,7,916.7499999999998,2,469.3,2opt,notBad
12836,7,916.7499999999998,2,469.3,swap,notBad
12837,7,916.7499999999998,2,469.3,move,improve
12838,7,916.7499999999998,2,469.3,swap,notBad
12839,7,919.8499999999997,2,469.3,move,acceptBad
12840,7,919.8499999999997,2,469.3,2opt,notBad
12841,7,919.8499999999997,2,469.3,2opt,notBad
12842,7,919.8499999999997,2,469.3,swap,notBad
12843,7,919.8499999999997,2,469.3,move,improve
12844,7,919.8499999999997,2,469.3,move,improve
12845,7,919.8499999999997,2,469.3,2opt,notBad
12846,7,919.8499999999997,2,469.3,swap,notBad
12847,7,919.8499999999997,2,469.3,2opt,notBad
12848,7,919.8499999999997,2,469.3,move,improve
12849,7,919.8499999999997,2,469.3,move,improve
12850,7,919.8499999999997,2,469.3,2opt,notBad
12851,7,919.8499999999997,2,469.3,2opt,notBad
12852,7,919.8499999999997,2,469.3,2opt,notBad
12853,7,919.8499999999997,2,469.3,swap,notBad
12854,7,919.8499999999997,2,469.3,2opt,notBad
12855,7,919.8499999999997,2,469.3,move,improve
12856,7,919.8499999999997,2,469.3,2opt,notBad
12857,7,919.8499999999997,2,469.3,swap,notBad
12858,7,919.8499999999997,2,469.3,move,improve
12859,7,919.8499999999997,2,469.3,2opt,notBad
12860,7,919.8499999999997,2,469.3,move,improve
12861,7,919.8499999999997,2,469.3,2opt,notBad
12862,7,919.8499999999997,2,469.3,move,improve
12863,7,919.8499999999997,2,469.3,2opt,notBad
12864,7,919.8499999999997,2,469.3,2opt,notBad
12865,7,919.8499999999997,2,469.3,move,improve
12866,7,919.8499999999997,2,469.3,move,improve
12867,7,919.8499999999997,2,469.3,swap,notBad
12868,7,919.8499999999997,2,469.3,swap,notBad
12869,7,919.8499999999997,2,469.3,2opt,notBad
12870,7,919.8499999999997,2,469.3,swap,notBad
12871,7,919.8499999999997,2,469.3,2opt,notBad
12872,7,919.8499999999997,2,469.3,2opt,notBad
12873,7,919.8499999999997,2,469.3,swap,notBad
12874,7,919.8499999999997,2,469.3,swap,notBad
12875,7,919.8499999999997,2,469.3,swap,notBad
12876,7,919.8499999999997,2,469.3,move,improve
12877,7,919.8499999999997,2,469.3,move,improve
12878,7,919.8499999999997,2,469.3,swap,notBad
12879,7,919.8499999999997,2,469.3,2opt,improve
12880,7,919.8499999999997,2,469.3,move,improve
12881,7,919.8499999999997,2,469.3,swap,notBad
12882,7,919.8499999999997,2,469.3,2opt,notBad
12883,7,919.8499999999997,2,469.3,swap,notBad
12884,7,919.8499999999997,2,469.3,move,improve
12885,7,919.8499999999997,2,469.3,move,improve
12886,7,919.8499999999997,2,469.3,swap,notBad
12887,7,919.8499999999997,2,469.3,move,improve
12888,7,919.8499999999997,2,469.3,2opt,notBad
12889,7,919.8499999999997,2,469.3,2opt,notBad
12890,7,919.8499999999997,2,469.3,swap,notBad
12891,7,919.8499999999997,2,469.3,move,improve
12892,7,919.8499999999997,2,469.3,swap,notBad
12893,7,919.8499999999997,2,469.3,swap,notBad
12894,7,919.8499999999997,2,469.3,move,improve
12895,7,919.8499999999997,2,469.3,move,improve
12896,7,919.8499999999997,2,469.3,2opt,notBad
12897,7,919.8499999999997,2,469.3,2opt,notBad
12898,7,919.8499999999997,2,469.3,swap,notBad
12899,7,919.8499999999997,2,469.3,swap,notBad
12900,7,919.8499999999997,2,469.3,move,improve
12901,7,919.8499999999997,2,469.3,move,improve
12902,7,919.8499999999997,2,469.3,2opt,notBad
12903,7,919.8499999999997,2,469.3,move,improve
12904,7,919.8499999999997,2,469.3,2opt,notBad
12905,7,919.8499999999997,2,469.3,move,improve
12906,7,919.8499999999997,2,469.3,2opt,notBad
12907,7,919.8499999999997,2,469.3,2opt,notBad
12908,7,919.8499999999997,2,469.3,2opt,notBad
12909,7,919.8499999999997,2,469.3,swap,notBad
12910,7,919.8499999999997,2,469.3,2opt,notBad
12911,7,919.8499999999997,2,469.3,swap,notBad
12912,7,919.8499999999997,2,469.3,move,improve
12913,7,919.8499999999997,2,469.3,swap,notBad
12914,7,919.8499999999997,2,469.3,2opt,notBad
12915,7,919.5999999999997,2,469.3,move,improve
12916,7,919.5999999999997,2,469.3,2opt,notBad
12917,7,919.5999999999997,2,469.3,move,improve
12918,7,919.5999999999997,2,469.3,move,improve
12919,7,919.5999999999997,2,469.3,move,improve
12920,7,919.5999999999997,2,469.3,2opt,notBad
12921,7,919.5999999999997,2,469.3,move,improve
12922,7,919.5999999999997,2,469.3,2opt,notBad
12923,7,919.5999999999997,2,469.3,2opt,improve
12924,7,919.5999999999997,2,469.3,move,improve
12925,7,919.5999999999997,2,469.3,2opt,notBad
12926,7,919.5999999999997,2,469.3,swap,notBad
12927,7,919.5999999999997,2,469.3,swap,notBad
12928,7,919.5999999999997,2,469.3,move,improve
12929,7,919.5999999999997,2,469.3,2opt,notBad
12930,7,919.5999999999997,2,469.3,swap,notBad
12931,7,919.5999999999997,2,469.3,2opt,improve
12932,7,919.5999999999997,2,469.3,swap,notBad
12933,7,919.5999999999997,2,469.3,swap,notBad
12934,7,919.5999999999997,2,469.3,move,improve
12935,7,919.5999999999997,2,469.3,2opt,notBad
12936,7,919.5999999999997,2,469.3,swap,notBad
12937,7,919.5999999999997,2,469.3,move,improve
12938,7,919.5999999999997,2,469.3,2opt,notBad
12939,7,919.5999999999997,2,469.3,move,improve
12940,7,919.5999999999997,2,469.3,swap,notBad
12941,7,919.5999999999997,2,469.3,swap,notBad
12942,7,919.5999999999997,2,469.3,move,improve
12943,7,919.5999999999997,2,469.3,2opt,notBad
12944,7,919.5999999999997,2,469.3,2opt,notBad
12945,7,919.5999999999997,2,469.3,move,improve
12946,7,919.5999999999997,2,469.3,move,improve
12947,7,919.5999999999997,2,469.3,swap,notBad
12948,7,919.5999999999997,2,469.3,2opt,notBad
12949,7,919.5999999999997,2,469.3,move,improve
12950,7,919.5999999999997,2,469.3,2opt,notBad
12951,7,919.5999999999997,2,469.3,2opt,notBad
12952,7,919.5999999999997,2,469.3,2opt,notBad
12953,7,919.5999999999997,2,469.3,2opt,notBad
12954,7,919.5999999999997,2,469.3,move,improve
12955,7,919.5999999999997,2,469.3,2opt,notBad
12956,7,919.5999999999997,2,469.3,swap,notBad
12957,7,919.5999999999997,2,469.3,swap,notBad
12958,7,919.5999999999997,2,469.3,2opt,notBad
12959,7,919.5999999999997,2,469.3,2opt,notBad
12960,7,919.5999999999997,2,469.3,swap,notBad
12961,7,919.5999999999997,2,469.3,move,improve
12962,7,919.5999999999997,2,469.3,swap,notBad
12963,7,919.5999999999997,2,469.3,swap,notBad
12964,7,919.5999999999997,2,469.3,2opt,notBad
12965,7,919.5999999999997,2,469.3,move,improve
12966,7,919.5999999999997,2,469.3,swap,notBad
12967,7,919.5999999999997,2,469.3,swap,notBad
12968,7,919.5999999999997,2,469.3,2opt,notBad
12969,7,919.5999999999997,2,469.3,swap,notBad
12970,7,919.5999999999997,2,469.3,2opt,notBad
12971,7,919.5999999999997,2,469.3,2opt,notBad
12972,7,919.5999999999997,2,469.3,2opt,improve
12973,7,919.5999999999997,2,469.3,swap,notBad
12974,7,919.5999999999997,2,469.3,2opt,notBad
12975,7,919.5999999999997,2,469.3,2opt,notBad
12976,7,919.5999999999997,2,469.3,swap,notBad
12977,7,919.5999999999997,2,469.3,move,improve
12978,7,919.5999999999997,2,469.3,move,improve
12979,7,919.5999999999997,2,469.3,swap,notBad
12980,7,919.5999999999997,2,469.3,swap,notBad
12981,7,919.5999999999997,2,469.3,2opt,notBad
12982,7,919.5999999999997,2,469.3,swap,notBad
12983,7,919.5999999999997,2,469.3,2opt,notBad
12984,7,920.9999999999997,2,469.3,swap,acceptBad
12985,7,920.9999999999997,2,469.3,swap,notBad
12986,7,920.9999999999997,2,469.3,swap,notBad
12987,7,920.9999999999997,2,469.3,swap,notBad
12988,7,920.9999999999997,2,469.3,move,improve
12989,7,920.9999999999997,2,469.3,swap,notBad
12990,7,920.9999999999997,2,469.3,move,improve
12991,7,920.9999999999997,2,469.3,swap,notBad
12992,7,920.9999999999997,2,469.3,2opt,notBad
12993,7,920.9999999999997,2,469.3,2opt,notBad
12994,7,920.9999999999997,2,469.3,move,improve
12995,7,920.9999999999997,2,469.3,swap,notBad
12996,7,920.9999999999997,2,469.3,swap,notBad
12997,7,920.9999999999997,2,469.3,2opt,notBad
12998,7,918.5999999999996,2,469.3,move,improve
12999,7,918.5999999999996,2,469.3,2opt,notBad
13000,7,918.5999999999996,2,469.3,move,improve
13001,7,918.5999999999996,2,469.3,swap,notBad
13002,7,918.5999999999996,2,469.3,2opt,notBad
13003,7,918.5999999999996,2,469.3,swap,notBad
13004,7,918.5999999999996,2,469.3,move,improve
13005,7,918.5999999999996,2,469.3,2opt,notBad
13006,7,918.5999999999996,2,469.3,move,improve
13007,7,918.5999999999996,2,469.3,2opt,notBad
13008,7,918.5999999999996,2,469.3,move,improve
13009,7,918.5999999999996,2,469.3,swap,notBad
13010,7,918.5999999999996,2,469.3,2opt,notBad
13011,7,918.5999999999996,2,469.3,2opt,notBad
13012,7,918.5999999999996,2,469.3,2opt,notBad
13013,7,918.5999999999996,2,469.3,2opt,notBad
13014,7,918.5999999999996,2,469.3,move,improve
13015,7,918.5999999999996,2,469.3,swap,notBad
13016,7,917.1999999999996,2,469.3,move,improve
13017,7,917.1999999999996,2,469.3,2opt,notBad
13018,7,914.3499999999998,2,469.3,swap,improve
13019,7,914.3499999999998,2,469.3,2opt,notBad
13020,7,914.3499999999998,2,469.3,swap,notBad
13021,7,914.3499999999998,2,469.3,2opt,notBad
13022,7,914.3499999999998,2,469.3,2opt,notBad
13023,7,914.3499999999998,2,469.3,move,improve
13024,7,914.3499999999998,2,469.3,swap,notBad
13025,7,914.3499999999998,2,469.3,2opt,notBad
13026,7,914.3499999999998,2,469.3,swap,notBad
13027,7,914.3499999999998,2,469.3,swap,notBad
13028,7,914.3499999999998,2,469.3,swap,notBad
13029,7,914.3499999999998,2,469.3,move,improve
13030,7,914.3499999999998,2,469.3,2opt,notBad
13031,7,914.3499999999998,2,469.3,swap,notBad
13032,7,914.3499999999998,2,469.3,swap,notBad
13033,7,914.3499999999998,2,469.3,swap,notBad
13034,7,914.3499999999998,2,469.3,2opt,notBad
13035,7,914.2499999999999,2,469.3,move,improve
13036,7,914.2499999999999,2,469.3,move,improve
13037,7,914.2499999999999,2,469.3,swap,notBad
13038,7,914.2499999999999,2,469.3,2opt,notBad
13039,7,914.2499999999999,2,469.3,move,improve
13040,7,914.2499999999999,2,469.3,swap,notBad
13041,7,914.2499999999999,2,469.3,move,improve
13042,7,914.2499999999999,2,469.3,swap,notBad
13043,7,914.2499999999999,2,469.3,move,improve
13044,7,914.2499999999999,2,469.3,move,improve
13045,7,914.2499999999999,2,469.3,move,improve
13046,7,914.2499999999999,2,469.3,swap,notBad
13047,7,914.2499999999999,2,469.3,swap,notBad
13048,7,914.2499999999999,2,469.3,swap,notBad
13049,7,914.2499999999999,2,469.3,swap,notBad
13050,7,914.2499999999999,2,469.3,move,improve
13051,7,914.2499999999999,2,469.3,move,improve
13052,7,914.2499999999999,2,469.3,2opt,notBad
13053,7,914.2499999999999,2,469.3,move,improve
13054,7,914.2499999999999,2,469.3,2opt,notBad
13055,7,914.2499999999999,2,469.3,2opt,notBad
13056,7,914.2499999999999,2,469.3,2opt,improve
13057,7,914.2499999999999,2,469.3,move,improve
13058,7,914.2499999999999,2,469.3,move,improve
13059,7,914.2499999999999,2,469.3,swap,notBad
13060,7,914.2499999999999,2,469.3,2opt,notBad
13061,7,914.2499999999999,2,469.3,2opt,notBad
13062,7,914.2499999999999,2,469.3,swap,notBad
13063,7,914.2499999999999,2,469.3,2opt,notBad
13064,7,914.2499999999999,2,469.3,move,improve
13065,7,914.2499999999999,2,469.3,2opt,notBad
13066,7,914.2499999999999,2,469.3,2opt,notBad
13067,7,914.2499999999999,2,469.3,move,improve
13068,7,914.2499999999999,2,469.3,2opt,improve
13069,7,914.2499999999999,2,469.3,move,improve
13070,7,914.2499999999999,2,469.3,move,improve
13071,7,914.2499999999999,2,469.3,2opt,notBad
13072,7,914.2499999999999,2,469.3,swap,notBad
13073,7,914.2499999999999,2,469.3,move,improve
13074,7,914.2499999999999,2,469.3,move,improve
13075,7,914.2499999999999,2,469.3,2opt,notBad
13076,7,914.2499999999999,2,469.3,move,improve
13077,7,914.2499999999999,2,469.3,2opt,notBad
13078,7,914.2499999999999,2,469.3,swap,notBad
13079,7,914.2499999999999,2,469.3,move,improve
13080,7,914.2499999999999,2,469.3,2opt,improve
13081,7,914.2499999999999,2,469.3,2opt,notBad
13082,7,914.2499999999999,2,469.3,move,improve
13083,7,914.2499999999999,2,469.3,2opt,improve
13084,7,914.2499999999999,2,469.3,2opt,notBad
13085,7,914.2499999999999,2,469.3,swap,notBad
13086,7,914.2499999999999,2,469.3,2opt,notBad
13087,7,914.2499999999999,2,469.3,swap,notBad
13088,7,914.2499999999999,2,469.3,2opt,notBad
13089,7,914.2499999999999,2,469.3,move,improve
13090,7,914.2499999999999,2,469.3,move,improve
13091,7,914.2499999999999,2,469.3,move,improve
13092,7,914.2499999999999,2,469.3,swap,notBad
13093,7,914.2499999999999,2,469.3,swap,notBad
13094,7,914.2499999999999,2,469.3,swap,notBad
13095,7,914.2499999999999,2,469.3,swap,notBad
13096,7,914.2499999999999,2,469.3,2opt,notBad
13097,7,914.2499999999999,2,469.3,2opt,notBad
13098,7,914.2499999999999,2,469.3,move,improve
13099,7,914.2499999999999,2,469.3,move,improve
13100,7,914.2499999999999,2,469.3,2opt,notBad
13101,7,914.2499999999999,2,469.3,swap,notBad
13102,7,914.2499999999999,2,469.3,swap,notBad
13103,7,914.2499999999999,2,469.3,move,improve
13104,7,914.2499999999999,2,469.3,move,improve
13105,7,914.2499999999999,2,469.3,move,improve
13106,7,914.2499999999999,2,469.3,swap,notBad
13107,7,914.2499999999999,2,469.3,move,improve
13108,7,914.2499999999999,2,469.3,move,notBad
13109,7,914.2499999999999,2,469.3,move,improve
13110,7,914.2499999999999,2,469.3,swap,notBad
13111,7,914.2499999999999,2,469.3,move,improve
13112,7,914.2499999999999,2,469.3,move,improve
13113,7,914.2499999999999,2,469.3,move,improve
13114,7,914.2499999999999,2,469.3,2opt,notBad
13115,7,914.2499999999999,2,469.3,move,improve
13116,7,914.2499999999999,2,469.3,swap,notBad
13117,7,914.2499999999999,2,469.3,swap,notBad
13118,7,914.2499999999999,2,469.3,swap,notBad
13119,7,914.2499999999999,2,469.3,2opt,notBad
13120,7,914.2499999999999,2,469.3,move,improve
13121,7,914.2499999999999,2,469.3,move,improve
13122,7,914.2499999999999,2,469.3,2opt,improve
13123,7,914.2499999999999,2,469.3,swap,notBad
13124,7,914.2499999999999,2,469.3,swap,notBad
13125,7,914.2499999999999,2,469.3,swap,notBad
13126,7,914.2499999999999,2,469.3,2opt,notBad
13127,7,914.2499999999999,2,469.3,move,improve
13128,7,914.2499999999999,2,469.3,swap,notBad
13129,7,914.2499999999999,2,469.3,2opt,notBad
13130,7,914.2499999999999,2,469.3,2opt,notBad
13131,7,914.2499999999999,2,469.3,swap,notBad
13132,7,914.2499999999999,2,469.3,move,improve
13133,7,914.2499999999999,2,469.3,2opt,notBad
13134,7,914.2499999999999,2,469.3,move,improve
13135,7,914.2499999999999,2,469.3,swap,notBad
13136,7,914.2499999999999,2,469.3,move,improve
13137,7,914.2499999999999,2,469.3,2opt,notBad
13138,7,914.2499999999999,2,469.3,swap,notBad
13139,7,914.2499999999999,2,469.3,2opt,notBad
13140,7,914.2499999999999,2,469.3,swap,notBad
13141,7,914.2499999999999,2,469.3,swap,notBad
13142,7,914.2499999999999,2,469.3,swap,notBad
13143,7,914.2499999999999,2,469.3,2opt,improve
13144,7,914.2499999999999,2,469.3,2opt,notBad
13145,7,914.2499999999999,2,469.3,2opt,notBad
13146,7,914.2499999999999,2,469.3,2opt,notBad
13147,7,914.2499999999999,2,469.3,move,improve
13148,7,914.2499999999999,2,469.3,swap,notBad
13149,7,914.2499999999999,2,469.3,move,improve
13150,7,914.2499999999999,2,469.3,swap,notBad
13151,7,914.2499999999999,2,469.3,swap,notBad
13152,7,914.2499999999999,2,469.3,move,improve
13153,7,914.2499999999999,2,469.3,move,improve
13154,7,914.2499999999999,2,469.3,swap,notBad
13155,7,914.2499999999999,2,469.3,move,improve
13156,7,914.2499999999999,2,469.3,move,improve
13157,7,914.2499999999999,2,469.3,swap,notBad
13158,7,914.2499999999999,2,469.3,2opt,notBad
13159,7,914.2499999999999,2,469.3,swap,notBad
13160,7,914.2499999999999,2,469.3,move,improve
13161,7,914.2499999999999,2,469.3,swap,notBad
13162,7,914.2499999999999,2,469.3,2opt,notBad
13163,7,914.2499999999999,2,469.3,move,improve
13164,7,914.2499999999999,2,469.3,swap,notBad
13165,7,914.2499999999999,2,469.3,move,improve
13166,7,914.2499999999999,2,469.3,2opt,notBad
13167,7,914.2499999999999,2,469.3,2opt,notBad
13168,7,914.2499999999999,2,469.3,move,improve
13169,7,914.2499999999999,2,469.3,swap,notBad
13170,7,914.2499999999999,2,469.3,swap,notBad
13171,7,914.2499999999999,2,469.3,move,improve
13172,7,914.2499999999999,2,469.3,2opt,notBad
13173,7,914.2499999999999,2,469.3,swap,notBad
13174,7,914.2499999999999,2,469.3,swap,notBad
13175,7,914.2499999999999,2,469.3,swap,notBad
13176,7,914.2499999999999,2,469.3,swap,notBad
13177,7,914.2499999999999,2,469.3,2opt,notBad
13178,7,914.2499999999999,2,469.3,swap,notBad
13179,7,914.2499999999999,2,469.3,2opt,notBad
13180,7,914.2499999999999,2,469.3,move,improve
13181,7,914.2499999999999,2,469.3,swap,notBad
13182,7,914.2499999999999,2,469.3,swap,notBad
13183,7,914.2499999999999,2,469.3,2opt,notBad
13184,7,914.2499999999999,2,469.3,2opt,notBad
13185,7,914.2499999999999,2,469.3,2opt,notBad
13186,7,914.2499999999999,2,469.3,swap,notBad
13187,7,914.2499999999999,2,469.3,2opt,notBad
13188,7,914.2499999999999,2,469.3,move,improve
13189,7,914.2499999999999,2,469.3,move,improve
13190,7,914.2499999999999,2,469.3,2opt,notBad
13191,7,914.2499999999999,2,469.3,swap,notBad
13192,7,914.2499999999999,2,469.3,move,improve
13193,7,914.2499999999999,2,469.3,2opt,notBad
13194,7,914.2499999999999,2,469.3,move,improve
13195,7,914.2499999999999,2,469.3,move,improve
13196,7,914.2499999999999,2,469.3,move,improve
13197,7,914.2499999999999,2,469.3,move,improve
13198,7,914.2499999999999,2,469.3,2opt,notBad
13199,7,914.2499999999999,2,469.3,2opt,notBad
13200,7,914.2499999999999,2,469.3,move,improve
13201,7,914.2499999999999,2,469.3,swap,notBad
13202,7,914.2499999999999,2,469.3,swap,notBad
13203,7,914.2499999999999,2,469.3,move,improve
13204,7,914.2499999999999,2,469.3,2opt,notBad
13205,7,914.2499999999999,2,469.3,swap,notBad
13206,7,914.2499999999999,2,469.3,move,improve
13207,7,914.2499999999999,2,469.3,swap,notBad
13208,7,914.2499999999999,2,469.3,swap,notBad
13209,7,914.2499999999999,2,469.3,2opt,notBad
13210,7,914.2499999999999,2,469.3,swap,notBad
13211,7,914.2499999999999,2,469.3,move,improve
13212,7,914.2499999999999,2,469.3,move,improve
13213,7,914.2499999999999,2,469.3,swap,notBad
13214,7,914.2499999999999,2,469.3,move,improve
13215,7,914.2499999999999,2,469.3,2opt,improve
13216,7,914.2499999999999,2,469.3,2opt,notBad
13217,7,914.2499999999999,2,469.3,2opt,notBad
13218,7,914.2499999999999,2,469.3,move,improve
13219,7,914.2499999999999,2,469.3,swap,notBad
13220,7,914.2499999999999,2,469.3,swap,notBad
13221,7,914.2499999999999,2,469.3,move,improve
13222,7,914.2499999999999,2,469.3,2opt,improve
13223,7,914.2499999999999,2,469.3,swap,notBad
13224,7,914.2499999999999,2,469.3,move,improve
13225,7,914.2499999999999,2,469.3,swap,notBad
13226,7,914.2499999999999,2,469.3,move,improve
13227,7,914.2499999999999,2,469.3,2opt,notBad
13228,7,914.2499999999999,2,469.3,2opt,notBad
13229,7,914.2499999999999,2,469.3,2opt,notBad
13230,7,914.2499999999999,2,469.3,2opt,notBad
13231,7,914.2499999999999,2,469.3,swap,notBad
13232,7,914.2499999999999,2,469.3,swap,notBad
13233,7,914.2499999999999,2,469.3,2opt,improve
13234,7,914.2499999999999,2,469.3,swap,notBad
13235,7,914.2499999999999,2,469.3,2opt,notBad
13236,7,914.2499999999999,2,469.3,2opt,notBad
13237,7,914.2499999999999,2,469.3,move,improve
13238,7,914.2499999999999,2,469.3,swap,notBad
13239,7,914.2499999999999,2,469.3,move,improve
13240,7,914.2499999999999,2,469.3,move,improve
13241,7,914.2499999999999,2,469.3,2opt,notBad
13242,7,914.2499999999999,2,469.3,2opt,notBad
13243,7,914.2499999999999,2,469.3,swap,notBad
13244,7,914.2499999999999,2,469.3,move,improve
13245,7,914.2499999999999,2,469.3,swap,notBad
13246,7,914.2499999999999,2,469.3,swap,notBad
13247,7,914.2499999999999,2,469.3,move,improve
13248,7,914.2499999999999,2,469.3,2opt,notBad
13249,7,914.2499999999999,2,469.3,2opt,notBad
13250,7,914.2499999999999,2,469.3,2opt,notBad
13251,7,914.2499999999999,2,469.3,swap,notBad
13252,7,914.2499999999999,2,469.3,2opt,notBad
13253,7,914.2499999999999,2,469.3,2opt,notBad
13254,7,914.2499999999999,2,469.3,2opt,notBad
13255,7,914.2499999999999,2,469.3,move,improve
13256,7,914.2499999999999,2,469.3,move,improve
13257,7,914.2499999999999,2,469.3,move,improve
13258,7,914.2499999999999,2,469.3,move,improve
13259,7,914.2499999999999,2,469.3,move,improve
13260,7,914.2499999999999,2,469.3,swap,notBad
13261,7,914.2499999999999,2,469.3,2opt,notBad
13262,7,914.2499999999999,2,469.3,2opt,notBad
13263,7,914.2499999999999,2,469.3,2opt,notBad
13264,7,914.2499999999999,2,469.3,swap,notBad
13265,7,914.2499999999999,2,469.3,move,improve
13266,7,914.2499999999999,2,469.3,move,improve
13267,7,914.2499999999999,2,469.3,2opt,notBad
13268,7,914.2499999999999,2,469.3,2opt,notBad
13269,7,914.2499999999999,2,469.3,move,improve
13270,7,914.2499999999999,2,469.3,move,improve
13271,7,914.2499999999999,2,469.3,swap,notBad
13272,7,914.2499999999999,2,469.3,2opt,improve
13273,7,914.2499999999999,2,469.3,move,improve
13274,7,914.2499999999999,2,469.3,2opt,notBad
13275,7,914.2499999999999,2,469.3,swap,notBad
13276,7,914.2499999999999,2,469.3,swap,notBad
13277,7,914.2499999999999,2,469.3,2opt,notBad
13278,7,914.2499999999999,2,469.3,move,improve
13279,7,914.2499999999999,2,469.3,move,improve
13280,7,914.2499999999999,2,469.3,move,improve
13281,7,914.2499999999999,2,469.3,move,improve
13282,7,914.2499999999999,2,469.3,2opt,notBad
13283,7,914.2499999999999,2,469.3,2opt,notBad
13284,7,914.2499999999999,2,469.3,move,improve
13285,7,914.2499999999999,2,469.3,move,improve
13286,7,914.2499999999999,2,469.3,2opt,notBad
13287,7,914.2499999999999,2,469.3,swap,notBad
13288,7,914.2499999999999,2,469.3,swap,notBad
13289,7,914.2499999999999,2,469.3,2opt,notBad
13290,7,914.2499999999999,2,469.3,move,improve
13291,7,914.2499999999999,2,469.3,2opt,notBad
13292,7,914.2499999999999,2,469.3,2opt,notBad
13293,7,914.2499999999999,2,469.3,2opt,notBad
13294,7,914.2499999999999,2,469.3,move,improve
13295,7,914.2499999999999,2,469.3,2opt,notBad
13296,7,914.2499999999999,2,469.3,swap,notBad
13297,7,914.2499999999999,2,469.3,swap,notBad
13298,7,914.2499999999999,2,469.3,swap,notBad
13299,7,914.2499999999999,2,469.3,2opt,notBad
13300,7,914.2499999999999,2,469.3,move,improve
13301,7,914.2499999999999,2,469.3,swap,notBad
13302,7,914.2499999999999,2,469.3,2opt,notBad
13303,7,914.2499999999999,2,469.3,2opt,notBad
13304,7,914.2499999999999,2,469.3,2opt,notBad
13305,7,914.2499999999999,2,469.3,2opt,notBad
13306,7,914.2499999999999,2,469.3,swap,notBad
13307,7,914.2499999999999,2,469.3,move,improve
13308,7,914.2499999999999,2,469.3,move,improve
13309,7,914.2499999999999,2,469.3,swap,notBad
13310,7,914.2499999999999,2,469.3,2opt,improve
13311,7,914.2499999999999,2,469.3,2opt,notBad
13312,7,914.2499999999999,2,469.3,2opt,notBad
13313,7,914.2499999999999,2,469.3,2opt,notBad
13314,7,914.2499999999999,2,469.3,swap,notBad
13315,7,914.2499999999999,2,469.3,2opt,notBad
13316,7,914.2499999999999,2,469.3,move,improve
13317,7,914.2499999999999,2,469.3,swap,notBad
13318,7,914.2499999999999,2,469.3,move,improve
13319,7,914.2499999999999,2,469.3,2opt,notBad
13320,7,914.2499999999999,2,469.3,2opt,notBad
13321,7,914.2499999999999,2,469.3,2opt,notBad
13322,7,914.2499999999999,2,469.3,swap,notBad
13323,7,914.2499999999999,2,469.3,2opt,notBad
13324,7,914.2499999999999,2,469.3,move,improve
13325,7,914.2499999999999,2,469.3,2opt,notBad
13326,7,914.2499999999999,2,469.3,move,improve
13327,7,914.2499999999999,2,469.3,swap,notBad
13328,7,914.2499999999999,2,469.3,move,improve
13329,7,914.2499999999999,2,469.3,move,improve
13330,7,914.2499999999999,2,469.3,move,improve
13331,7,914.2499999999999,2,469.3,move,improve
13332,7,914.2499999999999,2,469.3,2opt,improve
13333,7,914.2499999999999,2,469.3,2opt,notBad
13334,7,914.2499999999999,2,469.3,move,improve
13335,7,914.2499999999999,2,469.3,2opt,notBad
13336,7,914.2499999999999,2,469.3,swap,notBad
13337,7,914.2499999999999,2,469.3,2opt,notBad
13338,7,914.2499999999999,2,469.3,2opt,notBad
13339,7,914.2499999999999,2,469.3,move,improve
13340,7,914.2499999999999,2,469.3,swap,notBad
13341,7,914.2499999999999,2,469.3,2opt,notBad
13342,7,914.2499999999999,2,469.3,swap,notBad
13343,7,914.2499999999999,2,469.3,2opt,notBad
13344,7,914.2499999999999,2,469.3,2opt,notBad
13345,7,914.2499999999999,2,469.3,swap,notBad
13346,7,914.2499999999999,2,469.3,swap,notBad
13347,7,914.2499999999999,2,469.3,move,improve
13348,7,914.2499999999999,2,469.3,swap,notBad
13349,7,914.2499999999999,2,469.3,2opt,notBad
13350,7,914.2499999999999,2,469.3,move,improve
13351,7,914.2499999999999,2,469.3,move,improve
13352,7,914.2499999999999,2,469.3,swap,notBad
13353,7,914.2499999999999,2,469.3,swap,notBad
13354,7,914.2499999999999,2,469.3,2opt,notBad
13355,7,914.2499999999999,2,469.3,2opt,notBad
13356,7,914.2499999999999,2,469.3,move,improve
13357,7,914.2499999999999,2,469.3,swap,notBad
13358,7,914.2499999999999,2,469.3,swap,notBad
13359,7,914.2499999999999,2,469.3,2opt,improve
13360,7,914.2499999999999,2,469.3,2opt,notBad
13361,7,914.2499999999999,2,469.3,2opt,notBad
13362,7,914.2499999999999,2,469.3,swap,notBad
13363,7,914.2499999999999,2,469.3,swap,notBad
13364,7,914.2499999999999,2,469.3,swap,notBad
13365,7,914.2499999999999,2,469.3,2opt,notBad
13366,7,914.2499999999999,2,469.3,move,improve
13367,7,914.2499999999999,2,469.3,2opt,notBad
13368,7,914.2499999999999,2,469.3,2opt,notBad
13369,7,914.2499999999999,2,469.3,move,improve
13370,7,914.2499999999999,2,469.3,move,improve
13371,7,914.2499999999999,2,469.3,move,improve
13372,7,914.2499999999999,2,469.3,swap,notBad
13373,7,914.2499999999999,2,469.3,2opt,notBad
13374,7,914.2499999999999,2,469.3,move,improve
13375,7,914.2499999999999,2,469.3,swap,notBad
13376,7,914.2499999999999,2,469.3,2opt,notBad
13377,7,914.2499999999999,2,469.3,swap,notBad
13378,7,914.2499999999999,2,469.3,move,improve
13379,7,914.2499999999999,2,469.3,swap,notBad
13380,7,914.2499999999999,2,469.3,2opt,notBad
13381,7,914.2499999999999,2,469.3,2opt,notBad
13382,7,914.2499999999999,2,469.3,swap,notBad
13383,7,914.2499999999999,2,469.3,2opt,notBad
13384,7,914.2499999999999,2,469.3,move,improve
13385,7,914.2499999999999,2,469.3,swap,notBad
13386,7,914.2499999999999,2,469.3,swap,notBad
13387,7,914.2499999999999,2,469.3,2opt,notBad
13388,7,914.2499999999999,2,469.3,move,improve
13389,7,914.2499999999999,2,469.3,2opt,notBad
13390,7,914.2499999999999,2,469.3,swap,notBad
13391,7,914.2499999999999,2,469.3,2opt,notBad
13392,7,914.2499999999999,2,469.3,2opt,notBad
13393,7,914.2499999999999,2,469.3,swap,notBad
13394,7,914.2499999999999,2,469.3,2opt,improve
13395,7,914.2499999999999,2,469.3,swap,notBad
13396,7,914.2499999999999,2,469.3,move,improve
13397,7,914.2499999999999,2,469.3,swap,notBad
13398,7,914.2499999999999,2,469.3,swap,notBad
13399,7,914.2499999999999,2,469.3,move,improve
13400,7,914.2499999999999,2,469.3,2opt,notBad
13401,7,914.2499999999999,2,469.3,move,improve
13402,7,914.2499999999999,2,469.3,move,improve
13403,7,914.2499999999999,2,469.3,swap,notBad
13404,7,914.2499999999999,2,469.3,2opt,notBad
13405,7,914.2499999999999,2,469.3,swap,notBad
13406,7,914.2499999999999,2,469.3,move,improve
13407,7,914.2499999999999,2,469.3,move,improve
13408,7,914.2499999999999,2,469.3,move,improve
13409,7,914.2499999999999,2,469.3,swap,notBad
13410,7,914.2499999999999,2,469.3,swap,notBad
13411,7,914.2499999999999,2,469.3,swap,notBad
13412,7,914.2499999999999,2,469.3,move,improve
13413,7,914.2499999999999,2,469.3,move,improve
13414,7,914.2499999999999,2,469.3,2opt,notBad
13415,7,914.2499999999999,2,469.3,move,improve
13416,7,914.2499999999999,2,469.3,swap,notBad
13417,7,914.2499999999999,2,469.3,move,improve
13418,7,914.2499999999999,2,469.3,2opt,notBad
13419,7,914.2499999999999,2,469.3,swap,notBad
13420,7,914.2499999999999,2,469.3,swap,notBad
13421,7,914.2499999999999,2,469.3,2opt,notBad
13422,7,914.2499999999999,2,469.3,move,improve
13423,7,914.2499999999999,2,469.3,swap,notBad
13424,7,914.2499999999999,2,469.3,swap,notBad
13425,7,914.2499999999999,2,469.3,move,improve
13426,7,914.2499999999999,2,469.3,swap,notBad
13427,7,914.2499999999999,2,469.3,2opt,notBad
13428,7,914.2499999999999,2,469.3,swap,notBad
13429,7,914.2499999999999,2,469.3,move,improve
13430,7,914.2499999999999,2,469.3,2opt,notBad
13431,7,914.2499999999999,2,469.3,move,improve
13432,7,914.2499999999999,2,469.3,swap,notBad
13433,7,914.2499999999999,2,469.3,swap,notBad
13434,7,914.2499999999999,2,469.3,swap,notBad
13435,7,914.2499999999999,2,469.3,move,improve
13436,7,914.2499999999999,2,469.3,move,improve
13437,7,914.2499999999999,2,469.3,move,improve
13438,7,914.2499999999999,2,469.3,2opt,notBad
13439,7,914.2499999999999,2,469.3,swap,notBad
13440,7,914.2499999999999,2,469.3,swap,notBad
13441,7,914.2499999999999,2,469.3,2opt,notBad
13442,7,914.2499999999999,2,469.3,2opt,notBad
13443,7,914.2499999999999,2,469.3,2opt,notBad
13444,7,914.2499999999999,2,469.3,swap,notBad
13445,7,914.2499999999999,2,469.3,move,improve
13446,7,914.2499999999999,2,469.3,swap,notBad
13447,7,914.2499999999999,2,469.3,2opt,improve
13448,7,914.2499999999999,2,469.3,move,improve
13449,7,914.2499999999999,2,469.3,move,improve
13450,7,914.2499999999999,2,469.3,swap,notBad
13451,7,914.2499999999999,2,469.3,move,improve
13452,7,914.2499999999999,2,469.3,swap,notBad
13453,7,914.2499999999999,2,469.3,move,improve
13454,7,914.2499999999999,2,469.3,2opt,improve
13455,7,914.2499999999999,2,469.3,swap,notBad
13456,7,914.2499999999999,2,469.3,swap,notBad
13457,7,914.2499999999999,2,469.3,2opt,notBad
13458,7,914.2499999999999,2,469.3,swap,notBad
13459,7,914.2499999999999,2,469.3,2opt,notBad
13460,7,914.2499999999999,2,469.3,swap,notBad
13461,7,914.2499999999999,2,469.3,2opt,notBad
13462,7,914.2499999999999,2,469.3,2opt,notBad
13463,7,914.2499999999999,2,469.3,swap,notBad
13464,7,914.2499999999999,2,469.3,2opt,notBad
13465,7,914.2499999999999,2,469.3,swap,notBad
13466,7,914.2499999999999,2,469.3,2opt,notBad
13467,7,914.2499999999999,2,469.3,2opt,notBad
13468,7,914.2499999999999,2,469.3,2opt,notBad
13469,7,914.2499999999999,2,469.3,2opt,notBad
13470,7,914.2499999999999,2,469.3,2opt,notBad
13471,7,914.2499999999999,2,469.3,move,improve
13472,7,914.2499999999999,2,469.3,move,improve
13473,7,914.2499999999999,2,469.3,2opt,notBad
13474,7,914.2499999999999,2,469.3,move,improve
13475,7,914.2499999999999,2,469.3,swap,notBad
13476,7,914.2499999999999,2,469.3,2opt,notBad
13477,7,914.2499999999999,2,469.3,move,improve
13478,7,914.2499999999999,2,469.3,swap,notBad
13479,7,914.2499999999999,2,469.3,move,improve
13480,7,914.2499999999999,2,469.3,move,improve
13481,7,914.2499999999999,2,469.3,move,improve
13482,7,914.2499999999999,2,469.3,2opt,notBad
13483,7,914.2499999999999,2,469.3,move,improve
13484,7,914.2499999999999,2,469.3,swap,notBad
13485,7,914.2499999999999,2,469.3,swap,notBad
13486,7,914.2499999999999,2,469.3,swap,notBad
13487,7,914.2499999999999,2,469.3,swap,notBad
13488,7,914.2499999999999,2,469.3,swap,notBad
13489,7,914.2499999999999,2,469.3,2opt,notBad
13490,7,914.2499999999999,2,469.3,move,improve
13491,7,914.2499999999999,2,469.3,2opt,notBad
13492,7,914.2499999999999,2,469.3,swap,notBad
13493,7,914.2499999999999,2,469.3,swap,notBad
13494,7,914.2499999999999,2,469.3,2opt,notBad
13495,7,914.2499999999999,2,469.3,2opt,notBad
13496,7,914.2499999999999,2,469.3,swap,notBad
13497,7,914.2499999999999,2,469.3,2opt,notBad
13498,7,914.2499999999999,2,469.3,swap,notBad
13499,7,914.2499999999999,2,469.3,2opt,notBad
13500,7,914.2499999999999,2,469.3,2opt,notBad
13501,7,914.2499999999999,2,469.3,2opt,notBad
13502,7,914.2499999999999,2,469.3,move,improve
13503,7,914.2499999999999,2,469.3,swap,notBad
13504,7,914.2499999999999,2,469.3,2opt,notBad
13505,7,914.2499999999999,2,469.3,move,improve
13506,7,914.2499999999999,2,469.3,swap,notBad
13507,7,914.2499999999999,2,469.3,2opt,improve
13508,7,914.2499999999999,2,469.3,2opt,notBad
13509,7,914.2499999999999,2,469.3,2opt,notBad
13510,7,914.2499999999999,2,469.3,2opt,notBad
13511,7,914.2499999999999,2,469.3,2opt,notBad
13512,7,914.2499999999999,2,469.3,move,improve
13513,7,914.2499999999999,2,469.3,swap,notBad
13514,7,914.2499999999999,2,469.3,move,improve
13515,7,914.2499999999999,2,469.3,2opt,notBad
13516,7,914.2499999999999,2,469.3,move,improve
13517,7,914.2499999999999,2,469.3,move,improve
13518,7,914.2499999999999,2,469.3,2opt,notBad
13519,7,914.2499999999999,2,469.3,swap,notBad
13520,7,914.2499999999999,2,469.3,swap,notBad
13521,7,914.2499999999999,2,469.3,swap,notBad
13522,7,914.2499999999999,2,469.3,move,improve
13523,7,914.2499999999999,2,469.3,move,improve
13524,7,914.2499999999999,2,469.3,move,improve
13525,7,914.2499999999999,2,469.3,swap,notBad
13526,7,914.2499999999999,2,469.3,2opt,notBad
13527,7,914.2499999999999,2,469.3,swap,notBad
13528,7,914.2499999999999,2,469.3,2opt,improve
13529,7,914.2499999999999,2,469.3,2opt,notBad
13530,7,914.2499999999999,2,469.3,swap,notBad
13531,7,914.2499999999999,2,469.3,swap,notBad
13532,7,914.2499999999999,2,469.3,move,improve
13533,7,914.2499999999999,2,469.3,swap,notBad
13534,7,914.2499999999999,2,469.3,swap,notBad
13535,7,914.2499999999999,2,469.3,swap,notBad
13536,7,914.2499999999999,2,469.3,swap,notBad
13537,7,914.2499999999999,2,469.3,swap,notBad
13538,7,914.2499999999999,2,469.3,move,improve
13539,7,914.2499999999999,2,469.3,2opt,notBad
13540,7,914.2499999999999,2,469.3,move,improve
13541,7,914.2499999999999,2,469.3,swap,notBad
13542,7,914.2499999999999,2,469.3,swap,notBad
13543,7,914.2499999999999,2,469.3,2opt,improve
13544,7,914.2499999999999,2,469.3,2opt,notBad
13545,7,914.2499999999999,2,469.3,swap,notBad
13546,7,914.2499999999999,2,469.3,2opt,notBad
13547,7,914.2499999999999,2,469.3,2opt,notBad
13548,7,914.2499999999999,2,469.3,move,improve
13549,7,914.2499999999999,2,469.3,2opt,notBad
13550,7,914.2499999999999,2,469.3,2opt,notBad
13551,7,914.2499999999999,2,469.3,2opt,notBad
13552,7,914.2499999999999,2,469.3,move,improve
13553,7,914.2499999999999,2,469.3,move,notBad
13554,7,914.2499999999999,2,469.3,move,improve
13555,7,914.2499999999999,2,469.3,move,improve
13556,7,914.2499999999999,2,469.3,2opt,improve
13557,7,914.2499999999999,2,469.3,swap,notBad
13558,7,914.2499999999999,2,469.3,2opt,notBad
13559,7,914.2499999999999,2,469.3,move,improve
13560,7,914.2499999999999,2,469.3,swap,notBad
13561,7,914.2499999999999,2,469.3,swap,notBad
13562,7,914.2499999999999,2,469.3,2opt,notBad
13563,7,914.2499999999999,2,469.3,move,improve
13564,7,914.2499999999999,2,469.3,swap,notBad
13565,7,914.2499999999999,2,469.3,move,improve
13566,7,914.2499999999999,2,469.3,2opt,notBad
13567,7,914.2499999999999,2,469.3,swap,notBad
13568,7,914.2499999999999,2,469.3,move,improve
13569,7,914.2499999999999,2,469.3,swap,notBad
13570,7,914.2499999999999,2,469.3,move,improve
13571,7,914.2499999999999,2,469.3,swap,notBad
13572,7,914.2499999999999,2,469.3,2opt,notBad
13573,7,914.2499999999999,2,469.3,2opt,improve
13574,7,914.2499999999999,2,469.3,swap,notBad
13575,7,914.2499999999999,2,469.3,move,improve
13576,7,914.2499999999999,2,469.3,move,improve
13577,7,914.2499999999999,2,469.3,move,improve
13578,7,914.2499999999999,2,469.3,swap,notBad
13579,7,914.2499999999999,2,469.3,swap,notBad
13580,7,914.2499999999999,2,469.3,swap,notBad
13581,7,914.2499999999999,2,469.3,move,improve
13582,7,914.2499999999999,2,469.3,2opt,notBad
13583,7,914.2499999999999,2,469.3,2opt,notBad
13584,7,914.2499999999999,2,469.3,2opt,notBad
13585,7,914.2499999999999,2,469.3,move,improve
13586,7,914.2499999999999,2,469.3,swap,notBad
13587,7,914.2499999999999,2,469.3,swap,notBad
13588,7,914.2499999999999,2,469.3,2opt,notBad
13589,7,914.2499999999999,2,469.3,swap,notBad
13590,7,914.2499999999999,2,469.3,swap,notBad
13591,7,914.2499999999999,2,469.3,move,improve
13592,7,914.2499999999999,2,469.3,2opt,notBad
13593,7,914.2499999999999,2,469.3,move,improve
13594,7,914.2499999999999,2,469.3,swap,notBad
13595,7,914.2499999999999,2,469.3,2opt,notBad
13596,7,914.2499999999999,2,469.3,2opt,notBad
13597,7,914.2499999999999,2,469.3,move,improve
13598,7,914.2499999999999,2,469.3,swap,notBad
13599,7,914.2499999999999,2,469.3,move,improve
13600,7,914.2499999999999,2,469.3,swap,notBad
13601,7,914.2499999999999,2,469.3,move,improve
13602,7,914.2499999999999,2,469.3,swap,notBad
13603,7,914.2499999999999,2,469.3,2opt,notBad
13604,7,914.2499999999999,2,469.3,2opt,notBad
13605,7,914.2499999999999,2,469.3,2opt,notBad
13606,7,914.2499999999999,2,469.3,move,improve
13607,7,917.5499999999996,2,469.3,move,acceptBad
13608,7,917.5499999999996,2,469.3,move,improve
13609,7,917.5499999999996,2,469.3,swap,notBad
13610,7,917.5499999999996,2,469.3,move,improve
13611,7,917.5499999999996,2,469.3,2opt,notBad
13612,7,917.5499999999996,2,469.3,2opt,improve
13613,7,917.5499999999996,2,469.3,swap,notBad
13614,7,917.5499999999996,2,469.3,2opt,notBad
13615,7,917.5499999999996,2,469.3,swap,notBad
13616,7,914.2499999999999,2,469.3,swap,improve
13617,7,914.2499999999999,2,469.3,2opt,notBad
13618,7,914.2499999999999,2,469.3,2opt,notBad
13619,7,914.2499999999999,2,469.3,move,improve
13620,7,914.2499999999999,2,469.3,move,improve
13621,7,914.2499999999999,2,469.3,2opt,notBad
13622,7,914.2499999999999,2,469.3,move,improve
13623,7,914.2499999999999,2,469.3,2opt,notBad
13624,7,914.2499999999999,2,469.3,move,improve
13625,7,914.2499999999999,2,469.3,swap,notBad
13626,7,914.2499999999999,2,469.3,move,improve
13627,7,914.2499999999999,2,469.3,2opt,notBad
13628,7,914.2499999999999,2,469.3,swap,notBad
13629,7,914.2499999999999,2,469.3,move,improve
13630,7,914.2499999999999,2,469.3,move,improve
13631,7,914.2499999999999,2,469.3,move,improve
13632,7,914.2499999999999,2,469.3,2opt,notBad
13633,7,914.2499999999999,2,469.3,2opt,notBad
13634,7,914.2499999999999,2,469.3,2opt,notBad
13635,7,914.2499999999999,2,469.3,move,improve
13636,7,914.2499999999999,2,469.3,swap,notBad
13637,7,914.2499999999999,2,469.3,swap,notBad
13638,7,914.2499999999999,2,469.3,2opt,notBad
13639,7,914.2499999999999,2,469.3,2opt,notBad
13640,7,914.2499999999999,2,469.3,2opt,notBad
13641,7,914.2499999999999,2,469.3,move,improve
13642,7,914.2499999999999,2,469.3,2opt,notBad
13643,7,914.2499999999999,2,469.3,2opt,improve
13644,7,914.2499999999999,2,469.3,move,improve
13645,7,914.2499999999999,2,469.3,move,improve
13646,7,914.2499999999999,2,469.3,2opt,notBad
13647,7,914.2499999999999,2,469.3,swap,notBad
13648,7,914.2499999999999,2,469.3,2opt,notBad
13649,7,914.2499999999999,2,469.3,2opt,notBad
13650,7,914.2499999999999,2,469.3,2opt,notBad
13651,7,914.2499999999999,2,469.3,2opt,notBad
13652,7,914.2499999999999,2,469.3,move,improve
13653,7,914.2499999999999,2,469.3,move,improve
13654,7,914.2499999999999,2,469.3,swap,notBad
13655,7,914.2499999999999,2,469.3,swap,notBad
13656,7,914.2499999999999,2,469.3,2opt,notBad
13657,7,914.2499999999999,2,469.3,2opt,notBad
13658,7,914.2499999999999,2,469.3,2opt,notBad
13659,7,914.2499999999999,2,469.3,move,improve
13660,7,914.2499999999999,2,469.3,swap,notBad
13661,7,914.2499999999999,2,469.3,swap,notBad
13662,7,914.2499999999999,2,469.3,2opt,notBad
13663,7,914.2499999999999,2,469.3,swap,notBad
13664,7,914.2499999999999,2,469.3,move,improve
13665,7,914.2499999999999,2,469.3,move,improve
13666,7,914.2499999999999,2,469.3,2opt,notBad
13667,7,914.2499999999999,2,469.3,swap,notBad
13668,7,914.2499999999999,2,469.3,swap,notBad
13669,7,914.2499999999999,2,469.3,swap,notBad
13670,7,914.2499999999999,2,469.3,swap,notBad
13671,7,914.2499999999999,2,469.3,2opt,notBad
13672,7,914.2499999999999,2,469.3,2opt,notBad
13673,7,914.2499999999999,2,469.3,swap,notBad
13674,7,914.2499999999999,2,469.3,swap,notBad
13675,7,914.2499999999999,2,469.3,swap,notBad
13676,7,914.2499999999999,2,469.3,swap,notBad
13677,7,914.2499999999999,2,469.3,swap,notBad
13678,7,914.2499999999999,2,469.3,2opt,notBad
13679,7,914.2499999999999,2,469.3,move,improve
13680,7,914.2499999999999,2,469.3,move,improve
13681,7,914.2499999999999,2,469.3,swap,notBad
13682,7,914.2499999999999,2,469.3,2opt,notBad
13683,7,914.2499999999999,2,469.3,swap,notBad
13684,7,914.2499999999999,2,469.3,2opt,notBad
13685,7,914.2499999999999,2,469.3,2opt,notBad
13686,7,914.2499999999999,2,469.3,move,improve
13687,7,914.2499999999999,2,469.3,2opt,notBad
13688,7,914.2499999999999,2,469.3,2opt,notBad
13689,7,914.2499999999999,2,469.3,2opt,improve
13690,7,914.2499999999999,2,469.3,swap,notBad
13691,7,914.2499999999999,2,469.3,move,improve
13692,7,914.2499999999999,2,469.3,move,improve
13693,7,914.2499999999999,2,469.3,swap,notBad
13694,7,914.2499999999999,2,469.3,2opt,notBad
13695,7,914.2499999999999,2,469.3,swap,notBad
13696,7,914.2499999999999,2,469.3,swap,notBad
13697,7,914.2499999999999,2,469.3,2opt,notBad
13698,7,914.2499999999999,2,469.3,swap,notBad
13699,7,914.2499999999999,2,469.3,move,improve
13700,7,914.2499999999999,2,469.3,move,improve
13701,7,914.2499999999999,2,469.3,swap,notBad
13702,7,914.2499999999999,2,469.3,swap,notBad
13703,7,914.2499999999999,2,469.3,move,notBad
13704,7,914.2499999999999,2,469.3,move,improve
13705,7,914.2499999999999,2,469.3,2opt,notBad
13706,7,914.2499999999999,2,469.3,swap,notBad
13707,7,914.2499999999999,2,469.3,2opt,improve
13708,7,914.2499999999999,2,469.3,swap,notBad
13709,7,914.2499999999999,2,469.3,move,improve
13710,7,914.2499999999999,2,469.3,swap,notBad
13711,7,914.2499999999999,2,469.3,2opt,notBad
13712,7,914.2499999999999,2,469.3,2opt,improve
13713,7,914.2499999999999,2,469.3,swap,notBad
13714,7,914.2499999999999,2,469.3,swap,notBad
13715,7,914.2499999999999,2,469.3,2opt,notBad
13716,7,914.2499999999999,2,469.3,2opt,notBad
13717,7,914.2499999999999,2,469.3,move,improve
13718,7,914.2499999999999,2,469.3,swap,notBad
13719,7,914.2499999999999,2,469.3,swap,notBad
13720,7,914.2499999999999,2,469.3,swap,notBad
13721,7,914.2499999999999,2,469.3,2opt,notBad
13722,7,914.2499999999999,2,469.3,move,improve
13723,7,914.2499999999999,2,469.3,move,improve
13724,7,914.2499999999999,2,469.3,2opt,notBad
13725,7,914.2499999999999,2,469.3,move,improve
13726,7,914.2499999999999,2,469.3,move,improve
13727,7,914.2499999999999,2,469.3,move,improve
13728,7,914.2499999999999,2,469.3,2opt,notBad
13729,7,914.2499999999999,2,469.3,move,improve
13730,7,914.2499999999999,2,469.3,move,improve
13731,7,914.2499999999999,2,469.3,swap,notBad
13732,7,914.2499999999999,2,469.3,move,improve
13733,7,914.2499999999999,2,469.3,2opt,improve
13734,7,914.2499999999999,2,469.3,2opt,notBad
13735,7,914.2499999999999,2,469.3,swap,notBad
13736,7,914.2499999999999,2,469.3,swap,notBad
13737,7,914.2499999999999,2,469.3,2opt,notBad
13738,7,914.2499999999999,2,469.3,swap,notBad
13739,7,914.2499999999999,2,469.3,move,improve
13740,7,914.2499999999999,2,469.3,2opt,notBad
13741,7,914.2499999999999,2,469.3,move,improve
13742,7,914.2499999999999,2,469.3,swap,notBad
13743,7,914.2499999999999,2,469.3,2opt,notBad
13744,7,914.2499999999999,2,469.3,2opt,notBad
13745,7,914.2499999999999,2,469.3,move,improve
13746,7,914.2499999999999,2,469.3,move,improve
13747,7,914.2499999999999,2,469.3,2opt,notBad
13748,7,914.2499999999999,2,469.3,swap,notBad
13749,7,914.2499999999999,2,469.3,swap,notBad
13750,7,914.2499999999999,2,469.3,2opt,notBad
13751,7,914.2499999999999,2,469.3,swap,notBad
13752,7,914.2499999999999,2,469.3,2opt,notBad
13753,7,914.2499999999999,2,469.3,move,improve
13754,7,914.2499999999999,2,469.3,swap,notBad
13755,7,914.2499999999999,2,469.3,move,improve
13756,7,914.2499999999999,2,469.3,2opt,notBad
13757,7,914.2499999999999,2,469.3,move,improve
13758,7,914.2499999999999,2,469.3,2opt,notBad
13759,7,914.2499999999999,2,469.3,swap,notBad
13760,7,914.2499999999999,2,469.3,2opt,notBad
13761,7,914.2499999999999,2,469.3,2opt,notBad
13762,7,914.2499999999999,2,469.3,2opt,notBad
13763,7,914.2499999999999,2,469.3,2opt,notBad
13764,7,914.2499999999999,2,469.3,move,improve
13765,7,914.2499999999999,2,469.3,2opt,notBad
13766,7,914.2499999999999,2,469.3,move,improve
13767,7,914.2499999999999,2,469.3,swap,notBad
13768,7,914.2499999999999,2,469.3,move,improve
13769,7,914.2499999999999,2,469.3,move,improve
13770,7,914.2499999999999,2,469.3,2opt,notBad
13771,7,914.2499999999999,2,469.3,swap,notBad
13772,7,914.2499999999999,2,469.3,move,improve
13773,7,914.2499999999999,2,469.3,move,improve
13774,7,914.2499999999999,2,469.3,swap,notBad
13775,7,914.2499999999999,2,469.3,swap,notBad
13776,7,914.2499999999999,2,469.3,move,improve
13777,7,914.2499999999999,2,469.3,2opt,notBad
13778,7,914.2499999999999,2,469.3,swap,notBad
13779,7,914.2499999999999,2,469.3,move,improve
13780,7,914.2499999999999,2,469.3,2opt,notBad
13781,7,914.2499999999999,2,469.3,swap,notBad
13782,7,914.2499999999999,2,469.3,move,improve
13783,7,914.2499999999999,2,469.3,2opt,notBad
13784,7,914.2499999999999,2,469.3,swap,notBad
13785,7,914.2499999999999,2,469.3,move,improve
13786,7,914.2499999999999,2,469.3,swap,notBad
13787,7,914.2499999999999,2,469.3,move,improve
13788,7,914.2499999999999,2,469.3,move,improve
13789,7,914.2499999999999,2,469.3,swap,notBad
13790,7,914.2499999999999,2,469.3,swap,notBad
13791,7,914.2499999999999,2,469.3,2opt,notBad
13792,7,914.2499999999999,2,469.3,move,improve
13793,7,914.2499999999999,2,469.3,swap,notBad
13794,7,914.2499999999999,2,469.3,swap,notBad
13795,7,914.2499999999999,2,469.3,swap,notBad
13796,7,914.2499999999999,2,469.3,swap,notBad
13797,7,914.2499999999999,2,469.3,2opt,notBad
13798,7,914.2499999999999,2,469.3,swap,notBad
13799,7,914.2499999999999,2,469.3,swap,notBad
13800,7,914.2499999999999,2,469.3,2opt,improve
13801,7,914.2499999999999,2,469.3,2opt,notBad
13802,7,914.2499999999999,2,469.3,move,improve
13803,7,914.2499999999999,2,469.3,2opt,notBad
13804,7,914.2499999999999,2,469.3,move,improve
13805,7,914.2499999999999,2,469.3,2opt,notBad
13806,7,914.2499999999999,2,469.3,swap,notBad
13807,7,914.2499999999999,2,469.3,swap,notBad
13808,7,914.2499999999999,2,469.3,swap,notBad
13809,7,914.2499999999999,2,469.3,swap,notBad
13810,7,914.2499999999999,2,469.3,2opt,notBad
13811,7,914.2499999999999,2,469.3,swap,notBad
13812,7,914.2499999999999,2,469.3,swap,notBad
13813,7,914.2499999999999,2,469.3,swap,notBad
13814,7,914.2499999999999,2,469.3,2opt,notBad
13815,7,914.2499999999999,2,469.3,2opt,notBad
13816,7,914.2499999999999,2,469.3,move,improve
13817,7,914.2499999999999,2,469.3,swap,notBad
13818,7,914.2499999999999,2,469.3,2opt,notBad
13819,7,914.2499999999999,2,469.3,2opt,notBad
13820,7,914.2499999999999,2,469.3,swap,notBad
13821,7,914.2499999999999,2,469.3,2opt,notBad
13822,7,914.2499999999999,2,469.3,move,improve
13823,7,914.2499999999999,2,469.3,swap,notBad
13824,7,914.2499999999999,2,469.3,move,improve
13825,7,914.2499999999999,2,469.3,2opt,notBad
13826,7,914.2499999999999,2,469.3,move,improve
13827,7,914.2499999999999,2,469.3,move,improve
13828,7,914.2499999999999,2,469.3,move,improve
13829,7,914.2499999999999,2,469.3,2opt,notBad
13830,7,914.2499999999999,2,469.3,swap,notBad
13831,7,914.2499999999999,2,469.3,swap,notBad
13832,7,914.2499999999999,2,469.3,move,improve
13833,7,914.2499999999999,2,469.3,move,improve
13834,7,914.2499999999999,2,469.3,2opt,notBad
13835,7,914.2499999999999,2,469.3,swap,notBad
13836,7,914.2499999999999,2,469.3,2opt,notBad
13837,7,914.2499999999999,2,469.3,swap,notBad
13838,7,914.2499999999999,2,469.3,move,improve
13839,7,914.2499999999999,2,469.3,move,improve
13840,7,914.2499999999999,2,469.3,2opt,notBad
13841,7,914.2499999999999,2,469.3,2opt,notBad
13842,7,914.2499999999999,2,469.3,move,improve
13843,7,914.2499999999999,2,469.3,2opt,notBad
13844,7,914.2499999999999,2,469.3,2opt,notBad
13845,7,914.2499999999999,2,469.3,2opt,notBad
13846,7,914.2499999999999,2,469.3,move,improve
13847,7,914.2499999999999,2,469.3,move,improve
13848,7,914.2499999999999,2,469.3,2opt,notBad
13849,7,914.2499999999999,2,469.3,swap,notBad
13850,7,914.2499999999999,2,469.3,swap,notBad
13851,7,914.2499999999999,2,469.3,swap,notBad
13852,7,914.2499999999999,2,469.3,2opt,notBad
13853,7,914.2499999999999,2,469.3,swap,notBad
13854,7,914.2499999999999,2,469.3,swap,notBad
13855,7,914.2499999999999,2,469.3,2opt,notBad
13856,7,914.2499999999999,2,469.3,2opt,notBad
13857,7,914.2499999999999,2,469.3,swap,notBad
13858,7,914.2499999999999,2,469.3,2opt,notBad
13859,7,914.2499999999999,2,469.3,swap,notBad
13860,7,914.2499999999999,2,469.3,move,improve
13861,7,914.2499999999999,2,469.3,swap,notBad
13862,7,914.2499999999999,2,469.3,2opt,notBad
13863,7,914.2499999999999,2,469.3,swap,notBad
13864,7,914.2499999999999,2,469.3,2opt,notBad
13865,7,914.2499999999999,2,469.3,move,improve
13866,7,914.2499999999999,2,469.3,swap,notBad
13867,7,914.2499999999999,2,469.3,move,improve
13868,7,914.2499999999999,2,469.3,swap,notBad
13869,7,914.2499999999999,2,469.3,swap,notBad
13870,7,914.2499999999999,2,469.3,move,improve
13871,7,914.2499999999999,2,469.3,move,improve
13872,7,914.2499999999999,2,469.3,move,improve
13873,7,914.2499999999999,2,469.3,move,improve
13874,7,914.2499999999999,2,469.3,2opt,notBad
13875,7,914.2499999999999,2,469.3,swap,notBad
13876,7,914.2499999999999,2,469.3,move,improve
13877,7,914.2499999999999,2,469.3,2opt,notBad
13878,7,914.2499999999999,2,469.3,2opt,notBad
13879,7,914.2499999999999,2,469.3,swap,notBad
13880,7,914.2499999999999,2,469.3,move,improve
13881,7,914.2499999999999,2,469.3,swap,notBad
13882,7,914.2499999999999,2,469.3,swap,notBad
13883,7,914.2499999999999,2,469.3,move,improve
13884,7,914.2499999999999,2,469.3,move,improve
13885,7,914.2499999999999,2,469.3,move,improve
13886,7,914.2499999999999,2,469.3,2opt,notBad
13887,7,914.2499999999999,2,469.3,2opt,notBad
13888,7,914.2499999999999,2,469.3,2opt,notBad
13889,7,914.2499999999999,2,469.3,move,improve
13890,7,914.2499999999999,2,469.3,2opt,improve
13891,7,914.2499999999999,2,469.3,swap,notBad
13892,7,914.2499999999999,2,469.3,2opt,notBad
13893,7,914.2499999999999,2,469.3,swap,notBad
13894,7,914.2499999999999,2,469.3,2opt,notBad
13895,7,914.2499999999999,2,469.3,swap,notBad
13896,7,914.2499999999999,2,469.3,swap,notBad
13897,7,914.2499999999999,2,469.3,2opt,notBad
13898,7,914.2499999999999,2,469.3,2opt,notBad
13899,7,914.2499999999999,2,469.3,2opt,notBad
13900,7,914.2499999999999,2,469.3,swap,notBad
13901,7,914.2499999999999,2,469.3,2opt,notBad
13902,7,914.2499999999999,2,469.3,move,improve
13903,7,914.2499999999999,2,469.3,2opt,notBad
13904,7,914.2499999999999,2,469.3,swap,notBad
13905,7,914.2499999999999,2,469.3,move,improve
13906,7,914.2499999999999,2,469.3,2opt,notBad
13907,7,914.2499999999999,2,469.3,swap,notBad
13908,7,914.2499999999999,2,469.3,2opt,notBad
13909,7,914.2499999999999,2,469.3,2opt,notBad
13910,7,914.2499999999999,2,469.3,2opt,notBad
13911,7,914.2499999999999,2,469.3,move,improve
13912,7,914.2499999999999,2,469.3,2opt,notBad
13913,7,914.2499999999999,2,469.3,swap,notBad
13914,7,914.2499999999999,2,469.3,swap,notBad
13915,7,914.2499999999999,2,469.3,2opt,notBad
13916,7,914.2499999999999,2,469.3,2opt,notBad
13917,7,914.2499999999999,2,469.3,move,improve
13918,7,914.2499999999999,2,469.3,move,improve
13919,7,914.2499999999999,2,469.3,swap,notBad
13920,7,914.2499999999999,2,469.3,move,improve
13921,7,914.2499999999999,2,469.3,swap,notBad
13922,7,914.2499999999999,2,469.3,swap,notBad
13923,7,914.2499999999999,2,469.3,2opt,notBad
13924,7,914.2499999999999,2,469.3,swap,notBad
13925,7,914.2499999999999,2,469.3,move,improve
13926,7,914.2499999999999,2,469.3,swap,notBad
13927,7,914.2499999999999,2,469.3,2opt,notBad
13928,7,914.2499999999999,2,469.3,move,improve
13929,7,914.2499999999999,2,469.3,2opt,notBad
13930,7,914.2499999999999,2,469.3,2opt,notBad
13931,7,914.2499999999999,2,469.3,2opt,notBad
13932,7,914.2499999999999,2,469.3,2opt,notBad
13933,7,914.2499999999999,2,469.3,swap,notBad
13934,7,914.2499999999999,2,469.3,move,improve
13935,7,914.2499999999999,2,469.3,swap,notBad
13936,7,914.2499999999999,2,469.3,2opt,notBad
13937,7,914.2499999999999,2,469.3,swap,notBad
13938,7,914.2499999999999,2,469.3,swap,notBad
13939,7,914.2499999999999,2,469.3,2opt,notBad
13940,7,914.2499999999999,2,469.3,move,improve
13941,7,914.2499999999999,2,469.3,2opt,notBad
13942,7,914.2499999999999,2,469.3,2opt,notBad
13943,7,914.2499999999999,2,469.3,move,notBad
13944,7,914.2499999999999,2,469.3,move,improve
13945,7,914.2499999999999,2,469.3,swap,notBad
13946,7,914.2499999999999,2,469.3,swap,notBad
13947,7,914.2499999999999,2,469.3,swap,notBad
13948,7,914.2499999999999,2,469.3,2opt,notBad
13949,7,914.2499999999999,2,469.3,swap,notBad
13950,7,914.2499999999999,2,469.3,2opt,notBad
13951,7,914.2499999999999,2,469.3,move,improve
13952,7,914.2499999999999,2,469.3,move,improve
13953,7,914.2499999999999,2,469.3,2opt,improve
13954,7,914.2499999999999,2,469.3,move,improve
13955,7,914.2499999999999,2,469.3,move,improve
13956,7,914.2499999999999,2,469.3,swap,notBad
13957,7,914.2499999999999,2,469.3,2opt,notBad
13958,7,914.2499999999999,2,469.3,2opt,notBad
13959,7,914.2499999999999,2,469.3,move,improve
13960,7,914.2499999999999,2,469.3,swap,notBad
13961,7,914.2499999999999,2,469.3,move,improve
13962,7,914.2499999999999,2,469.3,2opt,notBad
13963,7,914.2499999999999,2,469.3,swap,notBad
13964,7,914.2499999999999,2,469.3,2opt,notBad
13965,7,914.2499999999999,2,469.3,move,improve
13966,7,914.2499999999999,2,469.3,2opt,notBad
13967,7,914.2499999999999,2,469.3,move,improve
13968,7,914.2499999999999,2,469.3,2opt,notBad
13969,7,914.2499999999999,2,469.3,2opt,notBad
13970,7,914.2499999999999,2,469.3,2opt,improve
13971,7,914.2499999999999,2,469.3,move,improve
13972,7,914.2499999999999,2,469.3,swap,notBad
13973,7,914.2499999999999,2,469.3,move,improve
13974,7,914.2499999999999,2,469.3,2opt,notBad
13975,7,914.2499999999999,2,469.3,move,improve
13976,7,914.2499999999999,2,469.3,2opt,notBad
13977,7,914.2499999999999,2,469.3,2opt,notBad
13978,7,914.2499999999999,2,469.3,2opt,notBad
13979,7,914.2499999999999,2,469.3,2opt,notBad
13980,7,914.2499999999999,2,469.3,2opt,notBad
13981,7,914.2499999999999,2,469.3,move,improve
13982,7,914.2499999999999,2,469.3,swap,notBad
13983,7,914.2499999999999,2,469.3,swap,notBad
13984,7,914.2499999999999,2,469.3,move,improve
13985,7,914.2499999999999,2,469.3,2opt,notBad
13986,7,914.2499999999999,2,469.3,2opt,notBad
13987,7,914.2499999999999,2,469.3,swap,notBad
13988,7,914.2499999999999,2,469.3,move,improve
13989,7,914.2499999999999,2,469.3,move,improve
13990,7,914.2499999999999,2,469.3,2opt,notBad
13991,7,914.2499999999999,2,469.3,2opt,improve
13992,7,914.2499999999999,2,469.3,swap,notBad
13993,7,914.2499999999999,2,469.3,move,improve
13994,7,914.2499999999999,2,469.3,2opt,notBad
13995,7,914.2499999999999,2,469.3,swap,notBad
13996,7,914.2499999999999,2,469.3,move,improve
13997,7,914.2499999999999,2,469.3,2opt,improve
13998,7,914.2499999999999,2,469.3,2opt,notBad
13999,7,914.2499999999999,2,469.3,move,improve
14000,7,914.2499999999999,2,469.3,2opt,notBad
14001,7,914.2499999999999,2,469.3,move,improve
14002,7,914.2499999999999,2,469.3,move,improve
14003,7,914.2499999999999,2,469.3,move,improve
14004,7,914.2499999999999,2,469.3,swap,notBad
14005,7,914.2499999999999,2,469.3,swap,notBad
14006,7,914.2499999999999,2,469.3,swap,notBad
14007,7,914.2499999999999,2,469.3,move,improve
14008,7,914.2499999999999,2,469.3,swap,notBad
14009,7,914.2499999999999,2,469.3,swap,notBad
14010,7,914.2499999999999,2,469.3,move,improve
14011,7,914.2499999999999,2,469.3,swap,notBad
14012,7,914.2499999999999,2,469.3,2opt,notBad
14013,7,914.2499999999999,2,469.3,2opt,notBad
14014,7,914.2499999999999,2,469.3,2opt,notBad
14015,7,914.2499999999999,2,469.3,move,improve
14016,7,914.2499999999999,2,469.3,2opt,notBad
14017,7,914.2499999999999,2,469.3,move,improve
14018,7,914.2499999999999,2,469.3,2opt,notBad
14019,7,914.2499999999999,2,469.3,2opt,notBad
14020,7,914.2499999999999,2,469.3,2opt,notBad
14021,7,914.2499999999999,2,469.3,2opt,notBad
14022,7,914.2499999999999,2,469.3,2opt,notBad
14023,7,914.2499999999999,2,469.3,swap,notBad
14024,7,914.2499999999999,2,469.3,swap,notBad
14025,7,914.2499999999999,2,469.3,swap,notBad
14026,7,914.2499999999999,2,469.3,2opt,notBad
14027,7,914.2499999999999,2,469.3,2opt,notBad
14028,7,914.2499999999999,2,469.3,2opt,notBad
14029,7,914.2499999999999,2,469.3,move,improve
14030,7,914.2499999999999,2,469.3,2opt,notBad
14031,7,914.2499999999999,2,469.3,2opt,notBad
14032,7,914.2499999999999,2,469.3,move,improve
14033,7,914.2499999999999,2,469.3,swap,notBad
14034,7,914.2499999999999,2,469.3,2opt,notBad
14035,7,914.2499999999999,2,469.3,move,improve
14036,7,914.2499999999999,2,469.3,swap,notBad
14037,7,914.2499999999999,2,469.3,2opt,notBad
14038,7,914.2499999999999,2,469.3,2opt,notBad
14039,7,914.2499999999999,2,469.3,2opt,notBad
14040,7,914.2499999999999,2,469.3,swap,notBad
14041,7,914.2499999999999,2,469.3,swap,notBad
14042,7,914.2499999999999,2,469.3,swap,notBad
14043,7,914.2499999999999,2,469.3,2opt,notBad
14044,7,914.2499999999999,2,469.3,move,improve
14045,7,914.2499999999999,2,469.3,swap,notBad
14046,7,914.2499999999999,2,469.3,2opt,notBad
14047,7,914.2499999999999,2,469.3,swap,notBad
14048,7,914.2499999999999,2,469.3,swap,notBad
14049,7,914.2499999999999,2,469.3,move,improve
14050,7,914.2499999999999,2,469.3,swap,notBad
14051,7,914.2499999999999,2,469.3,2opt,notBad
14052,7,914.2499999999999,2,469.3,move,improve
14053,7,914.2499999999999,2,469.3,2opt,notBad
14054,7,914.2499999999999,2,469.3,swap,notBad
14055,7,914.2499999999999,2,469.3,move,improve
14056,7,914.2499999999999,2,469.3,swap,notBad
14057,7,914.2499999999999,2,469.3,swap,notBad
14058,7,914.2499999999999,2,469.3,2opt,notBad
14059,7,914.2499999999999,2,469.3,2opt,notBad
14060,7,914.2499999999999,2,469.3,2opt,notBad
14061,7,914.2499999999999,2,469.3,move,improve
14062,7,914.2499999999999,2,469.3,2opt,notBad
14063,7,914.2499999999999,2,469.3,2opt,notBad
14064,7,914.2499999999999,2,469.3,swap,notBad
14065,7,914.2499999999999,2,469.3,move,improve
14066,7,914.2499999999999,2,469.3,swap,notBad
14067,7,914.2499999999999,2,469.3,move,improve
14068,7,914.2499999999999,2,469.3,2opt,notBad
14069,7,914.2499999999999,2,469.3,move,improve
14070,7,914.2499999999999,2,469.3,swap,notBad
14071,7,914.2499999999999,2,469.3,2opt,notBad
14072,7,914.2499999999999,2,469.3,move,notBad
14073,7,914.2499999999999,2,469.3,2opt,notBad
14074,7,914.2499999999999,2,469.3,2opt,notBad
14075,7,914.2499999999999,2,469.3,2opt,notBad
14076,7,914.2499999999999,2,469.3,swap,notBad
14077,7,914.2499999999999,2,469.3,swap,notBad
14078,7,914.2499999999999,2,469.3,2opt,notBad
14079,7,914.2499999999999,2,469.3,2opt,notBad
14080,7,914.2499999999999,2,469.3,move,improve
14081,7,914.2499999999999,2,469.3,2opt,notBad
14082,7,914.2499999999999,2,469.3,2opt,notBad
14083,7,914.2499999999999,2,469.3,move,improve
14084,7,914.2499999999999,2,469.3,move,improve
14085,7,914.2499999999999,2,469.3,swap,notBad
14086,7,914.2499999999999,2,469.3,2opt,notBad
14087,7,914.2499999999999,2,469.3,2opt,notBad
14088,7,914.2499999999999,2,469.3,swap,notBad
14089,7,914.2499999999999,2,469.3,swap,notBad
14090,7,914.2499999999999,2,469.3,swap,notBad
14091,7,914.2499999999999,2,469.3,move,improve
14092,7,914.2499999999999,2,469.3,swap,notBad
14093,7,914.2499999999999,2,469.3,move,improve
14094,7,914.2499999999999,2,469.3,2opt,notBad
14095,7,914.2499999999999,2,469.3,2opt,notBad
14096,7,914.2499999999999,2,469.3,2opt,notBad
14097,7,914.2499999999999,2,469.3,2opt,notBad
14098,7,914.2499999999999,2,469.3,move,improve
14099,7,914.2499999999999,2,469.3,move,improve
14100,7,914.2499999999999,2,469.3,move,improve
14101,7,914.2499999999999,2,469.3,swap,notBad
14102,7,914.2499999999999,2,469.3,move,improve
14103,7,914.2499999999999,2,469.3,swap,notBad
14104,7,914.2499999999999,2,469.3,2opt,notBad
14105,7,914.2499999999999,2,469.3,2opt,notBad
14106,7,914.2499999999999,2,469.3,2opt,notBad
14107,7,914.2499999999999,2,469.3,2opt,notBad
14108,7,914.2499999999999,2,469.3,move,improve
14109,7,914.2499999999999,2,469.3,swap,notBad
14110,7,914.2499999999999,2,469.3,move,improve
14111,7,914.2499999999999,2,469.3,2opt,notBad
14112,7,914.2499999999999,2,469.3,swap,notBad
14113,7,914.2499999999999,2,469.3,move,improve
14114,7,914.2499999999999,2,469.3,move,improve
14115,7,914.2499999999999,2,469.3,move,improve
14116,7,914.2499999999999,2,469.3,move,improve
14117,7,914.2499999999999,2,469.3,swap,notBad
14118,7,914.2499999999999,2,469.3,move,improve
14119,7,914.2499999999999,2,469.3,2opt,notBad
14120,7,914.2499999999999,2,469.3,swap,notBad
14121,7,914.2499999999999,2,469.3,2opt,notBad
14122,7,914.2499999999999,2,469.3,move,improve
14123,7,914.2499999999999,2,469.3,move,improve
14124,7,914.2499999999999,2,469.3,swap,notBad
14125,7,914.2499999999999,2,469.3,move,improve
14126,7,914.2499999999999,2,469.3,swap,notBad
14127,7,914.2499999999999,2,469.3,swap,notBad
14128,7,914.2499999999999,2,469.3,2opt,notBad
14129,7,914.2499999999999,2,469.3,swap,notBad
14130,7,914.2499999999999,2,469.3,move,improve
14131,7,914.2499999999999,2,469.3,swap,notBad
14132,7,914.2499999999999,2,469.3,2opt,notBad
14133,7,914.2499999999999,2,469.3,swap,notBad
14134,7,914.2499999999999,2,469.3,move,improve
14135,7,914.2499999999999,2,469.3,move,improve
14136,7,914.2499999999999,2,469.3,2opt,notBad
14137,7,914.2499999999999,2,469.3,move,improve
14138,7,914.2499999999999,2,469.3,move,improve
14139,7,914.2499999999999,2,469.3,move,improve
14140,7,914.2499999999999,2,469.3,2opt,notBad
14141,7,914.2499999999999,2,469.3,swap,notBad
14142,7,914.2499999999999,2,469.3,move,improve
14143,7,914.2499999999999,2,469.3,move,improve
14144,7,914.2499999999999,2,469.3,swap,notBad
14145,7,914.2499999999999,2,469.3,move,improve
14146,7,914.2499999999999,2,469.3,swap,notBad
14147,7,914.2499999999999,2,469.3,swap,notBad
14148,7,914.2499999999999,2,469.3,swap,notBad
14149,7,914.2499999999999,2,469.3,move,improve
14150,7,914.2499999999999,2,469.3,move,improve
14151,7,914.2499999999999,2,469.3,swap,notBad
14152,7,914.2499999999999,2,469.3,move,improve
14153,7,914.2499999999999,2,469.3,2opt,notBad
14154,7,914.2499999999999,2,469.3,2opt,notBad
14155,7,914.2499999999999,2,469.3,move,improve
14156,7,914.2499999999999,2,469.3,move,improve
14157,7,914.2499999999999,2,469.3,move,improve
14158,7,914.2499999999999,2,469.3,2opt,notBad
14159,7,914.2499999999999,2,469.3,2opt,notBad
14160,7,914.2499999999999,2,469.3,move,improve
14161,7,914.2499999999999,2,469.3,2opt,notBad
14162,7,914.2499999999999,2,469.3,2opt,notBad
14163,7,914.2499999999999,2,469.3,2opt,notBad
14164,7,914.2499999999999,2,469.3,2opt,notBad
14165,7,914.2499999999999,2,469.3,2opt,notBad
14166,7,914.2499999999999,2,469.3,swap,notBad
14167,7,914.2499999999999,2,469.3,move,improve
14168,7,914.2499999999999,2,469.3,move,improve
14169,7,914.2499999999999,2,469.3,swap,notBad
14170,7,914.2499999999999,2,469.3,move,improve
14171,7,914.2499999999999,2,469.3,2opt,notBad
14172,7,914.2499999999999,2,469.3,move,improve
14173,7,914.2499999999999,2,469.3,2opt,notBad
14174,7,914.2499999999999,2,469.3,swap,notBad
14175,7,914.2499999999999,2,469.3,move,improve
14176,7,914.2499999999999,2,469.3,swap,notBad
14177,7,914.2499999999999,2,469.3,swap,notBad
14178,7,914.2499999999999,2,469.3,swap,notBad
14179,7,914.2499999999999,2,469.3,move,improve
14180,7,914.2499999999999,2,469.3,2opt,notBad
14181,7,914.2499999999999,2,469.3,move,improve
14182,7,914.2499999999999,2,469.3,2opt,notBad
14183,7,914.2499999999999,2,469.3,move,improve
14184,7,914.2499999999999,2,469.3,2opt,notBad
14185,7,914.2499999999999,2,469.3,swap,notBad
14186,7,914.2499999999999,2,469.3,swap,notBad
14187,7,914.2499999999999,2,469.3,2opt,notBad
14188,7,914.2499999999999,2,469.3,2opt,notBad
14189,7,914.2499999999999,2,469.3,move,improve
14190,7,914.2499999999999,2,469.3,2opt,notBad
14191,7,914.2499999999999,2,469.3,swap,notBad
14192,7,914.2499999999999,2,469.3,move,improve
14193,7,914.2499999999999,2,469.3,2opt,notBad
14194,7,914.2499999999999,2,469.3,swap,notBad
14195,7,914.2499999999999,2,469.3,2opt,notBad
14196,7,914.2499999999999,2,469.3,2opt,notBad
14197,7,914.2499999999999,2,469.3,2opt,notBad
14198,7,914.2499999999999,2,469.3,2opt,notBad
14199,7,914.2499999999999,2,469.3,2opt,notBad
14200,7,914.2499999999999,2,469.3,2opt,notBad
14201,7,914.2499999999999,2,469.3,2opt,notBad
14202,7,914.2499999999999,2,469.3,2opt,notBad
14203,7,914.2499999999999,2,469.3,swap,notBad
14204,7,914.2499999999999,2,469.3,swap,notBad
14205,7,914.2499999999999,2,469.3,move,improve
14206,7,914.2499999999999,2,469.3,move,improve
14207,7,914.2499999999999,2,469.3,swap,notBad
14208,7,914.2499999999999,2,469.3,move,improve
14209,7,914.2499999999999,2,469.3,2opt,notBad
14210,7,914.2499999999999,2,469.3,2opt,notBad
14211,7,914.2499999999999,2,469.3,move,improve
14212,7,914.2499999999999,2,469.3,2opt,notBad
14213,7,914.2499999999999,2,469.3,swap,notBad
14214,7,914.2499999999999,2,469.3,2opt,notBad
14215,7,914.2499999999999,2,469.3,swap,notBad
14216,7,914.2499999999999,2,469.3,move,improve
14217,7,914.2499999999999,2,469.3,2opt,notBad
14218,7,914.2499999999999,2,469.3,move,improve
14219,7,914.2499999999999,2,469.3,2opt,notBad
14220,7,914.2499999999999,2,469.3,swap,notBad
14221,7,914.2499999999999,2,469.3,swap,notBad
14222,7,914.2499999999999,2,469.3,2opt,notBad
14223,7,914.2499999999999,2,469.3,2opt,notBad
14224,7,914.2499999999999,2,469.3,2opt,notBad
14225,7,914.2499999999999,2,469.3,move,improve
14226,7,914.2499999999999,2,469.3,swap,notBad
14227,7,914.2499999999999,2,469.3,move,notBad
14228,7,914.2499999999999,2,469.3,move,improve
14229,7,914.2499999999999,2,469.3,swap,notBad
14230,7,914.2499999999999,2,469.3,2opt,notBad
14231,7,914.2499999999999,2,469.3,2opt,improve
14232,7,914.2499999999999,2,469.3,move,improve
14233,7,914.2499999999999,2,469.3,move,improve
14234,7,914.2499999999999,2,469.3,move,improve
14235,7,914.2499999999999,2,469.3,swap,notBad
14236,7,914.2499999999999,2,469.3,2opt,notBad
14237,7,914.2499999999999,2,469.3,swap,notBad
14238,7,914.2499999999999,2,469.3,swap,notBad
14239,7,914.2499999999999,2,469.3,2opt,notBad
14240,7,914.2499999999999,2,469.3,2opt,notBad
14241,7,914.2499999999999,2,469.3,swap,notBad
14242,7,914.2499999999999,2,469.3,swap,notBad
14243,7,914.2499999999999,2,469.3,2opt,notBad
14244,7,914.2499999999999,2,469.3,2opt,notBad
14245,7,914.2499999999999,2,469.3,swap,notBad
14246,7,914.2499999999999,2,469.3,move,improve
14247,7,914.2499999999999,2,469.3,2opt,notBad
14248,7,914.2499999999999,2,469.3,2opt,notBad
14249,7,914.2499999999999,2,469.3,2opt,notBad
14250,7,914.2499999999999,2,469.3,move,improve
14251,7,914.2499999999999,2,469.3,swap,notBad
14252,7,914.2499999999999,2,469.3,swap,notBad
14253,7,914.2499999999999,2,469.3,move,improve
14254,7,914.2499999999999,2,469.3,move,improve
14255,7,914.2499999999999,2,469.3,2opt,notBad
14256,7,914.2499999999999,2,469.3,swap,notBad
14257,7,914.2499999999999,2,469.3,swap,notBad
14258,7,914.2499999999999,2,469.3,2opt,notBad
14259,7,914.2499999999999,2,469.3,swap,notBad
14260,7,914.2499999999999,2,469.3,swap,notBad
14261,7,914.2499999999999,2,469.3,2opt,notBad
14262,7,914.2499999999999,2,469.3,swap,notBad
14263,7,914.2499999999999,2,469.3,move,improve
14264,7,914.2499999999999,2,469.3,2opt,notBad
14265,7,914.2499999999999,2,469.3,move,improve
14266,7,914.2499999999999,2,469.3,move,improve
14267,7,914.2499999999999,2,469.3,2opt,notBad
14268,7,914.2499999999999,2,469.3,swap,notBad
14269,7,914.2499999999999,2,469.3,move,improve
14270,7,914.2499999999999,2,469.3,swap,notBad
14271,7,914.2499999999999,2,469.3,swap,notBad
14272,7,914.2499999999999,2,469.3,2opt,notBad
14273,7,914.2499999999999,2,469.3,swap,notBad
14274,7,914.2499999999999,2,469.3,move,improve
14275,7,914.2499999999999,2,469.3,2opt,notBad
14276,7,914.2499999999999,2,469.3,move,improve
14277,7,914.2499999999999,2,469.3,swap,notBad
14278,7,914.2499999999999,2,469.3,move,improve
14279,7,914.2499999999999,2,469.3,move,improve
14280,7,914.2499999999999,2,469.3,move,improve
14281,7,914.2499999999999,2,469.3,2opt,notBad
14282,7,914.2499999999999,2,469.3,2opt,notBad
14283,7,914.2499999999999,2,469.3,2opt,notBad
14284,7,914.2499999999999,2,469.3,2opt,notBad
14285,7,914.2499999999999,2,469.3,move,improve
14286,7,914.2499999999999,2,469.3,move,improve
14287,7,914.2499999999999,2,469.3,move,improve
14288,7,914.2499999999999,2,469.3,move,improve
14289,7,914.2499999999999,2,469.3,2opt,notBad
14290,7,914.2499999999999,2,469.3,swap,notBad
14291,7,914.2499999999999,2,469.3,2opt,notBad
14292,7,914.2499999999999,2,469.3,2opt,notBad
14293,7,914.2499999999999,2,469.3,swap,notBad
14294,7,914.2499999999999,2,469.3,move,improve
14295,7,914.2499999999999,2,469.3,move,improve
14296,7,914.2499999999999,2,469.3,2opt,notBad
14297,7,914.2499999999999,2,469.3,move,improve
14298,7,914.2499999999999,2,469.3,move,improve
14299,7,914.2499999999999,2,469.3,move,improve
14300,7,914.2499999999999,2,469.3,swap,notBad
14301,7,914.2499999999999,2,469.3,2opt,notBad
14302,7,914.2499999999999,2,469.3,2opt,notBad
14303,7,914.2499999999999,2,469.3,swap,notBad
14304,7,914.2499999999999,2,469.3,swap,notBad
14305,7,914.2499999999999,2,469.3,swap,notBad
14306,7,914.2499999999999,2,469.3,2opt,notBad
14307,7,914.2499999999999,2,469.3,2opt,notBad
14308,7,914.2499999999999,2,469.3,2opt,notBad
14309,7,914.2499999999999,2,469.3,swap,notBad
14310,7,914.2499999999999,2,469.3,swap,notBad
14311,7,914.2499999999999,2,469.3,2opt,notBad
14312,7,914.2499999999999,2,469.3,swap,notBad
14313,7,914.2499999999999,2,469.3,2opt,improve
14314,7,914.2499999999999,2,469.3,2opt,notBad
14315,7,914.2499999999999,2,469.3,2opt,notBad
14316,7,914.2499999999999,2,469.3,2opt,improve
14317,7,914.2499999999999,2,469.3,swap,notBad
14318,7,914.2499999999999,2,469.3,swap,notBad
14319,7,914.2499999999999,2,469.3,2opt,notBad
14320,7,914.2499999999999,2,469.3,2opt,notBad
14321,7,914.2499999999999,2,469.3,move,improve
14322,7,914.2499999999999,2,469.3,move,improve
14323,7,914.2499999999999,2,469.3,move,improve
14324,7,914.2499999999999,2,469.3,move,improve
14325,7,914.2499999999999,2,469.3,swap,notBad
14326,7,914.2499999999999,2,469.3,2opt,notBad
14327,7,914.2499999999999,2,469.3,2opt,improve
14328,7,914.2499999999999,2,469.3,move,improve
14329,7,914.2499999999999,2,469.3,move,improve
14330,7,914.2499999999999,2,469.3,move,improve
14331,7,914.2499999999999,2,469.3,swap,notBad
14332,7,914.2499999999999,2,469.3,2opt,notBad
14333,7,914.2499999999999,2,469.3,2opt,notBad
14334,7,914.2499999999999,2,469.3,swap,notBad
14335,7,914.2499999999999,2,469.3,swap,notBad
14336,7,914.2499999999999,2,469.3,swap,notBad
14337,7,914.2499999999999,2,469.3,2opt,notBad
14338,7,914.2499999999999,2,469.3,move,improve
14339,7,914.2499999999999,2,469.3,move,improve
14340,7,914.2499999999999,2,469.3,move,improve
14341,7,914.2499999999999,2,469.3,move,improve
14342,7,914.2499999999999,2,469.3,2opt,notBad
14343,7,914.2499999999999,2,469.3,move,improve
14344,7,914.2499999999999,2,469.3,swap,notBad
14345,7,914.2499999999999,2,469.3,swap,notBad
14346,7,914.2499999999999,2,469.3,swap,notBad
14347,7,914.2499999999999,2,469.3,swap,notBad
14348,7,914.2499999999999,2,469.3,move,improve
14349,7,914.2499999999999,2,469.3,swap,notBad
14350,7,914.2499999999999,2,469.3,swap,notBad
14351,7,914.2499999999999,2,469.3,2opt,notBad
14352,7,914.2499999999999,2,469.3,move,improve
14353,7,914.2499999999999,2,469.3,2opt,notBad
14354,7,914.2499999999999,2,469.3,2opt,notBad
14355,7,914.2499999999999,2,469.3,2opt,notBad
14356,7,914.2499999999999,2,469.3,2opt,notBad
14357,7,914.2499999999999,2,469.3,2opt,notBad
14358,7,914.2499999999999,2,469.3,2opt,notBad
14359,7,914.2499999999999,2,469.3,2opt,notBad
14360,7,914.2499999999999,2,469.3,2opt,notBad
14361,7,914.2499999999999,2,469.3,move,improve
14362,7,914.2499999999999,2,469.3,2opt,notBad
14363,7,914.2499999999999,2,469.3,2opt,notBad
14364,7,914.2499999999999,2,469.3,swap,notBad
14365,7,914.2499999999999,2,469.3,2opt,notBad
14366,7,914.2499999999999,2,469.3,swap,notBad
14367,7,914.2499999999999,2,469.3,2opt,notBad
14368,7,914.2499999999999,2,469.3,2opt,notBad
14369,7,914.2499999999999,2,469.3,move,improve
14370,7,914.2499999999999,2,469.3,2opt,notBad
14371,7,914.2499999999999,2,469.3,2opt,notBad
14372,7,914.2499999999999,2,469.3,2opt,notBad
14373,7,914.2499999999999,2,469.3,swap,notBad
14374,7,914.2499999999999,2,469.3,swap,notBad
14375,7,914.2499999999999,2,469.3,move,improve
14376,7,914.2499999999999,2,469.3,2opt,notBad
14377,7,914.2499999999999,2,469.3,2opt,improve
14378,7,914.2499999999999,2,469.3,move,improve
14379,7,914.2499999999999,2,469.3,move,improve
14380,7,914.2499999999999,2,469.3,2opt,notBad
14381,7,914.2499999999999,2,469.3,move,improve
14382,7,914.2499999999999,2,469.3,swap,notBad
14383,7,914.2499999999999,2,469.3,2opt,notBad
14384,7,914.2499999999999,2,469.3,2opt,notBad
14385,7,914.2499999999999,2,469.3,2opt,notBad
14386,7,914.2499999999999,2,469.3,move,improve
14387,7,914.2499999999999,2,469.3,2opt,notBad
14388,7,914.2499999999999,2,469.3,swap,notBad
14389,7,914.2499999999999,2,469.3,swap,notBad
14390,7,914.2499999999999,2,469.3,move,improve
14391,7,914.2499999999999,2,469.3,swap,notBad
14392,7,914.2499999999999,2,469.3,2opt,notBad
14393,7,914.2499999999999,2,469.3,move,improve
14394,7,914.2499999999999,2,469.3,swap,notBad
14395,7,914.2499999999999,2,469.3,move,improve
14396,7,914.2499999999999,2,469.3,2opt,notBad
14397,7,914.2499999999999,2,469.3,2opt,notBad
14398,7,914.2499999999999,2,469.3,move,improve
14399,7,914.2499999999999,2,469.3,2opt,notBad
14400,7,914.2499999999999,2,469.3,2opt,notBad
14401,7,914.2499999999999,2,469.3,swap,notBad
14402,7,914.2499999999999,2,469.3,move,improve
14403,7,914.2499999999999,2,469.3,2opt,improve
14404,7,914.2499999999999,2,469.3,move,improve
14405,7,914.2499999999999,2,469.3,move,improve
14406,7,914.2499999999999,2,469.3,2opt,notBad
14407,7,914.2499999999999,2,469.3,move,improve
14408,7,914.2499999999999,2,469.3,swap,notBad
14409,7,914.2499999999999,2,469.3,2opt,improve
14410,7,914.2499999999999,2,469.3,swap,notBad
14411,7,914.2499999999999,2,469.3,swap,notBad
14412,7,914.2499999999999,2,469.3,swap,notBad
14413,7,914.2499999999999,2,469.3,2opt,notBad
14414,7,914.2499999999999,2,469.3,move,improve
14415,7,914.2499999999999,2,469.3,move,improve
14416,7,914.2499999999999,2,469.3,2opt,notBad
14417,7,914.2499999999999,2,469.3,swap,notBad
14418,7,914.2499999999999,2,469.3,2opt,improve
14419,7,914.2499999999999,2,469.3,2opt,notBad
14420,7,914.2499999999999,2,469.3,move,improve
14421,7,914.2499999999999,2,469.3,move,improve
14422,7,914.2499999999999,2,469.3,move,notBad
14423,7,914.2499999999999,2,469.3,swap,notBad
14424,7,914.2499999999999,2,469.3,swap,notBad
14425,7,914.2499999999999,2,469.3,2opt,notBad
14426,7,914.2499999999999,2,469.3,swap,notBad
14427,7,914.2499999999999,2,469.3,swap,notBad
14428,7,914.2499999999999,2,469.3,swap,notBad
14429,7,914.2499999999999,2,469.3,swap,notBad
14430,7,914.2499999999999,2,469.3,2opt,notBad
14431,7,914.2499999999999,2,469.3,2opt,notBad
14432,7,914.2499999999999,2,469.3,move,improve
14433,7,914.2499999999999,2,469.3,swap,notBad
14434,7,914.2499999999999,2,469.3,2opt,notBad
14435,7,914.2499999999999,2,469.3,swap,notBad
14436,7,914.2499999999999,2,469.3,swap,notBad
14437,7,914.2499999999999,2,469.3,2opt,notBad
14438,7,914.2499999999999,2,469.3,move,improve
14439,7,914.2499999999999,2,469.3,2opt,notBad
14440,7,914.2499999999999,2,469.3,2opt,notBad
14441,7,914.2499999999999,2,469.3,move,improve
14442,7,914.2499999999999,2,469.3,swap,notBad
14443,7,914.2499999999999,2,469.3,move,improve
14444,7,914.2499999999999,2,469.3,swap,notBad
14445,7,914.2499999999999,2,469.3,2opt,notBad
14446,7,914.2499999999999,2,469.3,2opt,notBad
14447,7,914.2499999999999,2,469.3,move,improve
14448,7,914.2499999999999,2,469.3,2opt,notBad
14449,7,914.2499999999999,2,469.3,swap,notBad
14450,7,914.2499999999999,2,469.3,2opt,notBad
14451,7,914.2499999999999,2,469.3,2opt,notBad
14452,7,914.2499999999999,2,469.3,2opt,notBad
14453,7,914.2499999999999,2,469.3,swap,notBad
14454,7,914.2499999999999,2,469.3,swap,notBad
14455,7,914.2499999999999,2,469.3,swap,notBad
14456,7,914.2499999999999,2,469.3,move,improve
14457,7,914.2499999999999,2,469.3,move,improve
14458,7,914.2499999999999,2,469.3,swap,notBad
14459,7,914.2499999999999,2,469.3,2opt,notBad
14460,7,914.2499999999999,2,469.3,swap,notBad
14461,7,914.2499999999999,2,469.3,move,notBad
14462,7,914.2499999999999,2,469.3,swap,notBad
14463,7,914.2499999999999,2,469.3,swap,notBad
14464,7,914.2499999999999,2,469.3,move,improve
14465,7,914.2499999999999,2,469.3,2opt,notBad
14466,7,914.2499999999999,2,469.3,swap,notBad
14467,7,914.2499999999999,2,469.3,swap,notBad
14468,7,914.2499999999999,2,469.3,2opt,notBad
14469,7,914.2499999999999,2,469.3,swap,notBad
14470,7,914.2499999999999,2,469.3,move,improve
14471,7,914.2499999999999,2,469.3,swap,notBad
14472,7,914.2499999999999,2,469.3,move,improve
14473,7,914.2499999999999,2,469.3,move,improve
14474,7,914.2499999999999,2,469.3,move,improve
14475,7,914.2499999999999,2,469.3,2opt,notBad
14476,7,914.2499999999999,2,469.3,2opt,notBad
14477,7,914.2499999999999,2,469.3,swap,notBad
14478,7,914.2499999999999,2,469.3,move,improve
14479,7,914.2499999999999,2,469.3,swap,notBad
14480,7,914.2499999999999,2,469.3,move,improve
14481,7,914.2499999999999,2,469.3,2opt,notBad
14482,7,914.2499999999999,2,469.3,swap,notBad
14483,7,914.2499999999999,2,469.3,swap,notBad
14484,7,914.2499999999999,2,469.3,move,improve
14485,7,914.2499999999999,2,469.3,move,improve
14486,7,914.2499999999999,2,469.3,swap,notBad
14487,7,914.2499999999999,2,469.3,move,improve
14488,7,914.2499999999999,2,469.3,2opt,notBad
14489,7,914.2499999999999,2,469.3,swap,notBad
14490,7,914.2499999999999,2,469.3,move,improve
14491,7,914.2499999999999,2,469.3,swap,notBad
14492,7,914.2499999999999,2,469.3,move,improve
14493,7,914.2499999999999,2,469.3,swap,notBad
14494,7,914.2499999999999,2,469.3,2opt,notBad
14495,7,914.2499999999999,2,469.3,2opt,notBad
14496,7,914.2499999999999,2,469.3,swap,notBad
14497,7,914.2499999999999,2,469.3,swap,notBad
14498,7,914.2499999999999,2,469.3,swap,notBad
14499,7,914.2499999999999,2,469.3,swap,notBad
14500,7,914.2499999999999,2,469.3,swap,notBad
14501,7,914.2499999999999,2,469.3,move,notBad
14502,7,914.2499999999999,2,469.3,move,improve
14503,7,914.2499999999999,2,469.3,swap,notBad
14504,7,914.2499999999999,2,469.3,swap,notBad
14505,7,914.2499999999999,2,469.3,2opt,notBad
14506,7,914.2499999999999,2,469.3,move,improve
14507,7,914.2499999999999,2,469.3,2opt,notBad
14508,7,914.2499999999999,2,469.3,move,improve
14509,7,914.2499999999999,2,469.3,swap,notBad
14510,7,914.2499999999999,2,469.3,2opt,notBad
14511,7,914.2499999999999,2,469.3,2opt,notBad
14512,7,914.2499999999999,2,469.3,swap,notBad
14513,7,914.2499999999999,2,469.3,swap,notBad
14514,7,914.2499999999999,2,469.3,swap,notBad
14515,7,914.2499999999999,2,469.3,swap,notBad
14516,7,914.2499999999999,2,469.3,2opt,improve
14517,7,914.2499999999999,2,469.3,move,improve
14518,7,914.2499999999999,2,469.3,swap,notBad
14519,7,914.2499999999999,2,469.3,2opt,notBad
14520,7,914.2499999999999,2,469.3,swap,notBad
14521,7,914.2499999999999,2,469.3,2opt,notBad
14522,7,914.2499999999999,2,469.3,swap,notBad
14523,7,914.2499999999999,2,469.3,move,improve
14524,7,914.2499999999999,2,469.3,move,improve
14525,7,914.2499999999999,2,469.3,swap,notBad
14526,7,914.2499999999999,2,469.3,2opt,notBad
14527,7,914.2499999999999,2,469.3,swap,notBad
14528,7,914.2499999999999,2,469.3,move,improve
14529,7,914.2499999999999,2,469.3,2opt,notBad
14530,7,914.2499999999999,2,469.3,move,improve
14531,7,914.2499999999999,2,469.3,swap,notBad
14532,7,914.2499999999999,2,469.3,move,improve
14533,7,914.2499999999999,2,469.3,2opt,notBad
14534,7,914.2499999999999,2,469.3,move,improve
14535,7,914.2499999999999,2,469.3,2opt,notBad
14536,7,914.2499999999999,2,469.3,swap,notBad
14537,7,914.2499999999999,2,469.3,move,improve
14538,7,914.2499999999999,2,469.3,swap,notBad
14539,7,914.2499999999999,2,469.3,move,improve
14540,7,914.2499999999999,2,469.3,swap,notBad
14541,7,914.2499999999999,2,469.3,move,improve
14542,7,914.2499999999999,2,469.3,2opt,notBad
14543,7,914.2499999999999,2,469.3,move,improve
14544,7,914.2499999999999,2,469.3,swap,notBad
14545,7,914.2499999999999,2,469.3,2opt,notBad
14546,7,914.2499999999999,2,469.3,swap,notBad
14547,7,914.2499999999999,2,469.3,swap,notBad
14548,7,914.2499999999999,2,469.3,move,improve
14549,7,914.2499999999999,2,469.3,2opt,notBad
14550,7,914.2499999999999,2,469.3,swap,notBad
14551,7,914.2499999999999,2,469.3,move,improve
14552,7,914.2499999999999,2,469.3,swap,notBad
14553,7,914.2499999999999,2,469.3,2opt,notBad
14554,7,914.2499999999999,2,469.3,swap,notBad
14555,7,914.2499999999999,2,469.3,move,improve
14556,7,914.2499999999999,2,469.3,move,improve
14557,7,914.2499999999999,2,469.3,move,improve
14558,7,914.2499999999999,2,469.3,2opt,notBad
14559,7,914.2499999999999,2,469.3,2opt,notBad
14560,7,914.2499999999999,2,469.3,move,improve
14561,7,914.2499999999999,2,469.3,move,improve
14562,7,914.2499999999999,2,469.3,2opt,notBad
14563,7,914.2499999999999,2,469.3,2opt,improve
14564,7,914.2499999999999,2,469.3,swap,notBad
14565,7,914.2499999999999,2,469.3,move,improve
14566,7,914.2499999999999,2,469.3,move,improve
14567,7,914.2499999999999,2,469.3,2opt,notBad
14568,7,914.2499999999999,2,469.3,2opt,notBad
14569,7,914.2499999999999,2,469.3,move,improve
14570,7,914.2499999999999,2,469.3,swap,notBad
14571,7,914.2499999999999,2,469.3,2opt,improve
14572,7,914.2499999999999,2,469.3,swap,notBad
14573,7,914.2499999999999,2,469.3,swap,notBad
14574,7,914.2499999999999,2,469.3,swap,notBad
14575,7,914.2499999999999,2,469.3,swap,notBad
14576,7,914.2499999999999,2,469.3,2opt,notBad
14577,7,914.2499999999999,2,469.3,move,improve
14578,7,914.2499999999999,2,469.3,move,improve
14579,7,914.2499999999999,2,469.3,move,improve
14580,7,914.2499999999999,2,469.3,swap,notBad
14581,7,914.2499999999999,2,469.3,2opt,notBad
14582,7,914.2499999999999,2,469.3,2opt,notBad
14583,7,914.2499999999999,2,469.3,move,improve
14584,7,914.2499999999999,2,469.3,move,improve
14585,7,914.2499999999999,2,469.3,move,improve
14586,7,914.2499999999999,2,469.3,2opt,notBad
14587,7,914.2499999999999,2,469.3,move,improve
14588,7,914.2499999999999,2,469.3,2opt,notBad
14589,7,914.2499999999999,2,469.3,2opt,notBad
14590,7,914.2499999999999,2,469.3,swap,notBad
14591,7,914.2499999999999,2,469.3,swap,notBad
14592,7,914.2499999999999,2,469.3,swap,notBad
14593,7,914.2499999999999,2,469.3,swap,notBad
14594,7,914.2499999999999,2,469.3,swap,notBad
14595,7,914.2499999999999,2,469.3,move,notBad
14596,7,914.2499999999999,2,469.3,2opt,notBad
14597,7,914.2499999999999,2,469.3,2opt,notBad
14598,7,914.2499999999999,2,469.3,2opt,improve
14599,7,914.2499999999999,2,469.3,swap,notBad
14600,7,914.2499999999999,2,469.3,2opt,notBad
14601,7,914.2499999999999,2,469.3,move,improve
14602,7,914.2499999999999,2,469.3,swap,notBad
14603,7,914.2499999999999,2,469.3,2opt,notBad
14604,7,914.2499999999999,2,469.3,swap,notBad
14605,7,914.2499999999999,2,469.3,2opt,notBad
14606,7,914.2499999999999,2,469.3,move,improve
